1.902712120131379692e+00,-6.133293079777725199e-01,-0.000000000000000000e+00,-0.000000000000000000e+00,-3.094099193990667435e-02,0.000000000000000000e+00,0.000000000000000000e+00,0.000000000000000000e+00,-1.885176176104976786e-01,-0.000000000000000000e+00,0.000000000000000000e+00,-0.000000000000000000e+00,0.000000000000000000e+00,0.000000000000000000e+00,-1.669196470527793130e-01,-0.000000000000000000e+00,0.000000000000000000e+00,0.000000000000000000e+00,0.000000000000000000e+00,-7.074964997125966770e-02,0.000000000000000000e+00,0.000000000000000000e+00,0.000000000000000000e+00,0.000000000000000000e+00,-0.000000000000000000e+00,-3.740230812873486244e-01,0.000000000000000000e+00,-0.000000000000000000e+00,-0.000000000000000000e+00,-0.000000000000000000e+00,0.000000000000000000e+00,-0.000000000000000000e+00,0.000000000000000000e+00,-1.168727265390002990e-01,0.000000000000000000e+00,-0.000000000000000000e+00,0.000000000000000000e+00,-4.397469315508760190e-01,-6.513774824913248773e-02
-6.133293079777725199e-01,1.949919913244443803e+00,-0.000000000000000000e+00,-0.000000000000000000e+00,-4.304990902770765987e-02,0.000000000000000000e+00,0.000000000000000000e+00,0.000000000000000000e+00,-1.400231330463462265e-01,-2.298230190588468613e-01,0.000000000000000000e+00,-2.450822256718495143e-02,0.000000000000000000e+00,-0.000000000000000000e+00,-0.000000000000000000e+00,-1.701730858081079156e-01,0.000000000000000000e+00,-0.000000000000000000e+00,-0.000000000000000000e+00,-0.000000000000000000e+00,0.000000000000000000e+00,0.000000000000000000e+00,0.000000000000000000e+00,0.000000000000000000e+00,-0.000000000000000000e+00,-0.000000000000000000e+00,0.000000000000000000e+00,-0.000000000000000000e+00,-0.000000000000000000e+00,-0.000000000000000000e+00,0.000000000000000000e+00,-0.000000000000000000e+00,0.000000000000000000e+00,-3.266968752510084339e-01,0.000000000000000000e+00,-3.274514114400994824e-02,0.000000000000000000e+00,-1.253782523032959118e-01,-2.398659831665136966e-01
-0.000000000000000000e+00,-0.000000000000000000e+00,2.060601527577494263e+00,-0.000000000000000000e+00,-2.962512367411888059e-01,-0.000000000000000000e+00,-0.000000000000000000e+00,5.593531284493826750e-01,-0.000000000000000000e+00,-1.788795309789113219e-01,0.000000000000000000e+00,-0.000000000000000000e+00,0.000000000000000000e+00,-9.976327860075338838e-02,0.000000000000000000e+00,-3.923273020170388314e-02,-0.000000000000000000e+00,-2.829790553239636131e-01,-2.208183530799932015e-01,-0.000000000000000000e+00,-4.612915028216269669e-02,-2.245179666071728600e-02,-0.000000000000000000e+00,-0.000000000000000000e+00,-0.000000000000000000e+00,-0.000000000000000000e+00,-0.000000000000000000e+00,-0.000000000000000000e+00,-0.000000000000000000e+00,-1.886151290088186605e-01,-2.740284874194972575e-01,-0.000000000000000000e+00,-0.000000000000000000e+00,-0.000000000000000000e+00,-0.000000000000000000e+00,-0.000000000000000000e+00,-0.000000000000000000e+00,-0.000000000000000000e+00,-0.000000000000000000e+00
-0.000000000000000000e+00,-0.000000000000000000e+00,-0.000000000000000000e+00,1.213723473869760872e+00,-4.635844020063974863e-02,-0.000000000000000000e+00,-1.435163604314741159e-01,0.000000000000000000e+00,-3.703607952397707653e-02,-0.000000000000000000e+00,-0.000000000000000000e+00,0.000000000000000000e+00,-0.000000000000000000e+00,-7.508066945428280847e-02,0.000000000000000000e+00,-0.000000000000000000e+00,0.000000000000000000e+00,-2.637041553174286970e-02,-0.000000000000000000e+00,0.000000000000000000e+00,-0.000000000000000000e+00,-0.000000000000000000e+00,-0.000000000000000000e+00,-1.015035247218082533e-02,-0.000000000000000000e+00,-0.000000000000000000e+00,-0.000000000000000000e+00,-3.151572315977232419e-01,-3.739601381054268731e-02,-0.000000000000000000e+00,-0.000000000000000000e+00,-0.000000000000000000e+00,-0.000000000000000000e+00,-0.000000000000000000e+00,-0.000000000000000000e+00,0.000000000000000000e+00,-0.000000000000000000e+00,0.000000000000000000e+00,0.000000000000000000e+00
-3.094099193990667435e-02,-4.304990902770765987e-02,-2.962512367411888059e-01,-4.635844020063974863e-02,1.962970340923091195e+00,-0.000000000000000000e+00,-0.000000000000000000e+00,4.208381790839995640e-01,-3.235121526124528635e-01,-1.275585781002495922e-01,0.000000000000000000e+00,-0.000000000000000000e+00,-0.000000000000000000e+00,-0.000000000000000000e+00,0.000000000000000000e+00,-3.365728087073548147e-02,-0.000000000000000000e+00,-1.385185809961659020e-01,-0.000000000000000000e+00,-0.000000000000000000e+00,-0.000000000000000000e+00,-0.000000000000000000e+00,-0.000000000000000000e+00,-0.000000000000000000e+00,-0.000000000000000000e+00,-0.000000000000000000e+00,-0.000000000000000000e+00,-0.000000000000000000e+00,-0.000000000000000000e+00,-3.382149946233883320e-01,-0.000000000000000000e+00,-0.000000000000000000e+00,-0.000000000000000000e+00,-2.521498154542890502e-01,-0.000000000000000000e+00,-0.000000000000000000e+00,-0.000000000000000000e+00,-0.000000000000000000e+00,-0.000000000000000000e+00
0.000000000000000000e+00,0.000000000000000000e+00,-0.000000000000000000e+00,-0.000000000000000000e+00,-0.000000000000000000e+00,2.485916854370676443e+00,-0.000000000000000000e+00,0.000000000000000000e+00,-0.000000000000000000e+00,0.000000000000000000e+00,0.000000000000000000e+00,1.488054097062357917e-01,-2.586312293312570745e-02,-0.000000000000000000e+00,0.000000000000000000e+00,0.000000000000000000e+00,0.000000000000000000e+00,-0.000000000000000000e+00,0.000000000000000000e+00,-0.000000000000000000e+00,-0.000000000000000000e+00,-4.615617505286528227e-02,-6.906302050023147565e-01,-4.834053132410131015e-01,-1.655453327686075005e-01,-0.000000000000000000e+00,-0.000000000000000000e+00,-0.000000000000000000e+00,-7.947947064801763606e-02,-0.000000000000000000e+00,-0.000000000000000000e+00,-0.000000000000000000e+00,-3.126308327447888807e-02,1.227798663109533062e-01,-2.064852919307552936e-01,1.303362385879743846e-01,-4.509457415317005280e-01,0.000000000000000000e+00,0.000000000000000000e+00
0.000000000000000000e+00,0.000000000000000000e+00,-0.000000000000000000e+00,-1.435163604314741159e-01,-0.000000000000000000e+00,-0.000000000000000000e+00,1.958729427547895696e+00,0.000000000000000000e+00,-9.789691719844839657e-02,-0.000000000000000000e+00,-0.000000000000000000e+00,1.469254099300965760e-02,-1.267212571901883515e-02,-0.000000000000000000e+00,3.847606853506206903e-01,-0.000000000000000000e+00,-0.000000000000000000e+00,-2.740530995054187707e-02,-0.000000000000000000e+00,9.885857360011874109e-03,-6.176677872229772159e-01,-0.000000000000000000e+00,-0.000000000000000000e+00,-0.000000000000000000e+00,-0.000000000000000000e+00,0.000000000000000000e+00,-4.799901102986548485e-01,-4.110953557493141758e-02,-0.000000000000000000e+00,-0.000000000000000000e+00,-1.290719281508929395e-01,0.000000000000000000e+00,-0.000000000000000000e+00,0.000000000000000000e+00,-0.000000000000000000e+00,0.000000000000000000e+00,-1.649228527823148448e-03,0.000000000000000000e+00,-0.000000000000000000e+00
0.000000000000000000e+00,0.000000000000000000e+00,5.593531284493826750e-01,0.000000000000000000e+00,4.208381790839995640e-01,0.000000000000000000e+00,0.000000000000000000e+00,1.712238762640885703e+00,0.000000000000000000e+00,1.346343733470659609e-01,-0.000000000000000000e+00,-0.000000000000000000e+00,-0.000000000000000000e+00,0.000000000000000000e+00,-0.000000000000000000e+00,0.000000000000000000e+00,-0.000000000000000000e+00,2.088815127730262941e-02,0.000000000000000000e+00,0.000000000000000000e+00,0.000000000000000000e+00,0.000000000000000000e+00,0.000000000000000000e+00,0.000000000000000000e+00,0.000000000000000000e+00,4.559253453149267332e-02,0.000000000000000000e+00,0.000000000000000000e+00,0.000000000000000000e+00,0.000000000000000000e+00,0.000000000000000000e+00,-0.000000000000000000e+00,0.000000000000000000e+00,4.610313744157561872e-02,0.000000000000000000e+00,0.000000000000000000e+00,0.000000000000000000e+00,0.000000000000000000e+00,2.046971736671489572e-01
-1.885176176104976786e-01,-1.400231330463462265e-01,-0.000000000000000000e+00,-3.703607952397707653e-02,-3.235121526124528635e-01,-0.000000000000000000e+00,-9.789691719844839657e-02,0.000000000000000000e+00,1.702552668383857659e+00,-1.446917134509636271e-01,0.000000000000000000e+00,0.000000000000000000e+00,-0.000000000000000000e+00,-2.204717390207804571e-03,0.000000000000000000e+00,-0.000000000000000000e+00,0.000000000000000000e+00,-0.000000000000000000e+00,-0.000000000000000000e+00,-0.000000000000000000e+00,-0.000000000000000000e+00,-0.000000000000000000e+00,-0.000000000000000000e+00,-0.000000000000000000e+00,-9.890638894228633016e-02,-1.513141956464173453e-02,-0.000000000000000000e+00,-2.134199036458404308e-01,-2.205278375563810844e-01,-1.000551358177735606e-01,-0.000000000000000000e+00,-0.000000000000000000e+00,-0.000000000000000000e+00,-0.000000000000000000e+00,-0.000000000000000000e+00,0.000000000000000000e+00,-0.000000000000000000e+00,-0.000000000000000000e+00,-1.441619475579799248e-01
-0.000000000000000000e+00,-2.298230190588468613e-01,-1.788795309789113219e-01,-0.000000000000000000e+00,-1.275585781002495922e-01,0.000000000000000000e+00,-0.000000000000000000e+00,1.346343733470659609e-01,-1.446917134509636271e-01,2.261607883565265098e+00,0.000000000000000000e+00,-0.000000000000000000e+00,0.000000000000000000e+00,-0.000000000000000000e+00,-0.000000000000000000e+00,-4.787644721333059739e-01,-0.000000000000000000e+00,-0.000000000000000000e+00,-1.156432191268649962e-01,-0.000000000000000000e+00,-0.000000000000000000e+00,-0.000000000000000000e+00,-0.000000000000000000e+00,-0.000000000000000000e+00,-1.009848081221333543e-01,-0.000000000000000000e+00,-0.000000000000000000e+00,-0.000000000000000000e+00,-0.000000000000000000e+00,-3.948348240667555187e-01,-0.000000000000000000e+00,0.000000000000000000e+00,-0.000000000000000000e+00,-0.000000000000000000e+00,-0.000000000000000000e+00,-0.000000000000000000e+00,-0.000000000000000000e+00,-0.000000000000000000e+00,-5.296169460237299953e-01
0.000000000000000000e+00,0.000000000000000000e+00,0.000000000000000000e+00,-0.000000000000000000e+00,0.000000000000000000e+00,0.000000000000000000e+00,-0.000000000000000000e+00,-0.000000000000000000e+00,0.000000000000000000e+00,0.000000000000000000e+00,1.431992056859775486e+00,-0.000000000000000000e+00,-2.354889581513796293e-01,0.000000000000000000e+00,0.000000000000000000e+00,0.000000000000000000e+00,-6.984404915522800517e-01,0.000000000000000000e+00,0.000000000000000000e+00,-0.000000000000000000e+00,-0.000000000000000000e+00,-1.026330140385082329e-01,0.000000000000000000e+00,0.000000000000000000e+00,0.000000000000000000e+00,0.000000000000000000e+00,0.000000000000000000e+00,0.000000000000000000e+00,-0.000000000000000000e+00,0.000000000000000000e+00,0.000000000000000000e+00,-0.000000000000000000e+00,-0.000000000000000000e+00,0.000000000000000000e+00,0.000000000000000000e+00,-0.000000000000000000e+00,0.000000000000000000e+00,0.000000000000000000e+00,0.000000000000000000e+00
-0.000000000000000000e+00,-2.450822256718495143e-02,-0.000000000000000000e+00,0.000000000000000000e+00,-0.000000000000000000e+00,1.488054097062357917e-01,1.469254099300965760e-02,-0.000000000000000000e+00,0.000000000000000000e+00,-0.000000000000000000e+00,-0.000000000000000000e+00,1.794238267470505965e+00,0.000000000000000000e+00,0.000000000000000000e+00,-6.532048023535534931e-01,-6.146943719477286627e-02,-0.000000000000000000e+00,0.000000000000000000e+00,-7.501981731505145967e-03,-0.000000000000000000e+00,0.000000000000000000e+00,0.000000000000000000e+00,1.394418180324036999e-02,9.537076021148348237e-02,0.000000000000000000e+00,-0.000000000000000000e+00,0.000000000000000000e+00,0.000000000000000000e+00,0.000000000000000000e+00,-0.000000000000000000e+00,0.000000000000000000e+00,0.000000000000000000e+00,0.000000000000000000e+00,-2.887871716192316751e-01,0.000000000000000000e+00,-3.532015610986418697e-01,0.000000000000000000e+00,-0.000000000000000000e+00,-0.000000000000000000e+00
0.000000000000000000e+00,0.000000000000000000e+00,0.000000000000000000e+00,-0.000000000000000000e+00,-0.000000000000000000e+00,-2.586312293312570745e-02,-1.267212571901883515e-02,-0.000000000000000000e+00,-0.000000000000000000e+00,0.000000000000000000e+00,-2.354889581513796293e-01,0.000000000000000000e+00,1.222917729468790293e+00,-0.000000000000000000e+00,0.000000000000000000e+00,0.000000000000000000e+00,-1.545513915361719504e-02,0.000000000000000000e+00,0.000000000000000000e+00,-0.000000000000000000e+00,-0.000000000000000000e+00,-1.943148246932907552e-01,-0.000000000000000000e+00,-0.000000000000000000e+00,-0.000000000000000000e+00,0.000000000000000000e+00,-0.000000000000000000e+00,-0.000000000000000000e+00,-0.000000000000000000e+00,-0.000000000000000000e+00,-0.000000000000000000e+00,-0.000000000000000000e+00,-1.719859642010196921e-01,8.505313971453613842e-02,-0.000000000000000000e+00,0.000000000000000000e+00,-1.250437814973491268e-01,0.000000000000000000e+00,0.000000000000000000e+00
0.000000000000000000e+00,-0.000000000000000000e+00,-9.976327860075338838e-02,-7.508066945428280847e-02,-0.000000000000000000e+00,-0.000000000000000000e+00,-0.000000000000000000e+00,0.000000000000000000e+00,-2.204717390207804571e-03,-0.000000000000000000e+00,0.000000000000000000e+00,0.000000000000000000e+00,-0.000000000000000000e+00,2.106669967995070891e+00,0.000000000000000000e+00,-0.000000000000000000e+00,-0.000000000000000000e+00,-0.000000000000000000e+00,-0.000000000000000000e+00,-0.000000000000000000e+00,-0.000000000000000000e+00,-6.108986335219047242e-02,-0.000000000000000000e+00,-5.750929533870373367e-02,-3.173888078767413412e-01,-0.000000000000000000e+00,-1.162322798195877249e-01,-1.427203358859466531e-01,-1.038105613363343727e-01,-1.479493380305521855e-01,-1.667878468159547101e-01,-0.000000000000000000e+00,-5.092124572059766319e-01,0.000000000000000000e+00,-2.021945839099480724e-01,0.000000000000000000e+00,-1.448146459020562271e-01,0.000000000000000000e+00,-0.000000000000000000e+00
-1.669196470527793130e-01,-0.000000000000000000e+00,0.000000000000000000e+00,0.000000000000000000e+00,0.000000000000000000e+00,0.000000000000000000e+00,3.847606853506206903e-01,-0.000000000000000000e+00,0.000000000000000000e+00,-0.000000000000000000e+00,0.000000000000000000e+00,-6.532048023535534931e-01,0.000000000000000000e+00,0.000000000000000000e+00,2.017467455341712679e+00,-0.000000000000000000e+00,0.000000000000000000e+00,0.000000000000000000e+00,-0.000000000000000000e+00,-4.253283282857620029e-02,2.249254320686581710e-01,0.000000000000000000e+00,0.000000000000000000e+00,2.054581665084247721e-01,0.000000000000000000e+00,-0.000000000000000000e+00,0.000000000000000000e+00,0.000000000000000000e+00,0.000000000000000000e+00,-0.000000000000000000e+00,0.000000000000000000e+00,-0.000000000000000000e+00,0.000000000000000000e+00,-1.117040604543665244e-01,0.000000000000000000e+00,-3.748835145461047458e-01,8.200937278813015541e-02,-0.000000000000000000e+00,-0.000000000000000000e+00
-0.000000000000000000e+00,-1.701730858081079156e-01,-3.923273020170388314e-02,-0.000000000000000000e+00,-3.365728087073548147e-02,0.000000000000000000e+00,-0.000000000000000000e+00,0.000000000000000000e+00,-0.000000000000000000e+00,-4.787644721333059739e-01,0.000000000000000000e+00,-6.146943719477286627e-02,0.000000000000000000e+00,-0.000000000000000000e+00,-0.000000000000000000e+00,1.875418944212627448e+00,-0.000000000000000000e+00,-0.000000000000000000e+00,-2.742190999747364799e-01,-0.000000000000000000e+00,-0.000000000000000000e+00,0.000000000000000000e+00,0.000000000000000000e+00,0.000000000000000000e+00,-0.000000000000000000e+00,-0.000000000000000000e+00,-0.000000000000000000e+00,0.000000000000000000e+00,0.000000000000000000e+00,-1.414018967346643285e-01,-0.000000000000000000e+00,0.000000000000000000e+00,-0.000000000000000000e+00,-5.245131585014982667e-01,0.000000000000000000e+00,-9.170408544012291496e-03,0.000000000000000000e+00,-3.591506103782983461e-02,-8.612935730834017645e-02
0.000000000000000000e+00,0.000000000000000000e+00,-0.000000000000000000e+00,0.000000000000000000e+00,-0.000000000000000000e+00,0.000000000000000000e+00,-0.000000000000000000e+00,-0.000000000000000000e+00,0.000000000000000000e+00,-0.000000000000000000e+00,-6.984404915522800517e-01,-0.000000000000000000e+00,-1.545513915361719504e-02,-0.000000000000000000e+00,0.000000000000000000e+00,-0.000000000000000000e+00,1.368238182856228446e+00,-0.000000000000000000e+00,-0.000000000000000000e+00,-0.000000000000000000e+00,-0.000000000000000000e+00,-0.000000000000000000e+00,0.000000000000000000e+00,0.000000000000000000e+00,0.000000000000000000e+00,1.058885584121498497e-01,-0.000000000000000000e+00,0.000000000000000000e+00,0.000000000000000000e+00,-0.000000000000000000e+00,-0.000000000000000000e+00,-0.000000000000000000e+00,-0.000000000000000000e+00,0.000000000000000000e+00,0.000000000000000000e+00,-0.000000000000000000e+00,0.000000000000000000e+00,0.000000000000000000e+00,0.000000000000000000e+00
0.000000000000000000e+00,-0.000000000000000000e+00,-2.829790553239636131e-01,-2.637041553174286970e-02,-1.385185809961659020e-01,-0.000000000000000000e+00,-2.740530995054187707e-02,2.088815127730262941e-02,-0.000000000000000000e+00,-0.000000000000000000e+00,0.000000000000000000e+00,0.000000000000000000e+00,0.000000000000000000e+00,-0.000000000000000000e+00,0.000000000000000000e+00,-0.000000000000000000e+00,-0.000000000000000000e+00,1.733378461053554309e+00,-4.988538356323612422e-01,0.000000000000000000e+00,-3.140132061289058751e-01,-0.000000000000000000e+00,-0.000000000000000000e+00,-0.000000000000000000e+00,-0.000000000000000000e+00,0.000000000000000000e+00,-0.000000000000000000e+00,-0.000000000000000000e+00,0.000000000000000000e+00,-0.000000000000000000e+00,-3.183075952832056243e-01,0.000000000000000000e+00,-0.000000000000000000e+00,-0.000000000000000000e+00,0.000000000000000000e+00,0.000000000000000000e+00,-0.000000000000000000e+00,0.000000000000000000e+00,-0.000000000000000000e+00
0.000000000000000000e+00,-0.000000000000000000e+00,-2.208183530799932015e-01,-0.000000000000000000e+00,-0.000000000000000000e+00,0.000000000000000000e+00,-0.000000000000000000e+00,0.000000000000000000e+00,-0.000000000000000000e+00,-1.156432191268649962e-01,0.000000000000000000e+00,-7.501981731505145967e-03,0.000000000000000000e+00,-0.000000000000000000e+00,-0.000000000000000000e+00,-2.742190999747364799e-01,-0.000000000000000000e+00,-4.988538356323612422e-01,1.504678031629395729e+00,0.000000000000000000e+00,-0.000000000000000000e+00,-0.000000000000000000e+00,0.000000000000000000e+00,0.000000000000000000e+00,-0.000000000000000000e+00,-0.000000000000000000e+00,-0.000000000000000000e+00,-0.000000000000000000e+00,0.000000000000000000e+00,-0.000000000000000000e+00,-0.000000000000000000e+00,0.000000000000000000e+00,-0.000000000000000000e+00,-7.725304418372919146e-02,0.000000000000000000e+00,-0.000000000000000000e+00,0.000000000000000000e+00,-0.000000000000000000e+00,-0.000000000000000000e+00
-7.074964997125966770e-02,-0.000000000000000000e+00,-0.000000000000000000e+00,0.000000000000000000e+00,-0.000000000000000000e+00,-0.000000000000000000e+00,9.885857360011874109e-03,0.000000000000000000e+00,-0.000000000000000000e+00,-0.000000000000000000e+00,-0.000000000000000000e+00,-0.000000000000000000e+00,-0.000000000000000000e+00,-0.000000000000000000e+00,-4.253283282857620029e-02,-0.000000000000000000e+00,-0.000000000000000000e+00,0.000000000000000000e+00,0.000000000000000000e+00,1.218598719716254442e+00,2.103566493134041704e-01,-1.150693124492887243e-01,0.000000000000000000e+00,0.000000000000000000e+00,-0.000000000000000000e+00,-0.000000000000000000e+00,0.000000000000000000e+00,0.000000000000000000e+00,-0.000000000000000000e+00,-0.000000000000000000e+00,0.000000000000000000e+00,-3.371901942745697545e-01,-0.000000000000000000e+00,-0.000000000000000000e+00,-0.000000000000000000e+00,-2.053705137838409134e-01,0.000000000000000000e+00,-0.000000000000000000e+00,-0.000000000000000000e+00
0.000000000000000000e+00,0.000000000000000000e+00,-4.612915028216269669e-02,-0.000000000000000000e+00,-0.000000000000000000e+00,-0.000000000000000000e+00,-6.176677872229772159e-01,0.000000000000000000e+00,-0.000000000000000000e+00,-0.000000000000000000e+00,-0.000000000000000000e+00,0.000000000000000000e+00,-0.000000000000000000e+00,-0.000000000000000000e+00,2.249254320686581710e-01,-0.000000000000000000e+00,-0.000000000000000000e+00,-3.140132061289058751e-01,-0.000000000000000000e+00,2.103566493134041704e-01,1.993486823634752048e+00,-0.000000000000000000e+00,-0.000000000000000000e+00,-0.000000000000000000e+00,-0.000000000000000000e+00,0.000000000000000000e+00,-8.014589104785305174e-02,-0.000000000000000000e+00,0.000000000000000000e+00,-0.000000000000000000e+00,-5.572504855205212548e-01,0.000000000000000000e+00,-0.000000000000000000e+00,0.000000000000000000e+00,-0.000000000000000000e+00,0.000000000000000000e+00,-0.000000000000000000e+00,3.588331280492574465e-02,0.000000000000000000e+00
0.000000000000000000e+00,0.000000000000000000e+00,-2.245179666071728600e-02,-0.000000000000000000e+00,-0.000000000000000000e+00,-4.615617505286528227e-02,-0.000000000000000000e+00,0.000000000000000000e+00,-0.000000000000000000e+00,-0.000000000000000000e+00,-1.026330140385082329e-01,0.000000000000000000e+00,-1.943148246932907552e-01,-6.108986335219047242e-02,0.000000000000000000e+00,0.000000000000000000e+00,-0.000000000000000000e+00,-0.000000000000000000e+00,-0.000000000000000000e+00,-1.150693124492887243e-01,-0.000000000000000000e+00,1.418594832285499985e+00,-0.000000000000000000e+00,-0.000000000000000000e+00,-0.000000000000000000e+00,-0.000000000000000000e+00,-4.611014941409509460e-02,-0.000000000000000000e+00,-1.612356297969690100e-01,-0.000000000000000000e+00,-0.000000000000000000e+00,-2.425517552809580701e-01,-2.550964198936985228e-01,0.000000000000000000e+00,-0.000000000000000000e+00,0.000000000000000000e+00,-1.565641221727172641e-02,0.000000000000000000e+00,-0.000000000000000000e+00
0.000000000000000000e+00,0.000000000000000000e+00,-0.000000000000000000e+00,-0.000000000000000000e+00,-0.000000000000000000e+00,-6.906302050023147565e-01,-0.000000000000000000e+00,0.000000000000000000e+00,-0.000000000000000000e+00,-0.000000000000000000e+00,0.000000000000000000e+00,1.394418180324036999e-02,-0.000000000000000000e+00,-0.000000000000000000e+00,0.000000000000000000e+00,0.000000000000000000e+00,0.000000000000000000e+00,-0.000000000000000000e+00,0.000000000000000000e+00,0.000000000000000000e+00,-0.000000000000000000e+00,-0.000000000000000000e+00,2.690006573003245194e+00,-5.489357982040183881e-01,-3.099658679209972290e-01,-0.000000000000000000e+00,-7.874124403064969302e-02,-0.000000000000000000e+00,-1.221884285926258806e-01,-0.000000000000000000e+00,-0.000000000000000000e+00,-0.000000000000000000e+00,-1.924908673241697010e-01,0.000000000000000000e+00,-2.347565517163844873e-01,9.625487253107171959e-02,-4.125106661598204050e-01,0.000000000000000000e+00,-0.000000000000000000e+00
0.000000000000000000e+00,0.000000000000000000e+00,-0.000000000000000000e+00,-1.015035247218082533e-02,-0.000000000000000000e+00,-4.834053132410131015e-01,-0.000000000000000000e+00,0.000000000000000000e+00,-0.000000000000000000e+00,-0.000000000000000000e+00,0.000000000000000000e+00,9.537076021148348237e-02,-0.000000000000000000e+00,-5.750929533870373367e-02,2.054581665084247721e-01,0.000000000000000000e+00,0.000000000000000000e+00,-0.000000000000000000e+00,0.000000000000000000e+00,0.000000000000000000e+00,-0.000000000000000000e+00,-0.000000000000000000e+00,-5.489357982040183881e-01,2.427651692304625186e+00,-2.182375400323565418e-01,-0.000000000000000000e+00,-1.232868673518285191e-01,-2.515527065036591431e-02,-0.000000000000000000e+00,-0.000000000000000000e+00,-1.788624299377433377e-02,-0.000000000000000000e+00,-2.548774946996438737e-02,0.000000000000000000e+00,-2.088539824778199161e-01,0.000000000000000000e+00,-3.955010640442641057e-01,0.000000000000000000e+00,-0.000000000000000000e+00
-0.000000000000000000e+00,-0.000000000000000000e+00,-0.000000000000000000e+00,-0.000000000000000000e+00,-0.000000000000000000e+00,-1.655453327686075005e-01,-0.000000000000000000e+00,0.000000000000000000e+00,-9.890638894228633016e-02,-1.009848081221333543e-01,0.000000000000000000e+00,0.000000000000000000e+00,-0.000000000000000000e+00,-3.173888078767413412e-01,0.000000000000000000e+00,-0.000000000000000000e+00,0.000000000000000000e+00,-0.000000000000000000e+00,-0.000000000000000000e+00,-0.000000000000000000e+00,-0.000000000000000000e+00,-0.000000000000000000e+00,-3.099658679209972290e-01,-2.182375400323565418e-01,2.127982982703812365e+00,-0.000000000000000000e+00,-1.324343997504153214e-01,-0.000000000000000000e+00,-9.064488000797747691e-02,-1.723027110400990602e-01,-8.205936321400977840e-02,-0.000000000000000000e+00,-3.137330648333068184e-01,0.000000000000000000e+00,-6.843559907065187298e-02,0.000000000000000000e+00,-9.485234726448900366e-02,-0.000000000000000000e+00,-0.000000000000000000e+00
-3.740230812873486244e-01,-0.000000000000000000e+00,-0.000000000000000000e+00,-0.000000000000000000e+00,-0.000000000000000000e+00,-0.000000000000000000e+00,0.000000000000000000e+00,4.559253453149267332e-02,-1.513141956464173453e-02,-0.000000000000000000e+00,0.000000000000000000e+00,-0.000000000000000000e+00,0.000000000000000000e+00,-0.000000000000000000e+00,-0.000000000000000000e+00,-0.000000000000000000e+00,1.058885584121498497e-01,0.000000000000000000e+00,-0.000000000000000000e+00,-0.000000000000000000e+00,0.000000000000000000e+00,-0.000000000000000000e+00,-0.000000000000000000e+00,-0.000000000000000000e+00,-0.000000000000000000e+00,1.718846647914623826e+00,-0.000000000000000000e+00,-3.348993215482710673e-01,-4.715802649494345578e-01,-0.000000000000000000e+00,-0.000000000000000000e+00,-2.620317727076652559e-01,-0.000000000000000000e+00,-0.000000000000000000e+00,-2.940176825936652999e-02,-0.000000000000000000e+00,-0.000000000000000000e+00,-0.000000000000000000e+00,-3.166322796729025002e-02
0.000000000000000000e+00,0.000000000000000000e+00,-0.000000000000000000e+00,-0.000000000000000000e+00,-0.000000000000000000e+00,-0.000000000000000000e+00,-4.799901102986548485e-01,0.000000000000000000e+00,-0.000000000000000000e+00,-0.000000000000000000e+00,0.000000000000000000e+00,0.000000000000000000e+00,-0.000000000000000000e+00,-1.162322798195877249e-01,0.000000000000000000e+00,-0.000000000000000000e+00,-0.000000000000000000e+00,-0.000000000000000000e+00,-0.000000000000000000e+00,0.000000000000000000e+00,-8.014589104785305174e-02,-4.611014941409509460e-02,-7.874124403064969302e-02,-1.232868673518285191e-01,-1.324343997504153214e-01,-0.000000000000000000e+00,2.368384979594419626e+00,-2.988899276930477855e-01,-0.000000000000000000e+00,-0.000000000000000000e+00,-4.515365243419749430e-01,-0.000000000000000000e+00,-3.281293911474267855e-01,0.000000000000000000e+00,-0.000000000000000000e+00,0.000000000000000000e+00,-3.617373094438652292e-01,0.000000000000000000e+00,-0.000000000000000000e+00
-0.000000000000000000e+00,-0.000000000000000000e+00,-0.000000000000000000e+00,-3.151572315977232419e-01,-0.000000000000000000e+00,-0.000000000000000000e+00,-4.110953557493141758e-02,0.000000000000000000e+00,-2.134199036458404308e-01,-0.000000000000000000e+00,0.000000000000000000e+00,0.000000000000000000e+00,-0.000000000000000000e+00,-1.427203358859466531e-01,0.000000000000000000e+00,0.000000000000000000e+00,0.000000000000000000e+00,-0.000000000000000000e+00,-0.000000000000000000e+00,0.000000000000000000e+00,-0.000000000000000000e+00,-0.000000000000000000e+00,-0.000000000000000000e+00,-2.515527065036591431e-02,-0.000000000000000000e+00,-3.348993215482710673e-01,-2.988899276930477855e-01,2.000754481725540046e+00,-2.980204805439268800e-01,-0.000000000000000000e+00,-0.000000000000000000e+00,-0.000000000000000000e+00,-0.000000000000000000e+00,0.000000000000000000e+00,-3.812149612369325480e-01,0.000000000000000000e+00,-2.248595242700148281e-02,0.000000000000000000e+00,-0.000000000000000000e+00
-0.000000000000000000e+00,-0.000000000000000000e+00,-0.000000000000000000e+00,-3.739601381054268731e-02,-0.000000000000000000e+00,-7.947947064801763606e-02,-0.000000000000000000e+00,0.000000000000000000e+00,-2.205278375563810844e-01,-0.000000000000000000e+00,-0.000000000000000000e+00,0.000000000000000000e+00,-0.000000000000000000e+00,-1.038105613363343727e-01,0.000000000000000000e+00,0.000000000000000000e+00,0.000000000000000000e+00,0.000000000000000000e+00,0.000000000000000000e+00,-0.000000000000000000e+00,0.000000000000000000e+00,-1.612356297969690100e-01,-1.221884285926258806e-01,-0.000000000000000000e+00,-9.064488000797747691e-02,-4.715802649494345578e-01,-0.000000000000000000e+00,-2.980204805439268800e-01,2.325449647614735049e+00,-0.000000000000000000e+00,-0.000000000000000000e+00,-5.249387714459193832e-01,-1.486933645318905539e-01,0.000000000000000000e+00,-3.243411004912609696e-01,0.000000000000000000e+00,-0.000000000000000000e+00,-0.000000000000000000e+00,-0.000000000000000000e+00
-0.000000000000000000e+00,-0.000000000000000000e+00,-1.886151290088186605e-01,-0.000000000000000000e+00,-3.382149946233883320e-01,-0.000000000000000000e+00,-0.000000000000000000e+00,0.000000000000000000e+00,-1.000551358177735606e-01,-3.948348240667555187e-01,0.000000000000000000e+00,-0.000000000000000000e+00,-0.000000000000000000e+00,-1.479493380305521855e-01,-0.000000000000000000e+00,-1.414018967346643285e-01,-0.000000000000000000e+00,-0.000000000000000000e+00,-0.000000000000000000e+00,-0.000000000000000000e+00,-0.000000000000000000e+00,-0.000000000000000000e+00,-0.000000000000000000e+00,-0.000000000000000000e+00,-1.723027110400990602e-01,-0.000000000000000000e+00,-0.000000000000000000e+00,-0.000000000000000000e+00,-0.000000000000000000e+00,1.803561553899448944e+00,-0.000000000000000000e+00,-0.000000000000000000e+00,-0.000000000000000000e+00,-0.000000000000000000e+00,-0.000000000000000000e+00,-0.000000000000000000e+00,-0.000000000000000000e+00,-0.000000000000000000e+00,-2.264613690612286012e-01
0.000000000000000000e+00,0.000000000000000000e+00,-2.740284874194972575e-01,-0.000000000000000000e+00,-0.000000000000000000e+00,-0.000000000000000000e+00,-1.290719281508929395e-01,0.000000000000000000e+00,-0.000000000000000000e+00,-0.000000000000000000e+00,0.000000000000000000e+00,0.000000000000000000e+00,-0.000000000000000000e+00,-1.667878468159547101e-01,0.000000000000000000e+00,-0.000000000000000000e+00,-0.000000000000000000e+00,-3.183075952832056243e-01,-0.000000000000000000e+00,0.000000000000000000e+00,-5.572504855205212548e-01,-0.000000000000000000e+00,-0.000000000000000000e+00,-1.788624299377433377e-02,-8.205936321400977840e-02,-0.000000000000000000e+00,-4.515365243419749430e-01,-0.000000000000000000e+00,-0.000000000000000000e+00,-0.000000000000000000e+00,2.043451910372145353e+00,0.000000000000000000e+00,-4.636802341887281270e-02,-0.000000000000000000e+00,-0.000000000000000000e+00,0.000000000000000000e+00,-0.000000000000000000e+00,0.000000000000000000e+00,-0.000000000000000000e+00
-0.000000000000000000e+00,-0.000000000000000000e+00,-0.000000000000000000e+00,-0.000000000000000000e+00,-0.000000000000000000e+00,-0.000000000000000000e+00,0.000000000000000000e+00,-0.000000000000000000e+00,-0.000000000000000000e+00,0.000000000000000000e+00,-0.000000000000000000e+00,0.000000000000000000e+00,-0.000000000000000000e+00,-0.000000000000000000e+00,-0.000000000000000000e+00,0.000000000000000000e+00,-0.000000000000000000e+00,0.000000000000000000e+00,0.000000000000000000e+00,-3.371901942745697545e-01,0.000000000000000000e+00,-2.425517552809580701e-01,-0.000000000000000000e+00,-0.000000000000000000e+00,-0.000000000000000000e+00,-2.620317727076652559e-01,-0.000000000000000000e+00,-0.000000000000000000e+00,-5.249387714459193832e-01,-0.000000000000000000e+00,0.000000000000000000e+00,1.652416938772655275e+00,-5.556851775895853968e-02,0.000000000000000000e+00,-1.048586517788372002e-01,-0.000000000000000000e+00,-0.000000000000000000e+00,-0.000000000000000000e+00,-0.000000000000000000e+00
0.000000000000000000e+00,0.000000000000000000e+00,-0.000000000000000000e+00,-0.000000000000000000e+00,-0.000000000000000000e+00,-3.126308327447888807e-02,-0.000000000000000000e+00,0.000000000000000000e+00,-0.000000000000000000e+00,-0.000000000000000000e+00,-0.000000000000000000e+00,0.000000000000000000e+00,-1.719859642010196921e-01,-5.092124572059766319e-01,0.000000000000000000e+00,-0.000000000000000000e+00,-0.000000000000000000e+00,-0.000000000000000000e+00,-0.000000000000000000e+00,-0.000000000000000000e+00,-0.000000000000000000e+00,-2.550964198936985228e-01,-1.924908673241697010e-01,-2.548774946996438737e-02,-3.137330648333068184e-01,-0.000000000000000000e+00,-3.281293911474267855e-01,-0.000000000000000000e+00,-1.486933645318905539e-01,-0.000000000000000000e+00,-4.636802341887281270e-02,-5.556851775895853968e-02,2.415486901377549955e+00,0.000000000000000000e+00,-1.468974104814719794e-01,0.000000000000000000e+00,-3.455661944346037351e-01,0.000000000000000000e+00,-0.000000000000000000e+00
-1.168727265390002990e-01,-3.266968752510084339e-01,-0.000000000000000000e+00,-0.000000000000000000e+00,-2.521498154542890502e-01,1.227798663109533062e-01,0.000000000000000000e+00,4.610313744157561872e-02,-0.000000000000000000e+00,-0.000000000000000000e+00,0.000000000000000000e+00,-2.887871716192316751e-01,8.505313971453613842e-02,0.000000000000000000e+00,-1.117040604543665244e-01,-5.245131585014982667e-01,0.000000000000000000e+00,-0.000000000000000000e+00,-7.725304418372919146e-02,-0.000000000000000000e+00,0.000000000000000000e+00,0.000000000000000000e+00,0.000000000000000000e+00,0.000000000000000000e+00,0.000000000000000000e+00,-0.000000000000000000e+00,0.000000000000000000e+00,0.000000000000000000e+00,0.000000000000000000e+00,-0.000000000000000000e+00,-0.000000000000000000e+00,0.000000000000000000e+00,0.000000000000000000e+00,1.948468479725925073e+00,0.000000000000000000e+00,-3.594321860879883812e-01,4.214311371316060290e-02,-4.542487479167283543e-03,-0.000000000000000000e+00
0.000000000000000000e+00,0.000000000000000000e+00,-0.000000000000000000e+00,-0.000000000000000000e+00,-0.000000000000000000e+00,-2.064852919307552936e-01,-0.000000000000000000e+00,0.000000000000000000e+00,-0.000000000000000000e+00,-0.000000000000000000e+00,0.000000000000000000e+00,0.000000000000000000e+00,-0.000000000000000000e+00,-2.021945839099480724e-01,0.000000000000000000e+00,0.000000000000000000e+00,0.000000000000000000e+00,0.000000000000000000e+00,0.000000000000000000e+00,-0.000000000000000000e+00,-0.000000000000000000e+00,-0.000000000000000000e+00,-2.347565517163844873e-01,-2.088539824778199161e-01,-6.843559907065187298e-02,-2.940176825936652999e-02,-0.000000000000000000e+00,-3.812149612369325480e-01,-3.243411004912609696e-01,-0.000000000000000000e+00,-0.000000000000000000e+00,-1.048586517788372002e-01,-1.468974104814719794e-01,0.000000000000000000e+00,2.324633404439833573e+00,0.000000000000000000e+00,-4.207014380863276504e-01,0.000000000000000000e+00,-0.000000000000000000e+00
-0.000000000000000000e+00,-3.274514114400994824e-02,-0.000000000000000000e+00,0.000000000000000000e+00,-0.000000000000000000e+00,1.303362385879743846e-01,0.000000000000000000e+00,0.000000000000000000e+00,0.000000000000000000e+00,-0.000000000000000000e+00,-0.000000000000000000e+00,-3.532015610986418697e-01,0.000000000000000000e+00,0.000000000000000000e+00,-3.748835145461047458e-01,-9.170408544012291496e-03,-0.000000000000000000e+00,0.000000000000000000e+00,-0.000000000000000000e+00,-2.053705137838409134e-01,0.000000000000000000e+00,0.000000000000000000e+00,9.625487253107171959e-02,0.000000000000000000e+00,0.000000000000000000e+00,-0.000000000000000000e+00,0.000000000000000000e+00,0.000000000000000000e+00,0.000000000000000000e+00,-0.000000000000000000e+00,0.000000000000000000e+00,-0.000000000000000000e+00,0.000000000000000000e+00,-3.594321860879883812e-01,0.000000000000000000e+00,1.653099027004787613e+00,7.331825495991294191e-03,-1.509657469658353540e-02,-0.000000000000000000e+00
0.000000000000000000e+00,0.000000000000000000e+00,-0.000000000000000000e+00,-0.000000000000000000e+00,-0.000000000000000000e+00,-4.509457415317005280e-01,-1.649228527823148448e-03,0.000000000000000000e+00,-0.000000000000000000e+00,-0.000000000000000000e+00,0.000000000000000000e+00,0.000000000000000000e+00,-1.250437814973491268e-01,-1.448146459020562271e-01,8.200937278813015541e-02,0.000000000000000000e+00,0.000000000000000000e+00,-0.000000000000000000e+00,0.000000000000000000e+00,0.000000000000000000e+00,-0.000000000000000000e+00,-1.565641221727172641e-02,-4.125106661598204050e-01,-3.955010640442641057e-01,-9.485234726448900366e-02,-0.000000000000000000e+00,-3.617373094438652292e-01,-2.248595242700148281e-02,-0.000000000000000000e+00,-0.000000000000000000e+00,-0.000000000000000000e+00,-0.000000000000000000e+00,-3.455661944346037351e-01,4.214311371316060290e-02,-4.207014380863276504e-01,7.331825495991294191e-03,2.751837837009790899e+00,0.000000000000000000e+00,-0.000000000000000000e+00
-4.397469315508760190e-01,-1.253782523032959118e-01,-0.000000000000000000e+00,0.000000000000000000e+00,-0.000000000000000000e+00,0.000000000000000000e+00,0.000000000000000000e+00,0.000000000000000000e+00,-0.000000000000000000e+00,-0.000000000000000000e+00,0.000000000000000000e+00,-0.000000000000000000e+00,0.000000000000000000e+00,0.000000000000000000e+00,-0.000000000000000000e+00,-3.591506103782983461e-02,0.000000000000000000e+00,0.000000000000000000e+00,-0.000000000000000000e+00,-0.000000000000000000e+00,3.588331280492574465e-02,0.000000000000000000e+00,0.000000000000000000e+00,0.000000000000000000e+00,-0.000000000000000000e+00,-0.000000000000000000e+00,0.000000000000000000e+00,0.000000000000000000e+00,-0.000000000000000000e+00,-0.000000000000000000e+00,0.000000000000000000e+00,-0.000000000000000000e+00,0.000000000000000000e+00,-4.542487479167283543e-03,0.000000000000000000e+00,-1.509657469658353540e-02,0.000000000000000000e+00,1.445163977617085260e+00,-3.842877801881621203e-01
-6.513774824913248773e-02,-2.398659831665136966e-01,-0.000000000000000000e+00,0.000000000000000000e+00,-0.000000000000000000e+00,0.000000000000000000e+00,-0.000000000000000000e+00,2.046971736671489572e-01,-1.441619475579799248e-01,-5.296169460237299953e-01,0.000000000000000000e+00,-0.000000000000000000e+00,0.000000000000000000e+00,-0.000000000000000000e+00,-0.000000000000000000e+00,-8.612935730834017645e-02,0.000000000000000000e+00,-0.000000000000000000e+00,-0.000000000000000000e+00,-0.000000000000000000e+00,0.000000000000000000e+00,-0.000000000000000000e+00,-0.000000000000000000e+00,-0.000000000000000000e+00,-0.000000000000000000e+00,-3.166322796729025002e-02,-0.000000000000000000e+00,-0.000000000000000000e+00,-0.000000000000000000e+00,-2.264613690612286012e-01,-0.000000000000000000e+00,-0.000000000000000000e+00,-0.000000000000000000e+00,-0.000000000000000000e+00,-0.000000000000000000e+00,-0.000000000000000000e+00,-0.000000000000000000e+00,-3.842877801881621203e-01,1.928778655335850356e+00
