2.734683397216783440e+00,-0.000000000000000000e+00,-3.950496780530608071e-02,-0.000000000000000000e+00,-2.657950103671541942e-01,0.000000000000000000e+00,-0.000000000000000000e+00,0.000000000000000000e+00,-3.401973658470862638e-01,-2.570534346547697635e-01,-0.000000000000000000e+00,-0.000000000000000000e+00,0.000000000000000000e+00,-2.166836663499160376e-01,-0.000000000000000000e+00,-3.544330928522470003e-01,-1.470586374216242831e-01,-0.000000000000000000e+00,-1.005175752468375483e-01,-0.000000000000000000e+00,-0.000000000000000000e+00,-0.000000000000000000e+00,-0.000000000000000000e+00,-0.000000000000000000e+00,-1.700787905550847634e-01,-0.000000000000000000e+00,0.000000000000000000e+00,-4.387559543284170332e-03,-0.000000000000000000e+00,-4.495857174323286132e-01,-0.000000000000000000e+00,0.000000000000000000e+00,-1.467298453181807849e-01,-0.000000000000000000e+00,0.000000000000000000e+00,-0.000000000000000000e+00,0.000000000000000000e+00,-3.043079636727828441e-01,-1.395033841813112518e-01
-0.000000000000000000e+00,1.998454187418902572e+00,-0.000000000000000000e+00,-7.085489212415022574e-03,-0.000000000000000000e+00,-0.000000000000000000e+00,0.000000000000000000e+00,0.000000000000000000e+00,-0.000000000000000000e+00,-1.545853091187369688e-01,0.000000000000000000e+00,-0.000000000000000000e+00,0.000000000000000000e+00,-0.000000000000000000e+00,0.000000000000000000e+00,-0.000000000000000000e+00,-0.000000000000000000e+00,-2.456002848375102576e-01,-0.000000000000000000e+00,4.382521581427290536e-01,-2.883729435614068026e-01,-0.000000000000000000e+00,-5.688198522392813317e-01,-1.717528915592429414e-02,-1.282177623413972289e-01,0.000000000000000000e+00,-1.386645125215034691e-01,0.000000000000000000e+00,0.000000000000000000e+00,-2.361917676024009316e-01,-0.000000000000000000e+00,-0.000000000000000000e+00,-0.000000000000000000e+00,-0.000000000000000000e+00,1.103876640203927673e-01,-0.000000000000000000e+00,-0.000000000000000000e+00,0.000000000000000000e+00,-2.382396454480992520e-01
-3.950496780530608071e-02,-0.000000000000000000e+00,3.043165461362958624e+00,-0.000000000000000000e+00,-5.241704794378997390e-01,0.000000000000000000e+00,0.000000000000000000e+00,1.123521277445538313e+00,-2.680929743382859942e-01,-0.000000000000000000e+00,0.000000000000000000e+00,-0.000000000000000000e+00,5.824450177732137801e-02,-0.000000000000000000e+00,-0.000000000000000000e+00,-0.000000000000000000e+00,-1.618482004338460400e-01,-0.000000000000000000e+00,-0.000000000000000000e+00,-0.000000000000000000e+00,-0.000000000000000000e+00,-0.000000000000000000e+00,-0.000000000000000000e+00,-0.000000000000000000e+00,-0.000000000000000000e+00,-2.040461512222916524e-02,0.000000000000000000e+00,-7.990588059776145835e-01,-0.000000000000000000e+00,-2.561239747783838894e-02,-0.000000000000000000e+00,0.000000000000000000e+00,-0.000000000000000000e+00,-3.788015671782309080e-03,0.000000000000000000e+00,-1.764616845287471925e-01,0.000000000000000000e+00,-0.000000000000000000e+00,-0.000000000000000000e+00
-0.000000000000000000e+00,-7.085489212415022574e-03,-0.000000000000000000e+00,1.290585957703621167e+00,-0.000000000000000000e+00,-0.000000000000000000e+00,-9.515245847174372273e-02,0.000000000000000000e+00,0.000000000000000000e+00,-0.000000000000000000e+00,0.000000000000000000e+00,0.000000000000000000e+00,-0.000000000000000000e+00,-0.000000000000000000e+00,1.289098034142917848e-01,-0.000000000000000000e+00,0.000000000000000000e+00,-5.470348907481041856e-01,-0.000000000000000000e+00,0.000000000000000000e+00,-1.513415835406054996e-02,-2.326367277351417198e-02,-0.000000000000000000e+00,-1.079263735754395492e-01,-0.000000000000000000e+00,0.000000000000000000e+00,-0.000000000000000000e+00,0.000000000000000000e+00,0.000000000000000000e+00,-0.000000000000000000e+00,0.000000000000000000e+00,-0.000000000000000000e+00,-0.000000000000000000e+00,0.000000000000000000e+00,0.000000000000000000e+00,0.000000000000000000e+00,-0.000000000000000000e+00,4.852530922041457112e-02,-0.000000000000000000e+00
-2.657950103671541942e-01,-0.000000000000000000e+00,-5.241704794378997390e-01,-0.000000000000000000e+00,2.147294231449350832e+00,0.000000000000000000e+00,0.000000000000000000e+00,4.883515637179373647e-01,-5.812104552690995629e-02,-0.000000000000000000e+00,0.000000000000000000e+00,-0.000000000000000000e+00,0.000000000000000000e+00,-7.830793675937502973e-02,-0.000000000000000000e+00,-0.000000000000000000e+00,-1.253981276988814023e-02,-1.380877790879857236e-01,-5.426915499210137328e-02,-0.000000000000000000e+00,-0.000000000000000000e+00,-0.000000000000000000e+00,-0.000000000000000000e+00,-0.000000000000000000e+00,-0.000000000000000000e+00,-0.000000000000000000e+00,0.000000000000000000e+00,-0.000000000000000000e+00,-0.000000000000000000e+00,-1.073325214748694148e-02,-0.000000000000000000e+00,0.000000000000000000e+00,-0.000000000000000000e+00,-3.514313471107243236e-01,0.000000000000000000e+00,-5.917932292193739570e-03,0.000000000000000000e+00,-0.000000000000000000e+00,-0.000000000000000000e+00
0.000000000000000000e+00,-0.000000000000000000e+00,0.000000000000000000e+00,-0.000000000000000000e+00,0.000000000000000000e+00,2.023203079389875647e+00,-0.000000000000000000e+00,0.000000000000000000e+00,0.000000000000000000e+00,0.000000000000000000e+00,-0.000000000000000000e+00,9.786434375988475876e-02,0.000000000000000000e+00,-0.000000000000000000e+00,7.657402398168998425e-02,0.000000000000000000e+00,0.000000000000000000e+00,-0.000000000000000000e+00,0.000000000000000000e+00,0.000000000000000000e+00,-0.000000000000000000e+00,0.000000000000000000e+00,-9.753600899905977284e-03,-6.665059603220339079e-01,-0.000000000000000000e+00,0.000000000000000000e+00,-0.000000000000000000e+00,0.000000000000000000e+00,-0.000000000000000000e+00,0.000000000000000000e+00,-0.000000000000000000e+00,-2.410925985143481942e-01,-0.000000000000000000e+00,3.834274029382282456e-01,-2.463896310019740299e-01,1.176120213108634328e-02,-5.055029546234925952e-01,0.000000000000000000e+00,0.000000000000000000e+00
-0.000000000000000000e+00,0.000000000000000000e+00,0.000000000000000000e+00,-9.515245847174372273e-02,0.000000000000000000e+00,-0.000000000000000000e+00,1.389431074364282370e+00,-0.000000000000000000e+00,0.000000000000000000e+00,-0.000000000000000000e+00,-2.130676917388623082e-01,-0.000000000000000000e+00,-3.851937521847813017e-01,-0.000000000000000000e+00,-0.000000000000000000e+00,-0.000000000000000000e+00,-0.000000000000000000e+00,-0.000000000000000000e+00,-2.199033745876177726e-01,0.000000000000000000e+00,-0.000000000000000000e+00,-2.442552879267430310e-01,0.000000000000000000e+00,0.000000000000000000e+00,-0.000000000000000000e+00,0.000000000000000000e+00,0.000000000000000000e+00,7.198531414020996333e-02,-0.000000000000000000e+00,0.000000000000000000e+00,-0.000000000000000000e+00,-1.443904639502832307e-02,-5.352530383120722435e-02,-0.000000000000000000e+00,-0.000000000000000000e+00,0.000000000000000000e+00,-0.000000000000000000e+00,0.000000000000000000e+00,0.000000000000000000e+00
0.000000000000000000e+00,0.000000000000000000e+00,1.123521277445538313e+00,0.000000000000000000e+00,4.883515637179373647e-01,0.000000000000000000e+00,-0.000000000000000000e+00,2.772353022247131538e+00,1.483430375612857788e-01,0.000000000000000000e+00,-0.000000000000000000e+00,0.000000000000000000e+00,-1.360858703844329831e-01,0.000000000000000000e+00,0.000000000000000000e+00,0.000000000000000000e+00,3.833578975426513852e-02,2.779133943325913236e-01,0.000000000000000000e+00,0.000000000000000000e+00,1.934606270193920119e-01,0.000000000000000000e+00,0.000000000000000000e+00,0.000000000000000000e+00,0.000000000000000000e+00,0.000000000000000000e+00,0.000000000000000000e+00,2.512637233525741864e-01,0.000000000000000000e+00,1.024262482690652953e-01,1.587124791575026395e-01,-0.000000000000000000e+00,0.000000000000000000e+00,0.000000000000000000e+00,-0.000000000000000000e+00,6.621746328344704779e-02,-0.000000000000000000e+00,0.000000000000000000e+00,0.000000000000000000e+00
-3.401973658470862638e-01,-0.000000000000000000e+00,-2.680929743382859942e-01,0.000000000000000000e+00,-5.812104552690995629e-02,0.000000000000000000e+00,0.000000000000000000e+00,1.483430375612857788e-01,3.019631958981366271e+00,-2.845039673827308713e-01,0.000000000000000000e+00,-0.000000000000000000e+00,0.000000000000000000e+00,-1.573219806322230241e-01,-0.000000000000000000e+00,-1.313240602302051703e-02,-0.000000000000000000e+00,-0.000000000000000000e+00,-0.000000000000000000e+00,-0.000000000000000000e+00,-0.000000000000000000e+00,-0.000000000000000000e+00,-5.516517878622594767e-02,-0.000000000000000000e+00,-1.787599549575456248e-01,-0.000000000000000000e+00,0.000000000000000000e+00,-0.000000000000000000e+00,-0.000000000000000000e+00,-4.132845343711171182e-01,-2.698865170951525450e-01,0.000000000000000000e+00,-0.000000000000000000e+00,-1.355588739980950475e-01,0.000000000000000000e+00,-1.479744415823846526e-01,0.000000000000000000e+00,-2.488193789513357679e-01,-6.019180175490002060e-01
-2.570534346547697635e-01,-1.545853091187369688e-01,-0.000000000000000000e+00,-0.000000000000000000e+00,-0.000000000000000000e+00,0.000000000000000000e+00,-0.000000000000000000e+00,0.000000000000000000e+00,-2.845039673827308713e-01,3.140174776628011699e+00,0.000000000000000000e+00,-0.000000000000000000e+00,0.000000000000000000e+00,-0.000000000000000000e+00,-0.000000000000000000e+00,-9.790711787121227916e-01,-0.000000000000000000e+00,-3.592027321204096374e-02,-0.000000000000000000e+00,-0.000000000000000000e+00,-0.000000000000000000e+00,-1.247732748687629123e-01,-0.000000000000000000e+00,-0.000000000000000000e+00,-1.785996777076002962e-01,-0.000000000000000000e+00,0.000000000000000000e+00,-0.000000000000000000e+00,-0.000000000000000000e+00,-6.013522483828857013e-01,-4.516861228726282151e-02,0.000000000000000000e+00,-0.000000000000000000e+00,-2.893591794688258334e-01,0.000000000000000000e+00,-2.784381281136661945e-01,0.000000000000000000e+00,-0.000000000000000000e+00,-1.030055456074082942e-01
-0.000000000000000000e+00,0.000000000000000000e+00,0.000000000000000000e+00,0.000000000000000000e+00,0.000000000000000000e+00,-0.000000000000000000e+00,-2.130676917388623082e-01,-0.000000000000000000e+00,0.000000000000000000e+00,0.000000000000000000e+00,1.847052413181347497e+00,-0.000000000000000000e+00,-1.991677787175538394e-01,-0.000000000000000000e+00,-1.263273211933910525e-02,0.000000000000000000e+00,-1.131927966841421301e-01,0.000000000000000000e+00,-0.000000000000000000e+00,-0.000000000000000000e+00,0.000000000000000000e+00,-0.000000000000000000e+00,0.000000000000000000e+00,-0.000000000000000000e+00,-0.000000000000000000e+00,-6.017696346697421622e-02,0.000000000000000000e+00,-0.000000000000000000e+00,-1.636976781322708741e-01,0.000000000000000000e+00,-0.000000000000000000e+00,-4.252898302731135671e-01,-4.992651395903874856e-01,0.000000000000000000e+00,-3.508898787146095266e-01,0.000000000000000000e+00,-0.000000000000000000e+00,-0.000000000000000000e+00,-0.000000000000000000e+00
-0.000000000000000000e+00,-0.000000000000000000e+00,-0.000000000000000000e+00,0.000000000000000000e+00,-0.000000000000000000e+00,9.786434375988475876e-02,-0.000000000000000000e+00,0.000000000000000000e+00,-0.000000000000000000e+00,-0.000000000000000000e+00,-0.000000000000000000e+00,1.906793929589125414e+00,-0.000000000000000000e+00,-0.000000000000000000e+00,-0.000000000000000000e+00,-1.166462613746246657e-01,-0.000000000000000000e+00,-0.000000000000000000e+00,-2.448591261912784478e-02,0.000000000000000000e+00,-0.000000000000000000e+00,-0.000000000000000000e+00,-0.000000000000000000e+00,0.000000000000000000e+00,-0.000000000000000000e+00,0.000000000000000000e+00,0.000000000000000000e+00,0.000000000000000000e+00,0.000000000000000000e+00,-0.000000000000000000e+00,-7.012066347729530025e-03,-0.000000000000000000e+00,-0.000000000000000000e+00,-5.533925903442712402e-01,0.000000000000000000e+00,-0.000000000000000000e+00,0.000000000000000000e+00,-0.000000000000000000e+00,-8.243370055563826737e-01
0.000000000000000000e+00,0.000000000000000000e+00,5.824450177732137801e-02,-0.000000000000000000e+00,0.000000000000000000e+00,0.000000000000000000e+00,-3.851937521847813017e-01,-1.360858703844329831e-01,0.000000000000000000e+00,0.000000000000000000e+00,-1.991677787175538394e-01,-0.000000000000000000e+00,1.240574001049408182e+00,0.000000000000000000e+00,-0.000000000000000000e+00,-0.000000000000000000e+00,0.000000000000000000e+00,0.000000000000000000e+00,-0.000000000000000000e+00,-0.000000000000000000e+00,0.000000000000000000e+00,-1.090810820811287801e-01,0.000000000000000000e+00,0.000000000000000000e+00,0.000000000000000000e+00,0.000000000000000000e+00,0.000000000000000000e+00,1.257749399991206322e-02,0.000000000000000000e+00,0.000000000000000000e+00,0.000000000000000000e+00,-0.000000000000000000e+00,-2.319386869594812842e-02,0.000000000000000000e+00,-0.000000000000000000e+00,1.179963584498099904e-01,0.000000000000000000e+00,0.000000000000000000e+00,0.000000000000000000e+00
-2.166836663499160376e-01,-0.000000000000000000e+00,-0.000000000000000000e+00,-0.000000000000000000e+00,-7.830793675937502973e-02,-0.000000000000000000e+00,-0.000000000000000000e+00,0.000000000000000000e+00,-1.573219806322230241e-01,-0.000000000000000000e+00,-0.000000000000000000e+00,-0.000000000000000000e+00,0.000000000000000000e+00,2.269516414164837848e+00,-0.000000000000000000e+00,-0.000000000000000000e+00,-1.255727277993519408e-01,-0.000000000000000000e+00,-2.025909118443930956e-01,-0.000000000000000000e+00,-0.000000000000000000e+00,-0.000000000000000000e+00,-5.329099883254163894e-02,-0.000000000000000000e+00,-2.257456513743635040e-01,-0.000000000000000000e+00,0.000000000000000000e+00,-0.000000000000000000e+00,-3.799975032761899185e-01,-1.806058945195912757e-01,-4.546245171397923501e-01,-0.000000000000000000e+00,-1.788920033414422850e-01,-0.000000000000000000e+00,-0.000000000000000000e+00,-0.000000000000000000e+00,-0.000000000000000000e+00,-1.773847579379544126e-01,-0.000000000000000000e+00
-0.000000000000000000e+00,0.000000000000000000e+00,-0.000000000000000000e+00,1.289098034142917848e-01,-0.000000000000000000e+00,7.657402398168998425e-02,-0.000000000000000000e+00,0.000000000000000000e+00,-0.000000000000000000e+00,-0.000000000000000000e+00,-1.263273211933910525e-02,-0.000000000000000000e+00,-0.000000000000000000e+00,-0.000000000000000000e+00,2.461223854774789110e+00,-1.799147350714117716e-02,-3.598986842918874829e-02,0.000000000000000000e+00,-0.000000000000000000e+00,-4.749705401381085212e-01,0.000000000000000000e+00,-0.000000000000000000e+00,0.000000000000000000e+00,0.000000000000000000e+00,-0.000000000000000000e+00,-2.007207306415024484e-01,5.710897109166578334e-01,-0.000000000000000000e+00,-0.000000000000000000e+00,-0.000000000000000000e+00,-0.000000000000000000e+00,0.000000000000000000e+00,-3.815930416256890778e-02,-2.790445564809715950e-01,-0.000000000000000000e+00,-2.037365102677489524e-03,3.511552212705490450e-01,-7.279523382475817650e-01,-0.000000000000000000e+00
-3.544330928522470003e-01,-0.000000000000000000e+00,-0.000000000000000000e+00,-0.000000000000000000e+00,-0.000000000000000000e+00,0.000000000000000000e+00,-0.000000000000000000e+00,0.000000000000000000e+00,-1.313240602302051703e-02,-9.790711787121227916e-01,0.000000000000000000e+00,-1.166462613746246657e-01,-0.000000000000000000e+00,-0.000000000000000000e+00,-1.799147350714117716e-02,2.559799985684747092e+00,-0.000000000000000000e+00,-0.000000000000000000e+00,-2.670993013952439044e-01,-0.000000000000000000e+00,-0.000000000000000000e+00,-2.135834138931458903e-01,-0.000000000000000000e+00,0.000000000000000000e+00,-0.000000000000000000e+00,-0.000000000000000000e+00,0.000000000000000000e+00,-0.000000000000000000e+00,-0.000000000000000000e+00,-2.870553716909816089e-01,-0.000000000000000000e+00,0.000000000000000000e+00,-0.000000000000000000e+00,-1.717064116238325722e-01,0.000000000000000000e+00,-8.838647164393478861e-02,0.000000000000000000e+00,-0.000000000000000000e+00,-2.048478490628777293e-02
-1.470586374216242831e-01,-0.000000000000000000e+00,-1.618482004338460400e-01,0.000000000000000000e+00,-1.253981276988814023e-02,0.000000000000000000e+00,-0.000000000000000000e+00,3.833578975426513852e-02,-0.000000000000000000e+00,-0.000000000000000000e+00,-1.131927966841421301e-01,-0.000000000000000000e+00,0.000000000000000000e+00,-1.255727277993519408e-01,-3.598986842918874829e-02,-0.000000000000000000e+00,1.500107976193979065e+00,-0.000000000000000000e+00,-0.000000000000000000e+00,-0.000000000000000000e+00,-0.000000000000000000e+00,-0.000000000000000000e+00,-0.000000000000000000e+00,0.000000000000000000e+00,-0.000000000000000000e+00,-1.098621012765409605e-01,0.000000000000000000e+00,-6.838730474286600081e-02,-0.000000000000000000e+00,-4.020640820308204848e-03,-1.218744556381550631e-01,-0.000000000000000000e+00,-3.326313859918930693e-02,-1.450409707554899119e-02,0.000000000000000000e+00,-0.000000000000000000e+00,0.000000000000000000e+00,-2.365111197272717347e-01,-0.000000000000000000e+00
-0.000000000000000000e+00,-2.456002848375102576e-01,-0.000000000000000000e+00,-5.470348907481041856e-01,-1.380877790879857236e-01,-0.000000000000000000e+00,-0.000000000000000000e+00,2.779133943325913236e-01,-0.000000000000000000e+00,-3.592027321204096374e-02,0.000000000000000000e+00,-0.000000000000000000e+00,0.000000000000000000e+00,-0.000000000000000000e+00,0.000000000000000000e+00,-0.000000000000000000e+00,-0.000000000000000000e+00,2.274552891401817600e+00,-7.229021146270921960e-01,0.000000000000000000e+00,-4.186263302596227587e-01,-0.000000000000000000e+00,-0.000000000000000000e+00,-0.000000000000000000e+00,-4.308219757934692029e-02,0.000000000000000000e+00,0.000000000000000000e+00,-0.000000000000000000e+00,0.000000000000000000e+00,-0.000000000000000000e+00,-0.000000000000000000e+00,0.000000000000000000e+00,-0.000000000000000000e+00,-8.062275143258054722e-02,0.000000000000000000e+00,-0.000000000000000000e+00,-0.000000000000000000e+00,0.000000000000000000e+00,-0.000000000000000000e+00
-1.005175752468375483e-01,-0.000000000000000000e+00,-0.000000000000000000e+00,-0.000000000000000000e+00,-5.426915499210137328e-02,0.000000000000000000e+00,-2.199033745876177726e-01,0.000000000000000000e+00,-0.000000000000000000e+00,-0.000000000000000000e+00,-0.000000000000000000e+00,-2.448591261912784478e-02,-0.000000000000000000e+00,-2.025909118443930956e-01,-0.000000000000000000e+00,-2.670993013952439044e-01,-0.000000000000000000e+00,-7.229021146270921960e-01,1.937359793099736605e+00,0.000000000000000000e+00,-1.833141928932491282e-01,-0.000000000000000000e+00,-0.000000000000000000e+00,-0.000000000000000000e+00,-0.000000000000000000e+00,0.000000000000000000e+00,0.000000000000000000e+00,0.000000000000000000e+00,-0.000000000000000000e+00,-0.000000000000000000e+00,-0.000000000000000000e+00,0.000000000000000000e+00,-0.000000000000000000e+00,-1.064946692311300180e-01,0.000000000000000000e+00,-0.000000000000000000e+00,0.000000000000000000e+00,-0.000000000000000000e+00,-0.000000000000000000e+00
-0.000000000000000000e+00,4.382521581427290536e-01,-0.000000000000000000e+00,0.000000000000000000e+00,-0.000000000000000000e+00,0.000000000000000000e+00,0.000000000000000000e+00,0.000000000000000000e+00,-0.000000000000000000e+00,-0.000000000000000000e+00,-0.000000000000000000e+00,0.000000000000000000e+00,-0.000000000000000000e+00,-0.000000000000000000e+00,-4.749705401381085212e-01,-0.000000000000000000e+00,-0.000000000000000000e+00,0.000000000000000000e+00,0.000000000000000000e+00,1.884547098520410469e+00,0.000000000000000000e+00,-5.121655634033662335e-02,3.917275013293215757e-02,0.000000000000000000e+00,0.000000000000000000e+00,-5.129305281468027333e-01,0.000000000000000000e+00,-4.343080678274348627e-01,-0.000000000000000000e+00,-0.000000000000000000e+00,0.000000000000000000e+00,0.000000000000000000e+00,-5.485087093643901263e-02,-0.000000000000000000e+00,-0.000000000000000000e+00,-0.000000000000000000e+00,1.385814787977609763e-01,-0.000000000000000000e+00,0.000000000000000000e+00
-0.000000000000000000e+00,-2.883729435614068026e-01,-0.000000000000000000e+00,-1.513415835406054996e-02,-0.000000000000000000e+00,-0.000000000000000000e+00,-0.000000000000000000e+00,1.934606270193920119e-01,-0.000000000000000000e+00,-0.000000000000000000e+00,0.000000000000000000e+00,-0.000000000000000000e+00,0.000000000000000000e+00,-0.000000000000000000e+00,0.000000000000000000e+00,-0.000000000000000000e+00,-0.000000000000000000e+00,-4.186263302596227587e-01,-1.833141928932491282e-01,0.000000000000000000e+00,1.614282310541992116e+00,-7.532358345927925303e-02,-0.000000000000000000e+00,-0.000000000000000000e+00,-0.000000000000000000e+00,0.000000000000000000e+00,-0.000000000000000000e+00,-0.000000000000000000e+00,-0.000000000000000000e+00,-1.158394225417258006e-01,-0.000000000000000000e+00,-0.000000000000000000e+00,-2.428884054558615863e-02,-5.617086065983076248e-02,0.000000000000000000e+00,-0.000000000000000000e+00,-0.000000000000000000e+00,-0.000000000000000000e+00,-0.000000000000000000e+00
-0.000000000000000000e+00,-0.000000000000000000e+00,-0.000000000000000000e+00,-2.326367277351417198e-02,-0.000000000000000000e+00,0.000000000000000000e+00,-2.442552879267430310e-01,0.000000000000000000e+00,-0.000000000000000000e+00,-1.247732748687629123e-01,-0.000000000000000000e+00,-0.000000000000000000e+00,-1.090810820811287801e-01,-0.000000000000000000e+00,-0.000000000000000000e+00,-2.135834138931458903e-01,-0.000000000000000000e+00,-0.000000000000000000e+00,-0.000000000000000000e+00,-5.121655634033662335e-02,-7.532358345927925303e-02,1.609810777355348277e+00,0.000000000000000000e+00,-0.000000000000000000e+00,-0.000000000000000000e+00,-0.000000000000000000e+00,0.000000000000000000e+00,-0.000000000000000000e+00,-0.000000000000000000e+00,-0.000000000000000000e+00,-0.000000000000000000e+00,-0.000000000000000000e+00,-6.128028929329880636e-01,-0.000000000000000000e+00,-0.000000000000000000e+00,-0.000000000000000000e+00,0.000000000000000000e+00,-0.000000000000000000e+00,-0.000000000000000000e+00
-0.000000000000000000e+00,-5.688198522392813317e-01,-0.000000000000000000e+00,-0.000000000000000000e+00,-0.000000000000000000e+00,-9.753600899905977284e-03,0.000000000000000000e+00,0.000000000000000000e+00,-5.516517878622594767e-02,-0.000000000000000000e+00,0.000000000000000000e+00,-0.000000000000000000e+00,0.000000000000000000e+00,-5.329099883254163894e-02,0.000000000000000000e+00,-0.000000000000000000e+00,-0.000000000000000000e+00,-0.000000000000000000e+00,-0.000000000000000000e+00,3.917275013293215757e-02,-0.000000000000000000e+00,0.000000000000000000e+00,1.873474423596843463e+00,-1.874634477062299132e-01,-4.890830955666278235e-01,-0.000000000000000000e+00,-0.000000000000000000e+00,0.000000000000000000e+00,-0.000000000000000000e+00,-0.000000000000000000e+00,-7.528316784220459579e-02,-0.000000000000000000e+00,-0.000000000000000000e+00,-0.000000000000000000e+00,0.000000000000000000e+00,-0.000000000000000000e+00,-1.098187610507296019e-01,-0.000000000000000000e+00,-2.593311014271492687e-01
-0.000000000000000000e+00,-1.717528915592429414e-02,-0.000000000000000000e+00,-1.079263735754395492e-01,-0.000000000000000000e+00,-6.665059603220339079e-01,0.000000000000000000e+00,0.000000000000000000e+00,-0.000000000000000000e+00,-0.000000000000000000e+00,-0.000000000000000000e+00,0.000000000000000000e+00,0.000000000000000000e+00,-0.000000000000000000e+00,0.000000000000000000e+00,0.000000000000000000e+00,0.000000000000000000e+00,-0.000000000000000000e+00,-0.000000000000000000e+00,0.000000000000000000e+00,-0.000000000000000000e+00,-0.000000000000000000e+00,-1.874634477062299132e-01,1.997039149146905945e+00,-2.920228619420113803e-01,-0.000000000000000000e+00,-4.962603882864000671e-01,-0.000000000000000000e+00,-0.000000000000000000e+00,-0.000000000000000000e+00,-0.000000000000000000e+00,-0.000000000000000000e+00,-0.000000000000000000e+00,0.000000000000000000e+00,-0.000000000000000000e+00,0.000000000000000000e+00,-3.097645820971526298e-01,0.000000000000000000e+00,0.000000000000000000e+00
-1.700787905550847634e-01,-1.282177623413972289e-01,-0.000000000000000000e+00,-0.000000000000000000e+00,-0.000000000000000000e+00,-0.000000000000000000e+00,-0.000000000000000000e+00,0.000000000000000000e+00,-1.787599549575456248e-01,-1.785996777076002962e-01,-0.000000000000000000e+00,-0.000000000000000000e+00,0.000000000000000000e+00,-2.257456513743635040e-01,-0.000000000000000000e+00,-0.000000000000000000e+00,-0.000000000000000000e+00,-4.308219757934692029e-02,-0.000000000000000000e+00,0.000000000000000000e+00,-0.000000000000000000e+00,-0.000000000000000000e+00,-4.890830955666278235e-01,-2.920228619420113803e-01,2.097849644404880642e+00,-0.000000000000000000e+00,-0.000000000000000000e+00,-0.000000000000000000e+00,-1.481749348031233537e-01,-1.683304988974396732e-01,-7.843955390053977683e-02,-0.000000000000000000e+00,-0.000000000000000000e+00,-0.000000000000000000e+00,-0.000000000000000000e+00,-0.000000000000000000e+00,-7.312265002728761398e-02,-0.000000000000000000e+00,-1.352589278764332048e-01
-0.000000000000000000e+00,0.000000000000000000e+00,-2.040461512222916524e-02,0.000000000000000000e+00,-0.000000000000000000e+00,0.000000000000000000e+00,0.000000000000000000e+00,0.000000000000000000e+00,-0.000000000000000000e+00,-0.000000000000000000e+00,-6.017696346697421622e-02,0.000000000000000000e+00,0.000000000000000000e+00,-0.000000000000000000e+00,-2.007207306415024484e-01,-0.000000000000000000e+00,-1.098621012765409605e-01,0.000000000000000000e+00,0.000000000000000000e+00,-5.129305281468027333e-01,0.000000000000000000e+00,-0.000000000000000000e+00,-0.000000000000000000e+00,-0.000000000000000000e+00,-0.000000000000000000e+00,2.342986691514596487e+00,0.000000000000000000e+00,-3.292370410852589191e-01,-4.604253240964236160e-01,-0.000000000000000000e+00,-0.000000000000000000e+00,-0.000000000000000000e+00,-1.157682562903101370e-01,-0.000000000000000000e+00,-1.416469452240950444e-01,-0.000000000000000000e+00,0.000000000000000000e+00,-6.183630368024544133e-01,-0.000000000000000000e+00
0.000000000000000000e+00,-1.386645125215034691e-01,0.000000000000000000e+00,-0.000000000000000000e+00,0.000000000000000000e+00,-0.000000000000000000e+00,0.000000000000000000e+00,0.000000000000000000e+00,0.000000000000000000e+00,0.000000000000000000e+00,0.000000000000000000e+00,0.000000000000000000e+00,0.000000000000000000e+00,0.000000000000000000e+00,5.710897109166578334e-01,0.000000000000000000e+00,0.000000000000000000e+00,0.000000000000000000e+00,0.000000000000000000e+00,0.000000000000000000e+00,-0.000000000000000000e+00,0.000000000000000000e+00,-0.000000000000000000e+00,-4.962603882864000671e-01,-0.000000000000000000e+00,0.000000000000000000e+00,2.076476797545697917e+00,-0.000000000000000000e+00,0.000000000000000000e+00,0.000000000000000000e+00,-0.000000000000000000e+00,-1.275105263094004904e-02,0.000000000000000000e+00,1.600172440165671950e-01,0.000000000000000000e+00,1.280965538063951088e-02,-6.716274170610878613e-01,0.000000000000000000e+00,-0.000000000000000000e+00
-4.387559543284170332e-03,0.000000000000000000e+00,-7.990588059776145835e-01,0.000000000000000000e+00,-0.000000000000000000e+00,0.000000000000000000e+00,7.198531414020996333e-02,2.512637233525741864e-01,-0.000000000000000000e+00,-0.000000000000000000e+00,-0.000000000000000000e+00,0.000000000000000000e+00,1.257749399991206322e-02,-0.000000000000000000e+00,-0.000000000000000000e+00,-0.000000000000000000e+00,-6.838730474286600081e-02,-0.000000000000000000e+00,0.000000000000000000e+00,-4.343080678274348627e-01,-0.000000000000000000e+00,-0.000000000000000000e+00,0.000000000000000000e+00,-0.000000000000000000e+00,-0.000000000000000000e+00,-3.292370410852589191e-01,-0.000000000000000000e+00,2.096131511778835499e+00,-0.000000000000000000e+00,-0.000000000000000000e+00,-0.000000000000000000e+00,0.000000000000000000e+00,-1.299558628432542218e-01,-0.000000000000000000e+00,0.000000000000000000e+00,-0.000000000000000000e+00,0.000000000000000000e+00,-0.000000000000000000e+00,-0.000000000000000000e+00
-0.000000000000000000e+00,0.000000000000000000e+00,-0.000000000000000000e+00,0.000000000000000000e+00,-0.000000000000000000e+00,-0.000000000000000000e+00,-0.000000000000000000e+00,0.000000000000000000e+00,-0.000000000000000000e+00,-0.000000000000000000e+00,-1.636976781322708741e-01,0.000000000000000000e+00,0.000000000000000000e+00,-3.799975032761899185e-01,-0.000000000000000000e+00,-0.000000000000000000e+00,-0.000000000000000000e+00,0.000000000000000000e+00,-0.000000000000000000e+00,-0.000000000000000000e+00,-0.000000000000000000e+00,-0.000000000000000000e+00,-0.000000000000000000e+00,-0.000000000000000000e+00,-1.481749348031233537e-01,-4.604253240964236160e-01,0.000000000000000000e+00,-0.000000000000000000e+00,2.377679598818952744e+00,-0.000000000000000000e+00,-0.000000000000000000e+00,-0.000000000000000000e+00,-2.605439480654156426e-01,0.000000000000000000e+00,-1.035718398276195051e+00,-0.000000000000000000e+00,-0.000000000000000000e+00,-0.000000000000000000e+00,-0.000000000000000000e+00
-4.495857174323286132e-01,-2.361917676024009316e-01,-2.561239747783838894e-02,-0.000000000000000000e+00,-1.073325214748694148e-02,0.000000000000000000e+00,0.000000000000000000e+00,1.024262482690652953e-01,-4.132845343711171182e-01,-6.013522483828857013e-01,0.000000000000000000e+00,-0.000000000000000000e+00,0.000000000000000000e+00,-1.806058945195912757e-01,-0.000000000000000000e+00,-2.870553716909816089e-01,-4.020640820308204848e-03,-0.000000000000000000e+00,-0.000000000000000000e+00,-0.000000000000000000e+00,-1.158394225417258006e-01,-0.000000000000000000e+00,-0.000000000000000000e+00,-0.000000000000000000e+00,-1.683304988974396732e-01,-0.000000000000000000e+00,0.000000000000000000e+00,-0.000000000000000000e+00,-0.000000000000000000e+00,2.883922501549243123e+00,-0.000000000000000000e+00,0.000000000000000000e+00,-0.000000000000000000e+00,-3.910751521058541263e-02,0.000000000000000000e+00,-4.039332241462846307e-01,0.000000000000000000e+00,-0.000000000000000000e+00,-0.000000000000000000e+00
-0.000000000000000000e+00,-0.000000000000000000e+00,-0.000000000000000000e+00,0.000000000000000000e+00,-0.000000000000000000e+00,-0.000000000000000000e+00,-0.000000000000000000e+00,1.587124791575026395e-01,-2.698865170951525450e-01,-4.516861228726282151e-02,-0.000000000000000000e+00,-7.012066347729530025e-03,0.000000000000000000e+00,-4.546245171397923501e-01,-0.000000000000000000e+00,-0.000000000000000000e+00,-1.218744556381550631e-01,-0.000000000000000000e+00,-0.000000000000000000e+00,0.000000000000000000e+00,-0.000000000000000000e+00,-0.000000000000000000e+00,-7.528316784220459579e-02,-0.000000000000000000e+00,-7.843955390053977683e-02,-0.000000000000000000e+00,-0.000000000000000000e+00,-0.000000000000000000e+00,-0.000000000000000000e+00,-0.000000000000000000e+00,1.814278970338126573e+00,-9.623060500113800320e-02,-2.522834279242791022e-01,-0.000000000000000000e+00,-0.000000000000000000e+00,-4.271241934301740761e-02,-0.000000000000000000e+00,-0.000000000000000000e+00,-1.042990803082822632e-01
0.000000000000000000e+00,-0.000000000000000000e+00,0.000000000000000000e+00,-0.000000000000000000e+00,0.000000000000000000e+00,-2.410925985143481942e-01,-1.443904639502832307e-02,-0.000000000000000000e+00,0.000000000000000000e+00,0.000000000000000000e+00,-4.252898302731135671e-01,-0.000000000000000000e+00,-0.000000000000000000e+00,-0.000000000000000000e+00,0.000000000000000000e+00,0.000000000000000000e+00,-0.000000000000000000e+00,0.000000000000000000e+00,0.000000000000000000e+00,0.000000000000000000e+00,-0.000000000000000000e+00,-0.000000000000000000e+00,-0.000000000000000000e+00,-0.000000000000000000e+00,-0.000000000000000000e+00,-0.000000000000000000e+00,-1.275105263094004904e-02,0.000000000000000000e+00,-0.000000000000000000e+00,0.000000000000000000e+00,-9.623060500113800320e-02,1.794294623564159030e+00,-0.000000000000000000e+00,0.000000000000000000e+00,-1.128019197129014051e-01,1.490833911988722390e-03,-7.992241738738558032e-01,0.000000000000000000e+00,-0.000000000000000000e+00
-1.467298453181807849e-01,-0.000000000000000000e+00,-0.000000000000000000e+00,-0.000000000000000000e+00,-0.000000000000000000e+00,-0.000000000000000000e+00,-5.352530383120722435e-02,0.000000000000000000e+00,-0.000000000000000000e+00,-0.000000000000000000e+00,-4.992651395903874856e-01,-0.000000000000000000e+00,-2.319386869594812842e-02,-1.788920033414422850e-01,-3.815930416256890778e-02,-0.000000000000000000e+00,-3.326313859918930693e-02,-0.000000000000000000e+00,-0.000000000000000000e+00,-5.485087093643901263e-02,-2.428884054558615863e-02,-6.128028929329880636e-01,-0.000000000000000000e+00,-0.000000000000000000e+00,-0.000000000000000000e+00,-1.157682562903101370e-01,0.000000000000000000e+00,-1.299558628432542218e-01,-2.605439480654156426e-01,-0.000000000000000000e+00,-2.522834279242791022e-01,-0.000000000000000000e+00,2.172350817762386921e+00,-0.000000000000000000e+00,-0.000000000000000000e+00,-0.000000000000000000e+00,0.000000000000000000e+00,-0.000000000000000000e+00,-0.000000000000000000e+00
-0.000000000000000000e+00,-0.000000000000000000e+00,-3.788015671782309080e-03,0.000000000000000000e+00,-3.514313471107243236e-01,3.834274029382282456e-01,-0.000000000000000000e+00,0.000000000000000000e+00,-1.355588739980950475e-01,-2.893591794688258334e-01,0.000000000000000000e+00,-5.533925903442712402e-01,0.000000000000000000e+00,-0.000000000000000000e+00,-2.790445564809715950e-01,-1.717064116238325722e-01,-1.450409707554899119e-02,-8.062275143258054722e-02,-1.064946692311300180e-01,-0.000000000000000000e+00,-5.617086065983076248e-02,-0.000000000000000000e+00,-0.000000000000000000e+00,0.000000000000000000e+00,-0.000000000000000000e+00,-0.000000000000000000e+00,1.600172440165671950e-01,-0.000000000000000000e+00,0.000000000000000000e+00,-3.910751521058541263e-02,-0.000000000000000000e+00,0.000000000000000000e+00,-0.000000000000000000e+00,2.596795426956903352e+00,0.000000000000000000e+00,-5.280953487383822642e-01,4.176463829710477457e-03,-0.000000000000000000e+00,-0.000000000000000000e+00
0.000000000000000000e+00,1.103876640203927673e-01,0.000000000000000000e+00,0.000000000000000000e+00,0.000000000000000000e+00,-2.463896310019740299e-01,-0.000000000000000000e+00,-0.000000000000000000e+00,0.000000000000000000e+00,0.000000000000000000e+00,-3.508898787146095266e-01,0.000000000000000000e+00,-0.000000000000000000e+00,-0.000000000000000000e+00,-0.000000000000000000e+00,0.000000000000000000e+00,0.000000000000000000e+00,0.000000000000000000e+00,0.000000000000000000e+00,-0.000000000000000000e+00,0.000000000000000000e+00,-0.000000000000000000e+00,0.000000000000000000e+00,-0.000000000000000000e+00,-0.000000000000000000e+00,-1.416469452240950444e-01,0.000000000000000000e+00,0.000000000000000000e+00,-1.035718398276195051e+00,0.000000000000000000e+00,-0.000000000000000000e+00,-1.128019197129014051e-01,-0.000000000000000000e+00,0.000000000000000000e+00,1.978358921353386757e+00,0.000000000000000000e+00,-0.000000000000000000e+00,-0.000000000000000000e+00,0.000000000000000000e+00
-0.000000000000000000e+00,-0.000000000000000000e+00,-1.764616845287471925e-01,0.000000000000000000e+00,-5.917932292193739570e-03,1.176120213108634328e-02,0.000000000000000000e+00,6.621746328344704779e-02,-1.479744415823846526e-01,-2.784381281136661945e-01,0.000000000000000000e+00,-0.000000000000000000e+00,1.179963584498099904e-01,-0.000000000000000000e+00,-2.037365102677489524e-03,-8.838647164393478861e-02,-0.000000000000000000e+00,-0.000000000000000000e+00,-0.000000000000000000e+00,-0.000000000000000000e+00,-0.000000000000000000e+00,-0.000000000000000000e+00,-0.000000000000000000e+00,0.000000000000000000e+00,-0.000000000000000000e+00,-0.000000000000000000e+00,1.280965538063951088e-02,-0.000000000000000000e+00,-0.000000000000000000e+00,-4.039332241462846307e-01,-4.271241934301740761e-02,1.490833911988722390e-03,-0.000000000000000000e+00,-5.280953487383822642e-01,0.000000000000000000e+00,2.010369255377566056e+00,0.000000000000000000e+00,-3.186974668750214030e-03,-0.000000000000000000e+00
0.000000000000000000e+00,-0.000000000000000000e+00,0.000000000000000000e+00,-0.000000000000000000e+00,0.000000000000000000e+00,-5.055029546234925952e-01,-0.000000000000000000e+00,-0.000000000000000000e+00,0.000000000000000000e+00,0.000000000000000000e+00,-0.000000000000000000e+00,0.000000000000000000e+00,0.000000000000000000e+00,-0.000000000000000000e+00,3.511552212705490450e-01,0.000000000000000000e+00,0.000000000000000000e+00,-0.000000000000000000e+00,0.000000000000000000e+00,1.385814787977609763e-01,-0.000000000000000000e+00,0.000000000000000000e+00,-1.098187610507296019e-01,-3.097645820971526298e-01,-7.312265002728761398e-02,0.000000000000000000e+00,-6.716274170610878613e-01,0.000000000000000000e+00,-0.000000000000000000e+00,0.000000000000000000e+00,-0.000000000000000000e+00,-7.992241738738558032e-01,0.000000000000000000e+00,4.176463829710477457e-03,-0.000000000000000000e+00,0.000000000000000000e+00,2.610426150896559605e+00,0.000000000000000000e+00,-0.000000000000000000e+00
-3.043079636727828441e-01,0.000000000000000000e+00,-0.000000000000000000e+00,4.852530922041457112e-02,-0.000000000000000000e+00,0.000000000000000000e+00,0.000000000000000000e+00,0.000000000000000000e+00,-2.488193789513357679e-01,-0.000000000000000000e+00,-0.000000000000000000e+00,-0.000000000000000000e+00,0.000000000000000000e+00,-1.773847579379544126e-01,-7.279523382475817650e-01,-0.000000000000000000e+00,-2.365111197272717347e-01,0.000000000000000000e+00,-0.000000000000000000e+00,-0.000000000000000000e+00,-0.000000000000000000e+00,-0.000000000000000000e+00,-0.000000000000000000e+00,0.000000000000000000e+00,-0.000000000000000000e+00,-6.183630368024544133e-01,0.000000000000000000e+00,-0.000000000000000000e+00,-0.000000000000000000e+00,-0.000000000000000000e+00,-0.000000000000000000e+00,0.000000000000000000e+00,-0.000000000000000000e+00,-0.000000000000000000e+00,-0.000000000000000000e+00,-3.186974668750214030e-03,0.000000000000000000e+00,2.328484679777429012e+00,-8.139466108271788125e-02
-1.395033841813112518e-01,-2.382396454480992520e-01,-0.000000000000000000e+00,-0.000000000000000000e+00,-0.000000000000000000e+00,0.000000000000000000e+00,0.000000000000000000e+00,0.000000000000000000e+00,-6.019180175490002060e-01,-1.030055456074082942e-01,-0.000000000000000000e+00,-8.243370055563826737e-01,0.000000000000000000e+00,-0.000000000000000000e+00,-0.000000000000000000e+00,-2.048478490628777293e-02,-0.000000000000000000e+00,-0.000000000000000000e+00,-0.000000000000000000e+00,0.000000000000000000e+00,-0.000000000000000000e+00,-0.000000000000000000e+00,-2.593311014271492687e-01,0.000000000000000000e+00,-1.352589278764332048e-01,-0.000000000000000000e+00,-0.000000000000000000e+00,-0.000000000000000000e+00,-0.000000000000000000e+00,-0.000000000000000000e+00,-1.042990803082822632e-01,-0.000000000000000000e+00,-0.000000000000000000e+00,-0.000000000000000000e+00,0.000000000000000000e+00,-0.000000000000000000e+00,-0.000000000000000000e+00,-8.139466108271788125e-02,2.422219146235160991e+00
