1.573757857598281795e+00,-9.811528727812776629e-02,-0.000000000000000000e+00,-0.000000000000000000e+00,-1.633574076990133850e-01,-0.000000000000000000e+00,-0.000000000000000000e+00,3.525066589505509301e-02,-0.000000000000000000e+00,-9.317977264392456049e-02,-0.000000000000000000e+00,-0.000000000000000000e+00,-0.000000000000000000e+00,-1.422812207442477883e-01,0.000000000000000000e+00,-6.673886864176250058e-03,-1.069866092486751324e-01,-0.000000000000000000e+00,-0.000000000000000000e+00,-0.000000000000000000e+00,-2.102834311070806567e-02,-0.000000000000000000e+00,-1.774305189545735684e-01,-0.000000000000000000e+00,-9.007202362514050986e-02,-1.768541785767908103e-01,-9.102843068258720249e-02,-0.000000000000000000e+00,-7.447309370567170572e-02,-0.000000000000000000e+00,-0.000000000000000000e+00,-0.000000000000000000e+00,-0.000000000000000000e+00,-0.000000000000000000e+00,-0.000000000000000000e+00,0.000000000000000000e+00,-0.000000000000000000e+00,-1.103891167926649153e-01,-0.000000000000000000e+00
-9.811528727812776629e-02,2.233444012302430171e+00,-0.000000000000000000e+00,-0.000000000000000000e+00,-0.000000000000000000e+00,-1.314589211991090134e-01,-0.000000000000000000e+00,0.000000000000000000e+00,-0.000000000000000000e+00,-3.510058855275495215e-01,-7.242738726260878127e-03,-0.000000000000000000e+00,-0.000000000000000000e+00,-0.000000000000000000e+00,0.000000000000000000e+00,-3.326004743957304832e-01,-8.851392837606918140e-02,-0.000000000000000000e+00,-0.000000000000000000e+00,-0.000000000000000000e+00,-1.906734893686352211e-02,-0.000000000000000000e+00,-0.000000000000000000e+00,-0.000000000000000000e+00,-2.165156869102519421e-01,-0.000000000000000000e+00,-0.000000000000000000e+00,-7.395586198519189802e-02,-1.007755623259575795e-01,-2.786896544929521723e-04,-0.000000000000000000e+00,-2.290099041409135727e-01,-4.214517547287194993e-02,0.000000000000000000e+00,-1.830720987116090936e-01,0.000000000000000000e+00,-2.275152259239657526e-01,-0.000000000000000000e+00,-7.373780789612206787e-02
-0.000000000000000000e+00,-0.000000000000000000e+00,2.691377393641233517e+00,-0.000000000000000000e+00,-0.000000000000000000e+00,-0.000000000000000000e+00,-1.532172086712050574e-01,7.271009108071970761e-01,-0.000000000000000000e+00,-0.000000000000000000e+00,-1.535149136050550228e-02,-2.670096743735000944e-01,-0.000000000000000000e+00,-4.989582031448257238e-02,0.000000000000000000e+00,-0.000000000000000000e+00,-1.072935487617352607e-01,-0.000000000000000000e+00,-0.000000000000000000e+00,-0.000000000000000000e+00,-9.424843427564610909e-02,-7.939591423293215766e-02,-0.000000000000000000e+00,-1.075583200511597837e-01,-2.739864886334064664e-02,-1.146677166918824153e-01,-3.033925681788264828e-01,-3.587929834998493939e-01,-0.000000000000000000e+00,-0.000000000000000000e+00,-4.107138297374865465e-02,-1.940420939153899085e-02,-1.199962970295952169e-01,-0.000000000000000000e+00,-0.000000000000000000e+00,0.000000000000000000e+00,-1.041043571998139378e-01,-0.000000000000000000e+00,-1.115095969250642638e-01
-0.000000000000000000e+00,-0.000000000000000000e+00,-0.000000000000000000e+00,1.303681057016210953e+00,-3.459081676012104069e-03,-0.000000000000000000e+00,-5.476514976198472162e-01,0.000000000000000000e+00,-0.000000000000000000e+00,-0.000000000000000000e+00,-0.000000000000000000e+00,-1.156595682586575163e-01,-0.000000000000000000e+00,-0.000000000000000000e+00,-0.000000000000000000e+00,-0.000000000000000000e+00,-0.000000000000000000e+00,-7.700640034685347912e-02,-0.000000000000000000e+00,-0.000000000000000000e+00,0.000000000000000000e+00,-0.000000000000000000e+00,-0.000000000000000000e+00,-0.000000000000000000e+00,-0.000000000000000000e+00,-0.000000000000000000e+00,-0.000000000000000000e+00,-0.000000000000000000e+00,-0.000000000000000000e+00,-0.000000000000000000e+00,-0.000000000000000000e+00,-0.000000000000000000e+00,-0.000000000000000000e+00,-0.000000000000000000e+00,-0.000000000000000000e+00,0.000000000000000000e+00,-0.000000000000000000e+00,-0.000000000000000000e+00,-2.355251826568463200e-02
-1.633574076990133850e-01,-0.000000000000000000e+00,-0.000000000000000000e+00,-3.459081676012104069e-03,1.743414947345535371e+00,-0.000000000000000000e+00,-0.000000000000000000e+00,0.000000000000000000e+00,-2.807653850357260117e-01,-0.000000000000000000e+00,-0.000000000000000000e+00,-2.074242287201125690e-01,-0.000000000000000000e+00,-0.000000000000000000e+00,-0.000000000000000000e+00,-0.000000000000000000e+00,-0.000000000000000000e+00,-5.033619577003504153e-01,-8.330918299140396832e-02,0.000000000000000000e+00,-0.000000000000000000e+00,-0.000000000000000000e+00,-0.000000000000000000e+00,-0.000000000000000000e+00,-0.000000000000000000e+00,-4.130181648743454269e-04,-0.000000000000000000e+00,-0.000000000000000000e+00,-0.000000000000000000e+00,-0.000000000000000000e+00,-5.984989776905111358e-02,-0.000000000000000000e+00,-0.000000000000000000e+00,-4.323848555709489672e-01,-0.000000000000000000e+00,0.000000000000000000e+00,-0.000000000000000000e+00,-0.000000000000000000e+00,-0.000000000000000000e+00
-0.000000000000000000e+00,-1.314589211991090134e-01,-0.000000000000000000e+00,-0.000000000000000000e+00,-0.000000000000000000e+00,2.557128050824963417e+00,-7.680387570317089019e-02,0.000000000000000000e+00,-0.000000000000000000e+00,-0.000000000000000000e+00,-2.985764473192024093e-01,-0.000000000000000000e+00,-2.087157371005244066e-01,-0.000000000000000000e+00,0.000000000000000000e+00,-0.000000000000000000e+00,-2.555838261755142282e-01,0.000000000000000000e+00,-0.000000000000000000e+00,-0.000000000000000000e+00,-0.000000000000000000e+00,-2.345991809365033376e-02,-0.000000000000000000e+00,-2.079314238067615228e-01,-0.000000000000000000e+00,-0.000000000000000000e+00,-0.000000000000000000e+00,-0.000000000000000000e+00,-3.540439848560129610e-01,-0.000000000000000000e+00,-0.000000000000000000e+00,-3.214548371852489761e-01,-1.814806248895832474e-01,0.000000000000000000e+00,-2.148091182153766543e-01,0.000000000000000000e+00,-1.936727039480657109e-01,-0.000000000000000000e+00,-0.000000000000000000e+00
-0.000000000000000000e+00,-0.000000000000000000e+00,-1.532172086712050574e-01,-5.476514976198472162e-01,-0.000000000000000000e+00,-7.680387570317089019e-02,1.627635233079929522e+00,0.000000000000000000e+00,-0.000000000000000000e+00,-0.000000000000000000e+00,-0.000000000000000000e+00,-0.000000000000000000e+00,-5.622321926869194159e-02,-0.000000000000000000e+00,0.000000000000000000e+00,-0.000000000000000000e+00,-1.579181643505208898e-01,-0.000000000000000000e+00,-1.601169359700968173e-02,-0.000000000000000000e+00,-0.000000000000000000e+00,-0.000000000000000000e+00,-3.357332234185141789e-02,-1.528383320829852510e-01,-8.068103300579208825e-02,-0.000000000000000000e+00,-0.000000000000000000e+00,-9.205348630550484745e-02,-0.000000000000000000e+00,-0.000000000000000000e+00,-0.000000000000000000e+00,-4.146949600179244966e-02,-1.704110913339798930e-02,0.000000000000000000e+00,-0.000000000000000000e+00,0.000000000000000000e+00,-0.000000000000000000e+00,-0.000000000000000000e+00,-0.000000000000000000e+00
3.525066589505509301e-02,0.000000000000000000e+00,7.271009108071970761e-01,0.000000000000000000e+00,0.000000000000000000e+00,0.000000000000000000e+00,0.000000000000000000e+00,2.582125067288843390e+00,0.000000000000000000e+00,0.000000000000000000e+00,0.000000000000000000e+00,2.649183236027282673e-01,0.000000000000000000e+00,1.228987080160142270e-01,-0.000000000000000000e+00,0.000000000000000000e+00,5.868613665856860229e-02,0.000000000000000000e+00,0.000000000000000000e+00,0.000000000000000000e+00,3.465709196152848004e-01,9.616884361721593499e-02,0.000000000000000000e+00,9.495936543976506161e-02,2.892847096413684517e-05,1.294517379655189815e-01,2.485182850773368923e-01,2.846908742114729329e-01,0.000000000000000000e+00,0.000000000000000000e+00,0.000000000000000000e+00,0.000000000000000000e+00,8.414794881345688538e-02,0.000000000000000000e+00,0.000000000000000000e+00,-0.000000000000000000e+00,1.095225359764038509e-01,0.000000000000000000e+00,0.000000000000000000e+00
-0.000000000000000000e+00,-0.000000000000000000e+00,-0.000000000000000000e+00,-0.000000000000000000e+00,-2.807653850357260117e-01,-0.000000000000000000e+00,-0.000000000000000000e+00,0.000000000000000000e+00,2.069249410743171591e+00,-0.000000000000000000e+00,-0.000000000000000000e+00,-2.564665649045941298e-01,-0.000000000000000000e+00,-1.507531388463374811e-01,-0.000000000000000000e+00,-1.295588073970890541e-01,-0.000000000000000000e+00,-4.624795574460318498e-02,-1.808901289106802923e-01,-0.000000000000000000e+00,-0.000000000000000000e+00,-0.000000000000000000e+00,-2.107278006164298445e-01,-0.000000000000000000e+00,-2.501238034903905394e-01,-2.098508136434966420e-01,-1.436271984564057580e-01,-1.372699442733247253e-02,-0.000000000000000000e+00,-1.079338345676974231e-01,-2.465819014479552710e-03,-0.000000000000000000e+00,-0.000000000000000000e+00,-0.000000000000000000e+00,-0.000000000000000000e+00,-0.000000000000000000e+00,-0.000000000000000000e+00,-0.000000000000000000e+00,-2.383037678716214969e-01
-9.317977264392456049e-02,-3.510058855275495215e-01,-0.000000000000000000e+00,-0.000000000000000000e+00,-0.000000000000000000e+00,-0.000000000000000000e+00,-0.000000000000000000e+00,0.000000000000000000e+00,-0.000000000000000000e+00,2.234374922726897861e+00,-0.000000000000000000e+00,-1.319809528509952729e-03,-1.702468806740058821e-02,-9.935822047242569288e-02,-0.000000000000000000e+00,-6.533655394444567444e-01,-8.141738586616854845e-02,-0.000000000000000000e+00,-0.000000000000000000e+00,-0.000000000000000000e+00,-1.028641404012540193e-02,-4.337924350284153713e-02,-1.995321426742159010e-01,-7.117993648124337769e-02,-1.216423846845177958e-01,-0.000000000000000000e+00,-0.000000000000000000e+00,-0.000000000000000000e+00,-7.103858511034102409e-03,-1.540915444915794963e-01,-0.000000000000000000e+00,-2.084688692615192518e-01,-0.000000000000000000e+00,0.000000000000000000e+00,-2.825774029293569994e-02,0.000000000000000000e+00,-6.799798736355346096e-02,-0.000000000000000000e+00,-0.000000000000000000e+00
-0.000000000000000000e+00,-7.242738726260878127e-03,-1.535149136050550228e-02,-0.000000000000000000e+00,-0.000000000000000000e+00,-2.985764473192024093e-01,-0.000000000000000000e+00,0.000000000000000000e+00,-0.000000000000000000e+00,-0.000000000000000000e+00,2.465226769227470083e+00,-0.000000000000000000e+00,-0.000000000000000000e+00,-2.327614096595540666e-02,0.000000000000000000e+00,-0.000000000000000000e+00,-3.754743255043908601e-01,-0.000000000000000000e+00,-0.000000000000000000e+00,-0.000000000000000000e+00,-1.344353554000433481e-04,-2.200034043152921670e-01,-0.000000000000000000e+00,-2.447239461993054588e-01,-4.259417304644808749e-02,-0.000000000000000000e+00,-1.243833587029964521e-01,-5.907969433377676521e-02,-2.712959209331892163e-01,-0.000000000000000000e+00,-0.000000000000000000e+00,-1.937075553977883613e-01,-2.290894518289021131e-01,0.000000000000000000e+00,-1.234319504816044077e-01,0.000000000000000000e+00,-9.356130085378309980e-02,-0.000000000000000000e+00,-2.643460978629960656e-02
-0.000000000000000000e+00,-0.000000000000000000e+00,-2.670096743735000944e-01,-1.156595682586575163e-01,-2.074242287201125690e-01,-0.000000000000000000e+00,-0.000000000000000000e+00,2.649183236027282673e-01,-2.564665649045941298e-01,-1.319809528509952729e-03,-0.000000000000000000e+00,1.740799105507321531e+00,-0.000000000000000000e+00,-0.000000000000000000e+00,-0.000000000000000000e+00,-0.000000000000000000e+00,-3.234045072761972117e-02,-0.000000000000000000e+00,-0.000000000000000000e+00,-0.000000000000000000e+00,-8.036020324950533117e-03,-1.549452311036327301e-01,-4.461580053559696668e-02,-0.000000000000000000e+00,-0.000000000000000000e+00,-0.000000000000000000e+00,-0.000000000000000000e+00,-9.846936432802351480e-02,-0.000000000000000000e+00,-0.000000000000000000e+00,-0.000000000000000000e+00,-0.000000000000000000e+00,-0.000000000000000000e+00,-0.000000000000000000e+00,-0.000000000000000000e+00,0.000000000000000000e+00,-0.000000000000000000e+00,-0.000000000000000000e+00,-1.415062969184437691e-01
-0.000000000000000000e+00,-0.000000000000000000e+00,-0.000000000000000000e+00,-0.000000000000000000e+00,-0.000000000000000000e+00,-2.087157371005244066e-01,-5.622321926869194159e-02,0.000000000000000000e+00,-0.000000000000000000e+00,-1.702468806740058821e-02,-0.000000000000000000e+00,-0.000000000000000000e+00,2.332134201583482724e+00,-0.000000000000000000e+00,0.000000000000000000e+00,-0.000000000000000000e+00,-1.109125402694521173e-01,0.000000000000000000e+00,-0.000000000000000000e+00,-0.000000000000000000e+00,-1.490440689111486583e-01,-3.205792766920948500e-01,-0.000000000000000000e+00,-4.336519561338791212e-02,-0.000000000000000000e+00,-0.000000000000000000e+00,-0.000000000000000000e+00,-0.000000000000000000e+00,-5.011710702122025574e-02,-0.000000000000000000e+00,-0.000000000000000000e+00,-3.128168433264673642e-01,-3.444723844051539308e-01,3.268811942629738787e-02,-2.960151457793663843e-01,6.219893181291809292e-02,-2.649229228344552323e-01,-0.000000000000000000e+00,-0.000000000000000000e+00
-1.422812207442477883e-01,-0.000000000000000000e+00,-4.989582031448257238e-02,-0.000000000000000000e+00,-0.000000000000000000e+00,-0.000000000000000000e+00,-0.000000000000000000e+00,1.228987080160142270e-01,-1.507531388463374811e-01,-9.935822047242569288e-02,-2.327614096595540666e-02,-0.000000000000000000e+00,-0.000000000000000000e+00,1.800725490247930161e+00,-0.000000000000000000e+00,-1.092592368005903918e-02,-0.000000000000000000e+00,-0.000000000000000000e+00,-0.000000000000000000e+00,-0.000000000000000000e+00,-0.000000000000000000e+00,-0.000000000000000000e+00,-9.606392302692955132e-02,-3.470542971703314827e-01,-5.785866027787920501e-02,-1.607300846492742130e-01,-1.175925176476920325e-01,-0.000000000000000000e+00,-3.691916423527734359e-02,-0.000000000000000000e+00,-1.720119306104386236e-01,-2.038920120089712448e-02,-0.000000000000000000e+00,0.000000000000000000e+00,-0.000000000000000000e+00,0.000000000000000000e+00,-0.000000000000000000e+00,-0.000000000000000000e+00,-6.820753923142529318e-02
0.000000000000000000e+00,0.000000000000000000e+00,0.000000000000000000e+00,-0.000000000000000000e+00,-0.000000000000000000e+00,0.000000000000000000e+00,0.000000000000000000e+00,-0.000000000000000000e+00,-0.000000000000000000e+00,-0.000000000000000000e+00,0.000000000000000000e+00,-0.000000000000000000e+00,0.000000000000000000e+00,-0.000000000000000000e+00,1.089376284826502062e+00,-0.000000000000000000e+00,0.000000000000000000e+00,-0.000000000000000000e+00,-0.000000000000000000e+00,0.000000000000000000e+00,0.000000000000000000e+00,0.000000000000000000e+00,-0.000000000000000000e+00,0.000000000000000000e+00,-0.000000000000000000e+00,0.000000000000000000e+00,0.000000000000000000e+00,0.000000000000000000e+00,0.000000000000000000e+00,-1.141018134440958676e-01,-0.000000000000000000e+00,0.000000000000000000e+00,0.000000000000000000e+00,-2.260675983736058769e-01,0.000000000000000000e+00,-1.369186697675014823e-02,0.000000000000000000e+00,-1.368642944008338913e-01,-0.000000000000000000e+00
-6.673886864176250058e-03,-3.326004743957304832e-01,-0.000000000000000000e+00,-0.000000000000000000e+00,-0.000000000000000000e+00,-0.000000000000000000e+00,-0.000000000000000000e+00,0.000000000000000000e+00,-1.295588073970890541e-01,-6.533655394444567444e-01,-0.000000000000000000e+00,-0.000000000000000000e+00,-0.000000000000000000e+00,-1.092592368005903918e-02,-0.000000000000000000e+00,2.100413980452921603e+00,-0.000000000000000000e+00,-0.000000000000000000e+00,-0.000000000000000000e+00,-0.000000000000000000e+00,-0.000000000000000000e+00,-0.000000000000000000e+00,-2.249974526938865460e-01,-0.000000000000000000e+00,-1.681567511545491445e-01,-0.000000000000000000e+00,-0.000000000000000000e+00,-6.057344300271005205e-02,-0.000000000000000000e+00,-3.712918563352790580e-01,-0.000000000000000000e+00,-0.000000000000000000e+00,-0.000000000000000000e+00,0.000000000000000000e+00,-0.000000000000000000e+00,-0.000000000000000000e+00,-0.000000000000000000e+00,-0.000000000000000000e+00,-6.833377745003722803e-02
-1.069866092486751324e-01,-8.851392837606918140e-02,-1.072935487617352607e-01,-0.000000000000000000e+00,-0.000000000000000000e+00,-2.555838261755142282e-01,-1.579181643505208898e-01,5.868613665856860229e-02,-0.000000000000000000e+00,-8.141738586616854845e-02,-3.754743255043908601e-01,-3.234045072761972117e-02,-1.109125402694521173e-01,-0.000000000000000000e+00,0.000000000000000000e+00,-0.000000000000000000e+00,2.679663617826299138e+00,-0.000000000000000000e+00,-0.000000000000000000e+00,-0.000000000000000000e+00,-0.000000000000000000e+00,-2.372357220740125838e-01,-1.376581725905267339e-01,-1.068847785089884900e-01,-0.000000000000000000e+00,-0.000000000000000000e+00,-0.000000000000000000e+00,-1.228341487368117269e-01,-2.664643377513943312e-01,-0.000000000000000000e+00,-0.000000000000000000e+00,-2.390632830004220666e-01,-2.116485010818028034e-01,0.000000000000000000e+00,-0.000000000000000000e+00,0.000000000000000000e+00,-6.744386752703902810e-02,-0.000000000000000000e+00,-0.000000000000000000e+00
-0.000000000000000000e+00,-0.000000000000000000e+00,-0.000000000000000000e+00,-7.700640034685347912e-02,-5.033619577003504153e-01,0.000000000000000000e+00,-0.000000000000000000e+00,0.000000000000000000e+00,-4.624795574460318498e-02,-0.000000000000000000e+00,-0.000000000000000000e+00,-0.000000000000000000e+00,0.000000000000000000e+00,-0.000000000000000000e+00,-0.000000000000000000e+00,-0.000000000000000000e+00,-0.000000000000000000e+00,1.732043740264272547e+00,-6.917089994654378460e-01,0.000000000000000000e+00,-0.000000000000000000e+00,-0.000000000000000000e+00,-0.000000000000000000e+00,-0.000000000000000000e+00,-0.000000000000000000e+00,-2.690251795934182205e-02,-0.000000000000000000e+00,-0.000000000000000000e+00,-0.000000000000000000e+00,-0.000000000000000000e+00,-0.000000000000000000e+00,-0.000000000000000000e+00,-0.000000000000000000e+00,-1.643172712829991944e-01,-0.000000000000000000e+00,0.000000000000000000e+00,-0.000000000000000000e+00,0.000000000000000000e+00,-0.000000000000000000e+00
-0.000000000000000000e+00,-0.000000000000000000e+00,-0.000000000000000000e+00,-0.000000000000000000e+00,-8.330918299140396832e-02,-0.000000000000000000e+00,-1.601169359700968173e-02,0.000000000000000000e+00,-1.808901289106802923e-01,-0.000000000000000000e+00,-0.000000000000000000e+00,-0.000000000000000000e+00,-0.000000000000000000e+00,-0.000000000000000000e+00,-0.000000000000000000e+00,-0.000000000000000000e+00,-0.000000000000000000e+00,-6.917089994654378460e-01,1.624808041330645381e+00,0.000000000000000000e+00,-0.000000000000000000e+00,-0.000000000000000000e+00,-1.782761802021025355e-01,-0.000000000000000000e+00,-5.736503922458766752e-02,-6.282165632532597799e-02,-0.000000000000000000e+00,-0.000000000000000000e+00,-0.000000000000000000e+00,-9.224164458728283111e-02,-0.000000000000000000e+00,-0.000000000000000000e+00,-0.000000000000000000e+00,-0.000000000000000000e+00,-0.000000000000000000e+00,0.000000000000000000e+00,-0.000000000000000000e+00,-0.000000000000000000e+00,-0.000000000000000000e+00
-0.000000000000000000e+00,-0.000000000000000000e+00,-0.000000000000000000e+00,-0.000000000000000000e+00,0.000000000000000000e+00,-0.000000000000000000e+00,-0.000000000000000000e+00,0.000000000000000000e+00,-0.000000000000000000e+00,-0.000000000000000000e+00,-0.000000000000000000e+00,-0.000000000000000000e+00,-0.000000000000000000e+00,-0.000000000000000000e+00,0.000000000000000000e+00,-0.000000000000000000e+00,-0.000000000000000000e+00,0.000000000000000000e+00,0.000000000000000000e+00,1.112623978577392592e+00,-1.953216932064121558e-01,-1.992590536591004602e-01,-0.000000000000000000e+00,-0.000000000000000000e+00,-0.000000000000000000e+00,-0.000000000000000000e+00,-0.000000000000000000e+00,-0.000000000000000000e+00,-0.000000000000000000e+00,-0.000000000000000000e+00,0.000000000000000000e+00,-0.000000000000000000e+00,-0.000000000000000000e+00,0.000000000000000000e+00,-0.000000000000000000e+00,0.000000000000000000e+00,-0.000000000000000000e+00,-0.000000000000000000e+00,-0.000000000000000000e+00
-2.102834311070806567e-02,-1.906734893686352211e-02,-9.424843427564610909e-02,0.000000000000000000e+00,-0.000000000000000000e+00,-0.000000000000000000e+00,-0.000000000000000000e+00,3.465709196152848004e-01,-0.000000000000000000e+00,-1.028641404012540193e-02,-1.344353554000433481e-04,-8.036020324950533117e-03,-1.490440689111486583e-01,-0.000000000000000000e+00,0.000000000000000000e+00,-0.000000000000000000e+00,-0.000000000000000000e+00,-0.000000000000000000e+00,-0.000000000000000000e+00,-1.953216932064121558e-01,1.832132130953077365e+00,-5.477424023665576902e-01,-0.000000000000000000e+00,-0.000000000000000000e+00,-0.000000000000000000e+00,-0.000000000000000000e+00,-1.417833187270111164e-02,-0.000000000000000000e+00,-0.000000000000000000e+00,-0.000000000000000000e+00,-0.000000000000000000e+00,-0.000000000000000000e+00,-0.000000000000000000e+00,0.000000000000000000e+00,-1.938683453071846363e-01,0.000000000000000000e+00,-0.000000000000000000e+00,-0.000000000000000000e+00,-0.000000000000000000e+00
-0.000000000000000000e+00,-0.000000000000000000e+00,-7.939591423293215766e-02,-0.000000000000000000e+00,-0.000000000000000000e+00,-2.345991809365033376e-02,-0.000000000000000000e+00,9.616884361721593499e-02,-0.000000000000000000e+00,-4.337924350284153713e-02,-2.200034043152921670e-01,-1.549452311036327301e-01,-3.205792766920948500e-01,-0.000000000000000000e+00,0.000000000000000000e+00,-0.000000000000000000e+00,-2.372357220740125838e-01,-0.000000000000000000e+00,-0.000000000000000000e+00,-1.992590536591004602e-01,-5.477424023665576902e-01,2.683876056056031967e+00,-0.000000000000000000e+00,-2.581870963844751579e-02,-9.268256620416959191e-02,-0.000000000000000000e+00,-5.722750724654514232e-02,-5.620358907629527390e-02,-1.869912175694033729e-01,-0.000000000000000000e+00,-0.000000000000000000e+00,-8.362950627501965217e-02,-1.291199840109714947e-01,0.000000000000000000e+00,-2.298645350104136509e-01,0.000000000000000000e+00,-1.071605566697665102e-01,-0.000000000000000000e+00,-0.000000000000000000e+00
-1.774305189545735684e-01,-0.000000000000000000e+00,-0.000000000000000000e+00,-0.000000000000000000e+00,-0.000000000000000000e+00,-0.000000000000000000e+00,-3.357332234185141789e-02,0.000000000000000000e+00,-2.107278006164298445e-01,-1.995321426742159010e-01,-0.000000000000000000e+00,-4.461580053559696668e-02,-0.000000000000000000e+00,-9.606392302692955132e-02,-0.000000000000000000e+00,-2.249974526938865460e-01,-1.376581725905267339e-01,-0.000000000000000000e+00,-1.782761802021025355e-01,-0.000000000000000000e+00,-0.000000000000000000e+00,-0.000000000000000000e+00,2.179655082222608620e+00,-1.044244513477443070e-01,-4.111996373357671430e-01,-1.120813143646116755e-01,-0.000000000000000000e+00,-3.707103492708271192e-02,-1.673868050975430705e-02,-1.746596775807479282e-02,-1.058696168315925168e-01,-1.312172442306018261e-01,-0.000000000000000000e+00,0.000000000000000000e+00,-0.000000000000000000e+00,-0.000000000000000000e+00,-3.618507705163326576e-03,-0.000000000000000000e+00,-5.273932988377502684e-02
-0.000000000000000000e+00,-0.000000000000000000e+00,-1.075583200511597837e-01,-0.000000000000000000e+00,-0.000000000000000000e+00,-2.079314238067615228e-01,-1.528383320829852510e-01,9.495936543976506161e-02,-0.000000000000000000e+00,-7.117993648124337769e-02,-2.447239461993054588e-01,-0.000000000000000000e+00,-4.336519561338791212e-02,-3.470542971703314827e-01,0.000000000000000000e+00,-0.000000000000000000e+00,-1.068847785089884900e-01,-0.000000000000000000e+00,-0.000000000000000000e+00,-0.000000000000000000e+00,-0.000000000000000000e+00,-2.581870963844751579e-02,-1.044244513477443070e-01,2.653794146010053812e+00,-5.124468574381679103e-02,-0.000000000000000000e+00,-7.350528710742780525e-02,-1.496161331637138603e-01,-3.017225206058368747e-01,-0.000000000000000000e+00,-0.000000000000000000e+00,-2.138749214681087141e-01,-7.665869273648437399e-02,0.000000000000000000e+00,-1.620458511657469347e-01,0.000000000000000000e+00,-2.051133989562297644e-01,-0.000000000000000000e+00,-0.000000000000000000e+00
-9.007202362514050986e-02,-2.165156869102519421e-01,-2.739864886334064664e-02,-0.000000000000000000e+00,-0.000000000000000000e+00,-0.000000000000000000e+00,-8.068103300579208825e-02,2.892847096413684517e-05,-2.501238034903905394e-01,-1.216423846845177958e-01,-4.259417304644808749e-02,-0.000000000000000000e+00,-0.000000000000000000e+00,-5.785866027787920501e-02,-0.000000000000000000e+00,-1.681567511545491445e-01,-0.000000000000000000e+00,-0.000000000000000000e+00,-5.736503922458766752e-02,-0.000000000000000000e+00,-0.000000000000000000e+00,-9.268256620416959191e-02,-4.111996373357671430e-01,-5.124468574381679103e-02,2.309761272575057145e+00,-1.620542231611886430e-01,-1.861970724601310079e-01,-1.519672190618843455e-01,-7.119124561905568194e-02,-1.742025181427348662e-02,-0.000000000000000000e+00,-0.000000000000000000e+00,-0.000000000000000000e+00,0.000000000000000000e+00,-0.000000000000000000e+00,0.000000000000000000e+00,-2.921737525110330858e-02,-0.000000000000000000e+00,-1.174026614659377521e-01
-1.768541785767908103e-01,-0.000000000000000000e+00,-1.146677166918824153e-01,-0.000000000000000000e+00,-4.130181648743454269e-04,-0.000000000000000000e+00,-0.000000000000000000e+00,1.294517379655189815e-01,-2.098508136434966420e-01,-0.000000000000000000e+00,-0.000000000000000000e+00,-0.000000000000000000e+00,-0.000000000000000000e+00,-1.607300846492742130e-01,0.000000000000000000e+00,-0.000000000000000000e+00,-0.000000000000000000e+00,-2.690251795934182205e-02,-6.282165632532597799e-02,-0.000000000000000000e+00,-0.000000000000000000e+00,-0.000000000000000000e+00,-1.120813143646116755e-01,-0.000000000000000000e+00,-1.620542231611886430e-01,1.999439062490315999e+00,-4.843840714151025906e-01,-1.858102220585923503e-01,-0.000000000000000000e+00,-0.000000000000000000e+00,-7.147923057457578055e-02,-0.000000000000000000e+00,-0.000000000000000000e+00,-0.000000000000000000e+00,-0.000000000000000000e+00,0.000000000000000000e+00,-0.000000000000000000e+00,-0.000000000000000000e+00,-0.000000000000000000e+00
-9.102843068258720249e-02,-0.000000000000000000e+00,-3.033925681788264828e-01,-0.000000000000000000e+00,-0.000000000000000000e+00,-0.000000000000000000e+00,-0.000000000000000000e+00,2.485182850773368923e-01,-1.436271984564057580e-01,-0.000000000000000000e+00,-1.243833587029964521e-01,-0.000000000000000000e+00,-0.000000000000000000e+00,-1.175925176476920325e-01,0.000000000000000000e+00,-0.000000000000000000e+00,-0.000000000000000000e+00,-0.000000000000000000e+00,-0.000000000000000000e+00,-0.000000000000000000e+00,-1.417833187270111164e-02,-5.722750724654514232e-02,-0.000000000000000000e+00,-7.350528710742780525e-02,-1.861970724601310079e-01,-4.843840714151025906e-01,2.557136081736942845e+00,-3.533996715374962960e-01,-3.199673974018932276e-02,-0.000000000000000000e+00,-0.000000000000000000e+00,-0.000000000000000000e+00,-3.844076505205495931e-02,0.000000000000000000e+00,-1.397368056329864605e-01,0.000000000000000000e+00,-1.415012252782238411e-01,-0.000000000000000000e+00,-5.931993212355318734e-02
-0.000000000000000000e+00,-7.395586198519189802e-02,-3.587929834998493939e-01,-0.000000000000000000e+00,-0.000000000000000000e+00,-0.000000000000000000e+00,-9.205348630550484745e-02,2.846908742114729329e-01,-1.372699442733247253e-02,-0.000000000000000000e+00,-5.907969433377676521e-02,-9.846936432802351480e-02,-0.000000000000000000e+00,-0.000000000000000000e+00,0.000000000000000000e+00,-6.057344300271005205e-02,-1.228341487368117269e-01,-0.000000000000000000e+00,-0.000000000000000000e+00,-0.000000000000000000e+00,-0.000000000000000000e+00,-5.620358907629527390e-02,-3.707103492708271192e-02,-1.496161331637138603e-01,-1.519672190618843455e-01,-1.858102220585923503e-01,-3.533996715374962960e-01,2.731443392092583800e+00,-7.593148833849176771e-02,-0.000000000000000000e+00,-0.000000000000000000e+00,-5.510961608615631835e-02,-2.011630254046090360e-01,0.000000000000000000e+00,-1.157655206933500547e-01,0.000000000000000000e+00,-2.121917335664351978e-01,-0.000000000000000000e+00,-9.650027562912091850e-02
-7.447309370567170572e-02,-1.007755623259575795e-01,-0.000000000000000000e+00,-0.000000000000000000e+00,-0.000000000000000000e+00,-3.540439848560129610e-01,-0.000000000000000000e+00,0.000000000000000000e+00,-0.000000000000000000e+00,-7.103858511034102409e-03,-2.712959209331892163e-01,-0.000000000000000000e+00,-5.011710702122025574e-02,-3.691916423527734359e-02,0.000000000000000000e+00,-0.000000000000000000e+00,-2.664643377513943312e-01,-0.000000000000000000e+00,-0.000000000000000000e+00,-0.000000000000000000e+00,-0.000000000000000000e+00,-1.869912175694033729e-01,-1.673868050975430705e-02,-3.017225206058368747e-01,-7.119124561905568194e-02,-0.000000000000000000e+00,-3.199673974018932276e-02,-7.593148833849176771e-02,2.722050728039425049e+00,-0.000000000000000000e+00,-0.000000000000000000e+00,-8.917307308814961808e-02,-1.665383189076598269e-01,0.000000000000000000e+00,-3.745870731180359070e-01,4.146410436735491201e-02,-2.273015065965566517e-01,-0.000000000000000000e+00,-0.000000000000000000e+00
-0.000000000000000000e+00,-2.786896544929521723e-04,-0.000000000000000000e+00,-0.000000000000000000e+00,-0.000000000000000000e+00,-0.000000000000000000e+00,-0.000000000000000000e+00,0.000000000000000000e+00,-1.079338345676974231e-01,-1.540915444915794963e-01,-0.000000000000000000e+00,-0.000000000000000000e+00,-0.000000000000000000e+00,-0.000000000000000000e+00,-1.141018134440958676e-01,-3.712918563352790580e-01,-0.000000000000000000e+00,-0.000000000000000000e+00,-9.224164458728283111e-02,-0.000000000000000000e+00,-0.000000000000000000e+00,-0.000000000000000000e+00,-1.746596775807479282e-02,-0.000000000000000000e+00,-1.742025181427348662e-02,-0.000000000000000000e+00,-0.000000000000000000e+00,-0.000000000000000000e+00,-0.000000000000000000e+00,1.310228279714557686e+00,-0.000000000000000000e+00,-0.000000000000000000e+00,-0.000000000000000000e+00,-0.000000000000000000e+00,-0.000000000000000000e+00,-0.000000000000000000e+00,-0.000000000000000000e+00,-2.263097118538297259e-02,-0.000000000000000000e+00
-0.000000000000000000e+00,-0.000000000000000000e+00,-4.107138297374865465e-02,-0.000000000000000000e+00,-5.984989776905111358e-02,-0.000000000000000000e+00,-0.000000000000000000e+00,0.000000000000000000e+00,-2.465819014479552710e-03,-0.000000000000000000e+00,-0.000000000000000000e+00,-0.000000000000000000e+00,-0.000000000000000000e+00,-1.720119306104386236e-01,-0.000000000000000000e+00,-0.000000000000000000e+00,-0.000000000000000000e+00,-0.000000000000000000e+00,-0.000000000000000000e+00,0.000000000000000000e+00,-0.000000000000000000e+00,-0.000000000000000000e+00,-1.058696168315925168e-01,-0.000000000000000000e+00,-0.000000000000000000e+00,-7.147923057457578055e-02,-0.000000000000000000e+00,-0.000000000000000000e+00,-0.000000000000000000e+00,-0.000000000000000000e+00,1.213902578368267093e+00,-0.000000000000000000e+00,-0.000000000000000000e+00,-5.619396155558575162e-02,-0.000000000000000000e+00,-6.858578715731065978e-02,-0.000000000000000000e+00,-0.000000000000000000e+00,-2.158221336256166412e-01
-0.000000000000000000e+00,-2.290099041409135727e-01,-1.940420939153899085e-02,-0.000000000000000000e+00,-0.000000000000000000e+00,-3.214548371852489761e-01,-4.146949600179244966e-02,0.000000000000000000e+00,-0.000000000000000000e+00,-2.084688692615192518e-01,-1.937075553977883613e-01,-0.000000000000000000e+00,-3.128168433264673642e-01,-2.038920120089712448e-02,0.000000000000000000e+00,-0.000000000000000000e+00,-2.390632830004220666e-01,-0.000000000000000000e+00,-0.000000000000000000e+00,-0.000000000000000000e+00,-0.000000000000000000e+00,-8.362950627501965217e-02,-1.312172442306018261e-01,-2.138749214681087141e-01,-0.000000000000000000e+00,-0.000000000000000000e+00,-0.000000000000000000e+00,-5.510961608615631835e-02,-8.917307308814961808e-02,-0.000000000000000000e+00,-0.000000000000000000e+00,2.809936829097026134e+00,-2.348177391980794948e-01,0.000000000000000000e+00,-9.082154476184833847e-02,0.000000000000000000e+00,-3.802136586359609050e-01,-0.000000000000000000e+00,-0.000000000000000000e+00
-0.000000000000000000e+00,-4.214517547287194993e-02,-1.199962970295952169e-01,-0.000000000000000000e+00,-0.000000000000000000e+00,-1.814806248895832474e-01,-1.704110913339798930e-02,8.414794881345688538e-02,-0.000000000000000000e+00,-0.000000000000000000e+00,-2.290894518289021131e-01,-0.000000000000000000e+00,-3.444723844051539308e-01,-0.000000000000000000e+00,0.000000000000000000e+00,-0.000000000000000000e+00,-2.116485010818028034e-01,-0.000000000000000000e+00,-0.000000000000000000e+00,-0.000000000000000000e+00,-0.000000000000000000e+00,-1.291199840109714947e-01,-0.000000000000000000e+00,-7.665869273648437399e-02,-0.000000000000000000e+00,-0.000000000000000000e+00,-3.844076505205495931e-02,-2.011630254046090360e-01,-1.665383189076598269e-01,-0.000000000000000000e+00,-0.000000000000000000e+00,-2.348177391980794948e-01,2.608782070319370483e+00,0.000000000000000000e+00,-1.832568271152599515e-01,0.000000000000000000e+00,-2.905811550730222348e-01,-0.000000000000000000e+00,-0.000000000000000000e+00
-0.000000000000000000e+00,0.000000000000000000e+00,-0.000000000000000000e+00,-0.000000000000000000e+00,-4.323848555709489672e-01,0.000000000000000000e+00,0.000000000000000000e+00,0.000000000000000000e+00,-0.000000000000000000e+00,0.000000000000000000e+00,0.000000000000000000e+00,-0.000000000000000000e+00,3.268811942629738787e-02,0.000000000000000000e+00,-2.260675983736058769e-01,0.000000000000000000e+00,0.000000000000000000e+00,-1.643172712829991944e-01,-0.000000000000000000e+00,0.000000000000000000e+00,0.000000000000000000e+00,0.000000000000000000e+00,0.000000000000000000e+00,0.000000000000000000e+00,0.000000000000000000e+00,-0.000000000000000000e+00,0.000000000000000000e+00,0.000000000000000000e+00,0.000000000000000000e+00,-0.000000000000000000e+00,-5.619396155558575162e-02,0.000000000000000000e+00,0.000000000000000000e+00,1.293755882935414103e+00,0.000000000000000000e+00,-5.550732269585003514e-02,0.000000000000000000e+00,-0.000000000000000000e+00,-0.000000000000000000e+00
-0.000000000000000000e+00,-1.830720987116090936e-01,-0.000000000000000000e+00,-0.000000000000000000e+00,-0.000000000000000000e+00,-2.148091182153766543e-01,-0.000000000000000000e+00,0.000000000000000000e+00,-0.000000000000000000e+00,-2.825774029293569994e-02,-1.234319504816044077e-01,-0.000000000000000000e+00,-2.960151457793663843e-01,-0.000000000000000000e+00,0.000000000000000000e+00,-0.000000000000000000e+00,-0.000000000000000000e+00,-0.000000000000000000e+00,-0.000000000000000000e+00,-0.000000000000000000e+00,-1.938683453071846363e-01,-2.298645350104136509e-01,-0.000000000000000000e+00,-1.620458511657469347e-01,-0.000000000000000000e+00,-0.000000000000000000e+00,-1.397368056329864605e-01,-1.157655206933500547e-01,-3.745870731180359070e-01,-0.000000000000000000e+00,-0.000000000000000000e+00,-9.082154476184833847e-02,-1.832568271152599515e-01,0.000000000000000000e+00,2.681765263033081936e+00,9.569724712101562725e-02,-3.260727559555699484e-01,-0.000000000000000000e+00,-0.000000000000000000e+00
0.000000000000000000e+00,0.000000000000000000e+00,0.000000000000000000e+00,0.000000000000000000e+00,0.000000000000000000e+00,0.000000000000000000e+00,0.000000000000000000e+00,-0.000000000000000000e+00,-0.000000000000000000e+00,0.000000000000000000e+00,0.000000000000000000e+00,0.000000000000000000e+00,6.219893181291809292e-02,0.000000000000000000e+00,-1.369186697675014823e-02,-0.000000000000000000e+00,0.000000000000000000e+00,0.000000000000000000e+00,0.000000000000000000e+00,0.000000000000000000e+00,0.000000000000000000e+00,0.000000000000000000e+00,-0.000000000000000000e+00,0.000000000000000000e+00,0.000000000000000000e+00,0.000000000000000000e+00,0.000000000000000000e+00,0.000000000000000000e+00,4.146410436735491201e-02,-0.000000000000000000e+00,-6.858578715731065978e-02,0.000000000000000000e+00,0.000000000000000000e+00,-5.550732269585003514e-02,9.569724712101562725e-02,1.029752031027412196e+00,0.000000000000000000e+00,-0.000000000000000000e+00,-0.000000000000000000e+00
-0.000000000000000000e+00,-2.275152259239657526e-01,-1.041043571998139378e-01,-0.000000000000000000e+00,-0.000000000000000000e+00,-1.936727039480657109e-01,-0.000000000000000000e+00,1.095225359764038509e-01,-0.000000000000000000e+00,-6.799798736355346096e-02,-9.356130085378309980e-02,-0.000000000000000000e+00,-2.649229228344552323e-01,-0.000000000000000000e+00,0.000000000000000000e+00,-0.000000000000000000e+00,-6.744386752703902810e-02,-0.000000000000000000e+00,-0.000000000000000000e+00,-0.000000000000000000e+00,-0.000000000000000000e+00,-1.071605566697665102e-01,-3.618507705163326576e-03,-2.051133989562297644e-01,-2.921737525110330858e-02,-0.000000000000000000e+00,-1.415012252782238411e-01,-2.121917335664351978e-01,-2.273015065965566517e-01,-0.000000000000000000e+00,-0.000000000000000000e+00,-3.802136586359609050e-01,-2.905811550730222348e-01,0.000000000000000000e+00,-3.260727559555699484e-01,0.000000000000000000e+00,2.974094438415594510e+00,-0.000000000000000000e+00,-0.000000000000000000e+00
-1.103891167926649153e-01,-0.000000000000000000e+00,-0.000000000000000000e+00,-0.000000000000000000e+00,-0.000000000000000000e+00,-0.000000000000000000e+00,-0.000000000000000000e+00,0.000000000000000000e+00,-0.000000000000000000e+00,-0.000000000000000000e+00,-0.000000000000000000e+00,-0.000000000000000000e+00,-0.000000000000000000e+00,-0.000000000000000000e+00,-1.368642944008338913e-01,-0.000000000000000000e+00,-0.000000000000000000e+00,0.000000000000000000e+00,-0.000000000000000000e+00,-0.000000000000000000e+00,-0.000000000000000000e+00,-0.000000000000000000e+00,-0.000000000000000000e+00,-0.000000000000000000e+00,-0.000000000000000000e+00,-0.000000000000000000e+00,-0.000000000000000000e+00,-0.000000000000000000e+00,-0.000000000000000000e+00,-2.263097118538297259e-02,-0.000000000000000000e+00,-0.000000000000000000e+00,-0.000000000000000000e+00,-0.000000000000000000e+00,-0.000000000000000000e+00,-0.000000000000000000e+00,-0.000000000000000000e+00,1.113420328053050135e+00,-2.507553274538882326e-01
-0.000000000000000000e+00,-7.373780789612206787e-02,-1.115095969250642638e-01,-2.355251826568463200e-02,-0.000000000000000000e+00,-0.000000000000000000e+00,-0.000000000000000000e+00,0.000000000000000000e+00,-2.383037678716214969e-01,-0.000000000000000000e+00,-2.643460978629960656e-02,-1.415062969184437691e-01,-0.000000000000000000e+00,-6.820753923142529318e-02,-0.000000000000000000e+00,-6.833377745003722803e-02,-0.000000000000000000e+00,-0.000000000000000000e+00,-0.000000000000000000e+00,-0.000000000000000000e+00,-0.000000000000000000e+00,-0.000000000000000000e+00,-5.273932988377502684e-02,-0.000000000000000000e+00,-1.174026614659377521e-01,-0.000000000000000000e+00,-5.931993212355318734e-02,-9.650027562912091850e-02,-0.000000000000000000e+00,-0.000000000000000000e+00,-2.158221336256166412e-01,-0.000000000000000000e+00,-0.000000000000000000e+00,-0.000000000000000000e+00,-0.000000000000000000e+00,-0.000000000000000000e+00,-0.000000000000000000e+00,-2.507553274538882326e-01,1.605535661893679578e+00
