2.450395437358438233e+00,-0.000000000000000000e+00,-0.000000000000000000e+00,0.000000000000000000e+00,0.000000000000000000e+00,0.000000000000000000e+00,5.517985378649568895e-02,4.020324386420736085e-01,0.000000000000000000e+00,-0.000000000000000000e+00,-0.000000000000000000e+00,0.000000000000000000e+00,0.000000000000000000e+00,0.000000000000000000e+00,-0.000000000000000000e+00,0.000000000000000000e+00,-0.000000000000000000e+00,0.000000000000000000e+00,4.407378098050330761e-01,-0.000000000000000000e+00,0.000000000000000000e+00,2.276667052685340809e-01,-0.000000000000000000e+00,-2.069818753124592070e-01,-0.000000000000000000e+00,-3.678416858036218651e-01,-0.000000000000000000e+00,-9.111143059950668061e-03,-0.000000000000000000e+00,0.000000000000000000e+00,-0.000000000000000000e+00,0.000000000000000000e+00,-1.065272743756522436e-02,-0.000000000000000000e+00,-6.859005419815372706e-01,0.000000000000000000e+00,-0.000000000000000000e+00,-1.697843278131271894e-01,-0.000000000000000000e+00
-0.000000000000000000e+00,2.056112335358076137e+00,-0.000000000000000000e+00,-0.000000000000000000e+00,-2.891109651933685964e-01,-0.000000000000000000e+00,-0.000000000000000000e+00,-0.000000000000000000e+00,-2.758702702880421187e-01,0.000000000000000000e+00,-5.632502446570297749e-01,-7.224256586199016839e-02,-5.591370505879691283e-02,-0.000000000000000000e+00,0.000000000000000000e+00,-0.000000000000000000e+00,-0.000000000000000000e+00,-0.000000000000000000e+00,-0.000000000000000000e+00,0.000000000000000000e+00,-0.000000000000000000e+00,-0.000000000000000000e+00,-2.257795118209285357e-01,-0.000000000000000000e+00,-3.532715993390450060e-01,0.000000000000000000e+00,0.000000000000000000e+00,0.000000000000000000e+00,0.000000000000000000e+00,-0.000000000000000000e+00,-1.587128768081177421e-01,-0.000000000000000000e+00,-0.000000000000000000e+00,-0.000000000000000000e+00,-0.000000000000000000e+00,-0.000000000000000000e+00,-0.000000000000000000e+00,1.420401373776774894e-03,-1.290181408460160384e-01
-0.000000000000000000e+00,-0.000000000000000000e+00,1.928486494828903330e+00,-0.000000000000000000e+00,-0.000000000000000000e+00,-0.000000000000000000e+00,-0.000000000000000000e+00,3.701500186034379913e-01,0.000000000000000000e+00,-0.000000000000000000e+00,-0.000000000000000000e+00,0.000000000000000000e+00,-0.000000000000000000e+00,-2.380493902810368323e-01,-0.000000000000000000e+00,0.000000000000000000e+00,-2.520943238805503639e-01,0.000000000000000000e+00,-0.000000000000000000e+00,-0.000000000000000000e+00,4.433047916067491684e-02,-0.000000000000000000e+00,-0.000000000000000000e+00,-2.047376470121525793e-01,-0.000000000000000000e+00,-0.000000000000000000e+00,-0.000000000000000000e+00,-0.000000000000000000e+00,-0.000000000000000000e+00,0.000000000000000000e+00,-0.000000000000000000e+00,-0.000000000000000000e+00,-5.485077097200140583e-01,-0.000000000000000000e+00,-0.000000000000000000e+00,-0.000000000000000000e+00,-4.033904578510825178e-01,-0.000000000000000000e+00,-0.000000000000000000e+00
0.000000000000000000e+00,-0.000000000000000000e+00,-0.000000000000000000e+00,1.216456058481437674e+00,-0.000000000000000000e+00,-0.000000000000000000e+00,-0.000000000000000000e+00,-0.000000000000000000e+00,-0.000000000000000000e+00,0.000000000000000000e+00,-1.211931856198381480e-01,-1.424500800226637387e-01,-0.000000000000000000e+00,-0.000000000000000000e+00,2.884568585734136881e-01,-0.000000000000000000e+00,-0.000000000000000000e+00,-1.043373479014282762e-01,-1.511655845504753480e-02,0.000000000000000000e+00,0.000000000000000000e+00,-1.246338570265382792e-02,-0.000000000000000000e+00,0.000000000000000000e+00,-0.000000000000000000e+00,0.000000000000000000e+00,0.000000000000000000e+00,1.099482737967482499e-01,0.000000000000000000e+00,-0.000000000000000000e+00,-0.000000000000000000e+00,-0.000000000000000000e+00,0.000000000000000000e+00,0.000000000000000000e+00,0.000000000000000000e+00,-0.000000000000000000e+00,0.000000000000000000e+00,0.000000000000000000e+00,0.000000000000000000e+00
0.000000000000000000e+00,-2.891109651933685964e-01,-0.000000000000000000e+00,-0.000000000000000000e+00,2.513716223861760302e+00,-0.000000000000000000e+00,-6.758760649052171499e-02,-0.000000000000000000e+00,-6.396218523846219917e-01,-0.000000000000000000e+00,-0.000000000000000000e+00,-0.000000000000000000e+00,-0.000000000000000000e+00,-5.059195051938750742e-01,0.000000000000000000e+00,-0.000000000000000000e+00,-2.506385940842215110e-01,-0.000000000000000000e+00,-0.000000000000000000e+00,0.000000000000000000e+00,-0.000000000000000000e+00,-0.000000000000000000e+00,-0.000000000000000000e+00,-0.000000000000000000e+00,-1.296290850093289038e-01,0.000000000000000000e+00,0.000000000000000000e+00,0.000000000000000000e+00,-0.000000000000000000e+00,-0.000000000000000000e+00,-0.000000000000000000e+00,-0.000000000000000000e+00,-8.310434705104646769e-02,-2.211376534770319313e-01,-0.000000000000000000e+00,-2.050968977937042970e-01,-0.000000000000000000e+00,3.571158391907416907e-01,-0.000000000000000000e+00
0.000000000000000000e+00,-0.000000000000000000e+00,-0.000000000000000000e+00,-0.000000000000000000e+00,-0.000000000000000000e+00,1.602061194418555878e+00,-2.381963356079773997e-01,-0.000000000000000000e+00,-0.000000000000000000e+00,0.000000000000000000e+00,-1.790090754265175055e-01,-0.000000000000000000e+00,-2.818475861644511790e-02,-2.624889194647448409e-01,0.000000000000000000e+00,-0.000000000000000000e+00,-8.791430870861502433e-02,-0.000000000000000000e+00,-2.019832419049229222e-01,0.000000000000000000e+00,-0.000000000000000000e+00,-1.613717055354724761e-01,0.000000000000000000e+00,-0.000000000000000000e+00,-0.000000000000000000e+00,0.000000000000000000e+00,0.000000000000000000e+00,2.571674050548606455e-02,-0.000000000000000000e+00,-0.000000000000000000e+00,0.000000000000000000e+00,-1.495220651658929756e-01,-0.000000000000000000e+00,0.000000000000000000e+00,0.000000000000000000e+00,-0.000000000000000000e+00,-0.000000000000000000e+00,4.439027907960640951e-02,0.000000000000000000e+00
5.517985378649568895e-02,-0.000000000000000000e+00,-0.000000000000000000e+00,-0.000000000000000000e+00,-6.758760649052171499e-02,-2.381963356079773997e-01,2.077614030110087384e+00,-8.025124787820789307e-03,-1.095481121906504152e-01,0.000000000000000000e+00,-0.000000000000000000e+00,-0.000000000000000000e+00,-1.985551933944836311e-01,-0.000000000000000000e+00,0.000000000000000000e+00,-0.000000000000000000e+00,-0.000000000000000000e+00,-3.979558239261607455e-02,-2.856173962760392149e-01,0.000000000000000000e+00,-0.000000000000000000e+00,-2.549907869814765915e-01,-0.000000000000000000e+00,0.000000000000000000e+00,-0.000000000000000000e+00,5.852914722348937643e-02,0.000000000000000000e+00,0.000000000000000000e+00,0.000000000000000000e+00,-2.234053714366954213e-01,-0.000000000000000000e+00,-0.000000000000000000e+00,0.000000000000000000e+00,-0.000000000000000000e+00,0.000000000000000000e+00,-0.000000000000000000e+00,0.000000000000000000e+00,4.282544322854652252e-01,0.000000000000000000e+00
4.020324386420736085e-01,-0.000000000000000000e+00,3.701500186034379913e-01,-0.000000000000000000e+00,-0.000000000000000000e+00,-0.000000000000000000e+00,-8.025124787820789307e-03,2.214220023153296246e+00,-0.000000000000000000e+00,6.093573238267418340e-02,-0.000000000000000000e+00,-1.629452146371071219e-01,-7.001263175063819622e-02,-0.000000000000000000e+00,0.000000000000000000e+00,-0.000000000000000000e+00,0.000000000000000000e+00,-1.033791309081648520e-02,-2.128836153212320115e-01,0.000000000000000000e+00,-1.444479241991157570e-01,-7.931316252360015584e-02,0.000000000000000000e+00,0.000000000000000000e+00,-0.000000000000000000e+00,4.700370478685263476e-01,0.000000000000000000e+00,0.000000000000000000e+00,1.609724820187494188e-02,-0.000000000000000000e+00,0.000000000000000000e+00,-0.000000000000000000e+00,0.000000000000000000e+00,0.000000000000000000e+00,1.234614504202245638e-01,-0.000000000000000000e+00,0.000000000000000000e+00,2.945787259326476670e-01,0.000000000000000000e+00
0.000000000000000000e+00,-2.758702702880421187e-01,0.000000000000000000e+00,-0.000000000000000000e+00,-6.396218523846219917e-01,-0.000000000000000000e+00,-1.095481121906504152e-01,-0.000000000000000000e+00,2.800489603029463037e+00,-0.000000000000000000e+00,-0.000000000000000000e+00,-1.838973076287697406e-01,-0.000000000000000000e+00,-8.695475611786758485e-02,0.000000000000000000e+00,-3.103165910993460966e-02,-0.000000000000000000e+00,-2.182278922796079823e-01,-0.000000000000000000e+00,0.000000000000000000e+00,-3.465660556152938554e-02,-0.000000000000000000e+00,-2.551543641335616841e-01,0.000000000000000000e+00,-0.000000000000000000e+00,0.000000000000000000e+00,0.000000000000000000e+00,0.000000000000000000e+00,-0.000000000000000000e+00,-7.758619914914761662e-01,-0.000000000000000000e+00,-0.000000000000000000e+00,-0.000000000000000000e+00,-2.256864869228470682e-01,0.000000000000000000e+00,-8.243497710378727694e-02,-0.000000000000000000e+00,2.226601634954955000e-01,-0.000000000000000000e+00
-0.000000000000000000e+00,0.000000000000000000e+00,-0.000000000000000000e+00,0.000000000000000000e+00,-0.000000000000000000e+00,0.000000000000000000e+00,0.000000000000000000e+00,6.093573238267418340e-02,-0.000000000000000000e+00,2.253771039694623557e+00,-0.000000000000000000e+00,0.000000000000000000e+00,0.000000000000000000e+00,-0.000000000000000000e+00,-0.000000000000000000e+00,-4.093470539982966283e-01,-0.000000000000000000e+00,0.000000000000000000e+00,0.000000000000000000e+00,-8.990013502779202470e-02,0.000000000000000000e+00,0.000000000000000000e+00,-0.000000000000000000e+00,-0.000000000000000000e+00,0.000000000000000000e+00,-9.139001109238951981e-02,-5.810525945622802002e-01,-0.000000000000000000e+00,-5.663884530662474104e-01,-0.000000000000000000e+00,-1.635300329735370484e-01,-2.077635114086732737e-01,0.000000000000000000e+00,-0.000000000000000000e+00,-1.505887582172712666e-02,-0.000000000000000000e+00,-3.570303338270194859e-01,-0.000000000000000000e+00,2.395568396113894466e-02
-0.000000000000000000e+00,-5.632502446570297749e-01,-0.000000000000000000e+00,-1.211931856198381480e-01,-0.000000000000000000e+00,-1.790090754265175055e-01,-0.000000000000000000e+00,-0.000000000000000000e+00,-0.000000000000000000e+00,-0.000000000000000000e+00,2.243947355092295926e+00,-6.798317916968030228e-02,-2.044469319718839884e-01,-1.500981740376534923e-01,0.000000000000000000e+00,-0.000000000000000000e+00,-5.402884747227745255e-01,-0.000000000000000000e+00,-0.000000000000000000e+00,-0.000000000000000000e+00,0.000000000000000000e+00,-4.047935949820438695e-02,-2.680115218250532783e-01,-0.000000000000000000e+00,-0.000000000000000000e+00,0.000000000000000000e+00,0.000000000000000000e+00,0.000000000000000000e+00,-0.000000000000000000e+00,-0.000000000000000000e+00,-0.000000000000000000e+00,-3.171715944969349943e-01,-0.000000000000000000e+00,-0.000000000000000000e+00,-0.000000000000000000e+00,-0.000000000000000000e+00,-0.000000000000000000e+00,0.000000000000000000e+00,-0.000000000000000000e+00
0.000000000000000000e+00,-7.224256586199016839e-02,0.000000000000000000e+00,-1.424500800226637387e-01,-0.000000000000000000e+00,-0.000000000000000000e+00,-0.000000000000000000e+00,-1.629452146371071219e-01,-1.838973076287697406e-01,0.000000000000000000e+00,-6.798317916968030228e-02,1.731695414975731540e+00,-3.394970075990136893e-01,-0.000000000000000000e+00,0.000000000000000000e+00,-0.000000000000000000e+00,0.000000000000000000e+00,-1.296342647066957288e-01,-0.000000000000000000e+00,0.000000000000000000e+00,-0.000000000000000000e+00,-1.341321280215056755e-01,-0.000000000000000000e+00,-0.000000000000000000e+00,-1.171168149651461987e-01,2.074417545054495493e-01,0.000000000000000000e+00,2.980014793611375154e-02,0.000000000000000000e+00,-0.000000000000000000e+00,-0.000000000000000000e+00,-0.000000000000000000e+00,0.000000000000000000e+00,-0.000000000000000000e+00,0.000000000000000000e+00,-0.000000000000000000e+00,0.000000000000000000e+00,0.000000000000000000e+00,-1.416161320455253947e-01
0.000000000000000000e+00,-5.591370505879691283e-02,-0.000000000000000000e+00,-0.000000000000000000e+00,-0.000000000000000000e+00,-2.818475861644511790e-02,-1.985551933944836311e-01,-7.001263175063819622e-02,-0.000000000000000000e+00,0.000000000000000000e+00,-2.044469319718839884e-01,-3.394970075990136893e-01,2.663928358857398315e+00,-2.888947138396915498e-02,0.000000000000000000e+00,-0.000000000000000000e+00,-0.000000000000000000e+00,-1.219165021815441230e-01,-5.616932230189201070e-01,0.000000000000000000e+00,-0.000000000000000000e+00,-6.019957759332600356e-01,-0.000000000000000000e+00,-0.000000000000000000e+00,-2.331751686761085740e-01,4.271272200536338493e-01,0.000000000000000000e+00,0.000000000000000000e+00,0.000000000000000000e+00,-0.000000000000000000e+00,0.000000000000000000e+00,-0.000000000000000000e+00,-0.000000000000000000e+00,-0.000000000000000000e+00,0.000000000000000000e+00,-0.000000000000000000e+00,0.000000000000000000e+00,0.000000000000000000e+00,-0.000000000000000000e+00
0.000000000000000000e+00,-0.000000000000000000e+00,-2.380493902810368323e-01,-0.000000000000000000e+00,-5.059195051938750742e-01,-2.624889194647448409e-01,-0.000000000000000000e+00,-0.000000000000000000e+00,-8.695475611786758485e-02,-0.000000000000000000e+00,-1.500981740376534923e-01,-0.000000000000000000e+00,-2.888947138396915498e-02,2.512894863780498422e+00,-0.000000000000000000e+00,-4.535483969500344464e-02,-1.794183050078106967e-01,-0.000000000000000000e+00,-0.000000000000000000e+00,-0.000000000000000000e+00,-0.000000000000000000e+00,-8.879413065009016115e-02,-0.000000000000000000e+00,-0.000000000000000000e+00,-2.894772580917481797e-01,0.000000000000000000e+00,-0.000000000000000000e+00,-0.000000000000000000e+00,-0.000000000000000000e+00,-2.092914243482136422e-02,-0.000000000000000000e+00,-3.614910522480090926e-01,-0.000000000000000000e+00,-2.019614796560665129e-02,-0.000000000000000000e+00,-4.641206304566718455e-01,-9.387407453739138319e-02,0.000000000000000000e+00,0.000000000000000000e+00
-0.000000000000000000e+00,0.000000000000000000e+00,-0.000000000000000000e+00,2.884568585734136881e-01,0.000000000000000000e+00,0.000000000000000000e+00,0.000000000000000000e+00,0.000000000000000000e+00,0.000000000000000000e+00,-0.000000000000000000e+00,0.000000000000000000e+00,0.000000000000000000e+00,0.000000000000000000e+00,-0.000000000000000000e+00,1.265904031133338936e+00,0.000000000000000000e+00,-0.000000000000000000e+00,4.005607695263858625e-01,0.000000000000000000e+00,-0.000000000000000000e+00,0.000000000000000000e+00,0.000000000000000000e+00,0.000000000000000000e+00,-0.000000000000000000e+00,0.000000000000000000e+00,-0.000000000000000000e+00,-0.000000000000000000e+00,-0.000000000000000000e+00,-0.000000000000000000e+00,0.000000000000000000e+00,-0.000000000000000000e+00,0.000000000000000000e+00,-1.091792580387733330e-01,-0.000000000000000000e+00,-0.000000000000000000e+00,0.000000000000000000e+00,-0.000000000000000000e+00,-0.000000000000000000e+00,-0.000000000000000000e+00
0.000000000000000000e+00,-0.000000000000000000e+00,0.000000000000000000e+00,-0.000000000000000000e+00,-0.000000000000000000e+00,-0.000000000000000000e+00,-0.000000000000000000e+00,-0.000000000000000000e+00,-3.103165910993460966e-02,-4.093470539982966283e-01,-0.000000000000000000e+00,-0.000000000000000000e+00,-0.000000000000000000e+00,-4.535483969500344464e-02,0.000000000000000000e+00,2.675998881823745901e+00,-0.000000000000000000e+00,-0.000000000000000000e+00,-1.121966030512741852e-01,-0.000000000000000000e+00,-0.000000000000000000e+00,-1.277441346986923215e-02,-0.000000000000000000e+00,0.000000000000000000e+00,-0.000000000000000000e+00,0.000000000000000000e+00,-0.000000000000000000e+00,0.000000000000000000e+00,-2.679859678415391720e-03,-1.006543107395726500e+00,-0.000000000000000000e+00,-6.803813002905584328e-01,0.000000000000000000e+00,-0.000000000000000000e+00,0.000000000000000000e+00,-3.774135931107065467e-01,-0.000000000000000000e+00,0.000000000000000000e+00,0.000000000000000000e+00
-0.000000000000000000e+00,-0.000000000000000000e+00,-2.520943238805503639e-01,-0.000000000000000000e+00,-2.506385940842215110e-01,-8.791430870861502433e-02,-0.000000000000000000e+00,0.000000000000000000e+00,-0.000000000000000000e+00,-0.000000000000000000e+00,-5.402884747227745255e-01,0.000000000000000000e+00,-0.000000000000000000e+00,-1.794183050078106967e-01,-0.000000000000000000e+00,-0.000000000000000000e+00,2.122649129859481398e+00,-0.000000000000000000e+00,0.000000000000000000e+00,-0.000000000000000000e+00,0.000000000000000000e+00,-0.000000000000000000e+00,-1.403573615229402882e-01,-0.000000000000000000e+00,-0.000000000000000000e+00,-0.000000000000000000e+00,-0.000000000000000000e+00,-0.000000000000000000e+00,-1.943093929091619654e-01,-0.000000000000000000e+00,-0.000000000000000000e+00,-0.000000000000000000e+00,-3.016136596458471875e-01,-0.000000000000000000e+00,-9.799705594068378045e-02,-0.000000000000000000e+00,-3.491840323432215953e-01,0.000000000000000000e+00,-0.000000000000000000e+00
0.000000000000000000e+00,-0.000000000000000000e+00,0.000000000000000000e+00,-1.043373479014282762e-01,-0.000000000000000000e+00,-0.000000000000000000e+00,-3.979558239261607455e-02,-1.033791309081648520e-02,-2.182278922796079823e-01,0.000000000000000000e+00,-0.000000000000000000e+00,-1.296342647066957288e-01,-1.219165021815441230e-01,-0.000000000000000000e+00,4.005607695263858625e-01,-0.000000000000000000e+00,-0.000000000000000000e+00,2.304896364988864299e+00,-3.272041817726348834e-01,0.000000000000000000e+00,-5.668994567699313369e-02,-1.875276197186840910e-01,-0.000000000000000000e+00,0.000000000000000000e+00,-0.000000000000000000e+00,2.428157049091165254e-01,0.000000000000000000e+00,0.000000000000000000e+00,0.000000000000000000e+00,-8.647055003337542067e-02,0.000000000000000000e+00,-0.000000000000000000e+00,0.000000000000000000e+00,0.000000000000000000e+00,2.692459055183406003e-01,-0.000000000000000000e+00,0.000000000000000000e+00,4.062814075957550397e-01,0.000000000000000000e+00
4.407378098050330761e-01,-0.000000000000000000e+00,-0.000000000000000000e+00,-1.511655845504753480e-02,-0.000000000000000000e+00,-2.019832419049229222e-01,-2.856173962760392149e-01,-2.128836153212320115e-01,-0.000000000000000000e+00,0.000000000000000000e+00,-0.000000000000000000e+00,-0.000000000000000000e+00,-5.616932230189201070e-01,-0.000000000000000000e+00,0.000000000000000000e+00,-1.121966030512741852e-01,0.000000000000000000e+00,-3.272041817726348834e-01,2.851323982392637735e+00,0.000000000000000000e+00,-0.000000000000000000e+00,-3.622243686457940481e-01,0.000000000000000000e+00,0.000000000000000000e+00,-0.000000000000000000e+00,2.800750082923476048e-01,0.000000000000000000e+00,0.000000000000000000e+00,0.000000000000000000e+00,-1.738515707985284209e-01,0.000000000000000000e+00,-8.689975592473012100e-02,0.000000000000000000e+00,0.000000000000000000e+00,0.000000000000000000e+00,-0.000000000000000000e+00,0.000000000000000000e+00,1.040970208409966874e-01,9.907909706694210950e-02
-0.000000000000000000e+00,0.000000000000000000e+00,-0.000000000000000000e+00,0.000000000000000000e+00,0.000000000000000000e+00,0.000000000000000000e+00,0.000000000000000000e+00,0.000000000000000000e+00,0.000000000000000000e+00,-8.990013502779202470e-02,-0.000000000000000000e+00,0.000000000000000000e+00,0.000000000000000000e+00,-0.000000000000000000e+00,-0.000000000000000000e+00,-0.000000000000000000e+00,-0.000000000000000000e+00,0.000000000000000000e+00,0.000000000000000000e+00,1.037368353833793888e+00,0.000000000000000000e+00,0.000000000000000000e+00,-0.000000000000000000e+00,-0.000000000000000000e+00,-0.000000000000000000e+00,-2.704982720441790472e-02,-2.850216825669636689e-02,-0.000000000000000000e+00,-0.000000000000000000e+00,-0.000000000000000000e+00,-0.000000000000000000e+00,-0.000000000000000000e+00,-0.000000000000000000e+00,-0.000000000000000000e+00,-9.720905098764540120e-02,-0.000000000000000000e+00,-0.000000000000000000e+00,-1.606080584953996013e-02,0.000000000000000000e+00
0.000000000000000000e+00,-0.000000000000000000e+00,4.433047916067491684e-02,0.000000000000000000e+00,-0.000000000000000000e+00,-0.000000000000000000e+00,-0.000000000000000000e+00,-1.444479241991157570e-01,-3.465660556152938554e-02,0.000000000000000000e+00,0.000000000000000000e+00,-0.000000000000000000e+00,-0.000000000000000000e+00,-0.000000000000000000e+00,0.000000000000000000e+00,-0.000000000000000000e+00,0.000000000000000000e+00,-5.668994567699313369e-02,-0.000000000000000000e+00,0.000000000000000000e+00,1.042833008788069726e+00,-0.000000000000000000e+00,-0.000000000000000000e+00,0.000000000000000000e+00,-0.000000000000000000e+00,0.000000000000000000e+00,0.000000000000000000e+00,-0.000000000000000000e+00,0.000000000000000000e+00,-0.000000000000000000e+00,-0.000000000000000000e+00,0.000000000000000000e+00,-0.000000000000000000e+00,-0.000000000000000000e+00,0.000000000000000000e+00,-0.000000000000000000e+00,0.000000000000000000e+00,0.000000000000000000e+00,-0.000000000000000000e+00
2.276667052685340809e-01,-0.000000000000000000e+00,-0.000000000000000000e+00,-1.246338570265382792e-02,-0.000000000000000000e+00,-1.613717055354724761e-01,-2.549907869814765915e-01,-7.931316252360015584e-02,-0.000000000000000000e+00,0.000000000000000000e+00,-4.047935949820438695e-02,-1.341321280215056755e-01,-6.019957759332600356e-01,-8.879413065009016115e-02,0.000000000000000000e+00,-1.277441346986923215e-02,-0.000000000000000000e+00,-1.875276197186840910e-01,-3.622243686457940481e-01,0.000000000000000000e+00,-0.000000000000000000e+00,2.374612713459637092e+00,-0.000000000000000000e+00,0.000000000000000000e+00,-0.000000000000000000e+00,3.404109894287796808e-03,0.000000000000000000e+00,0.000000000000000000e+00,0.000000000000000000e+00,-2.222126344741495382e-02,0.000000000000000000e+00,-0.000000000000000000e+00,0.000000000000000000e+00,-0.000000000000000000e+00,0.000000000000000000e+00,-7.907120370817002919e-02,0.000000000000000000e+00,1.506423346466467250e-01,-0.000000000000000000e+00
-0.000000000000000000e+00,-2.257795118209285357e-01,-0.000000000000000000e+00,-0.000000000000000000e+00,-0.000000000000000000e+00,0.000000000000000000e+00,-0.000000000000000000e+00,0.000000000000000000e+00,-2.551543641335616841e-01,-0.000000000000000000e+00,-2.680115218250532783e-01,-0.000000000000000000e+00,-0.000000000000000000e+00,-0.000000000000000000e+00,0.000000000000000000e+00,-0.000000000000000000e+00,-1.403573615229402882e-01,-0.000000000000000000e+00,0.000000000000000000e+00,-0.000000000000000000e+00,-0.000000000000000000e+00,-0.000000000000000000e+00,1.647620685308411215e+00,-0.000000000000000000e+00,-1.137872203459345533e-01,-0.000000000000000000e+00,-0.000000000000000000e+00,-0.000000000000000000e+00,-0.000000000000000000e+00,-0.000000000000000000e+00,-1.750896168580703682e-01,-0.000000000000000000e+00,-0.000000000000000000e+00,-3.217577247564032961e-01,-0.000000000000000000e+00,-0.000000000000000000e+00,-0.000000000000000000e+00,0.000000000000000000e+00,-0.000000000000000000e+00
-2.069818753124592070e-01,-0.000000000000000000e+00,-2.047376470121525793e-01,0.000000000000000000e+00,-0.000000000000000000e+00,-0.000000000000000000e+00,0.000000000000000000e+00,0.000000000000000000e+00,0.000000000000000000e+00,-0.000000000000000000e+00,-0.000000000000000000e+00,-0.000000000000000000e+00,-0.000000000000000000e+00,-0.000000000000000000e+00,-0.000000000000000000e+00,0.000000000000000000e+00,-0.000000000000000000e+00,0.000000000000000000e+00,0.000000000000000000e+00,-0.000000000000000000e+00,0.000000000000000000e+00,0.000000000000000000e+00,-0.000000000000000000e+00,1.354500181923605995e+00,-2.723209555852655894e-01,-0.000000000000000000e+00,-0.000000000000000000e+00,-1.127730054891717126e-01,0.000000000000000000e+00,0.000000000000000000e+00,-0.000000000000000000e+00,0.000000000000000000e+00,-3.125131666470925551e-01,-0.000000000000000000e+00,-1.542897178295256008e-02,0.000000000000000000e+00,-0.000000000000000000e+00,-0.000000000000000000e+00,-0.000000000000000000e+00
-0.000000000000000000e+00,-3.532715993390450060e-01,-0.000000000000000000e+00,-0.000000000000000000e+00,-1.296290850093289038e-01,-0.000000000000000000e+00,-0.000000000000000000e+00,-0.000000000000000000e+00,-0.000000000000000000e+00,0.000000000000000000e+00,-0.000000000000000000e+00,-1.171168149651461987e-01,-2.331751686761085740e-01,-2.894772580917481797e-01,0.000000000000000000e+00,-0.000000000000000000e+00,-0.000000000000000000e+00,-0.000000000000000000e+00,-0.000000000000000000e+00,-0.000000000000000000e+00,-0.000000000000000000e+00,-0.000000000000000000e+00,-1.137872203459345533e-01,-2.723209555852655894e-01,1.613586592351068383e+00,0.000000000000000000e+00,0.000000000000000000e+00,-0.000000000000000000e+00,0.000000000000000000e+00,-0.000000000000000000e+00,-0.000000000000000000e+00,-0.000000000000000000e+00,-0.000000000000000000e+00,-0.000000000000000000e+00,-0.000000000000000000e+00,-0.000000000000000000e+00,-0.000000000000000000e+00,0.000000000000000000e+00,-0.000000000000000000e+00
-3.678416858036218651e-01,0.000000000000000000e+00,-0.000000000000000000e+00,0.000000000000000000e+00,0.000000000000000000e+00,0.000000000000000000e+00,5.852914722348937643e-02,4.700370478685263476e-01,0.000000000000000000e+00,-9.139001109238951981e-02,0.000000000000000000e+00,2.074417545054495493e-01,4.271272200536338493e-01,0.000000000000000000e+00,-0.000000000000000000e+00,0.000000000000000000e+00,-0.000000000000000000e+00,2.428157049091165254e-01,2.800750082923476048e-01,-2.704982720441790472e-02,0.000000000000000000e+00,3.404109894287796808e-03,-0.000000000000000000e+00,-0.000000000000000000e+00,0.000000000000000000e+00,3.164990198029367097e+00,-4.088820637133587232e-01,-3.390424176063480677e-01,-4.028593134458907654e-01,0.000000000000000000e+00,-0.000000000000000000e+00,0.000000000000000000e+00,-0.000000000000000000e+00,-0.000000000000000000e+00,-2.505653358643475381e-01,0.000000000000000000e+00,-0.000000000000000000e+00,-4.082558642041080876e-01,0.000000000000000000e+00
-0.000000000000000000e+00,0.000000000000000000e+00,-0.000000000000000000e+00,0.000000000000000000e+00,0.000000000000000000e+00,0.000000000000000000e+00,0.000000000000000000e+00,0.000000000000000000e+00,0.000000000000000000e+00,-5.810525945622802002e-01,0.000000000000000000e+00,0.000000000000000000e+00,0.000000000000000000e+00,-0.000000000000000000e+00,-0.000000000000000000e+00,-0.000000000000000000e+00,-0.000000000000000000e+00,0.000000000000000000e+00,0.000000000000000000e+00,-2.850216825669636689e-02,0.000000000000000000e+00,0.000000000000000000e+00,-0.000000000000000000e+00,-0.000000000000000000e+00,0.000000000000000000e+00,-4.088820637133587232e-01,1.839498029208695318e+00,-1.123934283095492787e-01,-2.798833051971204577e-01,-0.000000000000000000e+00,-2.315569440371521293e-01,-0.000000000000000000e+00,-0.000000000000000000e+00,-0.000000000000000000e+00,-4.082652815555070508e-02,-0.000000000000000000e+00,-0.000000000000000000e+00,-9.934853802172582959e-02,0.000000000000000000e+00
-9.111143059950668061e-03,0.000000000000000000e+00,-0.000000000000000000e+00,1.099482737967482499e-01,0.000000000000000000e+00,2.571674050548606455e-02,0.000000000000000000e+00,0.000000000000000000e+00,0.000000000000000000e+00,-0.000000000000000000e+00,0.000000000000000000e+00,2.980014793611375154e-02,0.000000000000000000e+00,-0.000000000000000000e+00,-0.000000000000000000e+00,0.000000000000000000e+00,-0.000000000000000000e+00,0.000000000000000000e+00,0.000000000000000000e+00,-0.000000000000000000e+00,-0.000000000000000000e+00,0.000000000000000000e+00,-0.000000000000000000e+00,-1.127730054891717126e-01,-0.000000000000000000e+00,-3.390424176063480677e-01,-1.123934283095492787e-01,1.256709312592272809e+00,-0.000000000000000000e+00,0.000000000000000000e+00,-0.000000000000000000e+00,0.000000000000000000e+00,-1.029861720026420818e-01,-0.000000000000000000e+00,-0.000000000000000000e+00,0.000000000000000000e+00,-4.293123978419152720e-02,-0.000000000000000000e+00,0.000000000000000000e+00
-0.000000000000000000e+00,0.000000000000000000e+00,-0.000000000000000000e+00,0.000000000000000000e+00,-0.000000000000000000e+00,-0.000000000000000000e+00,0.000000000000000000e+00,1.609724820187494188e-02,-0.000000000000000000e+00,-5.663884530662474104e-01,-0.000000000000000000e+00,0.000000000000000000e+00,0.000000000000000000e+00,-0.000000000000000000e+00,-0.000000000000000000e+00,-2.679859678415391720e-03,-1.943093929091619654e-01,0.000000000000000000e+00,0.000000000000000000e+00,-0.000000000000000000e+00,0.000000000000000000e+00,0.000000000000000000e+00,-0.000000000000000000e+00,0.000000000000000000e+00,0.000000000000000000e+00,-4.028593134458907654e-01,-2.798833051971204577e-01,-0.000000000000000000e+00,2.004650398158210667e+00,-0.000000000000000000e+00,-0.000000000000000000e+00,-1.094703912552084241e-01,-0.000000000000000000e+00,-0.000000000000000000e+00,-6.317772712996584661e-03,-5.616369781847219134e-02,-3.837105343217973030e-01,-0.000000000000000000e+00,1.093535968848011186e-02
0.000000000000000000e+00,-0.000000000000000000e+00,0.000000000000000000e+00,-0.000000000000000000e+00,-0.000000000000000000e+00,-0.000000000000000000e+00,-2.234053714366954213e-01,-0.000000000000000000e+00,-7.758619914914761662e-01,-0.000000000000000000e+00,-0.000000000000000000e+00,-0.000000000000000000e+00,-0.000000000000000000e+00,-2.092914243482136422e-02,0.000000000000000000e+00,-1.006543107395726500e+00,-0.000000000000000000e+00,-8.647055003337542067e-02,-1.738515707985284209e-01,-0.000000000000000000e+00,-0.000000000000000000e+00,-2.222126344741495382e-02,-0.000000000000000000e+00,0.000000000000000000e+00,-0.000000000000000000e+00,0.000000000000000000e+00,-0.000000000000000000e+00,0.000000000000000000e+00,-0.000000000000000000e+00,3.119196711963245772e+00,-0.000000000000000000e+00,-3.305949495178431841e-01,0.000000000000000000e+00,-0.000000000000000000e+00,0.000000000000000000e+00,-5.342549785197510115e-01,-0.000000000000000000e+00,1.107173719094126513e-01,0.000000000000000000e+00
-0.000000000000000000e+00,-1.587128768081177421e-01,-0.000000000000000000e+00,-0.000000000000000000e+00,-0.000000000000000000e+00,0.000000000000000000e+00,-0.000000000000000000e+00,0.000000000000000000e+00,-0.000000000000000000e+00,-1.635300329735370484e-01,-0.000000000000000000e+00,-0.000000000000000000e+00,0.000000000000000000e+00,-0.000000000000000000e+00,-0.000000000000000000e+00,-0.000000000000000000e+00,-0.000000000000000000e+00,0.000000000000000000e+00,0.000000000000000000e+00,-0.000000000000000000e+00,-0.000000000000000000e+00,0.000000000000000000e+00,-1.750896168580703682e-01,-0.000000000000000000e+00,-0.000000000000000000e+00,-0.000000000000000000e+00,-2.315569440371521293e-01,-0.000000000000000000e+00,-0.000000000000000000e+00,-0.000000000000000000e+00,1.457027787634647131e+00,-9.352752998114156890e-02,-0.000000000000000000e+00,-0.000000000000000000e+00,-1.873900589368944769e-01,-0.000000000000000000e+00,-2.533862503899063090e-01,-0.000000000000000000e+00,0.000000000000000000e+00
0.000000000000000000e+00,-0.000000000000000000e+00,-0.000000000000000000e+00,-0.000000000000000000e+00,-0.000000000000000000e+00,-1.495220651658929756e-01,-0.000000000000000000e+00,-0.000000000000000000e+00,-0.000000000000000000e+00,-2.077635114086732737e-01,-3.171715944969349943e-01,-0.000000000000000000e+00,-0.000000000000000000e+00,-3.614910522480090926e-01,0.000000000000000000e+00,-6.803813002905584328e-01,-0.000000000000000000e+00,-0.000000000000000000e+00,-8.689975592473012100e-02,-0.000000000000000000e+00,0.000000000000000000e+00,-0.000000000000000000e+00,-0.000000000000000000e+00,0.000000000000000000e+00,-0.000000000000000000e+00,0.000000000000000000e+00,-0.000000000000000000e+00,0.000000000000000000e+00,-1.094703912552084241e-01,-3.305949495178431841e-01,-9.352752998114156890e-02,2.664494931967559932e+00,0.000000000000000000e+00,-0.000000000000000000e+00,-0.000000000000000000e+00,-4.583555995429907659e-01,-1.468277157051507686e-01,0.000000000000000000e+00,0.000000000000000000e+00
-1.065272743756522436e-02,-0.000000000000000000e+00,-5.485077097200140583e-01,0.000000000000000000e+00,-8.310434705104646769e-02,-0.000000000000000000e+00,0.000000000000000000e+00,0.000000000000000000e+00,-0.000000000000000000e+00,0.000000000000000000e+00,-0.000000000000000000e+00,0.000000000000000000e+00,-0.000000000000000000e+00,-0.000000000000000000e+00,-1.091792580387733330e-01,0.000000000000000000e+00,-3.016136596458471875e-01,0.000000000000000000e+00,0.000000000000000000e+00,-0.000000000000000000e+00,-0.000000000000000000e+00,0.000000000000000000e+00,-0.000000000000000000e+00,-3.125131666470925551e-01,-0.000000000000000000e+00,-0.000000000000000000e+00,-0.000000000000000000e+00,-1.029861720026420818e-01,-0.000000000000000000e+00,0.000000000000000000e+00,-0.000000000000000000e+00,0.000000000000000000e+00,1.747545200331325654e+00,-8.571256298103172022e-02,-2.174577058777231453e-01,-0.000000000000000000e+00,-2.531909336700735244e-02,0.000000000000000000e+00,-3.164618912820593710e-02
-0.000000000000000000e+00,-0.000000000000000000e+00,-0.000000000000000000e+00,0.000000000000000000e+00,-2.211376534770319313e-01,0.000000000000000000e+00,-0.000000000000000000e+00,0.000000000000000000e+00,-2.256864869228470682e-01,-0.000000000000000000e+00,-0.000000000000000000e+00,-0.000000000000000000e+00,-0.000000000000000000e+00,-2.019614796560665129e-02,-0.000000000000000000e+00,-0.000000000000000000e+00,-0.000000000000000000e+00,0.000000000000000000e+00,0.000000000000000000e+00,-0.000000000000000000e+00,-0.000000000000000000e+00,-0.000000000000000000e+00,-3.217577247564032961e-01,-0.000000000000000000e+00,-0.000000000000000000e+00,-0.000000000000000000e+00,-0.000000000000000000e+00,-0.000000000000000000e+00,-0.000000000000000000e+00,-0.000000000000000000e+00,-0.000000000000000000e+00,-0.000000000000000000e+00,-8.571256298103172022e-02,1.528028747919860431e+00,-0.000000000000000000e+00,-7.079685331450028506e-03,-0.000000000000000000e+00,-0.000000000000000000e+00,-4.364735381782067769e-01
-6.859005419815372706e-01,-0.000000000000000000e+00,-0.000000000000000000e+00,0.000000000000000000e+00,-0.000000000000000000e+00,0.000000000000000000e+00,0.000000000000000000e+00,1.234614504202245638e-01,0.000000000000000000e+00,-1.505887582172712666e-02,-0.000000000000000000e+00,0.000000000000000000e+00,0.000000000000000000e+00,-0.000000000000000000e+00,-0.000000000000000000e+00,0.000000000000000000e+00,-9.799705594068378045e-02,2.692459055183406003e-01,0.000000000000000000e+00,-9.720905098764540120e-02,0.000000000000000000e+00,0.000000000000000000e+00,-0.000000000000000000e+00,-1.542897178295256008e-02,-0.000000000000000000e+00,-2.505653358643475381e-01,-4.082652815555070508e-02,-0.000000000000000000e+00,-6.317772712996584661e-03,0.000000000000000000e+00,-1.873900589368944769e-01,-0.000000000000000000e+00,-2.174577058777231453e-01,-0.000000000000000000e+00,2.273244695197368159e+00,-0.000000000000000000e+00,-5.947218428774286858e-01,-0.000000000000000000e+00,-0.000000000000000000e+00
0.000000000000000000e+00,-0.000000000000000000e+00,-0.000000000000000000e+00,-0.000000000000000000e+00,-2.050968977937042970e-01,-0.000000000000000000e+00,-0.000000000000000000e+00,-0.000000000000000000e+00,-8.243497710378727694e-02,-0.000000000000000000e+00,-0.000000000000000000e+00,-0.000000000000000000e+00,-0.000000000000000000e+00,-4.641206304566718455e-01,0.000000000000000000e+00,-3.774135931107065467e-01,-0.000000000000000000e+00,-0.000000000000000000e+00,-0.000000000000000000e+00,-0.000000000000000000e+00,-0.000000000000000000e+00,-7.907120370817002919e-02,-0.000000000000000000e+00,0.000000000000000000e+00,-0.000000000000000000e+00,0.000000000000000000e+00,-0.000000000000000000e+00,0.000000000000000000e+00,-5.616369781847219134e-02,-5.342549785197510115e-01,-0.000000000000000000e+00,-4.583555995429907659e-01,-0.000000000000000000e+00,-7.079685331450028506e-03,-0.000000000000000000e+00,2.382887922921245405e+00,-0.000000000000000000e+00,0.000000000000000000e+00,0.000000000000000000e+00
-0.000000000000000000e+00,-0.000000000000000000e+00,-4.033904578510825178e-01,0.000000000000000000e+00,-0.000000000000000000e+00,-0.000000000000000000e+00,0.000000000000000000e+00,0.000000000000000000e+00,-0.000000000000000000e+00,-3.570303338270194859e-01,-0.000000000000000000e+00,0.000000000000000000e+00,0.000000000000000000e+00,-9.387407453739138319e-02,-0.000000000000000000e+00,-0.000000000000000000e+00,-3.491840323432215953e-01,0.000000000000000000e+00,0.000000000000000000e+00,-0.000000000000000000e+00,0.000000000000000000e+00,0.000000000000000000e+00,-0.000000000000000000e+00,-0.000000000000000000e+00,-0.000000000000000000e+00,-0.000000000000000000e+00,-0.000000000000000000e+00,-4.293123978419152720e-02,-3.837105343217973030e-01,-0.000000000000000000e+00,-2.533862503899063090e-01,-1.468277157051507686e-01,-2.531909336700735244e-02,-0.000000000000000000e+00,-5.947218428774286858e-01,-0.000000000000000000e+00,2.353201898854287322e+00,-0.000000000000000000e+00,0.000000000000000000e+00
-1.697843278131271894e-01,1.420401373776774894e-03,-0.000000000000000000e+00,0.000000000000000000e+00,3.571158391907416907e-01,4.439027907960640951e-02,4.282544322854652252e-01,2.945787259326476670e-01,2.226601634954955000e-01,-0.000000000000000000e+00,0.000000000000000000e+00,0.000000000000000000e+00,0.000000000000000000e+00,0.000000000000000000e+00,-0.000000000000000000e+00,0.000000000000000000e+00,0.000000000000000000e+00,4.062814075957550397e-01,1.040970208409966874e-01,-1.606080584953996013e-02,0.000000000000000000e+00,1.506423346466467250e-01,0.000000000000000000e+00,-0.000000000000000000e+00,0.000000000000000000e+00,-4.082558642041080876e-01,-9.934853802172582959e-02,-0.000000000000000000e+00,-0.000000000000000000e+00,1.107173719094126513e-01,-0.000000000000000000e+00,0.000000000000000000e+00,0.000000000000000000e+00,-0.000000000000000000e+00,-0.000000000000000000e+00,0.000000000000000000e+00,-0.000000000000000000e+00,2.557961463222789611e+00,0.000000000000000000e+00
-0.000000000000000000e+00,-1.290181408460160384e-01,-0.000000000000000000e+00,0.000000000000000000e+00,-0.000000000000000000e+00,0.000000000000000000e+00,0.000000000000000000e+00,0.000000000000000000e+00,-0.000000000000000000e+00,2.395568396113894466e-02,-0.000000000000000000e+00,-1.416161320455253947e-01,-0.000000000000000000e+00,0.000000000000000000e+00,-0.000000000000000000e+00,0.000000000000000000e+00,-0.000000000000000000e+00,0.000000000000000000e+00,9.907909706694210950e-02,0.000000000000000000e+00,-0.000000000000000000e+00,-0.000000000000000000e+00,-0.000000000000000000e+00,-0.000000000000000000e+00,-0.000000000000000000e+00,0.000000000000000000e+00,0.000000000000000000e+00,0.000000000000000000e+00,1.093535968848011186e-02,0.000000000000000000e+00,0.000000000000000000e+00,0.000000000000000000e+00,-3.164618912820593710e-02,-4.364735381782067769e-01,-0.000000000000000000e+00,0.000000000000000000e+00,0.000000000000000000e+00,0.000000000000000000e+00,1.229000223113426271e+00
