2.249916217565329557e+00,-5.925812066485367513e-01,-0.000000000000000000e+00,0.000000000000000000e+00,-0.000000000000000000e+00,-0.000000000000000000e+00,-0.000000000000000000e+00,-0.000000000000000000e+00,-0.000000000000000000e+00,-4.549576286124951685e-01,-0.000000000000000000e+00,0.000000000000000000e+00,6.605457719965372732e-02,-1.859960573332072320e-01,0.000000000000000000e+00,-1.243431270570808517e-01,-0.000000000000000000e+00,0.000000000000000000e+00,0.000000000000000000e+00,0.000000000000000000e+00,-0.000000000000000000e+00,-0.000000000000000000e+00,-8.939608029611438231e-03,-0.000000000000000000e+00,-0.000000000000000000e+00,-1.442217732405419173e-01,-0.000000000000000000e+00,-1.896492331724527192e-01,-1.134505093173726331e-01,-1.383350873987032603e-01,-2.317756576197175789e-01,-0.000000000000000000e+00,-7.713521086009588433e-03,0.000000000000000000e+00,-0.000000000000000000e+00,-0.000000000000000000e+00,-0.000000000000000000e+00,-0.000000000000000000e+00,-0.000000000000000000e+00
-5.925812066485367513e-01,2.367188042968818351e+00,-0.000000000000000000e+00,0.000000000000000000e+00,-0.000000000000000000e+00,-0.000000000000000000e+00,-0.000000000000000000e+00,-0.000000000000000000e+00,-0.000000000000000000e+00,-3.098977674167874286e-01,-2.585613204428965917e-01,0.000000000000000000e+00,1.159579823238326840e-01,-2.034578114428733375e-01,0.000000000000000000e+00,-0.000000000000000000e+00,-9.631701632732440899e-02,0.000000000000000000e+00,0.000000000000000000e+00,0.000000000000000000e+00,-0.000000000000000000e+00,-0.000000000000000000e+00,-0.000000000000000000e+00,-3.241703534146866961e-02,-0.000000000000000000e+00,-2.261329483172369315e-01,-0.000000000000000000e+00,-1.717435370495299096e-01,-1.623712389700986969e-01,-0.000000000000000000e+00,-1.604118231624308555e-01,-1.184094626337085371e-01,-0.000000000000000000e+00,0.000000000000000000e+00,-0.000000000000000000e+00,-0.000000000000000000e+00,-0.000000000000000000e+00,-0.000000000000000000e+00,-0.000000000000000000e+00
-0.000000000000000000e+00,-0.000000000000000000e+00,1.393149547760353713e+00,0.000000000000000000e+00,-4.959073382227124349e-01,0.000000000000000000e+00,-0.000000000000000000e+00,2.801096225324192224e-01,-9.625133381599482174e-03,-0.000000000000000000e+00,-0.000000000000000000e+00,-0.000000000000000000e+00,0.000000000000000000e+00,-0.000000000000000000e+00,-0.000000000000000000e+00,-2.083833094190289462e-02,-0.000000000000000000e+00,-0.000000000000000000e+00,-0.000000000000000000e+00,-0.000000000000000000e+00,-0.000000000000000000e+00,-0.000000000000000000e+00,-7.791331551020458379e-02,-0.000000000000000000e+00,-0.000000000000000000e+00,-1.939452844452515534e-01,-0.000000000000000000e+00,-0.000000000000000000e+00,-0.000000000000000000e+00,-0.000000000000000000e+00,-0.000000000000000000e+00,-0.000000000000000000e+00,-1.247272208660032550e-01,-0.000000000000000000e+00,-0.000000000000000000e+00,-0.000000000000000000e+00,-0.000000000000000000e+00,-0.000000000000000000e+00,-0.000000000000000000e+00
0.000000000000000000e+00,0.000000000000000000e+00,0.000000000000000000e+00,1.024811404963011929e+00,0.000000000000000000e+00,0.000000000000000000e+00,-1.042053477873092354e-01,-4.270977649666245907e-02,0.000000000000000000e+00,0.000000000000000000e+00,0.000000000000000000e+00,0.000000000000000000e+00,0.000000000000000000e+00,0.000000000000000000e+00,0.000000000000000000e+00,0.000000000000000000e+00,0.000000000000000000e+00,-0.000000000000000000e+00,-0.000000000000000000e+00,-0.000000000000000000e+00,-0.000000000000000000e+00,-0.000000000000000000e+00,0.000000000000000000e+00,-0.000000000000000000e+00,0.000000000000000000e+00,0.000000000000000000e+00,0.000000000000000000e+00,-0.000000000000000000e+00,0.000000000000000000e+00,0.000000000000000000e+00,-0.000000000000000000e+00,0.000000000000000000e+00,0.000000000000000000e+00,0.000000000000000000e+00,-0.000000000000000000e+00,7.693304210928428311e-02,-0.000000000000000000e+00,0.000000000000000000e+00,1.030331472250304789e-02
-0.000000000000000000e+00,-0.000000000000000000e+00,-4.959073382227124349e-01,0.000000000000000000e+00,1.569407441783532420e+00,0.000000000000000000e+00,0.000000000000000000e+00,0.000000000000000000e+00,-1.279233972705588473e-01,-6.512993782577099211e-02,-0.000000000000000000e+00,-0.000000000000000000e+00,0.000000000000000000e+00,-0.000000000000000000e+00,-0.000000000000000000e+00,-4.532954873938281615e-02,-0.000000000000000000e+00,-0.000000000000000000e+00,-0.000000000000000000e+00,-0.000000000000000000e+00,-0.000000000000000000e+00,0.000000000000000000e+00,-1.137387750301638578e-01,0.000000000000000000e+00,-1.439989097615822500e-01,-3.496013506931174714e-02,-0.000000000000000000e+00,-0.000000000000000000e+00,-0.000000000000000000e+00,-0.000000000000000000e+00,-0.000000000000000000e+00,0.000000000000000000e+00,-2.388278776627367900e-02,-0.000000000000000000e+00,0.000000000000000000e+00,-2.682857299360801306e-01,0.000000000000000000e+00,-0.000000000000000000e+00,-2.512164556394105852e-01
-0.000000000000000000e+00,-0.000000000000000000e+00,0.000000000000000000e+00,0.000000000000000000e+00,0.000000000000000000e+00,2.777711180319423878e+00,-0.000000000000000000e+00,-0.000000000000000000e+00,0.000000000000000000e+00,-0.000000000000000000e+00,-0.000000000000000000e+00,1.711115469795854160e-01,0.000000000000000000e+00,-0.000000000000000000e+00,1.661391548855400413e-01,0.000000000000000000e+00,-1.440606764522970040e-01,5.869129313644956547e-02,2.287850482563103249e-01,-0.000000000000000000e+00,-9.630746063665208967e-02,-8.875814171695221855e-02,0.000000000000000000e+00,-1.596438491368334378e-01,0.000000000000000000e+00,-0.000000000000000000e+00,-1.693396155956533589e-02,-0.000000000000000000e+00,-3.507575278702281252e-01,0.000000000000000000e+00,-0.000000000000000000e+00,-2.446854963269792238e-01,-0.000000000000000000e+00,3.146501573732902735e-01,-3.745299593616591149e-01,0.000000000000000000e+00,-3.974124432297052589e-01,0.000000000000000000e+00,0.000000000000000000e+00
-0.000000000000000000e+00,-0.000000000000000000e+00,-0.000000000000000000e+00,-1.042053477873092354e-01,0.000000000000000000e+00,-0.000000000000000000e+00,1.893087088807132501e+00,-3.413263631403321702e-02,0.000000000000000000e+00,-0.000000000000000000e+00,-0.000000000000000000e+00,4.007707187238803148e-01,7.816417384267292448e-03,-0.000000000000000000e+00,2.985826701000736660e-01,-0.000000000000000000e+00,-0.000000000000000000e+00,0.000000000000000000e+00,1.375674941713833366e-01,-0.000000000000000000e+00,-1.103805604938861151e-01,-3.494037002781492651e-01,0.000000000000000000e+00,-2.603169293932393671e-02,0.000000000000000000e+00,-0.000000000000000000e+00,-0.000000000000000000e+00,-0.000000000000000000e+00,-2.987735974025096386e-02,0.000000000000000000e+00,-0.000000000000000000e+00,-0.000000000000000000e+00,-0.000000000000000000e+00,6.159029161187611068e-02,-5.734974843106932507e-02,0.000000000000000000e+00,-3.981801586956933148e-02,3.215821017823537742e-02,1.020493024832592605e-01
-0.000000000000000000e+00,-0.000000000000000000e+00,2.801096225324192224e-01,-4.270977649666245907e-02,0.000000000000000000e+00,-0.000000000000000000e+00,-3.413263631403321702e-02,1.103744908639782585e+00,0.000000000000000000e+00,-0.000000000000000000e+00,-0.000000000000000000e+00,0.000000000000000000e+00,1.181006786248264551e-01,-0.000000000000000000e+00,0.000000000000000000e+00,-0.000000000000000000e+00,-0.000000000000000000e+00,0.000000000000000000e+00,0.000000000000000000e+00,0.000000000000000000e+00,-6.681199940295512105e-03,-1.293420399652059349e-02,0.000000000000000000e+00,-8.216234982367855155e-02,0.000000000000000000e+00,0.000000000000000000e+00,-0.000000000000000000e+00,-0.000000000000000000e+00,-0.000000000000000000e+00,0.000000000000000000e+00,-1.651324053156254593e-02,-0.000000000000000000e+00,-0.000000000000000000e+00,0.000000000000000000e+00,-0.000000000000000000e+00,0.000000000000000000e+00,-0.000000000000000000e+00,0.000000000000000000e+00,0.000000000000000000e+00
-0.000000000000000000e+00,-0.000000000000000000e+00,-9.625133381599482174e-03,0.000000000000000000e+00,-1.279233972705588473e-01,0.000000000000000000e+00,0.000000000000000000e+00,0.000000000000000000e+00,2.102943252169793276e+00,-0.000000000000000000e+00,0.000000000000000000e+00,-0.000000000000000000e+00,0.000000000000000000e+00,-0.000000000000000000e+00,-0.000000000000000000e+00,-4.149019285687772784e-01,0.000000000000000000e+00,-8.845367134079601401e-02,-1.619731416811757418e-01,0.000000000000000000e+00,0.000000000000000000e+00,0.000000000000000000e+00,-2.005722353319901174e-01,0.000000000000000000e+00,-5.711931980500235817e-02,-0.000000000000000000e+00,0.000000000000000000e+00,-0.000000000000000000e+00,0.000000000000000000e+00,-6.252839664816323140e-01,-0.000000000000000000e+00,0.000000000000000000e+00,-0.000000000000000000e+00,-1.815903940372703695e-01,0.000000000000000000e+00,-0.000000000000000000e+00,0.000000000000000000e+00,-9.657037539235110990e-02,-4.644962361052996092e-01
-4.549576286124951685e-01,-3.098977674167874286e-01,-0.000000000000000000e+00,0.000000000000000000e+00,-6.512993782577099211e-02,-0.000000000000000000e+00,-0.000000000000000000e+00,-0.000000000000000000e+00,-0.000000000000000000e+00,2.346646816711441375e+00,-0.000000000000000000e+00,0.000000000000000000e+00,1.833091639054202082e-01,-2.154099640324823595e-01,0.000000000000000000e+00,-5.923455712017051678e-01,-0.000000000000000000e+00,-0.000000000000000000e+00,0.000000000000000000e+00,0.000000000000000000e+00,-0.000000000000000000e+00,-0.000000000000000000e+00,-1.271756969775443002e-01,-0.000000000000000000e+00,-0.000000000000000000e+00,-1.900735823580600170e-01,-0.000000000000000000e+00,-6.740901028369961079e-02,-0.000000000000000000e+00,-2.378946546282937058e-01,-1.095699630934307695e-01,-0.000000000000000000e+00,-4.681536136390471864e-03,0.000000000000000000e+00,-0.000000000000000000e+00,-0.000000000000000000e+00,-0.000000000000000000e+00,-0.000000000000000000e+00,-0.000000000000000000e+00
-0.000000000000000000e+00,-2.585613204428965917e-01,-0.000000000000000000e+00,0.000000000000000000e+00,-0.000000000000000000e+00,-0.000000000000000000e+00,-0.000000000000000000e+00,-0.000000000000000000e+00,0.000000000000000000e+00,-0.000000000000000000e+00,1.832673361679774127e+00,0.000000000000000000e+00,0.000000000000000000e+00,-2.068817252202677925e-01,0.000000000000000000e+00,-0.000000000000000000e+00,-3.821408950191420018e-01,7.570621207165924293e-02,0.000000000000000000e+00,1.570116874941021590e-01,-0.000000000000000000e+00,-0.000000000000000000e+00,-0.000000000000000000e+00,-8.301229877238301691e-02,0.000000000000000000e+00,-0.000000000000000000e+00,-3.700441525673163479e-02,-0.000000000000000000e+00,-0.000000000000000000e+00,-0.000000000000000000e+00,-0.000000000000000000e+00,-4.947160946727033326e-01,-2.170551121485057855e-03,0.000000000000000000e+00,-0.000000000000000000e+00,0.000000000000000000e+00,-0.000000000000000000e+00,-0.000000000000000000e+00,0.000000000000000000e+00
0.000000000000000000e+00,0.000000000000000000e+00,-0.000000000000000000e+00,0.000000000000000000e+00,-0.000000000000000000e+00,1.711115469795854160e-01,4.007707187238803148e-01,0.000000000000000000e+00,-0.000000000000000000e+00,0.000000000000000000e+00,0.000000000000000000e+00,2.542424555518461915e+00,-0.000000000000000000e+00,0.000000000000000000e+00,-6.126917858426180752e-01,-0.000000000000000000e+00,0.000000000000000000e+00,-0.000000000000000000e+00,-3.188520411733097304e-01,0.000000000000000000e+00,7.129900006089548437e-02,3.016223920162598368e-02,-0.000000000000000000e+00,6.052396843844533303e-02,-0.000000000000000000e+00,0.000000000000000000e+00,0.000000000000000000e+00,0.000000000000000000e+00,0.000000000000000000e+00,-0.000000000000000000e+00,0.000000000000000000e+00,0.000000000000000000e+00,0.000000000000000000e+00,-3.056206945613856862e-01,1.172412214561388694e-01,-1.181900084024554431e-01,1.459322777402153049e-01,-0.000000000000000000e+00,-2.891396249546708264e-01
6.605457719965372732e-02,1.159579823238326840e-01,0.000000000000000000e+00,0.000000000000000000e+00,0.000000000000000000e+00,0.000000000000000000e+00,7.816417384267292448e-03,1.181006786248264551e-01,0.000000000000000000e+00,1.833091639054202082e-01,0.000000000000000000e+00,-0.000000000000000000e+00,1.941000368621487837e+00,8.022314826125993836e-02,-0.000000000000000000e+00,0.000000000000000000e+00,0.000000000000000000e+00,-0.000000000000000000e+00,-0.000000000000000000e+00,-0.000000000000000000e+00,0.000000000000000000e+00,0.000000000000000000e+00,0.000000000000000000e+00,7.159494666408820762e-02,0.000000000000000000e+00,0.000000000000000000e+00,1.258710488706832331e-01,2.628537711332112337e-01,2.689220675227867174e-02,0.000000000000000000e+00,5.554372004280000441e-01,0.000000000000000000e+00,2.173993584741977236e-01,-0.000000000000000000e+00,0.000000000000000000e+00,-0.000000000000000000e+00,0.000000000000000000e+00,0.000000000000000000e+00,0.000000000000000000e+00
-1.859960573332072320e-01,-2.034578114428733375e-01,-0.000000000000000000e+00,0.000000000000000000e+00,-0.000000000000000000e+00,-0.000000000000000000e+00,-0.000000000000000000e+00,-0.000000000000000000e+00,-0.000000000000000000e+00,-2.154099640324823595e-01,-2.068817252202677925e-01,0.000000000000000000e+00,8.022314826125993836e-02,1.889645173122508792e+00,0.000000000000000000e+00,-4.735137118297137043e-02,-0.000000000000000000e+00,0.000000000000000000e+00,0.000000000000000000e+00,0.000000000000000000e+00,-0.000000000000000000e+00,-0.000000000000000000e+00,-0.000000000000000000e+00,-2.000496721887864704e-01,-0.000000000000000000e+00,-0.000000000000000000e+00,-0.000000000000000000e+00,-5.498054617065852717e-02,-0.000000000000000000e+00,-0.000000000000000000e+00,-8.424018382046291609e-02,-0.000000000000000000e+00,-3.536242411924306328e-01,0.000000000000000000e+00,-1.477808258917809592e-01,-0.000000000000000000e+00,-0.000000000000000000e+00,-0.000000000000000000e+00,0.000000000000000000e+00
0.000000000000000000e+00,0.000000000000000000e+00,-0.000000000000000000e+00,0.000000000000000000e+00,-0.000000000000000000e+00,1.661391548855400413e-01,2.985826701000736660e-01,0.000000000000000000e+00,-0.000000000000000000e+00,0.000000000000000000e+00,0.000000000000000000e+00,-6.126917858426180752e-01,-0.000000000000000000e+00,0.000000000000000000e+00,2.684347451815387142e+00,-0.000000000000000000e+00,1.597525086263475516e-02,-9.313798005893289544e-02,-2.750105023559220596e-01,0.000000000000000000e+00,6.748033056882445091e-02,1.227892187906920590e-01,-0.000000000000000000e+00,1.319698741212485815e-01,-0.000000000000000000e+00,0.000000000000000000e+00,2.784294950399120172e-02,0.000000000000000000e+00,2.433932245670981584e-02,-0.000000000000000000e+00,0.000000000000000000e+00,0.000000000000000000e+00,0.000000000000000000e+00,-4.230186241214539122e-01,1.447920912243103597e-01,-1.916794178920390168e-01,2.196539450740819244e-01,-0.000000000000000000e+00,-0.000000000000000000e+00
-1.243431270570808517e-01,-0.000000000000000000e+00,-2.083833094190289462e-02,0.000000000000000000e+00,-4.532954873938281615e-02,0.000000000000000000e+00,-0.000000000000000000e+00,-0.000000000000000000e+00,-4.149019285687772784e-01,-5.923455712017051678e-01,-0.000000000000000000e+00,-0.000000000000000000e+00,0.000000000000000000e+00,-4.735137118297137043e-02,-0.000000000000000000e+00,2.004222528453917906e+00,-0.000000000000000000e+00,-4.949660603252602903e-02,-0.000000000000000000e+00,0.000000000000000000e+00,-0.000000000000000000e+00,-0.000000000000000000e+00,-4.397215562368524122e-02,-0.000000000000000000e+00,-2.139811623974113841e-01,-0.000000000000000000e+00,-0.000000000000000000e+00,-6.836647374721240011e-02,-0.000000000000000000e+00,-3.557270385458413675e-01,-0.000000000000000000e+00,0.000000000000000000e+00,-1.420582222503844194e-01,-0.000000000000000000e+00,-0.000000000000000000e+00,-0.000000000000000000e+00,-0.000000000000000000e+00,-0.000000000000000000e+00,-0.000000000000000000e+00
-0.000000000000000000e+00,-9.631701632732440899e-02,-0.000000000000000000e+00,0.000000000000000000e+00,-0.000000000000000000e+00,-1.440606764522970040e-01,-0.000000000000000000e+00,-0.000000000000000000e+00,0.000000000000000000e+00,-0.000000000000000000e+00,-3.821408950191420018e-01,0.000000000000000000e+00,0.000000000000000000e+00,-0.000000000000000000e+00,1.597525086263475516e-02,-0.000000000000000000e+00,2.633261256388872429e+00,5.522023877916805434e-02,1.559885052729986787e-01,-0.000000000000000000e+00,-7.883988300256018766e-02,-2.152609876403759614e-01,-0.000000000000000000e+00,-2.815758088903004275e-01,-0.000000000000000000e+00,-0.000000000000000000e+00,-1.957357855641079780e-01,-0.000000000000000000e+00,-2.557892580453791087e-01,0.000000000000000000e+00,-1.742647350564355546e-01,-2.452652930925936781e-01,-0.000000000000000000e+00,0.000000000000000000e+00,-2.545633003416071238e-01,0.000000000000000000e+00,-1.552572570566876919e-01,0.000000000000000000e+00,0.000000000000000000e+00
0.000000000000000000e+00,0.000000000000000000e+00,-0.000000000000000000e+00,-0.000000000000000000e+00,-0.000000000000000000e+00,5.869129313644956547e-02,0.000000000000000000e+00,0.000000000000000000e+00,-8.845367134079601401e-02,-0.000000000000000000e+00,7.570621207165924293e-02,-0.000000000000000000e+00,-0.000000000000000000e+00,0.000000000000000000e+00,-9.313798005893289544e-02,-4.949660603252602903e-02,5.522023877916805434e-02,1.273069154259860447e+00,-3.809242389163379761e-01,-0.000000000000000000e+00,0.000000000000000000e+00,0.000000000000000000e+00,-0.000000000000000000e+00,0.000000000000000000e+00,-1.066708364976152318e-02,-0.000000000000000000e+00,0.000000000000000000e+00,-0.000000000000000000e+00,0.000000000000000000e+00,-0.000000000000000000e+00,0.000000000000000000e+00,4.230272465880787272e-03,0.000000000000000000e+00,-0.000000000000000000e+00,0.000000000000000000e+00,-0.000000000000000000e+00,0.000000000000000000e+00,-0.000000000000000000e+00,-0.000000000000000000e+00
0.000000000000000000e+00,0.000000000000000000e+00,-0.000000000000000000e+00,-0.000000000000000000e+00,-0.000000000000000000e+00,2.287850482563103249e-01,1.375674941713833366e-01,0.000000000000000000e+00,-1.619731416811757418e-01,0.000000000000000000e+00,0.000000000000000000e+00,-3.188520411733097304e-01,-0.000000000000000000e+00,0.000000000000000000e+00,-2.750105023559220596e-01,-0.000000000000000000e+00,1.559885052729986787e-01,-3.809242389163379761e-01,2.246078825332199713e+00,0.000000000000000000e+00,0.000000000000000000e+00,3.060694395946237257e-03,-0.000000000000000000e+00,0.000000000000000000e+00,-0.000000000000000000e+00,0.000000000000000000e+00,0.000000000000000000e+00,0.000000000000000000e+00,5.477478642117165897e-02,-0.000000000000000000e+00,0.000000000000000000e+00,0.000000000000000000e+00,0.000000000000000000e+00,-4.866358400577873722e-01,0.000000000000000000e+00,-0.000000000000000000e+00,8.554216424807191410e-02,-0.000000000000000000e+00,-1.305992401466852040e-02
0.000000000000000000e+00,0.000000000000000000e+00,-0.000000000000000000e+00,-0.000000000000000000e+00,-0.000000000000000000e+00,-0.000000000000000000e+00,-0.000000000000000000e+00,0.000000000000000000e+00,0.000000000000000000e+00,0.000000000000000000e+00,1.570116874941021590e-01,0.000000000000000000e+00,-0.000000000000000000e+00,0.000000000000000000e+00,0.000000000000000000e+00,0.000000000000000000e+00,-0.000000000000000000e+00,-0.000000000000000000e+00,0.000000000000000000e+00,1.024073443600726607e+00,-0.000000000000000000e+00,-0.000000000000000000e+00,-0.000000000000000000e+00,0.000000000000000000e+00,-0.000000000000000000e+00,-0.000000000000000000e+00,-0.000000000000000000e+00,0.000000000000000000e+00,-0.000000000000000000e+00,0.000000000000000000e+00,0.000000000000000000e+00,0.000000000000000000e+00,0.000000000000000000e+00,0.000000000000000000e+00,0.000000000000000000e+00,-0.000000000000000000e+00,-0.000000000000000000e+00,0.000000000000000000e+00,0.000000000000000000e+00
-0.000000000000000000e+00,-0.000000000000000000e+00,-0.000000000000000000e+00,-0.000000000000000000e+00,-0.000000000000000000e+00,-9.630746063665208967e-02,-1.103805604938861151e-01,-6.681199940295512105e-03,0.000000000000000000e+00,-0.000000000000000000e+00,-0.000000000000000000e+00,7.129900006089548437e-02,0.000000000000000000e+00,-0.000000000000000000e+00,6.748033056882445091e-02,-0.000000000000000000e+00,-7.883988300256018766e-02,0.000000000000000000e+00,0.000000000000000000e+00,-0.000000000000000000e+00,2.426861401155759879e+00,-5.798076813676564800e-01,-0.000000000000000000e+00,-1.753908227029322142e-01,-0.000000000000000000e+00,-0.000000000000000000e+00,-2.011035020000252471e-01,-5.823170305300303523e-02,-1.047521545948589816e-01,0.000000000000000000e+00,-1.451723971582274675e-01,-1.659880084276547374e-01,-1.239753386567430948e-01,8.493099084075441535e-03,-1.828975583754065271e-01,0.000000000000000000e+00,-2.112711948837357467e-01,-0.000000000000000000e+00,0.000000000000000000e+00
-0.000000000000000000e+00,-0.000000000000000000e+00,-0.000000000000000000e+00,-0.000000000000000000e+00,0.000000000000000000e+00,-8.875814171695221855e-02,-3.494037002781492651e-01,-1.293420399652059349e-02,0.000000000000000000e+00,-0.000000000000000000e+00,-0.000000000000000000e+00,3.016223920162598368e-02,0.000000000000000000e+00,-0.000000000000000000e+00,1.227892187906920590e-01,-0.000000000000000000e+00,-2.152609876403759614e-01,0.000000000000000000e+00,3.060694395946237257e-03,-0.000000000000000000e+00,-5.798076813676564800e-01,2.507073226186513182e+00,-0.000000000000000000e+00,-3.081979584372224884e-02,-0.000000000000000000e+00,-0.000000000000000000e+00,-2.620688975243167795e-01,-1.007342494154560009e-01,-2.057081114627900831e-01,0.000000000000000000e+00,-9.403882600739167652e-02,-1.030310466175974639e-02,-0.000000000000000000e+00,1.317629058489818428e-01,-3.922545063035159929e-02,0.000000000000000000e+00,-2.319280065170905847e-01,-0.000000000000000000e+00,0.000000000000000000e+00
-8.939608029611438231e-03,-0.000000000000000000e+00,-7.791331551020458379e-02,0.000000000000000000e+00,-1.137387750301638578e-01,0.000000000000000000e+00,0.000000000000000000e+00,0.000000000000000000e+00,-2.005722353319901174e-01,-1.271756969775443002e-01,-0.000000000000000000e+00,-0.000000000000000000e+00,0.000000000000000000e+00,-0.000000000000000000e+00,-0.000000000000000000e+00,-4.397215562368524122e-02,-0.000000000000000000e+00,-0.000000000000000000e+00,-0.000000000000000000e+00,-0.000000000000000000e+00,-0.000000000000000000e+00,-0.000000000000000000e+00,1.677730862975295834e+00,-0.000000000000000000e+00,-5.937642627325042666e-01,-1.427065582607238425e-01,-0.000000000000000000e+00,-6.064889148029972699e-02,-0.000000000000000000e+00,-1.906320344817927226e-01,-0.000000000000000000e+00,-0.000000000000000000e+00,-0.000000000000000000e+00,-0.000000000000000000e+00,-0.000000000000000000e+00,-0.000000000000000000e+00,-0.000000000000000000e+00,-0.000000000000000000e+00,-4.049515457305459532e-02
-0.000000000000000000e+00,-3.241703534146866961e-02,-0.000000000000000000e+00,-0.000000000000000000e+00,0.000000000000000000e+00,-1.596438491368334378e-01,-2.603169293932393671e-02,-8.216234982367855155e-02,0.000000000000000000e+00,-0.000000000000000000e+00,-8.301229877238301691e-02,6.052396843844533303e-02,7.159494666408820762e-02,-2.000496721887864704e-01,1.319698741212485815e-01,-0.000000000000000000e+00,-2.815758088903004275e-01,0.000000000000000000e+00,0.000000000000000000e+00,0.000000000000000000e+00,-1.753908227029322142e-01,-3.081979584372224884e-02,-0.000000000000000000e+00,2.644855165176910106e+00,-0.000000000000000000e+00,-0.000000000000000000e+00,-1.683263635535264258e-01,-0.000000000000000000e+00,-2.048138331267865819e-01,0.000000000000000000e+00,-2.328751569257134779e-01,-2.791027218943541444e-01,-0.000000000000000000e+00,1.135246806207039147e-02,-2.613579030247797919e-01,0.000000000000000000e+00,-2.728803818875042420e-01,-0.000000000000000000e+00,0.000000000000000000e+00
-0.000000000000000000e+00,-0.000000000000000000e+00,-0.000000000000000000e+00,0.000000000000000000e+00,-1.439989097615822500e-01,0.000000000000000000e+00,0.000000000000000000e+00,0.000000000000000000e+00,-5.711931980500235817e-02,-0.000000000000000000e+00,0.000000000000000000e+00,-0.000000000000000000e+00,0.000000000000000000e+00,-0.000000000000000000e+00,-0.000000000000000000e+00,-2.139811623974113841e-01,-0.000000000000000000e+00,-1.066708364976152318e-02,-0.000000000000000000e+00,-0.000000000000000000e+00,-0.000000000000000000e+00,-0.000000000000000000e+00,-5.937642627325042666e-01,-0.000000000000000000e+00,1.507880428887605762e+00,-1.130799681046565711e-02,-0.000000000000000000e+00,-0.000000000000000000e+00,-0.000000000000000000e+00,-0.000000000000000000e+00,-0.000000000000000000e+00,0.000000000000000000e+00,-0.000000000000000000e+00,-0.000000000000000000e+00,-0.000000000000000000e+00,-0.000000000000000000e+00,-0.000000000000000000e+00,-5.754909930984836164e-02,-1.041819973896234708e-01
-1.442217732405419173e-01,-2.261329483172369315e-01,-1.939452844452515534e-01,0.000000000000000000e+00,-3.496013506931174714e-02,-0.000000000000000000e+00,-0.000000000000000000e+00,0.000000000000000000e+00,-0.000000000000000000e+00,-1.900735823580600170e-01,-0.000000000000000000e+00,0.000000000000000000e+00,0.000000000000000000e+00,-0.000000000000000000e+00,0.000000000000000000e+00,-0.000000000000000000e+00,-0.000000000000000000e+00,-0.000000000000000000e+00,0.000000000000000000e+00,-0.000000000000000000e+00,-0.000000000000000000e+00,-0.000000000000000000e+00,-1.427065582607238425e-01,-0.000000000000000000e+00,-1.130799681046565711e-02,1.878237061141691866e+00,-3.231557503168891454e-01,-3.689241827675412422e-01,-5.850399148461222359e-02,-0.000000000000000000e+00,-0.000000000000000000e+00,-0.000000000000000000e+00,-1.103600216849527915e-01,0.000000000000000000e+00,-0.000000000000000000e+00,-0.000000000000000000e+00,-0.000000000000000000e+00,-2.535973837607027326e-01,-0.000000000000000000e+00
-0.000000000000000000e+00,-0.000000000000000000e+00,-0.000000000000000000e+00,0.000000000000000000e+00,-0.000000000000000000e+00,-1.693396155956533589e-02,-0.000000000000000000e+00,-0.000000000000000000e+00,0.000000000000000000e+00,-0.000000000000000000e+00,-3.700441525673163479e-02,0.000000000000000000e+00,1.258710488706832331e-01,-0.000000000000000000e+00,2.784294950399120172e-02,-0.000000000000000000e+00,-1.957357855641079780e-01,0.000000000000000000e+00,0.000000000000000000e+00,-0.000000000000000000e+00,-2.011035020000252471e-01,-2.620688975243167795e-01,-0.000000000000000000e+00,-1.683263635535264258e-01,-0.000000000000000000e+00,-3.231557503168891454e-01,2.481002009789973872e+00,-3.641147501305139200e-02,-2.862632693210724888e-01,0.000000000000000000e+00,-9.810849378027038104e-02,-3.480463772558807789e-01,-0.000000000000000000e+00,2.446623525311071579e-02,-1.678703251254961837e-01,0.000000000000000000e+00,-1.976781116461981125e-01,-0.000000000000000000e+00,0.000000000000000000e+00
-1.896492331724527192e-01,-1.717435370495299096e-01,-0.000000000000000000e+00,-0.000000000000000000e+00,-0.000000000000000000e+00,-0.000000000000000000e+00,-0.000000000000000000e+00,-0.000000000000000000e+00,-0.000000000000000000e+00,-6.740901028369961079e-02,-0.000000000000000000e+00,0.000000000000000000e+00,2.628537711332112337e-01,-5.498054617065852717e-02,0.000000000000000000e+00,-6.836647374721240011e-02,-0.000000000000000000e+00,-0.000000000000000000e+00,0.000000000000000000e+00,0.000000000000000000e+00,-5.823170305300303523e-02,-1.007342494154560009e-01,-6.064889148029972699e-02,-0.000000000000000000e+00,-0.000000000000000000e+00,-3.689241827675412422e-01,-3.641147501305139200e-02,1.931159501626325437e+00,-0.000000000000000000e+00,-0.000000000000000000e+00,-1.366187167151820259e-01,-0.000000000000000000e+00,-2.820209641887523322e-01,0.000000000000000000e+00,-0.000000000000000000e+00,0.000000000000000000e+00,-0.000000000000000000e+00,-0.000000000000000000e+00,-0.000000000000000000e+00
-1.134505093173726331e-01,-1.623712389700986969e-01,-0.000000000000000000e+00,0.000000000000000000e+00,-0.000000000000000000e+00,-3.507575278702281252e-01,-2.987735974025096386e-02,-0.000000000000000000e+00,0.000000000000000000e+00,-0.000000000000000000e+00,-0.000000000000000000e+00,0.000000000000000000e+00,2.689220675227867174e-02,-0.000000000000000000e+00,2.433932245670981584e-02,-0.000000000000000000e+00,-2.557892580453791087e-01,0.000000000000000000e+00,5.477478642117165897e-02,-0.000000000000000000e+00,-1.047521545948589816e-01,-2.057081114627900831e-01,-0.000000000000000000e+00,-2.048138331267865819e-01,-0.000000000000000000e+00,-5.850399148461222359e-02,-2.862632693210724888e-01,-0.000000000000000000e+00,2.777496343361180120e+00,0.000000000000000000e+00,-9.393065703734609917e-02,-1.789541297463464742e-01,-0.000000000000000000e+00,2.752104647228158577e-02,-2.850642689277301800e-01,0.000000000000000000e+00,-3.876803467794569524e-01,-0.000000000000000000e+00,0.000000000000000000e+00
-1.383350873987032603e-01,-0.000000000000000000e+00,-0.000000000000000000e+00,0.000000000000000000e+00,-0.000000000000000000e+00,0.000000000000000000e+00,0.000000000000000000e+00,0.000000000000000000e+00,-6.252839664816323140e-01,-2.378946546282937058e-01,-0.000000000000000000e+00,-0.000000000000000000e+00,0.000000000000000000e+00,-0.000000000000000000e+00,-0.000000000000000000e+00,-3.557270385458413675e-01,0.000000000000000000e+00,-0.000000000000000000e+00,-0.000000000000000000e+00,0.000000000000000000e+00,0.000000000000000000e+00,0.000000000000000000e+00,-1.906320344817927226e-01,0.000000000000000000e+00,-0.000000000000000000e+00,-0.000000000000000000e+00,0.000000000000000000e+00,-0.000000000000000000e+00,0.000000000000000000e+00,1.842200752441387035e+00,-0.000000000000000000e+00,0.000000000000000000e+00,-0.000000000000000000e+00,-0.000000000000000000e+00,0.000000000000000000e+00,-0.000000000000000000e+00,0.000000000000000000e+00,-0.000000000000000000e+00,-1.588497458015896147e-01
-2.317756576197175789e-01,-1.604118231624308555e-01,-0.000000000000000000e+00,-0.000000000000000000e+00,-0.000000000000000000e+00,-0.000000000000000000e+00,-0.000000000000000000e+00,-1.651324053156254593e-02,-0.000000000000000000e+00,-1.095699630934307695e-01,-0.000000000000000000e+00,0.000000000000000000e+00,5.554372004280000441e-01,-8.424018382046291609e-02,0.000000000000000000e+00,-0.000000000000000000e+00,-1.742647350564355546e-01,0.000000000000000000e+00,0.000000000000000000e+00,0.000000000000000000e+00,-1.451723971582274675e-01,-9.403882600739167652e-02,-0.000000000000000000e+00,-2.328751569257134779e-01,-0.000000000000000000e+00,-0.000000000000000000e+00,-9.810849378027038104e-02,-1.366187167151820259e-01,-9.393065703734609917e-02,-0.000000000000000000e+00,2.624652544834826351e+00,-0.000000000000000000e+00,-4.820002888145648035e-01,0.000000000000000000e+00,-8.944445988677983406e-02,0.000000000000000000e+00,-1.147011955179553094e-01,-0.000000000000000000e+00,-0.000000000000000000e+00
-0.000000000000000000e+00,-1.184094626337085371e-01,-0.000000000000000000e+00,0.000000000000000000e+00,0.000000000000000000e+00,-2.446854963269792238e-01,-0.000000000000000000e+00,-0.000000000000000000e+00,0.000000000000000000e+00,-0.000000000000000000e+00,-4.947160946727033326e-01,0.000000000000000000e+00,0.000000000000000000e+00,-0.000000000000000000e+00,0.000000000000000000e+00,0.000000000000000000e+00,-2.452652930925936781e-01,4.230272465880787272e-03,0.000000000000000000e+00,0.000000000000000000e+00,-1.659880084276547374e-01,-1.030310466175974639e-02,-0.000000000000000000e+00,-2.791027218943541444e-01,0.000000000000000000e+00,-0.000000000000000000e+00,-3.480463772558807789e-01,-0.000000000000000000e+00,-1.789541297463464742e-01,0.000000000000000000e+00,-0.000000000000000000e+00,2.562302674293029714e+00,-0.000000000000000000e+00,1.669779162692505148e-01,-2.142663873157076015e-01,0.000000000000000000e+00,-9.453380276350695222e-02,-0.000000000000000000e+00,0.000000000000000000e+00
-7.713521086009588433e-03,-0.000000000000000000e+00,-1.247272208660032550e-01,0.000000000000000000e+00,-2.388278776627367900e-02,-0.000000000000000000e+00,-0.000000000000000000e+00,-0.000000000000000000e+00,-0.000000000000000000e+00,-4.681536136390471864e-03,-2.170551121485057855e-03,0.000000000000000000e+00,2.173993584741977236e-01,-3.536242411924306328e-01,0.000000000000000000e+00,-1.420582222503844194e-01,-0.000000000000000000e+00,0.000000000000000000e+00,0.000000000000000000e+00,0.000000000000000000e+00,-1.239753386567430948e-01,-0.000000000000000000e+00,-0.000000000000000000e+00,-0.000000000000000000e+00,-0.000000000000000000e+00,-1.103600216849527915e-01,-0.000000000000000000e+00,-2.820209641887523322e-01,-0.000000000000000000e+00,-0.000000000000000000e+00,-4.820002888145648035e-01,-0.000000000000000000e+00,1.929263063973044368e+00,0.000000000000000000e+00,-0.000000000000000000e+00,-0.000000000000000000e+00,-0.000000000000000000e+00,-0.000000000000000000e+00,-0.000000000000000000e+00
0.000000000000000000e+00,0.000000000000000000e+00,-0.000000000000000000e+00,0.000000000000000000e+00,-0.000000000000000000e+00,3.146501573732902735e-01,6.159029161187611068e-02,0.000000000000000000e+00,-1.815903940372703695e-01,0.000000000000000000e+00,0.000000000000000000e+00,-3.056206945613856862e-01,-0.000000000000000000e+00,0.000000000000000000e+00,-4.230186241214539122e-01,-0.000000000000000000e+00,0.000000000000000000e+00,-0.000000000000000000e+00,-4.866358400577873722e-01,0.000000000000000000e+00,8.493099084075441535e-03,1.317629058489818428e-01,-0.000000000000000000e+00,1.135246806207039147e-02,-0.000000000000000000e+00,0.000000000000000000e+00,2.446623525311071579e-02,0.000000000000000000e+00,2.752104647228158577e-02,-0.000000000000000000e+00,0.000000000000000000e+00,1.669779162692505148e-01,0.000000000000000000e+00,2.553484270257217137e+00,6.562352670139275090e-02,-9.127434726242777963e-02,1.972785325063593775e-01,-0.000000000000000000e+00,-2.482680417580770682e-01
-0.000000000000000000e+00,-0.000000000000000000e+00,-0.000000000000000000e+00,-0.000000000000000000e+00,0.000000000000000000e+00,-3.745299593616591149e-01,-5.734974843106932507e-02,-0.000000000000000000e+00,0.000000000000000000e+00,-0.000000000000000000e+00,-0.000000000000000000e+00,1.172412214561388694e-01,0.000000000000000000e+00,-1.477808258917809592e-01,1.447920912243103597e-01,-0.000000000000000000e+00,-2.545633003416071238e-01,0.000000000000000000e+00,0.000000000000000000e+00,0.000000000000000000e+00,-1.828975583754065271e-01,-3.922545063035159929e-02,-0.000000000000000000e+00,-2.613579030247797919e-01,-0.000000000000000000e+00,-0.000000000000000000e+00,-1.678703251254961837e-01,-0.000000000000000000e+00,-2.850642689277301800e-01,0.000000000000000000e+00,-8.944445988677983406e-02,-2.142663873157076015e-01,-0.000000000000000000e+00,6.562352670139275090e-02,2.712980554224216245e+00,0.000000000000000000e+00,-3.299945756342262393e-01,0.000000000000000000e+00,0.000000000000000000e+00
-0.000000000000000000e+00,-0.000000000000000000e+00,-0.000000000000000000e+00,7.693304210928428311e-02,-2.682857299360801306e-01,0.000000000000000000e+00,0.000000000000000000e+00,0.000000000000000000e+00,-0.000000000000000000e+00,-0.000000000000000000e+00,0.000000000000000000e+00,-1.181900084024554431e-01,-0.000000000000000000e+00,-0.000000000000000000e+00,-1.916794178920390168e-01,-0.000000000000000000e+00,0.000000000000000000e+00,-0.000000000000000000e+00,-0.000000000000000000e+00,-0.000000000000000000e+00,0.000000000000000000e+00,0.000000000000000000e+00,-0.000000000000000000e+00,0.000000000000000000e+00,-0.000000000000000000e+00,-0.000000000000000000e+00,0.000000000000000000e+00,0.000000000000000000e+00,0.000000000000000000e+00,-0.000000000000000000e+00,0.000000000000000000e+00,0.000000000000000000e+00,-0.000000000000000000e+00,-9.127434726242777963e-02,0.000000000000000000e+00,1.265246204174571565e+00,0.000000000000000000e+00,-0.000000000000000000e+00,-1.468633129492214751e-01
-0.000000000000000000e+00,-0.000000000000000000e+00,-0.000000000000000000e+00,-0.000000000000000000e+00,0.000000000000000000e+00,-3.974124432297052589e-01,-3.981801586956933148e-02,-0.000000000000000000e+00,0.000000000000000000e+00,-0.000000000000000000e+00,-0.000000000000000000e+00,1.459322777402153049e-01,0.000000000000000000e+00,-0.000000000000000000e+00,2.196539450740819244e-01,-0.000000000000000000e+00,-1.552572570566876919e-01,0.000000000000000000e+00,8.554216424807191410e-02,-0.000000000000000000e+00,-2.112711948837357467e-01,-2.319280065170905847e-01,-0.000000000000000000e+00,-2.728803818875042420e-01,-0.000000000000000000e+00,-0.000000000000000000e+00,-1.976781116461981125e-01,-0.000000000000000000e+00,-3.876803467794569524e-01,0.000000000000000000e+00,-1.147011955179553094e-01,-9.453380276350695222e-02,-0.000000000000000000e+00,1.972785325063593775e-01,-3.299945756342262393e-01,0.000000000000000000e+00,2.990312693271014677e+00,0.000000000000000000e+00,0.000000000000000000e+00
-0.000000000000000000e+00,-0.000000000000000000e+00,-0.000000000000000000e+00,0.000000000000000000e+00,-0.000000000000000000e+00,0.000000000000000000e+00,3.215821017823537742e-02,0.000000000000000000e+00,-9.657037539235110990e-02,-0.000000000000000000e+00,-0.000000000000000000e+00,-0.000000000000000000e+00,0.000000000000000000e+00,-0.000000000000000000e+00,-0.000000000000000000e+00,-0.000000000000000000e+00,0.000000000000000000e+00,-0.000000000000000000e+00,-0.000000000000000000e+00,0.000000000000000000e+00,-0.000000000000000000e+00,-0.000000000000000000e+00,-0.000000000000000000e+00,-0.000000000000000000e+00,-5.754909930984836164e-02,-2.535973837607027326e-01,-0.000000000000000000e+00,-0.000000000000000000e+00,-0.000000000000000000e+00,-0.000000000000000000e+00,-0.000000000000000000e+00,-0.000000000000000000e+00,-0.000000000000000000e+00,-0.000000000000000000e+00,0.000000000000000000e+00,-0.000000000000000000e+00,0.000000000000000000e+00,1.201462663007317300e+00,-2.979028222382734681e-01
-0.000000000000000000e+00,-0.000000000000000000e+00,-0.000000000000000000e+00,1.030331472250304789e-02,-2.512164556394105852e-01,0.000000000000000000e+00,1.020493024832592605e-01,0.000000000000000000e+00,-4.644962361052996092e-01,-0.000000000000000000e+00,0.000000000000000000e+00,-2.891396249546708264e-01,0.000000000000000000e+00,0.000000000000000000e+00,-0.000000000000000000e+00,-0.000000000000000000e+00,0.000000000000000000e+00,-0.000000000000000000e+00,-1.305992401466852040e-02,0.000000000000000000e+00,0.000000000000000000e+00,0.000000000000000000e+00,-4.049515457305459532e-02,0.000000000000000000e+00,-1.041819973896234708e-01,-0.000000000000000000e+00,0.000000000000000000e+00,-0.000000000000000000e+00,0.000000000000000000e+00,-1.588497458015896147e-01,-0.000000000000000000e+00,0.000000000000000000e+00,-0.000000000000000000e+00,-2.482680417580770682e-01,0.000000000000000000e+00,-1.468633129492214751e-01,0.000000000000000000e+00,-2.979028222382734681e-01,1.844735299925094552e+00
