2.142366837128061086e+00,-2.372899500121494754e-01,-0.000000000000000000e+00,0.000000000000000000e+00,-0.000000000000000000e+00,-2.390559872116636564e-01,0.000000000000000000e+00,0.000000000000000000e+00,-0.000000000000000000e+00,-0.000000000000000000e+00,0.000000000000000000e+00,-1.067902425163775870e-01,0.000000000000000000e+00,-1.477185837969962612e-01,-0.000000000000000000e+00,-6.652967911828881753e-02,-0.000000000000000000e+00,-0.000000000000000000e+00,-0.000000000000000000e+00,0.000000000000000000e+00,0.000000000000000000e+00,-0.000000000000000000e+00,-2.599288773854709911e-01,-0.000000000000000000e+00,-1.899312972105869080e-01,-1.962151071057429974e-01,-3.108166444415941254e-01,0.000000000000000000e+00,-0.000000000000000000e+00,-1.465718249368676285e-01,-0.000000000000000000e+00,-0.000000000000000000e+00,0.000000000000000000e+00,-0.000000000000000000e+00,-0.000000000000000000e+00,-0.000000000000000000e+00,-0.000000000000000000e+00,-4.272047245825753015e-01,-0.000000000000000000e+00
-2.372899500121494754e-01,2.434170602119559046e+00,-0.000000000000000000e+00,0.000000000000000000e+00,-0.000000000000000000e+00,-0.000000000000000000e+00,1.861056458226981181e-01,0.000000000000000000e+00,-0.000000000000000000e+00,-2.227297266921484387e-01,0.000000000000000000e+00,-5.565490192965727445e-02,0.000000000000000000e+00,-0.000000000000000000e+00,-0.000000000000000000e+00,-4.507337704158954073e-01,-0.000000000000000000e+00,-0.000000000000000000e+00,-0.000000000000000000e+00,0.000000000000000000e+00,-0.000000000000000000e+00,-0.000000000000000000e+00,-5.262562701685167266e-01,-0.000000000000000000e+00,-2.125644251309961041e-01,-2.206431430226191148e-01,-0.000000000000000000e+00,0.000000000000000000e+00,-0.000000000000000000e+00,-0.000000000000000000e+00,0.000000000000000000e+00,-8.109946579064644667e-02,-0.000000000000000000e+00,-0.000000000000000000e+00,0.000000000000000000e+00,-0.000000000000000000e+00,-0.000000000000000000e+00,-0.000000000000000000e+00,-4.992085140212280669e-01
-0.000000000000000000e+00,-0.000000000000000000e+00,2.446342944420481391e+00,0.000000000000000000e+00,-0.000000000000000000e+00,-0.000000000000000000e+00,0.000000000000000000e+00,6.394464544811125084e-02,-0.000000000000000000e+00,-0.000000000000000000e+00,-0.000000000000000000e+00,-4.141206838768845544e-01,0.000000000000000000e+00,-0.000000000000000000e+00,-1.099971928827423312e-01,-1.973022563785133965e-01,-0.000000000000000000e+00,-0.000000000000000000e+00,-0.000000000000000000e+00,0.000000000000000000e+00,-7.714533669891842083e-01,-1.157590840108398966e-01,-1.187310695197358462e-02,-0.000000000000000000e+00,-0.000000000000000000e+00,-1.299265702836098213e-01,-0.000000000000000000e+00,-0.000000000000000000e+00,-0.000000000000000000e+00,-1.404761310551327393e-02,-0.000000000000000000e+00,-3.297229744758306547e-01,-0.000000000000000000e+00,-0.000000000000000000e+00,3.800825317713282803e-01,0.000000000000000000e+00,-9.870814140303232898e-02,-0.000000000000000000e+00,-0.000000000000000000e+00
0.000000000000000000e+00,0.000000000000000000e+00,0.000000000000000000e+00,1.713869616369887439e+00,0.000000000000000000e+00,0.000000000000000000e+00,-5.172312562241266898e-01,-1.874966062957864332e-01,-0.000000000000000000e+00,0.000000000000000000e+00,-0.000000000000000000e+00,0.000000000000000000e+00,0.000000000000000000e+00,0.000000000000000000e+00,5.381593061447063064e-01,0.000000000000000000e+00,-0.000000000000000000e+00,0.000000000000000000e+00,1.313092650872125788e-01,-5.083774530143031489e-02,0.000000000000000000e+00,-0.000000000000000000e+00,6.030643539039606815e-02,0.000000000000000000e+00,0.000000000000000000e+00,0.000000000000000000e+00,0.000000000000000000e+00,-0.000000000000000000e+00,0.000000000000000000e+00,0.000000000000000000e+00,-0.000000000000000000e+00,0.000000000000000000e+00,-0.000000000000000000e+00,0.000000000000000000e+00,-0.000000000000000000e+00,0.000000000000000000e+00,0.000000000000000000e+00,0.000000000000000000e+00,-0.000000000000000000e+00
-0.000000000000000000e+00,-0.000000000000000000e+00,-0.000000000000000000e+00,0.000000000000000000e+00,2.024390754027932893e+00,0.000000000000000000e+00,-0.000000000000000000e+00,-0.000000000000000000e+00,-5.030474195364247336e-01,-0.000000000000000000e+00,0.000000000000000000e+00,-0.000000000000000000e+00,0.000000000000000000e+00,-5.546707858062903673e-01,0.000000000000000000e+00,-0.000000000000000000e+00,-0.000000000000000000e+00,-2.775169003857791417e-01,-2.807159602212516702e-02,0.000000000000000000e+00,0.000000000000000000e+00,0.000000000000000000e+00,-0.000000000000000000e+00,4.055243080717347431e-02,-0.000000000000000000e+00,-2.196620859637454237e-01,0.000000000000000000e+00,0.000000000000000000e+00,0.000000000000000000e+00,-0.000000000000000000e+00,0.000000000000000000e+00,0.000000000000000000e+00,-0.000000000000000000e+00,-4.793122654873075567e-02,0.000000000000000000e+00,-2.792662161161164613e-01,0.000000000000000000e+00,-2.581262924942271941e-01,-0.000000000000000000e+00
-2.390559872116636564e-01,-0.000000000000000000e+00,-0.000000000000000000e+00,0.000000000000000000e+00,0.000000000000000000e+00,2.109652331897812427e+00,0.000000000000000000e+00,2.608502004224046433e-01,0.000000000000000000e+00,0.000000000000000000e+00,0.000000000000000000e+00,-0.000000000000000000e+00,0.000000000000000000e+00,-0.000000000000000000e+00,-0.000000000000000000e+00,-0.000000000000000000e+00,0.000000000000000000e+00,0.000000000000000000e+00,0.000000000000000000e+00,0.000000000000000000e+00,-0.000000000000000000e+00,-5.284976415895786123e-02,-5.333792880138616549e-02,-0.000000000000000000e+00,-3.291983370864212111e-01,-0.000000000000000000e+00,-2.506501305037465710e-01,-0.000000000000000000e+00,-1.395064327859028008e-01,-0.000000000000000000e+00,-0.000000000000000000e+00,-1.194476900634298677e-01,1.892600129039804235e-01,0.000000000000000000e+00,-0.000000000000000000e+00,0.000000000000000000e+00,-4.333366868583967135e-01,-0.000000000000000000e+00,0.000000000000000000e+00
0.000000000000000000e+00,1.861056458226981181e-01,0.000000000000000000e+00,-5.172312562241266898e-01,-0.000000000000000000e+00,0.000000000000000000e+00,1.558198590178417886e+00,-2.007519595345391011e-02,-0.000000000000000000e+00,0.000000000000000000e+00,-0.000000000000000000e+00,2.835596633686913726e-01,-1.918589199638250919e-01,0.000000000000000000e+00,0.000000000000000000e+00,0.000000000000000000e+00,0.000000000000000000e+00,-0.000000000000000000e+00,0.000000000000000000e+00,-3.560760461389595594e-02,0.000000000000000000e+00,-0.000000000000000000e+00,1.495454353763118471e-01,0.000000000000000000e+00,0.000000000000000000e+00,0.000000000000000000e+00,0.000000000000000000e+00,-2.665217005113462156e-01,0.000000000000000000e+00,1.818786247887858518e-02,-0.000000000000000000e+00,0.000000000000000000e+00,-0.000000000000000000e+00,-0.000000000000000000e+00,-0.000000000000000000e+00,0.000000000000000000e+00,0.000000000000000000e+00,0.000000000000000000e+00,0.000000000000000000e+00
0.000000000000000000e+00,0.000000000000000000e+00,6.394464544811125084e-02,-1.874966062957864332e-01,-0.000000000000000000e+00,2.608502004224046433e-01,-2.007519595345391011e-02,2.643292439530845250e+00,-1.802765031771110804e-01,0.000000000000000000e+00,0.000000000000000000e+00,1.134559348326971973e-01,-0.000000000000000000e+00,0.000000000000000000e+00,3.875275209039433788e-01,0.000000000000000000e+00,-0.000000000000000000e+00,-0.000000000000000000e+00,0.000000000000000000e+00,-0.000000000000000000e+00,0.000000000000000000e+00,0.000000000000000000e+00,0.000000000000000000e+00,1.749391345509453688e-01,0.000000000000000000e+00,0.000000000000000000e+00,1.907279749055924845e-01,0.000000000000000000e+00,2.857216159032836544e-01,0.000000000000000000e+00,0.000000000000000000e+00,2.551036691451449845e-01,-2.033819522325085449e-01,-0.000000000000000000e+00,-0.000000000000000000e+00,-0.000000000000000000e+00,6.803964729495975972e-01,0.000000000000000000e+00,-0.000000000000000000e+00
-0.000000000000000000e+00,-0.000000000000000000e+00,-0.000000000000000000e+00,-0.000000000000000000e+00,-5.030474195364247336e-01,0.000000000000000000e+00,-0.000000000000000000e+00,-1.802765031771110804e-01,2.054557235528075676e+00,-7.876703642631457947e-02,0.000000000000000000e+00,-0.000000000000000000e+00,-0.000000000000000000e+00,-0.000000000000000000e+00,0.000000000000000000e+00,-0.000000000000000000e+00,-1.908615442984205185e-02,-1.236258846047585819e-01,-0.000000000000000000e+00,-0.000000000000000000e+00,0.000000000000000000e+00,0.000000000000000000e+00,-0.000000000000000000e+00,1.832948403870019727e-01,-0.000000000000000000e+00,-1.062573751618479251e-01,5.275994311600330083e-02,0.000000000000000000e+00,2.625871407914791636e-02,-0.000000000000000000e+00,0.000000000000000000e+00,0.000000000000000000e+00,-3.366806402297473078e-01,-3.361304028747012507e-01,0.000000000000000000e+00,-1.923154504940648435e-01,0.000000000000000000e+00,-8.653115894980242806e-02,-5.333960134933303232e-01
-0.000000000000000000e+00,-2.227297266921484387e-01,-0.000000000000000000e+00,0.000000000000000000e+00,-0.000000000000000000e+00,0.000000000000000000e+00,0.000000000000000000e+00,0.000000000000000000e+00,-7.876703642631457947e-02,2.051225085220629740e+00,0.000000000000000000e+00,-0.000000000000000000e+00,-0.000000000000000000e+00,-0.000000000000000000e+00,-0.000000000000000000e+00,-7.561088192545385445e-01,-0.000000000000000000e+00,-0.000000000000000000e+00,-2.958935155095034422e-02,0.000000000000000000e+00,-0.000000000000000000e+00,0.000000000000000000e+00,-1.210827444098825784e-01,-0.000000000000000000e+00,-0.000000000000000000e+00,-0.000000000000000000e+00,0.000000000000000000e+00,0.000000000000000000e+00,0.000000000000000000e+00,-0.000000000000000000e+00,9.067484460263092183e-02,-0.000000000000000000e+00,-0.000000000000000000e+00,-1.647288920440339310e-01,4.521426694339989415e-03,-2.014823423651388168e-01,0.000000000000000000e+00,-1.934783743071752382e-01,-2.922804038172161500e-01
0.000000000000000000e+00,0.000000000000000000e+00,-0.000000000000000000e+00,-0.000000000000000000e+00,0.000000000000000000e+00,0.000000000000000000e+00,-0.000000000000000000e+00,0.000000000000000000e+00,0.000000000000000000e+00,0.000000000000000000e+00,1.865294838256620791e+00,-0.000000000000000000e+00,-0.000000000000000000e+00,0.000000000000000000e+00,-0.000000000000000000e+00,-0.000000000000000000e+00,-4.501871716935536560e-01,-0.000000000000000000e+00,-0.000000000000000000e+00,2.862408906024039787e-02,-3.156302412375741051e-01,-0.000000000000000000e+00,0.000000000000000000e+00,-0.000000000000000000e+00,-0.000000000000000000e+00,0.000000000000000000e+00,-0.000000000000000000e+00,-3.438129477737568163e-01,-3.863623971516953470e-01,-0.000000000000000000e+00,-3.236842455804759822e-01,-0.000000000000000000e+00,-0.000000000000000000e+00,-0.000000000000000000e+00,0.000000000000000000e+00,0.000000000000000000e+00,-0.000000000000000000e+00,-0.000000000000000000e+00,0.000000000000000000e+00
-1.067902425163775870e-01,-5.565490192965727445e-02,-4.141206838768845544e-01,0.000000000000000000e+00,-0.000000000000000000e+00,-0.000000000000000000e+00,2.835596633686913726e-01,1.134559348326971973e-01,-0.000000000000000000e+00,-0.000000000000000000e+00,-0.000000000000000000e+00,2.465089944838640079e+00,0.000000000000000000e+00,-0.000000000000000000e+00,-3.626532140022002970e-01,-5.205774440631483202e-01,-0.000000000000000000e+00,-0.000000000000000000e+00,-0.000000000000000000e+00,2.575725922857662886e-01,-0.000000000000000000e+00,-0.000000000000000000e+00,-0.000000000000000000e+00,-0.000000000000000000e+00,-0.000000000000000000e+00,-0.000000000000000000e+00,-0.000000000000000000e+00,-0.000000000000000000e+00,-2.545792686227962495e-02,-1.941590692849818056e-01,-0.000000000000000000e+00,-2.187987075073312415e-01,0.000000000000000000e+00,-0.000000000000000000e+00,2.939409162946470325e-02,-0.000000000000000000e+00,-0.000000000000000000e+00,-1.597181850959380478e-01,-0.000000000000000000e+00
0.000000000000000000e+00,0.000000000000000000e+00,0.000000000000000000e+00,0.000000000000000000e+00,0.000000000000000000e+00,0.000000000000000000e+00,-1.918589199638250919e-01,-0.000000000000000000e+00,-0.000000000000000000e+00,-0.000000000000000000e+00,-0.000000000000000000e+00,0.000000000000000000e+00,1.035546320684996857e+00,0.000000000000000000e+00,-0.000000000000000000e+00,-0.000000000000000000e+00,0.000000000000000000e+00,-0.000000000000000000e+00,-0.000000000000000000e+00,-0.000000000000000000e+00,0.000000000000000000e+00,-0.000000000000000000e+00,0.000000000000000000e+00,0.000000000000000000e+00,0.000000000000000000e+00,0.000000000000000000e+00,0.000000000000000000e+00,-0.000000000000000000e+00,0.000000000000000000e+00,0.000000000000000000e+00,-0.000000000000000000e+00,0.000000000000000000e+00,-0.000000000000000000e+00,-0.000000000000000000e+00,0.000000000000000000e+00,0.000000000000000000e+00,0.000000000000000000e+00,0.000000000000000000e+00,0.000000000000000000e+00
-1.477185837969962612e-01,-0.000000000000000000e+00,-0.000000000000000000e+00,0.000000000000000000e+00,-5.546707858062903673e-01,-0.000000000000000000e+00,0.000000000000000000e+00,0.000000000000000000e+00,-0.000000000000000000e+00,-0.000000000000000000e+00,0.000000000000000000e+00,-0.000000000000000000e+00,0.000000000000000000e+00,1.467937580745528381e+00,-0.000000000000000000e+00,-0.000000000000000000e+00,-0.000000000000000000e+00,-0.000000000000000000e+00,-0.000000000000000000e+00,0.000000000000000000e+00,0.000000000000000000e+00,-0.000000000000000000e+00,-2.843116850233541604e-02,0.000000000000000000e+00,-0.000000000000000000e+00,-1.690499567623965915e-01,-0.000000000000000000e+00,0.000000000000000000e+00,-0.000000000000000000e+00,-1.325104912526511858e-01,-0.000000000000000000e+00,-0.000000000000000000e+00,0.000000000000000000e+00,-0.000000000000000000e+00,-0.000000000000000000e+00,-7.931313427182952458e-02,-0.000000000000000000e+00,-0.000000000000000000e+00,-0.000000000000000000e+00
-0.000000000000000000e+00,-0.000000000000000000e+00,-1.099971928827423312e-01,5.381593061447063064e-01,0.000000000000000000e+00,-0.000000000000000000e+00,0.000000000000000000e+00,3.875275209039433788e-01,0.000000000000000000e+00,-0.000000000000000000e+00,-0.000000000000000000e+00,-3.626532140022002970e-01,-0.000000000000000000e+00,-0.000000000000000000e+00,2.506905151390586894e+00,-3.274611025913160556e-01,-0.000000000000000000e+00,-0.000000000000000000e+00,-3.008045614907958742e-01,3.350738266108663210e-01,-0.000000000000000000e+00,0.000000000000000000e+00,-0.000000000000000000e+00,-0.000000000000000000e+00,-0.000000000000000000e+00,0.000000000000000000e+00,-0.000000000000000000e+00,-0.000000000000000000e+00,-2.770621399077768388e-01,-0.000000000000000000e+00,0.000000000000000000e+00,-0.000000000000000000e+00,0.000000000000000000e+00,-0.000000000000000000e+00,1.769706998769859374e-01,-0.000000000000000000e+00,-0.000000000000000000e+00,-0.000000000000000000e+00,0.000000000000000000e+00
-6.652967911828881753e-02,-4.507337704158954073e-01,-1.973022563785133965e-01,0.000000000000000000e+00,-0.000000000000000000e+00,-0.000000000000000000e+00,0.000000000000000000e+00,0.000000000000000000e+00,-0.000000000000000000e+00,-7.561088192545385445e-01,-0.000000000000000000e+00,-5.205774440631483202e-01,-0.000000000000000000e+00,-0.000000000000000000e+00,-3.274611025913160556e-01,2.641709417087845679e+00,-0.000000000000000000e+00,-0.000000000000000000e+00,-0.000000000000000000e+00,0.000000000000000000e+00,-0.000000000000000000e+00,-0.000000000000000000e+00,-1.840665484858793055e-01,-0.000000000000000000e+00,-1.082225619600097194e-01,-0.000000000000000000e+00,-0.000000000000000000e+00,-0.000000000000000000e+00,-0.000000000000000000e+00,-4.589999936214188281e-02,0.000000000000000000e+00,-0.000000000000000000e+00,0.000000000000000000e+00,-0.000000000000000000e+00,0.000000000000000000e+00,-0.000000000000000000e+00,-0.000000000000000000e+00,-1.492849357838837709e-01,-0.000000000000000000e+00
-0.000000000000000000e+00,-0.000000000000000000e+00,-0.000000000000000000e+00,-0.000000000000000000e+00,-0.000000000000000000e+00,0.000000000000000000e+00,0.000000000000000000e+00,-0.000000000000000000e+00,-1.908615442984205185e-02,-0.000000000000000000e+00,-4.501871716935536560e-01,-0.000000000000000000e+00,0.000000000000000000e+00,-0.000000000000000000e+00,-0.000000000000000000e+00,-0.000000000000000000e+00,1.261026641596625586e+00,-0.000000000000000000e+00,-0.000000000000000000e+00,6.302247643424869344e-03,-9.746322646020182112e-02,-0.000000000000000000e+00,0.000000000000000000e+00,-0.000000000000000000e+00,-0.000000000000000000e+00,-0.000000000000000000e+00,-0.000000000000000000e+00,-0.000000000000000000e+00,-0.000000000000000000e+00,-0.000000000000000000e+00,-0.000000000000000000e+00,-0.000000000000000000e+00,-2.410370699618493914e-02,-0.000000000000000000e+00,0.000000000000000000e+00,-0.000000000000000000e+00,-0.000000000000000000e+00,-1.652900613565075616e-01,-0.000000000000000000e+00
-0.000000000000000000e+00,-0.000000000000000000e+00,-0.000000000000000000e+00,0.000000000000000000e+00,-2.775169003857791417e-01,0.000000000000000000e+00,-0.000000000000000000e+00,-0.000000000000000000e+00,-1.236258846047585819e-01,-0.000000000000000000e+00,-0.000000000000000000e+00,-0.000000000000000000e+00,-0.000000000000000000e+00,-0.000000000000000000e+00,-0.000000000000000000e+00,-0.000000000000000000e+00,-0.000000000000000000e+00,2.447730223938090255e+00,-1.072198168044176114e+00,9.548530160680009093e-02,-0.000000000000000000e+00,0.000000000000000000e+00,-0.000000000000000000e+00,0.000000000000000000e+00,-0.000000000000000000e+00,-0.000000000000000000e+00,0.000000000000000000e+00,-0.000000000000000000e+00,0.000000000000000000e+00,-0.000000000000000000e+00,-0.000000000000000000e+00,-0.000000000000000000e+00,-0.000000000000000000e+00,-7.888336165006352152e-01,2.348241964781790092e-02,-0.000000000000000000e+00,0.000000000000000000e+00,-0.000000000000000000e+00,0.000000000000000000e+00
-0.000000000000000000e+00,-0.000000000000000000e+00,-0.000000000000000000e+00,1.313092650872125788e-01,-2.807159602212516702e-02,0.000000000000000000e+00,0.000000000000000000e+00,0.000000000000000000e+00,-0.000000000000000000e+00,-2.958935155095034422e-02,-0.000000000000000000e+00,-0.000000000000000000e+00,-0.000000000000000000e+00,-0.000000000000000000e+00,-3.008045614907958742e-01,-0.000000000000000000e+00,-0.000000000000000000e+00,-1.072198168044176114e+00,2.285022398995697923e+00,1.701835365263349997e-01,-0.000000000000000000e+00,0.000000000000000000e+00,-0.000000000000000000e+00,0.000000000000000000e+00,0.000000000000000000e+00,-0.000000000000000000e+00,0.000000000000000000e+00,-0.000000000000000000e+00,0.000000000000000000e+00,-0.000000000000000000e+00,0.000000000000000000e+00,-0.000000000000000000e+00,-0.000000000000000000e+00,-1.795428966309329799e-01,3.691665722141689310e-01,-5.296873402621383314e-02,0.000000000000000000e+00,-0.000000000000000000e+00,0.000000000000000000e+00
0.000000000000000000e+00,0.000000000000000000e+00,0.000000000000000000e+00,-5.083774530143031489e-02,0.000000000000000000e+00,0.000000000000000000e+00,-3.560760461389595594e-02,-0.000000000000000000e+00,-0.000000000000000000e+00,0.000000000000000000e+00,2.862408906024039787e-02,2.575725922857662886e-01,-0.000000000000000000e+00,0.000000000000000000e+00,3.350738266108663210e-01,0.000000000000000000e+00,6.302247643424869344e-03,9.548530160680009093e-02,1.701835365263349997e-01,1.507119982761249810e+00,0.000000000000000000e+00,-0.000000000000000000e+00,0.000000000000000000e+00,0.000000000000000000e+00,0.000000000000000000e+00,0.000000000000000000e+00,0.000000000000000000e+00,0.000000000000000000e+00,0.000000000000000000e+00,8.824896086629485659e-02,0.000000000000000000e+00,0.000000000000000000e+00,-0.000000000000000000e+00,1.554677724402633299e-01,-0.000000000000000000e+00,0.000000000000000000e+00,0.000000000000000000e+00,0.000000000000000000e+00,-0.000000000000000000e+00
0.000000000000000000e+00,-0.000000000000000000e+00,-7.714533669891842083e-01,0.000000000000000000e+00,0.000000000000000000e+00,-0.000000000000000000e+00,0.000000000000000000e+00,0.000000000000000000e+00,0.000000000000000000e+00,-0.000000000000000000e+00,-3.156302412375741051e-01,-0.000000000000000000e+00,0.000000000000000000e+00,0.000000000000000000e+00,-0.000000000000000000e+00,-0.000000000000000000e+00,-9.746322646020182112e-02,-0.000000000000000000e+00,-0.000000000000000000e+00,0.000000000000000000e+00,2.034948031645326783e+00,-5.464794047964992990e-02,0.000000000000000000e+00,-0.000000000000000000e+00,-0.000000000000000000e+00,-0.000000000000000000e+00,-0.000000000000000000e+00,-3.461374994117236148e-01,-2.932525755648832805e-02,-0.000000000000000000e+00,-1.784823624479188811e-02,-2.649011939933018644e-01,-2.607542274995579556e-01,-0.000000000000000000e+00,1.363790213901232805e-02,0.000000000000000000e+00,-0.000000000000000000e+00,-0.000000000000000000e+00,0.000000000000000000e+00
-0.000000000000000000e+00,-0.000000000000000000e+00,-1.157590840108398966e-01,-0.000000000000000000e+00,0.000000000000000000e+00,-5.284976415895786123e-02,-0.000000000000000000e+00,0.000000000000000000e+00,0.000000000000000000e+00,0.000000000000000000e+00,-0.000000000000000000e+00,-0.000000000000000000e+00,-0.000000000000000000e+00,-0.000000000000000000e+00,0.000000000000000000e+00,-0.000000000000000000e+00,-0.000000000000000000e+00,0.000000000000000000e+00,0.000000000000000000e+00,-0.000000000000000000e+00,-5.464794047964992990e-02,1.868971070582037264e+00,-0.000000000000000000e+00,-1.641417855881427412e-01,-1.530050276473793047e-01,-1.440754763794950266e-01,-1.654737292862432929e-01,-4.355972270699362547e-01,-0.000000000000000000e+00,-0.000000000000000000e+00,-2.413414703704206687e-01,-1.375756002637265052e-01,-0.000000000000000000e+00,0.000000000000000000e+00,-0.000000000000000000e+00,2.925521472767850240e-01,-1.303317839080274376e-01,0.000000000000000000e+00,0.000000000000000000e+00
-2.599288773854709911e-01,-5.262562701685167266e-01,-1.187310695197358462e-02,6.030643539039606815e-02,-0.000000000000000000e+00,-5.333792880138616549e-02,1.495454353763118471e-01,0.000000000000000000e+00,-0.000000000000000000e+00,-1.210827444098825784e-01,0.000000000000000000e+00,-0.000000000000000000e+00,0.000000000000000000e+00,-2.843116850233541604e-02,-0.000000000000000000e+00,-1.840665484858793055e-01,0.000000000000000000e+00,-0.000000000000000000e+00,-0.000000000000000000e+00,0.000000000000000000e+00,0.000000000000000000e+00,-0.000000000000000000e+00,1.829900253874620741e+00,-0.000000000000000000e+00,-2.471414892737394953e-01,-0.000000000000000000e+00,-0.000000000000000000e+00,0.000000000000000000e+00,-0.000000000000000000e+00,-0.000000000000000000e+00,0.000000000000000000e+00,-0.000000000000000000e+00,0.000000000000000000e+00,-0.000000000000000000e+00,0.000000000000000000e+00,-1.126580075358237301e-03,-0.000000000000000000e+00,-0.000000000000000000e+00,-2.274561884141030818e-02
-0.000000000000000000e+00,-0.000000000000000000e+00,-0.000000000000000000e+00,0.000000000000000000e+00,4.055243080717347431e-02,-0.000000000000000000e+00,0.000000000000000000e+00,1.749391345509453688e-01,1.832948403870019727e-01,-0.000000000000000000e+00,-0.000000000000000000e+00,-0.000000000000000000e+00,0.000000000000000000e+00,0.000000000000000000e+00,-0.000000000000000000e+00,-0.000000000000000000e+00,-0.000000000000000000e+00,0.000000000000000000e+00,0.000000000000000000e+00,0.000000000000000000e+00,-0.000000000000000000e+00,-1.641417855881427412e-01,-0.000000000000000000e+00,2.031327011302510588e+00,-3.755816560126947756e-01,-0.000000000000000000e+00,-7.261224038106549317e-02,-0.000000000000000000e+00,-3.605635620984904421e-01,-0.000000000000000000e+00,-0.000000000000000000e+00,-6.735923047984804235e-02,1.100066395065601443e-01,0.000000000000000000e+00,-0.000000000000000000e+00,0.000000000000000000e+00,-5.167109774676357237e-01,0.000000000000000000e+00,0.000000000000000000e+00
-1.899312972105869080e-01,-2.125644251309961041e-01,-0.000000000000000000e+00,0.000000000000000000e+00,-0.000000000000000000e+00,-3.291983370864212111e-01,0.000000000000000000e+00,0.000000000000000000e+00,-0.000000000000000000e+00,-0.000000000000000000e+00,-0.000000000000000000e+00,-0.000000000000000000e+00,0.000000000000000000e+00,-0.000000000000000000e+00,-0.000000000000000000e+00,-1.082225619600097194e-01,-0.000000000000000000e+00,-0.000000000000000000e+00,0.000000000000000000e+00,0.000000000000000000e+00,-0.000000000000000000e+00,-1.530050276473793047e-01,-2.471414892737394953e-01,-3.755816560126947756e-01,2.097040104581227027e+00,-1.549318209544620628e-01,-0.000000000000000000e+00,-0.000000000000000000e+00,-0.000000000000000000e+00,-1.720064899856948992e-02,-0.000000000000000000e+00,-3.269859533547392338e-01,0.000000000000000000e+00,-0.000000000000000000e+00,-0.000000000000000000e+00,-0.000000000000000000e+00,-1.722801420139937964e-02,-0.000000000000000000e+00,-0.000000000000000000e+00
-1.962151071057429974e-01,-2.206431430226191148e-01,-1.299265702836098213e-01,0.000000000000000000e+00,-2.196620859637454237e-01,-0.000000000000000000e+00,0.000000000000000000e+00,0.000000000000000000e+00,-1.062573751618479251e-01,-0.000000000000000000e+00,0.000000000000000000e+00,-0.000000000000000000e+00,0.000000000000000000e+00,-1.690499567623965915e-01,0.000000000000000000e+00,-0.000000000000000000e+00,-0.000000000000000000e+00,-0.000000000000000000e+00,-0.000000000000000000e+00,0.000000000000000000e+00,-0.000000000000000000e+00,-1.440754763794950266e-01,-0.000000000000000000e+00,-0.000000000000000000e+00,-1.549318209544620628e-01,1.660083377696000229e+00,-1.148368419994297840e-01,-0.000000000000000000e+00,-0.000000000000000000e+00,-1.106686403069890162e-01,-0.000000000000000000e+00,-7.868365399643750813e-02,-0.000000000000000000e+00,-0.000000000000000000e+00,0.000000000000000000e+00,-0.000000000000000000e+00,-0.000000000000000000e+00,-0.000000000000000000e+00,-0.000000000000000000e+00
-3.108166444415941254e-01,-0.000000000000000000e+00,-0.000000000000000000e+00,0.000000000000000000e+00,0.000000000000000000e+00,-2.506501305037465710e-01,0.000000000000000000e+00,1.907279749055924845e-01,5.275994311600330083e-02,0.000000000000000000e+00,-0.000000000000000000e+00,-0.000000000000000000e+00,0.000000000000000000e+00,-0.000000000000000000e+00,-0.000000000000000000e+00,-0.000000000000000000e+00,-0.000000000000000000e+00,0.000000000000000000e+00,0.000000000000000000e+00,0.000000000000000000e+00,-0.000000000000000000e+00,-1.654737292862432929e-01,-0.000000000000000000e+00,-7.261224038106549317e-02,-0.000000000000000000e+00,-1.148368419994297840e-01,2.534185029812762835e+00,-0.000000000000000000e+00,-3.007265689031059508e-01,-7.765279958197231561e-03,-2.676411569874836416e-01,-2.521927527473137864e-01,5.296734014193947571e-02,0.000000000000000000e+00,-0.000000000000000000e+00,0.000000000000000000e+00,-6.709762034368349504e-01,-0.000000000000000000e+00,4.463646333982478065e-02
0.000000000000000000e+00,0.000000000000000000e+00,-0.000000000000000000e+00,-0.000000000000000000e+00,0.000000000000000000e+00,-0.000000000000000000e+00,-2.665217005113462156e-01,0.000000000000000000e+00,0.000000000000000000e+00,0.000000000000000000e+00,-3.438129477737568163e-01,-0.000000000000000000e+00,-0.000000000000000000e+00,0.000000000000000000e+00,-0.000000000000000000e+00,-0.000000000000000000e+00,-0.000000000000000000e+00,-0.000000000000000000e+00,-0.000000000000000000e+00,0.000000000000000000e+00,-3.461374994117236148e-01,-4.355972270699362547e-01,0.000000000000000000e+00,-0.000000000000000000e+00,-0.000000000000000000e+00,-0.000000000000000000e+00,-0.000000000000000000e+00,1.867466432129448295e+00,-2.869345472903553906e-01,-0.000000000000000000e+00,-3.253945960291308448e-01,-0.000000000000000000e+00,-0.000000000000000000e+00,0.000000000000000000e+00,0.000000000000000000e+00,4.355667387947660674e-02,-0.000000000000000000e+00,0.000000000000000000e+00,0.000000000000000000e+00
-0.000000000000000000e+00,-0.000000000000000000e+00,-0.000000000000000000e+00,0.000000000000000000e+00,0.000000000000000000e+00,-1.395064327859028008e-01,0.000000000000000000e+00,2.857216159032836544e-01,2.625871407914791636e-02,0.000000000000000000e+00,-3.863623971516953470e-01,-2.545792686227962495e-02,0.000000000000000000e+00,-0.000000000000000000e+00,-2.770621399077768388e-01,-0.000000000000000000e+00,-0.000000000000000000e+00,0.000000000000000000e+00,0.000000000000000000e+00,0.000000000000000000e+00,-2.932525755648832805e-02,-0.000000000000000000e+00,-0.000000000000000000e+00,-3.605635620984904421e-01,-0.000000000000000000e+00,-0.000000000000000000e+00,-3.007265689031059508e-01,-2.869345472903553906e-01,2.704396299027786998e+00,-7.462983049330522423e-02,-0.000000000000000000e+00,-4.981862977458059727e-01,0.000000000000000000e+00,0.000000000000000000e+00,0.000000000000000000e+00,0.000000000000000000e+00,-2.584498294790884554e-01,-0.000000000000000000e+00,0.000000000000000000e+00
-1.465718249368676285e-01,-0.000000000000000000e+00,-1.404761310551327393e-02,0.000000000000000000e+00,-0.000000000000000000e+00,-0.000000000000000000e+00,1.818786247887858518e-02,0.000000000000000000e+00,-0.000000000000000000e+00,-0.000000000000000000e+00,-0.000000000000000000e+00,-1.941590692849818056e-01,0.000000000000000000e+00,-1.325104912526511858e-01,-0.000000000000000000e+00,-4.589999936214188281e-02,-0.000000000000000000e+00,-0.000000000000000000e+00,-0.000000000000000000e+00,8.824896086629485659e-02,-0.000000000000000000e+00,-0.000000000000000000e+00,-0.000000000000000000e+00,-0.000000000000000000e+00,-1.720064899856948992e-02,-1.106686403069890162e-01,-7.765279958197231561e-03,-0.000000000000000000e+00,-7.462983049330522423e-02,1.396333972262343570e+00,-0.000000000000000000e+00,-5.726322918038875831e-02,0.000000000000000000e+00,-0.000000000000000000e+00,0.000000000000000000e+00,-2.223198791828002174e-01,-0.000000000000000000e+00,-2.796885926488791238e-02,-0.000000000000000000e+00
-0.000000000000000000e+00,0.000000000000000000e+00,-0.000000000000000000e+00,-0.000000000000000000e+00,0.000000000000000000e+00,-0.000000000000000000e+00,-0.000000000000000000e+00,0.000000000000000000e+00,0.000000000000000000e+00,9.067484460263092183e-02,-3.236842455804759822e-01,-0.000000000000000000e+00,-0.000000000000000000e+00,-0.000000000000000000e+00,0.000000000000000000e+00,0.000000000000000000e+00,-0.000000000000000000e+00,-0.000000000000000000e+00,0.000000000000000000e+00,0.000000000000000000e+00,-1.784823624479188811e-02,-2.413414703704206687e-01,0.000000000000000000e+00,-0.000000000000000000e+00,-0.000000000000000000e+00,-0.000000000000000000e+00,-2.676411569874836416e-01,-3.253945960291308448e-01,-0.000000000000000000e+00,-0.000000000000000000e+00,1.517992759750087295e+00,-0.000000000000000000e+00,-0.000000000000000000e+00,0.000000000000000000e+00,-0.000000000000000000e+00,4.195756057664771534e-03,-0.000000000000000000e+00,0.000000000000000000e+00,7.637413420149558041e-02
-0.000000000000000000e+00,-8.109946579064644667e-02,-3.297229744758306547e-01,0.000000000000000000e+00,0.000000000000000000e+00,-1.194476900634298677e-01,0.000000000000000000e+00,2.551036691451449845e-01,0.000000000000000000e+00,-0.000000000000000000e+00,-0.000000000000000000e+00,-2.187987075073312415e-01,0.000000000000000000e+00,-0.000000000000000000e+00,-0.000000000000000000e+00,-0.000000000000000000e+00,-0.000000000000000000e+00,-0.000000000000000000e+00,-0.000000000000000000e+00,0.000000000000000000e+00,-2.649011939933018644e-01,-1.375756002637265052e-01,-0.000000000000000000e+00,-6.735923047984804235e-02,-3.269859533547392338e-01,-7.868365399643750813e-02,-2.521927527473137864e-01,-0.000000000000000000e+00,-4.981862977458059727e-01,-5.726322918038875831e-02,-0.000000000000000000e+00,3.166272111236528630e+00,0.000000000000000000e+00,0.000000000000000000e+00,0.000000000000000000e+00,0.000000000000000000e+00,-7.766653369469398438e-01,-0.000000000000000000e+00,-0.000000000000000000e+00
0.000000000000000000e+00,-0.000000000000000000e+00,-0.000000000000000000e+00,-0.000000000000000000e+00,-0.000000000000000000e+00,1.892600129039804235e-01,-0.000000000000000000e+00,-2.033819522325085449e-01,-3.366806402297473078e-01,-0.000000000000000000e+00,-0.000000000000000000e+00,0.000000000000000000e+00,-0.000000000000000000e+00,0.000000000000000000e+00,0.000000000000000000e+00,0.000000000000000000e+00,-2.410370699618493914e-02,-0.000000000000000000e+00,-0.000000000000000000e+00,-0.000000000000000000e+00,-2.607542274995579556e-01,-0.000000000000000000e+00,0.000000000000000000e+00,1.100066395065601443e-01,0.000000000000000000e+00,-0.000000000000000000e+00,5.296734014193947571e-02,-0.000000000000000000e+00,0.000000000000000000e+00,0.000000000000000000e+00,-0.000000000000000000e+00,0.000000000000000000e+00,1.305718184799011583e+00,-0.000000000000000000e+00,1.741326422850685007e-02,-0.000000000000000000e+00,0.000000000000000000e+00,-0.000000000000000000e+00,-1.543314064230666416e-01
-0.000000000000000000e+00,-0.000000000000000000e+00,-0.000000000000000000e+00,0.000000000000000000e+00,-4.793122654873075567e-02,0.000000000000000000e+00,-0.000000000000000000e+00,-0.000000000000000000e+00,-3.361304028747012507e-01,-1.647288920440339310e-01,-0.000000000000000000e+00,-0.000000000000000000e+00,-0.000000000000000000e+00,-0.000000000000000000e+00,-0.000000000000000000e+00,-0.000000000000000000e+00,-0.000000000000000000e+00,-7.888336165006352152e-01,-1.795428966309329799e-01,1.554677724402633299e-01,-0.000000000000000000e+00,0.000000000000000000e+00,-0.000000000000000000e+00,0.000000000000000000e+00,-0.000000000000000000e+00,-0.000000000000000000e+00,0.000000000000000000e+00,0.000000000000000000e+00,0.000000000000000000e+00,-0.000000000000000000e+00,0.000000000000000000e+00,0.000000000000000000e+00,-0.000000000000000000e+00,1.886163645464730143e+00,0.000000000000000000e+00,-0.000000000000000000e+00,0.000000000000000000e+00,-2.871879838151516345e-02,-0.000000000000000000e+00
-0.000000000000000000e+00,0.000000000000000000e+00,3.800825317713282803e-01,-0.000000000000000000e+00,0.000000000000000000e+00,-0.000000000000000000e+00,-0.000000000000000000e+00,-0.000000000000000000e+00,0.000000000000000000e+00,4.521426694339989415e-03,0.000000000000000000e+00,2.939409162946470325e-02,0.000000000000000000e+00,-0.000000000000000000e+00,1.769706998769859374e-01,0.000000000000000000e+00,0.000000000000000000e+00,2.348241964781790092e-02,3.691665722141689310e-01,-0.000000000000000000e+00,1.363790213901232805e-02,-0.000000000000000000e+00,0.000000000000000000e+00,-0.000000000000000000e+00,-0.000000000000000000e+00,0.000000000000000000e+00,-0.000000000000000000e+00,0.000000000000000000e+00,0.000000000000000000e+00,0.000000000000000000e+00,-0.000000000000000000e+00,0.000000000000000000e+00,1.741326422850685007e-02,0.000000000000000000e+00,1.428229659729211232e+00,0.000000000000000000e+00,-0.000000000000000000e+00,0.000000000000000000e+00,0.000000000000000000e+00
-0.000000000000000000e+00,-0.000000000000000000e+00,0.000000000000000000e+00,0.000000000000000000e+00,-2.792662161161164613e-01,0.000000000000000000e+00,0.000000000000000000e+00,-0.000000000000000000e+00,-1.923154504940648435e-01,-2.014823423651388168e-01,0.000000000000000000e+00,-0.000000000000000000e+00,0.000000000000000000e+00,-7.931313427182952458e-02,-0.000000000000000000e+00,-0.000000000000000000e+00,-0.000000000000000000e+00,-0.000000000000000000e+00,-5.296873402621383314e-02,0.000000000000000000e+00,0.000000000000000000e+00,2.925521472767850240e-01,-1.126580075358237301e-03,0.000000000000000000e+00,-0.000000000000000000e+00,-0.000000000000000000e+00,0.000000000000000000e+00,4.355667387947660674e-02,0.000000000000000000e+00,-2.223198791828002174e-01,4.195756057664771534e-03,0.000000000000000000e+00,-0.000000000000000000e+00,-0.000000000000000000e+00,0.000000000000000000e+00,1.505662281258352664e+00,0.000000000000000000e+00,-2.360415108572751219e-01,-0.000000000000000000e+00
-0.000000000000000000e+00,-0.000000000000000000e+00,-9.870814140303232898e-02,0.000000000000000000e+00,0.000000000000000000e+00,-4.333366868583967135e-01,0.000000000000000000e+00,6.803964729495975972e-01,0.000000000000000000e+00,0.000000000000000000e+00,-0.000000000000000000e+00,-0.000000000000000000e+00,0.000000000000000000e+00,-0.000000000000000000e+00,-0.000000000000000000e+00,-0.000000000000000000e+00,-0.000000000000000000e+00,0.000000000000000000e+00,0.000000000000000000e+00,0.000000000000000000e+00,-0.000000000000000000e+00,-1.303317839080274376e-01,-0.000000000000000000e+00,-5.167109774676357237e-01,-1.722801420139937964e-02,-0.000000000000000000e+00,-6.709762034368349504e-01,-0.000000000000000000e+00,-2.584498294790884554e-01,-0.000000000000000000e+00,-0.000000000000000000e+00,-7.766653369469398438e-01,0.000000000000000000e+00,0.000000000000000000e+00,-0.000000000000000000e+00,0.000000000000000000e+00,3.433754683031813304e+00,-0.000000000000000000e+00,0.000000000000000000e+00
-4.272047245825753015e-01,-0.000000000000000000e+00,-0.000000000000000000e+00,0.000000000000000000e+00,-2.581262924942271941e-01,-0.000000000000000000e+00,0.000000000000000000e+00,0.000000000000000000e+00,-8.653115894980242806e-02,-1.934783743071752382e-01,-0.000000000000000000e+00,-1.597181850959380478e-01,0.000000000000000000e+00,-0.000000000000000000e+00,-0.000000000000000000e+00,-1.492849357838837709e-01,-1.652900613565075616e-01,-0.000000000000000000e+00,-0.000000000000000000e+00,0.000000000000000000e+00,-0.000000000000000000e+00,0.000000000000000000e+00,-0.000000000000000000e+00,0.000000000000000000e+00,-0.000000000000000000e+00,-0.000000000000000000e+00,-0.000000000000000000e+00,0.000000000000000000e+00,-0.000000000000000000e+00,-2.796885926488791238e-02,0.000000000000000000e+00,-0.000000000000000000e+00,-0.000000000000000000e+00,-2.871879838151516345e-02,0.000000000000000000e+00,-2.360415108572751219e-01,-0.000000000000000000e+00,1.756699918785463943e+00,-4.045926602972644420e-02
-0.000000000000000000e+00,-4.992085140212280669e-01,-0.000000000000000000e+00,-0.000000000000000000e+00,-0.000000000000000000e+00,0.000000000000000000e+00,0.000000000000000000e+00,-0.000000000000000000e+00,-5.333960134933303232e-01,-2.922804038172161500e-01,0.000000000000000000e+00,-0.000000000000000000e+00,0.000000000000000000e+00,-0.000000000000000000e+00,0.000000000000000000e+00,-0.000000000000000000e+00,-0.000000000000000000e+00,0.000000000000000000e+00,0.000000000000000000e+00,-0.000000000000000000e+00,0.000000000000000000e+00,0.000000000000000000e+00,-2.274561884141030818e-02,0.000000000000000000e+00,-0.000000000000000000e+00,-0.000000000000000000e+00,4.463646333982478065e-02,0.000000000000000000e+00,0.000000000000000000e+00,-0.000000000000000000e+00,7.637413420149558041e-02,-0.000000000000000000e+00,-1.543314064230666416e-01,-0.000000000000000000e+00,0.000000000000000000e+00,-0.000000000000000000e+00,0.000000000000000000e+00,-4.045926602972644420e-02,1.709476543925344760e+00
