2.190414983022399564e+00,0.000000000000000000e+00,-0.000000000000000000e+00,-0.000000000000000000e+00,-0.000000000000000000e+00,0.000000000000000000e+00,0.000000000000000000e+00,0.000000000000000000e+00,-0.000000000000000000e+00,0.000000000000000000e+00,0.000000000000000000e+00,1.384520416366224749e-01,2.764938334920623297e-02,0.000000000000000000e+00,0.000000000000000000e+00,-4.817047721298207685e-01,0.000000000000000000e+00,-0.000000000000000000e+00,0.000000000000000000e+00,-0.000000000000000000e+00,-0.000000000000000000e+00,0.000000000000000000e+00,0.000000000000000000e+00,-0.000000000000000000e+00,-0.000000000000000000e+00,-4.650535040336255532e-01,0.000000000000000000e+00,-1.680891036772508285e-01,-2.523133694044569775e-01,-0.000000000000000000e+00,2.202184001331190799e-01,4.705281664835626598e-01,0.000000000000000000e+00,-0.000000000000000000e+00,-0.000000000000000000e+00,0.000000000000000000e+00,0.000000000000000000e+00,-0.000000000000000000e+00,0.000000000000000000e+00
0.000000000000000000e+00,2.932021818749863673e+00,0.000000000000000000e+00,-0.000000000000000000e+00,-0.000000000000000000e+00,-0.000000000000000000e+00,-1.911313435428923721e-02,0.000000000000000000e+00,-0.000000000000000000e+00,-6.106546453417361908e-01,-0.000000000000000000e+00,-0.000000000000000000e+00,-0.000000000000000000e+00,-6.124719079985964376e-02,-0.000000000000000000e+00,0.000000000000000000e+00,0.000000000000000000e+00,0.000000000000000000e+00,-0.000000000000000000e+00,-0.000000000000000000e+00,0.000000000000000000e+00,-0.000000000000000000e+00,-2.698035002169751340e-01,-0.000000000000000000e+00,-0.000000000000000000e+00,0.000000000000000000e+00,-3.452461255284686725e-01,3.814118786625797508e-01,2.943841755345901201e-01,0.000000000000000000e+00,-3.290666746533094655e-01,-4.304923790515060023e-01,-0.000000000000000000e+00,-0.000000000000000000e+00,0.000000000000000000e+00,-0.000000000000000000e+00,-0.000000000000000000e+00,0.000000000000000000e+00,-5.724974673301387318e-01
-0.000000000000000000e+00,0.000000000000000000e+00,2.282460040666478562e+00,0.000000000000000000e+00,-4.675927080107749045e-01,-0.000000000000000000e+00,-1.489769115267921551e-01,1.276473892221372308e+00,0.000000000000000000e+00,-0.000000000000000000e+00,0.000000000000000000e+00,1.380088058177078580e-01,2.419380745452787140e-02,-0.000000000000000000e+00,-0.000000000000000000e+00,-0.000000000000000000e+00,0.000000000000000000e+00,0.000000000000000000e+00,-2.417555568689294318e-02,-0.000000000000000000e+00,-1.177319922066928370e-01,-0.000000000000000000e+00,-0.000000000000000000e+00,-0.000000000000000000e+00,-0.000000000000000000e+00,-0.000000000000000000e+00,-0.000000000000000000e+00,-0.000000000000000000e+00,-0.000000000000000000e+00,-0.000000000000000000e+00,-0.000000000000000000e+00,0.000000000000000000e+00,-2.263593057715225232e-01,-0.000000000000000000e+00,-0.000000000000000000e+00,-0.000000000000000000e+00,-0.000000000000000000e+00,0.000000000000000000e+00,-0.000000000000000000e+00
-0.000000000000000000e+00,-0.000000000000000000e+00,0.000000000000000000e+00,1.856733400042992921e+00,0.000000000000000000e+00,-0.000000000000000000e+00,0.000000000000000000e+00,0.000000000000000000e+00,-2.896246165412015294e-01,-0.000000000000000000e+00,-0.000000000000000000e+00,-0.000000000000000000e+00,0.000000000000000000e+00,0.000000000000000000e+00,5.412019961049807648e-01,-0.000000000000000000e+00,-0.000000000000000000e+00,-3.606324085874444973e-01,0.000000000000000000e+00,-7.766491859134984355e-02,3.352377510690934814e-01,2.116886250836027827e-01,-1.167451349159407369e-02,0.000000000000000000e+00,-0.000000000000000000e+00,-0.000000000000000000e+00,0.000000000000000000e+00,2.398627282077385806e-02,-0.000000000000000000e+00,-0.000000000000000000e+00,0.000000000000000000e+00,0.000000000000000000e+00,9.690348197732193136e-02,-0.000000000000000000e+00,5.813024493409451460e-02,0.000000000000000000e+00,-0.000000000000000000e+00,0.000000000000000000e+00,-0.000000000000000000e+00
-0.000000000000000000e+00,-0.000000000000000000e+00,-4.675927080107749045e-01,0.000000000000000000e+00,1.861948709093247833e+00,-0.000000000000000000e+00,-0.000000000000000000e+00,3.254592202529094647e-01,-0.000000000000000000e+00,-0.000000000000000000e+00,-0.000000000000000000e+00,0.000000000000000000e+00,1.481300834332290040e-02,-4.218997000971818068e-01,0.000000000000000000e+00,-0.000000000000000000e+00,-0.000000000000000000e+00,-0.000000000000000000e+00,-0.000000000000000000e+00,0.000000000000000000e+00,-0.000000000000000000e+00,0.000000000000000000e+00,-0.000000000000000000e+00,-0.000000000000000000e+00,-2.331277922452499041e-01,-0.000000000000000000e+00,-0.000000000000000000e+00,-0.000000000000000000e+00,-0.000000000000000000e+00,-2.547160401227559490e-01,-0.000000000000000000e+00,-0.000000000000000000e+00,-0.000000000000000000e+00,-1.570803628235728222e-01,-6.784002337387119719e-02,-8.957132169710760317e-02,-8.699343195203665738e-03,0.000000000000000000e+00,-0.000000000000000000e+00
0.000000000000000000e+00,-0.000000000000000000e+00,-0.000000000000000000e+00,-0.000000000000000000e+00,-0.000000000000000000e+00,2.997780997482789367e+00,-0.000000000000000000e+00,0.000000000000000000e+00,0.000000000000000000e+00,-0.000000000000000000e+00,-9.282610569012219592e-01,-0.000000000000000000e+00,0.000000000000000000e+00,-0.000000000000000000e+00,0.000000000000000000e+00,2.927844430898030037e-02,-9.301534120362083824e-01,-0.000000000000000000e+00,1.095348514016129676e-01,-0.000000000000000000e+00,8.249912122428428030e-02,0.000000000000000000e+00,-6.689995296080847309e-02,0.000000000000000000e+00,-0.000000000000000000e+00,-0.000000000000000000e+00,-0.000000000000000000e+00,0.000000000000000000e+00,-0.000000000000000000e+00,0.000000000000000000e+00,-0.000000000000000000e+00,-0.000000000000000000e+00,-1.703840839445106559e-01,-6.486869851739821002e-02,-2.889770762557764688e-02,-0.000000000000000000e+00,-5.395582734169438455e-01,2.825287880694659637e-01,0.000000000000000000e+00
0.000000000000000000e+00,-1.911313435428923721e-02,-1.489769115267921551e-01,0.000000000000000000e+00,-0.000000000000000000e+00,-0.000000000000000000e+00,1.441874424268640320e+00,0.000000000000000000e+00,0.000000000000000000e+00,-0.000000000000000000e+00,-0.000000000000000000e+00,0.000000000000000000e+00,-0.000000000000000000e+00,-0.000000000000000000e+00,-2.011709153729748442e-02,0.000000000000000000e+00,-0.000000000000000000e+00,0.000000000000000000e+00,-1.750897622759835515e-01,0.000000000000000000e+00,0.000000000000000000e+00,-0.000000000000000000e+00,-0.000000000000000000e+00,0.000000000000000000e+00,-0.000000000000000000e+00,1.081713140388422950e-01,-0.000000000000000000e+00,0.000000000000000000e+00,0.000000000000000000e+00,-0.000000000000000000e+00,-6.264429929473886993e-01,-0.000000000000000000e+00,-0.000000000000000000e+00,0.000000000000000000e+00,-0.000000000000000000e+00,-0.000000000000000000e+00,-0.000000000000000000e+00,0.000000000000000000e+00,-4.120245160124400702e-02
0.000000000000000000e+00,0.000000000000000000e+00,1.276473892221372308e+00,0.000000000000000000e+00,3.254592202529094647e-01,0.000000000000000000e+00,0.000000000000000000e+00,2.278086933257998936e+00,0.000000000000000000e+00,4.659209861728837859e-02,0.000000000000000000e+00,-2.868914755763428068e-02,-1.773142297566431547e-01,0.000000000000000000e+00,-0.000000000000000000e+00,0.000000000000000000e+00,-0.000000000000000000e+00,-0.000000000000000000e+00,0.000000000000000000e+00,0.000000000000000000e+00,0.000000000000000000e+00,0.000000000000000000e+00,0.000000000000000000e+00,0.000000000000000000e+00,0.000000000000000000e+00,0.000000000000000000e+00,0.000000000000000000e+00,-0.000000000000000000e+00,-0.000000000000000000e+00,2.065391894222681768e-01,0.000000000000000000e+00,0.000000000000000000e+00,0.000000000000000000e+00,2.327418265419823884e-01,0.000000000000000000e+00,0.000000000000000000e+00,0.000000000000000000e+00,-0.000000000000000000e+00,0.000000000000000000e+00
-0.000000000000000000e+00,-0.000000000000000000e+00,0.000000000000000000e+00,-2.896246165412015294e-01,-0.000000000000000000e+00,0.000000000000000000e+00,0.000000000000000000e+00,0.000000000000000000e+00,1.774130431991227441e+00,-4.678705339858899581e-01,0.000000000000000000e+00,0.000000000000000000e+00,0.000000000000000000e+00,-0.000000000000000000e+00,1.349003205531232319e-01,-3.021001513151602702e-01,0.000000000000000000e+00,-1.091262770162733375e-01,-1.277296310617207775e-01,-0.000000000000000000e+00,0.000000000000000000e+00,0.000000000000000000e+00,-0.000000000000000000e+00,-1.606421684008778050e-01,-0.000000000000000000e+00,-0.000000000000000000e+00,0.000000000000000000e+00,0.000000000000000000e+00,0.000000000000000000e+00,-1.522226740971226455e-01,0.000000000000000000e+00,0.000000000000000000e+00,4.715838329185231131e-02,-2.973175173781043013e-01,0.000000000000000000e+00,0.000000000000000000e+00,0.000000000000000000e+00,-0.000000000000000000e+00,-2.798677877055824048e-01
0.000000000000000000e+00,-6.106546453417361908e-01,-0.000000000000000000e+00,-0.000000000000000000e+00,-0.000000000000000000e+00,-0.000000000000000000e+00,-0.000000000000000000e+00,4.659209861728837859e-02,-4.678705339858899581e-01,2.057786825856050772e+00,-0.000000000000000000e+00,-0.000000000000000000e+00,0.000000000000000000e+00,-6.918660388574801590e-02,0.000000000000000000e+00,-0.000000000000000000e+00,0.000000000000000000e+00,-0.000000000000000000e+00,-9.093876882300998277e-02,-0.000000000000000000e+00,0.000000000000000000e+00,-0.000000000000000000e+00,-3.116107355464350914e-01,-3.841140784772119343e-02,-3.261110083110773522e-02,-0.000000000000000000e+00,-0.000000000000000000e+00,0.000000000000000000e+00,0.000000000000000000e+00,-4.126872040974507438e-01,-0.000000000000000000e+00,-9.771406194429510528e-02,0.000000000000000000e+00,-0.000000000000000000e+00,-0.000000000000000000e+00,-0.000000000000000000e+00,-0.000000000000000000e+00,0.000000000000000000e+00,-1.789966913993431552e-01
0.000000000000000000e+00,-0.000000000000000000e+00,0.000000000000000000e+00,-0.000000000000000000e+00,-0.000000000000000000e+00,-9.282610569012219592e-01,-0.000000000000000000e+00,0.000000000000000000e+00,0.000000000000000000e+00,-0.000000000000000000e+00,3.213056105808898000e+00,-0.000000000000000000e+00,-0.000000000000000000e+00,-0.000000000000000000e+00,0.000000000000000000e+00,1.978397855704280561e-01,-4.895035136290714628e-01,-0.000000000000000000e+00,0.000000000000000000e+00,-0.000000000000000000e+00,5.245122405827791212e-01,0.000000000000000000e+00,-3.188802074183282875e-01,0.000000000000000000e+00,-0.000000000000000000e+00,0.000000000000000000e+00,-0.000000000000000000e+00,0.000000000000000000e+00,0.000000000000000000e+00,0.000000000000000000e+00,-0.000000000000000000e+00,-3.392880110048085984e-01,-3.417282471874537320e-02,-2.339721603845584808e-02,-0.000000000000000000e+00,-0.000000000000000000e+00,-3.039920730774839375e-01,4.290260789577444167e-01,-0.000000000000000000e+00
1.384520416366224749e-01,-0.000000000000000000e+00,1.380088058177078580e-01,-0.000000000000000000e+00,0.000000000000000000e+00,-0.000000000000000000e+00,0.000000000000000000e+00,-2.868914755763428068e-02,0.000000000000000000e+00,-0.000000000000000000e+00,-0.000000000000000000e+00,1.564389820416402621e+00,-4.948857139063373989e-01,-0.000000000000000000e+00,0.000000000000000000e+00,0.000000000000000000e+00,-0.000000000000000000e+00,-0.000000000000000000e+00,-0.000000000000000000e+00,1.028314521720557484e-01,0.000000000000000000e+00,-0.000000000000000000e+00,-0.000000000000000000e+00,0.000000000000000000e+00,-0.000000000000000000e+00,0.000000000000000000e+00,-2.179981786249206022e-01,1.340953043252124041e-02,1.202486790891394985e-01,1.105030022150281510e-01,-0.000000000000000000e+00,-5.210416411924320007e-02,-0.000000000000000000e+00,0.000000000000000000e+00,0.000000000000000000e+00,0.000000000000000000e+00,-0.000000000000000000e+00,-0.000000000000000000e+00,-2.280151796120113705e-01
2.764938334920623297e-02,-0.000000000000000000e+00,2.419380745452787140e-02,0.000000000000000000e+00,1.481300834332290040e-02,0.000000000000000000e+00,-0.000000000000000000e+00,-1.773142297566431547e-01,0.000000000000000000e+00,0.000000000000000000e+00,-0.000000000000000000e+00,-4.948857139063373989e-01,1.409556371385875861e+00,-0.000000000000000000e+00,-0.000000000000000000e+00,0.000000000000000000e+00,-0.000000000000000000e+00,0.000000000000000000e+00,-0.000000000000000000e+00,0.000000000000000000e+00,0.000000000000000000e+00,-0.000000000000000000e+00,0.000000000000000000e+00,0.000000000000000000e+00,0.000000000000000000e+00,1.544677851945324976e-01,-0.000000000000000000e+00,0.000000000000000000e+00,1.312025542854061144e-01,1.144367511726171807e-02,-0.000000000000000000e+00,-0.000000000000000000e+00,-0.000000000000000000e+00,7.906700600017690928e-02,5.408370410572713866e-02,0.000000000000000000e+00,0.000000000000000000e+00,-0.000000000000000000e+00,-4.760915524544164640e-02
0.000000000000000000e+00,-6.124719079985964376e-02,-0.000000000000000000e+00,0.000000000000000000e+00,-4.218997000971818068e-01,-0.000000000000000000e+00,-0.000000000000000000e+00,0.000000000000000000e+00,-0.000000000000000000e+00,-6.918660388574801590e-02,-0.000000000000000000e+00,-0.000000000000000000e+00,-0.000000000000000000e+00,2.058523747779693380e+00,-0.000000000000000000e+00,0.000000000000000000e+00,-0.000000000000000000e+00,0.000000000000000000e+00,-0.000000000000000000e+00,0.000000000000000000e+00,-0.000000000000000000e+00,-3.776452944000454476e-02,-3.024570527296278621e-01,-1.352367718818648368e-01,-1.599848646043021405e-01,0.000000000000000000e+00,-4.512816635861644499e-01,0.000000000000000000e+00,0.000000000000000000e+00,-0.000000000000000000e+00,-2.867380733060535536e-01,-0.000000000000000000e+00,-2.492177190571400192e-01,-4.791559017954161864e-02,-0.000000000000000000e+00,-0.000000000000000000e+00,-2.301517213692576627e-02,0.000000000000000000e+00,-6.877959901656646724e-02
0.000000000000000000e+00,-0.000000000000000000e+00,-0.000000000000000000e+00,5.412019961049807648e-01,0.000000000000000000e+00,0.000000000000000000e+00,-2.011709153729748442e-02,-0.000000000000000000e+00,1.349003205531232319e-01,0.000000000000000000e+00,0.000000000000000000e+00,0.000000000000000000e+00,-0.000000000000000000e+00,-0.000000000000000000e+00,2.330686084741079966e+00,0.000000000000000000e+00,0.000000000000000000e+00,1.225124251804136311e+00,-0.000000000000000000e+00,0.000000000000000000e+00,-6.012629327630336640e-02,-1.321162190631723354e-01,1.108697694512466581e-01,-0.000000000000000000e+00,0.000000000000000000e+00,0.000000000000000000e+00,-0.000000000000000000e+00,-0.000000000000000000e+00,0.000000000000000000e+00,0.000000000000000000e+00,-0.000000000000000000e+00,0.000000000000000000e+00,-0.000000000000000000e+00,3.233868260284252644e-02,-0.000000000000000000e+00,-0.000000000000000000e+00,0.000000000000000000e+00,-0.000000000000000000e+00,-0.000000000000000000e+00
-4.817047721298207685e-01,0.000000000000000000e+00,-0.000000000000000000e+00,-0.000000000000000000e+00,-0.000000000000000000e+00,2.927844430898030037e-02,0.000000000000000000e+00,0.000000000000000000e+00,-3.021001513151602702e-01,-0.000000000000000000e+00,1.978397855704280561e-01,0.000000000000000000e+00,0.000000000000000000e+00,0.000000000000000000e+00,0.000000000000000000e+00,2.061849012758944610e+00,0.000000000000000000e+00,-1.067694438933634582e-01,-0.000000000000000000e+00,0.000000000000000000e+00,-0.000000000000000000e+00,0.000000000000000000e+00,0.000000000000000000e+00,-1.770946196676823348e-01,-0.000000000000000000e+00,-6.276927591159399411e-02,9.691277162377585908e-02,-0.000000000000000000e+00,-0.000000000000000000e+00,-2.600704883431670944e-01,3.330925630448706987e-02,1.434066474781684475e-01,9.953046209606707106e-02,-0.000000000000000000e+00,0.000000000000000000e+00,0.000000000000000000e+00,5.993736104297311962e-02,-5.481286730540502194e-01,-0.000000000000000000e+00
0.000000000000000000e+00,0.000000000000000000e+00,0.000000000000000000e+00,-0.000000000000000000e+00,-0.000000000000000000e+00,-9.301534120362083824e-01,-0.000000000000000000e+00,-0.000000000000000000e+00,0.000000000000000000e+00,0.000000000000000000e+00,-4.895035136290714628e-01,-0.000000000000000000e+00,-0.000000000000000000e+00,-0.000000000000000000e+00,0.000000000000000000e+00,0.000000000000000000e+00,2.247814319183321530e+00,-0.000000000000000000e+00,1.085330985621374561e-01,0.000000000000000000e+00,1.203777390891302840e-01,6.970221244104070346e-02,-0.000000000000000000e+00,3.109242494547427849e-01,-0.000000000000000000e+00,-0.000000000000000000e+00,-0.000000000000000000e+00,0.000000000000000000e+00,-0.000000000000000000e+00,0.000000000000000000e+00,-0.000000000000000000e+00,-0.000000000000000000e+00,-2.021318763832991861e-01,-0.000000000000000000e+00,-3.662199637715085609e-02,-0.000000000000000000e+00,-0.000000000000000000e+00,0.000000000000000000e+00,0.000000000000000000e+00
-0.000000000000000000e+00,0.000000000000000000e+00,0.000000000000000000e+00,-3.606324085874444973e-01,-0.000000000000000000e+00,-0.000000000000000000e+00,0.000000000000000000e+00,-0.000000000000000000e+00,-1.091262770162733375e-01,-0.000000000000000000e+00,-0.000000000000000000e+00,-0.000000000000000000e+00,0.000000000000000000e+00,0.000000000000000000e+00,1.225124251804136311e+00,-1.067694438933634582e-01,-0.000000000000000000e+00,2.195816550897179198e+00,-0.000000000000000000e+00,-0.000000000000000000e+00,1.240787080523273050e-01,1.348707676505254138e-01,-0.000000000000000000e+00,0.000000000000000000e+00,-0.000000000000000000e+00,-6.243743079035244227e-04,0.000000000000000000e+00,0.000000000000000000e+00,-0.000000000000000000e+00,-0.000000000000000000e+00,0.000000000000000000e+00,0.000000000000000000e+00,1.467936215493943590e-02,-0.000000000000000000e+00,0.000000000000000000e+00,0.000000000000000000e+00,-0.000000000000000000e+00,-0.000000000000000000e+00,0.000000000000000000e+00
0.000000000000000000e+00,-0.000000000000000000e+00,-2.417555568689294318e-02,0.000000000000000000e+00,-0.000000000000000000e+00,1.095348514016129676e-01,-1.750897622759835515e-01,0.000000000000000000e+00,-1.277296310617207775e-01,-9.093876882300998277e-02,0.000000000000000000e+00,-0.000000000000000000e+00,-0.000000000000000000e+00,-0.000000000000000000e+00,-0.000000000000000000e+00,-0.000000000000000000e+00,1.085330985621374561e-01,-0.000000000000000000e+00,1.504623887993856490e+00,0.000000000000000000e+00,-0.000000000000000000e+00,-1.835328488708479477e-01,-0.000000000000000000e+00,-2.304795367971398390e-01,-0.000000000000000000e+00,0.000000000000000000e+00,-0.000000000000000000e+00,-0.000000000000000000e+00,0.000000000000000000e+00,-0.000000000000000000e+00,-2.897948726277591730e-02,-0.000000000000000000e+00,-0.000000000000000000e+00,0.000000000000000000e+00,0.000000000000000000e+00,-2.557201514357519689e-02,0.000000000000000000e+00,-1.156549856501620788e-01,-5.734808382653667769e-01
-0.000000000000000000e+00,-0.000000000000000000e+00,-0.000000000000000000e+00,-7.766491859134984355e-02,0.000000000000000000e+00,-0.000000000000000000e+00,0.000000000000000000e+00,0.000000000000000000e+00,-0.000000000000000000e+00,-0.000000000000000000e+00,-0.000000000000000000e+00,1.028314521720557484e-01,0.000000000000000000e+00,0.000000000000000000e+00,0.000000000000000000e+00,0.000000000000000000e+00,0.000000000000000000e+00,-0.000000000000000000e+00,0.000000000000000000e+00,1.014997983472470500e+00,0.000000000000000000e+00,0.000000000000000000e+00,0.000000000000000000e+00,0.000000000000000000e+00,-0.000000000000000000e+00,-0.000000000000000000e+00,0.000000000000000000e+00,0.000000000000000000e+00,0.000000000000000000e+00,-0.000000000000000000e+00,0.000000000000000000e+00,0.000000000000000000e+00,0.000000000000000000e+00,0.000000000000000000e+00,0.000000000000000000e+00,-0.000000000000000000e+00,-0.000000000000000000e+00,0.000000000000000000e+00,0.000000000000000000e+00
-0.000000000000000000e+00,0.000000000000000000e+00,-1.177319922066928370e-01,3.352377510690934814e-01,-0.000000000000000000e+00,8.249912122428428030e-02,0.000000000000000000e+00,0.000000000000000000e+00,0.000000000000000000e+00,0.000000000000000000e+00,5.245122405827791212e-01,0.000000000000000000e+00,0.000000000000000000e+00,-0.000000000000000000e+00,-6.012629327630336640e-02,-0.000000000000000000e+00,1.203777390891302840e-01,1.240787080523273050e-01,-0.000000000000000000e+00,0.000000000000000000e+00,2.408325045828661359e+00,-5.804595637992726598e-01,0.000000000000000000e+00,-1.671956663752420524e-01,-0.000000000000000000e+00,-0.000000000000000000e+00,0.000000000000000000e+00,-6.023647519738316580e-01,-0.000000000000000000e+00,-0.000000000000000000e+00,0.000000000000000000e+00,0.000000000000000000e+00,-0.000000000000000000e+00,0.000000000000000000e+00,-0.000000000000000000e+00,-0.000000000000000000e+00,0.000000000000000000e+00,-2.671386404363307321e-01,0.000000000000000000e+00
0.000000000000000000e+00,-0.000000000000000000e+00,-0.000000000000000000e+00,2.116886250836027827e-01,0.000000000000000000e+00,0.000000000000000000e+00,-0.000000000000000000e+00,0.000000000000000000e+00,0.000000000000000000e+00,-0.000000000000000000e+00,0.000000000000000000e+00,-0.000000000000000000e+00,-0.000000000000000000e+00,-3.776452944000454476e-02,-1.321162190631723354e-01,0.000000000000000000e+00,6.970221244104070346e-02,1.348707676505254138e-01,-1.835328488708479477e-01,0.000000000000000000e+00,-5.804595637992726598e-01,1.519497648702004211e+00,-0.000000000000000000e+00,-2.597895868747504555e-02,-0.000000000000000000e+00,0.000000000000000000e+00,-0.000000000000000000e+00,-0.000000000000000000e+00,0.000000000000000000e+00,0.000000000000000000e+00,-0.000000000000000000e+00,-0.000000000000000000e+00,-7.753699772636972465e-02,0.000000000000000000e+00,-0.000000000000000000e+00,-1.773889035361646271e-02,-0.000000000000000000e+00,-0.000000000000000000e+00,-4.271699265551993918e-02
0.000000000000000000e+00,-2.698035002169751340e-01,-0.000000000000000000e+00,-1.167451349159407369e-02,-0.000000000000000000e+00,-6.689995296080847309e-02,-0.000000000000000000e+00,0.000000000000000000e+00,-0.000000000000000000e+00,-3.116107355464350914e-01,-3.188802074183282875e-01,-0.000000000000000000e+00,0.000000000000000000e+00,-3.024570527296278621e-01,1.108697694512466581e-01,0.000000000000000000e+00,-0.000000000000000000e+00,-0.000000000000000000e+00,-0.000000000000000000e+00,0.000000000000000000e+00,0.000000000000000000e+00,-0.000000000000000000e+00,2.020143535913750288e+00,-0.000000000000000000e+00,-4.104881589229226191e-01,0.000000000000000000e+00,-7.071673448919374438e-02,0.000000000000000000e+00,0.000000000000000000e+00,-0.000000000000000000e+00,-9.163632752082165323e-02,-0.000000000000000000e+00,-0.000000000000000000e+00,-1.370412107186865791e-01,-0.000000000000000000e+00,-0.000000000000000000e+00,-9.112338066910979917e-02,0.000000000000000000e+00,-7.615103396399514578e-03
-0.000000000000000000e+00,-0.000000000000000000e+00,-0.000000000000000000e+00,0.000000000000000000e+00,-0.000000000000000000e+00,0.000000000000000000e+00,0.000000000000000000e+00,0.000000000000000000e+00,-1.606421684008778050e-01,-3.841140784772119343e-02,0.000000000000000000e+00,0.000000000000000000e+00,0.000000000000000000e+00,-1.352367718818648368e-01,-0.000000000000000000e+00,-1.770946196676823348e-01,3.109242494547427849e-01,0.000000000000000000e+00,-2.304795367971398390e-01,0.000000000000000000e+00,-1.671956663752420524e-01,-2.597895868747504555e-02,-0.000000000000000000e+00,1.350589626870561499e+00,-0.000000000000000000e+00,-0.000000000000000000e+00,-0.000000000000000000e+00,-0.000000000000000000e+00,0.000000000000000000e+00,-1.097159821750378905e-01,0.000000000000000000e+00,0.000000000000000000e+00,0.000000000000000000e+00,-0.000000000000000000e+00,0.000000000000000000e+00,0.000000000000000000e+00,0.000000000000000000e+00,-0.000000000000000000e+00,-0.000000000000000000e+00
-0.000000000000000000e+00,-0.000000000000000000e+00,-0.000000000000000000e+00,-0.000000000000000000e+00,-2.331277922452499041e-01,-0.000000000000000000e+00,-0.000000000000000000e+00,0.000000000000000000e+00,-0.000000000000000000e+00,-3.261110083110773522e-02,-0.000000000000000000e+00,-0.000000000000000000e+00,0.000000000000000000e+00,-1.599848646043021405e-01,0.000000000000000000e+00,-0.000000000000000000e+00,-0.000000000000000000e+00,-0.000000000000000000e+00,-0.000000000000000000e+00,-0.000000000000000000e+00,-0.000000000000000000e+00,-0.000000000000000000e+00,-4.104881589229226191e-01,-0.000000000000000000e+00,1.440599446999832001e+00,-0.000000000000000000e+00,-0.000000000000000000e+00,-0.000000000000000000e+00,-0.000000000000000000e+00,-0.000000000000000000e+00,-0.000000000000000000e+00,0.000000000000000000e+00,-7.728879196111639038e-02,-0.000000000000000000e+00,-2.141054573830776606e-03,-7.188625395304946986e-02,-1.358747097391754810e-01,-0.000000000000000000e+00,-0.000000000000000000e+00
-4.650535040336255532e-01,0.000000000000000000e+00,-0.000000000000000000e+00,-0.000000000000000000e+00,-0.000000000000000000e+00,-0.000000000000000000e+00,1.081713140388422950e-01,0.000000000000000000e+00,-0.000000000000000000e+00,-0.000000000000000000e+00,0.000000000000000000e+00,0.000000000000000000e+00,1.544677851945324976e-01,0.000000000000000000e+00,0.000000000000000000e+00,-6.276927591159399411e-02,-0.000000000000000000e+00,-6.243743079035244227e-04,0.000000000000000000e+00,-0.000000000000000000e+00,-0.000000000000000000e+00,0.000000000000000000e+00,0.000000000000000000e+00,-0.000000000000000000e+00,-0.000000000000000000e+00,2.281658777713361896e+00,0.000000000000000000e+00,-4.332643744266042596e-01,-8.157063764728595956e-01,-2.685700322676099483e-01,0.000000000000000000e+00,0.000000000000000000e+00,0.000000000000000000e+00,0.000000000000000000e+00,-2.009933731947879665e-01,-1.882422470361411471e-01,-0.000000000000000000e+00,-0.000000000000000000e+00,0.000000000000000000e+00
0.000000000000000000e+00,-3.452461255284686725e-01,-0.000000000000000000e+00,0.000000000000000000e+00,-0.000000000000000000e+00,-0.000000000000000000e+00,-0.000000000000000000e+00,0.000000000000000000e+00,0.000000000000000000e+00,-0.000000000000000000e+00,-0.000000000000000000e+00,-2.179981786249206022e-01,-0.000000000000000000e+00,-4.512816635861644499e-01,-0.000000000000000000e+00,9.691277162377585908e-02,-0.000000000000000000e+00,0.000000000000000000e+00,-0.000000000000000000e+00,0.000000000000000000e+00,0.000000000000000000e+00,-0.000000000000000000e+00,-7.071673448919374438e-02,-0.000000000000000000e+00,-0.000000000000000000e+00,0.000000000000000000e+00,2.541206117450078406e+00,0.000000000000000000e+00,0.000000000000000000e+00,0.000000000000000000e+00,-3.226692816777511630e-01,-5.715206664048461116e-01,-1.387157631111844702e-01,-0.000000000000000000e+00,-0.000000000000000000e+00,-9.893371876978908352e-02,-4.716822296010823590e-01,0.000000000000000000e+00,-0.000000000000000000e+00
-1.680891036772508285e-01,3.814118786625797508e-01,-0.000000000000000000e+00,2.398627282077385806e-02,-0.000000000000000000e+00,0.000000000000000000e+00,0.000000000000000000e+00,-0.000000000000000000e+00,0.000000000000000000e+00,0.000000000000000000e+00,0.000000000000000000e+00,1.340953043252124041e-02,0.000000000000000000e+00,0.000000000000000000e+00,-0.000000000000000000e+00,-0.000000000000000000e+00,0.000000000000000000e+00,0.000000000000000000e+00,-0.000000000000000000e+00,0.000000000000000000e+00,-6.023647519738316580e-01,-0.000000000000000000e+00,0.000000000000000000e+00,-0.000000000000000000e+00,-0.000000000000000000e+00,-4.332643744266042596e-01,0.000000000000000000e+00,2.352013636725140078e+00,-3.913371808977623156e-01,-0.000000000000000000e+00,0.000000000000000000e+00,1.540029727796145831e-01,-0.000000000000000000e+00,0.000000000000000000e+00,-1.612814867536358499e-01,-0.000000000000000000e+00,0.000000000000000000e+00,-1.505640088653703856e-01,1.600120370234554279e-01
-2.523133694044569775e-01,2.943841755345901201e-01,-0.000000000000000000e+00,-0.000000000000000000e+00,-0.000000000000000000e+00,-0.000000000000000000e+00,0.000000000000000000e+00,-0.000000000000000000e+00,0.000000000000000000e+00,0.000000000000000000e+00,0.000000000000000000e+00,1.202486790891394985e-01,1.312025542854061144e-01,0.000000000000000000e+00,0.000000000000000000e+00,-0.000000000000000000e+00,-0.000000000000000000e+00,-0.000000000000000000e+00,0.000000000000000000e+00,0.000000000000000000e+00,-0.000000000000000000e+00,0.000000000000000000e+00,0.000000000000000000e+00,0.000000000000000000e+00,-0.000000000000000000e+00,-8.157063764728595956e-01,0.000000000000000000e+00,-3.913371808977623156e-01,2.478723532265117768e+00,-1.299052816222572293e-01,0.000000000000000000e+00,0.000000000000000000e+00,0.000000000000000000e+00,-0.000000000000000000e+00,-9.105904342953786978e-02,-0.000000000000000000e+00,-0.000000000000000000e+00,-0.000000000000000000e+00,5.100017191554421236e-01
-0.000000000000000000e+00,0.000000000000000000e+00,-0.000000000000000000e+00,-0.000000000000000000e+00,-2.547160401227559490e-01,0.000000000000000000e+00,-0.000000000000000000e+00,2.065391894222681768e-01,-1.522226740971226455e-01,-4.126872040974507438e-01,0.000000000000000000e+00,1.105030022150281510e-01,1.144367511726171807e-02,-0.000000000000000000e+00,0.000000000000000000e+00,-2.600704883431670944e-01,0.000000000000000000e+00,-0.000000000000000000e+00,-0.000000000000000000e+00,-0.000000000000000000e+00,-0.000000000000000000e+00,0.000000000000000000e+00,-0.000000000000000000e+00,-1.097159821750378905e-01,-0.000000000000000000e+00,-2.685700322676099483e-01,0.000000000000000000e+00,-0.000000000000000000e+00,-1.299052816222572293e-01,1.561005230019739898e+00,0.000000000000000000e+00,-0.000000000000000000e+00,0.000000000000000000e+00,-0.000000000000000000e+00,-0.000000000000000000e+00,-0.000000000000000000e+00,-0.000000000000000000e+00,-0.000000000000000000e+00,0.000000000000000000e+00
2.202184001331190799e-01,-3.290666746533094655e-01,-0.000000000000000000e+00,0.000000000000000000e+00,-0.000000000000000000e+00,-0.000000000000000000e+00,-6.264429929473886993e-01,0.000000000000000000e+00,0.000000000000000000e+00,-0.000000000000000000e+00,-0.000000000000000000e+00,-0.000000000000000000e+00,-0.000000000000000000e+00,-2.867380733060535536e-01,-0.000000000000000000e+00,3.330925630448706987e-02,-0.000000000000000000e+00,0.000000000000000000e+00,-2.897948726277591730e-02,0.000000000000000000e+00,0.000000000000000000e+00,-0.000000000000000000e+00,-9.163632752082165323e-02,0.000000000000000000e+00,-0.000000000000000000e+00,0.000000000000000000e+00,-3.226692816777511630e-01,0.000000000000000000e+00,0.000000000000000000e+00,0.000000000000000000e+00,2.702122304311417977e+00,-5.083164442840478747e-01,-5.304817049476524549e-01,-0.000000000000000000e+00,-0.000000000000000000e+00,-0.000000000000000000e+00,-4.371619399288603769e-02,0.000000000000000000e+00,-0.000000000000000000e+00
4.705281664835626598e-01,-4.304923790515060023e-01,0.000000000000000000e+00,0.000000000000000000e+00,-0.000000000000000000e+00,-0.000000000000000000e+00,-0.000000000000000000e+00,0.000000000000000000e+00,0.000000000000000000e+00,-9.771406194429510528e-02,-3.392880110048085984e-01,-5.210416411924320007e-02,-0.000000000000000000e+00,-0.000000000000000000e+00,0.000000000000000000e+00,1.434066474781684475e-01,-0.000000000000000000e+00,0.000000000000000000e+00,-0.000000000000000000e+00,0.000000000000000000e+00,0.000000000000000000e+00,-0.000000000000000000e+00,-0.000000000000000000e+00,0.000000000000000000e+00,0.000000000000000000e+00,0.000000000000000000e+00,-5.715206664048461116e-01,1.540029727796145831e-01,0.000000000000000000e+00,-0.000000000000000000e+00,-5.083164442840478747e-01,2.802797771856182507e+00,-0.000000000000000000e+00,-0.000000000000000000e+00,-0.000000000000000000e+00,-0.000000000000000000e+00,-1.058837924992455798e-01,1.805816471242192855e-01,-0.000000000000000000e+00
0.000000000000000000e+00,-0.000000000000000000e+00,-2.263593057715225232e-01,9.690348197732193136e-02,-0.000000000000000000e+00,-1.703840839445106559e-01,-0.000000000000000000e+00,0.000000000000000000e+00,4.715838329185231131e-02,0.000000000000000000e+00,-3.417282471874537320e-02,-0.000000000000000000e+00,-0.000000000000000000e+00,-2.492177190571400192e-01,-0.000000000000000000e+00,9.953046209606707106e-02,-2.021318763832991861e-01,1.467936215493943590e-02,-0.000000000000000000e+00,0.000000000000000000e+00,-0.000000000000000000e+00,-7.753699772636972465e-02,-0.000000000000000000e+00,0.000000000000000000e+00,-7.728879196111639038e-02,0.000000000000000000e+00,-1.387157631111844702e-01,-0.000000000000000000e+00,0.000000000000000000e+00,0.000000000000000000e+00,-5.304817049476524549e-01,-0.000000000000000000e+00,1.841827306123354324e+00,-0.000000000000000000e+00,-1.962950735111297917e-01,-0.000000000000000000e+00,-0.000000000000000000e+00,0.000000000000000000e+00,-0.000000000000000000e+00
-0.000000000000000000e+00,-0.000000000000000000e+00,-0.000000000000000000e+00,-0.000000000000000000e+00,-1.570803628235728222e-01,-6.486869851739821002e-02,0.000000000000000000e+00,2.327418265419823884e-01,-2.973175173781043013e-01,-0.000000000000000000e+00,-2.339721603845584808e-02,0.000000000000000000e+00,7.906700600017690928e-02,-4.791559017954161864e-02,3.233868260284252644e-02,-0.000000000000000000e+00,-0.000000000000000000e+00,-0.000000000000000000e+00,0.000000000000000000e+00,0.000000000000000000e+00,0.000000000000000000e+00,0.000000000000000000e+00,-1.370412107186865791e-01,-0.000000000000000000e+00,-0.000000000000000000e+00,0.000000000000000000e+00,-0.000000000000000000e+00,0.000000000000000000e+00,-0.000000000000000000e+00,-0.000000000000000000e+00,-0.000000000000000000e+00,-0.000000000000000000e+00,-0.000000000000000000e+00,1.312895557031287241e+00,-0.000000000000000000e+00,2.136301027328517121e-01,-0.000000000000000000e+00,0.000000000000000000e+00,-0.000000000000000000e+00
-0.000000000000000000e+00,0.000000000000000000e+00,-0.000000000000000000e+00,5.813024493409451460e-02,-6.784002337387119719e-02,-2.889770762557764688e-02,-0.000000000000000000e+00,0.000000000000000000e+00,0.000000000000000000e+00,-0.000000000000000000e+00,-0.000000000000000000e+00,0.000000000000000000e+00,5.408370410572713866e-02,-0.000000000000000000e+00,-0.000000000000000000e+00,0.000000000000000000e+00,-3.662199637715085609e-02,0.000000000000000000e+00,0.000000000000000000e+00,0.000000000000000000e+00,-0.000000000000000000e+00,-0.000000000000000000e+00,-0.000000000000000000e+00,0.000000000000000000e+00,-2.141054573830776606e-03,-2.009933731947879665e-01,-0.000000000000000000e+00,-1.612814867536358499e-01,-9.105904342953786978e-02,-0.000000000000000000e+00,-0.000000000000000000e+00,-0.000000000000000000e+00,-1.962950735111297917e-01,-0.000000000000000000e+00,1.724922087233891954e+00,-2.257874839265468503e-01,-8.706243515024137958e-01,0.000000000000000000e+00,8.219945031506801711e-03
0.000000000000000000e+00,-0.000000000000000000e+00,-0.000000000000000000e+00,0.000000000000000000e+00,-8.957132169710760317e-02,-0.000000000000000000e+00,-0.000000000000000000e+00,0.000000000000000000e+00,0.000000000000000000e+00,-0.000000000000000000e+00,-0.000000000000000000e+00,0.000000000000000000e+00,0.000000000000000000e+00,-0.000000000000000000e+00,-0.000000000000000000e+00,0.000000000000000000e+00,-0.000000000000000000e+00,0.000000000000000000e+00,-2.557201514357519689e-02,-0.000000000000000000e+00,-0.000000000000000000e+00,-1.773889035361646271e-02,-0.000000000000000000e+00,0.000000000000000000e+00,-7.188625395304946986e-02,-1.882422470361411471e-01,-9.893371876978908352e-02,-0.000000000000000000e+00,-0.000000000000000000e+00,-0.000000000000000000e+00,-0.000000000000000000e+00,-0.000000000000000000e+00,-0.000000000000000000e+00,2.136301027328517121e-01,-2.257874839265468503e-01,1.258732918602114781e+00,-2.494654341293896516e-01,-0.000000000000000000e+00,-0.000000000000000000e+00
0.000000000000000000e+00,-0.000000000000000000e+00,-0.000000000000000000e+00,-0.000000000000000000e+00,-8.699343195203665738e-03,-5.395582734169438455e-01,-0.000000000000000000e+00,0.000000000000000000e+00,0.000000000000000000e+00,-0.000000000000000000e+00,-3.039920730774839375e-01,-0.000000000000000000e+00,0.000000000000000000e+00,-2.301517213692576627e-02,0.000000000000000000e+00,5.993736104297311962e-02,-0.000000000000000000e+00,-0.000000000000000000e+00,0.000000000000000000e+00,-0.000000000000000000e+00,0.000000000000000000e+00,-0.000000000000000000e+00,-9.112338066910979917e-02,0.000000000000000000e+00,-1.358747097391754810e-01,-0.000000000000000000e+00,-4.716822296010823590e-01,0.000000000000000000e+00,-0.000000000000000000e+00,-0.000000000000000000e+00,-4.371619399288603769e-02,-1.058837924992455798e-01,-0.000000000000000000e+00,-0.000000000000000000e+00,-8.706243515024137958e-01,-2.494654341293896516e-01,2.549856808536342889e+00,2.751517048618194045e-02,0.000000000000000000e+00
-0.000000000000000000e+00,0.000000000000000000e+00,0.000000000000000000e+00,0.000000000000000000e+00,0.000000000000000000e+00,2.825287880694659637e-01,0.000000000000000000e+00,-0.000000000000000000e+00,-0.000000000000000000e+00,0.000000000000000000e+00,4.290260789577444167e-01,-0.000000000000000000e+00,-0.000000000000000000e+00,0.000000000000000000e+00,-0.000000000000000000e+00,-5.481286730540502194e-01,0.000000000000000000e+00,-0.000000000000000000e+00,-1.156549856501620788e-01,0.000000000000000000e+00,-2.671386404363307321e-01,-0.000000000000000000e+00,0.000000000000000000e+00,-0.000000000000000000e+00,-0.000000000000000000e+00,-0.000000000000000000e+00,0.000000000000000000e+00,-1.505640088653703856e-01,-0.000000000000000000e+00,-0.000000000000000000e+00,0.000000000000000000e+00,1.805816471242192855e-01,0.000000000000000000e+00,0.000000000000000000e+00,0.000000000000000000e+00,-0.000000000000000000e+00,2.751517048618194045e-02,2.045434339047826899e+00,-0.000000000000000000e+00
0.000000000000000000e+00,-5.724974673301387318e-01,-0.000000000000000000e+00,-0.000000000000000000e+00,-0.000000000000000000e+00,0.000000000000000000e+00,-4.120245160124400702e-02,0.000000000000000000e+00,-2.798677877055824048e-01,-1.789966913993431552e-01,-0.000000000000000000e+00,-2.280151796120113705e-01,-4.760915524544164640e-02,-6.877959901656646724e-02,-0.000000000000000000e+00,-0.000000000000000000e+00,0.000000000000000000e+00,0.000000000000000000e+00,-5.734808382653667769e-01,0.000000000000000000e+00,0.000000000000000000e+00,-4.271699265551993918e-02,-7.615103396399514578e-03,-0.000000000000000000e+00,-0.000000000000000000e+00,0.000000000000000000e+00,-0.000000000000000000e+00,1.600120370234554279e-01,5.100017191554421236e-01,0.000000000000000000e+00,-0.000000000000000000e+00,-0.000000000000000000e+00,-0.000000000000000000e+00,-0.000000000000000000e+00,8.219945031506801711e-03,-0.000000000000000000e+00,0.000000000000000000e+00,-0.000000000000000000e+00,2.280998618605283745e+00
