1.335810849682499635e+00,-1.629092197738034320e-01,-0.000000000000000000e+00,0.000000000000000000e+00,-0.000000000000000000e+00,-0.000000000000000000e+00,-0.000000000000000000e+00,0.000000000000000000e+00,-1.372984314725631816e-01,-0.000000000000000000e+00,-0.000000000000000000e+00,-0.000000000000000000e+00,0.000000000000000000e+00,-0.000000000000000000e+00,-0.000000000000000000e+00,-2.329259994167424686e-01,-0.000000000000000000e+00,-0.000000000000000000e+00,-0.000000000000000000e+00,-0.000000000000000000e+00,-0.000000000000000000e+00,-0.000000000000000000e+00,-0.000000000000000000e+00,-0.000000000000000000e+00,-0.000000000000000000e+00,-9.931641860040235636e-02,-0.000000000000000000e+00,-0.000000000000000000e+00,-3.267699789006299482e-02,-0.000000000000000000e+00,-0.000000000000000000e+00,-0.000000000000000000e+00,-0.000000000000000000e+00,-1.723933794519585949e-02,-1.257418688265526940e-01,-8.548765826303311721e-02,-0.000000000000000000e+00,-2.249664990771451378e-01,-1.949440260961847193e-01
-1.629092197738034320e-01,1.345491942909113225e+00,-0.000000000000000000e+00,-0.000000000000000000e+00,-0.000000000000000000e+00,-0.000000000000000000e+00,-0.000000000000000000e+00,0.000000000000000000e+00,-0.000000000000000000e+00,-0.000000000000000000e+00,-1.185982453000362646e-01,-0.000000000000000000e+00,-1.930481963327527473e-01,-0.000000000000000000e+00,-0.000000000000000000e+00,0.000000000000000000e+00,-0.000000000000000000e+00,-0.000000000000000000e+00,-0.000000000000000000e+00,-0.000000000000000000e+00,-0.000000000000000000e+00,-1.953410638174380987e-01,0.000000000000000000e+00,-0.000000000000000000e+00,-0.000000000000000000e+00,-0.000000000000000000e+00,-2.867221373622815261e-01,0.000000000000000000e+00,0.000000000000000000e+00,-0.000000000000000000e+00,-0.000000000000000000e+00,-1.666565056153987978e-01,-0.000000000000000000e+00,-0.000000000000000000e+00,-0.000000000000000000e+00,-0.000000000000000000e+00,-0.000000000000000000e+00,-0.000000000000000000e+00,-0.000000000000000000e+00
-0.000000000000000000e+00,-0.000000000000000000e+00,3.053016853476203440e+00,-0.000000000000000000e+00,-2.296513055040714790e-01,-2.576018206441222161e-02,-0.000000000000000000e+00,1.362984009638174232e+00,-1.997861739711051798e-01,0.000000000000000000e+00,-0.000000000000000000e+00,-0.000000000000000000e+00,0.000000000000000000e+00,-2.340190818169559928e-01,0.000000000000000000e+00,-0.000000000000000000e+00,-0.000000000000000000e+00,-6.866308734303126771e-02,-0.000000000000000000e+00,-0.000000000000000000e+00,-4.962343845648037877e-01,-0.000000000000000000e+00,-0.000000000000000000e+00,-0.000000000000000000e+00,-0.000000000000000000e+00,-0.000000000000000000e+00,-0.000000000000000000e+00,-0.000000000000000000e+00,-5.149359159145423109e-02,0.000000000000000000e+00,-0.000000000000000000e+00,-0.000000000000000000e+00,-5.096098023537116717e-01,-0.000000000000000000e+00,-0.000000000000000000e+00,-0.000000000000000000e+00,-0.000000000000000000e+00,0.000000000000000000e+00,0.000000000000000000e+00
0.000000000000000000e+00,-0.000000000000000000e+00,-0.000000000000000000e+00,1.258910134999938757e+00,0.000000000000000000e+00,0.000000000000000000e+00,-0.000000000000000000e+00,0.000000000000000000e+00,0.000000000000000000e+00,-0.000000000000000000e+00,-0.000000000000000000e+00,0.000000000000000000e+00,-0.000000000000000000e+00,-0.000000000000000000e+00,3.313338626331422399e-01,0.000000000000000000e+00,0.000000000000000000e+00,0.000000000000000000e+00,-0.000000000000000000e+00,0.000000000000000000e+00,-0.000000000000000000e+00,-0.000000000000000000e+00,0.000000000000000000e+00,-0.000000000000000000e+00,-0.000000000000000000e+00,3.766479747499154596e-02,-0.000000000000000000e+00,4.154952373760696926e-01,0.000000000000000000e+00,-0.000000000000000000e+00,-0.000000000000000000e+00,-0.000000000000000000e+00,-0.000000000000000000e+00,1.999136560491955247e-02,-0.000000000000000000e+00,0.000000000000000000e+00,-0.000000000000000000e+00,0.000000000000000000e+00,0.000000000000000000e+00
-0.000000000000000000e+00,-0.000000000000000000e+00,-2.296513055040714790e-01,0.000000000000000000e+00,2.609085444343852256e+00,0.000000000000000000e+00,0.000000000000000000e+00,0.000000000000000000e+00,-3.342266874053049786e-01,-0.000000000000000000e+00,-0.000000000000000000e+00,0.000000000000000000e+00,0.000000000000000000e+00,-0.000000000000000000e+00,0.000000000000000000e+00,-0.000000000000000000e+00,-0.000000000000000000e+00,-0.000000000000000000e+00,-0.000000000000000000e+00,-0.000000000000000000e+00,-0.000000000000000000e+00,-0.000000000000000000e+00,-8.392626330422606751e-01,-7.151059231269496497e-02,-7.462329148895513464e-01,-2.521821924673099957e-01,-0.000000000000000000e+00,-0.000000000000000000e+00,-0.000000000000000000e+00,0.000000000000000000e+00,0.000000000000000000e+00,-0.000000000000000000e+00,-2.344731677436400763e-01,-0.000000000000000000e+00,-0.000000000000000000e+00,-0.000000000000000000e+00,-0.000000000000000000e+00,0.000000000000000000e+00,0.000000000000000000e+00
-0.000000000000000000e+00,-0.000000000000000000e+00,-2.576018206441222161e-02,0.000000000000000000e+00,0.000000000000000000e+00,1.351312372461249911e+00,-6.399077211013280697e-02,1.026478229687939753e-01,-0.000000000000000000e+00,2.050914297969455569e-01,-0.000000000000000000e+00,0.000000000000000000e+00,1.225637328907877056e-02,-0.000000000000000000e+00,0.000000000000000000e+00,0.000000000000000000e+00,-0.000000000000000000e+00,-0.000000000000000000e+00,-0.000000000000000000e+00,-0.000000000000000000e+00,-1.550659120977378735e-01,-2.858946534570066048e-02,7.771040902003374662e-02,-0.000000000000000000e+00,0.000000000000000000e+00,0.000000000000000000e+00,-0.000000000000000000e+00,-1.537913648638971065e-01,-1.160735402438251435e-01,1.236335730965429647e-01,-2.520745642685662813e-01,-0.000000000000000000e+00,-0.000000000000000000e+00,0.000000000000000000e+00,-0.000000000000000000e+00,0.000000000000000000e+00,-0.000000000000000000e+00,0.000000000000000000e+00,0.000000000000000000e+00
-0.000000000000000000e+00,-0.000000000000000000e+00,-0.000000000000000000e+00,-0.000000000000000000e+00,0.000000000000000000e+00,-6.399077211013280697e-02,1.133894893867326559e+00,0.000000000000000000e+00,0.000000000000000000e+00,0.000000000000000000e+00,-0.000000000000000000e+00,0.000000000000000000e+00,-0.000000000000000000e+00,-0.000000000000000000e+00,-0.000000000000000000e+00,0.000000000000000000e+00,-0.000000000000000000e+00,-0.000000000000000000e+00,-1.428143679275100109e-01,-0.000000000000000000e+00,-0.000000000000000000e+00,-5.961888511474027624e-02,1.888259271191602973e-02,-0.000000000000000000e+00,0.000000000000000000e+00,0.000000000000000000e+00,-1.185070771436556591e-01,0.000000000000000000e+00,-0.000000000000000000e+00,0.000000000000000000e+00,-5.107562392825108072e-02,-1.016323495769243662e-01,0.000000000000000000e+00,0.000000000000000000e+00,-0.000000000000000000e+00,0.000000000000000000e+00,-0.000000000000000000e+00,0.000000000000000000e+00,0.000000000000000000e+00
0.000000000000000000e+00,0.000000000000000000e+00,1.362984009638174232e+00,0.000000000000000000e+00,0.000000000000000000e+00,1.026478229687939753e-01,0.000000000000000000e+00,2.906361286817133127e+00,0.000000000000000000e+00,-0.000000000000000000e+00,0.000000000000000000e+00,0.000000000000000000e+00,-0.000000000000000000e+00,2.839389578976146411e-01,-0.000000000000000000e+00,0.000000000000000000e+00,0.000000000000000000e+00,0.000000000000000000e+00,0.000000000000000000e+00,2.607522040814259662e-03,5.332689371172179005e-01,1.892176221607999240e-02,0.000000000000000000e+00,0.000000000000000000e+00,0.000000000000000000e+00,0.000000000000000000e+00,0.000000000000000000e+00,0.000000000000000000e+00,4.143014512708290825e-02,-3.154180715128197116e-02,0.000000000000000000e+00,1.765473761998529248e-02,4.566486422758768704e-01,0.000000000000000000e+00,0.000000000000000000e+00,0.000000000000000000e+00,0.000000000000000000e+00,-0.000000000000000000e+00,-0.000000000000000000e+00
-1.372984314725631816e-01,-0.000000000000000000e+00,-1.997861739711051798e-01,0.000000000000000000e+00,-3.342266874053049786e-01,-0.000000000000000000e+00,0.000000000000000000e+00,0.000000000000000000e+00,1.777311752763555353e+00,-0.000000000000000000e+00,-0.000000000000000000e+00,-0.000000000000000000e+00,3.182166881981993243e-03,-0.000000000000000000e+00,-0.000000000000000000e+00,-0.000000000000000000e+00,-0.000000000000000000e+00,-0.000000000000000000e+00,-0.000000000000000000e+00,-0.000000000000000000e+00,-0.000000000000000000e+00,0.000000000000000000e+00,-4.226243119172446404e-03,-0.000000000000000000e+00,-0.000000000000000000e+00,-2.376483337961581566e-01,-0.000000000000000000e+00,-0.000000000000000000e+00,-6.361847408692897221e-02,0.000000000000000000e+00,-0.000000000000000000e+00,-0.000000000000000000e+00,-0.000000000000000000e+00,-4.617490585391140212e-01,-0.000000000000000000e+00,-4.000434537174115124e-01,-0.000000000000000000e+00,-0.000000000000000000e+00,-1.099063452232506566e-01
-0.000000000000000000e+00,-0.000000000000000000e+00,0.000000000000000000e+00,-0.000000000000000000e+00,-0.000000000000000000e+00,2.050914297969455569e-01,0.000000000000000000e+00,-0.000000000000000000e+00,-0.000000000000000000e+00,1.715412511605336254e+00,-0.000000000000000000e+00,0.000000000000000000e+00,-0.000000000000000000e+00,0.000000000000000000e+00,0.000000000000000000e+00,-5.019213608774917290e-01,0.000000000000000000e+00,0.000000000000000000e+00,5.785750412706577167e-02,0.000000000000000000e+00,7.553965274059019908e-02,0.000000000000000000e+00,-2.699908685464091906e-01,-0.000000000000000000e+00,-6.278497170409894634e-01,-0.000000000000000000e+00,0.000000000000000000e+00,0.000000000000000000e+00,0.000000000000000000e+00,-0.000000000000000000e+00,0.000000000000000000e+00,-0.000000000000000000e+00,-0.000000000000000000e+00,-0.000000000000000000e+00,0.000000000000000000e+00,-0.000000000000000000e+00,0.000000000000000000e+00,-0.000000000000000000e+00,-0.000000000000000000e+00
-0.000000000000000000e+00,-1.185982453000362646e-01,-0.000000000000000000e+00,-0.000000000000000000e+00,-0.000000000000000000e+00,-0.000000000000000000e+00,-0.000000000000000000e+00,0.000000000000000000e+00,-0.000000000000000000e+00,-0.000000000000000000e+00,2.469973502396905385e+00,0.000000000000000000e+00,0.000000000000000000e+00,-3.690485301916680005e-01,0.000000000000000000e+00,0.000000000000000000e+00,-4.032660139447952208e-01,-2.918702765367042762e-01,-5.666182012585417593e-02,-0.000000000000000000e+00,-0.000000000000000000e+00,-0.000000000000000000e+00,-0.000000000000000000e+00,-6.470239672048013757e-01,-8.944593217582359757e-02,-6.830296120959572503e-02,-5.359252520959226912e-02,-0.000000000000000000e+00,-0.000000000000000000e+00,0.000000000000000000e+00,-2.713368332406258521e-01,-0.000000000000000000e+00,-0.000000000000000000e+00,0.000000000000000000e+00,-0.000000000000000000e+00,0.000000000000000000e+00,-2.375666849341511455e-01,0.000000000000000000e+00,0.000000000000000000e+00
-0.000000000000000000e+00,-0.000000000000000000e+00,-0.000000000000000000e+00,0.000000000000000000e+00,0.000000000000000000e+00,0.000000000000000000e+00,0.000000000000000000e+00,0.000000000000000000e+00,-0.000000000000000000e+00,0.000000000000000000e+00,0.000000000000000000e+00,1.107928701381532877e+00,-0.000000000000000000e+00,-0.000000000000000000e+00,-2.835199453750222309e-01,0.000000000000000000e+00,-0.000000000000000000e+00,-0.000000000000000000e+00,-0.000000000000000000e+00,-0.000000000000000000e+00,-0.000000000000000000e+00,-0.000000000000000000e+00,0.000000000000000000e+00,0.000000000000000000e+00,0.000000000000000000e+00,-0.000000000000000000e+00,-0.000000000000000000e+00,0.000000000000000000e+00,0.000000000000000000e+00,-1.090766768673908649e-01,-0.000000000000000000e+00,-0.000000000000000000e+00,0.000000000000000000e+00,-0.000000000000000000e+00,0.000000000000000000e+00,0.000000000000000000e+00,0.000000000000000000e+00,-0.000000000000000000e+00,-1.058645437908003473e-01
0.000000000000000000e+00,-1.930481963327527473e-01,0.000000000000000000e+00,-0.000000000000000000e+00,0.000000000000000000e+00,1.225637328907877056e-02,-0.000000000000000000e+00,-0.000000000000000000e+00,3.182166881981993243e-03,-0.000000000000000000e+00,0.000000000000000000e+00,-0.000000000000000000e+00,1.034921686102435734e+00,0.000000000000000000e+00,-0.000000000000000000e+00,0.000000000000000000e+00,3.502801496027229105e-03,0.000000000000000000e+00,-0.000000000000000000e+00,-0.000000000000000000e+00,0.000000000000000000e+00,-0.000000000000000000e+00,0.000000000000000000e+00,-0.000000000000000000e+00,-0.000000000000000000e+00,0.000000000000000000e+00,0.000000000000000000e+00,0.000000000000000000e+00,0.000000000000000000e+00,-0.000000000000000000e+00,0.000000000000000000e+00,-0.000000000000000000e+00,-0.000000000000000000e+00,0.000000000000000000e+00,0.000000000000000000e+00,0.000000000000000000e+00,-0.000000000000000000e+00,-0.000000000000000000e+00,0.000000000000000000e+00
-0.000000000000000000e+00,-0.000000000000000000e+00,-2.340190818169559928e-01,-0.000000000000000000e+00,-0.000000000000000000e+00,-0.000000000000000000e+00,-0.000000000000000000e+00,2.839389578976146411e-01,-0.000000000000000000e+00,0.000000000000000000e+00,-3.690485301916680005e-01,-0.000000000000000000e+00,0.000000000000000000e+00,2.700704600486272255e+00,0.000000000000000000e+00,0.000000000000000000e+00,-0.000000000000000000e+00,-1.656033589929901684e-01,-1.879008619495794452e-01,-0.000000000000000000e+00,-0.000000000000000000e+00,-4.159387109326894150e-01,-0.000000000000000000e+00,-1.916624773309565377e-01,-0.000000000000000000e+00,-2.489556095512539952e-02,-3.360368696308502767e-01,-0.000000000000000000e+00,-3.643543943617432584e-02,8.071191068143543368e-02,-1.082397001856756219e-01,-2.573213830133104230e-01,-1.170851426532759643e-01,0.000000000000000000e+00,-0.000000000000000000e+00,-0.000000000000000000e+00,-2.773369646717446235e-01,0.000000000000000000e+00,0.000000000000000000e+00
-0.000000000000000000e+00,-0.000000000000000000e+00,0.000000000000000000e+00,3.313338626331422399e-01,0.000000000000000000e+00,0.000000000000000000e+00,-0.000000000000000000e+00,-0.000000000000000000e+00,-0.000000000000000000e+00,0.000000000000000000e+00,0.000000000000000000e+00,-2.835199453750222309e-01,-0.000000000000000000e+00,0.000000000000000000e+00,1.307250232561404601e+00,0.000000000000000000e+00,-0.000000000000000000e+00,0.000000000000000000e+00,-0.000000000000000000e+00,-0.000000000000000000e+00,0.000000000000000000e+00,-0.000000000000000000e+00,0.000000000000000000e+00,0.000000000000000000e+00,0.000000000000000000e+00,-0.000000000000000000e+00,0.000000000000000000e+00,-0.000000000000000000e+00,-0.000000000000000000e+00,-2.519206957654854598e-02,0.000000000000000000e+00,0.000000000000000000e+00,0.000000000000000000e+00,-0.000000000000000000e+00,0.000000000000000000e+00,0.000000000000000000e+00,0.000000000000000000e+00,-3.563519042880047283e-01,-3.357890680045962778e-02
-2.329259994167424686e-01,0.000000000000000000e+00,-0.000000000000000000e+00,0.000000000000000000e+00,-0.000000000000000000e+00,0.000000000000000000e+00,0.000000000000000000e+00,0.000000000000000000e+00,-0.000000000000000000e+00,-5.019213608774917290e-01,0.000000000000000000e+00,0.000000000000000000e+00,0.000000000000000000e+00,0.000000000000000000e+00,0.000000000000000000e+00,1.904336789415452591e+00,0.000000000000000000e+00,7.431711335363647142e-02,2.972924584425871708e-01,-0.000000000000000000e+00,0.000000000000000000e+00,1.271411282448453584e-01,-0.000000000000000000e+00,0.000000000000000000e+00,-0.000000000000000000e+00,-0.000000000000000000e+00,2.271448147341493251e-01,-0.000000000000000000e+00,-0.000000000000000000e+00,0.000000000000000000e+00,2.728582150728875444e-01,0.000000000000000000e+00,-0.000000000000000000e+00,-0.000000000000000000e+00,0.000000000000000000e+00,-5.713544334924013368e-01,0.000000000000000000e+00,-4.231055584219544502e-02,-1.389768507195142389e-01
-0.000000000000000000e+00,-0.000000000000000000e+00,-0.000000000000000000e+00,0.000000000000000000e+00,-0.000000000000000000e+00,-0.000000000000000000e+00,-0.000000000000000000e+00,0.000000000000000000e+00,-0.000000000000000000e+00,0.000000000000000000e+00,-4.032660139447952208e-01,-0.000000000000000000e+00,3.502801496027229105e-03,-0.000000000000000000e+00,-0.000000000000000000e+00,0.000000000000000000e+00,2.030376849664544014e+00,-2.429366936232999763e-01,-2.700936544200998601e-01,-0.000000000000000000e+00,-0.000000000000000000e+00,-0.000000000000000000e+00,-0.000000000000000000e+00,-0.000000000000000000e+00,-0.000000000000000000e+00,-6.025774797799824389e-01,-0.000000000000000000e+00,-1.706951100809768751e-01,-3.071869029774033089e-01,0.000000000000000000e+00,-0.000000000000000000e+00,-0.000000000000000000e+00,-0.000000000000000000e+00,0.000000000000000000e+00,-0.000000000000000000e+00,-0.000000000000000000e+00,-0.000000000000000000e+00,0.000000000000000000e+00,0.000000000000000000e+00
-0.000000000000000000e+00,-0.000000000000000000e+00,-6.866308734303126771e-02,0.000000000000000000e+00,-0.000000000000000000e+00,-0.000000000000000000e+00,-0.000000000000000000e+00,0.000000000000000000e+00,-0.000000000000000000e+00,0.000000000000000000e+00,-2.918702765367042762e-01,-0.000000000000000000e+00,0.000000000000000000e+00,-1.656033589929901684e-01,0.000000000000000000e+00,7.431711335363647142e-02,-2.429366936232999763e-01,1.891142322542747500e+00,-2.122375566731324326e-01,-0.000000000000000000e+00,-9.003722131544207585e-02,-2.721499403228101466e-01,-0.000000000000000000e+00,-8.987670555316024101e-02,-0.000000000000000000e+00,-6.857779700508330467e-02,-0.000000000000000000e+00,-4.958817544228848878e-02,-0.000000000000000000e+00,0.000000000000000000e+00,-2.053976257639694436e-01,-0.000000000000000000e+00,-0.000000000000000000e+00,5.523971998605762407e-02,-0.000000000000000000e+00,0.000000000000000000e+00,-0.000000000000000000e+00,1.753906473104899178e-03,8.029618210901211944e-03
-0.000000000000000000e+00,-0.000000000000000000e+00,-0.000000000000000000e+00,-0.000000000000000000e+00,-0.000000000000000000e+00,-0.000000000000000000e+00,-1.428143679275100109e-01,0.000000000000000000e+00,-0.000000000000000000e+00,5.785750412706577167e-02,-5.666182012585417593e-02,-0.000000000000000000e+00,-0.000000000000000000e+00,-1.879008619495794452e-01,-0.000000000000000000e+00,2.972924584425871708e-01,-2.700936544200998601e-01,-2.122375566731324326e-01,1.755066054487865568e+00,-0.000000000000000000e+00,-0.000000000000000000e+00,-1.065970580381519345e-01,0.000000000000000000e+00,-0.000000000000000000e+00,0.000000000000000000e+00,-0.000000000000000000e+00,-2.758440344568820479e-01,-0.000000000000000000e+00,-1.370756477587846411e-02,0.000000000000000000e+00,-7.740303185765252947e-02,-0.000000000000000000e+00,-0.000000000000000000e+00,0.000000000000000000e+00,-2.721951962053142937e-02,0.000000000000000000e+00,-4.197153335125095031e-02,0.000000000000000000e+00,0.000000000000000000e+00
-0.000000000000000000e+00,-0.000000000000000000e+00,-0.000000000000000000e+00,0.000000000000000000e+00,-0.000000000000000000e+00,-0.000000000000000000e+00,-0.000000000000000000e+00,2.607522040814259662e-03,-0.000000000000000000e+00,0.000000000000000000e+00,-0.000000000000000000e+00,-0.000000000000000000e+00,-0.000000000000000000e+00,-0.000000000000000000e+00,-0.000000000000000000e+00,-0.000000000000000000e+00,-0.000000000000000000e+00,-0.000000000000000000e+00,-0.000000000000000000e+00,1.065031397823419601e+00,-2.311167639665497042e-01,-4.965311469233342490e-02,0.000000000000000000e+00,-0.000000000000000000e+00,0.000000000000000000e+00,-0.000000000000000000e+00,-0.000000000000000000e+00,-0.000000000000000000e+00,-0.000000000000000000e+00,0.000000000000000000e+00,-0.000000000000000000e+00,-0.000000000000000000e+00,-0.000000000000000000e+00,-0.000000000000000000e+00,-0.000000000000000000e+00,0.000000000000000000e+00,-0.000000000000000000e+00,-0.000000000000000000e+00,-0.000000000000000000e+00
-0.000000000000000000e+00,-0.000000000000000000e+00,-4.962343845648037877e-01,-0.000000000000000000e+00,-0.000000000000000000e+00,-1.550659120977378735e-01,-0.000000000000000000e+00,5.332689371172179005e-01,-0.000000000000000000e+00,7.553965274059019908e-02,-0.000000000000000000e+00,-0.000000000000000000e+00,0.000000000000000000e+00,-0.000000000000000000e+00,0.000000000000000000e+00,0.000000000000000000e+00,-0.000000000000000000e+00,-9.003722131544207585e-02,-0.000000000000000000e+00,-2.311167639665497042e-01,2.220145192842657877e+00,-4.962485054559399589e-01,0.000000000000000000e+00,-0.000000000000000000e+00,0.000000000000000000e+00,-0.000000000000000000e+00,-0.000000000000000000e+00,-7.761920995797144673e-02,-0.000000000000000000e+00,3.585838599423215450e-02,-0.000000000000000000e+00,-0.000000000000000000e+00,-2.032772022119211652e-01,0.000000000000000000e+00,-0.000000000000000000e+00,-0.000000000000000000e+00,-0.000000000000000000e+00,-0.000000000000000000e+00,0.000000000000000000e+00
-0.000000000000000000e+00,-1.953410638174380987e-01,-0.000000000000000000e+00,-0.000000000000000000e+00,-0.000000000000000000e+00,-2.858946534570066048e-02,-5.961888511474027624e-02,1.892176221607999240e-02,0.000000000000000000e+00,0.000000000000000000e+00,-0.000000000000000000e+00,-0.000000000000000000e+00,-0.000000000000000000e+00,-4.159387109326894150e-01,-0.000000000000000000e+00,1.271411282448453584e-01,-0.000000000000000000e+00,-2.721499403228101466e-01,-1.065970580381519345e-01,-4.965311469233342490e-02,-4.962485054559399589e-01,1.950172143753466036e+00,0.000000000000000000e+00,-0.000000000000000000e+00,-0.000000000000000000e+00,-0.000000000000000000e+00,-7.788812874279479881e-02,-0.000000000000000000e+00,-0.000000000000000000e+00,0.000000000000000000e+00,-1.404286401955368024e-01,-0.000000000000000000e+00,-8.057876364256809018e-03,0.000000000000000000e+00,-0.000000000000000000e+00,0.000000000000000000e+00,-0.000000000000000000e+00,0.000000000000000000e+00,0.000000000000000000e+00
-0.000000000000000000e+00,0.000000000000000000e+00,-0.000000000000000000e+00,0.000000000000000000e+00,-8.392626330422606751e-01,7.771040902003374662e-02,1.888259271191602973e-02,0.000000000000000000e+00,-4.226243119172446404e-03,-2.699908685464091906e-01,-0.000000000000000000e+00,0.000000000000000000e+00,0.000000000000000000e+00,-0.000000000000000000e+00,0.000000000000000000e+00,-0.000000000000000000e+00,-0.000000000000000000e+00,-0.000000000000000000e+00,0.000000000000000000e+00,0.000000000000000000e+00,0.000000000000000000e+00,0.000000000000000000e+00,2.594468321339874706e+00,-0.000000000000000000e+00,-8.109836642316948785e-01,-2.593506198205335345e-01,0.000000000000000000e+00,-0.000000000000000000e+00,-0.000000000000000000e+00,0.000000000000000000e+00,0.000000000000000000e+00,0.000000000000000000e+00,-0.000000000000000000e+00,-0.000000000000000000e+00,-0.000000000000000000e+00,-4.251379041601253683e-01,-0.000000000000000000e+00,-0.000000000000000000e+00,-0.000000000000000000e+00
-0.000000000000000000e+00,-0.000000000000000000e+00,-0.000000000000000000e+00,-0.000000000000000000e+00,-7.151059231269496497e-02,-0.000000000000000000e+00,-0.000000000000000000e+00,0.000000000000000000e+00,-0.000000000000000000e+00,-0.000000000000000000e+00,-6.470239672048013757e-01,0.000000000000000000e+00,-0.000000000000000000e+00,-1.916624773309565377e-01,0.000000000000000000e+00,0.000000000000000000e+00,-0.000000000000000000e+00,-8.987670555316024101e-02,-0.000000000000000000e+00,-0.000000000000000000e+00,-0.000000000000000000e+00,-0.000000000000000000e+00,-0.000000000000000000e+00,2.371335077420583914e+00,-4.523828276810982207e-01,-3.071827131421383528e-01,-0.000000000000000000e+00,-0.000000000000000000e+00,-0.000000000000000000e+00,0.000000000000000000e+00,-0.000000000000000000e+00,-0.000000000000000000e+00,-0.000000000000000000e+00,1.796540698887933718e-01,-1.310626402367170151e-01,-0.000000000000000000e+00,-5.323560376447589171e-01,0.000000000000000000e+00,2.986777679479077699e-02
-0.000000000000000000e+00,-0.000000000000000000e+00,-0.000000000000000000e+00,-0.000000000000000000e+00,-7.462329148895513464e-01,0.000000000000000000e+00,0.000000000000000000e+00,0.000000000000000000e+00,-0.000000000000000000e+00,-6.278497170409894634e-01,-8.944593217582359757e-02,0.000000000000000000e+00,-0.000000000000000000e+00,-0.000000000000000000e+00,0.000000000000000000e+00,-0.000000000000000000e+00,-0.000000000000000000e+00,-0.000000000000000000e+00,0.000000000000000000e+00,0.000000000000000000e+00,0.000000000000000000e+00,-0.000000000000000000e+00,-8.109836642316948785e-01,-4.523828276810982207e-01,2.634751141611525238e+00,-3.139461346346071255e-03,-0.000000000000000000e+00,-0.000000000000000000e+00,0.000000000000000000e+00,0.000000000000000000e+00,0.000000000000000000e+00,-0.000000000000000000e+00,-0.000000000000000000e+00,-0.000000000000000000e+00,-0.000000000000000000e+00,-0.000000000000000000e+00,-0.000000000000000000e+00,0.000000000000000000e+00,-0.000000000000000000e+00
-9.931641860040235636e-02,-0.000000000000000000e+00,-0.000000000000000000e+00,3.766479747499154596e-02,-2.521821924673099957e-01,0.000000000000000000e+00,0.000000000000000000e+00,0.000000000000000000e+00,-2.376483337961581566e-01,-0.000000000000000000e+00,-6.830296120959572503e-02,-0.000000000000000000e+00,0.000000000000000000e+00,-2.489556095512539952e-02,-0.000000000000000000e+00,-0.000000000000000000e+00,-6.025774797799824389e-01,-6.857779700508330467e-02,-0.000000000000000000e+00,-0.000000000000000000e+00,-0.000000000000000000e+00,-0.000000000000000000e+00,-2.593506198205335345e-01,-3.071827131421383528e-01,-3.139461346346071255e-03,2.138857348700154315e+00,-0.000000000000000000e+00,-1.577186596202594382e-01,-1.097892606990106684e-01,0.000000000000000000e+00,-0.000000000000000000e+00,-0.000000000000000000e+00,-0.000000000000000000e+00,-0.000000000000000000e+00,-1.231125436151541130e-01,-0.000000000000000000e+00,-3.585814583247922543e-02,-0.000000000000000000e+00,0.000000000000000000e+00
-0.000000000000000000e+00,-2.867221373622815261e-01,-0.000000000000000000e+00,-0.000000000000000000e+00,-0.000000000000000000e+00,-0.000000000000000000e+00,-1.185070771436556591e-01,0.000000000000000000e+00,-0.000000000000000000e+00,0.000000000000000000e+00,-5.359252520959226912e-02,-0.000000000000000000e+00,0.000000000000000000e+00,-3.360368696308502767e-01,0.000000000000000000e+00,2.271448147341493251e-01,-0.000000000000000000e+00,-0.000000000000000000e+00,-2.758440344568820479e-01,-0.000000000000000000e+00,-0.000000000000000000e+00,-7.788812874279479881e-02,0.000000000000000000e+00,-0.000000000000000000e+00,-0.000000000000000000e+00,-0.000000000000000000e+00,2.412620263512128993e+00,0.000000000000000000e+00,-0.000000000000000000e+00,0.000000000000000000e+00,-5.996038124993762208e-01,-1.184998723614745925e-01,-0.000000000000000000e+00,0.000000000000000000e+00,-4.611654020898191542e-01,0.000000000000000000e+00,-1.883007513129910104e-01,0.000000000000000000e+00,0.000000000000000000e+00
-0.000000000000000000e+00,0.000000000000000000e+00,-0.000000000000000000e+00,4.154952373760696926e-01,-0.000000000000000000e+00,-1.537913648638971065e-01,0.000000000000000000e+00,0.000000000000000000e+00,-0.000000000000000000e+00,0.000000000000000000e+00,-0.000000000000000000e+00,0.000000000000000000e+00,0.000000000000000000e+00,-0.000000000000000000e+00,-0.000000000000000000e+00,-0.000000000000000000e+00,-1.706951100809768751e-01,-4.958817544228848878e-02,-0.000000000000000000e+00,-0.000000000000000000e+00,-7.761920995797144673e-02,-0.000000000000000000e+00,-0.000000000000000000e+00,-0.000000000000000000e+00,-0.000000000000000000e+00,-1.577186596202594382e-01,0.000000000000000000e+00,1.448555107356007676e+00,-1.060954951065845447e-01,2.504621671176940692e-02,-0.000000000000000000e+00,-0.000000000000000000e+00,-1.612557504620308058e-01,0.000000000000000000e+00,0.000000000000000000e+00,-9.371344770713494962e-03,0.000000000000000000e+00,0.000000000000000000e+00,0.000000000000000000e+00
-3.267699789006299482e-02,0.000000000000000000e+00,-5.149359159145423109e-02,0.000000000000000000e+00,-0.000000000000000000e+00,-1.160735402438251435e-01,-0.000000000000000000e+00,4.143014512708290825e-02,-6.361847408692897221e-02,0.000000000000000000e+00,-0.000000000000000000e+00,0.000000000000000000e+00,0.000000000000000000e+00,-3.643543943617432584e-02,-0.000000000000000000e+00,-0.000000000000000000e+00,-3.071869029774033089e-01,-0.000000000000000000e+00,-1.370756477587846411e-02,-0.000000000000000000e+00,-0.000000000000000000e+00,-0.000000000000000000e+00,-0.000000000000000000e+00,-0.000000000000000000e+00,0.000000000000000000e+00,-1.097892606990106684e-01,-0.000000000000000000e+00,-1.060954951065845447e-01,1.713939709432024561e+00,1.628768498953490906e-01,-0.000000000000000000e+00,-4.050028231534750223e-01,-1.001575672682559204e-01,-0.000000000000000000e+00,-2.726046127156334098e-02,-1.715069965103346306e-01,-7.962415661997016003e-02,0.000000000000000000e+00,0.000000000000000000e+00
-0.000000000000000000e+00,-0.000000000000000000e+00,0.000000000000000000e+00,-0.000000000000000000e+00,0.000000000000000000e+00,1.236335730965429647e-01,0.000000000000000000e+00,-3.154180715128197116e-02,0.000000000000000000e+00,-0.000000000000000000e+00,0.000000000000000000e+00,-1.090766768673908649e-01,-0.000000000000000000e+00,8.071191068143543368e-02,-2.519206957654854598e-02,0.000000000000000000e+00,0.000000000000000000e+00,0.000000000000000000e+00,0.000000000000000000e+00,0.000000000000000000e+00,3.585838599423215450e-02,0.000000000000000000e+00,0.000000000000000000e+00,0.000000000000000000e+00,0.000000000000000000e+00,0.000000000000000000e+00,0.000000000000000000e+00,2.504621671176940692e-02,1.628768498953490906e-01,1.217804233756017318e+00,0.000000000000000000e+00,0.000000000000000000e+00,2.030820017455784998e-01,-0.000000000000000000e+00,0.000000000000000000e+00,2.541265371153468913e-02,0.000000000000000000e+00,-7.494573777001477255e-02,-2.400590348309061123e-02
-0.000000000000000000e+00,-0.000000000000000000e+00,-0.000000000000000000e+00,-0.000000000000000000e+00,0.000000000000000000e+00,-2.520745642685662813e-01,-5.107562392825108072e-02,0.000000000000000000e+00,-0.000000000000000000e+00,0.000000000000000000e+00,-2.713368332406258521e-01,-0.000000000000000000e+00,0.000000000000000000e+00,-1.082397001856756219e-01,0.000000000000000000e+00,2.728582150728875444e-01,-0.000000000000000000e+00,-2.053976257639694436e-01,-7.740303185765252947e-02,-0.000000000000000000e+00,-0.000000000000000000e+00,-1.404286401955368024e-01,0.000000000000000000e+00,-0.000000000000000000e+00,0.000000000000000000e+00,-0.000000000000000000e+00,-5.996038124993762208e-01,-0.000000000000000000e+00,-0.000000000000000000e+00,0.000000000000000000e+00,2.242414806223431700e+00,-4.260831640929172437e-01,-0.000000000000000000e+00,0.000000000000000000e+00,-0.000000000000000000e+00,0.000000000000000000e+00,-0.000000000000000000e+00,1.329883503070942996e-01,0.000000000000000000e+00
-0.000000000000000000e+00,-1.666565056153987978e-01,-0.000000000000000000e+00,-0.000000000000000000e+00,-0.000000000000000000e+00,-0.000000000000000000e+00,-1.016323495769243662e-01,1.765473761998529248e-02,-0.000000000000000000e+00,-0.000000000000000000e+00,-0.000000000000000000e+00,-0.000000000000000000e+00,-0.000000000000000000e+00,-2.573213830133104230e-01,0.000000000000000000e+00,0.000000000000000000e+00,-0.000000000000000000e+00,-0.000000000000000000e+00,-0.000000000000000000e+00,-0.000000000000000000e+00,-0.000000000000000000e+00,-0.000000000000000000e+00,0.000000000000000000e+00,-0.000000000000000000e+00,-0.000000000000000000e+00,-0.000000000000000000e+00,-1.184998723614745925e-01,-0.000000000000000000e+00,-4.050028231534750223e-01,0.000000000000000000e+00,-4.260831640929172437e-01,1.688017681617536958e+00,-1.120442483192660502e-02,0.000000000000000000e+00,-0.000000000000000000e+00,-0.000000000000000000e+00,-0.000000000000000000e+00,0.000000000000000000e+00,0.000000000000000000e+00
-0.000000000000000000e+00,-0.000000000000000000e+00,-5.096098023537116717e-01,-0.000000000000000000e+00,-2.344731677436400763e-01,-0.000000000000000000e+00,0.000000000000000000e+00,4.566486422758768704e-01,-0.000000000000000000e+00,-0.000000000000000000e+00,-0.000000000000000000e+00,0.000000000000000000e+00,-0.000000000000000000e+00,-1.170851426532759643e-01,0.000000000000000000e+00,-0.000000000000000000e+00,-0.000000000000000000e+00,-0.000000000000000000e+00,-0.000000000000000000e+00,-0.000000000000000000e+00,-2.032772022119211652e-01,-8.057876364256809018e-03,-0.000000000000000000e+00,-0.000000000000000000e+00,-0.000000000000000000e+00,-0.000000000000000000e+00,-0.000000000000000000e+00,-1.612557504620308058e-01,-1.001575672682559204e-01,2.030820017455784998e-01,-0.000000000000000000e+00,-1.120442483192660502e-02,2.162546931484465862e+00,0.000000000000000000e+00,-0.000000000000000000e+00,-2.740217016567792485e-01,-8.143054473633773091e-03,0.000000000000000000e+00,0.000000000000000000e+00
-1.723933794519585949e-02,-0.000000000000000000e+00,-0.000000000000000000e+00,1.999136560491955247e-02,-0.000000000000000000e+00,0.000000000000000000e+00,0.000000000000000000e+00,0.000000000000000000e+00,-4.617490585391140212e-01,-0.000000000000000000e+00,0.000000000000000000e+00,-0.000000000000000000e+00,0.000000000000000000e+00,0.000000000000000000e+00,-0.000000000000000000e+00,-0.000000000000000000e+00,0.000000000000000000e+00,5.523971998605762407e-02,0.000000000000000000e+00,-0.000000000000000000e+00,0.000000000000000000e+00,0.000000000000000000e+00,-0.000000000000000000e+00,1.796540698887933718e-01,-0.000000000000000000e+00,-0.000000000000000000e+00,0.000000000000000000e+00,0.000000000000000000e+00,-0.000000000000000000e+00,-0.000000000000000000e+00,0.000000000000000000e+00,0.000000000000000000e+00,0.000000000000000000e+00,1.350376299362532562e+00,0.000000000000000000e+00,-0.000000000000000000e+00,0.000000000000000000e+00,-3.254046693819953595e-01,-1.323299122759205027e-01
-1.257418688265526940e-01,-0.000000000000000000e+00,-0.000000000000000000e+00,-0.000000000000000000e+00,-0.000000000000000000e+00,-0.000000000000000000e+00,-0.000000000000000000e+00,0.000000000000000000e+00,-0.000000000000000000e+00,0.000000000000000000e+00,-0.000000000000000000e+00,0.000000000000000000e+00,0.000000000000000000e+00,-0.000000000000000000e+00,0.000000000000000000e+00,0.000000000000000000e+00,-0.000000000000000000e+00,-0.000000000000000000e+00,-2.721951962053142937e-02,-0.000000000000000000e+00,-0.000000000000000000e+00,-0.000000000000000000e+00,-0.000000000000000000e+00,-1.310626402367170151e-01,-0.000000000000000000e+00,-1.231125436151541130e-01,-4.611654020898191542e-01,0.000000000000000000e+00,-2.726046127156334098e-02,0.000000000000000000e+00,-0.000000000000000000e+00,-0.000000000000000000e+00,-0.000000000000000000e+00,0.000000000000000000e+00,1.781476370726839065e+00,-0.000000000000000000e+00,-6.521954874010280623e-01,0.000000000000000000e+00,0.000000000000000000e+00
-8.548765826303311721e-02,-0.000000000000000000e+00,-0.000000000000000000e+00,0.000000000000000000e+00,-0.000000000000000000e+00,0.000000000000000000e+00,0.000000000000000000e+00,0.000000000000000000e+00,-4.000434537174115124e-01,-0.000000000000000000e+00,0.000000000000000000e+00,0.000000000000000000e+00,0.000000000000000000e+00,-0.000000000000000000e+00,0.000000000000000000e+00,-5.713544334924013368e-01,-0.000000000000000000e+00,0.000000000000000000e+00,0.000000000000000000e+00,0.000000000000000000e+00,-0.000000000000000000e+00,0.000000000000000000e+00,-4.251379041601253683e-01,-0.000000000000000000e+00,-0.000000000000000000e+00,-0.000000000000000000e+00,0.000000000000000000e+00,-9.371344770713494962e-03,-1.715069965103346306e-01,2.541265371153468913e-02,0.000000000000000000e+00,-0.000000000000000000e+00,-2.740217016567792485e-01,-0.000000000000000000e+00,-0.000000000000000000e+00,1.812286160469250174e+00,-0.000000000000000000e+00,-0.000000000000000000e+00,-0.000000000000000000e+00
-0.000000000000000000e+00,-0.000000000000000000e+00,-0.000000000000000000e+00,-0.000000000000000000e+00,-0.000000000000000000e+00,-0.000000000000000000e+00,-0.000000000000000000e+00,0.000000000000000000e+00,-0.000000000000000000e+00,0.000000000000000000e+00,-2.375666849341511455e-01,0.000000000000000000e+00,-0.000000000000000000e+00,-2.773369646717446235e-01,0.000000000000000000e+00,0.000000000000000000e+00,-0.000000000000000000e+00,-0.000000000000000000e+00,-4.197153335125095031e-02,-0.000000000000000000e+00,-0.000000000000000000e+00,-0.000000000000000000e+00,-0.000000000000000000e+00,-5.323560376447589171e-01,-0.000000000000000000e+00,-3.585814583247922543e-02,-1.883007513129910104e-01,0.000000000000000000e+00,-7.962415661997016003e-02,0.000000000000000000e+00,-0.000000000000000000e+00,-0.000000000000000000e+00,-8.143054473633773091e-03,0.000000000000000000e+00,-6.521954874010280623e-01,-0.000000000000000000e+00,2.160664337933302814e+00,0.000000000000000000e+00,0.000000000000000000e+00
-2.249664990771451378e-01,-0.000000000000000000e+00,0.000000000000000000e+00,0.000000000000000000e+00,0.000000000000000000e+00,0.000000000000000000e+00,0.000000000000000000e+00,-0.000000000000000000e+00,-0.000000000000000000e+00,-0.000000000000000000e+00,0.000000000000000000e+00,-0.000000000000000000e+00,-0.000000000000000000e+00,0.000000000000000000e+00,-3.563519042880047283e-01,-4.231055584219544502e-02,0.000000000000000000e+00,1.753906473104899178e-03,0.000000000000000000e+00,-0.000000000000000000e+00,-0.000000000000000000e+00,0.000000000000000000e+00,-0.000000000000000000e+00,0.000000000000000000e+00,0.000000000000000000e+00,-0.000000000000000000e+00,0.000000000000000000e+00,0.000000000000000000e+00,0.000000000000000000e+00,-7.494573777001477255e-02,1.329883503070942996e-01,0.000000000000000000e+00,0.000000000000000000e+00,-3.254046693819953595e-01,0.000000000000000000e+00,-0.000000000000000000e+00,0.000000000000000000e+00,1.484598554037948048e+00,-3.470930162407586117e-01
-1.949440260961847193e-01,-0.000000000000000000e+00,0.000000000000000000e+00,0.000000000000000000e+00,0.000000000000000000e+00,0.000000000000000000e+00,0.000000000000000000e+00,-0.000000000000000000e+00,-1.099063452232506566e-01,-0.000000000000000000e+00,0.000000000000000000e+00,-1.058645437908003473e-01,0.000000000000000000e+00,0.000000000000000000e+00,-3.357890680045962778e-02,-1.389768507195142389e-01,0.000000000000000000e+00,8.029618210901211944e-03,0.000000000000000000e+00,-0.000000000000000000e+00,0.000000000000000000e+00,0.000000000000000000e+00,-0.000000000000000000e+00,2.986777679479077699e-02,-0.000000000000000000e+00,0.000000000000000000e+00,0.000000000000000000e+00,0.000000000000000000e+00,0.000000000000000000e+00,-2.400590348309061123e-02,0.000000000000000000e+00,0.000000000000000000e+00,0.000000000000000000e+00,-1.323299122759205027e-01,0.000000000000000000e+00,-0.000000000000000000e+00,0.000000000000000000e+00,-3.470930162407586117e-01,1.321196713259417121e+00
