2.290188916502293281e+00,-8.631290729811803564e-01,-0.000000000000000000e+00,-0.000000000000000000e+00,-0.000000000000000000e+00,0.000000000000000000e+00,-0.000000000000000000e+00,0.000000000000000000e+00,-1.741216676526090579e-01,-2.831608268753820212e-01,-0.000000000000000000e+00,-0.000000000000000000e+00,0.000000000000000000e+00,-0.000000000000000000e+00,-0.000000000000000000e+00,-0.000000000000000000e+00,0.000000000000000000e+00,-0.000000000000000000e+00,-2.703575429340766487e-02,-0.000000000000000000e+00,-0.000000000000000000e+00,-0.000000000000000000e+00,-0.000000000000000000e+00,-0.000000000000000000e+00,-0.000000000000000000e+00,-2.628527321273230188e-01,-0.000000000000000000e+00,-0.000000000000000000e+00,-1.581734423596334316e-01,-2.533819813281404376e-01,-0.000000000000000000e+00,-0.000000000000000000e+00,-0.000000000000000000e+00,-0.000000000000000000e+00,-1.951684684737664544e-01,-1.034847278924520275e-01,-0.000000000000000000e+00,-0.000000000000000000e+00,-8.859255750705859189e-02
-8.631290729811803564e-01,2.381007923494990131e+00,-0.000000000000000000e+00,-0.000000000000000000e+00,-1.163227116174060660e-01,0.000000000000000000e+00,-0.000000000000000000e+00,0.000000000000000000e+00,-1.614356456337751432e-05,-0.000000000000000000e+00,-0.000000000000000000e+00,-2.970608000366762452e-02,0.000000000000000000e+00,-1.597688262148627136e-01,-0.000000000000000000e+00,-0.000000000000000000e+00,0.000000000000000000e+00,-0.000000000000000000e+00,-1.106076113816688994e-01,0.000000000000000000e+00,-0.000000000000000000e+00,-0.000000000000000000e+00,-0.000000000000000000e+00,-0.000000000000000000e+00,-2.172408635870403670e-01,-7.488367112044616580e-02,-0.000000000000000000e+00,-0.000000000000000000e+00,-1.835869435495660895e-01,-5.131304490427176512e-01,-0.000000000000000000e+00,-0.000000000000000000e+00,-0.000000000000000000e+00,-0.000000000000000000e+00,-0.000000000000000000e+00,-1.934287928771607767e-01,-0.000000000000000000e+00,-0.000000000000000000e+00,-0.000000000000000000e+00
-0.000000000000000000e+00,-0.000000000000000000e+00,3.041886870214262295e+00,-0.000000000000000000e+00,-5.143255802646534702e-01,0.000000000000000000e+00,-0.000000000000000000e+00,1.481114473348239313e+00,-0.000000000000000000e+00,-0.000000000000000000e+00,-0.000000000000000000e+00,-0.000000000000000000e+00,1.827952719609617083e-02,-0.000000000000000000e+00,0.000000000000000000e+00,-1.378236678350702182e-01,0.000000000000000000e+00,-0.000000000000000000e+00,-0.000000000000000000e+00,0.000000000000000000e+00,-2.516144878710354638e-01,-1.961426174128602651e-01,-0.000000000000000000e+00,-0.000000000000000000e+00,-0.000000000000000000e+00,-0.000000000000000000e+00,-0.000000000000000000e+00,-0.000000000000000000e+00,0.000000000000000000e+00,-1.685494899082925768e-01,-2.036457249403755831e-01,0.000000000000000000e+00,-0.000000000000000000e+00,-1.913135812270377323e-01,0.000000000000000000e+00,-0.000000000000000000e+00,0.000000000000000000e+00,-0.000000000000000000e+00,-0.000000000000000000e+00
-0.000000000000000000e+00,-0.000000000000000000e+00,-0.000000000000000000e+00,1.948397774601449806e+00,-0.000000000000000000e+00,0.000000000000000000e+00,-4.767112156843346660e-01,0.000000000000000000e+00,-0.000000000000000000e+00,-1.063095523950835508e-02,0.000000000000000000e+00,-9.498653493709766082e-02,0.000000000000000000e+00,-0.000000000000000000e+00,0.000000000000000000e+00,-0.000000000000000000e+00,0.000000000000000000e+00,-0.000000000000000000e+00,-5.647742312792840558e-01,-1.917274584199248066e-01,-0.000000000000000000e+00,-1.721039871906255847e-01,-1.464001155587188741e-01,-6.132078169051157629e-02,-0.000000000000000000e+00,-0.000000000000000000e+00,-0.000000000000000000e+00,-1.139749906116272610e-01,-3.351326456992533842e-01,-0.000000000000000000e+00,-0.000000000000000000e+00,0.000000000000000000e+00,-0.000000000000000000e+00,-0.000000000000000000e+00,0.000000000000000000e+00,-0.000000000000000000e+00,0.000000000000000000e+00,0.000000000000000000e+00,-0.000000000000000000e+00
-0.000000000000000000e+00,-1.163227116174060660e-01,-5.143255802646534702e-01,-0.000000000000000000e+00,2.598737235722350380e+00,0.000000000000000000e+00,-0.000000000000000000e+00,4.529256078574354083e-01,-0.000000000000000000e+00,-0.000000000000000000e+00,-0.000000000000000000e+00,-0.000000000000000000e+00,3.725858079635814557e-02,-2.601815101599042612e-01,0.000000000000000000e+00,-0.000000000000000000e+00,0.000000000000000000e+00,-0.000000000000000000e+00,-0.000000000000000000e+00,0.000000000000000000e+00,-0.000000000000000000e+00,-0.000000000000000000e+00,-0.000000000000000000e+00,-0.000000000000000000e+00,-5.330528756590365708e-02,-0.000000000000000000e+00,-0.000000000000000000e+00,-0.000000000000000000e+00,-0.000000000000000000e+00,-1.507030568696473005e-01,-6.515184496617917875e-02,-0.000000000000000000e+00,-0.000000000000000000e+00,-9.165530414634341927e-01,-0.000000000000000000e+00,-0.000000000000000000e+00,0.000000000000000000e+00,-0.000000000000000000e+00,-0.000000000000000000e+00
0.000000000000000000e+00,0.000000000000000000e+00,0.000000000000000000e+00,0.000000000000000000e+00,0.000000000000000000e+00,2.343368691994964781e+00,-0.000000000000000000e+00,-0.000000000000000000e+00,5.940373677383393725e-01,-0.000000000000000000e+00,-5.284517890852682975e-02,6.387383428762474780e-02,0.000000000000000000e+00,0.000000000000000000e+00,6.909504398299746997e-02,-0.000000000000000000e+00,-8.455487811962556499e-01,0.000000000000000000e+00,0.000000000000000000e+00,-1.062753613769909650e-01,2.293149275629181513e-02,0.000000000000000000e+00,-6.143553567335712229e-01,-0.000000000000000000e+00,-0.000000000000000000e+00,-0.000000000000000000e+00,-0.000000000000000000e+00,-0.000000000000000000e+00,-0.000000000000000000e+00,0.000000000000000000e+00,-0.000000000000000000e+00,-0.000000000000000000e+00,0.000000000000000000e+00,0.000000000000000000e+00,-0.000000000000000000e+00,0.000000000000000000e+00,-4.870236293531624017e-01,8.973680393145876122e-02,9.152409115256023020e-02
-0.000000000000000000e+00,-0.000000000000000000e+00,-0.000000000000000000e+00,-4.767112156843346660e-01,-0.000000000000000000e+00,-0.000000000000000000e+00,1.492895115125417727e+00,0.000000000000000000e+00,0.000000000000000000e+00,-0.000000000000000000e+00,-0.000000000000000000e+00,-0.000000000000000000e+00,1.711062474964544777e-02,0.000000000000000000e+00,1.173312912168008176e-01,0.000000000000000000e+00,0.000000000000000000e+00,0.000000000000000000e+00,-0.000000000000000000e+00,-0.000000000000000000e+00,-0.000000000000000000e+00,-0.000000000000000000e+00,-1.192205381965091016e-01,-0.000000000000000000e+00,-0.000000000000000000e+00,-0.000000000000000000e+00,-0.000000000000000000e+00,-0.000000000000000000e+00,-0.000000000000000000e+00,-0.000000000000000000e+00,-4.464923675359052102e-01,0.000000000000000000e+00,0.000000000000000000e+00,0.000000000000000000e+00,0.000000000000000000e+00,0.000000000000000000e+00,0.000000000000000000e+00,4.738434594061566307e-02,0.000000000000000000e+00
0.000000000000000000e+00,0.000000000000000000e+00,1.481114473348239313e+00,0.000000000000000000e+00,4.529256078574354083e-01,-0.000000000000000000e+00,0.000000000000000000e+00,2.733139290383720166e+00,0.000000000000000000e+00,0.000000000000000000e+00,-0.000000000000000000e+00,0.000000000000000000e+00,-1.178352699974898471e-01,4.797220785714897962e-02,-0.000000000000000000e+00,5.581894322704108319e-02,-0.000000000000000000e+00,0.000000000000000000e+00,0.000000000000000000e+00,-0.000000000000000000e+00,0.000000000000000000e+00,0.000000000000000000e+00,0.000000000000000000e+00,0.000000000000000000e+00,0.000000000000000000e+00,0.000000000000000000e+00,0.000000000000000000e+00,0.000000000000000000e+00,-0.000000000000000000e+00,9.389236566274811180e-02,0.000000000000000000e+00,0.000000000000000000e+00,3.693828267813450972e-02,2.715690195196802104e-01,-0.000000000000000000e+00,0.000000000000000000e+00,-5.569616143770024508e-02,0.000000000000000000e+00,0.000000000000000000e+00
-1.741216676526090579e-01,-1.614356456337751432e-05,-0.000000000000000000e+00,-0.000000000000000000e+00,-0.000000000000000000e+00,5.940373677383393725e-01,0.000000000000000000e+00,0.000000000000000000e+00,2.664061986812456873e+00,-0.000000000000000000e+00,0.000000000000000000e+00,-2.440235392934163861e-01,-0.000000000000000000e+00,-1.285648054564428877e-01,-1.646231761047323994e-01,-0.000000000000000000e+00,0.000000000000000000e+00,-1.048861269252706202e-01,-0.000000000000000000e+00,0.000000000000000000e+00,-0.000000000000000000e+00,-2.719107189008417302e-01,0.000000000000000000e+00,-0.000000000000000000e+00,-0.000000000000000000e+00,-0.000000000000000000e+00,-0.000000000000000000e+00,0.000000000000000000e+00,-0.000000000000000000e+00,-2.431448484058757742e-01,0.000000000000000000e+00,-0.000000000000000000e+00,-0.000000000000000000e+00,-3.026694718243437832e-01,0.000000000000000000e+00,-1.101929281418435325e-01,0.000000000000000000e+00,-3.212388383110359458e-01,-5.387124785298659235e-01
-2.831608268753820212e-01,-0.000000000000000000e+00,-0.000000000000000000e+00,-1.063095523950835508e-02,-0.000000000000000000e+00,-0.000000000000000000e+00,-0.000000000000000000e+00,0.000000000000000000e+00,-0.000000000000000000e+00,2.080586340813995072e+00,-1.215952641386761068e-02,-0.000000000000000000e+00,1.058971905883353409e-01,-0.000000000000000000e+00,3.731075136871574160e-02,-5.925748579734819721e-01,-0.000000000000000000e+00,-0.000000000000000000e+00,-0.000000000000000000e+00,-0.000000000000000000e+00,-0.000000000000000000e+00,-0.000000000000000000e+00,-1.585268648799308955e-01,-0.000000000000000000e+00,-0.000000000000000000e+00,-0.000000000000000000e+00,-6.366080499216753008e-02,-3.623987832149838106e-01,-1.950734951151865126e-01,-1.368473816266012610e-01,-1.002360409485322790e-01,-0.000000000000000000e+00,-0.000000000000000000e+00,-0.000000000000000000e+00,-4.789814742733138758e-02,-0.000000000000000000e+00,-0.000000000000000000e+00,-0.000000000000000000e+00,-0.000000000000000000e+00
-0.000000000000000000e+00,-0.000000000000000000e+00,-0.000000000000000000e+00,0.000000000000000000e+00,-0.000000000000000000e+00,-5.284517890852682975e-02,-0.000000000000000000e+00,-0.000000000000000000e+00,0.000000000000000000e+00,-1.215952641386761068e-02,1.189194092686270965e+00,0.000000000000000000e+00,2.995232507620765663e-02,-0.000000000000000000e+00,0.000000000000000000e+00,-0.000000000000000000e+00,-3.047319005532431180e-01,0.000000000000000000e+00,0.000000000000000000e+00,0.000000000000000000e+00,-0.000000000000000000e+00,0.000000000000000000e+00,-0.000000000000000000e+00,-0.000000000000000000e+00,-0.000000000000000000e+00,-0.000000000000000000e+00,-0.000000000000000000e+00,-0.000000000000000000e+00,-0.000000000000000000e+00,0.000000000000000000e+00,-1.427053800690501473e-01,-1.575158773418565972e-01,0.000000000000000000e+00,0.000000000000000000e+00,0.000000000000000000e+00,-0.000000000000000000e+00,-0.000000000000000000e+00,8.001108173078014252e-02,0.000000000000000000e+00
-0.000000000000000000e+00,-2.970608000366762452e-02,-0.000000000000000000e+00,-9.498653493709766082e-02,-0.000000000000000000e+00,6.387383428762474780e-02,-0.000000000000000000e+00,0.000000000000000000e+00,-2.440235392934163861e-01,-0.000000000000000000e+00,0.000000000000000000e+00,2.130701704225012261e+00,0.000000000000000000e+00,-9.091304142473177058e-03,-4.557518024517056565e-01,-0.000000000000000000e+00,3.060536788521178164e-01,-8.891264632967106618e-02,-3.072480813034156877e-01,-0.000000000000000000e+00,-1.586325717887979159e-02,-4.597317299645058419e-01,-0.000000000000000000e+00,-0.000000000000000000e+00,0.000000000000000000e+00,-0.000000000000000000e+00,-0.000000000000000000e+00,-0.000000000000000000e+00,-0.000000000000000000e+00,-0.000000000000000000e+00,-0.000000000000000000e+00,-0.000000000000000000e+00,-0.000000000000000000e+00,-0.000000000000000000e+00,0.000000000000000000e+00,-5.498256626712641482e-02,0.000000000000000000e+00,-0.000000000000000000e+00,-3.245153546688159807e-01
0.000000000000000000e+00,0.000000000000000000e+00,1.827952719609617083e-02,0.000000000000000000e+00,3.725858079635814557e-02,0.000000000000000000e+00,1.711062474964544777e-02,-1.178352699974898471e-01,-0.000000000000000000e+00,1.058971905883353409e-01,2.995232507620765663e-02,0.000000000000000000e+00,1.526025037183990518e+00,9.821478201698027877e-02,-0.000000000000000000e+00,0.000000000000000000e+00,0.000000000000000000e+00,0.000000000000000000e+00,0.000000000000000000e+00,0.000000000000000000e+00,0.000000000000000000e+00,0.000000000000000000e+00,8.657016989844534827e-02,0.000000000000000000e+00,0.000000000000000000e+00,8.280775426161708641e-02,0.000000000000000000e+00,1.153677276290416935e-02,0.000000000000000000e+00,1.240629273630326247e-02,5.744516799166614618e-01,0.000000000000000000e+00,0.000000000000000000e+00,0.000000000000000000e+00,-0.000000000000000000e+00,0.000000000000000000e+00,-0.000000000000000000e+00,-0.000000000000000000e+00,-0.000000000000000000e+00
-0.000000000000000000e+00,-1.597688262148627136e-01,-0.000000000000000000e+00,-0.000000000000000000e+00,-2.601815101599042612e-01,0.000000000000000000e+00,0.000000000000000000e+00,4.797220785714897962e-02,-1.285648054564428877e-01,-0.000000000000000000e+00,-0.000000000000000000e+00,-9.091304142473177058e-03,9.821478201698027877e-02,2.001569037653787575e+00,-0.000000000000000000e+00,-4.739273746575160817e-02,-0.000000000000000000e+00,-8.959429392156625926e-02,-0.000000000000000000e+00,1.154566795097691605e-02,-0.000000000000000000e+00,-0.000000000000000000e+00,-0.000000000000000000e+00,-4.489887965064672248e-01,-0.000000000000000000e+00,-0.000000000000000000e+00,-0.000000000000000000e+00,-0.000000000000000000e+00,-0.000000000000000000e+00,-2.746227485607748431e-01,-0.000000000000000000e+00,-2.515057241267977250e-01,-3.017010672682394201e-01,-8.291897750610964513e-02,0.000000000000000000e+00,-0.000000000000000000e+00,-0.000000000000000000e+00,-0.000000000000000000e+00,-0.000000000000000000e+00
-0.000000000000000000e+00,-0.000000000000000000e+00,0.000000000000000000e+00,0.000000000000000000e+00,0.000000000000000000e+00,6.909504398299746997e-02,1.173312912168008176e-01,-0.000000000000000000e+00,-1.646231761047323994e-01,3.731075136871574160e-02,0.000000000000000000e+00,-4.557518024517056565e-01,-0.000000000000000000e+00,-0.000000000000000000e+00,1.363388037643789019e+00,0.000000000000000000e+00,0.000000000000000000e+00,-0.000000000000000000e+00,-0.000000000000000000e+00,0.000000000000000000e+00,0.000000000000000000e+00,-0.000000000000000000e+00,3.798175493542616486e-03,0.000000000000000000e+00,0.000000000000000000e+00,-0.000000000000000000e+00,0.000000000000000000e+00,0.000000000000000000e+00,-0.000000000000000000e+00,0.000000000000000000e+00,2.784961512228906200e-01,-0.000000000000000000e+00,-0.000000000000000000e+00,-0.000000000000000000e+00,0.000000000000000000e+00,-1.315846057365064048e-01,-0.000000000000000000e+00,-0.000000000000000000e+00,-3.899365467743470121e-02
-0.000000000000000000e+00,-0.000000000000000000e+00,-1.378236678350702182e-01,-0.000000000000000000e+00,-0.000000000000000000e+00,-0.000000000000000000e+00,0.000000000000000000e+00,5.581894322704108319e-02,-0.000000000000000000e+00,-5.925748579734819721e-01,-0.000000000000000000e+00,-0.000000000000000000e+00,0.000000000000000000e+00,-4.739273746575160817e-02,0.000000000000000000e+00,2.130109352795828581e+00,-1.329859447701425314e-02,-1.806739602554646162e-01,-0.000000000000000000e+00,0.000000000000000000e+00,-0.000000000000000000e+00,-0.000000000000000000e+00,-0.000000000000000000e+00,-0.000000000000000000e+00,-4.117059443939470875e-01,-2.713905568849867000e-01,-0.000000000000000000e+00,-1.262659748427220896e-01,-0.000000000000000000e+00,-2.237091997661400100e-01,-0.000000000000000000e+00,-3.439155673515025685e-02,-3.211369507029872283e-02,-0.000000000000000000e+00,-0.000000000000000000e+00,-9.447995916517494541e-02,-0.000000000000000000e+00,-0.000000000000000000e+00,-0.000000000000000000e+00
0.000000000000000000e+00,0.000000000000000000e+00,0.000000000000000000e+00,0.000000000000000000e+00,0.000000000000000000e+00,-8.455487811962556499e-01,0.000000000000000000e+00,-0.000000000000000000e+00,0.000000000000000000e+00,-0.000000000000000000e+00,-3.047319005532431180e-01,3.060536788521178164e-01,0.000000000000000000e+00,-0.000000000000000000e+00,0.000000000000000000e+00,-1.329859447701425314e-02,1.762305595038082817e+00,0.000000000000000000e+00,2.290901838327518650e-03,-0.000000000000000000e+00,2.659589776318169868e-02,2.340669305069741080e-02,-0.000000000000000000e+00,-0.000000000000000000e+00,-0.000000000000000000e+00,-0.000000000000000000e+00,-0.000000000000000000e+00,-0.000000000000000000e+00,0.000000000000000000e+00,0.000000000000000000e+00,-0.000000000000000000e+00,-7.553935550607103477e-02,-0.000000000000000000e+00,0.000000000000000000e+00,-0.000000000000000000e+00,0.000000000000000000e+00,-0.000000000000000000e+00,0.000000000000000000e+00,4.409755969839832673e-02
-0.000000000000000000e+00,-0.000000000000000000e+00,-0.000000000000000000e+00,-0.000000000000000000e+00,-0.000000000000000000e+00,0.000000000000000000e+00,0.000000000000000000e+00,0.000000000000000000e+00,-1.048861269252706202e-01,-0.000000000000000000e+00,0.000000000000000000e+00,-8.891264632967106618e-02,0.000000000000000000e+00,-8.959429392156625926e-02,-0.000000000000000000e+00,-1.806739602554646162e-01,0.000000000000000000e+00,1.902583030260583508e+00,-2.643601300826014522e-01,0.000000000000000000e+00,-0.000000000000000000e+00,-8.231934938170386296e-02,-0.000000000000000000e+00,-0.000000000000000000e+00,-0.000000000000000000e+00,-1.438386462470464533e-01,-0.000000000000000000e+00,-0.000000000000000000e+00,-0.000000000000000000e+00,-0.000000000000000000e+00,0.000000000000000000e+00,-0.000000000000000000e+00,-0.000000000000000000e+00,-0.000000000000000000e+00,-0.000000000000000000e+00,-1.382041903680735206e-01,-0.000000000000000000e+00,-5.712149914523512173e-01,-2.249220024411194840e-01
-2.703575429340766487e-02,-1.106076113816688994e-01,-0.000000000000000000e+00,-5.647742312792840558e-01,-0.000000000000000000e+00,0.000000000000000000e+00,-0.000000000000000000e+00,0.000000000000000000e+00,-0.000000000000000000e+00,-0.000000000000000000e+00,0.000000000000000000e+00,-3.072480813034156877e-01,0.000000000000000000e+00,-0.000000000000000000e+00,-0.000000000000000000e+00,-0.000000000000000000e+00,2.290901838327518650e-03,-2.643601300826014522e-01,1.645534446791611094e+00,-0.000000000000000000e+00,-0.000000000000000000e+00,-0.000000000000000000e+00,-0.000000000000000000e+00,-0.000000000000000000e+00,-5.363290942133654843e-02,-0.000000000000000000e+00,0.000000000000000000e+00,-0.000000000000000000e+00,-1.068951888853750254e-01,-6.510487968315379834e-03,-0.000000000000000000e+00,-0.000000000000000000e+00,0.000000000000000000e+00,0.000000000000000000e+00,0.000000000000000000e+00,-0.000000000000000000e+00,0.000000000000000000e+00,-0.000000000000000000e+00,-0.000000000000000000e+00
-0.000000000000000000e+00,0.000000000000000000e+00,0.000000000000000000e+00,-1.917274584199248066e-01,0.000000000000000000e+00,-1.062753613769909650e-01,-0.000000000000000000e+00,-0.000000000000000000e+00,0.000000000000000000e+00,-0.000000000000000000e+00,0.000000000000000000e+00,-0.000000000000000000e+00,0.000000000000000000e+00,1.154566795097691605e-02,0.000000000000000000e+00,0.000000000000000000e+00,-0.000000000000000000e+00,0.000000000000000000e+00,-0.000000000000000000e+00,1.071362658657316391e+00,-0.000000000000000000e+00,-0.000000000000000000e+00,-0.000000000000000000e+00,-0.000000000000000000e+00,0.000000000000000000e+00,-0.000000000000000000e+00,-7.319710836404080823e-02,-3.807460575919488499e-02,-0.000000000000000000e+00,0.000000000000000000e+00,-3.775647022874879539e-03,-0.000000000000000000e+00,0.000000000000000000e+00,0.000000000000000000e+00,-0.000000000000000000e+00,0.000000000000000000e+00,-0.000000000000000000e+00,2.239289799940554285e-02,0.000000000000000000e+00
-0.000000000000000000e+00,-0.000000000000000000e+00,-2.516144878710354638e-01,-0.000000000000000000e+00,-0.000000000000000000e+00,2.293149275629181513e-02,-0.000000000000000000e+00,0.000000000000000000e+00,-0.000000000000000000e+00,-0.000000000000000000e+00,-0.000000000000000000e+00,-1.586325717887979159e-02,0.000000000000000000e+00,-0.000000000000000000e+00,0.000000000000000000e+00,-0.000000000000000000e+00,2.659589776318169868e-02,-0.000000000000000000e+00,-0.000000000000000000e+00,-0.000000000000000000e+00,1.346931362132531174e+00,-3.111745466676483218e-01,0.000000000000000000e+00,0.000000000000000000e+00,0.000000000000000000e+00,-0.000000000000000000e+00,-0.000000000000000000e+00,-0.000000000000000000e+00,-0.000000000000000000e+00,-0.000000000000000000e+00,-3.012011594588293595e-01,0.000000000000000000e+00,-0.000000000000000000e+00,-0.000000000000000000e+00,0.000000000000000000e+00,-0.000000000000000000e+00,7.073543281404816307e-02,-0.000000000000000000e+00,-0.000000000000000000e+00
-0.000000000000000000e+00,-0.000000000000000000e+00,-1.961426174128602651e-01,-1.721039871906255847e-01,-0.000000000000000000e+00,0.000000000000000000e+00,-0.000000000000000000e+00,0.000000000000000000e+00,-2.719107189008417302e-01,-0.000000000000000000e+00,0.000000000000000000e+00,-4.597317299645058419e-01,0.000000000000000000e+00,-0.000000000000000000e+00,-0.000000000000000000e+00,-0.000000000000000000e+00,2.340669305069741080e-02,-8.231934938170386296e-02,-0.000000000000000000e+00,-0.000000000000000000e+00,-3.111745466676483218e-01,2.212033930291154693e+00,-0.000000000000000000e+00,-0.000000000000000000e+00,-0.000000000000000000e+00,-0.000000000000000000e+00,-0.000000000000000000e+00,-0.000000000000000000e+00,-0.000000000000000000e+00,-1.002646363749003233e-01,-0.000000000000000000e+00,0.000000000000000000e+00,-2.213470519921434954e-01,-4.283340901936937839e-01,0.000000000000000000e+00,-0.000000000000000000e+00,0.000000000000000000e+00,-0.000000000000000000e+00,-1.240363749147290195e-01
-0.000000000000000000e+00,-0.000000000000000000e+00,-0.000000000000000000e+00,-1.464001155587188741e-01,-0.000000000000000000e+00,-6.143553567335712229e-01,-1.192205381965091016e-01,0.000000000000000000e+00,0.000000000000000000e+00,-1.585268648799308955e-01,-0.000000000000000000e+00,-0.000000000000000000e+00,8.657016989844534827e-02,-0.000000000000000000e+00,3.798175493542616486e-03,-0.000000000000000000e+00,-0.000000000000000000e+00,-0.000000000000000000e+00,-0.000000000000000000e+00,-0.000000000000000000e+00,0.000000000000000000e+00,-0.000000000000000000e+00,2.461078759034874608e+00,-3.564914110749942133e-01,-5.563348329415191973e-01,-0.000000000000000000e+00,-0.000000000000000000e+00,-6.804058043141767431e-01,-2.609983083336726573e-01,-0.000000000000000000e+00,-0.000000000000000000e+00,-0.000000000000000000e+00,-0.000000000000000000e+00,-0.000000000000000000e+00,-0.000000000000000000e+00,0.000000000000000000e+00,-0.000000000000000000e+00,0.000000000000000000e+00,0.000000000000000000e+00
-0.000000000000000000e+00,-0.000000000000000000e+00,-0.000000000000000000e+00,-6.132078169051157629e-02,-0.000000000000000000e+00,-0.000000000000000000e+00,-0.000000000000000000e+00,0.000000000000000000e+00,-0.000000000000000000e+00,-0.000000000000000000e+00,-0.000000000000000000e+00,-0.000000000000000000e+00,0.000000000000000000e+00,-4.489887965064672248e-01,0.000000000000000000e+00,-0.000000000000000000e+00,-0.000000000000000000e+00,-0.000000000000000000e+00,-0.000000000000000000e+00,-0.000000000000000000e+00,0.000000000000000000e+00,-0.000000000000000000e+00,-3.564914110749942133e-01,1.444506319701245989e+00,-0.000000000000000000e+00,-0.000000000000000000e+00,-0.000000000000000000e+00,-0.000000000000000000e+00,-1.632519246210707708e-01,-0.000000000000000000e+00,-0.000000000000000000e+00,-1.185361737987721681e-02,-0.000000000000000000e+00,-0.000000000000000000e+00,0.000000000000000000e+00,0.000000000000000000e+00,-0.000000000000000000e+00,-0.000000000000000000e+00,-0.000000000000000000e+00
-0.000000000000000000e+00,-2.172408635870403670e-01,-0.000000000000000000e+00,-0.000000000000000000e+00,-5.330528756590365708e-02,-0.000000000000000000e+00,-0.000000000000000000e+00,0.000000000000000000e+00,-0.000000000000000000e+00,-0.000000000000000000e+00,-0.000000000000000000e+00,0.000000000000000000e+00,0.000000000000000000e+00,-0.000000000000000000e+00,0.000000000000000000e+00,-4.117059443939470875e-01,-0.000000000000000000e+00,-0.000000000000000000e+00,-5.363290942133654843e-02,0.000000000000000000e+00,0.000000000000000000e+00,-0.000000000000000000e+00,-5.563348329415191973e-01,-0.000000000000000000e+00,1.778493413850888549e+00,-0.000000000000000000e+00,-0.000000000000000000e+00,-4.885368295179410431e-02,-0.000000000000000000e+00,-1.269427965580681994e-01,-0.000000000000000000e+00,-0.000000000000000000e+00,-0.000000000000000000e+00,-0.000000000000000000e+00,-1.652090908289351734e-01,-0.000000000000000000e+00,-0.000000000000000000e+00,-0.000000000000000000e+00,-0.000000000000000000e+00
-2.628527321273230188e-01,-7.488367112044616580e-02,-0.000000000000000000e+00,-0.000000000000000000e+00,-0.000000000000000000e+00,-0.000000000000000000e+00,-0.000000000000000000e+00,0.000000000000000000e+00,-0.000000000000000000e+00,-0.000000000000000000e+00,-0.000000000000000000e+00,-0.000000000000000000e+00,8.280775426161708641e-02,-0.000000000000000000e+00,-0.000000000000000000e+00,-2.713905568849867000e-01,-0.000000000000000000e+00,-1.438386462470464533e-01,-0.000000000000000000e+00,-0.000000000000000000e+00,-0.000000000000000000e+00,-0.000000000000000000e+00,-0.000000000000000000e+00,-0.000000000000000000e+00,-0.000000000000000000e+00,2.108671928269516993e+00,-3.179604546950604016e-01,-3.461484292809332564e-01,-1.349450703822984154e-01,-0.000000000000000000e+00,-0.000000000000000000e+00,-4.892327393626062504e-01,-8.369810200266271372e-02,-0.000000000000000000e+00,-0.000000000000000000e+00,-8.201135046920197957e-02,-0.000000000000000000e+00,-0.000000000000000000e+00,-0.000000000000000000e+00
-0.000000000000000000e+00,-0.000000000000000000e+00,-0.000000000000000000e+00,-0.000000000000000000e+00,-0.000000000000000000e+00,-0.000000000000000000e+00,-0.000000000000000000e+00,0.000000000000000000e+00,-0.000000000000000000e+00,-6.366080499216753008e-02,-0.000000000000000000e+00,-0.000000000000000000e+00,0.000000000000000000e+00,-0.000000000000000000e+00,0.000000000000000000e+00,-0.000000000000000000e+00,-0.000000000000000000e+00,-0.000000000000000000e+00,0.000000000000000000e+00,-7.319710836404080823e-02,-0.000000000000000000e+00,-0.000000000000000000e+00,-0.000000000000000000e+00,-0.000000000000000000e+00,-0.000000000000000000e+00,-3.179604546950604016e-01,1.650363456648082261e+00,-4.414861460813461758e-01,-0.000000000000000000e+00,-0.000000000000000000e+00,-3.757696096426491050e-01,-3.407908154969811754e-02,-0.000000000000000000e+00,-0.000000000000000000e+00,-0.000000000000000000e+00,-0.000000000000000000e+00,-1.731410984306379006e-02,-0.000000000000000000e+00,-8.260683710687435552e-03
-0.000000000000000000e+00,-0.000000000000000000e+00,-0.000000000000000000e+00,-1.139749906116272610e-01,-0.000000000000000000e+00,-0.000000000000000000e+00,-0.000000000000000000e+00,0.000000000000000000e+00,0.000000000000000000e+00,-3.623987832149838106e-01,-0.000000000000000000e+00,-0.000000000000000000e+00,1.153677276290416935e-02,-0.000000000000000000e+00,0.000000000000000000e+00,-1.262659748427220896e-01,-0.000000000000000000e+00,-0.000000000000000000e+00,-0.000000000000000000e+00,-3.807460575919488499e-02,-0.000000000000000000e+00,-0.000000000000000000e+00,-6.804058043141767431e-01,-0.000000000000000000e+00,-4.885368295179410431e-02,-3.461484292809332564e-01,-4.414861460813461758e-01,2.656357008532251651e+00,-0.000000000000000000e+00,-0.000000000000000000e+00,-6.816162722339328406e-01,-0.000000000000000000e+00,-0.000000000000000000e+00,-0.000000000000000000e+00,-0.000000000000000000e+00,-0.000000000000000000e+00,-0.000000000000000000e+00,-0.000000000000000000e+00,-0.000000000000000000e+00
-1.581734423596334316e-01,-1.835869435495660895e-01,0.000000000000000000e+00,-3.351326456992533842e-01,-0.000000000000000000e+00,-0.000000000000000000e+00,-0.000000000000000000e+00,-0.000000000000000000e+00,-0.000000000000000000e+00,-1.950734951151865126e-01,-0.000000000000000000e+00,-0.000000000000000000e+00,0.000000000000000000e+00,-0.000000000000000000e+00,-0.000000000000000000e+00,-0.000000000000000000e+00,0.000000000000000000e+00,-0.000000000000000000e+00,-1.068951888853750254e-01,-0.000000000000000000e+00,-0.000000000000000000e+00,-0.000000000000000000e+00,-2.609983083336726573e-01,-1.632519246210707708e-01,-0.000000000000000000e+00,-1.349450703822984154e-01,-0.000000000000000000e+00,-0.000000000000000000e+00,1.830266217522005467e+00,-0.000000000000000000e+00,-0.000000000000000000e+00,-1.460772745789923333e-01,-0.000000000000000000e+00,0.000000000000000000e+00,-0.000000000000000000e+00,-0.000000000000000000e+00,-1.968441061085321186e-01,0.000000000000000000e+00,-0.000000000000000000e+00
-2.533819813281404376e-01,-5.131304490427176512e-01,-1.685494899082925768e-01,-0.000000000000000000e+00,-1.507030568696473005e-01,0.000000000000000000e+00,-0.000000000000000000e+00,9.389236566274811180e-02,-2.431448484058757742e-01,-1.368473816266012610e-01,0.000000000000000000e+00,-0.000000000000000000e+00,1.240629273630326247e-02,-2.746227485607748431e-01,0.000000000000000000e+00,-2.237091997661400100e-01,0.000000000000000000e+00,-0.000000000000000000e+00,-6.510487968315379834e-03,0.000000000000000000e+00,-0.000000000000000000e+00,-1.002646363749003233e-01,-0.000000000000000000e+00,-0.000000000000000000e+00,-1.269427965580681994e-01,-0.000000000000000000e+00,-0.000000000000000000e+00,-0.000000000000000000e+00,-0.000000000000000000e+00,2.279053019359745136e+00,-0.000000000000000000e+00,-0.000000000000000000e+00,-0.000000000000000000e+00,-0.000000000000000000e+00,-0.000000000000000000e+00,-0.000000000000000000e+00,0.000000000000000000e+00,-9.921007029953582412e-02,-0.000000000000000000e+00
-0.000000000000000000e+00,-0.000000000000000000e+00,-2.036457249403755831e-01,-0.000000000000000000e+00,-6.515184496617917875e-02,-0.000000000000000000e+00,-4.464923675359052102e-01,0.000000000000000000e+00,0.000000000000000000e+00,-1.002360409485322790e-01,-1.427053800690501473e-01,-0.000000000000000000e+00,5.744516799166614618e-01,-0.000000000000000000e+00,2.784961512228906200e-01,-0.000000000000000000e+00,-0.000000000000000000e+00,0.000000000000000000e+00,-0.000000000000000000e+00,-3.775647022874879539e-03,-3.012011594588293595e-01,-0.000000000000000000e+00,-0.000000000000000000e+00,-0.000000000000000000e+00,-0.000000000000000000e+00,-0.000000000000000000e+00,-3.757696096426491050e-01,-6.816162722339328406e-01,-0.000000000000000000e+00,-0.000000000000000000e+00,2.500384334374574635e+00,-0.000000000000000000e+00,-0.000000000000000000e+00,-0.000000000000000000e+00,-0.000000000000000000e+00,0.000000000000000000e+00,0.000000000000000000e+00,0.000000000000000000e+00,0.000000000000000000e+00
-0.000000000000000000e+00,-0.000000000000000000e+00,0.000000000000000000e+00,0.000000000000000000e+00,-0.000000000000000000e+00,-0.000000000000000000e+00,0.000000000000000000e+00,0.000000000000000000e+00,-0.000000000000000000e+00,-0.000000000000000000e+00,-1.575158773418565972e-01,-0.000000000000000000e+00,0.000000000000000000e+00,-2.515057241267977250e-01,-0.000000000000000000e+00,-3.439155673515025685e-02,-7.553935550607103477e-02,-0.000000000000000000e+00,-0.000000000000000000e+00,-0.000000000000000000e+00,0.000000000000000000e+00,0.000000000000000000e+00,-0.000000000000000000e+00,-1.185361737987721681e-02,-0.000000000000000000e+00,-4.892327393626062504e-01,-3.407908154969811754e-02,-0.000000000000000000e+00,-1.460772745789923333e-01,-0.000000000000000000e+00,-0.000000000000000000e+00,1.722843905102874107e+00,-6.763077930481880932e-03,0.000000000000000000e+00,-0.000000000000000000e+00,-9.857681527645374697e-02,-4.804755024808866626e-01,0.000000000000000000e+00,-0.000000000000000000e+00
-0.000000000000000000e+00,-0.000000000000000000e+00,-0.000000000000000000e+00,-0.000000000000000000e+00,-0.000000000000000000e+00,0.000000000000000000e+00,0.000000000000000000e+00,3.693828267813450972e-02,-0.000000000000000000e+00,-0.000000000000000000e+00,0.000000000000000000e+00,-0.000000000000000000e+00,0.000000000000000000e+00,-3.017010672682394201e-01,-0.000000000000000000e+00,-3.211369507029872283e-02,-0.000000000000000000e+00,-0.000000000000000000e+00,0.000000000000000000e+00,0.000000000000000000e+00,-0.000000000000000000e+00,-2.213470519921434954e-01,-0.000000000000000000e+00,-0.000000000000000000e+00,-0.000000000000000000e+00,-8.369810200266271372e-02,-0.000000000000000000e+00,-0.000000000000000000e+00,-0.000000000000000000e+00,-0.000000000000000000e+00,-0.000000000000000000e+00,-6.763077930481880932e-03,1.439451063451430590e+00,-2.698138905519531505e-01,-0.000000000000000000e+00,-0.000000000000000000e+00,-0.000000000000000000e+00,-9.866480963116530667e-02,-0.000000000000000000e+00
-0.000000000000000000e+00,-0.000000000000000000e+00,-1.913135812270377323e-01,-0.000000000000000000e+00,-9.165530414634341927e-01,0.000000000000000000e+00,0.000000000000000000e+00,2.715690195196802104e-01,-3.026694718243437832e-01,-0.000000000000000000e+00,0.000000000000000000e+00,-0.000000000000000000e+00,0.000000000000000000e+00,-8.291897750610964513e-02,-0.000000000000000000e+00,-0.000000000000000000e+00,0.000000000000000000e+00,-0.000000000000000000e+00,0.000000000000000000e+00,0.000000000000000000e+00,-0.000000000000000000e+00,-4.283340901936937839e-01,-0.000000000000000000e+00,-0.000000000000000000e+00,-0.000000000000000000e+00,-0.000000000000000000e+00,-0.000000000000000000e+00,-0.000000000000000000e+00,0.000000000000000000e+00,-0.000000000000000000e+00,-0.000000000000000000e+00,0.000000000000000000e+00,-2.698138905519531505e-01,2.790828562307750449e+00,-0.000000000000000000e+00,-0.000000000000000000e+00,0.000000000000000000e+00,-2.880297907018526948e-01,-2.185280137714555038e-01
-1.951684684737664544e-01,-0.000000000000000000e+00,0.000000000000000000e+00,0.000000000000000000e+00,-0.000000000000000000e+00,-0.000000000000000000e+00,0.000000000000000000e+00,-0.000000000000000000e+00,0.000000000000000000e+00,-4.789814742733138758e-02,0.000000000000000000e+00,0.000000000000000000e+00,-0.000000000000000000e+00,0.000000000000000000e+00,0.000000000000000000e+00,-0.000000000000000000e+00,-0.000000000000000000e+00,-0.000000000000000000e+00,0.000000000000000000e+00,-0.000000000000000000e+00,0.000000000000000000e+00,0.000000000000000000e+00,-0.000000000000000000e+00,0.000000000000000000e+00,-1.652090908289351734e-01,-0.000000000000000000e+00,-0.000000000000000000e+00,-0.000000000000000000e+00,-0.000000000000000000e+00,-0.000000000000000000e+00,-0.000000000000000000e+00,-0.000000000000000000e+00,-0.000000000000000000e+00,-0.000000000000000000e+00,1.253981359159548337e+00,-0.000000000000000000e+00,-3.763965340623224298e-01,-0.000000000000000000e+00,-0.000000000000000000e+00
-1.034847278924520275e-01,-1.934287928771607767e-01,-0.000000000000000000e+00,-0.000000000000000000e+00,-0.000000000000000000e+00,0.000000000000000000e+00,0.000000000000000000e+00,0.000000000000000000e+00,-1.101929281418435325e-01,-0.000000000000000000e+00,-0.000000000000000000e+00,-5.498256626712641482e-02,0.000000000000000000e+00,-0.000000000000000000e+00,-1.315846057365064048e-01,-9.447995916517494541e-02,0.000000000000000000e+00,-1.382041903680735206e-01,-0.000000000000000000e+00,0.000000000000000000e+00,-0.000000000000000000e+00,-0.000000000000000000e+00,0.000000000000000000e+00,0.000000000000000000e+00,-0.000000000000000000e+00,-8.201135046920197957e-02,-0.000000000000000000e+00,-0.000000000000000000e+00,-0.000000000000000000e+00,-0.000000000000000000e+00,0.000000000000000000e+00,-9.857681527645374697e-02,-0.000000000000000000e+00,-0.000000000000000000e+00,-0.000000000000000000e+00,1.320588989606438002e+00,-0.000000000000000000e+00,-0.000000000000000000e+00,-0.000000000000000000e+00
-0.000000000000000000e+00,-0.000000000000000000e+00,0.000000000000000000e+00,0.000000000000000000e+00,0.000000000000000000e+00,-4.870236293531624017e-01,0.000000000000000000e+00,-5.569616143770024508e-02,0.000000000000000000e+00,-0.000000000000000000e+00,-0.000000000000000000e+00,0.000000000000000000e+00,-0.000000000000000000e+00,-0.000000000000000000e+00,-0.000000000000000000e+00,-0.000000000000000000e+00,-0.000000000000000000e+00,-0.000000000000000000e+00,0.000000000000000000e+00,-0.000000000000000000e+00,7.073543281404816307e-02,0.000000000000000000e+00,-0.000000000000000000e+00,-0.000000000000000000e+00,-0.000000000000000000e+00,-0.000000000000000000e+00,-1.731410984306379006e-02,-0.000000000000000000e+00,-1.968441061085321186e-01,0.000000000000000000e+00,0.000000000000000000e+00,-4.804755024808866626e-01,-0.000000000000000000e+00,0.000000000000000000e+00,-3.763965340623224298e-01,-0.000000000000000000e+00,1.623314942715864628e+00,0.000000000000000000e+00,0.000000000000000000e+00
-0.000000000000000000e+00,-0.000000000000000000e+00,-0.000000000000000000e+00,0.000000000000000000e+00,-0.000000000000000000e+00,8.973680393145876122e-02,4.738434594061566307e-02,0.000000000000000000e+00,-3.212388383110359458e-01,-0.000000000000000000e+00,8.001108173078014252e-02,-0.000000000000000000e+00,-0.000000000000000000e+00,-0.000000000000000000e+00,-0.000000000000000000e+00,-0.000000000000000000e+00,0.000000000000000000e+00,-5.712149914523512173e-01,-0.000000000000000000e+00,2.239289799940554285e-02,-0.000000000000000000e+00,-0.000000000000000000e+00,0.000000000000000000e+00,-0.000000000000000000e+00,-0.000000000000000000e+00,-0.000000000000000000e+00,-0.000000000000000000e+00,-0.000000000000000000e+00,0.000000000000000000e+00,-9.921007029953582412e-02,0.000000000000000000e+00,0.000000000000000000e+00,-9.866480963116530667e-02,-2.880297907018526948e-01,-0.000000000000000000e+00,-0.000000000000000000e+00,0.000000000000000000e+00,2.140569528758867968e+00,-5.669769709592255014e-01
-8.859255750705859189e-02,-0.000000000000000000e+00,-0.000000000000000000e+00,-0.000000000000000000e+00,-0.000000000000000000e+00,9.152409115256023020e-02,0.000000000000000000e+00,0.000000000000000000e+00,-5.387124785298659235e-01,-0.000000000000000000e+00,0.000000000000000000e+00,-3.245153546688159807e-01,-0.000000000000000000e+00,-0.000000000000000000e+00,-3.899365467743470121e-02,-0.000000000000000000e+00,4.409755969839832673e-02,-2.249220024411194840e-01,-0.000000000000000000e+00,0.000000000000000000e+00,-0.000000000000000000e+00,-1.240363749147290195e-01,0.000000000000000000e+00,-0.000000000000000000e+00,-0.000000000000000000e+00,-0.000000000000000000e+00,-8.260683710687435552e-03,-0.000000000000000000e+00,-0.000000000000000000e+00,-0.000000000000000000e+00,0.000000000000000000e+00,-0.000000000000000000e+00,-0.000000000000000000e+00,-2.185280137714555038e-01,-0.000000000000000000e+00,-0.000000000000000000e+00,0.000000000000000000e+00,-5.669769709592255014e-01,2.275774459948625594e+00
