1.949435370747078844e+00,-1.872326250311002749e-01,-0.000000000000000000e+00,-0.000000000000000000e+00,-0.000000000000000000e+00,-0.000000000000000000e+00,0.000000000000000000e+00,0.000000000000000000e+00,-1.079779323634240534e-01,-1.350183000620592544e-01,0.000000000000000000e+00,-0.000000000000000000e+00,-0.000000000000000000e+00,-1.715149292908069167e-01,-0.000000000000000000e+00,-8.090174836000704750e-02,-4.329916816256286216e-01,0.000000000000000000e+00,0.000000000000000000e+00,-0.000000000000000000e+00,0.000000000000000000e+00,-0.000000000000000000e+00,-1.228213681702322591e-01,-0.000000000000000000e+00,-1.658116016595119133e-02,-3.805822444137694355e-02,-0.000000000000000000e+00,0.000000000000000000e+00,-2.265072002537321660e-01,-3.458982194051050119e-01,0.000000000000000000e+00,-0.000000000000000000e+00,0.000000000000000000e+00,-2.727701852263391194e-02,-0.000000000000000000e+00,-2.540929621511985315e-01,-0.000000000000000000e+00,-2.301799482511708572e-01,0.000000000000000000e+00
-1.872326250311002749e-01,1.435904183641857790e+00,-0.000000000000000000e+00,0.000000000000000000e+00,-0.000000000000000000e+00,-0.000000000000000000e+00,0.000000000000000000e+00,0.000000000000000000e+00,-0.000000000000000000e+00,-0.000000000000000000e+00,-1.749147307093658343e-01,-0.000000000000000000e+00,-0.000000000000000000e+00,-9.178170759263675621e-03,-0.000000000000000000e+00,-2.610184761556426092e-01,-0.000000000000000000e+00,0.000000000000000000e+00,0.000000000000000000e+00,-0.000000000000000000e+00,0.000000000000000000e+00,-0.000000000000000000e+00,-8.080648507193855662e-03,-0.000000000000000000e+00,-0.000000000000000000e+00,-0.000000000000000000e+00,-1.242491702919325397e-01,0.000000000000000000e+00,-0.000000000000000000e+00,-8.876082659315982781e-02,-0.000000000000000000e+00,-1.418146269326713282e-01,-0.000000000000000000e+00,-0.000000000000000000e+00,-0.000000000000000000e+00,-1.832783350085776530e-01,-1.415474864982248504e-01,0.000000000000000000e+00,0.000000000000000000e+00
-0.000000000000000000e+00,-0.000000000000000000e+00,2.485907419319162148e+00,-0.000000000000000000e+00,-2.011179682599159579e-01,-0.000000000000000000e+00,-0.000000000000000000e+00,1.428176321124800863e+00,-0.000000000000000000e+00,-0.000000000000000000e+00,0.000000000000000000e+00,-0.000000000000000000e+00,0.000000000000000000e+00,-9.368855130546339949e-02,0.000000000000000000e+00,-5.456839987881711290e-02,0.000000000000000000e+00,-6.489034369686307036e-02,-0.000000000000000000e+00,9.081937365876847912e-02,-4.167204924263787635e-01,-0.000000000000000000e+00,-0.000000000000000000e+00,-0.000000000000000000e+00,-0.000000000000000000e+00,-0.000000000000000000e+00,-9.666110423323782952e-02,-0.000000000000000000e+00,-0.000000000000000000e+00,-0.000000000000000000e+00,-3.575282288964910793e-02,-0.000000000000000000e+00,-0.000000000000000000e+00,-6.917898816760455205e-02,-7.766171381080323158e-05,-0.000000000000000000e+00,-0.000000000000000000e+00,-0.000000000000000000e+00,-0.000000000000000000e+00
-0.000000000000000000e+00,0.000000000000000000e+00,-0.000000000000000000e+00,1.075713013198586143e+00,-4.557173621337114872e-02,-0.000000000000000000e+00,-1.270202539159888955e-01,0.000000000000000000e+00,0.000000000000000000e+00,-0.000000000000000000e+00,1.886201298119649095e-01,2.885836641814577743e-03,-0.000000000000000000e+00,-0.000000000000000000e+00,0.000000000000000000e+00,-0.000000000000000000e+00,0.000000000000000000e+00,-9.188051108021970392e-02,-0.000000000000000000e+00,0.000000000000000000e+00,-0.000000000000000000e+00,-1.383889316840061778e-02,-0.000000000000000000e+00,0.000000000000000000e+00,-0.000000000000000000e+00,0.000000000000000000e+00,0.000000000000000000e+00,1.091573546205596434e-01,-0.000000000000000000e+00,-0.000000000000000000e+00,-0.000000000000000000e+00,-0.000000000000000000e+00,0.000000000000000000e+00,-0.000000000000000000e+00,-0.000000000000000000e+00,-0.000000000000000000e+00,-0.000000000000000000e+00,-5.577447257910266715e-02,-0.000000000000000000e+00
-0.000000000000000000e+00,-0.000000000000000000e+00,-2.011179682599159579e-01,-4.557173621337114872e-02,1.974111834132624921e+00,0.000000000000000000e+00,0.000000000000000000e+00,2.316210009649962986e-01,-2.060941682336622227e-01,-6.643160968111064268e-02,9.496007821247012815e-02,-0.000000000000000000e+00,-0.000000000000000000e+00,-1.946800723704396052e-01,0.000000000000000000e+00,-0.000000000000000000e+00,0.000000000000000000e+00,-1.228008670411717823e-01,0.000000000000000000e+00,0.000000000000000000e+00,-1.817174968593086581e-01,-0.000000000000000000e+00,-6.586658088654595566e-02,-0.000000000000000000e+00,-1.566935533255772450e-01,-0.000000000000000000e+00,-0.000000000000000000e+00,-0.000000000000000000e+00,0.000000000000000000e+00,-7.162847346837386249e-04,-0.000000000000000000e+00,0.000000000000000000e+00,0.000000000000000000e+00,-6.845173994951777585e-01,-0.000000000000000000e+00,-0.000000000000000000e+00,0.000000000000000000e+00,-0.000000000000000000e+00,-0.000000000000000000e+00
-0.000000000000000000e+00,-0.000000000000000000e+00,-0.000000000000000000e+00,-0.000000000000000000e+00,0.000000000000000000e+00,2.162332645540065101e+00,-0.000000000000000000e+00,0.000000000000000000e+00,2.754685210964936681e-01,0.000000000000000000e+00,0.000000000000000000e+00,0.000000000000000000e+00,-0.000000000000000000e+00,-0.000000000000000000e+00,-0.000000000000000000e+00,-0.000000000000000000e+00,-0.000000000000000000e+00,0.000000000000000000e+00,-0.000000000000000000e+00,0.000000000000000000e+00,-0.000000000000000000e+00,-0.000000000000000000e+00,-0.000000000000000000e+00,-0.000000000000000000e+00,-0.000000000000000000e+00,0.000000000000000000e+00,-0.000000000000000000e+00,0.000000000000000000e+00,-4.889191759346060984e-01,0.000000000000000000e+00,-0.000000000000000000e+00,-3.771699618501117568e-01,-2.365159796174244877e-01,-0.000000000000000000e+00,-4.121926235824095452e-01,-0.000000000000000000e+00,-3.566656047655786255e-01,-0.000000000000000000e+00,0.000000000000000000e+00
0.000000000000000000e+00,0.000000000000000000e+00,-0.000000000000000000e+00,-1.270202539159888955e-01,0.000000000000000000e+00,-0.000000000000000000e+00,1.170242984509318296e+00,0.000000000000000000e+00,0.000000000000000000e+00,0.000000000000000000e+00,0.000000000000000000e+00,2.297489899145634396e-01,-0.000000000000000000e+00,0.000000000000000000e+00,-0.000000000000000000e+00,-0.000000000000000000e+00,0.000000000000000000e+00,-0.000000000000000000e+00,-2.754807808512105827e-01,0.000000000000000000e+00,-0.000000000000000000e+00,-3.109962735869992861e-02,-0.000000000000000000e+00,0.000000000000000000e+00,-0.000000000000000000e+00,1.859042320712493354e-02,-0.000000000000000000e+00,0.000000000000000000e+00,-0.000000000000000000e+00,-0.000000000000000000e+00,-0.000000000000000000e+00,-6.660305743205038875e-02,-0.000000000000000000e+00,0.000000000000000000e+00,-0.000000000000000000e+00,-0.000000000000000000e+00,-0.000000000000000000e+00,-0.000000000000000000e+00,-0.000000000000000000e+00
0.000000000000000000e+00,0.000000000000000000e+00,1.428176321124800863e+00,0.000000000000000000e+00,2.316210009649962986e-01,0.000000000000000000e+00,0.000000000000000000e+00,2.404740037036355194e+00,0.000000000000000000e+00,5.546139584387499606e-03,-0.000000000000000000e+00,0.000000000000000000e+00,-0.000000000000000000e+00,1.653335249242167404e-03,-0.000000000000000000e+00,7.324983772267787407e-02,0.000000000000000000e+00,0.000000000000000000e+00,-0.000000000000000000e+00,-0.000000000000000000e+00,1.018903584941327489e-01,0.000000000000000000e+00,0.000000000000000000e+00,0.000000000000000000e+00,1.868280637218134102e-02,5.438170035061770657e-02,0.000000000000000000e+00,0.000000000000000000e+00,0.000000000000000000e+00,0.000000000000000000e+00,0.000000000000000000e+00,0.000000000000000000e+00,0.000000000000000000e+00,2.622037884559264009e-01,0.000000000000000000e+00,1.256454615884280424e-01,0.000000000000000000e+00,0.000000000000000000e+00,0.000000000000000000e+00
-1.079779323634240534e-01,-0.000000000000000000e+00,-0.000000000000000000e+00,0.000000000000000000e+00,-2.060941682336622227e-01,2.754685210964936681e-01,0.000000000000000000e+00,0.000000000000000000e+00,1.552213420765897300e+00,-0.000000000000000000e+00,-0.000000000000000000e+00,-0.000000000000000000e+00,2.600238884115703142e-01,-0.000000000000000000e+00,3.790144651523855851e-02,-0.000000000000000000e+00,-0.000000000000000000e+00,-1.763816667394711435e-01,-0.000000000000000000e+00,-0.000000000000000000e+00,-0.000000000000000000e+00,0.000000000000000000e+00,-0.000000000000000000e+00,-0.000000000000000000e+00,-0.000000000000000000e+00,-4.774272971023292844e-01,-1.609242794676667421e-01,-1.348304181894417753e-01,0.000000000000000000e+00,-4.709256240079429112e-02,0.000000000000000000e+00,0.000000000000000000e+00,3.005721585216603736e-02,-0.000000000000000000e+00,0.000000000000000000e+00,-0.000000000000000000e+00,0.000000000000000000e+00,-1.266110273233798378e-01,-2.519941256861057272e-02
-1.350183000620592544e-01,-0.000000000000000000e+00,-0.000000000000000000e+00,-0.000000000000000000e+00,-6.643160968111064268e-02,0.000000000000000000e+00,0.000000000000000000e+00,5.546139584387499606e-03,-0.000000000000000000e+00,2.587259406260636219e+00,0.000000000000000000e+00,-4.891703916731668378e-02,-0.000000000000000000e+00,-2.665304685571274201e-01,0.000000000000000000e+00,-1.060611646065289460e+00,-0.000000000000000000e+00,-0.000000000000000000e+00,-0.000000000000000000e+00,0.000000000000000000e+00,-0.000000000000000000e+00,-0.000000000000000000e+00,-0.000000000000000000e+00,-0.000000000000000000e+00,-2.329681909041247598e-02,-3.008881938791592159e-01,0.000000000000000000e+00,-0.000000000000000000e+00,-0.000000000000000000e+00,-6.721647391120412207e-01,-0.000000000000000000e+00,-0.000000000000000000e+00,0.000000000000000000e+00,-0.000000000000000000e+00,-0.000000000000000000e+00,-0.000000000000000000e+00,-0.000000000000000000e+00,0.000000000000000000e+00,1.163566937308511545e-01
0.000000000000000000e+00,-1.749147307093658343e-01,0.000000000000000000e+00,1.886201298119649095e-01,9.496007821247012815e-02,0.000000000000000000e+00,0.000000000000000000e+00,-0.000000000000000000e+00,-0.000000000000000000e+00,0.000000000000000000e+00,1.170436725165002523e+00,0.000000000000000000e+00,1.870238613528224791e-01,0.000000000000000000e+00,0.000000000000000000e+00,1.686782526459015275e-01,-0.000000000000000000e+00,0.000000000000000000e+00,-0.000000000000000000e+00,-1.919324587005373853e-02,0.000000000000000000e+00,9.193760073850140713e-02,0.000000000000000000e+00,-0.000000000000000000e+00,0.000000000000000000e+00,-0.000000000000000000e+00,-2.152054663960702441e-01,-0.000000000000000000e+00,0.000000000000000000e+00,0.000000000000000000e+00,-0.000000000000000000e+00,-0.000000000000000000e+00,-0.000000000000000000e+00,0.000000000000000000e+00,0.000000000000000000e+00,-0.000000000000000000e+00,-0.000000000000000000e+00,0.000000000000000000e+00,-9.613421749702021069e-02
-0.000000000000000000e+00,-0.000000000000000000e+00,-0.000000000000000000e+00,2.885836641814577743e-03,-0.000000000000000000e+00,0.000000000000000000e+00,2.297489899145634396e-01,0.000000000000000000e+00,-0.000000000000000000e+00,-4.891703916731668378e-02,0.000000000000000000e+00,1.170910506780426852e+00,-0.000000000000000000e+00,-0.000000000000000000e+00,-6.505416472467939748e-02,-0.000000000000000000e+00,-0.000000000000000000e+00,0.000000000000000000e+00,2.145353316951152389e-01,0.000000000000000000e+00,0.000000000000000000e+00,-0.000000000000000000e+00,-0.000000000000000000e+00,-0.000000000000000000e+00,-0.000000000000000000e+00,-0.000000000000000000e+00,0.000000000000000000e+00,-0.000000000000000000e+00,-0.000000000000000000e+00,-0.000000000000000000e+00,-0.000000000000000000e+00,-0.000000000000000000e+00,0.000000000000000000e+00,-1.967264847677300810e-01,-0.000000000000000000e+00,-0.000000000000000000e+00,-0.000000000000000000e+00,0.000000000000000000e+00,8.357708946164547903e-02
-0.000000000000000000e+00,-0.000000000000000000e+00,0.000000000000000000e+00,-0.000000000000000000e+00,-0.000000000000000000e+00,-0.000000000000000000e+00,-0.000000000000000000e+00,-0.000000000000000000e+00,2.600238884115703142e-01,-0.000000000000000000e+00,1.870238613528224791e-01,-0.000000000000000000e+00,1.145518157662036351e+00,-0.000000000000000000e+00,-4.326929170934654123e-02,-0.000000000000000000e+00,-0.000000000000000000e+00,0.000000000000000000e+00,0.000000000000000000e+00,0.000000000000000000e+00,0.000000000000000000e+00,-5.974430626996032195e-02,-0.000000000000000000e+00,0.000000000000000000e+00,-2.286175460313310051e-02,9.090377683592862357e-02,0.000000000000000000e+00,0.000000000000000000e+00,-0.000000000000000000e+00,-0.000000000000000000e+00,-0.000000000000000000e+00,-0.000000000000000000e+00,-0.000000000000000000e+00,0.000000000000000000e+00,-8.482225568701627638e-02,0.000000000000000000e+00,-0.000000000000000000e+00,0.000000000000000000e+00,5.181090087802554811e-02
-1.715149292908069167e-01,-9.178170759263675621e-03,-9.368855130546339949e-02,-0.000000000000000000e+00,-1.946800723704396052e-01,-0.000000000000000000e+00,0.000000000000000000e+00,1.653335249242167404e-03,-0.000000000000000000e+00,-2.665304685571274201e-01,0.000000000000000000e+00,-0.000000000000000000e+00,-0.000000000000000000e+00,2.220577879736437055e+00,0.000000000000000000e+00,-3.079048045445573201e-01,-0.000000000000000000e+00,-2.414957932178614375e-02,-0.000000000000000000e+00,0.000000000000000000e+00,-0.000000000000000000e+00,-0.000000000000000000e+00,-1.123042070563898265e-01,-7.319618710383940519e-01,-0.000000000000000000e+00,-2.702288533001030377e-02,-0.000000000000000000e+00,-0.000000000000000000e+00,-6.087616104270376222e-02,-3.395378781450567734e-02,-0.000000000000000000e+00,-0.000000000000000000e+00,-0.000000000000000000e+00,-3.102618631495779877e-01,-0.000000000000000000e+00,-4.663227897513614467e-03,-1.011269381862956451e-01,-0.000000000000000000e+00,0.000000000000000000e+00
-0.000000000000000000e+00,-0.000000000000000000e+00,0.000000000000000000e+00,0.000000000000000000e+00,0.000000000000000000e+00,-0.000000000000000000e+00,-0.000000000000000000e+00,-0.000000000000000000e+00,3.790144651523855851e-02,0.000000000000000000e+00,0.000000000000000000e+00,-6.505416472467939748e-02,-4.326929170934654123e-02,0.000000000000000000e+00,1.294877560471771494e+00,0.000000000000000000e+00,0.000000000000000000e+00,5.262040749146807972e-01,0.000000000000000000e+00,0.000000000000000000e+00,0.000000000000000000e+00,-0.000000000000000000e+00,-0.000000000000000000e+00,0.000000000000000000e+00,-0.000000000000000000e+00,1.615016081649620072e-01,-0.000000000000000000e+00,5.334715881659121868e-03,-0.000000000000000000e+00,0.000000000000000000e+00,-0.000000000000000000e+00,-1.381867120548263550e-01,-0.000000000000000000e+00,-0.000000000000000000e+00,-0.000000000000000000e+00,-0.000000000000000000e+00,-0.000000000000000000e+00,0.000000000000000000e+00,0.000000000000000000e+00
-8.090174836000704750e-02,-2.610184761556426092e-01,-5.456839987881711290e-02,-0.000000000000000000e+00,-0.000000000000000000e+00,-0.000000000000000000e+00,-0.000000000000000000e+00,7.324983772267787407e-02,-0.000000000000000000e+00,-1.060611646065289460e+00,1.686782526459015275e-01,-0.000000000000000000e+00,-0.000000000000000000e+00,-3.079048045445573201e-01,0.000000000000000000e+00,2.783860021596860967e+00,0.000000000000000000e+00,-0.000000000000000000e+00,-0.000000000000000000e+00,0.000000000000000000e+00,-0.000000000000000000e+00,-0.000000000000000000e+00,-2.478378064716593165e-01,-0.000000000000000000e+00,-2.337397762416182911e-01,-3.914169079869985607e-02,-0.000000000000000000e+00,-0.000000000000000000e+00,-0.000000000000000000e+00,-5.878596471053150196e-01,-0.000000000000000000e+00,-0.000000000000000000e+00,-0.000000000000000000e+00,-0.000000000000000000e+00,-0.000000000000000000e+00,-0.000000000000000000e+00,-0.000000000000000000e+00,0.000000000000000000e+00,6.612280483186129543e-02
-4.329916816256286216e-01,-0.000000000000000000e+00,0.000000000000000000e+00,0.000000000000000000e+00,0.000000000000000000e+00,-0.000000000000000000e+00,0.000000000000000000e+00,0.000000000000000000e+00,-0.000000000000000000e+00,-0.000000000000000000e+00,-0.000000000000000000e+00,-0.000000000000000000e+00,-0.000000000000000000e+00,-0.000000000000000000e+00,0.000000000000000000e+00,0.000000000000000000e+00,1.223686577741219583e+00,4.533825000147451850e-02,1.714674491060287978e-02,-7.864167142954124612e-02,3.567637800642574613e-03,-0.000000000000000000e+00,-0.000000000000000000e+00,-7.766279095611322569e-02,-0.000000000000000000e+00,-0.000000000000000000e+00,-0.000000000000000000e+00,-0.000000000000000000e+00,-6.772863774730507325e-02,-0.000000000000000000e+00,0.000000000000000000e+00,0.000000000000000000e+00,-0.000000000000000000e+00,-0.000000000000000000e+00,-0.000000000000000000e+00,-5.055270476448493755e-02,-0.000000000000000000e+00,-5.162961091695312393e-02,0.000000000000000000e+00
0.000000000000000000e+00,0.000000000000000000e+00,-6.489034369686307036e-02,-9.188051108021970392e-02,-1.228008670411717823e-01,0.000000000000000000e+00,-0.000000000000000000e+00,0.000000000000000000e+00,-1.763816667394711435e-01,-0.000000000000000000e+00,0.000000000000000000e+00,0.000000000000000000e+00,0.000000000000000000e+00,-2.414957932178614375e-02,5.262040749146807972e-01,-0.000000000000000000e+00,4.533825000147451850e-02,1.464182802235439729e+00,-3.320857285974025408e-01,0.000000000000000000e+00,-0.000000000000000000e+00,0.000000000000000000e+00,-0.000000000000000000e+00,-0.000000000000000000e+00,0.000000000000000000e+00,-0.000000000000000000e+00,0.000000000000000000e+00,-1.695026980749058942e-01,0.000000000000000000e+00,-0.000000000000000000e+00,-0.000000000000000000e+00,0.000000000000000000e+00,0.000000000000000000e+00,0.000000000000000000e+00,0.000000000000000000e+00,0.000000000000000000e+00,0.000000000000000000e+00,-3.254324112686911991e-02,-0.000000000000000000e+00
0.000000000000000000e+00,0.000000000000000000e+00,-0.000000000000000000e+00,-0.000000000000000000e+00,0.000000000000000000e+00,-0.000000000000000000e+00,-2.754807808512105827e-01,-0.000000000000000000e+00,-0.000000000000000000e+00,-0.000000000000000000e+00,-0.000000000000000000e+00,2.145353316951152389e-01,0.000000000000000000e+00,-0.000000000000000000e+00,0.000000000000000000e+00,-0.000000000000000000e+00,1.714674491060287978e-02,-3.320857285974025408e-01,1.333006234550183411e+00,0.000000000000000000e+00,-0.000000000000000000e+00,0.000000000000000000e+00,-0.000000000000000000e+00,-0.000000000000000000e+00,-0.000000000000000000e+00,0.000000000000000000e+00,-0.000000000000000000e+00,-0.000000000000000000e+00,-0.000000000000000000e+00,-0.000000000000000000e+00,-2.167407411386025051e-01,-4.049125837346077145e-02,-0.000000000000000000e+00,1.356415118617715909e-01,-0.000000000000000000e+00,0.000000000000000000e+00,-1.191709329140254736e-01,-0.000000000000000000e+00,-0.000000000000000000e+00
-0.000000000000000000e+00,-0.000000000000000000e+00,9.081937365876847912e-02,0.000000000000000000e+00,0.000000000000000000e+00,0.000000000000000000e+00,0.000000000000000000e+00,-0.000000000000000000e+00,-0.000000000000000000e+00,0.000000000000000000e+00,-1.919324587005373853e-02,0.000000000000000000e+00,0.000000000000000000e+00,0.000000000000000000e+00,0.000000000000000000e+00,0.000000000000000000e+00,-7.864167142954124612e-02,0.000000000000000000e+00,0.000000000000000000e+00,1.091426983554942609e+00,0.000000000000000000e+00,0.000000000000000000e+00,0.000000000000000000e+00,0.000000000000000000e+00,1.067126623305000160e-01,-0.000000000000000000e+00,0.000000000000000000e+00,-0.000000000000000000e+00,0.000000000000000000e+00,0.000000000000000000e+00,1.572293113975399004e-01,7.612069927438706862e-02,0.000000000000000000e+00,0.000000000000000000e+00,0.000000000000000000e+00,0.000000000000000000e+00,0.000000000000000000e+00,-0.000000000000000000e+00,-0.000000000000000000e+00
0.000000000000000000e+00,0.000000000000000000e+00,-4.167204924263787635e-01,-0.000000000000000000e+00,-1.817174968593086581e-01,-0.000000000000000000e+00,-0.000000000000000000e+00,1.018903584941327489e-01,-0.000000000000000000e+00,-0.000000000000000000e+00,0.000000000000000000e+00,0.000000000000000000e+00,0.000000000000000000e+00,-0.000000000000000000e+00,0.000000000000000000e+00,-0.000000000000000000e+00,3.567637800642574613e-03,-0.000000000000000000e+00,-0.000000000000000000e+00,0.000000000000000000e+00,1.329897693442887219e+00,-0.000000000000000000e+00,-0.000000000000000000e+00,0.000000000000000000e+00,-0.000000000000000000e+00,-0.000000000000000000e+00,-0.000000000000000000e+00,-1.034156419585153669e-01,0.000000000000000000e+00,-0.000000000000000000e+00,-7.320350046465953775e-02,-0.000000000000000000e+00,0.000000000000000000e+00,-0.000000000000000000e+00,-0.000000000000000000e+00,-2.577108372209295506e-02,0.000000000000000000e+00,-0.000000000000000000e+00,-0.000000000000000000e+00
-0.000000000000000000e+00,-0.000000000000000000e+00,-0.000000000000000000e+00,-1.383889316840061778e-02,-0.000000000000000000e+00,-0.000000000000000000e+00,-3.109962735869992861e-02,0.000000000000000000e+00,0.000000000000000000e+00,-0.000000000000000000e+00,9.193760073850140713e-02,-0.000000000000000000e+00,-5.974430626996032195e-02,-0.000000000000000000e+00,-0.000000000000000000e+00,-0.000000000000000000e+00,-0.000000000000000000e+00,0.000000000000000000e+00,0.000000000000000000e+00,0.000000000000000000e+00,-0.000000000000000000e+00,1.298676597429431867e+00,-0.000000000000000000e+00,-0.000000000000000000e+00,-1.893858470443413600e-01,0.000000000000000000e+00,-0.000000000000000000e+00,0.000000000000000000e+00,-0.000000000000000000e+00,-0.000000000000000000e+00,-0.000000000000000000e+00,-8.954346891440766176e-02,-0.000000000000000000e+00,-1.852815893915491785e-01,-3.147228514827832280e-01,-0.000000000000000000e+00,-0.000000000000000000e+00,-0.000000000000000000e+00,0.000000000000000000e+00
-1.228213681702322591e-01,-8.080648507193855662e-03,-0.000000000000000000e+00,-0.000000000000000000e+00,-6.586658088654595566e-02,-0.000000000000000000e+00,-0.000000000000000000e+00,0.000000000000000000e+00,-0.000000000000000000e+00,-0.000000000000000000e+00,0.000000000000000000e+00,-0.000000000000000000e+00,-0.000000000000000000e+00,-1.123042070563898265e-01,-0.000000000000000000e+00,-2.478378064716593165e-01,-0.000000000000000000e+00,-0.000000000000000000e+00,-0.000000000000000000e+00,0.000000000000000000e+00,-0.000000000000000000e+00,-0.000000000000000000e+00,2.644664195882464153e+00,-8.718422615495968753e-02,-1.278097218748655894e+00,-0.000000000000000000e+00,-8.251848774541886700e-02,-0.000000000000000000e+00,-0.000000000000000000e+00,-0.000000000000000000e+00,-2.005176935909093738e-01,-9.275490463525214169e-02,-0.000000000000000000e+00,-0.000000000000000000e+00,-3.530404299561222814e-01,-0.000000000000000000e+00,-6.156063456947400564e-02,-0.000000000000000000e+00,0.000000000000000000e+00
-0.000000000000000000e+00,-0.000000000000000000e+00,-0.000000000000000000e+00,0.000000000000000000e+00,-0.000000000000000000e+00,-0.000000000000000000e+00,0.000000000000000000e+00,0.000000000000000000e+00,-0.000000000000000000e+00,-0.000000000000000000e+00,-0.000000000000000000e+00,-0.000000000000000000e+00,0.000000000000000000e+00,-7.319618710383940519e-01,0.000000000000000000e+00,-0.000000000000000000e+00,-7.766279095611322569e-02,-0.000000000000000000e+00,-0.000000000000000000e+00,0.000000000000000000e+00,0.000000000000000000e+00,-0.000000000000000000e+00,-8.718422615495968753e-02,1.573783506751259109e+00,-4.653888443226212451e-02,-0.000000000000000000e+00,-7.634504405953849993e-02,-0.000000000000000000e+00,-1.112679512640575991e-01,-0.000000000000000000e+00,-0.000000000000000000e+00,-0.000000000000000000e+00,-0.000000000000000000e+00,-0.000000000000000000e+00,-0.000000000000000000e+00,0.000000000000000000e+00,-7.678957813836961854e-02,-0.000000000000000000e+00,0.000000000000000000e+00
-1.658116016595119133e-02,-0.000000000000000000e+00,-0.000000000000000000e+00,-0.000000000000000000e+00,-1.566935533255772450e-01,-0.000000000000000000e+00,-0.000000000000000000e+00,1.868280637218134102e-02,-0.000000000000000000e+00,-2.329681909041247598e-02,0.000000000000000000e+00,-0.000000000000000000e+00,-2.286175460313310051e-02,-0.000000000000000000e+00,-0.000000000000000000e+00,-2.337397762416182911e-01,-0.000000000000000000e+00,0.000000000000000000e+00,-0.000000000000000000e+00,1.067126623305000160e-01,-0.000000000000000000e+00,-1.893858470443413600e-01,-1.278097218748655894e+00,-4.653888443226212451e-02,2.496128232655084656e+00,-0.000000000000000000e+00,-1.011536201758246462e-01,0.000000000000000000e+00,-0.000000000000000000e+00,-0.000000000000000000e+00,-5.984573070898324687e-02,-0.000000000000000000e+00,-0.000000000000000000e+00,-0.000000000000000000e+00,-3.253798177771682898e-01,-0.000000000000000000e+00,-0.000000000000000000e+00,0.000000000000000000e+00,0.000000000000000000e+00
-3.805822444137694355e-02,-0.000000000000000000e+00,-0.000000000000000000e+00,0.000000000000000000e+00,-0.000000000000000000e+00,0.000000000000000000e+00,1.859042320712493354e-02,5.438170035061770657e-02,-4.774272971023292844e-01,-3.008881938791592159e-01,-0.000000000000000000e+00,-0.000000000000000000e+00,9.090377683592862357e-02,-2.702288533001030377e-02,1.615016081649620072e-01,-3.914169079869985607e-02,-0.000000000000000000e+00,-0.000000000000000000e+00,0.000000000000000000e+00,-0.000000000000000000e+00,-0.000000000000000000e+00,0.000000000000000000e+00,-0.000000000000000000e+00,-0.000000000000000000e+00,-0.000000000000000000e+00,1.519379606825869145e+00,-0.000000000000000000e+00,-1.065464522368978761e-01,-0.000000000000000000e+00,-1.603507992229285251e-01,0.000000000000000000e+00,1.910900965678900137e-02,0.000000000000000000e+00,-0.000000000000000000e+00,0.000000000000000000e+00,-0.000000000000000000e+00,0.000000000000000000e+00,0.000000000000000000e+00,0.000000000000000000e+00
-0.000000000000000000e+00,-1.242491702919325397e-01,-9.666110423323782952e-02,0.000000000000000000e+00,-0.000000000000000000e+00,-0.000000000000000000e+00,-0.000000000000000000e+00,0.000000000000000000e+00,-1.609242794676667421e-01,0.000000000000000000e+00,-2.152054663960702441e-01,0.000000000000000000e+00,0.000000000000000000e+00,-0.000000000000000000e+00,-0.000000000000000000e+00,-0.000000000000000000e+00,-0.000000000000000000e+00,0.000000000000000000e+00,-0.000000000000000000e+00,0.000000000000000000e+00,-0.000000000000000000e+00,-0.000000000000000000e+00,-8.251848774541886700e-02,-7.634504405953849993e-02,-1.011536201758246462e-01,-0.000000000000000000e+00,1.478214504154397924e+00,-0.000000000000000000e+00,-0.000000000000000000e+00,-0.000000000000000000e+00,-1.386277585675094737e-01,-0.000000000000000000e+00,-2.356525232030516337e-01,-0.000000000000000000e+00,-0.000000000000000000e+00,-0.000000000000000000e+00,-2.469095686734325557e-01,-0.000000000000000000e+00,-1.314629789597750870e-02
0.000000000000000000e+00,0.000000000000000000e+00,-0.000000000000000000e+00,1.091573546205596434e-01,-0.000000000000000000e+00,0.000000000000000000e+00,0.000000000000000000e+00,0.000000000000000000e+00,-1.348304181894417753e-01,-0.000000000000000000e+00,-0.000000000000000000e+00,-0.000000000000000000e+00,0.000000000000000000e+00,-0.000000000000000000e+00,5.334715881659121868e-03,-0.000000000000000000e+00,-0.000000000000000000e+00,-1.695026980749058942e-01,-0.000000000000000000e+00,-0.000000000000000000e+00,-1.034156419585153669e-01,0.000000000000000000e+00,-0.000000000000000000e+00,-0.000000000000000000e+00,0.000000000000000000e+00,-1.065464522368978761e-01,-0.000000000000000000e+00,1.109542201861883015e+00,0.000000000000000000e+00,0.000000000000000000e+00,-0.000000000000000000e+00,0.000000000000000000e+00,0.000000000000000000e+00,-0.000000000000000000e+00,0.000000000000000000e+00,0.000000000000000000e+00,0.000000000000000000e+00,-0.000000000000000000e+00,-0.000000000000000000e+00
-2.265072002537321660e-01,-0.000000000000000000e+00,-0.000000000000000000e+00,-0.000000000000000000e+00,0.000000000000000000e+00,-4.889191759346060984e-01,-0.000000000000000000e+00,0.000000000000000000e+00,0.000000000000000000e+00,-0.000000000000000000e+00,0.000000000000000000e+00,-0.000000000000000000e+00,-0.000000000000000000e+00,-6.087616104270376222e-02,-0.000000000000000000e+00,-0.000000000000000000e+00,-6.772863774730507325e-02,0.000000000000000000e+00,-0.000000000000000000e+00,0.000000000000000000e+00,0.000000000000000000e+00,-0.000000000000000000e+00,-0.000000000000000000e+00,-1.112679512640575991e-01,-0.000000000000000000e+00,-0.000000000000000000e+00,-0.000000000000000000e+00,0.000000000000000000e+00,2.364493490374147466e+00,-0.000000000000000000e+00,-0.000000000000000000e+00,-2.335221021492930871e-02,-2.906456583007380190e-01,-0.000000000000000000e+00,-4.518648090353684643e-01,-0.000000000000000000e+00,-6.350826014142774145e-01,-0.000000000000000000e+00,0.000000000000000000e+00
-3.458982194051050119e-01,-8.876082659315982781e-02,-0.000000000000000000e+00,-0.000000000000000000e+00,-7.162847346837386249e-04,0.000000000000000000e+00,-0.000000000000000000e+00,0.000000000000000000e+00,-4.709256240079429112e-02,-6.721647391120412207e-01,0.000000000000000000e+00,-0.000000000000000000e+00,-0.000000000000000000e+00,-3.395378781450567734e-02,0.000000000000000000e+00,-5.878596471053150196e-01,-0.000000000000000000e+00,-0.000000000000000000e+00,-0.000000000000000000e+00,0.000000000000000000e+00,-0.000000000000000000e+00,-0.000000000000000000e+00,-0.000000000000000000e+00,-0.000000000000000000e+00,-0.000000000000000000e+00,-1.603507992229285251e-01,-0.000000000000000000e+00,0.000000000000000000e+00,-0.000000000000000000e+00,2.146216333251471653e+00,0.000000000000000000e+00,-0.000000000000000000e+00,0.000000000000000000e+00,-0.000000000000000000e+00,-0.000000000000000000e+00,-9.193491950729498763e-02,-0.000000000000000000e+00,-0.000000000000000000e+00,0.000000000000000000e+00
0.000000000000000000e+00,-0.000000000000000000e+00,-3.575282288964910793e-02,-0.000000000000000000e+00,-0.000000000000000000e+00,-0.000000000000000000e+00,-0.000000000000000000e+00,0.000000000000000000e+00,0.000000000000000000e+00,-0.000000000000000000e+00,-0.000000000000000000e+00,-0.000000000000000000e+00,-0.000000000000000000e+00,-0.000000000000000000e+00,-0.000000000000000000e+00,-0.000000000000000000e+00,0.000000000000000000e+00,-0.000000000000000000e+00,-2.167407411386025051e-01,1.572293113975399004e-01,-7.320350046465953775e-02,-0.000000000000000000e+00,-2.005176935909093738e-01,-0.000000000000000000e+00,-5.984573070898324687e-02,0.000000000000000000e+00,-1.386277585675094737e-01,-0.000000000000000000e+00,-0.000000000000000000e+00,0.000000000000000000e+00,1.911494942990924262e+00,-4.497418684115707110e-01,-4.455259236510293319e-01,-0.000000000000000000e+00,-1.883204096984548992e-01,-0.000000000000000000e+00,-4.523723165221529494e-03,0.000000000000000000e+00,-0.000000000000000000e+00
-0.000000000000000000e+00,-1.418146269326713282e-01,-0.000000000000000000e+00,-0.000000000000000000e+00,0.000000000000000000e+00,-3.771699618501117568e-01,-6.660305743205038875e-02,0.000000000000000000e+00,0.000000000000000000e+00,-0.000000000000000000e+00,-0.000000000000000000e+00,-0.000000000000000000e+00,-0.000000000000000000e+00,-0.000000000000000000e+00,-1.381867120548263550e-01,-0.000000000000000000e+00,0.000000000000000000e+00,0.000000000000000000e+00,-4.049125837346077145e-02,7.612069927438706862e-02,-0.000000000000000000e+00,-8.954346891440766176e-02,-9.275490463525214169e-02,-0.000000000000000000e+00,-0.000000000000000000e+00,1.910900965678900137e-02,-0.000000000000000000e+00,0.000000000000000000e+00,-2.335221021492930871e-02,-0.000000000000000000e+00,-4.497418684115707110e-01,2.484587574675512389e+00,-2.645865118864644261e-01,-0.000000000000000000e+00,-4.965940345252444210e-01,-0.000000000000000000e+00,-5.038293529300470475e-01,-0.000000000000000000e+00,0.000000000000000000e+00
0.000000000000000000e+00,-0.000000000000000000e+00,-0.000000000000000000e+00,0.000000000000000000e+00,0.000000000000000000e+00,-2.365159796174244877e-01,-0.000000000000000000e+00,0.000000000000000000e+00,3.005721585216603736e-02,0.000000000000000000e+00,-0.000000000000000000e+00,0.000000000000000000e+00,-0.000000000000000000e+00,-0.000000000000000000e+00,-0.000000000000000000e+00,-0.000000000000000000e+00,-0.000000000000000000e+00,0.000000000000000000e+00,-0.000000000000000000e+00,0.000000000000000000e+00,0.000000000000000000e+00,-0.000000000000000000e+00,-0.000000000000000000e+00,-0.000000000000000000e+00,-0.000000000000000000e+00,0.000000000000000000e+00,-2.356525232030516337e-01,0.000000000000000000e+00,-2.906456583007380190e-01,0.000000000000000000e+00,-4.455259236510293319e-01,-2.645865118864644261e-01,2.033275776604374752e+00,-0.000000000000000000e+00,-2.166240638886034187e-01,0.000000000000000000e+00,-1.890953488701521412e-01,-0.000000000000000000e+00,-0.000000000000000000e+00
-2.727701852263391194e-02,-0.000000000000000000e+00,-6.917898816760455205e-02,-0.000000000000000000e+00,-6.845173994951777585e-01,-0.000000000000000000e+00,0.000000000000000000e+00,2.622037884559264009e-01,-0.000000000000000000e+00,-0.000000000000000000e+00,0.000000000000000000e+00,-1.967264847677300810e-01,0.000000000000000000e+00,-3.102618631495779877e-01,-0.000000000000000000e+00,-0.000000000000000000e+00,-0.000000000000000000e+00,0.000000000000000000e+00,1.356415118617715909e-01,0.000000000000000000e+00,-0.000000000000000000e+00,-1.852815893915491785e-01,-0.000000000000000000e+00,-0.000000000000000000e+00,-0.000000000000000000e+00,-0.000000000000000000e+00,-0.000000000000000000e+00,-0.000000000000000000e+00,-0.000000000000000000e+00,-0.000000000000000000e+00,-0.000000000000000000e+00,-0.000000000000000000e+00,-0.000000000000000000e+00,1.802168194394682121e+00,-0.000000000000000000e+00,-2.331006064654980725e-02,-0.000000000000000000e+00,-0.000000000000000000e+00,0.000000000000000000e+00
-0.000000000000000000e+00,-0.000000000000000000e+00,-7.766171381080323158e-05,-0.000000000000000000e+00,-0.000000000000000000e+00,-4.121926235824095452e-01,-0.000000000000000000e+00,0.000000000000000000e+00,0.000000000000000000e+00,-0.000000000000000000e+00,0.000000000000000000e+00,-0.000000000000000000e+00,-8.482225568701627638e-02,-0.000000000000000000e+00,-0.000000000000000000e+00,-0.000000000000000000e+00,-0.000000000000000000e+00,0.000000000000000000e+00,-0.000000000000000000e+00,0.000000000000000000e+00,-0.000000000000000000e+00,-3.147228514827832280e-01,-3.530404299561222814e-01,-0.000000000000000000e+00,-3.253798177771682898e-01,0.000000000000000000e+00,-0.000000000000000000e+00,0.000000000000000000e+00,-4.518648090353684643e-01,-0.000000000000000000e+00,-1.883204096984548992e-01,-4.965940345252444210e-01,-2.166240638886034187e-01,-0.000000000000000000e+00,2.974524362086503615e+00,-0.000000000000000000e+00,-4.781772482450179496e-01,-0.000000000000000000e+00,0.000000000000000000e+00
-2.540929621511985315e-01,-1.832783350085776530e-01,-0.000000000000000000e+00,-0.000000000000000000e+00,-0.000000000000000000e+00,-0.000000000000000000e+00,-0.000000000000000000e+00,1.256454615884280424e-01,-0.000000000000000000e+00,-0.000000000000000000e+00,-0.000000000000000000e+00,-0.000000000000000000e+00,0.000000000000000000e+00,-4.663227897513614467e-03,-0.000000000000000000e+00,-0.000000000000000000e+00,-5.055270476448493755e-02,0.000000000000000000e+00,0.000000000000000000e+00,0.000000000000000000e+00,-2.577108372209295506e-02,-0.000000000000000000e+00,-0.000000000000000000e+00,0.000000000000000000e+00,-0.000000000000000000e+00,-0.000000000000000000e+00,-0.000000000000000000e+00,0.000000000000000000e+00,-0.000000000000000000e+00,-9.193491950729498763e-02,-0.000000000000000000e+00,-0.000000000000000000e+00,0.000000000000000000e+00,-2.331006064654980725e-02,-0.000000000000000000e+00,1.230515287929000001e+00,-2.762124486596712059e-02,-0.000000000000000000e+00,-0.000000000000000000e+00
-0.000000000000000000e+00,-1.415474864982248504e-01,-0.000000000000000000e+00,-0.000000000000000000e+00,0.000000000000000000e+00,-3.566656047655786255e-01,-0.000000000000000000e+00,0.000000000000000000e+00,0.000000000000000000e+00,-0.000000000000000000e+00,-0.000000000000000000e+00,-0.000000000000000000e+00,-0.000000000000000000e+00,-1.011269381862956451e-01,-0.000000000000000000e+00,-0.000000000000000000e+00,-0.000000000000000000e+00,0.000000000000000000e+00,-1.191709329140254736e-01,0.000000000000000000e+00,0.000000000000000000e+00,-0.000000000000000000e+00,-6.156063456947400564e-02,-7.678957813836961854e-02,-0.000000000000000000e+00,0.000000000000000000e+00,-2.469095686734325557e-01,0.000000000000000000e+00,-6.350826014142774145e-01,-0.000000000000000000e+00,-4.523723165221529494e-03,-5.038293529300470475e-01,-1.890953488701521412e-01,-0.000000000000000000e+00,-4.781772482450179496e-01,-2.762124486596712059e-02,2.704988477783361045e+00,-0.000000000000000000e+00,0.000000000000000000e+00
-2.301799482511708572e-01,0.000000000000000000e+00,-0.000000000000000000e+00,-5.577447257910266715e-02,-0.000000000000000000e+00,-0.000000000000000000e+00,-0.000000000000000000e+00,0.000000000000000000e+00,-1.266110273233798378e-01,0.000000000000000000e+00,0.000000000000000000e+00,0.000000000000000000e+00,0.000000000000000000e+00,-0.000000000000000000e+00,0.000000000000000000e+00,0.000000000000000000e+00,-5.162961091695312393e-02,-3.254324112686911991e-02,-0.000000000000000000e+00,-0.000000000000000000e+00,-0.000000000000000000e+00,-0.000000000000000000e+00,-0.000000000000000000e+00,-0.000000000000000000e+00,0.000000000000000000e+00,0.000000000000000000e+00,-0.000000000000000000e+00,-0.000000000000000000e+00,-0.000000000000000000e+00,-0.000000000000000000e+00,0.000000000000000000e+00,-0.000000000000000000e+00,-0.000000000000000000e+00,-0.000000000000000000e+00,-0.000000000000000000e+00,-0.000000000000000000e+00,-0.000000000000000000e+00,1.241436709925393345e+00,-4.261527991813587324e-01
0.000000000000000000e+00,0.000000000000000000e+00,-0.000000000000000000e+00,-0.000000000000000000e+00,-0.000000000000000000e+00,0.000000000000000000e+00,-0.000000000000000000e+00,0.000000000000000000e+00,-2.519941256861057272e-02,1.163566937308511545e-01,-9.613421749702021069e-02,8.357708946164547903e-02,5.181090087802554811e-02,0.000000000000000000e+00,0.000000000000000000e+00,6.612280483186129543e-02,0.000000000000000000e+00,-0.000000000000000000e+00,-0.000000000000000000e+00,-0.000000000000000000e+00,-0.000000000000000000e+00,0.000000000000000000e+00,0.000000000000000000e+00,0.000000000000000000e+00,0.000000000000000000e+00,0.000000000000000000e+00,-1.314629789597750870e-02,-0.000000000000000000e+00,0.000000000000000000e+00,0.000000000000000000e+00,-0.000000000000000000e+00,0.000000000000000000e+00,-0.000000000000000000e+00,0.000000000000000000e+00,0.000000000000000000e+00,-0.000000000000000000e+00,0.000000000000000000e+00,-4.261527991813587324e-01,1.194965593735819454e+00
