1.762893471794484190e+00,-4.195609018346340147e-01,4.515914027748781090e-02,-0.000000000000000000e+00,0.000000000000000000e+00,-0.000000000000000000e+00,0.000000000000000000e+00,-0.000000000000000000e+00,-0.000000000000000000e+00,-0.000000000000000000e+00,0.000000000000000000e+00,0.000000000000000000e+00,3.270499470357588478e-01,-0.000000000000000000e+00,-0.000000000000000000e+00,-0.000000000000000000e+00,0.000000000000000000e+00,0.000000000000000000e+00,0.000000000000000000e+00,0.000000000000000000e+00,2.673492037796197929e-01,2.187788018500933518e-01,-0.000000000000000000e+00,0.000000000000000000e+00,-0.000000000000000000e+00,-2.822135451609537049e-01,0.000000000000000000e+00,1.389369124967178813e-02,-2.257692134161242981e-01,-0.000000000000000000e+00,-0.000000000000000000e+00,-0.000000000000000000e+00,0.000000000000000000e+00,0.000000000000000000e+00,0.000000000000000000e+00,-0.000000000000000000e+00,-0.000000000000000000e+00,-1.719510636937170156e-01,-7.142397796631713702e-03
-4.195609018346340147e-01,1.567123691496607574e+00,0.000000000000000000e+00,0.000000000000000000e+00,-0.000000000000000000e+00,-1.861148220785733554e-01,0.000000000000000000e+00,-0.000000000000000000e+00,-0.000000000000000000e+00,-1.765815593390228921e-01,2.088020412834365805e-02,-0.000000000000000000e+00,0.000000000000000000e+00,-0.000000000000000000e+00,-8.283033684721896606e-02,-8.793764897736931763e-02,0.000000000000000000e+00,-0.000000000000000000e+00,0.000000000000000000e+00,0.000000000000000000e+00,0.000000000000000000e+00,0.000000000000000000e+00,-0.000000000000000000e+00,-0.000000000000000000e+00,-3.941654930297758819e-01,-9.915980006751839992e-02,-0.000000000000000000e+00,0.000000000000000000e+00,-0.000000000000000000e+00,-0.000000000000000000e+00,-0.000000000000000000e+00,0.000000000000000000e+00,0.000000000000000000e+00,-0.000000000000000000e+00,0.000000000000000000e+00,-0.000000000000000000e+00,-0.000000000000000000e+00,-0.000000000000000000e+00,-1.301121219192284961e-01
4.515914027748781090e-02,0.000000000000000000e+00,3.414219365365267933e+00,0.000000000000000000e+00,-0.000000000000000000e+00,0.000000000000000000e+00,0.000000000000000000e+00,1.465146836037400091e-01,0.000000000000000000e+00,-0.000000000000000000e+00,-0.000000000000000000e+00,-3.067874634389788913e-01,-4.697441368924855087e-01,0.000000000000000000e+00,0.000000000000000000e+00,-0.000000000000000000e+00,-0.000000000000000000e+00,-5.306334512543449400e-02,-5.050943847744560067e-02,-2.200737955874727259e-01,-8.453937759126197715e-01,-5.402444378817374826e-01,-0.000000000000000000e+00,-6.811083144295079772e-02,-0.000000000000000000e+00,5.027679203099640060e-02,-0.000000000000000000e+00,-1.483076637183544377e-01,0.000000000000000000e+00,0.000000000000000000e+00,0.000000000000000000e+00,0.000000000000000000e+00,-7.548046673977950594e-01,-0.000000000000000000e+00,-0.000000000000000000e+00,-0.000000000000000000e+00,0.000000000000000000e+00,0.000000000000000000e+00,0.000000000000000000e+00
-0.000000000000000000e+00,0.000000000000000000e+00,0.000000000000000000e+00,1.362176601720183511e+00,2.642253448194589738e-02,0.000000000000000000e+00,-0.000000000000000000e+00,-0.000000000000000000e+00,0.000000000000000000e+00,0.000000000000000000e+00,-0.000000000000000000e+00,0.000000000000000000e+00,0.000000000000000000e+00,-1.889159656471475213e-01,0.000000000000000000e+00,0.000000000000000000e+00,1.114871655269098101e-02,0.000000000000000000e+00,-2.639873999846102937e-01,0.000000000000000000e+00,6.991981070761030259e-02,0.000000000000000000e+00,-0.000000000000000000e+00,0.000000000000000000e+00,0.000000000000000000e+00,-0.000000000000000000e+00,0.000000000000000000e+00,5.106472509961615946e-01,-0.000000000000000000e+00,0.000000000000000000e+00,0.000000000000000000e+00,-2.049187697906896255e-01,0.000000000000000000e+00,0.000000000000000000e+00,0.000000000000000000e+00,3.976075280696836356e-02,-0.000000000000000000e+00,-0.000000000000000000e+00,0.000000000000000000e+00
0.000000000000000000e+00,-0.000000000000000000e+00,-0.000000000000000000e+00,2.642253448194589738e-02,2.042737592165785543e+00,-0.000000000000000000e+00,0.000000000000000000e+00,0.000000000000000000e+00,-3.130252389399830748e-01,-9.238364047698333081e-02,0.000000000000000000e+00,-5.516146870373991873e-02,-0.000000000000000000e+00,-0.000000000000000000e+00,-0.000000000000000000e+00,-0.000000000000000000e+00,-0.000000000000000000e+00,-0.000000000000000000e+00,0.000000000000000000e+00,-0.000000000000000000e+00,-0.000000000000000000e+00,-0.000000000000000000e+00,-0.000000000000000000e+00,-0.000000000000000000e+00,-1.708288626702477997e-01,-1.175315031510430902e-01,-7.108319711630894933e-02,-1.670034320628338842e-01,0.000000000000000000e+00,-0.000000000000000000e+00,0.000000000000000000e+00,0.000000000000000000e+00,-0.000000000000000000e+00,-7.805783943045123685e-01,-8.222238807438717045e-02,-3.056123172303950031e-01,-0.000000000000000000e+00,-0.000000000000000000e+00,-0.000000000000000000e+00
-0.000000000000000000e+00,-1.861148220785733554e-01,0.000000000000000000e+00,0.000000000000000000e+00,-0.000000000000000000e+00,1.565833036889245911e+00,0.000000000000000000e+00,-0.000000000000000000e+00,0.000000000000000000e+00,-0.000000000000000000e+00,4.356186982911958161e-03,-0.000000000000000000e+00,0.000000000000000000e+00,0.000000000000000000e+00,-1.388392157357526968e-01,-0.000000000000000000e+00,0.000000000000000000e+00,-0.000000000000000000e+00,0.000000000000000000e+00,-0.000000000000000000e+00,0.000000000000000000e+00,0.000000000000000000e+00,0.000000000000000000e+00,-2.150671574047132231e-02,-1.454239190450753449e-01,-0.000000000000000000e+00,-3.765667720656757922e-01,0.000000000000000000e+00,0.000000000000000000e+00,0.000000000000000000e+00,0.000000000000000000e+00,2.176573602271349994e-01,0.000000000000000000e+00,-0.000000000000000000e+00,4.339220223128080201e-01,0.000000000000000000e+00,1.784065456920798098e-01,0.000000000000000000e+00,-1.203152907804466987e-01
0.000000000000000000e+00,0.000000000000000000e+00,0.000000000000000000e+00,-0.000000000000000000e+00,0.000000000000000000e+00,0.000000000000000000e+00,1.334975252375837584e+00,-2.746458926301922898e-01,4.804675263820473025e-02,1.291641948963784953e-02,-0.000000000000000000e+00,0.000000000000000000e+00,-0.000000000000000000e+00,0.000000000000000000e+00,0.000000000000000000e+00,2.532416921632113516e-01,-6.030061771611824883e-02,0.000000000000000000e+00,-0.000000000000000000e+00,-0.000000000000000000e+00,0.000000000000000000e+00,-0.000000000000000000e+00,0.000000000000000000e+00,0.000000000000000000e+00,1.760057671731563578e-01,-0.000000000000000000e+00,-0.000000000000000000e+00,0.000000000000000000e+00,6.809156457777987281e-02,0.000000000000000000e+00,0.000000000000000000e+00,0.000000000000000000e+00,0.000000000000000000e+00,9.361001391134889105e-02,0.000000000000000000e+00,0.000000000000000000e+00,0.000000000000000000e+00,6.872438416218869250e-02,0.000000000000000000e+00
-0.000000000000000000e+00,-0.000000000000000000e+00,1.465146836037400091e-01,-0.000000000000000000e+00,0.000000000000000000e+00,-0.000000000000000000e+00,-2.746458926301922898e-01,1.838540470243265057e+00,0.000000000000000000e+00,0.000000000000000000e+00,-0.000000000000000000e+00,0.000000000000000000e+00,0.000000000000000000e+00,-0.000000000000000000e+00,-0.000000000000000000e+00,2.904312617492101900e-01,-0.000000000000000000e+00,0.000000000000000000e+00,0.000000000000000000e+00,-0.000000000000000000e+00,0.000000000000000000e+00,0.000000000000000000e+00,0.000000000000000000e+00,0.000000000000000000e+00,0.000000000000000000e+00,-1.244990278979702242e-01,-0.000000000000000000e+00,6.627002756158435239e-03,0.000000000000000000e+00,0.000000000000000000e+00,0.000000000000000000e+00,0.000000000000000000e+00,7.819610081984853522e-01,0.000000000000000000e+00,2.373560112362584074e-01,0.000000000000000000e+00,0.000000000000000000e+00,0.000000000000000000e+00,-0.000000000000000000e+00
-0.000000000000000000e+00,-0.000000000000000000e+00,0.000000000000000000e+00,0.000000000000000000e+00,-3.130252389399830748e-01,0.000000000000000000e+00,4.804675263820473025e-02,0.000000000000000000e+00,2.225353510864687134e+00,-1.205829837913691416e-01,0.000000000000000000e+00,-0.000000000000000000e+00,-0.000000000000000000e+00,-0.000000000000000000e+00,-3.198649719090800314e-01,-0.000000000000000000e+00,-0.000000000000000000e+00,-0.000000000000000000e+00,-0.000000000000000000e+00,0.000000000000000000e+00,0.000000000000000000e+00,0.000000000000000000e+00,-3.180845382574575830e-01,0.000000000000000000e+00,-0.000000000000000000e+00,-3.457164726966691082e-01,-0.000000000000000000e+00,-0.000000000000000000e+00,-0.000000000000000000e+00,-5.370807718650894014e-02,-0.000000000000000000e+00,-0.000000000000000000e+00,-0.000000000000000000e+00,-2.309550687954650683e-01,-0.000000000000000000e+00,-1.449826200751287986e-01,-0.000000000000000000e+00,-5.352725032675934580e-01,-1.418418059333162173e-01
-0.000000000000000000e+00,-1.765815593390228921e-01,-0.000000000000000000e+00,0.000000000000000000e+00,-9.238364047698333081e-02,-0.000000000000000000e+00,1.291641948963784953e-02,0.000000000000000000e+00,-1.205829837913691416e-01,2.743770356955677947e+00,0.000000000000000000e+00,-0.000000000000000000e+00,-0.000000000000000000e+00,0.000000000000000000e+00,-0.000000000000000000e+00,-9.475448359395826081e-01,-0.000000000000000000e+00,-1.195296095631727951e-01,-0.000000000000000000e+00,-0.000000000000000000e+00,-0.000000000000000000e+00,-0.000000000000000000e+00,-3.006396522417512651e-01,-0.000000000000000000e+00,-5.421853210715448235e-01,-0.000000000000000000e+00,-0.000000000000000000e+00,-0.000000000000000000e+00,-0.000000000000000000e+00,-0.000000000000000000e+00,-0.000000000000000000e+00,0.000000000000000000e+00,-2.240977156589651353e-01,-4.582552090769091008e-02,-0.000000000000000000e+00,-1.773524973896643264e-01,-0.000000000000000000e+00,-1.225905623500772937e-03,-2.834537780667508167e-01
0.000000000000000000e+00,2.088020412834365805e-02,-0.000000000000000000e+00,-0.000000000000000000e+00,0.000000000000000000e+00,4.356186982911958161e-03,-0.000000000000000000e+00,-0.000000000000000000e+00,0.000000000000000000e+00,0.000000000000000000e+00,1.005965464894039485e+00,0.000000000000000000e+00,-0.000000000000000000e+00,-0.000000000000000000e+00,0.000000000000000000e+00,0.000000000000000000e+00,-4.590830224139532539e-02,0.000000000000000000e+00,-0.000000000000000000e+00,-0.000000000000000000e+00,-0.000000000000000000e+00,-0.000000000000000000e+00,0.000000000000000000e+00,0.000000000000000000e+00,2.250623874319062495e-02,0.000000000000000000e+00,0.000000000000000000e+00,0.000000000000000000e+00,-0.000000000000000000e+00,0.000000000000000000e+00,0.000000000000000000e+00,-0.000000000000000000e+00,0.000000000000000000e+00,0.000000000000000000e+00,-0.000000000000000000e+00,3.634188892411042288e-02,-0.000000000000000000e+00,0.000000000000000000e+00,0.000000000000000000e+00
0.000000000000000000e+00,-0.000000000000000000e+00,-3.067874634389788913e-01,0.000000000000000000e+00,-5.516146870373991873e-02,-0.000000000000000000e+00,0.000000000000000000e+00,0.000000000000000000e+00,-0.000000000000000000e+00,-0.000000000000000000e+00,0.000000000000000000e+00,2.921992286185934873e+00,-0.000000000000000000e+00,0.000000000000000000e+00,-0.000000000000000000e+00,-0.000000000000000000e+00,-0.000000000000000000e+00,-6.010362094389867238e-01,-0.000000000000000000e+00,-2.340106617732543026e-01,-1.684950787746286593e-01,-2.292870552177639354e-01,-0.000000000000000000e+00,-0.000000000000000000e+00,-1.252431858155391431e-01,0.000000000000000000e+00,-5.352438953485962880e-01,-0.000000000000000000e+00,0.000000000000000000e+00,0.000000000000000000e+00,9.561259717810497577e-03,0.000000000000000000e+00,-2.055613990343985731e-01,-7.390731814198864269e-01,-0.000000000000000000e+00,-0.000000000000000000e+00,0.000000000000000000e+00,-0.000000000000000000e+00,-0.000000000000000000e+00
3.270499470357588478e-01,0.000000000000000000e+00,-4.697441368924855087e-01,0.000000000000000000e+00,-0.000000000000000000e+00,0.000000000000000000e+00,-0.000000000000000000e+00,0.000000000000000000e+00,-0.000000000000000000e+00,-0.000000000000000000e+00,-0.000000000000000000e+00,-0.000000000000000000e+00,2.501175422171639795e+00,0.000000000000000000e+00,0.000000000000000000e+00,-0.000000000000000000e+00,-0.000000000000000000e+00,-0.000000000000000000e+00,-1.094799578084792724e-01,-0.000000000000000000e+00,-4.601378902655664516e-01,-5.499795833107449239e-01,-0.000000000000000000e+00,-0.000000000000000000e+00,-0.000000000000000000e+00,0.000000000000000000e+00,-0.000000000000000000e+00,-0.000000000000000000e+00,0.000000000000000000e+00,0.000000000000000000e+00,1.352345330434872317e-01,-0.000000000000000000e+00,-3.990374384200151003e-01,-0.000000000000000000e+00,-1.876233398522878515e-01,-0.000000000000000000e+00,0.000000000000000000e+00,0.000000000000000000e+00,0.000000000000000000e+00
-0.000000000000000000e+00,-0.000000000000000000e+00,0.000000000000000000e+00,-1.889159656471475213e-01,-0.000000000000000000e+00,0.000000000000000000e+00,0.000000000000000000e+00,-0.000000000000000000e+00,-0.000000000000000000e+00,0.000000000000000000e+00,-0.000000000000000000e+00,0.000000000000000000e+00,0.000000000000000000e+00,1.188199769866403299e+00,-0.000000000000000000e+00,-0.000000000000000000e+00,9.350526212031776141e-02,0.000000000000000000e+00,-0.000000000000000000e+00,6.301381509433230665e-02,0.000000000000000000e+00,0.000000000000000000e+00,-1.522553264203166667e-01,-0.000000000000000000e+00,-0.000000000000000000e+00,-3.097442415500341051e-01,0.000000000000000000e+00,0.000000000000000000e+00,-0.000000000000000000e+00,-6.654572773057364221e-02,-0.000000000000000000e+00,-0.000000000000000000e+00,0.000000000000000000e+00,0.000000000000000000e+00,0.000000000000000000e+00,-0.000000000000000000e+00,-0.000000000000000000e+00,-0.000000000000000000e+00,0.000000000000000000e+00
-0.000000000000000000e+00,-8.283033684721896606e-02,0.000000000000000000e+00,0.000000000000000000e+00,-0.000000000000000000e+00,-1.388392157357526968e-01,0.000000000000000000e+00,-0.000000000000000000e+00,-3.198649719090800314e-01,-0.000000000000000000e+00,0.000000000000000000e+00,-0.000000000000000000e+00,0.000000000000000000e+00,-0.000000000000000000e+00,1.603350298993300393e+00,-0.000000000000000000e+00,-0.000000000000000000e+00,-1.651288839359081051e-01,-0.000000000000000000e+00,0.000000000000000000e+00,0.000000000000000000e+00,0.000000000000000000e+00,-6.692760302580447185e-02,-0.000000000000000000e+00,-0.000000000000000000e+00,-1.115735532184214396e-01,-0.000000000000000000e+00,0.000000000000000000e+00,-0.000000000000000000e+00,-0.000000000000000000e+00,-0.000000000000000000e+00,0.000000000000000000e+00,0.000000000000000000e+00,-1.239387971910383135e-01,0.000000000000000000e+00,-0.000000000000000000e+00,-0.000000000000000000e+00,-0.000000000000000000e+00,-4.453095051336800614e-01
-0.000000000000000000e+00,-8.793764897736931763e-02,-0.000000000000000000e+00,0.000000000000000000e+00,-0.000000000000000000e+00,-0.000000000000000000e+00,2.532416921632113516e-01,2.904312617492101900e-01,-0.000000000000000000e+00,-9.475448359395826081e-01,0.000000000000000000e+00,-0.000000000000000000e+00,-0.000000000000000000e+00,-0.000000000000000000e+00,-0.000000000000000000e+00,2.337378311673382836e+00,0.000000000000000000e+00,-0.000000000000000000e+00,-0.000000000000000000e+00,0.000000000000000000e+00,-0.000000000000000000e+00,0.000000000000000000e+00,-3.699528686742487027e-01,-5.122437428232601980e-02,-2.376780053109503466e-01,-0.000000000000000000e+00,-0.000000000000000000e+00,-0.000000000000000000e+00,-0.000000000000000000e+00,-0.000000000000000000e+00,-4.064483373313388520e-02,-0.000000000000000000e+00,-1.402971789746964952e-02,-0.000000000000000000e+00,-0.000000000000000000e+00,-1.432422854698485737e-01,-0.000000000000000000e+00,-0.000000000000000000e+00,-0.000000000000000000e+00
0.000000000000000000e+00,0.000000000000000000e+00,-0.000000000000000000e+00,1.114871655269098101e-02,-0.000000000000000000e+00,0.000000000000000000e+00,-6.030061771611824883e-02,-0.000000000000000000e+00,-0.000000000000000000e+00,-0.000000000000000000e+00,-4.590830224139532539e-02,-0.000000000000000000e+00,-0.000000000000000000e+00,9.350526212031776141e-02,-0.000000000000000000e+00,0.000000000000000000e+00,1.021781305884978064e+00,-0.000000000000000000e+00,0.000000000000000000e+00,-0.000000000000000000e+00,-0.000000000000000000e+00,-8.122220727250933914e-02,0.000000000000000000e+00,0.000000000000000000e+00,0.000000000000000000e+00,-0.000000000000000000e+00,-0.000000000000000000e+00,-0.000000000000000000e+00,0.000000000000000000e+00,0.000000000000000000e+00,0.000000000000000000e+00,0.000000000000000000e+00,-0.000000000000000000e+00,-0.000000000000000000e+00,-0.000000000000000000e+00,-0.000000000000000000e+00,-0.000000000000000000e+00,-0.000000000000000000e+00,-0.000000000000000000e+00
0.000000000000000000e+00,-0.000000000000000000e+00,-5.306334512543449400e-02,0.000000000000000000e+00,-0.000000000000000000e+00,-0.000000000000000000e+00,0.000000000000000000e+00,0.000000000000000000e+00,-0.000000000000000000e+00,-1.195296095631727951e-01,0.000000000000000000e+00,-6.010362094389867238e-01,-0.000000000000000000e+00,0.000000000000000000e+00,-1.651288839359081051e-01,-0.000000000000000000e+00,-0.000000000000000000e+00,1.951818990498644935e+00,-2.873240339622933348e-01,-0.000000000000000000e+00,-1.872839785190992534e-01,-9.888746932930103650e-02,-0.000000000000000000e+00,-0.000000000000000000e+00,-8.846505226653013365e-02,0.000000000000000000e+00,-7.187688061989964960e-02,-0.000000000000000000e+00,0.000000000000000000e+00,0.000000000000000000e+00,0.000000000000000000e+00,0.000000000000000000e+00,-7.793021812570054274e-02,-1.901844673057548341e-01,-0.000000000000000000e+00,-0.000000000000000000e+00,0.000000000000000000e+00,-0.000000000000000000e+00,-0.000000000000000000e+00
0.000000000000000000e+00,0.000000000000000000e+00,-5.050943847744560067e-02,-2.639873999846102937e-01,0.000000000000000000e+00,0.000000000000000000e+00,-0.000000000000000000e+00,0.000000000000000000e+00,-0.000000000000000000e+00,-0.000000000000000000e+00,-0.000000000000000000e+00,-0.000000000000000000e+00,-1.094799578084792724e-01,-0.000000000000000000e+00,-0.000000000000000000e+00,-0.000000000000000000e+00,0.000000000000000000e+00,-2.873240339622933348e-01,1.230339112848497951e+00,-0.000000000000000000e+00,-0.000000000000000000e+00,-0.000000000000000000e+00,-1.277160384827923656e-01,-5.317080322537492271e-02,-0.000000000000000000e+00,0.000000000000000000e+00,-0.000000000000000000e+00,0.000000000000000000e+00,0.000000000000000000e+00,0.000000000000000000e+00,2.707728315290008035e-03,-0.000000000000000000e+00,-4.598373057076839132e-02,0.000000000000000000e+00,0.000000000000000000e+00,0.000000000000000000e+00,0.000000000000000000e+00,0.000000000000000000e+00,0.000000000000000000e+00
0.000000000000000000e+00,0.000000000000000000e+00,-2.200737955874727259e-01,0.000000000000000000e+00,-0.000000000000000000e+00,-0.000000000000000000e+00,-0.000000000000000000e+00,-0.000000000000000000e+00,0.000000000000000000e+00,-0.000000000000000000e+00,-0.000000000000000000e+00,-2.340106617732543026e-01,-0.000000000000000000e+00,6.301381509433230665e-02,0.000000000000000000e+00,0.000000000000000000e+00,-0.000000000000000000e+00,-0.000000000000000000e+00,-0.000000000000000000e+00,2.680319063805994606e+00,-4.629955764812299646e-01,-3.422236899445426639e-01,0.000000000000000000e+00,-1.764394962889240526e-01,-0.000000000000000000e+00,4.563929739517316730e-03,-5.238671044483560468e-01,-0.000000000000000000e+00,3.638509142459674384e-01,4.711895991573498976e-02,1.816951777046597605e-01,1.773049562310329563e-01,-0.000000000000000000e+00,-0.000000000000000000e+00,0.000000000000000000e+00,0.000000000000000000e+00,4.175697161398839174e-01,2.177340913367825925e-01,-0.000000000000000000e+00
2.673492037796197929e-01,0.000000000000000000e+00,-8.453937759126197715e-01,6.991981070761030259e-02,-0.000000000000000000e+00,0.000000000000000000e+00,0.000000000000000000e+00,0.000000000000000000e+00,0.000000000000000000e+00,-0.000000000000000000e+00,-0.000000000000000000e+00,-1.684950787746286593e-01,-4.601378902655664516e-01,0.000000000000000000e+00,0.000000000000000000e+00,-0.000000000000000000e+00,-0.000000000000000000e+00,-1.872839785190992534e-01,-0.000000000000000000e+00,-4.629955764812299646e-01,3.423314449253410885e+00,-6.203577738348720061e-01,-0.000000000000000000e+00,-0.000000000000000000e+00,-0.000000000000000000e+00,1.249572692391961864e-01,-0.000000000000000000e+00,-7.493234837783144253e-02,0.000000000000000000e+00,0.000000000000000000e+00,0.000000000000000000e+00,0.000000000000000000e+00,-4.982799169656149108e-01,-0.000000000000000000e+00,-0.000000000000000000e+00,-0.000000000000000000e+00,0.000000000000000000e+00,0.000000000000000000e+00,0.000000000000000000e+00
2.187788018500933518e-01,0.000000000000000000e+00,-5.402444378817374826e-01,0.000000000000000000e+00,-0.000000000000000000e+00,0.000000000000000000e+00,-0.000000000000000000e+00,0.000000000000000000e+00,0.000000000000000000e+00,-0.000000000000000000e+00,-0.000000000000000000e+00,-2.292870552177639354e-01,-5.499795833107449239e-01,0.000000000000000000e+00,0.000000000000000000e+00,0.000000000000000000e+00,-8.122220727250933914e-02,-9.888746932930103650e-02,-0.000000000000000000e+00,-3.422236899445426639e-01,-6.203577738348720061e-01,2.910353908411752233e+00,-0.000000000000000000e+00,-0.000000000000000000e+00,-0.000000000000000000e+00,0.000000000000000000e+00,-2.171061509876457962e-01,-1.135673573190324748e-01,8.922294091223148538e-02,0.000000000000000000e+00,6.213487889769656047e-02,0.000000000000000000e+00,-0.000000000000000000e+00,-0.000000000000000000e+00,-0.000000000000000000e+00,-0.000000000000000000e+00,0.000000000000000000e+00,0.000000000000000000e+00,0.000000000000000000e+00
-0.000000000000000000e+00,-0.000000000000000000e+00,-0.000000000000000000e+00,-0.000000000000000000e+00,-0.000000000000000000e+00,0.000000000000000000e+00,0.000000000000000000e+00,0.000000000000000000e+00,-3.180845382574575830e-01,-3.006396522417512651e-01,0.000000000000000000e+00,-0.000000000000000000e+00,-0.000000000000000000e+00,-1.522553264203166667e-01,-6.692760302580447185e-02,-3.699528686742487027e-01,0.000000000000000000e+00,-0.000000000000000000e+00,-1.277160384827923656e-01,0.000000000000000000e+00,-0.000000000000000000e+00,-0.000000000000000000e+00,1.854021858690647395e+00,-4.749870215710757376e-02,-3.458816700163117042e-01,-0.000000000000000000e+00,-0.000000000000000000e+00,-0.000000000000000000e+00,-0.000000000000000000e+00,-0.000000000000000000e+00,-0.000000000000000000e+00,-0.000000000000000000e+00,-2.676395517234200425e-02,-0.000000000000000000e+00,-0.000000000000000000e+00,-3.872980773305449015e-02,-8.867259117157502701e-02,-4.612295374484688681e-02,-0.000000000000000000e+00
0.000000000000000000e+00,-0.000000000000000000e+00,-6.811083144295079772e-02,0.000000000000000000e+00,-0.000000000000000000e+00,-2.150671574047132231e-02,0.000000000000000000e+00,0.000000000000000000e+00,0.000000000000000000e+00,-0.000000000000000000e+00,0.000000000000000000e+00,-0.000000000000000000e+00,-0.000000000000000000e+00,-0.000000000000000000e+00,-0.000000000000000000e+00,-5.122437428232601980e-02,0.000000000000000000e+00,-0.000000000000000000e+00,-5.317080322537492271e-02,-1.764394962889240526e-01,-0.000000000000000000e+00,-0.000000000000000000e+00,-4.749870215710757376e-02,1.247197159013256895e+00,-3.149359218020333917e-01,0.000000000000000000e+00,-3.673882165126435284e-02,-0.000000000000000000e+00,0.000000000000000000e+00,0.000000000000000000e+00,0.000000000000000000e+00,2.677078371242676627e-02,-3.706932922469709582e-03,-0.000000000000000000e+00,4.989374556722256382e-02,-0.000000000000000000e+00,0.000000000000000000e+00,0.000000000000000000e+00,-0.000000000000000000e+00
-0.000000000000000000e+00,-3.941654930297758819e-01,-0.000000000000000000e+00,0.000000000000000000e+00,-1.708288626702477997e-01,-1.454239190450753449e-01,1.760057671731563578e-01,0.000000000000000000e+00,-0.000000000000000000e+00,-5.421853210715448235e-01,2.250623874319062495e-02,-1.252431858155391431e-01,-0.000000000000000000e+00,-0.000000000000000000e+00,-0.000000000000000000e+00,-2.376780053109503466e-01,0.000000000000000000e+00,-8.846505226653013365e-02,-0.000000000000000000e+00,-0.000000000000000000e+00,-0.000000000000000000e+00,-0.000000000000000000e+00,-3.458816700163117042e-01,-3.149359218020333917e-01,2.430389002992990655e+00,-0.000000000000000000e+00,-0.000000000000000000e+00,-0.000000000000000000e+00,0.000000000000000000e+00,-0.000000000000000000e+00,0.000000000000000000e+00,0.000000000000000000e+00,-1.032546525921630709e-01,-2.071079238315611526e-01,-0.000000000000000000e+00,-0.000000000000000000e+00,0.000000000000000000e+00,-0.000000000000000000e+00,-0.000000000000000000e+00
-2.822135451609537049e-01,-9.915980006751839992e-02,5.027679203099640060e-02,-0.000000000000000000e+00,-1.175315031510430902e-01,-0.000000000000000000e+00,-0.000000000000000000e+00,-1.244990278979702242e-01,-3.457164726966691082e-01,-0.000000000000000000e+00,0.000000000000000000e+00,0.000000000000000000e+00,0.000000000000000000e+00,-3.097442415500341051e-01,-1.115735532184214396e-01,-0.000000000000000000e+00,-0.000000000000000000e+00,0.000000000000000000e+00,0.000000000000000000e+00,4.563929739517316730e-03,1.249572692391961864e-01,0.000000000000000000e+00,-0.000000000000000000e+00,0.000000000000000000e+00,-0.000000000000000000e+00,1.550073369931385114e+00,-0.000000000000000000e+00,0.000000000000000000e+00,-0.000000000000000000e+00,-0.000000000000000000e+00,-0.000000000000000000e+00,-0.000000000000000000e+00,0.000000000000000000e+00,-0.000000000000000000e+00,0.000000000000000000e+00,-8.468287549739253461e-02,-1.168490363306581015e-01,-8.351890609577924951e-02,-5.929365700420299694e-03
0.000000000000000000e+00,-0.000000000000000000e+00,-0.000000000000000000e+00,0.000000000000000000e+00,-7.108319711630894933e-02,-3.765667720656757922e-01,-0.000000000000000000e+00,-0.000000000000000000e+00,-0.000000000000000000e+00,-0.000000000000000000e+00,0.000000000000000000e+00,-5.352438953485962880e-01,-0.000000000000000000e+00,0.000000000000000000e+00,-0.000000000000000000e+00,-0.000000000000000000e+00,-0.000000000000000000e+00,-7.187688061989964960e-02,-0.000000000000000000e+00,-5.238671044483560468e-01,-0.000000000000000000e+00,-2.171061509876457962e-01,-0.000000000000000000e+00,-3.673882165126435284e-02,-0.000000000000000000e+00,-0.000000000000000000e+00,2.036698107422851844e+00,-0.000000000000000000e+00,1.252734193152920117e-01,0.000000000000000000e+00,3.194175250151786577e-02,0.000000000000000000e+00,-0.000000000000000000e+00,-4.501346992541274683e-03,0.000000000000000000e+00,-0.000000000000000000e+00,0.000000000000000000e+00,0.000000000000000000e+00,-6.169532711787218543e-02
1.389369124967178813e-02,0.000000000000000000e+00,-1.483076637183544377e-01,5.106472509961615946e-01,-1.670034320628338842e-01,0.000000000000000000e+00,0.000000000000000000e+00,6.627002756158435239e-03,-0.000000000000000000e+00,-0.000000000000000000e+00,0.000000000000000000e+00,-0.000000000000000000e+00,-0.000000000000000000e+00,0.000000000000000000e+00,0.000000000000000000e+00,-0.000000000000000000e+00,-0.000000000000000000e+00,-0.000000000000000000e+00,0.000000000000000000e+00,-0.000000000000000000e+00,-7.493234837783144253e-02,-1.135673573190324748e-01,-0.000000000000000000e+00,-0.000000000000000000e+00,-0.000000000000000000e+00,0.000000000000000000e+00,-0.000000000000000000e+00,1.407172821099155646e+00,0.000000000000000000e+00,-1.413298944183925543e-01,-1.093526867569168670e-01,0.000000000000000000e+00,-0.000000000000000000e+00,-0.000000000000000000e+00,-1.129198518372090815e-01,-0.000000000000000000e+00,-0.000000000000000000e+00,0.000000000000000000e+00,0.000000000000000000e+00
-2.257692134161242981e-01,-0.000000000000000000e+00,0.000000000000000000e+00,-0.000000000000000000e+00,0.000000000000000000e+00,0.000000000000000000e+00,6.809156457777987281e-02,0.000000000000000000e+00,-0.000000000000000000e+00,-0.000000000000000000e+00,-0.000000000000000000e+00,0.000000000000000000e+00,0.000000000000000000e+00,-0.000000000000000000e+00,-0.000000000000000000e+00,-0.000000000000000000e+00,0.000000000000000000e+00,0.000000000000000000e+00,0.000000000000000000e+00,3.638509142459674384e-01,0.000000000000000000e+00,8.922294091223148538e-02,-0.000000000000000000e+00,0.000000000000000000e+00,0.000000000000000000e+00,-0.000000000000000000e+00,1.252734193152920117e-01,0.000000000000000000e+00,1.678426797216807209e+00,-0.000000000000000000e+00,-1.060063961973896768e-01,-4.765258155969560039e-01,-0.000000000000000000e+00,0.000000000000000000e+00,0.000000000000000000e+00,-0.000000000000000000e+00,-1.666274401638470071e-01,-6.744441629135879135e-02,-0.000000000000000000e+00
-0.000000000000000000e+00,-0.000000000000000000e+00,0.000000000000000000e+00,0.000000000000000000e+00,-0.000000000000000000e+00,0.000000000000000000e+00,0.000000000000000000e+00,0.000000000000000000e+00,-5.370807718650894014e-02,-0.000000000000000000e+00,0.000000000000000000e+00,0.000000000000000000e+00,0.000000000000000000e+00,-6.654572773057364221e-02,-0.000000000000000000e+00,-0.000000000000000000e+00,0.000000000000000000e+00,0.000000000000000000e+00,0.000000000000000000e+00,4.711895991573498976e-02,0.000000000000000000e+00,0.000000000000000000e+00,-0.000000000000000000e+00,0.000000000000000000e+00,-0.000000000000000000e+00,-0.000000000000000000e+00,0.000000000000000000e+00,-1.413298944183925543e-01,-0.000000000000000000e+00,1.277085611477389637e+00,-2.914990680597307482e-01,0.000000000000000000e+00,0.000000000000000000e+00,-0.000000000000000000e+00,-1.145563629231603625e-01,-3.332471248438553801e-01,-1.091687405418545476e-01,-0.000000000000000000e+00,0.000000000000000000e+00
-0.000000000000000000e+00,-0.000000000000000000e+00,0.000000000000000000e+00,0.000000000000000000e+00,0.000000000000000000e+00,0.000000000000000000e+00,0.000000000000000000e+00,0.000000000000000000e+00,-0.000000000000000000e+00,-0.000000000000000000e+00,0.000000000000000000e+00,9.561259717810497577e-03,1.352345330434872317e-01,-0.000000000000000000e+00,-0.000000000000000000e+00,-4.064483373313388520e-02,0.000000000000000000e+00,0.000000000000000000e+00,2.707728315290008035e-03,1.816951777046597605e-01,0.000000000000000000e+00,6.213487889769656047e-02,-0.000000000000000000e+00,0.000000000000000000e+00,0.000000000000000000e+00,-0.000000000000000000e+00,3.194175250151786577e-02,-1.093526867569168670e-01,-1.060063961973896768e-01,-2.914990680597307482e-01,1.226596447275517310e+00,0.000000000000000000e+00,0.000000000000000000e+00,0.000000000000000000e+00,-0.000000000000000000e+00,-0.000000000000000000e+00,-0.000000000000000000e+00,-0.000000000000000000e+00,0.000000000000000000e+00
-0.000000000000000000e+00,0.000000000000000000e+00,0.000000000000000000e+00,-2.049187697906896255e-01,0.000000000000000000e+00,2.176573602271349994e-01,0.000000000000000000e+00,0.000000000000000000e+00,-0.000000000000000000e+00,0.000000000000000000e+00,-0.000000000000000000e+00,0.000000000000000000e+00,-0.000000000000000000e+00,-0.000000000000000000e+00,0.000000000000000000e+00,-0.000000000000000000e+00,0.000000000000000000e+00,0.000000000000000000e+00,-0.000000000000000000e+00,1.773049562310329563e-01,0.000000000000000000e+00,0.000000000000000000e+00,-0.000000000000000000e+00,2.677078371242676627e-02,0.000000000000000000e+00,-0.000000000000000000e+00,0.000000000000000000e+00,0.000000000000000000e+00,-4.765258155969560039e-01,0.000000000000000000e+00,0.000000000000000000e+00,1.426109007292107878e+00,-0.000000000000000000e+00,0.000000000000000000e+00,-0.000000000000000000e+00,-0.000000000000000000e+00,-4.936353572119415306e-02,-5.814138949149600527e-02,0.000000000000000000e+00
0.000000000000000000e+00,0.000000000000000000e+00,-7.548046673977950594e-01,0.000000000000000000e+00,-0.000000000000000000e+00,0.000000000000000000e+00,0.000000000000000000e+00,7.819610081984853522e-01,-0.000000000000000000e+00,-2.240977156589651353e-01,0.000000000000000000e+00,-2.055613990343985731e-01,-3.990374384200151003e-01,0.000000000000000000e+00,0.000000000000000000e+00,-1.402971789746964952e-02,-0.000000000000000000e+00,-7.793021812570054274e-02,-4.598373057076839132e-02,-0.000000000000000000e+00,-4.982799169656149108e-01,-0.000000000000000000e+00,-2.676395517234200425e-02,-3.706932922469709582e-03,-1.032546525921630709e-01,0.000000000000000000e+00,-0.000000000000000000e+00,-0.000000000000000000e+00,-0.000000000000000000e+00,0.000000000000000000e+00,0.000000000000000000e+00,-0.000000000000000000e+00,2.932571617093110650e+00,-0.000000000000000000e+00,-0.000000000000000000e+00,-0.000000000000000000e+00,-0.000000000000000000e+00,0.000000000000000000e+00,0.000000000000000000e+00
0.000000000000000000e+00,-0.000000000000000000e+00,-0.000000000000000000e+00,0.000000000000000000e+00,-7.805783943045123685e-01,-0.000000000000000000e+00,9.361001391134889105e-02,0.000000000000000000e+00,-2.309550687954650683e-01,-4.582552090769091008e-02,0.000000000000000000e+00,-7.390731814198864269e-01,-0.000000000000000000e+00,0.000000000000000000e+00,-1.239387971910383135e-01,-0.000000000000000000e+00,-0.000000000000000000e+00,-1.901844673057548341e-01,0.000000000000000000e+00,-0.000000000000000000e+00,-0.000000000000000000e+00,-0.000000000000000000e+00,-0.000000000000000000e+00,-0.000000000000000000e+00,-2.071079238315611526e-01,-0.000000000000000000e+00,-4.501346992541274683e-03,-0.000000000000000000e+00,0.000000000000000000e+00,-0.000000000000000000e+00,0.000000000000000000e+00,0.000000000000000000e+00,-0.000000000000000000e+00,2.407512806139637362e+00,-0.000000000000000000e+00,-0.000000000000000000e+00,-0.000000000000000000e+00,-0.000000000000000000e+00,-9.907849988454339729e-02
0.000000000000000000e+00,0.000000000000000000e+00,-0.000000000000000000e+00,0.000000000000000000e+00,-8.222238807438717045e-02,4.339220223128080201e-01,0.000000000000000000e+00,2.373560112362584074e-01,-0.000000000000000000e+00,-0.000000000000000000e+00,-0.000000000000000000e+00,-0.000000000000000000e+00,-1.876233398522878515e-01,0.000000000000000000e+00,0.000000000000000000e+00,-0.000000000000000000e+00,-0.000000000000000000e+00,-0.000000000000000000e+00,0.000000000000000000e+00,0.000000000000000000e+00,-0.000000000000000000e+00,-0.000000000000000000e+00,-0.000000000000000000e+00,4.989374556722256382e-02,-0.000000000000000000e+00,0.000000000000000000e+00,0.000000000000000000e+00,-1.129198518372090815e-01,0.000000000000000000e+00,-1.145563629231603625e-01,-0.000000000000000000e+00,-0.000000000000000000e+00,-0.000000000000000000e+00,-0.000000000000000000e+00,1.295627562969538848e+00,-3.193593878494643129e-02,-1.416184480108331756e-01,-1.320021415769033826e-02,0.000000000000000000e+00
-0.000000000000000000e+00,-0.000000000000000000e+00,-0.000000000000000000e+00,3.976075280696836356e-02,-3.056123172303950031e-01,0.000000000000000000e+00,0.000000000000000000e+00,0.000000000000000000e+00,-1.449826200751287986e-01,-1.773524973896643264e-01,3.634188892411042288e-02,-0.000000000000000000e+00,-0.000000000000000000e+00,-0.000000000000000000e+00,-0.000000000000000000e+00,-1.432422854698485737e-01,-0.000000000000000000e+00,-0.000000000000000000e+00,0.000000000000000000e+00,0.000000000000000000e+00,-0.000000000000000000e+00,-0.000000000000000000e+00,-3.872980773305449015e-02,-0.000000000000000000e+00,-0.000000000000000000e+00,-8.468287549739253461e-02,-0.000000000000000000e+00,-0.000000000000000000e+00,-0.000000000000000000e+00,-3.332471248438553801e-01,-0.000000000000000000e+00,-0.000000000000000000e+00,-0.000000000000000000e+00,-0.000000000000000000e+00,-3.193593878494643129e-02,1.498975325429016126e+00,-0.000000000000000000e+00,-9.319469235820337927e-02,-0.000000000000000000e+00
-0.000000000000000000e+00,-0.000000000000000000e+00,0.000000000000000000e+00,-0.000000000000000000e+00,-0.000000000000000000e+00,1.784065456920798098e-01,0.000000000000000000e+00,0.000000000000000000e+00,-0.000000000000000000e+00,-0.000000000000000000e+00,-0.000000000000000000e+00,0.000000000000000000e+00,0.000000000000000000e+00,-0.000000000000000000e+00,-0.000000000000000000e+00,-0.000000000000000000e+00,-0.000000000000000000e+00,0.000000000000000000e+00,0.000000000000000000e+00,4.175697161398839174e-01,0.000000000000000000e+00,0.000000000000000000e+00,-8.867259117157502701e-02,0.000000000000000000e+00,0.000000000000000000e+00,-1.168490363306581015e-01,0.000000000000000000e+00,-0.000000000000000000e+00,-1.666274401638470071e-01,-1.091687405418545476e-01,-0.000000000000000000e+00,-4.936353572119415306e-02,-0.000000000000000000e+00,-0.000000000000000000e+00,-1.416184480108331756e-01,-0.000000000000000000e+00,1.372025474351394436e+00,-7.346145321849465587e-03,-0.000000000000000000e+00
-1.719510636937170156e-01,-0.000000000000000000e+00,0.000000000000000000e+00,-0.000000000000000000e+00,-0.000000000000000000e+00,0.000000000000000000e+00,6.872438416218869250e-02,0.000000000000000000e+00,-5.352725032675934580e-01,-1.225905623500772937e-03,0.000000000000000000e+00,-0.000000000000000000e+00,0.000000000000000000e+00,-0.000000000000000000e+00,-0.000000000000000000e+00,-0.000000000000000000e+00,-0.000000000000000000e+00,-0.000000000000000000e+00,0.000000000000000000e+00,2.177340913367825925e-01,0.000000000000000000e+00,0.000000000000000000e+00,-4.612295374484688681e-02,0.000000000000000000e+00,-0.000000000000000000e+00,-8.351890609577924951e-02,0.000000000000000000e+00,0.000000000000000000e+00,-6.744441629135879135e-02,-0.000000000000000000e+00,-0.000000000000000000e+00,-5.814138949149600527e-02,0.000000000000000000e+00,-0.000000000000000000e+00,-1.320021415769033826e-02,-9.319469235820337927e-02,-7.346145321849465587e-03,1.785579025137703946e+00,-5.884754089447641334e-01
-7.142397796631713702e-03,-1.301121219192284961e-01,0.000000000000000000e+00,0.000000000000000000e+00,-0.000000000000000000e+00,-1.203152907804466987e-01,0.000000000000000000e+00,-0.000000000000000000e+00,-1.418418059333162173e-01,-2.834537780667508167e-01,0.000000000000000000e+00,-0.000000000000000000e+00,0.000000000000000000e+00,0.000000000000000000e+00,-4.453095051336800614e-01,-0.000000000000000000e+00,-0.000000000000000000e+00,-0.000000000000000000e+00,0.000000000000000000e+00,-0.000000000000000000e+00,0.000000000000000000e+00,0.000000000000000000e+00,-0.000000000000000000e+00,-0.000000000000000000e+00,-0.000000000000000000e+00,-5.929365700420299694e-03,-6.169532711787218543e-02,0.000000000000000000e+00,-0.000000000000000000e+00,0.000000000000000000e+00,0.000000000000000000e+00,0.000000000000000000e+00,0.000000000000000000e+00,-9.907849988454339729e-02,0.000000000000000000e+00,-0.000000000000000000e+00,-0.000000000000000000e+00,-5.884754089447641334e-01,1.875472693946329095e+00
