3.321584931843108102e+00,-6.345073650450987479e-01,0.000000000000000000e+00,0.000000000000000000e+00,-0.000000000000000000e+00,-3.937368624223053226e-01,-0.000000000000000000e+00,0.000000000000000000e+00,0.000000000000000000e+00,-0.000000000000000000e+00,-0.000000000000000000e+00,1.559331201085951274e-02,-0.000000000000000000e+00,-0.000000000000000000e+00,-1.341049734803238802e-01,-2.212702384238081632e-01,-1.874993505057050702e-01,-6.436536347896955335e-02,0.000000000000000000e+00,0.000000000000000000e+00,0.000000000000000000e+00,0.000000000000000000e+00,-0.000000000000000000e+00,-6.255759180449321777e-01,-4.490289740443034194e-01,-3.190192786514108869e-01,0.000000000000000000e+00,-8.298621527571829748e-02,-3.797716285622476096e-01,0.000000000000000000e+00,0.000000000000000000e+00,-0.000000000000000000e+00,-6.102697022262081050e-02,0.000000000000000000e+00,-0.000000000000000000e+00,-0.000000000000000000e+00,0.000000000000000000e+00,-5.293761004851188501e-02,-0.000000000000000000e+00
-6.345073650450987479e-01,3.138213619091919870e+00,0.000000000000000000e+00,0.000000000000000000e+00,-0.000000000000000000e+00,-3.146417943111155524e-01,-0.000000000000000000e+00,0.000000000000000000e+00,1.945815394222034922e-01,-0.000000000000000000e+00,-0.000000000000000000e+00,0.000000000000000000e+00,-0.000000000000000000e+00,-0.000000000000000000e+00,-0.000000000000000000e+00,-0.000000000000000000e+00,-0.000000000000000000e+00,-0.000000000000000000e+00,-0.000000000000000000e+00,0.000000000000000000e+00,0.000000000000000000e+00,0.000000000000000000e+00,-0.000000000000000000e+00,-4.238820821253377891e-01,-1.600219133956872763e-01,-4.914332949461825417e-01,4.574467715593535377e-01,-6.012077436855896295e-02,-1.373566569161042694e-01,0.000000000000000000e+00,3.250288295445258879e-01,-0.000000000000000000e+00,-1.918283672183944966e-01,0.000000000000000000e+00,-0.000000000000000000e+00,-0.000000000000000000e+00,0.000000000000000000e+00,-0.000000000000000000e+00,-1.032809804469648624e-01
0.000000000000000000e+00,0.000000000000000000e+00,2.439907500015919606e+00,-5.171708236799513886e-02,-1.510449609171535257e-01,0.000000000000000000e+00,-9.325038259772397073e-03,1.133493109008075983e+00,-0.000000000000000000e+00,-0.000000000000000000e+00,0.000000000000000000e+00,-0.000000000000000000e+00,0.000000000000000000e+00,-0.000000000000000000e+00,0.000000000000000000e+00,-0.000000000000000000e+00,-0.000000000000000000e+00,-0.000000000000000000e+00,-0.000000000000000000e+00,-0.000000000000000000e+00,-5.870331042762259033e-01,-5.472793655666965407e-01,0.000000000000000000e+00,0.000000000000000000e+00,0.000000000000000000e+00,-0.000000000000000000e+00,-0.000000000000000000e+00,-0.000000000000000000e+00,0.000000000000000000e+00,-0.000000000000000000e+00,-0.000000000000000000e+00,5.346941321226660743e-02,-7.123591301630977091e-02,-0.000000000000000000e+00,0.000000000000000000e+00,-0.000000000000000000e+00,0.000000000000000000e+00,-0.000000000000000000e+00,0.000000000000000000e+00
0.000000000000000000e+00,0.000000000000000000e+00,-5.171708236799513886e-02,1.312949489736406239e+00,-0.000000000000000000e+00,0.000000000000000000e+00,-4.049458415334212802e-01,0.000000000000000000e+00,-0.000000000000000000e+00,-0.000000000000000000e+00,0.000000000000000000e+00,0.000000000000000000e+00,0.000000000000000000e+00,2.013175182429323418e-01,3.697533675796064179e-01,-0.000000000000000000e+00,0.000000000000000000e+00,0.000000000000000000e+00,0.000000000000000000e+00,-0.000000000000000000e+00,-0.000000000000000000e+00,-0.000000000000000000e+00,0.000000000000000000e+00,0.000000000000000000e+00,0.000000000000000000e+00,0.000000000000000000e+00,-0.000000000000000000e+00,-0.000000000000000000e+00,0.000000000000000000e+00,-2.461263044808701989e-04,0.000000000000000000e+00,0.000000000000000000e+00,-0.000000000000000000e+00,0.000000000000000000e+00,0.000000000000000000e+00,-1.211009176281137162e-01,0.000000000000000000e+00,-0.000000000000000000e+00,0.000000000000000000e+00
-0.000000000000000000e+00,-0.000000000000000000e+00,-1.510449609171535257e-01,-0.000000000000000000e+00,1.789733861659351444e+00,-0.000000000000000000e+00,-0.000000000000000000e+00,0.000000000000000000e+00,-0.000000000000000000e+00,-0.000000000000000000e+00,-0.000000000000000000e+00,-0.000000000000000000e+00,0.000000000000000000e+00,-1.426752826454166616e-02,-0.000000000000000000e+00,-6.591463095169269870e-01,-0.000000000000000000e+00,-4.340898818632079048e-01,-4.480731209001633658e-03,-7.889253928051409570e-02,-0.000000000000000000e+00,0.000000000000000000e+00,0.000000000000000000e+00,-0.000000000000000000e+00,-0.000000000000000000e+00,-0.000000000000000000e+00,-0.000000000000000000e+00,-0.000000000000000000e+00,-0.000000000000000000e+00,-8.695862925627582951e-02,-0.000000000000000000e+00,-0.000000000000000000e+00,-2.042275210165910293e-01,-0.000000000000000000e+00,-0.000000000000000000e+00,-5.696733607399040444e-02,0.000000000000000000e+00,-3.310385183548083532e-01,-0.000000000000000000e+00
-3.937368624223053226e-01,-3.146417943111155524e-01,0.000000000000000000e+00,0.000000000000000000e+00,-0.000000000000000000e+00,2.809968003806928571e+00,-0.000000000000000000e+00,-0.000000000000000000e+00,1.919229793054457942e-02,-0.000000000000000000e+00,-2.248905008781082460e-02,0.000000000000000000e+00,-0.000000000000000000e+00,-0.000000000000000000e+00,-0.000000000000000000e+00,-0.000000000000000000e+00,-1.829175746249856460e-01,-0.000000000000000000e+00,0.000000000000000000e+00,-0.000000000000000000e+00,0.000000000000000000e+00,3.567731354759818424e-02,-2.278558111130302155e-01,-4.300885556469771220e-01,-5.244614221400140108e-01,-0.000000000000000000e+00,0.000000000000000000e+00,-0.000000000000000000e+00,-4.215689289441088006e-01,0.000000000000000000e+00,0.000000000000000000e+00,-1.740597565378108891e-02,-2.170752697587677027e-01,0.000000000000000000e+00,-2.781875596579501397e-02,-0.000000000000000000e+00,0.000000000000000000e+00,-5.706700698050492376e-02,-4.860678857101793232e-02
-0.000000000000000000e+00,-0.000000000000000000e+00,-9.325038259772397073e-03,-4.049458415334212802e-01,-0.000000000000000000e+00,-0.000000000000000000e+00,1.182882305043970295e+00,3.332423573538675909e-02,-0.000000000000000000e+00,-0.000000000000000000e+00,0.000000000000000000e+00,0.000000000000000000e+00,-0.000000000000000000e+00,0.000000000000000000e+00,-0.000000000000000000e+00,-0.000000000000000000e+00,-0.000000000000000000e+00,-2.755760457081599460e-03,-0.000000000000000000e+00,0.000000000000000000e+00,-0.000000000000000000e+00,-0.000000000000000000e+00,0.000000000000000000e+00,-0.000000000000000000e+00,-0.000000000000000000e+00,-0.000000000000000000e+00,-0.000000000000000000e+00,-1.449698664958117555e-01,-0.000000000000000000e+00,-0.000000000000000000e+00,0.000000000000000000e+00,-0.000000000000000000e+00,-1.037647267937951007e-01,-0.000000000000000000e+00,0.000000000000000000e+00,-0.000000000000000000e+00,0.000000000000000000e+00,-0.000000000000000000e+00,-0.000000000000000000e+00
0.000000000000000000e+00,0.000000000000000000e+00,1.133493109008075983e+00,0.000000000000000000e+00,0.000000000000000000e+00,-0.000000000000000000e+00,3.332423573538675909e-02,2.121847450501167742e+00,0.000000000000000000e+00,0.000000000000000000e+00,-0.000000000000000000e+00,0.000000000000000000e+00,0.000000000000000000e+00,0.000000000000000000e+00,0.000000000000000000e+00,0.000000000000000000e+00,0.000000000000000000e+00,5.924543077645532535e-02,1.421138154475296012e-01,-0.000000000000000000e+00,0.000000000000000000e+00,3.418976947163143709e-01,-0.000000000000000000e+00,0.000000000000000000e+00,0.000000000000000000e+00,0.000000000000000000e+00,-0.000000000000000000e+00,1.603142502126272961e-01,0.000000000000000000e+00,0.000000000000000000e+00,-0.000000000000000000e+00,-1.744260456281372662e-02,1.829979168895060904e-01,0.000000000000000000e+00,-1.847215188871490221e-01,0.000000000000000000e+00,-8.679049005395750305e-02,0.000000000000000000e+00,0.000000000000000000e+00
0.000000000000000000e+00,1.945815394222034922e-01,-0.000000000000000000e+00,-0.000000000000000000e+00,-0.000000000000000000e+00,1.919229793054457942e-02,-0.000000000000000000e+00,0.000000000000000000e+00,1.943398084393081815e+00,-0.000000000000000000e+00,0.000000000000000000e+00,-4.707698560235330093e-02,0.000000000000000000e+00,-0.000000000000000000e+00,-0.000000000000000000e+00,-0.000000000000000000e+00,0.000000000000000000e+00,-0.000000000000000000e+00,-1.428382010846188620e-02,0.000000000000000000e+00,-2.008052559797054715e-01,-0.000000000000000000e+00,0.000000000000000000e+00,5.580756903294521037e-02,3.759679946963077196e-02,0.000000000000000000e+00,-3.418414964606241585e-02,0.000000000000000000e+00,3.060372768783792621e-02,-3.419951961503999160e-01,-4.151071051713216969e-02,1.704889447848309536e-01,0.000000000000000000e+00,-9.326926450139261249e-01,0.000000000000000000e+00,-0.000000000000000000e+00,-0.000000000000000000e+00,-0.000000000000000000e+00,-0.000000000000000000e+00
-0.000000000000000000e+00,-0.000000000000000000e+00,-0.000000000000000000e+00,-0.000000000000000000e+00,-0.000000000000000000e+00,-0.000000000000000000e+00,-0.000000000000000000e+00,0.000000000000000000e+00,-0.000000000000000000e+00,1.245755206576721452e+00,-0.000000000000000000e+00,-1.119736798547454892e-01,-0.000000000000000000e+00,0.000000000000000000e+00,0.000000000000000000e+00,-4.155648391181356871e-01,-0.000000000000000000e+00,-0.000000000000000000e+00,-7.195559185150419979e-02,0.000000000000000000e+00,-0.000000000000000000e+00,-0.000000000000000000e+00,-2.839923038588790943e-02,-0.000000000000000000e+00,0.000000000000000000e+00,-0.000000000000000000e+00,0.000000000000000000e+00,0.000000000000000000e+00,0.000000000000000000e+00,-1.547968006501357352e-02,-0.000000000000000000e+00,-0.000000000000000000e+00,-0.000000000000000000e+00,-0.000000000000000000e+00,-0.000000000000000000e+00,-3.667510550606221248e-02,-2.372997451272977967e-02,-0.000000000000000000e+00,-2.197727862551867861e-01
-0.000000000000000000e+00,-0.000000000000000000e+00,0.000000000000000000e+00,0.000000000000000000e+00,-0.000000000000000000e+00,-2.248905008781082460e-02,0.000000000000000000e+00,-0.000000000000000000e+00,0.000000000000000000e+00,-0.000000000000000000e+00,1.342110191001554487e+00,-0.000000000000000000e+00,-1.336904233895034044e-01,-0.000000000000000000e+00,-0.000000000000000000e+00,-0.000000000000000000e+00,-0.000000000000000000e+00,-0.000000000000000000e+00,-0.000000000000000000e+00,0.000000000000000000e+00,-0.000000000000000000e+00,0.000000000000000000e+00,-1.070264040906222375e-01,-2.157732823425176916e-01,-0.000000000000000000e+00,-0.000000000000000000e+00,5.170747451822964302e-02,-0.000000000000000000e+00,-1.534195541963142007e-01,0.000000000000000000e+00,0.000000000000000000e+00,-1.080296210172631936e-02,-9.547807847941688908e-02,0.000000000000000000e+00,-1.614436200037508429e-01,1.456404878926815527e-01,-0.000000000000000000e+00,-0.000000000000000000e+00,-0.000000000000000000e+00
1.559331201085951274e-02,0.000000000000000000e+00,-0.000000000000000000e+00,0.000000000000000000e+00,-0.000000000000000000e+00,0.000000000000000000e+00,0.000000000000000000e+00,0.000000000000000000e+00,-4.707698560235330093e-02,-1.119736798547454892e-01,-0.000000000000000000e+00,1.520952717087787676e+00,-0.000000000000000000e+00,0.000000000000000000e+00,-0.000000000000000000e+00,0.000000000000000000e+00,0.000000000000000000e+00,0.000000000000000000e+00,-1.178958956510115508e-01,0.000000000000000000e+00,-1.754516192698441640e-02,-3.368439459885045340e-01,0.000000000000000000e+00,0.000000000000000000e+00,4.484035552366194000e-01,0.000000000000000000e+00,0.000000000000000000e+00,0.000000000000000000e+00,2.840555648438139805e-02,-0.000000000000000000e+00,-0.000000000000000000e+00,0.000000000000000000e+00,-0.000000000000000000e+00,-2.115317886981246398e-01,0.000000000000000000e+00,2.059303963790802550e-02,-3.614001580001750535e-01,-0.000000000000000000e+00,-1.223868231801945872e-02
-0.000000000000000000e+00,-0.000000000000000000e+00,0.000000000000000000e+00,0.000000000000000000e+00,0.000000000000000000e+00,-0.000000000000000000e+00,-0.000000000000000000e+00,0.000000000000000000e+00,0.000000000000000000e+00,-0.000000000000000000e+00,-1.336904233895034044e-01,-0.000000000000000000e+00,2.030670807776179476e+00,0.000000000000000000e+00,-5.903312274068842069e-02,0.000000000000000000e+00,-0.000000000000000000e+00,-0.000000000000000000e+00,-0.000000000000000000e+00,2.528855499457475786e-01,0.000000000000000000e+00,-0.000000000000000000e+00,-1.676833299201966609e-01,-7.087419518978087252e-02,-0.000000000000000000e+00,-3.251622249358882555e-01,4.627261802543697899e-01,-1.209341541493779565e-01,-0.000000000000000000e+00,1.329133586780400222e-01,3.918068721877934202e-01,-0.000000000000000000e+00,-4.069276652700311303e-02,0.000000000000000000e+00,0.000000000000000000e+00,0.000000000000000000e+00,-0.000000000000000000e+00,-0.000000000000000000e+00,-0.000000000000000000e+00
-0.000000000000000000e+00,-0.000000000000000000e+00,-0.000000000000000000e+00,2.013175182429323418e-01,-1.426752826454166616e-02,-0.000000000000000000e+00,0.000000000000000000e+00,0.000000000000000000e+00,-0.000000000000000000e+00,0.000000000000000000e+00,-0.000000000000000000e+00,0.000000000000000000e+00,0.000000000000000000e+00,1.070907004559385811e+00,-0.000000000000000000e+00,-0.000000000000000000e+00,-0.000000000000000000e+00,-3.997660771047701483e-02,-0.000000000000000000e+00,-0.000000000000000000e+00,-0.000000000000000000e+00,-0.000000000000000000e+00,-0.000000000000000000e+00,-0.000000000000000000e+00,-0.000000000000000000e+00,-1.523688838103141041e-01,-0.000000000000000000e+00,-0.000000000000000000e+00,-0.000000000000000000e+00,0.000000000000000000e+00,-5.277105905358137061e-02,0.000000000000000000e+00,-0.000000000000000000e+00,-0.000000000000000000e+00,0.000000000000000000e+00,3.520250492610173948e-02,0.000000000000000000e+00,-0.000000000000000000e+00,0.000000000000000000e+00
-1.341049734803238802e-01,-0.000000000000000000e+00,0.000000000000000000e+00,3.697533675796064179e-01,-0.000000000000000000e+00,-0.000000000000000000e+00,-0.000000000000000000e+00,0.000000000000000000e+00,-0.000000000000000000e+00,0.000000000000000000e+00,-0.000000000000000000e+00,-0.000000000000000000e+00,-5.903312274068842069e-02,-0.000000000000000000e+00,1.551162067721084670e+00,-0.000000000000000000e+00,-3.533053965881437913e-02,-5.657751147748755205e-01,-0.000000000000000000e+00,0.000000000000000000e+00,0.000000000000000000e+00,0.000000000000000000e+00,-0.000000000000000000e+00,-1.836439184137457145e-02,-0.000000000000000000e+00,-1.622180637323677732e-01,-0.000000000000000000e+00,-0.000000000000000000e+00,-0.000000000000000000e+00,0.000000000000000000e+00,0.000000000000000000e+00,-0.000000000000000000e+00,-0.000000000000000000e+00,-7.340325361596365672e-02,0.000000000000000000e+00,0.000000000000000000e+00,0.000000000000000000e+00,-2.138387727194880281e-02,-7.791817923400053136e-02
-2.212702384238081632e-01,-0.000000000000000000e+00,-0.000000000000000000e+00,-0.000000000000000000e+00,-6.591463095169269870e-01,-0.000000000000000000e+00,-0.000000000000000000e+00,0.000000000000000000e+00,-0.000000000000000000e+00,-4.155648391181356871e-01,-0.000000000000000000e+00,0.000000000000000000e+00,0.000000000000000000e+00,-0.000000000000000000e+00,-0.000000000000000000e+00,1.811979964868680293e+00,-3.822911561336852504e-01,-0.000000000000000000e+00,0.000000000000000000e+00,-5.380835479466790534e-03,0.000000000000000000e+00,0.000000000000000000e+00,-0.000000000000000000e+00,-0.000000000000000000e+00,-6.078560438915524278e-02,-0.000000000000000000e+00,-0.000000000000000000e+00,-0.000000000000000000e+00,-0.000000000000000000e+00,-0.000000000000000000e+00,-0.000000000000000000e+00,-0.000000000000000000e+00,-0.000000000000000000e+00,0.000000000000000000e+00,-0.000000000000000000e+00,-1.605196923138228482e-01,1.367717803513802868e-03,-0.000000000000000000e+00,-0.000000000000000000e+00
-1.874993505057050702e-01,-0.000000000000000000e+00,-0.000000000000000000e+00,0.000000000000000000e+00,-0.000000000000000000e+00,-1.829175746249856460e-01,-0.000000000000000000e+00,0.000000000000000000e+00,0.000000000000000000e+00,-0.000000000000000000e+00,-0.000000000000000000e+00,0.000000000000000000e+00,-0.000000000000000000e+00,-0.000000000000000000e+00,-3.533053965881437913e-02,-3.822911561336852504e-01,1.657634923339947886e+00,-0.000000000000000000e+00,0.000000000000000000e+00,-0.000000000000000000e+00,0.000000000000000000e+00,0.000000000000000000e+00,-0.000000000000000000e+00,-1.536583022803802712e-01,-1.039083376456971172e-02,-0.000000000000000000e+00,0.000000000000000000e+00,-0.000000000000000000e+00,-3.706311814345351063e-01,0.000000000000000000e+00,0.000000000000000000e+00,-0.000000000000000000e+00,-0.000000000000000000e+00,0.000000000000000000e+00,-0.000000000000000000e+00,-0.000000000000000000e+00,0.000000000000000000e+00,-3.090305576745788069e-02,-0.000000000000000000e+00
-6.436536347896955335e-02,-0.000000000000000000e+00,-0.000000000000000000e+00,0.000000000000000000e+00,-4.340898818632079048e-01,-0.000000000000000000e+00,-2.755760457081599460e-03,5.924543077645532535e-02,-0.000000000000000000e+00,-0.000000000000000000e+00,-0.000000000000000000e+00,0.000000000000000000e+00,-0.000000000000000000e+00,-3.997660771047701483e-02,-5.657751147748755205e-01,-0.000000000000000000e+00,-0.000000000000000000e+00,1.732288195934289732e+00,-1.792617302845260774e-01,0.000000000000000000e+00,0.000000000000000000e+00,0.000000000000000000e+00,-0.000000000000000000e+00,-0.000000000000000000e+00,-0.000000000000000000e+00,-0.000000000000000000e+00,-0.000000000000000000e+00,-5.284729494014742124e-02,-0.000000000000000000e+00,0.000000000000000000e+00,0.000000000000000000e+00,0.000000000000000000e+00,-0.000000000000000000e+00,-2.148355574051813988e-01,0.000000000000000000e+00,-0.000000000000000000e+00,6.835522696724954939e-02,-2.729361334691443042e-01,-0.000000000000000000e+00
0.000000000000000000e+00,-0.000000000000000000e+00,-0.000000000000000000e+00,0.000000000000000000e+00,-4.480731209001633658e-03,0.000000000000000000e+00,-0.000000000000000000e+00,1.421138154475296012e-01,-1.428382010846188620e-02,-7.195559185150419979e-02,-0.000000000000000000e+00,-1.178958956510115508e-01,-0.000000000000000000e+00,-0.000000000000000000e+00,-0.000000000000000000e+00,0.000000000000000000e+00,0.000000000000000000e+00,-1.792617302845260774e-01,1.367539870967500626e+00,1.756849791533693639e-01,-1.086083295643844038e-01,-8.182171299225469985e-02,-0.000000000000000000e+00,0.000000000000000000e+00,0.000000000000000000e+00,-0.000000000000000000e+00,0.000000000000000000e+00,-0.000000000000000000e+00,0.000000000000000000e+00,-1.461745305271447137e-01,0.000000000000000000e+00,3.641343910211199825e-02,-0.000000000000000000e+00,-3.411369835800462935e-01,0.000000000000000000e+00,-0.000000000000000000e+00,-0.000000000000000000e+00,-0.000000000000000000e+00,-0.000000000000000000e+00
0.000000000000000000e+00,0.000000000000000000e+00,-0.000000000000000000e+00,-0.000000000000000000e+00,-7.889253928051409570e-02,-0.000000000000000000e+00,0.000000000000000000e+00,-0.000000000000000000e+00,0.000000000000000000e+00,0.000000000000000000e+00,0.000000000000000000e+00,0.000000000000000000e+00,2.528855499457475786e-01,-0.000000000000000000e+00,0.000000000000000000e+00,-5.380835479466790534e-03,-0.000000000000000000e+00,0.000000000000000000e+00,1.756849791533693639e-01,1.358101700186957306e+00,-0.000000000000000000e+00,0.000000000000000000e+00,2.307353874818617312e-01,0.000000000000000000e+00,-0.000000000000000000e+00,0.000000000000000000e+00,-1.888551328002359142e-01,0.000000000000000000e+00,-0.000000000000000000e+00,-0.000000000000000000e+00,-0.000000000000000000e+00,-0.000000000000000000e+00,-0.000000000000000000e+00,0.000000000000000000e+00,-0.000000000000000000e+00,-0.000000000000000000e+00,1.402107467098411553e-01,-0.000000000000000000e+00,1.853774435129881271e-01
0.000000000000000000e+00,0.000000000000000000e+00,-5.870331042762259033e-01,-0.000000000000000000e+00,-0.000000000000000000e+00,0.000000000000000000e+00,-0.000000000000000000e+00,0.000000000000000000e+00,-2.008052559797054715e-01,-0.000000000000000000e+00,-0.000000000000000000e+00,-1.754516192698441640e-02,0.000000000000000000e+00,-0.000000000000000000e+00,0.000000000000000000e+00,0.000000000000000000e+00,0.000000000000000000e+00,0.000000000000000000e+00,-1.086083295643844038e-01,-0.000000000000000000e+00,1.471474871308239951e+00,-1.528750539922547613e-01,0.000000000000000000e+00,0.000000000000000000e+00,2.101641888113198534e-02,0.000000000000000000e+00,-0.000000000000000000e+00,-0.000000000000000000e+00,0.000000000000000000e+00,-0.000000000000000000e+00,-6.532936634364418238e-02,7.966551861298966364e-02,-0.000000000000000000e+00,-7.700377419403809862e-04,0.000000000000000000e+00,0.000000000000000000e+00,-0.000000000000000000e+00,0.000000000000000000e+00,0.000000000000000000e+00
0.000000000000000000e+00,0.000000000000000000e+00,-5.472793655666965407e-01,-0.000000000000000000e+00,0.000000000000000000e+00,3.567731354759818424e-02,-0.000000000000000000e+00,3.418976947163143709e-01,-0.000000000000000000e+00,-0.000000000000000000e+00,0.000000000000000000e+00,-3.368439459885045340e-01,-0.000000000000000000e+00,-0.000000000000000000e+00,0.000000000000000000e+00,0.000000000000000000e+00,0.000000000000000000e+00,0.000000000000000000e+00,-8.182171299225469985e-02,0.000000000000000000e+00,-1.528750539922547613e-01,1.709582879222223184e+00,0.000000000000000000e+00,0.000000000000000000e+00,8.955612054089613638e-02,0.000000000000000000e+00,0.000000000000000000e+00,-0.000000000000000000e+00,3.696357363021427617e-02,-0.000000000000000000e+00,-0.000000000000000000e+00,0.000000000000000000e+00,-0.000000000000000000e+00,-0.000000000000000000e+00,6.127074106215353588e-02,0.000000000000000000e+00,-0.000000000000000000e+00,0.000000000000000000e+00,0.000000000000000000e+00
-0.000000000000000000e+00,-0.000000000000000000e+00,0.000000000000000000e+00,0.000000000000000000e+00,0.000000000000000000e+00,-2.278558111130302155e-01,0.000000000000000000e+00,-0.000000000000000000e+00,0.000000000000000000e+00,-2.839923038588790943e-02,-1.070264040906222375e-01,0.000000000000000000e+00,-1.676833299201966609e-01,-0.000000000000000000e+00,-0.000000000000000000e+00,-0.000000000000000000e+00,-0.000000000000000000e+00,-0.000000000000000000e+00,-0.000000000000000000e+00,2.307353874818617312e-01,0.000000000000000000e+00,0.000000000000000000e+00,2.008237778080728564e+00,-1.511264095797544282e-01,-0.000000000000000000e+00,-4.374225550538010654e-01,4.264839463114836748e-01,-4.110904004062619632e-02,-0.000000000000000000e+00,0.000000000000000000e+00,0.000000000000000000e+00,-0.000000000000000000e+00,-0.000000000000000000e+00,0.000000000000000000e+00,-0.000000000000000000e+00,0.000000000000000000e+00,-1.508470548390722921e-01,-0.000000000000000000e+00,-1.423169078920698549e-01
-6.255759180449321777e-01,-4.238820821253377891e-01,0.000000000000000000e+00,0.000000000000000000e+00,-0.000000000000000000e+00,-4.300885556469771220e-01,-0.000000000000000000e+00,0.000000000000000000e+00,5.580756903294521037e-02,-0.000000000000000000e+00,-2.157732823425176916e-01,0.000000000000000000e+00,-7.087419518978087252e-02,-0.000000000000000000e+00,-1.836439184137457145e-02,-0.000000000000000000e+00,-1.536583022803802712e-01,-0.000000000000000000e+00,0.000000000000000000e+00,0.000000000000000000e+00,0.000000000000000000e+00,0.000000000000000000e+00,-1.511264095797544282e-01,3.342777947910944736e+00,-2.963842602315383545e-01,-3.408086267807187708e-01,2.493204461440618261e-02,-1.093523493571913197e-01,-4.891236248932195330e-01,2.615595384178399652e-01,0.000000000000000000e+00,-0.000000000000000000e+00,-3.486734127440584835e-02,0.000000000000000000e+00,-0.000000000000000000e+00,0.000000000000000000e+00,0.000000000000000000e+00,-0.000000000000000000e+00,-1.443793665846371775e-02
-4.490289740443034194e-01,-1.600219133956872763e-01,0.000000000000000000e+00,0.000000000000000000e+00,-0.000000000000000000e+00,-5.244614221400140108e-01,-0.000000000000000000e+00,0.000000000000000000e+00,3.759679946963077196e-02,0.000000000000000000e+00,-0.000000000000000000e+00,4.484035552366194000e-01,-0.000000000000000000e+00,-0.000000000000000000e+00,-0.000000000000000000e+00,-6.078560438915524278e-02,-1.039083376456971172e-02,-0.000000000000000000e+00,0.000000000000000000e+00,-0.000000000000000000e+00,2.101641888113198534e-02,8.955612054089613638e-02,-0.000000000000000000e+00,-2.963842602315383545e-01,2.667866275544253707e+00,-1.513291090378902221e-02,0.000000000000000000e+00,-9.944771794545415045e-02,-5.880563590744474212e-01,0.000000000000000000e+00,0.000000000000000000e+00,-5.377130422175922103e-02,-0.000000000000000000e+00,0.000000000000000000e+00,-0.000000000000000000e+00,-0.000000000000000000e+00,0.000000000000000000e+00,-2.079893607159952890e-02,-0.000000000000000000e+00
-3.190192786514108869e-01,-4.914332949461825417e-01,-0.000000000000000000e+00,0.000000000000000000e+00,-0.000000000000000000e+00,-0.000000000000000000e+00,-0.000000000000000000e+00,0.000000000000000000e+00,0.000000000000000000e+00,-0.000000000000000000e+00,-0.000000000000000000e+00,0.000000000000000000e+00,-3.251622249358882555e-01,-1.523688838103141041e-01,-1.622180637323677732e-01,-0.000000000000000000e+00,-0.000000000000000000e+00,-0.000000000000000000e+00,-0.000000000000000000e+00,0.000000000000000000e+00,0.000000000000000000e+00,0.000000000000000000e+00,-4.374225550538010654e-01,-3.408086267807187708e-01,-1.513291090378902221e-02,2.617279554356544136e+00,0.000000000000000000e+00,-3.231062597571411898e-01,-1.167436784389239285e-01,7.417361019226498264e-02,6.484370348014494023e-02,-0.000000000000000000e+00,-5.255950536672437251e-02,0.000000000000000000e+00,0.000000000000000000e+00,0.000000000000000000e+00,0.000000000000000000e+00,-0.000000000000000000e+00,-0.000000000000000000e+00
0.000000000000000000e+00,4.574467715593535377e-01,-0.000000000000000000e+00,-0.000000000000000000e+00,-0.000000000000000000e+00,0.000000000000000000e+00,-0.000000000000000000e+00,-0.000000000000000000e+00,-3.418414964606241585e-02,0.000000000000000000e+00,5.170747451822964302e-02,0.000000000000000000e+00,4.627261802543697899e-01,-0.000000000000000000e+00,-0.000000000000000000e+00,-0.000000000000000000e+00,0.000000000000000000e+00,-0.000000000000000000e+00,0.000000000000000000e+00,-1.888551328002359142e-01,-0.000000000000000000e+00,0.000000000000000000e+00,4.264839463114836748e-01,2.493204461440618261e-02,0.000000000000000000e+00,0.000000000000000000e+00,1.994537694163566632e+00,0.000000000000000000e+00,0.000000000000000000e+00,-4.021537789956255993e-02,-1.538404556145907820e-01,0.000000000000000000e+00,0.000000000000000000e+00,-0.000000000000000000e+00,6.598454353417093632e-02,-0.000000000000000000e+00,1.121960995582091999e-03,0.000000000000000000e+00,7.447261449625185159e-02
-8.298621527571829748e-02,-6.012077436855896295e-02,-0.000000000000000000e+00,-0.000000000000000000e+00,-0.000000000000000000e+00,-0.000000000000000000e+00,-1.449698664958117555e-01,1.603142502126272961e-01,0.000000000000000000e+00,0.000000000000000000e+00,-0.000000000000000000e+00,0.000000000000000000e+00,-1.209341541493779565e-01,-0.000000000000000000e+00,-0.000000000000000000e+00,-0.000000000000000000e+00,-0.000000000000000000e+00,-5.284729494014742124e-02,-0.000000000000000000e+00,0.000000000000000000e+00,-0.000000000000000000e+00,-0.000000000000000000e+00,-4.110904004062619632e-02,-1.093523493571913197e-01,-9.944771794545415045e-02,-3.231062597571411898e-01,0.000000000000000000e+00,1.975464909047341511e+00,-2.478123719593714192e-01,0.000000000000000000e+00,0.000000000000000000e+00,-0.000000000000000000e+00,-5.783037417075016506e-01,-0.000000000000000000e+00,-0.000000000000000000e+00,0.000000000000000000e+00,0.000000000000000000e+00,-0.000000000000000000e+00,-0.000000000000000000e+00
-3.797716285622476096e-01,-1.373566569161042694e-01,0.000000000000000000e+00,0.000000000000000000e+00,-0.000000000000000000e+00,-4.215689289441088006e-01,-0.000000000000000000e+00,0.000000000000000000e+00,3.060372768783792621e-02,0.000000000000000000e+00,-1.534195541963142007e-01,2.840555648438139805e-02,-0.000000000000000000e+00,-0.000000000000000000e+00,-0.000000000000000000e+00,-0.000000000000000000e+00,-3.706311814345351063e-01,-0.000000000000000000e+00,0.000000000000000000e+00,-0.000000000000000000e+00,0.000000000000000000e+00,3.696357363021427617e-02,-0.000000000000000000e+00,-4.891236248932195330e-01,-5.880563590744474212e-01,-1.167436784389239285e-01,0.000000000000000000e+00,-2.478123719593714192e-01,2.963028811221441128e+00,2.894577066265211981e-02,0.000000000000000000e+00,-1.099765116872620241e-01,-6.445224292664401833e-02,0.000000000000000000e+00,-0.000000000000000000e+00,-0.000000000000000000e+00,0.000000000000000000e+00,-3.186009964716037673e-02,-0.000000000000000000e+00
0.000000000000000000e+00,0.000000000000000000e+00,-0.000000000000000000e+00,-2.461263044808701989e-04,-8.695862925627582951e-02,0.000000000000000000e+00,-0.000000000000000000e+00,0.000000000000000000e+00,-3.419951961503999160e-01,-1.547968006501357352e-02,0.000000000000000000e+00,-0.000000000000000000e+00,1.329133586780400222e-01,0.000000000000000000e+00,0.000000000000000000e+00,-0.000000000000000000e+00,0.000000000000000000e+00,0.000000000000000000e+00,-1.461745305271447137e-01,-0.000000000000000000e+00,-0.000000000000000000e+00,-0.000000000000000000e+00,0.000000000000000000e+00,2.615595384178399652e-01,0.000000000000000000e+00,7.417361019226498264e-02,-4.021537789956255993e-02,0.000000000000000000e+00,2.894577066265211981e-02,1.358530524230496361e+00,-0.000000000000000000e+00,0.000000000000000000e+00,0.000000000000000000e+00,-0.000000000000000000e+00,-0.000000000000000000e+00,-9.373106075667517190e-02,-0.000000000000000000e+00,0.000000000000000000e+00,0.000000000000000000e+00
0.000000000000000000e+00,3.250288295445258879e-01,-0.000000000000000000e+00,0.000000000000000000e+00,-0.000000000000000000e+00,0.000000000000000000e+00,0.000000000000000000e+00,-0.000000000000000000e+00,-4.151071051713216969e-02,-0.000000000000000000e+00,0.000000000000000000e+00,-0.000000000000000000e+00,3.918068721877934202e-01,-5.277105905358137061e-02,0.000000000000000000e+00,-0.000000000000000000e+00,0.000000000000000000e+00,0.000000000000000000e+00,0.000000000000000000e+00,-0.000000000000000000e+00,-6.532936634364418238e-02,-0.000000000000000000e+00,0.000000000000000000e+00,0.000000000000000000e+00,0.000000000000000000e+00,6.484370348014494023e-02,-1.538404556145907820e-01,0.000000000000000000e+00,0.000000000000000000e+00,-0.000000000000000000e+00,1.449531899568755167e+00,0.000000000000000000e+00,0.000000000000000000e+00,-0.000000000000000000e+00,-0.000000000000000000e+00,0.000000000000000000e+00,-9.956227963528058167e-02,0.000000000000000000e+00,0.000000000000000000e+00
-0.000000000000000000e+00,-0.000000000000000000e+00,5.346941321226660743e-02,0.000000000000000000e+00,-0.000000000000000000e+00,-1.740597565378108891e-02,-0.000000000000000000e+00,-1.744260456281372662e-02,1.704889447848309536e-01,-0.000000000000000000e+00,-1.080296210172631936e-02,0.000000000000000000e+00,-0.000000000000000000e+00,0.000000000000000000e+00,-0.000000000000000000e+00,-0.000000000000000000e+00,-0.000000000000000000e+00,0.000000000000000000e+00,3.641343910211199825e-02,-0.000000000000000000e+00,7.966551861298966364e-02,0.000000000000000000e+00,-0.000000000000000000e+00,-0.000000000000000000e+00,-5.377130422175922103e-02,-0.000000000000000000e+00,0.000000000000000000e+00,-0.000000000000000000e+00,-1.099765116872620241e-01,0.000000000000000000e+00,0.000000000000000000e+00,1.112403268446483517e+00,-0.000000000000000000e+00,0.000000000000000000e+00,-5.157481032654774589e-02,0.000000000000000000e+00,-0.000000000000000000e+00,0.000000000000000000e+00,-0.000000000000000000e+00
-6.102697022262081050e-02,-1.918283672183944966e-01,-7.123591301630977091e-02,-0.000000000000000000e+00,-2.042275210165910293e-01,-2.170752697587677027e-01,-1.037647267937951007e-01,1.829979168895060904e-01,0.000000000000000000e+00,-0.000000000000000000e+00,-9.547807847941688908e-02,-0.000000000000000000e+00,-4.069276652700311303e-02,-0.000000000000000000e+00,-0.000000000000000000e+00,-0.000000000000000000e+00,-0.000000000000000000e+00,-0.000000000000000000e+00,-0.000000000000000000e+00,-0.000000000000000000e+00,-0.000000000000000000e+00,-0.000000000000000000e+00,-0.000000000000000000e+00,-3.486734127440584835e-02,-0.000000000000000000e+00,-5.255950536672437251e-02,0.000000000000000000e+00,-5.783037417075016506e-01,-6.445224292664401833e-02,0.000000000000000000e+00,0.000000000000000000e+00,-0.000000000000000000e+00,1.828985875768032621e+00,0.000000000000000000e+00,-0.000000000000000000e+00,0.000000000000000000e+00,0.000000000000000000e+00,-0.000000000000000000e+00,-0.000000000000000000e+00
0.000000000000000000e+00,0.000000000000000000e+00,-0.000000000000000000e+00,0.000000000000000000e+00,-0.000000000000000000e+00,0.000000000000000000e+00,-0.000000000000000000e+00,0.000000000000000000e+00,-9.326926450139261249e-01,-0.000000000000000000e+00,0.000000000000000000e+00,-2.115317886981246398e-01,0.000000000000000000e+00,-0.000000000000000000e+00,-7.340325361596365672e-02,0.000000000000000000e+00,0.000000000000000000e+00,-2.148355574051813988e-01,-3.411369835800462935e-01,0.000000000000000000e+00,-7.700377419403809862e-04,-0.000000000000000000e+00,0.000000000000000000e+00,0.000000000000000000e+00,0.000000000000000000e+00,0.000000000000000000e+00,-0.000000000000000000e+00,-0.000000000000000000e+00,0.000000000000000000e+00,-0.000000000000000000e+00,-0.000000000000000000e+00,0.000000000000000000e+00,0.000000000000000000e+00,1.832965327570171832e+00,0.000000000000000000e+00,0.000000000000000000e+00,-0.000000000000000000e+00,-6.298792832120372887e-02,-0.000000000000000000e+00
-0.000000000000000000e+00,-0.000000000000000000e+00,0.000000000000000000e+00,0.000000000000000000e+00,-0.000000000000000000e+00,-2.781875596579501397e-02,0.000000000000000000e+00,-1.847215188871490221e-01,0.000000000000000000e+00,-0.000000000000000000e+00,-1.614436200037508429e-01,0.000000000000000000e+00,0.000000000000000000e+00,0.000000000000000000e+00,0.000000000000000000e+00,-0.000000000000000000e+00,-0.000000000000000000e+00,0.000000000000000000e+00,0.000000000000000000e+00,-0.000000000000000000e+00,0.000000000000000000e+00,6.127074106215353588e-02,-0.000000000000000000e+00,-0.000000000000000000e+00,-0.000000000000000000e+00,0.000000000000000000e+00,6.598454353417093632e-02,-0.000000000000000000e+00,-0.000000000000000000e+00,-0.000000000000000000e+00,-0.000000000000000000e+00,-5.157481032654774589e-02,-0.000000000000000000e+00,0.000000000000000000e+00,1.309122455875485036e+00,0.000000000000000000e+00,-4.951841151322897705e-01,-0.000000000000000000e+00,-7.494279223888460073e-02
-0.000000000000000000e+00,-0.000000000000000000e+00,-0.000000000000000000e+00,-1.211009176281137162e-01,-5.696733607399040444e-02,-0.000000000000000000e+00,-0.000000000000000000e+00,0.000000000000000000e+00,-0.000000000000000000e+00,-3.667510550606221248e-02,1.456404878926815527e-01,2.059303963790802550e-02,0.000000000000000000e+00,3.520250492610173948e-02,0.000000000000000000e+00,-1.605196923138228482e-01,-0.000000000000000000e+00,-0.000000000000000000e+00,-0.000000000000000000e+00,-0.000000000000000000e+00,0.000000000000000000e+00,0.000000000000000000e+00,0.000000000000000000e+00,0.000000000000000000e+00,-0.000000000000000000e+00,0.000000000000000000e+00,-0.000000000000000000e+00,0.000000000000000000e+00,-0.000000000000000000e+00,-9.373106075667517190e-02,0.000000000000000000e+00,0.000000000000000000e+00,0.000000000000000000e+00,0.000000000000000000e+00,0.000000000000000000e+00,1.081012223064593991e+00,3.576909070859782269e-02,-0.000000000000000000e+00,-0.000000000000000000e+00
0.000000000000000000e+00,0.000000000000000000e+00,0.000000000000000000e+00,0.000000000000000000e+00,0.000000000000000000e+00,0.000000000000000000e+00,0.000000000000000000e+00,-8.679049005395750305e-02,-0.000000000000000000e+00,-2.372997451272977967e-02,-0.000000000000000000e+00,-3.614001580001750535e-01,-0.000000000000000000e+00,0.000000000000000000e+00,0.000000000000000000e+00,1.367717803513802868e-03,0.000000000000000000e+00,6.835522696724954939e-02,-0.000000000000000000e+00,1.402107467098411553e-01,-0.000000000000000000e+00,-0.000000000000000000e+00,-1.508470548390722921e-01,0.000000000000000000e+00,0.000000000000000000e+00,0.000000000000000000e+00,1.121960995582091999e-03,0.000000000000000000e+00,0.000000000000000000e+00,-0.000000000000000000e+00,-9.956227963528058167e-02,-0.000000000000000000e+00,0.000000000000000000e+00,-0.000000000000000000e+00,-4.951841151322897705e-01,3.576909070859782269e-02,1.361871362772438365e+00,0.000000000000000000e+00,-0.000000000000000000e+00
-5.293761004851188501e-02,-0.000000000000000000e+00,-0.000000000000000000e+00,-0.000000000000000000e+00,-3.310385183548083532e-01,-5.706700698050492376e-02,-0.000000000000000000e+00,0.000000000000000000e+00,-0.000000000000000000e+00,-0.000000000000000000e+00,-0.000000000000000000e+00,-0.000000000000000000e+00,-0.000000000000000000e+00,-0.000000000000000000e+00,-2.138387727194880281e-02,-0.000000000000000000e+00,-3.090305576745788069e-02,-2.729361334691443042e-01,-0.000000000000000000e+00,-0.000000000000000000e+00,0.000000000000000000e+00,0.000000000000000000e+00,-0.000000000000000000e+00,-0.000000000000000000e+00,-2.079893607159952890e-02,-0.000000000000000000e+00,0.000000000000000000e+00,-0.000000000000000000e+00,-3.186009964716037673e-02,0.000000000000000000e+00,0.000000000000000000e+00,0.000000000000000000e+00,-0.000000000000000000e+00,-6.298792832120372887e-02,-0.000000000000000000e+00,-0.000000000000000000e+00,0.000000000000000000e+00,1.474436364662519150e+00,-3.957199651290667641e-01
-0.000000000000000000e+00,-1.032809804469648624e-01,0.000000000000000000e+00,0.000000000000000000e+00,-0.000000000000000000e+00,-4.860678857101793232e-02,-0.000000000000000000e+00,0.000000000000000000e+00,-0.000000000000000000e+00,-2.197727862551867861e-01,-0.000000000000000000e+00,-1.223868231801945872e-02,-0.000000000000000000e+00,0.000000000000000000e+00,-7.791817923400053136e-02,-0.000000000000000000e+00,-0.000000000000000000e+00,-0.000000000000000000e+00,-0.000000000000000000e+00,1.853774435129881271e-01,0.000000000000000000e+00,0.000000000000000000e+00,-1.423169078920698549e-01,-1.443793665846371775e-02,-0.000000000000000000e+00,-0.000000000000000000e+00,7.447261449625185159e-02,-0.000000000000000000e+00,-0.000000000000000000e+00,0.000000000000000000e+00,0.000000000000000000e+00,-0.000000000000000000e+00,-0.000000000000000000e+00,-0.000000000000000000e+00,-7.494279223888460073e-02,-0.000000000000000000e+00,-0.000000000000000000e+00,-3.957199651290667641e-01,1.432239228602395720e+00
