2.285364917791867789e+00,-0.000000000000000000e+00,-6.423504717299177713e-02,-6.432435807161289432e-02,-0.000000000000000000e+00,0.000000000000000000e+00,-0.000000000000000000e+00,0.000000000000000000e+00,-1.116893819411381439e-01,-1.516743233483885678e-01,-2.999608778119389196e-02,-0.000000000000000000e+00,-0.000000000000000000e+00,-0.000000000000000000e+00,-0.000000000000000000e+00,-3.006435687225730291e-01,-2.352345925747842403e-01,-1.221892191890817381e-01,-0.000000000000000000e+00,0.000000000000000000e+00,-0.000000000000000000e+00,3.139740352334050716e-02,-1.612775415103751171e-03,-0.000000000000000000e+00,-0.000000000000000000e+00,-2.662248552786533051e-01,-0.000000000000000000e+00,-7.665532978518951705e-03,-3.496953588101656685e-01,-0.000000000000000000e+00,0.000000000000000000e+00,0.000000000000000000e+00,-3.680926895973218177e-02,-0.000000000000000000e+00,0.000000000000000000e+00,-0.000000000000000000e+00,0.000000000000000000e+00,-5.817452423295133013e-01,-0.000000000000000000e+00
-0.000000000000000000e+00,1.800244007261514456e+00,-0.000000000000000000e+00,-0.000000000000000000e+00,-0.000000000000000000e+00,0.000000000000000000e+00,-0.000000000000000000e+00,0.000000000000000000e+00,-1.638527548002875200e-01,-4.168004460728835237e-01,-1.004762471249078110e-01,-0.000000000000000000e+00,0.000000000000000000e+00,-0.000000000000000000e+00,-0.000000000000000000e+00,-1.299248637910802306e-01,-2.169856856524949584e-01,-0.000000000000000000e+00,-0.000000000000000000e+00,0.000000000000000000e+00,-0.000000000000000000e+00,0.000000000000000000e+00,-0.000000000000000000e+00,-0.000000000000000000e+00,-0.000000000000000000e+00,-0.000000000000000000e+00,-0.000000000000000000e+00,-0.000000000000000000e+00,-0.000000000000000000e+00,-0.000000000000000000e+00,-0.000000000000000000e+00,-0.000000000000000000e+00,-0.000000000000000000e+00,-0.000000000000000000e+00,0.000000000000000000e+00,-0.000000000000000000e+00,-0.000000000000000000e+00,-0.000000000000000000e+00,-4.797191227728897500e-01
-6.423504717299177713e-02,-0.000000000000000000e+00,2.477575365651895734e+00,-0.000000000000000000e+00,-2.942670229418949956e-01,0.000000000000000000e+00,-0.000000000000000000e+00,9.037692576018597768e-01,-1.360593404862766864e-01,-1.665643270523735064e-01,-0.000000000000000000e+00,-0.000000000000000000e+00,0.000000000000000000e+00,-1.413909402713416363e-01,-0.000000000000000000e+00,-2.089215520165007070e-02,-0.000000000000000000e+00,-9.435413697219442470e-04,-0.000000000000000000e+00,0.000000000000000000e+00,-0.000000000000000000e+00,3.157326564770990274e-02,-1.197320584984692959e-01,-0.000000000000000000e+00,-1.612544496558871165e-01,-1.173125976962489658e-01,-0.000000000000000000e+00,-5.432341212880797271e-02,-0.000000000000000000e+00,-0.000000000000000000e+00,-0.000000000000000000e+00,0.000000000000000000e+00,-0.000000000000000000e+00,-5.444615564345153813e-02,0.000000000000000000e+00,-2.795380194324404988e-01,-0.000000000000000000e+00,-0.000000000000000000e+00,-0.000000000000000000e+00
-6.432435807161289432e-02,-0.000000000000000000e+00,-0.000000000000000000e+00,1.365731959036395882e+00,-1.523800245906782036e-01,0.000000000000000000e+00,-1.242969096853209221e-01,0.000000000000000000e+00,-0.000000000000000000e+00,-0.000000000000000000e+00,-0.000000000000000000e+00,0.000000000000000000e+00,0.000000000000000000e+00,-0.000000000000000000e+00,-0.000000000000000000e+00,-0.000000000000000000e+00,-0.000000000000000000e+00,-3.325468746589016478e-01,-5.289064685303243585e-02,-0.000000000000000000e+00,-0.000000000000000000e+00,0.000000000000000000e+00,-0.000000000000000000e+00,-0.000000000000000000e+00,-0.000000000000000000e+00,-0.000000000000000000e+00,0.000000000000000000e+00,-5.631680035511134330e-02,-0.000000000000000000e+00,-0.000000000000000000e+00,-0.000000000000000000e+00,0.000000000000000000e+00,-0.000000000000000000e+00,-0.000000000000000000e+00,0.000000000000000000e+00,-7.162268605155122647e-02,0.000000000000000000e+00,-0.000000000000000000e+00,-9.814718281314016579e-02
-0.000000000000000000e+00,-0.000000000000000000e+00,-2.942670229418949956e-01,-1.523800245906782036e-01,1.792671007602037125e+00,0.000000000000000000e+00,-0.000000000000000000e+00,3.130674337726814249e-01,-2.828307254017677422e-02,-8.412469079701019592e-02,-0.000000000000000000e+00,-0.000000000000000000e+00,0.000000000000000000e+00,-0.000000000000000000e+00,0.000000000000000000e+00,-1.822408690529508588e-02,-0.000000000000000000e+00,-9.723129617374558220e-02,-0.000000000000000000e+00,0.000000000000000000e+00,-0.000000000000000000e+00,0.000000000000000000e+00,-0.000000000000000000e+00,-0.000000000000000000e+00,-0.000000000000000000e+00,-0.000000000000000000e+00,-0.000000000000000000e+00,-5.205255147520294196e-02,-0.000000000000000000e+00,-1.238895240112413282e-01,-0.000000000000000000e+00,0.000000000000000000e+00,-0.000000000000000000e+00,-3.715902789383433436e-01,0.000000000000000000e+00,-3.661090707926260845e-02,0.000000000000000000e+00,-0.000000000000000000e+00,-0.000000000000000000e+00
0.000000000000000000e+00,0.000000000000000000e+00,0.000000000000000000e+00,0.000000000000000000e+00,0.000000000000000000e+00,1.799494231696716628e+00,1.667313519560049973e-01,-0.000000000000000000e+00,0.000000000000000000e+00,0.000000000000000000e+00,0.000000000000000000e+00,-0.000000000000000000e+00,0.000000000000000000e+00,0.000000000000000000e+00,1.544423600067486302e-01,0.000000000000000000e+00,0.000000000000000000e+00,7.763266400252076538e-02,7.240218615582892647e-02,-0.000000000000000000e+00,6.279273747240400605e-02,-0.000000000000000000e+00,-0.000000000000000000e+00,-0.000000000000000000e+00,-0.000000000000000000e+00,-0.000000000000000000e+00,-1.544152165789307437e-03,0.000000000000000000e+00,-0.000000000000000000e+00,-0.000000000000000000e+00,-0.000000000000000000e+00,-0.000000000000000000e+00,0.000000000000000000e+00,5.463629207145442868e-02,-5.182771455022272544e-01,0.000000000000000000e+00,-5.560656120191562746e-01,0.000000000000000000e+00,1.808902218036448004e-02
-0.000000000000000000e+00,-0.000000000000000000e+00,-0.000000000000000000e+00,-1.242969096853209221e-01,-0.000000000000000000e+00,1.667313519560049973e-01,1.307649752804891374e+00,0.000000000000000000e+00,-0.000000000000000000e+00,-0.000000000000000000e+00,-0.000000000000000000e+00,0.000000000000000000e+00,-0.000000000000000000e+00,-0.000000000000000000e+00,-6.309226362804076782e-02,-0.000000000000000000e+00,-0.000000000000000000e+00,-1.811997503726285319e-01,-1.509498467859532456e-01,0.000000000000000000e+00,-0.000000000000000000e+00,-0.000000000000000000e+00,-0.000000000000000000e+00,-0.000000000000000000e+00,0.000000000000000000e+00,-0.000000000000000000e+00,0.000000000000000000e+00,-2.677069990163337757e-02,0.000000000000000000e+00,-0.000000000000000000e+00,0.000000000000000000e+00,0.000000000000000000e+00,-0.000000000000000000e+00,-0.000000000000000000e+00,1.041658400826852848e-01,-0.000000000000000000e+00,1.112615983921887292e-01,-0.000000000000000000e+00,-0.000000000000000000e+00
0.000000000000000000e+00,0.000000000000000000e+00,9.037692576018597768e-01,0.000000000000000000e+00,3.130674337726814249e-01,-0.000000000000000000e+00,0.000000000000000000e+00,2.327022075464559858e+00,5.812404181414165816e-02,7.975959627410461605e-02,0.000000000000000000e+00,0.000000000000000000e+00,-0.000000000000000000e+00,1.688481754698869242e-01,0.000000000000000000e+00,0.000000000000000000e+00,0.000000000000000000e+00,1.393112145986311404e-02,0.000000000000000000e+00,-0.000000000000000000e+00,0.000000000000000000e+00,-0.000000000000000000e+00,7.531899827051449781e-02,0.000000000000000000e+00,2.261004901780339915e-01,1.021738249402123766e-01,0.000000000000000000e+00,7.779003184320094910e-02,0.000000000000000000e+00,0.000000000000000000e+00,0.000000000000000000e+00,-0.000000000000000000e+00,0.000000000000000000e+00,1.029819200323304866e-02,-0.000000000000000000e+00,2.490074481416381103e-01,0.000000000000000000e+00,0.000000000000000000e+00,0.000000000000000000e+00
-1.116893819411381439e-01,-1.638527548002875200e-01,-1.360593404862766864e-01,-0.000000000000000000e+00,-2.828307254017677422e-02,0.000000000000000000e+00,-0.000000000000000000e+00,5.812404181414165816e-02,2.660784283903701919e+00,-3.526615417399994179e-01,-0.000000000000000000e+00,-0.000000000000000000e+00,-0.000000000000000000e+00,-2.038280524737141330e-01,-0.000000000000000000e+00,-3.556851791990413569e-01,-7.666671622625054194e-02,-1.152241698731325398e-01,-5.149674162839482094e-02,2.096004028688338849e-01,-0.000000000000000000e+00,0.000000000000000000e+00,-2.432483574969507567e-01,-0.000000000000000000e+00,-0.000000000000000000e+00,-0.000000000000000000e+00,-0.000000000000000000e+00,-2.889352345929313559e-02,-0.000000000000000000e+00,-1.467149515872947785e-01,0.000000000000000000e+00,0.000000000000000000e+00,-0.000000000000000000e+00,-3.023865103218835171e-01,0.000000000000000000e+00,-4.726755992305601423e-02,0.000000000000000000e+00,-2.549511403277600619e-01,-3.375732469969174726e-02
-1.516743233483885678e-01,-4.168004460728835237e-01,-1.665643270523735064e-01,-0.000000000000000000e+00,-8.412469079701019592e-02,0.000000000000000000e+00,-0.000000000000000000e+00,7.975959627410461605e-02,-3.526615417399994179e-01,2.711850737879322626e+00,-0.000000000000000000e+00,-1.303774276387336534e-02,0.000000000000000000e+00,-1.283354573364977325e-01,-0.000000000000000000e+00,-5.810330466002424643e-01,-8.456761149708512393e-02,-0.000000000000000000e+00,-9.465824536861518201e-02,6.932314842498311924e-02,-0.000000000000000000e+00,0.000000000000000000e+00,-6.580263514304542094e-02,-0.000000000000000000e+00,-3.646444550134259055e-02,-0.000000000000000000e+00,-0.000000000000000000e+00,-0.000000000000000000e+00,-0.000000000000000000e+00,-3.101241800223215050e-01,-0.000000000000000000e+00,0.000000000000000000e+00,-0.000000000000000000e+00,-1.353567389064407045e-01,0.000000000000000000e+00,-0.000000000000000000e+00,0.000000000000000000e+00,-0.000000000000000000e+00,-1.548555885252429209e-01
-2.999608778119389196e-02,-1.004762471249078110e-01,-0.000000000000000000e+00,-0.000000000000000000e+00,-0.000000000000000000e+00,0.000000000000000000e+00,-0.000000000000000000e+00,0.000000000000000000e+00,-0.000000000000000000e+00,-0.000000000000000000e+00,1.190167046268008511e+00,0.000000000000000000e+00,-0.000000000000000000e+00,-0.000000000000000000e+00,-1.533633942133299233e-01,-0.000000000000000000e+00,-4.315616768862415298e-02,-6.187119645657305350e-02,-5.700735438510269593e-02,0.000000000000000000e+00,-0.000000000000000000e+00,8.297531205327265957e-02,0.000000000000000000e+00,-0.000000000000000000e+00,0.000000000000000000e+00,-0.000000000000000000e+00,0.000000000000000000e+00,-0.000000000000000000e+00,-0.000000000000000000e+00,0.000000000000000000e+00,0.000000000000000000e+00,-0.000000000000000000e+00,-1.144918699648809907e-01,-0.000000000000000000e+00,0.000000000000000000e+00,-0.000000000000000000e+00,0.000000000000000000e+00,-0.000000000000000000e+00,-7.382166851406635200e-02
-0.000000000000000000e+00,-0.000000000000000000e+00,-0.000000000000000000e+00,0.000000000000000000e+00,-0.000000000000000000e+00,-0.000000000000000000e+00,0.000000000000000000e+00,0.000000000000000000e+00,-0.000000000000000000e+00,-1.303774276387336534e-02,0.000000000000000000e+00,1.162485707662041845e+00,0.000000000000000000e+00,-0.000000000000000000e+00,0.000000000000000000e+00,-0.000000000000000000e+00,-0.000000000000000000e+00,-0.000000000000000000e+00,-0.000000000000000000e+00,0.000000000000000000e+00,0.000000000000000000e+00,-0.000000000000000000e+00,-1.085078702897564716e-02,-0.000000000000000000e+00,-0.000000000000000000e+00,-7.404751416819192744e-02,-5.592992176219357264e-02,-3.760607632601226796e-02,-0.000000000000000000e+00,-3.491905898901960237e-01,-0.000000000000000000e+00,0.000000000000000000e+00,-0.000000000000000000e+00,-0.000000000000000000e+00,-0.000000000000000000e+00,-0.000000000000000000e+00,-0.000000000000000000e+00,-0.000000000000000000e+00,-0.000000000000000000e+00
-0.000000000000000000e+00,0.000000000000000000e+00,0.000000000000000000e+00,0.000000000000000000e+00,0.000000000000000000e+00,0.000000000000000000e+00,-0.000000000000000000e+00,-0.000000000000000000e+00,-0.000000000000000000e+00,0.000000000000000000e+00,-0.000000000000000000e+00,0.000000000000000000e+00,1.198335077865860576e+00,0.000000000000000000e+00,-1.264422135023744731e-01,-0.000000000000000000e+00,-0.000000000000000000e+00,-0.000000000000000000e+00,-0.000000000000000000e+00,-0.000000000000000000e+00,-8.201490912881885184e-03,-0.000000000000000000e+00,0.000000000000000000e+00,-0.000000000000000000e+00,0.000000000000000000e+00,-0.000000000000000000e+00,1.175161918852672960e-01,-0.000000000000000000e+00,-1.857781656426852820e-02,0.000000000000000000e+00,4.295105608665004127e-01,-0.000000000000000000e+00,-0.000000000000000000e+00,-0.000000000000000000e+00,0.000000000000000000e+00,0.000000000000000000e+00,0.000000000000000000e+00,-0.000000000000000000e+00,-0.000000000000000000e+00
-0.000000000000000000e+00,-0.000000000000000000e+00,-1.413909402713416363e-01,-0.000000000000000000e+00,-0.000000000000000000e+00,0.000000000000000000e+00,-0.000000000000000000e+00,1.688481754698869242e-01,-2.038280524737141330e-01,-1.283354573364977325e-01,-0.000000000000000000e+00,-0.000000000000000000e+00,0.000000000000000000e+00,1.893633974748120341e+00,-0.000000000000000000e+00,-8.109209957030762139e-02,-0.000000000000000000e+00,-0.000000000000000000e+00,-8.327936504474664492e-02,0.000000000000000000e+00,-0.000000000000000000e+00,0.000000000000000000e+00,-7.796043421311439625e-02,-3.232062230721120533e-01,-1.686880837206456152e-01,-0.000000000000000000e+00,-0.000000000000000000e+00,-8.152707126083956479e-02,-0.000000000000000000e+00,-1.558888249631591172e-01,-0.000000000000000000e+00,0.000000000000000000e+00,-6.414934254589951812e-02,-1.919554715162441819e-02,0.000000000000000000e+00,-1.572639270556075441e-01,-0.000000000000000000e+00,-0.000000000000000000e+00,-4.238517168511179295e-02
-0.000000000000000000e+00,-0.000000000000000000e+00,-0.000000000000000000e+00,-0.000000000000000000e+00,0.000000000000000000e+00,1.544423600067486302e-01,-6.309226362804076782e-02,0.000000000000000000e+00,-0.000000000000000000e+00,-0.000000000000000000e+00,-1.533633942133299233e-01,0.000000000000000000e+00,-1.264422135023744731e-01,-0.000000000000000000e+00,1.529014447169287250e+00,-0.000000000000000000e+00,-0.000000000000000000e+00,-1.401301499302460944e-02,-2.314021598668233870e-02,0.000000000000000000e+00,-1.190269731727490454e-01,0.000000000000000000e+00,0.000000000000000000e+00,-0.000000000000000000e+00,0.000000000000000000e+00,-0.000000000000000000e+00,1.502774848691485754e-01,-0.000000000000000000e+00,-0.000000000000000000e+00,0.000000000000000000e+00,0.000000000000000000e+00,0.000000000000000000e+00,-2.786858888107583976e-01,-0.000000000000000000e+00,1.334266126946309465e-02,-0.000000000000000000e+00,1.213781048835395476e-01,-3.549287088597984918e-01,-0.000000000000000000e+00
-3.006435687225730291e-01,-1.299248637910802306e-01,-2.089215520165007070e-02,-0.000000000000000000e+00,-1.822408690529508588e-02,0.000000000000000000e+00,-0.000000000000000000e+00,0.000000000000000000e+00,-3.556851791990413569e-01,-5.810330466002424643e-01,-0.000000000000000000e+00,-0.000000000000000000e+00,-0.000000000000000000e+00,-8.109209957030762139e-02,-0.000000000000000000e+00,2.597628577003824102e+00,-5.403422124165173368e-02,-1.873323415344567422e-01,-9.860441820790459555e-02,0.000000000000000000e+00,-0.000000000000000000e+00,0.000000000000000000e+00,-0.000000000000000000e+00,-0.000000000000000000e+00,-0.000000000000000000e+00,-0.000000000000000000e+00,-0.000000000000000000e+00,-1.474184571846893967e-03,-0.000000000000000000e+00,-1.341811169603626952e-01,0.000000000000000000e+00,0.000000000000000000e+00,-0.000000000000000000e+00,-1.891918626358771727e-01,0.000000000000000000e+00,-0.000000000000000000e+00,0.000000000000000000e+00,-2.063321072318301808e-01,-2.584119850338181812e-01
-2.352345925747842403e-01,-2.169856856524949584e-01,-0.000000000000000000e+00,-0.000000000000000000e+00,-0.000000000000000000e+00,0.000000000000000000e+00,-0.000000000000000000e+00,0.000000000000000000e+00,-7.666671622625054194e-02,-8.456761149708512393e-02,-4.315616768862415298e-02,-0.000000000000000000e+00,-0.000000000000000000e+00,-0.000000000000000000e+00,-0.000000000000000000e+00,-5.403422124165173368e-02,1.711204913011803219e+00,-0.000000000000000000e+00,-7.286883073847633119e-02,0.000000000000000000e+00,-0.000000000000000000e+00,0.000000000000000000e+00,-6.088547074349920374e-02,-0.000000000000000000e+00,-0.000000000000000000e+00,-0.000000000000000000e+00,-0.000000000000000000e+00,-8.303903516962857223e-02,-0.000000000000000000e+00,-6.459078715542949933e-02,0.000000000000000000e+00,-0.000000000000000000e+00,-0.000000000000000000e+00,-0.000000000000000000e+00,0.000000000000000000e+00,-0.000000000000000000e+00,0.000000000000000000e+00,-1.986590914447540490e-01,-2.861010808814311024e-01
-1.221892191890817381e-01,-0.000000000000000000e+00,-9.435413697219442470e-04,-3.325468746589016478e-01,-9.723129617374558220e-02,7.763266400252076538e-02,-1.811997503726285319e-01,1.393112145986311404e-02,-1.152241698731325398e-01,-0.000000000000000000e+00,-6.187119645657305350e-02,-0.000000000000000000e+00,-0.000000000000000000e+00,-0.000000000000000000e+00,-1.401301499302460944e-02,-1.873323415344567422e-01,-0.000000000000000000e+00,2.658843704951164177e+00,-4.376170300552512105e-01,0.000000000000000000e+00,-0.000000000000000000e+00,4.309708970136658795e-02,-0.000000000000000000e+00,-0.000000000000000000e+00,-0.000000000000000000e+00,-0.000000000000000000e+00,0.000000000000000000e+00,-1.197761127614103971e-01,-0.000000000000000000e+00,-0.000000000000000000e+00,0.000000000000000000e+00,0.000000000000000000e+00,-3.030548595019373903e-01,-4.389388612887341612e-01,0.000000000000000000e+00,-3.003239927874375853e-02,0.000000000000000000e+00,-3.770096818771725422e-01,-4.230276012190986590e-02
-0.000000000000000000e+00,-0.000000000000000000e+00,-0.000000000000000000e+00,-5.289064685303243585e-02,-0.000000000000000000e+00,7.240218615582892647e-02,-1.509498467859532456e-01,0.000000000000000000e+00,-5.149674162839482094e-02,-9.465824536861518201e-02,-5.700735438510269593e-02,-0.000000000000000000e+00,-0.000000000000000000e+00,-8.327936504474664492e-02,-2.314021598668233870e-02,-9.860441820790459555e-02,-7.286883073847633119e-02,-4.376170300552512105e-01,2.196025911293920885e+00,0.000000000000000000e+00,-1.136301946650936506e-01,0.000000000000000000e+00,-0.000000000000000000e+00,-0.000000000000000000e+00,-0.000000000000000000e+00,-0.000000000000000000e+00,0.000000000000000000e+00,-0.000000000000000000e+00,-0.000000000000000000e+00,-0.000000000000000000e+00,-0.000000000000000000e+00,0.000000000000000000e+00,-5.982299188557015091e-02,-3.762453185935671907e-01,8.854214060313450596e-02,-8.940384908120871388e-02,0.000000000000000000e+00,-0.000000000000000000e+00,-3.707879989974581791e-01
0.000000000000000000e+00,0.000000000000000000e+00,0.000000000000000000e+00,-0.000000000000000000e+00,0.000000000000000000e+00,-0.000000000000000000e+00,0.000000000000000000e+00,-0.000000000000000000e+00,2.096004028688338849e-01,6.932314842498311924e-02,0.000000000000000000e+00,0.000000000000000000e+00,-0.000000000000000000e+00,0.000000000000000000e+00,0.000000000000000000e+00,0.000000000000000000e+00,0.000000000000000000e+00,0.000000000000000000e+00,0.000000000000000000e+00,1.183990908562821520e+00,0.000000000000000000e+00,-1.574149469527711398e-01,0.000000000000000000e+00,0.000000000000000000e+00,0.000000000000000000e+00,0.000000000000000000e+00,0.000000000000000000e+00,0.000000000000000000e+00,0.000000000000000000e+00,0.000000000000000000e+00,-0.000000000000000000e+00,-0.000000000000000000e+00,2.110996463241855692e-02,1.778879755973192534e-01,-0.000000000000000000e+00,0.000000000000000000e+00,-0.000000000000000000e+00,0.000000000000000000e+00,0.000000000000000000e+00
-0.000000000000000000e+00,-0.000000000000000000e+00,-0.000000000000000000e+00,-0.000000000000000000e+00,-0.000000000000000000e+00,6.279273747240400605e-02,-0.000000000000000000e+00,0.000000000000000000e+00,-0.000000000000000000e+00,-0.000000000000000000e+00,-0.000000000000000000e+00,0.000000000000000000e+00,-8.201490912881885184e-03,-0.000000000000000000e+00,-1.190269731727490454e-01,-0.000000000000000000e+00,-0.000000000000000000e+00,-0.000000000000000000e+00,-1.136301946650936506e-01,0.000000000000000000e+00,1.198401444375585267e+00,0.000000000000000000e+00,-0.000000000000000000e+00,-0.000000000000000000e+00,-0.000000000000000000e+00,-0.000000000000000000e+00,0.000000000000000000e+00,-0.000000000000000000e+00,-0.000000000000000000e+00,-0.000000000000000000e+00,0.000000000000000000e+00,3.392636068389429105e-02,-2.782690975315668114e-01,-0.000000000000000000e+00,0.000000000000000000e+00,-0.000000000000000000e+00,0.000000000000000000e+00,-8.267468440048011957e-03,-4.891326926592751839e-02
3.139740352334050716e-02,0.000000000000000000e+00,3.157326564770990274e-02,0.000000000000000000e+00,0.000000000000000000e+00,-0.000000000000000000e+00,-0.000000000000000000e+00,-0.000000000000000000e+00,0.000000000000000000e+00,0.000000000000000000e+00,8.297531205327265957e-02,-0.000000000000000000e+00,-0.000000000000000000e+00,0.000000000000000000e+00,0.000000000000000000e+00,0.000000000000000000e+00,0.000000000000000000e+00,4.309708970136658795e-02,0.000000000000000000e+00,-1.574149469527711398e-01,0.000000000000000000e+00,1.057964140511050255e+00,0.000000000000000000e+00,-0.000000000000000000e+00,0.000000000000000000e+00,0.000000000000000000e+00,-0.000000000000000000e+00,-0.000000000000000000e+00,0.000000000000000000e+00,0.000000000000000000e+00,0.000000000000000000e+00,-0.000000000000000000e+00,0.000000000000000000e+00,1.944710981029608085e-02,-0.000000000000000000e+00,0.000000000000000000e+00,-0.000000000000000000e+00,0.000000000000000000e+00,0.000000000000000000e+00
-1.612775415103751171e-03,-0.000000000000000000e+00,-1.197320584984692959e-01,-0.000000000000000000e+00,-0.000000000000000000e+00,-0.000000000000000000e+00,-0.000000000000000000e+00,7.531899827051449781e-02,-2.432483574969507567e-01,-6.580263514304542094e-02,0.000000000000000000e+00,-1.085078702897564716e-02,0.000000000000000000e+00,-7.796043421311439625e-02,0.000000000000000000e+00,-0.000000000000000000e+00,-6.088547074349920374e-02,-0.000000000000000000e+00,-0.000000000000000000e+00,0.000000000000000000e+00,-0.000000000000000000e+00,0.000000000000000000e+00,2.090795110563281156e+00,-5.485574126216033464e-02,-6.037294768082270835e-01,-3.564395937325736674e-01,-1.993289571835316631e-01,-0.000000000000000000e+00,-0.000000000000000000e+00,-2.266789480157032355e-01,-0.000000000000000000e+00,0.000000000000000000e+00,-0.000000000000000000e+00,-0.000000000000000000e+00,-0.000000000000000000e+00,-5.132507469724680027e-02,-0.000000000000000000e+00,-0.000000000000000000e+00,-0.000000000000000000e+00
-0.000000000000000000e+00,-0.000000000000000000e+00,-0.000000000000000000e+00,-0.000000000000000000e+00,-0.000000000000000000e+00,-0.000000000000000000e+00,-0.000000000000000000e+00,0.000000000000000000e+00,-0.000000000000000000e+00,-0.000000000000000000e+00,-0.000000000000000000e+00,-0.000000000000000000e+00,-0.000000000000000000e+00,-3.232062230721120533e-01,-0.000000000000000000e+00,-0.000000000000000000e+00,-0.000000000000000000e+00,-0.000000000000000000e+00,-0.000000000000000000e+00,0.000000000000000000e+00,-0.000000000000000000e+00,-0.000000000000000000e+00,-5.485574126216033464e-02,1.228344182666835316e+00,-0.000000000000000000e+00,-1.621832253068137553e-01,-0.000000000000000000e+00,-0.000000000000000000e+00,-5.371939978300976914e-02,-0.000000000000000000e+00,-0.000000000000000000e+00,-0.000000000000000000e+00,-9.132020484098585245e-02,-0.000000000000000000e+00,-0.000000000000000000e+00,-0.000000000000000000e+00,-0.000000000000000000e+00,-0.000000000000000000e+00,-0.000000000000000000e+00
-0.000000000000000000e+00,-0.000000000000000000e+00,-1.612544496558871165e-01,-0.000000000000000000e+00,-0.000000000000000000e+00,-0.000000000000000000e+00,0.000000000000000000e+00,2.261004901780339915e-01,-0.000000000000000000e+00,-3.646444550134259055e-02,0.000000000000000000e+00,-0.000000000000000000e+00,0.000000000000000000e+00,-1.686880837206456152e-01,0.000000000000000000e+00,-0.000000000000000000e+00,-0.000000000000000000e+00,-0.000000000000000000e+00,-0.000000000000000000e+00,0.000000000000000000e+00,-0.000000000000000000e+00,0.000000000000000000e+00,-6.037294768082270835e-01,-0.000000000000000000e+00,2.073272409966202101e+00,-9.367409209917669510e-02,-4.042196198389960693e-01,-0.000000000000000000e+00,-7.038740212720988321e-02,-3.673045357720630677e-01,-0.000000000000000000e+00,0.000000000000000000e+00,-0.000000000000000000e+00,-0.000000000000000000e+00,-0.000000000000000000e+00,-0.000000000000000000e+00,-0.000000000000000000e+00,-0.000000000000000000e+00,-0.000000000000000000e+00
-2.662248552786533051e-01,-0.000000000000000000e+00,-1.173125976962489658e-01,-0.000000000000000000e+00,-0.000000000000000000e+00,-0.000000000000000000e+00,-0.000000000000000000e+00,1.021738249402123766e-01,-0.000000000000000000e+00,-0.000000000000000000e+00,-0.000000000000000000e+00,-7.404751416819192744e-02,-0.000000000000000000e+00,-0.000000000000000000e+00,-0.000000000000000000e+00,-0.000000000000000000e+00,-0.000000000000000000e+00,-0.000000000000000000e+00,-0.000000000000000000e+00,0.000000000000000000e+00,-0.000000000000000000e+00,0.000000000000000000e+00,-3.564395937325736674e-01,-1.621832253068137553e-01,-9.367409209917669510e-02,1.908993423429618197e+00,-0.000000000000000000e+00,-1.749992134804585486e-01,-5.314916355886791788e-01,-0.000000000000000000e+00,0.000000000000000000e+00,-0.000000000000000000e+00,-0.000000000000000000e+00,-0.000000000000000000e+00,-0.000000000000000000e+00,-0.000000000000000000e+00,-0.000000000000000000e+00,-4.029213403942835670e-02,-0.000000000000000000e+00
-0.000000000000000000e+00,-0.000000000000000000e+00,-0.000000000000000000e+00,0.000000000000000000e+00,-0.000000000000000000e+00,-1.544152165789307437e-03,0.000000000000000000e+00,0.000000000000000000e+00,-0.000000000000000000e+00,-0.000000000000000000e+00,0.000000000000000000e+00,-5.592992176219357264e-02,1.175161918852672960e-01,-0.000000000000000000e+00,1.502774848691485754e-01,-0.000000000000000000e+00,-0.000000000000000000e+00,0.000000000000000000e+00,0.000000000000000000e+00,0.000000000000000000e+00,0.000000000000000000e+00,-0.000000000000000000e+00,-1.993289571835316631e-01,-0.000000000000000000e+00,-4.042196198389960693e-01,-0.000000000000000000e+00,1.375767161439963138e+00,-0.000000000000000000e+00,-0.000000000000000000e+00,-0.000000000000000000e+00,-6.512299035313702522e-02,-0.000000000000000000e+00,0.000000000000000000e+00,0.000000000000000000e+00,-0.000000000000000000e+00,-0.000000000000000000e+00,-3.844521437553109489e-01,0.000000000000000000e+00,-0.000000000000000000e+00
-7.665532978518951705e-03,-0.000000000000000000e+00,-5.432341212880797271e-02,-5.631680035511134330e-02,-5.205255147520294196e-02,0.000000000000000000e+00,-2.677069990163337757e-02,7.779003184320094910e-02,-2.889352345929313559e-02,-0.000000000000000000e+00,-0.000000000000000000e+00,-3.760607632601226796e-02,-0.000000000000000000e+00,-8.152707126083956479e-02,-0.000000000000000000e+00,-1.474184571846893967e-03,-8.303903516962857223e-02,-1.197761127614103971e-01,-0.000000000000000000e+00,0.000000000000000000e+00,-0.000000000000000000e+00,-0.000000000000000000e+00,-0.000000000000000000e+00,-0.000000000000000000e+00,-0.000000000000000000e+00,-1.749992134804585486e-01,-0.000000000000000000e+00,1.696772471970624752e+00,-0.000000000000000000e+00,-1.389657136884353827e-01,0.000000000000000000e+00,0.000000000000000000e+00,-2.799495760069332095e-01,-1.225351530148163642e-01,0.000000000000000000e+00,-1.021339087379555532e-01,0.000000000000000000e+00,-1.241705383600496398e-01,-0.000000000000000000e+00
-3.496953588101656685e-01,-0.000000000000000000e+00,-0.000000000000000000e+00,-0.000000000000000000e+00,-0.000000000000000000e+00,-0.000000000000000000e+00,0.000000000000000000e+00,0.000000000000000000e+00,-0.000000000000000000e+00,-0.000000000000000000e+00,-0.000000000000000000e+00,-0.000000000000000000e+00,-1.857781656426852820e-02,-0.000000000000000000e+00,-0.000000000000000000e+00,-0.000000000000000000e+00,-0.000000000000000000e+00,-0.000000000000000000e+00,-0.000000000000000000e+00,0.000000000000000000e+00,-0.000000000000000000e+00,0.000000000000000000e+00,-0.000000000000000000e+00,-5.371939978300976914e-02,-7.038740212720988321e-02,-5.314916355886791788e-01,-0.000000000000000000e+00,-0.000000000000000000e+00,1.580071261830290785e+00,-3.269975605218729264e-02,0.000000000000000000e+00,-0.000000000000000000e+00,-1.838416616108325685e-01,-0.000000000000000000e+00,-0.000000000000000000e+00,-0.000000000000000000e+00,-2.498121859562281791e-02,-1.378311536159705641e-02,-0.000000000000000000e+00
-0.000000000000000000e+00,-0.000000000000000000e+00,-0.000000000000000000e+00,-0.000000000000000000e+00,-1.238895240112413282e-01,-0.000000000000000000e+00,-0.000000000000000000e+00,0.000000000000000000e+00,-1.467149515872947785e-01,-3.101241800223215050e-01,0.000000000000000000e+00,-3.491905898901960237e-01,0.000000000000000000e+00,-1.558888249631591172e-01,0.000000000000000000e+00,-1.341811169603626952e-01,-6.459078715542949933e-02,-0.000000000000000000e+00,-0.000000000000000000e+00,0.000000000000000000e+00,-0.000000000000000000e+00,0.000000000000000000e+00,-2.266789480157032355e-01,-0.000000000000000000e+00,-3.673045357720630677e-01,-0.000000000000000000e+00,-0.000000000000000000e+00,-1.389657136884353827e-01,-3.269975605218729264e-02,1.988540988746288818e+00,-0.000000000000000000e+00,0.000000000000000000e+00,-0.000000000000000000e+00,-0.000000000000000000e+00,0.000000000000000000e+00,-0.000000000000000000e+00,-0.000000000000000000e+00,-0.000000000000000000e+00,-0.000000000000000000e+00
0.000000000000000000e+00,-0.000000000000000000e+00,-0.000000000000000000e+00,-0.000000000000000000e+00,-0.000000000000000000e+00,-0.000000000000000000e+00,0.000000000000000000e+00,0.000000000000000000e+00,0.000000000000000000e+00,-0.000000000000000000e+00,0.000000000000000000e+00,-0.000000000000000000e+00,4.295105608665004127e-01,-0.000000000000000000e+00,0.000000000000000000e+00,0.000000000000000000e+00,0.000000000000000000e+00,0.000000000000000000e+00,-0.000000000000000000e+00,-0.000000000000000000e+00,0.000000000000000000e+00,0.000000000000000000e+00,-0.000000000000000000e+00,-0.000000000000000000e+00,-0.000000000000000000e+00,0.000000000000000000e+00,-6.512299035313702522e-02,0.000000000000000000e+00,0.000000000000000000e+00,-0.000000000000000000e+00,1.168646499077154122e+00,0.000000000000000000e+00,0.000000000000000000e+00,0.000000000000000000e+00,-0.000000000000000000e+00,-0.000000000000000000e+00,-0.000000000000000000e+00,0.000000000000000000e+00,-0.000000000000000000e+00
0.000000000000000000e+00,-0.000000000000000000e+00,0.000000000000000000e+00,0.000000000000000000e+00,0.000000000000000000e+00,-0.000000000000000000e+00,0.000000000000000000e+00,-0.000000000000000000e+00,0.000000000000000000e+00,0.000000000000000000e+00,-0.000000000000000000e+00,0.000000000000000000e+00,-0.000000000000000000e+00,0.000000000000000000e+00,0.000000000000000000e+00,0.000000000000000000e+00,-0.000000000000000000e+00,0.000000000000000000e+00,0.000000000000000000e+00,-0.000000000000000000e+00,3.392636068389429105e-02,-0.000000000000000000e+00,0.000000000000000000e+00,-0.000000000000000000e+00,0.000000000000000000e+00,-0.000000000000000000e+00,-0.000000000000000000e+00,0.000000000000000000e+00,-0.000000000000000000e+00,0.000000000000000000e+00,0.000000000000000000e+00,1.139240003457061778e+00,0.000000000000000000e+00,0.000000000000000000e+00,-0.000000000000000000e+00,4.727684282376570790e-02,-3.805876614472662456e-01,0.000000000000000000e+00,0.000000000000000000e+00
-3.680926895973218177e-02,-0.000000000000000000e+00,-0.000000000000000000e+00,-0.000000000000000000e+00,-0.000000000000000000e+00,0.000000000000000000e+00,-0.000000000000000000e+00,0.000000000000000000e+00,-0.000000000000000000e+00,-0.000000000000000000e+00,-1.144918699648809907e-01,-0.000000000000000000e+00,-0.000000000000000000e+00,-6.414934254589951812e-02,-2.786858888107583976e-01,-0.000000000000000000e+00,-0.000000000000000000e+00,-3.030548595019373903e-01,-5.982299188557015091e-02,2.110996463241855692e-02,-2.782690975315668114e-01,0.000000000000000000e+00,-0.000000000000000000e+00,-9.132020484098585245e-02,-0.000000000000000000e+00,-0.000000000000000000e+00,0.000000000000000000e+00,-2.799495760069332095e-01,-1.838416616108325685e-01,-0.000000000000000000e+00,0.000000000000000000e+00,0.000000000000000000e+00,1.950119966800074378e+00,-3.270506360415028485e-02,0.000000000000000000e+00,-6.418008426211939399e-02,0.000000000000000000e+00,-2.993114999066970872e-01,-0.000000000000000000e+00
-0.000000000000000000e+00,-0.000000000000000000e+00,-5.444615564345153813e-02,-0.000000000000000000e+00,-3.715902789383433436e-01,5.463629207145442868e-02,-0.000000000000000000e+00,1.029819200323304866e-02,-3.023865103218835171e-01,-1.353567389064407045e-01,-0.000000000000000000e+00,-0.000000000000000000e+00,-0.000000000000000000e+00,-1.919554715162441819e-02,-0.000000000000000000e+00,-1.891918626358771727e-01,-0.000000000000000000e+00,-4.389388612887341612e-01,-3.762453185935671907e-01,1.778879755973192534e-01,-0.000000000000000000e+00,1.944710981029608085e-02,-0.000000000000000000e+00,-0.000000000000000000e+00,-0.000000000000000000e+00,-0.000000000000000000e+00,0.000000000000000000e+00,-1.225351530148163642e-01,-0.000000000000000000e+00,-0.000000000000000000e+00,0.000000000000000000e+00,0.000000000000000000e+00,-3.270506360415028485e-02,2.695758723146438829e+00,1.065396578149964413e-01,-1.599034213319598108e-01,0.000000000000000000e+00,-2.473036367240236955e-01,-1.696463473642793318e-01
0.000000000000000000e+00,0.000000000000000000e+00,0.000000000000000000e+00,0.000000000000000000e+00,0.000000000000000000e+00,-5.182771455022272544e-01,1.041658400826852848e-01,-0.000000000000000000e+00,0.000000000000000000e+00,0.000000000000000000e+00,0.000000000000000000e+00,-0.000000000000000000e+00,0.000000000000000000e+00,0.000000000000000000e+00,1.334266126946309465e-02,0.000000000000000000e+00,0.000000000000000000e+00,0.000000000000000000e+00,8.854214060313450596e-02,-0.000000000000000000e+00,0.000000000000000000e+00,-0.000000000000000000e+00,-0.000000000000000000e+00,-0.000000000000000000e+00,-0.000000000000000000e+00,-0.000000000000000000e+00,-0.000000000000000000e+00,0.000000000000000000e+00,-0.000000000000000000e+00,0.000000000000000000e+00,-0.000000000000000000e+00,-0.000000000000000000e+00,0.000000000000000000e+00,1.065396578149964413e-01,1.772623865163566625e+00,0.000000000000000000e+00,-4.811994314648325166e-01,0.000000000000000000e+00,2.878866031229337374e-01
-0.000000000000000000e+00,-0.000000000000000000e+00,-2.795380194324404988e-01,-7.162268605155122647e-02,-3.661090707926260845e-02,0.000000000000000000e+00,-0.000000000000000000e+00,2.490074481416381103e-01,-4.726755992305601423e-02,-0.000000000000000000e+00,-0.000000000000000000e+00,-0.000000000000000000e+00,0.000000000000000000e+00,-1.572639270556075441e-01,-0.000000000000000000e+00,-0.000000000000000000e+00,-0.000000000000000000e+00,-3.003239927874375853e-02,-8.940384908120871388e-02,0.000000000000000000e+00,-0.000000000000000000e+00,0.000000000000000000e+00,-5.132507469724680027e-02,-0.000000000000000000e+00,-0.000000000000000000e+00,-0.000000000000000000e+00,-0.000000000000000000e+00,-1.021339087379555532e-01,-0.000000000000000000e+00,-0.000000000000000000e+00,-0.000000000000000000e+00,4.727684282376570790e-02,-6.418008426211939399e-02,-1.599034213319598108e-01,0.000000000000000000e+00,1.698650738828040740e+00,0.000000000000000000e+00,-0.000000000000000000e+00,-1.301509206466303359e-01
0.000000000000000000e+00,-0.000000000000000000e+00,-0.000000000000000000e+00,0.000000000000000000e+00,0.000000000000000000e+00,-5.560656120191562746e-01,1.112615983921887292e-01,0.000000000000000000e+00,0.000000000000000000e+00,0.000000000000000000e+00,0.000000000000000000e+00,-0.000000000000000000e+00,0.000000000000000000e+00,-0.000000000000000000e+00,1.213781048835395476e-01,0.000000000000000000e+00,0.000000000000000000e+00,0.000000000000000000e+00,0.000000000000000000e+00,-0.000000000000000000e+00,0.000000000000000000e+00,-0.000000000000000000e+00,-0.000000000000000000e+00,-0.000000000000000000e+00,-0.000000000000000000e+00,-0.000000000000000000e+00,-3.844521437553109489e-01,0.000000000000000000e+00,-2.498121859562281791e-02,-0.000000000000000000e+00,-0.000000000000000000e+00,-3.805876614472662456e-01,0.000000000000000000e+00,0.000000000000000000e+00,-4.811994314648325166e-01,0.000000000000000000e+00,1.872654893841273260e+00,0.000000000000000000e+00,0.000000000000000000e+00
-5.817452423295133013e-01,-0.000000000000000000e+00,-0.000000000000000000e+00,-0.000000000000000000e+00,-0.000000000000000000e+00,0.000000000000000000e+00,-0.000000000000000000e+00,0.000000000000000000e+00,-2.549511403277600619e-01,-0.000000000000000000e+00,-0.000000000000000000e+00,-0.000000000000000000e+00,-0.000000000000000000e+00,-0.000000000000000000e+00,-3.549287088597984918e-01,-2.063321072318301808e-01,-1.986590914447540490e-01,-3.770096818771725422e-01,-0.000000000000000000e+00,0.000000000000000000e+00,-8.267468440048011957e-03,0.000000000000000000e+00,-0.000000000000000000e+00,-0.000000000000000000e+00,-0.000000000000000000e+00,-4.029213403942835670e-02,0.000000000000000000e+00,-1.241705383600496398e-01,-1.378311536159705641e-02,-0.000000000000000000e+00,0.000000000000000000e+00,0.000000000000000000e+00,-2.993114999066970872e-01,-2.473036367240236955e-01,0.000000000000000000e+00,-0.000000000000000000e+00,0.000000000000000000e+00,2.628289552933194884e+00,-9.641004236417789752e-02
-0.000000000000000000e+00,-4.797191227728897500e-01,-0.000000000000000000e+00,-9.814718281314016579e-02,-0.000000000000000000e+00,1.808902218036448004e-02,-0.000000000000000000e+00,0.000000000000000000e+00,-3.375732469969174726e-02,-1.548555885252429209e-01,-7.382166851406635200e-02,-0.000000000000000000e+00,-0.000000000000000000e+00,-4.238517168511179295e-02,-0.000000000000000000e+00,-2.584119850338181812e-01,-2.861010808814311024e-01,-4.230276012190986590e-02,-3.707879989974581791e-01,0.000000000000000000e+00,-4.891326926592751839e-02,0.000000000000000000e+00,-0.000000000000000000e+00,-0.000000000000000000e+00,-0.000000000000000000e+00,-0.000000000000000000e+00,-0.000000000000000000e+00,-0.000000000000000000e+00,-0.000000000000000000e+00,-0.000000000000000000e+00,-0.000000000000000000e+00,0.000000000000000000e+00,-0.000000000000000000e+00,-1.696463473642793318e-01,2.878866031229337374e-01,-1.301509206466303359e-01,0.000000000000000000e+00,-9.641004236417789752e-02,2.369439249013210791e+00
