1.894137441804722100e+00,-0.000000000000000000e+00,-5.473826047891090091e-02,-0.000000000000000000e+00,-0.000000000000000000e+00,-0.000000000000000000e+00,-1.501104039992053399e-02,0.000000000000000000e+00,-5.359345281658386452e-03,-9.477513159168654555e-02,-0.000000000000000000e+00,-0.000000000000000000e+00,-0.000000000000000000e+00,-0.000000000000000000e+00,-5.503708813040928544e-02,-1.350141493817319793e-01,-0.000000000000000000e+00,0.000000000000000000e+00,0.000000000000000000e+00,-1.991521765850089998e-01,-0.000000000000000000e+00,-2.253794303038606506e-01,-6.058308355216601715e-02,-0.000000000000000000e+00,-0.000000000000000000e+00,0.000000000000000000e+00,0.000000000000000000e+00,-8.790676063050792410e-02,-3.894660309671835186e-01,-0.000000000000000000e+00,-9.965154446789374620e-02,-0.000000000000000000e+00,-0.000000000000000000e+00,-0.000000000000000000e+00,-8.857887588923768485e-02,0.000000000000000000e+00,-0.000000000000000000e+00,-3.706227502210122093e-01,-0.000000000000000000e+00
-0.000000000000000000e+00,1.278110263380060285e+00,0.000000000000000000e+00,-0.000000000000000000e+00,0.000000000000000000e+00,0.000000000000000000e+00,0.000000000000000000e+00,-0.000000000000000000e+00,-0.000000000000000000e+00,-0.000000000000000000e+00,-4.497384528875132681e-02,0.000000000000000000e+00,0.000000000000000000e+00,-0.000000000000000000e+00,-0.000000000000000000e+00,-0.000000000000000000e+00,-0.000000000000000000e+00,1.642210206649012127e-01,0.000000000000000000e+00,0.000000000000000000e+00,2.373619538824785213e-01,0.000000000000000000e+00,-0.000000000000000000e+00,0.000000000000000000e+00,0.000000000000000000e+00,-2.118967477058383564e-01,1.246940313998003702e-01,0.000000000000000000e+00,-0.000000000000000000e+00,-1.281232285368443802e-01,0.000000000000000000e+00,-2.269199085243551670e-02,0.000000000000000000e+00,0.000000000000000000e+00,0.000000000000000000e+00,-0.000000000000000000e+00,-2.660931337453708578e-01,-0.000000000000000000e+00,-0.000000000000000000e+00
-5.473826047891090091e-02,0.000000000000000000e+00,3.306258673651939262e+00,-0.000000000000000000e+00,0.000000000000000000e+00,-2.194683267821849193e-01,-0.000000000000000000e+00,8.831972531382293878e-01,-0.000000000000000000e+00,-0.000000000000000000e+00,-0.000000000000000000e+00,-2.374954697576799334e-01,-2.324916815800665282e-01,-0.000000000000000000e+00,-0.000000000000000000e+00,-0.000000000000000000e+00,-0.000000000000000000e+00,-0.000000000000000000e+00,-0.000000000000000000e+00,-0.000000000000000000e+00,-3.139808717626256240e-01,-5.383737443625045138e-01,-0.000000000000000000e+00,-0.000000000000000000e+00,-0.000000000000000000e+00,0.000000000000000000e+00,0.000000000000000000e+00,-2.557786838935250939e-01,-1.129754239563648816e-01,-0.000000000000000000e+00,-8.860722734460898045e-03,-0.000000000000000000e+00,-7.039510356754877796e-01,-0.000000000000000000e+00,-5.422372600268030030e-02,0.000000000000000000e+00,-0.000000000000000000e+00,-0.000000000000000000e+00,-0.000000000000000000e+00
-0.000000000000000000e+00,-0.000000000000000000e+00,-0.000000000000000000e+00,1.103011479619103508e+00,-0.000000000000000000e+00,-1.109442946104306077e-01,-2.953162752048598128e-01,0.000000000000000000e+00,-0.000000000000000000e+00,-7.049235808752407108e-03,-0.000000000000000000e+00,-0.000000000000000000e+00,-0.000000000000000000e+00,-0.000000000000000000e+00,0.000000000000000000e+00,-0.000000000000000000e+00,-0.000000000000000000e+00,-0.000000000000000000e+00,-0.000000000000000000e+00,-0.000000000000000000e+00,-0.000000000000000000e+00,-0.000000000000000000e+00,-0.000000000000000000e+00,-0.000000000000000000e+00,-0.000000000000000000e+00,-0.000000000000000000e+00,0.000000000000000000e+00,-0.000000000000000000e+00,-0.000000000000000000e+00,-0.000000000000000000e+00,-2.664535133133805883e-02,-0.000000000000000000e+00,-0.000000000000000000e+00,-0.000000000000000000e+00,-0.000000000000000000e+00,-0.000000000000000000e+00,-4.662227459035072664e-03,-0.000000000000000000e+00,-0.000000000000000000e+00
-0.000000000000000000e+00,0.000000000000000000e+00,0.000000000000000000e+00,-0.000000000000000000e+00,1.794296271873105475e+00,-0.000000000000000000e+00,0.000000000000000000e+00,0.000000000000000000e+00,-0.000000000000000000e+00,-0.000000000000000000e+00,-3.710672765948946211e-02,-0.000000000000000000e+00,0.000000000000000000e+00,-1.783957535113332438e-01,-0.000000000000000000e+00,-0.000000000000000000e+00,-0.000000000000000000e+00,-0.000000000000000000e+00,-3.626776596230483207e-01,0.000000000000000000e+00,0.000000000000000000e+00,-0.000000000000000000e+00,-0.000000000000000000e+00,0.000000000000000000e+00,-0.000000000000000000e+00,-4.912753775585148447e-02,-2.217136498897512853e-01,-0.000000000000000000e+00,-0.000000000000000000e+00,-1.968257641751327003e-01,-0.000000000000000000e+00,-0.000000000000000000e+00,-0.000000000000000000e+00,-6.674890986247481450e-01,0.000000000000000000e+00,-2.588051400412744174e-01,-0.000000000000000000e+00,-0.000000000000000000e+00,-0.000000000000000000e+00
-0.000000000000000000e+00,0.000000000000000000e+00,-2.194683267821849193e-01,-1.109442946104306077e-01,-0.000000000000000000e+00,1.617119879490122258e+00,-0.000000000000000000e+00,0.000000000000000000e+00,-0.000000000000000000e+00,-0.000000000000000000e+00,-0.000000000000000000e+00,-5.350645545073035719e-02,-1.532373900228419239e-01,0.000000000000000000e+00,-0.000000000000000000e+00,0.000000000000000000e+00,-0.000000000000000000e+00,-0.000000000000000000e+00,-0.000000000000000000e+00,-0.000000000000000000e+00,-4.647986473541152602e-02,-0.000000000000000000e+00,-2.379291244402479133e-01,-0.000000000000000000e+00,-0.000000000000000000e+00,-0.000000000000000000e+00,7.767469501666966758e-02,-0.000000000000000000e+00,-0.000000000000000000e+00,-0.000000000000000000e+00,-1.600120999998720372e-01,-0.000000000000000000e+00,-1.182500899507794440e-01,-0.000000000000000000e+00,-1.020140341494524677e-01,0.000000000000000000e+00,-3.194427822720274368e-01,0.000000000000000000e+00,-0.000000000000000000e+00
-1.501104039992053399e-02,0.000000000000000000e+00,-0.000000000000000000e+00,-2.953162752048598128e-01,0.000000000000000000e+00,-0.000000000000000000e+00,1.146025931597053793e+00,-0.000000000000000000e+00,0.000000000000000000e+00,-0.000000000000000000e+00,0.000000000000000000e+00,0.000000000000000000e+00,-0.000000000000000000e+00,0.000000000000000000e+00,-0.000000000000000000e+00,-0.000000000000000000e+00,-0.000000000000000000e+00,0.000000000000000000e+00,0.000000000000000000e+00,-1.132588079034590502e-02,-0.000000000000000000e+00,-0.000000000000000000e+00,-0.000000000000000000e+00,-1.610319276354375273e-01,0.000000000000000000e+00,0.000000000000000000e+00,0.000000000000000000e+00,-1.375626789397152439e-01,-0.000000000000000000e+00,0.000000000000000000e+00,-0.000000000000000000e+00,0.000000000000000000e+00,-0.000000000000000000e+00,-0.000000000000000000e+00,-0.000000000000000000e+00,0.000000000000000000e+00,-0.000000000000000000e+00,-0.000000000000000000e+00,0.000000000000000000e+00
0.000000000000000000e+00,-0.000000000000000000e+00,8.831972531382293878e-01,0.000000000000000000e+00,0.000000000000000000e+00,0.000000000000000000e+00,-0.000000000000000000e+00,1.987475102797527260e+00,1.268671195671906560e-01,0.000000000000000000e+00,0.000000000000000000e+00,0.000000000000000000e+00,0.000000000000000000e+00,0.000000000000000000e+00,0.000000000000000000e+00,0.000000000000000000e+00,0.000000000000000000e+00,0.000000000000000000e+00,0.000000000000000000e+00,0.000000000000000000e+00,0.000000000000000000e+00,6.170153285568935608e-02,0.000000000000000000e+00,-0.000000000000000000e+00,0.000000000000000000e+00,0.000000000000000000e+00,-0.000000000000000000e+00,0.000000000000000000e+00,2.115523799895730195e-01,0.000000000000000000e+00,0.000000000000000000e+00,0.000000000000000000e+00,3.347915423163550508e-01,0.000000000000000000e+00,0.000000000000000000e+00,-0.000000000000000000e+00,0.000000000000000000e+00,0.000000000000000000e+00,0.000000000000000000e+00
-5.359345281658386452e-03,-0.000000000000000000e+00,-0.000000000000000000e+00,-0.000000000000000000e+00,-0.000000000000000000e+00,-0.000000000000000000e+00,0.000000000000000000e+00,1.268671195671906560e-01,2.115764241815538238e+00,-0.000000000000000000e+00,-0.000000000000000000e+00,-1.488727662881185639e-02,-0.000000000000000000e+00,-7.005204625228482473e-02,-0.000000000000000000e+00,-1.203434604526613660e-01,-0.000000000000000000e+00,-0.000000000000000000e+00,-0.000000000000000000e+00,-0.000000000000000000e+00,-0.000000000000000000e+00,-0.000000000000000000e+00,-2.388862488794723238e-01,-0.000000000000000000e+00,-0.000000000000000000e+00,-0.000000000000000000e+00,0.000000000000000000e+00,-0.000000000000000000e+00,-1.163562555999787251e-01,-2.351825185022089759e-01,-0.000000000000000000e+00,-0.000000000000000000e+00,-3.696154990747688163e-02,-1.061117101169146981e-01,-0.000000000000000000e+00,-3.048082782029986476e-02,-0.000000000000000000e+00,-4.454505110889096509e-01,-5.522455389677460857e-01
-9.477513159168654555e-02,-0.000000000000000000e+00,-0.000000000000000000e+00,-7.049235808752407108e-03,-0.000000000000000000e+00,-0.000000000000000000e+00,-0.000000000000000000e+00,0.000000000000000000e+00,-0.000000000000000000e+00,2.650560223252893088e+00,-0.000000000000000000e+00,-2.165911165991132870e-01,-0.000000000000000000e+00,-0.000000000000000000e+00,-0.000000000000000000e+00,-1.036979023984381687e+00,-1.376273277439724607e-01,-0.000000000000000000e+00,-0.000000000000000000e+00,-0.000000000000000000e+00,-0.000000000000000000e+00,-6.183525360562457107e-02,-5.278213500284510973e-01,-0.000000000000000000e+00,-0.000000000000000000e+00,-0.000000000000000000e+00,0.000000000000000000e+00,-5.945597215135677710e-02,-1.363290978119094665e-01,-0.000000000000000000e+00,-0.000000000000000000e+00,-0.000000000000000000e+00,-1.194187663703312995e-02,-4.102398799847078309e-02,-0.000000000000000000e+00,-0.000000000000000000e+00,-0.000000000000000000e+00,-3.461951725341079478e-02,-3.448550991111815622e-01
-0.000000000000000000e+00,-4.497384528875132681e-02,-0.000000000000000000e+00,-0.000000000000000000e+00,-3.710672765948946211e-02,-0.000000000000000000e+00,0.000000000000000000e+00,0.000000000000000000e+00,-0.000000000000000000e+00,-0.000000000000000000e+00,2.967769467249777193e+00,-0.000000000000000000e+00,-0.000000000000000000e+00,-2.240008062547516332e-01,-0.000000000000000000e+00,-0.000000000000000000e+00,-8.788368801419269571e-01,-0.000000000000000000e+00,-0.000000000000000000e+00,0.000000000000000000e+00,0.000000000000000000e+00,-0.000000000000000000e+00,-0.000000000000000000e+00,0.000000000000000000e+00,0.000000000000000000e+00,-0.000000000000000000e+00,0.000000000000000000e+00,-0.000000000000000000e+00,-2.681382116595651399e-01,-0.000000000000000000e+00,-0.000000000000000000e+00,-8.652368218681452117e-01,-0.000000000000000000e+00,-9.670781285655738468e-02,0.000000000000000000e+00,-0.000000000000000000e+00,-3.635134372402085701e-01,-0.000000000000000000e+00,-2.675689353615499089e-01
-0.000000000000000000e+00,0.000000000000000000e+00,-2.374954697576799334e-01,-0.000000000000000000e+00,-0.000000000000000000e+00,-5.350645545073035719e-02,0.000000000000000000e+00,0.000000000000000000e+00,-1.488727662881185639e-02,-2.165911165991132870e-01,-0.000000000000000000e+00,2.384163891666573942e+00,-0.000000000000000000e+00,-0.000000000000000000e+00,-1.336412202688140871e-01,-0.000000000000000000e+00,-1.633156713182978836e-02,-4.926605453812656910e-01,-0.000000000000000000e+00,-0.000000000000000000e+00,-0.000000000000000000e+00,-3.919710181890881939e-01,-0.000000000000000000e+00,-0.000000000000000000e+00,-0.000000000000000000e+00,0.000000000000000000e+00,0.000000000000000000e+00,-0.000000000000000000e+00,-3.606131095947660015e-01,-0.000000000000000000e+00,-0.000000000000000000e+00,-0.000000000000000000e+00,-9.800718289334954536e-02,-3.612322895558869873e-01,-2.119123920549088880e-02,0.000000000000000000e+00,-0.000000000000000000e+00,-0.000000000000000000e+00,-2.416433505635234846e-01
-0.000000000000000000e+00,0.000000000000000000e+00,-2.324916815800665282e-01,-0.000000000000000000e+00,0.000000000000000000e+00,-1.532373900228419239e-01,-0.000000000000000000e+00,0.000000000000000000e+00,-0.000000000000000000e+00,-0.000000000000000000e+00,-0.000000000000000000e+00,-0.000000000000000000e+00,2.249059607058703669e+00,-0.000000000000000000e+00,-0.000000000000000000e+00,-0.000000000000000000e+00,-0.000000000000000000e+00,-7.384973134444734744e-02,-0.000000000000000000e+00,-0.000000000000000000e+00,-4.806272323511055489e-01,-3.484625328206574224e-01,-0.000000000000000000e+00,-1.594551890279106987e-01,-0.000000000000000000e+00,8.132298379995021864e-02,0.000000000000000000e+00,-5.213974398567917945e-02,-0.000000000000000000e+00,0.000000000000000000e+00,-0.000000000000000000e+00,-0.000000000000000000e+00,-4.890762165622528079e-01,-0.000000000000000000e+00,-1.686793109852674222e-01,0.000000000000000000e+00,-0.000000000000000000e+00,0.000000000000000000e+00,-0.000000000000000000e+00
-0.000000000000000000e+00,-0.000000000000000000e+00,-0.000000000000000000e+00,-0.000000000000000000e+00,-1.783957535113332438e-01,0.000000000000000000e+00,0.000000000000000000e+00,0.000000000000000000e+00,-7.005204625228482473e-02,-0.000000000000000000e+00,-2.240008062547516332e-01,-0.000000000000000000e+00,-0.000000000000000000e+00,1.739228302103943413e+00,-0.000000000000000000e+00,-0.000000000000000000e+00,-2.766290677550489741e-01,0.000000000000000000e+00,-0.000000000000000000e+00,0.000000000000000000e+00,0.000000000000000000e+00,-0.000000000000000000e+00,-0.000000000000000000e+00,0.000000000000000000e+00,0.000000000000000000e+00,-1.863968305253741187e-01,-0.000000000000000000e+00,-6.991756094221315831e-02,-0.000000000000000000e+00,-0.000000000000000000e+00,-0.000000000000000000e+00,-2.010681939329024004e-01,-0.000000000000000000e+00,-0.000000000000000000e+00,0.000000000000000000e+00,-2.505367805448796004e-01,-0.000000000000000000e+00,-1.355039989765390862e-01,-8.939579224539072333e-02
-5.503708813040928544e-02,-0.000000000000000000e+00,-0.000000000000000000e+00,0.000000000000000000e+00,-0.000000000000000000e+00,-0.000000000000000000e+00,-0.000000000000000000e+00,0.000000000000000000e+00,-0.000000000000000000e+00,-0.000000000000000000e+00,-0.000000000000000000e+00,-1.336412202688140871e-01,-0.000000000000000000e+00,-0.000000000000000000e+00,1.273101472716752669e+00,-0.000000000000000000e+00,-0.000000000000000000e+00,0.000000000000000000e+00,0.000000000000000000e+00,-1.077685484780166736e-01,-0.000000000000000000e+00,-2.338571724383989858e-01,-0.000000000000000000e+00,-0.000000000000000000e+00,-3.160404714011785104e-02,0.000000000000000000e+00,0.000000000000000000e+00,-0.000000000000000000e+00,-6.354393650237134816e-02,-0.000000000000000000e+00,-0.000000000000000000e+00,-0.000000000000000000e+00,-0.000000000000000000e+00,-0.000000000000000000e+00,-0.000000000000000000e+00,0.000000000000000000e+00,-0.000000000000000000e+00,-1.713845045808004008e-01,-0.000000000000000000e+00
-1.350141493817319793e-01,-0.000000000000000000e+00,-0.000000000000000000e+00,-0.000000000000000000e+00,-0.000000000000000000e+00,0.000000000000000000e+00,-0.000000000000000000e+00,0.000000000000000000e+00,-1.203434604526613660e-01,-1.036979023984381687e+00,-0.000000000000000000e+00,-0.000000000000000000e+00,-0.000000000000000000e+00,-0.000000000000000000e+00,-0.000000000000000000e+00,2.182877803172561748e+00,-0.000000000000000000e+00,-0.000000000000000000e+00,-0.000000000000000000e+00,-0.000000000000000000e+00,-0.000000000000000000e+00,-1.392832830395313026e-01,-0.000000000000000000e+00,-0.000000000000000000e+00,-1.638144757448738165e-01,0.000000000000000000e+00,-0.000000000000000000e+00,-0.000000000000000000e+00,-0.000000000000000000e+00,-0.000000000000000000e+00,-0.000000000000000000e+00,-0.000000000000000000e+00,-0.000000000000000000e+00,-8.477670149835914160e-02,-0.000000000000000000e+00,-0.000000000000000000e+00,0.000000000000000000e+00,-2.553578368952996724e-01,-8.751445076327490913e-02
-0.000000000000000000e+00,-0.000000000000000000e+00,-0.000000000000000000e+00,-0.000000000000000000e+00,-0.000000000000000000e+00,-0.000000000000000000e+00,-0.000000000000000000e+00,0.000000000000000000e+00,-0.000000000000000000e+00,-1.376273277439724607e-01,-8.788368801419269571e-01,-1.633156713182978836e-02,-0.000000000000000000e+00,-2.766290677550489741e-01,-0.000000000000000000e+00,-0.000000000000000000e+00,2.823817431358712771e+00,-0.000000000000000000e+00,-0.000000000000000000e+00,0.000000000000000000e+00,0.000000000000000000e+00,-0.000000000000000000e+00,-0.000000000000000000e+00,0.000000000000000000e+00,0.000000000000000000e+00,-0.000000000000000000e+00,0.000000000000000000e+00,-0.000000000000000000e+00,-3.624680183676934342e-01,-0.000000000000000000e+00,-2.321338224505640688e-02,-6.050933834430890501e-01,-0.000000000000000000e+00,-1.081920900572975047e-01,-0.000000000000000000e+00,-0.000000000000000000e+00,-1.637272400981976961e-01,-0.000000000000000000e+00,-2.997868384717948254e-01
0.000000000000000000e+00,1.642210206649012127e-01,-0.000000000000000000e+00,-0.000000000000000000e+00,-0.000000000000000000e+00,-0.000000000000000000e+00,0.000000000000000000e+00,0.000000000000000000e+00,-0.000000000000000000e+00,-0.000000000000000000e+00,-0.000000000000000000e+00,-4.926605453812656910e-01,-7.384973134444734744e-02,0.000000000000000000e+00,0.000000000000000000e+00,-0.000000000000000000e+00,-0.000000000000000000e+00,1.689922643632574939e+00,-7.637021057200058527e-01,0.000000000000000000e+00,-0.000000000000000000e+00,-0.000000000000000000e+00,-0.000000000000000000e+00,-0.000000000000000000e+00,-0.000000000000000000e+00,0.000000000000000000e+00,-0.000000000000000000e+00,-0.000000000000000000e+00,-0.000000000000000000e+00,0.000000000000000000e+00,0.000000000000000000e+00,-0.000000000000000000e+00,-0.000000000000000000e+00,-0.000000000000000000e+00,-2.757685772493318269e-02,0.000000000000000000e+00,-0.000000000000000000e+00,0.000000000000000000e+00,-0.000000000000000000e+00
0.000000000000000000e+00,0.000000000000000000e+00,-0.000000000000000000e+00,-0.000000000000000000e+00,-3.626776596230483207e-01,-0.000000000000000000e+00,0.000000000000000000e+00,0.000000000000000000e+00,-0.000000000000000000e+00,-0.000000000000000000e+00,-0.000000000000000000e+00,-0.000000000000000000e+00,-0.000000000000000000e+00,-0.000000000000000000e+00,0.000000000000000000e+00,-0.000000000000000000e+00,-0.000000000000000000e+00,-7.637021057200058527e-01,1.594105434229992735e+00,1.134195948682515664e-01,-0.000000000000000000e+00,-0.000000000000000000e+00,-0.000000000000000000e+00,-0.000000000000000000e+00,-0.000000000000000000e+00,-0.000000000000000000e+00,-0.000000000000000000e+00,-0.000000000000000000e+00,-0.000000000000000000e+00,-0.000000000000000000e+00,-0.000000000000000000e+00,-6.399245644470441530e-02,-0.000000000000000000e+00,-5.831861687261832156e-02,-0.000000000000000000e+00,-0.000000000000000000e+00,-0.000000000000000000e+00,0.000000000000000000e+00,-0.000000000000000000e+00
-1.991521765850089998e-01,0.000000000000000000e+00,-0.000000000000000000e+00,-0.000000000000000000e+00,0.000000000000000000e+00,-0.000000000000000000e+00,-1.132588079034590502e-02,0.000000000000000000e+00,-0.000000000000000000e+00,-0.000000000000000000e+00,0.000000000000000000e+00,-0.000000000000000000e+00,-0.000000000000000000e+00,0.000000000000000000e+00,-1.077685484780166736e-01,-0.000000000000000000e+00,0.000000000000000000e+00,0.000000000000000000e+00,1.134195948682515664e-01,1.388489336706933974e+00,-3.436433346842888148e-01,-6.616503778726054441e-02,-0.000000000000000000e+00,-2.366615175936194124e-02,-0.000000000000000000e+00,1.092332930995805196e-01,0.000000000000000000e+00,-2.161924632502276733e-01,-0.000000000000000000e+00,0.000000000000000000e+00,-0.000000000000000000e+00,0.000000000000000000e+00,-0.000000000000000000e+00,-0.000000000000000000e+00,-3.233317102318138125e-02,0.000000000000000000e+00,0.000000000000000000e+00,-0.000000000000000000e+00,0.000000000000000000e+00
-0.000000000000000000e+00,2.373619538824785213e-01,-3.139808717626256240e-01,-0.000000000000000000e+00,0.000000000000000000e+00,-4.647986473541152602e-02,-0.000000000000000000e+00,0.000000000000000000e+00,-0.000000000000000000e+00,-0.000000000000000000e+00,0.000000000000000000e+00,-0.000000000000000000e+00,-4.806272323511055489e-01,0.000000000000000000e+00,-0.000000000000000000e+00,-0.000000000000000000e+00,0.000000000000000000e+00,-0.000000000000000000e+00,-0.000000000000000000e+00,-3.436433346842888148e-01,2.529169380552789281e+00,-2.067960490885294988e-01,-0.000000000000000000e+00,-5.081352515901536027e-01,-1.101435508155017978e-01,2.553131784192790854e-01,0.000000000000000000e+00,-0.000000000000000000e+00,-0.000000000000000000e+00,0.000000000000000000e+00,-0.000000000000000000e+00,0.000000000000000000e+00,-2.710906124884759349e-01,-0.000000000000000000e+00,-2.823377748907824336e-01,0.000000000000000000e+00,0.000000000000000000e+00,0.000000000000000000e+00,0.000000000000000000e+00
-2.253794303038606506e-01,0.000000000000000000e+00,-5.383737443625045138e-01,-0.000000000000000000e+00,-0.000000000000000000e+00,-0.000000000000000000e+00,-0.000000000000000000e+00,6.170153285568935608e-02,-0.000000000000000000e+00,-6.183525360562457107e-02,-0.000000000000000000e+00,-3.919710181890881939e-01,-3.484625328206574224e-01,-0.000000000000000000e+00,-2.338571724383989858e-01,-1.392832830395313026e-01,-0.000000000000000000e+00,-0.000000000000000000e+00,-0.000000000000000000e+00,-6.616503778726054441e-02,-2.067960490885294988e-01,2.864028134183194574e+00,-0.000000000000000000e+00,-0.000000000000000000e+00,-0.000000000000000000e+00,0.000000000000000000e+00,0.000000000000000000e+00,-2.216816273465133796e-02,-1.575528587152528193e-01,-0.000000000000000000e+00,-2.429985228157814994e-02,-0.000000000000000000e+00,-5.533870885303293630e-01,-0.000000000000000000e+00,-1.237976112765049874e-01,0.000000000000000000e+00,-0.000000000000000000e+00,-0.000000000000000000e+00,-0.000000000000000000e+00
-6.058308355216601715e-02,-0.000000000000000000e+00,-0.000000000000000000e+00,-0.000000000000000000e+00,-0.000000000000000000e+00,-2.379291244402479133e-01,-0.000000000000000000e+00,0.000000000000000000e+00,-2.388862488794723238e-01,-5.278213500284510973e-01,-0.000000000000000000e+00,-0.000000000000000000e+00,-0.000000000000000000e+00,-0.000000000000000000e+00,-0.000000000000000000e+00,-0.000000000000000000e+00,-0.000000000000000000e+00,-0.000000000000000000e+00,-0.000000000000000000e+00,-0.000000000000000000e+00,-0.000000000000000000e+00,-0.000000000000000000e+00,2.207650509363798363e+00,-0.000000000000000000e+00,-4.755752524374234902e-01,-0.000000000000000000e+00,0.000000000000000000e+00,-0.000000000000000000e+00,-2.922624509040127050e-01,-3.120953781654318693e-01,-8.487111114658378586e-02,-0.000000000000000000e+00,-6.990714778711780431e-02,-0.000000000000000000e+00,-0.000000000000000000e+00,-0.000000000000000000e+00,-8.210267755303979342e-03,-0.000000000000000000e+00,-6.489654192370868102e-02
-0.000000000000000000e+00,0.000000000000000000e+00,-0.000000000000000000e+00,-0.000000000000000000e+00,0.000000000000000000e+00,-0.000000000000000000e+00,-1.610319276354375273e-01,-0.000000000000000000e+00,-0.000000000000000000e+00,-0.000000000000000000e+00,0.000000000000000000e+00,-0.000000000000000000e+00,-1.594551890279106987e-01,0.000000000000000000e+00,-0.000000000000000000e+00,-0.000000000000000000e+00,0.000000000000000000e+00,-0.000000000000000000e+00,-0.000000000000000000e+00,-2.366615175936194124e-02,-5.081352515901536027e-01,-0.000000000000000000e+00,-0.000000000000000000e+00,1.800844006287295906e+00,-2.991504205267408317e-02,1.428690479434025218e-01,2.911850506341928657e-02,-0.000000000000000000e+00,-0.000000000000000000e+00,0.000000000000000000e+00,0.000000000000000000e+00,0.000000000000000000e+00,-0.000000000000000000e+00,-0.000000000000000000e+00,-6.074623982457503235e-01,0.000000000000000000e+00,-0.000000000000000000e+00,0.000000000000000000e+00,0.000000000000000000e+00
-0.000000000000000000e+00,0.000000000000000000e+00,-0.000000000000000000e+00,-0.000000000000000000e+00,-0.000000000000000000e+00,-0.000000000000000000e+00,0.000000000000000000e+00,0.000000000000000000e+00,-0.000000000000000000e+00,-0.000000000000000000e+00,0.000000000000000000e+00,-0.000000000000000000e+00,-0.000000000000000000e+00,0.000000000000000000e+00,-3.160404714011785104e-02,-1.638144757448738165e-01,0.000000000000000000e+00,-0.000000000000000000e+00,-0.000000000000000000e+00,-0.000000000000000000e+00,-1.101435508155017978e-01,-0.000000000000000000e+00,-4.755752524374234902e-01,-2.991504205267408317e-02,1.397168980492290657e+00,-0.000000000000000000e+00,-0.000000000000000000e+00,0.000000000000000000e+00,-0.000000000000000000e+00,-1.891467490368615723e-01,-0.000000000000000000e+00,0.000000000000000000e+00,-0.000000000000000000e+00,-0.000000000000000000e+00,-0.000000000000000000e+00,-0.000000000000000000e+00,0.000000000000000000e+00,-0.000000000000000000e+00,-0.000000000000000000e+00
0.000000000000000000e+00,-2.118967477058383564e-01,0.000000000000000000e+00,-0.000000000000000000e+00,-4.912753775585148447e-02,-0.000000000000000000e+00,0.000000000000000000e+00,0.000000000000000000e+00,-0.000000000000000000e+00,-0.000000000000000000e+00,-0.000000000000000000e+00,0.000000000000000000e+00,8.132298379995021864e-02,-1.863968305253741187e-01,0.000000000000000000e+00,0.000000000000000000e+00,-0.000000000000000000e+00,0.000000000000000000e+00,-0.000000000000000000e+00,1.092332930995805196e-01,2.553131784192790854e-01,0.000000000000000000e+00,-0.000000000000000000e+00,1.428690479434025218e-01,-0.000000000000000000e+00,1.772280156031999843e+00,-0.000000000000000000e+00,0.000000000000000000e+00,-0.000000000000000000e+00,-3.227591250274252643e-01,-0.000000000000000000e+00,-1.795370875126202914e-01,0.000000000000000000e+00,0.000000000000000000e+00,1.824912299392865700e-01,-5.176744648820026384e-01,-0.000000000000000000e+00,-6.779732827345136097e-03,-0.000000000000000000e+00
0.000000000000000000e+00,1.246940313998003702e-01,0.000000000000000000e+00,0.000000000000000000e+00,-2.217136498897512853e-01,7.767469501666966758e-02,0.000000000000000000e+00,-0.000000000000000000e+00,0.000000000000000000e+00,0.000000000000000000e+00,0.000000000000000000e+00,0.000000000000000000e+00,0.000000000000000000e+00,-0.000000000000000000e+00,0.000000000000000000e+00,-0.000000000000000000e+00,0.000000000000000000e+00,-0.000000000000000000e+00,-0.000000000000000000e+00,0.000000000000000000e+00,0.000000000000000000e+00,0.000000000000000000e+00,0.000000000000000000e+00,2.911850506341928657e-02,-0.000000000000000000e+00,-0.000000000000000000e+00,1.319020159492729327e+00,0.000000000000000000e+00,0.000000000000000000e+00,-0.000000000000000000e+00,-0.000000000000000000e+00,0.000000000000000000e+00,0.000000000000000000e+00,-0.000000000000000000e+00,0.000000000000000000e+00,-0.000000000000000000e+00,5.707073072614294862e-01,-0.000000000000000000e+00,0.000000000000000000e+00
-8.790676063050792410e-02,0.000000000000000000e+00,-2.557786838935250939e-01,-0.000000000000000000e+00,-0.000000000000000000e+00,-0.000000000000000000e+00,-1.375626789397152439e-01,0.000000000000000000e+00,-0.000000000000000000e+00,-5.945597215135677710e-02,-0.000000000000000000e+00,-0.000000000000000000e+00,-5.213974398567917945e-02,-6.991756094221315831e-02,-0.000000000000000000e+00,-0.000000000000000000e+00,-0.000000000000000000e+00,-0.000000000000000000e+00,-0.000000000000000000e+00,-2.161924632502276733e-01,-0.000000000000000000e+00,-2.216816273465133796e-02,-0.000000000000000000e+00,-0.000000000000000000e+00,0.000000000000000000e+00,0.000000000000000000e+00,0.000000000000000000e+00,1.585315447222630070e+00,-0.000000000000000000e+00,-0.000000000000000000e+00,-2.173550812640750174e-01,-0.000000000000000000e+00,-3.240333326316889861e-01,-0.000000000000000000e+00,-0.000000000000000000e+00,-0.000000000000000000e+00,-1.266106194497096903e-02,-0.000000000000000000e+00,-0.000000000000000000e+00
-3.894660309671835186e-01,-0.000000000000000000e+00,-1.129754239563648816e-01,-0.000000000000000000e+00,-0.000000000000000000e+00,-0.000000000000000000e+00,-0.000000000000000000e+00,2.115523799895730195e-01,-1.163562555999787251e-01,-1.363290978119094665e-01,-2.681382116595651399e-01,-3.606131095947660015e-01,-0.000000000000000000e+00,-0.000000000000000000e+00,-6.354393650237134816e-02,-0.000000000000000000e+00,-3.624680183676934342e-01,-0.000000000000000000e+00,-0.000000000000000000e+00,-0.000000000000000000e+00,-0.000000000000000000e+00,-1.575528587152528193e-01,-2.922624509040127050e-01,-0.000000000000000000e+00,-0.000000000000000000e+00,-0.000000000000000000e+00,0.000000000000000000e+00,-0.000000000000000000e+00,2.738433989870970642e+00,-0.000000000000000000e+00,-1.841694589799661164e-01,-2.324223352959893241e-01,-1.038561564476511018e-01,-0.000000000000000000e+00,-0.000000000000000000e+00,-0.000000000000000000e+00,-0.000000000000000000e+00,-1.292850409492699859e-01,-0.000000000000000000e+00
-0.000000000000000000e+00,-1.281232285368443802e-01,-0.000000000000000000e+00,-0.000000000000000000e+00,-1.968257641751327003e-01,-0.000000000000000000e+00,0.000000000000000000e+00,0.000000000000000000e+00,-2.351825185022089759e-01,-0.000000000000000000e+00,-0.000000000000000000e+00,-0.000000000000000000e+00,0.000000000000000000e+00,-0.000000000000000000e+00,-0.000000000000000000e+00,-0.000000000000000000e+00,-0.000000000000000000e+00,0.000000000000000000e+00,-0.000000000000000000e+00,0.000000000000000000e+00,0.000000000000000000e+00,-0.000000000000000000e+00,-3.120953781654318693e-01,0.000000000000000000e+00,-1.891467490368615723e-01,-3.227591250274252643e-01,-0.000000000000000000e+00,-0.000000000000000000e+00,-0.000000000000000000e+00,1.771408437619147236e+00,-0.000000000000000000e+00,-7.898359695766164063e-03,-0.000000000000000000e+00,-0.000000000000000000e+00,0.000000000000000000e+00,-4.013648431078584156e-01,-0.000000000000000000e+00,-4.494572970058691858e-02,-3.601093930918877056e-02
-9.965154446789374620e-02,0.000000000000000000e+00,-8.860722734460898045e-03,-2.664535133133805883e-02,-0.000000000000000000e+00,-1.600120999998720372e-01,-0.000000000000000000e+00,0.000000000000000000e+00,-0.000000000000000000e+00,-0.000000000000000000e+00,-0.000000000000000000e+00,-0.000000000000000000e+00,-0.000000000000000000e+00,-0.000000000000000000e+00,-0.000000000000000000e+00,-0.000000000000000000e+00,-2.321338224505640688e-02,0.000000000000000000e+00,-0.000000000000000000e+00,-0.000000000000000000e+00,-0.000000000000000000e+00,-2.429985228157814994e-02,-8.487111114658378586e-02,0.000000000000000000e+00,-0.000000000000000000e+00,-0.000000000000000000e+00,-0.000000000000000000e+00,-2.173550812640750174e-01,-1.841694589799661164e-01,-0.000000000000000000e+00,1.303347880596641417e+00,-0.000000000000000000e+00,-0.000000000000000000e+00,-0.000000000000000000e+00,-0.000000000000000000e+00,-0.000000000000000000e+00,-2.829706660154297088e-02,-3.887737908827094274e-02,-0.000000000000000000e+00
-0.000000000000000000e+00,-2.269199085243551670e-02,-0.000000000000000000e+00,-0.000000000000000000e+00,-0.000000000000000000e+00,-0.000000000000000000e+00,0.000000000000000000e+00,0.000000000000000000e+00,-0.000000000000000000e+00,-0.000000000000000000e+00,-8.652368218681452117e-01,-0.000000000000000000e+00,-0.000000000000000000e+00,-2.010681939329024004e-01,-0.000000000000000000e+00,-0.000000000000000000e+00,-6.050933834430890501e-01,-0.000000000000000000e+00,-6.399245644470441530e-02,0.000000000000000000e+00,0.000000000000000000e+00,-0.000000000000000000e+00,-0.000000000000000000e+00,0.000000000000000000e+00,0.000000000000000000e+00,-1.795370875126202914e-01,0.000000000000000000e+00,-0.000000000000000000e+00,-2.324223352959893241e-01,-7.898359695766164063e-03,-0.000000000000000000e+00,2.660786149245743193e+00,-0.000000000000000000e+00,-0.000000000000000000e+00,0.000000000000000000e+00,-0.000000000000000000e+00,-5.156399860432077098e-01,-0.000000000000000000e+00,-2.603275962646632580e-02
-0.000000000000000000e+00,0.000000000000000000e+00,-7.039510356754877796e-01,-0.000000000000000000e+00,-0.000000000000000000e+00,-1.182500899507794440e-01,-0.000000000000000000e+00,3.347915423163550508e-01,-3.696154990747688163e-02,-1.194187663703312995e-02,-0.000000000000000000e+00,-9.800718289334954536e-02,-4.890762165622528079e-01,-0.000000000000000000e+00,-0.000000000000000000e+00,-0.000000000000000000e+00,-0.000000000000000000e+00,-0.000000000000000000e+00,-0.000000000000000000e+00,-0.000000000000000000e+00,-2.710906124884759349e-01,-5.533870885303293630e-01,-6.990714778711780431e-02,-0.000000000000000000e+00,-0.000000000000000000e+00,0.000000000000000000e+00,0.000000000000000000e+00,-3.240333326316889861e-01,-1.038561564476511018e-01,-0.000000000000000000e+00,-0.000000000000000000e+00,-0.000000000000000000e+00,2.959882257037998787e+00,-0.000000000000000000e+00,-0.000000000000000000e+00,0.000000000000000000e+00,-0.000000000000000000e+00,-0.000000000000000000e+00,-0.000000000000000000e+00
-0.000000000000000000e+00,0.000000000000000000e+00,-0.000000000000000000e+00,-0.000000000000000000e+00,-6.674890986247481450e-01,-0.000000000000000000e+00,-0.000000000000000000e+00,0.000000000000000000e+00,-1.061117101169146981e-01,-4.102398799847078309e-02,-9.670781285655738468e-02,-3.612322895558869873e-01,-0.000000000000000000e+00,-0.000000000000000000e+00,-0.000000000000000000e+00,-8.477670149835914160e-02,-1.081920900572975047e-01,-0.000000000000000000e+00,-5.831861687261832156e-02,-0.000000000000000000e+00,-0.000000000000000000e+00,-0.000000000000000000e+00,-0.000000000000000000e+00,-0.000000000000000000e+00,-0.000000000000000000e+00,0.000000000000000000e+00,-0.000000000000000000e+00,-0.000000000000000000e+00,-0.000000000000000000e+00,-0.000000000000000000e+00,-0.000000000000000000e+00,-0.000000000000000000e+00,-0.000000000000000000e+00,1.845336969166639474e+00,-0.000000000000000000e+00,0.000000000000000000e+00,-0.000000000000000000e+00,-1.058274378975516267e-01,-1.027282930971108177e-01
-8.857887588923768485e-02,0.000000000000000000e+00,-5.422372600268030030e-02,-0.000000000000000000e+00,0.000000000000000000e+00,-1.020140341494524677e-01,-0.000000000000000000e+00,0.000000000000000000e+00,-0.000000000000000000e+00,-0.000000000000000000e+00,0.000000000000000000e+00,-2.119123920549088880e-02,-1.686793109852674222e-01,0.000000000000000000e+00,-0.000000000000000000e+00,-0.000000000000000000e+00,-0.000000000000000000e+00,-2.757685772493318269e-02,-0.000000000000000000e+00,-3.233317102318138125e-02,-2.823377748907824336e-01,-1.237976112765049874e-01,-0.000000000000000000e+00,-6.074623982457503235e-01,-0.000000000000000000e+00,1.824912299392865700e-01,0.000000000000000000e+00,-0.000000000000000000e+00,-0.000000000000000000e+00,0.000000000000000000e+00,-0.000000000000000000e+00,0.000000000000000000e+00,-0.000000000000000000e+00,-0.000000000000000000e+00,1.798821732049321609e+00,0.000000000000000000e+00,-0.000000000000000000e+00,0.000000000000000000e+00,-0.000000000000000000e+00
0.000000000000000000e+00,-0.000000000000000000e+00,0.000000000000000000e+00,-0.000000000000000000e+00,-2.588051400412744174e-01,0.000000000000000000e+00,0.000000000000000000e+00,-0.000000000000000000e+00,-3.048082782029986476e-02,-0.000000000000000000e+00,-0.000000000000000000e+00,0.000000000000000000e+00,0.000000000000000000e+00,-2.505367805448796004e-01,0.000000000000000000e+00,-0.000000000000000000e+00,-0.000000000000000000e+00,0.000000000000000000e+00,-0.000000000000000000e+00,0.000000000000000000e+00,0.000000000000000000e+00,0.000000000000000000e+00,-0.000000000000000000e+00,0.000000000000000000e+00,-0.000000000000000000e+00,-5.176744648820026384e-01,-0.000000000000000000e+00,-0.000000000000000000e+00,-0.000000000000000000e+00,-4.013648431078584156e-01,-0.000000000000000000e+00,-0.000000000000000000e+00,0.000000000000000000e+00,0.000000000000000000e+00,0.000000000000000000e+00,1.667906954106260331e+00,-0.000000000000000000e+00,-0.000000000000000000e+00,-0.000000000000000000e+00
-0.000000000000000000e+00,-2.660931337453708578e-01,-0.000000000000000000e+00,-4.662227459035072664e-03,-0.000000000000000000e+00,-3.194427822720274368e-01,-0.000000000000000000e+00,0.000000000000000000e+00,-0.000000000000000000e+00,-0.000000000000000000e+00,-3.635134372402085701e-01,-0.000000000000000000e+00,-0.000000000000000000e+00,-0.000000000000000000e+00,-0.000000000000000000e+00,0.000000000000000000e+00,-1.637272400981976961e-01,-0.000000000000000000e+00,-0.000000000000000000e+00,0.000000000000000000e+00,0.000000000000000000e+00,-0.000000000000000000e+00,-8.210267755303979342e-03,-0.000000000000000000e+00,0.000000000000000000e+00,-0.000000000000000000e+00,5.707073072614294862e-01,-1.266106194497096903e-02,-0.000000000000000000e+00,-0.000000000000000000e+00,-2.829706660154297088e-02,-5.156399860432077098e-01,-0.000000000000000000e+00,-0.000000000000000000e+00,-0.000000000000000000e+00,-0.000000000000000000e+00,2.107036625771280480e+00,-0.000000000000000000e+00,-6.100765991085847079e-02
-3.706227502210122093e-01,-0.000000000000000000e+00,-0.000000000000000000e+00,-0.000000000000000000e+00,-0.000000000000000000e+00,0.000000000000000000e+00,-0.000000000000000000e+00,0.000000000000000000e+00,-4.454505110889096509e-01,-3.461951725341079478e-02,-0.000000000000000000e+00,-0.000000000000000000e+00,0.000000000000000000e+00,-1.355039989765390862e-01,-1.713845045808004008e-01,-2.553578368952996724e-01,-0.000000000000000000e+00,0.000000000000000000e+00,0.000000000000000000e+00,-0.000000000000000000e+00,0.000000000000000000e+00,-0.000000000000000000e+00,-0.000000000000000000e+00,0.000000000000000000e+00,-0.000000000000000000e+00,-6.779732827345136097e-03,-0.000000000000000000e+00,-0.000000000000000000e+00,-1.292850409492699859e-01,-4.494572970058691858e-02,-3.887737908827094274e-02,-0.000000000000000000e+00,-0.000000000000000000e+00,-1.058274378975516267e-01,0.000000000000000000e+00,-0.000000000000000000e+00,-0.000000000000000000e+00,2.101641760708441886e+00,-3.858196756444750575e-01
-0.000000000000000000e+00,-0.000000000000000000e+00,-0.000000000000000000e+00,-0.000000000000000000e+00,-0.000000000000000000e+00,-0.000000000000000000e+00,0.000000000000000000e+00,0.000000000000000000e+00,-5.522455389677460857e-01,-3.448550991111815622e-01,-2.675689353615499089e-01,-2.416433505635234846e-01,-0.000000000000000000e+00,-8.939579224539072333e-02,-0.000000000000000000e+00,-8.751445076327490913e-02,-2.997868384717948254e-01,-0.000000000000000000e+00,-0.000000000000000000e+00,0.000000000000000000e+00,0.000000000000000000e+00,-0.000000000000000000e+00,-6.489654192370868102e-02,0.000000000000000000e+00,-0.000000000000000000e+00,-0.000000000000000000e+00,0.000000000000000000e+00,-0.000000000000000000e+00,-0.000000000000000000e+00,-3.601093930918877056e-02,-0.000000000000000000e+00,-2.603275962646632580e-02,-0.000000000000000000e+00,-1.027282930971108177e-01,-0.000000000000000000e+00,-0.000000000000000000e+00,-6.100765991085847079e-02,-3.858196756444750575e-01,2.465219349435613605e+00
