2.239468118927100182e+00,-4.532404203089714922e-01,-0.000000000000000000e+00,-0.000000000000000000e+00,-0.000000000000000000e+00,-1.824939961734405591e-01,-0.000000000000000000e+00,0.000000000000000000e+00,-2.985307834386831116e-01,-1.001405619314138795e-01,-0.000000000000000000e+00,-0.000000000000000000e+00,-0.000000000000000000e+00,-0.000000000000000000e+00,-0.000000000000000000e+00,-8.335781943984532476e-04,0.000000000000000000e+00,-0.000000000000000000e+00,-0.000000000000000000e+00,-0.000000000000000000e+00,-0.000000000000000000e+00,-0.000000000000000000e+00,-1.790276839431061487e-02,-0.000000000000000000e+00,-1.391441788315832817e-01,-4.504459416319457621e-02,-0.000000000000000000e+00,-3.523042146466487477e-03,-1.673941597004047765e-01,-2.570259208746435986e-01,-5.685366712362698721e-02,-0.000000000000000000e+00,-0.000000000000000000e+00,-0.000000000000000000e+00,-0.000000000000000000e+00,0.000000000000000000e+00,-0.000000000000000000e+00,-5.464514880028323862e-01,-0.000000000000000000e+00
-4.532404203089714922e-01,2.443505438114151218e+00,-1.350667652345716729e-01,-2.551362285440766930e-02,-0.000000000000000000e+00,-5.077125441293774133e-02,-1.809290465292559200e-02,5.374052064056879414e-03,-2.211171641929227712e-03,-3.505712538794216598e-02,-0.000000000000000000e+00,-0.000000000000000000e+00,-0.000000000000000000e+00,-1.733769057261041330e-02,-0.000000000000000000e+00,-0.000000000000000000e+00,0.000000000000000000e+00,-0.000000000000000000e+00,-0.000000000000000000e+00,-0.000000000000000000e+00,-0.000000000000000000e+00,-0.000000000000000000e+00,-1.821320273446861981e-01,-3.272407262536483619e-02,-2.787420530792660278e-01,-2.948086224068054984e-01,-0.000000000000000000e+00,-8.828409573659347365e-02,-1.832291436174010302e-01,-2.444219581250069440e-01,-0.000000000000000000e+00,-3.706892021159471223e-02,-1.372528678617778719e-01,0.000000000000000000e+00,-0.000000000000000000e+00,0.000000000000000000e+00,-2.005811349398336219e-01,-5.077429858051534829e-03,-0.000000000000000000e+00
-0.000000000000000000e+00,-1.350667652345716729e-01,2.839522577280013671e+00,-1.852611385600419214e-01,-1.443543318078513160e-01,-0.000000000000000000e+00,-7.554415394827496306e-03,6.942038136899744138e-01,-0.000000000000000000e+00,-0.000000000000000000e+00,-0.000000000000000000e+00,-0.000000000000000000e+00,-0.000000000000000000e+00,-1.984414732571462558e-01,0.000000000000000000e+00,-0.000000000000000000e+00,0.000000000000000000e+00,-3.619967950824272140e-01,-1.073464736812615866e-01,-0.000000000000000000e+00,-0.000000000000000000e+00,-0.000000000000000000e+00,-0.000000000000000000e+00,-0.000000000000000000e+00,-0.000000000000000000e+00,-3.063902887189733915e-01,-0.000000000000000000e+00,-1.796085594964456078e-01,-0.000000000000000000e+00,-0.000000000000000000e+00,-0.000000000000000000e+00,-0.000000000000000000e+00,-3.321454134290592886e-01,-0.000000000000000000e+00,-1.943818651014674048e-01,-0.000000000000000000e+00,-1.666622489338336899e-01,-0.000000000000000000e+00,-0.000000000000000000e+00
-0.000000000000000000e+00,-2.551362285440766930e-02,-1.852611385600419214e-01,2.476136148267256587e+00,-0.000000000000000000e+00,-4.593802284277064690e-02,-1.727353856407567723e-01,9.749391646496913255e-02,-0.000000000000000000e+00,-0.000000000000000000e+00,-0.000000000000000000e+00,-0.000000000000000000e+00,-2.456068508221270416e-02,-8.094019404330821468e-03,0.000000000000000000e+00,-0.000000000000000000e+00,0.000000000000000000e+00,-0.000000000000000000e+00,-0.000000000000000000e+00,-0.000000000000000000e+00,-0.000000000000000000e+00,-0.000000000000000000e+00,-2.770496660307554260e-01,-2.622714669799721676e-01,-1.618600443374204056e-01,-1.409266787536401777e-01,-4.605158803458511696e-01,-3.326949554486187399e-02,-0.000000000000000000e+00,-0.000000000000000000e+00,-1.070400916161098476e-01,-0.000000000000000000e+00,-1.861780408634274298e-01,0.000000000000000000e+00,-2.091766630463376408e-01,0.000000000000000000e+00,-1.006894773327063064e-01,-0.000000000000000000e+00,0.000000000000000000e+00
-0.000000000000000000e+00,-0.000000000000000000e+00,-1.443543318078513160e-01,-0.000000000000000000e+00,1.717409245147071495e+00,-0.000000000000000000e+00,-0.000000000000000000e+00,1.019451108460956157e-01,-2.067967258288134769e-01,-8.798954135261184695e-02,-0.000000000000000000e+00,-5.301824955943510234e-03,0.000000000000000000e+00,-3.299846656254821764e-01,0.000000000000000000e+00,-1.147621040384511938e-02,-0.000000000000000000e+00,-6.250658179864558572e-02,-0.000000000000000000e+00,0.000000000000000000e+00,-0.000000000000000000e+00,-0.000000000000000000e+00,-0.000000000000000000e+00,-0.000000000000000000e+00,-0.000000000000000000e+00,-0.000000000000000000e+00,-0.000000000000000000e+00,-2.651349180318209042e-02,-0.000000000000000000e+00,-0.000000000000000000e+00,-0.000000000000000000e+00,-0.000000000000000000e+00,-0.000000000000000000e+00,-2.065675169531903665e-01,-0.000000000000000000e+00,-3.074197647054944804e-01,-0.000000000000000000e+00,-0.000000000000000000e+00,-2.318728745166302452e-01
-1.824939961734405591e-01,-5.077125441293774133e-02,-0.000000000000000000e+00,-4.593802284277064690e-02,-0.000000000000000000e+00,2.610051046815733411e+00,-0.000000000000000000e+00,0.000000000000000000e+00,-0.000000000000000000e+00,-0.000000000000000000e+00,-0.000000000000000000e+00,-0.000000000000000000e+00,-3.379964223444485716e-02,-0.000000000000000000e+00,0.000000000000000000e+00,-0.000000000000000000e+00,0.000000000000000000e+00,-0.000000000000000000e+00,-0.000000000000000000e+00,-2.053594370476482800e-01,-1.599595949390275884e-01,-2.512295544367249001e-01,-3.835808689663042226e-01,-4.258776277589861325e-01,-1.596392715423478603e-01,-0.000000000000000000e+00,-0.000000000000000000e+00,-0.000000000000000000e+00,-2.973053093566572769e-01,-0.000000000000000000e+00,-1.866937073357309920e-02,-3.975649944888048209e-02,-0.000000000000000000e+00,0.000000000000000000e+00,-1.128173066810862074e-01,0.000000000000000000e+00,-2.259501252237661184e-01,-0.000000000000000000e+00,0.000000000000000000e+00
-0.000000000000000000e+00,-1.809290465292559200e-02,-7.554415394827496306e-03,-1.727353856407567723e-01,-0.000000000000000000e+00,-0.000000000000000000e+00,1.709409198540573716e+00,3.634094693675948839e-02,-0.000000000000000000e+00,-0.000000000000000000e+00,-3.021097588941408785e-01,-0.000000000000000000e+00,-2.913693576453274883e-02,-2.820873244355315279e-02,0.000000000000000000e+00,-0.000000000000000000e+00,-0.000000000000000000e+00,-0.000000000000000000e+00,-0.000000000000000000e+00,-0.000000000000000000e+00,-0.000000000000000000e+00,-4.475598119710313960e-02,-0.000000000000000000e+00,-0.000000000000000000e+00,-0.000000000000000000e+00,-1.456838198520317151e-01,-2.368074011256096623e-01,-0.000000000000000000e+00,-0.000000000000000000e+00,-0.000000000000000000e+00,-1.764154099982382928e-01,-0.000000000000000000e+00,-3.484040915421849904e-01,0.000000000000000000e+00,-0.000000000000000000e+00,0.000000000000000000e+00,-0.000000000000000000e+00,-0.000000000000000000e+00,-0.000000000000000000e+00
0.000000000000000000e+00,5.374052064056879414e-03,6.942038136899744138e-01,9.749391646496913255e-02,1.019451108460956157e-01,0.000000000000000000e+00,3.634094693675948839e-02,2.398076156870636577e+00,0.000000000000000000e+00,0.000000000000000000e+00,0.000000000000000000e+00,9.236137561480321778e-02,0.000000000000000000e+00,0.000000000000000000e+00,0.000000000000000000e+00,0.000000000000000000e+00,0.000000000000000000e+00,3.321324743362814580e-01,2.338782066187717126e-02,0.000000000000000000e+00,0.000000000000000000e+00,0.000000000000000000e+00,0.000000000000000000e+00,0.000000000000000000e+00,0.000000000000000000e+00,4.774077958121142884e-01,1.329507562341269156e-01,0.000000000000000000e+00,0.000000000000000000e+00,0.000000000000000000e+00,0.000000000000000000e+00,0.000000000000000000e+00,3.275876790121793891e-01,0.000000000000000000e+00,0.000000000000000000e+00,0.000000000000000000e+00,0.000000000000000000e+00,0.000000000000000000e+00,0.000000000000000000e+00
-2.985307834386831116e-01,-2.211171641929227712e-03,-0.000000000000000000e+00,-0.000000000000000000e+00,-2.067967258288134769e-01,-0.000000000000000000e+00,-0.000000000000000000e+00,0.000000000000000000e+00,1.959038918868452051e+00,-3.261455212096525669e-01,-0.000000000000000000e+00,-0.000000000000000000e+00,0.000000000000000000e+00,-3.142793565411513557e-01,-0.000000000000000000e+00,-1.348703051777262185e-01,-0.000000000000000000e+00,-0.000000000000000000e+00,-0.000000000000000000e+00,-0.000000000000000000e+00,-0.000000000000000000e+00,-0.000000000000000000e+00,-0.000000000000000000e+00,-0.000000000000000000e+00,-0.000000000000000000e+00,-1.112579308370291592e-01,-0.000000000000000000e+00,-0.000000000000000000e+00,-0.000000000000000000e+00,-2.561473913244702860e-01,-2.465355507156062262e-02,-0.000000000000000000e+00,-0.000000000000000000e+00,-0.000000000000000000e+00,-0.000000000000000000e+00,-0.000000000000000000e+00,-0.000000000000000000e+00,-6.272612984459616237e-02,-1.177257809668043192e-01
-1.001405619314138795e-01,-3.505712538794216598e-02,-0.000000000000000000e+00,-0.000000000000000000e+00,-8.798954135261184695e-02,-0.000000000000000000e+00,-0.000000000000000000e+00,0.000000000000000000e+00,-3.261455212096525669e-01,2.197707647925009056e+00,0.000000000000000000e+00,-1.128390087797124380e-01,0.000000000000000000e+00,-0.000000000000000000e+00,-0.000000000000000000e+00,-6.193004309488787662e-01,0.000000000000000000e+00,-2.655207141702611157e-02,-9.451766623163364300e-02,-0.000000000000000000e+00,-0.000000000000000000e+00,-0.000000000000000000e+00,-0.000000000000000000e+00,-0.000000000000000000e+00,-0.000000000000000000e+00,-0.000000000000000000e+00,-0.000000000000000000e+00,-0.000000000000000000e+00,-0.000000000000000000e+00,-3.285516371911363365e-01,-0.000000000000000000e+00,-0.000000000000000000e+00,-0.000000000000000000e+00,-1.625470026478842700e-01,-0.000000000000000000e+00,-0.000000000000000000e+00,-0.000000000000000000e+00,-1.721484524874963840e-01,-2.316321322798118310e-01
-0.000000000000000000e+00,-0.000000000000000000e+00,-0.000000000000000000e+00,-0.000000000000000000e+00,-0.000000000000000000e+00,-0.000000000000000000e+00,-3.021097588941408785e-01,0.000000000000000000e+00,-0.000000000000000000e+00,0.000000000000000000e+00,1.354684475097751362e+00,-0.000000000000000000e+00,-1.311271822813657173e-01,-0.000000000000000000e+00,-0.000000000000000000e+00,0.000000000000000000e+00,-2.539360509768636698e-01,-0.000000000000000000e+00,-0.000000000000000000e+00,-0.000000000000000000e+00,-0.000000000000000000e+00,-0.000000000000000000e+00,-0.000000000000000000e+00,-0.000000000000000000e+00,-0.000000000000000000e+00,-0.000000000000000000e+00,-0.000000000000000000e+00,-0.000000000000000000e+00,-0.000000000000000000e+00,-0.000000000000000000e+00,-0.000000000000000000e+00,-4.555262360355289974e-01,-0.000000000000000000e+00,0.000000000000000000e+00,-0.000000000000000000e+00,0.000000000000000000e+00,-0.000000000000000000e+00,0.000000000000000000e+00,-0.000000000000000000e+00
-0.000000000000000000e+00,-0.000000000000000000e+00,-0.000000000000000000e+00,-0.000000000000000000e+00,-5.301824955943510234e-03,-0.000000000000000000e+00,-0.000000000000000000e+00,9.236137561480321778e-02,-0.000000000000000000e+00,-1.128390087797124380e-01,-0.000000000000000000e+00,1.735211958768099860e+00,0.000000000000000000e+00,-0.000000000000000000e+00,-2.573109724639504048e-01,-0.000000000000000000e+00,-0.000000000000000000e+00,-3.362081824155632170e-01,-3.427293136818079233e-01,0.000000000000000000e+00,-0.000000000000000000e+00,-0.000000000000000000e+00,-0.000000000000000000e+00,-0.000000000000000000e+00,-0.000000000000000000e+00,-0.000000000000000000e+00,-0.000000000000000000e+00,-0.000000000000000000e+00,-0.000000000000000000e+00,-0.000000000000000000e+00,-0.000000000000000000e+00,-0.000000000000000000e+00,-0.000000000000000000e+00,-6.442802535722670643e-02,-0.000000000000000000e+00,-0.000000000000000000e+00,-0.000000000000000000e+00,-0.000000000000000000e+00,-4.037152489909094366e-01
-0.000000000000000000e+00,-0.000000000000000000e+00,-0.000000000000000000e+00,-2.456068508221270416e-02,0.000000000000000000e+00,-3.379964223444485716e-02,-2.913693576453274883e-02,0.000000000000000000e+00,0.000000000000000000e+00,0.000000000000000000e+00,-1.311271822813657173e-01,0.000000000000000000e+00,1.295039729120425198e+00,-0.000000000000000000e+00,7.562801241460992419e-02,0.000000000000000000e+00,0.000000000000000000e+00,0.000000000000000000e+00,0.000000000000000000e+00,-2.073706178955539783e-02,-0.000000000000000000e+00,-1.475708727541380147e-02,-0.000000000000000000e+00,-1.008814062808509465e-01,-0.000000000000000000e+00,-0.000000000000000000e+00,-2.183363807978641324e-01,-0.000000000000000000e+00,-0.000000000000000000e+00,-0.000000000000000000e+00,-5.550523650766412548e-02,-0.000000000000000000e+00,-0.000000000000000000e+00,3.200912093564239336e-01,-0.000000000000000000e+00,2.339997984036867873e-01,-0.000000000000000000e+00,0.000000000000000000e+00,0.000000000000000000e+00
-0.000000000000000000e+00,-1.733769057261041330e-02,-1.984414732571462558e-01,-8.094019404330821468e-03,-3.299846656254821764e-01,-0.000000000000000000e+00,-2.820873244355315279e-02,0.000000000000000000e+00,-3.142793565411513557e-01,-0.000000000000000000e+00,-0.000000000000000000e+00,-0.000000000000000000e+00,-0.000000000000000000e+00,2.364548278224504418e+00,0.000000000000000000e+00,-2.271234844676418840e-01,0.000000000000000000e+00,-0.000000000000000000e+00,-0.000000000000000000e+00,-0.000000000000000000e+00,-0.000000000000000000e+00,-4.462146823360308920e-03,-5.229943470406839962e-02,-5.679975719229536472e-03,-2.916163225861378994e-01,-1.290816136752477583e-01,-1.700431393512072675e-01,-1.223329961008592787e-01,-0.000000000000000000e+00,-0.000000000000000000e+00,-8.885152964543902021e-02,-0.000000000000000000e+00,-3.616594331835544240e-01,-0.000000000000000000e+00,-1.016572687435069594e-01,-0.000000000000000000e+00,-0.000000000000000000e+00,-0.000000000000000000e+00,-0.000000000000000000e+00
-0.000000000000000000e+00,-0.000000000000000000e+00,0.000000000000000000e+00,0.000000000000000000e+00,0.000000000000000000e+00,0.000000000000000000e+00,0.000000000000000000e+00,0.000000000000000000e+00,-0.000000000000000000e+00,-0.000000000000000000e+00,-0.000000000000000000e+00,-2.573109724639504048e-01,7.562801241460992419e-02,0.000000000000000000e+00,1.333093248607652770e+00,-0.000000000000000000e+00,-8.595261275377526211e-02,-0.000000000000000000e+00,-2.447672753244086452e-01,4.307117596698063766e-02,0.000000000000000000e+00,0.000000000000000000e+00,0.000000000000000000e+00,0.000000000000000000e+00,0.000000000000000000e+00,0.000000000000000000e+00,5.010016808273601296e-02,0.000000000000000000e+00,-0.000000000000000000e+00,-0.000000000000000000e+00,4.008652669515404277e-02,-0.000000000000000000e+00,0.000000000000000000e+00,-3.611828352337415060e-01,0.000000000000000000e+00,-0.000000000000000000e+00,0.000000000000000000e+00,-0.000000000000000000e+00,-2.852093798099038582e-02
-8.335781943984532476e-04,-0.000000000000000000e+00,-0.000000000000000000e+00,-0.000000000000000000e+00,-1.147621040384511938e-02,-0.000000000000000000e+00,-0.000000000000000000e+00,0.000000000000000000e+00,-1.348703051777262185e-01,-6.193004309488787662e-01,0.000000000000000000e+00,-0.000000000000000000e+00,0.000000000000000000e+00,-2.271234844676418840e-01,-0.000000000000000000e+00,2.171986811884678126e+00,0.000000000000000000e+00,-1.270313970597204689e-01,-0.000000000000000000e+00,-0.000000000000000000e+00,-2.488974053286787946e-01,-0.000000000000000000e+00,-0.000000000000000000e+00,-0.000000000000000000e+00,-1.752731497239281289e-01,-0.000000000000000000e+00,-0.000000000000000000e+00,-0.000000000000000000e+00,-0.000000000000000000e+00,-4.168909615016946346e-01,-0.000000000000000000e+00,-0.000000000000000000e+00,-0.000000000000000000e+00,-0.000000000000000000e+00,-7.796695426440043708e-02,-0.000000000000000000e+00,-0.000000000000000000e+00,-0.000000000000000000e+00,-0.000000000000000000e+00
0.000000000000000000e+00,0.000000000000000000e+00,0.000000000000000000e+00,0.000000000000000000e+00,-0.000000000000000000e+00,0.000000000000000000e+00,-0.000000000000000000e+00,0.000000000000000000e+00,-0.000000000000000000e+00,0.000000000000000000e+00,-2.539360509768636698e-01,-0.000000000000000000e+00,0.000000000000000000e+00,0.000000000000000000e+00,-8.595261275377526211e-02,0.000000000000000000e+00,1.206817649536488846e+00,-0.000000000000000000e+00,-0.000000000000000000e+00,3.944794190821851454e-01,8.457404352381202306e-02,0.000000000000000000e+00,0.000000000000000000e+00,0.000000000000000000e+00,0.000000000000000000e+00,0.000000000000000000e+00,0.000000000000000000e+00,0.000000000000000000e+00,0.000000000000000000e+00,0.000000000000000000e+00,0.000000000000000000e+00,-0.000000000000000000e+00,0.000000000000000000e+00,-0.000000000000000000e+00,4.339220252330054650e-02,-3.969940679845952031e-02,0.000000000000000000e+00,0.000000000000000000e+00,-4.392850464893083284e-02
-0.000000000000000000e+00,-0.000000000000000000e+00,-3.619967950824272140e-01,-0.000000000000000000e+00,-6.250658179864558572e-02,-0.000000000000000000e+00,-0.000000000000000000e+00,3.321324743362814580e-01,-0.000000000000000000e+00,-2.655207141702611157e-02,-0.000000000000000000e+00,-3.362081824155632170e-01,0.000000000000000000e+00,-0.000000000000000000e+00,-0.000000000000000000e+00,-1.270313970597204689e-01,-0.000000000000000000e+00,2.322722993884058784e+00,-8.450018640132738179e-01,-0.000000000000000000e+00,-0.000000000000000000e+00,-0.000000000000000000e+00,-0.000000000000000000e+00,-0.000000000000000000e+00,-0.000000000000000000e+00,-0.000000000000000000e+00,-0.000000000000000000e+00,-0.000000000000000000e+00,-0.000000000000000000e+00,-2.037307506470363849e-01,-0.000000000000000000e+00,-0.000000000000000000e+00,-0.000000000000000000e+00,-0.000000000000000000e+00,-0.000000000000000000e+00,-0.000000000000000000e+00,-0.000000000000000000e+00,-0.000000000000000000e+00,-0.000000000000000000e+00
-0.000000000000000000e+00,-0.000000000000000000e+00,-1.073464736812615866e-01,-0.000000000000000000e+00,-0.000000000000000000e+00,-0.000000000000000000e+00,-0.000000000000000000e+00,2.338782066187717126e-02,-0.000000000000000000e+00,-9.451766623163364300e-02,-0.000000000000000000e+00,-3.427293136818079233e-01,0.000000000000000000e+00,-0.000000000000000000e+00,-2.447672753244086452e-01,-0.000000000000000000e+00,-0.000000000000000000e+00,-8.450018640132738179e-01,2.034594614728808537e+00,-0.000000000000000000e+00,-0.000000000000000000e+00,-0.000000000000000000e+00,-0.000000000000000000e+00,-0.000000000000000000e+00,-0.000000000000000000e+00,-0.000000000000000000e+00,-0.000000000000000000e+00,-0.000000000000000000e+00,-0.000000000000000000e+00,-2.359477894421767585e-01,0.000000000000000000e+00,-0.000000000000000000e+00,-0.000000000000000000e+00,-2.307831871218879102e-02,-0.000000000000000000e+00,-0.000000000000000000e+00,-0.000000000000000000e+00,-0.000000000000000000e+00,-0.000000000000000000e+00
-0.000000000000000000e+00,-0.000000000000000000e+00,-0.000000000000000000e+00,-0.000000000000000000e+00,0.000000000000000000e+00,-2.053594370476482800e-01,-0.000000000000000000e+00,0.000000000000000000e+00,-0.000000000000000000e+00,-0.000000000000000000e+00,-0.000000000000000000e+00,0.000000000000000000e+00,-2.073706178955539783e-02,-0.000000000000000000e+00,4.307117596698063766e-02,-0.000000000000000000e+00,3.944794190821851454e-01,-0.000000000000000000e+00,-0.000000000000000000e+00,2.211896250165517053e+00,-4.257970693717379462e-01,-5.941189106173035972e-01,-6.987710663312557413e-02,-3.708987278593343651e-01,-9.146694385325764010e-02,-0.000000000000000000e+00,-0.000000000000000000e+00,-0.000000000000000000e+00,-0.000000000000000000e+00,-0.000000000000000000e+00,-0.000000000000000000e+00,-0.000000000000000000e+00,-0.000000000000000000e+00,0.000000000000000000e+00,-0.000000000000000000e+00,7.056154617337622240e-03,-0.000000000000000000e+00,0.000000000000000000e+00,0.000000000000000000e+00
-0.000000000000000000e+00,-0.000000000000000000e+00,-0.000000000000000000e+00,-0.000000000000000000e+00,-0.000000000000000000e+00,-1.599595949390275884e-01,-0.000000000000000000e+00,0.000000000000000000e+00,-0.000000000000000000e+00,-0.000000000000000000e+00,-0.000000000000000000e+00,-0.000000000000000000e+00,-0.000000000000000000e+00,-0.000000000000000000e+00,0.000000000000000000e+00,-2.488974053286787946e-01,8.457404352381202306e-02,-0.000000000000000000e+00,-0.000000000000000000e+00,-4.257970693717379462e-01,2.654407846812896654e+00,-3.544785610659724751e-01,-1.346824485185170173e-01,-1.736023130051273511e-01,-9.515078809472810040e-02,-0.000000000000000000e+00,-0.000000000000000000e+00,-1.729099210542455189e-01,-8.041804461231484569e-02,-9.212871977654903122e-02,-0.000000000000000000e+00,-0.000000000000000000e+00,-0.000000000000000000e+00,0.000000000000000000e+00,-4.023042413957622077e-01,0.000000000000000000e+00,-3.219104841174538212e-01,-0.000000000000000000e+00,0.000000000000000000e+00
-0.000000000000000000e+00,-0.000000000000000000e+00,-0.000000000000000000e+00,-0.000000000000000000e+00,-0.000000000000000000e+00,-2.512295544367249001e-01,-4.475598119710313960e-02,0.000000000000000000e+00,-0.000000000000000000e+00,-0.000000000000000000e+00,-0.000000000000000000e+00,-0.000000000000000000e+00,-1.475708727541380147e-02,-4.462146823360308920e-03,0.000000000000000000e+00,-0.000000000000000000e+00,0.000000000000000000e+00,-0.000000000000000000e+00,-0.000000000000000000e+00,-5.941189106173035972e-01,-3.544785610659724751e-01,2.410489811639671132e+00,-1.813961893516028712e-01,-2.383561780378262440e-01,-1.770971380802471296e-01,-0.000000000000000000e+00,-0.000000000000000000e+00,-1.003189621643419890e-02,-1.920814405238562561e-01,-0.000000000000000000e+00,-0.000000000000000000e+00,-2.590121072229034649e-01,-0.000000000000000000e+00,0.000000000000000000e+00,-0.000000000000000000e+00,0.000000000000000000e+00,-2.669050580232923409e-02,-0.000000000000000000e+00,0.000000000000000000e+00
-1.790276839431061487e-02,-1.821320273446861981e-01,-0.000000000000000000e+00,-2.770496660307554260e-01,-0.000000000000000000e+00,-3.835808689663042226e-01,-0.000000000000000000e+00,0.000000000000000000e+00,-0.000000000000000000e+00,-0.000000000000000000e+00,-0.000000000000000000e+00,-0.000000000000000000e+00,-0.000000000000000000e+00,-5.229943470406839962e-02,0.000000000000000000e+00,-0.000000000000000000e+00,0.000000000000000000e+00,-0.000000000000000000e+00,-0.000000000000000000e+00,-6.987710663312557413e-02,-1.346824485185170173e-01,-1.813961893516028712e-01,2.928440268063006613e+00,-3.668413070888926208e-01,-3.546351159896259930e-01,-8.293783780119773352e-02,-0.000000000000000000e+00,-4.526129377848715774e-02,-2.021742577834381993e-01,-1.205850511702058758e-01,-7.509207832236403091e-02,-0.000000000000000000e+00,-0.000000000000000000e+00,0.000000000000000000e+00,-2.448609177877288656e-01,0.000000000000000000e+00,-2.235731740662010580e-01,-0.000000000000000000e+00,-0.000000000000000000e+00
-0.000000000000000000e+00,-3.272407262536483619e-02,-0.000000000000000000e+00,-2.622714669799721676e-01,-0.000000000000000000e+00,-4.258776277589861325e-01,-0.000000000000000000e+00,0.000000000000000000e+00,-0.000000000000000000e+00,-0.000000000000000000e+00,-0.000000000000000000e+00,-0.000000000000000000e+00,-1.008814062808509465e-01,-5.679975719229536472e-03,0.000000000000000000e+00,-0.000000000000000000e+00,0.000000000000000000e+00,-0.000000000000000000e+00,-0.000000000000000000e+00,-3.708987278593343651e-01,-1.736023130051273511e-01,-2.383561780378262440e-01,-3.668413070888926208e-01,2.903078713998218596e+00,-2.628305635475092772e-01,-0.000000000000000000e+00,-1.529027391605514326e-02,-8.636441259291779970e-02,-2.838672313246794476e-01,-0.000000000000000000e+00,-2.970679465455772564e-02,-0.000000000000000000e+00,-0.000000000000000000e+00,0.000000000000000000e+00,-1.863414277272733011e-01,0.000000000000000000e+00,-1.920334041545811443e-01,-0.000000000000000000e+00,0.000000000000000000e+00
-1.391441788315832817e-01,-2.787420530792660278e-01,-0.000000000000000000e+00,-1.618600443374204056e-01,-0.000000000000000000e+00,-1.596392715423478603e-01,-0.000000000000000000e+00,0.000000000000000000e+00,-0.000000000000000000e+00,-0.000000000000000000e+00,-0.000000000000000000e+00,-0.000000000000000000e+00,-0.000000000000000000e+00,-2.916163225861378994e-01,0.000000000000000000e+00,-1.752731497239281289e-01,0.000000000000000000e+00,-0.000000000000000000e+00,-0.000000000000000000e+00,-9.146694385325764010e-02,-9.515078809472810040e-02,-1.770971380802471296e-01,-3.546351159896259930e-01,-2.628305635475092772e-01,2.933864836209531646e+00,-5.653602123387959505e-02,-4.410695488643879419e-02,-2.352521357675908531e-01,-8.040307343827728104e-02,-2.334566188971912981e-01,-0.000000000000000000e+00,-0.000000000000000000e+00,-6.187212075582959256e-03,0.000000000000000000e+00,-1.534158130901246697e-01,0.000000000000000000e+00,-1.206323485498409925e-01,-0.000000000000000000e+00,-0.000000000000000000e+00
-4.504459416319457621e-02,-2.948086224068054984e-01,-3.063902887189733915e-01,-1.409266787536401777e-01,-0.000000000000000000e+00,-0.000000000000000000e+00,-1.456838198520317151e-01,4.774077958121142884e-01,-1.112579308370291592e-01,-0.000000000000000000e+00,-0.000000000000000000e+00,-0.000000000000000000e+00,-0.000000000000000000e+00,-1.290816136752477583e-01,0.000000000000000000e+00,-0.000000000000000000e+00,0.000000000000000000e+00,-0.000000000000000000e+00,-0.000000000000000000e+00,-0.000000000000000000e+00,-0.000000000000000000e+00,-0.000000000000000000e+00,-8.293783780119773352e-02,-0.000000000000000000e+00,-5.653602123387959505e-02,2.593292659921816234e+00,-4.118486999110752556e-01,-1.013437543768169573e-02,-8.464765312905809733e-03,-0.000000000000000000e+00,-2.452392849015865850e-01,-0.000000000000000000e+00,-1.619133967299826171e-01,0.000000000000000000e+00,-6.316609012834777104e-02,0.000000000000000000e+00,-0.000000000000000000e+00,-0.000000000000000000e+00,-0.000000000000000000e+00
-0.000000000000000000e+00,-0.000000000000000000e+00,-0.000000000000000000e+00,-4.605158803458511696e-01,-0.000000000000000000e+00,-0.000000000000000000e+00,-2.368074011256096623e-01,1.329507562341269156e-01,-0.000000000000000000e+00,-0.000000000000000000e+00,-0.000000000000000000e+00,-0.000000000000000000e+00,-2.183363807978641324e-01,-1.700431393512072675e-01,5.010016808273601296e-02,-0.000000000000000000e+00,0.000000000000000000e+00,-0.000000000000000000e+00,-0.000000000000000000e+00,-0.000000000000000000e+00,-0.000000000000000000e+00,-0.000000000000000000e+00,-0.000000000000000000e+00,-1.529027391605514326e-02,-4.410695488643879419e-02,-4.118486999110752556e-01,2.229384877652144770e+00,-1.615071039189220625e-01,-0.000000000000000000e+00,-0.000000000000000000e+00,-3.371566131307085490e-01,-0.000000000000000000e+00,-1.176136293131927607e-01,0.000000000000000000e+00,-0.000000000000000000e+00,0.000000000000000000e+00,-0.000000000000000000e+00,-0.000000000000000000e+00,-0.000000000000000000e+00
-3.523042146466487477e-03,-8.828409573659347365e-02,-1.796085594964456078e-01,-3.326949554486187399e-02,-2.651349180318209042e-02,-0.000000000000000000e+00,-0.000000000000000000e+00,0.000000000000000000e+00,-0.000000000000000000e+00,-0.000000000000000000e+00,-0.000000000000000000e+00,-0.000000000000000000e+00,-0.000000000000000000e+00,-1.223329961008592787e-01,0.000000000000000000e+00,-0.000000000000000000e+00,0.000000000000000000e+00,-0.000000000000000000e+00,-0.000000000000000000e+00,-0.000000000000000000e+00,-1.729099210542455189e-01,-1.003189621643419890e-02,-4.526129377848715774e-02,-8.636441259291779970e-02,-2.352521357675908531e-01,-1.013437543768169573e-02,-1.615071039189220625e-01,1.752789446947744745e+00,-6.138305347026826175e-02,-3.069288892289738849e-02,-0.000000000000000000e+00,-0.000000000000000000e+00,-1.030655710431620381e-01,-0.000000000000000000e+00,-0.000000000000000000e+00,0.000000000000000000e+00,-9.649992133241429293e-02,-0.000000000000000000e+00,-0.000000000000000000e+00
-1.673941597004047765e-01,-1.832291436174010302e-01,-0.000000000000000000e+00,-0.000000000000000000e+00,-0.000000000000000000e+00,-2.973053093566572769e-01,-0.000000000000000000e+00,0.000000000000000000e+00,-0.000000000000000000e+00,-0.000000000000000000e+00,-0.000000000000000000e+00,-0.000000000000000000e+00,-0.000000000000000000e+00,-0.000000000000000000e+00,-0.000000000000000000e+00,-0.000000000000000000e+00,0.000000000000000000e+00,-0.000000000000000000e+00,-0.000000000000000000e+00,-0.000000000000000000e+00,-8.041804461231484569e-02,-1.920814405238562561e-01,-2.021742577834381993e-01,-2.838672313246794476e-01,-8.040307343827728104e-02,-8.464765312905809733e-03,-0.000000000000000000e+00,-6.138305347026826175e-02,2.606685811087449789e+00,-1.218261562781476071e-01,-0.000000000000000000e+00,-5.634396035198756536e-01,-2.288395031731892959e-01,0.000000000000000000e+00,-0.000000000000000000e+00,0.000000000000000000e+00,-2.134403534210814468e-01,-0.000000000000000000e+00,-0.000000000000000000e+00
-2.570259208746435986e-01,-2.444219581250069440e-01,-0.000000000000000000e+00,-0.000000000000000000e+00,-0.000000000000000000e+00,-0.000000000000000000e+00,-0.000000000000000000e+00,0.000000000000000000e+00,-2.561473913244702860e-01,-3.285516371911363365e-01,-0.000000000000000000e+00,-0.000000000000000000e+00,-0.000000000000000000e+00,-0.000000000000000000e+00,-0.000000000000000000e+00,-4.168909615016946346e-01,0.000000000000000000e+00,-2.037307506470363849e-01,-2.359477894421767585e-01,-0.000000000000000000e+00,-9.212871977654903122e-02,-0.000000000000000000e+00,-1.205850511702058758e-01,-0.000000000000000000e+00,-2.334566188971912981e-01,-0.000000000000000000e+00,-0.000000000000000000e+00,-3.069288892289738849e-02,-1.218261562781476071e-01,2.570908350236716711e+00,-0.000000000000000000e+00,-0.000000000000000000e+00,-0.000000000000000000e+00,-0.000000000000000000e+00,-1.204797647722942039e-01,-0.000000000000000000e+00,-6.091724587797170409e-02,-0.000000000000000000e+00,-0.000000000000000000e+00
-5.685366712362698721e-02,-0.000000000000000000e+00,-0.000000000000000000e+00,-1.070400916161098476e-01,-0.000000000000000000e+00,-1.866937073357309920e-02,-1.764154099982382928e-01,0.000000000000000000e+00,-2.465355507156062262e-02,-0.000000000000000000e+00,-0.000000000000000000e+00,-0.000000000000000000e+00,-5.550523650766412548e-02,-8.885152964543902021e-02,4.008652669515404277e-02,-0.000000000000000000e+00,0.000000000000000000e+00,-0.000000000000000000e+00,0.000000000000000000e+00,-0.000000000000000000e+00,-0.000000000000000000e+00,-0.000000000000000000e+00,-7.509207832236403091e-02,-2.970679465455772564e-02,-0.000000000000000000e+00,-2.452392849015865850e-01,-3.371566131307085490e-01,-0.000000000000000000e+00,-0.000000000000000000e+00,-0.000000000000000000e+00,1.549842842899553430e+00,-0.000000000000000000e+00,-0.000000000000000000e+00,0.000000000000000000e+00,-0.000000000000000000e+00,0.000000000000000000e+00,-0.000000000000000000e+00,-0.000000000000000000e+00,-0.000000000000000000e+00
-0.000000000000000000e+00,-3.706892021159471223e-02,-0.000000000000000000e+00,-0.000000000000000000e+00,-0.000000000000000000e+00,-3.975649944888048209e-02,-0.000000000000000000e+00,0.000000000000000000e+00,-0.000000000000000000e+00,-0.000000000000000000e+00,-4.555262360355289974e-01,-0.000000000000000000e+00,-0.000000000000000000e+00,-0.000000000000000000e+00,-0.000000000000000000e+00,-0.000000000000000000e+00,-0.000000000000000000e+00,-0.000000000000000000e+00,-0.000000000000000000e+00,-0.000000000000000000e+00,-0.000000000000000000e+00,-2.590121072229034649e-01,-0.000000000000000000e+00,-0.000000000000000000e+00,-0.000000000000000000e+00,-0.000000000000000000e+00,-0.000000000000000000e+00,-0.000000000000000000e+00,-5.634396035198756536e-01,-0.000000000000000000e+00,-0.000000000000000000e+00,1.754085802727309407e+00,-3.524384747573703486e-02,-0.000000000000000000e+00,-0.000000000000000000e+00,0.000000000000000000e+00,-1.448148569857336254e-01,-0.000000000000000000e+00,-0.000000000000000000e+00
-0.000000000000000000e+00,-1.372528678617778719e-01,-3.321454134290592886e-01,-1.861780408634274298e-01,-0.000000000000000000e+00,-0.000000000000000000e+00,-3.484040915421849904e-01,3.275876790121793891e-01,-0.000000000000000000e+00,-0.000000000000000000e+00,-0.000000000000000000e+00,-0.000000000000000000e+00,-0.000000000000000000e+00,-3.616594331835544240e-01,0.000000000000000000e+00,-0.000000000000000000e+00,0.000000000000000000e+00,-0.000000000000000000e+00,-0.000000000000000000e+00,-0.000000000000000000e+00,-0.000000000000000000e+00,-0.000000000000000000e+00,-0.000000000000000000e+00,-0.000000000000000000e+00,-6.187212075582959256e-03,-1.619133967299826171e-01,-1.176136293131927607e-01,-1.030655710431620381e-01,-2.288395031731892959e-01,-0.000000000000000000e+00,-0.000000000000000000e+00,-3.524384747573703486e-02,2.680942606454209010e+00,0.000000000000000000e+00,-2.007233117077220075e-01,0.000000000000000000e+00,-2.485178611265583259e-01,-0.000000000000000000e+00,-0.000000000000000000e+00
-0.000000000000000000e+00,0.000000000000000000e+00,-0.000000000000000000e+00,0.000000000000000000e+00,-2.065675169531903665e-01,0.000000000000000000e+00,0.000000000000000000e+00,0.000000000000000000e+00,-0.000000000000000000e+00,-1.625470026478842700e-01,0.000000000000000000e+00,-6.442802535722670643e-02,3.200912093564239336e-01,-0.000000000000000000e+00,-3.611828352337415060e-01,-0.000000000000000000e+00,-0.000000000000000000e+00,-0.000000000000000000e+00,-2.307831871218879102e-02,0.000000000000000000e+00,0.000000000000000000e+00,0.000000000000000000e+00,0.000000000000000000e+00,0.000000000000000000e+00,0.000000000000000000e+00,0.000000000000000000e+00,0.000000000000000000e+00,-0.000000000000000000e+00,0.000000000000000000e+00,-0.000000000000000000e+00,0.000000000000000000e+00,-0.000000000000000000e+00,0.000000000000000000e+00,1.482640356631047318e+00,0.000000000000000000e+00,-1.823057397502733101e-01,0.000000000000000000e+00,-0.000000000000000000e+00,-1.409169884243193227e-01
-0.000000000000000000e+00,-0.000000000000000000e+00,-1.943818651014674048e-01,-2.091766630463376408e-01,-0.000000000000000000e+00,-1.128173066810862074e-01,-0.000000000000000000e+00,0.000000000000000000e+00,-0.000000000000000000e+00,-0.000000000000000000e+00,-0.000000000000000000e+00,-0.000000000000000000e+00,-0.000000000000000000e+00,-1.016572687435069594e-01,0.000000000000000000e+00,-7.796695426440043708e-02,4.339220252330054650e-02,-0.000000000000000000e+00,-0.000000000000000000e+00,-0.000000000000000000e+00,-4.023042413957622077e-01,-0.000000000000000000e+00,-2.448609177877288656e-01,-1.863414277272733011e-01,-1.534158130901246697e-01,-6.316609012834777104e-02,-0.000000000000000000e+00,-0.000000000000000000e+00,-0.000000000000000000e+00,-1.204797647722942039e-01,-0.000000000000000000e+00,-0.000000000000000000e+00,-2.007233117077220075e-01,0.000000000000000000e+00,2.560564795087822532e+00,0.000000000000000000e+00,-4.225113821225619515e-01,-0.000000000000000000e+00,-0.000000000000000000e+00
0.000000000000000000e+00,0.000000000000000000e+00,-0.000000000000000000e+00,0.000000000000000000e+00,-3.074197647054944804e-01,0.000000000000000000e+00,0.000000000000000000e+00,0.000000000000000000e+00,-0.000000000000000000e+00,-0.000000000000000000e+00,0.000000000000000000e+00,-0.000000000000000000e+00,2.339997984036867873e-01,-0.000000000000000000e+00,-0.000000000000000000e+00,-0.000000000000000000e+00,-3.969940679845952031e-02,-0.000000000000000000e+00,-0.000000000000000000e+00,7.056154617337622240e-03,0.000000000000000000e+00,0.000000000000000000e+00,0.000000000000000000e+00,0.000000000000000000e+00,0.000000000000000000e+00,0.000000000000000000e+00,0.000000000000000000e+00,0.000000000000000000e+00,0.000000000000000000e+00,-0.000000000000000000e+00,0.000000000000000000e+00,0.000000000000000000e+00,0.000000000000000000e+00,-1.823057397502733101e-01,0.000000000000000000e+00,1.249121688989820678e+00,0.000000000000000000e+00,0.000000000000000000e+00,-1.209006981099331329e-01
-0.000000000000000000e+00,-2.005811349398336219e-01,-1.666622489338336899e-01,-1.006894773327063064e-01,-0.000000000000000000e+00,-2.259501252237661184e-01,-0.000000000000000000e+00,0.000000000000000000e+00,-0.000000000000000000e+00,-0.000000000000000000e+00,-0.000000000000000000e+00,-0.000000000000000000e+00,-0.000000000000000000e+00,-0.000000000000000000e+00,0.000000000000000000e+00,-0.000000000000000000e+00,0.000000000000000000e+00,-0.000000000000000000e+00,-0.000000000000000000e+00,-0.000000000000000000e+00,-3.219104841174538212e-01,-2.669050580232923409e-02,-2.235731740662010580e-01,-1.920334041545811443e-01,-1.206323485498409925e-01,-0.000000000000000000e+00,-0.000000000000000000e+00,-9.649992133241429293e-02,-2.134403534210814468e-01,-6.091724587797170409e-02,-0.000000000000000000e+00,-1.448148569857336254e-01,-2.485178611265583259e-01,0.000000000000000000e+00,-4.225113821225619515e-01,0.000000000000000000e+00,2.726894608496550632e+00,-0.000000000000000000e+00,-0.000000000000000000e+00
-5.464514880028323862e-01,-5.077429858051534829e-03,-0.000000000000000000e+00,-0.000000000000000000e+00,-0.000000000000000000e+00,-0.000000000000000000e+00,-0.000000000000000000e+00,0.000000000000000000e+00,-6.272612984459616237e-02,-1.721484524874963840e-01,0.000000000000000000e+00,-0.000000000000000000e+00,0.000000000000000000e+00,-0.000000000000000000e+00,-0.000000000000000000e+00,-0.000000000000000000e+00,0.000000000000000000e+00,-0.000000000000000000e+00,-0.000000000000000000e+00,0.000000000000000000e+00,-0.000000000000000000e+00,-0.000000000000000000e+00,-0.000000000000000000e+00,-0.000000000000000000e+00,-0.000000000000000000e+00,-0.000000000000000000e+00,-0.000000000000000000e+00,-0.000000000000000000e+00,-0.000000000000000000e+00,-0.000000000000000000e+00,-0.000000000000000000e+00,-0.000000000000000000e+00,-0.000000000000000000e+00,-0.000000000000000000e+00,-0.000000000000000000e+00,0.000000000000000000e+00,-0.000000000000000000e+00,1.523404841958797107e+00,-3.338645123743730903e-01
-0.000000000000000000e+00,-0.000000000000000000e+00,-0.000000000000000000e+00,0.000000000000000000e+00,-2.318728745166302452e-01,0.000000000000000000e+00,-0.000000000000000000e+00,0.000000000000000000e+00,-1.177257809668043192e-01,-2.316321322798118310e-01,-0.000000000000000000e+00,-4.037152489909094366e-01,0.000000000000000000e+00,-0.000000000000000000e+00,-2.852093798099038582e-02,-0.000000000000000000e+00,-4.392850464893083284e-02,-0.000000000000000000e+00,-0.000000000000000000e+00,0.000000000000000000e+00,0.000000000000000000e+00,0.000000000000000000e+00,-0.000000000000000000e+00,0.000000000000000000e+00,-0.000000000000000000e+00,-0.000000000000000000e+00,-0.000000000000000000e+00,-0.000000000000000000e+00,-0.000000000000000000e+00,-0.000000000000000000e+00,-0.000000000000000000e+00,-0.000000000000000000e+00,-0.000000000000000000e+00,-1.409169884243193227e-01,-0.000000000000000000e+00,-1.209006981099331329e-01,-0.000000000000000000e+00,-3.338645123743730903e-01,1.668538889519096013e+00
