1.452994356739702342e+00,-6.168354335178048986e-01,0.000000000000000000e+00,-0.000000000000000000e+00,-0.000000000000000000e+00,-0.000000000000000000e+00,-0.000000000000000000e+00,0.000000000000000000e+00,-0.000000000000000000e+00,-0.000000000000000000e+00,-0.000000000000000000e+00,0.000000000000000000e+00,0.000000000000000000e+00,-8.522094918789362150e-02,0.000000000000000000e+00,-2.251874870888118108e-02,-0.000000000000000000e+00,-1.302937295140132457e-01,0.000000000000000000e+00,-0.000000000000000000e+00,0.000000000000000000e+00,0.000000000000000000e+00,-0.000000000000000000e+00,-6.255540282444227440e-02,-0.000000000000000000e+00,-1.982637582873096604e-01,-0.000000000000000000e+00,-0.000000000000000000e+00,-7.510712980724275345e-02,-2.471664029885018987e-01,-0.000000000000000000e+00,-0.000000000000000000e+00,-0.000000000000000000e+00,0.000000000000000000e+00,-0.000000000000000000e+00,-0.000000000000000000e+00,-0.000000000000000000e+00,-0.000000000000000000e+00,0.000000000000000000e+00
-6.168354335178048986e-01,1.550178271138372699e+00,0.000000000000000000e+00,-0.000000000000000000e+00,-0.000000000000000000e+00,-0.000000000000000000e+00,0.000000000000000000e+00,0.000000000000000000e+00,0.000000000000000000e+00,-3.336256256937404352e-01,-0.000000000000000000e+00,3.334275426924753621e-02,-0.000000000000000000e+00,-0.000000000000000000e+00,0.000000000000000000e+00,-0.000000000000000000e+00,-0.000000000000000000e+00,-1.386980124904745593e-01,-0.000000000000000000e+00,-0.000000000000000000e+00,0.000000000000000000e+00,-0.000000000000000000e+00,-0.000000000000000000e+00,-0.000000000000000000e+00,-0.000000000000000000e+00,-0.000000000000000000e+00,-0.000000000000000000e+00,0.000000000000000000e+00,-1.706273379436170912e-01,-0.000000000000000000e+00,0.000000000000000000e+00,-0.000000000000000000e+00,-0.000000000000000000e+00,-0.000000000000000000e+00,-0.000000000000000000e+00,-0.000000000000000000e+00,-6.428972701290018577e-02,0.000000000000000000e+00,0.000000000000000000e+00
0.000000000000000000e+00,0.000000000000000000e+00,2.092780417716029628e+00,7.078311908604161852e-03,-0.000000000000000000e+00,4.956000757432311304e-02,-6.425693012219679812e-02,-0.000000000000000000e+00,-3.616769796281473215e-01,0.000000000000000000e+00,0.000000000000000000e+00,-1.281344824044463593e-01,2.545423393887371599e-01,0.000000000000000000e+00,-0.000000000000000000e+00,-0.000000000000000000e+00,1.092982534862542571e-01,0.000000000000000000e+00,0.000000000000000000e+00,0.000000000000000000e+00,-1.994686881842958059e-01,0.000000000000000000e+00,0.000000000000000000e+00,0.000000000000000000e+00,0.000000000000000000e+00,-0.000000000000000000e+00,-2.153815354969970119e-01,-2.286624082561286297e-01,6.934435872246397237e-02,-0.000000000000000000e+00,-7.855958583749161894e-02,0.000000000000000000e+00,0.000000000000000000e+00,-0.000000000000000000e+00,0.000000000000000000e+00,0.000000000000000000e+00,0.000000000000000000e+00,-0.000000000000000000e+00,-3.671293964680532040e-01
-0.000000000000000000e+00,-0.000000000000000000e+00,7.078311908604161852e-03,2.963200196417570709e+00,-0.000000000000000000e+00,-3.216111228008680656e-01,3.836257118618655038e-02,2.610904122548858286e-01,0.000000000000000000e+00,-0.000000000000000000e+00,-2.263234954047097236e-01,1.045072049398277220e-01,-0.000000000000000000e+00,-0.000000000000000000e+00,3.087923145121371782e-01,-0.000000000000000000e+00,-2.414705232213293085e-01,-6.587553515898955658e-02,-1.426754041574077592e-01,0.000000000000000000e+00,2.834066464117671602e-01,-0.000000000000000000e+00,-1.157335693261031112e-01,-0.000000000000000000e+00,-8.658452007658920882e-03,0.000000000000000000e+00,0.000000000000000000e+00,1.371243448134543130e-01,-1.126600320795547450e-01,0.000000000000000000e+00,0.000000000000000000e+00,-2.129433604500416133e-01,-2.164459416693152449e-01,-0.000000000000000000e+00,-0.000000000000000000e+00,-0.000000000000000000e+00,-8.705861063015556123e-02,1.241546989043052773e-01,7.359811093675659721e-02
-0.000000000000000000e+00,-0.000000000000000000e+00,-0.000000000000000000e+00,-0.000000000000000000e+00,2.018016120145361025e+00,-0.000000000000000000e+00,0.000000000000000000e+00,5.737338449401488960e-01,-0.000000000000000000e+00,-2.026223753346895751e-01,-4.077350856295082482e-02,0.000000000000000000e+00,-0.000000000000000000e+00,-3.357215621126568572e-01,8.032007714855503300e-02,-5.202428826976959741e-02,-0.000000000000000000e+00,-0.000000000000000000e+00,-0.000000000000000000e+00,0.000000000000000000e+00,0.000000000000000000e+00,0.000000000000000000e+00,-1.369900759569300797e-01,-1.674759503333783928e-01,-8.939358474606326488e-02,0.000000000000000000e+00,-0.000000000000000000e+00,0.000000000000000000e+00,-0.000000000000000000e+00,-0.000000000000000000e+00,-0.000000000000000000e+00,-4.867008155433552238e-03,-0.000000000000000000e+00,-5.468644568180902610e-01,-0.000000000000000000e+00,-0.000000000000000000e+00,-0.000000000000000000e+00,0.000000000000000000e+00,0.000000000000000000e+00
-0.000000000000000000e+00,-0.000000000000000000e+00,4.956000757432311304e-02,-3.216111228008680656e-01,-0.000000000000000000e+00,3.034319333312354594e+00,1.071462924903178737e-01,1.130099241144829070e-01,0.000000000000000000e+00,-0.000000000000000000e+00,-2.446893897577981369e-01,1.216977144763555369e-01,-7.397445498636960604e-02,-0.000000000000000000e+00,2.245244251949446990e-01,-0.000000000000000000e+00,-3.338802083976050161e-01,-1.812173906484293440e-02,-5.562651464502400833e-02,0.000000000000000000e+00,3.041999437699484110e-01,-0.000000000000000000e+00,-2.332861978377681611e-01,-0.000000000000000000e+00,-1.265399918140640012e-01,0.000000000000000000e+00,0.000000000000000000e+00,5.758491020517025188e-02,-1.009329002786431007e-01,0.000000000000000000e+00,0.000000000000000000e+00,-1.933095731463639888e-01,-2.174230092005876858e-01,-0.000000000000000000e+00,-1.112240730478013528e-01,-0.000000000000000000e+00,-4.563179972051489147e-02,5.404949341145900976e-02,9.156818736946747972e-02
-0.000000000000000000e+00,0.000000000000000000e+00,-6.425693012219679812e-02,3.836257118618655038e-02,0.000000000000000000e+00,1.071462924903178737e-01,1.701368532883960727e+00,-0.000000000000000000e+00,-0.000000000000000000e+00,0.000000000000000000e+00,1.269074867459928646e-01,-0.000000000000000000e+00,5.439199778284153908e-02,0.000000000000000000e+00,-0.000000000000000000e+00,-0.000000000000000000e+00,1.192771842501113982e-01,0.000000000000000000e+00,1.102488994112601692e-02,-0.000000000000000000e+00,-2.172140840199844325e-01,0.000000000000000000e+00,4.935276567520207464e-02,0.000000000000000000e+00,0.000000000000000000e+00,-2.516385925591952955e-01,-0.000000000000000000e+00,-1.376647753450714051e-01,0.000000000000000000e+00,-1.849904823474205207e-01,-0.000000000000000000e+00,1.659983584318897309e-01,0.000000000000000000e+00,0.000000000000000000e+00,0.000000000000000000e+00,0.000000000000000000e+00,0.000000000000000000e+00,-0.000000000000000000e+00,-0.000000000000000000e+00
0.000000000000000000e+00,0.000000000000000000e+00,-0.000000000000000000e+00,2.610904122548858286e-01,5.737338449401488960e-01,1.130099241144829070e-01,-0.000000000000000000e+00,2.746283066183244248e+00,-0.000000000000000000e+00,0.000000000000000000e+00,2.705813670149589956e-01,-0.000000000000000000e+00,0.000000000000000000e+00,5.706862898298722953e-02,-2.708975109321626329e-01,0.000000000000000000e+00,9.319890235953681712e-02,0.000000000000000000e+00,0.000000000000000000e+00,-0.000000000000000000e+00,-5.451422380530070166e-02,0.000000000000000000e+00,3.536224531635083768e-01,9.357990508052377310e-02,1.771234800407563703e-01,-0.000000000000000000e+00,-0.000000000000000000e+00,-0.000000000000000000e+00,0.000000000000000000e+00,-0.000000000000000000e+00,0.000000000000000000e+00,2.016889060558668956e-01,2.327939894657120035e-01,1.376458856693815562e-02,0.000000000000000000e+00,0.000000000000000000e+00,0.000000000000000000e+00,-1.032156354710075108e-01,-0.000000000000000000e+00
-0.000000000000000000e+00,0.000000000000000000e+00,-3.616769796281473215e-01,0.000000000000000000e+00,-0.000000000000000000e+00,0.000000000000000000e+00,-0.000000000000000000e+00,-0.000000000000000000e+00,2.016234890971674076e+00,-0.000000000000000000e+00,0.000000000000000000e+00,-0.000000000000000000e+00,0.000000000000000000e+00,-0.000000000000000000e+00,-0.000000000000000000e+00,-0.000000000000000000e+00,0.000000000000000000e+00,0.000000000000000000e+00,0.000000000000000000e+00,0.000000000000000000e+00,-0.000000000000000000e+00,0.000000000000000000e+00,0.000000000000000000e+00,-0.000000000000000000e+00,0.000000000000000000e+00,-0.000000000000000000e+00,-3.925602741776444971e-01,-1.415263881317460615e-01,0.000000000000000000e+00,-4.257532587741893471e-01,-2.879449129848971611e-01,0.000000000000000000e+00,0.000000000000000000e+00,-4.130900921660849434e-01,0.000000000000000000e+00,-0.000000000000000000e+00,0.000000000000000000e+00,-0.000000000000000000e+00,-2.782435668312787658e-01
-0.000000000000000000e+00,-3.336256256937404352e-01,0.000000000000000000e+00,-0.000000000000000000e+00,-2.026223753346895751e-01,-0.000000000000000000e+00,0.000000000000000000e+00,0.000000000000000000e+00,-0.000000000000000000e+00,1.710008609887743836e+00,-0.000000000000000000e+00,0.000000000000000000e+00,-0.000000000000000000e+00,-0.000000000000000000e+00,0.000000000000000000e+00,-7.537707059258271780e-01,-0.000000000000000000e+00,-1.217246941899066855e-02,-1.576856221194265772e-01,0.000000000000000000e+00,0.000000000000000000e+00,-0.000000000000000000e+00,-1.809728799793176510e-02,-0.000000000000000000e+00,-1.303439277177332600e-01,0.000000000000000000e+00,-0.000000000000000000e+00,0.000000000000000000e+00,-0.000000000000000000e+00,-0.000000000000000000e+00,-0.000000000000000000e+00,-0.000000000000000000e+00,-0.000000000000000000e+00,-0.000000000000000000e+00,-0.000000000000000000e+00,-0.000000000000000000e+00,-0.000000000000000000e+00,0.000000000000000000e+00,0.000000000000000000e+00
-0.000000000000000000e+00,-0.000000000000000000e+00,0.000000000000000000e+00,-2.263234954047097236e-01,-4.077350856295082482e-02,-2.446893897577981369e-01,1.269074867459928646e-01,2.705813670149589956e-01,0.000000000000000000e+00,-0.000000000000000000e+00,2.907692099227193516e+00,1.084210704536634710e-03,-0.000000000000000000e+00,-0.000000000000000000e+00,2.541307301948730890e-01,-0.000000000000000000e+00,-3.267639082906584891e-01,-0.000000000000000000e+00,-0.000000000000000000e+00,0.000000000000000000e+00,2.553605955902890634e-01,-0.000000000000000000e+00,-6.221398785347345001e-02,-0.000000000000000000e+00,-0.000000000000000000e+00,0.000000000000000000e+00,0.000000000000000000e+00,0.000000000000000000e+00,-1.188751240819029865e-02,0.000000000000000000e+00,0.000000000000000000e+00,-3.984783798077464745e-01,-1.874946858626291013e-01,-0.000000000000000000e+00,-0.000000000000000000e+00,-0.000000000000000000e+00,-2.833901084755242605e-01,2.226929498545699992e-01,0.000000000000000000e+00
0.000000000000000000e+00,3.334275426924753621e-02,-1.281344824044463593e-01,1.045072049398277220e-01,0.000000000000000000e+00,1.216977144763555369e-01,-0.000000000000000000e+00,-0.000000000000000000e+00,-0.000000000000000000e+00,0.000000000000000000e+00,1.084210704536634710e-03,2.488033311393112790e+00,0.000000000000000000e+00,0.000000000000000000e+00,-2.364012913851560038e-01,-0.000000000000000000e+00,9.237940805048608373e-02,0.000000000000000000e+00,0.000000000000000000e+00,-0.000000000000000000e+00,-2.200287944701296294e-01,-0.000000000000000000e+00,0.000000000000000000e+00,0.000000000000000000e+00,0.000000000000000000e+00,-0.000000000000000000e+00,-0.000000000000000000e+00,-0.000000000000000000e+00,4.124642853034881096e-01,-0.000000000000000000e+00,-0.000000000000000000e+00,0.000000000000000000e+00,2.001828672709076717e-01,-0.000000000000000000e+00,1.947299271766623763e-01,0.000000000000000000e+00,0.000000000000000000e+00,-0.000000000000000000e+00,-6.548128140887606863e-01
0.000000000000000000e+00,-0.000000000000000000e+00,2.545423393887371599e-01,-0.000000000000000000e+00,-0.000000000000000000e+00,-7.397445498636960604e-02,5.439199778284153908e-02,0.000000000000000000e+00,0.000000000000000000e+00,-0.000000000000000000e+00,-0.000000000000000000e+00,0.000000000000000000e+00,1.885408256625198398e+00,-0.000000000000000000e+00,0.000000000000000000e+00,-0.000000000000000000e+00,-1.925491005740889369e-02,-1.083152319976653059e-02,-3.869782384306613698e-01,0.000000000000000000e+00,0.000000000000000000e+00,-8.814643287454841658e-02,-0.000000000000000000e+00,-0.000000000000000000e+00,-0.000000000000000000e+00,0.000000000000000000e+00,2.280574778126524815e-01,0.000000000000000000e+00,-0.000000000000000000e+00,0.000000000000000000e+00,5.484192023209496503e-01,-0.000000000000000000e+00,-0.000000000000000000e+00,0.000000000000000000e+00,-0.000000000000000000e+00,-0.000000000000000000e+00,-0.000000000000000000e+00,0.000000000000000000e+00,2.456410030763813979e-01
-8.522094918789362150e-02,-0.000000000000000000e+00,0.000000000000000000e+00,-0.000000000000000000e+00,-3.357215621126568572e-01,-0.000000000000000000e+00,0.000000000000000000e+00,5.706862898298722953e-02,-0.000000000000000000e+00,-0.000000000000000000e+00,-0.000000000000000000e+00,0.000000000000000000e+00,-0.000000000000000000e+00,2.074980597596452370e+00,0.000000000000000000e+00,-0.000000000000000000e+00,-0.000000000000000000e+00,-0.000000000000000000e+00,-0.000000000000000000e+00,-0.000000000000000000e+00,0.000000000000000000e+00,0.000000000000000000e+00,-0.000000000000000000e+00,-4.820728684101817652e-01,-1.801099567029669779e-01,-0.000000000000000000e+00,-0.000000000000000000e+00,0.000000000000000000e+00,-2.260592950829020398e-01,-0.000000000000000000e+00,-0.000000000000000000e+00,-0.000000000000000000e+00,-1.894948760795828746e-01,-0.000000000000000000e+00,-2.868275763363727360e-01,-0.000000000000000000e+00,-2.403110090345403071e-01,0.000000000000000000e+00,0.000000000000000000e+00
0.000000000000000000e+00,0.000000000000000000e+00,-0.000000000000000000e+00,3.087923145121371782e-01,8.032007714855503300e-02,2.245244251949446990e-01,-0.000000000000000000e+00,-2.708975109321626329e-01,-0.000000000000000000e+00,0.000000000000000000e+00,2.541307301948730890e-01,-2.364012913851560038e-01,0.000000000000000000e+00,0.000000000000000000e+00,2.900802969174877788e+00,0.000000000000000000e+00,1.522159909968507641e-01,0.000000000000000000e+00,0.000000000000000000e+00,-0.000000000000000000e+00,-2.844549658941028514e-01,0.000000000000000000e+00,6.554995692385169603e-02,0.000000000000000000e+00,0.000000000000000000e+00,-0.000000000000000000e+00,-0.000000000000000000e+00,-7.452571483668309071e-02,8.793006308876446034e-03,-0.000000000000000000e+00,-0.000000000000000000e+00,2.416357738089367213e-01,1.609807374113511602e-01,0.000000000000000000e+00,0.000000000000000000e+00,0.000000000000000000e+00,1.866869953408229754e-01,-3.928294906755651628e-01,-0.000000000000000000e+00
-2.251874870888118108e-02,-0.000000000000000000e+00,-0.000000000000000000e+00,-0.000000000000000000e+00,-5.202428826976959741e-02,-0.000000000000000000e+00,-0.000000000000000000e+00,0.000000000000000000e+00,-0.000000000000000000e+00,-7.537707059258271780e-01,-0.000000000000000000e+00,-0.000000000000000000e+00,-0.000000000000000000e+00,-0.000000000000000000e+00,0.000000000000000000e+00,1.518140305504256160e+00,-0.000000000000000000e+00,-1.205316014083288381e-02,-1.352702058848423705e-01,0.000000000000000000e+00,0.000000000000000000e+00,-0.000000000000000000e+00,-0.000000000000000000e+00,-0.000000000000000000e+00,-0.000000000000000000e+00,-0.000000000000000000e+00,-0.000000000000000000e+00,-0.000000000000000000e+00,-0.000000000000000000e+00,-2.527453060911467597e-01,-0.000000000000000000e+00,-0.000000000000000000e+00,-0.000000000000000000e+00,-0.000000000000000000e+00,-0.000000000000000000e+00,-0.000000000000000000e+00,-0.000000000000000000e+00,0.000000000000000000e+00,-0.000000000000000000e+00
-0.000000000000000000e+00,-0.000000000000000000e+00,1.092982534862542571e-01,-2.414705232213293085e-01,-0.000000000000000000e+00,-3.338802083976050161e-01,1.192771842501113982e-01,9.319890235953681712e-02,0.000000000000000000e+00,-0.000000000000000000e+00,-3.267639082906584891e-01,9.237940805048608373e-02,-1.925491005740889369e-02,-0.000000000000000000e+00,1.522159909968507641e-01,-0.000000000000000000e+00,2.999063054065147949e+00,-0.000000000000000000e+00,-3.294530006713312226e-02,0.000000000000000000e+00,2.870626540972844865e-01,-0.000000000000000000e+00,-8.039249885247407024e-02,-0.000000000000000000e+00,-7.332714135622186991e-02,0.000000000000000000e+00,0.000000000000000000e+00,0.000000000000000000e+00,-1.532065267120083507e-01,0.000000000000000000e+00,0.000000000000000000e+00,-2.750209684390118037e-01,-2.541836602410985080e-01,-0.000000000000000000e+00,-2.090280262226502928e-01,-0.000000000000000000e+00,-1.771048119507530327e-01,0.000000000000000000e+00,6.966493150563858594e-02
-1.302937295140132457e-01,-1.386980124904745593e-01,0.000000000000000000e+00,-6.587553515898955658e-02,-0.000000000000000000e+00,-1.812173906484293440e-02,0.000000000000000000e+00,0.000000000000000000e+00,0.000000000000000000e+00,-1.217246941899066855e-02,-0.000000000000000000e+00,0.000000000000000000e+00,-1.083152319976653059e-02,-0.000000000000000000e+00,0.000000000000000000e+00,-1.205316014083288381e-02,-0.000000000000000000e+00,1.378782650691046996e+00,-3.087471806462586676e-01,0.000000000000000000e+00,0.000000000000000000e+00,-0.000000000000000000e+00,-0.000000000000000000e+00,-0.000000000000000000e+00,-1.630400704481397775e-02,-0.000000000000000000e+00,0.000000000000000000e+00,0.000000000000000000e+00,-2.186694747421884522e-01,-0.000000000000000000e+00,7.855119691870038334e-02,-0.000000000000000000e+00,-8.022311582279192943e-02,0.000000000000000000e+00,-0.000000000000000000e+00,-0.000000000000000000e+00,-0.000000000000000000e+00,0.000000000000000000e+00,0.000000000000000000e+00
0.000000000000000000e+00,-0.000000000000000000e+00,0.000000000000000000e+00,-1.426754041574077592e-01,-0.000000000000000000e+00,-5.562651464502400833e-02,1.102488994112601692e-02,0.000000000000000000e+00,0.000000000000000000e+00,-1.576856221194265772e-01,-0.000000000000000000e+00,0.000000000000000000e+00,-3.869782384306613698e-01,-0.000000000000000000e+00,0.000000000000000000e+00,-1.352702058848423705e-01,-3.294530006713312226e-02,-3.087471806462586676e-01,1.791347203049023395e+00,0.000000000000000000e+00,0.000000000000000000e+00,-2.438360196264967861e-01,-2.604263232949496909e-01,-0.000000000000000000e+00,-1.769809011884758421e-01,0.000000000000000000e+00,0.000000000000000000e+00,6.237709145837710967e-03,-0.000000000000000000e+00,0.000000000000000000e+00,2.977093948562946346e-02,-0.000000000000000000e+00,-0.000000000000000000e+00,-0.000000000000000000e+00,-0.000000000000000000e+00,-3.323079378252773858e-02,-0.000000000000000000e+00,0.000000000000000000e+00,0.000000000000000000e+00
-0.000000000000000000e+00,-0.000000000000000000e+00,0.000000000000000000e+00,0.000000000000000000e+00,0.000000000000000000e+00,0.000000000000000000e+00,-0.000000000000000000e+00,-0.000000000000000000e+00,0.000000000000000000e+00,0.000000000000000000e+00,0.000000000000000000e+00,-0.000000000000000000e+00,0.000000000000000000e+00,-0.000000000000000000e+00,-0.000000000000000000e+00,0.000000000000000000e+00,0.000000000000000000e+00,0.000000000000000000e+00,0.000000000000000000e+00,9.999999999999997780e-01,-0.000000000000000000e+00,-0.000000000000000000e+00,0.000000000000000000e+00,0.000000000000000000e+00,0.000000000000000000e+00,-0.000000000000000000e+00,-0.000000000000000000e+00,-0.000000000000000000e+00,-0.000000000000000000e+00,-0.000000000000000000e+00,-0.000000000000000000e+00,0.000000000000000000e+00,0.000000000000000000e+00,0.000000000000000000e+00,-0.000000000000000000e+00,-0.000000000000000000e+00,-0.000000000000000000e+00,-0.000000000000000000e+00,-0.000000000000000000e+00
0.000000000000000000e+00,0.000000000000000000e+00,-1.994686881842958059e-01,2.834066464117671602e-01,0.000000000000000000e+00,3.041999437699484110e-01,-2.172140840199844325e-01,-5.451422380530070166e-02,-0.000000000000000000e+00,0.000000000000000000e+00,2.553605955902890634e-01,-2.200287944701296294e-01,0.000000000000000000e+00,0.000000000000000000e+00,-2.844549658941028514e-01,0.000000000000000000e+00,2.870626540972844865e-01,0.000000000000000000e+00,0.000000000000000000e+00,-0.000000000000000000e+00,2.957079976441129521e+00,0.000000000000000000e+00,3.349904506544786054e-02,0.000000000000000000e+00,0.000000000000000000e+00,-0.000000000000000000e+00,-0.000000000000000000e+00,-1.233881876448937043e-01,1.161564426695113061e-01,-1.773609288868140121e-02,-0.000000000000000000e+00,2.275977851146045172e-01,2.312713904006258869e-01,0.000000000000000000e+00,9.581000461761274289e-03,0.000000000000000000e+00,7.004299080920589615e-02,-5.802982439220615019e-02,-7.920255247623944617e-02
0.000000000000000000e+00,-0.000000000000000000e+00,0.000000000000000000e+00,-0.000000000000000000e+00,0.000000000000000000e+00,-0.000000000000000000e+00,0.000000000000000000e+00,0.000000000000000000e+00,0.000000000000000000e+00,-0.000000000000000000e+00,-0.000000000000000000e+00,-0.000000000000000000e+00,-8.814643287454841658e-02,0.000000000000000000e+00,0.000000000000000000e+00,-0.000000000000000000e+00,-0.000000000000000000e+00,-0.000000000000000000e+00,-2.438360196264967861e-01,-0.000000000000000000e+00,0.000000000000000000e+00,1.089047902756318686e+00,-0.000000000000000000e+00,0.000000000000000000e+00,-0.000000000000000000e+00,0.000000000000000000e+00,0.000000000000000000e+00,0.000000000000000000e+00,0.000000000000000000e+00,0.000000000000000000e+00,3.601185937540041931e-02,-0.000000000000000000e+00,0.000000000000000000e+00,0.000000000000000000e+00,-0.000000000000000000e+00,-0.000000000000000000e+00,-0.000000000000000000e+00,0.000000000000000000e+00,0.000000000000000000e+00
-0.000000000000000000e+00,-0.000000000000000000e+00,0.000000000000000000e+00,-1.157335693261031112e-01,-1.369900759569300797e-01,-2.332861978377681611e-01,4.935276567520207464e-02,3.536224531635083768e-01,0.000000000000000000e+00,-1.809728799793176510e-02,-6.221398785347345001e-02,0.000000000000000000e+00,-0.000000000000000000e+00,-0.000000000000000000e+00,6.554995692385169603e-02,-0.000000000000000000e+00,-8.039249885247407024e-02,-0.000000000000000000e+00,-2.604263232949496909e-01,0.000000000000000000e+00,3.349904506544786054e-02,-0.000000000000000000e+00,2.251389567978785422e+00,-0.000000000000000000e+00,-6.838370644186589908e-01,0.000000000000000000e+00,0.000000000000000000e+00,0.000000000000000000e+00,-0.000000000000000000e+00,0.000000000000000000e+00,0.000000000000000000e+00,-0.000000000000000000e+00,-2.070473294593072264e-02,-0.000000000000000000e+00,-0.000000000000000000e+00,-0.000000000000000000e+00,-0.000000000000000000e+00,4.861036875592345680e-02,0.000000000000000000e+00
-6.255540282444227440e-02,-0.000000000000000000e+00,0.000000000000000000e+00,-0.000000000000000000e+00,-1.674759503333783928e-01,-0.000000000000000000e+00,0.000000000000000000e+00,9.357990508052377310e-02,-0.000000000000000000e+00,-0.000000000000000000e+00,-0.000000000000000000e+00,0.000000000000000000e+00,-0.000000000000000000e+00,-4.820728684101817652e-01,0.000000000000000000e+00,-0.000000000000000000e+00,-0.000000000000000000e+00,-0.000000000000000000e+00,-0.000000000000000000e+00,0.000000000000000000e+00,0.000000000000000000e+00,0.000000000000000000e+00,-0.000000000000000000e+00,1.456987758228021512e+00,-2.669609683878511677e-02,-0.000000000000000000e+00,-0.000000000000000000e+00,-0.000000000000000000e+00,-4.190492131437764667e-02,0.000000000000000000e+00,-0.000000000000000000e+00,-0.000000000000000000e+00,-1.556772208757553899e-01,-0.000000000000000000e+00,-0.000000000000000000e+00,-1.531886512869574252e-02,-0.000000000000000000e+00,0.000000000000000000e+00,0.000000000000000000e+00
-0.000000000000000000e+00,-0.000000000000000000e+00,0.000000000000000000e+00,-8.658452007658920882e-03,-8.939358474606326488e-02,-1.265399918140640012e-01,0.000000000000000000e+00,1.771234800407563703e-01,0.000000000000000000e+00,-1.303439277177332600e-01,-0.000000000000000000e+00,0.000000000000000000e+00,-0.000000000000000000e+00,-1.801099567029669779e-01,0.000000000000000000e+00,-0.000000000000000000e+00,-7.332714135622186991e-02,-1.630400704481397775e-02,-1.769809011884758421e-01,0.000000000000000000e+00,0.000000000000000000e+00,-0.000000000000000000e+00,-6.838370644186589908e-01,-2.669609683878511677e-02,2.136673691137689346e+00,0.000000000000000000e+00,0.000000000000000000e+00,0.000000000000000000e+00,-0.000000000000000000e+00,0.000000000000000000e+00,0.000000000000000000e+00,-0.000000000000000000e+00,-1.920305830323131013e-01,-0.000000000000000000e+00,-1.866453029609847769e-01,-0.000000000000000000e+00,-0.000000000000000000e+00,0.000000000000000000e+00,0.000000000000000000e+00
-1.982637582873096604e-01,-0.000000000000000000e+00,-0.000000000000000000e+00,0.000000000000000000e+00,0.000000000000000000e+00,0.000000000000000000e+00,-2.516385925591952955e-01,-0.000000000000000000e+00,-0.000000000000000000e+00,0.000000000000000000e+00,0.000000000000000000e+00,-0.000000000000000000e+00,0.000000000000000000e+00,-0.000000000000000000e+00,-0.000000000000000000e+00,-0.000000000000000000e+00,0.000000000000000000e+00,-0.000000000000000000e+00,0.000000000000000000e+00,-0.000000000000000000e+00,-0.000000000000000000e+00,0.000000000000000000e+00,0.000000000000000000e+00,-0.000000000000000000e+00,0.000000000000000000e+00,1.858170179355780993e+00,-6.942551194675636306e-02,-5.886980540663646622e-01,0.000000000000000000e+00,-9.201257016193366278e-02,-0.000000000000000000e+00,0.000000000000000000e+00,0.000000000000000000e+00,0.000000000000000000e+00,0.000000000000000000e+00,0.000000000000000000e+00,0.000000000000000000e+00,-5.817875729469282886e-01,-0.000000000000000000e+00
-0.000000000000000000e+00,-0.000000000000000000e+00,-2.153815354969970119e-01,0.000000000000000000e+00,-0.000000000000000000e+00,0.000000000000000000e+00,-0.000000000000000000e+00,-0.000000000000000000e+00,-3.925602741776444971e-01,-0.000000000000000000e+00,0.000000000000000000e+00,-0.000000000000000000e+00,2.280574778126524815e-01,-0.000000000000000000e+00,-0.000000000000000000e+00,-0.000000000000000000e+00,0.000000000000000000e+00,0.000000000000000000e+00,0.000000000000000000e+00,-0.000000000000000000e+00,-0.000000000000000000e+00,0.000000000000000000e+00,0.000000000000000000e+00,-0.000000000000000000e+00,0.000000000000000000e+00,-6.942551194675636306e-02,1.591428610297030088e+00,-0.000000000000000000e+00,0.000000000000000000e+00,-2.636329639319133777e-01,-4.202864635122319226e-02,0.000000000000000000e+00,0.000000000000000000e+00,-0.000000000000000000e+00,0.000000000000000000e+00,-0.000000000000000000e+00,0.000000000000000000e+00,-0.000000000000000000e+00,-1.387058122437891117e-01
-0.000000000000000000e+00,0.000000000000000000e+00,-2.286624082561286297e-01,1.371243448134543130e-01,0.000000000000000000e+00,5.758491020517025188e-02,-1.376647753450714051e-01,-0.000000000000000000e+00,-1.415263881317460615e-01,0.000000000000000000e+00,0.000000000000000000e+00,-0.000000000000000000e+00,0.000000000000000000e+00,0.000000000000000000e+00,-7.452571483668309071e-02,-0.000000000000000000e+00,0.000000000000000000e+00,0.000000000000000000e+00,6.237709145837710967e-03,-0.000000000000000000e+00,-1.233881876448937043e-01,0.000000000000000000e+00,0.000000000000000000e+00,-0.000000000000000000e+00,0.000000000000000000e+00,-5.886980540663646622e-01,-0.000000000000000000e+00,1.991611173069370633e+00,0.000000000000000000e+00,-0.000000000000000000e+00,-0.000000000000000000e+00,2.958228795896714405e-02,0.000000000000000000e+00,0.000000000000000000e+00,0.000000000000000000e+00,-0.000000000000000000e+00,0.000000000000000000e+00,-3.504385973559697165e-01,-0.000000000000000000e+00
-7.510712980724275345e-02,-1.706273379436170912e-01,6.934435872246397237e-02,-1.126600320795547450e-01,-0.000000000000000000e+00,-1.009329002786431007e-01,0.000000000000000000e+00,0.000000000000000000e+00,0.000000000000000000e+00,-0.000000000000000000e+00,-1.188751240819029865e-02,4.124642853034881096e-01,-0.000000000000000000e+00,-2.260592950829020398e-01,8.793006308876446034e-03,-0.000000000000000000e+00,-1.532065267120083507e-01,-2.186694747421884522e-01,-0.000000000000000000e+00,-0.000000000000000000e+00,1.161564426695113061e-01,0.000000000000000000e+00,-0.000000000000000000e+00,-4.190492131437764667e-02,-0.000000000000000000e+00,0.000000000000000000e+00,0.000000000000000000e+00,0.000000000000000000e+00,2.650392713788729981e+00,0.000000000000000000e+00,0.000000000000000000e+00,-1.733587550312964271e-02,-3.143014584912585674e-01,0.000000000000000000e+00,-3.785905502255590971e-01,-0.000000000000000000e+00,-1.879437889449104560e-01,0.000000000000000000e+00,2.785698788294322936e-01
-2.471664029885018987e-01,-0.000000000000000000e+00,-0.000000000000000000e+00,0.000000000000000000e+00,-0.000000000000000000e+00,0.000000000000000000e+00,-1.849904823474205207e-01,-0.000000000000000000e+00,-4.257532587741893471e-01,-0.000000000000000000e+00,0.000000000000000000e+00,-0.000000000000000000e+00,0.000000000000000000e+00,-0.000000000000000000e+00,-0.000000000000000000e+00,-2.527453060911467597e-01,0.000000000000000000e+00,-0.000000000000000000e+00,0.000000000000000000e+00,-0.000000000000000000e+00,-1.773609288868140121e-02,0.000000000000000000e+00,0.000000000000000000e+00,0.000000000000000000e+00,0.000000000000000000e+00,-9.201257016193366278e-02,-2.636329639319133777e-01,-0.000000000000000000e+00,0.000000000000000000e+00,1.478885939914143410e+00,-0.000000000000000000e+00,0.000000000000000000e+00,0.000000000000000000e+00,-0.000000000000000000e+00,0.000000000000000000e+00,-0.000000000000000000e+00,0.000000000000000000e+00,-0.000000000000000000e+00,-0.000000000000000000e+00
-0.000000000000000000e+00,0.000000000000000000e+00,-7.855958583749161894e-02,0.000000000000000000e+00,-0.000000000000000000e+00,0.000000000000000000e+00,-0.000000000000000000e+00,0.000000000000000000e+00,-2.879449129848971611e-01,-0.000000000000000000e+00,0.000000000000000000e+00,-0.000000000000000000e+00,5.484192023209496503e-01,-0.000000000000000000e+00,-0.000000000000000000e+00,-0.000000000000000000e+00,0.000000000000000000e+00,7.855119691870038334e-02,2.977093948562946346e-02,-0.000000000000000000e+00,-0.000000000000000000e+00,3.601185937540041931e-02,0.000000000000000000e+00,-0.000000000000000000e+00,0.000000000000000000e+00,-0.000000000000000000e+00,-4.202864635122319226e-02,-0.000000000000000000e+00,0.000000000000000000e+00,-0.000000000000000000e+00,1.509784802186375341e+00,0.000000000000000000e+00,0.000000000000000000e+00,-1.543882185824503595e-01,0.000000000000000000e+00,-0.000000000000000000e+00,-0.000000000000000000e+00,-0.000000000000000000e+00,-0.000000000000000000e+00
-0.000000000000000000e+00,-0.000000000000000000e+00,0.000000000000000000e+00,-2.129433604500416133e-01,-4.867008155433552238e-03,-1.933095731463639888e-01,1.659983584318897309e-01,2.016889060558668956e-01,0.000000000000000000e+00,-0.000000000000000000e+00,-3.984783798077464745e-01,0.000000000000000000e+00,-0.000000000000000000e+00,-0.000000000000000000e+00,2.416357738089367213e-01,-0.000000000000000000e+00,-2.750209684390118037e-01,-0.000000000000000000e+00,-0.000000000000000000e+00,0.000000000000000000e+00,2.275977851146045172e-01,-0.000000000000000000e+00,-0.000000000000000000e+00,-0.000000000000000000e+00,-0.000000000000000000e+00,0.000000000000000000e+00,0.000000000000000000e+00,2.958228795896714405e-02,-1.733587550312964271e-02,0.000000000000000000e+00,0.000000000000000000e+00,2.880307676597732236e+00,-1.092133345095282621e-01,-0.000000000000000000e+00,-0.000000000000000000e+00,-0.000000000000000000e+00,-5.249637919541615405e-01,2.757118898971326892e-01,0.000000000000000000e+00
-0.000000000000000000e+00,-0.000000000000000000e+00,0.000000000000000000e+00,-2.164459416693152449e-01,-0.000000000000000000e+00,-2.174230092005876858e-01,0.000000000000000000e+00,2.327939894657120035e-01,0.000000000000000000e+00,-0.000000000000000000e+00,-1.874946858626291013e-01,2.001828672709076717e-01,-0.000000000000000000e+00,-1.894948760795828746e-01,1.609807374113511602e-01,-0.000000000000000000e+00,-2.541836602410985080e-01,-8.022311582279192943e-02,-0.000000000000000000e+00,0.000000000000000000e+00,2.312713904006258869e-01,0.000000000000000000e+00,-2.070473294593072264e-02,-1.556772208757553899e-01,-1.920305830323131013e-01,0.000000000000000000e+00,0.000000000000000000e+00,0.000000000000000000e+00,-3.143014584912585674e-01,0.000000000000000000e+00,0.000000000000000000e+00,-1.092133345095282621e-01,2.944321728815231243e+00,-0.000000000000000000e+00,-2.557956895290446897e-01,-0.000000000000000000e+00,-9.073047261644009986e-02,0.000000000000000000e+00,1.394148842083347281e-03
0.000000000000000000e+00,-0.000000000000000000e+00,-0.000000000000000000e+00,-0.000000000000000000e+00,-5.468644568180902610e-01,-0.000000000000000000e+00,0.000000000000000000e+00,1.376458856693815562e-02,-4.130900921660849434e-01,-0.000000000000000000e+00,-0.000000000000000000e+00,-0.000000000000000000e+00,0.000000000000000000e+00,-0.000000000000000000e+00,0.000000000000000000e+00,-0.000000000000000000e+00,-0.000000000000000000e+00,0.000000000000000000e+00,-0.000000000000000000e+00,0.000000000000000000e+00,0.000000000000000000e+00,0.000000000000000000e+00,-0.000000000000000000e+00,-0.000000000000000000e+00,-0.000000000000000000e+00,0.000000000000000000e+00,-0.000000000000000000e+00,0.000000000000000000e+00,0.000000000000000000e+00,-0.000000000000000000e+00,-1.543882185824503595e-01,-0.000000000000000000e+00,-0.000000000000000000e+00,1.362177369043979125e+00,-0.000000000000000000e+00,-0.000000000000000000e+00,-0.000000000000000000e+00,0.000000000000000000e+00,-0.000000000000000000e+00
-0.000000000000000000e+00,-0.000000000000000000e+00,0.000000000000000000e+00,-0.000000000000000000e+00,-0.000000000000000000e+00,-1.112240730478013528e-01,0.000000000000000000e+00,0.000000000000000000e+00,0.000000000000000000e+00,-0.000000000000000000e+00,-0.000000000000000000e+00,1.947299271766623763e-01,-0.000000000000000000e+00,-2.868275763363727360e-01,0.000000000000000000e+00,-0.000000000000000000e+00,-2.090280262226502928e-01,-0.000000000000000000e+00,-0.000000000000000000e+00,-0.000000000000000000e+00,9.581000461761274289e-03,-0.000000000000000000e+00,-0.000000000000000000e+00,-0.000000000000000000e+00,-1.866453029609847769e-01,0.000000000000000000e+00,0.000000000000000000e+00,0.000000000000000000e+00,-3.785905502255590971e-01,0.000000000000000000e+00,0.000000000000000000e+00,-0.000000000000000000e+00,-2.557956895290446897e-01,-0.000000000000000000e+00,2.217541847225994456e+00,-0.000000000000000000e+00,-2.201794727207982139e-01,0.000000000000000000e+00,2.277269039742678969e-01
-0.000000000000000000e+00,-0.000000000000000000e+00,0.000000000000000000e+00,-0.000000000000000000e+00,-0.000000000000000000e+00,-0.000000000000000000e+00,0.000000000000000000e+00,0.000000000000000000e+00,-0.000000000000000000e+00,-0.000000000000000000e+00,-0.000000000000000000e+00,0.000000000000000000e+00,-0.000000000000000000e+00,-0.000000000000000000e+00,0.000000000000000000e+00,-0.000000000000000000e+00,-0.000000000000000000e+00,-0.000000000000000000e+00,-3.323079378252773858e-02,-0.000000000000000000e+00,0.000000000000000000e+00,-0.000000000000000000e+00,-0.000000000000000000e+00,-1.531886512869574252e-02,-0.000000000000000000e+00,0.000000000000000000e+00,-0.000000000000000000e+00,-0.000000000000000000e+00,-0.000000000000000000e+00,-0.000000000000000000e+00,-0.000000000000000000e+00,-0.000000000000000000e+00,-0.000000000000000000e+00,-0.000000000000000000e+00,-0.000000000000000000e+00,1.001598834053051279e+00,-0.000000000000000000e+00,0.000000000000000000e+00,-0.000000000000000000e+00
-0.000000000000000000e+00,-6.428972701290018577e-02,0.000000000000000000e+00,-8.705861063015556123e-02,-0.000000000000000000e+00,-4.563179972051489147e-02,0.000000000000000000e+00,0.000000000000000000e+00,0.000000000000000000e+00,-0.000000000000000000e+00,-2.833901084755242605e-01,0.000000000000000000e+00,-0.000000000000000000e+00,-2.403110090345403071e-01,1.866869953408229754e-01,-0.000000000000000000e+00,-1.771048119507530327e-01,-0.000000000000000000e+00,-0.000000000000000000e+00,-0.000000000000000000e+00,7.004299080920589615e-02,-0.000000000000000000e+00,-0.000000000000000000e+00,-0.000000000000000000e+00,-0.000000000000000000e+00,0.000000000000000000e+00,0.000000000000000000e+00,0.000000000000000000e+00,-1.879437889449104560e-01,0.000000000000000000e+00,-0.000000000000000000e+00,-5.249637919541615405e-01,-9.073047261644009986e-02,-0.000000000000000000e+00,-2.201794727207982139e-01,-0.000000000000000000e+00,2.406733810804966733e+00,1.427712067247457750e-01,0.000000000000000000e+00
-0.000000000000000000e+00,0.000000000000000000e+00,-0.000000000000000000e+00,1.241546989043052773e-01,0.000000000000000000e+00,5.404949341145900976e-02,-0.000000000000000000e+00,-1.032156354710075108e-01,-0.000000000000000000e+00,0.000000000000000000e+00,2.226929498545699992e-01,-0.000000000000000000e+00,0.000000000000000000e+00,0.000000000000000000e+00,-3.928294906755651628e-01,0.000000000000000000e+00,0.000000000000000000e+00,0.000000000000000000e+00,0.000000000000000000e+00,-0.000000000000000000e+00,-5.802982439220615019e-02,0.000000000000000000e+00,4.861036875592345680e-02,0.000000000000000000e+00,0.000000000000000000e+00,-5.817875729469282886e-01,-0.000000000000000000e+00,-3.504385973559697165e-01,0.000000000000000000e+00,-0.000000000000000000e+00,-0.000000000000000000e+00,2.757118898971326892e-01,0.000000000000000000e+00,0.000000000000000000e+00,0.000000000000000000e+00,0.000000000000000000e+00,1.427712067247457750e-01,2.388057237618128159e+00,-0.000000000000000000e+00
0.000000000000000000e+00,0.000000000000000000e+00,-3.671293964680532040e-01,7.359811093675659721e-02,0.000000000000000000e+00,9.156818736946747972e-02,-0.000000000000000000e+00,-0.000000000000000000e+00,-2.782435668312787658e-01,0.000000000000000000e+00,0.000000000000000000e+00,-6.548128140887606863e-01,2.456410030763813979e-01,0.000000000000000000e+00,-0.000000000000000000e+00,-0.000000000000000000e+00,6.966493150563858594e-02,0.000000000000000000e+00,0.000000000000000000e+00,-0.000000000000000000e+00,-7.920255247623944617e-02,0.000000000000000000e+00,0.000000000000000000e+00,0.000000000000000000e+00,0.000000000000000000e+00,-0.000000000000000000e+00,-1.387058122437891117e-01,-0.000000000000000000e+00,2.785698788294322936e-01,-0.000000000000000000e+00,-0.000000000000000000e+00,0.000000000000000000e+00,1.394148842083347281e-03,-0.000000000000000000e+00,2.277269039742678969e-01,-0.000000000000000000e+00,0.000000000000000000e+00,-0.000000000000000000e+00,2.432034151055045612e+00
