1.607232094810167045e+00,-2.133636435583394775e-01,-0.000000000000000000e+00,-0.000000000000000000e+00,-0.000000000000000000e+00,-0.000000000000000000e+00,-4.528900016470435025e-02,0.000000000000000000e+00,-7.458427331568644181e-02,-1.817033076258740554e-01,0.000000000000000000e+00,-0.000000000000000000e+00,0.000000000000000000e+00,-0.000000000000000000e+00,-0.000000000000000000e+00,-0.000000000000000000e+00,0.000000000000000000e+00,-0.000000000000000000e+00,-0.000000000000000000e+00,-0.000000000000000000e+00,0.000000000000000000e+00,-0.000000000000000000e+00,-0.000000000000000000e+00,-0.000000000000000000e+00,-0.000000000000000000e+00,-3.609363467075283882e-01,-2.455865661136733824e-01,-0.000000000000000000e+00,-9.455951509556910495e-02,-8.032735840103898128e-02,-0.000000000000000000e+00,-4.828822600114695412e-02,0.000000000000000000e+00,-0.000000000000000000e+00,-0.000000000000000000e+00,-1.144573006602888909e-01,-0.000000000000000000e+00,-0.000000000000000000e+00,-4.768353915446791463e-02
-2.133636435583394775e-01,1.684077544374271929e+00,-0.000000000000000000e+00,-0.000000000000000000e+00,-0.000000000000000000e+00,-1.658840590879309407e-01,-0.000000000000000000e+00,0.000000000000000000e+00,-0.000000000000000000e+00,-0.000000000000000000e+00,-0.000000000000000000e+00,0.000000000000000000e+00,-0.000000000000000000e+00,-0.000000000000000000e+00,0.000000000000000000e+00,-0.000000000000000000e+00,-0.000000000000000000e+00,-0.000000000000000000e+00,-0.000000000000000000e+00,-0.000000000000000000e+00,-0.000000000000000000e+00,-0.000000000000000000e+00,-2.971845622563138445e-01,-0.000000000000000000e+00,-0.000000000000000000e+00,-0.000000000000000000e+00,-2.035554013403251539e-01,-0.000000000000000000e+00,-0.000000000000000000e+00,-0.000000000000000000e+00,-1.135258510906815010e-01,-0.000000000000000000e+00,-0.000000000000000000e+00,-0.000000000000000000e+00,-1.283300118895867592e-01,-4.049769342492244850e-01,-7.261587201268712710e-02,0.000000000000000000e+00,0.000000000000000000e+00
-0.000000000000000000e+00,-0.000000000000000000e+00,2.649923890219001876e+00,-0.000000000000000000e+00,-4.142069801087089331e-01,-0.000000000000000000e+00,-3.173098025899296903e-01,5.932375819482101909e-01,-0.000000000000000000e+00,-0.000000000000000000e+00,0.000000000000000000e+00,-0.000000000000000000e+00,0.000000000000000000e+00,-2.589304947957044023e-01,-0.000000000000000000e+00,-0.000000000000000000e+00,0.000000000000000000e+00,-4.340894704209580929e-03,-1.950263539744881147e-01,-0.000000000000000000e+00,-0.000000000000000000e+00,-7.597154119413536411e-02,-0.000000000000000000e+00,-0.000000000000000000e+00,-0.000000000000000000e+00,-1.178925479685839633e-01,-0.000000000000000000e+00,-1.970424272297999491e-01,0.000000000000000000e+00,-0.000000000000000000e+00,-2.350571034691803785e-01,-0.000000000000000000e+00,-1.106482606136903052e-01,-3.495947284685372303e-01,-0.000000000000000000e+00,-0.000000000000000000e+00,-0.000000000000000000e+00,-0.000000000000000000e+00,-0.000000000000000000e+00
-0.000000000000000000e+00,-0.000000000000000000e+00,-0.000000000000000000e+00,2.228502608200280566e+00,-0.000000000000000000e+00,0.000000000000000000e+00,-1.435903629146925986e-01,0.000000000000000000e+00,-0.000000000000000000e+00,-0.000000000000000000e+00,1.854116316769221715e-02,-2.546891628255790740e-01,-0.000000000000000000e+00,-0.000000000000000000e+00,-2.128683939003540859e-01,-0.000000000000000000e+00,4.806751665419166375e-02,-5.268098114015816735e-01,-5.563611919840053682e-02,-4.268614573640179821e-01,-0.000000000000000000e+00,-1.903868803334629600e-01,0.000000000000000000e+00,-0.000000000000000000e+00,0.000000000000000000e+00,-2.360379841593183287e-02,-0.000000000000000000e+00,-1.836584272523693329e-01,5.173223668382087581e-02,-0.000000000000000000e+00,-0.000000000000000000e+00,-1.083144479826267242e-01,0.000000000000000000e+00,-0.000000000000000000e+00,0.000000000000000000e+00,0.000000000000000000e+00,0.000000000000000000e+00,-0.000000000000000000e+00,-0.000000000000000000e+00
-0.000000000000000000e+00,-0.000000000000000000e+00,-4.142069801087089331e-01,-0.000000000000000000e+00,2.371743202814931895e+00,-0.000000000000000000e+00,-3.049701311534309782e-03,4.863202029027328122e-01,-4.775248103800065931e-03,-0.000000000000000000e+00,0.000000000000000000e+00,0.000000000000000000e+00,0.000000000000000000e+00,-2.658519161655583107e-01,-0.000000000000000000e+00,-5.630851197930058578e-05,0.000000000000000000e+00,-0.000000000000000000e+00,-1.191238548507077971e-01,-0.000000000000000000e+00,-0.000000000000000000e+00,-0.000000000000000000e+00,-0.000000000000000000e+00,-0.000000000000000000e+00,-0.000000000000000000e+00,-0.000000000000000000e+00,-0.000000000000000000e+00,-0.000000000000000000e+00,-0.000000000000000000e+00,-1.598217767212928575e-01,-1.824231086628367582e-01,-0.000000000000000000e+00,-6.453971873939626236e-02,-4.864757073339848747e-01,-0.000000000000000000e+00,-2.054581337265589114e-01,-0.000000000000000000e+00,-0.000000000000000000e+00,-0.000000000000000000e+00
-0.000000000000000000e+00,-1.658840590879309407e-01,-0.000000000000000000e+00,0.000000000000000000e+00,-0.000000000000000000e+00,2.318993954779237754e+00,0.000000000000000000e+00,0.000000000000000000e+00,0.000000000000000000e+00,0.000000000000000000e+00,-4.104088122484599310e-01,1.773148060912197455e-01,0.000000000000000000e+00,-0.000000000000000000e+00,0.000000000000000000e+00,0.000000000000000000e+00,-4.626003135979880332e-01,0.000000000000000000e+00,0.000000000000000000e+00,0.000000000000000000e+00,0.000000000000000000e+00,0.000000000000000000e+00,-2.598890833654785015e-01,-0.000000000000000000e+00,-5.836557687146362028e-01,0.000000000000000000e+00,-0.000000000000000000e+00,0.000000000000000000e+00,-0.000000000000000000e+00,0.000000000000000000e+00,-0.000000000000000000e+00,0.000000000000000000e+00,-0.000000000000000000e+00,0.000000000000000000e+00,-9.363608533757983299e-02,-0.000000000000000000e+00,-3.412817101458738289e-01,1.454933374219712257e-02,0.000000000000000000e+00
-4.528900016470435025e-02,-0.000000000000000000e+00,-3.173098025899296903e-01,-1.435903629146925986e-01,-3.049701311534309782e-03,0.000000000000000000e+00,1.809300588169926671e+00,0.000000000000000000e+00,-0.000000000000000000e+00,-0.000000000000000000e+00,0.000000000000000000e+00,-0.000000000000000000e+00,-0.000000000000000000e+00,-0.000000000000000000e+00,-0.000000000000000000e+00,-0.000000000000000000e+00,0.000000000000000000e+00,-1.011420833875208702e-01,-6.633454428890463161e-02,-8.836076614509166816e-02,-0.000000000000000000e+00,-1.005337041301144901e-01,-0.000000000000000000e+00,-0.000000000000000000e+00,0.000000000000000000e+00,-3.231622185096917343e-01,-8.606538943112805595e-02,-2.191974256629000972e-01,0.000000000000000000e+00,-0.000000000000000000e+00,-1.008848011367628750e-02,-0.000000000000000000e+00,-0.000000000000000000e+00,-1.326623973215380337e-01,-0.000000000000000000e+00,-0.000000000000000000e+00,-0.000000000000000000e+00,-0.000000000000000000e+00,-0.000000000000000000e+00
0.000000000000000000e+00,0.000000000000000000e+00,5.932375819482101909e-01,0.000000000000000000e+00,4.863202029027328122e-01,0.000000000000000000e+00,0.000000000000000000e+00,2.176239090776772578e+00,0.000000000000000000e+00,0.000000000000000000e+00,-0.000000000000000000e+00,-0.000000000000000000e+00,-0.000000000000000000e+00,1.002622115052583390e-01,0.000000000000000000e+00,0.000000000000000000e+00,-0.000000000000000000e+00,0.000000000000000000e+00,0.000000000000000000e+00,0.000000000000000000e+00,0.000000000000000000e+00,0.000000000000000000e+00,0.000000000000000000e+00,0.000000000000000000e+00,0.000000000000000000e+00,2.948266851423284735e-02,4.227203073889087420e-02,0.000000000000000000e+00,0.000000000000000000e+00,0.000000000000000000e+00,2.341287765734028914e-01,0.000000000000000000e+00,2.300909157739263189e-01,1.546445042043918805e-01,3.517483828607922969e-02,1.765455012843042404e-01,0.000000000000000000e+00,0.000000000000000000e+00,0.000000000000000000e+00
-7.458427331568644181e-02,-0.000000000000000000e+00,-0.000000000000000000e+00,-0.000000000000000000e+00,-4.775248103800065931e-03,0.000000000000000000e+00,-0.000000000000000000e+00,0.000000000000000000e+00,2.639205513458985575e+00,-2.714463060037243247e-01,0.000000000000000000e+00,-0.000000000000000000e+00,2.235237018617611815e-01,-0.000000000000000000e+00,-1.513070984955360576e-01,-4.044111954443646018e-01,1.961418749391942093e-02,-1.112824911685572349e-01,-2.502839898708616451e-01,-0.000000000000000000e+00,0.000000000000000000e+00,0.000000000000000000e+00,0.000000000000000000e+00,-0.000000000000000000e+00,0.000000000000000000e+00,-1.285973453455859783e-01,-0.000000000000000000e+00,-0.000000000000000000e+00,0.000000000000000000e+00,-3.798343221015111348e-01,-0.000000000000000000e+00,-0.000000000000000000e+00,0.000000000000000000e+00,-2.473700162317224172e-01,-0.000000000000000000e+00,-0.000000000000000000e+00,0.000000000000000000e+00,-2.304422302006104428e-01,-3.181953936254902637e-01
-1.817033076258740554e-01,-0.000000000000000000e+00,-0.000000000000000000e+00,-0.000000000000000000e+00,-0.000000000000000000e+00,0.000000000000000000e+00,-0.000000000000000000e+00,0.000000000000000000e+00,-2.714463060037243247e-01,2.564130984812147407e+00,0.000000000000000000e+00,-0.000000000000000000e+00,0.000000000000000000e+00,-1.895849403069118505e-02,-0.000000000000000000e+00,-5.429473948673542161e-01,0.000000000000000000e+00,-0.000000000000000000e+00,-1.313889033392416639e-01,-0.000000000000000000e+00,0.000000000000000000e+00,0.000000000000000000e+00,-0.000000000000000000e+00,-2.242522039066827955e-01,0.000000000000000000e+00,-1.950432803897738168e-02,-0.000000000000000000e+00,-0.000000000000000000e+00,0.000000000000000000e+00,-4.738270751784403045e-01,-0.000000000000000000e+00,-1.662119514024309741e-01,0.000000000000000000e+00,-0.000000000000000000e+00,-0.000000000000000000e+00,-0.000000000000000000e+00,-0.000000000000000000e+00,-1.604069566342516961e-01,-4.164994307689535713e-01
0.000000000000000000e+00,-0.000000000000000000e+00,0.000000000000000000e+00,1.854116316769221715e-02,0.000000000000000000e+00,-4.104088122484599310e-01,0.000000000000000000e+00,-0.000000000000000000e+00,0.000000000000000000e+00,0.000000000000000000e+00,2.141080109995603831e+00,1.093512009256240730e-01,-0.000000000000000000e+00,0.000000000000000000e+00,1.356413558969042366e-01,0.000000000000000000e+00,-8.098310453346097004e-01,0.000000000000000000e+00,0.000000000000000000e+00,0.000000000000000000e+00,0.000000000000000000e+00,0.000000000000000000e+00,-1.316710290961225771e-01,0.000000000000000000e+00,-2.598405391585642543e-01,8.587337996971565468e-02,-0.000000000000000000e+00,0.000000000000000000e+00,-0.000000000000000000e+00,9.332151139247154073e-03,-0.000000000000000000e+00,0.000000000000000000e+00,-0.000000000000000000e+00,0.000000000000000000e+00,-0.000000000000000000e+00,-0.000000000000000000e+00,-0.000000000000000000e+00,1.147772946331889199e-01,0.000000000000000000e+00
-0.000000000000000000e+00,0.000000000000000000e+00,-0.000000000000000000e+00,-2.546891628255790740e-01,0.000000000000000000e+00,1.773148060912197455e-01,-0.000000000000000000e+00,-0.000000000000000000e+00,-0.000000000000000000e+00,-0.000000000000000000e+00,1.093512009256240730e-01,2.162411508964757534e+00,-0.000000000000000000e+00,-0.000000000000000000e+00,-4.092415287623358822e-01,-0.000000000000000000e+00,2.611795513283833303e-01,-1.143176088911899702e-01,-0.000000000000000000e+00,-5.327829032752973148e-01,-0.000000000000000000e+00,-0.000000000000000000e+00,0.000000000000000000e+00,-0.000000000000000000e+00,6.181376917633907807e-03,-0.000000000000000000e+00,0.000000000000000000e+00,-0.000000000000000000e+00,0.000000000000000000e+00,-0.000000000000000000e+00,0.000000000000000000e+00,-1.381239668975840773e-01,0.000000000000000000e+00,-0.000000000000000000e+00,0.000000000000000000e+00,0.000000000000000000e+00,1.822502363158243210e-01,-4.887821647203961090e-02,-0.000000000000000000e+00
0.000000000000000000e+00,-0.000000000000000000e+00,0.000000000000000000e+00,-0.000000000000000000e+00,0.000000000000000000e+00,0.000000000000000000e+00,-0.000000000000000000e+00,-0.000000000000000000e+00,2.235237018617611815e-01,0.000000000000000000e+00,-0.000000000000000000e+00,-0.000000000000000000e+00,1.208335055775316080e+00,0.000000000000000000e+00,0.000000000000000000e+00,6.555533947441367915e-02,-0.000000000000000000e+00,0.000000000000000000e+00,0.000000000000000000e+00,-0.000000000000000000e+00,-3.472439049812346412e-01,-1.398468529366216351e-01,-0.000000000000000000e+00,0.000000000000000000e+00,0.000000000000000000e+00,0.000000000000000000e+00,0.000000000000000000e+00,-0.000000000000000000e+00,-0.000000000000000000e+00,2.870449658349471384e-02,-0.000000000000000000e+00,0.000000000000000000e+00,-0.000000000000000000e+00,0.000000000000000000e+00,0.000000000000000000e+00,0.000000000000000000e+00,0.000000000000000000e+00,0.000000000000000000e+00,9.115210882138063964e-02
-0.000000000000000000e+00,-0.000000000000000000e+00,-2.589304947957044023e-01,-0.000000000000000000e+00,-2.658519161655583107e-01,-0.000000000000000000e+00,-0.000000000000000000e+00,1.002622115052583390e-01,-0.000000000000000000e+00,-1.895849403069118505e-02,0.000000000000000000e+00,-0.000000000000000000e+00,0.000000000000000000e+00,1.872956631956573137e+00,-0.000000000000000000e+00,-3.993634128495982677e-02,0.000000000000000000e+00,-0.000000000000000000e+00,-0.000000000000000000e+00,-0.000000000000000000e+00,-0.000000000000000000e+00,-0.000000000000000000e+00,-0.000000000000000000e+00,-4.359617676418290344e-01,-0.000000000000000000e+00,-3.748785866923418780e-02,-0.000000000000000000e+00,-1.634796910887381660e-01,-0.000000000000000000e+00,-1.222005431161998223e-01,-5.878181513509998790e-02,-0.000000000000000000e+00,-1.536859536987364439e-01,-3.637703121815597917e-03,-5.424923454251637939e-02,-1.375876706369647817e-01,-0.000000000000000000e+00,-0.000000000000000000e+00,-0.000000000000000000e+00
-0.000000000000000000e+00,0.000000000000000000e+00,-0.000000000000000000e+00,-2.128683939003540859e-01,-0.000000000000000000e+00,0.000000000000000000e+00,-0.000000000000000000e+00,0.000000000000000000e+00,-1.513070984955360576e-01,-0.000000000000000000e+00,1.356413558969042366e-01,-4.092415287623358822e-01,0.000000000000000000e+00,-0.000000000000000000e+00,2.700005620788057836e+00,-1.041583249454891280e-01,2.889508060530222577e-01,-3.050592839335738438e-01,-1.481676812230741935e-01,-3.986607617052913555e-01,-0.000000000000000000e+00,-0.000000000000000000e+00,0.000000000000000000e+00,-0.000000000000000000e+00,0.000000000000000000e+00,-7.073637006577110364e-02,-0.000000000000000000e+00,-0.000000000000000000e+00,0.000000000000000000e+00,-0.000000000000000000e+00,-0.000000000000000000e+00,-2.191369278305493329e-01,0.000000000000000000e+00,-0.000000000000000000e+00,0.000000000000000000e+00,0.000000000000000000e+00,0.000000000000000000e+00,-4.251826465004703848e-01,-0.000000000000000000e+00
-0.000000000000000000e+00,-0.000000000000000000e+00,-0.000000000000000000e+00,-0.000000000000000000e+00,-5.630851197930058578e-05,0.000000000000000000e+00,-0.000000000000000000e+00,0.000000000000000000e+00,-4.044111954443646018e-01,-5.429473948673542161e-01,0.000000000000000000e+00,-0.000000000000000000e+00,6.555533947441367915e-02,-3.993634128495982677e-02,-1.041583249454891280e-01,2.802125826724104041e+00,1.622678514212347323e-02,-1.864998724230778337e-01,-2.641208101186141577e-01,-0.000000000000000000e+00,0.000000000000000000e+00,-0.000000000000000000e+00,-0.000000000000000000e+00,-1.418127157787278381e-01,0.000000000000000000e+00,-3.657041888257141909e-02,-0.000000000000000000e+00,-0.000000000000000000e+00,0.000000000000000000e+00,-5.336059621899146288e-01,-0.000000000000000000e+00,-2.156174246488726798e-01,0.000000000000000000e+00,-2.066498433090941181e-02,-0.000000000000000000e+00,-0.000000000000000000e+00,0.000000000000000000e+00,-1.282438782327794957e-01,-2.306317602493141161e-01
0.000000000000000000e+00,-0.000000000000000000e+00,0.000000000000000000e+00,4.806751665419166375e-02,0.000000000000000000e+00,-4.626003135979880332e-01,0.000000000000000000e+00,-0.000000000000000000e+00,1.961418749391942093e-02,0.000000000000000000e+00,-8.098310453346097004e-01,2.611795513283833303e-01,-0.000000000000000000e+00,0.000000000000000000e+00,2.889508060530222577e-01,1.622678514212347323e-02,2.463969755428047304e+00,1.226052200752279220e-01,0.000000000000000000e+00,0.000000000000000000e+00,0.000000000000000000e+00,0.000000000000000000e+00,-0.000000000000000000e+00,0.000000000000000000e+00,-1.958846057304781396e-01,0.000000000000000000e+00,-0.000000000000000000e+00,0.000000000000000000e+00,-2.223135999654824845e-03,6.434044544547808109e-02,-0.000000000000000000e+00,4.239570627173045586e-02,-0.000000000000000000e+00,0.000000000000000000e+00,-0.000000000000000000e+00,-0.000000000000000000e+00,-0.000000000000000000e+00,1.961957150673040162e-01,1.016891159814783258e-01
-0.000000000000000000e+00,-0.000000000000000000e+00,-4.340894704209580929e-03,-5.268098114015816735e-01,-0.000000000000000000e+00,0.000000000000000000e+00,-1.011420833875208702e-01,0.000000000000000000e+00,-1.112824911685572349e-01,-0.000000000000000000e+00,0.000000000000000000e+00,-1.143176088911899702e-01,0.000000000000000000e+00,-0.000000000000000000e+00,-3.050592839335738438e-01,-1.864998724230778337e-01,1.226052200752279220e-01,2.652814749862182353e+00,-5.577354600225556958e-01,-1.902168009101681823e-01,-0.000000000000000000e+00,-0.000000000000000000e+00,0.000000000000000000e+00,-0.000000000000000000e+00,0.000000000000000000e+00,-1.611657167061636697e-01,-0.000000000000000000e+00,-1.488688993825033891e-01,2.355830234779868540e-02,-0.000000000000000000e+00,-0.000000000000000000e+00,-1.492374731551750489e-01,-0.000000000000000000e+00,-8.879181138149343233e-02,0.000000000000000000e+00,-0.000000000000000000e+00,0.000000000000000000e+00,-1.040220293003544204e-02,-0.000000000000000000e+00
-0.000000000000000000e+00,-0.000000000000000000e+00,-1.950263539744881147e-01,-5.563611919840053682e-02,-1.191238548507077971e-01,0.000000000000000000e+00,-6.633454428890463161e-02,0.000000000000000000e+00,-2.502839898708616451e-01,-1.313889033392416639e-01,0.000000000000000000e+00,-0.000000000000000000e+00,0.000000000000000000e+00,-0.000000000000000000e+00,-1.481676812230741935e-01,-2.641208101186141577e-01,0.000000000000000000e+00,-5.577354600225556958e-01,2.569835180906114402e+00,-0.000000000000000000e+00,-0.000000000000000000e+00,-0.000000000000000000e+00,-0.000000000000000000e+00,-0.000000000000000000e+00,0.000000000000000000e+00,-0.000000000000000000e+00,-0.000000000000000000e+00,-0.000000000000000000e+00,0.000000000000000000e+00,-1.991159490353119621e-01,-0.000000000000000000e+00,-3.406608145357780532e-02,-0.000000000000000000e+00,-2.392984881392764274e-01,-0.000000000000000000e+00,-0.000000000000000000e+00,0.000000000000000000e+00,-2.464190352611320411e-01,-1.097554643388168744e-01
-0.000000000000000000e+00,-0.000000000000000000e+00,-0.000000000000000000e+00,-4.268614573640179821e-01,-0.000000000000000000e+00,0.000000000000000000e+00,-8.836076614509166816e-02,0.000000000000000000e+00,-0.000000000000000000e+00,-0.000000000000000000e+00,0.000000000000000000e+00,-5.327829032752973148e-01,-0.000000000000000000e+00,-0.000000000000000000e+00,-3.986607617052913555e-01,-0.000000000000000000e+00,0.000000000000000000e+00,-1.902168009101681823e-01,-0.000000000000000000e+00,2.276938075096514691e+00,-0.000000000000000000e+00,-1.089174311085905067e-01,0.000000000000000000e+00,-0.000000000000000000e+00,0.000000000000000000e+00,-9.181109714270369038e-02,-0.000000000000000000e+00,-2.854390905259822087e-01,0.000000000000000000e+00,-0.000000000000000000e+00,-0.000000000000000000e+00,-9.070970799971378451e-02,0.000000000000000000e+00,-0.000000000000000000e+00,0.000000000000000000e+00,0.000000000000000000e+00,0.000000000000000000e+00,-1.643805728868815222e-02,-0.000000000000000000e+00
0.000000000000000000e+00,-0.000000000000000000e+00,-0.000000000000000000e+00,-0.000000000000000000e+00,-0.000000000000000000e+00,0.000000000000000000e+00,-0.000000000000000000e+00,0.000000000000000000e+00,0.000000000000000000e+00,0.000000000000000000e+00,0.000000000000000000e+00,-0.000000000000000000e+00,-3.472439049812346412e-01,-0.000000000000000000e+00,-0.000000000000000000e+00,0.000000000000000000e+00,0.000000000000000000e+00,-0.000000000000000000e+00,-0.000000000000000000e+00,-0.000000000000000000e+00,1.895140644675064268e+00,-1.009392296560121638e+00,-0.000000000000000000e+00,0.000000000000000000e+00,0.000000000000000000e+00,-0.000000000000000000e+00,-0.000000000000000000e+00,-2.773148559907149258e-01,0.000000000000000000e+00,0.000000000000000000e+00,-0.000000000000000000e+00,-0.000000000000000000e+00,-1.368806514691426474e-02,-0.000000000000000000e+00,0.000000000000000000e+00,-0.000000000000000000e+00,0.000000000000000000e+00,0.000000000000000000e+00,0.000000000000000000e+00
-0.000000000000000000e+00,-0.000000000000000000e+00,-7.597154119413536411e-02,-1.903868803334629600e-01,-0.000000000000000000e+00,0.000000000000000000e+00,-1.005337041301144901e-01,0.000000000000000000e+00,0.000000000000000000e+00,0.000000000000000000e+00,0.000000000000000000e+00,-0.000000000000000000e+00,-1.398468529366216351e-01,-0.000000000000000000e+00,-0.000000000000000000e+00,-0.000000000000000000e+00,0.000000000000000000e+00,-0.000000000000000000e+00,-0.000000000000000000e+00,-1.089174311085905067e-01,-1.009392296560121638e+00,2.169734975913464758e+00,-0.000000000000000000e+00,-0.000000000000000000e+00,0.000000000000000000e+00,-0.000000000000000000e+00,-0.000000000000000000e+00,-4.644131174365041526e-01,0.000000000000000000e+00,-0.000000000000000000e+00,-0.000000000000000000e+00,-0.000000000000000000e+00,-1.152234418516756426e-01,-0.000000000000000000e+00,-0.000000000000000000e+00,-0.000000000000000000e+00,0.000000000000000000e+00,-0.000000000000000000e+00,0.000000000000000000e+00
-0.000000000000000000e+00,-2.971845622563138445e-01,-0.000000000000000000e+00,0.000000000000000000e+00,-0.000000000000000000e+00,-2.598890833654785015e-01,-0.000000000000000000e+00,0.000000000000000000e+00,0.000000000000000000e+00,-0.000000000000000000e+00,-1.316710290961225771e-01,0.000000000000000000e+00,-0.000000000000000000e+00,-0.000000000000000000e+00,0.000000000000000000e+00,-0.000000000000000000e+00,-0.000000000000000000e+00,0.000000000000000000e+00,-0.000000000000000000e+00,0.000000000000000000e+00,-0.000000000000000000e+00,-0.000000000000000000e+00,2.008248229721292244e+00,-2.440177231984991257e-01,-7.318665000029845880e-01,0.000000000000000000e+00,-0.000000000000000000e+00,-0.000000000000000000e+00,-0.000000000000000000e+00,0.000000000000000000e+00,-0.000000000000000000e+00,0.000000000000000000e+00,-2.220087148402936916e-01,0.000000000000000000e+00,-1.043803758609460758e-01,-4.734179857056729918e-02,-6.111474644765484132e-02,0.000000000000000000e+00,0.000000000000000000e+00
-0.000000000000000000e+00,-0.000000000000000000e+00,-0.000000000000000000e+00,-0.000000000000000000e+00,-0.000000000000000000e+00,-0.000000000000000000e+00,-0.000000000000000000e+00,0.000000000000000000e+00,-0.000000000000000000e+00,-2.242522039066827955e-01,0.000000000000000000e+00,-0.000000000000000000e+00,0.000000000000000000e+00,-4.359617676418290344e-01,-0.000000000000000000e+00,-1.418127157787278381e-01,0.000000000000000000e+00,-0.000000000000000000e+00,-0.000000000000000000e+00,-0.000000000000000000e+00,0.000000000000000000e+00,-0.000000000000000000e+00,-2.440177231984991257e-01,1.499272659268900076e+00,-1.257205708101099065e-02,-0.000000000000000000e+00,-0.000000000000000000e+00,-0.000000000000000000e+00,-0.000000000000000000e+00,-3.643683147373485368e-03,-0.000000000000000000e+00,-0.000000000000000000e+00,-0.000000000000000000e+00,-0.000000000000000000e+00,-2.200684470312297969e-01,-0.000000000000000000e+00,-0.000000000000000000e+00,-0.000000000000000000e+00,-0.000000000000000000e+00
-0.000000000000000000e+00,-0.000000000000000000e+00,-0.000000000000000000e+00,0.000000000000000000e+00,-0.000000000000000000e+00,-5.836557687146362028e-01,0.000000000000000000e+00,0.000000000000000000e+00,0.000000000000000000e+00,0.000000000000000000e+00,-2.598405391585642543e-01,6.181376917633907807e-03,0.000000000000000000e+00,-0.000000000000000000e+00,0.000000000000000000e+00,0.000000000000000000e+00,-1.958846057304781396e-01,0.000000000000000000e+00,0.000000000000000000e+00,0.000000000000000000e+00,0.000000000000000000e+00,0.000000000000000000e+00,-7.318665000029845880e-01,-1.257205708101099065e-02,2.149707628978772878e+00,0.000000000000000000e+00,-0.000000000000000000e+00,0.000000000000000000e+00,-0.000000000000000000e+00,0.000000000000000000e+00,-0.000000000000000000e+00,0.000000000000000000e+00,-0.000000000000000000e+00,0.000000000000000000e+00,-1.109912619074441137e-01,-1.163757787280341946e-02,-1.534064020432653330e-01,0.000000000000000000e+00,0.000000000000000000e+00
-3.609363467075283882e-01,-0.000000000000000000e+00,-1.178925479685839633e-01,-2.360379841593183287e-02,-0.000000000000000000e+00,0.000000000000000000e+00,-3.231622185096917343e-01,2.948266851423284735e-02,-1.285973453455859783e-01,-1.950432803897738168e-02,8.587337996971565468e-02,-0.000000000000000000e+00,0.000000000000000000e+00,-3.748785866923418780e-02,-7.073637006577110364e-02,-3.657041888257141909e-02,0.000000000000000000e+00,-1.611657167061636697e-01,-0.000000000000000000e+00,-9.181109714270369038e-02,-0.000000000000000000e+00,-0.000000000000000000e+00,0.000000000000000000e+00,-0.000000000000000000e+00,0.000000000000000000e+00,2.346919820023912973e+00,-2.955105434727917646e-01,-3.934348045034262165e-01,-0.000000000000000000e+00,-1.357164843045650937e-01,-0.000000000000000000e+00,-3.872544706343112458e-02,-0.000000000000000000e+00,-2.374682655576397516e-01,-0.000000000000000000e+00,-0.000000000000000000e+00,-0.000000000000000000e+00,-0.000000000000000000e+00,-0.000000000000000000e+00
-2.455865661136733824e-01,-2.035554013403251539e-01,-0.000000000000000000e+00,-0.000000000000000000e+00,-0.000000000000000000e+00,-0.000000000000000000e+00,-8.606538943112805595e-02,4.227203073889087420e-02,-0.000000000000000000e+00,-0.000000000000000000e+00,-0.000000000000000000e+00,0.000000000000000000e+00,0.000000000000000000e+00,-0.000000000000000000e+00,-0.000000000000000000e+00,-0.000000000000000000e+00,-0.000000000000000000e+00,-0.000000000000000000e+00,-0.000000000000000000e+00,-0.000000000000000000e+00,-0.000000000000000000e+00,-0.000000000000000000e+00,-0.000000000000000000e+00,-0.000000000000000000e+00,-0.000000000000000000e+00,-2.955105434727917646e-01,1.643771779007323408e+00,-0.000000000000000000e+00,-0.000000000000000000e+00,-0.000000000000000000e+00,-4.681480290533531763e-01,-0.000000000000000000e+00,-0.000000000000000000e+00,-0.000000000000000000e+00,-0.000000000000000000e+00,-7.573754868562898590e-02,-1.216608933911206801e-02,-0.000000000000000000e+00,-0.000000000000000000e+00
-0.000000000000000000e+00,-0.000000000000000000e+00,-1.970424272297999491e-01,-1.836584272523693329e-01,-0.000000000000000000e+00,0.000000000000000000e+00,-2.191974256629000972e-01,0.000000000000000000e+00,-0.000000000000000000e+00,-0.000000000000000000e+00,0.000000000000000000e+00,-0.000000000000000000e+00,-0.000000000000000000e+00,-1.634796910887381660e-01,-0.000000000000000000e+00,-0.000000000000000000e+00,0.000000000000000000e+00,-1.488688993825033891e-01,-0.000000000000000000e+00,-2.854390905259822087e-01,-2.773148559907149258e-01,-4.644131174365041526e-01,-0.000000000000000000e+00,-0.000000000000000000e+00,0.000000000000000000e+00,-3.934348045034262165e-01,-0.000000000000000000e+00,2.277821214782445924e+00,0.000000000000000000e+00,-0.000000000000000000e+00,-0.000000000000000000e+00,-0.000000000000000000e+00,-0.000000000000000000e+00,-1.000804320569907702e-01,-0.000000000000000000e+00,-0.000000000000000000e+00,0.000000000000000000e+00,-0.000000000000000000e+00,-0.000000000000000000e+00
-9.455951509556910495e-02,-0.000000000000000000e+00,0.000000000000000000e+00,5.173223668382087581e-02,-0.000000000000000000e+00,-0.000000000000000000e+00,0.000000000000000000e+00,0.000000000000000000e+00,0.000000000000000000e+00,0.000000000000000000e+00,-0.000000000000000000e+00,0.000000000000000000e+00,-0.000000000000000000e+00,-0.000000000000000000e+00,0.000000000000000000e+00,0.000000000000000000e+00,-2.223135999654824845e-03,2.355830234779868540e-02,0.000000000000000000e+00,0.000000000000000000e+00,0.000000000000000000e+00,0.000000000000000000e+00,-0.000000000000000000e+00,-0.000000000000000000e+00,-0.000000000000000000e+00,-0.000000000000000000e+00,-0.000000000000000000e+00,0.000000000000000000e+00,1.046412547475645161e+00,0.000000000000000000e+00,-0.000000000000000000e+00,-0.000000000000000000e+00,-0.000000000000000000e+00,0.000000000000000000e+00,-0.000000000000000000e+00,-8.186899244156400912e-02,-1.190696606120150991e-01,0.000000000000000000e+00,-0.000000000000000000e+00
-8.032735840103898128e-02,-0.000000000000000000e+00,-0.000000000000000000e+00,-0.000000000000000000e+00,-1.598217767212928575e-01,0.000000000000000000e+00,-0.000000000000000000e+00,0.000000000000000000e+00,-3.798343221015111348e-01,-4.738270751784403045e-01,9.332151139247154073e-03,-0.000000000000000000e+00,2.870449658349471384e-02,-1.222005431161998223e-01,-0.000000000000000000e+00,-5.336059621899146288e-01,6.434044544547808109e-02,-0.000000000000000000e+00,-1.991159490353119621e-01,-0.000000000000000000e+00,0.000000000000000000e+00,-0.000000000000000000e+00,0.000000000000000000e+00,-3.643683147373485368e-03,0.000000000000000000e+00,-1.357164843045650937e-01,-0.000000000000000000e+00,-0.000000000000000000e+00,0.000000000000000000e+00,2.798150208519971205e+00,-0.000000000000000000e+00,-8.449836197279848859e-02,0.000000000000000000e+00,-2.551500732931087367e-01,-0.000000000000000000e+00,-0.000000000000000000e+00,-0.000000000000000000e+00,-1.112242777457826265e-01,-3.102646691094707032e-01
-0.000000000000000000e+00,-1.135258510906815010e-01,-2.350571034691803785e-01,-0.000000000000000000e+00,-1.824231086628367582e-01,-0.000000000000000000e+00,-1.008848011367628750e-02,2.341287765734028914e-01,-0.000000000000000000e+00,-0.000000000000000000e+00,-0.000000000000000000e+00,0.000000000000000000e+00,-0.000000000000000000e+00,-5.878181513509998790e-02,-0.000000000000000000e+00,-0.000000000000000000e+00,-0.000000000000000000e+00,-0.000000000000000000e+00,-0.000000000000000000e+00,-0.000000000000000000e+00,-0.000000000000000000e+00,-0.000000000000000000e+00,-0.000000000000000000e+00,-0.000000000000000000e+00,-0.000000000000000000e+00,-0.000000000000000000e+00,-4.681480290533531763e-01,-0.000000000000000000e+00,-0.000000000000000000e+00,-0.000000000000000000e+00,2.076364899951616216e+00,-0.000000000000000000e+00,-3.492989633912791381e-01,-0.000000000000000000e+00,-1.945136244670396253e-01,-2.380378530714739871e-01,-5.237917610278185199e-02,-0.000000000000000000e+00,-0.000000000000000000e+00
-4.828822600114695412e-02,-0.000000000000000000e+00,-0.000000000000000000e+00,-1.083144479826267242e-01,-0.000000000000000000e+00,0.000000000000000000e+00,-0.000000000000000000e+00,0.000000000000000000e+00,-0.000000000000000000e+00,-1.662119514024309741e-01,0.000000000000000000e+00,-1.381239668975840773e-01,0.000000000000000000e+00,-0.000000000000000000e+00,-2.191369278305493329e-01,-2.156174246488726798e-01,4.239570627173045586e-02,-1.492374731551750489e-01,-3.406608145357780532e-02,-9.070970799971378451e-02,-0.000000000000000000e+00,-0.000000000000000000e+00,0.000000000000000000e+00,-0.000000000000000000e+00,0.000000000000000000e+00,-3.872544706343112458e-02,-0.000000000000000000e+00,-0.000000000000000000e+00,-0.000000000000000000e+00,-8.449836197279848859e-02,-0.000000000000000000e+00,1.876537653480458978e+00,0.000000000000000000e+00,-0.000000000000000000e+00,0.000000000000000000e+00,0.000000000000000000e+00,0.000000000000000000e+00,-3.162831358158340600e-01,-2.053230325547442461e-02
0.000000000000000000e+00,-0.000000000000000000e+00,-1.106482606136903052e-01,0.000000000000000000e+00,-6.453971873939626236e-02,-0.000000000000000000e+00,-0.000000000000000000e+00,2.300909157739263189e-01,0.000000000000000000e+00,0.000000000000000000e+00,-0.000000000000000000e+00,0.000000000000000000e+00,-0.000000000000000000e+00,-1.536859536987364439e-01,0.000000000000000000e+00,0.000000000000000000e+00,-0.000000000000000000e+00,-0.000000000000000000e+00,-0.000000000000000000e+00,0.000000000000000000e+00,-1.368806514691426474e-02,-1.152234418516756426e-01,-2.220087148402936916e-01,-0.000000000000000000e+00,-0.000000000000000000e+00,-0.000000000000000000e+00,-0.000000000000000000e+00,-0.000000000000000000e+00,-0.000000000000000000e+00,0.000000000000000000e+00,-3.492989633912791381e-01,0.000000000000000000e+00,1.672733159346305731e+00,-0.000000000000000000e+00,-1.209402352992980795e-01,-4.693794723010523418e-02,-1.490967916531005244e-01,0.000000000000000000e+00,0.000000000000000000e+00
-0.000000000000000000e+00,-0.000000000000000000e+00,-3.495947284685372303e-01,-0.000000000000000000e+00,-4.864757073339848747e-01,0.000000000000000000e+00,-1.326623973215380337e-01,1.546445042043918805e-01,-2.473700162317224172e-01,-0.000000000000000000e+00,0.000000000000000000e+00,-0.000000000000000000e+00,0.000000000000000000e+00,-3.637703121815597917e-03,-0.000000000000000000e+00,-2.066498433090941181e-02,0.000000000000000000e+00,-8.879181138149343233e-02,-2.392984881392764274e-01,-0.000000000000000000e+00,-0.000000000000000000e+00,-0.000000000000000000e+00,0.000000000000000000e+00,-0.000000000000000000e+00,0.000000000000000000e+00,-2.374682655576397516e-01,-0.000000000000000000e+00,-1.000804320569907702e-01,0.000000000000000000e+00,-2.551500732931087367e-01,-0.000000000000000000e+00,-0.000000000000000000e+00,-0.000000000000000000e+00,2.331475744824155427e+00,-0.000000000000000000e+00,-0.000000000000000000e+00,-0.000000000000000000e+00,-0.000000000000000000e+00,-0.000000000000000000e+00
-0.000000000000000000e+00,-1.283300118895867592e-01,-0.000000000000000000e+00,0.000000000000000000e+00,-0.000000000000000000e+00,-9.363608533757983299e-02,-0.000000000000000000e+00,3.517483828607922969e-02,-0.000000000000000000e+00,-0.000000000000000000e+00,-0.000000000000000000e+00,0.000000000000000000e+00,0.000000000000000000e+00,-5.424923454251637939e-02,0.000000000000000000e+00,-0.000000000000000000e+00,-0.000000000000000000e+00,0.000000000000000000e+00,-0.000000000000000000e+00,0.000000000000000000e+00,0.000000000000000000e+00,-0.000000000000000000e+00,-1.043803758609460758e-01,-2.200684470312297969e-01,-1.109912619074441137e-01,-0.000000000000000000e+00,-0.000000000000000000e+00,-0.000000000000000000e+00,-0.000000000000000000e+00,-0.000000000000000000e+00,-1.945136244670396253e-01,0.000000000000000000e+00,-1.209402352992980795e-01,-0.000000000000000000e+00,2.020783493279601384e+00,-1.991691122774537082e-01,-7.705693181029854566e-01,0.000000000000000000e+00,0.000000000000000000e+00
-1.144573006602888909e-01,-4.049769342492244850e-01,-0.000000000000000000e+00,0.000000000000000000e+00,-2.054581337265589114e-01,-0.000000000000000000e+00,-0.000000000000000000e+00,1.765455012843042404e-01,-0.000000000000000000e+00,-0.000000000000000000e+00,-0.000000000000000000e+00,0.000000000000000000e+00,0.000000000000000000e+00,-1.375876706369647817e-01,0.000000000000000000e+00,-0.000000000000000000e+00,-0.000000000000000000e+00,-0.000000000000000000e+00,-0.000000000000000000e+00,0.000000000000000000e+00,-0.000000000000000000e+00,-0.000000000000000000e+00,-4.734179857056729918e-02,-0.000000000000000000e+00,-1.163757787280341946e-02,-0.000000000000000000e+00,-7.573754868562898590e-02,-0.000000000000000000e+00,-8.186899244156400912e-02,-0.000000000000000000e+00,-2.380378530714739871e-01,0.000000000000000000e+00,-4.693794723010523418e-02,-0.000000000000000000e+00,-1.991691122774537082e-01,2.044989265634418185e+00,-4.595899756476024556e-01,0.000000000000000000e+00,-0.000000000000000000e+00
-0.000000000000000000e+00,-7.261587201268712710e-02,-0.000000000000000000e+00,0.000000000000000000e+00,-0.000000000000000000e+00,-3.412817101458738289e-01,-0.000000000000000000e+00,0.000000000000000000e+00,0.000000000000000000e+00,-0.000000000000000000e+00,-0.000000000000000000e+00,1.822502363158243210e-01,0.000000000000000000e+00,-0.000000000000000000e+00,0.000000000000000000e+00,0.000000000000000000e+00,-0.000000000000000000e+00,0.000000000000000000e+00,0.000000000000000000e+00,0.000000000000000000e+00,0.000000000000000000e+00,0.000000000000000000e+00,-6.111474644765484132e-02,-0.000000000000000000e+00,-1.534064020432653330e-01,-0.000000000000000000e+00,-1.216608933911206801e-02,0.000000000000000000e+00,-1.190696606120150991e-01,-0.000000000000000000e+00,-5.237917610278185199e-02,0.000000000000000000e+00,-1.490967916531005244e-01,-0.000000000000000000e+00,-7.705693181029854566e-01,-4.595899756476024556e-01,2.163820765532208590e+00,0.000000000000000000e+00,0.000000000000000000e+00
-0.000000000000000000e+00,0.000000000000000000e+00,-0.000000000000000000e+00,-0.000000000000000000e+00,-0.000000000000000000e+00,1.454933374219712257e-02,-0.000000000000000000e+00,0.000000000000000000e+00,-2.304422302006104428e-01,-1.604069566342516961e-01,1.147772946331889199e-01,-4.887821647203961090e-02,0.000000000000000000e+00,-0.000000000000000000e+00,-4.251826465004703848e-01,-1.282438782327794957e-01,1.961957150673040162e-01,-1.040220293003544204e-02,-2.464190352611320411e-01,-1.643805728868815222e-02,0.000000000000000000e+00,-0.000000000000000000e+00,0.000000000000000000e+00,-0.000000000000000000e+00,0.000000000000000000e+00,-0.000000000000000000e+00,-0.000000000000000000e+00,-0.000000000000000000e+00,0.000000000000000000e+00,-1.112242777457826265e-01,-0.000000000000000000e+00,-3.162831358158340600e-01,0.000000000000000000e+00,-0.000000000000000000e+00,0.000000000000000000e+00,0.000000000000000000e+00,0.000000000000000000e+00,2.504939877435695461e+00,-5.347523019738582573e-01
-4.768353915446791463e-02,0.000000000000000000e+00,-0.000000000000000000e+00,-0.000000000000000000e+00,-0.000000000000000000e+00,0.000000000000000000e+00,-0.000000000000000000e+00,0.000000000000000000e+00,-3.181953936254902637e-01,-4.164994307689535713e-01,0.000000000000000000e+00,-0.000000000000000000e+00,9.115210882138063964e-02,-0.000000000000000000e+00,-0.000000000000000000e+00,-2.306317602493141161e-01,1.016891159814783258e-01,-0.000000000000000000e+00,-1.097554643388168744e-01,-0.000000000000000000e+00,0.000000000000000000e+00,0.000000000000000000e+00,0.000000000000000000e+00,-0.000000000000000000e+00,0.000000000000000000e+00,-0.000000000000000000e+00,-0.000000000000000000e+00,-0.000000000000000000e+00,-0.000000000000000000e+00,-3.102646691094707032e-01,-0.000000000000000000e+00,-2.053230325547442461e-02,0.000000000000000000e+00,-0.000000000000000000e+00,0.000000000000000000e+00,-0.000000000000000000e+00,0.000000000000000000e+00,-5.347523019738582573e-01,2.288016317785462661e+00
