2.894243260965925213e+00,0.000000000000000000e+00,0.000000000000000000e+00,0.000000000000000000e+00,-0.000000000000000000e+00,-0.000000000000000000e+00,-3.921433535884519955e-02,0.000000000000000000e+00,-0.000000000000000000e+00,0.000000000000000000e+00,0.000000000000000000e+00,0.000000000000000000e+00,1.170936241073214645e-01,-0.000000000000000000e+00,-0.000000000000000000e+00,-0.000000000000000000e+00,-2.789625286979730001e-01,-8.092368048703954889e-03,0.000000000000000000e+00,0.000000000000000000e+00,2.935951649263868757e-01,0.000000000000000000e+00,0.000000000000000000e+00,-0.000000000000000000e+00,-1.611766086696624911e-01,-7.150534176995820834e-01,-0.000000000000000000e+00,-0.000000000000000000e+00,-8.982183886627186364e-01,0.000000000000000000e+00,-0.000000000000000000e+00,-0.000000000000000000e+00,5.753355596266969407e-02,0.000000000000000000e+00,-4.106172137334642702e-01,0.000000000000000000e+00,-0.000000000000000000e+00,-0.000000000000000000e+00,0.000000000000000000e+00
0.000000000000000000e+00,2.874642679850612392e+00,-0.000000000000000000e+00,-3.670697184121803347e-01,-0.000000000000000000e+00,-0.000000000000000000e+00,0.000000000000000000e+00,0.000000000000000000e+00,-6.774163971250685146e-02,-3.336927779718904530e-01,0.000000000000000000e+00,-5.648454488862358208e-02,-0.000000000000000000e+00,-0.000000000000000000e+00,5.680516731078174425e-02,0.000000000000000000e+00,0.000000000000000000e+00,0.000000000000000000e+00,-3.608715216484471577e-01,-0.000000000000000000e+00,-0.000000000000000000e+00,-0.000000000000000000e+00,-5.295599425372785607e-01,-0.000000000000000000e+00,-0.000000000000000000e+00,0.000000000000000000e+00,0.000000000000000000e+00,-0.000000000000000000e+00,0.000000000000000000e+00,-0.000000000000000000e+00,-0.000000000000000000e+00,-6.346718102083912516e-01,-0.000000000000000000e+00,-0.000000000000000000e+00,0.000000000000000000e+00,-0.000000000000000000e+00,-2.629569891179076579e-01,0.000000000000000000e+00,-4.540878001890206184e-01
0.000000000000000000e+00,-0.000000000000000000e+00,1.935348044782575050e+00,-0.000000000000000000e+00,-0.000000000000000000e+00,-4.674421023042137080e-02,0.000000000000000000e+00,3.301439661448457574e-01,0.000000000000000000e+00,-0.000000000000000000e+00,-1.690435875700370683e-01,-1.541645844213522243e-01,-2.931361338087772328e-01,4.589651341852268168e-02,0.000000000000000000e+00,0.000000000000000000e+00,0.000000000000000000e+00,-0.000000000000000000e+00,-7.501155973165812840e-01,0.000000000000000000e+00,-0.000000000000000000e+00,0.000000000000000000e+00,-0.000000000000000000e+00,0.000000000000000000e+00,0.000000000000000000e+00,0.000000000000000000e+00,0.000000000000000000e+00,-0.000000000000000000e+00,0.000000000000000000e+00,-0.000000000000000000e+00,-0.000000000000000000e+00,-0.000000000000000000e+00,-1.240270346058535006e-01,-1.139404776378240003e-01,1.087810246776377138e-01,-0.000000000000000000e+00,-0.000000000000000000e+00,0.000000000000000000e+00,-0.000000000000000000e+00
0.000000000000000000e+00,-3.670697184121803347e-01,-0.000000000000000000e+00,2.709527527905821298e+00,0.000000000000000000e+00,-4.445146189241831747e-02,0.000000000000000000e+00,0.000000000000000000e+00,0.000000000000000000e+00,-0.000000000000000000e+00,-0.000000000000000000e+00,-0.000000000000000000e+00,-4.411347755858965880e-01,-0.000000000000000000e+00,8.959207593309838069e-01,3.535091792609981742e-02,0.000000000000000000e+00,0.000000000000000000e+00,-0.000000000000000000e+00,-2.922535694408404799e-02,-4.495785162545177793e-01,-0.000000000000000000e+00,-4.390596024946933490e-02,-0.000000000000000000e+00,0.000000000000000000e+00,0.000000000000000000e+00,0.000000000000000000e+00,-0.000000000000000000e+00,0.000000000000000000e+00,0.000000000000000000e+00,-0.000000000000000000e+00,-2.170396051083656463e-01,-2.826945798404888882e-02,0.000000000000000000e+00,0.000000000000000000e+00,0.000000000000000000e+00,-1.255652332905298207e-01,4.494806241806775238e-01,-0.000000000000000000e+00
-0.000000000000000000e+00,-0.000000000000000000e+00,-0.000000000000000000e+00,0.000000000000000000e+00,2.263471562694336914e+00,-0.000000000000000000e+00,-0.000000000000000000e+00,2.540887588518961904e-01,-1.139593633346610152e-01,-0.000000000000000000e+00,0.000000000000000000e+00,0.000000000000000000e+00,0.000000000000000000e+00,-1.347607111360637766e-01,-0.000000000000000000e+00,-8.484532617007210786e-02,-4.012048941249050232e-02,-2.337194338812070005e-01,-0.000000000000000000e+00,1.045180290797803058e-01,0.000000000000000000e+00,2.164770270904445640e-02,-0.000000000000000000e+00,-0.000000000000000000e+00,-1.277644550059880701e-01,-7.170997635335699671e-01,-4.093579239289983351e-01,-8.106803410983155767e-02,-0.000000000000000000e+00,-0.000000000000000000e+00,-2.402782298528675919e-01,-0.000000000000000000e+00,0.000000000000000000e+00,-0.000000000000000000e+00,-0.000000000000000000e+00,-0.000000000000000000e+00,-0.000000000000000000e+00,-0.000000000000000000e+00,0.000000000000000000e+00
-0.000000000000000000e+00,-0.000000000000000000e+00,-4.674421023042137080e-02,-4.445146189241831747e-02,-0.000000000000000000e+00,1.750497340353962539e+00,0.000000000000000000e+00,1.766514154928281177e-01,-0.000000000000000000e+00,-0.000000000000000000e+00,-0.000000000000000000e+00,-0.000000000000000000e+00,-0.000000000000000000e+00,0.000000000000000000e+00,0.000000000000000000e+00,0.000000000000000000e+00,-6.496965271437549205e-02,-0.000000000000000000e+00,-0.000000000000000000e+00,0.000000000000000000e+00,-0.000000000000000000e+00,-0.000000000000000000e+00,-1.308267930069566820e-01,-0.000000000000000000e+00,-1.546057172309394656e-01,-0.000000000000000000e+00,0.000000000000000000e+00,-0.000000000000000000e+00,-0.000000000000000000e+00,2.142839181662529457e-01,-0.000000000000000000e+00,-5.129685917261278538e-01,-0.000000000000000000e+00,0.000000000000000000e+00,-0.000000000000000000e+00,8.445370634706228508e-02,-2.851009649522187606e-01,0.000000000000000000e+00,-0.000000000000000000e+00
-3.921433535884519955e-02,0.000000000000000000e+00,0.000000000000000000e+00,0.000000000000000000e+00,-0.000000000000000000e+00,0.000000000000000000e+00,1.411425175880516303e+00,0.000000000000000000e+00,0.000000000000000000e+00,4.210069646731753878e-02,0.000000000000000000e+00,9.541089277947352454e-02,0.000000000000000000e+00,-0.000000000000000000e+00,-0.000000000000000000e+00,0.000000000000000000e+00,-3.090801562276630429e-02,-0.000000000000000000e+00,0.000000000000000000e+00,0.000000000000000000e+00,1.388323021283346115e-01,0.000000000000000000e+00,1.407025176784701681e-01,0.000000000000000000e+00,0.000000000000000000e+00,-0.000000000000000000e+00,-0.000000000000000000e+00,-4.820841206243017263e-01,-0.000000000000000000e+00,-0.000000000000000000e+00,-0.000000000000000000e+00,0.000000000000000000e+00,5.704183140140708236e-02,6.155303850360214352e-02,-6.440460162935400523e-02,0.000000000000000000e+00,0.000000000000000000e+00,0.000000000000000000e+00,5.860168472093722769e-02
0.000000000000000000e+00,0.000000000000000000e+00,3.301439661448457574e-01,0.000000000000000000e+00,2.540887588518961904e-01,1.766514154928281177e-01,0.000000000000000000e+00,1.985189764174290161e+00,0.000000000000000000e+00,0.000000000000000000e+00,0.000000000000000000e+00,0.000000000000000000e+00,0.000000000000000000e+00,0.000000000000000000e+00,-0.000000000000000000e+00,-0.000000000000000000e+00,6.509183819932046200e-02,0.000000000000000000e+00,2.190639934313798054e-01,-0.000000000000000000e+00,0.000000000000000000e+00,-0.000000000000000000e+00,0.000000000000000000e+00,0.000000000000000000e+00,0.000000000000000000e+00,0.000000000000000000e+00,0.000000000000000000e+00,2.356045542838869911e-01,0.000000000000000000e+00,-0.000000000000000000e+00,5.205847199958021365e-01,3.119547774989369637e-01,0.000000000000000000e+00,-0.000000000000000000e+00,0.000000000000000000e+00,-0.000000000000000000e+00,8.374932564668077783e-02,-0.000000000000000000e+00,0.000000000000000000e+00
-0.000000000000000000e+00,-6.774163971250685146e-02,0.000000000000000000e+00,0.000000000000000000e+00,-1.139593633346610152e-01,-0.000000000000000000e+00,0.000000000000000000e+00,0.000000000000000000e+00,1.606616725217811181e+00,-1.754609441286552329e-01,0.000000000000000000e+00,-0.000000000000000000e+00,0.000000000000000000e+00,-1.764000135822939574e-01,-0.000000000000000000e+00,-4.006783376984155987e-01,-0.000000000000000000e+00,-0.000000000000000000e+00,-0.000000000000000000e+00,0.000000000000000000e+00,0.000000000000000000e+00,0.000000000000000000e+00,-1.078345988293146485e-01,-0.000000000000000000e+00,-4.490847786744350811e-01,-7.412360677654218633e-02,-0.000000000000000000e+00,-0.000000000000000000e+00,-0.000000000000000000e+00,-0.000000000000000000e+00,-0.000000000000000000e+00,-0.000000000000000000e+00,0.000000000000000000e+00,-0.000000000000000000e+00,-0.000000000000000000e+00,-0.000000000000000000e+00,-0.000000000000000000e+00,-7.378371884693643579e-02,-0.000000000000000000e+00
0.000000000000000000e+00,-3.336927779718904530e-01,-0.000000000000000000e+00,-0.000000000000000000e+00,-0.000000000000000000e+00,-0.000000000000000000e+00,4.210069646731753878e-02,0.000000000000000000e+00,-1.754609441286552329e-01,2.168732690464310942e+00,-0.000000000000000000e+00,-2.879658896499933118e-01,-0.000000000000000000e+00,-0.000000000000000000e+00,0.000000000000000000e+00,-3.726498628430748306e-01,0.000000000000000000e+00,0.000000000000000000e+00,-0.000000000000000000e+00,-0.000000000000000000e+00,-1.394590039947214699e-02,-0.000000000000000000e+00,-3.064631465874412264e-01,-0.000000000000000000e+00,-0.000000000000000000e+00,0.000000000000000000e+00,0.000000000000000000e+00,0.000000000000000000e+00,0.000000000000000000e+00,-4.626143123852353989e-02,0.000000000000000000e+00,-0.000000000000000000e+00,-0.000000000000000000e+00,-6.016418790040982401e-02,0.000000000000000000e+00,-8.694777460556620289e-04,-0.000000000000000000e+00,-0.000000000000000000e+00,-7.028718455836445722e-01
0.000000000000000000e+00,0.000000000000000000e+00,-1.690435875700370683e-01,-0.000000000000000000e+00,0.000000000000000000e+00,-0.000000000000000000e+00,0.000000000000000000e+00,0.000000000000000000e+00,0.000000000000000000e+00,-0.000000000000000000e+00,1.272209938396715811e+00,-0.000000000000000000e+00,-0.000000000000000000e+00,0.000000000000000000e+00,-0.000000000000000000e+00,0.000000000000000000e+00,-0.000000000000000000e+00,-0.000000000000000000e+00,-0.000000000000000000e+00,0.000000000000000000e+00,-0.000000000000000000e+00,-0.000000000000000000e+00,0.000000000000000000e+00,3.818193787302055775e-02,0.000000000000000000e+00,0.000000000000000000e+00,0.000000000000000000e+00,-0.000000000000000000e+00,0.000000000000000000e+00,-0.000000000000000000e+00,-0.000000000000000000e+00,-0.000000000000000000e+00,-4.986995319283986650e-01,-0.000000000000000000e+00,0.000000000000000000e+00,0.000000000000000000e+00,0.000000000000000000e+00,-0.000000000000000000e+00,-0.000000000000000000e+00
0.000000000000000000e+00,-5.648454488862358208e-02,-1.541645844213522243e-01,-0.000000000000000000e+00,0.000000000000000000e+00,-0.000000000000000000e+00,9.541089277947352454e-02,0.000000000000000000e+00,-0.000000000000000000e+00,-2.879658896499933118e-01,-0.000000000000000000e+00,2.383727512387533665e+00,-2.465932315775590522e-01,0.000000000000000000e+00,0.000000000000000000e+00,0.000000000000000000e+00,0.000000000000000000e+00,0.000000000000000000e+00,-2.767603686566155741e-01,-0.000000000000000000e+00,-1.718282986100195808e-01,-0.000000000000000000e+00,-2.832258253945974316e-02,0.000000000000000000e+00,0.000000000000000000e+00,0.000000000000000000e+00,0.000000000000000000e+00,0.000000000000000000e+00,0.000000000000000000e+00,-0.000000000000000000e+00,-0.000000000000000000e+00,-0.000000000000000000e+00,-2.138119042320940077e-01,-3.079415996155107638e-02,2.530261805323755775e-01,-0.000000000000000000e+00,-0.000000000000000000e+00,0.000000000000000000e+00,-7.300860072498703834e-01
1.170936241073214645e-01,-0.000000000000000000e+00,-2.931361338087772328e-01,-4.411347755858965880e-01,0.000000000000000000e+00,-0.000000000000000000e+00,0.000000000000000000e+00,0.000000000000000000e+00,0.000000000000000000e+00,-0.000000000000000000e+00,-0.000000000000000000e+00,-2.465932315775590522e-01,2.197446961515946651e+00,0.000000000000000000e+00,0.000000000000000000e+00,0.000000000000000000e+00,0.000000000000000000e+00,0.000000000000000000e+00,-0.000000000000000000e+00,-3.622727421361940370e-02,-3.482095158698894632e-01,-0.000000000000000000e+00,-1.868853756657995122e-02,0.000000000000000000e+00,0.000000000000000000e+00,3.868669225916107623e-02,1.424307257101439838e-03,0.000000000000000000e+00,2.433507651336793698e-01,-0.000000000000000000e+00,-0.000000000000000000e+00,-0.000000000000000000e+00,-2.588046323677606342e-02,-0.000000000000000000e+00,5.115596544675066887e-02,-0.000000000000000000e+00,-0.000000000000000000e+00,0.000000000000000000e+00,-3.989040940549006820e-01
-0.000000000000000000e+00,-0.000000000000000000e+00,4.589651341852268168e-02,-0.000000000000000000e+00,-1.347607111360637766e-01,0.000000000000000000e+00,-0.000000000000000000e+00,0.000000000000000000e+00,-1.764000135822939574e-01,-0.000000000000000000e+00,0.000000000000000000e+00,0.000000000000000000e+00,0.000000000000000000e+00,1.633213624995103919e+00,0.000000000000000000e+00,-0.000000000000000000e+00,-0.000000000000000000e+00,0.000000000000000000e+00,-0.000000000000000000e+00,-0.000000000000000000e+00,0.000000000000000000e+00,-0.000000000000000000e+00,-6.103577961103861388e-02,-4.340938285499228999e-01,-3.754245860084659547e-02,-1.880421958134390059e-02,-1.682587426725220825e-01,-0.000000000000000000e+00,-0.000000000000000000e+00,-0.000000000000000000e+00,-2.239650899646798698e-01,-0.000000000000000000e+00,0.000000000000000000e+00,0.000000000000000000e+00,-8.645789025522553073e-02,-0.000000000000000000e+00,-1.469532338575646191e-01,-0.000000000000000000e+00,-0.000000000000000000e+00
-0.000000000000000000e+00,5.680516731078174425e-02,0.000000000000000000e+00,8.959207593309838069e-01,-0.000000000000000000e+00,0.000000000000000000e+00,-0.000000000000000000e+00,-0.000000000000000000e+00,-0.000000000000000000e+00,0.000000000000000000e+00,-0.000000000000000000e+00,0.000000000000000000e+00,0.000000000000000000e+00,0.000000000000000000e+00,2.439061391380754618e+00,-0.000000000000000000e+00,-0.000000000000000000e+00,-6.510211493491396828e-01,-0.000000000000000000e+00,2.099870654967597727e-01,8.980369491827314143e-02,1.532793128128611682e-01,1.821087362358138895e-01,0.000000000000000000e+00,0.000000000000000000e+00,-9.350893185297136367e-02,-0.000000000000000000e+00,-0.000000000000000000e+00,-0.000000000000000000e+00,-0.000000000000000000e+00,0.000000000000000000e+00,0.000000000000000000e+00,0.000000000000000000e+00,-2.032455551064667187e-01,-0.000000000000000000e+00,-0.000000000000000000e+00,2.314745210603330605e-01,-1.845093554651107692e-01,0.000000000000000000e+00
-0.000000000000000000e+00,0.000000000000000000e+00,0.000000000000000000e+00,3.535091792609981742e-02,-8.484532617007210786e-02,0.000000000000000000e+00,0.000000000000000000e+00,-0.000000000000000000e+00,-4.006783376984155987e-01,-3.726498628430748306e-01,0.000000000000000000e+00,0.000000000000000000e+00,0.000000000000000000e+00,-0.000000000000000000e+00,-0.000000000000000000e+00,1.559058808694863796e+00,-0.000000000000000000e+00,-2.239415624647050906e-02,-0.000000000000000000e+00,0.000000000000000000e+00,0.000000000000000000e+00,0.000000000000000000e+00,-0.000000000000000000e+00,-0.000000000000000000e+00,-0.000000000000000000e+00,-6.541830104858614714e-02,-0.000000000000000000e+00,-0.000000000000000000e+00,-0.000000000000000000e+00,-5.940683453225856919e-02,0.000000000000000000e+00,0.000000000000000000e+00,0.000000000000000000e+00,-1.590846281820850194e-01,0.000000000000000000e+00,-3.044850110007042976e-01,0.000000000000000000e+00,-3.385130278177875263e-01,-0.000000000000000000e+00
-2.789625286979730001e-01,0.000000000000000000e+00,0.000000000000000000e+00,0.000000000000000000e+00,-4.012048941249050232e-02,-6.496965271437549205e-02,-3.090801562276630429e-02,6.509183819932046200e-02,-0.000000000000000000e+00,0.000000000000000000e+00,-0.000000000000000000e+00,0.000000000000000000e+00,0.000000000000000000e+00,-0.000000000000000000e+00,-0.000000000000000000e+00,-0.000000000000000000e+00,2.428678354022214769e+00,-0.000000000000000000e+00,-0.000000000000000000e+00,0.000000000000000000e+00,0.000000000000000000e+00,0.000000000000000000e+00,0.000000000000000000e+00,-0.000000000000000000e+00,-2.001549896704819809e-01,-1.840143944860238023e-01,-0.000000000000000000e+00,-3.751291063944979243e-01,-6.065853552057295373e-01,0.000000000000000000e+00,-4.935132696482105175e-01,-0.000000000000000000e+00,0.000000000000000000e+00,0.000000000000000000e+00,-1.923487901234199327e-01,0.000000000000000000e+00,-0.000000000000000000e+00,-0.000000000000000000e+00,0.000000000000000000e+00
-8.092368048703954889e-03,0.000000000000000000e+00,-0.000000000000000000e+00,0.000000000000000000e+00,-2.337194338812070005e-01,-0.000000000000000000e+00,-0.000000000000000000e+00,0.000000000000000000e+00,-0.000000000000000000e+00,0.000000000000000000e+00,-0.000000000000000000e+00,0.000000000000000000e+00,0.000000000000000000e+00,0.000000000000000000e+00,-6.510211493491396828e-01,-2.239415624647050906e-02,-0.000000000000000000e+00,1.826568333432909474e+00,-1.963124098390509331e-01,5.021401859829601744e-01,0.000000000000000000e+00,7.183014395838731303e-02,0.000000000000000000e+00,-0.000000000000000000e+00,-0.000000000000000000e+00,-1.267338318065293623e-01,-0.000000000000000000e+00,-0.000000000000000000e+00,-4.286171869436451037e-02,-0.000000000000000000e+00,-0.000000000000000000e+00,0.000000000000000000e+00,0.000000000000000000e+00,-1.783393245030620300e-01,-0.000000000000000000e+00,-0.000000000000000000e+00,0.000000000000000000e+00,-0.000000000000000000e+00,0.000000000000000000e+00
0.000000000000000000e+00,-3.608715216484471577e-01,-7.501155973165812840e-01,-0.000000000000000000e+00,-0.000000000000000000e+00,-0.000000000000000000e+00,0.000000000000000000e+00,2.190639934313798054e-01,-0.000000000000000000e+00,-0.000000000000000000e+00,-0.000000000000000000e+00,-2.767603686566155741e-01,-0.000000000000000000e+00,-0.000000000000000000e+00,-0.000000000000000000e+00,-0.000000000000000000e+00,-0.000000000000000000e+00,-1.963124098390509331e-01,2.033914445235713409e+00,0.000000000000000000e+00,-0.000000000000000000e+00,0.000000000000000000e+00,-7.257520896861360815e-02,-0.000000000000000000e+00,-0.000000000000000000e+00,-0.000000000000000000e+00,0.000000000000000000e+00,-0.000000000000000000e+00,0.000000000000000000e+00,-0.000000000000000000e+00,-0.000000000000000000e+00,-4.942287251042578461e-02,-0.000000000000000000e+00,-1.096087376661157298e-01,0.000000000000000000e+00,-0.000000000000000000e+00,-0.000000000000000000e+00,0.000000000000000000e+00,-1.607552428078406481e-01
0.000000000000000000e+00,-0.000000000000000000e+00,0.000000000000000000e+00,-2.922535694408404799e-02,1.045180290797803058e-01,0.000000000000000000e+00,0.000000000000000000e+00,-0.000000000000000000e+00,0.000000000000000000e+00,-0.000000000000000000e+00,0.000000000000000000e+00,-0.000000000000000000e+00,-3.622727421361940370e-02,-0.000000000000000000e+00,2.099870654967597727e-01,0.000000000000000000e+00,0.000000000000000000e+00,5.021401859829601744e-01,0.000000000000000000e+00,1.585598746965412253e+00,-1.690116264807267066e-01,-9.845264212983777241e-02,-0.000000000000000000e+00,0.000000000000000000e+00,0.000000000000000000e+00,1.839532548649074339e-01,0.000000000000000000e+00,0.000000000000000000e+00,5.298476676117751076e-03,-0.000000000000000000e+00,0.000000000000000000e+00,-0.000000000000000000e+00,-1.811088665341425985e-02,0.000000000000000000e+00,0.000000000000000000e+00,0.000000000000000000e+00,-0.000000000000000000e+00,0.000000000000000000e+00,-0.000000000000000000e+00
2.935951649263868757e-01,-0.000000000000000000e+00,-0.000000000000000000e+00,-4.495785162545177793e-01,0.000000000000000000e+00,-0.000000000000000000e+00,1.388323021283346115e-01,0.000000000000000000e+00,0.000000000000000000e+00,-1.394590039947214699e-02,-0.000000000000000000e+00,-1.718282986100195808e-01,-3.482095158698894632e-01,0.000000000000000000e+00,8.980369491827314143e-02,0.000000000000000000e+00,0.000000000000000000e+00,0.000000000000000000e+00,-0.000000000000000000e+00,-1.690116264807267066e-01,2.800463741909514859e+00,-1.005605688487513742e-02,-6.925540457890529134e-02,0.000000000000000000e+00,0.000000000000000000e+00,1.000539087292977580e-01,1.454078242159685952e-01,0.000000000000000000e+00,2.764781987392511686e-01,-0.000000000000000000e+00,0.000000000000000000e+00,-0.000000000000000000e+00,-5.654121099306853582e-01,-0.000000000000000000e+00,0.000000000000000000e+00,-0.000000000000000000e+00,-0.000000000000000000e+00,0.000000000000000000e+00,-4.990068565310459836e-01
0.000000000000000000e+00,-0.000000000000000000e+00,0.000000000000000000e+00,-0.000000000000000000e+00,2.164770270904445640e-02,-0.000000000000000000e+00,0.000000000000000000e+00,-0.000000000000000000e+00,0.000000000000000000e+00,-0.000000000000000000e+00,-0.000000000000000000e+00,-0.000000000000000000e+00,-0.000000000000000000e+00,-0.000000000000000000e+00,1.532793128128611682e-01,0.000000000000000000e+00,0.000000000000000000e+00,7.183014395838731303e-02,0.000000000000000000e+00,-9.845264212983777241e-02,-1.005605688487513742e-02,1.107144598950871250e+00,-0.000000000000000000e+00,-0.000000000000000000e+00,0.000000000000000000e+00,1.047329494242093262e-01,0.000000000000000000e+00,0.000000000000000000e+00,0.000000000000000000e+00,0.000000000000000000e+00,0.000000000000000000e+00,-0.000000000000000000e+00,-0.000000000000000000e+00,0.000000000000000000e+00,0.000000000000000000e+00,0.000000000000000000e+00,-0.000000000000000000e+00,0.000000000000000000e+00,-0.000000000000000000e+00
0.000000000000000000e+00,-5.295599425372785607e-01,-0.000000000000000000e+00,-4.390596024946933490e-02,-0.000000000000000000e+00,-1.308267930069566820e-01,1.407025176784701681e-01,0.000000000000000000e+00,-1.078345988293146485e-01,-3.064631465874412264e-01,0.000000000000000000e+00,-2.832258253945974316e-02,-1.868853756657995122e-02,-6.103577961103861388e-02,1.821087362358138895e-01,-0.000000000000000000e+00,0.000000000000000000e+00,0.000000000000000000e+00,-7.257520896861360815e-02,-0.000000000000000000e+00,-6.925540457890529134e-02,-0.000000000000000000e+00,2.623919472738285297e+00,-2.331089796637807188e-02,-0.000000000000000000e+00,0.000000000000000000e+00,0.000000000000000000e+00,0.000000000000000000e+00,0.000000000000000000e+00,0.000000000000000000e+00,-0.000000000000000000e+00,-7.042278019897243446e-01,-0.000000000000000000e+00,-0.000000000000000000e+00,0.000000000000000000e+00,-0.000000000000000000e+00,-1.867366908078685328e-01,0.000000000000000000e+00,-3.261067095941992955e-01
-0.000000000000000000e+00,-0.000000000000000000e+00,0.000000000000000000e+00,-0.000000000000000000e+00,-0.000000000000000000e+00,-0.000000000000000000e+00,0.000000000000000000e+00,0.000000000000000000e+00,-0.000000000000000000e+00,-0.000000000000000000e+00,3.818193787302055775e-02,0.000000000000000000e+00,0.000000000000000000e+00,-4.340938285499228999e-01,0.000000000000000000e+00,-0.000000000000000000e+00,-0.000000000000000000e+00,-0.000000000000000000e+00,-0.000000000000000000e+00,0.000000000000000000e+00,0.000000000000000000e+00,-0.000000000000000000e+00,-2.331089796637807188e-02,2.254737278089977703e+00,-6.656436305770184747e-01,-0.000000000000000000e+00,-0.000000000000000000e+00,-0.000000000000000000e+00,-1.134596857255147362e-01,0.000000000000000000e+00,-0.000000000000000000e+00,-9.538000129349074457e-03,0.000000000000000000e+00,0.000000000000000000e+00,-5.175036707689403270e-01,0.000000000000000000e+00,-5.536094436968959087e-01,-0.000000000000000000e+00,-0.000000000000000000e+00
-1.611766086696624911e-01,-0.000000000000000000e+00,0.000000000000000000e+00,0.000000000000000000e+00,-1.277644550059880701e-01,-1.546057172309394656e-01,0.000000000000000000e+00,0.000000000000000000e+00,-4.490847786744350811e-01,-0.000000000000000000e+00,0.000000000000000000e+00,0.000000000000000000e+00,0.000000000000000000e+00,-3.754245860084659547e-02,0.000000000000000000e+00,-0.000000000000000000e+00,-2.001549896704819809e-01,-0.000000000000000000e+00,-0.000000000000000000e+00,0.000000000000000000e+00,0.000000000000000000e+00,0.000000000000000000e+00,-0.000000000000000000e+00,-6.656436305770184747e-01,2.162799249505557242e+00,-1.000461951949562500e-01,-0.000000000000000000e+00,-0.000000000000000000e+00,-2.793100204815178178e-01,0.000000000000000000e+00,-1.987978602895533811e-02,-9.634369201932481419e-02,0.000000000000000000e+00,0.000000000000000000e+00,-0.000000000000000000e+00,0.000000000000000000e+00,-0.000000000000000000e+00,-0.000000000000000000e+00,0.000000000000000000e+00
-7.150534176995820834e-01,0.000000000000000000e+00,0.000000000000000000e+00,0.000000000000000000e+00,-7.170997635335699671e-01,-0.000000000000000000e+00,-0.000000000000000000e+00,0.000000000000000000e+00,-7.412360677654218633e-02,0.000000000000000000e+00,0.000000000000000000e+00,0.000000000000000000e+00,3.868669225916107623e-02,-1.880421958134390059e-02,-9.350893185297136367e-02,-6.541830104858614714e-02,-1.840143944860238023e-01,-1.267338318065293623e-01,-0.000000000000000000e+00,1.839532548649074339e-01,1.000539087292977580e-01,1.047329494242093262e-01,0.000000000000000000e+00,-0.000000000000000000e+00,-1.000461951949562500e-01,3.008335864125285308e+00,-6.034402245785576158e-01,-1.265454893473364761e-01,-2.722792074056722411e-01,-0.000000000000000000e+00,-0.000000000000000000e+00,-0.000000000000000000e+00,2.160375833043920446e-02,-0.000000000000000000e+00,-0.000000000000000000e+00,-0.000000000000000000e+00,0.000000000000000000e+00,-9.669788495609582535e-02,0.000000000000000000e+00
-0.000000000000000000e+00,0.000000000000000000e+00,0.000000000000000000e+00,0.000000000000000000e+00,-4.093579239289983351e-01,0.000000000000000000e+00,-0.000000000000000000e+00,0.000000000000000000e+00,-0.000000000000000000e+00,0.000000000000000000e+00,0.000000000000000000e+00,0.000000000000000000e+00,1.424307257101439838e-03,-1.682587426725220825e-01,-0.000000000000000000e+00,-0.000000000000000000e+00,-0.000000000000000000e+00,-0.000000000000000000e+00,0.000000000000000000e+00,0.000000000000000000e+00,1.454078242159685952e-01,0.000000000000000000e+00,0.000000000000000000e+00,-0.000000000000000000e+00,-0.000000000000000000e+00,-6.034402245785576158e-01,1.720715575444030199e+00,-0.000000000000000000e+00,-0.000000000000000000e+00,-0.000000000000000000e+00,-0.000000000000000000e+00,0.000000000000000000e+00,7.336398238672664496e-02,-0.000000000000000000e+00,-0.000000000000000000e+00,-7.518150479963252308e-02,0.000000000000000000e+00,-0.000000000000000000e+00,0.000000000000000000e+00
-0.000000000000000000e+00,-0.000000000000000000e+00,-0.000000000000000000e+00,-0.000000000000000000e+00,-8.106803410983155767e-02,-0.000000000000000000e+00,-4.820841206243017263e-01,2.356045542838869911e-01,-0.000000000000000000e+00,0.000000000000000000e+00,-0.000000000000000000e+00,0.000000000000000000e+00,0.000000000000000000e+00,-0.000000000000000000e+00,-0.000000000000000000e+00,-0.000000000000000000e+00,-3.751291063944979243e-01,-0.000000000000000000e+00,-0.000000000000000000e+00,0.000000000000000000e+00,0.000000000000000000e+00,0.000000000000000000e+00,0.000000000000000000e+00,-0.000000000000000000e+00,-0.000000000000000000e+00,-1.265454893473364761e-01,-0.000000000000000000e+00,1.728757823008063799e+00,-0.000000000000000000e+00,-0.000000000000000000e+00,-3.151451517157807802e-01,-0.000000000000000000e+00,0.000000000000000000e+00,0.000000000000000000e+00,-0.000000000000000000e+00,0.000000000000000000e+00,-0.000000000000000000e+00,-0.000000000000000000e+00,0.000000000000000000e+00
-8.982183886627186364e-01,0.000000000000000000e+00,0.000000000000000000e+00,0.000000000000000000e+00,-0.000000000000000000e+00,-0.000000000000000000e+00,-0.000000000000000000e+00,0.000000000000000000e+00,-0.000000000000000000e+00,0.000000000000000000e+00,0.000000000000000000e+00,0.000000000000000000e+00,2.433507651336793698e-01,-0.000000000000000000e+00,-0.000000000000000000e+00,-0.000000000000000000e+00,-6.065853552057295373e-01,-4.286171869436451037e-02,0.000000000000000000e+00,5.298476676117751076e-03,2.764781987392511686e-01,0.000000000000000000e+00,0.000000000000000000e+00,-1.134596857255147362e-01,-2.793100204815178178e-01,-2.722792074056722411e-01,-0.000000000000000000e+00,-0.000000000000000000e+00,3.272603830290384597e+00,0.000000000000000000e+00,-0.000000000000000000e+00,-0.000000000000000000e+00,0.000000000000000000e+00,0.000000000000000000e+00,-8.177760353228571422e-01,0.000000000000000000e+00,-0.000000000000000000e+00,-0.000000000000000000e+00,0.000000000000000000e+00
0.000000000000000000e+00,-0.000000000000000000e+00,-0.000000000000000000e+00,0.000000000000000000e+00,-0.000000000000000000e+00,2.142839181662529457e-01,-0.000000000000000000e+00,-0.000000000000000000e+00,-0.000000000000000000e+00,-4.626143123852353989e-02,-0.000000000000000000e+00,-0.000000000000000000e+00,-0.000000000000000000e+00,-0.000000000000000000e+00,-0.000000000000000000e+00,-5.940683453225856919e-02,0.000000000000000000e+00,-0.000000000000000000e+00,-0.000000000000000000e+00,-0.000000000000000000e+00,-0.000000000000000000e+00,0.000000000000000000e+00,0.000000000000000000e+00,0.000000000000000000e+00,0.000000000000000000e+00,-0.000000000000000000e+00,-0.000000000000000000e+00,-0.000000000000000000e+00,0.000000000000000000e+00,1.287530458465145911e+00,0.000000000000000000e+00,0.000000000000000000e+00,0.000000000000000000e+00,-1.459317118641695332e-01,3.255633805369062550e-01,-2.066605302845367920e-01,1.093649557484308310e-01,-0.000000000000000000e+00,-0.000000000000000000e+00
-0.000000000000000000e+00,-0.000000000000000000e+00,-0.000000000000000000e+00,-0.000000000000000000e+00,-2.402782298528675919e-01,-0.000000000000000000e+00,-0.000000000000000000e+00,5.205847199958021365e-01,-0.000000000000000000e+00,0.000000000000000000e+00,-0.000000000000000000e+00,-0.000000000000000000e+00,-0.000000000000000000e+00,-2.239650899646798698e-01,0.000000000000000000e+00,0.000000000000000000e+00,-4.935132696482105175e-01,-0.000000000000000000e+00,-0.000000000000000000e+00,0.000000000000000000e+00,0.000000000000000000e+00,0.000000000000000000e+00,-0.000000000000000000e+00,-0.000000000000000000e+00,-1.987978602895533811e-02,-0.000000000000000000e+00,-0.000000000000000000e+00,-3.151451517157807802e-01,-0.000000000000000000e+00,0.000000000000000000e+00,2.282248371142969301e+00,-2.936216240201266481e-01,-0.000000000000000000e+00,6.320177312475895592e-02,-1.555430191638077220e-01,0.000000000000000000e+00,-2.464157529271888969e-01,0.000000000000000000e+00,0.000000000000000000e+00
-0.000000000000000000e+00,-6.346718102083912516e-01,-0.000000000000000000e+00,-2.170396051083656463e-01,-0.000000000000000000e+00,-5.129685917261278538e-01,0.000000000000000000e+00,3.119547774989369637e-01,-0.000000000000000000e+00,-0.000000000000000000e+00,-0.000000000000000000e+00,-0.000000000000000000e+00,-0.000000000000000000e+00,-0.000000000000000000e+00,0.000000000000000000e+00,0.000000000000000000e+00,-0.000000000000000000e+00,0.000000000000000000e+00,-4.942287251042578461e-02,-0.000000000000000000e+00,-0.000000000000000000e+00,-0.000000000000000000e+00,-7.042278019897243446e-01,-9.538000129349074457e-03,-9.634369201932481419e-02,-0.000000000000000000e+00,0.000000000000000000e+00,-0.000000000000000000e+00,-0.000000000000000000e+00,0.000000000000000000e+00,-2.936216240201266481e-01,3.187432668713587436e+00,-1.192215737592649122e-01,0.000000000000000000e+00,-0.000000000000000000e+00,0.000000000000000000e+00,-7.211067061088635155e-01,0.000000000000000000e+00,-0.000000000000000000e+00
5.753355596266969407e-02,-0.000000000000000000e+00,-1.240270346058535006e-01,-2.826945798404888882e-02,0.000000000000000000e+00,-0.000000000000000000e+00,5.704183140140708236e-02,0.000000000000000000e+00,0.000000000000000000e+00,-0.000000000000000000e+00,-4.986995319283986650e-01,-2.138119042320940077e-01,-2.588046323677606342e-02,0.000000000000000000e+00,0.000000000000000000e+00,0.000000000000000000e+00,0.000000000000000000e+00,0.000000000000000000e+00,-0.000000000000000000e+00,-1.811088665341425985e-02,-5.654121099306853582e-01,-0.000000000000000000e+00,-0.000000000000000000e+00,0.000000000000000000e+00,0.000000000000000000e+00,2.160375833043920446e-02,7.336398238672664496e-02,0.000000000000000000e+00,0.000000000000000000e+00,0.000000000000000000e+00,-0.000000000000000000e+00,-1.192215737592649122e-01,1.838751948053232610e+00,-0.000000000000000000e+00,0.000000000000000000e+00,0.000000000000000000e+00,-0.000000000000000000e+00,0.000000000000000000e+00,-3.746532469807272586e-02
0.000000000000000000e+00,-0.000000000000000000e+00,-1.139404776378240003e-01,0.000000000000000000e+00,-0.000000000000000000e+00,0.000000000000000000e+00,6.155303850360214352e-02,-0.000000000000000000e+00,-0.000000000000000000e+00,-6.016418790040982401e-02,-0.000000000000000000e+00,-3.079415996155107638e-02,-0.000000000000000000e+00,0.000000000000000000e+00,-2.032455551064667187e-01,-1.590846281820850194e-01,0.000000000000000000e+00,-1.783393245030620300e-01,-1.096087376661157298e-01,0.000000000000000000e+00,-0.000000000000000000e+00,0.000000000000000000e+00,-0.000000000000000000e+00,0.000000000000000000e+00,0.000000000000000000e+00,-0.000000000000000000e+00,-0.000000000000000000e+00,0.000000000000000000e+00,0.000000000000000000e+00,-1.459317118641695332e-01,6.320177312475895592e-02,0.000000000000000000e+00,-0.000000000000000000e+00,1.372264922638044782e+00,3.959682745161581252e-01,-0.000000000000000000e+00,0.000000000000000000e+00,-1.269317434520831067e-01,-0.000000000000000000e+00
-4.106172137334642702e-01,0.000000000000000000e+00,1.087810246776377138e-01,0.000000000000000000e+00,-0.000000000000000000e+00,-0.000000000000000000e+00,-6.440460162935400523e-02,0.000000000000000000e+00,-0.000000000000000000e+00,0.000000000000000000e+00,0.000000000000000000e+00,2.530261805323755775e-01,5.115596544675066887e-02,-8.645789025522553073e-02,-0.000000000000000000e+00,0.000000000000000000e+00,-1.923487901234199327e-01,-0.000000000000000000e+00,0.000000000000000000e+00,0.000000000000000000e+00,0.000000000000000000e+00,0.000000000000000000e+00,0.000000000000000000e+00,-5.175036707689403270e-01,-0.000000000000000000e+00,-0.000000000000000000e+00,-0.000000000000000000e+00,-0.000000000000000000e+00,-8.177760353228571422e-01,3.255633805369062550e-01,-1.555430191638077220e-01,-0.000000000000000000e+00,0.000000000000000000e+00,3.959682745161581252e-01,2.755389622679718986e+00,0.000000000000000000e+00,-0.000000000000000000e+00,0.000000000000000000e+00,7.567181848678190825e-02
0.000000000000000000e+00,-0.000000000000000000e+00,-0.000000000000000000e+00,0.000000000000000000e+00,-0.000000000000000000e+00,8.445370634706228508e-02,0.000000000000000000e+00,-0.000000000000000000e+00,-0.000000000000000000e+00,-8.694777460556620289e-04,0.000000000000000000e+00,-0.000000000000000000e+00,-0.000000000000000000e+00,-0.000000000000000000e+00,-0.000000000000000000e+00,-3.044850110007042976e-01,0.000000000000000000e+00,-0.000000000000000000e+00,-0.000000000000000000e+00,0.000000000000000000e+00,-0.000000000000000000e+00,0.000000000000000000e+00,-0.000000000000000000e+00,0.000000000000000000e+00,0.000000000000000000e+00,-0.000000000000000000e+00,-7.518150479963252308e-02,0.000000000000000000e+00,0.000000000000000000e+00,-2.066605302845367920e-01,0.000000000000000000e+00,0.000000000000000000e+00,0.000000000000000000e+00,-0.000000000000000000e+00,0.000000000000000000e+00,1.146639644334283670e+00,0.000000000000000000e+00,0.000000000000000000e+00,-0.000000000000000000e+00
-0.000000000000000000e+00,-2.629569891179076579e-01,-0.000000000000000000e+00,-1.255652332905298207e-01,-0.000000000000000000e+00,-2.851009649522187606e-01,0.000000000000000000e+00,8.374932564668077783e-02,-0.000000000000000000e+00,-0.000000000000000000e+00,0.000000000000000000e+00,-0.000000000000000000e+00,-0.000000000000000000e+00,-1.469532338575646191e-01,2.314745210603330605e-01,0.000000000000000000e+00,-0.000000000000000000e+00,0.000000000000000000e+00,-0.000000000000000000e+00,-0.000000000000000000e+00,-0.000000000000000000e+00,-0.000000000000000000e+00,-1.867366908078685328e-01,-5.536094436968959087e-01,-0.000000000000000000e+00,0.000000000000000000e+00,0.000000000000000000e+00,-0.000000000000000000e+00,-0.000000000000000000e+00,1.093649557484308310e-01,-2.464157529271888969e-01,-7.211067061088635155e-01,-0.000000000000000000e+00,0.000000000000000000e+00,-0.000000000000000000e+00,0.000000000000000000e+00,2.540974759478894285e+00,0.000000000000000000e+00,-0.000000000000000000e+00
-0.000000000000000000e+00,0.000000000000000000e+00,0.000000000000000000e+00,4.494806241806775238e-01,-0.000000000000000000e+00,0.000000000000000000e+00,0.000000000000000000e+00,-0.000000000000000000e+00,-7.378371884693643579e-02,-0.000000000000000000e+00,-0.000000000000000000e+00,0.000000000000000000e+00,0.000000000000000000e+00,-0.000000000000000000e+00,-1.845093554651107692e-01,-3.385130278177875263e-01,-0.000000000000000000e+00,-0.000000000000000000e+00,0.000000000000000000e+00,0.000000000000000000e+00,0.000000000000000000e+00,0.000000000000000000e+00,0.000000000000000000e+00,-0.000000000000000000e+00,-0.000000000000000000e+00,-9.669788495609582535e-02,-0.000000000000000000e+00,-0.000000000000000000e+00,-0.000000000000000000e+00,-0.000000000000000000e+00,0.000000000000000000e+00,0.000000000000000000e+00,0.000000000000000000e+00,-1.269317434520831067e-01,0.000000000000000000e+00,0.000000000000000000e+00,0.000000000000000000e+00,1.437532706934050886e+00,0.000000000000000000e+00
0.000000000000000000e+00,-4.540878001890206184e-01,-0.000000000000000000e+00,-0.000000000000000000e+00,0.000000000000000000e+00,-0.000000000000000000e+00,5.860168472093722769e-02,0.000000000000000000e+00,-0.000000000000000000e+00,-7.028718455836445722e-01,-0.000000000000000000e+00,-7.300860072498703834e-01,-3.989040940549006820e-01,-0.000000000000000000e+00,0.000000000000000000e+00,-0.000000000000000000e+00,0.000000000000000000e+00,0.000000000000000000e+00,-1.607552428078406481e-01,-0.000000000000000000e+00,-4.990068565310459836e-01,-0.000000000000000000e+00,-3.261067095941992955e-01,-0.000000000000000000e+00,0.000000000000000000e+00,0.000000000000000000e+00,0.000000000000000000e+00,0.000000000000000000e+00,0.000000000000000000e+00,-0.000000000000000000e+00,0.000000000000000000e+00,-0.000000000000000000e+00,-3.746532469807272586e-02,-0.000000000000000000e+00,7.567181848678190825e-02,-0.000000000000000000e+00,-0.000000000000000000e+00,0.000000000000000000e+00,3.124856821597209233e+00
