2.545933453575160321e+00,-1.128791947385483496e+00,-0.000000000000000000e+00,0.000000000000000000e+00,-0.000000000000000000e+00,0.000000000000000000e+00,-0.000000000000000000e+00,1.672319626303067075e-01,-2.520669213060273695e-01,-0.000000000000000000e+00,-0.000000000000000000e+00,0.000000000000000000e+00,0.000000000000000000e+00,-0.000000000000000000e+00,3.141127324436240875e-02,-0.000000000000000000e+00,-0.000000000000000000e+00,0.000000000000000000e+00,-0.000000000000000000e+00,-0.000000000000000000e+00,-0.000000000000000000e+00,0.000000000000000000e+00,0.000000000000000000e+00,-0.000000000000000000e+00,-0.000000000000000000e+00,-2.242785727730499945e-01,-0.000000000000000000e+00,-0.000000000000000000e+00,-5.842593378151956784e-01,-2.959668363433647920e-01,-1.445406826409503321e-03,0.000000000000000000e+00,-0.000000000000000000e+00,-0.000000000000000000e+00,-0.000000000000000000e+00,-0.000000000000000000e+00,-0.000000000000000000e+00,-0.000000000000000000e+00,0.000000000000000000e+00
-1.128791947385483496e+00,2.031043225591544932e+00,-0.000000000000000000e+00,0.000000000000000000e+00,-0.000000000000000000e+00,0.000000000000000000e+00,-0.000000000000000000e+00,0.000000000000000000e+00,-5.709299572700366615e-02,-2.368517406784226842e-01,-0.000000000000000000e+00,0.000000000000000000e+00,-0.000000000000000000e+00,-0.000000000000000000e+00,0.000000000000000000e+00,-0.000000000000000000e+00,-4.199221603791490620e-02,0.000000000000000000e+00,-0.000000000000000000e+00,0.000000000000000000e+00,0.000000000000000000e+00,0.000000000000000000e+00,-0.000000000000000000e+00,-0.000000000000000000e+00,-0.000000000000000000e+00,-0.000000000000000000e+00,-0.000000000000000000e+00,-0.000000000000000000e+00,-2.444429100882487826e-02,-0.000000000000000000e+00,-2.120657388374372343e-01,-0.000000000000000000e+00,-0.000000000000000000e+00,-4.085673889410711829e-02,-2.743483286175145072e-02,-6.300017721909358104e-02,-0.000000000000000000e+00,-0.000000000000000000e+00,-0.000000000000000000e+00
-0.000000000000000000e+00,-0.000000000000000000e+00,2.643669748496127792e+00,-0.000000000000000000e+00,-2.391920650301873341e-01,-0.000000000000000000e+00,-1.005266801528246906e-01,1.208873631028476447e+00,-0.000000000000000000e+00,-0.000000000000000000e+00,-0.000000000000000000e+00,-0.000000000000000000e+00,0.000000000000000000e+00,-2.350636042650892932e-01,-0.000000000000000000e+00,-0.000000000000000000e+00,-3.880613880122329995e-02,-0.000000000000000000e+00,-2.138977071797339424e-01,-1.218254234294599142e-01,-2.888852260953930218e-01,-0.000000000000000000e+00,-0.000000000000000000e+00,-0.000000000000000000e+00,-0.000000000000000000e+00,-0.000000000000000000e+00,-0.000000000000000000e+00,-0.000000000000000000e+00,-0.000000000000000000e+00,-1.121848974022940232e-01,-1.857550222278181173e-01,-0.000000000000000000e+00,-0.000000000000000000e+00,-0.000000000000000000e+00,-0.000000000000000000e+00,-0.000000000000000000e+00,-0.000000000000000000e+00,-0.000000000000000000e+00,-0.000000000000000000e+00
0.000000000000000000e+00,0.000000000000000000e+00,-0.000000000000000000e+00,1.420918855464905484e+00,0.000000000000000000e+00,0.000000000000000000e+00,-1.222023964344907260e-01,0.000000000000000000e+00,-0.000000000000000000e+00,0.000000000000000000e+00,0.000000000000000000e+00,-0.000000000000000000e+00,0.000000000000000000e+00,0.000000000000000000e+00,0.000000000000000000e+00,-0.000000000000000000e+00,2.151217538131041662e-01,-0.000000000000000000e+00,-2.993702939858557399e-01,-4.820560939668577238e-01,-1.307519026576005050e-01,-4.778407176499609339e-03,0.000000000000000000e+00,0.000000000000000000e+00,-0.000000000000000000e+00,0.000000000000000000e+00,0.000000000000000000e+00,-0.000000000000000000e+00,0.000000000000000000e+00,-0.000000000000000000e+00,-0.000000000000000000e+00,2.001673314288766881e-01,0.000000000000000000e+00,7.666003472240166816e-02,0.000000000000000000e+00,-0.000000000000000000e+00,0.000000000000000000e+00,-0.000000000000000000e+00,-0.000000000000000000e+00
-0.000000000000000000e+00,-0.000000000000000000e+00,-2.391920650301873341e-01,0.000000000000000000e+00,2.712145317294075486e+00,0.000000000000000000e+00,0.000000000000000000e+00,4.315653326422305702e-01,-1.898506712832793986e-01,-0.000000000000000000e+00,-0.000000000000000000e+00,-0.000000000000000000e+00,3.197079319356236488e-02,-9.018816670461810014e-01,-0.000000000000000000e+00,-0.000000000000000000e+00,-7.725236238630596441e-02,-1.910742542412735279e-01,-2.686065946987182262e-01,0.000000000000000000e+00,-0.000000000000000000e+00,0.000000000000000000e+00,-0.000000000000000000e+00,-0.000000000000000000e+00,-0.000000000000000000e+00,-0.000000000000000000e+00,-2.964861432761225490e-01,-0.000000000000000000e+00,-0.000000000000000000e+00,-1.429874968234611243e-01,-0.000000000000000000e+00,-0.000000000000000000e+00,-0.000000000000000000e+00,-0.000000000000000000e+00,0.000000000000000000e+00,0.000000000000000000e+00,-0.000000000000000000e+00,-7.966171992123231849e-02,-9.139311612020521725e-02
0.000000000000000000e+00,0.000000000000000000e+00,-0.000000000000000000e+00,0.000000000000000000e+00,0.000000000000000000e+00,1.224698944796525302e+00,-0.000000000000000000e+00,-0.000000000000000000e+00,0.000000000000000000e+00,0.000000000000000000e+00,-0.000000000000000000e+00,0.000000000000000000e+00,-1.290100739128916540e-01,0.000000000000000000e+00,0.000000000000000000e+00,0.000000000000000000e+00,-0.000000000000000000e+00,0.000000000000000000e+00,0.000000000000000000e+00,-0.000000000000000000e+00,-0.000000000000000000e+00,-0.000000000000000000e+00,-0.000000000000000000e+00,-8.155908479840248693e-02,0.000000000000000000e+00,0.000000000000000000e+00,0.000000000000000000e+00,0.000000000000000000e+00,-0.000000000000000000e+00,0.000000000000000000e+00,-0.000000000000000000e+00,-4.197516107987581124e-01,0.000000000000000000e+00,0.000000000000000000e+00,-0.000000000000000000e+00,0.000000000000000000e+00,-5.104026620752272203e-02,1.285153669364773599e-01,2.188030013732069484e-02
-0.000000000000000000e+00,-0.000000000000000000e+00,-1.005266801528246906e-01,-1.222023964344907260e-01,0.000000000000000000e+00,-0.000000000000000000e+00,1.564455097905851355e+00,0.000000000000000000e+00,-0.000000000000000000e+00,0.000000000000000000e+00,4.089142733176274330e-02,-0.000000000000000000e+00,-0.000000000000000000e+00,0.000000000000000000e+00,-0.000000000000000000e+00,-0.000000000000000000e+00,0.000000000000000000e+00,0.000000000000000000e+00,-6.513119364895531005e-02,-1.705786198892168815e-01,-3.423599339047022488e-02,-7.155816307380135077e-01,0.000000000000000000e+00,0.000000000000000000e+00,0.000000000000000000e+00,5.550543775065345034e-03,0.000000000000000000e+00,0.000000000000000000e+00,2.853819271585120165e-02,-0.000000000000000000e+00,-0.000000000000000000e+00,-1.136027320713035582e-01,0.000000000000000000e+00,-0.000000000000000000e+00,-0.000000000000000000e+00,-1.304788283208185851e-02,0.000000000000000000e+00,0.000000000000000000e+00,-0.000000000000000000e+00
1.672319626303067075e-01,0.000000000000000000e+00,1.208873631028476447e+00,0.000000000000000000e+00,4.315653326422305702e-01,-0.000000000000000000e+00,0.000000000000000000e+00,2.844424970199042058e+00,1.996866656335259949e-01,0.000000000000000000e+00,0.000000000000000000e+00,0.000000000000000000e+00,-0.000000000000000000e+00,2.976243099972351591e-01,0.000000000000000000e+00,0.000000000000000000e+00,1.582345165748591798e-01,0.000000000000000000e+00,1.044615821211143103e-01,0.000000000000000000e+00,0.000000000000000000e+00,-0.000000000000000000e+00,0.000000000000000000e+00,0.000000000000000000e+00,0.000000000000000000e+00,0.000000000000000000e+00,0.000000000000000000e+00,0.000000000000000000e+00,1.103571391700115256e-01,2.063377630014769648e-01,9.326147880991307593e-02,0.000000000000000000e+00,0.000000000000000000e+00,0.000000000000000000e+00,0.000000000000000000e+00,0.000000000000000000e+00,0.000000000000000000e+00,0.000000000000000000e+00,0.000000000000000000e+00
-2.520669213060273695e-01,-5.709299572700366615e-02,-0.000000000000000000e+00,-0.000000000000000000e+00,-1.898506712832793986e-01,0.000000000000000000e+00,-0.000000000000000000e+00,1.996866656335259949e-01,1.735723958676651524e+00,0.000000000000000000e+00,-0.000000000000000000e+00,0.000000000000000000e+00,4.123196768441763638e-01,-0.000000000000000000e+00,0.000000000000000000e+00,0.000000000000000000e+00,-1.403623043821316529e-01,-0.000000000000000000e+00,-2.851059053550535349e-01,-0.000000000000000000e+00,0.000000000000000000e+00,0.000000000000000000e+00,0.000000000000000000e+00,0.000000000000000000e+00,0.000000000000000000e+00,-6.259560607658265496e-02,-0.000000000000000000e+00,-0.000000000000000000e+00,0.000000000000000000e+00,-0.000000000000000000e+00,-0.000000000000000000e+00,0.000000000000000000e+00,0.000000000000000000e+00,0.000000000000000000e+00,1.286793303794658283e-01,0.000000000000000000e+00,0.000000000000000000e+00,-2.215960045412812829e-01,-0.000000000000000000e+00
-0.000000000000000000e+00,-2.368517406784226842e-01,-0.000000000000000000e+00,0.000000000000000000e+00,-0.000000000000000000e+00,0.000000000000000000e+00,0.000000000000000000e+00,0.000000000000000000e+00,0.000000000000000000e+00,2.043643422964726231e+00,-0.000000000000000000e+00,-0.000000000000000000e+00,-0.000000000000000000e+00,-0.000000000000000000e+00,-0.000000000000000000e+00,-4.233585908936841058e-01,-0.000000000000000000e+00,-0.000000000000000000e+00,-0.000000000000000000e+00,0.000000000000000000e+00,-0.000000000000000000e+00,0.000000000000000000e+00,-1.595435433511946943e-01,-1.822491485882961060e-01,-2.619118850770398854e-01,-0.000000000000000000e+00,-0.000000000000000000e+00,-1.234840898976572870e-01,-7.895257596966433200e-02,-2.287960928428279528e-01,-1.786911361978509860e-01,0.000000000000000000e+00,-2.687198701596252293e-01,-0.000000000000000000e+00,-3.952198941054547304e-03,-7.748360621135619297e-02,-1.258444093620466990e-02,-0.000000000000000000e+00,-0.000000000000000000e+00
-0.000000000000000000e+00,-0.000000000000000000e+00,-0.000000000000000000e+00,0.000000000000000000e+00,-0.000000000000000000e+00,-0.000000000000000000e+00,4.089142733176274330e-02,0.000000000000000000e+00,-0.000000000000000000e+00,-0.000000000000000000e+00,1.558990676617251214e+00,0.000000000000000000e+00,0.000000000000000000e+00,-1.273123741406022649e-03,-0.000000000000000000e+00,0.000000000000000000e+00,-1.240275766939328284e-01,0.000000000000000000e+00,0.000000000000000000e+00,-0.000000000000000000e+00,0.000000000000000000e+00,6.817759136069241610e-02,-0.000000000000000000e+00,-0.000000000000000000e+00,-1.998044700085050973e-01,-2.347597495000023071e-01,-1.185929409197393897e-01,-1.653998251240019687e-02,-4.496743104893400900e-01,-0.000000000000000000e+00,-0.000000000000000000e+00,-0.000000000000000000e+00,-0.000000000000000000e+00,-6.165091984879748216e-02,-0.000000000000000000e+00,0.000000000000000000e+00,-1.495704478553114558e-01,0.000000000000000000e+00,0.000000000000000000e+00
0.000000000000000000e+00,0.000000000000000000e+00,-0.000000000000000000e+00,-0.000000000000000000e+00,-0.000000000000000000e+00,0.000000000000000000e+00,-0.000000000000000000e+00,0.000000000000000000e+00,0.000000000000000000e+00,-0.000000000000000000e+00,0.000000000000000000e+00,1.854557475921984722e+00,-8.588236335724477866e-02,-0.000000000000000000e+00,-7.277714065558473777e-01,-1.978748873952314857e-01,0.000000000000000000e+00,-0.000000000000000000e+00,-0.000000000000000000e+00,-0.000000000000000000e+00,-5.071970705068623575e-02,-4.538409033654522973e-01,-0.000000000000000000e+00,0.000000000000000000e+00,-0.000000000000000000e+00,0.000000000000000000e+00,-6.785666755954705698e-02,-0.000000000000000000e+00,0.000000000000000000e+00,-0.000000000000000000e+00,-0.000000000000000000e+00,-0.000000000000000000e+00,-2.092508794877663836e-01,-0.000000000000000000e+00,-0.000000000000000000e+00,0.000000000000000000e+00,0.000000000000000000e+00,-0.000000000000000000e+00,-1.366237045990746912e-01
0.000000000000000000e+00,-0.000000000000000000e+00,0.000000000000000000e+00,0.000000000000000000e+00,3.197079319356236488e-02,-1.290100739128916540e-01,-0.000000000000000000e+00,-0.000000000000000000e+00,4.123196768441763638e-01,-0.000000000000000000e+00,0.000000000000000000e+00,-8.588236335724477866e-02,1.640343196837954487e+00,0.000000000000000000e+00,-3.262980305164176614e-02,-0.000000000000000000e+00,0.000000000000000000e+00,0.000000000000000000e+00,0.000000000000000000e+00,-0.000000000000000000e+00,-2.748014536919782605e-02,-5.320399139717706394e-01,-0.000000000000000000e+00,-0.000000000000000000e+00,0.000000000000000000e+00,0.000000000000000000e+00,-0.000000000000000000e+00,-0.000000000000000000e+00,0.000000000000000000e+00,0.000000000000000000e+00,-0.000000000000000000e+00,-1.332237116418090728e-01,-0.000000000000000000e+00,-0.000000000000000000e+00,-4.193908618999624416e-01,-0.000000000000000000e+00,-0.000000000000000000e+00,4.937782854036856794e-02,0.000000000000000000e+00
-0.000000000000000000e+00,-0.000000000000000000e+00,-2.350636042650892932e-01,0.000000000000000000e+00,-9.018816670461810014e-01,0.000000000000000000e+00,0.000000000000000000e+00,2.976243099972351591e-01,-0.000000000000000000e+00,-0.000000000000000000e+00,-1.273123741406022649e-03,-0.000000000000000000e+00,0.000000000000000000e+00,2.556716346493256520e+00,-0.000000000000000000e+00,-0.000000000000000000e+00,-5.536370328037051175e-02,-1.052296305170174508e-02,-5.597937333641297974e-02,0.000000000000000000e+00,-0.000000000000000000e+00,0.000000000000000000e+00,-1.520165431440706483e-01,-0.000000000000000000e+00,-3.781302038602664117e-01,-0.000000000000000000e+00,-0.000000000000000000e+00,-1.373017901076661884e-01,-0.000000000000000000e+00,-1.899932168115136544e-01,-0.000000000000000000e+00,-0.000000000000000000e+00,-1.672035638459727358e-01,-0.000000000000000000e+00,-0.000000000000000000e+00,-0.000000000000000000e+00,-0.000000000000000000e+00,-6.260781740349700975e-02,-4.636960713462421821e-03
3.141127324436240875e-02,0.000000000000000000e+00,-0.000000000000000000e+00,0.000000000000000000e+00,-0.000000000000000000e+00,0.000000000000000000e+00,-0.000000000000000000e+00,0.000000000000000000e+00,0.000000000000000000e+00,-0.000000000000000000e+00,-0.000000000000000000e+00,-7.277714065558473777e-01,-3.262980305164176614e-02,-0.000000000000000000e+00,1.477540334951436440e+00,-2.920759387875477772e-02,0.000000000000000000e+00,-0.000000000000000000e+00,-0.000000000000000000e+00,-0.000000000000000000e+00,-0.000000000000000000e+00,-1.110066279890070118e-01,-5.883669684930994959e-02,-0.000000000000000000e+00,-0.000000000000000000e+00,-0.000000000000000000e+00,-0.000000000000000000e+00,-0.000000000000000000e+00,-0.000000000000000000e+00,0.000000000000000000e+00,-0.000000000000000000e+00,-1.925130458360718722e-02,-3.799329297965316904e-02,-0.000000000000000000e+00,-0.000000000000000000e+00,0.000000000000000000e+00,-0.000000000000000000e+00,-0.000000000000000000e+00,-0.000000000000000000e+00
-0.000000000000000000e+00,-0.000000000000000000e+00,-0.000000000000000000e+00,-0.000000000000000000e+00,-0.000000000000000000e+00,0.000000000000000000e+00,-0.000000000000000000e+00,0.000000000000000000e+00,0.000000000000000000e+00,-4.233585908936841058e-01,0.000000000000000000e+00,-1.978748873952314857e-01,-0.000000000000000000e+00,-0.000000000000000000e+00,-2.920759387875477772e-02,1.891396568117873489e+00,-0.000000000000000000e+00,-1.950440633144396863e-01,-0.000000000000000000e+00,0.000000000000000000e+00,-1.822332512884117586e-02,-0.000000000000000000e+00,-4.791332044947762547e-01,-0.000000000000000000e+00,-0.000000000000000000e+00,-0.000000000000000000e+00,0.000000000000000000e+00,-0.000000000000000000e+00,-0.000000000000000000e+00,-2.631428783606707400e-01,-1.667174398788465531e-02,0.000000000000000000e+00,-0.000000000000000000e+00,-0.000000000000000000e+00,-0.000000000000000000e+00,-1.975738316722912627e-02,-0.000000000000000000e+00,-2.139818814211272013e-01,-0.000000000000000000e+00
-0.000000000000000000e+00,-4.199221603791490620e-02,-3.880613880122329995e-02,2.151217538131041662e-01,-7.725236238630596441e-02,-0.000000000000000000e+00,0.000000000000000000e+00,1.582345165748591798e-01,-1.403623043821316529e-01,-0.000000000000000000e+00,-1.240275766939328284e-01,0.000000000000000000e+00,0.000000000000000000e+00,-5.536370328037051175e-02,0.000000000000000000e+00,-0.000000000000000000e+00,1.280606275776794423e+00,-0.000000000000000000e+00,-0.000000000000000000e+00,0.000000000000000000e+00,0.000000000000000000e+00,0.000000000000000000e+00,-8.422004906486404985e-02,-0.000000000000000000e+00,-0.000000000000000000e+00,-1.193460408839203679e-01,-0.000000000000000000e+00,-0.000000000000000000e+00,-3.127689508142496300e-02,-0.000000000000000000e+00,-6.879531010396407187e-03,-0.000000000000000000e+00,-0.000000000000000000e+00,-0.000000000000000000e+00,-0.000000000000000000e+00,-0.000000000000000000e+00,-0.000000000000000000e+00,-0.000000000000000000e+00,0.000000000000000000e+00
0.000000000000000000e+00,0.000000000000000000e+00,-0.000000000000000000e+00,-0.000000000000000000e+00,-1.910742542412735279e-01,0.000000000000000000e+00,0.000000000000000000e+00,0.000000000000000000e+00,-0.000000000000000000e+00,-0.000000000000000000e+00,0.000000000000000000e+00,-0.000000000000000000e+00,0.000000000000000000e+00,-1.052296305170174508e-02,-0.000000000000000000e+00,-1.950440633144396863e-01,-0.000000000000000000e+00,2.693586728857559898e+00,-4.635711374671067087e-01,-0.000000000000000000e+00,-0.000000000000000000e+00,0.000000000000000000e+00,-0.000000000000000000e+00,-0.000000000000000000e+00,-0.000000000000000000e+00,-0.000000000000000000e+00,-0.000000000000000000e+00,-0.000000000000000000e+00,0.000000000000000000e+00,-3.296915253830209891e-01,-0.000000000000000000e+00,0.000000000000000000e+00,-0.000000000000000000e+00,1.650158890210839391e-01,3.185349527816472900e-03,0.000000000000000000e+00,-0.000000000000000000e+00,-1.149300672413606117e+00,-4.273383266808094549e-01
-0.000000000000000000e+00,-0.000000000000000000e+00,-2.138977071797339424e-01,-2.993702939858557399e-01,-2.686065946987182262e-01,0.000000000000000000e+00,-6.513119364895531005e-02,1.044615821211143103e-01,-2.851059053550535349e-01,-0.000000000000000000e+00,0.000000000000000000e+00,-0.000000000000000000e+00,0.000000000000000000e+00,-5.597937333641297974e-02,-0.000000000000000000e+00,-0.000000000000000000e+00,-0.000000000000000000e+00,-4.635711374671067087e-01,2.051266143175100254e+00,-0.000000000000000000e+00,-0.000000000000000000e+00,-0.000000000000000000e+00,-0.000000000000000000e+00,-0.000000000000000000e+00,-0.000000000000000000e+00,0.000000000000000000e+00,-0.000000000000000000e+00,-0.000000000000000000e+00,0.000000000000000000e+00,-1.001699036598924092e-01,-1.372749465384085210e-01,0.000000000000000000e+00,-0.000000000000000000e+00,0.000000000000000000e+00,0.000000000000000000e+00,-0.000000000000000000e+00,0.000000000000000000e+00,-0.000000000000000000e+00,-2.183776454012923418e-01
-0.000000000000000000e+00,0.000000000000000000e+00,-1.218254234294599142e-01,-4.820560939668577238e-01,0.000000000000000000e+00,-0.000000000000000000e+00,-1.705786198892168815e-01,0.000000000000000000e+00,-0.000000000000000000e+00,0.000000000000000000e+00,-0.000000000000000000e+00,-0.000000000000000000e+00,-0.000000000000000000e+00,0.000000000000000000e+00,-0.000000000000000000e+00,0.000000000000000000e+00,0.000000000000000000e+00,-0.000000000000000000e+00,-0.000000000000000000e+00,1.535931749742081687e+00,-1.507045327710931915e-01,-3.154848797901917412e-01,0.000000000000000000e+00,-0.000000000000000000e+00,-0.000000000000000000e+00,-0.000000000000000000e+00,-0.000000000000000000e+00,-1.085218830278575630e-01,0.000000000000000000e+00,0.000000000000000000e+00,0.000000000000000000e+00,-0.000000000000000000e+00,0.000000000000000000e+00,0.000000000000000000e+00,-0.000000000000000000e+00,-0.000000000000000000e+00,-0.000000000000000000e+00,-0.000000000000000000e+00,0.000000000000000000e+00
-0.000000000000000000e+00,0.000000000000000000e+00,-2.888852260953930218e-01,-1.307519026576005050e-01,-0.000000000000000000e+00,-0.000000000000000000e+00,-3.423599339047022488e-02,0.000000000000000000e+00,0.000000000000000000e+00,-0.000000000000000000e+00,0.000000000000000000e+00,-5.071970705068623575e-02,-2.748014536919782605e-02,-0.000000000000000000e+00,-0.000000000000000000e+00,-1.822332512884117586e-02,0.000000000000000000e+00,-0.000000000000000000e+00,-0.000000000000000000e+00,-1.507045327710931915e-01,1.832828684071405645e+00,-4.925816085817167900e-01,-0.000000000000000000e+00,-0.000000000000000000e+00,-0.000000000000000000e+00,-0.000000000000000000e+00,-0.000000000000000000e+00,-0.000000000000000000e+00,-0.000000000000000000e+00,-0.000000000000000000e+00,-2.859549475374796867e-01,-0.000000000000000000e+00,-3.445700184142635458e-01,-0.000000000000000000e+00,-1.166234086086742061e-01,-0.000000000000000000e+00,-0.000000000000000000e+00,-0.000000000000000000e+00,0.000000000000000000e+00
0.000000000000000000e+00,0.000000000000000000e+00,-0.000000000000000000e+00,-4.778407176499609339e-03,0.000000000000000000e+00,-0.000000000000000000e+00,-7.155816307380135077e-01,-0.000000000000000000e+00,0.000000000000000000e+00,0.000000000000000000e+00,6.817759136069241610e-02,-4.538409033654522973e-01,-5.320399139717706394e-01,0.000000000000000000e+00,-1.110066279890070118e-01,-0.000000000000000000e+00,0.000000000000000000e+00,0.000000000000000000e+00,-0.000000000000000000e+00,-3.154848797901917412e-01,-4.925816085817167900e-01,2.287000562515808966e+00,-0.000000000000000000e+00,0.000000000000000000e+00,0.000000000000000000e+00,0.000000000000000000e+00,-0.000000000000000000e+00,0.000000000000000000e+00,0.000000000000000000e+00,0.000000000000000000e+00,-0.000000000000000000e+00,-3.204554905742986771e-03,-0.000000000000000000e+00,-0.000000000000000000e+00,-0.000000000000000000e+00,-0.000000000000000000e+00,0.000000000000000000e+00,0.000000000000000000e+00,-0.000000000000000000e+00
0.000000000000000000e+00,-0.000000000000000000e+00,-0.000000000000000000e+00,0.000000000000000000e+00,-0.000000000000000000e+00,-0.000000000000000000e+00,0.000000000000000000e+00,0.000000000000000000e+00,0.000000000000000000e+00,-1.595435433511946943e-01,-0.000000000000000000e+00,-0.000000000000000000e+00,-0.000000000000000000e+00,-1.520165431440706483e-01,-5.883669684930994959e-02,-4.791332044947762547e-01,-8.422004906486404985e-02,-0.000000000000000000e+00,-0.000000000000000000e+00,0.000000000000000000e+00,-0.000000000000000000e+00,-0.000000000000000000e+00,1.774565868746853736e+00,-2.422017325845478297e-01,-3.459693377821290161e-01,-0.000000000000000000e+00,-0.000000000000000000e+00,-0.000000000000000000e+00,-0.000000000000000000e+00,-0.000000000000000000e+00,-3.580599323977901038e-02,-0.000000000000000000e+00,-1.468709168257204267e-01,-0.000000000000000000e+00,-0.000000000000000000e+00,0.000000000000000000e+00,-0.000000000000000000e+00,-0.000000000000000000e+00,-3.479903919114474276e-02
-0.000000000000000000e+00,-0.000000000000000000e+00,-0.000000000000000000e+00,0.000000000000000000e+00,-0.000000000000000000e+00,-8.155908479840248693e-02,0.000000000000000000e+00,0.000000000000000000e+00,0.000000000000000000e+00,-1.822491485882961060e-01,-0.000000000000000000e+00,0.000000000000000000e+00,-0.000000000000000000e+00,-0.000000000000000000e+00,-0.000000000000000000e+00,-0.000000000000000000e+00,-0.000000000000000000e+00,-0.000000000000000000e+00,-0.000000000000000000e+00,-0.000000000000000000e+00,-0.000000000000000000e+00,0.000000000000000000e+00,-2.422017325845478297e-01,1.298092965216288697e+00,-3.941844397026588592e-02,-0.000000000000000000e+00,-0.000000000000000000e+00,-0.000000000000000000e+00,-0.000000000000000000e+00,-0.000000000000000000e+00,-0.000000000000000000e+00,-5.647244126242560031e-02,-0.000000000000000000e+00,0.000000000000000000e+00,-0.000000000000000000e+00,0.000000000000000000e+00,-3.479909938676781223e-01,-0.000000000000000000e+00,-0.000000000000000000e+00
-0.000000000000000000e+00,-0.000000000000000000e+00,-0.000000000000000000e+00,-0.000000000000000000e+00,-0.000000000000000000e+00,0.000000000000000000e+00,0.000000000000000000e+00,0.000000000000000000e+00,0.000000000000000000e+00,-2.619118850770398854e-01,-1.998044700085050973e-01,-0.000000000000000000e+00,0.000000000000000000e+00,-3.781302038602664117e-01,-0.000000000000000000e+00,-0.000000000000000000e+00,-0.000000000000000000e+00,-0.000000000000000000e+00,-0.000000000000000000e+00,-0.000000000000000000e+00,-0.000000000000000000e+00,0.000000000000000000e+00,-3.459693377821290161e-01,-3.941844397026588592e-02,2.113491184698361280e+00,-5.032182387616071506e-02,-2.317794412093109324e-01,-2.912282680141615732e-01,-1.993932677416822563e-01,-0.000000000000000000e+00,-0.000000000000000000e+00,0.000000000000000000e+00,-8.365572057600176303e-02,-0.000000000000000000e+00,-0.000000000000000000e+00,0.000000000000000000e+00,-4.914466536034832120e-03,-1.891409787010259191e-01,-0.000000000000000000e+00
-2.242785727730499945e-01,-0.000000000000000000e+00,-0.000000000000000000e+00,0.000000000000000000e+00,-0.000000000000000000e+00,0.000000000000000000e+00,5.550543775065345034e-03,0.000000000000000000e+00,-6.259560607658265496e-02,-0.000000000000000000e+00,-2.347597495000023071e-01,0.000000000000000000e+00,0.000000000000000000e+00,-0.000000000000000000e+00,-0.000000000000000000e+00,-0.000000000000000000e+00,-1.193460408839203679e-01,-0.000000000000000000e+00,0.000000000000000000e+00,-0.000000000000000000e+00,-0.000000000000000000e+00,0.000000000000000000e+00,-0.000000000000000000e+00,-0.000000000000000000e+00,-5.032182387616071506e-02,1.857994615815672379e+00,-0.000000000000000000e+00,-5.399859578890193745e-01,-3.972721242982249490e-01,-0.000000000000000000e+00,-0.000000000000000000e+00,0.000000000000000000e+00,-0.000000000000000000e+00,-0.000000000000000000e+00,-0.000000000000000000e+00,0.000000000000000000e+00,-0.000000000000000000e+00,-1.186335997607416010e-01,0.000000000000000000e+00
-0.000000000000000000e+00,-0.000000000000000000e+00,-0.000000000000000000e+00,0.000000000000000000e+00,-2.964861432761225490e-01,0.000000000000000000e+00,0.000000000000000000e+00,0.000000000000000000e+00,-0.000000000000000000e+00,-0.000000000000000000e+00,-1.185929409197393897e-01,-6.785666755954705698e-02,-0.000000000000000000e+00,-0.000000000000000000e+00,-0.000000000000000000e+00,0.000000000000000000e+00,-0.000000000000000000e+00,-0.000000000000000000e+00,-0.000000000000000000e+00,-0.000000000000000000e+00,-0.000000000000000000e+00,-0.000000000000000000e+00,-0.000000000000000000e+00,-0.000000000000000000e+00,-2.317794412093109324e-01,-0.000000000000000000e+00,1.489547055535948683e+00,-2.681174788340559001e-01,-0.000000000000000000e+00,-0.000000000000000000e+00,-0.000000000000000000e+00,-2.065417642534602138e-01,-0.000000000000000000e+00,-0.000000000000000000e+00,-0.000000000000000000e+00,0.000000000000000000e+00,-0.000000000000000000e+00,-0.000000000000000000e+00,-1.797592750526261218e-01
-0.000000000000000000e+00,-0.000000000000000000e+00,-0.000000000000000000e+00,-0.000000000000000000e+00,-0.000000000000000000e+00,0.000000000000000000e+00,0.000000000000000000e+00,0.000000000000000000e+00,-0.000000000000000000e+00,-1.234840898976572870e-01,-1.653998251240019687e-02,-0.000000000000000000e+00,-0.000000000000000000e+00,-1.373017901076661884e-01,-0.000000000000000000e+00,-0.000000000000000000e+00,-0.000000000000000000e+00,-0.000000000000000000e+00,-0.000000000000000000e+00,-1.085218830278575630e-01,-0.000000000000000000e+00,0.000000000000000000e+00,-0.000000000000000000e+00,-0.000000000000000000e+00,-2.912282680141615732e-01,-5.399859578890193745e-01,-2.681174788340559001e-01,1.952129289147089386e+00,-2.888509773062717390e-01,-0.000000000000000000e+00,-0.000000000000000000e+00,0.000000000000000000e+00,-8.147769161683517114e-02,-0.000000000000000000e+00,-0.000000000000000000e+00,-0.000000000000000000e+00,-1.264637822656515531e-02,-1.101979149666406504e-01,0.000000000000000000e+00
-5.842593378151956784e-01,-2.444429100882487826e-02,-0.000000000000000000e+00,0.000000000000000000e+00,-0.000000000000000000e+00,-0.000000000000000000e+00,2.853819271585120165e-02,1.103571391700115256e-01,0.000000000000000000e+00,-7.895257596966433200e-02,-4.496743104893400900e-01,0.000000000000000000e+00,0.000000000000000000e+00,-0.000000000000000000e+00,-0.000000000000000000e+00,-0.000000000000000000e+00,-3.127689508142496300e-02,0.000000000000000000e+00,0.000000000000000000e+00,0.000000000000000000e+00,-0.000000000000000000e+00,0.000000000000000000e+00,-0.000000000000000000e+00,-0.000000000000000000e+00,-1.993932677416822563e-01,-3.972721242982249490e-01,-0.000000000000000000e+00,-2.888509773062717390e-01,2.372688388978553053e+00,-0.000000000000000000e+00,-0.000000000000000000e+00,0.000000000000000000e+00,-0.000000000000000000e+00,-2.106270489243508293e-01,-1.819653467087413157e-01,-0.000000000000000000e+00,-2.647135175299930032e-01,-0.000000000000000000e+00,1.957442282928620048e-01
-2.959668363433647920e-01,-0.000000000000000000e+00,-1.121848974022940232e-01,-0.000000000000000000e+00,-1.429874968234611243e-01,0.000000000000000000e+00,-0.000000000000000000e+00,2.063377630014769648e-01,-0.000000000000000000e+00,-2.287960928428279528e-01,-0.000000000000000000e+00,-0.000000000000000000e+00,0.000000000000000000e+00,-1.899932168115136544e-01,0.000000000000000000e+00,-2.631428783606707400e-01,-0.000000000000000000e+00,-3.296915253830209891e-01,-1.001699036598924092e-01,0.000000000000000000e+00,-0.000000000000000000e+00,0.000000000000000000e+00,-0.000000000000000000e+00,-0.000000000000000000e+00,-0.000000000000000000e+00,-0.000000000000000000e+00,-0.000000000000000000e+00,-0.000000000000000000e+00,-0.000000000000000000e+00,2.223379552701035156e+00,-3.925604137913995539e-01,0.000000000000000000e+00,-0.000000000000000000e+00,-0.000000000000000000e+00,0.000000000000000000e+00,-1.132992850372776111e-01,-0.000000000000000000e+00,-4.119106412965508994e-03,-0.000000000000000000e+00
-1.445406826409503321e-03,-2.120657388374372343e-01,-1.857550222278181173e-01,-0.000000000000000000e+00,-0.000000000000000000e+00,-0.000000000000000000e+00,-0.000000000000000000e+00,9.326147880991307593e-02,-0.000000000000000000e+00,-1.786911361978509860e-01,-0.000000000000000000e+00,-0.000000000000000000e+00,-0.000000000000000000e+00,-0.000000000000000000e+00,-0.000000000000000000e+00,-1.667174398788465531e-02,-6.879531010396407187e-03,-0.000000000000000000e+00,-1.372749465384085210e-01,0.000000000000000000e+00,-2.859549475374796867e-01,-0.000000000000000000e+00,-3.580599323977901038e-02,-0.000000000000000000e+00,-0.000000000000000000e+00,-0.000000000000000000e+00,-0.000000000000000000e+00,-0.000000000000000000e+00,-0.000000000000000000e+00,-3.925604137913995539e-01,1.761704273959204814e+00,-0.000000000000000000e+00,-8.586419221494610843e-02,-0.000000000000000000e+00,-0.000000000000000000e+00,-0.000000000000000000e+00,-1.960203460152756122e-02,-0.000000000000000000e+00,-0.000000000000000000e+00
0.000000000000000000e+00,-0.000000000000000000e+00,-0.000000000000000000e+00,2.001673314288766881e-01,-0.000000000000000000e+00,-4.197516107987581124e-01,-1.136027320713035582e-01,0.000000000000000000e+00,0.000000000000000000e+00,0.000000000000000000e+00,-0.000000000000000000e+00,-0.000000000000000000e+00,-1.332237116418090728e-01,-0.000000000000000000e+00,-1.925130458360718722e-02,0.000000000000000000e+00,-0.000000000000000000e+00,0.000000000000000000e+00,0.000000000000000000e+00,-0.000000000000000000e+00,-0.000000000000000000e+00,-3.204554905742986771e-03,-0.000000000000000000e+00,-5.647244126242560031e-02,0.000000000000000000e+00,0.000000000000000000e+00,-2.065417642534602138e-01,0.000000000000000000e+00,0.000000000000000000e+00,0.000000000000000000e+00,-0.000000000000000000e+00,1.294897803369049027e+00,-0.000000000000000000e+00,-0.000000000000000000e+00,-5.254309547599725350e-02,0.000000000000000000e+00,-2.613429379000940800e-02,1.800754567513614124e-02,-0.000000000000000000e+00
-0.000000000000000000e+00,-0.000000000000000000e+00,-0.000000000000000000e+00,0.000000000000000000e+00,-0.000000000000000000e+00,0.000000000000000000e+00,0.000000000000000000e+00,0.000000000000000000e+00,0.000000000000000000e+00,-2.687198701596252293e-01,-0.000000000000000000e+00,-2.092508794877663836e-01,-0.000000000000000000e+00,-1.672035638459727358e-01,-3.799329297965316904e-02,-0.000000000000000000e+00,-0.000000000000000000e+00,-0.000000000000000000e+00,-0.000000000000000000e+00,0.000000000000000000e+00,-3.445700184142635458e-01,-0.000000000000000000e+00,-1.468709168257204267e-01,-0.000000000000000000e+00,-8.365572057600176303e-02,-0.000000000000000000e+00,-0.000000000000000000e+00,-8.147769161683517114e-02,-0.000000000000000000e+00,-0.000000000000000000e+00,-8.586419221494610843e-02,-0.000000000000000000e+00,1.915998323024431960e+00,-5.131448633292453598e-01,-2.154397685325020462e-01,-0.000000000000000000e+00,-0.000000000000000000e+00,-0.000000000000000000e+00,-0.000000000000000000e+00
-0.000000000000000000e+00,-4.085673889410711829e-02,-0.000000000000000000e+00,7.666003472240166816e-02,-0.000000000000000000e+00,0.000000000000000000e+00,-0.000000000000000000e+00,0.000000000000000000e+00,0.000000000000000000e+00,-0.000000000000000000e+00,-6.165091984879748216e-02,-0.000000000000000000e+00,-0.000000000000000000e+00,-0.000000000000000000e+00,-0.000000000000000000e+00,-0.000000000000000000e+00,-0.000000000000000000e+00,1.650158890210839391e-01,0.000000000000000000e+00,0.000000000000000000e+00,-0.000000000000000000e+00,-0.000000000000000000e+00,-0.000000000000000000e+00,0.000000000000000000e+00,-0.000000000000000000e+00,-0.000000000000000000e+00,-0.000000000000000000e+00,-0.000000000000000000e+00,-2.106270489243508293e-01,-0.000000000000000000e+00,-0.000000000000000000e+00,-0.000000000000000000e+00,-5.131448633292453598e-01,1.506271416690558640e+00,-3.680349048614979246e-01,-0.000000000000000000e+00,-0.000000000000000000e+00,0.000000000000000000e+00,0.000000000000000000e+00
-0.000000000000000000e+00,-2.743483286175145072e-02,-0.000000000000000000e+00,0.000000000000000000e+00,0.000000000000000000e+00,-0.000000000000000000e+00,-0.000000000000000000e+00,0.000000000000000000e+00,1.286793303794658283e-01,-3.952198941054547304e-03,-0.000000000000000000e+00,-0.000000000000000000e+00,-4.193908618999624416e-01,-0.000000000000000000e+00,-0.000000000000000000e+00,-0.000000000000000000e+00,-0.000000000000000000e+00,3.185349527816472900e-03,0.000000000000000000e+00,-0.000000000000000000e+00,-1.166234086086742061e-01,-0.000000000000000000e+00,-0.000000000000000000e+00,-0.000000000000000000e+00,-0.000000000000000000e+00,-0.000000000000000000e+00,-0.000000000000000000e+00,-0.000000000000000000e+00,-1.819653467087413157e-01,0.000000000000000000e+00,-0.000000000000000000e+00,-5.254309547599725350e-02,-2.154397685325020462e-01,-3.680349048614979246e-01,1.843174383097994307e+00,-7.017025559624785747e-02,-4.974610722311415545e-01,2.052349750781776727e-01,1.996672188852847141e-01
-0.000000000000000000e+00,-6.300017721909358104e-02,-0.000000000000000000e+00,-0.000000000000000000e+00,0.000000000000000000e+00,0.000000000000000000e+00,-1.304788283208185851e-02,0.000000000000000000e+00,0.000000000000000000e+00,-7.748360621135619297e-02,0.000000000000000000e+00,0.000000000000000000e+00,-0.000000000000000000e+00,-0.000000000000000000e+00,0.000000000000000000e+00,-1.975738316722912627e-02,-0.000000000000000000e+00,0.000000000000000000e+00,-0.000000000000000000e+00,-0.000000000000000000e+00,-0.000000000000000000e+00,-0.000000000000000000e+00,0.000000000000000000e+00,0.000000000000000000e+00,0.000000000000000000e+00,0.000000000000000000e+00,0.000000000000000000e+00,-0.000000000000000000e+00,-0.000000000000000000e+00,-1.132992850372776111e-01,-0.000000000000000000e+00,0.000000000000000000e+00,-0.000000000000000000e+00,-0.000000000000000000e+00,-7.017025559624785747e-02,1.055916336225330321e+00,-0.000000000000000000e+00,0.000000000000000000e+00,0.000000000000000000e+00
-0.000000000000000000e+00,-0.000000000000000000e+00,-0.000000000000000000e+00,0.000000000000000000e+00,-0.000000000000000000e+00,-5.104026620752272203e-02,0.000000000000000000e+00,0.000000000000000000e+00,0.000000000000000000e+00,-1.258444093620466990e-02,-1.495704478553114558e-01,0.000000000000000000e+00,-0.000000000000000000e+00,-0.000000000000000000e+00,-0.000000000000000000e+00,-0.000000000000000000e+00,-0.000000000000000000e+00,-0.000000000000000000e+00,0.000000000000000000e+00,-0.000000000000000000e+00,-0.000000000000000000e+00,0.000000000000000000e+00,-0.000000000000000000e+00,-3.479909938676781223e-01,-4.914466536034832120e-03,-0.000000000000000000e+00,-0.000000000000000000e+00,-1.264637822656515531e-02,-2.647135175299930032e-01,-0.000000000000000000e+00,-1.960203460152756122e-02,-2.613429379000940800e-02,-0.000000000000000000e+00,-0.000000000000000000e+00,-4.974610722311415545e-01,-0.000000000000000000e+00,1.533220828195928975e+00,0.000000000000000000e+00,0.000000000000000000e+00
-0.000000000000000000e+00,-0.000000000000000000e+00,-0.000000000000000000e+00,-0.000000000000000000e+00,-7.966171992123231849e-02,1.285153669364773599e-01,0.000000000000000000e+00,0.000000000000000000e+00,-2.215960045412812829e-01,-0.000000000000000000e+00,0.000000000000000000e+00,-0.000000000000000000e+00,4.937782854036856794e-02,-6.260781740349700975e-02,-0.000000000000000000e+00,-2.139818814211272013e-01,-0.000000000000000000e+00,-1.149300672413606117e+00,-0.000000000000000000e+00,-0.000000000000000000e+00,-0.000000000000000000e+00,0.000000000000000000e+00,-0.000000000000000000e+00,-0.000000000000000000e+00,-1.891409787010259191e-01,-1.186335997607416010e-01,-0.000000000000000000e+00,-1.101979149666406504e-01,-0.000000000000000000e+00,-4.119106412965508994e-03,-0.000000000000000000e+00,1.800754567513614124e-02,-0.000000000000000000e+00,0.000000000000000000e+00,2.052349750781776727e-01,0.000000000000000000e+00,0.000000000000000000e+00,2.429610933315688559e+00,-2.549929073109356015e-01
0.000000000000000000e+00,-0.000000000000000000e+00,-0.000000000000000000e+00,-0.000000000000000000e+00,-9.139311612020521725e-02,2.188030013732069484e-02,-0.000000000000000000e+00,0.000000000000000000e+00,-0.000000000000000000e+00,-0.000000000000000000e+00,0.000000000000000000e+00,-1.366237045990746912e-01,0.000000000000000000e+00,-4.636960713462421821e-03,-0.000000000000000000e+00,-0.000000000000000000e+00,0.000000000000000000e+00,-4.273383266808094549e-01,-2.183776454012923418e-01,0.000000000000000000e+00,0.000000000000000000e+00,-0.000000000000000000e+00,-3.479903919114474276e-02,-0.000000000000000000e+00,-0.000000000000000000e+00,0.000000000000000000e+00,-1.797592750526261218e-01,0.000000000000000000e+00,1.957442282928620048e-01,-0.000000000000000000e+00,-0.000000000000000000e+00,-0.000000000000000000e+00,-0.000000000000000000e+00,0.000000000000000000e+00,1.996672188852847141e-01,0.000000000000000000e+00,0.000000000000000000e+00,-2.549929073109356015e-01,1.602968726784462339e+00
