1.916672188281293376e+00,-1.594045350410049078e-01,-0.000000000000000000e+00,0.000000000000000000e+00,-1.285065852386249041e-01,-0.000000000000000000e+00,-0.000000000000000000e+00,1.091609614029936115e-01,-2.744326621110403375e-01,-2.354409777311220753e-01,-0.000000000000000000e+00,-0.000000000000000000e+00,-0.000000000000000000e+00,-2.340243888577782719e-02,-8.957352663673730578e-03,-0.000000000000000000e+00,-1.039378053364702209e-01,-1.921582429943414216e-01,-0.000000000000000000e+00,-0.000000000000000000e+00,-0.000000000000000000e+00,0.000000000000000000e+00,-7.497564081739911679e-02,-2.150718869699061106e-02,-0.000000000000000000e+00,-0.000000000000000000e+00,-0.000000000000000000e+00,-5.319916806256599906e-02,-0.000000000000000000e+00,-0.000000000000000000e+00,-0.000000000000000000e+00,-0.000000000000000000e+00,-0.000000000000000000e+00,-0.000000000000000000e+00,-0.000000000000000000e+00,-0.000000000000000000e+00,-0.000000000000000000e+00,-5.023617577039307669e-01,-2.530445634225853349e-02
-1.594045350410049078e-01,1.785926678088184616e+00,-0.000000000000000000e+00,0.000000000000000000e+00,-0.000000000000000000e+00,-0.000000000000000000e+00,0.000000000000000000e+00,0.000000000000000000e+00,-1.294889119849478576e-01,-8.347442515706710031e-03,-1.625324958964361466e-01,-0.000000000000000000e+00,0.000000000000000000e+00,-0.000000000000000000e+00,-0.000000000000000000e+00,-5.038072606510080736e-02,-0.000000000000000000e+00,-0.000000000000000000e+00,-0.000000000000000000e+00,-0.000000000000000000e+00,-0.000000000000000000e+00,0.000000000000000000e+00,-0.000000000000000000e+00,-0.000000000000000000e+00,-2.710499150323014694e-01,-0.000000000000000000e+00,-0.000000000000000000e+00,-0.000000000000000000e+00,-0.000000000000000000e+00,-0.000000000000000000e+00,-0.000000000000000000e+00,-2.972998202256758038e-01,-0.000000000000000000e+00,-0.000000000000000000e+00,-0.000000000000000000e+00,-0.000000000000000000e+00,-1.122636272774026472e-01,-0.000000000000000000e+00,-5.067175776508664464e-01
-0.000000000000000000e+00,-0.000000000000000000e+00,2.615943173422331292e+00,0.000000000000000000e+00,-0.000000000000000000e+00,-0.000000000000000000e+00,-0.000000000000000000e+00,7.955201795614306182e-01,-0.000000000000000000e+00,-0.000000000000000000e+00,-0.000000000000000000e+00,-0.000000000000000000e+00,0.000000000000000000e+00,-1.264981164464755448e-01,-0.000000000000000000e+00,-0.000000000000000000e+00,-0.000000000000000000e+00,-0.000000000000000000e+00,-0.000000000000000000e+00,-1.405160100004605728e-01,-4.690174961940045129e-01,1.977988352747614975e-01,-0.000000000000000000e+00,-0.000000000000000000e+00,-0.000000000000000000e+00,-1.648958475583428840e-01,-0.000000000000000000e+00,-1.216732475095717303e-01,-3.050245235970659718e-02,-0.000000000000000000e+00,-3.551151979963458882e-01,-0.000000000000000000e+00,-1.609571208691417399e-01,0.000000000000000000e+00,-0.000000000000000000e+00,0.000000000000000000e+00,-0.000000000000000000e+00,-0.000000000000000000e+00,-0.000000000000000000e+00
0.000000000000000000e+00,0.000000000000000000e+00,0.000000000000000000e+00,1.079989308172160989e+00,0.000000000000000000e+00,0.000000000000000000e+00,0.000000000000000000e+00,-0.000000000000000000e+00,-0.000000000000000000e+00,6.166784602510680911e-03,0.000000000000000000e+00,-0.000000000000000000e+00,0.000000000000000000e+00,0.000000000000000000e+00,1.959534773330083579e-01,-0.000000000000000000e+00,2.372137250664822848e-04,-0.000000000000000000e+00,-0.000000000000000000e+00,0.000000000000000000e+00,0.000000000000000000e+00,-0.000000000000000000e+00,0.000000000000000000e+00,0.000000000000000000e+00,-0.000000000000000000e+00,0.000000000000000000e+00,-0.000000000000000000e+00,0.000000000000000000e+00,0.000000000000000000e+00,0.000000000000000000e+00,0.000000000000000000e+00,0.000000000000000000e+00,0.000000000000000000e+00,-0.000000000000000000e+00,0.000000000000000000e+00,0.000000000000000000e+00,0.000000000000000000e+00,1.376110117119986320e-01,0.000000000000000000e+00
-1.285065852386249041e-01,-0.000000000000000000e+00,-0.000000000000000000e+00,0.000000000000000000e+00,1.842424626030514379e+00,0.000000000000000000e+00,-0.000000000000000000e+00,0.000000000000000000e+00,-5.000762962262332856e-01,-0.000000000000000000e+00,-0.000000000000000000e+00,-0.000000000000000000e+00,0.000000000000000000e+00,-2.405586681354970613e-01,-0.000000000000000000e+00,-4.692823393390074121e-02,-0.000000000000000000e+00,-2.867344173352071035e-01,-0.000000000000000000e+00,-0.000000000000000000e+00,-0.000000000000000000e+00,0.000000000000000000e+00,-0.000000000000000000e+00,-0.000000000000000000e+00,-0.000000000000000000e+00,-0.000000000000000000e+00,-3.980011678669821001e-02,-0.000000000000000000e+00,-0.000000000000000000e+00,-0.000000000000000000e+00,-0.000000000000000000e+00,-0.000000000000000000e+00,-0.000000000000000000e+00,-4.428615657983422937e-01,-0.000000000000000000e+00,-0.000000000000000000e+00,-0.000000000000000000e+00,-0.000000000000000000e+00,-1.681779389247238798e-01
-0.000000000000000000e+00,-0.000000000000000000e+00,-0.000000000000000000e+00,0.000000000000000000e+00,0.000000000000000000e+00,1.854745146350814444e+00,-3.590688304716201373e-01,0.000000000000000000e+00,-0.000000000000000000e+00,-3.065946476019959163e-02,-1.093873610815640912e-01,0.000000000000000000e+00,-0.000000000000000000e+00,-0.000000000000000000e+00,-1.632075197384270926e-01,-0.000000000000000000e+00,-4.541859696074223574e-01,-0.000000000000000000e+00,-0.000000000000000000e+00,-0.000000000000000000e+00,-0.000000000000000000e+00,0.000000000000000000e+00,-2.221821254397249312e-01,-1.168020345468329252e-01,-0.000000000000000000e+00,-0.000000000000000000e+00,0.000000000000000000e+00,-3.586890462589793771e-02,-1.970159970155563670e-02,-0.000000000000000000e+00,-0.000000000000000000e+00,-1.502874473787698950e-01,-0.000000000000000000e+00,0.000000000000000000e+00,-4.040867907107248413e-02,0.000000000000000000e+00,-0.000000000000000000e+00,-0.000000000000000000e+00,0.000000000000000000e+00
-0.000000000000000000e+00,0.000000000000000000e+00,-0.000000000000000000e+00,0.000000000000000000e+00,-0.000000000000000000e+00,-3.590688304716201373e-01,1.966848503721240204e+00,0.000000000000000000e+00,-0.000000000000000000e+00,-0.000000000000000000e+00,-0.000000000000000000e+00,1.238138325830940717e-01,-3.947830542394016318e-01,-0.000000000000000000e+00,-6.076420798609510898e-01,-0.000000000000000000e+00,-3.080693776976166712e-02,-2.317366999689201776e-02,-2.435532127574024652e-01,-0.000000000000000000e+00,-0.000000000000000000e+00,0.000000000000000000e+00,-0.000000000000000000e+00,-1.194055989048828093e-01,-0.000000000000000000e+00,-0.000000000000000000e+00,2.178994800230954487e-01,-3.391405108809862623e-02,-0.000000000000000000e+00,-1.710345453995172349e-01,-0.000000000000000000e+00,-0.000000000000000000e+00,-0.000000000000000000e+00,0.000000000000000000e+00,-0.000000000000000000e+00,0.000000000000000000e+00,0.000000000000000000e+00,-0.000000000000000000e+00,0.000000000000000000e+00
1.091609614029936115e-01,0.000000000000000000e+00,7.955201795614306182e-01,-0.000000000000000000e+00,0.000000000000000000e+00,0.000000000000000000e+00,0.000000000000000000e+00,2.507920890872249675e+00,0.000000000000000000e+00,0.000000000000000000e+00,0.000000000000000000e+00,0.000000000000000000e+00,-0.000000000000000000e+00,8.892696663144002145e-02,0.000000000000000000e+00,0.000000000000000000e+00,9.702039652025438998e-02,1.028695314012991469e-01,0.000000000000000000e+00,0.000000000000000000e+00,3.674612032568602138e-01,-1.174795682750536807e-01,8.375153954001841872e-02,1.396079829312022458e-01,0.000000000000000000e+00,8.951466045421357931e-02,0.000000000000000000e+00,2.046422821692811533e-01,1.090942188855829609e-01,0.000000000000000000e+00,2.250145014119816211e-01,0.000000000000000000e+00,1.932676233970438348e-02,-0.000000000000000000e+00,0.000000000000000000e+00,-0.000000000000000000e+00,0.000000000000000000e+00,0.000000000000000000e+00,0.000000000000000000e+00
-2.744326621110403375e-01,-1.294889119849478576e-01,-0.000000000000000000e+00,-0.000000000000000000e+00,-5.000762962262332856e-01,-0.000000000000000000e+00,-0.000000000000000000e+00,0.000000000000000000e+00,1.813814072726669391e+00,-0.000000000000000000e+00,-0.000000000000000000e+00,-0.000000000000000000e+00,0.000000000000000000e+00,-7.631601171948568241e-02,-0.000000000000000000e+00,-8.767976613896800997e-02,-0.000000000000000000e+00,-1.690156229878830851e-01,-0.000000000000000000e+00,-0.000000000000000000e+00,-0.000000000000000000e+00,0.000000000000000000e+00,-0.000000000000000000e+00,-0.000000000000000000e+00,-1.335009087706631181e-01,-0.000000000000000000e+00,-0.000000000000000000e+00,-0.000000000000000000e+00,-0.000000000000000000e+00,-0.000000000000000000e+00,-0.000000000000000000e+00,-0.000000000000000000e+00,-0.000000000000000000e+00,-6.685194004698670478e-02,-0.000000000000000000e+00,-0.000000000000000000e+00,-0.000000000000000000e+00,-0.000000000000000000e+00,-3.323929812008012408e-01
-2.354409777311220753e-01,-8.347442515706710031e-03,-0.000000000000000000e+00,6.166784602510680911e-03,-0.000000000000000000e+00,-3.065946476019959163e-02,-0.000000000000000000e+00,0.000000000000000000e+00,-0.000000000000000000e+00,1.773208297698246394e+00,-0.000000000000000000e+00,0.000000000000000000e+00,-0.000000000000000000e+00,-0.000000000000000000e+00,-3.422999487800145735e-01,-3.354736266338984585e-01,-1.961159880793434535e-02,-4.323987419013008981e-02,-0.000000000000000000e+00,-0.000000000000000000e+00,-0.000000000000000000e+00,0.000000000000000000e+00,-8.686056160849291163e-02,-0.000000000000000000e+00,-7.692383122030937992e-02,-0.000000000000000000e+00,0.000000000000000000e+00,-9.851979510059015455e-02,-0.000000000000000000e+00,-9.145458002512646400e-02,-0.000000000000000000e+00,-3.155255033899237449e-01,-0.000000000000000000e+00,-0.000000000000000000e+00,-0.000000000000000000e+00,-0.000000000000000000e+00,-0.000000000000000000e+00,-6.197126334449717944e-02,-0.000000000000000000e+00
-0.000000000000000000e+00,-1.625324958964361466e-01,-0.000000000000000000e+00,0.000000000000000000e+00,-0.000000000000000000e+00,-1.093873610815640912e-01,-0.000000000000000000e+00,0.000000000000000000e+00,-0.000000000000000000e+00,-0.000000000000000000e+00,2.145199694876686713e+00,-0.000000000000000000e+00,0.000000000000000000e+00,-0.000000000000000000e+00,-0.000000000000000000e+00,-0.000000000000000000e+00,-1.855115170930884960e-01,-0.000000000000000000e+00,-0.000000000000000000e+00,-0.000000000000000000e+00,-0.000000000000000000e+00,0.000000000000000000e+00,-1.078832446306024900e-01,-2.906405144897386203e-02,-3.924786200644363870e-02,-0.000000000000000000e+00,-0.000000000000000000e+00,-6.464328024633404779e-02,-5.647039354443942477e-02,-0.000000000000000000e+00,-0.000000000000000000e+00,-6.416030714263791790e-01,-1.149992012017523463e-02,0.000000000000000000e+00,-0.000000000000000000e+00,0.000000000000000000e+00,-6.276326948337430656e-01,-0.000000000000000000e+00,-0.000000000000000000e+00
-0.000000000000000000e+00,-0.000000000000000000e+00,-0.000000000000000000e+00,-0.000000000000000000e+00,-0.000000000000000000e+00,0.000000000000000000e+00,1.238138325830940717e-01,0.000000000000000000e+00,-0.000000000000000000e+00,0.000000000000000000e+00,-0.000000000000000000e+00,1.836285497714761572e+00,3.495179733962559543e-01,-0.000000000000000000e+00,0.000000000000000000e+00,-0.000000000000000000e+00,-0.000000000000000000e+00,0.000000000000000000e+00,2.251051925694047204e-02,-6.437702109290796559e-02,-0.000000000000000000e+00,0.000000000000000000e+00,-0.000000000000000000e+00,0.000000000000000000e+00,-0.000000000000000000e+00,-0.000000000000000000e+00,-6.611599850898253194e-01,-0.000000000000000000e+00,-0.000000000000000000e+00,0.000000000000000000e+00,-1.725556431386190137e-01,-0.000000000000000000e+00,-3.137632704069898137e-02,0.000000000000000000e+00,-0.000000000000000000e+00,-0.000000000000000000e+00,-7.432894992561450698e-02,-0.000000000000000000e+00,-3.441970687998596734e-01
-0.000000000000000000e+00,0.000000000000000000e+00,0.000000000000000000e+00,0.000000000000000000e+00,0.000000000000000000e+00,-0.000000000000000000e+00,-3.947830542394016318e-01,-0.000000000000000000e+00,0.000000000000000000e+00,-0.000000000000000000e+00,0.000000000000000000e+00,3.495179733962559543e-01,1.616937283090964739e+00,0.000000000000000000e+00,-6.035121540733540124e-02,-0.000000000000000000e+00,-0.000000000000000000e+00,-0.000000000000000000e+00,-1.652672355237796431e-01,0.000000000000000000e+00,0.000000000000000000e+00,-0.000000000000000000e+00,-0.000000000000000000e+00,-0.000000000000000000e+00,0.000000000000000000e+00,0.000000000000000000e+00,4.656881407436492259e-01,-0.000000000000000000e+00,-0.000000000000000000e+00,-0.000000000000000000e+00,0.000000000000000000e+00,0.000000000000000000e+00,0.000000000000000000e+00,-0.000000000000000000e+00,-0.000000000000000000e+00,0.000000000000000000e+00,1.200156253166101000e-01,-0.000000000000000000e+00,0.000000000000000000e+00
-2.340243888577782719e-02,-0.000000000000000000e+00,-1.264981164464755448e-01,0.000000000000000000e+00,-2.405586681354970613e-01,-0.000000000000000000e+00,-0.000000000000000000e+00,8.892696663144002145e-02,-7.631601171948568241e-02,-0.000000000000000000e+00,-0.000000000000000000e+00,-0.000000000000000000e+00,0.000000000000000000e+00,1.669420771256802327e+00,-0.000000000000000000e+00,-0.000000000000000000e+00,-0.000000000000000000e+00,-0.000000000000000000e+00,-0.000000000000000000e+00,-0.000000000000000000e+00,-0.000000000000000000e+00,0.000000000000000000e+00,-1.795190043593078259e-03,-6.877065531335786741e-02,-0.000000000000000000e+00,-3.088162643270621066e-01,-1.136580171438785342e-01,-0.000000000000000000e+00,-3.610621236889017139e-03,-0.000000000000000000e+00,-7.493481489654009453e-02,-0.000000000000000000e+00,-9.891601854240912595e-02,-0.000000000000000000e+00,-0.000000000000000000e+00,-0.000000000000000000e+00,-0.000000000000000000e+00,-1.071278389657842334e-01,-2.097486272288610620e-01
-8.957352663673730578e-03,-0.000000000000000000e+00,-0.000000000000000000e+00,1.959534773330083579e-01,-0.000000000000000000e+00,-1.632075197384270926e-01,-6.076420798609510898e-01,0.000000000000000000e+00,-0.000000000000000000e+00,-3.422999487800145735e-01,-0.000000000000000000e+00,0.000000000000000000e+00,-6.035121540733540124e-02,-0.000000000000000000e+00,2.247558348837975561e+00,-0.000000000000000000e+00,-2.593179691361197636e-01,-1.539385852823333400e-01,-0.000000000000000000e+00,-0.000000000000000000e+00,-0.000000000000000000e+00,0.000000000000000000e+00,-0.000000000000000000e+00,-1.782460437192929723e-02,-0.000000000000000000e+00,-0.000000000000000000e+00,0.000000000000000000e+00,-2.929062389204708516e-01,-2.895424170435323755e-02,-2.509838483936348008e-01,-0.000000000000000000e+00,-0.000000000000000000e+00,-0.000000000000000000e+00,-0.000000000000000000e+00,-0.000000000000000000e+00,-0.000000000000000000e+00,-0.000000000000000000e+00,-2.285698167482937415e-01,-0.000000000000000000e+00
-0.000000000000000000e+00,-5.038072606510080736e-02,-0.000000000000000000e+00,-0.000000000000000000e+00,-4.692823393390074121e-02,-0.000000000000000000e+00,-0.000000000000000000e+00,0.000000000000000000e+00,-8.767976613896800997e-02,-3.354736266338984585e-01,-0.000000000000000000e+00,-0.000000000000000000e+00,-0.000000000000000000e+00,-0.000000000000000000e+00,-0.000000000000000000e+00,1.423881327173574629e+00,-0.000000000000000000e+00,-1.821486290968153329e-02,-0.000000000000000000e+00,0.000000000000000000e+00,0.000000000000000000e+00,-0.000000000000000000e+00,-0.000000000000000000e+00,-0.000000000000000000e+00,-1.933173605392336514e-01,-0.000000000000000000e+00,-0.000000000000000000e+00,-0.000000000000000000e+00,-0.000000000000000000e+00,-0.000000000000000000e+00,0.000000000000000000e+00,-0.000000000000000000e+00,-0.000000000000000000e+00,-3.921325896196616312e-01,0.000000000000000000e+00,-4.665538039058482467e-02,-0.000000000000000000e+00,-0.000000000000000000e+00,-0.000000000000000000e+00
-1.039378053364702209e-01,-0.000000000000000000e+00,-0.000000000000000000e+00,2.372137250664822848e-04,-0.000000000000000000e+00,-4.541859696074223574e-01,-3.080693776976166712e-02,9.702039652025438998e-02,-0.000000000000000000e+00,-1.961159880793434535e-02,-1.855115170930884960e-01,-0.000000000000000000e+00,-0.000000000000000000e+00,-0.000000000000000000e+00,-2.593179691361197636e-01,-0.000000000000000000e+00,2.610603316945996788e+00,-2.273268991857414767e-02,-0.000000000000000000e+00,-0.000000000000000000e+00,-0.000000000000000000e+00,0.000000000000000000e+00,-2.243998032053860781e-01,-1.813121439300743598e-01,-0.000000000000000000e+00,-1.351644338925714062e-01,0.000000000000000000e+00,-1.504249854066015413e-01,-3.839430169939772597e-01,-0.000000000000000000e+00,-0.000000000000000000e+00,-1.691019406020931037e-01,-0.000000000000000000e+00,0.000000000000000000e+00,-2.899875549768859972e-01,0.000000000000000000e+00,-0.000000000000000000e+00,-1.169241482975926227e-01,-0.000000000000000000e+00
-1.921582429943414216e-01,-0.000000000000000000e+00,-0.000000000000000000e+00,-0.000000000000000000e+00,-2.867344173352071035e-01,-0.000000000000000000e+00,-2.317366999689201776e-02,1.028695314012991469e-01,-1.690156229878830851e-01,-4.323987419013008981e-02,-0.000000000000000000e+00,0.000000000000000000e+00,-0.000000000000000000e+00,-0.000000000000000000e+00,-1.539385852823333400e-01,-1.821486290968153329e-02,-2.273268991857414767e-02,1.930508490945256117e+00,-7.436502657078690737e-01,-0.000000000000000000e+00,-0.000000000000000000e+00,0.000000000000000000e+00,-0.000000000000000000e+00,-1.510100522170483572e-01,-8.716721434742327745e-02,-0.000000000000000000e+00,-0.000000000000000000e+00,-0.000000000000000000e+00,-0.000000000000000000e+00,-0.000000000000000000e+00,-0.000000000000000000e+00,-0.000000000000000000e+00,-0.000000000000000000e+00,-0.000000000000000000e+00,-0.000000000000000000e+00,-0.000000000000000000e+00,-0.000000000000000000e+00,-0.000000000000000000e+00,-0.000000000000000000e+00
-0.000000000000000000e+00,-0.000000000000000000e+00,-0.000000000000000000e+00,-0.000000000000000000e+00,-0.000000000000000000e+00,-0.000000000000000000e+00,-2.435532127574024652e-01,0.000000000000000000e+00,-0.000000000000000000e+00,-0.000000000000000000e+00,-0.000000000000000000e+00,2.251051925694047204e-02,-1.652672355237796431e-01,-0.000000000000000000e+00,-0.000000000000000000e+00,-0.000000000000000000e+00,-0.000000000000000000e+00,-7.436502657078690737e-01,1.615508368231422853e+00,0.000000000000000000e+00,-0.000000000000000000e+00,-0.000000000000000000e+00,-0.000000000000000000e+00,-0.000000000000000000e+00,-8.419907400959823415e-03,-0.000000000000000000e+00,0.000000000000000000e+00,-0.000000000000000000e+00,-0.000000000000000000e+00,-9.815246163098517718e-02,0.000000000000000000e+00,-0.000000000000000000e+00,0.000000000000000000e+00,-1.513303464926162856e-01,-0.000000000000000000e+00,-0.000000000000000000e+00,0.000000000000000000e+00,-0.000000000000000000e+00,-0.000000000000000000e+00
-0.000000000000000000e+00,-0.000000000000000000e+00,-1.405160100004605728e-01,0.000000000000000000e+00,-0.000000000000000000e+00,-0.000000000000000000e+00,-0.000000000000000000e+00,0.000000000000000000e+00,-0.000000000000000000e+00,-0.000000000000000000e+00,-0.000000000000000000e+00,-6.437702109290796559e-02,0.000000000000000000e+00,-0.000000000000000000e+00,-0.000000000000000000e+00,0.000000000000000000e+00,-0.000000000000000000e+00,-0.000000000000000000e+00,0.000000000000000000e+00,2.279318626779518020e+00,-2.263593526423369195e-01,2.468996455777054677e-01,-0.000000000000000000e+00,-0.000000000000000000e+00,0.000000000000000000e+00,-3.492205741387309770e-01,-0.000000000000000000e+00,-6.738845098277218559e-02,-9.442896319386882842e-02,-0.000000000000000000e+00,-2.150508559001541586e-01,-0.000000000000000000e+00,-4.107214263588275238e-01,9.818722183425787620e-02,-3.167363716569021048e-01,0.000000000000000000e+00,-0.000000000000000000e+00,-3.700080054744550595e-02,-0.000000000000000000e+00
-0.000000000000000000e+00,-0.000000000000000000e+00,-4.690174961940045129e-01,0.000000000000000000e+00,-0.000000000000000000e+00,-0.000000000000000000e+00,-0.000000000000000000e+00,3.674612032568602138e-01,-0.000000000000000000e+00,-0.000000000000000000e+00,-0.000000000000000000e+00,-0.000000000000000000e+00,0.000000000000000000e+00,-0.000000000000000000e+00,-0.000000000000000000e+00,0.000000000000000000e+00,-0.000000000000000000e+00,-0.000000000000000000e+00,-0.000000000000000000e+00,-2.263593526423369195e-01,2.362656104957079339e+00,2.607274657437371190e-01,-0.000000000000000000e+00,-0.000000000000000000e+00,-0.000000000000000000e+00,-9.006259071403387162e-02,-0.000000000000000000e+00,-6.614724380393825764e-02,-1.934438384658568877e-01,-0.000000000000000000e+00,-2.474406317418985923e-01,-0.000000000000000000e+00,-2.614799392792633848e-01,0.000000000000000000e+00,-3.990937415499794250e-02,0.000000000000000000e+00,-0.000000000000000000e+00,-0.000000000000000000e+00,-0.000000000000000000e+00
0.000000000000000000e+00,0.000000000000000000e+00,1.977988352747614975e-01,-0.000000000000000000e+00,0.000000000000000000e+00,0.000000000000000000e+00,0.000000000000000000e+00,-1.174795682750536807e-01,0.000000000000000000e+00,0.000000000000000000e+00,0.000000000000000000e+00,0.000000000000000000e+00,-0.000000000000000000e+00,0.000000000000000000e+00,0.000000000000000000e+00,-0.000000000000000000e+00,0.000000000000000000e+00,0.000000000000000000e+00,-0.000000000000000000e+00,2.468996455777054677e-01,2.607274657437371190e-01,2.294784538854707012e+00,0.000000000000000000e+00,0.000000000000000000e+00,0.000000000000000000e+00,2.607518538456672363e-01,0.000000000000000000e+00,0.000000000000000000e+00,2.142853076556652803e-01,0.000000000000000000e+00,3.054688731116148026e-01,0.000000000000000000e+00,1.621994382091218045e-01,-0.000000000000000000e+00,2.768841788994285680e-01,-0.000000000000000000e+00,1.175762929929237977e-01,0.000000000000000000e+00,0.000000000000000000e+00
-7.497564081739911679e-02,-0.000000000000000000e+00,-0.000000000000000000e+00,0.000000000000000000e+00,-0.000000000000000000e+00,-2.221821254397249312e-01,-0.000000000000000000e+00,8.375153954001841872e-02,-0.000000000000000000e+00,-8.686056160849291163e-02,-1.078832446306024900e-01,-0.000000000000000000e+00,-0.000000000000000000e+00,-1.795190043593078259e-03,-0.000000000000000000e+00,-0.000000000000000000e+00,-2.243998032053860781e-01,-0.000000000000000000e+00,-0.000000000000000000e+00,-0.000000000000000000e+00,-0.000000000000000000e+00,0.000000000000000000e+00,2.074217281546204106e+00,-5.452826367335518176e-01,-2.818659697604920522e-01,-0.000000000000000000e+00,-0.000000000000000000e+00,-0.000000000000000000e+00,-4.542759112779154451e-02,-6.242557576090487087e-03,-3.813983337311849242e-02,-1.123649095566076894e-01,-0.000000000000000000e+00,-0.000000000000000000e+00,-1.434781640522112267e-01,0.000000000000000000e+00,-0.000000000000000000e+00,-8.496874468680218340e-02,-0.000000000000000000e+00
-2.150718869699061106e-02,-0.000000000000000000e+00,-0.000000000000000000e+00,0.000000000000000000e+00,-0.000000000000000000e+00,-1.168020345468329252e-01,-1.194055989048828093e-01,1.396079829312022458e-01,-0.000000000000000000e+00,-0.000000000000000000e+00,-2.906405144897386203e-02,0.000000000000000000e+00,-0.000000000000000000e+00,-6.877065531335786741e-02,-1.782460437192929723e-02,-0.000000000000000000e+00,-1.813121439300743598e-01,-1.510100522170483572e-01,-0.000000000000000000e+00,-0.000000000000000000e+00,-0.000000000000000000e+00,0.000000000000000000e+00,-5.452826367335518176e-01,2.067309605617515977e+00,-1.861924375406738552e-02,-0.000000000000000000e+00,0.000000000000000000e+00,-0.000000000000000000e+00,-2.190784189168490381e-01,-8.041474227463518698e-02,-0.000000000000000000e+00,-2.279646358282295115e-01,-0.000000000000000000e+00,0.000000000000000000e+00,-1.368978329983584763e-01,0.000000000000000000e+00,-0.000000000000000000e+00,-0.000000000000000000e+00,-0.000000000000000000e+00
-0.000000000000000000e+00,-2.710499150323014694e-01,-0.000000000000000000e+00,-0.000000000000000000e+00,-0.000000000000000000e+00,-0.000000000000000000e+00,-0.000000000000000000e+00,0.000000000000000000e+00,-1.335009087706631181e-01,-7.692383122030937992e-02,-3.924786200644363870e-02,-0.000000000000000000e+00,0.000000000000000000e+00,-0.000000000000000000e+00,-0.000000000000000000e+00,-1.933173605392336514e-01,-0.000000000000000000e+00,-8.716721434742327745e-02,-8.419907400959823415e-03,0.000000000000000000e+00,-0.000000000000000000e+00,0.000000000000000000e+00,-2.818659697604920522e-01,-1.861924375406738552e-02,1.474881582217900888e+00,-0.000000000000000000e+00,-0.000000000000000000e+00,-0.000000000000000000e+00,-0.000000000000000000e+00,-0.000000000000000000e+00,-0.000000000000000000e+00,-1.155876653935546117e-01,-0.000000000000000000e+00,-0.000000000000000000e+00,-0.000000000000000000e+00,-0.000000000000000000e+00,-0.000000000000000000e+00,-0.000000000000000000e+00,-0.000000000000000000e+00
-0.000000000000000000e+00,-0.000000000000000000e+00,-1.648958475583428840e-01,0.000000000000000000e+00,-0.000000000000000000e+00,-0.000000000000000000e+00,-0.000000000000000000e+00,8.951466045421357931e-02,-0.000000000000000000e+00,-0.000000000000000000e+00,-0.000000000000000000e+00,-0.000000000000000000e+00,0.000000000000000000e+00,-3.088162643270621066e-01,-0.000000000000000000e+00,-0.000000000000000000e+00,-1.351644338925714062e-01,-0.000000000000000000e+00,-0.000000000000000000e+00,-3.492205741387309770e-01,-9.006259071403387162e-02,2.607518538456672363e-01,-0.000000000000000000e+00,-0.000000000000000000e+00,-0.000000000000000000e+00,2.736833751387590663e+00,-0.000000000000000000e+00,-1.270367426261619082e-02,-3.858064429460492106e-01,-0.000000000000000000e+00,-1.608802979826305657e-01,-0.000000000000000000e+00,-2.989474236968786003e-01,0.000000000000000000e+00,-3.232238672848949390e-01,0.000000000000000000e+00,-0.000000000000000000e+00,-2.440241260994604200e-01,-0.000000000000000000e+00
-0.000000000000000000e+00,-0.000000000000000000e+00,-0.000000000000000000e+00,-0.000000000000000000e+00,-3.980011678669821001e-02,0.000000000000000000e+00,2.178994800230954487e-01,0.000000000000000000e+00,-0.000000000000000000e+00,0.000000000000000000e+00,-0.000000000000000000e+00,-6.611599850898253194e-01,4.656881407436492259e-01,-1.136580171438785342e-01,0.000000000000000000e+00,-0.000000000000000000e+00,0.000000000000000000e+00,-0.000000000000000000e+00,0.000000000000000000e+00,-0.000000000000000000e+00,-0.000000000000000000e+00,0.000000000000000000e+00,-0.000000000000000000e+00,0.000000000000000000e+00,-0.000000000000000000e+00,-0.000000000000000000e+00,1.907263913512296183e+00,-0.000000000000000000e+00,-0.000000000000000000e+00,0.000000000000000000e+00,-1.100905198830668397e-01,-0.000000000000000000e+00,-0.000000000000000000e+00,-0.000000000000000000e+00,-0.000000000000000000e+00,-0.000000000000000000e+00,-3.721812598944226891e-02,-0.000000000000000000e+00,-3.325678761249190596e-01
-5.319916806256599906e-02,-0.000000000000000000e+00,-1.216732475095717303e-01,0.000000000000000000e+00,-0.000000000000000000e+00,-3.586890462589793771e-02,-3.391405108809862623e-02,2.046422821692811533e-01,-0.000000000000000000e+00,-9.851979510059015455e-02,-6.464328024633404779e-02,-0.000000000000000000e+00,-0.000000000000000000e+00,-0.000000000000000000e+00,-2.929062389204708516e-01,-0.000000000000000000e+00,-1.504249854066015413e-01,-0.000000000000000000e+00,-0.000000000000000000e+00,-6.738845098277218559e-02,-6.614724380393825764e-02,0.000000000000000000e+00,-0.000000000000000000e+00,-0.000000000000000000e+00,-0.000000000000000000e+00,-1.270367426261619082e-02,-0.000000000000000000e+00,1.722852654476529244e+00,-7.962197224600843504e-02,-0.000000000000000000e+00,-0.000000000000000000e+00,-1.279456397725445282e-01,-8.556777752105870771e-02,-0.000000000000000000e+00,-0.000000000000000000e+00,-0.000000000000000000e+00,-0.000000000000000000e+00,-4.788143670462671059e-02,-0.000000000000000000e+00
-0.000000000000000000e+00,-0.000000000000000000e+00,-3.050245235970659718e-02,0.000000000000000000e+00,-0.000000000000000000e+00,-1.970159970155563670e-02,-0.000000000000000000e+00,1.090942188855829609e-01,-0.000000000000000000e+00,-0.000000000000000000e+00,-5.647039354443942477e-02,-0.000000000000000000e+00,-0.000000000000000000e+00,-3.610621236889017139e-03,-2.895424170435323755e-02,-0.000000000000000000e+00,-3.839430169939772597e-01,-0.000000000000000000e+00,-0.000000000000000000e+00,-9.442896319386882842e-02,-1.934438384658568877e-01,2.142853076556652803e-01,-4.542759112779154451e-02,-2.190784189168490381e-01,-0.000000000000000000e+00,-3.858064429460492106e-01,-0.000000000000000000e+00,-7.962197224600843504e-02,2.814955250660038821e+00,-0.000000000000000000e+00,-9.593171113616533185e-02,-0.000000000000000000e+00,-2.403054446835700686e-01,0.000000000000000000e+00,-4.193636696918322526e-01,0.000000000000000000e+00,-0.000000000000000000e+00,-3.296733819432494106e-01,-0.000000000000000000e+00
-0.000000000000000000e+00,-0.000000000000000000e+00,-0.000000000000000000e+00,0.000000000000000000e+00,-0.000000000000000000e+00,-0.000000000000000000e+00,-1.710345453995172349e-01,0.000000000000000000e+00,-0.000000000000000000e+00,-9.145458002512646400e-02,-0.000000000000000000e+00,0.000000000000000000e+00,-0.000000000000000000e+00,-0.000000000000000000e+00,-2.509838483936348008e-01,-0.000000000000000000e+00,-0.000000000000000000e+00,-0.000000000000000000e+00,-9.815246163098517718e-02,-0.000000000000000000e+00,-0.000000000000000000e+00,0.000000000000000000e+00,-6.242557576090487087e-03,-8.041474227463518698e-02,-0.000000000000000000e+00,-0.000000000000000000e+00,0.000000000000000000e+00,-0.000000000000000000e+00,-0.000000000000000000e+00,1.265732384157612245e+00,-0.000000000000000000e+00,-0.000000000000000000e+00,-0.000000000000000000e+00,-0.000000000000000000e+00,-0.000000000000000000e+00,-0.000000000000000000e+00,0.000000000000000000e+00,-9.248750558817502021e-02,-0.000000000000000000e+00
-0.000000000000000000e+00,-0.000000000000000000e+00,-3.551151979963458882e-01,0.000000000000000000e+00,-0.000000000000000000e+00,-0.000000000000000000e+00,-0.000000000000000000e+00,2.250145014119816211e-01,-0.000000000000000000e+00,-0.000000000000000000e+00,-0.000000000000000000e+00,-1.725556431386190137e-01,0.000000000000000000e+00,-7.493481489654009453e-02,-0.000000000000000000e+00,0.000000000000000000e+00,-0.000000000000000000e+00,-0.000000000000000000e+00,0.000000000000000000e+00,-2.150508559001541586e-01,-2.474406317418985923e-01,3.054688731116148026e-01,-3.813983337311849242e-02,-0.000000000000000000e+00,-0.000000000000000000e+00,-1.608802979826305657e-01,-1.100905198830668397e-01,-0.000000000000000000e+00,-9.593171113616533185e-02,-0.000000000000000000e+00,2.407363182443964966e+00,-0.000000000000000000e+00,-2.165602295587762405e-01,0.000000000000000000e+00,-1.276574792342244913e-01,0.000000000000000000e+00,-1.624370907187631108e-01,-0.000000000000000000e+00,-6.332273478271606588e-03
-0.000000000000000000e+00,-2.972998202256758038e-01,-0.000000000000000000e+00,0.000000000000000000e+00,-0.000000000000000000e+00,-1.502874473787698950e-01,-0.000000000000000000e+00,0.000000000000000000e+00,-0.000000000000000000e+00,-3.155255033899237449e-01,-6.416030714263791790e-01,-0.000000000000000000e+00,0.000000000000000000e+00,-0.000000000000000000e+00,-0.000000000000000000e+00,-0.000000000000000000e+00,-1.691019406020931037e-01,-0.000000000000000000e+00,-0.000000000000000000e+00,-0.000000000000000000e+00,-0.000000000000000000e+00,0.000000000000000000e+00,-1.123649095566076894e-01,-2.279646358282295115e-01,-1.155876653935546117e-01,-0.000000000000000000e+00,-0.000000000000000000e+00,-1.279456397725445282e-01,-0.000000000000000000e+00,-0.000000000000000000e+00,-0.000000000000000000e+00,2.325102311730717908e+00,-0.000000000000000000e+00,-0.000000000000000000e+00,-0.000000000000000000e+00,0.000000000000000000e+00,-2.952726974363310553e-01,-0.000000000000000000e+00,-0.000000000000000000e+00
-0.000000000000000000e+00,-0.000000000000000000e+00,-1.609571208691417399e-01,0.000000000000000000e+00,-0.000000000000000000e+00,-0.000000000000000000e+00,-0.000000000000000000e+00,1.932676233970438348e-02,-0.000000000000000000e+00,-0.000000000000000000e+00,-1.149992012017523463e-02,-3.137632704069898137e-02,0.000000000000000000e+00,-9.891601854240912595e-02,-0.000000000000000000e+00,-0.000000000000000000e+00,-0.000000000000000000e+00,-0.000000000000000000e+00,0.000000000000000000e+00,-4.107214263588275238e-01,-2.614799392792633848e-01,1.621994382091218045e-01,-0.000000000000000000e+00,-0.000000000000000000e+00,-0.000000000000000000e+00,-2.989474236968786003e-01,-0.000000000000000000e+00,-8.556777752105870771e-02,-2.403054446835700686e-01,-0.000000000000000000e+00,-2.165602295587762405e-01,-0.000000000000000000e+00,2.570891448754444308e+00,0.000000000000000000e+00,-2.953160610047105838e-01,0.000000000000000000e+00,-2.882703994159712679e-01,-4.768057268935489701e-02,-0.000000000000000000e+00
-0.000000000000000000e+00,-0.000000000000000000e+00,0.000000000000000000e+00,-0.000000000000000000e+00,-4.428615657983422937e-01,0.000000000000000000e+00,0.000000000000000000e+00,-0.000000000000000000e+00,-6.685194004698670478e-02,-0.000000000000000000e+00,0.000000000000000000e+00,0.000000000000000000e+00,-0.000000000000000000e+00,-0.000000000000000000e+00,-0.000000000000000000e+00,-3.921325896196616312e-01,0.000000000000000000e+00,-0.000000000000000000e+00,-1.513303464926162856e-01,9.818722183425787620e-02,0.000000000000000000e+00,-0.000000000000000000e+00,-0.000000000000000000e+00,0.000000000000000000e+00,-0.000000000000000000e+00,0.000000000000000000e+00,-0.000000000000000000e+00,-0.000000000000000000e+00,0.000000000000000000e+00,-0.000000000000000000e+00,0.000000000000000000e+00,-0.000000000000000000e+00,0.000000000000000000e+00,1.423679282518248046e+00,0.000000000000000000e+00,-1.279180386699005911e-01,0.000000000000000000e+00,-0.000000000000000000e+00,-0.000000000000000000e+00
-0.000000000000000000e+00,-0.000000000000000000e+00,-0.000000000000000000e+00,0.000000000000000000e+00,-0.000000000000000000e+00,-4.040867907107248413e-02,-0.000000000000000000e+00,0.000000000000000000e+00,-0.000000000000000000e+00,-0.000000000000000000e+00,-0.000000000000000000e+00,-0.000000000000000000e+00,-0.000000000000000000e+00,-0.000000000000000000e+00,-0.000000000000000000e+00,0.000000000000000000e+00,-2.899875549768859972e-01,-0.000000000000000000e+00,-0.000000000000000000e+00,-3.167363716569021048e-01,-3.990937415499794250e-02,2.768841788994285680e-01,-1.434781640522112267e-01,-1.368978329983584763e-01,-0.000000000000000000e+00,-3.232238672848949390e-01,-0.000000000000000000e+00,-0.000000000000000000e+00,-4.193636696918322526e-01,-0.000000000000000000e+00,-1.276574792342244913e-01,-0.000000000000000000e+00,-2.953160610047105838e-01,0.000000000000000000e+00,2.585826369064975871e+00,0.000000000000000000e+00,-3.906181362929397188e-02,-1.494536070221662294e-01,-0.000000000000000000e+00
-0.000000000000000000e+00,-0.000000000000000000e+00,0.000000000000000000e+00,0.000000000000000000e+00,-0.000000000000000000e+00,0.000000000000000000e+00,0.000000000000000000e+00,-0.000000000000000000e+00,-0.000000000000000000e+00,-0.000000000000000000e+00,0.000000000000000000e+00,-0.000000000000000000e+00,0.000000000000000000e+00,-0.000000000000000000e+00,-0.000000000000000000e+00,-4.665538039058482467e-02,0.000000000000000000e+00,-0.000000000000000000e+00,-0.000000000000000000e+00,0.000000000000000000e+00,0.000000000000000000e+00,-0.000000000000000000e+00,0.000000000000000000e+00,0.000000000000000000e+00,-0.000000000000000000e+00,0.000000000000000000e+00,-0.000000000000000000e+00,-0.000000000000000000e+00,0.000000000000000000e+00,-0.000000000000000000e+00,0.000000000000000000e+00,0.000000000000000000e+00,0.000000000000000000e+00,-1.279180386699005911e-01,0.000000000000000000e+00,1.022885015780764073e+00,0.000000000000000000e+00,0.000000000000000000e+00,-0.000000000000000000e+00
-0.000000000000000000e+00,-1.122636272774026472e-01,-0.000000000000000000e+00,0.000000000000000000e+00,-0.000000000000000000e+00,-0.000000000000000000e+00,0.000000000000000000e+00,0.000000000000000000e+00,-0.000000000000000000e+00,-0.000000000000000000e+00,-6.276326948337430656e-01,-7.432894992561450698e-02,1.200156253166101000e-01,-0.000000000000000000e+00,-0.000000000000000000e+00,-0.000000000000000000e+00,-0.000000000000000000e+00,-0.000000000000000000e+00,0.000000000000000000e+00,-0.000000000000000000e+00,-0.000000000000000000e+00,1.175762929929237977e-01,-0.000000000000000000e+00,-0.000000000000000000e+00,-0.000000000000000000e+00,-0.000000000000000000e+00,-3.721812598944226891e-02,-0.000000000000000000e+00,-0.000000000000000000e+00,0.000000000000000000e+00,-1.624370907187631108e-01,-2.952726974363310553e-01,-2.882703994159712679e-01,0.000000000000000000e+00,-3.906181362929397188e-02,0.000000000000000000e+00,1.948804701011659812e+00,-0.000000000000000000e+00,-4.796855131484601548e-02
-5.023617577039307669e-01,-0.000000000000000000e+00,-0.000000000000000000e+00,1.376110117119986320e-01,-0.000000000000000000e+00,-0.000000000000000000e+00,-0.000000000000000000e+00,0.000000000000000000e+00,-0.000000000000000000e+00,-6.197126334449717944e-02,-0.000000000000000000e+00,-0.000000000000000000e+00,-0.000000000000000000e+00,-1.071278389657842334e-01,-2.285698167482937415e-01,-0.000000000000000000e+00,-1.169241482975926227e-01,-0.000000000000000000e+00,-0.000000000000000000e+00,-3.700080054744550595e-02,-0.000000000000000000e+00,0.000000000000000000e+00,-8.496874468680218340e-02,-0.000000000000000000e+00,-0.000000000000000000e+00,-2.440241260994604200e-01,-0.000000000000000000e+00,-4.788143670462671059e-02,-3.296733819432494106e-01,-9.248750558817502021e-02,-0.000000000000000000e+00,-0.000000000000000000e+00,-4.768057268935489701e-02,-0.000000000000000000e+00,-1.494536070221662294e-01,0.000000000000000000e+00,-0.000000000000000000e+00,2.144629358050020418e+00,-7.132933409751619769e-02
-2.530445634225853349e-02,-5.067175776508664464e-01,-0.000000000000000000e+00,0.000000000000000000e+00,-1.681779389247238798e-01,0.000000000000000000e+00,0.000000000000000000e+00,0.000000000000000000e+00,-3.323929812008012408e-01,-0.000000000000000000e+00,-0.000000000000000000e+00,-3.441970687998596734e-01,0.000000000000000000e+00,-2.097486272288610620e-01,-0.000000000000000000e+00,-0.000000000000000000e+00,-0.000000000000000000e+00,-0.000000000000000000e+00,-0.000000000000000000e+00,-0.000000000000000000e+00,-0.000000000000000000e+00,0.000000000000000000e+00,-0.000000000000000000e+00,-0.000000000000000000e+00,-0.000000000000000000e+00,-0.000000000000000000e+00,-3.325678761249190596e-01,-0.000000000000000000e+00,-0.000000000000000000e+00,-0.000000000000000000e+00,-6.332273478271606588e-03,-0.000000000000000000e+00,-0.000000000000000000e+00,-0.000000000000000000e+00,-0.000000000000000000e+00,-0.000000000000000000e+00,-4.796855131484601548e-02,-7.132933409751619769e-02,1.932932911331277648e+00
