2.041530438572879191e+00,-2.745585394347244135e-01,-0.000000000000000000e+00,-0.000000000000000000e+00,-0.000000000000000000e+00,-0.000000000000000000e+00,0.000000000000000000e+00,0.000000000000000000e+00,-0.000000000000000000e+00,-0.000000000000000000e+00,0.000000000000000000e+00,-0.000000000000000000e+00,0.000000000000000000e+00,-0.000000000000000000e+00,-1.875924489355847158e-01,-3.290364159273295730e-01,0.000000000000000000e+00,-1.788510770943192996e-01,-0.000000000000000000e+00,0.000000000000000000e+00,0.000000000000000000e+00,0.000000000000000000e+00,-0.000000000000000000e+00,-0.000000000000000000e+00,-1.676403008082072155e-01,-0.000000000000000000e+00,0.000000000000000000e+00,-0.000000000000000000e+00,-2.311700099163832567e-01,-0.000000000000000000e+00,-0.000000000000000000e+00,-0.000000000000000000e+00,0.000000000000000000e+00,-5.260734396907459920e-02,0.000000000000000000e+00,0.000000000000000000e+00,-0.000000000000000000e+00,-5.746188778094512006e-01,-0.000000000000000000e+00
-2.745585394347244135e-01,2.434661147216675925e+00,-0.000000000000000000e+00,-0.000000000000000000e+00,-0.000000000000000000e+00,-2.248503689210569825e-02,1.369245492111642593e-02,0.000000000000000000e+00,-3.096666281530970760e-02,-1.647949140734252249e-01,0.000000000000000000e+00,-2.550596536403747921e-02,-0.000000000000000000e+00,-0.000000000000000000e+00,-1.025184448174431689e-01,-4.575164057759412706e-01,0.000000000000000000e+00,-1.050451747565550459e-01,-1.963221022713259600e-01,0.000000000000000000e+00,-0.000000000000000000e+00,-0.000000000000000000e+00,-2.281829185820802297e-01,-0.000000000000000000e+00,-2.282982292245528122e-01,-0.000000000000000000e+00,0.000000000000000000e+00,-0.000000000000000000e+00,-0.000000000000000000e+00,-0.000000000000000000e+00,-0.000000000000000000e+00,-0.000000000000000000e+00,-0.000000000000000000e+00,-2.246036496783746644e-02,0.000000000000000000e+00,0.000000000000000000e+00,-0.000000000000000000e+00,-1.662100418317391248e-01,-4.563245324693305793e-01
-0.000000000000000000e+00,-0.000000000000000000e+00,2.278212422474073851e+00,-9.169305367041406807e-02,-1.537179571545724543e-01,-0.000000000000000000e+00,0.000000000000000000e+00,1.060262381309764246e+00,-0.000000000000000000e+00,-0.000000000000000000e+00,0.000000000000000000e+00,-0.000000000000000000e+00,0.000000000000000000e+00,-1.168844059492527288e-01,-0.000000000000000000e+00,-0.000000000000000000e+00,0.000000000000000000e+00,-7.232040119332408534e-02,-0.000000000000000000e+00,0.000000000000000000e+00,0.000000000000000000e+00,0.000000000000000000e+00,-0.000000000000000000e+00,-0.000000000000000000e+00,-1.306479933007936578e-01,-2.552907682234946130e-01,-0.000000000000000000e+00,-0.000000000000000000e+00,-0.000000000000000000e+00,0.000000000000000000e+00,-3.648710318438470046e-01,-0.000000000000000000e+00,-0.000000000000000000e+00,-1.421450461927949716e-01,-0.000000000000000000e+00,-0.000000000000000000e+00,-0.000000000000000000e+00,-0.000000000000000000e+00,-0.000000000000000000e+00
-0.000000000000000000e+00,-0.000000000000000000e+00,-9.169305367041406807e-02,1.203385689775578360e+00,-0.000000000000000000e+00,-0.000000000000000000e+00,-0.000000000000000000e+00,0.000000000000000000e+00,-1.575816693696287241e-01,-0.000000000000000000e+00,-0.000000000000000000e+00,-0.000000000000000000e+00,-0.000000000000000000e+00,-0.000000000000000000e+00,-0.000000000000000000e+00,-0.000000000000000000e+00,-0.000000000000000000e+00,-1.092644717053858211e-02,-0.000000000000000000e+00,-0.000000000000000000e+00,-0.000000000000000000e+00,-0.000000000000000000e+00,-0.000000000000000000e+00,-0.000000000000000000e+00,-0.000000000000000000e+00,-1.341069838470253517e-01,-4.565321354754962868e-02,-1.593969991357157834e-01,-0.000000000000000000e+00,-0.000000000000000000e+00,-0.000000000000000000e+00,-1.231311129872762061e-01,-1.664485415115287900e-02,-0.000000000000000000e+00,-0.000000000000000000e+00,-0.000000000000000000e+00,-0.000000000000000000e+00,-0.000000000000000000e+00,-0.000000000000000000e+00
-0.000000000000000000e+00,-0.000000000000000000e+00,-1.537179571545724543e-01,-0.000000000000000000e+00,2.127033727089153725e+00,-0.000000000000000000e+00,9.120763374803610157e-02,1.082425159387693098e-01,-9.765842713075473247e-02,-0.000000000000000000e+00,3.191150652244535701e-02,-0.000000000000000000e+00,0.000000000000000000e+00,-0.000000000000000000e+00,-0.000000000000000000e+00,-0.000000000000000000e+00,0.000000000000000000e+00,-4.869725897401469550e-01,-0.000000000000000000e+00,0.000000000000000000e+00,0.000000000000000000e+00,0.000000000000000000e+00,-0.000000000000000000e+00,-0.000000000000000000e+00,-4.081236165260733184e-01,-0.000000000000000000e+00,0.000000000000000000e+00,-0.000000000000000000e+00,-0.000000000000000000e+00,-0.000000000000000000e+00,-0.000000000000000000e+00,-0.000000000000000000e+00,0.000000000000000000e+00,-6.464595110250671572e-01,0.000000000000000000e+00,-0.000000000000000000e+00,-0.000000000000000000e+00,-0.000000000000000000e+00,-0.000000000000000000e+00
-0.000000000000000000e+00,-2.248503689210569825e-02,-0.000000000000000000e+00,-0.000000000000000000e+00,-0.000000000000000000e+00,1.335532014251398225e+00,0.000000000000000000e+00,2.191202535840446053e-01,-0.000000000000000000e+00,-0.000000000000000000e+00,2.295410942461730691e-02,-0.000000000000000000e+00,0.000000000000000000e+00,0.000000000000000000e+00,-0.000000000000000000e+00,-0.000000000000000000e+00,0.000000000000000000e+00,-0.000000000000000000e+00,-0.000000000000000000e+00,0.000000000000000000e+00,-0.000000000000000000e+00,0.000000000000000000e+00,-0.000000000000000000e+00,-0.000000000000000000e+00,-1.282405828253467550e-01,-0.000000000000000000e+00,-0.000000000000000000e+00,0.000000000000000000e+00,-1.688566783379693015e-01,1.004483953472375540e-01,-0.000000000000000000e+00,-0.000000000000000000e+00,-0.000000000000000000e+00,-0.000000000000000000e+00,-0.000000000000000000e+00,1.515855409451382502e-02,-4.353223986569270121e-01,-0.000000000000000000e+00,-0.000000000000000000e+00
0.000000000000000000e+00,1.369245492111642593e-02,0.000000000000000000e+00,-0.000000000000000000e+00,9.120763374803610157e-02,0.000000000000000000e+00,1.434128006880477813e+00,-1.374686135750519955e-01,0.000000000000000000e+00,5.097629129131148705e-03,-1.598846516119813155e-01,0.000000000000000000e+00,-0.000000000000000000e+00,-0.000000000000000000e+00,0.000000000000000000e+00,0.000000000000000000e+00,-0.000000000000000000e+00,9.650313764247372972e-02,0.000000000000000000e+00,-2.834408710152850341e-01,-0.000000000000000000e+00,-0.000000000000000000e+00,0.000000000000000000e+00,0.000000000000000000e+00,1.268117720177724395e-01,0.000000000000000000e+00,-0.000000000000000000e+00,0.000000000000000000e+00,-0.000000000000000000e+00,0.000000000000000000e+00,0.000000000000000000e+00,0.000000000000000000e+00,-0.000000000000000000e+00,3.595971353639741963e-01,-0.000000000000000000e+00,-0.000000000000000000e+00,0.000000000000000000e+00,0.000000000000000000e+00,1.249924310863696243e-02
0.000000000000000000e+00,0.000000000000000000e+00,1.060262381309764246e+00,0.000000000000000000e+00,1.082425159387693098e-01,2.191202535840446053e-01,-1.374686135750519955e-01,2.006036778565188250e+00,0.000000000000000000e+00,0.000000000000000000e+00,-4.042552210214531150e-03,0.000000000000000000e+00,-1.403948643982265987e-01,0.000000000000000000e+00,-0.000000000000000000e+00,0.000000000000000000e+00,-0.000000000000000000e+00,5.197640009875625217e-02,0.000000000000000000e+00,-0.000000000000000000e+00,-0.000000000000000000e+00,-0.000000000000000000e+00,0.000000000000000000e+00,1.066732958534570008e-01,8.454595642048544357e-02,1.347797524216251264e-01,0.000000000000000000e+00,0.000000000000000000e+00,0.000000000000000000e+00,-0.000000000000000000e+00,0.000000000000000000e+00,0.000000000000000000e+00,-0.000000000000000000e+00,5.545295491077361499e-03,0.000000000000000000e+00,0.000000000000000000e+00,0.000000000000000000e+00,0.000000000000000000e+00,0.000000000000000000e+00
-0.000000000000000000e+00,-3.096666281530970760e-02,-0.000000000000000000e+00,-1.575816693696287241e-01,-9.765842713075473247e-02,-0.000000000000000000e+00,0.000000000000000000e+00,0.000000000000000000e+00,2.021107485912424728e+00,-9.943156180953445500e-02,-0.000000000000000000e+00,-0.000000000000000000e+00,-0.000000000000000000e+00,-1.244000432921187338e-01,-2.770213305337082543e-01,-2.137493766950468166e-01,-0.000000000000000000e+00,-7.280811598084220571e-02,-0.000000000000000000e+00,-0.000000000000000000e+00,-0.000000000000000000e+00,-0.000000000000000000e+00,-2.781971692493989123e-01,-0.000000000000000000e+00,-2.816140987816067587e-01,-1.113895200619230974e-01,-0.000000000000000000e+00,-5.239459700046686375e-02,-0.000000000000000000e+00,-1.413076743649511191e-01,-0.000000000000000000e+00,-0.000000000000000000e+00,-0.000000000000000000e+00,-0.000000000000000000e+00,0.000000000000000000e+00,-0.000000000000000000e+00,-0.000000000000000000e+00,-1.324023490932314286e-02,-2.194302452091384248e-01
-0.000000000000000000e+00,-1.647949140734252249e-01,-0.000000000000000000e+00,-0.000000000000000000e+00,-0.000000000000000000e+00,-0.000000000000000000e+00,5.097629129131148705e-03,0.000000000000000000e+00,-9.943156180953445500e-02,2.331811039637325056e+00,0.000000000000000000e+00,-1.567032940875434377e-01,-0.000000000000000000e+00,-0.000000000000000000e+00,-0.000000000000000000e+00,-5.267485737509219890e-01,0.000000000000000000e+00,-1.381170435186938328e-01,-2.088577997948376230e-01,0.000000000000000000e+00,-0.000000000000000000e+00,-0.000000000000000000e+00,-4.184982534465469528e-01,-0.000000000000000000e+00,-0.000000000000000000e+00,-0.000000000000000000e+00,0.000000000000000000e+00,-0.000000000000000000e+00,0.000000000000000000e+00,-3.470015189332292249e-01,-0.000000000000000000e+00,-0.000000000000000000e+00,-0.000000000000000000e+00,-1.377858875376822556e-01,4.516923238908292920e-02,0.000000000000000000e+00,-0.000000000000000000e+00,-0.000000000000000000e+00,-2.214639156670062947e-01
0.000000000000000000e+00,0.000000000000000000e+00,0.000000000000000000e+00,-0.000000000000000000e+00,3.191150652244535701e-02,2.295410942461730691e-02,-1.598846516119813155e-01,-4.042552210214531150e-03,-0.000000000000000000e+00,0.000000000000000000e+00,1.781075441386926084e+00,-0.000000000000000000e+00,-0.000000000000000000e+00,-0.000000000000000000e+00,-0.000000000000000000e+00,0.000000000000000000e+00,-6.368575509459877271e-01,0.000000000000000000e+00,0.000000000000000000e+00,-3.373711113923403837e-01,-2.445554258379868118e-01,-0.000000000000000000e+00,0.000000000000000000e+00,0.000000000000000000e+00,0.000000000000000000e+00,-0.000000000000000000e+00,-8.434609583585632453e-02,-0.000000000000000000e+00,-0.000000000000000000e+00,-0.000000000000000000e+00,-0.000000000000000000e+00,-0.000000000000000000e+00,-8.773385662565193199e-02,0.000000000000000000e+00,-0.000000000000000000e+00,-0.000000000000000000e+00,0.000000000000000000e+00,0.000000000000000000e+00,0.000000000000000000e+00
-0.000000000000000000e+00,-2.550596536403747921e-02,-0.000000000000000000e+00,-0.000000000000000000e+00,-0.000000000000000000e+00,-0.000000000000000000e+00,0.000000000000000000e+00,0.000000000000000000e+00,-0.000000000000000000e+00,-1.567032940875434377e-01,-0.000000000000000000e+00,2.254376386104989027e+00,-5.965188825971191877e-02,-0.000000000000000000e+00,-0.000000000000000000e+00,-0.000000000000000000e+00,-0.000000000000000000e+00,-0.000000000000000000e+00,-3.037372587871923213e-01,-0.000000000000000000e+00,-0.000000000000000000e+00,-1.727706717273340131e-01,-2.769356883097194300e-01,-0.000000000000000000e+00,-0.000000000000000000e+00,0.000000000000000000e+00,0.000000000000000000e+00,-4.491572555917780485e-01,0.000000000000000000e+00,-0.000000000000000000e+00,-1.427577873228895178e-01,-5.734388174055146115e-01,-0.000000000000000000e+00,-0.000000000000000000e+00,0.000000000000000000e+00,0.000000000000000000e+00,-0.000000000000000000e+00,-0.000000000000000000e+00,-2.191521317621774601e-01
0.000000000000000000e+00,-0.000000000000000000e+00,0.000000000000000000e+00,-0.000000000000000000e+00,0.000000000000000000e+00,0.000000000000000000e+00,-0.000000000000000000e+00,-1.403948643982265987e-01,-0.000000000000000000e+00,-0.000000000000000000e+00,-0.000000000000000000e+00,-5.965188825971191877e-02,1.547462065707343015e+00,-0.000000000000000000e+00,-0.000000000000000000e+00,-0.000000000000000000e+00,-2.262313946929933040e-01,0.000000000000000000e+00,-0.000000000000000000e+00,-0.000000000000000000e+00,-8.900250015864662190e-02,-4.683800541475036106e-01,-0.000000000000000000e+00,0.000000000000000000e+00,0.000000000000000000e+00,1.571814338322660015e-02,-0.000000000000000000e+00,-1.096531342789406477e-01,0.000000000000000000e+00,-0.000000000000000000e+00,-0.000000000000000000e+00,-2.407544027598835790e-01,-0.000000000000000000e+00,0.000000000000000000e+00,0.000000000000000000e+00,0.000000000000000000e+00,-0.000000000000000000e+00,0.000000000000000000e+00,-0.000000000000000000e+00
-0.000000000000000000e+00,-0.000000000000000000e+00,-1.168844059492527288e-01,-0.000000000000000000e+00,-0.000000000000000000e+00,0.000000000000000000e+00,-0.000000000000000000e+00,0.000000000000000000e+00,-1.244000432921187338e-01,-0.000000000000000000e+00,-0.000000000000000000e+00,-0.000000000000000000e+00,-0.000000000000000000e+00,1.563352039171070018e+00,-0.000000000000000000e+00,-0.000000000000000000e+00,-0.000000000000000000e+00,-0.000000000000000000e+00,-0.000000000000000000e+00,-0.000000000000000000e+00,-0.000000000000000000e+00,-0.000000000000000000e+00,-0.000000000000000000e+00,-1.386075870647301145e-01,-0.000000000000000000e+00,-2.466970076076137053e-01,-2.981543253212860511e-01,-2.895191321555453182e-02,-0.000000000000000000e+00,-0.000000000000000000e+00,-2.701406517312018307e-01,-0.000000000000000000e+00,-4.341506907993749470e-02,-0.000000000000000000e+00,-0.000000000000000000e+00,-3.314375548043975162e-01,-0.000000000000000000e+00,-0.000000000000000000e+00,-0.000000000000000000e+00
-1.875924489355847158e-01,-1.025184448174431689e-01,-0.000000000000000000e+00,-0.000000000000000000e+00,-0.000000000000000000e+00,-0.000000000000000000e+00,0.000000000000000000e+00,-0.000000000000000000e+00,-2.770213305337082543e-01,-0.000000000000000000e+00,-0.000000000000000000e+00,-0.000000000000000000e+00,-0.000000000000000000e+00,-0.000000000000000000e+00,1.692716614883164716e+00,-1.143011184353912996e-01,-0.000000000000000000e+00,-5.152458277439083550e-02,-1.912592979596050013e-01,-0.000000000000000000e+00,-0.000000000000000000e+00,-0.000000000000000000e+00,-0.000000000000000000e+00,-0.000000000000000000e+00,-0.000000000000000000e+00,-0.000000000000000000e+00,0.000000000000000000e+00,-7.453043946248856522e-02,-4.731965159766014090e-02,-0.000000000000000000e+00,-0.000000000000000000e+00,-0.000000000000000000e+00,-0.000000000000000000e+00,-0.000000000000000000e+00,0.000000000000000000e+00,0.000000000000000000e+00,-0.000000000000000000e+00,-2.688796195835450598e-01,-1.692503734442297458e-01
-3.290364159273295730e-01,-4.575164057759412706e-01,-0.000000000000000000e+00,-0.000000000000000000e+00,-0.000000000000000000e+00,-0.000000000000000000e+00,0.000000000000000000e+00,0.000000000000000000e+00,-2.137493766950468166e-01,-5.267485737509219890e-01,0.000000000000000000e+00,-0.000000000000000000e+00,-0.000000000000000000e+00,-0.000000000000000000e+00,-1.143011184353912996e-01,2.428310299460555655e+00,0.000000000000000000e+00,-3.352015314642644433e-02,-1.077640847709880785e-02,0.000000000000000000e+00,-0.000000000000000000e+00,-0.000000000000000000e+00,-1.965836526959691688e-01,-0.000000000000000000e+00,-0.000000000000000000e+00,-0.000000000000000000e+00,0.000000000000000000e+00,-0.000000000000000000e+00,-0.000000000000000000e+00,-7.827799648170366553e-02,-0.000000000000000000e+00,-0.000000000000000000e+00,0.000000000000000000e+00,-0.000000000000000000e+00,0.000000000000000000e+00,0.000000000000000000e+00,-0.000000000000000000e+00,-1.979809436090888553e-01,-2.751158513652002258e-01
0.000000000000000000e+00,0.000000000000000000e+00,0.000000000000000000e+00,-0.000000000000000000e+00,0.000000000000000000e+00,0.000000000000000000e+00,-0.000000000000000000e+00,-0.000000000000000000e+00,-0.000000000000000000e+00,0.000000000000000000e+00,-6.368575509459877271e-01,-0.000000000000000000e+00,-2.262313946929933040e-01,-0.000000000000000000e+00,-0.000000000000000000e+00,0.000000000000000000e+00,2.066749397732820626e+00,0.000000000000000000e+00,-0.000000000000000000e+00,-1.948631039223033823e-01,-2.926519200681377830e-01,-2.254942267240181430e-01,-0.000000000000000000e+00,0.000000000000000000e+00,0.000000000000000000e+00,-0.000000000000000000e+00,-0.000000000000000000e+00,-2.461755315396323418e-01,-0.000000000000000000e+00,-0.000000000000000000e+00,-0.000000000000000000e+00,-0.000000000000000000e+00,-1.958528813299255655e-01,0.000000000000000000e+00,-0.000000000000000000e+00,-0.000000000000000000e+00,0.000000000000000000e+00,0.000000000000000000e+00,-0.000000000000000000e+00
-1.788510770943192996e-01,-1.050451747565550459e-01,-7.232040119332408534e-02,-1.092644717053858211e-02,-4.869725897401469550e-01,-0.000000000000000000e+00,9.650313764247372972e-02,5.197640009875625217e-02,-7.280811598084220571e-02,-1.381170435186938328e-01,0.000000000000000000e+00,-0.000000000000000000e+00,0.000000000000000000e+00,-0.000000000000000000e+00,-5.152458277439083550e-02,-3.352015314642644433e-02,0.000000000000000000e+00,2.218880134139096683e+00,-2.613124542200421785e-01,0.000000000000000000e+00,0.000000000000000000e+00,0.000000000000000000e+00,-0.000000000000000000e+00,-0.000000000000000000e+00,-0.000000000000000000e+00,-0.000000000000000000e+00,0.000000000000000000e+00,-0.000000000000000000e+00,-0.000000000000000000e+00,-0.000000000000000000e+00,-0.000000000000000000e+00,-0.000000000000000000e+00,0.000000000000000000e+00,-6.817264856222031710e-01,0.000000000000000000e+00,0.000000000000000000e+00,-0.000000000000000000e+00,-0.000000000000000000e+00,-0.000000000000000000e+00
-0.000000000000000000e+00,-1.963221022713259600e-01,-0.000000000000000000e+00,-0.000000000000000000e+00,-0.000000000000000000e+00,-0.000000000000000000e+00,0.000000000000000000e+00,0.000000000000000000e+00,-0.000000000000000000e+00,-2.088577997948376230e-01,0.000000000000000000e+00,-3.037372587871923213e-01,-0.000000000000000000e+00,-0.000000000000000000e+00,-1.912592979596050013e-01,-1.077640847709880785e-02,-0.000000000000000000e+00,-2.613124542200421785e-01,1.790855082773224582e+00,0.000000000000000000e+00,-0.000000000000000000e+00,-0.000000000000000000e+00,-6.532858210022637890e-02,-0.000000000000000000e+00,-0.000000000000000000e+00,0.000000000000000000e+00,0.000000000000000000e+00,-0.000000000000000000e+00,0.000000000000000000e+00,-0.000000000000000000e+00,-0.000000000000000000e+00,-2.145726874507444815e-01,-0.000000000000000000e+00,-0.000000000000000000e+00,0.000000000000000000e+00,1.406102546896624006e-01,-0.000000000000000000e+00,-0.000000000000000000e+00,-1.716587027859748926e-01
0.000000000000000000e+00,0.000000000000000000e+00,0.000000000000000000e+00,-0.000000000000000000e+00,0.000000000000000000e+00,0.000000000000000000e+00,-2.834408710152850341e-01,-0.000000000000000000e+00,-0.000000000000000000e+00,0.000000000000000000e+00,-3.373711113923403837e-01,-0.000000000000000000e+00,-0.000000000000000000e+00,-0.000000000000000000e+00,-0.000000000000000000e+00,0.000000000000000000e+00,-1.948631039223033823e-01,0.000000000000000000e+00,0.000000000000000000e+00,2.056604633765203971e+00,-4.158227713232023337e-01,-1.504115485437924893e-01,-0.000000000000000000e+00,-0.000000000000000000e+00,0.000000000000000000e+00,-0.000000000000000000e+00,-2.522225764926910307e-01,-0.000000000000000000e+00,-0.000000000000000000e+00,0.000000000000000000e+00,-0.000000000000000000e+00,-0.000000000000000000e+00,-3.475879496039005478e-01,9.386112166136033330e-02,-2.064648215024355582e-01,-0.000000000000000000e+00,-0.000000000000000000e+00,0.000000000000000000e+00,0.000000000000000000e+00
0.000000000000000000e+00,-0.000000000000000000e+00,0.000000000000000000e+00,-0.000000000000000000e+00,0.000000000000000000e+00,-0.000000000000000000e+00,-0.000000000000000000e+00,-0.000000000000000000e+00,-0.000000000000000000e+00,-0.000000000000000000e+00,-2.445554258379868118e-01,-0.000000000000000000e+00,-8.900250015864662190e-02,-0.000000000000000000e+00,-0.000000000000000000e+00,-0.000000000000000000e+00,-2.926519200681377830e-01,0.000000000000000000e+00,-0.000000000000000000e+00,-4.158227713232023337e-01,2.352149486253879651e+00,-3.077431515399622342e-01,-0.000000000000000000e+00,-0.000000000000000000e+00,0.000000000000000000e+00,-0.000000000000000000e+00,-6.658922611546992144e-03,-1.741901978552891916e-01,-0.000000000000000000e+00,-0.000000000000000000e+00,-0.000000000000000000e+00,-8.020586737585345960e-02,-7.475484862514512052e-01,0.000000000000000000e+00,-0.000000000000000000e+00,0.000000000000000000e+00,-0.000000000000000000e+00,0.000000000000000000e+00,-0.000000000000000000e+00
0.000000000000000000e+00,-0.000000000000000000e+00,0.000000000000000000e+00,-0.000000000000000000e+00,0.000000000000000000e+00,0.000000000000000000e+00,-0.000000000000000000e+00,-0.000000000000000000e+00,-0.000000000000000000e+00,-0.000000000000000000e+00,-0.000000000000000000e+00,-1.727706717273340131e-01,-4.683800541475036106e-01,-0.000000000000000000e+00,-0.000000000000000000e+00,-0.000000000000000000e+00,-2.254942267240181430e-01,0.000000000000000000e+00,-0.000000000000000000e+00,-1.504115485437924893e-01,-3.077431515399622342e-01,2.009252260163431281e+00,-0.000000000000000000e+00,0.000000000000000000e+00,0.000000000000000000e+00,0.000000000000000000e+00,-0.000000000000000000e+00,-1.407081061898704522e-01,0.000000000000000000e+00,-0.000000000000000000e+00,-0.000000000000000000e+00,-3.140186771641468866e-01,-1.938677544568824795e-01,0.000000000000000000e+00,-0.000000000000000000e+00,0.000000000000000000e+00,-0.000000000000000000e+00,-0.000000000000000000e+00,-0.000000000000000000e+00
-0.000000000000000000e+00,-2.281829185820802297e-01,-0.000000000000000000e+00,-0.000000000000000000e+00,-0.000000000000000000e+00,-0.000000000000000000e+00,0.000000000000000000e+00,0.000000000000000000e+00,-2.781971692493989123e-01,-4.184982534465469528e-01,0.000000000000000000e+00,-2.769356883097194300e-01,-0.000000000000000000e+00,-0.000000000000000000e+00,-0.000000000000000000e+00,-1.965836526959691688e-01,-0.000000000000000000e+00,-0.000000000000000000e+00,-6.532858210022637890e-02,-0.000000000000000000e+00,-0.000000000000000000e+00,-0.000000000000000000e+00,2.291417859061282591e+00,-0.000000000000000000e+00,-4.078617650535225625e-01,-0.000000000000000000e+00,-0.000000000000000000e+00,-0.000000000000000000e+00,-0.000000000000000000e+00,-0.000000000000000000e+00,-1.978192297127474575e-01,-1.884123949619181948e-01,-0.000000000000000000e+00,-0.000000000000000000e+00,0.000000000000000000e+00,0.000000000000000000e+00,-7.692834053846636308e-03,-0.000000000000000000e+00,-1.031701330979412773e-01
-0.000000000000000000e+00,-0.000000000000000000e+00,-0.000000000000000000e+00,-0.000000000000000000e+00,-0.000000000000000000e+00,-0.000000000000000000e+00,0.000000000000000000e+00,1.066732958534570008e-01,-0.000000000000000000e+00,-0.000000000000000000e+00,0.000000000000000000e+00,-0.000000000000000000e+00,0.000000000000000000e+00,-1.386075870647301145e-01,-0.000000000000000000e+00,-0.000000000000000000e+00,0.000000000000000000e+00,-0.000000000000000000e+00,-0.000000000000000000e+00,-0.000000000000000000e+00,-0.000000000000000000e+00,0.000000000000000000e+00,-0.000000000000000000e+00,1.411766344125799710e+00,-2.531850096295563679e-01,-1.110537583669632400e-01,-0.000000000000000000e+00,0.000000000000000000e+00,-8.666837518927825168e-02,0.000000000000000000e+00,-1.020942926145467361e-01,-0.000000000000000000e+00,-0.000000000000000000e+00,-0.000000000000000000e+00,-0.000000000000000000e+00,-0.000000000000000000e+00,-3.430167871116741596e-01,-0.000000000000000000e+00,-0.000000000000000000e+00
-1.676403008082072155e-01,-2.282982292245528122e-01,-1.306479933007936578e-01,-0.000000000000000000e+00,-4.081236165260733184e-01,-1.282405828253467550e-01,1.268117720177724395e-01,8.454595642048544357e-02,-2.816140987816067587e-01,-0.000000000000000000e+00,0.000000000000000000e+00,-0.000000000000000000e+00,0.000000000000000000e+00,-0.000000000000000000e+00,-0.000000000000000000e+00,-0.000000000000000000e+00,0.000000000000000000e+00,-0.000000000000000000e+00,-0.000000000000000000e+00,0.000000000000000000e+00,0.000000000000000000e+00,0.000000000000000000e+00,-4.078617650535225625e-01,-2.531850096295563679e-01,2.233413049904236836e+00,-1.482641202146508241e-01,0.000000000000000000e+00,-0.000000000000000000e+00,-0.000000000000000000e+00,-0.000000000000000000e+00,-0.000000000000000000e+00,-0.000000000000000000e+00,0.000000000000000000e+00,-1.507942005665608709e-01,0.000000000000000000e+00,-0.000000000000000000e+00,-0.000000000000000000e+00,-1.455917632440287442e-02,-0.000000000000000000e+00
-0.000000000000000000e+00,-0.000000000000000000e+00,-2.552907682234946130e-01,-1.341069838470253517e-01,-0.000000000000000000e+00,-0.000000000000000000e+00,0.000000000000000000e+00,1.347797524216251264e-01,-1.113895200619230974e-01,-0.000000000000000000e+00,-0.000000000000000000e+00,0.000000000000000000e+00,1.571814338322660015e-02,-2.466970076076137053e-01,-0.000000000000000000e+00,-0.000000000000000000e+00,-0.000000000000000000e+00,-0.000000000000000000e+00,0.000000000000000000e+00,-0.000000000000000000e+00,-0.000000000000000000e+00,0.000000000000000000e+00,-0.000000000000000000e+00,-1.110537583669632400e-01,-1.482641202146508241e-01,1.720337209630669939e+00,-2.340097507043327751e-01,-0.000000000000000000e+00,-4.162876207336306811e-01,0.000000000000000000e+00,-3.979327210054145469e-02,0.000000000000000000e+00,-0.000000000000000000e+00,-0.000000000000000000e+00,-0.000000000000000000e+00,-0.000000000000000000e+00,-0.000000000000000000e+00,-0.000000000000000000e+00,-0.000000000000000000e+00
0.000000000000000000e+00,0.000000000000000000e+00,-0.000000000000000000e+00,-4.565321354754962868e-02,0.000000000000000000e+00,-0.000000000000000000e+00,-0.000000000000000000e+00,0.000000000000000000e+00,-0.000000000000000000e+00,0.000000000000000000e+00,-8.434609583585632453e-02,0.000000000000000000e+00,-0.000000000000000000e+00,-2.981543253212860511e-01,0.000000000000000000e+00,0.000000000000000000e+00,-0.000000000000000000e+00,0.000000000000000000e+00,0.000000000000000000e+00,-2.522225764926910307e-01,-6.658922611546992144e-03,-0.000000000000000000e+00,-0.000000000000000000e+00,-0.000000000000000000e+00,0.000000000000000000e+00,-2.340097507043327751e-01,1.685076519524240091e+00,-0.000000000000000000e+00,-0.000000000000000000e+00,0.000000000000000000e+00,-2.017408940608795068e-02,-0.000000000000000000e+00,-4.292100800717796871e-01,0.000000000000000000e+00,-3.144613580428404775e-01,-0.000000000000000000e+00,-0.000000000000000000e+00,8.365794987666926030e-02,0.000000000000000000e+00
-0.000000000000000000e+00,-0.000000000000000000e+00,-0.000000000000000000e+00,-1.593969991357157834e-01,-0.000000000000000000e+00,0.000000000000000000e+00,0.000000000000000000e+00,0.000000000000000000e+00,-5.239459700046686375e-02,-0.000000000000000000e+00,-0.000000000000000000e+00,-4.491572555917780485e-01,-1.096531342789406477e-01,-2.895191321555453182e-02,-7.453043946248856522e-02,-0.000000000000000000e+00,-2.461755315396323418e-01,-0.000000000000000000e+00,-0.000000000000000000e+00,-0.000000000000000000e+00,-1.741901978552891916e-01,-1.407081061898704522e-01,-0.000000000000000000e+00,0.000000000000000000e+00,-0.000000000000000000e+00,-0.000000000000000000e+00,-0.000000000000000000e+00,1.813918624014001946e+00,-0.000000000000000000e+00,-2.423455723496014888e-02,-7.078450252375204088e-02,-2.689404300708007067e-01,-1.148094232751113893e-02,-0.000000000000000000e+00,0.000000000000000000e+00,-0.000000000000000000e+00,-0.000000000000000000e+00,-0.000000000000000000e+00,-0.000000000000000000e+00
-2.311700099163832567e-01,-0.000000000000000000e+00,-0.000000000000000000e+00,-0.000000000000000000e+00,-0.000000000000000000e+00,-1.688566783379693015e-01,-0.000000000000000000e+00,0.000000000000000000e+00,-0.000000000000000000e+00,0.000000000000000000e+00,-0.000000000000000000e+00,0.000000000000000000e+00,0.000000000000000000e+00,-0.000000000000000000e+00,-4.731965159766014090e-02,-0.000000000000000000e+00,-0.000000000000000000e+00,-0.000000000000000000e+00,0.000000000000000000e+00,-0.000000000000000000e+00,-0.000000000000000000e+00,0.000000000000000000e+00,-0.000000000000000000e+00,-8.666837518927825168e-02,-0.000000000000000000e+00,-4.162876207336306811e-01,-0.000000000000000000e+00,-0.000000000000000000e+00,1.357204041606140610e+00,0.000000000000000000e+00,-0.000000000000000000e+00,-0.000000000000000000e+00,-0.000000000000000000e+00,-0.000000000000000000e+00,-1.098222847049266232e-01,-0.000000000000000000e+00,-0.000000000000000000e+00,-2.815414772339984092e-02,-0.000000000000000000e+00
-0.000000000000000000e+00,-0.000000000000000000e+00,0.000000000000000000e+00,-0.000000000000000000e+00,-0.000000000000000000e+00,1.004483953472375540e-01,0.000000000000000000e+00,-0.000000000000000000e+00,-1.413076743649511191e-01,-3.470015189332292249e-01,-0.000000000000000000e+00,-0.000000000000000000e+00,-0.000000000000000000e+00,-0.000000000000000000e+00,-0.000000000000000000e+00,-7.827799648170366553e-02,-0.000000000000000000e+00,-0.000000000000000000e+00,-0.000000000000000000e+00,0.000000000000000000e+00,-0.000000000000000000e+00,-0.000000000000000000e+00,-0.000000000000000000e+00,0.000000000000000000e+00,-0.000000000000000000e+00,0.000000000000000000e+00,0.000000000000000000e+00,-2.423455723496014888e-02,0.000000000000000000e+00,1.325287526027818297e+00,-0.000000000000000000e+00,-0.000000000000000000e+00,0.000000000000000000e+00,-0.000000000000000000e+00,2.206438391278924827e-01,-0.000000000000000000e+00,0.000000000000000000e+00,-0.000000000000000000e+00,-1.470610858536306187e-01
-0.000000000000000000e+00,-0.000000000000000000e+00,-3.648710318438470046e-01,-0.000000000000000000e+00,-0.000000000000000000e+00,-0.000000000000000000e+00,0.000000000000000000e+00,0.000000000000000000e+00,-0.000000000000000000e+00,-0.000000000000000000e+00,-0.000000000000000000e+00,-1.427577873228895178e-01,-0.000000000000000000e+00,-2.701406517312018307e-01,-0.000000000000000000e+00,-0.000000000000000000e+00,-0.000000000000000000e+00,-0.000000000000000000e+00,-0.000000000000000000e+00,-0.000000000000000000e+00,-0.000000000000000000e+00,-0.000000000000000000e+00,-1.978192297127474575e-01,-1.020942926145467361e-01,-0.000000000000000000e+00,-3.979327210054145469e-02,-2.017408940608795068e-02,-7.078450252375204088e-02,-0.000000000000000000e+00,-0.000000000000000000e+00,1.757658500057722950e+00,-7.234114541537300935e-03,-3.031003248150176410e-01,-0.000000000000000000e+00,-0.000000000000000000e+00,-0.000000000000000000e+00,-2.786165758982394602e-01,-0.000000000000000000e+00,-0.000000000000000000e+00
-0.000000000000000000e+00,-0.000000000000000000e+00,-0.000000000000000000e+00,-1.231311129872762061e-01,-0.000000000000000000e+00,-0.000000000000000000e+00,0.000000000000000000e+00,0.000000000000000000e+00,-0.000000000000000000e+00,-0.000000000000000000e+00,-0.000000000000000000e+00,-5.734388174055146115e-01,-2.407544027598835790e-01,-0.000000000000000000e+00,-0.000000000000000000e+00,-0.000000000000000000e+00,-0.000000000000000000e+00,-0.000000000000000000e+00,-2.145726874507444815e-01,-0.000000000000000000e+00,-8.020586737585345960e-02,-3.140186771641468866e-01,-1.884123949619181948e-01,-0.000000000000000000e+00,-0.000000000000000000e+00,0.000000000000000000e+00,-0.000000000000000000e+00,-2.689404300708007067e-01,-0.000000000000000000e+00,-0.000000000000000000e+00,-7.234114541537300935e-03,2.183545429929250492e+00,-1.112443770553046135e-01,-0.000000000000000000e+00,0.000000000000000000e+00,0.000000000000000000e+00,-2.752982450767336720e-01,-0.000000000000000000e+00,-0.000000000000000000e+00
0.000000000000000000e+00,-0.000000000000000000e+00,-0.000000000000000000e+00,-1.664485415115287900e-02,0.000000000000000000e+00,-0.000000000000000000e+00,-0.000000000000000000e+00,-0.000000000000000000e+00,-0.000000000000000000e+00,-0.000000000000000000e+00,-8.773385662565193199e-02,-0.000000000000000000e+00,-0.000000000000000000e+00,-4.341506907993749470e-02,-0.000000000000000000e+00,0.000000000000000000e+00,-1.958528813299255655e-01,0.000000000000000000e+00,-0.000000000000000000e+00,-3.475879496039005478e-01,-7.475484862514512052e-01,-1.938677544568824795e-01,-0.000000000000000000e+00,-0.000000000000000000e+00,0.000000000000000000e+00,-0.000000000000000000e+00,-4.292100800717796871e-01,-1.148094232751113893e-02,-0.000000000000000000e+00,0.000000000000000000e+00,-3.031003248150176410e-01,-1.112443770553046135e-01,2.430199592270871012e+00,0.000000000000000000e+00,-5.461137827727285607e-03,-0.000000000000000000e+00,-1.725489035112739156e-01,0.000000000000000000e+00,0.000000000000000000e+00
-5.260734396907459920e-02,-2.246036496783746644e-02,-1.421450461927949716e-01,-0.000000000000000000e+00,-6.464595110250671572e-01,-0.000000000000000000e+00,3.595971353639741963e-01,5.545295491077361499e-03,-0.000000000000000000e+00,-1.377858875376822556e-01,0.000000000000000000e+00,-0.000000000000000000e+00,0.000000000000000000e+00,-0.000000000000000000e+00,-0.000000000000000000e+00,-0.000000000000000000e+00,0.000000000000000000e+00,-6.817264856222031710e-01,-0.000000000000000000e+00,9.386112166136033330e-02,0.000000000000000000e+00,0.000000000000000000e+00,-0.000000000000000000e+00,-0.000000000000000000e+00,-1.507942005665608709e-01,-0.000000000000000000e+00,0.000000000000000000e+00,-0.000000000000000000e+00,-0.000000000000000000e+00,-0.000000000000000000e+00,-0.000000000000000000e+00,-0.000000000000000000e+00,0.000000000000000000e+00,2.416707827285521137e+00,2.191742391801241863e-01,-0.000000000000000000e+00,-0.000000000000000000e+00,-1.082141177724742498e-01,-1.303126579606365132e-01
0.000000000000000000e+00,0.000000000000000000e+00,-0.000000000000000000e+00,-0.000000000000000000e+00,0.000000000000000000e+00,-0.000000000000000000e+00,-0.000000000000000000e+00,0.000000000000000000e+00,0.000000000000000000e+00,4.516923238908292920e-02,-0.000000000000000000e+00,0.000000000000000000e+00,0.000000000000000000e+00,-0.000000000000000000e+00,0.000000000000000000e+00,0.000000000000000000e+00,-0.000000000000000000e+00,0.000000000000000000e+00,0.000000000000000000e+00,-2.064648215024355582e-01,-0.000000000000000000e+00,-0.000000000000000000e+00,0.000000000000000000e+00,-0.000000000000000000e+00,0.000000000000000000e+00,-0.000000000000000000e+00,-3.144613580428404775e-01,0.000000000000000000e+00,-1.098222847049266232e-01,2.206438391278924827e-01,-0.000000000000000000e+00,0.000000000000000000e+00,-5.461137827727285607e-03,2.191742391801241863e-01,1.360968783654702863e+00,0.000000000000000000e+00,-2.569974727379457646e-01,0.000000000000000000e+00,0.000000000000000000e+00
0.000000000000000000e+00,0.000000000000000000e+00,-0.000000000000000000e+00,-0.000000000000000000e+00,-0.000000000000000000e+00,1.515855409451382502e-02,-0.000000000000000000e+00,0.000000000000000000e+00,-0.000000000000000000e+00,0.000000000000000000e+00,-0.000000000000000000e+00,0.000000000000000000e+00,0.000000000000000000e+00,-3.314375548043975162e-01,0.000000000000000000e+00,0.000000000000000000e+00,-0.000000000000000000e+00,0.000000000000000000e+00,1.406102546896624006e-01,-0.000000000000000000e+00,0.000000000000000000e+00,0.000000000000000000e+00,0.000000000000000000e+00,-0.000000000000000000e+00,-0.000000000000000000e+00,-0.000000000000000000e+00,-0.000000000000000000e+00,-0.000000000000000000e+00,-0.000000000000000000e+00,-0.000000000000000000e+00,-0.000000000000000000e+00,0.000000000000000000e+00,-0.000000000000000000e+00,-0.000000000000000000e+00,0.000000000000000000e+00,1.100830039559668183e+00,0.000000000000000000e+00,0.000000000000000000e+00,0.000000000000000000e+00
-0.000000000000000000e+00,-0.000000000000000000e+00,-0.000000000000000000e+00,-0.000000000000000000e+00,-0.000000000000000000e+00,-4.353223986569270121e-01,0.000000000000000000e+00,0.000000000000000000e+00,-0.000000000000000000e+00,-0.000000000000000000e+00,0.000000000000000000e+00,-0.000000000000000000e+00,-0.000000000000000000e+00,-0.000000000000000000e+00,-0.000000000000000000e+00,-0.000000000000000000e+00,0.000000000000000000e+00,-0.000000000000000000e+00,-0.000000000000000000e+00,-0.000000000000000000e+00,-0.000000000000000000e+00,-0.000000000000000000e+00,-7.692834053846636308e-03,-3.430167871116741596e-01,-0.000000000000000000e+00,-0.000000000000000000e+00,-0.000000000000000000e+00,-0.000000000000000000e+00,-0.000000000000000000e+00,0.000000000000000000e+00,-2.786165758982394602e-01,-2.752982450767336720e-01,-1.725489035112739156e-01,-0.000000000000000000e+00,-2.569974727379457646e-01,0.000000000000000000e+00,1.693971718641857471e+00,-0.000000000000000000e+00,-0.000000000000000000e+00
-5.746188778094512006e-01,-1.662100418317391248e-01,-0.000000000000000000e+00,-0.000000000000000000e+00,-0.000000000000000000e+00,-0.000000000000000000e+00,0.000000000000000000e+00,0.000000000000000000e+00,-1.324023490932314286e-02,-0.000000000000000000e+00,0.000000000000000000e+00,-0.000000000000000000e+00,0.000000000000000000e+00,-0.000000000000000000e+00,-2.688796195835450598e-01,-1.979809436090888553e-01,0.000000000000000000e+00,-0.000000000000000000e+00,-0.000000000000000000e+00,0.000000000000000000e+00,0.000000000000000000e+00,-0.000000000000000000e+00,-0.000000000000000000e+00,-0.000000000000000000e+00,-1.455917632440287442e-02,-0.000000000000000000e+00,8.365794987666926030e-02,-0.000000000000000000e+00,-2.815414772339984092e-02,-0.000000000000000000e+00,-0.000000000000000000e+00,-0.000000000000000000e+00,0.000000000000000000e+00,-1.082141177724742498e-01,0.000000000000000000e+00,0.000000000000000000e+00,-0.000000000000000000e+00,1.973580548562475334e+00,-4.097821321807024741e-01
-0.000000000000000000e+00,-4.563245324693305793e-01,-0.000000000000000000e+00,-0.000000000000000000e+00,-0.000000000000000000e+00,-0.000000000000000000e+00,1.249924310863696243e-02,0.000000000000000000e+00,-2.194302452091384248e-01,-2.214639156670062947e-01,0.000000000000000000e+00,-2.191521317621774601e-01,-0.000000000000000000e+00,-0.000000000000000000e+00,-1.692503734442297458e-01,-2.751158513652002258e-01,-0.000000000000000000e+00,-0.000000000000000000e+00,-1.716587027859748926e-01,0.000000000000000000e+00,-0.000000000000000000e+00,-0.000000000000000000e+00,-1.031701330979412773e-01,-0.000000000000000000e+00,-0.000000000000000000e+00,-0.000000000000000000e+00,0.000000000000000000e+00,-0.000000000000000000e+00,-0.000000000000000000e+00,-1.470610858536306187e-01,-0.000000000000000000e+00,-0.000000000000000000e+00,0.000000000000000000e+00,-1.303126579606365132e-01,0.000000000000000000e+00,0.000000000000000000e+00,-0.000000000000000000e+00,-4.097821321807024741e-01,2.404108990341846219e+00
