1.548837662824297245e+00,-2.797609382448645321e-01,-1.013494895902569831e-01,-0.000000000000000000e+00,-6.092417031898515051e-02,-0.000000000000000000e+00,0.000000000000000000e+00,0.000000000000000000e+00,-1.115583550755801512e-01,-1.097703136134261515e-01,0.000000000000000000e+00,-0.000000000000000000e+00,0.000000000000000000e+00,-3.815771953398159472e-02,-0.000000000000000000e+00,-1.668229511888523198e-01,-0.000000000000000000e+00,-0.000000000000000000e+00,-0.000000000000000000e+00,-0.000000000000000000e+00,-0.000000000000000000e+00,-0.000000000000000000e+00,-7.885463596191952251e-02,-1.525984726375850808e-02,-9.544886262510399177e-02,-5.036418972691904250e-02,-0.000000000000000000e+00,-7.891555365150392312e-03,-0.000000000000000000e+00,-1.888099739832098944e-01,-0.000000000000000000e+00,-0.000000000000000000e+00,-0.000000000000000000e+00,-9.343080654660215756e-02,-0.000000000000000000e+00,-0.000000000000000000e+00,-0.000000000000000000e+00,-3.971646611178633601e-02,-2.371720651070965621e-02
-2.797609382448645321e-01,1.469541555242721342e+00,-4.422705207731803673e-02,-0.000000000000000000e+00,-4.109180273272722977e-02,-0.000000000000000000e+00,0.000000000000000000e+00,0.000000000000000000e+00,-1.701234954740993288e-01,-7.629247928315678606e-02,-0.000000000000000000e+00,-0.000000000000000000e+00,0.000000000000000000e+00,-9.832062517881972469e-03,-0.000000000000000000e+00,-1.152282650430894589e-01,-0.000000000000000000e+00,-0.000000000000000000e+00,-0.000000000000000000e+00,-0.000000000000000000e+00,-0.000000000000000000e+00,-0.000000000000000000e+00,-1.076869901858993894e-01,-4.889893912986070790e-02,-5.571831894952252590e-02,-3.785123000065866716e-02,-0.000000000000000000e+00,-2.326603250592695904e-02,-0.000000000000000000e+00,-2.015141069122177164e-01,-0.000000000000000000e+00,-0.000000000000000000e+00,-0.000000000000000000e+00,-3.584371703769930612e-02,-0.000000000000000000e+00,-0.000000000000000000e+00,-0.000000000000000000e+00,-3.372741120743427690e-02,-0.000000000000000000e+00
-1.013494895902569831e-01,-4.422705207731803673e-02,1.504206305367328689e+00,0.000000000000000000e+00,-2.296987583501378938e-01,-0.000000000000000000e+00,0.000000000000000000e+00,0.000000000000000000e+00,-7.624805664040304465e-02,-1.259701830401506462e-01,-0.000000000000000000e+00,-0.000000000000000000e+00,0.000000000000000000e+00,-4.152937668922279668e-02,-0.000000000000000000e+00,-9.306664099066713769e-02,-0.000000000000000000e+00,-1.093334370684430259e-03,-5.370771237074681813e-03,-8.418078711188306529e-02,-0.000000000000000000e+00,-8.874388123718409196e-03,-1.249199265586533637e-02,-0.000000000000000000e+00,-6.983396233610984771e-02,-5.943267374690648641e-03,-0.000000000000000000e+00,-5.194844968110363254e-02,-0.000000000000000000e+00,-1.076433094770705701e-01,-0.000000000000000000e+00,-0.000000000000000000e+00,-5.999167218968966264e-02,-1.799437990504891283e-01,-0.000000000000000000e+00,-3.974724834640553511e-02,-0.000000000000000000e+00,-7.451773109474654766e-02,-5.893096131683288330e-02
-0.000000000000000000e+00,-0.000000000000000000e+00,0.000000000000000000e+00,1.035102968873937934e+00,0.000000000000000000e+00,0.000000000000000000e+00,-0.000000000000000000e+00,0.000000000000000000e+00,-0.000000000000000000e+00,0.000000000000000000e+00,0.000000000000000000e+00,-0.000000000000000000e+00,1.906179168071983898e-01,0.000000000000000000e+00,-0.000000000000000000e+00,-0.000000000000000000e+00,0.000000000000000000e+00,-0.000000000000000000e+00,-0.000000000000000000e+00,0.000000000000000000e+00,0.000000000000000000e+00,0.000000000000000000e+00,0.000000000000000000e+00,0.000000000000000000e+00,0.000000000000000000e+00,0.000000000000000000e+00,0.000000000000000000e+00,0.000000000000000000e+00,0.000000000000000000e+00,-0.000000000000000000e+00,0.000000000000000000e+00,0.000000000000000000e+00,0.000000000000000000e+00,-0.000000000000000000e+00,0.000000000000000000e+00,-0.000000000000000000e+00,0.000000000000000000e+00,0.000000000000000000e+00,0.000000000000000000e+00
-6.092417031898515051e-02,-4.109180273272722977e-02,-2.296987583501378938e-01,0.000000000000000000e+00,1.450581753853989353e+00,-0.000000000000000000e+00,0.000000000000000000e+00,0.000000000000000000e+00,-1.049824507775653087e-01,-8.434767477180171724e-02,-0.000000000000000000e+00,-0.000000000000000000e+00,0.000000000000000000e+00,-5.965656290892453091e-03,-0.000000000000000000e+00,-2.338567880820730319e-02,-1.984957308557120867e-02,-0.000000000000000000e+00,-7.774056938263092242e-02,-0.000000000000000000e+00,-0.000000000000000000e+00,-0.000000000000000000e+00,-1.105124932702670620e-01,-0.000000000000000000e+00,-9.680482722767586035e-02,-5.714269779537797106e-02,-0.000000000000000000e+00,-6.133902028202322526e-02,-0.000000000000000000e+00,-9.231214396589509930e-02,-0.000000000000000000e+00,-0.000000000000000000e+00,-0.000000000000000000e+00,-6.150919672158590423e-02,-0.000000000000000000e+00,-4.933296675683694621e-02,-0.000000000000000000e+00,-1.304935918620689084e-01,-3.603244034894433068e-02
-0.000000000000000000e+00,-0.000000000000000000e+00,-0.000000000000000000e+00,0.000000000000000000e+00,-0.000000000000000000e+00,1.011169212570968368e+00,0.000000000000000000e+00,-0.000000000000000000e+00,-0.000000000000000000e+00,-0.000000000000000000e+00,-0.000000000000000000e+00,-0.000000000000000000e+00,-0.000000000000000000e+00,-0.000000000000000000e+00,-0.000000000000000000e+00,-0.000000000000000000e+00,-0.000000000000000000e+00,-0.000000000000000000e+00,-0.000000000000000000e+00,-0.000000000000000000e+00,-0.000000000000000000e+00,-0.000000000000000000e+00,-0.000000000000000000e+00,-0.000000000000000000e+00,-0.000000000000000000e+00,-0.000000000000000000e+00,-0.000000000000000000e+00,-0.000000000000000000e+00,-0.000000000000000000e+00,-0.000000000000000000e+00,-0.000000000000000000e+00,-1.062729540675487611e-01,-0.000000000000000000e+00,-0.000000000000000000e+00,-0.000000000000000000e+00,-0.000000000000000000e+00,-0.000000000000000000e+00,-0.000000000000000000e+00,-0.000000000000000000e+00
0.000000000000000000e+00,0.000000000000000000e+00,0.000000000000000000e+00,-0.000000000000000000e+00,0.000000000000000000e+00,0.000000000000000000e+00,1.070117253315678418e+00,-0.000000000000000000e+00,0.000000000000000000e+00,0.000000000000000000e+00,-0.000000000000000000e+00,1.883842791796916105e-01,-0.000000000000000000e+00,0.000000000000000000e+00,0.000000000000000000e+00,0.000000000000000000e+00,0.000000000000000000e+00,0.000000000000000000e+00,6.586125626717580228e-02,0.000000000000000000e+00,0.000000000000000000e+00,0.000000000000000000e+00,4.363057550080118308e-02,0.000000000000000000e+00,0.000000000000000000e+00,0.000000000000000000e+00,0.000000000000000000e+00,0.000000000000000000e+00,0.000000000000000000e+00,0.000000000000000000e+00,0.000000000000000000e+00,0.000000000000000000e+00,0.000000000000000000e+00,0.000000000000000000e+00,-0.000000000000000000e+00,0.000000000000000000e+00,0.000000000000000000e+00,0.000000000000000000e+00,8.463266628525048518e-02
0.000000000000000000e+00,0.000000000000000000e+00,0.000000000000000000e+00,0.000000000000000000e+00,0.000000000000000000e+00,-0.000000000000000000e+00,-0.000000000000000000e+00,1.008082239297686034e+00,0.000000000000000000e+00,0.000000000000000000e+00,-0.000000000000000000e+00,0.000000000000000000e+00,-0.000000000000000000e+00,0.000000000000000000e+00,0.000000000000000000e+00,0.000000000000000000e+00,0.000000000000000000e+00,9.026380884609520872e-02,0.000000000000000000e+00,-0.000000000000000000e+00,-0.000000000000000000e+00,-0.000000000000000000e+00,0.000000000000000000e+00,0.000000000000000000e+00,0.000000000000000000e+00,0.000000000000000000e+00,-0.000000000000000000e+00,0.000000000000000000e+00,0.000000000000000000e+00,0.000000000000000000e+00,-0.000000000000000000e+00,-0.000000000000000000e+00,0.000000000000000000e+00,0.000000000000000000e+00,-0.000000000000000000e+00,0.000000000000000000e+00,-0.000000000000000000e+00,0.000000000000000000e+00,0.000000000000000000e+00
-1.115583550755801512e-01,-1.701234954740993288e-01,-7.624805664040304465e-02,-0.000000000000000000e+00,-1.049824507775653087e-01,-0.000000000000000000e+00,0.000000000000000000e+00,0.000000000000000000e+00,1.529045237417128167e+00,-2.626334552576614287e-02,0.000000000000000000e+00,-2.938551119635672212e-02,0.000000000000000000e+00,-0.000000000000000000e+00,-0.000000000000000000e+00,-5.254247016347530358e-02,-0.000000000000000000e+00,-1.395858075728995951e-01,-7.319814853845711677e-02,-0.000000000000000000e+00,-0.000000000000000000e+00,-0.000000000000000000e+00,-1.142630396670514942e-01,-0.000000000000000000e+00,-5.446265344588064466e-02,-0.000000000000000000e+00,-0.000000000000000000e+00,-0.000000000000000000e+00,-0.000000000000000000e+00,-2.335938810427281853e-01,-0.000000000000000000e+00,-0.000000000000000000e+00,-0.000000000000000000e+00,-1.899282222381189211e-01,-0.000000000000000000e+00,-3.949173436228808204e-02,-0.000000000000000000e+00,-3.092800685570954236e-02,-7.960305424462221779e-02
-1.097703136134261515e-01,-7.629247928315678606e-02,-1.259701830401506462e-01,0.000000000000000000e+00,-8.434767477180171724e-02,-0.000000000000000000e+00,0.000000000000000000e+00,0.000000000000000000e+00,-2.626334552576614287e-02,1.554810467055893985e+00,-0.000000000000000000e+00,-0.000000000000000000e+00,-0.000000000000000000e+00,-2.591236754402597223e-02,-0.000000000000000000e+00,-1.742573017136577473e-01,-0.000000000000000000e+00,-0.000000000000000000e+00,-0.000000000000000000e+00,-3.816704340898462167e-02,-0.000000000000000000e+00,-4.943185393657656412e-02,-5.356096711738724675e-02,-4.473435863005184587e-02,-9.672802581049107229e-02,-9.459773203786814300e-02,-2.169992793447089383e-02,-5.802866716776586276e-02,-0.000000000000000000e+00,-1.074021860085148383e-01,-5.439495514162114714e-03,-0.000000000000000000e+00,-6.179615904819021205e-02,-0.000000000000000000e+00,-0.000000000000000000e+00,-1.070592135974829107e-01,-0.000000000000000000e+00,-1.303305922739239064e-01,-1.121501530980286154e-01
0.000000000000000000e+00,-0.000000000000000000e+00,-0.000000000000000000e+00,0.000000000000000000e+00,-0.000000000000000000e+00,-0.000000000000000000e+00,-0.000000000000000000e+00,-0.000000000000000000e+00,0.000000000000000000e+00,-0.000000000000000000e+00,1.002665750992262073e+00,0.000000000000000000e+00,-5.169968498726595224e-02,-0.000000000000000000e+00,0.000000000000000000e+00,-0.000000000000000000e+00,-0.000000000000000000e+00,0.000000000000000000e+00,0.000000000000000000e+00,-0.000000000000000000e+00,-0.000000000000000000e+00,-0.000000000000000000e+00,-0.000000000000000000e+00,-0.000000000000000000e+00,-0.000000000000000000e+00,-0.000000000000000000e+00,-0.000000000000000000e+00,-0.000000000000000000e+00,-0.000000000000000000e+00,-0.000000000000000000e+00,-0.000000000000000000e+00,-0.000000000000000000e+00,-0.000000000000000000e+00,0.000000000000000000e+00,-0.000000000000000000e+00,-0.000000000000000000e+00,-0.000000000000000000e+00,-0.000000000000000000e+00,-0.000000000000000000e+00
-0.000000000000000000e+00,-0.000000000000000000e+00,-0.000000000000000000e+00,-0.000000000000000000e+00,-0.000000000000000000e+00,-0.000000000000000000e+00,1.883842791796916105e-01,0.000000000000000000e+00,-2.938551119635672212e-02,-0.000000000000000000e+00,0.000000000000000000e+00,1.303202798431294163e+00,0.000000000000000000e+00,-0.000000000000000000e+00,-1.563504107536794474e-01,-0.000000000000000000e+00,-0.000000000000000000e+00,-0.000000000000000000e+00,-2.644202253333683972e-01,-0.000000000000000000e+00,-0.000000000000000000e+00,-0.000000000000000000e+00,-0.000000000000000000e+00,-0.000000000000000000e+00,-0.000000000000000000e+00,-0.000000000000000000e+00,-0.000000000000000000e+00,-0.000000000000000000e+00,-0.000000000000000000e+00,-0.000000000000000000e+00,-0.000000000000000000e+00,-0.000000000000000000e+00,-0.000000000000000000e+00,-2.227783598517324160e-01,0.000000000000000000e+00,-1.482170160104131010e-02,-0.000000000000000000e+00,-0.000000000000000000e+00,-1.891017580230970052e-01
0.000000000000000000e+00,0.000000000000000000e+00,0.000000000000000000e+00,1.906179168071983898e-01,0.000000000000000000e+00,-0.000000000000000000e+00,-0.000000000000000000e+00,-0.000000000000000000e+00,0.000000000000000000e+00,-0.000000000000000000e+00,-5.169968498726595224e-02,0.000000000000000000e+00,1.077788272832656213e+00,-0.000000000000000000e+00,1.021510180816355001e-01,0.000000000000000000e+00,-0.000000000000000000e+00,1.116450243452790786e-01,0.000000000000000000e+00,-0.000000000000000000e+00,-1.026129844054462642e-01,-0.000000000000000000e+00,-0.000000000000000000e+00,-0.000000000000000000e+00,0.000000000000000000e+00,-0.000000000000000000e+00,-0.000000000000000000e+00,-0.000000000000000000e+00,-0.000000000000000000e+00,0.000000000000000000e+00,-0.000000000000000000e+00,-0.000000000000000000e+00,-0.000000000000000000e+00,0.000000000000000000e+00,-4.693371338570031387e-02,0.000000000000000000e+00,-0.000000000000000000e+00,-0.000000000000000000e+00,0.000000000000000000e+00
-3.815771953398159472e-02,-9.832062517881972469e-03,-4.152937668922279668e-02,0.000000000000000000e+00,-5.965656290892453091e-03,-0.000000000000000000e+00,0.000000000000000000e+00,0.000000000000000000e+00,-0.000000000000000000e+00,-2.591236754402597223e-02,-0.000000000000000000e+00,-0.000000000000000000e+00,-0.000000000000000000e+00,1.437525996564315012e+00,-0.000000000000000000e+00,-9.127811950481268255e-02,-0.000000000000000000e+00,-0.000000000000000000e+00,-0.000000000000000000e+00,-0.000000000000000000e+00,-0.000000000000000000e+00,-2.423505383309593891e-02,-4.933125392473156068e-02,-1.750218941343693047e-01,-2.025370333456658900e-01,-6.943022590475654565e-02,-0.000000000000000000e+00,-9.255074379692526665e-02,-1.196407129573448525e-01,-0.000000000000000000e+00,-0.000000000000000000e+00,-0.000000000000000000e+00,-1.865204750364384267e-01,-1.912044829566461948e-02,-0.000000000000000000e+00,-9.244916973897758516e-02,-6.889136303898472924e-02,-1.211918386532053089e-02,-0.000000000000000000e+00
-0.000000000000000000e+00,-0.000000000000000000e+00,-0.000000000000000000e+00,-0.000000000000000000e+00,-0.000000000000000000e+00,-0.000000000000000000e+00,0.000000000000000000e+00,0.000000000000000000e+00,-0.000000000000000000e+00,-0.000000000000000000e+00,0.000000000000000000e+00,-1.563504107536794474e-01,1.021510180816355001e-01,-0.000000000000000000e+00,1.114059023179739372e+00,-0.000000000000000000e+00,-0.000000000000000000e+00,-1.438689601123922246e-01,-1.599879281998058123e-01,-0.000000000000000000e+00,0.000000000000000000e+00,0.000000000000000000e+00,-0.000000000000000000e+00,-0.000000000000000000e+00,-0.000000000000000000e+00,-0.000000000000000000e+00,-0.000000000000000000e+00,-0.000000000000000000e+00,0.000000000000000000e+00,-0.000000000000000000e+00,0.000000000000000000e+00,-0.000000000000000000e+00,-0.000000000000000000e+00,-0.000000000000000000e+00,0.000000000000000000e+00,-0.000000000000000000e+00,0.000000000000000000e+00,-0.000000000000000000e+00,-0.000000000000000000e+00
-1.668229511888523198e-01,-1.152282650430894589e-01,-9.306664099066713769e-02,-0.000000000000000000e+00,-2.338567880820730319e-02,-0.000000000000000000e+00,0.000000000000000000e+00,0.000000000000000000e+00,-5.254247016347530358e-02,-1.742573017136577473e-01,-0.000000000000000000e+00,-0.000000000000000000e+00,0.000000000000000000e+00,-9.127811950481268255e-02,-0.000000000000000000e+00,1.390532119954107859e+00,-0.000000000000000000e+00,-2.167859232189438268e-02,-0.000000000000000000e+00,-0.000000000000000000e+00,-0.000000000000000000e+00,-0.000000000000000000e+00,-0.000000000000000000e+00,-0.000000000000000000e+00,-1.056334366000614283e-01,-4.007469221383692243e-02,-0.000000000000000000e+00,-0.000000000000000000e+00,-0.000000000000000000e+00,-1.166067632854706215e-01,-0.000000000000000000e+00,-0.000000000000000000e+00,-0.000000000000000000e+00,-3.803915069269600546e-02,-0.000000000000000000e+00,-1.472277716077428078e-01,-0.000000000000000000e+00,-0.000000000000000000e+00,-0.000000000000000000e+00
-0.000000000000000000e+00,-0.000000000000000000e+00,-0.000000000000000000e+00,0.000000000000000000e+00,-1.984957308557120867e-02,-0.000000000000000000e+00,0.000000000000000000e+00,0.000000000000000000e+00,-0.000000000000000000e+00,-0.000000000000000000e+00,-0.000000000000000000e+00,-0.000000000000000000e+00,-0.000000000000000000e+00,-0.000000000000000000e+00,-0.000000000000000000e+00,-0.000000000000000000e+00,1.405906904689139925e+00,-0.000000000000000000e+00,-0.000000000000000000e+00,-0.000000000000000000e+00,-1.100929714204413462e-01,-4.502017463486771703e-02,-1.029871677017543674e-01,-6.330381853138060400e-02,-0.000000000000000000e+00,-1.242333055409413911e-01,-1.244041565896689266e-01,-1.631012189485218367e-01,-0.000000000000000000e+00,-0.000000000000000000e+00,-1.164814353692455590e-01,-2.791719576786668155e-01,-6.607983349602417761e-03,-0.000000000000000000e+00,-0.000000000000000000e+00,-0.000000000000000000e+00,-9.016286879718305239e-03,-6.112101405469808763e-02,-0.000000000000000000e+00
-0.000000000000000000e+00,-0.000000000000000000e+00,-1.093334370684430259e-03,-0.000000000000000000e+00,-0.000000000000000000e+00,-0.000000000000000000e+00,0.000000000000000000e+00,9.026380884609520872e-02,-1.395858075728995951e-01,-0.000000000000000000e+00,0.000000000000000000e+00,-0.000000000000000000e+00,1.116450243452790786e-01,-0.000000000000000000e+00,-1.438689601123922246e-01,-2.167859232189438268e-02,-0.000000000000000000e+00,1.218878684192290507e+00,-2.367700771030222806e-01,-0.000000000000000000e+00,0.000000000000000000e+00,-0.000000000000000000e+00,-0.000000000000000000e+00,-0.000000000000000000e+00,-0.000000000000000000e+00,-0.000000000000000000e+00,-0.000000000000000000e+00,-0.000000000000000000e+00,-0.000000000000000000e+00,-4.239083856421648616e-02,-0.000000000000000000e+00,-0.000000000000000000e+00,-0.000000000000000000e+00,-1.679328622938294768e-01,0.000000000000000000e+00,-0.000000000000000000e+00,-0.000000000000000000e+00,-0.000000000000000000e+00,-0.000000000000000000e+00
-0.000000000000000000e+00,-0.000000000000000000e+00,-5.370771237074681813e-03,-0.000000000000000000e+00,-7.774056938263092242e-02,-0.000000000000000000e+00,6.586125626717580228e-02,0.000000000000000000e+00,-7.319814853845711677e-02,-0.000000000000000000e+00,0.000000000000000000e+00,-2.644202253333683972e-01,0.000000000000000000e+00,-0.000000000000000000e+00,-1.599879281998058123e-01,-0.000000000000000000e+00,-0.000000000000000000e+00,-2.367700771030222806e-01,1.327195270940948246e+00,-0.000000000000000000e+00,0.000000000000000000e+00,-0.000000000000000000e+00,-0.000000000000000000e+00,-0.000000000000000000e+00,-0.000000000000000000e+00,-0.000000000000000000e+00,-0.000000000000000000e+00,-0.000000000000000000e+00,-0.000000000000000000e+00,-0.000000000000000000e+00,-0.000000000000000000e+00,-0.000000000000000000e+00,-0.000000000000000000e+00,-1.496769637576517431e-01,0.000000000000000000e+00,-0.000000000000000000e+00,-0.000000000000000000e+00,-0.000000000000000000e+00,-1.174190282558982279e-01
-0.000000000000000000e+00,-0.000000000000000000e+00,-8.418078711188306529e-02,0.000000000000000000e+00,-0.000000000000000000e+00,-0.000000000000000000e+00,0.000000000000000000e+00,-0.000000000000000000e+00,-0.000000000000000000e+00,-3.816704340898462167e-02,-0.000000000000000000e+00,-0.000000000000000000e+00,-0.000000000000000000e+00,-0.000000000000000000e+00,-0.000000000000000000e+00,-0.000000000000000000e+00,-0.000000000000000000e+00,-0.000000000000000000e+00,-0.000000000000000000e+00,1.239630629315769506e+00,-0.000000000000000000e+00,-2.143696138979524213e-01,-0.000000000000000000e+00,-0.000000000000000000e+00,-0.000000000000000000e+00,-4.602343607625618976e-02,-9.195280423324275060e-03,-1.399494111805709151e-01,-5.203644683415902666e-02,-0.000000000000000000e+00,-5.366157167782254628e-02,-0.000000000000000000e+00,-1.176117718344044938e-01,-0.000000000000000000e+00,-0.000000000000000000e+00,-4.875149456272209747e-02,-2.591897338056448757e-02,-0.000000000000000000e+00,-0.000000000000000000e+00
-0.000000000000000000e+00,-0.000000000000000000e+00,-0.000000000000000000e+00,0.000000000000000000e+00,-0.000000000000000000e+00,-0.000000000000000000e+00,0.000000000000000000e+00,-0.000000000000000000e+00,-0.000000000000000000e+00,-0.000000000000000000e+00,-0.000000000000000000e+00,-0.000000000000000000e+00,-1.026129844054462642e-01,-0.000000000000000000e+00,0.000000000000000000e+00,-0.000000000000000000e+00,-1.100929714204413462e-01,0.000000000000000000e+00,0.000000000000000000e+00,-0.000000000000000000e+00,1.381137519832956739e+00,-2.278519239373344163e-01,-0.000000000000000000e+00,-0.000000000000000000e+00,-0.000000000000000000e+00,-0.000000000000000000e+00,-8.013715863522555272e-02,-6.469403908634104028e-02,-0.000000000000000000e+00,-0.000000000000000000e+00,-2.371435579127898485e-01,-1.872791752889109082e-02,-6.452808255548482530e-02,-0.000000000000000000e+00,-1.783164759369071928e-01,-0.000000000000000000e+00,-9.792282260814808015e-02,-0.000000000000000000e+00,-0.000000000000000000e+00
-0.000000000000000000e+00,-0.000000000000000000e+00,-8.874388123718409196e-03,0.000000000000000000e+00,-0.000000000000000000e+00,-0.000000000000000000e+00,0.000000000000000000e+00,-0.000000000000000000e+00,-0.000000000000000000e+00,-4.943185393657656412e-02,-0.000000000000000000e+00,-0.000000000000000000e+00,-0.000000000000000000e+00,-2.423505383309593891e-02,0.000000000000000000e+00,-0.000000000000000000e+00,-4.502017463486771703e-02,-0.000000000000000000e+00,-0.000000000000000000e+00,-2.143696138979524213e-01,-2.278519239373344163e-01,1.591732541573561255e+00,-0.000000000000000000e+00,-0.000000000000000000e+00,-0.000000000000000000e+00,-1.090546520829621530e-01,-6.267440260735289426e-02,-1.447840277309918600e-01,-9.900703638182171973e-02,-0.000000000000000000e+00,-1.803840671138481622e-01,-0.000000000000000000e+00,-2.069662697113573424e-01,-0.000000000000000000e+00,-5.586656146427959602e-02,-0.000000000000000000e+00,-1.066453697671287254e-01,-4.838416428462902902e-02,-0.000000000000000000e+00
-7.885463596191952251e-02,-1.076869901858993894e-01,-1.249199265586533637e-02,0.000000000000000000e+00,-1.105124932702670620e-01,-0.000000000000000000e+00,4.363057550080118308e-02,0.000000000000000000e+00,-1.142630396670514942e-01,-5.356096711738724675e-02,-0.000000000000000000e+00,-0.000000000000000000e+00,-0.000000000000000000e+00,-4.933125392473156068e-02,-0.000000000000000000e+00,-0.000000000000000000e+00,-1.029871677017543674e-01,-0.000000000000000000e+00,-0.000000000000000000e+00,-0.000000000000000000e+00,-0.000000000000000000e+00,-0.000000000000000000e+00,1.467968319765561303e+00,-1.418792905781927627e-01,-1.495650723314150832e-01,-4.635562583931503167e-02,-7.519878533215018819e-03,-9.039180069143859519e-02,-0.000000000000000000e+00,-7.473646439429855459e-02,-0.000000000000000000e+00,-1.113317665418574187e-02,-0.000000000000000000e+00,-1.897397827255579983e-02,-0.000000000000000000e+00,-0.000000000000000000e+00,-0.000000000000000000e+00,-1.597403569996291295e-01,-4.986479774986701807e-02
-1.525984726375850808e-02,-4.889893912986070790e-02,-0.000000000000000000e+00,0.000000000000000000e+00,-0.000000000000000000e+00,-0.000000000000000000e+00,0.000000000000000000e+00,0.000000000000000000e+00,-0.000000000000000000e+00,-4.473435863005184587e-02,-0.000000000000000000e+00,-0.000000000000000000e+00,-0.000000000000000000e+00,-1.750218941343693047e-01,-0.000000000000000000e+00,-0.000000000000000000e+00,-6.330381853138060400e-02,-0.000000000000000000e+00,-0.000000000000000000e+00,-0.000000000000000000e+00,-0.000000000000000000e+00,-0.000000000000000000e+00,-1.418792905781927627e-01,1.369215779589852078e+00,-1.561888876947839788e-01,-8.588157421399901514e-02,-6.374713545918833657e-02,-8.060543810287369715e-02,-6.662888159725234571e-02,-0.000000000000000000e+00,-1.422179995891818859e-03,-6.832597267442393207e-02,-8.566932977785747527e-02,-0.000000000000000000e+00,-0.000000000000000000e+00,-0.000000000000000000e+00,-8.197084532194851003e-02,-3.993450548416275885e-03,-0.000000000000000000e+00
-9.544886262510399177e-02,-5.571831894952252590e-02,-6.983396233610984771e-02,0.000000000000000000e+00,-9.680482722767586035e-02,-0.000000000000000000e+00,0.000000000000000000e+00,0.000000000000000000e+00,-5.446265344588064466e-02,-9.672802581049107229e-02,-0.000000000000000000e+00,-0.000000000000000000e+00,0.000000000000000000e+00,-2.025370333456658900e-01,-0.000000000000000000e+00,-1.056334366000614283e-01,-0.000000000000000000e+00,-0.000000000000000000e+00,-0.000000000000000000e+00,-0.000000000000000000e+00,-0.000000000000000000e+00,-0.000000000000000000e+00,-1.495650723314150832e-01,-1.561888876947839788e-01,1.541449397981152769e+00,-4.707195611086707060e-02,-0.000000000000000000e+00,-1.349772659614513655e-02,-6.155836586285458323e-02,-7.169354865338788130e-02,-0.000000000000000000e+00,-0.000000000000000000e+00,-4.802544368078721232e-02,-3.409022694799935388e-02,-0.000000000000000000e+00,-3.395063933109785520e-02,-0.000000000000000000e+00,-9.033647749897075196e-02,-7.781173814503833386e-02
-5.036418972691904250e-02,-3.785123000065866716e-02,-5.943267374690648641e-03,0.000000000000000000e+00,-5.714269779537797106e-02,-0.000000000000000000e+00,0.000000000000000000e+00,0.000000000000000000e+00,-0.000000000000000000e+00,-9.459773203786814300e-02,-0.000000000000000000e+00,-0.000000000000000000e+00,-0.000000000000000000e+00,-6.943022590475654565e-02,-0.000000000000000000e+00,-4.007469221383692243e-02,-1.242333055409413911e-01,-0.000000000000000000e+00,-0.000000000000000000e+00,-4.602343607625618976e-02,-0.000000000000000000e+00,-1.090546520829621530e-01,-4.635562583931503167e-02,-8.588157421399901514e-02,-4.707195611086707060e-02,1.587309534703723379e+00,-1.481511722401834819e-01,-1.639806043023889215e-01,-1.249598854986904428e-01,-0.000000000000000000e+00,-9.893563396186647041e-02,-0.000000000000000000e+00,-7.177599261338901693e-02,-0.000000000000000000e+00,-0.000000000000000000e+00,-5.853374209524666444e-02,-7.420787932159488010e-02,-1.183764048513334666e-01,-0.000000000000000000e+00
-0.000000000000000000e+00,-0.000000000000000000e+00,-0.000000000000000000e+00,0.000000000000000000e+00,-0.000000000000000000e+00,-0.000000000000000000e+00,0.000000000000000000e+00,-0.000000000000000000e+00,-0.000000000000000000e+00,-2.169992793447089383e-02,-0.000000000000000000e+00,-0.000000000000000000e+00,-0.000000000000000000e+00,-0.000000000000000000e+00,-0.000000000000000000e+00,-0.000000000000000000e+00,-1.244041565896689266e-01,-0.000000000000000000e+00,-0.000000000000000000e+00,-9.195280423324275060e-03,-8.013715863522555272e-02,-6.267440260735289426e-02,-7.519878533215018819e-03,-6.374713545918833657e-02,-0.000000000000000000e+00,-1.481511722401834819e-01,1.432997144420111280e+00,-1.182189576154033944e-01,-7.790307168547883077e-02,-0.000000000000000000e+00,-1.703934482651547899e-01,-2.149734534503403016e-01,-1.579526572650635091e-02,-0.000000000000000000e+00,-0.000000000000000000e+00,-0.000000000000000000e+00,-8.221487559713888671e-02,-9.071140128888968701e-02,-0.000000000000000000e+00
-7.891555365150392312e-03,-2.326603250592695904e-02,-5.194844968110363254e-02,0.000000000000000000e+00,-6.133902028202322526e-02,-0.000000000000000000e+00,0.000000000000000000e+00,0.000000000000000000e+00,-0.000000000000000000e+00,-5.802866716776586276e-02,-0.000000000000000000e+00,-0.000000000000000000e+00,-0.000000000000000000e+00,-9.255074379692526665e-02,-0.000000000000000000e+00,-0.000000000000000000e+00,-1.631012189485218367e-01,-0.000000000000000000e+00,-0.000000000000000000e+00,-1.399494111805709151e-01,-6.469403908634104028e-02,-1.447840277309918600e-01,-9.039180069143859519e-02,-8.060543810287369715e-02,-1.349772659614513655e-02,-1.639806043023889215e-01,-1.182189576154033944e-01,1.662067836119737851e+00,-4.381649839967927118e-02,-0.000000000000000000e+00,-1.506980935133675759e-01,-6.174767242024567504e-02,-1.396511059125025433e-01,-0.000000000000000000e+00,-0.000000000000000000e+00,-0.000000000000000000e+00,-6.145292552068828962e-02,-8.195905511846300617e-02,-0.000000000000000000e+00
-0.000000000000000000e+00,-0.000000000000000000e+00,-0.000000000000000000e+00,0.000000000000000000e+00,-0.000000000000000000e+00,-0.000000000000000000e+00,0.000000000000000000e+00,0.000000000000000000e+00,-0.000000000000000000e+00,-0.000000000000000000e+00,-0.000000000000000000e+00,-0.000000000000000000e+00,-0.000000000000000000e+00,-1.196407129573448525e-01,0.000000000000000000e+00,-0.000000000000000000e+00,-0.000000000000000000e+00,-0.000000000000000000e+00,-0.000000000000000000e+00,-5.203644683415902666e-02,-0.000000000000000000e+00,-9.900703638182171973e-02,-0.000000000000000000e+00,-6.662888159725234571e-02,-6.155836586285458323e-02,-1.249598854986904428e-01,-7.790307168547883077e-02,-4.381649839967927118e-02,1.420811690255798787e+00,-0.000000000000000000e+00,-7.665706277252508360e-02,-0.000000000000000000e+00,-6.968266990145774442e-02,-0.000000000000000000e+00,-1.852539179787649759e-01,-1.253055970269587212e-02,-2.623399082421551953e-01,-0.000000000000000000e+00,-0.000000000000000000e+00
-1.888099739832098944e-01,-2.015141069122177164e-01,-1.076433094770705701e-01,-0.000000000000000000e+00,-9.231214396589509930e-02,-0.000000000000000000e+00,0.000000000000000000e+00,0.000000000000000000e+00,-2.335938810427281853e-01,-1.074021860085148383e-01,-0.000000000000000000e+00,-0.000000000000000000e+00,0.000000000000000000e+00,-0.000000000000000000e+00,-0.000000000000000000e+00,-1.166067632854706215e-01,-0.000000000000000000e+00,-4.239083856421648616e-02,-0.000000000000000000e+00,-0.000000000000000000e+00,-0.000000000000000000e+00,-0.000000000000000000e+00,-7.473646439429855459e-02,-0.000000000000000000e+00,-7.169354865338788130e-02,-0.000000000000000000e+00,-0.000000000000000000e+00,-0.000000000000000000e+00,-0.000000000000000000e+00,1.591562534641570048e+00,-0.000000000000000000e+00,-0.000000000000000000e+00,-0.000000000000000000e+00,-1.367885065785420795e-01,-0.000000000000000000e+00,-8.358891374412820430e-02,-0.000000000000000000e+00,-5.788545516191993118e-02,-6.507026311917234185e-02
-0.000000000000000000e+00,-0.000000000000000000e+00,-0.000000000000000000e+00,0.000000000000000000e+00,-0.000000000000000000e+00,-0.000000000000000000e+00,0.000000000000000000e+00,-0.000000000000000000e+00,-0.000000000000000000e+00,-5.439495514162114714e-03,-0.000000000000000000e+00,-0.000000000000000000e+00,-0.000000000000000000e+00,-0.000000000000000000e+00,0.000000000000000000e+00,-0.000000000000000000e+00,-1.164814353692455590e-01,-0.000000000000000000e+00,-0.000000000000000000e+00,-5.366157167782254628e-02,-2.371435579127898485e-01,-1.803840671138481622e-01,-0.000000000000000000e+00,-1.422179995891818859e-03,-0.000000000000000000e+00,-9.893563396186647041e-02,-1.703934482651547899e-01,-1.506980935133675759e-01,-7.665706277252508360e-02,-0.000000000000000000e+00,1.602292546870652590e+00,-8.402310979984853323e-02,-1.427208142543963110e-01,-0.000000000000000000e+00,-8.798997703978649054e-02,-0.000000000000000000e+00,-1.458564205835166383e-01,-5.747497697269969563e-02,-0.000000000000000000e+00
-0.000000000000000000e+00,-0.000000000000000000e+00,-0.000000000000000000e+00,0.000000000000000000e+00,-0.000000000000000000e+00,-1.062729540675487611e-01,0.000000000000000000e+00,-0.000000000000000000e+00,-0.000000000000000000e+00,-0.000000000000000000e+00,-0.000000000000000000e+00,-0.000000000000000000e+00,-0.000000000000000000e+00,-0.000000000000000000e+00,-0.000000000000000000e+00,-0.000000000000000000e+00,-2.791719576786668155e-01,-0.000000000000000000e+00,-0.000000000000000000e+00,-0.000000000000000000e+00,-1.872791752889109082e-02,-0.000000000000000000e+00,-1.113317665418574187e-02,-6.832597267442393207e-02,-0.000000000000000000e+00,-0.000000000000000000e+00,-2.149734534503403016e-01,-6.174767242024567504e-02,-0.000000000000000000e+00,-0.000000000000000000e+00,-8.402310979984853323e-02,1.255887862079410722e+00,-0.000000000000000000e+00,-0.000000000000000000e+00,-0.000000000000000000e+00,-0.000000000000000000e+00,-5.526394112843372591e-02,-0.000000000000000000e+00,-0.000000000000000000e+00
-0.000000000000000000e+00,-0.000000000000000000e+00,-5.999167218968966264e-02,0.000000000000000000e+00,-0.000000000000000000e+00,-0.000000000000000000e+00,0.000000000000000000e+00,0.000000000000000000e+00,-0.000000000000000000e+00,-6.179615904819021205e-02,-0.000000000000000000e+00,-0.000000000000000000e+00,-0.000000000000000000e+00,-1.865204750364384267e-01,-0.000000000000000000e+00,-0.000000000000000000e+00,-6.607983349602417761e-03,-0.000000000000000000e+00,-0.000000000000000000e+00,-1.176117718344044938e-01,-6.452808255548482530e-02,-2.069662697113573424e-01,-0.000000000000000000e+00,-8.566932977785747527e-02,-4.802544368078721232e-02,-7.177599261338901693e-02,-1.579526572650635091e-02,-1.396511059125025433e-01,-6.968266990145774442e-02,-0.000000000000000000e+00,-1.427208142543963110e-01,-0.000000000000000000e+00,1.544446395282131457e+00,-0.000000000000000000e+00,-1.284680144076641092e-02,-3.157459536674450673e-02,-1.379058558011917734e-01,-6.535111504692306394e-02,-0.000000000000000000e+00
-9.343080654660215756e-02,-3.584371703769930612e-02,-1.799437990504891283e-01,-0.000000000000000000e+00,-6.150919672158590423e-02,-0.000000000000000000e+00,0.000000000000000000e+00,0.000000000000000000e+00,-1.899282222381189211e-01,-0.000000000000000000e+00,0.000000000000000000e+00,-2.227783598517324160e-01,0.000000000000000000e+00,-1.912044829566461948e-02,-0.000000000000000000e+00,-3.803915069269600546e-02,-0.000000000000000000e+00,-1.679328622938294768e-01,-1.496769637576517431e-01,-0.000000000000000000e+00,-0.000000000000000000e+00,-0.000000000000000000e+00,-1.897397827255579983e-02,-0.000000000000000000e+00,-3.409022694799935388e-02,-0.000000000000000000e+00,-0.000000000000000000e+00,-0.000000000000000000e+00,-0.000000000000000000e+00,-1.367885065785420795e-01,-0.000000000000000000e+00,-0.000000000000000000e+00,-0.000000000000000000e+00,1.463722069561367967e+00,-0.000000000000000000e+00,-1.690312801287592592e-02,-0.000000000000000000e+00,-0.000000000000000000e+00,-7.117209357424808536e-02
-0.000000000000000000e+00,-0.000000000000000000e+00,-0.000000000000000000e+00,0.000000000000000000e+00,-0.000000000000000000e+00,-0.000000000000000000e+00,-0.000000000000000000e+00,-0.000000000000000000e+00,-0.000000000000000000e+00,-0.000000000000000000e+00,-0.000000000000000000e+00,0.000000000000000000e+00,-4.693371338570031387e-02,-0.000000000000000000e+00,0.000000000000000000e+00,-0.000000000000000000e+00,-0.000000000000000000e+00,0.000000000000000000e+00,0.000000000000000000e+00,-0.000000000000000000e+00,-1.783164759369071928e-01,-5.586656146427959602e-02,-0.000000000000000000e+00,-0.000000000000000000e+00,-0.000000000000000000e+00,-0.000000000000000000e+00,-0.000000000000000000e+00,-0.000000000000000000e+00,-1.852539179787649759e-01,-0.000000000000000000e+00,-8.798997703978649054e-02,-0.000000000000000000e+00,-1.284680144076641092e-02,-0.000000000000000000e+00,1.269735440260451265e+00,-0.000000000000000000e+00,-2.862922187554530207e-01,-0.000000000000000000e+00,-0.000000000000000000e+00
-0.000000000000000000e+00,-0.000000000000000000e+00,-3.974724834640553511e-02,-0.000000000000000000e+00,-4.933296675683694621e-02,-0.000000000000000000e+00,0.000000000000000000e+00,0.000000000000000000e+00,-3.949173436228808204e-02,-1.070592135974829107e-01,-0.000000000000000000e+00,-1.482170160104131010e-02,0.000000000000000000e+00,-9.244916973897758516e-02,-0.000000000000000000e+00,-1.472277716077428078e-01,-0.000000000000000000e+00,-0.000000000000000000e+00,-0.000000000000000000e+00,-4.875149456272209747e-02,-0.000000000000000000e+00,-0.000000000000000000e+00,-0.000000000000000000e+00,-0.000000000000000000e+00,-3.395063933109785520e-02,-5.853374209524666444e-02,-0.000000000000000000e+00,-0.000000000000000000e+00,-1.253055970269587212e-02,-8.358891374412820430e-02,-0.000000000000000000e+00,-0.000000000000000000e+00,-3.157459536674450673e-02,-1.690312801287592592e-02,-0.000000000000000000e+00,1.217023344211543456e+00,-0.000000000000000000e+00,-7.322703340802394489e-02,-1.782995991337870843e-03
-0.000000000000000000e+00,-0.000000000000000000e+00,-0.000000000000000000e+00,0.000000000000000000e+00,-0.000000000000000000e+00,-0.000000000000000000e+00,0.000000000000000000e+00,-0.000000000000000000e+00,-0.000000000000000000e+00,-0.000000000000000000e+00,-0.000000000000000000e+00,-0.000000000000000000e+00,-0.000000000000000000e+00,-6.889136303898472924e-02,0.000000000000000000e+00,-0.000000000000000000e+00,-9.016286879718305239e-03,-0.000000000000000000e+00,-0.000000000000000000e+00,-2.591897338056448757e-02,-9.792282260814808015e-02,-1.066453697671287254e-01,-0.000000000000000000e+00,-8.197084532194851003e-02,-0.000000000000000000e+00,-7.420787932159488010e-02,-8.221487559713888671e-02,-6.145292552068828962e-02,-2.623399082421551953e-01,-0.000000000000000000e+00,-1.458564205835166383e-01,-5.526394112843372591e-02,-1.379058558011917734e-01,-0.000000000000000000e+00,-2.862922187554530207e-01,-0.000000000000000000e+00,1.540619123415910785e+00,-0.000000000000000000e+00,-0.000000000000000000e+00
-3.971646611178633601e-02,-3.372741120743427690e-02,-7.451773109474654766e-02,0.000000000000000000e+00,-1.304935918620689084e-01,-0.000000000000000000e+00,0.000000000000000000e+00,0.000000000000000000e+00,-3.092800685570954236e-02,-1.303305922739239064e-01,-0.000000000000000000e+00,-0.000000000000000000e+00,-0.000000000000000000e+00,-1.211918386532053089e-02,-0.000000000000000000e+00,-0.000000000000000000e+00,-6.112101405469808763e-02,-0.000000000000000000e+00,-0.000000000000000000e+00,-0.000000000000000000e+00,-0.000000000000000000e+00,-4.838416428462902902e-02,-1.597403569996291295e-01,-3.993450548416275885e-03,-9.033647749897075196e-02,-1.183764048513334666e-01,-9.071140128888968701e-02,-8.195905511846300617e-02,-0.000000000000000000e+00,-5.788545516191993118e-02,-5.747497697269969563e-02,-0.000000000000000000e+00,-6.535111504692306394e-02,-0.000000000000000000e+00,-0.000000000000000000e+00,-7.322703340802394489e-02,-0.000000000000000000e+00,1.528514068665447034e+00,-1.925157733070942956e-01
-2.371720651070965621e-02,-0.000000000000000000e+00,-5.893096131683288330e-02,0.000000000000000000e+00,-3.603244034894433068e-02,-0.000000000000000000e+00,8.463266628525048518e-02,0.000000000000000000e+00,-7.960305424462221779e-02,-1.121501530980286154e-01,-0.000000000000000000e+00,-1.891017580230970052e-01,0.000000000000000000e+00,-0.000000000000000000e+00,-0.000000000000000000e+00,-0.000000000000000000e+00,-0.000000000000000000e+00,-0.000000000000000000e+00,-1.174190282558982279e-01,-0.000000000000000000e+00,-0.000000000000000000e+00,-0.000000000000000000e+00,-4.986479774986701807e-02,-0.000000000000000000e+00,-7.781173814503833386e-02,-0.000000000000000000e+00,-0.000000000000000000e+00,-0.000000000000000000e+00,-0.000000000000000000e+00,-6.507026311917234185e-02,-0.000000000000000000e+00,-0.000000000000000000e+00,-0.000000000000000000e+00,-7.117209357424808536e-02,-0.000000000000000000e+00,-1.782995991337870843e-03,-0.000000000000000000e+00,-1.925157733070942956e-01,1.328094596845438513e+00
