1.735316367006676019e+00,-1.265926382928458382e-01,-0.000000000000000000e+00,-1.088701131798771315e-01,-0.000000000000000000e+00,-0.000000000000000000e+00,-0.000000000000000000e+00,0.000000000000000000e+00,-0.000000000000000000e+00,-1.535847955909737383e-01,0.000000000000000000e+00,0.000000000000000000e+00,0.000000000000000000e+00,-0.000000000000000000e+00,0.000000000000000000e+00,-1.911002690334292209e-01,-0.000000000000000000e+00,-0.000000000000000000e+00,0.000000000000000000e+00,-8.703208926597692796e-02,-9.724239889720277807e-02,0.000000000000000000e+00,-0.000000000000000000e+00,-5.535412996384522777e-02,-0.000000000000000000e+00,-2.921656446589097622e-01,-0.000000000000000000e+00,-0.000000000000000000e+00,-0.000000000000000000e+00,-5.475196046584765996e-01,-0.000000000000000000e+00,0.000000000000000000e+00,-0.000000000000000000e+00,0.000000000000000000e+00,-0.000000000000000000e+00,-0.000000000000000000e+00,-0.000000000000000000e+00,-2.323520679794137123e-01,-0.000000000000000000e+00
-1.265926382928458382e-01,1.633536942124087288e+00,0.000000000000000000e+00,-0.000000000000000000e+00,0.000000000000000000e+00,-0.000000000000000000e+00,-0.000000000000000000e+00,-0.000000000000000000e+00,-0.000000000000000000e+00,-0.000000000000000000e+00,-0.000000000000000000e+00,2.049124749643459198e-01,0.000000000000000000e+00,-0.000000000000000000e+00,0.000000000000000000e+00,-0.000000000000000000e+00,-0.000000000000000000e+00,0.000000000000000000e+00,0.000000000000000000e+00,0.000000000000000000e+00,-0.000000000000000000e+00,2.241956728033475330e-02,0.000000000000000000e+00,-0.000000000000000000e+00,-4.026563858724972467e-01,-0.000000000000000000e+00,0.000000000000000000e+00,0.000000000000000000e+00,-1.467460215475785978e-01,-8.540313948173561265e-02,2.469420080891160107e-01,2.545572473023632321e-01,0.000000000000000000e+00,0.000000000000000000e+00,-0.000000000000000000e+00,0.000000000000000000e+00,2.337865224988536217e-01,-0.000000000000000000e+00,0.000000000000000000e+00
-0.000000000000000000e+00,0.000000000000000000e+00,2.727932146388303725e+00,0.000000000000000000e+00,-1.730885042453856326e-01,0.000000000000000000e+00,-2.625268364362676743e-01,6.387735557385388896e-01,-0.000000000000000000e+00,-0.000000000000000000e+00,0.000000000000000000e+00,-0.000000000000000000e+00,-0.000000000000000000e+00,0.000000000000000000e+00,-8.799033879963376326e-02,-0.000000000000000000e+00,0.000000000000000000e+00,-2.733431280875459057e-01,-3.394810461353278130e-01,-0.000000000000000000e+00,-1.052724690958063009e-02,-9.601196340615351932e-02,0.000000000000000000e+00,0.000000000000000000e+00,0.000000000000000000e+00,-9.513995068302523450e-02,-6.406820562861820223e-02,-1.875251488119056564e-01,0.000000000000000000e+00,-0.000000000000000000e+00,-1.247589286780043383e-01,0.000000000000000000e+00,-2.529237792979970312e-01,-8.991093830204593962e-02,0.000000000000000000e+00,-0.000000000000000000e+00,-0.000000000000000000e+00,-0.000000000000000000e+00,-4.295827923544758703e-02
-1.088701131798771315e-01,-0.000000000000000000e+00,0.000000000000000000e+00,1.186941854073573666e+00,-0.000000000000000000e+00,-0.000000000000000000e+00,1.065418108298603062e-01,-0.000000000000000000e+00,0.000000000000000000e+00,-0.000000000000000000e+00,0.000000000000000000e+00,0.000000000000000000e+00,0.000000000000000000e+00,-0.000000000000000000e+00,1.309245529123412577e-01,0.000000000000000000e+00,-0.000000000000000000e+00,0.000000000000000000e+00,0.000000000000000000e+00,-4.598181983719458188e-01,0.000000000000000000e+00,0.000000000000000000e+00,-0.000000000000000000e+00,-0.000000000000000000e+00,0.000000000000000000e+00,-0.000000000000000000e+00,-0.000000000000000000e+00,-0.000000000000000000e+00,-0.000000000000000000e+00,-0.000000000000000000e+00,0.000000000000000000e+00,-0.000000000000000000e+00,-0.000000000000000000e+00,0.000000000000000000e+00,0.000000000000000000e+00,-0.000000000000000000e+00,-0.000000000000000000e+00,-0.000000000000000000e+00,0.000000000000000000e+00
-0.000000000000000000e+00,0.000000000000000000e+00,-1.730885042453856326e-01,-0.000000000000000000e+00,2.903214263841764176e+00,7.919170587097510913e-03,-0.000000000000000000e+00,1.334697428668850938e-01,-8.020980622888757017e-02,-0.000000000000000000e+00,2.946985482900084663e-01,-0.000000000000000000e+00,-0.000000000000000000e+00,0.000000000000000000e+00,-0.000000000000000000e+00,-0.000000000000000000e+00,4.935486453959605363e-02,-2.869934527709572247e-01,-7.087130021118658030e-02,-2.507341803784194148e-02,-0.000000000000000000e+00,-9.621657567839664305e-02,-0.000000000000000000e+00,0.000000000000000000e+00,0.000000000000000000e+00,-2.481095978540501235e-01,-1.385571178369267020e-01,-2.487325870586199195e-01,0.000000000000000000e+00,-0.000000000000000000e+00,-0.000000000000000000e+00,0.000000000000000000e+00,-7.790638208939287823e-02,-1.152645966467975847e-01,0.000000000000000000e+00,-2.646388882017773891e-01,-0.000000000000000000e+00,-3.850589844283532903e-01,-3.473256345961234781e-01
-0.000000000000000000e+00,-0.000000000000000000e+00,0.000000000000000000e+00,-0.000000000000000000e+00,7.919170587097510913e-03,2.673012886845846481e+00,0.000000000000000000e+00,-0.000000000000000000e+00,0.000000000000000000e+00,0.000000000000000000e+00,-1.888026834610287974e-01,6.734085486890313554e-02,1.479597779401141400e-02,-0.000000000000000000e+00,1.639475819060138284e-01,0.000000000000000000e+00,-4.403540235039506978e-01,7.581517268870584247e-02,1.878217163114463129e-01,0.000000000000000000e+00,0.000000000000000000e+00,7.613939438550654248e-02,-0.000000000000000000e+00,-4.752001204217106145e-01,-2.347026488087949336e-01,0.000000000000000000e+00,0.000000000000000000e+00,0.000000000000000000e+00,-0.000000000000000000e+00,-0.000000000000000000e+00,0.000000000000000000e+00,-0.000000000000000000e+00,0.000000000000000000e+00,1.963307859076803552e-01,-3.799588350477251519e-01,1.803417916415810812e-02,0.000000000000000000e+00,0.000000000000000000e+00,2.122138391672485080e-01
-0.000000000000000000e+00,-0.000000000000000000e+00,-2.625268364362676743e-01,1.065418108298603062e-01,-0.000000000000000000e+00,0.000000000000000000e+00,1.876344142888639821e+00,1.242699408526241889e-01,-2.006487667554896215e-01,-0.000000000000000000e+00,0.000000000000000000e+00,-0.000000000000000000e+00,-2.655683564602881463e-01,0.000000000000000000e+00,-8.595256584095488372e-02,-0.000000000000000000e+00,1.807842651493390962e-01,-8.735153793854533166e-02,-2.162649281025417480e-01,-0.000000000000000000e+00,-1.808665173600166876e-01,-0.000000000000000000e+00,7.941000759561761546e-02,0.000000000000000000e+00,-0.000000000000000000e+00,-0.000000000000000000e+00,-0.000000000000000000e+00,-0.000000000000000000e+00,-0.000000000000000000e+00,-0.000000000000000000e+00,-0.000000000000000000e+00,3.379863405025280154e-01,-0.000000000000000000e+00,-0.000000000000000000e+00,0.000000000000000000e+00,-0.000000000000000000e+00,0.000000000000000000e+00,-0.000000000000000000e+00,-0.000000000000000000e+00
0.000000000000000000e+00,-0.000000000000000000e+00,6.387735557385388896e-01,-0.000000000000000000e+00,1.334697428668850938e-01,-0.000000000000000000e+00,1.242699408526241889e-01,2.791875975899490214e+00,0.000000000000000000e+00,0.000000000000000000e+00,-0.000000000000000000e+00,0.000000000000000000e+00,0.000000000000000000e+00,-0.000000000000000000e+00,1.417284929639602009e-01,0.000000000000000000e+00,-0.000000000000000000e+00,2.705210636452822781e-01,3.351575283227161695e-01,0.000000000000000000e+00,2.634837114660094470e-03,2.070268906069001880e-01,-0.000000000000000000e+00,-0.000000000000000000e+00,-0.000000000000000000e+00,0.000000000000000000e+00,7.359319059306602961e-02,2.092546927359903164e-01,-0.000000000000000000e+00,0.000000000000000000e+00,1.541451158028736834e-01,-0.000000000000000000e+00,3.018582436777436651e-01,1.233090012103429806e-01,-0.000000000000000000e+00,0.000000000000000000e+00,0.000000000000000000e+00,0.000000000000000000e+00,6.411334967836783416e-02
-0.000000000000000000e+00,-0.000000000000000000e+00,-0.000000000000000000e+00,0.000000000000000000e+00,-8.020980622888757017e-02,0.000000000000000000e+00,-2.006487667554896215e-01,0.000000000000000000e+00,1.851257367615678495e+00,-5.977767711871262608e-03,0.000000000000000000e+00,-0.000000000000000000e+00,-0.000000000000000000e+00,0.000000000000000000e+00,-2.774402436997102650e-01,-1.811147814217263508e-01,1.275262427779671748e-01,-3.833752014414935211e-02,-0.000000000000000000e+00,-0.000000000000000000e+00,-2.329583651314728193e-02,-0.000000000000000000e+00,0.000000000000000000e+00,0.000000000000000000e+00,0.000000000000000000e+00,-0.000000000000000000e+00,-0.000000000000000000e+00,-0.000000000000000000e+00,0.000000000000000000e+00,-0.000000000000000000e+00,-0.000000000000000000e+00,4.955956755744940490e-02,-0.000000000000000000e+00,-3.019187364896085413e-01,0.000000000000000000e+00,-1.637052864617430936e-01,0.000000000000000000e+00,-2.570021637568640216e-01,-6.154453493486955473e-02
-1.535847955909737383e-01,-0.000000000000000000e+00,-0.000000000000000000e+00,-0.000000000000000000e+00,-0.000000000000000000e+00,0.000000000000000000e+00,-0.000000000000000000e+00,0.000000000000000000e+00,-5.977767711871262608e-03,1.909986318670993111e+00,0.000000000000000000e+00,-0.000000000000000000e+00,0.000000000000000000e+00,-6.016456101720519395e-02,-0.000000000000000000e+00,-5.788956404175099602e-01,0.000000000000000000e+00,-0.000000000000000000e+00,-0.000000000000000000e+00,-0.000000000000000000e+00,-1.506677920562479647e-03,-0.000000000000000000e+00,-3.154457626585288055e-01,-0.000000000000000000e+00,-0.000000000000000000e+00,-0.000000000000000000e+00,-5.178090789837302976e-02,-1.147291271919539390e-01,0.000000000000000000e+00,-4.478123938698626016e-01,-0.000000000000000000e+00,-0.000000000000000000e+00,-0.000000000000000000e+00,-0.000000000000000000e+00,0.000000000000000000e+00,-3.944071037530742507e-01,-0.000000000000000000e+00,-0.000000000000000000e+00,-0.000000000000000000e+00
0.000000000000000000e+00,-0.000000000000000000e+00,0.000000000000000000e+00,0.000000000000000000e+00,2.946985482900084663e-01,-1.888026834610287974e-01,0.000000000000000000e+00,-0.000000000000000000e+00,0.000000000000000000e+00,0.000000000000000000e+00,2.723840311620484123e+00,1.036974397264655151e-01,0.000000000000000000e+00,-0.000000000000000000e+00,0.000000000000000000e+00,0.000000000000000000e+00,-3.832933589244269437e-03,1.243872222774180109e-01,0.000000000000000000e+00,3.166972867579904705e-01,0.000000000000000000e+00,2.804384754993127227e-01,0.000000000000000000e+00,-0.000000000000000000e+00,-7.636044323538056233e-02,0.000000000000000000e+00,1.637162902400555453e-01,1.793992580031684991e-01,-2.506442562639654703e-02,0.000000000000000000e+00,5.829542006843699969e-02,0.000000000000000000e+00,2.219801663906343508e-02,3.982765904195077061e-02,-3.047011569327589542e-01,2.314077754288224320e-01,0.000000000000000000e+00,9.986100317766320733e-02,3.612371420226527796e-01
0.000000000000000000e+00,2.049124749643459198e-01,-0.000000000000000000e+00,0.000000000000000000e+00,-0.000000000000000000e+00,6.734085486890313554e-02,-0.000000000000000000e+00,0.000000000000000000e+00,-0.000000000000000000e+00,-0.000000000000000000e+00,1.036974397264655151e-01,2.621104338952631618e+00,-0.000000000000000000e+00,0.000000000000000000e+00,-1.497263541906095896e-01,-0.000000000000000000e+00,0.000000000000000000e+00,-0.000000000000000000e+00,-9.058536852238673054e-02,-0.000000000000000000e+00,-0.000000000000000000e+00,-3.272988961947670417e-01,-0.000000000000000000e+00,0.000000000000000000e+00,3.232095385551230771e-01,-0.000000000000000000e+00,-2.097166362292820010e-02,-0.000000000000000000e+00,4.120856055086502545e-01,0.000000000000000000e+00,-2.699983169736662192e-01,-0.000000000000000000e+00,-0.000000000000000000e+00,-4.336318007098171057e-01,0.000000000000000000e+00,-9.133721062354871467e-02,-0.000000000000000000e+00,-0.000000000000000000e+00,-2.283899849427775963e-01
0.000000000000000000e+00,0.000000000000000000e+00,-0.000000000000000000e+00,0.000000000000000000e+00,-0.000000000000000000e+00,1.479597779401141400e-02,-2.655683564602881463e-01,0.000000000000000000e+00,-0.000000000000000000e+00,0.000000000000000000e+00,0.000000000000000000e+00,-0.000000000000000000e+00,1.491619803616883067e+00,2.886040318959371409e-01,-1.246742830364547250e-01,-0.000000000000000000e+00,2.423068101204092217e-01,-0.000000000000000000e+00,-0.000000000000000000e+00,-0.000000000000000000e+00,-0.000000000000000000e+00,-0.000000000000000000e+00,2.011703222934107527e-01,1.078654559908088784e-01,0.000000000000000000e+00,-0.000000000000000000e+00,0.000000000000000000e+00,-0.000000000000000000e+00,0.000000000000000000e+00,0.000000000000000000e+00,0.000000000000000000e+00,1.286627251514532999e-01,-0.000000000000000000e+00,-0.000000000000000000e+00,0.000000000000000000e+00,-0.000000000000000000e+00,0.000000000000000000e+00,-0.000000000000000000e+00,-0.000000000000000000e+00
-0.000000000000000000e+00,-0.000000000000000000e+00,0.000000000000000000e+00,-0.000000000000000000e+00,0.000000000000000000e+00,-0.000000000000000000e+00,0.000000000000000000e+00,-0.000000000000000000e+00,0.000000000000000000e+00,-6.016456101720519395e-02,-0.000000000000000000e+00,0.000000000000000000e+00,2.886040318959371409e-01,1.283436526535225441e+00,0.000000000000000000e+00,-0.000000000000000000e+00,-1.320854058623703309e-01,0.000000000000000000e+00,0.000000000000000000e+00,0.000000000000000000e+00,0.000000000000000000e+00,0.000000000000000000e+00,-1.560804025968983433e-01,-1.903176223967185388e-01,-0.000000000000000000e+00,-0.000000000000000000e+00,-0.000000000000000000e+00,-0.000000000000000000e+00,-0.000000000000000000e+00,-3.741147812947017565e-02,-0.000000000000000000e+00,-0.000000000000000000e+00,0.000000000000000000e+00,0.000000000000000000e+00,-0.000000000000000000e+00,-0.000000000000000000e+00,-2.072619231601660339e-01,0.000000000000000000e+00,0.000000000000000000e+00
0.000000000000000000e+00,0.000000000000000000e+00,-8.799033879963376326e-02,1.309245529123412577e-01,-0.000000000000000000e+00,1.639475819060138284e-01,-8.595256584095488372e-02,1.417284929639602009e-01,-2.774402436997102650e-01,-0.000000000000000000e+00,0.000000000000000000e+00,-1.497263541906095896e-01,-1.246742830364547250e-01,0.000000000000000000e+00,2.552803035107946705e+00,-0.000000000000000000e+00,3.288196338460950274e-01,-2.022563342646459539e-01,-3.490933174412258477e-01,-0.000000000000000000e+00,-0.000000000000000000e+00,-1.406648293022584872e-01,0.000000000000000000e+00,0.000000000000000000e+00,0.000000000000000000e+00,-0.000000000000000000e+00,-0.000000000000000000e+00,-0.000000000000000000e+00,0.000000000000000000e+00,0.000000000000000000e+00,-0.000000000000000000e+00,0.000000000000000000e+00,-0.000000000000000000e+00,-4.563066890483839511e-01,0.000000000000000000e+00,-0.000000000000000000e+00,0.000000000000000000e+00,-0.000000000000000000e+00,-5.392627253019157546e-02
-1.911002690334292209e-01,-0.000000000000000000e+00,-0.000000000000000000e+00,0.000000000000000000e+00,-0.000000000000000000e+00,0.000000000000000000e+00,-0.000000000000000000e+00,0.000000000000000000e+00,-1.811147814217263508e-01,-5.788956404175099602e-01,0.000000000000000000e+00,-0.000000000000000000e+00,-0.000000000000000000e+00,-0.000000000000000000e+00,-0.000000000000000000e+00,1.624621290595867240e+00,0.000000000000000000e+00,-0.000000000000000000e+00,-0.000000000000000000e+00,-0.000000000000000000e+00,-2.197350025588104550e-01,-0.000000000000000000e+00,-2.798308515261007517e-02,-0.000000000000000000e+00,-0.000000000000000000e+00,-0.000000000000000000e+00,-0.000000000000000000e+00,-0.000000000000000000e+00,-0.000000000000000000e+00,-2.207888844500894288e-01,-0.000000000000000000e+00,0.000000000000000000e+00,-0.000000000000000000e+00,-0.000000000000000000e+00,0.000000000000000000e+00,-0.000000000000000000e+00,-0.000000000000000000e+00,-0.000000000000000000e+00,-0.000000000000000000e+00
-0.000000000000000000e+00,-0.000000000000000000e+00,0.000000000000000000e+00,-0.000000000000000000e+00,4.935486453959605363e-02,-4.403540235039506978e-01,1.807842651493390962e-01,-0.000000000000000000e+00,1.275262427779671748e-01,0.000000000000000000e+00,-3.832933589244269437e-03,0.000000000000000000e+00,2.423068101204092217e-01,-1.320854058623703309e-01,3.288196338460950274e-01,0.000000000000000000e+00,2.528453044950306428e+00,3.545411811283871728e-01,3.261283640413633611e-01,0.000000000000000000e+00,0.000000000000000000e+00,8.475599708425726828e-04,-0.000000000000000000e+00,-2.125113970122955720e-01,-0.000000000000000000e+00,0.000000000000000000e+00,0.000000000000000000e+00,0.000000000000000000e+00,-0.000000000000000000e+00,-0.000000000000000000e+00,0.000000000000000000e+00,-0.000000000000000000e+00,0.000000000000000000e+00,1.026611087084919882e-01,-6.001295244557415531e-02,0.000000000000000000e+00,-0.000000000000000000e+00,4.189041280877137119e-02,9.150200232176491921e-02
-0.000000000000000000e+00,0.000000000000000000e+00,-2.733431280875459057e-01,0.000000000000000000e+00,-2.869934527709572247e-01,7.581517268870584247e-02,-8.735153793854533166e-02,2.705210636452822781e-01,-3.833752014414935211e-02,-0.000000000000000000e+00,1.243872222774180109e-01,-0.000000000000000000e+00,-0.000000000000000000e+00,0.000000000000000000e+00,-2.022563342646459539e-01,-0.000000000000000000e+00,3.545411811283871728e-01,2.963066148839609504e+00,-3.843861260331372098e-01,-0.000000000000000000e+00,-0.000000000000000000e+00,-2.193307703870094327e-01,0.000000000000000000e+00,0.000000000000000000e+00,0.000000000000000000e+00,-8.073071017258814930e-02,-0.000000000000000000e+00,-9.986530293039912187e-02,0.000000000000000000e+00,-0.000000000000000000e+00,-0.000000000000000000e+00,0.000000000000000000e+00,-4.163339508097429337e-02,-1.124287341659764017e-01,0.000000000000000000e+00,-0.000000000000000000e+00,-0.000000000000000000e+00,-1.535939213082540000e-01,-2.493084565174971401e-01
0.000000000000000000e+00,0.000000000000000000e+00,-3.394810461353278130e-01,0.000000000000000000e+00,-7.087130021118658030e-02,1.878217163114463129e-01,-2.162649281025417480e-01,3.351575283227161695e-01,-0.000000000000000000e+00,-0.000000000000000000e+00,0.000000000000000000e+00,-9.058536852238673054e-02,-0.000000000000000000e+00,0.000000000000000000e+00,-3.490933174412258477e-01,-0.000000000000000000e+00,3.261283640413633611e-01,-3.843861260331372098e-01,2.861950409219795155e+00,-0.000000000000000000e+00,-0.000000000000000000e+00,-2.851367606833520307e-01,0.000000000000000000e+00,0.000000000000000000e+00,0.000000000000000000e+00,-0.000000000000000000e+00,-0.000000000000000000e+00,-0.000000000000000000e+00,0.000000000000000000e+00,0.000000000000000000e+00,-0.000000000000000000e+00,0.000000000000000000e+00,-0.000000000000000000e+00,-9.258746453969998735e-02,0.000000000000000000e+00,-0.000000000000000000e+00,-0.000000000000000000e+00,-0.000000000000000000e+00,-2.093301328365884673e-01
-8.703208926597692796e-02,0.000000000000000000e+00,-0.000000000000000000e+00,-4.598181983719458188e-01,-2.507341803784194148e-02,0.000000000000000000e+00,-0.000000000000000000e+00,0.000000000000000000e+00,-0.000000000000000000e+00,-0.000000000000000000e+00,3.166972867579904705e-01,-0.000000000000000000e+00,-0.000000000000000000e+00,0.000000000000000000e+00,-0.000000000000000000e+00,-0.000000000000000000e+00,0.000000000000000000e+00,-0.000000000000000000e+00,-0.000000000000000000e+00,1.932678271376297108e+00,-0.000000000000000000e+00,-0.000000000000000000e+00,-0.000000000000000000e+00,0.000000000000000000e+00,0.000000000000000000e+00,-3.105016996113656447e-01,-0.000000000000000000e+00,-0.000000000000000000e+00,0.000000000000000000e+00,-0.000000000000000000e+00,-0.000000000000000000e+00,0.000000000000000000e+00,-0.000000000000000000e+00,-0.000000000000000000e+00,2.296365629128311464e-02,-0.000000000000000000e+00,-0.000000000000000000e+00,-6.517245568689554736e-01,-0.000000000000000000e+00
-9.724239889720277807e-02,-0.000000000000000000e+00,-1.052724690958063009e-02,0.000000000000000000e+00,-0.000000000000000000e+00,0.000000000000000000e+00,-1.808665173600166876e-01,2.634837114660094470e-03,-2.329583651314728193e-02,-1.506677920562479647e-03,0.000000000000000000e+00,-0.000000000000000000e+00,-0.000000000000000000e+00,0.000000000000000000e+00,-0.000000000000000000e+00,-2.197350025588104550e-01,0.000000000000000000e+00,-0.000000000000000000e+00,-0.000000000000000000e+00,-0.000000000000000000e+00,1.571384886675721404e+00,-0.000000000000000000e+00,0.000000000000000000e+00,-0.000000000000000000e+00,-0.000000000000000000e+00,-3.429258173476121274e-01,-0.000000000000000000e+00,-0.000000000000000000e+00,-0.000000000000000000e+00,-8.076859977010938940e-02,-0.000000000000000000e+00,2.701488496356527214e-01,-7.494795462877530678e-02,-0.000000000000000000e+00,-0.000000000000000000e+00,-0.000000000000000000e+00,0.000000000000000000e+00,-2.205645312965965610e-01,-0.000000000000000000e+00
0.000000000000000000e+00,2.241956728033475330e-02,-9.601196340615351932e-02,0.000000000000000000e+00,-9.621657567839664305e-02,7.613939438550654248e-02,-0.000000000000000000e+00,2.070268906069001880e-01,-0.000000000000000000e+00,-0.000000000000000000e+00,2.804384754993127227e-01,-3.272988961947670417e-01,-0.000000000000000000e+00,0.000000000000000000e+00,-1.406648293022584872e-01,-0.000000000000000000e+00,8.475599708425726828e-04,-2.193307703870094327e-01,-2.851367606833520307e-01,-0.000000000000000000e+00,-0.000000000000000000e+00,2.881510264204368621e+00,-0.000000000000000000e+00,0.000000000000000000e+00,5.686010225497221959e-02,-0.000000000000000000e+00,-1.301833922374089625e-01,-1.495641592653882967e-01,0.000000000000000000e+00,0.000000000000000000e+00,-1.784221254512425303e-01,-0.000000000000000000e+00,-1.989512476115125605e-01,-1.967668199631533998e-01,0.000000000000000000e+00,-0.000000000000000000e+00,-0.000000000000000000e+00,-0.000000000000000000e+00,-2.850249618252463923e-01
-0.000000000000000000e+00,0.000000000000000000e+00,0.000000000000000000e+00,-0.000000000000000000e+00,-0.000000000000000000e+00,-0.000000000000000000e+00,7.941000759561761546e-02,-0.000000000000000000e+00,0.000000000000000000e+00,-3.154457626585288055e-01,0.000000000000000000e+00,-0.000000000000000000e+00,2.011703222934107527e-01,-1.560804025968983433e-01,0.000000000000000000e+00,-2.798308515261007517e-02,-0.000000000000000000e+00,0.000000000000000000e+00,0.000000000000000000e+00,-0.000000000000000000e+00,0.000000000000000000e+00,-0.000000000000000000e+00,1.525983363493476075e+00,-1.798605328251854513e-02,-0.000000000000000000e+00,-0.000000000000000000e+00,-0.000000000000000000e+00,-0.000000000000000000e+00,0.000000000000000000e+00,-0.000000000000000000e+00,-0.000000000000000000e+00,-3.721729842544412303e-01,-0.000000000000000000e+00,0.000000000000000000e+00,-0.000000000000000000e+00,-0.000000000000000000e+00,-3.540153748629163988e-01,-0.000000000000000000e+00,-0.000000000000000000e+00
-5.535412996384522777e-02,-0.000000000000000000e+00,0.000000000000000000e+00,-0.000000000000000000e+00,0.000000000000000000e+00,-4.752001204217106145e-01,0.000000000000000000e+00,-0.000000000000000000e+00,0.000000000000000000e+00,-0.000000000000000000e+00,-0.000000000000000000e+00,0.000000000000000000e+00,1.078654559908088784e-01,-1.903176223967185388e-01,0.000000000000000000e+00,-0.000000000000000000e+00,-2.125113970122955720e-01,0.000000000000000000e+00,0.000000000000000000e+00,0.000000000000000000e+00,-0.000000000000000000e+00,0.000000000000000000e+00,-1.798605328251854513e-02,2.141944952481413811e+00,-5.390291016548922620e-01,-0.000000000000000000e+00,0.000000000000000000e+00,0.000000000000000000e+00,-2.837765306205877747e-01,-2.383660021204447033e-01,0.000000000000000000e+00,-0.000000000000000000e+00,0.000000000000000000e+00,0.000000000000000000e+00,-2.664322903762106898e-01,0.000000000000000000e+00,-0.000000000000000000e+00,0.000000000000000000e+00,0.000000000000000000e+00
-0.000000000000000000e+00,-4.026563858724972467e-01,0.000000000000000000e+00,0.000000000000000000e+00,0.000000000000000000e+00,-2.347026488087949336e-01,-0.000000000000000000e+00,-0.000000000000000000e+00,0.000000000000000000e+00,-0.000000000000000000e+00,-7.636044323538056233e-02,3.232095385551230771e-01,0.000000000000000000e+00,-0.000000000000000000e+00,0.000000000000000000e+00,-0.000000000000000000e+00,-0.000000000000000000e+00,0.000000000000000000e+00,0.000000000000000000e+00,0.000000000000000000e+00,-0.000000000000000000e+00,5.686010225497221959e-02,-0.000000000000000000e+00,-5.390291016548922620e-01,2.465156881797257782e+00,-0.000000000000000000e+00,0.000000000000000000e+00,0.000000000000000000e+00,-6.811246015504063278e-01,-1.109944893780570249e-02,0.000000000000000000e+00,0.000000000000000000e+00,0.000000000000000000e+00,0.000000000000000000e+00,-1.563663153133396100e-01,0.000000000000000000e+00,0.000000000000000000e+00,0.000000000000000000e+00,0.000000000000000000e+00
-2.921656446589097622e-01,-0.000000000000000000e+00,-9.513995068302523450e-02,-0.000000000000000000e+00,-2.481095978540501235e-01,0.000000000000000000e+00,-0.000000000000000000e+00,0.000000000000000000e+00,-0.000000000000000000e+00,-0.000000000000000000e+00,0.000000000000000000e+00,-0.000000000000000000e+00,-0.000000000000000000e+00,-0.000000000000000000e+00,-0.000000000000000000e+00,-0.000000000000000000e+00,0.000000000000000000e+00,-8.073071017258814930e-02,-0.000000000000000000e+00,-3.105016996113656447e-01,-3.429258173476121274e-01,-0.000000000000000000e+00,-0.000000000000000000e+00,-0.000000000000000000e+00,-0.000000000000000000e+00,2.294296732714105058e+00,-0.000000000000000000e+00,-2.957142200587917769e-01,-0.000000000000000000e+00,-0.000000000000000000e+00,-0.000000000000000000e+00,0.000000000000000000e+00,-1.357772586431538753e-01,-0.000000000000000000e+00,0.000000000000000000e+00,-0.000000000000000000e+00,-0.000000000000000000e+00,-5.543412523046847840e-01,-0.000000000000000000e+00
-0.000000000000000000e+00,0.000000000000000000e+00,-6.406820562861820223e-02,-0.000000000000000000e+00,-1.385571178369267020e-01,0.000000000000000000e+00,-0.000000000000000000e+00,7.359319059306602961e-02,-0.000000000000000000e+00,-5.178090789837302976e-02,1.637162902400555453e-01,-2.097166362292820010e-02,0.000000000000000000e+00,-0.000000000000000000e+00,-0.000000000000000000e+00,-0.000000000000000000e+00,0.000000000000000000e+00,-0.000000000000000000e+00,-0.000000000000000000e+00,-0.000000000000000000e+00,-0.000000000000000000e+00,-1.301833922374089625e-01,-0.000000000000000000e+00,0.000000000000000000e+00,0.000000000000000000e+00,-0.000000000000000000e+00,2.613604746779957466e+00,-4.410682223592204410e-01,0.000000000000000000e+00,-0.000000000000000000e+00,-6.186019243201538176e-01,-0.000000000000000000e+00,-4.461189512106317756e-01,-0.000000000000000000e+00,0.000000000000000000e+00,-8.657036539164821021e-02,-3.322832371596332046e-01,-0.000000000000000000e+00,-1.098409593883349911e-01
-0.000000000000000000e+00,0.000000000000000000e+00,-1.875251488119056564e-01,-0.000000000000000000e+00,-2.487325870586199195e-01,0.000000000000000000e+00,-0.000000000000000000e+00,2.092546927359903164e-01,-0.000000000000000000e+00,-1.147291271919539390e-01,1.793992580031684991e-01,-0.000000000000000000e+00,-0.000000000000000000e+00,-0.000000000000000000e+00,-0.000000000000000000e+00,-0.000000000000000000e+00,0.000000000000000000e+00,-9.986530293039912187e-02,-0.000000000000000000e+00,-0.000000000000000000e+00,-0.000000000000000000e+00,-1.495641592653882967e-01,-0.000000000000000000e+00,0.000000000000000000e+00,0.000000000000000000e+00,-2.957142200587917769e-01,-4.410682223592204410e-01,2.764394961407086182e+00,0.000000000000000000e+00,-0.000000000000000000e+00,-2.308960136102224392e-01,-0.000000000000000000e+00,-5.452588784028551405e-01,-0.000000000000000000e+00,0.000000000000000000e+00,-0.000000000000000000e+00,-0.000000000000000000e+00,-4.282214072022189066e-02,-7.971637151968404000e-02
-0.000000000000000000e+00,-1.467460215475785978e-01,0.000000000000000000e+00,-0.000000000000000000e+00,0.000000000000000000e+00,-0.000000000000000000e+00,-0.000000000000000000e+00,-0.000000000000000000e+00,0.000000000000000000e+00,0.000000000000000000e+00,-2.506442562639654703e-02,4.120856055086502545e-01,0.000000000000000000e+00,-0.000000000000000000e+00,0.000000000000000000e+00,-0.000000000000000000e+00,-0.000000000000000000e+00,0.000000000000000000e+00,0.000000000000000000e+00,0.000000000000000000e+00,-0.000000000000000000e+00,0.000000000000000000e+00,0.000000000000000000e+00,-2.837765306205877747e-01,-6.811246015504063278e-01,-0.000000000000000000e+00,0.000000000000000000e+00,0.000000000000000000e+00,2.251290517081363518e+00,-0.000000000000000000e+00,0.000000000000000000e+00,0.000000000000000000e+00,0.000000000000000000e+00,0.000000000000000000e+00,-5.049869717108438349e-01,3.905419225372212116e-02,0.000000000000000000e+00,0.000000000000000000e+00,0.000000000000000000e+00
-5.475196046584765996e-01,-8.540313948173561265e-02,-0.000000000000000000e+00,-0.000000000000000000e+00,-0.000000000000000000e+00,-0.000000000000000000e+00,-0.000000000000000000e+00,0.000000000000000000e+00,-0.000000000000000000e+00,-4.478123938698626016e-01,0.000000000000000000e+00,0.000000000000000000e+00,0.000000000000000000e+00,-3.741147812947017565e-02,0.000000000000000000e+00,-2.207888844500894288e-01,-0.000000000000000000e+00,-0.000000000000000000e+00,0.000000000000000000e+00,-0.000000000000000000e+00,-8.076859977010938940e-02,0.000000000000000000e+00,-0.000000000000000000e+00,-2.383660021204447033e-01,-1.109944893780570249e-02,-0.000000000000000000e+00,-0.000000000000000000e+00,-0.000000000000000000e+00,-0.000000000000000000e+00,1.644784311715835390e+00,-0.000000000000000000e+00,0.000000000000000000e+00,-0.000000000000000000e+00,-0.000000000000000000e+00,-0.000000000000000000e+00,-0.000000000000000000e+00,-0.000000000000000000e+00,-0.000000000000000000e+00,-0.000000000000000000e+00
-0.000000000000000000e+00,2.469420080891160107e-01,-1.247589286780043383e-01,0.000000000000000000e+00,-0.000000000000000000e+00,0.000000000000000000e+00,-0.000000000000000000e+00,1.541451158028736834e-01,-0.000000000000000000e+00,-0.000000000000000000e+00,5.829542006843699969e-02,-2.699983169736662192e-01,0.000000000000000000e+00,-0.000000000000000000e+00,-0.000000000000000000e+00,-0.000000000000000000e+00,0.000000000000000000e+00,-0.000000000000000000e+00,-0.000000000000000000e+00,-0.000000000000000000e+00,-0.000000000000000000e+00,-1.784221254512425303e-01,-0.000000000000000000e+00,0.000000000000000000e+00,0.000000000000000000e+00,-0.000000000000000000e+00,-6.186019243201538176e-01,-2.308960136102224392e-01,0.000000000000000000e+00,-0.000000000000000000e+00,2.592548620159871309e+00,-0.000000000000000000e+00,-4.418613293142395482e-01,-0.000000000000000000e+00,0.000000000000000000e+00,-0.000000000000000000e+00,-3.985108137619813307e-01,-0.000000000000000000e+00,-0.000000000000000000e+00
0.000000000000000000e+00,2.545572473023632321e-01,0.000000000000000000e+00,-0.000000000000000000e+00,0.000000000000000000e+00,-0.000000000000000000e+00,3.379863405025280154e-01,-0.000000000000000000e+00,4.955956755744940490e-02,-0.000000000000000000e+00,0.000000000000000000e+00,-0.000000000000000000e+00,1.286627251514532999e-01,-0.000000000000000000e+00,0.000000000000000000e+00,0.000000000000000000e+00,-0.000000000000000000e+00,0.000000000000000000e+00,0.000000000000000000e+00,0.000000000000000000e+00,2.701488496356527214e-01,-0.000000000000000000e+00,-3.721729842544412303e-01,-0.000000000000000000e+00,0.000000000000000000e+00,0.000000000000000000e+00,-0.000000000000000000e+00,-0.000000000000000000e+00,0.000000000000000000e+00,0.000000000000000000e+00,-0.000000000000000000e+00,1.765000413572383575e+00,-0.000000000000000000e+00,0.000000000000000000e+00,-0.000000000000000000e+00,-0.000000000000000000e+00,-6.281343310338676211e-01,0.000000000000000000e+00,0.000000000000000000e+00
-0.000000000000000000e+00,0.000000000000000000e+00,-2.529237792979970312e-01,-0.000000000000000000e+00,-7.790638208939287823e-02,0.000000000000000000e+00,-0.000000000000000000e+00,3.018582436777436651e-01,-0.000000000000000000e+00,-0.000000000000000000e+00,2.219801663906343508e-02,-0.000000000000000000e+00,-0.000000000000000000e+00,0.000000000000000000e+00,-0.000000000000000000e+00,-0.000000000000000000e+00,0.000000000000000000e+00,-4.163339508097429337e-02,-0.000000000000000000e+00,-0.000000000000000000e+00,-7.494795462877530678e-02,-1.989512476115125605e-01,-0.000000000000000000e+00,0.000000000000000000e+00,0.000000000000000000e+00,-1.357772586431538753e-01,-4.461189512106317756e-01,-5.452588784028551405e-01,0.000000000000000000e+00,-0.000000000000000000e+00,-4.418613293142395482e-01,-0.000000000000000000e+00,2.607674450109762621e+00,-0.000000000000000000e+00,0.000000000000000000e+00,-0.000000000000000000e+00,-3.971567812822993440e-03,-0.000000000000000000e+00,-0.000000000000000000e+00
0.000000000000000000e+00,0.000000000000000000e+00,-8.991093830204593962e-02,0.000000000000000000e+00,-1.152645966467975847e-01,1.963307859076803552e-01,-0.000000000000000000e+00,1.233090012103429806e-01,-3.019187364896085413e-01,-0.000000000000000000e+00,3.982765904195077061e-02,-4.336318007098171057e-01,-0.000000000000000000e+00,0.000000000000000000e+00,-4.563066890483839511e-01,-0.000000000000000000e+00,1.026611087084919882e-01,-1.124287341659764017e-01,-9.258746453969998735e-02,-0.000000000000000000e+00,-0.000000000000000000e+00,-1.967668199631533998e-01,0.000000000000000000e+00,0.000000000000000000e+00,0.000000000000000000e+00,-0.000000000000000000e+00,-0.000000000000000000e+00,-0.000000000000000000e+00,0.000000000000000000e+00,-0.000000000000000000e+00,-0.000000000000000000e+00,0.000000000000000000e+00,-0.000000000000000000e+00,2.725783909710599140e+00,7.546565091696857963e-02,-1.648604656812980573e-01,-0.000000000000000000e+00,-0.000000000000000000e+00,-2.666298328107339355e-01
-0.000000000000000000e+00,-0.000000000000000000e+00,0.000000000000000000e+00,0.000000000000000000e+00,0.000000000000000000e+00,-3.799588350477251519e-01,0.000000000000000000e+00,-0.000000000000000000e+00,0.000000000000000000e+00,0.000000000000000000e+00,-3.047011569327589542e-01,0.000000000000000000e+00,0.000000000000000000e+00,-0.000000000000000000e+00,0.000000000000000000e+00,0.000000000000000000e+00,-6.001295244557415531e-02,0.000000000000000000e+00,0.000000000000000000e+00,2.296365629128311464e-02,-0.000000000000000000e+00,0.000000000000000000e+00,-0.000000000000000000e+00,-2.664322903762106898e-01,-1.563663153133396100e-01,0.000000000000000000e+00,0.000000000000000000e+00,0.000000000000000000e+00,-5.049869717108438349e-01,-0.000000000000000000e+00,0.000000000000000000e+00,-0.000000000000000000e+00,0.000000000000000000e+00,7.546565091696857963e-02,2.221798737053005013e+00,2.115007452453057379e-01,-0.000000000000000000e+00,0.000000000000000000e+00,1.443680789294024269e-01
-0.000000000000000000e+00,0.000000000000000000e+00,-0.000000000000000000e+00,-0.000000000000000000e+00,-2.646388882017773891e-01,1.803417916415810812e-02,-0.000000000000000000e+00,0.000000000000000000e+00,-1.637052864617430936e-01,-3.944071037530742507e-01,2.314077754288224320e-01,-9.133721062354871467e-02,-0.000000000000000000e+00,-0.000000000000000000e+00,-0.000000000000000000e+00,-0.000000000000000000e+00,0.000000000000000000e+00,-0.000000000000000000e+00,-0.000000000000000000e+00,-0.000000000000000000e+00,-0.000000000000000000e+00,-0.000000000000000000e+00,-0.000000000000000000e+00,0.000000000000000000e+00,0.000000000000000000e+00,-0.000000000000000000e+00,-8.657036539164821021e-02,-0.000000000000000000e+00,3.905419225372212116e-02,-0.000000000000000000e+00,-0.000000000000000000e+00,-0.000000000000000000e+00,-0.000000000000000000e+00,-1.648604656812980573e-01,2.115007452453057379e-01,1.956989635595071109e+00,-0.000000000000000000e+00,-0.000000000000000000e+00,-2.135355414871243085e-01
-0.000000000000000000e+00,2.337865224988536217e-01,-0.000000000000000000e+00,-0.000000000000000000e+00,-0.000000000000000000e+00,0.000000000000000000e+00,0.000000000000000000e+00,0.000000000000000000e+00,0.000000000000000000e+00,-0.000000000000000000e+00,0.000000000000000000e+00,-0.000000000000000000e+00,0.000000000000000000e+00,-2.072619231601660339e-01,0.000000000000000000e+00,-0.000000000000000000e+00,-0.000000000000000000e+00,-0.000000000000000000e+00,-0.000000000000000000e+00,-0.000000000000000000e+00,0.000000000000000000e+00,-0.000000000000000000e+00,-3.540153748629163988e-01,-0.000000000000000000e+00,0.000000000000000000e+00,-0.000000000000000000e+00,-3.322832371596332046e-01,-0.000000000000000000e+00,0.000000000000000000e+00,-0.000000000000000000e+00,-3.985108137619813307e-01,-6.281343310338676211e-01,-3.971567812822993440e-03,-0.000000000000000000e+00,-0.000000000000000000e+00,-0.000000000000000000e+00,1.922231176789747975e+00,-0.000000000000000000e+00,-0.000000000000000000e+00
-2.323520679794137123e-01,-0.000000000000000000e+00,-0.000000000000000000e+00,-0.000000000000000000e+00,-3.850589844283532903e-01,0.000000000000000000e+00,-0.000000000000000000e+00,0.000000000000000000e+00,-2.570021637568640216e-01,-0.000000000000000000e+00,9.986100317766320733e-02,-0.000000000000000000e+00,-0.000000000000000000e+00,0.000000000000000000e+00,-0.000000000000000000e+00,-0.000000000000000000e+00,4.189041280877137119e-02,-1.535939213082540000e-01,-0.000000000000000000e+00,-6.517245568689554736e-01,-2.205645312965965610e-01,-0.000000000000000000e+00,-0.000000000000000000e+00,0.000000000000000000e+00,0.000000000000000000e+00,-5.543412523046847840e-01,-0.000000000000000000e+00,-4.282214072022189066e-02,0.000000000000000000e+00,-0.000000000000000000e+00,-0.000000000000000000e+00,0.000000000000000000e+00,-0.000000000000000000e+00,-0.000000000000000000e+00,0.000000000000000000e+00,-0.000000000000000000e+00,-0.000000000000000000e+00,2.533524034538532366e+00,-5.060113082982660437e-02
-0.000000000000000000e+00,0.000000000000000000e+00,-4.295827923544758703e-02,0.000000000000000000e+00,-3.473256345961234781e-01,2.122138391672485080e-01,-0.000000000000000000e+00,6.411334967836783416e-02,-6.154453493486955473e-02,-0.000000000000000000e+00,3.612371420226527796e-01,-2.283899849427775963e-01,-0.000000000000000000e+00,0.000000000000000000e+00,-5.392627253019157546e-02,-0.000000000000000000e+00,9.150200232176491921e-02,-2.493084565174971401e-01,-2.093301328365884673e-01,-0.000000000000000000e+00,-0.000000000000000000e+00,-2.850249618252463923e-01,-0.000000000000000000e+00,0.000000000000000000e+00,0.000000000000000000e+00,-0.000000000000000000e+00,-1.098409593883349911e-01,-7.971637151968404000e-02,0.000000000000000000e+00,-0.000000000000000000e+00,-0.000000000000000000e+00,0.000000000000000000e+00,-0.000000000000000000e+00,-2.666298328107339355e-01,1.443680789294024269e-01,-2.135355414871243085e-01,-0.000000000000000000e+00,-5.060113082982660437e-02,2.964782529620329399e+00
