1.679088263652116941e+00,-3.164255881959989747e-01,-1.027166075245011974e-02,-0.000000000000000000e+00,-0.000000000000000000e+00,-0.000000000000000000e+00,-0.000000000000000000e+00,1.750011783202956367e-03,-4.372747478198463905e-02,-7.583768934979517873e-02,-0.000000000000000000e+00,0.000000000000000000e+00,-0.000000000000000000e+00,-1.940214439958367482e-02,-0.000000000000000000e+00,-0.000000000000000000e+00,-0.000000000000000000e+00,-0.000000000000000000e+00,-0.000000000000000000e+00,-0.000000000000000000e+00,-0.000000000000000000e+00,-0.000000000000000000e+00,-4.666109736187531998e-02,-0.000000000000000000e+00,-0.000000000000000000e+00,-0.000000000000000000e+00,-0.000000000000000000e+00,-1.151737967082805125e-01,-1.482802226461726880e-01,-1.238576596879212149e-01,-0.000000000000000000e+00,-0.000000000000000000e+00,-0.000000000000000000e+00,-0.000000000000000000e+00,-0.000000000000000000e+00,0.000000000000000000e+00,-0.000000000000000000e+00,-5.421237500107699558e-01,-3.781310859615283348e-02
-3.164255881959989747e-01,2.180205969743154171e+00,-0.000000000000000000e+00,-0.000000000000000000e+00,0.000000000000000000e+00,-0.000000000000000000e+00,0.000000000000000000e+00,0.000000000000000000e+00,-0.000000000000000000e+00,-3.780081826591036309e-02,-0.000000000000000000e+00,-0.000000000000000000e+00,-0.000000000000000000e+00,-0.000000000000000000e+00,0.000000000000000000e+00,-0.000000000000000000e+00,-0.000000000000000000e+00,0.000000000000000000e+00,-0.000000000000000000e+00,-0.000000000000000000e+00,-0.000000000000000000e+00,-1.092136555747459242e-01,-8.787065640049567319e-03,-5.766723566207392765e-02,-1.096948866232570416e-02,0.000000000000000000e+00,-1.902972265774673655e-01,-0.000000000000000000e+00,-0.000000000000000000e+00,-0.000000000000000000e+00,-1.302919932778544010e-01,-4.405173706657559696e-01,-0.000000000000000000e+00,-0.000000000000000000e+00,-0.000000000000000000e+00,4.622622593596097812e-02,-3.268712870808340720e-01,-0.000000000000000000e+00,-6.910029640231946102e-01
-1.027166075245011974e-02,-0.000000000000000000e+00,2.078235189030655850e+00,-0.000000000000000000e+00,-2.970868212537213643e-02,-0.000000000000000000e+00,-0.000000000000000000e+00,1.065942303601114860e+00,-0.000000000000000000e+00,-0.000000000000000000e+00,-0.000000000000000000e+00,0.000000000000000000e+00,-0.000000000000000000e+00,-6.855387383417546610e-02,-0.000000000000000000e+00,-0.000000000000000000e+00,-0.000000000000000000e+00,-0.000000000000000000e+00,-1.537554960083930937e-02,-0.000000000000000000e+00,-0.000000000000000000e+00,-0.000000000000000000e+00,-0.000000000000000000e+00,-1.107962261967621216e-02,-3.371713080479982194e-02,-3.669397374564425385e-01,-0.000000000000000000e+00,-1.377799195400200571e-01,-0.000000000000000000e+00,-3.153593205404228716e-02,-2.005574121129824194e-01,-0.000000000000000000e+00,-0.000000000000000000e+00,-0.000000000000000000e+00,-0.000000000000000000e+00,-0.000000000000000000e+00,-0.000000000000000000e+00,-0.000000000000000000e+00,-0.000000000000000000e+00
-0.000000000000000000e+00,-0.000000000000000000e+00,-0.000000000000000000e+00,1.102822280051806825e+00,0.000000000000000000e+00,-6.881902405118321686e-02,-8.466450654813870158e-02,0.000000000000000000e+00,-0.000000000000000000e+00,-0.000000000000000000e+00,-0.000000000000000000e+00,0.000000000000000000e+00,-0.000000000000000000e+00,-0.000000000000000000e+00,0.000000000000000000e+00,-0.000000000000000000e+00,-2.354933097324844390e-02,-0.000000000000000000e+00,0.000000000000000000e+00,-1.610026876767553794e-01,-0.000000000000000000e+00,-0.000000000000000000e+00,-0.000000000000000000e+00,-0.000000000000000000e+00,-0.000000000000000000e+00,-0.000000000000000000e+00,-0.000000000000000000e+00,-0.000000000000000000e+00,-1.027662590855558111e-01,-3.468376189256507092e-02,-0.000000000000000000e+00,-0.000000000000000000e+00,-0.000000000000000000e+00,0.000000000000000000e+00,-8.875824871983932149e-03,0.000000000000000000e+00,-6.597991323873840172e-03,-0.000000000000000000e+00,-0.000000000000000000e+00
-0.000000000000000000e+00,0.000000000000000000e+00,-2.970868212537213643e-02,0.000000000000000000e+00,1.465723963734097746e+00,0.000000000000000000e+00,-0.000000000000000000e+00,3.547523158319319803e-02,-0.000000000000000000e+00,-0.000000000000000000e+00,0.000000000000000000e+00,-0.000000000000000000e+00,0.000000000000000000e+00,-2.037071684179793396e-01,-3.675093018031210801e-01,-0.000000000000000000e+00,0.000000000000000000e+00,-0.000000000000000000e+00,-9.951494100863753078e-02,0.000000000000000000e+00,9.696306412907756619e-03,0.000000000000000000e+00,0.000000000000000000e+00,-0.000000000000000000e+00,0.000000000000000000e+00,-3.123687688001507978e-01,-0.000000000000000000e+00,0.000000000000000000e+00,0.000000000000000000e+00,-0.000000000000000000e+00,0.000000000000000000e+00,0.000000000000000000e+00,0.000000000000000000e+00,-2.319824978662622661e-01,0.000000000000000000e+00,-1.106751332730133291e-01,0.000000000000000000e+00,-0.000000000000000000e+00,-0.000000000000000000e+00
-0.000000000000000000e+00,-0.000000000000000000e+00,-0.000000000000000000e+00,-6.881902405118321686e-02,0.000000000000000000e+00,2.631174397675756449e+00,-0.000000000000000000e+00,0.000000000000000000e+00,-0.000000000000000000e+00,-0.000000000000000000e+00,-0.000000000000000000e+00,0.000000000000000000e+00,-8.427213184798701406e-02,-0.000000000000000000e+00,0.000000000000000000e+00,-1.336085699424943707e-01,-4.362494139166682439e-02,-0.000000000000000000e+00,-0.000000000000000000e+00,-3.747602590931727318e-01,-0.000000000000000000e+00,-0.000000000000000000e+00,-3.073239589703896102e-01,-0.000000000000000000e+00,-3.395416402368900410e-01,0.000000000000000000e+00,-0.000000000000000000e+00,-1.415762930640794837e-01,-2.635427958643498103e-01,-1.071452766019165559e-01,-0.000000000000000000e+00,-3.910308987073148335e-01,-0.000000000000000000e+00,-0.000000000000000000e+00,-1.085065451393360247e-01,0.000000000000000000e+00,-4.241174242604734967e-01,-0.000000000000000000e+00,-0.000000000000000000e+00
-0.000000000000000000e+00,0.000000000000000000e+00,-0.000000000000000000e+00,-8.466450654813870158e-02,-0.000000000000000000e+00,-0.000000000000000000e+00,1.096074899698609828e+00,0.000000000000000000e+00,0.000000000000000000e+00,-0.000000000000000000e+00,-0.000000000000000000e+00,8.021297382592265657e-02,-1.440202059754443764e-01,-0.000000000000000000e+00,-5.255130415346681572e-02,-0.000000000000000000e+00,-0.000000000000000000e+00,-1.156978963385898590e-01,-0.000000000000000000e+00,-0.000000000000000000e+00,-0.000000000000000000e+00,0.000000000000000000e+00,-0.000000000000000000e+00,-0.000000000000000000e+00,-0.000000000000000000e+00,-0.000000000000000000e+00,1.380643931835688898e-01,-0.000000000000000000e+00,-0.000000000000000000e+00,-0.000000000000000000e+00,0.000000000000000000e+00,0.000000000000000000e+00,0.000000000000000000e+00,-0.000000000000000000e+00,-0.000000000000000000e+00,-3.191596282629313025e-02,0.000000000000000000e+00,-0.000000000000000000e+00,0.000000000000000000e+00
1.750011783202956367e-03,0.000000000000000000e+00,1.065942303601114860e+00,0.000000000000000000e+00,3.547523158319319803e-02,0.000000000000000000e+00,0.000000000000000000e+00,2.087750587593087737e+00,0.000000000000000000e+00,0.000000000000000000e+00,-0.000000000000000000e+00,-0.000000000000000000e+00,0.000000000000000000e+00,1.947363472426536790e-01,0.000000000000000000e+00,0.000000000000000000e+00,0.000000000000000000e+00,9.932203692359516112e-02,2.070831387768827872e-03,0.000000000000000000e+00,0.000000000000000000e+00,0.000000000000000000e+00,7.988652356500961296e-03,5.116467672349491597e-02,9.604819749306749144e-03,1.710968189629275549e-01,0.000000000000000000e+00,2.117481872214434235e-01,0.000000000000000000e+00,0.000000000000000000e+00,1.859076060075165182e-01,0.000000000000000000e+00,0.000000000000000000e+00,0.000000000000000000e+00,0.000000000000000000e+00,3.397594438722700838e-02,0.000000000000000000e+00,0.000000000000000000e+00,0.000000000000000000e+00
-4.372747478198463905e-02,-0.000000000000000000e+00,-0.000000000000000000e+00,-0.000000000000000000e+00,-0.000000000000000000e+00,-0.000000000000000000e+00,0.000000000000000000e+00,0.000000000000000000e+00,1.894992617507601285e+00,-3.500418083917837264e-01,-0.000000000000000000e+00,0.000000000000000000e+00,-0.000000000000000000e+00,-3.466444427555079311e-02,-0.000000000000000000e+00,-1.752366820224288413e-01,-0.000000000000000000e+00,-0.000000000000000000e+00,-3.594889777240498074e-02,-0.000000000000000000e+00,-0.000000000000000000e+00,-0.000000000000000000e+00,-0.000000000000000000e+00,-3.758696393240586100e-03,-1.322635557784610782e-01,0.000000000000000000e+00,-0.000000000000000000e+00,-0.000000000000000000e+00,-0.000000000000000000e+00,-1.484225593741487492e-01,-0.000000000000000000e+00,-0.000000000000000000e+00,-0.000000000000000000e+00,-2.633735512272579737e-01,-0.000000000000000000e+00,-0.000000000000000000e+00,-0.000000000000000000e+00,-3.349726790618714478e-01,-3.236282344991652793e-01
-7.583768934979517873e-02,-3.780081826591036309e-02,-0.000000000000000000e+00,-0.000000000000000000e+00,-0.000000000000000000e+00,-0.000000000000000000e+00,-0.000000000000000000e+00,0.000000000000000000e+00,-3.500418083917837264e-01,2.165272109622894181e+00,-0.000000000000000000e+00,0.000000000000000000e+00,-0.000000000000000000e+00,-2.047971888597043336e-02,-0.000000000000000000e+00,-7.316360163858832699e-01,-2.744056231245893887e-02,-0.000000000000000000e+00,-8.624468943282415090e-02,-0.000000000000000000e+00,-0.000000000000000000e+00,-0.000000000000000000e+00,-5.289620955780457295e-02,-2.225079054600593090e-02,-1.201114495803716486e-01,0.000000000000000000e+00,0.000000000000000000e+00,-0.000000000000000000e+00,-0.000000000000000000e+00,-1.276425299653668743e-01,-0.000000000000000000e+00,-0.000000000000000000e+00,-0.000000000000000000e+00,-3.497143735053697688e-01,-0.000000000000000000e+00,-0.000000000000000000e+00,-0.000000000000000000e+00,-1.358822992073481506e-01,-3.237107845182061322e-02
-0.000000000000000000e+00,-0.000000000000000000e+00,-0.000000000000000000e+00,-0.000000000000000000e+00,0.000000000000000000e+00,-0.000000000000000000e+00,-0.000000000000000000e+00,-0.000000000000000000e+00,-0.000000000000000000e+00,-0.000000000000000000e+00,1.201831510581667040e+00,-0.000000000000000000e+00,-0.000000000000000000e+00,0.000000000000000000e+00,0.000000000000000000e+00,-0.000000000000000000e+00,-4.925128095599501377e-01,-0.000000000000000000e+00,-0.000000000000000000e+00,-0.000000000000000000e+00,-0.000000000000000000e+00,0.000000000000000000e+00,-0.000000000000000000e+00,-0.000000000000000000e+00,-0.000000000000000000e+00,0.000000000000000000e+00,0.000000000000000000e+00,-0.000000000000000000e+00,-0.000000000000000000e+00,-0.000000000000000000e+00,-0.000000000000000000e+00,-0.000000000000000000e+00,-0.000000000000000000e+00,-0.000000000000000000e+00,0.000000000000000000e+00,0.000000000000000000e+00,-0.000000000000000000e+00,-0.000000000000000000e+00,-0.000000000000000000e+00
0.000000000000000000e+00,-0.000000000000000000e+00,0.000000000000000000e+00,0.000000000000000000e+00,-0.000000000000000000e+00,0.000000000000000000e+00,8.021297382592265657e-02,-0.000000000000000000e+00,0.000000000000000000e+00,0.000000000000000000e+00,-0.000000000000000000e+00,1.294260021005782635e+00,1.502577213492314878e-01,0.000000000000000000e+00,0.000000000000000000e+00,0.000000000000000000e+00,-0.000000000000000000e+00,0.000000000000000000e+00,0.000000000000000000e+00,0.000000000000000000e+00,0.000000000000000000e+00,-0.000000000000000000e+00,0.000000000000000000e+00,0.000000000000000000e+00,0.000000000000000000e+00,0.000000000000000000e+00,-3.368588077635040756e-01,0.000000000000000000e+00,0.000000000000000000e+00,0.000000000000000000e+00,-0.000000000000000000e+00,-0.000000000000000000e+00,-0.000000000000000000e+00,-0.000000000000000000e+00,7.470713893419599072e-02,1.521105683054409519e-01,-0.000000000000000000e+00,0.000000000000000000e+00,-3.180447040898755628e-01
-0.000000000000000000e+00,-0.000000000000000000e+00,-0.000000000000000000e+00,-0.000000000000000000e+00,0.000000000000000000e+00,-8.427213184798701406e-02,-1.440202059754443764e-01,0.000000000000000000e+00,-0.000000000000000000e+00,-0.000000000000000000e+00,-0.000000000000000000e+00,1.502577213492314878e-01,1.362764289551176233e+00,-0.000000000000000000e+00,-0.000000000000000000e+00,-5.524629475301420789e-02,-2.588987583775054779e-01,-1.767769078320497594e-02,-0.000000000000000000e+00,-4.040960646820457303e-02,-0.000000000000000000e+00,0.000000000000000000e+00,-0.000000000000000000e+00,-0.000000000000000000e+00,-0.000000000000000000e+00,0.000000000000000000e+00,1.425099787596032508e-01,-0.000000000000000000e+00,-3.554348394037007974e-01,-0.000000000000000000e+00,0.000000000000000000e+00,-0.000000000000000000e+00,-0.000000000000000000e+00,-0.000000000000000000e+00,-5.546953944634510497e-02,-0.000000000000000000e+00,-0.000000000000000000e+00,-0.000000000000000000e+00,0.000000000000000000e+00
-1.940214439958367482e-02,-0.000000000000000000e+00,-6.855387383417546610e-02,-0.000000000000000000e+00,-2.037071684179793396e-01,-0.000000000000000000e+00,-0.000000000000000000e+00,1.947363472426536790e-01,-3.466444427555079311e-02,-2.047971888597043336e-02,0.000000000000000000e+00,0.000000000000000000e+00,-0.000000000000000000e+00,1.453711977473576278e+00,-0.000000000000000000e+00,-0.000000000000000000e+00,-0.000000000000000000e+00,-8.351329332216808968e-03,-2.479110474354646182e-02,-0.000000000000000000e+00,-0.000000000000000000e+00,-0.000000000000000000e+00,-0.000000000000000000e+00,-4.297163829274484592e-01,-0.000000000000000000e+00,-1.552629485663122588e-01,-0.000000000000000000e+00,-0.000000000000000000e+00,-0.000000000000000000e+00,-0.000000000000000000e+00,-0.000000000000000000e+00,-0.000000000000000000e+00,-0.000000000000000000e+00,-0.000000000000000000e+00,-0.000000000000000000e+00,-7.326663405693874254e-02,-0.000000000000000000e+00,-3.428164666803328042e-02,-0.000000000000000000e+00
-0.000000000000000000e+00,0.000000000000000000e+00,-0.000000000000000000e+00,0.000000000000000000e+00,-3.675093018031210801e-01,0.000000000000000000e+00,-5.255130415346681572e-02,0.000000000000000000e+00,-0.000000000000000000e+00,-0.000000000000000000e+00,0.000000000000000000e+00,0.000000000000000000e+00,-0.000000000000000000e+00,-0.000000000000000000e+00,1.349091115847620870e+00,-0.000000000000000000e+00,0.000000000000000000e+00,-3.524531337368459472e-01,-0.000000000000000000e+00,0.000000000000000000e+00,0.000000000000000000e+00,0.000000000000000000e+00,0.000000000000000000e+00,0.000000000000000000e+00,0.000000000000000000e+00,-5.631855392109325759e-02,6.943819578230700507e-02,0.000000000000000000e+00,0.000000000000000000e+00,-0.000000000000000000e+00,0.000000000000000000e+00,1.681010563709955663e-01,1.396415621700204668e-02,-6.907844832346544950e-02,0.000000000000000000e+00,-0.000000000000000000e+00,4.598154453829880056e-02,-1.363997581478750831e-01,0.000000000000000000e+00
-0.000000000000000000e+00,-0.000000000000000000e+00,-0.000000000000000000e+00,-0.000000000000000000e+00,-0.000000000000000000e+00,-1.336085699424943707e-01,-0.000000000000000000e+00,0.000000000000000000e+00,-1.752366820224288413e-01,-7.316360163858832699e-01,-0.000000000000000000e+00,0.000000000000000000e+00,-5.524629475301420789e-02,-0.000000000000000000e+00,-0.000000000000000000e+00,2.280654867639825056e+00,-1.447063209300160185e-02,-1.654070905494668675e-01,-5.215770196242889428e-02,-7.015330723228217075e-03,-0.000000000000000000e+00,-0.000000000000000000e+00,-2.383430008046838189e-01,-1.023798440904048063e-01,-2.215825840720719864e-01,0.000000000000000000e+00,0.000000000000000000e+00,-0.000000000000000000e+00,-7.088694083100648136e-02,-2.922545242401159427e-01,-0.000000000000000000e+00,-0.000000000000000000e+00,-0.000000000000000000e+00,-3.912726007113138255e-03,-3.976315788601433171e-02,-0.000000000000000000e+00,-0.000000000000000000e+00,-5.060269851615997044e-02,-0.000000000000000000e+00
-0.000000000000000000e+00,-0.000000000000000000e+00,-0.000000000000000000e+00,-2.354933097324844390e-02,0.000000000000000000e+00,-4.362494139166682439e-02,-0.000000000000000000e+00,0.000000000000000000e+00,-0.000000000000000000e+00,-2.744056231245893887e-02,-4.925128095599501377e-01,-0.000000000000000000e+00,-2.588987583775054779e-01,-0.000000000000000000e+00,0.000000000000000000e+00,-1.447063209300160185e-02,1.481808081647843611e+00,-0.000000000000000000e+00,-0.000000000000000000e+00,-0.000000000000000000e+00,-0.000000000000000000e+00,-0.000000000000000000e+00,-0.000000000000000000e+00,-0.000000000000000000e+00,-0.000000000000000000e+00,0.000000000000000000e+00,0.000000000000000000e+00,-0.000000000000000000e+00,-1.704423610890523355e-01,-0.000000000000000000e+00,-0.000000000000000000e+00,-2.835302415038232771e-01,-0.000000000000000000e+00,-0.000000000000000000e+00,-0.000000000000000000e+00,0.000000000000000000e+00,-0.000000000000000000e+00,-0.000000000000000000e+00,-0.000000000000000000e+00
-0.000000000000000000e+00,0.000000000000000000e+00,-0.000000000000000000e+00,-0.000000000000000000e+00,-0.000000000000000000e+00,-0.000000000000000000e+00,-1.156978963385898590e-01,9.932203692359516112e-02,-0.000000000000000000e+00,-0.000000000000000000e+00,-0.000000000000000000e+00,0.000000000000000000e+00,-1.767769078320497594e-02,-8.351329332216808968e-03,-3.524531337368459472e-01,-1.654070905494668675e-01,-0.000000000000000000e+00,1.606455448901055849e+00,-5.033724268729150575e-01,-0.000000000000000000e+00,-0.000000000000000000e+00,0.000000000000000000e+00,-0.000000000000000000e+00,-0.000000000000000000e+00,-0.000000000000000000e+00,-0.000000000000000000e+00,0.000000000000000000e+00,-0.000000000000000000e+00,-0.000000000000000000e+00,-2.727799449259331321e-02,-0.000000000000000000e+00,-0.000000000000000000e+00,0.000000000000000000e+00,-2.213155992399593042e-02,-0.000000000000000000e+00,-1.773110421596514052e-01,-0.000000000000000000e+00,-2.013871385192968211e-01,-0.000000000000000000e+00
-0.000000000000000000e+00,-0.000000000000000000e+00,-1.537554960083930937e-02,0.000000000000000000e+00,-9.951494100863753078e-02,-0.000000000000000000e+00,-0.000000000000000000e+00,2.070831387768827872e-03,-3.594889777240498074e-02,-8.624468943282415090e-02,-0.000000000000000000e+00,0.000000000000000000e+00,-0.000000000000000000e+00,-2.479110474354646182e-02,-0.000000000000000000e+00,-5.215770196242889428e-02,-0.000000000000000000e+00,-5.033724268729150575e-01,1.464183637353898115e+00,-0.000000000000000000e+00,0.000000000000000000e+00,0.000000000000000000e+00,-0.000000000000000000e+00,-0.000000000000000000e+00,-0.000000000000000000e+00,-0.000000000000000000e+00,0.000000000000000000e+00,-0.000000000000000000e+00,-0.000000000000000000e+00,-0.000000000000000000e+00,-0.000000000000000000e+00,-0.000000000000000000e+00,-0.000000000000000000e+00,-2.918610538194824633e-01,0.000000000000000000e+00,-6.847206031822603012e-02,-0.000000000000000000e+00,-0.000000000000000000e+00,-0.000000000000000000e+00
-0.000000000000000000e+00,-0.000000000000000000e+00,-0.000000000000000000e+00,-1.610026876767553794e-01,0.000000000000000000e+00,-3.747602590931727318e-01,-0.000000000000000000e+00,0.000000000000000000e+00,-0.000000000000000000e+00,-0.000000000000000000e+00,-0.000000000000000000e+00,0.000000000000000000e+00,-4.040960646820457303e-02,-0.000000000000000000e+00,0.000000000000000000e+00,-7.015330723228217075e-03,-0.000000000000000000e+00,-0.000000000000000000e+00,-0.000000000000000000e+00,1.732706506596075391e+00,-0.000000000000000000e+00,-2.061094349391633662e-01,-1.731983551314756620e-01,-0.000000000000000000e+00,-1.480235583932507371e-01,0.000000000000000000e+00,-0.000000000000000000e+00,-3.331550242126050249e-02,-3.957057980372271494e-02,-1.011041876789625232e-01,-0.000000000000000000e+00,-1.263121033749650401e-01,-0.000000000000000000e+00,-0.000000000000000000e+00,-0.000000000000000000e+00,0.000000000000000000e+00,-2.078517635184274348e-01,-0.000000000000000000e+00,-0.000000000000000000e+00
-0.000000000000000000e+00,-0.000000000000000000e+00,-0.000000000000000000e+00,-0.000000000000000000e+00,9.696306412907756619e-03,-0.000000000000000000e+00,-0.000000000000000000e+00,0.000000000000000000e+00,-0.000000000000000000e+00,-0.000000000000000000e+00,-0.000000000000000000e+00,0.000000000000000000e+00,-0.000000000000000000e+00,-0.000000000000000000e+00,0.000000000000000000e+00,-0.000000000000000000e+00,-0.000000000000000000e+00,-0.000000000000000000e+00,0.000000000000000000e+00,-0.000000000000000000e+00,1.333459445124947296e+00,-6.309934225240562689e-02,-0.000000000000000000e+00,-0.000000000000000000e+00,-0.000000000000000000e+00,0.000000000000000000e+00,-0.000000000000000000e+00,-2.593053793757035264e-01,-1.742307789953095321e-01,-0.000000000000000000e+00,-0.000000000000000000e+00,-0.000000000000000000e+00,-2.256700736804807261e-01,0.000000000000000000e+00,-2.013778903917879115e-01,0.000000000000000000e+00,-0.000000000000000000e+00,-0.000000000000000000e+00,-0.000000000000000000e+00
-0.000000000000000000e+00,-1.092136555747459242e-01,-0.000000000000000000e+00,-0.000000000000000000e+00,0.000000000000000000e+00,-0.000000000000000000e+00,0.000000000000000000e+00,0.000000000000000000e+00,-0.000000000000000000e+00,-0.000000000000000000e+00,0.000000000000000000e+00,-0.000000000000000000e+00,0.000000000000000000e+00,-0.000000000000000000e+00,0.000000000000000000e+00,-0.000000000000000000e+00,-0.000000000000000000e+00,0.000000000000000000e+00,0.000000000000000000e+00,-2.061094349391633662e-01,-6.309934225240562689e-02,1.080075256411080709e+00,-0.000000000000000000e+00,-0.000000000000000000e+00,-0.000000000000000000e+00,0.000000000000000000e+00,-0.000000000000000000e+00,-0.000000000000000000e+00,-0.000000000000000000e+00,-0.000000000000000000e+00,-2.720963539898313410e-03,-0.000000000000000000e+00,-0.000000000000000000e+00,0.000000000000000000e+00,-0.000000000000000000e+00,0.000000000000000000e+00,-0.000000000000000000e+00,-0.000000000000000000e+00,-0.000000000000000000e+00
-4.666109736187531998e-02,-8.787065640049567319e-03,-0.000000000000000000e+00,-0.000000000000000000e+00,0.000000000000000000e+00,-3.073239589703896102e-01,-0.000000000000000000e+00,7.988652356500961296e-03,-0.000000000000000000e+00,-5.289620955780457295e-02,-0.000000000000000000e+00,0.000000000000000000e+00,-0.000000000000000000e+00,-0.000000000000000000e+00,0.000000000000000000e+00,-2.383430008046838189e-01,-0.000000000000000000e+00,-0.000000000000000000e+00,-0.000000000000000000e+00,-1.731983551314756620e-01,-0.000000000000000000e+00,-0.000000000000000000e+00,2.686954142309085025e+00,-2.567371763749278224e-01,-5.603627589166422229e-01,-0.000000000000000000e+00,-0.000000000000000000e+00,-1.929435281143615163e-02,-2.179288577357761936e-01,-1.795072553796624726e-01,-1.380359354445927778e-01,-3.220136712758192576e-02,-0.000000000000000000e+00,-0.000000000000000000e+00,-3.218342548504630196e-01,-0.000000000000000000e+00,-2.811459317738460584e-01,-0.000000000000000000e+00,-0.000000000000000000e+00
-0.000000000000000000e+00,-5.766723566207392765e-02,-1.107962261967621216e-02,-0.000000000000000000e+00,-0.000000000000000000e+00,-0.000000000000000000e+00,-0.000000000000000000e+00,5.116467672349491597e-02,-3.758696393240586100e-03,-2.225079054600593090e-02,-0.000000000000000000e+00,0.000000000000000000e+00,-0.000000000000000000e+00,-4.297163829274484592e-01,0.000000000000000000e+00,-1.023798440904048063e-01,-0.000000000000000000e+00,-0.000000000000000000e+00,-0.000000000000000000e+00,-0.000000000000000000e+00,-0.000000000000000000e+00,-0.000000000000000000e+00,-2.567371763749278224e-01,1.939238297750350393e+00,-3.944737391240334401e-01,-0.000000000000000000e+00,-0.000000000000000000e+00,-2.292889379115988224e-01,-2.579826184648594672e-02,-9.802065066476882416e-02,-1.425189161644442072e-02,-3.446908441295618800e-03,-0.000000000000000000e+00,-0.000000000000000000e+00,-3.509164975057969815e-02,-0.000000000000000000e+00,-1.253860938199149455e-01,-0.000000000000000000e+00,-0.000000000000000000e+00
-0.000000000000000000e+00,-1.096948866232570416e-02,-3.371713080479982194e-02,-0.000000000000000000e+00,0.000000000000000000e+00,-3.395416402368900410e-01,-0.000000000000000000e+00,9.604819749306749144e-03,-1.322635557784610782e-01,-1.201114495803716486e-01,-0.000000000000000000e+00,0.000000000000000000e+00,-0.000000000000000000e+00,-0.000000000000000000e+00,0.000000000000000000e+00,-2.215825840720719864e-01,-0.000000000000000000e+00,-0.000000000000000000e+00,-0.000000000000000000e+00,-1.480235583932507371e-01,-0.000000000000000000e+00,-0.000000000000000000e+00,-5.603627589166422229e-01,-3.944737391240334401e-01,2.674606775155567551e+00,-0.000000000000000000e+00,-0.000000000000000000e+00,-1.098820951888120900e-01,-1.700808752035980198e-01,-1.871786855688758466e-01,-0.000000000000000000e+00,-1.048989465918181707e-01,-0.000000000000000000e+00,-0.000000000000000000e+00,-7.079440450876324509e-02,-0.000000000000000000e+00,-2.022604475572777616e-01,-0.000000000000000000e+00,-0.000000000000000000e+00
-0.000000000000000000e+00,0.000000000000000000e+00,-3.669397374564425385e-01,-0.000000000000000000e+00,-3.123687688001507978e-01,0.000000000000000000e+00,-0.000000000000000000e+00,1.710968189629275549e-01,0.000000000000000000e+00,0.000000000000000000e+00,0.000000000000000000e+00,0.000000000000000000e+00,0.000000000000000000e+00,-1.552629485663122588e-01,-5.631855392109325759e-02,0.000000000000000000e+00,0.000000000000000000e+00,-0.000000000000000000e+00,-0.000000000000000000e+00,0.000000000000000000e+00,0.000000000000000000e+00,0.000000000000000000e+00,-0.000000000000000000e+00,-0.000000000000000000e+00,-0.000000000000000000e+00,1.410793038374918540e+00,-0.000000000000000000e+00,-0.000000000000000000e+00,-0.000000000000000000e+00,-0.000000000000000000e+00,-0.000000000000000000e+00,0.000000000000000000e+00,0.000000000000000000e+00,-0.000000000000000000e+00,-0.000000000000000000e+00,-0.000000000000000000e+00,0.000000000000000000e+00,-0.000000000000000000e+00,0.000000000000000000e+00
-0.000000000000000000e+00,-1.902972265774673655e-01,-0.000000000000000000e+00,-0.000000000000000000e+00,-0.000000000000000000e+00,-0.000000000000000000e+00,1.380643931835688898e-01,0.000000000000000000e+00,-0.000000000000000000e+00,0.000000000000000000e+00,0.000000000000000000e+00,-3.368588077635040756e-01,1.425099787596032508e-01,-0.000000000000000000e+00,6.943819578230700507e-02,0.000000000000000000e+00,0.000000000000000000e+00,0.000000000000000000e+00,0.000000000000000000e+00,-0.000000000000000000e+00,-0.000000000000000000e+00,-0.000000000000000000e+00,-0.000000000000000000e+00,-0.000000000000000000e+00,-0.000000000000000000e+00,-0.000000000000000000e+00,1.607297034524577839e+00,-0.000000000000000000e+00,0.000000000000000000e+00,-0.000000000000000000e+00,-3.643329397433606176e-01,-0.000000000000000000e+00,-3.102920033715528825e-01,0.000000000000000000e+00,0.000000000000000000e+00,1.054047259553654303e-01,-0.000000000000000000e+00,0.000000000000000000e+00,-2.015423232946264853e-01
-1.151737967082805125e-01,-0.000000000000000000e+00,-1.377799195400200571e-01,-0.000000000000000000e+00,0.000000000000000000e+00,-1.415762930640794837e-01,-0.000000000000000000e+00,2.117481872214434235e-01,-0.000000000000000000e+00,-0.000000000000000000e+00,-0.000000000000000000e+00,0.000000000000000000e+00,-0.000000000000000000e+00,-0.000000000000000000e+00,0.000000000000000000e+00,-0.000000000000000000e+00,-0.000000000000000000e+00,-0.000000000000000000e+00,-0.000000000000000000e+00,-3.331550242126050249e-02,-2.593053793757035264e-01,-0.000000000000000000e+00,-1.929435281143615163e-02,-2.292889379115988224e-01,-1.098820951888120900e-01,-0.000000000000000000e+00,-0.000000000000000000e+00,2.167008144747143206e+00,-2.283383137294325571e-01,-2.987371582891755195e-01,-2.507401235575817261e-02,-0.000000000000000000e+00,-0.000000000000000000e+00,-0.000000000000000000e+00,-2.464006865459651974e-01,-0.000000000000000000e+00,-2.543363657407931022e-01,-0.000000000000000000e+00,-0.000000000000000000e+00
-1.482802226461726880e-01,-0.000000000000000000e+00,-0.000000000000000000e+00,-1.027662590855558111e-01,0.000000000000000000e+00,-2.635427958643498103e-01,-0.000000000000000000e+00,0.000000000000000000e+00,-0.000000000000000000e+00,-0.000000000000000000e+00,-0.000000000000000000e+00,0.000000000000000000e+00,-3.554348394037007974e-01,-0.000000000000000000e+00,0.000000000000000000e+00,-7.088694083100648136e-02,-1.704423610890523355e-01,-0.000000000000000000e+00,-0.000000000000000000e+00,-3.957057980372271494e-02,-1.742307789953095321e-01,-0.000000000000000000e+00,-2.179288577357761936e-01,-2.579826184648594672e-02,-1.700808752035980198e-01,-0.000000000000000000e+00,0.000000000000000000e+00,-2.283383137294325571e-01,2.341585652864067058e+00,-1.454447818459455033e-01,-0.000000000000000000e+00,-0.000000000000000000e+00,-0.000000000000000000e+00,-0.000000000000000000e+00,-4.800056865640739967e-01,-0.000000000000000000e+00,-5.248804669948839430e-02,-0.000000000000000000e+00,-0.000000000000000000e+00
-1.238576596879212149e-01,-0.000000000000000000e+00,-3.153593205404228716e-02,-3.468376189256507092e-02,-0.000000000000000000e+00,-1.071452766019165559e-01,-0.000000000000000000e+00,0.000000000000000000e+00,-1.484225593741487492e-01,-1.276425299653668743e-01,-0.000000000000000000e+00,0.000000000000000000e+00,-0.000000000000000000e+00,-0.000000000000000000e+00,-0.000000000000000000e+00,-2.922545242401159427e-01,-0.000000000000000000e+00,-2.727799449259331321e-02,-0.000000000000000000e+00,-1.011041876789625232e-01,-0.000000000000000000e+00,-0.000000000000000000e+00,-1.795072553796624726e-01,-9.802065066476882416e-02,-1.871786855688758466e-01,-0.000000000000000000e+00,-0.000000000000000000e+00,-2.987371582891755195e-01,-1.454447818459455033e-01,2.147559880496086926e+00,-0.000000000000000000e+00,-0.000000000000000000e+00,-0.000000000000000000e+00,-0.000000000000000000e+00,-1.545756068397617644e-01,-0.000000000000000000e+00,-7.940487277718633052e-02,-6.127915477732637922e-02,-0.000000000000000000e+00
-0.000000000000000000e+00,-1.302919932778544010e-01,-2.005574121129824194e-01,-0.000000000000000000e+00,0.000000000000000000e+00,-0.000000000000000000e+00,0.000000000000000000e+00,1.859076060075165182e-01,-0.000000000000000000e+00,-0.000000000000000000e+00,-0.000000000000000000e+00,-0.000000000000000000e+00,0.000000000000000000e+00,-0.000000000000000000e+00,0.000000000000000000e+00,-0.000000000000000000e+00,-0.000000000000000000e+00,-0.000000000000000000e+00,-0.000000000000000000e+00,-0.000000000000000000e+00,-0.000000000000000000e+00,-2.720963539898313410e-03,-1.380359354445927778e-01,-1.425189161644442072e-02,-0.000000000000000000e+00,-0.000000000000000000e+00,-3.643329397433606176e-01,-2.507401235575817261e-02,-0.000000000000000000e+00,-0.000000000000000000e+00,1.576663488613953445e+00,-7.203866669355775409e-03,-2.399498695463995745e-01,-0.000000000000000000e+00,-2.286775919544008218e-03,0.000000000000000000e+00,-1.426879016427125835e-01,-0.000000000000000000e+00,-0.000000000000000000e+00
-0.000000000000000000e+00,-4.405173706657559696e-01,-0.000000000000000000e+00,-0.000000000000000000e+00,0.000000000000000000e+00,-3.910308987073148335e-01,0.000000000000000000e+00,0.000000000000000000e+00,-0.000000000000000000e+00,-0.000000000000000000e+00,-0.000000000000000000e+00,-0.000000000000000000e+00,-0.000000000000000000e+00,-0.000000000000000000e+00,1.681010563709955663e-01,-0.000000000000000000e+00,-2.835302415038232771e-01,-0.000000000000000000e+00,-0.000000000000000000e+00,-1.263121033749650401e-01,-0.000000000000000000e+00,-0.000000000000000000e+00,-3.220136712758192576e-02,-3.446908441295618800e-03,-1.048989465918181707e-01,0.000000000000000000e+00,-0.000000000000000000e+00,-0.000000000000000000e+00,-0.000000000000000000e+00,-0.000000000000000000e+00,-7.203866669355775409e-03,2.407578509200882344e+00,-4.100920714943905865e-01,-0.000000000000000000e+00,-0.000000000000000000e+00,0.000000000000000000e+00,-6.404091514393240869e-01,-0.000000000000000000e+00,-1.004437033970972531e-01
-0.000000000000000000e+00,-0.000000000000000000e+00,-0.000000000000000000e+00,-0.000000000000000000e+00,0.000000000000000000e+00,-0.000000000000000000e+00,0.000000000000000000e+00,0.000000000000000000e+00,-0.000000000000000000e+00,-0.000000000000000000e+00,-0.000000000000000000e+00,-0.000000000000000000e+00,-0.000000000000000000e+00,-0.000000000000000000e+00,1.396415621700204668e-02,-0.000000000000000000e+00,-0.000000000000000000e+00,0.000000000000000000e+00,-0.000000000000000000e+00,-0.000000000000000000e+00,-2.256700736804807261e-01,-0.000000000000000000e+00,-0.000000000000000000e+00,-0.000000000000000000e+00,-0.000000000000000000e+00,0.000000000000000000e+00,-3.102920033715528825e-01,-0.000000000000000000e+00,-0.000000000000000000e+00,-0.000000000000000000e+00,-2.399498695463995745e-01,-4.100920714943905865e-01,1.549798748438510954e+00,-0.000000000000000000e+00,-0.000000000000000000e+00,0.000000000000000000e+00,-1.300377070796560064e-01,-0.000000000000000000e+00,-0.000000000000000000e+00
-0.000000000000000000e+00,-0.000000000000000000e+00,-0.000000000000000000e+00,0.000000000000000000e+00,-2.319824978662622661e-01,-0.000000000000000000e+00,-0.000000000000000000e+00,0.000000000000000000e+00,-2.633735512272579737e-01,-3.497143735053697688e-01,-0.000000000000000000e+00,-0.000000000000000000e+00,-0.000000000000000000e+00,-0.000000000000000000e+00,-6.907844832346544950e-02,-3.912726007113138255e-03,-0.000000000000000000e+00,-2.213155992399593042e-02,-2.918610538194824633e-01,-0.000000000000000000e+00,0.000000000000000000e+00,0.000000000000000000e+00,-0.000000000000000000e+00,-0.000000000000000000e+00,-0.000000000000000000e+00,-0.000000000000000000e+00,0.000000000000000000e+00,-0.000000000000000000e+00,-0.000000000000000000e+00,-0.000000000000000000e+00,-0.000000000000000000e+00,-0.000000000000000000e+00,-0.000000000000000000e+00,1.725723652301629718e+00,-0.000000000000000000e+00,-0.000000000000000000e+00,-0.000000000000000000e+00,-2.963723260921424241e-01,-1.689761793021016256e-01
-0.000000000000000000e+00,-0.000000000000000000e+00,-0.000000000000000000e+00,-8.875824871983932149e-03,0.000000000000000000e+00,-1.085065451393360247e-01,-0.000000000000000000e+00,0.000000000000000000e+00,-0.000000000000000000e+00,-0.000000000000000000e+00,0.000000000000000000e+00,7.470713893419599072e-02,-5.546953944634510497e-02,-0.000000000000000000e+00,0.000000000000000000e+00,-3.976315788601433171e-02,-0.000000000000000000e+00,-0.000000000000000000e+00,0.000000000000000000e+00,-0.000000000000000000e+00,-2.013778903917879115e-01,-0.000000000000000000e+00,-3.218342548504630196e-01,-3.509164975057969815e-02,-7.079440450876324509e-02,-0.000000000000000000e+00,0.000000000000000000e+00,-2.464006865459651974e-01,-4.800056865640739967e-01,-1.545756068397617644e-01,-2.286775919544008218e-03,-0.000000000000000000e+00,-0.000000000000000000e+00,-0.000000000000000000e+00,1.947995750046749075e+00,-0.000000000000000000e+00,-6.581474566698332362e-02,-0.000000000000000000e+00,-0.000000000000000000e+00
0.000000000000000000e+00,4.622622593596097812e-02,-0.000000000000000000e+00,0.000000000000000000e+00,-1.106751332730133291e-01,0.000000000000000000e+00,-3.191596282629313025e-02,3.397594438722700838e-02,-0.000000000000000000e+00,-0.000000000000000000e+00,0.000000000000000000e+00,1.521105683054409519e-01,-0.000000000000000000e+00,-7.326663405693874254e-02,-0.000000000000000000e+00,-0.000000000000000000e+00,0.000000000000000000e+00,-1.773110421596514052e-01,-6.847206031822603012e-02,0.000000000000000000e+00,0.000000000000000000e+00,0.000000000000000000e+00,-0.000000000000000000e+00,-0.000000000000000000e+00,-0.000000000000000000e+00,-0.000000000000000000e+00,1.054047259553654303e-01,-0.000000000000000000e+00,-0.000000000000000000e+00,-0.000000000000000000e+00,0.000000000000000000e+00,0.000000000000000000e+00,0.000000000000000000e+00,-0.000000000000000000e+00,-0.000000000000000000e+00,1.132809328206083599e+00,0.000000000000000000e+00,-0.000000000000000000e+00,1.989811283402675643e-03
-0.000000000000000000e+00,-3.268712870808340720e-01,-0.000000000000000000e+00,-6.597991323873840172e-03,0.000000000000000000e+00,-4.241174242604734967e-01,0.000000000000000000e+00,0.000000000000000000e+00,-0.000000000000000000e+00,-0.000000000000000000e+00,-0.000000000000000000e+00,-0.000000000000000000e+00,-0.000000000000000000e+00,-0.000000000000000000e+00,4.598154453829880056e-02,-0.000000000000000000e+00,-0.000000000000000000e+00,-0.000000000000000000e+00,-0.000000000000000000e+00,-2.078517635184274348e-01,-0.000000000000000000e+00,-0.000000000000000000e+00,-2.811459317738460584e-01,-1.253860938199149455e-01,-2.022604475572777616e-01,0.000000000000000000e+00,-0.000000000000000000e+00,-2.543363657407931022e-01,-5.248804669948839430e-02,-7.940487277718633052e-02,-1.426879016427125835e-01,-6.404091514393240869e-01,-1.300377070796560064e-01,-0.000000000000000000e+00,-6.581474566698332362e-02,0.000000000000000000e+00,2.734349338755251324e+00,-0.000000000000000000e+00,-0.000000000000000000e+00
-5.421237500107699558e-01,-0.000000000000000000e+00,-0.000000000000000000e+00,-0.000000000000000000e+00,-0.000000000000000000e+00,-0.000000000000000000e+00,-0.000000000000000000e+00,0.000000000000000000e+00,-3.349726790618714478e-01,-1.358822992073481506e-01,-0.000000000000000000e+00,0.000000000000000000e+00,-0.000000000000000000e+00,-3.428164666803328042e-02,-1.363997581478750831e-01,-5.060269851615997044e-02,-0.000000000000000000e+00,-2.013871385192968211e-01,-0.000000000000000000e+00,-0.000000000000000000e+00,-0.000000000000000000e+00,-0.000000000000000000e+00,-0.000000000000000000e+00,-0.000000000000000000e+00,-0.000000000000000000e+00,-0.000000000000000000e+00,0.000000000000000000e+00,-0.000000000000000000e+00,-0.000000000000000000e+00,-6.127915477732637922e-02,-0.000000000000000000e+00,-0.000000000000000000e+00,-0.000000000000000000e+00,-2.963723260921424241e-01,-0.000000000000000000e+00,-0.000000000000000000e+00,-0.000000000000000000e+00,1.819761997773895024e+00,-0.000000000000000000e+00
-3.781310859615283348e-02,-6.910029640231946102e-01,-0.000000000000000000e+00,-0.000000000000000000e+00,-0.000000000000000000e+00,-0.000000000000000000e+00,0.000000000000000000e+00,0.000000000000000000e+00,-3.236282344991652793e-01,-3.237107845182061322e-02,-0.000000000000000000e+00,-3.180447040898755628e-01,0.000000000000000000e+00,-0.000000000000000000e+00,0.000000000000000000e+00,-0.000000000000000000e+00,-0.000000000000000000e+00,-0.000000000000000000e+00,-0.000000000000000000e+00,-0.000000000000000000e+00,-0.000000000000000000e+00,-0.000000000000000000e+00,-0.000000000000000000e+00,-0.000000000000000000e+00,-0.000000000000000000e+00,0.000000000000000000e+00,-2.015423232946264853e-01,-0.000000000000000000e+00,-0.000000000000000000e+00,-0.000000000000000000e+00,-0.000000000000000000e+00,-1.004437033970972531e-01,-0.000000000000000000e+00,-1.689761793021016256e-01,-0.000000000000000000e+00,1.989811283402675643e-03,-0.000000000000000000e+00,-0.000000000000000000e+00,1.862333401701183666e+00
