2.678146115905465141e+00,-0.000000000000000000e+00,-0.000000000000000000e+00,0.000000000000000000e+00,-1.802832472269208508e-01,-8.920117888595190461e-03,0.000000000000000000e+00,0.000000000000000000e+00,-1.219848656094477402e-01,-0.000000000000000000e+00,-0.000000000000000000e+00,-0.000000000000000000e+00,0.000000000000000000e+00,-0.000000000000000000e+00,-0.000000000000000000e+00,-8.946942945955302373e-02,-3.756454203371271255e-02,-1.696480743342271280e-01,-2.353244237047931731e-01,0.000000000000000000e+00,-1.169158647363213316e-01,-6.340342957420241898e-02,-0.000000000000000000e+00,-0.000000000000000000e+00,0.000000000000000000e+00,-5.150092211194028380e-01,0.000000000000000000e+00,-1.360275265948583390e-01,-3.181446917874659053e-01,-1.407505025181191860e-01,2.010888526617865824e-01,-0.000000000000000000e+00,0.000000000000000000e+00,-0.000000000000000000e+00,-6.697042597288668797e-02,-7.862589826712175489e-02,-0.000000000000000000e+00,-4.561824302871577141e-01,-0.000000000000000000e+00
-0.000000000000000000e+00,1.118467702778247030e+00,-0.000000000000000000e+00,0.000000000000000000e+00,-0.000000000000000000e+00,-0.000000000000000000e+00,0.000000000000000000e+00,0.000000000000000000e+00,-0.000000000000000000e+00,-1.367814190480595993e-01,-0.000000000000000000e+00,-0.000000000000000000e+00,0.000000000000000000e+00,-0.000000000000000000e+00,-5.957292236335279961e-02,-1.369287125618619538e-01,-0.000000000000000000e+00,-0.000000000000000000e+00,-0.000000000000000000e+00,-0.000000000000000000e+00,-0.000000000000000000e+00,-0.000000000000000000e+00,-0.000000000000000000e+00,-0.000000000000000000e+00,-0.000000000000000000e+00,-0.000000000000000000e+00,-0.000000000000000000e+00,-0.000000000000000000e+00,-0.000000000000000000e+00,-0.000000000000000000e+00,-0.000000000000000000e+00,-2.352919561293536077e-01,-0.000000000000000000e+00,-0.000000000000000000e+00,-0.000000000000000000e+00,-2.864189771780575530e-02,-0.000000000000000000e+00,0.000000000000000000e+00,0.000000000000000000e+00
-0.000000000000000000e+00,-0.000000000000000000e+00,2.292105720236776722e+00,1.581025072230651807e-02,-3.322491114373726795e-01,-0.000000000000000000e+00,0.000000000000000000e+00,1.159702468218430260e+00,-2.261357855351094417e-02,-0.000000000000000000e+00,-0.000000000000000000e+00,-0.000000000000000000e+00,0.000000000000000000e+00,-0.000000000000000000e+00,-0.000000000000000000e+00,-6.770054162176691870e-02,-6.350897181365088018e-02,-0.000000000000000000e+00,-0.000000000000000000e+00,0.000000000000000000e+00,-1.898767210370787273e-01,-0.000000000000000000e+00,-0.000000000000000000e+00,0.000000000000000000e+00,0.000000000000000000e+00,-0.000000000000000000e+00,0.000000000000000000e+00,-2.776888719967094410e-01,-0.000000000000000000e+00,-0.000000000000000000e+00,0.000000000000000000e+00,-0.000000000000000000e+00,-5.033716266220664842e-02,-2.550845800688968101e-02,-0.000000000000000000e+00,-0.000000000000000000e+00,-0.000000000000000000e+00,-0.000000000000000000e+00,-0.000000000000000000e+00
0.000000000000000000e+00,0.000000000000000000e+00,1.581025072230651807e-02,1.013589124857486423e+00,0.000000000000000000e+00,0.000000000000000000e+00,-0.000000000000000000e+00,-7.207037905010026113e-02,0.000000000000000000e+00,0.000000000000000000e+00,0.000000000000000000e+00,0.000000000000000000e+00,-0.000000000000000000e+00,0.000000000000000000e+00,0.000000000000000000e+00,0.000000000000000000e+00,0.000000000000000000e+00,0.000000000000000000e+00,0.000000000000000000e+00,0.000000000000000000e+00,0.000000000000000000e+00,0.000000000000000000e+00,5.979216526346757717e-03,-0.000000000000000000e+00,0.000000000000000000e+00,0.000000000000000000e+00,0.000000000000000000e+00,3.451538501101871631e-02,0.000000000000000000e+00,0.000000000000000000e+00,0.000000000000000000e+00,-0.000000000000000000e+00,0.000000000000000000e+00,2.660214530631088356e-02,0.000000000000000000e+00,0.000000000000000000e+00,0.000000000000000000e+00,0.000000000000000000e+00,0.000000000000000000e+00
-1.802832472269208508e-01,-0.000000000000000000e+00,-3.322491114373726795e-01,0.000000000000000000e+00,1.944449527141458134e+00,-4.573977114651293918e-02,0.000000000000000000e+00,2.553978864554434236e-01,-2.160176029271345388e-01,-0.000000000000000000e+00,-0.000000000000000000e+00,-0.000000000000000000e+00,0.000000000000000000e+00,-0.000000000000000000e+00,-0.000000000000000000e+00,-2.789346959923501568e-01,-1.261992265924877926e-02,-0.000000000000000000e+00,-0.000000000000000000e+00,0.000000000000000000e+00,-7.899945737669417101e-02,-0.000000000000000000e+00,-0.000000000000000000e+00,0.000000000000000000e+00,0.000000000000000000e+00,-1.705657479079749905e-01,0.000000000000000000e+00,-2.018308298875468032e-02,-9.648833312168819676e-02,-8.357738553161342399e-02,0.000000000000000000e+00,-0.000000000000000000e+00,-0.000000000000000000e+00,-0.000000000000000000e+00,-7.149007375648243345e-02,-5.178646555589051098e-02,-0.000000000000000000e+00,-0.000000000000000000e+00,-0.000000000000000000e+00
-8.920117888595190461e-03,-0.000000000000000000e+00,-0.000000000000000000e+00,0.000000000000000000e+00,-4.573977114651293918e-02,1.399728400580012355e+00,0.000000000000000000e+00,0.000000000000000000e+00,-0.000000000000000000e+00,-0.000000000000000000e+00,-2.254802770307260951e-01,-0.000000000000000000e+00,0.000000000000000000e+00,-6.180392883560094364e-02,-0.000000000000000000e+00,-7.483237823137697808e-02,-2.821344588277593934e-01,-0.000000000000000000e+00,-0.000000000000000000e+00,0.000000000000000000e+00,-0.000000000000000000e+00,-0.000000000000000000e+00,-4.492141323234906392e-02,0.000000000000000000e+00,-0.000000000000000000e+00,-3.283639912663243593e-02,0.000000000000000000e+00,-1.019838537610656543e-01,-0.000000000000000000e+00,-0.000000000000000000e+00,0.000000000000000000e+00,-0.000000000000000000e+00,-3.570845704181983826e-02,-7.613039725861864282e-02,-0.000000000000000000e+00,-2.511264022961672837e-01,-4.408095338487750744e-03,-0.000000000000000000e+00,-0.000000000000000000e+00
0.000000000000000000e+00,0.000000000000000000e+00,0.000000000000000000e+00,-0.000000000000000000e+00,0.000000000000000000e+00,0.000000000000000000e+00,1.045936259666205181e+00,-0.000000000000000000e+00,0.000000000000000000e+00,0.000000000000000000e+00,0.000000000000000000e+00,1.906943769624994123e-01,0.000000000000000000e+00,0.000000000000000000e+00,0.000000000000000000e+00,1.239025964519065506e-02,0.000000000000000000e+00,1.490927964853471649e-02,0.000000000000000000e+00,-0.000000000000000000e+00,0.000000000000000000e+00,0.000000000000000000e+00,0.000000000000000000e+00,0.000000000000000000e+00,-0.000000000000000000e+00,0.000000000000000000e+00,-0.000000000000000000e+00,0.000000000000000000e+00,0.000000000000000000e+00,6.126790923874771838e-02,-0.000000000000000000e+00,0.000000000000000000e+00,-0.000000000000000000e+00,0.000000000000000000e+00,0.000000000000000000e+00,0.000000000000000000e+00,0.000000000000000000e+00,0.000000000000000000e+00,-0.000000000000000000e+00
0.000000000000000000e+00,0.000000000000000000e+00,1.159702468218430260e+00,-7.207037905010026113e-02,2.553978864554434236e-01,0.000000000000000000e+00,-0.000000000000000000e+00,2.072052190668942639e+00,0.000000000000000000e+00,0.000000000000000000e+00,0.000000000000000000e+00,0.000000000000000000e+00,-0.000000000000000000e+00,0.000000000000000000e+00,0.000000000000000000e+00,4.008995614068375582e-03,0.000000000000000000e+00,0.000000000000000000e+00,0.000000000000000000e+00,-0.000000000000000000e+00,0.000000000000000000e+00,0.000000000000000000e+00,0.000000000000000000e+00,-0.000000000000000000e+00,0.000000000000000000e+00,0.000000000000000000e+00,-0.000000000000000000e+00,1.680997306325452412e-01,0.000000000000000000e+00,0.000000000000000000e+00,-0.000000000000000000e+00,0.000000000000000000e+00,1.827084404313664423e-01,1.882815165368343854e-02,0.000000000000000000e+00,0.000000000000000000e+00,0.000000000000000000e+00,0.000000000000000000e+00,0.000000000000000000e+00
-1.219848656094477402e-01,-0.000000000000000000e+00,-2.261357855351094417e-02,0.000000000000000000e+00,-2.160176029271345388e-01,-0.000000000000000000e+00,0.000000000000000000e+00,0.000000000000000000e+00,2.168393822511198721e+00,-0.000000000000000000e+00,-0.000000000000000000e+00,-0.000000000000000000e+00,0.000000000000000000e+00,-3.873635834464139033e-02,-3.253354455906060268e-03,-2.476008338215359150e-01,-1.864917929192781987e-01,-0.000000000000000000e+00,-3.213454186025713755e-01,0.000000000000000000e+00,-1.904543066000287110e-01,-8.375546256022700642e-02,-0.000000000000000000e+00,-0.000000000000000000e+00,-0.000000000000000000e+00,-0.000000000000000000e+00,0.000000000000000000e+00,-1.393744267104765899e-01,-0.000000000000000000e+00,-2.769078181193787569e-01,0.000000000000000000e+00,-0.000000000000000000e+00,-0.000000000000000000e+00,-2.337459386335583311e-01,-0.000000000000000000e+00,-0.000000000000000000e+00,-2.641257514636354345e-02,-2.020198027802663776e-01,-6.734333096509205474e-02
-0.000000000000000000e+00,-1.367814190480595993e-01,-0.000000000000000000e+00,0.000000000000000000e+00,-0.000000000000000000e+00,-0.000000000000000000e+00,0.000000000000000000e+00,0.000000000000000000e+00,-0.000000000000000000e+00,1.336333928754591005e+00,-0.000000000000000000e+00,-0.000000000000000000e+00,0.000000000000000000e+00,-0.000000000000000000e+00,-0.000000000000000000e+00,-2.274106126477635215e-01,-0.000000000000000000e+00,0.000000000000000000e+00,-0.000000000000000000e+00,-0.000000000000000000e+00,-0.000000000000000000e+00,-0.000000000000000000e+00,-2.134243386977481838e-01,-0.000000000000000000e+00,-5.054197560120012728e-02,-0.000000000000000000e+00,-0.000000000000000000e+00,-0.000000000000000000e+00,-0.000000000000000000e+00,-1.734579234180607110e-01,-0.000000000000000000e+00,-0.000000000000000000e+00,-0.000000000000000000e+00,-8.236837876762286015e-02,-3.274147902166860830e-02,-1.846142761550718936e-01,-0.000000000000000000e+00,-0.000000000000000000e+00,-0.000000000000000000e+00
-0.000000000000000000e+00,-0.000000000000000000e+00,-0.000000000000000000e+00,0.000000000000000000e+00,-0.000000000000000000e+00,-2.254802770307260951e-01,0.000000000000000000e+00,0.000000000000000000e+00,-0.000000000000000000e+00,-0.000000000000000000e+00,1.155008617967258067e+00,-0.000000000000000000e+00,-0.000000000000000000e+00,-0.000000000000000000e+00,-0.000000000000000000e+00,-0.000000000000000000e+00,-1.584624991495447721e-01,-0.000000000000000000e+00,-0.000000000000000000e+00,0.000000000000000000e+00,-0.000000000000000000e+00,-0.000000000000000000e+00,-1.993340402697019453e-01,-0.000000000000000000e+00,-0.000000000000000000e+00,-0.000000000000000000e+00,-0.000000000000000000e+00,-0.000000000000000000e+00,-0.000000000000000000e+00,-0.000000000000000000e+00,-0.000000000000000000e+00,-0.000000000000000000e+00,-0.000000000000000000e+00,-0.000000000000000000e+00,-0.000000000000000000e+00,-0.000000000000000000e+00,-0.000000000000000000e+00,-0.000000000000000000e+00,-0.000000000000000000e+00
-0.000000000000000000e+00,-0.000000000000000000e+00,-0.000000000000000000e+00,0.000000000000000000e+00,-0.000000000000000000e+00,-0.000000000000000000e+00,1.906943769624994123e-01,0.000000000000000000e+00,-0.000000000000000000e+00,-0.000000000000000000e+00,-0.000000000000000000e+00,1.123327921195259593e+00,0.000000000000000000e+00,0.000000000000000000e+00,-0.000000000000000000e+00,-0.000000000000000000e+00,-0.000000000000000000e+00,-1.803496902058528972e-01,-0.000000000000000000e+00,0.000000000000000000e+00,-4.337417511865397646e-02,-0.000000000000000000e+00,-0.000000000000000000e+00,0.000000000000000000e+00,0.000000000000000000e+00,-0.000000000000000000e+00,9.205379197336178987e-02,-0.000000000000000000e+00,-7.323914446539353529e-02,-0.000000000000000000e+00,1.255949823353892832e-02,-0.000000000000000000e+00,0.000000000000000000e+00,0.000000000000000000e+00,-0.000000000000000000e+00,-0.000000000000000000e+00,-0.000000000000000000e+00,-0.000000000000000000e+00,0.000000000000000000e+00
0.000000000000000000e+00,0.000000000000000000e+00,0.000000000000000000e+00,-0.000000000000000000e+00,0.000000000000000000e+00,0.000000000000000000e+00,0.000000000000000000e+00,-0.000000000000000000e+00,0.000000000000000000e+00,0.000000000000000000e+00,-0.000000000000000000e+00,0.000000000000000000e+00,1.000000000000000444e+00,0.000000000000000000e+00,-0.000000000000000000e+00,0.000000000000000000e+00,-0.000000000000000000e+00,0.000000000000000000e+00,0.000000000000000000e+00,0.000000000000000000e+00,0.000000000000000000e+00,0.000000000000000000e+00,0.000000000000000000e+00,0.000000000000000000e+00,0.000000000000000000e+00,0.000000000000000000e+00,0.000000000000000000e+00,0.000000000000000000e+00,0.000000000000000000e+00,0.000000000000000000e+00,0.000000000000000000e+00,0.000000000000000000e+00,-0.000000000000000000e+00,0.000000000000000000e+00,0.000000000000000000e+00,0.000000000000000000e+00,0.000000000000000000e+00,0.000000000000000000e+00,-0.000000000000000000e+00
-0.000000000000000000e+00,-0.000000000000000000e+00,-0.000000000000000000e+00,0.000000000000000000e+00,-0.000000000000000000e+00,-6.180392883560094364e-02,0.000000000000000000e+00,0.000000000000000000e+00,-3.873635834464139033e-02,-0.000000000000000000e+00,-0.000000000000000000e+00,0.000000000000000000e+00,0.000000000000000000e+00,1.060065610517238577e+00,-0.000000000000000000e+00,-0.000000000000000000e+00,-5.562649047837618654e-02,-0.000000000000000000e+00,-0.000000000000000000e+00,0.000000000000000000e+00,-0.000000000000000000e+00,-0.000000000000000000e+00,-1.113944318937677008e-01,-0.000000000000000000e+00,-0.000000000000000000e+00,-0.000000000000000000e+00,-0.000000000000000000e+00,-0.000000000000000000e+00,-0.000000000000000000e+00,-0.000000000000000000e+00,-0.000000000000000000e+00,-0.000000000000000000e+00,-7.608879789834636920e-02,-5.196371190524293193e-02,-0.000000000000000000e+00,-0.000000000000000000e+00,-0.000000000000000000e+00,-0.000000000000000000e+00,-0.000000000000000000e+00
-0.000000000000000000e+00,-5.957292236335279961e-02,-0.000000000000000000e+00,0.000000000000000000e+00,-0.000000000000000000e+00,-0.000000000000000000e+00,0.000000000000000000e+00,0.000000000000000000e+00,-3.253354455906060268e-03,-0.000000000000000000e+00,-0.000000000000000000e+00,-0.000000000000000000e+00,-0.000000000000000000e+00,-0.000000000000000000e+00,1.030425230204532250e+00,-0.000000000000000000e+00,-0.000000000000000000e+00,-0.000000000000000000e+00,-0.000000000000000000e+00,-0.000000000000000000e+00,-0.000000000000000000e+00,-0.000000000000000000e+00,0.000000000000000000e+00,0.000000000000000000e+00,0.000000000000000000e+00,-0.000000000000000000e+00,0.000000000000000000e+00,-0.000000000000000000e+00,-0.000000000000000000e+00,-0.000000000000000000e+00,0.000000000000000000e+00,-0.000000000000000000e+00,-0.000000000000000000e+00,-1.601584829390270137e-01,-0.000000000000000000e+00,-0.000000000000000000e+00,-0.000000000000000000e+00,-0.000000000000000000e+00,-0.000000000000000000e+00
-8.946942945955302373e-02,-1.369287125618619538e-01,-6.770054162176691870e-02,0.000000000000000000e+00,-2.789346959923501568e-01,-7.483237823137697808e-02,1.239025964519065506e-02,4.008995614068375582e-03,-2.476008338215359150e-01,-2.274106126477635215e-01,-0.000000000000000000e+00,-0.000000000000000000e+00,0.000000000000000000e+00,-0.000000000000000000e+00,-0.000000000000000000e+00,2.299947600419759652e+00,-0.000000000000000000e+00,-0.000000000000000000e+00,-0.000000000000000000e+00,-0.000000000000000000e+00,-5.566413796822821530e-02,-0.000000000000000000e+00,-0.000000000000000000e+00,-0.000000000000000000e+00,-0.000000000000000000e+00,-2.051010382281814037e-01,0.000000000000000000e+00,-2.169046839574365892e-01,-1.630918607463462400e-01,-4.580571484209276512e-01,0.000000000000000000e+00,-0.000000000000000000e+00,-0.000000000000000000e+00,-5.374517867918898045e-02,-0.000000000000000000e+00,-1.757178866756284041e-01,-1.397825397823340143e-01,-0.000000000000000000e+00,-0.000000000000000000e+00
-3.756454203371271255e-02,-0.000000000000000000e+00,-6.350897181365088018e-02,0.000000000000000000e+00,-1.261992265924877926e-02,-2.821344588277593934e-01,0.000000000000000000e+00,0.000000000000000000e+00,-1.864917929192781987e-01,-0.000000000000000000e+00,-1.584624991495447721e-01,-0.000000000000000000e+00,-0.000000000000000000e+00,-5.562649047837618654e-02,-0.000000000000000000e+00,-0.000000000000000000e+00,1.463329489912356562e+00,-0.000000000000000000e+00,-4.426494028422126720e-02,0.000000000000000000e+00,-0.000000000000000000e+00,-0.000000000000000000e+00,-9.460385740864250825e-02,-0.000000000000000000e+00,-0.000000000000000000e+00,-0.000000000000000000e+00,0.000000000000000000e+00,-0.000000000000000000e+00,-0.000000000000000000e+00,-1.445782923150412402e-01,0.000000000000000000e+00,-0.000000000000000000e+00,-5.297302781928598520e-02,-1.437936419886831629e-01,-8.017589472166242182e-03,-0.000000000000000000e+00,-0.000000000000000000e+00,-5.197981374818959333e-02,-9.762952445863712359e-02
-1.696480743342271280e-01,-0.000000000000000000e+00,-0.000000000000000000e+00,0.000000000000000000e+00,-0.000000000000000000e+00,-0.000000000000000000e+00,1.490927964853471649e-02,0.000000000000000000e+00,-0.000000000000000000e+00,0.000000000000000000e+00,-0.000000000000000000e+00,-1.803496902058528972e-01,0.000000000000000000e+00,-0.000000000000000000e+00,-0.000000000000000000e+00,-0.000000000000000000e+00,-0.000000000000000000e+00,2.269611788932318852e+00,-3.358552552071986663e-01,0.000000000000000000e+00,-4.857704059850005973e-01,-1.721831813865578320e-01,0.000000000000000000e+00,-0.000000000000000000e+00,0.000000000000000000e+00,-2.195448554739647673e-01,1.248288005840505616e-01,-9.621455813245427535e-02,-1.719631153129293211e-01,-0.000000000000000000e+00,2.437805804675808041e-01,-0.000000000000000000e+00,0.000000000000000000e+00,0.000000000000000000e+00,-0.000000000000000000e+00,-0.000000000000000000e+00,-0.000000000000000000e+00,-2.854475073247501604e-01,-0.000000000000000000e+00
-2.353244237047931731e-01,-0.000000000000000000e+00,-0.000000000000000000e+00,0.000000000000000000e+00,-0.000000000000000000e+00,-0.000000000000000000e+00,0.000000000000000000e+00,0.000000000000000000e+00,-3.213454186025713755e-01,-0.000000000000000000e+00,-0.000000000000000000e+00,-0.000000000000000000e+00,0.000000000000000000e+00,-0.000000000000000000e+00,-0.000000000000000000e+00,-0.000000000000000000e+00,-4.426494028422126720e-02,-3.358552552071986663e-01,2.054875598729086317e+00,0.000000000000000000e+00,-1.312929349601393847e-01,-1.235237973992710792e-01,0.000000000000000000e+00,-0.000000000000000000e+00,0.000000000000000000e+00,-0.000000000000000000e+00,0.000000000000000000e+00,-4.713927238529005970e-02,-0.000000000000000000e+00,-0.000000000000000000e+00,0.000000000000000000e+00,0.000000000000000000e+00,0.000000000000000000e+00,-0.000000000000000000e+00,-0.000000000000000000e+00,-0.000000000000000000e+00,-0.000000000000000000e+00,-5.154802649933521996e-01,-2.445584224230687997e-01
0.000000000000000000e+00,-0.000000000000000000e+00,0.000000000000000000e+00,0.000000000000000000e+00,0.000000000000000000e+00,0.000000000000000000e+00,-0.000000000000000000e+00,-0.000000000000000000e+00,0.000000000000000000e+00,-0.000000000000000000e+00,0.000000000000000000e+00,0.000000000000000000e+00,0.000000000000000000e+00,0.000000000000000000e+00,-0.000000000000000000e+00,-0.000000000000000000e+00,0.000000000000000000e+00,0.000000000000000000e+00,0.000000000000000000e+00,1.000000000000000222e+00,0.000000000000000000e+00,0.000000000000000000e+00,-0.000000000000000000e+00,-0.000000000000000000e+00,-0.000000000000000000e+00,0.000000000000000000e+00,-0.000000000000000000e+00,0.000000000000000000e+00,0.000000000000000000e+00,-0.000000000000000000e+00,-0.000000000000000000e+00,-0.000000000000000000e+00,0.000000000000000000e+00,-0.000000000000000000e+00,0.000000000000000000e+00,-0.000000000000000000e+00,-0.000000000000000000e+00,0.000000000000000000e+00,0.000000000000000000e+00
-1.169158647363213316e-01,-0.000000000000000000e+00,-1.898767210370787273e-01,0.000000000000000000e+00,-7.899945737669417101e-02,-0.000000000000000000e+00,0.000000000000000000e+00,0.000000000000000000e+00,-1.904543066000287110e-01,-0.000000000000000000e+00,-0.000000000000000000e+00,-4.337417511865397646e-02,0.000000000000000000e+00,-0.000000000000000000e+00,-0.000000000000000000e+00,-5.566413796822821530e-02,-0.000000000000000000e+00,-4.857704059850005973e-01,-1.312929349601393847e-01,0.000000000000000000e+00,2.241577193389879596e+00,-2.449186581420392805e-01,0.000000000000000000e+00,-0.000000000000000000e+00,0.000000000000000000e+00,-5.973580796278987748e-02,0.000000000000000000e+00,-4.202078381120428752e-01,-9.946865281235682532e-02,-0.000000000000000000e+00,0.000000000000000000e+00,0.000000000000000000e+00,0.000000000000000000e+00,-0.000000000000000000e+00,-3.276741622093572951e-03,-0.000000000000000000e+00,-0.000000000000000000e+00,-1.695355504277887559e-01,-0.000000000000000000e+00
-6.340342957420241898e-02,-0.000000000000000000e+00,-0.000000000000000000e+00,0.000000000000000000e+00,-0.000000000000000000e+00,-0.000000000000000000e+00,0.000000000000000000e+00,0.000000000000000000e+00,-8.375546256022700642e-02,-0.000000000000000000e+00,-0.000000000000000000e+00,-0.000000000000000000e+00,0.000000000000000000e+00,-0.000000000000000000e+00,-0.000000000000000000e+00,-0.000000000000000000e+00,-0.000000000000000000e+00,-1.721831813865578320e-01,-1.235237973992710792e-01,0.000000000000000000e+00,-2.449186581420392805e-01,1.267781050066925097e+00,-0.000000000000000000e+00,-0.000000000000000000e+00,-0.000000000000000000e+00,-8.226947263791226789e-03,0.000000000000000000e+00,-0.000000000000000000e+00,-0.000000000000000000e+00,-0.000000000000000000e+00,0.000000000000000000e+00,-0.000000000000000000e+00,0.000000000000000000e+00,-0.000000000000000000e+00,-0.000000000000000000e+00,-0.000000000000000000e+00,-0.000000000000000000e+00,-1.810685279634679026e-02,-0.000000000000000000e+00
-0.000000000000000000e+00,-0.000000000000000000e+00,-0.000000000000000000e+00,5.979216526346757717e-03,-0.000000000000000000e+00,-4.492141323234906392e-02,0.000000000000000000e+00,0.000000000000000000e+00,-0.000000000000000000e+00,-2.134243386977481838e-01,-1.993340402697019453e-01,-0.000000000000000000e+00,0.000000000000000000e+00,-1.113944318937677008e-01,0.000000000000000000e+00,-0.000000000000000000e+00,-9.460385740864250825e-02,0.000000000000000000e+00,0.000000000000000000e+00,-0.000000000000000000e+00,0.000000000000000000e+00,-0.000000000000000000e+00,1.339013170377182149e+00,-0.000000000000000000e+00,-3.031567420548627045e-01,-0.000000000000000000e+00,-0.000000000000000000e+00,-0.000000000000000000e+00,0.000000000000000000e+00,-0.000000000000000000e+00,-5.899151449825009580e-02,-0.000000000000000000e+00,-1.716623936450747123e-01,-1.545659702159845605e-01,-0.000000000000000000e+00,-0.000000000000000000e+00,-0.000000000000000000e+00,0.000000000000000000e+00,-0.000000000000000000e+00
-0.000000000000000000e+00,-0.000000000000000000e+00,0.000000000000000000e+00,-0.000000000000000000e+00,0.000000000000000000e+00,0.000000000000000000e+00,0.000000000000000000e+00,-0.000000000000000000e+00,-0.000000000000000000e+00,-0.000000000000000000e+00,-0.000000000000000000e+00,0.000000000000000000e+00,0.000000000000000000e+00,-0.000000000000000000e+00,0.000000000000000000e+00,-0.000000000000000000e+00,-0.000000000000000000e+00,-0.000000000000000000e+00,-0.000000000000000000e+00,-0.000000000000000000e+00,-0.000000000000000000e+00,-0.000000000000000000e+00,-0.000000000000000000e+00,1.025659009084597395e+00,-1.622263689593556879e-01,0.000000000000000000e+00,-0.000000000000000000e+00,-0.000000000000000000e+00,-0.000000000000000000e+00,-0.000000000000000000e+00,-0.000000000000000000e+00,-0.000000000000000000e+00,-0.000000000000000000e+00,-0.000000000000000000e+00,-0.000000000000000000e+00,0.000000000000000000e+00,-0.000000000000000000e+00,-0.000000000000000000e+00,-0.000000000000000000e+00
0.000000000000000000e+00,-0.000000000000000000e+00,0.000000000000000000e+00,0.000000000000000000e+00,0.000000000000000000e+00,-0.000000000000000000e+00,-0.000000000000000000e+00,0.000000000000000000e+00,-0.000000000000000000e+00,-5.054197560120012728e-02,-0.000000000000000000e+00,0.000000000000000000e+00,0.000000000000000000e+00,-0.000000000000000000e+00,0.000000000000000000e+00,-0.000000000000000000e+00,-0.000000000000000000e+00,0.000000000000000000e+00,0.000000000000000000e+00,-0.000000000000000000e+00,0.000000000000000000e+00,-0.000000000000000000e+00,-3.031567420548627045e-01,-1.622263689593556879e-01,1.125813046727550892e+00,0.000000000000000000e+00,-2.693872806859566246e-02,-0.000000000000000000e+00,0.000000000000000000e+00,0.000000000000000000e+00,-0.000000000000000000e+00,-0.000000000000000000e+00,-3.313750290710153895e-02,-0.000000000000000000e+00,-0.000000000000000000e+00,-0.000000000000000000e+00,-0.000000000000000000e+00,0.000000000000000000e+00,-0.000000000000000000e+00
-5.150092211194028380e-01,-0.000000000000000000e+00,-0.000000000000000000e+00,0.000000000000000000e+00,-1.705657479079749905e-01,-3.283639912663243593e-02,0.000000000000000000e+00,0.000000000000000000e+00,-0.000000000000000000e+00,-0.000000000000000000e+00,-0.000000000000000000e+00,-0.000000000000000000e+00,0.000000000000000000e+00,-0.000000000000000000e+00,-0.000000000000000000e+00,-2.051010382281814037e-01,-0.000000000000000000e+00,-2.195448554739647673e-01,-0.000000000000000000e+00,0.000000000000000000e+00,-5.973580796278987748e-02,-8.226947263791226789e-03,-0.000000000000000000e+00,0.000000000000000000e+00,0.000000000000000000e+00,2.452548304236871868e+00,0.000000000000000000e+00,-1.844942210963515794e-01,-5.723939916488492985e-01,-8.071005013280760365e-02,0.000000000000000000e+00,-0.000000000000000000e+00,0.000000000000000000e+00,-0.000000000000000000e+00,-8.346117986489276497e-02,-2.431371143846016158e-01,-1.404561819592795024e-02,-1.224423180681188938e-01,-0.000000000000000000e+00
0.000000000000000000e+00,-0.000000000000000000e+00,0.000000000000000000e+00,0.000000000000000000e+00,0.000000000000000000e+00,0.000000000000000000e+00,-0.000000000000000000e+00,-0.000000000000000000e+00,0.000000000000000000e+00,-0.000000000000000000e+00,-0.000000000000000000e+00,9.205379197336178987e-02,0.000000000000000000e+00,-0.000000000000000000e+00,0.000000000000000000e+00,0.000000000000000000e+00,0.000000000000000000e+00,1.248288005840505616e-01,0.000000000000000000e+00,-0.000000000000000000e+00,0.000000000000000000e+00,0.000000000000000000e+00,-0.000000000000000000e+00,-0.000000000000000000e+00,-2.693872806859566246e-02,0.000000000000000000e+00,1.142432377069961147e+00,0.000000000000000000e+00,0.000000000000000000e+00,0.000000000000000000e+00,-3.066010735504931528e-01,0.000000000000000000e+00,-0.000000000000000000e+00,-0.000000000000000000e+00,0.000000000000000000e+00,-0.000000000000000000e+00,0.000000000000000000e+00,0.000000000000000000e+00,-0.000000000000000000e+00
-1.360275265948583390e-01,-0.000000000000000000e+00,-2.776888719967094410e-01,3.451538501101871631e-02,-2.018308298875468032e-02,-1.019838537610656543e-01,0.000000000000000000e+00,1.680997306325452412e-01,-1.393744267104765899e-01,-0.000000000000000000e+00,-0.000000000000000000e+00,-0.000000000000000000e+00,0.000000000000000000e+00,-0.000000000000000000e+00,-0.000000000000000000e+00,-2.169046839574365892e-01,-0.000000000000000000e+00,-9.621455813245427535e-02,-4.713927238529005970e-02,0.000000000000000000e+00,-4.202078381120428752e-01,-0.000000000000000000e+00,-0.000000000000000000e+00,-0.000000000000000000e+00,-0.000000000000000000e+00,-1.844942210963515794e-01,0.000000000000000000e+00,2.323722217133841639e+00,-1.555912265637986736e-01,-4.176994934279958799e-02,0.000000000000000000e+00,-0.000000000000000000e+00,-0.000000000000000000e+00,-0.000000000000000000e+00,-0.000000000000000000e+00,-0.000000000000000000e+00,-1.640702141140407411e-01,-2.936533467278095166e-01,-0.000000000000000000e+00
-3.181446917874659053e-01,-0.000000000000000000e+00,-0.000000000000000000e+00,0.000000000000000000e+00,-9.648833312168819676e-02,-0.000000000000000000e+00,0.000000000000000000e+00,0.000000000000000000e+00,-0.000000000000000000e+00,-0.000000000000000000e+00,-0.000000000000000000e+00,-7.323914446539353529e-02,0.000000000000000000e+00,-0.000000000000000000e+00,-0.000000000000000000e+00,-1.630918607463462400e-01,-0.000000000000000000e+00,-1.719631153129293211e-01,-0.000000000000000000e+00,0.000000000000000000e+00,-9.946865281235682532e-02,-0.000000000000000000e+00,0.000000000000000000e+00,-0.000000000000000000e+00,0.000000000000000000e+00,-5.723939916488492985e-01,0.000000000000000000e+00,-1.555912265637986736e-01,2.202948331231097345e+00,-1.317788020702869989e-01,1.366915830042146895e-01,-0.000000000000000000e+00,0.000000000000000000e+00,-0.000000000000000000e+00,-1.084114681603529362e-01,-2.622929532555441298e-02,-1.204674399474798124e-01,-8.354778375804289281e-02,-0.000000000000000000e+00
-1.407505025181191860e-01,-0.000000000000000000e+00,-0.000000000000000000e+00,0.000000000000000000e+00,-8.357738553161342399e-02,-0.000000000000000000e+00,6.126790923874771838e-02,0.000000000000000000e+00,-2.769078181193787569e-01,-1.734579234180607110e-01,-0.000000000000000000e+00,-0.000000000000000000e+00,0.000000000000000000e+00,-0.000000000000000000e+00,-0.000000000000000000e+00,-4.580571484209276512e-01,-1.445782923150412402e-01,-0.000000000000000000e+00,-0.000000000000000000e+00,-0.000000000000000000e+00,-0.000000000000000000e+00,-0.000000000000000000e+00,-0.000000000000000000e+00,-0.000000000000000000e+00,0.000000000000000000e+00,-8.071005013280760365e-02,0.000000000000000000e+00,-4.176994934279958799e-02,-1.317788020702869989e-01,1.968239548472735967e+00,0.000000000000000000e+00,-0.000000000000000000e+00,-0.000000000000000000e+00,-0.000000000000000000e+00,-6.708615119460965837e-02,-2.674917529191844223e-01,-8.540758685579913356e-02,-7.301832484352017115e-03,-0.000000000000000000e+00
2.010888526617865824e-01,-0.000000000000000000e+00,0.000000000000000000e+00,0.000000000000000000e+00,0.000000000000000000e+00,0.000000000000000000e+00,-0.000000000000000000e+00,-0.000000000000000000e+00,0.000000000000000000e+00,-0.000000000000000000e+00,-0.000000000000000000e+00,1.255949823353892832e-02,0.000000000000000000e+00,-0.000000000000000000e+00,0.000000000000000000e+00,0.000000000000000000e+00,0.000000000000000000e+00,2.437805804675808041e-01,0.000000000000000000e+00,-0.000000000000000000e+00,0.000000000000000000e+00,0.000000000000000000e+00,-5.899151449825009580e-02,-0.000000000000000000e+00,-0.000000000000000000e+00,0.000000000000000000e+00,-3.066010735504931528e-01,0.000000000000000000e+00,1.366915830042146895e-01,0.000000000000000000e+00,1.331971351034491491e+00,-0.000000000000000000e+00,-0.000000000000000000e+00,-0.000000000000000000e+00,0.000000000000000000e+00,0.000000000000000000e+00,0.000000000000000000e+00,3.917090269307708233e-02,-0.000000000000000000e+00
-0.000000000000000000e+00,-2.352919561293536077e-01,-0.000000000000000000e+00,-0.000000000000000000e+00,-0.000000000000000000e+00,-0.000000000000000000e+00,0.000000000000000000e+00,0.000000000000000000e+00,-0.000000000000000000e+00,-0.000000000000000000e+00,-0.000000000000000000e+00,-0.000000000000000000e+00,0.000000000000000000e+00,-0.000000000000000000e+00,-0.000000000000000000e+00,-0.000000000000000000e+00,-0.000000000000000000e+00,-0.000000000000000000e+00,0.000000000000000000e+00,-0.000000000000000000e+00,0.000000000000000000e+00,-0.000000000000000000e+00,-0.000000000000000000e+00,-0.000000000000000000e+00,-0.000000000000000000e+00,-0.000000000000000000e+00,0.000000000000000000e+00,-0.000000000000000000e+00,-0.000000000000000000e+00,-0.000000000000000000e+00,-0.000000000000000000e+00,1.097092273034468324e+00,-0.000000000000000000e+00,-0.000000000000000000e+00,-0.000000000000000000e+00,-0.000000000000000000e+00,-1.990501592164989619e-01,0.000000000000000000e+00,6.811584252151743624e-02
0.000000000000000000e+00,-0.000000000000000000e+00,-5.033716266220664842e-02,0.000000000000000000e+00,-0.000000000000000000e+00,-3.570845704181983826e-02,-0.000000000000000000e+00,1.827084404313664423e-01,-0.000000000000000000e+00,-0.000000000000000000e+00,-0.000000000000000000e+00,0.000000000000000000e+00,-0.000000000000000000e+00,-7.608879789834636920e-02,-0.000000000000000000e+00,-0.000000000000000000e+00,-5.297302781928598520e-02,0.000000000000000000e+00,0.000000000000000000e+00,0.000000000000000000e+00,0.000000000000000000e+00,0.000000000000000000e+00,-1.716623936450747123e-01,-0.000000000000000000e+00,-3.313750290710153895e-02,0.000000000000000000e+00,-0.000000000000000000e+00,-0.000000000000000000e+00,0.000000000000000000e+00,-0.000000000000000000e+00,-0.000000000000000000e+00,-0.000000000000000000e+00,1.248881764081513079e+00,-2.980657408994367707e-01,-0.000000000000000000e+00,-0.000000000000000000e+00,-0.000000000000000000e+00,0.000000000000000000e+00,-0.000000000000000000e+00
-0.000000000000000000e+00,-0.000000000000000000e+00,-2.550845800688968101e-02,2.660214530631088356e-02,-0.000000000000000000e+00,-7.613039725861864282e-02,0.000000000000000000e+00,1.882815165368343854e-02,-2.337459386335583311e-01,-8.236837876762286015e-02,-0.000000000000000000e+00,0.000000000000000000e+00,0.000000000000000000e+00,-5.196371190524293193e-02,-1.601584829390270137e-01,-5.374517867918898045e-02,-1.437936419886831629e-01,0.000000000000000000e+00,-0.000000000000000000e+00,-0.000000000000000000e+00,-0.000000000000000000e+00,-0.000000000000000000e+00,-1.545659702159845605e-01,-0.000000000000000000e+00,-0.000000000000000000e+00,-0.000000000000000000e+00,-0.000000000000000000e+00,-0.000000000000000000e+00,-0.000000000000000000e+00,-0.000000000000000000e+00,-0.000000000000000000e+00,-0.000000000000000000e+00,-2.980657408994367707e-01,1.383421720790661169e+00,-0.000000000000000000e+00,-0.000000000000000000e+00,-0.000000000000000000e+00,-0.000000000000000000e+00,-0.000000000000000000e+00
-6.697042597288668797e-02,-0.000000000000000000e+00,-0.000000000000000000e+00,0.000000000000000000e+00,-7.149007375648243345e-02,-0.000000000000000000e+00,0.000000000000000000e+00,0.000000000000000000e+00,-0.000000000000000000e+00,-3.274147902166860830e-02,-0.000000000000000000e+00,-0.000000000000000000e+00,0.000000000000000000e+00,-0.000000000000000000e+00,-0.000000000000000000e+00,-0.000000000000000000e+00,-8.017589472166242182e-03,-0.000000000000000000e+00,-0.000000000000000000e+00,0.000000000000000000e+00,-3.276741622093572951e-03,-0.000000000000000000e+00,-0.000000000000000000e+00,-0.000000000000000000e+00,-0.000000000000000000e+00,-8.346117986489276497e-02,0.000000000000000000e+00,-0.000000000000000000e+00,-1.084114681603529362e-01,-6.708615119460965837e-02,0.000000000000000000e+00,-0.000000000000000000e+00,-0.000000000000000000e+00,-0.000000000000000000e+00,1.291950817614905267e+00,-0.000000000000000000e+00,-2.874458841905901951e-01,-1.314312980071568604e-01,-0.000000000000000000e+00
-7.862589826712175489e-02,-2.864189771780575530e-02,-0.000000000000000000e+00,0.000000000000000000e+00,-5.178646555589051098e-02,-2.511264022961672837e-01,0.000000000000000000e+00,0.000000000000000000e+00,-0.000000000000000000e+00,-1.846142761550718936e-01,-0.000000000000000000e+00,-0.000000000000000000e+00,0.000000000000000000e+00,-0.000000000000000000e+00,-0.000000000000000000e+00,-1.757178866756284041e-01,-0.000000000000000000e+00,-0.000000000000000000e+00,-0.000000000000000000e+00,-0.000000000000000000e+00,-0.000000000000000000e+00,-0.000000000000000000e+00,-0.000000000000000000e+00,0.000000000000000000e+00,-0.000000000000000000e+00,-2.431371143846016158e-01,-0.000000000000000000e+00,-0.000000000000000000e+00,-2.622929532555441298e-02,-2.674917529191844223e-01,0.000000000000000000e+00,-0.000000000000000000e+00,-0.000000000000000000e+00,-0.000000000000000000e+00,-0.000000000000000000e+00,1.544351680030325413e+00,-0.000000000000000000e+00,-0.000000000000000000e+00,-0.000000000000000000e+00
-0.000000000000000000e+00,-0.000000000000000000e+00,-0.000000000000000000e+00,0.000000000000000000e+00,-0.000000000000000000e+00,-4.408095338487750744e-03,0.000000000000000000e+00,0.000000000000000000e+00,-2.641257514636354345e-02,-0.000000000000000000e+00,-0.000000000000000000e+00,-0.000000000000000000e+00,0.000000000000000000e+00,-0.000000000000000000e+00,-0.000000000000000000e+00,-1.397825397823340143e-01,-0.000000000000000000e+00,-0.000000000000000000e+00,-0.000000000000000000e+00,-0.000000000000000000e+00,-0.000000000000000000e+00,-0.000000000000000000e+00,-0.000000000000000000e+00,-0.000000000000000000e+00,-0.000000000000000000e+00,-1.404561819592795024e-02,0.000000000000000000e+00,-1.640702141140407411e-01,-1.204674399474798124e-01,-8.540758685579913356e-02,0.000000000000000000e+00,-1.990501592164989619e-01,-0.000000000000000000e+00,-0.000000000000000000e+00,-2.874458841905901951e-01,-0.000000000000000000e+00,1.337297445674673346e+00,-0.000000000000000000e+00,-0.000000000000000000e+00
-4.561824302871577141e-01,0.000000000000000000e+00,-0.000000000000000000e+00,0.000000000000000000e+00,-0.000000000000000000e+00,-0.000000000000000000e+00,0.000000000000000000e+00,0.000000000000000000e+00,-2.020198027802663776e-01,-0.000000000000000000e+00,-0.000000000000000000e+00,-0.000000000000000000e+00,0.000000000000000000e+00,-0.000000000000000000e+00,-0.000000000000000000e+00,-0.000000000000000000e+00,-5.197981374818959333e-02,-2.854475073247501604e-01,-5.154802649933521996e-01,0.000000000000000000e+00,-1.695355504277887559e-01,-1.810685279634679026e-02,0.000000000000000000e+00,-0.000000000000000000e+00,0.000000000000000000e+00,-1.224423180681188938e-01,0.000000000000000000e+00,-2.936533467278095166e-01,-8.354778375804289281e-02,-7.301832484352017115e-03,3.917090269307708233e-02,0.000000000000000000e+00,0.000000000000000000e+00,-0.000000000000000000e+00,-1.314312980071568604e-01,-0.000000000000000000e+00,-0.000000000000000000e+00,2.403260151170679038e+00,-1.117920822518555651e-01
-0.000000000000000000e+00,0.000000000000000000e+00,-0.000000000000000000e+00,0.000000000000000000e+00,-0.000000000000000000e+00,-0.000000000000000000e+00,-0.000000000000000000e+00,0.000000000000000000e+00,-6.734333096509205474e-02,-0.000000000000000000e+00,-0.000000000000000000e+00,0.000000000000000000e+00,-0.000000000000000000e+00,-0.000000000000000000e+00,-0.000000000000000000e+00,-0.000000000000000000e+00,-9.762952445863712359e-02,-0.000000000000000000e+00,-2.445584224230687997e-01,0.000000000000000000e+00,-0.000000000000000000e+00,-0.000000000000000000e+00,-0.000000000000000000e+00,-0.000000000000000000e+00,-0.000000000000000000e+00,-0.000000000000000000e+00,-0.000000000000000000e+00,-0.000000000000000000e+00,-0.000000000000000000e+00,-0.000000000000000000e+00,-0.000000000000000000e+00,6.811584252151743624e-02,-0.000000000000000000e+00,-0.000000000000000000e+00,-0.000000000000000000e+00,-0.000000000000000000e+00,-0.000000000000000000e+00,-1.117920822518555651e-01,1.153073326456741876e+00
