1.561590743687772953e+00,-2.495229347178470614e-01,-0.000000000000000000e+00,0.000000000000000000e+00,-3.073353169585640692e-03,0.000000000000000000e+00,0.000000000000000000e+00,0.000000000000000000e+00,-1.256887920512084721e-02,-0.000000000000000000e+00,0.000000000000000000e+00,0.000000000000000000e+00,0.000000000000000000e+00,-0.000000000000000000e+00,0.000000000000000000e+00,-4.556772747587274353e-01,6.129875456093466513e-01,0.000000000000000000e+00,-0.000000000000000000e+00,0.000000000000000000e+00,-0.000000000000000000e+00,0.000000000000000000e+00,-0.000000000000000000e+00,0.000000000000000000e+00,-1.109865720129753902e-02,-0.000000000000000000e+00,-0.000000000000000000e+00,0.000000000000000000e+00,-0.000000000000000000e+00,-8.495309120843626272e-02,0.000000000000000000e+00,-0.000000000000000000e+00,-0.000000000000000000e+00,-0.000000000000000000e+00,0.000000000000000000e+00,-0.000000000000000000e+00,-0.000000000000000000e+00,-0.000000000000000000e+00,0.000000000000000000e+00
-2.495229347178470614e-01,1.897105783226753939e+00,-0.000000000000000000e+00,0.000000000000000000e+00,-1.189897405286094445e-01,0.000000000000000000e+00,0.000000000000000000e+00,0.000000000000000000e+00,-1.655988661178208476e-01,-1.762328747622834424e-01,-0.000000000000000000e+00,-5.505298983092966197e-02,-0.000000000000000000e+00,-0.000000000000000000e+00,-0.000000000000000000e+00,-1.220695215016266572e-01,0.000000000000000000e+00,0.000000000000000000e+00,-0.000000000000000000e+00,0.000000000000000000e+00,-0.000000000000000000e+00,-0.000000000000000000e+00,-6.098727658055594358e-03,-0.000000000000000000e+00,-0.000000000000000000e+00,0.000000000000000000e+00,-9.884862709204413067e-02,8.248916448590971895e-02,0.000000000000000000e+00,-0.000000000000000000e+00,-0.000000000000000000e+00,-6.389280958798382315e-01,5.682387745442866349e-05,-0.000000000000000000e+00,-0.000000000000000000e+00,-3.233120019253331312e-02,-0.000000000000000000e+00,0.000000000000000000e+00,-2.513743247724648522e-01
-0.000000000000000000e+00,-0.000000000000000000e+00,2.867751980450440552e+00,-0.000000000000000000e+00,-3.060983782215860316e-01,0.000000000000000000e+00,-0.000000000000000000e+00,1.671176328283060286e+00,-0.000000000000000000e+00,-0.000000000000000000e+00,0.000000000000000000e+00,0.000000000000000000e+00,2.975613662033631257e-02,-0.000000000000000000e+00,8.049386593877994045e-02,-0.000000000000000000e+00,2.738025317813961093e-02,-0.000000000000000000e+00,-0.000000000000000000e+00,0.000000000000000000e+00,-1.426952967510591863e-01,0.000000000000000000e+00,-0.000000000000000000e+00,-0.000000000000000000e+00,-8.659032209662644031e-02,-0.000000000000000000e+00,-0.000000000000000000e+00,-5.717624470799664372e-04,0.000000000000000000e+00,-0.000000000000000000e+00,-2.094527046831528017e-01,0.000000000000000000e+00,-1.181723238032364176e-01,-2.177530650605088436e-01,0.000000000000000000e+00,9.733967005688372786e-04,0.000000000000000000e+00,-0.000000000000000000e+00,0.000000000000000000e+00
0.000000000000000000e+00,0.000000000000000000e+00,-0.000000000000000000e+00,1.015971538427190124e+00,-0.000000000000000000e+00,0.000000000000000000e+00,-0.000000000000000000e+00,0.000000000000000000e+00,0.000000000000000000e+00,0.000000000000000000e+00,0.000000000000000000e+00,0.000000000000000000e+00,-0.000000000000000000e+00,0.000000000000000000e+00,0.000000000000000000e+00,0.000000000000000000e+00,-0.000000000000000000e+00,-0.000000000000000000e+00,0.000000000000000000e+00,-0.000000000000000000e+00,-1.099357293065489766e-01,-0.000000000000000000e+00,0.000000000000000000e+00,-0.000000000000000000e+00,0.000000000000000000e+00,0.000000000000000000e+00,2.210943568366616208e-02,0.000000000000000000e+00,0.000000000000000000e+00,0.000000000000000000e+00,0.000000000000000000e+00,0.000000000000000000e+00,0.000000000000000000e+00,-0.000000000000000000e+00,0.000000000000000000e+00,0.000000000000000000e+00,8.075956006320915426e-02,0.000000000000000000e+00,0.000000000000000000e+00
-3.073353169585640692e-03,-1.189897405286094445e-01,-3.060983782215860316e-01,-0.000000000000000000e+00,2.467006069232516197e+00,0.000000000000000000e+00,0.000000000000000000e+00,3.421315255713172632e-01,-3.533312777181772391e-01,-0.000000000000000000e+00,-0.000000000000000000e+00,-0.000000000000000000e+00,0.000000000000000000e+00,-2.267636091389435005e-01,0.000000000000000000e+00,-0.000000000000000000e+00,0.000000000000000000e+00,-0.000000000000000000e+00,-6.948945335719326766e-02,0.000000000000000000e+00,-6.736313859876745525e-02,-0.000000000000000000e+00,-0.000000000000000000e+00,-0.000000000000000000e+00,-1.187483180517463766e-01,-0.000000000000000000e+00,-1.226085535006368049e-01,-0.000000000000000000e+00,-0.000000000000000000e+00,-2.473593414912276245e-01,-0.000000000000000000e+00,-0.000000000000000000e+00,-0.000000000000000000e+00,-5.692180637651366171e-01,0.000000000000000000e+00,-0.000000000000000000e+00,-0.000000000000000000e+00,-0.000000000000000000e+00,-0.000000000000000000e+00
0.000000000000000000e+00,0.000000000000000000e+00,0.000000000000000000e+00,0.000000000000000000e+00,0.000000000000000000e+00,1.223391860548125987e+00,0.000000000000000000e+00,-0.000000000000000000e+00,3.988873534424058204e-02,-0.000000000000000000e+00,-1.556989304490602188e-01,9.750506815485962542e-03,6.731582550526951127e-03,-0.000000000000000000e+00,0.000000000000000000e+00,0.000000000000000000e+00,-0.000000000000000000e+00,-0.000000000000000000e+00,0.000000000000000000e+00,0.000000000000000000e+00,-0.000000000000000000e+00,0.000000000000000000e+00,-0.000000000000000000e+00,0.000000000000000000e+00,0.000000000000000000e+00,-3.456343205125695511e-02,0.000000000000000000e+00,-1.520932056921334326e-02,-7.569098082083025592e-02,0.000000000000000000e+00,-0.000000000000000000e+00,0.000000000000000000e+00,-4.969706694250115853e-02,1.780229425093998175e-01,-1.375653133845516629e-01,-0.000000000000000000e+00,-2.844567529518750026e-01,-0.000000000000000000e+00,0.000000000000000000e+00
0.000000000000000000e+00,0.000000000000000000e+00,-0.000000000000000000e+00,-0.000000000000000000e+00,0.000000000000000000e+00,0.000000000000000000e+00,1.246652057521808965e+00,0.000000000000000000e+00,0.000000000000000000e+00,0.000000000000000000e+00,0.000000000000000000e+00,2.027272787087026629e-01,-0.000000000000000000e+00,0.000000000000000000e+00,-0.000000000000000000e+00,0.000000000000000000e+00,-0.000000000000000000e+00,1.464522067175325903e-01,1.603701137634745977e-01,-0.000000000000000000e+00,0.000000000000000000e+00,-0.000000000000000000e+00,0.000000000000000000e+00,0.000000000000000000e+00,0.000000000000000000e+00,0.000000000000000000e+00,6.686185802543753720e-02,0.000000000000000000e+00,-0.000000000000000000e+00,0.000000000000000000e+00,0.000000000000000000e+00,0.000000000000000000e+00,0.000000000000000000e+00,3.943806093295443987e-02,0.000000000000000000e+00,0.000000000000000000e+00,0.000000000000000000e+00,8.655878103025900494e-02,6.264311822612639302e-02
0.000000000000000000e+00,0.000000000000000000e+00,1.671176328283060286e+00,0.000000000000000000e+00,3.421315255713172632e-01,-0.000000000000000000e+00,0.000000000000000000e+00,2.938220401359385558e+00,4.251297102598553153e-03,0.000000000000000000e+00,-0.000000000000000000e+00,-0.000000000000000000e+00,-4.188209803022882594e-02,0.000000000000000000e+00,-1.965346194849835193e-01,7.931040737065318813e-03,-1.045012567288587657e-01,0.000000000000000000e+00,0.000000000000000000e+00,-8.386536469719993447e-02,1.937566091498956755e-01,-0.000000000000000000e+00,0.000000000000000000e+00,0.000000000000000000e+00,1.617373382089265788e-01,0.000000000000000000e+00,0.000000000000000000e+00,0.000000000000000000e+00,-0.000000000000000000e+00,0.000000000000000000e+00,9.719250697595759048e-02,-0.000000000000000000e+00,1.656196088581821935e-01,1.375827481008817799e-01,-0.000000000000000000e+00,-8.336089424115726565e-03,-0.000000000000000000e+00,0.000000000000000000e+00,-0.000000000000000000e+00
-1.256887920512084721e-02,-1.655988661178208476e-01,-0.000000000000000000e+00,0.000000000000000000e+00,-3.533312777181772391e-01,3.988873534424058204e-02,0.000000000000000000e+00,4.251297102598553153e-03,2.883305312465347825e+00,-0.000000000000000000e+00,-0.000000000000000000e+00,-0.000000000000000000e+00,0.000000000000000000e+00,-1.072218440034329312e-01,0.000000000000000000e+00,-4.634788141480410129e-02,0.000000000000000000e+00,-0.000000000000000000e+00,-5.307588686962844138e-01,0.000000000000000000e+00,-7.027051717629673178e-02,-0.000000000000000000e+00,-2.692356813529657167e-01,-6.517030510671001364e-02,-1.738493106135510224e-01,-0.000000000000000000e+00,-5.639607497937555031e-02,-0.000000000000000000e+00,-0.000000000000000000e+00,-1.238541702033650743e-01,-0.000000000000000000e+00,-0.000000000000000000e+00,-0.000000000000000000e+00,-9.040886493618788267e-01,0.000000000000000000e+00,-0.000000000000000000e+00,-0.000000000000000000e+00,-3.961763711632782653e-02,-1.754852991273982421e-01
-0.000000000000000000e+00,-1.762328747622834424e-01,-0.000000000000000000e+00,0.000000000000000000e+00,-0.000000000000000000e+00,-0.000000000000000000e+00,0.000000000000000000e+00,0.000000000000000000e+00,-0.000000000000000000e+00,2.247138520832380859e+00,-0.000000000000000000e+00,-0.000000000000000000e+00,0.000000000000000000e+00,-2.153018929168398488e-01,0.000000000000000000e+00,-8.879555223394740571e-01,-0.000000000000000000e+00,-0.000000000000000000e+00,-0.000000000000000000e+00,-0.000000000000000000e+00,-0.000000000000000000e+00,-0.000000000000000000e+00,-1.720470222192087006e-01,-0.000000000000000000e+00,-1.119243661421030489e-01,-0.000000000000000000e+00,-0.000000000000000000e+00,-0.000000000000000000e+00,-0.000000000000000000e+00,-3.811398176637270652e-01,-0.000000000000000000e+00,-0.000000000000000000e+00,-0.000000000000000000e+00,-0.000000000000000000e+00,-0.000000000000000000e+00,-8.067099096673151226e-02,-1.714669766027658859e-01,-0.000000000000000000e+00,-0.000000000000000000e+00
0.000000000000000000e+00,-0.000000000000000000e+00,0.000000000000000000e+00,0.000000000000000000e+00,-0.000000000000000000e+00,-1.556989304490602188e-01,0.000000000000000000e+00,-0.000000000000000000e+00,-0.000000000000000000e+00,-0.000000000000000000e+00,1.624065232660403924e+00,-0.000000000000000000e+00,0.000000000000000000e+00,-0.000000000000000000e+00,0.000000000000000000e+00,0.000000000000000000e+00,-4.654362746052237432e-01,-1.095968381148283988e-01,-0.000000000000000000e+00,0.000000000000000000e+00,-0.000000000000000000e+00,-0.000000000000000000e+00,-0.000000000000000000e+00,-0.000000000000000000e+00,0.000000000000000000e+00,-1.548191607017783758e-02,-1.849373235157999174e-01,-0.000000000000000000e+00,-9.122357354657968653e-02,-0.000000000000000000e+00,-0.000000000000000000e+00,-8.688534643829212700e-02,-0.000000000000000000e+00,-0.000000000000000000e+00,-2.119876078787287510e-01,-0.000000000000000000e+00,-1.904105381776264039e-01,-7.984484139015662896e-02,-4.306599157564869329e-02
0.000000000000000000e+00,-5.505298983092966197e-02,0.000000000000000000e+00,0.000000000000000000e+00,-0.000000000000000000e+00,9.750506815485962542e-03,2.027272787087026629e-01,-0.000000000000000000e+00,-0.000000000000000000e+00,-0.000000000000000000e+00,-0.000000000000000000e+00,2.237866130623213046e+00,-1.542858550954563368e-01,-0.000000000000000000e+00,-2.008964424524803949e-01,0.000000000000000000e+00,-6.305380974280309914e-02,-0.000000000000000000e+00,-2.079214209114353673e-02,-0.000000000000000000e+00,0.000000000000000000e+00,-4.218043696214440197e-01,-0.000000000000000000e+00,-0.000000000000000000e+00,0.000000000000000000e+00,0.000000000000000000e+00,-0.000000000000000000e+00,0.000000000000000000e+00,-0.000000000000000000e+00,0.000000000000000000e+00,-0.000000000000000000e+00,-4.438926191872032967e-01,0.000000000000000000e+00,-0.000000000000000000e+00,-1.376235700418954912e-02,-2.821049418813417406e-02,-0.000000000000000000e+00,-0.000000000000000000e+00,-1.003311262748427080e+00
0.000000000000000000e+00,-0.000000000000000000e+00,2.975613662033631257e-02,-0.000000000000000000e+00,0.000000000000000000e+00,6.731582550526951127e-03,-0.000000000000000000e+00,-4.188209803022882594e-02,0.000000000000000000e+00,0.000000000000000000e+00,0.000000000000000000e+00,-1.542858550954563368e-01,1.601295312860613329e+00,0.000000000000000000e+00,-4.215737587988574453e-01,0.000000000000000000e+00,-0.000000000000000000e+00,-0.000000000000000000e+00,0.000000000000000000e+00,-0.000000000000000000e+00,0.000000000000000000e+00,-6.748937019360111422e-02,0.000000000000000000e+00,0.000000000000000000e+00,0.000000000000000000e+00,0.000000000000000000e+00,0.000000000000000000e+00,2.033745693814535682e-01,-0.000000000000000000e+00,0.000000000000000000e+00,3.470088727842379206e-01,-0.000000000000000000e+00,3.263187657403415209e-01,0.000000000000000000e+00,-0.000000000000000000e+00,-0.000000000000000000e+00,0.000000000000000000e+00,0.000000000000000000e+00,-0.000000000000000000e+00
-0.000000000000000000e+00,-0.000000000000000000e+00,-0.000000000000000000e+00,0.000000000000000000e+00,-2.267636091389435005e-01,-0.000000000000000000e+00,0.000000000000000000e+00,0.000000000000000000e+00,-1.072218440034329312e-01,-2.153018929168398488e-01,-0.000000000000000000e+00,-0.000000000000000000e+00,0.000000000000000000e+00,2.111978411735678129e+00,-0.000000000000000000e+00,-0.000000000000000000e+00,0.000000000000000000e+00,-0.000000000000000000e+00,-8.237653024564473014e-02,0.000000000000000000e+00,-1.407759191342597980e-03,-0.000000000000000000e+00,-3.533494748976324651e-01,-2.513350693077836540e-01,-1.547156826983374922e-01,-1.869692400034916324e-01,-0.000000000000000000e+00,-0.000000000000000000e+00,-7.721660446501128761e-02,-1.947368660976303567e-02,-0.000000000000000000e+00,-3.330928740629756080e-01,-0.000000000000000000e+00,-0.000000000000000000e+00,-4.624859677935728303e-02,-1.755802794114236509e-01,-8.945927947463079566e-02,-0.000000000000000000e+00,-0.000000000000000000e+00
0.000000000000000000e+00,-0.000000000000000000e+00,8.049386593877994045e-02,0.000000000000000000e+00,0.000000000000000000e+00,0.000000000000000000e+00,-0.000000000000000000e+00,-1.965346194849835193e-01,0.000000000000000000e+00,0.000000000000000000e+00,0.000000000000000000e+00,-2.008964424524803949e-01,-4.215737587988574453e-01,-0.000000000000000000e+00,1.488440710839370462e+00,1.084626505281190978e-01,-0.000000000000000000e+00,-0.000000000000000000e+00,0.000000000000000000e+00,-1.914695798177130648e-01,0.000000000000000000e+00,-2.723577813075653831e-01,0.000000000000000000e+00,0.000000000000000000e+00,0.000000000000000000e+00,0.000000000000000000e+00,1.118544919895946288e-01,0.000000000000000000e+00,-0.000000000000000000e+00,1.596244858457781385e-02,0.000000000000000000e+00,-0.000000000000000000e+00,0.000000000000000000e+00,-0.000000000000000000e+00,-0.000000000000000000e+00,-0.000000000000000000e+00,0.000000000000000000e+00,0.000000000000000000e+00,-0.000000000000000000e+00
-4.556772747587274353e-01,-1.220695215016266572e-01,-0.000000000000000000e+00,0.000000000000000000e+00,-0.000000000000000000e+00,0.000000000000000000e+00,0.000000000000000000e+00,7.931040737065318813e-03,-4.634788141480410129e-02,-8.879555223394740571e-01,0.000000000000000000e+00,0.000000000000000000e+00,0.000000000000000000e+00,-0.000000000000000000e+00,1.084626505281190978e-01,2.388754552405902398e+00,2.172631520484595482e-03,0.000000000000000000e+00,-0.000000000000000000e+00,0.000000000000000000e+00,-0.000000000000000000e+00,0.000000000000000000e+00,-1.080676196570788533e-01,-0.000000000000000000e+00,-2.820636600249646353e-01,-0.000000000000000000e+00,-0.000000000000000000e+00,-0.000000000000000000e+00,0.000000000000000000e+00,-4.473931565490406603e-01,-0.000000000000000000e+00,-0.000000000000000000e+00,-0.000000000000000000e+00,-0.000000000000000000e+00,0.000000000000000000e+00,-0.000000000000000000e+00,-0.000000000000000000e+00,-0.000000000000000000e+00,-0.000000000000000000e+00
6.129875456093466513e-01,0.000000000000000000e+00,2.738025317813961093e-02,-0.000000000000000000e+00,0.000000000000000000e+00,-0.000000000000000000e+00,-0.000000000000000000e+00,-1.045012567288587657e-01,0.000000000000000000e+00,-0.000000000000000000e+00,-4.654362746052237432e-01,-6.305380974280309914e-02,-0.000000000000000000e+00,0.000000000000000000e+00,-0.000000000000000000e+00,2.172631520484595482e-03,1.899744948184789006e+00,-3.335382943069915580e-03,0.000000000000000000e+00,-0.000000000000000000e+00,0.000000000000000000e+00,-2.555473576569497474e-01,-0.000000000000000000e+00,-0.000000000000000000e+00,0.000000000000000000e+00,0.000000000000000000e+00,0.000000000000000000e+00,-0.000000000000000000e+00,-1.368449120946981512e-01,0.000000000000000000e+00,-0.000000000000000000e+00,-0.000000000000000000e+00,0.000000000000000000e+00,0.000000000000000000e+00,-5.507281188406741856e-01,-0.000000000000000000e+00,-0.000000000000000000e+00,-0.000000000000000000e+00,-0.000000000000000000e+00
0.000000000000000000e+00,0.000000000000000000e+00,-0.000000000000000000e+00,-0.000000000000000000e+00,-0.000000000000000000e+00,-0.000000000000000000e+00,1.464522067175325903e-01,0.000000000000000000e+00,-0.000000000000000000e+00,-0.000000000000000000e+00,-1.095968381148283988e-01,-0.000000000000000000e+00,-0.000000000000000000e+00,-0.000000000000000000e+00,-0.000000000000000000e+00,0.000000000000000000e+00,-3.335382943069915580e-03,1.728609736713187850e+00,-2.865978302424226354e-01,-0.000000000000000000e+00,-8.905509192902984206e-02,-0.000000000000000000e+00,-0.000000000000000000e+00,-1.278759163855813230e-01,-0.000000000000000000e+00,-3.621381717974228587e-01,-0.000000000000000000e+00,-1.753277375230828938e-01,-6.337086431872805681e-02,0.000000000000000000e+00,-0.000000000000000000e+00,-0.000000000000000000e+00,-0.000000000000000000e+00,-0.000000000000000000e+00,-0.000000000000000000e+00,-0.000000000000000000e+00,-0.000000000000000000e+00,-3.462794009283094998e-01,-0.000000000000000000e+00
-0.000000000000000000e+00,-0.000000000000000000e+00,-0.000000000000000000e+00,0.000000000000000000e+00,-6.948945335719326766e-02,0.000000000000000000e+00,1.603701137634745977e-01,0.000000000000000000e+00,-5.307588686962844138e-01,-0.000000000000000000e+00,-0.000000000000000000e+00,-2.079214209114353673e-02,0.000000000000000000e+00,-8.237653024564473014e-02,0.000000000000000000e+00,-0.000000000000000000e+00,0.000000000000000000e+00,-2.865978302424226354e-01,2.648851692537061986e+00,0.000000000000000000e+00,-0.000000000000000000e+00,-0.000000000000000000e+00,-0.000000000000000000e+00,-2.939401063808911307e-01,-0.000000000000000000e+00,-8.552325209982658549e-02,-6.914416877388882554e-01,-0.000000000000000000e+00,-0.000000000000000000e+00,-0.000000000000000000e+00,-1.196444680010832623e-01,-0.000000000000000000e+00,-0.000000000000000000e+00,-2.133061336869047364e-01,-0.000000000000000000e+00,-0.000000000000000000e+00,-0.000000000000000000e+00,-4.212393375044656829e-02,-3.151654376181569073e-01
0.000000000000000000e+00,0.000000000000000000e+00,0.000000000000000000e+00,-0.000000000000000000e+00,0.000000000000000000e+00,0.000000000000000000e+00,-0.000000000000000000e+00,-8.386536469719993447e-02,0.000000000000000000e+00,-0.000000000000000000e+00,0.000000000000000000e+00,-0.000000000000000000e+00,-0.000000000000000000e+00,0.000000000000000000e+00,-1.914695798177130648e-01,0.000000000000000000e+00,-0.000000000000000000e+00,-0.000000000000000000e+00,0.000000000000000000e+00,1.107822473209484793e+00,3.444404834089769343e-03,-1.965371419806704878e-01,0.000000000000000000e+00,0.000000000000000000e+00,0.000000000000000000e+00,0.000000000000000000e+00,1.215857009552559313e-02,0.000000000000000000e+00,-0.000000000000000000e+00,0.000000000000000000e+00,0.000000000000000000e+00,0.000000000000000000e+00,0.000000000000000000e+00,0.000000000000000000e+00,-0.000000000000000000e+00,-0.000000000000000000e+00,-0.000000000000000000e+00,0.000000000000000000e+00,0.000000000000000000e+00
-0.000000000000000000e+00,-0.000000000000000000e+00,-1.426952967510591863e-01,-1.099357293065489766e-01,-6.736313859876745525e-02,-0.000000000000000000e+00,0.000000000000000000e+00,1.937566091498956755e-01,-7.027051717629673178e-02,-0.000000000000000000e+00,-0.000000000000000000e+00,0.000000000000000000e+00,0.000000000000000000e+00,-1.407759191342597980e-03,0.000000000000000000e+00,-0.000000000000000000e+00,0.000000000000000000e+00,-8.905509192902984206e-02,-0.000000000000000000e+00,3.444404834089769343e-03,1.310466238630211500e+00,-0.000000000000000000e+00,-0.000000000000000000e+00,-0.000000000000000000e+00,-1.129896239706376926e-01,-0.000000000000000000e+00,-0.000000000000000000e+00,-0.000000000000000000e+00,-0.000000000000000000e+00,-4.146457368986591896e-02,-0.000000000000000000e+00,-0.000000000000000000e+00,-0.000000000000000000e+00,-0.000000000000000000e+00,-0.000000000000000000e+00,-0.000000000000000000e+00,-0.000000000000000000e+00,-1.467275181079238655e-01,-0.000000000000000000e+00
0.000000000000000000e+00,-0.000000000000000000e+00,0.000000000000000000e+00,-0.000000000000000000e+00,-0.000000000000000000e+00,0.000000000000000000e+00,-0.000000000000000000e+00,-0.000000000000000000e+00,-0.000000000000000000e+00,-0.000000000000000000e+00,-0.000000000000000000e+00,-4.218043696214440197e-01,-6.748937019360111422e-02,-0.000000000000000000e+00,-2.723577813075653831e-01,0.000000000000000000e+00,-2.555473576569497474e-01,-0.000000000000000000e+00,-0.000000000000000000e+00,-1.965371419806704878e-01,-0.000000000000000000e+00,1.452249528696771375e+00,-0.000000000000000000e+00,-0.000000000000000000e+00,0.000000000000000000e+00,0.000000000000000000e+00,0.000000000000000000e+00,0.000000000000000000e+00,-0.000000000000000000e+00,0.000000000000000000e+00,-0.000000000000000000e+00,-0.000000000000000000e+00,0.000000000000000000e+00,-0.000000000000000000e+00,-6.024030416981739078e-02,-0.000000000000000000e+00,-0.000000000000000000e+00,-0.000000000000000000e+00,-1.126064282152347135e-01
-0.000000000000000000e+00,-6.098727658055594358e-03,-0.000000000000000000e+00,0.000000000000000000e+00,-0.000000000000000000e+00,-0.000000000000000000e+00,0.000000000000000000e+00,0.000000000000000000e+00,-2.692356813529657167e-01,-1.720470222192087006e-01,-0.000000000000000000e+00,-0.000000000000000000e+00,0.000000000000000000e+00,-3.533494748976324651e-01,0.000000000000000000e+00,-1.080676196570788533e-01,-0.000000000000000000e+00,-0.000000000000000000e+00,-0.000000000000000000e+00,0.000000000000000000e+00,-0.000000000000000000e+00,-0.000000000000000000e+00,2.304850199048321002e+00,-0.000000000000000000e+00,-5.612600474339617396e-01,-1.036594593786669197e-02,-1.735485539209448702e-01,-0.000000000000000000e+00,-0.000000000000000000e+00,-4.381457198742027548e-01,-0.000000000000000000e+00,-8.592460838201297635e-02,-0.000000000000000000e+00,-0.000000000000000000e+00,-0.000000000000000000e+00,-0.000000000000000000e+00,-1.157892886455429149e-01,-0.000000000000000000e+00,-0.000000000000000000e+00
0.000000000000000000e+00,-0.000000000000000000e+00,-0.000000000000000000e+00,-0.000000000000000000e+00,-0.000000000000000000e+00,0.000000000000000000e+00,0.000000000000000000e+00,0.000000000000000000e+00,-6.517030510671001364e-02,-0.000000000000000000e+00,-0.000000000000000000e+00,-0.000000000000000000e+00,0.000000000000000000e+00,-2.513350693077836540e-01,0.000000000000000000e+00,-0.000000000000000000e+00,-0.000000000000000000e+00,-1.278759163855813230e-01,-2.939401063808911307e-01,0.000000000000000000e+00,-0.000000000000000000e+00,-0.000000000000000000e+00,-0.000000000000000000e+00,1.688591291883740686e+00,-0.000000000000000000e+00,-0.000000000000000000e+00,-0.000000000000000000e+00,-1.085645482095882186e-01,-0.000000000000000000e+00,-0.000000000000000000e+00,-4.612810606800555879e-01,-0.000000000000000000e+00,-0.000000000000000000e+00,-1.567985303960222343e-01,-0.000000000000000000e+00,-0.000000000000000000e+00,-0.000000000000000000e+00,-0.000000000000000000e+00,-0.000000000000000000e+00
-1.109865720129753902e-02,-0.000000000000000000e+00,-8.659032209662644031e-02,0.000000000000000000e+00,-1.187483180517463766e-01,0.000000000000000000e+00,0.000000000000000000e+00,1.617373382089265788e-01,-1.738493106135510224e-01,-1.119243661421030489e-01,0.000000000000000000e+00,0.000000000000000000e+00,0.000000000000000000e+00,-1.547156826983374922e-01,0.000000000000000000e+00,-2.820636600249646353e-01,0.000000000000000000e+00,-0.000000000000000000e+00,-0.000000000000000000e+00,0.000000000000000000e+00,-1.129896239706376926e-01,0.000000000000000000e+00,-5.612600474339617396e-01,-0.000000000000000000e+00,2.380505553113806183e+00,-7.304404609760813127e-02,-0.000000000000000000e+00,-0.000000000000000000e+00,-0.000000000000000000e+00,-5.602936579950377194e-01,-0.000000000000000000e+00,-0.000000000000000000e+00,-0.000000000000000000e+00,-0.000000000000000000e+00,-0.000000000000000000e+00,-0.000000000000000000e+00,-0.000000000000000000e+00,-0.000000000000000000e+00,-0.000000000000000000e+00
-0.000000000000000000e+00,0.000000000000000000e+00,-0.000000000000000000e+00,0.000000000000000000e+00,-0.000000000000000000e+00,-3.456343205125695511e-02,0.000000000000000000e+00,0.000000000000000000e+00,-0.000000000000000000e+00,-0.000000000000000000e+00,-1.548191607017783758e-02,0.000000000000000000e+00,0.000000000000000000e+00,-1.869692400034916324e-01,0.000000000000000000e+00,-0.000000000000000000e+00,0.000000000000000000e+00,-3.621381717974228587e-01,-8.552325209982658549e-02,0.000000000000000000e+00,-0.000000000000000000e+00,0.000000000000000000e+00,-1.036594593786669197e-02,-0.000000000000000000e+00,-7.304404609760813127e-02,1.964168402164575555e+00,-1.521493826573301622e-01,-3.164743908559137231e-01,-1.667105019286743983e-01,-6.881698062354089929e-02,-0.000000000000000000e+00,-0.000000000000000000e+00,-3.072925728621001551e-01,-0.000000000000000000e+00,-0.000000000000000000e+00,-0.000000000000000000e+00,-1.120493505971509041e-01,-2.832384931578717513e-01,-0.000000000000000000e+00
-0.000000000000000000e+00,-9.884862709204413067e-02,-0.000000000000000000e+00,2.210943568366616208e-02,-1.226085535006368049e-01,0.000000000000000000e+00,6.686185802543753720e-02,0.000000000000000000e+00,-5.639607497937555031e-02,-0.000000000000000000e+00,-1.849373235157999174e-01,-0.000000000000000000e+00,0.000000000000000000e+00,-0.000000000000000000e+00,1.118544919895946288e-01,-0.000000000000000000e+00,0.000000000000000000e+00,-0.000000000000000000e+00,-6.914416877388882554e-01,1.215857009552559313e-02,-0.000000000000000000e+00,0.000000000000000000e+00,-1.735485539209448702e-01,-0.000000000000000000e+00,-0.000000000000000000e+00,-1.521493826573301622e-01,2.108836501812167530e+00,-0.000000000000000000e+00,0.000000000000000000e+00,-0.000000000000000000e+00,-2.540589269889949042e-01,-5.034104071902146399e-02,-0.000000000000000000e+00,-0.000000000000000000e+00,-0.000000000000000000e+00,-0.000000000000000000e+00,-0.000000000000000000e+00,-0.000000000000000000e+00,-2.678109941961895890e-01
0.000000000000000000e+00,8.248916448590971895e-02,-5.717624470799664372e-04,0.000000000000000000e+00,-0.000000000000000000e+00,-1.520932056921334326e-02,0.000000000000000000e+00,0.000000000000000000e+00,-0.000000000000000000e+00,-0.000000000000000000e+00,-0.000000000000000000e+00,0.000000000000000000e+00,2.033745693814535682e-01,-0.000000000000000000e+00,0.000000000000000000e+00,-0.000000000000000000e+00,-0.000000000000000000e+00,-1.753277375230828938e-01,-0.000000000000000000e+00,0.000000000000000000e+00,-0.000000000000000000e+00,0.000000000000000000e+00,-0.000000000000000000e+00,-1.085645482095882186e-01,-0.000000000000000000e+00,-3.164743908559137231e-01,-0.000000000000000000e+00,1.894749994825124295e+00,-6.551645374486122705e-03,-0.000000000000000000e+00,-2.224572014457751878e-01,5.820411375491584167e-03,-7.663928402545127083e-01,-0.000000000000000000e+00,-0.000000000000000000e+00,0.000000000000000000e+00,-0.000000000000000000e+00,-0.000000000000000000e+00,0.000000000000000000e+00
-0.000000000000000000e+00,0.000000000000000000e+00,0.000000000000000000e+00,0.000000000000000000e+00,-0.000000000000000000e+00,-7.569098082083025592e-02,-0.000000000000000000e+00,-0.000000000000000000e+00,-0.000000000000000000e+00,-0.000000000000000000e+00,-9.122357354657968653e-02,-0.000000000000000000e+00,-0.000000000000000000e+00,-7.721660446501128761e-02,-0.000000000000000000e+00,0.000000000000000000e+00,-1.368449120946981512e-01,-6.337086431872805681e-02,-0.000000000000000000e+00,-0.000000000000000000e+00,-0.000000000000000000e+00,-0.000000000000000000e+00,-0.000000000000000000e+00,-0.000000000000000000e+00,-0.000000000000000000e+00,-1.667105019286743983e-01,0.000000000000000000e+00,-6.551645374486122705e-03,1.507363740211419945e+00,-0.000000000000000000e+00,-0.000000000000000000e+00,-0.000000000000000000e+00,-0.000000000000000000e+00,-0.000000000000000000e+00,-3.917695093036621667e-01,-0.000000000000000000e+00,-2.657910152441133045e-01,-0.000000000000000000e+00,-0.000000000000000000e+00
-8.495309120843626272e-02,-0.000000000000000000e+00,-0.000000000000000000e+00,0.000000000000000000e+00,-2.473593414912276245e-01,0.000000000000000000e+00,0.000000000000000000e+00,0.000000000000000000e+00,-1.238541702033650743e-01,-3.811398176637270652e-01,-0.000000000000000000e+00,0.000000000000000000e+00,0.000000000000000000e+00,-1.947368660976303567e-02,1.596244858457781385e-02,-4.473931565490406603e-01,0.000000000000000000e+00,0.000000000000000000e+00,-0.000000000000000000e+00,0.000000000000000000e+00,-4.146457368986591896e-02,0.000000000000000000e+00,-4.381457198742027548e-01,-0.000000000000000000e+00,-5.602936579950377194e-01,-6.881698062354089929e-02,-0.000000000000000000e+00,-0.000000000000000000e+00,-0.000000000000000000e+00,2.425384585711046981e+00,-0.000000000000000000e+00,-0.000000000000000000e+00,-0.000000000000000000e+00,-0.000000000000000000e+00,-0.000000000000000000e+00,-0.000000000000000000e+00,-0.000000000000000000e+00,-0.000000000000000000e+00,-0.000000000000000000e+00
0.000000000000000000e+00,-0.000000000000000000e+00,-2.094527046831528017e-01,0.000000000000000000e+00,-0.000000000000000000e+00,-0.000000000000000000e+00,0.000000000000000000e+00,9.719250697595759048e-02,-0.000000000000000000e+00,-0.000000000000000000e+00,-0.000000000000000000e+00,-0.000000000000000000e+00,3.470088727842379206e-01,-0.000000000000000000e+00,0.000000000000000000e+00,-0.000000000000000000e+00,-0.000000000000000000e+00,-0.000000000000000000e+00,-1.196444680010832623e-01,0.000000000000000000e+00,-0.000000000000000000e+00,-0.000000000000000000e+00,-0.000000000000000000e+00,-4.612810606800555879e-01,-0.000000000000000000e+00,-0.000000000000000000e+00,-2.540589269889949042e-01,-2.224572014457751878e-01,-0.000000000000000000e+00,-0.000000000000000000e+00,1.797018962645960949e+00,-0.000000000000000000e+00,-0.000000000000000000e+00,-3.314911548754092413e-02,-0.000000000000000000e+00,-0.000000000000000000e+00,-0.000000000000000000e+00,-0.000000000000000000e+00,-0.000000000000000000e+00
-0.000000000000000000e+00,-6.389280958798382315e-01,0.000000000000000000e+00,0.000000000000000000e+00,-0.000000000000000000e+00,0.000000000000000000e+00,0.000000000000000000e+00,-0.000000000000000000e+00,-0.000000000000000000e+00,-0.000000000000000000e+00,-8.688534643829212700e-02,-4.438926191872032967e-01,-0.000000000000000000e+00,-3.330928740629756080e-01,-0.000000000000000000e+00,-0.000000000000000000e+00,-0.000000000000000000e+00,-0.000000000000000000e+00,-0.000000000000000000e+00,0.000000000000000000e+00,-0.000000000000000000e+00,-0.000000000000000000e+00,-8.592460838201297635e-02,-0.000000000000000000e+00,-0.000000000000000000e+00,-0.000000000000000000e+00,-5.034104071902146399e-02,5.820411375491584167e-03,-0.000000000000000000e+00,-0.000000000000000000e+00,-0.000000000000000000e+00,1.991621654813163556e+00,4.781237555174086551e-02,-0.000000000000000000e+00,-0.000000000000000000e+00,-2.725215895043520131e-01,-0.000000000000000000e+00,0.000000000000000000e+00,-1.030803253855389207e-01
-0.000000000000000000e+00,5.682387745442866349e-05,-1.181723238032364176e-01,0.000000000000000000e+00,-0.000000000000000000e+00,-4.969706694250115853e-02,0.000000000000000000e+00,1.656196088581821935e-01,-0.000000000000000000e+00,-0.000000000000000000e+00,-0.000000000000000000e+00,0.000000000000000000e+00,3.263187657403415209e-01,-0.000000000000000000e+00,0.000000000000000000e+00,-0.000000000000000000e+00,0.000000000000000000e+00,-0.000000000000000000e+00,-0.000000000000000000e+00,0.000000000000000000e+00,-0.000000000000000000e+00,0.000000000000000000e+00,-0.000000000000000000e+00,-0.000000000000000000e+00,-0.000000000000000000e+00,-3.072925728621001551e-01,-0.000000000000000000e+00,-7.663928402545127083e-01,-0.000000000000000000e+00,-0.000000000000000000e+00,-0.000000000000000000e+00,4.781237555174086551e-02,1.866524380689652984e+00,-0.000000000000000000e+00,-0.000000000000000000e+00,0.000000000000000000e+00,-0.000000000000000000e+00,-1.412932315649003019e-02,0.000000000000000000e+00
-0.000000000000000000e+00,-0.000000000000000000e+00,-2.177530650605088436e-01,-0.000000000000000000e+00,-5.692180637651366171e-01,1.780229425093998175e-01,3.943806093295443987e-02,1.375827481008817799e-01,-9.040886493618788267e-01,-0.000000000000000000e+00,-0.000000000000000000e+00,-0.000000000000000000e+00,0.000000000000000000e+00,-0.000000000000000000e+00,-0.000000000000000000e+00,-0.000000000000000000e+00,0.000000000000000000e+00,-0.000000000000000000e+00,-2.133061336869047364e-01,0.000000000000000000e+00,-0.000000000000000000e+00,-0.000000000000000000e+00,-0.000000000000000000e+00,-1.567985303960222343e-01,-0.000000000000000000e+00,-0.000000000000000000e+00,-0.000000000000000000e+00,-0.000000000000000000e+00,-0.000000000000000000e+00,-0.000000000000000000e+00,-3.314911548754092413e-02,-0.000000000000000000e+00,-0.000000000000000000e+00,2.524787831024407403e+00,0.000000000000000000e+00,0.000000000000000000e+00,-0.000000000000000000e+00,-0.000000000000000000e+00,-2.036206317882928718e-01
0.000000000000000000e+00,-0.000000000000000000e+00,0.000000000000000000e+00,0.000000000000000000e+00,0.000000000000000000e+00,-1.375653133845516629e-01,0.000000000000000000e+00,-0.000000000000000000e+00,0.000000000000000000e+00,-0.000000000000000000e+00,-2.119876078787287510e-01,-1.376235700418954912e-02,-0.000000000000000000e+00,-4.624859677935728303e-02,-0.000000000000000000e+00,0.000000000000000000e+00,-5.507281188406741856e-01,-0.000000000000000000e+00,-0.000000000000000000e+00,-0.000000000000000000e+00,-0.000000000000000000e+00,-6.024030416981739078e-02,-0.000000000000000000e+00,-0.000000000000000000e+00,-0.000000000000000000e+00,-0.000000000000000000e+00,-0.000000000000000000e+00,-0.000000000000000000e+00,-3.917695093036621667e-01,-0.000000000000000000e+00,-0.000000000000000000e+00,-0.000000000000000000e+00,-0.000000000000000000e+00,0.000000000000000000e+00,1.951303618664517847e+00,-1.700090150625027108e-01,-4.686791826183465681e-01,-0.000000000000000000e+00,-0.000000000000000000e+00
-0.000000000000000000e+00,-3.233120019253331312e-02,9.733967005688372786e-04,0.000000000000000000e+00,-0.000000000000000000e+00,-0.000000000000000000e+00,0.000000000000000000e+00,-8.336089424115726565e-03,-0.000000000000000000e+00,-8.067099096673151226e-02,-0.000000000000000000e+00,-2.821049418813417406e-02,-0.000000000000000000e+00,-1.755802794114236509e-01,-0.000000000000000000e+00,-0.000000000000000000e+00,-0.000000000000000000e+00,-0.000000000000000000e+00,-0.000000000000000000e+00,-0.000000000000000000e+00,-0.000000000000000000e+00,-0.000000000000000000e+00,-0.000000000000000000e+00,-0.000000000000000000e+00,-0.000000000000000000e+00,-0.000000000000000000e+00,-0.000000000000000000e+00,0.000000000000000000e+00,-0.000000000000000000e+00,-0.000000000000000000e+00,-0.000000000000000000e+00,-2.725215895043520131e-01,0.000000000000000000e+00,0.000000000000000000e+00,-1.700090150625027108e-01,1.320519942765930876e+00,-1.790924157096430713e-01,-0.000000000000000000e+00,-0.000000000000000000e+00
-0.000000000000000000e+00,-0.000000000000000000e+00,0.000000000000000000e+00,8.075956006320915426e-02,-0.000000000000000000e+00,-2.844567529518750026e-01,0.000000000000000000e+00,-0.000000000000000000e+00,-0.000000000000000000e+00,-1.714669766027658859e-01,-1.904105381776264039e-01,-0.000000000000000000e+00,0.000000000000000000e+00,-8.945927947463079566e-02,0.000000000000000000e+00,-0.000000000000000000e+00,-0.000000000000000000e+00,-0.000000000000000000e+00,-0.000000000000000000e+00,-0.000000000000000000e+00,-0.000000000000000000e+00,-0.000000000000000000e+00,-1.157892886455429149e-01,-0.000000000000000000e+00,-0.000000000000000000e+00,-1.120493505971509041e-01,-0.000000000000000000e+00,-0.000000000000000000e+00,-2.657910152441133045e-01,-0.000000000000000000e+00,-0.000000000000000000e+00,-0.000000000000000000e+00,-0.000000000000000000e+00,-0.000000000000000000e+00,-4.686791826183465681e-01,-1.790924157096430713e-01,1.778361357553203570e+00,-0.000000000000000000e+00,-0.000000000000000000e+00
-0.000000000000000000e+00,0.000000000000000000e+00,-0.000000000000000000e+00,0.000000000000000000e+00,-0.000000000000000000e+00,-0.000000000000000000e+00,8.655878103025900494e-02,0.000000000000000000e+00,-3.961763711632782653e-02,-0.000000000000000000e+00,-7.984484139015662896e-02,-0.000000000000000000e+00,0.000000000000000000e+00,-0.000000000000000000e+00,0.000000000000000000e+00,-0.000000000000000000e+00,-0.000000000000000000e+00,-3.462794009283094998e-01,-4.212393375044656829e-02,0.000000000000000000e+00,-1.467275181079238655e-01,-0.000000000000000000e+00,-0.000000000000000000e+00,-0.000000000000000000e+00,-0.000000000000000000e+00,-2.832384931578717513e-01,-0.000000000000000000e+00,-0.000000000000000000e+00,-0.000000000000000000e+00,-0.000000000000000000e+00,-0.000000000000000000e+00,0.000000000000000000e+00,-1.412932315649003019e-02,-0.000000000000000000e+00,-0.000000000000000000e+00,-0.000000000000000000e+00,-0.000000000000000000e+00,1.530367900801711922e+00,-2.731036512129917382e-01
0.000000000000000000e+00,-2.513743247724648522e-01,0.000000000000000000e+00,0.000000000000000000e+00,-0.000000000000000000e+00,0.000000000000000000e+00,6.264311822612639302e-02,-0.000000000000000000e+00,-1.754852991273982421e-01,-0.000000000000000000e+00,-4.306599157564869329e-02,-1.003311262748427080e+00,-0.000000000000000000e+00,-0.000000000000000000e+00,-0.000000000000000000e+00,-0.000000000000000000e+00,-0.000000000000000000e+00,-0.000000000000000000e+00,-3.151654376181569073e-01,0.000000000000000000e+00,-0.000000000000000000e+00,-1.126064282152347135e-01,-0.000000000000000000e+00,-0.000000000000000000e+00,-0.000000000000000000e+00,-0.000000000000000000e+00,-2.678109941961895890e-01,0.000000000000000000e+00,-0.000000000000000000e+00,-0.000000000000000000e+00,-0.000000000000000000e+00,-1.030803253855389207e-01,0.000000000000000000e+00,-2.036206317882928718e-01,-0.000000000000000000e+00,-0.000000000000000000e+00,-0.000000000000000000e+00,-2.731036512129917382e-01,2.530181263072638131e+00
