1.979108084181242289e+00,-0.000000000000000000e+00,-0.000000000000000000e+00,-0.000000000000000000e+00,-1.078235560472973198e-01,0.000000000000000000e+00,0.000000000000000000e+00,0.000000000000000000e+00,-3.204156179257814374e-01,0.000000000000000000e+00,0.000000000000000000e+00,-0.000000000000000000e+00,0.000000000000000000e+00,-0.000000000000000000e+00,0.000000000000000000e+00,0.000000000000000000e+00,0.000000000000000000e+00,-0.000000000000000000e+00,-0.000000000000000000e+00,-0.000000000000000000e+00,-0.000000000000000000e+00,1.823580668260793916e-02,-0.000000000000000000e+00,-0.000000000000000000e+00,-1.878818149214115385e-01,-5.831965598427633068e-01,0.000000000000000000e+00,-3.063992034296060263e-01,-5.000835175805205118e-02,-0.000000000000000000e+00,0.000000000000000000e+00,2.542287586402829582e-05,0.000000000000000000e+00,-6.036680375323831560e-02,0.000000000000000000e+00,0.000000000000000000e+00,3.348627079307280735e-02,-3.621355352262897176e-01,-0.000000000000000000e+00
-0.000000000000000000e+00,1.367653496999121199e+00,-0.000000000000000000e+00,0.000000000000000000e+00,-0.000000000000000000e+00,-0.000000000000000000e+00,-0.000000000000000000e+00,0.000000000000000000e+00,-0.000000000000000000e+00,-2.157444430198886542e-01,0.000000000000000000e+00,-0.000000000000000000e+00,-0.000000000000000000e+00,-7.270408025740693336e-02,-0.000000000000000000e+00,-4.214733097341638243e-03,-0.000000000000000000e+00,0.000000000000000000e+00,-0.000000000000000000e+00,-0.000000000000000000e+00,0.000000000000000000e+00,-0.000000000000000000e+00,-1.249533593145486093e-01,-0.000000000000000000e+00,-6.099381417090289463e-03,-0.000000000000000000e+00,-2.186187892584671444e-01,0.000000000000000000e+00,-2.739877205772541305e-02,-3.400035834502493914e-01,-0.000000000000000000e+00,-0.000000000000000000e+00,-0.000000000000000000e+00,-0.000000000000000000e+00,-0.000000000000000000e+00,-2.008022097925299676e-01,-0.000000000000000000e+00,0.000000000000000000e+00,-0.000000000000000000e+00
-0.000000000000000000e+00,-0.000000000000000000e+00,2.046192040881389396e+00,0.000000000000000000e+00,-3.142665176854050890e-01,-0.000000000000000000e+00,-3.269771340793534847e-02,1.194964305572512986e+00,-0.000000000000000000e+00,-9.422580962313888142e-03,-0.000000000000000000e+00,0.000000000000000000e+00,-0.000000000000000000e+00,-0.000000000000000000e+00,0.000000000000000000e+00,-0.000000000000000000e+00,-0.000000000000000000e+00,0.000000000000000000e+00,-0.000000000000000000e+00,-0.000000000000000000e+00,-0.000000000000000000e+00,-4.891808942305781241e-03,-0.000000000000000000e+00,-0.000000000000000000e+00,-0.000000000000000000e+00,-0.000000000000000000e+00,-0.000000000000000000e+00,-0.000000000000000000e+00,-0.000000000000000000e+00,-1.821217857916238676e-03,-8.544744559843497900e-02,0.000000000000000000e+00,-1.676865862485914238e-01,-8.135908808046107832e-02,-0.000000000000000000e+00,-0.000000000000000000e+00,-0.000000000000000000e+00,-0.000000000000000000e+00,-0.000000000000000000e+00
-0.000000000000000000e+00,0.000000000000000000e+00,0.000000000000000000e+00,1.430131988058861880e+00,-0.000000000000000000e+00,0.000000000000000000e+00,-0.000000000000000000e+00,-0.000000000000000000e+00,-0.000000000000000000e+00,0.000000000000000000e+00,0.000000000000000000e+00,-3.782365068372910144e-02,1.867456838158325870e-04,0.000000000000000000e+00,1.367277500853823491e-01,0.000000000000000000e+00,0.000000000000000000e+00,-3.119232221235148164e-02,-1.983351884397195064e-01,-0.000000000000000000e+00,1.606708455108059874e-01,0.000000000000000000e+00,-0.000000000000000000e+00,0.000000000000000000e+00,-0.000000000000000000e+00,-0.000000000000000000e+00,0.000000000000000000e+00,0.000000000000000000e+00,1.008063241939461709e-02,0.000000000000000000e+00,0.000000000000000000e+00,0.000000000000000000e+00,2.138184871378244478e-01,-0.000000000000000000e+00,1.730443434260608704e-01,0.000000000000000000e+00,1.904927517071631701e-02,-0.000000000000000000e+00,-2.189606962537234691e-01
-1.078235560472973198e-01,-0.000000000000000000e+00,-3.142665176854050890e-01,-0.000000000000000000e+00,1.663617684887415793e+00,0.000000000000000000e+00,-0.000000000000000000e+00,2.588480651965489043e-01,-7.676623544127451904e-02,-0.000000000000000000e+00,0.000000000000000000e+00,-0.000000000000000000e+00,0.000000000000000000e+00,-1.797349580640488220e-01,4.589384831454937363e-02,-0.000000000000000000e+00,0.000000000000000000e+00,-0.000000000000000000e+00,-4.951968552599205278e-03,-0.000000000000000000e+00,0.000000000000000000e+00,0.000000000000000000e+00,-5.153143205845237343e-03,-0.000000000000000000e+00,-1.634203913428208810e-01,-0.000000000000000000e+00,-0.000000000000000000e+00,-0.000000000000000000e+00,-0.000000000000000000e+00,-0.000000000000000000e+00,-0.000000000000000000e+00,0.000000000000000000e+00,-0.000000000000000000e+00,-5.891825606670841875e-01,0.000000000000000000e+00,-0.000000000000000000e+00,0.000000000000000000e+00,-1.408128001468974926e-03,-0.000000000000000000e+00
0.000000000000000000e+00,-0.000000000000000000e+00,-0.000000000000000000e+00,0.000000000000000000e+00,0.000000000000000000e+00,2.635395923884539915e+00,0.000000000000000000e+00,0.000000000000000000e+00,3.094086625840900551e-01,-0.000000000000000000e+00,-6.737248072464446791e-01,0.000000000000000000e+00,-8.349222388713921361e-02,-0.000000000000000000e+00,-0.000000000000000000e+00,-0.000000000000000000e+00,-5.938776519477047267e-02,2.489474695471975141e-01,6.562098118446620110e-02,0.000000000000000000e+00,-0.000000000000000000e+00,-1.439428870832843155e-01,0.000000000000000000e+00,-0.000000000000000000e+00,0.000000000000000000e+00,6.736328450510960242e-02,-0.000000000000000000e+00,0.000000000000000000e+00,-0.000000000000000000e+00,-0.000000000000000000e+00,-1.651845877333344217e-02,-2.221651149166822825e-01,-9.383806146789069880e-02,0.000000000000000000e+00,-1.972877136748833748e-01,-0.000000000000000000e+00,-4.451933331136432304e-01,1.938376440682497981e-01,0.000000000000000000e+00
0.000000000000000000e+00,-0.000000000000000000e+00,-3.269771340793534847e-02,-0.000000000000000000e+00,-0.000000000000000000e+00,0.000000000000000000e+00,1.064109120490261517e+00,0.000000000000000000e+00,-0.000000000000000000e+00,-0.000000000000000000e+00,0.000000000000000000e+00,-0.000000000000000000e+00,-0.000000000000000000e+00,-0.000000000000000000e+00,0.000000000000000000e+00,-0.000000000000000000e+00,-0.000000000000000000e+00,-0.000000000000000000e+00,-4.200728576877423709e-02,-0.000000000000000000e+00,0.000000000000000000e+00,-0.000000000000000000e+00,-1.036204640986247844e-01,-0.000000000000000000e+00,-0.000000000000000000e+00,-0.000000000000000000e+00,-0.000000000000000000e+00,0.000000000000000000e+00,0.000000000000000000e+00,-0.000000000000000000e+00,-0.000000000000000000e+00,-0.000000000000000000e+00,-0.000000000000000000e+00,-0.000000000000000000e+00,-0.000000000000000000e+00,-0.000000000000000000e+00,-0.000000000000000000e+00,-0.000000000000000000e+00,-2.014925546957468949e-01
0.000000000000000000e+00,0.000000000000000000e+00,1.194964305572512986e+00,-0.000000000000000000e+00,2.588480651965489043e-01,0.000000000000000000e+00,0.000000000000000000e+00,2.053734503056612759e+00,0.000000000000000000e+00,6.967474994896985518e-02,0.000000000000000000e+00,-0.000000000000000000e+00,0.000000000000000000e+00,9.100495485643828042e-02,-0.000000000000000000e+00,0.000000000000000000e+00,0.000000000000000000e+00,-0.000000000000000000e+00,0.000000000000000000e+00,0.000000000000000000e+00,0.000000000000000000e+00,1.351062479149766141e-02,0.000000000000000000e+00,0.000000000000000000e+00,0.000000000000000000e+00,-0.000000000000000000e+00,0.000000000000000000e+00,0.000000000000000000e+00,0.000000000000000000e+00,7.960523797474799990e-02,1.625230181404329344e-01,0.000000000000000000e+00,9.524125327083866888e-02,0.000000000000000000e+00,0.000000000000000000e+00,0.000000000000000000e+00,0.000000000000000000e+00,-0.000000000000000000e+00,0.000000000000000000e+00
-3.204156179257814374e-01,-0.000000000000000000e+00,-0.000000000000000000e+00,-0.000000000000000000e+00,-7.676623544127451904e-02,3.094086625840900551e-01,-0.000000000000000000e+00,0.000000000000000000e+00,2.602613878397092684e+00,0.000000000000000000e+00,1.181137362278999597e-01,-2.058044026057419262e-01,0.000000000000000000e+00,0.000000000000000000e+00,7.962705716128994082e-02,0.000000000000000000e+00,0.000000000000000000e+00,-6.342110953125663919e-02,-2.090622552380064503e-01,-1.525964856300534578e-01,0.000000000000000000e+00,4.950256583877555433e-02,-0.000000000000000000e+00,0.000000000000000000e+00,-9.290111059316506770e-02,-3.265610619182034990e-01,0.000000000000000000e+00,-0.000000000000000000e+00,-0.000000000000000000e+00,-0.000000000000000000e+00,0.000000000000000000e+00,0.000000000000000000e+00,0.000000000000000000e+00,-1.276449655224331549e-02,0.000000000000000000e+00,0.000000000000000000e+00,1.799123986104281814e-01,-5.111731345170085206e-01,-2.969557170095132870e-01
0.000000000000000000e+00,-2.157444430198886542e-01,-9.422580962313888142e-03,0.000000000000000000e+00,-0.000000000000000000e+00,-0.000000000000000000e+00,-0.000000000000000000e+00,6.967474994896985518e-02,0.000000000000000000e+00,1.943318731933510346e+00,-0.000000000000000000e+00,0.000000000000000000e+00,-0.000000000000000000e+00,-0.000000000000000000e+00,-0.000000000000000000e+00,-7.959419784418549915e-01,-0.000000000000000000e+00,0.000000000000000000e+00,0.000000000000000000e+00,0.000000000000000000e+00,-0.000000000000000000e+00,-9.889896914077871137e-02,-1.241483443777475770e-01,-0.000000000000000000e+00,-0.000000000000000000e+00,0.000000000000000000e+00,-0.000000000000000000e+00,0.000000000000000000e+00,-0.000000000000000000e+00,-2.053800077646427413e-01,-3.338441073176227625e-01,-0.000000000000000000e+00,-0.000000000000000000e+00,-0.000000000000000000e+00,-7.748204309786228816e-02,-0.000000000000000000e+00,-0.000000000000000000e+00,0.000000000000000000e+00,0.000000000000000000e+00
0.000000000000000000e+00,0.000000000000000000e+00,-0.000000000000000000e+00,0.000000000000000000e+00,0.000000000000000000e+00,-6.737248072464446791e-01,0.000000000000000000e+00,0.000000000000000000e+00,1.181137362278999597e-01,-0.000000000000000000e+00,1.796524374893397447e+00,3.488662384860050786e-02,-0.000000000000000000e+00,-0.000000000000000000e+00,-0.000000000000000000e+00,-0.000000000000000000e+00,-2.059717143019664312e-02,0.000000000000000000e+00,2.362796340803019202e-01,0.000000000000000000e+00,-0.000000000000000000e+00,-0.000000000000000000e+00,0.000000000000000000e+00,-0.000000000000000000e+00,0.000000000000000000e+00,0.000000000000000000e+00,-0.000000000000000000e+00,-0.000000000000000000e+00,-0.000000000000000000e+00,0.000000000000000000e+00,-0.000000000000000000e+00,-0.000000000000000000e+00,-3.447530192875801203e-01,0.000000000000000000e+00,-0.000000000000000000e+00,-0.000000000000000000e+00,-4.189316671398513048e-02,0.000000000000000000e+00,5.550957455611178065e-02
-0.000000000000000000e+00,-0.000000000000000000e+00,0.000000000000000000e+00,-3.782365068372910144e-02,-0.000000000000000000e+00,0.000000000000000000e+00,-0.000000000000000000e+00,-0.000000000000000000e+00,-2.058044026057419262e-01,0.000000000000000000e+00,3.488662384860050786e-02,1.729932515651898983e+00,0.000000000000000000e+00,0.000000000000000000e+00,0.000000000000000000e+00,0.000000000000000000e+00,-0.000000000000000000e+00,-1.404954765112172987e-01,-1.293693363436059507e-01,-0.000000000000000000e+00,1.525837291522928740e-02,0.000000000000000000e+00,-0.000000000000000000e+00,-0.000000000000000000e+00,-0.000000000000000000e+00,-0.000000000000000000e+00,-0.000000000000000000e+00,-0.000000000000000000e+00,0.000000000000000000e+00,0.000000000000000000e+00,0.000000000000000000e+00,0.000000000000000000e+00,0.000000000000000000e+00,-2.458330204653587023e-02,0.000000000000000000e+00,0.000000000000000000e+00,0.000000000000000000e+00,-8.814789418221814776e-02,-7.352673906326051556e-01
0.000000000000000000e+00,-0.000000000000000000e+00,-0.000000000000000000e+00,1.867456838158325870e-04,0.000000000000000000e+00,-8.349222388713921361e-02,-0.000000000000000000e+00,0.000000000000000000e+00,0.000000000000000000e+00,-0.000000000000000000e+00,-0.000000000000000000e+00,0.000000000000000000e+00,2.136997692670913551e+00,-0.000000000000000000e+00,-0.000000000000000000e+00,-7.693382724600969502e-02,-0.000000000000000000e+00,0.000000000000000000e+00,0.000000000000000000e+00,3.830458913220863293e-02,-0.000000000000000000e+00,-1.263591915004672050e-01,-0.000000000000000000e+00,-0.000000000000000000e+00,0.000000000000000000e+00,0.000000000000000000e+00,-4.608728658733530770e-01,0.000000000000000000e+00,-0.000000000000000000e+00,-0.000000000000000000e+00,-0.000000000000000000e+00,-2.925900198454106649e-01,-2.117984047172219997e-01,-0.000000000000000000e+00,-3.718624514285782112e-01,-0.000000000000000000e+00,-3.875181773958809583e-01,0.000000000000000000e+00,0.000000000000000000e+00
-0.000000000000000000e+00,-7.270408025740693336e-02,-0.000000000000000000e+00,0.000000000000000000e+00,-1.797349580640488220e-01,-0.000000000000000000e+00,-0.000000000000000000e+00,9.100495485643828042e-02,0.000000000000000000e+00,-0.000000000000000000e+00,-0.000000000000000000e+00,0.000000000000000000e+00,-0.000000000000000000e+00,1.348177325894166945e+00,-0.000000000000000000e+00,-0.000000000000000000e+00,-0.000000000000000000e+00,0.000000000000000000e+00,0.000000000000000000e+00,0.000000000000000000e+00,0.000000000000000000e+00,-0.000000000000000000e+00,-1.239268683360063850e-01,-4.376733589617831099e-01,-2.537177318916147839e-02,0.000000000000000000e+00,-5.553458874050885147e-02,0.000000000000000000e+00,-0.000000000000000000e+00,-0.000000000000000000e+00,-9.666949446566446350e-03,-0.000000000000000000e+00,-1.006181151262534601e-01,-9.499653638123335686e-02,-7.344289830732954327e-02,-0.000000000000000000e+00,-0.000000000000000000e+00,0.000000000000000000e+00,-0.000000000000000000e+00
0.000000000000000000e+00,-0.000000000000000000e+00,0.000000000000000000e+00,1.367277500853823491e-01,4.589384831454937363e-02,-0.000000000000000000e+00,0.000000000000000000e+00,-0.000000000000000000e+00,7.962705716128994082e-02,-0.000000000000000000e+00,-0.000000000000000000e+00,0.000000000000000000e+00,-0.000000000000000000e+00,-0.000000000000000000e+00,2.042556431079534551e+00,-0.000000000000000000e+00,-0.000000000000000000e+00,5.851861911532278970e-01,3.268364470386668219e-01,2.174384909548768285e-01,-0.000000000000000000e+00,-0.000000000000000000e+00,0.000000000000000000e+00,-0.000000000000000000e+00,5.039252681488038885e-03,3.456626855659285930e-02,-0.000000000000000000e+00,0.000000000000000000e+00,-0.000000000000000000e+00,-0.000000000000000000e+00,-0.000000000000000000e+00,-4.833284571054539958e-02,-0.000000000000000000e+00,0.000000000000000000e+00,-1.708993684728700169e-01,-0.000000000000000000e+00,-0.000000000000000000e+00,2.657406783053161692e-01,7.304200276568710570e-02
0.000000000000000000e+00,-4.214733097341638243e-03,-0.000000000000000000e+00,0.000000000000000000e+00,-0.000000000000000000e+00,-0.000000000000000000e+00,-0.000000000000000000e+00,0.000000000000000000e+00,0.000000000000000000e+00,-7.959419784418549915e-01,-0.000000000000000000e+00,0.000000000000000000e+00,-7.693382724600969502e-02,-0.000000000000000000e+00,-0.000000000000000000e+00,2.236036588469082265e+00,-7.362442338676283837e-02,0.000000000000000000e+00,0.000000000000000000e+00,0.000000000000000000e+00,-0.000000000000000000e+00,-2.043342724172855229e-01,-3.038383948783180549e-02,-0.000000000000000000e+00,-0.000000000000000000e+00,0.000000000000000000e+00,-4.150022516602100420e-02,0.000000000000000000e+00,-0.000000000000000000e+00,-2.438750928130840878e-02,-3.658738442408488445e-01,-0.000000000000000000e+00,-2.508233351571774461e-02,-0.000000000000000000e+00,-3.733335800280775385e-01,-0.000000000000000000e+00,-2.061457231600647422e-01,0.000000000000000000e+00,0.000000000000000000e+00
0.000000000000000000e+00,-0.000000000000000000e+00,-0.000000000000000000e+00,0.000000000000000000e+00,0.000000000000000000e+00,-5.938776519477047267e-02,-0.000000000000000000e+00,0.000000000000000000e+00,0.000000000000000000e+00,-0.000000000000000000e+00,-2.059717143019664312e-02,-0.000000000000000000e+00,-0.000000000000000000e+00,-0.000000000000000000e+00,-0.000000000000000000e+00,-7.362442338676283837e-02,1.396154654153544783e+00,0.000000000000000000e+00,0.000000000000000000e+00,0.000000000000000000e+00,0.000000000000000000e+00,-0.000000000000000000e+00,-1.393758379730983266e-01,-0.000000000000000000e+00,0.000000000000000000e+00,0.000000000000000000e+00,-2.670851471965915991e-01,1.080898235340207736e-01,0.000000000000000000e+00,-0.000000000000000000e+00,-1.637314759826987431e-01,-2.497418444799377468e-01,-0.000000000000000000e+00,-0.000000000000000000e+00,-0.000000000000000000e+00,-0.000000000000000000e+00,-0.000000000000000000e+00,9.687107500707243385e-03,-0.000000000000000000e+00
-0.000000000000000000e+00,0.000000000000000000e+00,0.000000000000000000e+00,-3.119232221235148164e-02,-0.000000000000000000e+00,2.489474695471975141e-01,-0.000000000000000000e+00,-0.000000000000000000e+00,-6.342110953125663919e-02,0.000000000000000000e+00,0.000000000000000000e+00,-1.404954765112172987e-01,0.000000000000000000e+00,0.000000000000000000e+00,5.851861911532278970e-01,0.000000000000000000e+00,0.000000000000000000e+00,2.413587832300949643e+00,-5.358676487204563355e-01,-2.202568892501462292e-03,0.000000000000000000e+00,0.000000000000000000e+00,-0.000000000000000000e+00,0.000000000000000000e+00,-0.000000000000000000e+00,-1.541722597655957316e-01,0.000000000000000000e+00,-0.000000000000000000e+00,0.000000000000000000e+00,0.000000000000000000e+00,0.000000000000000000e+00,0.000000000000000000e+00,0.000000000000000000e+00,-0.000000000000000000e+00,2.299947641540042997e-01,0.000000000000000000e+00,7.898256082059978977e-02,-3.502523750994330776e-01,-0.000000000000000000e+00
-0.000000000000000000e+00,-0.000000000000000000e+00,-0.000000000000000000e+00,-1.983351884397195064e-01,-4.951968552599205278e-03,6.562098118446620110e-02,-4.200728576877423709e-02,0.000000000000000000e+00,-2.090622552380064503e-01,0.000000000000000000e+00,2.362796340803019202e-01,-1.293693363436059507e-01,0.000000000000000000e+00,0.000000000000000000e+00,3.268364470386668219e-01,0.000000000000000000e+00,0.000000000000000000e+00,-5.358676487204563355e-01,2.136575846715242477e+00,-0.000000000000000000e+00,0.000000000000000000e+00,0.000000000000000000e+00,-0.000000000000000000e+00,0.000000000000000000e+00,-0.000000000000000000e+00,-0.000000000000000000e+00,0.000000000000000000e+00,-0.000000000000000000e+00,0.000000000000000000e+00,0.000000000000000000e+00,0.000000000000000000e+00,0.000000000000000000e+00,0.000000000000000000e+00,-0.000000000000000000e+00,0.000000000000000000e+00,0.000000000000000000e+00,0.000000000000000000e+00,-1.232786798827468361e-01,-2.717533244647717394e-01
-0.000000000000000000e+00,-0.000000000000000000e+00,-0.000000000000000000e+00,-0.000000000000000000e+00,-0.000000000000000000e+00,0.000000000000000000e+00,-0.000000000000000000e+00,0.000000000000000000e+00,-1.525964856300534578e-01,0.000000000000000000e+00,0.000000000000000000e+00,-0.000000000000000000e+00,3.830458913220863293e-02,0.000000000000000000e+00,2.174384909548768285e-01,0.000000000000000000e+00,0.000000000000000000e+00,-2.202568892501462292e-03,-0.000000000000000000e+00,1.276485272412033023e+00,0.000000000000000000e+00,0.000000000000000000e+00,0.000000000000000000e+00,0.000000000000000000e+00,-0.000000000000000000e+00,-8.413822604249124315e-03,0.000000000000000000e+00,-1.196271771281920970e-01,-0.000000000000000000e+00,0.000000000000000000e+00,0.000000000000000000e+00,0.000000000000000000e+00,0.000000000000000000e+00,-1.033335570124357776e-02,0.000000000000000000e+00,0.000000000000000000e+00,0.000000000000000000e+00,-2.280003292185580899e-01,-0.000000000000000000e+00
-0.000000000000000000e+00,0.000000000000000000e+00,-0.000000000000000000e+00,1.606708455108059874e-01,0.000000000000000000e+00,-0.000000000000000000e+00,0.000000000000000000e+00,0.000000000000000000e+00,0.000000000000000000e+00,-0.000000000000000000e+00,-0.000000000000000000e+00,1.525837291522928740e-02,-0.000000000000000000e+00,0.000000000000000000e+00,-0.000000000000000000e+00,-0.000000000000000000e+00,0.000000000000000000e+00,0.000000000000000000e+00,0.000000000000000000e+00,0.000000000000000000e+00,1.160866445779321854e+00,-5.179709573442598664e-02,0.000000000000000000e+00,0.000000000000000000e+00,0.000000000000000000e+00,-0.000000000000000000e+00,0.000000000000000000e+00,-3.155594277111639645e-01,-5.817419278731329746e-02,-0.000000000000000000e+00,-0.000000000000000000e+00,-0.000000000000000000e+00,-9.797803333900609313e-02,0.000000000000000000e+00,-0.000000000000000000e+00,0.000000000000000000e+00,-0.000000000000000000e+00,0.000000000000000000e+00,1.483964195448859436e-01
1.823580668260793916e-02,-0.000000000000000000e+00,-4.891808942305781241e-03,0.000000000000000000e+00,0.000000000000000000e+00,-1.439428870832843155e-01,-0.000000000000000000e+00,1.351062479149766141e-02,4.950256583877555433e-02,-9.889896914077871137e-02,-0.000000000000000000e+00,0.000000000000000000e+00,-1.263591915004672050e-01,-0.000000000000000000e+00,-0.000000000000000000e+00,-2.043342724172855229e-01,-0.000000000000000000e+00,0.000000000000000000e+00,0.000000000000000000e+00,0.000000000000000000e+00,-5.179709573442598664e-02,1.835586181696760910e+00,-0.000000000000000000e+00,-0.000000000000000000e+00,0.000000000000000000e+00,4.701183509081360845e-02,-0.000000000000000000e+00,0.000000000000000000e+00,0.000000000000000000e+00,-0.000000000000000000e+00,-2.475129240222856686e-01,-3.140306377439219809e-02,-4.856340542898596735e-01,0.000000000000000000e+00,-1.451426925832633233e-02,-0.000000000000000000e+00,-2.073162308603970494e-01,0.000000000000000000e+00,0.000000000000000000e+00
-0.000000000000000000e+00,-1.249533593145486093e-01,-0.000000000000000000e+00,-0.000000000000000000e+00,-5.153143205845237343e-03,0.000000000000000000e+00,-1.036204640986247844e-01,0.000000000000000000e+00,-0.000000000000000000e+00,-1.241483443777475770e-01,0.000000000000000000e+00,-0.000000000000000000e+00,-0.000000000000000000e+00,-1.239268683360063850e-01,0.000000000000000000e+00,-3.038383948783180549e-02,-1.393758379730983266e-01,-0.000000000000000000e+00,-0.000000000000000000e+00,0.000000000000000000e+00,0.000000000000000000e+00,-0.000000000000000000e+00,1.355443266119800816e+00,-2.770430032766937195e-02,-3.794733973800750726e-01,-0.000000000000000000e+00,-1.830178928395488347e-01,0.000000000000000000e+00,0.000000000000000000e+00,-0.000000000000000000e+00,-4.870460359218384966e-02,-0.000000000000000000e+00,-0.000000000000000000e+00,-2.263443384295399721e-03,-0.000000000000000000e+00,-0.000000000000000000e+00,-0.000000000000000000e+00,-0.000000000000000000e+00,-1.160383081844015701e-01
-0.000000000000000000e+00,-0.000000000000000000e+00,-0.000000000000000000e+00,0.000000000000000000e+00,-0.000000000000000000e+00,-0.000000000000000000e+00,-0.000000000000000000e+00,0.000000000000000000e+00,0.000000000000000000e+00,-0.000000000000000000e+00,-0.000000000000000000e+00,-0.000000000000000000e+00,-0.000000000000000000e+00,-4.376733589617831099e-01,-0.000000000000000000e+00,-0.000000000000000000e+00,-0.000000000000000000e+00,0.000000000000000000e+00,0.000000000000000000e+00,0.000000000000000000e+00,0.000000000000000000e+00,-0.000000000000000000e+00,-2.770430032766937195e-02,1.210634524935582323e+00,-1.637141909061040901e-01,0.000000000000000000e+00,-0.000000000000000000e+00,0.000000000000000000e+00,-5.597687510367807540e-03,-0.000000000000000000e+00,-0.000000000000000000e+00,-1.735341298109575187e-02,-0.000000000000000000e+00,-0.000000000000000000e+00,-0.000000000000000000e+00,0.000000000000000000e+00,-0.000000000000000000e+00,0.000000000000000000e+00,-0.000000000000000000e+00
-1.878818149214115385e-01,-6.099381417090289463e-03,-0.000000000000000000e+00,-0.000000000000000000e+00,-1.634203913428208810e-01,0.000000000000000000e+00,-0.000000000000000000e+00,0.000000000000000000e+00,-9.290111059316506770e-02,-0.000000000000000000e+00,0.000000000000000000e+00,-0.000000000000000000e+00,0.000000000000000000e+00,-2.537177318916147839e-02,5.039252681488038885e-03,-0.000000000000000000e+00,0.000000000000000000e+00,-0.000000000000000000e+00,-0.000000000000000000e+00,-0.000000000000000000e+00,0.000000000000000000e+00,0.000000000000000000e+00,-3.794733973800750726e-01,-1.637141909061040901e-01,1.351805845804800343e+00,-0.000000000000000000e+00,-0.000000000000000000e+00,-0.000000000000000000e+00,-0.000000000000000000e+00,-8.794793488404509946e-03,-0.000000000000000000e+00,0.000000000000000000e+00,0.000000000000000000e+00,-5.746813052361372798e-02,0.000000000000000000e+00,0.000000000000000000e+00,0.000000000000000000e+00,-2.807766044440766773e-02,-1.560841287851925940e-01
-5.831965598427633068e-01,-0.000000000000000000e+00,-0.000000000000000000e+00,-0.000000000000000000e+00,-0.000000000000000000e+00,6.736328450510960242e-02,-0.000000000000000000e+00,-0.000000000000000000e+00,-3.265610619182034990e-01,0.000000000000000000e+00,0.000000000000000000e+00,-0.000000000000000000e+00,0.000000000000000000e+00,0.000000000000000000e+00,3.456626855659285930e-02,0.000000000000000000e+00,0.000000000000000000e+00,-1.541722597655957316e-01,-0.000000000000000000e+00,-8.413822604249124315e-03,-0.000000000000000000e+00,4.701183509081360845e-02,-0.000000000000000000e+00,0.000000000000000000e+00,-0.000000000000000000e+00,1.968823132454653235e+00,0.000000000000000000e+00,-3.304686603607853157e-01,-8.259409206554718663e-02,-0.000000000000000000e+00,0.000000000000000000e+00,0.000000000000000000e+00,0.000000000000000000e+00,-0.000000000000000000e+00,0.000000000000000000e+00,0.000000000000000000e+00,2.708865201085284419e-02,-2.209519400695194313e-01,-0.000000000000000000e+00
0.000000000000000000e+00,-2.186187892584671444e-01,-0.000000000000000000e+00,0.000000000000000000e+00,-0.000000000000000000e+00,-0.000000000000000000e+00,-0.000000000000000000e+00,0.000000000000000000e+00,0.000000000000000000e+00,-0.000000000000000000e+00,-0.000000000000000000e+00,-0.000000000000000000e+00,-4.608728658733530770e-01,-5.553458874050885147e-02,-0.000000000000000000e+00,-4.150022516602100420e-02,-2.670851471965915991e-01,0.000000000000000000e+00,0.000000000000000000e+00,0.000000000000000000e+00,0.000000000000000000e+00,-0.000000000000000000e+00,-1.830178928395488347e-01,-0.000000000000000000e+00,-0.000000000000000000e+00,0.000000000000000000e+00,1.973019134981426559e+00,0.000000000000000000e+00,0.000000000000000000e+00,-0.000000000000000000e+00,-4.622636952215089523e-01,-2.627946907567885182e-01,-0.000000000000000000e+00,-0.000000000000000000e+00,-2.366711241213416070e-02,-1.691192864388045280e-01,-0.000000000000000000e+00,0.000000000000000000e+00,-0.000000000000000000e+00
-3.063992034296060263e-01,0.000000000000000000e+00,-0.000000000000000000e+00,0.000000000000000000e+00,-0.000000000000000000e+00,0.000000000000000000e+00,0.000000000000000000e+00,0.000000000000000000e+00,-0.000000000000000000e+00,0.000000000000000000e+00,-0.000000000000000000e+00,-0.000000000000000000e+00,0.000000000000000000e+00,0.000000000000000000e+00,0.000000000000000000e+00,0.000000000000000000e+00,1.080898235340207736e-01,-0.000000000000000000e+00,-0.000000000000000000e+00,-1.196271771281920970e-01,-3.155594277111639645e-01,0.000000000000000000e+00,0.000000000000000000e+00,0.000000000000000000e+00,-0.000000000000000000e+00,-3.304686603607853157e-01,0.000000000000000000e+00,1.569775460449922333e+00,-3.585523839954029568e-01,0.000000000000000000e+00,0.000000000000000000e+00,0.000000000000000000e+00,-0.000000000000000000e+00,-0.000000000000000000e+00,0.000000000000000000e+00,0.000000000000000000e+00,0.000000000000000000e+00,-8.544993267985494245e-02,0.000000000000000000e+00
-5.000835175805205118e-02,-2.739877205772541305e-02,-0.000000000000000000e+00,1.008063241939461709e-02,-0.000000000000000000e+00,-0.000000000000000000e+00,0.000000000000000000e+00,0.000000000000000000e+00,-0.000000000000000000e+00,-0.000000000000000000e+00,-0.000000000000000000e+00,0.000000000000000000e+00,-0.000000000000000000e+00,-0.000000000000000000e+00,-0.000000000000000000e+00,-0.000000000000000000e+00,0.000000000000000000e+00,0.000000000000000000e+00,0.000000000000000000e+00,-0.000000000000000000e+00,-5.817419278731329746e-02,0.000000000000000000e+00,0.000000000000000000e+00,-5.597687510367807540e-03,-0.000000000000000000e+00,-8.259409206554718663e-02,0.000000000000000000e+00,-3.585523839954029568e-01,1.168191809155518124e+00,-0.000000000000000000e+00,0.000000000000000000e+00,-0.000000000000000000e+00,-0.000000000000000000e+00,-0.000000000000000000e+00,-0.000000000000000000e+00,0.000000000000000000e+00,-0.000000000000000000e+00,-0.000000000000000000e+00,0.000000000000000000e+00
-0.000000000000000000e+00,-3.400035834502493914e-01,-1.821217857916238676e-03,0.000000000000000000e+00,-0.000000000000000000e+00,-0.000000000000000000e+00,-0.000000000000000000e+00,7.960523797474799990e-02,-0.000000000000000000e+00,-2.053800077646427413e-01,0.000000000000000000e+00,0.000000000000000000e+00,-0.000000000000000000e+00,-0.000000000000000000e+00,-0.000000000000000000e+00,-2.438750928130840878e-02,-0.000000000000000000e+00,0.000000000000000000e+00,0.000000000000000000e+00,0.000000000000000000e+00,-0.000000000000000000e+00,-0.000000000000000000e+00,-0.000000000000000000e+00,-0.000000000000000000e+00,-8.794793488404509946e-03,-0.000000000000000000e+00,-0.000000000000000000e+00,0.000000000000000000e+00,-0.000000000000000000e+00,1.202245641740014914e+00,-0.000000000000000000e+00,-0.000000000000000000e+00,-0.000000000000000000e+00,-0.000000000000000000e+00,-0.000000000000000000e+00,-0.000000000000000000e+00,-0.000000000000000000e+00,0.000000000000000000e+00,-0.000000000000000000e+00
0.000000000000000000e+00,-0.000000000000000000e+00,-8.544744559843497900e-02,0.000000000000000000e+00,-0.000000000000000000e+00,-1.651845877333344217e-02,-0.000000000000000000e+00,1.625230181404329344e-01,0.000000000000000000e+00,-3.338441073176227625e-01,-0.000000000000000000e+00,0.000000000000000000e+00,-0.000000000000000000e+00,-9.666949446566446350e-03,-0.000000000000000000e+00,-3.658738442408488445e-01,-1.637314759826987431e-01,0.000000000000000000e+00,0.000000000000000000e+00,0.000000000000000000e+00,-0.000000000000000000e+00,-2.475129240222856686e-01,-4.870460359218384966e-02,-0.000000000000000000e+00,-0.000000000000000000e+00,0.000000000000000000e+00,-4.622636952215089523e-01,0.000000000000000000e+00,0.000000000000000000e+00,-0.000000000000000000e+00,2.048258688091416424e+00,-7.093148432132144465e-02,-0.000000000000000000e+00,-0.000000000000000000e+00,-1.317325846511284253e-02,-0.000000000000000000e+00,-1.748173657182683083e-01,0.000000000000000000e+00,0.000000000000000000e+00
2.542287586402829582e-05,-0.000000000000000000e+00,0.000000000000000000e+00,0.000000000000000000e+00,0.000000000000000000e+00,-2.221651149166822825e-01,-0.000000000000000000e+00,0.000000000000000000e+00,0.000000000000000000e+00,-0.000000000000000000e+00,-0.000000000000000000e+00,0.000000000000000000e+00,-2.925900198454106649e-01,-0.000000000000000000e+00,-4.833284571054539958e-02,-0.000000000000000000e+00,-2.497418444799377468e-01,0.000000000000000000e+00,0.000000000000000000e+00,0.000000000000000000e+00,-0.000000000000000000e+00,-3.140306377439219809e-02,-0.000000000000000000e+00,-1.735341298109575187e-02,0.000000000000000000e+00,0.000000000000000000e+00,-2.627946907567885182e-01,0.000000000000000000e+00,-0.000000000000000000e+00,-0.000000000000000000e+00,-7.093148432132144465e-02,2.277821743486147632e+00,-0.000000000000000000e+00,0.000000000000000000e+00,-4.929157513633778964e-01,-0.000000000000000000e+00,-3.860738692810400940e-01,2.053224262151103208e-01,0.000000000000000000e+00
0.000000000000000000e+00,-0.000000000000000000e+00,-1.676865862485914238e-01,2.138184871378244478e-01,-0.000000000000000000e+00,-9.383806146789069880e-02,-0.000000000000000000e+00,9.524125327083866888e-02,0.000000000000000000e+00,-0.000000000000000000e+00,-3.447530192875801203e-01,0.000000000000000000e+00,-2.117984047172219997e-01,-1.006181151262534601e-01,-0.000000000000000000e+00,-2.508233351571774461e-02,-0.000000000000000000e+00,0.000000000000000000e+00,0.000000000000000000e+00,0.000000000000000000e+00,-9.797803333900609313e-02,-4.856340542898596735e-01,-0.000000000000000000e+00,-0.000000000000000000e+00,0.000000000000000000e+00,0.000000000000000000e+00,-0.000000000000000000e+00,-0.000000000000000000e+00,-0.000000000000000000e+00,-0.000000000000000000e+00,-0.000000000000000000e+00,-0.000000000000000000e+00,1.810236348349255397e+00,-0.000000000000000000e+00,-0.000000000000000000e+00,-0.000000000000000000e+00,-1.065236573175703250e-01,0.000000000000000000e+00,0.000000000000000000e+00
-6.036680375323831560e-02,-0.000000000000000000e+00,-8.135908808046107832e-02,-0.000000000000000000e+00,-5.891825606670841875e-01,0.000000000000000000e+00,-0.000000000000000000e+00,0.000000000000000000e+00,-1.276449655224331549e-02,-0.000000000000000000e+00,0.000000000000000000e+00,-2.458330204653587023e-02,-0.000000000000000000e+00,-9.499653638123335686e-02,0.000000000000000000e+00,-0.000000000000000000e+00,-0.000000000000000000e+00,-0.000000000000000000e+00,-0.000000000000000000e+00,-1.033335570124357776e-02,0.000000000000000000e+00,0.000000000000000000e+00,-2.263443384295399721e-03,-0.000000000000000000e+00,-5.746813052361372798e-02,-0.000000000000000000e+00,-0.000000000000000000e+00,-0.000000000000000000e+00,-0.000000000000000000e+00,-0.000000000000000000e+00,-0.000000000000000000e+00,0.000000000000000000e+00,-0.000000000000000000e+00,1.426184130056741717e+00,0.000000000000000000e+00,0.000000000000000000e+00,0.000000000000000000e+00,-0.000000000000000000e+00,-2.086413761387364008e-01
0.000000000000000000e+00,-0.000000000000000000e+00,-0.000000000000000000e+00,1.730443434260608704e-01,0.000000000000000000e+00,-1.972877136748833748e-01,-0.000000000000000000e+00,0.000000000000000000e+00,0.000000000000000000e+00,-7.748204309786228816e-02,-0.000000000000000000e+00,0.000000000000000000e+00,-3.718624514285782112e-01,-7.344289830732954327e-02,-1.708993684728700169e-01,-3.733335800280775385e-01,-0.000000000000000000e+00,2.299947641540042997e-01,0.000000000000000000e+00,0.000000000000000000e+00,-0.000000000000000000e+00,-1.451426925832633233e-02,-0.000000000000000000e+00,-0.000000000000000000e+00,0.000000000000000000e+00,0.000000000000000000e+00,-2.366711241213416070e-02,0.000000000000000000e+00,-0.000000000000000000e+00,-0.000000000000000000e+00,-1.317325846511284253e-02,-4.929157513633778964e-01,-0.000000000000000000e+00,0.000000000000000000e+00,2.580078173566613398e+00,-0.000000000000000000e+00,-4.379645722202717417e-01,1.404644990169270080e-01,0.000000000000000000e+00
0.000000000000000000e+00,-2.008022097925299676e-01,-0.000000000000000000e+00,0.000000000000000000e+00,-0.000000000000000000e+00,-0.000000000000000000e+00,-0.000000000000000000e+00,0.000000000000000000e+00,0.000000000000000000e+00,-0.000000000000000000e+00,-0.000000000000000000e+00,0.000000000000000000e+00,-0.000000000000000000e+00,-0.000000000000000000e+00,-0.000000000000000000e+00,-0.000000000000000000e+00,-0.000000000000000000e+00,0.000000000000000000e+00,0.000000000000000000e+00,0.000000000000000000e+00,0.000000000000000000e+00,-0.000000000000000000e+00,-0.000000000000000000e+00,0.000000000000000000e+00,0.000000000000000000e+00,0.000000000000000000e+00,-1.691192864388045280e-01,0.000000000000000000e+00,0.000000000000000000e+00,-0.000000000000000000e+00,-0.000000000000000000e+00,-0.000000000000000000e+00,-0.000000000000000000e+00,0.000000000000000000e+00,-0.000000000000000000e+00,1.123174928294065289e+00,-0.000000000000000000e+00,1.405569244405127094e-01,0.000000000000000000e+00
3.348627079307280735e-02,-0.000000000000000000e+00,-0.000000000000000000e+00,1.904927517071631701e-02,0.000000000000000000e+00,-4.451933331136432304e-01,-0.000000000000000000e+00,0.000000000000000000e+00,1.799123986104281814e-01,-0.000000000000000000e+00,-4.189316671398513048e-02,0.000000000000000000e+00,-3.875181773958809583e-01,-0.000000000000000000e+00,-0.000000000000000000e+00,-2.061457231600647422e-01,-0.000000000000000000e+00,7.898256082059978977e-02,0.000000000000000000e+00,0.000000000000000000e+00,-0.000000000000000000e+00,-2.073162308603970494e-01,-0.000000000000000000e+00,-0.000000000000000000e+00,0.000000000000000000e+00,2.708865201085284419e-02,-0.000000000000000000e+00,0.000000000000000000e+00,-0.000000000000000000e+00,-0.000000000000000000e+00,-1.748173657182683083e-01,-3.860738692810400940e-01,-1.065236573175703250e-01,0.000000000000000000e+00,-4.379645722202717417e-01,-0.000000000000000000e+00,2.686454346474024923e+00,1.332245192593746463e-01,0.000000000000000000e+00
-3.621355352262897176e-01,0.000000000000000000e+00,-0.000000000000000000e+00,-0.000000000000000000e+00,-1.408128001468974926e-03,1.938376440682497981e-01,-0.000000000000000000e+00,-0.000000000000000000e+00,-5.111731345170085206e-01,0.000000000000000000e+00,0.000000000000000000e+00,-8.814789418221814776e-02,0.000000000000000000e+00,0.000000000000000000e+00,2.657406783053161692e-01,0.000000000000000000e+00,9.687107500707243385e-03,-3.502523750994330776e-01,-1.232786798827468361e-01,-2.280003292185580899e-01,0.000000000000000000e+00,0.000000000000000000e+00,-0.000000000000000000e+00,0.000000000000000000e+00,-2.807766044440766773e-02,-2.209519400695194313e-01,0.000000000000000000e+00,-8.544993267985494245e-02,-0.000000000000000000e+00,0.000000000000000000e+00,0.000000000000000000e+00,2.053224262151103208e-01,0.000000000000000000e+00,-0.000000000000000000e+00,1.404644990169270080e-01,1.405569244405127094e-01,1.332245192593746463e-01,2.677228371689656772e+00,-7.354095547825973767e-04
-0.000000000000000000e+00,-0.000000000000000000e+00,-0.000000000000000000e+00,-2.189606962537234691e-01,-0.000000000000000000e+00,0.000000000000000000e+00,-2.014925546957468949e-01,0.000000000000000000e+00,-2.969557170095132870e-01,0.000000000000000000e+00,5.550957455611178065e-02,-7.352673906326051556e-01,0.000000000000000000e+00,-0.000000000000000000e+00,7.304200276568710570e-02,0.000000000000000000e+00,-0.000000000000000000e+00,-0.000000000000000000e+00,-2.717533244647717394e-01,-0.000000000000000000e+00,1.483964195448859436e-01,0.000000000000000000e+00,-1.160383081844015701e-01,-0.000000000000000000e+00,-1.560841287851925940e-01,-0.000000000000000000e+00,-0.000000000000000000e+00,0.000000000000000000e+00,0.000000000000000000e+00,-0.000000000000000000e+00,0.000000000000000000e+00,0.000000000000000000e+00,0.000000000000000000e+00,-2.086413761387364008e-01,0.000000000000000000e+00,0.000000000000000000e+00,0.000000000000000000e+00,-7.354095547825973767e-04,2.052887195529087272e+00
