2.003271262985331091e+00,-0.000000000000000000e+00,-0.000000000000000000e+00,-0.000000000000000000e+00,0.000000000000000000e+00,0.000000000000000000e+00,-0.000000000000000000e+00,0.000000000000000000e+00,-0.000000000000000000e+00,-0.000000000000000000e+00,1.008749782715233217e-01,0.000000000000000000e+00,-0.000000000000000000e+00,-0.000000000000000000e+00,-0.000000000000000000e+00,-4.667138952263840679e-01,-0.000000000000000000e+00,-0.000000000000000000e+00,-0.000000000000000000e+00,-1.067655686299048140e-01,-0.000000000000000000e+00,-0.000000000000000000e+00,-0.000000000000000000e+00,-0.000000000000000000e+00,-0.000000000000000000e+00,-2.151508738173153190e-01,0.000000000000000000e+00,-1.766354666787477712e-01,-8.903357555493414399e-02,-1.422303748690285086e-01,0.000000000000000000e+00,0.000000000000000000e+00,-0.000000000000000000e+00,-0.000000000000000000e+00,-0.000000000000000000e+00,-2.710378141037296795e-01,0.000000000000000000e+00,-7.161192685546566850e-01,0.000000000000000000e+00
-0.000000000000000000e+00,1.826062146263245367e+00,-1.831458177891554240e-01,-0.000000000000000000e+00,-0.000000000000000000e+00,1.073860701127223732e-01,-0.000000000000000000e+00,0.000000000000000000e+00,-0.000000000000000000e+00,-3.130163204750804895e-01,0.000000000000000000e+00,-0.000000000000000000e+00,0.000000000000000000e+00,-2.190518915000955469e-01,1.000515468467532421e-01,-2.629593828774648978e-01,0.000000000000000000e+00,0.000000000000000000e+00,-0.000000000000000000e+00,-0.000000000000000000e+00,0.000000000000000000e+00,0.000000000000000000e+00,-0.000000000000000000e+00,-0.000000000000000000e+00,-0.000000000000000000e+00,0.000000000000000000e+00,-0.000000000000000000e+00,0.000000000000000000e+00,1.069952917529111841e-01,-0.000000000000000000e+00,-2.386047615860582560e-01,-2.393141847055443583e-01,-0.000000000000000000e+00,-0.000000000000000000e+00,0.000000000000000000e+00,-2.837511969485632113e-01,-0.000000000000000000e+00,0.000000000000000000e+00,-6.151273691810179439e-02
-0.000000000000000000e+00,-1.831458177891554240e-01,2.820261677223765417e+00,-0.000000000000000000e+00,-1.025235573447630527e-01,0.000000000000000000e+00,-0.000000000000000000e+00,1.633040360804349334e+00,-6.838703534578219334e-02,-2.542718713775870554e-01,0.000000000000000000e+00,-0.000000000000000000e+00,0.000000000000000000e+00,-1.815346523055579586e-01,1.152606393060209428e-01,-7.546323698842645478e-02,0.000000000000000000e+00,-0.000000000000000000e+00,-1.098010257811378315e-01,0.000000000000000000e+00,-0.000000000000000000e+00,0.000000000000000000e+00,-0.000000000000000000e+00,-1.248951593264308046e-01,-0.000000000000000000e+00,-0.000000000000000000e+00,-0.000000000000000000e+00,-2.260561618927880295e-02,0.000000000000000000e+00,-0.000000000000000000e+00,-2.230893077301413646e-02,-0.000000000000000000e+00,-0.000000000000000000e+00,-0.000000000000000000e+00,0.000000000000000000e+00,-0.000000000000000000e+00,-0.000000000000000000e+00,0.000000000000000000e+00,-0.000000000000000000e+00
-0.000000000000000000e+00,-0.000000000000000000e+00,-0.000000000000000000e+00,1.720709091094317245e+00,-3.066094636675345889e-02,0.000000000000000000e+00,-0.000000000000000000e+00,0.000000000000000000e+00,-8.292087759752401685e-03,-1.013565588544166063e-01,2.771922020187194899e-02,-0.000000000000000000e+00,0.000000000000000000e+00,-0.000000000000000000e+00,2.784489402331408181e-01,-0.000000000000000000e+00,-0.000000000000000000e+00,-5.163646939004029601e-01,-7.397105498820337466e-02,-1.138877407287660626e-01,-0.000000000000000000e+00,0.000000000000000000e+00,-0.000000000000000000e+00,-0.000000000000000000e+00,-0.000000000000000000e+00,-1.339108628732445239e-01,0.000000000000000000e+00,-0.000000000000000000e+00,-0.000000000000000000e+00,-4.525388405578574247e-01,0.000000000000000000e+00,0.000000000000000000e+00,-0.000000000000000000e+00,-0.000000000000000000e+00,0.000000000000000000e+00,-0.000000000000000000e+00,0.000000000000000000e+00,-0.000000000000000000e+00,-0.000000000000000000e+00
0.000000000000000000e+00,-0.000000000000000000e+00,-1.025235573447630527e-01,-3.066094636675345889e-02,1.762291249434314144e+00,0.000000000000000000e+00,-4.544035470744653415e-02,2.138126463636380870e-01,-0.000000000000000000e+00,-8.313749766344968872e-03,-0.000000000000000000e+00,0.000000000000000000e+00,6.484096362738581143e-02,-0.000000000000000000e+00,0.000000000000000000e+00,-0.000000000000000000e+00,0.000000000000000000e+00,-0.000000000000000000e+00,-6.931880727974180090e-01,0.000000000000000000e+00,0.000000000000000000e+00,0.000000000000000000e+00,-0.000000000000000000e+00,-0.000000000000000000e+00,-0.000000000000000000e+00,-0.000000000000000000e+00,-0.000000000000000000e+00,-0.000000000000000000e+00,0.000000000000000000e+00,-0.000000000000000000e+00,-0.000000000000000000e+00,-0.000000000000000000e+00,-0.000000000000000000e+00,-2.878844153517464144e-01,0.000000000000000000e+00,-0.000000000000000000e+00,-0.000000000000000000e+00,0.000000000000000000e+00,-0.000000000000000000e+00
0.000000000000000000e+00,1.073860701127223732e-01,0.000000000000000000e+00,0.000000000000000000e+00,0.000000000000000000e+00,2.053522659512786230e+00,0.000000000000000000e+00,-0.000000000000000000e+00,3.094115148657075598e-01,0.000000000000000000e+00,-7.802688651062806846e-01,0.000000000000000000e+00,0.000000000000000000e+00,-0.000000000000000000e+00,-0.000000000000000000e+00,0.000000000000000000e+00,-0.000000000000000000e+00,0.000000000000000000e+00,0.000000000000000000e+00,0.000000000000000000e+00,-0.000000000000000000e+00,-0.000000000000000000e+00,-2.483418491266446149e-01,-0.000000000000000000e+00,-0.000000000000000000e+00,-0.000000000000000000e+00,-0.000000000000000000e+00,0.000000000000000000e+00,-2.800253092668114618e-01,0.000000000000000000e+00,0.000000000000000000e+00,-0.000000000000000000e+00,-0.000000000000000000e+00,0.000000000000000000e+00,-6.023345087862949088e-01,0.000000000000000000e+00,-0.000000000000000000e+00,0.000000000000000000e+00,3.208658919643810059e-02
-0.000000000000000000e+00,-0.000000000000000000e+00,-0.000000000000000000e+00,-0.000000000000000000e+00,-4.544035470744653415e-02,0.000000000000000000e+00,1.286598730286463210e+00,0.000000000000000000e+00,-0.000000000000000000e+00,-0.000000000000000000e+00,0.000000000000000000e+00,-0.000000000000000000e+00,0.000000000000000000e+00,-0.000000000000000000e+00,0.000000000000000000e+00,-0.000000000000000000e+00,9.039028712842642199e-02,-2.109457387295786690e-01,-2.261895251613448843e-01,-0.000000000000000000e+00,-0.000000000000000000e+00,-3.417431800602789282e-01,0.000000000000000000e+00,0.000000000000000000e+00,-0.000000000000000000e+00,0.000000000000000000e+00,-0.000000000000000000e+00,2.728121593517485524e-02,0.000000000000000000e+00,-0.000000000000000000e+00,-0.000000000000000000e+00,-0.000000000000000000e+00,-7.743640639642516976e-02,-0.000000000000000000e+00,0.000000000000000000e+00,-0.000000000000000000e+00,0.000000000000000000e+00,0.000000000000000000e+00,-0.000000000000000000e+00
0.000000000000000000e+00,0.000000000000000000e+00,1.633040360804349334e+00,0.000000000000000000e+00,2.138126463636380870e-01,-0.000000000000000000e+00,0.000000000000000000e+00,2.894829280905119262e+00,2.149490701092804656e-01,3.804229292199307749e-02,-0.000000000000000000e+00,0.000000000000000000e+00,-0.000000000000000000e+00,0.000000000000000000e+00,-0.000000000000000000e+00,6.287439783007368888e-02,-0.000000000000000000e+00,0.000000000000000000e+00,3.087625412012162673e-01,-0.000000000000000000e+00,-0.000000000000000000e+00,-0.000000000000000000e+00,0.000000000000000000e+00,1.213356374880069921e-01,4.697448898485247215e-02,0.000000000000000000e+00,0.000000000000000000e+00,5.969329544084481243e-02,-0.000000000000000000e+00,0.000000000000000000e+00,0.000000000000000000e+00,0.000000000000000000e+00,0.000000000000000000e+00,2.202146634064813258e-01,-0.000000000000000000e+00,0.000000000000000000e+00,0.000000000000000000e+00,-0.000000000000000000e+00,0.000000000000000000e+00
-0.000000000000000000e+00,-0.000000000000000000e+00,-6.838703534578219334e-02,-8.292087759752401685e-03,-0.000000000000000000e+00,3.094115148657075598e-01,-0.000000000000000000e+00,2.149490701092804656e-01,2.492002374625109429e+00,-9.934164235374692495e-03,4.651304326036250630e-02,-9.592884633953377427e-02,0.000000000000000000e+00,-0.000000000000000000e+00,0.000000000000000000e+00,-5.095343800093141695e-01,0.000000000000000000e+00,-9.442210828221571373e-02,-4.800918379615095044e-01,-0.000000000000000000e+00,0.000000000000000000e+00,0.000000000000000000e+00,-0.000000000000000000e+00,-0.000000000000000000e+00,-9.493112280545590309e-02,-1.104119410393437570e-02,0.000000000000000000e+00,-0.000000000000000000e+00,0.000000000000000000e+00,-2.588375741175682476e-01,-0.000000000000000000e+00,0.000000000000000000e+00,0.000000000000000000e+00,-6.460617881519221672e-01,0.000000000000000000e+00,-0.000000000000000000e+00,0.000000000000000000e+00,-5.829283044169196459e-02,-2.187525723076352568e-01
-0.000000000000000000e+00,-3.130163204750804895e-01,-2.542718713775870554e-01,-1.013565588544166063e-01,-8.313749766344968872e-03,0.000000000000000000e+00,-0.000000000000000000e+00,3.804229292199307749e-02,-9.934164235374692495e-03,2.199953655582852718e+00,-0.000000000000000000e+00,-0.000000000000000000e+00,1.272085690269309788e-01,-1.486297842955413007e-01,2.004814168765814142e-01,-5.454720589640191797e-01,0.000000000000000000e+00,-0.000000000000000000e+00,-3.418699753177080469e-02,-0.000000000000000000e+00,-0.000000000000000000e+00,0.000000000000000000e+00,-0.000000000000000000e+00,-0.000000000000000000e+00,-7.963073367481006415e-02,-0.000000000000000000e+00,-0.000000000000000000e+00,-0.000000000000000000e+00,0.000000000000000000e+00,-3.438912575560723606e-01,-1.165716408272098326e-01,-0.000000000000000000e+00,-0.000000000000000000e+00,-0.000000000000000000e+00,0.000000000000000000e+00,-1.870183767356300639e-02,-1.006944470733154573e-01,0.000000000000000000e+00,-9.423376209737139783e-03
1.008749782715233217e-01,0.000000000000000000e+00,0.000000000000000000e+00,2.771922020187194899e-02,-0.000000000000000000e+00,-7.802688651062806846e-01,0.000000000000000000e+00,-0.000000000000000000e+00,4.651304326036250630e-02,-0.000000000000000000e+00,1.932153740048792923e+00,-0.000000000000000000e+00,0.000000000000000000e+00,-0.000000000000000000e+00,0.000000000000000000e+00,0.000000000000000000e+00,-0.000000000000000000e+00,0.000000000000000000e+00,0.000000000000000000e+00,0.000000000000000000e+00,-0.000000000000000000e+00,-0.000000000000000000e+00,-4.176457596647505793e-02,-0.000000000000000000e+00,-0.000000000000000000e+00,0.000000000000000000e+00,-1.049559378917084840e-01,0.000000000000000000e+00,-0.000000000000000000e+00,0.000000000000000000e+00,-0.000000000000000000e+00,-3.320769267293571803e-01,-2.423872797074793917e-01,0.000000000000000000e+00,-9.515854999957001903e-02,0.000000000000000000e+00,-3.231076542788322015e-01,8.382210835529400883e-02,0.000000000000000000e+00
0.000000000000000000e+00,-0.000000000000000000e+00,-0.000000000000000000e+00,-0.000000000000000000e+00,0.000000000000000000e+00,0.000000000000000000e+00,-0.000000000000000000e+00,0.000000000000000000e+00,-9.592884633953377427e-02,-0.000000000000000000e+00,-0.000000000000000000e+00,1.607595950873135893e+00,-0.000000000000000000e+00,-0.000000000000000000e+00,0.000000000000000000e+00,-0.000000000000000000e+00,1.784274270828666575e-01,-0.000000000000000000e+00,-0.000000000000000000e+00,-0.000000000000000000e+00,-0.000000000000000000e+00,-3.034243720005341469e-02,-0.000000000000000000e+00,-0.000000000000000000e+00,-0.000000000000000000e+00,-0.000000000000000000e+00,-1.158387132815600490e-01,0.000000000000000000e+00,0.000000000000000000e+00,-0.000000000000000000e+00,-1.141255523461071342e-01,-0.000000000000000000e+00,-0.000000000000000000e+00,-0.000000000000000000e+00,0.000000000000000000e+00,0.000000000000000000e+00,-0.000000000000000000e+00,-0.000000000000000000e+00,-7.318810449938483176e-01
-0.000000000000000000e+00,0.000000000000000000e+00,0.000000000000000000e+00,0.000000000000000000e+00,6.484096362738581143e-02,0.000000000000000000e+00,0.000000000000000000e+00,-0.000000000000000000e+00,0.000000000000000000e+00,1.272085690269309788e-01,0.000000000000000000e+00,-0.000000000000000000e+00,1.340296094217279466e+00,0.000000000000000000e+00,-0.000000000000000000e+00,0.000000000000000000e+00,-0.000000000000000000e+00,0.000000000000000000e+00,5.849105175227237163e-02,-0.000000000000000000e+00,0.000000000000000000e+00,0.000000000000000000e+00,0.000000000000000000e+00,0.000000000000000000e+00,0.000000000000000000e+00,0.000000000000000000e+00,1.363367126552562925e-01,-0.000000000000000000e+00,-0.000000000000000000e+00,-0.000000000000000000e+00,4.335607042371408260e-01,0.000000000000000000e+00,0.000000000000000000e+00,0.000000000000000000e+00,0.000000000000000000e+00,-0.000000000000000000e+00,7.901252064192484936e-02,-0.000000000000000000e+00,0.000000000000000000e+00
-0.000000000000000000e+00,-2.190518915000955469e-01,-1.815346523055579586e-01,-0.000000000000000000e+00,-0.000000000000000000e+00,-0.000000000000000000e+00,-0.000000000000000000e+00,0.000000000000000000e+00,-0.000000000000000000e+00,-1.486297842955413007e-01,-0.000000000000000000e+00,-0.000000000000000000e+00,0.000000000000000000e+00,1.987898215153297121e+00,0.000000000000000000e+00,-1.889981060263468959e-01,0.000000000000000000e+00,0.000000000000000000e+00,-0.000000000000000000e+00,-0.000000000000000000e+00,-0.000000000000000000e+00,0.000000000000000000e+00,-0.000000000000000000e+00,-3.538176684521581739e-01,-6.684128630692383333e-02,-0.000000000000000000e+00,-0.000000000000000000e+00,-0.000000000000000000e+00,-0.000000000000000000e+00,-0.000000000000000000e+00,-3.075400096307746856e-02,-1.097433360827878707e-01,-1.712605702072257652e-01,-0.000000000000000000e+00,-1.379056214328074764e-02,-0.000000000000000000e+00,-5.627782293991393514e-01,0.000000000000000000e+00,-0.000000000000000000e+00
-0.000000000000000000e+00,1.000515468467532421e-01,1.152606393060209428e-01,2.784489402331408181e-01,0.000000000000000000e+00,-0.000000000000000000e+00,0.000000000000000000e+00,-0.000000000000000000e+00,0.000000000000000000e+00,2.004814168765814142e-01,0.000000000000000000e+00,0.000000000000000000e+00,-0.000000000000000000e+00,0.000000000000000000e+00,1.214446731408387103e+00,0.000000000000000000e+00,0.000000000000000000e+00,-0.000000000000000000e+00,0.000000000000000000e+00,0.000000000000000000e+00,-0.000000000000000000e+00,-7.999451445869226393e-03,-0.000000000000000000e+00,0.000000000000000000e+00,-0.000000000000000000e+00,0.000000000000000000e+00,0.000000000000000000e+00,-0.000000000000000000e+00,-0.000000000000000000e+00,0.000000000000000000e+00,0.000000000000000000e+00,5.985968481358820009e-02,0.000000000000000000e+00,-7.096033951950213303e-02,-0.000000000000000000e+00,0.000000000000000000e+00,0.000000000000000000e+00,-0.000000000000000000e+00,0.000000000000000000e+00
-4.667138952263840679e-01,-2.629593828774648978e-01,-7.546323698842645478e-02,-0.000000000000000000e+00,-0.000000000000000000e+00,0.000000000000000000e+00,-0.000000000000000000e+00,6.287439783007368888e-02,-5.095343800093141695e-01,-5.454720589640191797e-01,0.000000000000000000e+00,-0.000000000000000000e+00,0.000000000000000000e+00,-1.889981060263468959e-01,0.000000000000000000e+00,2.645285924665190080e+00,0.000000000000000000e+00,-0.000000000000000000e+00,-0.000000000000000000e+00,-0.000000000000000000e+00,-0.000000000000000000e+00,0.000000000000000000e+00,-0.000000000000000000e+00,-1.401957598150178549e-02,-8.601624662787667186e-02,-7.406773408841818562e-02,0.000000000000000000e+00,-1.339987453324234246e-01,0.000000000000000000e+00,-3.622355565386332077e-01,-0.000000000000000000e+00,0.000000000000000000e+00,-0.000000000000000000e+00,-0.000000000000000000e+00,0.000000000000000000e+00,-3.542297279814278776e-01,-0.000000000000000000e+00,-0.000000000000000000e+00,-0.000000000000000000e+00
-0.000000000000000000e+00,0.000000000000000000e+00,0.000000000000000000e+00,-0.000000000000000000e+00,0.000000000000000000e+00,-0.000000000000000000e+00,9.039028712842642199e-02,-0.000000000000000000e+00,0.000000000000000000e+00,0.000000000000000000e+00,-0.000000000000000000e+00,1.784274270828666575e-01,-0.000000000000000000e+00,0.000000000000000000e+00,0.000000000000000000e+00,0.000000000000000000e+00,1.416869973005541183e+00,0.000000000000000000e+00,0.000000000000000000e+00,0.000000000000000000e+00,-0.000000000000000000e+00,7.658598824064263844e-02,-0.000000000000000000e+00,-0.000000000000000000e+00,0.000000000000000000e+00,-0.000000000000000000e+00,1.119086259013350043e-01,-1.467472918694437134e-01,-2.716771904932269721e-01,0.000000000000000000e+00,2.624991144263200682e-01,0.000000000000000000e+00,-0.000000000000000000e+00,0.000000000000000000e+00,-0.000000000000000000e+00,-0.000000000000000000e+00,0.000000000000000000e+00,-0.000000000000000000e+00,2.023097133567678396e-01
-0.000000000000000000e+00,0.000000000000000000e+00,-0.000000000000000000e+00,-5.163646939004029601e-01,-0.000000000000000000e+00,0.000000000000000000e+00,-2.109457387295786690e-01,0.000000000000000000e+00,-9.442210828221571373e-02,-0.000000000000000000e+00,0.000000000000000000e+00,-0.000000000000000000e+00,0.000000000000000000e+00,0.000000000000000000e+00,-0.000000000000000000e+00,-0.000000000000000000e+00,0.000000000000000000e+00,1.662038572889829702e+00,-3.350387159442302920e-01,-0.000000000000000000e+00,-0.000000000000000000e+00,-0.000000000000000000e+00,-0.000000000000000000e+00,0.000000000000000000e+00,-0.000000000000000000e+00,-0.000000000000000000e+00,0.000000000000000000e+00,-0.000000000000000000e+00,-0.000000000000000000e+00,-1.461798720061545653e-01,0.000000000000000000e+00,3.804495210996072241e-01,-0.000000000000000000e+00,-0.000000000000000000e+00,0.000000000000000000e+00,0.000000000000000000e+00,0.000000000000000000e+00,-1.113799703784383865e-01,-0.000000000000000000e+00
-0.000000000000000000e+00,-0.000000000000000000e+00,-1.098010257811378315e-01,-7.397105498820337466e-02,-6.931880727974180090e-01,0.000000000000000000e+00,-2.261895251613448843e-01,3.087625412012162673e-01,-4.800918379615095044e-01,-3.418699753177080469e-02,0.000000000000000000e+00,-0.000000000000000000e+00,5.849105175227237163e-02,-0.000000000000000000e+00,0.000000000000000000e+00,-0.000000000000000000e+00,0.000000000000000000e+00,-3.350387159442302920e-01,2.564104725118874661e+00,0.000000000000000000e+00,0.000000000000000000e+00,0.000000000000000000e+00,-0.000000000000000000e+00,-0.000000000000000000e+00,-0.000000000000000000e+00,-0.000000000000000000e+00,0.000000000000000000e+00,-0.000000000000000000e+00,0.000000000000000000e+00,-0.000000000000000000e+00,-0.000000000000000000e+00,0.000000000000000000e+00,-0.000000000000000000e+00,-5.205437176903615626e-01,0.000000000000000000e+00,0.000000000000000000e+00,-0.000000000000000000e+00,-0.000000000000000000e+00,-6.325365946198895084e-02
-1.067655686299048140e-01,-0.000000000000000000e+00,0.000000000000000000e+00,-1.138877407287660626e-01,0.000000000000000000e+00,0.000000000000000000e+00,-0.000000000000000000e+00,-0.000000000000000000e+00,-0.000000000000000000e+00,-0.000000000000000000e+00,0.000000000000000000e+00,-0.000000000000000000e+00,-0.000000000000000000e+00,-0.000000000000000000e+00,0.000000000000000000e+00,-0.000000000000000000e+00,0.000000000000000000e+00,-0.000000000000000000e+00,0.000000000000000000e+00,1.070766792447258808e+00,-7.071569080028997090e-02,-0.000000000000000000e+00,0.000000000000000000e+00,0.000000000000000000e+00,0.000000000000000000e+00,-0.000000000000000000e+00,-0.000000000000000000e+00,-0.000000000000000000e+00,-0.000000000000000000e+00,-3.926890090904475855e-02,0.000000000000000000e+00,0.000000000000000000e+00,-0.000000000000000000e+00,0.000000000000000000e+00,-0.000000000000000000e+00,-5.466260550184905143e-02,0.000000000000000000e+00,-4.415479243994872849e-02,-0.000000000000000000e+00
-0.000000000000000000e+00,0.000000000000000000e+00,-0.000000000000000000e+00,-0.000000000000000000e+00,0.000000000000000000e+00,-0.000000000000000000e+00,-0.000000000000000000e+00,-0.000000000000000000e+00,0.000000000000000000e+00,-0.000000000000000000e+00,-0.000000000000000000e+00,-0.000000000000000000e+00,0.000000000000000000e+00,-0.000000000000000000e+00,-0.000000000000000000e+00,-0.000000000000000000e+00,-0.000000000000000000e+00,-0.000000000000000000e+00,0.000000000000000000e+00,-7.071569080028997090e-02,1.661159671144560868e+00,-8.206105382631855016e-02,-0.000000000000000000e+00,-0.000000000000000000e+00,-0.000000000000000000e+00,-7.854478275986145897e-02,-0.000000000000000000e+00,-0.000000000000000000e+00,-2.917302917525535499e-01,-0.000000000000000000e+00,-0.000000000000000000e+00,0.000000000000000000e+00,-7.280626109599190876e-01,0.000000000000000000e+00,-2.022049359788755940e-01,-0.000000000000000000e+00,-0.000000000000000000e+00,-0.000000000000000000e+00,0.000000000000000000e+00
-0.000000000000000000e+00,0.000000000000000000e+00,0.000000000000000000e+00,0.000000000000000000e+00,0.000000000000000000e+00,-0.000000000000000000e+00,-3.417431800602789282e-01,-0.000000000000000000e+00,0.000000000000000000e+00,0.000000000000000000e+00,-0.000000000000000000e+00,-3.034243720005341469e-02,0.000000000000000000e+00,0.000000000000000000e+00,-7.999451445869226393e-03,0.000000000000000000e+00,7.658598824064263844e-02,-0.000000000000000000e+00,0.000000000000000000e+00,-0.000000000000000000e+00,-8.206105382631855016e-02,1.382526440449692640e+00,-0.000000000000000000e+00,-0.000000000000000000e+00,-0.000000000000000000e+00,-0.000000000000000000e+00,-7.296999977990503879e-03,6.309990579885654816e-02,-0.000000000000000000e+00,-0.000000000000000000e+00,-4.756654592356871630e-02,-0.000000000000000000e+00,-4.805097420432398736e-01,0.000000000000000000e+00,-0.000000000000000000e+00,0.000000000000000000e+00,-0.000000000000000000e+00,0.000000000000000000e+00,-0.000000000000000000e+00
-0.000000000000000000e+00,-0.000000000000000000e+00,-0.000000000000000000e+00,-0.000000000000000000e+00,-0.000000000000000000e+00,-2.483418491266446149e-01,0.000000000000000000e+00,0.000000000000000000e+00,-0.000000000000000000e+00,-0.000000000000000000e+00,-4.176457596647505793e-02,-0.000000000000000000e+00,0.000000000000000000e+00,-0.000000000000000000e+00,-0.000000000000000000e+00,-0.000000000000000000e+00,-0.000000000000000000e+00,-0.000000000000000000e+00,-0.000000000000000000e+00,0.000000000000000000e+00,-0.000000000000000000e+00,-0.000000000000000000e+00,2.124806749193349997e+00,-5.106646598193456121e-01,-6.465507789425821716e-01,-4.281360059004551410e-01,-0.000000000000000000e+00,-0.000000000000000000e+00,-7.152900670189614105e-03,-0.000000000000000000e+00,-0.000000000000000000e+00,-0.000000000000000000e+00,-0.000000000000000000e+00,-0.000000000000000000e+00,-2.639440408866574050e-01,-0.000000000000000000e+00,-2.291248779421326681e-02,-0.000000000000000000e+00,0.000000000000000000e+00
-0.000000000000000000e+00,-0.000000000000000000e+00,-1.248951593264308046e-01,-0.000000000000000000e+00,-0.000000000000000000e+00,-0.000000000000000000e+00,0.000000000000000000e+00,1.213356374880069921e-01,-0.000000000000000000e+00,-0.000000000000000000e+00,-0.000000000000000000e+00,-0.000000000000000000e+00,0.000000000000000000e+00,-3.538176684521581739e-01,0.000000000000000000e+00,-1.401957598150178549e-02,-0.000000000000000000e+00,0.000000000000000000e+00,-0.000000000000000000e+00,0.000000000000000000e+00,-0.000000000000000000e+00,-0.000000000000000000e+00,-5.106646598193456121e-01,1.994928388516616913e+00,-4.726886187676066498e-01,-0.000000000000000000e+00,-0.000000000000000000e+00,-4.297636951555235812e-02,-0.000000000000000000e+00,-0.000000000000000000e+00,-0.000000000000000000e+00,-0.000000000000000000e+00,-4.443749423561952488e-02,-0.000000000000000000e+00,-0.000000000000000000e+00,-6.954908958760429305e-02,-2.236387837324072259e-01,-0.000000000000000000e+00,-0.000000000000000000e+00
-0.000000000000000000e+00,-0.000000000000000000e+00,-0.000000000000000000e+00,-0.000000000000000000e+00,-0.000000000000000000e+00,-0.000000000000000000e+00,-0.000000000000000000e+00,4.697448898485247215e-02,-9.493112280545590309e-02,-7.963073367481006415e-02,-0.000000000000000000e+00,-0.000000000000000000e+00,0.000000000000000000e+00,-6.684128630692383333e-02,-0.000000000000000000e+00,-8.601624662787667186e-02,0.000000000000000000e+00,-0.000000000000000000e+00,-0.000000000000000000e+00,0.000000000000000000e+00,-0.000000000000000000e+00,-0.000000000000000000e+00,-6.465507789425821716e-01,-4.726886187676066498e-01,2.015857792931866399e+00,-1.220960213511398107e-01,-0.000000000000000000e+00,-0.000000000000000000e+00,-0.000000000000000000e+00,-2.113423827119227938e-01,-0.000000000000000000e+00,-0.000000000000000000e+00,-0.000000000000000000e+00,-0.000000000000000000e+00,-0.000000000000000000e+00,-0.000000000000000000e+00,-1.538002648441090248e-01,-0.000000000000000000e+00,-0.000000000000000000e+00
-2.151508738173153190e-01,0.000000000000000000e+00,-0.000000000000000000e+00,-1.339108628732445239e-01,-0.000000000000000000e+00,-0.000000000000000000e+00,0.000000000000000000e+00,0.000000000000000000e+00,-1.104119410393437570e-02,-0.000000000000000000e+00,0.000000000000000000e+00,-0.000000000000000000e+00,0.000000000000000000e+00,-0.000000000000000000e+00,0.000000000000000000e+00,-7.406773408841818562e-02,-0.000000000000000000e+00,-0.000000000000000000e+00,-0.000000000000000000e+00,-0.000000000000000000e+00,-7.854478275986145897e-02,-0.000000000000000000e+00,-4.281360059004551410e-01,-0.000000000000000000e+00,-1.220960213511398107e-01,1.874131755532125743e+00,0.000000000000000000e+00,-1.950682393037807827e-01,-3.592129711753630494e-01,-1.351336757729183491e-01,0.000000000000000000e+00,0.000000000000000000e+00,-0.000000000000000000e+00,-0.000000000000000000e+00,-9.475079130815071415e-02,-0.000000000000000000e+00,-0.000000000000000000e+00,-2.711516261183072873e-01,0.000000000000000000e+00
0.000000000000000000e+00,-0.000000000000000000e+00,-0.000000000000000000e+00,0.000000000000000000e+00,-0.000000000000000000e+00,-0.000000000000000000e+00,-0.000000000000000000e+00,0.000000000000000000e+00,0.000000000000000000e+00,-0.000000000000000000e+00,-1.049559378917084840e-01,-1.158387132815600490e-01,1.363367126552562925e-01,-0.000000000000000000e+00,0.000000000000000000e+00,0.000000000000000000e+00,1.119086259013350043e-01,0.000000000000000000e+00,0.000000000000000000e+00,-0.000000000000000000e+00,-0.000000000000000000e+00,-7.296999977990503879e-03,-0.000000000000000000e+00,-0.000000000000000000e+00,-0.000000000000000000e+00,0.000000000000000000e+00,2.168135037757074723e+00,3.310579515239761572e-02,0.000000000000000000e+00,0.000000000000000000e+00,-4.831581524776715209e-01,-6.608475113084512076e-01,-0.000000000000000000e+00,0.000000000000000000e+00,-0.000000000000000000e+00,0.000000000000000000e+00,-1.389905121891093220e-01,0.000000000000000000e+00,-4.679442117560322356e-01
-1.766354666787477712e-01,0.000000000000000000e+00,-2.260561618927880295e-02,-0.000000000000000000e+00,-0.000000000000000000e+00,0.000000000000000000e+00,2.728121593517485524e-02,5.969329544084481243e-02,-0.000000000000000000e+00,-0.000000000000000000e+00,0.000000000000000000e+00,0.000000000000000000e+00,-0.000000000000000000e+00,-0.000000000000000000e+00,-0.000000000000000000e+00,-1.339987453324234246e-01,-1.467472918694437134e-01,-0.000000000000000000e+00,-0.000000000000000000e+00,-0.000000000000000000e+00,-0.000000000000000000e+00,6.309990579885654816e-02,-0.000000000000000000e+00,-4.297636951555235812e-02,-0.000000000000000000e+00,-1.950682393037807827e-01,3.310579515239761572e-02,1.256255718484855510e+00,-8.718076182079582959e-02,-0.000000000000000000e+00,0.000000000000000000e+00,0.000000000000000000e+00,-0.000000000000000000e+00,-0.000000000000000000e+00,-0.000000000000000000e+00,-0.000000000000000000e+00,-0.000000000000000000e+00,-6.093844038450384193e-02,0.000000000000000000e+00
-8.903357555493414399e-02,1.069952917529111841e-01,0.000000000000000000e+00,-0.000000000000000000e+00,0.000000000000000000e+00,-2.800253092668114618e-01,0.000000000000000000e+00,-0.000000000000000000e+00,0.000000000000000000e+00,0.000000000000000000e+00,-0.000000000000000000e+00,0.000000000000000000e+00,-0.000000000000000000e+00,-0.000000000000000000e+00,-0.000000000000000000e+00,0.000000000000000000e+00,-2.716771904932269721e-01,-0.000000000000000000e+00,0.000000000000000000e+00,-0.000000000000000000e+00,-2.917302917525535499e-01,-0.000000000000000000e+00,-7.152900670189614105e-03,-0.000000000000000000e+00,-0.000000000000000000e+00,-3.592129711753630494e-01,0.000000000000000000e+00,-8.718076182079582959e-02,1.998381741716224180e+00,-0.000000000000000000e+00,0.000000000000000000e+00,0.000000000000000000e+00,-1.409000596962191841e-02,0.000000000000000000e+00,-5.818255715196926081e-01,-0.000000000000000000e+00,-0.000000000000000000e+00,-1.777250920367894615e-01,3.239345347126882935e-01
-1.422303748690285086e-01,-0.000000000000000000e+00,-0.000000000000000000e+00,-4.525388405578574247e-01,-0.000000000000000000e+00,0.000000000000000000e+00,-0.000000000000000000e+00,0.000000000000000000e+00,-2.588375741175682476e-01,-3.438912575560723606e-01,0.000000000000000000e+00,-0.000000000000000000e+00,-0.000000000000000000e+00,-0.000000000000000000e+00,0.000000000000000000e+00,-3.622355565386332077e-01,0.000000000000000000e+00,-1.461798720061545653e-01,-0.000000000000000000e+00,-3.926890090904475855e-02,-0.000000000000000000e+00,-0.000000000000000000e+00,-0.000000000000000000e+00,-0.000000000000000000e+00,-2.113423827119227938e-01,-1.351336757729183491e-01,0.000000000000000000e+00,-0.000000000000000000e+00,-0.000000000000000000e+00,2.042750548622040530e+00,-0.000000000000000000e+00,0.000000000000000000e+00,-0.000000000000000000e+00,-0.000000000000000000e+00,-0.000000000000000000e+00,-5.627019849223572484e-02,-0.000000000000000000e+00,-0.000000000000000000e+00,-0.000000000000000000e+00
0.000000000000000000e+00,-2.386047615860582560e-01,-2.230893077301413646e-02,0.000000000000000000e+00,-0.000000000000000000e+00,0.000000000000000000e+00,-0.000000000000000000e+00,0.000000000000000000e+00,-0.000000000000000000e+00,-1.165716408272098326e-01,-0.000000000000000000e+00,-1.141255523461071342e-01,4.335607042371408260e-01,-3.075400096307746856e-02,0.000000000000000000e+00,-0.000000000000000000e+00,2.624991144263200682e-01,0.000000000000000000e+00,-0.000000000000000000e+00,0.000000000000000000e+00,-0.000000000000000000e+00,-4.756654592356871630e-02,-0.000000000000000000e+00,-0.000000000000000000e+00,-0.000000000000000000e+00,0.000000000000000000e+00,-4.831581524776715209e-01,0.000000000000000000e+00,0.000000000000000000e+00,-0.000000000000000000e+00,2.333472716897868615e+00,-4.024235963032986585e-01,-1.074086283196220293e-01,-0.000000000000000000e+00,-0.000000000000000000e+00,0.000000000000000000e+00,-3.075742258845750032e-01,2.273947579851054446e-01,-8.828200485639974004e-02
0.000000000000000000e+00,-2.393141847055443583e-01,-0.000000000000000000e+00,0.000000000000000000e+00,-0.000000000000000000e+00,-0.000000000000000000e+00,-0.000000000000000000e+00,0.000000000000000000e+00,0.000000000000000000e+00,-0.000000000000000000e+00,-3.320769267293571803e-01,-0.000000000000000000e+00,0.000000000000000000e+00,-1.097433360827878707e-01,5.985968481358820009e-02,0.000000000000000000e+00,0.000000000000000000e+00,3.804495210996072241e-01,0.000000000000000000e+00,0.000000000000000000e+00,0.000000000000000000e+00,-0.000000000000000000e+00,-0.000000000000000000e+00,-0.000000000000000000e+00,-0.000000000000000000e+00,0.000000000000000000e+00,-6.608475113084512076e-01,0.000000000000000000e+00,0.000000000000000000e+00,0.000000000000000000e+00,-4.024235963032986585e-01,2.378472216604350375e+00,-0.000000000000000000e+00,0.000000000000000000e+00,-0.000000000000000000e+00,0.000000000000000000e+00,-4.004648169289266035e-01,4.129620206402214166e-01,-0.000000000000000000e+00
-0.000000000000000000e+00,-0.000000000000000000e+00,-0.000000000000000000e+00,-0.000000000000000000e+00,-0.000000000000000000e+00,-0.000000000000000000e+00,-7.743640639642516976e-02,0.000000000000000000e+00,0.000000000000000000e+00,-0.000000000000000000e+00,-2.423872797074793917e-01,-0.000000000000000000e+00,0.000000000000000000e+00,-1.712605702072257652e-01,0.000000000000000000e+00,-0.000000000000000000e+00,-0.000000000000000000e+00,-0.000000000000000000e+00,-0.000000000000000000e+00,-0.000000000000000000e+00,-7.280626109599190876e-01,-4.805097420432398736e-01,-0.000000000000000000e+00,-4.443749423561952488e-02,-0.000000000000000000e+00,-0.000000000000000000e+00,-0.000000000000000000e+00,-0.000000000000000000e+00,-1.409000596962191841e-02,-0.000000000000000000e+00,-1.074086283196220293e-01,-0.000000000000000000e+00,1.883527258122034143e+00,0.000000000000000000e+00,-1.379407284489024554e-01,-0.000000000000000000e+00,-0.000000000000000000e+00,0.000000000000000000e+00,0.000000000000000000e+00
-0.000000000000000000e+00,-0.000000000000000000e+00,-0.000000000000000000e+00,-0.000000000000000000e+00,-2.878844153517464144e-01,0.000000000000000000e+00,-0.000000000000000000e+00,2.202146634064813258e-01,-6.460617881519221672e-01,-0.000000000000000000e+00,0.000000000000000000e+00,-0.000000000000000000e+00,0.000000000000000000e+00,-0.000000000000000000e+00,-7.096033951950213303e-02,-0.000000000000000000e+00,0.000000000000000000e+00,-0.000000000000000000e+00,-5.205437176903615626e-01,0.000000000000000000e+00,0.000000000000000000e+00,0.000000000000000000e+00,-0.000000000000000000e+00,-0.000000000000000000e+00,-0.000000000000000000e+00,-0.000000000000000000e+00,0.000000000000000000e+00,-0.000000000000000000e+00,0.000000000000000000e+00,-0.000000000000000000e+00,-0.000000000000000000e+00,0.000000000000000000e+00,0.000000000000000000e+00,1.966148318477062285e+00,1.581883733121394395e-02,-0.000000000000000000e+00,0.000000000000000000e+00,-0.000000000000000000e+00,-0.000000000000000000e+00
-0.000000000000000000e+00,0.000000000000000000e+00,0.000000000000000000e+00,0.000000000000000000e+00,0.000000000000000000e+00,-6.023345087862949088e-01,0.000000000000000000e+00,-0.000000000000000000e+00,0.000000000000000000e+00,0.000000000000000000e+00,-9.515854999957001903e-02,0.000000000000000000e+00,0.000000000000000000e+00,-1.379056214328074764e-02,-0.000000000000000000e+00,0.000000000000000000e+00,-0.000000000000000000e+00,0.000000000000000000e+00,0.000000000000000000e+00,-0.000000000000000000e+00,-2.022049359788755940e-01,-0.000000000000000000e+00,-2.639440408866574050e-01,-0.000000000000000000e+00,-0.000000000000000000e+00,-9.475079130815071415e-02,-0.000000000000000000e+00,-0.000000000000000000e+00,-5.818255715196926081e-01,-0.000000000000000000e+00,-0.000000000000000000e+00,-0.000000000000000000e+00,-1.379407284489024554e-01,1.581883733121394395e-02,2.101777935106050155e+00,0.000000000000000000e+00,-2.684155635700689047e-01,-0.000000000000000000e+00,6.241033218773461150e-03
-2.710378141037296795e-01,-2.837511969485632113e-01,-0.000000000000000000e+00,-0.000000000000000000e+00,-0.000000000000000000e+00,0.000000000000000000e+00,-0.000000000000000000e+00,0.000000000000000000e+00,-0.000000000000000000e+00,-1.870183767356300639e-02,0.000000000000000000e+00,0.000000000000000000e+00,-0.000000000000000000e+00,-0.000000000000000000e+00,0.000000000000000000e+00,-3.542297279814278776e-01,-0.000000000000000000e+00,0.000000000000000000e+00,0.000000000000000000e+00,-5.466260550184905143e-02,-0.000000000000000000e+00,0.000000000000000000e+00,-0.000000000000000000e+00,-6.954908958760429305e-02,-0.000000000000000000e+00,-0.000000000000000000e+00,0.000000000000000000e+00,-0.000000000000000000e+00,-0.000000000000000000e+00,-5.627019849223572484e-02,0.000000000000000000e+00,0.000000000000000000e+00,-0.000000000000000000e+00,-0.000000000000000000e+00,0.000000000000000000e+00,1.447945975082296943e+00,-0.000000000000000000e+00,-0.000000000000000000e+00,-0.000000000000000000e+00
0.000000000000000000e+00,-0.000000000000000000e+00,-0.000000000000000000e+00,0.000000000000000000e+00,-0.000000000000000000e+00,-0.000000000000000000e+00,0.000000000000000000e+00,0.000000000000000000e+00,0.000000000000000000e+00,-1.006944470733154573e-01,-3.231076542788322015e-01,-0.000000000000000000e+00,7.901252064192484936e-02,-5.627782293991393514e-01,0.000000000000000000e+00,-0.000000000000000000e+00,0.000000000000000000e+00,0.000000000000000000e+00,-0.000000000000000000e+00,0.000000000000000000e+00,-0.000000000000000000e+00,-0.000000000000000000e+00,-2.291248779421326681e-02,-2.236387837324072259e-01,-1.538002648441090248e-01,-0.000000000000000000e+00,-1.389905121891093220e-01,-0.000000000000000000e+00,-0.000000000000000000e+00,-0.000000000000000000e+00,-3.075742258845750032e-01,-4.004648169289266035e-01,-0.000000000000000000e+00,0.000000000000000000e+00,-2.684155635700689047e-01,-0.000000000000000000e+00,2.260432909869136253e+00,0.000000000000000000e+00,-0.000000000000000000e+00
-7.161192685546566850e-01,0.000000000000000000e+00,0.000000000000000000e+00,-0.000000000000000000e+00,0.000000000000000000e+00,0.000000000000000000e+00,0.000000000000000000e+00,-0.000000000000000000e+00,-5.829283044169196459e-02,0.000000000000000000e+00,8.382210835529400883e-02,-0.000000000000000000e+00,-0.000000000000000000e+00,0.000000000000000000e+00,-0.000000000000000000e+00,-0.000000000000000000e+00,-0.000000000000000000e+00,-1.113799703784383865e-01,-0.000000000000000000e+00,-4.415479243994872849e-02,-0.000000000000000000e+00,0.000000000000000000e+00,-0.000000000000000000e+00,-0.000000000000000000e+00,-0.000000000000000000e+00,-2.711516261183072873e-01,0.000000000000000000e+00,-6.093844038450384193e-02,-1.777250920367894615e-01,-0.000000000000000000e+00,2.273947579851054446e-01,4.129620206402214166e-01,0.000000000000000000e+00,-0.000000000000000000e+00,-0.000000000000000000e+00,-0.000000000000000000e+00,0.000000000000000000e+00,1.849751323299783312e+00,-0.000000000000000000e+00
0.000000000000000000e+00,-6.151273691810179439e-02,-0.000000000000000000e+00,-0.000000000000000000e+00,-0.000000000000000000e+00,3.208658919643810059e-02,-0.000000000000000000e+00,0.000000000000000000e+00,-2.187525723076352568e-01,-9.423376209737139783e-03,0.000000000000000000e+00,-7.318810449938483176e-01,0.000000000000000000e+00,-0.000000000000000000e+00,0.000000000000000000e+00,-0.000000000000000000e+00,2.023097133567678396e-01,-0.000000000000000000e+00,-6.325365946198895084e-02,-0.000000000000000000e+00,0.000000000000000000e+00,-0.000000000000000000e+00,0.000000000000000000e+00,-0.000000000000000000e+00,-0.000000000000000000e+00,0.000000000000000000e+00,-4.679442117560322356e-01,0.000000000000000000e+00,3.239345347126882935e-01,-0.000000000000000000e+00,-8.828200485639974004e-02,-0.000000000000000000e+00,0.000000000000000000e+00,-0.000000000000000000e+00,6.241033218773461150e-03,-0.000000000000000000e+00,-0.000000000000000000e+00,-0.000000000000000000e+00,1.983982715329936530e+00
