2.605949694971839925e+00,-6.178564110124279418e-01,-0.000000000000000000e+00,0.000000000000000000e+00,-1.041629098689189764e-01,-0.000000000000000000e+00,-0.000000000000000000e+00,0.000000000000000000e+00,-4.141487472351611937e-02,-3.614929417304226233e-01,-0.000000000000000000e+00,-0.000000000000000000e+00,0.000000000000000000e+00,-7.990648838467190318e-02,-0.000000000000000000e+00,-2.962069985850602216e-01,-3.045618684863038439e-02,-0.000000000000000000e+00,0.000000000000000000e+00,-0.000000000000000000e+00,-0.000000000000000000e+00,-0.000000000000000000e+00,-2.970688355561058175e-02,-7.486927690962942583e-02,-0.000000000000000000e+00,-2.986535537487046699e-01,-0.000000000000000000e+00,-0.000000000000000000e+00,-6.750192450596349814e-02,-1.667616870799630280e-01,-3.413976151831425027e-02,-2.771423984540456464e-01,-0.000000000000000000e+00,-0.000000000000000000e+00,-0.000000000000000000e+00,-0.000000000000000000e+00,-0.000000000000000000e+00,-0.000000000000000000e+00,-3.006586895682061278e-01
-6.178564110124279418e-01,2.072845969167076419e+00,-0.000000000000000000e+00,0.000000000000000000e+00,-0.000000000000000000e+00,-0.000000000000000000e+00,-0.000000000000000000e+00,0.000000000000000000e+00,-0.000000000000000000e+00,-3.179352947001227170e-01,-0.000000000000000000e+00,-0.000000000000000000e+00,0.000000000000000000e+00,-0.000000000000000000e+00,-0.000000000000000000e+00,-2.672153156944367391e-01,-0.000000000000000000e+00,-0.000000000000000000e+00,0.000000000000000000e+00,-0.000000000000000000e+00,-0.000000000000000000e+00,-0.000000000000000000e+00,-0.000000000000000000e+00,-0.000000000000000000e+00,-0.000000000000000000e+00,-0.000000000000000000e+00,-0.000000000000000000e+00,-0.000000000000000000e+00,-0.000000000000000000e+00,-0.000000000000000000e+00,-0.000000000000000000e+00,-4.579127138991313517e-01,-0.000000000000000000e+00,-0.000000000000000000e+00,-5.772459113891336563e-02,-1.100929009568230033e-01,-4.325411857869353172e-02,0.000000000000000000e+00,-0.000000000000000000e+00
-0.000000000000000000e+00,-0.000000000000000000e+00,3.080193872351224105e+00,0.000000000000000000e+00,-0.000000000000000000e+00,0.000000000000000000e+00,-0.000000000000000000e+00,1.287687179061040688e+00,-0.000000000000000000e+00,-0.000000000000000000e+00,0.000000000000000000e+00,-0.000000000000000000e+00,-0.000000000000000000e+00,-2.528531370141642171e-02,-0.000000000000000000e+00,-2.713825023021030902e-01,-0.000000000000000000e+00,-0.000000000000000000e+00,0.000000000000000000e+00,-0.000000000000000000e+00,-5.397984640666427802e-01,-0.000000000000000000e+00,-2.094682851988715067e-01,-3.178001016875693619e-04,-0.000000000000000000e+00,-2.612796805168449699e-01,-0.000000000000000000e+00,-3.420333726114181960e-01,-0.000000000000000000e+00,-0.000000000000000000e+00,-1.749099051526712689e-01,-0.000000000000000000e+00,-0.000000000000000000e+00,-1.190643752339322348e-01,-0.000000000000000000e+00,-0.000000000000000000e+00,-0.000000000000000000e+00,-0.000000000000000000e+00,-0.000000000000000000e+00
0.000000000000000000e+00,0.000000000000000000e+00,0.000000000000000000e+00,1.807028277601777422e+00,0.000000000000000000e+00,0.000000000000000000e+00,-1.812504832671777422e-01,-0.000000000000000000e+00,9.630287896896355671e-02,0.000000000000000000e+00,0.000000000000000000e+00,-7.722654156448441887e-01,-0.000000000000000000e+00,0.000000000000000000e+00,-0.000000000000000000e+00,0.000000000000000000e+00,-0.000000000000000000e+00,-2.699148138500917504e-01,-2.351232034468532239e-01,-1.451083663168595550e-01,0.000000000000000000e+00,-0.000000000000000000e+00,0.000000000000000000e+00,0.000000000000000000e+00,0.000000000000000000e+00,0.000000000000000000e+00,0.000000000000000000e+00,-0.000000000000000000e+00,-0.000000000000000000e+00,0.000000000000000000e+00,0.000000000000000000e+00,0.000000000000000000e+00,0.000000000000000000e+00,0.000000000000000000e+00,-0.000000000000000000e+00,-0.000000000000000000e+00,0.000000000000000000e+00,-0.000000000000000000e+00,-0.000000000000000000e+00
-1.041629098689189764e-01,-0.000000000000000000e+00,-0.000000000000000000e+00,0.000000000000000000e+00,2.167512591217666706e+00,0.000000000000000000e+00,-0.000000000000000000e+00,0.000000000000000000e+00,-3.601336059140255452e-01,-0.000000000000000000e+00,-0.000000000000000000e+00,-0.000000000000000000e+00,0.000000000000000000e+00,-3.351234249977741442e-01,-0.000000000000000000e+00,-0.000000000000000000e+00,-0.000000000000000000e+00,0.000000000000000000e+00,1.147717264772288651e-02,-0.000000000000000000e+00,-0.000000000000000000e+00,-0.000000000000000000e+00,-0.000000000000000000e+00,-1.038409322754975384e-01,-2.015427199260671001e-02,-2.313241805428987163e-01,-8.132261021692695213e-02,-0.000000000000000000e+00,-0.000000000000000000e+00,-1.783028188718643048e-01,-0.000000000000000000e+00,-3.057828734953890737e-02,-1.757441183970844256e-01,-4.766396710754592925e-01,-0.000000000000000000e+00,-0.000000000000000000e+00,-0.000000000000000000e+00,-0.000000000000000000e+00,-0.000000000000000000e+00
-0.000000000000000000e+00,-0.000000000000000000e+00,0.000000000000000000e+00,0.000000000000000000e+00,0.000000000000000000e+00,1.196233115924208112e+00,0.000000000000000000e+00,-0.000000000000000000e+00,7.547187938259589113e-02,-0.000000000000000000e+00,-1.542193583723772410e-01,0.000000000000000000e+00,0.000000000000000000e+00,-0.000000000000000000e+00,2.268369072042696402e-02,-0.000000000000000000e+00,-0.000000000000000000e+00,-0.000000000000000000e+00,-0.000000000000000000e+00,0.000000000000000000e+00,0.000000000000000000e+00,0.000000000000000000e+00,0.000000000000000000e+00,3.738282889362766915e-03,0.000000000000000000e+00,0.000000000000000000e+00,-0.000000000000000000e+00,0.000000000000000000e+00,-0.000000000000000000e+00,-0.000000000000000000e+00,0.000000000000000000e+00,-0.000000000000000000e+00,0.000000000000000000e+00,0.000000000000000000e+00,-9.328970411919836059e-02,-2.805928827694937344e-01,-2.065885207557750236e-01,0.000000000000000000e+00,-0.000000000000000000e+00
-0.000000000000000000e+00,-0.000000000000000000e+00,-0.000000000000000000e+00,-1.812504832671777422e-01,-0.000000000000000000e+00,0.000000000000000000e+00,2.056978748073601260e+00,0.000000000000000000e+00,0.000000000000000000e+00,0.000000000000000000e+00,0.000000000000000000e+00,-3.334334581060093283e-01,-0.000000000000000000e+00,-0.000000000000000000e+00,-5.913663896531472508e-01,-0.000000000000000000e+00,-0.000000000000000000e+00,-0.000000000000000000e+00,-1.528764885721974331e-01,-3.298183970732825876e-01,-0.000000000000000000e+00,-2.018895080784944562e-01,-0.000000000000000000e+00,-0.000000000000000000e+00,-0.000000000000000000e+00,-0.000000000000000000e+00,-0.000000000000000000e+00,-2.372908776354795690e-01,-0.000000000000000000e+00,0.000000000000000000e+00,-0.000000000000000000e+00,-0.000000000000000000e+00,-0.000000000000000000e+00,-0.000000000000000000e+00,-0.000000000000000000e+00,0.000000000000000000e+00,0.000000000000000000e+00,-0.000000000000000000e+00,-3.756611612558895252e-02
0.000000000000000000e+00,0.000000000000000000e+00,1.287687179061040688e+00,-0.000000000000000000e+00,0.000000000000000000e+00,-0.000000000000000000e+00,0.000000000000000000e+00,2.747596626919583063e+00,0.000000000000000000e+00,0.000000000000000000e+00,-0.000000000000000000e+00,0.000000000000000000e+00,-0.000000000000000000e+00,0.000000000000000000e+00,0.000000000000000000e+00,3.154752255764842750e-01,0.000000000000000000e+00,-0.000000000000000000e+00,-0.000000000000000000e+00,0.000000000000000000e+00,6.230181512868316895e-01,0.000000000000000000e+00,5.692430716189142426e-02,1.106658921953284358e-01,9.097995341803820704e-03,8.441811967361469160e-03,0.000000000000000000e+00,0.000000000000000000e+00,0.000000000000000000e+00,0.000000000000000000e+00,1.306181357433396639e-01,0.000000000000000000e+00,0.000000000000000000e+00,1.361049890388200401e-01,0.000000000000000000e+00,0.000000000000000000e+00,0.000000000000000000e+00,-0.000000000000000000e+00,0.000000000000000000e+00
-4.141487472351611937e-02,-0.000000000000000000e+00,-0.000000000000000000e+00,9.630287896896355671e-02,-3.601336059140255452e-01,7.547187938259589113e-02,0.000000000000000000e+00,0.000000000000000000e+00,2.419556301732360026e+00,-0.000000000000000000e+00,-0.000000000000000000e+00,0.000000000000000000e+00,-0.000000000000000000e+00,-2.222017840478995032e-01,-0.000000000000000000e+00,-0.000000000000000000e+00,-0.000000000000000000e+00,0.000000000000000000e+00,0.000000000000000000e+00,-0.000000000000000000e+00,-0.000000000000000000e+00,-0.000000000000000000e+00,-2.325747977659412546e-01,-1.284269107393908871e-01,-2.252010847317923725e-01,-0.000000000000000000e+00,-0.000000000000000000e+00,-2.969786876256680364e-01,-0.000000000000000000e+00,-2.086646119400498434e-01,-2.614365494695365388e-01,-0.000000000000000000e+00,-0.000000000000000000e+00,-5.443357350310710219e-01,-0.000000000000000000e+00,0.000000000000000000e+00,-0.000000000000000000e+00,-0.000000000000000000e+00,-0.000000000000000000e+00
-3.614929417304226233e-01,-3.179352947001227170e-01,-0.000000000000000000e+00,0.000000000000000000e+00,-0.000000000000000000e+00,-0.000000000000000000e+00,0.000000000000000000e+00,0.000000000000000000e+00,-0.000000000000000000e+00,2.494395258180099439e+00,-0.000000000000000000e+00,0.000000000000000000e+00,0.000000000000000000e+00,-4.541888493915000741e-02,0.000000000000000000e+00,-8.838252745425267953e-01,-0.000000000000000000e+00,-0.000000000000000000e+00,9.610160052027356958e-02,0.000000000000000000e+00,-0.000000000000000000e+00,-0.000000000000000000e+00,-1.531905614581886843e-01,-4.824182301842189907e-02,-0.000000000000000000e+00,-0.000000000000000000e+00,-0.000000000000000000e+00,-0.000000000000000000e+00,-0.000000000000000000e+00,-4.743461980617286744e-01,-0.000000000000000000e+00,-7.955466563865888630e-02,-0.000000000000000000e+00,-0.000000000000000000e+00,-0.000000000000000000e+00,-0.000000000000000000e+00,-7.003585227417924441e-02,0.000000000000000000e+00,-0.000000000000000000e+00
-0.000000000000000000e+00,-0.000000000000000000e+00,0.000000000000000000e+00,0.000000000000000000e+00,-0.000000000000000000e+00,-1.542193583723772410e-01,0.000000000000000000e+00,-0.000000000000000000e+00,-0.000000000000000000e+00,-0.000000000000000000e+00,1.304017939745125476e+00,0.000000000000000000e+00,-0.000000000000000000e+00,-0.000000000000000000e+00,0.000000000000000000e+00,-0.000000000000000000e+00,-2.560606066542147619e-01,-0.000000000000000000e+00,-0.000000000000000000e+00,0.000000000000000000e+00,-0.000000000000000000e+00,-0.000000000000000000e+00,-0.000000000000000000e+00,-0.000000000000000000e+00,0.000000000000000000e+00,-0.000000000000000000e+00,-2.645159098899551968e-03,-0.000000000000000000e+00,-0.000000000000000000e+00,-0.000000000000000000e+00,-0.000000000000000000e+00,-1.058792720174973057e-01,-0.000000000000000000e+00,0.000000000000000000e+00,-0.000000000000000000e+00,-0.000000000000000000e+00,-0.000000000000000000e+00,-0.000000000000000000e+00,-3.626115132565761456e-01
-0.000000000000000000e+00,-0.000000000000000000e+00,-0.000000000000000000e+00,-7.722654156448441887e-01,-0.000000000000000000e+00,0.000000000000000000e+00,-3.334334581060093283e-01,0.000000000000000000e+00,0.000000000000000000e+00,0.000000000000000000e+00,0.000000000000000000e+00,2.230740544675299919e+00,-0.000000000000000000e+00,-0.000000000000000000e+00,-3.691945513063891737e-01,-0.000000000000000000e+00,-0.000000000000000000e+00,-1.202195413605567503e-02,-0.000000000000000000e+00,-1.638699619340099611e-01,0.000000000000000000e+00,-2.780094030384388515e-01,-0.000000000000000000e+00,0.000000000000000000e+00,-0.000000000000000000e+00,-0.000000000000000000e+00,-0.000000000000000000e+00,-1.139467030100184131e-01,-0.000000000000000000e+00,0.000000000000000000e+00,-0.000000000000000000e+00,-0.000000000000000000e+00,-0.000000000000000000e+00,0.000000000000000000e+00,-2.110335384745256615e-01,-0.000000000000000000e+00,0.000000000000000000e+00,-0.000000000000000000e+00,-9.496272179149260750e-02
0.000000000000000000e+00,0.000000000000000000e+00,-0.000000000000000000e+00,-0.000000000000000000e+00,0.000000000000000000e+00,0.000000000000000000e+00,-0.000000000000000000e+00,-0.000000000000000000e+00,-0.000000000000000000e+00,0.000000000000000000e+00,-0.000000000000000000e+00,-0.000000000000000000e+00,1.031647382132988122e+00,-0.000000000000000000e+00,-0.000000000000000000e+00,0.000000000000000000e+00,-0.000000000000000000e+00,-0.000000000000000000e+00,-0.000000000000000000e+00,-0.000000000000000000e+00,-0.000000000000000000e+00,-0.000000000000000000e+00,-5.951806196448986008e-02,0.000000000000000000e+00,-0.000000000000000000e+00,0.000000000000000000e+00,0.000000000000000000e+00,-0.000000000000000000e+00,-0.000000000000000000e+00,-0.000000000000000000e+00,1.346221460676233495e-01,-0.000000000000000000e+00,-0.000000000000000000e+00,0.000000000000000000e+00,-1.471296030256017545e-02,0.000000000000000000e+00,-1.479042229713462553e-01,0.000000000000000000e+00,0.000000000000000000e+00
-7.990648838467190318e-02,-0.000000000000000000e+00,-2.528531370141642171e-02,0.000000000000000000e+00,-3.351234249977741442e-01,-0.000000000000000000e+00,-0.000000000000000000e+00,0.000000000000000000e+00,-2.222017840478995032e-01,-4.541888493915000741e-02,-0.000000000000000000e+00,-0.000000000000000000e+00,-0.000000000000000000e+00,2.244335658914109022e+00,-0.000000000000000000e+00,-5.268488412233070933e-02,-4.263433643947942692e-02,-0.000000000000000000e+00,0.000000000000000000e+00,-0.000000000000000000e+00,-1.766675581658824767e-02,-0.000000000000000000e+00,-2.051395486429009041e-01,-1.701642896988375675e-01,-3.050258198318357011e-02,-1.648714381857451228e-01,-0.000000000000000000e+00,-0.000000000000000000e+00,-6.192962676199770256e-02,-2.193111518579004549e-01,-0.000000000000000000e+00,-3.373093067825031488e-01,-1.961149951187854679e-01,-4.342183963994449697e-02,-0.000000000000000000e+00,-0.000000000000000000e+00,-1.082365469811966546e-01,-0.000000000000000000e+00,-0.000000000000000000e+00
-0.000000000000000000e+00,-0.000000000000000000e+00,-0.000000000000000000e+00,-0.000000000000000000e+00,-0.000000000000000000e+00,2.268369072042696402e-02,-5.913663896531472508e-01,0.000000000000000000e+00,-0.000000000000000000e+00,0.000000000000000000e+00,0.000000000000000000e+00,-3.691945513063891737e-01,-0.000000000000000000e+00,-0.000000000000000000e+00,1.930836999197527382e+00,0.000000000000000000e+00,0.000000000000000000e+00,-0.000000000000000000e+00,-0.000000000000000000e+00,-2.978086113640521781e-01,-0.000000000000000000e+00,-1.188166775866750513e-01,-0.000000000000000000e+00,-0.000000000000000000e+00,-0.000000000000000000e+00,-0.000000000000000000e+00,0.000000000000000000e+00,-3.769237868902232669e-01,-0.000000000000000000e+00,0.000000000000000000e+00,-0.000000000000000000e+00,-0.000000000000000000e+00,-0.000000000000000000e+00,-0.000000000000000000e+00,-0.000000000000000000e+00,0.000000000000000000e+00,0.000000000000000000e+00,-0.000000000000000000e+00,-0.000000000000000000e+00
-2.962069985850602216e-01,-2.672153156944367391e-01,-2.713825023021030902e-01,0.000000000000000000e+00,-0.000000000000000000e+00,-0.000000000000000000e+00,-0.000000000000000000e+00,3.154752255764842750e-01,-0.000000000000000000e+00,-8.838252745425267953e-01,-0.000000000000000000e+00,-0.000000000000000000e+00,0.000000000000000000e+00,-5.268488412233070933e-02,0.000000000000000000e+00,2.632849127536813771e+00,-0.000000000000000000e+00,-0.000000000000000000e+00,0.000000000000000000e+00,-0.000000000000000000e+00,-0.000000000000000000e+00,-0.000000000000000000e+00,-6.534088219189515545e-02,-1.853335600887733373e-02,-0.000000000000000000e+00,-0.000000000000000000e+00,-0.000000000000000000e+00,-0.000000000000000000e+00,-0.000000000000000000e+00,-4.019170482046683923e-01,-8.444404284577042286e-02,-0.000000000000000000e+00,-0.000000000000000000e+00,-0.000000000000000000e+00,-0.000000000000000000e+00,-0.000000000000000000e+00,-0.000000000000000000e+00,0.000000000000000000e+00,-0.000000000000000000e+00
-3.045618684863038439e-02,-0.000000000000000000e+00,-0.000000000000000000e+00,-0.000000000000000000e+00,-0.000000000000000000e+00,-0.000000000000000000e+00,-0.000000000000000000e+00,0.000000000000000000e+00,-0.000000000000000000e+00,-0.000000000000000000e+00,-2.560606066542147619e-01,-0.000000000000000000e+00,-0.000000000000000000e+00,-4.263433643947942692e-02,0.000000000000000000e+00,-0.000000000000000000e+00,1.633798691161768790e+00,-3.106802334659847231e-01,-0.000000000000000000e+00,-0.000000000000000000e+00,0.000000000000000000e+00,-0.000000000000000000e+00,-0.000000000000000000e+00,-0.000000000000000000e+00,0.000000000000000000e+00,-0.000000000000000000e+00,-0.000000000000000000e+00,-0.000000000000000000e+00,-2.341130009328706851e-01,-3.829658382948124273e-02,0.000000000000000000e+00,-0.000000000000000000e+00,-0.000000000000000000e+00,0.000000000000000000e+00,-2.449409769304838891e-01,-2.139170001828053502e-01,-5.611909207322989283e-04,-1.476507099254975308e-01,-0.000000000000000000e+00
-0.000000000000000000e+00,-0.000000000000000000e+00,-0.000000000000000000e+00,-2.699148138500917504e-01,0.000000000000000000e+00,-0.000000000000000000e+00,-0.000000000000000000e+00,-0.000000000000000000e+00,0.000000000000000000e+00,-0.000000000000000000e+00,-0.000000000000000000e+00,-1.202195413605567503e-02,-0.000000000000000000e+00,-0.000000000000000000e+00,-0.000000000000000000e+00,-0.000000000000000000e+00,-3.106802334659847231e-01,2.180641860445492242e+00,-7.914669362509295647e-01,-0.000000000000000000e+00,0.000000000000000000e+00,-9.779140425331230013e-02,0.000000000000000000e+00,0.000000000000000000e+00,0.000000000000000000e+00,-0.000000000000000000e+00,-0.000000000000000000e+00,-0.000000000000000000e+00,-2.558668079759776059e-01,-0.000000000000000000e+00,0.000000000000000000e+00,-0.000000000000000000e+00,-0.000000000000000000e+00,0.000000000000000000e+00,-1.620700545305008566e-01,-1.930876743092704018e-01,-0.000000000000000000e+00,-2.899166269811291330e-01,-9.865540789733336785e-04
0.000000000000000000e+00,0.000000000000000000e+00,0.000000000000000000e+00,-2.351232034468532239e-01,1.147717264772288651e-02,-0.000000000000000000e+00,-1.528764885721974331e-01,-0.000000000000000000e+00,0.000000000000000000e+00,9.610160052027356958e-02,-0.000000000000000000e+00,-0.000000000000000000e+00,-0.000000000000000000e+00,0.000000000000000000e+00,-0.000000000000000000e+00,0.000000000000000000e+00,-0.000000000000000000e+00,-7.914669362509295647e-01,1.735555140820370212e+00,-0.000000000000000000e+00,0.000000000000000000e+00,-8.833357594585214412e-02,0.000000000000000000e+00,0.000000000000000000e+00,0.000000000000000000e+00,-0.000000000000000000e+00,-0.000000000000000000e+00,-0.000000000000000000e+00,-0.000000000000000000e+00,0.000000000000000000e+00,0.000000000000000000e+00,0.000000000000000000e+00,0.000000000000000000e+00,7.445853161670214215e-02,-0.000000000000000000e+00,-0.000000000000000000e+00,0.000000000000000000e+00,-2.550231117476918219e-01,-0.000000000000000000e+00
-0.000000000000000000e+00,-0.000000000000000000e+00,-0.000000000000000000e+00,-1.451083663168595550e-01,-0.000000000000000000e+00,0.000000000000000000e+00,-3.298183970732825876e-01,0.000000000000000000e+00,-0.000000000000000000e+00,0.000000000000000000e+00,0.000000000000000000e+00,-1.638699619340099611e-01,-0.000000000000000000e+00,-0.000000000000000000e+00,-2.978086113640521781e-01,-0.000000000000000000e+00,-0.000000000000000000e+00,-0.000000000000000000e+00,-0.000000000000000000e+00,1.415012599221402878e+00,0.000000000000000000e+00,-0.000000000000000000e+00,-0.000000000000000000e+00,0.000000000000000000e+00,-0.000000000000000000e+00,-0.000000000000000000e+00,-0.000000000000000000e+00,-0.000000000000000000e+00,-0.000000000000000000e+00,-0.000000000000000000e+00,-0.000000000000000000e+00,-0.000000000000000000e+00,-0.000000000000000000e+00,-0.000000000000000000e+00,-0.000000000000000000e+00,-0.000000000000000000e+00,0.000000000000000000e+00,-0.000000000000000000e+00,-0.000000000000000000e+00
-0.000000000000000000e+00,-0.000000000000000000e+00,-5.397984640666427802e-01,0.000000000000000000e+00,-0.000000000000000000e+00,0.000000000000000000e+00,-0.000000000000000000e+00,6.230181512868316895e-01,-0.000000000000000000e+00,-0.000000000000000000e+00,-0.000000000000000000e+00,0.000000000000000000e+00,-0.000000000000000000e+00,-1.766675581658824767e-02,-0.000000000000000000e+00,-0.000000000000000000e+00,0.000000000000000000e+00,0.000000000000000000e+00,0.000000000000000000e+00,0.000000000000000000e+00,1.831989206789997437e+00,-0.000000000000000000e+00,-5.519520613218952161e-03,-0.000000000000000000e+00,-5.880596266104419489e-02,-0.000000000000000000e+00,-0.000000000000000000e+00,-9.469707610231437381e-03,-0.000000000000000000e+00,-0.000000000000000000e+00,-0.000000000000000000e+00,-0.000000000000000000e+00,-0.000000000000000000e+00,-1.531507033817489649e-01,-0.000000000000000000e+00,0.000000000000000000e+00,-0.000000000000000000e+00,0.000000000000000000e+00,-0.000000000000000000e+00
-0.000000000000000000e+00,-0.000000000000000000e+00,-0.000000000000000000e+00,-0.000000000000000000e+00,-0.000000000000000000e+00,0.000000000000000000e+00,-2.018895080784944562e-01,0.000000000000000000e+00,-0.000000000000000000e+00,-0.000000000000000000e+00,-0.000000000000000000e+00,-2.780094030384388515e-01,-0.000000000000000000e+00,-0.000000000000000000e+00,-1.188166775866750513e-01,-0.000000000000000000e+00,-0.000000000000000000e+00,-9.779140425331230013e-02,-8.833357594585214412e-02,-0.000000000000000000e+00,-0.000000000000000000e+00,1.488489382150196549e+00,-0.000000000000000000e+00,-0.000000000000000000e+00,-0.000000000000000000e+00,-7.183382803095138269e-02,-0.000000000000000000e+00,-1.953737465168797205e-01,-0.000000000000000000e+00,-0.000000000000000000e+00,-0.000000000000000000e+00,-0.000000000000000000e+00,-8.789571424657764698e-02,-0.000000000000000000e+00,-6.703676997206607646e-02,-0.000000000000000000e+00,0.000000000000000000e+00,-0.000000000000000000e+00,-0.000000000000000000e+00
-2.970688355561058175e-02,-0.000000000000000000e+00,-2.094682851988715067e-01,0.000000000000000000e+00,-0.000000000000000000e+00,0.000000000000000000e+00,-0.000000000000000000e+00,5.692430716189142426e-02,-2.325747977659412546e-01,-1.531905614581886843e-01,-0.000000000000000000e+00,-0.000000000000000000e+00,-5.951806196448986008e-02,-2.051395486429009041e-01,-0.000000000000000000e+00,-6.534088219189515545e-02,-0.000000000000000000e+00,0.000000000000000000e+00,0.000000000000000000e+00,-0.000000000000000000e+00,-5.519520613218952161e-03,-0.000000000000000000e+00,1.982329506963955712e+00,-0.000000000000000000e+00,-4.004550654652940245e-01,-0.000000000000000000e+00,-0.000000000000000000e+00,-4.623617880566215782e-02,-0.000000000000000000e+00,-1.472369463868917483e-01,-0.000000000000000000e+00,-1.100552628644343167e-01,-0.000000000000000000e+00,-1.985499892102556285e-01,-0.000000000000000000e+00,0.000000000000000000e+00,-0.000000000000000000e+00,0.000000000000000000e+00,-0.000000000000000000e+00
-7.486927690962942583e-02,-0.000000000000000000e+00,-3.178001016875693619e-04,0.000000000000000000e+00,-1.038409322754975384e-01,3.738282889362766915e-03,-0.000000000000000000e+00,1.106658921953284358e-01,-1.284269107393908871e-01,-4.824182301842189907e-02,-0.000000000000000000e+00,0.000000000000000000e+00,0.000000000000000000e+00,-1.701642896988375675e-01,-0.000000000000000000e+00,-1.853335600887733373e-02,-0.000000000000000000e+00,0.000000000000000000e+00,0.000000000000000000e+00,0.000000000000000000e+00,-0.000000000000000000e+00,-0.000000000000000000e+00,-0.000000000000000000e+00,1.365913342206076520e+00,-2.465802444284393435e-01,-0.000000000000000000e+00,-0.000000000000000000e+00,-0.000000000000000000e+00,-0.000000000000000000e+00,-0.000000000000000000e+00,-0.000000000000000000e+00,-0.000000000000000000e+00,-0.000000000000000000e+00,-2.699557632776994343e-02,-0.000000000000000000e+00,0.000000000000000000e+00,-0.000000000000000000e+00,0.000000000000000000e+00,-0.000000000000000000e+00
-0.000000000000000000e+00,-0.000000000000000000e+00,-0.000000000000000000e+00,0.000000000000000000e+00,-2.015427199260671001e-02,0.000000000000000000e+00,-0.000000000000000000e+00,9.097995341803820704e-03,-2.252010847317923725e-01,-0.000000000000000000e+00,0.000000000000000000e+00,-0.000000000000000000e+00,-0.000000000000000000e+00,-3.050258198318357011e-02,-0.000000000000000000e+00,-0.000000000000000000e+00,0.000000000000000000e+00,0.000000000000000000e+00,0.000000000000000000e+00,-0.000000000000000000e+00,-5.880596266104419489e-02,-0.000000000000000000e+00,-4.004550654652940245e-01,-2.465802444284393435e-01,1.945228172282293055e+00,-0.000000000000000000e+00,-0.000000000000000000e+00,-1.309990395863434853e-01,-0.000000000000000000e+00,-0.000000000000000000e+00,-6.157978871187134995e-02,-0.000000000000000000e+00,-4.557971413931199978e-01,-1.999567619571497867e-01,-0.000000000000000000e+00,0.000000000000000000e+00,-0.000000000000000000e+00,0.000000000000000000e+00,-0.000000000000000000e+00
-2.986535537487046699e-01,-0.000000000000000000e+00,-2.612796805168449699e-01,0.000000000000000000e+00,-2.313241805428987163e-01,0.000000000000000000e+00,-0.000000000000000000e+00,8.441811967361469160e-03,-0.000000000000000000e+00,-0.000000000000000000e+00,-0.000000000000000000e+00,-0.000000000000000000e+00,0.000000000000000000e+00,-1.648714381857451228e-01,-0.000000000000000000e+00,-0.000000000000000000e+00,-0.000000000000000000e+00,-0.000000000000000000e+00,-0.000000000000000000e+00,-0.000000000000000000e+00,-0.000000000000000000e+00,-7.183382803095138269e-02,-0.000000000000000000e+00,-0.000000000000000000e+00,-0.000000000000000000e+00,2.645650629677029464e+00,-6.249101192012305184e-01,-1.449819337330006119e-01,-5.618483388255366417e-01,-0.000000000000000000e+00,-8.314361876991019883e-04,-0.000000000000000000e+00,-1.556308458752028168e-01,-2.316917785582049139e-01,-0.000000000000000000e+00,-0.000000000000000000e+00,-0.000000000000000000e+00,-1.628879533151823544e-01,-3.756350630421020909e-02
-0.000000000000000000e+00,-0.000000000000000000e+00,-0.000000000000000000e+00,0.000000000000000000e+00,-8.132261021692695213e-02,-0.000000000000000000e+00,-0.000000000000000000e+00,0.000000000000000000e+00,-0.000000000000000000e+00,-0.000000000000000000e+00,-2.645159098899551968e-03,-0.000000000000000000e+00,0.000000000000000000e+00,-0.000000000000000000e+00,0.000000000000000000e+00,-0.000000000000000000e+00,-0.000000000000000000e+00,-0.000000000000000000e+00,-0.000000000000000000e+00,-0.000000000000000000e+00,-0.000000000000000000e+00,-0.000000000000000000e+00,-0.000000000000000000e+00,-0.000000000000000000e+00,-0.000000000000000000e+00,-6.249101192012305184e-01,1.814956044681645064e+00,-0.000000000000000000e+00,-1.043470931833315012e-02,-0.000000000000000000e+00,-1.512569442284051879e-01,-0.000000000000000000e+00,-1.414539909682498986e-01,-4.107190711648296688e-02,-0.000000000000000000e+00,-0.000000000000000000e+00,0.000000000000000000e+00,-0.000000000000000000e+00,-4.817492196474402744e-01
-0.000000000000000000e+00,-0.000000000000000000e+00,-3.420333726114181960e-01,-0.000000000000000000e+00,-0.000000000000000000e+00,0.000000000000000000e+00,-2.372908776354795690e-01,0.000000000000000000e+00,-2.969786876256680364e-01,-0.000000000000000000e+00,-0.000000000000000000e+00,-1.139467030100184131e-01,-0.000000000000000000e+00,-0.000000000000000000e+00,-3.769237868902232669e-01,-0.000000000000000000e+00,-0.000000000000000000e+00,-0.000000000000000000e+00,-0.000000000000000000e+00,-0.000000000000000000e+00,-9.469707610231437381e-03,-1.953737465168797205e-01,-4.623617880566215782e-02,-0.000000000000000000e+00,-1.309990395863434853e-01,-1.449819337330006119e-01,-0.000000000000000000e+00,2.491683645542503989e+00,-0.000000000000000000e+00,-0.000000000000000000e+00,-4.090730971532371418e-01,-0.000000000000000000e+00,-4.432504634073107797e-01,-8.186529912782948559e-02,-1.467829747664527000e-03,0.000000000000000000e+00,-0.000000000000000000e+00,-0.000000000000000000e+00,-0.000000000000000000e+00
-6.750192450596349814e-02,-0.000000000000000000e+00,-0.000000000000000000e+00,-0.000000000000000000e+00,-0.000000000000000000e+00,-0.000000000000000000e+00,-0.000000000000000000e+00,0.000000000000000000e+00,-0.000000000000000000e+00,-0.000000000000000000e+00,-0.000000000000000000e+00,-0.000000000000000000e+00,-0.000000000000000000e+00,-6.192962676199770256e-02,-0.000000000000000000e+00,-0.000000000000000000e+00,-2.341130009328706851e-01,-2.558668079759776059e-01,-0.000000000000000000e+00,-0.000000000000000000e+00,-0.000000000000000000e+00,-0.000000000000000000e+00,-0.000000000000000000e+00,-0.000000000000000000e+00,-0.000000000000000000e+00,-5.618483388255366417e-01,-1.043470931833315012e-02,-0.000000000000000000e+00,2.091529731375472156e+00,-0.000000000000000000e+00,-0.000000000000000000e+00,-1.819497904129064592e-01,-2.989552225632005969e-02,-0.000000000000000000e+00,-3.584380955046523320e-01,-8.201171578748148172e-02,-2.193400566714130140e-01,-0.000000000000000000e+00,-6.476081350302963224e-02
-1.667616870799630280e-01,-0.000000000000000000e+00,-0.000000000000000000e+00,0.000000000000000000e+00,-1.783028188718643048e-01,-0.000000000000000000e+00,0.000000000000000000e+00,0.000000000000000000e+00,-2.086646119400498434e-01,-4.743461980617286744e-01,-0.000000000000000000e+00,0.000000000000000000e+00,-0.000000000000000000e+00,-2.193111518579004549e-01,0.000000000000000000e+00,-4.019170482046683923e-01,-3.829658382948124273e-02,-0.000000000000000000e+00,0.000000000000000000e+00,-0.000000000000000000e+00,-0.000000000000000000e+00,-0.000000000000000000e+00,-1.472369463868917483e-01,-0.000000000000000000e+00,-0.000000000000000000e+00,-0.000000000000000000e+00,-0.000000000000000000e+00,-0.000000000000000000e+00,-0.000000000000000000e+00,2.128545597237328835e+00,-0.000000000000000000e+00,-9.000957542179358062e-02,-0.000000000000000000e+00,-0.000000000000000000e+00,-0.000000000000000000e+00,-7.423841071663501989e-02,-5.178045087915821715e-02,-0.000000000000000000e+00,-0.000000000000000000e+00
-3.413976151831425027e-02,-0.000000000000000000e+00,-1.749099051526712689e-01,0.000000000000000000e+00,-0.000000000000000000e+00,0.000000000000000000e+00,-0.000000000000000000e+00,1.306181357433396639e-01,-2.614365494695365388e-01,-0.000000000000000000e+00,-0.000000000000000000e+00,-0.000000000000000000e+00,1.346221460676233495e-01,-0.000000000000000000e+00,-0.000000000000000000e+00,-8.444404284577042286e-02,0.000000000000000000e+00,0.000000000000000000e+00,0.000000000000000000e+00,-0.000000000000000000e+00,-0.000000000000000000e+00,-0.000000000000000000e+00,-0.000000000000000000e+00,-0.000000000000000000e+00,-6.157978871187134995e-02,-8.314361876991019883e-04,-1.512569442284051879e-01,-4.090730971532371418e-01,-0.000000000000000000e+00,-0.000000000000000000e+00,1.873173205583160472e+00,-0.000000000000000000e+00,-0.000000000000000000e+00,-2.056660243101663954e-01,-0.000000000000000000e+00,0.000000000000000000e+00,0.000000000000000000e+00,-0.000000000000000000e+00,-1.929709403040768545e-01
-2.771423984540456464e-01,-4.579127138991313517e-01,-0.000000000000000000e+00,0.000000000000000000e+00,-3.057828734953890737e-02,-0.000000000000000000e+00,-0.000000000000000000e+00,0.000000000000000000e+00,-0.000000000000000000e+00,-7.955466563865888630e-02,-1.058792720174973057e-01,-0.000000000000000000e+00,-0.000000000000000000e+00,-3.373093067825031488e-01,-0.000000000000000000e+00,-0.000000000000000000e+00,-0.000000000000000000e+00,-0.000000000000000000e+00,0.000000000000000000e+00,-0.000000000000000000e+00,-0.000000000000000000e+00,-0.000000000000000000e+00,-1.100552628644343167e-01,-0.000000000000000000e+00,-0.000000000000000000e+00,-0.000000000000000000e+00,-0.000000000000000000e+00,-0.000000000000000000e+00,-1.819497904129064592e-01,-9.000957542179358062e-02,-0.000000000000000000e+00,2.357642730398079145e+00,-0.000000000000000000e+00,-0.000000000000000000e+00,-3.261235868211603828e-01,-0.000000000000000000e+00,-5.035348367815916104e-01,0.000000000000000000e+00,-0.000000000000000000e+00
-0.000000000000000000e+00,-0.000000000000000000e+00,-0.000000000000000000e+00,0.000000000000000000e+00,-1.757441183970844256e-01,0.000000000000000000e+00,-0.000000000000000000e+00,0.000000000000000000e+00,-0.000000000000000000e+00,-0.000000000000000000e+00,-0.000000000000000000e+00,-0.000000000000000000e+00,-0.000000000000000000e+00,-1.961149951187854679e-01,-0.000000000000000000e+00,-0.000000000000000000e+00,-0.000000000000000000e+00,-0.000000000000000000e+00,0.000000000000000000e+00,-0.000000000000000000e+00,-0.000000000000000000e+00,-8.789571424657764698e-02,-0.000000000000000000e+00,-0.000000000000000000e+00,-4.557971413931199978e-01,-1.556308458752028168e-01,-1.414539909682498986e-01,-4.432504634073107797e-01,-2.989552225632005969e-02,-0.000000000000000000e+00,-0.000000000000000000e+00,-0.000000000000000000e+00,1.861685238970136380e+00,-0.000000000000000000e+00,-0.000000000000000000e+00,0.000000000000000000e+00,-0.000000000000000000e+00,-0.000000000000000000e+00,-0.000000000000000000e+00
-0.000000000000000000e+00,-0.000000000000000000e+00,-1.190643752339322348e-01,0.000000000000000000e+00,-4.766396710754592925e-01,0.000000000000000000e+00,-0.000000000000000000e+00,1.361049890388200401e-01,-5.443357350310710219e-01,-0.000000000000000000e+00,0.000000000000000000e+00,0.000000000000000000e+00,0.000000000000000000e+00,-4.342183963994449697e-02,-0.000000000000000000e+00,-0.000000000000000000e+00,0.000000000000000000e+00,0.000000000000000000e+00,7.445853161670214215e-02,-0.000000000000000000e+00,-1.531507033817489649e-01,-0.000000000000000000e+00,-1.985499892102556285e-01,-2.699557632776994343e-02,-1.999567619571497867e-01,-2.316917785582049139e-01,-4.107190711648296688e-02,-8.186529912782948559e-02,-0.000000000000000000e+00,-0.000000000000000000e+00,-2.056660243101663954e-01,-0.000000000000000000e+00,-0.000000000000000000e+00,2.396125042850380638e+00,-0.000000000000000000e+00,0.000000000000000000e+00,-0.000000000000000000e+00,0.000000000000000000e+00,-0.000000000000000000e+00
-0.000000000000000000e+00,-5.772459113891336563e-02,-0.000000000000000000e+00,-0.000000000000000000e+00,-0.000000000000000000e+00,-9.328970411919836059e-02,-0.000000000000000000e+00,0.000000000000000000e+00,-0.000000000000000000e+00,-0.000000000000000000e+00,-0.000000000000000000e+00,-2.110335384745256615e-01,-1.471296030256017545e-02,-0.000000000000000000e+00,-0.000000000000000000e+00,-0.000000000000000000e+00,-2.449409769304838891e-01,-1.620700545305008566e-01,-0.000000000000000000e+00,-0.000000000000000000e+00,-0.000000000000000000e+00,-6.703676997206607646e-02,-0.000000000000000000e+00,-0.000000000000000000e+00,-0.000000000000000000e+00,-0.000000000000000000e+00,-0.000000000000000000e+00,-1.467829747664527000e-03,-3.584380955046523320e-01,-0.000000000000000000e+00,-0.000000000000000000e+00,-3.261235868211603828e-01,-0.000000000000000000e+00,-0.000000000000000000e+00,1.913708933358382769e+00,-1.274550246573894485e-01,-2.272352085352704332e-01,-0.000000000000000000e+00,-1.196571576682436133e-01
-0.000000000000000000e+00,-1.100929009568230033e-01,-0.000000000000000000e+00,-0.000000000000000000e+00,-0.000000000000000000e+00,-2.805928827694937344e-01,0.000000000000000000e+00,0.000000000000000000e+00,0.000000000000000000e+00,-0.000000000000000000e+00,-0.000000000000000000e+00,-0.000000000000000000e+00,0.000000000000000000e+00,-0.000000000000000000e+00,0.000000000000000000e+00,-0.000000000000000000e+00,-2.139170001828053502e-01,-1.930876743092704018e-01,-0.000000000000000000e+00,-0.000000000000000000e+00,0.000000000000000000e+00,-0.000000000000000000e+00,0.000000000000000000e+00,0.000000000000000000e+00,0.000000000000000000e+00,-0.000000000000000000e+00,-0.000000000000000000e+00,0.000000000000000000e+00,-8.201171578748148172e-02,-7.423841071663501989e-02,0.000000000000000000e+00,-0.000000000000000000e+00,0.000000000000000000e+00,0.000000000000000000e+00,-1.274550246573894485e-01,1.369994837158633016e+00,-0.000000000000000000e+00,-3.033373170163798215e-03,-2.229968863599115971e-03
-0.000000000000000000e+00,-4.325411857869353172e-02,-0.000000000000000000e+00,0.000000000000000000e+00,-0.000000000000000000e+00,-2.065885207557750236e-01,0.000000000000000000e+00,0.000000000000000000e+00,-0.000000000000000000e+00,-7.003585227417924441e-02,-0.000000000000000000e+00,0.000000000000000000e+00,-1.479042229713462553e-01,-1.082365469811966546e-01,0.000000000000000000e+00,-0.000000000000000000e+00,-5.611909207322989283e-04,-0.000000000000000000e+00,0.000000000000000000e+00,0.000000000000000000e+00,-0.000000000000000000e+00,0.000000000000000000e+00,-0.000000000000000000e+00,-0.000000000000000000e+00,-0.000000000000000000e+00,-0.000000000000000000e+00,0.000000000000000000e+00,-0.000000000000000000e+00,-2.193400566714130140e-01,-5.178045087915821715e-02,0.000000000000000000e+00,-5.035348367815916104e-01,-0.000000000000000000e+00,-0.000000000000000000e+00,-2.272352085352704332e-01,-0.000000000000000000e+00,1.678239376360063817e+00,0.000000000000000000e+00,0.000000000000000000e+00
-0.000000000000000000e+00,0.000000000000000000e+00,-0.000000000000000000e+00,-0.000000000000000000e+00,-0.000000000000000000e+00,0.000000000000000000e+00,-0.000000000000000000e+00,-0.000000000000000000e+00,-0.000000000000000000e+00,0.000000000000000000e+00,-0.000000000000000000e+00,-0.000000000000000000e+00,0.000000000000000000e+00,-0.000000000000000000e+00,-0.000000000000000000e+00,0.000000000000000000e+00,-1.476507099254975308e-01,-2.899166269811291330e-01,-2.550231117476918219e-01,-0.000000000000000000e+00,0.000000000000000000e+00,-0.000000000000000000e+00,0.000000000000000000e+00,0.000000000000000000e+00,0.000000000000000000e+00,-1.628879533151823544e-01,-0.000000000000000000e+00,-0.000000000000000000e+00,-0.000000000000000000e+00,-0.000000000000000000e+00,-0.000000000000000000e+00,0.000000000000000000e+00,-0.000000000000000000e+00,0.000000000000000000e+00,-0.000000000000000000e+00,-3.033373170163798215e-03,0.000000000000000000e+00,1.564486967643034854e+00,-4.303897372753778261e-01
-3.006586895682061278e-01,-0.000000000000000000e+00,-0.000000000000000000e+00,-0.000000000000000000e+00,-0.000000000000000000e+00,-0.000000000000000000e+00,-3.756611612558895252e-02,0.000000000000000000e+00,-0.000000000000000000e+00,-0.000000000000000000e+00,-3.626115132565761456e-01,-9.496272179149260750e-02,0.000000000000000000e+00,-0.000000000000000000e+00,-0.000000000000000000e+00,-0.000000000000000000e+00,-0.000000000000000000e+00,-9.865540789733336785e-04,-0.000000000000000000e+00,-0.000000000000000000e+00,-0.000000000000000000e+00,-0.000000000000000000e+00,-0.000000000000000000e+00,-0.000000000000000000e+00,-0.000000000000000000e+00,-3.756350630421020909e-02,-4.817492196474402744e-01,-0.000000000000000000e+00,-6.476081350302963224e-02,-0.000000000000000000e+00,-1.929709403040768545e-01,-0.000000000000000000e+00,-0.000000000000000000e+00,-0.000000000000000000e+00,-1.196571576682436133e-01,-2.229968863599115971e-03,0.000000000000000000e+00,-4.303897372753778261e-01,1.983472905733510760e+00
