1.406450213504524704e+00,-2.022915036917927456e-01,0.000000000000000000e+00,-0.000000000000000000e+00,0.000000000000000000e+00,0.000000000000000000e+00,-0.000000000000000000e+00,-0.000000000000000000e+00,-2.548686695870317487e-01,-3.490872549681074966e-01,0.000000000000000000e+00,0.000000000000000000e+00,-4.125018297656093957e-02,-0.000000000000000000e+00,0.000000000000000000e+00,-2.988320465453320751e-01,0.000000000000000000e+00,-0.000000000000000000e+00,-0.000000000000000000e+00,-0.000000000000000000e+00,-0.000000000000000000e+00,-0.000000000000000000e+00,-0.000000000000000000e+00,0.000000000000000000e+00,-0.000000000000000000e+00,-0.000000000000000000e+00,-0.000000000000000000e+00,-0.000000000000000000e+00,-0.000000000000000000e+00,-0.000000000000000000e+00,-0.000000000000000000e+00,-0.000000000000000000e+00,-0.000000000000000000e+00,0.000000000000000000e+00,-0.000000000000000000e+00,-0.000000000000000000e+00,-0.000000000000000000e+00,-0.000000000000000000e+00,-0.000000000000000000e+00
-2.022915036917927456e-01,2.374359075891234738e+00,-0.000000000000000000e+00,-0.000000000000000000e+00,-0.000000000000000000e+00,-0.000000000000000000e+00,-1.769324991372207279e-01,0.000000000000000000e+00,-0.000000000000000000e+00,-4.414350456144494617e-01,-0.000000000000000000e+00,0.000000000000000000e+00,-5.592475695942029923e-02,-0.000000000000000000e+00,0.000000000000000000e+00,-4.340621274499972815e-01,0.000000000000000000e+00,-1.870950467486824920e-01,-1.525794702103377698e-01,-1.710039323564579439e-01,-3.012999689469910147e-01,-6.467212447926071195e-02,-2.136798477377291894e-01,-0.000000000000000000e+00,-0.000000000000000000e+00,-0.000000000000000000e+00,-0.000000000000000000e+00,-4.277166400579011235e-02,-0.000000000000000000e+00,-0.000000000000000000e+00,-0.000000000000000000e+00,-5.394548743560938914e-02,-0.000000000000000000e+00,0.000000000000000000e+00,-0.000000000000000000e+00,-0.000000000000000000e+00,-0.000000000000000000e+00,0.000000000000000000e+00,0.000000000000000000e+00
0.000000000000000000e+00,-0.000000000000000000e+00,2.788786894747843803e+00,0.000000000000000000e+00,-3.327685475346930932e-01,-0.000000000000000000e+00,-0.000000000000000000e+00,6.387104934122688205e-01,0.000000000000000000e+00,-0.000000000000000000e+00,-0.000000000000000000e+00,0.000000000000000000e+00,-0.000000000000000000e+00,-2.445663712145177554e-02,0.000000000000000000e+00,-0.000000000000000000e+00,-0.000000000000000000e+00,-0.000000000000000000e+00,-0.000000000000000000e+00,-4.513856657614453288e-02,-0.000000000000000000e+00,-1.260365064664780432e-01,-0.000000000000000000e+00,-2.740953901273166515e-01,-1.048802222532022183e-01,-1.039500256685293028e-01,-2.731005726161338520e-01,-0.000000000000000000e+00,-2.403514423517549570e-01,0.000000000000000000e+00,-1.084085926839699898e-01,-1.598889700233457889e-01,-3.023505131377245414e-01,0.000000000000000000e+00,-0.000000000000000000e+00,-1.113976166839841381e-01,-0.000000000000000000e+00,0.000000000000000000e+00,2.414917096534836133e-02
-0.000000000000000000e+00,-0.000000000000000000e+00,0.000000000000000000e+00,1.003915933996459842e+00,-0.000000000000000000e+00,0.000000000000000000e+00,-0.000000000000000000e+00,-0.000000000000000000e+00,0.000000000000000000e+00,0.000000000000000000e+00,0.000000000000000000e+00,0.000000000000000000e+00,0.000000000000000000e+00,0.000000000000000000e+00,0.000000000000000000e+00,-0.000000000000000000e+00,0.000000000000000000e+00,-0.000000000000000000e+00,-0.000000000000000000e+00,-0.000000000000000000e+00,-0.000000000000000000e+00,-0.000000000000000000e+00,0.000000000000000000e+00,0.000000000000000000e+00,0.000000000000000000e+00,0.000000000000000000e+00,0.000000000000000000e+00,4.515190799982007896e-02,0.000000000000000000e+00,0.000000000000000000e+00,2.500787568913542813e-02,0.000000000000000000e+00,0.000000000000000000e+00,0.000000000000000000e+00,0.000000000000000000e+00,-0.000000000000000000e+00,0.000000000000000000e+00,0.000000000000000000e+00,0.000000000000000000e+00
0.000000000000000000e+00,-0.000000000000000000e+00,-3.327685475346930932e-01,-0.000000000000000000e+00,2.235237414409102730e+00,-0.000000000000000000e+00,-0.000000000000000000e+00,4.272514365438760953e-01,1.538248045261150498e-01,-0.000000000000000000e+00,-0.000000000000000000e+00,-0.000000000000000000e+00,-0.000000000000000000e+00,-0.000000000000000000e+00,0.000000000000000000e+00,-0.000000000000000000e+00,-0.000000000000000000e+00,-0.000000000000000000e+00,-0.000000000000000000e+00,-5.945477811129126072e-02,-0.000000000000000000e+00,-4.047031286384114579e-01,-0.000000000000000000e+00,-0.000000000000000000e+00,-0.000000000000000000e+00,-0.000000000000000000e+00,-1.058682066769398716e-01,-0.000000000000000000e+00,-0.000000000000000000e+00,4.424956434015072521e-02,-0.000000000000000000e+00,-0.000000000000000000e+00,-3.485415475870676932e-02,1.130909081797632637e-01,-0.000000000000000000e+00,-4.851358797431267744e-01,-0.000000000000000000e+00,0.000000000000000000e+00,0.000000000000000000e+00
0.000000000000000000e+00,-0.000000000000000000e+00,-0.000000000000000000e+00,0.000000000000000000e+00,-0.000000000000000000e+00,1.703666321313932253e+00,-0.000000000000000000e+00,4.734323181497976374e-02,0.000000000000000000e+00,0.000000000000000000e+00,-8.018133612769001717e-02,0.000000000000000000e+00,-0.000000000000000000e+00,-0.000000000000000000e+00,1.567646843958271918e-01,0.000000000000000000e+00,-1.577420553204677833e-01,-0.000000000000000000e+00,-0.000000000000000000e+00,-0.000000000000000000e+00,-0.000000000000000000e+00,-0.000000000000000000e+00,-0.000000000000000000e+00,-2.742303850088328998e-01,-1.363523828264697202e-01,-0.000000000000000000e+00,-0.000000000000000000e+00,-0.000000000000000000e+00,-0.000000000000000000e+00,0.000000000000000000e+00,-5.491948983139962603e-01,-0.000000000000000000e+00,-0.000000000000000000e+00,0.000000000000000000e+00,-0.000000000000000000e+00,-0.000000000000000000e+00,-0.000000000000000000e+00,0.000000000000000000e+00,6.809708407852839429e-02
-0.000000000000000000e+00,-1.769324991372207279e-01,-0.000000000000000000e+00,-0.000000000000000000e+00,-0.000000000000000000e+00,-0.000000000000000000e+00,1.710583085942661619e+00,0.000000000000000000e+00,-0.000000000000000000e+00,-1.612653643988328778e-01,0.000000000000000000e+00,0.000000000000000000e+00,-0.000000000000000000e+00,-0.000000000000000000e+00,0.000000000000000000e+00,-2.258787130767893059e-01,0.000000000000000000e+00,-2.751408777496957558e-01,-1.228540003904639716e-01,-5.317718705948359242e-02,-1.523506345449051613e-01,-0.000000000000000000e+00,-9.838369881760010427e-02,0.000000000000000000e+00,-0.000000000000000000e+00,-0.000000000000000000e+00,-0.000000000000000000e+00,-8.268136641131239306e-02,-0.000000000000000000e+00,0.000000000000000000e+00,-0.000000000000000000e+00,-0.000000000000000000e+00,-0.000000000000000000e+00,1.667567849857427842e-01,0.000000000000000000e+00,-0.000000000000000000e+00,-0.000000000000000000e+00,0.000000000000000000e+00,0.000000000000000000e+00
-0.000000000000000000e+00,0.000000000000000000e+00,6.387104934122688205e-01,-0.000000000000000000e+00,4.272514365438760953e-01,4.734323181497976374e-02,0.000000000000000000e+00,2.642290008652035560e+00,-1.650174563058128541e-01,0.000000000000000000e+00,0.000000000000000000e+00,-0.000000000000000000e+00,0.000000000000000000e+00,0.000000000000000000e+00,-0.000000000000000000e+00,0.000000000000000000e+00,0.000000000000000000e+00,0.000000000000000000e+00,0.000000000000000000e+00,0.000000000000000000e+00,0.000000000000000000e+00,1.408192560559272943e-01,0.000000000000000000e+00,2.554467085653711056e-01,4.005120389756011701e-02,1.291659994875725415e-01,2.249466197313986227e-01,0.000000000000000000e+00,1.598537512566627072e-01,-0.000000000000000000e+00,0.000000000000000000e+00,0.000000000000000000e+00,1.584177942394780769e-01,-0.000000000000000000e+00,0.000000000000000000e+00,1.647289167893633277e-01,0.000000000000000000e+00,-0.000000000000000000e+00,-1.935320721722652848e-01
-2.548686695870317487e-01,-0.000000000000000000e+00,0.000000000000000000e+00,0.000000000000000000e+00,1.538248045261150498e-01,0.000000000000000000e+00,-0.000000000000000000e+00,-1.650174563058128541e-01,1.480866203192750863e+00,-0.000000000000000000e+00,0.000000000000000000e+00,0.000000000000000000e+00,-0.000000000000000000e+00,0.000000000000000000e+00,0.000000000000000000e+00,-0.000000000000000000e+00,-0.000000000000000000e+00,0.000000000000000000e+00,0.000000000000000000e+00,0.000000000000000000e+00,0.000000000000000000e+00,0.000000000000000000e+00,0.000000000000000000e+00,0.000000000000000000e+00,0.000000000000000000e+00,0.000000000000000000e+00,0.000000000000000000e+00,-0.000000000000000000e+00,0.000000000000000000e+00,-4.233409900370710410e-01,0.000000000000000000e+00,0.000000000000000000e+00,0.000000000000000000e+00,-0.000000000000000000e+00,-0.000000000000000000e+00,2.367422018936252426e-01,0.000000000000000000e+00,-0.000000000000000000e+00,-2.038064506212761973e-01
-3.490872549681074966e-01,-4.414350456144494617e-01,-0.000000000000000000e+00,0.000000000000000000e+00,-0.000000000000000000e+00,0.000000000000000000e+00,-1.612653643988328778e-01,0.000000000000000000e+00,-0.000000000000000000e+00,2.153014028032947724e+00,-0.000000000000000000e+00,0.000000000000000000e+00,-1.579572276864898983e-01,-0.000000000000000000e+00,0.000000000000000000e+00,-5.962717456658727100e-01,-0.000000000000000000e+00,-0.000000000000000000e+00,-0.000000000000000000e+00,-1.252358071902656411e-01,-1.385575309611803696e-01,-0.000000000000000000e+00,-2.376886327066605326e-02,0.000000000000000000e+00,-0.000000000000000000e+00,-0.000000000000000000e+00,-0.000000000000000000e+00,-1.390678821158440048e-01,-0.000000000000000000e+00,-0.000000000000000000e+00,-0.000000000000000000e+00,-0.000000000000000000e+00,-0.000000000000000000e+00,0.000000000000000000e+00,-0.000000000000000000e+00,-0.000000000000000000e+00,-0.000000000000000000e+00,-0.000000000000000000e+00,-0.000000000000000000e+00
0.000000000000000000e+00,-0.000000000000000000e+00,-0.000000000000000000e+00,0.000000000000000000e+00,-0.000000000000000000e+00,-8.018133612769001717e-02,0.000000000000000000e+00,0.000000000000000000e+00,0.000000000000000000e+00,-0.000000000000000000e+00,2.060789580637743423e+00,0.000000000000000000e+00,-0.000000000000000000e+00,-4.189136229878121509e-01,0.000000000000000000e+00,0.000000000000000000e+00,-7.022578642665961990e-01,-0.000000000000000000e+00,-0.000000000000000000e+00,-0.000000000000000000e+00,-0.000000000000000000e+00,-0.000000000000000000e+00,-0.000000000000000000e+00,-3.866158854550528212e-01,-0.000000000000000000e+00,-0.000000000000000000e+00,-0.000000000000000000e+00,-0.000000000000000000e+00,-0.000000000000000000e+00,-0.000000000000000000e+00,-0.000000000000000000e+00,-8.953105109100759074e-02,-5.780516018589958865e-02,-0.000000000000000000e+00,-0.000000000000000000e+00,-0.000000000000000000e+00,-1.188722886740902623e-01,0.000000000000000000e+00,3.887262293219910514e-02
0.000000000000000000e+00,0.000000000000000000e+00,0.000000000000000000e+00,0.000000000000000000e+00,-0.000000000000000000e+00,0.000000000000000000e+00,0.000000000000000000e+00,-0.000000000000000000e+00,0.000000000000000000e+00,0.000000000000000000e+00,0.000000000000000000e+00,9.999999999999993339e-01,0.000000000000000000e+00,0.000000000000000000e+00,-0.000000000000000000e+00,-0.000000000000000000e+00,0.000000000000000000e+00,0.000000000000000000e+00,0.000000000000000000e+00,0.000000000000000000e+00,-0.000000000000000000e+00,-0.000000000000000000e+00,-0.000000000000000000e+00,0.000000000000000000e+00,0.000000000000000000e+00,0.000000000000000000e+00,0.000000000000000000e+00,0.000000000000000000e+00,0.000000000000000000e+00,0.000000000000000000e+00,0.000000000000000000e+00,0.000000000000000000e+00,0.000000000000000000e+00,0.000000000000000000e+00,0.000000000000000000e+00,-0.000000000000000000e+00,0.000000000000000000e+00,-0.000000000000000000e+00,-0.000000000000000000e+00
-4.125018297656093957e-02,-5.592475695942029923e-02,-0.000000000000000000e+00,0.000000000000000000e+00,-0.000000000000000000e+00,-0.000000000000000000e+00,-0.000000000000000000e+00,0.000000000000000000e+00,-0.000000000000000000e+00,-1.579572276864898983e-01,-0.000000000000000000e+00,0.000000000000000000e+00,1.487082955799033934e+00,-1.171043818315481710e-01,0.000000000000000000e+00,-0.000000000000000000e+00,-0.000000000000000000e+00,-1.015735905012596363e-01,-2.939211395845237398e-02,-0.000000000000000000e+00,-0.000000000000000000e+00,-0.000000000000000000e+00,-0.000000000000000000e+00,-0.000000000000000000e+00,-0.000000000000000000e+00,-0.000000000000000000e+00,-0.000000000000000000e+00,-1.654296549535036742e-01,-0.000000000000000000e+00,-0.000000000000000000e+00,-2.024968467548548812e-01,-2.536254151288978576e-01,-0.000000000000000000e+00,0.000000000000000000e+00,-0.000000000000000000e+00,-0.000000000000000000e+00,-5.298041952056839476e-02,0.000000000000000000e+00,0.000000000000000000e+00
-0.000000000000000000e+00,-0.000000000000000000e+00,-2.445663712145177554e-02,0.000000000000000000e+00,-0.000000000000000000e+00,-0.000000000000000000e+00,-0.000000000000000000e+00,0.000000000000000000e+00,0.000000000000000000e+00,-0.000000000000000000e+00,-4.189136229878121509e-01,0.000000000000000000e+00,-1.171043818315481710e-01,2.230602289795973636e+00,0.000000000000000000e+00,-0.000000000000000000e+00,-2.519813120898065639e-01,-0.000000000000000000e+00,-0.000000000000000000e+00,-0.000000000000000000e+00,-2.746794774527709301e-02,-0.000000000000000000e+00,-0.000000000000000000e+00,-1.369593932521205870e-01,-0.000000000000000000e+00,-0.000000000000000000e+00,-1.625839636306086189e-01,-0.000000000000000000e+00,-2.970096503007921968e-02,-0.000000000000000000e+00,-6.429874376414040915e-02,-1.627328039590000552e-01,-4.536024254243659626e-01,-0.000000000000000000e+00,-1.019198687108092555e-01,-0.000000000000000000e+00,-3.188438675460369409e-01,0.000000000000000000e+00,0.000000000000000000e+00
0.000000000000000000e+00,0.000000000000000000e+00,0.000000000000000000e+00,0.000000000000000000e+00,0.000000000000000000e+00,1.567646843958271918e-01,0.000000000000000000e+00,-0.000000000000000000e+00,0.000000000000000000e+00,0.000000000000000000e+00,0.000000000000000000e+00,-0.000000000000000000e+00,0.000000000000000000e+00,0.000000000000000000e+00,1.340757261465428618e+00,0.000000000000000000e+00,5.168173204047379335e-05,1.103025196736450997e-01,2.076263029317135800e-01,0.000000000000000000e+00,0.000000000000000000e+00,0.000000000000000000e+00,0.000000000000000000e+00,0.000000000000000000e+00,0.000000000000000000e+00,0.000000000000000000e+00,0.000000000000000000e+00,0.000000000000000000e+00,0.000000000000000000e+00,-0.000000000000000000e+00,2.024603828254360194e-01,0.000000000000000000e+00,0.000000000000000000e+00,-0.000000000000000000e+00,0.000000000000000000e+00,0.000000000000000000e+00,0.000000000000000000e+00,-2.541086342844712243e-01,-0.000000000000000000e+00
-2.988320465453320751e-01,-4.340621274499972815e-01,-0.000000000000000000e+00,-0.000000000000000000e+00,-0.000000000000000000e+00,0.000000000000000000e+00,-2.258787130767893059e-01,0.000000000000000000e+00,-0.000000000000000000e+00,-5.962717456658727100e-01,0.000000000000000000e+00,-0.000000000000000000e+00,-0.000000000000000000e+00,-0.000000000000000000e+00,0.000000000000000000e+00,2.156162269696903167e+00,0.000000000000000000e+00,-1.037898526648720343e-01,-0.000000000000000000e+00,-1.167584033310942876e-01,-0.000000000000000000e+00,-0.000000000000000000e+00,-2.141559219079225695e-01,0.000000000000000000e+00,-0.000000000000000000e+00,-0.000000000000000000e+00,-0.000000000000000000e+00,-9.391941011913523818e-02,-0.000000000000000000e+00,-0.000000000000000000e+00,-0.000000000000000000e+00,-0.000000000000000000e+00,-0.000000000000000000e+00,0.000000000000000000e+00,0.000000000000000000e+00,-0.000000000000000000e+00,-0.000000000000000000e+00,-0.000000000000000000e+00,-0.000000000000000000e+00
0.000000000000000000e+00,0.000000000000000000e+00,-0.000000000000000000e+00,0.000000000000000000e+00,-0.000000000000000000e+00,-1.577420553204677833e-01,0.000000000000000000e+00,0.000000000000000000e+00,-0.000000000000000000e+00,-0.000000000000000000e+00,-7.022578642665961990e-01,0.000000000000000000e+00,-0.000000000000000000e+00,-2.519813120898065639e-01,5.168173204047379335e-05,0.000000000000000000e+00,1.876402893823255980e+00,-0.000000000000000000e+00,-0.000000000000000000e+00,0.000000000000000000e+00,-0.000000000000000000e+00,-0.000000000000000000e+00,-0.000000000000000000e+00,-2.230065512394898974e-01,-0.000000000000000000e+00,-0.000000000000000000e+00,-0.000000000000000000e+00,-0.000000000000000000e+00,-0.000000000000000000e+00,-0.000000000000000000e+00,-0.000000000000000000e+00,-0.000000000000000000e+00,-0.000000000000000000e+00,-0.000000000000000000e+00,-2.765859793289927593e-01,-0.000000000000000000e+00,-4.229242208450317148e-02,0.000000000000000000e+00,0.000000000000000000e+00
-0.000000000000000000e+00,-1.870950467486824920e-01,-0.000000000000000000e+00,-0.000000000000000000e+00,-0.000000000000000000e+00,-0.000000000000000000e+00,-2.751408777496957558e-01,0.000000000000000000e+00,0.000000000000000000e+00,-0.000000000000000000e+00,-0.000000000000000000e+00,0.000000000000000000e+00,-1.015735905012596363e-01,-0.000000000000000000e+00,1.103025196736450997e-01,-1.037898526648720343e-01,-0.000000000000000000e+00,2.117655887532342796e+00,-5.708495368230211975e-01,-1.696662444054992114e-01,-4.204546224863172504e-02,-0.000000000000000000e+00,-2.113155737740761708e-01,-0.000000000000000000e+00,-1.028096228495746500e-01,-8.678448823583263805e-02,-0.000000000000000000e+00,-6.610031916580486056e-02,-0.000000000000000000e+00,0.000000000000000000e+00,-0.000000000000000000e+00,-0.000000000000000000e+00,-0.000000000000000000e+00,0.000000000000000000e+00,0.000000000000000000e+00,-6.007937892971858262e-02,-0.000000000000000000e+00,2.174644764100840816e-02,0.000000000000000000e+00
-0.000000000000000000e+00,-1.525794702103377698e-01,-0.000000000000000000e+00,-0.000000000000000000e+00,-0.000000000000000000e+00,-0.000000000000000000e+00,-1.228540003904639716e-01,0.000000000000000000e+00,0.000000000000000000e+00,-0.000000000000000000e+00,-0.000000000000000000e+00,0.000000000000000000e+00,-2.939211395845237398e-02,-0.000000000000000000e+00,2.076263029317135800e-01,-0.000000000000000000e+00,-0.000000000000000000e+00,-5.708495368230211975e-01,1.896243121367434004e+00,-9.959768282716444099e-02,-8.430975707878772540e-02,-4.418747580801061364e-02,-9.404359528098947540e-02,-0.000000000000000000e+00,-5.086978673580649229e-02,-2.560753868784313228e-02,-2.300301603201619985e-02,-0.000000000000000000e+00,-8.209437080416090438e-02,0.000000000000000000e+00,-0.000000000000000000e+00,-6.655020195945965389e-02,-0.000000000000000000e+00,0.000000000000000000e+00,-0.000000000000000000e+00,-7.218386905743665038e-02,-0.000000000000000000e+00,0.000000000000000000e+00,7.143337729186614860e-02
-0.000000000000000000e+00,-1.710039323564579439e-01,-4.513856657614453288e-02,-0.000000000000000000e+00,-5.945477811129126072e-02,-0.000000000000000000e+00,-5.317718705948359242e-02,0.000000000000000000e+00,0.000000000000000000e+00,-1.252358071902656411e-01,-0.000000000000000000e+00,0.000000000000000000e+00,-0.000000000000000000e+00,-0.000000000000000000e+00,0.000000000000000000e+00,-1.167584033310942876e-01,0.000000000000000000e+00,-1.696662444054992114e-01,-9.959768282716444099e-02,2.258431421096745328e+00,-1.559481703988170875e-01,-1.828493976510293384e-01,-2.515977676217399095e-01,-0.000000000000000000e+00,-2.562105326070298617e-01,-1.332694238150007315e-01,-0.000000000000000000e+00,-7.388410649013756049e-02,-4.493262505577219623e-02,0.000000000000000000e+00,-0.000000000000000000e+00,-2.396351509361311152e-02,-0.000000000000000000e+00,1.855497566297088785e-01,-0.000000000000000000e+00,-1.899190840714659323e-01,-0.000000000000000000e+00,0.000000000000000000e+00,0.000000000000000000e+00
-0.000000000000000000e+00,-3.012999689469910147e-01,-0.000000000000000000e+00,-0.000000000000000000e+00,-0.000000000000000000e+00,-0.000000000000000000e+00,-1.523506345449051613e-01,0.000000000000000000e+00,0.000000000000000000e+00,-1.385575309611803696e-01,-0.000000000000000000e+00,-0.000000000000000000e+00,-0.000000000000000000e+00,-2.746794774527709301e-02,0.000000000000000000e+00,-0.000000000000000000e+00,-0.000000000000000000e+00,-4.204546224863172504e-02,-8.430975707878772540e-02,-1.559481703988170875e-01,2.111655188218091617e+00,-5.721656615468910800e-01,-0.000000000000000000e+00,-0.000000000000000000e+00,-0.000000000000000000e+00,-1.745191191311559475e-01,-5.373129442213485374e-02,-0.000000000000000000e+00,-0.000000000000000000e+00,0.000000000000000000e+00,-0.000000000000000000e+00,-0.000000000000000000e+00,-2.404621630827791512e-01,0.000000000000000000e+00,-0.000000000000000000e+00,-9.243427734638809401e-02,-0.000000000000000000e+00,0.000000000000000000e+00,0.000000000000000000e+00
-0.000000000000000000e+00,-6.467212447926071195e-02,-1.260365064664780432e-01,-0.000000000000000000e+00,-4.047031286384114579e-01,-0.000000000000000000e+00,-0.000000000000000000e+00,1.408192560559272943e-01,0.000000000000000000e+00,-0.000000000000000000e+00,-0.000000000000000000e+00,-0.000000000000000000e+00,-0.000000000000000000e+00,-0.000000000000000000e+00,0.000000000000000000e+00,-0.000000000000000000e+00,-0.000000000000000000e+00,-0.000000000000000000e+00,-4.418747580801061364e-02,-1.828493976510293384e-01,-5.721656615468910800e-01,2.365114099015655835e+00,-0.000000000000000000e+00,-0.000000000000000000e+00,-0.000000000000000000e+00,-0.000000000000000000e+00,-0.000000000000000000e+00,-0.000000000000000000e+00,-2.131969565311164772e-02,0.000000000000000000e+00,-0.000000000000000000e+00,-0.000000000000000000e+00,-6.072868994976495793e-01,6.020379008995003708e-03,-0.000000000000000000e+00,-1.328027810163055489e-01,-0.000000000000000000e+00,0.000000000000000000e+00,0.000000000000000000e+00
-0.000000000000000000e+00,-2.136798477377291894e-01,-0.000000000000000000e+00,0.000000000000000000e+00,-0.000000000000000000e+00,-0.000000000000000000e+00,-9.838369881760010427e-02,0.000000000000000000e+00,0.000000000000000000e+00,-2.376886327066605326e-02,-0.000000000000000000e+00,-0.000000000000000000e+00,-0.000000000000000000e+00,-0.000000000000000000e+00,0.000000000000000000e+00,-2.141559219079225695e-01,-0.000000000000000000e+00,-2.113155737740761708e-01,-9.404359528098947540e-02,-2.515977676217399095e-01,-0.000000000000000000e+00,-0.000000000000000000e+00,2.564623946956349432e+00,-0.000000000000000000e+00,-6.216999973334368379e-01,-1.885250132904335851e-01,-0.000000000000000000e+00,-3.955963237543531075e-01,-1.346892887426861807e-01,0.000000000000000000e+00,-0.000000000000000000e+00,-2.670625910322094523e-02,-0.000000000000000000e+00,3.592430411909657006e-02,-0.000000000000000000e+00,-1.219954580627281432e-01,-0.000000000000000000e+00,0.000000000000000000e+00,0.000000000000000000e+00
0.000000000000000000e+00,-0.000000000000000000e+00,-2.740953901273166515e-01,0.000000000000000000e+00,-0.000000000000000000e+00,-2.742303850088328998e-01,0.000000000000000000e+00,2.554467085653711056e-01,0.000000000000000000e+00,0.000000000000000000e+00,-3.866158854550528212e-01,0.000000000000000000e+00,-0.000000000000000000e+00,-1.369593932521205870e-01,0.000000000000000000e+00,0.000000000000000000e+00,-2.230065512394898974e-01,-0.000000000000000000e+00,-0.000000000000000000e+00,-0.000000000000000000e+00,-0.000000000000000000e+00,-0.000000000000000000e+00,-0.000000000000000000e+00,2.267484126345273410e+00,-0.000000000000000000e+00,-0.000000000000000000e+00,-1.085188741192621847e-01,-0.000000000000000000e+00,-2.086162190604412547e-01,0.000000000000000000e+00,-4.459225762961848555e-02,-4.878188717072989150e-02,-5.630869688367622604e-03,0.000000000000000000e+00,-0.000000000000000000e+00,-0.000000000000000000e+00,-3.092125281641363481e-04,1.774204387223098089e-01,2.458874176148116708e-01
-0.000000000000000000e+00,-0.000000000000000000e+00,-1.048802222532022183e-01,0.000000000000000000e+00,-0.000000000000000000e+00,-1.363523828264697202e-01,-0.000000000000000000e+00,4.005120389756011701e-02,0.000000000000000000e+00,-0.000000000000000000e+00,-0.000000000000000000e+00,0.000000000000000000e+00,-0.000000000000000000e+00,-0.000000000000000000e+00,0.000000000000000000e+00,-0.000000000000000000e+00,-0.000000000000000000e+00,-1.028096228495746500e-01,-5.086978673580649229e-02,-2.562105326070298617e-01,-0.000000000000000000e+00,-0.000000000000000000e+00,-6.216999973334368379e-01,-0.000000000000000000e+00,2.604314789228548754e+00,-2.838891348282708837e-01,-1.399796982144181079e-01,-3.238638344745088382e-01,-7.542219098208970129e-02,0.000000000000000000e+00,-2.408308660094521936e-01,-1.094537198533539202e-01,-0.000000000000000000e+00,0.000000000000000000e+00,0.000000000000000000e+00,-1.660030737206862339e-01,-0.000000000000000000e+00,0.000000000000000000e+00,0.000000000000000000e+00
-0.000000000000000000e+00,-0.000000000000000000e+00,-1.039500256685293028e-01,0.000000000000000000e+00,-0.000000000000000000e+00,-0.000000000000000000e+00,-0.000000000000000000e+00,1.291659994875725415e-01,0.000000000000000000e+00,-0.000000000000000000e+00,-0.000000000000000000e+00,0.000000000000000000e+00,-0.000000000000000000e+00,-0.000000000000000000e+00,0.000000000000000000e+00,-0.000000000000000000e+00,-0.000000000000000000e+00,-8.678448823583263805e-02,-2.560753868784313228e-02,-1.332694238150007315e-01,-1.745191191311559475e-01,-0.000000000000000000e+00,-1.885250132904335851e-01,-0.000000000000000000e+00,-2.838891348282708837e-01,2.762724572689036595e+00,-4.037169996714956022e-01,-2.771970924698924921e-01,-4.340460131236206220e-01,0.000000000000000000e+00,-1.157474427110577325e-01,-2.840475255584297143e-01,-0.000000000000000000e+00,0.000000000000000000e+00,-0.000000000000000000e+00,-2.109412310991821138e-01,-0.000000000000000000e+00,1.976884469635262307e-05,0.000000000000000000e+00
-0.000000000000000000e+00,-0.000000000000000000e+00,-2.731005726161338520e-01,0.000000000000000000e+00,-1.058682066769398716e-01,-0.000000000000000000e+00,-0.000000000000000000e+00,2.249466197313986227e-01,0.000000000000000000e+00,-0.000000000000000000e+00,-0.000000000000000000e+00,0.000000000000000000e+00,-0.000000000000000000e+00,-1.625839636306086189e-01,0.000000000000000000e+00,-0.000000000000000000e+00,-0.000000000000000000e+00,-0.000000000000000000e+00,-2.300301603201619985e-02,-0.000000000000000000e+00,-5.373129442213485374e-02,-0.000000000000000000e+00,-0.000000000000000000e+00,-1.085188741192621847e-01,-1.399796982144181079e-01,-4.037169996714956022e-01,2.803732990892723986e+00,-0.000000000000000000e+00,-2.283475935106915045e-01,0.000000000000000000e+00,-2.062577329584998898e-01,-4.248154484983608925e-01,-4.809473678441590107e-03,0.000000000000000000e+00,-0.000000000000000000e+00,-2.851396445323548523e-01,-0.000000000000000000e+00,1.487818091161005052e-01,1.963247437840725806e-01
-0.000000000000000000e+00,-4.277166400579011235e-02,-0.000000000000000000e+00,4.515190799982007896e-02,-0.000000000000000000e+00,-0.000000000000000000e+00,-8.268136641131239306e-02,0.000000000000000000e+00,-0.000000000000000000e+00,-1.390678821158440048e-01,-0.000000000000000000e+00,0.000000000000000000e+00,-1.654296549535036742e-01,-0.000000000000000000e+00,0.000000000000000000e+00,-9.391941011913523818e-02,-0.000000000000000000e+00,-6.610031916580486056e-02,-0.000000000000000000e+00,-7.388410649013756049e-02,-0.000000000000000000e+00,-0.000000000000000000e+00,-3.955963237543531075e-01,-0.000000000000000000e+00,-3.238638344745088382e-01,-2.771970924698924921e-01,-0.000000000000000000e+00,2.128533786934025063e+00,-0.000000000000000000e+00,-0.000000000000000000e+00,-3.748590756766699283e-01,-0.000000000000000000e+00,-0.000000000000000000e+00,0.000000000000000000e+00,-0.000000000000000000e+00,-0.000000000000000000e+00,-0.000000000000000000e+00,0.000000000000000000e+00,0.000000000000000000e+00
-0.000000000000000000e+00,-0.000000000000000000e+00,-2.403514423517549570e-01,0.000000000000000000e+00,-0.000000000000000000e+00,-0.000000000000000000e+00,-0.000000000000000000e+00,1.598537512566627072e-01,0.000000000000000000e+00,-0.000000000000000000e+00,-0.000000000000000000e+00,0.000000000000000000e+00,-0.000000000000000000e+00,-2.970096503007921968e-02,0.000000000000000000e+00,-0.000000000000000000e+00,-0.000000000000000000e+00,-0.000000000000000000e+00,-8.209437080416090438e-02,-4.493262505577219623e-02,-0.000000000000000000e+00,-2.131969565311164772e-02,-1.346892887426861807e-01,-2.086162190604412547e-01,-7.542219098208970129e-02,-4.340460131236206220e-01,-2.283475935106915045e-01,-0.000000000000000000e+00,2.474598727939257614e+00,0.000000000000000000e+00,-0.000000000000000000e+00,-4.647537869356988538e-01,-1.384365585378480486e-02,0.000000000000000000e+00,-0.000000000000000000e+00,-1.083452007788747035e-01,-1.864676652247539423e-01,0.000000000000000000e+00,2.550015321047272368e-02
-0.000000000000000000e+00,-0.000000000000000000e+00,0.000000000000000000e+00,0.000000000000000000e+00,4.424956434015072521e-02,0.000000000000000000e+00,0.000000000000000000e+00,-0.000000000000000000e+00,-4.233409900370710410e-01,-0.000000000000000000e+00,-0.000000000000000000e+00,0.000000000000000000e+00,-0.000000000000000000e+00,-0.000000000000000000e+00,-0.000000000000000000e+00,-0.000000000000000000e+00,-0.000000000000000000e+00,0.000000000000000000e+00,0.000000000000000000e+00,0.000000000000000000e+00,0.000000000000000000e+00,0.000000000000000000e+00,0.000000000000000000e+00,0.000000000000000000e+00,0.000000000000000000e+00,0.000000000000000000e+00,0.000000000000000000e+00,-0.000000000000000000e+00,0.000000000000000000e+00,1.254171410660728458e+00,0.000000000000000000e+00,0.000000000000000000e+00,0.000000000000000000e+00,-1.103552626214863164e-01,-4.230715002742720804e-02,1.537938819583126726e-01,-0.000000000000000000e+00,-0.000000000000000000e+00,-0.000000000000000000e+00
-0.000000000000000000e+00,-0.000000000000000000e+00,-1.084085926839699898e-01,2.500787568913542813e-02,-0.000000000000000000e+00,-5.491948983139962603e-01,-0.000000000000000000e+00,0.000000000000000000e+00,0.000000000000000000e+00,-0.000000000000000000e+00,-0.000000000000000000e+00,0.000000000000000000e+00,-2.024968467548548812e-01,-6.429874376414040915e-02,2.024603828254360194e-01,-0.000000000000000000e+00,-0.000000000000000000e+00,-0.000000000000000000e+00,-0.000000000000000000e+00,-0.000000000000000000e+00,-0.000000000000000000e+00,-0.000000000000000000e+00,-0.000000000000000000e+00,-4.459225762961848555e-02,-2.408308660094521936e-01,-1.157474427110577325e-01,-2.062577329584998898e-01,-3.748590756766699283e-01,-0.000000000000000000e+00,0.000000000000000000e+00,2.238387786167677529e+00,-4.346687940503917574e-02,-0.000000000000000000e+00,0.000000000000000000e+00,-0.000000000000000000e+00,-0.000000000000000000e+00,-0.000000000000000000e+00,2.208636680803005015e-01,0.000000000000000000e+00
-0.000000000000000000e+00,-5.394548743560938914e-02,-1.598889700233457889e-01,0.000000000000000000e+00,-0.000000000000000000e+00,-0.000000000000000000e+00,-0.000000000000000000e+00,0.000000000000000000e+00,0.000000000000000000e+00,-0.000000000000000000e+00,-8.953105109100759074e-02,0.000000000000000000e+00,-2.536254151288978576e-01,-1.627328039590000552e-01,0.000000000000000000e+00,-0.000000000000000000e+00,-0.000000000000000000e+00,-0.000000000000000000e+00,-6.655020195945965389e-02,-2.396351509361311152e-02,-0.000000000000000000e+00,-0.000000000000000000e+00,-2.670625910322094523e-02,-4.878188717072989150e-02,-1.094537198533539202e-01,-2.840475255584297143e-01,-4.248154484983608925e-01,-0.000000000000000000e+00,-4.647537869356988538e-01,0.000000000000000000e+00,-4.346687940503917574e-02,2.498473169210177147e+00,-8.633335483999618476e-02,0.000000000000000000e+00,-0.000000000000000000e+00,-3.201892708323769016e-02,-2.533091185473665408e-01,0.000000000000000000e+00,0.000000000000000000e+00
-0.000000000000000000e+00,-0.000000000000000000e+00,-3.023505131377245414e-01,0.000000000000000000e+00,-3.485415475870676932e-02,-0.000000000000000000e+00,-0.000000000000000000e+00,1.584177942394780769e-01,0.000000000000000000e+00,-0.000000000000000000e+00,-5.780516018589958865e-02,0.000000000000000000e+00,-0.000000000000000000e+00,-4.536024254243659626e-01,0.000000000000000000e+00,-0.000000000000000000e+00,-0.000000000000000000e+00,-0.000000000000000000e+00,-0.000000000000000000e+00,-0.000000000000000000e+00,-2.404621630827791512e-01,-6.072868994976495793e-01,-0.000000000000000000e+00,-5.630869688367622604e-03,-0.000000000000000000e+00,-0.000000000000000000e+00,-4.809473678441590107e-03,-0.000000000000000000e+00,-1.384365585378480486e-02,0.000000000000000000e+00,-0.000000000000000000e+00,-8.633335483999618476e-02,2.330522873026386943e+00,0.000000000000000000e+00,-9.497933250800373595e-03,-0.000000000000000000e+00,-3.245042437077095832e-01,0.000000000000000000e+00,0.000000000000000000e+00
0.000000000000000000e+00,0.000000000000000000e+00,0.000000000000000000e+00,0.000000000000000000e+00,1.130909081797632637e-01,0.000000000000000000e+00,1.667567849857427842e-01,-0.000000000000000000e+00,-0.000000000000000000e+00,0.000000000000000000e+00,-0.000000000000000000e+00,0.000000000000000000e+00,0.000000000000000000e+00,-0.000000000000000000e+00,-0.000000000000000000e+00,0.000000000000000000e+00,-0.000000000000000000e+00,0.000000000000000000e+00,0.000000000000000000e+00,1.855497566297088785e-01,0.000000000000000000e+00,6.020379008995003708e-03,3.592430411909657006e-02,0.000000000000000000e+00,0.000000000000000000e+00,0.000000000000000000e+00,0.000000000000000000e+00,0.000000000000000000e+00,0.000000000000000000e+00,-1.103552626214863164e-01,0.000000000000000000e+00,0.000000000000000000e+00,0.000000000000000000e+00,1.285863345103653410e+00,-0.000000000000000000e+00,2.110900142907678190e-01,0.000000000000000000e+00,-0.000000000000000000e+00,-0.000000000000000000e+00
-0.000000000000000000e+00,-0.000000000000000000e+00,-0.000000000000000000e+00,0.000000000000000000e+00,-0.000000000000000000e+00,-0.000000000000000000e+00,0.000000000000000000e+00,0.000000000000000000e+00,-0.000000000000000000e+00,-0.000000000000000000e+00,-0.000000000000000000e+00,0.000000000000000000e+00,-0.000000000000000000e+00,-1.019198687108092555e-01,0.000000000000000000e+00,0.000000000000000000e+00,-2.765859793289927593e-01,0.000000000000000000e+00,-0.000000000000000000e+00,-0.000000000000000000e+00,-0.000000000000000000e+00,-0.000000000000000000e+00,-0.000000000000000000e+00,-0.000000000000000000e+00,0.000000000000000000e+00,-0.000000000000000000e+00,-0.000000000000000000e+00,-0.000000000000000000e+00,-0.000000000000000000e+00,-4.230715002742720804e-02,-0.000000000000000000e+00,-0.000000000000000000e+00,-9.497933250800373595e-03,-0.000000000000000000e+00,1.746578736087269101e+00,-0.000000000000000000e+00,-9.243209784869129697e-01,0.000000000000000000e+00,0.000000000000000000e+00
-0.000000000000000000e+00,-0.000000000000000000e+00,-1.113976166839841381e-01,-0.000000000000000000e+00,-4.851358797431267744e-01,-0.000000000000000000e+00,-0.000000000000000000e+00,1.647289167893633277e-01,2.367422018936252426e-01,-0.000000000000000000e+00,-0.000000000000000000e+00,-0.000000000000000000e+00,-0.000000000000000000e+00,-0.000000000000000000e+00,0.000000000000000000e+00,-0.000000000000000000e+00,-0.000000000000000000e+00,-6.007937892971858262e-02,-7.218386905743665038e-02,-1.899190840714659323e-01,-9.243427734638809401e-02,-1.328027810163055489e-01,-1.219954580627281432e-01,-0.000000000000000000e+00,-1.660030737206862339e-01,-2.109412310991821138e-01,-2.851396445323548523e-01,-0.000000000000000000e+00,-1.083452007788747035e-01,1.537938819583126726e-01,-0.000000000000000000e+00,-3.201892708323769016e-02,-0.000000000000000000e+00,2.110900142907678190e-01,-0.000000000000000000e+00,2.556195520253766063e+00,-0.000000000000000000e+00,0.000000000000000000e+00,7.211492418740340048e-03
-0.000000000000000000e+00,-0.000000000000000000e+00,-0.000000000000000000e+00,0.000000000000000000e+00,-0.000000000000000000e+00,-0.000000000000000000e+00,-0.000000000000000000e+00,0.000000000000000000e+00,0.000000000000000000e+00,-0.000000000000000000e+00,-1.188722886740902623e-01,0.000000000000000000e+00,-5.298041952056839476e-02,-3.188438675460369409e-01,0.000000000000000000e+00,-0.000000000000000000e+00,-4.229242208450317148e-02,-0.000000000000000000e+00,-0.000000000000000000e+00,-0.000000000000000000e+00,-0.000000000000000000e+00,-0.000000000000000000e+00,-0.000000000000000000e+00,-3.092125281641363481e-04,-0.000000000000000000e+00,-0.000000000000000000e+00,-0.000000000000000000e+00,-0.000000000000000000e+00,-1.864676652247539423e-01,-0.000000000000000000e+00,-0.000000000000000000e+00,-2.533091185473665408e-01,-3.245042437077095832e-01,0.000000000000000000e+00,-9.243209784869129697e-01,-0.000000000000000000e+00,2.249206527790724497e+00,0.000000000000000000e+00,0.000000000000000000e+00
-0.000000000000000000e+00,0.000000000000000000e+00,0.000000000000000000e+00,0.000000000000000000e+00,0.000000000000000000e+00,0.000000000000000000e+00,0.000000000000000000e+00,-0.000000000000000000e+00,-0.000000000000000000e+00,-0.000000000000000000e+00,0.000000000000000000e+00,-0.000000000000000000e+00,0.000000000000000000e+00,0.000000000000000000e+00,-2.541086342844712243e-01,-0.000000000000000000e+00,0.000000000000000000e+00,2.174644764100840816e-02,0.000000000000000000e+00,0.000000000000000000e+00,0.000000000000000000e+00,0.000000000000000000e+00,0.000000000000000000e+00,1.774204387223098089e-01,0.000000000000000000e+00,1.976884469635262307e-05,1.487818091161005052e-01,0.000000000000000000e+00,0.000000000000000000e+00,-0.000000000000000000e+00,2.208636680803005015e-01,0.000000000000000000e+00,0.000000000000000000e+00,-0.000000000000000000e+00,0.000000000000000000e+00,0.000000000000000000e+00,0.000000000000000000e+00,1.420553646601630193e+00,-2.434566363412332957e-01
-0.000000000000000000e+00,0.000000000000000000e+00,2.414917096534836133e-02,0.000000000000000000e+00,0.000000000000000000e+00,6.809708407852839429e-02,0.000000000000000000e+00,-1.935320721722652848e-01,-2.038064506212761973e-01,-0.000000000000000000e+00,3.887262293219910514e-02,-0.000000000000000000e+00,0.000000000000000000e+00,0.000000000000000000e+00,-0.000000000000000000e+00,-0.000000000000000000e+00,0.000000000000000000e+00,0.000000000000000000e+00,7.143337729186614860e-02,0.000000000000000000e+00,0.000000000000000000e+00,0.000000000000000000e+00,0.000000000000000000e+00,2.458874176148116708e-01,0.000000000000000000e+00,0.000000000000000000e+00,1.963247437840725806e-01,0.000000000000000000e+00,2.550015321047272368e-02,-0.000000000000000000e+00,0.000000000000000000e+00,0.000000000000000000e+00,0.000000000000000000e+00,-0.000000000000000000e+00,0.000000000000000000e+00,7.211492418740340048e-03,0.000000000000000000e+00,-2.434566363412332957e-01,1.552503762909419605e+00
