1.691989595095603871e+00,-4.523874150284471485e-01,0.000000000000000000e+00,-0.000000000000000000e+00,-0.000000000000000000e+00,-0.000000000000000000e+00,-0.000000000000000000e+00,-0.000000000000000000e+00,-0.000000000000000000e+00,-3.527325085894009726e-01,-0.000000000000000000e+00,-0.000000000000000000e+00,-0.000000000000000000e+00,-1.178982647532855060e-01,-0.000000000000000000e+00,-4.194786115671420013e-02,-0.000000000000000000e+00,-0.000000000000000000e+00,-0.000000000000000000e+00,-0.000000000000000000e+00,-0.000000000000000000e+00,-0.000000000000000000e+00,-0.000000000000000000e+00,-0.000000000000000000e+00,-0.000000000000000000e+00,-0.000000000000000000e+00,-0.000000000000000000e+00,-0.000000000000000000e+00,-5.075145356774596328e-01,-1.870681224825471167e-01,-0.000000000000000000e+00,-0.000000000000000000e+00,-0.000000000000000000e+00,-0.000000000000000000e+00,-0.000000000000000000e+00,0.000000000000000000e+00,-0.000000000000000000e+00,-0.000000000000000000e+00,-0.000000000000000000e+00
-4.523874150284471485e-01,1.870001805217035296e+00,0.000000000000000000e+00,1.307403235121064669e-02,0.000000000000000000e+00,-2.648605754523885580e-01,-0.000000000000000000e+00,0.000000000000000000e+00,0.000000000000000000e+00,-0.000000000000000000e+00,-1.937406557315772271e-01,0.000000000000000000e+00,-0.000000000000000000e+00,-4.662442059645318521e-02,0.000000000000000000e+00,0.000000000000000000e+00,-3.526239958507139116e-01,0.000000000000000000e+00,0.000000000000000000e+00,1.367212474104534089e-03,0.000000000000000000e+00,0.000000000000000000e+00,-0.000000000000000000e+00,0.000000000000000000e+00,0.000000000000000000e+00,0.000000000000000000e+00,-1.292664686854123612e-01,0.000000000000000000e+00,-0.000000000000000000e+00,-0.000000000000000000e+00,-0.000000000000000000e+00,-3.399590750736674605e-01,0.000000000000000000e+00,1.605868504433789409e-02,-0.000000000000000000e+00,-0.000000000000000000e+00,-1.463694875684014018e-01,0.000000000000000000e+00,-0.000000000000000000e+00
0.000000000000000000e+00,0.000000000000000000e+00,2.193205220321395199e+00,-5.179238309458353978e-02,-5.583795296331870439e-01,0.000000000000000000e+00,-0.000000000000000000e+00,0.000000000000000000e+00,-3.382958478731257213e-01,-0.000000000000000000e+00,0.000000000000000000e+00,-0.000000000000000000e+00,-0.000000000000000000e+00,-0.000000000000000000e+00,-0.000000000000000000e+00,-0.000000000000000000e+00,0.000000000000000000e+00,-7.812777827230441008e-02,-2.727122178649560857e-01,-3.326829726634155521e-02,-1.480684508570639067e-02,-0.000000000000000000e+00,-0.000000000000000000e+00,-3.769866685281463015e-02,-6.097344158113243012e-02,-0.000000000000000000e+00,0.000000000000000000e+00,-8.053465761009251378e-02,-0.000000000000000000e+00,-0.000000000000000000e+00,0.000000000000000000e+00,0.000000000000000000e+00,-4.632955850817428028e-02,-5.280764884180314533e-01,0.000000000000000000e+00,-0.000000000000000000e+00,0.000000000000000000e+00,-0.000000000000000000e+00,-0.000000000000000000e+00
-0.000000000000000000e+00,1.307403235121064669e-02,-5.179238309458353978e-02,2.697997204206665778e+00,-0.000000000000000000e+00,1.440179348805302739e-01,0.000000000000000000e+00,-0.000000000000000000e+00,-0.000000000000000000e+00,-0.000000000000000000e+00,3.612543664869237170e-01,-3.622084973778788575e-01,-0.000000000000000000e+00,0.000000000000000000e+00,-1.814728431648439388e-01,-2.682839206298181720e-02,2.558480816742980113e-01,-2.669367971364347003e-01,-2.209539118690766746e-01,-2.758791990072105293e-01,-0.000000000000000000e+00,-0.000000000000000000e+00,-0.000000000000000000e+00,-0.000000000000000000e+00,-0.000000000000000000e+00,-0.000000000000000000e+00,0.000000000000000000e+00,-1.325421922486687103e-02,-0.000000000000000000e+00,-0.000000000000000000e+00,1.901009792209791271e-01,1.865092608903933524e-01,-0.000000000000000000e+00,-2.729929399995205674e-01,0.000000000000000000e+00,0.000000000000000000e+00,0.000000000000000000e+00,-0.000000000000000000e+00,-0.000000000000000000e+00
-0.000000000000000000e+00,0.000000000000000000e+00,-5.583795296331870439e-01,-0.000000000000000000e+00,1.873644004515758521e+00,0.000000000000000000e+00,-0.000000000000000000e+00,1.819241074464605923e-01,-4.184715635925029265e-01,-6.496360922254681980e-03,0.000000000000000000e+00,-0.000000000000000000e+00,-0.000000000000000000e+00,-2.637849120582908546e-01,-0.000000000000000000e+00,-6.895707274073796696e-03,-0.000000000000000000e+00,-0.000000000000000000e+00,-0.000000000000000000e+00,-0.000000000000000000e+00,-0.000000000000000000e+00,-0.000000000000000000e+00,-0.000000000000000000e+00,-1.254407060439712354e-02,-0.000000000000000000e+00,-0.000000000000000000e+00,-0.000000000000000000e+00,-0.000000000000000000e+00,-0.000000000000000000e+00,-2.545117893083934102e-01,0.000000000000000000e+00,0.000000000000000000e+00,-0.000000000000000000e+00,-4.143659049553120172e-02,-0.000000000000000000e+00,-0.000000000000000000e+00,-0.000000000000000000e+00,-0.000000000000000000e+00,-7.678399405342944961e-02
-0.000000000000000000e+00,-2.648605754523885580e-01,0.000000000000000000e+00,1.440179348805302739e-01,0.000000000000000000e+00,2.076290570170842731e+00,-6.911504860836949204e-02,0.000000000000000000e+00,0.000000000000000000e+00,0.000000000000000000e+00,-0.000000000000000000e+00,0.000000000000000000e+00,0.000000000000000000e+00,-0.000000000000000000e+00,7.020992390344514555e-02,0.000000000000000000e+00,-3.817999840130280598e-01,0.000000000000000000e+00,0.000000000000000000e+00,0.000000000000000000e+00,0.000000000000000000e+00,0.000000000000000000e+00,-0.000000000000000000e+00,0.000000000000000000e+00,0.000000000000000000e+00,0.000000000000000000e+00,-1.742760973706626859e-01,0.000000000000000000e+00,-0.000000000000000000e+00,-0.000000000000000000e+00,-1.544920775150933900e-01,-2.599086883369040590e-01,-0.000000000000000000e+00,1.409298542290973733e-01,-1.776457026680429430e-01,-0.000000000000000000e+00,-3.022383965240335035e-01,0.000000000000000000e+00,0.000000000000000000e+00
-0.000000000000000000e+00,-0.000000000000000000e+00,-0.000000000000000000e+00,0.000000000000000000e+00,-0.000000000000000000e+00,-6.911504860836949204e-02,1.215857285010685240e+00,-0.000000000000000000e+00,-0.000000000000000000e+00,-6.220484837476460832e-02,-0.000000000000000000e+00,-0.000000000000000000e+00,0.000000000000000000e+00,-1.009025842393520417e-01,0.000000000000000000e+00,-0.000000000000000000e+00,-0.000000000000000000e+00,-0.000000000000000000e+00,-0.000000000000000000e+00,0.000000000000000000e+00,-0.000000000000000000e+00,-0.000000000000000000e+00,-2.061187001507346073e-02,-0.000000000000000000e+00,-0.000000000000000000e+00,-0.000000000000000000e+00,-8.228986943009256386e-03,-0.000000000000000000e+00,-3.088960030852829983e-02,-0.000000000000000000e+00,-1.462141711065086287e-02,-0.000000000000000000e+00,-8.757829906719435953e-02,0.000000000000000000e+00,-7.172480449197016217e-02,-0.000000000000000000e+00,-3.718942538207026804e-01,0.000000000000000000e+00,-0.000000000000000000e+00
-0.000000000000000000e+00,0.000000000000000000e+00,0.000000000000000000e+00,-0.000000000000000000e+00,1.819241074464605923e-01,0.000000000000000000e+00,-0.000000000000000000e+00,1.052286089625505960e+00,0.000000000000000000e+00,-0.000000000000000000e+00,0.000000000000000000e+00,-0.000000000000000000e+00,0.000000000000000000e+00,7.838789718352746905e-02,-0.000000000000000000e+00,-0.000000000000000000e+00,0.000000000000000000e+00,-0.000000000000000000e+00,-0.000000000000000000e+00,-0.000000000000000000e+00,-0.000000000000000000e+00,-1.500638203275339935e-02,0.000000000000000000e+00,0.000000000000000000e+00,0.000000000000000000e+00,-0.000000000000000000e+00,0.000000000000000000e+00,-0.000000000000000000e+00,-0.000000000000000000e+00,0.000000000000000000e+00,0.000000000000000000e+00,0.000000000000000000e+00,-0.000000000000000000e+00,0.000000000000000000e+00,-0.000000000000000000e+00,6.239552499234338884e-02,0.000000000000000000e+00,-0.000000000000000000e+00,0.000000000000000000e+00
-0.000000000000000000e+00,0.000000000000000000e+00,-3.382958478731257213e-01,-0.000000000000000000e+00,-4.184715635925029265e-01,0.000000000000000000e+00,-0.000000000000000000e+00,0.000000000000000000e+00,2.436566148285780109e+00,-1.889693589443327409e-02,0.000000000000000000e+00,-0.000000000000000000e+00,-0.000000000000000000e+00,-4.266305307332564356e-02,-0.000000000000000000e+00,-1.351831710119706653e-01,0.000000000000000000e+00,-3.143599408759092505e-03,-0.000000000000000000e+00,-0.000000000000000000e+00,-0.000000000000000000e+00,-0.000000000000000000e+00,-0.000000000000000000e+00,-1.418324396091394657e-01,-5.805985336568036947e-02,-1.882039634739426925e-01,-0.000000000000000000e+00,-1.287417976776601136e-01,-0.000000000000000000e+00,-1.210948506413762615e-01,0.000000000000000000e+00,0.000000000000000000e+00,-2.237324818186580966e-01,-2.824166763760041499e-01,-0.000000000000000000e+00,-0.000000000000000000e+00,0.000000000000000000e+00,-3.111007368361426439e-01,-2.520848201209654471e-01
-3.527325085894009726e-01,-0.000000000000000000e+00,-0.000000000000000000e+00,-0.000000000000000000e+00,-6.496360922254681980e-03,0.000000000000000000e+00,-6.220484837476460832e-02,-0.000000000000000000e+00,-1.889693589443327409e-02,2.327990403326533286e+00,0.000000000000000000e+00,-0.000000000000000000e+00,-0.000000000000000000e+00,-1.305015159367027000e-01,-0.000000000000000000e+00,-6.913984033043574229e-01,0.000000000000000000e+00,-0.000000000000000000e+00,-0.000000000000000000e+00,-0.000000000000000000e+00,-0.000000000000000000e+00,-6.667094573958411152e-02,-7.187370298351054843e-02,-0.000000000000000000e+00,-0.000000000000000000e+00,-2.572325851726477985e-01,-0.000000000000000000e+00,-0.000000000000000000e+00,-4.173271410454830188e-01,-3.023042590690976361e-01,0.000000000000000000e+00,0.000000000000000000e+00,-7.199338299477150982e-02,-0.000000000000000000e+00,-0.000000000000000000e+00,0.000000000000000000e+00,-0.000000000000000000e+00,-0.000000000000000000e+00,-0.000000000000000000e+00
-0.000000000000000000e+00,-1.937406557315772271e-01,0.000000000000000000e+00,3.612543664869237170e-01,0.000000000000000000e+00,-0.000000000000000000e+00,-0.000000000000000000e+00,0.000000000000000000e+00,0.000000000000000000e+00,0.000000000000000000e+00,2.389954723533836312e+00,0.000000000000000000e+00,0.000000000000000000e+00,-0.000000000000000000e+00,2.626210780245735732e-01,0.000000000000000000e+00,-4.933205713530459668e-01,1.459445475272867221e-01,7.546605823753811670e-02,3.041396681424088366e-01,0.000000000000000000e+00,0.000000000000000000e+00,-0.000000000000000000e+00,0.000000000000000000e+00,0.000000000000000000e+00,0.000000000000000000e+00,-2.286129005516549240e-01,0.000000000000000000e+00,0.000000000000000000e+00,0.000000000000000000e+00,-0.000000000000000000e+00,-2.704552315999395606e-01,0.000000000000000000e+00,0.000000000000000000e+00,-0.000000000000000000e+00,-0.000000000000000000e+00,-0.000000000000000000e+00,0.000000000000000000e+00,-0.000000000000000000e+00
-0.000000000000000000e+00,0.000000000000000000e+00,-0.000000000000000000e+00,-3.622084973778788575e-01,-0.000000000000000000e+00,0.000000000000000000e+00,-0.000000000000000000e+00,-0.000000000000000000e+00,-0.000000000000000000e+00,-0.000000000000000000e+00,0.000000000000000000e+00,2.225476419465423739e+00,-0.000000000000000000e+00,-0.000000000000000000e+00,-2.805296894235641547e-01,-3.151303516519801118e-01,0.000000000000000000e+00,-1.705382510975222143e-01,-2.012464724816608042e-01,-1.102581863550748942e-01,-0.000000000000000000e+00,-2.729301740119182140e-01,-0.000000000000000000e+00,-0.000000000000000000e+00,-0.000000000000000000e+00,-0.000000000000000000e+00,0.000000000000000000e+00,-0.000000000000000000e+00,-0.000000000000000000e+00,-0.000000000000000000e+00,0.000000000000000000e+00,0.000000000000000000e+00,-0.000000000000000000e+00,-1.645478589331224317e-01,0.000000000000000000e+00,0.000000000000000000e+00,0.000000000000000000e+00,-7.531767086719444448e-02,-2.081481544403100126e-01
-0.000000000000000000e+00,-0.000000000000000000e+00,-0.000000000000000000e+00,-0.000000000000000000e+00,-0.000000000000000000e+00,0.000000000000000000e+00,0.000000000000000000e+00,0.000000000000000000e+00,-0.000000000000000000e+00,-0.000000000000000000e+00,0.000000000000000000e+00,-0.000000000000000000e+00,1.062083253617959633e+00,-0.000000000000000000e+00,-0.000000000000000000e+00,-0.000000000000000000e+00,0.000000000000000000e+00,-0.000000000000000000e+00,-0.000000000000000000e+00,-0.000000000000000000e+00,-0.000000000000000000e+00,-0.000000000000000000e+00,-0.000000000000000000e+00,-0.000000000000000000e+00,-0.000000000000000000e+00,-0.000000000000000000e+00,0.000000000000000000e+00,-0.000000000000000000e+00,-0.000000000000000000e+00,-0.000000000000000000e+00,2.561876628289061486e-01,0.000000000000000000e+00,-0.000000000000000000e+00,-0.000000000000000000e+00,2.358782195164056596e-03,-0.000000000000000000e+00,0.000000000000000000e+00,-0.000000000000000000e+00,-0.000000000000000000e+00
-1.178982647532855060e-01,-4.662442059645318521e-02,-0.000000000000000000e+00,0.000000000000000000e+00,-2.637849120582908546e-01,-0.000000000000000000e+00,-1.009025842393520417e-01,7.838789718352746905e-02,-4.266305307332564356e-02,-1.305015159367027000e-01,-0.000000000000000000e+00,-0.000000000000000000e+00,-0.000000000000000000e+00,1.682466087032480351e+00,0.000000000000000000e+00,-0.000000000000000000e+00,-5.971186456705487866e-02,-0.000000000000000000e+00,-0.000000000000000000e+00,0.000000000000000000e+00,-0.000000000000000000e+00,-0.000000000000000000e+00,-4.819784449410744465e-01,-5.889977613156463336e-03,-1.229008265536374461e-01,-0.000000000000000000e+00,-1.216618508528011788e-01,-0.000000000000000000e+00,-0.000000000000000000e+00,-1.970772614333359540e-01,-0.000000000000000000e+00,-0.000000000000000000e+00,-3.403169990346564117e-02,-0.000000000000000000e+00,-0.000000000000000000e+00,-0.000000000000000000e+00,-0.000000000000000000e+00,-0.000000000000000000e+00,-5.594794502472496406e-02
-0.000000000000000000e+00,0.000000000000000000e+00,-0.000000000000000000e+00,-1.814728431648439388e-01,-0.000000000000000000e+00,7.020992390344514555e-02,0.000000000000000000e+00,-0.000000000000000000e+00,-0.000000000000000000e+00,-0.000000000000000000e+00,2.626210780245735732e-01,-2.805296894235641547e-01,-0.000000000000000000e+00,0.000000000000000000e+00,2.929633730546159942e+00,-0.000000000000000000e+00,3.682737757557107139e-02,-3.337891652804567122e-01,-3.264043084495003022e-01,-3.598483330973496486e-01,-0.000000000000000000e+00,-1.000814588662252667e-02,0.000000000000000000e+00,-0.000000000000000000e+00,-0.000000000000000000e+00,-1.335598817803824723e-01,0.000000000000000000e+00,-1.968910492976296001e-01,-0.000000000000000000e+00,-0.000000000000000000e+00,1.188677536112655309e-01,3.490135001142734561e-01,-0.000000000000000000e+00,-1.435229188295470137e-01,0.000000000000000000e+00,0.000000000000000000e+00,0.000000000000000000e+00,-2.886232397416635398e-01,-0.000000000000000000e+00
-4.194786115671420013e-02,0.000000000000000000e+00,-0.000000000000000000e+00,-2.682839206298181720e-02,-6.895707274073796696e-03,0.000000000000000000e+00,-0.000000000000000000e+00,-0.000000000000000000e+00,-1.351831710119706653e-01,-6.913984033043574229e-01,0.000000000000000000e+00,-3.151303516519801118e-01,-0.000000000000000000e+00,-0.000000000000000000e+00,-0.000000000000000000e+00,2.364385092734265559e+00,0.000000000000000000e+00,-1.720180491491980490e-01,-9.880629133751618609e-02,-0.000000000000000000e+00,-0.000000000000000000e+00,-1.268215916617492778e-01,-7.337375030356180217e-02,-0.000000000000000000e+00,-9.489906227989396148e-02,-1.999429425076567624e-01,0.000000000000000000e+00,-7.750118223259686197e-03,-1.238948483530827316e-01,-1.169736265842730022e-01,0.000000000000000000e+00,0.000000000000000000e+00,-1.500217193311803310e-01,-0.000000000000000000e+00,-0.000000000000000000e+00,-0.000000000000000000e+00,-0.000000000000000000e+00,-5.178546679896325888e-02,-7.080341778371035399e-02
-0.000000000000000000e+00,-3.526239958507139116e-01,0.000000000000000000e+00,2.558480816742980113e-01,-0.000000000000000000e+00,-3.817999840130280598e-01,-0.000000000000000000e+00,0.000000000000000000e+00,0.000000000000000000e+00,0.000000000000000000e+00,-4.933205713530459668e-01,0.000000000000000000e+00,0.000000000000000000e+00,-5.971186456705487866e-02,3.682737757557107139e-02,0.000000000000000000e+00,2.338541003189824163e+00,0.000000000000000000e+00,0.000000000000000000e+00,1.220758698919676144e-01,0.000000000000000000e+00,0.000000000000000000e+00,-0.000000000000000000e+00,0.000000000000000000e+00,-0.000000000000000000e+00,0.000000000000000000e+00,-3.305600604255943820e-01,0.000000000000000000e+00,0.000000000000000000e+00,-0.000000000000000000e+00,-0.000000000000000000e+00,-3.007699954376225615e-01,0.000000000000000000e+00,0.000000000000000000e+00,-0.000000000000000000e+00,-0.000000000000000000e+00,-0.000000000000000000e+00,0.000000000000000000e+00,-0.000000000000000000e+00
-0.000000000000000000e+00,0.000000000000000000e+00,-7.812777827230441008e-02,-2.669367971364347003e-01,-0.000000000000000000e+00,0.000000000000000000e+00,-0.000000000000000000e+00,-0.000000000000000000e+00,-3.143599408759092505e-03,-0.000000000000000000e+00,1.459445475272867221e-01,-1.705382510975222143e-01,-0.000000000000000000e+00,-0.000000000000000000e+00,-3.337891652804567122e-01,-1.720180491491980490e-01,0.000000000000000000e+00,2.870450039731813785e+00,-4.246558999873796814e-01,-2.743443829976767723e-01,-0.000000000000000000e+00,-0.000000000000000000e+00,-0.000000000000000000e+00,-1.113739705777629443e-02,-0.000000000000000000e+00,-3.210452673831736270e-01,0.000000000000000000e+00,-2.610857277834551238e-01,-0.000000000000000000e+00,-0.000000000000000000e+00,0.000000000000000000e+00,4.721147214627693239e-02,-0.000000000000000000e+00,-3.010073325240336661e-01,0.000000000000000000e+00,0.000000000000000000e+00,0.000000000000000000e+00,-1.375614136207773397e-01,-0.000000000000000000e+00
-0.000000000000000000e+00,0.000000000000000000e+00,-2.727122178649560857e-01,-2.209539118690766746e-01,-0.000000000000000000e+00,0.000000000000000000e+00,-0.000000000000000000e+00,-0.000000000000000000e+00,-0.000000000000000000e+00,-0.000000000000000000e+00,7.546605823753811670e-02,-2.012464724816608042e-01,-0.000000000000000000e+00,-0.000000000000000000e+00,-3.264043084495003022e-01,-9.880629133751618609e-02,0.000000000000000000e+00,-4.246558999873796814e-01,2.748705489103064892e+00,-3.610864461396092184e-01,-0.000000000000000000e+00,-1.293207066442614572e-01,-0.000000000000000000e+00,-1.525150304936598866e-01,-0.000000000000000000e+00,-5.427596622365559939e-03,0.000000000000000000e+00,-1.573412652866768013e-01,-0.000000000000000000e+00,-0.000000000000000000e+00,0.000000000000000000e+00,2.798131653936520094e-02,-0.000000000000000000e+00,-2.276121791038523134e-01,0.000000000000000000e+00,0.000000000000000000e+00,0.000000000000000000e+00,-1.684207910495353344e-01,-0.000000000000000000e+00
-0.000000000000000000e+00,1.367212474104534089e-03,-3.326829726634155521e-02,-2.758791990072105293e-01,-0.000000000000000000e+00,0.000000000000000000e+00,0.000000000000000000e+00,-0.000000000000000000e+00,-0.000000000000000000e+00,-0.000000000000000000e+00,3.041396681424088366e-01,-1.102581863550748942e-01,-0.000000000000000000e+00,0.000000000000000000e+00,-3.598483330973496486e-01,-0.000000000000000000e+00,1.220758698919676144e-01,-2.743443829976767723e-01,-3.610864461396092184e-01,2.960297705675267732e+00,-1.003883454025027155e-01,-1.948728460555658182e-01,-0.000000000000000000e+00,-0.000000000000000000e+00,-0.000000000000000000e+00,-0.000000000000000000e+00,0.000000000000000000e+00,-3.383124630853968640e-01,-0.000000000000000000e+00,-0.000000000000000000e+00,2.934060665135647568e-03,3.300897524430892460e-01,-0.000000000000000000e+00,-2.344146227000631078e-01,0.000000000000000000e+00,0.000000000000000000e+00,0.000000000000000000e+00,-7.686943665481579813e-02,-0.000000000000000000e+00
-0.000000000000000000e+00,0.000000000000000000e+00,-1.480684508570639067e-02,-0.000000000000000000e+00,-0.000000000000000000e+00,0.000000000000000000e+00,-0.000000000000000000e+00,-0.000000000000000000e+00,-0.000000000000000000e+00,-0.000000000000000000e+00,0.000000000000000000e+00,-0.000000000000000000e+00,-0.000000000000000000e+00,-0.000000000000000000e+00,-0.000000000000000000e+00,-0.000000000000000000e+00,0.000000000000000000e+00,-0.000000000000000000e+00,-0.000000000000000000e+00,-1.003883454025027155e-01,1.627686704632989478e+00,-4.084815932621257417e-01,-0.000000000000000000e+00,-0.000000000000000000e+00,-0.000000000000000000e+00,-0.000000000000000000e+00,0.000000000000000000e+00,-3.267980376672953158e-01,-0.000000000000000000e+00,-0.000000000000000000e+00,0.000000000000000000e+00,0.000000000000000000e+00,-2.645188327819126273e-01,-0.000000000000000000e+00,-0.000000000000000000e+00,0.000000000000000000e+00,0.000000000000000000e+00,-1.515740039351729795e-01,-0.000000000000000000e+00
-0.000000000000000000e+00,0.000000000000000000e+00,-0.000000000000000000e+00,-0.000000000000000000e+00,-0.000000000000000000e+00,0.000000000000000000e+00,-0.000000000000000000e+00,-1.500638203275339935e-02,-0.000000000000000000e+00,-6.667094573958411152e-02,0.000000000000000000e+00,-2.729301740119182140e-01,-0.000000000000000000e+00,-0.000000000000000000e+00,-1.000814588662252667e-02,-1.268215916617492778e-01,0.000000000000000000e+00,-0.000000000000000000e+00,-1.293207066442614572e-01,-1.948728460555658182e-01,-4.084815932621257417e-01,2.083258741171694073e+00,-0.000000000000000000e+00,-0.000000000000000000e+00,-0.000000000000000000e+00,-0.000000000000000000e+00,0.000000000000000000e+00,-1.830558155784638152e-01,-1.838231067054964529e-01,-0.000000000000000000e+00,0.000000000000000000e+00,0.000000000000000000e+00,-4.745704386564932320e-01,-0.000000000000000000e+00,-0.000000000000000000e+00,0.000000000000000000e+00,-0.000000000000000000e+00,-7.877987097176646428e-03,-0.000000000000000000e+00
-0.000000000000000000e+00,-0.000000000000000000e+00,-0.000000000000000000e+00,-0.000000000000000000e+00,-0.000000000000000000e+00,-0.000000000000000000e+00,-2.061187001507346073e-02,0.000000000000000000e+00,-0.000000000000000000e+00,-7.187370298351054843e-02,-0.000000000000000000e+00,-0.000000000000000000e+00,-0.000000000000000000e+00,-4.819784449410744465e-01,0.000000000000000000e+00,-7.337375030356180217e-02,-0.000000000000000000e+00,-0.000000000000000000e+00,-0.000000000000000000e+00,-0.000000000000000000e+00,-0.000000000000000000e+00,-0.000000000000000000e+00,1.839791901533414098e+00,-0.000000000000000000e+00,-6.333633948574612926e-01,-0.000000000000000000e+00,-0.000000000000000000e+00,-0.000000000000000000e+00,-0.000000000000000000e+00,-1.035349531546783108e-01,-0.000000000000000000e+00,-0.000000000000000000e+00,-6.736373693905291227e-03,-0.000000000000000000e+00,-0.000000000000000000e+00,-1.408659574195103570e-01,-2.261685103848753986e-01,-0.000000000000000000e+00,-1.513275759682056187e-01
-0.000000000000000000e+00,0.000000000000000000e+00,-3.769866685281463015e-02,-0.000000000000000000e+00,-1.254407060439712354e-02,0.000000000000000000e+00,-0.000000000000000000e+00,0.000000000000000000e+00,-1.418324396091394657e-01,-0.000000000000000000e+00,0.000000000000000000e+00,-0.000000000000000000e+00,-0.000000000000000000e+00,-5.889977613156463336e-03,-0.000000000000000000e+00,-0.000000000000000000e+00,0.000000000000000000e+00,-1.113739705777629443e-02,-1.525150304936598866e-01,-0.000000000000000000e+00,-0.000000000000000000e+00,-0.000000000000000000e+00,-0.000000000000000000e+00,1.370945861632494545e+00,-3.571995847895127474e-01,-0.000000000000000000e+00,0.000000000000000000e+00,-0.000000000000000000e+00,-0.000000000000000000e+00,-1.341527319877146018e-01,0.000000000000000000e+00,0.000000000000000000e+00,-1.213682507337137256e-01,-4.958601478010865246e-03,-0.000000000000000000e+00,-0.000000000000000000e+00,-0.000000000000000000e+00,-0.000000000000000000e+00,-0.000000000000000000e+00
-0.000000000000000000e+00,0.000000000000000000e+00,-6.097344158113243012e-02,-0.000000000000000000e+00,-0.000000000000000000e+00,0.000000000000000000e+00,-0.000000000000000000e+00,0.000000000000000000e+00,-5.805985336568036947e-02,-0.000000000000000000e+00,0.000000000000000000e+00,-0.000000000000000000e+00,-0.000000000000000000e+00,-1.229008265536374461e-01,-0.000000000000000000e+00,-9.489906227989396148e-02,-0.000000000000000000e+00,-0.000000000000000000e+00,-0.000000000000000000e+00,-0.000000000000000000e+00,-0.000000000000000000e+00,-0.000000000000000000e+00,-6.333633948574612926e-01,-3.571995847895127474e-01,1.842172600015807182e+00,-0.000000000000000000e+00,-0.000000000000000000e+00,-0.000000000000000000e+00,-0.000000000000000000e+00,-1.668117867717829328e-01,0.000000000000000000e+00,0.000000000000000000e+00,-5.387997062249467312e-02,-0.000000000000000000e+00,-0.000000000000000000e+00,-1.167997691520005488e-01,-0.000000000000000000e+00,-0.000000000000000000e+00,-2.035979814717371605e-01
-0.000000000000000000e+00,0.000000000000000000e+00,-0.000000000000000000e+00,-0.000000000000000000e+00,-0.000000000000000000e+00,0.000000000000000000e+00,-0.000000000000000000e+00,-0.000000000000000000e+00,-1.882039634739426925e-01,-2.572325851726477985e-01,0.000000000000000000e+00,-0.000000000000000000e+00,-0.000000000000000000e+00,-0.000000000000000000e+00,-1.335598817803824723e-01,-1.999429425076567624e-01,0.000000000000000000e+00,-3.210452673831736270e-01,-5.427596622365559939e-03,-0.000000000000000000e+00,-0.000000000000000000e+00,-0.000000000000000000e+00,-0.000000000000000000e+00,-0.000000000000000000e+00,-0.000000000000000000e+00,2.418022415028260319e+00,0.000000000000000000e+00,-4.602644745296973761e-01,-4.124531516581658730e-01,-7.827614487772087404e-02,0.000000000000000000e+00,0.000000000000000000e+00,-0.000000000000000000e+00,-0.000000000000000000e+00,-0.000000000000000000e+00,0.000000000000000000e+00,0.000000000000000000e+00,-3.770028542963710927e-01,-0.000000000000000000e+00
-0.000000000000000000e+00,-1.292664686854123612e-01,0.000000000000000000e+00,0.000000000000000000e+00,-0.000000000000000000e+00,-1.742760973706626859e-01,-8.228986943009256386e-03,0.000000000000000000e+00,-0.000000000000000000e+00,-0.000000000000000000e+00,-2.286129005516549240e-01,0.000000000000000000e+00,0.000000000000000000e+00,-1.216618508528011788e-01,0.000000000000000000e+00,0.000000000000000000e+00,-3.305600604255943820e-01,0.000000000000000000e+00,0.000000000000000000e+00,0.000000000000000000e+00,0.000000000000000000e+00,0.000000000000000000e+00,-0.000000000000000000e+00,0.000000000000000000e+00,-0.000000000000000000e+00,0.000000000000000000e+00,2.124547143348183287e+00,0.000000000000000000e+00,0.000000000000000000e+00,-0.000000000000000000e+00,-3.609533933969200081e-01,-3.947939329510452566e-01,-0.000000000000000000e+00,0.000000000000000000e+00,-0.000000000000000000e+00,-2.045124260389721560e-01,-3.059369566513732708e-01,0.000000000000000000e+00,-0.000000000000000000e+00
-0.000000000000000000e+00,0.000000000000000000e+00,-8.053465761009251378e-02,-1.325421922486687103e-02,-0.000000000000000000e+00,0.000000000000000000e+00,-0.000000000000000000e+00,-0.000000000000000000e+00,-1.287417976776601136e-01,-0.000000000000000000e+00,0.000000000000000000e+00,-0.000000000000000000e+00,-0.000000000000000000e+00,-0.000000000000000000e+00,-1.968910492976296001e-01,-7.750118223259686197e-03,0.000000000000000000e+00,-2.610857277834551238e-01,-1.573412652866768013e-01,-3.383124630853968640e-01,-3.267980376672953158e-01,-1.830558155784638152e-01,-0.000000000000000000e+00,-0.000000000000000000e+00,-0.000000000000000000e+00,-4.602644745296973761e-01,0.000000000000000000e+00,2.684952276290926143e+00,-7.911339622433094521e-02,-0.000000000000000000e+00,0.000000000000000000e+00,0.000000000000000000e+00,-0.000000000000000000e+00,-3.025040637703083068e-01,-0.000000000000000000e+00,0.000000000000000000e+00,0.000000000000000000e+00,-2.494399528549566536e-01,-0.000000000000000000e+00
-5.075145356774596328e-01,-0.000000000000000000e+00,-0.000000000000000000e+00,-0.000000000000000000e+00,-0.000000000000000000e+00,-0.000000000000000000e+00,-3.088960030852829983e-02,-0.000000000000000000e+00,-0.000000000000000000e+00,-4.173271410454830188e-01,0.000000000000000000e+00,-0.000000000000000000e+00,-0.000000000000000000e+00,-0.000000000000000000e+00,-0.000000000000000000e+00,-1.238948483530827316e-01,0.000000000000000000e+00,-0.000000000000000000e+00,-0.000000000000000000e+00,-0.000000000000000000e+00,-0.000000000000000000e+00,-1.838231067054964529e-01,-0.000000000000000000e+00,-0.000000000000000000e+00,-0.000000000000000000e+00,-4.124531516581658730e-01,0.000000000000000000e+00,-7.911339622433094521e-02,2.026390784075190687e+00,-1.641337103319952528e-01,0.000000000000000000e+00,0.000000000000000000e+00,-6.085267042753776667e-02,-0.000000000000000000e+00,-5.609181836547817018e-02,0.000000000000000000e+00,-0.000000000000000000e+00,-0.000000000000000000e+00,-0.000000000000000000e+00
-1.870681224825471167e-01,-0.000000000000000000e+00,-0.000000000000000000e+00,-0.000000000000000000e+00,-2.545117893083934102e-01,-0.000000000000000000e+00,-0.000000000000000000e+00,0.000000000000000000e+00,-1.210948506413762615e-01,-3.023042590690976361e-01,0.000000000000000000e+00,-0.000000000000000000e+00,-0.000000000000000000e+00,-1.970772614333359540e-01,-0.000000000000000000e+00,-1.169736265842730022e-01,-0.000000000000000000e+00,-0.000000000000000000e+00,-0.000000000000000000e+00,-0.000000000000000000e+00,-0.000000000000000000e+00,-0.000000000000000000e+00,-1.035349531546783108e-01,-1.341527319877146018e-01,-1.668117867717829328e-01,-7.827614487772087404e-02,-0.000000000000000000e+00,-0.000000000000000000e+00,-1.641337103319952528e-01,1.833450927172846523e+00,0.000000000000000000e+00,0.000000000000000000e+00,-0.000000000000000000e+00,-0.000000000000000000e+00,-0.000000000000000000e+00,0.000000000000000000e+00,-0.000000000000000000e+00,-0.000000000000000000e+00,-0.000000000000000000e+00
-0.000000000000000000e+00,-0.000000000000000000e+00,0.000000000000000000e+00,1.901009792209791271e-01,0.000000000000000000e+00,-1.544920775150933900e-01,-1.462141711065086287e-02,0.000000000000000000e+00,0.000000000000000000e+00,0.000000000000000000e+00,-0.000000000000000000e+00,0.000000000000000000e+00,2.561876628289061486e-01,-0.000000000000000000e+00,1.188677536112655309e-01,0.000000000000000000e+00,-0.000000000000000000e+00,0.000000000000000000e+00,0.000000000000000000e+00,2.934060665135647568e-03,0.000000000000000000e+00,0.000000000000000000e+00,-0.000000000000000000e+00,0.000000000000000000e+00,0.000000000000000000e+00,0.000000000000000000e+00,-3.609533933969200081e-01,0.000000000000000000e+00,0.000000000000000000e+00,0.000000000000000000e+00,1.802604967234779476e+00,-2.755626344745449319e-01,-0.000000000000000000e+00,0.000000000000000000e+00,-5.807357250079902417e-02,-0.000000000000000000e+00,-3.266116415514989657e-01,0.000000000000000000e+00,0.000000000000000000e+00
-0.000000000000000000e+00,-3.399590750736674605e-01,0.000000000000000000e+00,1.865092608903933524e-01,0.000000000000000000e+00,-2.599086883369040590e-01,-0.000000000000000000e+00,0.000000000000000000e+00,0.000000000000000000e+00,0.000000000000000000e+00,-2.704552315999395606e-01,0.000000000000000000e+00,0.000000000000000000e+00,-0.000000000000000000e+00,3.490135001142734561e-01,0.000000000000000000e+00,-3.007699954376225615e-01,4.721147214627693239e-02,2.798131653936520094e-02,3.300897524430892460e-01,0.000000000000000000e+00,0.000000000000000000e+00,-0.000000000000000000e+00,0.000000000000000000e+00,0.000000000000000000e+00,0.000000000000000000e+00,-3.947939329510452566e-01,0.000000000000000000e+00,0.000000000000000000e+00,0.000000000000000000e+00,-2.755626344745449319e-01,2.770839633745814545e+00,0.000000000000000000e+00,5.730529014614967748e-02,-0.000000000000000000e+00,-4.698928652858636729e-03,-1.700098838125256584e-01,0.000000000000000000e+00,0.000000000000000000e+00
-0.000000000000000000e+00,0.000000000000000000e+00,-4.632955850817428028e-02,-0.000000000000000000e+00,-0.000000000000000000e+00,-0.000000000000000000e+00,-8.757829906719435953e-02,-0.000000000000000000e+00,-2.237324818186580966e-01,-7.199338299477150982e-02,0.000000000000000000e+00,-0.000000000000000000e+00,-0.000000000000000000e+00,-3.403169990346564117e-02,-0.000000000000000000e+00,-1.500217193311803310e-01,0.000000000000000000e+00,-0.000000000000000000e+00,-0.000000000000000000e+00,-0.000000000000000000e+00,-2.645188327819126273e-01,-4.745704386564932320e-01,-6.736373693905291227e-03,-1.213682507337137256e-01,-5.387997062249467312e-02,-0.000000000000000000e+00,-0.000000000000000000e+00,-0.000000000000000000e+00,-6.085267042753776667e-02,-0.000000000000000000e+00,-0.000000000000000000e+00,0.000000000000000000e+00,1.728756920603722325e+00,-0.000000000000000000e+00,-0.000000000000000000e+00,-0.000000000000000000e+00,-0.000000000000000000e+00,-2.540040867874935118e-02,-1.037871467339532457e-02
-0.000000000000000000e+00,1.605868504433789409e-02,-5.280764884180314533e-01,-2.729929399995205674e-01,-4.143659049553120172e-02,1.409298542290973733e-01,0.000000000000000000e+00,0.000000000000000000e+00,-2.824166763760041499e-01,-0.000000000000000000e+00,0.000000000000000000e+00,-1.645478589331224317e-01,-0.000000000000000000e+00,-0.000000000000000000e+00,-1.435229188295470137e-01,-0.000000000000000000e+00,0.000000000000000000e+00,-3.010073325240336661e-01,-2.276121791038523134e-01,-2.344146227000631078e-01,-0.000000000000000000e+00,-0.000000000000000000e+00,-0.000000000000000000e+00,-4.958601478010865246e-03,-0.000000000000000000e+00,-0.000000000000000000e+00,0.000000000000000000e+00,-3.025040637703083068e-01,-0.000000000000000000e+00,-0.000000000000000000e+00,0.000000000000000000e+00,5.730529014614967748e-02,-0.000000000000000000e+00,2.725129447983915654e+00,0.000000000000000000e+00,0.000000000000000000e+00,0.000000000000000000e+00,-1.073952399107735989e-01,-0.000000000000000000e+00
-0.000000000000000000e+00,-0.000000000000000000e+00,0.000000000000000000e+00,0.000000000000000000e+00,-0.000000000000000000e+00,-1.776457026680429430e-01,-7.172480449197016217e-02,-0.000000000000000000e+00,-0.000000000000000000e+00,-0.000000000000000000e+00,-0.000000000000000000e+00,0.000000000000000000e+00,2.358782195164056596e-03,-0.000000000000000000e+00,0.000000000000000000e+00,-0.000000000000000000e+00,-0.000000000000000000e+00,0.000000000000000000e+00,0.000000000000000000e+00,0.000000000000000000e+00,-0.000000000000000000e+00,-0.000000000000000000e+00,-0.000000000000000000e+00,-0.000000000000000000e+00,-0.000000000000000000e+00,-0.000000000000000000e+00,-0.000000000000000000e+00,-0.000000000000000000e+00,-5.609181836547817018e-02,-0.000000000000000000e+00,-5.807357250079902417e-02,-0.000000000000000000e+00,-0.000000000000000000e+00,0.000000000000000000e+00,1.188447548694937739e+00,-0.000000000000000000e+00,-2.859957685688327422e-01,0.000000000000000000e+00,0.000000000000000000e+00
0.000000000000000000e+00,-0.000000000000000000e+00,-0.000000000000000000e+00,0.000000000000000000e+00,-0.000000000000000000e+00,-0.000000000000000000e+00,-0.000000000000000000e+00,6.239552499234338884e-02,-0.000000000000000000e+00,0.000000000000000000e+00,-0.000000000000000000e+00,0.000000000000000000e+00,-0.000000000000000000e+00,-0.000000000000000000e+00,0.000000000000000000e+00,-0.000000000000000000e+00,-0.000000000000000000e+00,0.000000000000000000e+00,0.000000000000000000e+00,0.000000000000000000e+00,0.000000000000000000e+00,0.000000000000000000e+00,-1.408659574195103570e-01,-0.000000000000000000e+00,-1.167997691520005488e-01,0.000000000000000000e+00,-2.045124260389721560e-01,0.000000000000000000e+00,0.000000000000000000e+00,0.000000000000000000e+00,-0.000000000000000000e+00,-4.698928652858636729e-03,-0.000000000000000000e+00,0.000000000000000000e+00,-0.000000000000000000e+00,1.125193215071567776e+00,-9.346820556933055357e-02,0.000000000000000000e+00,-0.000000000000000000e+00
-0.000000000000000000e+00,-1.463694875684014018e-01,0.000000000000000000e+00,0.000000000000000000e+00,-0.000000000000000000e+00,-3.022383965240335035e-01,-3.718942538207026804e-01,0.000000000000000000e+00,0.000000000000000000e+00,-0.000000000000000000e+00,-0.000000000000000000e+00,0.000000000000000000e+00,0.000000000000000000e+00,-0.000000000000000000e+00,0.000000000000000000e+00,-0.000000000000000000e+00,-0.000000000000000000e+00,0.000000000000000000e+00,0.000000000000000000e+00,0.000000000000000000e+00,0.000000000000000000e+00,-0.000000000000000000e+00,-2.261685103848753986e-01,-0.000000000000000000e+00,-0.000000000000000000e+00,0.000000000000000000e+00,-3.059369566513732708e-01,0.000000000000000000e+00,-0.000000000000000000e+00,-0.000000000000000000e+00,-3.266116415514989657e-01,-1.700098838125256584e-01,-0.000000000000000000e+00,0.000000000000000000e+00,-2.859957685688327422e-01,-9.346820556933055357e-02,1.928075600110068288e+00,0.000000000000000000e+00,-0.000000000000000000e+00
-0.000000000000000000e+00,0.000000000000000000e+00,-0.000000000000000000e+00,-0.000000000000000000e+00,-0.000000000000000000e+00,0.000000000000000000e+00,0.000000000000000000e+00,-0.000000000000000000e+00,-3.111007368361426439e-01,-0.000000000000000000e+00,0.000000000000000000e+00,-7.531767086719444448e-02,-0.000000000000000000e+00,-0.000000000000000000e+00,-2.886232397416635398e-01,-5.178546679896325888e-02,0.000000000000000000e+00,-1.375614136207773397e-01,-1.684207910495353344e-01,-7.686943665481579813e-02,-1.515740039351729795e-01,-7.877987097176646428e-03,-0.000000000000000000e+00,-0.000000000000000000e+00,-0.000000000000000000e+00,-3.770028542963710927e-01,0.000000000000000000e+00,-2.494399528549566536e-01,-0.000000000000000000e+00,-0.000000000000000000e+00,0.000000000000000000e+00,0.000000000000000000e+00,-2.540040867874935118e-02,-1.073952399107735989e-01,0.000000000000000000e+00,0.000000000000000000e+00,0.000000000000000000e+00,2.342118486880467199e+00,-3.219095859766903933e-01
-0.000000000000000000e+00,-0.000000000000000000e+00,-0.000000000000000000e+00,-0.000000000000000000e+00,-7.678399405342944961e-02,0.000000000000000000e+00,-0.000000000000000000e+00,0.000000000000000000e+00,-2.520848201209654471e-01,-0.000000000000000000e+00,-0.000000000000000000e+00,-2.081481544403100126e-01,-0.000000000000000000e+00,-5.594794502472496406e-02,-0.000000000000000000e+00,-7.080341778371035399e-02,-0.000000000000000000e+00,-0.000000000000000000e+00,-0.000000000000000000e+00,-0.000000000000000000e+00,-0.000000000000000000e+00,-0.000000000000000000e+00,-1.513275759682056187e-01,-0.000000000000000000e+00,-2.035979814717371605e-01,-0.000000000000000000e+00,-0.000000000000000000e+00,-0.000000000000000000e+00,-0.000000000000000000e+00,-0.000000000000000000e+00,0.000000000000000000e+00,0.000000000000000000e+00,-1.037871467339532457e-02,-0.000000000000000000e+00,0.000000000000000000e+00,-0.000000000000000000e+00,-0.000000000000000000e+00,-3.219095859766903933e-01,1.590820549472621748e+00
