1.063626606887263071e+00,-0.000000000000000000e+00,-0.000000000000000000e+00,-1.510105701102580356e-01,-0.000000000000000000e+00,-0.000000000000000000e+00,1.240264909910368529e-01,0.000000000000000000e+00,-0.000000000000000000e+00,-1.222828723613288565e-01,-0.000000000000000000e+00,0.000000000000000000e+00,-0.000000000000000000e+00,-0.000000000000000000e+00,-0.000000000000000000e+00,-0.000000000000000000e+00,0.000000000000000000e+00,-0.000000000000000000e+00,0.000000000000000000e+00,-0.000000000000000000e+00,-0.000000000000000000e+00,-0.000000000000000000e+00,0.000000000000000000e+00,-0.000000000000000000e+00,-0.000000000000000000e+00,-0.000000000000000000e+00,0.000000000000000000e+00,-0.000000000000000000e+00,-0.000000000000000000e+00,-1.280708222338989011e-01,0.000000000000000000e+00,0.000000000000000000e+00,-0.000000000000000000e+00,-0.000000000000000000e+00,-0.000000000000000000e+00,-0.000000000000000000e+00,0.000000000000000000e+00,-0.000000000000000000e+00,-0.000000000000000000e+00
-0.000000000000000000e+00,2.668341977400915610e+00,-7.025206276163178942e-02,-0.000000000000000000e+00,-0.000000000000000000e+00,-0.000000000000000000e+00,0.000000000000000000e+00,-0.000000000000000000e+00,-2.920619602163299078e-01,-0.000000000000000000e+00,0.000000000000000000e+00,-2.688278041470741342e-01,1.294047029094012313e-01,-0.000000000000000000e+00,-0.000000000000000000e+00,-7.884353210928390920e-02,-0.000000000000000000e+00,-0.000000000000000000e+00,-0.000000000000000000e+00,-0.000000000000000000e+00,6.607055369618713980e-02,0.000000000000000000e+00,-1.710307996577028200e-01,-0.000000000000000000e+00,-2.284584193413569109e-01,1.601987523319139128e-01,-1.843626006156256769e-01,8.691622544918922721e-02,0.000000000000000000e+00,0.000000000000000000e+00,-0.000000000000000000e+00,-4.310245504678840156e-01,0.000000000000000000e+00,-9.104122765614185153e-02,0.000000000000000000e+00,-1.580245400494370567e-02,-3.685366071091985413e-02,0.000000000000000000e+00,-4.180368832854504668e-01
-0.000000000000000000e+00,-7.025206276163178942e-02,2.029286991386134442e+00,-0.000000000000000000e+00,-5.123324928027936931e-01,0.000000000000000000e+00,0.000000000000000000e+00,0.000000000000000000e+00,-2.424127766735202916e-01,-5.918793667982361756e-02,0.000000000000000000e+00,-1.872531959057455869e-02,9.299268245791260379e-02,-0.000000000000000000e+00,-0.000000000000000000e+00,-1.721554398563628074e-01,-0.000000000000000000e+00,-3.030068222578692974e-02,-0.000000000000000000e+00,-1.028932069596063120e-01,0.000000000000000000e+00,-0.000000000000000000e+00,-0.000000000000000000e+00,0.000000000000000000e+00,-0.000000000000000000e+00,0.000000000000000000e+00,-0.000000000000000000e+00,0.000000000000000000e+00,0.000000000000000000e+00,0.000000000000000000e+00,-0.000000000000000000e+00,-0.000000000000000000e+00,-0.000000000000000000e+00,-4.454315016965854079e-01,0.000000000000000000e+00,-0.000000000000000000e+00,-0.000000000000000000e+00,0.000000000000000000e+00,-1.760499011044228124e-01
-1.510105701102580356e-01,-0.000000000000000000e+00,-0.000000000000000000e+00,1.260173456624841037e+00,-0.000000000000000000e+00,0.000000000000000000e+00,0.000000000000000000e+00,-0.000000000000000000e+00,-7.295327727446115906e-02,-0.000000000000000000e+00,0.000000000000000000e+00,-0.000000000000000000e+00,1.381738906225205357e-02,-0.000000000000000000e+00,-1.663767625434666719e-01,-0.000000000000000000e+00,-0.000000000000000000e+00,-2.550250031422495733e-01,-0.000000000000000000e+00,-3.635147309256570730e-02,0.000000000000000000e+00,0.000000000000000000e+00,-0.000000000000000000e+00,0.000000000000000000e+00,-0.000000000000000000e+00,0.000000000000000000e+00,-0.000000000000000000e+00,0.000000000000000000e+00,0.000000000000000000e+00,0.000000000000000000e+00,3.108667660741436245e-02,-0.000000000000000000e+00,0.000000000000000000e+00,-6.666028556092844226e-02,7.129117119887953824e-02,-0.000000000000000000e+00,0.000000000000000000e+00,-0.000000000000000000e+00,-0.000000000000000000e+00
-0.000000000000000000e+00,-0.000000000000000000e+00,-5.123324928027936931e-01,-0.000000000000000000e+00,1.789761446123367294e+00,-0.000000000000000000e+00,0.000000000000000000e+00,0.000000000000000000e+00,-3.382727125922228850e-02,-8.011824737869115143e-02,0.000000000000000000e+00,-0.000000000000000000e+00,0.000000000000000000e+00,-2.460497303449993567e-01,-0.000000000000000000e+00,-1.123428887732842302e-01,-0.000000000000000000e+00,-8.814184536184795082e-02,-0.000000000000000000e+00,-0.000000000000000000e+00,0.000000000000000000e+00,-0.000000000000000000e+00,-0.000000000000000000e+00,-0.000000000000000000e+00,-2.852243685548055963e-01,0.000000000000000000e+00,-0.000000000000000000e+00,0.000000000000000000e+00,0.000000000000000000e+00,-0.000000000000000000e+00,-0.000000000000000000e+00,-0.000000000000000000e+00,-0.000000000000000000e+00,-2.045068293830504536e-01,0.000000000000000000e+00,-0.000000000000000000e+00,-0.000000000000000000e+00,-0.000000000000000000e+00,-0.000000000000000000e+00
-0.000000000000000000e+00,-0.000000000000000000e+00,0.000000000000000000e+00,0.000000000000000000e+00,-0.000000000000000000e+00,1.197668753829646882e+00,-0.000000000000000000e+00,-0.000000000000000000e+00,0.000000000000000000e+00,-0.000000000000000000e+00,-0.000000000000000000e+00,0.000000000000000000e+00,-0.000000000000000000e+00,-0.000000000000000000e+00,0.000000000000000000e+00,-0.000000000000000000e+00,0.000000000000000000e+00,0.000000000000000000e+00,0.000000000000000000e+00,-0.000000000000000000e+00,0.000000000000000000e+00,0.000000000000000000e+00,-0.000000000000000000e+00,-4.324886524766929363e-01,-4.805705182086052359e-03,0.000000000000000000e+00,-0.000000000000000000e+00,0.000000000000000000e+00,-0.000000000000000000e+00,0.000000000000000000e+00,0.000000000000000000e+00,-0.000000000000000000e+00,-0.000000000000000000e+00,0.000000000000000000e+00,-0.000000000000000000e+00,7.646477710818264106e-02,-2.053037584106597591e-01,1.782768980525040528e-02,0.000000000000000000e+00
1.240264909910368529e-01,0.000000000000000000e+00,0.000000000000000000e+00,0.000000000000000000e+00,0.000000000000000000e+00,-0.000000000000000000e+00,1.024547182649702792e+00,-0.000000000000000000e+00,0.000000000000000000e+00,0.000000000000000000e+00,-0.000000000000000000e+00,0.000000000000000000e+00,-0.000000000000000000e+00,-0.000000000000000000e+00,0.000000000000000000e+00,0.000000000000000000e+00,0.000000000000000000e+00,0.000000000000000000e+00,0.000000000000000000e+00,0.000000000000000000e+00,-0.000000000000000000e+00,-2.134875151559675888e-02,0.000000000000000000e+00,-0.000000000000000000e+00,0.000000000000000000e+00,-0.000000000000000000e+00,0.000000000000000000e+00,-0.000000000000000000e+00,-0.000000000000000000e+00,0.000000000000000000e+00,-9.083671164083281790e-02,0.000000000000000000e+00,-0.000000000000000000e+00,0.000000000000000000e+00,-0.000000000000000000e+00,0.000000000000000000e+00,-0.000000000000000000e+00,0.000000000000000000e+00,0.000000000000000000e+00
0.000000000000000000e+00,-0.000000000000000000e+00,0.000000000000000000e+00,-0.000000000000000000e+00,0.000000000000000000e+00,-0.000000000000000000e+00,-0.000000000000000000e+00,1.483363254895784467e+00,-0.000000000000000000e+00,-0.000000000000000000e+00,0.000000000000000000e+00,-0.000000000000000000e+00,0.000000000000000000e+00,-0.000000000000000000e+00,-3.898314870327973525e-02,-0.000000000000000000e+00,-0.000000000000000000e+00,-0.000000000000000000e+00,-3.464497145698511998e-02,-0.000000000000000000e+00,1.934724605644055906e-01,1.783505700439881880e-01,-0.000000000000000000e+00,0.000000000000000000e+00,-0.000000000000000000e+00,3.875141038978314328e-02,-0.000000000000000000e+00,1.821272847434025621e-01,0.000000000000000000e+00,4.218047505105292916e-01,0.000000000000000000e+00,-2.980502618917449040e-02,8.801991495618903538e-02,-0.000000000000000000e+00,0.000000000000000000e+00,-0.000000000000000000e+00,-0.000000000000000000e+00,3.055991748864524821e-02,-0.000000000000000000e+00
-0.000000000000000000e+00,-2.920619602163299078e-01,-2.424127766735202916e-01,-7.295327727446115906e-02,-3.382727125922228850e-02,0.000000000000000000e+00,0.000000000000000000e+00,-0.000000000000000000e+00,2.773088805068938623e+00,-7.132278179479020763e-02,0.000000000000000000e+00,-1.915026740302579744e-01,9.108602494861840759e-02,-0.000000000000000000e+00,-2.113986219045166093e-01,-1.794558154389438165e-01,-0.000000000000000000e+00,-3.888772635003524547e-01,-1.328990980274976363e-01,-0.000000000000000000e+00,0.000000000000000000e+00,0.000000000000000000e+00,-3.948672630613560275e-02,0.000000000000000000e+00,-1.538638132950078674e-01,0.000000000000000000e+00,-3.978103083646681443e-02,0.000000000000000000e+00,0.000000000000000000e+00,0.000000000000000000e+00,0.000000000000000000e+00,-0.000000000000000000e+00,0.000000000000000000e+00,-4.279083821800225840e-01,3.831505842682463719e-02,-1.465862178971993612e-01,-0.000000000000000000e+00,-0.000000000000000000e+00,-2.571792879381651908e-01
-1.222828723613288565e-01,-0.000000000000000000e+00,-5.918793667982361756e-02,-0.000000000000000000e+00,-8.011824737869115143e-02,-0.000000000000000000e+00,0.000000000000000000e+00,-0.000000000000000000e+00,-7.132278179479020763e-02,1.766938824132649355e+00,0.000000000000000000e+00,-0.000000000000000000e+00,0.000000000000000000e+00,-1.584770940738968181e-01,-0.000000000000000000e+00,-6.889115166120649558e-01,-0.000000000000000000e+00,-0.000000000000000000e+00,-0.000000000000000000e+00,-0.000000000000000000e+00,0.000000000000000000e+00,-0.000000000000000000e+00,-9.194624062212539140e-02,-0.000000000000000000e+00,-8.742289530705044109e-02,0.000000000000000000e+00,-1.967439823124091380e-01,0.000000000000000000e+00,0.000000000000000000e+00,-0.000000000000000000e+00,-0.000000000000000000e+00,-0.000000000000000000e+00,-0.000000000000000000e+00,-0.000000000000000000e+00,0.000000000000000000e+00,-0.000000000000000000e+00,-0.000000000000000000e+00,-0.000000000000000000e+00,-0.000000000000000000e+00
-0.000000000000000000e+00,0.000000000000000000e+00,0.000000000000000000e+00,0.000000000000000000e+00,0.000000000000000000e+00,-0.000000000000000000e+00,-0.000000000000000000e+00,0.000000000000000000e+00,0.000000000000000000e+00,0.000000000000000000e+00,2.256806175289680194e+00,1.004480984702128127e-01,-1.194134798975242800e-01,0.000000000000000000e+00,0.000000000000000000e+00,0.000000000000000000e+00,0.000000000000000000e+00,0.000000000000000000e+00,6.647821275459379897e-02,0.000000000000000000e+00,-2.782368391604245761e-01,-0.000000000000000000e+00,0.000000000000000000e+00,-0.000000000000000000e+00,0.000000000000000000e+00,-3.072031580933699546e-01,0.000000000000000000e+00,-1.709373995144009561e-01,-4.991973181438266738e-01,-1.183094244990874067e-01,-0.000000000000000000e+00,8.322657622134159439e-02,-0.000000000000000000e+00,4.893836025325094818e-02,-2.085395504143248424e-01,0.000000000000000000e+00,0.000000000000000000e+00,-0.000000000000000000e+00,1.228537785654428977e-01
0.000000000000000000e+00,-2.688278041470741342e-01,-1.872531959057455869e-02,-0.000000000000000000e+00,-0.000000000000000000e+00,0.000000000000000000e+00,0.000000000000000000e+00,-0.000000000000000000e+00,-1.915026740302579744e-01,-0.000000000000000000e+00,1.004480984702128127e-01,2.944486983644910350e+00,1.506877784514279728e-01,-0.000000000000000000e+00,-2.483638545858553315e-01,-0.000000000000000000e+00,-1.136709173092224912e-01,-0.000000000000000000e+00,-3.208158930239234929e-01,-0.000000000000000000e+00,1.262382088850941275e-01,0.000000000000000000e+00,-0.000000000000000000e+00,0.000000000000000000e+00,-0.000000000000000000e+00,2.294006469725892172e-01,-1.881416117523016310e-02,6.611049170041101430e-02,2.258250798131341830e-01,0.000000000000000000e+00,0.000000000000000000e+00,-1.886770603176299299e-01,0.000000000000000000e+00,-1.962724251829957578e-01,2.488475611843825319e-01,-0.000000000000000000e+00,-0.000000000000000000e+00,0.000000000000000000e+00,-3.677809003139385080e-01
-0.000000000000000000e+00,1.294047029094012313e-01,9.299268245791260379e-02,1.381738906225205357e-02,0.000000000000000000e+00,-0.000000000000000000e+00,-0.000000000000000000e+00,0.000000000000000000e+00,9.108602494861840759e-02,0.000000000000000000e+00,-1.194134798975242800e-01,1.506877784514279728e-01,2.098944121932780238e+00,0.000000000000000000e+00,1.188276250109226648e-02,0.000000000000000000e+00,0.000000000000000000e+00,0.000000000000000000e+00,2.363322809170477767e-01,0.000000000000000000e+00,-8.055612832706478266e-02,-0.000000000000000000e+00,0.000000000000000000e+00,-0.000000000000000000e+00,0.000000000000000000e+00,-5.966820030524917079e-02,9.960673513852344105e-03,-2.097772832972823465e-01,-2.145652639682513740e-01,-0.000000000000000000e+00,0.000000000000000000e+00,1.025277028571265486e-01,-0.000000000000000000e+00,1.619354155166362053e-01,-5.604821733746695456e-02,0.000000000000000000e+00,0.000000000000000000e+00,-0.000000000000000000e+00,1.963866981754804342e-01
-0.000000000000000000e+00,-0.000000000000000000e+00,-0.000000000000000000e+00,-0.000000000000000000e+00,-2.460497303449993567e-01,-0.000000000000000000e+00,-0.000000000000000000e+00,-0.000000000000000000e+00,-0.000000000000000000e+00,-1.584770940738968181e-01,0.000000000000000000e+00,-0.000000000000000000e+00,0.000000000000000000e+00,1.724488181587371161e+00,-0.000000000000000000e+00,-2.091868296000154448e-01,-0.000000000000000000e+00,-0.000000000000000000e+00,-0.000000000000000000e+00,-0.000000000000000000e+00,0.000000000000000000e+00,-0.000000000000000000e+00,-2.309762722171234406e-01,-3.511917971222971308e-02,-2.171434526938621490e-01,0.000000000000000000e+00,-1.857426922514838208e-01,0.000000000000000000e+00,0.000000000000000000e+00,-0.000000000000000000e+00,-6.249908131190277244e-02,-0.000000000000000000e+00,-1.268011767751631713e-01,-0.000000000000000000e+00,0.000000000000000000e+00,-1.948190695162385980e-02,-3.162532380681661315e-01,0.000000000000000000e+00,-0.000000000000000000e+00
-0.000000000000000000e+00,-0.000000000000000000e+00,-0.000000000000000000e+00,-1.663767625434666719e-01,-0.000000000000000000e+00,0.000000000000000000e+00,0.000000000000000000e+00,-3.898314870327973525e-02,-2.113986219045166093e-01,-0.000000000000000000e+00,0.000000000000000000e+00,-2.483638545858553315e-01,1.188276250109226648e-02,-0.000000000000000000e+00,2.043871369081597500e+00,-0.000000000000000000e+00,-0.000000000000000000e+00,-2.668521007402449574e-01,-1.047099955699784812e-01,-1.178868995922629226e-01,2.239469303335564765e-01,0.000000000000000000e+00,-0.000000000000000000e+00,0.000000000000000000e+00,-0.000000000000000000e+00,4.253456162816433850e-02,-0.000000000000000000e+00,1.311210783194766138e-01,0.000000000000000000e+00,0.000000000000000000e+00,1.126294533843485435e-01,-0.000000000000000000e+00,0.000000000000000000e+00,-7.185517737420334117e-02,3.531969716820835270e-01,-0.000000000000000000e+00,-0.000000000000000000e+00,0.000000000000000000e+00,-0.000000000000000000e+00
-0.000000000000000000e+00,-7.884353210928390920e-02,-1.721554398563628074e-01,-0.000000000000000000e+00,-1.123428887732842302e-01,-0.000000000000000000e+00,0.000000000000000000e+00,-0.000000000000000000e+00,-1.794558154389438165e-01,-6.889115166120649558e-01,0.000000000000000000e+00,-0.000000000000000000e+00,0.000000000000000000e+00,-2.091868296000154448e-01,-0.000000000000000000e+00,2.187469889962216030e+00,-0.000000000000000000e+00,-3.240452267448924728e-02,-0.000000000000000000e+00,-0.000000000000000000e+00,0.000000000000000000e+00,-0.000000000000000000e+00,-3.701258679065908552e-01,-0.000000000000000000e+00,-9.272700969073756350e-02,0.000000000000000000e+00,-7.574119120490635515e-02,0.000000000000000000e+00,0.000000000000000000e+00,-0.000000000000000000e+00,-0.000000000000000000e+00,-0.000000000000000000e+00,-0.000000000000000000e+00,-0.000000000000000000e+00,0.000000000000000000e+00,-1.207316140338035720e-01,-0.000000000000000000e+00,-0.000000000000000000e+00,-6.619102848838541442e-02
0.000000000000000000e+00,-0.000000000000000000e+00,-0.000000000000000000e+00,-0.000000000000000000e+00,-0.000000000000000000e+00,0.000000000000000000e+00,0.000000000000000000e+00,-0.000000000000000000e+00,-0.000000000000000000e+00,-0.000000000000000000e+00,0.000000000000000000e+00,-1.136709173092224912e-01,0.000000000000000000e+00,-0.000000000000000000e+00,-0.000000000000000000e+00,-0.000000000000000000e+00,1.736035165230489508e+00,-0.000000000000000000e+00,-1.219172976621046497e-02,-0.000000000000000000e+00,0.000000000000000000e+00,-0.000000000000000000e+00,-2.890309843557088976e-01,2.660772391960028113e-02,-0.000000000000000000e+00,0.000000000000000000e+00,-2.192903588971893969e-01,0.000000000000000000e+00,1.655556596981245243e-01,0.000000000000000000e+00,-0.000000000000000000e+00,-2.316754699942173146e-01,0.000000000000000000e+00,-0.000000000000000000e+00,1.504647912887829286e-01,-3.040781130417812839e-01,-0.000000000000000000e+00,0.000000000000000000e+00,-2.527227658787200085e-02
-0.000000000000000000e+00,-0.000000000000000000e+00,-3.030068222578692974e-02,-2.550250031422495733e-01,-8.814184536184795082e-02,0.000000000000000000e+00,0.000000000000000000e+00,-0.000000000000000000e+00,-3.888772635003524547e-01,-0.000000000000000000e+00,0.000000000000000000e+00,-0.000000000000000000e+00,0.000000000000000000e+00,-0.000000000000000000e+00,-2.668521007402449574e-01,-3.240452267448924728e-02,-0.000000000000000000e+00,2.040348681289764432e+00,-5.589478430580019364e-01,-0.000000000000000000e+00,0.000000000000000000e+00,0.000000000000000000e+00,-0.000000000000000000e+00,0.000000000000000000e+00,-3.116106571277016749e-02,0.000000000000000000e+00,-0.000000000000000000e+00,0.000000000000000000e+00,0.000000000000000000e+00,0.000000000000000000e+00,0.000000000000000000e+00,-0.000000000000000000e+00,0.000000000000000000e+00,-2.417741968803439889e-01,0.000000000000000000e+00,-0.000000000000000000e+00,-0.000000000000000000e+00,-0.000000000000000000e+00,-0.000000000000000000e+00
0.000000000000000000e+00,-0.000000000000000000e+00,-0.000000000000000000e+00,-0.000000000000000000e+00,-0.000000000000000000e+00,0.000000000000000000e+00,0.000000000000000000e+00,-3.464497145698511998e-02,-1.328990980274976363e-01,-0.000000000000000000e+00,6.647821275459379897e-02,-3.208158930239234929e-01,2.363322809170477767e-01,-0.000000000000000000e+00,-1.047099955699784812e-01,-0.000000000000000000e+00,-1.219172976621046497e-02,-5.589478430580019364e-01,2.580732620222698337e+00,-0.000000000000000000e+00,4.203879213040539325e-02,0.000000000000000000e+00,-1.139440646520539085e-01,0.000000000000000000e+00,-1.652833295536069724e-01,1.050807528330166898e-02,-1.117293999631584211e-01,0.000000000000000000e+00,2.152796308658162794e-01,0.000000000000000000e+00,-0.000000000000000000e+00,-6.122408597468165931e-02,0.000000000000000000e+00,-1.178199146404341341e-01,5.366418412865053139e-02,-0.000000000000000000e+00,-0.000000000000000000e+00,0.000000000000000000e+00,-2.879396791520446031e-01
-0.000000000000000000e+00,-0.000000000000000000e+00,-1.028932069596063120e-01,-3.635147309256570730e-02,-0.000000000000000000e+00,-0.000000000000000000e+00,0.000000000000000000e+00,-0.000000000000000000e+00,-0.000000000000000000e+00,-0.000000000000000000e+00,0.000000000000000000e+00,-0.000000000000000000e+00,0.000000000000000000e+00,-0.000000000000000000e+00,-1.178868995922629226e-01,-0.000000000000000000e+00,-0.000000000000000000e+00,-0.000000000000000000e+00,-0.000000000000000000e+00,1.039699304573631133e+00,0.000000000000000000e+00,-0.000000000000000000e+00,-0.000000000000000000e+00,0.000000000000000000e+00,-0.000000000000000000e+00,0.000000000000000000e+00,-0.000000000000000000e+00,0.000000000000000000e+00,0.000000000000000000e+00,0.000000000000000000e+00,0.000000000000000000e+00,-0.000000000000000000e+00,0.000000000000000000e+00,-0.000000000000000000e+00,0.000000000000000000e+00,-0.000000000000000000e+00,-0.000000000000000000e+00,0.000000000000000000e+00,-0.000000000000000000e+00
-0.000000000000000000e+00,6.607055369618713980e-02,0.000000000000000000e+00,0.000000000000000000e+00,0.000000000000000000e+00,0.000000000000000000e+00,-0.000000000000000000e+00,1.934724605644055906e-01,0.000000000000000000e+00,0.000000000000000000e+00,-2.782368391604245761e-01,1.262382088850941275e-01,-8.055612832706478266e-02,0.000000000000000000e+00,2.239469303335564765e-01,0.000000000000000000e+00,0.000000000000000000e+00,0.000000000000000000e+00,4.203879213040539325e-02,0.000000000000000000e+00,2.590978493868913102e+00,-2.160866088514585281e-01,0.000000000000000000e+00,-0.000000000000000000e+00,0.000000000000000000e+00,-3.887663032981126809e-01,0.000000000000000000e+00,-5.570147250376579207e-01,-1.236302269961155609e-01,-0.000000000000000000e+00,-0.000000000000000000e+00,1.201039435386305060e-02,-2.584080756200439755e-01,9.020230787087679669e-02,-1.852538424547973683e-01,0.000000000000000000e+00,0.000000000000000000e+00,-0.000000000000000000e+00,0.000000000000000000e+00
-0.000000000000000000e+00,0.000000000000000000e+00,-0.000000000000000000e+00,0.000000000000000000e+00,-0.000000000000000000e+00,0.000000000000000000e+00,-2.134875151559675888e-02,1.783505700439881880e-01,0.000000000000000000e+00,-0.000000000000000000e+00,-0.000000000000000000e+00,0.000000000000000000e+00,-0.000000000000000000e+00,-0.000000000000000000e+00,0.000000000000000000e+00,-0.000000000000000000e+00,-0.000000000000000000e+00,0.000000000000000000e+00,0.000000000000000000e+00,-0.000000000000000000e+00,-2.160866088514585281e-01,1.179832972619448306e+00,0.000000000000000000e+00,-0.000000000000000000e+00,0.000000000000000000e+00,-0.000000000000000000e+00,0.000000000000000000e+00,-0.000000000000000000e+00,-0.000000000000000000e+00,-0.000000000000000000e+00,-0.000000000000000000e+00,0.000000000000000000e+00,-2.057650412283823227e-01,0.000000000000000000e+00,-0.000000000000000000e+00,-0.000000000000000000e+00,0.000000000000000000e+00,-0.000000000000000000e+00,0.000000000000000000e+00
0.000000000000000000e+00,-1.710307996577028200e-01,-0.000000000000000000e+00,-0.000000000000000000e+00,-0.000000000000000000e+00,-0.000000000000000000e+00,0.000000000000000000e+00,-0.000000000000000000e+00,-3.948672630613560275e-02,-9.194624062212539140e-02,0.000000000000000000e+00,-0.000000000000000000e+00,0.000000000000000000e+00,-2.309762722171234406e-01,-0.000000000000000000e+00,-3.701258679065908552e-01,-2.890309843557088976e-01,-0.000000000000000000e+00,-1.139440646520539085e-01,-0.000000000000000000e+00,0.000000000000000000e+00,0.000000000000000000e+00,2.306078819371997657e+00,0.000000000000000000e+00,-2.076894723531699793e-01,0.000000000000000000e+00,-3.823305661328735283e-01,0.000000000000000000e+00,0.000000000000000000e+00,0.000000000000000000e+00,-0.000000000000000000e+00,-2.465577229697719641e-01,-0.000000000000000000e+00,-0.000000000000000000e+00,0.000000000000000000e+00,-5.469186324243108244e-02,-0.000000000000000000e+00,-0.000000000000000000e+00,-1.542136053441168775e-01
-0.000000000000000000e+00,-0.000000000000000000e+00,0.000000000000000000e+00,0.000000000000000000e+00,-0.000000000000000000e+00,-4.324886524766929363e-01,-0.000000000000000000e+00,0.000000000000000000e+00,0.000000000000000000e+00,-0.000000000000000000e+00,-0.000000000000000000e+00,0.000000000000000000e+00,-0.000000000000000000e+00,-3.511917971222971308e-02,0.000000000000000000e+00,-0.000000000000000000e+00,2.660772391960028113e-02,0.000000000000000000e+00,0.000000000000000000e+00,0.000000000000000000e+00,-0.000000000000000000e+00,-0.000000000000000000e+00,0.000000000000000000e+00,1.211025091146187505e+00,-0.000000000000000000e+00,-0.000000000000000000e+00,-0.000000000000000000e+00,-0.000000000000000000e+00,-0.000000000000000000e+00,-0.000000000000000000e+00,-0.000000000000000000e+00,0.000000000000000000e+00,-7.752756706874659731e-02,0.000000000000000000e+00,-2.010753472742679016e-01,1.499431675621184341e-04,-0.000000000000000000e+00,0.000000000000000000e+00,0.000000000000000000e+00
-0.000000000000000000e+00,-2.284584193413569109e-01,-0.000000000000000000e+00,-0.000000000000000000e+00,-2.852243685548055963e-01,-4.805705182086052359e-03,0.000000000000000000e+00,-0.000000000000000000e+00,-1.538638132950078674e-01,-8.742289530705044109e-02,0.000000000000000000e+00,-0.000000000000000000e+00,0.000000000000000000e+00,-2.171434526938621490e-01,-0.000000000000000000e+00,-9.272700969073756350e-02,-0.000000000000000000e+00,-3.116106571277016749e-02,-1.652833295536069724e-01,-0.000000000000000000e+00,0.000000000000000000e+00,0.000000000000000000e+00,-2.076894723531699793e-01,-0.000000000000000000e+00,1.925073782945306844e+00,0.000000000000000000e+00,-0.000000000000000000e+00,0.000000000000000000e+00,0.000000000000000000e+00,0.000000000000000000e+00,-0.000000000000000000e+00,-0.000000000000000000e+00,-0.000000000000000000e+00,-2.207233826136462129e-01,0.000000000000000000e+00,-0.000000000000000000e+00,-1.971546018676891346e-02,0.000000000000000000e+00,-7.853020403133943728e-02
-0.000000000000000000e+00,1.601987523319139128e-01,0.000000000000000000e+00,0.000000000000000000e+00,0.000000000000000000e+00,0.000000000000000000e+00,-0.000000000000000000e+00,3.875141038978314328e-02,0.000000000000000000e+00,0.000000000000000000e+00,-3.072031580933699546e-01,2.294006469725892172e-01,-5.966820030524917079e-02,0.000000000000000000e+00,4.253456162816433850e-02,0.000000000000000000e+00,0.000000000000000000e+00,0.000000000000000000e+00,1.050807528330166898e-02,0.000000000000000000e+00,-3.887663032981126809e-01,-0.000000000000000000e+00,0.000000000000000000e+00,-0.000000000000000000e+00,0.000000000000000000e+00,2.675406816474592109e+00,0.000000000000000000e+00,-3.788503664382323888e-01,-3.602228154019048167e-01,-2.025848081320700822e-01,-0.000000000000000000e+00,2.343172911978015638e-01,-0.000000000000000000e+00,6.771480786806188812e-02,-2.235953847406516384e-02,0.000000000000000000e+00,0.000000000000000000e+00,-2.811849374280566694e-01,9.235408251070431618e-02
0.000000000000000000e+00,-1.843626006156256769e-01,-0.000000000000000000e+00,-0.000000000000000000e+00,-0.000000000000000000e+00,-0.000000000000000000e+00,0.000000000000000000e+00,-0.000000000000000000e+00,-3.978103083646681443e-02,-1.967439823124091380e-01,0.000000000000000000e+00,-1.881416117523016310e-02,9.960673513852344105e-03,-1.857426922514838208e-01,-0.000000000000000000e+00,-7.574119120490635515e-02,-2.192903588971893969e-01,-0.000000000000000000e+00,-1.117293999631584211e-01,-0.000000000000000000e+00,0.000000000000000000e+00,0.000000000000000000e+00,-3.823305661328735283e-01,-0.000000000000000000e+00,-0.000000000000000000e+00,0.000000000000000000e+00,2.111544883098887215e+00,0.000000000000000000e+00,0.000000000000000000e+00,0.000000000000000000e+00,-7.639975215282229781e-02,-2.911548109702158382e-01,-0.000000000000000000e+00,-0.000000000000000000e+00,0.000000000000000000e+00,-0.000000000000000000e+00,-2.085419802062479511e-01,-0.000000000000000000e+00,-1.643412360093069180e-01
-0.000000000000000000e+00,8.691622544918922721e-02,0.000000000000000000e+00,0.000000000000000000e+00,0.000000000000000000e+00,0.000000000000000000e+00,-0.000000000000000000e+00,1.821272847434025621e-01,0.000000000000000000e+00,0.000000000000000000e+00,-1.709373995144009561e-01,6.611049170041101430e-02,-2.097772832972823465e-01,0.000000000000000000e+00,1.311210783194766138e-01,0.000000000000000000e+00,0.000000000000000000e+00,0.000000000000000000e+00,0.000000000000000000e+00,0.000000000000000000e+00,-5.570147250376579207e-01,-0.000000000000000000e+00,0.000000000000000000e+00,-0.000000000000000000e+00,0.000000000000000000e+00,-3.788503664382323888e-01,0.000000000000000000e+00,2.397123874374910812e+00,-1.470348841214872970e-01,-0.000000000000000000e+00,-0.000000000000000000e+00,1.761356912617695891e-01,-2.251018939147439446e-01,0.000000000000000000e+00,-1.043272797474711078e-01,0.000000000000000000e+00,0.000000000000000000e+00,-1.410433768446586571e-02,0.000000000000000000e+00
-0.000000000000000000e+00,0.000000000000000000e+00,0.000000000000000000e+00,0.000000000000000000e+00,0.000000000000000000e+00,-0.000000000000000000e+00,-0.000000000000000000e+00,0.000000000000000000e+00,0.000000000000000000e+00,0.000000000000000000e+00,-4.991973181438266738e-01,2.258250798131341830e-01,-2.145652639682513740e-01,0.000000000000000000e+00,0.000000000000000000e+00,0.000000000000000000e+00,1.655556596981245243e-01,0.000000000000000000e+00,2.152796308658162794e-01,0.000000000000000000e+00,-1.236302269961155609e-01,-0.000000000000000000e+00,0.000000000000000000e+00,-0.000000000000000000e+00,0.000000000000000000e+00,-3.602228154019048167e-01,0.000000000000000000e+00,-1.470348841214872970e-01,2.744772252094329179e+00,-1.516038303289185540e-01,-0.000000000000000000e+00,1.282274168653524671e-01,-0.000000000000000000e+00,2.882985871887393248e-02,-4.179873221798663940e-01,9.660003209595110704e-03,0.000000000000000000e+00,-0.000000000000000000e+00,1.658437322274435577e-01
-1.280708222338989011e-01,0.000000000000000000e+00,0.000000000000000000e+00,0.000000000000000000e+00,-0.000000000000000000e+00,0.000000000000000000e+00,0.000000000000000000e+00,4.218047505105292916e-01,0.000000000000000000e+00,-0.000000000000000000e+00,-1.183094244990874067e-01,0.000000000000000000e+00,-0.000000000000000000e+00,-0.000000000000000000e+00,0.000000000000000000e+00,-0.000000000000000000e+00,0.000000000000000000e+00,0.000000000000000000e+00,0.000000000000000000e+00,0.000000000000000000e+00,-0.000000000000000000e+00,-0.000000000000000000e+00,0.000000000000000000e+00,-0.000000000000000000e+00,0.000000000000000000e+00,-2.025848081320700822e-01,0.000000000000000000e+00,-0.000000000000000000e+00,-1.516038303289185540e-01,1.494667965153144262e+00,-0.000000000000000000e+00,0.000000000000000000e+00,-0.000000000000000000e+00,0.000000000000000000e+00,-0.000000000000000000e+00,0.000000000000000000e+00,0.000000000000000000e+00,-2.876010775946426512e-01,0.000000000000000000e+00
0.000000000000000000e+00,-0.000000000000000000e+00,-0.000000000000000000e+00,3.108667660741436245e-02,-0.000000000000000000e+00,0.000000000000000000e+00,-9.083671164083281790e-02,0.000000000000000000e+00,0.000000000000000000e+00,-0.000000000000000000e+00,-0.000000000000000000e+00,0.000000000000000000e+00,0.000000000000000000e+00,-6.249908131190277244e-02,1.126294533843485435e-01,-0.000000000000000000e+00,-0.000000000000000000e+00,0.000000000000000000e+00,-0.000000000000000000e+00,0.000000000000000000e+00,-0.000000000000000000e+00,-0.000000000000000000e+00,-0.000000000000000000e+00,-0.000000000000000000e+00,-0.000000000000000000e+00,-0.000000000000000000e+00,-7.639975215282229781e-02,-0.000000000000000000e+00,-0.000000000000000000e+00,-0.000000000000000000e+00,1.383778953391122224e+00,-0.000000000000000000e+00,-6.847591489311739554e-01,0.000000000000000000e+00,-0.000000000000000000e+00,-0.000000000000000000e+00,-6.213207440294802458e-03,-0.000000000000000000e+00,-0.000000000000000000e+00
0.000000000000000000e+00,-4.310245504678840156e-01,-0.000000000000000000e+00,-0.000000000000000000e+00,-0.000000000000000000e+00,-0.000000000000000000e+00,0.000000000000000000e+00,-2.980502618917449040e-02,-0.000000000000000000e+00,-0.000000000000000000e+00,8.322657622134159439e-02,-1.886770603176299299e-01,1.025277028571265486e-01,-0.000000000000000000e+00,-0.000000000000000000e+00,-0.000000000000000000e+00,-2.316754699942173146e-01,-0.000000000000000000e+00,-6.122408597468165931e-02,-0.000000000000000000e+00,1.201039435386305060e-02,0.000000000000000000e+00,-2.465577229697719641e-01,0.000000000000000000e+00,-0.000000000000000000e+00,2.343172911978015638e-01,-2.911548109702158382e-01,1.761356912617695891e-01,1.282274168653524671e-01,0.000000000000000000e+00,-0.000000000000000000e+00,2.634117641878137128e+00,0.000000000000000000e+00,-0.000000000000000000e+00,0.000000000000000000e+00,-0.000000000000000000e+00,-4.145508587470399520e-01,0.000000000000000000e+00,-1.892571623999103891e-01
-0.000000000000000000e+00,0.000000000000000000e+00,-0.000000000000000000e+00,0.000000000000000000e+00,-0.000000000000000000e+00,-0.000000000000000000e+00,-0.000000000000000000e+00,8.801991495618903538e-02,0.000000000000000000e+00,-0.000000000000000000e+00,-0.000000000000000000e+00,0.000000000000000000e+00,-0.000000000000000000e+00,-1.268011767751631713e-01,0.000000000000000000e+00,-0.000000000000000000e+00,0.000000000000000000e+00,0.000000000000000000e+00,0.000000000000000000e+00,0.000000000000000000e+00,-2.584080756200439755e-01,-2.057650412283823227e-01,-0.000000000000000000e+00,-7.752756706874659731e-02,-0.000000000000000000e+00,-0.000000000000000000e+00,-0.000000000000000000e+00,-2.251018939147439446e-01,-0.000000000000000000e+00,-0.000000000000000000e+00,-6.847591489311739554e-01,0.000000000000000000e+00,1.646738783112833504e+00,0.000000000000000000e+00,-5.051988533385267516e-02,-0.000000000000000000e+00,-0.000000000000000000e+00,-8.416200375812451021e-03,0.000000000000000000e+00
-0.000000000000000000e+00,-9.104122765614185153e-02,-4.454315016965854079e-01,-6.666028556092844226e-02,-2.045068293830504536e-01,0.000000000000000000e+00,0.000000000000000000e+00,-0.000000000000000000e+00,-4.279083821800225840e-01,-0.000000000000000000e+00,4.893836025325094818e-02,-1.962724251829957578e-01,1.619354155166362053e-01,-0.000000000000000000e+00,-7.185517737420334117e-02,-0.000000000000000000e+00,-0.000000000000000000e+00,-2.417741968803439889e-01,-1.178199146404341341e-01,-0.000000000000000000e+00,9.020230787087679669e-02,0.000000000000000000e+00,-0.000000000000000000e+00,0.000000000000000000e+00,-2.207233826136462129e-01,6.771480786806188812e-02,-0.000000000000000000e+00,0.000000000000000000e+00,2.882985871887393248e-02,0.000000000000000000e+00,0.000000000000000000e+00,-0.000000000000000000e+00,0.000000000000000000e+00,2.657213708096817673e+00,1.436965983130882030e-01,-0.000000000000000000e+00,-0.000000000000000000e+00,0.000000000000000000e+00,-1.770367955853152653e-01
-0.000000000000000000e+00,0.000000000000000000e+00,0.000000000000000000e+00,7.129117119887953824e-02,0.000000000000000000e+00,-0.000000000000000000e+00,-0.000000000000000000e+00,0.000000000000000000e+00,3.831505842682463719e-02,0.000000000000000000e+00,-2.085395504143248424e-01,2.488475611843825319e-01,-5.604821733746695456e-02,0.000000000000000000e+00,3.531969716820835270e-01,0.000000000000000000e+00,1.504647912887829286e-01,0.000000000000000000e+00,5.366418412865053139e-02,0.000000000000000000e+00,-1.852538424547973683e-01,-0.000000000000000000e+00,0.000000000000000000e+00,-2.010753472742679016e-01,0.000000000000000000e+00,-2.235953847406516384e-02,0.000000000000000000e+00,-1.043272797474711078e-01,-4.179873221798663940e-01,-0.000000000000000000e+00,-0.000000000000000000e+00,0.000000000000000000e+00,-5.051988533385267516e-02,1.436965983130882030e-01,2.308346513831649460e+00,8.184769333935448810e-02,0.000000000000000000e+00,-0.000000000000000000e+00,7.519945175449027630e-02
-0.000000000000000000e+00,-1.580245400494370567e-02,-0.000000000000000000e+00,-0.000000000000000000e+00,-0.000000000000000000e+00,7.646477710818264106e-02,0.000000000000000000e+00,-0.000000000000000000e+00,-1.465862178971993612e-01,-0.000000000000000000e+00,0.000000000000000000e+00,-0.000000000000000000e+00,0.000000000000000000e+00,-1.948190695162385980e-02,-0.000000000000000000e+00,-1.207316140338035720e-01,-3.040781130417812839e-01,-0.000000000000000000e+00,-0.000000000000000000e+00,-0.000000000000000000e+00,0.000000000000000000e+00,-0.000000000000000000e+00,-5.469186324243108244e-02,1.499431675621184341e-04,-0.000000000000000000e+00,0.000000000000000000e+00,-0.000000000000000000e+00,0.000000000000000000e+00,9.660003209595110704e-03,0.000000000000000000e+00,-0.000000000000000000e+00,-0.000000000000000000e+00,-0.000000000000000000e+00,-0.000000000000000000e+00,8.184769333935448810e-02,1.314672320606607547e+00,-0.000000000000000000e+00,0.000000000000000000e+00,-7.253417059174728510e-02
0.000000000000000000e+00,-3.685366071091985413e-02,-0.000000000000000000e+00,0.000000000000000000e+00,-0.000000000000000000e+00,-2.053037584106597591e-01,-0.000000000000000000e+00,-0.000000000000000000e+00,-0.000000000000000000e+00,-0.000000000000000000e+00,0.000000000000000000e+00,-0.000000000000000000e+00,0.000000000000000000e+00,-3.162532380681661315e-01,-0.000000000000000000e+00,-0.000000000000000000e+00,-0.000000000000000000e+00,-0.000000000000000000e+00,-0.000000000000000000e+00,-0.000000000000000000e+00,0.000000000000000000e+00,0.000000000000000000e+00,-0.000000000000000000e+00,-0.000000000000000000e+00,-1.971546018676891346e-02,0.000000000000000000e+00,-2.085419802062479511e-01,0.000000000000000000e+00,0.000000000000000000e+00,0.000000000000000000e+00,-6.213207440294802458e-03,-4.145508587470399520e-01,-0.000000000000000000e+00,-0.000000000000000000e+00,0.000000000000000000e+00,-0.000000000000000000e+00,1.487173608861988683e+00,2.987515920772162992e-02,-0.000000000000000000e+00
-0.000000000000000000e+00,0.000000000000000000e+00,0.000000000000000000e+00,-0.000000000000000000e+00,-0.000000000000000000e+00,1.782768980525040528e-02,0.000000000000000000e+00,3.055991748864524821e-02,-0.000000000000000000e+00,-0.000000000000000000e+00,-0.000000000000000000e+00,0.000000000000000000e+00,-0.000000000000000000e+00,0.000000000000000000e+00,0.000000000000000000e+00,-0.000000000000000000e+00,0.000000000000000000e+00,-0.000000000000000000e+00,0.000000000000000000e+00,0.000000000000000000e+00,-0.000000000000000000e+00,-0.000000000000000000e+00,-0.000000000000000000e+00,0.000000000000000000e+00,0.000000000000000000e+00,-2.811849374280566694e-01,-0.000000000000000000e+00,-1.410433768446586571e-02,-0.000000000000000000e+00,-2.876010775946426512e-01,-0.000000000000000000e+00,0.000000000000000000e+00,-8.416200375812451021e-03,0.000000000000000000e+00,-0.000000000000000000e+00,0.000000000000000000e+00,2.987515920772162992e-02,1.220817316127059238e+00,0.000000000000000000e+00
-0.000000000000000000e+00,-4.180368832854504668e-01,-1.760499011044228124e-01,-0.000000000000000000e+00,-0.000000000000000000e+00,0.000000000000000000e+00,0.000000000000000000e+00,-0.000000000000000000e+00,-2.571792879381651908e-01,-0.000000000000000000e+00,1.228537785654428977e-01,-3.677809003139385080e-01,1.963866981754804342e-01,-0.000000000000000000e+00,-0.000000000000000000e+00,-6.619102848838541442e-02,-2.527227658787200085e-02,-0.000000000000000000e+00,-2.879396791520446031e-01,-0.000000000000000000e+00,0.000000000000000000e+00,0.000000000000000000e+00,-1.542136053441168775e-01,0.000000000000000000e+00,-7.853020403133943728e-02,9.235408251070431618e-02,-1.643412360093069180e-01,0.000000000000000000e+00,1.658437322274435577e-01,0.000000000000000000e+00,-0.000000000000000000e+00,-1.892571623999103891e-01,0.000000000000000000e+00,-1.770367955853152653e-01,7.519945175449027630e-02,-7.253417059174728510e-02,-0.000000000000000000e+00,0.000000000000000000e+00,2.917881967108669983e+00
