2.304685729677527384e+00,-7.111759508062670543e-01,-0.000000000000000000e+00,1.171294749693991832e-01,-0.000000000000000000e+00,0.000000000000000000e+00,0.000000000000000000e+00,0.000000000000000000e+00,-0.000000000000000000e+00,-0.000000000000000000e+00,-5.608826720649016072e-03,-1.150690796585489839e-01,0.000000000000000000e+00,-0.000000000000000000e+00,-2.435606130624325127e-01,-6.970726783085019473e-01,-0.000000000000000000e+00,0.000000000000000000e+00,0.000000000000000000e+00,-0.000000000000000000e+00,-0.000000000000000000e+00,-1.266462455938950904e-01,-0.000000000000000000e+00,-1.222365601792584772e-01,-0.000000000000000000e+00,-3.131331906684405725e-02,-0.000000000000000000e+00,-0.000000000000000000e+00,-0.000000000000000000e+00,-0.000000000000000000e+00,-0.000000000000000000e+00,-2.880668151110079567e-01,0.000000000000000000e+00,-1.157340896746116010e-01,-0.000000000000000000e+00,-0.000000000000000000e+00,-0.000000000000000000e+00,-3.385635390249744359e-02,-0.000000000000000000e+00
-7.111759508062670543e-01,2.002622964868181032e+00,-0.000000000000000000e+00,0.000000000000000000e+00,-0.000000000000000000e+00,0.000000000000000000e+00,0.000000000000000000e+00,0.000000000000000000e+00,-6.096478691593394672e-02,-4.767295591627060958e-01,-0.000000000000000000e+00,-1.974704462221474333e-02,0.000000000000000000e+00,0.000000000000000000e+00,-3.679828798780535731e-02,-0.000000000000000000e+00,-0.000000000000000000e+00,1.885939622062040300e-01,0.000000000000000000e+00,-0.000000000000000000e+00,-0.000000000000000000e+00,-7.221092747242778553e-02,-0.000000000000000000e+00,-0.000000000000000000e+00,0.000000000000000000e+00,-0.000000000000000000e+00,-0.000000000000000000e+00,0.000000000000000000e+00,0.000000000000000000e+00,-0.000000000000000000e+00,-0.000000000000000000e+00,-0.000000000000000000e+00,0.000000000000000000e+00,-9.125472213655104470e-02,-0.000000000000000000e+00,-0.000000000000000000e+00,0.000000000000000000e+00,-1.599069386875479754e-02,-2.078523862583289694e-01
-0.000000000000000000e+00,-0.000000000000000000e+00,3.109542049197013824e+00,0.000000000000000000e+00,-1.610231570755824293e-01,-0.000000000000000000e+00,-0.000000000000000000e+00,1.140969818097406163e+00,-0.000000000000000000e+00,-0.000000000000000000e+00,-7.550931049207146306e-02,0.000000000000000000e+00,0.000000000000000000e+00,-0.000000000000000000e+00,-0.000000000000000000e+00,-1.044341793220235071e-01,-3.755957879483214079e-02,0.000000000000000000e+00,-0.000000000000000000e+00,-0.000000000000000000e+00,-3.614600641369346556e-01,-1.941343950450949152e-01,-0.000000000000000000e+00,-0.000000000000000000e+00,-0.000000000000000000e+00,-1.783389167539599918e-01,-6.199749739613587274e-02,-0.000000000000000000e+00,-0.000000000000000000e+00,-0.000000000000000000e+00,-6.127682283586067397e-02,-2.029481873556027161e-01,-2.162929327613237196e-01,-0.000000000000000000e+00,-0.000000000000000000e+00,-3.570509315727606325e-01,-0.000000000000000000e+00,-2.601775504319196464e-01,-0.000000000000000000e+00
1.171294749693991832e-01,0.000000000000000000e+00,0.000000000000000000e+00,1.215992888244663117e+00,0.000000000000000000e+00,0.000000000000000000e+00,0.000000000000000000e+00,-0.000000000000000000e+00,0.000000000000000000e+00,0.000000000000000000e+00,3.386959609836281970e-02,0.000000000000000000e+00,0.000000000000000000e+00,0.000000000000000000e+00,1.544153064471148751e-01,1.582863778281550643e-02,0.000000000000000000e+00,-0.000000000000000000e+00,0.000000000000000000e+00,4.525343058895985038e-02,0.000000000000000000e+00,5.450582693713829779e-02,1.895229422442610634e-03,0.000000000000000000e+00,0.000000000000000000e+00,2.376306385802164634e-01,4.658550042092840515e-02,4.238137432460743065e-02,0.000000000000000000e+00,0.000000000000000000e+00,1.259672340274217532e-02,1.999827907633472401e-02,0.000000000000000000e+00,0.000000000000000000e+00,0.000000000000000000e+00,0.000000000000000000e+00,0.000000000000000000e+00,0.000000000000000000e+00,-0.000000000000000000e+00
-0.000000000000000000e+00,-0.000000000000000000e+00,-1.610231570755824293e-01,0.000000000000000000e+00,2.033005192392520311e+00,-0.000000000000000000e+00,-0.000000000000000000e+00,2.680205467698396071e-01,-0.000000000000000000e+00,-0.000000000000000000e+00,-8.301796823965959873e-03,-0.000000000000000000e+00,0.000000000000000000e+00,-5.657460136339807072e-03,-0.000000000000000000e+00,-3.587987333097280573e-01,-6.288505625940364607e-02,0.000000000000000000e+00,0.000000000000000000e+00,-0.000000000000000000e+00,-0.000000000000000000e+00,-0.000000000000000000e+00,-0.000000000000000000e+00,-0.000000000000000000e+00,-1.121635336826244805e-01,-0.000000000000000000e+00,-0.000000000000000000e+00,-0.000000000000000000e+00,-0.000000000000000000e+00,-5.129301334265350398e-01,-0.000000000000000000e+00,-0.000000000000000000e+00,-0.000000000000000000e+00,-0.000000000000000000e+00,-0.000000000000000000e+00,-2.983848860917322487e-01,0.000000000000000000e+00,-1.803965666727305461e-01,-0.000000000000000000e+00
0.000000000000000000e+00,0.000000000000000000e+00,-0.000000000000000000e+00,0.000000000000000000e+00,-0.000000000000000000e+00,1.775440526363914806e+00,-1.255961466526727410e-01,0.000000000000000000e+00,0.000000000000000000e+00,1.471683861277153782e-01,-0.000000000000000000e+00,0.000000000000000000e+00,-0.000000000000000000e+00,-3.348741365404809822e-01,0.000000000000000000e+00,0.000000000000000000e+00,-3.522556237108625532e-01,-5.297252071870718615e-02,-2.882350052921490158e-01,0.000000000000000000e+00,0.000000000000000000e+00,-0.000000000000000000e+00,-8.250710937909229437e-02,-2.547252586646168646e-02,-0.000000000000000000e+00,-0.000000000000000000e+00,-0.000000000000000000e+00,-0.000000000000000000e+00,-2.913610516123141814e-01,0.000000000000000000e+00,-9.705485753631645784e-02,-0.000000000000000000e+00,-9.254557478833301543e-02,0.000000000000000000e+00,-3.714360369809651535e-02,-0.000000000000000000e+00,-0.000000000000000000e+00,0.000000000000000000e+00,0.000000000000000000e+00
0.000000000000000000e+00,0.000000000000000000e+00,-0.000000000000000000e+00,0.000000000000000000e+00,-0.000000000000000000e+00,-1.255961466526727410e-01,1.272239673797421755e+00,0.000000000000000000e+00,3.768080090231187146e-02,0.000000000000000000e+00,-0.000000000000000000e+00,3.416908618416505394e-01,-0.000000000000000000e+00,-0.000000000000000000e+00,0.000000000000000000e+00,0.000000000000000000e+00,-0.000000000000000000e+00,0.000000000000000000e+00,-0.000000000000000000e+00,-1.411398633207534316e-02,-1.209496648847042249e-01,-0.000000000000000000e+00,-0.000000000000000000e+00,-0.000000000000000000e+00,-0.000000000000000000e+00,-0.000000000000000000e+00,-0.000000000000000000e+00,-1.305056870192649876e-01,-0.000000000000000000e+00,0.000000000000000000e+00,-0.000000000000000000e+00,-0.000000000000000000e+00,-1.081623228179155183e-01,0.000000000000000000e+00,-0.000000000000000000e+00,-0.000000000000000000e+00,-0.000000000000000000e+00,-0.000000000000000000e+00,0.000000000000000000e+00
0.000000000000000000e+00,0.000000000000000000e+00,1.140969818097406163e+00,-0.000000000000000000e+00,2.680205467698396071e-01,0.000000000000000000e+00,0.000000000000000000e+00,2.929221159433865296e+00,0.000000000000000000e+00,0.000000000000000000e+00,0.000000000000000000e+00,-0.000000000000000000e+00,-0.000000000000000000e+00,0.000000000000000000e+00,0.000000000000000000e+00,0.000000000000000000e+00,0.000000000000000000e+00,-0.000000000000000000e+00,-0.000000000000000000e+00,1.185552178822961850e-01,3.163619965344219298e-01,1.057332720933311099e-01,0.000000000000000000e+00,0.000000000000000000e+00,0.000000000000000000e+00,1.053650734485710727e-01,3.805590439095169614e-02,6.700521493505820492e-02,0.000000000000000000e+00,0.000000000000000000e+00,0.000000000000000000e+00,2.045062713187091041e-01,3.244207674338237535e-01,0.000000000000000000e+00,0.000000000000000000e+00,2.468791547381024021e-01,0.000000000000000000e+00,2.149177232647829228e-01,0.000000000000000000e+00
-0.000000000000000000e+00,-6.096478691593394672e-02,-0.000000000000000000e+00,0.000000000000000000e+00,-0.000000000000000000e+00,0.000000000000000000e+00,3.768080090231187146e-02,0.000000000000000000e+00,1.859451515180757797e+00,-2.225718418051226277e-01,0.000000000000000000e+00,-2.466818301708279815e-01,0.000000000000000000e+00,0.000000000000000000e+00,-1.304333930207844661e-01,-0.000000000000000000e+00,-0.000000000000000000e+00,0.000000000000000000e+00,3.030781883604601878e-01,-0.000000000000000000e+00,0.000000000000000000e+00,-0.000000000000000000e+00,0.000000000000000000e+00,0.000000000000000000e+00,0.000000000000000000e+00,0.000000000000000000e+00,0.000000000000000000e+00,1.201910763854577707e-01,0.000000000000000000e+00,-2.295635863185501724e-01,0.000000000000000000e+00,-0.000000000000000000e+00,6.998965453551175137e-03,-5.735317345565244668e-02,0.000000000000000000e+00,0.000000000000000000e+00,0.000000000000000000e+00,-0.000000000000000000e+00,-4.021533019758286032e-01
-0.000000000000000000e+00,-4.767295591627060958e-01,-0.000000000000000000e+00,0.000000000000000000e+00,-0.000000000000000000e+00,1.471683861277153782e-01,0.000000000000000000e+00,0.000000000000000000e+00,-2.225718418051226277e-01,3.009268366275830164e+00,-0.000000000000000000e+00,-0.000000000000000000e+00,1.136612259337002745e-01,0.000000000000000000e+00,-0.000000000000000000e+00,-2.022141563626563832e-01,-0.000000000000000000e+00,2.909701146045686193e-01,3.203168865051476133e-01,-0.000000000000000000e+00,-0.000000000000000000e+00,-0.000000000000000000e+00,0.000000000000000000e+00,-0.000000000000000000e+00,0.000000000000000000e+00,-0.000000000000000000e+00,-0.000000000000000000e+00,0.000000000000000000e+00,0.000000000000000000e+00,-7.555936924083028750e-01,0.000000000000000000e+00,-0.000000000000000000e+00,0.000000000000000000e+00,-1.932452292795464044e-01,0.000000000000000000e+00,-0.000000000000000000e+00,0.000000000000000000e+00,-3.071016910539703382e-01,-4.502129216540888268e-01
-5.608826720649016072e-03,-0.000000000000000000e+00,-7.550931049207146306e-02,3.386959609836281970e-02,-8.301796823965959873e-03,-0.000000000000000000e+00,-0.000000000000000000e+00,0.000000000000000000e+00,0.000000000000000000e+00,-0.000000000000000000e+00,2.411763615049468346e+00,-0.000000000000000000e+00,0.000000000000000000e+00,-0.000000000000000000e+00,-0.000000000000000000e+00,-0.000000000000000000e+00,-6.670574644442327505e-01,0.000000000000000000e+00,-0.000000000000000000e+00,-0.000000000000000000e+00,-0.000000000000000000e+00,-4.046199006851445429e-02,-0.000000000000000000e+00,-1.172651719200666909e-01,-1.030646370763425995e-01,-1.699043420489709522e-01,-4.685380341576897978e-01,-0.000000000000000000e+00,-4.664518773668636237e-02,-0.000000000000000000e+00,-2.928558114358381093e-01,-1.309048097112054942e-01,-0.000000000000000000e+00,-0.000000000000000000e+00,-1.437487444778057510e-01,-1.153139176845269370e-01,-0.000000000000000000e+00,-0.000000000000000000e+00,-0.000000000000000000e+00
-1.150690796585489839e-01,-1.974704462221474333e-02,0.000000000000000000e+00,0.000000000000000000e+00,-0.000000000000000000e+00,0.000000000000000000e+00,3.416908618416505394e-01,-0.000000000000000000e+00,-2.466818301708279815e-01,-0.000000000000000000e+00,-0.000000000000000000e+00,1.861089065760300754e+00,-0.000000000000000000e+00,-0.000000000000000000e+00,-6.593492084622507576e-01,-0.000000000000000000e+00,-0.000000000000000000e+00,-0.000000000000000000e+00,5.316357687440359525e-02,0.000000000000000000e+00,6.931663412808038160e-02,-4.804900054030190187e-02,-1.003202240001656032e-01,-0.000000000000000000e+00,-0.000000000000000000e+00,-0.000000000000000000e+00,-0.000000000000000000e+00,0.000000000000000000e+00,-0.000000000000000000e+00,-0.000000000000000000e+00,0.000000000000000000e+00,-0.000000000000000000e+00,3.873031637913592617e-01,-0.000000000000000000e+00,-0.000000000000000000e+00,0.000000000000000000e+00,0.000000000000000000e+00,-0.000000000000000000e+00,-1.933462641771129253e-01
0.000000000000000000e+00,0.000000000000000000e+00,0.000000000000000000e+00,0.000000000000000000e+00,0.000000000000000000e+00,-0.000000000000000000e+00,-0.000000000000000000e+00,-0.000000000000000000e+00,0.000000000000000000e+00,1.136612259337002745e-01,0.000000000000000000e+00,-0.000000000000000000e+00,1.215505683541443949e+00,-8.771999774164435104e-02,-0.000000000000000000e+00,0.000000000000000000e+00,0.000000000000000000e+00,-0.000000000000000000e+00,-0.000000000000000000e+00,0.000000000000000000e+00,0.000000000000000000e+00,-0.000000000000000000e+00,-0.000000000000000000e+00,-0.000000000000000000e+00,0.000000000000000000e+00,0.000000000000000000e+00,0.000000000000000000e+00,-0.000000000000000000e+00,-0.000000000000000000e+00,3.876532425817697525e-01,0.000000000000000000e+00,0.000000000000000000e+00,-0.000000000000000000e+00,6.155701265716092413e-02,-0.000000000000000000e+00,0.000000000000000000e+00,-0.000000000000000000e+00,0.000000000000000000e+00,0.000000000000000000e+00
-0.000000000000000000e+00,0.000000000000000000e+00,-0.000000000000000000e+00,0.000000000000000000e+00,-5.657460136339807072e-03,-3.348741365404809822e-01,-0.000000000000000000e+00,0.000000000000000000e+00,0.000000000000000000e+00,0.000000000000000000e+00,-0.000000000000000000e+00,-0.000000000000000000e+00,-8.771999774164435104e-02,1.976291270912991171e+00,-0.000000000000000000e+00,-0.000000000000000000e+00,-1.084143974262878479e-01,-0.000000000000000000e+00,-0.000000000000000000e+00,0.000000000000000000e+00,0.000000000000000000e+00,-0.000000000000000000e+00,-6.023488510003303098e-01,-7.398201812910702724e-02,-2.681273736685749198e-01,-0.000000000000000000e+00,-0.000000000000000000e+00,-0.000000000000000000e+00,-1.967188403046328249e-01,0.000000000000000000e+00,-0.000000000000000000e+00,-0.000000000000000000e+00,-0.000000000000000000e+00,0.000000000000000000e+00,-2.331769156005228660e-01,-0.000000000000000000e+00,-0.000000000000000000e+00,0.000000000000000000e+00,0.000000000000000000e+00
-2.435606130624325127e-01,-3.679828798780535731e-02,-0.000000000000000000e+00,1.544153064471148751e-01,-0.000000000000000000e+00,0.000000000000000000e+00,0.000000000000000000e+00,0.000000000000000000e+00,-1.304333930207844661e-01,-0.000000000000000000e+00,-0.000000000000000000e+00,-6.593492084622507576e-01,-0.000000000000000000e+00,-0.000000000000000000e+00,1.521446069055241379e+00,-0.000000000000000000e+00,-0.000000000000000000e+00,0.000000000000000000e+00,0.000000000000000000e+00,-0.000000000000000000e+00,0.000000000000000000e+00,-0.000000000000000000e+00,-2.732194062926019199e-02,-0.000000000000000000e+00,-0.000000000000000000e+00,-0.000000000000000000e+00,-0.000000000000000000e+00,0.000000000000000000e+00,-0.000000000000000000e+00,-0.000000000000000000e+00,-0.000000000000000000e+00,-0.000000000000000000e+00,0.000000000000000000e+00,0.000000000000000000e+00,-0.000000000000000000e+00,0.000000000000000000e+00,-0.000000000000000000e+00,-0.000000000000000000e+00,-0.000000000000000000e+00
-6.970726783085019473e-01,-0.000000000000000000e+00,-1.044341793220235071e-01,1.582863778281550643e-02,-3.587987333097280573e-01,0.000000000000000000e+00,0.000000000000000000e+00,0.000000000000000000e+00,-0.000000000000000000e+00,-2.022141563626563832e-01,-0.000000000000000000e+00,-0.000000000000000000e+00,0.000000000000000000e+00,-0.000000000000000000e+00,-0.000000000000000000e+00,2.595059020994833432e+00,-4.948319749680543840e-03,0.000000000000000000e+00,0.000000000000000000e+00,-0.000000000000000000e+00,-0.000000000000000000e+00,-6.250171669332235669e-02,-0.000000000000000000e+00,-0.000000000000000000e+00,-2.123615343824898638e-01,-0.000000000000000000e+00,-0.000000000000000000e+00,0.000000000000000000e+00,-0.000000000000000000e+00,-4.325000037144683535e-02,-0.000000000000000000e+00,-0.000000000000000000e+00,-0.000000000000000000e+00,-1.020709508715635927e-01,-0.000000000000000000e+00,-3.834108263693334906e-01,0.000000000000000000e+00,-4.587089475278398609e-01,-2.416345726661520976e-01
-0.000000000000000000e+00,-0.000000000000000000e+00,-3.755957879483214079e-02,0.000000000000000000e+00,-6.288505625940364607e-02,-3.522556237108625532e-01,-0.000000000000000000e+00,0.000000000000000000e+00,-0.000000000000000000e+00,-0.000000000000000000e+00,-6.670574644442327505e-01,-0.000000000000000000e+00,0.000000000000000000e+00,-1.084143974262878479e-01,-0.000000000000000000e+00,-4.948319749680543840e-03,1.906925275938461839e+00,0.000000000000000000e+00,-0.000000000000000000e+00,-0.000000000000000000e+00,-0.000000000000000000e+00,-1.432731447778891054e-01,-1.394474144655833379e-02,-2.113163486019423443e-01,-6.063932675961660607e-02,-0.000000000000000000e+00,-0.000000000000000000e+00,-0.000000000000000000e+00,-2.843519227978407934e-02,-0.000000000000000000e+00,-0.000000000000000000e+00,-5.215032664867365331e-02,-0.000000000000000000e+00,-0.000000000000000000e+00,-5.662634816580942865e-02,-0.000000000000000000e+00,-0.000000000000000000e+00,-0.000000000000000000e+00,-0.000000000000000000e+00
0.000000000000000000e+00,1.885939622062040300e-01,0.000000000000000000e+00,-0.000000000000000000e+00,0.000000000000000000e+00,-5.297252071870718615e-02,0.000000000000000000e+00,-0.000000000000000000e+00,0.000000000000000000e+00,2.909701146045686193e-01,0.000000000000000000e+00,-0.000000000000000000e+00,-0.000000000000000000e+00,-0.000000000000000000e+00,0.000000000000000000e+00,0.000000000000000000e+00,0.000000000000000000e+00,2.072069374809125453e+00,-1.198272553317487332e-01,3.230366748733111693e-01,3.541422043386476676e-02,0.000000000000000000e+00,-0.000000000000000000e+00,0.000000000000000000e+00,-0.000000000000000000e+00,0.000000000000000000e+00,0.000000000000000000e+00,0.000000000000000000e+00,-0.000000000000000000e+00,1.350777565126806135e-01,-0.000000000000000000e+00,0.000000000000000000e+00,0.000000000000000000e+00,0.000000000000000000e+00,-0.000000000000000000e+00,0.000000000000000000e+00,-0.000000000000000000e+00,8.690161226476157408e-01,0.000000000000000000e+00
0.000000000000000000e+00,0.000000000000000000e+00,-0.000000000000000000e+00,0.000000000000000000e+00,0.000000000000000000e+00,-2.882350052921490158e-01,-0.000000000000000000e+00,-0.000000000000000000e+00,3.030781883604601878e-01,3.203168865051476133e-01,-0.000000000000000000e+00,5.316357687440359525e-02,-0.000000000000000000e+00,-0.000000000000000000e+00,0.000000000000000000e+00,0.000000000000000000e+00,-0.000000000000000000e+00,-1.198272553317487332e-01,2.263911551786748522e+00,0.000000000000000000e+00,0.000000000000000000e+00,0.000000000000000000e+00,-0.000000000000000000e+00,-0.000000000000000000e+00,-0.000000000000000000e+00,-0.000000000000000000e+00,-0.000000000000000000e+00,-1.871000102883404737e-01,-2.305142410492437566e-01,1.746284572338379082e-01,-0.000000000000000000e+00,-0.000000000000000000e+00,-1.236653382235620435e-01,0.000000000000000000e+00,-7.031712497538122886e-02,-0.000000000000000000e+00,-1.470589881970332524e-01,0.000000000000000000e+00,6.935289047483568226e-01
-0.000000000000000000e+00,-0.000000000000000000e+00,-0.000000000000000000e+00,4.525343058895985038e-02,-0.000000000000000000e+00,0.000000000000000000e+00,-1.411398633207534316e-02,1.185552178822961850e-01,-0.000000000000000000e+00,-0.000000000000000000e+00,-0.000000000000000000e+00,0.000000000000000000e+00,0.000000000000000000e+00,0.000000000000000000e+00,-0.000000000000000000e+00,-0.000000000000000000e+00,-0.000000000000000000e+00,3.230366748733111693e-01,0.000000000000000000e+00,1.542877796199093821e+00,-6.666710559984884155e-01,-0.000000000000000000e+00,0.000000000000000000e+00,0.000000000000000000e+00,0.000000000000000000e+00,-0.000000000000000000e+00,-0.000000000000000000e+00,-0.000000000000000000e+00,0.000000000000000000e+00,-0.000000000000000000e+00,-0.000000000000000000e+00,-0.000000000000000000e+00,-0.000000000000000000e+00,-0.000000000000000000e+00,0.000000000000000000e+00,-0.000000000000000000e+00,0.000000000000000000e+00,-0.000000000000000000e+00,-0.000000000000000000e+00
-0.000000000000000000e+00,-0.000000000000000000e+00,-3.614600641369346556e-01,0.000000000000000000e+00,-0.000000000000000000e+00,0.000000000000000000e+00,-1.209496648847042249e-01,3.163619965344219298e-01,0.000000000000000000e+00,-0.000000000000000000e+00,-0.000000000000000000e+00,6.931663412808038160e-02,0.000000000000000000e+00,0.000000000000000000e+00,0.000000000000000000e+00,-0.000000000000000000e+00,-0.000000000000000000e+00,3.541422043386476676e-02,0.000000000000000000e+00,-6.666710559984884155e-01,2.003278480489844693e+00,-0.000000000000000000e+00,0.000000000000000000e+00,-0.000000000000000000e+00,0.000000000000000000e+00,-0.000000000000000000e+00,-0.000000000000000000e+00,-2.273017149514813817e-01,0.000000000000000000e+00,-0.000000000000000000e+00,-0.000000000000000000e+00,-0.000000000000000000e+00,-1.559294282290869249e-01,-2.307399349094341190e-02,0.000000000000000000e+00,-0.000000000000000000e+00,0.000000000000000000e+00,-7.979528987516074090e-02,0.000000000000000000e+00
-1.266462455938950904e-01,-7.221092747242778553e-02,-1.941343950450949152e-01,5.450582693713829779e-02,-0.000000000000000000e+00,-0.000000000000000000e+00,-0.000000000000000000e+00,1.057332720933311099e-01,-0.000000000000000000e+00,-0.000000000000000000e+00,-4.046199006851445429e-02,-4.804900054030190187e-02,-0.000000000000000000e+00,-0.000000000000000000e+00,-0.000000000000000000e+00,-6.250171669332235669e-02,-1.432731447778891054e-01,0.000000000000000000e+00,0.000000000000000000e+00,-0.000000000000000000e+00,-0.000000000000000000e+00,1.446148161576636948e+00,-2.568254676733520148e-01,-1.625312405755542644e-02,-1.122260009680017823e-02,-2.222343732253390450e-02,-4.617463628625885497e-02,-0.000000000000000000e+00,-0.000000000000000000e+00,-0.000000000000000000e+00,-0.000000000000000000e+00,-0.000000000000000000e+00,-0.000000000000000000e+00,-0.000000000000000000e+00,-0.000000000000000000e+00,-0.000000000000000000e+00,0.000000000000000000e+00,-0.000000000000000000e+00,-0.000000000000000000e+00
-0.000000000000000000e+00,-0.000000000000000000e+00,-0.000000000000000000e+00,1.895229422442610634e-03,-0.000000000000000000e+00,-8.250710937909229437e-02,-0.000000000000000000e+00,0.000000000000000000e+00,0.000000000000000000e+00,0.000000000000000000e+00,-0.000000000000000000e+00,-1.003202240001656032e-01,-0.000000000000000000e+00,-6.023488510003303098e-01,-2.732194062926019199e-02,-0.000000000000000000e+00,-1.394474144655833379e-02,-0.000000000000000000e+00,-0.000000000000000000e+00,0.000000000000000000e+00,0.000000000000000000e+00,-2.568254676733520148e-01,2.367438154773417569e+00,-2.941290466985558294e-01,-8.134939574718411670e-01,-0.000000000000000000e+00,-5.748018135998442940e-02,-0.000000000000000000e+00,-0.000000000000000000e+00,0.000000000000000000e+00,-0.000000000000000000e+00,-0.000000000000000000e+00,-0.000000000000000000e+00,0.000000000000000000e+00,-2.544317238140899051e-01,-0.000000000000000000e+00,-0.000000000000000000e+00,0.000000000000000000e+00,-0.000000000000000000e+00
-1.222365601792584772e-01,-0.000000000000000000e+00,-0.000000000000000000e+00,0.000000000000000000e+00,-0.000000000000000000e+00,-2.547252586646168646e-02,-0.000000000000000000e+00,0.000000000000000000e+00,0.000000000000000000e+00,-0.000000000000000000e+00,-1.172651719200666909e-01,-0.000000000000000000e+00,-0.000000000000000000e+00,-7.398201812910702724e-02,-0.000000000000000000e+00,-0.000000000000000000e+00,-2.113163486019423443e-01,0.000000000000000000e+00,-0.000000000000000000e+00,0.000000000000000000e+00,-0.000000000000000000e+00,-1.625312405755542644e-02,-2.941290466985558294e-01,1.687989255187104298e+00,-0.000000000000000000e+00,-9.711747002495894898e-02,-2.040105261611544277e-02,-0.000000000000000000e+00,-3.085228065151730814e-02,-0.000000000000000000e+00,-1.307956456532830825e-01,-1.427756542565552511e-01,-0.000000000000000000e+00,-0.000000000000000000e+00,-1.675981559604010629e-01,-0.000000000000000000e+00,-2.000650707906810599e-02,-0.000000000000000000e+00,-0.000000000000000000e+00
-0.000000000000000000e+00,0.000000000000000000e+00,-0.000000000000000000e+00,0.000000000000000000e+00,-1.121635336826244805e-01,-0.000000000000000000e+00,-0.000000000000000000e+00,0.000000000000000000e+00,0.000000000000000000e+00,0.000000000000000000e+00,-1.030646370763425995e-01,-0.000000000000000000e+00,0.000000000000000000e+00,-2.681273736685749198e-01,-0.000000000000000000e+00,-2.123615343824898638e-01,-6.063932675961660607e-02,-0.000000000000000000e+00,-0.000000000000000000e+00,0.000000000000000000e+00,0.000000000000000000e+00,-1.122260009680017823e-02,-8.134939574718411670e-01,-0.000000000000000000e+00,2.114034663394302793e+00,-0.000000000000000000e+00,-3.639265477336093291e-01,0.000000000000000000e+00,-0.000000000000000000e+00,0.000000000000000000e+00,-1.692458886318735228e-02,-0.000000000000000000e+00,-0.000000000000000000e+00,0.000000000000000000e+00,-1.909476971303755363e-02,-2.692339994511221135e-02,0.000000000000000000e+00,0.000000000000000000e+00,-0.000000000000000000e+00
-3.131331906684405725e-02,-0.000000000000000000e+00,-1.783389167539599918e-01,2.376306385802164634e-01,-0.000000000000000000e+00,-0.000000000000000000e+00,-0.000000000000000000e+00,1.053650734485710727e-01,0.000000000000000000e+00,-0.000000000000000000e+00,-1.699043420489709522e-01,-0.000000000000000000e+00,0.000000000000000000e+00,-0.000000000000000000e+00,-0.000000000000000000e+00,-0.000000000000000000e+00,-0.000000000000000000e+00,0.000000000000000000e+00,-0.000000000000000000e+00,-0.000000000000000000e+00,-0.000000000000000000e+00,-2.222343732253390450e-02,-0.000000000000000000e+00,-9.711747002495894898e-02,-0.000000000000000000e+00,3.105682695984946839e+00,-4.695828250609841437e-01,-4.373646383763159506e-01,-1.135109381884933238e-01,-0.000000000000000000e+00,-4.609267071850395858e-01,-4.352946754210446079e-01,-0.000000000000000000e+00,-0.000000000000000000e+00,-2.959656135444703740e-01,-3.238260890806796688e-01,-8.757476966816017672e-02,-0.000000000000000000e+00,0.000000000000000000e+00
-0.000000000000000000e+00,-0.000000000000000000e+00,-6.199749739613587274e-02,4.658550042092840515e-02,-0.000000000000000000e+00,-0.000000000000000000e+00,-0.000000000000000000e+00,3.805590439095169614e-02,0.000000000000000000e+00,-0.000000000000000000e+00,-4.685380341576897978e-01,-0.000000000000000000e+00,0.000000000000000000e+00,-0.000000000000000000e+00,-0.000000000000000000e+00,-0.000000000000000000e+00,-0.000000000000000000e+00,0.000000000000000000e+00,-0.000000000000000000e+00,-0.000000000000000000e+00,-0.000000000000000000e+00,-4.617463628625885497e-02,-5.748018135998442940e-02,-2.040105261611544277e-02,-3.639265477336093291e-01,-4.695828250609841437e-01,2.620238074636590753e+00,-0.000000000000000000e+00,-0.000000000000000000e+00,-0.000000000000000000e+00,-7.481524273944586412e-01,-1.360943357376784291e-01,-0.000000000000000000e+00,-0.000000000000000000e+00,-0.000000000000000000e+00,-1.408444285248926231e-01,-0.000000000000000000e+00,-0.000000000000000000e+00,-0.000000000000000000e+00
-0.000000000000000000e+00,0.000000000000000000e+00,-0.000000000000000000e+00,4.238137432460743065e-02,-0.000000000000000000e+00,-0.000000000000000000e+00,-1.305056870192649876e-01,6.700521493505820492e-02,1.201910763854577707e-01,0.000000000000000000e+00,-0.000000000000000000e+00,0.000000000000000000e+00,-0.000000000000000000e+00,-0.000000000000000000e+00,0.000000000000000000e+00,0.000000000000000000e+00,-0.000000000000000000e+00,0.000000000000000000e+00,-1.871000102883404737e-01,-0.000000000000000000e+00,-2.273017149514813817e-01,-0.000000000000000000e+00,-0.000000000000000000e+00,-0.000000000000000000e+00,0.000000000000000000e+00,-4.373646383763159506e-01,-0.000000000000000000e+00,2.378733382093105142e+00,-5.121623207257248317e-02,0.000000000000000000e+00,-2.166304345205118387e-01,-0.000000000000000000e+00,-8.211558967194567682e-01,-0.000000000000000000e+00,-0.000000000000000000e+00,-0.000000000000000000e+00,-2.983636237295003713e-01,-0.000000000000000000e+00,7.672674342490007349e-02
-0.000000000000000000e+00,0.000000000000000000e+00,-0.000000000000000000e+00,0.000000000000000000e+00,-0.000000000000000000e+00,-2.913610516123141814e-01,-0.000000000000000000e+00,0.000000000000000000e+00,0.000000000000000000e+00,0.000000000000000000e+00,-4.664518773668636237e-02,-0.000000000000000000e+00,-0.000000000000000000e+00,-1.967188403046328249e-01,-0.000000000000000000e+00,-0.000000000000000000e+00,-2.843519227978407934e-02,-0.000000000000000000e+00,-2.305142410492437566e-01,0.000000000000000000e+00,0.000000000000000000e+00,-0.000000000000000000e+00,-0.000000000000000000e+00,-3.085228065151730814e-02,-0.000000000000000000e+00,-1.135109381884933238e-01,-0.000000000000000000e+00,-5.121623207257248317e-02,2.109442687957916007e+00,0.000000000000000000e+00,-0.000000000000000000e+00,-2.360054773563314556e-01,-0.000000000000000000e+00,0.000000000000000000e+00,-4.691287680557101325e-01,-0.000000000000000000e+00,-4.241054452995314805e-01,0.000000000000000000e+00,0.000000000000000000e+00
-0.000000000000000000e+00,-0.000000000000000000e+00,-0.000000000000000000e+00,0.000000000000000000e+00,-5.129301334265350398e-01,0.000000000000000000e+00,0.000000000000000000e+00,0.000000000000000000e+00,-2.295635863185501724e-01,-7.555936924083028750e-01,-0.000000000000000000e+00,-0.000000000000000000e+00,3.876532425817697525e-01,0.000000000000000000e+00,-0.000000000000000000e+00,-4.325000037144683535e-02,-0.000000000000000000e+00,1.350777565126806135e-01,1.746284572338379082e-01,-0.000000000000000000e+00,-0.000000000000000000e+00,-0.000000000000000000e+00,0.000000000000000000e+00,-0.000000000000000000e+00,0.000000000000000000e+00,-0.000000000000000000e+00,-0.000000000000000000e+00,0.000000000000000000e+00,0.000000000000000000e+00,2.739967745959035472e+00,-0.000000000000000000e+00,-0.000000000000000000e+00,-0.000000000000000000e+00,-2.543561781203703687e-01,0.000000000000000000e+00,-0.000000000000000000e+00,0.000000000000000000e+00,-3.462015979014801403e-01,-2.567658645856976118e-01
-0.000000000000000000e+00,-0.000000000000000000e+00,-6.127682283586067397e-02,1.259672340274217532e-02,-0.000000000000000000e+00,-9.705485753631645784e-02,-0.000000000000000000e+00,0.000000000000000000e+00,0.000000000000000000e+00,0.000000000000000000e+00,-2.928558114358381093e-01,0.000000000000000000e+00,0.000000000000000000e+00,-0.000000000000000000e+00,-0.000000000000000000e+00,-0.000000000000000000e+00,-0.000000000000000000e+00,-0.000000000000000000e+00,-0.000000000000000000e+00,-0.000000000000000000e+00,-0.000000000000000000e+00,-0.000000000000000000e+00,-0.000000000000000000e+00,-1.307956456532830825e-01,-1.692458886318735228e-02,-4.609267071850395858e-01,-7.481524273944586412e-01,-2.166304345205118387e-01,-0.000000000000000000e+00,-0.000000000000000000e+00,2.743295438786510054e+00,-2.285164572108920253e-02,-7.627357693642174141e-02,-0.000000000000000000e+00,-3.253741480842420875e-01,-2.506778718396712180e-01,-1.070174995196364609e-01,-0.000000000000000000e+00,0.000000000000000000e+00
-2.880668151110079567e-01,-0.000000000000000000e+00,-2.029481873556027161e-01,1.999827907633472401e-02,-0.000000000000000000e+00,-0.000000000000000000e+00,-0.000000000000000000e+00,2.045062713187091041e-01,-0.000000000000000000e+00,-0.000000000000000000e+00,-1.309048097112054942e-01,-0.000000000000000000e+00,0.000000000000000000e+00,-0.000000000000000000e+00,-0.000000000000000000e+00,-0.000000000000000000e+00,-5.215032664867365331e-02,0.000000000000000000e+00,-0.000000000000000000e+00,-0.000000000000000000e+00,-0.000000000000000000e+00,-0.000000000000000000e+00,-0.000000000000000000e+00,-1.427756542565552511e-01,-0.000000000000000000e+00,-4.352946754210446079e-01,-1.360943357376784291e-01,-0.000000000000000000e+00,-2.360054773563314556e-01,-0.000000000000000000e+00,-2.285164572108920253e-02,2.417296893881244912e+00,-0.000000000000000000e+00,-0.000000000000000000e+00,-1.771408634913239077e-01,-1.429666890356125208e-01,-3.566493648991169718e-01,-0.000000000000000000e+00,-0.000000000000000000e+00
0.000000000000000000e+00,0.000000000000000000e+00,-2.162929327613237196e-01,0.000000000000000000e+00,-0.000000000000000000e+00,-9.254557478833301543e-02,-1.081623228179155183e-01,3.244207674338237535e-01,6.998965453551175137e-03,0.000000000000000000e+00,-0.000000000000000000e+00,3.873031637913592617e-01,-0.000000000000000000e+00,-0.000000000000000000e+00,0.000000000000000000e+00,-0.000000000000000000e+00,-0.000000000000000000e+00,0.000000000000000000e+00,-1.236653382235620435e-01,-0.000000000000000000e+00,-1.559294282290869249e-01,-0.000000000000000000e+00,-0.000000000000000000e+00,-0.000000000000000000e+00,-0.000000000000000000e+00,-0.000000000000000000e+00,-0.000000000000000000e+00,-8.211558967194567682e-01,-0.000000000000000000e+00,-0.000000000000000000e+00,-7.627357693642174141e-02,-0.000000000000000000e+00,2.178247906235734277e+00,-0.000000000000000000e+00,-0.000000000000000000e+00,-4.242235353540545206e-02,-0.000000000000000000e+00,-0.000000000000000000e+00,0.000000000000000000e+00
-1.157340896746116010e-01,-9.125472213655104470e-02,-0.000000000000000000e+00,0.000000000000000000e+00,-0.000000000000000000e+00,0.000000000000000000e+00,0.000000000000000000e+00,0.000000000000000000e+00,-5.735317345565244668e-02,-1.932452292795464044e-01,-0.000000000000000000e+00,-0.000000000000000000e+00,6.155701265716092413e-02,0.000000000000000000e+00,0.000000000000000000e+00,-1.020709508715635927e-01,-0.000000000000000000e+00,0.000000000000000000e+00,0.000000000000000000e+00,-0.000000000000000000e+00,-2.307399349094341190e-02,-0.000000000000000000e+00,0.000000000000000000e+00,-0.000000000000000000e+00,0.000000000000000000e+00,-0.000000000000000000e+00,-0.000000000000000000e+00,-0.000000000000000000e+00,0.000000000000000000e+00,-2.543561781203703687e-01,-0.000000000000000000e+00,-0.000000000000000000e+00,-0.000000000000000000e+00,1.564369276797916486e+00,0.000000000000000000e+00,-0.000000000000000000e+00,0.000000000000000000e+00,-2.467677637588995831e-01,-9.717163951203515448e-02
-0.000000000000000000e+00,-0.000000000000000000e+00,-0.000000000000000000e+00,0.000000000000000000e+00,-0.000000000000000000e+00,-3.714360369809651535e-02,-0.000000000000000000e+00,0.000000000000000000e+00,0.000000000000000000e+00,0.000000000000000000e+00,-1.437487444778057510e-01,-0.000000000000000000e+00,-0.000000000000000000e+00,-2.331769156005228660e-01,-0.000000000000000000e+00,-0.000000000000000000e+00,-5.662634816580942865e-02,-0.000000000000000000e+00,-7.031712497538122886e-02,0.000000000000000000e+00,0.000000000000000000e+00,-0.000000000000000000e+00,-2.544317238140899051e-01,-1.675981559604010629e-01,-1.909476971303755363e-02,-2.959656135444703740e-01,-0.000000000000000000e+00,-0.000000000000000000e+00,-4.691287680557101325e-01,0.000000000000000000e+00,-3.253741480842420875e-01,-1.771408634913239077e-01,-0.000000000000000000e+00,0.000000000000000000e+00,2.520629413789722495e+00,-1.255826598430247465e-01,-3.025781533931916067e-01,0.000000000000000000e+00,0.000000000000000000e+00
-0.000000000000000000e+00,-0.000000000000000000e+00,-3.570509315727606325e-01,0.000000000000000000e+00,-2.983848860917322487e-01,-0.000000000000000000e+00,-0.000000000000000000e+00,2.468791547381024021e-01,0.000000000000000000e+00,-0.000000000000000000e+00,-1.153139176845269370e-01,0.000000000000000000e+00,0.000000000000000000e+00,-0.000000000000000000e+00,0.000000000000000000e+00,-3.834108263693334906e-01,-0.000000000000000000e+00,0.000000000000000000e+00,-0.000000000000000000e+00,-0.000000000000000000e+00,-0.000000000000000000e+00,-0.000000000000000000e+00,-0.000000000000000000e+00,-0.000000000000000000e+00,-2.692339994511221135e-02,-3.238260890806796688e-01,-1.408444285248926231e-01,-0.000000000000000000e+00,-0.000000000000000000e+00,-0.000000000000000000e+00,-2.506778718396712180e-01,-1.429666890356125208e-01,-4.242235353540545206e-02,-0.000000000000000000e+00,-1.255826598430247465e-01,2.418002103214501375e+00,-0.000000000000000000e+00,-0.000000000000000000e+00,-0.000000000000000000e+00
-0.000000000000000000e+00,0.000000000000000000e+00,-0.000000000000000000e+00,0.000000000000000000e+00,0.000000000000000000e+00,-0.000000000000000000e+00,-0.000000000000000000e+00,0.000000000000000000e+00,0.000000000000000000e+00,0.000000000000000000e+00,-0.000000000000000000e+00,0.000000000000000000e+00,-0.000000000000000000e+00,-0.000000000000000000e+00,-0.000000000000000000e+00,0.000000000000000000e+00,-0.000000000000000000e+00,-0.000000000000000000e+00,-1.470589881970332524e-01,0.000000000000000000e+00,0.000000000000000000e+00,0.000000000000000000e+00,-0.000000000000000000e+00,-2.000650707906810599e-02,0.000000000000000000e+00,-8.757476966816017672e-02,-0.000000000000000000e+00,-2.983636237295003713e-01,-4.241054452995314805e-01,0.000000000000000000e+00,-1.070174995196364609e-01,-3.566493648991169718e-01,-0.000000000000000000e+00,0.000000000000000000e+00,-3.025781533931916067e-01,-0.000000000000000000e+00,1.923370827030005614e+00,0.000000000000000000e+00,4.268472990526155086e-02
-3.385635390249744359e-02,-1.599069386875479754e-02,-2.601775504319196464e-01,0.000000000000000000e+00,-1.803965666727305461e-01,0.000000000000000000e+00,-0.000000000000000000e+00,2.149177232647829228e-01,-0.000000000000000000e+00,-3.071016910539703382e-01,-0.000000000000000000e+00,-0.000000000000000000e+00,0.000000000000000000e+00,0.000000000000000000e+00,-0.000000000000000000e+00,-4.587089475278398609e-01,-0.000000000000000000e+00,8.690161226476157408e-01,0.000000000000000000e+00,-0.000000000000000000e+00,-7.979528987516074090e-02,-0.000000000000000000e+00,0.000000000000000000e+00,-0.000000000000000000e+00,0.000000000000000000e+00,-0.000000000000000000e+00,-0.000000000000000000e+00,-0.000000000000000000e+00,0.000000000000000000e+00,-3.462015979014801403e-01,-0.000000000000000000e+00,-0.000000000000000000e+00,-0.000000000000000000e+00,-2.467677637588995831e-01,0.000000000000000000e+00,-0.000000000000000000e+00,0.000000000000000000e+00,2.768198927686904565e+00,-0.000000000000000000e+00
-0.000000000000000000e+00,-2.078523862583289694e-01,-0.000000000000000000e+00,-0.000000000000000000e+00,-0.000000000000000000e+00,0.000000000000000000e+00,0.000000000000000000e+00,0.000000000000000000e+00,-4.021533019758286032e-01,-4.502129216540888268e-01,-0.000000000000000000e+00,-1.933462641771129253e-01,0.000000000000000000e+00,0.000000000000000000e+00,-0.000000000000000000e+00,-2.416345726661520976e-01,-0.000000000000000000e+00,0.000000000000000000e+00,6.935289047483568226e-01,-0.000000000000000000e+00,0.000000000000000000e+00,-0.000000000000000000e+00,-0.000000000000000000e+00,-0.000000000000000000e+00,-0.000000000000000000e+00,0.000000000000000000e+00,-0.000000000000000000e+00,7.672674342490007349e-02,0.000000000000000000e+00,-2.567658645856976118e-01,0.000000000000000000e+00,-0.000000000000000000e+00,0.000000000000000000e+00,-9.717163951203515448e-02,0.000000000000000000e+00,-0.000000000000000000e+00,4.268472990526155086e-02,-0.000000000000000000e+00,2.452383891505458546e+00
