2.201684031992196644e+00,-5.642289511574271055e-01,-0.000000000000000000e+00,0.000000000000000000e+00,-0.000000000000000000e+00,-0.000000000000000000e+00,0.000000000000000000e+00,0.000000000000000000e+00,-0.000000000000000000e+00,-2.987319694195368358e-01,-0.000000000000000000e+00,0.000000000000000000e+00,0.000000000000000000e+00,-0.000000000000000000e+00,0.000000000000000000e+00,-2.246831039960331955e-01,-0.000000000000000000e+00,-9.136212902243470366e-03,-0.000000000000000000e+00,-0.000000000000000000e+00,-6.087175280865536782e-03,-0.000000000000000000e+00,-0.000000000000000000e+00,-0.000000000000000000e+00,-1.005729900782738329e-01,-0.000000000000000000e+00,-0.000000000000000000e+00,-0.000000000000000000e+00,-0.000000000000000000e+00,-1.312184003349521344e-01,-1.014565767102570959e-01,-0.000000000000000000e+00,-0.000000000000000000e+00,0.000000000000000000e+00,-1.830799152628135862e-01,-3.295052756931582949e-01,-0.000000000000000000e+00,-1.383062621634051914e-01,-1.455452500909166502e-01
-5.642289511574271055e-01,2.076527314965233462e+00,-0.000000000000000000e+00,0.000000000000000000e+00,-0.000000000000000000e+00,-0.000000000000000000e+00,0.000000000000000000e+00,0.000000000000000000e+00,-1.162777244226670392e-01,-3.557714239522789812e-02,-0.000000000000000000e+00,-0.000000000000000000e+00,0.000000000000000000e+00,-0.000000000000000000e+00,-0.000000000000000000e+00,-0.000000000000000000e+00,-0.000000000000000000e+00,-0.000000000000000000e+00,-0.000000000000000000e+00,-0.000000000000000000e+00,-0.000000000000000000e+00,-0.000000000000000000e+00,-0.000000000000000000e+00,-0.000000000000000000e+00,-0.000000000000000000e+00,-0.000000000000000000e+00,-0.000000000000000000e+00,-8.875044267271903209e-02,-2.855598168644098989e-01,-0.000000000000000000e+00,-3.122671994422476227e-01,-0.000000000000000000e+00,-0.000000000000000000e+00,-0.000000000000000000e+00,-2.566053314978733457e-01,-2.448322812914089930e-01,-0.000000000000000000e+00,-0.000000000000000000e+00,-1.627209872058212325e-01
-0.000000000000000000e+00,-0.000000000000000000e+00,3.123282289073245011e+00,-0.000000000000000000e+00,-0.000000000000000000e+00,-0.000000000000000000e+00,-0.000000000000000000e+00,1.321532428735017639e+00,-6.650403035003940588e-02,-0.000000000000000000e+00,-0.000000000000000000e+00,-0.000000000000000000e+00,0.000000000000000000e+00,-3.200423338832056319e-02,-0.000000000000000000e+00,-0.000000000000000000e+00,-0.000000000000000000e+00,-0.000000000000000000e+00,-0.000000000000000000e+00,-2.211911659768594704e-02,-3.220433648859382103e-01,-3.772832426924902505e-01,-3.202526182774055874e-01,-0.000000000000000000e+00,-0.000000000000000000e+00,-0.000000000000000000e+00,-0.000000000000000000e+00,-2.051667867031413961e-01,-0.000000000000000000e+00,-2.382308934150692906e-02,-8.070495885496505040e-02,0.000000000000000000e+00,-4.211111978518971011e-01,-1.568139526439109310e-02,-0.000000000000000000e+00,-0.000000000000000000e+00,-0.000000000000000000e+00,-0.000000000000000000e+00,-0.000000000000000000e+00
0.000000000000000000e+00,0.000000000000000000e+00,-0.000000000000000000e+00,1.598330611820892644e+00,0.000000000000000000e+00,-0.000000000000000000e+00,-3.496617373051232325e-01,-0.000000000000000000e+00,0.000000000000000000e+00,1.266986212869501000e-03,-0.000000000000000000e+00,0.000000000000000000e+00,7.258498550890217504e-02,-0.000000000000000000e+00,2.833960010702054055e-01,0.000000000000000000e+00,-0.000000000000000000e+00,2.664777070590184649e-01,1.460704564881842860e-01,-0.000000000000000000e+00,-0.000000000000000000e+00,-0.000000000000000000e+00,-0.000000000000000000e+00,0.000000000000000000e+00,0.000000000000000000e+00,0.000000000000000000e+00,-0.000000000000000000e+00,0.000000000000000000e+00,-0.000000000000000000e+00,0.000000000000000000e+00,0.000000000000000000e+00,-0.000000000000000000e+00,0.000000000000000000e+00,-0.000000000000000000e+00,-0.000000000000000000e+00,-0.000000000000000000e+00,-0.000000000000000000e+00,4.727908292572352011e-01,2.896818126010455852e-02
-0.000000000000000000e+00,-0.000000000000000000e+00,-0.000000000000000000e+00,0.000000000000000000e+00,2.051514392846990553e+00,0.000000000000000000e+00,0.000000000000000000e+00,6.294767227284507605e-02,-4.081125991660773146e-03,-2.523858715770199018e-02,0.000000000000000000e+00,-0.000000000000000000e+00,-0.000000000000000000e+00,-1.244893119359278544e-01,-0.000000000000000000e+00,-0.000000000000000000e+00,-0.000000000000000000e+00,-4.609203029785305938e-01,-9.235674775832754951e-03,-0.000000000000000000e+00,-0.000000000000000000e+00,-0.000000000000000000e+00,-0.000000000000000000e+00,-0.000000000000000000e+00,-0.000000000000000000e+00,-0.000000000000000000e+00,-0.000000000000000000e+00,-3.658987553998061665e-03,-0.000000000000000000e+00,-5.941770000944906344e-02,-2.902608485270662952e-01,-0.000000000000000000e+00,-4.062675920661556472e-01,-3.685059710790362097e-01,-0.000000000000000000e+00,0.000000000000000000e+00,0.000000000000000000e+00,-1.149691749323325796e-01,-7.124288197575545656e-02
-0.000000000000000000e+00,-0.000000000000000000e+00,-0.000000000000000000e+00,-0.000000000000000000e+00,0.000000000000000000e+00,2.319964165224094543e+00,-1.773956914245490221e-02,0.000000000000000000e+00,0.000000000000000000e+00,-0.000000000000000000e+00,-8.413382269939559954e-01,0.000000000000000000e+00,0.000000000000000000e+00,-8.877365122967021890e-03,0.000000000000000000e+00,-0.000000000000000000e+00,-6.195483067346273520e-01,0.000000000000000000e+00,-0.000000000000000000e+00,-0.000000000000000000e+00,-0.000000000000000000e+00,-0.000000000000000000e+00,-0.000000000000000000e+00,-0.000000000000000000e+00,-1.443850378234367571e-01,-2.187572892748751718e-01,-0.000000000000000000e+00,-0.000000000000000000e+00,-0.000000000000000000e+00,-0.000000000000000000e+00,-0.000000000000000000e+00,-0.000000000000000000e+00,-0.000000000000000000e+00,0.000000000000000000e+00,-9.074665462267125782e-02,-0.000000000000000000e+00,-4.841433159222212068e-01,0.000000000000000000e+00,1.670216929616425428e-01
0.000000000000000000e+00,0.000000000000000000e+00,-0.000000000000000000e+00,-3.496617373051232325e-01,0.000000000000000000e+00,-1.773956914245490221e-02,1.512395714088904830e+00,0.000000000000000000e+00,-0.000000000000000000e+00,0.000000000000000000e+00,-0.000000000000000000e+00,-1.542649006880216223e-01,0.000000000000000000e+00,-0.000000000000000000e+00,-0.000000000000000000e+00,-0.000000000000000000e+00,-1.747009707532119205e-01,0.000000000000000000e+00,-0.000000000000000000e+00,-2.712914589041394708e-01,-0.000000000000000000e+00,-4.010232592170746568e-01,-1.137967620592250095e-01,-6.330867197208203678e-02,0.000000000000000000e+00,-0.000000000000000000e+00,-0.000000000000000000e+00,-2.807538176833569016e-02,-0.000000000000000000e+00,0.000000000000000000e+00,-0.000000000000000000e+00,0.000000000000000000e+00,0.000000000000000000e+00,-0.000000000000000000e+00,-0.000000000000000000e+00,-0.000000000000000000e+00,-0.000000000000000000e+00,0.000000000000000000e+00,1.656682914558647302e-01
0.000000000000000000e+00,0.000000000000000000e+00,1.321532428735017639e+00,-0.000000000000000000e+00,6.294767227284507605e-02,0.000000000000000000e+00,0.000000000000000000e+00,2.661427980438066943e+00,1.318289522831543881e-01,0.000000000000000000e+00,0.000000000000000000e+00,0.000000000000000000e+00,-0.000000000000000000e+00,0.000000000000000000e+00,0.000000000000000000e+00,0.000000000000000000e+00,0.000000000000000000e+00,0.000000000000000000e+00,0.000000000000000000e+00,0.000000000000000000e+00,4.281907559252360884e-01,5.624598735883600681e-02,3.345659202645329816e-02,0.000000000000000000e+00,0.000000000000000000e+00,0.000000000000000000e+00,0.000000000000000000e+00,0.000000000000000000e+00,0.000000000000000000e+00,0.000000000000000000e+00,0.000000000000000000e+00,-0.000000000000000000e+00,3.641162161219546611e-01,9.532411550479537310e-02,0.000000000000000000e+00,0.000000000000000000e+00,0.000000000000000000e+00,0.000000000000000000e+00,0.000000000000000000e+00
-0.000000000000000000e+00,-1.162777244226670392e-01,-6.650403035003940588e-02,0.000000000000000000e+00,-4.081125991660773146e-03,0.000000000000000000e+00,-0.000000000000000000e+00,1.318289522831543881e-01,2.026750268953323442e+00,-0.000000000000000000e+00,0.000000000000000000e+00,-3.521020213139133825e-02,0.000000000000000000e+00,-1.263110878238478951e-01,-1.226016971083658709e-02,-0.000000000000000000e+00,-0.000000000000000000e+00,-2.704257035313661559e-02,-0.000000000000000000e+00,-0.000000000000000000e+00,-0.000000000000000000e+00,-0.000000000000000000e+00,-0.000000000000000000e+00,-7.114892201870086363e-02,-0.000000000000000000e+00,-0.000000000000000000e+00,-1.505398399933053910e-01,-1.696006541379096177e-01,-0.000000000000000000e+00,-5.015841258394122815e-02,-1.927064684733817701e-01,-0.000000000000000000e+00,-2.386109226275179573e-01,-5.963584877840387710e-01,-0.000000000000000000e+00,0.000000000000000000e+00,-0.000000000000000000e+00,-0.000000000000000000e+00,-4.483194415289044193e-02
-2.987319694195368358e-01,-3.557714239522789812e-02,-0.000000000000000000e+00,1.266986212869501000e-03,-2.523858715770199018e-02,-0.000000000000000000e+00,0.000000000000000000e+00,0.000000000000000000e+00,-0.000000000000000000e+00,2.412023118885020967e+00,-0.000000000000000000e+00,-0.000000000000000000e+00,-0.000000000000000000e+00,-0.000000000000000000e+00,-0.000000000000000000e+00,-2.018443931626047738e-01,-0.000000000000000000e+00,-1.200940027877691191e-01,-4.515966912019573898e-01,-0.000000000000000000e+00,-0.000000000000000000e+00,-0.000000000000000000e+00,-0.000000000000000000e+00,-0.000000000000000000e+00,-2.444050565825716115e-01,-0.000000000000000000e+00,-0.000000000000000000e+00,-0.000000000000000000e+00,-0.000000000000000000e+00,-3.127211301583486813e-01,-3.787415153013846680e-01,0.000000000000000000e+00,-0.000000000000000000e+00,0.000000000000000000e+00,-0.000000000000000000e+00,-0.000000000000000000e+00,-0.000000000000000000e+00,-3.241886025027522211e-01,-1.667016172183606870e-01
-0.000000000000000000e+00,-0.000000000000000000e+00,-0.000000000000000000e+00,-0.000000000000000000e+00,0.000000000000000000e+00,-8.413382269939559954e-01,-0.000000000000000000e+00,0.000000000000000000e+00,0.000000000000000000e+00,-0.000000000000000000e+00,1.651487254175019626e+00,-0.000000000000000000e+00,0.000000000000000000e+00,-0.000000000000000000e+00,0.000000000000000000e+00,-0.000000000000000000e+00,-2.534322611715628115e-01,0.000000000000000000e+00,-0.000000000000000000e+00,0.000000000000000000e+00,-0.000000000000000000e+00,-0.000000000000000000e+00,0.000000000000000000e+00,-0.000000000000000000e+00,-0.000000000000000000e+00,-4.172127503387910996e-02,-0.000000000000000000e+00,-0.000000000000000000e+00,-0.000000000000000000e+00,-0.000000000000000000e+00,-0.000000000000000000e+00,-0.000000000000000000e+00,-0.000000000000000000e+00,0.000000000000000000e+00,-1.621786201577321215e-02,-0.000000000000000000e+00,-0.000000000000000000e+00,0.000000000000000000e+00,8.363381836481281750e-02
0.000000000000000000e+00,-0.000000000000000000e+00,-0.000000000000000000e+00,0.000000000000000000e+00,-0.000000000000000000e+00,0.000000000000000000e+00,-1.542649006880216223e-01,0.000000000000000000e+00,-3.521020213139133825e-02,-0.000000000000000000e+00,-0.000000000000000000e+00,1.564194729318416854e+00,-0.000000000000000000e+00,-0.000000000000000000e+00,-4.568754949070336635e-01,-0.000000000000000000e+00,-0.000000000000000000e+00,0.000000000000000000e+00,-4.252992936245913458e-01,-0.000000000000000000e+00,-0.000000000000000000e+00,-1.615529288522598028e-01,-0.000000000000000000e+00,-8.048524996488759520e-02,0.000000000000000000e+00,-0.000000000000000000e+00,-7.811541383309884845e-02,-0.000000000000000000e+00,-0.000000000000000000e+00,-0.000000000000000000e+00,-0.000000000000000000e+00,3.107199675682633180e-02,-0.000000000000000000e+00,-0.000000000000000000e+00,-0.000000000000000000e+00,0.000000000000000000e+00,-0.000000000000000000e+00,-0.000000000000000000e+00,-0.000000000000000000e+00
0.000000000000000000e+00,0.000000000000000000e+00,0.000000000000000000e+00,7.258498550890217504e-02,-0.000000000000000000e+00,0.000000000000000000e+00,0.000000000000000000e+00,-0.000000000000000000e+00,0.000000000000000000e+00,-0.000000000000000000e+00,0.000000000000000000e+00,-0.000000000000000000e+00,1.129932549258999330e+00,0.000000000000000000e+00,-0.000000000000000000e+00,-0.000000000000000000e+00,0.000000000000000000e+00,-0.000000000000000000e+00,-3.600179312224112693e-01,0.000000000000000000e+00,-0.000000000000000000e+00,0.000000000000000000e+00,0.000000000000000000e+00,0.000000000000000000e+00,0.000000000000000000e+00,0.000000000000000000e+00,7.732668300568618092e-02,0.000000000000000000e+00,0.000000000000000000e+00,0.000000000000000000e+00,0.000000000000000000e+00,4.344464515335962757e-02,-0.000000000000000000e+00,0.000000000000000000e+00,0.000000000000000000e+00,0.000000000000000000e+00,0.000000000000000000e+00,-0.000000000000000000e+00,-0.000000000000000000e+00
-0.000000000000000000e+00,-0.000000000000000000e+00,-3.200423338832056319e-02,-0.000000000000000000e+00,-1.244893119359278544e-01,-8.877365122967021890e-03,-0.000000000000000000e+00,0.000000000000000000e+00,-1.263110878238478951e-01,-0.000000000000000000e+00,-0.000000000000000000e+00,-0.000000000000000000e+00,0.000000000000000000e+00,2.627939124750260369e+00,-0.000000000000000000e+00,-1.184048685343044444e-01,-7.499361488128321318e-02,-0.000000000000000000e+00,-0.000000000000000000e+00,-0.000000000000000000e+00,-0.000000000000000000e+00,-0.000000000000000000e+00,-4.185372446079812514e-01,-4.789719901818219328e-02,-7.771851129888443510e-02,-5.297666380265688701e-01,-5.885415855640205307e-02,-3.603307670406689645e-01,-0.000000000000000000e+00,-1.814804290550793564e-01,-0.000000000000000000e+00,-0.000000000000000000e+00,-3.034377271133254506e-01,-0.000000000000000000e+00,-3.391604322700645380e-01,-0.000000000000000000e+00,-0.000000000000000000e+00,-0.000000000000000000e+00,0.000000000000000000e+00
0.000000000000000000e+00,-0.000000000000000000e+00,-0.000000000000000000e+00,2.833960010702054055e-01,-0.000000000000000000e+00,0.000000000000000000e+00,-0.000000000000000000e+00,0.000000000000000000e+00,-1.226016971083658709e-02,-0.000000000000000000e+00,0.000000000000000000e+00,-4.568754949070336635e-01,-0.000000000000000000e+00,-0.000000000000000000e+00,1.555525507065098845e+00,-0.000000000000000000e+00,-0.000000000000000000e+00,-0.000000000000000000e+00,-2.639502570244312563e-01,-0.000000000000000000e+00,-0.000000000000000000e+00,-0.000000000000000000e+00,-0.000000000000000000e+00,-0.000000000000000000e+00,0.000000000000000000e+00,-2.012486188480794302e-02,-0.000000000000000000e+00,-1.916245560671128723e-02,0.000000000000000000e+00,-0.000000000000000000e+00,-0.000000000000000000e+00,0.000000000000000000e+00,-0.000000000000000000e+00,-6.805107108211806699e-02,0.000000000000000000e+00,0.000000000000000000e+00,0.000000000000000000e+00,-1.849131564235273195e-01,-0.000000000000000000e+00
-2.246831039960331955e-01,-0.000000000000000000e+00,-0.000000000000000000e+00,0.000000000000000000e+00,-0.000000000000000000e+00,-0.000000000000000000e+00,-0.000000000000000000e+00,0.000000000000000000e+00,-0.000000000000000000e+00,-2.018443931626047738e-01,-0.000000000000000000e+00,-0.000000000000000000e+00,-0.000000000000000000e+00,-1.184048685343044444e-01,-0.000000000000000000e+00,2.411130990136638008e+00,-0.000000000000000000e+00,-1.500646157400920520e-02,-0.000000000000000000e+00,-0.000000000000000000e+00,-8.473999811460147802e-02,-2.822437292034105094e-01,-2.145438504155797454e-01,-0.000000000000000000e+00,-1.843347093558493910e-01,-2.554891916470122259e-01,-0.000000000000000000e+00,-3.220098115665407934e-01,-0.000000000000000000e+00,-3.554222308823745680e-01,-0.000000000000000000e+00,0.000000000000000000e+00,-0.000000000000000000e+00,-0.000000000000000000e+00,-7.666466032987938328e-02,-2.000548514144517565e-01,-0.000000000000000000e+00,-0.000000000000000000e+00,-0.000000000000000000e+00
-0.000000000000000000e+00,-0.000000000000000000e+00,-0.000000000000000000e+00,-0.000000000000000000e+00,-0.000000000000000000e+00,-6.195483067346273520e-01,-1.747009707532119205e-01,0.000000000000000000e+00,-0.000000000000000000e+00,-0.000000000000000000e+00,-2.534322611715628115e-01,-0.000000000000000000e+00,0.000000000000000000e+00,-7.499361488128321318e-02,-0.000000000000000000e+00,-0.000000000000000000e+00,1.759160434249368965e+00,-0.000000000000000000e+00,-0.000000000000000000e+00,-0.000000000000000000e+00,-0.000000000000000000e+00,-9.926019950496378641e-02,-0.000000000000000000e+00,-0.000000000000000000e+00,-0.000000000000000000e+00,-2.348107245939089760e-01,-0.000000000000000000e+00,-0.000000000000000000e+00,-1.372993039678299942e-01,-0.000000000000000000e+00,-0.000000000000000000e+00,-0.000000000000000000e+00,-0.000000000000000000e+00,-0.000000000000000000e+00,-0.000000000000000000e+00,-0.000000000000000000e+00,-0.000000000000000000e+00,0.000000000000000000e+00,0.000000000000000000e+00
-9.136212902243470366e-03,-0.000000000000000000e+00,-0.000000000000000000e+00,2.664777070590184649e-01,-4.609203029785305938e-01,0.000000000000000000e+00,0.000000000000000000e+00,0.000000000000000000e+00,-2.704257035313661559e-02,-1.200940027877691191e-01,0.000000000000000000e+00,0.000000000000000000e+00,-0.000000000000000000e+00,-0.000000000000000000e+00,-0.000000000000000000e+00,-1.500646157400920520e-02,-0.000000000000000000e+00,1.876064905803567662e+00,-1.200992938608858446e-01,-0.000000000000000000e+00,-0.000000000000000000e+00,-0.000000000000000000e+00,-0.000000000000000000e+00,-0.000000000000000000e+00,-0.000000000000000000e+00,-0.000000000000000000e+00,-0.000000000000000000e+00,-0.000000000000000000e+00,-0.000000000000000000e+00,-2.016021404494484637e-01,-0.000000000000000000e+00,-0.000000000000000000e+00,-2.666357571731792775e-01,-0.000000000000000000e+00,-0.000000000000000000e+00,-0.000000000000000000e+00,0.000000000000000000e+00,-2.794278559620356206e-01,-0.000000000000000000e+00
-0.000000000000000000e+00,-0.000000000000000000e+00,-0.000000000000000000e+00,1.460704564881842860e-01,-9.235674775832754951e-03,-0.000000000000000000e+00,-0.000000000000000000e+00,0.000000000000000000e+00,-0.000000000000000000e+00,-4.515966912019573898e-01,-0.000000000000000000e+00,-4.252992936245913458e-01,-3.600179312224112693e-01,-0.000000000000000000e+00,-2.639502570244312563e-01,-0.000000000000000000e+00,-0.000000000000000000e+00,-1.200992938608858446e-01,1.909807062231840380e+00,-0.000000000000000000e+00,-0.000000000000000000e+00,-0.000000000000000000e+00,-0.000000000000000000e+00,-0.000000000000000000e+00,-0.000000000000000000e+00,-0.000000000000000000e+00,-0.000000000000000000e+00,-0.000000000000000000e+00,0.000000000000000000e+00,-0.000000000000000000e+00,-1.245082427962609650e-01,0.000000000000000000e+00,-0.000000000000000000e+00,-0.000000000000000000e+00,-0.000000000000000000e+00,0.000000000000000000e+00,-0.000000000000000000e+00,-7.846720187163651328e-02,-6.853105232741767139e-02
-0.000000000000000000e+00,-0.000000000000000000e+00,-2.211911659768594704e-02,-0.000000000000000000e+00,-0.000000000000000000e+00,-0.000000000000000000e+00,-2.712914589041394708e-01,0.000000000000000000e+00,-0.000000000000000000e+00,-0.000000000000000000e+00,0.000000000000000000e+00,-0.000000000000000000e+00,0.000000000000000000e+00,-0.000000000000000000e+00,-0.000000000000000000e+00,-0.000000000000000000e+00,-0.000000000000000000e+00,-0.000000000000000000e+00,-0.000000000000000000e+00,1.639400915958537874e+00,-3.538142932393741058e-02,-3.405582627896324710e-01,-5.385077164236220376e-02,-0.000000000000000000e+00,-0.000000000000000000e+00,-0.000000000000000000e+00,-0.000000000000000000e+00,-5.034327987595350606e-01,-9.243925916598258463e-02,-0.000000000000000000e+00,-0.000000000000000000e+00,0.000000000000000000e+00,-0.000000000000000000e+00,-4.200421239402615109e-03,-0.000000000000000000e+00,-0.000000000000000000e+00,-2.494767889136724134e-02,-0.000000000000000000e+00,-0.000000000000000000e+00
-6.087175280865536782e-03,-0.000000000000000000e+00,-3.220433648859382103e-01,-0.000000000000000000e+00,-0.000000000000000000e+00,-0.000000000000000000e+00,-0.000000000000000000e+00,4.281907559252360884e-01,-0.000000000000000000e+00,-0.000000000000000000e+00,-0.000000000000000000e+00,-0.000000000000000000e+00,-0.000000000000000000e+00,-0.000000000000000000e+00,-0.000000000000000000e+00,-8.473999811460147802e-02,-0.000000000000000000e+00,-0.000000000000000000e+00,-0.000000000000000000e+00,-3.538142932393741058e-02,2.000331465548165877e+00,-5.102041459239764487e-01,-0.000000000000000000e+00,-0.000000000000000000e+00,-0.000000000000000000e+00,-0.000000000000000000e+00,-0.000000000000000000e+00,-8.724086684989797169e-02,-0.000000000000000000e+00,-4.156481499942462493e-02,-0.000000000000000000e+00,0.000000000000000000e+00,-2.211679795504261914e-01,-0.000000000000000000e+00,-0.000000000000000000e+00,-0.000000000000000000e+00,-0.000000000000000000e+00,-0.000000000000000000e+00,-0.000000000000000000e+00
-0.000000000000000000e+00,-0.000000000000000000e+00,-3.772832426924902505e-01,-0.000000000000000000e+00,-0.000000000000000000e+00,-0.000000000000000000e+00,-4.010232592170746568e-01,5.624598735883600681e-02,-0.000000000000000000e+00,-0.000000000000000000e+00,-0.000000000000000000e+00,-1.615529288522598028e-01,0.000000000000000000e+00,-0.000000000000000000e+00,-0.000000000000000000e+00,-2.822437292034105094e-01,-9.926019950496378641e-02,-0.000000000000000000e+00,-0.000000000000000000e+00,-3.405582627896324710e-01,-5.102041459239764487e-01,2.573735411413826224e+00,-5.103522418733066335e-01,-0.000000000000000000e+00,-0.000000000000000000e+00,-0.000000000000000000e+00,-0.000000000000000000e+00,-1.436942299699340078e-02,-0.000000000000000000e+00,-0.000000000000000000e+00,-0.000000000000000000e+00,0.000000000000000000e+00,-0.000000000000000000e+00,-0.000000000000000000e+00,-0.000000000000000000e+00,-0.000000000000000000e+00,-1.483305187242557333e-01,-0.000000000000000000e+00,-0.000000000000000000e+00
-0.000000000000000000e+00,-0.000000000000000000e+00,-3.202526182774055874e-01,-0.000000000000000000e+00,-0.000000000000000000e+00,-0.000000000000000000e+00,-1.137967620592250095e-01,3.345659202645329816e-02,-0.000000000000000000e+00,-0.000000000000000000e+00,0.000000000000000000e+00,-0.000000000000000000e+00,0.000000000000000000e+00,-4.185372446079812514e-01,-0.000000000000000000e+00,-2.145438504155797454e-01,-0.000000000000000000e+00,-0.000000000000000000e+00,-0.000000000000000000e+00,-5.385077164236220376e-02,-0.000000000000000000e+00,-5.103522418733066335e-01,2.213755786479296717e+00,-1.700406418463544511e-01,-1.931956009536793528e-01,-1.203960615200945633e-01,-0.000000000000000000e+00,-1.096728220075979081e-03,-0.000000000000000000e+00,-0.000000000000000000e+00,-0.000000000000000000e+00,0.000000000000000000e+00,-0.000000000000000000e+00,-4.264504179626693592e-02,-0.000000000000000000e+00,-0.000000000000000000e+00,-2.494898969558466753e-02,-0.000000000000000000e+00,-0.000000000000000000e+00
-0.000000000000000000e+00,-0.000000000000000000e+00,-0.000000000000000000e+00,0.000000000000000000e+00,-0.000000000000000000e+00,-0.000000000000000000e+00,-6.330867197208203678e-02,0.000000000000000000e+00,-7.114892201870086363e-02,-0.000000000000000000e+00,-0.000000000000000000e+00,-8.048524996488759520e-02,0.000000000000000000e+00,-4.789719901818219328e-02,-0.000000000000000000e+00,-0.000000000000000000e+00,-0.000000000000000000e+00,-0.000000000000000000e+00,-0.000000000000000000e+00,-0.000000000000000000e+00,-0.000000000000000000e+00,-0.000000000000000000e+00,-1.700406418463544511e-01,1.396184120372686799e+00,-0.000000000000000000e+00,-9.501728407542388288e-02,-2.699400066590457725e-01,-9.219013250548388494e-02,-3.824517019111721428e-02,-0.000000000000000000e+00,-6.578958893895112126e-02,-8.613936745126839559e-03,-0.000000000000000000e+00,-0.000000000000000000e+00,-6.706028076858910891e-02,-0.000000000000000000e+00,-2.850704128952102814e-03,-0.000000000000000000e+00,-0.000000000000000000e+00
-1.005729900782738329e-01,-0.000000000000000000e+00,-0.000000000000000000e+00,0.000000000000000000e+00,-0.000000000000000000e+00,-1.443850378234367571e-01,0.000000000000000000e+00,0.000000000000000000e+00,-0.000000000000000000e+00,-2.444050565825716115e-01,-0.000000000000000000e+00,0.000000000000000000e+00,0.000000000000000000e+00,-7.771851129888443510e-02,0.000000000000000000e+00,-1.843347093558493910e-01,-0.000000000000000000e+00,-0.000000000000000000e+00,-0.000000000000000000e+00,-0.000000000000000000e+00,-0.000000000000000000e+00,-0.000000000000000000e+00,-1.931956009536793528e-01,-0.000000000000000000e+00,1.894558680230963077e+00,-1.171284437846210891e-02,-0.000000000000000000e+00,-0.000000000000000000e+00,-1.296736205083942606e-01,-3.356944983505558699e-01,-0.000000000000000000e+00,0.000000000000000000e+00,-6.759599504617111454e-02,0.000000000000000000e+00,-1.413102090375490671e-01,-1.119656563311248292e-02,-1.713732869913539014e-01,-0.000000000000000000e+00,-0.000000000000000000e+00
-0.000000000000000000e+00,-0.000000000000000000e+00,-0.000000000000000000e+00,0.000000000000000000e+00,-0.000000000000000000e+00,-2.187572892748751718e-01,-0.000000000000000000e+00,0.000000000000000000e+00,-0.000000000000000000e+00,-0.000000000000000000e+00,-4.172127503387910996e-02,-0.000000000000000000e+00,0.000000000000000000e+00,-5.297666380265688701e-01,-2.012486188480794302e-02,-2.554891916470122259e-01,-2.348107245939089760e-01,-0.000000000000000000e+00,-0.000000000000000000e+00,-0.000000000000000000e+00,-0.000000000000000000e+00,-0.000000000000000000e+00,-1.203960615200945633e-01,-9.501728407542388288e-02,-1.171284437846210891e-02,2.311491078337896354e+00,-5.909872944247388515e-01,-8.744420160873626890e-02,-0.000000000000000000e+00,-1.788438534078330144e-01,-0.000000000000000000e+00,-0.000000000000000000e+00,-0.000000000000000000e+00,-0.000000000000000000e+00,-3.864646532346711905e-02,-0.000000000000000000e+00,-2.657199473318351199e-02,-0.000000000000000000e+00,0.000000000000000000e+00
-0.000000000000000000e+00,-0.000000000000000000e+00,-0.000000000000000000e+00,-0.000000000000000000e+00,-0.000000000000000000e+00,-0.000000000000000000e+00,-0.000000000000000000e+00,0.000000000000000000e+00,-1.505398399933053910e-01,-0.000000000000000000e+00,-0.000000000000000000e+00,-7.811541383309884845e-02,7.732668300568618092e-02,-5.885415855640205307e-02,-0.000000000000000000e+00,-0.000000000000000000e+00,-0.000000000000000000e+00,-0.000000000000000000e+00,-0.000000000000000000e+00,-0.000000000000000000e+00,-0.000000000000000000e+00,-0.000000000000000000e+00,-0.000000000000000000e+00,-2.699400066590457725e-01,-0.000000000000000000e+00,-5.909872944247388515e-01,1.706510137476848099e+00,-1.356403938591156308e-02,-0.000000000000000000e+00,-0.000000000000000000e+00,-1.855728038235159305e-01,-1.949538945608006169e-01,-0.000000000000000000e+00,-0.000000000000000000e+00,-6.565558830784759548e-02,-0.000000000000000000e+00,-0.000000000000000000e+00,-0.000000000000000000e+00,-0.000000000000000000e+00
-0.000000000000000000e+00,-8.875044267271903209e-02,-2.051667867031413961e-01,0.000000000000000000e+00,-3.658987553998061665e-03,-0.000000000000000000e+00,-2.807538176833569016e-02,0.000000000000000000e+00,-1.696006541379096177e-01,-0.000000000000000000e+00,-0.000000000000000000e+00,-0.000000000000000000e+00,0.000000000000000000e+00,-3.603307670406689645e-01,-1.916245560671128723e-02,-3.220098115665407934e-01,-0.000000000000000000e+00,-0.000000000000000000e+00,-0.000000000000000000e+00,-5.034327987595350606e-01,-8.724086684989797169e-02,-1.436942299699340078e-02,-1.096728220075979081e-03,-9.219013250548388494e-02,-0.000000000000000000e+00,-8.744420160873626890e-02,-1.356403938591156308e-02,2.559504445703187692e+00,-0.000000000000000000e+00,-3.824016548418020245e-02,-4.089158085127753139e-01,-0.000000000000000000e+00,-0.000000000000000000e+00,-1.648498339158667725e-01,-2.168055390860194054e-01,-0.000000000000000000e+00,-0.000000000000000000e+00,-0.000000000000000000e+00,-0.000000000000000000e+00
-0.000000000000000000e+00,-2.855598168644098989e-01,-0.000000000000000000e+00,-0.000000000000000000e+00,-0.000000000000000000e+00,-0.000000000000000000e+00,-0.000000000000000000e+00,0.000000000000000000e+00,-0.000000000000000000e+00,-0.000000000000000000e+00,-0.000000000000000000e+00,-0.000000000000000000e+00,0.000000000000000000e+00,-0.000000000000000000e+00,0.000000000000000000e+00,-0.000000000000000000e+00,-1.372993039678299942e-01,-0.000000000000000000e+00,0.000000000000000000e+00,-9.243925916598258463e-02,-0.000000000000000000e+00,-0.000000000000000000e+00,-0.000000000000000000e+00,-3.824517019111721428e-02,-1.296736205083942606e-01,-0.000000000000000000e+00,-0.000000000000000000e+00,-0.000000000000000000e+00,1.713306981629342474e+00,-0.000000000000000000e+00,-0.000000000000000000e+00,-0.000000000000000000e+00,-0.000000000000000000e+00,-0.000000000000000000e+00,-0.000000000000000000e+00,-1.432641112610354983e-01,-6.757913647228355192e-01,-0.000000000000000000e+00,-0.000000000000000000e+00
-1.312184003349521344e-01,-0.000000000000000000e+00,-2.382308934150692906e-02,0.000000000000000000e+00,-5.941770000944906344e-02,-0.000000000000000000e+00,0.000000000000000000e+00,0.000000000000000000e+00,-5.015841258394122815e-02,-3.127211301583486813e-01,-0.000000000000000000e+00,-0.000000000000000000e+00,0.000000000000000000e+00,-1.814804290550793564e-01,-0.000000000000000000e+00,-3.554222308823745680e-01,-0.000000000000000000e+00,-2.016021404494484637e-01,-0.000000000000000000e+00,-0.000000000000000000e+00,-4.156481499942462493e-02,-0.000000000000000000e+00,-0.000000000000000000e+00,-0.000000000000000000e+00,-3.356944983505558699e-01,-1.788438534078330144e-01,-0.000000000000000000e+00,-3.824016548418020245e-02,-0.000000000000000000e+00,2.251357282257620440e+00,-0.000000000000000000e+00,-0.000000000000000000e+00,-3.050472309436214613e-01,-0.000000000000000000e+00,-0.000000000000000000e+00,-1.876975710421029120e-02,-0.000000000000000000e+00,-4.029664205796719412e-02,-0.000000000000000000e+00
-1.014565767102570959e-01,-3.122671994422476227e-01,-8.070495885496505040e-02,0.000000000000000000e+00,-2.902608485270662952e-01,-0.000000000000000000e+00,-0.000000000000000000e+00,0.000000000000000000e+00,-1.927064684733817701e-01,-3.787415153013846680e-01,-0.000000000000000000e+00,-0.000000000000000000e+00,0.000000000000000000e+00,-0.000000000000000000e+00,-0.000000000000000000e+00,-0.000000000000000000e+00,-0.000000000000000000e+00,-0.000000000000000000e+00,-1.245082427962609650e-01,-0.000000000000000000e+00,-0.000000000000000000e+00,-0.000000000000000000e+00,-0.000000000000000000e+00,-6.578958893895112126e-02,-0.000000000000000000e+00,-0.000000000000000000e+00,-1.855728038235159305e-01,-4.089158085127753139e-01,-0.000000000000000000e+00,-0.000000000000000000e+00,2.389699431772223104e+00,-0.000000000000000000e+00,-0.000000000000000000e+00,-0.000000000000000000e+00,-1.438091725796716291e-01,-0.000000000000000000e+00,-0.000000000000000000e+00,-1.381787106843941071e-01,-1.769313548013888293e-01
-0.000000000000000000e+00,-0.000000000000000000e+00,0.000000000000000000e+00,-0.000000000000000000e+00,-0.000000000000000000e+00,-0.000000000000000000e+00,0.000000000000000000e+00,-0.000000000000000000e+00,-0.000000000000000000e+00,0.000000000000000000e+00,-0.000000000000000000e+00,3.107199675682633180e-02,4.344464515335962757e-02,-0.000000000000000000e+00,0.000000000000000000e+00,0.000000000000000000e+00,-0.000000000000000000e+00,-0.000000000000000000e+00,0.000000000000000000e+00,0.000000000000000000e+00,0.000000000000000000e+00,0.000000000000000000e+00,0.000000000000000000e+00,-8.613936745126839559e-03,0.000000000000000000e+00,-0.000000000000000000e+00,-1.949538945608006169e-01,-0.000000000000000000e+00,-0.000000000000000000e+00,-0.000000000000000000e+00,-0.000000000000000000e+00,1.037624067079292667e+00,-0.000000000000000000e+00,-0.000000000000000000e+00,-0.000000000000000000e+00,-0.000000000000000000e+00,0.000000000000000000e+00,0.000000000000000000e+00,0.000000000000000000e+00
-0.000000000000000000e+00,-0.000000000000000000e+00,-4.211111978518971011e-01,0.000000000000000000e+00,-4.062675920661556472e-01,-0.000000000000000000e+00,0.000000000000000000e+00,3.641162161219546611e-01,-2.386109226275179573e-01,-0.000000000000000000e+00,-0.000000000000000000e+00,-0.000000000000000000e+00,-0.000000000000000000e+00,-3.034377271133254506e-01,-0.000000000000000000e+00,-0.000000000000000000e+00,-0.000000000000000000e+00,-2.666357571731792775e-01,-0.000000000000000000e+00,-0.000000000000000000e+00,-2.211679795504261914e-01,-0.000000000000000000e+00,-0.000000000000000000e+00,-0.000000000000000000e+00,-6.759599504617111454e-02,-0.000000000000000000e+00,-0.000000000000000000e+00,-0.000000000000000000e+00,-0.000000000000000000e+00,-3.050472309436214613e-01,-0.000000000000000000e+00,-0.000000000000000000e+00,2.502154871717060303e+00,-0.000000000000000000e+00,-0.000000000000000000e+00,0.000000000000000000e+00,-0.000000000000000000e+00,-0.000000000000000000e+00,-0.000000000000000000e+00
0.000000000000000000e+00,-0.000000000000000000e+00,-1.568139526439109310e-02,-0.000000000000000000e+00,-3.685059710790362097e-01,0.000000000000000000e+00,-0.000000000000000000e+00,9.532411550479537310e-02,-5.963584877840387710e-01,0.000000000000000000e+00,0.000000000000000000e+00,-0.000000000000000000e+00,0.000000000000000000e+00,-0.000000000000000000e+00,-6.805107108211806699e-02,-0.000000000000000000e+00,-0.000000000000000000e+00,-0.000000000000000000e+00,-0.000000000000000000e+00,-4.200421239402615109e-03,-0.000000000000000000e+00,-0.000000000000000000e+00,-4.264504179626693592e-02,-0.000000000000000000e+00,0.000000000000000000e+00,-0.000000000000000000e+00,-0.000000000000000000e+00,-1.648498339158667725e-01,-0.000000000000000000e+00,-0.000000000000000000e+00,-0.000000000000000000e+00,-0.000000000000000000e+00,-0.000000000000000000e+00,1.675696064053859402e+00,-0.000000000000000000e+00,0.000000000000000000e+00,-0.000000000000000000e+00,-0.000000000000000000e+00,-0.000000000000000000e+00
-1.830799152628135862e-01,-2.566053314978733457e-01,-0.000000000000000000e+00,-0.000000000000000000e+00,-0.000000000000000000e+00,-9.074665462267125782e-02,-0.000000000000000000e+00,0.000000000000000000e+00,-0.000000000000000000e+00,-0.000000000000000000e+00,-1.621786201577321215e-02,-0.000000000000000000e+00,0.000000000000000000e+00,-3.391604322700645380e-01,0.000000000000000000e+00,-7.666466032987938328e-02,-0.000000000000000000e+00,-0.000000000000000000e+00,-0.000000000000000000e+00,-0.000000000000000000e+00,-0.000000000000000000e+00,-0.000000000000000000e+00,-0.000000000000000000e+00,-6.706028076858910891e-02,-1.413102090375490671e-01,-3.864646532346711905e-02,-6.565558830784759548e-02,-2.168055390860194054e-01,-0.000000000000000000e+00,-0.000000000000000000e+00,-1.438091725796716291e-01,-0.000000000000000000e+00,-0.000000000000000000e+00,-0.000000000000000000e+00,2.037177892511028432e+00,-8.327966824797543299e-02,-3.265707385521423589e-01,-0.000000000000000000e+00,0.000000000000000000e+00
-3.295052756931582949e-01,-2.448322812914089930e-01,-0.000000000000000000e+00,-0.000000000000000000e+00,0.000000000000000000e+00,-0.000000000000000000e+00,-0.000000000000000000e+00,0.000000000000000000e+00,0.000000000000000000e+00,-0.000000000000000000e+00,-0.000000000000000000e+00,0.000000000000000000e+00,0.000000000000000000e+00,-0.000000000000000000e+00,0.000000000000000000e+00,-2.000548514144517565e-01,-0.000000000000000000e+00,-0.000000000000000000e+00,0.000000000000000000e+00,-0.000000000000000000e+00,-0.000000000000000000e+00,-0.000000000000000000e+00,-0.000000000000000000e+00,-0.000000000000000000e+00,-1.119656563311248292e-02,-0.000000000000000000e+00,-0.000000000000000000e+00,-0.000000000000000000e+00,-1.432641112610354983e-01,-1.876975710421029120e-02,-0.000000000000000000e+00,-0.000000000000000000e+00,0.000000000000000000e+00,0.000000000000000000e+00,-8.327966824797543299e-02,1.489319991965851298e+00,-7.999282607380270305e-02,-0.000000000000000000e+00,-0.000000000000000000e+00
-0.000000000000000000e+00,-0.000000000000000000e+00,-0.000000000000000000e+00,-0.000000000000000000e+00,0.000000000000000000e+00,-4.841433159222212068e-01,-0.000000000000000000e+00,0.000000000000000000e+00,-0.000000000000000000e+00,-0.000000000000000000e+00,-0.000000000000000000e+00,-0.000000000000000000e+00,0.000000000000000000e+00,-0.000000000000000000e+00,0.000000000000000000e+00,-0.000000000000000000e+00,-0.000000000000000000e+00,0.000000000000000000e+00,-0.000000000000000000e+00,-2.494767889136724134e-02,-0.000000000000000000e+00,-1.483305187242557333e-01,-2.494898969558466753e-02,-2.850704128952102814e-03,-1.713732869913539014e-01,-2.657199473318351199e-02,-0.000000000000000000e+00,-0.000000000000000000e+00,-6.757913647228355192e-01,-0.000000000000000000e+00,-0.000000000000000000e+00,0.000000000000000000e+00,-0.000000000000000000e+00,-0.000000000000000000e+00,-3.265707385521423589e-01,-7.999282607380270305e-02,2.007313256468334473e+00,0.000000000000000000e+00,0.000000000000000000e+00
-1.383062621634051914e-01,-0.000000000000000000e+00,-0.000000000000000000e+00,4.727908292572352011e-01,-1.149691749323325796e-01,0.000000000000000000e+00,0.000000000000000000e+00,0.000000000000000000e+00,-0.000000000000000000e+00,-3.241886025027522211e-01,0.000000000000000000e+00,-0.000000000000000000e+00,-0.000000000000000000e+00,-0.000000000000000000e+00,-1.849131564235273195e-01,-0.000000000000000000e+00,0.000000000000000000e+00,-2.794278559620356206e-01,-7.846720187163651328e-02,-0.000000000000000000e+00,-0.000000000000000000e+00,-0.000000000000000000e+00,-0.000000000000000000e+00,-0.000000000000000000e+00,-0.000000000000000000e+00,-0.000000000000000000e+00,-0.000000000000000000e+00,-0.000000000000000000e+00,-0.000000000000000000e+00,-4.029664205796719412e-02,-1.381787106843941071e-01,0.000000000000000000e+00,-0.000000000000000000e+00,-0.000000000000000000e+00,-0.000000000000000000e+00,-0.000000000000000000e+00,0.000000000000000000e+00,2.430343913565329750e+00,-8.413467065495465746e-01
-1.455452500909166502e-01,-1.627209872058212325e-01,-0.000000000000000000e+00,2.896818126010455852e-02,-7.124288197575545656e-02,1.670216929616425428e-01,1.656682914558647302e-01,0.000000000000000000e+00,-4.483194415289044193e-02,-1.667016172183606870e-01,8.363381836481281750e-02,-0.000000000000000000e+00,-0.000000000000000000e+00,0.000000000000000000e+00,-0.000000000000000000e+00,-0.000000000000000000e+00,0.000000000000000000e+00,-0.000000000000000000e+00,-6.853105232741767139e-02,-0.000000000000000000e+00,-0.000000000000000000e+00,-0.000000000000000000e+00,-0.000000000000000000e+00,-0.000000000000000000e+00,-0.000000000000000000e+00,0.000000000000000000e+00,-0.000000000000000000e+00,-0.000000000000000000e+00,-0.000000000000000000e+00,-0.000000000000000000e+00,-1.769313548013888293e-01,0.000000000000000000e+00,-0.000000000000000000e+00,-0.000000000000000000e+00,0.000000000000000000e+00,-0.000000000000000000e+00,0.000000000000000000e+00,-8.413467065495465746e-01,1.909287713564751021e+00
