2.243561781583688131e+00,-0.000000000000000000e+00,-0.000000000000000000e+00,0.000000000000000000e+00,0.000000000000000000e+00,-0.000000000000000000e+00,0.000000000000000000e+00,0.000000000000000000e+00,-0.000000000000000000e+00,-0.000000000000000000e+00,-0.000000000000000000e+00,0.000000000000000000e+00,0.000000000000000000e+00,-0.000000000000000000e+00,-0.000000000000000000e+00,-2.855383729149926775e-01,0.000000000000000000e+00,-0.000000000000000000e+00,1.495204839304305477e-01,-0.000000000000000000e+00,-2.490181176391137174e-01,-0.000000000000000000e+00,-0.000000000000000000e+00,-0.000000000000000000e+00,-0.000000000000000000e+00,-4.711878751428805745e-01,0.000000000000000000e+00,-2.497591339903523083e-02,-3.748771644868978958e-01,-1.851866439784456697e-01,0.000000000000000000e+00,-0.000000000000000000e+00,-1.693399928642108686e-03,-0.000000000000000000e+00,-0.000000000000000000e+00,-0.000000000000000000e+00,-0.000000000000000000e+00,-6.494350549272265294e-01,-0.000000000000000000e+00
-0.000000000000000000e+00,1.858704061551127218e+00,-0.000000000000000000e+00,-0.000000000000000000e+00,0.000000000000000000e+00,0.000000000000000000e+00,0.000000000000000000e+00,0.000000000000000000e+00,0.000000000000000000e+00,-4.323064831414523135e-01,2.381292228288147961e-01,-0.000000000000000000e+00,-9.088677379936715983e-02,0.000000000000000000e+00,0.000000000000000000e+00,0.000000000000000000e+00,-0.000000000000000000e+00,0.000000000000000000e+00,-0.000000000000000000e+00,0.000000000000000000e+00,0.000000000000000000e+00,0.000000000000000000e+00,-2.896914118817969092e-02,-0.000000000000000000e+00,-0.000000000000000000e+00,0.000000000000000000e+00,6.107849866601346850e-02,0.000000000000000000e+00,0.000000000000000000e+00,0.000000000000000000e+00,3.247418090836473592e-01,6.925639457691286083e-01,1.483647135814387952e-01,0.000000000000000000e+00,-0.000000000000000000e+00,4.665192960336984884e-02,-1.063715535309803645e-01,0.000000000000000000e+00,-5.620226084119037124e-02
-0.000000000000000000e+00,-0.000000000000000000e+00,2.325725862751389261e+00,-0.000000000000000000e+00,0.000000000000000000e+00,-0.000000000000000000e+00,0.000000000000000000e+00,1.092140285881488371e+00,0.000000000000000000e+00,-0.000000000000000000e+00,-0.000000000000000000e+00,0.000000000000000000e+00,-6.220072332309341950e-02,-0.000000000000000000e+00,-8.801673002742474439e-02,-0.000000000000000000e+00,-0.000000000000000000e+00,-1.867569883019306876e-01,-0.000000000000000000e+00,-0.000000000000000000e+00,-3.844374144478381883e-01,-1.600502429507567048e-01,-0.000000000000000000e+00,-0.000000000000000000e+00,-0.000000000000000000e+00,-2.458222861163597839e-01,0.000000000000000000e+00,-4.026014723811783408e-02,-2.889584123351421341e-01,-8.729162656785867391e-02,0.000000000000000000e+00,-0.000000000000000000e+00,-1.160409923649419611e-01,0.000000000000000000e+00,-0.000000000000000000e+00,0.000000000000000000e+00,-0.000000000000000000e+00,-0.000000000000000000e+00,1.485666274877563975e-01
0.000000000000000000e+00,-0.000000000000000000e+00,-0.000000000000000000e+00,1.219471435456932706e+00,-5.407954997184891144e-02,-4.333924994018980431e-02,-1.105916683031416131e-01,2.779660545942794214e-02,0.000000000000000000e+00,0.000000000000000000e+00,0.000000000000000000e+00,0.000000000000000000e+00,7.470385008087984668e-02,0.000000000000000000e+00,1.455712116660715962e-02,0.000000000000000000e+00,6.308997258419446474e-02,-0.000000000000000000e+00,-3.780344416511174227e-02,1.868861009996485023e-02,0.000000000000000000e+00,0.000000000000000000e+00,-0.000000000000000000e+00,-2.824195011245175801e-02,-0.000000000000000000e+00,-0.000000000000000000e+00,-5.659789073526046849e-02,3.221935516715148662e-01,0.000000000000000000e+00,-0.000000000000000000e+00,0.000000000000000000e+00,-0.000000000000000000e+00,0.000000000000000000e+00,-0.000000000000000000e+00,0.000000000000000000e+00,-0.000000000000000000e+00,-9.991581428656635955e-02,9.210931863520069318e-02,0.000000000000000000e+00
0.000000000000000000e+00,0.000000000000000000e+00,0.000000000000000000e+00,-5.407954997184891144e-02,1.788241052981540458e+00,0.000000000000000000e+00,0.000000000000000000e+00,-0.000000000000000000e+00,-4.462067536921601046e-02,-0.000000000000000000e+00,0.000000000000000000e+00,0.000000000000000000e+00,0.000000000000000000e+00,-0.000000000000000000e+00,-0.000000000000000000e+00,-0.000000000000000000e+00,0.000000000000000000e+00,-0.000000000000000000e+00,-0.000000000000000000e+00,0.000000000000000000e+00,0.000000000000000000e+00,0.000000000000000000e+00,-0.000000000000000000e+00,0.000000000000000000e+00,-0.000000000000000000e+00,-4.157016290081598231e-01,-1.452346203886116238e-01,0.000000000000000000e+00,-0.000000000000000000e+00,-0.000000000000000000e+00,-0.000000000000000000e+00,-0.000000000000000000e+00,0.000000000000000000e+00,-7.285214106175176285e-01,4.965333237274564826e-02,-3.980517031807874750e-01,0.000000000000000000e+00,-0.000000000000000000e+00,-0.000000000000000000e+00
-0.000000000000000000e+00,0.000000000000000000e+00,-0.000000000000000000e+00,-4.333924994018980431e-02,0.000000000000000000e+00,2.083977282329148917e+00,-0.000000000000000000e+00,2.638238654714519793e-01,0.000000000000000000e+00,1.473317822961512369e-01,-0.000000000000000000e+00,0.000000000000000000e+00,0.000000000000000000e+00,0.000000000000000000e+00,0.000000000000000000e+00,7.483375262088864943e-02,7.462978534583292189e-02,0.000000000000000000e+00,0.000000000000000000e+00,2.207038467538289250e-01,0.000000000000000000e+00,6.446069172370046119e-02,-5.905680667086713603e-02,-7.763723877101904591e-01,-1.818981077427468673e-01,-0.000000000000000000e+00,-0.000000000000000000e+00,0.000000000000000000e+00,-1.180425951888907504e-01,-0.000000000000000000e+00,0.000000000000000000e+00,-1.989965011774983208e-02,-0.000000000000000000e+00,1.978012172154128973e-02,-0.000000000000000000e+00,0.000000000000000000e+00,-1.634784610044160702e-01,0.000000000000000000e+00,5.335646295776124565e-02
0.000000000000000000e+00,0.000000000000000000e+00,0.000000000000000000e+00,-1.105916683031416131e-01,0.000000000000000000e+00,-0.000000000000000000e+00,1.259624512530870488e+00,0.000000000000000000e+00,7.285415465571221279e-03,0.000000000000000000e+00,-3.479323132133274044e-01,0.000000000000000000e+00,2.016792846861530791e-02,-4.663794256802922256e-02,-0.000000000000000000e+00,0.000000000000000000e+00,-0.000000000000000000e+00,-0.000000000000000000e+00,0.000000000000000000e+00,0.000000000000000000e+00,0.000000000000000000e+00,0.000000000000000000e+00,7.830176852762618656e-02,0.000000000000000000e+00,0.000000000000000000e+00,0.000000000000000000e+00,6.231822744339496345e-02,5.677076076600715698e-02,-0.000000000000000000e+00,-3.572746206053837859e-01,-0.000000000000000000e+00,-0.000000000000000000e+00,-0.000000000000000000e+00,0.000000000000000000e+00,0.000000000000000000e+00,-0.000000000000000000e+00,-0.000000000000000000e+00,-0.000000000000000000e+00,0.000000000000000000e+00
0.000000000000000000e+00,0.000000000000000000e+00,1.092140285881488371e+00,2.779660545942794214e-02,-0.000000000000000000e+00,2.638238654714519793e-01,0.000000000000000000e+00,2.397315016931031106e+00,-0.000000000000000000e+00,0.000000000000000000e+00,-0.000000000000000000e+00,-0.000000000000000000e+00,0.000000000000000000e+00,-0.000000000000000000e+00,-0.000000000000000000e+00,-0.000000000000000000e+00,-0.000000000000000000e+00,0.000000000000000000e+00,0.000000000000000000e+00,-4.876083349136700607e-02,0.000000000000000000e+00,-0.000000000000000000e+00,2.865083930078308680e-02,4.607178057486647771e-01,2.639124434555168985e-01,0.000000000000000000e+00,-0.000000000000000000e+00,-0.000000000000000000e+00,1.219885945032049210e-02,6.452549667947059253e-02,-4.946928015648608540e-02,0.000000000000000000e+00,0.000000000000000000e+00,-0.000000000000000000e+00,0.000000000000000000e+00,-4.960768452152849312e-02,3.645441608146751111e-01,-0.000000000000000000e+00,-1.367744628249610017e-01
-0.000000000000000000e+00,0.000000000000000000e+00,0.000000000000000000e+00,0.000000000000000000e+00,-4.462067536921601046e-02,0.000000000000000000e+00,7.285415465571221279e-03,-0.000000000000000000e+00,1.891185711075739517e+00,-0.000000000000000000e+00,-0.000000000000000000e+00,-0.000000000000000000e+00,0.000000000000000000e+00,-0.000000000000000000e+00,-0.000000000000000000e+00,-9.030281014130302208e-02,-0.000000000000000000e+00,-0.000000000000000000e+00,0.000000000000000000e+00,-0.000000000000000000e+00,-0.000000000000000000e+00,-0.000000000000000000e+00,-7.766844092195401839e-02,0.000000000000000000e+00,-0.000000000000000000e+00,-3.399159131841933967e-01,-0.000000000000000000e+00,-0.000000000000000000e+00,-0.000000000000000000e+00,-0.000000000000000000e+00,-0.000000000000000000e+00,-0.000000000000000000e+00,0.000000000000000000e+00,-6.931994729331447669e-01,0.000000000000000000e+00,-2.962982765057829704e-02,0.000000000000000000e+00,-4.128258326848416315e-01,-1.940153196985113238e-01
-0.000000000000000000e+00,-4.323064831414523135e-01,-0.000000000000000000e+00,0.000000000000000000e+00,-0.000000000000000000e+00,1.473317822961512369e-01,0.000000000000000000e+00,0.000000000000000000e+00,-0.000000000000000000e+00,1.735721897753727871e+00,0.000000000000000000e+00,-0.000000000000000000e+00,-0.000000000000000000e+00,-0.000000000000000000e+00,-0.000000000000000000e+00,-4.702040089372027665e-01,-0.000000000000000000e+00,-5.594341752506134385e-02,-2.683660172442187131e-02,-0.000000000000000000e+00,-0.000000000000000000e+00,-2.860343093646335478e-03,-0.000000000000000000e+00,0.000000000000000000e+00,-0.000000000000000000e+00,-0.000000000000000000e+00,3.252353666677466892e-02,-0.000000000000000000e+00,0.000000000000000000e+00,-1.709134717671356718e-01,0.000000000000000000e+00,1.968918890034346281e-01,0.000000000000000000e+00,-0.000000000000000000e+00,-0.000000000000000000e+00,0.000000000000000000e+00,0.000000000000000000e+00,-0.000000000000000000e+00,-5.392746230786747974e-01
-0.000000000000000000e+00,2.381292228288147961e-01,-0.000000000000000000e+00,0.000000000000000000e+00,0.000000000000000000e+00,-0.000000000000000000e+00,-3.479323132133274044e-01,-0.000000000000000000e+00,-0.000000000000000000e+00,0.000000000000000000e+00,1.947461611515553637e+00,0.000000000000000000e+00,-0.000000000000000000e+00,-3.834867006900188335e-01,-1.778691736504354470e-01,-0.000000000000000000e+00,-5.866880391681872364e-01,-0.000000000000000000e+00,0.000000000000000000e+00,-0.000000000000000000e+00,-5.630965793563114802e-02,-0.000000000000000000e+00,0.000000000000000000e+00,0.000000000000000000e+00,0.000000000000000000e+00,-0.000000000000000000e+00,0.000000000000000000e+00,-0.000000000000000000e+00,-0.000000000000000000e+00,-4.947319208462947621e-02,-0.000000000000000000e+00,-3.494648737304448249e-01,-0.000000000000000000e+00,-0.000000000000000000e+00,0.000000000000000000e+00,-0.000000000000000000e+00,0.000000000000000000e+00,-0.000000000000000000e+00,0.000000000000000000e+00
0.000000000000000000e+00,-0.000000000000000000e+00,0.000000000000000000e+00,0.000000000000000000e+00,0.000000000000000000e+00,0.000000000000000000e+00,0.000000000000000000e+00,-0.000000000000000000e+00,-0.000000000000000000e+00,-0.000000000000000000e+00,0.000000000000000000e+00,1.258336348109984071e+00,-1.790713672531650535e-01,-0.000000000000000000e+00,-0.000000000000000000e+00,0.000000000000000000e+00,-0.000000000000000000e+00,-2.642304280753862700e-02,-0.000000000000000000e+00,-2.596608303476130031e-01,0.000000000000000000e+00,-0.000000000000000000e+00,-3.482214251887862100e-02,0.000000000000000000e+00,-0.000000000000000000e+00,0.000000000000000000e+00,0.000000000000000000e+00,-0.000000000000000000e+00,0.000000000000000000e+00,0.000000000000000000e+00,-0.000000000000000000e+00,1.670736298319368263e-01,0.000000000000000000e+00,-1.063437535814728135e-01,-0.000000000000000000e+00,0.000000000000000000e+00,0.000000000000000000e+00,-0.000000000000000000e+00,-2.650187464971294760e-01
0.000000000000000000e+00,-9.088677379936715983e-02,-6.220072332309341950e-02,7.470385008087984668e-02,0.000000000000000000e+00,0.000000000000000000e+00,2.016792846861530791e-02,0.000000000000000000e+00,0.000000000000000000e+00,-0.000000000000000000e+00,-0.000000000000000000e+00,-1.790713672531650535e-01,1.250427630454098216e+00,-0.000000000000000000e+00,-0.000000000000000000e+00,0.000000000000000000e+00,-2.558489037233324659e-02,-0.000000000000000000e+00,-2.940486540958213522e-03,-1.075798006602419615e-01,-0.000000000000000000e+00,-0.000000000000000000e+00,-5.381453116927179675e-02,-0.000000000000000000e+00,-0.000000000000000000e+00,0.000000000000000000e+00,1.988303192540332165e-01,-1.325919142465858958e-01,-0.000000000000000000e+00,0.000000000000000000e+00,9.678495813716950225e-02,1.982366270689411847e-01,-0.000000000000000000e+00,-0.000000000000000000e+00,-0.000000000000000000e+00,3.440275536042663312e-02,-0.000000000000000000e+00,0.000000000000000000e+00,0.000000000000000000e+00
-0.000000000000000000e+00,0.000000000000000000e+00,-0.000000000000000000e+00,0.000000000000000000e+00,-0.000000000000000000e+00,0.000000000000000000e+00,-4.663794256802922256e-02,-0.000000000000000000e+00,-0.000000000000000000e+00,-0.000000000000000000e+00,-3.834867006900188335e-01,-0.000000000000000000e+00,-0.000000000000000000e+00,2.155908348143427578e+00,-1.729241947497936194e-01,-6.149652751780350368e-02,-1.148563269006840359e-01,-2.783118418503574554e-01,0.000000000000000000e+00,-5.990298445443514863e-01,-0.000000000000000000e+00,-1.152892408090092635e-01,0.000000000000000000e+00,1.268731617663828026e-01,0.000000000000000000e+00,-0.000000000000000000e+00,9.106974996535288636e-02,-0.000000000000000000e+00,-0.000000000000000000e+00,-0.000000000000000000e+00,-9.675569337751937712e-03,-0.000000000000000000e+00,-0.000000000000000000e+00,-0.000000000000000000e+00,-0.000000000000000000e+00,-1.229209403505849008e-01,0.000000000000000000e+00,-2.174380557794912128e-01,-0.000000000000000000e+00
-0.000000000000000000e+00,0.000000000000000000e+00,-8.801673002742474439e-02,1.455712116660715962e-02,-0.000000000000000000e+00,0.000000000000000000e+00,-0.000000000000000000e+00,-0.000000000000000000e+00,-0.000000000000000000e+00,-0.000000000000000000e+00,-1.778691736504354470e-01,-0.000000000000000000e+00,-0.000000000000000000e+00,-1.729241947497936194e-01,2.812237979907894925e+00,-8.242528453360681295e-02,-7.952641057774009758e-02,-6.102874971292280293e-01,-0.000000000000000000e+00,-3.162706238270893144e-01,-3.462496978866910213e-01,-1.180917272346193453e-01,0.000000000000000000e+00,0.000000000000000000e+00,0.000000000000000000e+00,-1.639189807611957372e-01,1.858280814136935855e-01,-4.685484314525271698e-01,-1.102468171216790666e-01,-0.000000000000000000e+00,-0.000000000000000000e+00,-0.000000000000000000e+00,-0.000000000000000000e+00,-0.000000000000000000e+00,0.000000000000000000e+00,-0.000000000000000000e+00,0.000000000000000000e+00,-3.797607836284428995e-01,0.000000000000000000e+00
-2.855383729149926775e-01,0.000000000000000000e+00,-0.000000000000000000e+00,0.000000000000000000e+00,-0.000000000000000000e+00,7.483375262088864943e-02,0.000000000000000000e+00,-0.000000000000000000e+00,-9.030281014130302208e-02,-4.702040089372027665e-01,-0.000000000000000000e+00,0.000000000000000000e+00,0.000000000000000000e+00,-6.149652751780350368e-02,-8.242528453360681295e-02,2.233433850196305581e+00,-1.035012246586317769e-02,-5.164045872058427127e-03,-0.000000000000000000e+00,-0.000000000000000000e+00,-2.720350604165968633e-01,-3.790760210918696083e-01,0.000000000000000000e+00,0.000000000000000000e+00,0.000000000000000000e+00,-1.161643673755897999e-01,0.000000000000000000e+00,-3.113070479518262323e-01,-0.000000000000000000e+00,-2.239255108713469888e-02,-1.307642725245342641e-01,-0.000000000000000000e+00,-0.000000000000000000e+00,-0.000000000000000000e+00,0.000000000000000000e+00,-0.000000000000000000e+00,9.565444775311839065e-02,-2.322747709448297060e-01,-0.000000000000000000e+00
0.000000000000000000e+00,-0.000000000000000000e+00,-0.000000000000000000e+00,6.308997258419446474e-02,0.000000000000000000e+00,7.462978534583292189e-02,-0.000000000000000000e+00,-0.000000000000000000e+00,-0.000000000000000000e+00,-0.000000000000000000e+00,-5.866880391681872364e-01,-0.000000000000000000e+00,-2.558489037233324659e-02,-1.148563269006840359e-01,-7.952641057774009758e-02,-1.035012246586317769e-02,2.053138947497690658e+00,-6.340574574206335468e-02,-0.000000000000000000e+00,-1.834930491464970559e-01,-0.000000000000000000e+00,-5.787741370426413567e-01,0.000000000000000000e+00,1.432713709395576629e-01,2.100195563235903728e-01,0.000000000000000000e+00,0.000000000000000000e+00,-0.000000000000000000e+00,0.000000000000000000e+00,-0.000000000000000000e+00,-0.000000000000000000e+00,-0.000000000000000000e+00,0.000000000000000000e+00,-0.000000000000000000e+00,0.000000000000000000e+00,-0.000000000000000000e+00,0.000000000000000000e+00,-0.000000000000000000e+00,-0.000000000000000000e+00
-0.000000000000000000e+00,0.000000000000000000e+00,-1.867569883019306876e-01,-0.000000000000000000e+00,-0.000000000000000000e+00,0.000000000000000000e+00,-0.000000000000000000e+00,0.000000000000000000e+00,-0.000000000000000000e+00,-5.594341752506134385e-02,-0.000000000000000000e+00,-2.642304280753862700e-02,-0.000000000000000000e+00,-2.783118418503574554e-01,-6.102874971292280293e-01,-5.164045872058427127e-03,-6.340574574206335468e-02,1.995451103178981000e+00,-4.052855204480433904e-01,-0.000000000000000000e+00,-0.000000000000000000e+00,-0.000000000000000000e+00,-0.000000000000000000e+00,0.000000000000000000e+00,-0.000000000000000000e+00,-1.744541451617962480e-01,0.000000000000000000e+00,-0.000000000000000000e+00,-0.000000000000000000e+00,-0.000000000000000000e+00,-0.000000000000000000e+00,-0.000000000000000000e+00,-0.000000000000000000e+00,-4.044922868914327396e-01,0.000000000000000000e+00,0.000000000000000000e+00,0.000000000000000000e+00,-0.000000000000000000e+00,-0.000000000000000000e+00
1.495204839304305477e-01,-0.000000000000000000e+00,-0.000000000000000000e+00,-3.780344416511174227e-02,-0.000000000000000000e+00,0.000000000000000000e+00,0.000000000000000000e+00,0.000000000000000000e+00,0.000000000000000000e+00,-2.683660172442187131e-02,0.000000000000000000e+00,-0.000000000000000000e+00,-2.940486540958213522e-03,0.000000000000000000e+00,-0.000000000000000000e+00,-0.000000000000000000e+00,-0.000000000000000000e+00,-4.052855204480433904e-01,1.125841146752858624e+00,-0.000000000000000000e+00,-0.000000000000000000e+00,-0.000000000000000000e+00,-0.000000000000000000e+00,0.000000000000000000e+00,0.000000000000000000e+00,-0.000000000000000000e+00,-0.000000000000000000e+00,0.000000000000000000e+00,0.000000000000000000e+00,0.000000000000000000e+00,0.000000000000000000e+00,0.000000000000000000e+00,0.000000000000000000e+00,-0.000000000000000000e+00,0.000000000000000000e+00,0.000000000000000000e+00,0.000000000000000000e+00,0.000000000000000000e+00,-0.000000000000000000e+00
-0.000000000000000000e+00,0.000000000000000000e+00,-0.000000000000000000e+00,1.868861009996485023e-02,0.000000000000000000e+00,2.207038467538289250e-01,0.000000000000000000e+00,-4.876083349136700607e-02,-0.000000000000000000e+00,-0.000000000000000000e+00,-0.000000000000000000e+00,-2.596608303476130031e-01,-1.075798006602419615e-01,-5.990298445443514863e-01,-3.162706238270893144e-01,-0.000000000000000000e+00,-1.834930491464970559e-01,-0.000000000000000000e+00,-0.000000000000000000e+00,2.447688045191559691e+00,-0.000000000000000000e+00,-1.486434529890099387e-01,0.000000000000000000e+00,4.588030159458927892e-01,0.000000000000000000e+00,-0.000000000000000000e+00,1.364629589643805430e-01,-4.051843786243409240e-01,-0.000000000000000000e+00,0.000000000000000000e+00,-4.798818350737639460e-02,0.000000000000000000e+00,-0.000000000000000000e+00,-0.000000000000000000e+00,-0.000000000000000000e+00,-0.000000000000000000e+00,0.000000000000000000e+00,-0.000000000000000000e+00,-0.000000000000000000e+00
-2.490181176391137174e-01,0.000000000000000000e+00,-3.844374144478381883e-01,0.000000000000000000e+00,0.000000000000000000e+00,0.000000000000000000e+00,0.000000000000000000e+00,0.000000000000000000e+00,-0.000000000000000000e+00,-0.000000000000000000e+00,-5.630965793563114802e-02,0.000000000000000000e+00,-0.000000000000000000e+00,-0.000000000000000000e+00,-3.462496978866910213e-01,-2.720350604165968633e-01,-0.000000000000000000e+00,-0.000000000000000000e+00,-0.000000000000000000e+00,-0.000000000000000000e+00,2.413515644285957329e+00,-6.181265461133603201e-02,-0.000000000000000000e+00,0.000000000000000000e+00,0.000000000000000000e+00,-5.339135144742012534e-02,0.000000000000000000e+00,-7.401323888702737719e-01,-0.000000000000000000e+00,-0.000000000000000000e+00,-0.000000000000000000e+00,-0.000000000000000000e+00,-3.774270040477544774e-01,0.000000000000000000e+00,-0.000000000000000000e+00,-0.000000000000000000e+00,0.000000000000000000e+00,-0.000000000000000000e+00,0.000000000000000000e+00
-0.000000000000000000e+00,0.000000000000000000e+00,-1.600502429507567048e-01,0.000000000000000000e+00,0.000000000000000000e+00,6.446069172370046119e-02,0.000000000000000000e+00,-0.000000000000000000e+00,-0.000000000000000000e+00,-2.860343093646335478e-03,-0.000000000000000000e+00,-0.000000000000000000e+00,-0.000000000000000000e+00,-1.152892408090092635e-01,-1.180917272346193453e-01,-3.790760210918696083e-01,-5.787741370426413567e-01,-0.000000000000000000e+00,-0.000000000000000000e+00,-1.486434529890099387e-01,-6.181265461133603201e-02,2.001300641966658134e+00,0.000000000000000000e+00,0.000000000000000000e+00,0.000000000000000000e+00,-0.000000000000000000e+00,0.000000000000000000e+00,-1.561347422870700274e-01,0.000000000000000000e+00,-0.000000000000000000e+00,-2.827771356917619938e-01,-0.000000000000000000e+00,-0.000000000000000000e+00,-0.000000000000000000e+00,-0.000000000000000000e+00,-0.000000000000000000e+00,0.000000000000000000e+00,-0.000000000000000000e+00,-0.000000000000000000e+00
-0.000000000000000000e+00,-2.896914118817969092e-02,-0.000000000000000000e+00,-0.000000000000000000e+00,-0.000000000000000000e+00,-5.905680667086713603e-02,7.830176852762618656e-02,2.865083930078308680e-02,-7.766844092195401839e-02,-0.000000000000000000e+00,0.000000000000000000e+00,-3.482214251887862100e-02,-5.381453116927179675e-02,0.000000000000000000e+00,0.000000000000000000e+00,0.000000000000000000e+00,0.000000000000000000e+00,-0.000000000000000000e+00,-0.000000000000000000e+00,0.000000000000000000e+00,-0.000000000000000000e+00,0.000000000000000000e+00,2.277250468898833979e+00,-6.171019024817102627e-01,-1.160917819094297920e+00,-1.020389898183809013e-01,-0.000000000000000000e+00,-0.000000000000000000e+00,-0.000000000000000000e+00,-0.000000000000000000e+00,0.000000000000000000e+00,0.000000000000000000e+00,-0.000000000000000000e+00,-0.000000000000000000e+00,-0.000000000000000000e+00,0.000000000000000000e+00,-0.000000000000000000e+00,-0.000000000000000000e+00,-0.000000000000000000e+00
-0.000000000000000000e+00,-0.000000000000000000e+00,-0.000000000000000000e+00,-2.824195011245175801e-02,0.000000000000000000e+00,-7.763723877101904591e-01,0.000000000000000000e+00,4.607178057486647771e-01,0.000000000000000000e+00,0.000000000000000000e+00,0.000000000000000000e+00,0.000000000000000000e+00,-0.000000000000000000e+00,1.268731617663828026e-01,0.000000000000000000e+00,0.000000000000000000e+00,1.432713709395576629e-01,0.000000000000000000e+00,0.000000000000000000e+00,4.588030159458927892e-01,0.000000000000000000e+00,0.000000000000000000e+00,-6.171019024817102627e-01,3.189911070881992217e+00,-5.733890507602966702e-01,-0.000000000000000000e+00,-0.000000000000000000e+00,0.000000000000000000e+00,-0.000000000000000000e+00,-0.000000000000000000e+00,1.645207210555766908e-01,0.000000000000000000e+00,-0.000000000000000000e+00,0.000000000000000000e+00,-0.000000000000000000e+00,6.496200187407220883e-02,-3.815183194256042132e-01,0.000000000000000000e+00,0.000000000000000000e+00
-0.000000000000000000e+00,-0.000000000000000000e+00,-0.000000000000000000e+00,-0.000000000000000000e+00,-0.000000000000000000e+00,-1.818981077427468673e-01,0.000000000000000000e+00,2.639124434555168985e-01,-0.000000000000000000e+00,-0.000000000000000000e+00,0.000000000000000000e+00,-0.000000000000000000e+00,-0.000000000000000000e+00,0.000000000000000000e+00,0.000000000000000000e+00,0.000000000000000000e+00,2.100195563235903728e-01,-0.000000000000000000e+00,0.000000000000000000e+00,0.000000000000000000e+00,0.000000000000000000e+00,0.000000000000000000e+00,-1.160917819094297920e+00,-5.733890507602966702e-01,2.556059790724377390e+00,-6.261754240224354229e-02,-1.183375273912685571e-01,0.000000000000000000e+00,-5.876885894435020241e-02,-0.000000000000000000e+00,0.000000000000000000e+00,-0.000000000000000000e+00,-0.000000000000000000e+00,-0.000000000000000000e+00,-0.000000000000000000e+00,0.000000000000000000e+00,-3.478505614295927806e-02,-0.000000000000000000e+00,-0.000000000000000000e+00
-4.711878751428805745e-01,0.000000000000000000e+00,-2.458222861163597839e-01,-0.000000000000000000e+00,-4.157016290081598231e-01,-0.000000000000000000e+00,0.000000000000000000e+00,0.000000000000000000e+00,-3.399159131841933967e-01,-0.000000000000000000e+00,-0.000000000000000000e+00,0.000000000000000000e+00,0.000000000000000000e+00,-0.000000000000000000e+00,-1.639189807611957372e-01,-1.161643673755897999e-01,0.000000000000000000e+00,-1.744541451617962480e-01,-0.000000000000000000e+00,-0.000000000000000000e+00,-5.339135144742012534e-02,-0.000000000000000000e+00,-1.020389898183809013e-01,-0.000000000000000000e+00,-6.261754240224354229e-02,2.376087757997458194e+00,-0.000000000000000000e+00,-4.326820316191003907e-02,-5.287038764734012242e-01,-4.232950248605222426e-02,-0.000000000000000000e+00,-3.395120898061877723e-02,-0.000000000000000000e+00,-4.033458111336418045e-02,0.000000000000000000e+00,-0.000000000000000000e+00,-0.000000000000000000e+00,-0.000000000000000000e+00,0.000000000000000000e+00
0.000000000000000000e+00,6.107849866601346850e-02,0.000000000000000000e+00,-5.659789073526046849e-02,-1.452346203886116238e-01,-0.000000000000000000e+00,6.231822744339496345e-02,-0.000000000000000000e+00,-0.000000000000000000e+00,3.252353666677466892e-02,0.000000000000000000e+00,0.000000000000000000e+00,1.988303192540332165e-01,9.106974996535288636e-02,1.858280814136935855e-01,0.000000000000000000e+00,0.000000000000000000e+00,0.000000000000000000e+00,-0.000000000000000000e+00,1.364629589643805430e-01,0.000000000000000000e+00,0.000000000000000000e+00,-0.000000000000000000e+00,-0.000000000000000000e+00,-1.183375273912685571e-01,-0.000000000000000000e+00,1.231944491252805030e+00,0.000000000000000000e+00,0.000000000000000000e+00,0.000000000000000000e+00,-2.004259004485279064e-02,-9.451236027163480158e-02,3.268868454258747752e-02,-0.000000000000000000e+00,5.041951275850835301e-02,-0.000000000000000000e+00,3.276880597191939720e-02,0.000000000000000000e+00,-0.000000000000000000e+00
-2.497591339903523083e-02,0.000000000000000000e+00,-4.026014723811783408e-02,3.221935516715148662e-01,0.000000000000000000e+00,0.000000000000000000e+00,5.677076076600715698e-02,-0.000000000000000000e+00,-0.000000000000000000e+00,-0.000000000000000000e+00,-0.000000000000000000e+00,-0.000000000000000000e+00,-1.325919142465858958e-01,-0.000000000000000000e+00,-4.685484314525271698e-01,-3.113070479518262323e-01,-0.000000000000000000e+00,-0.000000000000000000e+00,0.000000000000000000e+00,-4.051843786243409240e-01,-7.401323888702737719e-01,-1.561347422870700274e-01,-0.000000000000000000e+00,0.000000000000000000e+00,0.000000000000000000e+00,-4.326820316191003907e-02,0.000000000000000000e+00,2.498318465965026824e+00,-0.000000000000000000e+00,0.000000000000000000e+00,-0.000000000000000000e+00,0.000000000000000000e+00,-1.323341810862164736e-01,-0.000000000000000000e+00,-0.000000000000000000e+00,-0.000000000000000000e+00,0.000000000000000000e+00,-0.000000000000000000e+00,0.000000000000000000e+00
-3.748771644868978958e-01,0.000000000000000000e+00,-2.889584123351421341e-01,0.000000000000000000e+00,-0.000000000000000000e+00,-1.180425951888907504e-01,-0.000000000000000000e+00,1.219885945032049210e-02,-0.000000000000000000e+00,0.000000000000000000e+00,-0.000000000000000000e+00,0.000000000000000000e+00,-0.000000000000000000e+00,-0.000000000000000000e+00,-1.102468171216790666e-01,-0.000000000000000000e+00,0.000000000000000000e+00,-0.000000000000000000e+00,0.000000000000000000e+00,-0.000000000000000000e+00,-0.000000000000000000e+00,0.000000000000000000e+00,-0.000000000000000000e+00,-0.000000000000000000e+00,-5.876885894435020241e-02,-5.287038764734012242e-01,0.000000000000000000e+00,-0.000000000000000000e+00,2.112137655100312372e+00,-0.000000000000000000e+00,0.000000000000000000e+00,-5.252841267758742022e-02,-5.701256801534466678e-01,-0.000000000000000000e+00,-2.301436461774247072e-02,-0.000000000000000000e+00,-0.000000000000000000e+00,-1.626837513024979309e-01,0.000000000000000000e+00
-1.851866439784456697e-01,0.000000000000000000e+00,-8.729162656785867391e-02,-0.000000000000000000e+00,-0.000000000000000000e+00,-0.000000000000000000e+00,-3.572746206053837859e-01,6.452549667947059253e-02,-0.000000000000000000e+00,-1.709134717671356718e-01,-4.947319208462947621e-02,0.000000000000000000e+00,0.000000000000000000e+00,-0.000000000000000000e+00,-0.000000000000000000e+00,-2.239255108713469888e-02,-0.000000000000000000e+00,-0.000000000000000000e+00,0.000000000000000000e+00,0.000000000000000000e+00,-0.000000000000000000e+00,-0.000000000000000000e+00,-0.000000000000000000e+00,-0.000000000000000000e+00,-0.000000000000000000e+00,-4.232950248605222426e-02,0.000000000000000000e+00,0.000000000000000000e+00,-0.000000000000000000e+00,1.312178146165522863e+00,-0.000000000000000000e+00,-0.000000000000000000e+00,-0.000000000000000000e+00,-0.000000000000000000e+00,-0.000000000000000000e+00,0.000000000000000000e+00,-9.480490068522166858e-02,-1.194948435337503251e-01,-0.000000000000000000e+00
0.000000000000000000e+00,3.247418090836473592e-01,0.000000000000000000e+00,0.000000000000000000e+00,-0.000000000000000000e+00,0.000000000000000000e+00,-0.000000000000000000e+00,-4.946928015648608540e-02,-0.000000000000000000e+00,0.000000000000000000e+00,-0.000000000000000000e+00,-0.000000000000000000e+00,9.678495813716950225e-02,-9.675569337751937712e-03,-0.000000000000000000e+00,-1.307642725245342641e-01,-0.000000000000000000e+00,-0.000000000000000000e+00,0.000000000000000000e+00,-4.798818350737639460e-02,-0.000000000000000000e+00,-2.827771356917619938e-01,0.000000000000000000e+00,1.645207210555766908e-01,0.000000000000000000e+00,-0.000000000000000000e+00,-2.004259004485279064e-02,-0.000000000000000000e+00,0.000000000000000000e+00,-0.000000000000000000e+00,1.451074573292818748e+00,-1.765289265741369629e-02,-0.000000000000000000e+00,-0.000000000000000000e+00,0.000000000000000000e+00,-1.708666310314269354e-01,1.297028168427913075e-01,-0.000000000000000000e+00,-0.000000000000000000e+00
-0.000000000000000000e+00,6.925639457691286083e-01,-0.000000000000000000e+00,-0.000000000000000000e+00,-0.000000000000000000e+00,-1.989965011774983208e-02,-0.000000000000000000e+00,0.000000000000000000e+00,-0.000000000000000000e+00,1.968918890034346281e-01,-3.494648737304448249e-01,1.670736298319368263e-01,1.982366270689411847e-01,-0.000000000000000000e+00,-0.000000000000000000e+00,-0.000000000000000000e+00,-0.000000000000000000e+00,-0.000000000000000000e+00,0.000000000000000000e+00,0.000000000000000000e+00,-0.000000000000000000e+00,-0.000000000000000000e+00,0.000000000000000000e+00,0.000000000000000000e+00,-0.000000000000000000e+00,-3.395120898061877723e-02,-9.451236027163480158e-02,0.000000000000000000e+00,-5.252841267758742022e-02,-0.000000000000000000e+00,-1.765289265741369629e-02,1.763466384717420121e+00,-0.000000000000000000e+00,-0.000000000000000000e+00,6.602512070671827382e-02,-1.970588425331402382e-01,-0.000000000000000000e+00,-0.000000000000000000e+00,2.697402302506751379e-02
-1.693399928642108686e-03,1.483647135814387952e-01,-1.160409923649419611e-01,0.000000000000000000e+00,0.000000000000000000e+00,-0.000000000000000000e+00,-0.000000000000000000e+00,0.000000000000000000e+00,0.000000000000000000e+00,0.000000000000000000e+00,-0.000000000000000000e+00,0.000000000000000000e+00,-0.000000000000000000e+00,-0.000000000000000000e+00,-0.000000000000000000e+00,-0.000000000000000000e+00,0.000000000000000000e+00,-0.000000000000000000e+00,0.000000000000000000e+00,-0.000000000000000000e+00,-3.774270040477544774e-01,-0.000000000000000000e+00,-0.000000000000000000e+00,-0.000000000000000000e+00,-0.000000000000000000e+00,-0.000000000000000000e+00,3.268868454258747752e-02,-1.323341810862164736e-01,-5.701256801534466678e-01,-0.000000000000000000e+00,-0.000000000000000000e+00,-0.000000000000000000e+00,1.705914025403308054e+00,0.000000000000000000e+00,-1.681906244869093292e-01,-0.000000000000000000e+00,-0.000000000000000000e+00,-0.000000000000000000e+00,2.957935345181498255e-01
-0.000000000000000000e+00,0.000000000000000000e+00,0.000000000000000000e+00,-0.000000000000000000e+00,-7.285214106175176285e-01,1.978012172154128973e-02,0.000000000000000000e+00,-0.000000000000000000e+00,-6.931994729331447669e-01,-0.000000000000000000e+00,-0.000000000000000000e+00,-1.063437535814728135e-01,-0.000000000000000000e+00,-0.000000000000000000e+00,-0.000000000000000000e+00,-0.000000000000000000e+00,-0.000000000000000000e+00,-4.044922868914327396e-01,-0.000000000000000000e+00,-0.000000000000000000e+00,0.000000000000000000e+00,-0.000000000000000000e+00,-0.000000000000000000e+00,0.000000000000000000e+00,-0.000000000000000000e+00,-4.033458111336418045e-02,-0.000000000000000000e+00,-0.000000000000000000e+00,-0.000000000000000000e+00,-0.000000000000000000e+00,-0.000000000000000000e+00,-0.000000000000000000e+00,0.000000000000000000e+00,2.147839358615221794e+00,1.786718659536211951e-01,-0.000000000000000000e+00,0.000000000000000000e+00,-3.966504579637497585e-02,-1.645637592780813951e-01
-0.000000000000000000e+00,-0.000000000000000000e+00,-0.000000000000000000e+00,0.000000000000000000e+00,4.965333237274564826e-02,-0.000000000000000000e+00,0.000000000000000000e+00,0.000000000000000000e+00,0.000000000000000000e+00,-0.000000000000000000e+00,0.000000000000000000e+00,-0.000000000000000000e+00,-0.000000000000000000e+00,-0.000000000000000000e+00,0.000000000000000000e+00,0.000000000000000000e+00,0.000000000000000000e+00,0.000000000000000000e+00,0.000000000000000000e+00,-0.000000000000000000e+00,-0.000000000000000000e+00,-0.000000000000000000e+00,-0.000000000000000000e+00,-0.000000000000000000e+00,-0.000000000000000000e+00,0.000000000000000000e+00,5.041951275850835301e-02,-0.000000000000000000e+00,-2.301436461774247072e-02,-0.000000000000000000e+00,0.000000000000000000e+00,6.602512070671827382e-02,-1.681906244869093292e-01,1.786718659536211951e-01,1.071794118000930274e+00,0.000000000000000000e+00,-5.464985485234587909e-02,0.000000000000000000e+00,0.000000000000000000e+00
-0.000000000000000000e+00,4.665192960336984884e-02,0.000000000000000000e+00,-0.000000000000000000e+00,-3.980517031807874750e-01,0.000000000000000000e+00,-0.000000000000000000e+00,-4.960768452152849312e-02,-2.962982765057829704e-02,0.000000000000000000e+00,-0.000000000000000000e+00,0.000000000000000000e+00,3.440275536042663312e-02,-1.229209403505849008e-01,-0.000000000000000000e+00,-0.000000000000000000e+00,-0.000000000000000000e+00,0.000000000000000000e+00,0.000000000000000000e+00,-0.000000000000000000e+00,-0.000000000000000000e+00,-0.000000000000000000e+00,0.000000000000000000e+00,6.496200187407220883e-02,0.000000000000000000e+00,-0.000000000000000000e+00,-0.000000000000000000e+00,-0.000000000000000000e+00,-0.000000000000000000e+00,0.000000000000000000e+00,-1.708666310314269354e-01,-1.970588425331402382e-01,-0.000000000000000000e+00,-0.000000000000000000e+00,0.000000000000000000e+00,1.433380935647635690e+00,2.620011065231965808e-01,-0.000000000000000000e+00,0.000000000000000000e+00
-0.000000000000000000e+00,-1.063715535309803645e-01,-0.000000000000000000e+00,-9.991581428656635955e-02,0.000000000000000000e+00,-1.634784610044160702e-01,-0.000000000000000000e+00,3.645441608146751111e-01,0.000000000000000000e+00,0.000000000000000000e+00,0.000000000000000000e+00,0.000000000000000000e+00,-0.000000000000000000e+00,0.000000000000000000e+00,0.000000000000000000e+00,9.565444775311839065e-02,0.000000000000000000e+00,0.000000000000000000e+00,0.000000000000000000e+00,0.000000000000000000e+00,0.000000000000000000e+00,0.000000000000000000e+00,-0.000000000000000000e+00,-3.815183194256042132e-01,-3.478505614295927806e-02,-0.000000000000000000e+00,3.276880597191939720e-02,0.000000000000000000e+00,-0.000000000000000000e+00,-9.480490068522166858e-02,1.297028168427913075e-01,-0.000000000000000000e+00,-0.000000000000000000e+00,0.000000000000000000e+00,-5.464985485234587909e-02,2.620011065231965808e-01,1.663273198529236163e+00,0.000000000000000000e+00,0.000000000000000000e+00
-6.494350549272265294e-01,0.000000000000000000e+00,-0.000000000000000000e+00,9.210931863520069318e-02,-0.000000000000000000e+00,0.000000000000000000e+00,-0.000000000000000000e+00,-0.000000000000000000e+00,-4.128258326848416315e-01,-0.000000000000000000e+00,-0.000000000000000000e+00,-0.000000000000000000e+00,0.000000000000000000e+00,-2.174380557794912128e-01,-3.797607836284428995e-01,-2.322747709448297060e-01,-0.000000000000000000e+00,-0.000000000000000000e+00,0.000000000000000000e+00,-0.000000000000000000e+00,-0.000000000000000000e+00,-0.000000000000000000e+00,-0.000000000000000000e+00,0.000000000000000000e+00,-0.000000000000000000e+00,-0.000000000000000000e+00,0.000000000000000000e+00,-0.000000000000000000e+00,-1.626837513024979309e-01,-1.194948435337503251e-01,-0.000000000000000000e+00,-0.000000000000000000e+00,-0.000000000000000000e+00,-3.966504579637497585e-02,0.000000000000000000e+00,-0.000000000000000000e+00,0.000000000000000000e+00,2.204867439139043039e+00,-0.000000000000000000e+00
-0.000000000000000000e+00,-5.620226084119037124e-02,1.485666274877563975e-01,0.000000000000000000e+00,-0.000000000000000000e+00,5.335646295776124565e-02,0.000000000000000000e+00,-1.367744628249610017e-01,-1.940153196985113238e-01,-5.392746230786747974e-01,0.000000000000000000e+00,-2.650187464971294760e-01,0.000000000000000000e+00,-0.000000000000000000e+00,0.000000000000000000e+00,-0.000000000000000000e+00,-0.000000000000000000e+00,-0.000000000000000000e+00,-0.000000000000000000e+00,-0.000000000000000000e+00,0.000000000000000000e+00,-0.000000000000000000e+00,-0.000000000000000000e+00,0.000000000000000000e+00,-0.000000000000000000e+00,0.000000000000000000e+00,-0.000000000000000000e+00,0.000000000000000000e+00,0.000000000000000000e+00,-0.000000000000000000e+00,-0.000000000000000000e+00,2.697402302506751379e-02,2.957935345181498255e-01,-1.645637592780813951e-01,0.000000000000000000e+00,0.000000000000000000e+00,0.000000000000000000e+00,-0.000000000000000000e+00,1.571067489510578508e+00
