1.417189526901703411e+00,-3.385002390153921126e-02,-0.000000000000000000e+00,0.000000000000000000e+00,-0.000000000000000000e+00,-0.000000000000000000e+00,-0.000000000000000000e+00,0.000000000000000000e+00,-0.000000000000000000e+00,-2.983781751403125418e-02,-0.000000000000000000e+00,0.000000000000000000e+00,0.000000000000000000e+00,-0.000000000000000000e+00,-0.000000000000000000e+00,-1.435629003734545123e-03,0.000000000000000000e+00,0.000000000000000000e+00,0.000000000000000000e+00,0.000000000000000000e+00,-1.293571326472181260e-01,-0.000000000000000000e+00,-3.467518455953887656e-03,-0.000000000000000000e+00,-0.000000000000000000e+00,-1.297656885953477890e-01,-0.000000000000000000e+00,-0.000000000000000000e+00,-1.979907881363821009e-01,-0.000000000000000000e+00,-1.576579214495634762e-01,0.000000000000000000e+00,-0.000000000000000000e+00,-0.000000000000000000e+00,-0.000000000000000000e+00,-1.506023752468441945e-01,-0.000000000000000000e+00,-3.935165403776014759e-01,-0.000000000000000000e+00
-3.385002390153921126e-02,2.580974355392409603e+00,-0.000000000000000000e+00,-0.000000000000000000e+00,-7.386299394489176384e-02,-3.966875255823684165e-01,0.000000000000000000e+00,1.283854776594183789e-01,-0.000000000000000000e+00,-0.000000000000000000e+00,-0.000000000000000000e+00,0.000000000000000000e+00,5.509492410865319822e-01,-0.000000000000000000e+00,0.000000000000000000e+00,0.000000000000000000e+00,0.000000000000000000e+00,-0.000000000000000000e+00,0.000000000000000000e+00,1.760625247621996903e-01,0.000000000000000000e+00,6.201979458337258944e-02,-0.000000000000000000e+00,-1.592127758338660326e-01,-0.000000000000000000e+00,-4.385343419281176325e-02,-3.317138944864097549e-01,3.303725298893693541e-02,0.000000000000000000e+00,0.000000000000000000e+00,0.000000000000000000e+00,-1.292681492173603300e-02,3.834286311906298095e-01,-0.000000000000000000e+00,-0.000000000000000000e+00,-0.000000000000000000e+00,-4.051289380801282869e-01,-0.000000000000000000e+00,-3.294358752315411087e-01
-0.000000000000000000e+00,-0.000000000000000000e+00,2.442067304376890124e+00,0.000000000000000000e+00,-0.000000000000000000e+00,0.000000000000000000e+00,-0.000000000000000000e+00,1.178777845263779378e+00,-0.000000000000000000e+00,-0.000000000000000000e+00,-0.000000000000000000e+00,-1.072520675173398996e-01,0.000000000000000000e+00,-0.000000000000000000e+00,-5.567764599151514560e-01,-0.000000000000000000e+00,-1.117797200713248340e-01,-0.000000000000000000e+00,-1.591404703869449822e-01,-0.000000000000000000e+00,-0.000000000000000000e+00,-0.000000000000000000e+00,0.000000000000000000e+00,6.733321451938696633e-02,0.000000000000000000e+00,-5.234856779606901489e-02,-0.000000000000000000e+00,-3.830025062187628060e-01,-0.000000000000000000e+00,-0.000000000000000000e+00,-2.683143310667575054e-01,-0.000000000000000000e+00,-0.000000000000000000e+00,-0.000000000000000000e+00,-0.000000000000000000e+00,-0.000000000000000000e+00,0.000000000000000000e+00,-0.000000000000000000e+00,-0.000000000000000000e+00
0.000000000000000000e+00,-0.000000000000000000e+00,0.000000000000000000e+00,1.381748696214340377e+00,0.000000000000000000e+00,-8.796197965191413295e-03,-0.000000000000000000e+00,0.000000000000000000e+00,6.244883498498693397e-02,0.000000000000000000e+00,0.000000000000000000e+00,-0.000000000000000000e+00,0.000000000000000000e+00,0.000000000000000000e+00,0.000000000000000000e+00,1.660465089037023168e-01,-0.000000000000000000e+00,-1.717430915411997105e-01,-0.000000000000000000e+00,-0.000000000000000000e+00,8.657415411436400476e-02,0.000000000000000000e+00,0.000000000000000000e+00,0.000000000000000000e+00,0.000000000000000000e+00,0.000000000000000000e+00,-0.000000000000000000e+00,2.362526414729963775e-01,6.576273551352526670e-02,2.098587722807316591e-01,2.512816175411610939e-02,-0.000000000000000000e+00,0.000000000000000000e+00,0.000000000000000000e+00,-0.000000000000000000e+00,-0.000000000000000000e+00,-0.000000000000000000e+00,2.141756657464712332e-01,0.000000000000000000e+00
-0.000000000000000000e+00,-7.386299394489176384e-02,-0.000000000000000000e+00,0.000000000000000000e+00,2.010806872999859607e+00,-0.000000000000000000e+00,-0.000000000000000000e+00,0.000000000000000000e+00,-7.752879409213010720e-02,-0.000000000000000000e+00,-0.000000000000000000e+00,-0.000000000000000000e+00,0.000000000000000000e+00,-2.552447516201765149e-03,-0.000000000000000000e+00,-0.000000000000000000e+00,-0.000000000000000000e+00,-0.000000000000000000e+00,-0.000000000000000000e+00,0.000000000000000000e+00,0.000000000000000000e+00,0.000000000000000000e+00,-0.000000000000000000e+00,-0.000000000000000000e+00,-0.000000000000000000e+00,-3.937515493799265132e-01,-1.714771732927896641e-01,3.970593733977315076e-02,0.000000000000000000e+00,-0.000000000000000000e+00,-0.000000000000000000e+00,-0.000000000000000000e+00,0.000000000000000000e+00,-8.864621909858969584e-01,0.000000000000000000e+00,-1.887350020291073127e-01,-0.000000000000000000e+00,-9.927036113832136965e-02,-1.092121630067384441e-01
-0.000000000000000000e+00,-3.966875255823684165e-01,0.000000000000000000e+00,-8.796197965191413295e-03,-0.000000000000000000e+00,1.848548195835964414e+00,-0.000000000000000000e+00,0.000000000000000000e+00,0.000000000000000000e+00,0.000000000000000000e+00,-0.000000000000000000e+00,0.000000000000000000e+00,0.000000000000000000e+00,0.000000000000000000e+00,1.923764706757588872e-01,0.000000000000000000e+00,0.000000000000000000e+00,-0.000000000000000000e+00,0.000000000000000000e+00,0.000000000000000000e+00,2.795001935524255576e-01,0.000000000000000000e+00,-2.431756108619452794e-01,-0.000000000000000000e+00,-2.276225902125045622e-02,-0.000000000000000000e+00,-0.000000000000000000e+00,2.065710411837196614e-01,-0.000000000000000000e+00,1.061391113288864402e-01,0.000000000000000000e+00,-9.433373526060713499e-02,2.180117997076292946e-01,0.000000000000000000e+00,-2.368239106225769885e-01,-0.000000000000000000e+00,-6.295029176942222582e-02,0.000000000000000000e+00,-0.000000000000000000e+00
-0.000000000000000000e+00,0.000000000000000000e+00,-0.000000000000000000e+00,-0.000000000000000000e+00,-0.000000000000000000e+00,-0.000000000000000000e+00,1.102780975984230860e+00,-0.000000000000000000e+00,0.000000000000000000e+00,-0.000000000000000000e+00,0.000000000000000000e+00,1.973553137517145006e-01,0.000000000000000000e+00,0.000000000000000000e+00,-0.000000000000000000e+00,-0.000000000000000000e+00,0.000000000000000000e+00,9.278933029047270464e-02,0.000000000000000000e+00,-4.043497332026503577e-02,0.000000000000000000e+00,-1.084351525548575973e-01,0.000000000000000000e+00,6.631106218939186725e-02,0.000000000000000000e+00,0.000000000000000000e+00,0.000000000000000000e+00,-0.000000000000000000e+00,0.000000000000000000e+00,0.000000000000000000e+00,-0.000000000000000000e+00,3.134716011912641598e-02,-0.000000000000000000e+00,0.000000000000000000e+00,-1.145489019301324657e-02,-0.000000000000000000e+00,0.000000000000000000e+00,-0.000000000000000000e+00,0.000000000000000000e+00
0.000000000000000000e+00,1.283854776594183789e-01,1.178777845263779378e+00,0.000000000000000000e+00,0.000000000000000000e+00,0.000000000000000000e+00,-0.000000000000000000e+00,1.972613614523741843e+00,0.000000000000000000e+00,0.000000000000000000e+00,5.074654743032835230e-02,2.837419284967022601e-02,-2.330193876811083309e-02,0.000000000000000000e+00,0.000000000000000000e+00,0.000000000000000000e+00,0.000000000000000000e+00,0.000000000000000000e+00,0.000000000000000000e+00,0.000000000000000000e+00,0.000000000000000000e+00,-0.000000000000000000e+00,-0.000000000000000000e+00,0.000000000000000000e+00,0.000000000000000000e+00,1.083591513280942747e-01,1.549657843074150054e-01,0.000000000000000000e+00,0.000000000000000000e+00,-0.000000000000000000e+00,4.423179136685972609e-03,3.138240741318509830e-01,-0.000000000000000000e+00,0.000000000000000000e+00,0.000000000000000000e+00,0.000000000000000000e+00,2.541617501813861479e-02,0.000000000000000000e+00,0.000000000000000000e+00
-0.000000000000000000e+00,-0.000000000000000000e+00,-0.000000000000000000e+00,6.244883498498693397e-02,-7.752879409213010720e-02,0.000000000000000000e+00,0.000000000000000000e+00,0.000000000000000000e+00,2.053338543982035080e+00,-2.008493328280240575e-01,-0.000000000000000000e+00,-0.000000000000000000e+00,-0.000000000000000000e+00,-1.214739498556434150e-01,-3.414163691058664379e-02,-1.220516979377765376e-01,-0.000000000000000000e+00,-0.000000000000000000e+00,-0.000000000000000000e+00,0.000000000000000000e+00,-0.000000000000000000e+00,-0.000000000000000000e+00,-1.706020825068414459e-01,-0.000000000000000000e+00,-5.681912245034855674e-02,-3.261945267816444005e-01,-0.000000000000000000e+00,0.000000000000000000e+00,-0.000000000000000000e+00,-1.009108940971593510e-01,-1.692948651717809949e-01,-0.000000000000000000e+00,-0.000000000000000000e+00,-3.145646551625467802e-01,0.000000000000000000e+00,-7.550514200583809121e-02,0.000000000000000000e+00,-4.198130160259231358e-01,-1.784742368555368164e-01
-2.983781751403125418e-02,-0.000000000000000000e+00,-0.000000000000000000e+00,0.000000000000000000e+00,-0.000000000000000000e+00,0.000000000000000000e+00,-0.000000000000000000e+00,0.000000000000000000e+00,-2.008493328280240575e-01,2.429413775301094258e+00,0.000000000000000000e+00,-0.000000000000000000e+00,-0.000000000000000000e+00,-6.066570732764312718e-02,-0.000000000000000000e+00,-1.339370348871436578e+00,0.000000000000000000e+00,0.000000000000000000e+00,-0.000000000000000000e+00,-0.000000000000000000e+00,-0.000000000000000000e+00,-1.211977508349964539e-01,-0.000000000000000000e+00,-0.000000000000000000e+00,-0.000000000000000000e+00,-0.000000000000000000e+00,0.000000000000000000e+00,-0.000000000000000000e+00,-0.000000000000000000e+00,-0.000000000000000000e+00,-1.097709049392199022e-02,0.000000000000000000e+00,-0.000000000000000000e+00,-0.000000000000000000e+00,0.000000000000000000e+00,-3.445120992306331398e-01,1.381681718303531120e-02,-2.348832639867069194e-01,-9.244206529283005569e-02
-0.000000000000000000e+00,-0.000000000000000000e+00,-0.000000000000000000e+00,0.000000000000000000e+00,-0.000000000000000000e+00,-0.000000000000000000e+00,0.000000000000000000e+00,5.074654743032835230e-02,-0.000000000000000000e+00,0.000000000000000000e+00,1.337239416705354511e+00,0.000000000000000000e+00,0.000000000000000000e+00,-0.000000000000000000e+00,-0.000000000000000000e+00,0.000000000000000000e+00,-5.881244283927804517e-01,-0.000000000000000000e+00,0.000000000000000000e+00,0.000000000000000000e+00,-0.000000000000000000e+00,0.000000000000000000e+00,0.000000000000000000e+00,-0.000000000000000000e+00,-0.000000000000000000e+00,-1.002620684606216929e-02,-0.000000000000000000e+00,-0.000000000000000000e+00,-0.000000000000000000e+00,-0.000000000000000000e+00,-0.000000000000000000e+00,-1.749359609769972901e-01,0.000000000000000000e+00,-0.000000000000000000e+00,-0.000000000000000000e+00,-0.000000000000000000e+00,-0.000000000000000000e+00,-1.725253698486252721e-02,0.000000000000000000e+00
0.000000000000000000e+00,0.000000000000000000e+00,-1.072520675173398996e-01,-0.000000000000000000e+00,-0.000000000000000000e+00,0.000000000000000000e+00,1.973553137517145006e-01,2.837419284967022601e-02,-0.000000000000000000e+00,-0.000000000000000000e+00,0.000000000000000000e+00,1.944819285711328227e+00,-0.000000000000000000e+00,-0.000000000000000000e+00,-1.799929251079425974e-01,-0.000000000000000000e+00,-1.430949691603967955e-01,-7.158999147653984929e-01,-5.030362883004385610e-01,-0.000000000000000000e+00,0.000000000000000000e+00,0.000000000000000000e+00,0.000000000000000000e+00,0.000000000000000000e+00,0.000000000000000000e+00,0.000000000000000000e+00,-0.000000000000000000e+00,0.000000000000000000e+00,0.000000000000000000e+00,0.000000000000000000e+00,0.000000000000000000e+00,-0.000000000000000000e+00,-0.000000000000000000e+00,-3.265260711465399757e-01,0.000000000000000000e+00,-0.000000000000000000e+00,0.000000000000000000e+00,0.000000000000000000e+00,-1.147461731156667331e-01
0.000000000000000000e+00,5.509492410865319822e-01,0.000000000000000000e+00,0.000000000000000000e+00,0.000000000000000000e+00,0.000000000000000000e+00,0.000000000000000000e+00,-2.330193876811083309e-02,-0.000000000000000000e+00,-0.000000000000000000e+00,0.000000000000000000e+00,-0.000000000000000000e+00,1.747020871494777916e+00,-0.000000000000000000e+00,-9.040023362606773583e-02,-0.000000000000000000e+00,-0.000000000000000000e+00,0.000000000000000000e+00,-0.000000000000000000e+00,-1.160487971896957855e-02,-0.000000000000000000e+00,-4.942623413709322511e-02,0.000000000000000000e+00,2.741957354183078774e-02,0.000000000000000000e+00,0.000000000000000000e+00,1.716723039384207838e-01,-0.000000000000000000e+00,-0.000000000000000000e+00,-0.000000000000000000e+00,0.000000000000000000e+00,0.000000000000000000e+00,-2.681029384117599168e-01,0.000000000000000000e+00,0.000000000000000000e+00,-0.000000000000000000e+00,2.467390043442175551e-01,-0.000000000000000000e+00,0.000000000000000000e+00
-0.000000000000000000e+00,-0.000000000000000000e+00,-0.000000000000000000e+00,0.000000000000000000e+00,-2.552447516201765149e-03,0.000000000000000000e+00,0.000000000000000000e+00,0.000000000000000000e+00,-1.214739498556434150e-01,-6.066570732764312718e-02,-0.000000000000000000e+00,-0.000000000000000000e+00,-0.000000000000000000e+00,1.754170839561997264e+00,-0.000000000000000000e+00,-3.322572593127305352e-01,-0.000000000000000000e+00,-0.000000000000000000e+00,-0.000000000000000000e+00,-0.000000000000000000e+00,0.000000000000000000e+00,-0.000000000000000000e+00,-1.979170711773901026e-01,0.000000000000000000e+00,-3.738539910114794251e-01,-3.677414125859402860e-01,-0.000000000000000000e+00,-0.000000000000000000e+00,-0.000000000000000000e+00,-0.000000000000000000e+00,-1.800764717333556419e-01,0.000000000000000000e+00,-0.000000000000000000e+00,-3.872179398655398175e-02,0.000000000000000000e+00,-0.000000000000000000e+00,0.000000000000000000e+00,-0.000000000000000000e+00,-1.182233754464478287e-01
-0.000000000000000000e+00,0.000000000000000000e+00,-5.567764599151514560e-01,0.000000000000000000e+00,-0.000000000000000000e+00,1.923764706757588872e-01,-0.000000000000000000e+00,0.000000000000000000e+00,-3.414163691058664379e-02,-0.000000000000000000e+00,-0.000000000000000000e+00,-1.799929251079425974e-01,-9.040023362606773583e-02,-0.000000000000000000e+00,2.581778650839963163e+00,-2.299349215053196060e-01,-0.000000000000000000e+00,0.000000000000000000e+00,-5.889832959845966442e-01,-3.669049439308658123e-01,-1.314389604682945738e-02,-6.440654431361474141e-02,0.000000000000000000e+00,8.503191889003559878e-02,-0.000000000000000000e+00,-0.000000000000000000e+00,0.000000000000000000e+00,-1.271402026075126312e-01,-0.000000000000000000e+00,-6.858222692031251677e-02,-5.210621789882712712e-02,0.000000000000000000e+00,-3.657840662689991196e-01,-0.000000000000000000e+00,0.000000000000000000e+00,-0.000000000000000000e+00,2.109480582784249436e-01,-1.764534329328434348e-01,-0.000000000000000000e+00
-1.435629003734545123e-03,0.000000000000000000e+00,-0.000000000000000000e+00,1.660465089037023168e-01,-0.000000000000000000e+00,0.000000000000000000e+00,-0.000000000000000000e+00,0.000000000000000000e+00,-1.220516979377765376e-01,-1.339370348871436578e+00,0.000000000000000000e+00,-0.000000000000000000e+00,-0.000000000000000000e+00,-3.322572593127305352e-01,-2.299349215053196060e-01,2.592120652339753306e+00,0.000000000000000000e+00,0.000000000000000000e+00,-0.000000000000000000e+00,-0.000000000000000000e+00,-2.904648268321257266e-03,-1.540275941372163115e-01,-0.000000000000000000e+00,-0.000000000000000000e+00,-0.000000000000000000e+00,-0.000000000000000000e+00,0.000000000000000000e+00,-0.000000000000000000e+00,-0.000000000000000000e+00,-3.329015926192440550e-02,-1.418702400795627816e-01,0.000000000000000000e+00,-2.367147696619200936e-01,-0.000000000000000000e+00,-0.000000000000000000e+00,-9.593944723190392376e-02,0.000000000000000000e+00,-1.670975214460401412e-02,-0.000000000000000000e+00
0.000000000000000000e+00,0.000000000000000000e+00,-1.117797200713248340e-01,-0.000000000000000000e+00,-0.000000000000000000e+00,0.000000000000000000e+00,0.000000000000000000e+00,0.000000000000000000e+00,-0.000000000000000000e+00,0.000000000000000000e+00,-5.881244283927804517e-01,-1.430949691603967955e-01,-0.000000000000000000e+00,-0.000000000000000000e+00,-0.000000000000000000e+00,0.000000000000000000e+00,1.422636827388181313e+00,-0.000000000000000000e+00,-0.000000000000000000e+00,0.000000000000000000e+00,-0.000000000000000000e+00,0.000000000000000000e+00,2.489251079200717753e-01,0.000000000000000000e+00,0.000000000000000000e+00,-0.000000000000000000e+00,-0.000000000000000000e+00,-0.000000000000000000e+00,0.000000000000000000e+00,-0.000000000000000000e+00,0.000000000000000000e+00,-2.195377287630993768e-01,0.000000000000000000e+00,-0.000000000000000000e+00,0.000000000000000000e+00,0.000000000000000000e+00,-0.000000000000000000e+00,-0.000000000000000000e+00,-0.000000000000000000e+00
0.000000000000000000e+00,-0.000000000000000000e+00,-0.000000000000000000e+00,-1.717430915411997105e-01,-0.000000000000000000e+00,-0.000000000000000000e+00,9.278933029047270464e-02,0.000000000000000000e+00,-0.000000000000000000e+00,0.000000000000000000e+00,-0.000000000000000000e+00,-7.158999147653984929e-01,0.000000000000000000e+00,-0.000000000000000000e+00,0.000000000000000000e+00,0.000000000000000000e+00,-0.000000000000000000e+00,1.706032105595180814e+00,-5.553156596855386359e-03,1.418912680207876920e-01,0.000000000000000000e+00,8.237575635289595688e-02,-0.000000000000000000e+00,-0.000000000000000000e+00,0.000000000000000000e+00,-0.000000000000000000e+00,-3.000892632073970390e-01,1.307400844755098601e-01,6.604068831109903559e-02,1.981733259596154314e-03,0.000000000000000000e+00,-9.670013674175891027e-02,0.000000000000000000e+00,-8.744333055444461489e-02,-0.000000000000000000e+00,-0.000000000000000000e+00,-0.000000000000000000e+00,1.095047703395015948e-01,-1.116773968383291508e-02
0.000000000000000000e+00,0.000000000000000000e+00,-1.591404703869449822e-01,-0.000000000000000000e+00,-0.000000000000000000e+00,0.000000000000000000e+00,0.000000000000000000e+00,0.000000000000000000e+00,-0.000000000000000000e+00,-0.000000000000000000e+00,0.000000000000000000e+00,-5.030362883004385610e-01,-0.000000000000000000e+00,-0.000000000000000000e+00,-5.889832959845966442e-01,-0.000000000000000000e+00,-0.000000000000000000e+00,-5.553156596855386359e-03,1.868466171276746968e+00,-0.000000000000000000e+00,-0.000000000000000000e+00,-0.000000000000000000e+00,-0.000000000000000000e+00,2.524041592074613982e-01,0.000000000000000000e+00,-0.000000000000000000e+00,-0.000000000000000000e+00,-0.000000000000000000e+00,-0.000000000000000000e+00,-0.000000000000000000e+00,-0.000000000000000000e+00,0.000000000000000000e+00,-1.722452991396759793e-03,-3.833724109096022792e-01,0.000000000000000000e+00,-0.000000000000000000e+00,0.000000000000000000e+00,-0.000000000000000000e+00,0.000000000000000000e+00
0.000000000000000000e+00,1.760625247621996903e-01,-0.000000000000000000e+00,-0.000000000000000000e+00,0.000000000000000000e+00,0.000000000000000000e+00,-4.043497332026503577e-02,0.000000000000000000e+00,0.000000000000000000e+00,-0.000000000000000000e+00,0.000000000000000000e+00,-0.000000000000000000e+00,-1.160487971896957855e-02,-0.000000000000000000e+00,-3.669049439308658123e-01,-0.000000000000000000e+00,0.000000000000000000e+00,1.418912680207876920e-01,-0.000000000000000000e+00,1.879894115257976450e+00,-0.000000000000000000e+00,-2.635042460546623277e-01,0.000000000000000000e+00,8.866705105845702761e-02,-0.000000000000000000e+00,0.000000000000000000e+00,2.769587479140028785e-01,-1.325730599093017104e-01,-3.139349983558566148e-02,-0.000000000000000000e+00,-0.000000000000000000e+00,0.000000000000000000e+00,-2.346854291276442572e-01,0.000000000000000000e+00,-0.000000000000000000e+00,-0.000000000000000000e+00,1.253299174855036502e-01,-0.000000000000000000e+00,0.000000000000000000e+00
-1.293571326472181260e-01,0.000000000000000000e+00,-0.000000000000000000e+00,8.657415411436400476e-02,0.000000000000000000e+00,2.795001935524255576e-01,0.000000000000000000e+00,0.000000000000000000e+00,-0.000000000000000000e+00,-0.000000000000000000e+00,-0.000000000000000000e+00,0.000000000000000000e+00,-0.000000000000000000e+00,0.000000000000000000e+00,-1.314389604682945738e-02,-2.904648268321257266e-03,-0.000000000000000000e+00,0.000000000000000000e+00,-0.000000000000000000e+00,-0.000000000000000000e+00,1.392186522648095837e+00,-2.504949408134937161e-01,0.000000000000000000e+00,0.000000000000000000e+00,0.000000000000000000e+00,-0.000000000000000000e+00,0.000000000000000000e+00,-3.021220608115307571e-01,-0.000000000000000000e+00,-0.000000000000000000e+00,-0.000000000000000000e+00,0.000000000000000000e+00,-0.000000000000000000e+00,0.000000000000000000e+00,-0.000000000000000000e+00,0.000000000000000000e+00,0.000000000000000000e+00,-0.000000000000000000e+00,0.000000000000000000e+00
-0.000000000000000000e+00,6.201979458337258944e-02,-0.000000000000000000e+00,0.000000000000000000e+00,0.000000000000000000e+00,0.000000000000000000e+00,-1.084351525548575973e-01,-0.000000000000000000e+00,-0.000000000000000000e+00,-1.211977508349964539e-01,0.000000000000000000e+00,0.000000000000000000e+00,-4.942623413709322511e-02,-0.000000000000000000e+00,-6.440654431361474141e-02,-1.540275941372163115e-01,0.000000000000000000e+00,8.237575635289595688e-02,-0.000000000000000000e+00,-2.635042460546623277e-01,-2.504949408134937161e-01,2.109240928758575162e+00,0.000000000000000000e+00,0.000000000000000000e+00,0.000000000000000000e+00,0.000000000000000000e+00,1.325762674563351062e-01,-0.000000000000000000e+00,-0.000000000000000000e+00,-0.000000000000000000e+00,-0.000000000000000000e+00,0.000000000000000000e+00,-7.781835500743172762e-01,-0.000000000000000000e+00,-0.000000000000000000e+00,-0.000000000000000000e+00,1.572588904404567667e-01,-0.000000000000000000e+00,0.000000000000000000e+00
-3.467518455953887656e-03,-0.000000000000000000e+00,0.000000000000000000e+00,0.000000000000000000e+00,-0.000000000000000000e+00,-2.431756108619452794e-01,0.000000000000000000e+00,-0.000000000000000000e+00,-1.706020825068414459e-01,-0.000000000000000000e+00,0.000000000000000000e+00,0.000000000000000000e+00,0.000000000000000000e+00,-1.979170711773901026e-01,0.000000000000000000e+00,-0.000000000000000000e+00,2.489251079200717753e-01,-0.000000000000000000e+00,-0.000000000000000000e+00,0.000000000000000000e+00,0.000000000000000000e+00,0.000000000000000000e+00,1.689985348264777532e+00,-2.288332033753439354e-01,-4.356072819446494826e-01,-0.000000000000000000e+00,-0.000000000000000000e+00,0.000000000000000000e+00,-1.028980912038624101e-01,0.000000000000000000e+00,-2.294562557354065391e-01,-0.000000000000000000e+00,-0.000000000000000000e+00,-0.000000000000000000e+00,-2.680861046793522884e-01,-0.000000000000000000e+00,-0.000000000000000000e+00,-0.000000000000000000e+00,-0.000000000000000000e+00
-0.000000000000000000e+00,-1.592127758338660326e-01,6.733321451938696633e-02,0.000000000000000000e+00,-0.000000000000000000e+00,-0.000000000000000000e+00,6.631106218939186725e-02,0.000000000000000000e+00,-0.000000000000000000e+00,-0.000000000000000000e+00,-0.000000000000000000e+00,0.000000000000000000e+00,2.741957354183078774e-02,0.000000000000000000e+00,8.503191889003559878e-02,-0.000000000000000000e+00,0.000000000000000000e+00,-0.000000000000000000e+00,2.524041592074613982e-01,8.866705105845702761e-02,0.000000000000000000e+00,0.000000000000000000e+00,-2.288332033753439354e-01,1.519194127382448745e+00,-1.833112920620998121e-01,-0.000000000000000000e+00,-0.000000000000000000e+00,0.000000000000000000e+00,-0.000000000000000000e+00,0.000000000000000000e+00,-0.000000000000000000e+00,-0.000000000000000000e+00,1.603164583508941698e-01,0.000000000000000000e+00,-0.000000000000000000e+00,0.000000000000000000e+00,-2.586041482656990520e-01,0.000000000000000000e+00,-0.000000000000000000e+00
-0.000000000000000000e+00,-0.000000000000000000e+00,0.000000000000000000e+00,0.000000000000000000e+00,-0.000000000000000000e+00,-2.276225902125045622e-02,0.000000000000000000e+00,0.000000000000000000e+00,-5.681912245034855674e-02,-0.000000000000000000e+00,-0.000000000000000000e+00,0.000000000000000000e+00,0.000000000000000000e+00,-3.738539910114794251e-01,-0.000000000000000000e+00,-0.000000000000000000e+00,0.000000000000000000e+00,0.000000000000000000e+00,0.000000000000000000e+00,-0.000000000000000000e+00,0.000000000000000000e+00,0.000000000000000000e+00,-4.356072819446494826e-01,-1.833112920620998121e-01,1.536859196612432532e+00,-4.246685003627502508e-02,-0.000000000000000000e+00,-0.000000000000000000e+00,-2.753849547106147488e-01,-0.000000000000000000e+00,-0.000000000000000000e+00,-0.000000000000000000e+00,0.000000000000000000e+00,-0.000000000000000000e+00,-0.000000000000000000e+00,0.000000000000000000e+00,-0.000000000000000000e+00,-0.000000000000000000e+00,-0.000000000000000000e+00
-1.297656885953477890e-01,-4.385343419281176325e-02,-5.234856779606901489e-02,0.000000000000000000e+00,-3.937515493799265132e-01,-0.000000000000000000e+00,0.000000000000000000e+00,1.083591513280942747e-01,-3.261945267816444005e-01,-0.000000000000000000e+00,-1.002620684606216929e-02,0.000000000000000000e+00,0.000000000000000000e+00,-3.677414125859402860e-01,-0.000000000000000000e+00,-0.000000000000000000e+00,-0.000000000000000000e+00,-0.000000000000000000e+00,-0.000000000000000000e+00,0.000000000000000000e+00,-0.000000000000000000e+00,0.000000000000000000e+00,-0.000000000000000000e+00,-0.000000000000000000e+00,-4.246685003627502508e-02,1.893409529072492603e+00,-3.654069344504606298e-01,-0.000000000000000000e+00,-0.000000000000000000e+00,-0.000000000000000000e+00,-5.081371439843862525e-02,-0.000000000000000000e+00,0.000000000000000000e+00,-0.000000000000000000e+00,0.000000000000000000e+00,-0.000000000000000000e+00,-0.000000000000000000e+00,-1.980368379872111950e-01,-0.000000000000000000e+00
-0.000000000000000000e+00,-3.317138944864097549e-01,-0.000000000000000000e+00,-0.000000000000000000e+00,-1.714771732927896641e-01,-0.000000000000000000e+00,0.000000000000000000e+00,1.549657843074150054e-01,-0.000000000000000000e+00,0.000000000000000000e+00,-0.000000000000000000e+00,-0.000000000000000000e+00,1.716723039384207838e-01,-0.000000000000000000e+00,0.000000000000000000e+00,0.000000000000000000e+00,-0.000000000000000000e+00,-3.000892632073970390e-01,-0.000000000000000000e+00,2.769587479140028785e-01,0.000000000000000000e+00,1.325762674563351062e-01,-0.000000000000000000e+00,-0.000000000000000000e+00,-0.000000000000000000e+00,-3.654069344504606298e-01,2.167505781695438838e+00,7.219017990371570659e-03,0.000000000000000000e+00,0.000000000000000000e+00,0.000000000000000000e+00,-4.139006107032745518e-01,5.867590213710262986e-02,-4.917331124957732141e-02,-0.000000000000000000e+00,-0.000000000000000000e+00,-3.482702577009053752e-02,-0.000000000000000000e+00,-1.839216798548491683e-01
-0.000000000000000000e+00,3.303725298893693541e-02,-3.830025062187628060e-01,2.362526414729963775e-01,3.970593733977315076e-02,2.065710411837196614e-01,-0.000000000000000000e+00,0.000000000000000000e+00,0.000000000000000000e+00,-0.000000000000000000e+00,-0.000000000000000000e+00,0.000000000000000000e+00,-0.000000000000000000e+00,-0.000000000000000000e+00,-1.271402026075126312e-01,-0.000000000000000000e+00,-0.000000000000000000e+00,1.307400844755098601e-01,-0.000000000000000000e+00,-1.325730599093017104e-01,-3.021220608115307571e-01,-0.000000000000000000e+00,0.000000000000000000e+00,0.000000000000000000e+00,-0.000000000000000000e+00,-0.000000000000000000e+00,7.219017990371570659e-03,1.990214001527169208e+00,-3.146111200850046363e-01,-4.216198263388712397e-02,-9.198531253021162424e-02,0.000000000000000000e+00,-3.893361574875449094e-01,0.000000000000000000e+00,-0.000000000000000000e+00,0.000000000000000000e+00,0.000000000000000000e+00,-0.000000000000000000e+00,0.000000000000000000e+00
-1.979907881363821009e-01,0.000000000000000000e+00,-0.000000000000000000e+00,6.576273551352526670e-02,0.000000000000000000e+00,-0.000000000000000000e+00,0.000000000000000000e+00,0.000000000000000000e+00,-0.000000000000000000e+00,-0.000000000000000000e+00,-0.000000000000000000e+00,0.000000000000000000e+00,-0.000000000000000000e+00,-0.000000000000000000e+00,-0.000000000000000000e+00,-0.000000000000000000e+00,0.000000000000000000e+00,6.604068831109903559e-02,-0.000000000000000000e+00,-3.139349983558566148e-02,-0.000000000000000000e+00,-0.000000000000000000e+00,-1.028980912038624101e-01,-0.000000000000000000e+00,-2.753849547106147488e-01,-0.000000000000000000e+00,0.000000000000000000e+00,-3.146111200850046363e-01,1.431933109233671786e+00,-0.000000000000000000e+00,-2.632206898059981093e-01,0.000000000000000000e+00,-0.000000000000000000e+00,0.000000000000000000e+00,-9.945632697271399036e-02,-0.000000000000000000e+00,0.000000000000000000e+00,-0.000000000000000000e+00,0.000000000000000000e+00
-0.000000000000000000e+00,0.000000000000000000e+00,-0.000000000000000000e+00,2.098587722807316591e-01,-0.000000000000000000e+00,1.061391113288864402e-01,0.000000000000000000e+00,-0.000000000000000000e+00,-1.009108940971593510e-01,-0.000000000000000000e+00,-0.000000000000000000e+00,0.000000000000000000e+00,-0.000000000000000000e+00,-0.000000000000000000e+00,-6.858222692031251677e-02,-3.329015926192440550e-02,-0.000000000000000000e+00,1.981733259596154314e-03,-0.000000000000000000e+00,-0.000000000000000000e+00,-0.000000000000000000e+00,-0.000000000000000000e+00,0.000000000000000000e+00,0.000000000000000000e+00,-0.000000000000000000e+00,-0.000000000000000000e+00,0.000000000000000000e+00,-4.216198263388712397e-02,-0.000000000000000000e+00,1.177036969178060000e+00,-5.572519824430965940e-02,0.000000000000000000e+00,-8.219115831494870628e-02,-0.000000000000000000e+00,2.751568937166726930e-02,-0.000000000000000000e+00,0.000000000000000000e+00,-0.000000000000000000e+00,-0.000000000000000000e+00
-1.576579214495634762e-01,0.000000000000000000e+00,-2.683143310667575054e-01,2.512816175411610939e-02,-0.000000000000000000e+00,0.000000000000000000e+00,-0.000000000000000000e+00,4.423179136685972609e-03,-1.692948651717809949e-01,-1.097709049392199022e-02,-0.000000000000000000e+00,0.000000000000000000e+00,0.000000000000000000e+00,-1.800764717333556419e-01,-5.210621789882712712e-02,-1.418702400795627816e-01,0.000000000000000000e+00,0.000000000000000000e+00,-0.000000000000000000e+00,-0.000000000000000000e+00,-0.000000000000000000e+00,-0.000000000000000000e+00,-2.294562557354065391e-01,-0.000000000000000000e+00,-0.000000000000000000e+00,-5.081371439843862525e-02,0.000000000000000000e+00,-9.198531253021162424e-02,-2.632206898059981093e-01,-5.572519824430965940e-02,1.619707267865529543e+00,0.000000000000000000e+00,-5.590838416057875536e-03,-0.000000000000000000e+00,-0.000000000000000000e+00,-0.000000000000000000e+00,0.000000000000000000e+00,-0.000000000000000000e+00,-0.000000000000000000e+00
0.000000000000000000e+00,-1.292681492173603300e-02,-0.000000000000000000e+00,-0.000000000000000000e+00,-0.000000000000000000e+00,-9.433373526060713499e-02,3.134716011912641598e-02,3.138240741318509830e-01,-0.000000000000000000e+00,0.000000000000000000e+00,-1.749359609769972901e-01,-0.000000000000000000e+00,0.000000000000000000e+00,0.000000000000000000e+00,0.000000000000000000e+00,0.000000000000000000e+00,-2.195377287630993768e-01,-9.670013674175891027e-02,0.000000000000000000e+00,0.000000000000000000e+00,0.000000000000000000e+00,0.000000000000000000e+00,-0.000000000000000000e+00,-0.000000000000000000e+00,-0.000000000000000000e+00,-0.000000000000000000e+00,-4.139006107032745518e-01,0.000000000000000000e+00,0.000000000000000000e+00,0.000000000000000000e+00,0.000000000000000000e+00,2.145949931134667032e+00,1.786387338370306888e-01,-0.000000000000000000e+00,-5.182833510949821053e-03,0.000000000000000000e+00,-8.734490975540408764e-01,0.000000000000000000e+00,-0.000000000000000000e+00
-0.000000000000000000e+00,3.834286311906298095e-01,-0.000000000000000000e+00,0.000000000000000000e+00,0.000000000000000000e+00,2.180117997076292946e-01,-0.000000000000000000e+00,-0.000000000000000000e+00,-0.000000000000000000e+00,-0.000000000000000000e+00,0.000000000000000000e+00,-0.000000000000000000e+00,-2.681029384117599168e-01,-0.000000000000000000e+00,-3.657840662689991196e-01,-2.367147696619200936e-01,0.000000000000000000e+00,0.000000000000000000e+00,-1.722452991396759793e-03,-2.346854291276442572e-01,-0.000000000000000000e+00,-7.781835500743172762e-01,-0.000000000000000000e+00,1.603164583508941698e-01,0.000000000000000000e+00,0.000000000000000000e+00,5.867590213710262986e-02,-3.893361574875449094e-01,-0.000000000000000000e+00,-8.219115831494870628e-02,-5.590838416057875536e-03,1.786387338370306888e-01,2.992350237194680407e+00,-0.000000000000000000e+00,0.000000000000000000e+00,-0.000000000000000000e+00,2.200392281004968642e-01,-0.000000000000000000e+00,0.000000000000000000e+00
-0.000000000000000000e+00,-0.000000000000000000e+00,-0.000000000000000000e+00,0.000000000000000000e+00,-8.864621909858969584e-01,0.000000000000000000e+00,0.000000000000000000e+00,0.000000000000000000e+00,-3.145646551625467802e-01,-0.000000000000000000e+00,-0.000000000000000000e+00,-3.265260711465399757e-01,0.000000000000000000e+00,-3.872179398655398175e-02,-0.000000000000000000e+00,-0.000000000000000000e+00,-0.000000000000000000e+00,-8.744333055444461489e-02,-3.833724109096022792e-01,0.000000000000000000e+00,0.000000000000000000e+00,-0.000000000000000000e+00,-0.000000000000000000e+00,0.000000000000000000e+00,-0.000000000000000000e+00,-0.000000000000000000e+00,-4.917331124957732141e-02,0.000000000000000000e+00,0.000000000000000000e+00,-0.000000000000000000e+00,-0.000000000000000000e+00,-0.000000000000000000e+00,-0.000000000000000000e+00,2.126758333979231530e+00,0.000000000000000000e+00,-9.203803203590624205e-02,0.000000000000000000e+00,-0.000000000000000000e+00,-6.315633877878371050e-02
-0.000000000000000000e+00,-0.000000000000000000e+00,-0.000000000000000000e+00,-0.000000000000000000e+00,0.000000000000000000e+00,-2.368239106225769885e-01,-1.145489019301324657e-02,0.000000000000000000e+00,0.000000000000000000e+00,0.000000000000000000e+00,-0.000000000000000000e+00,0.000000000000000000e+00,0.000000000000000000e+00,0.000000000000000000e+00,0.000000000000000000e+00,-0.000000000000000000e+00,0.000000000000000000e+00,-0.000000000000000000e+00,0.000000000000000000e+00,-0.000000000000000000e+00,-0.000000000000000000e+00,-0.000000000000000000e+00,-2.680861046793522884e-01,-0.000000000000000000e+00,-0.000000000000000000e+00,0.000000000000000000e+00,-0.000000000000000000e+00,-0.000000000000000000e+00,-9.945632697271399036e-02,2.751568937166726930e-02,-0.000000000000000000e+00,-5.182833510949821053e-03,0.000000000000000000e+00,0.000000000000000000e+00,1.291282010328236307e+00,-0.000000000000000000e+00,-3.025248245871147157e-01,0.000000000000000000e+00,-0.000000000000000000e+00
-1.506023752468441945e-01,-0.000000000000000000e+00,-0.000000000000000000e+00,-0.000000000000000000e+00,-1.887350020291073127e-01,-0.000000000000000000e+00,-0.000000000000000000e+00,0.000000000000000000e+00,-7.550514200583809121e-02,-3.445120992306331398e-01,-0.000000000000000000e+00,-0.000000000000000000e+00,-0.000000000000000000e+00,-0.000000000000000000e+00,-0.000000000000000000e+00,-9.593944723190392376e-02,0.000000000000000000e+00,-0.000000000000000000e+00,-0.000000000000000000e+00,-0.000000000000000000e+00,0.000000000000000000e+00,-0.000000000000000000e+00,-0.000000000000000000e+00,0.000000000000000000e+00,0.000000000000000000e+00,-0.000000000000000000e+00,-0.000000000000000000e+00,0.000000000000000000e+00,-0.000000000000000000e+00,-0.000000000000000000e+00,-0.000000000000000000e+00,0.000000000000000000e+00,-0.000000000000000000e+00,-9.203803203590624205e-02,-0.000000000000000000e+00,1.428913177858852857e+00,0.000000000000000000e+00,-6.043086331406955641e-02,-1.512606776722952295e-01
-0.000000000000000000e+00,-4.051289380801282869e-01,0.000000000000000000e+00,-0.000000000000000000e+00,-0.000000000000000000e+00,-6.295029176942222582e-02,0.000000000000000000e+00,2.541617501813861479e-02,0.000000000000000000e+00,1.381681718303531120e-02,-0.000000000000000000e+00,0.000000000000000000e+00,2.467390043442175551e-01,0.000000000000000000e+00,2.109480582784249436e-01,0.000000000000000000e+00,-0.000000000000000000e+00,-0.000000000000000000e+00,0.000000000000000000e+00,1.253299174855036502e-01,0.000000000000000000e+00,1.572588904404567667e-01,-0.000000000000000000e+00,-2.586041482656990520e-01,-0.000000000000000000e+00,-0.000000000000000000e+00,-3.482702577009053752e-02,0.000000000000000000e+00,0.000000000000000000e+00,0.000000000000000000e+00,0.000000000000000000e+00,-8.734490975540408764e-01,2.200392281004968642e-01,0.000000000000000000e+00,-3.025248245871147157e-01,0.000000000000000000e+00,2.581307680418853945e+00,0.000000000000000000e+00,-0.000000000000000000e+00
-3.935165403776014759e-01,-0.000000000000000000e+00,-0.000000000000000000e+00,2.141756657464712332e-01,-9.927036113832136965e-02,0.000000000000000000e+00,-0.000000000000000000e+00,0.000000000000000000e+00,-4.198130160259231358e-01,-2.348832639867069194e-01,-1.725253698486252721e-02,0.000000000000000000e+00,-0.000000000000000000e+00,-0.000000000000000000e+00,-1.764534329328434348e-01,-1.670975214460401412e-02,-0.000000000000000000e+00,1.095047703395015948e-01,-0.000000000000000000e+00,-0.000000000000000000e+00,-0.000000000000000000e+00,-0.000000000000000000e+00,-0.000000000000000000e+00,0.000000000000000000e+00,-0.000000000000000000e+00,-1.980368379872111950e-01,-0.000000000000000000e+00,-0.000000000000000000e+00,-0.000000000000000000e+00,-0.000000000000000000e+00,-0.000000000000000000e+00,0.000000000000000000e+00,-0.000000000000000000e+00,-0.000000000000000000e+00,0.000000000000000000e+00,-6.043086331406955641e-02,0.000000000000000000e+00,1.789632031593295425e+00,-0.000000000000000000e+00
-0.000000000000000000e+00,-3.294358752315411087e-01,-0.000000000000000000e+00,0.000000000000000000e+00,-1.092121630067384441e-01,-0.000000000000000000e+00,0.000000000000000000e+00,0.000000000000000000e+00,-1.784742368555368164e-01,-9.244206529283005569e-02,0.000000000000000000e+00,-1.147461731156667331e-01,0.000000000000000000e+00,-1.182233754464478287e-01,-0.000000000000000000e+00,-0.000000000000000000e+00,-0.000000000000000000e+00,-1.116773968383291508e-02,0.000000000000000000e+00,0.000000000000000000e+00,0.000000000000000000e+00,0.000000000000000000e+00,-0.000000000000000000e+00,-0.000000000000000000e+00,-0.000000000000000000e+00,-0.000000000000000000e+00,-1.839216798548491683e-01,0.000000000000000000e+00,0.000000000000000000e+00,-0.000000000000000000e+00,-0.000000000000000000e+00,-0.000000000000000000e+00,0.000000000000000000e+00,-6.315633877878371050e-02,-0.000000000000000000e+00,-1.512606776722952295e-01,-0.000000000000000000e+00,-0.000000000000000000e+00,1.441169532521325847e+00
