2.545077858629928524e+00,-1.070628259644201385e+00,-0.000000000000000000e+00,-0.000000000000000000e+00,-0.000000000000000000e+00,-0.000000000000000000e+00,-0.000000000000000000e+00,-0.000000000000000000e+00,-0.000000000000000000e+00,-1.659863208443485005e-01,-0.000000000000000000e+00,0.000000000000000000e+00,0.000000000000000000e+00,-7.042783831134709349e-02,-3.309003476290809341e-03,-4.454669076330057820e-01,-8.654323672499376896e-02,-0.000000000000000000e+00,-0.000000000000000000e+00,-0.000000000000000000e+00,-0.000000000000000000e+00,-0.000000000000000000e+00,-0.000000000000000000e+00,0.000000000000000000e+00,-0.000000000000000000e+00,-0.000000000000000000e+00,0.000000000000000000e+00,-6.543989356694508708e-02,-3.754078141701176485e-01,-2.103962437961761633e-01,-0.000000000000000000e+00,-0.000000000000000000e+00,-1.059718144968801040e-01,-0.000000000000000000e+00,-0.000000000000000000e+00,-0.000000000000000000e+00,-0.000000000000000000e+00,-0.000000000000000000e+00,-0.000000000000000000e+00
-1.070628259644201385e+00,2.081574313877605942e+00,-0.000000000000000000e+00,-0.000000000000000000e+00,-0.000000000000000000e+00,-5.456219752059762729e-02,-0.000000000000000000e+00,0.000000000000000000e+00,-0.000000000000000000e+00,-9.772415745949124266e-02,-0.000000000000000000e+00,0.000000000000000000e+00,0.000000000000000000e+00,-2.873662134589559467e-03,-0.000000000000000000e+00,-5.002952657495451233e-02,-1.018747865696015276e-01,-0.000000000000000000e+00,-0.000000000000000000e+00,-0.000000000000000000e+00,0.000000000000000000e+00,-0.000000000000000000e+00,-1.388450674425011772e-02,0.000000000000000000e+00,-2.029378841079861606e-01,-0.000000000000000000e+00,-0.000000000000000000e+00,-0.000000000000000000e+00,-0.000000000000000000e+00,-0.000000000000000000e+00,-0.000000000000000000e+00,-0.000000000000000000e+00,-0.000000000000000000e+00,-0.000000000000000000e+00,-0.000000000000000000e+00,-1.447247398742485258e-01,-0.000000000000000000e+00,-1.771472031006191550e-01,-1.087867126333475279e-02
-0.000000000000000000e+00,-0.000000000000000000e+00,2.796215363869821946e+00,0.000000000000000000e+00,-7.916644287526394264e-01,0.000000000000000000e+00,-1.295342888854745800e-01,4.066691696266465650e-01,-2.622146758034926139e-01,-0.000000000000000000e+00,0.000000000000000000e+00,-0.000000000000000000e+00,3.926745788615013111e-01,-1.104776389471348735e-01,0.000000000000000000e+00,-0.000000000000000000e+00,-0.000000000000000000e+00,-0.000000000000000000e+00,-5.580233636423270749e-02,0.000000000000000000e+00,-9.870322694008219766e-02,-0.000000000000000000e+00,-1.119698705927473920e-01,-0.000000000000000000e+00,-0.000000000000000000e+00,-0.000000000000000000e+00,-0.000000000000000000e+00,-0.000000000000000000e+00,-0.000000000000000000e+00,-0.000000000000000000e+00,-3.741590952972666528e-01,-0.000000000000000000e+00,-0.000000000000000000e+00,-4.915828122970685721e-01,0.000000000000000000e+00,-0.000000000000000000e+00,-0.000000000000000000e+00,0.000000000000000000e+00,-0.000000000000000000e+00
-0.000000000000000000e+00,-0.000000000000000000e+00,0.000000000000000000e+00,1.198003401958917635e+00,-0.000000000000000000e+00,-0.000000000000000000e+00,-2.917224396807120979e-01,-0.000000000000000000e+00,0.000000000000000000e+00,-0.000000000000000000e+00,0.000000000000000000e+00,-0.000000000000000000e+00,-0.000000000000000000e+00,0.000000000000000000e+00,-0.000000000000000000e+00,-4.311364192732597411e-02,-0.000000000000000000e+00,-1.900235500525085663e-01,-3.952283258396100535e-02,-6.658958925329885870e-02,-0.000000000000000000e+00,-0.000000000000000000e+00,-0.000000000000000000e+00,0.000000000000000000e+00,-0.000000000000000000e+00,-0.000000000000000000e+00,0.000000000000000000e+00,-0.000000000000000000e+00,-0.000000000000000000e+00,-0.000000000000000000e+00,5.495714012045156693e-02,2.093088693118089205e-01,-0.000000000000000000e+00,0.000000000000000000e+00,-0.000000000000000000e+00,0.000000000000000000e+00,0.000000000000000000e+00,-0.000000000000000000e+00,0.000000000000000000e+00
-0.000000000000000000e+00,-0.000000000000000000e+00,-7.916644287526394264e-01,-0.000000000000000000e+00,2.496643985504522156e+00,0.000000000000000000e+00,-1.138884406372980551e-01,2.135130533301705658e-01,-1.536883817657093976e-01,-1.249532124008205097e-01,0.000000000000000000e+00,-1.790859520520024506e-02,0.000000000000000000e+00,-0.000000000000000000e+00,-0.000000000000000000e+00,-2.264267001169296620e-02,-0.000000000000000000e+00,-2.850737108889568883e-01,-5.856527093370846870e-01,-0.000000000000000000e+00,-0.000000000000000000e+00,-0.000000000000000000e+00,-0.000000000000000000e+00,-0.000000000000000000e+00,-0.000000000000000000e+00,-0.000000000000000000e+00,0.000000000000000000e+00,-0.000000000000000000e+00,-0.000000000000000000e+00,-0.000000000000000000e+00,-0.000000000000000000e+00,-0.000000000000000000e+00,-0.000000000000000000e+00,-3.231198890800665025e-01,0.000000000000000000e+00,0.000000000000000000e+00,-0.000000000000000000e+00,-0.000000000000000000e+00,-0.000000000000000000e+00
-0.000000000000000000e+00,-5.456219752059762729e-02,0.000000000000000000e+00,-0.000000000000000000e+00,0.000000000000000000e+00,1.739093758450890537e+00,-0.000000000000000000e+00,-0.000000000000000000e+00,0.000000000000000000e+00,-0.000000000000000000e+00,-6.776044912043802659e-01,2.340625575851932802e-02,0.000000000000000000e+00,-0.000000000000000000e+00,0.000000000000000000e+00,-0.000000000000000000e+00,-4.686578713739456559e-01,0.000000000000000000e+00,-0.000000000000000000e+00,-0.000000000000000000e+00,7.399717567075547731e-02,-0.000000000000000000e+00,-2.792205706646632216e-02,0.000000000000000000e+00,-0.000000000000000000e+00,-0.000000000000000000e+00,-0.000000000000000000e+00,0.000000000000000000e+00,0.000000000000000000e+00,0.000000000000000000e+00,-0.000000000000000000e+00,-0.000000000000000000e+00,-0.000000000000000000e+00,0.000000000000000000e+00,-0.000000000000000000e+00,-0.000000000000000000e+00,-2.467029856102740948e-01,-0.000000000000000000e+00,-0.000000000000000000e+00
-0.000000000000000000e+00,-0.000000000000000000e+00,-1.295342888854745800e-01,-2.917224396807120979e-01,-1.138884406372980551e-01,-0.000000000000000000e+00,1.423220568773948536e+00,0.000000000000000000e+00,0.000000000000000000e+00,-0.000000000000000000e+00,-0.000000000000000000e+00,0.000000000000000000e+00,0.000000000000000000e+00,-0.000000000000000000e+00,0.000000000000000000e+00,-0.000000000000000000e+00,-0.000000000000000000e+00,-3.848032475740956887e-02,-4.736232620099931068e-01,-0.000000000000000000e+00,0.000000000000000000e+00,-4.086753279128671479e-02,-0.000000000000000000e+00,-0.000000000000000000e+00,0.000000000000000000e+00,0.000000000000000000e+00,0.000000000000000000e+00,-0.000000000000000000e+00,0.000000000000000000e+00,-0.000000000000000000e+00,-0.000000000000000000e+00,0.000000000000000000e+00,-0.000000000000000000e+00,-0.000000000000000000e+00,0.000000000000000000e+00,0.000000000000000000e+00,0.000000000000000000e+00,0.000000000000000000e+00,0.000000000000000000e+00
-0.000000000000000000e+00,0.000000000000000000e+00,4.066691696266465650e-01,-0.000000000000000000e+00,2.135130533301705658e-01,-0.000000000000000000e+00,0.000000000000000000e+00,1.580031116756241749e+00,1.851442227249759827e-03,0.000000000000000000e+00,-0.000000000000000000e+00,0.000000000000000000e+00,-0.000000000000000000e+00,0.000000000000000000e+00,-0.000000000000000000e+00,0.000000000000000000e+00,-0.000000000000000000e+00,0.000000000000000000e+00,0.000000000000000000e+00,-3.694928897675700541e-01,-0.000000000000000000e+00,-3.922779922450471690e-01,0.000000000000000000e+00,1.165782996571882446e-01,8.682784702553342226e-02,-0.000000000000000000e+00,-0.000000000000000000e+00,-0.000000000000000000e+00,0.000000000000000000e+00,0.000000000000000000e+00,0.000000000000000000e+00,0.000000000000000000e+00,-0.000000000000000000e+00,9.282043127152143913e-02,-0.000000000000000000e+00,0.000000000000000000e+00,0.000000000000000000e+00,-0.000000000000000000e+00,0.000000000000000000e+00
-0.000000000000000000e+00,-0.000000000000000000e+00,-2.622146758034926139e-01,0.000000000000000000e+00,-1.536883817657093976e-01,0.000000000000000000e+00,0.000000000000000000e+00,1.851442227249759827e-03,2.592226397127491033e+00,-2.593651883480722065e-01,0.000000000000000000e+00,-2.301091948501315376e-01,1.082580417986965804e-01,-0.000000000000000000e+00,-0.000000000000000000e+00,-0.000000000000000000e+00,0.000000000000000000e+00,-0.000000000000000000e+00,-0.000000000000000000e+00,0.000000000000000000e+00,-0.000000000000000000e+00,-0.000000000000000000e+00,-2.126847115906788099e-02,-6.502300282986647490e-04,-7.748858292713134421e-02,-0.000000000000000000e+00,-0.000000000000000000e+00,-2.412722069995362761e-02,-0.000000000000000000e+00,-2.460232373698461872e-01,-4.913012970677291258e-02,-0.000000000000000000e+00,-0.000000000000000000e+00,-7.568999759237153846e-01,0.000000000000000000e+00,-0.000000000000000000e+00,-0.000000000000000000e+00,-0.000000000000000000e+00,-5.619953037190491552e-01
-1.659863208443485005e-01,-9.772415745949124266e-02,-0.000000000000000000e+00,-0.000000000000000000e+00,-1.249532124008205097e-01,-0.000000000000000000e+00,-0.000000000000000000e+00,0.000000000000000000e+00,-2.593651883480722065e-01,2.740821292559122213e+00,0.000000000000000000e+00,-0.000000000000000000e+00,1.822118108218886284e-02,-1.519279635359070679e-01,-0.000000000000000000e+00,-9.388739079050051339e-01,-0.000000000000000000e+00,-0.000000000000000000e+00,-0.000000000000000000e+00,-0.000000000000000000e+00,-0.000000000000000000e+00,-0.000000000000000000e+00,-0.000000000000000000e+00,-0.000000000000000000e+00,-4.141374406321802759e-01,-0.000000000000000000e+00,-0.000000000000000000e+00,-2.690651799469871430e-01,-1.478449534587476522e-01,-2.431635531241105042e-01,-0.000000000000000000e+00,-0.000000000000000000e+00,-0.000000000000000000e+00,-0.000000000000000000e+00,-0.000000000000000000e+00,-0.000000000000000000e+00,-0.000000000000000000e+00,-0.000000000000000000e+00,-1.213697124685948064e-01
-0.000000000000000000e+00,-0.000000000000000000e+00,0.000000000000000000e+00,0.000000000000000000e+00,0.000000000000000000e+00,-6.776044912043802659e-01,-0.000000000000000000e+00,-0.000000000000000000e+00,0.000000000000000000e+00,0.000000000000000000e+00,1.830006064412351918e+00,0.000000000000000000e+00,0.000000000000000000e+00,-0.000000000000000000e+00,1.249278069503563654e-01,0.000000000000000000e+00,-5.342797540394811362e-01,3.920431304825520297e-02,0.000000000000000000e+00,0.000000000000000000e+00,0.000000000000000000e+00,-0.000000000000000000e+00,-8.380609668265692758e-02,0.000000000000000000e+00,0.000000000000000000e+00,0.000000000000000000e+00,-1.779480828333750153e-01,0.000000000000000000e+00,0.000000000000000000e+00,1.438114971727645075e-01,-0.000000000000000000e+00,-1.815122322710154001e-01,-0.000000000000000000e+00,0.000000000000000000e+00,0.000000000000000000e+00,-1.211635792477760432e-01,-0.000000000000000000e+00,0.000000000000000000e+00,-0.000000000000000000e+00
0.000000000000000000e+00,0.000000000000000000e+00,-0.000000000000000000e+00,-0.000000000000000000e+00,-1.790859520520024506e-02,2.340625575851932802e-02,0.000000000000000000e+00,0.000000000000000000e+00,-2.301091948501315376e-01,-0.000000000000000000e+00,0.000000000000000000e+00,1.408795869874694962e+00,9.528938620973942397e-02,-0.000000000000000000e+00,-0.000000000000000000e+00,0.000000000000000000e+00,0.000000000000000000e+00,-1.138908700653142730e-01,-0.000000000000000000e+00,0.000000000000000000e+00,-0.000000000000000000e+00,-0.000000000000000000e+00,-0.000000000000000000e+00,-0.000000000000000000e+00,0.000000000000000000e+00,-0.000000000000000000e+00,-1.100672899365366803e-01,-0.000000000000000000e+00,-0.000000000000000000e+00,-0.000000000000000000e+00,-0.000000000000000000e+00,-6.907028361605736799e-02,0.000000000000000000e+00,-3.246758323650479894e-01,8.514808550998279046e-02,-0.000000000000000000e+00,0.000000000000000000e+00,-0.000000000000000000e+00,-7.870042547227816543e-02
0.000000000000000000e+00,0.000000000000000000e+00,3.926745788615013111e-01,-0.000000000000000000e+00,0.000000000000000000e+00,0.000000000000000000e+00,0.000000000000000000e+00,-0.000000000000000000e+00,1.082580417986965804e-01,1.822118108218886284e-02,0.000000000000000000e+00,9.528938620973942397e-02,1.614536418262885853e+00,0.000000000000000000e+00,0.000000000000000000e+00,0.000000000000000000e+00,0.000000000000000000e+00,0.000000000000000000e+00,0.000000000000000000e+00,-0.000000000000000000e+00,0.000000000000000000e+00,3.968919818058861543e-03,6.240486961302987856e-02,0.000000000000000000e+00,0.000000000000000000e+00,0.000000000000000000e+00,1.033338694184360862e-01,0.000000000000000000e+00,0.000000000000000000e+00,0.000000000000000000e+00,2.164923927940535231e-01,0.000000000000000000e+00,0.000000000000000000e+00,2.106836142376609933e-01,-0.000000000000000000e+00,0.000000000000000000e+00,0.000000000000000000e+00,0.000000000000000000e+00,1.001941099199373658e-01
-7.042783831134709349e-02,-2.873662134589559467e-03,-1.104776389471348735e-01,0.000000000000000000e+00,-0.000000000000000000e+00,-0.000000000000000000e+00,-0.000000000000000000e+00,0.000000000000000000e+00,-0.000000000000000000e+00,-1.519279635359070679e-01,-0.000000000000000000e+00,-0.000000000000000000e+00,0.000000000000000000e+00,1.660485071718778460e+00,-0.000000000000000000e+00,-1.421521916494805464e-02,-7.687223003368720553e-02,-0.000000000000000000e+00,-0.000000000000000000e+00,0.000000000000000000e+00,-0.000000000000000000e+00,0.000000000000000000e+00,-0.000000000000000000e+00,-3.829298941918877208e-01,-0.000000000000000000e+00,-0.000000000000000000e+00,-0.000000000000000000e+00,-0.000000000000000000e+00,-4.104926649499963248e-02,-0.000000000000000000e+00,-1.781113945580957468e-03,-1.930297756055297798e-01,-0.000000000000000000e+00,-9.522397589250107541e-02,-0.000000000000000000e+00,-1.714254609606631619e-01,-2.792943902660297573e-01,-0.000000000000000000e+00,-1.219590330048940241e-01
-3.309003476290809341e-03,-0.000000000000000000e+00,0.000000000000000000e+00,-0.000000000000000000e+00,-0.000000000000000000e+00,0.000000000000000000e+00,0.000000000000000000e+00,-0.000000000000000000e+00,-0.000000000000000000e+00,-0.000000000000000000e+00,1.249278069503563654e-01,-0.000000000000000000e+00,0.000000000000000000e+00,-0.000000000000000000e+00,2.148775541027246661e+00,-0.000000000000000000e+00,-0.000000000000000000e+00,-2.284088488126628513e-01,-0.000000000000000000e+00,-4.351495755105660446e-01,-0.000000000000000000e+00,-0.000000000000000000e+00,5.804373053274942268e-02,0.000000000000000000e+00,-0.000000000000000000e+00,-4.035078334868247851e-01,2.459788809822355538e-01,-0.000000000000000000e+00,-4.655339070784608180e-01,-0.000000000000000000e+00,1.629110964841987974e-01,0.000000000000000000e+00,-0.000000000000000000e+00,-0.000000000000000000e+00,-1.470399874843219545e-01,0.000000000000000000e+00,-0.000000000000000000e+00,-4.117343484985689361e-01,0.000000000000000000e+00
-4.454669076330057820e-01,-5.002952657495451233e-02,-0.000000000000000000e+00,-4.311364192732597411e-02,-2.264267001169296620e-02,-0.000000000000000000e+00,-0.000000000000000000e+00,0.000000000000000000e+00,-0.000000000000000000e+00,-9.388739079050051339e-01,0.000000000000000000e+00,0.000000000000000000e+00,0.000000000000000000e+00,-1.421521916494805464e-02,-0.000000000000000000e+00,2.427607603296724648e+00,-0.000000000000000000e+00,-0.000000000000000000e+00,-3.561150906840006014e-01,-0.000000000000000000e+00,-0.000000000000000000e+00,-0.000000000000000000e+00,-2.075263641541634230e-01,-0.000000000000000000e+00,-6.081599443618279643e-02,-0.000000000000000000e+00,-0.000000000000000000e+00,-0.000000000000000000e+00,-0.000000000000000000e+00,-3.094653934417777030e-01,-0.000000000000000000e+00,-0.000000000000000000e+00,-0.000000000000000000e+00,-0.000000000000000000e+00,-0.000000000000000000e+00,-0.000000000000000000e+00,-0.000000000000000000e+00,-0.000000000000000000e+00,-0.000000000000000000e+00
-8.654323672499376896e-02,-1.018747865696015276e-01,-0.000000000000000000e+00,-0.000000000000000000e+00,-0.000000000000000000e+00,-4.686578713739456559e-01,-0.000000000000000000e+00,-0.000000000000000000e+00,0.000000000000000000e+00,-0.000000000000000000e+00,-5.342797540394811362e-01,0.000000000000000000e+00,0.000000000000000000e+00,-7.687223003368720553e-02,-0.000000000000000000e+00,-0.000000000000000000e+00,2.070600800864605073e+00,-0.000000000000000000e+00,-0.000000000000000000e+00,-0.000000000000000000e+00,0.000000000000000000e+00,-6.940467672760643192e-02,-0.000000000000000000e+00,0.000000000000000000e+00,-0.000000000000000000e+00,-1.604088348311723602e-02,-0.000000000000000000e+00,-0.000000000000000000e+00,-0.000000000000000000e+00,0.000000000000000000e+00,-0.000000000000000000e+00,-0.000000000000000000e+00,-5.046273752709961036e-01,-0.000000000000000000e+00,-1.355555792602687049e-01,-0.000000000000000000e+00,-2.159472842582274565e-01,-3.798649805608587254e-02,-0.000000000000000000e+00
-0.000000000000000000e+00,-0.000000000000000000e+00,-0.000000000000000000e+00,-1.900235500525085663e-01,-2.850737108889568883e-01,0.000000000000000000e+00,-3.848032475740956887e-02,0.000000000000000000e+00,-0.000000000000000000e+00,-0.000000000000000000e+00,3.920431304825520297e-02,-1.138908700653142730e-01,0.000000000000000000e+00,-0.000000000000000000e+00,-2.284088488126628513e-01,-0.000000000000000000e+00,-0.000000000000000000e+00,1.981384256992720916e+00,-5.337379681641573059e-01,-8.352246865786168428e-02,-0.000000000000000000e+00,-0.000000000000000000e+00,-0.000000000000000000e+00,-0.000000000000000000e+00,-0.000000000000000000e+00,-1.963579687638302151e-01,0.000000000000000000e+00,-2.816382077552682106e-01,-3.525577408540542246e-02,-1.485820613306468585e-01,0.000000000000000000e+00,0.000000000000000000e+00,-0.000000000000000000e+00,-0.000000000000000000e+00,-4.694004459107789518e-02,0.000000000000000000e+00,-0.000000000000000000e+00,-0.000000000000000000e+00,-0.000000000000000000e+00
-0.000000000000000000e+00,-0.000000000000000000e+00,-5.580233636423270749e-02,-3.952283258396100535e-02,-5.856527093370846870e-01,-0.000000000000000000e+00,-4.736232620099931068e-01,0.000000000000000000e+00,-0.000000000000000000e+00,-0.000000000000000000e+00,0.000000000000000000e+00,-0.000000000000000000e+00,0.000000000000000000e+00,-0.000000000000000000e+00,-0.000000000000000000e+00,-3.561150906840006014e-01,-0.000000000000000000e+00,-5.337379681641573059e-01,2.084444684171762763e+00,-0.000000000000000000e+00,0.000000000000000000e+00,-0.000000000000000000e+00,-0.000000000000000000e+00,-0.000000000000000000e+00,-0.000000000000000000e+00,-0.000000000000000000e+00,0.000000000000000000e+00,-0.000000000000000000e+00,-0.000000000000000000e+00,-0.000000000000000000e+00,0.000000000000000000e+00,0.000000000000000000e+00,-0.000000000000000000e+00,-5.254580825195146604e-03,-0.000000000000000000e+00,1.168430583453424973e-02,-0.000000000000000000e+00,-0.000000000000000000e+00,-0.000000000000000000e+00
-0.000000000000000000e+00,-0.000000000000000000e+00,0.000000000000000000e+00,-6.658958925329885870e-02,-0.000000000000000000e+00,-0.000000000000000000e+00,-0.000000000000000000e+00,-3.694928897675700541e-01,0.000000000000000000e+00,-0.000000000000000000e+00,0.000000000000000000e+00,0.000000000000000000e+00,-0.000000000000000000e+00,0.000000000000000000e+00,-4.351495755105660446e-01,-0.000000000000000000e+00,-0.000000000000000000e+00,-8.352246865786168428e-02,-0.000000000000000000e+00,1.730071164784694471e+00,-0.000000000000000000e+00,-3.160977311847400495e-01,0.000000000000000000e+00,0.000000000000000000e+00,-0.000000000000000000e+00,-2.704528104282851939e-02,4.790720536890728798e-02,-2.314108591383552856e-03,-0.000000000000000000e+00,-0.000000000000000000e+00,1.867833496323493547e-01,5.538593076037208462e-02,-1.022823599736528977e-01,0.000000000000000000e+00,-3.108767515825295313e-01,0.000000000000000000e+00,-0.000000000000000000e+00,-0.000000000000000000e+00,0.000000000000000000e+00
-0.000000000000000000e+00,0.000000000000000000e+00,-9.870322694008219766e-02,-0.000000000000000000e+00,-0.000000000000000000e+00,7.399717567075547731e-02,0.000000000000000000e+00,-0.000000000000000000e+00,-0.000000000000000000e+00,-0.000000000000000000e+00,0.000000000000000000e+00,-0.000000000000000000e+00,0.000000000000000000e+00,-0.000000000000000000e+00,-0.000000000000000000e+00,-0.000000000000000000e+00,0.000000000000000000e+00,-0.000000000000000000e+00,0.000000000000000000e+00,-0.000000000000000000e+00,1.754339413034254003e+00,-1.882371486741651057e-01,0.000000000000000000e+00,0.000000000000000000e+00,-0.000000000000000000e+00,-0.000000000000000000e+00,-0.000000000000000000e+00,-6.643360391432678869e-01,-6.839634911211964208e-02,-0.000000000000000000e+00,-2.593835902963943507e-01,-0.000000000000000000e+00,-2.297626444794714229e-01,-1.370104575495699195e-01,-0.000000000000000000e+00,-0.000000000000000000e+00,-0.000000000000000000e+00,-0.000000000000000000e+00,-0.000000000000000000e+00
-0.000000000000000000e+00,-0.000000000000000000e+00,-0.000000000000000000e+00,-0.000000000000000000e+00,-0.000000000000000000e+00,-0.000000000000000000e+00,-4.086753279128671479e-02,-3.922779922450471690e-01,-0.000000000000000000e+00,-0.000000000000000000e+00,-0.000000000000000000e+00,-0.000000000000000000e+00,3.968919818058861543e-03,0.000000000000000000e+00,-0.000000000000000000e+00,-0.000000000000000000e+00,-6.940467672760643192e-02,-0.000000000000000000e+00,-0.000000000000000000e+00,-3.160977311847400495e-01,-1.882371486741651057e-01,1.648116034969673960e+00,-0.000000000000000000e+00,0.000000000000000000e+00,0.000000000000000000e+00,-0.000000000000000000e+00,-0.000000000000000000e+00,-0.000000000000000000e+00,-0.000000000000000000e+00,0.000000000000000000e+00,-0.000000000000000000e+00,-0.000000000000000000e+00,-5.876911257665508037e-01,-0.000000000000000000e+00,-0.000000000000000000e+00,0.000000000000000000e+00,-0.000000000000000000e+00,-0.000000000000000000e+00,-0.000000000000000000e+00
-0.000000000000000000e+00,-1.388450674425011772e-02,-1.119698705927473920e-01,-0.000000000000000000e+00,-0.000000000000000000e+00,-2.792205706646632216e-02,-0.000000000000000000e+00,0.000000000000000000e+00,-2.126847115906788099e-02,-0.000000000000000000e+00,-8.380609668265692758e-02,-0.000000000000000000e+00,6.240486961302987856e-02,-0.000000000000000000e+00,5.804373053274942268e-02,-2.075263641541634230e-01,-0.000000000000000000e+00,-0.000000000000000000e+00,-0.000000000000000000e+00,0.000000000000000000e+00,0.000000000000000000e+00,-0.000000000000000000e+00,1.578950338591739833e+00,-0.000000000000000000e+00,-3.466152933616483689e-01,-0.000000000000000000e+00,-1.646167223171097760e-01,-0.000000000000000000e+00,-0.000000000000000000e+00,-0.000000000000000000e+00,-0.000000000000000000e+00,-0.000000000000000000e+00,-0.000000000000000000e+00,-0.000000000000000000e+00,0.000000000000000000e+00,-1.171789534202527933e-01,-0.000000000000000000e+00,0.000000000000000000e+00,-2.567265810750218313e-01
0.000000000000000000e+00,0.000000000000000000e+00,-0.000000000000000000e+00,0.000000000000000000e+00,-0.000000000000000000e+00,0.000000000000000000e+00,-0.000000000000000000e+00,1.165782996571882446e-01,-6.502300282986647490e-04,-0.000000000000000000e+00,0.000000000000000000e+00,-0.000000000000000000e+00,0.000000000000000000e+00,-3.829298941918877208e-01,0.000000000000000000e+00,-0.000000000000000000e+00,0.000000000000000000e+00,-0.000000000000000000e+00,-0.000000000000000000e+00,0.000000000000000000e+00,0.000000000000000000e+00,0.000000000000000000e+00,-0.000000000000000000e+00,1.225593141985916068e+00,-2.083600943118816412e-02,-0.000000000000000000e+00,-0.000000000000000000e+00,-0.000000000000000000e+00,-0.000000000000000000e+00,-1.735012198557591701e-01,-0.000000000000000000e+00,-0.000000000000000000e+00,0.000000000000000000e+00,-0.000000000000000000e+00,0.000000000000000000e+00,-0.000000000000000000e+00,-1.722198127027259676e-02,0.000000000000000000e+00,-0.000000000000000000e+00
-0.000000000000000000e+00,-2.029378841079861606e-01,-0.000000000000000000e+00,-0.000000000000000000e+00,-0.000000000000000000e+00,-0.000000000000000000e+00,0.000000000000000000e+00,8.682784702553342226e-02,-7.748858292713134421e-02,-4.141374406321802759e-01,0.000000000000000000e+00,0.000000000000000000e+00,0.000000000000000000e+00,-0.000000000000000000e+00,-0.000000000000000000e+00,-6.081599443618279643e-02,-0.000000000000000000e+00,-0.000000000000000000e+00,-0.000000000000000000e+00,-0.000000000000000000e+00,-0.000000000000000000e+00,0.000000000000000000e+00,-3.466152933616483689e-01,-2.083600943118816412e-02,1.938887901791001234e+00,-5.461278502495892084e-02,-0.000000000000000000e+00,-0.000000000000000000e+00,-2.495090632245807183e-01,-3.133688973617509976e-01,-0.000000000000000000e+00,0.000000000000000000e+00,-0.000000000000000000e+00,-0.000000000000000000e+00,-0.000000000000000000e+00,-0.000000000000000000e+00,-8.281122328883858130e-02,-0.000000000000000000e+00,-2.769410206749991013e-02
-0.000000000000000000e+00,-0.000000000000000000e+00,-0.000000000000000000e+00,-0.000000000000000000e+00,-0.000000000000000000e+00,-0.000000000000000000e+00,0.000000000000000000e+00,-0.000000000000000000e+00,-0.000000000000000000e+00,-0.000000000000000000e+00,0.000000000000000000e+00,-0.000000000000000000e+00,0.000000000000000000e+00,-0.000000000000000000e+00,-4.035078334868247851e-01,-0.000000000000000000e+00,-1.604088348311723602e-02,-1.963579687638302151e-01,-0.000000000000000000e+00,-2.704528104282851939e-02,-0.000000000000000000e+00,-0.000000000000000000e+00,-0.000000000000000000e+00,-0.000000000000000000e+00,-5.461278502495892084e-02,2.885244136564915518e+00,0.000000000000000000e+00,-7.087722546259243028e-01,-5.810403264125922895e-01,-0.000000000000000000e+00,0.000000000000000000e+00,-0.000000000000000000e+00,-1.505533565953422886e-02,-7.158356654309245073e-03,-6.351922689085279239e-02,-0.000000000000000000e+00,-1.170880457757551146e-01,-7.253274468340119574e-01,-1.751718633177704043e-01
0.000000000000000000e+00,-0.000000000000000000e+00,-0.000000000000000000e+00,0.000000000000000000e+00,0.000000000000000000e+00,-0.000000000000000000e+00,0.000000000000000000e+00,-0.000000000000000000e+00,-0.000000000000000000e+00,-0.000000000000000000e+00,-1.779480828333750153e-01,-1.100672899365366803e-01,1.033338694184360862e-01,-0.000000000000000000e+00,2.459788809822355538e-01,-0.000000000000000000e+00,-0.000000000000000000e+00,0.000000000000000000e+00,0.000000000000000000e+00,4.790720536890728798e-02,-0.000000000000000000e+00,-0.000000000000000000e+00,-1.646167223171097760e-01,-0.000000000000000000e+00,-0.000000000000000000e+00,0.000000000000000000e+00,2.161988147002295246e+00,-0.000000000000000000e+00,0.000000000000000000e+00,0.000000000000000000e+00,-4.525751439854040492e-01,-5.342895436916689222e-01,-0.000000000000000000e+00,-0.000000000000000000e+00,4.741784605087643462e-02,-1.939208615954065851e-01,-0.000000000000000000e+00,0.000000000000000000e+00,-4.985884212085764378e-01
-6.543989356694508708e-02,-0.000000000000000000e+00,-0.000000000000000000e+00,-0.000000000000000000e+00,-0.000000000000000000e+00,0.000000000000000000e+00,-0.000000000000000000e+00,-0.000000000000000000e+00,-2.412722069995362761e-02,-2.690651799469871430e-01,0.000000000000000000e+00,-0.000000000000000000e+00,0.000000000000000000e+00,-0.000000000000000000e+00,-0.000000000000000000e+00,-0.000000000000000000e+00,-0.000000000000000000e+00,-2.816382077552682106e-01,-0.000000000000000000e+00,-2.314108591383552856e-03,-6.643360391432678869e-01,-0.000000000000000000e+00,-0.000000000000000000e+00,-0.000000000000000000e+00,-0.000000000000000000e+00,-7.087722546259243028e-01,-0.000000000000000000e+00,2.748365824624817488e+00,-3.212224842179497997e-01,-0.000000000000000000e+00,-0.000000000000000000e+00,0.000000000000000000e+00,-5.314340468817356777e-01,-1.169626913937480833e-01,-0.000000000000000000e+00,-0.000000000000000000e+00,-0.000000000000000000e+00,-0.000000000000000000e+00,-0.000000000000000000e+00
-3.754078141701176485e-01,-0.000000000000000000e+00,-0.000000000000000000e+00,-0.000000000000000000e+00,-0.000000000000000000e+00,0.000000000000000000e+00,0.000000000000000000e+00,0.000000000000000000e+00,-0.000000000000000000e+00,-1.478449534587476522e-01,0.000000000000000000e+00,-0.000000000000000000e+00,0.000000000000000000e+00,-4.104926649499963248e-02,-4.655339070784608180e-01,-0.000000000000000000e+00,-0.000000000000000000e+00,-3.525577408540542246e-02,-0.000000000000000000e+00,-0.000000000000000000e+00,-6.839634911211964208e-02,-0.000000000000000000e+00,-0.000000000000000000e+00,-0.000000000000000000e+00,-2.495090632245807183e-01,-5.810403264125922895e-01,0.000000000000000000e+00,-3.212224842179497997e-01,2.725734070579793666e+00,-1.385628219274948336e-01,0.000000000000000000e+00,-0.000000000000000000e+00,-0.000000000000000000e+00,-0.000000000000000000e+00,-7.190256712108429593e-02,-0.000000000000000000e+00,-6.411395615671554304e-02,-4.163329351266528144e-01,-0.000000000000000000e+00
-2.103962437961761633e-01,-0.000000000000000000e+00,-0.000000000000000000e+00,-0.000000000000000000e+00,-0.000000000000000000e+00,0.000000000000000000e+00,-0.000000000000000000e+00,0.000000000000000000e+00,-2.460232373698461872e-01,-2.431635531241105042e-01,1.438114971727645075e-01,-0.000000000000000000e+00,0.000000000000000000e+00,-0.000000000000000000e+00,-0.000000000000000000e+00,-3.094653934417777030e-01,0.000000000000000000e+00,-1.485820613306468585e-01,-0.000000000000000000e+00,-0.000000000000000000e+00,-0.000000000000000000e+00,0.000000000000000000e+00,-0.000000000000000000e+00,-1.735012198557591701e-01,-3.133688973617509976e-01,-0.000000000000000000e+00,0.000000000000000000e+00,-0.000000000000000000e+00,-1.385628219274948336e-01,1.855305418554073826e+00,0.000000000000000000e+00,-0.000000000000000000e+00,-0.000000000000000000e+00,-0.000000000000000000e+00,-0.000000000000000000e+00,-0.000000000000000000e+00,-0.000000000000000000e+00,-0.000000000000000000e+00,-0.000000000000000000e+00
-0.000000000000000000e+00,-0.000000000000000000e+00,-3.741590952972666528e-01,5.495714012045156693e-02,-0.000000000000000000e+00,-0.000000000000000000e+00,-0.000000000000000000e+00,0.000000000000000000e+00,-4.913012970677291258e-02,-0.000000000000000000e+00,-0.000000000000000000e+00,-0.000000000000000000e+00,2.164923927940535231e-01,-1.781113945580957468e-03,1.629110964841987974e-01,-0.000000000000000000e+00,-0.000000000000000000e+00,0.000000000000000000e+00,0.000000000000000000e+00,1.867833496323493547e-01,-2.593835902963943507e-01,-0.000000000000000000e+00,-0.000000000000000000e+00,-0.000000000000000000e+00,-0.000000000000000000e+00,0.000000000000000000e+00,-4.525751439854040492e-01,-0.000000000000000000e+00,0.000000000000000000e+00,0.000000000000000000e+00,1.977143083568476678e+00,-3.048981904740464821e-01,-0.000000000000000000e+00,-1.657106144150057025e-01,0.000000000000000000e+00,-5.572822610206000504e-02,-0.000000000000000000e+00,0.000000000000000000e+00,-2.862010404991828516e-02
-0.000000000000000000e+00,-0.000000000000000000e+00,-0.000000000000000000e+00,2.093088693118089205e-01,-0.000000000000000000e+00,-0.000000000000000000e+00,0.000000000000000000e+00,0.000000000000000000e+00,-0.000000000000000000e+00,-0.000000000000000000e+00,-1.815122322710154001e-01,-6.907028361605736799e-02,0.000000000000000000e+00,-1.930297756055297798e-01,0.000000000000000000e+00,-0.000000000000000000e+00,-0.000000000000000000e+00,0.000000000000000000e+00,0.000000000000000000e+00,5.538593076037208462e-02,-0.000000000000000000e+00,-0.000000000000000000e+00,-0.000000000000000000e+00,-0.000000000000000000e+00,0.000000000000000000e+00,-0.000000000000000000e+00,-5.342895436916689222e-01,0.000000000000000000e+00,-0.000000000000000000e+00,-0.000000000000000000e+00,-3.048981904740464821e-01,1.751039461480550896e+00,-0.000000000000000000e+00,-0.000000000000000000e+00,0.000000000000000000e+00,-1.930917006002599856e-01,-0.000000000000000000e+00,-0.000000000000000000e+00,-7.360301325374815629e-02
-1.059718144968801040e-01,-0.000000000000000000e+00,-0.000000000000000000e+00,-0.000000000000000000e+00,-0.000000000000000000e+00,-0.000000000000000000e+00,-0.000000000000000000e+00,-0.000000000000000000e+00,-0.000000000000000000e+00,-0.000000000000000000e+00,-0.000000000000000000e+00,0.000000000000000000e+00,0.000000000000000000e+00,-0.000000000000000000e+00,-0.000000000000000000e+00,-0.000000000000000000e+00,-5.046273752709961036e-01,-0.000000000000000000e+00,-0.000000000000000000e+00,-1.022823599736528977e-01,-2.297626444794714229e-01,-5.876911257665508037e-01,-0.000000000000000000e+00,0.000000000000000000e+00,-0.000000000000000000e+00,-1.505533565953422886e-02,-0.000000000000000000e+00,-5.314340468817356777e-01,-0.000000000000000000e+00,-0.000000000000000000e+00,-0.000000000000000000e+00,-0.000000000000000000e+00,2.137885548590183760e+00,-0.000000000000000000e+00,-1.613572087817485567e-01,-0.000000000000000000e+00,-0.000000000000000000e+00,-2.380026828630195032e-02,-0.000000000000000000e+00
-0.000000000000000000e+00,-0.000000000000000000e+00,-4.915828122970685721e-01,0.000000000000000000e+00,-3.231198890800665025e-01,0.000000000000000000e+00,-0.000000000000000000e+00,9.282043127152143913e-02,-7.568999759237153846e-01,-0.000000000000000000e+00,0.000000000000000000e+00,-3.246758323650479894e-01,2.106836142376609933e-01,-9.522397589250107541e-02,-0.000000000000000000e+00,-0.000000000000000000e+00,-0.000000000000000000e+00,-0.000000000000000000e+00,-5.254580825195146604e-03,0.000000000000000000e+00,-1.370104575495699195e-01,-0.000000000000000000e+00,-0.000000000000000000e+00,-0.000000000000000000e+00,-0.000000000000000000e+00,-7.158356654309245073e-03,-0.000000000000000000e+00,-1.169626913937480833e-01,-0.000000000000000000e+00,-0.000000000000000000e+00,-1.657106144150057025e-01,-0.000000000000000000e+00,-0.000000000000000000e+00,2.558629390882413812e+00,0.000000000000000000e+00,-0.000000000000000000e+00,-0.000000000000000000e+00,-0.000000000000000000e+00,-2.071108787832396519e-02
-0.000000000000000000e+00,-0.000000000000000000e+00,0.000000000000000000e+00,-0.000000000000000000e+00,0.000000000000000000e+00,-0.000000000000000000e+00,0.000000000000000000e+00,-0.000000000000000000e+00,0.000000000000000000e+00,-0.000000000000000000e+00,0.000000000000000000e+00,8.514808550998279046e-02,-0.000000000000000000e+00,-0.000000000000000000e+00,-1.470399874843219545e-01,-0.000000000000000000e+00,-1.355555792602687049e-01,-4.694004459107789518e-02,-0.000000000000000000e+00,-3.108767515825295313e-01,-0.000000000000000000e+00,-0.000000000000000000e+00,0.000000000000000000e+00,0.000000000000000000e+00,-0.000000000000000000e+00,-6.351922689085279239e-02,4.741784605087643462e-02,-0.000000000000000000e+00,-7.190256712108429593e-02,-0.000000000000000000e+00,0.000000000000000000e+00,0.000000000000000000e+00,-1.613572087817485567e-01,0.000000000000000000e+00,1.911368862382752054e+00,0.000000000000000000e+00,-5.226298384492950033e-01,-4.538752693604102273e-01,-0.000000000000000000e+00
-0.000000000000000000e+00,-1.447247398742485258e-01,-0.000000000000000000e+00,0.000000000000000000e+00,0.000000000000000000e+00,-0.000000000000000000e+00,0.000000000000000000e+00,0.000000000000000000e+00,-0.000000000000000000e+00,-0.000000000000000000e+00,-1.211635792477760432e-01,-0.000000000000000000e+00,0.000000000000000000e+00,-1.714254609606631619e-01,0.000000000000000000e+00,-0.000000000000000000e+00,-0.000000000000000000e+00,0.000000000000000000e+00,1.168430583453424973e-02,0.000000000000000000e+00,-0.000000000000000000e+00,0.000000000000000000e+00,-1.171789534202527933e-01,-0.000000000000000000e+00,-0.000000000000000000e+00,-0.000000000000000000e+00,-1.939208615954065851e-01,-0.000000000000000000e+00,-0.000000000000000000e+00,-0.000000000000000000e+00,-5.572822610206000504e-02,-1.930917006002599856e-01,-0.000000000000000000e+00,-0.000000000000000000e+00,0.000000000000000000e+00,1.478799201024554089e+00,-0.000000000000000000e+00,-0.000000000000000000e+00,-2.501084720817101092e-01
-0.000000000000000000e+00,-0.000000000000000000e+00,-0.000000000000000000e+00,0.000000000000000000e+00,-0.000000000000000000e+00,-2.467029856102740948e-01,0.000000000000000000e+00,0.000000000000000000e+00,-0.000000000000000000e+00,-0.000000000000000000e+00,-0.000000000000000000e+00,0.000000000000000000e+00,0.000000000000000000e+00,-2.792943902660297573e-01,-0.000000000000000000e+00,-0.000000000000000000e+00,-2.159472842582274565e-01,-0.000000000000000000e+00,-0.000000000000000000e+00,-0.000000000000000000e+00,-0.000000000000000000e+00,-0.000000000000000000e+00,-0.000000000000000000e+00,-1.722198127027259676e-02,-8.281122328883858130e-02,-1.170880457757551146e-01,-0.000000000000000000e+00,-0.000000000000000000e+00,-6.411395615671554304e-02,-0.000000000000000000e+00,-0.000000000000000000e+00,-0.000000000000000000e+00,-0.000000000000000000e+00,-0.000000000000000000e+00,-5.226298384492950033e-01,-0.000000000000000000e+00,1.721663674872712324e+00,-0.000000000000000000e+00,-1.311522519413990395e-01
-0.000000000000000000e+00,-1.771472031006191550e-01,0.000000000000000000e+00,-0.000000000000000000e+00,-0.000000000000000000e+00,-0.000000000000000000e+00,0.000000000000000000e+00,-0.000000000000000000e+00,-0.000000000000000000e+00,-0.000000000000000000e+00,0.000000000000000000e+00,-0.000000000000000000e+00,0.000000000000000000e+00,-0.000000000000000000e+00,-4.117343484985689361e-01,-0.000000000000000000e+00,-3.798649805608587254e-02,-0.000000000000000000e+00,-0.000000000000000000e+00,-0.000000000000000000e+00,-0.000000000000000000e+00,-0.000000000000000000e+00,0.000000000000000000e+00,0.000000000000000000e+00,-0.000000000000000000e+00,-7.253274468340119574e-01,0.000000000000000000e+00,-0.000000000000000000e+00,-4.163329351266528144e-01,-0.000000000000000000e+00,0.000000000000000000e+00,-0.000000000000000000e+00,-2.380026828630195032e-02,-0.000000000000000000e+00,-4.538752693604102273e-01,-0.000000000000000000e+00,-0.000000000000000000e+00,2.339514802659692361e+00,-1.074028621287831907e-02
-0.000000000000000000e+00,-1.087867126333475279e-02,-0.000000000000000000e+00,0.000000000000000000e+00,-0.000000000000000000e+00,-0.000000000000000000e+00,0.000000000000000000e+00,0.000000000000000000e+00,-5.619953037190491552e-01,-1.213697124685948064e-01,-0.000000000000000000e+00,-7.870042547227816543e-02,1.001941099199373658e-01,-1.219590330048940241e-01,0.000000000000000000e+00,-0.000000000000000000e+00,-0.000000000000000000e+00,-0.000000000000000000e+00,-0.000000000000000000e+00,0.000000000000000000e+00,-0.000000000000000000e+00,-0.000000000000000000e+00,-2.567265810750218313e-01,-0.000000000000000000e+00,-2.769410206749991013e-02,-1.751718633177704043e-01,-4.985884212085764378e-01,-0.000000000000000000e+00,-0.000000000000000000e+00,-0.000000000000000000e+00,-2.862010404991828516e-02,-7.360301325374815629e-02,-0.000000000000000000e+00,-2.071108787832396519e-02,-0.000000000000000000e+00,-2.501084720817101092e-01,-1.311522519413990395e-01,-1.074028621287831907e-02,2.220038617854682261e+00
