1.877872228554632761e+00,-4.913399530315825103e-01,-0.000000000000000000e+00,-0.000000000000000000e+00,-2.291810755373240582e-01,-0.000000000000000000e+00,-0.000000000000000000e+00,0.000000000000000000e+00,-3.143131187130385751e-01,-5.049850874618569962e-01,-0.000000000000000000e+00,0.000000000000000000e+00,0.000000000000000000e+00,-0.000000000000000000e+00,0.000000000000000000e+00,-0.000000000000000000e+00,-0.000000000000000000e+00,-0.000000000000000000e+00,0.000000000000000000e+00,-0.000000000000000000e+00,-0.000000000000000000e+00,0.000000000000000000e+00,-0.000000000000000000e+00,-0.000000000000000000e+00,-0.000000000000000000e+00,-0.000000000000000000e+00,-3.686691496339852131e-02,-9.157958098065836772e-02,-0.000000000000000000e+00,-0.000000000000000000e+00,-0.000000000000000000e+00,-0.000000000000000000e+00,-0.000000000000000000e+00,-0.000000000000000000e+00,-0.000000000000000000e+00,0.000000000000000000e+00,-0.000000000000000000e+00,-0.000000000000000000e+00,-0.000000000000000000e+00
-4.913399530315825103e-01,1.854175945844983575e+00,-6.744742041025769685e-02,-0.000000000000000000e+00,-2.042131154871810184e-01,-0.000000000000000000e+00,-0.000000000000000000e+00,8.718587574933417406e-02,-2.010026946630672495e-01,-4.213200107052881282e-01,0.000000000000000000e+00,0.000000000000000000e+00,0.000000000000000000e+00,-0.000000000000000000e+00,0.000000000000000000e+00,-0.000000000000000000e+00,-0.000000000000000000e+00,-0.000000000000000000e+00,-0.000000000000000000e+00,-0.000000000000000000e+00,-0.000000000000000000e+00,-0.000000000000000000e+00,-0.000000000000000000e+00,-0.000000000000000000e+00,-0.000000000000000000e+00,-0.000000000000000000e+00,-9.654794458930783096e-04,-0.000000000000000000e+00,-0.000000000000000000e+00,-1.107997676907486878e-01,-0.000000000000000000e+00,-0.000000000000000000e+00,-0.000000000000000000e+00,-0.000000000000000000e+00,-0.000000000000000000e+00,0.000000000000000000e+00,-0.000000000000000000e+00,-1.252526637751707472e-01,0.000000000000000000e+00
-0.000000000000000000e+00,-6.744742041025769685e-02,2.543763014523728661e+00,-0.000000000000000000e+00,-2.917228841323589172e-01,-0.000000000000000000e+00,-2.486386619801102954e-02,8.791421605278084694e-01,-0.000000000000000000e+00,-0.000000000000000000e+00,0.000000000000000000e+00,0.000000000000000000e+00,0.000000000000000000e+00,-3.055269163488255613e-01,0.000000000000000000e+00,-0.000000000000000000e+00,-0.000000000000000000e+00,-2.284741223746132588e-01,-0.000000000000000000e+00,-0.000000000000000000e+00,-4.646398384451663199e-01,0.000000000000000000e+00,-0.000000000000000000e+00,-0.000000000000000000e+00,-0.000000000000000000e+00,-0.000000000000000000e+00,-2.229616560207342835e-01,-2.194910748748417906e-01,-0.000000000000000000e+00,-0.000000000000000000e+00,-0.000000000000000000e+00,-0.000000000000000000e+00,-0.000000000000000000e+00,-0.000000000000000000e+00,-0.000000000000000000e+00,0.000000000000000000e+00,-0.000000000000000000e+00,-0.000000000000000000e+00,-0.000000000000000000e+00
-0.000000000000000000e+00,-0.000000000000000000e+00,-0.000000000000000000e+00,1.691908177671864966e+00,0.000000000000000000e+00,-1.426137038716089322e-01,-0.000000000000000000e+00,0.000000000000000000e+00,-0.000000000000000000e+00,-0.000000000000000000e+00,4.984482832759916382e-02,8.121091512241575966e-03,0.000000000000000000e+00,-0.000000000000000000e+00,2.755147505232923844e-01,1.408829972280441489e-01,-0.000000000000000000e+00,0.000000000000000000e+00,0.000000000000000000e+00,0.000000000000000000e+00,-0.000000000000000000e+00,0.000000000000000000e+00,-0.000000000000000000e+00,-0.000000000000000000e+00,-0.000000000000000000e+00,-0.000000000000000000e+00,-0.000000000000000000e+00,-0.000000000000000000e+00,-0.000000000000000000e+00,-0.000000000000000000e+00,-1.018345488523996201e-01,-2.027915097255269250e-01,-0.000000000000000000e+00,0.000000000000000000e+00,-1.394893095973716475e-02,2.091656129268676667e-01,-1.462154434913285339e-01,-0.000000000000000000e+00,7.266353326384436540e-02
-2.291810755373240582e-01,-2.042131154871810184e-01,-2.917228841323589172e-01,0.000000000000000000e+00,1.690574404006924158e+00,0.000000000000000000e+00,-0.000000000000000000e+00,1.399182157008150573e-01,-0.000000000000000000e+00,-9.599635531133507427e-02,-0.000000000000000000e+00,-0.000000000000000000e+00,-0.000000000000000000e+00,-2.654535748247598415e-01,-0.000000000000000000e+00,-1.036280614776545345e-01,0.000000000000000000e+00,-1.630889973885641109e-01,-0.000000000000000000e+00,-0.000000000000000000e+00,-3.270185433044024009e-02,-0.000000000000000000e+00,0.000000000000000000e+00,0.000000000000000000e+00,-0.000000000000000000e+00,-0.000000000000000000e+00,-0.000000000000000000e+00,-1.710818882544748107e-02,0.000000000000000000e+00,-0.000000000000000000e+00,-0.000000000000000000e+00,0.000000000000000000e+00,0.000000000000000000e+00,-3.678842097354759200e-01,0.000000000000000000e+00,-0.000000000000000000e+00,0.000000000000000000e+00,-0.000000000000000000e+00,-0.000000000000000000e+00
-0.000000000000000000e+00,-0.000000000000000000e+00,-0.000000000000000000e+00,-1.426137038716089322e-01,0.000000000000000000e+00,2.995982189281863217e+00,0.000000000000000000e+00,0.000000000000000000e+00,-0.000000000000000000e+00,-0.000000000000000000e+00,2.216253710321973436e-01,2.879649884872227950e-01,7.056128971802681782e-02,-0.000000000000000000e+00,2.380527125260517851e-01,2.132288886875445891e-02,-4.943879081570372314e-02,0.000000000000000000e+00,0.000000000000000000e+00,1.210007458161748428e-01,-0.000000000000000000e+00,0.000000000000000000e+00,-3.409902572502350737e-01,-2.402425534847196509e-01,-0.000000000000000000e+00,-0.000000000000000000e+00,-0.000000000000000000e+00,-0.000000000000000000e+00,-1.383033413805627165e-01,-0.000000000000000000e+00,-0.000000000000000000e+00,-1.417604497511470996e-01,-2.095119938154171024e-01,2.772973947147407414e-01,-2.005838704685734553e-01,7.042183203535345992e-02,-2.394768272715910862e-01,-0.000000000000000000e+00,1.336462798557731813e-01
-0.000000000000000000e+00,-0.000000000000000000e+00,-2.486386619801102954e-02,-0.000000000000000000e+00,-0.000000000000000000e+00,0.000000000000000000e+00,1.271167576904035368e+00,0.000000000000000000e+00,-0.000000000000000000e+00,-0.000000000000000000e+00,-0.000000000000000000e+00,-0.000000000000000000e+00,-0.000000000000000000e+00,-0.000000000000000000e+00,-0.000000000000000000e+00,-0.000000000000000000e+00,0.000000000000000000e+00,-1.338690100144305783e-01,-1.376338235849267622e-01,-2.948364682955325611e-01,-0.000000000000000000e+00,-1.752671018363467781e-01,0.000000000000000000e+00,0.000000000000000000e+00,0.000000000000000000e+00,-0.000000000000000000e+00,-7.438195477399661693e-02,-2.115472380374467942e-01,0.000000000000000000e+00,0.000000000000000000e+00,-0.000000000000000000e+00,-0.000000000000000000e+00,0.000000000000000000e+00,-0.000000000000000000e+00,0.000000000000000000e+00,-0.000000000000000000e+00,-0.000000000000000000e+00,-0.000000000000000000e+00,-0.000000000000000000e+00
0.000000000000000000e+00,8.718587574933417406e-02,8.791421605278084694e-01,0.000000000000000000e+00,1.399182157008150573e-01,0.000000000000000000e+00,0.000000000000000000e+00,2.421687609332787705e+00,9.493316118622877053e-02,0.000000000000000000e+00,-0.000000000000000000e+00,-0.000000000000000000e+00,-0.000000000000000000e+00,1.998230252518520822e-01,-0.000000000000000000e+00,-0.000000000000000000e+00,0.000000000000000000e+00,0.000000000000000000e+00,0.000000000000000000e+00,-0.000000000000000000e+00,3.909862471387455241e-01,-0.000000000000000000e+00,0.000000000000000000e+00,0.000000000000000000e+00,0.000000000000000000e+00,0.000000000000000000e+00,1.912695598879295689e-01,1.230436775859247989e-01,0.000000000000000000e+00,0.000000000000000000e+00,2.902505379752119419e-01,0.000000000000000000e+00,0.000000000000000000e+00,0.000000000000000000e+00,0.000000000000000000e+00,-0.000000000000000000e+00,0.000000000000000000e+00,2.188951470332550081e-02,0.000000000000000000e+00
-3.143131187130385751e-01,-2.010026946630672495e-01,-0.000000000000000000e+00,-0.000000000000000000e+00,-0.000000000000000000e+00,-0.000000000000000000e+00,-0.000000000000000000e+00,9.493316118622877053e-02,2.197734137271865951e+00,-1.724695052975186993e-01,0.000000000000000000e+00,0.000000000000000000e+00,0.000000000000000000e+00,-2.427791295531749050e-01,0.000000000000000000e+00,0.000000000000000000e+00,-0.000000000000000000e+00,-0.000000000000000000e+00,0.000000000000000000e+00,0.000000000000000000e+00,-9.599319614885939989e-02,0.000000000000000000e+00,-0.000000000000000000e+00,-0.000000000000000000e+00,-3.647301677450391286e-03,-2.789404462915943128e-01,-2.574538595492459336e-01,-7.918372656017227951e-02,-5.841127547640229123e-02,-2.102329917547406946e-01,-7.588593411125132970e-02,-1.651602164302880260e-01,-0.000000000000000000e+00,0.000000000000000000e+00,-0.000000000000000000e+00,0.000000000000000000e+00,-0.000000000000000000e+00,-1.232219179157212213e-01,0.000000000000000000e+00
-5.049850874618569962e-01,-4.213200107052881282e-01,-0.000000000000000000e+00,-0.000000000000000000e+00,-9.599635531133507427e-02,-0.000000000000000000e+00,-0.000000000000000000e+00,0.000000000000000000e+00,-1.724695052975186993e-01,2.205361937752475576e+00,-0.000000000000000000e+00,0.000000000000000000e+00,0.000000000000000000e+00,-1.000950982221487512e-01,0.000000000000000000e+00,-8.268237920202146929e-02,-0.000000000000000000e+00,-0.000000000000000000e+00,0.000000000000000000e+00,-0.000000000000000000e+00,-5.748157129161922396e-02,0.000000000000000000e+00,-0.000000000000000000e+00,-0.000000000000000000e+00,-1.886587016505860692e-01,-0.000000000000000000e+00,-0.000000000000000000e+00,-6.456449493614226098e-02,-0.000000000000000000e+00,-5.886925035660172112e-01,-0.000000000000000000e+00,-0.000000000000000000e+00,-0.000000000000000000e+00,-0.000000000000000000e+00,-0.000000000000000000e+00,-0.000000000000000000e+00,-0.000000000000000000e+00,-7.796885126129141086e-02,-0.000000000000000000e+00
-0.000000000000000000e+00,0.000000000000000000e+00,0.000000000000000000e+00,4.984482832759916382e-02,-0.000000000000000000e+00,2.216253710321973436e-01,-0.000000000000000000e+00,-0.000000000000000000e+00,0.000000000000000000e+00,-0.000000000000000000e+00,1.901824736378769254e+00,-1.352354020921637257e-01,-1.718526310905709453e-01,0.000000000000000000e+00,-2.464853193897934558e-01,-1.485035260885591291e-01,0.000000000000000000e+00,-0.000000000000000000e+00,-0.000000000000000000e+00,-1.794704814874681920e-01,0.000000000000000000e+00,-0.000000000000000000e+00,0.000000000000000000e+00,0.000000000000000000e+00,0.000000000000000000e+00,0.000000000000000000e+00,0.000000000000000000e+00,-0.000000000000000000e+00,0.000000000000000000e+00,0.000000000000000000e+00,0.000000000000000000e+00,0.000000000000000000e+00,1.264303344400718732e-01,-0.000000000000000000e+00,0.000000000000000000e+00,-2.374348183132672652e-01,6.834072226455192856e-02,0.000000000000000000e+00,-9.557947470225652831e-02
0.000000000000000000e+00,0.000000000000000000e+00,0.000000000000000000e+00,8.121091512241575966e-03,-0.000000000000000000e+00,2.879649884872227950e-01,-0.000000000000000000e+00,-0.000000000000000000e+00,0.000000000000000000e+00,0.000000000000000000e+00,-1.352354020921637257e-01,2.873828823401241017e+00,-1.263753525731725336e-01,0.000000000000000000e+00,-4.009802228934545298e-01,-0.000000000000000000e+00,8.881456429315152945e-02,-0.000000000000000000e+00,-1.106625718782730944e-01,-1.642737142926087024e-01,0.000000000000000000e+00,-1.493937111736048096e-01,2.293486845872245994e-01,7.873506624153864264e-02,0.000000000000000000e+00,0.000000000000000000e+00,0.000000000000000000e+00,0.000000000000000000e+00,1.067380802348235902e-01,0.000000000000000000e+00,0.000000000000000000e+00,0.000000000000000000e+00,7.116816461525023174e-02,-2.562901143303708551e-01,1.874571750414032456e-01,-1.757424081881154843e-01,1.180009007773992341e-01,0.000000000000000000e+00,-3.847828009797920612e-01
0.000000000000000000e+00,0.000000000000000000e+00,0.000000000000000000e+00,0.000000000000000000e+00,-0.000000000000000000e+00,7.056128971802681782e-02,-0.000000000000000000e+00,-0.000000000000000000e+00,0.000000000000000000e+00,0.000000000000000000e+00,-1.718526310905709453e-01,-1.263753525731725336e-01,2.588027015071877379e+00,0.000000000000000000e+00,-3.329582075480282954e-01,-3.007449553573963291e-02,1.209927821892363003e-01,-0.000000000000000000e+00,-0.000000000000000000e+00,-0.000000000000000000e+00,0.000000000000000000e+00,-7.738362924951325966e-03,5.155669193021945179e-02,0.000000000000000000e+00,0.000000000000000000e+00,1.511310620060238585e-01,0.000000000000000000e+00,0.000000000000000000e+00,1.553567625303275848e-04,0.000000000000000000e+00,6.164637467222855438e-01,0.000000000000000000e+00,3.972583674254244190e-01,-0.000000000000000000e+00,2.464535135579938863e-01,-2.199926934588340710e-01,0.000000000000000000e+00,0.000000000000000000e+00,-0.000000000000000000e+00
-0.000000000000000000e+00,-0.000000000000000000e+00,-3.055269163488255613e-01,-0.000000000000000000e+00,-2.654535748247598415e-01,-0.000000000000000000e+00,-0.000000000000000000e+00,1.998230252518520822e-01,-2.427791295531749050e-01,-1.000950982221487512e-01,0.000000000000000000e+00,0.000000000000000000e+00,0.000000000000000000e+00,1.802513877493475247e+00,0.000000000000000000e+00,-0.000000000000000000e+00,-0.000000000000000000e+00,-3.515164479722311663e-02,-0.000000000000000000e+00,0.000000000000000000e+00,-2.762498503232426739e-01,0.000000000000000000e+00,-0.000000000000000000e+00,-0.000000000000000000e+00,-0.000000000000000000e+00,-0.000000000000000000e+00,-3.768759406041500420e-02,-0.000000000000000000e+00,-0.000000000000000000e+00,-7.947873568847797776e-02,-0.000000000000000000e+00,-0.000000000000000000e+00,-0.000000000000000000e+00,-0.000000000000000000e+00,-0.000000000000000000e+00,-0.000000000000000000e+00,-0.000000000000000000e+00,-1.513225633574825923e-01,-0.000000000000000000e+00
0.000000000000000000e+00,0.000000000000000000e+00,0.000000000000000000e+00,2.755147505232923844e-01,-0.000000000000000000e+00,2.380527125260517851e-01,-0.000000000000000000e+00,-0.000000000000000000e+00,0.000000000000000000e+00,0.000000000000000000e+00,-2.464853193897934558e-01,-4.009802228934545298e-01,-3.329582075480282954e-01,0.000000000000000000e+00,2.801920441652905325e+00,-0.000000000000000000e+00,0.000000000000000000e+00,-0.000000000000000000e+00,-0.000000000000000000e+00,-1.489470313826335712e-01,0.000000000000000000e+00,-0.000000000000000000e+00,1.104285180454495918e-01,8.212720331567600895e-02,0.000000000000000000e+00,0.000000000000000000e+00,0.000000000000000000e+00,0.000000000000000000e+00,3.606602390805760394e-02,0.000000000000000000e+00,8.767224446657935488e-02,6.107187157411712863e-02,2.088886628275254675e-01,-6.469381084697270468e-02,2.115865087318327120e-01,-1.650644937369127874e-01,1.376034119421599144e-01,0.000000000000000000e+00,-9.281790421541423475e-02
-0.000000000000000000e+00,-0.000000000000000000e+00,-0.000000000000000000e+00,1.408829972280441489e-01,-1.036280614776545345e-01,2.132288886875445891e-02,-0.000000000000000000e+00,-0.000000000000000000e+00,0.000000000000000000e+00,-8.268237920202146929e-02,-1.485035260885591291e-01,-0.000000000000000000e+00,-3.007449553573963291e-02,-0.000000000000000000e+00,-0.000000000000000000e+00,1.941783155792758064e+00,0.000000000000000000e+00,-1.446643738350756603e-01,-0.000000000000000000e+00,-5.216805351333296537e-02,-0.000000000000000000e+00,-0.000000000000000000e+00,0.000000000000000000e+00,0.000000000000000000e+00,-0.000000000000000000e+00,0.000000000000000000e+00,-0.000000000000000000e+00,-0.000000000000000000e+00,0.000000000000000000e+00,-0.000000000000000000e+00,0.000000000000000000e+00,0.000000000000000000e+00,0.000000000000000000e+00,-3.174328788994509321e-01,0.000000000000000000e+00,-5.973033432122180075e-01,0.000000000000000000e+00,-0.000000000000000000e+00,-2.711581728351584730e-01
-0.000000000000000000e+00,-0.000000000000000000e+00,-0.000000000000000000e+00,-0.000000000000000000e+00,0.000000000000000000e+00,-4.943879081570372314e-02,0.000000000000000000e+00,0.000000000000000000e+00,-0.000000000000000000e+00,-0.000000000000000000e+00,0.000000000000000000e+00,8.881456429315152945e-02,1.209927821892363003e-01,-0.000000000000000000e+00,0.000000000000000000e+00,0.000000000000000000e+00,2.328127998231572793e+00,0.000000000000000000e+00,0.000000000000000000e+00,0.000000000000000000e+00,-0.000000000000000000e+00,2.196365053002786727e-01,-2.911550094081101769e-01,-1.071273814503771321e-01,-1.609079492022363611e-01,-2.620042140560423505e-01,-0.000000000000000000e+00,-0.000000000000000000e+00,-3.330936871274681188e-01,-0.000000000000000000e+00,-0.000000000000000000e+00,-7.347132580034430871e-02,-1.078058190760563251e-01,1.192662979365478326e-01,-3.102862115628038375e-01,1.351821040765628819e-02,-2.347854523028899965e-02,-0.000000000000000000e+00,0.000000000000000000e+00
-0.000000000000000000e+00,-0.000000000000000000e+00,-2.284741223746132588e-01,0.000000000000000000e+00,-1.630889973885641109e-01,0.000000000000000000e+00,-1.338690100144305783e-01,0.000000000000000000e+00,-0.000000000000000000e+00,-0.000000000000000000e+00,-0.000000000000000000e+00,-0.000000000000000000e+00,-0.000000000000000000e+00,-3.515164479722311663e-02,-0.000000000000000000e+00,-1.446643738350756603e-01,0.000000000000000000e+00,1.501326314557640540e+00,-2.533968113407175649e-01,-0.000000000000000000e+00,-0.000000000000000000e+00,-0.000000000000000000e+00,0.000000000000000000e+00,0.000000000000000000e+00,-0.000000000000000000e+00,-0.000000000000000000e+00,-0.000000000000000000e+00,-0.000000000000000000e+00,0.000000000000000000e+00,-0.000000000000000000e+00,0.000000000000000000e+00,0.000000000000000000e+00,0.000000000000000000e+00,-2.190920914490260829e-01,0.000000000000000000e+00,-1.802893884535419593e-03,0.000000000000000000e+00,-0.000000000000000000e+00,-3.183405591675825264e-01
0.000000000000000000e+00,-0.000000000000000000e+00,-0.000000000000000000e+00,0.000000000000000000e+00,-0.000000000000000000e+00,0.000000000000000000e+00,-1.376338235849267622e-01,0.000000000000000000e+00,0.000000000000000000e+00,0.000000000000000000e+00,-0.000000000000000000e+00,-1.106625718782730944e-01,-0.000000000000000000e+00,-0.000000000000000000e+00,-0.000000000000000000e+00,-0.000000000000000000e+00,0.000000000000000000e+00,-2.533968113407175649e-01,1.248800469479155906e+00,-8.632677305954360170e-02,-0.000000000000000000e+00,-2.062572322448630036e-01,0.000000000000000000e+00,0.000000000000000000e+00,0.000000000000000000e+00,0.000000000000000000e+00,-0.000000000000000000e+00,-0.000000000000000000e+00,0.000000000000000000e+00,0.000000000000000000e+00,0.000000000000000000e+00,0.000000000000000000e+00,0.000000000000000000e+00,-0.000000000000000000e+00,0.000000000000000000e+00,-0.000000000000000000e+00,0.000000000000000000e+00,0.000000000000000000e+00,-2.149258456074743667e-02
-0.000000000000000000e+00,-0.000000000000000000e+00,-0.000000000000000000e+00,0.000000000000000000e+00,-0.000000000000000000e+00,1.210007458161748428e-01,-2.948364682955325611e-01,-0.000000000000000000e+00,0.000000000000000000e+00,-0.000000000000000000e+00,-1.794704814874681920e-01,-1.642737142926087024e-01,-0.000000000000000000e+00,0.000000000000000000e+00,-1.489470313826335712e-01,-5.216805351333296537e-02,0.000000000000000000e+00,-0.000000000000000000e+00,-8.632677305954360170e-02,1.824145474563736880e+00,-0.000000000000000000e+00,-5.306758979997781012e-01,2.292333097651641505e-02,0.000000000000000000e+00,0.000000000000000000e+00,0.000000000000000000e+00,-0.000000000000000000e+00,-0.000000000000000000e+00,0.000000000000000000e+00,0.000000000000000000e+00,0.000000000000000000e+00,0.000000000000000000e+00,1.436470262484517146e-01,-0.000000000000000000e+00,0.000000000000000000e+00,-3.393381291987331017e-02,0.000000000000000000e+00,0.000000000000000000e+00,-0.000000000000000000e+00
-0.000000000000000000e+00,-0.000000000000000000e+00,-4.646398384451663199e-01,-0.000000000000000000e+00,-3.270185433044024009e-02,-0.000000000000000000e+00,-0.000000000000000000e+00,3.909862471387455241e-01,-9.599319614885939989e-02,-5.748157129161922396e-02,0.000000000000000000e+00,0.000000000000000000e+00,0.000000000000000000e+00,-2.762498503232426739e-01,0.000000000000000000e+00,-0.000000000000000000e+00,-0.000000000000000000e+00,-0.000000000000000000e+00,-0.000000000000000000e+00,-0.000000000000000000e+00,2.554444618079047213e+00,0.000000000000000000e+00,-0.000000000000000000e+00,-0.000000000000000000e+00,-0.000000000000000000e+00,-1.425484523953237104e-01,-3.917679051698169101e-01,-5.823009376350749555e-01,-0.000000000000000000e+00,-0.000000000000000000e+00,-1.603365462273217135e-01,-0.000000000000000000e+00,-0.000000000000000000e+00,-0.000000000000000000e+00,-0.000000000000000000e+00,0.000000000000000000e+00,-0.000000000000000000e+00,-0.000000000000000000e+00,-0.000000000000000000e+00
0.000000000000000000e+00,-0.000000000000000000e+00,0.000000000000000000e+00,0.000000000000000000e+00,-0.000000000000000000e+00,0.000000000000000000e+00,-1.752671018363467781e-01,-0.000000000000000000e+00,0.000000000000000000e+00,0.000000000000000000e+00,-0.000000000000000000e+00,-1.493937111736048096e-01,-7.738362924951325966e-03,0.000000000000000000e+00,-0.000000000000000000e+00,-0.000000000000000000e+00,2.196365053002786727e-01,-0.000000000000000000e+00,-2.062572322448630036e-01,-5.306758979997781012e-01,0.000000000000000000e+00,1.649525902976347158e+00,3.959801196818531904e-02,0.000000000000000000e+00,1.781942212175531906e-02,0.000000000000000000e+00,0.000000000000000000e+00,0.000000000000000000e+00,1.843657499965834640e-02,0.000000000000000000e+00,0.000000000000000000e+00,0.000000000000000000e+00,1.040494011882460573e-01,-0.000000000000000000e+00,0.000000000000000000e+00,-0.000000000000000000e+00,0.000000000000000000e+00,0.000000000000000000e+00,-0.000000000000000000e+00
-0.000000000000000000e+00,-0.000000000000000000e+00,-0.000000000000000000e+00,-0.000000000000000000e+00,0.000000000000000000e+00,-3.409902572502350737e-01,0.000000000000000000e+00,0.000000000000000000e+00,-0.000000000000000000e+00,-0.000000000000000000e+00,0.000000000000000000e+00,2.293486845872245994e-01,5.155669193021945179e-02,-0.000000000000000000e+00,1.104285180454495918e-01,0.000000000000000000e+00,-2.911550094081101769e-01,0.000000000000000000e+00,0.000000000000000000e+00,2.292333097651641505e-02,-0.000000000000000000e+00,3.959801196818531904e-02,2.889041881205569595e+00,-3.967403613160540576e-01,-2.199224962646418591e-01,-0.000000000000000000e+00,-0.000000000000000000e+00,-0.000000000000000000e+00,-3.134477714084381583e-01,-1.336351875386360966e-01,-0.000000000000000000e+00,-9.025898593131899406e-02,-2.353251120827034304e-01,6.198327539004931663e-02,-2.183629473297496737e-01,0.000000000000000000e+00,-1.936860961998947972e-01,-0.000000000000000000e+00,0.000000000000000000e+00
-0.000000000000000000e+00,-0.000000000000000000e+00,-0.000000000000000000e+00,-0.000000000000000000e+00,0.000000000000000000e+00,-2.402425534847196509e-01,0.000000000000000000e+00,0.000000000000000000e+00,-0.000000000000000000e+00,-0.000000000000000000e+00,0.000000000000000000e+00,7.873506624153864264e-02,0.000000000000000000e+00,-0.000000000000000000e+00,8.212720331567600895e-02,0.000000000000000000e+00,-1.071273814503771321e-01,0.000000000000000000e+00,0.000000000000000000e+00,0.000000000000000000e+00,-0.000000000000000000e+00,0.000000000000000000e+00,-3.967403613160540576e-01,2.860614454978690269e+00,-2.105881782856227347e-01,-0.000000000000000000e+00,-0.000000000000000000e+00,-0.000000000000000000e+00,-3.864266072367346649e-01,-2.321638192095166198e-01,-8.186606425874058679e-02,-3.469736992871730319e-01,-1.145664473517176984e-01,4.532701775816838641e-02,-2.248080364740417669e-01,0.000000000000000000e+00,-3.392127171566208799e-01,-0.000000000000000000e+00,0.000000000000000000e+00
-0.000000000000000000e+00,-0.000000000000000000e+00,-0.000000000000000000e+00,-0.000000000000000000e+00,-0.000000000000000000e+00,-0.000000000000000000e+00,0.000000000000000000e+00,0.000000000000000000e+00,-3.647301677450391286e-03,-1.886587016505860692e-01,0.000000000000000000e+00,0.000000000000000000e+00,0.000000000000000000e+00,-0.000000000000000000e+00,0.000000000000000000e+00,-0.000000000000000000e+00,-1.609079492022363611e-01,-0.000000000000000000e+00,0.000000000000000000e+00,0.000000000000000000e+00,-0.000000000000000000e+00,1.781942212175531906e-02,-2.199224962646418591e-01,-2.105881782856227347e-01,2.068660077027835609e+00,-6.661489562615464932e-02,-0.000000000000000000e+00,-0.000000000000000000e+00,-2.871489947015914423e-01,-7.221499838008901273e-01,-0.000000000000000000e+00,-0.000000000000000000e+00,-0.000000000000000000e+00,0.000000000000000000e+00,-0.000000000000000000e+00,0.000000000000000000e+00,-0.000000000000000000e+00,-6.495667884750757140e-03,0.000000000000000000e+00
-0.000000000000000000e+00,-0.000000000000000000e+00,-0.000000000000000000e+00,-0.000000000000000000e+00,-0.000000000000000000e+00,-0.000000000000000000e+00,-0.000000000000000000e+00,0.000000000000000000e+00,-2.789404462915943128e-01,-0.000000000000000000e+00,0.000000000000000000e+00,0.000000000000000000e+00,1.511310620060238585e-01,-0.000000000000000000e+00,0.000000000000000000e+00,0.000000000000000000e+00,-2.620042140560423505e-01,-0.000000000000000000e+00,0.000000000000000000e+00,0.000000000000000000e+00,-1.425484523953237104e-01,0.000000000000000000e+00,-0.000000000000000000e+00,-0.000000000000000000e+00,-6.661489562615464932e-02,2.410657939810842088e+00,-2.445814666221374223e-01,-2.793383029286300445e-01,-2.134894956356621631e-01,-0.000000000000000000e+00,-4.005730633817431441e-01,-1.509966887468373598e-01,-1.047497605079399929e-01,0.000000000000000000e+00,-7.221951215896876830e-02,0.000000000000000000e+00,-3.670892664318062965e-02,-2.098036345110058931e-01,0.000000000000000000e+00
-3.686691496339852131e-02,-9.654794458930783096e-04,-2.229616560207342835e-01,-0.000000000000000000e+00,-0.000000000000000000e+00,-0.000000000000000000e+00,-7.438195477399661693e-02,1.912695598879295689e-01,-2.574538595492459336e-01,-0.000000000000000000e+00,0.000000000000000000e+00,0.000000000000000000e+00,0.000000000000000000e+00,-3.768759406041500420e-02,0.000000000000000000e+00,-0.000000000000000000e+00,-0.000000000000000000e+00,-0.000000000000000000e+00,-0.000000000000000000e+00,-0.000000000000000000e+00,-3.917679051698169101e-01,0.000000000000000000e+00,-0.000000000000000000e+00,-0.000000000000000000e+00,-0.000000000000000000e+00,-2.445814666221374223e-01,2.197557281359243220e+00,-5.534189673244831464e-01,-0.000000000000000000e+00,-0.000000000000000000e+00,-1.304310888788484946e-01,-0.000000000000000000e+00,-0.000000000000000000e+00,-0.000000000000000000e+00,-0.000000000000000000e+00,0.000000000000000000e+00,-0.000000000000000000e+00,-0.000000000000000000e+00,-0.000000000000000000e+00
-9.157958098065836772e-02,-0.000000000000000000e+00,-2.194910748748417906e-01,-0.000000000000000000e+00,-1.710818882544748107e-02,-0.000000000000000000e+00,-2.115472380374467942e-01,1.230436775859247989e-01,-7.918372656017227951e-02,-6.456449493614226098e-02,-0.000000000000000000e+00,0.000000000000000000e+00,0.000000000000000000e+00,-0.000000000000000000e+00,0.000000000000000000e+00,-0.000000000000000000e+00,-0.000000000000000000e+00,-0.000000000000000000e+00,-0.000000000000000000e+00,-0.000000000000000000e+00,-5.823009376350749555e-01,0.000000000000000000e+00,-0.000000000000000000e+00,-0.000000000000000000e+00,-0.000000000000000000e+00,-2.793383029286300445e-01,-5.534189673244831464e-01,2.205379777679950859e+00,-0.000000000000000000e+00,-0.000000000000000000e+00,-0.000000000000000000e+00,-0.000000000000000000e+00,-0.000000000000000000e+00,-0.000000000000000000e+00,-0.000000000000000000e+00,0.000000000000000000e+00,-0.000000000000000000e+00,-0.000000000000000000e+00,-0.000000000000000000e+00
-0.000000000000000000e+00,-0.000000000000000000e+00,-0.000000000000000000e+00,-0.000000000000000000e+00,0.000000000000000000e+00,-1.383033413805627165e-01,0.000000000000000000e+00,0.000000000000000000e+00,-5.841127547640229123e-02,-0.000000000000000000e+00,0.000000000000000000e+00,1.067380802348235902e-01,1.553567625303275848e-04,-0.000000000000000000e+00,3.606602390805760394e-02,0.000000000000000000e+00,-3.330936871274681188e-01,0.000000000000000000e+00,0.000000000000000000e+00,0.000000000000000000e+00,-0.000000000000000000e+00,1.843657499965834640e-02,-3.134477714084381583e-01,-3.864266072367346649e-01,-2.871489947015914423e-01,-2.134894956356621631e-01,-0.000000000000000000e+00,-0.000000000000000000e+00,2.983454242551311975e+00,-1.304119066156982643e-01,-3.506101344828357197e-02,-3.167154487240192440e-01,-1.046203807696042681e-01,9.736614618305812138e-03,-2.739592479667189995e-01,0.000000000000000000e+00,-3.296817984498786602e-01,-0.000000000000000000e+00,0.000000000000000000e+00
-0.000000000000000000e+00,-1.107997676907486878e-01,-0.000000000000000000e+00,-0.000000000000000000e+00,-0.000000000000000000e+00,-0.000000000000000000e+00,0.000000000000000000e+00,0.000000000000000000e+00,-2.102329917547406946e-01,-5.886925035660172112e-01,0.000000000000000000e+00,0.000000000000000000e+00,0.000000000000000000e+00,-7.947873568847797776e-02,0.000000000000000000e+00,-0.000000000000000000e+00,-0.000000000000000000e+00,-0.000000000000000000e+00,0.000000000000000000e+00,0.000000000000000000e+00,-0.000000000000000000e+00,0.000000000000000000e+00,-1.336351875386360966e-01,-2.321638192095166198e-01,-7.221499838008901273e-01,-0.000000000000000000e+00,-0.000000000000000000e+00,-0.000000000000000000e+00,-1.304119066156982643e-01,2.265229700690542192e+00,-0.000000000000000000e+00,-0.000000000000000000e+00,-0.000000000000000000e+00,0.000000000000000000e+00,-0.000000000000000000e+00,0.000000000000000000e+00,-0.000000000000000000e+00,-6.468363908293688069e-02,0.000000000000000000e+00
-0.000000000000000000e+00,-0.000000000000000000e+00,-0.000000000000000000e+00,-1.018345488523996201e-01,-0.000000000000000000e+00,-0.000000000000000000e+00,-0.000000000000000000e+00,2.902505379752119419e-01,-7.588593411125132970e-02,-0.000000000000000000e+00,0.000000000000000000e+00,0.000000000000000000e+00,6.164637467222855438e-01,-0.000000000000000000e+00,8.767224446657935488e-02,0.000000000000000000e+00,-0.000000000000000000e+00,0.000000000000000000e+00,0.000000000000000000e+00,0.000000000000000000e+00,-1.603365462273217135e-01,0.000000000000000000e+00,-0.000000000000000000e+00,-8.186606425874058679e-02,-0.000000000000000000e+00,-4.005730633817431441e-01,-1.304310888788484946e-01,-0.000000000000000000e+00,-3.506101344828357197e-02,-0.000000000000000000e+00,2.642383382858237262e+00,-2.606047655911530314e-01,-1.998405705134327082e-01,0.000000000000000000e+00,-1.929938250789134113e-01,1.561208813409441926e-02,-1.606838662180825328e-01,-0.000000000000000000e+00,0.000000000000000000e+00
-0.000000000000000000e+00,-0.000000000000000000e+00,-0.000000000000000000e+00,-2.027915097255269250e-01,0.000000000000000000e+00,-1.417604497511470996e-01,-0.000000000000000000e+00,0.000000000000000000e+00,-1.651602164302880260e-01,-0.000000000000000000e+00,0.000000000000000000e+00,0.000000000000000000e+00,0.000000000000000000e+00,-0.000000000000000000e+00,6.107187157411712863e-02,0.000000000000000000e+00,-7.347132580034430871e-02,0.000000000000000000e+00,0.000000000000000000e+00,0.000000000000000000e+00,-0.000000000000000000e+00,0.000000000000000000e+00,-9.025898593131899406e-02,-3.469736992871730319e-01,-0.000000000000000000e+00,-1.509966887468373598e-01,-0.000000000000000000e+00,-0.000000000000000000e+00,-3.167154487240192440e-01,-0.000000000000000000e+00,-2.606047655911530314e-01,2.711954846243360695e+00,-1.557694866318293792e-01,0.000000000000000000e+00,-2.273097770289478348e-01,2.686007214224233122e-02,-5.029031847989108295e-01,-0.000000000000000000e+00,0.000000000000000000e+00
-0.000000000000000000e+00,-0.000000000000000000e+00,-0.000000000000000000e+00,-0.000000000000000000e+00,0.000000000000000000e+00,-2.095119938154171024e-01,0.000000000000000000e+00,0.000000000000000000e+00,-0.000000000000000000e+00,-0.000000000000000000e+00,1.264303344400718732e-01,7.116816461525023174e-02,3.972583674254244190e-01,-0.000000000000000000e+00,2.088886628275254675e-01,0.000000000000000000e+00,-1.078058190760563251e-01,0.000000000000000000e+00,0.000000000000000000e+00,1.436470262484517146e-01,-0.000000000000000000e+00,1.040494011882460573e-01,-2.353251120827034304e-01,-1.145664473517176984e-01,-0.000000000000000000e+00,-1.047497605079399929e-01,-0.000000000000000000e+00,-0.000000000000000000e+00,-1.046203807696042681e-01,-0.000000000000000000e+00,-1.998405705134327082e-01,-1.557694866318293792e-01,2.681575122068449613e+00,0.000000000000000000e+00,-2.105675264633134480e-01,8.137407009266034441e-02,-1.512230813788907613e-01,-8.344338428632976090e-03,0.000000000000000000e+00
-0.000000000000000000e+00,-0.000000000000000000e+00,-0.000000000000000000e+00,0.000000000000000000e+00,-3.678842097354759200e-01,2.772973947147407414e-01,-0.000000000000000000e+00,0.000000000000000000e+00,0.000000000000000000e+00,-0.000000000000000000e+00,-0.000000000000000000e+00,-2.562901143303708551e-01,-0.000000000000000000e+00,-0.000000000000000000e+00,-6.469381084697270468e-02,-3.174328788994509321e-01,1.192662979365478326e-01,-2.190920914490260829e-01,-0.000000000000000000e+00,-0.000000000000000000e+00,-0.000000000000000000e+00,-0.000000000000000000e+00,6.198327539004931663e-02,4.532701775816838641e-02,0.000000000000000000e+00,0.000000000000000000e+00,-0.000000000000000000e+00,-0.000000000000000000e+00,9.736614618305812138e-03,0.000000000000000000e+00,0.000000000000000000e+00,0.000000000000000000e+00,0.000000000000000000e+00,2.462497772675415586e+00,1.592237315668355579e-01,-1.449236175363146362e-01,1.520492571823885419e-01,-0.000000000000000000e+00,-5.513576785536338232e-01
-0.000000000000000000e+00,-0.000000000000000000e+00,-0.000000000000000000e+00,-1.394893095973716475e-02,0.000000000000000000e+00,-2.005838704685734553e-01,0.000000000000000000e+00,0.000000000000000000e+00,-0.000000000000000000e+00,-0.000000000000000000e+00,0.000000000000000000e+00,1.874571750414032456e-01,2.464535135579938863e-01,-0.000000000000000000e+00,2.115865087318327120e-01,0.000000000000000000e+00,-3.102862115628038375e-01,0.000000000000000000e+00,0.000000000000000000e+00,0.000000000000000000e+00,-0.000000000000000000e+00,0.000000000000000000e+00,-2.183629473297496737e-01,-2.248080364740417669e-01,-0.000000000000000000e+00,-7.221951215896876830e-02,-0.000000000000000000e+00,-0.000000000000000000e+00,-2.739592479667189995e-01,-0.000000000000000000e+00,-1.929938250789134113e-01,-2.273097770289478348e-01,-2.105675264633134480e-01,1.592237315668355579e-01,3.093207301133872100e+00,1.523285207503675409e-01,-2.743126435357762238e-01,-0.000000000000000000e+00,2.284468811245026973e-02
0.000000000000000000e+00,0.000000000000000000e+00,0.000000000000000000e+00,2.091656129268676667e-01,-0.000000000000000000e+00,7.042183203535345992e-02,-0.000000000000000000e+00,-0.000000000000000000e+00,0.000000000000000000e+00,-0.000000000000000000e+00,-2.374348183132672652e-01,-1.757424081881154843e-01,-2.199926934588340710e-01,-0.000000000000000000e+00,-1.650644937369127874e-01,-5.973033432122180075e-01,1.351821040765628819e-02,-1.802893884535419593e-03,-0.000000000000000000e+00,-3.393381291987331017e-02,0.000000000000000000e+00,-0.000000000000000000e+00,0.000000000000000000e+00,0.000000000000000000e+00,0.000000000000000000e+00,0.000000000000000000e+00,0.000000000000000000e+00,0.000000000000000000e+00,0.000000000000000000e+00,0.000000000000000000e+00,1.561208813409441926e-02,2.686007214224233122e-02,8.137407009266034441e-02,-1.449236175363146362e-01,1.523285207503675409e-01,2.530640278087087580e+00,1.054000187935053151e-01,0.000000000000000000e+00,-3.363197197792243132e-01
-0.000000000000000000e+00,-0.000000000000000000e+00,-0.000000000000000000e+00,-1.462154434913285339e-01,0.000000000000000000e+00,-2.394768272715910862e-01,-0.000000000000000000e+00,0.000000000000000000e+00,-0.000000000000000000e+00,-0.000000000000000000e+00,6.834072226455192856e-02,1.180009007773992341e-01,0.000000000000000000e+00,-0.000000000000000000e+00,1.376034119421599144e-01,0.000000000000000000e+00,-2.347854523028899965e-02,0.000000000000000000e+00,0.000000000000000000e+00,0.000000000000000000e+00,-0.000000000000000000e+00,0.000000000000000000e+00,-1.936860961998947972e-01,-3.392127171566208799e-01,-0.000000000000000000e+00,-3.670892664318062965e-02,-0.000000000000000000e+00,-0.000000000000000000e+00,-3.296817984498786602e-01,-0.000000000000000000e+00,-1.606838662180825328e-01,-5.029031847989108295e-01,-1.512230813788907613e-01,1.520492571823885419e-01,-2.743126435357762238e-01,1.054000187935053151e-01,2.936210871167178382e+00,-0.000000000000000000e+00,0.000000000000000000e+00
-0.000000000000000000e+00,-1.252526637751707472e-01,-0.000000000000000000e+00,-0.000000000000000000e+00,-0.000000000000000000e+00,-0.000000000000000000e+00,-0.000000000000000000e+00,2.188951470332550081e-02,-1.232219179157212213e-01,-7.796885126129141086e-02,0.000000000000000000e+00,0.000000000000000000e+00,0.000000000000000000e+00,-1.513225633574825923e-01,0.000000000000000000e+00,-0.000000000000000000e+00,-0.000000000000000000e+00,-0.000000000000000000e+00,0.000000000000000000e+00,0.000000000000000000e+00,-0.000000000000000000e+00,0.000000000000000000e+00,-0.000000000000000000e+00,-0.000000000000000000e+00,-6.495667884750757140e-03,-2.098036345110058931e-01,-0.000000000000000000e+00,-0.000000000000000000e+00,-0.000000000000000000e+00,-6.468363908293688069e-02,-0.000000000000000000e+00,-0.000000000000000000e+00,-8.344338428632976090e-03,-0.000000000000000000e+00,-0.000000000000000000e+00,0.000000000000000000e+00,-0.000000000000000000e+00,1.267736682197064146e+00,-0.000000000000000000e+00
-0.000000000000000000e+00,0.000000000000000000e+00,-0.000000000000000000e+00,7.266353326384436540e-02,-0.000000000000000000e+00,1.336462798557731813e-01,-0.000000000000000000e+00,0.000000000000000000e+00,0.000000000000000000e+00,-0.000000000000000000e+00,-9.557947470225652831e-02,-3.847828009797920612e-01,-0.000000000000000000e+00,-0.000000000000000000e+00,-9.281790421541423475e-02,-2.711581728351584730e-01,0.000000000000000000e+00,-3.183405591675825264e-01,-2.149258456074743667e-02,-0.000000000000000000e+00,-0.000000000000000000e+00,-0.000000000000000000e+00,0.000000000000000000e+00,0.000000000000000000e+00,0.000000000000000000e+00,0.000000000000000000e+00,-0.000000000000000000e+00,-0.000000000000000000e+00,0.000000000000000000e+00,0.000000000000000000e+00,0.000000000000000000e+00,0.000000000000000000e+00,0.000000000000000000e+00,-5.513576785536338232e-01,2.284468811245026973e-02,-3.363197197792243132e-01,0.000000000000000000e+00,-0.000000000000000000e+00,2.319129684612009523e+00
