2.000381746532986504e+00,-0.000000000000000000e+00,-0.000000000000000000e+00,0.000000000000000000e+00,-0.000000000000000000e+00,-0.000000000000000000e+00,0.000000000000000000e+00,0.000000000000000000e+00,-9.118181611769629255e-03,-0.000000000000000000e+00,-2.354020474424016185e-01,0.000000000000000000e+00,-0.000000000000000000e+00,-0.000000000000000000e+00,-0.000000000000000000e+00,-3.218369361399301964e-01,-0.000000000000000000e+00,-4.523997625249638888e-01,0.000000000000000000e+00,-3.897263930195755954e-02,-0.000000000000000000e+00,-0.000000000000000000e+00,-0.000000000000000000e+00,-0.000000000000000000e+00,-0.000000000000000000e+00,-0.000000000000000000e+00,8.351160315061904871e-02,-1.124960848132451896e-01,-3.204006091568037951e-01,-3.904275292043548062e-01,1.947241512981503497e-01,0.000000000000000000e+00,0.000000000000000000e+00,-0.000000000000000000e+00,0.000000000000000000e+00,-0.000000000000000000e+00,0.000000000000000000e+00,-2.640780112924180356e-01,-0.000000000000000000e+00
-0.000000000000000000e+00,2.083665632833739068e+00,-0.000000000000000000e+00,-0.000000000000000000e+00,-0.000000000000000000e+00,-0.000000000000000000e+00,0.000000000000000000e+00,7.488970800872697675e-02,-0.000000000000000000e+00,-3.788019314433969664e-01,-0.000000000000000000e+00,-2.785480711084350330e-02,-0.000000000000000000e+00,-1.246829078463447260e-01,3.689805309533539940e-02,-3.181491852642295282e-01,-0.000000000000000000e+00,0.000000000000000000e+00,0.000000000000000000e+00,0.000000000000000000e+00,-0.000000000000000000e+00,-0.000000000000000000e+00,-2.363037832087861168e-01,-0.000000000000000000e+00,-2.895375987642921922e-01,0.000000000000000000e+00,-0.000000000000000000e+00,0.000000000000000000e+00,-0.000000000000000000e+00,-0.000000000000000000e+00,-0.000000000000000000e+00,-0.000000000000000000e+00,0.000000000000000000e+00,-0.000000000000000000e+00,0.000000000000000000e+00,-3.067108025448346542e-02,-0.000000000000000000e+00,-0.000000000000000000e+00,-6.233493625733632637e-01
-0.000000000000000000e+00,-0.000000000000000000e+00,1.758941248551730174e+00,-0.000000000000000000e+00,-0.000000000000000000e+00,0.000000000000000000e+00,-3.073290992936841270e-01,0.000000000000000000e+00,-2.395302271668657002e-01,0.000000000000000000e+00,-0.000000000000000000e+00,0.000000000000000000e+00,1.628824372720434621e-01,-0.000000000000000000e+00,0.000000000000000000e+00,-0.000000000000000000e+00,0.000000000000000000e+00,-0.000000000000000000e+00,-2.962965381965336209e-01,-0.000000000000000000e+00,-9.105340447986427777e-02,-0.000000000000000000e+00,-0.000000000000000000e+00,-0.000000000000000000e+00,0.000000000000000000e+00,-1.476731640484035823e-01,-2.429941262472732622e-01,-0.000000000000000000e+00,-0.000000000000000000e+00,-0.000000000000000000e+00,-0.000000000000000000e+00,-0.000000000000000000e+00,-4.552073357530776465e-01,-0.000000000000000000e+00,-0.000000000000000000e+00,-0.000000000000000000e+00,-0.000000000000000000e+00,-0.000000000000000000e+00,0.000000000000000000e+00
0.000000000000000000e+00,-0.000000000000000000e+00,-0.000000000000000000e+00,1.397990320581893098e+00,-8.908393506634827708e-02,-0.000000000000000000e+00,-4.199290271800728003e-01,1.487385989118774898e-01,-0.000000000000000000e+00,-0.000000000000000000e+00,-0.000000000000000000e+00,-1.052612863020962741e-01,-0.000000000000000000e+00,0.000000000000000000e+00,0.000000000000000000e+00,-0.000000000000000000e+00,6.748693642166528339e-02,-0.000000000000000000e+00,-2.586817608192725215e-01,0.000000000000000000e+00,-0.000000000000000000e+00,-0.000000000000000000e+00,-0.000000000000000000e+00,-0.000000000000000000e+00,-0.000000000000000000e+00,1.764216804210104184e-01,-0.000000000000000000e+00,0.000000000000000000e+00,5.040262941854342128e-03,0.000000000000000000e+00,-0.000000000000000000e+00,-0.000000000000000000e+00,0.000000000000000000e+00,-0.000000000000000000e+00,0.000000000000000000e+00,0.000000000000000000e+00,-0.000000000000000000e+00,0.000000000000000000e+00,0.000000000000000000e+00
-0.000000000000000000e+00,-0.000000000000000000e+00,-0.000000000000000000e+00,-8.908393506634827708e-02,1.565058528372019309e+00,0.000000000000000000e+00,-0.000000000000000000e+00,0.000000000000000000e+00,-3.922812528376404262e-01,-0.000000000000000000e+00,-0.000000000000000000e+00,-1.261812767340735227e-02,-0.000000000000000000e+00,-0.000000000000000000e+00,3.555606773869650350e-02,-4.644121242239548225e-02,0.000000000000000000e+00,-0.000000000000000000e+00,-3.759974333863472240e-01,0.000000000000000000e+00,0.000000000000000000e+00,-0.000000000000000000e+00,-0.000000000000000000e+00,0.000000000000000000e+00,-0.000000000000000000e+00,0.000000000000000000e+00,-0.000000000000000000e+00,-0.000000000000000000e+00,0.000000000000000000e+00,-0.000000000000000000e+00,-0.000000000000000000e+00,-0.000000000000000000e+00,0.000000000000000000e+00,-3.666871126923968993e-01,0.000000000000000000e+00,-0.000000000000000000e+00,-0.000000000000000000e+00,0.000000000000000000e+00,-0.000000000000000000e+00
-0.000000000000000000e+00,-0.000000000000000000e+00,0.000000000000000000e+00,-0.000000000000000000e+00,0.000000000000000000e+00,1.901343140060054893e+00,0.000000000000000000e+00,0.000000000000000000e+00,-0.000000000000000000e+00,0.000000000000000000e+00,-0.000000000000000000e+00,-0.000000000000000000e+00,-0.000000000000000000e+00,-0.000000000000000000e+00,-0.000000000000000000e+00,-0.000000000000000000e+00,5.782817654127279244e-02,-0.000000000000000000e+00,7.831565726934694438e-02,-0.000000000000000000e+00,-1.587330233765631149e-01,-0.000000000000000000e+00,-5.001231877329971320e-01,-2.990795546638690405e-01,-3.269809188556696000e-01,-0.000000000000000000e+00,-0.000000000000000000e+00,-0.000000000000000000e+00,-1.825465896121372389e-01,-0.000000000000000000e+00,0.000000000000000000e+00,-0.000000000000000000e+00,-0.000000000000000000e+00,0.000000000000000000e+00,-1.180766480948113872e-01,0.000000000000000000e+00,-9.951979621995031555e-02,-0.000000000000000000e+00,-0.000000000000000000e+00
0.000000000000000000e+00,0.000000000000000000e+00,-3.073290992936841270e-01,-4.199290271800728003e-01,-0.000000000000000000e+00,0.000000000000000000e+00,1.406348548396868958e+00,0.000000000000000000e+00,-0.000000000000000000e+00,0.000000000000000000e+00,-0.000000000000000000e+00,-0.000000000000000000e+00,0.000000000000000000e+00,0.000000000000000000e+00,1.450193338558758982e-01,0.000000000000000000e+00,0.000000000000000000e+00,0.000000000000000000e+00,-1.731068989615734688e-01,-0.000000000000000000e+00,-0.000000000000000000e+00,-0.000000000000000000e+00,0.000000000000000000e+00,0.000000000000000000e+00,0.000000000000000000e+00,-0.000000000000000000e+00,-0.000000000000000000e+00,0.000000000000000000e+00,1.530848268237010659e-02,0.000000000000000000e+00,-1.798442311412702665e-01,-0.000000000000000000e+00,-0.000000000000000000e+00,0.000000000000000000e+00,-0.000000000000000000e+00,0.000000000000000000e+00,-0.000000000000000000e+00,0.000000000000000000e+00,0.000000000000000000e+00
0.000000000000000000e+00,7.488970800872697675e-02,0.000000000000000000e+00,1.487385989118774898e-01,0.000000000000000000e+00,0.000000000000000000e+00,0.000000000000000000e+00,1.597014878655196313e+00,0.000000000000000000e+00,8.243347852052479441e-02,0.000000000000000000e+00,1.358704182841448567e-02,0.000000000000000000e+00,-0.000000000000000000e+00,-4.095078907690766906e-02,2.733551981804302478e-01,-0.000000000000000000e+00,4.764518917984630203e-02,2.636814439872972593e-01,-1.172253995756368343e-02,-0.000000000000000000e+00,0.000000000000000000e+00,0.000000000000000000e+00,0.000000000000000000e+00,2.797989350984720902e-01,-0.000000000000000000e+00,-0.000000000000000000e+00,-0.000000000000000000e+00,-0.000000000000000000e+00,0.000000000000000000e+00,0.000000000000000000e+00,0.000000000000000000e+00,-1.136092351550152708e-02,3.113508206311395576e-01,-4.920916828974598867e-02,0.000000000000000000e+00,0.000000000000000000e+00,-0.000000000000000000e+00,0.000000000000000000e+00
-9.118181611769629255e-03,-0.000000000000000000e+00,-2.395302271668657002e-01,-0.000000000000000000e+00,-3.922812528376404262e-01,-0.000000000000000000e+00,-0.000000000000000000e+00,0.000000000000000000e+00,2.013559203333756820e+00,-1.573332096271691516e-01,-5.894006455423445034e-02,-0.000000000000000000e+00,-0.000000000000000000e+00,-2.112065906836321227e-01,-0.000000000000000000e+00,-4.112365060174929532e-01,-0.000000000000000000e+00,-4.847017340280953407e-02,-0.000000000000000000e+00,-0.000000000000000000e+00,-0.000000000000000000e+00,-0.000000000000000000e+00,-8.197965480918084635e-02,-0.000000000000000000e+00,-0.000000000000000000e+00,-0.000000000000000000e+00,-0.000000000000000000e+00,-1.221100652717065083e-01,-0.000000000000000000e+00,-2.117296195269497139e-01,-0.000000000000000000e+00,-0.000000000000000000e+00,-0.000000000000000000e+00,-1.657361367698355348e-01,-0.000000000000000000e+00,-2.874541463461969398e-02,-0.000000000000000000e+00,-9.773639844933997012e-02,-1.172779333079034952e-01
-0.000000000000000000e+00,-3.788019314433969664e-01,0.000000000000000000e+00,-0.000000000000000000e+00,-0.000000000000000000e+00,0.000000000000000000e+00,0.000000000000000000e+00,8.243347852052479441e-02,-1.573332096271691516e-01,2.306636429819234557e+00,-0.000000000000000000e+00,-7.328641874883554119e-02,-0.000000000000000000e+00,-0.000000000000000000e+00,0.000000000000000000e+00,-9.950637829091641962e-01,-0.000000000000000000e+00,-0.000000000000000000e+00,-0.000000000000000000e+00,0.000000000000000000e+00,0.000000000000000000e+00,0.000000000000000000e+00,-0.000000000000000000e+00,0.000000000000000000e+00,-0.000000000000000000e+00,0.000000000000000000e+00,0.000000000000000000e+00,-0.000000000000000000e+00,0.000000000000000000e+00,-0.000000000000000000e+00,-0.000000000000000000e+00,0.000000000000000000e+00,0.000000000000000000e+00,-1.765875767251270934e-01,0.000000000000000000e+00,-3.474882628721792099e-01,0.000000000000000000e+00,0.000000000000000000e+00,-1.434492869192653119e-01
-2.354020474424016185e-01,-0.000000000000000000e+00,-0.000000000000000000e+00,-0.000000000000000000e+00,-0.000000000000000000e+00,-0.000000000000000000e+00,-0.000000000000000000e+00,0.000000000000000000e+00,-5.894006455423445034e-02,-0.000000000000000000e+00,1.424998002956048726e+00,-0.000000000000000000e+00,0.000000000000000000e+00,-0.000000000000000000e+00,-0.000000000000000000e+00,-1.578718200969652097e-01,-2.681048926653173403e-01,-1.285524160571898389e-01,-0.000000000000000000e+00,-1.705893664105345153e-01,-0.000000000000000000e+00,-0.000000000000000000e+00,-0.000000000000000000e+00,-0.000000000000000000e+00,-0.000000000000000000e+00,-0.000000000000000000e+00,0.000000000000000000e+00,-2.495361227654612213e-01,-0.000000000000000000e+00,-0.000000000000000000e+00,-0.000000000000000000e+00,-0.000000000000000000e+00,-0.000000000000000000e+00,0.000000000000000000e+00,-0.000000000000000000e+00,0.000000000000000000e+00,-4.828496360172442742e-02,-1.466326910728859602e-02,-0.000000000000000000e+00
0.000000000000000000e+00,-2.785480711084350330e-02,0.000000000000000000e+00,-1.052612863020962741e-01,-1.261812767340735227e-02,-0.000000000000000000e+00,-0.000000000000000000e+00,1.358704182841448567e-02,-0.000000000000000000e+00,-7.328641874883554119e-02,-0.000000000000000000e+00,1.976404118897168605e+00,-0.000000000000000000e+00,-0.000000000000000000e+00,2.291382767957502731e-01,-0.000000000000000000e+00,0.000000000000000000e+00,0.000000000000000000e+00,-0.000000000000000000e+00,0.000000000000000000e+00,0.000000000000000000e+00,-8.414309022470263522e-02,-0.000000000000000000e+00,-0.000000000000000000e+00,-1.174116401324921261e-01,6.897664378074830349e-01,-0.000000000000000000e+00,0.000000000000000000e+00,1.948189258187448536e-01,0.000000000000000000e+00,-3.040117217730461258e-02,-4.546272039388379871e-01,0.000000000000000000e+00,-2.941921320809337548e-02,0.000000000000000000e+00,-0.000000000000000000e+00,-0.000000000000000000e+00,9.047311429506436908e-02,-4.838008526195488601e-01
-0.000000000000000000e+00,-0.000000000000000000e+00,1.628824372720434621e-01,-0.000000000000000000e+00,-0.000000000000000000e+00,-0.000000000000000000e+00,0.000000000000000000e+00,0.000000000000000000e+00,-0.000000000000000000e+00,-0.000000000000000000e+00,0.000000000000000000e+00,-0.000000000000000000e+00,1.200793378931288791e+00,0.000000000000000000e+00,-0.000000000000000000e+00,-0.000000000000000000e+00,-0.000000000000000000e+00,-0.000000000000000000e+00,0.000000000000000000e+00,3.010146984387779973e-02,1.245713654708674629e-02,7.839707705911889285e-03,0.000000000000000000e+00,0.000000000000000000e+00,0.000000000000000000e+00,0.000000000000000000e+00,1.935433118932225471e-01,0.000000000000000000e+00,-0.000000000000000000e+00,-0.000000000000000000e+00,1.415473867685604070e-01,0.000000000000000000e+00,8.828250544386925802e-02,-0.000000000000000000e+00,6.795149116789732380e-02,-0.000000000000000000e+00,0.000000000000000000e+00,-0.000000000000000000e+00,-0.000000000000000000e+00
-0.000000000000000000e+00,-1.246829078463447260e-01,-0.000000000000000000e+00,0.000000000000000000e+00,-0.000000000000000000e+00,-0.000000000000000000e+00,0.000000000000000000e+00,-0.000000000000000000e+00,-2.112065906836321227e-01,-0.000000000000000000e+00,-0.000000000000000000e+00,-0.000000000000000000e+00,0.000000000000000000e+00,1.654958293871853003e+00,-0.000000000000000000e+00,-0.000000000000000000e+00,-0.000000000000000000e+00,0.000000000000000000e+00,0.000000000000000000e+00,-0.000000000000000000e+00,-0.000000000000000000e+00,0.000000000000000000e+00,-9.637557331913182423e-02,-1.519515792100538942e-01,-0.000000000000000000e+00,-0.000000000000000000e+00,-0.000000000000000000e+00,-0.000000000000000000e+00,-1.123922682747642982e-01,-1.267068066420619366e-01,-2.553869929153341767e-01,-0.000000000000000000e+00,-1.050702645351896947e-01,-0.000000000000000000e+00,-3.438312372958586827e-01,-1.428723618496237635e-01,-2.311471670493760872e-02,-0.000000000000000000e+00,-0.000000000000000000e+00
-0.000000000000000000e+00,3.689805309533539940e-02,0.000000000000000000e+00,0.000000000000000000e+00,3.555606773869650350e-02,-0.000000000000000000e+00,1.450193338558758982e-01,-4.095078907690766906e-02,-0.000000000000000000e+00,0.000000000000000000e+00,-0.000000000000000000e+00,2.291382767957502731e-01,-0.000000000000000000e+00,-0.000000000000000000e+00,1.735394217757372015e+00,0.000000000000000000e+00,-0.000000000000000000e+00,-4.513487484617054873e-02,7.365424634676351161e-03,-4.420930783924240104e-02,-0.000000000000000000e+00,0.000000000000000000e+00,-0.000000000000000000e+00,-0.000000000000000000e+00,0.000000000000000000e+00,-2.307731298709829112e-02,2.581891972325430773e-01,-8.805793288259830542e-02,-2.216060149488140729e-01,-4.412404781785287389e-01,0.000000000000000000e+00,4.516968152490311028e-02,-0.000000000000000000e+00,0.000000000000000000e+00,-0.000000000000000000e+00,-0.000000000000000000e+00,0.000000000000000000e+00,-4.259303241124915984e-01,0.000000000000000000e+00
-3.218369361399301964e-01,-3.181491852642295282e-01,-0.000000000000000000e+00,-0.000000000000000000e+00,-4.644121242239548225e-02,-0.000000000000000000e+00,0.000000000000000000e+00,2.733551981804302478e-01,-4.112365060174929532e-01,-9.950637829091641962e-01,-1.578718200969652097e-01,-0.000000000000000000e+00,-0.000000000000000000e+00,-0.000000000000000000e+00,0.000000000000000000e+00,2.540927715367202744e+00,-0.000000000000000000e+00,-0.000000000000000000e+00,-0.000000000000000000e+00,-0.000000000000000000e+00,0.000000000000000000e+00,-0.000000000000000000e+00,-4.057752847626489717e-02,-0.000000000000000000e+00,-4.719402218409240318e-02,0.000000000000000000e+00,0.000000000000000000e+00,-0.000000000000000000e+00,-0.000000000000000000e+00,-2.126310010652555094e-01,-0.000000000000000000e+00,-0.000000000000000000e+00,0.000000000000000000e+00,-0.000000000000000000e+00,0.000000000000000000e+00,-0.000000000000000000e+00,-0.000000000000000000e+00,-0.000000000000000000e+00,-0.000000000000000000e+00
-0.000000000000000000e+00,-0.000000000000000000e+00,0.000000000000000000e+00,6.748693642166528339e-02,0.000000000000000000e+00,5.782817654127279244e-02,0.000000000000000000e+00,-0.000000000000000000e+00,-0.000000000000000000e+00,-0.000000000000000000e+00,-2.681048926653173403e-01,0.000000000000000000e+00,-0.000000000000000000e+00,-0.000000000000000000e+00,-0.000000000000000000e+00,-0.000000000000000000e+00,1.104199502534390032e+00,0.000000000000000000e+00,0.000000000000000000e+00,-0.000000000000000000e+00,0.000000000000000000e+00,8.292069794136296135e-02,0.000000000000000000e+00,9.751943336395957340e-02,6.526153982953349086e-02,-0.000000000000000000e+00,0.000000000000000000e+00,0.000000000000000000e+00,-0.000000000000000000e+00,-0.000000000000000000e+00,0.000000000000000000e+00,0.000000000000000000e+00,-0.000000000000000000e+00,0.000000000000000000e+00,-0.000000000000000000e+00,-0.000000000000000000e+00,0.000000000000000000e+00,-5.701729434247630041e-02,-0.000000000000000000e+00
-4.523997625249638888e-01,0.000000000000000000e+00,-0.000000000000000000e+00,-0.000000000000000000e+00,-0.000000000000000000e+00,-0.000000000000000000e+00,0.000000000000000000e+00,4.764518917984630203e-02,-4.847017340280953407e-02,-0.000000000000000000e+00,-1.285524160571898389e-01,0.000000000000000000e+00,-0.000000000000000000e+00,0.000000000000000000e+00,-4.513487484617054873e-02,-0.000000000000000000e+00,0.000000000000000000e+00,1.456459733280353719e+00,-2.967206722383833872e-01,-0.000000000000000000e+00,-0.000000000000000000e+00,-0.000000000000000000e+00,-0.000000000000000000e+00,0.000000000000000000e+00,-0.000000000000000000e+00,-0.000000000000000000e+00,0.000000000000000000e+00,-1.458032954991404506e-01,-0.000000000000000000e+00,-2.922495212720362112e-02,0.000000000000000000e+00,0.000000000000000000e+00,-0.000000000000000000e+00,-4.908274312497831748e-02,0.000000000000000000e+00,-0.000000000000000000e+00,0.000000000000000000e+00,-0.000000000000000000e+00,0.000000000000000000e+00
0.000000000000000000e+00,0.000000000000000000e+00,-2.962965381965336209e-01,-2.586817608192725215e-01,-3.759974333863472240e-01,7.831565726934694438e-02,-1.731068989615734688e-01,2.636814439872972593e-01,-0.000000000000000000e+00,-0.000000000000000000e+00,-0.000000000000000000e+00,-0.000000000000000000e+00,0.000000000000000000e+00,0.000000000000000000e+00,7.365424634676351161e-03,-0.000000000000000000e+00,0.000000000000000000e+00,-2.967206722383833872e-01,1.801968505731779580e+00,0.000000000000000000e+00,0.000000000000000000e+00,-0.000000000000000000e+00,0.000000000000000000e+00,0.000000000000000000e+00,0.000000000000000000e+00,0.000000000000000000e+00,-0.000000000000000000e+00,0.000000000000000000e+00,1.173006465354224370e-01,0.000000000000000000e+00,-0.000000000000000000e+00,0.000000000000000000e+00,0.000000000000000000e+00,-3.476560275026819857e-01,2.056353449738120356e-02,-0.000000000000000000e+00,0.000000000000000000e+00,0.000000000000000000e+00,0.000000000000000000e+00
-3.897263930195755954e-02,0.000000000000000000e+00,-0.000000000000000000e+00,0.000000000000000000e+00,0.000000000000000000e+00,-0.000000000000000000e+00,-0.000000000000000000e+00,-1.172253995756368343e-02,-0.000000000000000000e+00,0.000000000000000000e+00,-1.705893664105345153e-01,0.000000000000000000e+00,3.010146984387779973e-02,-0.000000000000000000e+00,-4.420930783924240104e-02,-0.000000000000000000e+00,-0.000000000000000000e+00,-0.000000000000000000e+00,0.000000000000000000e+00,1.367396926317756334e+00,-2.884188552081474732e-01,-1.490829786546769009e-01,-0.000000000000000000e+00,-0.000000000000000000e+00,-0.000000000000000000e+00,-0.000000000000000000e+00,-0.000000000000000000e+00,-1.072163933085287513e-01,-0.000000000000000000e+00,-0.000000000000000000e+00,0.000000000000000000e+00,-0.000000000000000000e+00,-1.392226127091815147e-01,4.553237754559954359e-02,-5.810193606822719459e-02,0.000000000000000000e+00,-0.000000000000000000e+00,-0.000000000000000000e+00,-0.000000000000000000e+00
-0.000000000000000000e+00,-0.000000000000000000e+00,-9.105340447986427777e-02,-0.000000000000000000e+00,0.000000000000000000e+00,-1.587330233765631149e-01,-0.000000000000000000e+00,-0.000000000000000000e+00,-0.000000000000000000e+00,0.000000000000000000e+00,-0.000000000000000000e+00,0.000000000000000000e+00,1.245713654708674629e-02,-0.000000000000000000e+00,-0.000000000000000000e+00,0.000000000000000000e+00,0.000000000000000000e+00,-0.000000000000000000e+00,0.000000000000000000e+00,-2.884188552081474732e-01,2.525602878532345663e+00,-5.265337601589219485e-01,-6.286197658970202329e-02,-3.771139581553732967e-01,-0.000000000000000000e+00,-4.502708443709876190e-02,-0.000000000000000000e+00,-5.963610507739033340e-01,-0.000000000000000000e+00,-0.000000000000000000e+00,-0.000000000000000000e+00,-0.000000000000000000e+00,-4.955657948489526343e-01,0.000000000000000000e+00,-1.088228318238289860e-01,0.000000000000000000e+00,-0.000000000000000000e+00,-0.000000000000000000e+00,0.000000000000000000e+00
-0.000000000000000000e+00,-0.000000000000000000e+00,-0.000000000000000000e+00,-0.000000000000000000e+00,-0.000000000000000000e+00,-0.000000000000000000e+00,-0.000000000000000000e+00,0.000000000000000000e+00,-0.000000000000000000e+00,0.000000000000000000e+00,-0.000000000000000000e+00,-8.414309022470263522e-02,7.839707705911889285e-03,0.000000000000000000e+00,0.000000000000000000e+00,-0.000000000000000000e+00,8.292069794136296135e-02,-0.000000000000000000e+00,-0.000000000000000000e+00,-1.490829786546769009e-01,-5.265337601589219485e-01,2.205740308374072534e+00,-0.000000000000000000e+00,-0.000000000000000000e+00,-2.242746713389495161e-01,0.000000000000000000e+00,-3.232942573291380239e-01,-0.000000000000000000e+00,0.000000000000000000e+00,0.000000000000000000e+00,-0.000000000000000000e+00,-4.879248495989950141e-01,-0.000000000000000000e+00,0.000000000000000000e+00,-0.000000000000000000e+00,7.658850635611152979e-02,-3.723216113832829022e-01,0.000000000000000000e+00,-0.000000000000000000e+00
-0.000000000000000000e+00,-2.363037832087861168e-01,-0.000000000000000000e+00,-0.000000000000000000e+00,-0.000000000000000000e+00,-5.001231877329971320e-01,0.000000000000000000e+00,0.000000000000000000e+00,-8.197965480918084635e-02,-0.000000000000000000e+00,-0.000000000000000000e+00,-0.000000000000000000e+00,0.000000000000000000e+00,-9.637557331913182423e-02,-0.000000000000000000e+00,-4.057752847626489717e-02,0.000000000000000000e+00,-0.000000000000000000e+00,0.000000000000000000e+00,-0.000000000000000000e+00,-6.286197658970202329e-02,-0.000000000000000000e+00,2.827446930728652497e+00,-5.479853661452622759e-01,-1.002819145401012912e+00,-0.000000000000000000e+00,-0.000000000000000000e+00,-8.715009997423525667e-02,-1.422235366783324018e-01,-0.000000000000000000e+00,-0.000000000000000000e+00,-3.168495824109442138e-02,-0.000000000000000000e+00,-0.000000000000000000e+00,-0.000000000000000000e+00,-0.000000000000000000e+00,-1.555920727809944615e-01,-0.000000000000000000e+00,-0.000000000000000000e+00
-0.000000000000000000e+00,-0.000000000000000000e+00,-0.000000000000000000e+00,-0.000000000000000000e+00,0.000000000000000000e+00,-2.990795546638690405e-01,0.000000000000000000e+00,0.000000000000000000e+00,-0.000000000000000000e+00,0.000000000000000000e+00,-0.000000000000000000e+00,-0.000000000000000000e+00,0.000000000000000000e+00,-1.519515792100538942e-01,-0.000000000000000000e+00,-0.000000000000000000e+00,9.751943336395957340e-02,0.000000000000000000e+00,0.000000000000000000e+00,-0.000000000000000000e+00,-3.771139581553732967e-01,-0.000000000000000000e+00,-5.479853661452622759e-01,2.600085079168994895e+00,-2.366886227481994620e-01,-0.000000000000000000e+00,-2.829929569915048959e-02,-6.586862259888860704e-02,-0.000000000000000000e+00,-0.000000000000000000e+00,-9.445265007213649033e-02,-2.574724365718895069e-01,-0.000000000000000000e+00,0.000000000000000000e+00,-1.988133696605521583e-01,0.000000000000000000e+00,-4.759691559805884764e-01,-0.000000000000000000e+00,-0.000000000000000000e+00
-0.000000000000000000e+00,-2.895375987642921922e-01,0.000000000000000000e+00,-0.000000000000000000e+00,-0.000000000000000000e+00,-3.269809188556696000e-01,0.000000000000000000e+00,2.797989350984720902e-01,-0.000000000000000000e+00,-0.000000000000000000e+00,-0.000000000000000000e+00,-1.174116401324921261e-01,0.000000000000000000e+00,-0.000000000000000000e+00,0.000000000000000000e+00,-4.719402218409240318e-02,6.526153982953349086e-02,-0.000000000000000000e+00,0.000000000000000000e+00,-0.000000000000000000e+00,-0.000000000000000000e+00,-2.242746713389495161e-01,-1.002819145401012912e+00,-2.366886227481994620e-01,2.783925984970900824e+00,0.000000000000000000e+00,-0.000000000000000000e+00,-0.000000000000000000e+00,-0.000000000000000000e+00,-0.000000000000000000e+00,-0.000000000000000000e+00,-2.022469402526255178e-01,0.000000000000000000e+00,-0.000000000000000000e+00,-0.000000000000000000e+00,-0.000000000000000000e+00,-1.831665175935441314e-01,0.000000000000000000e+00,-1.643753564086527785e-01
-0.000000000000000000e+00,0.000000000000000000e+00,-1.476731640484035823e-01,1.764216804210104184e-01,0.000000000000000000e+00,-0.000000000000000000e+00,-0.000000000000000000e+00,-0.000000000000000000e+00,-0.000000000000000000e+00,0.000000000000000000e+00,-0.000000000000000000e+00,6.897664378074830349e-01,0.000000000000000000e+00,-0.000000000000000000e+00,-2.307731298709829112e-02,0.000000000000000000e+00,-0.000000000000000000e+00,-0.000000000000000000e+00,0.000000000000000000e+00,-0.000000000000000000e+00,-4.502708443709876190e-02,0.000000000000000000e+00,-0.000000000000000000e+00,-0.000000000000000000e+00,0.000000000000000000e+00,2.820223367727349384e+00,-0.000000000000000000e+00,-2.442646399529390944e-01,-3.523317892130762852e-01,-2.478701632634696395e-01,0.000000000000000000e+00,0.000000000000000000e+00,-6.029801843373036041e-01,0.000000000000000000e+00,-6.256598908887839317e-01,-0.000000000000000000e+00,0.000000000000000000e+00,-3.728113151611293086e-01,0.000000000000000000e+00
8.351160315061904871e-02,-0.000000000000000000e+00,-2.429941262472732622e-01,-0.000000000000000000e+00,-0.000000000000000000e+00,-0.000000000000000000e+00,-0.000000000000000000e+00,-0.000000000000000000e+00,-0.000000000000000000e+00,0.000000000000000000e+00,0.000000000000000000e+00,-0.000000000000000000e+00,1.935433118932225471e-01,-0.000000000000000000e+00,2.581891972325430773e-01,0.000000000000000000e+00,0.000000000000000000e+00,0.000000000000000000e+00,-0.000000000000000000e+00,-0.000000000000000000e+00,-0.000000000000000000e+00,-3.232942573291380239e-01,-0.000000000000000000e+00,-2.829929569915048959e-02,-0.000000000000000000e+00,-0.000000000000000000e+00,2.277586811034423953e+00,-0.000000000000000000e+00,0.000000000000000000e+00,0.000000000000000000e+00,-4.447084295395701825e-01,-6.328264905844619426e-01,-2.537626994070630790e-02,0.000000000000000000e+00,-0.000000000000000000e+00,0.000000000000000000e+00,-3.633013586602681921e-01,0.000000000000000000e+00,-0.000000000000000000e+00
-1.124960848132451896e-01,0.000000000000000000e+00,-0.000000000000000000e+00,0.000000000000000000e+00,-0.000000000000000000e+00,-0.000000000000000000e+00,0.000000000000000000e+00,-0.000000000000000000e+00,-1.221100652717065083e-01,-0.000000000000000000e+00,-2.495361227654612213e-01,0.000000000000000000e+00,0.000000000000000000e+00,-0.000000000000000000e+00,-8.805793288259830542e-02,-0.000000000000000000e+00,0.000000000000000000e+00,-1.458032954991404506e-01,0.000000000000000000e+00,-1.072163933085287513e-01,-5.963610507739033340e-01,-0.000000000000000000e+00,-8.715009997423525667e-02,-6.586862259888860704e-02,-0.000000000000000000e+00,-2.442646399529390944e-01,-0.000000000000000000e+00,2.464764199861100291e+00,-5.683430202790278329e-01,-8.102681285770192698e-02,-0.000000000000000000e+00,-0.000000000000000000e+00,-2.344746759135521719e-01,0.000000000000000000e+00,-0.000000000000000000e+00,-0.000000000000000000e+00,-0.000000000000000000e+00,-1.087452380860973733e-01,0.000000000000000000e+00
-3.204006091568037951e-01,-0.000000000000000000e+00,-0.000000000000000000e+00,5.040262941854342128e-03,0.000000000000000000e+00,-1.825465896121372389e-01,1.530848268237010659e-02,-0.000000000000000000e+00,-0.000000000000000000e+00,0.000000000000000000e+00,-0.000000000000000000e+00,1.948189258187448536e-01,-0.000000000000000000e+00,-1.123922682747642982e-01,-2.216060149488140729e-01,-0.000000000000000000e+00,-0.000000000000000000e+00,-0.000000000000000000e+00,1.173006465354224370e-01,-0.000000000000000000e+00,-0.000000000000000000e+00,0.000000000000000000e+00,-1.422235366783324018e-01,-0.000000000000000000e+00,-0.000000000000000000e+00,-3.523317892130762852e-01,0.000000000000000000e+00,-5.683430202790278329e-01,2.231927566142949626e+00,-3.412797787213729672e-02,0.000000000000000000e+00,0.000000000000000000e+00,-0.000000000000000000e+00,0.000000000000000000e+00,-1.407584922116392467e-01,-0.000000000000000000e+00,-0.000000000000000000e+00,-2.235127764818350127e-01,0.000000000000000000e+00
-3.904275292043548062e-01,-0.000000000000000000e+00,-0.000000000000000000e+00,0.000000000000000000e+00,-0.000000000000000000e+00,-0.000000000000000000e+00,0.000000000000000000e+00,0.000000000000000000e+00,-2.117296195269497139e-01,-0.000000000000000000e+00,-0.000000000000000000e+00,0.000000000000000000e+00,-0.000000000000000000e+00,-1.267068066420619366e-01,-4.412404781785287389e-01,-2.126310010652555094e-01,-0.000000000000000000e+00,-2.922495212720362112e-02,0.000000000000000000e+00,-0.000000000000000000e+00,-0.000000000000000000e+00,0.000000000000000000e+00,-0.000000000000000000e+00,-0.000000000000000000e+00,-0.000000000000000000e+00,-2.478701632634696395e-01,0.000000000000000000e+00,-8.102681285770192698e-02,-3.412797787213729672e-02,1.901310743103885814e+00,0.000000000000000000e+00,0.000000000000000000e+00,-0.000000000000000000e+00,-0.000000000000000000e+00,-0.000000000000000000e+00,-2.084519425853575414e-01,0.000000000000000000e+00,-6.808520752600946691e-02,0.000000000000000000e+00
1.947241512981503497e-01,-0.000000000000000000e+00,-0.000000000000000000e+00,-0.000000000000000000e+00,-0.000000000000000000e+00,0.000000000000000000e+00,-1.798442311412702665e-01,0.000000000000000000e+00,-0.000000000000000000e+00,-0.000000000000000000e+00,-0.000000000000000000e+00,-3.040117217730461258e-02,1.415473867685604070e-01,-2.553869929153341767e-01,0.000000000000000000e+00,-0.000000000000000000e+00,0.000000000000000000e+00,0.000000000000000000e+00,-0.000000000000000000e+00,0.000000000000000000e+00,-0.000000000000000000e+00,-0.000000000000000000e+00,-0.000000000000000000e+00,-9.445265007213649033e-02,-0.000000000000000000e+00,0.000000000000000000e+00,-4.447084295395701825e-01,-0.000000000000000000e+00,0.000000000000000000e+00,0.000000000000000000e+00,1.591918710077935062e+00,-1.896598908288811003e-01,-8.727151143308961578e-02,-0.000000000000000000e+00,-0.000000000000000000e+00,-0.000000000000000000e+00,-4.828782108577851784e-02,0.000000000000000000e+00,-0.000000000000000000e+00
0.000000000000000000e+00,-0.000000000000000000e+00,-0.000000000000000000e+00,-0.000000000000000000e+00,-0.000000000000000000e+00,-0.000000000000000000e+00,-0.000000000000000000e+00,0.000000000000000000e+00,-0.000000000000000000e+00,0.000000000000000000e+00,-0.000000000000000000e+00,-4.546272039388379871e-01,0.000000000000000000e+00,-0.000000000000000000e+00,4.516968152490311028e-02,-0.000000000000000000e+00,0.000000000000000000e+00,0.000000000000000000e+00,0.000000000000000000e+00,-0.000000000000000000e+00,-0.000000000000000000e+00,-4.879248495989950141e-01,-3.168495824109442138e-02,-2.574724365718895069e-01,-2.022469402526255178e-01,0.000000000000000000e+00,-6.328264905844619426e-01,-0.000000000000000000e+00,0.000000000000000000e+00,0.000000000000000000e+00,-1.896598908288811003e-01,3.153348897112377980e+00,-0.000000000000000000e+00,0.000000000000000000e+00,-0.000000000000000000e+00,0.000000000000000000e+00,-1.165908928080579665e+00,0.000000000000000000e+00,-0.000000000000000000e+00
0.000000000000000000e+00,0.000000000000000000e+00,-4.552073357530776465e-01,0.000000000000000000e+00,0.000000000000000000e+00,-0.000000000000000000e+00,-0.000000000000000000e+00,-1.136092351550152708e-02,-0.000000000000000000e+00,0.000000000000000000e+00,-0.000000000000000000e+00,0.000000000000000000e+00,8.828250544386925802e-02,-1.050702645351896947e-01,-0.000000000000000000e+00,0.000000000000000000e+00,-0.000000000000000000e+00,-0.000000000000000000e+00,0.000000000000000000e+00,-1.392226127091815147e-01,-4.955657948489526343e-01,-0.000000000000000000e+00,-0.000000000000000000e+00,-0.000000000000000000e+00,0.000000000000000000e+00,-6.029801843373036041e-01,-2.537626994070630790e-02,-2.344746759135521719e-01,-0.000000000000000000e+00,-0.000000000000000000e+00,-8.727151143308961578e-02,-0.000000000000000000e+00,2.407777443496487813e+00,0.000000000000000000e+00,-3.945970110340962789e-01,0.000000000000000000e+00,-0.000000000000000000e+00,-0.000000000000000000e+00,0.000000000000000000e+00
-0.000000000000000000e+00,-0.000000000000000000e+00,-0.000000000000000000e+00,-0.000000000000000000e+00,-3.666871126923968993e-01,0.000000000000000000e+00,0.000000000000000000e+00,3.113508206311395576e-01,-1.657361367698355348e-01,-1.765875767251270934e-01,0.000000000000000000e+00,-2.941921320809337548e-02,-0.000000000000000000e+00,-0.000000000000000000e+00,0.000000000000000000e+00,-0.000000000000000000e+00,0.000000000000000000e+00,-4.908274312497831748e-02,-3.476560275026819857e-01,4.553237754559954359e-02,0.000000000000000000e+00,0.000000000000000000e+00,-0.000000000000000000e+00,0.000000000000000000e+00,-0.000000000000000000e+00,0.000000000000000000e+00,0.000000000000000000e+00,0.000000000000000000e+00,0.000000000000000000e+00,-0.000000000000000000e+00,-0.000000000000000000e+00,0.000000000000000000e+00,0.000000000000000000e+00,1.947936649426062594e+00,4.306097201793993579e-01,-4.574593503097105218e-01,0.000000000000000000e+00,-0.000000000000000000e+00,-8.672921861454857551e-02
0.000000000000000000e+00,0.000000000000000000e+00,-0.000000000000000000e+00,0.000000000000000000e+00,0.000000000000000000e+00,-1.180766480948113872e-01,-0.000000000000000000e+00,-4.920916828974598867e-02,-0.000000000000000000e+00,0.000000000000000000e+00,-0.000000000000000000e+00,0.000000000000000000e+00,6.795149116789732380e-02,-3.438312372958586827e-01,-0.000000000000000000e+00,0.000000000000000000e+00,-0.000000000000000000e+00,0.000000000000000000e+00,2.056353449738120356e-02,-5.810193606822719459e-02,-1.088228318238289860e-01,-0.000000000000000000e+00,-0.000000000000000000e+00,-1.988133696605521583e-01,-0.000000000000000000e+00,-6.256598908887839317e-01,-0.000000000000000000e+00,-0.000000000000000000e+00,-1.407584922116392467e-01,-0.000000000000000000e+00,-0.000000000000000000e+00,-0.000000000000000000e+00,-3.945970110340962789e-01,4.306097201793993579e-01,2.148645408812050128e+00,0.000000000000000000e+00,-7.968249865086421413e-02,-0.000000000000000000e+00,0.000000000000000000e+00
-0.000000000000000000e+00,-3.067108025448346542e-02,-0.000000000000000000e+00,0.000000000000000000e+00,-0.000000000000000000e+00,0.000000000000000000e+00,0.000000000000000000e+00,0.000000000000000000e+00,-2.874541463461969398e-02,-3.474882628721792099e-01,0.000000000000000000e+00,-0.000000000000000000e+00,-0.000000000000000000e+00,-1.428723618496237635e-01,-0.000000000000000000e+00,-0.000000000000000000e+00,-0.000000000000000000e+00,-0.000000000000000000e+00,-0.000000000000000000e+00,0.000000000000000000e+00,0.000000000000000000e+00,7.658850635611152979e-02,-0.000000000000000000e+00,0.000000000000000000e+00,-0.000000000000000000e+00,-0.000000000000000000e+00,0.000000000000000000e+00,-0.000000000000000000e+00,-0.000000000000000000e+00,-2.084519425853575414e-01,-0.000000000000000000e+00,0.000000000000000000e+00,0.000000000000000000e+00,-4.574593503097105218e-01,0.000000000000000000e+00,1.473922452509020431e+00,0.000000000000000000e+00,-0.000000000000000000e+00,-0.000000000000000000e+00
0.000000000000000000e+00,-0.000000000000000000e+00,-0.000000000000000000e+00,-0.000000000000000000e+00,-0.000000000000000000e+00,-9.951979621995031555e-02,-0.000000000000000000e+00,0.000000000000000000e+00,-0.000000000000000000e+00,0.000000000000000000e+00,-4.828496360172442742e-02,-0.000000000000000000e+00,0.000000000000000000e+00,-2.311471670493760872e-02,0.000000000000000000e+00,-0.000000000000000000e+00,0.000000000000000000e+00,0.000000000000000000e+00,0.000000000000000000e+00,-0.000000000000000000e+00,-0.000000000000000000e+00,-3.723216113832829022e-01,-1.555920727809944615e-01,-4.759691559805884764e-01,-1.831665175935441314e-01,0.000000000000000000e+00,-3.633013586602681921e-01,-0.000000000000000000e+00,-0.000000000000000000e+00,0.000000000000000000e+00,-4.828782108577851784e-02,-1.165908928080579665e+00,-0.000000000000000000e+00,0.000000000000000000e+00,-7.968249865086421413e-02,0.000000000000000000e+00,2.944504730723049413e+00,0.000000000000000000e+00,-0.000000000000000000e+00
-2.640780112924180356e-01,-0.000000000000000000e+00,-0.000000000000000000e+00,0.000000000000000000e+00,0.000000000000000000e+00,-0.000000000000000000e+00,0.000000000000000000e+00,-0.000000000000000000e+00,-9.773639844933997012e-02,0.000000000000000000e+00,-1.466326910728859602e-02,9.047311429506436908e-02,-0.000000000000000000e+00,-0.000000000000000000e+00,-4.259303241124915984e-01,-0.000000000000000000e+00,-5.701729434247630041e-02,-0.000000000000000000e+00,0.000000000000000000e+00,-0.000000000000000000e+00,-0.000000000000000000e+00,0.000000000000000000e+00,-0.000000000000000000e+00,-0.000000000000000000e+00,0.000000000000000000e+00,-3.728113151611293086e-01,0.000000000000000000e+00,-1.087452380860973733e-01,-2.235127764818350127e-01,-6.808520752600946691e-02,0.000000000000000000e+00,0.000000000000000000e+00,-0.000000000000000000e+00,-0.000000000000000000e+00,-0.000000000000000000e+00,-0.000000000000000000e+00,0.000000000000000000e+00,1.793363792912276544e+00,-0.000000000000000000e+00
-0.000000000000000000e+00,-6.233493625733632637e-01,0.000000000000000000e+00,0.000000000000000000e+00,-0.000000000000000000e+00,-0.000000000000000000e+00,0.000000000000000000e+00,0.000000000000000000e+00,-1.172779333079034952e-01,-1.434492869192653119e-01,-0.000000000000000000e+00,-4.838008526195488601e-01,-0.000000000000000000e+00,-0.000000000000000000e+00,0.000000000000000000e+00,-0.000000000000000000e+00,-0.000000000000000000e+00,0.000000000000000000e+00,0.000000000000000000e+00,-0.000000000000000000e+00,0.000000000000000000e+00,-0.000000000000000000e+00,-0.000000000000000000e+00,-0.000000000000000000e+00,-1.643753564086527785e-01,0.000000000000000000e+00,-0.000000000000000000e+00,0.000000000000000000e+00,0.000000000000000000e+00,0.000000000000000000e+00,-0.000000000000000000e+00,-0.000000000000000000e+00,0.000000000000000000e+00,-8.672921861454857551e-02,0.000000000000000000e+00,-0.000000000000000000e+00,-0.000000000000000000e+00,-0.000000000000000000e+00,1.751059450097462555e+00
