1.367561222273851795e+00,-2.146542494609416374e-01,-0.000000000000000000e+00,-0.000000000000000000e+00,-2.524154958529557444e-02,0.000000000000000000e+00,0.000000000000000000e+00,0.000000000000000000e+00,-1.018357724133586717e-01,-0.000000000000000000e+00,-0.000000000000000000e+00,0.000000000000000000e+00,0.000000000000000000e+00,-6.303993837719394644e-02,-0.000000000000000000e+00,-7.579496980892784508e-02,-6.179427001960859783e-02,-0.000000000000000000e+00,0.000000000000000000e+00,-0.000000000000000000e+00,-0.000000000000000000e+00,-0.000000000000000000e+00,-0.000000000000000000e+00,-0.000000000000000000e+00,-0.000000000000000000e+00,-2.626191250404357747e-01,-0.000000000000000000e+00,-8.241842538932669937e-02,-0.000000000000000000e+00,-3.046676356024646815e-01,-0.000000000000000000e+00,-0.000000000000000000e+00,-0.000000000000000000e+00,-0.000000000000000000e+00,-0.000000000000000000e+00,-0.000000000000000000e+00,0.000000000000000000e+00,-0.000000000000000000e+00,-0.000000000000000000e+00
-2.146542494609416374e-01,1.939976290858961949e+00,-0.000000000000000000e+00,-0.000000000000000000e+00,-0.000000000000000000e+00,2.867152926357666165e-01,-0.000000000000000000e+00,0.000000000000000000e+00,-3.346868982042935370e-01,-1.532828537501783051e-01,-0.000000000000000000e+00,-0.000000000000000000e+00,-0.000000000000000000e+00,-0.000000000000000000e+00,-0.000000000000000000e+00,-2.486610974082536785e-01,-0.000000000000000000e+00,-0.000000000000000000e+00,-8.220139708986540922e-03,-0.000000000000000000e+00,-0.000000000000000000e+00,-0.000000000000000000e+00,-0.000000000000000000e+00,0.000000000000000000e+00,0.000000000000000000e+00,0.000000000000000000e+00,-0.000000000000000000e+00,-0.000000000000000000e+00,1.400862288033239145e-01,-0.000000000000000000e+00,-0.000000000000000000e+00,-1.452016674615665970e-01,-0.000000000000000000e+00,-9.611921349293103822e-02,1.876735834357536326e-01,-7.260080717341943490e-02,0.000000000000000000e+00,0.000000000000000000e+00,-4.360661671498079067e-02
-0.000000000000000000e+00,-0.000000000000000000e+00,2.619384605783853015e+00,-4.761123779146368695e-02,-0.000000000000000000e+00,0.000000000000000000e+00,-0.000000000000000000e+00,6.439503619470924312e-01,-2.724671077585411050e-01,-6.742585651458135598e-02,-0.000000000000000000e+00,-0.000000000000000000e+00,0.000000000000000000e+00,-0.000000000000000000e+00,-0.000000000000000000e+00,-1.807112409689242416e-01,-0.000000000000000000e+00,-2.106438264861777987e-01,-0.000000000000000000e+00,-1.125104907286036682e-01,-5.200482152678075343e-01,-0.000000000000000000e+00,-1.190372479024611602e-01,0.000000000000000000e+00,-0.000000000000000000e+00,-0.000000000000000000e+00,-0.000000000000000000e+00,-3.526108907582847785e-02,0.000000000000000000e+00,-1.856799366044206423e-01,-1.175153482682422534e-01,-0.000000000000000000e+00,-0.000000000000000000e+00,-3.779886697894163095e-01,0.000000000000000000e+00,-0.000000000000000000e+00,0.000000000000000000e+00,-0.000000000000000000e+00,-0.000000000000000000e+00
-0.000000000000000000e+00,-0.000000000000000000e+00,-4.761123779146368695e-02,1.205544559418287864e+00,-9.920060470976722888e-02,0.000000000000000000e+00,-0.000000000000000000e+00,0.000000000000000000e+00,-0.000000000000000000e+00,-1.771804338787669186e-02,-0.000000000000000000e+00,-0.000000000000000000e+00,-0.000000000000000000e+00,0.000000000000000000e+00,1.656036139063775670e-01,-0.000000000000000000e+00,-0.000000000000000000e+00,-0.000000000000000000e+00,-0.000000000000000000e+00,-3.469009559802272991e-01,-0.000000000000000000e+00,-0.000000000000000000e+00,-0.000000000000000000e+00,9.705754206669094108e-02,0.000000000000000000e+00,-0.000000000000000000e+00,-0.000000000000000000e+00,-0.000000000000000000e+00,0.000000000000000000e+00,-3.324418909630205698e-02,-0.000000000000000000e+00,-0.000000000000000000e+00,-0.000000000000000000e+00,-0.000000000000000000e+00,0.000000000000000000e+00,0.000000000000000000e+00,0.000000000000000000e+00,1.165126848215042171e-01,-0.000000000000000000e+00
-2.524154958529557444e-02,-0.000000000000000000e+00,-0.000000000000000000e+00,-9.920060470976722888e-02,1.686247796027847246e+00,0.000000000000000000e+00,-0.000000000000000000e+00,5.286956741402705218e-01,-1.715671481457911596e-01,-0.000000000000000000e+00,-0.000000000000000000e+00,-0.000000000000000000e+00,0.000000000000000000e+00,-4.688968856237315380e-02,-0.000000000000000000e+00,-4.303904459871586881e-03,-0.000000000000000000e+00,-5.578174212634895435e-01,-0.000000000000000000e+00,-0.000000000000000000e+00,-0.000000000000000000e+00,-0.000000000000000000e+00,-0.000000000000000000e+00,0.000000000000000000e+00,0.000000000000000000e+00,-0.000000000000000000e+00,-0.000000000000000000e+00,-0.000000000000000000e+00,0.000000000000000000e+00,-0.000000000000000000e+00,-0.000000000000000000e+00,-0.000000000000000000e+00,-0.000000000000000000e+00,-0.000000000000000000e+00,0.000000000000000000e+00,-0.000000000000000000e+00,-0.000000000000000000e+00,0.000000000000000000e+00,-0.000000000000000000e+00
0.000000000000000000e+00,2.867152926357666165e-01,0.000000000000000000e+00,0.000000000000000000e+00,0.000000000000000000e+00,2.328449158293782961e+00,2.129653256506972847e-01,-0.000000000000000000e+00,3.400551712675519561e-02,1.520655224429094954e-01,0.000000000000000000e+00,9.478229824750078469e-02,0.000000000000000000e+00,0.000000000000000000e+00,0.000000000000000000e+00,1.537989604245484365e-01,-0.000000000000000000e+00,0.000000000000000000e+00,2.008607157704379864e-01,0.000000000000000000e+00,0.000000000000000000e+00,0.000000000000000000e+00,0.000000000000000000e+00,-1.084586929530536176e-01,-0.000000000000000000e+00,-0.000000000000000000e+00,0.000000000000000000e+00,-0.000000000000000000e+00,-5.296779499299794081e-01,0.000000000000000000e+00,9.923821435570956417e-02,0.000000000000000000e+00,9.610453474453564682e-02,0.000000000000000000e+00,-2.281388167510716436e-01,7.179726381600584628e-02,-1.158229098445202193e-01,-0.000000000000000000e+00,1.122821698409520591e-01
0.000000000000000000e+00,-0.000000000000000000e+00,-0.000000000000000000e+00,-0.000000000000000000e+00,-0.000000000000000000e+00,2.129653256506972847e-01,2.386826207717476223e+00,0.000000000000000000e+00,-0.000000000000000000e+00,-4.388746839753689122e-02,-0.000000000000000000e+00,-1.749088067663324975e-01,-0.000000000000000000e+00,0.000000000000000000e+00,-0.000000000000000000e+00,-0.000000000000000000e+00,-0.000000000000000000e+00,-0.000000000000000000e+00,-4.650929429155520323e-01,-3.510839548568420732e-01,-0.000000000000000000e+00,-3.655922633969156399e-01,-0.000000000000000000e+00,1.443735128006503332e-01,0.000000000000000000e+00,1.311863709426002444e-01,-0.000000000000000000e+00,0.000000000000000000e+00,0.000000000000000000e+00,-0.000000000000000000e+00,-0.000000000000000000e+00,-0.000000000000000000e+00,-3.781886439276732070e-01,-0.000000000000000000e+00,0.000000000000000000e+00,-0.000000000000000000e+00,2.700089666217740936e-01,0.000000000000000000e+00,-5.834046668417543907e-02
0.000000000000000000e+00,0.000000000000000000e+00,6.439503619470924312e-01,0.000000000000000000e+00,5.286956741402705218e-01,-0.000000000000000000e+00,0.000000000000000000e+00,2.061861276379017838e+00,0.000000000000000000e+00,0.000000000000000000e+00,0.000000000000000000e+00,0.000000000000000000e+00,-0.000000000000000000e+00,8.438693065019889361e-02,0.000000000000000000e+00,0.000000000000000000e+00,0.000000000000000000e+00,0.000000000000000000e+00,0.000000000000000000e+00,0.000000000000000000e+00,0.000000000000000000e+00,0.000000000000000000e+00,0.000000000000000000e+00,0.000000000000000000e+00,0.000000000000000000e+00,1.548196215962571731e-01,0.000000000000000000e+00,3.203025598853925238e-01,-0.000000000000000000e+00,1.836632348394660053e-01,2.468884661861547036e-01,1.689484679400930431e-02,0.000000000000000000e+00,6.436079496298505176e-02,-0.000000000000000000e+00,0.000000000000000000e+00,0.000000000000000000e+00,0.000000000000000000e+00,0.000000000000000000e+00
-1.018357724133586717e-01,-3.346868982042935370e-01,-2.724671077585411050e-01,-0.000000000000000000e+00,-1.715671481457911596e-01,3.400551712675519561e-02,-0.000000000000000000e+00,0.000000000000000000e+00,2.437343107913411799e+00,-2.931883847563429568e-01,-0.000000000000000000e+00,-0.000000000000000000e+00,0.000000000000000000e+00,-0.000000000000000000e+00,-0.000000000000000000e+00,-4.091654078670414196e-01,-0.000000000000000000e+00,-2.724531539079776410e-01,-0.000000000000000000e+00,-0.000000000000000000e+00,-0.000000000000000000e+00,-0.000000000000000000e+00,-2.288577935952221254e-01,0.000000000000000000e+00,-0.000000000000000000e+00,-0.000000000000000000e+00,-4.000934448076817751e-02,-0.000000000000000000e+00,0.000000000000000000e+00,-2.145620378268466369e-02,-7.849410868577898215e-02,-7.111570469904306135e-02,-0.000000000000000000e+00,-2.610145078948273856e-01,0.000000000000000000e+00,-0.000000000000000000e+00,0.000000000000000000e+00,-0.000000000000000000e+00,-0.000000000000000000e+00
-0.000000000000000000e+00,-1.532828537501783051e-01,-6.742585651458135598e-02,-1.771804338787669186e-02,-0.000000000000000000e+00,1.520655224429094954e-01,-4.388746839753689122e-02,0.000000000000000000e+00,-2.931883847563429568e-01,2.383698663650776428e+00,-0.000000000000000000e+00,-1.642289222036714871e-03,0.000000000000000000e+00,-0.000000000000000000e+00,-0.000000000000000000e+00,-6.261149592844666989e-01,-0.000000000000000000e+00,-0.000000000000000000e+00,-0.000000000000000000e+00,-8.205014544714005209e-02,-2.569333165770584099e-02,-1.743331437371392900e-01,-2.055851444279096496e-01,0.000000000000000000e+00,-0.000000000000000000e+00,0.000000000000000000e+00,-1.190183141247628112e-01,-0.000000000000000000e+00,0.000000000000000000e+00,-2.550709940003237711e-02,-0.000000000000000000e+00,-0.000000000000000000e+00,-1.695505731554129702e-01,-1.171764505608244161e-01,0.000000000000000000e+00,-4.777120765136991243e-02,0.000000000000000000e+00,0.000000000000000000e+00,-8.291934685261835580e-02
-0.000000000000000000e+00,-0.000000000000000000e+00,-0.000000000000000000e+00,-0.000000000000000000e+00,-0.000000000000000000e+00,0.000000000000000000e+00,-0.000000000000000000e+00,0.000000000000000000e+00,-0.000000000000000000e+00,-0.000000000000000000e+00,1.323768122404147318e+00,0.000000000000000000e+00,0.000000000000000000e+00,-0.000000000000000000e+00,-0.000000000000000000e+00,-0.000000000000000000e+00,-6.439938865994928596e-01,-0.000000000000000000e+00,-0.000000000000000000e+00,-0.000000000000000000e+00,-0.000000000000000000e+00,-0.000000000000000000e+00,-0.000000000000000000e+00,-0.000000000000000000e+00,-0.000000000000000000e+00,-0.000000000000000000e+00,-0.000000000000000000e+00,-0.000000000000000000e+00,-0.000000000000000000e+00,-0.000000000000000000e+00,-0.000000000000000000e+00,-7.779648671563776929e-02,-0.000000000000000000e+00,-0.000000000000000000e+00,-0.000000000000000000e+00,-0.000000000000000000e+00,-0.000000000000000000e+00,-0.000000000000000000e+00,-0.000000000000000000e+00
0.000000000000000000e+00,-0.000000000000000000e+00,-0.000000000000000000e+00,-0.000000000000000000e+00,-0.000000000000000000e+00,9.478229824750078469e-02,-1.749088067663324975e-01,0.000000000000000000e+00,-0.000000000000000000e+00,-1.642289222036714871e-03,0.000000000000000000e+00,2.537999527057888116e+00,-0.000000000000000000e+00,-0.000000000000000000e+00,-1.334801966818879027e-01,-4.431511207628700821e-02,0.000000000000000000e+00,-0.000000000000000000e+00,-3.564115591979480913e-01,-0.000000000000000000e+00,-0.000000000000000000e+00,-3.159707411251329034e-01,-0.000000000000000000e+00,0.000000000000000000e+00,0.000000000000000000e+00,5.085189483144038347e-02,-0.000000000000000000e+00,0.000000000000000000e+00,2.473575642864432045e-01,-0.000000000000000000e+00,-0.000000000000000000e+00,-0.000000000000000000e+00,-2.220719016667822843e-01,-1.105862333414876358e-01,0.000000000000000000e+00,-2.782796475517125834e-01,3.046184245832155024e-02,0.000000000000000000e+00,-5.769366568733917955e-01
0.000000000000000000e+00,-0.000000000000000000e+00,0.000000000000000000e+00,-0.000000000000000000e+00,0.000000000000000000e+00,0.000000000000000000e+00,-0.000000000000000000e+00,-0.000000000000000000e+00,0.000000000000000000e+00,0.000000000000000000e+00,0.000000000000000000e+00,-0.000000000000000000e+00,1.003241564197139946e+00,-0.000000000000000000e+00,0.000000000000000000e+00,-0.000000000000000000e+00,0.000000000000000000e+00,-0.000000000000000000e+00,-0.000000000000000000e+00,-0.000000000000000000e+00,0.000000000000000000e+00,-0.000000000000000000e+00,0.000000000000000000e+00,0.000000000000000000e+00,0.000000000000000000e+00,3.202083961489739922e-02,0.000000000000000000e+00,0.000000000000000000e+00,0.000000000000000000e+00,0.000000000000000000e+00,3.806226241132080329e-02,-0.000000000000000000e+00,-0.000000000000000000e+00,0.000000000000000000e+00,3.259485486055165027e-02,0.000000000000000000e+00,0.000000000000000000e+00,0.000000000000000000e+00,-0.000000000000000000e+00
-6.303993837719394644e-02,-0.000000000000000000e+00,-0.000000000000000000e+00,0.000000000000000000e+00,-4.688968856237315380e-02,0.000000000000000000e+00,0.000000000000000000e+00,8.438693065019889361e-02,-0.000000000000000000e+00,-0.000000000000000000e+00,-0.000000000000000000e+00,-0.000000000000000000e+00,-0.000000000000000000e+00,1.057135496810752251e+00,-0.000000000000000000e+00,-6.996711823369841654e-02,-0.000000000000000000e+00,-0.000000000000000000e+00,-0.000000000000000000e+00,-0.000000000000000000e+00,-0.000000000000000000e+00,-0.000000000000000000e+00,-0.000000000000000000e+00,-1.260862901373785427e-01,-3.238232469061332747e-02,-4.023338394454011729e-02,-0.000000000000000000e+00,-3.052125324366314774e-03,-0.000000000000000000e+00,-8.538708761432190625e-03,-0.000000000000000000e+00,-0.000000000000000000e+00,-0.000000000000000000e+00,-0.000000000000000000e+00,0.000000000000000000e+00,-0.000000000000000000e+00,-0.000000000000000000e+00,-0.000000000000000000e+00,-0.000000000000000000e+00
-0.000000000000000000e+00,-0.000000000000000000e+00,-0.000000000000000000e+00,1.656036139063775670e-01,-0.000000000000000000e+00,0.000000000000000000e+00,-0.000000000000000000e+00,0.000000000000000000e+00,-0.000000000000000000e+00,-0.000000000000000000e+00,-0.000000000000000000e+00,-1.334801966818879027e-01,0.000000000000000000e+00,-0.000000000000000000e+00,1.188207656628563758e+00,-0.000000000000000000e+00,-0.000000000000000000e+00,-3.453717294684971462e-02,-0.000000000000000000e+00,-0.000000000000000000e+00,-9.755610280549639746e-02,-3.207641903089929886e-02,-0.000000000000000000e+00,-0.000000000000000000e+00,-0.000000000000000000e+00,-0.000000000000000000e+00,-0.000000000000000000e+00,-0.000000000000000000e+00,0.000000000000000000e+00,-0.000000000000000000e+00,-0.000000000000000000e+00,-0.000000000000000000e+00,-0.000000000000000000e+00,-5.398191321569374701e-02,-0.000000000000000000e+00,-6.905999185668176832e-02,-0.000000000000000000e+00,-2.505082230703293833e-01,-7.260820446045126997e-02
-7.579496980892784508e-02,-2.486610974082536785e-01,-1.807112409689242416e-01,-0.000000000000000000e+00,-4.303904459871586881e-03,1.537989604245484365e-01,-0.000000000000000000e+00,0.000000000000000000e+00,-4.091654078670414196e-01,-6.261149592844666989e-01,-0.000000000000000000e+00,-4.431511207628700821e-02,-0.000000000000000000e+00,-6.996711823369841654e-02,-0.000000000000000000e+00,2.421973881474366319e+00,-0.000000000000000000e+00,-8.879469947910482996e-02,-2.239255897957729419e-02,-3.176563543605471357e-02,-0.000000000000000000e+00,-5.714307076986491207e-02,-1.198285794427454976e-01,0.000000000000000000e+00,-0.000000000000000000e+00,-0.000000000000000000e+00,-4.210940859647797907e-02,-0.000000000000000000e+00,0.000000000000000000e+00,-2.759789332189515471e-02,-0.000000000000000000e+00,-0.000000000000000000e+00,-7.316428641739927685e-02,-1.908589763652874804e-01,0.000000000000000000e+00,-1.621364846332653750e-02,0.000000000000000000e+00,0.000000000000000000e+00,-2.809451241574831629e-02
-6.179427001960859783e-02,-0.000000000000000000e+00,-0.000000000000000000e+00,-0.000000000000000000e+00,-0.000000000000000000e+00,-0.000000000000000000e+00,-0.000000000000000000e+00,0.000000000000000000e+00,-0.000000000000000000e+00,-0.000000000000000000e+00,-6.439938865994928596e-01,0.000000000000000000e+00,0.000000000000000000e+00,-0.000000000000000000e+00,-0.000000000000000000e+00,-0.000000000000000000e+00,1.445149447893732120e+00,-0.000000000000000000e+00,-0.000000000000000000e+00,-0.000000000000000000e+00,-0.000000000000000000e+00,-0.000000000000000000e+00,-0.000000000000000000e+00,-0.000000000000000000e+00,-0.000000000000000000e+00,-6.603146554617671249e-02,-0.000000000000000000e+00,-3.038494434646215048e-01,-0.000000000000000000e+00,-2.890748422975855658e-02,0.000000000000000000e+00,-0.000000000000000000e+00,-0.000000000000000000e+00,-0.000000000000000000e+00,-0.000000000000000000e+00,-0.000000000000000000e+00,-0.000000000000000000e+00,-0.000000000000000000e+00,-0.000000000000000000e+00
-0.000000000000000000e+00,-0.000000000000000000e+00,-2.106438264861777987e-01,-0.000000000000000000e+00,-5.578174212634895435e-01,0.000000000000000000e+00,-0.000000000000000000e+00,0.000000000000000000e+00,-2.724531539079776410e-01,-0.000000000000000000e+00,-0.000000000000000000e+00,-0.000000000000000000e+00,-0.000000000000000000e+00,-0.000000000000000000e+00,-3.453717294684971462e-02,-8.879469947910482996e-02,-0.000000000000000000e+00,1.974060208955785045e+00,-3.339381096213402400e-01,-1.370874099499432286e-01,-0.000000000000000000e+00,-0.000000000000000000e+00,-0.000000000000000000e+00,0.000000000000000000e+00,-0.000000000000000000e+00,-0.000000000000000000e+00,-0.000000000000000000e+00,-0.000000000000000000e+00,0.000000000000000000e+00,-0.000000000000000000e+00,-4.642866552020651766e-02,-0.000000000000000000e+00,-0.000000000000000000e+00,-2.090670880088631167e-01,0.000000000000000000e+00,-0.000000000000000000e+00,0.000000000000000000e+00,0.000000000000000000e+00,-0.000000000000000000e+00
0.000000000000000000e+00,-8.220139708986540922e-03,-0.000000000000000000e+00,-0.000000000000000000e+00,-0.000000000000000000e+00,2.008607157704379864e-01,-4.650929429155520323e-01,0.000000000000000000e+00,-0.000000000000000000e+00,-0.000000000000000000e+00,-0.000000000000000000e+00,-3.564115591979480913e-01,-0.000000000000000000e+00,-0.000000000000000000e+00,-0.000000000000000000e+00,-2.239255897957729419e-02,-0.000000000000000000e+00,-3.339381096213402400e-01,2.518146676659252847e+00,-8.115638712653433506e-02,-0.000000000000000000e+00,-1.827623727058622916e-01,-0.000000000000000000e+00,0.000000000000000000e+00,0.000000000000000000e+00,4.754945293173840765e-02,-0.000000000000000000e+00,0.000000000000000000e+00,3.306897477335283830e-01,-0.000000000000000000e+00,-0.000000000000000000e+00,-0.000000000000000000e+00,-2.684502734681231684e-01,-0.000000000000000000e+00,5.215652509063798369e-03,-0.000000000000000000e+00,0.000000000000000000e+00,0.000000000000000000e+00,-2.608860964070465194e-01
-0.000000000000000000e+00,-0.000000000000000000e+00,-1.125104907286036682e-01,-3.469009559802272991e-01,-0.000000000000000000e+00,0.000000000000000000e+00,-3.510839548568420732e-01,0.000000000000000000e+00,-0.000000000000000000e+00,-8.205014544714005209e-02,-0.000000000000000000e+00,-0.000000000000000000e+00,-0.000000000000000000e+00,-0.000000000000000000e+00,-0.000000000000000000e+00,-3.176563543605471357e-02,-0.000000000000000000e+00,-1.370874099499432286e-01,-8.115638712653433506e-02,2.090426984892479911e+00,-3.769859299677998377e-01,-2.009472772585255418e-01,-0.000000000000000000e+00,0.000000000000000000e+00,0.000000000000000000e+00,0.000000000000000000e+00,-0.000000000000000000e+00,-0.000000000000000000e+00,0.000000000000000000e+00,-0.000000000000000000e+00,-0.000000000000000000e+00,-0.000000000000000000e+00,-3.718171936849939962e-01,-0.000000000000000000e+00,0.000000000000000000e+00,-0.000000000000000000e+00,1.765915513634821370e-03,0.000000000000000000e+00,-0.000000000000000000e+00
-0.000000000000000000e+00,-0.000000000000000000e+00,-5.200482152678075343e-01,-0.000000000000000000e+00,-0.000000000000000000e+00,0.000000000000000000e+00,-0.000000000000000000e+00,0.000000000000000000e+00,-0.000000000000000000e+00,-2.569333165770584099e-02,-0.000000000000000000e+00,-0.000000000000000000e+00,0.000000000000000000e+00,-0.000000000000000000e+00,-9.755610280549639746e-02,-0.000000000000000000e+00,-0.000000000000000000e+00,-0.000000000000000000e+00,-0.000000000000000000e+00,-3.769859299677998377e-01,2.120697180694051553e+00,-2.968198424379508982e-01,-1.469168764294646323e-01,0.000000000000000000e+00,-0.000000000000000000e+00,-0.000000000000000000e+00,-0.000000000000000000e+00,-7.200780415915165877e-02,0.000000000000000000e+00,-3.181737028718763932e-02,-0.000000000000000000e+00,-0.000000000000000000e+00,-3.691821600602759879e-01,-4.906912447849611641e-02,-0.000000000000000000e+00,-1.071072364087601730e-01,0.000000000000000000e+00,-0.000000000000000000e+00,-0.000000000000000000e+00
-0.000000000000000000e+00,-0.000000000000000000e+00,-0.000000000000000000e+00,-0.000000000000000000e+00,-0.000000000000000000e+00,0.000000000000000000e+00,-3.655922633969156399e-01,0.000000000000000000e+00,-0.000000000000000000e+00,-1.743331437371392900e-01,-0.000000000000000000e+00,-3.159707411251329034e-01,-0.000000000000000000e+00,-0.000000000000000000e+00,-3.207641903089929886e-02,-5.714307076986491207e-02,-0.000000000000000000e+00,-0.000000000000000000e+00,-1.827623727058622916e-01,-2.009472772585255418e-01,-2.968198424379508982e-01,2.530323240739056789e+00,-0.000000000000000000e+00,0.000000000000000000e+00,0.000000000000000000e+00,0.000000000000000000e+00,-0.000000000000000000e+00,-0.000000000000000000e+00,0.000000000000000000e+00,-0.000000000000000000e+00,-0.000000000000000000e+00,-0.000000000000000000e+00,-4.926560260692997573e-01,-0.000000000000000000e+00,0.000000000000000000e+00,-5.459769770728086641e-02,0.000000000000000000e+00,0.000000000000000000e+00,-3.318968392565110892e-01
-0.000000000000000000e+00,-0.000000000000000000e+00,-1.190372479024611602e-01,-0.000000000000000000e+00,-0.000000000000000000e+00,0.000000000000000000e+00,-0.000000000000000000e+00,0.000000000000000000e+00,-2.288577935952221254e-01,-2.055851444279096496e-01,-0.000000000000000000e+00,-0.000000000000000000e+00,0.000000000000000000e+00,-0.000000000000000000e+00,-0.000000000000000000e+00,-1.198285794427454976e-01,-0.000000000000000000e+00,-0.000000000000000000e+00,-0.000000000000000000e+00,-0.000000000000000000e+00,-1.469168764294646323e-01,-0.000000000000000000e+00,1.990519731638007883e+00,0.000000000000000000e+00,-3.066838280865079036e-01,-0.000000000000000000e+00,-2.547685348699765262e-01,-0.000000000000000000e+00,0.000000000000000000e+00,-1.012249003244013734e-01,-1.816791644019084828e-01,-2.465139380405806033e-02,-0.000000000000000000e+00,-1.024017256510266899e-01,0.000000000000000000e+00,-2.777934901413638413e-01,0.000000000000000000e+00,-0.000000000000000000e+00,-3.079509878070298134e-02
-0.000000000000000000e+00,0.000000000000000000e+00,0.000000000000000000e+00,9.705754206669094108e-02,0.000000000000000000e+00,-1.084586929530536176e-01,1.443735128006503332e-01,0.000000000000000000e+00,0.000000000000000000e+00,0.000000000000000000e+00,-0.000000000000000000e+00,0.000000000000000000e+00,0.000000000000000000e+00,-1.260862901373785427e-01,-0.000000000000000000e+00,0.000000000000000000e+00,-0.000000000000000000e+00,0.000000000000000000e+00,0.000000000000000000e+00,0.000000000000000000e+00,0.000000000000000000e+00,0.000000000000000000e+00,0.000000000000000000e+00,1.249406742742846133e+00,-1.693328168128696923e-02,-1.089606933483196205e-01,0.000000000000000000e+00,-0.000000000000000000e+00,-2.215383558863648350e-01,-0.000000000000000000e+00,0.000000000000000000e+00,0.000000000000000000e+00,0.000000000000000000e+00,0.000000000000000000e+00,-8.037348150666340230e-02,-0.000000000000000000e+00,-6.121050967582132747e-03,-1.039364792105891694e-01,0.000000000000000000e+00
-0.000000000000000000e+00,0.000000000000000000e+00,-0.000000000000000000e+00,0.000000000000000000e+00,0.000000000000000000e+00,-0.000000000000000000e+00,0.000000000000000000e+00,0.000000000000000000e+00,-0.000000000000000000e+00,-0.000000000000000000e+00,-0.000000000000000000e+00,0.000000000000000000e+00,0.000000000000000000e+00,-3.238232469061332747e-02,-0.000000000000000000e+00,-0.000000000000000000e+00,-0.000000000000000000e+00,-0.000000000000000000e+00,0.000000000000000000e+00,0.000000000000000000e+00,-0.000000000000000000e+00,0.000000000000000000e+00,-3.066838280865079036e-01,-1.693328168128696923e-02,1.232774709664267165e+00,-5.361932594598076141e-02,-0.000000000000000000e+00,-1.714200049122623359e-01,-0.000000000000000000e+00,-1.369237015725910667e-01,-0.000000000000000000e+00,-0.000000000000000000e+00,0.000000000000000000e+00,-0.000000000000000000e+00,-0.000000000000000000e+00,-0.000000000000000000e+00,-0.000000000000000000e+00,-1.556162995477900768e-01,-0.000000000000000000e+00
-2.626191250404357747e-01,0.000000000000000000e+00,-0.000000000000000000e+00,-0.000000000000000000e+00,-0.000000000000000000e+00,-0.000000000000000000e+00,1.311863709426002444e-01,1.548196215962571731e-01,-0.000000000000000000e+00,0.000000000000000000e+00,-0.000000000000000000e+00,5.085189483144038347e-02,3.202083961489739922e-02,-4.023338394454011729e-02,-0.000000000000000000e+00,-0.000000000000000000e+00,-6.603146554617671249e-02,-0.000000000000000000e+00,4.754945293173840765e-02,0.000000000000000000e+00,-0.000000000000000000e+00,0.000000000000000000e+00,-0.000000000000000000e+00,-1.089606933483196205e-01,-5.361932594598076141e-02,1.689594170990166955e+00,-0.000000000000000000e+00,-5.988552544466971828e-01,-2.296695826116710581e-01,-2.855261722887232623e-02,-0.000000000000000000e+00,-0.000000000000000000e+00,0.000000000000000000e+00,-0.000000000000000000e+00,-4.360700237516194899e-02,0.000000000000000000e+00,-1.954326578616309013e-02,-3.662539072961712994e-01,0.000000000000000000e+00
-0.000000000000000000e+00,-0.000000000000000000e+00,-0.000000000000000000e+00,-0.000000000000000000e+00,-0.000000000000000000e+00,0.000000000000000000e+00,-0.000000000000000000e+00,0.000000000000000000e+00,-4.000934448076817751e-02,-1.190183141247628112e-01,-0.000000000000000000e+00,-0.000000000000000000e+00,0.000000000000000000e+00,-0.000000000000000000e+00,-0.000000000000000000e+00,-4.210940859647797907e-02,-0.000000000000000000e+00,-0.000000000000000000e+00,-0.000000000000000000e+00,-0.000000000000000000e+00,-0.000000000000000000e+00,-0.000000000000000000e+00,-2.547685348699765262e-01,0.000000000000000000e+00,-0.000000000000000000e+00,-0.000000000000000000e+00,1.873206106997142406e+00,-0.000000000000000000e+00,2.125606075992928501e-01,-0.000000000000000000e+00,-0.000000000000000000e+00,-3.845902539002602483e-01,-0.000000000000000000e+00,-2.910403546482258630e-01,7.764814190208986500e-02,-2.236349113884172381e-03,-0.000000000000000000e+00,-0.000000000000000000e+00,-3.367980010254342238e-01
-8.241842538932669937e-02,-0.000000000000000000e+00,-3.526108907582847785e-02,-0.000000000000000000e+00,-0.000000000000000000e+00,-0.000000000000000000e+00,0.000000000000000000e+00,3.203025598853925238e-01,-0.000000000000000000e+00,-0.000000000000000000e+00,-0.000000000000000000e+00,0.000000000000000000e+00,0.000000000000000000e+00,-3.052125324366314774e-03,-0.000000000000000000e+00,-0.000000000000000000e+00,-3.038494434646215048e-01,-0.000000000000000000e+00,0.000000000000000000e+00,-0.000000000000000000e+00,-7.200780415915165877e-02,-0.000000000000000000e+00,-0.000000000000000000e+00,-0.000000000000000000e+00,-1.714200049122623359e-01,-5.988552544466971828e-01,-0.000000000000000000e+00,1.702020329519125630e+00,-0.000000000000000000e+00,-1.683115125826653569e-01,-0.000000000000000000e+00,-0.000000000000000000e+00,-0.000000000000000000e+00,-0.000000000000000000e+00,-0.000000000000000000e+00,-0.000000000000000000e+00,-5.544012681085733196e-02,-3.267017066258788571e-02,0.000000000000000000e+00
-0.000000000000000000e+00,1.400862288033239145e-01,0.000000000000000000e+00,0.000000000000000000e+00,0.000000000000000000e+00,-5.296779499299794081e-01,0.000000000000000000e+00,-0.000000000000000000e+00,0.000000000000000000e+00,0.000000000000000000e+00,-0.000000000000000000e+00,2.473575642864432045e-01,0.000000000000000000e+00,-0.000000000000000000e+00,0.000000000000000000e+00,0.000000000000000000e+00,-0.000000000000000000e+00,0.000000000000000000e+00,3.306897477335283830e-01,0.000000000000000000e+00,0.000000000000000000e+00,0.000000000000000000e+00,0.000000000000000000e+00,-2.215383558863648350e-01,-0.000000000000000000e+00,-2.296695826116710581e-01,2.125606075992928501e-01,-0.000000000000000000e+00,2.425914814662732955e+00,-0.000000000000000000e+00,0.000000000000000000e+00,0.000000000000000000e+00,1.300663855096973430e-02,0.000000000000000000e+00,-4.773207181687158518e-01,3.607715342773347954e-03,-0.000000000000000000e+00,-0.000000000000000000e+00,3.036778586076309683e-01
-3.046676356024646815e-01,-0.000000000000000000e+00,-1.856799366044206423e-01,-3.324418909630205698e-02,-0.000000000000000000e+00,0.000000000000000000e+00,-0.000000000000000000e+00,1.836632348394660053e-01,-2.145620378268466369e-02,-2.550709940003237711e-02,-0.000000000000000000e+00,-0.000000000000000000e+00,0.000000000000000000e+00,-8.538708761432190625e-03,-0.000000000000000000e+00,-2.759789332189515471e-02,-2.890748422975855658e-02,-0.000000000000000000e+00,-0.000000000000000000e+00,-0.000000000000000000e+00,-3.181737028718763932e-02,-0.000000000000000000e+00,-1.012249003244013734e-01,-0.000000000000000000e+00,-1.369237015725910667e-01,-2.855261722887232623e-02,-0.000000000000000000e+00,-1.683115125826653569e-01,-0.000000000000000000e+00,1.448934128701069968e+00,-0.000000000000000000e+00,-0.000000000000000000e+00,-0.000000000000000000e+00,-0.000000000000000000e+00,-0.000000000000000000e+00,-0.000000000000000000e+00,0.000000000000000000e+00,-0.000000000000000000e+00,-0.000000000000000000e+00
-0.000000000000000000e+00,-0.000000000000000000e+00,-1.175153482682422534e-01,-0.000000000000000000e+00,-0.000000000000000000e+00,9.923821435570956417e-02,-0.000000000000000000e+00,2.468884661861547036e-01,-7.849410868577898215e-02,-0.000000000000000000e+00,-0.000000000000000000e+00,-0.000000000000000000e+00,3.806226241132080329e-02,-0.000000000000000000e+00,-0.000000000000000000e+00,-0.000000000000000000e+00,0.000000000000000000e+00,-4.642866552020651766e-02,-0.000000000000000000e+00,-0.000000000000000000e+00,-0.000000000000000000e+00,-0.000000000000000000e+00,-1.816791644019084828e-01,0.000000000000000000e+00,-0.000000000000000000e+00,-0.000000000000000000e+00,-0.000000000000000000e+00,-0.000000000000000000e+00,0.000000000000000000e+00,-0.000000000000000000e+00,1.605436908471753688e+00,-1.528204088225859625e-01,-0.000000000000000000e+00,-3.905972350992640285e-01,0.000000000000000000e+00,-1.623377771855340559e-02,0.000000000000000000e+00,0.000000000000000000e+00,-0.000000000000000000e+00
-0.000000000000000000e+00,-1.452016674615665970e-01,-0.000000000000000000e+00,-0.000000000000000000e+00,-0.000000000000000000e+00,0.000000000000000000e+00,-0.000000000000000000e+00,1.689484679400930431e-02,-7.111570469904306135e-02,-0.000000000000000000e+00,-7.779648671563776929e-02,-0.000000000000000000e+00,-0.000000000000000000e+00,-0.000000000000000000e+00,-0.000000000000000000e+00,-0.000000000000000000e+00,-0.000000000000000000e+00,-0.000000000000000000e+00,-0.000000000000000000e+00,-0.000000000000000000e+00,-0.000000000000000000e+00,-0.000000000000000000e+00,-2.465139380405806033e-02,0.000000000000000000e+00,-0.000000000000000000e+00,-0.000000000000000000e+00,-3.845902539002602483e-01,-0.000000000000000000e+00,0.000000000000000000e+00,-0.000000000000000000e+00,-1.528204088225859625e-01,1.392292527324598961e+00,-0.000000000000000000e+00,-1.590805135858891451e-03,2.051283236881883132e-01,-0.000000000000000000e+00,-8.125030821486704802e-02,-0.000000000000000000e+00,-0.000000000000000000e+00
-0.000000000000000000e+00,-0.000000000000000000e+00,-0.000000000000000000e+00,-0.000000000000000000e+00,-0.000000000000000000e+00,9.610453474453564682e-02,-3.781886439276732070e-01,0.000000000000000000e+00,-0.000000000000000000e+00,-1.695505731554129702e-01,-0.000000000000000000e+00,-2.220719016667822843e-01,-0.000000000000000000e+00,-0.000000000000000000e+00,-0.000000000000000000e+00,-7.316428641739927685e-02,-0.000000000000000000e+00,-0.000000000000000000e+00,-2.684502734681231684e-01,-3.718171936849939962e-01,-3.691821600602759879e-01,-4.926560260692997573e-01,-0.000000000000000000e+00,0.000000000000000000e+00,0.000000000000000000e+00,0.000000000000000000e+00,-0.000000000000000000e+00,-0.000000000000000000e+00,1.300663855096973430e-02,-0.000000000000000000e+00,-0.000000000000000000e+00,-0.000000000000000000e+00,2.785381584218054485e+00,-0.000000000000000000e+00,0.000000000000000000e+00,-1.116499332813207235e-01,0.000000000000000000e+00,0.000000000000000000e+00,-3.037892849118082328e-01
-0.000000000000000000e+00,-9.611921349293103822e-02,-3.779886697894163095e-01,-0.000000000000000000e+00,-0.000000000000000000e+00,0.000000000000000000e+00,-0.000000000000000000e+00,6.436079496298505176e-02,-2.610145078948273856e-01,-1.171764505608244161e-01,-0.000000000000000000e+00,-1.105862333414876358e-01,0.000000000000000000e+00,-0.000000000000000000e+00,-5.398191321569374701e-02,-1.908589763652874804e-01,-0.000000000000000000e+00,-2.090670880088631167e-01,-0.000000000000000000e+00,-0.000000000000000000e+00,-4.906912447849611641e-02,-0.000000000000000000e+00,-1.024017256510266899e-01,0.000000000000000000e+00,-0.000000000000000000e+00,-0.000000000000000000e+00,-2.910403546482258630e-01,-0.000000000000000000e+00,0.000000000000000000e+00,-0.000000000000000000e+00,-3.905972350992640285e-01,-1.590805135858891451e-03,-0.000000000000000000e+00,2.466600200627169226e+00,0.000000000000000000e+00,-1.963503462828923851e-01,0.000000000000000000e+00,-0.000000000000000000e+00,-1.514183318791791910e-01
-0.000000000000000000e+00,1.876735834357536326e-01,0.000000000000000000e+00,0.000000000000000000e+00,0.000000000000000000e+00,-2.281388167510716436e-01,0.000000000000000000e+00,-0.000000000000000000e+00,0.000000000000000000e+00,0.000000000000000000e+00,-0.000000000000000000e+00,0.000000000000000000e+00,3.259485486055165027e-02,0.000000000000000000e+00,-0.000000000000000000e+00,0.000000000000000000e+00,-0.000000000000000000e+00,0.000000000000000000e+00,5.215652509063798369e-03,0.000000000000000000e+00,-0.000000000000000000e+00,0.000000000000000000e+00,0.000000000000000000e+00,-8.037348150666340230e-02,-0.000000000000000000e+00,-4.360700237516194899e-02,7.764814190208986500e-02,-0.000000000000000000e+00,-4.773207181687158518e-01,-0.000000000000000000e+00,0.000000000000000000e+00,2.051283236881883132e-01,0.000000000000000000e+00,0.000000000000000000e+00,1.583080135618758488e+00,0.000000000000000000e+00,-0.000000000000000000e+00,-1.981013035624243010e-02,0.000000000000000000e+00
-0.000000000000000000e+00,-7.260080717341943490e-02,-0.000000000000000000e+00,0.000000000000000000e+00,-0.000000000000000000e+00,7.179726381600584628e-02,-0.000000000000000000e+00,0.000000000000000000e+00,-0.000000000000000000e+00,-4.777120765136991243e-02,-0.000000000000000000e+00,-2.782796475517125834e-01,0.000000000000000000e+00,-0.000000000000000000e+00,-6.905999185668176832e-02,-1.621364846332653750e-02,-0.000000000000000000e+00,-0.000000000000000000e+00,-0.000000000000000000e+00,-0.000000000000000000e+00,-1.071072364087601730e-01,-5.459769770728086641e-02,-2.777934901413638413e-01,-0.000000000000000000e+00,-0.000000000000000000e+00,0.000000000000000000e+00,-2.236349113884172381e-03,-0.000000000000000000e+00,3.607715342773347954e-03,-0.000000000000000000e+00,-1.623377771855340559e-02,-0.000000000000000000e+00,-1.116499332813207235e-01,-1.963503462828923851e-01,0.000000000000000000e+00,1.781840327146041014e+00,0.000000000000000000e+00,-0.000000000000000000e+00,-2.505942427284069685e-01
0.000000000000000000e+00,0.000000000000000000e+00,0.000000000000000000e+00,0.000000000000000000e+00,-0.000000000000000000e+00,-1.158229098445202193e-01,2.700089666217740936e-01,0.000000000000000000e+00,0.000000000000000000e+00,0.000000000000000000e+00,-0.000000000000000000e+00,3.046184245832155024e-02,0.000000000000000000e+00,-0.000000000000000000e+00,-0.000000000000000000e+00,0.000000000000000000e+00,-0.000000000000000000e+00,0.000000000000000000e+00,0.000000000000000000e+00,1.765915513634821370e-03,0.000000000000000000e+00,0.000000000000000000e+00,0.000000000000000000e+00,-6.121050967582132747e-03,-0.000000000000000000e+00,-1.954326578616309013e-02,-0.000000000000000000e+00,-5.544012681085733196e-02,-0.000000000000000000e+00,0.000000000000000000e+00,0.000000000000000000e+00,-8.125030821486704802e-02,0.000000000000000000e+00,0.000000000000000000e+00,-0.000000000000000000e+00,0.000000000000000000e+00,1.117495725319979094e+00,-2.188666690473088997e-02,0.000000000000000000e+00
-0.000000000000000000e+00,0.000000000000000000e+00,-0.000000000000000000e+00,1.165126848215042171e-01,0.000000000000000000e+00,-0.000000000000000000e+00,0.000000000000000000e+00,0.000000000000000000e+00,-0.000000000000000000e+00,0.000000000000000000e+00,-0.000000000000000000e+00,0.000000000000000000e+00,0.000000000000000000e+00,-0.000000000000000000e+00,-2.505082230703293833e-01,0.000000000000000000e+00,-0.000000000000000000e+00,0.000000000000000000e+00,0.000000000000000000e+00,0.000000000000000000e+00,-0.000000000000000000e+00,0.000000000000000000e+00,-0.000000000000000000e+00,-1.039364792105891694e-01,-1.556162995477900768e-01,-3.662539072961712994e-01,-0.000000000000000000e+00,-3.267017066258788571e-02,-0.000000000000000000e+00,-0.000000000000000000e+00,0.000000000000000000e+00,-0.000000000000000000e+00,0.000000000000000000e+00,-0.000000000000000000e+00,-1.981013035624243010e-02,-0.000000000000000000e+00,-2.188666690473088997e-02,1.267727781401680964e+00,0.000000000000000000e+00
-0.000000000000000000e+00,-4.360661671498079067e-02,-0.000000000000000000e+00,-0.000000000000000000e+00,-0.000000000000000000e+00,1.122821698409520591e-01,-5.834046668417543907e-02,0.000000000000000000e+00,-0.000000000000000000e+00,-8.291934685261835580e-02,-0.000000000000000000e+00,-5.769366568733917955e-01,-0.000000000000000000e+00,-0.000000000000000000e+00,-7.260820446045126997e-02,-2.809451241574831629e-02,-0.000000000000000000e+00,-0.000000000000000000e+00,-2.608860964070465194e-01,-0.000000000000000000e+00,-0.000000000000000000e+00,-3.318968392565110892e-01,-3.079509878070298134e-02,0.000000000000000000e+00,-0.000000000000000000e+00,0.000000000000000000e+00,-3.367980010254342238e-01,0.000000000000000000e+00,3.036778586076309683e-01,-0.000000000000000000e+00,-0.000000000000000000e+00,-0.000000000000000000e+00,-3.037892849118082328e-01,-1.514183318791791910e-01,0.000000000000000000e+00,-2.505942427284069685e-01,0.000000000000000000e+00,0.000000000000000000e+00,2.775996401187897256e+00
