1.884972762223232845e+00,-1.993480163262437502e-02,-0.000000000000000000e+00,-0.000000000000000000e+00,-0.000000000000000000e+00,0.000000000000000000e+00,-0.000000000000000000e+00,0.000000000000000000e+00,-1.261720362242559623e-01,-0.000000000000000000e+00,0.000000000000000000e+00,-0.000000000000000000e+00,0.000000000000000000e+00,-0.000000000000000000e+00,0.000000000000000000e+00,-4.026534630991907560e-01,0.000000000000000000e+00,-2.558479036775964666e-01,-0.000000000000000000e+00,-3.279339529142211163e-02,-0.000000000000000000e+00,-0.000000000000000000e+00,-0.000000000000000000e+00,-1.001408335794387316e-01,0.000000000000000000e+00,-7.188317809671791736e-02,-0.000000000000000000e+00,-0.000000000000000000e+00,-0.000000000000000000e+00,-2.385973141562078015e-01,-0.000000000000000000e+00,-0.000000000000000000e+00,-0.000000000000000000e+00,-3.218749536999288008e-02,-0.000000000000000000e+00,-0.000000000000000000e+00,-0.000000000000000000e+00,-4.724556828150138221e-01,-5.851394265013156598e-02
-1.993480163262437502e-02,2.505720620492254191e+00,-0.000000000000000000e+00,-0.000000000000000000e+00,-0.000000000000000000e+00,0.000000000000000000e+00,-2.866455370798023372e-01,0.000000000000000000e+00,-2.980253764379128256e-01,-2.160925296109196259e-01,0.000000000000000000e+00,-0.000000000000000000e+00,-0.000000000000000000e+00,-8.461136598297747113e-02,0.000000000000000000e+00,-0.000000000000000000e+00,0.000000000000000000e+00,-1.367602285387058414e-01,-1.609323669437126569e-01,-0.000000000000000000e+00,0.000000000000000000e+00,-0.000000000000000000e+00,-0.000000000000000000e+00,-0.000000000000000000e+00,0.000000000000000000e+00,-0.000000000000000000e+00,-4.982566239337549163e-01,-0.000000000000000000e+00,0.000000000000000000e+00,-4.227744153747799993e-01,-9.115814607279394688e-02,-1.676852126141657184e-01,-0.000000000000000000e+00,-1.619027666224643058e-01,-0.000000000000000000e+00,-0.000000000000000000e+00,-0.000000000000000000e+00,-0.000000000000000000e+00,-1.225738529609796401e-01
-0.000000000000000000e+00,-0.000000000000000000e+00,2.713913885226521661e+00,-2.221225021578732833e-02,-4.340397024835527251e-01,-0.000000000000000000e+00,-0.000000000000000000e+00,1.347334685683470701e+00,-0.000000000000000000e+00,-3.801418759644366319e-02,0.000000000000000000e+00,0.000000000000000000e+00,-0.000000000000000000e+00,-0.000000000000000000e+00,0.000000000000000000e+00,-0.000000000000000000e+00,0.000000000000000000e+00,-0.000000000000000000e+00,-0.000000000000000000e+00,-1.127088671790507368e-01,-5.366344958370799362e-02,-3.212876511657000722e-01,-0.000000000000000000e+00,-0.000000000000000000e+00,-9.766435117758008599e-02,-0.000000000000000000e+00,-0.000000000000000000e+00,-0.000000000000000000e+00,-0.000000000000000000e+00,-0.000000000000000000e+00,-0.000000000000000000e+00,-0.000000000000000000e+00,-2.897407147044129827e-01,-0.000000000000000000e+00,0.000000000000000000e+00,-0.000000000000000000e+00,-0.000000000000000000e+00,0.000000000000000000e+00,-0.000000000000000000e+00
-0.000000000000000000e+00,-0.000000000000000000e+00,-2.221225021578732833e-02,1.534938013130412449e+00,-0.000000000000000000e+00,0.000000000000000000e+00,-0.000000000000000000e+00,2.776583093639839114e-02,-0.000000000000000000e+00,-0.000000000000000000e+00,0.000000000000000000e+00,-0.000000000000000000e+00,0.000000000000000000e+00,-0.000000000000000000e+00,2.753453955015502941e-01,-0.000000000000000000e+00,0.000000000000000000e+00,-3.581243181647681961e-01,-3.204223279315137618e-01,-0.000000000000000000e+00,-0.000000000000000000e+00,-0.000000000000000000e+00,-0.000000000000000000e+00,-2.834988890419808810e-02,-0.000000000000000000e+00,-0.000000000000000000e+00,-0.000000000000000000e+00,0.000000000000000000e+00,0.000000000000000000e+00,-0.000000000000000000e+00,-0.000000000000000000e+00,-0.000000000000000000e+00,-0.000000000000000000e+00,-0.000000000000000000e+00,0.000000000000000000e+00,-0.000000000000000000e+00,-0.000000000000000000e+00,-0.000000000000000000e+00,-1.835513602200415095e-01
-0.000000000000000000e+00,-0.000000000000000000e+00,-4.340397024835527251e-01,-0.000000000000000000e+00,2.141920292972272932e+00,-0.000000000000000000e+00,-0.000000000000000000e+00,1.192769966993142278e-01,-0.000000000000000000e+00,-0.000000000000000000e+00,0.000000000000000000e+00,-0.000000000000000000e+00,-0.000000000000000000e+00,-0.000000000000000000e+00,-0.000000000000000000e+00,-0.000000000000000000e+00,0.000000000000000000e+00,-0.000000000000000000e+00,-0.000000000000000000e+00,-0.000000000000000000e+00,-0.000000000000000000e+00,-1.493182795192843082e-01,-1.134566804481313140e-01,-0.000000000000000000e+00,-0.000000000000000000e+00,-2.665561145086697836e-01,-1.125265052331604759e-01,0.000000000000000000e+00,-0.000000000000000000e+00,-0.000000000000000000e+00,-4.278331294889203829e-01,-1.423498052990201101e-01,-0.000000000000000000e+00,-2.101555699518976028e-01,-0.000000000000000000e+00,-3.378967386848405474e-01,-2.658106599953945215e-02,0.000000000000000000e+00,-0.000000000000000000e+00
0.000000000000000000e+00,0.000000000000000000e+00,-0.000000000000000000e+00,0.000000000000000000e+00,-0.000000000000000000e+00,1.217497167399176128e+00,0.000000000000000000e+00,-0.000000000000000000e+00,0.000000000000000000e+00,0.000000000000000000e+00,-3.262181958549955074e-01,-0.000000000000000000e+00,0.000000000000000000e+00,-7.866285557161639685e-02,-0.000000000000000000e+00,0.000000000000000000e+00,-2.689653452894969488e-01,2.871494064466203686e-02,9.348360250977127972e-02,0.000000000000000000e+00,-0.000000000000000000e+00,-0.000000000000000000e+00,-0.000000000000000000e+00,-0.000000000000000000e+00,-0.000000000000000000e+00,-0.000000000000000000e+00,-0.000000000000000000e+00,-0.000000000000000000e+00,-0.000000000000000000e+00,0.000000000000000000e+00,-0.000000000000000000e+00,-0.000000000000000000e+00,-0.000000000000000000e+00,0.000000000000000000e+00,-5.123111206792155085e-03,-0.000000000000000000e+00,-7.450397456726994862e-03,0.000000000000000000e+00,0.000000000000000000e+00
-0.000000000000000000e+00,-2.866455370798023372e-01,-0.000000000000000000e+00,-0.000000000000000000e+00,-0.000000000000000000e+00,0.000000000000000000e+00,2.194732882893817738e+00,0.000000000000000000e+00,-0.000000000000000000e+00,-5.167462281489056952e-01,0.000000000000000000e+00,-0.000000000000000000e+00,-0.000000000000000000e+00,-5.924663772527770378e-02,-0.000000000000000000e+00,-5.004564009647449047e-02,7.487644411172257597e-02,-2.027853774244349205e-01,-3.116376329769270925e-01,-2.046114993502010648e-01,0.000000000000000000e+00,-0.000000000000000000e+00,-0.000000000000000000e+00,-0.000000000000000000e+00,-0.000000000000000000e+00,-0.000000000000000000e+00,-0.000000000000000000e+00,-0.000000000000000000e+00,0.000000000000000000e+00,-1.023124687243152781e-01,-0.000000000000000000e+00,-0.000000000000000000e+00,0.000000000000000000e+00,-1.699458298195410944e-01,-0.000000000000000000e+00,-0.000000000000000000e+00,-0.000000000000000000e+00,0.000000000000000000e+00,-2.107949005892796324e-01
0.000000000000000000e+00,0.000000000000000000e+00,1.347334685683470701e+00,2.776583093639839114e-02,1.192769966993142278e-01,-0.000000000000000000e+00,0.000000000000000000e+00,2.612955433213911327e+00,0.000000000000000000e+00,1.349967004083068300e-01,0.000000000000000000e+00,-0.000000000000000000e+00,0.000000000000000000e+00,0.000000000000000000e+00,-0.000000000000000000e+00,0.000000000000000000e+00,-0.000000000000000000e+00,0.000000000000000000e+00,0.000000000000000000e+00,1.324476588284468626e-01,5.628527829014225853e-02,4.102997051836236309e-01,0.000000000000000000e+00,0.000000000000000000e+00,1.280352694594965590e-01,0.000000000000000000e+00,0.000000000000000000e+00,0.000000000000000000e+00,-0.000000000000000000e+00,0.000000000000000000e+00,0.000000000000000000e+00,0.000000000000000000e+00,2.060359198295398653e-01,0.000000000000000000e+00,-0.000000000000000000e+00,0.000000000000000000e+00,0.000000000000000000e+00,-0.000000000000000000e+00,0.000000000000000000e+00
-1.261720362242559623e-01,-2.980253764379128256e-01,-0.000000000000000000e+00,-0.000000000000000000e+00,-0.000000000000000000e+00,0.000000000000000000e+00,-0.000000000000000000e+00,0.000000000000000000e+00,2.304894781383347357e+00,-0.000000000000000000e+00,0.000000000000000000e+00,-0.000000000000000000e+00,-0.000000000000000000e+00,-2.434451607733654696e-02,0.000000000000000000e+00,-0.000000000000000000e+00,0.000000000000000000e+00,-8.429401272959818892e-02,-1.708056998103852364e-01,-0.000000000000000000e+00,-0.000000000000000000e+00,-0.000000000000000000e+00,-0.000000000000000000e+00,-9.583039487104100251e-02,0.000000000000000000e+00,-0.000000000000000000e+00,-4.099097724686363853e-02,-0.000000000000000000e+00,0.000000000000000000e+00,-1.128263949076975109e-01,-0.000000000000000000e+00,-0.000000000000000000e+00,-0.000000000000000000e+00,-8.167774010811160723e-01,-0.000000000000000000e+00,-0.000000000000000000e+00,-0.000000000000000000e+00,-5.109272021828430849e-02,-4.117344984434327948e-01
-0.000000000000000000e+00,-2.160925296109196259e-01,-3.801418759644366319e-02,-0.000000000000000000e+00,-0.000000000000000000e+00,0.000000000000000000e+00,-5.167462281489056952e-01,1.349967004083068300e-01,-0.000000000000000000e+00,2.581946503974826168e+00,0.000000000000000000e+00,-0.000000000000000000e+00,-0.000000000000000000e+00,-9.146132277360032037e-02,0.000000000000000000e+00,-0.000000000000000000e+00,0.000000000000000000e+00,-1.087812940126485356e-01,-2.194151029153790511e-01,-0.000000000000000000e+00,0.000000000000000000e+00,-5.381217592893793311e-01,-7.687735290497355045e-02,-5.494788685617805167e-03,-0.000000000000000000e+00,-0.000000000000000000e+00,-0.000000000000000000e+00,-0.000000000000000000e+00,2.058289714111452284e-01,-5.088208240712226438e-01,-2.842486369756374587e-01,-0.000000000000000000e+00,-0.000000000000000000e+00,-0.000000000000000000e+00,-0.000000000000000000e+00,-0.000000000000000000e+00,-0.000000000000000000e+00,0.000000000000000000e+00,-0.000000000000000000e+00
0.000000000000000000e+00,0.000000000000000000e+00,0.000000000000000000e+00,0.000000000000000000e+00,0.000000000000000000e+00,-3.262181958549955074e-01,0.000000000000000000e+00,0.000000000000000000e+00,0.000000000000000000e+00,0.000000000000000000e+00,1.261164428256659198e+00,-0.000000000000000000e+00,0.000000000000000000e+00,-0.000000000000000000e+00,-0.000000000000000000e+00,0.000000000000000000e+00,-3.204602680413766724e-01,0.000000000000000000e+00,9.972854942603850970e-02,0.000000000000000000e+00,-0.000000000000000000e+00,0.000000000000000000e+00,-0.000000000000000000e+00,-0.000000000000000000e+00,-4.014849313824975924e-02,-0.000000000000000000e+00,0.000000000000000000e+00,-0.000000000000000000e+00,-0.000000000000000000e+00,0.000000000000000000e+00,-0.000000000000000000e+00,0.000000000000000000e+00,-0.000000000000000000e+00,0.000000000000000000e+00,-0.000000000000000000e+00,0.000000000000000000e+00,-0.000000000000000000e+00,0.000000000000000000e+00,1.029567226403986513e-01
-0.000000000000000000e+00,-0.000000000000000000e+00,0.000000000000000000e+00,-0.000000000000000000e+00,-0.000000000000000000e+00,-0.000000000000000000e+00,-0.000000000000000000e+00,-0.000000000000000000e+00,-0.000000000000000000e+00,-0.000000000000000000e+00,-0.000000000000000000e+00,1.035205715472024668e+00,-0.000000000000000000e+00,-1.345975481545481633e-01,-0.000000000000000000e+00,-0.000000000000000000e+00,-0.000000000000000000e+00,-0.000000000000000000e+00,0.000000000000000000e+00,-8.138768293635649520e-02,2.253836483150217090e-02,-0.000000000000000000e+00,-0.000000000000000000e+00,-0.000000000000000000e+00,-0.000000000000000000e+00,0.000000000000000000e+00,-0.000000000000000000e+00,-0.000000000000000000e+00,5.353693660371967172e-02,-0.000000000000000000e+00,-0.000000000000000000e+00,0.000000000000000000e+00,0.000000000000000000e+00,-0.000000000000000000e+00,-1.864342211333232940e-02,0.000000000000000000e+00,-0.000000000000000000e+00,0.000000000000000000e+00,-0.000000000000000000e+00
0.000000000000000000e+00,-0.000000000000000000e+00,-0.000000000000000000e+00,0.000000000000000000e+00,-0.000000000000000000e+00,0.000000000000000000e+00,-0.000000000000000000e+00,0.000000000000000000e+00,-0.000000000000000000e+00,-0.000000000000000000e+00,0.000000000000000000e+00,-0.000000000000000000e+00,1.058242636216655708e+00,-0.000000000000000000e+00,-2.326677463792754114e-02,0.000000000000000000e+00,0.000000000000000000e+00,0.000000000000000000e+00,-0.000000000000000000e+00,-0.000000000000000000e+00,-0.000000000000000000e+00,-1.139971772518597465e-01,0.000000000000000000e+00,0.000000000000000000e+00,0.000000000000000000e+00,-0.000000000000000000e+00,-1.865983293232061080e-01,-0.000000000000000000e+00,0.000000000000000000e+00,-0.000000000000000000e+00,-0.000000000000000000e+00,-0.000000000000000000e+00,-0.000000000000000000e+00,-0.000000000000000000e+00,-0.000000000000000000e+00,-0.000000000000000000e+00,-0.000000000000000000e+00,1.112041543545282951e-01,0.000000000000000000e+00
-0.000000000000000000e+00,-8.461136598297747113e-02,-0.000000000000000000e+00,-0.000000000000000000e+00,-0.000000000000000000e+00,-7.866285557161639685e-02,-5.924663772527770378e-02,0.000000000000000000e+00,-2.434451607733654696e-02,-9.146132277360032037e-02,-0.000000000000000000e+00,-1.345975481545481633e-01,-0.000000000000000000e+00,2.253674498273116278e+00,-0.000000000000000000e+00,-0.000000000000000000e+00,-0.000000000000000000e+00,-0.000000000000000000e+00,-0.000000000000000000e+00,-2.518411802174962966e-01,0.000000000000000000e+00,-7.332005994627643908e-02,-3.416173901256607803e-01,-1.919264673495322260e-01,-1.275304695588063142e-01,-0.000000000000000000e+00,-1.996408551305400847e-01,-0.000000000000000000e+00,-0.000000000000000000e+00,-0.000000000000000000e+00,-2.286878962094125167e-01,-1.186357069664190911e-01,-0.000000000000000000e+00,-0.000000000000000000e+00,-3.176323123562950212e-01,-1.149690835433900826e-01,-2.482145504651899204e-01,0.000000000000000000e+00,-0.000000000000000000e+00
0.000000000000000000e+00,0.000000000000000000e+00,0.000000000000000000e+00,2.753453955015502941e-01,-0.000000000000000000e+00,-0.000000000000000000e+00,-0.000000000000000000e+00,-0.000000000000000000e+00,0.000000000000000000e+00,0.000000000000000000e+00,-0.000000000000000000e+00,-0.000000000000000000e+00,-2.326677463792754114e-02,-0.000000000000000000e+00,1.282665520235072520e+00,0.000000000000000000e+00,0.000000000000000000e+00,2.467757644623398694e-01,0.000000000000000000e+00,-0.000000000000000000e+00,0.000000000000000000e+00,-0.000000000000000000e+00,-0.000000000000000000e+00,-0.000000000000000000e+00,-0.000000000000000000e+00,0.000000000000000000e+00,-0.000000000000000000e+00,0.000000000000000000e+00,-0.000000000000000000e+00,0.000000000000000000e+00,-0.000000000000000000e+00,-0.000000000000000000e+00,0.000000000000000000e+00,0.000000000000000000e+00,-0.000000000000000000e+00,-0.000000000000000000e+00,-0.000000000000000000e+00,2.614494059387136859e-01,0.000000000000000000e+00
-4.026534630991907560e-01,-0.000000000000000000e+00,-0.000000000000000000e+00,-0.000000000000000000e+00,-0.000000000000000000e+00,0.000000000000000000e+00,-5.004564009647449047e-02,0.000000000000000000e+00,-0.000000000000000000e+00,-0.000000000000000000e+00,0.000000000000000000e+00,-0.000000000000000000e+00,0.000000000000000000e+00,-0.000000000000000000e+00,0.000000000000000000e+00,2.032589253789629513e+00,-0.000000000000000000e+00,-2.590629247786694345e-01,-0.000000000000000000e+00,-1.419748105104741143e-01,0.000000000000000000e+00,-0.000000000000000000e+00,-0.000000000000000000e+00,-0.000000000000000000e+00,0.000000000000000000e+00,-0.000000000000000000e+00,0.000000000000000000e+00,-3.866697879826228035e-01,0.000000000000000000e+00,-6.116789439880406798e-01,-0.000000000000000000e+00,-1.640016325964792007e-02,0.000000000000000000e+00,-0.000000000000000000e+00,-0.000000000000000000e+00,0.000000000000000000e+00,0.000000000000000000e+00,-1.705356226632243066e-01,-3.745455305521303707e-02
0.000000000000000000e+00,0.000000000000000000e+00,0.000000000000000000e+00,0.000000000000000000e+00,0.000000000000000000e+00,-2.689653452894969488e-01,7.487644411172257597e-02,-0.000000000000000000e+00,0.000000000000000000e+00,0.000000000000000000e+00,-3.204602680413766724e-01,-0.000000000000000000e+00,0.000000000000000000e+00,-0.000000000000000000e+00,0.000000000000000000e+00,-0.000000000000000000e+00,1.221525480361665306e+00,0.000000000000000000e+00,0.000000000000000000e+00,0.000000000000000000e+00,-0.000000000000000000e+00,0.000000000000000000e+00,-0.000000000000000000e+00,-0.000000000000000000e+00,0.000000000000000000e+00,0.000000000000000000e+00,0.000000000000000000e+00,-1.441972708622869248e-01,-0.000000000000000000e+00,0.000000000000000000e+00,-0.000000000000000000e+00,-0.000000000000000000e+00,-0.000000000000000000e+00,0.000000000000000000e+00,0.000000000000000000e+00,-0.000000000000000000e+00,0.000000000000000000e+00,-0.000000000000000000e+00,0.000000000000000000e+00
-2.558479036775964666e-01,-1.367602285387058414e-01,-0.000000000000000000e+00,-3.581243181647681961e-01,-0.000000000000000000e+00,2.871494064466203686e-02,-2.027853774244349205e-01,0.000000000000000000e+00,-8.429401272959818892e-02,-1.087812940126485356e-01,0.000000000000000000e+00,-0.000000000000000000e+00,0.000000000000000000e+00,-0.000000000000000000e+00,2.467757644623398694e-01,-2.590629247786694345e-01,0.000000000000000000e+00,2.239541970031347695e+00,-2.134060659782742175e-01,-0.000000000000000000e+00,-0.000000000000000000e+00,-0.000000000000000000e+00,-0.000000000000000000e+00,-0.000000000000000000e+00,-0.000000000000000000e+00,-0.000000000000000000e+00,-0.000000000000000000e+00,-0.000000000000000000e+00,-0.000000000000000000e+00,-0.000000000000000000e+00,-0.000000000000000000e+00,-0.000000000000000000e+00,-0.000000000000000000e+00,-4.224279474636185583e-01,-0.000000000000000000e+00,-0.000000000000000000e+00,-0.000000000000000000e+00,-0.000000000000000000e+00,-9.302977950933746798e-02
-0.000000000000000000e+00,-1.609323669437126569e-01,-0.000000000000000000e+00,-3.204223279315137618e-01,-0.000000000000000000e+00,9.348360250977127972e-02,-3.116376329769270925e-01,0.000000000000000000e+00,-1.708056998103852364e-01,-2.194151029153790511e-01,9.972854942603850970e-02,0.000000000000000000e+00,-0.000000000000000000e+00,-0.000000000000000000e+00,0.000000000000000000e+00,-0.000000000000000000e+00,0.000000000000000000e+00,-2.134060659782742175e-01,2.319173461416947024e+00,-0.000000000000000000e+00,-0.000000000000000000e+00,-2.371774157507435254e-01,-0.000000000000000000e+00,-1.299002654834984782e-01,-0.000000000000000000e+00,-0.000000000000000000e+00,-0.000000000000000000e+00,-0.000000000000000000e+00,0.000000000000000000e+00,-3.363839679749305311e-01,-0.000000000000000000e+00,-0.000000000000000000e+00,-0.000000000000000000e+00,-0.000000000000000000e+00,-0.000000000000000000e+00,-0.000000000000000000e+00,-0.000000000000000000e+00,-0.000000000000000000e+00,-2.475524403280447427e-01
-3.279339529142211163e-02,-0.000000000000000000e+00,-1.127088671790507368e-01,-0.000000000000000000e+00,-0.000000000000000000e+00,0.000000000000000000e+00,-2.046114993502010648e-01,1.324476588284468626e-01,-0.000000000000000000e+00,-0.000000000000000000e+00,0.000000000000000000e+00,-8.138768293635649520e-02,-0.000000000000000000e+00,-2.518411802174962966e-01,-0.000000000000000000e+00,-1.419748105104741143e-01,0.000000000000000000e+00,-0.000000000000000000e+00,-0.000000000000000000e+00,1.546082828401300846e+00,-0.000000000000000000e+00,-2.802807642325770288e-01,-0.000000000000000000e+00,-0.000000000000000000e+00,-0.000000000000000000e+00,-0.000000000000000000e+00,-0.000000000000000000e+00,-1.319332847471343384e-01,-0.000000000000000000e+00,-1.313831497349700859e-02,-0.000000000000000000e+00,-0.000000000000000000e+00,-0.000000000000000000e+00,-0.000000000000000000e+00,-0.000000000000000000e+00,-0.000000000000000000e+00,-0.000000000000000000e+00,0.000000000000000000e+00,-0.000000000000000000e+00
-0.000000000000000000e+00,0.000000000000000000e+00,-5.366344958370799362e-02,-0.000000000000000000e+00,-0.000000000000000000e+00,-0.000000000000000000e+00,0.000000000000000000e+00,5.628527829014225853e-02,-0.000000000000000000e+00,0.000000000000000000e+00,-0.000000000000000000e+00,2.253836483150217090e-02,-0.000000000000000000e+00,0.000000000000000000e+00,0.000000000000000000e+00,0.000000000000000000e+00,-0.000000000000000000e+00,-0.000000000000000000e+00,-0.000000000000000000e+00,-0.000000000000000000e+00,1.874476135089492068e+00,-0.000000000000000000e+00,-0.000000000000000000e+00,-0.000000000000000000e+00,-0.000000000000000000e+00,-0.000000000000000000e+00,0.000000000000000000e+00,0.000000000000000000e+00,-6.233086806272560704e-02,-0.000000000000000000e+00,0.000000000000000000e+00,-0.000000000000000000e+00,-1.211673774265823011e+00,-0.000000000000000000e+00,0.000000000000000000e+00,-0.000000000000000000e+00,0.000000000000000000e+00,-0.000000000000000000e+00,-0.000000000000000000e+00
-0.000000000000000000e+00,-0.000000000000000000e+00,-3.212876511657000722e-01,-0.000000000000000000e+00,-1.493182795192843082e-01,-0.000000000000000000e+00,-0.000000000000000000e+00,4.102997051836236309e-01,-0.000000000000000000e+00,-5.381217592893793311e-01,0.000000000000000000e+00,-0.000000000000000000e+00,-1.139971772518597465e-01,-7.332005994627643908e-02,-0.000000000000000000e+00,-0.000000000000000000e+00,0.000000000000000000e+00,-0.000000000000000000e+00,-2.371774157507435254e-01,-2.802807642325770288e-01,-0.000000000000000000e+00,2.236181964431057434e+00,-8.487418705953840570e-02,-0.000000000000000000e+00,-0.000000000000000000e+00,-0.000000000000000000e+00,-0.000000000000000000e+00,-0.000000000000000000e+00,0.000000000000000000e+00,-0.000000000000000000e+00,-4.091569652844387339e-02,-0.000000000000000000e+00,-9.429322430843108116e-02,-0.000000000000000000e+00,-0.000000000000000000e+00,-0.000000000000000000e+00,-0.000000000000000000e+00,0.000000000000000000e+00,-0.000000000000000000e+00
-0.000000000000000000e+00,-0.000000000000000000e+00,-0.000000000000000000e+00,-0.000000000000000000e+00,-1.134566804481313140e-01,-0.000000000000000000e+00,-0.000000000000000000e+00,0.000000000000000000e+00,-0.000000000000000000e+00,-7.687735290497355045e-02,-0.000000000000000000e+00,-0.000000000000000000e+00,0.000000000000000000e+00,-3.416173901256607803e-01,-0.000000000000000000e+00,-0.000000000000000000e+00,-0.000000000000000000e+00,-0.000000000000000000e+00,-0.000000000000000000e+00,-0.000000000000000000e+00,-0.000000000000000000e+00,-8.487418705953840570e-02,2.352547076699750939e+00,-4.731356627888865241e-01,-7.080597718430776677e-01,-1.330439326117452137e-01,-3.530553531300565512e-02,0.000000000000000000e+00,-0.000000000000000000e+00,-0.000000000000000000e+00,-1.038485574703979820e-02,-0.000000000000000000e+00,-0.000000000000000000e+00,-0.000000000000000000e+00,-6.922264648702179668e-02,-1.370566339553341006e-01,-3.387254954185591749e-01,0.000000000000000000e+00,-0.000000000000000000e+00
-1.001408335794387316e-01,-0.000000000000000000e+00,-0.000000000000000000e+00,-2.834988890419808810e-02,-0.000000000000000000e+00,-0.000000000000000000e+00,-0.000000000000000000e+00,0.000000000000000000e+00,-9.583039487104100251e-02,-5.494788685617805167e-03,-0.000000000000000000e+00,-0.000000000000000000e+00,0.000000000000000000e+00,-1.919264673495322260e-01,-0.000000000000000000e+00,-0.000000000000000000e+00,-0.000000000000000000e+00,-0.000000000000000000e+00,-1.299002654834984782e-01,-0.000000000000000000e+00,-0.000000000000000000e+00,-0.000000000000000000e+00,-4.731356627888865241e-01,1.623734157884406892e+00,-2.430335892396534303e-01,-0.000000000000000000e+00,-0.000000000000000000e+00,0.000000000000000000e+00,-0.000000000000000000e+00,-0.000000000000000000e+00,-0.000000000000000000e+00,-0.000000000000000000e+00,-0.000000000000000000e+00,-3.741399839971358554e-02,-4.286597899876520151e-02,-0.000000000000000000e+00,-1.344648424802628514e-02,-0.000000000000000000e+00,-0.000000000000000000e+00
0.000000000000000000e+00,0.000000000000000000e+00,-9.766435117758008599e-02,-0.000000000000000000e+00,-0.000000000000000000e+00,-0.000000000000000000e+00,-0.000000000000000000e+00,1.280352694594965590e-01,0.000000000000000000e+00,-0.000000000000000000e+00,-4.014849313824975924e-02,-0.000000000000000000e+00,0.000000000000000000e+00,-1.275304695588063142e-01,-0.000000000000000000e+00,0.000000000000000000e+00,0.000000000000000000e+00,-0.000000000000000000e+00,-0.000000000000000000e+00,-0.000000000000000000e+00,-0.000000000000000000e+00,-0.000000000000000000e+00,-7.080597718430776677e-01,-2.430335892396534303e-01,1.704868905597883622e+00,-5.704607347523173860e-03,-0.000000000000000000e+00,0.000000000000000000e+00,-0.000000000000000000e+00,-0.000000000000000000e+00,-0.000000000000000000e+00,-0.000000000000000000e+00,-6.808667018997506537e-02,-0.000000000000000000e+00,-0.000000000000000000e+00,-0.000000000000000000e+00,-0.000000000000000000e+00,1.178248161106668600e-03,0.000000000000000000e+00
-7.188317809671791736e-02,-0.000000000000000000e+00,-0.000000000000000000e+00,-0.000000000000000000e+00,-2.665561145086697836e-01,-0.000000000000000000e+00,-0.000000000000000000e+00,0.000000000000000000e+00,-0.000000000000000000e+00,-0.000000000000000000e+00,-0.000000000000000000e+00,0.000000000000000000e+00,-0.000000000000000000e+00,-0.000000000000000000e+00,0.000000000000000000e+00,-0.000000000000000000e+00,0.000000000000000000e+00,-0.000000000000000000e+00,-0.000000000000000000e+00,-0.000000000000000000e+00,-0.000000000000000000e+00,-0.000000000000000000e+00,-1.330439326117452137e-01,-0.000000000000000000e+00,-5.704607347523173860e-03,1.445176678703215423e+00,-2.500482441674761747e-01,0.000000000000000000e+00,-4.062368704737947533e-01,-0.000000000000000000e+00,-0.000000000000000000e+00,-1.373068865714374611e-03,-0.000000000000000000e+00,-0.000000000000000000e+00,-0.000000000000000000e+00,-6.807223619649277468e-02,-0.000000000000000000e+00,-0.000000000000000000e+00,-0.000000000000000000e+00
-0.000000000000000000e+00,-4.982566239337549163e-01,-0.000000000000000000e+00,-0.000000000000000000e+00,-1.125265052331604759e-01,-0.000000000000000000e+00,-0.000000000000000000e+00,0.000000000000000000e+00,-4.099097724686363853e-02,-0.000000000000000000e+00,0.000000000000000000e+00,-0.000000000000000000e+00,-1.865983293232061080e-01,-1.996408551305400847e-01,-0.000000000000000000e+00,0.000000000000000000e+00,0.000000000000000000e+00,-0.000000000000000000e+00,-0.000000000000000000e+00,-0.000000000000000000e+00,0.000000000000000000e+00,-0.000000000000000000e+00,-3.530553531300565512e-02,-0.000000000000000000e+00,-0.000000000000000000e+00,-2.500482441674761747e-01,2.218696657888055590e+00,0.000000000000000000e+00,-0.000000000000000000e+00,-0.000000000000000000e+00,-1.489513741547932868e-01,-0.000000000000000000e+00,-0.000000000000000000e+00,-1.813253048848454951e-01,-1.934795900296782944e-01,-3.129471404392590306e-01,-3.375144111753363152e-01,0.000000000000000000e+00,-0.000000000000000000e+00
-0.000000000000000000e+00,-0.000000000000000000e+00,-0.000000000000000000e+00,0.000000000000000000e+00,0.000000000000000000e+00,-0.000000000000000000e+00,-0.000000000000000000e+00,0.000000000000000000e+00,-0.000000000000000000e+00,-0.000000000000000000e+00,-0.000000000000000000e+00,-0.000000000000000000e+00,-0.000000000000000000e+00,-0.000000000000000000e+00,0.000000000000000000e+00,-3.866697879826228035e-01,-1.441972708622869248e-01,-0.000000000000000000e+00,-0.000000000000000000e+00,-1.319332847471343384e-01,0.000000000000000000e+00,-0.000000000000000000e+00,0.000000000000000000e+00,0.000000000000000000e+00,0.000000000000000000e+00,0.000000000000000000e+00,0.000000000000000000e+00,1.187554214616049153e+00,1.657028999176008918e-02,-0.000000000000000000e+00,-0.000000000000000000e+00,-0.000000000000000000e+00,0.000000000000000000e+00,-0.000000000000000000e+00,0.000000000000000000e+00,0.000000000000000000e+00,0.000000000000000000e+00,-0.000000000000000000e+00,0.000000000000000000e+00
-0.000000000000000000e+00,0.000000000000000000e+00,-0.000000000000000000e+00,0.000000000000000000e+00,-0.000000000000000000e+00,-0.000000000000000000e+00,0.000000000000000000e+00,-0.000000000000000000e+00,0.000000000000000000e+00,2.058289714111452284e-01,-0.000000000000000000e+00,5.353693660371967172e-02,0.000000000000000000e+00,-0.000000000000000000e+00,-0.000000000000000000e+00,0.000000000000000000e+00,-0.000000000000000000e+00,-0.000000000000000000e+00,0.000000000000000000e+00,-0.000000000000000000e+00,-6.233086806272560704e-02,0.000000000000000000e+00,-0.000000000000000000e+00,-0.000000000000000000e+00,-0.000000000000000000e+00,-4.062368704737947533e-01,-0.000000000000000000e+00,1.657028999176008918e-02,1.224286177342913229e+00,0.000000000000000000e+00,-0.000000000000000000e+00,-0.000000000000000000e+00,-8.671251892625762847e-02,0.000000000000000000e+00,-4.259685067529561664e-02,-7.063314457342330030e-03,-1.685790961054225157e-01,0.000000000000000000e+00,0.000000000000000000e+00
-2.385973141562078015e-01,-4.227744153747799993e-01,-0.000000000000000000e+00,-0.000000000000000000e+00,-0.000000000000000000e+00,0.000000000000000000e+00,-1.023124687243152781e-01,0.000000000000000000e+00,-1.128263949076975109e-01,-5.088208240712226438e-01,0.000000000000000000e+00,-0.000000000000000000e+00,-0.000000000000000000e+00,-0.000000000000000000e+00,0.000000000000000000e+00,-6.116789439880406798e-01,0.000000000000000000e+00,-0.000000000000000000e+00,-3.363839679749305311e-01,-1.313831497349700859e-02,-0.000000000000000000e+00,-0.000000000000000000e+00,-0.000000000000000000e+00,-0.000000000000000000e+00,-0.000000000000000000e+00,-0.000000000000000000e+00,-0.000000000000000000e+00,-0.000000000000000000e+00,0.000000000000000000e+00,2.565208487086911404e+00,-0.000000000000000000e+00,-0.000000000000000000e+00,-0.000000000000000000e+00,-0.000000000000000000e+00,-0.000000000000000000e+00,-0.000000000000000000e+00,-0.000000000000000000e+00,-0.000000000000000000e+00,-2.722412775266485618e-01
-0.000000000000000000e+00,-9.115814607279394688e-02,-0.000000000000000000e+00,-0.000000000000000000e+00,-4.278331294889203829e-01,-0.000000000000000000e+00,-0.000000000000000000e+00,0.000000000000000000e+00,-0.000000000000000000e+00,-2.842486369756374587e-01,-0.000000000000000000e+00,-0.000000000000000000e+00,-0.000000000000000000e+00,-2.286878962094125167e-01,-0.000000000000000000e+00,-0.000000000000000000e+00,-0.000000000000000000e+00,-0.000000000000000000e+00,-0.000000000000000000e+00,-0.000000000000000000e+00,0.000000000000000000e+00,-4.091569652844387339e-02,-1.038485574703979820e-02,-0.000000000000000000e+00,-0.000000000000000000e+00,-0.000000000000000000e+00,-1.489513741547932868e-01,-0.000000000000000000e+00,-0.000000000000000000e+00,-0.000000000000000000e+00,1.644938963034898283e+00,-0.000000000000000000e+00,-0.000000000000000000e+00,-0.000000000000000000e+00,-0.000000000000000000e+00,-0.000000000000000000e+00,-1.110532227490284296e-01,0.000000000000000000e+00,-0.000000000000000000e+00
-0.000000000000000000e+00,-1.676852126141657184e-01,-0.000000000000000000e+00,-0.000000000000000000e+00,-1.423498052990201101e-01,-0.000000000000000000e+00,-0.000000000000000000e+00,0.000000000000000000e+00,-0.000000000000000000e+00,-0.000000000000000000e+00,0.000000000000000000e+00,0.000000000000000000e+00,-0.000000000000000000e+00,-1.186357069664190911e-01,-0.000000000000000000e+00,-1.640016325964792007e-02,-0.000000000000000000e+00,-0.000000000000000000e+00,-0.000000000000000000e+00,-0.000000000000000000e+00,-0.000000000000000000e+00,-0.000000000000000000e+00,-0.000000000000000000e+00,-0.000000000000000000e+00,-0.000000000000000000e+00,-1.373068865714374611e-03,-0.000000000000000000e+00,-0.000000000000000000e+00,-0.000000000000000000e+00,-0.000000000000000000e+00,-0.000000000000000000e+00,1.251384152646225933e+00,-0.000000000000000000e+00,-0.000000000000000000e+00,-0.000000000000000000e+00,-0.000000000000000000e+00,-5.404851445663365339e-02,-0.000000000000000000e+00,-2.396515639098673600e-01
-0.000000000000000000e+00,-0.000000000000000000e+00,-2.897407147044129827e-01,-0.000000000000000000e+00,-0.000000000000000000e+00,-0.000000000000000000e+00,0.000000000000000000e+00,2.060359198295398653e-01,-0.000000000000000000e+00,-0.000000000000000000e+00,-0.000000000000000000e+00,0.000000000000000000e+00,-0.000000000000000000e+00,-0.000000000000000000e+00,0.000000000000000000e+00,0.000000000000000000e+00,-0.000000000000000000e+00,-0.000000000000000000e+00,-0.000000000000000000e+00,-0.000000000000000000e+00,-1.211673774265823011e+00,-9.429322430843108116e-02,-0.000000000000000000e+00,-0.000000000000000000e+00,-6.808667018997506537e-02,-0.000000000000000000e+00,-0.000000000000000000e+00,0.000000000000000000e+00,-8.671251892625762847e-02,-0.000000000000000000e+00,-0.000000000000000000e+00,-0.000000000000000000e+00,2.336479647705416163e+00,-0.000000000000000000e+00,0.000000000000000000e+00,-4.201874754405917067e-01,-0.000000000000000000e+00,0.000000000000000000e+00,-0.000000000000000000e+00
-3.218749536999288008e-02,-1.619027666224643058e-01,-0.000000000000000000e+00,-0.000000000000000000e+00,-2.101555699518976028e-01,0.000000000000000000e+00,-1.699458298195410944e-01,0.000000000000000000e+00,-8.167774010811160723e-01,-0.000000000000000000e+00,0.000000000000000000e+00,-0.000000000000000000e+00,-0.000000000000000000e+00,-0.000000000000000000e+00,0.000000000000000000e+00,-0.000000000000000000e+00,0.000000000000000000e+00,-4.224279474636185583e-01,-0.000000000000000000e+00,-0.000000000000000000e+00,-0.000000000000000000e+00,-0.000000000000000000e+00,-0.000000000000000000e+00,-3.741399839971358554e-02,-0.000000000000000000e+00,-0.000000000000000000e+00,-1.813253048848454951e-01,-0.000000000000000000e+00,0.000000000000000000e+00,-0.000000000000000000e+00,-0.000000000000000000e+00,-0.000000000000000000e+00,-0.000000000000000000e+00,2.256009917289090172e+00,-0.000000000000000000e+00,-0.000000000000000000e+00,-3.330943706718305676e-03,-0.000000000000000000e+00,-1.398130992419358565e-01
-0.000000000000000000e+00,-0.000000000000000000e+00,0.000000000000000000e+00,0.000000000000000000e+00,-0.000000000000000000e+00,-5.123111206792155085e-03,-0.000000000000000000e+00,-0.000000000000000000e+00,-0.000000000000000000e+00,-0.000000000000000000e+00,-0.000000000000000000e+00,-1.864342211333232940e-02,-0.000000000000000000e+00,-3.176323123562950212e-01,-0.000000000000000000e+00,-0.000000000000000000e+00,0.000000000000000000e+00,-0.000000000000000000e+00,-0.000000000000000000e+00,-0.000000000000000000e+00,0.000000000000000000e+00,-0.000000000000000000e+00,-6.922264648702179668e-02,-4.286597899876520151e-02,-0.000000000000000000e+00,-0.000000000000000000e+00,-1.934795900296782944e-01,0.000000000000000000e+00,-4.259685067529561664e-02,-0.000000000000000000e+00,-0.000000000000000000e+00,-0.000000000000000000e+00,0.000000000000000000e+00,-0.000000000000000000e+00,2.161377431741026367e+00,-0.000000000000000000e+00,-1.179822374222564418e+00,0.000000000000000000e+00,0.000000000000000000e+00
-0.000000000000000000e+00,-0.000000000000000000e+00,-0.000000000000000000e+00,-0.000000000000000000e+00,-3.378967386848405474e-01,-0.000000000000000000e+00,-0.000000000000000000e+00,0.000000000000000000e+00,-0.000000000000000000e+00,-0.000000000000000000e+00,0.000000000000000000e+00,0.000000000000000000e+00,-0.000000000000000000e+00,-1.149690835433900826e-01,-0.000000000000000000e+00,0.000000000000000000e+00,-0.000000000000000000e+00,-0.000000000000000000e+00,-0.000000000000000000e+00,-0.000000000000000000e+00,-0.000000000000000000e+00,-0.000000000000000000e+00,-1.370566339553341006e-01,-0.000000000000000000e+00,-0.000000000000000000e+00,-6.807223619649277468e-02,-3.129471404392590306e-01,0.000000000000000000e+00,-7.063314457342330030e-03,-0.000000000000000000e+00,-0.000000000000000000e+00,-0.000000000000000000e+00,-4.201874754405917067e-01,-0.000000000000000000e+00,-0.000000000000000000e+00,1.678252560926515979e+00,-7.263277572527850057e-02,0.000000000000000000e+00,-0.000000000000000000e+00
-0.000000000000000000e+00,-0.000000000000000000e+00,-0.000000000000000000e+00,-0.000000000000000000e+00,-2.658106599953945215e-02,-7.450397456726994862e-03,-0.000000000000000000e+00,0.000000000000000000e+00,-0.000000000000000000e+00,-0.000000000000000000e+00,-0.000000000000000000e+00,-0.000000000000000000e+00,-0.000000000000000000e+00,-2.482145504651899204e-01,-0.000000000000000000e+00,0.000000000000000000e+00,0.000000000000000000e+00,-0.000000000000000000e+00,-0.000000000000000000e+00,-0.000000000000000000e+00,0.000000000000000000e+00,-0.000000000000000000e+00,-3.387254954185591749e-01,-1.344648424802628514e-02,-0.000000000000000000e+00,-0.000000000000000000e+00,-3.375144111753363152e-01,0.000000000000000000e+00,-1.685790961054225157e-01,-0.000000000000000000e+00,-1.110532227490284296e-01,-5.404851445663365339e-02,-0.000000000000000000e+00,-3.330943706718305676e-03,-1.179822374222564418e+00,-7.263277572527850057e-02,2.491636389924705153e+00,0.000000000000000000e+00,-0.000000000000000000e+00
-4.724556828150138221e-01,-0.000000000000000000e+00,0.000000000000000000e+00,-0.000000000000000000e+00,0.000000000000000000e+00,0.000000000000000000e+00,0.000000000000000000e+00,-0.000000000000000000e+00,-5.109272021828430849e-02,0.000000000000000000e+00,0.000000000000000000e+00,0.000000000000000000e+00,1.112041543545282951e-01,0.000000000000000000e+00,2.614494059387136859e-01,-1.705356226632243066e-01,-0.000000000000000000e+00,-0.000000000000000000e+00,-0.000000000000000000e+00,0.000000000000000000e+00,-0.000000000000000000e+00,0.000000000000000000e+00,0.000000000000000000e+00,-0.000000000000000000e+00,1.178248161106668600e-03,-0.000000000000000000e+00,0.000000000000000000e+00,-0.000000000000000000e+00,0.000000000000000000e+00,-0.000000000000000000e+00,0.000000000000000000e+00,-0.000000000000000000e+00,0.000000000000000000e+00,-0.000000000000000000e+00,0.000000000000000000e+00,0.000000000000000000e+00,0.000000000000000000e+00,1.527231816232912376e+00,-2.504276341809725803e-01
-5.851394265013156598e-02,-1.225738529609796401e-01,-0.000000000000000000e+00,-1.835513602200415095e-01,-0.000000000000000000e+00,0.000000000000000000e+00,-2.107949005892796324e-01,0.000000000000000000e+00,-4.117344984434327948e-01,-0.000000000000000000e+00,1.029567226403986513e-01,-0.000000000000000000e+00,0.000000000000000000e+00,-0.000000000000000000e+00,0.000000000000000000e+00,-3.745455305521303707e-02,0.000000000000000000e+00,-9.302977950933746798e-02,-2.475524403280447427e-01,-0.000000000000000000e+00,-0.000000000000000000e+00,-0.000000000000000000e+00,-0.000000000000000000e+00,-0.000000000000000000e+00,0.000000000000000000e+00,-0.000000000000000000e+00,-0.000000000000000000e+00,0.000000000000000000e+00,0.000000000000000000e+00,-2.722412775266485618e-01,-0.000000000000000000e+00,-2.396515639098673600e-01,-0.000000000000000000e+00,-1.398130992419358565e-01,0.000000000000000000e+00,-0.000000000000000000e+00,-0.000000000000000000e+00,-2.504276341809725803e-01,2.190468829621988966e+00
