2.289873235299248577e+00,-9.439743014672356825e-02,0.000000000000000000e+00,-0.000000000000000000e+00,-0.000000000000000000e+00,0.000000000000000000e+00,0.000000000000000000e+00,-0.000000000000000000e+00,-9.946860593916917459e-02,-0.000000000000000000e+00,-0.000000000000000000e+00,0.000000000000000000e+00,-0.000000000000000000e+00,-0.000000000000000000e+00,-8.693592433015653875e-02,-2.976798794854937369e-01,-2.790362347035590940e-01,-3.172612153424657355e-02,0.000000000000000000e+00,-0.000000000000000000e+00,-0.000000000000000000e+00,0.000000000000000000e+00,-0.000000000000000000e+00,0.000000000000000000e+00,0.000000000000000000e+00,-2.855654488123740564e-01,9.146284670055999932e-02,-5.055996229440354872e-01,-3.072859568028146401e-02,-3.638021323417300334e-01,0.000000000000000000e+00,1.983790364478279222e-01,0.000000000000000000e+00,-2.229304955284027584e-02,3.895154265803359855e-02,-0.000000000000000000e+00,0.000000000000000000e+00,-4.605525466874835216e-01,-0.000000000000000000e+00
-9.439743014672356825e-02,1.256426357161941842e+00,-0.000000000000000000e+00,0.000000000000000000e+00,-0.000000000000000000e+00,9.435636148864190442e-02,0.000000000000000000e+00,-0.000000000000000000e+00,-3.348186844805321749e-02,-3.070737777070030039e-01,0.000000000000000000e+00,0.000000000000000000e+00,0.000000000000000000e+00,-0.000000000000000000e+00,0.000000000000000000e+00,-2.153859480787624625e-02,-0.000000000000000000e+00,0.000000000000000000e+00,1.949052421150626602e-02,0.000000000000000000e+00,1.556343526400735255e-01,-0.000000000000000000e+00,-1.511688785752501041e-01,0.000000000000000000e+00,-0.000000000000000000e+00,-2.496569604641349360e-02,-0.000000000000000000e+00,-0.000000000000000000e+00,-0.000000000000000000e+00,-0.000000000000000000e+00,-0.000000000000000000e+00,0.000000000000000000e+00,6.640020041069534529e-02,-0.000000000000000000e+00,0.000000000000000000e+00,-0.000000000000000000e+00,9.569284524958355381e-03,-0.000000000000000000e+00,-9.638385051781876711e-02
0.000000000000000000e+00,-0.000000000000000000e+00,2.598519243348503593e+00,-4.984963206080965381e-02,-2.475029841835574840e-01,0.000000000000000000e+00,0.000000000000000000e+00,1.298132890092380975e+00,-1.405117514857142091e-01,-0.000000000000000000e+00,-0.000000000000000000e+00,-0.000000000000000000e+00,0.000000000000000000e+00,-3.548408571588912430e-01,0.000000000000000000e+00,-0.000000000000000000e+00,-0.000000000000000000e+00,-0.000000000000000000e+00,-0.000000000000000000e+00,0.000000000000000000e+00,0.000000000000000000e+00,-0.000000000000000000e+00,-1.292013187733638199e-02,-0.000000000000000000e+00,-6.545008048552064528e-02,-0.000000000000000000e+00,-3.284447658955196858e-01,-0.000000000000000000e+00,0.000000000000000000e+00,0.000000000000000000e+00,-1.671288031346683800e-01,-0.000000000000000000e+00,-2.157483121940179938e-01,-1.186548418492522766e-01,-0.000000000000000000e+00,-0.000000000000000000e+00,-0.000000000000000000e+00,0.000000000000000000e+00,-0.000000000000000000e+00
-0.000000000000000000e+00,0.000000000000000000e+00,-4.984963206080965381e-02,1.611732772758103005e+00,-7.774112501337097914e-02,4.474377858980135153e-02,-0.000000000000000000e+00,0.000000000000000000e+00,-2.976113985941786916e-02,-1.246759496000932575e-02,-0.000000000000000000e+00,-0.000000000000000000e+00,-0.000000000000000000e+00,-0.000000000000000000e+00,0.000000000000000000e+00,-3.067130005357496247e-01,0.000000000000000000e+00,-5.635057001245825647e-01,-0.000000000000000000e+00,-2.545493513992911350e-01,-0.000000000000000000e+00,-0.000000000000000000e+00,-0.000000000000000000e+00,0.000000000000000000e+00,-0.000000000000000000e+00,-0.000000000000000000e+00,-0.000000000000000000e+00,-0.000000000000000000e+00,0.000000000000000000e+00,-0.000000000000000000e+00,0.000000000000000000e+00,-0.000000000000000000e+00,-0.000000000000000000e+00,-1.056704020954879752e-01,0.000000000000000000e+00,-0.000000000000000000e+00,-0.000000000000000000e+00,0.000000000000000000e+00,-0.000000000000000000e+00
-0.000000000000000000e+00,-0.000000000000000000e+00,-2.475029841835574840e-01,-7.774112501337097914e-02,1.829882696445711110e+00,0.000000000000000000e+00,-0.000000000000000000e+00,6.047973210729989946e-01,-1.623094725753432832e-01,-0.000000000000000000e+00,-0.000000000000000000e+00,0.000000000000000000e+00,-0.000000000000000000e+00,-4.717558740320666050e-02,0.000000000000000000e+00,-0.000000000000000000e+00,-0.000000000000000000e+00,-3.325732814371190060e-01,-0.000000000000000000e+00,0.000000000000000000e+00,0.000000000000000000e+00,-0.000000000000000000e+00,-2.129328018880257550e-02,-0.000000000000000000e+00,-0.000000000000000000e+00,-0.000000000000000000e+00,-0.000000000000000000e+00,0.000000000000000000e+00,-0.000000000000000000e+00,-0.000000000000000000e+00,-0.000000000000000000e+00,0.000000000000000000e+00,-0.000000000000000000e+00,-2.313134548460673012e-01,0.000000000000000000e+00,-0.000000000000000000e+00,0.000000000000000000e+00,0.000000000000000000e+00,-0.000000000000000000e+00
0.000000000000000000e+00,9.435636148864190442e-02,0.000000000000000000e+00,4.474377858980135153e-02,0.000000000000000000e+00,1.724747790293770899e+00,-0.000000000000000000e+00,0.000000000000000000e+00,2.038205425682067251e-01,1.748220497858782863e-01,0.000000000000000000e+00,0.000000000000000000e+00,-0.000000000000000000e+00,0.000000000000000000e+00,0.000000000000000000e+00,2.429428213932830205e-01,-0.000000000000000000e+00,-0.000000000000000000e+00,-0.000000000000000000e+00,0.000000000000000000e+00,-1.674496859089055767e-01,0.000000000000000000e+00,0.000000000000000000e+00,-2.701491812245497837e-01,-0.000000000000000000e+00,0.000000000000000000e+00,1.184592189869163592e-01,2.454246903937536486e-02,-2.604187747711213530e-01,-0.000000000000000000e+00,0.000000000000000000e+00,-0.000000000000000000e+00,-4.785775981425259562e-03,7.267004076249015954e-02,-2.862784643856766120e-01,0.000000000000000000e+00,-0.000000000000000000e+00,0.000000000000000000e+00,2.922741556436472266e-01
0.000000000000000000e+00,0.000000000000000000e+00,0.000000000000000000e+00,-0.000000000000000000e+00,-0.000000000000000000e+00,-0.000000000000000000e+00,1.107271794944724386e+00,0.000000000000000000e+00,0.000000000000000000e+00,0.000000000000000000e+00,0.000000000000000000e+00,1.768983379593233873e-01,-0.000000000000000000e+00,0.000000000000000000e+00,0.000000000000000000e+00,-0.000000000000000000e+00,0.000000000000000000e+00,-0.000000000000000000e+00,-0.000000000000000000e+00,0.000000000000000000e+00,-0.000000000000000000e+00,0.000000000000000000e+00,0.000000000000000000e+00,-0.000000000000000000e+00,-0.000000000000000000e+00,0.000000000000000000e+00,0.000000000000000000e+00,0.000000000000000000e+00,0.000000000000000000e+00,-0.000000000000000000e+00,-0.000000000000000000e+00,0.000000000000000000e+00,0.000000000000000000e+00,-0.000000000000000000e+00,-0.000000000000000000e+00,2.565380492208787708e-02,8.459119689962547872e-02,8.065088195960394557e-02,1.687490427971981011e-01
-0.000000000000000000e+00,-0.000000000000000000e+00,1.298132890092380975e+00,0.000000000000000000e+00,6.047973210729989946e-01,0.000000000000000000e+00,0.000000000000000000e+00,2.496776382746371148e+00,0.000000000000000000e+00,-0.000000000000000000e+00,0.000000000000000000e+00,-0.000000000000000000e+00,-0.000000000000000000e+00,3.434928700451229250e-02,-0.000000000000000000e+00,-0.000000000000000000e+00,0.000000000000000000e+00,7.212119081353766080e-03,9.706549952989543262e-02,-0.000000000000000000e+00,0.000000000000000000e+00,0.000000000000000000e+00,0.000000000000000000e+00,2.707449658485343736e-03,6.115475202126643972e-02,0.000000000000000000e+00,0.000000000000000000e+00,0.000000000000000000e+00,0.000000000000000000e+00,-0.000000000000000000e+00,1.669671248575496925e-01,0.000000000000000000e+00,1.638241625726340189e-01,1.277024977855217569e-01,0.000000000000000000e+00,0.000000000000000000e+00,0.000000000000000000e+00,-2.868155169359726600e-02,0.000000000000000000e+00
-9.946860593916917459e-02,-3.348186844805321749e-02,-1.405117514857142091e-01,-2.976113985941786916e-02,-1.623094725753432832e-01,2.038205425682067251e-01,0.000000000000000000e+00,0.000000000000000000e+00,1.870152967974675562e+00,-1.863229567452511781e-01,-0.000000000000000000e+00,-0.000000000000000000e+00,0.000000000000000000e+00,-3.751128187171706707e-02,-0.000000000000000000e+00,-3.529247210142800739e-01,-0.000000000000000000e+00,-0.000000000000000000e+00,-0.000000000000000000e+00,0.000000000000000000e+00,0.000000000000000000e+00,0.000000000000000000e+00,-3.753036846960858819e-01,-0.000000000000000000e+00,-0.000000000000000000e+00,-2.301937483788745464e-01,-0.000000000000000000e+00,-0.000000000000000000e+00,0.000000000000000000e+00,-0.000000000000000000e+00,-0.000000000000000000e+00,0.000000000000000000e+00,-0.000000000000000000e+00,-6.378809092337395237e-02,0.000000000000000000e+00,-1.268108632150358184e-01,0.000000000000000000e+00,-0.000000000000000000e+00,-9.322528201621670119e-02
-0.000000000000000000e+00,-3.070737777070030039e-01,-0.000000000000000000e+00,-1.246759496000932575e-02,-0.000000000000000000e+00,1.748220497858782863e-01,0.000000000000000000e+00,-0.000000000000000000e+00,-1.863229567452511781e-01,2.028611705975928103e+00,0.000000000000000000e+00,-0.000000000000000000e+00,0.000000000000000000e+00,-0.000000000000000000e+00,0.000000000000000000e+00,-9.100411485763869601e-01,0.000000000000000000e+00,-0.000000000000000000e+00,0.000000000000000000e+00,-0.000000000000000000e+00,0.000000000000000000e+00,-0.000000000000000000e+00,-1.500090016958910699e-01,0.000000000000000000e+00,-0.000000000000000000e+00,-0.000000000000000000e+00,-0.000000000000000000e+00,-0.000000000000000000e+00,1.714109905677036472e-01,-0.000000000000000000e+00,-0.000000000000000000e+00,0.000000000000000000e+00,0.000000000000000000e+00,-1.083560765226488365e-01,0.000000000000000000e+00,-8.092755673909350633e-02,0.000000000000000000e+00,0.000000000000000000e+00,-0.000000000000000000e+00
-0.000000000000000000e+00,0.000000000000000000e+00,-0.000000000000000000e+00,-0.000000000000000000e+00,-0.000000000000000000e+00,0.000000000000000000e+00,0.000000000000000000e+00,0.000000000000000000e+00,-0.000000000000000000e+00,0.000000000000000000e+00,2.021162664653999741e+00,-1.182818617629163432e-01,-2.289000848169593372e-01,-1.224870502255094758e-02,-4.429828732294166516e-01,-0.000000000000000000e+00,-6.638934219775318724e-01,-2.061368909784481174e-01,-1.668309403782771913e-02,-0.000000000000000000e+00,-0.000000000000000000e+00,3.888341583733078560e-02,-0.000000000000000000e+00,0.000000000000000000e+00,4.470180245015128312e-02,0.000000000000000000e+00,0.000000000000000000e+00,-0.000000000000000000e+00,-0.000000000000000000e+00,-0.000000000000000000e+00,0.000000000000000000e+00,0.000000000000000000e+00,-0.000000000000000000e+00,-0.000000000000000000e+00,4.185448730525523908e-01,-0.000000000000000000e+00,0.000000000000000000e+00,-2.798821941282786038e-02,-0.000000000000000000e+00
0.000000000000000000e+00,0.000000000000000000e+00,-0.000000000000000000e+00,-0.000000000000000000e+00,0.000000000000000000e+00,0.000000000000000000e+00,1.768983379593233873e-01,-0.000000000000000000e+00,-0.000000000000000000e+00,-0.000000000000000000e+00,-1.182818617629163432e-01,1.626739238164913948e+00,-0.000000000000000000e+00,-0.000000000000000000e+00,-1.922416989561833711e-01,-0.000000000000000000e+00,-0.000000000000000000e+00,-0.000000000000000000e+00,-2.866712340953084248e-01,-0.000000000000000000e+00,-0.000000000000000000e+00,-0.000000000000000000e+00,-0.000000000000000000e+00,1.226449661219848608e-02,4.103541787107764516e-02,2.337927001552299322e-01,-4.058474777989449361e-02,0.000000000000000000e+00,1.369948014119022617e-01,0.000000000000000000e+00,0.000000000000000000e+00,-2.981427722049594942e-01,-0.000000000000000000e+00,-0.000000000000000000e+00,0.000000000000000000e+00,-0.000000000000000000e+00,-0.000000000000000000e+00,-0.000000000000000000e+00,-5.794532888614655208e-01
-0.000000000000000000e+00,0.000000000000000000e+00,0.000000000000000000e+00,-0.000000000000000000e+00,-0.000000000000000000e+00,-0.000000000000000000e+00,-0.000000000000000000e+00,-0.000000000000000000e+00,0.000000000000000000e+00,0.000000000000000000e+00,-2.289000848169593372e-01,-0.000000000000000000e+00,1.644624916374293866e+00,0.000000000000000000e+00,-9.009755035176374161e-02,-0.000000000000000000e+00,-0.000000000000000000e+00,-0.000000000000000000e+00,-0.000000000000000000e+00,-0.000000000000000000e+00,-0.000000000000000000e+00,8.216244336600221632e-02,0.000000000000000000e+00,0.000000000000000000e+00,0.000000000000000000e+00,0.000000000000000000e+00,1.100440375834638856e-01,0.000000000000000000e+00,-0.000000000000000000e+00,-0.000000000000000000e+00,7.761410800717392089e-01,0.000000000000000000e+00,9.204030471421451032e-02,0.000000000000000000e+00,0.000000000000000000e+00,1.073910065520624901e-01,0.000000000000000000e+00,-0.000000000000000000e+00,0.000000000000000000e+00
-0.000000000000000000e+00,-0.000000000000000000e+00,-3.548408571588912430e-01,-0.000000000000000000e+00,-4.717558740320666050e-02,0.000000000000000000e+00,0.000000000000000000e+00,3.434928700451229250e-02,-3.751128187171706707e-02,-0.000000000000000000e+00,-1.224870502255094758e-02,-0.000000000000000000e+00,0.000000000000000000e+00,1.599643290883055124e+00,-0.000000000000000000e+00,-0.000000000000000000e+00,-0.000000000000000000e+00,-0.000000000000000000e+00,-0.000000000000000000e+00,0.000000000000000000e+00,0.000000000000000000e+00,-0.000000000000000000e+00,-4.227933021163721161e-01,-1.752699796961000311e-01,-0.000000000000000000e+00,-0.000000000000000000e+00,-0.000000000000000000e+00,-0.000000000000000000e+00,-0.000000000000000000e+00,-0.000000000000000000e+00,-1.973351476145627018e-02,-9.142299220600355256e-03,-5.918383947173993034e-03,-2.331452287251042921e-02,0.000000000000000000e+00,-3.606460682007299745e-01,-0.000000000000000000e+00,-0.000000000000000000e+00,-0.000000000000000000e+00
-8.693592433015653875e-02,0.000000000000000000e+00,0.000000000000000000e+00,0.000000000000000000e+00,0.000000000000000000e+00,0.000000000000000000e+00,0.000000000000000000e+00,-0.000000000000000000e+00,-0.000000000000000000e+00,0.000000000000000000e+00,-4.429828732294166516e-01,-1.922416989561833711e-01,-9.009755035176374161e-02,-0.000000000000000000e+00,2.118025862777493273e+00,-0.000000000000000000e+00,-1.996570443906975079e-01,-0.000000000000000000e+00,-0.000000000000000000e+00,-0.000000000000000000e+00,-2.288489358647285976e-01,0.000000000000000000e+00,-0.000000000000000000e+00,-0.000000000000000000e+00,8.977881944375341872e-03,-0.000000000000000000e+00,2.134110859097340662e-01,-0.000000000000000000e+00,-0.000000000000000000e+00,-1.435116266771498950e-01,3.206843135503604780e-01,0.000000000000000000e+00,0.000000000000000000e+00,-0.000000000000000000e+00,0.000000000000000000e+00,-0.000000000000000000e+00,0.000000000000000000e+00,-5.867565706123513136e-01,-0.000000000000000000e+00
-2.976798794854937369e-01,-2.153859480787624625e-02,-0.000000000000000000e+00,-3.067130005357496247e-01,-0.000000000000000000e+00,2.429428213932830205e-01,-0.000000000000000000e+00,-0.000000000000000000e+00,-3.529247210142800739e-01,-9.100411485763869601e-01,-0.000000000000000000e+00,-0.000000000000000000e+00,-0.000000000000000000e+00,-0.000000000000000000e+00,-0.000000000000000000e+00,2.413286812643344437e+00,-0.000000000000000000e+00,-0.000000000000000000e+00,-0.000000000000000000e+00,-0.000000000000000000e+00,-0.000000000000000000e+00,-0.000000000000000000e+00,-0.000000000000000000e+00,0.000000000000000000e+00,-0.000000000000000000e+00,-0.000000000000000000e+00,-0.000000000000000000e+00,-1.605216527345404778e-02,0.000000000000000000e+00,-3.451074499680840679e-01,0.000000000000000000e+00,0.000000000000000000e+00,0.000000000000000000e+00,-1.781078070644129263e-01,8.248536860049875130e-02,-0.000000000000000000e+00,0.000000000000000000e+00,-0.000000000000000000e+00,-0.000000000000000000e+00
-2.790362347035590940e-01,-0.000000000000000000e+00,-0.000000000000000000e+00,0.000000000000000000e+00,-0.000000000000000000e+00,-0.000000000000000000e+00,0.000000000000000000e+00,0.000000000000000000e+00,-0.000000000000000000e+00,0.000000000000000000e+00,-6.638934219775318724e-01,-0.000000000000000000e+00,-0.000000000000000000e+00,-0.000000000000000000e+00,-1.996570443906975079e-01,-0.000000000000000000e+00,1.807068829137321364e+00,-1.913093638195535739e-01,-0.000000000000000000e+00,0.000000000000000000e+00,-0.000000000000000000e+00,0.000000000000000000e+00,-0.000000000000000000e+00,-0.000000000000000000e+00,0.000000000000000000e+00,-0.000000000000000000e+00,5.539865180292737057e-02,-0.000000000000000000e+00,-1.525913829458075410e-01,-1.385970737345421262e-02,0.000000000000000000e+00,0.000000000000000000e+00,-0.000000000000000000e+00,-0.000000000000000000e+00,2.374463671324102826e-02,-1.019669142955010460e-01,0.000000000000000000e+00,-8.923379749656019932e-02,-0.000000000000000000e+00
-3.172612153424657355e-02,0.000000000000000000e+00,-0.000000000000000000e+00,-5.635057001245825647e-01,-3.325732814371190060e-01,-0.000000000000000000e+00,-0.000000000000000000e+00,7.212119081353766080e-03,-0.000000000000000000e+00,-0.000000000000000000e+00,-2.061368909784481174e-01,-0.000000000000000000e+00,-0.000000000000000000e+00,-0.000000000000000000e+00,-0.000000000000000000e+00,-0.000000000000000000e+00,-1.913093638195535739e-01,2.307091600147061161e+00,-6.996796804027105576e-01,-0.000000000000000000e+00,-2.920260309918678576e-01,-0.000000000000000000e+00,-0.000000000000000000e+00,-0.000000000000000000e+00,0.000000000000000000e+00,-0.000000000000000000e+00,0.000000000000000000e+00,-1.568107797757442579e-01,-2.005097325022780694e-02,-6.515960010624372023e-02,2.175007500236117094e-02,0.000000000000000000e+00,-0.000000000000000000e+00,-2.888370212404456905e-01,0.000000000000000000e+00,-0.000000000000000000e+00,0.000000000000000000e+00,-0.000000000000000000e+00,-0.000000000000000000e+00
0.000000000000000000e+00,1.949052421150626602e-02,-0.000000000000000000e+00,-0.000000000000000000e+00,-0.000000000000000000e+00,-0.000000000000000000e+00,-0.000000000000000000e+00,9.706549952989543262e-02,-0.000000000000000000e+00,0.000000000000000000e+00,-1.668309403782771913e-02,-2.866712340953084248e-01,-0.000000000000000000e+00,-0.000000000000000000e+00,-0.000000000000000000e+00,-0.000000000000000000e+00,-0.000000000000000000e+00,-6.996796804027105576e-01,1.504437534304365887e+00,-0.000000000000000000e+00,-6.099840358226908676e-02,-0.000000000000000000e+00,-0.000000000000000000e+00,-0.000000000000000000e+00,0.000000000000000000e+00,0.000000000000000000e+00,0.000000000000000000e+00,0.000000000000000000e+00,0.000000000000000000e+00,-0.000000000000000000e+00,0.000000000000000000e+00,-0.000000000000000000e+00,-0.000000000000000000e+00,-2.967427993288780565e-04,0.000000000000000000e+00,-0.000000000000000000e+00,-0.000000000000000000e+00,-0.000000000000000000e+00,-0.000000000000000000e+00
-0.000000000000000000e+00,0.000000000000000000e+00,0.000000000000000000e+00,-2.545493513992911350e-01,0.000000000000000000e+00,0.000000000000000000e+00,0.000000000000000000e+00,-0.000000000000000000e+00,0.000000000000000000e+00,-0.000000000000000000e+00,-0.000000000000000000e+00,-0.000000000000000000e+00,-0.000000000000000000e+00,0.000000000000000000e+00,-0.000000000000000000e+00,-0.000000000000000000e+00,0.000000000000000000e+00,-0.000000000000000000e+00,-0.000000000000000000e+00,1.206980325413009592e+00,-2.546401032572837564e-01,-6.428629623764242629e-02,0.000000000000000000e+00,-0.000000000000000000e+00,0.000000000000000000e+00,0.000000000000000000e+00,-0.000000000000000000e+00,-1.667660344790453386e-01,-0.000000000000000000e+00,-0.000000000000000000e+00,4.968536256505817761e-02,-0.000000000000000000e+00,-0.000000000000000000e+00,-0.000000000000000000e+00,0.000000000000000000e+00,0.000000000000000000e+00,-1.947266591719935477e-02,-0.000000000000000000e+00,0.000000000000000000e+00
-0.000000000000000000e+00,1.556343526400735255e-01,0.000000000000000000e+00,-0.000000000000000000e+00,0.000000000000000000e+00,-1.674496859089055767e-01,-0.000000000000000000e+00,0.000000000000000000e+00,0.000000000000000000e+00,0.000000000000000000e+00,-0.000000000000000000e+00,-0.000000000000000000e+00,-0.000000000000000000e+00,0.000000000000000000e+00,-2.288489358647285976e-01,-0.000000000000000000e+00,-0.000000000000000000e+00,-2.920260309918678576e-01,-6.099840358226908676e-02,-2.546401032572837564e-01,1.401251035210841600e+00,-1.796244993139594626e-01,9.714229076516606859e-03,-1.908794309752339172e-02,0.000000000000000000e+00,0.000000000000000000e+00,1.740803786895537275e-01,-1.248238602463177110e-01,-0.000000000000000000e+00,-3.108537898214507392e-02,0.000000000000000000e+00,-0.000000000000000000e+00,-2.862018252819248029e-02,-0.000000000000000000e+00,0.000000000000000000e+00,-0.000000000000000000e+00,-0.000000000000000000e+00,-0.000000000000000000e+00,-0.000000000000000000e+00
0.000000000000000000e+00,-0.000000000000000000e+00,-0.000000000000000000e+00,-0.000000000000000000e+00,-0.000000000000000000e+00,0.000000000000000000e+00,0.000000000000000000e+00,0.000000000000000000e+00,0.000000000000000000e+00,-0.000000000000000000e+00,3.888341583733078560e-02,-0.000000000000000000e+00,8.216244336600221632e-02,-0.000000000000000000e+00,0.000000000000000000e+00,-0.000000000000000000e+00,0.000000000000000000e+00,-0.000000000000000000e+00,-0.000000000000000000e+00,-6.428629623764242629e-02,-1.796244993139594626e-01,1.094558456025531035e+00,0.000000000000000000e+00,-0.000000000000000000e+00,0.000000000000000000e+00,0.000000000000000000e+00,-7.647920194581409037e-02,-0.000000000000000000e+00,0.000000000000000000e+00,0.000000000000000000e+00,-0.000000000000000000e+00,-4.878672274896373590e-02,-0.000000000000000000e+00,-0.000000000000000000e+00,-0.000000000000000000e+00,-0.000000000000000000e+00,-1.161903777398885368e-01,0.000000000000000000e+00,-1.002294538311566119e-01
-0.000000000000000000e+00,-1.511688785752501041e-01,-1.292013187733638199e-02,-0.000000000000000000e+00,-2.129328018880257550e-02,0.000000000000000000e+00,0.000000000000000000e+00,0.000000000000000000e+00,-3.753036846960858819e-01,-1.500090016958910699e-01,-0.000000000000000000e+00,-0.000000000000000000e+00,0.000000000000000000e+00,-4.227933021163721161e-01,-0.000000000000000000e+00,-0.000000000000000000e+00,-0.000000000000000000e+00,-0.000000000000000000e+00,-0.000000000000000000e+00,0.000000000000000000e+00,9.714229076516606859e-03,0.000000000000000000e+00,1.585090165988580768e+00,-0.000000000000000000e+00,-1.823330029964209675e-01,-0.000000000000000000e+00,-0.000000000000000000e+00,-0.000000000000000000e+00,0.000000000000000000e+00,-3.167683498202488596e-02,-0.000000000000000000e+00,-0.000000000000000000e+00,-0.000000000000000000e+00,-0.000000000000000000e+00,-0.000000000000000000e+00,-1.679980902153314914e-01,-0.000000000000000000e+00,-0.000000000000000000e+00,-4.868152500796524978e-02
0.000000000000000000e+00,0.000000000000000000e+00,-0.000000000000000000e+00,0.000000000000000000e+00,-0.000000000000000000e+00,-2.701491812245497837e-01,-0.000000000000000000e+00,2.707449658485343736e-03,-0.000000000000000000e+00,0.000000000000000000e+00,0.000000000000000000e+00,1.226449661219848608e-02,0.000000000000000000e+00,-1.752699796961000311e-01,-0.000000000000000000e+00,0.000000000000000000e+00,-0.000000000000000000e+00,-0.000000000000000000e+00,-0.000000000000000000e+00,-0.000000000000000000e+00,-1.908794309752339172e-02,-0.000000000000000000e+00,-0.000000000000000000e+00,1.425583187559518183e+00,-3.900479430095043498e-01,-0.000000000000000000e+00,0.000000000000000000e+00,0.000000000000000000e+00,-5.477786644406062999e-02,-4.310875788456039470e-02,-9.348379148139933370e-02,-0.000000000000000000e+00,-0.000000000000000000e+00,-0.000000000000000000e+00,-2.947245342572444304e-01,-8.336228751661640957e-02,-0.000000000000000000e+00,0.000000000000000000e+00,0.000000000000000000e+00
0.000000000000000000e+00,-0.000000000000000000e+00,-6.545008048552064528e-02,-0.000000000000000000e+00,-0.000000000000000000e+00,-0.000000000000000000e+00,-0.000000000000000000e+00,6.115475202126643972e-02,-0.000000000000000000e+00,-0.000000000000000000e+00,4.470180245015128312e-02,4.103541787107764516e-02,0.000000000000000000e+00,-0.000000000000000000e+00,8.977881944375341872e-03,-0.000000000000000000e+00,0.000000000000000000e+00,0.000000000000000000e+00,0.000000000000000000e+00,0.000000000000000000e+00,0.000000000000000000e+00,0.000000000000000000e+00,-1.823330029964209675e-01,-3.900479430095043498e-01,1.605986141802082434e+00,-1.956687309708780020e-01,-0.000000000000000000e+00,0.000000000000000000e+00,-0.000000000000000000e+00,-0.000000000000000000e+00,-5.936348254928806162e-02,-0.000000000000000000e+00,-5.977770130961021500e-02,0.000000000000000000e+00,-5.647027178989511009e-01,-0.000000000000000000e+00,-5.264174580086931204e-02,1.291160183809376694e-01,0.000000000000000000e+00
-2.855654488123740564e-01,-2.496569604641349360e-02,-0.000000000000000000e+00,-0.000000000000000000e+00,-0.000000000000000000e+00,0.000000000000000000e+00,0.000000000000000000e+00,0.000000000000000000e+00,-2.301937483788745464e-01,-0.000000000000000000e+00,0.000000000000000000e+00,2.337927001552299322e-01,0.000000000000000000e+00,-0.000000000000000000e+00,-0.000000000000000000e+00,-0.000000000000000000e+00,-0.000000000000000000e+00,-0.000000000000000000e+00,0.000000000000000000e+00,0.000000000000000000e+00,0.000000000000000000e+00,0.000000000000000000e+00,-0.000000000000000000e+00,-0.000000000000000000e+00,-1.956687309708780020e-01,1.409797910508996610e+00,0.000000000000000000e+00,-1.749187242458422331e-01,-2.634739463147685035e-01,-1.422262128271588599e-01,0.000000000000000000e+00,0.000000000000000000e+00,0.000000000000000000e+00,-0.000000000000000000e+00,-0.000000000000000000e+00,-0.000000000000000000e+00,0.000000000000000000e+00,-0.000000000000000000e+00,0.000000000000000000e+00
9.146284670055999932e-02,-0.000000000000000000e+00,-3.284447658955196858e-01,-0.000000000000000000e+00,-0.000000000000000000e+00,1.184592189869163592e-01,0.000000000000000000e+00,0.000000000000000000e+00,-0.000000000000000000e+00,-0.000000000000000000e+00,0.000000000000000000e+00,-4.058474777989449361e-02,1.100440375834638856e-01,-0.000000000000000000e+00,2.134110859097340662e-01,-0.000000000000000000e+00,5.539865180292737057e-02,0.000000000000000000e+00,0.000000000000000000e+00,-0.000000000000000000e+00,1.740803786895537275e-01,-7.647920194581409037e-02,-0.000000000000000000e+00,0.000000000000000000e+00,-0.000000000000000000e+00,0.000000000000000000e+00,1.945272467998358179e+00,0.000000000000000000e+00,3.859666640796800552e-01,1.141978419200478101e-01,-0.000000000000000000e+00,-3.590882312822578082e-01,-0.000000000000000000e+00,0.000000000000000000e+00,-0.000000000000000000e+00,0.000000000000000000e+00,-3.369629125686493532e-01,1.108695486399138286e-01,-1.553331393518232566e-02
-5.055996229440354872e-01,-0.000000000000000000e+00,-0.000000000000000000e+00,-0.000000000000000000e+00,0.000000000000000000e+00,2.454246903937536486e-02,0.000000000000000000e+00,0.000000000000000000e+00,-0.000000000000000000e+00,-0.000000000000000000e+00,-0.000000000000000000e+00,0.000000000000000000e+00,0.000000000000000000e+00,-0.000000000000000000e+00,-0.000000000000000000e+00,-1.605216527345404778e-02,-0.000000000000000000e+00,-1.568107797757442579e-01,0.000000000000000000e+00,-1.667660344790453386e-01,-1.248238602463177110e-01,-0.000000000000000000e+00,-0.000000000000000000e+00,0.000000000000000000e+00,0.000000000000000000e+00,-1.749187242458422331e-01,0.000000000000000000e+00,1.656149230108741266e+00,-0.000000000000000000e+00,-0.000000000000000000e+00,0.000000000000000000e+00,0.000000000000000000e+00,0.000000000000000000e+00,-2.263088455947699917e-01,0.000000000000000000e+00,-0.000000000000000000e+00,0.000000000000000000e+00,-2.245234611538555747e-01,-0.000000000000000000e+00
-3.072859568028146401e-02,-0.000000000000000000e+00,0.000000000000000000e+00,0.000000000000000000e+00,-0.000000000000000000e+00,-2.604187747711213530e-01,0.000000000000000000e+00,0.000000000000000000e+00,0.000000000000000000e+00,1.714109905677036472e-01,-0.000000000000000000e+00,1.369948014119022617e-01,-0.000000000000000000e+00,-0.000000000000000000e+00,-0.000000000000000000e+00,0.000000000000000000e+00,-1.525913829458075410e-01,-2.005097325022780694e-02,0.000000000000000000e+00,-0.000000000000000000e+00,-0.000000000000000000e+00,0.000000000000000000e+00,0.000000000000000000e+00,-5.477786644406062999e-02,-0.000000000000000000e+00,-2.634739463147685035e-01,3.859666640796800552e-01,-0.000000000000000000e+00,1.549707825028533437e+00,-0.000000000000000000e+00,1.487369606932377186e-01,0.000000000000000000e+00,-0.000000000000000000e+00,0.000000000000000000e+00,-0.000000000000000000e+00,0.000000000000000000e+00,-0.000000000000000000e+00,-2.539268283971845563e-01,6.120866404785026658e-03
-3.638021323417300334e-01,-0.000000000000000000e+00,0.000000000000000000e+00,-0.000000000000000000e+00,-0.000000000000000000e+00,-0.000000000000000000e+00,-0.000000000000000000e+00,-0.000000000000000000e+00,-0.000000000000000000e+00,-0.000000000000000000e+00,-0.000000000000000000e+00,0.000000000000000000e+00,-0.000000000000000000e+00,-0.000000000000000000e+00,-1.435116266771498950e-01,-3.451074499680840679e-01,-1.385970737345421262e-02,-6.515960010624372023e-02,-0.000000000000000000e+00,-0.000000000000000000e+00,-3.108537898214507392e-02,0.000000000000000000e+00,-3.167683498202488596e-02,-4.310875788456039470e-02,-0.000000000000000000e+00,-1.422262128271588599e-01,1.141978419200478101e-01,-0.000000000000000000e+00,-0.000000000000000000e+00,1.470335328784289741e+00,0.000000000000000000e+00,0.000000000000000000e+00,0.000000000000000000e+00,-0.000000000000000000e+00,0.000000000000000000e+00,-0.000000000000000000e+00,0.000000000000000000e+00,-0.000000000000000000e+00,0.000000000000000000e+00
0.000000000000000000e+00,-0.000000000000000000e+00,-1.671288031346683800e-01,0.000000000000000000e+00,-0.000000000000000000e+00,0.000000000000000000e+00,-0.000000000000000000e+00,1.669671248575496925e-01,-0.000000000000000000e+00,-0.000000000000000000e+00,0.000000000000000000e+00,0.000000000000000000e+00,7.761410800717392089e-01,-1.973351476145627018e-02,3.206843135503604780e-01,0.000000000000000000e+00,0.000000000000000000e+00,2.175007500236117094e-02,0.000000000000000000e+00,4.968536256505817761e-02,0.000000000000000000e+00,-0.000000000000000000e+00,-0.000000000000000000e+00,-9.348379148139933370e-02,-5.936348254928806162e-02,0.000000000000000000e+00,-0.000000000000000000e+00,0.000000000000000000e+00,1.487369606932377186e-01,0.000000000000000000e+00,1.838923950198870561e+00,-0.000000000000000000e+00,-0.000000000000000000e+00,-0.000000000000000000e+00,-0.000000000000000000e+00,-1.595348096257375725e-01,0.000000000000000000e+00,8.603262618017452901e-02,-0.000000000000000000e+00
1.983790364478279222e-01,0.000000000000000000e+00,-0.000000000000000000e+00,-0.000000000000000000e+00,0.000000000000000000e+00,-0.000000000000000000e+00,0.000000000000000000e+00,0.000000000000000000e+00,0.000000000000000000e+00,0.000000000000000000e+00,0.000000000000000000e+00,-2.981427722049594942e-01,0.000000000000000000e+00,-9.142299220600355256e-03,0.000000000000000000e+00,0.000000000000000000e+00,0.000000000000000000e+00,0.000000000000000000e+00,-0.000000000000000000e+00,-0.000000000000000000e+00,-0.000000000000000000e+00,-4.878672274896373590e-02,-0.000000000000000000e+00,-0.000000000000000000e+00,-0.000000000000000000e+00,0.000000000000000000e+00,-3.590882312822578082e-01,0.000000000000000000e+00,0.000000000000000000e+00,0.000000000000000000e+00,-0.000000000000000000e+00,2.210149434871303331e+00,-1.382482049808066715e-01,0.000000000000000000e+00,-0.000000000000000000e+00,0.000000000000000000e+00,-1.187248840689166141e+00,0.000000000000000000e+00,-0.000000000000000000e+00
0.000000000000000000e+00,6.640020041069534529e-02,-2.157483121940179938e-01,-0.000000000000000000e+00,-0.000000000000000000e+00,-4.785775981425259562e-03,0.000000000000000000e+00,1.638241625726340189e-01,-0.000000000000000000e+00,0.000000000000000000e+00,-0.000000000000000000e+00,-0.000000000000000000e+00,9.204030471421451032e-02,-5.918383947173993034e-03,0.000000000000000000e+00,0.000000000000000000e+00,-0.000000000000000000e+00,-0.000000000000000000e+00,-0.000000000000000000e+00,-0.000000000000000000e+00,-2.862018252819248029e-02,-0.000000000000000000e+00,-0.000000000000000000e+00,-0.000000000000000000e+00,-5.977770130961021500e-02,0.000000000000000000e+00,-0.000000000000000000e+00,0.000000000000000000e+00,-0.000000000000000000e+00,0.000000000000000000e+00,-0.000000000000000000e+00,-1.382482049808066715e-01,1.539824354678930973e+00,-0.000000000000000000e+00,-0.000000000000000000e+00,-0.000000000000000000e+00,-5.912317421904645931e-01,0.000000000000000000e+00,0.000000000000000000e+00
-2.229304955284027584e-02,-0.000000000000000000e+00,-1.186548418492522766e-01,-1.056704020954879752e-01,-2.313134548460673012e-01,7.267004076249015954e-02,-0.000000000000000000e+00,1.277024977855217569e-01,-6.378809092337395237e-02,-1.083560765226488365e-01,-0.000000000000000000e+00,-0.000000000000000000e+00,0.000000000000000000e+00,-2.331452287251042921e-02,-0.000000000000000000e+00,-1.781078070644129263e-01,-0.000000000000000000e+00,-2.888370212404456905e-01,-2.967427993288780565e-04,-0.000000000000000000e+00,-0.000000000000000000e+00,-0.000000000000000000e+00,-0.000000000000000000e+00,-0.000000000000000000e+00,0.000000000000000000e+00,-0.000000000000000000e+00,0.000000000000000000e+00,-2.263088455947699917e-01,0.000000000000000000e+00,-0.000000000000000000e+00,-0.000000000000000000e+00,0.000000000000000000e+00,-0.000000000000000000e+00,1.986644947007565110e+00,2.406838079449555301e-01,-4.531332402627087919e-01,0.000000000000000000e+00,-0.000000000000000000e+00,-9.263784810967197469e-02
3.895154265803359855e-02,0.000000000000000000e+00,-0.000000000000000000e+00,0.000000000000000000e+00,0.000000000000000000e+00,-2.862784643856766120e-01,-0.000000000000000000e+00,0.000000000000000000e+00,0.000000000000000000e+00,0.000000000000000000e+00,4.185448730525523908e-01,0.000000000000000000e+00,0.000000000000000000e+00,0.000000000000000000e+00,0.000000000000000000e+00,8.248536860049875130e-02,2.374463671324102826e-02,0.000000000000000000e+00,0.000000000000000000e+00,0.000000000000000000e+00,0.000000000000000000e+00,-0.000000000000000000e+00,-0.000000000000000000e+00,-2.947245342572444304e-01,-5.647027178989511009e-01,-0.000000000000000000e+00,-0.000000000000000000e+00,0.000000000000000000e+00,-0.000000000000000000e+00,0.000000000000000000e+00,-0.000000000000000000e+00,-0.000000000000000000e+00,-0.000000000000000000e+00,2.406838079449555301e-01,1.925950736675873243e+00,0.000000000000000000e+00,-2.257119388913109703e-01,0.000000000000000000e+00,1.636192082064988895e-01
-0.000000000000000000e+00,-0.000000000000000000e+00,-0.000000000000000000e+00,-0.000000000000000000e+00,-0.000000000000000000e+00,0.000000000000000000e+00,2.565380492208787708e-02,0.000000000000000000e+00,-1.268108632150358184e-01,-8.092755673909350633e-02,-0.000000000000000000e+00,-0.000000000000000000e+00,1.073910065520624901e-01,-3.606460682007299745e-01,-0.000000000000000000e+00,-0.000000000000000000e+00,-1.019669142955010460e-01,-0.000000000000000000e+00,-0.000000000000000000e+00,0.000000000000000000e+00,-0.000000000000000000e+00,-0.000000000000000000e+00,-1.679980902153314914e-01,-8.336228751661640957e-02,-0.000000000000000000e+00,-0.000000000000000000e+00,0.000000000000000000e+00,-0.000000000000000000e+00,0.000000000000000000e+00,-0.000000000000000000e+00,-1.595348096257375725e-01,0.000000000000000000e+00,-0.000000000000000000e+00,-4.531332402627087919e-01,0.000000000000000000e+00,1.667209130794483185e+00,0.000000000000000000e+00,-0.000000000000000000e+00,-1.930004031565735745e-01
0.000000000000000000e+00,9.569284524958355381e-03,-0.000000000000000000e+00,-0.000000000000000000e+00,0.000000000000000000e+00,-0.000000000000000000e+00,8.459119689962547872e-02,0.000000000000000000e+00,0.000000000000000000e+00,0.000000000000000000e+00,0.000000000000000000e+00,-0.000000000000000000e+00,0.000000000000000000e+00,-0.000000000000000000e+00,0.000000000000000000e+00,0.000000000000000000e+00,0.000000000000000000e+00,0.000000000000000000e+00,-0.000000000000000000e+00,-1.947266591719935477e-02,-0.000000000000000000e+00,-1.161903777398885368e-01,-0.000000000000000000e+00,-0.000000000000000000e+00,-5.264174580086931204e-02,0.000000000000000000e+00,-3.369629125686493532e-01,0.000000000000000000e+00,-0.000000000000000000e+00,0.000000000000000000e+00,0.000000000000000000e+00,-1.187248840689166141e+00,-5.912317421904645931e-01,0.000000000000000000e+00,-2.257119388913109703e-01,0.000000000000000000e+00,2.405775502080059969e+00,0.000000000000000000e+00,-0.000000000000000000e+00
-4.605525466874835216e-01,-0.000000000000000000e+00,0.000000000000000000e+00,0.000000000000000000e+00,0.000000000000000000e+00,0.000000000000000000e+00,8.065088195960394557e-02,-2.868155169359726600e-02,-0.000000000000000000e+00,0.000000000000000000e+00,-2.798821941282786038e-02,-0.000000000000000000e+00,-0.000000000000000000e+00,-0.000000000000000000e+00,-5.867565706123513136e-01,-0.000000000000000000e+00,-8.923379749656019932e-02,-0.000000000000000000e+00,-0.000000000000000000e+00,-0.000000000000000000e+00,-0.000000000000000000e+00,0.000000000000000000e+00,-0.000000000000000000e+00,0.000000000000000000e+00,1.291160183809376694e-01,-0.000000000000000000e+00,1.108695486399138286e-01,-2.245234611538555747e-01,-2.539268283971845563e-01,-0.000000000000000000e+00,8.603262618017452901e-02,0.000000000000000000e+00,0.000000000000000000e+00,-0.000000000000000000e+00,0.000000000000000000e+00,-0.000000000000000000e+00,0.000000000000000000e+00,1.941261887397623509e+00,-7.876920752524817215e-02
-0.000000000000000000e+00,-9.638385051781876711e-02,-0.000000000000000000e+00,-0.000000000000000000e+00,-0.000000000000000000e+00,2.922741556436472266e-01,1.687490427971981011e-01,0.000000000000000000e+00,-9.322528201621670119e-02,-0.000000000000000000e+00,-0.000000000000000000e+00,-5.794532888614655208e-01,0.000000000000000000e+00,-0.000000000000000000e+00,-0.000000000000000000e+00,-0.000000000000000000e+00,-0.000000000000000000e+00,-0.000000000000000000e+00,-0.000000000000000000e+00,0.000000000000000000e+00,-0.000000000000000000e+00,-1.002294538311566119e-01,-4.868152500796524978e-02,0.000000000000000000e+00,0.000000000000000000e+00,0.000000000000000000e+00,-1.553331393518232566e-02,-0.000000000000000000e+00,6.120866404785026658e-03,0.000000000000000000e+00,-0.000000000000000000e+00,-0.000000000000000000e+00,0.000000000000000000e+00,-9.263784810967197469e-02,1.636192082064988895e-01,-1.930004031565735745e-01,-0.000000000000000000e+00,-7.876920752524817215e-02,1.679962871605285901e+00
