2.212585372474916490e+00,-1.115683623713166206e+00,-0.000000000000000000e+00,-0.000000000000000000e+00,-0.000000000000000000e+00,0.000000000000000000e+00,-0.000000000000000000e+00,0.000000000000000000e+00,-3.443571406017529313e-01,-2.037925151728760542e-01,0.000000000000000000e+00,-0.000000000000000000e+00,0.000000000000000000e+00,-0.000000000000000000e+00,-0.000000000000000000e+00,-8.771119380032882384e-02,0.000000000000000000e+00,0.000000000000000000e+00,0.000000000000000000e+00,-0.000000000000000000e+00,-0.000000000000000000e+00,-4.236959226777207294e-02,-0.000000000000000000e+00,-0.000000000000000000e+00,-0.000000000000000000e+00,0.000000000000000000e+00,-0.000000000000000000e+00,-0.000000000000000000e+00,-5.582896621475173099e-02,-5.978342950326420019e-02,-0.000000000000000000e+00,-0.000000000000000000e+00,-0.000000000000000000e+00,-1.810476712572809677e-01,-0.000000000000000000e+00,-9.401969294238042563e-02,-0.000000000000000000e+00,-0.000000000000000000e+00,-1.799136958242705244e-03
-1.115683623713166206e+00,1.772846713155425746e+00,-0.000000000000000000e+00,-0.000000000000000000e+00,-0.000000000000000000e+00,0.000000000000000000e+00,-1.708000452030036809e-02,0.000000000000000000e+00,-7.338864880010394220e-02,-0.000000000000000000e+00,0.000000000000000000e+00,0.000000000000000000e+00,5.219164539825136423e-02,-0.000000000000000000e+00,0.000000000000000000e+00,-0.000000000000000000e+00,0.000000000000000000e+00,0.000000000000000000e+00,7.205595317776200548e-02,-4.490658922103652612e-02,-0.000000000000000000e+00,-0.000000000000000000e+00,-0.000000000000000000e+00,-0.000000000000000000e+00,-0.000000000000000000e+00,0.000000000000000000e+00,0.000000000000000000e+00,-0.000000000000000000e+00,-0.000000000000000000e+00,-0.000000000000000000e+00,-0.000000000000000000e+00,-0.000000000000000000e+00,0.000000000000000000e+00,-0.000000000000000000e+00,0.000000000000000000e+00,-0.000000000000000000e+00,-3.173978031870057503e-02,-0.000000000000000000e+00,-0.000000000000000000e+00
-0.000000000000000000e+00,-0.000000000000000000e+00,3.026580616660973444e+00,-0.000000000000000000e+00,-4.753976156594036384e-01,0.000000000000000000e+00,0.000000000000000000e+00,1.340522360326106499e+00,-1.464946145047726390e-02,-8.631770370324674813e-02,-0.000000000000000000e+00,-0.000000000000000000e+00,0.000000000000000000e+00,-4.966441072471796184e-03,-0.000000000000000000e+00,-0.000000000000000000e+00,0.000000000000000000e+00,-0.000000000000000000e+00,-0.000000000000000000e+00,-2.112585704765394534e-01,-5.017961436286705323e-01,-0.000000000000000000e+00,-1.632791381339785894e-02,-0.000000000000000000e+00,-2.109897377766394300e-01,-0.000000000000000000e+00,-0.000000000000000000e+00,-0.000000000000000000e+00,-0.000000000000000000e+00,-1.539113782451491386e-01,-2.853041245908959078e-02,-0.000000000000000000e+00,-0.000000000000000000e+00,-0.000000000000000000e+00,-0.000000000000000000e+00,-1.676851438315331844e-01,-0.000000000000000000e+00,-0.000000000000000000e+00,-0.000000000000000000e+00
-0.000000000000000000e+00,-0.000000000000000000e+00,-0.000000000000000000e+00,1.110133375554459123e+00,-0.000000000000000000e+00,-0.000000000000000000e+00,-9.954484493150024538e-02,0.000000000000000000e+00,-0.000000000000000000e+00,-0.000000000000000000e+00,0.000000000000000000e+00,-0.000000000000000000e+00,-0.000000000000000000e+00,-2.948694508463930442e-01,-0.000000000000000000e+00,-0.000000000000000000e+00,0.000000000000000000e+00,0.000000000000000000e+00,0.000000000000000000e+00,-0.000000000000000000e+00,0.000000000000000000e+00,-0.000000000000000000e+00,-0.000000000000000000e+00,-5.872773130548434445e-02,-0.000000000000000000e+00,0.000000000000000000e+00,0.000000000000000000e+00,-0.000000000000000000e+00,-0.000000000000000000e+00,-0.000000000000000000e+00,-0.000000000000000000e+00,-0.000000000000000000e+00,0.000000000000000000e+00,-0.000000000000000000e+00,-0.000000000000000000e+00,-0.000000000000000000e+00,-0.000000000000000000e+00,0.000000000000000000e+00,-0.000000000000000000e+00
-0.000000000000000000e+00,-0.000000000000000000e+00,-4.753976156594036384e-01,-0.000000000000000000e+00,2.075172564879960824e+00,-0.000000000000000000e+00,0.000000000000000000e+00,1.742502069681341748e-01,-2.261199577341075073e-01,-0.000000000000000000e+00,-0.000000000000000000e+00,-0.000000000000000000e+00,0.000000000000000000e+00,-3.043754908508173318e-01,-0.000000000000000000e+00,-0.000000000000000000e+00,0.000000000000000000e+00,-4.696201683116375813e-02,-0.000000000000000000e+00,-0.000000000000000000e+00,-0.000000000000000000e+00,-4.641429507087914408e-02,-0.000000000000000000e+00,-0.000000000000000000e+00,-0.000000000000000000e+00,-0.000000000000000000e+00,-1.666790088748095755e-01,-0.000000000000000000e+00,-0.000000000000000000e+00,-0.000000000000000000e+00,-0.000000000000000000e+00,-0.000000000000000000e+00,-3.682735345679564176e-01,-2.215631875342720034e-02,-0.000000000000000000e+00,-0.000000000000000000e+00,-0.000000000000000000e+00,-2.037805255312367947e-01,-1.075439951567141311e-02
0.000000000000000000e+00,0.000000000000000000e+00,0.000000000000000000e+00,-0.000000000000000000e+00,-0.000000000000000000e+00,1.286520858690877844e+00,0.000000000000000000e+00,-0.000000000000000000e+00,0.000000000000000000e+00,0.000000000000000000e+00,-4.040114610115537741e-01,0.000000000000000000e+00,-0.000000000000000000e+00,-0.000000000000000000e+00,0.000000000000000000e+00,0.000000000000000000e+00,-1.031934201309673976e-01,0.000000000000000000e+00,1.537200343190069096e-01,0.000000000000000000e+00,-0.000000000000000000e+00,-0.000000000000000000e+00,-0.000000000000000000e+00,0.000000000000000000e+00,-0.000000000000000000e+00,0.000000000000000000e+00,-0.000000000000000000e+00,0.000000000000000000e+00,-0.000000000000000000e+00,0.000000000000000000e+00,0.000000000000000000e+00,-1.810238992150419723e-01,-0.000000000000000000e+00,-0.000000000000000000e+00,-9.414430331152079390e-02,-0.000000000000000000e+00,-0.000000000000000000e+00,0.000000000000000000e+00,2.071375256489265959e-01
-0.000000000000000000e+00,-1.708000452030036809e-02,0.000000000000000000e+00,-9.954484493150024538e-02,0.000000000000000000e+00,0.000000000000000000e+00,1.034282162707728991e+00,-0.000000000000000000e+00,-0.000000000000000000e+00,0.000000000000000000e+00,1.478937731734999150e-01,0.000000000000000000e+00,0.000000000000000000e+00,-0.000000000000000000e+00,-0.000000000000000000e+00,-0.000000000000000000e+00,0.000000000000000000e+00,0.000000000000000000e+00,0.000000000000000000e+00,-2.060703250989777413e-02,0.000000000000000000e+00,-0.000000000000000000e+00,0.000000000000000000e+00,0.000000000000000000e+00,0.000000000000000000e+00,0.000000000000000000e+00,0.000000000000000000e+00,-0.000000000000000000e+00,0.000000000000000000e+00,-0.000000000000000000e+00,-0.000000000000000000e+00,0.000000000000000000e+00,5.330983669289560828e-02,-0.000000000000000000e+00,-0.000000000000000000e+00,0.000000000000000000e+00,-0.000000000000000000e+00,0.000000000000000000e+00,-0.000000000000000000e+00
0.000000000000000000e+00,0.000000000000000000e+00,1.340522360326106499e+00,0.000000000000000000e+00,1.742502069681341748e-01,-0.000000000000000000e+00,-0.000000000000000000e+00,2.650632657096711586e+00,0.000000000000000000e+00,1.412771055902588835e-01,-0.000000000000000000e+00,0.000000000000000000e+00,-0.000000000000000000e+00,0.000000000000000000e+00,0.000000000000000000e+00,0.000000000000000000e+00,-0.000000000000000000e+00,0.000000000000000000e+00,0.000000000000000000e+00,3.262164438850870263e-01,2.113882331385494029e-01,1.383975137842324288e-01,0.000000000000000000e+00,0.000000000000000000e+00,3.285473275111217700e-02,0.000000000000000000e+00,0.000000000000000000e+00,0.000000000000000000e+00,0.000000000000000000e+00,1.218748191922662122e-01,0.000000000000000000e+00,0.000000000000000000e+00,0.000000000000000000e+00,0.000000000000000000e+00,0.000000000000000000e+00,6.911218455129611304e-02,0.000000000000000000e+00,0.000000000000000000e+00,3.795183394082556061e-02
-3.443571406017529313e-01,-7.338864880010394220e-02,-1.464946145047726390e-02,-0.000000000000000000e+00,-2.261199577341075073e-01,0.000000000000000000e+00,-0.000000000000000000e+00,0.000000000000000000e+00,2.509017045265485191e+00,-9.408856337108525980e-02,0.000000000000000000e+00,-0.000000000000000000e+00,-0.000000000000000000e+00,-3.912996352732859839e-01,-0.000000000000000000e+00,-7.788714694702028596e-02,0.000000000000000000e+00,-0.000000000000000000e+00,-0.000000000000000000e+00,-6.681951404145625162e-02,-0.000000000000000000e+00,-4.705494500791514850e-02,-0.000000000000000000e+00,-2.859644012754689046e-01,-0.000000000000000000e+00,-0.000000000000000000e+00,-0.000000000000000000e+00,-7.222619581501660280e-02,-1.961204035448930461e-01,-0.000000000000000000e+00,-0.000000000000000000e+00,-0.000000000000000000e+00,-0.000000000000000000e+00,-4.650869080793877952e-01,-0.000000000000000000e+00,-2.842981310146647234e-01,-4.294753936583019238e-02,-1.218587291398546407e-01,-1.243516590801041315e-02
-2.037925151728760542e-01,-0.000000000000000000e+00,-8.631770370324674813e-02,-0.000000000000000000e+00,-0.000000000000000000e+00,0.000000000000000000e+00,0.000000000000000000e+00,1.412771055902588835e-01,-9.408856337108525980e-02,2.896525790388409849e+00,0.000000000000000000e+00,-0.000000000000000000e+00,0.000000000000000000e+00,-0.000000000000000000e+00,-0.000000000000000000e+00,-5.930320942170200782e-01,0.000000000000000000e+00,-0.000000000000000000e+00,-0.000000000000000000e+00,-6.228224278123223323e-04,-0.000000000000000000e+00,-0.000000000000000000e+00,-8.794813158952581589e-02,-8.448580501846121582e-02,-3.119044517305888942e-01,-0.000000000000000000e+00,-1.423051785211000009e-01,-2.150301186499472550e-01,-0.000000000000000000e+00,-3.593270528376622530e-01,-7.077984835867261182e-02,-0.000000000000000000e+00,-0.000000000000000000e+00,-0.000000000000000000e+00,-0.000000000000000000e+00,-0.000000000000000000e+00,-0.000000000000000000e+00,-2.736323390184572935e-01,-5.345553525000573680e-01
0.000000000000000000e+00,0.000000000000000000e+00,-0.000000000000000000e+00,0.000000000000000000e+00,-0.000000000000000000e+00,-4.040114610115537741e-01,1.478937731734999150e-01,-0.000000000000000000e+00,0.000000000000000000e+00,0.000000000000000000e+00,1.409883326672096482e+00,1.093743181246067120e-01,0.000000000000000000e+00,0.000000000000000000e+00,0.000000000000000000e+00,0.000000000000000000e+00,-4.531034286160633417e-01,0.000000000000000000e+00,0.000000000000000000e+00,0.000000000000000000e+00,-0.000000000000000000e+00,0.000000000000000000e+00,0.000000000000000000e+00,0.000000000000000000e+00,-0.000000000000000000e+00,0.000000000000000000e+00,0.000000000000000000e+00,0.000000000000000000e+00,-0.000000000000000000e+00,0.000000000000000000e+00,0.000000000000000000e+00,-0.000000000000000000e+00,-7.243985912944364558e-02,0.000000000000000000e+00,0.000000000000000000e+00,-0.000000000000000000e+00,-0.000000000000000000e+00,0.000000000000000000e+00,1.039070967410770374e-01
-0.000000000000000000e+00,0.000000000000000000e+00,-0.000000000000000000e+00,-0.000000000000000000e+00,-0.000000000000000000e+00,0.000000000000000000e+00,0.000000000000000000e+00,0.000000000000000000e+00,-0.000000000000000000e+00,-0.000000000000000000e+00,1.093743181246067120e-01,2.129063182940901910e+00,-0.000000000000000000e+00,-0.000000000000000000e+00,-6.165546186571274623e-01,-0.000000000000000000e+00,0.000000000000000000e+00,-0.000000000000000000e+00,-2.275619771673777769e-01,-0.000000000000000000e+00,0.000000000000000000e+00,-1.701294481007985526e-01,-0.000000000000000000e+00,-8.887927966330391727e-02,-0.000000000000000000e+00,-1.199573308640535484e-02,-5.464909558298326475e-01,-3.382144250506294303e-02,-0.000000000000000000e+00,-0.000000000000000000e+00,-1.858415068923385816e-01,-0.000000000000000000e+00,-0.000000000000000000e+00,-0.000000000000000000e+00,-1.411237666328940821e-01,-0.000000000000000000e+00,-0.000000000000000000e+00,-0.000000000000000000e+00,-1.243340489074988703e-01
0.000000000000000000e+00,5.219164539825136423e-02,0.000000000000000000e+00,-0.000000000000000000e+00,0.000000000000000000e+00,-0.000000000000000000e+00,0.000000000000000000e+00,-0.000000000000000000e+00,-0.000000000000000000e+00,0.000000000000000000e+00,0.000000000000000000e+00,-0.000000000000000000e+00,1.025358116570219691e+00,-0.000000000000000000e+00,-0.000000000000000000e+00,0.000000000000000000e+00,-0.000000000000000000e+00,-0.000000000000000000e+00,0.000000000000000000e+00,0.000000000000000000e+00,3.114439665077314151e-02,1.316822517990154096e-01,-0.000000000000000000e+00,-0.000000000000000000e+00,0.000000000000000000e+00,0.000000000000000000e+00,0.000000000000000000e+00,0.000000000000000000e+00,-0.000000000000000000e+00,0.000000000000000000e+00,0.000000000000000000e+00,0.000000000000000000e+00,0.000000000000000000e+00,0.000000000000000000e+00,-0.000000000000000000e+00,-0.000000000000000000e+00,-1.026995315902959616e-01,0.000000000000000000e+00,0.000000000000000000e+00
-0.000000000000000000e+00,-0.000000000000000000e+00,-4.966441072471796184e-03,-2.948694508463930442e-01,-3.043754908508173318e-01,-0.000000000000000000e+00,-0.000000000000000000e+00,0.000000000000000000e+00,-3.912996352732859839e-01,-0.000000000000000000e+00,0.000000000000000000e+00,-0.000000000000000000e+00,-0.000000000000000000e+00,2.541896772166634566e+00,-3.587044564091285137e-02,-1.221060591484339963e-03,0.000000000000000000e+00,-0.000000000000000000e+00,-0.000000000000000000e+00,-0.000000000000000000e+00,-0.000000000000000000e+00,-0.000000000000000000e+00,-3.753610833748681208e-01,-4.493819630477269844e-01,-0.000000000000000000e+00,-0.000000000000000000e+00,-0.000000000000000000e+00,-2.203638510447005205e-01,-2.861659457070815371e-01,-0.000000000000000000e+00,-0.000000000000000000e+00,-0.000000000000000000e+00,-0.000000000000000000e+00,-1.275561049149643855e-01,-4.074131705449949847e-01,-1.703429736550721250e-03,-5.098824590897260006e-02,-0.000000000000000000e+00,-0.000000000000000000e+00
-0.000000000000000000e+00,0.000000000000000000e+00,-0.000000000000000000e+00,-0.000000000000000000e+00,-0.000000000000000000e+00,0.000000000000000000e+00,-0.000000000000000000e+00,0.000000000000000000e+00,-0.000000000000000000e+00,-0.000000000000000000e+00,0.000000000000000000e+00,-6.165546186571274623e-01,-0.000000000000000000e+00,-3.587044564091285137e-02,1.886398564582157267e+00,-5.228154721401029326e-02,-0.000000000000000000e+00,-0.000000000000000000e+00,-0.000000000000000000e+00,-5.972928044435901751e-02,0.000000000000000000e+00,-5.784113170492237443e-02,-0.000000000000000000e+00,-2.499630700441914100e-01,0.000000000000000000e+00,-5.403224912102371214e-01,-0.000000000000000000e+00,-0.000000000000000000e+00,-6.969071075440458340e-02,-0.000000000000000000e+00,-0.000000000000000000e+00,-0.000000000000000000e+00,-0.000000000000000000e+00,-0.000000000000000000e+00,-3.347274137680972261e-02,-0.000000000000000000e+00,-4.354077771157161686e-02,-0.000000000000000000e+00,-0.000000000000000000e+00
-8.771119380032882384e-02,-0.000000000000000000e+00,-0.000000000000000000e+00,-0.000000000000000000e+00,-0.000000000000000000e+00,0.000000000000000000e+00,-0.000000000000000000e+00,0.000000000000000000e+00,-7.788714694702028596e-02,-5.930320942170200782e-01,0.000000000000000000e+00,-0.000000000000000000e+00,0.000000000000000000e+00,-1.221060591484339963e-03,-5.228154721401029326e-02,2.466864574499441076e+00,0.000000000000000000e+00,-0.000000000000000000e+00,-2.544717767870664782e-02,-5.018798300091738968e-02,-0.000000000000000000e+00,-0.000000000000000000e+00,-2.860042772326253369e-01,-5.510733295347920030e-02,-0.000000000000000000e+00,-6.403151079937216550e-02,-0.000000000000000000e+00,-3.945198098270648601e-01,-0.000000000000000000e+00,-4.624802101470470439e-01,-0.000000000000000000e+00,0.000000000000000000e+00,-0.000000000000000000e+00,-0.000000000000000000e+00,-0.000000000000000000e+00,-0.000000000000000000e+00,-0.000000000000000000e+00,-3.087670141929240164e-01,-4.704889423501490420e-02
0.000000000000000000e+00,0.000000000000000000e+00,0.000000000000000000e+00,0.000000000000000000e+00,0.000000000000000000e+00,-1.031934201309673976e-01,0.000000000000000000e+00,-0.000000000000000000e+00,0.000000000000000000e+00,0.000000000000000000e+00,-4.531034286160633417e-01,0.000000000000000000e+00,-0.000000000000000000e+00,0.000000000000000000e+00,-0.000000000000000000e+00,0.000000000000000000e+00,1.234425287240405122e+00,-0.000000000000000000e+00,0.000000000000000000e+00,0.000000000000000000e+00,0.000000000000000000e+00,0.000000000000000000e+00,-0.000000000000000000e+00,0.000000000000000000e+00,0.000000000000000000e+00,-0.000000000000000000e+00,0.000000000000000000e+00,0.000000000000000000e+00,-0.000000000000000000e+00,0.000000000000000000e+00,1.230649994105720985e-01,-0.000000000000000000e+00,-0.000000000000000000e+00,0.000000000000000000e+00,0.000000000000000000e+00,-0.000000000000000000e+00,-0.000000000000000000e+00,-0.000000000000000000e+00,0.000000000000000000e+00
0.000000000000000000e+00,0.000000000000000000e+00,-0.000000000000000000e+00,0.000000000000000000e+00,-4.696201683116375813e-02,0.000000000000000000e+00,0.000000000000000000e+00,0.000000000000000000e+00,-0.000000000000000000e+00,-0.000000000000000000e+00,0.000000000000000000e+00,-0.000000000000000000e+00,-0.000000000000000000e+00,-0.000000000000000000e+00,-0.000000000000000000e+00,-0.000000000000000000e+00,-0.000000000000000000e+00,2.068126075585366763e+00,-7.524348211506334261e-01,-0.000000000000000000e+00,-0.000000000000000000e+00,-0.000000000000000000e+00,-0.000000000000000000e+00,-0.000000000000000000e+00,-0.000000000000000000e+00,-1.060780318501437364e-01,-0.000000000000000000e+00,-2.127902692140025420e-01,-0.000000000000000000e+00,-0.000000000000000000e+00,-0.000000000000000000e+00,0.000000000000000000e+00,-0.000000000000000000e+00,0.000000000000000000e+00,-0.000000000000000000e+00,-0.000000000000000000e+00,-0.000000000000000000e+00,-7.346906164145774465e-01,-0.000000000000000000e+00
0.000000000000000000e+00,7.205595317776200548e-02,-0.000000000000000000e+00,0.000000000000000000e+00,-0.000000000000000000e+00,1.537200343190069096e-01,0.000000000000000000e+00,0.000000000000000000e+00,-0.000000000000000000e+00,-0.000000000000000000e+00,0.000000000000000000e+00,-2.275619771673777769e-01,0.000000000000000000e+00,-0.000000000000000000e+00,-0.000000000000000000e+00,-2.544717767870664782e-02,0.000000000000000000e+00,-7.524348211506334261e-01,1.813341574042185433e+00,-0.000000000000000000e+00,-0.000000000000000000e+00,-0.000000000000000000e+00,-0.000000000000000000e+00,-0.000000000000000000e+00,-0.000000000000000000e+00,-0.000000000000000000e+00,-0.000000000000000000e+00,-1.530791435288499924e-01,0.000000000000000000e+00,-0.000000000000000000e+00,-0.000000000000000000e+00,0.000000000000000000e+00,0.000000000000000000e+00,0.000000000000000000e+00,-0.000000000000000000e+00,-0.000000000000000000e+00,0.000000000000000000e+00,-0.000000000000000000e+00,-3.188247301939911016e-01
-0.000000000000000000e+00,-4.490658922103652612e-02,-2.112585704765394534e-01,-0.000000000000000000e+00,-0.000000000000000000e+00,0.000000000000000000e+00,-2.060703250989777413e-02,3.262164438850870263e-01,-6.681951404145625162e-02,-6.228224278123223323e-04,0.000000000000000000e+00,-0.000000000000000000e+00,0.000000000000000000e+00,-0.000000000000000000e+00,-5.972928044435901751e-02,-5.018798300091738968e-02,0.000000000000000000e+00,-0.000000000000000000e+00,-0.000000000000000000e+00,1.698567367612964452e+00,-9.251141637045041943e-02,-3.826151462092656219e-01,-0.000000000000000000e+00,-0.000000000000000000e+00,-0.000000000000000000e+00,-0.000000000000000000e+00,-0.000000000000000000e+00,-7.005529012738509476e-02,-0.000000000000000000e+00,-0.000000000000000000e+00,-1.197717682425053776e-01,-0.000000000000000000e+00,-0.000000000000000000e+00,-0.000000000000000000e+00,-3.045427994760455809e-02,-0.000000000000000000e+00,-2.631220598945625475e-02,-0.000000000000000000e+00,-0.000000000000000000e+00
-0.000000000000000000e+00,-0.000000000000000000e+00,-5.017961436286705323e-01,0.000000000000000000e+00,-0.000000000000000000e+00,-0.000000000000000000e+00,0.000000000000000000e+00,2.113882331385494029e-01,-0.000000000000000000e+00,-0.000000000000000000e+00,-0.000000000000000000e+00,0.000000000000000000e+00,3.114439665077314151e-02,-0.000000000000000000e+00,0.000000000000000000e+00,-0.000000000000000000e+00,0.000000000000000000e+00,-0.000000000000000000e+00,-0.000000000000000000e+00,-9.251141637045041943e-02,1.548322154991928823e+00,-2.775998017505153237e-02,-0.000000000000000000e+00,0.000000000000000000e+00,-1.529021592811552199e-01,0.000000000000000000e+00,-0.000000000000000000e+00,-0.000000000000000000e+00,-0.000000000000000000e+00,-0.000000000000000000e+00,-4.568058746958543470e-02,-0.000000000000000000e+00,-1.061255850708516801e-01,-0.000000000000000000e+00,-0.000000000000000000e+00,-0.000000000000000000e+00,-0.000000000000000000e+00,-0.000000000000000000e+00,-0.000000000000000000e+00
-4.236959226777207294e-02,-0.000000000000000000e+00,-0.000000000000000000e+00,-0.000000000000000000e+00,-4.641429507087914408e-02,-0.000000000000000000e+00,-0.000000000000000000e+00,1.383975137842324288e-01,-4.705494500791514850e-02,-0.000000000000000000e+00,0.000000000000000000e+00,-1.701294481007985526e-01,1.316822517990154096e-01,-0.000000000000000000e+00,-5.784113170492237443e-02,-0.000000000000000000e+00,0.000000000000000000e+00,-0.000000000000000000e+00,-0.000000000000000000e+00,-3.826151462092656219e-01,-2.775998017505153237e-02,1.994326241095431662e+00,-0.000000000000000000e+00,-0.000000000000000000e+00,-0.000000000000000000e+00,-0.000000000000000000e+00,-0.000000000000000000e+00,-0.000000000000000000e+00,-0.000000000000000000e+00,-0.000000000000000000e+00,-4.510579376966123988e-01,-2.820136753958021880e-01,-1.547840850674332969e-01,-2.226078746695902555e-01,-1.627853508382261921e-02,-0.000000000000000000e+00,-0.000000000000000000e+00,-0.000000000000000000e+00,-0.000000000000000000e+00
-0.000000000000000000e+00,-0.000000000000000000e+00,-1.632791381339785894e-02,-0.000000000000000000e+00,-0.000000000000000000e+00,-0.000000000000000000e+00,0.000000000000000000e+00,0.000000000000000000e+00,-0.000000000000000000e+00,-8.794813158952581589e-02,0.000000000000000000e+00,-0.000000000000000000e+00,-0.000000000000000000e+00,-3.753610833748681208e-01,-0.000000000000000000e+00,-2.860042772326253369e-01,-0.000000000000000000e+00,-0.000000000000000000e+00,-0.000000000000000000e+00,-0.000000000000000000e+00,-0.000000000000000000e+00,-0.000000000000000000e+00,2.170667037236424068e+00,-6.692079316654712950e-02,-7.232157190792327661e-01,-0.000000000000000000e+00,-0.000000000000000000e+00,-0.000000000000000000e+00,-1.400284238022155570e-01,-2.914922436657059190e-01,-0.000000000000000000e+00,-0.000000000000000000e+00,-1.138501759679205472e-01,-0.000000000000000000e+00,-0.000000000000000000e+00,-0.000000000000000000e+00,-0.000000000000000000e+00,-0.000000000000000000e+00,-0.000000000000000000e+00
-0.000000000000000000e+00,-0.000000000000000000e+00,-0.000000000000000000e+00,-5.872773130548434445e-02,-0.000000000000000000e+00,0.000000000000000000e+00,0.000000000000000000e+00,0.000000000000000000e+00,-2.859644012754689046e-01,-8.448580501846121582e-02,0.000000000000000000e+00,-8.887927966330391727e-02,-0.000000000000000000e+00,-4.493819630477269844e-01,-2.499630700441914100e-01,-5.510733295347920030e-02,0.000000000000000000e+00,-0.000000000000000000e+00,-0.000000000000000000e+00,-0.000000000000000000e+00,0.000000000000000000e+00,-0.000000000000000000e+00,-6.692079316654712950e-02,1.743984050413908360e+00,-0.000000000000000000e+00,-0.000000000000000000e+00,-1.852022775658690749e-03,-0.000000000000000000e+00,-0.000000000000000000e+00,-0.000000000000000000e+00,-0.000000000000000000e+00,-0.000000000000000000e+00,-0.000000000000000000e+00,-1.567449205326603145e-01,-0.000000000000000000e+00,-0.000000000000000000e+00,-4.470870017837760141e-02,-0.000000000000000000e+00,-0.000000000000000000e+00
-0.000000000000000000e+00,-0.000000000000000000e+00,-2.109897377766394300e-01,-0.000000000000000000e+00,-0.000000000000000000e+00,-0.000000000000000000e+00,0.000000000000000000e+00,3.285473275111217700e-02,-0.000000000000000000e+00,-3.119044517305888942e-01,-0.000000000000000000e+00,-0.000000000000000000e+00,0.000000000000000000e+00,-0.000000000000000000e+00,0.000000000000000000e+00,-0.000000000000000000e+00,0.000000000000000000e+00,-0.000000000000000000e+00,-0.000000000000000000e+00,-0.000000000000000000e+00,-1.529021592811552199e-01,-0.000000000000000000e+00,-7.232157190792327661e-01,-0.000000000000000000e+00,1.973179580689665702e+00,-0.000000000000000000e+00,-0.000000000000000000e+00,-1.826578981111664016e-02,-0.000000000000000000e+00,-1.068650293053547695e-01,-7.224363056179697318e-03,-0.000000000000000000e+00,-9.977710788413129972e-02,-0.000000000000000000e+00,-0.000000000000000000e+00,-0.000000000000000000e+00,-0.000000000000000000e+00,-0.000000000000000000e+00,-1.284446228479733665e-01
0.000000000000000000e+00,0.000000000000000000e+00,-0.000000000000000000e+00,0.000000000000000000e+00,-0.000000000000000000e+00,0.000000000000000000e+00,0.000000000000000000e+00,0.000000000000000000e+00,-0.000000000000000000e+00,-0.000000000000000000e+00,0.000000000000000000e+00,-1.199573308640535484e-02,0.000000000000000000e+00,-0.000000000000000000e+00,-5.403224912102371214e-01,-6.403151079937216550e-02,-0.000000000000000000e+00,-1.060780318501437364e-01,-0.000000000000000000e+00,-0.000000000000000000e+00,0.000000000000000000e+00,-0.000000000000000000e+00,-0.000000000000000000e+00,-0.000000000000000000e+00,-0.000000000000000000e+00,1.688696413302814170e+00,-4.813901279106305164e-01,-0.000000000000000000e+00,-1.769462944056074405e-02,-0.000000000000000000e+00,-0.000000000000000000e+00,-0.000000000000000000e+00,-0.000000000000000000e+00,-0.000000000000000000e+00,-0.000000000000000000e+00,-0.000000000000000000e+00,-0.000000000000000000e+00,-1.817519339789977206e-01,-0.000000000000000000e+00
-0.000000000000000000e+00,0.000000000000000000e+00,-0.000000000000000000e+00,0.000000000000000000e+00,-1.666790088748095755e-01,-0.000000000000000000e+00,0.000000000000000000e+00,0.000000000000000000e+00,-0.000000000000000000e+00,-1.423051785211000009e-01,0.000000000000000000e+00,-5.464909558298326475e-01,0.000000000000000000e+00,-0.000000000000000000e+00,-0.000000000000000000e+00,-0.000000000000000000e+00,0.000000000000000000e+00,-0.000000000000000000e+00,-0.000000000000000000e+00,-0.000000000000000000e+00,-0.000000000000000000e+00,-0.000000000000000000e+00,-0.000000000000000000e+00,-1.852022775658690749e-03,-0.000000000000000000e+00,-4.813901279106305164e-01,1.916462134306846421e+00,-0.000000000000000000e+00,-2.160571463781337138e-03,-0.000000000000000000e+00,-9.900628427088495331e-02,-2.731937815450292129e-01,-1.206019157227561506e-01,-0.000000000000000000e+00,-4.467837316425201516e-02,-0.000000000000000000e+00,-0.000000000000000000e+00,-9.896055249558638901e-04,-0.000000000000000000e+00
-0.000000000000000000e+00,-0.000000000000000000e+00,-0.000000000000000000e+00,-0.000000000000000000e+00,-0.000000000000000000e+00,0.000000000000000000e+00,-0.000000000000000000e+00,0.000000000000000000e+00,-7.222619581501660280e-02,-2.150301186499472550e-01,0.000000000000000000e+00,-3.382144250506294303e-02,0.000000000000000000e+00,-2.203638510447005205e-01,-0.000000000000000000e+00,-3.945198098270648601e-01,0.000000000000000000e+00,-2.127902692140025420e-01,-1.530791435288499924e-01,-7.005529012738509476e-02,-0.000000000000000000e+00,-0.000000000000000000e+00,-0.000000000000000000e+00,-0.000000000000000000e+00,-1.826578981111664016e-02,-0.000000000000000000e+00,-0.000000000000000000e+00,2.351515855348910389e+00,-0.000000000000000000e+00,-0.000000000000000000e+00,-7.480386804734393547e-01,-0.000000000000000000e+00,-0.000000000000000000e+00,-0.000000000000000000e+00,-9.752583426818341172e-02,-0.000000000000000000e+00,-0.000000000000000000e+00,-7.422118055655724245e-02,-7.713092170372849721e-02
-5.582896621475173099e-02,-0.000000000000000000e+00,-0.000000000000000000e+00,-0.000000000000000000e+00,-0.000000000000000000e+00,-0.000000000000000000e+00,0.000000000000000000e+00,0.000000000000000000e+00,-1.961204035448930461e-01,-0.000000000000000000e+00,-0.000000000000000000e+00,-0.000000000000000000e+00,-0.000000000000000000e+00,-2.861659457070815371e-01,-6.969071075440458340e-02,-0.000000000000000000e+00,-0.000000000000000000e+00,-0.000000000000000000e+00,0.000000000000000000e+00,-0.000000000000000000e+00,-0.000000000000000000e+00,-0.000000000000000000e+00,-1.400284238022155570e-01,-0.000000000000000000e+00,-0.000000000000000000e+00,-1.769462944056074405e-02,-2.160571463781337138e-03,-0.000000000000000000e+00,1.832963612199135062e+00,-0.000000000000000000e+00,-0.000000000000000000e+00,-4.171500051628486069e-03,-1.160370509336196149e-01,-0.000000000000000000e+00,-9.585105833279619625e-02,-1.202052785066002466e-01,-5.967111497864627800e-01,-0.000000000000000000e+00,-0.000000000000000000e+00
-5.978342950326420019e-02,-0.000000000000000000e+00,-1.539113782451491386e-01,-0.000000000000000000e+00,-0.000000000000000000e+00,0.000000000000000000e+00,-0.000000000000000000e+00,1.218748191922662122e-01,-0.000000000000000000e+00,-3.593270528376622530e-01,0.000000000000000000e+00,-0.000000000000000000e+00,0.000000000000000000e+00,-0.000000000000000000e+00,-0.000000000000000000e+00,-4.624802101470470439e-01,0.000000000000000000e+00,-0.000000000000000000e+00,-0.000000000000000000e+00,-0.000000000000000000e+00,-0.000000000000000000e+00,-0.000000000000000000e+00,-2.914922436657059190e-01,-0.000000000000000000e+00,-1.068650293053547695e-01,-0.000000000000000000e+00,-0.000000000000000000e+00,-0.000000000000000000e+00,-0.000000000000000000e+00,2.156486211073384229e+00,-0.000000000000000000e+00,-0.000000000000000000e+00,-0.000000000000000000e+00,-0.000000000000000000e+00,-0.000000000000000000e+00,-4.373201077146401383e-01,-0.000000000000000000e+00,-8.761382695188518754e-02,-0.000000000000000000e+00
-0.000000000000000000e+00,-0.000000000000000000e+00,-2.853041245908959078e-02,-0.000000000000000000e+00,-0.000000000000000000e+00,0.000000000000000000e+00,-0.000000000000000000e+00,0.000000000000000000e+00,-0.000000000000000000e+00,-7.077984835867261182e-02,0.000000000000000000e+00,-1.858415068923385816e-01,0.000000000000000000e+00,-0.000000000000000000e+00,-0.000000000000000000e+00,-0.000000000000000000e+00,1.230649994105720985e-01,-0.000000000000000000e+00,-0.000000000000000000e+00,-1.197717682425053776e-01,-4.568058746958543470e-02,-4.510579376966123988e-01,-0.000000000000000000e+00,-0.000000000000000000e+00,-7.224363056179697318e-03,-0.000000000000000000e+00,-9.900628427088495331e-02,-7.480386804734393547e-01,-0.000000000000000000e+00,-0.000000000000000000e+00,2.317229989988320416e+00,-0.000000000000000000e+00,-0.000000000000000000e+00,-6.731172271598592771e-02,-0.000000000000000000e+00,-0.000000000000000000e+00,-0.000000000000000000e+00,-0.000000000000000000e+00,-4.530939832556103442e-01
-0.000000000000000000e+00,-0.000000000000000000e+00,-0.000000000000000000e+00,-0.000000000000000000e+00,-0.000000000000000000e+00,-1.810238992150419723e-01,0.000000000000000000e+00,0.000000000000000000e+00,-0.000000000000000000e+00,-0.000000000000000000e+00,-0.000000000000000000e+00,-0.000000000000000000e+00,0.000000000000000000e+00,-0.000000000000000000e+00,-0.000000000000000000e+00,0.000000000000000000e+00,-0.000000000000000000e+00,0.000000000000000000e+00,0.000000000000000000e+00,-0.000000000000000000e+00,-0.000000000000000000e+00,-2.820136753958021880e-01,-0.000000000000000000e+00,-0.000000000000000000e+00,-0.000000000000000000e+00,-0.000000000000000000e+00,-2.731937815450292129e-01,-0.000000000000000000e+00,-4.171500051628486069e-03,-0.000000000000000000e+00,-0.000000000000000000e+00,1.414512710427481723e+00,-7.716697525044882711e-02,-6.264790672511720560e-02,-9.889787619408645092e-02,-1.572044245010218999e-01,-1.256451742498094215e-01,0.000000000000000000e+00,-0.000000000000000000e+00
-0.000000000000000000e+00,0.000000000000000000e+00,-0.000000000000000000e+00,0.000000000000000000e+00,-3.682735345679564176e-01,-0.000000000000000000e+00,5.330983669289560828e-02,0.000000000000000000e+00,-0.000000000000000000e+00,-0.000000000000000000e+00,-7.243985912944364558e-02,-0.000000000000000000e+00,0.000000000000000000e+00,-0.000000000000000000e+00,-0.000000000000000000e+00,-0.000000000000000000e+00,-0.000000000000000000e+00,-0.000000000000000000e+00,0.000000000000000000e+00,-0.000000000000000000e+00,-1.061255850708516801e-01,-1.547840850674332969e-01,-1.138501759679205472e-01,-0.000000000000000000e+00,-9.977710788413129972e-02,-0.000000000000000000e+00,-1.206019157227561506e-01,-0.000000000000000000e+00,-1.160370509336196149e-01,-0.000000000000000000e+00,-0.000000000000000000e+00,-7.716697525044882711e-02,1.662960247487101917e+00,-3.534829734600947737e-01,-0.000000000000000000e+00,-0.000000000000000000e+00,-0.000000000000000000e+00,-0.000000000000000000e+00,-0.000000000000000000e+00
-1.810476712572809677e-01,-0.000000000000000000e+00,-0.000000000000000000e+00,-0.000000000000000000e+00,-2.215631875342720034e-02,-0.000000000000000000e+00,-0.000000000000000000e+00,0.000000000000000000e+00,-4.650869080793877952e-01,-0.000000000000000000e+00,0.000000000000000000e+00,-0.000000000000000000e+00,0.000000000000000000e+00,-1.275561049149643855e-01,-0.000000000000000000e+00,-0.000000000000000000e+00,0.000000000000000000e+00,0.000000000000000000e+00,0.000000000000000000e+00,-0.000000000000000000e+00,-0.000000000000000000e+00,-2.226078746695902555e-01,-0.000000000000000000e+00,-1.567449205326603145e-01,-0.000000000000000000e+00,-0.000000000000000000e+00,-0.000000000000000000e+00,-0.000000000000000000e+00,-0.000000000000000000e+00,-0.000000000000000000e+00,-6.731172271598592771e-02,-6.264790672511720560e-02,-3.534829734600947737e-01,1.812706035000517746e+00,-0.000000000000000000e+00,-0.000000000000000000e+00,-0.000000000000000000e+00,-0.000000000000000000e+00,-0.000000000000000000e+00
-0.000000000000000000e+00,0.000000000000000000e+00,-0.000000000000000000e+00,-0.000000000000000000e+00,-0.000000000000000000e+00,-9.414430331152079390e-02,-0.000000000000000000e+00,0.000000000000000000e+00,-0.000000000000000000e+00,-0.000000000000000000e+00,0.000000000000000000e+00,-1.411237666328940821e-01,-0.000000000000000000e+00,-4.074131705449949847e-01,-3.347274137680972261e-02,-0.000000000000000000e+00,0.000000000000000000e+00,-0.000000000000000000e+00,-0.000000000000000000e+00,-3.045427994760455809e-02,-0.000000000000000000e+00,-1.627853508382261921e-02,-0.000000000000000000e+00,-0.000000000000000000e+00,-0.000000000000000000e+00,-0.000000000000000000e+00,-4.467837316425201516e-02,-9.752583426818341172e-02,-9.585105833279619625e-02,-0.000000000000000000e+00,-0.000000000000000000e+00,-9.889787619408645092e-02,-0.000000000000000000e+00,-0.000000000000000000e+00,1.661135661826742327e+00,-6.918215123922261123e-02,-4.196964026516278312e-01,-0.000000000000000000e+00,-0.000000000000000000e+00
-9.401969294238042563e-02,-0.000000000000000000e+00,-1.676851438315331844e-01,-0.000000000000000000e+00,-0.000000000000000000e+00,-0.000000000000000000e+00,0.000000000000000000e+00,6.911218455129611304e-02,-2.842981310146647234e-01,-0.000000000000000000e+00,-0.000000000000000000e+00,-0.000000000000000000e+00,-0.000000000000000000e+00,-1.703429736550721250e-03,-0.000000000000000000e+00,-0.000000000000000000e+00,-0.000000000000000000e+00,-0.000000000000000000e+00,-0.000000000000000000e+00,-0.000000000000000000e+00,-0.000000000000000000e+00,-0.000000000000000000e+00,-0.000000000000000000e+00,-0.000000000000000000e+00,-0.000000000000000000e+00,-0.000000000000000000e+00,-0.000000000000000000e+00,-0.000000000000000000e+00,-1.202052785066002466e-01,-4.373201077146401383e-01,-0.000000000000000000e+00,-1.572044245010218999e-01,-0.000000000000000000e+00,-0.000000000000000000e+00,-6.918215123922261123e-02,1.719960262384459204e+00,-1.698337588921937369e-01,-0.000000000000000000e+00,-0.000000000000000000e+00
-0.000000000000000000e+00,-3.173978031870057503e-02,-0.000000000000000000e+00,-0.000000000000000000e+00,-0.000000000000000000e+00,-0.000000000000000000e+00,-0.000000000000000000e+00,0.000000000000000000e+00,-4.294753936583019238e-02,-0.000000000000000000e+00,-0.000000000000000000e+00,-0.000000000000000000e+00,-1.026995315902959616e-01,-5.098824590897260006e-02,-4.354077771157161686e-02,-0.000000000000000000e+00,-0.000000000000000000e+00,-0.000000000000000000e+00,0.000000000000000000e+00,-2.631220598945625475e-02,-0.000000000000000000e+00,-0.000000000000000000e+00,-0.000000000000000000e+00,-4.470870017837760141e-02,-0.000000000000000000e+00,-0.000000000000000000e+00,-0.000000000000000000e+00,-0.000000000000000000e+00,-5.967111497864627800e-01,-0.000000000000000000e+00,-0.000000000000000000e+00,-1.256451742498094215e-01,-0.000000000000000000e+00,-0.000000000000000000e+00,-4.196964026516278312e-01,-1.698337588921937369e-01,1.746800458894274044e+00,-0.000000000000000000e+00,-0.000000000000000000e+00
-0.000000000000000000e+00,-0.000000000000000000e+00,-0.000000000000000000e+00,0.000000000000000000e+00,-2.037805255312367947e-01,0.000000000000000000e+00,0.000000000000000000e+00,0.000000000000000000e+00,-1.218587291398546407e-01,-2.736323390184572935e-01,0.000000000000000000e+00,-0.000000000000000000e+00,0.000000000000000000e+00,-0.000000000000000000e+00,-0.000000000000000000e+00,-3.087670141929240164e-01,-0.000000000000000000e+00,-7.346906164145774465e-01,-0.000000000000000000e+00,-0.000000000000000000e+00,-0.000000000000000000e+00,-0.000000000000000000e+00,-0.000000000000000000e+00,-0.000000000000000000e+00,-0.000000000000000000e+00,-1.817519339789977206e-01,-9.896055249558638901e-04,-7.422118055655724245e-02,-0.000000000000000000e+00,-8.761382695188518754e-02,-0.000000000000000000e+00,0.000000000000000000e+00,-0.000000000000000000e+00,-0.000000000000000000e+00,-0.000000000000000000e+00,-0.000000000000000000e+00,-0.000000000000000000e+00,2.435904968887844024e+00,-5.058939540785252209e-01
-1.799136958242705244e-03,-0.000000000000000000e+00,-0.000000000000000000e+00,-0.000000000000000000e+00,-1.075439951567141311e-02,2.071375256489265959e-01,-0.000000000000000000e+00,3.795183394082556061e-02,-1.243516590801041315e-02,-5.345553525000573680e-01,1.039070967410770374e-01,-1.243340489074988703e-01,0.000000000000000000e+00,-0.000000000000000000e+00,-0.000000000000000000e+00,-4.704889423501490420e-02,0.000000000000000000e+00,-0.000000000000000000e+00,-3.188247301939911016e-01,-0.000000000000000000e+00,-0.000000000000000000e+00,-0.000000000000000000e+00,-0.000000000000000000e+00,-0.000000000000000000e+00,-1.284446228479733665e-01,-0.000000000000000000e+00,-0.000000000000000000e+00,-7.713092170372849721e-02,-0.000000000000000000e+00,-0.000000000000000000e+00,-4.530939832556103442e-01,-0.000000000000000000e+00,-0.000000000000000000e+00,-0.000000000000000000e+00,-0.000000000000000000e+00,-0.000000000000000000e+00,-0.000000000000000000e+00,-5.058939540785252209e-01,2.370121029211850416e+00
