1.200832935524036804e+00,0.000000000000000000e+00,-0.000000000000000000e+00,0.000000000000000000e+00,-0.000000000000000000e+00,0.000000000000000000e+00,0.000000000000000000e+00,-0.000000000000000000e+00,-0.000000000000000000e+00,-0.000000000000000000e+00,0.000000000000000000e+00,0.000000000000000000e+00,1.002386603001081677e-01,0.000000000000000000e+00,-1.029603459691159212e-02,-0.000000000000000000e+00,-5.991005495679096321e-02,0.000000000000000000e+00,-9.639175918540050791e-02,0.000000000000000000e+00,-7.311240782707172092e-02,0.000000000000000000e+00,0.000000000000000000e+00,0.000000000000000000e+00,-0.000000000000000000e+00,-1.178565891945429073e-01,0.000000000000000000e+00,-0.000000000000000000e+00,-4.034226587891308335e-02,-1.531903690893630654e-01,0.000000000000000000e+00,0.000000000000000000e+00,0.000000000000000000e+00,-0.000000000000000000e+00,-0.000000000000000000e+00,-0.000000000000000000e+00,0.000000000000000000e+00,-1.656537988311974907e-01,0.000000000000000000e+00
0.000000000000000000e+00,1.444978835215708024e+00,-0.000000000000000000e+00,-0.000000000000000000e+00,-2.425293788094522521e-02,-0.000000000000000000e+00,-0.000000000000000000e+00,0.000000000000000000e+00,-0.000000000000000000e+00,-1.815282896686814529e-01,-1.157148122101283871e-01,-4.241318441765244002e-02,-0.000000000000000000e+00,-1.097441548813387208e-01,0.000000000000000000e+00,-0.000000000000000000e+00,0.000000000000000000e+00,-7.996447925779721910e-02,0.000000000000000000e+00,-1.313257971775030376e-02,0.000000000000000000e+00,-8.831152813734919824e-03,-1.341060417312923969e-01,-1.208997748228158725e-01,-6.237208834888888914e-02,0.000000000000000000e+00,-5.794258275101813599e-02,0.000000000000000000e+00,0.000000000000000000e+00,0.000000000000000000e+00,-1.427322540056224776e-01,-8.172183800787281849e-02,-1.113860675375646925e-02,-0.000000000000000000e+00,0.000000000000000000e+00,-7.737633078963498945e-02,-1.288905674734744898e-02,0.000000000000000000e+00,-1.606285982615129615e-01
-0.000000000000000000e+00,-0.000000000000000000e+00,1.203097786618437581e+00,-0.000000000000000000e+00,-2.471400523065147015e-01,-0.000000000000000000e+00,0.000000000000000000e+00,-0.000000000000000000e+00,-2.069721961221076059e-02,-0.000000000000000000e+00,-0.000000000000000000e+00,-0.000000000000000000e+00,0.000000000000000000e+00,-0.000000000000000000e+00,-0.000000000000000000e+00,-4.899100473486971141e-02,-0.000000000000000000e+00,-0.000000000000000000e+00,-0.000000000000000000e+00,-0.000000000000000000e+00,-0.000000000000000000e+00,-3.988721254538043354e-02,-0.000000000000000000e+00,-0.000000000000000000e+00,-6.563365138111078301e-02,-0.000000000000000000e+00,-0.000000000000000000e+00,0.000000000000000000e+00,-0.000000000000000000e+00,-0.000000000000000000e+00,-0.000000000000000000e+00,-0.000000000000000000e+00,-0.000000000000000000e+00,-3.296568475749103166e-01,0.000000000000000000e+00,-0.000000000000000000e+00,-0.000000000000000000e+00,-0.000000000000000000e+00,-0.000000000000000000e+00
0.000000000000000000e+00,-0.000000000000000000e+00,-0.000000000000000000e+00,1.141603460335420817e+00,-0.000000000000000000e+00,-0.000000000000000000e+00,-2.601028301172133572e-01,0.000000000000000000e+00,-0.000000000000000000e+00,-0.000000000000000000e+00,-0.000000000000000000e+00,-0.000000000000000000e+00,-0.000000000000000000e+00,-0.000000000000000000e+00,1.034283872415721617e-01,-0.000000000000000000e+00,0.000000000000000000e+00,-1.391891053873858461e-02,0.000000000000000000e+00,-3.158480212445947261e-02,0.000000000000000000e+00,-0.000000000000000000e+00,-0.000000000000000000e+00,-0.000000000000000000e+00,-0.000000000000000000e+00,3.078654113208499979e-02,-3.187756571716399145e-02,0.000000000000000000e+00,0.000000000000000000e+00,0.000000000000000000e+00,-5.998278172008091047e-02,-2.661425661823803648e-02,-0.000000000000000000e+00,-0.000000000000000000e+00,0.000000000000000000e+00,-0.000000000000000000e+00,-2.527227529972037035e-02,5.456397835205922114e-02,-0.000000000000000000e+00
-0.000000000000000000e+00,-2.425293788094522521e-02,-2.471400523065147015e-01,-0.000000000000000000e+00,1.163038163615108811e+00,-0.000000000000000000e+00,-0.000000000000000000e+00,0.000000000000000000e+00,-1.465839054056518598e-01,-2.012663327329202584e-02,-0.000000000000000000e+00,-0.000000000000000000e+00,-0.000000000000000000e+00,-3.306235247083750411e-02,0.000000000000000000e+00,-3.308539443689804266e-02,-0.000000000000000000e+00,-0.000000000000000000e+00,-0.000000000000000000e+00,-0.000000000000000000e+00,-0.000000000000000000e+00,-3.569194794534191750e-02,-2.853178417186573099e-02,-0.000000000000000000e+00,-7.449827371573307377e-02,0.000000000000000000e+00,-0.000000000000000000e+00,0.000000000000000000e+00,0.000000000000000000e+00,0.000000000000000000e+00,-0.000000000000000000e+00,-0.000000000000000000e+00,-0.000000000000000000e+00,-1.155099788265429722e-01,0.000000000000000000e+00,-7.195200768875738805e-03,-0.000000000000000000e+00,0.000000000000000000e+00,-0.000000000000000000e+00
0.000000000000000000e+00,-0.000000000000000000e+00,-0.000000000000000000e+00,-0.000000000000000000e+00,-0.000000000000000000e+00,1.443812546415742748e+00,-9.251175859407613500e-02,0.000000000000000000e+00,-0.000000000000000000e+00,-0.000000000000000000e+00,-6.480220694637368883e-02,-4.725416554438367084e-02,-8.686406012109150476e-02,-0.000000000000000000e+00,7.926092614271759706e-02,-0.000000000000000000e+00,0.000000000000000000e+00,-1.167157229984848582e-01,0.000000000000000000e+00,-6.255286896097367322e-02,0.000000000000000000e+00,-0.000000000000000000e+00,-0.000000000000000000e+00,-2.133736265691593692e-02,-0.000000000000000000e+00,9.987899554366003185e-02,-7.558534655172738370e-02,1.178255992632582655e-01,0.000000000000000000e+00,0.000000000000000000e+00,-7.001247237686628044e-02,-1.374859601428074785e-01,-0.000000000000000000e+00,0.000000000000000000e+00,0.000000000000000000e+00,-0.000000000000000000e+00,-1.737726791876915700e-01,1.107108937859273973e-01,-0.000000000000000000e+00
0.000000000000000000e+00,-0.000000000000000000e+00,0.000000000000000000e+00,-2.601028301172133572e-01,-0.000000000000000000e+00,-9.251175859407613500e-02,1.128015009155587833e+00,0.000000000000000000e+00,-0.000000000000000000e+00,-0.000000000000000000e+00,-0.000000000000000000e+00,-0.000000000000000000e+00,-0.000000000000000000e+00,-0.000000000000000000e+00,2.407554063182828444e-03,-0.000000000000000000e+00,1.914952531872214647e-02,-0.000000000000000000e+00,0.000000000000000000e+00,-0.000000000000000000e+00,0.000000000000000000e+00,-0.000000000000000000e+00,-0.000000000000000000e+00,-0.000000000000000000e+00,-0.000000000000000000e+00,5.352713142869205964e-02,-0.000000000000000000e+00,0.000000000000000000e+00,0.000000000000000000e+00,0.000000000000000000e+00,-6.321926779869538326e-02,-0.000000000000000000e+00,-0.000000000000000000e+00,0.000000000000000000e+00,0.000000000000000000e+00,-0.000000000000000000e+00,-1.313743613025597154e-02,8.495449064337604050e-02,-0.000000000000000000e+00
-0.000000000000000000e+00,0.000000000000000000e+00,-0.000000000000000000e+00,0.000000000000000000e+00,0.000000000000000000e+00,0.000000000000000000e+00,0.000000000000000000e+00,1.000000000000000222e+00,0.000000000000000000e+00,0.000000000000000000e+00,0.000000000000000000e+00,0.000000000000000000e+00,0.000000000000000000e+00,0.000000000000000000e+00,-0.000000000000000000e+00,0.000000000000000000e+00,-0.000000000000000000e+00,0.000000000000000000e+00,-0.000000000000000000e+00,0.000000000000000000e+00,-0.000000000000000000e+00,-0.000000000000000000e+00,-0.000000000000000000e+00,0.000000000000000000e+00,0.000000000000000000e+00,-0.000000000000000000e+00,0.000000000000000000e+00,-0.000000000000000000e+00,-0.000000000000000000e+00,-0.000000000000000000e+00,0.000000000000000000e+00,0.000000000000000000e+00,-0.000000000000000000e+00,-0.000000000000000000e+00,-0.000000000000000000e+00,-0.000000000000000000e+00,0.000000000000000000e+00,-0.000000000000000000e+00,0.000000000000000000e+00
-0.000000000000000000e+00,-0.000000000000000000e+00,-2.069721961221076059e-02,-0.000000000000000000e+00,-1.465839054056518598e-01,-0.000000000000000000e+00,-0.000000000000000000e+00,0.000000000000000000e+00,1.269225925181690418e+00,-1.945216772502315339e-01,-0.000000000000000000e+00,-0.000000000000000000e+00,-0.000000000000000000e+00,-0.000000000000000000e+00,0.000000000000000000e+00,-2.026895167423505284e-01,-0.000000000000000000e+00,-0.000000000000000000e+00,-0.000000000000000000e+00,-0.000000000000000000e+00,-0.000000000000000000e+00,-0.000000000000000000e+00,-8.210410140746988994e-02,-0.000000000000000000e+00,-1.162472501546775033e-01,0.000000000000000000e+00,-0.000000000000000000e+00,0.000000000000000000e+00,0.000000000000000000e+00,-0.000000000000000000e+00,-0.000000000000000000e+00,-0.000000000000000000e+00,-0.000000000000000000e+00,-2.226868806732525130e-01,0.000000000000000000e+00,-9.039100573121547355e-02,-0.000000000000000000e+00,-0.000000000000000000e+00,-0.000000000000000000e+00
-0.000000000000000000e+00,-1.815282896686814529e-01,-0.000000000000000000e+00,-0.000000000000000000e+00,-2.012663327329202584e-02,-0.000000000000000000e+00,-0.000000000000000000e+00,0.000000000000000000e+00,-1.945216772502315339e-01,1.319287699026313598e+00,-0.000000000000000000e+00,-0.000000000000000000e+00,-0.000000000000000000e+00,-5.596267461204770810e-02,0.000000000000000000e+00,-3.045938696715221328e-01,0.000000000000000000e+00,-0.000000000000000000e+00,-0.000000000000000000e+00,-0.000000000000000000e+00,0.000000000000000000e+00,-0.000000000000000000e+00,-1.116990928960034657e-01,-0.000000000000000000e+00,-1.479123766237641358e-01,0.000000000000000000e+00,-0.000000000000000000e+00,0.000000000000000000e+00,0.000000000000000000e+00,-0.000000000000000000e+00,-0.000000000000000000e+00,-0.000000000000000000e+00,-0.000000000000000000e+00,-0.000000000000000000e+00,0.000000000000000000e+00,-8.107800255782299237e-02,-0.000000000000000000e+00,0.000000000000000000e+00,-4.745525477663171260e-02
0.000000000000000000e+00,-1.157148122101283871e-01,-0.000000000000000000e+00,-0.000000000000000000e+00,-0.000000000000000000e+00,-6.480220694637368883e-02,-0.000000000000000000e+00,0.000000000000000000e+00,-0.000000000000000000e+00,-0.000000000000000000e+00,1.435709567996899860e+00,-1.051984862195718129e-01,-4.354033744402558553e-02,-8.460664426950033346e-02,0.000000000000000000e+00,-0.000000000000000000e+00,0.000000000000000000e+00,-1.020050436823453366e-01,0.000000000000000000e+00,-2.899763535032756027e-03,0.000000000000000000e+00,-7.663426937022879692e-02,-7.423268013026444734e-02,-0.000000000000000000e+00,-0.000000000000000000e+00,0.000000000000000000e+00,-1.357987165722338574e-01,2.790625186291925686e-02,0.000000000000000000e+00,0.000000000000000000e+00,-4.678885437114119888e-02,-1.598340593651075003e-01,-5.455704068277542756e-02,-0.000000000000000000e+00,4.273157906675897205e-02,-4.320620697711682889e-02,-8.761768855761287167e-02,0.000000000000000000e+00,-8.362809187154934820e-02
0.000000000000000000e+00,-4.241318441765244002e-02,-0.000000000000000000e+00,-0.000000000000000000e+00,-0.000000000000000000e+00,-4.725416554438367084e-02,-0.000000000000000000e+00,0.000000000000000000e+00,-0.000000000000000000e+00,-0.000000000000000000e+00,-1.051984862195718129e-01,1.541844673380502906e+00,-4.300392499462403484e-02,-0.000000000000000000e+00,3.669167093957563519e-02,-0.000000000000000000e+00,0.000000000000000000e+00,-1.233416888470251771e-01,0.000000000000000000e+00,-1.268560496826377781e-01,0.000000000000000000e+00,-3.420575290600186974e-02,-9.147301395267559698e-02,-0.000000000000000000e+00,-0.000000000000000000e+00,2.225525480245412260e-02,-1.593706754218700283e-01,7.520006799896444306e-03,3.184199923679653654e-02,0.000000000000000000e+00,-1.287471106926268150e-01,-1.438423084134485830e-01,-5.273763143753138621e-02,-0.000000000000000000e+00,6.210072937417728672e-02,-4.115938558046140783e-02,-1.205748243162308025e-01,0.000000000000000000e+00,-1.129619014786408110e-01
1.002386603001081677e-01,-0.000000000000000000e+00,0.000000000000000000e+00,-0.000000000000000000e+00,-0.000000000000000000e+00,-8.686406012109150476e-02,-0.000000000000000000e+00,0.000000000000000000e+00,-0.000000000000000000e+00,-0.000000000000000000e+00,-4.354033744402558553e-02,-4.300392499462403484e-02,1.392550143816542407e+00,-0.000000000000000000e+00,3.987280036396077809e-02,0.000000000000000000e+00,0.000000000000000000e+00,-6.425871172824480955e-03,0.000000000000000000e+00,-4.593642948173039253e-02,0.000000000000000000e+00,-0.000000000000000000e+00,-0.000000000000000000e+00,-0.000000000000000000e+00,-0.000000000000000000e+00,1.355676108927832690e-01,-6.991533055279851305e-02,0.000000000000000000e+00,1.585826363411765583e-01,1.470829735107278824e-01,-0.000000000000000000e+00,-9.343552583896298780e-02,-0.000000000000000000e+00,0.000000000000000000e+00,8.696173584593903938e-02,-0.000000000000000000e+00,-7.382874390456491132e-02,9.568810170207626975e-02,-0.000000000000000000e+00
0.000000000000000000e+00,-1.097441548813387208e-01,-0.000000000000000000e+00,-0.000000000000000000e+00,-3.306235247083750411e-02,-0.000000000000000000e+00,-0.000000000000000000e+00,0.000000000000000000e+00,-0.000000000000000000e+00,-5.596267461204770810e-02,-8.460664426950033346e-02,-0.000000000000000000e+00,-0.000000000000000000e+00,1.308772990967860039e+00,0.000000000000000000e+00,-0.000000000000000000e+00,0.000000000000000000e+00,-8.989431253769424035e-02,0.000000000000000000e+00,-0.000000000000000000e+00,0.000000000000000000e+00,-5.802437740903347574e-02,-1.299328665125955851e-01,-1.587643572199245456e-01,-1.633636616795289820e-01,0.000000000000000000e+00,-0.000000000000000000e+00,0.000000000000000000e+00,0.000000000000000000e+00,0.000000000000000000e+00,-3.602423892842862574e-02,-0.000000000000000000e+00,-1.721554566890691473e-01,-0.000000000000000000e+00,0.000000000000000000e+00,-8.455147941785697702e-03,-0.000000000000000000e+00,0.000000000000000000e+00,-6.370704921727474157e-02
-1.029603459691159212e-02,0.000000000000000000e+00,-0.000000000000000000e+00,1.034283872415721617e-01,0.000000000000000000e+00,7.926092614271759706e-02,2.407554063182828444e-03,-0.000000000000000000e+00,0.000000000000000000e+00,0.000000000000000000e+00,0.000000000000000000e+00,3.669167093957563519e-02,3.987280036396077809e-02,0.000000000000000000e+00,1.530273939251173054e+00,-0.000000000000000000e+00,-0.000000000000000000e+00,0.000000000000000000e+00,-2.817956534323122139e-02,1.457199802956058443e-01,-1.502018672438687752e-01,0.000000000000000000e+00,0.000000000000000000e+00,0.000000000000000000e+00,0.000000000000000000e+00,-1.688820503628667147e-01,6.439340638779927906e-02,-7.870786106535401783e-02,-9.500945777666175429e-02,-1.428525284189940958e-01,2.265936777054473883e-02,3.362842597748188361e-02,0.000000000000000000e+00,-0.000000000000000000e+00,-8.343733948657267030e-02,0.000000000000000000e+00,8.661558756445392193e-02,-2.169228913055436248e-01,0.000000000000000000e+00
-0.000000000000000000e+00,-0.000000000000000000e+00,-4.899100473486971141e-02,-0.000000000000000000e+00,-3.308539443689804266e-02,-0.000000000000000000e+00,-0.000000000000000000e+00,0.000000000000000000e+00,-2.026895167423505284e-01,-3.045938696715221328e-01,-0.000000000000000000e+00,-0.000000000000000000e+00,0.000000000000000000e+00,-0.000000000000000000e+00,-0.000000000000000000e+00,1.184018516223809492e+00,-0.000000000000000000e+00,-0.000000000000000000e+00,-0.000000000000000000e+00,-0.000000000000000000e+00,-0.000000000000000000e+00,-0.000000000000000000e+00,-0.000000000000000000e+00,-0.000000000000000000e+00,-4.570362401473723052e-02,-0.000000000000000000e+00,-0.000000000000000000e+00,0.000000000000000000e+00,-0.000000000000000000e+00,-0.000000000000000000e+00,-0.000000000000000000e+00,-0.000000000000000000e+00,-0.000000000000000000e+00,-5.724361693384389521e-02,-0.000000000000000000e+00,-0.000000000000000000e+00,-0.000000000000000000e+00,-0.000000000000000000e+00,-0.000000000000000000e+00
-5.991005495679096321e-02,0.000000000000000000e+00,-0.000000000000000000e+00,0.000000000000000000e+00,-0.000000000000000000e+00,0.000000000000000000e+00,1.914952531872214647e-02,-0.000000000000000000e+00,-0.000000000000000000e+00,0.000000000000000000e+00,0.000000000000000000e+00,0.000000000000000000e+00,0.000000000000000000e+00,0.000000000000000000e+00,-0.000000000000000000e+00,-0.000000000000000000e+00,1.021242812427475499e+00,0.000000000000000000e+00,-1.107709760911602514e-03,0.000000000000000000e+00,-4.277816405024092994e-02,0.000000000000000000e+00,0.000000000000000000e+00,0.000000000000000000e+00,-0.000000000000000000e+00,-7.552934348322215552e-02,0.000000000000000000e+00,-0.000000000000000000e+00,-0.000000000000000000e+00,-0.000000000000000000e+00,0.000000000000000000e+00,0.000000000000000000e+00,0.000000000000000000e+00,-0.000000000000000000e+00,-0.000000000000000000e+00,0.000000000000000000e+00,0.000000000000000000e+00,-2.394744621267341084e-02,0.000000000000000000e+00
0.000000000000000000e+00,-7.996447925779721910e-02,-0.000000000000000000e+00,-1.391891053873858461e-02,-0.000000000000000000e+00,-1.167157229984848582e-01,-0.000000000000000000e+00,0.000000000000000000e+00,-0.000000000000000000e+00,-0.000000000000000000e+00,-1.020050436823453366e-01,-1.233416888470251771e-01,-6.425871172824480955e-03,-8.989431253769424035e-02,0.000000000000000000e+00,-0.000000000000000000e+00,0.000000000000000000e+00,1.451075316934244297e+00,0.000000000000000000e+00,-1.396388209836910699e-01,0.000000000000000000e+00,-1.417799009256225790e-02,-2.892930214850735274e-02,-8.439680377315787740e-02,-0.000000000000000000e+00,0.000000000000000000e+00,-1.110113542466059228e-01,6.228081764626437755e-02,0.000000000000000000e+00,0.000000000000000000e+00,-1.074464826853710891e-01,-9.449773301010226667e-02,-4.271964666755383860e-02,-0.000000000000000000e+00,0.000000000000000000e+00,-0.000000000000000000e+00,-1.329999126658716335e-01,4.893321138061274174e-03,-1.385220024014474291e-02
-9.639175918540050791e-02,0.000000000000000000e+00,-0.000000000000000000e+00,0.000000000000000000e+00,-0.000000000000000000e+00,0.000000000000000000e+00,0.000000000000000000e+00,-0.000000000000000000e+00,-0.000000000000000000e+00,-0.000000000000000000e+00,0.000000000000000000e+00,0.000000000000000000e+00,0.000000000000000000e+00,0.000000000000000000e+00,-2.817956534323122139e-02,-0.000000000000000000e+00,-1.107709760911602514e-03,0.000000000000000000e+00,1.070918880963808162e+00,0.000000000000000000e+00,-9.739052895057438708e-02,0.000000000000000000e+00,0.000000000000000000e+00,0.000000000000000000e+00,-0.000000000000000000e+00,-7.236596564160410749e-02,0.000000000000000000e+00,-0.000000000000000000e+00,-0.000000000000000000e+00,-8.496745674890819611e-02,0.000000000000000000e+00,0.000000000000000000e+00,0.000000000000000000e+00,-6.900113622255484025e-02,-0.000000000000000000e+00,0.000000000000000000e+00,0.000000000000000000e+00,-3.016410303265782897e-02,0.000000000000000000e+00
0.000000000000000000e+00,-1.313257971775030376e-02,-0.000000000000000000e+00,-3.158480212445947261e-02,-0.000000000000000000e+00,-6.255286896097367322e-02,-0.000000000000000000e+00,0.000000000000000000e+00,-0.000000000000000000e+00,-0.000000000000000000e+00,-2.899763535032756027e-03,-1.268560496826377781e-01,-4.593642948173039253e-02,-0.000000000000000000e+00,1.457199802956058443e-01,-0.000000000000000000e+00,0.000000000000000000e+00,-1.396388209836910699e-01,0.000000000000000000e+00,1.431723058252214908e+00,4.548524492727790830e-03,-0.000000000000000000e+00,-3.240978456478457032e-02,-9.114188556386527626e-03,-0.000000000000000000e+00,6.299240817743081977e-02,-9.082556498981189663e-02,6.048118241229317321e-02,0.000000000000000000e+00,0.000000000000000000e+00,-1.026194634649525705e-01,-9.548933959252348114e-02,-0.000000000000000000e+00,-0.000000000000000000e+00,0.000000000000000000e+00,-0.000000000000000000e+00,-1.071441672930515399e-01,4.372263205811958292e-02,-1.201152192428051740e-01
-7.311240782707172092e-02,0.000000000000000000e+00,-0.000000000000000000e+00,0.000000000000000000e+00,-0.000000000000000000e+00,0.000000000000000000e+00,0.000000000000000000e+00,-0.000000000000000000e+00,-0.000000000000000000e+00,0.000000000000000000e+00,0.000000000000000000e+00,0.000000000000000000e+00,0.000000000000000000e+00,0.000000000000000000e+00,-1.502018672438687752e-01,-0.000000000000000000e+00,-4.277816405024092994e-02,0.000000000000000000e+00,-9.739052895057438708e-02,4.548524492727790830e-03,1.210724287350918082e+00,0.000000000000000000e+00,0.000000000000000000e+00,0.000000000000000000e+00,0.000000000000000000e+00,-1.517216965273707474e-01,0.000000000000000000e+00,-1.891590428295091553e-01,-0.000000000000000000e+00,-0.000000000000000000e+00,0.000000000000000000e+00,0.000000000000000000e+00,0.000000000000000000e+00,-0.000000000000000000e+00,-0.000000000000000000e+00,0.000000000000000000e+00,0.000000000000000000e+00,-1.338963223321613938e-01,0.000000000000000000e+00
0.000000000000000000e+00,-8.831152813734919824e-03,-3.988721254538043354e-02,-0.000000000000000000e+00,-3.569194794534191750e-02,-0.000000000000000000e+00,-0.000000000000000000e+00,-0.000000000000000000e+00,-0.000000000000000000e+00,-0.000000000000000000e+00,-7.663426937022879692e-02,-3.420575290600186974e-02,-0.000000000000000000e+00,-5.802437740903347574e-02,0.000000000000000000e+00,-0.000000000000000000e+00,0.000000000000000000e+00,-1.417799009256225790e-02,0.000000000000000000e+00,-0.000000000000000000e+00,0.000000000000000000e+00,1.252406270707256075e+00,-1.411004020733526987e-01,-0.000000000000000000e+00,-0.000000000000000000e+00,0.000000000000000000e+00,-8.654744311499372456e-02,0.000000000000000000e+00,0.000000000000000000e+00,0.000000000000000000e+00,-3.710630916067705204e-02,-2.487808174533248998e-02,-3.037602625320695582e-01,-0.000000000000000000e+00,0.000000000000000000e+00,-7.607797389047118997e-02,-0.000000000000000000e+00,0.000000000000000000e+00,-1.094288978413104560e-02
0.000000000000000000e+00,-1.341060417312923969e-01,-0.000000000000000000e+00,-0.000000000000000000e+00,-2.853178417186573099e-02,-0.000000000000000000e+00,-0.000000000000000000e+00,-0.000000000000000000e+00,-8.210410140746988994e-02,-1.116990928960034657e-01,-7.423268013026444734e-02,-9.147301395267559698e-02,-0.000000000000000000e+00,-1.299328665125955851e-01,0.000000000000000000e+00,-0.000000000000000000e+00,0.000000000000000000e+00,-2.892930214850735274e-02,0.000000000000000000e+00,-3.240978456478457032e-02,0.000000000000000000e+00,-1.411004020733526987e-01,1.456923936276628195e+00,-8.170826860533281959e-04,-6.717448558016381188e-02,0.000000000000000000e+00,-4.129694731136699520e-02,0.000000000000000000e+00,0.000000000000000000e+00,0.000000000000000000e+00,-3.952813290940899310e-02,-6.478192409303780430e-02,-7.307173847124330546e-02,-0.000000000000000000e+00,0.000000000000000000e+00,-2.156565009578235437e-01,-0.000000000000000000e+00,0.000000000000000000e+00,-1.623936226445711339e-01
0.000000000000000000e+00,-1.208997748228158725e-01,-0.000000000000000000e+00,-0.000000000000000000e+00,-0.000000000000000000e+00,-2.133736265691593692e-02,-0.000000000000000000e+00,0.000000000000000000e+00,-0.000000000000000000e+00,-0.000000000000000000e+00,-0.000000000000000000e+00,-0.000000000000000000e+00,-0.000000000000000000e+00,-1.587643572199245456e-01,0.000000000000000000e+00,-0.000000000000000000e+00,0.000000000000000000e+00,-8.439680377315787740e-02,0.000000000000000000e+00,-9.114188556386527626e-03,0.000000000000000000e+00,-0.000000000000000000e+00,-8.170826860533281959e-04,1.196093871406290532e+00,-1.252782275137983015e-01,0.000000000000000000e+00,-0.000000000000000000e+00,0.000000000000000000e+00,0.000000000000000000e+00,0.000000000000000000e+00,-1.531509438528352585e-01,-0.000000000000000000e+00,-5.465720774589456765e-02,-0.000000000000000000e+00,0.000000000000000000e+00,-0.000000000000000000e+00,-6.954654545900419704e-02,0.000000000000000000e+00,-0.000000000000000000e+00
-0.000000000000000000e+00,-6.237208834888888914e-02,-6.563365138111078301e-02,-0.000000000000000000e+00,-7.449827371573307377e-02,-0.000000000000000000e+00,-0.000000000000000000e+00,0.000000000000000000e+00,-1.162472501546775033e-01,-1.479123766237641358e-01,-0.000000000000000000e+00,-0.000000000000000000e+00,-0.000000000000000000e+00,-1.633636616795289820e-01,0.000000000000000000e+00,-4.570362401473723052e-02,-0.000000000000000000e+00,-0.000000000000000000e+00,-0.000000000000000000e+00,-0.000000000000000000e+00,0.000000000000000000e+00,-0.000000000000000000e+00,-6.717448558016381188e-02,-1.252782275137983015e-01,1.198020665145523189e+00,0.000000000000000000e+00,-0.000000000000000000e+00,0.000000000000000000e+00,0.000000000000000000e+00,-0.000000000000000000e+00,-0.000000000000000000e+00,-0.000000000000000000e+00,-1.322842236301768545e-02,-0.000000000000000000e+00,0.000000000000000000e+00,-4.811778509555298539e-02,-0.000000000000000000e+00,0.000000000000000000e+00,-0.000000000000000000e+00
-1.178565891945429073e-01,0.000000000000000000e+00,-0.000000000000000000e+00,3.078654113208499979e-02,0.000000000000000000e+00,9.987899554366003185e-02,5.352713142869205964e-02,-0.000000000000000000e+00,0.000000000000000000e+00,0.000000000000000000e+00,0.000000000000000000e+00,2.225525480245412260e-02,1.355676108927832690e-01,0.000000000000000000e+00,-1.688820503628667147e-01,-0.000000000000000000e+00,-7.552934348322215552e-02,0.000000000000000000e+00,-7.236596564160410749e-02,6.299240817743081977e-02,-1.517216965273707474e-01,0.000000000000000000e+00,0.000000000000000000e+00,0.000000000000000000e+00,0.000000000000000000e+00,1.631116574208261838e+00,5.523914516618908671e-02,-7.913559347862125781e-02,-1.561223987373283051e-01,-1.235885479156746958e-01,6.157167545226709116e-03,1.004040764954182985e-01,0.000000000000000000e+00,-0.000000000000000000e+00,-1.204214570410878093e-01,0.000000000000000000e+00,8.781664110995530959e-02,-1.794392563482045400e-01,0.000000000000000000e+00
0.000000000000000000e+00,-5.794258275101813599e-02,-0.000000000000000000e+00,-3.187756571716399145e-02,-0.000000000000000000e+00,-7.558534655172738370e-02,-0.000000000000000000e+00,0.000000000000000000e+00,-0.000000000000000000e+00,-0.000000000000000000e+00,-1.357987165722338574e-01,-1.593706754218700283e-01,-6.991533055279851305e-02,-0.000000000000000000e+00,6.439340638779927906e-02,-0.000000000000000000e+00,0.000000000000000000e+00,-1.110113542466059228e-01,0.000000000000000000e+00,-9.082556498981189663e-02,0.000000000000000000e+00,-8.654744311499372456e-02,-4.129694731136699520e-02,-0.000000000000000000e+00,-0.000000000000000000e+00,5.523914516618908671e-02,1.659232029306440426e+00,0.000000000000000000e+00,4.974831031195175307e-02,2.441071157655645002e-03,-1.615773096776531581e-01,-1.528911588328805138e-01,-3.502823042685269256e-02,-0.000000000000000000e+00,9.296707078633978383e-02,-0.000000000000000000e+00,-1.560264118280714207e-01,1.373543262037168512e-02,-1.430509124658344011e-01
-0.000000000000000000e+00,0.000000000000000000e+00,0.000000000000000000e+00,0.000000000000000000e+00,0.000000000000000000e+00,1.178255992632582655e-01,0.000000000000000000e+00,-0.000000000000000000e+00,0.000000000000000000e+00,0.000000000000000000e+00,2.790625186291925686e-02,7.520006799896444306e-03,0.000000000000000000e+00,0.000000000000000000e+00,-7.870786106535401783e-02,0.000000000000000000e+00,-0.000000000000000000e+00,6.228081764626437755e-02,-0.000000000000000000e+00,6.048118241229317321e-02,-1.891590428295091553e-01,0.000000000000000000e+00,0.000000000000000000e+00,0.000000000000000000e+00,0.000000000000000000e+00,-7.913559347862125781e-02,0.000000000000000000e+00,1.203878796788379724e+00,-0.000000000000000000e+00,-0.000000000000000000e+00,4.551629145746582950e-02,4.873661983078832888e-02,0.000000000000000000e+00,-0.000000000000000000e+00,-0.000000000000000000e+00,0.000000000000000000e+00,5.073444569884437427e-02,-0.000000000000000000e+00,5.130212499947878202e-02
-4.034226587891308335e-02,0.000000000000000000e+00,-0.000000000000000000e+00,0.000000000000000000e+00,0.000000000000000000e+00,0.000000000000000000e+00,0.000000000000000000e+00,-0.000000000000000000e+00,0.000000000000000000e+00,0.000000000000000000e+00,0.000000000000000000e+00,3.184199923679653654e-02,1.585826363411765583e-01,0.000000000000000000e+00,-9.500945777666175429e-02,-0.000000000000000000e+00,-0.000000000000000000e+00,0.000000000000000000e+00,-0.000000000000000000e+00,0.000000000000000000e+00,-0.000000000000000000e+00,0.000000000000000000e+00,0.000000000000000000e+00,0.000000000000000000e+00,0.000000000000000000e+00,-1.561223987373283051e-01,4.974831031195175307e-02,-0.000000000000000000e+00,1.454057460759691001e+00,-2.365608601457922788e-01,0.000000000000000000e+00,4.880277255410957887e-02,0.000000000000000000e+00,-0.000000000000000000e+00,-3.125539333106397422e-01,0.000000000000000000e+00,0.000000000000000000e+00,-1.048409808088842377e-01,0.000000000000000000e+00
-1.531903690893630654e-01,0.000000000000000000e+00,-0.000000000000000000e+00,0.000000000000000000e+00,0.000000000000000000e+00,0.000000000000000000e+00,0.000000000000000000e+00,-0.000000000000000000e+00,-0.000000000000000000e+00,-0.000000000000000000e+00,0.000000000000000000e+00,0.000000000000000000e+00,1.470829735107278824e-01,0.000000000000000000e+00,-1.428525284189940958e-01,-0.000000000000000000e+00,-0.000000000000000000e+00,0.000000000000000000e+00,-8.496745674890819611e-02,0.000000000000000000e+00,-0.000000000000000000e+00,0.000000000000000000e+00,0.000000000000000000e+00,0.000000000000000000e+00,-0.000000000000000000e+00,-1.235885479156746958e-01,2.441071157655645002e-03,-0.000000000000000000e+00,-2.365608601457922788e-01,1.453169928408399869e+00,0.000000000000000000e+00,0.000000000000000000e+00,0.000000000000000000e+00,-0.000000000000000000e+00,-2.379835649338150061e-01,0.000000000000000000e+00,0.000000000000000000e+00,-1.624438365976492438e-01,0.000000000000000000e+00
0.000000000000000000e+00,-1.427322540056224776e-01,-0.000000000000000000e+00,-5.998278172008091047e-02,-0.000000000000000000e+00,-7.001247237686628044e-02,-6.321926779869538326e-02,0.000000000000000000e+00,-0.000000000000000000e+00,-0.000000000000000000e+00,-4.678885437114119888e-02,-1.287471106926268150e-01,-0.000000000000000000e+00,-3.602423892842862574e-02,2.265936777054473883e-02,-0.000000000000000000e+00,0.000000000000000000e+00,-1.074464826853710891e-01,0.000000000000000000e+00,-1.026194634649525705e-01,0.000000000000000000e+00,-3.710630916067705204e-02,-3.952813290940899310e-02,-1.531509438528352585e-01,-0.000000000000000000e+00,6.157167545226709116e-03,-1.615773096776531581e-01,4.551629145746582950e-02,0.000000000000000000e+00,0.000000000000000000e+00,1.586493656092253346e+00,-1.366485410673343448e-01,-2.640076789761457848e-02,-0.000000000000000000e+00,0.000000000000000000e+00,-0.000000000000000000e+00,-1.686157483801983825e-01,0.000000000000000000e+00,-1.323363834381064696e-01
0.000000000000000000e+00,-8.172183800787281849e-02,-0.000000000000000000e+00,-2.661425661823803648e-02,-0.000000000000000000e+00,-1.374859601428074785e-01,-0.000000000000000000e+00,0.000000000000000000e+00,-0.000000000000000000e+00,-0.000000000000000000e+00,-1.598340593651075003e-01,-1.438423084134485830e-01,-9.343552583896298780e-02,-0.000000000000000000e+00,3.362842597748188361e-02,-0.000000000000000000e+00,0.000000000000000000e+00,-9.449773301010226667e-02,0.000000000000000000e+00,-9.548933959252348114e-02,0.000000000000000000e+00,-2.487808174533248998e-02,-6.478192409303780430e-02,-0.000000000000000000e+00,-0.000000000000000000e+00,1.004040764954182985e-01,-1.528911588328805138e-01,4.873661983078832888e-02,4.880277255410957887e-02,0.000000000000000000e+00,-1.366485410673343448e-01,1.646328435293665127e+00,-3.523051919342914257e-02,-0.000000000000000000e+00,1.315865854244536309e-02,-0.000000000000000000e+00,-1.482800104447535572e-01,7.940905861904509408e-03,-9.914410753876573557e-02
0.000000000000000000e+00,-1.113860675375646925e-02,-0.000000000000000000e+00,-0.000000000000000000e+00,-0.000000000000000000e+00,-0.000000000000000000e+00,-0.000000000000000000e+00,-0.000000000000000000e+00,-0.000000000000000000e+00,-0.000000000000000000e+00,-5.455704068277542756e-02,-5.273763143753138621e-02,-0.000000000000000000e+00,-1.721554566890691473e-01,0.000000000000000000e+00,-0.000000000000000000e+00,0.000000000000000000e+00,-4.271964666755383860e-02,0.000000000000000000e+00,-0.000000000000000000e+00,0.000000000000000000e+00,-3.037602625320695582e-01,-7.307173847124330546e-02,-5.465720774589456765e-02,-1.322842236301768545e-02,0.000000000000000000e+00,-3.502823042685269256e-02,0.000000000000000000e+00,0.000000000000000000e+00,0.000000000000000000e+00,-2.640076789761457848e-02,-3.523051919342914257e-02,1.253158712370083805e+00,-0.000000000000000000e+00,0.000000000000000000e+00,-4.450950098494321772e-02,-3.881190457185594144e-03,0.000000000000000000e+00,-0.000000000000000000e+00
-0.000000000000000000e+00,-0.000000000000000000e+00,-3.296568475749103166e-01,-0.000000000000000000e+00,-1.155099788265429722e-01,0.000000000000000000e+00,0.000000000000000000e+00,-0.000000000000000000e+00,-2.226868806732525130e-01,-0.000000000000000000e+00,-0.000000000000000000e+00,-0.000000000000000000e+00,0.000000000000000000e+00,-0.000000000000000000e+00,-0.000000000000000000e+00,-5.724361693384389521e-02,-0.000000000000000000e+00,-0.000000000000000000e+00,-6.900113622255484025e-02,-0.000000000000000000e+00,-0.000000000000000000e+00,-0.000000000000000000e+00,-0.000000000000000000e+00,-0.000000000000000000e+00,-0.000000000000000000e+00,-0.000000000000000000e+00,-0.000000000000000000e+00,-0.000000000000000000e+00,-0.000000000000000000e+00,-0.000000000000000000e+00,-0.000000000000000000e+00,-0.000000000000000000e+00,-0.000000000000000000e+00,1.208375001338260368e+00,-0.000000000000000000e+00,-0.000000000000000000e+00,-0.000000000000000000e+00,-0.000000000000000000e+00,-0.000000000000000000e+00
-0.000000000000000000e+00,0.000000000000000000e+00,0.000000000000000000e+00,0.000000000000000000e+00,0.000000000000000000e+00,0.000000000000000000e+00,0.000000000000000000e+00,-0.000000000000000000e+00,0.000000000000000000e+00,0.000000000000000000e+00,4.273157906675897205e-02,6.210072937417728672e-02,8.696173584593903938e-02,0.000000000000000000e+00,-8.343733948657267030e-02,-0.000000000000000000e+00,-0.000000000000000000e+00,0.000000000000000000e+00,-0.000000000000000000e+00,0.000000000000000000e+00,-0.000000000000000000e+00,0.000000000000000000e+00,0.000000000000000000e+00,0.000000000000000000e+00,0.000000000000000000e+00,-1.204214570410878093e-01,9.296707078633978383e-02,-0.000000000000000000e+00,-3.125539333106397422e-01,-2.379835649338150061e-01,0.000000000000000000e+00,1.315865854244536309e-02,0.000000000000000000e+00,-0.000000000000000000e+00,1.398102081762810034e+00,0.000000000000000000e+00,0.000000000000000000e+00,-6.626841563758106846e-02,1.052984760502486371e-02
-0.000000000000000000e+00,-7.737633078963498945e-02,-0.000000000000000000e+00,-0.000000000000000000e+00,-7.195200768875738805e-03,-0.000000000000000000e+00,-0.000000000000000000e+00,-0.000000000000000000e+00,-9.039100573121547355e-02,-8.107800255782299237e-02,-4.320620697711682889e-02,-4.115938558046140783e-02,-0.000000000000000000e+00,-8.455147941785697702e-03,0.000000000000000000e+00,-0.000000000000000000e+00,0.000000000000000000e+00,-0.000000000000000000e+00,0.000000000000000000e+00,-0.000000000000000000e+00,0.000000000000000000e+00,-7.607797389047118997e-02,-2.156565009578235437e-01,-0.000000000000000000e+00,-4.811778509555298539e-02,0.000000000000000000e+00,-0.000000000000000000e+00,0.000000000000000000e+00,0.000000000000000000e+00,0.000000000000000000e+00,-0.000000000000000000e+00,-0.000000000000000000e+00,-4.450950098494321772e-02,-0.000000000000000000e+00,0.000000000000000000e+00,1.230299625665530305e+00,-0.000000000000000000e+00,0.000000000000000000e+00,-1.684609209366537408e-01
0.000000000000000000e+00,-1.288905674734744898e-02,-0.000000000000000000e+00,-2.527227529972037035e-02,-0.000000000000000000e+00,-1.737726791876915700e-01,-1.313743613025597154e-02,0.000000000000000000e+00,-0.000000000000000000e+00,-0.000000000000000000e+00,-8.761768855761287167e-02,-1.205748243162308025e-01,-7.382874390456491132e-02,-0.000000000000000000e+00,8.661558756445392193e-02,-0.000000000000000000e+00,0.000000000000000000e+00,-1.329999126658716335e-01,0.000000000000000000e+00,-1.071441672930515399e-01,0.000000000000000000e+00,-0.000000000000000000e+00,-0.000000000000000000e+00,-6.954654545900419704e-02,-0.000000000000000000e+00,8.781664110995530959e-02,-1.560264118280714207e-01,5.073444569884437427e-02,0.000000000000000000e+00,0.000000000000000000e+00,-1.686157483801983825e-01,-1.482800104447535572e-01,-3.881190457185594144e-03,-0.000000000000000000e+00,0.000000000000000000e+00,-0.000000000000000000e+00,1.622420599019908538e+00,1.013417491712612639e-01,-5.893798120249451461e-02
-1.656537988311974907e-01,0.000000000000000000e+00,-0.000000000000000000e+00,5.456397835205922114e-02,0.000000000000000000e+00,1.107108937859273973e-01,8.495449064337604050e-02,-0.000000000000000000e+00,-0.000000000000000000e+00,0.000000000000000000e+00,0.000000000000000000e+00,0.000000000000000000e+00,9.568810170207626975e-02,0.000000000000000000e+00,-2.169228913055436248e-01,-0.000000000000000000e+00,-2.394744621267341084e-02,4.893321138061274174e-03,-3.016410303265782897e-02,4.372263205811958292e-02,-1.338963223321613938e-01,0.000000000000000000e+00,0.000000000000000000e+00,0.000000000000000000e+00,0.000000000000000000e+00,-1.794392563482045400e-01,1.373543262037168512e-02,-0.000000000000000000e+00,-1.048409808088842377e-01,-1.624438365976492438e-01,0.000000000000000000e+00,7.940905861904509408e-03,0.000000000000000000e+00,-0.000000000000000000e+00,-6.626841563758106846e-02,0.000000000000000000e+00,1.013417491712612639e-01,1.525913586474430650e+00,0.000000000000000000e+00
0.000000000000000000e+00,-1.606285982615129615e-01,-0.000000000000000000e+00,-0.000000000000000000e+00,-0.000000000000000000e+00,-0.000000000000000000e+00,-0.000000000000000000e+00,0.000000000000000000e+00,-0.000000000000000000e+00,-4.745525477663171260e-02,-8.362809187154934820e-02,-1.129619014786408110e-01,-0.000000000000000000e+00,-6.370704921727474157e-02,0.000000000000000000e+00,-0.000000000000000000e+00,0.000000000000000000e+00,-1.385220024014474291e-02,0.000000000000000000e+00,-1.201152192428051740e-01,0.000000000000000000e+00,-1.094288978413104560e-02,-1.623936226445711339e-01,-0.000000000000000000e+00,-0.000000000000000000e+00,0.000000000000000000e+00,-1.430509124658344011e-01,5.130212499947878202e-02,0.000000000000000000e+00,0.000000000000000000e+00,-1.323363834381064696e-01,-9.914410753876573557e-02,-0.000000000000000000e+00,-0.000000000000000000e+00,1.052984760502486371e-02,-1.684609209366537408e-01,-5.893798120249451461e-02,0.000000000000000000e+00,1.487444601549686718e+00
