1.767675706253274859e+00,-2.862512734313207297e-01,-0.000000000000000000e+00,0.000000000000000000e+00,-0.000000000000000000e+00,-0.000000000000000000e+00,-0.000000000000000000e+00,0.000000000000000000e+00,-1.415714753908275947e-01,-0.000000000000000000e+00,-0.000000000000000000e+00,0.000000000000000000e+00,0.000000000000000000e+00,-0.000000000000000000e+00,0.000000000000000000e+00,-3.118507045382679643e-01,-1.763241420039557070e-02,-0.000000000000000000e+00,-0.000000000000000000e+00,0.000000000000000000e+00,-0.000000000000000000e+00,0.000000000000000000e+00,-0.000000000000000000e+00,-7.572917106872639748e-02,0.000000000000000000e+00,-0.000000000000000000e+00,-0.000000000000000000e+00,-0.000000000000000000e+00,-0.000000000000000000e+00,-1.801920204657270763e-01,-0.000000000000000000e+00,-0.000000000000000000e+00,-0.000000000000000000e+00,-1.393143123536883243e-01,-0.000000000000000000e+00,-3.586028752260508878e-01,-0.000000000000000000e+00,-2.091908419041969835e-02,-9.520747730038679746e-02
-2.862512734313207297e-01,2.074967597420322551e+00,0.000000000000000000e+00,-0.000000000000000000e+00,0.000000000000000000e+00,-0.000000000000000000e+00,-0.000000000000000000e+00,-0.000000000000000000e+00,-9.575687758026525664e-02,-0.000000000000000000e+00,-0.000000000000000000e+00,0.000000000000000000e+00,0.000000000000000000e+00,-0.000000000000000000e+00,0.000000000000000000e+00,-0.000000000000000000e+00,-0.000000000000000000e+00,0.000000000000000000e+00,-3.591306005874499441e-01,0.000000000000000000e+00,0.000000000000000000e+00,0.000000000000000000e+00,-0.000000000000000000e+00,-0.000000000000000000e+00,0.000000000000000000e+00,-0.000000000000000000e+00,0.000000000000000000e+00,-0.000000000000000000e+00,-0.000000000000000000e+00,-9.574335903860077546e-02,-0.000000000000000000e+00,-0.000000000000000000e+00,0.000000000000000000e+00,-0.000000000000000000e+00,-0.000000000000000000e+00,-1.069869471562262392e-01,-5.149213210443539523e-01,-0.000000000000000000e+00,-5.969090103548616577e-01
-0.000000000000000000e+00,0.000000000000000000e+00,3.238088992486602091e+00,-0.000000000000000000e+00,-5.641521042774927386e-01,-0.000000000000000000e+00,-0.000000000000000000e+00,1.325174668231867470e+00,-5.754926914382381929e-03,-1.138535995641520165e-01,-0.000000000000000000e+00,-0.000000000000000000e+00,-0.000000000000000000e+00,-0.000000000000000000e+00,0.000000000000000000e+00,-0.000000000000000000e+00,-0.000000000000000000e+00,-1.687389585457078900e-01,-0.000000000000000000e+00,-1.380662047759252942e-01,-3.982407230550817911e-01,-3.182874488101918864e-01,-0.000000000000000000e+00,-0.000000000000000000e+00,-0.000000000000000000e+00,0.000000000000000000e+00,-0.000000000000000000e+00,-0.000000000000000000e+00,-0.000000000000000000e+00,-0.000000000000000000e+00,-0.000000000000000000e+00,-0.000000000000000000e+00,-2.674493537768640739e-01,-1.097713991549944916e-02,-0.000000000000000000e+00,0.000000000000000000e+00,0.000000000000000000e+00,-1.000850929881682144e-01,-0.000000000000000000e+00
0.000000000000000000e+00,-0.000000000000000000e+00,-0.000000000000000000e+00,1.209738386393405918e+00,-0.000000000000000000e+00,-0.000000000000000000e+00,-5.147834985274762909e-02,0.000000000000000000e+00,-0.000000000000000000e+00,-0.000000000000000000e+00,0.000000000000000000e+00,-1.719683077275730998e-01,-0.000000000000000000e+00,-0.000000000000000000e+00,1.376893185308854517e-01,-0.000000000000000000e+00,-0.000000000000000000e+00,-8.570034015457116128e-02,0.000000000000000000e+00,-1.007195534375182888e-01,-0.000000000000000000e+00,-0.000000000000000000e+00,-0.000000000000000000e+00,-0.000000000000000000e+00,-0.000000000000000000e+00,0.000000000000000000e+00,0.000000000000000000e+00,0.000000000000000000e+00,-0.000000000000000000e+00,-0.000000000000000000e+00,0.000000000000000000e+00,-0.000000000000000000e+00,0.000000000000000000e+00,-0.000000000000000000e+00,-0.000000000000000000e+00,0.000000000000000000e+00,-0.000000000000000000e+00,-1.729116248000702460e-01,-3.388211377786629064e-02
-0.000000000000000000e+00,0.000000000000000000e+00,-5.641521042774927386e-01,-0.000000000000000000e+00,2.271797148959227020e+00,-0.000000000000000000e+00,-0.000000000000000000e+00,6.483307331365588677e-01,-0.000000000000000000e+00,-3.660238271759683193e-01,-0.000000000000000000e+00,-0.000000000000000000e+00,-0.000000000000000000e+00,-0.000000000000000000e+00,0.000000000000000000e+00,-0.000000000000000000e+00,-0.000000000000000000e+00,-0.000000000000000000e+00,-6.283714220644368020e-02,-5.457731129828938960e-02,-0.000000000000000000e+00,-0.000000000000000000e+00,-7.238385864828389415e-02,-0.000000000000000000e+00,-0.000000000000000000e+00,0.000000000000000000e+00,-7.624274102953645937e-02,-0.000000000000000000e+00,-0.000000000000000000e+00,-3.220362729723618561e-02,-0.000000000000000000e+00,-0.000000000000000000e+00,-0.000000000000000000e+00,-3.127760066985146858e-01,-0.000000000000000000e+00,-0.000000000000000000e+00,0.000000000000000000e+00,-2.850431009876471314e-02,-0.000000000000000000e+00
-0.000000000000000000e+00,-0.000000000000000000e+00,-0.000000000000000000e+00,-0.000000000000000000e+00,-0.000000000000000000e+00,1.419689304427781185e+00,-0.000000000000000000e+00,0.000000000000000000e+00,-0.000000000000000000e+00,-0.000000000000000000e+00,-4.124606776221519944e-01,-0.000000000000000000e+00,-0.000000000000000000e+00,-2.300573254668052958e-01,-0.000000000000000000e+00,-0.000000000000000000e+00,-1.758185621428181300e-01,0.000000000000000000e+00,-0.000000000000000000e+00,-0.000000000000000000e+00,-0.000000000000000000e+00,-6.287336079925094634e-02,-0.000000000000000000e+00,0.000000000000000000e+00,-0.000000000000000000e+00,-0.000000000000000000e+00,0.000000000000000000e+00,-7.062987367556020080e-02,-1.569535561111031624e-02,-0.000000000000000000e+00,-0.000000000000000000e+00,-0.000000000000000000e+00,-0.000000000000000000e+00,-0.000000000000000000e+00,0.000000000000000000e+00,0.000000000000000000e+00,-0.000000000000000000e+00,0.000000000000000000e+00,-0.000000000000000000e+00
-0.000000000000000000e+00,-0.000000000000000000e+00,-0.000000000000000000e+00,-5.147834985274762909e-02,-0.000000000000000000e+00,-0.000000000000000000e+00,1.779627973271340258e+00,0.000000000000000000e+00,-0.000000000000000000e+00,-9.824649722194242485e-02,-2.094699089277214654e-02,-0.000000000000000000e+00,-6.494905317031898773e-02,-2.628714156147048397e-01,-0.000000000000000000e+00,-0.000000000000000000e+00,-0.000000000000000000e+00,-0.000000000000000000e+00,-0.000000000000000000e+00,-1.118145547946212542e-01,-0.000000000000000000e+00,-1.587582784087610555e-01,-2.621275251359362901e-01,-0.000000000000000000e+00,-1.114786875571255852e-02,-0.000000000000000000e+00,-0.000000000000000000e+00,-4.357954211328076560e-02,-0.000000000000000000e+00,-1.072478403140306735e-01,-0.000000000000000000e+00,-1.475264132420863183e-01,-0.000000000000000000e+00,-0.000000000000000000e+00,-0.000000000000000000e+00,-0.000000000000000000e+00,-2.019666563487544989e-02,-3.086764518495868290e-02,-3.079036260761955912e-01
0.000000000000000000e+00,-0.000000000000000000e+00,1.325174668231867470e+00,0.000000000000000000e+00,6.483307331365588677e-01,0.000000000000000000e+00,0.000000000000000000e+00,2.826282396436006650e+00,0.000000000000000000e+00,0.000000000000000000e+00,-0.000000000000000000e+00,0.000000000000000000e+00,0.000000000000000000e+00,0.000000000000000000e+00,-3.581384980086738112e-02,0.000000000000000000e+00,0.000000000000000000e+00,0.000000000000000000e+00,0.000000000000000000e+00,0.000000000000000000e+00,3.143165234893789406e-01,0.000000000000000000e+00,0.000000000000000000e+00,0.000000000000000000e+00,0.000000000000000000e+00,-0.000000000000000000e+00,9.657448351381137108e-02,-0.000000000000000000e+00,0.000000000000000000e+00,0.000000000000000000e+00,0.000000000000000000e+00,0.000000000000000000e+00,2.771478163026029340e-01,0.000000000000000000e+00,0.000000000000000000e+00,-0.000000000000000000e+00,-0.000000000000000000e+00,0.000000000000000000e+00,-0.000000000000000000e+00
-1.415714753908275947e-01,-9.575687758026525664e-02,-5.754926914382381929e-03,-0.000000000000000000e+00,-0.000000000000000000e+00,-0.000000000000000000e+00,-0.000000000000000000e+00,0.000000000000000000e+00,2.592096009689039970e+00,-9.549521975607566660e-02,-0.000000000000000000e+00,-0.000000000000000000e+00,-0.000000000000000000e+00,-0.000000000000000000e+00,1.449312606236487777e-01,-7.218101978313329857e-03,-1.069047286765938652e-02,-6.730534313279096237e-02,-0.000000000000000000e+00,-0.000000000000000000e+00,-0.000000000000000000e+00,-0.000000000000000000e+00,-0.000000000000000000e+00,-1.896844399851245477e-02,0.000000000000000000e+00,-0.000000000000000000e+00,0.000000000000000000e+00,-0.000000000000000000e+00,-0.000000000000000000e+00,-5.914593848352660554e-01,-0.000000000000000000e+00,-0.000000000000000000e+00,-0.000000000000000000e+00,-8.633615731606020249e-01,-0.000000000000000000e+00,-0.000000000000000000e+00,-0.000000000000000000e+00,-9.153422992906290467e-02,-5.431243424684083498e-01
-0.000000000000000000e+00,-0.000000000000000000e+00,-1.138535995641520165e-01,-0.000000000000000000e+00,-3.660238271759683193e-01,-0.000000000000000000e+00,-9.824649722194242485e-02,0.000000000000000000e+00,-9.549521975607566660e-02,2.409909209160511878e+00,-0.000000000000000000e+00,-0.000000000000000000e+00,-0.000000000000000000e+00,-0.000000000000000000e+00,1.029507292033168403e-01,-6.303227228456566023e-01,-9.684605741599284362e-03,-3.871667397233242158e-01,-0.000000000000000000e+00,-0.000000000000000000e+00,-0.000000000000000000e+00,-0.000000000000000000e+00,-5.061712834751858070e-01,-7.649587255466369640e-02,-0.000000000000000000e+00,-0.000000000000000000e+00,-0.000000000000000000e+00,-0.000000000000000000e+00,0.000000000000000000e+00,-4.200493640079182300e-02,-0.000000000000000000e+00,-0.000000000000000000e+00,-0.000000000000000000e+00,-0.000000000000000000e+00,-0.000000000000000000e+00,0.000000000000000000e+00,-0.000000000000000000e+00,-1.396513505934189048e-01,-0.000000000000000000e+00
-0.000000000000000000e+00,-0.000000000000000000e+00,-0.000000000000000000e+00,0.000000000000000000e+00,-0.000000000000000000e+00,-4.124606776221519944e-01,-2.094699089277214654e-02,-0.000000000000000000e+00,-0.000000000000000000e+00,-0.000000000000000000e+00,2.335903277773529130e+00,0.000000000000000000e+00,-0.000000000000000000e+00,-7.360177730235402394e-02,-0.000000000000000000e+00,-0.000000000000000000e+00,-6.611618021413919744e-01,0.000000000000000000e+00,-0.000000000000000000e+00,-0.000000000000000000e+00,-0.000000000000000000e+00,-0.000000000000000000e+00,-0.000000000000000000e+00,-0.000000000000000000e+00,-0.000000000000000000e+00,-1.296093163534557113e-01,-0.000000000000000000e+00,-1.981825238493546970e-01,-9.871894329950575697e-02,-0.000000000000000000e+00,-7.315746538945658850e-01,-1.050372372296331236e-01,-0.000000000000000000e+00,-0.000000000000000000e+00,-0.000000000000000000e+00,-0.000000000000000000e+00,-0.000000000000000000e+00,0.000000000000000000e+00,-0.000000000000000000e+00
0.000000000000000000e+00,0.000000000000000000e+00,-0.000000000000000000e+00,-1.719683077275730998e-01,-0.000000000000000000e+00,-0.000000000000000000e+00,-0.000000000000000000e+00,0.000000000000000000e+00,-0.000000000000000000e+00,-0.000000000000000000e+00,0.000000000000000000e+00,1.610367316810403793e+00,-4.362545808916311607e-01,-0.000000000000000000e+00,0.000000000000000000e+00,0.000000000000000000e+00,0.000000000000000000e+00,-4.435914643933930313e-01,2.480271470897904840e-01,-2.064045053445263955e-01,-0.000000000000000000e+00,-1.658060213347923584e-01,-0.000000000000000000e+00,-3.987112942395467513e-02,-0.000000000000000000e+00,-0.000000000000000000e+00,0.000000000000000000e+00,-0.000000000000000000e+00,0.000000000000000000e+00,-0.000000000000000000e+00,0.000000000000000000e+00,0.000000000000000000e+00,-0.000000000000000000e+00,-0.000000000000000000e+00,0.000000000000000000e+00,2.185826674415252691e-01,0.000000000000000000e+00,-0.000000000000000000e+00,-0.000000000000000000e+00
0.000000000000000000e+00,0.000000000000000000e+00,-0.000000000000000000e+00,-0.000000000000000000e+00,-0.000000000000000000e+00,-0.000000000000000000e+00,-6.494905317031898773e-02,0.000000000000000000e+00,-0.000000000000000000e+00,-0.000000000000000000e+00,-0.000000000000000000e+00,-4.362545808916311607e-01,1.995330858334768420e+00,-3.382312738768876170e-01,-0.000000000000000000e+00,-0.000000000000000000e+00,-0.000000000000000000e+00,-0.000000000000000000e+00,0.000000000000000000e+00,-0.000000000000000000e+00,-0.000000000000000000e+00,-8.696740651710573033e-02,-0.000000000000000000e+00,-0.000000000000000000e+00,-3.249790731253750509e-01,-5.475982624355136830e-01,-0.000000000000000000e+00,-8.029123111663243051e-02,-9.206115863180301673e-02,-0.000000000000000000e+00,-0.000000000000000000e+00,-0.000000000000000000e+00,-0.000000000000000000e+00,-0.000000000000000000e+00,-0.000000000000000000e+00,0.000000000000000000e+00,-0.000000000000000000e+00,-0.000000000000000000e+00,0.000000000000000000e+00
-0.000000000000000000e+00,-0.000000000000000000e+00,-0.000000000000000000e+00,-0.000000000000000000e+00,-0.000000000000000000e+00,-2.300573254668052958e-01,-2.628714156147048397e-01,0.000000000000000000e+00,-0.000000000000000000e+00,-0.000000000000000000e+00,-7.360177730235402394e-02,-0.000000000000000000e+00,-3.382312738768876170e-01,2.292687650021514756e+00,-0.000000000000000000e+00,-0.000000000000000000e+00,-6.044879318345974112e-02,-0.000000000000000000e+00,-0.000000000000000000e+00,-0.000000000000000000e+00,-0.000000000000000000e+00,-1.078013628093847237e-01,-4.664391855642421869e-01,-1.318537938627381001e-01,-1.443776391960827354e-01,-2.598849549766467093e-01,-0.000000000000000000e+00,-2.825964785812530300e-01,-1.024271535216893653e-01,-0.000000000000000000e+00,-0.000000000000000000e+00,-0.000000000000000000e+00,-0.000000000000000000e+00,-0.000000000000000000e+00,-0.000000000000000000e+00,-0.000000000000000000e+00,-3.298607664215560259e-02,-0.000000000000000000e+00,-0.000000000000000000e+00
0.000000000000000000e+00,0.000000000000000000e+00,0.000000000000000000e+00,1.376893185308854517e-01,0.000000000000000000e+00,-0.000000000000000000e+00,-0.000000000000000000e+00,-3.581384980086738112e-02,1.449312606236487777e-01,1.029507292033168403e-01,-0.000000000000000000e+00,0.000000000000000000e+00,-0.000000000000000000e+00,-0.000000000000000000e+00,1.456786899752531728e+00,9.937394393744605758e-02,0.000000000000000000e+00,3.630813395778464403e-01,0.000000000000000000e+00,0.000000000000000000e+00,0.000000000000000000e+00,0.000000000000000000e+00,0.000000000000000000e+00,0.000000000000000000e+00,-0.000000000000000000e+00,-0.000000000000000000e+00,-0.000000000000000000e+00,0.000000000000000000e+00,-2.743436673333459960e-02,0.000000000000000000e+00,-0.000000000000000000e+00,-0.000000000000000000e+00,0.000000000000000000e+00,0.000000000000000000e+00,-0.000000000000000000e+00,-0.000000000000000000e+00,-0.000000000000000000e+00,2.804754481547131473e-01,0.000000000000000000e+00
-3.118507045382679643e-01,-0.000000000000000000e+00,-0.000000000000000000e+00,-0.000000000000000000e+00,-0.000000000000000000e+00,-0.000000000000000000e+00,-0.000000000000000000e+00,0.000000000000000000e+00,-7.218101978313329857e-03,-6.303227228456566023e-01,-0.000000000000000000e+00,0.000000000000000000e+00,-0.000000000000000000e+00,-0.000000000000000000e+00,9.937394393744605758e-02,2.394903567767735719e+00,-3.183704679761294454e-01,-0.000000000000000000e+00,-0.000000000000000000e+00,-0.000000000000000000e+00,-0.000000000000000000e+00,-0.000000000000000000e+00,-1.462313456448229854e-01,-3.929025393698786645e-02,-0.000000000000000000e+00,-1.734619990987987248e-01,-0.000000000000000000e+00,-2.058763437181495570e-01,-0.000000000000000000e+00,-5.097051570052363312e-01,-0.000000000000000000e+00,-0.000000000000000000e+00,-4.116393246579554827e-02,-0.000000000000000000e+00,-0.000000000000000000e+00,-0.000000000000000000e+00,-0.000000000000000000e+00,-3.259440953705773636e-02,-0.000000000000000000e+00
-1.763241420039557070e-02,-0.000000000000000000e+00,-0.000000000000000000e+00,-0.000000000000000000e+00,-0.000000000000000000e+00,-1.758185621428181300e-01,-0.000000000000000000e+00,0.000000000000000000e+00,-1.069047286765938652e-02,-9.684605741599284362e-03,-6.611618021413919744e-01,0.000000000000000000e+00,-0.000000000000000000e+00,-6.044879318345974112e-02,0.000000000000000000e+00,-3.183704679761294454e-01,2.134804121460969206e+00,0.000000000000000000e+00,-0.000000000000000000e+00,-0.000000000000000000e+00,-0.000000000000000000e+00,-0.000000000000000000e+00,-2.135056648337347804e-02,-0.000000000000000000e+00,-0.000000000000000000e+00,-2.029587175447638558e-01,-0.000000000000000000e+00,-7.342595435773192902e-02,-0.000000000000000000e+00,-3.642216319433570493e-01,-8.378998372088317104e-03,-1.870298108052457497e-01,-0.000000000000000000e+00,-0.000000000000000000e+00,-0.000000000000000000e+00,-0.000000000000000000e+00,-0.000000000000000000e+00,-0.000000000000000000e+00,-0.000000000000000000e+00
-0.000000000000000000e+00,0.000000000000000000e+00,-1.687389585457078900e-01,-8.570034015457116128e-02,-0.000000000000000000e+00,0.000000000000000000e+00,-0.000000000000000000e+00,0.000000000000000000e+00,-6.730534313279096237e-02,-3.871667397233242158e-01,0.000000000000000000e+00,-4.435914643933930313e-01,-0.000000000000000000e+00,-0.000000000000000000e+00,3.630813395778464403e-01,-0.000000000000000000e+00,0.000000000000000000e+00,1.736434543249738338e+00,0.000000000000000000e+00,-1.065653613035098118e-02,-0.000000000000000000e+00,-0.000000000000000000e+00,-0.000000000000000000e+00,-1.364562024871997792e-01,-0.000000000000000000e+00,0.000000000000000000e+00,0.000000000000000000e+00,-0.000000000000000000e+00,0.000000000000000000e+00,-0.000000000000000000e+00,0.000000000000000000e+00,1.100496951389998423e-01,-0.000000000000000000e+00,-0.000000000000000000e+00,0.000000000000000000e+00,0.000000000000000000e+00,0.000000000000000000e+00,-5.652332726197838164e-02,-4.660829900331098924e-02
-0.000000000000000000e+00,-3.591306005874499441e-01,-0.000000000000000000e+00,0.000000000000000000e+00,-6.283714220644368020e-02,-0.000000000000000000e+00,-0.000000000000000000e+00,0.000000000000000000e+00,-0.000000000000000000e+00,-0.000000000000000000e+00,-0.000000000000000000e+00,2.480271470897904840e-01,0.000000000000000000e+00,-0.000000000000000000e+00,0.000000000000000000e+00,-0.000000000000000000e+00,-0.000000000000000000e+00,0.000000000000000000e+00,1.786625710647405496e+00,-0.000000000000000000e+00,-0.000000000000000000e+00,-0.000000000000000000e+00,-0.000000000000000000e+00,0.000000000000000000e+00,-0.000000000000000000e+00,-0.000000000000000000e+00,-6.979189070436267461e-02,-0.000000000000000000e+00,-0.000000000000000000e+00,-0.000000000000000000e+00,-8.954005631134416554e-02,-3.496880832501944036e-01,-0.000000000000000000e+00,-4.658761077770054992e-01,-0.000000000000000000e+00,-2.414275165819892155e-01,-0.000000000000000000e+00,-0.000000000000000000e+00,-0.000000000000000000e+00
0.000000000000000000e+00,0.000000000000000000e+00,-1.380662047759252942e-01,-1.007195534375182888e-01,-5.457731129828938960e-02,-0.000000000000000000e+00,-1.118145547946212542e-01,0.000000000000000000e+00,-0.000000000000000000e+00,-0.000000000000000000e+00,-0.000000000000000000e+00,-2.064045053445263955e-01,-0.000000000000000000e+00,-0.000000000000000000e+00,0.000000000000000000e+00,-0.000000000000000000e+00,-0.000000000000000000e+00,-1.065653613035098118e-02,-0.000000000000000000e+00,1.788331589128613119e+00,-0.000000000000000000e+00,-5.147381088380690306e-01,-2.394608513134872385e-01,-0.000000000000000000e+00,-2.470028515932242152e-01,-0.000000000000000000e+00,-0.000000000000000000e+00,-0.000000000000000000e+00,-0.000000000000000000e+00,-0.000000000000000000e+00,-0.000000000000000000e+00,-0.000000000000000000e+00,-3.390208465538769016e-03,-0.000000000000000000e+00,-0.000000000000000000e+00,0.000000000000000000e+00,0.000000000000000000e+00,-0.000000000000000000e+00,-0.000000000000000000e+00
-0.000000000000000000e+00,0.000000000000000000e+00,-3.982407230550817911e-01,-0.000000000000000000e+00,-0.000000000000000000e+00,-0.000000000000000000e+00,-0.000000000000000000e+00,3.143165234893789406e-01,-0.000000000000000000e+00,-0.000000000000000000e+00,-0.000000000000000000e+00,-0.000000000000000000e+00,-0.000000000000000000e+00,-0.000000000000000000e+00,0.000000000000000000e+00,-0.000000000000000000e+00,-0.000000000000000000e+00,-0.000000000000000000e+00,-0.000000000000000000e+00,-0.000000000000000000e+00,2.413330972414679643e+00,-7.758265405018248684e-01,-0.000000000000000000e+00,-0.000000000000000000e+00,-0.000000000000000000e+00,-0.000000000000000000e+00,-0.000000000000000000e+00,-0.000000000000000000e+00,-0.000000000000000000e+00,-0.000000000000000000e+00,-0.000000000000000000e+00,-0.000000000000000000e+00,-6.877187559284959617e-01,-0.000000000000000000e+00,-0.000000000000000000e+00,0.000000000000000000e+00,0.000000000000000000e+00,-0.000000000000000000e+00,-0.000000000000000000e+00
0.000000000000000000e+00,0.000000000000000000e+00,-3.182874488101918864e-01,-0.000000000000000000e+00,-0.000000000000000000e+00,-6.287336079925094634e-02,-1.587582784087610555e-01,0.000000000000000000e+00,-0.000000000000000000e+00,-0.000000000000000000e+00,-0.000000000000000000e+00,-1.658060213347923584e-01,-8.696740651710573033e-02,-1.078013628093847237e-01,0.000000000000000000e+00,-0.000000000000000000e+00,-0.000000000000000000e+00,-0.000000000000000000e+00,-0.000000000000000000e+00,-5.147381088380690306e-01,-7.758265405018248684e-01,2.603986788844165901e+00,-9.081419211137237157e-02,-0.000000000000000000e+00,-1.187594290872368424e-01,-0.000000000000000000e+00,-0.000000000000000000e+00,-6.703214794201751980e-02,-0.000000000000000000e+00,-0.000000000000000000e+00,-0.000000000000000000e+00,-0.000000000000000000e+00,-3.342194260589091970e-01,-0.000000000000000000e+00,-0.000000000000000000e+00,0.000000000000000000e+00,0.000000000000000000e+00,-0.000000000000000000e+00,-0.000000000000000000e+00
-0.000000000000000000e+00,-0.000000000000000000e+00,-0.000000000000000000e+00,-0.000000000000000000e+00,-7.238385864828389415e-02,-0.000000000000000000e+00,-2.621275251359362901e-01,0.000000000000000000e+00,-0.000000000000000000e+00,-5.061712834751858070e-01,-0.000000000000000000e+00,-0.000000000000000000e+00,-0.000000000000000000e+00,-4.664391855642421869e-01,0.000000000000000000e+00,-1.462313456448229854e-01,-2.135056648337347804e-02,-0.000000000000000000e+00,-0.000000000000000000e+00,-2.394608513134872385e-01,-0.000000000000000000e+00,-9.081419211137237157e-02,2.508336497141527399e+00,-2.813148201939005486e-02,-5.426595120423616248e-01,-0.000000000000000000e+00,-0.000000000000000000e+00,-0.000000000000000000e+00,-0.000000000000000000e+00,-0.000000000000000000e+00,-0.000000000000000000e+00,-0.000000000000000000e+00,-6.175764448515549260e-02,-0.000000000000000000e+00,-1.057547080389559940e-01,-0.000000000000000000e+00,-0.000000000000000000e+00,-1.575326348051225289e-01,-0.000000000000000000e+00
-7.572917106872639748e-02,-0.000000000000000000e+00,-0.000000000000000000e+00,-0.000000000000000000e+00,-0.000000000000000000e+00,0.000000000000000000e+00,-0.000000000000000000e+00,0.000000000000000000e+00,-1.896844399851245477e-02,-7.649587255466369640e-02,-0.000000000000000000e+00,-3.987112942395467513e-02,-0.000000000000000000e+00,-1.318537938627381001e-01,0.000000000000000000e+00,-3.929025393698786645e-02,-0.000000000000000000e+00,-1.364562024871997792e-01,0.000000000000000000e+00,-0.000000000000000000e+00,-0.000000000000000000e+00,-0.000000000000000000e+00,-2.813148201939005486e-02,1.237702099322544935e+00,-0.000000000000000000e+00,-1.082406647609846090e-01,-0.000000000000000000e+00,-0.000000000000000000e+00,0.000000000000000000e+00,-1.062964150457301749e-01,-0.000000000000000000e+00,0.000000000000000000e+00,-0.000000000000000000e+00,-0.000000000000000000e+00,-0.000000000000000000e+00,0.000000000000000000e+00,-0.000000000000000000e+00,-1.667566470449695012e-02,-0.000000000000000000e+00
0.000000000000000000e+00,0.000000000000000000e+00,-0.000000000000000000e+00,-0.000000000000000000e+00,-0.000000000000000000e+00,-0.000000000000000000e+00,-1.114786875571255852e-02,0.000000000000000000e+00,0.000000000000000000e+00,-0.000000000000000000e+00,-0.000000000000000000e+00,-0.000000000000000000e+00,-3.249790731253750509e-01,-1.443776391960827354e-01,-0.000000000000000000e+00,-0.000000000000000000e+00,-0.000000000000000000e+00,-0.000000000000000000e+00,-0.000000000000000000e+00,-2.470028515932242152e-01,-0.000000000000000000e+00,-1.187594290872368424e-01,-5.426595120423616248e-01,-0.000000000000000000e+00,2.085591583526561266e+00,-0.000000000000000000e+00,-0.000000000000000000e+00,-0.000000000000000000e+00,-1.138160361737126786e-01,-0.000000000000000000e+00,-1.165823638717550376e-01,-0.000000000000000000e+00,-3.316770805933524358e-01,-0.000000000000000000e+00,-1.637013338997773959e-01,-0.000000000000000000e+00,-0.000000000000000000e+00,-0.000000000000000000e+00,0.000000000000000000e+00
-0.000000000000000000e+00,-0.000000000000000000e+00,0.000000000000000000e+00,0.000000000000000000e+00,0.000000000000000000e+00,-0.000000000000000000e+00,-0.000000000000000000e+00,-0.000000000000000000e+00,-0.000000000000000000e+00,-0.000000000000000000e+00,-1.296093163534557113e-01,-0.000000000000000000e+00,-5.475982624355136830e-01,-2.598849549766467093e-01,-0.000000000000000000e+00,-1.734619990987987248e-01,-2.029587175447638558e-01,0.000000000000000000e+00,-0.000000000000000000e+00,-0.000000000000000000e+00,-0.000000000000000000e+00,-0.000000000000000000e+00,-0.000000000000000000e+00,-1.082406647609846090e-01,-0.000000000000000000e+00,2.154814498447525040e+00,-0.000000000000000000e+00,-5.668649315725793336e-01,-1.608138670218434430e-01,-0.000000000000000000e+00,-3.232877068910048560e-03,-0.000000000000000000e+00,-0.000000000000000000e+00,-0.000000000000000000e+00,-0.000000000000000000e+00,-0.000000000000000000e+00,-0.000000000000000000e+00,-0.000000000000000000e+00,-0.000000000000000000e+00
-0.000000000000000000e+00,0.000000000000000000e+00,-0.000000000000000000e+00,0.000000000000000000e+00,-7.624274102953645937e-02,0.000000000000000000e+00,-0.000000000000000000e+00,9.657448351381137108e-02,0.000000000000000000e+00,-0.000000000000000000e+00,-0.000000000000000000e+00,0.000000000000000000e+00,-0.000000000000000000e+00,-0.000000000000000000e+00,-0.000000000000000000e+00,-0.000000000000000000e+00,-0.000000000000000000e+00,0.000000000000000000e+00,-6.979189070436267461e-02,-0.000000000000000000e+00,-0.000000000000000000e+00,-0.000000000000000000e+00,-0.000000000000000000e+00,-0.000000000000000000e+00,-0.000000000000000000e+00,-0.000000000000000000e+00,1.694790497129488926e+00,0.000000000000000000e+00,-0.000000000000000000e+00,-0.000000000000000000e+00,-4.249972433008384898e-01,-5.781284112944335973e-01,-0.000000000000000000e+00,-0.000000000000000000e+00,-7.969123696260430045e-02,-1.236283658388160206e-01,0.000000000000000000e+00,-0.000000000000000000e+00,0.000000000000000000e+00
-0.000000000000000000e+00,-0.000000000000000000e+00,-0.000000000000000000e+00,0.000000000000000000e+00,-0.000000000000000000e+00,-7.062987367556020080e-02,-4.357954211328076560e-02,-0.000000000000000000e+00,-0.000000000000000000e+00,-0.000000000000000000e+00,-1.981825238493546970e-01,-0.000000000000000000e+00,-8.029123111663243051e-02,-2.825964785812530300e-01,0.000000000000000000e+00,-2.058763437181495570e-01,-7.342595435773192902e-02,-0.000000000000000000e+00,-0.000000000000000000e+00,-0.000000000000000000e+00,-0.000000000000000000e+00,-6.703214794201751980e-02,-0.000000000000000000e+00,-0.000000000000000000e+00,-0.000000000000000000e+00,-5.668649315725793336e-01,0.000000000000000000e+00,1.916325724987637757e+00,-0.000000000000000000e+00,-3.493852926082416377e-02,-7.814609112262818624e-02,0.000000000000000000e+00,-8.987615100322458861e-02,-0.000000000000000000e+00,0.000000000000000000e+00,0.000000000000000000e+00,-0.000000000000000000e+00,-0.000000000000000000e+00,-0.000000000000000000e+00
-0.000000000000000000e+00,-0.000000000000000000e+00,-0.000000000000000000e+00,-0.000000000000000000e+00,-0.000000000000000000e+00,-1.569535561111031624e-02,-0.000000000000000000e+00,0.000000000000000000e+00,-0.000000000000000000e+00,0.000000000000000000e+00,-9.871894329950575697e-02,0.000000000000000000e+00,-9.206115863180301673e-02,-1.024271535216893653e-01,-2.743436673333459960e-02,-0.000000000000000000e+00,-0.000000000000000000e+00,0.000000000000000000e+00,-0.000000000000000000e+00,-0.000000000000000000e+00,-0.000000000000000000e+00,-0.000000000000000000e+00,-0.000000000000000000e+00,0.000000000000000000e+00,-1.138160361737126786e-01,-1.608138670218434430e-01,-0.000000000000000000e+00,-0.000000000000000000e+00,1.720028707907657051e+00,-0.000000000000000000e+00,-0.000000000000000000e+00,-3.822086913042640477e-01,-0.000000000000000000e+00,0.000000000000000000e+00,-1.465557528269409437e-01,-1.679236183937342919e-01,-3.219407669568064567e-01,0.000000000000000000e+00,0.000000000000000000e+00
-1.801920204657270763e-01,-9.574335903860077546e-02,-0.000000000000000000e+00,-0.000000000000000000e+00,-3.220362729723618561e-02,-0.000000000000000000e+00,-1.072478403140306735e-01,0.000000000000000000e+00,-5.914593848352660554e-01,-4.200493640079182300e-02,-0.000000000000000000e+00,-0.000000000000000000e+00,-0.000000000000000000e+00,-0.000000000000000000e+00,0.000000000000000000e+00,-5.097051570052363312e-01,-3.642216319433570493e-01,-0.000000000000000000e+00,-0.000000000000000000e+00,-0.000000000000000000e+00,-0.000000000000000000e+00,-0.000000000000000000e+00,-0.000000000000000000e+00,-1.062964150457301749e-01,-0.000000000000000000e+00,-0.000000000000000000e+00,-0.000000000000000000e+00,-3.493852926082416377e-02,-0.000000000000000000e+00,2.618372094780940351e+00,-0.000000000000000000e+00,-0.000000000000000000e+00,-0.000000000000000000e+00,-3.819722067024333145e-01,-0.000000000000000000e+00,-0.000000000000000000e+00,-0.000000000000000000e+00,-2.084850887241193329e-01,-1.959158131893276589e-01
-0.000000000000000000e+00,-0.000000000000000000e+00,-0.000000000000000000e+00,0.000000000000000000e+00,-0.000000000000000000e+00,-0.000000000000000000e+00,-0.000000000000000000e+00,0.000000000000000000e+00,-0.000000000000000000e+00,-0.000000000000000000e+00,-7.315746538945658850e-01,0.000000000000000000e+00,-0.000000000000000000e+00,-0.000000000000000000e+00,-0.000000000000000000e+00,-0.000000000000000000e+00,-8.378998372088317104e-03,0.000000000000000000e+00,-8.954005631134416554e-02,-0.000000000000000000e+00,-0.000000000000000000e+00,-0.000000000000000000e+00,-0.000000000000000000e+00,-0.000000000000000000e+00,-1.165823638717550376e-01,-3.232877068910048560e-03,-4.249972433008384898e-01,-7.814609112262818624e-02,-0.000000000000000000e+00,-0.000000000000000000e+00,1.826435488055514034e+00,-1.592830084707224370e-01,-0.000000000000000000e+00,-0.000000000000000000e+00,-0.000000000000000000e+00,-0.000000000000000000e+00,-0.000000000000000000e+00,0.000000000000000000e+00,-0.000000000000000000e+00
-0.000000000000000000e+00,-0.000000000000000000e+00,-0.000000000000000000e+00,-0.000000000000000000e+00,-0.000000000000000000e+00,-0.000000000000000000e+00,-1.475264132420863183e-01,0.000000000000000000e+00,-0.000000000000000000e+00,-0.000000000000000000e+00,-1.050372372296331236e-01,0.000000000000000000e+00,-0.000000000000000000e+00,-0.000000000000000000e+00,-0.000000000000000000e+00,-0.000000000000000000e+00,-1.870298108052457497e-01,1.100496951389998423e-01,-3.496880832501944036e-01,-0.000000000000000000e+00,-0.000000000000000000e+00,-0.000000000000000000e+00,-0.000000000000000000e+00,0.000000000000000000e+00,-0.000000000000000000e+00,-0.000000000000000000e+00,-5.781284112944335973e-01,0.000000000000000000e+00,-3.822086913042640477e-01,-0.000000000000000000e+00,-1.592830084707224370e-01,2.217941211417977510e+00,-0.000000000000000000e+00,-0.000000000000000000e+00,-1.736335205339745724e-01,-2.624871136968719432e-01,-1.159566466967983656e-01,-0.000000000000000000e+00,-0.000000000000000000e+00
-0.000000000000000000e+00,0.000000000000000000e+00,-2.674493537768640739e-01,0.000000000000000000e+00,-0.000000000000000000e+00,-0.000000000000000000e+00,-0.000000000000000000e+00,2.771478163026029340e-01,-0.000000000000000000e+00,-0.000000000000000000e+00,-0.000000000000000000e+00,-0.000000000000000000e+00,-0.000000000000000000e+00,-0.000000000000000000e+00,0.000000000000000000e+00,-4.116393246579554827e-02,-0.000000000000000000e+00,-0.000000000000000000e+00,-0.000000000000000000e+00,-3.390208465538769016e-03,-6.877187559284959617e-01,-3.342194260589091970e-01,-6.175764448515549260e-02,-0.000000000000000000e+00,-3.316770805933524358e-01,-0.000000000000000000e+00,-0.000000000000000000e+00,-8.987615100322458861e-02,-0.000000000000000000e+00,-0.000000000000000000e+00,-0.000000000000000000e+00,-0.000000000000000000e+00,2.235469870013563121e+00,-0.000000000000000000e+00,-0.000000000000000000e+00,-0.000000000000000000e+00,-0.000000000000000000e+00,-0.000000000000000000e+00,0.000000000000000000e+00
-1.393143123536883243e-01,-0.000000000000000000e+00,-1.097713991549944916e-02,-0.000000000000000000e+00,-3.127760066985146858e-01,-0.000000000000000000e+00,-0.000000000000000000e+00,0.000000000000000000e+00,-8.633615731606020249e-01,-0.000000000000000000e+00,-0.000000000000000000e+00,-0.000000000000000000e+00,-0.000000000000000000e+00,-0.000000000000000000e+00,0.000000000000000000e+00,-0.000000000000000000e+00,-0.000000000000000000e+00,-0.000000000000000000e+00,-4.658761077770054992e-01,-0.000000000000000000e+00,-0.000000000000000000e+00,-0.000000000000000000e+00,-0.000000000000000000e+00,-0.000000000000000000e+00,-0.000000000000000000e+00,-0.000000000000000000e+00,-0.000000000000000000e+00,-0.000000000000000000e+00,0.000000000000000000e+00,-3.819722067024333145e-01,-0.000000000000000000e+00,-0.000000000000000000e+00,-0.000000000000000000e+00,2.258915775567332584e+00,0.000000000000000000e+00,-0.000000000000000000e+00,-0.000000000000000000e+00,-0.000000000000000000e+00,-0.000000000000000000e+00
-0.000000000000000000e+00,-0.000000000000000000e+00,-0.000000000000000000e+00,-0.000000000000000000e+00,-0.000000000000000000e+00,0.000000000000000000e+00,-0.000000000000000000e+00,0.000000000000000000e+00,-0.000000000000000000e+00,-0.000000000000000000e+00,-0.000000000000000000e+00,0.000000000000000000e+00,-0.000000000000000000e+00,-0.000000000000000000e+00,-0.000000000000000000e+00,-0.000000000000000000e+00,-0.000000000000000000e+00,0.000000000000000000e+00,-0.000000000000000000e+00,-0.000000000000000000e+00,-0.000000000000000000e+00,-0.000000000000000000e+00,-1.057547080389559940e-01,-0.000000000000000000e+00,-1.637013338997773959e-01,-0.000000000000000000e+00,-7.969123696260430045e-02,0.000000000000000000e+00,-1.465557528269409437e-01,-0.000000000000000000e+00,-0.000000000000000000e+00,-1.736335205339745724e-01,-0.000000000000000000e+00,0.000000000000000000e+00,1.829293723273773820e+00,-2.613435932845507015e-01,-7.119721454001914918e-01,-0.000000000000000000e+00,-0.000000000000000000e+00
-3.586028752260508878e-01,-1.069869471562262392e-01,0.000000000000000000e+00,0.000000000000000000e+00,-0.000000000000000000e+00,0.000000000000000000e+00,-0.000000000000000000e+00,-0.000000000000000000e+00,-0.000000000000000000e+00,0.000000000000000000e+00,-0.000000000000000000e+00,2.185826674415252691e-01,0.000000000000000000e+00,-0.000000000000000000e+00,-0.000000000000000000e+00,-0.000000000000000000e+00,-0.000000000000000000e+00,0.000000000000000000e+00,-2.414275165819892155e-01,0.000000000000000000e+00,0.000000000000000000e+00,0.000000000000000000e+00,-0.000000000000000000e+00,0.000000000000000000e+00,-0.000000000000000000e+00,-0.000000000000000000e+00,-1.236283658388160206e-01,0.000000000000000000e+00,-1.679236183937342919e-01,-0.000000000000000000e+00,-0.000000000000000000e+00,-2.624871136968719432e-01,-0.000000000000000000e+00,-0.000000000000000000e+00,-2.613435932845507015e-01,1.788474256082757563e+00,-1.663852827434909309e-01,-0.000000000000000000e+00,0.000000000000000000e+00
-0.000000000000000000e+00,-5.149213210443539523e-01,0.000000000000000000e+00,-0.000000000000000000e+00,0.000000000000000000e+00,-0.000000000000000000e+00,-2.019666563487544989e-02,-0.000000000000000000e+00,-0.000000000000000000e+00,-0.000000000000000000e+00,-0.000000000000000000e+00,0.000000000000000000e+00,-0.000000000000000000e+00,-3.298607664215560259e-02,-0.000000000000000000e+00,-0.000000000000000000e+00,-0.000000000000000000e+00,0.000000000000000000e+00,-0.000000000000000000e+00,0.000000000000000000e+00,0.000000000000000000e+00,0.000000000000000000e+00,-0.000000000000000000e+00,-0.000000000000000000e+00,-0.000000000000000000e+00,-0.000000000000000000e+00,0.000000000000000000e+00,-0.000000000000000000e+00,-3.219407669568064567e-01,-0.000000000000000000e+00,-0.000000000000000000e+00,-1.159566466967983656e-01,-0.000000000000000000e+00,-0.000000000000000000e+00,-7.119721454001914918e-01,-1.663852827434909309e-01,2.010500560833886396e+00,-0.000000000000000000e+00,-0.000000000000000000e+00
-2.091908419041969835e-02,-0.000000000000000000e+00,-1.000850929881682144e-01,-1.729116248000702460e-01,-2.850431009876471314e-02,0.000000000000000000e+00,-3.086764518495868290e-02,0.000000000000000000e+00,-9.153422992906290467e-02,-1.396513505934189048e-01,0.000000000000000000e+00,-0.000000000000000000e+00,-0.000000000000000000e+00,-0.000000000000000000e+00,2.804754481547131473e-01,-3.259440953705773636e-02,-0.000000000000000000e+00,-5.652332726197838164e-02,-0.000000000000000000e+00,-0.000000000000000000e+00,-0.000000000000000000e+00,-0.000000000000000000e+00,-1.575326348051225289e-01,-1.667566470449695012e-02,-0.000000000000000000e+00,-0.000000000000000000e+00,-0.000000000000000000e+00,-0.000000000000000000e+00,0.000000000000000000e+00,-2.084850887241193329e-01,0.000000000000000000e+00,-0.000000000000000000e+00,-0.000000000000000000e+00,-0.000000000000000000e+00,-0.000000000000000000e+00,-0.000000000000000000e+00,-0.000000000000000000e+00,1.592061718150166838e+00,-1.098944378723294008e-01
-9.520747730038679746e-02,-5.969090103548616577e-01,-0.000000000000000000e+00,-3.388211377786629064e-02,-0.000000000000000000e+00,-0.000000000000000000e+00,-3.079036260761955912e-01,-0.000000000000000000e+00,-5.431243424684083498e-01,-0.000000000000000000e+00,-0.000000000000000000e+00,-0.000000000000000000e+00,0.000000000000000000e+00,-0.000000000000000000e+00,0.000000000000000000e+00,-0.000000000000000000e+00,-0.000000000000000000e+00,-4.660829900331098924e-02,-0.000000000000000000e+00,-0.000000000000000000e+00,-0.000000000000000000e+00,-0.000000000000000000e+00,-0.000000000000000000e+00,-0.000000000000000000e+00,0.000000000000000000e+00,-0.000000000000000000e+00,0.000000000000000000e+00,-0.000000000000000000e+00,0.000000000000000000e+00,-1.959158131893276589e-01,-0.000000000000000000e+00,-0.000000000000000000e+00,0.000000000000000000e+00,-0.000000000000000000e+00,-0.000000000000000000e+00,0.000000000000000000e+00,-0.000000000000000000e+00,-1.098944378723294008e-01,2.029160565829490892e+00
