2.200499794379485063e+00,-5.319619356931496457e-01,-0.000000000000000000e+00,-0.000000000000000000e+00,-0.000000000000000000e+00,-0.000000000000000000e+00,-0.000000000000000000e+00,0.000000000000000000e+00,-0.000000000000000000e+00,-1.306241759282962545e-01,-0.000000000000000000e+00,0.000000000000000000e+00,-0.000000000000000000e+00,-0.000000000000000000e+00,0.000000000000000000e+00,-5.452917396324782895e-02,-0.000000000000000000e+00,-0.000000000000000000e+00,-0.000000000000000000e+00,-9.717877021442884733e-02,-0.000000000000000000e+00,-0.000000000000000000e+00,-0.000000000000000000e+00,-0.000000000000000000e+00,-5.654074222160329621e-02,-1.366618645532637344e-01,-3.006788989016032643e-01,-0.000000000000000000e+00,-1.503968177559927566e-01,-0.000000000000000000e+00,-1.034367224597877305e-01,-0.000000000000000000e+00,-0.000000000000000000e+00,0.000000000000000000e+00,-1.412895715481213288e-01,-2.325016211734471094e-01,-2.109877055921444144e-01,-0.000000000000000000e+00,-0.000000000000000000e+00
-5.319619356931496457e-01,2.043473702677569559e+00,-0.000000000000000000e+00,-0.000000000000000000e+00,-0.000000000000000000e+00,-0.000000000000000000e+00,-0.000000000000000000e+00,0.000000000000000000e+00,-0.000000000000000000e+00,-3.825809622017505018e-02,-0.000000000000000000e+00,0.000000000000000000e+00,-0.000000000000000000e+00,-1.153142897294940628e-01,0.000000000000000000e+00,-7.169313806294372315e-02,-0.000000000000000000e+00,-0.000000000000000000e+00,-0.000000000000000000e+00,-5.508500436613361639e-02,-0.000000000000000000e+00,-0.000000000000000000e+00,-0.000000000000000000e+00,-0.000000000000000000e+00,-0.000000000000000000e+00,-1.946521375243142893e-01,-0.000000000000000000e+00,-1.225507997965326196e-01,-0.000000000000000000e+00,-0.000000000000000000e+00,-4.796864570138729966e-02,-0.000000000000000000e+00,-0.000000000000000000e+00,0.000000000000000000e+00,-1.066518767948286955e-01,-3.069739820923784723e-01,-2.843254557995130161e-01,-0.000000000000000000e+00,-0.000000000000000000e+00
-0.000000000000000000e+00,-0.000000000000000000e+00,2.204347928084525954e+00,-0.000000000000000000e+00,-2.070626488666212073e-01,-0.000000000000000000e+00,-0.000000000000000000e+00,1.138918120387595101e+00,-0.000000000000000000e+00,-0.000000000000000000e+00,-0.000000000000000000e+00,-0.000000000000000000e+00,-7.540290686015280880e-03,-0.000000000000000000e+00,0.000000000000000000e+00,-0.000000000000000000e+00,-0.000000000000000000e+00,-0.000000000000000000e+00,-0.000000000000000000e+00,-4.639617669409666634e-02,-3.944471761655046760e-02,-3.286713592779718085e-01,-0.000000000000000000e+00,-0.000000000000000000e+00,-0.000000000000000000e+00,-0.000000000000000000e+00,-0.000000000000000000e+00,-0.000000000000000000e+00,-0.000000000000000000e+00,-0.000000000000000000e+00,-0.000000000000000000e+00,-0.000000000000000000e+00,-2.674260562145966968e-01,-0.000000000000000000e+00,-0.000000000000000000e+00,-0.000000000000000000e+00,-0.000000000000000000e+00,-0.000000000000000000e+00,-0.000000000000000000e+00
-0.000000000000000000e+00,-0.000000000000000000e+00,-0.000000000000000000e+00,1.285233644746330839e+00,0.000000000000000000e+00,-0.000000000000000000e+00,-0.000000000000000000e+00,0.000000000000000000e+00,1.026558216931440330e-02,-0.000000000000000000e+00,0.000000000000000000e+00,2.992328641717604820e-01,-0.000000000000000000e+00,-0.000000000000000000e+00,1.382347695841175950e-01,-0.000000000000000000e+00,0.000000000000000000e+00,0.000000000000000000e+00,0.000000000000000000e+00,-0.000000000000000000e+00,-1.741963103742364682e-01,-0.000000000000000000e+00,-0.000000000000000000e+00,0.000000000000000000e+00,-0.000000000000000000e+00,-0.000000000000000000e+00,-0.000000000000000000e+00,-0.000000000000000000e+00,-1.365323014212299346e-01,-0.000000000000000000e+00,-0.000000000000000000e+00,-0.000000000000000000e+00,-0.000000000000000000e+00,1.098487553040273512e-01,-5.191238130086690827e-02,-0.000000000000000000e+00,-0.000000000000000000e+00,0.000000000000000000e+00,2.166493500608989153e-01
-0.000000000000000000e+00,-0.000000000000000000e+00,-2.070626488666212073e-01,0.000000000000000000e+00,1.734676627838122043e+00,-0.000000000000000000e+00,-0.000000000000000000e+00,1.097087652810578157e-01,-9.225996724094523427e-02,-0.000000000000000000e+00,-8.130840826969314150e-02,-0.000000000000000000e+00,-1.062074256914037479e-01,-1.039262516356481841e-01,-0.000000000000000000e+00,-0.000000000000000000e+00,-0.000000000000000000e+00,-2.523327411633450867e-01,-7.019290180970198106e-03,-0.000000000000000000e+00,-0.000000000000000000e+00,-0.000000000000000000e+00,-0.000000000000000000e+00,-8.709505998123059922e-02,-0.000000000000000000e+00,-0.000000000000000000e+00,-0.000000000000000000e+00,-0.000000000000000000e+00,-0.000000000000000000e+00,-0.000000000000000000e+00,-0.000000000000000000e+00,-0.000000000000000000e+00,-4.206279217456374564e-01,-3.388033049517438222e-01,-0.000000000000000000e+00,-0.000000000000000000e+00,-0.000000000000000000e+00,-8.325191361349390529e-02,-1.452715947538475195e-02
-0.000000000000000000e+00,-0.000000000000000000e+00,-0.000000000000000000e+00,-0.000000000000000000e+00,-0.000000000000000000e+00,1.528176061206182323e+00,-3.367547327077861086e-01,0.000000000000000000e+00,-0.000000000000000000e+00,-0.000000000000000000e+00,-2.882322681867218184e-01,-0.000000000000000000e+00,-0.000000000000000000e+00,-3.353604384653414705e-01,-0.000000000000000000e+00,-0.000000000000000000e+00,-5.685368554790466017e-02,-0.000000000000000000e+00,-0.000000000000000000e+00,-0.000000000000000000e+00,-0.000000000000000000e+00,-7.580198649634391217e-02,-0.000000000000000000e+00,-0.000000000000000000e+00,-7.298880228830846584e-02,-0.000000000000000000e+00,-0.000000000000000000e+00,-0.000000000000000000e+00,-0.000000000000000000e+00,-0.000000000000000000e+00,-0.000000000000000000e+00,-0.000000000000000000e+00,-0.000000000000000000e+00,-0.000000000000000000e+00,-1.527289387936177911e-01,-0.000000000000000000e+00,-1.659622444848998096e-02,-0.000000000000000000e+00,-0.000000000000000000e+00
-0.000000000000000000e+00,-0.000000000000000000e+00,-0.000000000000000000e+00,-0.000000000000000000e+00,-0.000000000000000000e+00,-3.367547327077861086e-01,1.266886716448539341e+00,0.000000000000000000e+00,-0.000000000000000000e+00,-0.000000000000000000e+00,-5.403863634626657718e-03,-0.000000000000000000e+00,-0.000000000000000000e+00,-1.918502679177813142e-01,-1.694170221370471241e-01,-7.491258490440522166e-02,-0.000000000000000000e+00,-4.812745152711597751e-02,-3.986045056363632377e-02,-0.000000000000000000e+00,-0.000000000000000000e+00,-0.000000000000000000e+00,-0.000000000000000000e+00,-0.000000000000000000e+00,-0.000000000000000000e+00,-0.000000000000000000e+00,-0.000000000000000000e+00,-0.000000000000000000e+00,-0.000000000000000000e+00,-0.000000000000000000e+00,-0.000000000000000000e+00,-0.000000000000000000e+00,-0.000000000000000000e+00,-0.000000000000000000e+00,-0.000000000000000000e+00,-0.000000000000000000e+00,-0.000000000000000000e+00,-0.000000000000000000e+00,-0.000000000000000000e+00
0.000000000000000000e+00,0.000000000000000000e+00,1.138918120387595101e+00,0.000000000000000000e+00,1.097087652810578157e-01,0.000000000000000000e+00,0.000000000000000000e+00,2.167965046528591788e+00,0.000000000000000000e+00,0.000000000000000000e+00,0.000000000000000000e+00,-0.000000000000000000e+00,6.966853175068955274e-03,0.000000000000000000e+00,-0.000000000000000000e+00,0.000000000000000000e+00,0.000000000000000000e+00,0.000000000000000000e+00,0.000000000000000000e+00,8.037641970637898758e-02,1.739281837971264622e-01,2.244974365830817165e-01,0.000000000000000000e+00,0.000000000000000000e+00,0.000000000000000000e+00,0.000000000000000000e+00,0.000000000000000000e+00,0.000000000000000000e+00,0.000000000000000000e+00,0.000000000000000000e+00,0.000000000000000000e+00,0.000000000000000000e+00,2.262475431278032356e-01,0.000000000000000000e+00,0.000000000000000000e+00,0.000000000000000000e+00,3.278633437368472237e-02,0.000000000000000000e+00,0.000000000000000000e+00
-0.000000000000000000e+00,-0.000000000000000000e+00,-0.000000000000000000e+00,1.026558216931440330e-02,-9.225996724094523427e-02,-0.000000000000000000e+00,-0.000000000000000000e+00,0.000000000000000000e+00,1.644610610234712889e+00,-0.000000000000000000e+00,-0.000000000000000000e+00,-1.531193430113072240e-01,-0.000000000000000000e+00,-0.000000000000000000e+00,-2.269012798777764461e-01,-0.000000000000000000e+00,-0.000000000000000000e+00,-0.000000000000000000e+00,-0.000000000000000000e+00,-0.000000000000000000e+00,0.000000000000000000e+00,-0.000000000000000000e+00,-0.000000000000000000e+00,-1.377227356601447850e-01,-0.000000000000000000e+00,-0.000000000000000000e+00,-0.000000000000000000e+00,-0.000000000000000000e+00,0.000000000000000000e+00,-0.000000000000000000e+00,-0.000000000000000000e+00,-0.000000000000000000e+00,-0.000000000000000000e+00,-2.297969145612146491e-01,-0.000000000000000000e+00,0.000000000000000000e+00,-0.000000000000000000e+00,-0.000000000000000000e+00,-6.257003519737622810e-01
-1.306241759282962545e-01,-3.825809622017505018e-02,-0.000000000000000000e+00,-0.000000000000000000e+00,-0.000000000000000000e+00,-0.000000000000000000e+00,-0.000000000000000000e+00,0.000000000000000000e+00,-0.000000000000000000e+00,2.296751369206901039e+00,-3.656228939889601820e-02,-0.000000000000000000e+00,-2.952846845585313518e-01,-7.252165872863848561e-02,-0.000000000000000000e+00,-5.144002384513277626e-01,-0.000000000000000000e+00,-0.000000000000000000e+00,-2.127806983954635411e-01,-0.000000000000000000e+00,-0.000000000000000000e+00,-0.000000000000000000e+00,-9.186588786937181783e-02,-1.164896505747528010e-01,-4.044823412454635198e-02,-0.000000000000000000e+00,-2.445300117320612157e-02,-0.000000000000000000e+00,-0.000000000000000000e+00,-1.833831611146243823e-01,-1.913198453996453607e-01,-0.000000000000000000e+00,-0.000000000000000000e+00,-0.000000000000000000e+00,-0.000000000000000000e+00,-3.773793124951639599e-02,-1.628038296074593716e-01,-3.642488029234290936e-01,-0.000000000000000000e+00
-0.000000000000000000e+00,-0.000000000000000000e+00,-0.000000000000000000e+00,0.000000000000000000e+00,-8.130840826969314150e-02,-2.882322681867218184e-01,-5.403863634626657718e-03,0.000000000000000000e+00,-0.000000000000000000e+00,-3.656228939889601820e-02,1.584431278209537108e+00,-0.000000000000000000e+00,-3.470244037934600706e-02,-2.755335889641713845e-02,-0.000000000000000000e+00,-0.000000000000000000e+00,-6.450104481857455996e-01,-0.000000000000000000e+00,-0.000000000000000000e+00,-0.000000000000000000e+00,-0.000000000000000000e+00,-0.000000000000000000e+00,-0.000000000000000000e+00,-0.000000000000000000e+00,-0.000000000000000000e+00,-0.000000000000000000e+00,-0.000000000000000000e+00,-2.559677064570096972e-02,-0.000000000000000000e+00,-5.775459440871261868e-02,-0.000000000000000000e+00,-1.594879370539879215e-01,-0.000000000000000000e+00,-0.000000000000000000e+00,-0.000000000000000000e+00,-0.000000000000000000e+00,-0.000000000000000000e+00,-0.000000000000000000e+00,-0.000000000000000000e+00
0.000000000000000000e+00,0.000000000000000000e+00,-0.000000000000000000e+00,2.992328641717604820e-01,-0.000000000000000000e+00,-0.000000000000000000e+00,-0.000000000000000000e+00,-0.000000000000000000e+00,-1.531193430113072240e-01,-0.000000000000000000e+00,-0.000000000000000000e+00,1.746068108174101186e+00,-0.000000000000000000e+00,0.000000000000000000e+00,-5.673951935572577598e-01,0.000000000000000000e+00,-0.000000000000000000e+00,-0.000000000000000000e+00,-4.596280023670509252e-01,0.000000000000000000e+00,0.000000000000000000e+00,-0.000000000000000000e+00,0.000000000000000000e+00,-0.000000000000000000e+00,0.000000000000000000e+00,0.000000000000000000e+00,0.000000000000000000e+00,0.000000000000000000e+00,0.000000000000000000e+00,0.000000000000000000e+00,0.000000000000000000e+00,0.000000000000000000e+00,0.000000000000000000e+00,-0.000000000000000000e+00,0.000000000000000000e+00,8.050288083329415478e-02,0.000000000000000000e+00,-0.000000000000000000e+00,-1.707062323960282513e-01
-0.000000000000000000e+00,-0.000000000000000000e+00,-7.540290686015280880e-03,-0.000000000000000000e+00,-1.062074256914037479e-01,-0.000000000000000000e+00,-0.000000000000000000e+00,6.966853175068955274e-03,-0.000000000000000000e+00,-2.952846845585313518e-01,-3.470244037934600706e-02,-0.000000000000000000e+00,1.888087060095299474e+00,-0.000000000000000000e+00,0.000000000000000000e+00,-2.588466058760750810e-02,-0.000000000000000000e+00,-0.000000000000000000e+00,-0.000000000000000000e+00,-1.453497140444123259e-01,-1.471782644359719006e-02,-1.481197606114186167e-02,-0.000000000000000000e+00,-2.414618603941930119e-02,-1.301467027440555979e-01,-1.409116524431282824e-01,-8.770141191506090894e-02,-2.266156235067868785e-01,-0.000000000000000000e+00,-0.000000000000000000e+00,-1.291113470329481594e-01,-4.056174275938555923e-02,-7.164672699346417983e-02,-0.000000000000000000e+00,-1.729135574302340106e-01,-0.000000000000000000e+00,-1.405951416207586457e-01,-0.000000000000000000e+00,-0.000000000000000000e+00
-0.000000000000000000e+00,-1.153142897294940628e-01,-0.000000000000000000e+00,-0.000000000000000000e+00,-1.039262516356481841e-01,-3.353604384653414705e-01,-1.918502679177813142e-01,0.000000000000000000e+00,-0.000000000000000000e+00,-7.252165872863848561e-02,-2.755335889641713845e-02,0.000000000000000000e+00,-0.000000000000000000e+00,2.295935288886578718e+00,-0.000000000000000000e+00,-4.519465257921758544e-02,-5.149157740868502003e-02,-0.000000000000000000e+00,-0.000000000000000000e+00,-7.637864767124287468e-02,-0.000000000000000000e+00,-0.000000000000000000e+00,-2.329549310818191943e-01,-3.654631140180192861e-01,-0.000000000000000000e+00,-0.000000000000000000e+00,-0.000000000000000000e+00,-6.675310026670040753e-02,-0.000000000000000000e+00,-2.005782454893752509e-01,-4.398311183372942412e-02,-1.809502011996932669e-01,-1.577312822869954001e-01,-0.000000000000000000e+00,-1.334789608803265970e-01,-0.000000000000000000e+00,-2.436678972707088664e-01,-0.000000000000000000e+00,-0.000000000000000000e+00
0.000000000000000000e+00,0.000000000000000000e+00,0.000000000000000000e+00,1.382347695841175950e-01,-0.000000000000000000e+00,-0.000000000000000000e+00,-1.694170221370471241e-01,-0.000000000000000000e+00,-2.269012798777764461e-01,-0.000000000000000000e+00,-0.000000000000000000e+00,-5.673951935572577598e-01,0.000000000000000000e+00,-0.000000000000000000e+00,1.537456837176327307e+00,0.000000000000000000e+00,-0.000000000000000000e+00,-1.651161911227877477e-01,-0.000000000000000000e+00,0.000000000000000000e+00,0.000000000000000000e+00,0.000000000000000000e+00,0.000000000000000000e+00,-0.000000000000000000e+00,0.000000000000000000e+00,0.000000000000000000e+00,0.000000000000000000e+00,0.000000000000000000e+00,0.000000000000000000e+00,0.000000000000000000e+00,0.000000000000000000e+00,0.000000000000000000e+00,0.000000000000000000e+00,-8.535917523258781947e-02,0.000000000000000000e+00,0.000000000000000000e+00,0.000000000000000000e+00,-0.000000000000000000e+00,-2.770504961536250990e-02
-5.452917396324782895e-02,-7.169313806294372315e-02,-0.000000000000000000e+00,-0.000000000000000000e+00,-0.000000000000000000e+00,-0.000000000000000000e+00,-7.491258490440522166e-02,0.000000000000000000e+00,-0.000000000000000000e+00,-5.144002384513277626e-01,-0.000000000000000000e+00,0.000000000000000000e+00,-2.588466058760750810e-02,-4.519465257921758544e-02,0.000000000000000000e+00,2.397385319177602891e+00,-0.000000000000000000e+00,-0.000000000000000000e+00,-0.000000000000000000e+00,-0.000000000000000000e+00,-1.376093079180689127e-01,-0.000000000000000000e+00,-2.163166036203622300e-01,-0.000000000000000000e+00,-5.638965448010731935e-02,-1.037544564639494571e-01,-0.000000000000000000e+00,-2.845547613741775117e-01,-0.000000000000000000e+00,-5.645727069851231850e-01,-0.000000000000000000e+00,-0.000000000000000000e+00,-0.000000000000000000e+00,-0.000000000000000000e+00,-5.147654962864941369e-02,-1.749174086300357700e-01,-7.961754448784207072e-02,-0.000000000000000000e+00,-0.000000000000000000e+00
-0.000000000000000000e+00,-0.000000000000000000e+00,-0.000000000000000000e+00,0.000000000000000000e+00,-0.000000000000000000e+00,-5.685368554790466017e-02,-0.000000000000000000e+00,0.000000000000000000e+00,-0.000000000000000000e+00,-0.000000000000000000e+00,-6.450104481857455996e-01,-0.000000000000000000e+00,-0.000000000000000000e+00,-5.149157740868502003e-02,-0.000000000000000000e+00,-0.000000000000000000e+00,1.443881787306103837e+00,0.000000000000000000e+00,-0.000000000000000000e+00,-0.000000000000000000e+00,0.000000000000000000e+00,0.000000000000000000e+00,-0.000000000000000000e+00,-8.081378373754113942e-02,-0.000000000000000000e+00,-4.609050883449385128e-02,-0.000000000000000000e+00,-3.380680800561267074e-02,-0.000000000000000000e+00,-1.466316583253053640e-02,-0.000000000000000000e+00,-6.590621236889582235e-02,-0.000000000000000000e+00,-4.772597489014798050e-02,-0.000000000000000000e+00,-0.000000000000000000e+00,-0.000000000000000000e+00,-0.000000000000000000e+00,-0.000000000000000000e+00
-0.000000000000000000e+00,-0.000000000000000000e+00,-0.000000000000000000e+00,0.000000000000000000e+00,-2.523327411633450867e-01,-0.000000000000000000e+00,-4.812745152711597751e-02,0.000000000000000000e+00,-0.000000000000000000e+00,-0.000000000000000000e+00,-0.000000000000000000e+00,-0.000000000000000000e+00,-0.000000000000000000e+00,-0.000000000000000000e+00,-1.651161911227877477e-01,-0.000000000000000000e+00,0.000000000000000000e+00,1.380487021568201245e+00,-5.254833227622757175e-01,0.000000000000000000e+00,-0.000000000000000000e+00,-0.000000000000000000e+00,-0.000000000000000000e+00,-0.000000000000000000e+00,-0.000000000000000000e+00,0.000000000000000000e+00,0.000000000000000000e+00,-0.000000000000000000e+00,0.000000000000000000e+00,-0.000000000000000000e+00,0.000000000000000000e+00,0.000000000000000000e+00,-0.000000000000000000e+00,-0.000000000000000000e+00,-0.000000000000000000e+00,-0.000000000000000000e+00,-0.000000000000000000e+00,-0.000000000000000000e+00,-0.000000000000000000e+00
-0.000000000000000000e+00,-0.000000000000000000e+00,-0.000000000000000000e+00,0.000000000000000000e+00,-7.019290180970198106e-03,-0.000000000000000000e+00,-3.986045056363632377e-02,0.000000000000000000e+00,-0.000000000000000000e+00,-2.127806983954635411e-01,-0.000000000000000000e+00,-4.596280023670509252e-01,-0.000000000000000000e+00,-0.000000000000000000e+00,-0.000000000000000000e+00,-0.000000000000000000e+00,-0.000000000000000000e+00,-5.254833227622757175e-01,1.655698438490879498e+00,-0.000000000000000000e+00,-0.000000000000000000e+00,-0.000000000000000000e+00,-0.000000000000000000e+00,-0.000000000000000000e+00,-0.000000000000000000e+00,-0.000000000000000000e+00,-0.000000000000000000e+00,-0.000000000000000000e+00,0.000000000000000000e+00,-0.000000000000000000e+00,-0.000000000000000000e+00,0.000000000000000000e+00,-0.000000000000000000e+00,-0.000000000000000000e+00,-0.000000000000000000e+00,0.000000000000000000e+00,-0.000000000000000000e+00,-0.000000000000000000e+00,-3.007766358811673757e-01
-9.717877021442884733e-02,-5.508500436613361639e-02,-4.639617669409666634e-02,-0.000000000000000000e+00,-0.000000000000000000e+00,-0.000000000000000000e+00,-0.000000000000000000e+00,8.037641970637898758e-02,-0.000000000000000000e+00,-0.000000000000000000e+00,-0.000000000000000000e+00,0.000000000000000000e+00,-1.453497140444123259e-01,-7.637864767124287468e-02,0.000000000000000000e+00,-0.000000000000000000e+00,-0.000000000000000000e+00,0.000000000000000000e+00,-0.000000000000000000e+00,1.563200577612787967e+00,-0.000000000000000000e+00,-2.758753347741342288e-01,-2.435759766269218404e-02,-0.000000000000000000e+00,-1.219907000940393393e-01,-3.627613750918557561e-02,-0.000000000000000000e+00,-0.000000000000000000e+00,-1.203937321615862338e-01,-0.000000000000000000e+00,-0.000000000000000000e+00,-1.421147220635528459e-02,-0.000000000000000000e+00,-0.000000000000000000e+00,-1.772234685122772435e-01,-0.000000000000000000e+00,-6.594516798065441776e-02,-0.000000000000000000e+00,-0.000000000000000000e+00
-0.000000000000000000e+00,-0.000000000000000000e+00,-3.944471761655046760e-02,-1.741963103742364682e-01,-0.000000000000000000e+00,-0.000000000000000000e+00,-0.000000000000000000e+00,1.739281837971264622e-01,0.000000000000000000e+00,-0.000000000000000000e+00,-0.000000000000000000e+00,0.000000000000000000e+00,-1.471782644359719006e-02,-0.000000000000000000e+00,0.000000000000000000e+00,-1.376093079180689127e-01,0.000000000000000000e+00,-0.000000000000000000e+00,-0.000000000000000000e+00,-0.000000000000000000e+00,1.715155541859152644e+00,-4.553790320437642869e-01,-4.104593539093904370e-02,-0.000000000000000000e+00,-1.797119050821122666e-01,-0.000000000000000000e+00,-0.000000000000000000e+00,-1.308739810985030672e-01,-7.029838766689128216e-02,-3.221113887817173005e-02,-0.000000000000000000e+00,-0.000000000000000000e+00,-2.591315386060754067e-01,0.000000000000000000e+00,-0.000000000000000000e+00,-0.000000000000000000e+00,-0.000000000000000000e+00,-0.000000000000000000e+00,0.000000000000000000e+00
-0.000000000000000000e+00,-0.000000000000000000e+00,-3.286713592779718085e-01,-0.000000000000000000e+00,-0.000000000000000000e+00,-7.580198649634391217e-02,-0.000000000000000000e+00,2.244974365830817165e-01,-0.000000000000000000e+00,-0.000000000000000000e+00,-0.000000000000000000e+00,-0.000000000000000000e+00,-1.481197606114186167e-02,-0.000000000000000000e+00,0.000000000000000000e+00,-0.000000000000000000e+00,0.000000000000000000e+00,-0.000000000000000000e+00,-0.000000000000000000e+00,-2.758753347741342288e-01,-4.553790320437642869e-01,1.637950498055722459e+00,-0.000000000000000000e+00,-0.000000000000000000e+00,-2.976805710583401224e-02,-0.000000000000000000e+00,-0.000000000000000000e+00,-0.000000000000000000e+00,-0.000000000000000000e+00,-0.000000000000000000e+00,-0.000000000000000000e+00,-0.000000000000000000e+00,-0.000000000000000000e+00,0.000000000000000000e+00,-0.000000000000000000e+00,-0.000000000000000000e+00,-0.000000000000000000e+00,-0.000000000000000000e+00,-0.000000000000000000e+00
-0.000000000000000000e+00,-0.000000000000000000e+00,-0.000000000000000000e+00,-0.000000000000000000e+00,-0.000000000000000000e+00,-0.000000000000000000e+00,-0.000000000000000000e+00,0.000000000000000000e+00,-0.000000000000000000e+00,-9.186588786937181783e-02,-0.000000000000000000e+00,0.000000000000000000e+00,-0.000000000000000000e+00,-2.329549310818191943e-01,0.000000000000000000e+00,-2.163166036203622300e-01,-0.000000000000000000e+00,-0.000000000000000000e+00,-0.000000000000000000e+00,-2.435759766269218404e-02,-4.104593539093904370e-02,-0.000000000000000000e+00,2.089594918914879695e+00,-8.783793897279498775e-02,-5.674314017415762468e-01,-0.000000000000000000e+00,-5.804704225896379494e-02,-0.000000000000000000e+00,-1.487177920109996887e-01,-1.616478264342643412e-01,-0.000000000000000000e+00,-1.237591626656696538e-02,-3.686734843947666457e-02,-0.000000000000000000e+00,-1.598547849129109688e-01,-0.000000000000000000e+00,-1.299607365935251391e-01,-3.319692079932758805e-02,-0.000000000000000000e+00
-0.000000000000000000e+00,-0.000000000000000000e+00,-0.000000000000000000e+00,0.000000000000000000e+00,-8.709505998123059922e-02,-0.000000000000000000e+00,-0.000000000000000000e+00,0.000000000000000000e+00,-1.377227356601447850e-01,-1.164896505747528010e-01,-0.000000000000000000e+00,-0.000000000000000000e+00,-2.414618603941930119e-02,-3.654631140180192861e-01,-0.000000000000000000e+00,-0.000000000000000000e+00,-8.081378373754113942e-02,-0.000000000000000000e+00,-0.000000000000000000e+00,-0.000000000000000000e+00,-0.000000000000000000e+00,-0.000000000000000000e+00,-8.783793897279498775e-02,1.627579451980330161e+00,-0.000000000000000000e+00,-5.179044823542414133e-02,-1.169302790039652290e-01,-0.000000000000000000e+00,-0.000000000000000000e+00,-0.000000000000000000e+00,-1.398316890040162130e-01,-0.000000000000000000e+00,-0.000000000000000000e+00,-8.144858743914884514e-02,-0.000000000000000000e+00,-0.000000000000000000e+00,-0.000000000000000000e+00,-1.851805440645090950e-01,-8.198564963553170437e-02
-5.654074222160329621e-02,-0.000000000000000000e+00,-0.000000000000000000e+00,-0.000000000000000000e+00,-0.000000000000000000e+00,-7.298880228830846584e-02,-0.000000000000000000e+00,0.000000000000000000e+00,-0.000000000000000000e+00,-4.044823412454635198e-02,-0.000000000000000000e+00,0.000000000000000000e+00,-1.301467027440555979e-01,-0.000000000000000000e+00,0.000000000000000000e+00,-5.638965448010731935e-02,-0.000000000000000000e+00,-0.000000000000000000e+00,-0.000000000000000000e+00,-1.219907000940393393e-01,-1.797119050821122666e-01,-2.976805710583401224e-02,-5.674314017415762468e-01,-0.000000000000000000e+00,2.065835990855166671e+00,-5.048272139921746587e-02,-3.201094816233426149e-02,-0.000000000000000000e+00,-1.485010919630317949e-01,-0.000000000000000000e+00,-0.000000000000000000e+00,-4.738955115755739966e-02,-0.000000000000000000e+00,0.000000000000000000e+00,-2.973988236456018286e-01,-0.000000000000000000e+00,-1.694086842309615037e-01,-0.000000000000000000e+00,-0.000000000000000000e+00
-1.366618645532637344e-01,-1.946521375243142893e-01,-0.000000000000000000e+00,-0.000000000000000000e+00,-0.000000000000000000e+00,-0.000000000000000000e+00,-0.000000000000000000e+00,0.000000000000000000e+00,-0.000000000000000000e+00,-0.000000000000000000e+00,-0.000000000000000000e+00,0.000000000000000000e+00,-1.409116524431282824e-01,-0.000000000000000000e+00,0.000000000000000000e+00,-1.037544564639494571e-01,-4.609050883449385128e-02,0.000000000000000000e+00,-0.000000000000000000e+00,-3.627613750918557561e-02,-0.000000000000000000e+00,-0.000000000000000000e+00,-0.000000000000000000e+00,-5.179044823542414133e-02,-5.048272139921746587e-02,2.488487633227030482e+00,-4.502999696704644839e-01,-4.279521776076431472e-01,-2.443612464750586077e-01,-3.340930838516129736e-02,-3.138455607462228292e-01,-1.698053496768808443e-02,-0.000000000000000000e+00,-0.000000000000000000e+00,-1.360482852370842044e-01,-4.104553695352807646e-02,-1.591809600731474428e-01,-0.000000000000000000e+00,-0.000000000000000000e+00
-3.006788989016032643e-01,-0.000000000000000000e+00,-0.000000000000000000e+00,-0.000000000000000000e+00,-0.000000000000000000e+00,-0.000000000000000000e+00,-0.000000000000000000e+00,0.000000000000000000e+00,-0.000000000000000000e+00,-2.445300117320612157e-02,-0.000000000000000000e+00,0.000000000000000000e+00,-8.770141191506090894e-02,-0.000000000000000000e+00,0.000000000000000000e+00,-0.000000000000000000e+00,-0.000000000000000000e+00,0.000000000000000000e+00,-0.000000000000000000e+00,-0.000000000000000000e+00,-0.000000000000000000e+00,-0.000000000000000000e+00,-5.804704225896379494e-02,-1.169302790039652290e-01,-3.201094816233426149e-02,-4.502999696704644839e-01,2.071411233640287453e+00,-0.000000000000000000e+00,-1.219971771519516579e-01,-0.000000000000000000e+00,-5.232068415207993262e-01,-6.221111841318779229e-02,-0.000000000000000000e+00,-0.000000000000000000e+00,-0.000000000000000000e+00,-3.611713580001681828e-02,-3.395808912553689718e-02,-1.095579278232630960e-01,-0.000000000000000000e+00
-0.000000000000000000e+00,-1.225507997965326196e-01,-0.000000000000000000e+00,-0.000000000000000000e+00,-0.000000000000000000e+00,-0.000000000000000000e+00,-0.000000000000000000e+00,0.000000000000000000e+00,-0.000000000000000000e+00,-0.000000000000000000e+00,-2.559677064570096972e-02,0.000000000000000000e+00,-2.266156235067868785e-01,-6.675310026670040753e-02,0.000000000000000000e+00,-2.845547613741775117e-01,-3.380680800561267074e-02,-0.000000000000000000e+00,-0.000000000000000000e+00,-0.000000000000000000e+00,-1.308739810985030672e-01,-0.000000000000000000e+00,-0.000000000000000000e+00,-0.000000000000000000e+00,-0.000000000000000000e+00,-4.279521776076431472e-01,-0.000000000000000000e+00,2.213407314242902046e+00,-1.175183351968771411e-01,-1.488472849335952530e-01,-2.070802811394403531e-01,-3.612144435565452921e-02,-2.221466603118215921e-01,-0.000000000000000000e+00,-6.585975009943856318e-02,-1.581007433490712877e-01,-0.000000000000000000e+00,-0.000000000000000000e+00,-0.000000000000000000e+00
-1.503968177559927566e-01,-0.000000000000000000e+00,-0.000000000000000000e+00,-1.365323014212299346e-01,-0.000000000000000000e+00,-0.000000000000000000e+00,-0.000000000000000000e+00,0.000000000000000000e+00,0.000000000000000000e+00,-0.000000000000000000e+00,-0.000000000000000000e+00,0.000000000000000000e+00,-0.000000000000000000e+00,-0.000000000000000000e+00,0.000000000000000000e+00,-0.000000000000000000e+00,-0.000000000000000000e+00,0.000000000000000000e+00,0.000000000000000000e+00,-1.203937321615862338e-01,-7.029838766689128216e-02,-0.000000000000000000e+00,-1.487177920109996887e-01,-0.000000000000000000e+00,-1.485010919630317949e-01,-2.443612464750586077e-01,-1.219971771519516579e-01,-1.175183351968771411e-01,2.374527917155782042e+00,-1.639540081819717832e-01,-4.462928360626136626e-02,-3.727952507917328684e-01,-0.000000000000000000e+00,0.000000000000000000e+00,-2.573106392244417506e-01,-1.803201948839761870e-01,-2.847815914754114885e-01,-0.000000000000000000e+00,0.000000000000000000e+00
-0.000000000000000000e+00,-0.000000000000000000e+00,-0.000000000000000000e+00,-0.000000000000000000e+00,-0.000000000000000000e+00,-0.000000000000000000e+00,-0.000000000000000000e+00,0.000000000000000000e+00,-0.000000000000000000e+00,-1.833831611146243823e-01,-5.775459440871261868e-02,0.000000000000000000e+00,-0.000000000000000000e+00,-2.005782454893752509e-01,0.000000000000000000e+00,-5.645727069851231850e-01,-1.466316583253053640e-02,-0.000000000000000000e+00,-0.000000000000000000e+00,-0.000000000000000000e+00,-3.221113887817173005e-02,-0.000000000000000000e+00,-1.616478264342643412e-01,-0.000000000000000000e+00,-0.000000000000000000e+00,-3.340930838516129736e-02,-0.000000000000000000e+00,-1.488472849335952530e-01,-1.639540081819717832e-01,2.182999002386983634e+00,-0.000000000000000000e+00,-0.000000000000000000e+00,-7.774620101516244164e-02,-0.000000000000000000e+00,-2.668330812683605141e-02,-4.111523122261570573e-01,-5.327288343923340663e-02,-0.000000000000000000e+00,-0.000000000000000000e+00
-1.034367224597877305e-01,-4.796864570138729966e-02,-0.000000000000000000e+00,-0.000000000000000000e+00,-0.000000000000000000e+00,-0.000000000000000000e+00,-0.000000000000000000e+00,0.000000000000000000e+00,-0.000000000000000000e+00,-1.913198453996453607e-01,-0.000000000000000000e+00,0.000000000000000000e+00,-1.291113470329481594e-01,-4.398311183372942412e-02,0.000000000000000000e+00,-0.000000000000000000e+00,-0.000000000000000000e+00,0.000000000000000000e+00,-0.000000000000000000e+00,-0.000000000000000000e+00,-0.000000000000000000e+00,-0.000000000000000000e+00,-0.000000000000000000e+00,-1.398316890040162130e-01,-0.000000000000000000e+00,-3.138455607462228292e-01,-5.232068415207993262e-01,-2.070802811394403531e-01,-4.462928360626136626e-02,-0.000000000000000000e+00,2.058034748624268495e+00,-4.166446908556897810e-02,-0.000000000000000000e+00,-0.000000000000000000e+00,-0.000000000000000000e+00,-2.282623789635229022e-02,-0.000000000000000000e+00,-1.682666284782118604e-01,-0.000000000000000000e+00
-0.000000000000000000e+00,-0.000000000000000000e+00,-0.000000000000000000e+00,-0.000000000000000000e+00,-0.000000000000000000e+00,-0.000000000000000000e+00,-0.000000000000000000e+00,0.000000000000000000e+00,-0.000000000000000000e+00,-0.000000000000000000e+00,-1.594879370539879215e-01,0.000000000000000000e+00,-4.056174275938555923e-02,-1.809502011996932669e-01,0.000000000000000000e+00,-0.000000000000000000e+00,-6.590621236889582235e-02,0.000000000000000000e+00,0.000000000000000000e+00,-1.421147220635528459e-02,-0.000000000000000000e+00,-0.000000000000000000e+00,-1.237591626656696538e-02,-0.000000000000000000e+00,-4.738955115755739966e-02,-1.698053496768808443e-02,-6.221111841318779229e-02,-3.612144435565452921e-02,-3.727952507917328684e-01,-0.000000000000000000e+00,-4.166446908556897810e-02,1.818288149208367566e+00,-0.000000000000000000e+00,-0.000000000000000000e+00,-3.763788275420139606e-01,-0.000000000000000000e+00,-1.633157200565566181e-01,-5.159374410617110357e-02,-0.000000000000000000e+00
-0.000000000000000000e+00,-0.000000000000000000e+00,-2.674260562145966968e-01,-0.000000000000000000e+00,-4.206279217456374564e-01,-0.000000000000000000e+00,-0.000000000000000000e+00,2.262475431278032356e-01,-0.000000000000000000e+00,-0.000000000000000000e+00,-0.000000000000000000e+00,0.000000000000000000e+00,-7.164672699346417983e-02,-1.577312822869954001e-01,0.000000000000000000e+00,-0.000000000000000000e+00,-0.000000000000000000e+00,-0.000000000000000000e+00,-0.000000000000000000e+00,-0.000000000000000000e+00,-2.591315386060754067e-01,-0.000000000000000000e+00,-3.686734843947666457e-02,-0.000000000000000000e+00,-0.000000000000000000e+00,-0.000000000000000000e+00,-0.000000000000000000e+00,-2.221466603118215921e-01,-0.000000000000000000e+00,-7.774620101516244164e-02,-0.000000000000000000e+00,-0.000000000000000000e+00,1.820995394455882765e+00,-0.000000000000000000e+00,-0.000000000000000000e+00,-2.237404964053694295e-02,-0.000000000000000000e+00,-0.000000000000000000e+00,-0.000000000000000000e+00
0.000000000000000000e+00,0.000000000000000000e+00,-0.000000000000000000e+00,1.098487553040273512e-01,-3.388033049517438222e-01,-0.000000000000000000e+00,-0.000000000000000000e+00,0.000000000000000000e+00,-2.297969145612146491e-01,-0.000000000000000000e+00,-0.000000000000000000e+00,-0.000000000000000000e+00,-0.000000000000000000e+00,-0.000000000000000000e+00,-8.535917523258781947e-02,-0.000000000000000000e+00,-4.772597489014798050e-02,-0.000000000000000000e+00,-0.000000000000000000e+00,-0.000000000000000000e+00,0.000000000000000000e+00,0.000000000000000000e+00,-0.000000000000000000e+00,-8.144858743914884514e-02,0.000000000000000000e+00,-0.000000000000000000e+00,-0.000000000000000000e+00,-0.000000000000000000e+00,0.000000000000000000e+00,-0.000000000000000000e+00,-0.000000000000000000e+00,-0.000000000000000000e+00,-0.000000000000000000e+00,1.328323988906380260e+00,0.000000000000000000e+00,-0.000000000000000000e+00,0.000000000000000000e+00,-3.378795956078429943e-03,-1.341501308499397360e-01
-1.412895715481213288e-01,-1.066518767948286955e-01,-0.000000000000000000e+00,-5.191238130086690827e-02,-0.000000000000000000e+00,-1.527289387936177911e-01,-0.000000000000000000e+00,0.000000000000000000e+00,-0.000000000000000000e+00,-0.000000000000000000e+00,-0.000000000000000000e+00,0.000000000000000000e+00,-1.729135574302340106e-01,-1.334789608803265970e-01,0.000000000000000000e+00,-5.147654962864941369e-02,-0.000000000000000000e+00,-0.000000000000000000e+00,-0.000000000000000000e+00,-1.772234685122772435e-01,-0.000000000000000000e+00,-0.000000000000000000e+00,-1.598547849129109688e-01,-0.000000000000000000e+00,-2.973988236456018286e-01,-1.360482852370842044e-01,-0.000000000000000000e+00,-6.585975009943856318e-02,-2.573106392244417506e-01,-2.668330812683605141e-02,-0.000000000000000000e+00,-3.763788275420139606e-01,-0.000000000000000000e+00,0.000000000000000000e+00,2.547796488325848152e+00,-0.000000000000000000e+00,-4.416192897312377075e-01,-0.000000000000000000e+00,-0.000000000000000000e+00
-2.325016211734471094e-01,-3.069739820923784723e-01,-0.000000000000000000e+00,-0.000000000000000000e+00,-0.000000000000000000e+00,-0.000000000000000000e+00,-0.000000000000000000e+00,0.000000000000000000e+00,0.000000000000000000e+00,-3.773793124951639599e-02,-0.000000000000000000e+00,8.050288083329415478e-02,-0.000000000000000000e+00,-0.000000000000000000e+00,0.000000000000000000e+00,-1.749174086300357700e-01,-0.000000000000000000e+00,-0.000000000000000000e+00,0.000000000000000000e+00,-0.000000000000000000e+00,-0.000000000000000000e+00,-0.000000000000000000e+00,-0.000000000000000000e+00,-0.000000000000000000e+00,-0.000000000000000000e+00,-4.104553695352807646e-02,-3.611713580001681828e-02,-1.581007433490712877e-01,-1.803201948839761870e-01,-4.111523122261570573e-01,-2.282623789635229022e-02,-0.000000000000000000e+00,-2.237404964053694295e-02,-0.000000000000000000e+00,-0.000000000000000000e+00,1.894646502021522183e+00,-6.248307021815729251e-02,-0.000000000000000000e+00,-0.000000000000000000e+00
-2.109877055921444144e-01,-2.843254557995130161e-01,-0.000000000000000000e+00,-0.000000000000000000e+00,-0.000000000000000000e+00,-1.659622444848998096e-02,-0.000000000000000000e+00,3.278633437368472237e-02,-0.000000000000000000e+00,-1.628038296074593716e-01,-0.000000000000000000e+00,0.000000000000000000e+00,-1.405951416207586457e-01,-2.436678972707088664e-01,0.000000000000000000e+00,-7.961754448784207072e-02,-0.000000000000000000e+00,-0.000000000000000000e+00,-0.000000000000000000e+00,-6.594516798065441776e-02,-0.000000000000000000e+00,-0.000000000000000000e+00,-1.299607365935251391e-01,-0.000000000000000000e+00,-1.694086842309615037e-01,-1.591809600731474428e-01,-3.395808912553689718e-02,-0.000000000000000000e+00,-2.847815914754114885e-01,-5.327288343923340663e-02,-0.000000000000000000e+00,-1.633157200565566181e-01,-0.000000000000000000e+00,0.000000000000000000e+00,-4.416192897312377075e-01,-6.248307021815729251e-02,2.594612613739084139e+00,-0.000000000000000000e+00,-0.000000000000000000e+00
-0.000000000000000000e+00,-0.000000000000000000e+00,-0.000000000000000000e+00,0.000000000000000000e+00,-8.325191361349390529e-02,-0.000000000000000000e+00,-0.000000000000000000e+00,0.000000000000000000e+00,-0.000000000000000000e+00,-3.642488029234290936e-01,-0.000000000000000000e+00,-0.000000000000000000e+00,-0.000000000000000000e+00,-0.000000000000000000e+00,-0.000000000000000000e+00,-0.000000000000000000e+00,-0.000000000000000000e+00,-0.000000000000000000e+00,-0.000000000000000000e+00,-0.000000000000000000e+00,-0.000000000000000000e+00,-0.000000000000000000e+00,-3.319692079932758805e-02,-1.851805440645090950e-01,-0.000000000000000000e+00,-0.000000000000000000e+00,-1.095579278232630960e-01,-0.000000000000000000e+00,-0.000000000000000000e+00,-0.000000000000000000e+00,-1.682666284782118604e-01,-5.159374410617110357e-02,-0.000000000000000000e+00,-3.378795956078429943e-03,-0.000000000000000000e+00,-0.000000000000000000e+00,-0.000000000000000000e+00,1.546628374390630611e+00,-3.353786785500877388e-01
-0.000000000000000000e+00,-0.000000000000000000e+00,-0.000000000000000000e+00,2.166493500608989153e-01,-1.452715947538475195e-02,-0.000000000000000000e+00,-0.000000000000000000e+00,0.000000000000000000e+00,-6.257003519737622810e-01,-0.000000000000000000e+00,-0.000000000000000000e+00,-1.707062323960282513e-01,-0.000000000000000000e+00,-0.000000000000000000e+00,-2.770504961536250990e-02,-0.000000000000000000e+00,-0.000000000000000000e+00,-0.000000000000000000e+00,-3.007766358811673757e-01,-0.000000000000000000e+00,0.000000000000000000e+00,-0.000000000000000000e+00,-0.000000000000000000e+00,-8.198564963553170437e-02,-0.000000000000000000e+00,-0.000000000000000000e+00,-0.000000000000000000e+00,-0.000000000000000000e+00,0.000000000000000000e+00,-0.000000000000000000e+00,-0.000000000000000000e+00,-0.000000000000000000e+00,-0.000000000000000000e+00,-1.341501308499397360e-01,-0.000000000000000000e+00,-0.000000000000000000e+00,-0.000000000000000000e+00,-3.353786785500877388e-01,1.816529153902436411e+00
