1.989706274084794835e+00,-9.432807490967226594e-01,-0.000000000000000000e+00,-0.000000000000000000e+00,-0.000000000000000000e+00,0.000000000000000000e+00,-5.946629631794321524e-02,0.000000000000000000e+00,-3.442986521368737729e-01,-0.000000000000000000e+00,0.000000000000000000e+00,0.000000000000000000e+00,0.000000000000000000e+00,-0.000000000000000000e+00,0.000000000000000000e+00,-0.000000000000000000e+00,0.000000000000000000e+00,0.000000000000000000e+00,0.000000000000000000e+00,-1.593534703234040367e-02,-0.000000000000000000e+00,-0.000000000000000000e+00,-0.000000000000000000e+00,-0.000000000000000000e+00,-1.680634670362289029e-01,0.000000000000000000e+00,0.000000000000000000e+00,-0.000000000000000000e+00,-0.000000000000000000e+00,-1.365453959369683223e-01,-0.000000000000000000e+00,-0.000000000000000000e+00,-0.000000000000000000e+00,-2.749202713123661823e-01,-0.000000000000000000e+00,-0.000000000000000000e+00,-0.000000000000000000e+00,-0.000000000000000000e+00,-0.000000000000000000e+00
-9.432807490967226594e-01,1.775182175787495265e+00,-0.000000000000000000e+00,-0.000000000000000000e+00,-0.000000000000000000e+00,0.000000000000000000e+00,-0.000000000000000000e+00,9.129692084416416581e-03,-2.372662146929906402e-01,-0.000000000000000000e+00,-0.000000000000000000e+00,0.000000000000000000e+00,2.105937633868352338e-02,-0.000000000000000000e+00,2.218611557813914281e-01,-0.000000000000000000e+00,-0.000000000000000000e+00,0.000000000000000000e+00,9.189622182349162227e-02,-3.225900875761961162e-02,-0.000000000000000000e+00,-0.000000000000000000e+00,-0.000000000000000000e+00,-0.000000000000000000e+00,-0.000000000000000000e+00,0.000000000000000000e+00,8.694598048233681542e-02,-0.000000000000000000e+00,-0.000000000000000000e+00,-1.121818412442445040e-01,-0.000000000000000000e+00,-0.000000000000000000e+00,-0.000000000000000000e+00,-2.749963058816214459e-02,-0.000000000000000000e+00,-2.488249939896225449e-02,-0.000000000000000000e+00,-0.000000000000000000e+00,-0.000000000000000000e+00
-0.000000000000000000e+00,-0.000000000000000000e+00,3.072391655338941430e+00,-0.000000000000000000e+00,-4.759130275168662050e-01,0.000000000000000000e+00,0.000000000000000000e+00,1.363357208009914778e+00,-2.711406196967776003e-02,-9.776124354835308283e-02,0.000000000000000000e+00,-0.000000000000000000e+00,0.000000000000000000e+00,-0.000000000000000000e+00,0.000000000000000000e+00,-1.614196582897122964e-02,-0.000000000000000000e+00,-0.000000000000000000e+00,-0.000000000000000000e+00,-0.000000000000000000e+00,-5.222731750268682083e-01,-7.862413013819702368e-02,-1.561593190201004400e-01,-0.000000000000000000e+00,-2.066211681165506728e-02,0.000000000000000000e+00,-0.000000000000000000e+00,-0.000000000000000000e+00,0.000000000000000000e+00,-4.388934816476106754e-02,-0.000000000000000000e+00,-0.000000000000000000e+00,-4.287295450467104585e-01,-1.457416541537995963e-02,-0.000000000000000000e+00,-0.000000000000000000e+00,-0.000000000000000000e+00,-0.000000000000000000e+00,-0.000000000000000000e+00
-0.000000000000000000e+00,-0.000000000000000000e+00,-0.000000000000000000e+00,1.149577322245064037e+00,-0.000000000000000000e+00,0.000000000000000000e+00,-9.581429626175098913e-02,0.000000000000000000e+00,-0.000000000000000000e+00,-0.000000000000000000e+00,3.264305867827724944e-02,-0.000000000000000000e+00,-0.000000000000000000e+00,-2.953220999983845463e-01,-1.677484674453492280e-02,-0.000000000000000000e+00,-0.000000000000000000e+00,-0.000000000000000000e+00,-0.000000000000000000e+00,-1.590329406818508651e-01,0.000000000000000000e+00,-0.000000000000000000e+00,-0.000000000000000000e+00,-1.594551631685290488e-02,-0.000000000000000000e+00,-0.000000000000000000e+00,-0.000000000000000000e+00,-0.000000000000000000e+00,-0.000000000000000000e+00,-0.000000000000000000e+00,-0.000000000000000000e+00,-0.000000000000000000e+00,0.000000000000000000e+00,-0.000000000000000000e+00,-0.000000000000000000e+00,-8.194717072742184688e-04,-0.000000000000000000e+00,0.000000000000000000e+00,-0.000000000000000000e+00
-0.000000000000000000e+00,-0.000000000000000000e+00,-4.759130275168662050e-01,-0.000000000000000000e+00,2.016455772290008497e+00,-0.000000000000000000e+00,0.000000000000000000e+00,3.458789081673780408e-01,-0.000000000000000000e+00,-2.434450851820355588e-01,0.000000000000000000e+00,-0.000000000000000000e+00,3.024133137867998644e-02,-7.566674102572523708e-02,-0.000000000000000000e+00,-0.000000000000000000e+00,-0.000000000000000000e+00,-0.000000000000000000e+00,-0.000000000000000000e+00,-0.000000000000000000e+00,-0.000000000000000000e+00,-2.894693328004386834e-01,-0.000000000000000000e+00,-1.896701416363289761e-01,-0.000000000000000000e+00,-0.000000000000000000e+00,-3.258831583334292903e-02,-0.000000000000000000e+00,0.000000000000000000e+00,-0.000000000000000000e+00,-0.000000000000000000e+00,-0.000000000000000000e+00,-1.483540008224925877e-01,-1.321967605043294913e-01,-0.000000000000000000e+00,-0.000000000000000000e+00,-0.000000000000000000e+00,-0.000000000000000000e+00,-0.000000000000000000e+00
0.000000000000000000e+00,0.000000000000000000e+00,0.000000000000000000e+00,0.000000000000000000e+00,-0.000000000000000000e+00,1.314841884387605964e+00,0.000000000000000000e+00,-0.000000000000000000e+00,0.000000000000000000e+00,0.000000000000000000e+00,-3.886018130396035608e-01,0.000000000000000000e+00,-0.000000000000000000e+00,0.000000000000000000e+00,0.000000000000000000e+00,0.000000000000000000e+00,-6.652537385655661606e-02,0.000000000000000000e+00,0.000000000000000000e+00,0.000000000000000000e+00,-0.000000000000000000e+00,0.000000000000000000e+00,-0.000000000000000000e+00,0.000000000000000000e+00,0.000000000000000000e+00,-0.000000000000000000e+00,-0.000000000000000000e+00,0.000000000000000000e+00,-0.000000000000000000e+00,0.000000000000000000e+00,0.000000000000000000e+00,-1.233173385837699060e-01,-0.000000000000000000e+00,0.000000000000000000e+00,-1.751957947516097625e-01,-0.000000000000000000e+00,-0.000000000000000000e+00,1.235963246308548341e-01,3.473448130216992280e-01
-5.946629631794321524e-02,-0.000000000000000000e+00,0.000000000000000000e+00,-9.581429626175098913e-02,0.000000000000000000e+00,0.000000000000000000e+00,1.040530284948512074e+00,0.000000000000000000e+00,-0.000000000000000000e+00,-0.000000000000000000e+00,0.000000000000000000e+00,0.000000000000000000e+00,-0.000000000000000000e+00,-0.000000000000000000e+00,-0.000000000000000000e+00,-0.000000000000000000e+00,-0.000000000000000000e+00,0.000000000000000000e+00,0.000000000000000000e+00,-1.463207233335356017e-01,0.000000000000000000e+00,-0.000000000000000000e+00,-0.000000000000000000e+00,0.000000000000000000e+00,-0.000000000000000000e+00,0.000000000000000000e+00,-0.000000000000000000e+00,-0.000000000000000000e+00,-0.000000000000000000e+00,-0.000000000000000000e+00,-0.000000000000000000e+00,-0.000000000000000000e+00,3.997480098284889732e-02,-0.000000000000000000e+00,-0.000000000000000000e+00,-0.000000000000000000e+00,-0.000000000000000000e+00,0.000000000000000000e+00,-0.000000000000000000e+00
0.000000000000000000e+00,9.129692084416416581e-03,1.363357208009914778e+00,0.000000000000000000e+00,3.458789081673780408e-01,-0.000000000000000000e+00,0.000000000000000000e+00,2.834904771243935251e+00,0.000000000000000000e+00,1.017801306788247706e-01,-0.000000000000000000e+00,0.000000000000000000e+00,-0.000000000000000000e+00,3.193386454225798782e-02,-0.000000000000000000e+00,1.347420945571931317e-01,-0.000000000000000000e+00,0.000000000000000000e+00,0.000000000000000000e+00,7.817501617032802941e-02,2.299237118893715792e-01,3.296283086489517067e-01,0.000000000000000000e+00,9.371475304584783728e-02,1.454548901322144303e-02,-0.000000000000000000e+00,0.000000000000000000e+00,0.000000000000000000e+00,-0.000000000000000000e+00,4.746534382821725878e-02,1.102209147494018632e-01,0.000000000000000000e+00,0.000000000000000000e+00,0.000000000000000000e+00,0.000000000000000000e+00,0.000000000000000000e+00,0.000000000000000000e+00,0.000000000000000000e+00,0.000000000000000000e+00
-3.442986521368737729e-01,-2.372662146929906402e-01,-2.711406196967776003e-02,-0.000000000000000000e+00,-0.000000000000000000e+00,0.000000000000000000e+00,-0.000000000000000000e+00,0.000000000000000000e+00,1.895590381337820984e+00,-1.262203911065206720e-02,0.000000000000000000e+00,-0.000000000000000000e+00,0.000000000000000000e+00,-4.778562311883002151e-02,0.000000000000000000e+00,-0.000000000000000000e+00,-0.000000000000000000e+00,-0.000000000000000000e+00,-0.000000000000000000e+00,-0.000000000000000000e+00,-0.000000000000000000e+00,-1.521872662489161601e-02,-0.000000000000000000e+00,-1.492521517725722488e-02,-0.000000000000000000e+00,0.000000000000000000e+00,0.000000000000000000e+00,-5.960538326665480724e-02,-0.000000000000000000e+00,-3.499404350341421832e-01,-0.000000000000000000e+00,-0.000000000000000000e+00,-0.000000000000000000e+00,-2.234171685238412475e-01,-0.000000000000000000e+00,-2.000594524758737280e-01,-0.000000000000000000e+00,-2.313126559662248283e-01,-2.061421440046651843e-01
-0.000000000000000000e+00,-0.000000000000000000e+00,-9.776124354835308283e-02,-0.000000000000000000e+00,-2.434450851820355588e-01,0.000000000000000000e+00,-0.000000000000000000e+00,1.017801306788247706e-01,-1.262203911065206720e-02,2.734480068732747515e+00,0.000000000000000000e+00,-0.000000000000000000e+00,0.000000000000000000e+00,-1.010231818992541469e-01,0.000000000000000000e+00,-6.153614842753685199e-01,0.000000000000000000e+00,-0.000000000000000000e+00,-2.019070725012124257e-01,-4.952880897394882492e-02,-0.000000000000000000e+00,-0.000000000000000000e+00,-1.874203711656309557e-01,-0.000000000000000000e+00,-2.482627629951334736e-01,-0.000000000000000000e+00,-9.290854531931076743e-03,-0.000000000000000000e+00,-0.000000000000000000e+00,-3.152913467401322611e-01,-1.081118102553069726e-01,-0.000000000000000000e+00,-0.000000000000000000e+00,-0.000000000000000000e+00,-0.000000000000000000e+00,-0.000000000000000000e+00,-0.000000000000000000e+00,-4.548721112540943939e-02,-6.469804190814617550e-01
0.000000000000000000e+00,-0.000000000000000000e+00,0.000000000000000000e+00,3.264305867827724944e-02,0.000000000000000000e+00,-3.886018130396035608e-01,0.000000000000000000e+00,-0.000000000000000000e+00,0.000000000000000000e+00,0.000000000000000000e+00,1.245643321982059071e+00,0.000000000000000000e+00,-0.000000000000000000e+00,0.000000000000000000e+00,2.785232257269077208e-02,0.000000000000000000e+00,-3.124653539893603171e-01,-0.000000000000000000e+00,0.000000000000000000e+00,0.000000000000000000e+00,0.000000000000000000e+00,0.000000000000000000e+00,-0.000000000000000000e+00,6.300453888115337261e-05,-0.000000000000000000e+00,-0.000000000000000000e+00,0.000000000000000000e+00,0.000000000000000000e+00,-0.000000000000000000e+00,0.000000000000000000e+00,-0.000000000000000000e+00,-0.000000000000000000e+00,-0.000000000000000000e+00,8.498732981861259472e-02,-0.000000000000000000e+00,0.000000000000000000e+00,-0.000000000000000000e+00,0.000000000000000000e+00,0.000000000000000000e+00
0.000000000000000000e+00,0.000000000000000000e+00,-0.000000000000000000e+00,-0.000000000000000000e+00,-0.000000000000000000e+00,0.000000000000000000e+00,0.000000000000000000e+00,0.000000000000000000e+00,-0.000000000000000000e+00,-0.000000000000000000e+00,0.000000000000000000e+00,2.073816056889386417e+00,-0.000000000000000000e+00,-2.380424185055383945e-01,-5.234830810242718790e-01,-0.000000000000000000e+00,0.000000000000000000e+00,-1.477382266356320160e-02,-4.266953591627293818e-01,-0.000000000000000000e+00,-0.000000000000000000e+00,-1.043450101890283505e-01,-0.000000000000000000e+00,-1.187751582026511238e-01,-0.000000000000000000e+00,-2.221019374792431722e-01,-3.765311861660742832e-01,-2.005837954658102884e-01,-0.000000000000000000e+00,-0.000000000000000000e+00,-4.065330902430349530e-02,-0.000000000000000000e+00,-0.000000000000000000e+00,-0.000000000000000000e+00,-0.000000000000000000e+00,-0.000000000000000000e+00,-0.000000000000000000e+00,-0.000000000000000000e+00,-0.000000000000000000e+00
0.000000000000000000e+00,2.105937633868352338e-02,0.000000000000000000e+00,-0.000000000000000000e+00,3.024133137867998644e-02,-0.000000000000000000e+00,-0.000000000000000000e+00,-0.000000000000000000e+00,0.000000000000000000e+00,0.000000000000000000e+00,-0.000000000000000000e+00,-0.000000000000000000e+00,1.068877517831149593e+00,-0.000000000000000000e+00,-0.000000000000000000e+00,0.000000000000000000e+00,-0.000000000000000000e+00,0.000000000000000000e+00,0.000000000000000000e+00,0.000000000000000000e+00,5.641092964225217360e-02,6.006806626557231743e-02,-0.000000000000000000e+00,-0.000000000000000000e+00,0.000000000000000000e+00,0.000000000000000000e+00,0.000000000000000000e+00,0.000000000000000000e+00,-8.338854939117057441e-02,0.000000000000000000e+00,0.000000000000000000e+00,-0.000000000000000000e+00,0.000000000000000000e+00,0.000000000000000000e+00,-2.018489003349697719e-01,-0.000000000000000000e+00,-3.188800737529105117e-02,1.028101950260659238e-02,8.678065441154238224e-02
-0.000000000000000000e+00,-0.000000000000000000e+00,-0.000000000000000000e+00,-2.953220999983845463e-01,-7.566674102572523708e-02,0.000000000000000000e+00,-0.000000000000000000e+00,3.193386454225798782e-02,-4.778562311883002151e-02,-1.010231818992541469e-01,0.000000000000000000e+00,-2.380424185055383945e-01,-0.000000000000000000e+00,2.375856827150351513e+00,-0.000000000000000000e+00,-0.000000000000000000e+00,-0.000000000000000000e+00,-0.000000000000000000e+00,-0.000000000000000000e+00,-3.558658183972088912e-02,-0.000000000000000000e+00,-0.000000000000000000e+00,-2.853737398737377085e-01,-5.308779833478586285e-01,-0.000000000000000000e+00,-0.000000000000000000e+00,-9.159815355277960147e-02,-1.696783266149547442e-01,-1.182651731525722200e-01,-0.000000000000000000e+00,-8.195067339191910993e-02,-2.393476854824056199e-01,-0.000000000000000000e+00,-0.000000000000000000e+00,-2.710594121902698550e-01,-2.928676830308540313e-01,-6.491729356450248734e-02,-0.000000000000000000e+00,-0.000000000000000000e+00
0.000000000000000000e+00,2.218611557813914281e-01,0.000000000000000000e+00,-1.677484674453492280e-02,-0.000000000000000000e+00,0.000000000000000000e+00,-0.000000000000000000e+00,-0.000000000000000000e+00,0.000000000000000000e+00,0.000000000000000000e+00,2.785232257269077208e-02,-5.234830810242718790e-01,-0.000000000000000000e+00,-0.000000000000000000e+00,1.483426490837178369e+00,0.000000000000000000e+00,-0.000000000000000000e+00,-0.000000000000000000e+00,-0.000000000000000000e+00,-0.000000000000000000e+00,0.000000000000000000e+00,-0.000000000000000000e+00,0.000000000000000000e+00,-5.758779913492517027e-02,7.160809395093740981e-02,-4.157410426053870789e-01,-0.000000000000000000e+00,-0.000000000000000000e+00,-0.000000000000000000e+00,0.000000000000000000e+00,-0.000000000000000000e+00,0.000000000000000000e+00,0.000000000000000000e+00,0.000000000000000000e+00,-0.000000000000000000e+00,0.000000000000000000e+00,-0.000000000000000000e+00,-0.000000000000000000e+00,0.000000000000000000e+00
-0.000000000000000000e+00,-0.000000000000000000e+00,-1.614196582897122964e-02,-0.000000000000000000e+00,-0.000000000000000000e+00,0.000000000000000000e+00,-0.000000000000000000e+00,1.347420945571931317e-01,-0.000000000000000000e+00,-6.153614842753685199e-01,0.000000000000000000e+00,-0.000000000000000000e+00,0.000000000000000000e+00,-0.000000000000000000e+00,0.000000000000000000e+00,2.492048617539470268e+00,-0.000000000000000000e+00,-2.318052769652849676e-01,-0.000000000000000000e+00,-0.000000000000000000e+00,-5.708505412122741318e-02,-8.648070381500296000e-02,-3.976886968343933959e-01,-0.000000000000000000e+00,-0.000000000000000000e+00,-5.961854639604390049e-02,-0.000000000000000000e+00,-2.482248587820869989e-01,-0.000000000000000000e+00,-5.587041862380620616e-01,-5.484189956323648474e-02,-0.000000000000000000e+00,-0.000000000000000000e+00,0.000000000000000000e+00,-0.000000000000000000e+00,-8.709814695440248541e-03,-0.000000000000000000e+00,-8.121423814374474637e-02,-0.000000000000000000e+00
0.000000000000000000e+00,-0.000000000000000000e+00,-0.000000000000000000e+00,-0.000000000000000000e+00,-0.000000000000000000e+00,-6.652537385655661606e-02,-0.000000000000000000e+00,-0.000000000000000000e+00,-0.000000000000000000e+00,0.000000000000000000e+00,-3.124653539893603171e-01,0.000000000000000000e+00,-0.000000000000000000e+00,-0.000000000000000000e+00,-0.000000000000000000e+00,-0.000000000000000000e+00,1.157918146040685770e+00,-0.000000000000000000e+00,0.000000000000000000e+00,0.000000000000000000e+00,0.000000000000000000e+00,-0.000000000000000000e+00,-0.000000000000000000e+00,-0.000000000000000000e+00,0.000000000000000000e+00,-8.191605334342855205e-02,0.000000000000000000e+00,0.000000000000000000e+00,-0.000000000000000000e+00,-0.000000000000000000e+00,0.000000000000000000e+00,-1.996828785853601296e-01,-0.000000000000000000e+00,0.000000000000000000e+00,0.000000000000000000e+00,-0.000000000000000000e+00,0.000000000000000000e+00,-0.000000000000000000e+00,0.000000000000000000e+00
0.000000000000000000e+00,0.000000000000000000e+00,-0.000000000000000000e+00,-0.000000000000000000e+00,-0.000000000000000000e+00,0.000000000000000000e+00,0.000000000000000000e+00,0.000000000000000000e+00,-0.000000000000000000e+00,-0.000000000000000000e+00,-0.000000000000000000e+00,-1.477382266356320160e-02,0.000000000000000000e+00,-0.000000000000000000e+00,-0.000000000000000000e+00,-2.318052769652849676e-01,-0.000000000000000000e+00,2.319720490654588296e+00,-7.105498123446457592e-01,-0.000000000000000000e+00,-0.000000000000000000e+00,-0.000000000000000000e+00,-0.000000000000000000e+00,-0.000000000000000000e+00,-0.000000000000000000e+00,-2.432667518587061650e-01,-0.000000000000000000e+00,-2.590121251729478047e-01,-0.000000000000000000e+00,-0.000000000000000000e+00,-0.000000000000000000e+00,0.000000000000000000e+00,-0.000000000000000000e+00,2.011571067212539546e-02,0.000000000000000000e+00,-0.000000000000000000e+00,-0.000000000000000000e+00,-8.366159011000015022e-01,-0.000000000000000000e+00
0.000000000000000000e+00,9.189622182349162227e-02,-0.000000000000000000e+00,-0.000000000000000000e+00,-0.000000000000000000e+00,0.000000000000000000e+00,0.000000000000000000e+00,0.000000000000000000e+00,-0.000000000000000000e+00,-2.019070725012124257e-01,0.000000000000000000e+00,-4.266953591627293818e-01,0.000000000000000000e+00,-0.000000000000000000e+00,-0.000000000000000000e+00,-0.000000000000000000e+00,0.000000000000000000e+00,-7.105498123446457592e-01,1.932287249422099729e+00,-0.000000000000000000e+00,-0.000000000000000000e+00,-0.000000000000000000e+00,-0.000000000000000000e+00,-0.000000000000000000e+00,-0.000000000000000000e+00,-0.000000000000000000e+00,-0.000000000000000000e+00,-5.166395195415895113e-03,-0.000000000000000000e+00,-0.000000000000000000e+00,-0.000000000000000000e+00,0.000000000000000000e+00,0.000000000000000000e+00,1.917169324677880926e-01,-0.000000000000000000e+00,-0.000000000000000000e+00,-0.000000000000000000e+00,-4.844364056919658532e-03,-4.165420217116593271e-01
-1.593534703234040367e-02,-3.225900875761961162e-02,-0.000000000000000000e+00,-1.590329406818508651e-01,-0.000000000000000000e+00,0.000000000000000000e+00,-1.463207233335356017e-01,7.817501617032802941e-02,-0.000000000000000000e+00,-4.952880897394882492e-02,0.000000000000000000e+00,-0.000000000000000000e+00,0.000000000000000000e+00,-3.558658183972088912e-02,-0.000000000000000000e+00,-0.000000000000000000e+00,0.000000000000000000e+00,-0.000000000000000000e+00,-0.000000000000000000e+00,1.266997481093029343e+00,-0.000000000000000000e+00,-1.786419916521123641e-01,-0.000000000000000000e+00,-0.000000000000000000e+00,-0.000000000000000000e+00,-0.000000000000000000e+00,-0.000000000000000000e+00,-4.457456558510615625e-03,-0.000000000000000000e+00,-0.000000000000000000e+00,-8.726544572222465213e-02,-0.000000000000000000e+00,0.000000000000000000e+00,-0.000000000000000000e+00,-1.005699501230953169e-01,-4.264998093828948830e-03,-1.097865825356114100e-01,-0.000000000000000000e+00,-0.000000000000000000e+00
-0.000000000000000000e+00,-0.000000000000000000e+00,-5.222731750268682083e-01,0.000000000000000000e+00,-0.000000000000000000e+00,-0.000000000000000000e+00,0.000000000000000000e+00,2.299237118893715792e-01,-0.000000000000000000e+00,-0.000000000000000000e+00,0.000000000000000000e+00,-0.000000000000000000e+00,5.641092964225217360e-02,-0.000000000000000000e+00,0.000000000000000000e+00,-5.708505412122741318e-02,0.000000000000000000e+00,-0.000000000000000000e+00,-0.000000000000000000e+00,-0.000000000000000000e+00,1.603485123657611755e+00,-2.488817915634436995e-01,-0.000000000000000000e+00,-0.000000000000000000e+00,-2.046471121045488270e-02,0.000000000000000000e+00,0.000000000000000000e+00,-0.000000000000000000e+00,0.000000000000000000e+00,-4.197765059595977288e-02,-0.000000000000000000e+00,-0.000000000000000000e+00,-5.866662448214653158e-02,-0.000000000000000000e+00,-0.000000000000000000e+00,-0.000000000000000000e+00,-0.000000000000000000e+00,-0.000000000000000000e+00,-0.000000000000000000e+00
-0.000000000000000000e+00,-0.000000000000000000e+00,-7.862413013819702368e-02,-0.000000000000000000e+00,-2.894693328004386834e-01,0.000000000000000000e+00,-0.000000000000000000e+00,3.296283086489517067e-01,-1.521872662489161601e-02,-0.000000000000000000e+00,0.000000000000000000e+00,-1.043450101890283505e-01,6.006806626557231743e-02,-0.000000000000000000e+00,-0.000000000000000000e+00,-8.648070381500296000e-02,-0.000000000000000000e+00,-0.000000000000000000e+00,-0.000000000000000000e+00,-1.786419916521123641e-01,-2.488817915634436995e-01,1.900172936124063794e+00,-0.000000000000000000e+00,-0.000000000000000000e+00,-0.000000000000000000e+00,-0.000000000000000000e+00,-0.000000000000000000e+00,-2.293893853024301932e-01,-0.000000000000000000e+00,-0.000000000000000000e+00,-1.974217951666416004e-01,-0.000000000000000000e+00,-6.027001333353880497e-02,-6.224950950680702838e-02,-0.000000000000000000e+00,-0.000000000000000000e+00,-0.000000000000000000e+00,-8.822809019785897780e-03,-0.000000000000000000e+00
-0.000000000000000000e+00,-0.000000000000000000e+00,-1.561593190201004400e-01,-0.000000000000000000e+00,-0.000000000000000000e+00,-0.000000000000000000e+00,-0.000000000000000000e+00,0.000000000000000000e+00,-0.000000000000000000e+00,-1.874203711656309557e-01,-0.000000000000000000e+00,-0.000000000000000000e+00,-0.000000000000000000e+00,-2.853737398737377085e-01,0.000000000000000000e+00,-3.976886968343933959e-01,-0.000000000000000000e+00,-0.000000000000000000e+00,-0.000000000000000000e+00,-0.000000000000000000e+00,-0.000000000000000000e+00,-0.000000000000000000e+00,2.078441963562673855e+00,-0.000000000000000000e+00,-3.927742343236517164e-01,-0.000000000000000000e+00,-0.000000000000000000e+00,-1.727780916242070697e-01,-0.000000000000000000e+00,-1.680949643255039427e-01,-0.000000000000000000e+00,-0.000000000000000000e+00,-0.000000000000000000e+00,-0.000000000000000000e+00,-1.041140571943154208e-01,-1.806067816400632742e-01,-0.000000000000000000e+00,-0.000000000000000000e+00,-0.000000000000000000e+00
-0.000000000000000000e+00,-0.000000000000000000e+00,-0.000000000000000000e+00,-1.594551631685290488e-02,-1.896701416363289761e-01,0.000000000000000000e+00,0.000000000000000000e+00,9.371475304584783728e-02,-1.492521517725722488e-02,-0.000000000000000000e+00,6.300453888115337261e-05,-1.187751582026511238e-01,-0.000000000000000000e+00,-5.308779833478586285e-01,-5.758779913492517027e-02,-0.000000000000000000e+00,-0.000000000000000000e+00,-0.000000000000000000e+00,-0.000000000000000000e+00,-0.000000000000000000e+00,-0.000000000000000000e+00,-0.000000000000000000e+00,-0.000000000000000000e+00,1.570159139046987118e+00,-0.000000000000000000e+00,-0.000000000000000000e+00,-3.359269411671786387e-02,-4.191927898089522347e-02,-0.000000000000000000e+00,-0.000000000000000000e+00,-0.000000000000000000e+00,-0.000000000000000000e+00,-0.000000000000000000e+00,-2.417629659893973659e-01,-0.000000000000000000e+00,-0.000000000000000000e+00,-0.000000000000000000e+00,-0.000000000000000000e+00,-0.000000000000000000e+00
-1.680634670362289029e-01,-0.000000000000000000e+00,-2.066211681165506728e-02,-0.000000000000000000e+00,-0.000000000000000000e+00,0.000000000000000000e+00,-0.000000000000000000e+00,1.454548901322144303e-02,-0.000000000000000000e+00,-2.482627629951334736e-01,-0.000000000000000000e+00,-0.000000000000000000e+00,0.000000000000000000e+00,-0.000000000000000000e+00,7.160809395093740981e-02,-0.000000000000000000e+00,0.000000000000000000e+00,-0.000000000000000000e+00,-0.000000000000000000e+00,-0.000000000000000000e+00,-2.046471121045488270e-02,-0.000000000000000000e+00,-3.927742343236517164e-01,-0.000000000000000000e+00,1.701547064567584533e+00,0.000000000000000000e+00,-0.000000000000000000e+00,-0.000000000000000000e+00,-0.000000000000000000e+00,-1.474627080233179566e-01,-2.478327853438605233e-01,-0.000000000000000000e+00,-1.079390549536439481e-01,-0.000000000000000000e+00,-0.000000000000000000e+00,-0.000000000000000000e+00,-0.000000000000000000e+00,-0.000000000000000000e+00,-1.535285908837779600e-01
0.000000000000000000e+00,0.000000000000000000e+00,0.000000000000000000e+00,-0.000000000000000000e+00,-0.000000000000000000e+00,-0.000000000000000000e+00,0.000000000000000000e+00,-0.000000000000000000e+00,0.000000000000000000e+00,-0.000000000000000000e+00,-0.000000000000000000e+00,-2.221019374792431722e-01,0.000000000000000000e+00,-0.000000000000000000e+00,-4.157410426053870789e-01,-5.961854639604390049e-02,-8.191605334342855205e-02,-2.432667518587061650e-01,-0.000000000000000000e+00,-0.000000000000000000e+00,0.000000000000000000e+00,-0.000000000000000000e+00,-0.000000000000000000e+00,-0.000000000000000000e+00,0.000000000000000000e+00,1.650261970006661416e+00,-3.968866747350934809e-01,-5.929788580467252462e-02,-8.000512294374988176e-02,0.000000000000000000e+00,-0.000000000000000000e+00,-0.000000000000000000e+00,-0.000000000000000000e+00,0.000000000000000000e+00,-0.000000000000000000e+00,-0.000000000000000000e+00,-0.000000000000000000e+00,-0.000000000000000000e+00,0.000000000000000000e+00
0.000000000000000000e+00,8.694598048233681542e-02,-0.000000000000000000e+00,-0.000000000000000000e+00,-3.258831583334292903e-02,-0.000000000000000000e+00,-0.000000000000000000e+00,0.000000000000000000e+00,0.000000000000000000e+00,-9.290854531931076743e-03,0.000000000000000000e+00,-3.765311861660742832e-01,0.000000000000000000e+00,-9.159815355277960147e-02,-0.000000000000000000e+00,-0.000000000000000000e+00,0.000000000000000000e+00,-0.000000000000000000e+00,-0.000000000000000000e+00,-0.000000000000000000e+00,0.000000000000000000e+00,-0.000000000000000000e+00,-0.000000000000000000e+00,-3.359269411671786387e-02,-0.000000000000000000e+00,-3.968866747350934809e-01,1.630104620865389542e+00,-0.000000000000000000e+00,-1.482975187890402981e-02,0.000000000000000000e+00,-1.711216363345165470e-01,-2.157004061375521753e-01,-0.000000000000000000e+00,-0.000000000000000000e+00,-7.307475734599960804e-02,-0.000000000000000000e+00,-6.399560565860827610e-02,-0.000000000000000000e+00,-0.000000000000000000e+00
-0.000000000000000000e+00,-0.000000000000000000e+00,-0.000000000000000000e+00,-0.000000000000000000e+00,-0.000000000000000000e+00,0.000000000000000000e+00,-0.000000000000000000e+00,0.000000000000000000e+00,-5.960538326665480724e-02,-0.000000000000000000e+00,0.000000000000000000e+00,-2.005837954658102884e-01,0.000000000000000000e+00,-1.696783266149547442e-01,-0.000000000000000000e+00,-2.482248587820869989e-01,0.000000000000000000e+00,-2.590121251729478047e-01,-5.166395195415895113e-03,-4.457456558510615625e-03,-0.000000000000000000e+00,-2.293893853024301932e-01,-1.727780916242070697e-01,-4.191927898089522347e-02,-0.000000000000000000e+00,-5.929788580467252462e-02,-0.000000000000000000e+00,2.380271280661397704e+00,-5.206021933089002678e-03,-0.000000000000000000e+00,-7.354657649861809920e-01,-0.000000000000000000e+00,-1.188710223639612151e-02,-0.000000000000000000e+00,-4.551377618728875973e-03,-0.000000000000000000e+00,-8.793375839775697742e-03,-3.008747437371255273e-01,-0.000000000000000000e+00
-0.000000000000000000e+00,-0.000000000000000000e+00,0.000000000000000000e+00,-0.000000000000000000e+00,0.000000000000000000e+00,-0.000000000000000000e+00,-0.000000000000000000e+00,-0.000000000000000000e+00,-0.000000000000000000e+00,-0.000000000000000000e+00,-0.000000000000000000e+00,-0.000000000000000000e+00,-8.338854939117057441e-02,-1.182651731525722200e-01,-0.000000000000000000e+00,-0.000000000000000000e+00,-0.000000000000000000e+00,-0.000000000000000000e+00,-0.000000000000000000e+00,-0.000000000000000000e+00,0.000000000000000000e+00,-0.000000000000000000e+00,-0.000000000000000000e+00,-0.000000000000000000e+00,-0.000000000000000000e+00,-8.000512294374988176e-02,-1.482975187890402981e-02,-5.206021933089002678e-03,1.564760999292710952e+00,-0.000000000000000000e+00,-0.000000000000000000e+00,-1.875050151490009406e-02,-0.000000000000000000e+00,-0.000000000000000000e+00,-3.872783552209131397e-01,-3.041674159043441378e-02,-4.927202583349761800e-01,0.000000000000000000e+00,0.000000000000000000e+00
-1.365453959369683223e-01,-1.121818412442445040e-01,-4.388934816476106754e-02,-0.000000000000000000e+00,-0.000000000000000000e+00,0.000000000000000000e+00,-0.000000000000000000e+00,4.746534382821725878e-02,-3.499404350341421832e-01,-3.152913467401322611e-01,0.000000000000000000e+00,-0.000000000000000000e+00,0.000000000000000000e+00,-0.000000000000000000e+00,0.000000000000000000e+00,-5.587041862380620616e-01,-0.000000000000000000e+00,-0.000000000000000000e+00,-0.000000000000000000e+00,-0.000000000000000000e+00,-4.197765059595977288e-02,-0.000000000000000000e+00,-1.680949643255039427e-01,-0.000000000000000000e+00,-1.474627080233179566e-01,0.000000000000000000e+00,0.000000000000000000e+00,-0.000000000000000000e+00,-0.000000000000000000e+00,2.421943183133353994e+00,-0.000000000000000000e+00,-0.000000000000000000e+00,-0.000000000000000000e+00,-0.000000000000000000e+00,-0.000000000000000000e+00,-4.106231167287494044e-01,-0.000000000000000000e+00,-5.276841662054212317e-02,-2.327155196761465650e-01
-0.000000000000000000e+00,-0.000000000000000000e+00,-0.000000000000000000e+00,-0.000000000000000000e+00,-0.000000000000000000e+00,0.000000000000000000e+00,-0.000000000000000000e+00,1.102209147494018632e-01,-0.000000000000000000e+00,-1.081118102553069726e-01,-0.000000000000000000e+00,-4.065330902430349530e-02,0.000000000000000000e+00,-8.195067339191910993e-02,-0.000000000000000000e+00,-5.484189956323648474e-02,0.000000000000000000e+00,-0.000000000000000000e+00,-0.000000000000000000e+00,-8.726544572222465213e-02,-0.000000000000000000e+00,-1.974217951666416004e-01,-0.000000000000000000e+00,-0.000000000000000000e+00,-2.478327853438605233e-01,-0.000000000000000000e+00,-1.711216363345165470e-01,-7.354657649861809920e-01,-0.000000000000000000e+00,-0.000000000000000000e+00,2.274125971292117576e+00,-0.000000000000000000e+00,-2.486232557374666932e-02,-0.000000000000000000e+00,-1.152948223219719404e-01,-0.000000000000000000e+00,-3.738359791019519318e-01,-0.000000000000000000e+00,-1.025583449668911323e-01
-0.000000000000000000e+00,-0.000000000000000000e+00,-0.000000000000000000e+00,-0.000000000000000000e+00,-0.000000000000000000e+00,-1.233173385837699060e-01,-0.000000000000000000e+00,0.000000000000000000e+00,-0.000000000000000000e+00,-0.000000000000000000e+00,-0.000000000000000000e+00,-0.000000000000000000e+00,-0.000000000000000000e+00,-2.393476854824056199e-01,0.000000000000000000e+00,-0.000000000000000000e+00,-1.996828785853601296e-01,0.000000000000000000e+00,0.000000000000000000e+00,-0.000000000000000000e+00,-0.000000000000000000e+00,-0.000000000000000000e+00,-0.000000000000000000e+00,-0.000000000000000000e+00,-0.000000000000000000e+00,-0.000000000000000000e+00,-2.157004061375521753e-01,-0.000000000000000000e+00,-1.875050151490009406e-02,-0.000000000000000000e+00,-0.000000000000000000e+00,1.369978357679583425e+00,-0.000000000000000000e+00,-0.000000000000000000e+00,-1.829810601099899348e-01,-2.931177834505146670e-02,-1.694414758545660649e-01,0.000000000000000000e+00,-0.000000000000000000e+00
-0.000000000000000000e+00,-0.000000000000000000e+00,-4.287295450467104585e-01,0.000000000000000000e+00,-1.483540008224925877e-01,-0.000000000000000000e+00,3.997480098284889732e-02,0.000000000000000000e+00,-0.000000000000000000e+00,-0.000000000000000000e+00,-0.000000000000000000e+00,-0.000000000000000000e+00,0.000000000000000000e+00,-0.000000000000000000e+00,0.000000000000000000e+00,-0.000000000000000000e+00,-0.000000000000000000e+00,-0.000000000000000000e+00,0.000000000000000000e+00,0.000000000000000000e+00,-5.866662448214653158e-02,-6.027001333353880497e-02,-0.000000000000000000e+00,-0.000000000000000000e+00,-1.079390549536439481e-01,-0.000000000000000000e+00,-0.000000000000000000e+00,-1.188710223639612151e-02,-0.000000000000000000e+00,-0.000000000000000000e+00,-2.486232557374666932e-02,-0.000000000000000000e+00,1.583112872164941454e+00,-4.450432496964685791e-01,-0.000000000000000000e+00,-0.000000000000000000e+00,-2.041661670773461598e-02,-0.000000000000000000e+00,0.000000000000000000e+00
-2.749202713123661823e-01,-2.749963058816214459e-02,-1.457416541537995963e-02,-0.000000000000000000e+00,-1.321967605043294913e-01,0.000000000000000000e+00,-0.000000000000000000e+00,0.000000000000000000e+00,-2.234171685238412475e-01,-0.000000000000000000e+00,8.498732981861259472e-02,-0.000000000000000000e+00,0.000000000000000000e+00,-0.000000000000000000e+00,0.000000000000000000e+00,0.000000000000000000e+00,0.000000000000000000e+00,2.011571067212539546e-02,1.917169324677880926e-01,-0.000000000000000000e+00,-0.000000000000000000e+00,-6.224950950680702838e-02,-0.000000000000000000e+00,-2.417629659893973659e-01,-0.000000000000000000e+00,0.000000000000000000e+00,-0.000000000000000000e+00,-0.000000000000000000e+00,-0.000000000000000000e+00,-0.000000000000000000e+00,-0.000000000000000000e+00,-0.000000000000000000e+00,-4.450432496964685791e-01,1.552687062636128212e+00,-0.000000000000000000e+00,-0.000000000000000000e+00,-0.000000000000000000e+00,-0.000000000000000000e+00,-0.000000000000000000e+00
-0.000000000000000000e+00,-0.000000000000000000e+00,-0.000000000000000000e+00,-0.000000000000000000e+00,-0.000000000000000000e+00,-1.751957947516097625e-01,-0.000000000000000000e+00,0.000000000000000000e+00,-0.000000000000000000e+00,-0.000000000000000000e+00,-0.000000000000000000e+00,-0.000000000000000000e+00,-2.018489003349697719e-01,-2.710594121902698550e-01,-0.000000000000000000e+00,-0.000000000000000000e+00,0.000000000000000000e+00,0.000000000000000000e+00,-0.000000000000000000e+00,-1.005699501230953169e-01,-0.000000000000000000e+00,-0.000000000000000000e+00,-1.041140571943154208e-01,-0.000000000000000000e+00,-0.000000000000000000e+00,-0.000000000000000000e+00,-7.307475734599960804e-02,-4.551377618728875973e-03,-3.872783552209131397e-01,-0.000000000000000000e+00,-1.152948223219719404e-01,-1.829810601099899348e-01,-0.000000000000000000e+00,-0.000000000000000000e+00,2.103332505601359426e+00,-1.182683214689700113e-01,-7.129830972725739180e-01,0.000000000000000000e+00,0.000000000000000000e+00
-0.000000000000000000e+00,-2.488249939896225449e-02,-0.000000000000000000e+00,-8.194717072742184688e-04,-0.000000000000000000e+00,-0.000000000000000000e+00,-0.000000000000000000e+00,0.000000000000000000e+00,-2.000594524758737280e-01,-0.000000000000000000e+00,0.000000000000000000e+00,-0.000000000000000000e+00,-0.000000000000000000e+00,-2.928676830308540313e-01,0.000000000000000000e+00,-8.709814695440248541e-03,-0.000000000000000000e+00,-0.000000000000000000e+00,-0.000000000000000000e+00,-4.264998093828948830e-03,-0.000000000000000000e+00,-0.000000000000000000e+00,-1.806067816400632742e-01,-0.000000000000000000e+00,-0.000000000000000000e+00,-0.000000000000000000e+00,-0.000000000000000000e+00,-0.000000000000000000e+00,-3.041674159043441378e-02,-4.106231167287494044e-01,-0.000000000000000000e+00,-2.931177834505146670e-02,-0.000000000000000000e+00,-0.000000000000000000e+00,-1.182683214689700113e-01,1.582698273743482931e+00,-0.000000000000000000e+00,-0.000000000000000000e+00,-0.000000000000000000e+00
-0.000000000000000000e+00,-0.000000000000000000e+00,-0.000000000000000000e+00,-0.000000000000000000e+00,-0.000000000000000000e+00,-0.000000000000000000e+00,-0.000000000000000000e+00,0.000000000000000000e+00,-0.000000000000000000e+00,-0.000000000000000000e+00,-0.000000000000000000e+00,-0.000000000000000000e+00,-3.188800737529105117e-02,-6.491729356450248734e-02,-0.000000000000000000e+00,-0.000000000000000000e+00,0.000000000000000000e+00,-0.000000000000000000e+00,-0.000000000000000000e+00,-1.097865825356114100e-01,-0.000000000000000000e+00,-0.000000000000000000e+00,-0.000000000000000000e+00,-0.000000000000000000e+00,-0.000000000000000000e+00,-0.000000000000000000e+00,-6.399560565860827610e-02,-8.793375839775697742e-03,-4.927202583349761800e-01,-0.000000000000000000e+00,-3.738359791019519318e-01,-1.694414758545660649e-01,-2.041661670773461598e-02,-0.000000000000000000e+00,-7.129830972725739180e-01,-0.000000000000000000e+00,2.061105618653898741e+00,0.000000000000000000e+00,0.000000000000000000e+00
-0.000000000000000000e+00,-0.000000000000000000e+00,-0.000000000000000000e+00,0.000000000000000000e+00,-0.000000000000000000e+00,1.235963246308548341e-01,0.000000000000000000e+00,0.000000000000000000e+00,-2.313126559662248283e-01,-4.548721112540943939e-02,0.000000000000000000e+00,-0.000000000000000000e+00,1.028101950260659238e-02,-0.000000000000000000e+00,-0.000000000000000000e+00,-8.121423814374474637e-02,-0.000000000000000000e+00,-8.366159011000015022e-01,-4.844364056919658532e-03,-0.000000000000000000e+00,-0.000000000000000000e+00,-8.822809019785897780e-03,-0.000000000000000000e+00,-0.000000000000000000e+00,-0.000000000000000000e+00,-0.000000000000000000e+00,-0.000000000000000000e+00,-3.008747437371255273e-01,0.000000000000000000e+00,-5.276841662054212317e-02,-0.000000000000000000e+00,0.000000000000000000e+00,-0.000000000000000000e+00,-0.000000000000000000e+00,0.000000000000000000e+00,-0.000000000000000000e+00,0.000000000000000000e+00,2.110952648556156053e+00,-3.504940976670995467e-01
-0.000000000000000000e+00,-0.000000000000000000e+00,-0.000000000000000000e+00,-0.000000000000000000e+00,-0.000000000000000000e+00,3.473448130216992280e-01,-0.000000000000000000e+00,0.000000000000000000e+00,-2.061421440046651843e-01,-6.469804190814617550e-01,0.000000000000000000e+00,-0.000000000000000000e+00,8.678065441154238224e-02,-0.000000000000000000e+00,0.000000000000000000e+00,-0.000000000000000000e+00,0.000000000000000000e+00,-0.000000000000000000e+00,-4.165420217116593271e-01,-0.000000000000000000e+00,-0.000000000000000000e+00,-0.000000000000000000e+00,-0.000000000000000000e+00,-0.000000000000000000e+00,-1.535285908837779600e-01,0.000000000000000000e+00,-0.000000000000000000e+00,-0.000000000000000000e+00,0.000000000000000000e+00,-2.327155196761465650e-01,-1.025583449668911323e-01,-0.000000000000000000e+00,0.000000000000000000e+00,-0.000000000000000000e+00,0.000000000000000000e+00,-0.000000000000000000e+00,0.000000000000000000e+00,-3.504940976670995467e-01,2.269641393294588472e+00
