2.519254973744202708e+00,-6.247122459896152780e-01,-0.000000000000000000e+00,-0.000000000000000000e+00,-0.000000000000000000e+00,0.000000000000000000e+00,0.000000000000000000e+00,-0.000000000000000000e+00,-0.000000000000000000e+00,-1.283308131878153902e-01,0.000000000000000000e+00,-2.597751371236615703e-01,-0.000000000000000000e+00,-6.036011888847551271e-02,-0.000000000000000000e+00,-5.267752235242966208e-01,-0.000000000000000000e+00,0.000000000000000000e+00,-0.000000000000000000e+00,0.000000000000000000e+00,1.153016790401612153e-02,-8.666076249280259269e-02,-3.172203355829618099e-01,-0.000000000000000000e+00,-0.000000000000000000e+00,-0.000000000000000000e+00,-5.859360614185245009e-01,3.108245570178265124e-02,-0.000000000000000000e+00,-0.000000000000000000e+00,-0.000000000000000000e+00,-0.000000000000000000e+00,-0.000000000000000000e+00,-0.000000000000000000e+00,0.000000000000000000e+00,-0.000000000000000000e+00,-0.000000000000000000e+00,-0.000000000000000000e+00,-0.000000000000000000e+00
-6.247122459896152780e-01,1.793584825670654359e+00,0.000000000000000000e+00,-0.000000000000000000e+00,-0.000000000000000000e+00,0.000000000000000000e+00,0.000000000000000000e+00,-0.000000000000000000e+00,-1.054443449862024901e-01,-8.838917030560372590e-02,0.000000000000000000e+00,-0.000000000000000000e+00,-0.000000000000000000e+00,-0.000000000000000000e+00,-0.000000000000000000e+00,-1.100915974770035749e-01,-0.000000000000000000e+00,0.000000000000000000e+00,-0.000000000000000000e+00,-0.000000000000000000e+00,0.000000000000000000e+00,-0.000000000000000000e+00,-1.180940461368975986e-01,-0.000000000000000000e+00,-0.000000000000000000e+00,-0.000000000000000000e+00,-0.000000000000000000e+00,0.000000000000000000e+00,-1.353209055039013460e-02,-0.000000000000000000e+00,-0.000000000000000000e+00,-1.069237360185439079e-01,-0.000000000000000000e+00,-0.000000000000000000e+00,0.000000000000000000e+00,-1.438498287084866711e-01,-2.160869117157975805e-01,-0.000000000000000000e+00,-0.000000000000000000e+00
-0.000000000000000000e+00,0.000000000000000000e+00,2.309868314141743983e+00,-0.000000000000000000e+00,-3.206193688020430588e-01,-0.000000000000000000e+00,-0.000000000000000000e+00,7.661215071690935519e-01,-1.384940527272736088e-01,-0.000000000000000000e+00,-0.000000000000000000e+00,-0.000000000000000000e+00,-0.000000000000000000e+00,-1.981060505533887087e-03,-0.000000000000000000e+00,-0.000000000000000000e+00,-0.000000000000000000e+00,-3.547057085894598227e-01,-2.257560969954476859e-01,-1.751875305248241088e-01,-0.000000000000000000e+00,-0.000000000000000000e+00,-0.000000000000000000e+00,-0.000000000000000000e+00,-1.999221387777637415e-02,-0.000000000000000000e+00,-0.000000000000000000e+00,-0.000000000000000000e+00,0.000000000000000000e+00,-0.000000000000000000e+00,-0.000000000000000000e+00,-0.000000000000000000e+00,-8.056528808776315664e-02,-3.995998117532525429e-01,-0.000000000000000000e+00,-3.663853203460025465e-02,-0.000000000000000000e+00,-0.000000000000000000e+00,-0.000000000000000000e+00
-0.000000000000000000e+00,-0.000000000000000000e+00,-0.000000000000000000e+00,1.194276405553928555e+00,-3.087876915470025990e-02,6.875864285295713030e-02,-2.698190974040923229e-01,-0.000000000000000000e+00,-0.000000000000000000e+00,-1.441294307843285494e-01,1.067733942899075639e-01,-0.000000000000000000e+00,-0.000000000000000000e+00,-0.000000000000000000e+00,0.000000000000000000e+00,-0.000000000000000000e+00,0.000000000000000000e+00,-0.000000000000000000e+00,-0.000000000000000000e+00,-0.000000000000000000e+00,5.433544645986593952e-02,-1.236678484328995326e-01,-0.000000000000000000e+00,0.000000000000000000e+00,-0.000000000000000000e+00,6.875577063884059925e-02,0.000000000000000000e+00,0.000000000000000000e+00,0.000000000000000000e+00,0.000000000000000000e+00,0.000000000000000000e+00,-0.000000000000000000e+00,-0.000000000000000000e+00,-0.000000000000000000e+00,0.000000000000000000e+00,-0.000000000000000000e+00,-0.000000000000000000e+00,6.047508623838653702e-02,0.000000000000000000e+00
-0.000000000000000000e+00,-0.000000000000000000e+00,-3.206193688020430588e-01,-3.087876915470025990e-02,2.106724646332261752e+00,0.000000000000000000e+00,0.000000000000000000e+00,0.000000000000000000e+00,-2.467016189105034341e-01,-9.991303449875350851e-02,0.000000000000000000e+00,-0.000000000000000000e+00,-0.000000000000000000e+00,-1.529756165675188184e-01,-0.000000000000000000e+00,-0.000000000000000000e+00,-0.000000000000000000e+00,-1.131427398710189297e-01,-0.000000000000000000e+00,-0.000000000000000000e+00,0.000000000000000000e+00,-0.000000000000000000e+00,-2.683570436572569329e-01,-0.000000000000000000e+00,-1.127053812863349352e-01,-0.000000000000000000e+00,-0.000000000000000000e+00,0.000000000000000000e+00,-0.000000000000000000e+00,-0.000000000000000000e+00,-0.000000000000000000e+00,-0.000000000000000000e+00,-0.000000000000000000e+00,-6.619727046174113116e-01,0.000000000000000000e+00,-0.000000000000000000e+00,-0.000000000000000000e+00,-0.000000000000000000e+00,-0.000000000000000000e+00
0.000000000000000000e+00,0.000000000000000000e+00,-0.000000000000000000e+00,6.875864285295713030e-02,0.000000000000000000e+00,1.643134988718327971e+00,-0.000000000000000000e+00,0.000000000000000000e+00,-0.000000000000000000e+00,0.000000000000000000e+00,-5.340297587355177233e-01,0.000000000000000000e+00,-0.000000000000000000e+00,0.000000000000000000e+00,0.000000000000000000e+00,1.186940645859937277e-01,-2.638276664451691955e-01,-0.000000000000000000e+00,-0.000000000000000000e+00,-1.127962590584078578e-01,-0.000000000000000000e+00,0.000000000000000000e+00,0.000000000000000000e+00,-0.000000000000000000e+00,-0.000000000000000000e+00,-0.000000000000000000e+00,0.000000000000000000e+00,-0.000000000000000000e+00,-2.214726957360102777e-01,-0.000000000000000000e+00,-0.000000000000000000e+00,-0.000000000000000000e+00,-0.000000000000000000e+00,0.000000000000000000e+00,-2.987307833515808198e-01,-0.000000000000000000e+00,-0.000000000000000000e+00,-0.000000000000000000e+00,-0.000000000000000000e+00
0.000000000000000000e+00,0.000000000000000000e+00,-0.000000000000000000e+00,-2.698190974040923229e-01,0.000000000000000000e+00,-0.000000000000000000e+00,1.111788007889213725e+00,-0.000000000000000000e+00,0.000000000000000000e+00,-0.000000000000000000e+00,0.000000000000000000e+00,0.000000000000000000e+00,-0.000000000000000000e+00,0.000000000000000000e+00,0.000000000000000000e+00,0.000000000000000000e+00,-0.000000000000000000e+00,-0.000000000000000000e+00,-0.000000000000000000e+00,-1.130862387971363070e-01,0.000000000000000000e+00,-0.000000000000000000e+00,0.000000000000000000e+00,-0.000000000000000000e+00,0.000000000000000000e+00,4.765576487572720232e-02,0.000000000000000000e+00,0.000000000000000000e+00,8.382199018994791750e-02,0.000000000000000000e+00,0.000000000000000000e+00,-0.000000000000000000e+00,-0.000000000000000000e+00,0.000000000000000000e+00,-0.000000000000000000e+00,0.000000000000000000e+00,0.000000000000000000e+00,8.836302705194080953e-02,6.368957819792856606e-03
-0.000000000000000000e+00,-0.000000000000000000e+00,7.661215071690935519e-01,-0.000000000000000000e+00,0.000000000000000000e+00,0.000000000000000000e+00,-0.000000000000000000e+00,2.025082940517076047e+00,0.000000000000000000e+00,0.000000000000000000e+00,6.709970987174235235e-02,-0.000000000000000000e+00,-0.000000000000000000e+00,0.000000000000000000e+00,0.000000000000000000e+00,-0.000000000000000000e+00,3.161562071349102165e-01,1.900288203064623427e-01,5.750504252462478733e-02,0.000000000000000000e+00,1.060035399663278449e-01,-0.000000000000000000e+00,0.000000000000000000e+00,9.003507849149794406e-02,0.000000000000000000e+00,0.000000000000000000e+00,0.000000000000000000e+00,8.546194963258205157e-02,0.000000000000000000e+00,0.000000000000000000e+00,0.000000000000000000e+00,-0.000000000000000000e+00,0.000000000000000000e+00,0.000000000000000000e+00,2.031730109136098070e-02,0.000000000000000000e+00,0.000000000000000000e+00,0.000000000000000000e+00,4.007799972006793610e-01
-0.000000000000000000e+00,-1.054443449862024901e-01,-1.384940527272736088e-01,-0.000000000000000000e+00,-2.467016189105034341e-01,-0.000000000000000000e+00,0.000000000000000000e+00,0.000000000000000000e+00,2.359207446375142680e+00,-0.000000000000000000e+00,-0.000000000000000000e+00,-0.000000000000000000e+00,-0.000000000000000000e+00,-3.200481475613476401e-01,-0.000000000000000000e+00,-0.000000000000000000e+00,-0.000000000000000000e+00,-0.000000000000000000e+00,-1.409755695070674386e-01,-0.000000000000000000e+00,-0.000000000000000000e+00,-0.000000000000000000e+00,-1.225778734365116779e-01,-0.000000000000000000e+00,-1.858687514471018820e-01,-1.216974357277369884e-01,-1.573603584131335054e-01,-0.000000000000000000e+00,-1.117746633016348246e-01,-3.206318805195002564e-01,-2.674404196689585955e-01,-0.000000000000000000e+00,-1.712007961277050780e-02,-0.000000000000000000e+00,-0.000000000000000000e+00,-8.809165136592862766e-02,-1.464716065234388520e-01,-0.000000000000000000e+00,-2.039972673168885808e-01
-1.283308131878153902e-01,-8.838917030560372590e-02,-0.000000000000000000e+00,-1.441294307843285494e-01,-9.991303449875350851e-02,0.000000000000000000e+00,-0.000000000000000000e+00,0.000000000000000000e+00,-0.000000000000000000e+00,2.494356932825127160e+00,0.000000000000000000e+00,-6.338668411772965805e-02,-0.000000000000000000e+00,-1.876359166202713757e-01,-0.000000000000000000e+00,-6.646208796023286292e-01,-0.000000000000000000e+00,-0.000000000000000000e+00,-0.000000000000000000e+00,-0.000000000000000000e+00,0.000000000000000000e+00,-2.006762984336708522e-01,-3.555030166532877067e-01,-0.000000000000000000e+00,-2.839036327857581005e-02,-0.000000000000000000e+00,-0.000000000000000000e+00,0.000000000000000000e+00,-0.000000000000000000e+00,-0.000000000000000000e+00,-0.000000000000000000e+00,-4.990524204006985959e-02,-2.866848553235614230e-02,-1.091914750874076329e-01,0.000000000000000000e+00,-1.251137510746061221e-01,-3.498047460633825212e-01,-0.000000000000000000e+00,-0.000000000000000000e+00
0.000000000000000000e+00,0.000000000000000000e+00,-0.000000000000000000e+00,1.067733942899075639e-01,0.000000000000000000e+00,-5.340297587355177233e-01,0.000000000000000000e+00,6.709970987174235235e-02,-0.000000000000000000e+00,0.000000000000000000e+00,2.214634544944824146e+00,0.000000000000000000e+00,0.000000000000000000e+00,-0.000000000000000000e+00,0.000000000000000000e+00,0.000000000000000000e+00,-8.344735688760315240e-01,-0.000000000000000000e+00,-0.000000000000000000e+00,-0.000000000000000000e+00,-5.399674813659954831e-02,0.000000000000000000e+00,0.000000000000000000e+00,-0.000000000000000000e+00,-0.000000000000000000e+00,-2.004068909692214018e-01,-0.000000000000000000e+00,-3.994804560455944564e-01,-0.000000000000000000e+00,-0.000000000000000000e+00,-5.229670180977055022e-02,0.000000000000000000e+00,-0.000000000000000000e+00,0.000000000000000000e+00,-1.654135925408966451e-02,-0.000000000000000000e+00,0.000000000000000000e+00,-0.000000000000000000e+00,-0.000000000000000000e+00
-2.597751371236615703e-01,-0.000000000000000000e+00,-0.000000000000000000e+00,-0.000000000000000000e+00,-0.000000000000000000e+00,0.000000000000000000e+00,0.000000000000000000e+00,-0.000000000000000000e+00,-0.000000000000000000e+00,-6.338668411772965805e-02,0.000000000000000000e+00,2.671678621958147204e+00,-1.332404061761635339e-01,-0.000000000000000000e+00,-8.052267791429121857e-01,-3.955345730156041295e-01,0.000000000000000000e+00,0.000000000000000000e+00,-0.000000000000000000e+00,-0.000000000000000000e+00,2.111094843249490260e-01,-5.475004762931156010e-01,-6.016816036072155510e-02,0.000000000000000000e+00,-0.000000000000000000e+00,0.000000000000000000e+00,-0.000000000000000000e+00,4.473295116340051530e-02,0.000000000000000000e+00,-0.000000000000000000e+00,-0.000000000000000000e+00,-0.000000000000000000e+00,-0.000000000000000000e+00,-2.811701355319672357e-01,1.066334540368141792e-01,-0.000000000000000000e+00,-0.000000000000000000e+00,-0.000000000000000000e+00,-0.000000000000000000e+00
-0.000000000000000000e+00,-0.000000000000000000e+00,-0.000000000000000000e+00,-0.000000000000000000e+00,-0.000000000000000000e+00,-0.000000000000000000e+00,-0.000000000000000000e+00,-0.000000000000000000e+00,-0.000000000000000000e+00,-0.000000000000000000e+00,0.000000000000000000e+00,-1.332404061761635339e-01,2.055774284426800325e+00,-0.000000000000000000e+00,-0.000000000000000000e+00,-0.000000000000000000e+00,-0.000000000000000000e+00,0.000000000000000000e+00,-0.000000000000000000e+00,-6.194527434667333743e-02,2.404329369395727944e-01,-7.336191343961401268e-01,-0.000000000000000000e+00,-0.000000000000000000e+00,-0.000000000000000000e+00,0.000000000000000000e+00,-0.000000000000000000e+00,0.000000000000000000e+00,-0.000000000000000000e+00,0.000000000000000000e+00,0.000000000000000000e+00,-2.695111910081625650e-01,-4.774828354432559818e-01,-0.000000000000000000e+00,0.000000000000000000e+00,-0.000000000000000000e+00,-0.000000000000000000e+00,-0.000000000000000000e+00,0.000000000000000000e+00
-6.036011888847551271e-02,-0.000000000000000000e+00,-1.981060505533887087e-03,-0.000000000000000000e+00,-1.529756165675188184e-01,0.000000000000000000e+00,0.000000000000000000e+00,0.000000000000000000e+00,-3.200481475613476401e-01,-1.876359166202713757e-01,-0.000000000000000000e+00,-0.000000000000000000e+00,-0.000000000000000000e+00,2.489000335609185210e+00,-4.891429900494599636e-02,-1.656359538175908308e-01,-0.000000000000000000e+00,-0.000000000000000000e+00,-1.400822489179811836e-01,-0.000000000000000000e+00,0.000000000000000000e+00,-0.000000000000000000e+00,-4.356548724715512133e-01,-9.532261479076577226e-02,-9.147431553243075275e-02,-0.000000000000000000e+00,-9.841095258946894186e-02,0.000000000000000000e+00,-0.000000000000000000e+00,-2.772685878573091234e-01,-0.000000000000000000e+00,-0.000000000000000000e+00,-0.000000000000000000e+00,-1.285377523245934683e-01,-0.000000000000000000e+00,-1.753072481344986056e-01,-3.122019179690393442e-01,-0.000000000000000000e+00,-0.000000000000000000e+00
-0.000000000000000000e+00,-0.000000000000000000e+00,-0.000000000000000000e+00,0.000000000000000000e+00,-0.000000000000000000e+00,0.000000000000000000e+00,0.000000000000000000e+00,0.000000000000000000e+00,-0.000000000000000000e+00,-0.000000000000000000e+00,0.000000000000000000e+00,-8.052267791429121857e-01,-0.000000000000000000e+00,-4.891429900494599636e-02,2.293204604760885168e+00,-1.479096120942895443e-01,-0.000000000000000000e+00,0.000000000000000000e+00,-1.226041915022312301e-01,-0.000000000000000000e+00,0.000000000000000000e+00,-1.598981431546015741e-01,-2.024178810827336472e-01,-0.000000000000000000e+00,-0.000000000000000000e+00,0.000000000000000000e+00,-0.000000000000000000e+00,0.000000000000000000e+00,-0.000000000000000000e+00,-0.000000000000000000e+00,-0.000000000000000000e+00,-0.000000000000000000e+00,-3.106871142641839389e-01,-3.946466307049981692e-01,0.000000000000000000e+00,-0.000000000000000000e+00,-0.000000000000000000e+00,-0.000000000000000000e+00,-0.000000000000000000e+00
-5.267752235242966208e-01,-1.100915974770035749e-01,-0.000000000000000000e+00,-0.000000000000000000e+00,-0.000000000000000000e+00,1.186940645859937277e-01,0.000000000000000000e+00,-0.000000000000000000e+00,-0.000000000000000000e+00,-6.646208796023286292e-01,0.000000000000000000e+00,-3.955345730156041295e-01,-0.000000000000000000e+00,-1.656359538175908308e-01,-1.479096120942895443e-01,2.681366329940686910e+00,0.000000000000000000e+00,0.000000000000000000e+00,-0.000000000000000000e+00,-0.000000000000000000e+00,1.271232351802463467e-02,-1.707570074404849703e-01,-3.263379420113121099e-01,-0.000000000000000000e+00,-0.000000000000000000e+00,0.000000000000000000e+00,-0.000000000000000000e+00,1.862538639241637789e-02,-0.000000000000000000e+00,-0.000000000000000000e+00,-0.000000000000000000e+00,-0.000000000000000000e+00,-0.000000000000000000e+00,-9.256397565120522142e-02,0.000000000000000000e+00,-0.000000000000000000e+00,-9.106440008427370281e-02,-0.000000000000000000e+00,-0.000000000000000000e+00
-0.000000000000000000e+00,-0.000000000000000000e+00,-0.000000000000000000e+00,0.000000000000000000e+00,-0.000000000000000000e+00,-2.638276664451691955e-01,-0.000000000000000000e+00,3.161562071349102165e-01,-0.000000000000000000e+00,-0.000000000000000000e+00,-8.344735688760315240e-01,0.000000000000000000e+00,-0.000000000000000000e+00,-0.000000000000000000e+00,-0.000000000000000000e+00,0.000000000000000000e+00,2.141799741126070522e+00,-0.000000000000000000e+00,-0.000000000000000000e+00,-0.000000000000000000e+00,-0.000000000000000000e+00,0.000000000000000000e+00,-0.000000000000000000e+00,-1.901315466834330170e-01,-0.000000000000000000e+00,-1.057006308688981239e-01,-0.000000000000000000e+00,-0.000000000000000000e+00,-1.177419779973009062e-01,-5.706695565849562862e-02,-0.000000000000000000e+00,-0.000000000000000000e+00,-0.000000000000000000e+00,-0.000000000000000000e+00,-9.481999664637212610e-02,-1.248749048166327841e-01,-0.000000000000000000e+00,-2.228300162482902413e-01,-0.000000000000000000e+00
0.000000000000000000e+00,0.000000000000000000e+00,-3.547057085894598227e-01,-0.000000000000000000e+00,-1.131427398710189297e-01,-0.000000000000000000e+00,-0.000000000000000000e+00,1.900288203064623427e-01,-0.000000000000000000e+00,-0.000000000000000000e+00,-0.000000000000000000e+00,0.000000000000000000e+00,0.000000000000000000e+00,-0.000000000000000000e+00,0.000000000000000000e+00,0.000000000000000000e+00,-0.000000000000000000e+00,1.603871877470321561e+00,-1.271947356394922402e-01,-4.021009315474252666e-02,-9.444407753968021846e-02,0.000000000000000000e+00,-0.000000000000000000e+00,-0.000000000000000000e+00,-1.195601187923072684e-01,-0.000000000000000000e+00,-0.000000000000000000e+00,-2.568447817898352747e-01,0.000000000000000000e+00,-0.000000000000000000e+00,-1.808186289051713358e-01,0.000000000000000000e+00,-0.000000000000000000e+00,-0.000000000000000000e+00,-8.426114984368035174e-03,-0.000000000000000000e+00,-0.000000000000000000e+00,-0.000000000000000000e+00,-4.858193053517604471e-02
-0.000000000000000000e+00,-0.000000000000000000e+00,-2.257560969954476859e-01,-0.000000000000000000e+00,-0.000000000000000000e+00,-0.000000000000000000e+00,-0.000000000000000000e+00,5.750504252462478733e-02,-1.409755695070674386e-01,-0.000000000000000000e+00,-0.000000000000000000e+00,-0.000000000000000000e+00,-0.000000000000000000e+00,-1.400822489179811836e-01,-1.226041915022312301e-01,-0.000000000000000000e+00,-0.000000000000000000e+00,-1.271947356394922402e-01,1.652802584319291279e+00,-3.476643876938607242e-02,0.000000000000000000e+00,-0.000000000000000000e+00,-0.000000000000000000e+00,-1.334839008101458731e-03,-2.039071829312763540e-01,-0.000000000000000000e+00,-0.000000000000000000e+00,-0.000000000000000000e+00,-0.000000000000000000e+00,-0.000000000000000000e+00,-0.000000000000000000e+00,-0.000000000000000000e+00,-2.946372675114710682e-01,-0.000000000000000000e+00,-1.326441172110824282e-02,-0.000000000000000000e+00,-1.108989850865901988e-01,-0.000000000000000000e+00,-3.804963643787173666e-02
0.000000000000000000e+00,-0.000000000000000000e+00,-1.751875305248241088e-01,-0.000000000000000000e+00,-0.000000000000000000e+00,-1.127962590584078578e-01,-1.130862387971363070e-01,0.000000000000000000e+00,-0.000000000000000000e+00,-0.000000000000000000e+00,-0.000000000000000000e+00,-0.000000000000000000e+00,-6.194527434667333743e-02,-0.000000000000000000e+00,-0.000000000000000000e+00,-0.000000000000000000e+00,-0.000000000000000000e+00,-4.021009315474252666e-02,-3.476643876938607242e-02,1.200307216880519556e+00,-0.000000000000000000e+00,-0.000000000000000000e+00,-0.000000000000000000e+00,-0.000000000000000000e+00,-0.000000000000000000e+00,-0.000000000000000000e+00,-0.000000000000000000e+00,-0.000000000000000000e+00,-0.000000000000000000e+00,-0.000000000000000000e+00,-0.000000000000000000e+00,-0.000000000000000000e+00,-2.620586242852392944e-01,-0.000000000000000000e+00,-5.660865752066592677e-02,-0.000000000000000000e+00,-0.000000000000000000e+00,-0.000000000000000000e+00,-0.000000000000000000e+00
1.153016790401612153e-02,0.000000000000000000e+00,-0.000000000000000000e+00,5.433544645986593952e-02,0.000000000000000000e+00,-0.000000000000000000e+00,0.000000000000000000e+00,1.060035399663278449e-01,-0.000000000000000000e+00,0.000000000000000000e+00,-5.399674813659954831e-02,2.111094843249490260e-01,2.404329369395727944e-01,0.000000000000000000e+00,0.000000000000000000e+00,1.271232351802463467e-02,-0.000000000000000000e+00,-9.444407753968021846e-02,0.000000000000000000e+00,-0.000000000000000000e+00,2.264180014835472043e+00,3.553511964677102397e-01,0.000000000000000000e+00,-0.000000000000000000e+00,-0.000000000000000000e+00,-3.043628550755774209e-01,0.000000000000000000e+00,-9.808574884740274280e-01,-0.000000000000000000e+00,-0.000000000000000000e+00,-0.000000000000000000e+00,9.560672007007818551e-02,0.000000000000000000e+00,0.000000000000000000e+00,-7.437743141585004270e-02,-0.000000000000000000e+00,0.000000000000000000e+00,-0.000000000000000000e+00,-0.000000000000000000e+00
-8.666076249280259269e-02,-0.000000000000000000e+00,-0.000000000000000000e+00,-1.236678484328995326e-01,-0.000000000000000000e+00,0.000000000000000000e+00,-0.000000000000000000e+00,-0.000000000000000000e+00,-0.000000000000000000e+00,-2.006762984336708522e-01,0.000000000000000000e+00,-5.475004762931156010e-01,-7.336191343961401268e-01,-0.000000000000000000e+00,-1.598981431546015741e-01,-1.707570074404849703e-01,0.000000000000000000e+00,0.000000000000000000e+00,-0.000000000000000000e+00,-0.000000000000000000e+00,3.553511964677102397e-01,2.569073985854832820e+00,-0.000000000000000000e+00,0.000000000000000000e+00,-0.000000000000000000e+00,0.000000000000000000e+00,-0.000000000000000000e+00,2.685300663791029274e-01,0.000000000000000000e+00,0.000000000000000000e+00,0.000000000000000000e+00,-3.680624947629673738e-02,-2.016222525077525363e-01,-0.000000000000000000e+00,0.000000000000000000e+00,-0.000000000000000000e+00,-0.000000000000000000e+00,0.000000000000000000e+00,0.000000000000000000e+00
-3.172203355829618099e-01,-1.180940461368975986e-01,-0.000000000000000000e+00,-0.000000000000000000e+00,-2.683570436572569329e-01,0.000000000000000000e+00,0.000000000000000000e+00,0.000000000000000000e+00,-1.225778734365116779e-01,-3.555030166532877067e-01,0.000000000000000000e+00,-6.016816036072155510e-02,-0.000000000000000000e+00,-4.356548724715512133e-01,-2.024178810827336472e-01,-3.263379420113121099e-01,-0.000000000000000000e+00,-0.000000000000000000e+00,-0.000000000000000000e+00,-0.000000000000000000e+00,0.000000000000000000e+00,-0.000000000000000000e+00,2.734620992685920626e+00,-0.000000000000000000e+00,-1.202365050458959472e-01,-0.000000000000000000e+00,-2.262576537246515501e-02,0.000000000000000000e+00,-0.000000000000000000e+00,-8.477912166711766562e-03,-0.000000000000000000e+00,-5.425599795885133886e-02,-0.000000000000000000e+00,-1.641286111555883831e-01,0.000000000000000000e+00,-1.078295155559275825e-01,-2.381805654307117548e-01,-0.000000000000000000e+00,-0.000000000000000000e+00
-0.000000000000000000e+00,-0.000000000000000000e+00,-0.000000000000000000e+00,0.000000000000000000e+00,-0.000000000000000000e+00,-0.000000000000000000e+00,-0.000000000000000000e+00,9.003507849149794406e-02,-0.000000000000000000e+00,-0.000000000000000000e+00,-0.000000000000000000e+00,0.000000000000000000e+00,-0.000000000000000000e+00,-9.532261479076577226e-02,-0.000000000000000000e+00,-0.000000000000000000e+00,-1.901315466834330170e-01,-0.000000000000000000e+00,-1.334839008101458731e-03,-0.000000000000000000e+00,-0.000000000000000000e+00,0.000000000000000000e+00,-0.000000000000000000e+00,1.287711073367773684e+00,-2.398419379137714524e-01,-0.000000000000000000e+00,-0.000000000000000000e+00,-0.000000000000000000e+00,-0.000000000000000000e+00,-0.000000000000000000e+00,-0.000000000000000000e+00,-0.000000000000000000e+00,-0.000000000000000000e+00,-0.000000000000000000e+00,-1.860494434181430012e-01,-1.221900946291488710e-01,-0.000000000000000000e+00,-0.000000000000000000e+00,-1.004081834246281659e-04
-0.000000000000000000e+00,-0.000000000000000000e+00,-1.999221387777637415e-02,-0.000000000000000000e+00,-1.127053812863349352e-01,-0.000000000000000000e+00,0.000000000000000000e+00,0.000000000000000000e+00,-1.858687514471018820e-01,-2.839036327857581005e-02,-0.000000000000000000e+00,-0.000000000000000000e+00,-0.000000000000000000e+00,-9.147431553243075275e-02,-0.000000000000000000e+00,-0.000000000000000000e+00,-0.000000000000000000e+00,-1.195601187923072684e-01,-2.039071829312763540e-01,-0.000000000000000000e+00,-0.000000000000000000e+00,-0.000000000000000000e+00,-1.202365050458959472e-01,-2.398419379137714524e-01,1.820282304854568434e+00,-0.000000000000000000e+00,-0.000000000000000000e+00,-0.000000000000000000e+00,-0.000000000000000000e+00,-0.000000000000000000e+00,-4.920896390594284298e-02,-0.000000000000000000e+00,-0.000000000000000000e+00,-1.383027306106991983e-01,-0.000000000000000000e+00,-2.964772620693404970e-01,-1.553920149896394765e-01,-0.000000000000000000e+00,-6.191329502321284151e-02
-0.000000000000000000e+00,-0.000000000000000000e+00,-0.000000000000000000e+00,6.875577063884059925e-02,-0.000000000000000000e+00,-0.000000000000000000e+00,4.765576487572720232e-02,0.000000000000000000e+00,-1.216974357277369884e-01,-0.000000000000000000e+00,-2.004068909692214018e-01,0.000000000000000000e+00,0.000000000000000000e+00,-0.000000000000000000e+00,0.000000000000000000e+00,0.000000000000000000e+00,-1.057006308688981239e-01,-0.000000000000000000e+00,-0.000000000000000000e+00,-0.000000000000000000e+00,-3.043628550755774209e-01,0.000000000000000000e+00,-0.000000000000000000e+00,-0.000000000000000000e+00,-0.000000000000000000e+00,2.075703336904223040e+00,-1.014953619893280978e-01,-1.728742424063693661e-01,-2.187916580166567038e-01,-2.647901934958247772e-01,-5.353898446032030467e-01,0.000000000000000000e+00,-0.000000000000000000e+00,-0.000000000000000000e+00,-0.000000000000000000e+00,-0.000000000000000000e+00,-0.000000000000000000e+00,-1.523743436628265946e-01,-1.124494423242152208e-01
-5.859360614185245009e-01,-0.000000000000000000e+00,-0.000000000000000000e+00,0.000000000000000000e+00,-0.000000000000000000e+00,0.000000000000000000e+00,0.000000000000000000e+00,0.000000000000000000e+00,-1.573603584131335054e-01,-0.000000000000000000e+00,-0.000000000000000000e+00,-0.000000000000000000e+00,-0.000000000000000000e+00,-9.841095258946894186e-02,-0.000000000000000000e+00,-0.000000000000000000e+00,-0.000000000000000000e+00,-0.000000000000000000e+00,-0.000000000000000000e+00,-0.000000000000000000e+00,0.000000000000000000e+00,-0.000000000000000000e+00,-2.262576537246515501e-02,-0.000000000000000000e+00,-0.000000000000000000e+00,-1.014953619893280978e-01,1.640761301862209143e+00,0.000000000000000000e+00,-1.291461107585762692e-02,-1.154832436291371167e-01,-2.233044698113632320e-01,-0.000000000000000000e+00,-0.000000000000000000e+00,-7.391823083423340601e-02,0.000000000000000000e+00,-0.000000000000000000e+00,-0.000000000000000000e+00,-0.000000000000000000e+00,-0.000000000000000000e+00
3.108245570178265124e-02,0.000000000000000000e+00,-0.000000000000000000e+00,0.000000000000000000e+00,0.000000000000000000e+00,-0.000000000000000000e+00,0.000000000000000000e+00,8.546194963258205157e-02,-0.000000000000000000e+00,0.000000000000000000e+00,-3.994804560455944564e-01,4.473295116340051530e-02,0.000000000000000000e+00,0.000000000000000000e+00,0.000000000000000000e+00,1.862538639241637789e-02,-0.000000000000000000e+00,-2.568447817898352747e-01,-0.000000000000000000e+00,-0.000000000000000000e+00,-9.808574884740274280e-01,2.685300663791029274e-01,0.000000000000000000e+00,-0.000000000000000000e+00,-0.000000000000000000e+00,-1.728742424063693661e-01,0.000000000000000000e+00,2.352121395015434935e+00,-0.000000000000000000e+00,-0.000000000000000000e+00,-2.363586681379585552e-01,7.667243173629571806e-02,0.000000000000000000e+00,0.000000000000000000e+00,-2.117538045019383697e-01,-0.000000000000000000e+00,0.000000000000000000e+00,-0.000000000000000000e+00,-0.000000000000000000e+00
-0.000000000000000000e+00,-1.353209055039013460e-02,0.000000000000000000e+00,0.000000000000000000e+00,-0.000000000000000000e+00,-2.214726957360102777e-01,8.382199018994791750e-02,0.000000000000000000e+00,-1.117746633016348246e-01,-0.000000000000000000e+00,-0.000000000000000000e+00,0.000000000000000000e+00,-0.000000000000000000e+00,-0.000000000000000000e+00,-0.000000000000000000e+00,-0.000000000000000000e+00,-1.177419779973009062e-01,0.000000000000000000e+00,-0.000000000000000000e+00,-0.000000000000000000e+00,-0.000000000000000000e+00,0.000000000000000000e+00,-0.000000000000000000e+00,-0.000000000000000000e+00,-0.000000000000000000e+00,-2.187916580166567038e-01,-1.291461107585762692e-02,-0.000000000000000000e+00,1.350348552940324742e+00,-1.299245740892821521e-01,-0.000000000000000000e+00,-1.178181178918441957e-01,-0.000000000000000000e+00,0.000000000000000000e+00,-6.908748571992440191e-02,-0.000000000000000000e+00,-6.163746923205652706e-02,-0.000000000000000000e+00,-0.000000000000000000e+00
-0.000000000000000000e+00,-0.000000000000000000e+00,-0.000000000000000000e+00,0.000000000000000000e+00,-0.000000000000000000e+00,-0.000000000000000000e+00,0.000000000000000000e+00,0.000000000000000000e+00,-3.206318805195002564e-01,-0.000000000000000000e+00,-0.000000000000000000e+00,-0.000000000000000000e+00,0.000000000000000000e+00,-2.772685878573091234e-01,-0.000000000000000000e+00,-0.000000000000000000e+00,-5.706695565849562862e-02,-0.000000000000000000e+00,-0.000000000000000000e+00,-0.000000000000000000e+00,-0.000000000000000000e+00,0.000000000000000000e+00,-8.477912166711766562e-03,-0.000000000000000000e+00,-0.000000000000000000e+00,-2.647901934958247772e-01,-1.154832436291371167e-01,-0.000000000000000000e+00,-1.299245740892821521e-01,1.901293227148527443e+00,-2.910700605598801616e-01,-0.000000000000000000e+00,-0.000000000000000000e+00,-0.000000000000000000e+00,-0.000000000000000000e+00,-2.057076545298395231e-01,-0.000000000000000000e+00,-7.998445844226727275e-02,-1.572596738759318991e-01
-0.000000000000000000e+00,-0.000000000000000000e+00,-0.000000000000000000e+00,0.000000000000000000e+00,-0.000000000000000000e+00,-0.000000000000000000e+00,0.000000000000000000e+00,0.000000000000000000e+00,-2.674404196689585955e-01,-0.000000000000000000e+00,-5.229670180977055022e-02,-0.000000000000000000e+00,0.000000000000000000e+00,-0.000000000000000000e+00,-0.000000000000000000e+00,-0.000000000000000000e+00,-0.000000000000000000e+00,-1.808186289051713358e-01,-0.000000000000000000e+00,-0.000000000000000000e+00,-0.000000000000000000e+00,0.000000000000000000e+00,-0.000000000000000000e+00,-0.000000000000000000e+00,-4.920896390594284298e-02,-5.353898446032030467e-01,-2.233044698113632320e-01,-2.363586681379585552e-01,-0.000000000000000000e+00,-2.910700605598801616e-01,1.948805308822767923e+00,0.000000000000000000e+00,-0.000000000000000000e+00,-0.000000000000000000e+00,-0.000000000000000000e+00,-2.813759452256759871e-02,-0.000000000000000000e+00,-0.000000000000000000e+00,-1.234522694902907280e-01
-0.000000000000000000e+00,-1.069237360185439079e-01,-0.000000000000000000e+00,-0.000000000000000000e+00,-0.000000000000000000e+00,-0.000000000000000000e+00,-0.000000000000000000e+00,-0.000000000000000000e+00,-0.000000000000000000e+00,-4.990524204006985959e-02,0.000000000000000000e+00,-0.000000000000000000e+00,-2.695111910081625650e-01,-0.000000000000000000e+00,-0.000000000000000000e+00,-0.000000000000000000e+00,-0.000000000000000000e+00,0.000000000000000000e+00,-0.000000000000000000e+00,-0.000000000000000000e+00,9.560672007007818551e-02,-3.680624947629673738e-02,-5.425599795885133886e-02,-0.000000000000000000e+00,-0.000000000000000000e+00,0.000000000000000000e+00,-0.000000000000000000e+00,7.667243173629571806e-02,-1.178181178918441957e-01,-0.000000000000000000e+00,0.000000000000000000e+00,1.773553942585682996e+00,-4.678298622578641597e-01,-0.000000000000000000e+00,-0.000000000000000000e+00,-0.000000000000000000e+00,-3.906367516997944489e-01,-0.000000000000000000e+00,0.000000000000000000e+00
-0.000000000000000000e+00,-0.000000000000000000e+00,-8.056528808776315664e-02,-0.000000000000000000e+00,-0.000000000000000000e+00,-0.000000000000000000e+00,-0.000000000000000000e+00,0.000000000000000000e+00,-1.712007961277050780e-02,-2.866848553235614230e-02,-0.000000000000000000e+00,-0.000000000000000000e+00,-4.774828354432559818e-01,-0.000000000000000000e+00,-3.106871142641839389e-01,-0.000000000000000000e+00,-0.000000000000000000e+00,-0.000000000000000000e+00,-2.946372675114710682e-01,-2.620586242852392944e-01,0.000000000000000000e+00,-2.016222525077525363e-01,-0.000000000000000000e+00,-0.000000000000000000e+00,-0.000000000000000000e+00,-0.000000000000000000e+00,-0.000000000000000000e+00,0.000000000000000000e+00,-0.000000000000000000e+00,-0.000000000000000000e+00,-0.000000000000000000e+00,-4.678298622578641597e-01,2.308993546240670547e+00,-0.000000000000000000e+00,-0.000000000000000000e+00,-0.000000000000000000e+00,-3.831970439468105893e-01,-0.000000000000000000e+00,-0.000000000000000000e+00
-0.000000000000000000e+00,-0.000000000000000000e+00,-3.995998117532525429e-01,-0.000000000000000000e+00,-6.619727046174113116e-01,0.000000000000000000e+00,0.000000000000000000e+00,0.000000000000000000e+00,-0.000000000000000000e+00,-1.091914750874076329e-01,0.000000000000000000e+00,-2.811701355319672357e-01,-0.000000000000000000e+00,-1.285377523245934683e-01,-3.946466307049981692e-01,-9.256397565120522142e-02,-0.000000000000000000e+00,-0.000000000000000000e+00,-0.000000000000000000e+00,-0.000000000000000000e+00,0.000000000000000000e+00,-0.000000000000000000e+00,-1.641286111555883831e-01,-0.000000000000000000e+00,-1.383027306106991983e-01,-0.000000000000000000e+00,-7.391823083423340601e-02,0.000000000000000000e+00,0.000000000000000000e+00,-0.000000000000000000e+00,-0.000000000000000000e+00,-0.000000000000000000e+00,-0.000000000000000000e+00,2.387339339392954063e+00,0.000000000000000000e+00,-0.000000000000000000e+00,-0.000000000000000000e+00,-0.000000000000000000e+00,-0.000000000000000000e+00
0.000000000000000000e+00,0.000000000000000000e+00,-0.000000000000000000e+00,0.000000000000000000e+00,0.000000000000000000e+00,-2.987307833515808198e-01,-0.000000000000000000e+00,2.031730109136098070e-02,-0.000000000000000000e+00,0.000000000000000000e+00,-1.654135925408966451e-02,1.066334540368141792e-01,0.000000000000000000e+00,-0.000000000000000000e+00,0.000000000000000000e+00,0.000000000000000000e+00,-9.481999664637212610e-02,-8.426114984368035174e-03,-1.326441172110824282e-02,-5.660865752066592677e-02,-7.437743141585004270e-02,0.000000000000000000e+00,0.000000000000000000e+00,-1.860494434181430012e-01,-0.000000000000000000e+00,-0.000000000000000000e+00,0.000000000000000000e+00,-2.117538045019383697e-01,-6.908748571992440191e-02,-0.000000000000000000e+00,-0.000000000000000000e+00,-0.000000000000000000e+00,-0.000000000000000000e+00,0.000000000000000000e+00,1.343240466303000202e+00,-0.000000000000000000e+00,-0.000000000000000000e+00,-0.000000000000000000e+00,-0.000000000000000000e+00
-0.000000000000000000e+00,-1.438498287084866711e-01,-3.663853203460025465e-02,-0.000000000000000000e+00,-0.000000000000000000e+00,-0.000000000000000000e+00,0.000000000000000000e+00,0.000000000000000000e+00,-8.809165136592862766e-02,-1.251137510746061221e-01,-0.000000000000000000e+00,-0.000000000000000000e+00,-0.000000000000000000e+00,-1.753072481344986056e-01,-0.000000000000000000e+00,-0.000000000000000000e+00,-1.248749048166327841e-01,-0.000000000000000000e+00,-0.000000000000000000e+00,-0.000000000000000000e+00,-0.000000000000000000e+00,-0.000000000000000000e+00,-1.078295155559275825e-01,-1.221900946291488710e-01,-2.964772620693404970e-01,-0.000000000000000000e+00,-0.000000000000000000e+00,-0.000000000000000000e+00,-0.000000000000000000e+00,-2.057076545298395231e-01,-2.813759452256759871e-02,-0.000000000000000000e+00,-0.000000000000000000e+00,-0.000000000000000000e+00,-0.000000000000000000e+00,1.667876437241341048e+00,-8.805476857811905811e-02,-0.000000000000000000e+00,-0.000000000000000000e+00
-0.000000000000000000e+00,-2.160869117157975805e-01,-0.000000000000000000e+00,-0.000000000000000000e+00,-0.000000000000000000e+00,-0.000000000000000000e+00,0.000000000000000000e+00,0.000000000000000000e+00,-1.464716065234388520e-01,-3.498047460633825212e-01,0.000000000000000000e+00,-0.000000000000000000e+00,-0.000000000000000000e+00,-3.122019179690393442e-01,-0.000000000000000000e+00,-9.106440008427370281e-02,-0.000000000000000000e+00,-0.000000000000000000e+00,-1.108989850865901988e-01,-0.000000000000000000e+00,0.000000000000000000e+00,-0.000000000000000000e+00,-2.381805654307117548e-01,-0.000000000000000000e+00,-1.553920149896394765e-01,-0.000000000000000000e+00,-0.000000000000000000e+00,0.000000000000000000e+00,-6.163746923205652706e-02,-0.000000000000000000e+00,-0.000000000000000000e+00,-3.906367516997944489e-01,-3.831970439468105893e-01,-0.000000000000000000e+00,-0.000000000000000000e+00,-8.805476857811905811e-02,2.392659405385115789e+00,-0.000000000000000000e+00,-0.000000000000000000e+00
-0.000000000000000000e+00,-0.000000000000000000e+00,-0.000000000000000000e+00,6.047508623838653702e-02,-0.000000000000000000e+00,-0.000000000000000000e+00,8.836302705194080953e-02,0.000000000000000000e+00,-0.000000000000000000e+00,-0.000000000000000000e+00,-0.000000000000000000e+00,-0.000000000000000000e+00,-0.000000000000000000e+00,-0.000000000000000000e+00,-0.000000000000000000e+00,-0.000000000000000000e+00,-2.228300162482902413e-01,-0.000000000000000000e+00,-0.000000000000000000e+00,-0.000000000000000000e+00,-0.000000000000000000e+00,0.000000000000000000e+00,-0.000000000000000000e+00,-0.000000000000000000e+00,-0.000000000000000000e+00,-1.523743436628265946e-01,-0.000000000000000000e+00,-0.000000000000000000e+00,-0.000000000000000000e+00,-7.998445844226727275e-02,-0.000000000000000000e+00,-0.000000000000000000e+00,-0.000000000000000000e+00,-0.000000000000000000e+00,-0.000000000000000000e+00,-0.000000000000000000e+00,-0.000000000000000000e+00,1.616957313993893308e+00,-7.342624758579017197e-01
-0.000000000000000000e+00,-0.000000000000000000e+00,-0.000000000000000000e+00,0.000000000000000000e+00,-0.000000000000000000e+00,-0.000000000000000000e+00,6.368957819792856606e-03,4.007799972006793610e-01,-2.039972673168885808e-01,-0.000000000000000000e+00,-0.000000000000000000e+00,-0.000000000000000000e+00,0.000000000000000000e+00,-0.000000000000000000e+00,-0.000000000000000000e+00,-0.000000000000000000e+00,-0.000000000000000000e+00,-4.858193053517604471e-02,-3.804963643787173666e-02,-0.000000000000000000e+00,-0.000000000000000000e+00,0.000000000000000000e+00,-0.000000000000000000e+00,-1.004081834246281659e-04,-6.191329502321284151e-02,-1.124494423242152208e-01,-0.000000000000000000e+00,-0.000000000000000000e+00,-0.000000000000000000e+00,-1.572596738759318991e-01,-1.234522694902907280e-01,0.000000000000000000e+00,-0.000000000000000000e+00,-0.000000000000000000e+00,-0.000000000000000000e+00,-0.000000000000000000e+00,-0.000000000000000000e+00,-7.342624758579017197e-01,1.934719596320182644e+00
