2.922811830234864683e+00,-2.057647465157664279e-01,-4.400874277434667359e-02,-0.000000000000000000e+00,-2.194938739725217913e-01,0.000000000000000000e+00,-0.000000000000000000e+00,0.000000000000000000e+00,-2.367198339862523759e-01,-2.397161715760106893e-01,-0.000000000000000000e+00,1.620520483148948365e-01,0.000000000000000000e+00,0.000000000000000000e+00,1.761817831645041688e-01,-3.443180857887354618e-01,-0.000000000000000000e+00,-1.505367253976061803e-01,-1.066404477596110192e-02,-0.000000000000000000e+00,-0.000000000000000000e+00,-0.000000000000000000e+00,0.000000000000000000e+00,0.000000000000000000e+00,0.000000000000000000e+00,-1.698520726992251983e-01,0.000000000000000000e+00,-1.337611446225356326e-01,0.000000000000000000e+00,-2.575152949648375489e-01,0.000000000000000000e+00,0.000000000000000000e+00,0.000000000000000000e+00,-1.245056948152405696e-01,0.000000000000000000e+00,-0.000000000000000000e+00,-0.000000000000000000e+00,-2.680207980061798945e-01,-2.402207722771260157e-01
-2.057647465157664279e-01,1.841615013150829760e+00,-0.000000000000000000e+00,-0.000000000000000000e+00,-7.008553231131695038e-02,0.000000000000000000e+00,-0.000000000000000000e+00,0.000000000000000000e+00,-1.147278276011749927e-02,-4.250993628900901489e-01,-0.000000000000000000e+00,0.000000000000000000e+00,0.000000000000000000e+00,0.000000000000000000e+00,0.000000000000000000e+00,-2.422757564506442321e-02,-0.000000000000000000e+00,-0.000000000000000000e+00,-0.000000000000000000e+00,-0.000000000000000000e+00,-0.000000000000000000e+00,-0.000000000000000000e+00,0.000000000000000000e+00,0.000000000000000000e+00,0.000000000000000000e+00,-1.930015970689285265e-01,-0.000000000000000000e+00,-0.000000000000000000e+00,0.000000000000000000e+00,-1.017121971503806427e-01,0.000000000000000000e+00,-0.000000000000000000e+00,0.000000000000000000e+00,-9.165612943269189905e-02,-0.000000000000000000e+00,-2.424930229746038446e-01,-0.000000000000000000e+00,-0.000000000000000000e+00,-2.520478765016375133e-01
-4.400874277434667359e-02,-0.000000000000000000e+00,2.752086525484987334e+00,-0.000000000000000000e+00,-3.881308561786143696e-01,0.000000000000000000e+00,-1.063402685942929915e-01,7.522277311186463811e-01,-1.193080967059209976e-02,-1.490377078393854970e-01,-0.000000000000000000e+00,0.000000000000000000e+00,-0.000000000000000000e+00,0.000000000000000000e+00,6.220641474849734898e-02,-1.195824160989847340e-01,-0.000000000000000000e+00,-3.347316040871991909e-03,-0.000000000000000000e+00,-0.000000000000000000e+00,-3.156232186575038678e-01,-3.842388975150304864e-01,0.000000000000000000e+00,0.000000000000000000e+00,0.000000000000000000e+00,-6.850541753361281960e-02,-0.000000000000000000e+00,-2.313906108858097832e-01,0.000000000000000000e+00,-0.000000000000000000e+00,-0.000000000000000000e+00,0.000000000000000000e+00,-0.000000000000000000e+00,-1.589538472948854031e-01,-0.000000000000000000e+00,-0.000000000000000000e+00,-0.000000000000000000e+00,-0.000000000000000000e+00,-0.000000000000000000e+00
-0.000000000000000000e+00,-0.000000000000000000e+00,-0.000000000000000000e+00,2.292210604770417604e+00,-0.000000000000000000e+00,8.800387950957054561e-02,-2.265510546041838991e-01,0.000000000000000000e+00,-6.294337080131177410e-03,-0.000000000000000000e+00,0.000000000000000000e+00,1.231470530004651065e-01,-0.000000000000000000e+00,2.143094775573335664e-01,2.694495349427857844e-01,-0.000000000000000000e+00,0.000000000000000000e+00,-1.796694386662864296e-01,-2.392424034627012863e-01,-3.325308422932509167e-01,-9.998648982073031488e-02,-2.697144325380568253e-01,0.000000000000000000e+00,0.000000000000000000e+00,0.000000000000000000e+00,-0.000000000000000000e+00,0.000000000000000000e+00,-0.000000000000000000e+00,0.000000000000000000e+00,-0.000000000000000000e+00,8.386747842849615053e-02,9.698323958088318764e-03,0.000000000000000000e+00,-0.000000000000000000e+00,0.000000000000000000e+00,0.000000000000000000e+00,0.000000000000000000e+00,-5.090532139314354193e-02,-2.764225042140252067e-02
-2.194938739725217913e-01,-7.008553231131695038e-02,-3.881308561786143696e-01,-0.000000000000000000e+00,2.542449028756555318e+00,0.000000000000000000e+00,-0.000000000000000000e+00,2.476386742907306926e-01,-9.785635900145621402e-02,-2.434822501784894011e-01,-0.000000000000000000e+00,0.000000000000000000e+00,-0.000000000000000000e+00,0.000000000000000000e+00,2.742816052137346527e-02,-2.043708650031090812e-01,-1.127550222473628315e-02,-0.000000000000000000e+00,-0.000000000000000000e+00,-0.000000000000000000e+00,-0.000000000000000000e+00,-0.000000000000000000e+00,0.000000000000000000e+00,0.000000000000000000e+00,0.000000000000000000e+00,-2.132634339192637785e-01,-0.000000000000000000e+00,-3.655226348453579494e-02,0.000000000000000000e+00,-9.381947700076297136e-02,-0.000000000000000000e+00,0.000000000000000000e+00,-0.000000000000000000e+00,-5.346681996050373087e-01,-0.000000000000000000e+00,-2.476276068582722867e-01,-0.000000000000000000e+00,-0.000000000000000000e+00,-1.920736106271120087e-03
0.000000000000000000e+00,0.000000000000000000e+00,0.000000000000000000e+00,8.800387950957054561e-02,0.000000000000000000e+00,2.508233652360346788e+00,0.000000000000000000e+00,-0.000000000000000000e+00,2.899700824853402008e-03,0.000000000000000000e+00,-0.000000000000000000e+00,-1.075310118406140880e-01,-0.000000000000000000e+00,-3.652713539508746221e-01,-0.000000000000000000e+00,0.000000000000000000e+00,-0.000000000000000000e+00,1.232927279361218931e-01,2.131548741651418111e-01,1.132476581143872091e-01,0.000000000000000000e+00,0.000000000000000000e+00,-1.923339619746383955e-01,-1.495244710766697460e-01,-2.174114357494421890e-01,0.000000000000000000e+00,-0.000000000000000000e+00,0.000000000000000000e+00,-2.189613142907548826e-01,0.000000000000000000e+00,-4.009815455912126292e-01,-2.053450689641531102e-01,-3.745271625439991481e-02,0.000000000000000000e+00,-9.173220429188100366e-04,-0.000000000000000000e+00,-0.000000000000000000e+00,1.776820665354125195e-01,9.346890915140288261e-03
-0.000000000000000000e+00,-0.000000000000000000e+00,-1.063402685942929915e-01,-2.265510546041838991e-01,-0.000000000000000000e+00,0.000000000000000000e+00,1.990704927509280520e+00,0.000000000000000000e+00,-2.107912606965035070e-03,-3.101431492394646910e-02,0.000000000000000000e+00,0.000000000000000000e+00,-0.000000000000000000e+00,0.000000000000000000e+00,0.000000000000000000e+00,-7.131101454265603365e-03,-0.000000000000000000e+00,-1.749426318915922596e-01,-2.506943399232409719e-01,-3.425848505204706074e-01,-0.000000000000000000e+00,-4.146089518468676904e-01,0.000000000000000000e+00,0.000000000000000000e+00,0.000000000000000000e+00,-0.000000000000000000e+00,0.000000000000000000e+00,-2.005270205250041758e-03,0.000000000000000000e+00,-0.000000000000000000e+00,0.000000000000000000e+00,0.000000000000000000e+00,0.000000000000000000e+00,-0.000000000000000000e+00,0.000000000000000000e+00,0.000000000000000000e+00,0.000000000000000000e+00,-0.000000000000000000e+00,-1.526602097153636484e-01
0.000000000000000000e+00,0.000000000000000000e+00,7.522277311186463811e-01,0.000000000000000000e+00,2.476386742907306926e-01,-0.000000000000000000e+00,0.000000000000000000e+00,2.303143114674770064e+00,0.000000000000000000e+00,1.570402760855727853e-03,0.000000000000000000e+00,-0.000000000000000000e+00,0.000000000000000000e+00,-0.000000000000000000e+00,-0.000000000000000000e+00,0.000000000000000000e+00,0.000000000000000000e+00,0.000000000000000000e+00,0.000000000000000000e+00,0.000000000000000000e+00,3.887675794160955212e-01,3.548731909567952592e-01,-0.000000000000000000e+00,-0.000000000000000000e+00,-0.000000000000000000e+00,2.167257872569485211e-01,0.000000000000000000e+00,1.253453371830419161e-01,-0.000000000000000000e+00,0.000000000000000000e+00,0.000000000000000000e+00,0.000000000000000000e+00,2.020364909590402491e-01,0.000000000000000000e+00,0.000000000000000000e+00,0.000000000000000000e+00,0.000000000000000000e+00,0.000000000000000000e+00,0.000000000000000000e+00
-2.367198339862523759e-01,-1.147278276011749927e-02,-1.193080967059209976e-02,-6.294337080131177410e-03,-9.785635900145621402e-02,2.899700824853402008e-03,-2.107912606965035070e-03,0.000000000000000000e+00,3.007037846100792500e+00,-1.877531888665653348e-01,0.000000000000000000e+00,2.259218305476890509e-01,0.000000000000000000e+00,0.000000000000000000e+00,1.979526353534601935e-01,-1.813504603058239129e-01,-0.000000000000000000e+00,-2.345897381367922641e-01,-1.834617596350137658e-01,-7.254669658263873666e-02,-0.000000000000000000e+00,-0.000000000000000000e+00,0.000000000000000000e+00,0.000000000000000000e+00,0.000000000000000000e+00,-0.000000000000000000e+00,0.000000000000000000e+00,-2.273213116556884253e-02,5.519701665384119105e-02,-3.663164340085586779e-01,0.000000000000000000e+00,0.000000000000000000e+00,0.000000000000000000e+00,-3.017269312236592338e-01,0.000000000000000000e+00,-0.000000000000000000e+00,0.000000000000000000e+00,-3.203709232186882638e-01,-3.220693241444628208e-01
-2.397161715760106893e-01,-4.250993628900901489e-01,-1.490377078393854970e-01,-0.000000000000000000e+00,-2.434822501784894011e-01,0.000000000000000000e+00,-3.101431492394646910e-02,1.570402760855727853e-03,-1.877531888665653348e-01,2.809188044422754604e+00,-0.000000000000000000e+00,4.248411382723198126e-02,0.000000000000000000e+00,0.000000000000000000e+00,0.000000000000000000e+00,-3.702963636576616091e-01,-0.000000000000000000e+00,-2.722954550556733883e-02,-4.188519776882534788e-03,-0.000000000000000000e+00,-0.000000000000000000e+00,-0.000000000000000000e+00,0.000000000000000000e+00,0.000000000000000000e+00,0.000000000000000000e+00,-2.622546204646819534e-01,-0.000000000000000000e+00,-2.066559358512436856e-02,0.000000000000000000e+00,-2.612398893668650968e-01,0.000000000000000000e+00,0.000000000000000000e+00,0.000000000000000000e+00,-1.192274445619947720e-01,-0.000000000000000000e+00,-0.000000000000000000e+00,-0.000000000000000000e+00,-1.234083370719402384e-01,-3.480615176734671024e-01
-0.000000000000000000e+00,-0.000000000000000000e+00,-0.000000000000000000e+00,0.000000000000000000e+00,-0.000000000000000000e+00,-0.000000000000000000e+00,0.000000000000000000e+00,0.000000000000000000e+00,0.000000000000000000e+00,-0.000000000000000000e+00,2.017820550947128755e+00,-0.000000000000000000e+00,-0.000000000000000000e+00,-1.423977055546616910e-01,-0.000000000000000000e+00,0.000000000000000000e+00,-5.926516490932371983e-01,0.000000000000000000e+00,0.000000000000000000e+00,0.000000000000000000e+00,0.000000000000000000e+00,0.000000000000000000e+00,-0.000000000000000000e+00,-4.042658963944160272e-02,-0.000000000000000000e+00,-0.000000000000000000e+00,-4.587333812676183120e-01,0.000000000000000000e+00,-0.000000000000000000e+00,0.000000000000000000e+00,-4.770101313165365370e-02,-1.903688142451594456e-01,-0.000000000000000000e+00,-0.000000000000000000e+00,-2.038162187251014446e-01,-2.463026809080581803e-01,-6.080161698043037855e-02,0.000000000000000000e+00,0.000000000000000000e+00
1.620520483148948365e-01,0.000000000000000000e+00,0.000000000000000000e+00,1.231470530004651065e-01,0.000000000000000000e+00,-1.075310118406140880e-01,0.000000000000000000e+00,-0.000000000000000000e+00,2.259218305476890509e-01,4.248411382723198126e-02,-0.000000000000000000e+00,2.819199995515400570e+00,-0.000000000000000000e+00,-1.300012621579866266e-02,-4.146392749818504919e-01,1.563580351089908504e-01,0.000000000000000000e+00,2.078429641529651872e-01,2.197208128467235677e-01,7.187707623792903566e-02,0.000000000000000000e+00,0.000000000000000000e+00,-0.000000000000000000e+00,-6.204039198622135487e-02,-1.061756969678193108e-01,0.000000000000000000e+00,-0.000000000000000000e+00,0.000000000000000000e+00,-2.219571261627025505e-01,2.493659383549650665e-01,-0.000000000000000000e+00,-0.000000000000000000e+00,-0.000000000000000000e+00,0.000000000000000000e+00,-0.000000000000000000e+00,0.000000000000000000e+00,-0.000000000000000000e+00,2.485090732280831882e-01,2.364503900054467922e-01
0.000000000000000000e+00,0.000000000000000000e+00,-0.000000000000000000e+00,-0.000000000000000000e+00,-0.000000000000000000e+00,-0.000000000000000000e+00,-0.000000000000000000e+00,0.000000000000000000e+00,0.000000000000000000e+00,0.000000000000000000e+00,-0.000000000000000000e+00,-0.000000000000000000e+00,1.327029621127139292e+00,-0.000000000000000000e+00,-0.000000000000000000e+00,0.000000000000000000e+00,-0.000000000000000000e+00,0.000000000000000000e+00,0.000000000000000000e+00,-0.000000000000000000e+00,-0.000000000000000000e+00,-0.000000000000000000e+00,-2.757869886186730679e-01,-0.000000000000000000e+00,-3.809947981918359594e-01,-0.000000000000000000e+00,-7.365040143688504626e-02,-0.000000000000000000e+00,-0.000000000000000000e+00,0.000000000000000000e+00,-0.000000000000000000e+00,-0.000000000000000000e+00,-5.089534248028369789e-02,-0.000000000000000000e+00,-0.000000000000000000e+00,-0.000000000000000000e+00,-0.000000000000000000e+00,0.000000000000000000e+00,0.000000000000000000e+00
0.000000000000000000e+00,0.000000000000000000e+00,0.000000000000000000e+00,2.143094775573335664e-01,0.000000000000000000e+00,-3.652713539508746221e-01,0.000000000000000000e+00,-0.000000000000000000e+00,0.000000000000000000e+00,0.000000000000000000e+00,-1.423977055546616910e-01,-1.300012621579866266e-02,-0.000000000000000000e+00,2.486497445997359002e+00,-0.000000000000000000e+00,0.000000000000000000e+00,-0.000000000000000000e+00,5.403935710353413580e-02,1.733155060456100793e-01,2.211965206161374542e-01,0.000000000000000000e+00,0.000000000000000000e+00,-1.820144306471573881e-01,-1.955658217628124529e-01,-1.672316192848436467e-01,0.000000000000000000e+00,-1.902625520549336424e-01,0.000000000000000000e+00,-1.649746086953610136e-01,0.000000000000000000e+00,-2.162091578121434488e-01,-2.480316824453639157e-01,-1.207928584568722236e-01,0.000000000000000000e+00,-2.413940312241598732e-02,-0.000000000000000000e+00,-0.000000000000000000e+00,0.000000000000000000e+00,0.000000000000000000e+00
1.761817831645041688e-01,0.000000000000000000e+00,6.220641474849734898e-02,2.694495349427857844e-01,2.742816052137346527e-02,-0.000000000000000000e+00,0.000000000000000000e+00,-0.000000000000000000e+00,1.979526353534601935e-01,0.000000000000000000e+00,-0.000000000000000000e+00,-4.146392749818504919e-01,-0.000000000000000000e+00,-0.000000000000000000e+00,2.597535142674666897e+00,1.047944194730915934e-01,0.000000000000000000e+00,2.042651069797921104e-01,6.283402334848789406e-02,1.378036512683253612e-01,2.209948519192426741e-01,3.838721561810531924e-02,-0.000000000000000000e+00,-1.871532855484515446e-03,-0.000000000000000000e+00,0.000000000000000000e+00,-0.000000000000000000e+00,2.250659358845398805e-01,-5.672659384780121689e-02,9.452152388557102936e-02,-0.000000000000000000e+00,-0.000000000000000000e+00,-0.000000000000000000e+00,0.000000000000000000e+00,-0.000000000000000000e+00,0.000000000000000000e+00,-0.000000000000000000e+00,1.708790650020759749e-01,9.084981976620318256e-02
-3.443180857887354618e-01,-2.422757564506442321e-02,-1.195824160989847340e-01,-0.000000000000000000e+00,-2.043708650031090812e-01,0.000000000000000000e+00,-7.131101454265603365e-03,0.000000000000000000e+00,-1.813504603058239129e-01,-3.702963636576616091e-01,0.000000000000000000e+00,1.563580351089908504e-01,0.000000000000000000e+00,0.000000000000000000e+00,1.047944194730915934e-01,2.944524390499563715e+00,-0.000000000000000000e+00,-1.698851253940084904e-01,-1.132472946299778044e-01,-0.000000000000000000e+00,-0.000000000000000000e+00,-0.000000000000000000e+00,0.000000000000000000e+00,0.000000000000000000e+00,0.000000000000000000e+00,-1.256408621480497034e-01,0.000000000000000000e+00,-2.713969191202367792e-01,0.000000000000000000e+00,-2.939875784167760853e-01,0.000000000000000000e+00,0.000000000000000000e+00,0.000000000000000000e+00,-4.158071414414350048e-02,0.000000000000000000e+00,-0.000000000000000000e+00,-0.000000000000000000e+00,-2.034550669055432137e-01,-2.471924841093407488e-01
-0.000000000000000000e+00,-0.000000000000000000e+00,-0.000000000000000000e+00,0.000000000000000000e+00,-1.127550222473628315e-02,-0.000000000000000000e+00,-0.000000000000000000e+00,0.000000000000000000e+00,-0.000000000000000000e+00,-0.000000000000000000e+00,-5.926516490932371983e-01,0.000000000000000000e+00,-0.000000000000000000e+00,-0.000000000000000000e+00,0.000000000000000000e+00,-0.000000000000000000e+00,1.896869566995702527e+00,-0.000000000000000000e+00,0.000000000000000000e+00,0.000000000000000000e+00,-0.000000000000000000e+00,-0.000000000000000000e+00,-0.000000000000000000e+00,-0.000000000000000000e+00,-0.000000000000000000e+00,-3.081499774649305579e-01,-6.479764222095088511e-02,-0.000000000000000000e+00,-0.000000000000000000e+00,-0.000000000000000000e+00,-2.221270887258883497e-01,-0.000000000000000000e+00,-1.246016300800281869e-02,-0.000000000000000000e+00,-6.484352240400323431e-02,-5.199204995974586740e-01,-1.264135855545214793e-01,-0.000000000000000000e+00,-0.000000000000000000e+00
-1.505367253976061803e-01,-0.000000000000000000e+00,-3.347316040871991909e-03,-1.796694386662864296e-01,-0.000000000000000000e+00,1.232927279361218931e-01,-1.749426318915922596e-01,0.000000000000000000e+00,-2.345897381367922641e-01,-2.722954550556733883e-02,0.000000000000000000e+00,2.078429641529651872e-01,0.000000000000000000e+00,5.403935710353413580e-02,2.042651069797921104e-01,-1.698851253940084904e-01,-0.000000000000000000e+00,3.075335660313618380e+00,-3.219589151669307037e-01,-3.199261791107533837e-01,-1.382126373709589330e-02,-7.182781406810753722e-02,0.000000000000000000e+00,0.000000000000000000e+00,0.000000000000000000e+00,-0.000000000000000000e+00,0.000000000000000000e+00,-1.546571350156518698e-01,6.824220338576461597e-02,-1.912245835697318208e-01,0.000000000000000000e+00,0.000000000000000000e+00,0.000000000000000000e+00,-0.000000000000000000e+00,0.000000000000000000e+00,-0.000000000000000000e+00,0.000000000000000000e+00,-2.879669582748579648e-01,-2.284602665795879006e-01
-1.066404477596110192e-02,-0.000000000000000000e+00,-0.000000000000000000e+00,-2.392424034627012863e-01,-0.000000000000000000e+00,2.131548741651418111e-01,-2.506943399232409719e-01,0.000000000000000000e+00,-1.834617596350137658e-01,-4.188519776882534788e-03,0.000000000000000000e+00,2.197208128467235677e-01,0.000000000000000000e+00,1.733155060456100793e-01,6.283402334848789406e-02,-1.132472946299778044e-01,0.000000000000000000e+00,-3.219589151669307037e-01,2.939591146483384154e+00,-2.940494643917859197e-01,-2.087289586529690252e-02,-7.851194734274631604e-02,0.000000000000000000e+00,0.000000000000000000e+00,0.000000000000000000e+00,-0.000000000000000000e+00,0.000000000000000000e+00,-5.189427822332029483e-02,1.218783289552653332e-01,-1.850588632023533742e-01,0.000000000000000000e+00,0.000000000000000000e+00,0.000000000000000000e+00,-0.000000000000000000e+00,0.000000000000000000e+00,-0.000000000000000000e+00,0.000000000000000000e+00,-2.749480253218277714e-01,-2.329115703077426769e-01
-0.000000000000000000e+00,-0.000000000000000000e+00,-0.000000000000000000e+00,-3.325308422932509167e-01,-0.000000000000000000e+00,1.132476581143872091e-01,-3.425848505204706074e-01,0.000000000000000000e+00,-7.254669658263873666e-02,-0.000000000000000000e+00,0.000000000000000000e+00,7.187707623792903566e-02,-0.000000000000000000e+00,2.211965206161374542e-01,1.378036512683253612e-01,-0.000000000000000000e+00,0.000000000000000000e+00,-3.199261791107533837e-01,-2.940494643917859197e-01,2.778695331575127270e+00,-2.973648228641969649e-01,-2.832577146478090779e-01,0.000000000000000000e+00,1.990191948564713764e-02,0.000000000000000000e+00,-0.000000000000000000e+00,0.000000000000000000e+00,-1.746821562764805658e-01,4.099339751764100037e-02,-0.000000000000000000e+00,0.000000000000000000e+00,0.000000000000000000e+00,0.000000000000000000e+00,-0.000000000000000000e+00,0.000000000000000000e+00,0.000000000000000000e+00,0.000000000000000000e+00,-1.573761117518349961e-01,-0.000000000000000000e+00
-0.000000000000000000e+00,-0.000000000000000000e+00,-3.156232186575038678e-01,-9.998648982073031488e-02,-0.000000000000000000e+00,0.000000000000000000e+00,-0.000000000000000000e+00,3.887675794160955212e-01,-0.000000000000000000e+00,-0.000000000000000000e+00,0.000000000000000000e+00,0.000000000000000000e+00,-0.000000000000000000e+00,0.000000000000000000e+00,2.209948519192426741e-01,-0.000000000000000000e+00,-0.000000000000000000e+00,-1.382126373709589330e-02,-2.087289586529690252e-02,-2.973648228641969649e-01,2.424397137783878886e+00,-6.063551383970956499e-01,0.000000000000000000e+00,0.000000000000000000e+00,0.000000000000000000e+00,-0.000000000000000000e+00,0.000000000000000000e+00,-3.301726825778749652e-01,0.000000000000000000e+00,-0.000000000000000000e+00,0.000000000000000000e+00,0.000000000000000000e+00,-0.000000000000000000e+00,-0.000000000000000000e+00,0.000000000000000000e+00,-0.000000000000000000e+00,0.000000000000000000e+00,-0.000000000000000000e+00,-0.000000000000000000e+00
-0.000000000000000000e+00,-0.000000000000000000e+00,-3.842388975150304864e-01,-2.697144325380568253e-01,-0.000000000000000000e+00,0.000000000000000000e+00,-4.146089518468676904e-01,3.548731909567952592e-01,-0.000000000000000000e+00,-0.000000000000000000e+00,0.000000000000000000e+00,0.000000000000000000e+00,-0.000000000000000000e+00,0.000000000000000000e+00,3.838721561810531924e-02,-0.000000000000000000e+00,-0.000000000000000000e+00,-7.182781406810753722e-02,-7.851194734274631604e-02,-2.832577146478090779e-01,-6.063551383970956499e-01,2.618901897744380314e+00,0.000000000000000000e+00,0.000000000000000000e+00,0.000000000000000000e+00,-0.000000000000000000e+00,0.000000000000000000e+00,-9.705094700211451542e-02,0.000000000000000000e+00,-0.000000000000000000e+00,0.000000000000000000e+00,0.000000000000000000e+00,-0.000000000000000000e+00,-0.000000000000000000e+00,0.000000000000000000e+00,-0.000000000000000000e+00,-0.000000000000000000e+00,-0.000000000000000000e+00,-0.000000000000000000e+00
0.000000000000000000e+00,0.000000000000000000e+00,0.000000000000000000e+00,0.000000000000000000e+00,0.000000000000000000e+00,-1.923339619746383955e-01,0.000000000000000000e+00,-0.000000000000000000e+00,0.000000000000000000e+00,0.000000000000000000e+00,-0.000000000000000000e+00,-0.000000000000000000e+00,-2.757869886186730679e-01,-1.820144306471573881e-01,-0.000000000000000000e+00,0.000000000000000000e+00,-0.000000000000000000e+00,0.000000000000000000e+00,0.000000000000000000e+00,0.000000000000000000e+00,0.000000000000000000e+00,0.000000000000000000e+00,2.399322974561963751e+00,-2.935362098149706389e-01,-5.089908549945990623e-01,-0.000000000000000000e+00,-3.741148034183666704e-01,0.000000000000000000e+00,-1.301662823780130318e-01,0.000000000000000000e+00,-2.446822880481045459e-01,-7.858309817226101501e-02,-0.000000000000000000e+00,0.000000000000000000e+00,-1.701778356523435953e-01,-0.000000000000000000e+00,-0.000000000000000000e+00,0.000000000000000000e+00,0.000000000000000000e+00
0.000000000000000000e+00,0.000000000000000000e+00,0.000000000000000000e+00,0.000000000000000000e+00,0.000000000000000000e+00,-1.495244710766697460e-01,0.000000000000000000e+00,-0.000000000000000000e+00,0.000000000000000000e+00,0.000000000000000000e+00,-4.042658963944160272e-02,-6.204039198622135487e-02,-0.000000000000000000e+00,-1.955658217628124529e-01,-1.871532855484515446e-03,0.000000000000000000e+00,-0.000000000000000000e+00,0.000000000000000000e+00,0.000000000000000000e+00,1.990191948564713764e-02,0.000000000000000000e+00,0.000000000000000000e+00,-2.935362098149706389e-01,2.265596285966839929e+00,-3.384873661382326038e-01,0.000000000000000000e+00,-1.000237795555663223e-01,0.000000000000000000e+00,-4.027584089011067570e-01,0.000000000000000000e+00,-4.006294625258921549e-02,-2.608001684088814276e-01,-3.332675508319341701e-02,0.000000000000000000e+00,-2.261474727461245948e-01,-0.000000000000000000e+00,-5.397216820420678435e-02,0.000000000000000000e+00,0.000000000000000000e+00
0.000000000000000000e+00,0.000000000000000000e+00,0.000000000000000000e+00,0.000000000000000000e+00,0.000000000000000000e+00,-2.174114357494421890e-01,0.000000000000000000e+00,-0.000000000000000000e+00,0.000000000000000000e+00,0.000000000000000000e+00,-0.000000000000000000e+00,-1.061756969678193108e-01,-3.809947981918359594e-01,-1.672316192848436467e-01,-0.000000000000000000e+00,0.000000000000000000e+00,-0.000000000000000000e+00,0.000000000000000000e+00,0.000000000000000000e+00,0.000000000000000000e+00,0.000000000000000000e+00,0.000000000000000000e+00,-5.089908549945990623e-01,-3.384873661382326038e-01,2.199616538432705326e+00,0.000000000000000000e+00,-0.000000000000000000e+00,0.000000000000000000e+00,-1.619617239080180515e-01,1.570060132022132321e-02,-1.166013121857021051e-01,-0.000000000000000000e+00,-1.576141655960494881e-01,0.000000000000000000e+00,-6.580656070382663939e-03,-0.000000000000000000e+00,-0.000000000000000000e+00,7.655118747152434011e-02,0.000000000000000000e+00
-1.698520726992251983e-01,-1.930015970689285265e-01,-6.850541753361281960e-02,-0.000000000000000000e+00,-2.132634339192637785e-01,0.000000000000000000e+00,-0.000000000000000000e+00,2.167257872569485211e-01,-0.000000000000000000e+00,-2.622546204646819534e-01,-0.000000000000000000e+00,0.000000000000000000e+00,-0.000000000000000000e+00,0.000000000000000000e+00,0.000000000000000000e+00,-1.256408621480497034e-01,-3.081499774649305579e-01,-0.000000000000000000e+00,-0.000000000000000000e+00,-0.000000000000000000e+00,-0.000000000000000000e+00,-0.000000000000000000e+00,-0.000000000000000000e+00,0.000000000000000000e+00,0.000000000000000000e+00,2.140259175280766257e+00,-0.000000000000000000e+00,-2.909411868772375231e-01,0.000000000000000000e+00,-0.000000000000000000e+00,-0.000000000000000000e+00,-0.000000000000000000e+00,-0.000000000000000000e+00,-1.822027506583304424e-01,-0.000000000000000000e+00,-2.548534066200768833e-01,-0.000000000000000000e+00,-0.000000000000000000e+00,-0.000000000000000000e+00
0.000000000000000000e+00,-0.000000000000000000e+00,-0.000000000000000000e+00,0.000000000000000000e+00,-0.000000000000000000e+00,-0.000000000000000000e+00,0.000000000000000000e+00,0.000000000000000000e+00,0.000000000000000000e+00,-0.000000000000000000e+00,-4.587333812676183120e-01,-0.000000000000000000e+00,-7.365040143688504626e-02,-1.902625520549336424e-01,-0.000000000000000000e+00,0.000000000000000000e+00,-6.479764222095088511e-02,0.000000000000000000e+00,0.000000000000000000e+00,0.000000000000000000e+00,0.000000000000000000e+00,0.000000000000000000e+00,-3.741148034183666704e-01,-1.000237795555663223e-01,-0.000000000000000000e+00,-0.000000000000000000e+00,2.143212012467576422e+00,0.000000000000000000e+00,-1.444994427865306692e-02,0.000000000000000000e+00,-3.491635145410129648e-01,-1.936037247341242107e-01,-0.000000000000000000e+00,-0.000000000000000000e+00,-2.406534829320219337e-01,-5.919368413109931532e-02,-0.000000000000000000e+00,0.000000000000000000e+00,0.000000000000000000e+00
-1.337611446225356326e-01,-0.000000000000000000e+00,-2.313906108858097832e-01,-0.000000000000000000e+00,-3.655226348453579494e-02,0.000000000000000000e+00,-2.005270205250041758e-03,1.253453371830419161e-01,-2.273213116556884253e-02,-2.066559358512436856e-02,0.000000000000000000e+00,0.000000000000000000e+00,-0.000000000000000000e+00,0.000000000000000000e+00,2.250659358845398805e-01,-2.713969191202367792e-01,-0.000000000000000000e+00,-1.546571350156518698e-01,-5.189427822332029483e-02,-1.746821562764805658e-01,-3.301726825778749652e-01,-9.705094700211451542e-02,0.000000000000000000e+00,0.000000000000000000e+00,0.000000000000000000e+00,-2.909411868772375231e-01,0.000000000000000000e+00,2.315380414631016848e+00,0.000000000000000000e+00,-0.000000000000000000e+00,0.000000000000000000e+00,0.000000000000000000e+00,-0.000000000000000000e+00,-0.000000000000000000e+00,0.000000000000000000e+00,-0.000000000000000000e+00,-0.000000000000000000e+00,-6.420618060855057263e-02,-0.000000000000000000e+00
0.000000000000000000e+00,0.000000000000000000e+00,0.000000000000000000e+00,0.000000000000000000e+00,0.000000000000000000e+00,-2.189613142907548826e-01,0.000000000000000000e+00,-0.000000000000000000e+00,5.519701665384119105e-02,0.000000000000000000e+00,-0.000000000000000000e+00,-2.219571261627025505e-01,-0.000000000000000000e+00,-1.649746086953610136e-01,-5.672659384780121689e-02,0.000000000000000000e+00,-0.000000000000000000e+00,6.824220338576461597e-02,1.218783289552653332e-01,4.099339751764100037e-02,0.000000000000000000e+00,0.000000000000000000e+00,-1.301662823780130318e-01,-4.027584089011067570e-01,-1.619617239080180515e-01,0.000000000000000000e+00,-1.444994427865306692e-02,0.000000000000000000e+00,2.518859782597848262e+00,1.438025450712403230e-01,-0.000000000000000000e+00,-5.435797995496919333e-01,-0.000000000000000000e+00,0.000000000000000000e+00,-1.144588439506462330e-01,-0.000000000000000000e+00,-0.000000000000000000e+00,1.560259052148875725e-01,0.000000000000000000e+00
-2.575152949648375489e-01,-1.017121971503806427e-01,-0.000000000000000000e+00,-0.000000000000000000e+00,-9.381947700076297136e-02,0.000000000000000000e+00,-0.000000000000000000e+00,0.000000000000000000e+00,-3.663164340085586779e-01,-2.612398893668650968e-01,0.000000000000000000e+00,2.493659383549650665e-01,0.000000000000000000e+00,0.000000000000000000e+00,9.452152388557102936e-02,-2.939875784167760853e-01,-0.000000000000000000e+00,-1.912245835697318208e-01,-1.850588632023533742e-01,-0.000000000000000000e+00,-0.000000000000000000e+00,-0.000000000000000000e+00,0.000000000000000000e+00,0.000000000000000000e+00,1.570060132022132321e-02,-0.000000000000000000e+00,0.000000000000000000e+00,-0.000000000000000000e+00,1.438025450712403230e-01,2.978104935229735961e+00,0.000000000000000000e+00,0.000000000000000000e+00,0.000000000000000000e+00,-1.832122189766413056e-01,0.000000000000000000e+00,-0.000000000000000000e+00,0.000000000000000000e+00,-2.901809156856470229e-01,-2.909254683187960655e-01
0.000000000000000000e+00,0.000000000000000000e+00,-0.000000000000000000e+00,8.386747842849615053e-02,-0.000000000000000000e+00,-4.009815455912126292e-01,0.000000000000000000e+00,0.000000000000000000e+00,0.000000000000000000e+00,0.000000000000000000e+00,-4.770101313165365370e-02,-0.000000000000000000e+00,-0.000000000000000000e+00,-2.162091578121434488e-01,-0.000000000000000000e+00,0.000000000000000000e+00,-2.221270887258883497e-01,0.000000000000000000e+00,0.000000000000000000e+00,0.000000000000000000e+00,0.000000000000000000e+00,0.000000000000000000e+00,-2.446822880481045459e-01,-4.006294625258921549e-02,-1.166013121857021051e-01,-0.000000000000000000e+00,-3.491635145410129648e-01,0.000000000000000000e+00,-0.000000000000000000e+00,0.000000000000000000e+00,2.092051721969088618e+00,-4.188068768739349607e-02,-1.538627019258452522e-01,0.000000000000000000e+00,-2.056863657003573931e-01,-0.000000000000000000e+00,-0.000000000000000000e+00,0.000000000000000000e+00,0.000000000000000000e+00
0.000000000000000000e+00,-0.000000000000000000e+00,0.000000000000000000e+00,9.698323958088318764e-03,0.000000000000000000e+00,-2.053450689641531102e-01,0.000000000000000000e+00,0.000000000000000000e+00,0.000000000000000000e+00,0.000000000000000000e+00,-1.903688142451594456e-01,-0.000000000000000000e+00,-0.000000000000000000e+00,-2.480316824453639157e-01,-0.000000000000000000e+00,0.000000000000000000e+00,-0.000000000000000000e+00,0.000000000000000000e+00,0.000000000000000000e+00,0.000000000000000000e+00,0.000000000000000000e+00,0.000000000000000000e+00,-7.858309817226101501e-02,-2.608001684088814276e-01,-0.000000000000000000e+00,-0.000000000000000000e+00,-1.936037247341242107e-01,0.000000000000000000e+00,-5.435797995496919333e-01,0.000000000000000000e+00,-4.188068768739349607e-02,2.526375910522770329e+00,-2.096044570388212736e-02,0.000000000000000000e+00,-3.619842885138332411e-01,-0.000000000000000000e+00,-4.618261367093104974e-01,0.000000000000000000e+00,0.000000000000000000e+00
0.000000000000000000e+00,0.000000000000000000e+00,-0.000000000000000000e+00,0.000000000000000000e+00,-0.000000000000000000e+00,-3.745271625439991481e-02,0.000000000000000000e+00,2.020364909590402491e-01,0.000000000000000000e+00,0.000000000000000000e+00,-0.000000000000000000e+00,-0.000000000000000000e+00,-5.089534248028369789e-02,-1.207928584568722236e-01,-0.000000000000000000e+00,0.000000000000000000e+00,-1.246016300800281869e-02,0.000000000000000000e+00,0.000000000000000000e+00,0.000000000000000000e+00,-0.000000000000000000e+00,-0.000000000000000000e+00,-0.000000000000000000e+00,-3.332675508319341701e-02,-1.576141655960494881e-01,-0.000000000000000000e+00,-0.000000000000000000e+00,-0.000000000000000000e+00,-0.000000000000000000e+00,0.000000000000000000e+00,-1.538627019258452522e-01,-2.096044570388212736e-02,1.248023603345577381e+00,-0.000000000000000000e+00,-0.000000000000000000e+00,-1.182970453306466246e-01,-1.052056359928101176e-01,0.000000000000000000e+00,0.000000000000000000e+00
-1.245056948152405696e-01,-9.165612943269189905e-02,-1.589538472948854031e-01,-0.000000000000000000e+00,-5.346681996050373087e-01,0.000000000000000000e+00,-0.000000000000000000e+00,0.000000000000000000e+00,-3.017269312236592338e-01,-1.192274445619947720e-01,-0.000000000000000000e+00,0.000000000000000000e+00,-0.000000000000000000e+00,0.000000000000000000e+00,0.000000000000000000e+00,-4.158071414414350048e-02,-0.000000000000000000e+00,-0.000000000000000000e+00,-0.000000000000000000e+00,-0.000000000000000000e+00,-0.000000000000000000e+00,-0.000000000000000000e+00,0.000000000000000000e+00,0.000000000000000000e+00,0.000000000000000000e+00,-1.822027506583304424e-01,-0.000000000000000000e+00,-0.000000000000000000e+00,0.000000000000000000e+00,-1.832122189766413056e-01,0.000000000000000000e+00,0.000000000000000000e+00,-0.000000000000000000e+00,2.100158648381996507e+00,-0.000000000000000000e+00,-1.460492054385108818e-01,-0.000000000000000000e+00,-0.000000000000000000e+00,-6.155015458169378617e-02
0.000000000000000000e+00,-0.000000000000000000e+00,-0.000000000000000000e+00,0.000000000000000000e+00,-0.000000000000000000e+00,-9.173220429188100366e-04,0.000000000000000000e+00,0.000000000000000000e+00,0.000000000000000000e+00,-0.000000000000000000e+00,-2.038162187251014446e-01,-0.000000000000000000e+00,-0.000000000000000000e+00,-2.413940312241598732e-02,-0.000000000000000000e+00,0.000000000000000000e+00,-6.484352240400323431e-02,0.000000000000000000e+00,0.000000000000000000e+00,0.000000000000000000e+00,0.000000000000000000e+00,0.000000000000000000e+00,-1.701778356523435953e-01,-2.261474727461245948e-01,-6.580656070382663939e-03,-0.000000000000000000e+00,-2.406534829320219337e-01,0.000000000000000000e+00,-1.144588439506462330e-01,0.000000000000000000e+00,-2.056863657003573931e-01,-3.619842885138332411e-01,-0.000000000000000000e+00,-0.000000000000000000e+00,2.348309332894989332e+00,-1.158411100727124200e-02,-7.252368540476582526e-01,0.000000000000000000e+00,0.000000000000000000e+00
-0.000000000000000000e+00,-2.424930229746038446e-01,-0.000000000000000000e+00,0.000000000000000000e+00,-2.476276068582722867e-01,-0.000000000000000000e+00,0.000000000000000000e+00,0.000000000000000000e+00,-0.000000000000000000e+00,-0.000000000000000000e+00,-2.463026809080581803e-01,0.000000000000000000e+00,-0.000000000000000000e+00,-0.000000000000000000e+00,0.000000000000000000e+00,-0.000000000000000000e+00,-5.199204995974586740e-01,-0.000000000000000000e+00,-0.000000000000000000e+00,0.000000000000000000e+00,-0.000000000000000000e+00,-0.000000000000000000e+00,-0.000000000000000000e+00,-0.000000000000000000e+00,-0.000000000000000000e+00,-2.548534066200768833e-01,-5.919368413109931532e-02,-0.000000000000000000e+00,-0.000000000000000000e+00,-0.000000000000000000e+00,-0.000000000000000000e+00,-0.000000000000000000e+00,-1.182970453306466246e-01,-1.460492054385108818e-01,-1.158411100727124200e-02,1.880403795871736561e+00,-3.207239355465778541e-01,-0.000000000000000000e+00,-0.000000000000000000e+00
-0.000000000000000000e+00,-0.000000000000000000e+00,-0.000000000000000000e+00,0.000000000000000000e+00,-0.000000000000000000e+00,-0.000000000000000000e+00,0.000000000000000000e+00,0.000000000000000000e+00,0.000000000000000000e+00,-0.000000000000000000e+00,-6.080161698043037855e-02,-0.000000000000000000e+00,-0.000000000000000000e+00,-0.000000000000000000e+00,-0.000000000000000000e+00,-0.000000000000000000e+00,-1.264135855545214793e-01,0.000000000000000000e+00,0.000000000000000000e+00,0.000000000000000000e+00,0.000000000000000000e+00,-0.000000000000000000e+00,-0.000000000000000000e+00,-5.397216820420678435e-02,-0.000000000000000000e+00,-0.000000000000000000e+00,-0.000000000000000000e+00,-0.000000000000000000e+00,-0.000000000000000000e+00,0.000000000000000000e+00,-0.000000000000000000e+00,-4.618261367093104974e-01,-1.052056359928101176e-01,-0.000000000000000000e+00,-7.252368540476582526e-01,-3.207239355465778541e-01,1.973277102952287976e+00,0.000000000000000000e+00,0.000000000000000000e+00
-2.680207980061798945e-01,-0.000000000000000000e+00,-0.000000000000000000e+00,-5.090532139314354193e-02,-0.000000000000000000e+00,1.776820665354125195e-01,-0.000000000000000000e+00,0.000000000000000000e+00,-3.203709232186882638e-01,-1.234083370719402384e-01,0.000000000000000000e+00,2.485090732280831882e-01,0.000000000000000000e+00,0.000000000000000000e+00,1.708790650020759749e-01,-2.034550669055432137e-01,-0.000000000000000000e+00,-2.879669582748579648e-01,-2.749480253218277714e-01,-1.573761117518349961e-01,-0.000000000000000000e+00,-0.000000000000000000e+00,0.000000000000000000e+00,0.000000000000000000e+00,7.655118747152434011e-02,-0.000000000000000000e+00,0.000000000000000000e+00,-6.420618060855057263e-02,1.560259052148875725e-01,-2.901809156856470229e-01,0.000000000000000000e+00,0.000000000000000000e+00,0.000000000000000000e+00,-0.000000000000000000e+00,0.000000000000000000e+00,-0.000000000000000000e+00,0.000000000000000000e+00,3.086723153226663463e+00,-3.067405751173198913e-01
-2.402207722771260157e-01,-2.520478765016375133e-01,-0.000000000000000000e+00,-2.764225042140252067e-02,-1.920736106271120087e-03,9.346890915140288261e-03,-1.526602097153636484e-01,0.000000000000000000e+00,-3.220693241444628208e-01,-3.480615176734671024e-01,0.000000000000000000e+00,2.364503900054467922e-01,0.000000000000000000e+00,0.000000000000000000e+00,9.084981976620318256e-02,-2.471924841093407488e-01,-0.000000000000000000e+00,-2.284602665795879006e-01,-2.329115703077426769e-01,-0.000000000000000000e+00,-0.000000000000000000e+00,-0.000000000000000000e+00,0.000000000000000000e+00,0.000000000000000000e+00,0.000000000000000000e+00,-0.000000000000000000e+00,0.000000000000000000e+00,-0.000000000000000000e+00,0.000000000000000000e+00,-2.909254683187960655e-01,0.000000000000000000e+00,0.000000000000000000e+00,0.000000000000000000e+00,-6.155015458169378617e-02,0.000000000000000000e+00,-0.000000000000000000e+00,0.000000000000000000e+00,-3.067405751173198913e-01,3.004821773091157056e+00
