1.950075031343541099e+00,-5.105085735525859425e-01,-0.000000000000000000e+00,0.000000000000000000e+00,-0.000000000000000000e+00,0.000000000000000000e+00,-0.000000000000000000e+00,0.000000000000000000e+00,-0.000000000000000000e+00,-0.000000000000000000e+00,0.000000000000000000e+00,0.000000000000000000e+00,-0.000000000000000000e+00,-0.000000000000000000e+00,-0.000000000000000000e+00,-0.000000000000000000e+00,-0.000000000000000000e+00,-0.000000000000000000e+00,0.000000000000000000e+00,-0.000000000000000000e+00,-0.000000000000000000e+00,-0.000000000000000000e+00,-0.000000000000000000e+00,0.000000000000000000e+00,-0.000000000000000000e+00,-6.285058181888968365e-01,-0.000000000000000000e+00,-0.000000000000000000e+00,-1.676578152590643411e-01,-4.020794608196458508e-01,-0.000000000000000000e+00,-0.000000000000000000e+00,-0.000000000000000000e+00,-0.000000000000000000e+00,-0.000000000000000000e+00,-2.166959747681751203e-01,-0.000000000000000000e+00,-0.000000000000000000e+00,0.000000000000000000e+00
-5.105085735525859425e-01,1.408139158270246050e+00,0.000000000000000000e+00,-0.000000000000000000e+00,-1.687188277374750134e-02,0.000000000000000000e+00,0.000000000000000000e+00,-0.000000000000000000e+00,-0.000000000000000000e+00,-1.355509189123884628e-01,-0.000000000000000000e+00,-0.000000000000000000e+00,0.000000000000000000e+00,-0.000000000000000000e+00,0.000000000000000000e+00,-0.000000000000000000e+00,-0.000000000000000000e+00,0.000000000000000000e+00,6.574510389518116449e-02,-0.000000000000000000e+00,0.000000000000000000e+00,0.000000000000000000e+00,-0.000000000000000000e+00,0.000000000000000000e+00,-1.313205277500656687e-01,-0.000000000000000000e+00,0.000000000000000000e+00,-0.000000000000000000e+00,-0.000000000000000000e+00,-0.000000000000000000e+00,-6.545004438786583556e-02,-0.000000000000000000e+00,0.000000000000000000e+00,-0.000000000000000000e+00,0.000000000000000000e+00,-0.000000000000000000e+00,-1.698633779038886404e-01,2.360059133774909113e-01,-0.000000000000000000e+00
-0.000000000000000000e+00,0.000000000000000000e+00,2.657333872698850019e+00,0.000000000000000000e+00,-2.820187600747817158e-01,-0.000000000000000000e+00,0.000000000000000000e+00,1.505015672878125210e+00,-2.856983305970550724e-01,-0.000000000000000000e+00,-0.000000000000000000e+00,-0.000000000000000000e+00,0.000000000000000000e+00,-9.002072924423000500e-02,-0.000000000000000000e+00,-0.000000000000000000e+00,-0.000000000000000000e+00,-0.000000000000000000e+00,0.000000000000000000e+00,0.000000000000000000e+00,-2.828014899970162088e-01,-0.000000000000000000e+00,-4.208755448978919456e-02,-0.000000000000000000e+00,-0.000000000000000000e+00,-0.000000000000000000e+00,-0.000000000000000000e+00,-0.000000000000000000e+00,-0.000000000000000000e+00,-0.000000000000000000e+00,-5.761918049476385389e-02,-0.000000000000000000e+00,-7.066459156664156582e-02,-5.697178597568878372e-02,-0.000000000000000000e+00,-2.731481904459765603e-02,0.000000000000000000e+00,-9.705878809575285704e-02,-0.000000000000000000e+00
0.000000000000000000e+00,-0.000000000000000000e+00,0.000000000000000000e+00,1.271789746478142247e+00,-0.000000000000000000e+00,2.188811720919334458e-01,-1.628443070272656279e-01,-0.000000000000000000e+00,-0.000000000000000000e+00,0.000000000000000000e+00,0.000000000000000000e+00,-0.000000000000000000e+00,-0.000000000000000000e+00,0.000000000000000000e+00,-0.000000000000000000e+00,-0.000000000000000000e+00,0.000000000000000000e+00,-5.307402879123885447e-02,-9.663624081965824231e-02,-0.000000000000000000e+00,3.833359432392815513e-01,0.000000000000000000e+00,-0.000000000000000000e+00,0.000000000000000000e+00,0.000000000000000000e+00,0.000000000000000000e+00,0.000000000000000000e+00,0.000000000000000000e+00,0.000000000000000000e+00,0.000000000000000000e+00,0.000000000000000000e+00,0.000000000000000000e+00,5.291679644421165563e-02,-0.000000000000000000e+00,0.000000000000000000e+00,0.000000000000000000e+00,0.000000000000000000e+00,0.000000000000000000e+00,-0.000000000000000000e+00
-0.000000000000000000e+00,-1.687188277374750134e-02,-2.820187600747817158e-01,-0.000000000000000000e+00,1.858043287941895105e+00,0.000000000000000000e+00,0.000000000000000000e+00,1.302832598173340184e-01,-1.656181480670055814e-02,-0.000000000000000000e+00,-0.000000000000000000e+00,-0.000000000000000000e+00,0.000000000000000000e+00,-3.257407139570949739e-01,-0.000000000000000000e+00,-0.000000000000000000e+00,-0.000000000000000000e+00,-0.000000000000000000e+00,4.033127610270084706e-02,0.000000000000000000e+00,0.000000000000000000e+00,0.000000000000000000e+00,-0.000000000000000000e+00,0.000000000000000000e+00,-0.000000000000000000e+00,-7.492825232181177979e-04,-0.000000000000000000e+00,-0.000000000000000000e+00,-0.000000000000000000e+00,-0.000000000000000000e+00,-9.358487353386126320e-03,-0.000000000000000000e+00,-0.000000000000000000e+00,-8.906329404051236409e-01,-0.000000000000000000e+00,-0.000000000000000000e+00,-0.000000000000000000e+00,-0.000000000000000000e+00,-0.000000000000000000e+00
0.000000000000000000e+00,0.000000000000000000e+00,-0.000000000000000000e+00,2.188811720919334458e-01,0.000000000000000000e+00,1.758682831113005385e+00,-0.000000000000000000e+00,-0.000000000000000000e+00,0.000000000000000000e+00,-0.000000000000000000e+00,-0.000000000000000000e+00,2.902827082558152028e-01,-0.000000000000000000e+00,-0.000000000000000000e+00,0.000000000000000000e+00,-0.000000000000000000e+00,-1.344986102236943593e-01,0.000000000000000000e+00,0.000000000000000000e+00,0.000000000000000000e+00,-5.227212479907680787e-02,-8.006240045709175912e-02,-4.322374846070169835e-02,-1.705159412668151020e-01,-1.300916311803123615e-01,-0.000000000000000000e+00,-1.252073216844564948e-02,-1.945622009423876031e-01,-0.000000000000000000e+00,-0.000000000000000000e+00,-0.000000000000000000e+00,-2.130166253696688106e-01,-1.452299405459737958e-02,2.031576349921120628e-01,-0.000000000000000000e+00,-4.103608884163448961e-02,-1.765935803650327540e-01,-0.000000000000000000e+00,0.000000000000000000e+00
-0.000000000000000000e+00,0.000000000000000000e+00,0.000000000000000000e+00,-1.628443070272656279e-01,0.000000000000000000e+00,-0.000000000000000000e+00,1.670931817604976333e+00,-1.886893840872741479e-02,0.000000000000000000e+00,-0.000000000000000000e+00,6.485233902433921831e-03,2.128575413196841237e-02,-3.178635978147303920e-01,-0.000000000000000000e+00,-0.000000000000000000e+00,-1.879211969017581807e-01,-0.000000000000000000e+00,-2.093401728427540798e-01,-1.766861712776034371e-03,-2.844980336758470840e-02,0.000000000000000000e+00,-0.000000000000000000e+00,-0.000000000000000000e+00,-0.000000000000000000e+00,0.000000000000000000e+00,-0.000000000000000000e+00,-0.000000000000000000e+00,-0.000000000000000000e+00,-3.111581765084440176e-01,-1.765473251811005839e-01,0.000000000000000000e+00,-0.000000000000000000e+00,-0.000000000000000000e+00,0.000000000000000000e+00,-4.957753579782072650e-01,-0.000000000000000000e+00,-0.000000000000000000e+00,-0.000000000000000000e+00,0.000000000000000000e+00
0.000000000000000000e+00,-0.000000000000000000e+00,1.505015672878125210e+00,-0.000000000000000000e+00,1.302832598173340184e-01,-0.000000000000000000e+00,-1.886893840872741479e-02,2.401002739055671853e+00,1.134675313577307304e-01,0.000000000000000000e+00,0.000000000000000000e+00,0.000000000000000000e+00,-0.000000000000000000e+00,0.000000000000000000e+00,0.000000000000000000e+00,0.000000000000000000e+00,-0.000000000000000000e+00,0.000000000000000000e+00,-0.000000000000000000e+00,-1.082707726367014567e-02,1.758086710095850547e-01,0.000000000000000000e+00,0.000000000000000000e+00,0.000000000000000000e+00,0.000000000000000000e+00,0.000000000000000000e+00,0.000000000000000000e+00,0.000000000000000000e+00,-0.000000000000000000e+00,-0.000000000000000000e+00,0.000000000000000000e+00,-0.000000000000000000e+00,0.000000000000000000e+00,2.334298226840942625e-01,-0.000000000000000000e+00,0.000000000000000000e+00,-0.000000000000000000e+00,0.000000000000000000e+00,0.000000000000000000e+00
-0.000000000000000000e+00,-0.000000000000000000e+00,-2.856983305970550724e-01,-0.000000000000000000e+00,-1.656181480670055814e-02,0.000000000000000000e+00,0.000000000000000000e+00,1.134675313577307304e-01,1.883620761900153706e+00,-0.000000000000000000e+00,-0.000000000000000000e+00,-0.000000000000000000e+00,2.640205568052965066e-02,-0.000000000000000000e+00,-0.000000000000000000e+00,0.000000000000000000e+00,0.000000000000000000e+00,-0.000000000000000000e+00,0.000000000000000000e+00,0.000000000000000000e+00,-0.000000000000000000e+00,-0.000000000000000000e+00,-1.671940414465146463e-01,-0.000000000000000000e+00,-0.000000000000000000e+00,-6.489047797640563886e-02,-1.109720743426238429e-02,-0.000000000000000000e+00,-0.000000000000000000e+00,0.000000000000000000e+00,-1.066380909274961819e-01,-0.000000000000000000e+00,-1.306221349709989765e-01,-6.544794345573946570e-01,-0.000000000000000000e+00,-0.000000000000000000e+00,0.000000000000000000e+00,-1.738563561787408451e-01,-3.451292989677726686e-01
-0.000000000000000000e+00,-1.355509189123884628e-01,-0.000000000000000000e+00,0.000000000000000000e+00,-0.000000000000000000e+00,-0.000000000000000000e+00,-0.000000000000000000e+00,0.000000000000000000e+00,-0.000000000000000000e+00,1.821415020443493127e+00,-0.000000000000000000e+00,0.000000000000000000e+00,0.000000000000000000e+00,-2.613523759543371905e-01,0.000000000000000000e+00,-7.360090591259382808e-01,-7.690850401752407327e-03,0.000000000000000000e+00,0.000000000000000000e+00,-0.000000000000000000e+00,-0.000000000000000000e+00,-0.000000000000000000e+00,-1.191622406414622609e-01,-2.328615942574452369e-01,-1.202776774508177854e-01,-0.000000000000000000e+00,-0.000000000000000000e+00,-0.000000000000000000e+00,-9.988779123467241353e-03,-0.000000000000000000e+00,-0.000000000000000000e+00,-0.000000000000000000e+00,0.000000000000000000e+00,-0.000000000000000000e+00,-0.000000000000000000e+00,-0.000000000000000000e+00,-9.450474306958704662e-02,0.000000000000000000e+00,0.000000000000000000e+00
0.000000000000000000e+00,-0.000000000000000000e+00,-0.000000000000000000e+00,0.000000000000000000e+00,-0.000000000000000000e+00,-0.000000000000000000e+00,6.485233902433921831e-03,0.000000000000000000e+00,-0.000000000000000000e+00,-0.000000000000000000e+00,1.383587285591800775e+00,0.000000000000000000e+00,0.000000000000000000e+00,-0.000000000000000000e+00,-0.000000000000000000e+00,0.000000000000000000e+00,-1.896281851494226733e-01,1.558140941951754177e-01,3.616511676636658800e-03,-0.000000000000000000e+00,-4.651644469147280664e-02,-2.173278550096348349e-01,0.000000000000000000e+00,-7.728651498673937137e-02,-0.000000000000000000e+00,-0.000000000000000000e+00,-0.000000000000000000e+00,-0.000000000000000000e+00,-0.000000000000000000e+00,0.000000000000000000e+00,-2.261974782482958635e-01,-1.537193883910264736e-01,-0.000000000000000000e+00,-0.000000000000000000e+00,0.000000000000000000e+00,-0.000000000000000000e+00,-0.000000000000000000e+00,-0.000000000000000000e+00,0.000000000000000000e+00
0.000000000000000000e+00,-0.000000000000000000e+00,-0.000000000000000000e+00,-0.000000000000000000e+00,-0.000000000000000000e+00,2.902827082558152028e-01,2.128575413196841237e-02,0.000000000000000000e+00,-0.000000000000000000e+00,0.000000000000000000e+00,0.000000000000000000e+00,1.812159399207096566e+00,0.000000000000000000e+00,0.000000000000000000e+00,-1.518941189161258920e-01,0.000000000000000000e+00,2.713036560271919195e-01,-2.189609654781267956e-01,-0.000000000000000000e+00,1.604501274822603841e-03,2.775566679508925313e-02,1.098738060570114555e-01,-0.000000000000000000e+00,0.000000000000000000e+00,0.000000000000000000e+00,-0.000000000000000000e+00,0.000000000000000000e+00,0.000000000000000000e+00,0.000000000000000000e+00,0.000000000000000000e+00,0.000000000000000000e+00,0.000000000000000000e+00,-0.000000000000000000e+00,-4.241220500780484848e-01,0.000000000000000000e+00,0.000000000000000000e+00,1.712846995678169726e-01,-0.000000000000000000e+00,-4.965224565418455693e-01
-0.000000000000000000e+00,0.000000000000000000e+00,0.000000000000000000e+00,-0.000000000000000000e+00,0.000000000000000000e+00,-0.000000000000000000e+00,-3.178635978147303920e-01,-0.000000000000000000e+00,2.640205568052965066e-02,0.000000000000000000e+00,0.000000000000000000e+00,0.000000000000000000e+00,1.340076762020489420e+00,-0.000000000000000000e+00,-0.000000000000000000e+00,-0.000000000000000000e+00,-0.000000000000000000e+00,-0.000000000000000000e+00,-0.000000000000000000e+00,-0.000000000000000000e+00,0.000000000000000000e+00,0.000000000000000000e+00,-0.000000000000000000e+00,-0.000000000000000000e+00,0.000000000000000000e+00,-0.000000000000000000e+00,-0.000000000000000000e+00,-0.000000000000000000e+00,-0.000000000000000000e+00,-1.887677650343344005e-01,4.788169070994555132e-01,-0.000000000000000000e+00,0.000000000000000000e+00,2.261167802953602812e-01,-0.000000000000000000e+00,-1.287971881072486405e-02,0.000000000000000000e+00,-0.000000000000000000e+00,3.544145692300103810e-03
-0.000000000000000000e+00,-0.000000000000000000e+00,-9.002072924423000500e-02,0.000000000000000000e+00,-3.257407139570949739e-01,-0.000000000000000000e+00,-0.000000000000000000e+00,0.000000000000000000e+00,-0.000000000000000000e+00,-2.613523759543371905e-01,-0.000000000000000000e+00,0.000000000000000000e+00,-0.000000000000000000e+00,2.363540170551477804e+00,-0.000000000000000000e+00,-1.087717348395933897e-01,-1.896131766777032768e-01,-0.000000000000000000e+00,0.000000000000000000e+00,-0.000000000000000000e+00,-0.000000000000000000e+00,-0.000000000000000000e+00,-0.000000000000000000e+00,-4.209137566709436618e-01,-0.000000000000000000e+00,-1.303411629399448546e-01,-0.000000000000000000e+00,-3.048849286489646038e-01,-1.984819375634705174e-01,-3.059154215817698128e-02,-0.000000000000000000e+00,-1.403067318326212398e-01,-1.271021595142115268e-01,-0.000000000000000000e+00,-2.756659932507334321e-01,-1.450661620251456063e-01,-0.000000000000000000e+00,-0.000000000000000000e+00,0.000000000000000000e+00
-0.000000000000000000e+00,0.000000000000000000e+00,-0.000000000000000000e+00,-0.000000000000000000e+00,-0.000000000000000000e+00,0.000000000000000000e+00,-0.000000000000000000e+00,0.000000000000000000e+00,-0.000000000000000000e+00,0.000000000000000000e+00,-0.000000000000000000e+00,-1.518941189161258920e-01,-0.000000000000000000e+00,-0.000000000000000000e+00,1.581146730642341458e+00,-0.000000000000000000e+00,-0.000000000000000000e+00,-7.372246573270964387e-02,-0.000000000000000000e+00,-0.000000000000000000e+00,-0.000000000000000000e+00,-0.000000000000000000e+00,0.000000000000000000e+00,-0.000000000000000000e+00,9.049625533131301636e-02,-1.188766663573617294e-01,-6.943848107668119073e-03,-0.000000000000000000e+00,-0.000000000000000000e+00,0.000000000000000000e+00,0.000000000000000000e+00,-0.000000000000000000e+00,-0.000000000000000000e+00,-0.000000000000000000e+00,-0.000000000000000000e+00,-0.000000000000000000e+00,0.000000000000000000e+00,-8.710634481581057686e-01,-0.000000000000000000e+00
-0.000000000000000000e+00,-0.000000000000000000e+00,-0.000000000000000000e+00,-0.000000000000000000e+00,-0.000000000000000000e+00,-0.000000000000000000e+00,-1.879211969017581807e-01,0.000000000000000000e+00,0.000000000000000000e+00,-7.360090591259382808e-01,0.000000000000000000e+00,0.000000000000000000e+00,-0.000000000000000000e+00,-1.087717348395933897e-01,-0.000000000000000000e+00,1.862413150928077687e+00,-0.000000000000000000e+00,-2.509811717302635192e-01,-0.000000000000000000e+00,-0.000000000000000000e+00,-0.000000000000000000e+00,-0.000000000000000000e+00,-0.000000000000000000e+00,-0.000000000000000000e+00,0.000000000000000000e+00,-1.867725325893629384e-02,-0.000000000000000000e+00,-0.000000000000000000e+00,-9.630309688794003176e-02,-2.773687094264307151e-01,0.000000000000000000e+00,-0.000000000000000000e+00,-0.000000000000000000e+00,0.000000000000000000e+00,-0.000000000000000000e+00,-2.093835289603887539e-01,-0.000000000000000000e+00,-0.000000000000000000e+00,1.205893882688414548e-01
-0.000000000000000000e+00,-0.000000000000000000e+00,-0.000000000000000000e+00,0.000000000000000000e+00,-0.000000000000000000e+00,-1.344986102236943593e-01,-0.000000000000000000e+00,-0.000000000000000000e+00,0.000000000000000000e+00,-7.690850401752407327e-03,-1.896281851494226733e-01,2.713036560271919195e-01,-0.000000000000000000e+00,-1.896131766777032768e-01,-0.000000000000000000e+00,-0.000000000000000000e+00,2.469424804584400501e+00,0.000000000000000000e+00,0.000000000000000000e+00,-0.000000000000000000e+00,-0.000000000000000000e+00,-0.000000000000000000e+00,-0.000000000000000000e+00,-3.143583075670001725e-01,-0.000000000000000000e+00,-0.000000000000000000e+00,-0.000000000000000000e+00,-1.621444362404754480e-01,-3.828299951445884863e-01,-0.000000000000000000e+00,-0.000000000000000000e+00,-5.880881251414160626e-01,-0.000000000000000000e+00,0.000000000000000000e+00,-1.767010605794753220e-01,-0.000000000000000000e+00,-2.144784867734320366e-01,-0.000000000000000000e+00,1.090882503461872988e-01
-0.000000000000000000e+00,0.000000000000000000e+00,-0.000000000000000000e+00,-5.307402879123885447e-02,-0.000000000000000000e+00,0.000000000000000000e+00,-2.093401728427540798e-01,0.000000000000000000e+00,-0.000000000000000000e+00,0.000000000000000000e+00,1.558140941951754177e-01,-2.189609654781267956e-01,-0.000000000000000000e+00,-0.000000000000000000e+00,-7.372246573270964387e-02,-2.509811717302635192e-01,0.000000000000000000e+00,1.550376545000069495e+00,-5.857394124208421538e-01,0.000000000000000000e+00,0.000000000000000000e+00,0.000000000000000000e+00,-0.000000000000000000e+00,0.000000000000000000e+00,0.000000000000000000e+00,-0.000000000000000000e+00,-0.000000000000000000e+00,0.000000000000000000e+00,-0.000000000000000000e+00,-0.000000000000000000e+00,1.179245894422572133e-01,0.000000000000000000e+00,-0.000000000000000000e+00,-0.000000000000000000e+00,-0.000000000000000000e+00,-0.000000000000000000e+00,1.150906010799413320e-01,-1.704217997369037174e-01,-0.000000000000000000e+00
0.000000000000000000e+00,6.574510389518116449e-02,0.000000000000000000e+00,-9.663624081965824231e-02,4.033127610270084706e-02,0.000000000000000000e+00,-1.766861712776034371e-03,-0.000000000000000000e+00,0.000000000000000000e+00,0.000000000000000000e+00,3.616511676636658800e-03,-0.000000000000000000e+00,-0.000000000000000000e+00,0.000000000000000000e+00,-0.000000000000000000e+00,-0.000000000000000000e+00,0.000000000000000000e+00,-5.857394124208421538e-01,1.553913725083250652e+00,-0.000000000000000000e+00,1.784979852263561262e-01,0.000000000000000000e+00,-0.000000000000000000e+00,-0.000000000000000000e+00,0.000000000000000000e+00,0.000000000000000000e+00,-0.000000000000000000e+00,0.000000000000000000e+00,-0.000000000000000000e+00,0.000000000000000000e+00,3.664850117083573444e-01,0.000000000000000000e+00,0.000000000000000000e+00,0.000000000000000000e+00,-0.000000000000000000e+00,0.000000000000000000e+00,0.000000000000000000e+00,-0.000000000000000000e+00,-0.000000000000000000e+00
-0.000000000000000000e+00,-0.000000000000000000e+00,0.000000000000000000e+00,-0.000000000000000000e+00,0.000000000000000000e+00,0.000000000000000000e+00,-2.844980336758470840e-02,-1.082707726367014567e-02,0.000000000000000000e+00,-0.000000000000000000e+00,-0.000000000000000000e+00,1.604501274822603841e-03,-0.000000000000000000e+00,-0.000000000000000000e+00,-0.000000000000000000e+00,-0.000000000000000000e+00,-0.000000000000000000e+00,0.000000000000000000e+00,-0.000000000000000000e+00,1.109032239464945668e+00,0.000000000000000000e+00,-3.435466940088071075e-01,0.000000000000000000e+00,-0.000000000000000000e+00,0.000000000000000000e+00,-0.000000000000000000e+00,-0.000000000000000000e+00,-0.000000000000000000e+00,-0.000000000000000000e+00,-0.000000000000000000e+00,0.000000000000000000e+00,-0.000000000000000000e+00,0.000000000000000000e+00,0.000000000000000000e+00,-0.000000000000000000e+00,-0.000000000000000000e+00,-0.000000000000000000e+00,-0.000000000000000000e+00,0.000000000000000000e+00
-0.000000000000000000e+00,0.000000000000000000e+00,-2.828014899970162088e-01,3.833359432392815513e-01,0.000000000000000000e+00,-5.227212479907680787e-02,0.000000000000000000e+00,1.758086710095850547e-01,-0.000000000000000000e+00,-0.000000000000000000e+00,-4.651644469147280664e-02,2.775566679508925313e-02,0.000000000000000000e+00,-0.000000000000000000e+00,-0.000000000000000000e+00,-0.000000000000000000e+00,-0.000000000000000000e+00,0.000000000000000000e+00,1.784979852263561262e-01,0.000000000000000000e+00,2.195062416004531780e+00,-5.750169363328671013e-01,-0.000000000000000000e+00,-2.337353592315747838e-02,-0.000000000000000000e+00,-0.000000000000000000e+00,-0.000000000000000000e+00,-4.206785254194700951e-01,-0.000000000000000000e+00,-0.000000000000000000e+00,-2.980692356737881243e-01,-0.000000000000000000e+00,-0.000000000000000000e+00,0.000000000000000000e+00,-0.000000000000000000e+00,-0.000000000000000000e+00,-0.000000000000000000e+00,-0.000000000000000000e+00,5.343874166158847638e-02
-0.000000000000000000e+00,0.000000000000000000e+00,-0.000000000000000000e+00,0.000000000000000000e+00,0.000000000000000000e+00,-8.006240045709175912e-02,-0.000000000000000000e+00,0.000000000000000000e+00,-0.000000000000000000e+00,-0.000000000000000000e+00,-2.173278550096348349e-01,1.098738060570114555e-01,0.000000000000000000e+00,-0.000000000000000000e+00,-0.000000000000000000e+00,-0.000000000000000000e+00,-0.000000000000000000e+00,0.000000000000000000e+00,0.000000000000000000e+00,-3.435466940088071075e-01,-5.750169363328671013e-01,1.939753046397528768e+00,-0.000000000000000000e+00,-8.008376052545852775e-02,-0.000000000000000000e+00,-0.000000000000000000e+00,-1.553710218816207467e-01,-4.312912179328242668e-01,-0.000000000000000000e+00,-0.000000000000000000e+00,-1.170465815959114732e-02,-0.000000000000000000e+00,-0.000000000000000000e+00,0.000000000000000000e+00,-0.000000000000000000e+00,-0.000000000000000000e+00,-0.000000000000000000e+00,-4.392136932343291417e-02,0.000000000000000000e+00
-0.000000000000000000e+00,-0.000000000000000000e+00,-4.208755448978919456e-02,-0.000000000000000000e+00,-0.000000000000000000e+00,-4.322374846070169835e-02,-0.000000000000000000e+00,0.000000000000000000e+00,-1.671940414465146463e-01,-1.191622406414622609e-01,0.000000000000000000e+00,-0.000000000000000000e+00,-0.000000000000000000e+00,-0.000000000000000000e+00,0.000000000000000000e+00,-0.000000000000000000e+00,-0.000000000000000000e+00,-0.000000000000000000e+00,-0.000000000000000000e+00,0.000000000000000000e+00,-0.000000000000000000e+00,-0.000000000000000000e+00,1.804507581501892943e+00,-0.000000000000000000e+00,-6.895156771063999379e-01,-0.000000000000000000e+00,-5.600313509706664195e-02,-0.000000000000000000e+00,-0.000000000000000000e+00,-7.793908781437412781e-02,-0.000000000000000000e+00,-0.000000000000000000e+00,-3.072786261494808713e-01,-0.000000000000000000e+00,-0.000000000000000000e+00,-3.031871315396984512e-01,-0.000000000000000000e+00,-0.000000000000000000e+00,-0.000000000000000000e+00
0.000000000000000000e+00,0.000000000000000000e+00,-0.000000000000000000e+00,0.000000000000000000e+00,0.000000000000000000e+00,-1.705159412668151020e-01,-0.000000000000000000e+00,0.000000000000000000e+00,-0.000000000000000000e+00,-2.328615942574452369e-01,-7.728651498673937137e-02,0.000000000000000000e+00,-0.000000000000000000e+00,-4.209137566709436618e-01,-0.000000000000000000e+00,-0.000000000000000000e+00,-3.143583075670001725e-01,0.000000000000000000e+00,-0.000000000000000000e+00,-0.000000000000000000e+00,-2.337353592315747838e-02,-8.008376052545852775e-02,-0.000000000000000000e+00,1.783255612858122063e+00,-0.000000000000000000e+00,-0.000000000000000000e+00,-0.000000000000000000e+00,-1.249732785153383381e-02,-0.000000000000000000e+00,-0.000000000000000000e+00,-0.000000000000000000e+00,-1.750102375049498171e-01,-0.000000000000000000e+00,0.000000000000000000e+00,-9.330061831177369203e-02,-0.000000000000000000e+00,-1.088092150804074836e-02,-0.000000000000000000e+00,0.000000000000000000e+00
-0.000000000000000000e+00,-1.313205277500656687e-01,-0.000000000000000000e+00,0.000000000000000000e+00,-0.000000000000000000e+00,-1.300916311803123615e-01,0.000000000000000000e+00,0.000000000000000000e+00,-0.000000000000000000e+00,-1.202776774508177854e-01,-0.000000000000000000e+00,0.000000000000000000e+00,0.000000000000000000e+00,-0.000000000000000000e+00,9.049625533131301636e-02,0.000000000000000000e+00,-0.000000000000000000e+00,0.000000000000000000e+00,0.000000000000000000e+00,0.000000000000000000e+00,-0.000000000000000000e+00,-0.000000000000000000e+00,-6.895156771063999379e-01,-0.000000000000000000e+00,1.700593241079287221e+00,0.000000000000000000e+00,-0.000000000000000000e+00,-0.000000000000000000e+00,-0.000000000000000000e+00,-0.000000000000000000e+00,-1.189882647754177264e-01,-0.000000000000000000e+00,-0.000000000000000000e+00,-0.000000000000000000e+00,-0.000000000000000000e+00,-0.000000000000000000e+00,-3.267522862205552436e-01,0.000000000000000000e+00,-7.300751130320395910e-02
-6.285058181888968365e-01,-0.000000000000000000e+00,-0.000000000000000000e+00,0.000000000000000000e+00,-7.492825232181177979e-04,-0.000000000000000000e+00,-0.000000000000000000e+00,0.000000000000000000e+00,-6.489047797640563886e-02,-0.000000000000000000e+00,-0.000000000000000000e+00,-0.000000000000000000e+00,-0.000000000000000000e+00,-1.303411629399448546e-01,-1.188766663573617294e-01,-1.867725325893629384e-02,-0.000000000000000000e+00,-0.000000000000000000e+00,0.000000000000000000e+00,-0.000000000000000000e+00,-0.000000000000000000e+00,-0.000000000000000000e+00,-0.000000000000000000e+00,-0.000000000000000000e+00,0.000000000000000000e+00,2.211986745955652367e+00,-6.430213799137582953e-01,-3.572768841617320890e-01,-1.236369038696620432e-01,-0.000000000000000000e+00,-0.000000000000000000e+00,-0.000000000000000000e+00,-0.000000000000000000e+00,-0.000000000000000000e+00,-0.000000000000000000e+00,-3.114380763215562897e-02,-0.000000000000000000e+00,-1.916383519099512656e-01,0.000000000000000000e+00
-0.000000000000000000e+00,0.000000000000000000e+00,-0.000000000000000000e+00,0.000000000000000000e+00,-0.000000000000000000e+00,-1.252073216844564948e-02,-0.000000000000000000e+00,0.000000000000000000e+00,-1.109720743426238429e-02,-0.000000000000000000e+00,-0.000000000000000000e+00,0.000000000000000000e+00,-0.000000000000000000e+00,-0.000000000000000000e+00,-6.943848107668119073e-03,-0.000000000000000000e+00,-0.000000000000000000e+00,-0.000000000000000000e+00,-0.000000000000000000e+00,-0.000000000000000000e+00,-0.000000000000000000e+00,-1.553710218816207467e-01,-5.600313509706664195e-02,-0.000000000000000000e+00,-0.000000000000000000e+00,-6.430213799137582953e-01,2.209972316778116230e+00,-1.877729125807638677e-01,-1.384724171264425097e-01,-0.000000000000000000e+00,-0.000000000000000000e+00,-1.730751601336583123e-01,-2.299862072054956186e-01,-0.000000000000000000e+00,-0.000000000000000000e+00,-1.059360924857125352e-01,-0.000000000000000000e+00,-6.320456487651531230e-01,-0.000000000000000000e+00
-0.000000000000000000e+00,-0.000000000000000000e+00,-0.000000000000000000e+00,0.000000000000000000e+00,-0.000000000000000000e+00,-1.945622009423876031e-01,-0.000000000000000000e+00,0.000000000000000000e+00,-0.000000000000000000e+00,-0.000000000000000000e+00,-0.000000000000000000e+00,0.000000000000000000e+00,-0.000000000000000000e+00,-3.048849286489646038e-01,-0.000000000000000000e+00,-0.000000000000000000e+00,-1.621444362404754480e-01,0.000000000000000000e+00,0.000000000000000000e+00,-0.000000000000000000e+00,-4.206785254194700951e-01,-4.312912179328242668e-01,-0.000000000000000000e+00,-1.249732785153383381e-02,-0.000000000000000000e+00,-3.572768841617320890e-01,-1.877729125807638677e-01,2.647902833944232537e+00,-2.572049481577060592e-01,-0.000000000000000000e+00,-4.554027361069799551e-01,-4.313149565070072133e-02,-9.454551921287808469e-02,0.000000000000000000e+00,-5.753247016637542260e-02,-0.000000000000000000e+00,-1.714844103127507059e-03,-0.000000000000000000e+00,0.000000000000000000e+00
-1.676578152590643411e-01,-0.000000000000000000e+00,-0.000000000000000000e+00,0.000000000000000000e+00,-0.000000000000000000e+00,-0.000000000000000000e+00,-3.111581765084440176e-01,-0.000000000000000000e+00,-0.000000000000000000e+00,-9.988779123467241353e-03,-0.000000000000000000e+00,0.000000000000000000e+00,-0.000000000000000000e+00,-1.984819375634705174e-01,-0.000000000000000000e+00,-9.630309688794003176e-02,-3.828299951445884863e-01,-0.000000000000000000e+00,-0.000000000000000000e+00,-0.000000000000000000e+00,-0.000000000000000000e+00,-0.000000000000000000e+00,-0.000000000000000000e+00,-0.000000000000000000e+00,-0.000000000000000000e+00,-1.236369038696620432e-01,-1.384724171264425097e-01,-2.572049481577060592e-01,2.784365640900571037e+00,-2.125899948633446501e-01,-0.000000000000000000e+00,-2.523341045904558544e-01,-0.000000000000000000e+00,0.000000000000000000e+00,-6.653123330961586701e-01,-0.000000000000000000e+00,-3.314446367891690781e-01,-0.000000000000000000e+00,0.000000000000000000e+00
-4.020794608196458508e-01,-0.000000000000000000e+00,-0.000000000000000000e+00,0.000000000000000000e+00,-0.000000000000000000e+00,-0.000000000000000000e+00,-1.765473251811005839e-01,-0.000000000000000000e+00,0.000000000000000000e+00,-0.000000000000000000e+00,0.000000000000000000e+00,0.000000000000000000e+00,-1.887677650343344005e-01,-3.059154215817698128e-02,0.000000000000000000e+00,-2.773687094264307151e-01,-0.000000000000000000e+00,-0.000000000000000000e+00,0.000000000000000000e+00,-0.000000000000000000e+00,-0.000000000000000000e+00,-0.000000000000000000e+00,-7.793908781437412781e-02,-0.000000000000000000e+00,-0.000000000000000000e+00,-0.000000000000000000e+00,-0.000000000000000000e+00,-0.000000000000000000e+00,-2.125899948633446501e-01,1.801224084648651802e+00,-0.000000000000000000e+00,-1.510706311099221932e-01,-0.000000000000000000e+00,0.000000000000000000e+00,-0.000000000000000000e+00,-3.053362192110045115e-01,-0.000000000000000000e+00,-0.000000000000000000e+00,1.282118000306787797e-01
-0.000000000000000000e+00,-6.545004438786583556e-02,-5.761918049476385389e-02,0.000000000000000000e+00,-9.358487353386126320e-03,-0.000000000000000000e+00,0.000000000000000000e+00,0.000000000000000000e+00,-1.066380909274961819e-01,-0.000000000000000000e+00,-2.261974782482958635e-01,0.000000000000000000e+00,4.788169070994555132e-01,-0.000000000000000000e+00,0.000000000000000000e+00,0.000000000000000000e+00,-0.000000000000000000e+00,1.179245894422572133e-01,3.664850117083573444e-01,0.000000000000000000e+00,-2.980692356737881243e-01,-1.170465815959114732e-02,-0.000000000000000000e+00,-0.000000000000000000e+00,-1.189882647754177264e-01,-0.000000000000000000e+00,-0.000000000000000000e+00,-4.554027361069799551e-01,-0.000000000000000000e+00,-0.000000000000000000e+00,2.221189389162488759e+00,-1.502550901239535150e-02,-1.141306841460105609e-01,-0.000000000000000000e+00,-0.000000000000000000e+00,-0.000000000000000000e+00,-3.887426126065670062e-01,-0.000000000000000000e+00,-0.000000000000000000e+00
-0.000000000000000000e+00,-0.000000000000000000e+00,-0.000000000000000000e+00,0.000000000000000000e+00,-0.000000000000000000e+00,-2.130166253696688106e-01,-0.000000000000000000e+00,-0.000000000000000000e+00,-0.000000000000000000e+00,-0.000000000000000000e+00,-1.537193883910264736e-01,0.000000000000000000e+00,-0.000000000000000000e+00,-1.403067318326212398e-01,-0.000000000000000000e+00,-0.000000000000000000e+00,-5.880881251414160626e-01,0.000000000000000000e+00,0.000000000000000000e+00,-0.000000000000000000e+00,-0.000000000000000000e+00,-0.000000000000000000e+00,-0.000000000000000000e+00,-1.750102375049498171e-01,-0.000000000000000000e+00,-0.000000000000000000e+00,-1.730751601336583123e-01,-4.313149565070072133e-02,-2.523341045904558544e-01,-1.510706311099221932e-01,-1.502550901239535150e-02,2.101731393247060709e+00,-1.802148386458021501e-01,0.000000000000000000e+00,-2.934188060869765552e-02,-0.000000000000000000e+00,-0.000000000000000000e+00,-9.279840496128411928e-03,-0.000000000000000000e+00
-0.000000000000000000e+00,0.000000000000000000e+00,-7.066459156664156582e-02,5.291679644421165563e-02,-0.000000000000000000e+00,-1.452299405459737958e-02,-0.000000000000000000e+00,0.000000000000000000e+00,-1.306221349709989765e-01,0.000000000000000000e+00,-0.000000000000000000e+00,-0.000000000000000000e+00,0.000000000000000000e+00,-1.271021595142115268e-01,-0.000000000000000000e+00,-0.000000000000000000e+00,-0.000000000000000000e+00,-0.000000000000000000e+00,0.000000000000000000e+00,0.000000000000000000e+00,-0.000000000000000000e+00,-0.000000000000000000e+00,-3.072786261494808713e-01,-0.000000000000000000e+00,-0.000000000000000000e+00,-0.000000000000000000e+00,-2.299862072054956186e-01,-9.454551921287808469e-02,-0.000000000000000000e+00,-0.000000000000000000e+00,-1.141306841460105609e-01,-1.802148386458021501e-01,1.624955713779220767e+00,-0.000000000000000000e+00,-1.727433554100601953e-01,-2.380430564066221555e-02,-0.000000000000000000e+00,-4.316940205674384134e-02,-0.000000000000000000e+00
-0.000000000000000000e+00,-0.000000000000000000e+00,-5.697178597568878372e-02,-0.000000000000000000e+00,-8.906329404051236409e-01,2.031576349921120628e-01,0.000000000000000000e+00,2.334298226840942625e-01,-6.544794345573946570e-01,-0.000000000000000000e+00,-0.000000000000000000e+00,-4.241220500780484848e-01,2.261167802953602812e-01,-0.000000000000000000e+00,-0.000000000000000000e+00,0.000000000000000000e+00,0.000000000000000000e+00,-0.000000000000000000e+00,0.000000000000000000e+00,0.000000000000000000e+00,0.000000000000000000e+00,0.000000000000000000e+00,-0.000000000000000000e+00,0.000000000000000000e+00,-0.000000000000000000e+00,-0.000000000000000000e+00,-0.000000000000000000e+00,0.000000000000000000e+00,0.000000000000000000e+00,0.000000000000000000e+00,-0.000000000000000000e+00,0.000000000000000000e+00,-0.000000000000000000e+00,2.419838802942992917e+00,0.000000000000000000e+00,-0.000000000000000000e+00,0.000000000000000000e+00,-0.000000000000000000e+00,-2.739121836216745209e-01
-0.000000000000000000e+00,0.000000000000000000e+00,-0.000000000000000000e+00,0.000000000000000000e+00,-0.000000000000000000e+00,-0.000000000000000000e+00,-4.957753579782072650e-01,-0.000000000000000000e+00,-0.000000000000000000e+00,-0.000000000000000000e+00,0.000000000000000000e+00,0.000000000000000000e+00,-0.000000000000000000e+00,-2.756659932507334321e-01,-0.000000000000000000e+00,-0.000000000000000000e+00,-1.767010605794753220e-01,-0.000000000000000000e+00,-0.000000000000000000e+00,-0.000000000000000000e+00,-0.000000000000000000e+00,-0.000000000000000000e+00,-0.000000000000000000e+00,-9.330061831177369203e-02,-0.000000000000000000e+00,-0.000000000000000000e+00,-0.000000000000000000e+00,-5.753247016637542260e-02,-6.653123330961586701e-01,-0.000000000000000000e+00,-0.000000000000000000e+00,-2.934188060869765552e-02,-1.727433554100601953e-01,0.000000000000000000e+00,2.235525441126457569e+00,-0.000000000000000000e+00,-2.691215069143903516e-01,-0.000000000000000000e+00,0.000000000000000000e+00
-2.166959747681751203e-01,-0.000000000000000000e+00,-2.731481904459765603e-02,0.000000000000000000e+00,-0.000000000000000000e+00,-4.103608884163448961e-02,-0.000000000000000000e+00,0.000000000000000000e+00,-0.000000000000000000e+00,-0.000000000000000000e+00,-0.000000000000000000e+00,0.000000000000000000e+00,-1.287971881072486405e-02,-1.450661620251456063e-01,-0.000000000000000000e+00,-2.093835289603887539e-01,-0.000000000000000000e+00,-0.000000000000000000e+00,0.000000000000000000e+00,-0.000000000000000000e+00,-0.000000000000000000e+00,-0.000000000000000000e+00,-3.031871315396984512e-01,-0.000000000000000000e+00,-0.000000000000000000e+00,-3.114380763215562897e-02,-1.059360924857125352e-01,-0.000000000000000000e+00,-0.000000000000000000e+00,-3.053362192110045115e-01,-0.000000000000000000e+00,-0.000000000000000000e+00,-2.380430564066221555e-02,-0.000000000000000000e+00,-0.000000000000000000e+00,1.584032799361105415e+00,-0.000000000000000000e+00,-0.000000000000000000e+00,0.000000000000000000e+00
-0.000000000000000000e+00,-1.698633779038886404e-01,0.000000000000000000e+00,0.000000000000000000e+00,-0.000000000000000000e+00,-1.765935803650327540e-01,-0.000000000000000000e+00,-0.000000000000000000e+00,0.000000000000000000e+00,-9.450474306958704662e-02,-0.000000000000000000e+00,1.712846995678169726e-01,0.000000000000000000e+00,-0.000000000000000000e+00,0.000000000000000000e+00,-0.000000000000000000e+00,-2.144784867734320366e-01,1.150906010799413320e-01,0.000000000000000000e+00,-0.000000000000000000e+00,-0.000000000000000000e+00,-0.000000000000000000e+00,-0.000000000000000000e+00,-1.088092150804074836e-02,-3.267522862205552436e-01,-0.000000000000000000e+00,-0.000000000000000000e+00,-1.714844103127507059e-03,-3.314446367891690781e-01,-0.000000000000000000e+00,-3.887426126065670062e-01,-0.000000000000000000e+00,-0.000000000000000000e+00,0.000000000000000000e+00,-2.691215069143903516e-01,-0.000000000000000000e+00,2.046696421856593062e+00,0.000000000000000000e+00,0.000000000000000000e+00
-0.000000000000000000e+00,2.360059133774909113e-01,-9.705878809575285704e-02,0.000000000000000000e+00,-0.000000000000000000e+00,-0.000000000000000000e+00,-0.000000000000000000e+00,0.000000000000000000e+00,-1.738563561787408451e-01,0.000000000000000000e+00,-0.000000000000000000e+00,-0.000000000000000000e+00,-0.000000000000000000e+00,-0.000000000000000000e+00,-8.710634481581057686e-01,-0.000000000000000000e+00,-0.000000000000000000e+00,-1.704217997369037174e-01,-0.000000000000000000e+00,-0.000000000000000000e+00,-0.000000000000000000e+00,-4.392136932343291417e-02,-0.000000000000000000e+00,-0.000000000000000000e+00,0.000000000000000000e+00,-1.916383519099512656e-01,-6.320456487651531230e-01,-0.000000000000000000e+00,-0.000000000000000000e+00,-0.000000000000000000e+00,-0.000000000000000000e+00,-9.279840496128411928e-03,-4.316940205674384134e-02,-0.000000000000000000e+00,-0.000000000000000000e+00,-0.000000000000000000e+00,0.000000000000000000e+00,2.065218918980763263e+00,-0.000000000000000000e+00
0.000000000000000000e+00,-0.000000000000000000e+00,-0.000000000000000000e+00,-0.000000000000000000e+00,-0.000000000000000000e+00,0.000000000000000000e+00,0.000000000000000000e+00,0.000000000000000000e+00,-3.451292989677726686e-01,0.000000000000000000e+00,0.000000000000000000e+00,-4.965224565418455693e-01,3.544145692300103810e-03,0.000000000000000000e+00,-0.000000000000000000e+00,1.205893882688414548e-01,1.090882503461872988e-01,-0.000000000000000000e+00,-0.000000000000000000e+00,0.000000000000000000e+00,5.343874166158847638e-02,0.000000000000000000e+00,-0.000000000000000000e+00,0.000000000000000000e+00,-7.300751130320395910e-02,0.000000000000000000e+00,-0.000000000000000000e+00,0.000000000000000000e+00,0.000000000000000000e+00,1.282118000306787797e-01,-0.000000000000000000e+00,-0.000000000000000000e+00,-0.000000000000000000e+00,-2.739121836216745209e-01,0.000000000000000000e+00,0.000000000000000000e+00,0.000000000000000000e+00,-0.000000000000000000e+00,1.563010423060231080e+00
