2.019162245149096702e+00,-0.000000000000000000e+00,-0.000000000000000000e+00,-0.000000000000000000e+00,-0.000000000000000000e+00,1.505088188775839941e-01,0.000000000000000000e+00,0.000000000000000000e+00,-0.000000000000000000e+00,-0.000000000000000000e+00,0.000000000000000000e+00,-0.000000000000000000e+00,-2.406953326693983541e-01,0.000000000000000000e+00,0.000000000000000000e+00,-0.000000000000000000e+00,-0.000000000000000000e+00,-1.221703859774646295e-01,-0.000000000000000000e+00,0.000000000000000000e+00,-0.000000000000000000e+00,0.000000000000000000e+00,-0.000000000000000000e+00,-0.000000000000000000e+00,-0.000000000000000000e+00,-7.781709881807444829e-01,0.000000000000000000e+00,-0.000000000000000000e+00,0.000000000000000000e+00,-2.802367286921595216e-02,0.000000000000000000e+00,0.000000000000000000e+00,1.112322831670957690e-01,-0.000000000000000000e+00,1.852742366845329114e-01,0.000000000000000000e+00,0.000000000000000000e+00,-4.122410309311437260e-01,0.000000000000000000e+00
-0.000000000000000000e+00,1.643387646042303807e+00,0.000000000000000000e+00,-1.280418943632505857e-01,-0.000000000000000000e+00,-0.000000000000000000e+00,-0.000000000000000000e+00,-0.000000000000000000e+00,-0.000000000000000000e+00,-9.290967150787594886e-02,-0.000000000000000000e+00,0.000000000000000000e+00,0.000000000000000000e+00,-0.000000000000000000e+00,0.000000000000000000e+00,-2.465328407871024072e-02,-9.581036914712662625e-03,0.000000000000000000e+00,0.000000000000000000e+00,-0.000000000000000000e+00,0.000000000000000000e+00,-2.533956949783370757e-02,-6.978135644778185598e-02,0.000000000000000000e+00,-0.000000000000000000e+00,-0.000000000000000000e+00,-2.611605661715900029e-01,1.401669697449560437e-01,-3.038202981662814772e-01,-0.000000000000000000e+00,-0.000000000000000000e+00,-2.021500279073939199e-01,-0.000000000000000000e+00,-1.328943542822571579e-02,-0.000000000000000000e+00,-2.056823214085486407e-01,-0.000000000000000000e+00,-0.000000000000000000e+00,-8.864169334297040959e-02
-0.000000000000000000e+00,0.000000000000000000e+00,2.429909561025748843e+00,1.164293024537489118e-01,-0.000000000000000000e+00,1.390389014900839937e-01,1.916415724097328410e-01,1.015123920271032487e+00,0.000000000000000000e+00,0.000000000000000000e+00,6.820999947671606278e-02,-0.000000000000000000e+00,-0.000000000000000000e+00,0.000000000000000000e+00,-0.000000000000000000e+00,0.000000000000000000e+00,0.000000000000000000e+00,-0.000000000000000000e+00,-7.091588982144568509e-02,3.180777528560581047e-01,-8.844996897333069763e-02,0.000000000000000000e+00,0.000000000000000000e+00,-0.000000000000000000e+00,-0.000000000000000000e+00,-1.900829296517059508e-01,0.000000000000000000e+00,-2.492396554523766405e-01,0.000000000000000000e+00,-0.000000000000000000e+00,-0.000000000000000000e+00,3.175571677889042072e-02,0.000000000000000000e+00,0.000000000000000000e+00,0.000000000000000000e+00,0.000000000000000000e+00,0.000000000000000000e+00,-0.000000000000000000e+00,0.000000000000000000e+00
-0.000000000000000000e+00,-1.280418943632505857e-01,1.164293024537489118e-01,1.508334954859543497e+00,-0.000000000000000000e+00,-0.000000000000000000e+00,-0.000000000000000000e+00,-2.000826694343137424e-01,-3.997701727876493139e-01,-8.348777726203206184e-02,-0.000000000000000000e+00,0.000000000000000000e+00,0.000000000000000000e+00,-0.000000000000000000e+00,7.259941262079773472e-02,-8.348398265574787785e-03,-0.000000000000000000e+00,-0.000000000000000000e+00,-0.000000000000000000e+00,-0.000000000000000000e+00,0.000000000000000000e+00,-0.000000000000000000e+00,-2.987742757455107145e-03,-0.000000000000000000e+00,-0.000000000000000000e+00,0.000000000000000000e+00,-0.000000000000000000e+00,2.072127741119388633e-01,-4.085041592932581178e-02,-0.000000000000000000e+00,0.000000000000000000e+00,-0.000000000000000000e+00,0.000000000000000000e+00,-6.510185781111467451e-02,-0.000000000000000000e+00,-0.000000000000000000e+00,-0.000000000000000000e+00,-0.000000000000000000e+00,-5.103160300472437544e-02
-0.000000000000000000e+00,-0.000000000000000000e+00,-0.000000000000000000e+00,-0.000000000000000000e+00,1.557041362727524358e+00,-0.000000000000000000e+00,-0.000000000000000000e+00,0.000000000000000000e+00,-0.000000000000000000e+00,-0.000000000000000000e+00,-0.000000000000000000e+00,0.000000000000000000e+00,0.000000000000000000e+00,-1.665634350639805528e-01,0.000000000000000000e+00,-1.256157204509730507e-01,-0.000000000000000000e+00,-0.000000000000000000e+00,-2.676270414295273681e-01,-0.000000000000000000e+00,0.000000000000000000e+00,-0.000000000000000000e+00,-1.110022187840740832e-01,-0.000000000000000000e+00,-1.117190457290112987e-01,-0.000000000000000000e+00,-0.000000000000000000e+00,0.000000000000000000e+00,-0.000000000000000000e+00,-0.000000000000000000e+00,-2.062570111868461675e-01,-0.000000000000000000e+00,-0.000000000000000000e+00,-4.669647930507738742e-01,-0.000000000000000000e+00,-0.000000000000000000e+00,-0.000000000000000000e+00,-0.000000000000000000e+00,-0.000000000000000000e+00
1.505088188775839941e-01,-0.000000000000000000e+00,1.390389014900839937e-01,-0.000000000000000000e+00,-0.000000000000000000e+00,2.830603823960315957e+00,-9.012395348196575173e-02,-6.334949103788095615e-02,-0.000000000000000000e+00,-0.000000000000000000e+00,-3.334769634734571775e-01,0.000000000000000000e+00,4.175791504535166787e-01,-0.000000000000000000e+00,-0.000000000000000000e+00,-0.000000000000000000e+00,-0.000000000000000000e+00,0.000000000000000000e+00,0.000000000000000000e+00,-2.380255599434598912e-01,2.557088316591551447e-01,-0.000000000000000000e+00,-0.000000000000000000e+00,-0.000000000000000000e+00,0.000000000000000000e+00,1.449751964697844897e-01,-0.000000000000000000e+00,0.000000000000000000e+00,-6.466710550783745515e-02,0.000000000000000000e+00,-0.000000000000000000e+00,-2.205782677901138022e-01,-2.613544041937153617e-01,-0.000000000000000000e+00,-4.560406717164874335e-01,-0.000000000000000000e+00,-1.920047877143732096e-01,0.000000000000000000e+00,-0.000000000000000000e+00
0.000000000000000000e+00,-0.000000000000000000e+00,1.916415724097328410e-01,-0.000000000000000000e+00,-0.000000000000000000e+00,-9.012395348196575173e-02,2.433663057704776200e+00,-1.830306773457978375e-01,-0.000000000000000000e+00,-0.000000000000000000e+00,-7.764782647286186390e-02,3.078473670744218404e-01,1.828371596595995130e-01,-9.102834822309849305e-02,0.000000000000000000e+00,-0.000000000000000000e+00,-0.000000000000000000e+00,0.000000000000000000e+00,0.000000000000000000e+00,-2.840487662282388248e-01,4.143939986078907789e-01,-0.000000000000000000e+00,-0.000000000000000000e+00,-0.000000000000000000e+00,-0.000000000000000000e+00,3.483005551570415859e-02,-6.175332448497720950e-02,0.000000000000000000e+00,-0.000000000000000000e+00,0.000000000000000000e+00,-0.000000000000000000e+00,-1.646449435812308293e-01,-0.000000000000000000e+00,-7.414422725874279807e-02,-1.354975127980204974e-01,-0.000000000000000000e+00,-0.000000000000000000e+00,0.000000000000000000e+00,-3.068087711995549083e-01
0.000000000000000000e+00,-0.000000000000000000e+00,1.015123920271032487e+00,-2.000826694343137424e-01,0.000000000000000000e+00,-6.334949103788095615e-02,-1.830306773457978375e-01,2.356604798423016067e+00,-0.000000000000000000e+00,-0.000000000000000000e+00,-6.486600173233726674e-02,7.405668087046812483e-04,0.000000000000000000e+00,-0.000000000000000000e+00,0.000000000000000000e+00,-0.000000000000000000e+00,-0.000000000000000000e+00,0.000000000000000000e+00,2.327223576730664406e-02,-3.232647237632277348e-01,3.606026707435113637e-02,-0.000000000000000000e+00,-0.000000000000000000e+00,0.000000000000000000e+00,0.000000000000000000e+00,1.185070735467717018e-01,-0.000000000000000000e+00,2.797279396575031440e-01,-0.000000000000000000e+00,0.000000000000000000e+00,6.291033821741208454e-02,-2.428719534276025868e-02,-0.000000000000000000e+00,-0.000000000000000000e+00,-0.000000000000000000e+00,-0.000000000000000000e+00,-0.000000000000000000e+00,0.000000000000000000e+00,-0.000000000000000000e+00
-0.000000000000000000e+00,-0.000000000000000000e+00,0.000000000000000000e+00,-3.997701727876493139e-01,-0.000000000000000000e+00,-0.000000000000000000e+00,-0.000000000000000000e+00,-0.000000000000000000e+00,1.864155226604168547e+00,-0.000000000000000000e+00,-0.000000000000000000e+00,2.270732185069362641e-01,0.000000000000000000e+00,-1.671705468158899421e-01,1.459310941957218943e-01,-0.000000000000000000e+00,-0.000000000000000000e+00,-1.223607744369726268e-02,-1.319547722732528627e-01,-0.000000000000000000e+00,0.000000000000000000e+00,-0.000000000000000000e+00,-3.079200878286149079e-01,-0.000000000000000000e+00,-1.029699720952716308e-01,-0.000000000000000000e+00,-0.000000000000000000e+00,0.000000000000000000e+00,-0.000000000000000000e+00,-0.000000000000000000e+00,0.000000000000000000e+00,-0.000000000000000000e+00,0.000000000000000000e+00,-4.671079380242081358e-01,-0.000000000000000000e+00,-0.000000000000000000e+00,0.000000000000000000e+00,-1.239413377061809735e-01,-9.709503981426612085e-02
-0.000000000000000000e+00,-9.290967150787594886e-02,0.000000000000000000e+00,-8.348777726203206184e-02,-0.000000000000000000e+00,-0.000000000000000000e+00,-0.000000000000000000e+00,-0.000000000000000000e+00,-0.000000000000000000e+00,1.790603660305760902e+00,-0.000000000000000000e+00,0.000000000000000000e+00,0.000000000000000000e+00,-0.000000000000000000e+00,0.000000000000000000e+00,-8.632136807182912985e-01,-1.038246021286113596e-01,-0.000000000000000000e+00,-0.000000000000000000e+00,-0.000000000000000000e+00,0.000000000000000000e+00,-0.000000000000000000e+00,-2.616150961042430084e-02,0.000000000000000000e+00,-0.000000000000000000e+00,-0.000000000000000000e+00,-0.000000000000000000e+00,0.000000000000000000e+00,-1.534663703502367194e-01,-1.576648700540358439e-01,-0.000000000000000000e+00,-0.000000000000000000e+00,0.000000000000000000e+00,-0.000000000000000000e+00,-0.000000000000000000e+00,-1.987303327739698422e-01,-0.000000000000000000e+00,-0.000000000000000000e+00,-0.000000000000000000e+00
0.000000000000000000e+00,-0.000000000000000000e+00,6.820999947671606278e-02,-0.000000000000000000e+00,-0.000000000000000000e+00,-3.334769634734571775e-01,-7.764782647286186390e-02,-6.486600173233726674e-02,-0.000000000000000000e+00,-0.000000000000000000e+00,2.225567016751354377e+00,0.000000000000000000e+00,1.663592106377364266e-01,-4.081270244949593284e-02,-0.000000000000000000e+00,-0.000000000000000000e+00,-4.135862620864467765e-01,0.000000000000000000e+00,0.000000000000000000e+00,-1.208517621185985491e-01,1.729077258779305182e-01,-0.000000000000000000e+00,-0.000000000000000000e+00,-0.000000000000000000e+00,-0.000000000000000000e+00,6.070508200774708818e-02,-1.018812909733425032e-01,0.000000000000000000e+00,-1.217738450066031299e-02,0.000000000000000000e+00,-0.000000000000000000e+00,-2.719884648139703764e-01,-2.142775785292094226e-01,-0.000000000000000000e+00,-1.336347354903722473e-01,-0.000000000000000000e+00,-6.283470361846839325e-02,0.000000000000000000e+00,-0.000000000000000000e+00
-0.000000000000000000e+00,0.000000000000000000e+00,-0.000000000000000000e+00,0.000000000000000000e+00,0.000000000000000000e+00,0.000000000000000000e+00,3.078473670744218404e-01,7.405668087046812483e-04,2.270732185069362641e-01,0.000000000000000000e+00,0.000000000000000000e+00,1.522380665377415676e+00,-0.000000000000000000e+00,4.113246467528373224e-02,-0.000000000000000000e+00,-0.000000000000000000e+00,0.000000000000000000e+00,0.000000000000000000e+00,-0.000000000000000000e+00,1.013574341044149035e-01,-9.315460972033569320e-02,0.000000000000000000e+00,0.000000000000000000e+00,5.844601706709097455e-02,0.000000000000000000e+00,-0.000000000000000000e+00,0.000000000000000000e+00,-0.000000000000000000e+00,0.000000000000000000e+00,-0.000000000000000000e+00,-0.000000000000000000e+00,0.000000000000000000e+00,0.000000000000000000e+00,0.000000000000000000e+00,0.000000000000000000e+00,0.000000000000000000e+00,0.000000000000000000e+00,0.000000000000000000e+00,4.040004348829400183e-01
-2.406953326693983541e-01,0.000000000000000000e+00,-0.000000000000000000e+00,0.000000000000000000e+00,0.000000000000000000e+00,4.175791504535166787e-01,1.828371596595995130e-01,0.000000000000000000e+00,0.000000000000000000e+00,0.000000000000000000e+00,1.663592106377364266e-01,-0.000000000000000000e+00,2.526670870011149095e+00,0.000000000000000000e+00,0.000000000000000000e+00,0.000000000000000000e+00,0.000000000000000000e+00,-0.000000000000000000e+00,-0.000000000000000000e+00,5.077417161566603193e-02,-3.703273256263358570e-01,0.000000000000000000e+00,0.000000000000000000e+00,0.000000000000000000e+00,0.000000000000000000e+00,-1.240963204733657732e-01,4.189656411857008433e-01,-5.438175832858034575e-02,3.316945360802247417e-02,-0.000000000000000000e+00,0.000000000000000000e+00,3.417619691717862368e-02,1.180454342636806514e-01,0.000000000000000000e+00,2.963715111759060994e-01,0.000000000000000000e+00,2.711414588765839045e-02,-1.280720717856353996e-02,9.860781215352244777e-02
0.000000000000000000e+00,-0.000000000000000000e+00,0.000000000000000000e+00,-0.000000000000000000e+00,-1.665634350639805528e-01,-0.000000000000000000e+00,-9.102834822309849305e-02,-0.000000000000000000e+00,-1.671705468158899421e-01,-0.000000000000000000e+00,-4.081270244949593284e-02,4.113246467528373224e-02,0.000000000000000000e+00,1.594213704119830988e+00,0.000000000000000000e+00,-0.000000000000000000e+00,-5.131034142248588198e-02,-0.000000000000000000e+00,-0.000000000000000000e+00,-0.000000000000000000e+00,1.055480292019956613e-02,-1.463234771888403995e-03,-2.016498832296652333e-01,-4.370840829999532440e-02,-1.072854633913492284e-01,0.000000000000000000e+00,-0.000000000000000000e+00,0.000000000000000000e+00,-7.391967833180043690e-02,-0.000000000000000000e+00,-0.000000000000000000e+00,-5.271927893171970275e-02,-0.000000000000000000e+00,-3.828514878385986253e-01,-0.000000000000000000e+00,-0.000000000000000000e+00,-7.750574422493895776e-02,-0.000000000000000000e+00,-0.000000000000000000e+00
0.000000000000000000e+00,0.000000000000000000e+00,-0.000000000000000000e+00,7.259941262079773472e-02,0.000000000000000000e+00,-0.000000000000000000e+00,0.000000000000000000e+00,0.000000000000000000e+00,1.459310941957218943e-01,0.000000000000000000e+00,-0.000000000000000000e+00,-0.000000000000000000e+00,0.000000000000000000e+00,0.000000000000000000e+00,1.386766178226965351e+00,0.000000000000000000e+00,-0.000000000000000000e+00,5.997114892192419999e-01,0.000000000000000000e+00,-0.000000000000000000e+00,0.000000000000000000e+00,0.000000000000000000e+00,0.000000000000000000e+00,0.000000000000000000e+00,0.000000000000000000e+00,0.000000000000000000e+00,-0.000000000000000000e+00,0.000000000000000000e+00,0.000000000000000000e+00,0.000000000000000000e+00,-0.000000000000000000e+00,-0.000000000000000000e+00,-0.000000000000000000e+00,0.000000000000000000e+00,-0.000000000000000000e+00,0.000000000000000000e+00,-0.000000000000000000e+00,2.524555888940154258e-01,0.000000000000000000e+00
-0.000000000000000000e+00,-2.465328407871024072e-02,0.000000000000000000e+00,-8.348398265574787785e-03,-1.256157204509730507e-01,-0.000000000000000000e+00,-0.000000000000000000e+00,-0.000000000000000000e+00,-0.000000000000000000e+00,-8.632136807182912985e-01,-0.000000000000000000e+00,-0.000000000000000000e+00,0.000000000000000000e+00,-0.000000000000000000e+00,0.000000000000000000e+00,1.923416877945078873e+00,-0.000000000000000000e+00,-0.000000000000000000e+00,-7.919607505739799380e-03,-0.000000000000000000e+00,0.000000000000000000e+00,-0.000000000000000000e+00,-2.427050708828537851e-01,8.018824059583425090e-02,-0.000000000000000000e+00,-0.000000000000000000e+00,-3.677893657312616017e-03,0.000000000000000000e+00,-3.815753442728393036e-02,-4.859217156962445383e-01,-0.000000000000000000e+00,-0.000000000000000000e+00,0.000000000000000000e+00,-0.000000000000000000e+00,-0.000000000000000000e+00,-7.260975738629694975e-02,0.000000000000000000e+00,-0.000000000000000000e+00,-0.000000000000000000e+00
-0.000000000000000000e+00,-9.581036914712662625e-03,0.000000000000000000e+00,-0.000000000000000000e+00,-0.000000000000000000e+00,-0.000000000000000000e+00,-0.000000000000000000e+00,-0.000000000000000000e+00,-0.000000000000000000e+00,-1.038246021286113596e-01,-4.135862620864467765e-01,0.000000000000000000e+00,0.000000000000000000e+00,-5.131034142248588198e-02,-0.000000000000000000e+00,-0.000000000000000000e+00,1.280576776639308578e+00,-0.000000000000000000e+00,-0.000000000000000000e+00,-0.000000000000000000e+00,0.000000000000000000e+00,-0.000000000000000000e+00,-0.000000000000000000e+00,0.000000000000000000e+00,-0.000000000000000000e+00,-0.000000000000000000e+00,-0.000000000000000000e+00,0.000000000000000000e+00,-2.004117503716411897e-01,-0.000000000000000000e+00,-0.000000000000000000e+00,-0.000000000000000000e+00,-0.000000000000000000e+00,-0.000000000000000000e+00,-0.000000000000000000e+00,-0.000000000000000000e+00,-0.000000000000000000e+00,-0.000000000000000000e+00,-0.000000000000000000e+00
-1.221703859774646295e-01,0.000000000000000000e+00,-0.000000000000000000e+00,-0.000000000000000000e+00,-0.000000000000000000e+00,0.000000000000000000e+00,0.000000000000000000e+00,0.000000000000000000e+00,-1.223607744369726268e-02,-0.000000000000000000e+00,0.000000000000000000e+00,0.000000000000000000e+00,-0.000000000000000000e+00,-0.000000000000000000e+00,5.997114892192419999e-01,-0.000000000000000000e+00,-0.000000000000000000e+00,1.368047878056176003e+00,-9.998013480587139568e-02,0.000000000000000000e+00,-0.000000000000000000e+00,-2.800782977893837865e-05,-0.000000000000000000e+00,-0.000000000000000000e+00,-0.000000000000000000e+00,-3.054304944080123152e-02,0.000000000000000000e+00,-9.310947400955760234e-02,0.000000000000000000e+00,-1.162125687955669340e-01,0.000000000000000000e+00,0.000000000000000000e+00,0.000000000000000000e+00,-0.000000000000000000e+00,0.000000000000000000e+00,-0.000000000000000000e+00,0.000000000000000000e+00,-3.950678924086614002e-02,0.000000000000000000e+00
-0.000000000000000000e+00,0.000000000000000000e+00,-7.091588982144568509e-02,-0.000000000000000000e+00,-2.676270414295273681e-01,0.000000000000000000e+00,0.000000000000000000e+00,2.327223576730664406e-02,-1.319547722732528627e-01,-0.000000000000000000e+00,0.000000000000000000e+00,-0.000000000000000000e+00,-0.000000000000000000e+00,-0.000000000000000000e+00,0.000000000000000000e+00,-7.919607505739799380e-03,-0.000000000000000000e+00,-9.998013480587139568e-02,1.285249598817416183e+00,0.000000000000000000e+00,-0.000000000000000000e+00,-0.000000000000000000e+00,-1.595856495357666216e-01,0.000000000000000000e+00,-1.318512470230478462e-01,-0.000000000000000000e+00,-0.000000000000000000e+00,-0.000000000000000000e+00,0.000000000000000000e+00,-1.892722861809823798e-01,-6.907443760645264053e-02,0.000000000000000000e+00,0.000000000000000000e+00,-0.000000000000000000e+00,0.000000000000000000e+00,0.000000000000000000e+00,0.000000000000000000e+00,-0.000000000000000000e+00,-0.000000000000000000e+00
0.000000000000000000e+00,-0.000000000000000000e+00,3.180777528560581047e-01,-0.000000000000000000e+00,-0.000000000000000000e+00,-2.380255599434598912e-01,-2.840487662282388248e-01,-3.232647237632277348e-01,-0.000000000000000000e+00,-0.000000000000000000e+00,-1.208517621185985491e-01,1.013574341044149035e-01,5.077417161566603193e-02,-0.000000000000000000e+00,-0.000000000000000000e+00,-0.000000000000000000e+00,-0.000000000000000000e+00,0.000000000000000000e+00,0.000000000000000000e+00,2.509796683370078885e+00,3.861585089821557015e-01,-4.044336695464082615e-02,-0.000000000000000000e+00,-0.000000000000000000e+00,0.000000000000000000e+00,0.000000000000000000e+00,-0.000000000000000000e+00,0.000000000000000000e+00,-0.000000000000000000e+00,0.000000000000000000e+00,0.000000000000000000e+00,-4.148213233164757541e-01,-0.000000000000000000e+00,-0.000000000000000000e+00,-1.608514354921392053e-01,-0.000000000000000000e+00,-1.150974670783766890e-01,0.000000000000000000e+00,-0.000000000000000000e+00
-0.000000000000000000e+00,0.000000000000000000e+00,-8.844996897333069763e-02,0.000000000000000000e+00,0.000000000000000000e+00,2.557088316591551447e-01,4.143939986078907789e-01,3.606026707435113637e-02,0.000000000000000000e+00,0.000000000000000000e+00,1.729077258779305182e-01,-9.315460972033569320e-02,-3.703273256263358570e-01,1.055480292019956613e-02,0.000000000000000000e+00,0.000000000000000000e+00,0.000000000000000000e+00,-0.000000000000000000e+00,-0.000000000000000000e+00,3.861585089821557015e-01,2.470126402099629193e+00,0.000000000000000000e+00,0.000000000000000000e+00,0.000000000000000000e+00,0.000000000000000000e+00,-2.616687737898668389e-02,8.898225546824219123e-02,-0.000000000000000000e+00,1.140773194730208655e-02,-0.000000000000000000e+00,0.000000000000000000e+00,1.622239542334907858e-01,3.369619772064386121e-02,6.522224099520898544e-02,2.153913018440540006e-01,0.000000000000000000e+00,1.822944351151803422e-02,-0.000000000000000000e+00,4.167995849538354974e-02
0.000000000000000000e+00,-2.533956949783370757e-02,0.000000000000000000e+00,-0.000000000000000000e+00,-0.000000000000000000e+00,-0.000000000000000000e+00,-0.000000000000000000e+00,-0.000000000000000000e+00,-0.000000000000000000e+00,-0.000000000000000000e+00,-0.000000000000000000e+00,0.000000000000000000e+00,0.000000000000000000e+00,-1.463234771888403995e-03,0.000000000000000000e+00,-0.000000000000000000e+00,-0.000000000000000000e+00,-2.800782977893837865e-05,-0.000000000000000000e+00,-4.044336695464082615e-02,0.000000000000000000e+00,1.060005563024522868e+00,-0.000000000000000000e+00,0.000000000000000000e+00,-0.000000000000000000e+00,0.000000000000000000e+00,-0.000000000000000000e+00,0.000000000000000000e+00,-0.000000000000000000e+00,-1.638008437421898875e-02,-0.000000000000000000e+00,-4.407295034326640798e-02,-0.000000000000000000e+00,-0.000000000000000000e+00,-0.000000000000000000e+00,-1.933714490150259535e-01,-0.000000000000000000e+00,0.000000000000000000e+00,-0.000000000000000000e+00
-0.000000000000000000e+00,-6.978135644778185598e-02,0.000000000000000000e+00,-2.987742757455107145e-03,-1.110022187840740832e-01,-0.000000000000000000e+00,-0.000000000000000000e+00,-0.000000000000000000e+00,-3.079200878286149079e-01,-2.616150961042430084e-02,-0.000000000000000000e+00,0.000000000000000000e+00,0.000000000000000000e+00,-2.016498832296652333e-01,0.000000000000000000e+00,-2.427050708828537851e-01,-0.000000000000000000e+00,-0.000000000000000000e+00,-1.595856495357666216e-01,-0.000000000000000000e+00,0.000000000000000000e+00,-0.000000000000000000e+00,1.808381669570810146e+00,-0.000000000000000000e+00,-3.432874574618931529e-01,-0.000000000000000000e+00,-2.884205616614133327e-01,0.000000000000000000e+00,-0.000000000000000000e+00,-0.000000000000000000e+00,-0.000000000000000000e+00,-0.000000000000000000e+00,-0.000000000000000000e+00,-1.962443701142886909e-01,-0.000000000000000000e+00,-0.000000000000000000e+00,-0.000000000000000000e+00,0.000000000000000000e+00,-0.000000000000000000e+00
-0.000000000000000000e+00,0.000000000000000000e+00,-0.000000000000000000e+00,-0.000000000000000000e+00,-0.000000000000000000e+00,-0.000000000000000000e+00,-0.000000000000000000e+00,0.000000000000000000e+00,-0.000000000000000000e+00,0.000000000000000000e+00,-0.000000000000000000e+00,5.844601706709097455e-02,0.000000000000000000e+00,-4.370840829999532440e-02,0.000000000000000000e+00,8.018824059583425090e-02,0.000000000000000000e+00,-0.000000000000000000e+00,0.000000000000000000e+00,-0.000000000000000000e+00,0.000000000000000000e+00,0.000000000000000000e+00,-0.000000000000000000e+00,1.031146070769755507e+00,-1.360223475395503923e-01,0.000000000000000000e+00,0.000000000000000000e+00,-0.000000000000000000e+00,0.000000000000000000e+00,1.526712110326030464e-02,-0.000000000000000000e+00,-0.000000000000000000e+00,-0.000000000000000000e+00,-0.000000000000000000e+00,0.000000000000000000e+00,2.352511012817818867e-02,-0.000000000000000000e+00,-0.000000000000000000e+00,-0.000000000000000000e+00
-0.000000000000000000e+00,-0.000000000000000000e+00,-0.000000000000000000e+00,-0.000000000000000000e+00,-1.117190457290112987e-01,0.000000000000000000e+00,-0.000000000000000000e+00,0.000000000000000000e+00,-1.029699720952716308e-01,-0.000000000000000000e+00,-0.000000000000000000e+00,0.000000000000000000e+00,0.000000000000000000e+00,-1.072854633913492284e-01,0.000000000000000000e+00,-0.000000000000000000e+00,-0.000000000000000000e+00,-0.000000000000000000e+00,-1.318512470230478462e-01,0.000000000000000000e+00,0.000000000000000000e+00,-0.000000000000000000e+00,-3.432874574618931529e-01,-1.360223475395503923e-01,1.322688450257892612e+00,-0.000000000000000000e+00,-0.000000000000000000e+00,0.000000000000000000e+00,-0.000000000000000000e+00,-0.000000000000000000e+00,-0.000000000000000000e+00,0.000000000000000000e+00,0.000000000000000000e+00,-6.187339473153173619e-02,0.000000000000000000e+00,0.000000000000000000e+00,-0.000000000000000000e+00,-0.000000000000000000e+00,-0.000000000000000000e+00
-7.781709881807444829e-01,-0.000000000000000000e+00,-1.900829296517059508e-01,0.000000000000000000e+00,-0.000000000000000000e+00,1.449751964697844897e-01,3.483005551570415859e-02,1.185070735467717018e-01,-0.000000000000000000e+00,-0.000000000000000000e+00,6.070508200774708818e-02,-0.000000000000000000e+00,-1.240963204733657732e-01,0.000000000000000000e+00,0.000000000000000000e+00,-0.000000000000000000e+00,-0.000000000000000000e+00,-3.054304944080123152e-02,-0.000000000000000000e+00,0.000000000000000000e+00,-2.616687737898668389e-02,0.000000000000000000e+00,-0.000000000000000000e+00,0.000000000000000000e+00,-0.000000000000000000e+00,1.927970007358101201e+00,0.000000000000000000e+00,-1.440649021315199702e-02,0.000000000000000000e+00,-2.823895227995653623e-01,0.000000000000000000e+00,0.000000000000000000e+00,0.000000000000000000e+00,0.000000000000000000e+00,1.025282027365031212e-01,-0.000000000000000000e+00,0.000000000000000000e+00,-6.912104288226904314e-02,0.000000000000000000e+00
0.000000000000000000e+00,-2.611605661715900029e-01,0.000000000000000000e+00,-0.000000000000000000e+00,-0.000000000000000000e+00,-0.000000000000000000e+00,-6.175332448497720950e-02,-0.000000000000000000e+00,-0.000000000000000000e+00,-0.000000000000000000e+00,-1.018812909733425032e-01,0.000000000000000000e+00,4.189656411857008433e-01,-0.000000000000000000e+00,-0.000000000000000000e+00,-3.677893657312616017e-03,-0.000000000000000000e+00,0.000000000000000000e+00,-0.000000000000000000e+00,-0.000000000000000000e+00,8.898225546824219123e-02,-0.000000000000000000e+00,-2.884205616614133327e-01,0.000000000000000000e+00,-0.000000000000000000e+00,0.000000000000000000e+00,2.006770432922915237e+00,3.917714081619048938e-02,-1.869748284596798038e-01,-0.000000000000000000e+00,-2.009855219592148468e-01,-1.958712215764692455e-01,-0.000000000000000000e+00,-2.854411417237735088e-02,-9.557499582195967680e-02,-0.000000000000000000e+00,-0.000000000000000000e+00,1.211874076962054288e-03,-1.571537151375884400e-01
-0.000000000000000000e+00,1.401669697449560437e-01,-2.492396554523766405e-01,2.072127741119388633e-01,0.000000000000000000e+00,0.000000000000000000e+00,0.000000000000000000e+00,2.797279396575031440e-01,0.000000000000000000e+00,0.000000000000000000e+00,0.000000000000000000e+00,-0.000000000000000000e+00,-5.438175832858034575e-02,0.000000000000000000e+00,0.000000000000000000e+00,0.000000000000000000e+00,0.000000000000000000e+00,-9.310947400955760234e-02,-0.000000000000000000e+00,0.000000000000000000e+00,-0.000000000000000000e+00,0.000000000000000000e+00,0.000000000000000000e+00,-0.000000000000000000e+00,0.000000000000000000e+00,-1.440649021315199702e-02,3.917714081619048938e-02,1.604703523163998558e+00,3.362726431038167308e-03,-0.000000000000000000e+00,-0.000000000000000000e+00,0.000000000000000000e+00,-0.000000000000000000e+00,0.000000000000000000e+00,0.000000000000000000e+00,0.000000000000000000e+00,0.000000000000000000e+00,-0.000000000000000000e+00,3.583109430524969996e-01
0.000000000000000000e+00,-3.038202981662814772e-01,0.000000000000000000e+00,-4.085041592932581178e-02,-0.000000000000000000e+00,-6.466710550783745515e-02,-0.000000000000000000e+00,-0.000000000000000000e+00,-0.000000000000000000e+00,-1.534663703502367194e-01,-1.217738450066031299e-02,0.000000000000000000e+00,3.316945360802247417e-02,-7.391967833180043690e-02,0.000000000000000000e+00,-3.815753442728393036e-02,-2.004117503716411897e-01,0.000000000000000000e+00,0.000000000000000000e+00,-0.000000000000000000e+00,1.140773194730208655e-02,-0.000000000000000000e+00,-0.000000000000000000e+00,0.000000000000000000e+00,-0.000000000000000000e+00,0.000000000000000000e+00,-1.869748284596798038e-01,3.362726431038167308e-03,1.777478340979068649e+00,-0.000000000000000000e+00,-0.000000000000000000e+00,-3.322893598372236301e-01,-0.000000000000000000e+00,-0.000000000000000000e+00,-1.581453372326608320e-01,-1.574760430893321628e-01,-0.000000000000000000e+00,0.000000000000000000e+00,-0.000000000000000000e+00
-2.802367286921595216e-02,-0.000000000000000000e+00,-0.000000000000000000e+00,-0.000000000000000000e+00,-0.000000000000000000e+00,0.000000000000000000e+00,0.000000000000000000e+00,0.000000000000000000e+00,-0.000000000000000000e+00,-1.576648700540358439e-01,0.000000000000000000e+00,-0.000000000000000000e+00,-0.000000000000000000e+00,-0.000000000000000000e+00,0.000000000000000000e+00,-4.859217156962445383e-01,-0.000000000000000000e+00,-1.162125687955669340e-01,-1.892722861809823798e-01,0.000000000000000000e+00,-0.000000000000000000e+00,-1.638008437421898875e-02,-0.000000000000000000e+00,1.526712110326030464e-02,-0.000000000000000000e+00,-2.823895227995653623e-01,-0.000000000000000000e+00,-0.000000000000000000e+00,-0.000000000000000000e+00,1.427689131987354143e+00,-0.000000000000000000e+00,0.000000000000000000e+00,0.000000000000000000e+00,-0.000000000000000000e+00,0.000000000000000000e+00,-1.160053930222174068e-01,0.000000000000000000e+00,-0.000000000000000000e+00,0.000000000000000000e+00
0.000000000000000000e+00,-0.000000000000000000e+00,-0.000000000000000000e+00,0.000000000000000000e+00,-2.062570111868461675e-01,-0.000000000000000000e+00,-0.000000000000000000e+00,6.291033821741208454e-02,0.000000000000000000e+00,-0.000000000000000000e+00,-0.000000000000000000e+00,-0.000000000000000000e+00,0.000000000000000000e+00,-0.000000000000000000e+00,-0.000000000000000000e+00,-0.000000000000000000e+00,-0.000000000000000000e+00,0.000000000000000000e+00,-6.907443760645264053e-02,0.000000000000000000e+00,0.000000000000000000e+00,-0.000000000000000000e+00,-0.000000000000000000e+00,-0.000000000000000000e+00,-0.000000000000000000e+00,0.000000000000000000e+00,-2.009855219592148468e-01,-0.000000000000000000e+00,-0.000000000000000000e+00,-0.000000000000000000e+00,1.215045501453801524e+00,-0.000000000000000000e+00,-7.466530250499103794e-02,-0.000000000000000000e+00,-0.000000000000000000e+00,-0.000000000000000000e+00,-0.000000000000000000e+00,2.949669876957879411e-01,-0.000000000000000000e+00
0.000000000000000000e+00,-2.021500279073939199e-01,3.175571677889042072e-02,-0.000000000000000000e+00,-0.000000000000000000e+00,-2.205782677901138022e-01,-1.646449435812308293e-01,-2.428719534276025868e-02,-0.000000000000000000e+00,-0.000000000000000000e+00,-2.719884648139703764e-01,0.000000000000000000e+00,3.417619691717862368e-02,-5.271927893171970275e-02,-0.000000000000000000e+00,-0.000000000000000000e+00,-0.000000000000000000e+00,0.000000000000000000e+00,0.000000000000000000e+00,-4.148213233164757541e-01,1.622239542334907858e-01,-4.407295034326640798e-02,-0.000000000000000000e+00,-0.000000000000000000e+00,0.000000000000000000e+00,0.000000000000000000e+00,-1.958712215764692455e-01,0.000000000000000000e+00,-3.322893598372236301e-01,0.000000000000000000e+00,-0.000000000000000000e+00,2.710125975426898925e+00,-2.185985213875918376e-02,-0.000000000000000000e+00,-2.011701680307918794e-01,-2.090702653199497385e-01,-4.513049636833648681e-01,0.000000000000000000e+00,-0.000000000000000000e+00
1.112322831670957690e-01,-0.000000000000000000e+00,0.000000000000000000e+00,0.000000000000000000e+00,-0.000000000000000000e+00,-2.613544041937153617e-01,-0.000000000000000000e+00,-0.000000000000000000e+00,0.000000000000000000e+00,0.000000000000000000e+00,-2.142775785292094226e-01,0.000000000000000000e+00,1.180454342636806514e-01,-0.000000000000000000e+00,-0.000000000000000000e+00,0.000000000000000000e+00,-0.000000000000000000e+00,0.000000000000000000e+00,0.000000000000000000e+00,-0.000000000000000000e+00,3.369619772064386121e-02,-0.000000000000000000e+00,-0.000000000000000000e+00,-0.000000000000000000e+00,0.000000000000000000e+00,0.000000000000000000e+00,-0.000000000000000000e+00,-0.000000000000000000e+00,-0.000000000000000000e+00,0.000000000000000000e+00,-7.466530250499103794e-02,-2.185985213875918376e-02,1.908252411292399531e+00,-0.000000000000000000e+00,-1.307258575597779471e-01,-0.000000000000000000e+00,-6.403924864052862320e-01,1.809711944378476489e-01,-0.000000000000000000e+00
-0.000000000000000000e+00,-1.328943542822571579e-02,0.000000000000000000e+00,-6.510185781111467451e-02,-4.669647930507738742e-01,-0.000000000000000000e+00,-7.414422725874279807e-02,-0.000000000000000000e+00,-4.671079380242081358e-01,-0.000000000000000000e+00,-0.000000000000000000e+00,0.000000000000000000e+00,0.000000000000000000e+00,-3.828514878385986253e-01,0.000000000000000000e+00,-0.000000000000000000e+00,-0.000000000000000000e+00,-0.000000000000000000e+00,-0.000000000000000000e+00,-0.000000000000000000e+00,6.522224099520898544e-02,-0.000000000000000000e+00,-1.962443701142886909e-01,-0.000000000000000000e+00,-6.187339473153173619e-02,0.000000000000000000e+00,-2.854411417237735088e-02,0.000000000000000000e+00,-0.000000000000000000e+00,-0.000000000000000000e+00,-0.000000000000000000e+00,-0.000000000000000000e+00,-0.000000000000000000e+00,1.885519903329015312e+00,-0.000000000000000000e+00,-0.000000000000000000e+00,-0.000000000000000000e+00,-0.000000000000000000e+00,-3.652051433002881375e-02
1.852742366845329114e-01,-0.000000000000000000e+00,0.000000000000000000e+00,-0.000000000000000000e+00,-0.000000000000000000e+00,-4.560406717164874335e-01,-1.354975127980204974e-01,-0.000000000000000000e+00,-0.000000000000000000e+00,-0.000000000000000000e+00,-1.336347354903722473e-01,0.000000000000000000e+00,2.963715111759060994e-01,-0.000000000000000000e+00,-0.000000000000000000e+00,-0.000000000000000000e+00,-0.000000000000000000e+00,0.000000000000000000e+00,0.000000000000000000e+00,-1.608514354921392053e-01,2.153913018440540006e-01,-0.000000000000000000e+00,-0.000000000000000000e+00,0.000000000000000000e+00,0.000000000000000000e+00,1.025282027365031212e-01,-9.557499582195967680e-02,0.000000000000000000e+00,-1.581453372326608320e-01,0.000000000000000000e+00,-0.000000000000000000e+00,-2.011701680307918794e-01,-1.307258575597779471e-01,-0.000000000000000000e+00,2.335147447908215490e+00,-0.000000000000000000e+00,-5.141915376222553485e-02,0.000000000000000000e+00,-0.000000000000000000e+00
0.000000000000000000e+00,-2.056823214085486407e-01,0.000000000000000000e+00,-0.000000000000000000e+00,-0.000000000000000000e+00,-0.000000000000000000e+00,-0.000000000000000000e+00,-0.000000000000000000e+00,-0.000000000000000000e+00,-1.987303327739698422e-01,-0.000000000000000000e+00,0.000000000000000000e+00,0.000000000000000000e+00,-0.000000000000000000e+00,0.000000000000000000e+00,-7.260975738629694975e-02,-0.000000000000000000e+00,-0.000000000000000000e+00,0.000000000000000000e+00,-0.000000000000000000e+00,0.000000000000000000e+00,-1.933714490150259535e-01,-0.000000000000000000e+00,2.352511012817818867e-02,0.000000000000000000e+00,-0.000000000000000000e+00,-0.000000000000000000e+00,0.000000000000000000e+00,-1.574760430893321628e-01,-1.160053930222174068e-01,-0.000000000000000000e+00,-2.090702653199497385e-01,-0.000000000000000000e+00,-0.000000000000000000e+00,-0.000000000000000000e+00,1.447941956750315340e+00,-1.689375763772221761e-01,0.000000000000000000e+00,-0.000000000000000000e+00
0.000000000000000000e+00,-0.000000000000000000e+00,0.000000000000000000e+00,-0.000000000000000000e+00,-0.000000000000000000e+00,-1.920047877143732096e-01,-0.000000000000000000e+00,-0.000000000000000000e+00,0.000000000000000000e+00,-0.000000000000000000e+00,-6.283470361846839325e-02,0.000000000000000000e+00,2.711414588765839045e-02,-7.750574422493895776e-02,-0.000000000000000000e+00,0.000000000000000000e+00,-0.000000000000000000e+00,0.000000000000000000e+00,0.000000000000000000e+00,-1.150974670783766890e-01,1.822944351151803422e-02,-0.000000000000000000e+00,-0.000000000000000000e+00,-0.000000000000000000e+00,-0.000000000000000000e+00,0.000000000000000000e+00,-0.000000000000000000e+00,0.000000000000000000e+00,-0.000000000000000000e+00,0.000000000000000000e+00,-0.000000000000000000e+00,-4.513049636833648681e-01,-6.403924864052862320e-01,-0.000000000000000000e+00,-5.141915376222553485e-02,-1.689375763772221761e-01,1.972344397418339890e+00,0.000000000000000000e+00,-0.000000000000000000e+00
-4.122410309311437260e-01,-0.000000000000000000e+00,-0.000000000000000000e+00,-0.000000000000000000e+00,-0.000000000000000000e+00,0.000000000000000000e+00,0.000000000000000000e+00,0.000000000000000000e+00,-1.239413377061809735e-01,-0.000000000000000000e+00,0.000000000000000000e+00,0.000000000000000000e+00,-1.280720717856353996e-02,-0.000000000000000000e+00,2.524555888940154258e-01,-0.000000000000000000e+00,-0.000000000000000000e+00,-3.950678924086614002e-02,-0.000000000000000000e+00,0.000000000000000000e+00,-0.000000000000000000e+00,0.000000000000000000e+00,0.000000000000000000e+00,-0.000000000000000000e+00,-0.000000000000000000e+00,-6.912104288226904314e-02,1.211874076962054288e-03,-0.000000000000000000e+00,0.000000000000000000e+00,-0.000000000000000000e+00,2.949669876957879411e-01,0.000000000000000000e+00,1.809711944378476489e-01,-0.000000000000000000e+00,0.000000000000000000e+00,0.000000000000000000e+00,0.000000000000000000e+00,1.428435936367198789e+00,-0.000000000000000000e+00
0.000000000000000000e+00,-8.864169334297040959e-02,0.000000000000000000e+00,-5.103160300472437544e-02,-0.000000000000000000e+00,-0.000000000000000000e+00,-3.068087711995549083e-01,-0.000000000000000000e+00,-9.709503981426612085e-02,-0.000000000000000000e+00,-0.000000000000000000e+00,4.040004348829400183e-01,9.860781215352244777e-02,-0.000000000000000000e+00,0.000000000000000000e+00,-0.000000000000000000e+00,-0.000000000000000000e+00,0.000000000000000000e+00,-0.000000000000000000e+00,-0.000000000000000000e+00,4.167995849538354974e-02,-0.000000000000000000e+00,-0.000000000000000000e+00,-0.000000000000000000e+00,-0.000000000000000000e+00,0.000000000000000000e+00,-1.571537151375884400e-01,3.583109430524969996e-01,-0.000000000000000000e+00,0.000000000000000000e+00,-0.000000000000000000e+00,-0.000000000000000000e+00,-0.000000000000000000e+00,-3.652051433002881375e-02,-0.000000000000000000e+00,-0.000000000000000000e+00,-0.000000000000000000e+00,-0.000000000000000000e+00,1.747973476500416457e+00
