1.403537745226653533e+00,0.000000000000000000e+00,-1.509581974423220563e-01,0.000000000000000000e+00,-1.183712637401956314e-01,0.000000000000000000e+00,-3.840753460137482506e-02,-0.000000000000000000e+00,-1.084583876147255516e-01,-0.000000000000000000e+00,-1.192911588933122900e-02,5.994693795591089780e-02,0.000000000000000000e+00,-2.070357027791809579e-01,0.000000000000000000e+00,0.000000000000000000e+00,-5.629245896302017584e-03,0.000000000000000000e+00,0.000000000000000000e+00,-0.000000000000000000e+00,-1.597695068521848560e-01,-7.539712221995065189e-03,0.000000000000000000e+00,-7.710440299938810249e-02,0.000000000000000000e+00,-1.081106498355876161e-01,-2.178811506349146235e-02,-5.934551162836054078e-02,-3.401486393326349361e-02,0.000000000000000000e+00,-0.000000000000000000e+00,-2.738238972259583043e-02,-4.347659129222005564e-02,0.000000000000000000e+00,-8.049300090289817841e-03,0.000000000000000000e+00,-2.108606360074608346e-02,-5.192511594681890885e-02,0.000000000000000000e+00
0.000000000000000000e+00,1.307356770316981054e+00,0.000000000000000000e+00,-0.000000000000000000e+00,0.000000000000000000e+00,-0.000000000000000000e+00,9.910858674881646568e-02,1.268926287749764514e-01,0.000000000000000000e+00,-0.000000000000000000e+00,0.000000000000000000e+00,-5.261417040680666651e-02,-0.000000000000000000e+00,0.000000000000000000e+00,-0.000000000000000000e+00,-7.374341500120985826e-02,0.000000000000000000e+00,-0.000000000000000000e+00,-1.337280703392915897e-03,9.936599879532954926e-02,0.000000000000000000e+00,7.723803515391201857e-02,-1.054304385423843193e-01,0.000000000000000000e+00,-5.995868801473147602e-02,9.512171898222204769e-03,0.000000000000000000e+00,7.904827128050673224e-02,0.000000000000000000e+00,-0.000000000000000000e+00,0.000000000000000000e+00,0.000000000000000000e+00,3.084730320193562053e-02,-2.407940745309779251e-02,1.444570738310770562e-02,-2.128255433481450187e-01,2.211352851563526400e-02,0.000000000000000000e+00,-7.554062010472380184e-02
-1.509581974423220563e-01,0.000000000000000000e+00,1.454626041963815286e+00,0.000000000000000000e+00,-2.420014974508022110e-01,0.000000000000000000e+00,-8.536101460462310053e-02,-4.662967900022411266e-02,-1.184225489170893375e-01,-0.000000000000000000e+00,-0.000000000000000000e+00,8.781852774909540416e-02,-0.000000000000000000e+00,-3.389314398564315794e-02,0.000000000000000000e+00,0.000000000000000000e+00,-8.851675307024734667e-05,0.000000000000000000e+00,0.000000000000000000e+00,-4.021618055206069992e-02,-2.204411170033629963e-01,-6.551033287240698444e-02,0.000000000000000000e+00,-6.403400756827977436e-02,0.000000000000000000e+00,-7.687387487893332372e-02,-4.645868783875228662e-03,-6.560611398550546258e-02,-0.000000000000000000e+00,0.000000000000000000e+00,-0.000000000000000000e+00,-4.694480418203414440e-02,-3.271855764133999728e-02,0.000000000000000000e+00,-0.000000000000000000e+00,0.000000000000000000e+00,-3.461779065665658572e-02,-0.000000000000000000e+00,0.000000000000000000e+00
0.000000000000000000e+00,-0.000000000000000000e+00,0.000000000000000000e+00,1.119792099083108505e+00,0.000000000000000000e+00,-0.000000000000000000e+00,0.000000000000000000e+00,0.000000000000000000e+00,0.000000000000000000e+00,-0.000000000000000000e+00,0.000000000000000000e+00,-0.000000000000000000e+00,-0.000000000000000000e+00,0.000000000000000000e+00,-1.667596184285519978e-01,-0.000000000000000000e+00,0.000000000000000000e+00,-9.196436999160925718e-02,-1.602559436635317240e-03,0.000000000000000000e+00,-0.000000000000000000e+00,0.000000000000000000e+00,-6.490862272743702643e-03,0.000000000000000000e+00,-0.000000000000000000e+00,0.000000000000000000e+00,0.000000000000000000e+00,0.000000000000000000e+00,0.000000000000000000e+00,-2.213509297105339113e-01,0.000000000000000000e+00,0.000000000000000000e+00,0.000000000000000000e+00,-0.000000000000000000e+00,0.000000000000000000e+00,-0.000000000000000000e+00,0.000000000000000000e+00,0.000000000000000000e+00,-6.470020617935447194e-02
-1.183712637401956314e-01,0.000000000000000000e+00,-2.420014974508022110e-01,0.000000000000000000e+00,1.222764039097674171e+00,0.000000000000000000e+00,-0.000000000000000000e+00,-0.000000000000000000e+00,-9.297252882318512990e-02,-0.000000000000000000e+00,-4.124381301947272621e-02,1.191174481634684063e-01,0.000000000000000000e+00,-1.271406039796019460e-01,0.000000000000000000e+00,0.000000000000000000e+00,-2.286529683361713389e-02,0.000000000000000000e+00,0.000000000000000000e+00,-0.000000000000000000e+00,-0.000000000000000000e+00,-0.000000000000000000e+00,0.000000000000000000e+00,-4.444618961953404612e-02,0.000000000000000000e+00,-1.702670967531641835e-02,-0.000000000000000000e+00,-0.000000000000000000e+00,-0.000000000000000000e+00,0.000000000000000000e+00,-0.000000000000000000e+00,-0.000000000000000000e+00,-0.000000000000000000e+00,0.000000000000000000e+00,-0.000000000000000000e+00,0.000000000000000000e+00,-0.000000000000000000e+00,-0.000000000000000000e+00,0.000000000000000000e+00
0.000000000000000000e+00,-0.000000000000000000e+00,0.000000000000000000e+00,-0.000000000000000000e+00,0.000000000000000000e+00,1.000000000000000000e+00,0.000000000000000000e+00,0.000000000000000000e+00,0.000000000000000000e+00,-0.000000000000000000e+00,-0.000000000000000000e+00,-0.000000000000000000e+00,0.000000000000000000e+00,0.000000000000000000e+00,-0.000000000000000000e+00,-0.000000000000000000e+00,0.000000000000000000e+00,-0.000000000000000000e+00,-0.000000000000000000e+00,0.000000000000000000e+00,0.000000000000000000e+00,0.000000000000000000e+00,-0.000000000000000000e+00,0.000000000000000000e+00,-0.000000000000000000e+00,0.000000000000000000e+00,0.000000000000000000e+00,0.000000000000000000e+00,0.000000000000000000e+00,-0.000000000000000000e+00,0.000000000000000000e+00,0.000000000000000000e+00,0.000000000000000000e+00,-0.000000000000000000e+00,0.000000000000000000e+00,-0.000000000000000000e+00,0.000000000000000000e+00,0.000000000000000000e+00,-0.000000000000000000e+00
-3.840753460137482506e-02,9.910858674881646568e-02,-8.536101460462310053e-02,0.000000000000000000e+00,-0.000000000000000000e+00,0.000000000000000000e+00,1.620279748167240852e+00,-8.189048840394413942e-02,-9.282419368214706035e-02,-0.000000000000000000e+00,-2.987811187421482786e-02,2.997780350309399433e-02,0.000000000000000000e+00,-0.000000000000000000e+00,0.000000000000000000e+00,0.000000000000000000e+00,-2.386751404679165675e-02,2.691152151373259888e-02,4.136214276636243636e-02,-1.075155142936517760e-01,-1.999800468757111441e-02,-1.147607445079728977e-01,0.000000000000000000e+00,-5.228571359355811687e-02,1.900979592486506248e-02,-9.084691068369943334e-02,-7.220709751403235621e-02,-1.001353052772843838e-01,-5.772501517162120788e-02,0.000000000000000000e+00,-6.435772986640685145e-02,-6.500279196924133029e-02,-9.121599595161725138e-02,5.903174033663744630e-02,-7.450982940909628427e-02,6.188426710728031632e-02,-7.514511976685508965e-02,-1.045423601440567674e-02,0.000000000000000000e+00
-0.000000000000000000e+00,1.268926287749764514e-01,-4.662967900022411266e-02,0.000000000000000000e+00,-0.000000000000000000e+00,0.000000000000000000e+00,-8.189048840394413942e-02,1.204172960796539016e+00,-2.841777455039211711e-02,-0.000000000000000000e+00,-0.000000000000000000e+00,0.000000000000000000e+00,-0.000000000000000000e+00,-0.000000000000000000e+00,0.000000000000000000e+00,0.000000000000000000e+00,-0.000000000000000000e+00,0.000000000000000000e+00,0.000000000000000000e+00,-1.183916538835480536e-02,-2.076406241103073980e-01,-1.636866946088442187e-01,0.000000000000000000e+00,-0.000000000000000000e+00,6.122688948094780030e-03,-1.374516289115805534e-02,-3.440610569729803808e-02,-1.325575638181877500e-02,-0.000000000000000000e+00,0.000000000000000000e+00,-0.000000000000000000e+00,-4.430480250191064923e-02,-0.000000000000000000e+00,0.000000000000000000e+00,-0.000000000000000000e+00,0.000000000000000000e+00,-1.832641514466777991e-02,-0.000000000000000000e+00,0.000000000000000000e+00
-1.084583876147255516e-01,0.000000000000000000e+00,-1.184225489170893375e-01,0.000000000000000000e+00,-9.297252882318512990e-02,0.000000000000000000e+00,-9.282419368214706035e-02,-2.841777455039211711e-02,1.596482425267948813e+00,-0.000000000000000000e+00,-4.995365776115698320e-02,3.867865930747178133e-02,0.000000000000000000e+00,-1.981208401342631278e-02,0.000000000000000000e+00,0.000000000000000000e+00,-4.244428483796697932e-02,0.000000000000000000e+00,1.945221883847382191e-02,-8.234097513418121850e-02,-6.433998895757891967e-02,-7.720363553332272588e-02,0.000000000000000000e+00,-8.315617705822546391e-02,0.000000000000000000e+00,-8.882079411868888663e-02,-7.417997518403127155e-02,-9.652300916834880007e-02,-6.414672283619150817e-02,0.000000000000000000e+00,-4.114074384900426318e-02,-8.425625851231756391e-02,-6.353960328054490680e-02,1.910596443401996539e-02,-6.014301349249801670e-02,0.000000000000000000e+00,-8.132766457353000911e-02,-5.562230191078726405e-02,0.000000000000000000e+00
-0.000000000000000000e+00,-0.000000000000000000e+00,-0.000000000000000000e+00,-0.000000000000000000e+00,-0.000000000000000000e+00,-0.000000000000000000e+00,-0.000000000000000000e+00,-0.000000000000000000e+00,-0.000000000000000000e+00,1.000003351517579686e+00,-0.000000000000000000e+00,0.000000000000000000e+00,-0.000000000000000000e+00,-0.000000000000000000e+00,-0.000000000000000000e+00,-0.000000000000000000e+00,-0.000000000000000000e+00,-0.000000000000000000e+00,-0.000000000000000000e+00,-0.000000000000000000e+00,-0.000000000000000000e+00,-0.000000000000000000e+00,-0.000000000000000000e+00,-0.000000000000000000e+00,-0.000000000000000000e+00,-0.000000000000000000e+00,-0.000000000000000000e+00,-0.000000000000000000e+00,-0.000000000000000000e+00,-1.830703071378540596e-03,-0.000000000000000000e+00,-0.000000000000000000e+00,-0.000000000000000000e+00,-0.000000000000000000e+00,-0.000000000000000000e+00,-0.000000000000000000e+00,-0.000000000000000000e+00,-0.000000000000000000e+00,-0.000000000000000000e+00
-1.192911588933122900e-02,0.000000000000000000e+00,-0.000000000000000000e+00,0.000000000000000000e+00,-4.124381301947272621e-02,-0.000000000000000000e+00,-2.987811187421482786e-02,-0.000000000000000000e+00,-4.995365776115698320e-02,-0.000000000000000000e+00,1.415641845086969663e+00,8.540319741727596392e-02,0.000000000000000000e+00,-5.851726185831410132e-02,1.308796758451772312e-02,0.000000000000000000e+00,-1.801191809816862499e-01,0.000000000000000000e+00,0.000000000000000000e+00,-1.444469354335083632e-02,-0.000000000000000000e+00,-0.000000000000000000e+00,0.000000000000000000e+00,-1.416999633761267252e-01,0.000000000000000000e+00,-1.944632197855166453e-03,-3.390705791493035109e-02,-2.064228411360778323e-02,-1.070395816410182888e-01,0.000000000000000000e+00,-4.011152664828764730e-02,-1.242154416626094077e-01,-1.020309868261766364e-03,3.444406685079288988e-02,-8.928823483375160353e-02,0.000000000000000000e+00,-1.049007981017403279e-01,-4.681779903721739605e-02,0.000000000000000000e+00
5.994693795591089780e-02,-5.261417040680666651e-02,8.781852774909540416e-02,-0.000000000000000000e+00,1.191174481634684063e-01,-0.000000000000000000e+00,2.997780350309399433e-02,0.000000000000000000e+00,3.867865930747178133e-02,0.000000000000000000e+00,8.540319741727596392e-02,1.193403980765131989e+00,-0.000000000000000000e+00,0.000000000000000000e+00,-0.000000000000000000e+00,-0.000000000000000000e+00,5.098420137101285915e-02,-0.000000000000000000e+00,-0.000000000000000000e+00,0.000000000000000000e+00,2.742004508883568933e-02,0.000000000000000000e+00,-0.000000000000000000e+00,8.661759181629245796e-02,-0.000000000000000000e+00,1.597985008018665623e-02,0.000000000000000000e+00,4.726766748006980268e-02,2.817399391487051402e-02,-0.000000000000000000e+00,0.000000000000000000e+00,1.128300209640006012e-02,0.000000000000000000e+00,-0.000000000000000000e+00,1.503746297896840778e-02,-6.180308964836198071e-02,1.911422109217250989e-02,0.000000000000000000e+00,-0.000000000000000000e+00
0.000000000000000000e+00,-0.000000000000000000e+00,-0.000000000000000000e+00,-0.000000000000000000e+00,0.000000000000000000e+00,0.000000000000000000e+00,0.000000000000000000e+00,-0.000000000000000000e+00,0.000000000000000000e+00,-0.000000000000000000e+00,0.000000000000000000e+00,-0.000000000000000000e+00,1.000000000000000222e+00,0.000000000000000000e+00,-0.000000000000000000e+00,-0.000000000000000000e+00,0.000000000000000000e+00,-0.000000000000000000e+00,-0.000000000000000000e+00,0.000000000000000000e+00,-0.000000000000000000e+00,-0.000000000000000000e+00,-0.000000000000000000e+00,0.000000000000000000e+00,-0.000000000000000000e+00,0.000000000000000000e+00,0.000000000000000000e+00,0.000000000000000000e+00,0.000000000000000000e+00,-0.000000000000000000e+00,0.000000000000000000e+00,0.000000000000000000e+00,0.000000000000000000e+00,-0.000000000000000000e+00,0.000000000000000000e+00,-0.000000000000000000e+00,0.000000000000000000e+00,0.000000000000000000e+00,-0.000000000000000000e+00
-2.070357027791809579e-01,0.000000000000000000e+00,-3.389314398564315794e-02,0.000000000000000000e+00,-1.271406039796019460e-01,0.000000000000000000e+00,-0.000000000000000000e+00,-0.000000000000000000e+00,-1.981208401342631278e-02,-0.000000000000000000e+00,-5.851726185831410132e-02,0.000000000000000000e+00,0.000000000000000000e+00,1.163169313102279778e+00,0.000000000000000000e+00,0.000000000000000000e+00,-4.293790799998147001e-02,0.000000000000000000e+00,0.000000000000000000e+00,-0.000000000000000000e+00,-0.000000000000000000e+00,-0.000000000000000000e+00,0.000000000000000000e+00,-7.699290824042707981e-02,0.000000000000000000e+00,-4.554763484952719516e-02,-0.000000000000000000e+00,-0.000000000000000000e+00,-3.311136263155028958e-02,0.000000000000000000e+00,-0.000000000000000000e+00,-1.083574865442685957e-03,-0.000000000000000000e+00,0.000000000000000000e+00,-0.000000000000000000e+00,0.000000000000000000e+00,-0.000000000000000000e+00,-3.258013789555368189e-02,0.000000000000000000e+00
0.000000000000000000e+00,-0.000000000000000000e+00,0.000000000000000000e+00,-1.667596184285519978e-01,0.000000000000000000e+00,-0.000000000000000000e+00,0.000000000000000000e+00,0.000000000000000000e+00,0.000000000000000000e+00,-0.000000000000000000e+00,1.308796758451772312e-02,-0.000000000000000000e+00,-0.000000000000000000e+00,0.000000000000000000e+00,1.496669399400753830e+00,-8.562361453799453848e-02,3.046128464882989079e-02,-1.400295320373845243e-01,-1.537405487970153473e-01,1.661909157755006930e-02,0.000000000000000000e+00,0.000000000000000000e+00,-5.029918033243721553e-02,0.000000000000000000e+00,-1.215333864331289149e-01,0.000000000000000000e+00,7.494444988007692432e-02,0.000000000000000000e+00,5.139900118722420808e-02,-5.874880583345130219e-02,1.026361102737192166e-01,2.705652492937494005e-02,2.624196935008888190e-02,-1.372347444555713225e-01,5.979054819532788473e-02,-0.000000000000000000e+00,3.603367805531468987e-02,1.210915786079901080e-01,-0.000000000000000000e+00
0.000000000000000000e+00,-7.374341500120985826e-02,0.000000000000000000e+00,-0.000000000000000000e+00,0.000000000000000000e+00,-0.000000000000000000e+00,0.000000000000000000e+00,0.000000000000000000e+00,0.000000000000000000e+00,-0.000000000000000000e+00,0.000000000000000000e+00,-0.000000000000000000e+00,-0.000000000000000000e+00,0.000000000000000000e+00,-8.562361453799453848e-02,1.342671735361193441e+00,2.023708244877356344e-02,-7.080873062899600834e-02,-5.221404179340539964e-02,8.065168812136431402e-04,0.000000000000000000e+00,7.567999192941446407e-03,-1.731758438941124467e-01,0.000000000000000000e+00,-1.951753037285621772e-01,0.000000000000000000e+00,6.467928026993916175e-03,0.000000000000000000e+00,1.173600632885477002e-02,-1.966768680473039432e-01,4.213147017488030194e-02,2.978757458145539147e-03,8.844459756223561897e-03,-7.957262353826395629e-02,3.353911989773661340e-02,-3.576617382713547649e-02,8.322040017100781895e-03,0.000000000000000000e+00,-8.935296260046696193e-02
-5.629245896302017584e-03,0.000000000000000000e+00,-8.851675307024734667e-05,0.000000000000000000e+00,-2.286529683361713389e-02,0.000000000000000000e+00,-2.386751404679165675e-02,-0.000000000000000000e+00,-4.244428483796697932e-02,-0.000000000000000000e+00,-1.801191809816862499e-01,5.098420137101285915e-02,0.000000000000000000e+00,-4.293790799998147001e-02,3.046128464882989079e-02,2.023708244877356344e-02,1.496901653650410724e+00,0.000000000000000000e+00,7.004284661318116965e-03,-1.819295894131549990e-02,-0.000000000000000000e+00,-1.679517562204020653e-02,0.000000000000000000e+00,-1.492400806630345966e-01,0.000000000000000000e+00,-5.013643170209689665e-02,-4.447252183443233670e-02,-3.483575262067529349e-02,-1.299869541484709734e-01,0.000000000000000000e+00,-5.457355403855079778e-02,-1.345353399773413783e-01,-3.821570311665580671e-02,3.950188951590690584e-02,-1.016840296940469124e-01,0.000000000000000000e+00,-1.072920788218863219e-01,-3.103656299140810162e-02,0.000000000000000000e+00
0.000000000000000000e+00,-0.000000000000000000e+00,0.000000000000000000e+00,-9.196436999160925718e-02,0.000000000000000000e+00,-0.000000000000000000e+00,2.691152151373259888e-02,0.000000000000000000e+00,0.000000000000000000e+00,-0.000000000000000000e+00,0.000000000000000000e+00,-0.000000000000000000e+00,-0.000000000000000000e+00,0.000000000000000000e+00,-1.400295320373845243e-01,-7.080873062899600834e-02,0.000000000000000000e+00,1.551364166741474149e+00,-1.637436527845089196e-01,8.138307205974865122e-02,0.000000000000000000e+00,1.143325970035010200e-02,-8.806287605707822930e-02,0.000000000000000000e+00,-1.185818854894195029e-01,2.474905049715972472e-02,5.094703907382995556e-02,5.567133213311673684e-02,5.255693129995812202e-02,-0.000000000000000000e+00,9.425205248581633444e-02,0.000000000000000000e+00,7.014278812244294226e-02,-1.206499764204018721e-01,7.018255490328080548e-02,-0.000000000000000000e+00,2.949328416717509477e-02,1.322296600810437817e-01,-8.098585235849219133e-02
0.000000000000000000e+00,-1.337280703392915897e-03,0.000000000000000000e+00,-1.602559436635317240e-03,0.000000000000000000e+00,-0.000000000000000000e+00,4.136214276636243636e-02,0.000000000000000000e+00,1.945221883847382191e-02,-0.000000000000000000e+00,0.000000000000000000e+00,-0.000000000000000000e+00,-0.000000000000000000e+00,0.000000000000000000e+00,-1.537405487970153473e-01,-5.221404179340539964e-02,7.004284661318116965e-03,-1.637436527845089196e-01,1.580483311817474590e+00,8.114887085831508362e-02,0.000000000000000000e+00,3.535390365219857195e-02,-5.468107551556919410e-02,0.000000000000000000e+00,-9.708127922056890291e-02,4.194839476911922660e-02,7.119386192589237383e-02,6.871704304475698133e-02,6.869555135631515153e-02,-0.000000000000000000e+00,8.643450997669296920e-02,3.870122898775055914e-02,7.120087491060793361e-02,-1.176049309068098875e-01,7.623682123396711974e-02,-1.542045726843218126e-02,5.595053521216902803e-02,1.147580063807392275e-01,-0.000000000000000000e+00
-0.000000000000000000e+00,9.936599879532954926e-02,-4.021618055206069992e-02,0.000000000000000000e+00,-0.000000000000000000e+00,0.000000000000000000e+00,-1.075155142936517760e-01,-1.183916538835480536e-02,-8.234097513418121850e-02,-0.000000000000000000e+00,-1.444469354335083632e-02,0.000000000000000000e+00,0.000000000000000000e+00,-0.000000000000000000e+00,1.661909157755006930e-02,8.065168812136431402e-04,-1.819295894131549990e-02,8.138307205974865122e-02,8.114887085831508362e-02,1.622150537350978805e+00,-0.000000000000000000e+00,-9.447327261330681902e-02,3.792122049007567303e-02,-3.536651064598341637e-02,6.466655627740734713e-02,-8.930170815749860491e-02,-6.798908765263028675e-02,-1.067303330367266184e-01,-6.342650701379137779e-02,0.000000000000000000e+00,-7.308756110530678640e-02,-5.270579020293681555e-02,-9.877854073578788696e-02,7.302228159949777919e-02,-7.872689583336749120e-02,4.357312997679748529e-02,-6.797442396031350142e-02,-4.484193954552039008e-02,0.000000000000000000e+00
-1.597695068521848560e-01,0.000000000000000000e+00,-2.204411170033629963e-01,-0.000000000000000000e+00,-0.000000000000000000e+00,0.000000000000000000e+00,-1.999800468757111441e-02,-2.076406241103073980e-01,-6.433998895757891967e-02,-0.000000000000000000e+00,-0.000000000000000000e+00,2.742004508883568933e-02,-0.000000000000000000e+00,-0.000000000000000000e+00,0.000000000000000000e+00,0.000000000000000000e+00,-0.000000000000000000e+00,0.000000000000000000e+00,0.000000000000000000e+00,-0.000000000000000000e+00,1.202765998960891869e+00,-1.549069571594520640e-02,0.000000000000000000e+00,-7.768041156503074224e-03,0.000000000000000000e+00,-2.644249085749560829e-02,-0.000000000000000000e+00,-2.299710533844281229e-03,-0.000000000000000000e+00,0.000000000000000000e+00,-0.000000000000000000e+00,-0.000000000000000000e+00,-0.000000000000000000e+00,0.000000000000000000e+00,-0.000000000000000000e+00,0.000000000000000000e+00,-0.000000000000000000e+00,-0.000000000000000000e+00,0.000000000000000000e+00
-7.539712221995065189e-03,7.723803515391201857e-02,-6.551033287240698444e-02,0.000000000000000000e+00,-0.000000000000000000e+00,0.000000000000000000e+00,-1.147607445079728977e-01,-1.636866946088442187e-01,-7.720363553332272588e-02,-0.000000000000000000e+00,-0.000000000000000000e+00,0.000000000000000000e+00,-0.000000000000000000e+00,-0.000000000000000000e+00,0.000000000000000000e+00,7.567999192941446407e-03,-1.679517562204020653e-02,1.143325970035010200e-02,3.535390365219857195e-02,-9.447327261330681902e-02,-1.549069571594520640e-02,1.581612793747722234e+00,8.099487999057245619e-03,-4.419592832615950456e-02,6.374740870820466698e-02,-8.479904154277714823e-02,-9.996738799248176821e-02,-8.417242376597128262e-02,-4.430397348802567886e-02,0.000000000000000000e+00,-7.801306939569564725e-02,-6.803958856086546325e-02,-1.037146419404110093e-01,6.498874491848678769e-02,-6.251368031185890184e-02,3.086349688601559144e-02,-7.352162499151794484e-02,-0.000000000000000000e+00,0.000000000000000000e+00
0.000000000000000000e+00,-1.054304385423843193e-01,0.000000000000000000e+00,-6.490862272743702643e-03,0.000000000000000000e+00,-0.000000000000000000e+00,0.000000000000000000e+00,0.000000000000000000e+00,0.000000000000000000e+00,-0.000000000000000000e+00,0.000000000000000000e+00,-0.000000000000000000e+00,-0.000000000000000000e+00,0.000000000000000000e+00,-5.029918033243721553e-02,-1.731758438941124467e-01,0.000000000000000000e+00,-8.806287605707822930e-02,-5.468107551556919410e-02,3.792122049007567303e-02,0.000000000000000000e+00,8.099487999057245619e-03,1.282031982892197330e+00,0.000000000000000000e+00,-1.268445282766586801e-01,0.000000000000000000e+00,0.000000000000000000e+00,0.000000000000000000e+00,0.000000000000000000e+00,-1.208819697439537239e-01,7.926514824164043391e-03,0.000000000000000000e+00,2.090166402932741932e-02,-3.631039689036198032e-02,1.535059127668508307e-02,-7.104165014625278551e-02,0.000000000000000000e+00,0.000000000000000000e+00,-1.623184362048302742e-01
-7.710440299938810249e-02,0.000000000000000000e+00,-6.403400756827977436e-02,0.000000000000000000e+00,-4.444618961953404612e-02,0.000000000000000000e+00,-5.228571359355811687e-02,-0.000000000000000000e+00,-8.315617705822546391e-02,-0.000000000000000000e+00,-1.416999633761267252e-01,8.661759181629245796e-02,0.000000000000000000e+00,-7.699290824042707981e-02,0.000000000000000000e+00,0.000000000000000000e+00,-1.492400806630345966e-01,0.000000000000000000e+00,0.000000000000000000e+00,-3.536651064598341637e-02,-7.768041156503074224e-03,-4.419592832615950456e-02,0.000000000000000000e+00,1.557982646444811659e+00,0.000000000000000000e+00,-6.234163045530081992e-02,-4.828557153337969393e-02,-5.756861099568035683e-02,-9.813297951329419400e-02,0.000000000000000000e+00,-2.999235290964550465e-02,-1.227456330483494423e-01,-3.951070528409596910e-02,2.329825258053715847e-02,-7.717234364915774580e-02,0.000000000000000000e+00,-1.026347123598301131e-01,-2.505292706147523030e-02,0.000000000000000000e+00
0.000000000000000000e+00,-5.995868801473147602e-02,0.000000000000000000e+00,-0.000000000000000000e+00,0.000000000000000000e+00,-0.000000000000000000e+00,1.900979592486506248e-02,6.122688948094780030e-03,0.000000000000000000e+00,-0.000000000000000000e+00,0.000000000000000000e+00,-0.000000000000000000e+00,-0.000000000000000000e+00,0.000000000000000000e+00,-1.215333864331289149e-01,-1.951753037285621772e-01,0.000000000000000000e+00,-1.185818854894195029e-01,-9.708127922056890291e-02,6.466655627740734713e-02,0.000000000000000000e+00,6.374740870820466698e-02,-1.268445282766586801e-01,0.000000000000000000e+00,1.446296531483087344e+00,0.000000000000000000e+00,6.006767294465207435e-02,1.551463126414030953e-02,3.699382307369797774e-03,-1.172173241476310163e-01,7.077976431614388386e-02,5.970710965185892748e-03,4.576854415713626362e-02,-1.006794026355015415e-01,3.123064727629746781e-02,-2.568149226293659632e-02,1.794270185822641195e-02,0.000000000000000000e+00,-0.000000000000000000e+00
-1.081106498355876161e-01,9.512171898222204769e-03,-7.687387487893332372e-02,0.000000000000000000e+00,-1.702670967531641835e-02,0.000000000000000000e+00,-9.084691068369943334e-02,-1.374516289115805534e-02,-8.882079411868888663e-02,-0.000000000000000000e+00,-1.944632197855166453e-03,1.597985008018665623e-02,0.000000000000000000e+00,-4.554763484952719516e-02,0.000000000000000000e+00,0.000000000000000000e+00,-5.013643170209689665e-02,2.474905049715972472e-02,4.194839476911922660e-02,-8.930170815749860491e-02,-2.644249085749560829e-02,-8.479904154277714823e-02,0.000000000000000000e+00,-6.234163045530081992e-02,0.000000000000000000e+00,1.608318710638408477e+00,-8.626951811007860238e-02,-1.040822276634898874e-01,-8.103992334034308687e-02,0.000000000000000000e+00,-7.841739141117527734e-02,-6.714140245294727971e-02,-1.048600058702104654e-01,3.551225259905523013e-02,-7.715640683712550463e-02,0.000000000000000000e+00,-6.944164275175425394e-02,-6.795514943512896699e-02,0.000000000000000000e+00
-2.178811506349146235e-02,0.000000000000000000e+00,-4.645868783875228662e-03,0.000000000000000000e+00,-0.000000000000000000e+00,0.000000000000000000e+00,-7.220709751403235621e-02,-3.440610569729803808e-02,-7.417997518403127155e-02,-0.000000000000000000e+00,-3.390705791493035109e-02,0.000000000000000000e+00,0.000000000000000000e+00,-0.000000000000000000e+00,7.494444988007692432e-02,6.467928026993916175e-03,-4.447252183443233670e-02,5.094703907382995556e-02,7.119386192589237383e-02,-6.798908765263028675e-02,-0.000000000000000000e+00,-9.996738799248176821e-02,0.000000000000000000e+00,-4.828557153337969393e-02,6.006767294465207435e-02,-8.626951811007860238e-02,1.606500302439489491e+00,-6.882742183244965062e-02,-6.727348084671611050e-02,0.000000000000000000e+00,-1.105102015146476047e-01,-9.129686336418829651e-02,-9.395521495804431966e-02,8.237809582110035278e-02,-6.793717434782486908e-02,0.000000000000000000e+00,-8.338590875700815919e-02,-5.921318634827046207e-02,0.000000000000000000e+00
-5.934551162836054078e-02,7.904827128050673224e-02,-6.560611398550546258e-02,0.000000000000000000e+00,-0.000000000000000000e+00,0.000000000000000000e+00,-1.001353052772843838e-01,-1.325575638181877500e-02,-9.652300916834880007e-02,-0.000000000000000000e+00,-2.064228411360778323e-02,4.726766748006980268e-02,0.000000000000000000e+00,-0.000000000000000000e+00,0.000000000000000000e+00,0.000000000000000000e+00,-3.483575262067529349e-02,5.567133213311673684e-02,6.871704304475698133e-02,-1.067303330367266184e-01,-2.299710533844281229e-03,-8.417242376597128262e-02,0.000000000000000000e+00,-5.756861099568035683e-02,1.551463126414030953e-02,-1.040822276634898874e-01,-6.882742183244965062e-02,1.634998542550874623e+00,-7.444849838070724535e-02,0.000000000000000000e+00,-6.569828978669098318e-02,-6.481484716041101268e-02,-9.608324404529301754e-02,5.761822691505485983e-02,-7.982679334753811640e-02,3.604921345173130870e-02,-7.443666771241512492e-02,-4.790769124084517938e-02,0.000000000000000000e+00
-3.401486393326349361e-02,0.000000000000000000e+00,-0.000000000000000000e+00,0.000000000000000000e+00,-0.000000000000000000e+00,0.000000000000000000e+00,-5.772501517162120788e-02,-0.000000000000000000e+00,-6.414672283619150817e-02,-0.000000000000000000e+00,-1.070395816410182888e-01,2.817399391487051402e-02,0.000000000000000000e+00,-3.311136263155028958e-02,5.139900118722420808e-02,1.173600632885477002e-02,-1.299869541484709734e-01,5.255693129995812202e-02,6.869555135631515153e-02,-6.342650701379137779e-02,-0.000000000000000000e+00,-4.430397348802567886e-02,0.000000000000000000e+00,-9.813297951329419400e-02,3.699382307369797774e-03,-8.103992334034308687e-02,-6.727348084671611050e-02,-7.444849838070724535e-02,1.630854631831788915e+00,0.000000000000000000e+00,-7.707383646351481654e-02,-9.321291237131233698e-02,-7.120704902983317208e-02,6.568002894368893396e-02,-9.680359782155714687e-02,0.000000000000000000e+00,-8.779812653182900162e-02,-7.459050914387904685e-02,0.000000000000000000e+00
0.000000000000000000e+00,-0.000000000000000000e+00,0.000000000000000000e+00,-2.213509297105339113e-01,0.000000000000000000e+00,-0.000000000000000000e+00,0.000000000000000000e+00,0.000000000000000000e+00,0.000000000000000000e+00,-1.830703071378540596e-03,0.000000000000000000e+00,-0.000000000000000000e+00,-0.000000000000000000e+00,0.000000000000000000e+00,-5.874880583345130219e-02,-1.966768680473039432e-01,0.000000000000000000e+00,-0.000000000000000000e+00,-0.000000000000000000e+00,0.000000000000000000e+00,0.000000000000000000e+00,0.000000000000000000e+00,-1.208819697439537239e-01,0.000000000000000000e+00,-1.172173241476310163e-01,0.000000000000000000e+00,0.000000000000000000e+00,0.000000000000000000e+00,0.000000000000000000e+00,1.180240527023464603e+00,0.000000000000000000e+00,0.000000000000000000e+00,0.000000000000000000e+00,-0.000000000000000000e+00,0.000000000000000000e+00,-0.000000000000000000e+00,0.000000000000000000e+00,0.000000000000000000e+00,-2.147260268379838632e-02
-0.000000000000000000e+00,0.000000000000000000e+00,-0.000000000000000000e+00,0.000000000000000000e+00,-0.000000000000000000e+00,0.000000000000000000e+00,-6.435772986640685145e-02,-0.000000000000000000e+00,-4.114074384900426318e-02,-0.000000000000000000e+00,-4.011152664828764730e-02,0.000000000000000000e+00,0.000000000000000000e+00,-0.000000000000000000e+00,1.026361102737192166e-01,4.213147017488030194e-02,-5.457355403855079778e-02,9.425205248581633444e-02,8.643450997669296920e-02,-7.308756110530678640e-02,-0.000000000000000000e+00,-7.801306939569564725e-02,7.926514824164043391e-03,-2.999235290964550465e-02,7.077976431614388386e-02,-7.841739141117527734e-02,-1.105102015146476047e-01,-6.569828978669098318e-02,-7.707383646351481654e-02,0.000000000000000000e+00,1.624382410424769052e+00,-6.645626065615597988e-02,-9.746617906113808072e-02,8.605598324061523863e-02,-8.002946719886813720e-02,0.000000000000000000e+00,-7.027769961089541662e-02,-9.004228264539949900e-02,0.000000000000000000e+00
-2.738238972259583043e-02,0.000000000000000000e+00,-4.694480418203414440e-02,0.000000000000000000e+00,-0.000000000000000000e+00,0.000000000000000000e+00,-6.500279196924133029e-02,-4.430480250191064923e-02,-8.425625851231756391e-02,-0.000000000000000000e+00,-1.242154416626094077e-01,1.128300209640006012e-02,0.000000000000000000e+00,-1.083574865442685957e-03,2.705652492937494005e-02,2.978757458145539147e-03,-1.345353399773413783e-01,0.000000000000000000e+00,3.870122898775055914e-02,-5.270579020293681555e-02,-0.000000000000000000e+00,-6.803958856086546325e-02,0.000000000000000000e+00,-1.227456330483494423e-01,5.970710965185892748e-03,-6.714140245294727971e-02,-9.129686336418829651e-02,-6.481484716041101268e-02,-9.321291237131233698e-02,0.000000000000000000e+00,-6.645626065615597988e-02,1.606109280351088353e+00,-5.575959524679502399e-02,6.797867190264485215e-02,-8.224368984441822461e-02,0.000000000000000000e+00,-1.147571959936329877e-01,-1.672993327811447134e-02,0.000000000000000000e+00
-4.347659129222005564e-02,3.084730320193562053e-02,-3.271855764133999728e-02,0.000000000000000000e+00,-0.000000000000000000e+00,0.000000000000000000e+00,-9.121599595161725138e-02,-0.000000000000000000e+00,-6.353960328054490680e-02,-0.000000000000000000e+00,-1.020309868261766364e-03,0.000000000000000000e+00,0.000000000000000000e+00,-0.000000000000000000e+00,2.624196935008888190e-02,8.844459756223561897e-03,-3.821570311665580671e-02,7.014278812244294226e-02,7.120087491060793361e-02,-9.877854073578788696e-02,-0.000000000000000000e+00,-1.037146419404110093e-01,2.090166402932741932e-02,-3.951070528409596910e-02,4.576854415713626362e-02,-1.048600058702104654e-01,-9.395521495804431966e-02,-9.608324404529301754e-02,-7.120704902983317208e-02,0.000000000000000000e+00,-9.746617906113808072e-02,-5.575959524679502399e-02,1.610142910845624664e+00,6.095791797481853180e-02,-8.066999027769478081e-02,0.000000000000000000e+00,-6.947085136422100071e-02,-6.742376222562436461e-02,0.000000000000000000e+00
0.000000000000000000e+00,-2.407940745309779251e-02,0.000000000000000000e+00,-0.000000000000000000e+00,0.000000000000000000e+00,-0.000000000000000000e+00,5.903174033663744630e-02,0.000000000000000000e+00,1.910596443401996539e-02,-0.000000000000000000e+00,3.444406685079288988e-02,-0.000000000000000000e+00,-0.000000000000000000e+00,0.000000000000000000e+00,-1.372347444555713225e-01,-7.957262353826395629e-02,3.950188951590690584e-02,-1.206499764204018721e-01,-1.176049309068098875e-01,7.302228159949777919e-02,0.000000000000000000e+00,6.498874491848678769e-02,-3.631039689036198032e-02,2.329825258053715847e-02,-1.006794026355015415e-01,3.551225259905523013e-02,8.237809582110035278e-02,5.761822691505485983e-02,6.568002894368893396e-02,-0.000000000000000000e+00,8.605598324061523863e-02,6.797867190264485215e-02,6.095791797481853180e-02,1.614589708998842799e+00,7.437700209811569374e-02,-3.920846320108301725e-02,7.195652316207898358e-02,6.499428307089817614e-02,-0.000000000000000000e+00
-8.049300090289817841e-03,1.444570738310770562e-02,-0.000000000000000000e+00,0.000000000000000000e+00,-0.000000000000000000e+00,0.000000000000000000e+00,-7.450982940909628427e-02,-0.000000000000000000e+00,-6.014301349249801670e-02,-0.000000000000000000e+00,-8.928823483375160353e-02,1.503746297896840778e-02,0.000000000000000000e+00,-0.000000000000000000e+00,5.979054819532788473e-02,3.353911989773661340e-02,-1.016840296940469124e-01,7.018255490328080548e-02,7.623682123396711974e-02,-7.872689583336749120e-02,-0.000000000000000000e+00,-6.251368031185890184e-02,1.535059127668508307e-02,-7.717234364915774580e-02,3.123064727629746781e-02,-7.715640683712550463e-02,-6.793717434782486908e-02,-7.982679334753811640e-02,-9.680359782155714687e-02,0.000000000000000000e+00,-8.002946719886813720e-02,-8.224368984441822461e-02,-8.066999027769478081e-02,7.437700209811569374e-02,1.648007139175105440e+00,7.882642957945553211e-03,-8.550111272957774955e-02,-6.935731690836866026e-02,0.000000000000000000e+00
0.000000000000000000e+00,-2.128255433481450187e-01,0.000000000000000000e+00,-0.000000000000000000e+00,0.000000000000000000e+00,-0.000000000000000000e+00,6.188426710728031632e-02,0.000000000000000000e+00,0.000000000000000000e+00,-0.000000000000000000e+00,0.000000000000000000e+00,-6.180308964836198071e-02,-0.000000000000000000e+00,0.000000000000000000e+00,-0.000000000000000000e+00,-3.576617382713547649e-02,0.000000000000000000e+00,-0.000000000000000000e+00,-1.542045726843218126e-02,4.357312997679748529e-02,0.000000000000000000e+00,3.086349688601559144e-02,-7.104165014625278551e-02,0.000000000000000000e+00,-2.568149226293659632e-02,0.000000000000000000e+00,0.000000000000000000e+00,3.604921345173130870e-02,0.000000000000000000e+00,-0.000000000000000000e+00,0.000000000000000000e+00,0.000000000000000000e+00,0.000000000000000000e+00,-3.920846320108301725e-02,7.882642957945553211e-03,1.143587128487005167e+00,8.802445283540920665e-03,0.000000000000000000e+00,-0.000000000000000000e+00
-2.108606360074608346e-02,2.211352851563526400e-02,-3.461779065665658572e-02,0.000000000000000000e+00,-0.000000000000000000e+00,0.000000000000000000e+00,-7.514511976685508965e-02,-1.832641514466777991e-02,-8.132766457353000911e-02,-0.000000000000000000e+00,-1.049007981017403279e-01,1.911422109217250989e-02,0.000000000000000000e+00,-0.000000000000000000e+00,3.603367805531468987e-02,8.322040017100781895e-03,-1.072920788218863219e-01,2.949328416717509477e-02,5.595053521216902803e-02,-6.797442396031350142e-02,-0.000000000000000000e+00,-7.352162499151794484e-02,0.000000000000000000e+00,-1.026347123598301131e-01,1.794270185822641195e-02,-6.944164275175425394e-02,-8.338590875700815919e-02,-7.443666771241512492e-02,-8.779812653182900162e-02,0.000000000000000000e+00,-7.027769961089541662e-02,-1.147571959936329877e-01,-6.947085136422100071e-02,7.195652316207898358e-02,-8.550111272957774955e-02,8.802445283540920665e-03,1.637466407521625866e+00,-3.696825056737779169e-02,0.000000000000000000e+00
-5.192511594681890885e-02,0.000000000000000000e+00,-0.000000000000000000e+00,0.000000000000000000e+00,-0.000000000000000000e+00,0.000000000000000000e+00,-1.045423601440567674e-02,-0.000000000000000000e+00,-5.562230191078726405e-02,-0.000000000000000000e+00,-4.681779903721739605e-02,0.000000000000000000e+00,0.000000000000000000e+00,-3.258013789555368189e-02,1.210915786079901080e-01,0.000000000000000000e+00,-3.103656299140810162e-02,1.322296600810437817e-01,1.147580063807392275e-01,-4.484193954552039008e-02,-0.000000000000000000e+00,-0.000000000000000000e+00,0.000000000000000000e+00,-2.505292706147523030e-02,0.000000000000000000e+00,-6.795514943512896699e-02,-5.921318634827046207e-02,-4.790769124084517938e-02,-7.459050914387904685e-02,0.000000000000000000e+00,-9.004228264539949900e-02,-1.672993327811447134e-02,-6.742376222562436461e-02,6.499428307089817614e-02,-6.935731690836866026e-02,0.000000000000000000e+00,-3.696825056737779169e-02,1.438120019182508980e+00,0.000000000000000000e+00
0.000000000000000000e+00,-7.554062010472380184e-02,0.000000000000000000e+00,-6.470020617935447194e-02,0.000000000000000000e+00,-0.000000000000000000e+00,0.000000000000000000e+00,0.000000000000000000e+00,0.000000000000000000e+00,-0.000000000000000000e+00,0.000000000000000000e+00,-0.000000000000000000e+00,-0.000000000000000000e+00,0.000000000000000000e+00,-0.000000000000000000e+00,-8.935296260046696193e-02,0.000000000000000000e+00,-8.098585235849219133e-02,-0.000000000000000000e+00,0.000000000000000000e+00,0.000000000000000000e+00,0.000000000000000000e+00,-1.623184362048302742e-01,0.000000000000000000e+00,-0.000000000000000000e+00,0.000000000000000000e+00,0.000000000000000000e+00,0.000000000000000000e+00,0.000000000000000000e+00,-2.147260268379838632e-02,0.000000000000000000e+00,0.000000000000000000e+00,0.000000000000000000e+00,-0.000000000000000000e+00,0.000000000000000000e+00,-0.000000000000000000e+00,0.000000000000000000e+00,0.000000000000000000e+00,1.088402340764362153e+00
