2.685682221717284879e+00,-6.758146147729939823e-01,-0.000000000000000000e+00,0.000000000000000000e+00,-0.000000000000000000e+00,-0.000000000000000000e+00,-0.000000000000000000e+00,0.000000000000000000e+00,-2.493119288877926332e-01,-2.479121756184269332e-01,-0.000000000000000000e+00,-0.000000000000000000e+00,0.000000000000000000e+00,-2.464714170656132422e-02,-0.000000000000000000e+00,-2.433748848730585557e-01,-5.947827271232922902e-02,-0.000000000000000000e+00,-0.000000000000000000e+00,-0.000000000000000000e+00,-0.000000000000000000e+00,-0.000000000000000000e+00,-0.000000000000000000e+00,-0.000000000000000000e+00,-3.781459114651230385e-02,-2.920134710449440729e-01,-8.493726195118939115e-02,-0.000000000000000000e+00,-0.000000000000000000e+00,-1.996199450294099398e-01,-0.000000000000000000e+00,-1.311665162214420144e-01,-0.000000000000000000e+00,-0.000000000000000000e+00,-0.000000000000000000e+00,-0.000000000000000000e+00,-0.000000000000000000e+00,-3.773477928746383214e-01,-1.238794313594640401e-01
-6.758146147729939823e-01,2.226557700097680392e+00,-0.000000000000000000e+00,0.000000000000000000e+00,-0.000000000000000000e+00,-0.000000000000000000e+00,-0.000000000000000000e+00,0.000000000000000000e+00,-2.071209013491267237e-01,-2.381800101475918877e-02,-3.640684322039545312e-02,-0.000000000000000000e+00,0.000000000000000000e+00,-0.000000000000000000e+00,-0.000000000000000000e+00,-4.732863103558455214e-02,-0.000000000000000000e+00,-0.000000000000000000e+00,-0.000000000000000000e+00,0.000000000000000000e+00,-0.000000000000000000e+00,-0.000000000000000000e+00,-1.453607914491465702e-01,-0.000000000000000000e+00,-1.595727693510710088e-01,-0.000000000000000000e+00,-6.854490484198548506e-02,-0.000000000000000000e+00,-0.000000000000000000e+00,-2.490081562879455646e-01,-5.599483764354779014e-02,-1.718881562086473358e-01,-0.000000000000000000e+00,-0.000000000000000000e+00,-0.000000000000000000e+00,-0.000000000000000000e+00,-0.000000000000000000e+00,-8.430739734482410597e-02,-2.297405437615138990e-01
-0.000000000000000000e+00,-0.000000000000000000e+00,2.062137458329952544e+00,0.000000000000000000e+00,-7.224573041068396706e-02,0.000000000000000000e+00,-0.000000000000000000e+00,7.189970973496462303e-01,-0.000000000000000000e+00,-0.000000000000000000e+00,0.000000000000000000e+00,-0.000000000000000000e+00,-0.000000000000000000e+00,-0.000000000000000000e+00,-0.000000000000000000e+00,-0.000000000000000000e+00,-0.000000000000000000e+00,-0.000000000000000000e+00,-0.000000000000000000e+00,0.000000000000000000e+00,0.000000000000000000e+00,-0.000000000000000000e+00,-0.000000000000000000e+00,-0.000000000000000000e+00,-0.000000000000000000e+00,-0.000000000000000000e+00,-0.000000000000000000e+00,-4.766646471906029747e-01,0.000000000000000000e+00,-0.000000000000000000e+00,-2.830780847659964961e-01,0.000000000000000000e+00,-1.698102529994354945e-02,-6.792854236443852944e-02,-0.000000000000000000e+00,-2.288135230678784993e-01,0.000000000000000000e+00,-0.000000000000000000e+00,-0.000000000000000000e+00
0.000000000000000000e+00,0.000000000000000000e+00,0.000000000000000000e+00,1.034409283019659176e+00,-0.000000000000000000e+00,0.000000000000000000e+00,-0.000000000000000000e+00,-0.000000000000000000e+00,0.000000000000000000e+00,-0.000000000000000000e+00,0.000000000000000000e+00,-0.000000000000000000e+00,0.000000000000000000e+00,0.000000000000000000e+00,0.000000000000000000e+00,0.000000000000000000e+00,-0.000000000000000000e+00,-1.362809473469177302e-01,-0.000000000000000000e+00,-8.040065910560470486e-02,-0.000000000000000000e+00,-0.000000000000000000e+00,0.000000000000000000e+00,0.000000000000000000e+00,0.000000000000000000e+00,0.000000000000000000e+00,0.000000000000000000e+00,0.000000000000000000e+00,-0.000000000000000000e+00,0.000000000000000000e+00,0.000000000000000000e+00,-0.000000000000000000e+00,-0.000000000000000000e+00,0.000000000000000000e+00,-0.000000000000000000e+00,0.000000000000000000e+00,0.000000000000000000e+00,0.000000000000000000e+00,0.000000000000000000e+00
-0.000000000000000000e+00,-0.000000000000000000e+00,-7.224573041068396706e-02,-0.000000000000000000e+00,2.016091824731514937e+00,0.000000000000000000e+00,-8.481950985303965407e-02,3.618601469229499878e-01,-0.000000000000000000e+00,-0.000000000000000000e+00,-0.000000000000000000e+00,-0.000000000000000000e+00,0.000000000000000000e+00,-2.345052984330055490e-01,-0.000000000000000000e+00,-0.000000000000000000e+00,-0.000000000000000000e+00,-0.000000000000000000e+00,-3.721230194290978122e-01,0.000000000000000000e+00,-0.000000000000000000e+00,-0.000000000000000000e+00,-0.000000000000000000e+00,-0.000000000000000000e+00,-0.000000000000000000e+00,-0.000000000000000000e+00,-0.000000000000000000e+00,-1.439334341020465646e-01,-0.000000000000000000e+00,-0.000000000000000000e+00,-0.000000000000000000e+00,-0.000000000000000000e+00,-0.000000000000000000e+00,-5.770666376791321328e-01,-0.000000000000000000e+00,-1.061063344110373639e-02,0.000000000000000000e+00,-0.000000000000000000e+00,-0.000000000000000000e+00
-0.000000000000000000e+00,-0.000000000000000000e+00,0.000000000000000000e+00,0.000000000000000000e+00,0.000000000000000000e+00,2.022091637079027393e+00,-0.000000000000000000e+00,0.000000000000000000e+00,-0.000000000000000000e+00,-0.000000000000000000e+00,-5.096884632933127435e-01,2.491284490616752292e-02,0.000000000000000000e+00,-0.000000000000000000e+00,0.000000000000000000e+00,0.000000000000000000e+00,-2.361346320715054514e-01,0.000000000000000000e+00,-0.000000000000000000e+00,-0.000000000000000000e+00,-1.640566782667066681e-01,-0.000000000000000000e+00,-0.000000000000000000e+00,-3.390789432163541783e-01,-0.000000000000000000e+00,-0.000000000000000000e+00,-0.000000000000000000e+00,-0.000000000000000000e+00,-0.000000000000000000e+00,-0.000000000000000000e+00,-0.000000000000000000e+00,-2.853639771294571026e-01,-0.000000000000000000e+00,0.000000000000000000e+00,-4.253946860115179751e-01,-0.000000000000000000e+00,-1.571939872385969689e-02,-0.000000000000000000e+00,0.000000000000000000e+00
-0.000000000000000000e+00,-0.000000000000000000e+00,-0.000000000000000000e+00,-0.000000000000000000e+00,-8.481950985303965407e-02,-0.000000000000000000e+00,2.111126506764089417e+00,0.000000000000000000e+00,-0.000000000000000000e+00,-0.000000000000000000e+00,-0.000000000000000000e+00,-0.000000000000000000e+00,3.449396964378528829e-01,-6.230533660775531418e-02,-0.000000000000000000e+00,-0.000000000000000000e+00,-1.319681821766896523e-01,-1.467300729199545184e-01,-4.763925843371071833e-01,-3.804337638430626417e-02,-2.257832668732045744e-01,-1.279734043602983318e-01,-0.000000000000000000e+00,-0.000000000000000000e+00,-0.000000000000000000e+00,-0.000000000000000000e+00,-0.000000000000000000e+00,-0.000000000000000000e+00,-2.389519959547925232e-01,-0.000000000000000000e+00,-0.000000000000000000e+00,-0.000000000000000000e+00,-2.143719890742133982e-01,-1.087996105338224495e-01,-0.000000000000000000e+00,-0.000000000000000000e+00,0.000000000000000000e+00,-0.000000000000000000e+00,-0.000000000000000000e+00
0.000000000000000000e+00,0.000000000000000000e+00,7.189970973496462303e-01,-0.000000000000000000e+00,3.618601469229499878e-01,0.000000000000000000e+00,0.000000000000000000e+00,2.346574768863523008e+00,0.000000000000000000e+00,0.000000000000000000e+00,0.000000000000000000e+00,0.000000000000000000e+00,-0.000000000000000000e+00,2.085160548550751558e-01,0.000000000000000000e+00,0.000000000000000000e+00,0.000000000000000000e+00,0.000000000000000000e+00,0.000000000000000000e+00,-0.000000000000000000e+00,0.000000000000000000e+00,0.000000000000000000e+00,5.454896204671216137e-02,2.741474076439073468e-02,0.000000000000000000e+00,0.000000000000000000e+00,0.000000000000000000e+00,5.108997803123281889e-01,0.000000000000000000e+00,0.000000000000000000e+00,2.288999766103787525e-01,0.000000000000000000e+00,2.176043713329976759e-02,1.646933144037968644e-01,0.000000000000000000e+00,7.893650654138131134e-03,0.000000000000000000e+00,0.000000000000000000e+00,0.000000000000000000e+00
-2.493119288877926332e-01,-2.071209013491267237e-01,-0.000000000000000000e+00,0.000000000000000000e+00,-0.000000000000000000e+00,-0.000000000000000000e+00,-0.000000000000000000e+00,0.000000000000000000e+00,2.572220824397892791e+00,-2.029446803039419156e-01,-0.000000000000000000e+00,-0.000000000000000000e+00,0.000000000000000000e+00,-9.854293510782578813e-02,-0.000000000000000000e+00,-1.307498123640928045e-01,-0.000000000000000000e+00,-0.000000000000000000e+00,-0.000000000000000000e+00,-0.000000000000000000e+00,-0.000000000000000000e+00,-0.000000000000000000e+00,-8.378579704367086767e-02,-0.000000000000000000e+00,-1.336427458517689959e-01,-2.392607734961900157e-01,-4.736449470235092052e-02,-0.000000000000000000e+00,-0.000000000000000000e+00,-3.763010908502414931e-01,-0.000000000000000000e+00,-2.684415982824297012e-02,-0.000000000000000000e+00,-1.379609466647711835e-01,-0.000000000000000000e+00,-0.000000000000000000e+00,0.000000000000000000e+00,-3.895807903122963656e-01,-2.818253596688325424e-01
-2.479121756184269332e-01,-2.381800101475918877e-02,-0.000000000000000000e+00,-0.000000000000000000e+00,-0.000000000000000000e+00,-0.000000000000000000e+00,-0.000000000000000000e+00,0.000000000000000000e+00,-2.029446803039419156e-01,2.562830193329550976e+00,-0.000000000000000000e+00,-1.715778024569736826e-01,0.000000000000000000e+00,-1.373257333680045766e-01,-0.000000000000000000e+00,-5.734955659929612537e-01,-0.000000000000000000e+00,-1.777410663858266515e-01,-0.000000000000000000e+00,-0.000000000000000000e+00,-0.000000000000000000e+00,-4.589899009505742696e-04,-0.000000000000000000e+00,-0.000000000000000000e+00,-9.458459948750203017e-02,-5.580442854251578544e-02,-0.000000000000000000e+00,-0.000000000000000000e+00,-1.420567309568616099e-01,-2.731221339734775100e-01,-0.000000000000000000e+00,-0.000000000000000000e+00,-0.000000000000000000e+00,-1.489543760449953680e-01,0.000000000000000000e+00,-9.382866897165505204e-03,0.000000000000000000e+00,-1.486578024272338927e-01,-2.518671213671348497e-01
-0.000000000000000000e+00,-3.640684322039545312e-02,0.000000000000000000e+00,0.000000000000000000e+00,-0.000000000000000000e+00,-5.096884632933127435e-01,-0.000000000000000000e+00,0.000000000000000000e+00,-0.000000000000000000e+00,-0.000000000000000000e+00,1.766801296562754198e+00,1.015672411516064660e-01,0.000000000000000000e+00,-0.000000000000000000e+00,5.829268029392083855e-02,-0.000000000000000000e+00,-2.627745263813035526e-01,0.000000000000000000e+00,0.000000000000000000e+00,0.000000000000000000e+00,-0.000000000000000000e+00,0.000000000000000000e+00,-0.000000000000000000e+00,-4.355755341382647194e-01,-0.000000000000000000e+00,-0.000000000000000000e+00,-0.000000000000000000e+00,-0.000000000000000000e+00,-0.000000000000000000e+00,-0.000000000000000000e+00,-0.000000000000000000e+00,-7.205145366167560461e-02,-0.000000000000000000e+00,0.000000000000000000e+00,-0.000000000000000000e+00,0.000000000000000000e+00,-2.754629191836276414e-01,-0.000000000000000000e+00,-0.000000000000000000e+00
-0.000000000000000000e+00,-0.000000000000000000e+00,-0.000000000000000000e+00,-0.000000000000000000e+00,-0.000000000000000000e+00,2.491284490616752292e-02,-0.000000000000000000e+00,0.000000000000000000e+00,-0.000000000000000000e+00,-1.715778024569736826e-01,1.015672411516064660e-01,2.151557107509396438e+00,0.000000000000000000e+00,-0.000000000000000000e+00,-7.546050104117038027e-01,-1.621848541225389684e-01,0.000000000000000000e+00,-3.627139738966163041e-01,-0.000000000000000000e+00,-0.000000000000000000e+00,0.000000000000000000e+00,-4.518796300610868760e-02,0.000000000000000000e+00,0.000000000000000000e+00,-0.000000000000000000e+00,-0.000000000000000000e+00,-0.000000000000000000e+00,-0.000000000000000000e+00,-0.000000000000000000e+00,-0.000000000000000000e+00,-0.000000000000000000e+00,-0.000000000000000000e+00,-0.000000000000000000e+00,-2.208880856603038234e-01,0.000000000000000000e+00,-6.540781694233693822e-02,2.462048670572813680e-01,-0.000000000000000000e+00,-1.976718179945398390e-01
0.000000000000000000e+00,0.000000000000000000e+00,-0.000000000000000000e+00,0.000000000000000000e+00,0.000000000000000000e+00,0.000000000000000000e+00,3.449396964378528829e-01,-0.000000000000000000e+00,0.000000000000000000e+00,0.000000000000000000e+00,0.000000000000000000e+00,0.000000000000000000e+00,1.451635416073962848e+00,0.000000000000000000e+00,0.000000000000000000e+00,0.000000000000000000e+00,0.000000000000000000e+00,0.000000000000000000e+00,1.037984808514272050e-01,0.000000000000000000e+00,3.401627939037848991e-01,0.000000000000000000e+00,-0.000000000000000000e+00,0.000000000000000000e+00,0.000000000000000000e+00,0.000000000000000000e+00,-0.000000000000000000e+00,0.000000000000000000e+00,2.099509779449481028e-01,0.000000000000000000e+00,-0.000000000000000000e+00,0.000000000000000000e+00,0.000000000000000000e+00,0.000000000000000000e+00,0.000000000000000000e+00,0.000000000000000000e+00,-1.096840544870061052e-01,0.000000000000000000e+00,0.000000000000000000e+00
-2.464714170656132422e-02,-0.000000000000000000e+00,-0.000000000000000000e+00,0.000000000000000000e+00,-2.345052984330055490e-01,-0.000000000000000000e+00,-6.230533660775531418e-02,2.085160548550751558e-01,-9.854293510782578813e-02,-1.373257333680045766e-01,-0.000000000000000000e+00,-0.000000000000000000e+00,0.000000000000000000e+00,2.081263237201978811e+00,-0.000000000000000000e+00,-9.018398975314134702e-02,-3.503105824293458181e-01,-0.000000000000000000e+00,-9.000050347131033357e-02,-0.000000000000000000e+00,-0.000000000000000000e+00,-0.000000000000000000e+00,-0.000000000000000000e+00,-4.094249279982573042e-02,-6.704113939264674804e-02,-1.032969199853510378e-01,-0.000000000000000000e+00,-1.383672983524212863e-01,-8.701494254393356276e-02,-0.000000000000000000e+00,-0.000000000000000000e+00,-6.571597015408940645e-02,-2.171986661616571723e-01,-5.805710479539778063e-02,-0.000000000000000000e+00,-7.723600550842364687e-02,-0.000000000000000000e+00,-2.615801017856100863e-02,-0.000000000000000000e+00
-0.000000000000000000e+00,-0.000000000000000000e+00,-0.000000000000000000e+00,0.000000000000000000e+00,-0.000000000000000000e+00,0.000000000000000000e+00,-0.000000000000000000e+00,0.000000000000000000e+00,-0.000000000000000000e+00,-0.000000000000000000e+00,5.829268029392083855e-02,-7.546050104117038027e-01,0.000000000000000000e+00,-0.000000000000000000e+00,2.174306491538330111e+00,-0.000000000000000000e+00,-0.000000000000000000e+00,-2.056870593505516764e-01,-4.130852084232621013e-02,-2.041485590882685108e-01,-0.000000000000000000e+00,-1.436329350370523505e-01,-0.000000000000000000e+00,0.000000000000000000e+00,-0.000000000000000000e+00,-0.000000000000000000e+00,-0.000000000000000000e+00,-0.000000000000000000e+00,-0.000000000000000000e+00,-0.000000000000000000e+00,0.000000000000000000e+00,-0.000000000000000000e+00,-2.403149527878286895e-01,-8.111208905227400290e-02,0.000000000000000000e+00,-1.471666140386924670e-01,2.514103895830619995e-01,-2.889784918718399376e-01,-0.000000000000000000e+00
-2.433748848730585557e-01,-4.732863103558455214e-02,-0.000000000000000000e+00,0.000000000000000000e+00,-0.000000000000000000e+00,0.000000000000000000e+00,-0.000000000000000000e+00,0.000000000000000000e+00,-1.307498123640928045e-01,-5.734955659929612537e-01,-0.000000000000000000e+00,-1.621848541225389684e-01,0.000000000000000000e+00,-9.018398975314134702e-02,-0.000000000000000000e+00,2.387591959495017679e+00,-0.000000000000000000e+00,-0.000000000000000000e+00,-0.000000000000000000e+00,-0.000000000000000000e+00,-0.000000000000000000e+00,-0.000000000000000000e+00,-0.000000000000000000e+00,-0.000000000000000000e+00,-1.751920809845544935e-01,-0.000000000000000000e+00,-0.000000000000000000e+00,-0.000000000000000000e+00,-0.000000000000000000e+00,-1.626589806994601928e-01,-0.000000000000000000e+00,-0.000000000000000000e+00,-0.000000000000000000e+00,-2.966105983407216762e-01,0.000000000000000000e+00,-1.473530599789160123e-01,0.000000000000000000e+00,-1.664957034314127338e-01,-1.913106179502311599e-01
-5.947827271232922902e-02,-0.000000000000000000e+00,-0.000000000000000000e+00,-0.000000000000000000e+00,-0.000000000000000000e+00,-2.361346320715054514e-01,-1.319681821766896523e-01,0.000000000000000000e+00,-0.000000000000000000e+00,-0.000000000000000000e+00,-2.627745263813035526e-01,0.000000000000000000e+00,0.000000000000000000e+00,-3.503105824293458181e-01,-0.000000000000000000e+00,-0.000000000000000000e+00,2.523964835556499420e+00,-0.000000000000000000e+00,-0.000000000000000000e+00,-0.000000000000000000e+00,-4.397897134449486600e-01,-0.000000000000000000e+00,-0.000000000000000000e+00,-3.661297928643519328e-01,-9.251650438224817696e-03,-0.000000000000000000e+00,-0.000000000000000000e+00,-0.000000000000000000e+00,-3.876503439772284176e-01,-0.000000000000000000e+00,-0.000000000000000000e+00,-5.371290101069434719e-01,-0.000000000000000000e+00,-0.000000000000000000e+00,-0.000000000000000000e+00,-0.000000000000000000e+00,-0.000000000000000000e+00,-0.000000000000000000e+00,-0.000000000000000000e+00
-0.000000000000000000e+00,-0.000000000000000000e+00,-0.000000000000000000e+00,-1.362809473469177302e-01,-0.000000000000000000e+00,0.000000000000000000e+00,-1.467300729199545184e-01,0.000000000000000000e+00,-0.000000000000000000e+00,-1.777410663858266515e-01,0.000000000000000000e+00,-3.627139738966163041e-01,0.000000000000000000e+00,-0.000000000000000000e+00,-2.056870593505516764e-01,-0.000000000000000000e+00,-0.000000000000000000e+00,2.161837427924698130e+00,-6.366879052543800155e-01,-3.014209920670518073e-01,-0.000000000000000000e+00,-2.466562235853828611e-01,-0.000000000000000000e+00,0.000000000000000000e+00,-0.000000000000000000e+00,-0.000000000000000000e+00,-0.000000000000000000e+00,-0.000000000000000000e+00,-7.382249177965467812e-02,-0.000000000000000000e+00,0.000000000000000000e+00,-0.000000000000000000e+00,-0.000000000000000000e+00,-0.000000000000000000e+00,0.000000000000000000e+00,-0.000000000000000000e+00,0.000000000000000000e+00,-0.000000000000000000e+00,-0.000000000000000000e+00
-0.000000000000000000e+00,-0.000000000000000000e+00,-0.000000000000000000e+00,-0.000000000000000000e+00,-3.721230194290978122e-01,-0.000000000000000000e+00,-4.763925843371071833e-01,0.000000000000000000e+00,-0.000000000000000000e+00,-0.000000000000000000e+00,0.000000000000000000e+00,-0.000000000000000000e+00,1.037984808514272050e-01,-9.000050347131033357e-02,-4.130852084232621013e-02,-0.000000000000000000e+00,-0.000000000000000000e+00,-6.366879052543800155e-01,2.055879185507869966e+00,-0.000000000000000000e+00,-0.000000000000000000e+00,-0.000000000000000000e+00,-0.000000000000000000e+00,-0.000000000000000000e+00,-0.000000000000000000e+00,-0.000000000000000000e+00,-0.000000000000000000e+00,-0.000000000000000000e+00,-5.757066613287702139e-02,-0.000000000000000000e+00,-0.000000000000000000e+00,-0.000000000000000000e+00,-1.370752965925452482e-01,-4.351639877239371623e-02,-0.000000000000000000e+00,-0.000000000000000000e+00,0.000000000000000000e+00,-0.000000000000000000e+00,-0.000000000000000000e+00
-0.000000000000000000e+00,0.000000000000000000e+00,0.000000000000000000e+00,-8.040065910560470486e-02,0.000000000000000000e+00,-0.000000000000000000e+00,-3.804337638430626417e-02,-0.000000000000000000e+00,-0.000000000000000000e+00,-0.000000000000000000e+00,0.000000000000000000e+00,-0.000000000000000000e+00,0.000000000000000000e+00,-0.000000000000000000e+00,-2.041485590882685108e-01,-0.000000000000000000e+00,-0.000000000000000000e+00,-3.014209920670518073e-01,-0.000000000000000000e+00,1.565895391843534101e+00,-0.000000000000000000e+00,-4.195412039215433153e-01,0.000000000000000000e+00,0.000000000000000000e+00,0.000000000000000000e+00,-0.000000000000000000e+00,0.000000000000000000e+00,0.000000000000000000e+00,-2.355760414820410598e-01,-0.000000000000000000e+00,0.000000000000000000e+00,-0.000000000000000000e+00,-0.000000000000000000e+00,-0.000000000000000000e+00,-0.000000000000000000e+00,-0.000000000000000000e+00,0.000000000000000000e+00,-0.000000000000000000e+00,-0.000000000000000000e+00
-0.000000000000000000e+00,-0.000000000000000000e+00,0.000000000000000000e+00,-0.000000000000000000e+00,-0.000000000000000000e+00,-1.640566782667066681e-01,-2.257832668732045744e-01,0.000000000000000000e+00,-0.000000000000000000e+00,-0.000000000000000000e+00,-0.000000000000000000e+00,0.000000000000000000e+00,3.401627939037848991e-01,-0.000000000000000000e+00,-0.000000000000000000e+00,-0.000000000000000000e+00,-4.397897134449486600e-01,-0.000000000000000000e+00,-0.000000000000000000e+00,-0.000000000000000000e+00,1.790040268158846537e+00,-0.000000000000000000e+00,0.000000000000000000e+00,-0.000000000000000000e+00,-0.000000000000000000e+00,-0.000000000000000000e+00,0.000000000000000000e+00,-0.000000000000000000e+00,-2.553318739429267237e-01,0.000000000000000000e+00,0.000000000000000000e+00,-1.662148106515556056e-01,-0.000000000000000000e+00,-0.000000000000000000e+00,-0.000000000000000000e+00,-0.000000000000000000e+00,-0.000000000000000000e+00,-0.000000000000000000e+00,0.000000000000000000e+00
-0.000000000000000000e+00,-0.000000000000000000e+00,-0.000000000000000000e+00,-0.000000000000000000e+00,-0.000000000000000000e+00,-0.000000000000000000e+00,-1.279734043602983318e-01,0.000000000000000000e+00,-0.000000000000000000e+00,-4.589899009505742696e-04,0.000000000000000000e+00,-4.518796300610868760e-02,0.000000000000000000e+00,-0.000000000000000000e+00,-1.436329350370523505e-01,-0.000000000000000000e+00,-0.000000000000000000e+00,-2.466562235853828611e-01,-0.000000000000000000e+00,-4.195412039215433153e-01,-0.000000000000000000e+00,1.724352786881479194e+00,0.000000000000000000e+00,0.000000000000000000e+00,-0.000000000000000000e+00,-0.000000000000000000e+00,-0.000000000000000000e+00,-0.000000000000000000e+00,-7.036119422835485082e-02,-0.000000000000000000e+00,-0.000000000000000000e+00,-0.000000000000000000e+00,-4.345498261696636999e-01,-0.000000000000000000e+00,-0.000000000000000000e+00,-0.000000000000000000e+00,0.000000000000000000e+00,-0.000000000000000000e+00,-0.000000000000000000e+00
-0.000000000000000000e+00,-1.453607914491465702e-01,-0.000000000000000000e+00,0.000000000000000000e+00,-0.000000000000000000e+00,-0.000000000000000000e+00,-0.000000000000000000e+00,5.454896204671216137e-02,-8.378579704367086767e-02,-0.000000000000000000e+00,-0.000000000000000000e+00,0.000000000000000000e+00,-0.000000000000000000e+00,-0.000000000000000000e+00,-0.000000000000000000e+00,-0.000000000000000000e+00,-0.000000000000000000e+00,-0.000000000000000000e+00,-0.000000000000000000e+00,0.000000000000000000e+00,0.000000000000000000e+00,0.000000000000000000e+00,1.896788637998948035e+00,-6.325534802359550346e-02,-8.275100480755195331e-01,-1.733984964978860580e-02,-0.000000000000000000e+00,-1.615432724033069589e-01,-0.000000000000000000e+00,-1.699892211320717106e-01,-1.300491102875916127e-01,-0.000000000000000000e+00,-0.000000000000000000e+00,-0.000000000000000000e+00,-0.000000000000000000e+00,-0.000000000000000000e+00,-0.000000000000000000e+00,-0.000000000000000000e+00,-0.000000000000000000e+00
-0.000000000000000000e+00,-0.000000000000000000e+00,-0.000000000000000000e+00,0.000000000000000000e+00,-0.000000000000000000e+00,-3.390789432163541783e-01,-0.000000000000000000e+00,2.741474076439073468e-02,-0.000000000000000000e+00,-0.000000000000000000e+00,-4.355755341382647194e-01,0.000000000000000000e+00,0.000000000000000000e+00,-4.094249279982573042e-02,0.000000000000000000e+00,-0.000000000000000000e+00,-3.661297928643519328e-01,0.000000000000000000e+00,-0.000000000000000000e+00,0.000000000000000000e+00,-0.000000000000000000e+00,0.000000000000000000e+00,-6.325534802359550346e-02,1.822133575546670992e+00,-2.598114142071077451e-02,-0.000000000000000000e+00,-0.000000000000000000e+00,-0.000000000000000000e+00,-0.000000000000000000e+00,-0.000000000000000000e+00,-0.000000000000000000e+00,-0.000000000000000000e+00,-0.000000000000000000e+00,-0.000000000000000000e+00,-3.664896626200280783e-01,-0.000000000000000000e+00,-2.693481380567404153e-03,-0.000000000000000000e+00,0.000000000000000000e+00
-3.781459114651230385e-02,-1.595727693510710088e-01,-0.000000000000000000e+00,0.000000000000000000e+00,-0.000000000000000000e+00,-0.000000000000000000e+00,-0.000000000000000000e+00,0.000000000000000000e+00,-1.336427458517689959e-01,-9.458459948750203017e-02,-0.000000000000000000e+00,-0.000000000000000000e+00,0.000000000000000000e+00,-6.704113939264674804e-02,-0.000000000000000000e+00,-1.751920809845544935e-01,-9.251650438224817696e-03,-0.000000000000000000e+00,-0.000000000000000000e+00,0.000000000000000000e+00,-0.000000000000000000e+00,-0.000000000000000000e+00,-8.275100480755195331e-01,-2.598114142071077451e-02,2.153084558059986442e+00,-0.000000000000000000e+00,-1.278037284625564429e-01,-9.589171789067635343e-02,-0.000000000000000000e+00,-1.934419295576053632e-01,-0.000000000000000000e+00,-0.000000000000000000e+00,-0.000000000000000000e+00,-0.000000000000000000e+00,-0.000000000000000000e+00,-1.539930053634359086e-01,-0.000000000000000000e+00,-0.000000000000000000e+00,-0.000000000000000000e+00
-2.920134710449440729e-01,-0.000000000000000000e+00,-0.000000000000000000e+00,0.000000000000000000e+00,-0.000000000000000000e+00,-0.000000000000000000e+00,-0.000000000000000000e+00,0.000000000000000000e+00,-2.392607734961900157e-01,-5.580442854251578544e-02,-0.000000000000000000e+00,-0.000000000000000000e+00,0.000000000000000000e+00,-1.032969199853510378e-01,-0.000000000000000000e+00,-0.000000000000000000e+00,-0.000000000000000000e+00,-0.000000000000000000e+00,-0.000000000000000000e+00,-0.000000000000000000e+00,-0.000000000000000000e+00,-0.000000000000000000e+00,-1.733984964978860580e-02,-0.000000000000000000e+00,-0.000000000000000000e+00,2.293933325581952065e+00,-3.854341014598531290e-01,-3.946533218195759085e-01,-0.000000000000000000e+00,-1.871413448186377837e-01,-0.000000000000000000e+00,-0.000000000000000000e+00,-9.546946779517646864e-02,-0.000000000000000000e+00,-0.000000000000000000e+00,-0.000000000000000000e+00,0.000000000000000000e+00,-4.740252368846012421e-01,-0.000000000000000000e+00
-8.493726195118939115e-02,-6.854490484198548506e-02,-0.000000000000000000e+00,0.000000000000000000e+00,-0.000000000000000000e+00,-0.000000000000000000e+00,-0.000000000000000000e+00,0.000000000000000000e+00,-4.736449470235092052e-02,-0.000000000000000000e+00,-0.000000000000000000e+00,-0.000000000000000000e+00,-0.000000000000000000e+00,-0.000000000000000000e+00,-0.000000000000000000e+00,-0.000000000000000000e+00,-0.000000000000000000e+00,-0.000000000000000000e+00,-0.000000000000000000e+00,0.000000000000000000e+00,0.000000000000000000e+00,-0.000000000000000000e+00,-0.000000000000000000e+00,-0.000000000000000000e+00,-1.278037284625564429e-01,-3.854341014598531290e-01,1.884479320352571374e+00,-0.000000000000000000e+00,-0.000000000000000000e+00,-2.169957390653385332e-01,-4.312580515179325613e-01,-0.000000000000000000e+00,-0.000000000000000000e+00,-0.000000000000000000e+00,-0.000000000000000000e+00,-0.000000000000000000e+00,-0.000000000000000000e+00,-0.000000000000000000e+00,-3.173565263730208086e-01
-0.000000000000000000e+00,-0.000000000000000000e+00,-4.766646471906029747e-01,0.000000000000000000e+00,-1.439334341020465646e-01,-0.000000000000000000e+00,-0.000000000000000000e+00,5.108997803123281889e-01,-0.000000000000000000e+00,-0.000000000000000000e+00,-0.000000000000000000e+00,-0.000000000000000000e+00,0.000000000000000000e+00,-1.383672983524212863e-01,-0.000000000000000000e+00,-0.000000000000000000e+00,-0.000000000000000000e+00,-0.000000000000000000e+00,-0.000000000000000000e+00,0.000000000000000000e+00,-0.000000000000000000e+00,-0.000000000000000000e+00,-1.615432724033069589e-01,-0.000000000000000000e+00,-9.589171789067635343e-02,-3.946533218195759085e-01,-0.000000000000000000e+00,2.486246095625327612e+00,-0.000000000000000000e+00,-0.000000000000000000e+00,-2.292081769918828948e-01,-0.000000000000000000e+00,-1.848255928523332425e-01,-2.868350915457297812e-01,-0.000000000000000000e+00,-0.000000000000000000e+00,-0.000000000000000000e+00,-0.000000000000000000e+00,-0.000000000000000000e+00
-0.000000000000000000e+00,-0.000000000000000000e+00,0.000000000000000000e+00,-0.000000000000000000e+00,-0.000000000000000000e+00,-0.000000000000000000e+00,-2.389519959547925232e-01,0.000000000000000000e+00,-0.000000000000000000e+00,-1.420567309568616099e-01,-0.000000000000000000e+00,-0.000000000000000000e+00,2.099509779449481028e-01,-8.701494254393356276e-02,-0.000000000000000000e+00,-0.000000000000000000e+00,-3.876503439772284176e-01,-7.382249177965467812e-02,-5.757066613287702139e-02,-2.355760414820410598e-01,-2.553318739429267237e-01,-7.036119422835485082e-02,-0.000000000000000000e+00,-0.000000000000000000e+00,-0.000000000000000000e+00,-0.000000000000000000e+00,-0.000000000000000000e+00,-0.000000000000000000e+00,2.367874523914474061e+00,-0.000000000000000000e+00,-0.000000000000000000e+00,-5.177564649394043039e-01,-2.962550666266382526e-01,-0.000000000000000000e+00,-0.000000000000000000e+00,-0.000000000000000000e+00,0.000000000000000000e+00,-2.900194507526290821e-02,-0.000000000000000000e+00
-1.996199450294099398e-01,-2.490081562879455646e-01,-0.000000000000000000e+00,0.000000000000000000e+00,-0.000000000000000000e+00,-0.000000000000000000e+00,-0.000000000000000000e+00,0.000000000000000000e+00,-3.763010908502414931e-01,-2.731221339734775100e-01,-0.000000000000000000e+00,-0.000000000000000000e+00,0.000000000000000000e+00,-0.000000000000000000e+00,-0.000000000000000000e+00,-1.626589806994601928e-01,-0.000000000000000000e+00,-0.000000000000000000e+00,-0.000000000000000000e+00,-0.000000000000000000e+00,0.000000000000000000e+00,-0.000000000000000000e+00,-1.699892211320717106e-01,-0.000000000000000000e+00,-1.934419295576053632e-01,-1.871413448186377837e-01,-2.169957390653385332e-01,-0.000000000000000000e+00,-0.000000000000000000e+00,2.490980918036338920e+00,-1.501815741546564664e-01,-0.000000000000000000e+00,-0.000000000000000000e+00,-5.732740201553068737e-02,-0.000000000000000000e+00,-0.000000000000000000e+00,-0.000000000000000000e+00,-0.000000000000000000e+00,-3.051347622753574629e-01
-0.000000000000000000e+00,-5.599483764354779014e-02,-2.830780847659964961e-01,0.000000000000000000e+00,-0.000000000000000000e+00,-0.000000000000000000e+00,-0.000000000000000000e+00,2.288999766103787525e-01,-0.000000000000000000e+00,-0.000000000000000000e+00,-0.000000000000000000e+00,-0.000000000000000000e+00,-0.000000000000000000e+00,-0.000000000000000000e+00,0.000000000000000000e+00,-0.000000000000000000e+00,-0.000000000000000000e+00,0.000000000000000000e+00,-0.000000000000000000e+00,0.000000000000000000e+00,0.000000000000000000e+00,-0.000000000000000000e+00,-1.300491102875916127e-01,-0.000000000000000000e+00,-0.000000000000000000e+00,-0.000000000000000000e+00,-4.312580515179325613e-01,-2.292081769918828948e-01,-0.000000000000000000e+00,-1.501815741546564664e-01,1.755547157795245727e+00,-0.000000000000000000e+00,-0.000000000000000000e+00,-0.000000000000000000e+00,-0.000000000000000000e+00,-0.000000000000000000e+00,-1.765675523808115377e-01,-0.000000000000000000e+00,-0.000000000000000000e+00
-1.311665162214420144e-01,-1.718881562086473358e-01,0.000000000000000000e+00,-0.000000000000000000e+00,-0.000000000000000000e+00,-2.853639771294571026e-01,-0.000000000000000000e+00,0.000000000000000000e+00,-2.684415982824297012e-02,-0.000000000000000000e+00,-7.205145366167560461e-02,-0.000000000000000000e+00,0.000000000000000000e+00,-6.571597015408940645e-02,-0.000000000000000000e+00,-0.000000000000000000e+00,-5.371290101069434719e-01,-0.000000000000000000e+00,-0.000000000000000000e+00,-0.000000000000000000e+00,-1.662148106515556056e-01,-0.000000000000000000e+00,-0.000000000000000000e+00,-0.000000000000000000e+00,-0.000000000000000000e+00,-0.000000000000000000e+00,-0.000000000000000000e+00,-0.000000000000000000e+00,-5.177564649394043039e-01,-0.000000000000000000e+00,-0.000000000000000000e+00,2.127531963880528121e+00,-0.000000000000000000e+00,-0.000000000000000000e+00,-1.649635667822550722e-01,-0.000000000000000000e+00,-0.000000000000000000e+00,-0.000000000000000000e+00,-0.000000000000000000e+00
-0.000000000000000000e+00,-0.000000000000000000e+00,-1.698102529994354945e-02,-0.000000000000000000e+00,-0.000000000000000000e+00,-0.000000000000000000e+00,-2.143719890742133982e-01,2.176043713329976759e-02,-0.000000000000000000e+00,-0.000000000000000000e+00,-0.000000000000000000e+00,-0.000000000000000000e+00,0.000000000000000000e+00,-2.171986661616571723e-01,-2.403149527878286895e-01,-0.000000000000000000e+00,-0.000000000000000000e+00,-0.000000000000000000e+00,-1.370752965925452482e-01,-0.000000000000000000e+00,-0.000000000000000000e+00,-4.345498261696636999e-01,-0.000000000000000000e+00,-0.000000000000000000e+00,-0.000000000000000000e+00,-9.546946779517646864e-02,-0.000000000000000000e+00,-1.848255928523332425e-01,-2.962550666266382526e-01,-0.000000000000000000e+00,-0.000000000000000000e+00,-0.000000000000000000e+00,1.973242989419162319e+00,-0.000000000000000000e+00,-6.021224439769570086e-02,-9.861078143432217002e-02,0.000000000000000000e+00,-0.000000000000000000e+00,-0.000000000000000000e+00
-0.000000000000000000e+00,-0.000000000000000000e+00,-6.792854236443852944e-02,0.000000000000000000e+00,-5.770666376791321328e-01,0.000000000000000000e+00,-1.087996105338224495e-01,1.646933144037968644e-01,-1.379609466647711835e-01,-1.489543760449953680e-01,0.000000000000000000e+00,-2.208880856603038234e-01,0.000000000000000000e+00,-5.805710479539778063e-02,-8.111208905227400290e-02,-2.966105983407216762e-01,-0.000000000000000000e+00,-0.000000000000000000e+00,-4.351639877239371623e-02,-0.000000000000000000e+00,-0.000000000000000000e+00,-0.000000000000000000e+00,-0.000000000000000000e+00,-0.000000000000000000e+00,-0.000000000000000000e+00,-0.000000000000000000e+00,-0.000000000000000000e+00,-2.868350915457297812e-01,-0.000000000000000000e+00,-5.732740201553068737e-02,-0.000000000000000000e+00,-0.000000000000000000e+00,-0.000000000000000000e+00,2.380335223036685210e+00,0.000000000000000000e+00,-1.502135974057577650e-01,0.000000000000000000e+00,-1.000367910523342063e-01,-2.146379610507883479e-02
-0.000000000000000000e+00,-0.000000000000000000e+00,-0.000000000000000000e+00,-0.000000000000000000e+00,-0.000000000000000000e+00,-4.253946860115179751e-01,-0.000000000000000000e+00,0.000000000000000000e+00,-0.000000000000000000e+00,0.000000000000000000e+00,-0.000000000000000000e+00,0.000000000000000000e+00,0.000000000000000000e+00,-0.000000000000000000e+00,0.000000000000000000e+00,0.000000000000000000e+00,-0.000000000000000000e+00,0.000000000000000000e+00,-0.000000000000000000e+00,-0.000000000000000000e+00,-0.000000000000000000e+00,-0.000000000000000000e+00,-0.000000000000000000e+00,-3.664896626200280783e-01,-0.000000000000000000e+00,-0.000000000000000000e+00,-0.000000000000000000e+00,-0.000000000000000000e+00,-0.000000000000000000e+00,-0.000000000000000000e+00,-0.000000000000000000e+00,-1.649635667822550722e-01,-6.021224439769570086e-02,0.000000000000000000e+00,1.661426953334091294e+00,0.000000000000000000e+00,-4.743907229844130380e-01,-0.000000000000000000e+00,0.000000000000000000e+00
-0.000000000000000000e+00,-0.000000000000000000e+00,-2.288135230678784993e-01,0.000000000000000000e+00,-1.061063344110373639e-02,-0.000000000000000000e+00,-0.000000000000000000e+00,7.893650654138131134e-03,-0.000000000000000000e+00,-9.382866897165505204e-03,0.000000000000000000e+00,-6.540781694233693822e-02,0.000000000000000000e+00,-7.723600550842364687e-02,-1.471666140386924670e-01,-1.473530599789160123e-01,-0.000000000000000000e+00,-0.000000000000000000e+00,-0.000000000000000000e+00,-0.000000000000000000e+00,-0.000000000000000000e+00,-0.000000000000000000e+00,-0.000000000000000000e+00,-0.000000000000000000e+00,-1.539930053634359086e-01,-0.000000000000000000e+00,-0.000000000000000000e+00,-0.000000000000000000e+00,-0.000000000000000000e+00,-0.000000000000000000e+00,-0.000000000000000000e+00,-0.000000000000000000e+00,-9.861078143432217002e-02,-1.502135974057577650e-01,0.000000000000000000e+00,1.432019848948363983e+00,0.000000000000000000e+00,-0.000000000000000000e+00,-0.000000000000000000e+00
-0.000000000000000000e+00,-0.000000000000000000e+00,0.000000000000000000e+00,0.000000000000000000e+00,0.000000000000000000e+00,-1.571939872385969689e-02,0.000000000000000000e+00,0.000000000000000000e+00,0.000000000000000000e+00,0.000000000000000000e+00,-2.754629191836276414e-01,2.462048670572813680e-01,-1.096840544870061052e-01,-0.000000000000000000e+00,2.514103895830619995e-01,0.000000000000000000e+00,-0.000000000000000000e+00,0.000000000000000000e+00,0.000000000000000000e+00,0.000000000000000000e+00,-0.000000000000000000e+00,0.000000000000000000e+00,-0.000000000000000000e+00,-2.693481380567404153e-03,-0.000000000000000000e+00,0.000000000000000000e+00,-0.000000000000000000e+00,-0.000000000000000000e+00,0.000000000000000000e+00,-0.000000000000000000e+00,-1.765675523808115377e-01,-0.000000000000000000e+00,0.000000000000000000e+00,0.000000000000000000e+00,-4.743907229844130380e-01,0.000000000000000000e+00,1.452084529673971058e+00,0.000000000000000000e+00,0.000000000000000000e+00
-3.773477928746383214e-01,-8.430739734482410597e-02,-0.000000000000000000e+00,0.000000000000000000e+00,-0.000000000000000000e+00,-0.000000000000000000e+00,-0.000000000000000000e+00,0.000000000000000000e+00,-3.895807903122963656e-01,-1.486578024272338927e-01,-0.000000000000000000e+00,-0.000000000000000000e+00,0.000000000000000000e+00,-2.615801017856100863e-02,-2.889784918718399376e-01,-1.664957034314127338e-01,-0.000000000000000000e+00,-0.000000000000000000e+00,-0.000000000000000000e+00,-0.000000000000000000e+00,-0.000000000000000000e+00,-0.000000000000000000e+00,-0.000000000000000000e+00,-0.000000000000000000e+00,-0.000000000000000000e+00,-4.740252368846012421e-01,-0.000000000000000000e+00,-0.000000000000000000e+00,-2.900194507526290821e-02,-0.000000000000000000e+00,-0.000000000000000000e+00,-0.000000000000000000e+00,-0.000000000000000000e+00,-1.000367910523342063e-01,-0.000000000000000000e+00,-0.000000000000000000e+00,0.000000000000000000e+00,2.436559668331501616e+00,-3.255968349599240308e-01
-1.238794313594640401e-01,-2.297405437615138990e-01,-0.000000000000000000e+00,0.000000000000000000e+00,-0.000000000000000000e+00,0.000000000000000000e+00,-0.000000000000000000e+00,0.000000000000000000e+00,-2.818253596688325424e-01,-2.518671213671348497e-01,-0.000000000000000000e+00,-1.976718179945398390e-01,0.000000000000000000e+00,-0.000000000000000000e+00,-0.000000000000000000e+00,-1.913106179502311599e-01,-0.000000000000000000e+00,-0.000000000000000000e+00,-0.000000000000000000e+00,-0.000000000000000000e+00,0.000000000000000000e+00,-0.000000000000000000e+00,-0.000000000000000000e+00,0.000000000000000000e+00,-0.000000000000000000e+00,-0.000000000000000000e+00,-3.173565263730208086e-01,-0.000000000000000000e+00,-0.000000000000000000e+00,-3.051347622753574629e-01,-0.000000000000000000e+00,-0.000000000000000000e+00,-0.000000000000000000e+00,-2.146379610507883479e-02,0.000000000000000000e+00,-0.000000000000000000e+00,0.000000000000000000e+00,-3.255968349599240308e-01,2.307982602770995761e+00
