2.617039705615467948e+00,-9.612374640584876451e-01,-0.000000000000000000e+00,-0.000000000000000000e+00,-0.000000000000000000e+00,0.000000000000000000e+00,0.000000000000000000e+00,0.000000000000000000e+00,-0.000000000000000000e+00,-3.323756529238736657e-01,0.000000000000000000e+00,0.000000000000000000e+00,-7.356594400972708316e-03,-0.000000000000000000e+00,-0.000000000000000000e+00,-4.141691416208658771e-01,-0.000000000000000000e+00,-0.000000000000000000e+00,-0.000000000000000000e+00,0.000000000000000000e+00,-0.000000000000000000e+00,-1.975066215253782342e-01,-9.893505497101830193e-02,-3.948881117845992605e-02,-0.000000000000000000e+00,-0.000000000000000000e+00,0.000000000000000000e+00,0.000000000000000000e+00,-7.972397146020862579e-02,-4.562303646186877670e-01,0.000000000000000000e+00,-0.000000000000000000e+00,0.000000000000000000e+00,-0.000000000000000000e+00,-0.000000000000000000e+00,-4.209597060676383701e-02,-0.000000000000000000e+00,-0.000000000000000000e+00,0.000000000000000000e+00
-9.612374640584876451e-01,2.590733150339529445e+00,-0.000000000000000000e+00,-0.000000000000000000e+00,-0.000000000000000000e+00,-0.000000000000000000e+00,0.000000000000000000e+00,0.000000000000000000e+00,-0.000000000000000000e+00,-2.954705075585630225e-01,-0.000000000000000000e+00,0.000000000000000000e+00,-3.416470597634471695e-02,-0.000000000000000000e+00,-0.000000000000000000e+00,-4.134726631570709993e-02,-0.000000000000000000e+00,-0.000000000000000000e+00,-0.000000000000000000e+00,0.000000000000000000e+00,-0.000000000000000000e+00,-0.000000000000000000e+00,-8.748223514204668538e-02,-0.000000000000000000e+00,-1.009653889751144784e-01,-6.466793864294535787e-02,0.000000000000000000e+00,0.000000000000000000e+00,-4.790792970527830708e-01,-3.192483881269621571e-01,0.000000000000000000e+00,-7.382524427865708172e-02,-0.000000000000000000e+00,0.000000000000000000e+00,-6.505041145853714124e-02,-1.127272545058096431e-01,-2.478822507788434534e-02,-0.000000000000000000e+00,0.000000000000000000e+00
-0.000000000000000000e+00,-0.000000000000000000e+00,2.611208603547038543e+00,0.000000000000000000e+00,-5.024942335463915555e-01,-0.000000000000000000e+00,0.000000000000000000e+00,1.356501617681020733e+00,-1.554922679623916282e-01,-0.000000000000000000e+00,-0.000000000000000000e+00,-0.000000000000000000e+00,0.000000000000000000e+00,-1.509112161645283778e-01,-0.000000000000000000e+00,-2.756670581507810261e-02,-0.000000000000000000e+00,-0.000000000000000000e+00,-0.000000000000000000e+00,0.000000000000000000e+00,-0.000000000000000000e+00,-0.000000000000000000e+00,-0.000000000000000000e+00,-0.000000000000000000e+00,-0.000000000000000000e+00,-4.516378204838054911e-02,-0.000000000000000000e+00,-7.941633700076594637e-02,-0.000000000000000000e+00,-0.000000000000000000e+00,-3.731994139412827538e-01,-9.328722833121604052e-02,-7.808369065828343891e-02,-0.000000000000000000e+00,-0.000000000000000000e+00,-0.000000000000000000e+00,-0.000000000000000000e+00,-2.226262817734226893e-02,-0.000000000000000000e+00
-0.000000000000000000e+00,-0.000000000000000000e+00,0.000000000000000000e+00,1.280179183351136230e+00,-0.000000000000000000e+00,1.174760836346445403e-01,0.000000000000000000e+00,-0.000000000000000000e+00,0.000000000000000000e+00,-0.000000000000000000e+00,1.131820112139188955e-01,-5.514208785563804940e-05,0.000000000000000000e+00,0.000000000000000000e+00,-0.000000000000000000e+00,-0.000000000000000000e+00,0.000000000000000000e+00,-0.000000000000000000e+00,-3.717141239284192933e-01,-0.000000000000000000e+00,0.000000000000000000e+00,0.000000000000000000e+00,0.000000000000000000e+00,0.000000000000000000e+00,0.000000000000000000e+00,0.000000000000000000e+00,0.000000000000000000e+00,6.906245455878587403e-02,0.000000000000000000e+00,-0.000000000000000000e+00,0.000000000000000000e+00,0.000000000000000000e+00,0.000000000000000000e+00,-0.000000000000000000e+00,0.000000000000000000e+00,0.000000000000000000e+00,0.000000000000000000e+00,2.750224037118981224e-01,0.000000000000000000e+00
-0.000000000000000000e+00,-0.000000000000000000e+00,-5.024942335463915555e-01,-0.000000000000000000e+00,2.238711476112813514e+00,0.000000000000000000e+00,0.000000000000000000e+00,5.650658837091012687e-01,-4.745635530789491519e-01,-0.000000000000000000e+00,-0.000000000000000000e+00,-0.000000000000000000e+00,0.000000000000000000e+00,-0.000000000000000000e+00,-0.000000000000000000e+00,-0.000000000000000000e+00,0.000000000000000000e+00,-6.184828442208937377e-02,-2.417172323361885811e-01,1.498950830379877641e-01,-0.000000000000000000e+00,-0.000000000000000000e+00,-0.000000000000000000e+00,-0.000000000000000000e+00,-0.000000000000000000e+00,-0.000000000000000000e+00,-0.000000000000000000e+00,-0.000000000000000000e+00,-0.000000000000000000e+00,-2.317587750743284325e-01,-0.000000000000000000e+00,-0.000000000000000000e+00,-0.000000000000000000e+00,-2.915880138725896464e-01,-0.000000000000000000e+00,0.000000000000000000e+00,-0.000000000000000000e+00,-0.000000000000000000e+00,-0.000000000000000000e+00
0.000000000000000000e+00,-0.000000000000000000e+00,-0.000000000000000000e+00,1.174760836346445403e-01,0.000000000000000000e+00,2.463027913425141158e+00,-0.000000000000000000e+00,0.000000000000000000e+00,0.000000000000000000e+00,-0.000000000000000000e+00,-6.131709103628988355e-01,0.000000000000000000e+00,0.000000000000000000e+00,-0.000000000000000000e+00,1.042733085293093831e-01,-0.000000000000000000e+00,-3.963478915485057485e-01,2.598398105760393526e-02,2.024694081291008446e-02,-0.000000000000000000e+00,-0.000000000000000000e+00,-0.000000000000000000e+00,-0.000000000000000000e+00,0.000000000000000000e+00,-0.000000000000000000e+00,-4.657664487104030450e-03,-1.118112473099934674e-02,-3.450106557915099542e-02,-0.000000000000000000e+00,0.000000000000000000e+00,-2.089686850289931841e-01,-8.454345648577538119e-02,-2.517172767858913973e-01,2.286832596225717440e-01,-1.247595520291529120e-01,-0.000000000000000000e+00,-3.372936134130047892e-01,-0.000000000000000000e+00,0.000000000000000000e+00
0.000000000000000000e+00,0.000000000000000000e+00,0.000000000000000000e+00,0.000000000000000000e+00,0.000000000000000000e+00,-0.000000000000000000e+00,1.541002279833020738e+00,-0.000000000000000000e+00,1.859349250329364045e-01,-0.000000000000000000e+00,-1.034418729717924944e-02,5.567146623464998001e-01,-0.000000000000000000e+00,-0.000000000000000000e+00,3.017110778030381302e-01,-0.000000000000000000e+00,-0.000000000000000000e+00,0.000000000000000000e+00,0.000000000000000000e+00,-0.000000000000000000e+00,-2.343541343599264692e-02,-5.614323758493733330e-02,0.000000000000000000e+00,0.000000000000000000e+00,0.000000000000000000e+00,0.000000000000000000e+00,0.000000000000000000e+00,0.000000000000000000e+00,0.000000000000000000e+00,0.000000000000000000e+00,-0.000000000000000000e+00,-0.000000000000000000e+00,0.000000000000000000e+00,2.693075963686012569e-02,-0.000000000000000000e+00,-9.645323847010213447e-02,-0.000000000000000000e+00,-0.000000000000000000e+00,0.000000000000000000e+00
0.000000000000000000e+00,0.000000000000000000e+00,1.356501617681020733e+00,-0.000000000000000000e+00,5.650658837091012687e-01,0.000000000000000000e+00,-0.000000000000000000e+00,2.630290388149139069e+00,3.148700392836096817e-01,0.000000000000000000e+00,0.000000000000000000e+00,0.000000000000000000e+00,-0.000000000000000000e+00,2.203447232240924036e-01,0.000000000000000000e+00,1.050860574706932379e-02,0.000000000000000000e+00,1.134786294529661760e-01,0.000000000000000000e+00,-0.000000000000000000e+00,6.998018075291123630e-02,0.000000000000000000e+00,0.000000000000000000e+00,0.000000000000000000e+00,0.000000000000000000e+00,0.000000000000000000e+00,0.000000000000000000e+00,0.000000000000000000e+00,0.000000000000000000e+00,0.000000000000000000e+00,0.000000000000000000e+00,0.000000000000000000e+00,0.000000000000000000e+00,0.000000000000000000e+00,0.000000000000000000e+00,0.000000000000000000e+00,0.000000000000000000e+00,0.000000000000000000e+00,0.000000000000000000e+00
-0.000000000000000000e+00,-0.000000000000000000e+00,-1.554922679623916282e-01,0.000000000000000000e+00,-4.745635530789491519e-01,0.000000000000000000e+00,1.859349250329364045e-01,3.148700392836096817e-01,2.170410222033744674e+00,-0.000000000000000000e+00,0.000000000000000000e+00,-0.000000000000000000e+00,0.000000000000000000e+00,-7.155170397107621372e-02,-4.635840567132241963e-02,-0.000000000000000000e+00,0.000000000000000000e+00,-1.209681145789282680e-01,-0.000000000000000000e+00,2.351662086183674630e-02,-0.000000000000000000e+00,-0.000000000000000000e+00,-3.267369074598616696e-02,-1.155533093470262167e-02,-0.000000000000000000e+00,-0.000000000000000000e+00,0.000000000000000000e+00,-0.000000000000000000e+00,-0.000000000000000000e+00,-1.347809760121686240e-01,-0.000000000000000000e+00,-0.000000000000000000e+00,-0.000000000000000000e+00,-6.356166046850467710e-01,0.000000000000000000e+00,0.000000000000000000e+00,-0.000000000000000000e+00,-3.003344840302112420e-03,-3.061783184017098369e-01
-3.323756529238736657e-01,-2.954705075585630225e-01,-0.000000000000000000e+00,-0.000000000000000000e+00,-0.000000000000000000e+00,-0.000000000000000000e+00,-0.000000000000000000e+00,0.000000000000000000e+00,-0.000000000000000000e+00,2.815630198876855061e+00,-0.000000000000000000e+00,0.000000000000000000e+00,-0.000000000000000000e+00,-4.926709120184319390e-01,-0.000000000000000000e+00,-7.958765187519487583e-01,-0.000000000000000000e+00,-0.000000000000000000e+00,-0.000000000000000000e+00,0.000000000000000000e+00,-0.000000000000000000e+00,-0.000000000000000000e+00,-7.366532481230965088e-03,-0.000000000000000000e+00,-1.344071159275250088e-02,-1.199934080870145858e-01,0.000000000000000000e+00,0.000000000000000000e+00,-0.000000000000000000e+00,-5.446866934803247240e-01,-0.000000000000000000e+00,-9.552788628847741492e-02,-0.000000000000000000e+00,-0.000000000000000000e+00,-1.116925517563680664e-01,-1.032374126961038557e-01,-0.000000000000000000e+00,-0.000000000000000000e+00,0.000000000000000000e+00
0.000000000000000000e+00,-0.000000000000000000e+00,-0.000000000000000000e+00,1.131820112139188955e-01,-0.000000000000000000e+00,-6.131709103628988355e-01,-1.034418729717924944e-02,0.000000000000000000e+00,0.000000000000000000e+00,-0.000000000000000000e+00,3.115884586251763011e+00,3.199597549542303465e-01,0.000000000000000000e+00,-0.000000000000000000e+00,4.390037558757248770e-01,-0.000000000000000000e+00,-9.821971250779124585e-01,0.000000000000000000e+00,0.000000000000000000e+00,0.000000000000000000e+00,-0.000000000000000000e+00,-0.000000000000000000e+00,-0.000000000000000000e+00,0.000000000000000000e+00,-0.000000000000000000e+00,-2.683397187687415822e-02,-0.000000000000000000e+00,-0.000000000000000000e+00,-0.000000000000000000e+00,0.000000000000000000e+00,-2.289427458117007930e-01,-8.224932973428167315e-02,-2.391635618118318762e-01,7.482053023655035884e-02,-4.145410855119978366e-02,-0.000000000000000000e+00,-1.494902715263392023e-01,-0.000000000000000000e+00,0.000000000000000000e+00
0.000000000000000000e+00,0.000000000000000000e+00,-0.000000000000000000e+00,-5.514208785563804940e-05,-0.000000000000000000e+00,0.000000000000000000e+00,5.567146623464998001e-01,0.000000000000000000e+00,-0.000000000000000000e+00,0.000000000000000000e+00,3.199597549542303465e-01,2.643190822404040130e+00,0.000000000000000000e+00,0.000000000000000000e+00,-4.064608770996818721e-01,0.000000000000000000e+00,4.436439730352828570e-01,-0.000000000000000000e+00,-0.000000000000000000e+00,-0.000000000000000000e+00,0.000000000000000000e+00,2.004540236592205343e-02,0.000000000000000000e+00,0.000000000000000000e+00,0.000000000000000000e+00,0.000000000000000000e+00,-0.000000000000000000e+00,0.000000000000000000e+00,0.000000000000000000e+00,-0.000000000000000000e+00,0.000000000000000000e+00,0.000000000000000000e+00,0.000000000000000000e+00,-2.373712554186618029e-01,1.568779765419617001e-01,0.000000000000000000e+00,2.848846601439563031e-01,0.000000000000000000e+00,-4.374782687766602951e-01
-7.356594400972708316e-03,-3.416470597634471695e-02,0.000000000000000000e+00,0.000000000000000000e+00,0.000000000000000000e+00,0.000000000000000000e+00,-0.000000000000000000e+00,-0.000000000000000000e+00,0.000000000000000000e+00,-0.000000000000000000e+00,0.000000000000000000e+00,0.000000000000000000e+00,1.399157510330673482e+00,-0.000000000000000000e+00,-0.000000000000000000e+00,-0.000000000000000000e+00,-0.000000000000000000e+00,-0.000000000000000000e+00,0.000000000000000000e+00,-0.000000000000000000e+00,-0.000000000000000000e+00,-3.842108143682442245e-01,-0.000000000000000000e+00,-0.000000000000000000e+00,-3.048597893604341677e-02,-0.000000000000000000e+00,1.340543452054202556e-01,0.000000000000000000e+00,-1.373000861273094564e-01,-0.000000000000000000e+00,4.677404254547670170e-01,-0.000000000000000000e+00,-0.000000000000000000e+00,0.000000000000000000e+00,-0.000000000000000000e+00,-0.000000000000000000e+00,-0.000000000000000000e+00,-0.000000000000000000e+00,7.932450199684118464e-02
-0.000000000000000000e+00,-0.000000000000000000e+00,-1.509112161645283778e-01,0.000000000000000000e+00,-0.000000000000000000e+00,-0.000000000000000000e+00,-0.000000000000000000e+00,2.203447232240924036e-01,-7.155170397107621372e-02,-4.926709120184319390e-01,-0.000000000000000000e+00,0.000000000000000000e+00,-0.000000000000000000e+00,2.430998389178288477e+00,-0.000000000000000000e+00,-2.115562708121588309e-01,-0.000000000000000000e+00,-0.000000000000000000e+00,-0.000000000000000000e+00,0.000000000000000000e+00,-0.000000000000000000e+00,-5.961845312868287172e-02,-2.690587914297981609e-01,-7.906690942969946123e-02,-1.333811455890349384e-01,-2.351304276236795485e-02,-0.000000000000000000e+00,-0.000000000000000000e+00,-9.737587892525981226e-02,-1.439300930480828522e-01,-0.000000000000000000e+00,-3.284845775196603146e-01,-0.000000000000000000e+00,-0.000000000000000000e+00,-5.727968632823285389e-02,-4.794731281441805271e-02,-3.415993075061086737e-01,-1.352889059987078535e-01,0.000000000000000000e+00
-0.000000000000000000e+00,-0.000000000000000000e+00,-0.000000000000000000e+00,-0.000000000000000000e+00,-0.000000000000000000e+00,1.042733085293093831e-01,3.017110778030381302e-01,0.000000000000000000e+00,-4.635840567132241963e-02,-0.000000000000000000e+00,4.390037558757248770e-01,-4.064608770996818721e-01,-0.000000000000000000e+00,-0.000000000000000000e+00,2.177992819028669036e+00,-0.000000000000000000e+00,1.422875930471046713e-01,-0.000000000000000000e+00,-0.000000000000000000e+00,0.000000000000000000e+00,0.000000000000000000e+00,0.000000000000000000e+00,-0.000000000000000000e+00,-0.000000000000000000e+00,0.000000000000000000e+00,0.000000000000000000e+00,0.000000000000000000e+00,0.000000000000000000e+00,-0.000000000000000000e+00,-0.000000000000000000e+00,8.258238144430966876e-02,0.000000000000000000e+00,0.000000000000000000e+00,-4.341797991157284042e-01,0.000000000000000000e+00,-0.000000000000000000e+00,0.000000000000000000e+00,-0.000000000000000000e+00,-1.542917317830505286e-01
-4.141691416208658771e-01,-4.134726631570709993e-02,-2.756670581507810261e-02,-0.000000000000000000e+00,-0.000000000000000000e+00,-0.000000000000000000e+00,-0.000000000000000000e+00,1.050860574706932379e-02,-0.000000000000000000e+00,-7.958765187519487583e-01,-0.000000000000000000e+00,0.000000000000000000e+00,-0.000000000000000000e+00,-2.115562708121588309e-01,-0.000000000000000000e+00,2.510876558295455752e+00,-0.000000000000000000e+00,-0.000000000000000000e+00,-0.000000000000000000e+00,0.000000000000000000e+00,-0.000000000000000000e+00,-4.207953253714692698e-02,-2.377636960029515800e-01,-0.000000000000000000e+00,-2.571217658358613822e-01,-1.335217275753891597e-01,0.000000000000000000e+00,0.000000000000000000e+00,-0.000000000000000000e+00,-3.034879001908290519e-01,-0.000000000000000000e+00,-0.000000000000000000e+00,-0.000000000000000000e+00,-0.000000000000000000e+00,-0.000000000000000000e+00,-0.000000000000000000e+00,-0.000000000000000000e+00,-7.612387965384689870e-02,0.000000000000000000e+00
-0.000000000000000000e+00,-0.000000000000000000e+00,-0.000000000000000000e+00,0.000000000000000000e+00,0.000000000000000000e+00,-3.963478915485057485e-01,-0.000000000000000000e+00,0.000000000000000000e+00,0.000000000000000000e+00,-0.000000000000000000e+00,-9.821971250779124585e-01,4.436439730352828570e-01,-0.000000000000000000e+00,-0.000000000000000000e+00,1.422875930471046713e-01,-0.000000000000000000e+00,3.114838935241865503e+00,0.000000000000000000e+00,0.000000000000000000e+00,0.000000000000000000e+00,-0.000000000000000000e+00,-0.000000000000000000e+00,-0.000000000000000000e+00,0.000000000000000000e+00,-0.000000000000000000e+00,-1.672442308523304777e-01,-0.000000000000000000e+00,-0.000000000000000000e+00,-0.000000000000000000e+00,-0.000000000000000000e+00,-0.000000000000000000e+00,-3.887591759195863778e-02,-3.033899035633597641e-01,2.380850651498521986e-01,-4.160417948799330912e-01,-0.000000000000000000e+00,-1.440689097458024981e-01,-0.000000000000000000e+00,0.000000000000000000e+00
-0.000000000000000000e+00,-0.000000000000000000e+00,-0.000000000000000000e+00,-0.000000000000000000e+00,-6.184828442208937377e-02,2.598398105760393526e-02,0.000000000000000000e+00,1.134786294529661760e-01,-1.209681145789282680e-01,-0.000000000000000000e+00,0.000000000000000000e+00,-0.000000000000000000e+00,-0.000000000000000000e+00,-0.000000000000000000e+00,-0.000000000000000000e+00,-0.000000000000000000e+00,0.000000000000000000e+00,1.953346677918203378e+00,-2.383987421785204730e-01,-0.000000000000000000e+00,-3.921212854986958485e-01,-3.511571047614035768e-02,-0.000000000000000000e+00,-0.000000000000000000e+00,-0.000000000000000000e+00,2.018640765151350214e-01,1.625471780796189647e-01,2.894512861585350483e-01,-0.000000000000000000e+00,-8.319516797140741327e-02,0.000000000000000000e+00,0.000000000000000000e+00,0.000000000000000000e+00,-6.187179635822276369e-01,0.000000000000000000e+00,-0.000000000000000000e+00,0.000000000000000000e+00,-0.000000000000000000e+00,-0.000000000000000000e+00
-0.000000000000000000e+00,-0.000000000000000000e+00,-0.000000000000000000e+00,-3.717141239284192933e-01,-2.417172323361885811e-01,2.024694081291008446e-02,0.000000000000000000e+00,0.000000000000000000e+00,-0.000000000000000000e+00,-0.000000000000000000e+00,0.000000000000000000e+00,-0.000000000000000000e+00,0.000000000000000000e+00,-0.000000000000000000e+00,-0.000000000000000000e+00,-0.000000000000000000e+00,0.000000000000000000e+00,-2.383987421785204730e-01,1.333590343474331918e+00,0.000000000000000000e+00,0.000000000000000000e+00,-0.000000000000000000e+00,0.000000000000000000e+00,-0.000000000000000000e+00,0.000000000000000000e+00,0.000000000000000000e+00,0.000000000000000000e+00,0.000000000000000000e+00,-0.000000000000000000e+00,-1.908138931144544304e-01,0.000000000000000000e+00,-0.000000000000000000e+00,0.000000000000000000e+00,-0.000000000000000000e+00,0.000000000000000000e+00,0.000000000000000000e+00,0.000000000000000000e+00,6.572236311430412758e-02,0.000000000000000000e+00
0.000000000000000000e+00,0.000000000000000000e+00,0.000000000000000000e+00,-0.000000000000000000e+00,1.498950830379877641e-01,-0.000000000000000000e+00,-0.000000000000000000e+00,-0.000000000000000000e+00,2.351662086183674630e-02,0.000000000000000000e+00,0.000000000000000000e+00,-0.000000000000000000e+00,-0.000000000000000000e+00,0.000000000000000000e+00,0.000000000000000000e+00,0.000000000000000000e+00,0.000000000000000000e+00,-0.000000000000000000e+00,0.000000000000000000e+00,1.049241696605720531e+00,-1.711198861867668508e-01,-0.000000000000000000e+00,0.000000000000000000e+00,-0.000000000000000000e+00,0.000000000000000000e+00,0.000000000000000000e+00,-0.000000000000000000e+00,0.000000000000000000e+00,0.000000000000000000e+00,0.000000000000000000e+00,0.000000000000000000e+00,0.000000000000000000e+00,0.000000000000000000e+00,0.000000000000000000e+00,0.000000000000000000e+00,-6.899632906670807864e-02,-0.000000000000000000e+00,0.000000000000000000e+00,0.000000000000000000e+00
-0.000000000000000000e+00,-0.000000000000000000e+00,-0.000000000000000000e+00,0.000000000000000000e+00,-0.000000000000000000e+00,-0.000000000000000000e+00,-2.343541343599264692e-02,6.998018075291123630e-02,-0.000000000000000000e+00,-0.000000000000000000e+00,-0.000000000000000000e+00,0.000000000000000000e+00,-0.000000000000000000e+00,-0.000000000000000000e+00,0.000000000000000000e+00,-0.000000000000000000e+00,-0.000000000000000000e+00,-3.921212854986958485e-01,0.000000000000000000e+00,-1.711198861867668508e-01,1.504668705998556177e+00,-6.405020103132698095e-01,-0.000000000000000000e+00,-0.000000000000000000e+00,-0.000000000000000000e+00,0.000000000000000000e+00,0.000000000000000000e+00,0.000000000000000000e+00,-0.000000000000000000e+00,-0.000000000000000000e+00,0.000000000000000000e+00,-0.000000000000000000e+00,-0.000000000000000000e+00,-0.000000000000000000e+00,0.000000000000000000e+00,-0.000000000000000000e+00,-0.000000000000000000e+00,-0.000000000000000000e+00,-0.000000000000000000e+00
-1.975066215253782342e-01,-0.000000000000000000e+00,-0.000000000000000000e+00,0.000000000000000000e+00,-0.000000000000000000e+00,-0.000000000000000000e+00,-5.614323758493733330e-02,0.000000000000000000e+00,-0.000000000000000000e+00,-0.000000000000000000e+00,-0.000000000000000000e+00,2.004540236592205343e-02,-3.842108143682442245e-01,-5.961845312868287172e-02,0.000000000000000000e+00,-4.207953253714692698e-02,-0.000000000000000000e+00,-3.511571047614035768e-02,-0.000000000000000000e+00,-0.000000000000000000e+00,-6.405020103132698095e-01,1.710236283230685439e+00,-0.000000000000000000e+00,-0.000000000000000000e+00,-1.393940458806166016e-01,-0.000000000000000000e+00,4.304450450249647925e-03,2.726561314600362551e-01,-0.000000000000000000e+00,-2.696491822890027118e-02,0.000000000000000000e+00,-0.000000000000000000e+00,-0.000000000000000000e+00,-0.000000000000000000e+00,-0.000000000000000000e+00,-0.000000000000000000e+00,-1.399201552045028774e-01,-0.000000000000000000e+00,0.000000000000000000e+00
-9.893505497101830193e-02,-8.748223514204668538e-02,-0.000000000000000000e+00,0.000000000000000000e+00,-0.000000000000000000e+00,-0.000000000000000000e+00,0.000000000000000000e+00,0.000000000000000000e+00,-3.267369074598616696e-02,-7.366532481230965088e-03,-0.000000000000000000e+00,0.000000000000000000e+00,-0.000000000000000000e+00,-2.690587914297981609e-01,-0.000000000000000000e+00,-2.377636960029515800e-01,-0.000000000000000000e+00,-0.000000000000000000e+00,0.000000000000000000e+00,0.000000000000000000e+00,-0.000000000000000000e+00,-0.000000000000000000e+00,1.789518751954698228e+00,-2.426012099793810606e-01,-6.016648034174103543e-01,-0.000000000000000000e+00,0.000000000000000000e+00,0.000000000000000000e+00,-0.000000000000000000e+00,-0.000000000000000000e+00,-0.000000000000000000e+00,-0.000000000000000000e+00,-0.000000000000000000e+00,-0.000000000000000000e+00,-0.000000000000000000e+00,-5.632242937527793224e-03,-0.000000000000000000e+00,-3.644999995410383442e-02,0.000000000000000000e+00
-3.948881117845992605e-02,-0.000000000000000000e+00,-0.000000000000000000e+00,0.000000000000000000e+00,-0.000000000000000000e+00,0.000000000000000000e+00,0.000000000000000000e+00,0.000000000000000000e+00,-1.155533093470262167e-02,-0.000000000000000000e+00,0.000000000000000000e+00,0.000000000000000000e+00,-0.000000000000000000e+00,-7.906690942969946123e-02,-0.000000000000000000e+00,-0.000000000000000000e+00,0.000000000000000000e+00,-0.000000000000000000e+00,-0.000000000000000000e+00,-0.000000000000000000e+00,-0.000000000000000000e+00,-0.000000000000000000e+00,-2.426012099793810606e-01,1.118582618759457414e+00,-6.661795612528963184e-02,-0.000000000000000000e+00,-0.000000000000000000e+00,0.000000000000000000e+00,-0.000000000000000000e+00,-0.000000000000000000e+00,0.000000000000000000e+00,-0.000000000000000000e+00,-0.000000000000000000e+00,-0.000000000000000000e+00,0.000000000000000000e+00,0.000000000000000000e+00,-0.000000000000000000e+00,-4.910116117548139585e-03,0.000000000000000000e+00
-0.000000000000000000e+00,-1.009653889751144784e-01,-0.000000000000000000e+00,0.000000000000000000e+00,-0.000000000000000000e+00,-0.000000000000000000e+00,0.000000000000000000e+00,0.000000000000000000e+00,-0.000000000000000000e+00,-1.344071159275250088e-02,-0.000000000000000000e+00,0.000000000000000000e+00,-3.048597893604341677e-02,-1.333811455890349384e-01,0.000000000000000000e+00,-2.571217658358613822e-01,-0.000000000000000000e+00,-0.000000000000000000e+00,0.000000000000000000e+00,0.000000000000000000e+00,-0.000000000000000000e+00,-1.393940458806166016e-01,-6.016648034174103543e-01,-6.661795612528963184e-02,2.255824771541571128e+00,-5.055860622866695936e-02,0.000000000000000000e+00,0.000000000000000000e+00,-1.268777136748678869e-01,-1.289414211474256000e-01,-0.000000000000000000e+00,-1.092093918008941872e-01,-0.000000000000000000e+00,-0.000000000000000000e+00,-3.352561593331622181e-01,-0.000000000000000000e+00,-3.249890253319372979e-01,-0.000000000000000000e+00,0.000000000000000000e+00
-0.000000000000000000e+00,-6.466793864294535787e-02,-4.516378204838054911e-02,0.000000000000000000e+00,-0.000000000000000000e+00,-4.657664487104030450e-03,0.000000000000000000e+00,0.000000000000000000e+00,-0.000000000000000000e+00,-1.199934080870145858e-01,-2.683397187687415822e-02,0.000000000000000000e+00,-0.000000000000000000e+00,-2.351304276236795485e-02,0.000000000000000000e+00,-1.335217275753891597e-01,-1.672442308523304777e-01,2.018640765151350214e-01,0.000000000000000000e+00,0.000000000000000000e+00,0.000000000000000000e+00,-0.000000000000000000e+00,-0.000000000000000000e+00,-0.000000000000000000e+00,-5.055860622866695936e-02,1.936298558084264654e+00,-1.488566894859961187e-01,-2.736510547645693014e-01,-0.000000000000000000e+00,-0.000000000000000000e+00,-0.000000000000000000e+00,-1.563476815588661084e-01,-4.406254776357871328e-01,0.000000000000000000e+00,-1.591498431286614279e-01,-0.000000000000000000e+00,-1.572620153367159518e-02,-1.017128288296481435e-02,0.000000000000000000e+00
0.000000000000000000e+00,0.000000000000000000e+00,-0.000000000000000000e+00,0.000000000000000000e+00,-0.000000000000000000e+00,-1.118112473099934674e-02,0.000000000000000000e+00,0.000000000000000000e+00,0.000000000000000000e+00,0.000000000000000000e+00,-0.000000000000000000e+00,-0.000000000000000000e+00,1.340543452054202556e-01,-0.000000000000000000e+00,0.000000000000000000e+00,0.000000000000000000e+00,-0.000000000000000000e+00,1.625471780796189647e-01,0.000000000000000000e+00,-0.000000000000000000e+00,0.000000000000000000e+00,4.304450450249647925e-03,0.000000000000000000e+00,-0.000000000000000000e+00,0.000000000000000000e+00,-1.488566894859961187e-01,2.242605560066587067e+00,-9.569911618311589541e-01,0.000000000000000000e+00,0.000000000000000000e+00,-5.532713167267195864e-01,-0.000000000000000000e+00,-1.336766065245237611e-01,0.000000000000000000e+00,-0.000000000000000000e+00,0.000000000000000000e+00,-0.000000000000000000e+00,0.000000000000000000e+00,-0.000000000000000000e+00
0.000000000000000000e+00,0.000000000000000000e+00,-7.941633700076594637e-02,6.906245455878587403e-02,-0.000000000000000000e+00,-3.450106557915099542e-02,0.000000000000000000e+00,0.000000000000000000e+00,-0.000000000000000000e+00,0.000000000000000000e+00,-0.000000000000000000e+00,0.000000000000000000e+00,0.000000000000000000e+00,-0.000000000000000000e+00,0.000000000000000000e+00,0.000000000000000000e+00,-0.000000000000000000e+00,2.894512861585350483e-01,0.000000000000000000e+00,0.000000000000000000e+00,0.000000000000000000e+00,2.726561314600362551e-01,0.000000000000000000e+00,0.000000000000000000e+00,0.000000000000000000e+00,-2.736510547645693014e-01,-9.569911618311589541e-01,2.357277185584989887e+00,0.000000000000000000e+00,0.000000000000000000e+00,-4.959546590453257076e-01,-0.000000000000000000e+00,-7.082839884692571086e-02,0.000000000000000000e+00,-0.000000000000000000e+00,0.000000000000000000e+00,-0.000000000000000000e+00,-0.000000000000000000e+00,-0.000000000000000000e+00
-7.972397146020862579e-02,-4.790792970527830708e-01,-0.000000000000000000e+00,0.000000000000000000e+00,-0.000000000000000000e+00,-0.000000000000000000e+00,0.000000000000000000e+00,0.000000000000000000e+00,-0.000000000000000000e+00,-0.000000000000000000e+00,-0.000000000000000000e+00,0.000000000000000000e+00,-1.373000861273094564e-01,-9.737587892525981226e-02,-0.000000000000000000e+00,-0.000000000000000000e+00,-0.000000000000000000e+00,-0.000000000000000000e+00,-0.000000000000000000e+00,0.000000000000000000e+00,-0.000000000000000000e+00,-0.000000000000000000e+00,-0.000000000000000000e+00,-0.000000000000000000e+00,-1.268777136748678869e-01,-0.000000000000000000e+00,0.000000000000000000e+00,0.000000000000000000e+00,1.799797735035183033e+00,-3.333291141592956697e-01,0.000000000000000000e+00,-3.055436321627668650e-01,-0.000000000000000000e+00,-0.000000000000000000e+00,-6.269853210959566714e-02,-0.000000000000000000e+00,-0.000000000000000000e+00,-0.000000000000000000e+00,0.000000000000000000e+00
-4.562303646186877670e-01,-3.192483881269621571e-01,-0.000000000000000000e+00,-0.000000000000000000e+00,-2.317587750743284325e-01,0.000000000000000000e+00,0.000000000000000000e+00,0.000000000000000000e+00,-1.347809760121686240e-01,-5.446866934803247240e-01,0.000000000000000000e+00,-0.000000000000000000e+00,-0.000000000000000000e+00,-1.439300930480828522e-01,-0.000000000000000000e+00,-3.034879001908290519e-01,-0.000000000000000000e+00,-8.319516797140741327e-02,-1.908138931144544304e-01,0.000000000000000000e+00,-0.000000000000000000e+00,-2.696491822890027118e-02,-0.000000000000000000e+00,-0.000000000000000000e+00,-1.289414211474256000e-01,-0.000000000000000000e+00,0.000000000000000000e+00,0.000000000000000000e+00,-3.333291141592956697e-01,2.541984483932409056e+00,0.000000000000000000e+00,-0.000000000000000000e+00,0.000000000000000000e+00,-0.000000000000000000e+00,-0.000000000000000000e+00,-0.000000000000000000e+00,-0.000000000000000000e+00,-0.000000000000000000e+00,0.000000000000000000e+00
0.000000000000000000e+00,0.000000000000000000e+00,-3.731994139412827538e-01,0.000000000000000000e+00,-0.000000000000000000e+00,-2.089686850289931841e-01,-0.000000000000000000e+00,0.000000000000000000e+00,-0.000000000000000000e+00,-0.000000000000000000e+00,-2.289427458117007930e-01,0.000000000000000000e+00,4.677404254547670170e-01,-0.000000000000000000e+00,8.258238144430966876e-02,-0.000000000000000000e+00,-0.000000000000000000e+00,0.000000000000000000e+00,0.000000000000000000e+00,0.000000000000000000e+00,0.000000000000000000e+00,0.000000000000000000e+00,-0.000000000000000000e+00,0.000000000000000000e+00,-0.000000000000000000e+00,-0.000000000000000000e+00,-5.532713167267195864e-01,-4.959546590453257076e-01,0.000000000000000000e+00,0.000000000000000000e+00,2.400008116202114294e+00,-0.000000000000000000e+00,-3.791576096011555763e-01,0.000000000000000000e+00,-0.000000000000000000e+00,0.000000000000000000e+00,-0.000000000000000000e+00,-0.000000000000000000e+00,-0.000000000000000000e+00
-0.000000000000000000e+00,-7.382524427865708172e-02,-9.328722833121604052e-02,0.000000000000000000e+00,-0.000000000000000000e+00,-8.454345648577538119e-02,-0.000000000000000000e+00,0.000000000000000000e+00,-0.000000000000000000e+00,-9.552788628847741492e-02,-8.224932973428167315e-02,0.000000000000000000e+00,-0.000000000000000000e+00,-3.284845775196603146e-01,0.000000000000000000e+00,-0.000000000000000000e+00,-3.887591759195863778e-02,0.000000000000000000e+00,-0.000000000000000000e+00,0.000000000000000000e+00,-0.000000000000000000e+00,-0.000000000000000000e+00,-0.000000000000000000e+00,-0.000000000000000000e+00,-1.092093918008941872e-01,-1.563476815588661084e-01,-0.000000000000000000e+00,-0.000000000000000000e+00,-3.055436321627668650e-01,-0.000000000000000000e+00,-0.000000000000000000e+00,2.432979998933713972e+00,-2.006858261386177678e-01,0.000000000000000000e+00,-3.715178997990373766e-01,-0.000000000000000000e+00,-6.256740392745847590e-01,-0.000000000000000000e+00,0.000000000000000000e+00
0.000000000000000000e+00,-0.000000000000000000e+00,-7.808369065828343891e-02,0.000000000000000000e+00,-0.000000000000000000e+00,-2.517172767858913973e-01,0.000000000000000000e+00,0.000000000000000000e+00,-0.000000000000000000e+00,-0.000000000000000000e+00,-2.391635618118318762e-01,0.000000000000000000e+00,-0.000000000000000000e+00,-0.000000000000000000e+00,0.000000000000000000e+00,-0.000000000000000000e+00,-3.033899035633597641e-01,0.000000000000000000e+00,0.000000000000000000e+00,0.000000000000000000e+00,-0.000000000000000000e+00,-0.000000000000000000e+00,-0.000000000000000000e+00,-0.000000000000000000e+00,-0.000000000000000000e+00,-4.406254776357871328e-01,-1.336766065245237611e-01,-7.082839884692571086e-02,-0.000000000000000000e+00,0.000000000000000000e+00,-3.791576096011555763e-01,-2.006858261386177678e-01,2.140161683500593881e+00,0.000000000000000000e+00,-0.000000000000000000e+00,0.000000000000000000e+00,-1.492726228154795873e-02,-0.000000000000000000e+00,0.000000000000000000e+00
-0.000000000000000000e+00,0.000000000000000000e+00,-0.000000000000000000e+00,-0.000000000000000000e+00,-2.915880138725896464e-01,2.286832596225717440e-01,2.693075963686012569e-02,0.000000000000000000e+00,-6.356166046850467710e-01,-0.000000000000000000e+00,7.482053023655035884e-02,-2.373712554186618029e-01,0.000000000000000000e+00,-0.000000000000000000e+00,-4.341797991157284042e-01,-0.000000000000000000e+00,2.380850651498521986e-01,-6.187179635822276369e-01,-0.000000000000000000e+00,0.000000000000000000e+00,-0.000000000000000000e+00,-0.000000000000000000e+00,-0.000000000000000000e+00,-0.000000000000000000e+00,-0.000000000000000000e+00,0.000000000000000000e+00,0.000000000000000000e+00,0.000000000000000000e+00,-0.000000000000000000e+00,-0.000000000000000000e+00,0.000000000000000000e+00,0.000000000000000000e+00,0.000000000000000000e+00,2.675487885095697127e+00,0.000000000000000000e+00,0.000000000000000000e+00,0.000000000000000000e+00,-0.000000000000000000e+00,-3.163935895854736446e-01
-0.000000000000000000e+00,-6.505041145853714124e-02,-0.000000000000000000e+00,0.000000000000000000e+00,-0.000000000000000000e+00,-1.247595520291529120e-01,-0.000000000000000000e+00,0.000000000000000000e+00,0.000000000000000000e+00,-1.116925517563680664e-01,-4.145410855119978366e-02,1.568779765419617001e-01,-0.000000000000000000e+00,-5.727968632823285389e-02,0.000000000000000000e+00,-0.000000000000000000e+00,-4.160417948799330912e-01,0.000000000000000000e+00,0.000000000000000000e+00,0.000000000000000000e+00,0.000000000000000000e+00,-0.000000000000000000e+00,-0.000000000000000000e+00,0.000000000000000000e+00,-3.352561593331622181e-01,-1.591498431286614279e-01,-0.000000000000000000e+00,-0.000000000000000000e+00,-6.269853210959566714e-02,-0.000000000000000000e+00,-0.000000000000000000e+00,-3.715178997990373766e-01,-0.000000000000000000e+00,0.000000000000000000e+00,2.317927254335467424e+00,-0.000000000000000000e+00,-3.648931546151097383e-01,-0.000000000000000000e+00,1.307765086856167436e-01
-4.209597060676383701e-02,-1.127272545058096431e-01,-0.000000000000000000e+00,0.000000000000000000e+00,0.000000000000000000e+00,-0.000000000000000000e+00,-9.645323847010213447e-02,0.000000000000000000e+00,0.000000000000000000e+00,-1.032374126961038557e-01,-0.000000000000000000e+00,0.000000000000000000e+00,-0.000000000000000000e+00,-4.794731281441805271e-02,-0.000000000000000000e+00,-0.000000000000000000e+00,-0.000000000000000000e+00,-0.000000000000000000e+00,0.000000000000000000e+00,-6.899632906670807864e-02,-0.000000000000000000e+00,-0.000000000000000000e+00,-5.632242937527793224e-03,0.000000000000000000e+00,-0.000000000000000000e+00,-0.000000000000000000e+00,0.000000000000000000e+00,0.000000000000000000e+00,-0.000000000000000000e+00,-0.000000000000000000e+00,0.000000000000000000e+00,-0.000000000000000000e+00,0.000000000000000000e+00,0.000000000000000000e+00,-0.000000000000000000e+00,1.113320661306585579e+00,-5.663108673945656951e-02,-4.663054274339201860e-02,-0.000000000000000000e+00
-0.000000000000000000e+00,-2.478822507788434534e-02,-0.000000000000000000e+00,0.000000000000000000e+00,-0.000000000000000000e+00,-3.372936134130047892e-01,-0.000000000000000000e+00,0.000000000000000000e+00,-0.000000000000000000e+00,-0.000000000000000000e+00,-1.494902715263392023e-01,2.848846601439563031e-01,-0.000000000000000000e+00,-3.415993075061086737e-01,0.000000000000000000e+00,-0.000000000000000000e+00,-1.440689097458024981e-01,0.000000000000000000e+00,0.000000000000000000e+00,-0.000000000000000000e+00,-0.000000000000000000e+00,-1.399201552045028774e-01,-0.000000000000000000e+00,-0.000000000000000000e+00,-3.249890253319372979e-01,-1.572620153367159518e-02,-0.000000000000000000e+00,-0.000000000000000000e+00,-0.000000000000000000e+00,-0.000000000000000000e+00,-0.000000000000000000e+00,-6.256740392745847590e-01,-1.492726228154795873e-02,0.000000000000000000e+00,-3.648931546151097383e-01,-5.663108673945656951e-02,2.610494104988497543e+00,-6.952959502793425173e-02,0.000000000000000000e+00
-0.000000000000000000e+00,-0.000000000000000000e+00,-2.226262817734226893e-02,2.750224037118981224e-01,-0.000000000000000000e+00,-0.000000000000000000e+00,-0.000000000000000000e+00,0.000000000000000000e+00,-3.003344840302112420e-03,-0.000000000000000000e+00,-0.000000000000000000e+00,0.000000000000000000e+00,-0.000000000000000000e+00,-1.352889059987078535e-01,-0.000000000000000000e+00,-7.612387965384689870e-02,-0.000000000000000000e+00,-0.000000000000000000e+00,6.572236311430412758e-02,0.000000000000000000e+00,-0.000000000000000000e+00,-0.000000000000000000e+00,-3.644999995410383442e-02,-4.910116117548139585e-03,-0.000000000000000000e+00,-1.017128288296481435e-02,0.000000000000000000e+00,-0.000000000000000000e+00,-0.000000000000000000e+00,-0.000000000000000000e+00,-0.000000000000000000e+00,-0.000000000000000000e+00,-0.000000000000000000e+00,-0.000000000000000000e+00,-0.000000000000000000e+00,-4.663054274339201860e-02,-6.952959502793425173e-02,1.168359528968939243e+00,-0.000000000000000000e+00
0.000000000000000000e+00,0.000000000000000000e+00,-0.000000000000000000e+00,0.000000000000000000e+00,-0.000000000000000000e+00,0.000000000000000000e+00,0.000000000000000000e+00,0.000000000000000000e+00,-3.061783184017098369e-01,0.000000000000000000e+00,0.000000000000000000e+00,-4.374782687766602951e-01,7.932450199684118464e-02,0.000000000000000000e+00,-1.542917317830505286e-01,0.000000000000000000e+00,0.000000000000000000e+00,-0.000000000000000000e+00,0.000000000000000000e+00,0.000000000000000000e+00,-0.000000000000000000e+00,0.000000000000000000e+00,0.000000000000000000e+00,0.000000000000000000e+00,0.000000000000000000e+00,0.000000000000000000e+00,-0.000000000000000000e+00,-0.000000000000000000e+00,0.000000000000000000e+00,0.000000000000000000e+00,-0.000000000000000000e+00,0.000000000000000000e+00,0.000000000000000000e+00,-3.163935895854736446e-01,1.307765086856167436e-01,-0.000000000000000000e+00,0.000000000000000000e+00,-0.000000000000000000e+00,1.643310081145509471e+00
