2.108082761354654888e+00,-3.683788664344891939e-01,-0.000000000000000000e+00,-0.000000000000000000e+00,-0.000000000000000000e+00,-0.000000000000000000e+00,0.000000000000000000e+00,1.533274659048786681e-01,-0.000000000000000000e+00,-0.000000000000000000e+00,-0.000000000000000000e+00,-0.000000000000000000e+00,1.873372285591100861e-01,-0.000000000000000000e+00,-0.000000000000000000e+00,-0.000000000000000000e+00,0.000000000000000000e+00,-0.000000000000000000e+00,-0.000000000000000000e+00,0.000000000000000000e+00,-0.000000000000000000e+00,0.000000000000000000e+00,-0.000000000000000000e+00,-1.062034246523096137e-01,-1.587417641375651195e-02,-4.122038894960663447e-01,-0.000000000000000000e+00,-2.720601082329398429e-02,-4.484441919243211672e-01,0.000000000000000000e+00,-0.000000000000000000e+00,-0.000000000000000000e+00,0.000000000000000000e+00,-0.000000000000000000e+00,-0.000000000000000000e+00,-1.563636210371996682e-01,-0.000000000000000000e+00,-3.870649561699490149e-01,-0.000000000000000000e+00
-3.683788664344891939e-01,2.668250665594021687e+00,-0.000000000000000000e+00,-0.000000000000000000e+00,-4.279256026328400186e-01,-0.000000000000000000e+00,0.000000000000000000e+00,9.177798480753998622e-02,-0.000000000000000000e+00,-0.000000000000000000e+00,-0.000000000000000000e+00,-0.000000000000000000e+00,1.687712236720720349e-01,-0.000000000000000000e+00,0.000000000000000000e+00,-0.000000000000000000e+00,-0.000000000000000000e+00,-0.000000000000000000e+00,-0.000000000000000000e+00,0.000000000000000000e+00,-0.000000000000000000e+00,0.000000000000000000e+00,-0.000000000000000000e+00,-2.069524957728886283e-01,-0.000000000000000000e+00,-0.000000000000000000e+00,-4.410001266117481444e-01,-0.000000000000000000e+00,-5.321034300758989422e-02,0.000000000000000000e+00,-3.277712581452715823e-01,-5.611046206942033564e-03,0.000000000000000000e+00,-0.000000000000000000e+00,-9.090821191668388424e-03,-2.020940846834624605e-01,-5.286162475568558783e-01,-0.000000000000000000e+00,-2.309009045626924939e-01
-0.000000000000000000e+00,-0.000000000000000000e+00,3.281147514852547076e+00,-0.000000000000000000e+00,-0.000000000000000000e+00,0.000000000000000000e+00,-0.000000000000000000e+00,1.037341644380938455e+00,-0.000000000000000000e+00,-0.000000000000000000e+00,-0.000000000000000000e+00,-0.000000000000000000e+00,0.000000000000000000e+00,-0.000000000000000000e+00,-7.036266968985362968e-01,-0.000000000000000000e+00,-0.000000000000000000e+00,-0.000000000000000000e+00,-4.817634003912742990e-01,-3.173258265235188169e-01,-0.000000000000000000e+00,-0.000000000000000000e+00,0.000000000000000000e+00,-0.000000000000000000e+00,-0.000000000000000000e+00,-3.203984782721693292e-01,-1.287146527078392444e-01,-5.425240063340366348e-01,-0.000000000000000000e+00,-0.000000000000000000e+00,-0.000000000000000000e+00,-0.000000000000000000e+00,-1.742041686730107508e-01,-0.000000000000000000e+00,0.000000000000000000e+00,-0.000000000000000000e+00,-0.000000000000000000e+00,-0.000000000000000000e+00,-0.000000000000000000e+00
-0.000000000000000000e+00,-0.000000000000000000e+00,-0.000000000000000000e+00,1.208188782608960121e+00,0.000000000000000000e+00,-0.000000000000000000e+00,-2.770907725131617760e-01,1.772371265935112142e-02,0.000000000000000000e+00,0.000000000000000000e+00,-0.000000000000000000e+00,-0.000000000000000000e+00,-0.000000000000000000e+00,-2.943176700868548393e-02,0.000000000000000000e+00,0.000000000000000000e+00,-5.971162838818669383e-02,-0.000000000000000000e+00,-0.000000000000000000e+00,-3.175053624519719175e-01,7.455228972535112020e-02,-0.000000000000000000e+00,-0.000000000000000000e+00,0.000000000000000000e+00,0.000000000000000000e+00,-0.000000000000000000e+00,-6.840861812871406634e-03,-0.000000000000000000e+00,-0.000000000000000000e+00,0.000000000000000000e+00,-0.000000000000000000e+00,-0.000000000000000000e+00,-0.000000000000000000e+00,0.000000000000000000e+00,-0.000000000000000000e+00,-0.000000000000000000e+00,-0.000000000000000000e+00,0.000000000000000000e+00,0.000000000000000000e+00
-0.000000000000000000e+00,-4.279256026328400186e-01,-0.000000000000000000e+00,0.000000000000000000e+00,2.482156601735691748e+00,-0.000000000000000000e+00,-0.000000000000000000e+00,0.000000000000000000e+00,-1.530958268515632548e-01,-0.000000000000000000e+00,-0.000000000000000000e+00,-0.000000000000000000e+00,0.000000000000000000e+00,-3.879268889897501960e-01,-0.000000000000000000e+00,-0.000000000000000000e+00,-0.000000000000000000e+00,-6.765252979772795605e-02,-0.000000000000000000e+00,0.000000000000000000e+00,0.000000000000000000e+00,0.000000000000000000e+00,-6.719377425706456186e-02,-0.000000000000000000e+00,-0.000000000000000000e+00,-0.000000000000000000e+00,-9.489186930290953448e-02,0.000000000000000000e+00,-0.000000000000000000e+00,-0.000000000000000000e+00,-2.418798858604291960e-02,-0.000000000000000000e+00,0.000000000000000000e+00,-8.691034792388355745e-01,-0.000000000000000000e+00,-1.950346462960820260e-01,-0.000000000000000000e+00,-0.000000000000000000e+00,-3.068860802173365987e-01
-0.000000000000000000e+00,-0.000000000000000000e+00,0.000000000000000000e+00,-0.000000000000000000e+00,-0.000000000000000000e+00,2.748137884253267771e+00,0.000000000000000000e+00,0.000000000000000000e+00,0.000000000000000000e+00,0.000000000000000000e+00,-0.000000000000000000e+00,0.000000000000000000e+00,0.000000000000000000e+00,0.000000000000000000e+00,2.373555149391299579e-01,0.000000000000000000e+00,-0.000000000000000000e+00,-0.000000000000000000e+00,0.000000000000000000e+00,2.210370037012804600e-01,5.519508823534789027e-02,0.000000000000000000e+00,-2.368460171034388884e-01,-0.000000000000000000e+00,-0.000000000000000000e+00,0.000000000000000000e+00,0.000000000000000000e+00,0.000000000000000000e+00,-5.794846062205268877e-01,0.000000000000000000e+00,-0.000000000000000000e+00,-3.051749506076061325e-01,7.594989432828301856e-01,0.000000000000000000e+00,-6.904269551883605027e-01,-7.676092931795361340e-02,-0.000000000000000000e+00,0.000000000000000000e+00,-0.000000000000000000e+00
0.000000000000000000e+00,0.000000000000000000e+00,-0.000000000000000000e+00,-2.770907725131617760e-01,-0.000000000000000000e+00,0.000000000000000000e+00,1.280799467918916079e+00,0.000000000000000000e+00,0.000000000000000000e+00,-0.000000000000000000e+00,-0.000000000000000000e+00,0.000000000000000000e+00,-0.000000000000000000e+00,-0.000000000000000000e+00,-0.000000000000000000e+00,-0.000000000000000000e+00,0.000000000000000000e+00,1.272658730347102363e-01,-0.000000000000000000e+00,-3.292499391807097719e-01,0.000000000000000000e+00,-7.349081088994421918e-02,0.000000000000000000e+00,3.582168033015357966e-02,2.254681695979788431e-02,-0.000000000000000000e+00,0.000000000000000000e+00,-0.000000000000000000e+00,0.000000000000000000e+00,-0.000000000000000000e+00,0.000000000000000000e+00,0.000000000000000000e+00,-1.055482909802402114e-01,0.000000000000000000e+00,0.000000000000000000e+00,-0.000000000000000000e+00,0.000000000000000000e+00,-0.000000000000000000e+00,-0.000000000000000000e+00
1.533274659048786681e-01,9.177798480753998622e-02,1.037341644380938455e+00,1.772371265935112142e-02,0.000000000000000000e+00,0.000000000000000000e+00,0.000000000000000000e+00,2.966259459054564118e+00,0.000000000000000000e+00,0.000000000000000000e+00,0.000000000000000000e+00,2.058451633687900517e-01,-0.000000000000000000e+00,0.000000000000000000e+00,0.000000000000000000e+00,0.000000000000000000e+00,0.000000000000000000e+00,0.000000000000000000e+00,1.592888885708835800e-01,0.000000000000000000e+00,0.000000000000000000e+00,0.000000000000000000e+00,0.000000000000000000e+00,0.000000000000000000e+00,0.000000000000000000e+00,3.647854454278823266e-02,4.287483050598303036e-01,4.225044371548093425e-01,2.388500676983296850e-02,-0.000000000000000000e+00,4.823206857900451672e-01,7.192407887422142335e-03,0.000000000000000000e+00,0.000000000000000000e+00,0.000000000000000000e+00,0.000000000000000000e+00,9.575776759513036918e-02,0.000000000000000000e+00,0.000000000000000000e+00
-0.000000000000000000e+00,-0.000000000000000000e+00,-0.000000000000000000e+00,0.000000000000000000e+00,-1.530958268515632548e-01,0.000000000000000000e+00,0.000000000000000000e+00,0.000000000000000000e+00,1.804295608120265682e+00,-0.000000000000000000e+00,-0.000000000000000000e+00,-0.000000000000000000e+00,3.123180076217023024e-02,-2.602368888074979569e-02,-3.962810193435688244e-02,-4.718435805738678893e-03,0.000000000000000000e+00,-0.000000000000000000e+00,-0.000000000000000000e+00,0.000000000000000000e+00,-0.000000000000000000e+00,-0.000000000000000000e+00,-0.000000000000000000e+00,-0.000000000000000000e+00,-6.858465953488601663e-02,-4.086398506921376517e-01,-2.670776790265059694e-02,-0.000000000000000000e+00,-0.000000000000000000e+00,-4.057016831328441077e-03,-2.901685704263782042e-02,0.000000000000000000e+00,-0.000000000000000000e+00,-3.407791999394276794e-01,0.000000000000000000e+00,-0.000000000000000000e+00,-0.000000000000000000e+00,-3.271623172472573615e-01,-1.920874901037754878e-01
-0.000000000000000000e+00,-0.000000000000000000e+00,-0.000000000000000000e+00,0.000000000000000000e+00,-0.000000000000000000e+00,0.000000000000000000e+00,-0.000000000000000000e+00,0.000000000000000000e+00,-0.000000000000000000e+00,1.982219353948064589e+00,0.000000000000000000e+00,-0.000000000000000000e+00,-0.000000000000000000e+00,-0.000000000000000000e+00,-0.000000000000000000e+00,-1.116946983923335024e+00,0.000000000000000000e+00,0.000000000000000000e+00,-0.000000000000000000e+00,-0.000000000000000000e+00,-6.860536445354849765e-03,-2.174851797913277818e-01,0.000000000000000000e+00,0.000000000000000000e+00,0.000000000000000000e+00,-0.000000000000000000e+00,-0.000000000000000000e+00,0.000000000000000000e+00,7.001109780035356944e-02,-0.000000000000000000e+00,0.000000000000000000e+00,0.000000000000000000e+00,-1.031829613952064822e-01,-1.701976225265697945e-02,0.000000000000000000e+00,-1.340744914562797541e-01,0.000000000000000000e+00,-1.300492033571394868e-01,-1.200999634234886509e-01
-0.000000000000000000e+00,-0.000000000000000000e+00,-0.000000000000000000e+00,-0.000000000000000000e+00,-0.000000000000000000e+00,-0.000000000000000000e+00,-0.000000000000000000e+00,0.000000000000000000e+00,-0.000000000000000000e+00,0.000000000000000000e+00,1.175605620465285384e+00,-0.000000000000000000e+00,-0.000000000000000000e+00,-0.000000000000000000e+00,0.000000000000000000e+00,-0.000000000000000000e+00,-3.097321840630805068e-01,0.000000000000000000e+00,-0.000000000000000000e+00,0.000000000000000000e+00,0.000000000000000000e+00,0.000000000000000000e+00,-3.587432194377193628e-02,-0.000000000000000000e+00,-0.000000000000000000e+00,0.000000000000000000e+00,-0.000000000000000000e+00,-0.000000000000000000e+00,-3.171424914836636771e-02,-0.000000000000000000e+00,-2.242561548494072521e-01,-0.000000000000000000e+00,0.000000000000000000e+00,-0.000000000000000000e+00,-0.000000000000000000e+00,-0.000000000000000000e+00,-0.000000000000000000e+00,-0.000000000000000000e+00,-0.000000000000000000e+00
-0.000000000000000000e+00,-0.000000000000000000e+00,-0.000000000000000000e+00,-0.000000000000000000e+00,-0.000000000000000000e+00,0.000000000000000000e+00,0.000000000000000000e+00,2.058451633687900517e-01,-0.000000000000000000e+00,-0.000000000000000000e+00,-0.000000000000000000e+00,1.868086966667843685e+00,-0.000000000000000000e+00,0.000000000000000000e+00,-1.800401831859856638e-01,-0.000000000000000000e+00,-0.000000000000000000e+00,-6.314672875247262507e-01,-3.633091898508171713e-01,-0.000000000000000000e+00,0.000000000000000000e+00,-0.000000000000000000e+00,-0.000000000000000000e+00,0.000000000000000000e+00,-0.000000000000000000e+00,0.000000000000000000e+00,-0.000000000000000000e+00,-0.000000000000000000e+00,-0.000000000000000000e+00,-0.000000000000000000e+00,-4.958146721288096172e-03,-1.660654813560627843e-02,0.000000000000000000e+00,-3.067121265836361133e-01,-0.000000000000000000e+00,-0.000000000000000000e+00,-0.000000000000000000e+00,0.000000000000000000e+00,-0.000000000000000000e+00
1.873372285591100861e-01,1.687712236720720349e-01,0.000000000000000000e+00,-0.000000000000000000e+00,0.000000000000000000e+00,0.000000000000000000e+00,-0.000000000000000000e+00,-0.000000000000000000e+00,3.123180076217023024e-02,-0.000000000000000000e+00,-0.000000000000000000e+00,-0.000000000000000000e+00,1.213693167227859693e+00,0.000000000000000000e+00,0.000000000000000000e+00,0.000000000000000000e+00,-1.599240994563135287e-01,0.000000000000000000e+00,-0.000000000000000000e+00,-0.000000000000000000e+00,0.000000000000000000e+00,-0.000000000000000000e+00,-0.000000000000000000e+00,2.315161046389897434e-02,0.000000000000000000e+00,1.694868859982567588e-01,4.772935787900110111e-02,0.000000000000000000e+00,0.000000000000000000e+00,-0.000000000000000000e+00,0.000000000000000000e+00,-0.000000000000000000e+00,-0.000000000000000000e+00,0.000000000000000000e+00,0.000000000000000000e+00,0.000000000000000000e+00,0.000000000000000000e+00,1.323947470718545363e-02,0.000000000000000000e+00
-0.000000000000000000e+00,-0.000000000000000000e+00,-0.000000000000000000e+00,-2.943176700868548393e-02,-3.879268889897501960e-01,0.000000000000000000e+00,-0.000000000000000000e+00,0.000000000000000000e+00,-2.602368888074979569e-02,-0.000000000000000000e+00,-0.000000000000000000e+00,0.000000000000000000e+00,0.000000000000000000e+00,1.639066376621585830e+00,-0.000000000000000000e+00,-0.000000000000000000e+00,0.000000000000000000e+00,-0.000000000000000000e+00,-9.206398016398990858e-02,-0.000000000000000000e+00,0.000000000000000000e+00,0.000000000000000000e+00,-1.220432521653680852e-01,-0.000000000000000000e+00,-1.880091548226605902e-01,-4.179754287238144905e-01,-1.062363418583201352e-01,-0.000000000000000000e+00,0.000000000000000000e+00,-0.000000000000000000e+00,-0.000000000000000000e+00,0.000000000000000000e+00,-9.689168073247821089e-02,-0.000000000000000000e+00,0.000000000000000000e+00,-0.000000000000000000e+00,0.000000000000000000e+00,-6.377847821724369481e-02,-0.000000000000000000e+00
-0.000000000000000000e+00,0.000000000000000000e+00,-7.036266968985362968e-01,0.000000000000000000e+00,-0.000000000000000000e+00,2.373555149391299579e-01,-0.000000000000000000e+00,0.000000000000000000e+00,-3.962810193435688244e-02,-0.000000000000000000e+00,0.000000000000000000e+00,-1.800401831859856638e-01,0.000000000000000000e+00,-0.000000000000000000e+00,2.185214108208878958e+00,-1.492561072993663918e-01,0.000000000000000000e+00,0.000000000000000000e+00,-2.981590756900099892e-01,-2.486186521546027706e-01,-3.043619921578893939e-02,-5.841696428912320632e-02,0.000000000000000000e+00,0.000000000000000000e+00,-0.000000000000000000e+00,-9.453820342935213145e-03,-0.000000000000000000e+00,-1.058629587421526692e-02,0.000000000000000000e+00,-0.000000000000000000e+00,-0.000000000000000000e+00,0.000000000000000000e+00,-2.042775186593541459e-01,-1.036284467125765142e-02,0.000000000000000000e+00,-0.000000000000000000e+00,0.000000000000000000e+00,-3.312086103055326691e-01,-0.000000000000000000e+00
-0.000000000000000000e+00,-0.000000000000000000e+00,-0.000000000000000000e+00,0.000000000000000000e+00,-0.000000000000000000e+00,0.000000000000000000e+00,-0.000000000000000000e+00,0.000000000000000000e+00,-4.718435805738678893e-03,-1.116946983923335024e+00,-0.000000000000000000e+00,-0.000000000000000000e+00,0.000000000000000000e+00,-0.000000000000000000e+00,-1.492561072993663918e-01,2.096049800066741575e+00,0.000000000000000000e+00,0.000000000000000000e+00,-0.000000000000000000e+00,-0.000000000000000000e+00,-1.946325110207911824e-01,-0.000000000000000000e+00,-0.000000000000000000e+00,-0.000000000000000000e+00,-0.000000000000000000e+00,-1.574672892505767918e-01,-0.000000000000000000e+00,-0.000000000000000000e+00,0.000000000000000000e+00,-0.000000000000000000e+00,-0.000000000000000000e+00,0.000000000000000000e+00,-7.555992906214914484e-02,-0.000000000000000000e+00,0.000000000000000000e+00,-2.236707731171315161e-01,0.000000000000000000e+00,-1.865127142697713125e-01,-0.000000000000000000e+00
0.000000000000000000e+00,-0.000000000000000000e+00,-0.000000000000000000e+00,-5.971162838818669383e-02,-0.000000000000000000e+00,-0.000000000000000000e+00,0.000000000000000000e+00,0.000000000000000000e+00,0.000000000000000000e+00,0.000000000000000000e+00,-3.097321840630805068e-01,-0.000000000000000000e+00,-1.599240994563135287e-01,0.000000000000000000e+00,0.000000000000000000e+00,0.000000000000000000e+00,1.458443822277629476e+00,-0.000000000000000000e+00,-0.000000000000000000e+00,0.000000000000000000e+00,0.000000000000000000e+00,-0.000000000000000000e+00,-2.790321322664867515e-02,-0.000000000000000000e+00,0.000000000000000000e+00,0.000000000000000000e+00,-0.000000000000000000e+00,-0.000000000000000000e+00,-0.000000000000000000e+00,0.000000000000000000e+00,-2.523749888559287391e-02,-6.585229751155211586e-01,-0.000000000000000000e+00,-0.000000000000000000e+00,-0.000000000000000000e+00,-0.000000000000000000e+00,-0.000000000000000000e+00,3.329913829846165713e-02,0.000000000000000000e+00
-0.000000000000000000e+00,-0.000000000000000000e+00,-0.000000000000000000e+00,-0.000000000000000000e+00,-6.765252979772795605e-02,-0.000000000000000000e+00,1.272658730347102363e-01,0.000000000000000000e+00,-0.000000000000000000e+00,0.000000000000000000e+00,0.000000000000000000e+00,-6.314672875247262507e-01,0.000000000000000000e+00,-0.000000000000000000e+00,0.000000000000000000e+00,0.000000000000000000e+00,-0.000000000000000000e+00,1.660074275203197613e+00,-1.555021903578658327e-01,0.000000000000000000e+00,0.000000000000000000e+00,0.000000000000000000e+00,-0.000000000000000000e+00,-0.000000000000000000e+00,-9.567084457951860466e-02,-0.000000000000000000e+00,-7.986593464395184971e-02,-0.000000000000000000e+00,-1.030866864458932358e-01,0.000000000000000000e+00,-4.819231475499972939e-02,-2.521663720811095563e-02,0.000000000000000000e+00,-1.080092160437721160e-01,-1.137527627326616053e-01,-0.000000000000000000e+00,-2.734800012521961671e-02,0.000000000000000000e+00,-0.000000000000000000e+00
-0.000000000000000000e+00,-0.000000000000000000e+00,-4.817634003912742990e-01,-0.000000000000000000e+00,-0.000000000000000000e+00,0.000000000000000000e+00,-0.000000000000000000e+00,1.592888885708835800e-01,-0.000000000000000000e+00,-0.000000000000000000e+00,-0.000000000000000000e+00,-3.633091898508171713e-01,-0.000000000000000000e+00,-9.206398016398990858e-02,-2.981590756900099892e-01,-0.000000000000000000e+00,-0.000000000000000000e+00,-1.555021903578658327e-01,2.059398667067602329e+00,-0.000000000000000000e+00,-0.000000000000000000e+00,-0.000000000000000000e+00,-0.000000000000000000e+00,0.000000000000000000e+00,-0.000000000000000000e+00,-3.722617623767984080e-02,-7.825023927501918719e-02,-0.000000000000000000e+00,0.000000000000000000e+00,-0.000000000000000000e+00,-0.000000000000000000e+00,-0.000000000000000000e+00,-1.605601676266412980e-01,-2.643489814165780327e-01,0.000000000000000000e+00,-0.000000000000000000e+00,0.000000000000000000e+00,-0.000000000000000000e+00,0.000000000000000000e+00
0.000000000000000000e+00,0.000000000000000000e+00,-3.173258265235188169e-01,-3.175053624519719175e-01,0.000000000000000000e+00,2.210370037012804600e-01,-3.292499391807097719e-01,0.000000000000000000e+00,0.000000000000000000e+00,-0.000000000000000000e+00,0.000000000000000000e+00,-0.000000000000000000e+00,-0.000000000000000000e+00,-0.000000000000000000e+00,-2.486186521546027706e-01,-0.000000000000000000e+00,0.000000000000000000e+00,0.000000000000000000e+00,-0.000000000000000000e+00,1.659412566871085515e+00,0.000000000000000000e+00,-7.752575745754992920e-02,3.084047342489730503e-02,1.007530539585415746e-01,0.000000000000000000e+00,-0.000000000000000000e+00,-0.000000000000000000e+00,-1.259559943940559146e-01,0.000000000000000000e+00,0.000000000000000000e+00,0.000000000000000000e+00,0.000000000000000000e+00,-8.272170026366976181e-02,0.000000000000000000e+00,0.000000000000000000e+00,0.000000000000000000e+00,0.000000000000000000e+00,-0.000000000000000000e+00,0.000000000000000000e+00
-0.000000000000000000e+00,-0.000000000000000000e+00,-0.000000000000000000e+00,7.455228972535112020e-02,0.000000000000000000e+00,5.519508823534789027e-02,0.000000000000000000e+00,0.000000000000000000e+00,-0.000000000000000000e+00,-6.860536445354849765e-03,0.000000000000000000e+00,0.000000000000000000e+00,0.000000000000000000e+00,0.000000000000000000e+00,-3.043619921578893939e-02,-1.946325110207911824e-01,0.000000000000000000e+00,0.000000000000000000e+00,-0.000000000000000000e+00,0.000000000000000000e+00,1.126781558289619234e+00,-6.393388239480657376e-02,1.447569599834500065e-01,-0.000000000000000000e+00,1.845000397028422404e-02,-3.221354660274849263e-02,-0.000000000000000000e+00,-1.451102208668892668e-01,0.000000000000000000e+00,-0.000000000000000000e+00,-0.000000000000000000e+00,0.000000000000000000e+00,-0.000000000000000000e+00,-0.000000000000000000e+00,0.000000000000000000e+00,0.000000000000000000e+00,0.000000000000000000e+00,-0.000000000000000000e+00,-0.000000000000000000e+00
0.000000000000000000e+00,0.000000000000000000e+00,-0.000000000000000000e+00,-0.000000000000000000e+00,0.000000000000000000e+00,0.000000000000000000e+00,-7.349081088994421918e-02,0.000000000000000000e+00,-0.000000000000000000e+00,-2.174851797913277818e-01,0.000000000000000000e+00,-0.000000000000000000e+00,-0.000000000000000000e+00,0.000000000000000000e+00,-5.841696428912320632e-02,-0.000000000000000000e+00,-0.000000000000000000e+00,0.000000000000000000e+00,-0.000000000000000000e+00,-7.752575745754992920e-02,-6.393388239480657376e-02,1.556699742479195514e+00,0.000000000000000000e+00,0.000000000000000000e+00,3.146191053655530423e-01,-0.000000000000000000e+00,-0.000000000000000000e+00,-0.000000000000000000e+00,0.000000000000000000e+00,0.000000000000000000e+00,0.000000000000000000e+00,0.000000000000000000e+00,-5.962565999188008670e-01,-0.000000000000000000e+00,0.000000000000000000e+00,-0.000000000000000000e+00,0.000000000000000000e+00,-0.000000000000000000e+00,0.000000000000000000e+00
-0.000000000000000000e+00,-0.000000000000000000e+00,0.000000000000000000e+00,-0.000000000000000000e+00,-6.719377425706456186e-02,-2.368460171034388884e-01,0.000000000000000000e+00,0.000000000000000000e+00,-0.000000000000000000e+00,0.000000000000000000e+00,-3.587432194377193628e-02,-0.000000000000000000e+00,-0.000000000000000000e+00,-1.220432521653680852e-01,0.000000000000000000e+00,-0.000000000000000000e+00,-2.790321322664867515e-02,-0.000000000000000000e+00,-0.000000000000000000e+00,3.084047342489730503e-02,1.447569599834500065e-01,0.000000000000000000e+00,1.812983485763462133e+00,-1.541972054675085635e-01,-4.786526739802879904e-01,-0.000000000000000000e+00,-0.000000000000000000e+00,0.000000000000000000e+00,-0.000000000000000000e+00,0.000000000000000000e+00,-5.237643053593205034e-02,-4.114195583668207590e-01,0.000000000000000000e+00,-0.000000000000000000e+00,-7.126313852250731364e-03,-6.478750660034227060e-02,-5.312108342396304472e-02,0.000000000000000000e+00,-0.000000000000000000e+00
-1.062034246523096137e-01,-2.069524957728886283e-01,-0.000000000000000000e+00,0.000000000000000000e+00,-0.000000000000000000e+00,-0.000000000000000000e+00,3.582168033015357966e-02,0.000000000000000000e+00,-0.000000000000000000e+00,0.000000000000000000e+00,-0.000000000000000000e+00,0.000000000000000000e+00,2.315161046389897434e-02,-0.000000000000000000e+00,0.000000000000000000e+00,-0.000000000000000000e+00,-0.000000000000000000e+00,-0.000000000000000000e+00,0.000000000000000000e+00,1.007530539585415746e-01,-0.000000000000000000e+00,0.000000000000000000e+00,-1.541972054675085635e-01,1.680374565632885453e+00,-1.325213191593678785e-01,-0.000000000000000000e+00,-0.000000000000000000e+00,-0.000000000000000000e+00,-3.720822542582971626e-01,3.805259928351159039e-03,-3.255225693877233234e-02,-0.000000000000000000e+00,0.000000000000000000e+00,-0.000000000000000000e+00,-2.560155513671813488e-01,-0.000000000000000000e+00,-9.073906797476824493e-02,-0.000000000000000000e+00,-0.000000000000000000e+00
-1.587417641375651195e-02,-0.000000000000000000e+00,-0.000000000000000000e+00,0.000000000000000000e+00,-0.000000000000000000e+00,-0.000000000000000000e+00,2.254681695979788431e-02,0.000000000000000000e+00,-6.858465953488601663e-02,0.000000000000000000e+00,-0.000000000000000000e+00,-0.000000000000000000e+00,0.000000000000000000e+00,-1.880091548226605902e-01,-0.000000000000000000e+00,-0.000000000000000000e+00,0.000000000000000000e+00,-9.567084457951860466e-02,-0.000000000000000000e+00,0.000000000000000000e+00,1.845000397028422404e-02,3.146191053655530423e-01,-4.786526739802879904e-01,-1.325213191593678785e-01,1.821089964623654689e+00,-0.000000000000000000e+00,-0.000000000000000000e+00,-0.000000000000000000e+00,-4.527402084419142603e-01,0.000000000000000000e+00,-9.344424480868174232e-02,-0.000000000000000000e+00,0.000000000000000000e+00,-0.000000000000000000e+00,-0.000000000000000000e+00,-0.000000000000000000e+00,-0.000000000000000000e+00,-0.000000000000000000e+00,-0.000000000000000000e+00
-4.122038894960663447e-01,-0.000000000000000000e+00,-3.203984782721693292e-01,-0.000000000000000000e+00,-0.000000000000000000e+00,0.000000000000000000e+00,-0.000000000000000000e+00,3.647854454278823266e-02,-4.086398506921376517e-01,-0.000000000000000000e+00,0.000000000000000000e+00,0.000000000000000000e+00,1.694868859982567588e-01,-4.179754287238144905e-01,-9.453820342935213145e-03,-1.574672892505767918e-01,0.000000000000000000e+00,-0.000000000000000000e+00,-3.722617623767984080e-02,-0.000000000000000000e+00,-3.221354660274849263e-02,-0.000000000000000000e+00,-0.000000000000000000e+00,-0.000000000000000000e+00,-0.000000000000000000e+00,2.645676809325899104e+00,-6.975205812412011985e-01,-1.674222875738402838e-01,-0.000000000000000000e+00,0.000000000000000000e+00,-0.000000000000000000e+00,0.000000000000000000e+00,-0.000000000000000000e+00,-0.000000000000000000e+00,0.000000000000000000e+00,-0.000000000000000000e+00,-0.000000000000000000e+00,-1.113939308728684463e-01,-0.000000000000000000e+00
-0.000000000000000000e+00,-4.410001266117481444e-01,-1.287146527078392444e-01,-6.840861812871406634e-03,-9.489186930290953448e-02,0.000000000000000000e+00,0.000000000000000000e+00,4.287483050598303036e-01,-2.670776790265059694e-02,-0.000000000000000000e+00,-0.000000000000000000e+00,-0.000000000000000000e+00,4.772935787900110111e-02,-1.062363418583201352e-01,-0.000000000000000000e+00,-0.000000000000000000e+00,-0.000000000000000000e+00,-7.986593464395184971e-02,-7.825023927501918719e-02,-0.000000000000000000e+00,-0.000000000000000000e+00,-0.000000000000000000e+00,-0.000000000000000000e+00,-0.000000000000000000e+00,-0.000000000000000000e+00,-6.975205812412011985e-01,2.824380671285307010e+00,-2.435667390658398102e-01,-0.000000000000000000e+00,0.000000000000000000e+00,-5.218163463606221297e-01,-0.000000000000000000e+00,-0.000000000000000000e+00,-9.630790010828631231e-02,-0.000000000000000000e+00,-0.000000000000000000e+00,-0.000000000000000000e+00,-0.000000000000000000e+00,-0.000000000000000000e+00
-2.720601082329398429e-02,-0.000000000000000000e+00,-5.425240063340366348e-01,-0.000000000000000000e+00,0.000000000000000000e+00,0.000000000000000000e+00,-0.000000000000000000e+00,4.225044371548093425e-01,-0.000000000000000000e+00,0.000000000000000000e+00,-0.000000000000000000e+00,-0.000000000000000000e+00,0.000000000000000000e+00,-0.000000000000000000e+00,-1.058629587421526692e-02,-0.000000000000000000e+00,-0.000000000000000000e+00,-0.000000000000000000e+00,-0.000000000000000000e+00,-1.259559943940559146e-01,-1.451102208668892668e-01,-0.000000000000000000e+00,0.000000000000000000e+00,-0.000000000000000000e+00,-0.000000000000000000e+00,-1.674222875738402838e-01,-2.435667390658398102e-01,2.017311793976318324e+00,-0.000000000000000000e+00,0.000000000000000000e+00,-2.050313732827540036e-01,-0.000000000000000000e+00,-0.000000000000000000e+00,-0.000000000000000000e+00,-0.000000000000000000e+00,0.000000000000000000e+00,-0.000000000000000000e+00,-0.000000000000000000e+00,0.000000000000000000e+00
-4.484441919243211672e-01,-5.321034300758989422e-02,-0.000000000000000000e+00,-0.000000000000000000e+00,-0.000000000000000000e+00,-5.794846062205268877e-01,0.000000000000000000e+00,2.388500676983296850e-02,-0.000000000000000000e+00,7.001109780035356944e-02,-3.171424914836636771e-02,-0.000000000000000000e+00,0.000000000000000000e+00,0.000000000000000000e+00,0.000000000000000000e+00,0.000000000000000000e+00,-0.000000000000000000e+00,-1.030866864458932358e-01,0.000000000000000000e+00,0.000000000000000000e+00,0.000000000000000000e+00,0.000000000000000000e+00,-0.000000000000000000e+00,-3.720822542582971626e-01,-4.527402084419142603e-01,-0.000000000000000000e+00,-0.000000000000000000e+00,-0.000000000000000000e+00,2.955051232182640764e+00,0.000000000000000000e+00,-8.856408064618745413e-02,-2.561097604724874716e-02,2.702458320787249346e-01,-0.000000000000000000e+00,-5.659641664541122941e-01,-0.000000000000000000e+00,-4.039653361550197275e-01,0.000000000000000000e+00,-0.000000000000000000e+00
0.000000000000000000e+00,0.000000000000000000e+00,-0.000000000000000000e+00,0.000000000000000000e+00,-0.000000000000000000e+00,0.000000000000000000e+00,-0.000000000000000000e+00,-0.000000000000000000e+00,-4.057016831328441077e-03,-0.000000000000000000e+00,-0.000000000000000000e+00,-0.000000000000000000e+00,-0.000000000000000000e+00,-0.000000000000000000e+00,-0.000000000000000000e+00,-0.000000000000000000e+00,0.000000000000000000e+00,0.000000000000000000e+00,-0.000000000000000000e+00,0.000000000000000000e+00,-0.000000000000000000e+00,0.000000000000000000e+00,0.000000000000000000e+00,3.805259928351159039e-03,0.000000000000000000e+00,0.000000000000000000e+00,0.000000000000000000e+00,0.000000000000000000e+00,0.000000000000000000e+00,1.019297513064391092e+00,-0.000000000000000000e+00,0.000000000000000000e+00,-0.000000000000000000e+00,-0.000000000000000000e+00,1.389419619541313600e-01,0.000000000000000000e+00,0.000000000000000000e+00,0.000000000000000000e+00,-0.000000000000000000e+00
-0.000000000000000000e+00,-3.277712581452715823e-01,-0.000000000000000000e+00,-0.000000000000000000e+00,-2.418798858604291960e-02,-0.000000000000000000e+00,0.000000000000000000e+00,4.823206857900451672e-01,-2.901685704263782042e-02,0.000000000000000000e+00,-2.242561548494072521e-01,-4.958146721288096172e-03,0.000000000000000000e+00,-0.000000000000000000e+00,-0.000000000000000000e+00,-0.000000000000000000e+00,-2.523749888559287391e-02,-4.819231475499972939e-02,-0.000000000000000000e+00,0.000000000000000000e+00,-0.000000000000000000e+00,0.000000000000000000e+00,-5.237643053593205034e-02,-3.255225693877233234e-02,-9.344424480868174232e-02,-0.000000000000000000e+00,-5.218163463606221297e-01,-2.050313732827540036e-01,-8.856408064618745413e-02,-0.000000000000000000e+00,2.247730172338916699e+00,-1.901043090639636390e-01,0.000000000000000000e+00,-0.000000000000000000e+00,-0.000000000000000000e+00,-0.000000000000000000e+00,-7.964861545311251179e-02,-0.000000000000000000e+00,-0.000000000000000000e+00
-0.000000000000000000e+00,-5.611046206942033564e-03,-0.000000000000000000e+00,-0.000000000000000000e+00,-0.000000000000000000e+00,-3.051749506076061325e-01,0.000000000000000000e+00,7.192407887422142335e-03,0.000000000000000000e+00,0.000000000000000000e+00,-0.000000000000000000e+00,-1.660654813560627843e-02,-0.000000000000000000e+00,0.000000000000000000e+00,0.000000000000000000e+00,0.000000000000000000e+00,-6.585229751155211586e-01,-2.521663720811095563e-02,-0.000000000000000000e+00,0.000000000000000000e+00,0.000000000000000000e+00,0.000000000000000000e+00,-4.114195583668207590e-01,-0.000000000000000000e+00,-0.000000000000000000e+00,0.000000000000000000e+00,-0.000000000000000000e+00,-0.000000000000000000e+00,-2.561097604724874716e-02,0.000000000000000000e+00,-1.901043090639636390e-01,2.549610330668201641e+00,0.000000000000000000e+00,-0.000000000000000000e+00,-3.325233532906535783e-01,-0.000000000000000000e+00,-7.869774946445203812e-01,1.104610684752489608e-01,-0.000000000000000000e+00
0.000000000000000000e+00,0.000000000000000000e+00,-1.742041686730107508e-01,-0.000000000000000000e+00,0.000000000000000000e+00,7.594989432828301856e-01,-1.055482909802402114e-01,0.000000000000000000e+00,-0.000000000000000000e+00,-1.031829613952064822e-01,0.000000000000000000e+00,0.000000000000000000e+00,-0.000000000000000000e+00,-9.689168073247821089e-02,-2.042775186593541459e-01,-7.555992906214914484e-02,-0.000000000000000000e+00,0.000000000000000000e+00,-1.605601676266412980e-01,-8.272170026366976181e-02,-0.000000000000000000e+00,-5.962565999188008670e-01,0.000000000000000000e+00,0.000000000000000000e+00,0.000000000000000000e+00,-0.000000000000000000e+00,-0.000000000000000000e+00,-0.000000000000000000e+00,2.702458320787249346e-01,-0.000000000000000000e+00,0.000000000000000000e+00,0.000000000000000000e+00,2.320162797152674816e+00,-0.000000000000000000e+00,1.895919383975265271e-01,0.000000000000000000e+00,5.966431315706099969e-02,-0.000000000000000000e+00,0.000000000000000000e+00
-0.000000000000000000e+00,-0.000000000000000000e+00,-0.000000000000000000e+00,0.000000000000000000e+00,-8.691034792388355745e-01,0.000000000000000000e+00,0.000000000000000000e+00,0.000000000000000000e+00,-3.407791999394276794e-01,-1.701976225265697945e-02,-0.000000000000000000e+00,-3.067121265836361133e-01,0.000000000000000000e+00,-0.000000000000000000e+00,-1.036284467125765142e-02,-0.000000000000000000e+00,-0.000000000000000000e+00,-1.080092160437721160e-01,-2.643489814165780327e-01,0.000000000000000000e+00,-0.000000000000000000e+00,-0.000000000000000000e+00,-0.000000000000000000e+00,-0.000000000000000000e+00,-0.000000000000000000e+00,-0.000000000000000000e+00,-9.630790010828631231e-02,-0.000000000000000000e+00,-0.000000000000000000e+00,-0.000000000000000000e+00,-0.000000000000000000e+00,-0.000000000000000000e+00,-0.000000000000000000e+00,2.324006458347247062e+00,0.000000000000000000e+00,-1.358573509231140453e-01,-0.000000000000000000e+00,-1.090727643462878135e-02,-2.112421655558546774e-01
-0.000000000000000000e+00,-9.090821191668388424e-03,0.000000000000000000e+00,-0.000000000000000000e+00,-0.000000000000000000e+00,-6.904269551883605027e-01,0.000000000000000000e+00,0.000000000000000000e+00,0.000000000000000000e+00,0.000000000000000000e+00,-0.000000000000000000e+00,-0.000000000000000000e+00,0.000000000000000000e+00,0.000000000000000000e+00,0.000000000000000000e+00,0.000000000000000000e+00,-0.000000000000000000e+00,-1.137527627326616053e-01,0.000000000000000000e+00,0.000000000000000000e+00,0.000000000000000000e+00,0.000000000000000000e+00,-7.126313852250731364e-03,-2.560155513671813488e-01,-0.000000000000000000e+00,0.000000000000000000e+00,-0.000000000000000000e+00,-0.000000000000000000e+00,-5.659641664541122941e-01,1.389419619541313600e-01,-0.000000000000000000e+00,-3.325233532906535783e-01,1.895919383975265271e-01,0.000000000000000000e+00,2.808929264471275555e+00,-8.735930052954043968e-04,-6.923840593789720721e-01,0.000000000000000000e+00,-0.000000000000000000e+00
-1.563636210371996682e-01,-2.020940846834624605e-01,-0.000000000000000000e+00,-0.000000000000000000e+00,-1.950346462960820260e-01,-7.676092931795361340e-02,-0.000000000000000000e+00,0.000000000000000000e+00,-0.000000000000000000e+00,-1.340744914562797541e-01,-0.000000000000000000e+00,-0.000000000000000000e+00,0.000000000000000000e+00,-0.000000000000000000e+00,-0.000000000000000000e+00,-2.236707731171315161e-01,-0.000000000000000000e+00,-0.000000000000000000e+00,-0.000000000000000000e+00,0.000000000000000000e+00,0.000000000000000000e+00,-0.000000000000000000e+00,-6.478750660034227060e-02,-0.000000000000000000e+00,-0.000000000000000000e+00,-0.000000000000000000e+00,-0.000000000000000000e+00,0.000000000000000000e+00,-0.000000000000000000e+00,0.000000000000000000e+00,-0.000000000000000000e+00,-0.000000000000000000e+00,0.000000000000000000e+00,-1.358573509231140453e-01,-8.735930052954043968e-04,1.627749803357917857e+00,-0.000000000000000000e+00,-0.000000000000000000e+00,-3.247540247178846151e-01
-0.000000000000000000e+00,-5.286162475568558783e-01,-0.000000000000000000e+00,-0.000000000000000000e+00,-0.000000000000000000e+00,-0.000000000000000000e+00,0.000000000000000000e+00,9.575776759513036918e-02,-0.000000000000000000e+00,0.000000000000000000e+00,-0.000000000000000000e+00,-0.000000000000000000e+00,0.000000000000000000e+00,0.000000000000000000e+00,0.000000000000000000e+00,0.000000000000000000e+00,-0.000000000000000000e+00,-2.734800012521961671e-02,0.000000000000000000e+00,0.000000000000000000e+00,0.000000000000000000e+00,0.000000000000000000e+00,-5.312108342396304472e-02,-9.073906797476824493e-02,-0.000000000000000000e+00,-0.000000000000000000e+00,-0.000000000000000000e+00,-0.000000000000000000e+00,-4.039653361550197275e-01,0.000000000000000000e+00,-7.964861545311251179e-02,-7.869774946445203812e-01,5.966431315706099969e-02,-0.000000000000000000e+00,-6.923840593789720721e-01,-0.000000000000000000e+00,2.722107085143715022e+00,0.000000000000000000e+00,-0.000000000000000000e+00
-3.870649561699490149e-01,-0.000000000000000000e+00,-0.000000000000000000e+00,0.000000000000000000e+00,-0.000000000000000000e+00,0.000000000000000000e+00,-0.000000000000000000e+00,0.000000000000000000e+00,-3.271623172472573615e-01,-1.300492033571394868e-01,-0.000000000000000000e+00,0.000000000000000000e+00,1.323947470718545363e-02,-6.377847821724369481e-02,-3.312086103055326691e-01,-1.865127142697713125e-01,3.329913829846165713e-02,0.000000000000000000e+00,-0.000000000000000000e+00,-0.000000000000000000e+00,-0.000000000000000000e+00,-0.000000000000000000e+00,0.000000000000000000e+00,-0.000000000000000000e+00,-0.000000000000000000e+00,-1.113939308728684463e-01,-0.000000000000000000e+00,-0.000000000000000000e+00,0.000000000000000000e+00,0.000000000000000000e+00,-0.000000000000000000e+00,1.104610684752489608e-01,-0.000000000000000000e+00,-1.090727643462878135e-02,0.000000000000000000e+00,-0.000000000000000000e+00,0.000000000000000000e+00,1.785048422777564481e+00,-2.156139447321991920e-01
-0.000000000000000000e+00,-2.309009045626924939e-01,-0.000000000000000000e+00,0.000000000000000000e+00,-3.068860802173365987e-01,-0.000000000000000000e+00,-0.000000000000000000e+00,0.000000000000000000e+00,-1.920874901037754878e-01,-1.200999634234886509e-01,-0.000000000000000000e+00,-0.000000000000000000e+00,0.000000000000000000e+00,-0.000000000000000000e+00,-0.000000000000000000e+00,-0.000000000000000000e+00,0.000000000000000000e+00,-0.000000000000000000e+00,0.000000000000000000e+00,0.000000000000000000e+00,-0.000000000000000000e+00,0.000000000000000000e+00,-0.000000000000000000e+00,-0.000000000000000000e+00,-0.000000000000000000e+00,-0.000000000000000000e+00,-0.000000000000000000e+00,0.000000000000000000e+00,-0.000000000000000000e+00,-0.000000000000000000e+00,-0.000000000000000000e+00,-0.000000000000000000e+00,0.000000000000000000e+00,-2.112421655558546774e-01,-0.000000000000000000e+00,-3.247540247178846151e-01,-0.000000000000000000e+00,-2.156139447321991920e-01,1.764205478890718437e+00
