1.555003698853807403e+00,-5.442326420373382323e-01,-0.000000000000000000e+00,0.000000000000000000e+00,-0.000000000000000000e+00,-0.000000000000000000e+00,0.000000000000000000e+00,0.000000000000000000e+00,-0.000000000000000000e+00,-1.847961407635002329e-01,-0.000000000000000000e+00,0.000000000000000000e+00,-0.000000000000000000e+00,-0.000000000000000000e+00,0.000000000000000000e+00,-0.000000000000000000e+00,-0.000000000000000000e+00,0.000000000000000000e+00,0.000000000000000000e+00,0.000000000000000000e+00,-2.785964950559606246e-01,-0.000000000000000000e+00,-0.000000000000000000e+00,0.000000000000000000e+00,-0.000000000000000000e+00,-0.000000000000000000e+00,-0.000000000000000000e+00,-0.000000000000000000e+00,-0.000000000000000000e+00,-0.000000000000000000e+00,-0.000000000000000000e+00,-9.392689259209834052e-02,-0.000000000000000000e+00,0.000000000000000000e+00,-0.000000000000000000e+00,-3.415781339636248526e-01,-0.000000000000000000e+00,-0.000000000000000000e+00,-0.000000000000000000e+00
-5.442326420373382323e-01,1.594178116596569827e+00,-0.000000000000000000e+00,-0.000000000000000000e+00,-1.793374386104980567e-01,0.000000000000000000e+00,-0.000000000000000000e+00,3.943884572329520860e-02,-3.021169915262983743e-02,-4.304006982533980369e-02,0.000000000000000000e+00,-0.000000000000000000e+00,-0.000000000000000000e+00,-1.229893780031408729e-01,-0.000000000000000000e+00,-2.038025191103099154e-01,0.000000000000000000e+00,-0.000000000000000000e+00,-0.000000000000000000e+00,-0.000000000000000000e+00,-0.000000000000000000e+00,-8.473714958179136281e-02,-0.000000000000000000e+00,-0.000000000000000000e+00,-0.000000000000000000e+00,-0.000000000000000000e+00,-0.000000000000000000e+00,-2.319478364169847220e-02,-0.000000000000000000e+00,-0.000000000000000000e+00,-0.000000000000000000e+00,-0.000000000000000000e+00,-0.000000000000000000e+00,-0.000000000000000000e+00,0.000000000000000000e+00,-2.035215140439396442e-01,0.000000000000000000e+00,-5.701918061640517260e-02,-0.000000000000000000e+00
-0.000000000000000000e+00,-0.000000000000000000e+00,2.510050046728176554e+00,-0.000000000000000000e+00,-6.549262554541018799e-01,0.000000000000000000e+00,-0.000000000000000000e+00,6.552493550247977527e-01,-2.008647651422035552e-01,-0.000000000000000000e+00,0.000000000000000000e+00,-0.000000000000000000e+00,-0.000000000000000000e+00,-1.338785144440581554e-01,-0.000000000000000000e+00,-0.000000000000000000e+00,0.000000000000000000e+00,-1.230808180163835419e-01,-0.000000000000000000e+00,-9.676493690051014840e-02,-0.000000000000000000e+00,-2.842019713309609230e-01,-0.000000000000000000e+00,-0.000000000000000000e+00,-0.000000000000000000e+00,-0.000000000000000000e+00,-0.000000000000000000e+00,-7.866102758787067717e-02,-0.000000000000000000e+00,-2.293531967893962242e-02,0.000000000000000000e+00,0.000000000000000000e+00,-1.908211921989163284e-01,-3.126754141625447403e-01,0.000000000000000000e+00,-0.000000000000000000e+00,0.000000000000000000e+00,-0.000000000000000000e+00,-0.000000000000000000e+00
0.000000000000000000e+00,-0.000000000000000000e+00,-0.000000000000000000e+00,1.617401813525904508e+00,-0.000000000000000000e+00,0.000000000000000000e+00,-5.761886010636059208e-01,0.000000000000000000e+00,-0.000000000000000000e+00,-0.000000000000000000e+00,0.000000000000000000e+00,-0.000000000000000000e+00,-0.000000000000000000e+00,-0.000000000000000000e+00,-0.000000000000000000e+00,-0.000000000000000000e+00,0.000000000000000000e+00,-1.046484360944244379e-01,-0.000000000000000000e+00,-1.806423110512593924e-02,0.000000000000000000e+00,-0.000000000000000000e+00,-1.700000551055972642e-01,-2.637641174764679963e-01,-0.000000000000000000e+00,-0.000000000000000000e+00,0.000000000000000000e+00,-0.000000000000000000e+00,-0.000000000000000000e+00,-0.000000000000000000e+00,0.000000000000000000e+00,0.000000000000000000e+00,-0.000000000000000000e+00,-3.411927502179770699e-01,0.000000000000000000e+00,0.000000000000000000e+00,0.000000000000000000e+00,-0.000000000000000000e+00,-0.000000000000000000e+00
-0.000000000000000000e+00,-1.793374386104980567e-01,-6.549262554541018799e-01,-0.000000000000000000e+00,2.052797059788958656e+00,0.000000000000000000e+00,-0.000000000000000000e+00,3.542526002818425779e-01,-0.000000000000000000e+00,-4.710938282740999294e-02,0.000000000000000000e+00,-0.000000000000000000e+00,-6.877241596474706342e-02,-2.138717029858886176e-01,-0.000000000000000000e+00,-0.000000000000000000e+00,0.000000000000000000e+00,-5.954656309959950600e-02,-0.000000000000000000e+00,-0.000000000000000000e+00,-0.000000000000000000e+00,-0.000000000000000000e+00,-0.000000000000000000e+00,-0.000000000000000000e+00,-0.000000000000000000e+00,-4.078539857479231839e-02,-5.107244833970554093e-02,-4.626624601856482027e-02,-0.000000000000000000e+00,-8.034173086375301365e-03,-0.000000000000000000e+00,-0.000000000000000000e+00,-3.706975352844988358e-01,-4.656397332114183690e-02,0.000000000000000000e+00,-5.312778020619543518e-02,0.000000000000000000e+00,-0.000000000000000000e+00,-0.000000000000000000e+00
-0.000000000000000000e+00,0.000000000000000000e+00,0.000000000000000000e+00,0.000000000000000000e+00,0.000000000000000000e+00,2.454272147261357784e+00,0.000000000000000000e+00,-0.000000000000000000e+00,0.000000000000000000e+00,-0.000000000000000000e+00,-4.892316472805705030e-01,1.412299517220069744e-01,0.000000000000000000e+00,0.000000000000000000e+00,8.298971456891429677e-02,0.000000000000000000e+00,-5.172820255495717001e-01,1.418455558199132882e-01,1.021306081656123688e-01,5.459164878288007977e-02,-0.000000000000000000e+00,0.000000000000000000e+00,0.000000000000000000e+00,0.000000000000000000e+00,-0.000000000000000000e+00,0.000000000000000000e+00,-0.000000000000000000e+00,0.000000000000000000e+00,-0.000000000000000000e+00,0.000000000000000000e+00,-0.000000000000000000e+00,-2.695526950950697387e-01,0.000000000000000000e+00,8.466971676943375880e-02,-3.224673577479589270e-01,0.000000000000000000e+00,-2.035611096682467813e-01,0.000000000000000000e+00,1.398620769825845156e-01
0.000000000000000000e+00,-0.000000000000000000e+00,-0.000000000000000000e+00,-5.761886010636059208e-01,-0.000000000000000000e+00,0.000000000000000000e+00,1.269196702623386575e+00,0.000000000000000000e+00,-0.000000000000000000e+00,-0.000000000000000000e+00,0.000000000000000000e+00,0.000000000000000000e+00,0.000000000000000000e+00,-0.000000000000000000e+00,-0.000000000000000000e+00,-0.000000000000000000e+00,0.000000000000000000e+00,-0.000000000000000000e+00,-0.000000000000000000e+00,-2.676611158598653575e-02,0.000000000000000000e+00,-0.000000000000000000e+00,-0.000000000000000000e+00,-0.000000000000000000e+00,-0.000000000000000000e+00,-0.000000000000000000e+00,0.000000000000000000e+00,-0.000000000000000000e+00,-0.000000000000000000e+00,-0.000000000000000000e+00,0.000000000000000000e+00,0.000000000000000000e+00,-0.000000000000000000e+00,-0.000000000000000000e+00,0.000000000000000000e+00,0.000000000000000000e+00,0.000000000000000000e+00,0.000000000000000000e+00,-0.000000000000000000e+00
0.000000000000000000e+00,3.943884572329520860e-02,6.552493550247977527e-01,0.000000000000000000e+00,3.542526002818425779e-01,-0.000000000000000000e+00,0.000000000000000000e+00,1.788072641545387809e+00,1.248224357819429087e-01,0.000000000000000000e+00,-0.000000000000000000e+00,0.000000000000000000e+00,0.000000000000000000e+00,0.000000000000000000e+00,0.000000000000000000e+00,0.000000000000000000e+00,-0.000000000000000000e+00,0.000000000000000000e+00,0.000000000000000000e+00,0.000000000000000000e+00,0.000000000000000000e+00,2.230643942731509177e-01,0.000000000000000000e+00,0.000000000000000000e+00,-0.000000000000000000e+00,0.000000000000000000e+00,0.000000000000000000e+00,0.000000000000000000e+00,0.000000000000000000e+00,0.000000000000000000e+00,-0.000000000000000000e+00,-0.000000000000000000e+00,0.000000000000000000e+00,0.000000000000000000e+00,-2.723482747080085021e-03,1.331770283248108200e-01,-0.000000000000000000e+00,0.000000000000000000e+00,0.000000000000000000e+00
-0.000000000000000000e+00,-3.021169915262983743e-02,-2.008647651422035552e-01,-0.000000000000000000e+00,-0.000000000000000000e+00,0.000000000000000000e+00,-0.000000000000000000e+00,1.248224357819429087e-01,2.599879500096669016e+00,-0.000000000000000000e+00,1.853484395651259498e-01,-2.083380972692303323e-01,-0.000000000000000000e+00,-0.000000000000000000e+00,-2.832283881316325358e-01,-0.000000000000000000e+00,2.086041213737955743e-02,-1.726441168149466521e-01,-0.000000000000000000e+00,-3.064794768287889548e-01,0.000000000000000000e+00,-1.482278949303685589e-01,-2.205299228052237659e-01,-9.441689629386885996e-02,0.000000000000000000e+00,-0.000000000000000000e+00,0.000000000000000000e+00,-0.000000000000000000e+00,-0.000000000000000000e+00,-0.000000000000000000e+00,0.000000000000000000e+00,0.000000000000000000e+00,-0.000000000000000000e+00,-4.678715120980494468e-01,1.186467383323021735e-01,-0.000000000000000000e+00,0.000000000000000000e+00,-0.000000000000000000e+00,-3.406179892767121076e-01
-1.847961407635002329e-01,-4.304006982533980369e-02,-0.000000000000000000e+00,-0.000000000000000000e+00,-4.710938282740999294e-02,-0.000000000000000000e+00,-0.000000000000000000e+00,0.000000000000000000e+00,-0.000000000000000000e+00,1.474696137735621804e+00,-0.000000000000000000e+00,-0.000000000000000000e+00,-1.044315116843880058e-02,-2.558086960581450187e-02,0.000000000000000000e+00,-5.423128995359116633e-01,-0.000000000000000000e+00,-0.000000000000000000e+00,-0.000000000000000000e+00,-0.000000000000000000e+00,-6.326650205296772272e-03,-0.000000000000000000e+00,-0.000000000000000000e+00,0.000000000000000000e+00,-9.932452122667183303e-02,-0.000000000000000000e+00,-8.056011926325080952e-02,-6.720758177307356585e-03,-0.000000000000000000e+00,-1.085719935489947580e-01,-2.336812023983647901e-01,-0.000000000000000000e+00,-2.602105745217853094e-02,-0.000000000000000000e+00,-0.000000000000000000e+00,-0.000000000000000000e+00,0.000000000000000000e+00,-0.000000000000000000e+00,-0.000000000000000000e+00
-0.000000000000000000e+00,0.000000000000000000e+00,0.000000000000000000e+00,0.000000000000000000e+00,0.000000000000000000e+00,-4.892316472805705030e-01,0.000000000000000000e+00,-0.000000000000000000e+00,1.853484395651259498e-01,-0.000000000000000000e+00,2.716265670006803745e+00,8.738354625401045794e-02,0.000000000000000000e+00,0.000000000000000000e+00,4.290881767484848730e-01,0.000000000000000000e+00,-5.556246499205627076e-01,6.586622276891085370e-02,0.000000000000000000e+00,2.602223193068236018e-01,-0.000000000000000000e+00,3.209978487004317566e-02,0.000000000000000000e+00,0.000000000000000000e+00,-0.000000000000000000e+00,0.000000000000000000e+00,-0.000000000000000000e+00,0.000000000000000000e+00,0.000000000000000000e+00,0.000000000000000000e+00,-9.268883940878074046e-02,-1.715482995398901478e-01,0.000000000000000000e+00,1.369012706623958797e-01,-3.453520599542149738e-01,0.000000000000000000e+00,-0.000000000000000000e+00,0.000000000000000000e+00,0.000000000000000000e+00
0.000000000000000000e+00,-0.000000000000000000e+00,-0.000000000000000000e+00,-0.000000000000000000e+00,-0.000000000000000000e+00,1.412299517220069744e-01,0.000000000000000000e+00,0.000000000000000000e+00,-2.083380972692303323e-01,-0.000000000000000000e+00,8.738354625401045794e-02,2.157179510414005463e+00,-4.011566536138045508e-02,-0.000000000000000000e+00,-4.355300658184104168e-01,-0.000000000000000000e+00,1.478949797144750999e-01,-3.487937189679969352e-01,-2.085882881478542117e-01,-0.000000000000000000e+00,0.000000000000000000e+00,-3.361209744757388124e-02,-0.000000000000000000e+00,-0.000000000000000000e+00,0.000000000000000000e+00,-0.000000000000000000e+00,-0.000000000000000000e+00,-0.000000000000000000e+00,-0.000000000000000000e+00,-0.000000000000000000e+00,0.000000000000000000e+00,0.000000000000000000e+00,-0.000000000000000000e+00,-9.281683026628041733e-02,2.017599277265250401e-01,-0.000000000000000000e+00,0.000000000000000000e+00,-0.000000000000000000e+00,-1.439297126087207279e-01
-0.000000000000000000e+00,-0.000000000000000000e+00,-0.000000000000000000e+00,-0.000000000000000000e+00,-6.877241596474706342e-02,0.000000000000000000e+00,0.000000000000000000e+00,0.000000000000000000e+00,-0.000000000000000000e+00,-1.044315116843880058e-02,0.000000000000000000e+00,-4.011566536138045508e-02,1.028355281410481492e+00,-0.000000000000000000e+00,-0.000000000000000000e+00,-0.000000000000000000e+00,-0.000000000000000000e+00,-0.000000000000000000e+00,-0.000000000000000000e+00,-0.000000000000000000e+00,-0.000000000000000000e+00,-3.164431909480007899e-03,-0.000000000000000000e+00,-0.000000000000000000e+00,-0.000000000000000000e+00,-0.000000000000000000e+00,-1.172153485200572026e-01,-0.000000000000000000e+00,-0.000000000000000000e+00,-0.000000000000000000e+00,-0.000000000000000000e+00,-4.382155523701309480e-02,-1.183713200978006932e-02,-0.000000000000000000e+00,0.000000000000000000e+00,-0.000000000000000000e+00,-0.000000000000000000e+00,-0.000000000000000000e+00,-0.000000000000000000e+00
-0.000000000000000000e+00,-1.229893780031408729e-01,-1.338785144440581554e-01,-0.000000000000000000e+00,-2.138717029858886176e-01,0.000000000000000000e+00,-0.000000000000000000e+00,0.000000000000000000e+00,-0.000000000000000000e+00,-2.558086960581450187e-02,0.000000000000000000e+00,-0.000000000000000000e+00,-0.000000000000000000e+00,1.610519246416344252e+00,-0.000000000000000000e+00,-1.232344175565617955e-01,0.000000000000000000e+00,-0.000000000000000000e+00,-0.000000000000000000e+00,-0.000000000000000000e+00,-0.000000000000000000e+00,-1.492155484947091659e-01,-1.337622986661864133e-01,-0.000000000000000000e+00,-0.000000000000000000e+00,-1.766309125517219192e-01,-0.000000000000000000e+00,-1.495682483117379002e-01,-1.372495856822826543e-01,-1.898339202169590026e-02,-0.000000000000000000e+00,-0.000000000000000000e+00,-2.020526278462274894e-01,-0.000000000000000000e+00,0.000000000000000000e+00,-3.617821179655383856e-02,-0.000000000000000000e+00,-0.000000000000000000e+00,-0.000000000000000000e+00
0.000000000000000000e+00,-0.000000000000000000e+00,-0.000000000000000000e+00,-0.000000000000000000e+00,-0.000000000000000000e+00,8.298971456891429677e-02,-0.000000000000000000e+00,0.000000000000000000e+00,-2.832283881316325358e-01,0.000000000000000000e+00,4.290881767484848730e-01,-4.355300658184104168e-01,-0.000000000000000000e+00,-0.000000000000000000e+00,2.538409289449532924e+00,-0.000000000000000000e+00,1.777097276154435690e-01,-2.083144691283892250e-02,-0.000000000000000000e+00,-5.111830664540458757e-01,0.000000000000000000e+00,-0.000000000000000000e+00,-0.000000000000000000e+00,-5.463226871190974415e-02,0.000000000000000000e+00,-1.108434737699773437e-01,0.000000000000000000e+00,-0.000000000000000000e+00,-0.000000000000000000e+00,-0.000000000000000000e+00,2.739294293612837827e-01,1.824624340085683090e-03,-0.000000000000000000e+00,-1.042720005948020168e-01,2.728768845705749624e-01,-0.000000000000000000e+00,0.000000000000000000e+00,-0.000000000000000000e+00,-0.000000000000000000e+00
-0.000000000000000000e+00,-2.038025191103099154e-01,-0.000000000000000000e+00,-0.000000000000000000e+00,-0.000000000000000000e+00,0.000000000000000000e+00,-0.000000000000000000e+00,0.000000000000000000e+00,-0.000000000000000000e+00,-5.423128995359116633e-01,0.000000000000000000e+00,-0.000000000000000000e+00,-0.000000000000000000e+00,-1.232344175565617955e-01,-0.000000000000000000e+00,1.647257273258841304e+00,0.000000000000000000e+00,-1.267731472217201449e-01,-0.000000000000000000e+00,-0.000000000000000000e+00,-0.000000000000000000e+00,-9.246102941036828116e-02,-1.465879024568884914e-01,-0.000000000000000000e+00,-0.000000000000000000e+00,-8.677028434267762547e-02,-0.000000000000000000e+00,-0.000000000000000000e+00,-0.000000000000000000e+00,-2.555597146845579037e-01,-0.000000000000000000e+00,-0.000000000000000000e+00,-6.976358094522102813e-04,-0.000000000000000000e+00,0.000000000000000000e+00,-0.000000000000000000e+00,0.000000000000000000e+00,-1.075285210634028960e-01,-0.000000000000000000e+00
-0.000000000000000000e+00,0.000000000000000000e+00,0.000000000000000000e+00,0.000000000000000000e+00,0.000000000000000000e+00,-5.172820255495717001e-01,0.000000000000000000e+00,-0.000000000000000000e+00,2.086041213737955743e-02,-0.000000000000000000e+00,-5.556246499205627076e-01,1.478949797144750999e-01,-0.000000000000000000e+00,0.000000000000000000e+00,1.777097276154435690e-01,0.000000000000000000e+00,2.348762874455231575e+00,1.285655184494903644e-03,2.415204364260632730e-01,7.276842096994877440e-02,-0.000000000000000000e+00,0.000000000000000000e+00,0.000000000000000000e+00,0.000000000000000000e+00,-0.000000000000000000e+00,0.000000000000000000e+00,-0.000000000000000000e+00,0.000000000000000000e+00,-0.000000000000000000e+00,0.000000000000000000e+00,-7.400830795456686366e-03,-2.955967096645235603e-01,-0.000000000000000000e+00,0.000000000000000000e+00,-1.760065674643114253e-01,-0.000000000000000000e+00,-9.100023123131062430e-02,0.000000000000000000e+00,2.438192951062580910e-02
0.000000000000000000e+00,-0.000000000000000000e+00,-1.230808180163835419e-01,-1.046484360944244379e-01,-5.954656309959950600e-02,1.418455558199132882e-01,-0.000000000000000000e+00,0.000000000000000000e+00,-1.726441168149466521e-01,-0.000000000000000000e+00,6.586622276891085370e-02,-3.487937189679969352e-01,-0.000000000000000000e+00,-0.000000000000000000e+00,-2.083144691283892250e-02,-1.267731472217201449e-01,1.285655184494903644e-03,2.609832892249443148e+00,-6.649014396546669703e-01,-1.401228638459307320e-02,0.000000000000000000e+00,-0.000000000000000000e+00,-0.000000000000000000e+00,-0.000000000000000000e+00,-0.000000000000000000e+00,-0.000000000000000000e+00,0.000000000000000000e+00,-0.000000000000000000e+00,-0.000000000000000000e+00,-1.394115956419785137e-04,0.000000000000000000e+00,0.000000000000000000e+00,-6.914911780935810437e-02,-4.493208137961661741e-01,0.000000000000000000e+00,-0.000000000000000000e+00,0.000000000000000000e+00,-3.062784459725512165e-01,-1.839731584515853502e-01
0.000000000000000000e+00,-0.000000000000000000e+00,-0.000000000000000000e+00,-0.000000000000000000e+00,-0.000000000000000000e+00,1.021306081656123688e-01,-0.000000000000000000e+00,0.000000000000000000e+00,-0.000000000000000000e+00,-0.000000000000000000e+00,0.000000000000000000e+00,-2.085882881478542117e-01,-0.000000000000000000e+00,-0.000000000000000000e+00,-0.000000000000000000e+00,-0.000000000000000000e+00,2.415204364260632730e-01,-6.649014396546669703e-01,2.190962120434468918e+00,-0.000000000000000000e+00,0.000000000000000000e+00,-0.000000000000000000e+00,-0.000000000000000000e+00,-0.000000000000000000e+00,-0.000000000000000000e+00,-0.000000000000000000e+00,0.000000000000000000e+00,-0.000000000000000000e+00,0.000000000000000000e+00,-0.000000000000000000e+00,0.000000000000000000e+00,0.000000000000000000e+00,-0.000000000000000000e+00,-3.971978646025264847e-01,0.000000000000000000e+00,0.000000000000000000e+00,0.000000000000000000e+00,-1.376127817215236915e-01,-2.866250795303861287e-01
0.000000000000000000e+00,-0.000000000000000000e+00,-9.676493690051014840e-02,-1.806423110512593924e-02,-0.000000000000000000e+00,5.459164878288007977e-02,-2.676611158598653575e-02,0.000000000000000000e+00,-3.064794768287889548e-01,-0.000000000000000000e+00,2.602223193068236018e-01,-0.000000000000000000e+00,-0.000000000000000000e+00,-0.000000000000000000e+00,-5.111830664540458757e-01,-0.000000000000000000e+00,7.276842096994877440e-02,-1.401228638459307320e-02,-0.000000000000000000e+00,2.003539778355819756e+00,0.000000000000000000e+00,-1.062313380390794981e-01,-0.000000000000000000e+00,-1.418774987119977848e-02,0.000000000000000000e+00,-4.010897363644685141e-04,0.000000000000000000e+00,-4.697219118375058067e-02,-2.416219492252401624e-01,-0.000000000000000000e+00,1.108212339015376552e-01,3.862843168044826497e-02,-0.000000000000000000e+00,-1.232558526720045761e-01,0.000000000000000000e+00,-0.000000000000000000e+00,0.000000000000000000e+00,-0.000000000000000000e+00,-0.000000000000000000e+00
-2.785964950559606246e-01,-0.000000000000000000e+00,-0.000000000000000000e+00,0.000000000000000000e+00,-0.000000000000000000e+00,-0.000000000000000000e+00,0.000000000000000000e+00,0.000000000000000000e+00,0.000000000000000000e+00,-6.326650205296772272e-03,-0.000000000000000000e+00,0.000000000000000000e+00,-0.000000000000000000e+00,-0.000000000000000000e+00,0.000000000000000000e+00,-0.000000000000000000e+00,-0.000000000000000000e+00,0.000000000000000000e+00,0.000000000000000000e+00,0.000000000000000000e+00,1.305738706412500116e+00,-0.000000000000000000e+00,0.000000000000000000e+00,0.000000000000000000e+00,-0.000000000000000000e+00,-0.000000000000000000e+00,-0.000000000000000000e+00,-3.608290580892878907e-01,-0.000000000000000000e+00,-0.000000000000000000e+00,-3.079384655488691114e-01,-0.000000000000000000e+00,-0.000000000000000000e+00,0.000000000000000000e+00,-3.643719806867676270e-02,-0.000000000000000000e+00,-0.000000000000000000e+00,0.000000000000000000e+00,0.000000000000000000e+00
-0.000000000000000000e+00,-8.473714958179136281e-02,-2.842019713309609230e-01,-0.000000000000000000e+00,-0.000000000000000000e+00,0.000000000000000000e+00,-0.000000000000000000e+00,2.230643942731509177e-01,-1.482278949303685589e-01,-0.000000000000000000e+00,3.209978487004317566e-02,-3.361209744757388124e-02,-3.164431909480007899e-03,-1.492155484947091659e-01,-0.000000000000000000e+00,-9.246102941036828116e-02,0.000000000000000000e+00,-0.000000000000000000e+00,-0.000000000000000000e+00,-1.062313380390794981e-01,-0.000000000000000000e+00,1.650485825713357890e+00,-0.000000000000000000e+00,-1.231998231500393698e-01,-0.000000000000000000e+00,-0.000000000000000000e+00,-0.000000000000000000e+00,-1.607755878351447565e-01,-9.275518465384016698e-02,-1.025533152125447378e-01,0.000000000000000000e+00,0.000000000000000000e+00,-0.000000000000000000e+00,-9.660022146518362426e-03,0.000000000000000000e+00,-0.000000000000000000e+00,0.000000000000000000e+00,-0.000000000000000000e+00,-0.000000000000000000e+00
-0.000000000000000000e+00,-0.000000000000000000e+00,-0.000000000000000000e+00,-1.700000551055972642e-01,-0.000000000000000000e+00,0.000000000000000000e+00,-0.000000000000000000e+00,0.000000000000000000e+00,-2.205299228052237659e-01,-0.000000000000000000e+00,0.000000000000000000e+00,-0.000000000000000000e+00,-0.000000000000000000e+00,-1.337622986661864133e-01,-0.000000000000000000e+00,-1.465879024568884914e-01,0.000000000000000000e+00,-0.000000000000000000e+00,-0.000000000000000000e+00,-0.000000000000000000e+00,0.000000000000000000e+00,-0.000000000000000000e+00,1.572540515178239895e+00,-3.872665816480913015e-01,-1.996591056924115481e-01,-0.000000000000000000e+00,0.000000000000000000e+00,-0.000000000000000000e+00,-1.517754057325442982e-02,-2.034047898936808541e-01,0.000000000000000000e+00,-0.000000000000000000e+00,-0.000000000000000000e+00,-8.373102653450326116e-02,0.000000000000000000e+00,-0.000000000000000000e+00,0.000000000000000000e+00,-0.000000000000000000e+00,-3.703993822453104795e-02
0.000000000000000000e+00,-0.000000000000000000e+00,-0.000000000000000000e+00,-2.637641174764679963e-01,-0.000000000000000000e+00,0.000000000000000000e+00,-0.000000000000000000e+00,0.000000000000000000e+00,-9.441689629386885996e-02,0.000000000000000000e+00,0.000000000000000000e+00,-0.000000000000000000e+00,-0.000000000000000000e+00,-0.000000000000000000e+00,-5.463226871190974415e-02,-0.000000000000000000e+00,0.000000000000000000e+00,-0.000000000000000000e+00,-0.000000000000000000e+00,-1.418774987119977848e-02,0.000000000000000000e+00,-1.231998231500393698e-01,-3.872665816480913015e-01,1.544395678507950453e+00,-9.956151034061215543e-02,-0.000000000000000000e+00,0.000000000000000000e+00,-0.000000000000000000e+00,-2.932848408826024267e-01,-1.714318576845650158e-02,0.000000000000000000e+00,0.000000000000000000e+00,-0.000000000000000000e+00,-9.120331256043433255e-02,0.000000000000000000e+00,0.000000000000000000e+00,-0.000000000000000000e+00,-0.000000000000000000e+00,-0.000000000000000000e+00
-0.000000000000000000e+00,-0.000000000000000000e+00,-0.000000000000000000e+00,-0.000000000000000000e+00,-0.000000000000000000e+00,-0.000000000000000000e+00,-0.000000000000000000e+00,-0.000000000000000000e+00,0.000000000000000000e+00,-9.932452122667183303e-02,-0.000000000000000000e+00,0.000000000000000000e+00,-0.000000000000000000e+00,-0.000000000000000000e+00,0.000000000000000000e+00,-0.000000000000000000e+00,-0.000000000000000000e+00,-0.000000000000000000e+00,-0.000000000000000000e+00,0.000000000000000000e+00,-0.000000000000000000e+00,-0.000000000000000000e+00,-1.996591056924115481e-01,-9.956151034061215543e-02,1.230712199797371342e+00,-0.000000000000000000e+00,-0.000000000000000000e+00,-0.000000000000000000e+00,-3.941611371302956163e-02,-2.224288685610123148e-02,-0.000000000000000000e+00,-2.629956215172599143e-01,-0.000000000000000000e+00,-0.000000000000000000e+00,-3.800350882847720185e-02,0.000000000000000000e+00,-2.791656084362557633e-01,-0.000000000000000000e+00,0.000000000000000000e+00
-0.000000000000000000e+00,-0.000000000000000000e+00,-0.000000000000000000e+00,-0.000000000000000000e+00,-4.078539857479231839e-02,0.000000000000000000e+00,-0.000000000000000000e+00,0.000000000000000000e+00,-0.000000000000000000e+00,-0.000000000000000000e+00,0.000000000000000000e+00,-0.000000000000000000e+00,-0.000000000000000000e+00,-1.766309125517219192e-01,-1.108434737699773437e-01,-8.677028434267762547e-02,0.000000000000000000e+00,-0.000000000000000000e+00,-0.000000000000000000e+00,-4.010897363644685141e-04,-0.000000000000000000e+00,-0.000000000000000000e+00,-0.000000000000000000e+00,-0.000000000000000000e+00,-0.000000000000000000e+00,1.464831005350079041e+00,-1.813557257479113949e-01,-3.767598637926827809e-01,-3.151327469061654396e-01,-5.412445200459876232e-02,-0.000000000000000000e+00,0.000000000000000000e+00,-0.000000000000000000e+00,-0.000000000000000000e+00,0.000000000000000000e+00,-0.000000000000000000e+00,0.000000000000000000e+00,-0.000000000000000000e+00,-0.000000000000000000e+00
-0.000000000000000000e+00,-0.000000000000000000e+00,-0.000000000000000000e+00,0.000000000000000000e+00,-5.107244833970554093e-02,-0.000000000000000000e+00,0.000000000000000000e+00,0.000000000000000000e+00,0.000000000000000000e+00,-8.056011926325080952e-02,-0.000000000000000000e+00,-0.000000000000000000e+00,-1.172153485200572026e-01,-0.000000000000000000e+00,0.000000000000000000e+00,-0.000000000000000000e+00,-0.000000000000000000e+00,0.000000000000000000e+00,0.000000000000000000e+00,0.000000000000000000e+00,-0.000000000000000000e+00,-0.000000000000000000e+00,0.000000000000000000e+00,0.000000000000000000e+00,-0.000000000000000000e+00,-1.813557257479113949e-01,1.199911202126769938e+00,-0.000000000000000000e+00,-0.000000000000000000e+00,-0.000000000000000000e+00,-2.007102863532782555e-01,-1.857110135639540027e-01,-0.000000000000000000e+00,0.000000000000000000e+00,-0.000000000000000000e+00,-1.558402192126516483e-01,-0.000000000000000000e+00,-0.000000000000000000e+00,0.000000000000000000e+00
-0.000000000000000000e+00,-2.319478364169847220e-02,-7.866102758787067717e-02,-0.000000000000000000e+00,-4.626624601856482027e-02,0.000000000000000000e+00,-0.000000000000000000e+00,0.000000000000000000e+00,-0.000000000000000000e+00,-6.720758177307356585e-03,0.000000000000000000e+00,-0.000000000000000000e+00,-0.000000000000000000e+00,-1.495682483117379002e-01,-0.000000000000000000e+00,-0.000000000000000000e+00,0.000000000000000000e+00,-0.000000000000000000e+00,-0.000000000000000000e+00,-4.697219118375058067e-02,-3.608290580892878907e-01,-1.607755878351447565e-01,-0.000000000000000000e+00,-0.000000000000000000e+00,-0.000000000000000000e+00,-3.767598637926827809e-01,-0.000000000000000000e+00,1.553172443311171547e+00,-1.202471606890474637e-01,-0.000000000000000000e+00,-0.000000000000000000e+00,0.000000000000000000e+00,-1.482274976937864308e-01,-0.000000000000000000e+00,0.000000000000000000e+00,-0.000000000000000000e+00,-0.000000000000000000e+00,-1.411860366554143834e-02,-0.000000000000000000e+00
-0.000000000000000000e+00,-0.000000000000000000e+00,-0.000000000000000000e+00,-0.000000000000000000e+00,-0.000000000000000000e+00,-0.000000000000000000e+00,-0.000000000000000000e+00,0.000000000000000000e+00,-0.000000000000000000e+00,-0.000000000000000000e+00,0.000000000000000000e+00,-0.000000000000000000e+00,-0.000000000000000000e+00,-1.372495856822826543e-01,-0.000000000000000000e+00,-0.000000000000000000e+00,-0.000000000000000000e+00,-0.000000000000000000e+00,0.000000000000000000e+00,-2.416219492252401624e-01,-0.000000000000000000e+00,-9.275518465384016698e-02,-1.517754057325442982e-02,-2.932848408826024267e-01,-3.941611371302956163e-02,-3.151327469061654396e-01,-0.000000000000000000e+00,-1.202471606890474637e-01,1.451123488977098086e+00,-2.105025687120709241e-02,0.000000000000000000e+00,-0.000000000000000000e+00,-0.000000000000000000e+00,-0.000000000000000000e+00,-0.000000000000000000e+00,-0.000000000000000000e+00,-1.415078927538598874e-02,-0.000000000000000000e+00,0.000000000000000000e+00
-0.000000000000000000e+00,-0.000000000000000000e+00,-2.293531967893962242e-02,-0.000000000000000000e+00,-8.034173086375301365e-03,0.000000000000000000e+00,-0.000000000000000000e+00,0.000000000000000000e+00,-0.000000000000000000e+00,-1.085719935489947580e-01,0.000000000000000000e+00,-0.000000000000000000e+00,-0.000000000000000000e+00,-1.898339202169590026e-02,-0.000000000000000000e+00,-2.555597146845579037e-01,0.000000000000000000e+00,-1.394115956419785137e-04,-0.000000000000000000e+00,-0.000000000000000000e+00,-0.000000000000000000e+00,-1.025533152125447378e-01,-2.034047898936808541e-01,-1.714318576845650158e-02,-2.224288685610123148e-02,-5.412445200459876232e-02,-0.000000000000000000e+00,-0.000000000000000000e+00,-2.105025687120709241e-02,1.294987791054297510e+00,-0.000000000000000000e+00,-0.000000000000000000e+00,-2.457625924121610225e-02,-0.000000000000000000e+00,0.000000000000000000e+00,-0.000000000000000000e+00,-0.000000000000000000e+00,-1.280672867125920156e-01,-0.000000000000000000e+00
-0.000000000000000000e+00,-0.000000000000000000e+00,0.000000000000000000e+00,0.000000000000000000e+00,-0.000000000000000000e+00,-0.000000000000000000e+00,0.000000000000000000e+00,-0.000000000000000000e+00,0.000000000000000000e+00,-2.336812023983647901e-01,-9.268883940878074046e-02,0.000000000000000000e+00,-0.000000000000000000e+00,-0.000000000000000000e+00,2.739294293612837827e-01,-0.000000000000000000e+00,-7.400830795456686366e-03,0.000000000000000000e+00,0.000000000000000000e+00,1.108212339015376552e-01,-3.079384655488691114e-01,0.000000000000000000e+00,0.000000000000000000e+00,0.000000000000000000e+00,-0.000000000000000000e+00,-0.000000000000000000e+00,-2.007102863532782555e-01,-0.000000000000000000e+00,0.000000000000000000e+00,-0.000000000000000000e+00,1.519776132480691988e+00,-2.466281669288968581e-01,-2.820369360413725324e-01,0.000000000000000000e+00,-6.106273324034160871e-02,-0.000000000000000000e+00,-0.000000000000000000e+00,-0.000000000000000000e+00,0.000000000000000000e+00
-9.392689259209834052e-02,-0.000000000000000000e+00,0.000000000000000000e+00,0.000000000000000000e+00,-0.000000000000000000e+00,-2.695526950950697387e-01,0.000000000000000000e+00,-0.000000000000000000e+00,0.000000000000000000e+00,-0.000000000000000000e+00,-1.715482995398901478e-01,0.000000000000000000e+00,-4.382155523701309480e-02,-0.000000000000000000e+00,1.824624340085683090e-03,-0.000000000000000000e+00,-2.955967096645235603e-01,0.000000000000000000e+00,0.000000000000000000e+00,3.862843168044826497e-02,-0.000000000000000000e+00,0.000000000000000000e+00,-0.000000000000000000e+00,0.000000000000000000e+00,-2.629956215172599143e-01,0.000000000000000000e+00,-1.857110135639540027e-01,0.000000000000000000e+00,-0.000000000000000000e+00,-0.000000000000000000e+00,-2.466281669288968581e-01,1.636716235327513314e+00,-0.000000000000000000e+00,0.000000000000000000e+00,-8.881861346244085409e-02,-0.000000000000000000e+00,-6.012408528031436966e-02,-0.000000000000000000e+00,0.000000000000000000e+00
-0.000000000000000000e+00,-0.000000000000000000e+00,-1.908211921989163284e-01,-0.000000000000000000e+00,-3.706975352844988358e-01,0.000000000000000000e+00,-0.000000000000000000e+00,0.000000000000000000e+00,-0.000000000000000000e+00,-2.602105745217853094e-02,0.000000000000000000e+00,-0.000000000000000000e+00,-1.183713200978006932e-02,-2.020526278462274894e-01,-0.000000000000000000e+00,-6.976358094522102813e-04,-0.000000000000000000e+00,-6.914911780935810437e-02,-0.000000000000000000e+00,-0.000000000000000000e+00,-0.000000000000000000e+00,-0.000000000000000000e+00,-0.000000000000000000e+00,-0.000000000000000000e+00,-0.000000000000000000e+00,-0.000000000000000000e+00,-0.000000000000000000e+00,-1.482274976937864308e-01,-0.000000000000000000e+00,-2.457625924121610225e-02,-2.820369360413725324e-01,-0.000000000000000000e+00,1.494915483743248119e+00,-2.989514695674700545e-02,0.000000000000000000e+00,-0.000000000000000000e+00,0.000000000000000000e+00,-4.155987949036370893e-02,-0.000000000000000000e+00
0.000000000000000000e+00,-0.000000000000000000e+00,-3.126754141625447403e-01,-3.411927502179770699e-01,-4.656397332114183690e-02,8.466971676943375880e-02,-0.000000000000000000e+00,0.000000000000000000e+00,-4.678715120980494468e-01,-0.000000000000000000e+00,1.369012706623958797e-01,-9.281683026628041733e-02,-0.000000000000000000e+00,-0.000000000000000000e+00,-1.042720005948020168e-01,-0.000000000000000000e+00,0.000000000000000000e+00,-4.493208137961661741e-01,-3.971978646025264847e-01,-1.232558526720045761e-01,0.000000000000000000e+00,-9.660022146518362426e-03,-8.373102653450326116e-02,-9.120331256043433255e-02,-0.000000000000000000e+00,-0.000000000000000000e+00,0.000000000000000000e+00,-0.000000000000000000e+00,-0.000000000000000000e+00,-0.000000000000000000e+00,0.000000000000000000e+00,0.000000000000000000e+00,-2.989514695674700545e-02,2.654581596979069591e+00,7.401684419387248581e-02,-0.000000000000000000e+00,0.000000000000000000e+00,-2.880508219365049416e-02,-9.941349865972878841e-02
-0.000000000000000000e+00,0.000000000000000000e+00,0.000000000000000000e+00,0.000000000000000000e+00,0.000000000000000000e+00,-3.224673577479589270e-01,0.000000000000000000e+00,-2.723482747080085021e-03,1.186467383323021735e-01,-0.000000000000000000e+00,-3.453520599542149738e-01,2.017599277265250401e-01,0.000000000000000000e+00,0.000000000000000000e+00,2.728768845705749624e-01,0.000000000000000000e+00,-1.760065674643114253e-01,0.000000000000000000e+00,0.000000000000000000e+00,0.000000000000000000e+00,-3.643719806867676270e-02,0.000000000000000000e+00,0.000000000000000000e+00,0.000000000000000000e+00,-3.800350882847720185e-02,0.000000000000000000e+00,-0.000000000000000000e+00,0.000000000000000000e+00,-0.000000000000000000e+00,0.000000000000000000e+00,-6.106273324034160871e-02,-8.881861346244085409e-02,0.000000000000000000e+00,7.401684419387248581e-02,2.105226786612675038e+00,-0.000000000000000000e+00,-3.977157821442758312e-01,0.000000000000000000e+00,0.000000000000000000e+00
-3.415781339636248526e-01,-2.035215140439396442e-01,-0.000000000000000000e+00,0.000000000000000000e+00,-5.312778020619543518e-02,0.000000000000000000e+00,0.000000000000000000e+00,1.331770283248108200e-01,-0.000000000000000000e+00,-0.000000000000000000e+00,0.000000000000000000e+00,-0.000000000000000000e+00,-0.000000000000000000e+00,-3.617821179655383856e-02,-0.000000000000000000e+00,-0.000000000000000000e+00,-0.000000000000000000e+00,-0.000000000000000000e+00,0.000000000000000000e+00,-0.000000000000000000e+00,-0.000000000000000000e+00,-0.000000000000000000e+00,-0.000000000000000000e+00,0.000000000000000000e+00,0.000000000000000000e+00,-0.000000000000000000e+00,-1.558402192126516483e-01,-0.000000000000000000e+00,-0.000000000000000000e+00,-0.000000000000000000e+00,-0.000000000000000000e+00,-0.000000000000000000e+00,-0.000000000000000000e+00,-0.000000000000000000e+00,-0.000000000000000000e+00,1.291899185785230442e+00,-0.000000000000000000e+00,-0.000000000000000000e+00,-0.000000000000000000e+00
-0.000000000000000000e+00,0.000000000000000000e+00,0.000000000000000000e+00,0.000000000000000000e+00,0.000000000000000000e+00,-2.035611096682467813e-01,0.000000000000000000e+00,-0.000000000000000000e+00,0.000000000000000000e+00,0.000000000000000000e+00,-0.000000000000000000e+00,0.000000000000000000e+00,-0.000000000000000000e+00,-0.000000000000000000e+00,0.000000000000000000e+00,0.000000000000000000e+00,-9.100023123131062430e-02,0.000000000000000000e+00,0.000000000000000000e+00,0.000000000000000000e+00,-0.000000000000000000e+00,0.000000000000000000e+00,0.000000000000000000e+00,-0.000000000000000000e+00,-2.791656084362557633e-01,0.000000000000000000e+00,-0.000000000000000000e+00,-0.000000000000000000e+00,-1.415078927538598874e-02,-0.000000000000000000e+00,-0.000000000000000000e+00,-6.012408528031436966e-02,0.000000000000000000e+00,0.000000000000000000e+00,-3.977157821442758312e-01,-0.000000000000000000e+00,1.396160065727400701e+00,0.000000000000000000e+00,0.000000000000000000e+00
-0.000000000000000000e+00,-5.701918061640517260e-02,-0.000000000000000000e+00,-0.000000000000000000e+00,-0.000000000000000000e+00,0.000000000000000000e+00,0.000000000000000000e+00,0.000000000000000000e+00,-0.000000000000000000e+00,-0.000000000000000000e+00,0.000000000000000000e+00,-0.000000000000000000e+00,-0.000000000000000000e+00,-0.000000000000000000e+00,-0.000000000000000000e+00,-1.075285210634028960e-01,0.000000000000000000e+00,-3.062784459725512165e-01,-1.376127817215236915e-01,-0.000000000000000000e+00,0.000000000000000000e+00,-0.000000000000000000e+00,-0.000000000000000000e+00,-0.000000000000000000e+00,-0.000000000000000000e+00,-0.000000000000000000e+00,-0.000000000000000000e+00,-1.411860366554143834e-02,-0.000000000000000000e+00,-1.280672867125920156e-01,-0.000000000000000000e+00,-0.000000000000000000e+00,-4.155987949036370893e-02,-2.880508219365049416e-02,0.000000000000000000e+00,-0.000000000000000000e+00,0.000000000000000000e+00,1.608161060073064252e+00,-5.352988837646558418e-01
-0.000000000000000000e+00,-0.000000000000000000e+00,-0.000000000000000000e+00,-0.000000000000000000e+00,-0.000000000000000000e+00,1.398620769825845156e-01,-0.000000000000000000e+00,0.000000000000000000e+00,-3.406179892767121076e-01,-0.000000000000000000e+00,0.000000000000000000e+00,-1.439297126087207279e-01,-0.000000000000000000e+00,-0.000000000000000000e+00,-0.000000000000000000e+00,-0.000000000000000000e+00,2.438192951062580910e-02,-1.839731584515853502e-01,-2.866250795303861287e-01,-0.000000000000000000e+00,0.000000000000000000e+00,-0.000000000000000000e+00,-3.703993822453104795e-02,-0.000000000000000000e+00,0.000000000000000000e+00,-0.000000000000000000e+00,0.000000000000000000e+00,-0.000000000000000000e+00,0.000000000000000000e+00,-0.000000000000000000e+00,0.000000000000000000e+00,0.000000000000000000e+00,-0.000000000000000000e+00,-9.941349865972878841e-02,0.000000000000000000e+00,-0.000000000000000000e+00,0.000000000000000000e+00,-5.352988837646558418e-01,1.948975438823606465e+00
