2.766069892835385069e+00,-1.227529801997977454e+00,-0.000000000000000000e+00,-3.235635430751310770e-01,-0.000000000000000000e+00,0.000000000000000000e+00,0.000000000000000000e+00,0.000000000000000000e+00,-0.000000000000000000e+00,-5.405480852776680667e-01,-0.000000000000000000e+00,-0.000000000000000000e+00,-0.000000000000000000e+00,-0.000000000000000000e+00,0.000000000000000000e+00,-2.888052786130052563e-01,-0.000000000000000000e+00,-5.717641646364702429e-02,-0.000000000000000000e+00,-0.000000000000000000e+00,0.000000000000000000e+00,-0.000000000000000000e+00,-0.000000000000000000e+00,0.000000000000000000e+00,-0.000000000000000000e+00,-0.000000000000000000e+00,-0.000000000000000000e+00,-0.000000000000000000e+00,-1.401430986736517011e-02,-2.503213753707415612e-01,0.000000000000000000e+00,-0.000000000000000000e+00,-0.000000000000000000e+00,-0.000000000000000000e+00,-0.000000000000000000e+00,0.000000000000000000e+00,-0.000000000000000000e+00,-0.000000000000000000e+00,-8.610261941010206865e-02
-1.227529801997977454e+00,2.373973370703793773e+00,-0.000000000000000000e+00,-9.124668956924521235e-02,-0.000000000000000000e+00,0.000000000000000000e+00,0.000000000000000000e+00,0.000000000000000000e+00,-3.036519449260334513e-02,-1.082654548808961725e-01,-0.000000000000000000e+00,-0.000000000000000000e+00,-0.000000000000000000e+00,-0.000000000000000000e+00,0.000000000000000000e+00,-1.059988261072955518e-01,-0.000000000000000000e+00,-1.415692225183037278e-01,-6.722181730800075306e-02,0.000000000000000000e+00,0.000000000000000000e+00,-0.000000000000000000e+00,-0.000000000000000000e+00,0.000000000000000000e+00,-0.000000000000000000e+00,-1.091480613612959413e-03,-0.000000000000000000e+00,-0.000000000000000000e+00,-0.000000000000000000e+00,-0.000000000000000000e+00,0.000000000000000000e+00,-4.116090108671592862e-01,-0.000000000000000000e+00,-0.000000000000000000e+00,0.000000000000000000e+00,0.000000000000000000e+00,-0.000000000000000000e+00,-8.146751521746206648e-02,-4.106749205771598188e-02
-0.000000000000000000e+00,-0.000000000000000000e+00,2.369743040406401047e+00,-1.481472621418813106e-02,-2.316069835031496493e-01,5.525389990760364717e-02,-0.000000000000000000e+00,0.000000000000000000e+00,-0.000000000000000000e+00,-0.000000000000000000e+00,-0.000000000000000000e+00,-0.000000000000000000e+00,0.000000000000000000e+00,-1.647984820557439889e-01,-0.000000000000000000e+00,-0.000000000000000000e+00,-0.000000000000000000e+00,-0.000000000000000000e+00,-1.745160007352401510e-01,-0.000000000000000000e+00,-0.000000000000000000e+00,-0.000000000000000000e+00,-3.087224869077786482e-01,-0.000000000000000000e+00,0.000000000000000000e+00,-2.437684262791437462e-01,-4.876219722543663204e-01,-3.302618531241006683e-01,-0.000000000000000000e+00,-0.000000000000000000e+00,-3.698029765300424598e-01,-0.000000000000000000e+00,-3.833922826733651701e-01,-9.040392323898362170e-02,-0.000000000000000000e+00,-4.573968307394336158e-02,-0.000000000000000000e+00,-0.000000000000000000e+00,-0.000000000000000000e+00
-3.235635430751310770e-01,-9.124668956924521235e-02,-1.481472621418813106e-02,1.689979292562771462e+00,-1.955807397450528007e-01,0.000000000000000000e+00,1.101630730683731269e-01,0.000000000000000000e+00,-2.093892824440402312e-01,-6.362484570343755752e-02,0.000000000000000000e+00,-0.000000000000000000e+00,-5.167137331841005661e-03,-0.000000000000000000e+00,0.000000000000000000e+00,-0.000000000000000000e+00,-0.000000000000000000e+00,-3.568449394477246073e-01,-0.000000000000000000e+00,-0.000000000000000000e+00,0.000000000000000000e+00,-0.000000000000000000e+00,-1.584301150071533958e-03,0.000000000000000000e+00,0.000000000000000000e+00,-0.000000000000000000e+00,-2.360483069540859208e-02,0.000000000000000000e+00,-9.107673452427218763e-02,-0.000000000000000000e+00,0.000000000000000000e+00,-1.660000604981578531e-01,-0.000000000000000000e+00,-0.000000000000000000e+00,-0.000000000000000000e+00,9.888683466547892875e-02,-0.000000000000000000e+00,-0.000000000000000000e+00,-0.000000000000000000e+00
-0.000000000000000000e+00,-0.000000000000000000e+00,-2.316069835031496493e-01,-1.955807397450528007e-01,2.307509259705590843e+00,0.000000000000000000e+00,0.000000000000000000e+00,1.051895442670969655e-01,-1.391777725217487396e-02,-0.000000000000000000e+00,-0.000000000000000000e+00,-0.000000000000000000e+00,0.000000000000000000e+00,-0.000000000000000000e+00,0.000000000000000000e+00,-0.000000000000000000e+00,-0.000000000000000000e+00,-9.828059236199080395e-01,-3.216744417180059101e-01,0.000000000000000000e+00,0.000000000000000000e+00,0.000000000000000000e+00,-0.000000000000000000e+00,-0.000000000000000000e+00,-0.000000000000000000e+00,-0.000000000000000000e+00,-0.000000000000000000e+00,-0.000000000000000000e+00,0.000000000000000000e+00,-0.000000000000000000e+00,-0.000000000000000000e+00,-0.000000000000000000e+00,0.000000000000000000e+00,-4.155295464958912999e-01,0.000000000000000000e+00,-0.000000000000000000e+00,0.000000000000000000e+00,0.000000000000000000e+00,-0.000000000000000000e+00
0.000000000000000000e+00,0.000000000000000000e+00,5.525389990760364717e-02,0.000000000000000000e+00,0.000000000000000000e+00,1.034114556943732222e+00,0.000000000000000000e+00,0.000000000000000000e+00,0.000000000000000000e+00,0.000000000000000000e+00,-0.000000000000000000e+00,-0.000000000000000000e+00,-0.000000000000000000e+00,-0.000000000000000000e+00,-9.269606174929258258e-02,0.000000000000000000e+00,-2.854649922316838950e-02,0.000000000000000000e+00,0.000000000000000000e+00,0.000000000000000000e+00,-0.000000000000000000e+00,3.531959677071822012e-02,0.000000000000000000e+00,-1.316193220346626169e-01,-3.672026691579299840e-02,0.000000000000000000e+00,0.000000000000000000e+00,0.000000000000000000e+00,-0.000000000000000000e+00,0.000000000000000000e+00,0.000000000000000000e+00,0.000000000000000000e+00,0.000000000000000000e+00,0.000000000000000000e+00,-0.000000000000000000e+00,-0.000000000000000000e+00,0.000000000000000000e+00,0.000000000000000000e+00,0.000000000000000000e+00
0.000000000000000000e+00,0.000000000000000000e+00,-0.000000000000000000e+00,1.101630730683731269e-01,0.000000000000000000e+00,0.000000000000000000e+00,1.154315698762505393e+00,-3.778259221398021228e-02,0.000000000000000000e+00,0.000000000000000000e+00,0.000000000000000000e+00,-0.000000000000000000e+00,-0.000000000000000000e+00,0.000000000000000000e+00,0.000000000000000000e+00,0.000000000000000000e+00,0.000000000000000000e+00,0.000000000000000000e+00,0.000000000000000000e+00,-9.068559982535680242e-02,-0.000000000000000000e+00,-1.582328222110865601e-01,0.000000000000000000e+00,0.000000000000000000e+00,0.000000000000000000e+00,0.000000000000000000e+00,0.000000000000000000e+00,-1.450577717289345259e-01,0.000000000000000000e+00,0.000000000000000000e+00,-3.560061918515423224e-02,1.079320676459571415e-01,-0.000000000000000000e+00,0.000000000000000000e+00,-0.000000000000000000e+00,-0.000000000000000000e+00,2.623579635298763368e-01,0.000000000000000000e+00,0.000000000000000000e+00
0.000000000000000000e+00,0.000000000000000000e+00,0.000000000000000000e+00,0.000000000000000000e+00,1.051895442670969655e-01,0.000000000000000000e+00,-3.778259221398021228e-02,1.454779259761750820e+00,0.000000000000000000e+00,0.000000000000000000e+00,1.010787539386693717e-01,0.000000000000000000e+00,-1.984224590600940780e-02,0.000000000000000000e+00,-0.000000000000000000e+00,0.000000000000000000e+00,-0.000000000000000000e+00,5.562868903226712014e-01,4.143020110037046871e-02,-1.536788856345330245e-01,-0.000000000000000000e+00,-0.000000000000000000e+00,0.000000000000000000e+00,-0.000000000000000000e+00,0.000000000000000000e+00,0.000000000000000000e+00,0.000000000000000000e+00,-0.000000000000000000e+00,-0.000000000000000000e+00,1.052315765277587190e-01,-4.781925024214091907e-02,-0.000000000000000000e+00,-3.075352836906150578e-01,6.690879365419710734e-02,-2.381641494356435962e-02,0.000000000000000000e+00,-0.000000000000000000e+00,-0.000000000000000000e+00,0.000000000000000000e+00
-0.000000000000000000e+00,-3.036519449260334513e-02,-0.000000000000000000e+00,-2.093892824440402312e-01,-1.391777725217487396e-02,0.000000000000000000e+00,0.000000000000000000e+00,0.000000000000000000e+00,2.702221700012330974e+00,-2.716942918470303669e-01,-0.000000000000000000e+00,-0.000000000000000000e+00,-0.000000000000000000e+00,-3.810664765641700313e-01,-0.000000000000000000e+00,-0.000000000000000000e+00,-0.000000000000000000e+00,-0.000000000000000000e+00,-0.000000000000000000e+00,-0.000000000000000000e+00,-0.000000000000000000e+00,-0.000000000000000000e+00,-2.444640586379178138e-01,-0.000000000000000000e+00,-2.671897429040589467e-01,-7.377607496935810749e-01,-3.471019933058754753e-02,-0.000000000000000000e+00,-0.000000000000000000e+00,-1.320205126497395187e-01,0.000000000000000000e+00,-4.802178702136030135e-04,-0.000000000000000000e+00,-1.482848264277064065e-01,-0.000000000000000000e+00,-0.000000000000000000e+00,-0.000000000000000000e+00,-2.456186095364763788e-02,-5.261064785581464065e-01
-5.405480852776680667e-01,-1.082654548808961725e-01,-0.000000000000000000e+00,-6.362484570343755752e-02,-0.000000000000000000e+00,0.000000000000000000e+00,0.000000000000000000e+00,0.000000000000000000e+00,-2.716942918470303669e-01,2.955526255499764332e+00,0.000000000000000000e+00,-0.000000000000000000e+00,-0.000000000000000000e+00,-0.000000000000000000e+00,-0.000000000000000000e+00,-1.151243690898305694e+00,-0.000000000000000000e+00,-0.000000000000000000e+00,-0.000000000000000000e+00,-0.000000000000000000e+00,-0.000000000000000000e+00,-9.602022539488580533e-02,-1.545644141071390310e-01,0.000000000000000000e+00,-0.000000000000000000e+00,-6.934559557255751128e-02,-0.000000000000000000e+00,-0.000000000000000000e+00,-1.410818551642304963e-01,-5.656453416076617779e-01,0.000000000000000000e+00,-0.000000000000000000e+00,-0.000000000000000000e+00,-0.000000000000000000e+00,-0.000000000000000000e+00,0.000000000000000000e+00,-0.000000000000000000e+00,-0.000000000000000000e+00,-0.000000000000000000e+00
-0.000000000000000000e+00,-0.000000000000000000e+00,-0.000000000000000000e+00,0.000000000000000000e+00,-0.000000000000000000e+00,-0.000000000000000000e+00,0.000000000000000000e+00,1.010787539386693717e-01,-0.000000000000000000e+00,0.000000000000000000e+00,1.458239868538575568e+00,-0.000000000000000000e+00,9.829313093050542904e-02,-0.000000000000000000e+00,-0.000000000000000000e+00,0.000000000000000000e+00,-5.538894090361345945e-01,-0.000000000000000000e+00,-0.000000000000000000e+00,0.000000000000000000e+00,-0.000000000000000000e+00,0.000000000000000000e+00,-0.000000000000000000e+00,-0.000000000000000000e+00,-0.000000000000000000e+00,-0.000000000000000000e+00,-0.000000000000000000e+00,-2.514105838044837227e-01,0.000000000000000000e+00,-0.000000000000000000e+00,0.000000000000000000e+00,-0.000000000000000000e+00,0.000000000000000000e+00,-1.582925170580196939e-01,2.241745484357223483e-01,-4.371452495610606004e-02,-0.000000000000000000e+00,-9.940352035474603332e-02,-0.000000000000000000e+00
-0.000000000000000000e+00,-0.000000000000000000e+00,-0.000000000000000000e+00,-0.000000000000000000e+00,-0.000000000000000000e+00,-0.000000000000000000e+00,-0.000000000000000000e+00,0.000000000000000000e+00,-0.000000000000000000e+00,-0.000000000000000000e+00,-0.000000000000000000e+00,1.198168696097871688e+00,-0.000000000000000000e+00,-1.050069923540438016e-01,-1.514554985462163161e-01,-0.000000000000000000e+00,-0.000000000000000000e+00,-0.000000000000000000e+00,-0.000000000000000000e+00,-2.683564949554630985e-01,0.000000000000000000e+00,-0.000000000000000000e+00,-0.000000000000000000e+00,0.000000000000000000e+00,0.000000000000000000e+00,-0.000000000000000000e+00,-0.000000000000000000e+00,-0.000000000000000000e+00,-0.000000000000000000e+00,-0.000000000000000000e+00,-0.000000000000000000e+00,-0.000000000000000000e+00,-7.067323764756719244e-03,-0.000000000000000000e+00,-0.000000000000000000e+00,-0.000000000000000000e+00,-0.000000000000000000e+00,-0.000000000000000000e+00,-1.380741060742524118e-01
-0.000000000000000000e+00,-0.000000000000000000e+00,0.000000000000000000e+00,-5.167137331841005661e-03,0.000000000000000000e+00,-0.000000000000000000e+00,-0.000000000000000000e+00,-1.984224590600940780e-02,-0.000000000000000000e+00,-0.000000000000000000e+00,9.829313093050542904e-02,-0.000000000000000000e+00,1.142224042117000016e+00,-0.000000000000000000e+00,-2.427007592861689031e-02,-8.009569747328071842e-04,-0.000000000000000000e+00,0.000000000000000000e+00,7.184487148503074239e-02,-2.314868679146819819e-01,0.000000000000000000e+00,-1.527028504770720496e-01,-0.000000000000000000e+00,0.000000000000000000e+00,0.000000000000000000e+00,0.000000000000000000e+00,0.000000000000000000e+00,0.000000000000000000e+00,-0.000000000000000000e+00,0.000000000000000000e+00,2.414528616467213062e-01,-0.000000000000000000e+00,-0.000000000000000000e+00,1.333054929163460071e-02,-4.256230501547449835e-02,0.000000000000000000e+00,-0.000000000000000000e+00,-0.000000000000000000e+00,-0.000000000000000000e+00
-0.000000000000000000e+00,-0.000000000000000000e+00,-1.647984820557439889e-01,-0.000000000000000000e+00,-0.000000000000000000e+00,-0.000000000000000000e+00,0.000000000000000000e+00,0.000000000000000000e+00,-3.810664765641700313e-01,-0.000000000000000000e+00,-0.000000000000000000e+00,-1.050069923540438016e-01,-0.000000000000000000e+00,1.805619274965475585e+00,-4.674761459442603601e-02,-1.425519386202178385e-01,-2.171214103633172521e-01,-0.000000000000000000e+00,-0.000000000000000000e+00,-0.000000000000000000e+00,-0.000000000000000000e+00,-0.000000000000000000e+00,-2.232178744174347917e-01,-1.008462356216012212e-01,-9.133082061673862551e-02,-1.038973956185563485e-01,-0.000000000000000000e+00,-0.000000000000000000e+00,-1.254651297164681434e-01,-0.000000000000000000e+00,-0.000000000000000000e+00,-0.000000000000000000e+00,-0.000000000000000000e+00,-2.634014819811294691e-02,-0.000000000000000000e+00,-6.767776952901224941e-02,-0.000000000000000000e+00,-0.000000000000000000e+00,-6.041153300563888856e-02
0.000000000000000000e+00,0.000000000000000000e+00,-0.000000000000000000e+00,0.000000000000000000e+00,0.000000000000000000e+00,-9.269606174929258258e-02,0.000000000000000000e+00,-0.000000000000000000e+00,-0.000000000000000000e+00,-0.000000000000000000e+00,-0.000000000000000000e+00,-1.514554985462163161e-01,-2.427007592861689031e-02,-4.674761459442603601e-02,1.628270739518378196e+00,-0.000000000000000000e+00,-2.777290884291139794e-01,1.953453640523169776e-01,0.000000000000000000e+00,-2.164747323483976471e-01,-6.757348393920065664e-03,-0.000000000000000000e+00,-0.000000000000000000e+00,-0.000000000000000000e+00,-0.000000000000000000e+00,-2.230095458771576278e-01,-0.000000000000000000e+00,-0.000000000000000000e+00,-0.000000000000000000e+00,-0.000000000000000000e+00,0.000000000000000000e+00,-2.329519380837730656e-03,-1.352737735706850131e-01,-0.000000000000000000e+00,-0.000000000000000000e+00,-0.000000000000000000e+00,-5.583641428397117558e-03,-4.171012248795122335e-01,-0.000000000000000000e+00
-2.888052786130052563e-01,-1.059988261072955518e-01,-0.000000000000000000e+00,-0.000000000000000000e+00,-0.000000000000000000e+00,0.000000000000000000e+00,0.000000000000000000e+00,0.000000000000000000e+00,-0.000000000000000000e+00,-1.151243690898305694e+00,0.000000000000000000e+00,-0.000000000000000000e+00,-8.009569747328071842e-04,-1.425519386202178385e-01,-0.000000000000000000e+00,2.290900050122260279e+00,0.000000000000000000e+00,-0.000000000000000000e+00,-0.000000000000000000e+00,-0.000000000000000000e+00,0.000000000000000000e+00,-5.512219071401033149e-02,-0.000000000000000000e+00,0.000000000000000000e+00,-0.000000000000000000e+00,-0.000000000000000000e+00,-0.000000000000000000e+00,-0.000000000000000000e+00,-0.000000000000000000e+00,-2.972227356087894790e-01,0.000000000000000000e+00,-0.000000000000000000e+00,-0.000000000000000000e+00,-0.000000000000000000e+00,0.000000000000000000e+00,0.000000000000000000e+00,-0.000000000000000000e+00,-0.000000000000000000e+00,-0.000000000000000000e+00
-0.000000000000000000e+00,-0.000000000000000000e+00,-0.000000000000000000e+00,-0.000000000000000000e+00,-0.000000000000000000e+00,-2.854649922316838950e-02,0.000000000000000000e+00,-0.000000000000000000e+00,-0.000000000000000000e+00,-0.000000000000000000e+00,-5.538894090361345945e-01,-0.000000000000000000e+00,-0.000000000000000000e+00,-2.171214103633172521e-01,-2.777290884291139794e-01,0.000000000000000000e+00,1.943280539767966442e+00,0.000000000000000000e+00,-0.000000000000000000e+00,-0.000000000000000000e+00,-1.019286055250851614e-01,-0.000000000000000000e+00,-0.000000000000000000e+00,-1.166324877133186610e-01,-0.000000000000000000e+00,-2.609921815232182363e-01,-0.000000000000000000e+00,-5.310775975599336257e-02,-0.000000000000000000e+00,0.000000000000000000e+00,0.000000000000000000e+00,-1.385091853075200441e-01,-3.606813748130976299e-02,-0.000000000000000000e+00,-0.000000000000000000e+00,-0.000000000000000000e+00,-1.650948969878227313e-01,-2.493334239940983854e-01,-0.000000000000000000e+00
-5.717641646364702429e-02,-1.415692225183037278e-01,-0.000000000000000000e+00,-3.568449394477246073e-01,-9.828059236199080395e-01,0.000000000000000000e+00,0.000000000000000000e+00,5.562868903226712014e-01,-0.000000000000000000e+00,-0.000000000000000000e+00,-0.000000000000000000e+00,-0.000000000000000000e+00,0.000000000000000000e+00,-0.000000000000000000e+00,1.953453640523169776e-01,-0.000000000000000000e+00,0.000000000000000000e+00,2.515482771221847269e+00,-5.163674275309607653e-01,0.000000000000000000e+00,5.010844379357701217e-02,0.000000000000000000e+00,-0.000000000000000000e+00,0.000000000000000000e+00,-0.000000000000000000e+00,-0.000000000000000000e+00,-0.000000000000000000e+00,0.000000000000000000e+00,-0.000000000000000000e+00,-1.126219302190442639e-01,0.000000000000000000e+00,0.000000000000000000e+00,0.000000000000000000e+00,-0.000000000000000000e+00,0.000000000000000000e+00,-0.000000000000000000e+00,0.000000000000000000e+00,0.000000000000000000e+00,-0.000000000000000000e+00
-0.000000000000000000e+00,-6.722181730800075306e-02,-1.745160007352401510e-01,-0.000000000000000000e+00,-3.216744417180059101e-01,0.000000000000000000e+00,0.000000000000000000e+00,4.143020110037046871e-02,-0.000000000000000000e+00,-0.000000000000000000e+00,-0.000000000000000000e+00,-0.000000000000000000e+00,7.184487148503074239e-02,-0.000000000000000000e+00,0.000000000000000000e+00,-0.000000000000000000e+00,-0.000000000000000000e+00,-5.163674275309607653e-01,1.888072406149654769e+00,0.000000000000000000e+00,-0.000000000000000000e+00,0.000000000000000000e+00,-0.000000000000000000e+00,-0.000000000000000000e+00,0.000000000000000000e+00,-4.265001559055032337e-02,-3.054857631216903457e-01,-0.000000000000000000e+00,-0.000000000000000000e+00,-0.000000000000000000e+00,-0.000000000000000000e+00,-0.000000000000000000e+00,0.000000000000000000e+00,-2.674934671282832022e-01,0.000000000000000000e+00,-0.000000000000000000e+00,0.000000000000000000e+00,0.000000000000000000e+00,-0.000000000000000000e+00
-0.000000000000000000e+00,0.000000000000000000e+00,-0.000000000000000000e+00,-0.000000000000000000e+00,0.000000000000000000e+00,0.000000000000000000e+00,-9.068559982535680242e-02,-1.536788856345330245e-01,-0.000000000000000000e+00,-0.000000000000000000e+00,0.000000000000000000e+00,-2.683564949554630985e-01,-2.314868679146819819e-01,-0.000000000000000000e+00,-2.164747323483976471e-01,-0.000000000000000000e+00,-0.000000000000000000e+00,0.000000000000000000e+00,0.000000000000000000e+00,1.906308255603955226e+00,-0.000000000000000000e+00,-3.575597615607926244e-02,-0.000000000000000000e+00,0.000000000000000000e+00,0.000000000000000000e+00,-0.000000000000000000e+00,-0.000000000000000000e+00,-2.965901037458059664e-01,-2.039715180039599826e-02,0.000000000000000000e+00,-0.000000000000000000e+00,-0.000000000000000000e+00,-8.061733929244803143e-01,0.000000000000000000e+00,-2.178233757035437021e-02,0.000000000000000000e+00,-0.000000000000000000e+00,-3.068960012094878662e-02,-2.811237818817276593e-02
0.000000000000000000e+00,0.000000000000000000e+00,-0.000000000000000000e+00,0.000000000000000000e+00,0.000000000000000000e+00,-0.000000000000000000e+00,-0.000000000000000000e+00,-0.000000000000000000e+00,-0.000000000000000000e+00,-0.000000000000000000e+00,-0.000000000000000000e+00,0.000000000000000000e+00,0.000000000000000000e+00,-0.000000000000000000e+00,-6.757348393920065664e-03,0.000000000000000000e+00,-1.019286055250851614e-01,5.010844379357701217e-02,-0.000000000000000000e+00,-0.000000000000000000e+00,1.321509572425449752e+00,-9.680477791148912881e-02,-0.000000000000000000e+00,-1.934667363930722972e-01,-0.000000000000000000e+00,-0.000000000000000000e+00,-0.000000000000000000e+00,-2.429139688019733290e-01,-0.000000000000000000e+00,0.000000000000000000e+00,-1.085930574179016367e-01,0.000000000000000000e+00,-2.727880572038102747e-01,-0.000000000000000000e+00,-0.000000000000000000e+00,-1.053115843902949211e-01,-0.000000000000000000e+00,-0.000000000000000000e+00,-0.000000000000000000e+00
-0.000000000000000000e+00,-0.000000000000000000e+00,-0.000000000000000000e+00,-0.000000000000000000e+00,0.000000000000000000e+00,3.531959677071822012e-02,-1.582328222110865601e-01,-0.000000000000000000e+00,-0.000000000000000000e+00,-9.602022539488580533e-02,0.000000000000000000e+00,-0.000000000000000000e+00,-1.527028504770720496e-01,-0.000000000000000000e+00,-0.000000000000000000e+00,-5.512219071401033149e-02,-0.000000000000000000e+00,0.000000000000000000e+00,0.000000000000000000e+00,-3.575597615607926244e-02,-9.680477791148912881e-02,1.129514103740741238e+00,-0.000000000000000000e+00,0.000000000000000000e+00,0.000000000000000000e+00,-0.000000000000000000e+00,-0.000000000000000000e+00,-0.000000000000000000e+00,-0.000000000000000000e+00,-0.000000000000000000e+00,0.000000000000000000e+00,-0.000000000000000000e+00,-7.328120849401319192e-02,0.000000000000000000e+00,-0.000000000000000000e+00,-0.000000000000000000e+00,-0.000000000000000000e+00,-9.545467741240672155e-02,-1.130306197307807958e-02
-0.000000000000000000e+00,-0.000000000000000000e+00,-3.087224869077786482e-01,-1.584301150071533958e-03,-0.000000000000000000e+00,0.000000000000000000e+00,0.000000000000000000e+00,0.000000000000000000e+00,-2.444640586379178138e-01,-1.545644141071390310e-01,-0.000000000000000000e+00,-0.000000000000000000e+00,-0.000000000000000000e+00,-2.232178744174347917e-01,-0.000000000000000000e+00,-0.000000000000000000e+00,-0.000000000000000000e+00,-0.000000000000000000e+00,-0.000000000000000000e+00,-0.000000000000000000e+00,-0.000000000000000000e+00,-0.000000000000000000e+00,1.894623245327055061e+00,-0.000000000000000000e+00,-0.000000000000000000e+00,-1.466599566841826803e-02,-1.412997604977250278e-02,-0.000000000000000000e+00,-3.782406841105197259e-02,-1.382632677779330188e-01,-0.000000000000000000e+00,-3.395631030488081153e-02,-0.000000000000000000e+00,-9.069325472810557676e-02,-2.047894827658536254e-01,-0.000000000000000000e+00,-0.000000000000000000e+00,-0.000000000000000000e+00,-3.729135846754492167e-01
0.000000000000000000e+00,0.000000000000000000e+00,-0.000000000000000000e+00,0.000000000000000000e+00,-0.000000000000000000e+00,-1.316193220346626169e-01,0.000000000000000000e+00,-0.000000000000000000e+00,-0.000000000000000000e+00,0.000000000000000000e+00,-0.000000000000000000e+00,0.000000000000000000e+00,0.000000000000000000e+00,-1.008462356216012212e-01,-0.000000000000000000e+00,0.000000000000000000e+00,-1.166324877133186610e-01,0.000000000000000000e+00,-0.000000000000000000e+00,0.000000000000000000e+00,-1.934667363930722972e-01,0.000000000000000000e+00,-0.000000000000000000e+00,1.207403621259674154e+00,-2.360363185140433029e-01,-4.622929003841207314e-03,-0.000000000000000000e+00,0.000000000000000000e+00,-3.357747691233654158e-02,-0.000000000000000000e+00,-1.734246754342812658e-03,-0.000000000000000000e+00,-0.000000000000000000e+00,-0.000000000000000000e+00,-3.945432523185792018e-02,-0.000000000000000000e+00,-0.000000000000000000e+00,-0.000000000000000000e+00,-0.000000000000000000e+00
-0.000000000000000000e+00,-0.000000000000000000e+00,0.000000000000000000e+00,0.000000000000000000e+00,-0.000000000000000000e+00,-3.672026691579299840e-02,0.000000000000000000e+00,0.000000000000000000e+00,-2.671897429040589467e-01,-0.000000000000000000e+00,-0.000000000000000000e+00,0.000000000000000000e+00,0.000000000000000000e+00,-9.133082061673862551e-02,-0.000000000000000000e+00,-0.000000000000000000e+00,-0.000000000000000000e+00,-0.000000000000000000e+00,0.000000000000000000e+00,0.000000000000000000e+00,-0.000000000000000000e+00,0.000000000000000000e+00,-0.000000000000000000e+00,-2.360363185140433029e-01,1.373457567574732252e+00,-0.000000000000000000e+00,0.000000000000000000e+00,0.000000000000000000e+00,-0.000000000000000000e+00,-3.131192739372027911e-01,0.000000000000000000e+00,0.000000000000000000e+00,0.000000000000000000e+00,-4.600191073330640174e-02,0.000000000000000000e+00,-5.922821005494828539e-02,0.000000000000000000e+00,-0.000000000000000000e+00,-0.000000000000000000e+00
-0.000000000000000000e+00,-1.091480613612959413e-03,-2.437684262791437462e-01,-0.000000000000000000e+00,-0.000000000000000000e+00,0.000000000000000000e+00,0.000000000000000000e+00,0.000000000000000000e+00,-7.377607496935810749e-01,-6.934559557255751128e-02,-0.000000000000000000e+00,-0.000000000000000000e+00,0.000000000000000000e+00,-1.038973956185563485e-01,-2.230095458771576278e-01,-0.000000000000000000e+00,-2.609921815232182363e-01,-0.000000000000000000e+00,-4.265001559055032337e-02,-0.000000000000000000e+00,-0.000000000000000000e+00,-0.000000000000000000e+00,-1.466599566841826803e-02,-4.622929003841207314e-03,-0.000000000000000000e+00,2.360677744043993442e+00,-4.944239047988110425e-01,-0.000000000000000000e+00,-0.000000000000000000e+00,-0.000000000000000000e+00,0.000000000000000000e+00,-1.537327564139581194e-02,-0.000000000000000000e+00,-2.112823174637253887e-01,-0.000000000000000000e+00,-0.000000000000000000e+00,-0.000000000000000000e+00,-0.000000000000000000e+00,-4.872933717932166620e-02
-0.000000000000000000e+00,-0.000000000000000000e+00,-4.876219722543663204e-01,-2.360483069540859208e-02,-0.000000000000000000e+00,0.000000000000000000e+00,0.000000000000000000e+00,0.000000000000000000e+00,-3.471019933058754753e-02,-0.000000000000000000e+00,-0.000000000000000000e+00,-0.000000000000000000e+00,0.000000000000000000e+00,-0.000000000000000000e+00,-0.000000000000000000e+00,-0.000000000000000000e+00,-0.000000000000000000e+00,-0.000000000000000000e+00,-3.054857631216903457e-01,-0.000000000000000000e+00,-0.000000000000000000e+00,-0.000000000000000000e+00,-1.412997604977250278e-02,-0.000000000000000000e+00,0.000000000000000000e+00,-4.944239047988110425e-01,1.865086754020724547e+00,-1.778650415899239723e-02,-0.000000000000000000e+00,-0.000000000000000000e+00,-8.371561438969522817e-02,-0.000000000000000000e+00,-1.088452848800990636e-01,-2.447064712993021057e-02,-0.000000000000000000e+00,-0.000000000000000000e+00,-0.000000000000000000e+00,-0.000000000000000000e+00,-1.112615956539946827e-01
-0.000000000000000000e+00,-0.000000000000000000e+00,-3.302618531241006683e-01,0.000000000000000000e+00,-0.000000000000000000e+00,0.000000000000000000e+00,-1.450577717289345259e-01,-0.000000000000000000e+00,-0.000000000000000000e+00,-0.000000000000000000e+00,-2.514105838044837227e-01,-0.000000000000000000e+00,0.000000000000000000e+00,-0.000000000000000000e+00,-0.000000000000000000e+00,-0.000000000000000000e+00,-5.310775975599336257e-02,0.000000000000000000e+00,-0.000000000000000000e+00,-2.965901037458059664e-01,-2.429139688019733290e-01,-0.000000000000000000e+00,-0.000000000000000000e+00,0.000000000000000000e+00,0.000000000000000000e+00,-0.000000000000000000e+00,-1.778650415899239723e-02,1.450679850667443871e+00,0.000000000000000000e+00,0.000000000000000000e+00,-0.000000000000000000e+00,-0.000000000000000000e+00,-0.000000000000000000e+00,-0.000000000000000000e+00,0.000000000000000000e+00,-0.000000000000000000e+00,-0.000000000000000000e+00,-1.013430140072300867e-02,-0.000000000000000000e+00
-1.401430986736517011e-02,-0.000000000000000000e+00,-0.000000000000000000e+00,-9.107673452427218763e-02,0.000000000000000000e+00,-0.000000000000000000e+00,0.000000000000000000e+00,-0.000000000000000000e+00,-0.000000000000000000e+00,-1.410818551642304963e-01,0.000000000000000000e+00,-0.000000000000000000e+00,-0.000000000000000000e+00,-1.254651297164681434e-01,-0.000000000000000000e+00,-0.000000000000000000e+00,-0.000000000000000000e+00,-0.000000000000000000e+00,-0.000000000000000000e+00,-2.039715180039599826e-02,-0.000000000000000000e+00,-0.000000000000000000e+00,-3.782406841105197259e-02,-3.357747691233654158e-02,-0.000000000000000000e+00,-0.000000000000000000e+00,-0.000000000000000000e+00,0.000000000000000000e+00,1.734887770825916942e+00,-0.000000000000000000e+00,-0.000000000000000000e+00,-0.000000000000000000e+00,-1.905463422751904057e-01,0.000000000000000000e+00,-7.653938635779822253e-01,0.000000000000000000e+00,-0.000000000000000000e+00,-0.000000000000000000e+00,-1.407505676242054860e-01
-2.503213753707415612e-01,-0.000000000000000000e+00,-0.000000000000000000e+00,-0.000000000000000000e+00,-0.000000000000000000e+00,0.000000000000000000e+00,0.000000000000000000e+00,1.052315765277587190e-01,-1.320205126497395187e-01,-5.656453416076617779e-01,-0.000000000000000000e+00,-0.000000000000000000e+00,0.000000000000000000e+00,-0.000000000000000000e+00,-0.000000000000000000e+00,-2.972227356087894790e-01,0.000000000000000000e+00,-1.126219302190442639e-01,-0.000000000000000000e+00,0.000000000000000000e+00,0.000000000000000000e+00,-0.000000000000000000e+00,-1.382632677779330188e-01,-0.000000000000000000e+00,-3.131192739372027911e-01,-0.000000000000000000e+00,-0.000000000000000000e+00,0.000000000000000000e+00,-0.000000000000000000e+00,2.123106087340065340e+00,0.000000000000000000e+00,-0.000000000000000000e+00,0.000000000000000000e+00,-2.638416455712722097e-01,0.000000000000000000e+00,-0.000000000000000000e+00,0.000000000000000000e+00,-0.000000000000000000e+00,-0.000000000000000000e+00
0.000000000000000000e+00,0.000000000000000000e+00,-3.698029765300424598e-01,0.000000000000000000e+00,-0.000000000000000000e+00,0.000000000000000000e+00,-3.560061918515423224e-02,-4.781925024214091907e-02,0.000000000000000000e+00,0.000000000000000000e+00,0.000000000000000000e+00,-0.000000000000000000e+00,2.414528616467213062e-01,-0.000000000000000000e+00,0.000000000000000000e+00,0.000000000000000000e+00,0.000000000000000000e+00,0.000000000000000000e+00,-0.000000000000000000e+00,-0.000000000000000000e+00,-1.085930574179016367e-01,0.000000000000000000e+00,-0.000000000000000000e+00,-1.734246754342812658e-03,0.000000000000000000e+00,0.000000000000000000e+00,-8.371561438969522817e-02,-0.000000000000000000e+00,-0.000000000000000000e+00,0.000000000000000000e+00,1.350272396320054025e+00,0.000000000000000000e+00,-0.000000000000000000e+00,-0.000000000000000000e+00,-5.906662731903859764e-02,-2.918601368541444696e-01,1.080299423822454058e-01,0.000000000000000000e+00,-0.000000000000000000e+00
-0.000000000000000000e+00,-4.116090108671592862e-01,-0.000000000000000000e+00,-1.660000604981578531e-01,-0.000000000000000000e+00,0.000000000000000000e+00,1.079320676459571415e-01,-0.000000000000000000e+00,-4.802178702136030135e-04,-0.000000000000000000e+00,-0.000000000000000000e+00,-0.000000000000000000e+00,-0.000000000000000000e+00,-0.000000000000000000e+00,-2.329519380837730656e-03,-0.000000000000000000e+00,-1.385091853075200441e-01,0.000000000000000000e+00,-0.000000000000000000e+00,-0.000000000000000000e+00,0.000000000000000000e+00,-0.000000000000000000e+00,-3.395631030488081153e-02,-0.000000000000000000e+00,0.000000000000000000e+00,-1.537327564139581194e-02,-0.000000000000000000e+00,-0.000000000000000000e+00,-0.000000000000000000e+00,-0.000000000000000000e+00,0.000000000000000000e+00,2.690864037189805380e+00,-2.913745830268337222e-01,0.000000000000000000e+00,-0.000000000000000000e+00,0.000000000000000000e+00,-1.358112786770589997e+00,-4.156121313604657086e-01,-0.000000000000000000e+00
-0.000000000000000000e+00,-0.000000000000000000e+00,-3.833922826733651701e-01,-0.000000000000000000e+00,0.000000000000000000e+00,0.000000000000000000e+00,-0.000000000000000000e+00,-3.075352836906150578e-01,-0.000000000000000000e+00,-0.000000000000000000e+00,0.000000000000000000e+00,-7.067323764756719244e-03,-0.000000000000000000e+00,-0.000000000000000000e+00,-1.352737735706850131e-01,-0.000000000000000000e+00,-3.606813748130976299e-02,0.000000000000000000e+00,0.000000000000000000e+00,-8.061733929244803143e-01,-2.727880572038102747e-01,-7.328120849401319192e-02,-0.000000000000000000e+00,-0.000000000000000000e+00,0.000000000000000000e+00,-0.000000000000000000e+00,-1.088452848800990636e-01,-0.000000000000000000e+00,-1.905463422751904057e-01,0.000000000000000000e+00,-0.000000000000000000e+00,-2.913745830268337222e-01,2.560858176142476683e+00,0.000000000000000000e+00,-4.304528937548542933e-01,0.000000000000000000e+00,-2.917427284647794994e-01,-6.316924570820804663e-02,-0.000000000000000000e+00
-0.000000000000000000e+00,-0.000000000000000000e+00,-9.040392323898362170e-02,-0.000000000000000000e+00,-4.155295464958912999e-01,0.000000000000000000e+00,0.000000000000000000e+00,6.690879365419710734e-02,-1.482848264277064065e-01,-0.000000000000000000e+00,-1.582925170580196939e-01,-0.000000000000000000e+00,1.333054929163460071e-02,-2.634014819811294691e-02,-0.000000000000000000e+00,-0.000000000000000000e+00,-0.000000000000000000e+00,-0.000000000000000000e+00,-2.674934671282832022e-01,0.000000000000000000e+00,-0.000000000000000000e+00,0.000000000000000000e+00,-9.069325472810557676e-02,-0.000000000000000000e+00,-4.600191073330640174e-02,-2.112823174637253887e-01,-2.447064712993021057e-02,-0.000000000000000000e+00,0.000000000000000000e+00,-2.638416455712722097e-01,-0.000000000000000000e+00,0.000000000000000000e+00,0.000000000000000000e+00,2.122403273742105689e+00,0.000000000000000000e+00,-5.176064294639021179e-01,0.000000000000000000e+00,-0.000000000000000000e+00,-9.605420419772212060e-02
-0.000000000000000000e+00,0.000000000000000000e+00,-0.000000000000000000e+00,-0.000000000000000000e+00,0.000000000000000000e+00,-0.000000000000000000e+00,-0.000000000000000000e+00,-2.381641494356435962e-02,-0.000000000000000000e+00,-0.000000000000000000e+00,2.241745484357223483e-01,-0.000000000000000000e+00,-4.256230501547449835e-02,-0.000000000000000000e+00,-0.000000000000000000e+00,0.000000000000000000e+00,-0.000000000000000000e+00,0.000000000000000000e+00,0.000000000000000000e+00,-2.178233757035437021e-02,-0.000000000000000000e+00,-0.000000000000000000e+00,-2.047894827658536254e-01,-3.945432523185792018e-02,0.000000000000000000e+00,-0.000000000000000000e+00,-0.000000000000000000e+00,0.000000000000000000e+00,-7.653938635779822253e-01,0.000000000000000000e+00,-5.906662731903859764e-02,-0.000000000000000000e+00,-4.304528937548542933e-01,0.000000000000000000e+00,1.763601939394523921e+00,0.000000000000000000e+00,-0.000000000000000000e+00,0.000000000000000000e+00,-1.793856890269100767e-03
0.000000000000000000e+00,0.000000000000000000e+00,-4.573968307394336158e-02,9.888683466547892875e-02,-0.000000000000000000e+00,-0.000000000000000000e+00,-0.000000000000000000e+00,0.000000000000000000e+00,-0.000000000000000000e+00,0.000000000000000000e+00,-4.371452495610606004e-02,-0.000000000000000000e+00,0.000000000000000000e+00,-6.767776952901224941e-02,-0.000000000000000000e+00,0.000000000000000000e+00,-0.000000000000000000e+00,-0.000000000000000000e+00,-0.000000000000000000e+00,0.000000000000000000e+00,-1.053115843902949211e-01,-0.000000000000000000e+00,-0.000000000000000000e+00,-0.000000000000000000e+00,-5.922821005494828539e-02,-0.000000000000000000e+00,-0.000000000000000000e+00,-0.000000000000000000e+00,0.000000000000000000e+00,-0.000000000000000000e+00,-2.918601368541444696e-01,0.000000000000000000e+00,0.000000000000000000e+00,-5.176064294639021179e-01,0.000000000000000000e+00,1.398377557579947528e+00,1.373264496597609019e-01,-0.000000000000000000e+00,-0.000000000000000000e+00
-0.000000000000000000e+00,-0.000000000000000000e+00,-0.000000000000000000e+00,-0.000000000000000000e+00,0.000000000000000000e+00,0.000000000000000000e+00,2.623579635298763368e-01,-0.000000000000000000e+00,-0.000000000000000000e+00,-0.000000000000000000e+00,-0.000000000000000000e+00,-0.000000000000000000e+00,-0.000000000000000000e+00,-0.000000000000000000e+00,-5.583641428397117558e-03,-0.000000000000000000e+00,-1.650948969878227313e-01,0.000000000000000000e+00,0.000000000000000000e+00,-0.000000000000000000e+00,-0.000000000000000000e+00,-0.000000000000000000e+00,-0.000000000000000000e+00,-0.000000000000000000e+00,0.000000000000000000e+00,-0.000000000000000000e+00,-0.000000000000000000e+00,-0.000000000000000000e+00,-0.000000000000000000e+00,0.000000000000000000e+00,1.080299423822454058e-01,-1.358112786770589997e+00,-2.917427284647794994e-01,0.000000000000000000e+00,-0.000000000000000000e+00,1.373264496597609019e-01,2.238390546232738920e+00,-0.000000000000000000e+00,-0.000000000000000000e+00
-0.000000000000000000e+00,-8.146751521746206648e-02,-0.000000000000000000e+00,-0.000000000000000000e+00,0.000000000000000000e+00,0.000000000000000000e+00,0.000000000000000000e+00,-0.000000000000000000e+00,-2.456186095364763788e-02,-0.000000000000000000e+00,-9.940352035474603332e-02,-0.000000000000000000e+00,-0.000000000000000000e+00,-0.000000000000000000e+00,-4.171012248795122335e-01,-0.000000000000000000e+00,-2.493334239940983854e-01,0.000000000000000000e+00,0.000000000000000000e+00,-3.068960012094878662e-02,-0.000000000000000000e+00,-9.545467741240672155e-02,-0.000000000000000000e+00,-0.000000000000000000e+00,-0.000000000000000000e+00,-0.000000000000000000e+00,-0.000000000000000000e+00,-1.013430140072300867e-02,-0.000000000000000000e+00,-0.000000000000000000e+00,0.000000000000000000e+00,-4.156121313604657086e-01,-6.316924570820804663e-02,-0.000000000000000000e+00,0.000000000000000000e+00,-0.000000000000000000e+00,-0.000000000000000000e+00,1.757723272540187009e+00,-2.443437739951271059e-01
-8.610261941010206865e-02,-4.106749205771598188e-02,-0.000000000000000000e+00,-0.000000000000000000e+00,-0.000000000000000000e+00,0.000000000000000000e+00,0.000000000000000000e+00,0.000000000000000000e+00,-5.261064785581464065e-01,-0.000000000000000000e+00,-0.000000000000000000e+00,-1.380741060742524118e-01,-0.000000000000000000e+00,-6.041153300563888856e-02,-0.000000000000000000e+00,-0.000000000000000000e+00,-0.000000000000000000e+00,-0.000000000000000000e+00,-0.000000000000000000e+00,-2.811237818817276593e-02,-0.000000000000000000e+00,-1.130306197307807958e-02,-3.729135846754492167e-01,-0.000000000000000000e+00,-0.000000000000000000e+00,-4.872933717932166620e-02,-1.112615956539946827e-01,-0.000000000000000000e+00,-1.407505676242054860e-01,-0.000000000000000000e+00,-0.000000000000000000e+00,-0.000000000000000000e+00,-0.000000000000000000e+00,-9.605420419772212060e-02,-1.793856890269100767e-03,-0.000000000000000000e+00,-0.000000000000000000e+00,-2.443437739951271059e-01,1.910360417482585671e+00
