1.876531076507796492e+00,-2.501247237413418700e-01,-0.000000000000000000e+00,9.708345584792010818e-02,-0.000000000000000000e+00,0.000000000000000000e+00,0.000000000000000000e+00,0.000000000000000000e+00,-0.000000000000000000e+00,-0.000000000000000000e+00,-0.000000000000000000e+00,-0.000000000000000000e+00,0.000000000000000000e+00,-0.000000000000000000e+00,-0.000000000000000000e+00,-2.084734659838944348e-01,-0.000000000000000000e+00,1.738796264891685761e-01,0.000000000000000000e+00,-0.000000000000000000e+00,-5.369574911057664601e-02,-0.000000000000000000e+00,-0.000000000000000000e+00,-5.473113558856376910e-03,-0.000000000000000000e+00,-2.786519316223856069e-01,-0.000000000000000000e+00,-0.000000000000000000e+00,-0.000000000000000000e+00,-4.132320301641259075e-01,-0.000000000000000000e+00,-0.000000000000000000e+00,-0.000000000000000000e+00,-5.772855415996735323e-02,-0.000000000000000000e+00,-2.210198025049612824e-01,-0.000000000000000000e+00,-1.642357327310563220e-01,-0.000000000000000000e+00
-2.501247237413418700e-01,1.867760232197816617e+00,-1.554986732174251929e-01,0.000000000000000000e+00,-1.923703573285951915e-02,0.000000000000000000e+00,-0.000000000000000000e+00,3.037266736748738330e-02,-0.000000000000000000e+00,-2.646077284122166362e-01,-0.000000000000000000e+00,-0.000000000000000000e+00,-0.000000000000000000e+00,-0.000000000000000000e+00,-0.000000000000000000e+00,-0.000000000000000000e+00,-0.000000000000000000e+00,0.000000000000000000e+00,0.000000000000000000e+00,-0.000000000000000000e+00,-1.962499389737637143e-02,-5.972781709831404690e-02,-0.000000000000000000e+00,-2.760046919137348898e-01,-0.000000000000000000e+00,-0.000000000000000000e+00,-0.000000000000000000e+00,-0.000000000000000000e+00,-0.000000000000000000e+00,-2.112497413336146268e-01,-0.000000000000000000e+00,-0.000000000000000000e+00,-0.000000000000000000e+00,-0.000000000000000000e+00,-0.000000000000000000e+00,-1.273170755321377523e-01,-1.166883692061635169e-01,-8.360687419906305540e-02,-1.873246921255780906e-01
-0.000000000000000000e+00,-1.554986732174251929e-01,2.680004723607961825e+00,-0.000000000000000000e+00,-3.301067837422230200e-01,-0.000000000000000000e+00,-3.213031614617426705e-03,8.131578331013844529e-01,-0.000000000000000000e+00,-1.503242111960489827e-03,-0.000000000000000000e+00,-0.000000000000000000e+00,-0.000000000000000000e+00,-3.580452379327029866e-01,-0.000000000000000000e+00,-0.000000000000000000e+00,-0.000000000000000000e+00,0.000000000000000000e+00,0.000000000000000000e+00,-2.406570445418889093e-01,-4.782067832703059546e-02,-3.909811920820137066e-01,-1.755675664844792427e-01,-1.956951349351020858e-02,-7.951646239700684016e-02,-6.359083579272453712e-02,-1.265851389052352893e-01,-0.000000000000000000e+00,-0.000000000000000000e+00,-0.000000000000000000e+00,-0.000000000000000000e+00,-0.000000000000000000e+00,-0.000000000000000000e+00,-0.000000000000000000e+00,-0.000000000000000000e+00,-0.000000000000000000e+00,-8.015921367156655930e-02,-0.000000000000000000e+00,-0.000000000000000000e+00
9.708345584792010818e-02,0.000000000000000000e+00,-0.000000000000000000e+00,1.336859555291546320e+00,0.000000000000000000e+00,3.607822243915753679e-02,-3.061784155131492824e-01,0.000000000000000000e+00,-0.000000000000000000e+00,-0.000000000000000000e+00,-0.000000000000000000e+00,-2.105676839340796525e-01,-3.644350121725049019e-01,-0.000000000000000000e+00,-0.000000000000000000e+00,0.000000000000000000e+00,0.000000000000000000e+00,0.000000000000000000e+00,0.000000000000000000e+00,-0.000000000000000000e+00,0.000000000000000000e+00,-0.000000000000000000e+00,-0.000000000000000000e+00,-0.000000000000000000e+00,-0.000000000000000000e+00,0.000000000000000000e+00,0.000000000000000000e+00,0.000000000000000000e+00,0.000000000000000000e+00,0.000000000000000000e+00,0.000000000000000000e+00,-0.000000000000000000e+00,0.000000000000000000e+00,0.000000000000000000e+00,0.000000000000000000e+00,2.020500831311717108e-02,0.000000000000000000e+00,-0.000000000000000000e+00,-0.000000000000000000e+00
-0.000000000000000000e+00,-1.923703573285951915e-02,-3.301067837422230200e-01,0.000000000000000000e+00,1.923609623981063388e+00,0.000000000000000000e+00,-0.000000000000000000e+00,3.326341578346115324e-01,-1.434931842711056893e-01,-2.994648497395411835e-01,-0.000000000000000000e+00,-0.000000000000000000e+00,-0.000000000000000000e+00,-0.000000000000000000e+00,-0.000000000000000000e+00,-3.910996256745769006e-02,-0.000000000000000000e+00,0.000000000000000000e+00,0.000000000000000000e+00,-0.000000000000000000e+00,-8.122184082448395681e-02,-0.000000000000000000e+00,-0.000000000000000000e+00,-0.000000000000000000e+00,-4.433851253810866533e-02,-1.704228764773433047e-01,-0.000000000000000000e+00,-0.000000000000000000e+00,-0.000000000000000000e+00,-3.113571023883541233e-01,-0.000000000000000000e+00,-0.000000000000000000e+00,-0.000000000000000000e+00,-0.000000000000000000e+00,-0.000000000000000000e+00,-0.000000000000000000e+00,-0.000000000000000000e+00,-0.000000000000000000e+00,-3.321916773008685292e-02
0.000000000000000000e+00,0.000000000000000000e+00,-0.000000000000000000e+00,3.607822243915753679e-02,0.000000000000000000e+00,1.091358451719469880e+00,0.000000000000000000e+00,0.000000000000000000e+00,0.000000000000000000e+00,0.000000000000000000e+00,-1.847863007843132399e-01,1.769935603266165058e-02,-0.000000000000000000e+00,-0.000000000000000000e+00,0.000000000000000000e+00,2.473611121715020914e-02,-0.000000000000000000e+00,-1.530580956435767248e-01,-4.044387917171226449e-02,0.000000000000000000e+00,-0.000000000000000000e+00,0.000000000000000000e+00,-0.000000000000000000e+00,0.000000000000000000e+00,-0.000000000000000000e+00,-0.000000000000000000e+00,-0.000000000000000000e+00,-0.000000000000000000e+00,-1.292778758425783270e-01,0.000000000000000000e+00,-0.000000000000000000e+00,-0.000000000000000000e+00,-1.286969527231370813e-01,-0.000000000000000000e+00,-0.000000000000000000e+00,-0.000000000000000000e+00,-0.000000000000000000e+00,0.000000000000000000e+00,1.954618260784783072e-03
0.000000000000000000e+00,-0.000000000000000000e+00,-3.213031614617426705e-03,-3.061784155131492824e-01,-0.000000000000000000e+00,0.000000000000000000e+00,1.802994697551368874e+00,0.000000000000000000e+00,-0.000000000000000000e+00,-0.000000000000000000e+00,-0.000000000000000000e+00,-2.759597934220500703e-01,-3.595545614005854484e-01,-2.091460771366799587e-01,-2.949747439544933014e-01,0.000000000000000000e+00,-0.000000000000000000e+00,0.000000000000000000e+00,-0.000000000000000000e+00,-0.000000000000000000e+00,0.000000000000000000e+00,-9.405726765265347289e-02,-0.000000000000000000e+00,-0.000000000000000000e+00,-0.000000000000000000e+00,-0.000000000000000000e+00,-0.000000000000000000e+00,-0.000000000000000000e+00,-0.000000000000000000e+00,0.000000000000000000e+00,-0.000000000000000000e+00,-1.909481179931299399e-01,-0.000000000000000000e+00,-0.000000000000000000e+00,-5.117916479673118718e-02,-0.000000000000000000e+00,-0.000000000000000000e+00,-0.000000000000000000e+00,-0.000000000000000000e+00
0.000000000000000000e+00,3.037266736748738330e-02,8.131578331013844529e-01,0.000000000000000000e+00,3.326341578346115324e-01,0.000000000000000000e+00,0.000000000000000000e+00,2.271658434647314095e+00,0.000000000000000000e+00,0.000000000000000000e+00,0.000000000000000000e+00,0.000000000000000000e+00,1.089956473549757998e-03,2.348389263821929751e-01,0.000000000000000000e+00,0.000000000000000000e+00,0.000000000000000000e+00,-0.000000000000000000e+00,-0.000000000000000000e+00,0.000000000000000000e+00,3.483934420904042512e-02,0.000000000000000000e+00,1.717145787817986047e-01,0.000000000000000000e+00,5.371231558735064388e-02,2.690798070051771129e-02,1.866335975626005894e-01,0.000000000000000000e+00,0.000000000000000000e+00,0.000000000000000000e+00,5.507467307903105014e-02,0.000000000000000000e+00,2.098125243782494875e-01,0.000000000000000000e+00,0.000000000000000000e+00,8.031358523555970352e-02,1.442085267064668191e-02,0.000000000000000000e+00,0.000000000000000000e+00
-0.000000000000000000e+00,-0.000000000000000000e+00,-0.000000000000000000e+00,-0.000000000000000000e+00,-1.434931842711056893e-01,0.000000000000000000e+00,-0.000000000000000000e+00,0.000000000000000000e+00,2.172907799791031547e+00,-0.000000000000000000e+00,-0.000000000000000000e+00,-2.899898936469678667e-01,-0.000000000000000000e+00,-0.000000000000000000e+00,-0.000000000000000000e+00,-0.000000000000000000e+00,-0.000000000000000000e+00,1.176923341684930208e-01,2.600763509141764893e-02,-2.006383913796144502e-01,-0.000000000000000000e+00,-4.205532923296641939e-02,-0.000000000000000000e+00,-0.000000000000000000e+00,-0.000000000000000000e+00,-0.000000000000000000e+00,-0.000000000000000000e+00,-2.184583241666073206e-01,-0.000000000000000000e+00,-1.839054714005612379e-01,-0.000000000000000000e+00,-0.000000000000000000e+00,0.000000000000000000e+00,-2.187903510058694934e-01,-0.000000000000000000e+00,-0.000000000000000000e+00,-0.000000000000000000e+00,-4.080447060979690566e-01,-4.134240785172440535e-01
-0.000000000000000000e+00,-2.646077284122166362e-01,-1.503242111960489827e-03,-0.000000000000000000e+00,-2.994648497395411835e-01,0.000000000000000000e+00,-0.000000000000000000e+00,0.000000000000000000e+00,-0.000000000000000000e+00,2.152225938248513160e+00,-0.000000000000000000e+00,-0.000000000000000000e+00,-0.000000000000000000e+00,-0.000000000000000000e+00,-0.000000000000000000e+00,-5.832500673576218597e-01,-0.000000000000000000e+00,0.000000000000000000e+00,1.312189327277073769e-01,-0.000000000000000000e+00,-0.000000000000000000e+00,-1.215340786422068886e-01,-3.119878534456952193e-02,-0.000000000000000000e+00,-7.644206672788464441e-02,-6.984300176930161030e-02,-0.000000000000000000e+00,-0.000000000000000000e+00,-0.000000000000000000e+00,-1.655690514184309237e-01,-0.000000000000000000e+00,-0.000000000000000000e+00,-0.000000000000000000e+00,-0.000000000000000000e+00,-0.000000000000000000e+00,-0.000000000000000000e+00,-0.000000000000000000e+00,-0.000000000000000000e+00,-3.796737756764353433e-01
-0.000000000000000000e+00,-0.000000000000000000e+00,-0.000000000000000000e+00,-0.000000000000000000e+00,-0.000000000000000000e+00,-1.847863007843132399e-01,-0.000000000000000000e+00,0.000000000000000000e+00,-0.000000000000000000e+00,-0.000000000000000000e+00,1.539529903586338566e+00,-0.000000000000000000e+00,-0.000000000000000000e+00,-0.000000000000000000e+00,-0.000000000000000000e+00,-0.000000000000000000e+00,-6.258086837376087841e-01,0.000000000000000000e+00,0.000000000000000000e+00,-0.000000000000000000e+00,-0.000000000000000000e+00,-1.202472840929065118e-01,-8.662855963517786251e-02,-0.000000000000000000e+00,-0.000000000000000000e+00,-0.000000000000000000e+00,-0.000000000000000000e+00,-0.000000000000000000e+00,-0.000000000000000000e+00,-0.000000000000000000e+00,-5.241572686936196712e-02,-1.793615272214921230e-01,-0.000000000000000000e+00,-0.000000000000000000e+00,-0.000000000000000000e+00,-0.000000000000000000e+00,-0.000000000000000000e+00,-0.000000000000000000e+00,-0.000000000000000000e+00
-0.000000000000000000e+00,-0.000000000000000000e+00,-0.000000000000000000e+00,-2.105676839340796525e-01,-0.000000000000000000e+00,1.769935603266165058e-02,-2.759597934220500703e-01,0.000000000000000000e+00,-2.899898936469678667e-01,-0.000000000000000000e+00,-0.000000000000000000e+00,2.400122185455044299e+00,-0.000000000000000000e+00,-0.000000000000000000e+00,-6.345540434618991421e-01,-0.000000000000000000e+00,-0.000000000000000000e+00,0.000000000000000000e+00,0.000000000000000000e+00,-1.639152020152309652e-01,0.000000000000000000e+00,-2.953781363845002783e-01,-0.000000000000000000e+00,-0.000000000000000000e+00,-0.000000000000000000e+00,-0.000000000000000000e+00,-0.000000000000000000e+00,-6.582201505393661146e-03,0.000000000000000000e+00,-0.000000000000000000e+00,-0.000000000000000000e+00,-0.000000000000000000e+00,0.000000000000000000e+00,-0.000000000000000000e+00,-0.000000000000000000e+00,-0.000000000000000000e+00,-0.000000000000000000e+00,-2.162005095373300545e-01,-4.311709810574265167e-01
0.000000000000000000e+00,-0.000000000000000000e+00,-0.000000000000000000e+00,-3.644350121725049019e-01,-0.000000000000000000e+00,-0.000000000000000000e+00,-3.595545614005854484e-01,1.089956473549757998e-03,-0.000000000000000000e+00,-0.000000000000000000e+00,-0.000000000000000000e+00,-0.000000000000000000e+00,1.514296959824297018e+00,-0.000000000000000000e+00,-0.000000000000000000e+00,-0.000000000000000000e+00,-0.000000000000000000e+00,-0.000000000000000000e+00,0.000000000000000000e+00,-0.000000000000000000e+00,-0.000000000000000000e+00,-3.827543779848135430e-01,-1.750172354059660205e-03,-0.000000000000000000e+00,-1.045690928419085314e-01,-0.000000000000000000e+00,-0.000000000000000000e+00,-0.000000000000000000e+00,-0.000000000000000000e+00,0.000000000000000000e+00,-0.000000000000000000e+00,-0.000000000000000000e+00,-0.000000000000000000e+00,0.000000000000000000e+00,-0.000000000000000000e+00,0.000000000000000000e+00,-0.000000000000000000e+00,-0.000000000000000000e+00,-0.000000000000000000e+00
-0.000000000000000000e+00,-0.000000000000000000e+00,-3.580452379327029866e-01,-0.000000000000000000e+00,-0.000000000000000000e+00,-0.000000000000000000e+00,-2.091460771366799587e-01,2.348389263821929751e-01,-0.000000000000000000e+00,-0.000000000000000000e+00,-0.000000000000000000e+00,-0.000000000000000000e+00,-0.000000000000000000e+00,2.193949625787290802e+00,-0.000000000000000000e+00,-0.000000000000000000e+00,-0.000000000000000000e+00,0.000000000000000000e+00,-0.000000000000000000e+00,-0.000000000000000000e+00,-0.000000000000000000e+00,-1.993285416568539581e-02,-1.674365239310810771e-01,-0.000000000000000000e+00,-0.000000000000000000e+00,-0.000000000000000000e+00,-2.436675491431033735e-01,-2.025629638471870553e-01,-0.000000000000000000e+00,-0.000000000000000000e+00,-1.149381841486293715e-01,-1.182555621159531722e-01,-0.000000000000000000e+00,-0.000000000000000000e+00,-2.812153127620219961e-01,-0.000000000000000000e+00,-2.661947406827894214e-01,-0.000000000000000000e+00,-0.000000000000000000e+00
-0.000000000000000000e+00,-0.000000000000000000e+00,-0.000000000000000000e+00,-0.000000000000000000e+00,-0.000000000000000000e+00,0.000000000000000000e+00,-2.949747439544933014e-01,0.000000000000000000e+00,-0.000000000000000000e+00,-0.000000000000000000e+00,-0.000000000000000000e+00,-6.345540434618991421e-01,-0.000000000000000000e+00,-0.000000000000000000e+00,2.095530778714777664e+00,-0.000000000000000000e+00,-0.000000000000000000e+00,5.070668604938204961e-03,0.000000000000000000e+00,-5.947413249409140290e-01,-0.000000000000000000e+00,-8.093883575204354267e-03,-0.000000000000000000e+00,-4.473468241365120140e-02,-0.000000000000000000e+00,-0.000000000000000000e+00,-0.000000000000000000e+00,-1.833773319641674240e-02,-0.000000000000000000e+00,-0.000000000000000000e+00,-0.000000000000000000e+00,-0.000000000000000000e+00,0.000000000000000000e+00,-0.000000000000000000e+00,-2.712495122367636000e-02,-0.000000000000000000e+00,-0.000000000000000000e+00,-2.769528401885138491e-01,-0.000000000000000000e+00
-2.084734659838944348e-01,-0.000000000000000000e+00,-0.000000000000000000e+00,0.000000000000000000e+00,-3.910996256745769006e-02,2.473611121715020914e-02,0.000000000000000000e+00,0.000000000000000000e+00,-0.000000000000000000e+00,-5.832500673576218597e-01,-0.000000000000000000e+00,-0.000000000000000000e+00,-0.000000000000000000e+00,-0.000000000000000000e+00,-0.000000000000000000e+00,2.135524439366782268e+00,-0.000000000000000000e+00,9.547747237264606057e-02,2.460594587399185240e-01,-0.000000000000000000e+00,-0.000000000000000000e+00,-0.000000000000000000e+00,-0.000000000000000000e+00,-0.000000000000000000e+00,-0.000000000000000000e+00,-1.268654460709326415e-01,-0.000000000000000000e+00,-0.000000000000000000e+00,0.000000000000000000e+00,-4.314489228377205166e-01,-0.000000000000000000e+00,0.000000000000000000e+00,0.000000000000000000e+00,-0.000000000000000000e+00,-0.000000000000000000e+00,-0.000000000000000000e+00,-0.000000000000000000e+00,-7.561012240138906271e-02,-2.259640687309368567e-01
-0.000000000000000000e+00,-0.000000000000000000e+00,-0.000000000000000000e+00,0.000000000000000000e+00,-0.000000000000000000e+00,-0.000000000000000000e+00,-0.000000000000000000e+00,0.000000000000000000e+00,-0.000000000000000000e+00,-0.000000000000000000e+00,-6.258086837376087841e-01,-0.000000000000000000e+00,-0.000000000000000000e+00,-0.000000000000000000e+00,-0.000000000000000000e+00,-0.000000000000000000e+00,1.987974715889337052e+00,0.000000000000000000e+00,0.000000000000000000e+00,-0.000000000000000000e+00,-0.000000000000000000e+00,-0.000000000000000000e+00,-2.152674127654118641e-01,-3.860358741801242499e-02,-0.000000000000000000e+00,-2.504845875925778564e-01,-1.699321975394324225e-01,-2.414652086432006461e-01,-0.000000000000000000e+00,-1.095161254142173607e-01,-7.994139016104176432e-02,-1.361935613593962535e-01,-0.000000000000000000e+00,-0.000000000000000000e+00,-0.000000000000000000e+00,-2.147434600627740053e-02,-6.924591903843102525e-02,-0.000000000000000000e+00,-0.000000000000000000e+00
1.738796264891685761e-01,0.000000000000000000e+00,0.000000000000000000e+00,0.000000000000000000e+00,0.000000000000000000e+00,-1.530580956435767248e-01,0.000000000000000000e+00,-0.000000000000000000e+00,1.176923341684930208e-01,0.000000000000000000e+00,0.000000000000000000e+00,0.000000000000000000e+00,-0.000000000000000000e+00,0.000000000000000000e+00,5.070668604938204961e-03,9.547747237264606057e-02,0.000000000000000000e+00,1.968229484455990219e+00,-4.447800981060244241e-01,4.824943654797055753e-02,-0.000000000000000000e+00,0.000000000000000000e+00,-0.000000000000000000e+00,0.000000000000000000e+00,-0.000000000000000000e+00,0.000000000000000000e+00,-0.000000000000000000e+00,0.000000000000000000e+00,-0.000000000000000000e+00,0.000000000000000000e+00,-0.000000000000000000e+00,-0.000000000000000000e+00,-0.000000000000000000e+00,5.398346765414691745e-03,0.000000000000000000e+00,0.000000000000000000e+00,0.000000000000000000e+00,7.193544033727083953e-01,1.140304575026352685e-01
0.000000000000000000e+00,0.000000000000000000e+00,0.000000000000000000e+00,0.000000000000000000e+00,0.000000000000000000e+00,-4.044387917171226449e-02,-0.000000000000000000e+00,-0.000000000000000000e+00,2.600763509141764893e-02,1.312189327277073769e-01,0.000000000000000000e+00,0.000000000000000000e+00,0.000000000000000000e+00,-0.000000000000000000e+00,0.000000000000000000e+00,2.460594587399185240e-01,0.000000000000000000e+00,-4.447800981060244241e-01,1.844317618068739506e+00,0.000000000000000000e+00,-0.000000000000000000e+00,0.000000000000000000e+00,0.000000000000000000e+00,0.000000000000000000e+00,-0.000000000000000000e+00,0.000000000000000000e+00,-0.000000000000000000e+00,0.000000000000000000e+00,-0.000000000000000000e+00,1.631216474019638596e-01,-0.000000000000000000e+00,-0.000000000000000000e+00,-0.000000000000000000e+00,3.197976254026937970e-02,0.000000000000000000e+00,-0.000000000000000000e+00,-0.000000000000000000e+00,0.000000000000000000e+00,5.389980831010959816e-01
-0.000000000000000000e+00,-0.000000000000000000e+00,-2.406570445418889093e-01,-0.000000000000000000e+00,-0.000000000000000000e+00,0.000000000000000000e+00,-0.000000000000000000e+00,0.000000000000000000e+00,-2.006383913796144502e-01,-0.000000000000000000e+00,-0.000000000000000000e+00,-1.639152020152309652e-01,-0.000000000000000000e+00,-0.000000000000000000e+00,-5.947413249409140290e-01,-0.000000000000000000e+00,-0.000000000000000000e+00,4.824943654797055753e-02,0.000000000000000000e+00,2.252711042704606204e+00,-0.000000000000000000e+00,-1.340653637429650991e-01,-0.000000000000000000e+00,-1.832789595008887107e-01,-0.000000000000000000e+00,-0.000000000000000000e+00,-0.000000000000000000e+00,-2.922237840406935461e-01,-0.000000000000000000e+00,-0.000000000000000000e+00,-0.000000000000000000e+00,-0.000000000000000000e+00,-0.000000000000000000e+00,-0.000000000000000000e+00,-1.445533827942018512e-01,-0.000000000000000000e+00,-0.000000000000000000e+00,-3.141746295919494725e-01,-0.000000000000000000e+00
-5.369574911057664601e-02,-1.962499389737637143e-02,-4.782067832703059546e-02,0.000000000000000000e+00,-8.122184082448395681e-02,-0.000000000000000000e+00,0.000000000000000000e+00,3.483934420904042512e-02,-0.000000000000000000e+00,-0.000000000000000000e+00,-0.000000000000000000e+00,0.000000000000000000e+00,-0.000000000000000000e+00,-0.000000000000000000e+00,-0.000000000000000000e+00,-0.000000000000000000e+00,-0.000000000000000000e+00,-0.000000000000000000e+00,-0.000000000000000000e+00,-0.000000000000000000e+00,1.589512237857570121e+00,-8.021058472680067664e-02,-4.501451141720368143e-02,-0.000000000000000000e+00,-5.724379632838770549e-02,-5.241639577001420969e-02,-0.000000000000000000e+00,-0.000000000000000000e+00,-1.027631276376360508e-01,-1.533725712564411228e-03,-0.000000000000000000e+00,-0.000000000000000000e+00,-5.523191965263619663e-01,0.000000000000000000e+00,-0.000000000000000000e+00,-5.105376697510047995e-02,-1.795253535392064836e-01,-0.000000000000000000e+00,-0.000000000000000000e+00
-0.000000000000000000e+00,-5.972781709831404690e-02,-3.909811920820137066e-01,-0.000000000000000000e+00,-0.000000000000000000e+00,0.000000000000000000e+00,-9.405726765265347289e-02,0.000000000000000000e+00,-4.205532923296641939e-02,-1.215340786422068886e-01,-1.202472840929065118e-01,-2.953781363845002783e-01,-3.827543779848135430e-01,-1.993285416568539581e-02,-8.093883575204354267e-03,-0.000000000000000000e+00,-0.000000000000000000e+00,0.000000000000000000e+00,0.000000000000000000e+00,-1.340653637429650991e-01,-8.021058472680067664e-02,1.934800430738127464e+00,-1.161553856900042758e-01,-0.000000000000000000e+00,-1.080318673746251575e-02,-0.000000000000000000e+00,-0.000000000000000000e+00,-0.000000000000000000e+00,-0.000000000000000000e+00,-0.000000000000000000e+00,-0.000000000000000000e+00,-0.000000000000000000e+00,-8.467355093514705722e-02,-0.000000000000000000e+00,-0.000000000000000000e+00,-0.000000000000000000e+00,-0.000000000000000000e+00,-0.000000000000000000e+00,-5.557182299028094741e-02
-0.000000000000000000e+00,-0.000000000000000000e+00,-1.755675664844792427e-01,-0.000000000000000000e+00,-0.000000000000000000e+00,-0.000000000000000000e+00,-0.000000000000000000e+00,1.717145787817986047e-01,-0.000000000000000000e+00,-3.119878534456952193e-02,-8.662855963517786251e-02,-0.000000000000000000e+00,-1.750172354059660205e-03,-1.674365239310810771e-01,-0.000000000000000000e+00,-0.000000000000000000e+00,-2.152674127654118641e-01,-0.000000000000000000e+00,0.000000000000000000e+00,-0.000000000000000000e+00,-4.501451141720368143e-02,-1.161553856900042758e-01,2.198499200420836797e+00,-1.406146669735234278e-01,-2.860283935735774552e-01,-2.089714621645175630e-01,-2.328978310492810233e-01,-0.000000000000000000e+00,-1.353108166702400306e-01,-0.000000000000000000e+00,-9.897265095177161520e-02,-1.833856819685810435e-01,-0.000000000000000000e+00,-0.000000000000000000e+00,-0.000000000000000000e+00,-0.000000000000000000e+00,-8.108383940267513412e-02,-0.000000000000000000e+00,-0.000000000000000000e+00
-5.473113558856376910e-03,-2.760046919137348898e-01,-1.956951349351020858e-02,-0.000000000000000000e+00,-0.000000000000000000e+00,0.000000000000000000e+00,-0.000000000000000000e+00,0.000000000000000000e+00,-0.000000000000000000e+00,-0.000000000000000000e+00,-0.000000000000000000e+00,-0.000000000000000000e+00,-0.000000000000000000e+00,-0.000000000000000000e+00,-4.473468241365120140e-02,-0.000000000000000000e+00,-3.860358741801242499e-02,0.000000000000000000e+00,0.000000000000000000e+00,-1.832789595008887107e-01,-0.000000000000000000e+00,-0.000000000000000000e+00,-1.406146669735234278e-01,1.623478190251405273e+00,-0.000000000000000000e+00,-5.971153284517754373e-02,-0.000000000000000000e+00,-0.000000000000000000e+00,-7.162438121310762962e-02,-0.000000000000000000e+00,-0.000000000000000000e+00,-2.085381265330993883e-01,-0.000000000000000000e+00,-0.000000000000000000e+00,-3.223736271996954089e-02,-5.752180201249155328e-02,-2.475886372929151924e-01,-0.000000000000000000e+00,-0.000000000000000000e+00
-0.000000000000000000e+00,-0.000000000000000000e+00,-7.951646239700684016e-02,-0.000000000000000000e+00,-4.433851253810866533e-02,-0.000000000000000000e+00,-0.000000000000000000e+00,5.371231558735064388e-02,-0.000000000000000000e+00,-7.644206672788464441e-02,-0.000000000000000000e+00,-0.000000000000000000e+00,-1.045690928419085314e-01,-0.000000000000000000e+00,-0.000000000000000000e+00,-0.000000000000000000e+00,-0.000000000000000000e+00,-0.000000000000000000e+00,-0.000000000000000000e+00,-0.000000000000000000e+00,-5.724379632838770549e-02,-1.080318673746251575e-02,-2.860283935735774552e-01,-0.000000000000000000e+00,1.277770527665045508e+00,-0.000000000000000000e+00,-7.921289059609221833e-03,-0.000000000000000000e+00,-4.032579872880447808e-02,-0.000000000000000000e+00,-0.000000000000000000e+00,-0.000000000000000000e+00,-8.267365017182320974e-02,0.000000000000000000e+00,-0.000000000000000000e+00,-0.000000000000000000e+00,-0.000000000000000000e+00,0.000000000000000000e+00,-0.000000000000000000e+00
-2.786519316223856069e-01,-0.000000000000000000e+00,-6.359083579272453712e-02,0.000000000000000000e+00,-1.704228764773433047e-01,-0.000000000000000000e+00,-0.000000000000000000e+00,2.690798070051771129e-02,-0.000000000000000000e+00,-6.984300176930161030e-02,-0.000000000000000000e+00,-0.000000000000000000e+00,-0.000000000000000000e+00,-0.000000000000000000e+00,-0.000000000000000000e+00,-1.268654460709326415e-01,-2.504845875925778564e-01,0.000000000000000000e+00,0.000000000000000000e+00,-0.000000000000000000e+00,-5.241639577001420969e-02,-0.000000000000000000e+00,-2.089714621645175630e-01,-5.971153284517754373e-02,-0.000000000000000000e+00,2.198338079768078490e+00,-4.270084707329641072e-01,-1.774213080136049503e-01,-4.368736919012376763e-02,-1.685852795444737762e-01,-0.000000000000000000e+00,-0.000000000000000000e+00,-0.000000000000000000e+00,-0.000000000000000000e+00,-0.000000000000000000e+00,-1.741040745783248855e-01,-1.479589236339651920e-02,-0.000000000000000000e+00,-0.000000000000000000e+00
-0.000000000000000000e+00,-0.000000000000000000e+00,-1.265851389052352893e-01,0.000000000000000000e+00,-0.000000000000000000e+00,-0.000000000000000000e+00,-0.000000000000000000e+00,1.866335975626005894e-01,-0.000000000000000000e+00,-0.000000000000000000e+00,-0.000000000000000000e+00,-0.000000000000000000e+00,-0.000000000000000000e+00,-2.436675491431033735e-01,-0.000000000000000000e+00,-0.000000000000000000e+00,-1.699321975394324225e-01,-0.000000000000000000e+00,-0.000000000000000000e+00,-0.000000000000000000e+00,-0.000000000000000000e+00,-0.000000000000000000e+00,-2.328978310492810233e-01,-0.000000000000000000e+00,-7.921289059609221833e-03,-4.270084707329641072e-01,2.259533650700803697e+00,-1.246344679597818639e-01,-1.494427755044151485e-01,-0.000000000000000000e+00,-4.706894033629170360e-01,-1.408657397082004326e-01,-0.000000000000000000e+00,-0.000000000000000000e+00,-0.000000000000000000e+00,-0.000000000000000000e+00,-0.000000000000000000e+00,-0.000000000000000000e+00,-0.000000000000000000e+00
-0.000000000000000000e+00,-0.000000000000000000e+00,-0.000000000000000000e+00,0.000000000000000000e+00,-0.000000000000000000e+00,-0.000000000000000000e+00,-0.000000000000000000e+00,0.000000000000000000e+00,-2.184583241666073206e-01,-0.000000000000000000e+00,-0.000000000000000000e+00,-6.582201505393661146e-03,-0.000000000000000000e+00,-2.025629638471870553e-01,-1.833773319641674240e-02,-0.000000000000000000e+00,-2.414652086432006461e-01,0.000000000000000000e+00,0.000000000000000000e+00,-2.922237840406935461e-01,-0.000000000000000000e+00,-0.000000000000000000e+00,-0.000000000000000000e+00,-0.000000000000000000e+00,-0.000000000000000000e+00,-1.774213080136049503e-01,-1.246344679597818639e-01,1.898118086156804329e+00,-0.000000000000000000e+00,-4.871125033327572407e-02,-1.524404287371379230e-01,-1.348320175414407726e-02,-0.000000000000000000e+00,-0.000000000000000000e+00,-2.337581042499602968e-01,-0.000000000000000000e+00,-6.928059368807644447e-02,-3.670148747817072316e-02,-0.000000000000000000e+00
-0.000000000000000000e+00,-0.000000000000000000e+00,-0.000000000000000000e+00,0.000000000000000000e+00,-0.000000000000000000e+00,-1.292778758425783270e-01,-0.000000000000000000e+00,0.000000000000000000e+00,-0.000000000000000000e+00,-0.000000000000000000e+00,-0.000000000000000000e+00,0.000000000000000000e+00,-0.000000000000000000e+00,-0.000000000000000000e+00,-0.000000000000000000e+00,0.000000000000000000e+00,-0.000000000000000000e+00,-0.000000000000000000e+00,-0.000000000000000000e+00,-0.000000000000000000e+00,-1.027631276376360508e-01,-0.000000000000000000e+00,-1.353108166702400306e-01,-7.162438121310762962e-02,-4.032579872880447808e-02,-4.368736919012376763e-02,-1.494427755044151485e-01,-0.000000000000000000e+00,1.826618218885125433e+00,-0.000000000000000000e+00,-5.453711664394301356e-02,-2.947661683414422584e-01,-1.455678709918747926e-01,-0.000000000000000000e+00,-0.000000000000000000e+00,-3.007307210107076356e-01,-3.351116268605304205e-01,0.000000000000000000e+00,0.000000000000000000e+00
-4.132320301641259075e-01,-2.112497413336146268e-01,-0.000000000000000000e+00,0.000000000000000000e+00,-3.113571023883541233e-01,0.000000000000000000e+00,0.000000000000000000e+00,0.000000000000000000e+00,-1.839054714005612379e-01,-1.655690514184309237e-01,-0.000000000000000000e+00,-0.000000000000000000e+00,0.000000000000000000e+00,-0.000000000000000000e+00,-0.000000000000000000e+00,-4.314489228377205166e-01,-1.095161254142173607e-01,0.000000000000000000e+00,1.631216474019638596e-01,-0.000000000000000000e+00,-1.533725712564411228e-03,-0.000000000000000000e+00,-0.000000000000000000e+00,-0.000000000000000000e+00,-0.000000000000000000e+00,-1.685852795444737762e-01,-0.000000000000000000e+00,-4.871125033327572407e-02,-0.000000000000000000e+00,2.177758124639646020e+00,-0.000000000000000000e+00,-0.000000000000000000e+00,-0.000000000000000000e+00,-0.000000000000000000e+00,-0.000000000000000000e+00,-0.000000000000000000e+00,-0.000000000000000000e+00,-0.000000000000000000e+00,-0.000000000000000000e+00
-0.000000000000000000e+00,-0.000000000000000000e+00,-0.000000000000000000e+00,0.000000000000000000e+00,-0.000000000000000000e+00,-0.000000000000000000e+00,-0.000000000000000000e+00,5.507467307903105014e-02,-0.000000000000000000e+00,-0.000000000000000000e+00,-5.241572686936196712e-02,-0.000000000000000000e+00,-0.000000000000000000e+00,-1.149381841486293715e-01,-0.000000000000000000e+00,-0.000000000000000000e+00,-7.994139016104176432e-02,-0.000000000000000000e+00,-0.000000000000000000e+00,-0.000000000000000000e+00,-0.000000000000000000e+00,-0.000000000000000000e+00,-9.897265095177161520e-02,-0.000000000000000000e+00,-0.000000000000000000e+00,-0.000000000000000000e+00,-4.706894033629170360e-01,-1.524404287371379230e-01,-5.453711664394301356e-02,-0.000000000000000000e+00,1.761292475843846406e+00,-1.222772660667834493e-01,-1.779171954162568348e-01,-0.000000000000000000e+00,-4.420949548273944707e-02,-9.729467573205462239e-02,-7.661493974568858722e-02,-0.000000000000000000e+00,0.000000000000000000e+00
-0.000000000000000000e+00,-0.000000000000000000e+00,-0.000000000000000000e+00,-0.000000000000000000e+00,-0.000000000000000000e+00,-0.000000000000000000e+00,-1.909481179931299399e-01,0.000000000000000000e+00,-0.000000000000000000e+00,-0.000000000000000000e+00,-1.793615272214921230e-01,-0.000000000000000000e+00,-0.000000000000000000e+00,-1.182555621159531722e-01,-0.000000000000000000e+00,0.000000000000000000e+00,-1.361935613593962535e-01,-0.000000000000000000e+00,-0.000000000000000000e+00,-0.000000000000000000e+00,-0.000000000000000000e+00,-0.000000000000000000e+00,-1.833856819685810435e-01,-2.085381265330993883e-01,-0.000000000000000000e+00,-0.000000000000000000e+00,-1.408657397082004326e-01,-1.348320175414407726e-02,-2.947661683414422584e-01,-0.000000000000000000e+00,-1.222772660667834493e-01,1.946721150236941700e+00,-0.000000000000000000e+00,-0.000000000000000000e+00,-1.453408114620534930e-01,-5.795786077878868972e-03,-2.214571300013359889e-01,-0.000000000000000000e+00,-0.000000000000000000e+00
-0.000000000000000000e+00,-0.000000000000000000e+00,-0.000000000000000000e+00,0.000000000000000000e+00,-0.000000000000000000e+00,-1.286969527231370813e-01,-0.000000000000000000e+00,2.098125243782494875e-01,0.000000000000000000e+00,-0.000000000000000000e+00,-0.000000000000000000e+00,0.000000000000000000e+00,-0.000000000000000000e+00,-0.000000000000000000e+00,0.000000000000000000e+00,0.000000000000000000e+00,-0.000000000000000000e+00,-0.000000000000000000e+00,-0.000000000000000000e+00,-0.000000000000000000e+00,-5.523191965263619663e-01,-8.467355093514705722e-02,-0.000000000000000000e+00,-0.000000000000000000e+00,-8.267365017182320974e-02,-0.000000000000000000e+00,-0.000000000000000000e+00,-0.000000000000000000e+00,-1.455678709918747926e-01,-0.000000000000000000e+00,-1.779171954162568348e-01,-0.000000000000000000e+00,1.566927460203159983e+00,0.000000000000000000e+00,-0.000000000000000000e+00,-0.000000000000000000e+00,-0.000000000000000000e+00,0.000000000000000000e+00,0.000000000000000000e+00
-5.772855415996735323e-02,-0.000000000000000000e+00,-0.000000000000000000e+00,0.000000000000000000e+00,-0.000000000000000000e+00,-0.000000000000000000e+00,-0.000000000000000000e+00,0.000000000000000000e+00,-2.187903510058694934e-01,-0.000000000000000000e+00,-0.000000000000000000e+00,-0.000000000000000000e+00,0.000000000000000000e+00,-0.000000000000000000e+00,-0.000000000000000000e+00,-0.000000000000000000e+00,-0.000000000000000000e+00,5.398346765414691745e-03,3.197976254026937970e-02,-0.000000000000000000e+00,0.000000000000000000e+00,-0.000000000000000000e+00,-0.000000000000000000e+00,-0.000000000000000000e+00,0.000000000000000000e+00,-0.000000000000000000e+00,-0.000000000000000000e+00,-0.000000000000000000e+00,-0.000000000000000000e+00,-0.000000000000000000e+00,-0.000000000000000000e+00,-0.000000000000000000e+00,0.000000000000000000e+00,1.067958816852386583e+00,-0.000000000000000000e+00,-0.000000000000000000e+00,-0.000000000000000000e+00,-0.000000000000000000e+00,-0.000000000000000000e+00
-0.000000000000000000e+00,-0.000000000000000000e+00,-0.000000000000000000e+00,0.000000000000000000e+00,-0.000000000000000000e+00,-0.000000000000000000e+00,-5.117916479673118718e-02,0.000000000000000000e+00,-0.000000000000000000e+00,-0.000000000000000000e+00,-0.000000000000000000e+00,-0.000000000000000000e+00,-0.000000000000000000e+00,-2.812153127620219961e-01,-2.712495122367636000e-02,-0.000000000000000000e+00,-0.000000000000000000e+00,0.000000000000000000e+00,0.000000000000000000e+00,-1.445533827942018512e-01,-0.000000000000000000e+00,-0.000000000000000000e+00,-0.000000000000000000e+00,-3.223736271996954089e-02,-0.000000000000000000e+00,-0.000000000000000000e+00,-0.000000000000000000e+00,-2.337581042499602968e-01,-0.000000000000000000e+00,-0.000000000000000000e+00,-4.420949548273944707e-02,-1.453408114620534930e-01,-0.000000000000000000e+00,-0.000000000000000000e+00,1.789497634973359563e+00,-5.589864329829226375e-02,-5.356626194262104068e-01,-0.000000000000000000e+00,-0.000000000000000000e+00
-2.210198025049612824e-01,-1.273170755321377523e-01,-0.000000000000000000e+00,2.020500831311717108e-02,-0.000000000000000000e+00,-0.000000000000000000e+00,-0.000000000000000000e+00,8.031358523555970352e-02,-0.000000000000000000e+00,-0.000000000000000000e+00,-0.000000000000000000e+00,-0.000000000000000000e+00,0.000000000000000000e+00,-0.000000000000000000e+00,-0.000000000000000000e+00,-0.000000000000000000e+00,-2.147434600627740053e-02,0.000000000000000000e+00,-0.000000000000000000e+00,-0.000000000000000000e+00,-5.105376697510047995e-02,-0.000000000000000000e+00,-0.000000000000000000e+00,-5.752180201249155328e-02,-0.000000000000000000e+00,-1.741040745783248855e-01,-0.000000000000000000e+00,-0.000000000000000000e+00,-3.007307210107076356e-01,-0.000000000000000000e+00,-9.729467573205462239e-02,-5.795786077878868972e-03,-0.000000000000000000e+00,-0.000000000000000000e+00,-5.589864329829226375e-02,1.747315249445863694e+00,-3.879542848847646885e-01,-0.000000000000000000e+00,-0.000000000000000000e+00
-0.000000000000000000e+00,-1.166883692061635169e-01,-8.015921367156655930e-02,0.000000000000000000e+00,-0.000000000000000000e+00,-0.000000000000000000e+00,-0.000000000000000000e+00,1.442085267064668191e-02,-0.000000000000000000e+00,-0.000000000000000000e+00,-0.000000000000000000e+00,-0.000000000000000000e+00,-0.000000000000000000e+00,-2.661947406827894214e-01,-0.000000000000000000e+00,-0.000000000000000000e+00,-6.924591903843102525e-02,0.000000000000000000e+00,-0.000000000000000000e+00,-0.000000000000000000e+00,-1.795253535392064836e-01,-0.000000000000000000e+00,-8.108383940267513412e-02,-2.475886372929151924e-01,-0.000000000000000000e+00,-1.479589236339651920e-02,-0.000000000000000000e+00,-6.928059368807644447e-02,-3.351116268605304205e-01,-0.000000000000000000e+00,-7.661493974568858722e-02,-2.214571300013359889e-01,-0.000000000000000000e+00,-0.000000000000000000e+00,-5.356626194262104068e-01,-3.879542848847646885e-01,2.453727354820123718e+00,-0.000000000000000000e+00,-0.000000000000000000e+00
-1.642357327310563220e-01,-8.360687419906305540e-02,-0.000000000000000000e+00,-0.000000000000000000e+00,-0.000000000000000000e+00,0.000000000000000000e+00,-0.000000000000000000e+00,0.000000000000000000e+00,-4.080447060979690566e-01,-0.000000000000000000e+00,-0.000000000000000000e+00,-2.162005095373300545e-01,-0.000000000000000000e+00,-0.000000000000000000e+00,-2.769528401885138491e-01,-7.561012240138906271e-02,-0.000000000000000000e+00,7.193544033727083953e-01,0.000000000000000000e+00,-3.141746295919494725e-01,-0.000000000000000000e+00,-0.000000000000000000e+00,-0.000000000000000000e+00,-0.000000000000000000e+00,0.000000000000000000e+00,-0.000000000000000000e+00,-0.000000000000000000e+00,-3.670148747817072316e-02,0.000000000000000000e+00,-0.000000000000000000e+00,-0.000000000000000000e+00,-0.000000000000000000e+00,0.000000000000000000e+00,-0.000000000000000000e+00,-0.000000000000000000e+00,-0.000000000000000000e+00,-0.000000000000000000e+00,2.486911776667649399e+00,-2.731680731344667268e-01
-0.000000000000000000e+00,-1.873246921255780906e-01,-0.000000000000000000e+00,-0.000000000000000000e+00,-3.321916773008685292e-02,1.954618260784783072e-03,-0.000000000000000000e+00,0.000000000000000000e+00,-4.134240785172440535e-01,-3.796737756764353433e-01,-0.000000000000000000e+00,-4.311709810574265167e-01,-0.000000000000000000e+00,-0.000000000000000000e+00,-0.000000000000000000e+00,-2.259640687309368567e-01,-0.000000000000000000e+00,1.140304575026352685e-01,5.389980831010959816e-01,-0.000000000000000000e+00,-0.000000000000000000e+00,-5.557182299028094741e-02,-0.000000000000000000e+00,-0.000000000000000000e+00,-0.000000000000000000e+00,-0.000000000000000000e+00,-0.000000000000000000e+00,-0.000000000000000000e+00,0.000000000000000000e+00,-0.000000000000000000e+00,0.000000000000000000e+00,-0.000000000000000000e+00,0.000000000000000000e+00,-0.000000000000000000e+00,-0.000000000000000000e+00,-0.000000000000000000e+00,-0.000000000000000000e+00,-2.731680731344667268e-01,2.529267421220724454e+00
