3.022406426656135903e+00,-8.298253581943350055e-01,-0.000000000000000000e+00,-0.000000000000000000e+00,-0.000000000000000000e+00,-0.000000000000000000e+00,0.000000000000000000e+00,0.000000000000000000e+00,-4.694063236663912897e-01,-0.000000000000000000e+00,-0.000000000000000000e+00,-0.000000000000000000e+00,0.000000000000000000e+00,0.000000000000000000e+00,-0.000000000000000000e+00,-0.000000000000000000e+00,-3.613072431687473773e-02,-0.000000000000000000e+00,-0.000000000000000000e+00,-0.000000000000000000e+00,-0.000000000000000000e+00,-0.000000000000000000e+00,-0.000000000000000000e+00,0.000000000000000000e+00,0.000000000000000000e+00,-3.366637504322689822e-01,-9.922941411799712785e-02,-0.000000000000000000e+00,-0.000000000000000000e+00,-0.000000000000000000e+00,-0.000000000000000000e+00,-2.812386925284140471e-01,0.000000000000000000e+00,-0.000000000000000000e+00,0.000000000000000000e+00,-0.000000000000000000e+00,0.000000000000000000e+00,-6.576899123846774442e-01,-3.559131427941637504e-01
-8.298253581943350055e-01,3.001551823801571928e+00,-2.147572860564191943e-01,-8.824411888495227452e-02,-6.027059180612768857e-04,-7.009183936878719823e-02,0.000000000000000000e+00,2.515414869625681379e-02,-5.085553827191011678e-01,-0.000000000000000000e+00,-0.000000000000000000e+00,-0.000000000000000000e+00,0.000000000000000000e+00,0.000000000000000000e+00,0.000000000000000000e+00,-0.000000000000000000e+00,-0.000000000000000000e+00,-9.131850835388435894e-02,-2.619900282465650876e-01,-0.000000000000000000e+00,-0.000000000000000000e+00,-0.000000000000000000e+00,-0.000000000000000000e+00,0.000000000000000000e+00,-0.000000000000000000e+00,-2.734513743917055817e-01,-0.000000000000000000e+00,-0.000000000000000000e+00,-2.385826269956160262e-01,-0.000000000000000000e+00,-0.000000000000000000e+00,-2.019839482541050876e-02,0.000000000000000000e+00,-0.000000000000000000e+00,-0.000000000000000000e+00,-0.000000000000000000e+00,-0.000000000000000000e+00,-1.787181050627865142e-01,-3.111422113665825440e-01
-0.000000000000000000e+00,-2.147572860564191943e-01,2.930959120072501367e+00,-0.000000000000000000e+00,-6.571942474891762087e-01,-8.311590558047324273e-02,0.000000000000000000e+00,8.232331801971540797e-01,-1.873048122120341830e-01,-0.000000000000000000e+00,-0.000000000000000000e+00,-0.000000000000000000e+00,0.000000000000000000e+00,-0.000000000000000000e+00,-0.000000000000000000e+00,-0.000000000000000000e+00,0.000000000000000000e+00,-0.000000000000000000e+00,-0.000000000000000000e+00,-0.000000000000000000e+00,-3.343535794521367843e-01,-2.772051764021128406e-01,-0.000000000000000000e+00,-0.000000000000000000e+00,-0.000000000000000000e+00,-0.000000000000000000e+00,-0.000000000000000000e+00,-0.000000000000000000e+00,-1.918080536193291219e-01,-2.936552434017756369e-02,-0.000000000000000000e+00,-0.000000000000000000e+00,-1.669528726921013784e-01,-2.989371686613293555e-01,-0.000000000000000000e+00,-0.000000000000000000e+00,-0.000000000000000000e+00,-0.000000000000000000e+00,-0.000000000000000000e+00
-0.000000000000000000e+00,-8.824411888495227452e-02,-0.000000000000000000e+00,1.601920516153219731e+00,-0.000000000000000000e+00,-0.000000000000000000e+00,-1.126831942840130218e-01,0.000000000000000000e+00,-2.378729548156462703e-01,-0.000000000000000000e+00,-0.000000000000000000e+00,-0.000000000000000000e+00,0.000000000000000000e+00,0.000000000000000000e+00,-0.000000000000000000e+00,-0.000000000000000000e+00,-0.000000000000000000e+00,-2.613373761755410363e-01,-0.000000000000000000e+00,-0.000000000000000000e+00,-0.000000000000000000e+00,-0.000000000000000000e+00,-0.000000000000000000e+00,0.000000000000000000e+00,-0.000000000000000000e+00,-2.999468415179978309e-01,-0.000000000000000000e+00,-2.287252453285615328e-01,-4.428411496851559354e-02,-0.000000000000000000e+00,-0.000000000000000000e+00,-0.000000000000000000e+00,-0.000000000000000000e+00,-0.000000000000000000e+00,-0.000000000000000000e+00,-0.000000000000000000e+00,-0.000000000000000000e+00,-0.000000000000000000e+00,-0.000000000000000000e+00
-0.000000000000000000e+00,-6.027059180612768857e-04,-6.571942474891762087e-01,-0.000000000000000000e+00,2.653777036318533344e+00,-0.000000000000000000e+00,0.000000000000000000e+00,0.000000000000000000e+00,-4.327164125969836239e-01,-0.000000000000000000e+00,-0.000000000000000000e+00,-1.196615687521846022e-01,0.000000000000000000e+00,-0.000000000000000000e+00,-0.000000000000000000e+00,-0.000000000000000000e+00,0.000000000000000000e+00,-1.824012917508002762e-01,-0.000000000000000000e+00,-0.000000000000000000e+00,-9.236708784075302325e-02,-0.000000000000000000e+00,-0.000000000000000000e+00,-0.000000000000000000e+00,-0.000000000000000000e+00,-0.000000000000000000e+00,-0.000000000000000000e+00,-0.000000000000000000e+00,-1.878410220837999078e-01,-1.420488900366593810e-01,-0.000000000000000000e+00,-5.692647604028281544e-02,-2.719018847156434160e-01,-3.113437442058767379e-01,-0.000000000000000000e+00,-1.209828346539578436e-01,-4.711879776294581115e-03,-2.083085277542869318e-01,-0.000000000000000000e+00
-0.000000000000000000e+00,-7.009183936878719823e-02,-8.311590558047324273e-02,-0.000000000000000000e+00,-0.000000000000000000e+00,1.424959311902255665e+00,0.000000000000000000e+00,0.000000000000000000e+00,-0.000000000000000000e+00,-0.000000000000000000e+00,-0.000000000000000000e+00,0.000000000000000000e+00,-9.964841484688402584e-02,-0.000000000000000000e+00,2.098403827041238692e-02,-0.000000000000000000e+00,-0.000000000000000000e+00,-0.000000000000000000e+00,-0.000000000000000000e+00,-0.000000000000000000e+00,-0.000000000000000000e+00,-0.000000000000000000e+00,-1.367058739525004729e-01,-0.000000000000000000e+00,-0.000000000000000000e+00,-0.000000000000000000e+00,-0.000000000000000000e+00,-0.000000000000000000e+00,-2.942304455210401418e-02,-1.916866412670579500e-01,-9.673720128672133600e-02,-3.392035564839380180e-01,-0.000000000000000000e+00,-0.000000000000000000e+00,-6.543605656030455908e-02,-0.000000000000000000e+00,-7.147380089667249026e-02,-0.000000000000000000e+00,-0.000000000000000000e+00
0.000000000000000000e+00,0.000000000000000000e+00,0.000000000000000000e+00,-1.126831942840130218e-01,0.000000000000000000e+00,0.000000000000000000e+00,1.118419834657595313e+00,-0.000000000000000000e+00,0.000000000000000000e+00,-0.000000000000000000e+00,0.000000000000000000e+00,-0.000000000000000000e+00,-0.000000000000000000e+00,0.000000000000000000e+00,-0.000000000000000000e+00,-0.000000000000000000e+00,0.000000000000000000e+00,-0.000000000000000000e+00,-0.000000000000000000e+00,-5.958907397176518850e-02,-0.000000000000000000e+00,-2.189343846982433617e-01,-0.000000000000000000e+00,0.000000000000000000e+00,-0.000000000000000000e+00,0.000000000000000000e+00,-0.000000000000000000e+00,-3.654787303413493255e-02,0.000000000000000000e+00,-0.000000000000000000e+00,-5.539845279973992787e-02,4.503677133683919170e-03,0.000000000000000000e+00,0.000000000000000000e+00,-0.000000000000000000e+00,0.000000000000000000e+00,0.000000000000000000e+00,0.000000000000000000e+00,0.000000000000000000e+00
0.000000000000000000e+00,2.515414869625681379e-02,8.232331801971540797e-01,0.000000000000000000e+00,0.000000000000000000e+00,0.000000000000000000e+00,-0.000000000000000000e+00,1.539230149942644843e+00,0.000000000000000000e+00,0.000000000000000000e+00,0.000000000000000000e+00,0.000000000000000000e+00,-0.000000000000000000e+00,0.000000000000000000e+00,0.000000000000000000e+00,0.000000000000000000e+00,-0.000000000000000000e+00,0.000000000000000000e+00,0.000000000000000000e+00,0.000000000000000000e+00,0.000000000000000000e+00,1.221284080857477639e-01,0.000000000000000000e+00,0.000000000000000000e+00,0.000000000000000000e+00,0.000000000000000000e+00,0.000000000000000000e+00,0.000000000000000000e+00,0.000000000000000000e+00,0.000000000000000000e+00,0.000000000000000000e+00,0.000000000000000000e+00,0.000000000000000000e+00,0.000000000000000000e+00,0.000000000000000000e+00,0.000000000000000000e+00,0.000000000000000000e+00,0.000000000000000000e+00,0.000000000000000000e+00
-4.694063236663912897e-01,-5.085553827191011678e-01,-1.873048122120341830e-01,-2.378729548156462703e-01,-4.327164125969836239e-01,-0.000000000000000000e+00,0.000000000000000000e+00,0.000000000000000000e+00,2.982174195215403500e+00,-0.000000000000000000e+00,-0.000000000000000000e+00,-0.000000000000000000e+00,0.000000000000000000e+00,-0.000000000000000000e+00,-0.000000000000000000e+00,-0.000000000000000000e+00,-0.000000000000000000e+00,-1.071718991206069838e-01,-0.000000000000000000e+00,-0.000000000000000000e+00,-3.411837330339215213e-02,-0.000000000000000000e+00,-0.000000000000000000e+00,0.000000000000000000e+00,-0.000000000000000000e+00,-0.000000000000000000e+00,-0.000000000000000000e+00,-0.000000000000000000e+00,-4.317437752703947584e-01,-0.000000000000000000e+00,-0.000000000000000000e+00,-0.000000000000000000e+00,-0.000000000000000000e+00,-4.835787304221817462e-01,-0.000000000000000000e+00,-0.000000000000000000e+00,-0.000000000000000000e+00,-2.430887033160682165e-01,-0.000000000000000000e+00
-0.000000000000000000e+00,-0.000000000000000000e+00,-0.000000000000000000e+00,-0.000000000000000000e+00,-0.000000000000000000e+00,-0.000000000000000000e+00,-0.000000000000000000e+00,0.000000000000000000e+00,-0.000000000000000000e+00,2.617972947526390648e+00,0.000000000000000000e+00,-0.000000000000000000e+00,0.000000000000000000e+00,-0.000000000000000000e+00,-0.000000000000000000e+00,-8.850036475199393182e-01,0.000000000000000000e+00,-1.807655781118408245e-01,-1.092162295674516254e-01,-2.135980312042475571e-01,-0.000000000000000000e+00,-0.000000000000000000e+00,-0.000000000000000000e+00,0.000000000000000000e+00,-2.360434904781454624e-01,-0.000000000000000000e+00,-1.345562156062081738e-01,-1.735126090737999782e-01,-0.000000000000000000e+00,-3.952121325357648152e-01,-2.785305210018961253e-01,-0.000000000000000000e+00,0.000000000000000000e+00,0.000000000000000000e+00,-0.000000000000000000e+00,-6.379537421775814676e-02,-0.000000000000000000e+00,-0.000000000000000000e+00,-0.000000000000000000e+00
-0.000000000000000000e+00,-0.000000000000000000e+00,-0.000000000000000000e+00,-0.000000000000000000e+00,-0.000000000000000000e+00,-0.000000000000000000e+00,0.000000000000000000e+00,0.000000000000000000e+00,-0.000000000000000000e+00,0.000000000000000000e+00,1.695544174933140136e+00,0.000000000000000000e+00,-0.000000000000000000e+00,0.000000000000000000e+00,0.000000000000000000e+00,0.000000000000000000e+00,-6.479651004879000142e-01,0.000000000000000000e+00,0.000000000000000000e+00,2.605610609069744510e-01,-0.000000000000000000e+00,0.000000000000000000e+00,0.000000000000000000e+00,-0.000000000000000000e+00,1.072967464368408397e-01,-0.000000000000000000e+00,-0.000000000000000000e+00,0.000000000000000000e+00,-0.000000000000000000e+00,0.000000000000000000e+00,0.000000000000000000e+00,-5.300592750205683767e-01,-0.000000000000000000e+00,-0.000000000000000000e+00,2.396530792318773140e-01,0.000000000000000000e+00,8.377423486759603966e-02,-0.000000000000000000e+00,-0.000000000000000000e+00
-0.000000000000000000e+00,-0.000000000000000000e+00,-0.000000000000000000e+00,-0.000000000000000000e+00,-1.196615687521846022e-01,0.000000000000000000e+00,-0.000000000000000000e+00,0.000000000000000000e+00,-0.000000000000000000e+00,-0.000000000000000000e+00,0.000000000000000000e+00,1.716699691455477073e+00,0.000000000000000000e+00,-0.000000000000000000e+00,-6.890724099586397200e-01,-0.000000000000000000e+00,0.000000000000000000e+00,-2.072150687749605147e-01,-0.000000000000000000e+00,-0.000000000000000000e+00,-2.663019352298054768e-02,-1.038736651965124352e-01,-0.000000000000000000e+00,-0.000000000000000000e+00,-9.746023577855261744e-02,-0.000000000000000000e+00,-0.000000000000000000e+00,-0.000000000000000000e+00,-0.000000000000000000e+00,-0.000000000000000000e+00,-2.528716469946418188e-01,0.000000000000000000e+00,-0.000000000000000000e+00,-2.899073054485422699e-02,0.000000000000000000e+00,-0.000000000000000000e+00,-0.000000000000000000e+00,-9.810838512956847335e-02,-0.000000000000000000e+00
0.000000000000000000e+00,0.000000000000000000e+00,0.000000000000000000e+00,0.000000000000000000e+00,0.000000000000000000e+00,-9.964841484688402584e-02,-0.000000000000000000e+00,-0.000000000000000000e+00,0.000000000000000000e+00,0.000000000000000000e+00,-0.000000000000000000e+00,0.000000000000000000e+00,1.010045784249095746e+00,-0.000000000000000000e+00,0.000000000000000000e+00,0.000000000000000000e+00,-0.000000000000000000e+00,0.000000000000000000e+00,0.000000000000000000e+00,0.000000000000000000e+00,-0.000000000000000000e+00,0.000000000000000000e+00,-0.000000000000000000e+00,-0.000000000000000000e+00,-0.000000000000000000e+00,0.000000000000000000e+00,-0.000000000000000000e+00,0.000000000000000000e+00,0.000000000000000000e+00,0.000000000000000000e+00,-3.000258541418884990e-03,-0.000000000000000000e+00,-0.000000000000000000e+00,0.000000000000000000e+00,-0.000000000000000000e+00,0.000000000000000000e+00,-0.000000000000000000e+00,0.000000000000000000e+00,0.000000000000000000e+00
0.000000000000000000e+00,0.000000000000000000e+00,-0.000000000000000000e+00,0.000000000000000000e+00,-0.000000000000000000e+00,-0.000000000000000000e+00,0.000000000000000000e+00,0.000000000000000000e+00,-0.000000000000000000e+00,-0.000000000000000000e+00,0.000000000000000000e+00,-0.000000000000000000e+00,-0.000000000000000000e+00,2.158850898612496572e+00,-0.000000000000000000e+00,-0.000000000000000000e+00,8.412162853343832514e-02,-0.000000000000000000e+00,0.000000000000000000e+00,-0.000000000000000000e+00,-4.278044942191256382e-03,-1.146910471560944611e-01,-0.000000000000000000e+00,-6.179493112195401094e-01,-4.483960353240429297e-01,0.000000000000000000e+00,0.000000000000000000e+00,-0.000000000000000000e+00,-0.000000000000000000e+00,-0.000000000000000000e+00,-0.000000000000000000e+00,-0.000000000000000000e+00,-5.003183177996528563e-01,-0.000000000000000000e+00,-0.000000000000000000e+00,-3.624633142363501981e-01,-1.691623010749439826e-01,0.000000000000000000e+00,0.000000000000000000e+00
-0.000000000000000000e+00,0.000000000000000000e+00,-0.000000000000000000e+00,-0.000000000000000000e+00,-0.000000000000000000e+00,2.098403827041238692e-02,-0.000000000000000000e+00,0.000000000000000000e+00,-0.000000000000000000e+00,-0.000000000000000000e+00,0.000000000000000000e+00,-6.890724099586397200e-01,0.000000000000000000e+00,-0.000000000000000000e+00,1.365384749100591044e+00,-0.000000000000000000e+00,0.000000000000000000e+00,-0.000000000000000000e+00,0.000000000000000000e+00,-0.000000000000000000e+00,-0.000000000000000000e+00,-0.000000000000000000e+00,-0.000000000000000000e+00,0.000000000000000000e+00,-0.000000000000000000e+00,-0.000000000000000000e+00,-0.000000000000000000e+00,-5.551480982362129446e-02,-0.000000000000000000e+00,-0.000000000000000000e+00,-0.000000000000000000e+00,0.000000000000000000e+00,-0.000000000000000000e+00,-0.000000000000000000e+00,0.000000000000000000e+00,-0.000000000000000000e+00,0.000000000000000000e+00,-0.000000000000000000e+00,0.000000000000000000e+00
-0.000000000000000000e+00,-0.000000000000000000e+00,-0.000000000000000000e+00,-0.000000000000000000e+00,-0.000000000000000000e+00,-0.000000000000000000e+00,-0.000000000000000000e+00,0.000000000000000000e+00,-0.000000000000000000e+00,-8.850036475199393182e-01,0.000000000000000000e+00,-0.000000000000000000e+00,0.000000000000000000e+00,-0.000000000000000000e+00,-0.000000000000000000e+00,2.672308416553410559e+00,0.000000000000000000e+00,-0.000000000000000000e+00,-3.501428439224949507e-01,-0.000000000000000000e+00,-0.000000000000000000e+00,-0.000000000000000000e+00,-2.800783020739295859e-01,0.000000000000000000e+00,-0.000000000000000000e+00,-2.452937727769248510e-01,-1.668473787388786989e-01,-3.142209460113674635e-01,-0.000000000000000000e+00,-3.236411653396104593e-01,-0.000000000000000000e+00,-0.000000000000000000e+00,0.000000000000000000e+00,0.000000000000000000e+00,-0.000000000000000000e+00,-0.000000000000000000e+00,-0.000000000000000000e+00,-8.650670008267344335e-03,-8.124923963994633291e-02
-3.613072431687473773e-02,-0.000000000000000000e+00,0.000000000000000000e+00,-0.000000000000000000e+00,0.000000000000000000e+00,-0.000000000000000000e+00,0.000000000000000000e+00,-0.000000000000000000e+00,-0.000000000000000000e+00,0.000000000000000000e+00,-6.479651004879000142e-01,0.000000000000000000e+00,-0.000000000000000000e+00,8.412162853343832514e-02,0.000000000000000000e+00,0.000000000000000000e+00,1.416609707749374447e+00,0.000000000000000000e+00,0.000000000000000000e+00,0.000000000000000000e+00,0.000000000000000000e+00,0.000000000000000000e+00,0.000000000000000000e+00,-0.000000000000000000e+00,2.253131170001466607e-02,-0.000000000000000000e+00,-5.177081944227904936e-02,0.000000000000000000e+00,0.000000000000000000e+00,0.000000000000000000e+00,0.000000000000000000e+00,-1.089543964470039983e-01,0.000000000000000000e+00,-0.000000000000000000e+00,1.012106448646216267e-01,0.000000000000000000e+00,0.000000000000000000e+00,-0.000000000000000000e+00,-8.901843719312382830e-02
-0.000000000000000000e+00,-9.131850835388435894e-02,-0.000000000000000000e+00,-2.613373761755410363e-01,-1.824012917508002762e-01,-0.000000000000000000e+00,-0.000000000000000000e+00,0.000000000000000000e+00,-1.071718991206069838e-01,-1.807655781118408245e-01,0.000000000000000000e+00,-2.072150687749605147e-01,0.000000000000000000e+00,-0.000000000000000000e+00,-0.000000000000000000e+00,-0.000000000000000000e+00,0.000000000000000000e+00,2.255970789520285624e+00,-5.238032752222345767e-01,-0.000000000000000000e+00,-0.000000000000000000e+00,-0.000000000000000000e+00,-0.000000000000000000e+00,0.000000000000000000e+00,-0.000000000000000000e+00,-0.000000000000000000e+00,-0.000000000000000000e+00,-2.326554367213461150e-01,-2.372362538698817233e-02,-2.446126881912575879e-01,-7.113657976822898577e-02,-0.000000000000000000e+00,-0.000000000000000000e+00,-0.000000000000000000e+00,-0.000000000000000000e+00,-0.000000000000000000e+00,-0.000000000000000000e+00,-1.789418098364670417e-01,-0.000000000000000000e+00
-0.000000000000000000e+00,-2.619900282465650876e-01,-0.000000000000000000e+00,-0.000000000000000000e+00,-0.000000000000000000e+00,-0.000000000000000000e+00,-0.000000000000000000e+00,0.000000000000000000e+00,-0.000000000000000000e+00,-1.092162295674516254e-01,0.000000000000000000e+00,-0.000000000000000000e+00,0.000000000000000000e+00,0.000000000000000000e+00,0.000000000000000000e+00,-3.501428439224949507e-01,0.000000000000000000e+00,-5.238032752222345767e-01,2.043726379573847396e+00,-0.000000000000000000e+00,-0.000000000000000000e+00,-0.000000000000000000e+00,-1.108684066532604345e-01,1.233560768787743817e-01,-0.000000000000000000e+00,-1.018110210420625494e-01,-1.092642567124529757e-01,-0.000000000000000000e+00,-0.000000000000000000e+00,-0.000000000000000000e+00,-0.000000000000000000e+00,-0.000000000000000000e+00,0.000000000000000000e+00,0.000000000000000000e+00,-0.000000000000000000e+00,-0.000000000000000000e+00,-0.000000000000000000e+00,-0.000000000000000000e+00,-3.106498812194617987e-01
-0.000000000000000000e+00,-0.000000000000000000e+00,-0.000000000000000000e+00,-0.000000000000000000e+00,-0.000000000000000000e+00,-0.000000000000000000e+00,-5.958907397176518850e-02,0.000000000000000000e+00,-0.000000000000000000e+00,-2.135980312042475571e-01,2.605610609069744510e-01,-0.000000000000000000e+00,0.000000000000000000e+00,-0.000000000000000000e+00,-0.000000000000000000e+00,-0.000000000000000000e+00,0.000000000000000000e+00,-0.000000000000000000e+00,-0.000000000000000000e+00,1.634686371202514366e+00,-0.000000000000000000e+00,-3.504594028837622610e-01,-1.269459217291703801e-01,0.000000000000000000e+00,-1.151974240719629006e-01,-0.000000000000000000e+00,-0.000000000000000000e+00,-1.577936005745373960e-01,-0.000000000000000000e+00,-1.250147134361938306e-01,-0.000000000000000000e+00,0.000000000000000000e+00,0.000000000000000000e+00,0.000000000000000000e+00,-0.000000000000000000e+00,-1.146363338545612759e-01,-0.000000000000000000e+00,-0.000000000000000000e+00,-0.000000000000000000e+00
-0.000000000000000000e+00,-0.000000000000000000e+00,-3.343535794521367843e-01,-0.000000000000000000e+00,-9.236708784075302325e-02,-0.000000000000000000e+00,-0.000000000000000000e+00,0.000000000000000000e+00,-3.411837330339215213e-02,-0.000000000000000000e+00,-0.000000000000000000e+00,-2.663019352298054768e-02,-0.000000000000000000e+00,-4.278044942191256382e-03,-0.000000000000000000e+00,-0.000000000000000000e+00,0.000000000000000000e+00,-0.000000000000000000e+00,-0.000000000000000000e+00,-0.000000000000000000e+00,1.992122342935239709e+00,-3.934051390162866535e-01,-0.000000000000000000e+00,-0.000000000000000000e+00,-0.000000000000000000e+00,-0.000000000000000000e+00,0.000000000000000000e+00,-0.000000000000000000e+00,-0.000000000000000000e+00,-1.202508822358773627e-01,-0.000000000000000000e+00,-0.000000000000000000e+00,-7.276504868955180338e-01,-0.000000000000000000e+00,-0.000000000000000000e+00,-1.067426044706262962e-02,-0.000000000000000000e+00,-0.000000000000000000e+00,0.000000000000000000e+00
-0.000000000000000000e+00,-0.000000000000000000e+00,-2.772051764021128406e-01,-0.000000000000000000e+00,-0.000000000000000000e+00,-0.000000000000000000e+00,-2.189343846982433617e-01,1.221284080857477639e-01,-0.000000000000000000e+00,-0.000000000000000000e+00,0.000000000000000000e+00,-1.038736651965124352e-01,0.000000000000000000e+00,-1.146910471560944611e-01,-0.000000000000000000e+00,-0.000000000000000000e+00,0.000000000000000000e+00,-0.000000000000000000e+00,-0.000000000000000000e+00,-3.504594028837622610e-01,-3.934051390162866535e-01,2.001580645324068097e+00,-0.000000000000000000e+00,-0.000000000000000000e+00,-1.113474641305898793e-01,0.000000000000000000e+00,0.000000000000000000e+00,-0.000000000000000000e+00,-0.000000000000000000e+00,-1.209235668368707911e-01,-0.000000000000000000e+00,0.000000000000000000e+00,-1.473493675734516284e-02,-5.163382449181429246e-02,-0.000000000000000000e+00,-1.368926738562052936e-01,-1.427741050390046174e-01,-0.000000000000000000e+00,0.000000000000000000e+00
-0.000000000000000000e+00,-0.000000000000000000e+00,-0.000000000000000000e+00,-0.000000000000000000e+00,-0.000000000000000000e+00,-1.367058739525004729e-01,-0.000000000000000000e+00,0.000000000000000000e+00,-0.000000000000000000e+00,-0.000000000000000000e+00,0.000000000000000000e+00,-0.000000000000000000e+00,-0.000000000000000000e+00,-0.000000000000000000e+00,-0.000000000000000000e+00,-2.800783020739295859e-01,0.000000000000000000e+00,-0.000000000000000000e+00,-1.108684066532604345e-01,-1.269459217291703801e-01,-0.000000000000000000e+00,-0.000000000000000000e+00,2.592058376225242267e+00,-0.000000000000000000e+00,-5.318425523375125419e-01,-0.000000000000000000e+00,-0.000000000000000000e+00,-2.472172336911688806e-01,-1.873971073853729075e-01,-3.656790368784465506e-01,-1.284814689541327604e-01,-0.000000000000000000e+00,-0.000000000000000000e+00,0.000000000000000000e+00,-2.735800047171482174e-01,-0.000000000000000000e+00,-3.615506552337458546e-01,-0.000000000000000000e+00,-0.000000000000000000e+00
0.000000000000000000e+00,0.000000000000000000e+00,-0.000000000000000000e+00,0.000000000000000000e+00,-0.000000000000000000e+00,-0.000000000000000000e+00,0.000000000000000000e+00,0.000000000000000000e+00,0.000000000000000000e+00,0.000000000000000000e+00,-0.000000000000000000e+00,-0.000000000000000000e+00,-0.000000000000000000e+00,-6.179493112195401094e-01,0.000000000000000000e+00,0.000000000000000000e+00,-0.000000000000000000e+00,0.000000000000000000e+00,1.233560768787743817e-01,0.000000000000000000e+00,-0.000000000000000000e+00,-0.000000000000000000e+00,-0.000000000000000000e+00,1.416465720331828271e+00,-0.000000000000000000e+00,1.812424543587448991e-02,2.204278810312791312e-02,0.000000000000000000e+00,-0.000000000000000000e+00,0.000000000000000000e+00,-0.000000000000000000e+00,-1.956452848171659140e-02,-2.779054979945327353e-01,-0.000000000000000000e+00,-0.000000000000000000e+00,-0.000000000000000000e+00,-0.000000000000000000e+00,0.000000000000000000e+00,0.000000000000000000e+00
0.000000000000000000e+00,-0.000000000000000000e+00,-0.000000000000000000e+00,-0.000000000000000000e+00,-0.000000000000000000e+00,-0.000000000000000000e+00,-0.000000000000000000e+00,0.000000000000000000e+00,-0.000000000000000000e+00,-2.360434904781454624e-01,1.072967464368408397e-01,-9.746023577855261744e-02,-0.000000000000000000e+00,-4.483960353240429297e-01,-0.000000000000000000e+00,-0.000000000000000000e+00,2.253131170001466607e-02,-0.000000000000000000e+00,-0.000000000000000000e+00,-1.151974240719629006e-01,-0.000000000000000000e+00,-1.113474641305898793e-01,-5.318425523375125419e-01,-0.000000000000000000e+00,2.290566727461615937e+00,-0.000000000000000000e+00,-0.000000000000000000e+00,-0.000000000000000000e+00,-0.000000000000000000e+00,-1.772217075774504269e-01,-3.755659812631761962e-01,-0.000000000000000000e+00,-0.000000000000000000e+00,0.000000000000000000e+00,-1.400688350451644304e-01,-0.000000000000000000e+00,-5.449047990043832945e-02,-0.000000000000000000e+00,0.000000000000000000e+00
-3.366637504322689822e-01,-2.734513743917055817e-01,-0.000000000000000000e+00,-2.999468415179978309e-01,-0.000000000000000000e+00,-0.000000000000000000e+00,0.000000000000000000e+00,0.000000000000000000e+00,-0.000000000000000000e+00,-0.000000000000000000e+00,-0.000000000000000000e+00,-0.000000000000000000e+00,0.000000000000000000e+00,0.000000000000000000e+00,-0.000000000000000000e+00,-2.452937727769248510e-01,-0.000000000000000000e+00,-0.000000000000000000e+00,-1.018110210420625494e-01,-0.000000000000000000e+00,-0.000000000000000000e+00,0.000000000000000000e+00,-0.000000000000000000e+00,1.812424543587448991e-02,-0.000000000000000000e+00,2.770026199074290041e+00,-8.657223144490013844e-01,-2.966774903182733958e-01,-3.449014397406719445e-01,-0.000000000000000000e+00,-0.000000000000000000e+00,-0.000000000000000000e+00,0.000000000000000000e+00,0.000000000000000000e+00,-0.000000000000000000e+00,-0.000000000000000000e+00,-0.000000000000000000e+00,-0.000000000000000000e+00,-6.487815986295579485e-02
-9.922941411799712785e-02,-0.000000000000000000e+00,-0.000000000000000000e+00,-0.000000000000000000e+00,-0.000000000000000000e+00,-0.000000000000000000e+00,-0.000000000000000000e+00,0.000000000000000000e+00,-0.000000000000000000e+00,-1.345562156062081738e-01,-0.000000000000000000e+00,-0.000000000000000000e+00,-0.000000000000000000e+00,0.000000000000000000e+00,-0.000000000000000000e+00,-1.668473787388786989e-01,-5.177081944227904936e-02,-0.000000000000000000e+00,-1.092642567124529757e-01,-0.000000000000000000e+00,0.000000000000000000e+00,0.000000000000000000e+00,-0.000000000000000000e+00,2.204278810312791312e-02,-0.000000000000000000e+00,-8.657223144490013844e-01,2.321405799821783855e+00,-1.085209499726902255e-01,-0.000000000000000000e+00,-0.000000000000000000e+00,-0.000000000000000000e+00,-2.407671225926907022e-01,0.000000000000000000e+00,0.000000000000000000e+00,-0.000000000000000000e+00,-0.000000000000000000e+00,-0.000000000000000000e+00,-8.201305525203933522e-02,-3.953143788686634963e-01
-0.000000000000000000e+00,-0.000000000000000000e+00,-0.000000000000000000e+00,-2.287252453285615328e-01,-0.000000000000000000e+00,-0.000000000000000000e+00,-3.654787303413493255e-02,0.000000000000000000e+00,-0.000000000000000000e+00,-1.735126090737999782e-01,0.000000000000000000e+00,-0.000000000000000000e+00,0.000000000000000000e+00,-0.000000000000000000e+00,-5.551480982362129446e-02,-3.142209460113674635e-01,0.000000000000000000e+00,-2.326554367213461150e-01,-0.000000000000000000e+00,-1.577936005745373960e-01,-0.000000000000000000e+00,-0.000000000000000000e+00,-2.472172336911688806e-01,0.000000000000000000e+00,-0.000000000000000000e+00,-2.966774903182733958e-01,-1.085209499726902255e-01,2.496864948690754815e+00,-4.970722643594080448e-01,-1.225152752634951075e-01,-1.591220683381963374e-01,-0.000000000000000000e+00,-0.000000000000000000e+00,-0.000000000000000000e+00,-0.000000000000000000e+00,-0.000000000000000000e+00,-0.000000000000000000e+00,-0.000000000000000000e+00,-0.000000000000000000e+00
-0.000000000000000000e+00,-2.385826269956160262e-01,-1.918080536193291219e-01,-4.428411496851559354e-02,-1.878410220837999078e-01,-2.942304455210401418e-02,0.000000000000000000e+00,0.000000000000000000e+00,-4.317437752703947584e-01,-0.000000000000000000e+00,-0.000000000000000000e+00,-0.000000000000000000e+00,0.000000000000000000e+00,-0.000000000000000000e+00,-0.000000000000000000e+00,-0.000000000000000000e+00,0.000000000000000000e+00,-2.372362538698817233e-02,-0.000000000000000000e+00,-0.000000000000000000e+00,-0.000000000000000000e+00,-0.000000000000000000e+00,-1.873971073853729075e-01,-0.000000000000000000e+00,-0.000000000000000000e+00,-3.449014397406719445e-01,-0.000000000000000000e+00,-4.970722643594080448e-01,2.631447449301111963e+00,-5.205582690285957131e-02,-0.000000000000000000e+00,-2.181309820427026480e-01,-0.000000000000000000e+00,-0.000000000000000000e+00,-0.000000000000000000e+00,-9.838578577713341655e-02,-1.637631782405212511e-01,-7.313176701593375462e-02,-0.000000000000000000e+00
-0.000000000000000000e+00,-0.000000000000000000e+00,-2.936552434017756369e-02,-0.000000000000000000e+00,-1.420488900366593810e-01,-1.916866412670579500e-01,-0.000000000000000000e+00,0.000000000000000000e+00,-0.000000000000000000e+00,-3.952121325357648152e-01,0.000000000000000000e+00,-0.000000000000000000e+00,0.000000000000000000e+00,-0.000000000000000000e+00,-0.000000000000000000e+00,-3.236411653396104593e-01,0.000000000000000000e+00,-2.446126881912575879e-01,-0.000000000000000000e+00,-1.250147134361938306e-01,-1.202508822358773627e-01,-1.209235668368707911e-01,-3.656790368784465506e-01,0.000000000000000000e+00,-1.772217075774504269e-01,-0.000000000000000000e+00,-0.000000000000000000e+00,-1.225152752634951075e-01,-5.205582690285957131e-02,2.550800453355554165e+00,-0.000000000000000000e+00,-0.000000000000000000e+00,-0.000000000000000000e+00,-0.000000000000000000e+00,-0.000000000000000000e+00,-3.377535205429291754e-01,-0.000000000000000000e+00,-0.000000000000000000e+00,-0.000000000000000000e+00
-0.000000000000000000e+00,-0.000000000000000000e+00,-0.000000000000000000e+00,-0.000000000000000000e+00,-0.000000000000000000e+00,-9.673720128672133600e-02,-5.539845279973992787e-02,0.000000000000000000e+00,-0.000000000000000000e+00,-2.785305210018961253e-01,0.000000000000000000e+00,-2.528716469946418188e-01,-3.000258541418884990e-03,-0.000000000000000000e+00,-0.000000000000000000e+00,-0.000000000000000000e+00,0.000000000000000000e+00,-7.113657976822898577e-02,-0.000000000000000000e+00,-0.000000000000000000e+00,-0.000000000000000000e+00,-0.000000000000000000e+00,-1.284814689541327604e-01,-0.000000000000000000e+00,-3.755659812631761962e-01,-0.000000000000000000e+00,-0.000000000000000000e+00,-1.591220683381963374e-01,-0.000000000000000000e+00,-0.000000000000000000e+00,1.923426695764120176e+00,-0.000000000000000000e+00,-0.000000000000000000e+00,-0.000000000000000000e+00,-2.604178496534247378e-01,-0.000000000000000000e+00,-1.851219011641835610e-01,-0.000000000000000000e+00,-0.000000000000000000e+00
-2.812386925284140471e-01,-2.019839482541050876e-02,-0.000000000000000000e+00,-0.000000000000000000e+00,-5.692647604028281544e-02,-3.392035564839380180e-01,4.503677133683919170e-03,0.000000000000000000e+00,-0.000000000000000000e+00,-0.000000000000000000e+00,-5.300592750205683767e-01,0.000000000000000000e+00,-0.000000000000000000e+00,-0.000000000000000000e+00,0.000000000000000000e+00,-0.000000000000000000e+00,-1.089543964470039983e-01,-0.000000000000000000e+00,-0.000000000000000000e+00,0.000000000000000000e+00,-0.000000000000000000e+00,0.000000000000000000e+00,-0.000000000000000000e+00,-1.956452848171659140e-02,-0.000000000000000000e+00,-0.000000000000000000e+00,-2.407671225926907022e-01,-0.000000000000000000e+00,-2.181309820427026480e-01,-0.000000000000000000e+00,-0.000000000000000000e+00,1.810811892676837287e+00,-0.000000000000000000e+00,-0.000000000000000000e+00,-0.000000000000000000e+00,-0.000000000000000000e+00,-0.000000000000000000e+00,-1.496531775929965113e-01,-4.643551580198193585e-02
0.000000000000000000e+00,0.000000000000000000e+00,-1.669528726921013784e-01,-0.000000000000000000e+00,-2.719018847156434160e-01,-0.000000000000000000e+00,0.000000000000000000e+00,0.000000000000000000e+00,-0.000000000000000000e+00,0.000000000000000000e+00,-0.000000000000000000e+00,-0.000000000000000000e+00,-0.000000000000000000e+00,-5.003183177996528563e-01,-0.000000000000000000e+00,0.000000000000000000e+00,0.000000000000000000e+00,-0.000000000000000000e+00,0.000000000000000000e+00,0.000000000000000000e+00,-7.276504868955180338e-01,-1.473493675734516284e-02,-0.000000000000000000e+00,-2.779054979945327353e-01,-0.000000000000000000e+00,0.000000000000000000e+00,0.000000000000000000e+00,-0.000000000000000000e+00,-0.000000000000000000e+00,-0.000000000000000000e+00,-0.000000000000000000e+00,-0.000000000000000000e+00,2.485829040221978481e+00,-5.369036443550163629e-01,-0.000000000000000000e+00,-0.000000000000000000e+00,-1.227446524128538580e-01,-0.000000000000000000e+00,0.000000000000000000e+00
-0.000000000000000000e+00,-0.000000000000000000e+00,-2.989371686613293555e-01,-0.000000000000000000e+00,-3.113437442058767379e-01,-0.000000000000000000e+00,0.000000000000000000e+00,0.000000000000000000e+00,-4.835787304221817462e-01,0.000000000000000000e+00,-0.000000000000000000e+00,-2.899073054485422699e-02,0.000000000000000000e+00,-0.000000000000000000e+00,-0.000000000000000000e+00,0.000000000000000000e+00,-0.000000000000000000e+00,-0.000000000000000000e+00,0.000000000000000000e+00,0.000000000000000000e+00,-0.000000000000000000e+00,-5.163382449181429246e-02,0.000000000000000000e+00,-0.000000000000000000e+00,0.000000000000000000e+00,0.000000000000000000e+00,0.000000000000000000e+00,-0.000000000000000000e+00,-0.000000000000000000e+00,-0.000000000000000000e+00,-0.000000000000000000e+00,-0.000000000000000000e+00,-5.369036443550163629e-01,1.989767762630237913e+00,-0.000000000000000000e+00,-0.000000000000000000e+00,-0.000000000000000000e+00,-0.000000000000000000e+00,0.000000000000000000e+00
0.000000000000000000e+00,-0.000000000000000000e+00,-0.000000000000000000e+00,-0.000000000000000000e+00,-0.000000000000000000e+00,-6.543605656030455908e-02,-0.000000000000000000e+00,0.000000000000000000e+00,-0.000000000000000000e+00,-0.000000000000000000e+00,2.396530792318773140e-01,0.000000000000000000e+00,-0.000000000000000000e+00,-0.000000000000000000e+00,0.000000000000000000e+00,-0.000000000000000000e+00,1.012106448646216267e-01,-0.000000000000000000e+00,-0.000000000000000000e+00,-0.000000000000000000e+00,-0.000000000000000000e+00,-0.000000000000000000e+00,-2.735800047171482174e-01,-0.000000000000000000e+00,-1.400688350451644304e-01,-0.000000000000000000e+00,-0.000000000000000000e+00,-0.000000000000000000e+00,-0.000000000000000000e+00,-0.000000000000000000e+00,-2.604178496534247378e-01,-0.000000000000000000e+00,-0.000000000000000000e+00,-0.000000000000000000e+00,2.400305383458343655e+00,-0.000000000000000000e+00,-1.282322870530185455e+00,0.000000000000000000e+00,0.000000000000000000e+00
-0.000000000000000000e+00,-0.000000000000000000e+00,-0.000000000000000000e+00,-0.000000000000000000e+00,-1.209828346539578436e-01,-0.000000000000000000e+00,0.000000000000000000e+00,0.000000000000000000e+00,-0.000000000000000000e+00,-6.379537421775814676e-02,0.000000000000000000e+00,-0.000000000000000000e+00,0.000000000000000000e+00,-3.624633142363501981e-01,-0.000000000000000000e+00,-0.000000000000000000e+00,0.000000000000000000e+00,-0.000000000000000000e+00,-0.000000000000000000e+00,-1.146363338545612759e-01,-1.067426044706262962e-02,-1.368926738562052936e-01,-0.000000000000000000e+00,-0.000000000000000000e+00,-0.000000000000000000e+00,-0.000000000000000000e+00,-0.000000000000000000e+00,-0.000000000000000000e+00,-9.838578577713341655e-02,-3.377535205429291754e-01,-0.000000000000000000e+00,-0.000000000000000000e+00,-0.000000000000000000e+00,-0.000000000000000000e+00,-0.000000000000000000e+00,1.635843735845670333e+00,-0.000000000000000000e+00,-1.249298858688526193e-01,-0.000000000000000000e+00
0.000000000000000000e+00,-0.000000000000000000e+00,-0.000000000000000000e+00,-0.000000000000000000e+00,-4.711879776294581115e-03,-7.147380089667249026e-02,0.000000000000000000e+00,0.000000000000000000e+00,-0.000000000000000000e+00,-0.000000000000000000e+00,8.377423486759603966e-02,-0.000000000000000000e+00,-0.000000000000000000e+00,-1.691623010749439826e-01,0.000000000000000000e+00,-0.000000000000000000e+00,0.000000000000000000e+00,-0.000000000000000000e+00,-0.000000000000000000e+00,-0.000000000000000000e+00,-0.000000000000000000e+00,-1.427741050390046174e-01,-3.615506552337458546e-01,-0.000000000000000000e+00,-5.449047990043832945e-02,-0.000000000000000000e+00,-0.000000000000000000e+00,-0.000000000000000000e+00,-1.637631782405212511e-01,-0.000000000000000000e+00,-1.851219011641835610e-01,-0.000000000000000000e+00,-1.227446524128538580e-01,-0.000000000000000000e+00,-1.282322870530185455e+00,-0.000000000000000000e+00,2.592410601064493836e+00,-0.000000000000000000e+00,0.000000000000000000e+00
-6.576899123846774442e-01,-1.787181050627865142e-01,-0.000000000000000000e+00,-0.000000000000000000e+00,-2.083085277542869318e-01,-0.000000000000000000e+00,0.000000000000000000e+00,0.000000000000000000e+00,-2.430887033160682165e-01,-0.000000000000000000e+00,-0.000000000000000000e+00,-9.810838512956847335e-02,0.000000000000000000e+00,0.000000000000000000e+00,-0.000000000000000000e+00,-8.650670008267344335e-03,-0.000000000000000000e+00,-1.789418098364670417e-01,-0.000000000000000000e+00,-0.000000000000000000e+00,-0.000000000000000000e+00,-0.000000000000000000e+00,-0.000000000000000000e+00,0.000000000000000000e+00,-0.000000000000000000e+00,-0.000000000000000000e+00,-8.201305525203933522e-02,-0.000000000000000000e+00,-7.313176701593375462e-02,-0.000000000000000000e+00,-0.000000000000000000e+00,-1.496531775929965113e-01,-0.000000000000000000e+00,-0.000000000000000000e+00,0.000000000000000000e+00,-1.249298858688526193e-01,-0.000000000000000000e+00,2.617618998382847728e+00,-6.425290566448647045e-01
-3.559131427941637504e-01,-3.111422113665825440e-01,-0.000000000000000000e+00,-0.000000000000000000e+00,-0.000000000000000000e+00,-0.000000000000000000e+00,0.000000000000000000e+00,0.000000000000000000e+00,-0.000000000000000000e+00,-0.000000000000000000e+00,-0.000000000000000000e+00,-0.000000000000000000e+00,0.000000000000000000e+00,0.000000000000000000e+00,0.000000000000000000e+00,-8.124923963994633291e-02,-8.901843719312382830e-02,-0.000000000000000000e+00,-3.106498812194617987e-01,-0.000000000000000000e+00,0.000000000000000000e+00,0.000000000000000000e+00,-0.000000000000000000e+00,0.000000000000000000e+00,0.000000000000000000e+00,-6.487815986295579485e-02,-3.953143788686634963e-01,-0.000000000000000000e+00,-0.000000000000000000e+00,-0.000000000000000000e+00,-0.000000000000000000e+00,-4.643551580198193585e-02,0.000000000000000000e+00,0.000000000000000000e+00,0.000000000000000000e+00,-0.000000000000000000e+00,0.000000000000000000e+00,-6.425290566448647045e-01,2.369648350609104615e+00
