2.320384964697968400e+00,-6.234503105425911462e-01,-5.045625837664931106e-03,-0.000000000000000000e+00,-0.000000000000000000e+00,-0.000000000000000000e+00,-0.000000000000000000e+00,3.560928437997010892e-02,-0.000000000000000000e+00,-0.000000000000000000e+00,-0.000000000000000000e+00,-9.072094534082600359e-02,0.000000000000000000e+00,-7.579367553472207697e-02,-0.000000000000000000e+00,-0.000000000000000000e+00,-0.000000000000000000e+00,-0.000000000000000000e+00,-0.000000000000000000e+00,-4.951778817376890629e-01,-0.000000000000000000e+00,-0.000000000000000000e+00,-8.888713535373404806e-02,-0.000000000000000000e+00,-1.743395500828650579e-01,-1.983666657401087774e-01,-0.000000000000000000e+00,-0.000000000000000000e+00,-0.000000000000000000e+00,-0.000000000000000000e+00,-1.172857180984122893e-01,-3.376846863117951014e-01,0.000000000000000000e+00,-0.000000000000000000e+00,-0.000000000000000000e+00,-3.304429472340651430e-01,-0.000000000000000000e+00,-0.000000000000000000e+00,-0.000000000000000000e+00
-6.234503105425911462e-01,2.315343787507192719e+00,-0.000000000000000000e+00,-0.000000000000000000e+00,0.000000000000000000e+00,-0.000000000000000000e+00,-3.795407715105159618e-01,0.000000000000000000e+00,0.000000000000000000e+00,-0.000000000000000000e+00,-0.000000000000000000e+00,-0.000000000000000000e+00,-0.000000000000000000e+00,-0.000000000000000000e+00,0.000000000000000000e+00,-1.975989385842485610e-02,0.000000000000000000e+00,0.000000000000000000e+00,0.000000000000000000e+00,-0.000000000000000000e+00,-0.000000000000000000e+00,-0.000000000000000000e+00,-1.108745765627121155e-01,-0.000000000000000000e+00,-0.000000000000000000e+00,-0.000000000000000000e+00,-0.000000000000000000e+00,-0.000000000000000000e+00,-2.099943065094967143e-01,0.000000000000000000e+00,-2.713177252028329267e-01,-2.431154577121553972e-01,0.000000000000000000e+00,0.000000000000000000e+00,-1.437484205422049632e-01,-1.688179618536873317e-01,-2.854360010837178052e-01,-0.000000000000000000e+00,-2.613513637780904841e-01
-5.045625837664931106e-03,-0.000000000000000000e+00,2.797466391471464586e+00,-0.000000000000000000e+00,-8.277802404806633430e-01,0.000000000000000000e+00,-0.000000000000000000e+00,1.190763184150152920e+00,-5.019919639873708650e-02,-1.812181394507920984e-01,0.000000000000000000e+00,-0.000000000000000000e+00,0.000000000000000000e+00,-0.000000000000000000e+00,-0.000000000000000000e+00,-0.000000000000000000e+00,-0.000000000000000000e+00,-0.000000000000000000e+00,-0.000000000000000000e+00,-0.000000000000000000e+00,-0.000000000000000000e+00,-0.000000000000000000e+00,-0.000000000000000000e+00,-1.153212215259875467e-01,-0.000000000000000000e+00,-8.924143285785222923e-02,-0.000000000000000000e+00,-1.493930295066257241e-01,-0.000000000000000000e+00,-0.000000000000000000e+00,-5.622926315768134176e-02,-0.000000000000000000e+00,-2.365579323015808422e-01,-1.734200093337494586e-01,-0.000000000000000000e+00,-0.000000000000000000e+00,-0.000000000000000000e+00,-0.000000000000000000e+00,-0.000000000000000000e+00
-0.000000000000000000e+00,-0.000000000000000000e+00,-0.000000000000000000e+00,2.000681820845601866e+00,0.000000000000000000e+00,0.000000000000000000e+00,-0.000000000000000000e+00,0.000000000000000000e+00,-0.000000000000000000e+00,-0.000000000000000000e+00,3.387522049426415771e-01,-0.000000000000000000e+00,2.888902617086540059e-01,-0.000000000000000000e+00,0.000000000000000000e+00,-0.000000000000000000e+00,7.735774271906942223e-02,-0.000000000000000000e+00,-0.000000000000000000e+00,-2.038594711217062427e-01,-0.000000000000000000e+00,0.000000000000000000e+00,-0.000000000000000000e+00,-0.000000000000000000e+00,-1.001677783686227979e-01,-0.000000000000000000e+00,0.000000000000000000e+00,-2.360711555878010869e-03,-7.023030558514620214e-01,7.340043137820731478e-02,-3.763304903174767846e-01,-0.000000000000000000e+00,1.892852748800329804e-02,-0.000000000000000000e+00,-0.000000000000000000e+00,0.000000000000000000e+00,-0.000000000000000000e+00,-0.000000000000000000e+00,0.000000000000000000e+00
-0.000000000000000000e+00,0.000000000000000000e+00,-8.277802404806633430e-01,0.000000000000000000e+00,2.130624320769769486e+00,0.000000000000000000e+00,-0.000000000000000000e+00,2.196124477571499145e-01,-0.000000000000000000e+00,-0.000000000000000000e+00,0.000000000000000000e+00,-0.000000000000000000e+00,-0.000000000000000000e+00,-4.243014735180278274e-02,-0.000000000000000000e+00,-0.000000000000000000e+00,-0.000000000000000000e+00,-0.000000000000000000e+00,-0.000000000000000000e+00,-0.000000000000000000e+00,-0.000000000000000000e+00,-0.000000000000000000e+00,-0.000000000000000000e+00,-6.387196612395239226e-02,-0.000000000000000000e+00,-0.000000000000000000e+00,-0.000000000000000000e+00,-0.000000000000000000e+00,-0.000000000000000000e+00,-2.299289239469050894e-01,-0.000000000000000000e+00,-0.000000000000000000e+00,-3.390015007068901687e-01,-4.263643761481857863e-01,-0.000000000000000000e+00,-4.196878832351657457e-03,0.000000000000000000e+00,-3.367609981901022870e-02,-0.000000000000000000e+00
-0.000000000000000000e+00,-0.000000000000000000e+00,0.000000000000000000e+00,0.000000000000000000e+00,0.000000000000000000e+00,2.396703733662204350e+00,-0.000000000000000000e+00,-0.000000000000000000e+00,0.000000000000000000e+00,-0.000000000000000000e+00,-8.383945360758583432e-01,-5.319890100222193080e-02,-3.352478891487021273e-01,-0.000000000000000000e+00,-0.000000000000000000e+00,-0.000000000000000000e+00,-0.000000000000000000e+00,0.000000000000000000e+00,0.000000000000000000e+00,0.000000000000000000e+00,-0.000000000000000000e+00,-3.232368839746425082e-01,-3.939666391970368942e-01,-0.000000000000000000e+00,-0.000000000000000000e+00,0.000000000000000000e+00,-0.000000000000000000e+00,0.000000000000000000e+00,0.000000000000000000e+00,-0.000000000000000000e+00,4.010478290162407949e-02,-1.268925287601212031e-02,-0.000000000000000000e+00,0.000000000000000000e+00,-0.000000000000000000e+00,-0.000000000000000000e+00,-1.444848927065126021e-01,6.108433558583364897e-01,-0.000000000000000000e+00
-0.000000000000000000e+00,-3.795407715105159618e-01,-0.000000000000000000e+00,-0.000000000000000000e+00,-0.000000000000000000e+00,-0.000000000000000000e+00,1.740964924050176554e+00,0.000000000000000000e+00,0.000000000000000000e+00,-3.804981685470607694e-02,-0.000000000000000000e+00,-0.000000000000000000e+00,-4.961844180731255216e-01,-0.000000000000000000e+00,0.000000000000000000e+00,-0.000000000000000000e+00,0.000000000000000000e+00,0.000000000000000000e+00,0.000000000000000000e+00,-0.000000000000000000e+00,-0.000000000000000000e+00,-4.591451568698123875e-01,-1.210693434699931931e-01,-0.000000000000000000e+00,-0.000000000000000000e+00,0.000000000000000000e+00,0.000000000000000000e+00,0.000000000000000000e+00,-0.000000000000000000e+00,-0.000000000000000000e+00,-0.000000000000000000e+00,-0.000000000000000000e+00,-0.000000000000000000e+00,-0.000000000000000000e+00,0.000000000000000000e+00,-1.575702632138051978e-02,-0.000000000000000000e+00,0.000000000000000000e+00,-1.298731926705241901e-01
3.560928437997010892e-02,0.000000000000000000e+00,1.190763184150152920e+00,0.000000000000000000e+00,2.196124477571499145e-01,-0.000000000000000000e+00,0.000000000000000000e+00,2.265447883323037370e+00,2.013787645871928378e-01,0.000000000000000000e+00,-0.000000000000000000e+00,0.000000000000000000e+00,-0.000000000000000000e+00,2.760602196237457728e-01,0.000000000000000000e+00,0.000000000000000000e+00,0.000000000000000000e+00,0.000000000000000000e+00,-0.000000000000000000e+00,0.000000000000000000e+00,0.000000000000000000e+00,-0.000000000000000000e+00,0.000000000000000000e+00,0.000000000000000000e+00,0.000000000000000000e+00,1.091864324700464600e-01,0.000000000000000000e+00,0.000000000000000000e+00,0.000000000000000000e+00,0.000000000000000000e+00,0.000000000000000000e+00,1.209367465098647731e-01,0.000000000000000000e+00,0.000000000000000000e+00,0.000000000000000000e+00,0.000000000000000000e+00,0.000000000000000000e+00,0.000000000000000000e+00,-0.000000000000000000e+00
-0.000000000000000000e+00,0.000000000000000000e+00,-5.019919639873708650e-02,-0.000000000000000000e+00,-0.000000000000000000e+00,0.000000000000000000e+00,0.000000000000000000e+00,2.013787645871928378e-01,1.813363300042290627e+00,-0.000000000000000000e+00,0.000000000000000000e+00,0.000000000000000000e+00,6.039667215336244066e-01,-1.234494679773659315e-01,-0.000000000000000000e+00,0.000000000000000000e+00,-0.000000000000000000e+00,-2.809216724988628303e-02,-0.000000000000000000e+00,-1.135706896255656295e-01,0.000000000000000000e+00,0.000000000000000000e+00,0.000000000000000000e+00,-1.089394676413981689e-01,-0.000000000000000000e+00,-0.000000000000000000e+00,-0.000000000000000000e+00,-0.000000000000000000e+00,-0.000000000000000000e+00,-0.000000000000000000e+00,-0.000000000000000000e+00,-0.000000000000000000e+00,0.000000000000000000e+00,-3.699228498363679174e-01,0.000000000000000000e+00,-0.000000000000000000e+00,0.000000000000000000e+00,-3.940867666962862836e-01,0.000000000000000000e+00
-0.000000000000000000e+00,-0.000000000000000000e+00,-1.812181394507920984e-01,-0.000000000000000000e+00,-0.000000000000000000e+00,-0.000000000000000000e+00,-3.804981685470607694e-02,0.000000000000000000e+00,-0.000000000000000000e+00,2.191714374214608352e+00,-0.000000000000000000e+00,-0.000000000000000000e+00,-0.000000000000000000e+00,-5.064845685764131356e-03,-0.000000000000000000e+00,-7.839108092953037676e-01,-0.000000000000000000e+00,-7.608027654202391410e-02,-3.036091943178905739e-01,-0.000000000000000000e+00,-1.555723548010298773e-01,-1.645167469850229713e-01,-0.000000000000000000e+00,-0.000000000000000000e+00,-2.594551052053321594e-01,-0.000000000000000000e+00,-0.000000000000000000e+00,-0.000000000000000000e+00,-0.000000000000000000e+00,-2.612219914228421369e-01,-0.000000000000000000e+00,-0.000000000000000000e+00,-5.952347376152194308e-02,0.000000000000000000e+00,-0.000000000000000000e+00,-0.000000000000000000e+00,-0.000000000000000000e+00,-0.000000000000000000e+00,-9.707085258446077058e-02
-0.000000000000000000e+00,-0.000000000000000000e+00,0.000000000000000000e+00,3.387522049426415771e-01,0.000000000000000000e+00,-8.383945360758583432e-01,-0.000000000000000000e+00,-0.000000000000000000e+00,0.000000000000000000e+00,-0.000000000000000000e+00,2.462479144594690084e+00,-0.000000000000000000e+00,-2.727931828136755943e-01,-0.000000000000000000e+00,-0.000000000000000000e+00,-0.000000000000000000e+00,-7.917372110958343923e-01,5.701256929144547098e-02,0.000000000000000000e+00,0.000000000000000000e+00,-0.000000000000000000e+00,-1.334685366513661819e-01,-0.000000000000000000e+00,-0.000000000000000000e+00,0.000000000000000000e+00,0.000000000000000000e+00,-2.067449244377218484e-02,0.000000000000000000e+00,0.000000000000000000e+00,-8.125391923919821763e-03,6.087785413034506321e-02,-1.874436165562451961e-01,-0.000000000000000000e+00,0.000000000000000000e+00,0.000000000000000000e+00,-6.024699900071164849e-02,-1.122099343050356329e-01,3.434268760814197102e-02,-0.000000000000000000e+00
-9.072094534082600359e-02,-0.000000000000000000e+00,-0.000000000000000000e+00,-0.000000000000000000e+00,-0.000000000000000000e+00,-5.319890100222193080e-02,-0.000000000000000000e+00,0.000000000000000000e+00,0.000000000000000000e+00,-0.000000000000000000e+00,-0.000000000000000000e+00,2.059818285732492704e+00,-0.000000000000000000e+00,-0.000000000000000000e+00,-6.092893091096309721e-01,-2.065468329931628155e-01,0.000000000000000000e+00,-0.000000000000000000e+00,-0.000000000000000000e+00,-0.000000000000000000e+00,-0.000000000000000000e+00,-0.000000000000000000e+00,-2.724906907068081474e-01,-0.000000000000000000e+00,-3.728357764998305179e-01,-1.845427872188049739e-02,-1.370212499705091291e-01,-0.000000000000000000e+00,-0.000000000000000000e+00,-0.000000000000000000e+00,-0.000000000000000000e+00,-0.000000000000000000e+00,-0.000000000000000000e+00,0.000000000000000000e+00,-2.364337960623061619e-01,-0.000000000000000000e+00,-1.674790334849619311e-01,0.000000000000000000e+00,-0.000000000000000000e+00
0.000000000000000000e+00,-0.000000000000000000e+00,0.000000000000000000e+00,2.888902617086540059e-01,-0.000000000000000000e+00,-3.352478891487021273e-01,-4.961844180731255216e-01,-0.000000000000000000e+00,6.039667215336244066e-01,-0.000000000000000000e+00,-2.727931828136755943e-01,-0.000000000000000000e+00,2.371917612456079905e+00,0.000000000000000000e+00,-0.000000000000000000e+00,-0.000000000000000000e+00,-0.000000000000000000e+00,0.000000000000000000e+00,0.000000000000000000e+00,0.000000000000000000e+00,0.000000000000000000e+00,-5.517703939027354121e-01,-0.000000000000000000e+00,0.000000000000000000e+00,0.000000000000000000e+00,0.000000000000000000e+00,-0.000000000000000000e+00,2.361500878827162420e-01,5.718017867064718353e-03,-0.000000000000000000e+00,0.000000000000000000e+00,0.000000000000000000e+00,-2.816957245116504319e-02,-0.000000000000000000e+00,0.000000000000000000e+00,-0.000000000000000000e+00,-0.000000000000000000e+00,8.462640298274677619e-02,-9.246113986439835619e-02
-7.579367553472207697e-02,-0.000000000000000000e+00,-0.000000000000000000e+00,-0.000000000000000000e+00,-4.243014735180278274e-02,-0.000000000000000000e+00,-0.000000000000000000e+00,2.760602196237457728e-01,-1.234494679773659315e-01,-5.064845685764131356e-03,-0.000000000000000000e+00,-0.000000000000000000e+00,0.000000000000000000e+00,1.839844658558289270e+00,-5.552758617105202354e-02,-1.476133307416228335e-01,-2.089069189368082669e-01,-0.000000000000000000e+00,-0.000000000000000000e+00,-2.523272348838588933e-02,-2.766727866761156118e-01,-0.000000000000000000e+00,-0.000000000000000000e+00,-4.462537011669450160e-01,-0.000000000000000000e+00,-1.620938463125427831e-01,-0.000000000000000000e+00,-0.000000000000000000e+00,-0.000000000000000000e+00,-9.148956665180819903e-02,-0.000000000000000000e+00,-1.957215315873417627e-01,-0.000000000000000000e+00,-0.000000000000000000e+00,-0.000000000000000000e+00,-0.000000000000000000e+00,-0.000000000000000000e+00,-0.000000000000000000e+00,-0.000000000000000000e+00
-0.000000000000000000e+00,0.000000000000000000e+00,-0.000000000000000000e+00,0.000000000000000000e+00,-0.000000000000000000e+00,-0.000000000000000000e+00,0.000000000000000000e+00,0.000000000000000000e+00,-0.000000000000000000e+00,-0.000000000000000000e+00,-0.000000000000000000e+00,-6.092893091096309721e-01,-0.000000000000000000e+00,-5.552758617105202354e-02,1.481342745113711556e+00,-0.000000000000000000e+00,-7.339412579277321269e-02,-5.898285304826965392e-02,-3.667199200232269113e-02,-0.000000000000000000e+00,-0.000000000000000000e+00,-0.000000000000000000e+00,-0.000000000000000000e+00,-0.000000000000000000e+00,-0.000000000000000000e+00,-0.000000000000000000e+00,-1.612665953070418047e-03,-2.951405862306977212e-01,0.000000000000000000e+00,-0.000000000000000000e+00,0.000000000000000000e+00,-0.000000000000000000e+00,-0.000000000000000000e+00,0.000000000000000000e+00,-0.000000000000000000e+00,0.000000000000000000e+00,-0.000000000000000000e+00,0.000000000000000000e+00,0.000000000000000000e+00
-0.000000000000000000e+00,-1.975989385842485610e-02,-0.000000000000000000e+00,-0.000000000000000000e+00,-0.000000000000000000e+00,-0.000000000000000000e+00,-0.000000000000000000e+00,0.000000000000000000e+00,0.000000000000000000e+00,-7.839108092953037676e-01,-0.000000000000000000e+00,-2.065468329931628155e-01,-0.000000000000000000e+00,-1.476133307416228335e-01,-0.000000000000000000e+00,2.667333331170231858e+00,0.000000000000000000e+00,-0.000000000000000000e+00,-0.000000000000000000e+00,-0.000000000000000000e+00,-1.414473689416622937e-01,-3.363120389732233151e-01,-5.674816110814017156e-01,-0.000000000000000000e+00,-5.322881300274333594e-01,-1.221582851244864126e-01,-0.000000000000000000e+00,-0.000000000000000000e+00,-0.000000000000000000e+00,-0.000000000000000000e+00,-0.000000000000000000e+00,-0.000000000000000000e+00,-0.000000000000000000e+00,0.000000000000000000e+00,-0.000000000000000000e+00,-0.000000000000000000e+00,-0.000000000000000000e+00,0.000000000000000000e+00,-0.000000000000000000e+00
-0.000000000000000000e+00,0.000000000000000000e+00,-0.000000000000000000e+00,7.735774271906942223e-02,-0.000000000000000000e+00,-0.000000000000000000e+00,0.000000000000000000e+00,0.000000000000000000e+00,-0.000000000000000000e+00,-0.000000000000000000e+00,-7.917372110958343923e-01,0.000000000000000000e+00,-0.000000000000000000e+00,-2.089069189368082669e-01,-7.339412579277321269e-02,0.000000000000000000e+00,1.842374264950135565e+00,0.000000000000000000e+00,5.644057435367701853e-02,0.000000000000000000e+00,-0.000000000000000000e+00,-0.000000000000000000e+00,0.000000000000000000e+00,-0.000000000000000000e+00,0.000000000000000000e+00,-0.000000000000000000e+00,-0.000000000000000000e+00,0.000000000000000000e+00,0.000000000000000000e+00,-4.722658377439751809e-01,2.292708219260142510e-01,-7.654446801568536018e-03,-7.938086282393964910e-02,0.000000000000000000e+00,0.000000000000000000e+00,-0.000000000000000000e+00,-0.000000000000000000e+00,0.000000000000000000e+00,0.000000000000000000e+00
-0.000000000000000000e+00,0.000000000000000000e+00,-0.000000000000000000e+00,-0.000000000000000000e+00,-0.000000000000000000e+00,0.000000000000000000e+00,0.000000000000000000e+00,0.000000000000000000e+00,-2.809216724988628303e-02,-7.608027654202391410e-02,5.701256929144547098e-02,-0.000000000000000000e+00,0.000000000000000000e+00,-0.000000000000000000e+00,-5.898285304826965392e-02,-0.000000000000000000e+00,0.000000000000000000e+00,2.322662269665102475e+00,-1.266885423490151652e+00,-0.000000000000000000e+00,-0.000000000000000000e+00,-0.000000000000000000e+00,-0.000000000000000000e+00,-0.000000000000000000e+00,-5.849395292792664708e-02,-0.000000000000000000e+00,0.000000000000000000e+00,-3.876600233063835499e-01,0.000000000000000000e+00,-0.000000000000000000e+00,-0.000000000000000000e+00,0.000000000000000000e+00,-0.000000000000000000e+00,-0.000000000000000000e+00,-0.000000000000000000e+00,4.215691297042772900e-02,0.000000000000000000e+00,-3.770502941355548532e-01,-0.000000000000000000e+00
-0.000000000000000000e+00,0.000000000000000000e+00,-0.000000000000000000e+00,-0.000000000000000000e+00,-0.000000000000000000e+00,0.000000000000000000e+00,0.000000000000000000e+00,-0.000000000000000000e+00,-0.000000000000000000e+00,-3.036091943178905739e-01,0.000000000000000000e+00,-0.000000000000000000e+00,0.000000000000000000e+00,-0.000000000000000000e+00,-3.667199200232269113e-02,-0.000000000000000000e+00,5.644057435367701853e-02,-1.266885423490151652e+00,2.242301691932889085e+00,-0.000000000000000000e+00,0.000000000000000000e+00,-0.000000000000000000e+00,-0.000000000000000000e+00,-0.000000000000000000e+00,-3.734034528488419102e-01,-0.000000000000000000e+00,0.000000000000000000e+00,-0.000000000000000000e+00,-0.000000000000000000e+00,-0.000000000000000000e+00,-1.489698465849546676e-03,0.000000000000000000e+00,-0.000000000000000000e+00,0.000000000000000000e+00,-0.000000000000000000e+00,8.429644230782445957e-02,0.000000000000000000e+00,-0.000000000000000000e+00,-1.017592187279823257e-01
-4.951778817376890629e-01,-0.000000000000000000e+00,-0.000000000000000000e+00,-2.038594711217062427e-01,-0.000000000000000000e+00,0.000000000000000000e+00,-0.000000000000000000e+00,0.000000000000000000e+00,-1.135706896255656295e-01,-0.000000000000000000e+00,0.000000000000000000e+00,-0.000000000000000000e+00,0.000000000000000000e+00,-2.523272348838588933e-02,-0.000000000000000000e+00,-0.000000000000000000e+00,0.000000000000000000e+00,-0.000000000000000000e+00,-0.000000000000000000e+00,1.858923008219559359e+00,-0.000000000000000000e+00,-0.000000000000000000e+00,-0.000000000000000000e+00,-0.000000000000000000e+00,-2.443260853226230378e-01,-1.879063072903258778e-03,-0.000000000000000000e+00,-4.520873972616595293e-01,-2.036179296459662280e-01,-0.000000000000000000e+00,-0.000000000000000000e+00,-0.000000000000000000e+00,1.038857243202141872e-01,-0.000000000000000000e+00,-0.000000000000000000e+00,-0.000000000000000000e+00,-0.000000000000000000e+00,-5.085555722834608078e-02,-0.000000000000000000e+00
-0.000000000000000000e+00,-0.000000000000000000e+00,-0.000000000000000000e+00,-0.000000000000000000e+00,-0.000000000000000000e+00,-0.000000000000000000e+00,-0.000000000000000000e+00,0.000000000000000000e+00,0.000000000000000000e+00,-1.555723548010298773e-01,-0.000000000000000000e+00,-0.000000000000000000e+00,0.000000000000000000e+00,-2.766727866761156118e-01,-0.000000000000000000e+00,-1.414473689416622937e-01,-0.000000000000000000e+00,-0.000000000000000000e+00,0.000000000000000000e+00,-0.000000000000000000e+00,1.472840180631031393e+00,-4.508852949706381730e-01,-0.000000000000000000e+00,-0.000000000000000000e+00,-0.000000000000000000e+00,-0.000000000000000000e+00,-0.000000000000000000e+00,-0.000000000000000000e+00,0.000000000000000000e+00,-5.917061797705167048e-02,-0.000000000000000000e+00,-0.000000000000000000e+00,-4.627447966172155980e-02,0.000000000000000000e+00,-0.000000000000000000e+00,-0.000000000000000000e+00,-0.000000000000000000e+00,0.000000000000000000e+00,0.000000000000000000e+00
-0.000000000000000000e+00,-0.000000000000000000e+00,-0.000000000000000000e+00,0.000000000000000000e+00,-0.000000000000000000e+00,-3.232368839746425082e-01,-4.591451568698123875e-01,-0.000000000000000000e+00,0.000000000000000000e+00,-1.645167469850229713e-01,-1.334685366513661819e-01,-0.000000000000000000e+00,-5.517703939027354121e-01,-0.000000000000000000e+00,-0.000000000000000000e+00,-3.363120389732233151e-01,-0.000000000000000000e+00,-0.000000000000000000e+00,-0.000000000000000000e+00,-0.000000000000000000e+00,-4.508852949706381730e-01,2.438095206571063489e+00,-1.882058865401779191e-01,-0.000000000000000000e+00,-0.000000000000000000e+00,-0.000000000000000000e+00,-0.000000000000000000e+00,0.000000000000000000e+00,0.000000000000000000e+00,-0.000000000000000000e+00,0.000000000000000000e+00,-0.000000000000000000e+00,-2.697821679654179849e-01,-0.000000000000000000e+00,-0.000000000000000000e+00,-0.000000000000000000e+00,-0.000000000000000000e+00,0.000000000000000000e+00,-0.000000000000000000e+00
-8.888713535373404806e-02,-1.108745765627121155e-01,-0.000000000000000000e+00,-0.000000000000000000e+00,-0.000000000000000000e+00,-3.939666391970368942e-01,-1.210693434699931931e-01,0.000000000000000000e+00,0.000000000000000000e+00,-0.000000000000000000e+00,-0.000000000000000000e+00,-2.724906907068081474e-01,-0.000000000000000000e+00,-0.000000000000000000e+00,-0.000000000000000000e+00,-5.674816110814017156e-01,0.000000000000000000e+00,-0.000000000000000000e+00,-0.000000000000000000e+00,-0.000000000000000000e+00,-0.000000000000000000e+00,-1.882058865401779191e-01,2.145044291977574069e+00,-1.541644925196732942e-02,-3.717080639221544414e-01,-0.000000000000000000e+00,-0.000000000000000000e+00,0.000000000000000000e+00,0.000000000000000000e+00,-0.000000000000000000e+00,-0.000000000000000000e+00,-0.000000000000000000e+00,-0.000000000000000000e+00,-0.000000000000000000e+00,-0.000000000000000000e+00,-6.760541422381603771e-02,-0.000000000000000000e+00,0.000000000000000000e+00,-1.091293329171382082e-01
-0.000000000000000000e+00,-0.000000000000000000e+00,-1.153212215259875467e-01,-0.000000000000000000e+00,-6.387196612395239226e-02,-0.000000000000000000e+00,-0.000000000000000000e+00,0.000000000000000000e+00,-1.089394676413981689e-01,-0.000000000000000000e+00,-0.000000000000000000e+00,-0.000000000000000000e+00,0.000000000000000000e+00,-4.462537011669450160e-01,-0.000000000000000000e+00,-0.000000000000000000e+00,-0.000000000000000000e+00,-0.000000000000000000e+00,-0.000000000000000000e+00,-0.000000000000000000e+00,-0.000000000000000000e+00,-0.000000000000000000e+00,-1.541644925196732942e-02,1.405705386899223974e+00,-0.000000000000000000e+00,-0.000000000000000000e+00,-0.000000000000000000e+00,-0.000000000000000000e+00,-1.162288067628909349e-01,-0.000000000000000000e+00,-0.000000000000000000e+00,-1.890380564916439299e-01,-0.000000000000000000e+00,-0.000000000000000000e+00,-0.000000000000000000e+00,-0.000000000000000000e+00,-0.000000000000000000e+00,-0.000000000000000000e+00,-0.000000000000000000e+00
-1.743395500828650579e-01,-0.000000000000000000e+00,-0.000000000000000000e+00,-1.001677783686227979e-01,-0.000000000000000000e+00,-0.000000000000000000e+00,-0.000000000000000000e+00,0.000000000000000000e+00,-0.000000000000000000e+00,-2.594551052053321594e-01,0.000000000000000000e+00,-3.728357764998305179e-01,0.000000000000000000e+00,-0.000000000000000000e+00,-0.000000000000000000e+00,-5.322881300274333594e-01,0.000000000000000000e+00,-5.849395292792664708e-02,-3.734034528488419102e-01,-2.443260853226230378e-01,-0.000000000000000000e+00,-0.000000000000000000e+00,-3.717080639221544414e-01,-0.000000000000000000e+00,2.490174194755514048e+00,-1.416336202967253405e-02,-0.000000000000000000e+00,-6.023200880980042644e-03,-0.000000000000000000e+00,0.000000000000000000e+00,-5.198232142774804332e-02,-0.000000000000000000e+00,0.000000000000000000e+00,0.000000000000000000e+00,-2.374770224018287190e-01,-0.000000000000000000e+00,-0.000000000000000000e+00,-0.000000000000000000e+00,-5.117849604090261156e-02
-1.983666657401087774e-01,-0.000000000000000000e+00,-8.924143285785222923e-02,-0.000000000000000000e+00,-0.000000000000000000e+00,0.000000000000000000e+00,0.000000000000000000e+00,1.091864324700464600e-01,-0.000000000000000000e+00,-0.000000000000000000e+00,0.000000000000000000e+00,-1.845427872188049739e-02,0.000000000000000000e+00,-1.620938463125427831e-01,-0.000000000000000000e+00,-1.221582851244864126e-01,-0.000000000000000000e+00,-0.000000000000000000e+00,-0.000000000000000000e+00,-1.879063072903258778e-03,-0.000000000000000000e+00,-0.000000000000000000e+00,-0.000000000000000000e+00,-0.000000000000000000e+00,-1.416336202967253405e-02,2.298328907700017520e+00,-3.907496594700999304e-01,-7.040141969141503475e-01,-3.058402605381600470e-01,-0.000000000000000000e+00,-2.119939905888102161e-01,-4.135788491788953969e-02,0.000000000000000000e+00,0.000000000000000000e+00,-1.966570622470434349e-01,-0.000000000000000000e+00,-0.000000000000000000e+00,-0.000000000000000000e+00,-0.000000000000000000e+00
-0.000000000000000000e+00,-0.000000000000000000e+00,-0.000000000000000000e+00,0.000000000000000000e+00,-0.000000000000000000e+00,-0.000000000000000000e+00,0.000000000000000000e+00,0.000000000000000000e+00,-0.000000000000000000e+00,-0.000000000000000000e+00,-2.067449244377218484e-02,-1.370212499705091291e-01,-0.000000000000000000e+00,-0.000000000000000000e+00,-1.612665953070418047e-03,-0.000000000000000000e+00,-0.000000000000000000e+00,0.000000000000000000e+00,0.000000000000000000e+00,-0.000000000000000000e+00,-0.000000000000000000e+00,-0.000000000000000000e+00,-0.000000000000000000e+00,-0.000000000000000000e+00,-0.000000000000000000e+00,-3.907496594700999304e-01,1.463097508453773621e+00,-0.000000000000000000e+00,-0.000000000000000000e+00,-0.000000000000000000e+00,-0.000000000000000000e+00,-3.725941154369770691e-01,-0.000000000000000000e+00,0.000000000000000000e+00,-1.520307181751544834e-01,-0.000000000000000000e+00,-0.000000000000000000e+00,0.000000000000000000e+00,-0.000000000000000000e+00
-0.000000000000000000e+00,-0.000000000000000000e+00,-1.493930295066257241e-01,-2.360711555878010869e-03,-0.000000000000000000e+00,0.000000000000000000e+00,0.000000000000000000e+00,0.000000000000000000e+00,-0.000000000000000000e+00,-0.000000000000000000e+00,0.000000000000000000e+00,-0.000000000000000000e+00,2.361500878827162420e-01,-0.000000000000000000e+00,-2.951405862306977212e-01,-0.000000000000000000e+00,0.000000000000000000e+00,-3.876600233063835499e-01,-0.000000000000000000e+00,-4.520873972616595293e-01,-0.000000000000000000e+00,0.000000000000000000e+00,0.000000000000000000e+00,-0.000000000000000000e+00,-6.023200880980042644e-03,-7.040141969141503475e-01,-0.000000000000000000e+00,2.232582372852421670e+00,-0.000000000000000000e+00,-0.000000000000000000e+00,-2.408984528820078130e-01,-0.000000000000000000e+00,0.000000000000000000e+00,-0.000000000000000000e+00,-0.000000000000000000e+00,7.085754605250726978e-02,0.000000000000000000e+00,-4.808000268853768189e-02,0.000000000000000000e+00
-0.000000000000000000e+00,-2.099943065094967143e-01,-0.000000000000000000e+00,-7.023030558514620214e-01,-0.000000000000000000e+00,0.000000000000000000e+00,-0.000000000000000000e+00,0.000000000000000000e+00,-0.000000000000000000e+00,-0.000000000000000000e+00,0.000000000000000000e+00,-0.000000000000000000e+00,5.718017867064718353e-03,-0.000000000000000000e+00,0.000000000000000000e+00,-0.000000000000000000e+00,0.000000000000000000e+00,0.000000000000000000e+00,-0.000000000000000000e+00,-2.036179296459662280e-01,0.000000000000000000e+00,0.000000000000000000e+00,0.000000000000000000e+00,-1.162288067628909349e-01,-0.000000000000000000e+00,-3.058402605381600470e-01,-0.000000000000000000e+00,-0.000000000000000000e+00,2.138586501192189626e+00,0.000000000000000000e+00,-3.048501183990998675e-01,-2.243165408928901317e-01,9.365203070767535998e-02,-0.000000000000000000e+00,-0.000000000000000000e+00,-0.000000000000000000e+00,-1.084352002632013034e-01,-9.734074465887061767e-02,-0.000000000000000000e+00
-0.000000000000000000e+00,0.000000000000000000e+00,-0.000000000000000000e+00,7.340043137820731478e-02,-2.299289239469050894e-01,-0.000000000000000000e+00,-0.000000000000000000e+00,0.000000000000000000e+00,-0.000000000000000000e+00,-2.612219914228421369e-01,-8.125391923919821763e-03,-0.000000000000000000e+00,-0.000000000000000000e+00,-9.148956665180819903e-02,-0.000000000000000000e+00,-0.000000000000000000e+00,-4.722658377439751809e-01,-0.000000000000000000e+00,-0.000000000000000000e+00,-0.000000000000000000e+00,-5.917061797705167048e-02,-0.000000000000000000e+00,-0.000000000000000000e+00,-0.000000000000000000e+00,0.000000000000000000e+00,-0.000000000000000000e+00,-0.000000000000000000e+00,-0.000000000000000000e+00,0.000000000000000000e+00,1.563062090314373931e+00,0.000000000000000000e+00,-0.000000000000000000e+00,-2.443314830844097174e-01,-0.000000000000000000e+00,0.000000000000000000e+00,-1.023717221096619862e-01,-0.000000000000000000e+00,-0.000000000000000000e+00,-0.000000000000000000e+00
-1.172857180984122893e-01,-2.713177252028329267e-01,-5.622926315768134176e-02,-3.763304903174767846e-01,-0.000000000000000000e+00,4.010478290162407949e-02,-0.000000000000000000e+00,0.000000000000000000e+00,-0.000000000000000000e+00,-0.000000000000000000e+00,6.087785413034506321e-02,-0.000000000000000000e+00,0.000000000000000000e+00,-0.000000000000000000e+00,0.000000000000000000e+00,-0.000000000000000000e+00,2.292708219260142510e-01,-0.000000000000000000e+00,-1.489698465849546676e-03,-0.000000000000000000e+00,-0.000000000000000000e+00,0.000000000000000000e+00,-0.000000000000000000e+00,-0.000000000000000000e+00,-5.198232142774804332e-02,-2.119939905888102161e-01,-0.000000000000000000e+00,-2.408984528820078130e-01,-3.048501183990998675e-01,0.000000000000000000e+00,2.231346297368359988e+00,-0.000000000000000000e+00,0.000000000000000000e+00,-0.000000000000000000e+00,-5.685548738376444006e-02,-0.000000000000000000e+00,-0.000000000000000000e+00,-5.094210720795538938e-01,-1.508796425597234980e-01
-3.376846863117951014e-01,-2.431154577121553972e-01,-0.000000000000000000e+00,-0.000000000000000000e+00,-0.000000000000000000e+00,-1.268925287601212031e-02,-0.000000000000000000e+00,1.209367465098647731e-01,-0.000000000000000000e+00,-0.000000000000000000e+00,-1.874436165562451961e-01,-0.000000000000000000e+00,0.000000000000000000e+00,-1.957215315873417627e-01,-0.000000000000000000e+00,-0.000000000000000000e+00,-7.654446801568536018e-03,0.000000000000000000e+00,0.000000000000000000e+00,-0.000000000000000000e+00,-0.000000000000000000e+00,-0.000000000000000000e+00,-0.000000000000000000e+00,-1.890380564916439299e-01,-0.000000000000000000e+00,-4.135788491788953969e-02,-3.725941154369770691e-01,-0.000000000000000000e+00,-2.243165408928901317e-01,-0.000000000000000000e+00,-0.000000000000000000e+00,2.133506898636259752e+00,-0.000000000000000000e+00,-0.000000000000000000e+00,-0.000000000000000000e+00,-0.000000000000000000e+00,-5.176106393507490244e-01,-0.000000000000000000e+00,-0.000000000000000000e+00
0.000000000000000000e+00,0.000000000000000000e+00,-2.365579323015808422e-01,1.892852748800329804e-02,-3.390015007068901687e-01,-0.000000000000000000e+00,-0.000000000000000000e+00,0.000000000000000000e+00,0.000000000000000000e+00,-5.952347376152194308e-02,-0.000000000000000000e+00,-0.000000000000000000e+00,-2.816957245116504319e-02,-0.000000000000000000e+00,-0.000000000000000000e+00,-0.000000000000000000e+00,-7.938086282393964910e-02,-0.000000000000000000e+00,-0.000000000000000000e+00,1.038857243202141872e-01,-4.627447966172155980e-02,-2.697821679654179849e-01,-0.000000000000000000e+00,-0.000000000000000000e+00,0.000000000000000000e+00,0.000000000000000000e+00,-0.000000000000000000e+00,0.000000000000000000e+00,9.365203070767535998e-02,-2.443314830844097174e-01,0.000000000000000000e+00,-0.000000000000000000e+00,1.491181392101526004e+00,-0.000000000000000000e+00,-0.000000000000000000e+00,-0.000000000000000000e+00,-0.000000000000000000e+00,0.000000000000000000e+00,0.000000000000000000e+00
-0.000000000000000000e+00,0.000000000000000000e+00,-1.734200093337494586e-01,-0.000000000000000000e+00,-4.263643761481857863e-01,0.000000000000000000e+00,-0.000000000000000000e+00,0.000000000000000000e+00,-3.699228498363679174e-01,0.000000000000000000e+00,0.000000000000000000e+00,0.000000000000000000e+00,-0.000000000000000000e+00,-0.000000000000000000e+00,0.000000000000000000e+00,0.000000000000000000e+00,0.000000000000000000e+00,-0.000000000000000000e+00,0.000000000000000000e+00,-0.000000000000000000e+00,0.000000000000000000e+00,-0.000000000000000000e+00,-0.000000000000000000e+00,-0.000000000000000000e+00,0.000000000000000000e+00,0.000000000000000000e+00,0.000000000000000000e+00,-0.000000000000000000e+00,-0.000000000000000000e+00,-0.000000000000000000e+00,-0.000000000000000000e+00,-0.000000000000000000e+00,-0.000000000000000000e+00,1.434785010043771791e+00,0.000000000000000000e+00,-0.000000000000000000e+00,0.000000000000000000e+00,-7.288873214940627676e-02,-0.000000000000000000e+00
-0.000000000000000000e+00,-1.437484205422049632e-01,-0.000000000000000000e+00,-0.000000000000000000e+00,-0.000000000000000000e+00,-0.000000000000000000e+00,0.000000000000000000e+00,0.000000000000000000e+00,0.000000000000000000e+00,-0.000000000000000000e+00,0.000000000000000000e+00,-2.364337960623061619e-01,0.000000000000000000e+00,-0.000000000000000000e+00,-0.000000000000000000e+00,-0.000000000000000000e+00,0.000000000000000000e+00,-0.000000000000000000e+00,-0.000000000000000000e+00,-0.000000000000000000e+00,-0.000000000000000000e+00,-0.000000000000000000e+00,-0.000000000000000000e+00,-0.000000000000000000e+00,-2.374770224018287190e-01,-1.966570622470434349e-01,-1.520307181751544834e-01,-0.000000000000000000e+00,-0.000000000000000000e+00,0.000000000000000000e+00,-5.685548738376444006e-02,-0.000000000000000000e+00,-0.000000000000000000e+00,0.000000000000000000e+00,1.633074702100420161e+00,-0.000000000000000000e+00,-3.924289909859328129e-01,-0.000000000000000000e+00,-0.000000000000000000e+00
-3.304429472340651430e-01,-1.688179618536873317e-01,-0.000000000000000000e+00,0.000000000000000000e+00,-4.196878832351657457e-03,-0.000000000000000000e+00,-1.575702632138051978e-02,0.000000000000000000e+00,-0.000000000000000000e+00,-0.000000000000000000e+00,-6.024699900071164849e-02,-0.000000000000000000e+00,-0.000000000000000000e+00,-0.000000000000000000e+00,0.000000000000000000e+00,-0.000000000000000000e+00,-0.000000000000000000e+00,4.215691297042772900e-02,8.429644230782445957e-02,-0.000000000000000000e+00,-0.000000000000000000e+00,-0.000000000000000000e+00,-6.760541422381603771e-02,-0.000000000000000000e+00,-0.000000000000000000e+00,-0.000000000000000000e+00,-0.000000000000000000e+00,7.085754605250726978e-02,-0.000000000000000000e+00,-1.023717221096619862e-01,-0.000000000000000000e+00,-0.000000000000000000e+00,-0.000000000000000000e+00,-0.000000000000000000e+00,-0.000000000000000000e+00,1.219388715147607494e+00,-0.000000000000000000e+00,-0.000000000000000000e+00,-4.800075712455197097e-02
-0.000000000000000000e+00,-2.854360010837178052e-01,-0.000000000000000000e+00,-0.000000000000000000e+00,0.000000000000000000e+00,-1.444848927065126021e-01,-0.000000000000000000e+00,0.000000000000000000e+00,0.000000000000000000e+00,-0.000000000000000000e+00,-1.122099343050356329e-01,-1.674790334849619311e-01,-0.000000000000000000e+00,-0.000000000000000000e+00,-0.000000000000000000e+00,-0.000000000000000000e+00,-0.000000000000000000e+00,0.000000000000000000e+00,0.000000000000000000e+00,-0.000000000000000000e+00,-0.000000000000000000e+00,-0.000000000000000000e+00,-0.000000000000000000e+00,-0.000000000000000000e+00,-0.000000000000000000e+00,-0.000000000000000000e+00,-0.000000000000000000e+00,0.000000000000000000e+00,-1.084352002632013034e-01,-0.000000000000000000e+00,-0.000000000000000000e+00,-5.176106393507490244e-01,-0.000000000000000000e+00,0.000000000000000000e+00,-3.924289909859328129e-01,-0.000000000000000000e+00,1.788190797530326837e+00,0.000000000000000000e+00,-0.000000000000000000e+00
-0.000000000000000000e+00,-0.000000000000000000e+00,-0.000000000000000000e+00,-0.000000000000000000e+00,-3.367609981901022870e-02,6.108433558583364897e-01,0.000000000000000000e+00,0.000000000000000000e+00,-3.940867666962862836e-01,-0.000000000000000000e+00,3.434268760814197102e-02,0.000000000000000000e+00,8.462640298274677619e-02,-0.000000000000000000e+00,0.000000000000000000e+00,0.000000000000000000e+00,0.000000000000000000e+00,-3.770502941355548532e-01,-0.000000000000000000e+00,-5.085555722834608078e-02,0.000000000000000000e+00,0.000000000000000000e+00,0.000000000000000000e+00,-0.000000000000000000e+00,-0.000000000000000000e+00,-0.000000000000000000e+00,0.000000000000000000e+00,-4.808000268853768189e-02,-9.734074465887061767e-02,-0.000000000000000000e+00,-5.094210720795538938e-01,-0.000000000000000000e+00,0.000000000000000000e+00,-7.288873214940627676e-02,-0.000000000000000000e+00,-0.000000000000000000e+00,0.000000000000000000e+00,2.101705106334181394e+00,-1.682728739352635505e-01
-0.000000000000000000e+00,-2.613513637780904841e-01,-0.000000000000000000e+00,0.000000000000000000e+00,-0.000000000000000000e+00,-0.000000000000000000e+00,-1.298731926705241901e-01,-0.000000000000000000e+00,0.000000000000000000e+00,-9.707085258446077058e-02,-0.000000000000000000e+00,-0.000000000000000000e+00,-9.246113986439835619e-02,-0.000000000000000000e+00,0.000000000000000000e+00,-0.000000000000000000e+00,0.000000000000000000e+00,-0.000000000000000000e+00,-1.017592187279823257e-01,-0.000000000000000000e+00,0.000000000000000000e+00,-0.000000000000000000e+00,-1.091293329171382082e-01,-0.000000000000000000e+00,-5.117849604090261156e-02,-0.000000000000000000e+00,-0.000000000000000000e+00,0.000000000000000000e+00,-0.000000000000000000e+00,-0.000000000000000000e+00,-1.508796425597234980e-01,-0.000000000000000000e+00,0.000000000000000000e+00,-0.000000000000000000e+00,-0.000000000000000000e+00,-4.800075712455197097e-02,-0.000000000000000000e+00,-1.682728739352635505e-01,1.368214166444075008e+00
