1.968197724888120392e+00,-7.029705907712108237e-02,-8.196927810646593981e-02,-0.000000000000000000e+00,-0.000000000000000000e+00,-0.000000000000000000e+00,-2.220545137300072164e-02,0.000000000000000000e+00,-0.000000000000000000e+00,-0.000000000000000000e+00,-3.136410010615287014e-01,-0.000000000000000000e+00,0.000000000000000000e+00,-0.000000000000000000e+00,0.000000000000000000e+00,-2.442620897404811087e-01,-2.764708702881262664e-02,-2.377610022886199603e-01,0.000000000000000000e+00,-0.000000000000000000e+00,-3.217562328164856166e-03,-0.000000000000000000e+00,-0.000000000000000000e+00,-2.534777269569736258e-01,-1.747610279371203945e-01,-0.000000000000000000e+00,-0.000000000000000000e+00,-1.493498410444081895e-02,-0.000000000000000000e+00,0.000000000000000000e+00,-1.050067542368400414e-01,-0.000000000000000000e+00,-0.000000000000000000e+00,-1.119419609296857243e-01,-0.000000000000000000e+00,-0.000000000000000000e+00,-0.000000000000000000e+00,-5.055337212592445617e-01,-0.000000000000000000e+00
-7.029705907712108237e-02,1.921135143322583172e+00,-0.000000000000000000e+00,0.000000000000000000e+00,-0.000000000000000000e+00,-0.000000000000000000e+00,-0.000000000000000000e+00,0.000000000000000000e+00,-6.944018471623127076e-02,-1.685132180907186195e-01,-1.121877392957139861e-02,-0.000000000000000000e+00,0.000000000000000000e+00,-0.000000000000000000e+00,0.000000000000000000e+00,-0.000000000000000000e+00,-1.952729571358464145e-01,-0.000000000000000000e+00,-0.000000000000000000e+00,-0.000000000000000000e+00,0.000000000000000000e+00,-0.000000000000000000e+00,0.000000000000000000e+00,-1.366873142102923181e-03,-0.000000000000000000e+00,0.000000000000000000e+00,-0.000000000000000000e+00,-0.000000000000000000e+00,-0.000000000000000000e+00,-0.000000000000000000e+00,-9.934644982381179990e-02,-8.868942371629825461e-01,0.000000000000000000e+00,-0.000000000000000000e+00,-1.151629944228788338e-01,-0.000000000000000000e+00,-1.482928700018114054e-01,0.000000000000000000e+00,1.199271190244491081e-01
-8.196927810646593981e-02,-0.000000000000000000e+00,2.927731861552762993e+00,0.000000000000000000e+00,-6.729811800950143141e-02,-0.000000000000000000e+00,-0.000000000000000000e+00,1.634395930865201407e+00,-0.000000000000000000e+00,-0.000000000000000000e+00,-2.822057090722663794e-02,-0.000000000000000000e+00,0.000000000000000000e+00,-1.622101294239221975e-02,-0.000000000000000000e+00,-1.673658417127347683e-02,-0.000000000000000000e+00,-0.000000000000000000e+00,0.000000000000000000e+00,0.000000000000000000e+00,-1.651736163703652893e-01,-4.372718356507760556e-02,-0.000000000000000000e+00,-9.339989482501517837e-03,-0.000000000000000000e+00,-0.000000000000000000e+00,-0.000000000000000000e+00,-3.837364563150713059e-01,-0.000000000000000000e+00,-0.000000000000000000e+00,-2.292278627735427898e-01,-0.000000000000000000e+00,-0.000000000000000000e+00,-2.294371819130939794e-01,-0.000000000000000000e+00,0.000000000000000000e+00,-0.000000000000000000e+00,-4.514940672396217797e-02,-0.000000000000000000e+00
-0.000000000000000000e+00,0.000000000000000000e+00,0.000000000000000000e+00,1.018693206062417422e+00,2.794353230993667017e-02,0.000000000000000000e+00,-0.000000000000000000e+00,-1.692139477187427909e-02,0.000000000000000000e+00,4.754510246714744454e-02,-0.000000000000000000e+00,-5.854133710656746203e-02,-0.000000000000000000e+00,-0.000000000000000000e+00,-0.000000000000000000e+00,0.000000000000000000e+00,0.000000000000000000e+00,-0.000000000000000000e+00,-0.000000000000000000e+00,-5.334948402032878984e-02,-0.000000000000000000e+00,0.000000000000000000e+00,-0.000000000000000000e+00,0.000000000000000000e+00,-0.000000000000000000e+00,-0.000000000000000000e+00,-0.000000000000000000e+00,0.000000000000000000e+00,-0.000000000000000000e+00,5.855565229491459245e-02,0.000000000000000000e+00,0.000000000000000000e+00,0.000000000000000000e+00,-0.000000000000000000e+00,0.000000000000000000e+00,-0.000000000000000000e+00,0.000000000000000000e+00,-0.000000000000000000e+00,-0.000000000000000000e+00
-0.000000000000000000e+00,-0.000000000000000000e+00,-6.729811800950143141e-02,2.794353230993667017e-02,2.123695322604951752e+00,-0.000000000000000000e+00,-0.000000000000000000e+00,2.734614571539650818e-01,-5.665637971520873784e-01,-1.500614060518008219e-01,0.000000000000000000e+00,0.000000000000000000e+00,6.642921402648996332e-02,-0.000000000000000000e+00,0.000000000000000000e+00,-1.349823470335139997e-01,-0.000000000000000000e+00,-0.000000000000000000e+00,0.000000000000000000e+00,0.000000000000000000e+00,0.000000000000000000e+00,-0.000000000000000000e+00,0.000000000000000000e+00,-0.000000000000000000e+00,-0.000000000000000000e+00,-0.000000000000000000e+00,-0.000000000000000000e+00,-2.737862463343314623e-01,0.000000000000000000e+00,-0.000000000000000000e+00,-0.000000000000000000e+00,-0.000000000000000000e+00,-3.091149270683521411e-01,-2.863724281301113783e-01,0.000000000000000000e+00,-0.000000000000000000e+00,0.000000000000000000e+00,-0.000000000000000000e+00,-0.000000000000000000e+00
-0.000000000000000000e+00,-0.000000000000000000e+00,-0.000000000000000000e+00,0.000000000000000000e+00,-0.000000000000000000e+00,1.722005850861937803e+00,-0.000000000000000000e+00,0.000000000000000000e+00,-0.000000000000000000e+00,0.000000000000000000e+00,-1.831862724576727719e-01,-0.000000000000000000e+00,0.000000000000000000e+00,-3.845046680376824066e-01,-0.000000000000000000e+00,-0.000000000000000000e+00,-2.609211207565911850e-01,-1.255784764009198334e-02,-0.000000000000000000e+00,-0.000000000000000000e+00,-0.000000000000000000e+00,-0.000000000000000000e+00,-8.486224090084006078e-02,-1.082276017113678601e-01,-7.790423307913812989e-02,-1.618393996751630037e-01,-0.000000000000000000e+00,-1.093902714154077749e-01,-2.446590104848517938e-02,0.000000000000000000e+00,-0.000000000000000000e+00,-0.000000000000000000e+00,-0.000000000000000000e+00,-1.998198360896796116e-02,-3.087911140363385626e-02,-1.117609029975172724e-01,-0.000000000000000000e+00,-0.000000000000000000e+00,-0.000000000000000000e+00
-2.220545137300072164e-02,-0.000000000000000000e+00,-0.000000000000000000e+00,-0.000000000000000000e+00,-0.000000000000000000e+00,-0.000000000000000000e+00,1.167380847016801892e+00,0.000000000000000000e+00,0.000000000000000000e+00,0.000000000000000000e+00,-0.000000000000000000e+00,0.000000000000000000e+00,-0.000000000000000000e+00,-1.477205354969119699e-01,-4.127197825898695077e-02,-0.000000000000000000e+00,-3.756918023594271001e-04,-0.000000000000000000e+00,-2.084491133096507288e-03,-0.000000000000000000e+00,-0.000000000000000000e+00,0.000000000000000000e+00,-1.747573262355802681e-01,-0.000000000000000000e+00,-3.433017104825183269e-02,-8.040421113983073353e-02,-0.000000000000000000e+00,-0.000000000000000000e+00,-4.702666732751489831e-02,0.000000000000000000e+00,-0.000000000000000000e+00,0.000000000000000000e+00,-0.000000000000000000e+00,-0.000000000000000000e+00,-4.265184719057819179e-02,-9.892835602772784374e-04,-0.000000000000000000e+00,-0.000000000000000000e+00,-0.000000000000000000e+00
0.000000000000000000e+00,0.000000000000000000e+00,1.634395930865201407e+00,-1.692139477187427909e-02,2.734614571539650818e-01,0.000000000000000000e+00,0.000000000000000000e+00,2.741439606657149586e+00,0.000000000000000000e+00,0.000000000000000000e+00,0.000000000000000000e+00,0.000000000000000000e+00,-2.451549710949976063e-02,0.000000000000000000e+00,-0.000000000000000000e+00,5.427428876494558990e-02,0.000000000000000000e+00,0.000000000000000000e+00,-0.000000000000000000e+00,-0.000000000000000000e+00,0.000000000000000000e+00,0.000000000000000000e+00,0.000000000000000000e+00,0.000000000000000000e+00,0.000000000000000000e+00,0.000000000000000000e+00,0.000000000000000000e+00,2.202685246004766340e-01,-0.000000000000000000e+00,0.000000000000000000e+00,1.547053079119916630e-01,0.000000000000000000e+00,0.000000000000000000e+00,1.484557884229065206e-01,0.000000000000000000e+00,-0.000000000000000000e+00,0.000000000000000000e+00,6.641968710959700317e-02,0.000000000000000000e+00
-0.000000000000000000e+00,-6.944018471623127076e-02,-0.000000000000000000e+00,0.000000000000000000e+00,-5.665637971520873784e-01,-0.000000000000000000e+00,0.000000000000000000e+00,0.000000000000000000e+00,2.494190401768352050e+00,-1.903536507463313987e-01,0.000000000000000000e+00,-0.000000000000000000e+00,7.828223232058886816e-02,-0.000000000000000000e+00,0.000000000000000000e+00,-3.817876505483002586e-02,-0.000000000000000000e+00,-1.760575259106153811e-01,0.000000000000000000e+00,0.000000000000000000e+00,0.000000000000000000e+00,-0.000000000000000000e+00,0.000000000000000000e+00,-0.000000000000000000e+00,0.000000000000000000e+00,-0.000000000000000000e+00,-0.000000000000000000e+00,-1.004497366123832669e-01,0.000000000000000000e+00,-7.073491167994074846e-01,-0.000000000000000000e+00,-2.599863487556941521e-01,-5.361427721697065163e-01,-0.000000000000000000e+00,-0.000000000000000000e+00,-5.328435464707699694e-03,-0.000000000000000000e+00,-0.000000000000000000e+00,-0.000000000000000000e+00
-0.000000000000000000e+00,-1.685132180907186195e-01,-0.000000000000000000e+00,4.754510246714744454e-02,-1.500614060518008219e-01,0.000000000000000000e+00,0.000000000000000000e+00,0.000000000000000000e+00,-1.903536507463313987e-01,2.105331352298704051e+00,0.000000000000000000e+00,0.000000000000000000e+00,1.131633638617922655e-01,-0.000000000000000000e+00,1.032423925599476461e-01,-6.805510904622181778e-01,-0.000000000000000000e+00,-0.000000000000000000e+00,0.000000000000000000e+00,6.398081892612067501e-03,1.384275987211382453e-01,0.000000000000000000e+00,1.196441374534047003e-01,-0.000000000000000000e+00,0.000000000000000000e+00,0.000000000000000000e+00,0.000000000000000000e+00,-0.000000000000000000e+00,0.000000000000000000e+00,-3.946663997082524022e-01,-0.000000000000000000e+00,-3.899732492472913759e-01,-0.000000000000000000e+00,-0.000000000000000000e+00,0.000000000000000000e+00,-0.000000000000000000e+00,-0.000000000000000000e+00,-0.000000000000000000e+00,0.000000000000000000e+00
-3.136410010615287014e-01,-1.121877392957139861e-02,-2.822057090722663794e-02,-0.000000000000000000e+00,0.000000000000000000e+00,-1.831862724576727719e-01,-0.000000000000000000e+00,0.000000000000000000e+00,0.000000000000000000e+00,0.000000000000000000e+00,1.537157283855921763e+00,-7.572425834919777055e-02,0.000000000000000000e+00,-0.000000000000000000e+00,-0.000000000000000000e+00,-0.000000000000000000e+00,-4.761572484444123177e-01,-0.000000000000000000e+00,-0.000000000000000000e+00,-0.000000000000000000e+00,-8.452034848449137272e-02,-0.000000000000000000e+00,-0.000000000000000000e+00,-0.000000000000000000e+00,-0.000000000000000000e+00,-0.000000000000000000e+00,-0.000000000000000000e+00,-0.000000000000000000e+00,-0.000000000000000000e+00,0.000000000000000000e+00,-0.000000000000000000e+00,-0.000000000000000000e+00,0.000000000000000000e+00,-9.632445927445790201e-02,-0.000000000000000000e+00,-0.000000000000000000e+00,-0.000000000000000000e+00,-0.000000000000000000e+00,-0.000000000000000000e+00
-0.000000000000000000e+00,-0.000000000000000000e+00,-0.000000000000000000e+00,-5.854133710656746203e-02,0.000000000000000000e+00,-0.000000000000000000e+00,0.000000000000000000e+00,0.000000000000000000e+00,-0.000000000000000000e+00,0.000000000000000000e+00,-7.572425834919777055e-02,1.147745222010067900e+00,0.000000000000000000e+00,-0.000000000000000000e+00,-0.000000000000000000e+00,-0.000000000000000000e+00,-0.000000000000000000e+00,-6.627020899219454586e-02,-0.000000000000000000e+00,-7.365396218720156318e-02,-2.322994506222544331e-01,-7.165757461141934563e-03,-0.000000000000000000e+00,-0.000000000000000000e+00,-0.000000000000000000e+00,-0.000000000000000000e+00,-0.000000000000000000e+00,-0.000000000000000000e+00,-2.126247150556225679e-02,0.000000000000000000e+00,-0.000000000000000000e+00,-0.000000000000000000e+00,0.000000000000000000e+00,-3.087466952873120160e-02,-8.330902369719772604e-02,-0.000000000000000000e+00,-3.367799808598962580e-02,-0.000000000000000000e+00,-0.000000000000000000e+00
0.000000000000000000e+00,0.000000000000000000e+00,0.000000000000000000e+00,-0.000000000000000000e+00,6.642921402648996332e-02,0.000000000000000000e+00,-0.000000000000000000e+00,-2.451549710949976063e-02,7.828223232058886816e-02,1.131633638617922655e-01,0.000000000000000000e+00,0.000000000000000000e+00,1.604762946460461803e+00,0.000000000000000000e+00,-0.000000000000000000e+00,6.905968947651394685e-02,0.000000000000000000e+00,0.000000000000000000e+00,-0.000000000000000000e+00,-0.000000000000000000e+00,0.000000000000000000e+00,0.000000000000000000e+00,0.000000000000000000e+00,0.000000000000000000e+00,0.000000000000000000e+00,0.000000000000000000e+00,0.000000000000000000e+00,0.000000000000000000e+00,0.000000000000000000e+00,0.000000000000000000e+00,7.570444952088848378e-01,9.796139518767311982e-02,0.000000000000000000e+00,7.964371771870239203e-03,0.000000000000000000e+00,0.000000000000000000e+00,0.000000000000000000e+00,0.000000000000000000e+00,-0.000000000000000000e+00
-0.000000000000000000e+00,-0.000000000000000000e+00,-1.622101294239221975e-02,-0.000000000000000000e+00,-0.000000000000000000e+00,-3.845046680376824066e-01,-1.477205354969119699e-01,0.000000000000000000e+00,-0.000000000000000000e+00,-0.000000000000000000e+00,-0.000000000000000000e+00,-0.000000000000000000e+00,0.000000000000000000e+00,2.393993880877828051e+00,-0.000000000000000000e+00,-0.000000000000000000e+00,-2.447875834138562787e-02,-1.716878409538265260e-01,-0.000000000000000000e+00,-0.000000000000000000e+00,-0.000000000000000000e+00,-0.000000000000000000e+00,-1.386567664175188119e-01,-5.118569927218418192e-01,-0.000000000000000000e+00,-1.764156088569457104e-01,-0.000000000000000000e+00,-5.300685896901665695e-01,-2.642835423212196999e-01,0.000000000000000000e+00,-0.000000000000000000e+00,-0.000000000000000000e+00,-0.000000000000000000e+00,-1.929854217940288885e-01,-0.000000000000000000e+00,-1.058757726233775232e-01,-0.000000000000000000e+00,-0.000000000000000000e+00,-0.000000000000000000e+00
0.000000000000000000e+00,0.000000000000000000e+00,-0.000000000000000000e+00,-0.000000000000000000e+00,0.000000000000000000e+00,-0.000000000000000000e+00,-4.127197825898695077e-02,-0.000000000000000000e+00,0.000000000000000000e+00,1.032423925599476461e-01,-0.000000000000000000e+00,-0.000000000000000000e+00,-0.000000000000000000e+00,-0.000000000000000000e+00,1.338925386147391317e+00,0.000000000000000000e+00,-5.961510806719476363e-02,1.236497727323266488e-01,-2.172489671919389798e-01,-1.398749465370358047e-01,-9.358766920078530338e-02,-0.000000000000000000e+00,-1.229105455655782747e-01,-4.200864112419219060e-02,-1.327797529192234482e-02,-0.000000000000000000e+00,-0.000000000000000000e+00,-0.000000000000000000e+00,-2.529423239267161172e-01,2.395690152241807536e-01,0.000000000000000000e+00,0.000000000000000000e+00,0.000000000000000000e+00,-0.000000000000000000e+00,-5.191205380455423540e-02,-0.000000000000000000e+00,-0.000000000000000000e+00,0.000000000000000000e+00,0.000000000000000000e+00
-2.442620897404811087e-01,-0.000000000000000000e+00,-1.673658417127347683e-02,0.000000000000000000e+00,-1.349823470335139997e-01,-0.000000000000000000e+00,-0.000000000000000000e+00,5.427428876494558990e-02,-3.817876505483002586e-02,-6.805510904622181778e-01,-0.000000000000000000e+00,-0.000000000000000000e+00,6.905968947651394685e-02,-0.000000000000000000e+00,0.000000000000000000e+00,1.964332379523651362e+00,-1.621454838649869640e-02,-2.657915795453747940e-02,-0.000000000000000000e+00,0.000000000000000000e+00,0.000000000000000000e+00,-0.000000000000000000e+00,-0.000000000000000000e+00,-0.000000000000000000e+00,-0.000000000000000000e+00,-0.000000000000000000e+00,0.000000000000000000e+00,-1.547390632574186242e-01,-0.000000000000000000e+00,-2.347512339786779478e-01,-2.011670750155923060e-01,-5.687240201016687674e-02,-1.147416038254454179e-02,-0.000000000000000000e+00,-0.000000000000000000e+00,-0.000000000000000000e+00,-0.000000000000000000e+00,-0.000000000000000000e+00,0.000000000000000000e+00
-2.764708702881262664e-02,-1.952729571358464145e-01,-0.000000000000000000e+00,0.000000000000000000e+00,-0.000000000000000000e+00,-2.609211207565911850e-01,-3.756918023594271001e-04,0.000000000000000000e+00,-0.000000000000000000e+00,-0.000000000000000000e+00,-4.761572484444123177e-01,-0.000000000000000000e+00,0.000000000000000000e+00,-2.447875834138562787e-02,-5.961510806719476363e-02,-1.621454838649869640e-02,1.773585344241133788e+00,-0.000000000000000000e+00,-4.847672965163263986e-02,-0.000000000000000000e+00,-0.000000000000000000e+00,-0.000000000000000000e+00,-0.000000000000000000e+00,-2.457378890738644850e-01,-0.000000000000000000e+00,-0.000000000000000000e+00,-0.000000000000000000e+00,-1.070844441891199844e-01,-1.267534898320150094e-01,0.000000000000000000e+00,-0.000000000000000000e+00,-6.425828416648979302e-02,0.000000000000000000e+00,-0.000000000000000000e+00,-1.162105491439855975e-01,-7.570842966044034200e-03,-0.000000000000000000e+00,-0.000000000000000000e+00,0.000000000000000000e+00
-2.377610022886199603e-01,-0.000000000000000000e+00,-0.000000000000000000e+00,-0.000000000000000000e+00,-0.000000000000000000e+00,-1.255784764009198334e-02,-0.000000000000000000e+00,0.000000000000000000e+00,-1.760575259106153811e-01,-0.000000000000000000e+00,-0.000000000000000000e+00,-6.627020899219454586e-02,0.000000000000000000e+00,-1.716878409538265260e-01,1.236497727323266488e-01,-2.657915795453747940e-02,-0.000000000000000000e+00,1.404476508509239663e+00,-0.000000000000000000e+00,-0.000000000000000000e+00,-0.000000000000000000e+00,-0.000000000000000000e+00,-8.801708533315788507e-02,-0.000000000000000000e+00,-0.000000000000000000e+00,-2.595114706390991288e-02,-0.000000000000000000e+00,-0.000000000000000000e+00,-0.000000000000000000e+00,-0.000000000000000000e+00,-0.000000000000000000e+00,-0.000000000000000000e+00,-7.074160983486786625e-02,-2.189478722047442233e-02,-0.000000000000000000e+00,-0.000000000000000000e+00,-0.000000000000000000e+00,-2.286740336640653293e-01,-0.000000000000000000e+00
0.000000000000000000e+00,-0.000000000000000000e+00,0.000000000000000000e+00,-0.000000000000000000e+00,0.000000000000000000e+00,-0.000000000000000000e+00,-2.084491133096507288e-03,-0.000000000000000000e+00,0.000000000000000000e+00,0.000000000000000000e+00,-0.000000000000000000e+00,-0.000000000000000000e+00,-0.000000000000000000e+00,-0.000000000000000000e+00,-2.172489671919389798e-01,-0.000000000000000000e+00,-4.847672965163263986e-02,-0.000000000000000000e+00,1.302435663337287775e+00,-0.000000000000000000e+00,-0.000000000000000000e+00,-0.000000000000000000e+00,-2.419969160714728271e-02,-0.000000000000000000e+00,-0.000000000000000000e+00,-0.000000000000000000e+00,-6.799730646220031316e-02,-0.000000000000000000e+00,-1.262499417814461622e-01,0.000000000000000000e+00,-0.000000000000000000e+00,-0.000000000000000000e+00,0.000000000000000000e+00,0.000000000000000000e+00,-1.927126919819565631e-01,-7.069840782065028861e-02,-5.573614223102699855e-02,1.098901214963236318e-02,3.339885703980940979e-01
-0.000000000000000000e+00,-0.000000000000000000e+00,0.000000000000000000e+00,-5.334948402032878984e-02,0.000000000000000000e+00,-0.000000000000000000e+00,-0.000000000000000000e+00,-0.000000000000000000e+00,0.000000000000000000e+00,6.398081892612067501e-03,-0.000000000000000000e+00,-7.365396218720156318e-02,-0.000000000000000000e+00,-0.000000000000000000e+00,-1.398749465370358047e-01,0.000000000000000000e+00,-0.000000000000000000e+00,-0.000000000000000000e+00,-0.000000000000000000e+00,1.098975462474317322e+00,-1.216897273192839718e-01,0.000000000000000000e+00,-0.000000000000000000e+00,-0.000000000000000000e+00,-0.000000000000000000e+00,-0.000000000000000000e+00,0.000000000000000000e+00,0.000000000000000000e+00,-1.332128692747158172e-01,0.000000000000000000e+00,0.000000000000000000e+00,0.000000000000000000e+00,0.000000000000000000e+00,0.000000000000000000e+00,-0.000000000000000000e+00,-0.000000000000000000e+00,-0.000000000000000000e+00,-0.000000000000000000e+00,-0.000000000000000000e+00
-3.217562328164856166e-03,0.000000000000000000e+00,-1.651736163703652893e-01,-0.000000000000000000e+00,0.000000000000000000e+00,-0.000000000000000000e+00,-0.000000000000000000e+00,0.000000000000000000e+00,0.000000000000000000e+00,1.384275987211382453e-01,-8.452034848449137272e-02,-2.322994506222544331e-01,0.000000000000000000e+00,-0.000000000000000000e+00,-9.358766920078530338e-02,0.000000000000000000e+00,-0.000000000000000000e+00,-0.000000000000000000e+00,-0.000000000000000000e+00,-1.216897273192839718e-01,1.941554349041987093e+00,-1.485428932518402800e-01,-4.263290641844404982e-01,-0.000000000000000000e+00,-4.298903687592650624e-01,-1.976731070923256339e-01,-0.000000000000000000e+00,-7.893070896460598063e-02,-6.531482949887121303e-02,0.000000000000000000e+00,-0.000000000000000000e+00,0.000000000000000000e+00,-0.000000000000000000e+00,-7.848943019327317416e-02,-0.000000000000000000e+00,-0.000000000000000000e+00,-0.000000000000000000e+00,-0.000000000000000000e+00,-0.000000000000000000e+00
-0.000000000000000000e+00,-0.000000000000000000e+00,-4.372718356507760556e-02,0.000000000000000000e+00,-0.000000000000000000e+00,-0.000000000000000000e+00,0.000000000000000000e+00,0.000000000000000000e+00,-0.000000000000000000e+00,0.000000000000000000e+00,-0.000000000000000000e+00,-7.165757461141934563e-03,0.000000000000000000e+00,-0.000000000000000000e+00,-0.000000000000000000e+00,-0.000000000000000000e+00,-0.000000000000000000e+00,-0.000000000000000000e+00,-0.000000000000000000e+00,0.000000000000000000e+00,-1.485428932518402800e-01,1.174810074457083742e+00,-0.000000000000000000e+00,-3.352791560680244698e-02,-0.000000000000000000e+00,-6.810251620961535468e-02,-9.185099854235918848e-02,-1.563409267470005082e-01,-0.000000000000000000e+00,-0.000000000000000000e+00,-2.546344415091657612e-02,-0.000000000000000000e+00,-0.000000000000000000e+00,-1.473621088232432777e-02,-5.690053146978348020e-02,-0.000000000000000000e+00,-0.000000000000000000e+00,-0.000000000000000000e+00,-0.000000000000000000e+00
-0.000000000000000000e+00,0.000000000000000000e+00,-0.000000000000000000e+00,-0.000000000000000000e+00,0.000000000000000000e+00,-8.486224090084006078e-02,-1.747573262355802681e-01,0.000000000000000000e+00,0.000000000000000000e+00,1.196441374534047003e-01,-0.000000000000000000e+00,-0.000000000000000000e+00,0.000000000000000000e+00,-1.386567664175188119e-01,-1.229105455655782747e-01,-0.000000000000000000e+00,-0.000000000000000000e+00,-8.801708533315788507e-02,-2.419969160714728271e-02,-0.000000000000000000e+00,-4.263290641844404982e-01,-0.000000000000000000e+00,2.500207697252873285e+00,-1.336202075727827565e-01,-9.171143608326985941e-01,-4.325306120377490626e-01,-0.000000000000000000e+00,-0.000000000000000000e+00,-1.435769552541745209e-01,6.554766359079455817e-02,-0.000000000000000000e+00,0.000000000000000000e+00,-0.000000000000000000e+00,-0.000000000000000000e+00,-4.777325076644259316e-03,-2.371215333827995583e-02,-0.000000000000000000e+00,-1.514314303411165227e-02,-0.000000000000000000e+00
-2.534777269569736258e-01,-1.366873142102923181e-03,-9.339989482501517837e-03,0.000000000000000000e+00,-0.000000000000000000e+00,-1.082276017113678601e-01,-0.000000000000000000e+00,0.000000000000000000e+00,-0.000000000000000000e+00,-0.000000000000000000e+00,-0.000000000000000000e+00,-0.000000000000000000e+00,0.000000000000000000e+00,-5.118569927218418192e-01,-4.200864112419219060e-02,-0.000000000000000000e+00,-2.457378890738644850e-01,-0.000000000000000000e+00,-0.000000000000000000e+00,-0.000000000000000000e+00,-0.000000000000000000e+00,-3.352791560680244698e-02,-1.336202075727827565e-01,1.805566326712609859e+00,-9.506697497101611327e-03,-0.000000000000000000e+00,-0.000000000000000000e+00,-0.000000000000000000e+00,-1.341442564020135231e-01,0.000000000000000000e+00,-0.000000000000000000e+00,-0.000000000000000000e+00,0.000000000000000000e+00,-0.000000000000000000e+00,-1.630776266349508730e-01,-0.000000000000000000e+00,-3.855315107613462022e-02,-0.000000000000000000e+00,0.000000000000000000e+00
-1.747610279371203945e-01,-0.000000000000000000e+00,-0.000000000000000000e+00,-0.000000000000000000e+00,-0.000000000000000000e+00,-7.790423307913812989e-02,-3.433017104825183269e-02,0.000000000000000000e+00,0.000000000000000000e+00,0.000000000000000000e+00,-0.000000000000000000e+00,-0.000000000000000000e+00,0.000000000000000000e+00,-0.000000000000000000e+00,-1.327797529192234482e-02,-0.000000000000000000e+00,-0.000000000000000000e+00,-0.000000000000000000e+00,-0.000000000000000000e+00,-0.000000000000000000e+00,-4.298903687592650624e-01,-0.000000000000000000e+00,-9.171143608326985941e-01,-9.506697497101611327e-03,2.353033814755792541e+00,-1.936556412269647420e-01,-2.141698796316088282e-01,-6.827799860656666442e-02,-1.299951344149107013e-01,0.000000000000000000e+00,-3.078766162996069474e-03,0.000000000000000000e+00,-0.000000000000000000e+00,-2.018839795348886107e-02,-0.000000000000000000e+00,-0.000000000000000000e+00,-0.000000000000000000e+00,-0.000000000000000000e+00,-1.901862582790372624e-01
-0.000000000000000000e+00,0.000000000000000000e+00,-0.000000000000000000e+00,-0.000000000000000000e+00,-0.000000000000000000e+00,-1.618393996751630037e-01,-8.040421113983073353e-02,0.000000000000000000e+00,-0.000000000000000000e+00,0.000000000000000000e+00,-0.000000000000000000e+00,-0.000000000000000000e+00,0.000000000000000000e+00,-1.764156088569457104e-01,-0.000000000000000000e+00,-0.000000000000000000e+00,-0.000000000000000000e+00,-2.595114706390991288e-02,-0.000000000000000000e+00,-0.000000000000000000e+00,-1.976731070923256339e-01,-6.810251620961535468e-02,-4.325306120377490626e-01,-0.000000000000000000e+00,-1.936556412269647420e-01,2.297322540482410247e+00,-7.645465488210796412e-01,-7.702950381876375041e-02,-0.000000000000000000e+00,0.000000000000000000e+00,-0.000000000000000000e+00,-0.000000000000000000e+00,-3.991804211587843265e-02,-8.265270235717134262e-02,-0.000000000000000000e+00,-2.112015336053559567e-01,-0.000000000000000000e+00,-9.314478123418564598e-03,-0.000000000000000000e+00
-0.000000000000000000e+00,-0.000000000000000000e+00,-0.000000000000000000e+00,-0.000000000000000000e+00,-0.000000000000000000e+00,-0.000000000000000000e+00,-0.000000000000000000e+00,0.000000000000000000e+00,-0.000000000000000000e+00,0.000000000000000000e+00,-0.000000000000000000e+00,-0.000000000000000000e+00,0.000000000000000000e+00,-0.000000000000000000e+00,-0.000000000000000000e+00,0.000000000000000000e+00,-0.000000000000000000e+00,-0.000000000000000000e+00,-6.799730646220031316e-02,0.000000000000000000e+00,-0.000000000000000000e+00,-9.185099854235918848e-02,-0.000000000000000000e+00,-0.000000000000000000e+00,-2.141698796316088282e-01,-7.645465488210796412e-01,1.598312502691103587e+00,-0.000000000000000000e+00,-0.000000000000000000e+00,0.000000000000000000e+00,-1.584687379042748132e-02,-0.000000000000000000e+00,-0.000000000000000000e+00,-0.000000000000000000e+00,-0.000000000000000000e+00,-4.963146689044519583e-02,-0.000000000000000000e+00,-0.000000000000000000e+00,-0.000000000000000000e+00
-1.493498410444081895e-02,-0.000000000000000000e+00,-3.837364563150713059e-01,0.000000000000000000e+00,-2.737862463343314623e-01,-1.093902714154077749e-01,-0.000000000000000000e+00,2.202685246004766340e-01,-1.004497366123832669e-01,-0.000000000000000000e+00,-0.000000000000000000e+00,-0.000000000000000000e+00,0.000000000000000000e+00,-5.300685896901665695e-01,-0.000000000000000000e+00,-1.547390632574186242e-01,-1.070844441891199844e-01,-0.000000000000000000e+00,-0.000000000000000000e+00,0.000000000000000000e+00,-7.893070896460598063e-02,-1.563409267470005082e-01,-0.000000000000000000e+00,-0.000000000000000000e+00,-6.827799860656666442e-02,-7.702950381876375041e-02,-0.000000000000000000e+00,2.608360149120335425e+00,-0.000000000000000000e+00,-0.000000000000000000e+00,-3.583494090865811943e-01,-0.000000000000000000e+00,-0.000000000000000000e+00,-2.785868224334792087e-01,-9.231023021412411433e-02,-3.961099531417921343e-02,-0.000000000000000000e+00,-0.000000000000000000e+00,-0.000000000000000000e+00
-0.000000000000000000e+00,-0.000000000000000000e+00,-0.000000000000000000e+00,-0.000000000000000000e+00,0.000000000000000000e+00,-2.446590104848517938e-02,-4.702666732751489831e-02,-0.000000000000000000e+00,0.000000000000000000e+00,0.000000000000000000e+00,-0.000000000000000000e+00,-2.126247150556225679e-02,0.000000000000000000e+00,-2.642835423212196999e-01,-2.529423239267161172e-01,-0.000000000000000000e+00,-1.267534898320150094e-01,-0.000000000000000000e+00,-1.262499417814461622e-01,-1.332128692747158172e-01,-6.531482949887121303e-02,-0.000000000000000000e+00,-1.435769552541745209e-01,-1.341442564020135231e-01,-1.299951344149107013e-01,-0.000000000000000000e+00,-0.000000000000000000e+00,-0.000000000000000000e+00,2.449588216305487176e+00,0.000000000000000000e+00,-0.000000000000000000e+00,-0.000000000000000000e+00,0.000000000000000000e+00,-0.000000000000000000e+00,-2.725692078591288037e-01,-2.780616334257496880e-01,-8.296417784882980095e-01,0.000000000000000000e+00,0.000000000000000000e+00
0.000000000000000000e+00,-0.000000000000000000e+00,-0.000000000000000000e+00,5.855565229491459245e-02,-0.000000000000000000e+00,0.000000000000000000e+00,0.000000000000000000e+00,0.000000000000000000e+00,-7.073491167994074846e-01,-3.946663997082524022e-01,0.000000000000000000e+00,0.000000000000000000e+00,0.000000000000000000e+00,0.000000000000000000e+00,2.395690152241807536e-01,-2.347512339786779478e-01,0.000000000000000000e+00,-0.000000000000000000e+00,0.000000000000000000e+00,0.000000000000000000e+00,0.000000000000000000e+00,-0.000000000000000000e+00,6.554766359079455817e-02,0.000000000000000000e+00,0.000000000000000000e+00,0.000000000000000000e+00,0.000000000000000000e+00,-0.000000000000000000e+00,0.000000000000000000e+00,1.900363872024517953e+00,-0.000000000000000000e+00,-1.172806354284633007e-01,-1.170910991625953995e-01,0.000000000000000000e+00,0.000000000000000000e+00,-0.000000000000000000e+00,-0.000000000000000000e+00,-0.000000000000000000e+00,0.000000000000000000e+00
-1.050067542368400414e-01,-9.934644982381179990e-02,-2.292278627735427898e-01,0.000000000000000000e+00,-0.000000000000000000e+00,-0.000000000000000000e+00,-0.000000000000000000e+00,1.547053079119916630e-01,-0.000000000000000000e+00,-0.000000000000000000e+00,-0.000000000000000000e+00,-0.000000000000000000e+00,7.570444952088848378e-01,-0.000000000000000000e+00,0.000000000000000000e+00,-2.011670750155923060e-01,-0.000000000000000000e+00,-0.000000000000000000e+00,-0.000000000000000000e+00,0.000000000000000000e+00,-0.000000000000000000e+00,-2.546344415091657612e-02,-0.000000000000000000e+00,-0.000000000000000000e+00,-3.078766162996069474e-03,-0.000000000000000000e+00,-1.584687379042748132e-02,-3.583494090865811943e-01,-0.000000000000000000e+00,-0.000000000000000000e+00,2.025396822978648093e+00,-0.000000000000000000e+00,-6.196983429483819694e-02,-0.000000000000000000e+00,-0.000000000000000000e+00,-0.000000000000000000e+00,-0.000000000000000000e+00,-0.000000000000000000e+00,0.000000000000000000e+00
-0.000000000000000000e+00,-8.868942371629825461e-01,-0.000000000000000000e+00,0.000000000000000000e+00,-0.000000000000000000e+00,-0.000000000000000000e+00,0.000000000000000000e+00,0.000000000000000000e+00,-2.599863487556941521e-01,-3.899732492472913759e-01,-0.000000000000000000e+00,-0.000000000000000000e+00,9.796139518767311982e-02,-0.000000000000000000e+00,0.000000000000000000e+00,-5.687240201016687674e-02,-6.425828416648979302e-02,-0.000000000000000000e+00,-0.000000000000000000e+00,0.000000000000000000e+00,0.000000000000000000e+00,-0.000000000000000000e+00,0.000000000000000000e+00,-0.000000000000000000e+00,0.000000000000000000e+00,-0.000000000000000000e+00,-0.000000000000000000e+00,-0.000000000000000000e+00,-0.000000000000000000e+00,-1.172806354284633007e-01,-0.000000000000000000e+00,2.229772788162477148e+00,-0.000000000000000000e+00,-0.000000000000000000e+00,-0.000000000000000000e+00,-9.028182151300578884e-02,-3.532034972983565946e-01,0.000000000000000000e+00,1.953166656781380947e-02
-0.000000000000000000e+00,0.000000000000000000e+00,-0.000000000000000000e+00,0.000000000000000000e+00,-3.091149270683521411e-01,-0.000000000000000000e+00,-0.000000000000000000e+00,0.000000000000000000e+00,-5.361427721697065163e-01,-0.000000000000000000e+00,0.000000000000000000e+00,0.000000000000000000e+00,0.000000000000000000e+00,-0.000000000000000000e+00,0.000000000000000000e+00,-1.147416038254454179e-02,0.000000000000000000e+00,-7.074160983486786625e-02,0.000000000000000000e+00,0.000000000000000000e+00,-0.000000000000000000e+00,-0.000000000000000000e+00,-0.000000000000000000e+00,0.000000000000000000e+00,-0.000000000000000000e+00,-3.991804211587843265e-02,-0.000000000000000000e+00,-0.000000000000000000e+00,0.000000000000000000e+00,-1.170910991625953995e-01,-6.196983429483819694e-02,-0.000000000000000000e+00,1.669513472873575655e+00,-0.000000000000000000e+00,0.000000000000000000e+00,-0.000000000000000000e+00,0.000000000000000000e+00,-2.631315377164019642e-01,-0.000000000000000000e+00
-1.119419609296857243e-01,-0.000000000000000000e+00,-2.294371819130939794e-01,-0.000000000000000000e+00,-2.863724281301113783e-01,-1.998198360896796116e-02,-0.000000000000000000e+00,1.484557884229065206e-01,-0.000000000000000000e+00,-0.000000000000000000e+00,-9.632445927445790201e-02,-3.087466952873120160e-02,7.964371771870239203e-03,-1.929854217940288885e-01,-0.000000000000000000e+00,-0.000000000000000000e+00,-0.000000000000000000e+00,-2.189478722047442233e-02,0.000000000000000000e+00,0.000000000000000000e+00,-7.848943019327317416e-02,-1.473621088232432777e-02,-0.000000000000000000e+00,-0.000000000000000000e+00,-2.018839795348886107e-02,-8.265270235717134262e-02,-0.000000000000000000e+00,-2.785868224334792087e-01,-0.000000000000000000e+00,0.000000000000000000e+00,-0.000000000000000000e+00,-0.000000000000000000e+00,-0.000000000000000000e+00,1.932843682834067600e+00,-0.000000000000000000e+00,-0.000000000000000000e+00,0.000000000000000000e+00,-2.945209966321384321e-01,-4.652123190372146888e-02
-0.000000000000000000e+00,-1.151629944228788338e-01,-0.000000000000000000e+00,0.000000000000000000e+00,0.000000000000000000e+00,-3.087911140363385626e-02,-4.265184719057819179e-02,0.000000000000000000e+00,-0.000000000000000000e+00,0.000000000000000000e+00,-0.000000000000000000e+00,-8.330902369719772604e-02,0.000000000000000000e+00,-0.000000000000000000e+00,-5.191205380455423540e-02,-0.000000000000000000e+00,-1.162105491439855975e-01,-0.000000000000000000e+00,-1.927126919819565631e-01,-0.000000000000000000e+00,-0.000000000000000000e+00,-5.690053146978348020e-02,-4.777325076644259316e-03,-1.630776266349508730e-01,-0.000000000000000000e+00,-0.000000000000000000e+00,-0.000000000000000000e+00,-9.231023021412411433e-02,-2.725692078591288037e-01,0.000000000000000000e+00,-0.000000000000000000e+00,-0.000000000000000000e+00,0.000000000000000000e+00,-0.000000000000000000e+00,2.312699947015551150e+00,-4.250320614367208288e-03,-1.141086044452474413e+00,0.000000000000000000e+00,0.000000000000000000e+00
-0.000000000000000000e+00,-0.000000000000000000e+00,0.000000000000000000e+00,-0.000000000000000000e+00,-0.000000000000000000e+00,-1.117609029975172724e-01,-9.892835602772784374e-04,-0.000000000000000000e+00,-5.328435464707699694e-03,-0.000000000000000000e+00,-0.000000000000000000e+00,-0.000000000000000000e+00,0.000000000000000000e+00,-1.058757726233775232e-01,-0.000000000000000000e+00,-0.000000000000000000e+00,-7.570842966044034200e-03,-0.000000000000000000e+00,-7.069840782065028861e-02,-0.000000000000000000e+00,-0.000000000000000000e+00,-0.000000000000000000e+00,-2.371215333827995583e-02,-0.000000000000000000e+00,-0.000000000000000000e+00,-2.112015336053559567e-01,-4.963146689044519583e-02,-3.961099531417921343e-02,-2.780616334257496880e-01,-0.000000000000000000e+00,-0.000000000000000000e+00,-9.028182151300578884e-02,-0.000000000000000000e+00,-0.000000000000000000e+00,-4.250320614367208288e-03,1.458483735054705077e+00,-1.647195156480357470e-01,0.000000000000000000e+00,-0.000000000000000000e+00
-0.000000000000000000e+00,-1.482928700018114054e-01,-0.000000000000000000e+00,0.000000000000000000e+00,0.000000000000000000e+00,-0.000000000000000000e+00,-0.000000000000000000e+00,0.000000000000000000e+00,-0.000000000000000000e+00,-0.000000000000000000e+00,-0.000000000000000000e+00,-3.367799808598962580e-02,0.000000000000000000e+00,-0.000000000000000000e+00,-0.000000000000000000e+00,-0.000000000000000000e+00,-0.000000000000000000e+00,-0.000000000000000000e+00,-5.573614223102699855e-02,-0.000000000000000000e+00,-0.000000000000000000e+00,-0.000000000000000000e+00,-0.000000000000000000e+00,-3.855315107613462022e-02,-0.000000000000000000e+00,-0.000000000000000000e+00,-0.000000000000000000e+00,-0.000000000000000000e+00,-8.296417784882980095e-01,-0.000000000000000000e+00,-0.000000000000000000e+00,-3.532034972983565946e-01,0.000000000000000000e+00,0.000000000000000000e+00,-1.141086044452474413e+00,-1.647195156480357470e-01,2.711292759720043133e+00,0.000000000000000000e+00,3.795106002023173469e-02
-5.055337212592445617e-01,0.000000000000000000e+00,-4.514940672396217797e-02,-0.000000000000000000e+00,-0.000000000000000000e+00,-0.000000000000000000e+00,-0.000000000000000000e+00,6.641968710959700317e-02,-0.000000000000000000e+00,-0.000000000000000000e+00,-0.000000000000000000e+00,-0.000000000000000000e+00,0.000000000000000000e+00,-0.000000000000000000e+00,0.000000000000000000e+00,-0.000000000000000000e+00,-0.000000000000000000e+00,-2.286740336640653293e-01,1.098901214963236318e-02,-0.000000000000000000e+00,-0.000000000000000000e+00,-0.000000000000000000e+00,-1.514314303411165227e-02,-0.000000000000000000e+00,-0.000000000000000000e+00,-9.314478123418564598e-03,-0.000000000000000000e+00,-0.000000000000000000e+00,0.000000000000000000e+00,-0.000000000000000000e+00,-0.000000000000000000e+00,0.000000000000000000e+00,-2.631315377164019642e-01,-2.945209966321384321e-01,0.000000000000000000e+00,0.000000000000000000e+00,0.000000000000000000e+00,2.104488049982574882e+00,-8.174333780412291750e-01
-0.000000000000000000e+00,1.199271190244491081e-01,-0.000000000000000000e+00,-0.000000000000000000e+00,-0.000000000000000000e+00,-0.000000000000000000e+00,-0.000000000000000000e+00,0.000000000000000000e+00,-0.000000000000000000e+00,0.000000000000000000e+00,-0.000000000000000000e+00,-0.000000000000000000e+00,-0.000000000000000000e+00,-0.000000000000000000e+00,0.000000000000000000e+00,0.000000000000000000e+00,0.000000000000000000e+00,-0.000000000000000000e+00,3.339885703980940979e-01,-0.000000000000000000e+00,-0.000000000000000000e+00,-0.000000000000000000e+00,-0.000000000000000000e+00,0.000000000000000000e+00,-1.901862582790372624e-01,-0.000000000000000000e+00,-0.000000000000000000e+00,-0.000000000000000000e+00,0.000000000000000000e+00,0.000000000000000000e+00,0.000000000000000000e+00,1.953166656781380947e-02,-0.000000000000000000e+00,-4.652123190372146888e-02,0.000000000000000000e+00,-0.000000000000000000e+00,3.795106002023173469e-02,-8.174333780412291750e-01,1.587810126839886760e+00
