2.286359891067563765e+00,-1.537982572754024446e-01,-0.000000000000000000e+00,0.000000000000000000e+00,-0.000000000000000000e+00,0.000000000000000000e+00,0.000000000000000000e+00,-0.000000000000000000e+00,-2.508889830351206454e-02,-0.000000000000000000e+00,0.000000000000000000e+00,1.920052379890859438e-03,3.758768190088724315e-01,-0.000000000000000000e+00,-5.132068743460458382e-01,-0.000000000000000000e+00,-0.000000000000000000e+00,-1.590885367045026255e-01,-0.000000000000000000e+00,0.000000000000000000e+00,-0.000000000000000000e+00,1.603382596583798059e-01,-0.000000000000000000e+00,-0.000000000000000000e+00,-0.000000000000000000e+00,-1.825126973041665268e-01,3.458981030909498156e-01,-0.000000000000000000e+00,-4.945033382876458383e-02,-0.000000000000000000e+00,0.000000000000000000e+00,0.000000000000000000e+00,0.000000000000000000e+00,-0.000000000000000000e+00,0.000000000000000000e+00,-0.000000000000000000e+00,5.706696646467656481e-02,-8.258135233596461955e-01,0.000000000000000000e+00
-1.537982572754024446e-01,2.495099085740772882e+00,-0.000000000000000000e+00,0.000000000000000000e+00,-1.046515859232005768e-01,0.000000000000000000e+00,0.000000000000000000e+00,0.000000000000000000e+00,-8.185503238503947232e-01,-0.000000000000000000e+00,-0.000000000000000000e+00,-0.000000000000000000e+00,0.000000000000000000e+00,-0.000000000000000000e+00,-0.000000000000000000e+00,-2.033990679341540764e-01,-0.000000000000000000e+00,-0.000000000000000000e+00,-0.000000000000000000e+00,0.000000000000000000e+00,-0.000000000000000000e+00,0.000000000000000000e+00,-3.804528633000303639e-01,-0.000000000000000000e+00,-2.938355171121574405e-01,-0.000000000000000000e+00,-0.000000000000000000e+00,0.000000000000000000e+00,-0.000000000000000000e+00,-0.000000000000000000e+00,-0.000000000000000000e+00,-0.000000000000000000e+00,0.000000000000000000e+00,-1.282016270377931422e-01,0.000000000000000000e+00,-1.125575799070651223e-01,0.000000000000000000e+00,-9.393488155982475385e-02,-1.898358958789644613e-01
-0.000000000000000000e+00,-0.000000000000000000e+00,2.598392842287134741e+00,-0.000000000000000000e+00,-2.213465292516655636e-01,-0.000000000000000000e+00,-0.000000000000000000e+00,1.206004340091672677e+00,-1.137843050021058455e-01,-0.000000000000000000e+00,-0.000000000000000000e+00,-0.000000000000000000e+00,3.226759419695218734e-02,-1.973170840171581952e-01,-0.000000000000000000e+00,-0.000000000000000000e+00,-0.000000000000000000e+00,-0.000000000000000000e+00,-5.146887184691555789e-02,0.000000000000000000e+00,-0.000000000000000000e+00,-0.000000000000000000e+00,-0.000000000000000000e+00,-1.020079068254288457e-02,-0.000000000000000000e+00,-3.838849521686344413e-01,-0.000000000000000000e+00,-0.000000000000000000e+00,-0.000000000000000000e+00,-0.000000000000000000e+00,-3.676499230008752894e-01,-0.000000000000000000e+00,-0.000000000000000000e+00,-2.267841322237475893e-02,-0.000000000000000000e+00,-0.000000000000000000e+00,-0.000000000000000000e+00,-0.000000000000000000e+00,-0.000000000000000000e+00
0.000000000000000000e+00,0.000000000000000000e+00,-0.000000000000000000e+00,1.849956186363805211e+00,-0.000000000000000000e+00,-0.000000000000000000e+00,-4.512258764280993595e-01,7.911390847650587657e-03,0.000000000000000000e+00,0.000000000000000000e+00,-0.000000000000000000e+00,-0.000000000000000000e+00,-0.000000000000000000e+00,0.000000000000000000e+00,3.436173774446603657e-01,0.000000000000000000e+00,-0.000000000000000000e+00,-0.000000000000000000e+00,-2.705112221951269103e-01,-0.000000000000000000e+00,-0.000000000000000000e+00,-3.391508789055017736e-01,0.000000000000000000e+00,-0.000000000000000000e+00,0.000000000000000000e+00,0.000000000000000000e+00,-3.152225469706873562e-02,-0.000000000000000000e+00,0.000000000000000000e+00,0.000000000000000000e+00,-0.000000000000000000e+00,-0.000000000000000000e+00,-0.000000000000000000e+00,0.000000000000000000e+00,-0.000000000000000000e+00,0.000000000000000000e+00,-0.000000000000000000e+00,5.702269661492157526e-01,0.000000000000000000e+00
-0.000000000000000000e+00,-1.046515859232005768e-01,-2.213465292516655636e-01,-0.000000000000000000e+00,2.156189890764126371e+00,0.000000000000000000e+00,0.000000000000000000e+00,0.000000000000000000e+00,-7.102449950203590379e-02,-0.000000000000000000e+00,0.000000000000000000e+00,-0.000000000000000000e+00,2.441398563715485581e-01,-0.000000000000000000e+00,0.000000000000000000e+00,-0.000000000000000000e+00,-0.000000000000000000e+00,-0.000000000000000000e+00,-3.070018768854210767e-01,6.494861556716594909e-03,0.000000000000000000e+00,0.000000000000000000e+00,-0.000000000000000000e+00,-0.000000000000000000e+00,-1.254209735514325574e-01,-0.000000000000000000e+00,-0.000000000000000000e+00,0.000000000000000000e+00,0.000000000000000000e+00,-0.000000000000000000e+00,-0.000000000000000000e+00,-0.000000000000000000e+00,0.000000000000000000e+00,-9.524266411059031379e-01,0.000000000000000000e+00,-9.917072477842769906e-02,0.000000000000000000e+00,-0.000000000000000000e+00,-0.000000000000000000e+00
0.000000000000000000e+00,0.000000000000000000e+00,-0.000000000000000000e+00,-0.000000000000000000e+00,0.000000000000000000e+00,2.041651806863632235e+00,-0.000000000000000000e+00,0.000000000000000000e+00,-0.000000000000000000e+00,-0.000000000000000000e+00,-0.000000000000000000e+00,0.000000000000000000e+00,-0.000000000000000000e+00,-0.000000000000000000e+00,0.000000000000000000e+00,-0.000000000000000000e+00,1.320525208112359739e-01,0.000000000000000000e+00,-0.000000000000000000e+00,-0.000000000000000000e+00,-0.000000000000000000e+00,-0.000000000000000000e+00,0.000000000000000000e+00,-1.058855084929914703e-01,-0.000000000000000000e+00,-0.000000000000000000e+00,-0.000000000000000000e+00,-7.828234555989636856e-02,-2.327913182671980663e-01,-0.000000000000000000e+00,-0.000000000000000000e+00,-0.000000000000000000e+00,-1.817764943674056166e-01,0.000000000000000000e+00,-6.004525863975774813e-01,0.000000000000000000e+00,-6.150560902389761164e-01,0.000000000000000000e+00,-0.000000000000000000e+00
0.000000000000000000e+00,0.000000000000000000e+00,-0.000000000000000000e+00,-4.512258764280993595e-01,0.000000000000000000e+00,-0.000000000000000000e+00,2.741811600822631423e+00,3.239877771347317997e-02,0.000000000000000000e+00,0.000000000000000000e+00,-0.000000000000000000e+00,-0.000000000000000000e+00,-0.000000000000000000e+00,-0.000000000000000000e+00,0.000000000000000000e+00,-0.000000000000000000e+00,0.000000000000000000e+00,-0.000000000000000000e+00,-1.137392025115236821e-01,-1.385394101533320155e-01,-4.974572918983264924e-01,-5.081504087058027475e-01,0.000000000000000000e+00,-0.000000000000000000e+00,0.000000000000000000e+00,-0.000000000000000000e+00,-0.000000000000000000e+00,-2.315452233692547324e-01,-0.000000000000000000e+00,-0.000000000000000000e+00,-0.000000000000000000e+00,-0.000000000000000000e+00,-5.638257236482253631e-01,0.000000000000000000e+00,-3.804234902578310096e-01,1.268857502458345665e-01,-0.000000000000000000e+00,0.000000000000000000e+00,0.000000000000000000e+00
-0.000000000000000000e+00,0.000000000000000000e+00,1.206004340091672677e+00,7.911390847650587657e-03,0.000000000000000000e+00,0.000000000000000000e+00,3.239877771347317997e-02,2.729538296548127629e+00,0.000000000000000000e+00,0.000000000000000000e+00,0.000000000000000000e+00,7.215485321803731013e-03,-0.000000000000000000e+00,0.000000000000000000e+00,-0.000000000000000000e+00,0.000000000000000000e+00,-0.000000000000000000e+00,0.000000000000000000e+00,2.845858579703186009e-01,0.000000000000000000e+00,0.000000000000000000e+00,1.067577301518423403e-03,0.000000000000000000e+00,3.204431000045771527e-01,0.000000000000000000e+00,1.269248716650601683e-01,2.020748912065239156e-01,0.000000000000000000e+00,0.000000000000000000e+00,0.000000000000000000e+00,5.852278988037739049e-01,0.000000000000000000e+00,0.000000000000000000e+00,0.000000000000000000e+00,0.000000000000000000e+00,0.000000000000000000e+00,0.000000000000000000e+00,-0.000000000000000000e+00,0.000000000000000000e+00
-2.508889830351206454e-02,-8.185503238503947232e-01,-1.137843050021058455e-01,0.000000000000000000e+00,-7.102449950203590379e-02,-0.000000000000000000e+00,0.000000000000000000e+00,0.000000000000000000e+00,2.917200176947762902e+00,-0.000000000000000000e+00,-0.000000000000000000e+00,-0.000000000000000000e+00,0.000000000000000000e+00,-0.000000000000000000e+00,-0.000000000000000000e+00,-2.858564026007774372e-01,-0.000000000000000000e+00,-0.000000000000000000e+00,-0.000000000000000000e+00,0.000000000000000000e+00,-0.000000000000000000e+00,0.000000000000000000e+00,-1.868050240066614076e-01,-2.877777340444546694e-01,-4.328342021972512166e-01,-1.057264825978154188e-01,-0.000000000000000000e+00,-0.000000000000000000e+00,-0.000000000000000000e+00,-7.210881921465996970e-03,-0.000000000000000000e+00,-0.000000000000000000e+00,-0.000000000000000000e+00,-2.418434703069465008e-01,-0.000000000000000000e+00,-0.000000000000000000e+00,-0.000000000000000000e+00,-2.949477302722829375e-01,-2.948229896389659155e-01
-0.000000000000000000e+00,-0.000000000000000000e+00,-0.000000000000000000e+00,0.000000000000000000e+00,-0.000000000000000000e+00,-0.000000000000000000e+00,0.000000000000000000e+00,0.000000000000000000e+00,-0.000000000000000000e+00,2.410277014977422194e+00,0.000000000000000000e+00,-8.226501863823905414e-02,0.000000000000000000e+00,-2.726014686184182745e-01,-0.000000000000000000e+00,-9.634032249022517203e-01,0.000000000000000000e+00,-0.000000000000000000e+00,0.000000000000000000e+00,0.000000000000000000e+00,0.000000000000000000e+00,0.000000000000000000e+00,-2.097109266515952419e-01,-9.226520653664201099e-03,-3.377234104944413229e-01,-0.000000000000000000e+00,-0.000000000000000000e+00,0.000000000000000000e+00,-0.000000000000000000e+00,-0.000000000000000000e+00,-0.000000000000000000e+00,-0.000000000000000000e+00,0.000000000000000000e+00,-0.000000000000000000e+00,-0.000000000000000000e+00,-2.176844203838456393e-01,-0.000000000000000000e+00,-0.000000000000000000e+00,-2.209866159410045772e-01
0.000000000000000000e+00,-0.000000000000000000e+00,-0.000000000000000000e+00,-0.000000000000000000e+00,0.000000000000000000e+00,-0.000000000000000000e+00,-0.000000000000000000e+00,0.000000000000000000e+00,-0.000000000000000000e+00,0.000000000000000000e+00,1.419661460743062209e+00,0.000000000000000000e+00,-0.000000000000000000e+00,-0.000000000000000000e+00,0.000000000000000000e+00,0.000000000000000000e+00,-3.657185057138463424e-01,0.000000000000000000e+00,0.000000000000000000e+00,-1.105827647411648518e-01,-2.510475860137477699e-01,-7.758522353208680000e-02,0.000000000000000000e+00,-0.000000000000000000e+00,0.000000000000000000e+00,-0.000000000000000000e+00,0.000000000000000000e+00,-1.344792216999852463e-01,-0.000000000000000000e+00,-0.000000000000000000e+00,-0.000000000000000000e+00,0.000000000000000000e+00,-3.419800060052363699e-01,0.000000000000000000e+00,-0.000000000000000000e+00,7.993641092491336753e-03,4.656067339977654901e-02,-0.000000000000000000e+00,-0.000000000000000000e+00
1.920052379890859438e-03,-0.000000000000000000e+00,-0.000000000000000000e+00,-0.000000000000000000e+00,-0.000000000000000000e+00,0.000000000000000000e+00,-0.000000000000000000e+00,7.215485321803731013e-03,-0.000000000000000000e+00,-8.226501863823905414e-02,0.000000000000000000e+00,1.939493332556859961e+00,-0.000000000000000000e+00,-0.000000000000000000e+00,0.000000000000000000e+00,-0.000000000000000000e+00,-0.000000000000000000e+00,-0.000000000000000000e+00,-0.000000000000000000e+00,0.000000000000000000e+00,0.000000000000000000e+00,-2.316489811822175504e-01,-1.349367994474764965e-01,-0.000000000000000000e+00,-0.000000000000000000e+00,0.000000000000000000e+00,-7.467330617785160607e-01,0.000000000000000000e+00,8.911407291443884660e-02,0.000000000000000000e+00,-2.573472479251109335e-01,-0.000000000000000000e+00,-0.000000000000000000e+00,-0.000000000000000000e+00,-0.000000000000000000e+00,-0.000000000000000000e+00,-0.000000000000000000e+00,0.000000000000000000e+00,-3.682346170354147130e-01
3.758768190088724315e-01,0.000000000000000000e+00,3.226759419695218734e-02,-0.000000000000000000e+00,2.441398563715485581e-01,-0.000000000000000000e+00,-0.000000000000000000e+00,-0.000000000000000000e+00,0.000000000000000000e+00,0.000000000000000000e+00,-0.000000000000000000e+00,-0.000000000000000000e+00,1.817403136035582678e+00,0.000000000000000000e+00,0.000000000000000000e+00,0.000000000000000000e+00,-0.000000000000000000e+00,0.000000000000000000e+00,0.000000000000000000e+00,-0.000000000000000000e+00,-0.000000000000000000e+00,-2.136202059219290683e-01,0.000000000000000000e+00,0.000000000000000000e+00,7.156389138748240307e-03,0.000000000000000000e+00,-0.000000000000000000e+00,-0.000000000000000000e+00,0.000000000000000000e+00,0.000000000000000000e+00,0.000000000000000000e+00,-0.000000000000000000e+00,-2.113163647465086253e-02,2.264567433660793772e-01,-0.000000000000000000e+00,4.309861768270844551e-01,-1.198478999302309972e-01,1.278838284101501410e-01,-0.000000000000000000e+00
-0.000000000000000000e+00,-0.000000000000000000e+00,-1.973170840171581952e-01,0.000000000000000000e+00,-0.000000000000000000e+00,-0.000000000000000000e+00,-0.000000000000000000e+00,0.000000000000000000e+00,-0.000000000000000000e+00,-2.726014686184182745e-01,-0.000000000000000000e+00,-0.000000000000000000e+00,0.000000000000000000e+00,2.467130234775702036e+00,-0.000000000000000000e+00,-1.906216476738094578e-01,8.649441584626042789e-03,-0.000000000000000000e+00,-0.000000000000000000e+00,0.000000000000000000e+00,-0.000000000000000000e+00,-0.000000000000000000e+00,-0.000000000000000000e+00,-4.668169415665594513e-01,-4.147612395852264267e-01,-1.844263883127822967e-01,-0.000000000000000000e+00,-0.000000000000000000e+00,-5.183756531656381894e-02,-4.464531768500534792e-01,-1.298998962826919124e-01,-0.000000000000000000e+00,-0.000000000000000000e+00,-0.000000000000000000e+00,-1.588574584815587998e-01,-0.000000000000000000e+00,-0.000000000000000000e+00,-0.000000000000000000e+00,-0.000000000000000000e+00
-5.132068743460458382e-01,-0.000000000000000000e+00,-0.000000000000000000e+00,3.436173774446603657e-01,0.000000000000000000e+00,0.000000000000000000e+00,0.000000000000000000e+00,-0.000000000000000000e+00,-0.000000000000000000e+00,-0.000000000000000000e+00,0.000000000000000000e+00,0.000000000000000000e+00,0.000000000000000000e+00,-0.000000000000000000e+00,1.731363391191678369e+00,-0.000000000000000000e+00,0.000000000000000000e+00,-3.261357460273969777e-01,0.000000000000000000e+00,-0.000000000000000000e+00,-0.000000000000000000e+00,0.000000000000000000e+00,0.000000000000000000e+00,-0.000000000000000000e+00,-0.000000000000000000e+00,-1.137125267006905277e-01,1.280979437291528966e-01,-0.000000000000000000e+00,-2.046153753847568812e-01,-2.258286806516450751e-01,0.000000000000000000e+00,0.000000000000000000e+00,0.000000000000000000e+00,-0.000000000000000000e+00,-0.000000000000000000e+00,-0.000000000000000000e+00,0.000000000000000000e+00,-0.000000000000000000e+00,0.000000000000000000e+00
-0.000000000000000000e+00,-2.033990679341540764e-01,-0.000000000000000000e+00,0.000000000000000000e+00,-0.000000000000000000e+00,-0.000000000000000000e+00,-0.000000000000000000e+00,0.000000000000000000e+00,-2.858564026007774372e-01,-9.634032249022517203e-01,0.000000000000000000e+00,-0.000000000000000000e+00,0.000000000000000000e+00,-1.906216476738094578e-01,-0.000000000000000000e+00,3.068083256735794961e+00,0.000000000000000000e+00,-0.000000000000000000e+00,-0.000000000000000000e+00,0.000000000000000000e+00,-0.000000000000000000e+00,0.000000000000000000e+00,-0.000000000000000000e+00,-9.903313968319553406e-03,-5.505132518963863353e-01,-0.000000000000000000e+00,-0.000000000000000000e+00,-0.000000000000000000e+00,-0.000000000000000000e+00,-6.814112324638955664e-01,-0.000000000000000000e+00,-0.000000000000000000e+00,-0.000000000000000000e+00,-0.000000000000000000e+00,-0.000000000000000000e+00,-9.000427722780331152e-02,-0.000000000000000000e+00,-1.856451147864111861e-01,-0.000000000000000000e+00
-0.000000000000000000e+00,-0.000000000000000000e+00,-0.000000000000000000e+00,-0.000000000000000000e+00,-0.000000000000000000e+00,1.320525208112359739e-01,0.000000000000000000e+00,-0.000000000000000000e+00,-0.000000000000000000e+00,0.000000000000000000e+00,-3.657185057138463424e-01,-0.000000000000000000e+00,-0.000000000000000000e+00,8.649441584626042789e-03,0.000000000000000000e+00,0.000000000000000000e+00,1.234472915940677984e+00,0.000000000000000000e+00,0.000000000000000000e+00,-0.000000000000000000e+00,0.000000000000000000e+00,0.000000000000000000e+00,-7.047237711016857142e-02,0.000000000000000000e+00,0.000000000000000000e+00,0.000000000000000000e+00,-0.000000000000000000e+00,0.000000000000000000e+00,1.328502286553710499e-01,0.000000000000000000e+00,0.000000000000000000e+00,-0.000000000000000000e+00,0.000000000000000000e+00,-0.000000000000000000e+00,2.288608580885199972e-01,0.000000000000000000e+00,1.226209635385715063e-01,-0.000000000000000000e+00,-0.000000000000000000e+00
-1.590885367045026255e-01,-0.000000000000000000e+00,-0.000000000000000000e+00,-0.000000000000000000e+00,-0.000000000000000000e+00,0.000000000000000000e+00,-0.000000000000000000e+00,0.000000000000000000e+00,-0.000000000000000000e+00,-0.000000000000000000e+00,0.000000000000000000e+00,-0.000000000000000000e+00,0.000000000000000000e+00,-0.000000000000000000e+00,-3.261357460273969777e-01,-0.000000000000000000e+00,0.000000000000000000e+00,1.659775363142407034e+00,-6.218496006920054553e-01,-0.000000000000000000e+00,-0.000000000000000000e+00,-0.000000000000000000e+00,0.000000000000000000e+00,-0.000000000000000000e+00,-0.000000000000000000e+00,-2.201535906008366406e-01,0.000000000000000000e+00,-0.000000000000000000e+00,-0.000000000000000000e+00,-1.612899745275363506e-01,0.000000000000000000e+00,0.000000000000000000e+00,-0.000000000000000000e+00,-0.000000000000000000e+00,-0.000000000000000000e+00,-0.000000000000000000e+00,-0.000000000000000000e+00,-0.000000000000000000e+00,0.000000000000000000e+00
-0.000000000000000000e+00,-0.000000000000000000e+00,-5.146887184691555789e-02,-2.705112221951269103e-01,-3.070018768854210767e-01,-0.000000000000000000e+00,-1.137392025115236821e-01,2.845858579703186009e-01,-0.000000000000000000e+00,0.000000000000000000e+00,0.000000000000000000e+00,-0.000000000000000000e+00,0.000000000000000000e+00,-0.000000000000000000e+00,0.000000000000000000e+00,-0.000000000000000000e+00,0.000000000000000000e+00,-6.218496006920054553e-01,1.634097305205608919e+00,-0.000000000000000000e+00,-0.000000000000000000e+00,-0.000000000000000000e+00,0.000000000000000000e+00,-0.000000000000000000e+00,-0.000000000000000000e+00,-0.000000000000000000e+00,0.000000000000000000e+00,-0.000000000000000000e+00,-0.000000000000000000e+00,-0.000000000000000000e+00,-0.000000000000000000e+00,0.000000000000000000e+00,-0.000000000000000000e+00,-0.000000000000000000e+00,-0.000000000000000000e+00,-0.000000000000000000e+00,-0.000000000000000000e+00,0.000000000000000000e+00,1.138608980224358608e-02
0.000000000000000000e+00,0.000000000000000000e+00,0.000000000000000000e+00,-0.000000000000000000e+00,6.494861556716594909e-03,-0.000000000000000000e+00,-1.385394101533320155e-01,0.000000000000000000e+00,0.000000000000000000e+00,0.000000000000000000e+00,-1.105827647411648518e-01,0.000000000000000000e+00,-0.000000000000000000e+00,0.000000000000000000e+00,-0.000000000000000000e+00,0.000000000000000000e+00,-0.000000000000000000e+00,-0.000000000000000000e+00,-0.000000000000000000e+00,1.259475871325111074e+00,-1.579082084668204933e-01,-0.000000000000000000e+00,1.904454014392888694e-01,0.000000000000000000e+00,0.000000000000000000e+00,-0.000000000000000000e+00,0.000000000000000000e+00,-6.974810432486971967e-02,-0.000000000000000000e+00,0.000000000000000000e+00,0.000000000000000000e+00,0.000000000000000000e+00,-0.000000000000000000e+00,3.763945493445593898e-02,-0.000000000000000000e+00,2.143801730280656959e-01,-0.000000000000000000e+00,0.000000000000000000e+00,0.000000000000000000e+00
-0.000000000000000000e+00,-0.000000000000000000e+00,-0.000000000000000000e+00,-0.000000000000000000e+00,0.000000000000000000e+00,-0.000000000000000000e+00,-4.974572918983264924e-01,0.000000000000000000e+00,-0.000000000000000000e+00,0.000000000000000000e+00,-2.510475860137477699e-01,0.000000000000000000e+00,-0.000000000000000000e+00,-0.000000000000000000e+00,-0.000000000000000000e+00,-0.000000000000000000e+00,0.000000000000000000e+00,-0.000000000000000000e+00,-0.000000000000000000e+00,-1.579082084668204933e-01,2.912781796226359354e+00,-2.007165949010299155e-01,0.000000000000000000e+00,-0.000000000000000000e+00,-0.000000000000000000e+00,-3.378102441782424581e-01,0.000000000000000000e+00,-6.493322394512359708e-01,-8.020770255001551108e-02,-0.000000000000000000e+00,-0.000000000000000000e+00,0.000000000000000000e+00,-6.270795795948930218e-01,0.000000000000000000e+00,-4.249937175074262607e-01,5.887259650544841676e-03,-0.000000000000000000e+00,0.000000000000000000e+00,-0.000000000000000000e+00
1.603382596583798059e-01,0.000000000000000000e+00,-0.000000000000000000e+00,-3.391508789055017736e-01,0.000000000000000000e+00,-0.000000000000000000e+00,-5.081504087058027475e-01,1.067577301518423403e-03,0.000000000000000000e+00,0.000000000000000000e+00,-7.758522353208680000e-02,-2.316489811822175504e-01,-2.136202059219290683e-01,-0.000000000000000000e+00,0.000000000000000000e+00,0.000000000000000000e+00,0.000000000000000000e+00,-0.000000000000000000e+00,-0.000000000000000000e+00,-0.000000000000000000e+00,-2.007165949010299155e-01,2.724412243267499090e+00,0.000000000000000000e+00,-0.000000000000000000e+00,0.000000000000000000e+00,-0.000000000000000000e+00,-0.000000000000000000e+00,-0.000000000000000000e+00,-0.000000000000000000e+00,-0.000000000000000000e+00,-2.167625298315263849e-01,-0.000000000000000000e+00,-9.465989018791131082e-01,0.000000000000000000e+00,-0.000000000000000000e+00,1.702944739679962405e-01,-0.000000000000000000e+00,1.557362243963991699e-01,-0.000000000000000000e+00
-0.000000000000000000e+00,-3.804528633000303639e-01,-0.000000000000000000e+00,0.000000000000000000e+00,-0.000000000000000000e+00,0.000000000000000000e+00,0.000000000000000000e+00,0.000000000000000000e+00,-1.868050240066614076e-01,-2.097109266515952419e-01,0.000000000000000000e+00,-1.349367994474764965e-01,0.000000000000000000e+00,-0.000000000000000000e+00,0.000000000000000000e+00,-0.000000000000000000e+00,-7.047237711016857142e-02,0.000000000000000000e+00,0.000000000000000000e+00,1.904454014392888694e-01,0.000000000000000000e+00,0.000000000000000000e+00,2.253371534264294596e+00,-3.925724993143646434e-04,-4.241195275565604050e-02,-0.000000000000000000e+00,-1.863714234648010393e-01,1.794626595982057315e-01,0.000000000000000000e+00,-0.000000000000000000e+00,-0.000000000000000000e+00,-1.971178975304885006e-01,0.000000000000000000e+00,-3.738672396315300128e-01,0.000000000000000000e+00,-9.962761087727024789e-02,0.000000000000000000e+00,-0.000000000000000000e+00,-4.643337538224425187e-01
-0.000000000000000000e+00,-0.000000000000000000e+00,-1.020079068254288457e-02,-0.000000000000000000e+00,-0.000000000000000000e+00,-1.058855084929914703e-01,-0.000000000000000000e+00,3.204431000045771527e-01,-2.877777340444546694e-01,-9.226520653664201099e-03,-0.000000000000000000e+00,-0.000000000000000000e+00,0.000000000000000000e+00,-4.668169415665594513e-01,-0.000000000000000000e+00,-9.903313968319553406e-03,0.000000000000000000e+00,-0.000000000000000000e+00,-0.000000000000000000e+00,0.000000000000000000e+00,-0.000000000000000000e+00,-0.000000000000000000e+00,-3.925724993143646434e-04,2.208073555661837162e+00,-1.578387242371381005e-01,-2.455694969607806200e-01,-0.000000000000000000e+00,-0.000000000000000000e+00,-0.000000000000000000e+00,-7.916319027350693371e-02,-1.629371836352614400e-01,-3.321566880150860213e-01,-0.000000000000000000e+00,-0.000000000000000000e+00,-8.186046927853700764e-03,-0.000000000000000000e+00,-9.703231280280472104e-03,-0.000000000000000000e+00,-2.750980631182490740e-02
-0.000000000000000000e+00,-2.938355171121574405e-01,-0.000000000000000000e+00,0.000000000000000000e+00,-1.254209735514325574e-01,-0.000000000000000000e+00,0.000000000000000000e+00,0.000000000000000000e+00,-4.328342021972512166e-01,-3.377234104944413229e-01,0.000000000000000000e+00,-0.000000000000000000e+00,7.156389138748240307e-03,-4.147612395852264267e-01,-0.000000000000000000e+00,-5.505132518963863353e-01,0.000000000000000000e+00,-0.000000000000000000e+00,-0.000000000000000000e+00,0.000000000000000000e+00,-0.000000000000000000e+00,0.000000000000000000e+00,-4.241195275565604050e-02,-1.578387242371381005e-01,3.003680665048285459e+00,-4.707406574490405685e-03,-0.000000000000000000e+00,-0.000000000000000000e+00,-0.000000000000000000e+00,-2.337157755226255129e-01,-0.000000000000000000e+00,-0.000000000000000000e+00,0.000000000000000000e+00,-0.000000000000000000e+00,-0.000000000000000000e+00,-3.692914694336307257e-01,-0.000000000000000000e+00,-2.680288623192016995e-01,-0.000000000000000000e+00
-1.825126973041665268e-01,-0.000000000000000000e+00,-3.838849521686344413e-01,0.000000000000000000e+00,-0.000000000000000000e+00,-0.000000000000000000e+00,-0.000000000000000000e+00,1.269248716650601683e-01,-1.057264825978154188e-01,-0.000000000000000000e+00,-0.000000000000000000e+00,0.000000000000000000e+00,0.000000000000000000e+00,-1.844263883127822967e-01,-1.137125267006905277e-01,-0.000000000000000000e+00,0.000000000000000000e+00,-2.201535906008366406e-01,-0.000000000000000000e+00,-0.000000000000000000e+00,-3.378102441782424581e-01,-0.000000000000000000e+00,-0.000000000000000000e+00,-2.455694969607806200e-01,-4.707406574490405685e-03,2.610117419924191218e+00,0.000000000000000000e+00,-0.000000000000000000e+00,-6.040193248324119413e-01,-4.205898239073831979e-01,-0.000000000000000000e+00,-0.000000000000000000e+00,-0.000000000000000000e+00,-0.000000000000000000e+00,-5.453285917913780478e-02,-0.000000000000000000e+00,-0.000000000000000000e+00,-0.000000000000000000e+00,-0.000000000000000000e+00
3.458981030909498156e-01,-0.000000000000000000e+00,-0.000000000000000000e+00,-3.152225469706873562e-02,-0.000000000000000000e+00,-0.000000000000000000e+00,-0.000000000000000000e+00,2.020748912065239156e-01,-0.000000000000000000e+00,-0.000000000000000000e+00,0.000000000000000000e+00,-7.467330617785160607e-01,-0.000000000000000000e+00,-0.000000000000000000e+00,1.280979437291528966e-01,-0.000000000000000000e+00,-0.000000000000000000e+00,0.000000000000000000e+00,0.000000000000000000e+00,0.000000000000000000e+00,0.000000000000000000e+00,-0.000000000000000000e+00,-1.863714234648010393e-01,-0.000000000000000000e+00,-0.000000000000000000e+00,0.000000000000000000e+00,2.646499412609333746e+00,0.000000000000000000e+00,1.449871122138291502e-01,0.000000000000000000e+00,-4.929736166776712003e-01,-7.017676462654950376e-01,-0.000000000000000000e+00,-0.000000000000000000e+00,-0.000000000000000000e+00,-0.000000000000000000e+00,-1.208708940637146789e-01,0.000000000000000000e+00,-3.117030158768653303e-01
-0.000000000000000000e+00,0.000000000000000000e+00,-0.000000000000000000e+00,-0.000000000000000000e+00,0.000000000000000000e+00,-7.828234555989636856e-02,-2.315452233692547324e-01,0.000000000000000000e+00,-0.000000000000000000e+00,0.000000000000000000e+00,-1.344792216999852463e-01,0.000000000000000000e+00,-0.000000000000000000e+00,-0.000000000000000000e+00,-0.000000000000000000e+00,-0.000000000000000000e+00,0.000000000000000000e+00,-0.000000000000000000e+00,-0.000000000000000000e+00,-6.974810432486971967e-02,-6.493322394512359708e-01,-0.000000000000000000e+00,1.794626595982057315e-01,-0.000000000000000000e+00,-0.000000000000000000e+00,-0.000000000000000000e+00,0.000000000000000000e+00,2.038143604867365344e+00,-5.711912804297359925e-01,-1.028041507422776044e-02,-0.000000000000000000e+00,0.000000000000000000e+00,-9.620073222931659063e-02,4.561048617528691562e-02,-6.287382432348688488e-02,0.000000000000000000e+00,-0.000000000000000000e+00,0.000000000000000000e+00,0.000000000000000000e+00
-4.945033382876458383e-02,-0.000000000000000000e+00,-0.000000000000000000e+00,0.000000000000000000e+00,0.000000000000000000e+00,-2.327913182671980663e-01,-0.000000000000000000e+00,0.000000000000000000e+00,-0.000000000000000000e+00,-0.000000000000000000e+00,-0.000000000000000000e+00,8.911407291443884660e-02,0.000000000000000000e+00,-5.183756531656381894e-02,-2.046153753847568812e-01,-0.000000000000000000e+00,1.328502286553710499e-01,-0.000000000000000000e+00,-0.000000000000000000e+00,-0.000000000000000000e+00,-8.020770255001551108e-02,-0.000000000000000000e+00,0.000000000000000000e+00,-0.000000000000000000e+00,-0.000000000000000000e+00,-6.040193248324119413e-01,1.449871122138291502e-01,-5.711912804297359925e-01,2.609592839189737390e+00,-6.105254196822218482e-01,0.000000000000000000e+00,0.000000000000000000e+00,-0.000000000000000000e+00,0.000000000000000000e+00,-4.590602325779637449e-01,0.000000000000000000e+00,-0.000000000000000000e+00,-0.000000000000000000e+00,0.000000000000000000e+00
-0.000000000000000000e+00,-0.000000000000000000e+00,-0.000000000000000000e+00,0.000000000000000000e+00,-0.000000000000000000e+00,-0.000000000000000000e+00,-0.000000000000000000e+00,0.000000000000000000e+00,-7.210881921465996970e-03,-0.000000000000000000e+00,-0.000000000000000000e+00,0.000000000000000000e+00,0.000000000000000000e+00,-4.464531768500534792e-01,-2.258286806516450751e-01,-6.814112324638955664e-01,0.000000000000000000e+00,-1.612899745275363506e-01,-0.000000000000000000e+00,0.000000000000000000e+00,-0.000000000000000000e+00,-0.000000000000000000e+00,-0.000000000000000000e+00,-7.916319027350693371e-02,-2.337157755226255129e-01,-4.205898239073831979e-01,0.000000000000000000e+00,-1.028041507422776044e-02,-6.105254196822218482e-01,2.857179421418199361e+00,-0.000000000000000000e+00,-0.000000000000000000e+00,-0.000000000000000000e+00,-0.000000000000000000e+00,-2.528410034842630272e-01,-0.000000000000000000e+00,-0.000000000000000000e+00,-0.000000000000000000e+00,-0.000000000000000000e+00
0.000000000000000000e+00,-0.000000000000000000e+00,-3.676499230008752894e-01,-0.000000000000000000e+00,-0.000000000000000000e+00,-0.000000000000000000e+00,-0.000000000000000000e+00,5.852278988037739049e-01,-0.000000000000000000e+00,-0.000000000000000000e+00,-0.000000000000000000e+00,-2.573472479251109335e-01,0.000000000000000000e+00,-1.298998962826919124e-01,0.000000000000000000e+00,-0.000000000000000000e+00,0.000000000000000000e+00,0.000000000000000000e+00,-0.000000000000000000e+00,0.000000000000000000e+00,-0.000000000000000000e+00,-2.167625298315263849e-01,-0.000000000000000000e+00,-1.629371836352614400e-01,-0.000000000000000000e+00,-0.000000000000000000e+00,-4.929736166776712003e-01,-0.000000000000000000e+00,0.000000000000000000e+00,-0.000000000000000000e+00,2.509236050532039020e+00,-1.191596229084310593e-01,-3.268038079491978332e-01,-0.000000000000000000e+00,-0.000000000000000000e+00,-0.000000000000000000e+00,-6.347824702543990172e-02,0.000000000000000000e+00,-3.044142246246434383e-02
0.000000000000000000e+00,-0.000000000000000000e+00,-0.000000000000000000e+00,-0.000000000000000000e+00,-0.000000000000000000e+00,-0.000000000000000000e+00,-0.000000000000000000e+00,0.000000000000000000e+00,-0.000000000000000000e+00,-0.000000000000000000e+00,0.000000000000000000e+00,-0.000000000000000000e+00,-0.000000000000000000e+00,-0.000000000000000000e+00,0.000000000000000000e+00,-0.000000000000000000e+00,-0.000000000000000000e+00,0.000000000000000000e+00,0.000000000000000000e+00,0.000000000000000000e+00,0.000000000000000000e+00,-0.000000000000000000e+00,-1.971178975304885006e-01,-3.321566880150860213e-01,-0.000000000000000000e+00,-0.000000000000000000e+00,-7.017676462654950376e-01,0.000000000000000000e+00,0.000000000000000000e+00,-0.000000000000000000e+00,-1.191596229084310593e-01,2.462165628374594295e+00,-0.000000000000000000e+00,-0.000000000000000000e+00,-0.000000000000000000e+00,-0.000000000000000000e+00,-8.741335519974247070e-01,0.000000000000000000e+00,-2.880379363317057684e-01
0.000000000000000000e+00,0.000000000000000000e+00,-0.000000000000000000e+00,-0.000000000000000000e+00,0.000000000000000000e+00,-1.817764943674056166e-01,-5.638257236482253631e-01,0.000000000000000000e+00,-0.000000000000000000e+00,0.000000000000000000e+00,-3.419800060052363699e-01,-0.000000000000000000e+00,-2.113163647465086253e-02,-0.000000000000000000e+00,0.000000000000000000e+00,-0.000000000000000000e+00,0.000000000000000000e+00,-0.000000000000000000e+00,-0.000000000000000000e+00,-0.000000000000000000e+00,-6.270795795948930218e-01,-9.465989018791131082e-01,0.000000000000000000e+00,-0.000000000000000000e+00,0.000000000000000000e+00,-0.000000000000000000e+00,-0.000000000000000000e+00,-9.620073222931659063e-02,-0.000000000000000000e+00,-0.000000000000000000e+00,-3.268038079491978332e-01,-0.000000000000000000e+00,3.236953571341102176e+00,0.000000000000000000e+00,-4.064071395065256831e-01,1.751002241469074572e-01,-0.000000000000000000e+00,0.000000000000000000e+00,-0.000000000000000000e+00
-0.000000000000000000e+00,-1.282016270377931422e-01,-2.267841322237475893e-02,0.000000000000000000e+00,-9.524266411059031379e-01,0.000000000000000000e+00,0.000000000000000000e+00,0.000000000000000000e+00,-2.418434703069465008e-01,-0.000000000000000000e+00,0.000000000000000000e+00,-0.000000000000000000e+00,2.264567433660793772e-01,-0.000000000000000000e+00,-0.000000000000000000e+00,-0.000000000000000000e+00,-0.000000000000000000e+00,-0.000000000000000000e+00,-0.000000000000000000e+00,3.763945493445593898e-02,0.000000000000000000e+00,0.000000000000000000e+00,-3.738672396315300128e-01,-0.000000000000000000e+00,-0.000000000000000000e+00,-0.000000000000000000e+00,-0.000000000000000000e+00,4.561048617528691562e-02,0.000000000000000000e+00,-0.000000000000000000e+00,-0.000000000000000000e+00,-0.000000000000000000e+00,0.000000000000000000e+00,2.664634585118164978e+00,0.000000000000000000e+00,-7.214669407129411516e-01,0.000000000000000000e+00,-0.000000000000000000e+00,-0.000000000000000000e+00
0.000000000000000000e+00,0.000000000000000000e+00,-0.000000000000000000e+00,-0.000000000000000000e+00,0.000000000000000000e+00,-6.004525863975774813e-01,-3.804234902578310096e-01,0.000000000000000000e+00,-0.000000000000000000e+00,-0.000000000000000000e+00,-0.000000000000000000e+00,-0.000000000000000000e+00,-0.000000000000000000e+00,-1.588574584815587998e-01,-0.000000000000000000e+00,-0.000000000000000000e+00,2.288608580885199972e-01,-0.000000000000000000e+00,-0.000000000000000000e+00,-0.000000000000000000e+00,-4.249937175074262607e-01,-0.000000000000000000e+00,0.000000000000000000e+00,-8.186046927853700764e-03,-0.000000000000000000e+00,-5.453285917913780478e-02,-0.000000000000000000e+00,-6.287382432348688488e-02,-4.590602325779637449e-01,-2.528410034842630272e-01,-0.000000000000000000e+00,-0.000000000000000000e+00,-4.064071395065256831e-01,0.000000000000000000e+00,2.844203500818534902e+00,0.000000000000000000e+00,-2.453646821613945928e-01,0.000000000000000000e+00,-0.000000000000000000e+00
-0.000000000000000000e+00,-1.125575799070651223e-01,-0.000000000000000000e+00,0.000000000000000000e+00,-9.917072477842769906e-02,0.000000000000000000e+00,1.268857502458345665e-01,0.000000000000000000e+00,-0.000000000000000000e+00,-2.176844203838456393e-01,7.993641092491336753e-03,-0.000000000000000000e+00,4.309861768270844551e-01,-0.000000000000000000e+00,-0.000000000000000000e+00,-9.000427722780331152e-02,0.000000000000000000e+00,-0.000000000000000000e+00,-0.000000000000000000e+00,2.143801730280656959e-01,5.887259650544841676e-03,1.702944739679962405e-01,-9.962761087727024789e-02,-0.000000000000000000e+00,-3.692914694336307257e-01,-0.000000000000000000e+00,-0.000000000000000000e+00,0.000000000000000000e+00,0.000000000000000000e+00,-0.000000000000000000e+00,-0.000000000000000000e+00,-0.000000000000000000e+00,1.751002241469074572e-01,-7.214669407129411516e-01,0.000000000000000000e+00,2.613242814211594656e+00,0.000000000000000000e+00,-2.977860348397947110e-01,-0.000000000000000000e+00
5.706696646467656481e-02,0.000000000000000000e+00,-0.000000000000000000e+00,-0.000000000000000000e+00,0.000000000000000000e+00,-6.150560902389761164e-01,-0.000000000000000000e+00,0.000000000000000000e+00,-0.000000000000000000e+00,-0.000000000000000000e+00,4.656067339977654901e-02,-0.000000000000000000e+00,-1.198478999302309972e-01,-0.000000000000000000e+00,0.000000000000000000e+00,-0.000000000000000000e+00,1.226209635385715063e-01,-0.000000000000000000e+00,-0.000000000000000000e+00,-0.000000000000000000e+00,-0.000000000000000000e+00,-0.000000000000000000e+00,0.000000000000000000e+00,-9.703231280280472104e-03,-0.000000000000000000e+00,-0.000000000000000000e+00,-1.208708940637146789e-01,-0.000000000000000000e+00,-0.000000000000000000e+00,-0.000000000000000000e+00,-6.347824702543990172e-02,-8.741335519974247070e-01,-0.000000000000000000e+00,0.000000000000000000e+00,-2.453646821613945928e-01,0.000000000000000000e+00,2.148471947206966437e+00,0.000000000000000000e+00,-0.000000000000000000e+00
-8.258135233596461955e-01,-9.393488155982475385e-02,-0.000000000000000000e+00,5.702269661492157526e-01,-0.000000000000000000e+00,0.000000000000000000e+00,0.000000000000000000e+00,-0.000000000000000000e+00,-2.949477302722829375e-01,-0.000000000000000000e+00,-0.000000000000000000e+00,0.000000000000000000e+00,1.278838284101501410e-01,-0.000000000000000000e+00,-0.000000000000000000e+00,-1.856451147864111861e-01,-0.000000000000000000e+00,-0.000000000000000000e+00,0.000000000000000000e+00,0.000000000000000000e+00,0.000000000000000000e+00,1.557362243963991699e-01,-0.000000000000000000e+00,-0.000000000000000000e+00,-2.680288623192016995e-01,-0.000000000000000000e+00,0.000000000000000000e+00,0.000000000000000000e+00,-0.000000000000000000e+00,-0.000000000000000000e+00,0.000000000000000000e+00,0.000000000000000000e+00,0.000000000000000000e+00,-0.000000000000000000e+00,0.000000000000000000e+00,-2.977860348397947110e-01,0.000000000000000000e+00,2.529949406506795562e+00,-0.000000000000000000e+00
0.000000000000000000e+00,-1.898358958789644613e-01,-0.000000000000000000e+00,0.000000000000000000e+00,-0.000000000000000000e+00,-0.000000000000000000e+00,0.000000000000000000e+00,0.000000000000000000e+00,-2.948229896389659155e-01,-2.209866159410045772e-01,-0.000000000000000000e+00,-3.682346170354147130e-01,-0.000000000000000000e+00,-0.000000000000000000e+00,0.000000000000000000e+00,-0.000000000000000000e+00,-0.000000000000000000e+00,0.000000000000000000e+00,1.138608980224358608e-02,0.000000000000000000e+00,-0.000000000000000000e+00,-0.000000000000000000e+00,-4.643337538224425187e-01,-2.750980631182490740e-02,-0.000000000000000000e+00,-0.000000000000000000e+00,-3.117030158768653303e-01,0.000000000000000000e+00,0.000000000000000000e+00,-0.000000000000000000e+00,-3.044142246246434383e-02,-2.880379363317057684e-01,-0.000000000000000000e+00,-0.000000000000000000e+00,-0.000000000000000000e+00,-0.000000000000000000e+00,-0.000000000000000000e+00,-0.000000000000000000e+00,2.172322373968488485e+00
