2.289920781507398750e+00,-0.000000000000000000e+00,-0.000000000000000000e+00,0.000000000000000000e+00,-0.000000000000000000e+00,-0.000000000000000000e+00,1.715539938898841821e-01,0.000000000000000000e+00,-0.000000000000000000e+00,0.000000000000000000e+00,0.000000000000000000e+00,0.000000000000000000e+00,4.491851759424315138e-01,0.000000000000000000e+00,-0.000000000000000000e+00,-1.988282156439267201e-01,-0.000000000000000000e+00,-0.000000000000000000e+00,-0.000000000000000000e+00,0.000000000000000000e+00,0.000000000000000000e+00,6.560590319261930259e-02,-0.000000000000000000e+00,-6.827963554815297265e-02,0.000000000000000000e+00,-6.745868002486485882e-01,0.000000000000000000e+00,-3.851520293413253360e-02,-3.408201895656548519e-01,-6.059505139625855907e-01,-1.774371395157678388e-02,0.000000000000000000e+00,0.000000000000000000e+00,0.000000000000000000e+00,-0.000000000000000000e+00,0.000000000000000000e+00,0.000000000000000000e+00,-3.900603331152864284e-01,0.000000000000000000e+00
-0.000000000000000000e+00,2.012002089506232050e+00,-0.000000000000000000e+00,-0.000000000000000000e+00,-0.000000000000000000e+00,0.000000000000000000e+00,-0.000000000000000000e+00,-0.000000000000000000e+00,-1.060990281117972778e-01,-0.000000000000000000e+00,0.000000000000000000e+00,-0.000000000000000000e+00,-0.000000000000000000e+00,-1.099067465963684924e-02,-0.000000000000000000e+00,-0.000000000000000000e+00,0.000000000000000000e+00,-0.000000000000000000e+00,-0.000000000000000000e+00,-0.000000000000000000e+00,0.000000000000000000e+00,-0.000000000000000000e+00,-1.364281324080523772e-01,-0.000000000000000000e+00,-0.000000000000000000e+00,-2.447768858592173080e-01,-7.711997710557934038e-01,-0.000000000000000000e+00,0.000000000000000000e+00,0.000000000000000000e+00,-1.446894283636553369e-01,-0.000000000000000000e+00,0.000000000000000000e+00,-0.000000000000000000e+00,-0.000000000000000000e+00,-2.923923616971922379e-01,-5.292297501332896004e-02,-0.000000000000000000e+00,-2.728486566363618748e-01
-0.000000000000000000e+00,-0.000000000000000000e+00,1.986730727996176116e+00,-0.000000000000000000e+00,-4.977565419150751791e-01,0.000000000000000000e+00,-0.000000000000000000e+00,6.426693759057722222e-01,-3.527715134757974241e-02,-0.000000000000000000e+00,0.000000000000000000e+00,-0.000000000000000000e+00,-0.000000000000000000e+00,-0.000000000000000000e+00,-0.000000000000000000e+00,-0.000000000000000000e+00,0.000000000000000000e+00,-0.000000000000000000e+00,-1.890343565542308424e-01,-0.000000000000000000e+00,0.000000000000000000e+00,-0.000000000000000000e+00,-2.074548253641922690e-01,-0.000000000000000000e+00,-5.923967563542383713e-02,-1.271284485062081082e-02,-4.085044929653595253e-02,-0.000000000000000000e+00,-0.000000000000000000e+00,-0.000000000000000000e+00,-1.329637566704461316e-01,-0.000000000000000000e+00,-4.716303992691493474e-01,-0.000000000000000000e+00,-0.000000000000000000e+00,-0.000000000000000000e+00,-0.000000000000000000e+00,-6.387194829992995371e-02,-0.000000000000000000e+00
0.000000000000000000e+00,-0.000000000000000000e+00,-0.000000000000000000e+00,2.389920103950083696e+00,-0.000000000000000000e+00,0.000000000000000000e+00,-2.402920452203617663e-01,-0.000000000000000000e+00,-4.610878560597087006e-02,2.223416094230672158e-01,3.697944419609339867e-02,-8.212256177738320728e-01,0.000000000000000000e+00,-0.000000000000000000e+00,-0.000000000000000000e+00,0.000000000000000000e+00,0.000000000000000000e+00,-6.720339847887319973e-01,-0.000000000000000000e+00,-3.491318865542848981e-01,0.000000000000000000e+00,-0.000000000000000000e+00,-0.000000000000000000e+00,-0.000000000000000000e+00,-0.000000000000000000e+00,-0.000000000000000000e+00,-0.000000000000000000e+00,-0.000000000000000000e+00,0.000000000000000000e+00,0.000000000000000000e+00,0.000000000000000000e+00,-0.000000000000000000e+00,1.401568928912000078e-01,-0.000000000000000000e+00,8.260898921547496498e-02,0.000000000000000000e+00,0.000000000000000000e+00,-8.327663788605182971e-02,-0.000000000000000000e+00
-0.000000000000000000e+00,-0.000000000000000000e+00,-4.977565419150751791e-01,-0.000000000000000000e+00,1.877193714697290128e+00,-0.000000000000000000e+00,-0.000000000000000000e+00,0.000000000000000000e+00,-2.030588086077723675e-01,-0.000000000000000000e+00,0.000000000000000000e+00,-0.000000000000000000e+00,-0.000000000000000000e+00,-3.249575058697464214e-01,0.000000000000000000e+00,-0.000000000000000000e+00,-0.000000000000000000e+00,-1.743567371828152190e-01,-1.328355351770961201e-01,-0.000000000000000000e+00,0.000000000000000000e+00,-0.000000000000000000e+00,-1.447498957999585056e-01,-0.000000000000000000e+00,-0.000000000000000000e+00,-0.000000000000000000e+00,-0.000000000000000000e+00,-0.000000000000000000e+00,-0.000000000000000000e+00,0.000000000000000000e+00,-0.000000000000000000e+00,-2.905281517655214016e-02,-0.000000000000000000e+00,-4.040952511408876235e-01,-0.000000000000000000e+00,-0.000000000000000000e+00,-5.835464358183396066e-02,-0.000000000000000000e+00,-0.000000000000000000e+00
-0.000000000000000000e+00,0.000000000000000000e+00,0.000000000000000000e+00,0.000000000000000000e+00,-0.000000000000000000e+00,2.344462659661254111e+00,0.000000000000000000e+00,0.000000000000000000e+00,0.000000000000000000e+00,-0.000000000000000000e+00,-8.218838431023851587e-01,2.707934197596069056e-02,0.000000000000000000e+00,0.000000000000000000e+00,0.000000000000000000e+00,-0.000000000000000000e+00,-4.601937793739748761e-01,0.000000000000000000e+00,0.000000000000000000e+00,0.000000000000000000e+00,0.000000000000000000e+00,0.000000000000000000e+00,-0.000000000000000000e+00,0.000000000000000000e+00,0.000000000000000000e+00,-0.000000000000000000e+00,0.000000000000000000e+00,-0.000000000000000000e+00,-4.302008380443164692e-01,-0.000000000000000000e+00,-0.000000000000000000e+00,-0.000000000000000000e+00,-0.000000000000000000e+00,0.000000000000000000e+00,-1.930039874813187228e-01,0.000000000000000000e+00,-0.000000000000000000e+00,0.000000000000000000e+00,5.726891728216993993e-01
1.715539938898841821e-01,-0.000000000000000000e+00,-0.000000000000000000e+00,-2.402920452203617663e-01,-0.000000000000000000e+00,0.000000000000000000e+00,2.518978340567073371e+00,-2.532763820552193512e-01,-1.998128199384262282e-01,0.000000000000000000e+00,0.000000000000000000e+00,-4.023706671268559854e-01,-6.578498843458616130e-02,-0.000000000000000000e+00,-0.000000000000000000e+00,0.000000000000000000e+00,0.000000000000000000e+00,-0.000000000000000000e+00,-0.000000000000000000e+00,-2.250583026950294663e-01,0.000000000000000000e+00,-4.333467209217617411e-01,-0.000000000000000000e+00,0.000000000000000000e+00,-3.190164284628820707e-02,0.000000000000000000e+00,-2.743871529000503351e-01,-0.000000000000000000e+00,5.438650330195792248e-01,1.358095136034878081e-01,0.000000000000000000e+00,-0.000000000000000000e+00,0.000000000000000000e+00,-0.000000000000000000e+00,0.000000000000000000e+00,-0.000000000000000000e+00,-0.000000000000000000e+00,-0.000000000000000000e+00,-1.569458680410164009e-01
0.000000000000000000e+00,-0.000000000000000000e+00,6.426693759057722222e-01,-0.000000000000000000e+00,0.000000000000000000e+00,0.000000000000000000e+00,-2.532763820552193512e-01,1.375343730597276215e+00,-0.000000000000000000e+00,0.000000000000000000e+00,3.439788152150737022e-02,-0.000000000000000000e+00,-0.000000000000000000e+00,0.000000000000000000e+00,-0.000000000000000000e+00,0.000000000000000000e+00,0.000000000000000000e+00,-0.000000000000000000e+00,0.000000000000000000e+00,-0.000000000000000000e+00,-8.739558580658773890e-02,-0.000000000000000000e+00,0.000000000000000000e+00,0.000000000000000000e+00,-0.000000000000000000e+00,0.000000000000000000e+00,-0.000000000000000000e+00,-0.000000000000000000e+00,6.114606303675996363e-02,9.648197096016696006e-02,9.552343590138313856e-02,0.000000000000000000e+00,0.000000000000000000e+00,0.000000000000000000e+00,0.000000000000000000e+00,-0.000000000000000000e+00,0.000000000000000000e+00,0.000000000000000000e+00,-0.000000000000000000e+00
-0.000000000000000000e+00,-1.060990281117972778e-01,-3.527715134757974241e-02,-4.610878560597087006e-02,-2.030588086077723675e-01,0.000000000000000000e+00,-1.998128199384262282e-01,-0.000000000000000000e+00,2.824633540230417683e+00,8.453429283050570286e-02,3.096489710818097207e-01,-4.851593946399286872e-01,0.000000000000000000e+00,-6.325137604527976409e-02,-0.000000000000000000e+00,0.000000000000000000e+00,0.000000000000000000e+00,-2.742347477020731783e-01,-0.000000000000000000e+00,-1.279016937740012350e-01,0.000000000000000000e+00,-0.000000000000000000e+00,-0.000000000000000000e+00,-2.607502991972618367e-01,-1.098071120896728925e-01,-1.778491994496029516e-01,-1.819041219109292784e-01,-0.000000000000000000e+00,0.000000000000000000e+00,0.000000000000000000e+00,-0.000000000000000000e+00,-0.000000000000000000e+00,0.000000000000000000e+00,-5.280616734728682538e-02,0.000000000000000000e+00,-0.000000000000000000e+00,-0.000000000000000000e+00,-4.662583026663839614e-01,-3.590201251903294422e-01
0.000000000000000000e+00,-0.000000000000000000e+00,-0.000000000000000000e+00,2.223416094230672158e-01,-0.000000000000000000e+00,-0.000000000000000000e+00,0.000000000000000000e+00,0.000000000000000000e+00,8.453429283050570286e-02,1.707071151601129877e+00,-2.486642070976850458e-02,0.000000000000000000e+00,-2.230405704505576681e-01,-0.000000000000000000e+00,3.472579544783236383e-01,-5.737866587414229835e-01,-0.000000000000000000e+00,0.000000000000000000e+00,-7.507221178485086639e-03,0.000000000000000000e+00,-1.360591954156542271e-01,-0.000000000000000000e+00,-0.000000000000000000e+00,1.550186247902522463e-01,-0.000000000000000000e+00,0.000000000000000000e+00,-0.000000000000000000e+00,-0.000000000000000000e+00,-0.000000000000000000e+00,-0.000000000000000000e+00,-0.000000000000000000e+00,0.000000000000000000e+00,-3.669018677324978328e-01,-0.000000000000000000e+00,-0.000000000000000000e+00,-2.757847270766221673e-02,-0.000000000000000000e+00,0.000000000000000000e+00,0.000000000000000000e+00
0.000000000000000000e+00,0.000000000000000000e+00,0.000000000000000000e+00,3.697944419609339867e-02,0.000000000000000000e+00,-8.218838431023851587e-01,0.000000000000000000e+00,3.439788152150737022e-02,3.096489710818097207e-01,-2.486642070976850458e-02,2.016075382881111544e+00,0.000000000000000000e+00,-0.000000000000000000e+00,0.000000000000000000e+00,3.020792721476089349e-01,0.000000000000000000e+00,-2.428453010479065810e-01,0.000000000000000000e+00,0.000000000000000000e+00,3.044175355236070774e-02,0.000000000000000000e+00,0.000000000000000000e+00,-0.000000000000000000e+00,0.000000000000000000e+00,0.000000000000000000e+00,0.000000000000000000e+00,0.000000000000000000e+00,9.457354074915294562e-02,-0.000000000000000000e+00,-0.000000000000000000e+00,0.000000000000000000e+00,-0.000000000000000000e+00,-0.000000000000000000e+00,0.000000000000000000e+00,-0.000000000000000000e+00,0.000000000000000000e+00,0.000000000000000000e+00,1.541028094407004556e-01,0.000000000000000000e+00
0.000000000000000000e+00,-0.000000000000000000e+00,-0.000000000000000000e+00,-8.212256177738320728e-01,-0.000000000000000000e+00,2.707934197596069056e-02,-4.023706671268559854e-01,-0.000000000000000000e+00,-4.851593946399286872e-01,0.000000000000000000e+00,0.000000000000000000e+00,2.815538537075251035e+00,-0.000000000000000000e+00,-0.000000000000000000e+00,-1.428146417944239910e-01,0.000000000000000000e+00,0.000000000000000000e+00,-1.530173393570808671e-01,-0.000000000000000000e+00,-6.023278295515673529e-04,8.060338435464124707e-02,-0.000000000000000000e+00,-0.000000000000000000e+00,-0.000000000000000000e+00,-0.000000000000000000e+00,-0.000000000000000000e+00,-1.723960122110484300e-02,-0.000000000000000000e+00,1.685666379051304342e-01,0.000000000000000000e+00,0.000000000000000000e+00,-0.000000000000000000e+00,0.000000000000000000e+00,-0.000000000000000000e+00,1.411874309864799837e-01,0.000000000000000000e+00,0.000000000000000000e+00,-3.332540502940992133e-01,-4.553826579896264604e-01
4.491851759424315138e-01,-0.000000000000000000e+00,-0.000000000000000000e+00,0.000000000000000000e+00,-0.000000000000000000e+00,0.000000000000000000e+00,-6.578498843458616130e-02,-0.000000000000000000e+00,0.000000000000000000e+00,-2.230405704505576681e-01,-0.000000000000000000e+00,-0.000000000000000000e+00,2.543780992511093242e+00,-9.742696486740773376e-02,7.682226146120700594e-02,-0.000000000000000000e+00,0.000000000000000000e+00,0.000000000000000000e+00,0.000000000000000000e+00,0.000000000000000000e+00,-0.000000000000000000e+00,-5.686138042428374728e-01,-0.000000000000000000e+00,1.686239382650206731e-01,-1.016006637832049392e-01,0.000000000000000000e+00,-3.075109953055230050e-01,0.000000000000000000e+00,0.000000000000000000e+00,5.868592365014353440e-01,0.000000000000000000e+00,-1.218794993192620461e-02,-2.493525410722045588e-01,-1.002226986126885343e-02,-0.000000000000000000e+00,-3.145558183774395111e-01,-2.091327206972010411e-01,0.000000000000000000e+00,-6.480983827416833543e-02
0.000000000000000000e+00,-1.099067465963684924e-02,-0.000000000000000000e+00,-0.000000000000000000e+00,-3.249575058697464214e-01,0.000000000000000000e+00,-0.000000000000000000e+00,0.000000000000000000e+00,-6.325137604527976409e-02,-0.000000000000000000e+00,0.000000000000000000e+00,-0.000000000000000000e+00,-9.742696486740773376e-02,1.469601561118990984e+00,-0.000000000000000000e+00,0.000000000000000000e+00,-0.000000000000000000e+00,-0.000000000000000000e+00,-0.000000000000000000e+00,-0.000000000000000000e+00,0.000000000000000000e+00,-0.000000000000000000e+00,-7.044139167788958378e-02,-7.140801973542233380e-03,-3.185263281579883143e-01,-0.000000000000000000e+00,-1.953803097959572188e-02,-0.000000000000000000e+00,0.000000000000000000e+00,0.000000000000000000e+00,-0.000000000000000000e+00,-0.000000000000000000e+00,-1.544109333310222931e-01,-1.118181898277476466e-01,-0.000000000000000000e+00,-0.000000000000000000e+00,-3.229305600130508245e-03,-0.000000000000000000e+00,-6.130681537298488665e-02
-0.000000000000000000e+00,-0.000000000000000000e+00,-0.000000000000000000e+00,-0.000000000000000000e+00,0.000000000000000000e+00,0.000000000000000000e+00,-0.000000000000000000e+00,-0.000000000000000000e+00,-0.000000000000000000e+00,3.472579544783236383e-01,3.020792721476089349e-01,-1.428146417944239910e-01,7.682226146120700594e-02,-0.000000000000000000e+00,1.519331452428506202e+00,0.000000000000000000e+00,0.000000000000000000e+00,-0.000000000000000000e+00,0.000000000000000000e+00,-1.190841869723932300e-01,0.000000000000000000e+00,0.000000000000000000e+00,0.000000000000000000e+00,-1.359467092276148981e-01,-0.000000000000000000e+00,-4.261786967184742758e-02,-0.000000000000000000e+00,-8.292168962965505707e-02,0.000000000000000000e+00,-0.000000000000000000e+00,-0.000000000000000000e+00,0.000000000000000000e+00,4.359532412047908284e-02,-0.000000000000000000e+00,2.864194639141056653e-01,0.000000000000000000e+00,0.000000000000000000e+00,-7.175447685808626630e-02,-0.000000000000000000e+00
-1.988282156439267201e-01,-0.000000000000000000e+00,-0.000000000000000000e+00,0.000000000000000000e+00,-0.000000000000000000e+00,-0.000000000000000000e+00,0.000000000000000000e+00,0.000000000000000000e+00,0.000000000000000000e+00,-5.737866587414229835e-01,0.000000000000000000e+00,0.000000000000000000e+00,-0.000000000000000000e+00,0.000000000000000000e+00,0.000000000000000000e+00,1.610632562933064449e+00,-0.000000000000000000e+00,-0.000000000000000000e+00,-1.210296727308174947e-01,0.000000000000000000e+00,-1.181347728369041700e-01,-0.000000000000000000e+00,-2.614607157150735661e-01,-0.000000000000000000e+00,-0.000000000000000000e+00,-0.000000000000000000e+00,-0.000000000000000000e+00,-2.488496369289832921e-01,-2.441229507684989156e-02,-3.752460813090374714e-01,-0.000000000000000000e+00,1.074147810605020903e-01,-0.000000000000000000e+00,0.000000000000000000e+00,-0.000000000000000000e+00,-0.000000000000000000e+00,0.000000000000000000e+00,-0.000000000000000000e+00,0.000000000000000000e+00
-0.000000000000000000e+00,0.000000000000000000e+00,0.000000000000000000e+00,0.000000000000000000e+00,-0.000000000000000000e+00,-4.601937793739748761e-01,0.000000000000000000e+00,0.000000000000000000e+00,0.000000000000000000e+00,-0.000000000000000000e+00,-2.428453010479065810e-01,0.000000000000000000e+00,0.000000000000000000e+00,-0.000000000000000000e+00,0.000000000000000000e+00,-0.000000000000000000e+00,1.456236075167550714e+00,-0.000000000000000000e+00,0.000000000000000000e+00,-0.000000000000000000e+00,0.000000000000000000e+00,0.000000000000000000e+00,-0.000000000000000000e+00,-0.000000000000000000e+00,0.000000000000000000e+00,-0.000000000000000000e+00,0.000000000000000000e+00,-0.000000000000000000e+00,-9.734374284233315855e-02,-2.422044970233005190e-01,0.000000000000000000e+00,-0.000000000000000000e+00,0.000000000000000000e+00,0.000000000000000000e+00,0.000000000000000000e+00,5.238876346694310709e-02,0.000000000000000000e+00,0.000000000000000000e+00,0.000000000000000000e+00
-0.000000000000000000e+00,-0.000000000000000000e+00,-0.000000000000000000e+00,-6.720339847887319973e-01,-1.743567371828152190e-01,0.000000000000000000e+00,-0.000000000000000000e+00,-0.000000000000000000e+00,-2.742347477020731783e-01,0.000000000000000000e+00,0.000000000000000000e+00,-1.530173393570808671e-01,0.000000000000000000e+00,-0.000000000000000000e+00,-0.000000000000000000e+00,-0.000000000000000000e+00,-0.000000000000000000e+00,2.344928240458594271e+00,-6.981745587645580287e-01,-0.000000000000000000e+00,0.000000000000000000e+00,-0.000000000000000000e+00,-0.000000000000000000e+00,-0.000000000000000000e+00,-0.000000000000000000e+00,-0.000000000000000000e+00,-0.000000000000000000e+00,-3.503905939819143556e-01,0.000000000000000000e+00,-0.000000000000000000e+00,-0.000000000000000000e+00,0.000000000000000000e+00,0.000000000000000000e+00,0.000000000000000000e+00,0.000000000000000000e+00,0.000000000000000000e+00,0.000000000000000000e+00,-1.056737250836425335e-01,-0.000000000000000000e+00
-0.000000000000000000e+00,-0.000000000000000000e+00,-1.890343565542308424e-01,-0.000000000000000000e+00,-1.328355351770961201e-01,0.000000000000000000e+00,-0.000000000000000000e+00,0.000000000000000000e+00,-0.000000000000000000e+00,-7.507221178485086639e-03,0.000000000000000000e+00,-0.000000000000000000e+00,0.000000000000000000e+00,-0.000000000000000000e+00,0.000000000000000000e+00,-1.210296727308174947e-01,0.000000000000000000e+00,-6.981745587645580287e-01,1.709702794619336386e+00,-0.000000000000000000e+00,0.000000000000000000e+00,-0.000000000000000000e+00,-0.000000000000000000e+00,-0.000000000000000000e+00,-0.000000000000000000e+00,-0.000000000000000000e+00,-0.000000000000000000e+00,-0.000000000000000000e+00,-0.000000000000000000e+00,-1.438891908979940404e-01,-0.000000000000000000e+00,-0.000000000000000000e+00,-0.000000000000000000e+00,-0.000000000000000000e+00,-0.000000000000000000e+00,0.000000000000000000e+00,-0.000000000000000000e+00,-3.192032865446289280e-01,-0.000000000000000000e+00
0.000000000000000000e+00,-0.000000000000000000e+00,-0.000000000000000000e+00,-3.491318865542848981e-01,-0.000000000000000000e+00,0.000000000000000000e+00,-2.250583026950294663e-01,-0.000000000000000000e+00,-1.279016937740012350e-01,0.000000000000000000e+00,3.044175355236070774e-02,-6.023278295515673529e-04,0.000000000000000000e+00,-0.000000000000000000e+00,-1.190841869723932300e-01,0.000000000000000000e+00,-0.000000000000000000e+00,-0.000000000000000000e+00,-0.000000000000000000e+00,1.631453649604790890e+00,0.000000000000000000e+00,-1.630002620105434341e-01,-0.000000000000000000e+00,-0.000000000000000000e+00,-0.000000000000000000e+00,-0.000000000000000000e+00,-0.000000000000000000e+00,-1.761400676685601074e-01,0.000000000000000000e+00,0.000000000000000000e+00,0.000000000000000000e+00,-4.071632506880427937e-02,0.000000000000000000e+00,-3.160315701406139488e-01,0.000000000000000000e+00,0.000000000000000000e+00,-0.000000000000000000e+00,-0.000000000000000000e+00,-0.000000000000000000e+00
0.000000000000000000e+00,0.000000000000000000e+00,0.000000000000000000e+00,0.000000000000000000e+00,0.000000000000000000e+00,0.000000000000000000e+00,0.000000000000000000e+00,-8.739558580658773890e-02,0.000000000000000000e+00,-1.360591954156542271e-01,0.000000000000000000e+00,8.060338435464124707e-02,-0.000000000000000000e+00,0.000000000000000000e+00,0.000000000000000000e+00,-1.181347728369041700e-01,0.000000000000000000e+00,0.000000000000000000e+00,0.000000000000000000e+00,0.000000000000000000e+00,1.335379722015339832e+00,-4.350227740266126020e-01,-0.000000000000000000e+00,0.000000000000000000e+00,0.000000000000000000e+00,0.000000000000000000e+00,0.000000000000000000e+00,-0.000000000000000000e+00,-0.000000000000000000e+00,0.000000000000000000e+00,1.010318348848906755e-01,0.000000000000000000e+00,-2.661483242753646672e-01,0.000000000000000000e+00,-0.000000000000000000e+00,-3.848930990846776562e-02,-0.000000000000000000e+00,0.000000000000000000e+00,0.000000000000000000e+00
6.560590319261930259e-02,-0.000000000000000000e+00,-0.000000000000000000e+00,-0.000000000000000000e+00,-0.000000000000000000e+00,0.000000000000000000e+00,-4.333467209217617411e-01,-0.000000000000000000e+00,-0.000000000000000000e+00,-0.000000000000000000e+00,0.000000000000000000e+00,-0.000000000000000000e+00,-5.686138042428374728e-01,-0.000000000000000000e+00,0.000000000000000000e+00,-0.000000000000000000e+00,0.000000000000000000e+00,-0.000000000000000000e+00,-0.000000000000000000e+00,-1.630002620105434341e-01,-4.350227740266126020e-01,2.019627774490067473e+00,-3.895497718149448785e-02,0.000000000000000000e+00,-0.000000000000000000e+00,0.000000000000000000e+00,-0.000000000000000000e+00,-0.000000000000000000e+00,0.000000000000000000e+00,0.000000000000000000e+00,0.000000000000000000e+00,-4.903982561277316771e-02,-1.427128008008172189e-01,-1.494896709676027113e-01,-0.000000000000000000e+00,-3.070611378201535541e-02,-0.000000000000000000e+00,0.000000000000000000e+00,-1.734304352307733665e-01
-0.000000000000000000e+00,-1.364281324080523772e-01,-2.074548253641922690e-01,-0.000000000000000000e+00,-1.447498957999585056e-01,-0.000000000000000000e+00,-0.000000000000000000e+00,0.000000000000000000e+00,-0.000000000000000000e+00,-0.000000000000000000e+00,-0.000000000000000000e+00,-0.000000000000000000e+00,-0.000000000000000000e+00,-7.044139167788958378e-02,0.000000000000000000e+00,-2.614607157150735661e-01,-0.000000000000000000e+00,-0.000000000000000000e+00,-0.000000000000000000e+00,-0.000000000000000000e+00,-0.000000000000000000e+00,-3.895497718149448785e-02,1.623621261732521859e+00,-0.000000000000000000e+00,-1.777648261474037428e-01,-9.668249698293720010e-03,-7.556374922605736677e-02,-1.636360272322900100e-01,-0.000000000000000000e+00,-0.000000000000000000e+00,-0.000000000000000000e+00,-0.000000000000000000e+00,-0.000000000000000000e+00,-0.000000000000000000e+00,-3.460395924406695634e-01,-0.000000000000000000e+00,-1.526205416106939383e-01,-0.000000000000000000e+00,-0.000000000000000000e+00
-6.827963554815297265e-02,-0.000000000000000000e+00,-0.000000000000000000e+00,-0.000000000000000000e+00,-0.000000000000000000e+00,0.000000000000000000e+00,0.000000000000000000e+00,0.000000000000000000e+00,-2.607502991972618367e-01,1.550186247902522463e-01,0.000000000000000000e+00,-0.000000000000000000e+00,1.686239382650206731e-01,-7.140801973542233380e-03,-1.359467092276148981e-01,-0.000000000000000000e+00,-0.000000000000000000e+00,-0.000000000000000000e+00,-0.000000000000000000e+00,-0.000000000000000000e+00,0.000000000000000000e+00,0.000000000000000000e+00,-0.000000000000000000e+00,1.346568484754433692e+00,-0.000000000000000000e+00,-1.245949085230413506e-01,0.000000000000000000e+00,-0.000000000000000000e+00,-0.000000000000000000e+00,-1.170996420914707792e-01,-0.000000000000000000e+00,-0.000000000000000000e+00,0.000000000000000000e+00,-0.000000000000000000e+00,0.000000000000000000e+00,1.592365359316335049e-01,0.000000000000000000e+00,-1.211292451159090289e-01,-0.000000000000000000e+00
0.000000000000000000e+00,-0.000000000000000000e+00,-5.923967563542383713e-02,-0.000000000000000000e+00,-0.000000000000000000e+00,0.000000000000000000e+00,-3.190164284628820707e-02,-0.000000000000000000e+00,-1.098071120896728925e-01,-0.000000000000000000e+00,0.000000000000000000e+00,-0.000000000000000000e+00,-1.016006637832049392e-01,-3.185263281579883143e-01,-0.000000000000000000e+00,-0.000000000000000000e+00,0.000000000000000000e+00,-0.000000000000000000e+00,-0.000000000000000000e+00,-0.000000000000000000e+00,0.000000000000000000e+00,-0.000000000000000000e+00,-1.777648261474037428e-01,-0.000000000000000000e+00,1.441436767438277311e+00,-0.000000000000000000e+00,-1.736903931711911986e-01,-0.000000000000000000e+00,0.000000000000000000e+00,0.000000000000000000e+00,-0.000000000000000000e+00,-0.000000000000000000e+00,-6.619619877255333851e-02,-1.125937380925545600e-01,-0.000000000000000000e+00,-0.000000000000000000e+00,-8.490624154467024676e-02,-0.000000000000000000e+00,-0.000000000000000000e+00
-6.745868002486485882e-01,-2.447768858592173080e-01,-1.271284485062081082e-02,-0.000000000000000000e+00,-0.000000000000000000e+00,-0.000000000000000000e+00,0.000000000000000000e+00,0.000000000000000000e+00,-1.778491994496029516e-01,0.000000000000000000e+00,0.000000000000000000e+00,-0.000000000000000000e+00,0.000000000000000000e+00,-0.000000000000000000e+00,-4.261786967184742758e-02,-0.000000000000000000e+00,-0.000000000000000000e+00,-0.000000000000000000e+00,-0.000000000000000000e+00,-0.000000000000000000e+00,0.000000000000000000e+00,0.000000000000000000e+00,-9.668249698293720010e-03,-1.245949085230413506e-01,-0.000000000000000000e+00,2.580115931723464762e+00,-8.671782645547088109e-02,-8.881375333479967216e-01,-0.000000000000000000e+00,-0.000000000000000000e+00,-5.734516031964915772e-01,0.000000000000000000e+00,0.000000000000000000e+00,0.000000000000000000e+00,-0.000000000000000000e+00,-0.000000000000000000e+00,-0.000000000000000000e+00,-2.443976369274762916e-01,-0.000000000000000000e+00
0.000000000000000000e+00,-7.711997710557934038e-01,-4.085044929653595253e-02,-0.000000000000000000e+00,-0.000000000000000000e+00,0.000000000000000000e+00,-2.743871529000503351e-01,-0.000000000000000000e+00,-1.819041219109292784e-01,-0.000000000000000000e+00,0.000000000000000000e+00,-1.723960122110484300e-02,-3.075109953055230050e-01,-1.953803097959572188e-02,-0.000000000000000000e+00,-0.000000000000000000e+00,0.000000000000000000e+00,-0.000000000000000000e+00,-0.000000000000000000e+00,-0.000000000000000000e+00,0.000000000000000000e+00,-0.000000000000000000e+00,-7.556374922605736677e-02,0.000000000000000000e+00,-1.736903931711911986e-01,-8.671782645547088109e-02,2.414885797127350298e+00,-0.000000000000000000e+00,3.151027082935890788e-02,0.000000000000000000e+00,-3.175870539801275427e-01,-0.000000000000000000e+00,-0.000000000000000000e+00,-0.000000000000000000e+00,-0.000000000000000000e+00,-1.924448511183183066e-02,-1.148471471554661644e-01,-0.000000000000000000e+00,-3.530050709338253823e-01
-3.851520293413253360e-02,-0.000000000000000000e+00,-0.000000000000000000e+00,-0.000000000000000000e+00,-0.000000000000000000e+00,-0.000000000000000000e+00,-0.000000000000000000e+00,-0.000000000000000000e+00,-0.000000000000000000e+00,-0.000000000000000000e+00,9.457354074915294562e-02,-0.000000000000000000e+00,0.000000000000000000e+00,-0.000000000000000000e+00,-8.292168962965505707e-02,-2.488496369289832921e-01,-0.000000000000000000e+00,-3.503905939819143556e-01,-0.000000000000000000e+00,-1.761400676685601074e-01,-0.000000000000000000e+00,-0.000000000000000000e+00,-1.636360272322900100e-01,-0.000000000000000000e+00,-0.000000000000000000e+00,-8.881375333479967216e-01,-0.000000000000000000e+00,2.036855070011906133e+00,-0.000000000000000000e+00,-0.000000000000000000e+00,-3.717225980480066277e-02,0.000000000000000000e+00,0.000000000000000000e+00,0.000000000000000000e+00,-0.000000000000000000e+00,-0.000000000000000000e+00,-0.000000000000000000e+00,-8.314008344428902575e-02,-0.000000000000000000e+00
-3.408201895656548519e-01,0.000000000000000000e+00,-0.000000000000000000e+00,0.000000000000000000e+00,-0.000000000000000000e+00,-4.302008380443164692e-01,5.438650330195792248e-01,6.114606303675996363e-02,0.000000000000000000e+00,-0.000000000000000000e+00,-0.000000000000000000e+00,1.685666379051304342e-01,0.000000000000000000e+00,0.000000000000000000e+00,0.000000000000000000e+00,-2.441229507684989156e-02,-9.734374284233315855e-02,0.000000000000000000e+00,-0.000000000000000000e+00,0.000000000000000000e+00,-0.000000000000000000e+00,0.000000000000000000e+00,-0.000000000000000000e+00,-0.000000000000000000e+00,0.000000000000000000e+00,-0.000000000000000000e+00,3.151027082935890788e-02,-0.000000000000000000e+00,2.126159366018221863e+00,-3.557433848017923506e-01,-0.000000000000000000e+00,-0.000000000000000000e+00,-0.000000000000000000e+00,0.000000000000000000e+00,-0.000000000000000000e+00,0.000000000000000000e+00,-0.000000000000000000e+00,0.000000000000000000e+00,2.619274980732044789e-01
-6.059505139625855907e-01,0.000000000000000000e+00,-0.000000000000000000e+00,0.000000000000000000e+00,0.000000000000000000e+00,-0.000000000000000000e+00,1.358095136034878081e-01,9.648197096016696006e-02,0.000000000000000000e+00,-0.000000000000000000e+00,-0.000000000000000000e+00,0.000000000000000000e+00,5.868592365014353440e-01,0.000000000000000000e+00,-0.000000000000000000e+00,-3.752460813090374714e-01,-2.422044970233005190e-01,-0.000000000000000000e+00,-1.438891908979940404e-01,0.000000000000000000e+00,0.000000000000000000e+00,0.000000000000000000e+00,-0.000000000000000000e+00,-1.170996420914707792e-01,0.000000000000000000e+00,-0.000000000000000000e+00,0.000000000000000000e+00,-0.000000000000000000e+00,-3.557433848017923506e-01,2.210603774465567106e+00,-0.000000000000000000e+00,5.586559150932533108e-02,0.000000000000000000e+00,0.000000000000000000e+00,0.000000000000000000e+00,0.000000000000000000e+00,1.106168260628565408e-01,-0.000000000000000000e+00,0.000000000000000000e+00
-1.774371395157678388e-02,-1.446894283636553369e-01,-1.329637566704461316e-01,0.000000000000000000e+00,-0.000000000000000000e+00,-0.000000000000000000e+00,0.000000000000000000e+00,9.552343590138313856e-02,-0.000000000000000000e+00,-0.000000000000000000e+00,0.000000000000000000e+00,0.000000000000000000e+00,0.000000000000000000e+00,-0.000000000000000000e+00,-0.000000000000000000e+00,-0.000000000000000000e+00,0.000000000000000000e+00,-0.000000000000000000e+00,-0.000000000000000000e+00,0.000000000000000000e+00,1.010318348848906755e-01,0.000000000000000000e+00,-0.000000000000000000e+00,-0.000000000000000000e+00,-0.000000000000000000e+00,-5.734516031964915772e-01,-3.175870539801275427e-01,-3.717225980480066277e-02,-0.000000000000000000e+00,-0.000000000000000000e+00,1.587786118322326079e+00,-0.000000000000000000e+00,0.000000000000000000e+00,-0.000000000000000000e+00,-8.448920425260533773e-02,-0.000000000000000000e+00,-1.842887112101242522e-02,-0.000000000000000000e+00,-0.000000000000000000e+00
0.000000000000000000e+00,-0.000000000000000000e+00,-0.000000000000000000e+00,-0.000000000000000000e+00,-2.905281517655214016e-02,-0.000000000000000000e+00,-0.000000000000000000e+00,0.000000000000000000e+00,-0.000000000000000000e+00,0.000000000000000000e+00,-0.000000000000000000e+00,-0.000000000000000000e+00,-1.218794993192620461e-02,-0.000000000000000000e+00,0.000000000000000000e+00,1.074147810605020903e-01,-0.000000000000000000e+00,0.000000000000000000e+00,-0.000000000000000000e+00,-4.071632506880427937e-02,0.000000000000000000e+00,-4.903982561277316771e-02,-0.000000000000000000e+00,-0.000000000000000000e+00,-0.000000000000000000e+00,0.000000000000000000e+00,-0.000000000000000000e+00,0.000000000000000000e+00,-0.000000000000000000e+00,5.586559150932533108e-02,-0.000000000000000000e+00,1.272524942729416741e+00,-0.000000000000000000e+00,-4.595527173700160173e-01,-6.482845809523887781e-02,-8.848588860298265898e-03,-7.432035688017048225e-02,0.000000000000000000e+00,-0.000000000000000000e+00
0.000000000000000000e+00,0.000000000000000000e+00,-4.716303992691493474e-01,1.401568928912000078e-01,-0.000000000000000000e+00,-0.000000000000000000e+00,0.000000000000000000e+00,0.000000000000000000e+00,0.000000000000000000e+00,-3.669018677324978328e-01,-0.000000000000000000e+00,0.000000000000000000e+00,-2.493525410722045588e-01,-1.544109333310222931e-01,4.359532412047908284e-02,-0.000000000000000000e+00,0.000000000000000000e+00,0.000000000000000000e+00,-0.000000000000000000e+00,0.000000000000000000e+00,-2.661483242753646672e-01,-1.427128008008172189e-01,-0.000000000000000000e+00,0.000000000000000000e+00,-6.619619877255333851e-02,0.000000000000000000e+00,-0.000000000000000000e+00,0.000000000000000000e+00,-0.000000000000000000e+00,0.000000000000000000e+00,0.000000000000000000e+00,-0.000000000000000000e+00,1.765493887255135563e+00,-1.546446200941382909e-01,-1.243306692701049154e-01,-0.000000000000000000e+00,-0.000000000000000000e+00,0.000000000000000000e+00,0.000000000000000000e+00
0.000000000000000000e+00,-0.000000000000000000e+00,-0.000000000000000000e+00,-0.000000000000000000e+00,-4.040952511408876235e-01,0.000000000000000000e+00,-0.000000000000000000e+00,0.000000000000000000e+00,-5.280616734728682538e-02,-0.000000000000000000e+00,0.000000000000000000e+00,-0.000000000000000000e+00,-1.002226986126885343e-02,-1.118181898277476466e-01,-0.000000000000000000e+00,0.000000000000000000e+00,0.000000000000000000e+00,0.000000000000000000e+00,-0.000000000000000000e+00,-3.160315701406139488e-01,0.000000000000000000e+00,-1.494896709676027113e-01,-0.000000000000000000e+00,-0.000000000000000000e+00,-1.125937380925545600e-01,0.000000000000000000e+00,-0.000000000000000000e+00,0.000000000000000000e+00,0.000000000000000000e+00,0.000000000000000000e+00,-0.000000000000000000e+00,-4.595527173700160173e-01,-1.546446200941382909e-01,1.825488377029792053e+00,-0.000000000000000000e+00,-0.000000000000000000e+00,-0.000000000000000000e+00,-0.000000000000000000e+00,-1.921889406956766577e-01
-0.000000000000000000e+00,-0.000000000000000000e+00,-0.000000000000000000e+00,8.260898921547496498e-02,-0.000000000000000000e+00,-1.930039874813187228e-01,0.000000000000000000e+00,0.000000000000000000e+00,0.000000000000000000e+00,-0.000000000000000000e+00,-0.000000000000000000e+00,1.411874309864799837e-01,-0.000000000000000000e+00,-0.000000000000000000e+00,2.864194639141056653e-01,-0.000000000000000000e+00,0.000000000000000000e+00,0.000000000000000000e+00,-0.000000000000000000e+00,0.000000000000000000e+00,-0.000000000000000000e+00,-0.000000000000000000e+00,-3.460395924406695634e-01,0.000000000000000000e+00,-0.000000000000000000e+00,-0.000000000000000000e+00,-0.000000000000000000e+00,-0.000000000000000000e+00,-0.000000000000000000e+00,0.000000000000000000e+00,-8.448920425260533773e-02,-6.482845809523887781e-02,-1.243306692701049154e-01,-0.000000000000000000e+00,1.946507952092518590e+00,-8.331945571968671360e-02,-9.601077606079232440e-01,0.000000000000000000e+00,0.000000000000000000e+00
0.000000000000000000e+00,-2.923923616971922379e-01,-0.000000000000000000e+00,0.000000000000000000e+00,-0.000000000000000000e+00,0.000000000000000000e+00,-0.000000000000000000e+00,-0.000000000000000000e+00,-0.000000000000000000e+00,-2.757847270766221673e-02,0.000000000000000000e+00,0.000000000000000000e+00,-3.145558183774395111e-01,-0.000000000000000000e+00,0.000000000000000000e+00,-0.000000000000000000e+00,5.238876346694310709e-02,0.000000000000000000e+00,0.000000000000000000e+00,0.000000000000000000e+00,-3.848930990846776562e-02,-3.070611378201535541e-02,-0.000000000000000000e+00,1.592365359316335049e-01,-0.000000000000000000e+00,-0.000000000000000000e+00,-1.924448511183183066e-02,-0.000000000000000000e+00,0.000000000000000000e+00,0.000000000000000000e+00,-0.000000000000000000e+00,-8.848588860298265898e-03,-0.000000000000000000e+00,-0.000000000000000000e+00,-8.331945571968671360e-02,1.386121082881140776e+00,-1.734276861660759006e-01,0.000000000000000000e+00,-0.000000000000000000e+00
0.000000000000000000e+00,-5.292297501332896004e-02,-0.000000000000000000e+00,0.000000000000000000e+00,-5.835464358183396066e-02,-0.000000000000000000e+00,-0.000000000000000000e+00,0.000000000000000000e+00,-0.000000000000000000e+00,-0.000000000000000000e+00,0.000000000000000000e+00,0.000000000000000000e+00,-2.091327206972010411e-01,-3.229305600130508245e-03,0.000000000000000000e+00,0.000000000000000000e+00,0.000000000000000000e+00,0.000000000000000000e+00,-0.000000000000000000e+00,-0.000000000000000000e+00,-0.000000000000000000e+00,-0.000000000000000000e+00,-1.526205416106939383e-01,0.000000000000000000e+00,-8.490624154467024676e-02,-0.000000000000000000e+00,-1.148471471554661644e-01,-0.000000000000000000e+00,-0.000000000000000000e+00,1.106168260628565408e-01,-1.842887112101242522e-02,-7.432035688017048225e-02,-0.000000000000000000e+00,-0.000000000000000000e+00,-9.601077606079232440e-01,-1.734276861660759006e-01,1.935615405133944034e+00,-0.000000000000000000e+00,-0.000000000000000000e+00
-3.900603331152864284e-01,-0.000000000000000000e+00,-6.387194829992995371e-02,-8.327663788605182971e-02,-0.000000000000000000e+00,0.000000000000000000e+00,-0.000000000000000000e+00,0.000000000000000000e+00,-4.662583026663839614e-01,0.000000000000000000e+00,1.541028094407004556e-01,-3.332540502940992133e-01,0.000000000000000000e+00,-0.000000000000000000e+00,-7.175447685808626630e-02,-0.000000000000000000e+00,0.000000000000000000e+00,-1.056737250836425335e-01,-3.192032865446289280e-01,-0.000000000000000000e+00,0.000000000000000000e+00,0.000000000000000000e+00,-0.000000000000000000e+00,-1.211292451159090289e-01,-0.000000000000000000e+00,-2.443976369274762916e-01,-0.000000000000000000e+00,-8.314008344428902575e-02,0.000000000000000000e+00,-0.000000000000000000e+00,-0.000000000000000000e+00,0.000000000000000000e+00,0.000000000000000000e+00,-0.000000000000000000e+00,0.000000000000000000e+00,0.000000000000000000e+00,-0.000000000000000000e+00,2.237072778613896418e+00,-1.793796109370811853e-01
0.000000000000000000e+00,-2.728486566363618748e-01,-0.000000000000000000e+00,-0.000000000000000000e+00,-0.000000000000000000e+00,5.726891728216993993e-01,-1.569458680410164009e-01,-0.000000000000000000e+00,-3.590201251903294422e-01,0.000000000000000000e+00,0.000000000000000000e+00,-4.553826579896264604e-01,-6.480983827416833543e-02,-6.130681537298488665e-02,-0.000000000000000000e+00,0.000000000000000000e+00,0.000000000000000000e+00,-0.000000000000000000e+00,-0.000000000000000000e+00,-0.000000000000000000e+00,0.000000000000000000e+00,-1.734304352307733665e-01,-0.000000000000000000e+00,-0.000000000000000000e+00,-0.000000000000000000e+00,-0.000000000000000000e+00,-3.530050709338253823e-01,-0.000000000000000000e+00,2.619274980732044789e-01,0.000000000000000000e+00,-0.000000000000000000e+00,-0.000000000000000000e+00,0.000000000000000000e+00,-1.921889406956766577e-01,0.000000000000000000e+00,-0.000000000000000000e+00,-0.000000000000000000e+00,-1.793796109370811853e-01,2.702721150026544006e+00
