2.351633560161777048e+00,-2.658977319928080840e-01,-0.000000000000000000e+00,0.000000000000000000e+00,-0.000000000000000000e+00,-0.000000000000000000e+00,-0.000000000000000000e+00,0.000000000000000000e+00,-1.333483157332800706e-01,-0.000000000000000000e+00,-0.000000000000000000e+00,0.000000000000000000e+00,0.000000000000000000e+00,-5.533651586209730171e-04,-0.000000000000000000e+00,-1.619112828974133278e-01,-0.000000000000000000e+00,-0.000000000000000000e+00,0.000000000000000000e+00,-0.000000000000000000e+00,-7.119980361768375732e-02,0.000000000000000000e+00,-0.000000000000000000e+00,-6.854481231421513665e-02,-0.000000000000000000e+00,-8.026665571243797592e-02,0.000000000000000000e+00,-3.177830970400222915e-02,-2.149867994521752201e-01,-6.823352135805262897e-01,-0.000000000000000000e+00,-0.000000000000000000e+00,-0.000000000000000000e+00,-0.000000000000000000e+00,-0.000000000000000000e+00,-0.000000000000000000e+00,-0.000000000000000000e+00,-8.403837689988308268e-01,-0.000000000000000000e+00
-2.658977319928080840e-01,1.667626151792278577e+00,0.000000000000000000e+00,-0.000000000000000000e+00,0.000000000000000000e+00,-0.000000000000000000e+00,0.000000000000000000e+00,-0.000000000000000000e+00,-1.927213661747622653e-01,-0.000000000000000000e+00,-0.000000000000000000e+00,-0.000000000000000000e+00,-0.000000000000000000e+00,-0.000000000000000000e+00,0.000000000000000000e+00,-1.299892130247824740e-01,-0.000000000000000000e+00,-0.000000000000000000e+00,-0.000000000000000000e+00,0.000000000000000000e+00,-1.318970787759923824e-01,-3.208262249065191307e-02,-1.224582061767542918e-01,-1.706053806050199587e-02,-0.000000000000000000e+00,0.000000000000000000e+00,-0.000000000000000000e+00,-0.000000000000000000e+00,-0.000000000000000000e+00,-0.000000000000000000e+00,-0.000000000000000000e+00,-3.003561264945088793e-01,-0.000000000000000000e+00,-0.000000000000000000e+00,0.000000000000000000e+00,0.000000000000000000e+00,-0.000000000000000000e+00,-0.000000000000000000e+00,-5.197748341811562200e-01
-0.000000000000000000e+00,0.000000000000000000e+00,3.097451009805718858e+00,-0.000000000000000000e+00,-4.388263075207976538e-01,-0.000000000000000000e+00,0.000000000000000000e+00,1.465160690026346968e+00,-5.404136915618541065e-02,0.000000000000000000e+00,-0.000000000000000000e+00,0.000000000000000000e+00,2.215342934262290175e-01,-1.948975857851640014e-01,0.000000000000000000e+00,0.000000000000000000e+00,-1.710518009375625384e-02,0.000000000000000000e+00,0.000000000000000000e+00,-2.728758198131750815e-02,-0.000000000000000000e+00,0.000000000000000000e+00,-0.000000000000000000e+00,-0.000000000000000000e+00,-0.000000000000000000e+00,-4.515372444349342596e-01,-8.015499750626189912e-02,-0.000000000000000000e+00,-0.000000000000000000e+00,-0.000000000000000000e+00,-3.460568703518196454e-01,-0.000000000000000000e+00,-0.000000000000000000e+00,-0.000000000000000000e+00,-0.000000000000000000e+00,-0.000000000000000000e+00,-0.000000000000000000e+00,-0.000000000000000000e+00,0.000000000000000000e+00
0.000000000000000000e+00,-0.000000000000000000e+00,-0.000000000000000000e+00,1.095353797928559914e+00,-7.727364108421439816e-03,0.000000000000000000e+00,-3.024941946336298093e-01,0.000000000000000000e+00,0.000000000000000000e+00,-0.000000000000000000e+00,-0.000000000000000000e+00,-0.000000000000000000e+00,0.000000000000000000e+00,0.000000000000000000e+00,0.000000000000000000e+00,-0.000000000000000000e+00,-4.259112873431616236e-02,-1.012023923293040029e-01,-0.000000000000000000e+00,0.000000000000000000e+00,0.000000000000000000e+00,-0.000000000000000000e+00,-0.000000000000000000e+00,0.000000000000000000e+00,-0.000000000000000000e+00,0.000000000000000000e+00,0.000000000000000000e+00,0.000000000000000000e+00,0.000000000000000000e+00,-0.000000000000000000e+00,-0.000000000000000000e+00,0.000000000000000000e+00,0.000000000000000000e+00,-0.000000000000000000e+00,0.000000000000000000e+00,-1.621380531226911809e-02,0.000000000000000000e+00,0.000000000000000000e+00,-0.000000000000000000e+00
-0.000000000000000000e+00,0.000000000000000000e+00,-4.388263075207976538e-01,-7.727364108421439816e-03,1.919427612758795698e+00,-0.000000000000000000e+00,-0.000000000000000000e+00,4.106510647144023252e-01,-2.084543006666579046e-01,-0.000000000000000000e+00,0.000000000000000000e+00,0.000000000000000000e+00,1.728456445224170746e-01,-0.000000000000000000e+00,0.000000000000000000e+00,-0.000000000000000000e+00,-0.000000000000000000e+00,-0.000000000000000000e+00,-0.000000000000000000e+00,-0.000000000000000000e+00,0.000000000000000000e+00,5.746691681951124342e-02,-0.000000000000000000e+00,-0.000000000000000000e+00,-0.000000000000000000e+00,-0.000000000000000000e+00,-0.000000000000000000e+00,-0.000000000000000000e+00,-0.000000000000000000e+00,-1.870612982251360357e-01,-1.260987387962259065e-01,-0.000000000000000000e+00,0.000000000000000000e+00,-2.989644721232233016e-01,-0.000000000000000000e+00,-1.091067743542130514e-01,-0.000000000000000000e+00,-0.000000000000000000e+00,0.000000000000000000e+00
-0.000000000000000000e+00,-0.000000000000000000e+00,-0.000000000000000000e+00,0.000000000000000000e+00,-0.000000000000000000e+00,2.423788667481652226e+00,-0.000000000000000000e+00,0.000000000000000000e+00,-0.000000000000000000e+00,0.000000000000000000e+00,-2.575730555892878290e-02,0.000000000000000000e+00,-0.000000000000000000e+00,-0.000000000000000000e+00,2.201009325252730742e-01,0.000000000000000000e+00,-8.404409211794469647e-02,7.653636576450573159e-02,9.922077929590154832e-02,0.000000000000000000e+00,-0.000000000000000000e+00,0.000000000000000000e+00,-1.730230621160181240e-02,-1.170275538184586184e+00,-5.894947706891585232e-02,-0.000000000000000000e+00,-3.193727634587349706e-02,-1.420190181968308644e-02,-2.343350728773553326e-01,-0.000000000000000000e+00,0.000000000000000000e+00,-7.639202295365700446e-02,-2.274873478232111168e-01,5.578442590005480706e-02,-0.000000000000000000e+00,-0.000000000000000000e+00,-2.553308138097696856e-01,0.000000000000000000e+00,0.000000000000000000e+00
-0.000000000000000000e+00,0.000000000000000000e+00,0.000000000000000000e+00,-3.024941946336298093e-01,-0.000000000000000000e+00,-0.000000000000000000e+00,1.733264146562778496e+00,-0.000000000000000000e+00,8.479806486944709704e-03,0.000000000000000000e+00,-0.000000000000000000e+00,6.731376947243222775e-01,-2.933985468205880243e-01,3.448432729206082903e-02,0.000000000000000000e+00,0.000000000000000000e+00,-1.323971753139923102e-01,-0.000000000000000000e+00,0.000000000000000000e+00,2.373501233731188931e-01,1.065970327305250376e-01,-0.000000000000000000e+00,-0.000000000000000000e+00,-0.000000000000000000e+00,-0.000000000000000000e+00,-0.000000000000000000e+00,2.161826441520049158e-01,0.000000000000000000e+00,-0.000000000000000000e+00,-0.000000000000000000e+00,-0.000000000000000000e+00,1.617887730594201046e-01,-0.000000000000000000e+00,-0.000000000000000000e+00,0.000000000000000000e+00,-4.502389352317696242e-02,0.000000000000000000e+00,0.000000000000000000e+00,0.000000000000000000e+00
0.000000000000000000e+00,-0.000000000000000000e+00,1.465160690026346968e+00,0.000000000000000000e+00,4.106510647144023252e-01,0.000000000000000000e+00,-0.000000000000000000e+00,3.051298342113430984e+00,3.023327174408246137e-02,-0.000000000000000000e+00,0.000000000000000000e+00,-0.000000000000000000e+00,-1.548981516337753495e-01,1.990535367437304415e-01,-0.000000000000000000e+00,-0.000000000000000000e+00,0.000000000000000000e+00,-0.000000000000000000e+00,-0.000000000000000000e+00,1.550872299902892291e-02,0.000000000000000000e+00,-0.000000000000000000e+00,0.000000000000000000e+00,0.000000000000000000e+00,0.000000000000000000e+00,4.409063424593992475e-01,2.042922919426454209e-02,0.000000000000000000e+00,0.000000000000000000e+00,0.000000000000000000e+00,3.504606942846924533e-01,0.000000000000000000e+00,0.000000000000000000e+00,0.000000000000000000e+00,1.159117831774316570e-01,0.000000000000000000e+00,0.000000000000000000e+00,0.000000000000000000e+00,-0.000000000000000000e+00
-1.333483157332800706e-01,-1.927213661747622653e-01,-5.404136915618541065e-02,0.000000000000000000e+00,-2.084543006666579046e-01,-0.000000000000000000e+00,8.479806486944709704e-03,3.023327174408246137e-02,1.793425981255081014e+00,-1.423839859285462323e-03,0.000000000000000000e+00,-0.000000000000000000e+00,0.000000000000000000e+00,-3.412330196001049365e-01,0.000000000000000000e+00,-3.011638203515525081e-02,-0.000000000000000000e+00,-0.000000000000000000e+00,-0.000000000000000000e+00,-0.000000000000000000e+00,-0.000000000000000000e+00,0.000000000000000000e+00,-5.617741794984312115e-02,-0.000000000000000000e+00,-8.178282791993410350e-02,-4.049114389689411481e-02,-0.000000000000000000e+00,-0.000000000000000000e+00,-0.000000000000000000e+00,-2.169095542378534081e-01,-0.000000000000000000e+00,-1.877119972268185069e-02,0.000000000000000000e+00,-0.000000000000000000e+00,-0.000000000000000000e+00,-0.000000000000000000e+00,-0.000000000000000000e+00,-2.100518439599446674e-01,-2.125668140199463152e-01
-0.000000000000000000e+00,-0.000000000000000000e+00,0.000000000000000000e+00,-0.000000000000000000e+00,-0.000000000000000000e+00,0.000000000000000000e+00,0.000000000000000000e+00,-0.000000000000000000e+00,-1.423839859285462323e-03,2.525814128314754825e+00,1.002421967239648243e-01,-0.000000000000000000e+00,0.000000000000000000e+00,-0.000000000000000000e+00,-0.000000000000000000e+00,-1.236416353036765337e+00,0.000000000000000000e+00,-0.000000000000000000e+00,-0.000000000000000000e+00,0.000000000000000000e+00,0.000000000000000000e+00,-0.000000000000000000e+00,-3.568753809004241995e-01,-0.000000000000000000e+00,-3.398463254480361129e-01,0.000000000000000000e+00,0.000000000000000000e+00,0.000000000000000000e+00,0.000000000000000000e+00,-0.000000000000000000e+00,-0.000000000000000000e+00,0.000000000000000000e+00,0.000000000000000000e+00,-1.511443251994549486e-01,4.837682520870446867e-02,-1.685009350656830884e-01,0.000000000000000000e+00,-0.000000000000000000e+00,-3.220217842613732340e-01
-0.000000000000000000e+00,-0.000000000000000000e+00,-0.000000000000000000e+00,-0.000000000000000000e+00,0.000000000000000000e+00,-2.575730555892878290e-02,-0.000000000000000000e+00,0.000000000000000000e+00,0.000000000000000000e+00,1.002421967239648243e-01,1.114003701633502486e+00,2.175437068857822842e-01,-0.000000000000000000e+00,0.000000000000000000e+00,0.000000000000000000e+00,0.000000000000000000e+00,-1.631829021237575783e-01,0.000000000000000000e+00,0.000000000000000000e+00,0.000000000000000000e+00,0.000000000000000000e+00,0.000000000000000000e+00,-0.000000000000000000e+00,-0.000000000000000000e+00,0.000000000000000000e+00,-0.000000000000000000e+00,-0.000000000000000000e+00,-0.000000000000000000e+00,-0.000000000000000000e+00,0.000000000000000000e+00,0.000000000000000000e+00,-0.000000000000000000e+00,-1.043717923443037571e-01,0.000000000000000000e+00,-0.000000000000000000e+00,0.000000000000000000e+00,-0.000000000000000000e+00,0.000000000000000000e+00,0.000000000000000000e+00
0.000000000000000000e+00,-0.000000000000000000e+00,0.000000000000000000e+00,-0.000000000000000000e+00,0.000000000000000000e+00,0.000000000000000000e+00,6.731376947243222775e-01,-0.000000000000000000e+00,-0.000000000000000000e+00,-0.000000000000000000e+00,2.175437068857822842e-01,1.745931363871441322e+00,0.000000000000000000e+00,0.000000000000000000e+00,-0.000000000000000000e+00,-0.000000000000000000e+00,0.000000000000000000e+00,0.000000000000000000e+00,-3.451216171978045422e-01,-0.000000000000000000e+00,-0.000000000000000000e+00,-1.074033534976957666e-01,0.000000000000000000e+00,0.000000000000000000e+00,0.000000000000000000e+00,2.506500695123470290e-01,-0.000000000000000000e+00,1.108991263899536672e-01,1.123730413438454867e-02,6.907490436137433965e-02,-0.000000000000000000e+00,-1.550400011337083050e-02,0.000000000000000000e+00,-0.000000000000000000e+00,0.000000000000000000e+00,0.000000000000000000e+00,-0.000000000000000000e+00,0.000000000000000000e+00,-4.880905948070819456e-01
0.000000000000000000e+00,-0.000000000000000000e+00,2.215342934262290175e-01,0.000000000000000000e+00,1.728456445224170746e-01,-0.000000000000000000e+00,-2.933985468205880243e-01,-1.548981516337753495e-01,0.000000000000000000e+00,0.000000000000000000e+00,-0.000000000000000000e+00,0.000000000000000000e+00,1.831361950563519247e+00,9.710602833141930915e-03,9.738505767437607985e-02,-0.000000000000000000e+00,-0.000000000000000000e+00,0.000000000000000000e+00,0.000000000000000000e+00,5.020185361349892572e-01,0.000000000000000000e+00,-2.952042687222911077e-01,-0.000000000000000000e+00,-0.000000000000000000e+00,-0.000000000000000000e+00,0.000000000000000000e+00,0.000000000000000000e+00,0.000000000000000000e+00,0.000000000000000000e+00,0.000000000000000000e+00,1.998597989238838635e-01,0.000000000000000000e+00,-4.054021289788354299e-01,0.000000000000000000e+00,0.000000000000000000e+00,0.000000000000000000e+00,0.000000000000000000e+00,0.000000000000000000e+00,0.000000000000000000e+00
-5.533651586209730171e-04,-0.000000000000000000e+00,-1.948975857851640014e-01,0.000000000000000000e+00,-0.000000000000000000e+00,-0.000000000000000000e+00,3.448432729206082903e-02,1.990535367437304415e-01,-3.412330196001049365e-01,-0.000000000000000000e+00,0.000000000000000000e+00,0.000000000000000000e+00,9.710602833141930915e-03,2.099309481383663467e+00,0.000000000000000000e+00,-0.000000000000000000e+00,-0.000000000000000000e+00,0.000000000000000000e+00,0.000000000000000000e+00,-0.000000000000000000e+00,-0.000000000000000000e+00,0.000000000000000000e+00,-0.000000000000000000e+00,-5.539991444121277198e-01,-2.006774258593543858e-01,-0.000000000000000000e+00,-2.258527987528626269e-01,-4.071454172095157614e-02,-1.052825538381895049e-01,-1.028332525729175884e-01,-9.788757075992565032e-03,-1.273217506139148053e-03,-0.000000000000000000e+00,0.000000000000000000e+00,-1.153741812133477346e-01,-0.000000000000000000e+00,-0.000000000000000000e+00,-1.183869958209129020e-01,-0.000000000000000000e+00
-0.000000000000000000e+00,0.000000000000000000e+00,0.000000000000000000e+00,0.000000000000000000e+00,0.000000000000000000e+00,2.201009325252730742e-01,0.000000000000000000e+00,-0.000000000000000000e+00,0.000000000000000000e+00,-0.000000000000000000e+00,0.000000000000000000e+00,-0.000000000000000000e+00,9.738505767437607985e-02,0.000000000000000000e+00,1.341108974958967526e+00,-0.000000000000000000e+00,8.637764082909826779e-02,-9.673373157673446909e-02,-0.000000000000000000e+00,-0.000000000000000000e+00,-0.000000000000000000e+00,5.676081483662477611e-02,0.000000000000000000e+00,0.000000000000000000e+00,0.000000000000000000e+00,-0.000000000000000000e+00,1.352094046472369915e-01,-0.000000000000000000e+00,0.000000000000000000e+00,-0.000000000000000000e+00,-0.000000000000000000e+00,0.000000000000000000e+00,1.158109694780933147e-01,-2.625339646797020809e-01,0.000000000000000000e+00,0.000000000000000000e+00,0.000000000000000000e+00,-3.290188057964644197e-01,-0.000000000000000000e+00
-1.619112828974133278e-01,-1.299892130247824740e-01,0.000000000000000000e+00,-0.000000000000000000e+00,-0.000000000000000000e+00,0.000000000000000000e+00,0.000000000000000000e+00,-0.000000000000000000e+00,-3.011638203515525081e-02,-1.236416353036765337e+00,0.000000000000000000e+00,-0.000000000000000000e+00,-0.000000000000000000e+00,-0.000000000000000000e+00,-0.000000000000000000e+00,2.321656630398464927e+00,0.000000000000000000e+00,-0.000000000000000000e+00,-0.000000000000000000e+00,0.000000000000000000e+00,-0.000000000000000000e+00,-0.000000000000000000e+00,-3.633207934603570333e-02,0.000000000000000000e+00,-8.041966837695470327e-02,0.000000000000000000e+00,0.000000000000000000e+00,-0.000000000000000000e+00,0.000000000000000000e+00,-4.240395940047142487e-02,-0.000000000000000000e+00,0.000000000000000000e+00,9.384372402878060626e-02,-8.568353122454434867e-02,1.529345538680718930e-01,-5.888872120673128464e-03,1.771598490529534553e-01,-4.547828313280623258e-02,-3.341516015434130571e-01
-0.000000000000000000e+00,-0.000000000000000000e+00,-1.710518009375625384e-02,-4.259112873431616236e-02,-0.000000000000000000e+00,-8.404409211794469647e-02,-1.323971753139923102e-01,0.000000000000000000e+00,-0.000000000000000000e+00,0.000000000000000000e+00,-1.631829021237575783e-01,0.000000000000000000e+00,-0.000000000000000000e+00,-0.000000000000000000e+00,8.637764082909826779e-02,0.000000000000000000e+00,1.215315960889892244e+00,0.000000000000000000e+00,0.000000000000000000e+00,0.000000000000000000e+00,8.202110494592725065e-02,0.000000000000000000e+00,-2.843025855756736719e-01,-5.315745745782134157e-02,-0.000000000000000000e+00,-1.371176956101606559e-01,-0.000000000000000000e+00,0.000000000000000000e+00,-0.000000000000000000e+00,-0.000000000000000000e+00,-0.000000000000000000e+00,-0.000000000000000000e+00,-6.468628995173499041e-02,-0.000000000000000000e+00,0.000000000000000000e+00,-0.000000000000000000e+00,-0.000000000000000000e+00,0.000000000000000000e+00,0.000000000000000000e+00
-0.000000000000000000e+00,-0.000000000000000000e+00,0.000000000000000000e+00,-1.012023923293040029e-01,-0.000000000000000000e+00,7.653636576450573159e-02,-0.000000000000000000e+00,-0.000000000000000000e+00,-0.000000000000000000e+00,-0.000000000000000000e+00,0.000000000000000000e+00,0.000000000000000000e+00,0.000000000000000000e+00,0.000000000000000000e+00,-9.673373157673446909e-02,-0.000000000000000000e+00,0.000000000000000000e+00,1.739973511603003731e+00,-8.859978817728293432e-01,-0.000000000000000000e+00,-0.000000000000000000e+00,-0.000000000000000000e+00,0.000000000000000000e+00,0.000000000000000000e+00,0.000000000000000000e+00,-0.000000000000000000e+00,6.883692609183433841e-02,0.000000000000000000e+00,0.000000000000000000e+00,-0.000000000000000000e+00,0.000000000000000000e+00,0.000000000000000000e+00,1.150052663710185719e-01,-2.685773456244814339e-01,0.000000000000000000e+00,0.000000000000000000e+00,0.000000000000000000e+00,-0.000000000000000000e+00,-0.000000000000000000e+00
0.000000000000000000e+00,-0.000000000000000000e+00,0.000000000000000000e+00,-0.000000000000000000e+00,-0.000000000000000000e+00,9.922077929590154832e-02,0.000000000000000000e+00,-0.000000000000000000e+00,-0.000000000000000000e+00,-0.000000000000000000e+00,0.000000000000000000e+00,-3.451216171978045422e-01,0.000000000000000000e+00,0.000000000000000000e+00,-0.000000000000000000e+00,-0.000000000000000000e+00,0.000000000000000000e+00,-8.859978817728293432e-01,1.803255908433556653e+00,-0.000000000000000000e+00,-0.000000000000000000e+00,-7.393897421440959183e-02,0.000000000000000000e+00,2.940517267886529063e-02,0.000000000000000000e+00,0.000000000000000000e+00,0.000000000000000000e+00,0.000000000000000000e+00,1.340533008227706192e-02,0.000000000000000000e+00,-0.000000000000000000e+00,-0.000000000000000000e+00,0.000000000000000000e+00,-2.300740501985455710e-01,0.000000000000000000e+00,0.000000000000000000e+00,0.000000000000000000e+00,0.000000000000000000e+00,-7.004339102042178578e-02
-0.000000000000000000e+00,0.000000000000000000e+00,-2.728758198131750815e-02,0.000000000000000000e+00,-0.000000000000000000e+00,0.000000000000000000e+00,2.373501233731188931e-01,1.550872299902892291e-02,-0.000000000000000000e+00,0.000000000000000000e+00,0.000000000000000000e+00,-0.000000000000000000e+00,5.020185361349892572e-01,-0.000000000000000000e+00,-0.000000000000000000e+00,0.000000000000000000e+00,0.000000000000000000e+00,-0.000000000000000000e+00,-0.000000000000000000e+00,1.649953782141034164e+00,-1.847877811200327181e-01,0.000000000000000000e+00,8.354526786658468540e-02,-0.000000000000000000e+00,0.000000000000000000e+00,-5.893986878168085836e-02,-1.002952381476730909e-01,-3.808504431821244790e-02,-0.000000000000000000e+00,0.000000000000000000e+00,0.000000000000000000e+00,-0.000000000000000000e+00,0.000000000000000000e+00,0.000000000000000000e+00,-3.435077831847267449e-01,2.575360419985297522e-01,-2.103594354420562987e-02,-0.000000000000000000e+00,0.000000000000000000e+00
-7.119980361768375732e-02,-1.318970787759923824e-01,-0.000000000000000000e+00,0.000000000000000000e+00,0.000000000000000000e+00,-0.000000000000000000e+00,1.065970327305250376e-01,0.000000000000000000e+00,-0.000000000000000000e+00,0.000000000000000000e+00,0.000000000000000000e+00,-0.000000000000000000e+00,0.000000000000000000e+00,-0.000000000000000000e+00,-0.000000000000000000e+00,-0.000000000000000000e+00,8.202110494592725065e-02,-0.000000000000000000e+00,-0.000000000000000000e+00,-1.847877811200327181e-01,1.373621066340978913e+00,-0.000000000000000000e+00,0.000000000000000000e+00,-0.000000000000000000e+00,-0.000000000000000000e+00,-0.000000000000000000e+00,-0.000000000000000000e+00,-1.488028664117460320e-01,-1.397603840086578675e-01,-0.000000000000000000e+00,0.000000000000000000e+00,-4.918353824880976333e-02,-3.295297162860903739e-02,0.000000000000000000e+00,-0.000000000000000000e+00,2.131457968391375912e-01,-0.000000000000000000e+00,-2.610433804366814048e-01,-0.000000000000000000e+00
0.000000000000000000e+00,-3.208262249065191307e-02,0.000000000000000000e+00,-0.000000000000000000e+00,5.746691681951124342e-02,0.000000000000000000e+00,-0.000000000000000000e+00,-0.000000000000000000e+00,0.000000000000000000e+00,-0.000000000000000000e+00,0.000000000000000000e+00,-1.074033534976957666e-01,-2.952042687222911077e-01,0.000000000000000000e+00,5.676081483662477611e-02,-0.000000000000000000e+00,0.000000000000000000e+00,-0.000000000000000000e+00,-7.393897421440959183e-02,0.000000000000000000e+00,-0.000000000000000000e+00,1.171769438868802027e+00,0.000000000000000000e+00,0.000000000000000000e+00,0.000000000000000000e+00,5.856257852851366047e-02,-0.000000000000000000e+00,0.000000000000000000e+00,0.000000000000000000e+00,6.851989001077538055e-02,0.000000000000000000e+00,-0.000000000000000000e+00,-1.576041705107120994e-01,0.000000000000000000e+00,3.219403051322671655e-02,0.000000000000000000e+00,-0.000000000000000000e+00,0.000000000000000000e+00,-0.000000000000000000e+00
-0.000000000000000000e+00,-1.224582061767542918e-01,-0.000000000000000000e+00,-0.000000000000000000e+00,-0.000000000000000000e+00,-1.730230621160181240e-02,-0.000000000000000000e+00,0.000000000000000000e+00,-5.617741794984312115e-02,-3.568753809004241995e-01,-0.000000000000000000e+00,0.000000000000000000e+00,-0.000000000000000000e+00,-0.000000000000000000e+00,0.000000000000000000e+00,-3.633207934603570333e-02,-2.843025855756736719e-01,0.000000000000000000e+00,0.000000000000000000e+00,8.354526786658468540e-02,0.000000000000000000e+00,0.000000000000000000e+00,2.211127633598013897e+00,-1.741385403224286199e-01,-7.654478723847801813e-01,-0.000000000000000000e+00,-0.000000000000000000e+00,-0.000000000000000000e+00,0.000000000000000000e+00,-2.047584382514670565e-01,-0.000000000000000000e+00,-0.000000000000000000e+00,0.000000000000000000e+00,-0.000000000000000000e+00,0.000000000000000000e+00,-4.630145443993086141e-01,0.000000000000000000e+00,-0.000000000000000000e+00,-0.000000000000000000e+00
-6.854481231421513665e-02,-1.706053806050199587e-02,-0.000000000000000000e+00,0.000000000000000000e+00,-0.000000000000000000e+00,-1.170275538184586184e+00,-0.000000000000000000e+00,0.000000000000000000e+00,-0.000000000000000000e+00,-0.000000000000000000e+00,-0.000000000000000000e+00,0.000000000000000000e+00,-0.000000000000000000e+00,-5.539991444121277198e-01,0.000000000000000000e+00,0.000000000000000000e+00,-5.315745745782134157e-02,0.000000000000000000e+00,2.940517267886529063e-02,-0.000000000000000000e+00,-0.000000000000000000e+00,0.000000000000000000e+00,-1.741385403224286199e-01,2.997690104471595784e+00,-2.906911680820293831e-01,-0.000000000000000000e+00,-3.715937777714858892e-02,-2.337141600784180262e-01,-3.384948951847856491e-01,-2.950669372282773567e-02,-0.000000000000000000e+00,-2.136799479138908053e-01,-1.140097937460683025e-01,0.000000000000000000e+00,-0.000000000000000000e+00,-0.000000000000000000e+00,-1.634440136438980729e-01,-0.000000000000000000e+00,0.000000000000000000e+00
-0.000000000000000000e+00,-0.000000000000000000e+00,-0.000000000000000000e+00,-0.000000000000000000e+00,-0.000000000000000000e+00,-5.894947706891585232e-02,-0.000000000000000000e+00,0.000000000000000000e+00,-8.178282791993410350e-02,-3.398463254480361129e-01,0.000000000000000000e+00,0.000000000000000000e+00,-0.000000000000000000e+00,-2.006774258593543858e-01,0.000000000000000000e+00,-8.041966837695470327e-02,-0.000000000000000000e+00,0.000000000000000000e+00,0.000000000000000000e+00,0.000000000000000000e+00,-0.000000000000000000e+00,0.000000000000000000e+00,-7.654478723847801813e-01,-2.906911680820293831e-01,2.162830604880007446e+00,-0.000000000000000000e+00,-0.000000000000000000e+00,-0.000000000000000000e+00,-0.000000000000000000e+00,-2.885492281125007219e-01,-0.000000000000000000e+00,-0.000000000000000000e+00,-0.000000000000000000e+00,-0.000000000000000000e+00,-0.000000000000000000e+00,-1.759555145541071008e-01,-0.000000000000000000e+00,-0.000000000000000000e+00,-0.000000000000000000e+00
-8.026665571243797592e-02,0.000000000000000000e+00,-4.515372444349342596e-01,0.000000000000000000e+00,-0.000000000000000000e+00,-0.000000000000000000e+00,-0.000000000000000000e+00,4.409063424593992475e-01,-4.049114389689411481e-02,0.000000000000000000e+00,-0.000000000000000000e+00,2.506500695123470290e-01,0.000000000000000000e+00,-0.000000000000000000e+00,-0.000000000000000000e+00,0.000000000000000000e+00,-1.371176956101606559e-01,-0.000000000000000000e+00,0.000000000000000000e+00,-5.893986878168085836e-02,-0.000000000000000000e+00,5.856257852851366047e-02,-0.000000000000000000e+00,-0.000000000000000000e+00,-0.000000000000000000e+00,2.065961502386476578e+00,-0.000000000000000000e+00,-3.131870010665441240e-01,-2.673307382196676851e-01,-4.351898951469188037e-02,-0.000000000000000000e+00,-0.000000000000000000e+00,-0.000000000000000000e+00,-0.000000000000000000e+00,-1.599648888653210088e-01,0.000000000000000000e+00,-0.000000000000000000e+00,-1.261409040078294852e-01,0.000000000000000000e+00
0.000000000000000000e+00,-0.000000000000000000e+00,-8.015499750626189912e-02,0.000000000000000000e+00,-0.000000000000000000e+00,-3.193727634587349706e-02,2.161826441520049158e-01,2.042922919426454209e-02,-0.000000000000000000e+00,0.000000000000000000e+00,-0.000000000000000000e+00,-0.000000000000000000e+00,0.000000000000000000e+00,-2.258527987528626269e-01,1.352094046472369915e-01,0.000000000000000000e+00,-0.000000000000000000e+00,6.883692609183433841e-02,0.000000000000000000e+00,-1.002952381476730909e-01,-0.000000000000000000e+00,-0.000000000000000000e+00,-0.000000000000000000e+00,-3.715937777714858892e-02,-0.000000000000000000e+00,-0.000000000000000000e+00,2.582611173133251281e+00,-0.000000000000000000e+00,-0.000000000000000000e+00,-0.000000000000000000e+00,-0.000000000000000000e+00,-8.320380814215581067e-01,-2.692363101166392672e-02,0.000000000000000000e+00,-1.716174889888807398e-01,0.000000000000000000e+00,-8.434322353804395433e-01,0.000000000000000000e+00,0.000000000000000000e+00
-3.177830970400222915e-02,-0.000000000000000000e+00,-0.000000000000000000e+00,0.000000000000000000e+00,-0.000000000000000000e+00,-1.420190181968308644e-02,0.000000000000000000e+00,0.000000000000000000e+00,-0.000000000000000000e+00,0.000000000000000000e+00,-0.000000000000000000e+00,1.108991263899536672e-01,0.000000000000000000e+00,-4.071454172095157614e-02,-0.000000000000000000e+00,-0.000000000000000000e+00,0.000000000000000000e+00,0.000000000000000000e+00,0.000000000000000000e+00,-3.808504431821244790e-02,-1.488028664117460320e-01,0.000000000000000000e+00,-0.000000000000000000e+00,-2.337141600784180262e-01,-0.000000000000000000e+00,-3.131870010665441240e-01,-0.000000000000000000e+00,1.500771591193369225e+00,-1.402955044155742570e-01,-0.000000000000000000e+00,0.000000000000000000e+00,-0.000000000000000000e+00,-1.013812560495507692e-01,0.000000000000000000e+00,-0.000000000000000000e+00,0.000000000000000000e+00,-1.596303126951337525e-01,-0.000000000000000000e+00,0.000000000000000000e+00
-2.149867994521752201e-01,-0.000000000000000000e+00,-0.000000000000000000e+00,0.000000000000000000e+00,-0.000000000000000000e+00,-2.343350728773553326e-01,-0.000000000000000000e+00,0.000000000000000000e+00,-0.000000000000000000e+00,0.000000000000000000e+00,-0.000000000000000000e+00,1.123730413438454867e-02,0.000000000000000000e+00,-1.052825538381895049e-01,0.000000000000000000e+00,0.000000000000000000e+00,-0.000000000000000000e+00,0.000000000000000000e+00,1.340533008227706192e-02,-0.000000000000000000e+00,-1.397603840086578675e-01,0.000000000000000000e+00,0.000000000000000000e+00,-3.384948951847856491e-01,-0.000000000000000000e+00,-2.673307382196676851e-01,-0.000000000000000000e+00,-1.402955044155742570e-01,2.640638623287409725e+00,-3.779337229181738145e-02,-0.000000000000000000e+00,-0.000000000000000000e+00,-0.000000000000000000e+00,0.000000000000000000e+00,-1.102420662735450252e+00,0.000000000000000000e+00,-2.358428353228200491e-01,-0.000000000000000000e+00,0.000000000000000000e+00
-6.823352135805262897e-01,-0.000000000000000000e+00,-0.000000000000000000e+00,-0.000000000000000000e+00,-1.870612982251360357e-01,-0.000000000000000000e+00,-0.000000000000000000e+00,0.000000000000000000e+00,-2.169095542378534081e-01,-0.000000000000000000e+00,0.000000000000000000e+00,6.907490436137433965e-02,0.000000000000000000e+00,-1.028332525729175884e-01,-0.000000000000000000e+00,-4.240395940047142487e-02,-0.000000000000000000e+00,-0.000000000000000000e+00,0.000000000000000000e+00,0.000000000000000000e+00,-0.000000000000000000e+00,6.851989001077538055e-02,-2.047584382514670565e-01,-2.950669372282773567e-02,-2.885492281125007219e-01,-4.351898951469188037e-02,-0.000000000000000000e+00,-0.000000000000000000e+00,-3.779337229181738145e-02,1.978048389796754902e+00,-0.000000000000000000e+00,0.000000000000000000e+00,0.000000000000000000e+00,-0.000000000000000000e+00,-0.000000000000000000e+00,-0.000000000000000000e+00,-0.000000000000000000e+00,-9.426932047412532600e-02,-0.000000000000000000e+00
-0.000000000000000000e+00,-0.000000000000000000e+00,-3.460568703518196454e-01,-0.000000000000000000e+00,-1.260987387962259065e-01,0.000000000000000000e+00,-0.000000000000000000e+00,3.504606942846924533e-01,-0.000000000000000000e+00,-0.000000000000000000e+00,0.000000000000000000e+00,-0.000000000000000000e+00,1.998597989238838635e-01,-9.788757075992565032e-03,-0.000000000000000000e+00,-0.000000000000000000e+00,-0.000000000000000000e+00,0.000000000000000000e+00,-0.000000000000000000e+00,0.000000000000000000e+00,0.000000000000000000e+00,0.000000000000000000e+00,-0.000000000000000000e+00,-0.000000000000000000e+00,-0.000000000000000000e+00,-0.000000000000000000e+00,-0.000000000000000000e+00,0.000000000000000000e+00,-0.000000000000000000e+00,-0.000000000000000000e+00,1.627159535450362959e+00,-0.000000000000000000e+00,0.000000000000000000e+00,-1.961573184836438166e-01,-0.000000000000000000e+00,-2.626413290192674554e-01,0.000000000000000000e+00,-0.000000000000000000e+00,-0.000000000000000000e+00
-0.000000000000000000e+00,-3.003561264945088793e-01,-0.000000000000000000e+00,0.000000000000000000e+00,-0.000000000000000000e+00,-7.639202295365700446e-02,1.617887730594201046e-01,0.000000000000000000e+00,-1.877119972268185069e-02,0.000000000000000000e+00,-0.000000000000000000e+00,-1.550400011337083050e-02,0.000000000000000000e+00,-1.273217506139148053e-03,0.000000000000000000e+00,0.000000000000000000e+00,-0.000000000000000000e+00,0.000000000000000000e+00,-0.000000000000000000e+00,-0.000000000000000000e+00,-4.918353824880976333e-02,-0.000000000000000000e+00,-0.000000000000000000e+00,-2.136799479138908053e-01,-0.000000000000000000e+00,-0.000000000000000000e+00,-8.320380814215581067e-01,-0.000000000000000000e+00,-0.000000000000000000e+00,0.000000000000000000e+00,-0.000000000000000000e+00,2.443543093473246053e+00,-1.564735061082417056e-01,0.000000000000000000e+00,-0.000000000000000000e+00,0.000000000000000000e+00,-7.164058953803243979e-01,-0.000000000000000000e+00,-0.000000000000000000e+00
-0.000000000000000000e+00,-0.000000000000000000e+00,-0.000000000000000000e+00,0.000000000000000000e+00,0.000000000000000000e+00,-2.274873478232111168e-01,-0.000000000000000000e+00,0.000000000000000000e+00,0.000000000000000000e+00,0.000000000000000000e+00,-1.043717923443037571e-01,0.000000000000000000e+00,-4.054021289788354299e-01,-0.000000000000000000e+00,1.158109694780933147e-01,9.384372402878060626e-02,-6.468628995173499041e-02,1.150052663710185719e-01,0.000000000000000000e+00,0.000000000000000000e+00,-3.295297162860903739e-02,-1.576041705107120994e-01,0.000000000000000000e+00,-1.140097937460683025e-01,-0.000000000000000000e+00,-0.000000000000000000e+00,-2.692363101166392672e-02,-1.013812560495507692e-01,-0.000000000000000000e+00,0.000000000000000000e+00,0.000000000000000000e+00,-1.564735061082417056e-01,1.700617857469091110e+00,0.000000000000000000e+00,-0.000000000000000000e+00,0.000000000000000000e+00,-4.406673028119172941e-01,0.000000000000000000e+00,0.000000000000000000e+00
-0.000000000000000000e+00,-0.000000000000000000e+00,-0.000000000000000000e+00,-0.000000000000000000e+00,-2.989644721232233016e-01,5.578442590005480706e-02,-0.000000000000000000e+00,0.000000000000000000e+00,-0.000000000000000000e+00,-1.511443251994549486e-01,0.000000000000000000e+00,-0.000000000000000000e+00,0.000000000000000000e+00,0.000000000000000000e+00,-2.625339646797020809e-01,-8.568353122454434867e-02,-0.000000000000000000e+00,-2.685773456244814339e-01,-2.300740501985455710e-01,0.000000000000000000e+00,0.000000000000000000e+00,0.000000000000000000e+00,-0.000000000000000000e+00,0.000000000000000000e+00,-0.000000000000000000e+00,-0.000000000000000000e+00,0.000000000000000000e+00,0.000000000000000000e+00,0.000000000000000000e+00,-0.000000000000000000e+00,-1.961573184836438166e-01,0.000000000000000000e+00,0.000000000000000000e+00,1.628038902168622348e+00,9.455457486903273701e-02,-6.253937627289482722e-03,5.658917227677087020e-02,-0.000000000000000000e+00,-2.105090392275987543e-01
-0.000000000000000000e+00,0.000000000000000000e+00,-0.000000000000000000e+00,0.000000000000000000e+00,-0.000000000000000000e+00,-0.000000000000000000e+00,0.000000000000000000e+00,1.159117831774316570e-01,-0.000000000000000000e+00,4.837682520870446867e-02,-0.000000000000000000e+00,0.000000000000000000e+00,0.000000000000000000e+00,-1.153741812133477346e-01,0.000000000000000000e+00,1.529345538680718930e-01,0.000000000000000000e+00,0.000000000000000000e+00,0.000000000000000000e+00,-3.435077831847267449e-01,-0.000000000000000000e+00,3.219403051322671655e-02,0.000000000000000000e+00,-0.000000000000000000e+00,-0.000000000000000000e+00,-1.599648888653210088e-01,-1.716174889888807398e-01,-0.000000000000000000e+00,-1.102420662735450252e+00,-0.000000000000000000e+00,-0.000000000000000000e+00,-0.000000000000000000e+00,-0.000000000000000000e+00,9.455457486903273701e-02,2.571028500981949350e+00,7.620387552113798424e-02,-5.196999702300951762e-01,-0.000000000000000000e+00,1.480645895172143511e-01
-0.000000000000000000e+00,0.000000000000000000e+00,-0.000000000000000000e+00,-1.621380531226911809e-02,-1.091067743542130514e-01,-0.000000000000000000e+00,-4.502389352317696242e-02,0.000000000000000000e+00,-0.000000000000000000e+00,-1.685009350656830884e-01,0.000000000000000000e+00,0.000000000000000000e+00,0.000000000000000000e+00,-0.000000000000000000e+00,0.000000000000000000e+00,-5.888872120673128464e-03,-0.000000000000000000e+00,0.000000000000000000e+00,0.000000000000000000e+00,2.575360419985297522e-01,2.131457968391375912e-01,0.000000000000000000e+00,-4.630145443993086141e-01,-0.000000000000000000e+00,-1.759555145541071008e-01,0.000000000000000000e+00,0.000000000000000000e+00,0.000000000000000000e+00,0.000000000000000000e+00,-0.000000000000000000e+00,-2.626413290192674554e-01,0.000000000000000000e+00,0.000000000000000000e+00,-6.253937627289482722e-03,7.620387552113798424e-02,1.566977208734753768e+00,1.132747235208970277e-01,0.000000000000000000e+00,-0.000000000000000000e+00
-0.000000000000000000e+00,-0.000000000000000000e+00,-0.000000000000000000e+00,0.000000000000000000e+00,-0.000000000000000000e+00,-2.553308138097696856e-01,0.000000000000000000e+00,0.000000000000000000e+00,-0.000000000000000000e+00,0.000000000000000000e+00,-0.000000000000000000e+00,-0.000000000000000000e+00,0.000000000000000000e+00,-0.000000000000000000e+00,0.000000000000000000e+00,1.771598490529534553e-01,-0.000000000000000000e+00,0.000000000000000000e+00,0.000000000000000000e+00,-2.103594354420562987e-02,-0.000000000000000000e+00,-0.000000000000000000e+00,0.000000000000000000e+00,-1.634440136438980729e-01,-0.000000000000000000e+00,-0.000000000000000000e+00,-8.434322353804395433e-01,-1.596303126951337525e-01,-2.358428353228200491e-01,-0.000000000000000000e+00,0.000000000000000000e+00,-7.164058953803243979e-01,-4.406673028119172941e-01,5.658917227677087020e-02,-5.196999702300951762e-01,1.132747235208970277e-01,3.130421686960716876e+00,0.000000000000000000e+00,0.000000000000000000e+00
-8.403837689988308268e-01,-0.000000000000000000e+00,-0.000000000000000000e+00,0.000000000000000000e+00,-0.000000000000000000e+00,0.000000000000000000e+00,0.000000000000000000e+00,0.000000000000000000e+00,-2.100518439599446674e-01,-0.000000000000000000e+00,0.000000000000000000e+00,0.000000000000000000e+00,0.000000000000000000e+00,-1.183869958209129020e-01,-3.290188057964644197e-01,-4.547828313280623258e-02,0.000000000000000000e+00,-0.000000000000000000e+00,0.000000000000000000e+00,-0.000000000000000000e+00,-2.610433804366814048e-01,0.000000000000000000e+00,-0.000000000000000000e+00,-0.000000000000000000e+00,-0.000000000000000000e+00,-1.261409040078294852e-01,0.000000000000000000e+00,-0.000000000000000000e+00,-0.000000000000000000e+00,-9.426932047412532600e-02,-0.000000000000000000e+00,-0.000000000000000000e+00,0.000000000000000000e+00,-0.000000000000000000e+00,-0.000000000000000000e+00,0.000000000000000000e+00,0.000000000000000000e+00,1.939803823744900457e+00,-0.000000000000000000e+00
-0.000000000000000000e+00,-5.197748341811562200e-01,0.000000000000000000e+00,-0.000000000000000000e+00,0.000000000000000000e+00,0.000000000000000000e+00,0.000000000000000000e+00,-0.000000000000000000e+00,-2.125668140199463152e-01,-3.220217842613732340e-01,0.000000000000000000e+00,-4.880905948070819456e-01,0.000000000000000000e+00,-0.000000000000000000e+00,-0.000000000000000000e+00,-3.341516015434130571e-01,0.000000000000000000e+00,-0.000000000000000000e+00,-7.004339102042178578e-02,0.000000000000000000e+00,-0.000000000000000000e+00,-0.000000000000000000e+00,-0.000000000000000000e+00,0.000000000000000000e+00,-0.000000000000000000e+00,0.000000000000000000e+00,0.000000000000000000e+00,0.000000000000000000e+00,0.000000000000000000e+00,-0.000000000000000000e+00,-0.000000000000000000e+00,-0.000000000000000000e+00,0.000000000000000000e+00,-2.105090392275987543e-01,1.480645895172143511e-01,-0.000000000000000000e+00,0.000000000000000000e+00,-0.000000000000000000e+00,1.971655006279472655e+00
