2.429400866625852640e+00,-4.040821515933100128e-01,-0.000000000000000000e+00,0.000000000000000000e+00,-0.000000000000000000e+00,-0.000000000000000000e+00,-0.000000000000000000e+00,0.000000000000000000e+00,-5.833801191469872860e-02,-2.963645903747304522e-01,-0.000000000000000000e+00,-6.616291008486459291e-02,0.000000000000000000e+00,-0.000000000000000000e+00,-0.000000000000000000e+00,-3.350615380818858791e-01,-0.000000000000000000e+00,-0.000000000000000000e+00,-0.000000000000000000e+00,-0.000000000000000000e+00,-0.000000000000000000e+00,-0.000000000000000000e+00,-0.000000000000000000e+00,-0.000000000000000000e+00,-0.000000000000000000e+00,-1.502165782710029873e-01,-0.000000000000000000e+00,0.000000000000000000e+00,-1.534386043939288402e-01,-2.995834295987925278e-01,-0.000000000000000000e+00,-0.000000000000000000e+00,-0.000000000000000000e+00,-0.000000000000000000e+00,-0.000000000000000000e+00,-0.000000000000000000e+00,-0.000000000000000000e+00,-4.835164156308093264e-01,-2.104497592017237628e-01
-4.040821515933100128e-01,2.446205495321676526e+00,-0.000000000000000000e+00,0.000000000000000000e+00,-0.000000000000000000e+00,-0.000000000000000000e+00,-0.000000000000000000e+00,0.000000000000000000e+00,-0.000000000000000000e+00,-1.515488902165790519e-01,-0.000000000000000000e+00,-0.000000000000000000e+00,0.000000000000000000e+00,-0.000000000000000000e+00,0.000000000000000000e+00,-2.242197167703783578e-01,-0.000000000000000000e+00,-1.087280722818333434e-01,-0.000000000000000000e+00,-0.000000000000000000e+00,-5.779845608281683478e-02,-0.000000000000000000e+00,-7.689791694188706506e-02,-0.000000000000000000e+00,-1.981483345164175291e-01,-0.000000000000000000e+00,0.000000000000000000e+00,0.000000000000000000e+00,-3.113058885157001243e-01,-6.101808584612931213e-02,-0.000000000000000000e+00,-1.865414583422735639e-01,0.000000000000000000e+00,-0.000000000000000000e+00,-0.000000000000000000e+00,-0.000000000000000000e+00,-0.000000000000000000e+00,-2.004448338309137712e-01,-5.126404886483970635e-01
-0.000000000000000000e+00,-0.000000000000000000e+00,2.721480554801626095e+00,-0.000000000000000000e+00,-1.951988157149250336e-01,-0.000000000000000000e+00,0.000000000000000000e+00,8.349909002847165640e-01,-1.232396552498617598e-01,-0.000000000000000000e+00,-6.780668605214366929e-02,-0.000000000000000000e+00,-0.000000000000000000e+00,-0.000000000000000000e+00,-0.000000000000000000e+00,-0.000000000000000000e+00,-1.454820489681355467e-01,0.000000000000000000e+00,0.000000000000000000e+00,0.000000000000000000e+00,0.000000000000000000e+00,0.000000000000000000e+00,-0.000000000000000000e+00,-0.000000000000000000e+00,-0.000000000000000000e+00,-2.340605034053321598e-01,-2.055988557916824666e-01,-4.707859619357592784e-01,-0.000000000000000000e+00,-0.000000000000000000e+00,-1.068985094137648861e-01,-0.000000000000000000e+00,-3.261987115311653085e-01,-0.000000000000000000e+00,-0.000000000000000000e+00,-2.916696955691311932e-01,-0.000000000000000000e+00,-0.000000000000000000e+00,-0.000000000000000000e+00
0.000000000000000000e+00,0.000000000000000000e+00,-0.000000000000000000e+00,1.473246062422338909e+00,0.000000000000000000e+00,-4.066529688276234594e-02,-0.000000000000000000e+00,0.000000000000000000e+00,-0.000000000000000000e+00,-0.000000000000000000e+00,-2.294347375744748840e-01,-0.000000000000000000e+00,-2.580829704485987364e-01,-0.000000000000000000e+00,2.664832708949021467e-01,0.000000000000000000e+00,-0.000000000000000000e+00,-0.000000000000000000e+00,0.000000000000000000e+00,-4.799750663645729887e-01,-0.000000000000000000e+00,-0.000000000000000000e+00,0.000000000000000000e+00,-0.000000000000000000e+00,0.000000000000000000e+00,-0.000000000000000000e+00,-0.000000000000000000e+00,-0.000000000000000000e+00,-0.000000000000000000e+00,0.000000000000000000e+00,0.000000000000000000e+00,-0.000000000000000000e+00,-0.000000000000000000e+00,1.933735703827625940e-01,-1.193901920262900873e-01,-0.000000000000000000e+00,-0.000000000000000000e+00,0.000000000000000000e+00,0.000000000000000000e+00
-0.000000000000000000e+00,-0.000000000000000000e+00,-1.951988157149250336e-01,0.000000000000000000e+00,1.648529255524931125e+00,-0.000000000000000000e+00,0.000000000000000000e+00,1.106157167579689682e-01,-2.357001894911733286e-01,-7.106033926324335781e-02,-0.000000000000000000e+00,-7.657677070621472792e-02,-0.000000000000000000e+00,-0.000000000000000000e+00,-0.000000000000000000e+00,-0.000000000000000000e+00,-0.000000000000000000e+00,-0.000000000000000000e+00,-0.000000000000000000e+00,0.000000000000000000e+00,0.000000000000000000e+00,0.000000000000000000e+00,-0.000000000000000000e+00,-0.000000000000000000e+00,-0.000000000000000000e+00,-1.384928166298378671e-01,-0.000000000000000000e+00,-0.000000000000000000e+00,-0.000000000000000000e+00,-2.721644503084215683e-01,-0.000000000000000000e+00,-0.000000000000000000e+00,-0.000000000000000000e+00,-3.070612070818362072e-01,-0.000000000000000000e+00,-9.052047815054281577e-02,-0.000000000000000000e+00,-0.000000000000000000e+00,-0.000000000000000000e+00
-0.000000000000000000e+00,-0.000000000000000000e+00,-0.000000000000000000e+00,-4.066529688276234594e-02,-0.000000000000000000e+00,2.111165865980307643e+00,-0.000000000000000000e+00,0.000000000000000000e+00,-0.000000000000000000e+00,-0.000000000000000000e+00,-2.149766748001038508e-01,7.348590275523174398e-02,-0.000000000000000000e+00,-0.000000000000000000e+00,3.168577696605071603e-01,0.000000000000000000e+00,-1.429898439311071967e-01,-0.000000000000000000e+00,-0.000000000000000000e+00,-0.000000000000000000e+00,-2.961255098757659132e-01,-1.423723826759944466e-01,-0.000000000000000000e+00,-3.641183188846037755e-01,-0.000000000000000000e+00,-0.000000000000000000e+00,0.000000000000000000e+00,-0.000000000000000000e+00,-2.400505023240123714e-01,-0.000000000000000000e+00,-0.000000000000000000e+00,-0.000000000000000000e+00,0.000000000000000000e+00,0.000000000000000000e+00,-1.530892258679283635e-01,0.000000000000000000e+00,-4.545566873966440657e-01,0.000000000000000000e+00,-0.000000000000000000e+00
-0.000000000000000000e+00,-0.000000000000000000e+00,0.000000000000000000e+00,-0.000000000000000000e+00,0.000000000000000000e+00,-0.000000000000000000e+00,2.515815270327565134e+00,-0.000000000000000000e+00,0.000000000000000000e+00,-0.000000000000000000e+00,0.000000000000000000e+00,3.159788322863284482e-01,2.048801371153903816e-01,-0.000000000000000000e+00,0.000000000000000000e+00,-0.000000000000000000e+00,0.000000000000000000e+00,-2.888501786071173139e-01,-2.133886417292535087e-01,-0.000000000000000000e+00,-6.311617864241937381e-01,-6.761354177770132479e-01,-9.246850833691824811e-03,-0.000000000000000000e+00,-0.000000000000000000e+00,0.000000000000000000e+00,2.279150948939653865e-01,0.000000000000000000e+00,-0.000000000000000000e+00,0.000000000000000000e+00,-0.000000000000000000e+00,-0.000000000000000000e+00,2.026878824179084437e-01,-0.000000000000000000e+00,-0.000000000000000000e+00,0.000000000000000000e+00,-0.000000000000000000e+00,-0.000000000000000000e+00,-0.000000000000000000e+00
0.000000000000000000e+00,0.000000000000000000e+00,8.349909002847165640e-01,0.000000000000000000e+00,1.106157167579689682e-01,0.000000000000000000e+00,-0.000000000000000000e+00,2.714838004515033543e+00,1.594486766861027416e-01,0.000000000000000000e+00,7.744714645662252595e-02,0.000000000000000000e+00,0.000000000000000000e+00,7.701951929259714599e-03,0.000000000000000000e+00,0.000000000000000000e+00,1.161506840161036086e-01,-0.000000000000000000e+00,-0.000000000000000000e+00,-0.000000000000000000e+00,0.000000000000000000e+00,-0.000000000000000000e+00,0.000000000000000000e+00,1.089655450784821067e-01,0.000000000000000000e+00,2.579015052277915943e-01,0.000000000000000000e+00,5.518351344609648823e-01,0.000000000000000000e+00,0.000000000000000000e+00,3.491937136209760095e-01,0.000000000000000000e+00,4.882056230869748215e-02,0.000000000000000000e+00,0.000000000000000000e+00,2.850183087348868161e-01,0.000000000000000000e+00,0.000000000000000000e+00,0.000000000000000000e+00
-5.833801191469872860e-02,-0.000000000000000000e+00,-1.232396552498617598e-01,-0.000000000000000000e+00,-2.357001894911733286e-01,-0.000000000000000000e+00,0.000000000000000000e+00,1.594486766861027416e-01,2.255007463054255368e+00,-2.003696168666587452e-01,-1.122168841567853237e-01,-5.009129315352570111e-02,-0.000000000000000000e+00,-7.353376454363183545e-02,-0.000000000000000000e+00,-0.000000000000000000e+00,-6.023649171958648380e-02,-0.000000000000000000e+00,0.000000000000000000e+00,-0.000000000000000000e+00,-0.000000000000000000e+00,0.000000000000000000e+00,-0.000000000000000000e+00,-0.000000000000000000e+00,-1.408022111431756485e-01,-5.607913926736145527e-01,-4.067280815128838933e-02,-0.000000000000000000e+00,-8.482698929816243072e-02,-1.561457025597710879e-01,-6.459418873342333278e-02,-0.000000000000000000e+00,-0.000000000000000000e+00,-0.000000000000000000e+00,-8.120557931989248746e-02,-0.000000000000000000e+00,-0.000000000000000000e+00,-0.000000000000000000e+00,-2.304806948807643363e-01
-2.963645903747304522e-01,-1.515488902165790519e-01,-0.000000000000000000e+00,-0.000000000000000000e+00,-7.106033926324335781e-02,-0.000000000000000000e+00,-0.000000000000000000e+00,0.000000000000000000e+00,-2.003696168666587452e-01,2.541788993623161907e+00,-0.000000000000000000e+00,-0.000000000000000000e+00,0.000000000000000000e+00,-1.275881931504481703e-01,-0.000000000000000000e+00,-7.301196454179028628e-01,-0.000000000000000000e+00,-0.000000000000000000e+00,-0.000000000000000000e+00,-0.000000000000000000e+00,-0.000000000000000000e+00,-0.000000000000000000e+00,-0.000000000000000000e+00,-0.000000000000000000e+00,-2.212923001712506221e-01,-0.000000000000000000e+00,-0.000000000000000000e+00,-0.000000000000000000e+00,-1.632519124956638423e-01,-2.183892577065153495e-01,-8.891412474274405786e-02,-0.000000000000000000e+00,-0.000000000000000000e+00,-0.000000000000000000e+00,-0.000000000000000000e+00,-0.000000000000000000e+00,-0.000000000000000000e+00,-1.292774535289039073e-01,-2.403266594351294583e-01
-0.000000000000000000e+00,-0.000000000000000000e+00,-6.780668605214366929e-02,-2.294347375744748840e-01,-0.000000000000000000e+00,-2.149766748001038508e-01,0.000000000000000000e+00,7.744714645662252595e-02,-1.122168841567853237e-01,-0.000000000000000000e+00,2.178299277240794307e+00,-0.000000000000000000e+00,-2.815545138468579234e-01,-1.112387153105871274e-01,0.000000000000000000e+00,0.000000000000000000e+00,-7.817183952102184641e-01,0.000000000000000000e+00,0.000000000000000000e+00,-0.000000000000000000e+00,-0.000000000000000000e+00,-0.000000000000000000e+00,-0.000000000000000000e+00,-0.000000000000000000e+00,-0.000000000000000000e+00,-0.000000000000000000e+00,-3.728163371251053126e-01,-0.000000000000000000e+00,-0.000000000000000000e+00,-0.000000000000000000e+00,-0.000000000000000000e+00,-0.000000000000000000e+00,-0.000000000000000000e+00,0.000000000000000000e+00,-2.130112680388396296e-01,-0.000000000000000000e+00,-0.000000000000000000e+00,-0.000000000000000000e+00,-0.000000000000000000e+00
-6.616291008486459291e-02,-0.000000000000000000e+00,-0.000000000000000000e+00,-0.000000000000000000e+00,-7.657677070621472792e-02,7.348590275523174398e-02,3.159788322863284482e-01,0.000000000000000000e+00,-5.009129315352570111e-02,-0.000000000000000000e+00,-0.000000000000000000e+00,1.729097831125868900e+00,-0.000000000000000000e+00,-0.000000000000000000e+00,-3.493136466903454806e-01,-0.000000000000000000e+00,-0.000000000000000000e+00,0.000000000000000000e+00,0.000000000000000000e+00,0.000000000000000000e+00,1.171239301341961414e-01,0.000000000000000000e+00,0.000000000000000000e+00,0.000000000000000000e+00,-0.000000000000000000e+00,-0.000000000000000000e+00,-3.563488631496455339e-01,0.000000000000000000e+00,0.000000000000000000e+00,-0.000000000000000000e+00,-0.000000000000000000e+00,0.000000000000000000e+00,-4.045283603666925965e-01,-0.000000000000000000e+00,0.000000000000000000e+00,-0.000000000000000000e+00,0.000000000000000000e+00,-0.000000000000000000e+00,-0.000000000000000000e+00
0.000000000000000000e+00,0.000000000000000000e+00,-0.000000000000000000e+00,-2.580829704485987364e-01,-0.000000000000000000e+00,-0.000000000000000000e+00,2.048801371153903816e-01,0.000000000000000000e+00,-0.000000000000000000e+00,0.000000000000000000e+00,-2.815545138468579234e-01,-0.000000000000000000e+00,2.030865850863620370e+00,-0.000000000000000000e+00,0.000000000000000000e+00,0.000000000000000000e+00,-3.053503878381638725e-02,0.000000000000000000e+00,5.898884999523068551e-01,-0.000000000000000000e+00,1.112833791311361176e-01,0.000000000000000000e+00,4.423645214555738114e-02,-0.000000000000000000e+00,0.000000000000000000e+00,-0.000000000000000000e+00,-4.439901084769392048e-01,-0.000000000000000000e+00,0.000000000000000000e+00,0.000000000000000000e+00,0.000000000000000000e+00,0.000000000000000000e+00,-3.561630556026266214e-01,0.000000000000000000e+00,-0.000000000000000000e+00,-0.000000000000000000e+00,0.000000000000000000e+00,0.000000000000000000e+00,0.000000000000000000e+00
-0.000000000000000000e+00,-0.000000000000000000e+00,-0.000000000000000000e+00,-0.000000000000000000e+00,-0.000000000000000000e+00,-0.000000000000000000e+00,-0.000000000000000000e+00,7.701951929259714599e-03,-7.353376454363183545e-02,-1.275881931504481703e-01,-1.112387153105871274e-01,-0.000000000000000000e+00,-0.000000000000000000e+00,1.696464545459012374e+00,0.000000000000000000e+00,-0.000000000000000000e+00,-0.000000000000000000e+00,-0.000000000000000000e+00,0.000000000000000000e+00,-0.000000000000000000e+00,-0.000000000000000000e+00,-0.000000000000000000e+00,-0.000000000000000000e+00,-4.067760882184616178e-01,-0.000000000000000000e+00,-6.567114758590379513e-03,-0.000000000000000000e+00,-0.000000000000000000e+00,-3.447059511959965628e-02,-0.000000000000000000e+00,-3.088207603334218176e-01,-0.000000000000000000e+00,-1.623577133837349890e-02,-0.000000000000000000e+00,-3.047518172847782925e-01,-6.975891248090325403e-02,-4.839371434556852258e-02,-0.000000000000000000e+00,-0.000000000000000000e+00
-0.000000000000000000e+00,0.000000000000000000e+00,-0.000000000000000000e+00,2.664832708949021467e-01,-0.000000000000000000e+00,3.168577696605071603e-01,0.000000000000000000e+00,0.000000000000000000e+00,-0.000000000000000000e+00,-0.000000000000000000e+00,0.000000000000000000e+00,-3.493136466903454806e-01,0.000000000000000000e+00,0.000000000000000000e+00,1.476437330216775035e+00,-0.000000000000000000e+00,0.000000000000000000e+00,0.000000000000000000e+00,-0.000000000000000000e+00,0.000000000000000000e+00,2.222958308288856821e-02,2.186752200239567567e-01,0.000000000000000000e+00,0.000000000000000000e+00,0.000000000000000000e+00,-3.497514165099697980e-02,-0.000000000000000000e+00,-0.000000000000000000e+00,0.000000000000000000e+00,-1.599449942154004267e-01,-0.000000000000000000e+00,0.000000000000000000e+00,-0.000000000000000000e+00,-2.915879615429755045e-01,0.000000000000000000e+00,-0.000000000000000000e+00,4.605312014077569266e-02,-0.000000000000000000e+00,-0.000000000000000000e+00
-3.350615380818858791e-01,-2.242197167703783578e-01,-0.000000000000000000e+00,0.000000000000000000e+00,-0.000000000000000000e+00,0.000000000000000000e+00,-0.000000000000000000e+00,0.000000000000000000e+00,-0.000000000000000000e+00,-7.301196454179028628e-01,0.000000000000000000e+00,-0.000000000000000000e+00,0.000000000000000000e+00,-0.000000000000000000e+00,-0.000000000000000000e+00,2.116850569986849173e+00,0.000000000000000000e+00,-6.065357170951459105e-03,-3.336904387205583827e-02,-0.000000000000000000e+00,-0.000000000000000000e+00,-0.000000000000000000e+00,-0.000000000000000000e+00,-0.000000000000000000e+00,-1.761337861850454656e-01,-0.000000000000000000e+00,0.000000000000000000e+00,0.000000000000000000e+00,-0.000000000000000000e+00,-8.113257612023996868e-02,-3.313183415552339167e-02,-0.000000000000000000e+00,-0.000000000000000000e+00,-2.156260327552754139e-02,-0.000000000000000000e+00,-0.000000000000000000e+00,-0.000000000000000000e+00,-1.604325438966491268e-01,-1.044773873105234313e-01
-0.000000000000000000e+00,-0.000000000000000000e+00,-1.454820489681355467e-01,-0.000000000000000000e+00,-0.000000000000000000e+00,-1.429898439311071967e-01,0.000000000000000000e+00,1.161506840161036086e-01,-6.023649171958648380e-02,-0.000000000000000000e+00,-7.817183952102184641e-01,-0.000000000000000000e+00,-3.053503878381638725e-02,-0.000000000000000000e+00,0.000000000000000000e+00,0.000000000000000000e+00,2.011173666721236764e+00,0.000000000000000000e+00,0.000000000000000000e+00,-0.000000000000000000e+00,0.000000000000000000e+00,0.000000000000000000e+00,-0.000000000000000000e+00,-3.264142916496275137e-02,-0.000000000000000000e+00,-1.947551116695317441e-01,-1.052549020097245797e-01,-2.876061333707993772e-01,-0.000000000000000000e+00,-0.000000000000000000e+00,-0.000000000000000000e+00,-0.000000000000000000e+00,-0.000000000000000000e+00,0.000000000000000000e+00,-1.975779819030940021e-02,-0.000000000000000000e+00,-0.000000000000000000e+00,-0.000000000000000000e+00,-0.000000000000000000e+00
-0.000000000000000000e+00,-1.087280722818333434e-01,0.000000000000000000e+00,-0.000000000000000000e+00,-0.000000000000000000e+00,-0.000000000000000000e+00,-2.888501786071173139e-01,-0.000000000000000000e+00,-0.000000000000000000e+00,-0.000000000000000000e+00,0.000000000000000000e+00,0.000000000000000000e+00,0.000000000000000000e+00,-0.000000000000000000e+00,0.000000000000000000e+00,-6.065357170951459105e-03,0.000000000000000000e+00,2.176967642429639582e+00,-6.248647335083742371e-01,-0.000000000000000000e+00,-2.931667023956045504e-01,-4.551034189099149585e-01,-2.343553531125133482e-01,-0.000000000000000000e+00,-2.506066553585227855e-02,0.000000000000000000e+00,0.000000000000000000e+00,0.000000000000000000e+00,-0.000000000000000000e+00,-0.000000000000000000e+00,-0.000000000000000000e+00,-1.174182228408839207e-01,0.000000000000000000e+00,-0.000000000000000000e+00,-0.000000000000000000e+00,0.000000000000000000e+00,-0.000000000000000000e+00,-0.000000000000000000e+00,-0.000000000000000000e+00
-0.000000000000000000e+00,-0.000000000000000000e+00,0.000000000000000000e+00,0.000000000000000000e+00,-0.000000000000000000e+00,-0.000000000000000000e+00,-2.133886417292535087e-01,-0.000000000000000000e+00,0.000000000000000000e+00,-0.000000000000000000e+00,0.000000000000000000e+00,0.000000000000000000e+00,5.898884999523068551e-01,0.000000000000000000e+00,-0.000000000000000000e+00,-3.336904387205583827e-02,0.000000000000000000e+00,-6.248647335083742371e-01,1.985273488832201005e+00,0.000000000000000000e+00,-9.928033067666820755e-02,-0.000000000000000000e+00,-5.977233060396863751e-02,-0.000000000000000000e+00,-0.000000000000000000e+00,0.000000000000000000e+00,0.000000000000000000e+00,0.000000000000000000e+00,-0.000000000000000000e+00,-0.000000000000000000e+00,-0.000000000000000000e+00,-0.000000000000000000e+00,0.000000000000000000e+00,-4.115779435945662867e-01,-0.000000000000000000e+00,0.000000000000000000e+00,-0.000000000000000000e+00,-0.000000000000000000e+00,-0.000000000000000000e+00
-0.000000000000000000e+00,-0.000000000000000000e+00,0.000000000000000000e+00,-4.799750663645729887e-01,0.000000000000000000e+00,-0.000000000000000000e+00,-0.000000000000000000e+00,-0.000000000000000000e+00,-0.000000000000000000e+00,-0.000000000000000000e+00,-0.000000000000000000e+00,0.000000000000000000e+00,-0.000000000000000000e+00,-0.000000000000000000e+00,0.000000000000000000e+00,-0.000000000000000000e+00,-0.000000000000000000e+00,-0.000000000000000000e+00,0.000000000000000000e+00,1.304999511252133981e+00,-0.000000000000000000e+00,-2.894205225842209073e-01,-0.000000000000000000e+00,-0.000000000000000000e+00,-0.000000000000000000e+00,0.000000000000000000e+00,0.000000000000000000e+00,0.000000000000000000e+00,-0.000000000000000000e+00,-0.000000000000000000e+00,0.000000000000000000e+00,-0.000000000000000000e+00,-0.000000000000000000e+00,0.000000000000000000e+00,-8.958900227753269913e-03,0.000000000000000000e+00,-8.149909004130899415e-02,-0.000000000000000000e+00,-0.000000000000000000e+00
-0.000000000000000000e+00,-5.779845608281683478e-02,0.000000000000000000e+00,-0.000000000000000000e+00,0.000000000000000000e+00,-2.961255098757659132e-01,-6.311617864241937381e-01,0.000000000000000000e+00,-0.000000000000000000e+00,-0.000000000000000000e+00,-0.000000000000000000e+00,1.171239301341961414e-01,1.112833791311361176e-01,-0.000000000000000000e+00,2.222958308288856821e-02,-0.000000000000000000e+00,0.000000000000000000e+00,-2.931667023956045504e-01,-9.928033067666820755e-02,-0.000000000000000000e+00,2.616251247889742615e+00,-6.450017592435766112e-01,-2.609241895934212296e-01,-2.326300226552691780e-02,-1.077861019502812656e-01,0.000000000000000000e+00,0.000000000000000000e+00,-0.000000000000000000e+00,-6.012215828191752598e-02,-0.000000000000000000e+00,-0.000000000000000000e+00,-1.357574209661489839e-01,0.000000000000000000e+00,-0.000000000000000000e+00,-0.000000000000000000e+00,0.000000000000000000e+00,-8.645541769260134402e-02,-0.000000000000000000e+00,-0.000000000000000000e+00
-0.000000000000000000e+00,-0.000000000000000000e+00,0.000000000000000000e+00,-0.000000000000000000e+00,0.000000000000000000e+00,-1.423723826759944466e-01,-6.761354177770132479e-01,-0.000000000000000000e+00,0.000000000000000000e+00,-0.000000000000000000e+00,-0.000000000000000000e+00,0.000000000000000000e+00,0.000000000000000000e+00,-0.000000000000000000e+00,2.186752200239567567e-01,-0.000000000000000000e+00,0.000000000000000000e+00,-4.551034189099149585e-01,-0.000000000000000000e+00,-2.894205225842209073e-01,-6.450017592435766112e-01,2.446486121391536983e+00,-0.000000000000000000e+00,-0.000000000000000000e+00,-0.000000000000000000e+00,0.000000000000000000e+00,0.000000000000000000e+00,0.000000000000000000e+00,-2.319680281246054923e-02,-0.000000000000000000e+00,-0.000000000000000000e+00,-0.000000000000000000e+00,0.000000000000000000e+00,-0.000000000000000000e+00,-0.000000000000000000e+00,0.000000000000000000e+00,-1.968338851771741227e-01,-0.000000000000000000e+00,-0.000000000000000000e+00
-0.000000000000000000e+00,-7.689791694188706506e-02,-0.000000000000000000e+00,0.000000000000000000e+00,-0.000000000000000000e+00,-0.000000000000000000e+00,-9.246850833691824811e-03,0.000000000000000000e+00,-0.000000000000000000e+00,-0.000000000000000000e+00,-0.000000000000000000e+00,0.000000000000000000e+00,4.423645214555738114e-02,-0.000000000000000000e+00,0.000000000000000000e+00,-0.000000000000000000e+00,-0.000000000000000000e+00,-2.343553531125133482e-01,-5.977233060396863751e-02,-0.000000000000000000e+00,-2.609241895934212296e-01,-0.000000000000000000e+00,2.109167991611198723e+00,-1.767482434951153925e-01,-7.207647453606313981e-01,-0.000000000000000000e+00,0.000000000000000000e+00,-0.000000000000000000e+00,-3.522402653023229413e-02,-2.908066916344861572e-02,-0.000000000000000000e+00,-3.613199615780178231e-01,0.000000000000000000e+00,-1.149708429094992851e-01,-0.000000000000000000e+00,-0.000000000000000000e+00,-0.000000000000000000e+00,-0.000000000000000000e+00,-0.000000000000000000e+00
-0.000000000000000000e+00,-0.000000000000000000e+00,-0.000000000000000000e+00,-0.000000000000000000e+00,-0.000000000000000000e+00,-3.641183188846037755e-01,-0.000000000000000000e+00,1.089655450784821067e-01,-0.000000000000000000e+00,-0.000000000000000000e+00,-0.000000000000000000e+00,0.000000000000000000e+00,-0.000000000000000000e+00,-4.067760882184616178e-01,0.000000000000000000e+00,-0.000000000000000000e+00,-3.264142916496275137e-02,-0.000000000000000000e+00,-0.000000000000000000e+00,-0.000000000000000000e+00,-2.326300226552691780e-02,-0.000000000000000000e+00,-1.767482434951153925e-01,2.025518596595729637e+00,-0.000000000000000000e+00,-0.000000000000000000e+00,-0.000000000000000000e+00,-2.898149723479027662e-01,-0.000000000000000000e+00,-0.000000000000000000e+00,-1.611294860792194736e-02,-0.000000000000000000e+00,-0.000000000000000000e+00,-0.000000000000000000e+00,-4.924061336927122445e-01,-0.000000000000000000e+00,-1.152738497548529695e-01,0.000000000000000000e+00,-0.000000000000000000e+00
-0.000000000000000000e+00,-1.981483345164175291e-01,-0.000000000000000000e+00,0.000000000000000000e+00,-0.000000000000000000e+00,-0.000000000000000000e+00,-0.000000000000000000e+00,0.000000000000000000e+00,-1.408022111431756485e-01,-2.212923001712506221e-01,-0.000000000000000000e+00,-0.000000000000000000e+00,0.000000000000000000e+00,-0.000000000000000000e+00,0.000000000000000000e+00,-1.761337861850454656e-01,-0.000000000000000000e+00,-2.506066553585227855e-02,-0.000000000000000000e+00,-0.000000000000000000e+00,-1.077861019502812656e-01,-0.000000000000000000e+00,-7.207647453606313981e-01,-0.000000000000000000e+00,2.394749637474212545e+00,-0.000000000000000000e+00,0.000000000000000000e+00,-0.000000000000000000e+00,-1.392381050560553835e-01,-9.868159678578736216e-03,-1.937412588811770753e-01,-1.031008382954593794e-01,0.000000000000000000e+00,-1.446789071402791449e-01,-7.061609534229415508e-02,-0.000000000000000000e+00,-0.000000000000000000e+00,-0.000000000000000000e+00,-3.020957588023472362e-01
-1.502165782710029873e-01,-0.000000000000000000e+00,-2.340605034053321598e-01,-0.000000000000000000e+00,-1.384928166298378671e-01,-0.000000000000000000e+00,0.000000000000000000e+00,2.579015052277915943e-01,-5.607913926736145527e-01,-0.000000000000000000e+00,-0.000000000000000000e+00,-0.000000000000000000e+00,-0.000000000000000000e+00,-6.567114758590379513e-03,-3.497514165099697980e-02,-0.000000000000000000e+00,-1.947551116695317441e-01,0.000000000000000000e+00,0.000000000000000000e+00,0.000000000000000000e+00,0.000000000000000000e+00,0.000000000000000000e+00,-0.000000000000000000e+00,-0.000000000000000000e+00,-0.000000000000000000e+00,2.165440647461232437e+00,-1.519195968355052384e-01,-8.436621230645945102e-02,-0.000000000000000000e+00,-2.543749308801239173e-01,-7.146201246404065843e-02,-0.000000000000000000e+00,-1.013933741909754105e-01,-0.000000000000000000e+00,-0.000000000000000000e+00,-0.000000000000000000e+00,-0.000000000000000000e+00,-1.183658421248796021e-02,-1.990517112054480519e-03
-0.000000000000000000e+00,0.000000000000000000e+00,-2.055988557916824666e-01,-0.000000000000000000e+00,-0.000000000000000000e+00,0.000000000000000000e+00,2.279150948939653865e-01,0.000000000000000000e+00,-4.067280815128838933e-02,-0.000000000000000000e+00,-3.728163371251053126e-01,-3.563488631496455339e-01,-4.439901084769392048e-01,-0.000000000000000000e+00,-0.000000000000000000e+00,0.000000000000000000e+00,-1.052549020097245797e-01,0.000000000000000000e+00,0.000000000000000000e+00,0.000000000000000000e+00,0.000000000000000000e+00,0.000000000000000000e+00,0.000000000000000000e+00,-0.000000000000000000e+00,0.000000000000000000e+00,-1.519195968355052384e-01,2.293859357040128888e+00,-0.000000000000000000e+00,-0.000000000000000000e+00,-0.000000000000000000e+00,-0.000000000000000000e+00,0.000000000000000000e+00,-6.148812932201536130e-01,0.000000000000000000e+00,-0.000000000000000000e+00,-0.000000000000000000e+00,0.000000000000000000e+00,-0.000000000000000000e+00,-0.000000000000000000e+00
0.000000000000000000e+00,0.000000000000000000e+00,-4.707859619357592784e-01,-0.000000000000000000e+00,-0.000000000000000000e+00,-0.000000000000000000e+00,0.000000000000000000e+00,5.518351344609648823e-01,-0.000000000000000000e+00,-0.000000000000000000e+00,-0.000000000000000000e+00,0.000000000000000000e+00,-0.000000000000000000e+00,-0.000000000000000000e+00,-0.000000000000000000e+00,0.000000000000000000e+00,-2.876061333707993772e-01,0.000000000000000000e+00,0.000000000000000000e+00,0.000000000000000000e+00,-0.000000000000000000e+00,0.000000000000000000e+00,-0.000000000000000000e+00,-2.898149723479027662e-01,-0.000000000000000000e+00,-8.436621230645945102e-02,-0.000000000000000000e+00,1.952817527736258052e+00,-0.000000000000000000e+00,-0.000000000000000000e+00,-0.000000000000000000e+00,-0.000000000000000000e+00,-0.000000000000000000e+00,-0.000000000000000000e+00,-0.000000000000000000e+00,-3.217558399980405270e-02,-0.000000000000000000e+00,0.000000000000000000e+00,-0.000000000000000000e+00
-1.534386043939288402e-01,-3.113058885157001243e-01,-0.000000000000000000e+00,-0.000000000000000000e+00,-0.000000000000000000e+00,-2.400505023240123714e-01,-0.000000000000000000e+00,0.000000000000000000e+00,-8.482698929816243072e-02,-1.632519124956638423e-01,-0.000000000000000000e+00,0.000000000000000000e+00,0.000000000000000000e+00,-3.447059511959965628e-02,0.000000000000000000e+00,-0.000000000000000000e+00,-0.000000000000000000e+00,-0.000000000000000000e+00,-0.000000000000000000e+00,-0.000000000000000000e+00,-6.012215828191752598e-02,-2.319680281246054923e-02,-3.522402653023229413e-02,-0.000000000000000000e+00,-1.392381050560553835e-01,-0.000000000000000000e+00,-0.000000000000000000e+00,-0.000000000000000000e+00,2.446424760478365545e+00,-0.000000000000000000e+00,-0.000000000000000000e+00,-5.319046431609759651e-01,-0.000000000000000000e+00,-0.000000000000000000e+00,-5.483263947947735195e-01,0.000000000000000000e+00,-1.006956961133395612e-01,-0.000000000000000000e+00,-1.279181914205987647e-01
-2.995834295987925278e-01,-6.101808584612931213e-02,-0.000000000000000000e+00,0.000000000000000000e+00,-2.721644503084215683e-01,-0.000000000000000000e+00,0.000000000000000000e+00,0.000000000000000000e+00,-1.561457025597710879e-01,-2.183892577065153495e-01,-0.000000000000000000e+00,-0.000000000000000000e+00,0.000000000000000000e+00,-0.000000000000000000e+00,-1.599449942154004267e-01,-8.113257612023996868e-02,-0.000000000000000000e+00,-0.000000000000000000e+00,-0.000000000000000000e+00,-0.000000000000000000e+00,-0.000000000000000000e+00,-0.000000000000000000e+00,-2.908066916344861572e-02,-0.000000000000000000e+00,-9.868159678578736216e-03,-2.543749308801239173e-01,-0.000000000000000000e+00,-0.000000000000000000e+00,-0.000000000000000000e+00,2.161737392511742240e+00,-0.000000000000000000e+00,-0.000000000000000000e+00,-0.000000000000000000e+00,-2.341119170929168158e-01,-0.000000000000000000e+00,-0.000000000000000000e+00,-0.000000000000000000e+00,-3.562085610557353954e-01,-1.849503211233471389e-01
-0.000000000000000000e+00,-0.000000000000000000e+00,-1.068985094137648861e-01,0.000000000000000000e+00,-0.000000000000000000e+00,-0.000000000000000000e+00,-0.000000000000000000e+00,3.491937136209760095e-01,-6.459418873342333278e-02,-8.891412474274405786e-02,-0.000000000000000000e+00,-0.000000000000000000e+00,0.000000000000000000e+00,-3.088207603334218176e-01,-0.000000000000000000e+00,-3.313183415552339167e-02,-0.000000000000000000e+00,-0.000000000000000000e+00,-0.000000000000000000e+00,0.000000000000000000e+00,-0.000000000000000000e+00,-0.000000000000000000e+00,-0.000000000000000000e+00,-1.611294860792194736e-02,-1.937412588811770753e-01,-7.146201246404065843e-02,-0.000000000000000000e+00,-0.000000000000000000e+00,-0.000000000000000000e+00,-0.000000000000000000e+00,1.745112730528902256e+00,-0.000000000000000000e+00,-0.000000000000000000e+00,-1.274757160934644751e-01,-0.000000000000000000e+00,-2.924654171543543679e-01,-0.000000000000000000e+00,-0.000000000000000000e+00,-0.000000000000000000e+00
-0.000000000000000000e+00,-1.865414583422735639e-01,-0.000000000000000000e+00,-0.000000000000000000e+00,-0.000000000000000000e+00,-0.000000000000000000e+00,-0.000000000000000000e+00,0.000000000000000000e+00,-0.000000000000000000e+00,-0.000000000000000000e+00,-0.000000000000000000e+00,0.000000000000000000e+00,0.000000000000000000e+00,-0.000000000000000000e+00,0.000000000000000000e+00,-0.000000000000000000e+00,-0.000000000000000000e+00,-1.174182228408839207e-01,-0.000000000000000000e+00,-0.000000000000000000e+00,-1.357574209661489839e-01,-0.000000000000000000e+00,-3.613199615780178231e-01,-0.000000000000000000e+00,-1.031008382954593794e-01,-0.000000000000000000e+00,0.000000000000000000e+00,-0.000000000000000000e+00,-5.319046431609759651e-01,-0.000000000000000000e+00,-0.000000000000000000e+00,2.264407858254755990e+00,0.000000000000000000e+00,-0.000000000000000000e+00,-1.124755597372523036e-01,0.000000000000000000e+00,-5.678812020816972339e-01,-0.000000000000000000e+00,-1.328413200906215508e-01
-0.000000000000000000e+00,0.000000000000000000e+00,-3.261987115311653085e-01,-0.000000000000000000e+00,-0.000000000000000000e+00,0.000000000000000000e+00,2.026878824179084437e-01,4.882056230869748215e-02,-0.000000000000000000e+00,-0.000000000000000000e+00,-0.000000000000000000e+00,-4.045283603666925965e-01,-3.561630556026266214e-01,-1.623577133837349890e-02,-0.000000000000000000e+00,-0.000000000000000000e+00,-0.000000000000000000e+00,0.000000000000000000e+00,0.000000000000000000e+00,-0.000000000000000000e+00,0.000000000000000000e+00,0.000000000000000000e+00,0.000000000000000000e+00,-0.000000000000000000e+00,0.000000000000000000e+00,-1.013933741909754105e-01,-6.148812932201536130e-01,-0.000000000000000000e+00,-0.000000000000000000e+00,-0.000000000000000000e+00,-0.000000000000000000e+00,0.000000000000000000e+00,2.091872171438281747e+00,0.000000000000000000e+00,-0.000000000000000000e+00,-7.604470064137686114e-02,0.000000000000000000e+00,-0.000000000000000000e+00,-0.000000000000000000e+00
-0.000000000000000000e+00,-0.000000000000000000e+00,-0.000000000000000000e+00,1.933735703827625940e-01,-3.070612070818362072e-01,0.000000000000000000e+00,-0.000000000000000000e+00,0.000000000000000000e+00,-0.000000000000000000e+00,-0.000000000000000000e+00,0.000000000000000000e+00,-0.000000000000000000e+00,0.000000000000000000e+00,-0.000000000000000000e+00,-2.915879615429755045e-01,-2.156260327552754139e-02,0.000000000000000000e+00,-0.000000000000000000e+00,-4.115779435945662867e-01,0.000000000000000000e+00,-0.000000000000000000e+00,-0.000000000000000000e+00,-1.149708429094992851e-01,-0.000000000000000000e+00,-1.446789071402791449e-01,-0.000000000000000000e+00,0.000000000000000000e+00,-0.000000000000000000e+00,-0.000000000000000000e+00,-2.341119170929168158e-01,-1.274757160934644751e-01,-0.000000000000000000e+00,0.000000000000000000e+00,1.656468168437644994e+00,-0.000000000000000000e+00,-0.000000000000000000e+00,0.000000000000000000e+00,-1.044811499274751060e-01,-0.000000000000000000e+00
-0.000000000000000000e+00,-0.000000000000000000e+00,-0.000000000000000000e+00,-1.193901920262900873e-01,-0.000000000000000000e+00,-1.530892258679283635e-01,-0.000000000000000000e+00,0.000000000000000000e+00,-8.120557931989248746e-02,-0.000000000000000000e+00,-2.130112680388396296e-01,0.000000000000000000e+00,-0.000000000000000000e+00,-3.047518172847782925e-01,0.000000000000000000e+00,-0.000000000000000000e+00,-1.975779819030940021e-02,-0.000000000000000000e+00,-0.000000000000000000e+00,-8.958900227753269913e-03,-0.000000000000000000e+00,-0.000000000000000000e+00,-0.000000000000000000e+00,-4.924061336927122445e-01,-7.061609534229415508e-02,-0.000000000000000000e+00,-0.000000000000000000e+00,-0.000000000000000000e+00,-5.483263947947735195e-01,-0.000000000000000000e+00,-0.000000000000000000e+00,-1.124755597372523036e-01,-0.000000000000000000e+00,-0.000000000000000000e+00,2.312887305067871768e+00,-0.000000000000000000e+00,-3.438073663995298568e-01,-0.000000000000000000e+00,-0.000000000000000000e+00
-0.000000000000000000e+00,-0.000000000000000000e+00,-2.916696955691311932e-01,-0.000000000000000000e+00,-9.052047815054281577e-02,0.000000000000000000e+00,0.000000000000000000e+00,2.850183087348868161e-01,-0.000000000000000000e+00,-0.000000000000000000e+00,-0.000000000000000000e+00,-0.000000000000000000e+00,-0.000000000000000000e+00,-6.975891248090325403e-02,-0.000000000000000000e+00,-0.000000000000000000e+00,-0.000000000000000000e+00,0.000000000000000000e+00,0.000000000000000000e+00,0.000000000000000000e+00,0.000000000000000000e+00,0.000000000000000000e+00,-0.000000000000000000e+00,-0.000000000000000000e+00,-0.000000000000000000e+00,-0.000000000000000000e+00,-0.000000000000000000e+00,-3.217558399980405270e-02,0.000000000000000000e+00,-0.000000000000000000e+00,-2.924654171543543679e-01,0.000000000000000000e+00,-7.604470064137686114e-02,-0.000000000000000000e+00,-0.000000000000000000e+00,1.509205858444341075e+00,0.000000000000000000e+00,0.000000000000000000e+00,-0.000000000000000000e+00
-0.000000000000000000e+00,-0.000000000000000000e+00,-0.000000000000000000e+00,-0.000000000000000000e+00,-0.000000000000000000e+00,-4.545566873966440657e-01,-0.000000000000000000e+00,0.000000000000000000e+00,-0.000000000000000000e+00,-0.000000000000000000e+00,-0.000000000000000000e+00,0.000000000000000000e+00,0.000000000000000000e+00,-4.839371434556852258e-02,4.605312014077569266e-02,-0.000000000000000000e+00,-0.000000000000000000e+00,-0.000000000000000000e+00,-0.000000000000000000e+00,-8.149909004130899415e-02,-8.645541769260134402e-02,-1.968338851771741227e-01,-0.000000000000000000e+00,-1.152738497548529695e-01,-0.000000000000000000e+00,-0.000000000000000000e+00,0.000000000000000000e+00,-0.000000000000000000e+00,-1.006956961133395612e-01,-0.000000000000000000e+00,-0.000000000000000000e+00,-5.678812020816972339e-01,0.000000000000000000e+00,0.000000000000000000e+00,-3.438073663995298568e-01,0.000000000000000000e+00,2.073439458762060372e+00,-0.000000000000000000e+00,-0.000000000000000000e+00
-4.835164156308093264e-01,-2.004448338309137712e-01,-0.000000000000000000e+00,0.000000000000000000e+00,-0.000000000000000000e+00,0.000000000000000000e+00,-0.000000000000000000e+00,0.000000000000000000e+00,-0.000000000000000000e+00,-1.292774535289039073e-01,-0.000000000000000000e+00,-0.000000000000000000e+00,0.000000000000000000e+00,-0.000000000000000000e+00,-0.000000000000000000e+00,-1.604325438966491268e-01,-0.000000000000000000e+00,-0.000000000000000000e+00,-0.000000000000000000e+00,-0.000000000000000000e+00,-0.000000000000000000e+00,-0.000000000000000000e+00,-0.000000000000000000e+00,0.000000000000000000e+00,-0.000000000000000000e+00,-1.183658421248796021e-02,-0.000000000000000000e+00,0.000000000000000000e+00,-0.000000000000000000e+00,-3.562085610557353954e-01,-0.000000000000000000e+00,-0.000000000000000000e+00,-0.000000000000000000e+00,-1.044811499274751060e-01,-0.000000000000000000e+00,0.000000000000000000e+00,-0.000000000000000000e+00,2.132290423526784995e+00,-4.918344792130497911e-01
-2.104497592017237628e-01,-5.126404886483970635e-01,-0.000000000000000000e+00,0.000000000000000000e+00,-0.000000000000000000e+00,-0.000000000000000000e+00,-0.000000000000000000e+00,0.000000000000000000e+00,-2.304806948807643363e-01,-2.403266594351294583e-01,-0.000000000000000000e+00,-0.000000000000000000e+00,0.000000000000000000e+00,-0.000000000000000000e+00,-0.000000000000000000e+00,-1.044773873105234313e-01,-0.000000000000000000e+00,-0.000000000000000000e+00,-0.000000000000000000e+00,-0.000000000000000000e+00,-0.000000000000000000e+00,-0.000000000000000000e+00,-0.000000000000000000e+00,-0.000000000000000000e+00,-3.020957588023472362e-01,-1.990517112054480519e-03,-0.000000000000000000e+00,-0.000000000000000000e+00,-1.279181914205987647e-01,-1.849503211233471389e-01,-0.000000000000000000e+00,-1.328413200906215508e-01,-0.000000000000000000e+00,-0.000000000000000000e+00,-0.000000000000000000e+00,-0.000000000000000000e+00,-0.000000000000000000e+00,-4.918344792130497911e-01,2.518861942306573898e+00
