1.703565510512395909e+00,-8.083968540567677830e-02,-1.785092937699560567e-01,-0.000000000000000000e+00,-1.421197961578401781e-01,0.000000000000000000e+00,0.000000000000000000e+00,0.000000000000000000e+00,-1.957799249164506039e-01,-2.196370118042782760e-01,0.000000000000000000e+00,-0.000000000000000000e+00,-0.000000000000000000e+00,-0.000000000000000000e+00,-0.000000000000000000e+00,-1.580563397061633124e-01,0.000000000000000000e+00,-0.000000000000000000e+00,-0.000000000000000000e+00,-0.000000000000000000e+00,-0.000000000000000000e+00,-0.000000000000000000e+00,0.000000000000000000e+00,0.000000000000000000e+00,-0.000000000000000000e+00,-3.423124542389435754e-02,-0.000000000000000000e+00,-0.000000000000000000e+00,0.000000000000000000e+00,-8.672434749894246397e-02,0.000000000000000000e+00,0.000000000000000000e+00,-0.000000000000000000e+00,-0.000000000000000000e+00,0.000000000000000000e+00,-1.110196978851313993e-02,0.000000000000000000e+00,-5.974718476574164550e-01,-7.584657441686198931e-02
-8.083968540567677830e-02,1.414080337701965284e+00,0.000000000000000000e+00,0.000000000000000000e+00,-0.000000000000000000e+00,-0.000000000000000000e+00,0.000000000000000000e+00,2.339739557040262374e-01,-1.831991624935842278e-01,-3.817676709377903488e-01,0.000000000000000000e+00,0.000000000000000000e+00,0.000000000000000000e+00,-7.491920399566527611e-02,0.000000000000000000e+00,-0.000000000000000000e+00,-0.000000000000000000e+00,0.000000000000000000e+00,-0.000000000000000000e+00,3.873621552830628922e-01,1.117599317140375303e-01,4.837410738334417537e-02,-6.306910638678470127e-02,-0.000000000000000000e+00,-0.000000000000000000e+00,0.000000000000000000e+00,-0.000000000000000000e+00,0.000000000000000000e+00,-0.000000000000000000e+00,-7.784070743626161915e-02,-0.000000000000000000e+00,0.000000000000000000e+00,0.000000000000000000e+00,-0.000000000000000000e+00,-0.000000000000000000e+00,-0.000000000000000000e+00,0.000000000000000000e+00,-0.000000000000000000e+00,-0.000000000000000000e+00
-1.785092937699560567e-01,0.000000000000000000e+00,1.621938067242042703e+00,-1.641997329130581371e-02,-5.683640125480084876e-02,0.000000000000000000e+00,0.000000000000000000e+00,1.703406045143397675e-03,-1.662153950639244648e-01,-0.000000000000000000e+00,-0.000000000000000000e+00,-0.000000000000000000e+00,-0.000000000000000000e+00,-0.000000000000000000e+00,-8.477180580032621371e-02,-4.256633243271013695e-02,0.000000000000000000e+00,-0.000000000000000000e+00,-2.816644620469171967e-01,-0.000000000000000000e+00,-0.000000000000000000e+00,-0.000000000000000000e+00,0.000000000000000000e+00,0.000000000000000000e+00,-0.000000000000000000e+00,-6.634208316009226891e-02,-0.000000000000000000e+00,-4.863529279264122707e-01,0.000000000000000000e+00,-0.000000000000000000e+00,-0.000000000000000000e+00,0.000000000000000000e+00,-6.700553325169385233e-02,-4.477229934640461484e-03,0.000000000000000000e+00,-0.000000000000000000e+00,0.000000000000000000e+00,-1.389051820390858616e-01,-0.000000000000000000e+00
-0.000000000000000000e+00,0.000000000000000000e+00,-1.641997329130581371e-02,2.221366759574806338e+00,-0.000000000000000000e+00,0.000000000000000000e+00,-0.000000000000000000e+00,0.000000000000000000e+00,-0.000000000000000000e+00,-0.000000000000000000e+00,0.000000000000000000e+00,-1.246498322142156334e-01,-0.000000000000000000e+00,0.000000000000000000e+00,-0.000000000000000000e+00,-1.956106930814654685e-02,0.000000000000000000e+00,-4.844762364694493728e-01,-1.906420316214461619e-01,-2.038178450847968337e-01,0.000000000000000000e+00,-3.128433629231981983e-01,2.903694416045871640e-01,0.000000000000000000e+00,-0.000000000000000000e+00,0.000000000000000000e+00,0.000000000000000000e+00,-0.000000000000000000e+00,1.945172307386223709e-01,0.000000000000000000e+00,0.000000000000000000e+00,0.000000000000000000e+00,-0.000000000000000000e+00,-1.321297197174926552e-01,1.580071714679048556e-01,-0.000000000000000000e+00,0.000000000000000000e+00,-0.000000000000000000e+00,-0.000000000000000000e+00
-1.421197961578401781e-01,-0.000000000000000000e+00,-5.683640125480084876e-02,-0.000000000000000000e+00,1.813754669189477475e+00,0.000000000000000000e+00,0.000000000000000000e+00,3.897222599186863645e-01,-2.398087214674747558e-01,-2.784594725083903155e-01,0.000000000000000000e+00,-0.000000000000000000e+00,0.000000000000000000e+00,-0.000000000000000000e+00,-0.000000000000000000e+00,-1.099299939688457993e-04,0.000000000000000000e+00,-0.000000000000000000e+00,-4.601034866685682623e-01,0.000000000000000000e+00,0.000000000000000000e+00,-0.000000000000000000e+00,0.000000000000000000e+00,0.000000000000000000e+00,-9.437468215557345830e-02,0.000000000000000000e+00,0.000000000000000000e+00,-0.000000000000000000e+00,0.000000000000000000e+00,-0.000000000000000000e+00,0.000000000000000000e+00,0.000000000000000000e+00,-0.000000000000000000e+00,-2.260559009661206875e-01,0.000000000000000000e+00,-0.000000000000000000e+00,0.000000000000000000e+00,-0.000000000000000000e+00,-0.000000000000000000e+00
0.000000000000000000e+00,-0.000000000000000000e+00,0.000000000000000000e+00,0.000000000000000000e+00,0.000000000000000000e+00,2.644131771152986143e+00,-0.000000000000000000e+00,0.000000000000000000e+00,0.000000000000000000e+00,0.000000000000000000e+00,-9.681439595242562202e-02,3.614197742741046548e-01,1.831057745038826012e-01,-0.000000000000000000e+00,3.957158204479833130e-01,2.235914421844712938e-02,-4.980553053226537408e-01,1.253176285902415366e-01,0.000000000000000000e+00,0.000000000000000000e+00,-0.000000000000000000e+00,0.000000000000000000e+00,-9.071311696464876007e-02,-3.781846221515866580e-01,-0.000000000000000000e+00,-0.000000000000000000e+00,-0.000000000000000000e+00,0.000000000000000000e+00,-1.900649850232487281e-01,-0.000000000000000000e+00,-0.000000000000000000e+00,-0.000000000000000000e+00,-0.000000000000000000e+00,0.000000000000000000e+00,-1.884460628266361737e-01,1.338033506785533677e-01,-0.000000000000000000e+00,1.891494762410515090e-02,0.000000000000000000e+00
0.000000000000000000e+00,0.000000000000000000e+00,0.000000000000000000e+00,-0.000000000000000000e+00,0.000000000000000000e+00,-0.000000000000000000e+00,1.246329284653790115e+00,0.000000000000000000e+00,0.000000000000000000e+00,0.000000000000000000e+00,-4.609451031974422242e-02,1.944158480678694345e-01,0.000000000000000000e+00,0.000000000000000000e+00,0.000000000000000000e+00,0.000000000000000000e+00,-0.000000000000000000e+00,0.000000000000000000e+00,0.000000000000000000e+00,-0.000000000000000000e+00,-0.000000000000000000e+00,-0.000000000000000000e+00,-0.000000000000000000e+00,-0.000000000000000000e+00,-1.112555058506469047e-01,-0.000000000000000000e+00,2.275737784280539716e-02,-0.000000000000000000e+00,-0.000000000000000000e+00,-0.000000000000000000e+00,-0.000000000000000000e+00,-0.000000000000000000e+00,-0.000000000000000000e+00,0.000000000000000000e+00,-0.000000000000000000e+00,1.709207127933664860e-01,-0.000000000000000000e+00,0.000000000000000000e+00,3.128736380167180808e-01
0.000000000000000000e+00,2.339739557040262374e-01,1.703406045143397675e-03,0.000000000000000000e+00,3.897222599186863645e-01,0.000000000000000000e+00,0.000000000000000000e+00,1.405304087135396562e+00,1.296873538516118696e-01,1.838232958705812714e-01,-0.000000000000000000e+00,-0.000000000000000000e+00,-4.490992356559327797e-02,0.000000000000000000e+00,-0.000000000000000000e+00,0.000000000000000000e+00,-0.000000000000000000e+00,0.000000000000000000e+00,7.652116775551220940e-02,-1.997334664193286223e-03,-1.474588775140181496e-01,-0.000000000000000000e+00,0.000000000000000000e+00,0.000000000000000000e+00,4.489031235122876995e-02,-0.000000000000000000e+00,-0.000000000000000000e+00,-0.000000000000000000e+00,-0.000000000000000000e+00,0.000000000000000000e+00,-0.000000000000000000e+00,-0.000000000000000000e+00,0.000000000000000000e+00,0.000000000000000000e+00,-0.000000000000000000e+00,0.000000000000000000e+00,-0.000000000000000000e+00,0.000000000000000000e+00,-0.000000000000000000e+00
-1.957799249164506039e-01,-1.831991624935842278e-01,-1.662153950639244648e-01,-0.000000000000000000e+00,-2.398087214674747558e-01,0.000000000000000000e+00,0.000000000000000000e+00,1.296873538516118696e-01,1.395128762903913078e+00,-0.000000000000000000e+00,-0.000000000000000000e+00,-0.000000000000000000e+00,0.000000000000000000e+00,-1.529657338645637465e-01,0.000000000000000000e+00,-0.000000000000000000e+00,-0.000000000000000000e+00,-0.000000000000000000e+00,-0.000000000000000000e+00,0.000000000000000000e+00,-0.000000000000000000e+00,0.000000000000000000e+00,-0.000000000000000000e+00,-0.000000000000000000e+00,-1.540807422832948248e-01,-5.451264745276793167e-02,-2.245178716864302745e-02,-0.000000000000000000e+00,-0.000000000000000000e+00,-9.960676563842367492e-02,-0.000000000000000000e+00,-0.000000000000000000e+00,-0.000000000000000000e+00,-0.000000000000000000e+00,-0.000000000000000000e+00,-0.000000000000000000e+00,-0.000000000000000000e+00,-0.000000000000000000e+00,-1.772261785655743771e-01
-2.196370118042782760e-01,-3.817676709377903488e-01,-0.000000000000000000e+00,-0.000000000000000000e+00,-2.784594725083903155e-01,0.000000000000000000e+00,0.000000000000000000e+00,1.838232958705812714e-01,-0.000000000000000000e+00,1.901797074273139598e+00,0.000000000000000000e+00,-0.000000000000000000e+00,0.000000000000000000e+00,-0.000000000000000000e+00,-0.000000000000000000e+00,-4.912600851654834733e-01,0.000000000000000000e+00,-0.000000000000000000e+00,-3.359812293649729054e-02,0.000000000000000000e+00,9.882123306293984222e-02,0.000000000000000000e+00,0.000000000000000000e+00,0.000000000000000000e+00,-0.000000000000000000e+00,0.000000000000000000e+00,-0.000000000000000000e+00,0.000000000000000000e+00,0.000000000000000000e+00,-0.000000000000000000e+00,0.000000000000000000e+00,0.000000000000000000e+00,-0.000000000000000000e+00,-0.000000000000000000e+00,0.000000000000000000e+00,-2.995525257993572055e-01,9.292243933132700306e-02,-0.000000000000000000e+00,-0.000000000000000000e+00
0.000000000000000000e+00,0.000000000000000000e+00,-0.000000000000000000e+00,0.000000000000000000e+00,0.000000000000000000e+00,-9.681439595242562202e-02,-4.609451031974422242e-02,-0.000000000000000000e+00,-0.000000000000000000e+00,0.000000000000000000e+00,1.994083086926992765e+00,0.000000000000000000e+00,0.000000000000000000e+00,-0.000000000000000000e+00,0.000000000000000000e+00,0.000000000000000000e+00,-2.412589045662807963e-01,0.000000000000000000e+00,0.000000000000000000e+00,-0.000000000000000000e+00,-1.906307424647953608e-01,-0.000000000000000000e+00,-0.000000000000000000e+00,-1.578420151678926464e-01,-3.685009481473144888e-01,-6.789700737751738898e-04,-0.000000000000000000e+00,-0.000000000000000000e+00,-0.000000000000000000e+00,-0.000000000000000000e+00,-2.808086456186906395e-03,-1.413414255249456075e-01,-1.826559887488647116e-01,0.000000000000000000e+00,-0.000000000000000000e+00,1.222941216798231617e-01,-5.560195858831049609e-01,0.000000000000000000e+00,0.000000000000000000e+00
-0.000000000000000000e+00,0.000000000000000000e+00,-0.000000000000000000e+00,-1.246498322142156334e-01,-0.000000000000000000e+00,3.614197742741046548e-01,1.944158480678694345e-01,-0.000000000000000000e+00,-0.000000000000000000e+00,-0.000000000000000000e+00,0.000000000000000000e+00,2.528236886320479382e+00,-0.000000000000000000e+00,0.000000000000000000e+00,-4.962534258552190464e-02,-1.986680476946290352e-01,3.358666102277556020e-01,-1.301501856373271648e-01,-0.000000000000000000e+00,-0.000000000000000000e+00,0.000000000000000000e+00,-1.385684393695864047e-01,0.000000000000000000e+00,1.169882597022686294e-01,0.000000000000000000e+00,0.000000000000000000e+00,-0.000000000000000000e+00,-0.000000000000000000e+00,3.234481477816386619e-01,0.000000000000000000e+00,0.000000000000000000e+00,0.000000000000000000e+00,0.000000000000000000e+00,-1.545854705979463617e-01,2.199785027328404752e-01,-2.313868352891336466e-01,0.000000000000000000e+00,-0.000000000000000000e+00,-1.177670603467251415e-01
-0.000000000000000000e+00,0.000000000000000000e+00,-0.000000000000000000e+00,-0.000000000000000000e+00,0.000000000000000000e+00,1.831057745038826012e-01,0.000000000000000000e+00,-4.490992356559327797e-02,0.000000000000000000e+00,0.000000000000000000e+00,0.000000000000000000e+00,-0.000000000000000000e+00,1.477194803580701876e+00,0.000000000000000000e+00,-2.835194899536945257e-01,-0.000000000000000000e+00,0.000000000000000000e+00,-0.000000000000000000e+00,-0.000000000000000000e+00,-1.770064684280996115e-01,-0.000000000000000000e+00,-2.838160995424364175e-01,7.455410252056775613e-03,3.972675292234836147e-02,0.000000000000000000e+00,-0.000000000000000000e+00,-0.000000000000000000e+00,-0.000000000000000000e+00,0.000000000000000000e+00,0.000000000000000000e+00,0.000000000000000000e+00,0.000000000000000000e+00,0.000000000000000000e+00,-0.000000000000000000e+00,0.000000000000000000e+00,-0.000000000000000000e+00,0.000000000000000000e+00,-1.244048580887641142e-02,-1.723530901702700346e-01
-0.000000000000000000e+00,-7.491920399566527611e-02,-0.000000000000000000e+00,0.000000000000000000e+00,-0.000000000000000000e+00,-0.000000000000000000e+00,0.000000000000000000e+00,0.000000000000000000e+00,-1.529657338645637465e-01,-0.000000000000000000e+00,-0.000000000000000000e+00,0.000000000000000000e+00,0.000000000000000000e+00,1.574907891433977802e+00,0.000000000000000000e+00,0.000000000000000000e+00,-0.000000000000000000e+00,0.000000000000000000e+00,0.000000000000000000e+00,3.934847650318579193e-02,-0.000000000000000000e+00,0.000000000000000000e+00,-2.777641677384654062e-01,-1.017848663383262575e-01,-0.000000000000000000e+00,-8.080613012333370815e-03,-1.830677812303970198e-01,-0.000000000000000000e+00,-1.291907270227841686e-01,-3.080064869965880581e-01,-1.813358220917475339e-01,-1.978741635121327239e-02,-0.000000000000000000e+00,0.000000000000000000e+00,-7.618006006276178965e-02,0.000000000000000000e+00,-0.000000000000000000e+00,-0.000000000000000000e+00,-0.000000000000000000e+00
-0.000000000000000000e+00,0.000000000000000000e+00,-8.477180580032621371e-02,-0.000000000000000000e+00,-0.000000000000000000e+00,3.957158204479833130e-01,0.000000000000000000e+00,-0.000000000000000000e+00,0.000000000000000000e+00,-0.000000000000000000e+00,0.000000000000000000e+00,-4.962534258552190464e-02,-2.835194899536945257e-01,0.000000000000000000e+00,2.467499621222216444e+00,-0.000000000000000000e+00,7.616448242427759086e-02,-3.102508967242526006e-01,-0.000000000000000000e+00,-4.114406996465135302e-01,-0.000000000000000000e+00,-1.268156540733987037e-01,3.463473814665413708e-01,1.320329535477312022e-01,0.000000000000000000e+00,-0.000000000000000000e+00,0.000000000000000000e+00,-1.283764070133897595e-01,0.000000000000000000e+00,0.000000000000000000e+00,0.000000000000000000e+00,0.000000000000000000e+00,-0.000000000000000000e+00,-0.000000000000000000e+00,0.000000000000000000e+00,-0.000000000000000000e+00,0.000000000000000000e+00,-3.341576327055896245e-01,-0.000000000000000000e+00
-1.580563397061633124e-01,-0.000000000000000000e+00,-4.256633243271013695e-02,-1.956106930814654685e-02,-1.099299939688457993e-04,2.235914421844712938e-02,0.000000000000000000e+00,0.000000000000000000e+00,-0.000000000000000000e+00,-4.912600851654834733e-01,0.000000000000000000e+00,-1.986680476946290352e-01,-0.000000000000000000e+00,0.000000000000000000e+00,-0.000000000000000000e+00,2.202781741228511336e+00,0.000000000000000000e+00,-1.613500199928777634e-01,-3.259728905859910486e-01,-0.000000000000000000e+00,0.000000000000000000e+00,-0.000000000000000000e+00,0.000000000000000000e+00,0.000000000000000000e+00,-0.000000000000000000e+00,0.000000000000000000e+00,0.000000000000000000e+00,-0.000000000000000000e+00,2.410906410850484696e-02,0.000000000000000000e+00,0.000000000000000000e+00,7.368086047726728205e-02,-0.000000000000000000e+00,-3.348318604775584739e-01,6.785389966838970000e-02,-2.341835937738350748e-01,1.871144614654327801e-03,-6.949193351064532342e-02,-0.000000000000000000e+00
0.000000000000000000e+00,-0.000000000000000000e+00,0.000000000000000000e+00,0.000000000000000000e+00,0.000000000000000000e+00,-4.980553053226537408e-01,-0.000000000000000000e+00,-0.000000000000000000e+00,-0.000000000000000000e+00,0.000000000000000000e+00,-2.412589045662807963e-01,3.358666102277556020e-01,0.000000000000000000e+00,-0.000000000000000000e+00,7.616448242427759086e-02,0.000000000000000000e+00,2.890683393649136956e+00,3.599522783849889995e-02,0.000000000000000000e+00,0.000000000000000000e+00,-0.000000000000000000e+00,0.000000000000000000e+00,-3.915730487346047450e-02,-4.228315744996914427e-01,-0.000000000000000000e+00,-0.000000000000000000e+00,-0.000000000000000000e+00,0.000000000000000000e+00,-3.408263501037732679e-01,-5.843642862923176945e-02,-9.666905902497086034e-02,-1.244189329574351688e-01,-0.000000000000000000e+00,6.952396480578075522e-02,-3.157040233673601981e-01,1.827185141368824761e-01,-1.669950805462117049e-01,0.000000000000000000e+00,0.000000000000000000e+00
-0.000000000000000000e+00,0.000000000000000000e+00,-0.000000000000000000e+00,-4.844762364694493728e-01,-0.000000000000000000e+00,1.253176285902415366e-01,0.000000000000000000e+00,0.000000000000000000e+00,-0.000000000000000000e+00,-0.000000000000000000e+00,0.000000000000000000e+00,-1.301501856373271648e-01,-0.000000000000000000e+00,0.000000000000000000e+00,-3.102508967242526006e-01,-1.613500199928777634e-01,3.599522783849889995e-02,2.746454644126905098e+00,-1.908462227032051706e-01,-1.413571020603768269e-01,0.000000000000000000e+00,-1.176251262570851552e-01,3.100142067855076178e-01,0.000000000000000000e+00,0.000000000000000000e+00,-0.000000000000000000e+00,0.000000000000000000e+00,-0.000000000000000000e+00,1.609351050905770963e-01,0.000000000000000000e+00,0.000000000000000000e+00,9.487857040001035358e-02,-0.000000000000000000e+00,-2.400203834120022417e-01,2.001429746187406988e-01,-0.000000000000000000e+00,0.000000000000000000e+00,-2.142942065904348270e-01,-0.000000000000000000e+00
-0.000000000000000000e+00,-0.000000000000000000e+00,-2.816644620469171967e-01,-1.906420316214461619e-01,-4.601034866685682623e-01,0.000000000000000000e+00,0.000000000000000000e+00,7.652116775551220940e-02,-0.000000000000000000e+00,-3.359812293649729054e-02,0.000000000000000000e+00,-0.000000000000000000e+00,-0.000000000000000000e+00,0.000000000000000000e+00,-0.000000000000000000e+00,-3.259728905859910486e-01,0.000000000000000000e+00,-1.908462227032051706e-01,2.515511871234755059e+00,-0.000000000000000000e+00,0.000000000000000000e+00,-0.000000000000000000e+00,0.000000000000000000e+00,0.000000000000000000e+00,-0.000000000000000000e+00,0.000000000000000000e+00,0.000000000000000000e+00,-0.000000000000000000e+00,6.079681321361754542e-02,0.000000000000000000e+00,0.000000000000000000e+00,2.406691536165105616e-01,-0.000000000000000000e+00,-6.164786601040279646e-01,1.463790881534551835e-01,-4.760746184548845551e-03,6.947684615072202696e-02,-0.000000000000000000e+00,-0.000000000000000000e+00
-0.000000000000000000e+00,3.873621552830628922e-01,-0.000000000000000000e+00,-2.038178450847968337e-01,0.000000000000000000e+00,0.000000000000000000e+00,-0.000000000000000000e+00,-1.997334664193286223e-03,0.000000000000000000e+00,0.000000000000000000e+00,-0.000000000000000000e+00,-0.000000000000000000e+00,-1.770064684280996115e-01,3.934847650318579193e-02,-4.114406996465135302e-01,-0.000000000000000000e+00,0.000000000000000000e+00,-1.413571020603768269e-01,-0.000000000000000000e+00,2.169762534419698241e+00,-0.000000000000000000e+00,-5.464033611354851550e-01,2.269773576460168141e-01,0.000000000000000000e+00,0.000000000000000000e+00,-0.000000000000000000e+00,0.000000000000000000e+00,-2.788651296993803208e-01,0.000000000000000000e+00,0.000000000000000000e+00,0.000000000000000000e+00,0.000000000000000000e+00,-0.000000000000000000e+00,-0.000000000000000000e+00,0.000000000000000000e+00,-0.000000000000000000e+00,0.000000000000000000e+00,-0.000000000000000000e+00,-0.000000000000000000e+00
-0.000000000000000000e+00,1.117599317140375303e-01,-0.000000000000000000e+00,0.000000000000000000e+00,0.000000000000000000e+00,-0.000000000000000000e+00,-0.000000000000000000e+00,-1.474588775140181496e-01,-0.000000000000000000e+00,9.882123306293984222e-02,-1.906307424647953608e-01,0.000000000000000000e+00,-0.000000000000000000e+00,-0.000000000000000000e+00,-0.000000000000000000e+00,0.000000000000000000e+00,-0.000000000000000000e+00,0.000000000000000000e+00,0.000000000000000000e+00,-0.000000000000000000e+00,1.830241032792051969e+00,-0.000000000000000000e+00,-0.000000000000000000e+00,-0.000000000000000000e+00,-0.000000000000000000e+00,-6.115227355996748493e-01,-2.081506149522310278e-01,-2.749123646338177962e-01,-0.000000000000000000e+00,-0.000000000000000000e+00,-0.000000000000000000e+00,-7.908096052686151844e-02,-0.000000000000000000e+00,0.000000000000000000e+00,-0.000000000000000000e+00,0.000000000000000000e+00,-4.112817304452510703e-01,-0.000000000000000000e+00,-0.000000000000000000e+00
-0.000000000000000000e+00,4.837410738334417537e-02,-0.000000000000000000e+00,-3.128433629231981983e-01,-0.000000000000000000e+00,0.000000000000000000e+00,-0.000000000000000000e+00,-0.000000000000000000e+00,0.000000000000000000e+00,0.000000000000000000e+00,-0.000000000000000000e+00,-1.385684393695864047e-01,-2.838160995424364175e-01,0.000000000000000000e+00,-1.268156540733987037e-01,-0.000000000000000000e+00,0.000000000000000000e+00,-1.176251262570851552e-01,-0.000000000000000000e+00,-5.464033611354851550e-01,-0.000000000000000000e+00,1.945940594152670844e+00,6.892235806197877582e-03,0.000000000000000000e+00,0.000000000000000000e+00,-0.000000000000000000e+00,-0.000000000000000000e+00,-3.168839426737335430e-01,0.000000000000000000e+00,0.000000000000000000e+00,0.000000000000000000e+00,0.000000000000000000e+00,-0.000000000000000000e+00,-0.000000000000000000e+00,0.000000000000000000e+00,-0.000000000000000000e+00,0.000000000000000000e+00,-0.000000000000000000e+00,-0.000000000000000000e+00
0.000000000000000000e+00,-6.306910638678470127e-02,0.000000000000000000e+00,2.903694416045871640e-01,0.000000000000000000e+00,-9.071311696464876007e-02,-0.000000000000000000e+00,0.000000000000000000e+00,-0.000000000000000000e+00,0.000000000000000000e+00,-0.000000000000000000e+00,0.000000000000000000e+00,7.455410252056775613e-03,-2.777641677384654062e-01,3.463473814665413708e-01,0.000000000000000000e+00,-3.915730487346047450e-02,3.100142067855076178e-01,0.000000000000000000e+00,2.269773576460168141e-01,-0.000000000000000000e+00,6.892235806197877582e-03,2.549068914349170711e+00,-2.522980037280212473e-01,-0.000000000000000000e+00,-0.000000000000000000e+00,-0.000000000000000000e+00,0.000000000000000000e+00,-3.341605521931371725e-01,-0.000000000000000000e+00,-8.978546765921803507e-02,-3.988641647501337678e-02,0.000000000000000000e+00,0.000000000000000000e+00,-3.009475523263621111e-01,0.000000000000000000e+00,-0.000000000000000000e+00,0.000000000000000000e+00,0.000000000000000000e+00
0.000000000000000000e+00,-0.000000000000000000e+00,0.000000000000000000e+00,0.000000000000000000e+00,0.000000000000000000e+00,-3.781846221515866580e-01,-0.000000000000000000e+00,0.000000000000000000e+00,-0.000000000000000000e+00,0.000000000000000000e+00,-1.578420151678926464e-01,1.169882597022686294e-01,3.972675292234836147e-02,-1.017848663383262575e-01,1.320329535477312022e-01,0.000000000000000000e+00,-4.228315744996914427e-01,0.000000000000000000e+00,0.000000000000000000e+00,0.000000000000000000e+00,-0.000000000000000000e+00,0.000000000000000000e+00,-2.522980037280212473e-01,2.753788121474002537e+00,-0.000000000000000000e+00,-0.000000000000000000e+00,-0.000000000000000000e+00,0.000000000000000000e+00,-3.199699300966070137e-01,-2.609463120771355338e-01,-2.107088946259864926e-01,-1.556572804744009719e-01,-0.000000000000000000e+00,0.000000000000000000e+00,-2.691871066440387761e-01,0.000000000000000000e+00,-1.296029941819279996e-01,0.000000000000000000e+00,0.000000000000000000e+00
-0.000000000000000000e+00,-0.000000000000000000e+00,-0.000000000000000000e+00,-0.000000000000000000e+00,-9.437468215557345830e-02,-0.000000000000000000e+00,-1.112555058506469047e-01,4.489031235122876995e-02,-1.540807422832948248e-01,-0.000000000000000000e+00,-3.685009481473144888e-01,0.000000000000000000e+00,0.000000000000000000e+00,-0.000000000000000000e+00,0.000000000000000000e+00,-0.000000000000000000e+00,-0.000000000000000000e+00,0.000000000000000000e+00,-0.000000000000000000e+00,0.000000000000000000e+00,-0.000000000000000000e+00,0.000000000000000000e+00,-0.000000000000000000e+00,-0.000000000000000000e+00,1.346931660158216415e+00,-0.000000000000000000e+00,-0.000000000000000000e+00,-0.000000000000000000e+00,-0.000000000000000000e+00,-3.114913962578166329e-01,-0.000000000000000000e+00,-0.000000000000000000e+00,-1.480989359066915700e-01,-0.000000000000000000e+00,-0.000000000000000000e+00,0.000000000000000000e+00,-0.000000000000000000e+00,-0.000000000000000000e+00,0.000000000000000000e+00
-3.423124542389435754e-02,0.000000000000000000e+00,-6.634208316009226891e-02,0.000000000000000000e+00,0.000000000000000000e+00,-0.000000000000000000e+00,-0.000000000000000000e+00,-0.000000000000000000e+00,-5.451264745276793167e-02,0.000000000000000000e+00,-6.789700737751738898e-04,0.000000000000000000e+00,-0.000000000000000000e+00,-8.080613012333370815e-03,-0.000000000000000000e+00,0.000000000000000000e+00,-0.000000000000000000e+00,-0.000000000000000000e+00,0.000000000000000000e+00,-0.000000000000000000e+00,-6.115227355996748493e-01,-0.000000000000000000e+00,-0.000000000000000000e+00,-0.000000000000000000e+00,-0.000000000000000000e+00,1.750575236197974949e+00,-1.152291490390145168e-01,-5.144415439043539262e-01,-0.000000000000000000e+00,-2.169650553663646231e-01,-0.000000000000000000e+00,-0.000000000000000000e+00,-1.632933037555720501e-01,0.000000000000000000e+00,-0.000000000000000000e+00,0.000000000000000000e+00,-0.000000000000000000e+00,-1.084235155393506456e-02,-0.000000000000000000e+00
-0.000000000000000000e+00,-0.000000000000000000e+00,-0.000000000000000000e+00,0.000000000000000000e+00,0.000000000000000000e+00,-0.000000000000000000e+00,2.275737784280539716e-02,-0.000000000000000000e+00,-2.245178716864302745e-02,-0.000000000000000000e+00,-0.000000000000000000e+00,-0.000000000000000000e+00,-0.000000000000000000e+00,-1.830677812303970198e-01,0.000000000000000000e+00,0.000000000000000000e+00,-0.000000000000000000e+00,0.000000000000000000e+00,0.000000000000000000e+00,0.000000000000000000e+00,-2.081506149522310278e-01,-0.000000000000000000e+00,-0.000000000000000000e+00,-0.000000000000000000e+00,-0.000000000000000000e+00,-1.152291490390145168e-01,1.406554799233415753e+00,-0.000000000000000000e+00,-0.000000000000000000e+00,-0.000000000000000000e+00,-2.999547610864298774e-01,-1.714729003002344321e-01,-0.000000000000000000e+00,0.000000000000000000e+00,-0.000000000000000000e+00,-0.000000000000000000e+00,-0.000000000000000000e+00,-0.000000000000000000e+00,-3.480994191610641275e-01
-0.000000000000000000e+00,0.000000000000000000e+00,-4.863529279264122707e-01,-0.000000000000000000e+00,-0.000000000000000000e+00,0.000000000000000000e+00,-0.000000000000000000e+00,-0.000000000000000000e+00,-0.000000000000000000e+00,0.000000000000000000e+00,-0.000000000000000000e+00,-0.000000000000000000e+00,-0.000000000000000000e+00,-0.000000000000000000e+00,-1.283764070133897595e-01,-0.000000000000000000e+00,0.000000000000000000e+00,-0.000000000000000000e+00,-0.000000000000000000e+00,-2.788651296993803208e-01,-2.749123646338177962e-01,-3.168839426737335430e-01,0.000000000000000000e+00,0.000000000000000000e+00,-0.000000000000000000e+00,-5.144415439043539262e-01,-0.000000000000000000e+00,2.108304872146301800e+00,0.000000000000000000e+00,-0.000000000000000000e+00,-0.000000000000000000e+00,0.000000000000000000e+00,-4.199833794497150330e-01,-0.000000000000000000e+00,0.000000000000000000e+00,-0.000000000000000000e+00,-0.000000000000000000e+00,-2.135491006393851199e-01,-0.000000000000000000e+00
0.000000000000000000e+00,-0.000000000000000000e+00,0.000000000000000000e+00,1.945172307386223709e-01,0.000000000000000000e+00,-1.900649850232487281e-01,-0.000000000000000000e+00,-0.000000000000000000e+00,-0.000000000000000000e+00,0.000000000000000000e+00,-0.000000000000000000e+00,3.234481477816386619e-01,0.000000000000000000e+00,-1.291907270227841686e-01,0.000000000000000000e+00,2.410906410850484696e-02,-3.408263501037732679e-01,1.609351050905770963e-01,6.079681321361754542e-02,0.000000000000000000e+00,-0.000000000000000000e+00,0.000000000000000000e+00,-3.341605521931371725e-01,-3.199699300966070137e-01,-0.000000000000000000e+00,-0.000000000000000000e+00,-0.000000000000000000e+00,0.000000000000000000e+00,2.906643689009827281e+00,-3.626626569663768396e-02,-9.231803784136156932e-02,-1.804871640646343312e-01,-0.000000000000000000e+00,1.701125993883556564e-01,-4.459010813868370393e-01,0.000000000000000000e+00,-9.946076427543918547e-03,0.000000000000000000e+00,0.000000000000000000e+00
-8.672434749894246397e-02,-7.784070743626161915e-02,-0.000000000000000000e+00,0.000000000000000000e+00,-0.000000000000000000e+00,-0.000000000000000000e+00,-0.000000000000000000e+00,0.000000000000000000e+00,-9.960676563842367492e-02,-0.000000000000000000e+00,-0.000000000000000000e+00,0.000000000000000000e+00,0.000000000000000000e+00,-3.080064869965880581e-01,0.000000000000000000e+00,0.000000000000000000e+00,-5.843642862923176945e-02,0.000000000000000000e+00,0.000000000000000000e+00,0.000000000000000000e+00,-0.000000000000000000e+00,0.000000000000000000e+00,-0.000000000000000000e+00,-2.609463120771355338e-01,-3.114913962578166329e-01,-2.169650553663646231e-01,-0.000000000000000000e+00,-0.000000000000000000e+00,-3.626626569663768396e-02,1.541546303918028382e+00,-1.092270266377623061e-01,-0.000000000000000000e+00,-1.180709755664176019e-01,0.000000000000000000e+00,-0.000000000000000000e+00,0.000000000000000000e+00,-0.000000000000000000e+00,-0.000000000000000000e+00,0.000000000000000000e+00
0.000000000000000000e+00,-0.000000000000000000e+00,-0.000000000000000000e+00,0.000000000000000000e+00,0.000000000000000000e+00,-0.000000000000000000e+00,-0.000000000000000000e+00,-0.000000000000000000e+00,-0.000000000000000000e+00,0.000000000000000000e+00,-2.808086456186906395e-03,0.000000000000000000e+00,0.000000000000000000e+00,-1.813358220917475339e-01,0.000000000000000000e+00,0.000000000000000000e+00,-9.666905902497086034e-02,0.000000000000000000e+00,0.000000000000000000e+00,0.000000000000000000e+00,-0.000000000000000000e+00,0.000000000000000000e+00,-8.978546765921803507e-02,-2.107088946259864926e-01,-0.000000000000000000e+00,-0.000000000000000000e+00,-2.999547610864298774e-01,-0.000000000000000000e+00,-9.231803784136156932e-02,-1.092270266377623061e-01,1.748212432379258496e+00,-2.086196446220338063e-01,-1.023991750553766428e-01,0.000000000000000000e+00,-1.380851865962032521e-01,0.000000000000000000e+00,-1.565140836086774956e-01,0.000000000000000000e+00,0.000000000000000000e+00
0.000000000000000000e+00,0.000000000000000000e+00,0.000000000000000000e+00,0.000000000000000000e+00,0.000000000000000000e+00,-0.000000000000000000e+00,-0.000000000000000000e+00,-0.000000000000000000e+00,-0.000000000000000000e+00,0.000000000000000000e+00,-1.413414255249456075e-01,0.000000000000000000e+00,0.000000000000000000e+00,-1.978741635121327239e-02,0.000000000000000000e+00,7.368086047726728205e-02,-1.244189329574351688e-01,9.487857040001035358e-02,2.406691536165105616e-01,0.000000000000000000e+00,-7.908096052686151844e-02,0.000000000000000000e+00,-3.988641647501337678e-02,-1.556572804744009719e-01,-0.000000000000000000e+00,-0.000000000000000000e+00,-1.714729003002344321e-01,0.000000000000000000e+00,-1.804871640646343312e-01,-0.000000000000000000e+00,-2.086196446220338063e-01,2.621948509049691012e+00,-0.000000000000000000e+00,2.862234865008099205e-01,-2.648923240066256568e-01,0.000000000000000000e+00,-6.910437832234914701e-01,0.000000000000000000e+00,-0.000000000000000000e+00
-0.000000000000000000e+00,0.000000000000000000e+00,-6.700553325169385233e-02,-0.000000000000000000e+00,-0.000000000000000000e+00,-0.000000000000000000e+00,-0.000000000000000000e+00,0.000000000000000000e+00,-0.000000000000000000e+00,-0.000000000000000000e+00,-1.826559887488647116e-01,0.000000000000000000e+00,0.000000000000000000e+00,-0.000000000000000000e+00,-0.000000000000000000e+00,-0.000000000000000000e+00,-0.000000000000000000e+00,-0.000000000000000000e+00,-0.000000000000000000e+00,-0.000000000000000000e+00,-0.000000000000000000e+00,-0.000000000000000000e+00,0.000000000000000000e+00,-0.000000000000000000e+00,-1.480989359066915700e-01,-1.632933037555720501e-01,-0.000000000000000000e+00,-4.199833794497150330e-01,-0.000000000000000000e+00,-1.180709755664176019e-01,-1.023991750553766428e-01,-0.000000000000000000e+00,1.376037533945478897e+00,-0.000000000000000000e+00,-0.000000000000000000e+00,0.000000000000000000e+00,-0.000000000000000000e+00,-0.000000000000000000e+00,0.000000000000000000e+00
-0.000000000000000000e+00,-0.000000000000000000e+00,-4.477229934640461484e-03,-1.321297197174926552e-01,-2.260559009661206875e-01,0.000000000000000000e+00,0.000000000000000000e+00,0.000000000000000000e+00,-0.000000000000000000e+00,-0.000000000000000000e+00,0.000000000000000000e+00,-1.545854705979463617e-01,-0.000000000000000000e+00,0.000000000000000000e+00,-0.000000000000000000e+00,-3.348318604775584739e-01,6.952396480578075522e-02,-2.400203834120022417e-01,-6.164786601040279646e-01,-0.000000000000000000e+00,0.000000000000000000e+00,-0.000000000000000000e+00,0.000000000000000000e+00,0.000000000000000000e+00,-0.000000000000000000e+00,0.000000000000000000e+00,0.000000000000000000e+00,-0.000000000000000000e+00,1.701125993883556564e-01,0.000000000000000000e+00,0.000000000000000000e+00,2.862234865008099205e-01,-0.000000000000000000e+00,2.732982978046533340e+00,2.314978655025253518e-01,-1.672849877590463774e-01,2.184317322919403781e-01,-0.000000000000000000e+00,-0.000000000000000000e+00
0.000000000000000000e+00,-0.000000000000000000e+00,0.000000000000000000e+00,1.580071714679048556e-01,0.000000000000000000e+00,-1.884460628266361737e-01,-0.000000000000000000e+00,-0.000000000000000000e+00,-0.000000000000000000e+00,0.000000000000000000e+00,-0.000000000000000000e+00,2.199785027328404752e-01,0.000000000000000000e+00,-7.618006006276178965e-02,0.000000000000000000e+00,6.785389966838970000e-02,-3.157040233673601981e-01,2.001429746187406988e-01,1.463790881534551835e-01,0.000000000000000000e+00,-0.000000000000000000e+00,0.000000000000000000e+00,-3.009475523263621111e-01,-2.691871066440387761e-01,-0.000000000000000000e+00,-0.000000000000000000e+00,-0.000000000000000000e+00,0.000000000000000000e+00,-4.459010813868370393e-01,-0.000000000000000000e+00,-1.380851865962032521e-01,-2.648923240066256568e-01,-0.000000000000000000e+00,2.314978655025253518e-01,2.987702851270539917e+00,0.000000000000000000e+00,-1.042066031107690416e-01,0.000000000000000000e+00,0.000000000000000000e+00
-1.110196978851313993e-02,-0.000000000000000000e+00,-0.000000000000000000e+00,-0.000000000000000000e+00,-0.000000000000000000e+00,1.338033506785533677e-01,1.709207127933664860e-01,0.000000000000000000e+00,-0.000000000000000000e+00,-2.995525257993572055e-01,1.222941216798231617e-01,-2.313868352891336466e-01,-0.000000000000000000e+00,0.000000000000000000e+00,-0.000000000000000000e+00,-2.341835937738350748e-01,1.827185141368824761e-01,-0.000000000000000000e+00,-4.760746184548845551e-03,-0.000000000000000000e+00,0.000000000000000000e+00,-0.000000000000000000e+00,0.000000000000000000e+00,0.000000000000000000e+00,0.000000000000000000e+00,0.000000000000000000e+00,-0.000000000000000000e+00,-0.000000000000000000e+00,0.000000000000000000e+00,0.000000000000000000e+00,0.000000000000000000e+00,0.000000000000000000e+00,0.000000000000000000e+00,-1.672849877590463774e-01,0.000000000000000000e+00,1.937806865543989510e+00,1.977417866154583537e-01,-1.295324807143347634e-01,-9.414279443413221815e-02
0.000000000000000000e+00,0.000000000000000000e+00,0.000000000000000000e+00,0.000000000000000000e+00,0.000000000000000000e+00,-0.000000000000000000e+00,-0.000000000000000000e+00,-0.000000000000000000e+00,-0.000000000000000000e+00,9.292243933132700306e-02,-5.560195858831049609e-01,0.000000000000000000e+00,0.000000000000000000e+00,-0.000000000000000000e+00,0.000000000000000000e+00,1.871144614654327801e-03,-1.669950805462117049e-01,0.000000000000000000e+00,6.947684615072202696e-02,0.000000000000000000e+00,-4.112817304452510703e-01,0.000000000000000000e+00,-0.000000000000000000e+00,-1.296029941819279996e-01,-0.000000000000000000e+00,-0.000000000000000000e+00,-0.000000000000000000e+00,-0.000000000000000000e+00,-9.946076427543918547e-03,-0.000000000000000000e+00,-1.565140836086774956e-01,-6.910437832234914701e-01,-0.000000000000000000e+00,2.184317322919403781e-01,-1.042066031107690416e-01,1.977417866154583537e-01,2.613017409217120335e+00,0.000000000000000000e+00,0.000000000000000000e+00
-5.974718476574164550e-01,-0.000000000000000000e+00,-1.389051820390858616e-01,-0.000000000000000000e+00,-0.000000000000000000e+00,1.891494762410515090e-02,0.000000000000000000e+00,0.000000000000000000e+00,-0.000000000000000000e+00,-0.000000000000000000e+00,0.000000000000000000e+00,-0.000000000000000000e+00,-1.244048580887641142e-02,-0.000000000000000000e+00,-3.341576327055896245e-01,-6.949193351064532342e-02,0.000000000000000000e+00,-2.142942065904348270e-01,-0.000000000000000000e+00,-0.000000000000000000e+00,-0.000000000000000000e+00,-0.000000000000000000e+00,0.000000000000000000e+00,0.000000000000000000e+00,-0.000000000000000000e+00,-1.084235155393506456e-02,-0.000000000000000000e+00,-2.135491006393851199e-01,0.000000000000000000e+00,-0.000000000000000000e+00,0.000000000000000000e+00,0.000000000000000000e+00,-0.000000000000000000e+00,-0.000000000000000000e+00,0.000000000000000000e+00,-1.295324807143347634e-01,0.000000000000000000e+00,1.823264941065015243e+00,-4.299511499813875315e-02
-7.584657441686198931e-02,-0.000000000000000000e+00,-0.000000000000000000e+00,-0.000000000000000000e+00,-0.000000000000000000e+00,0.000000000000000000e+00,3.128736380167180808e-01,-0.000000000000000000e+00,-1.772261785655743771e-01,-0.000000000000000000e+00,0.000000000000000000e+00,-1.177670603467251415e-01,-1.723530901702700346e-01,-0.000000000000000000e+00,-0.000000000000000000e+00,-0.000000000000000000e+00,0.000000000000000000e+00,-0.000000000000000000e+00,-0.000000000000000000e+00,-0.000000000000000000e+00,-0.000000000000000000e+00,-0.000000000000000000e+00,0.000000000000000000e+00,0.000000000000000000e+00,0.000000000000000000e+00,-0.000000000000000000e+00,-3.480994191610641275e-01,-0.000000000000000000e+00,0.000000000000000000e+00,0.000000000000000000e+00,0.000000000000000000e+00,-0.000000000000000000e+00,0.000000000000000000e+00,-0.000000000000000000e+00,0.000000000000000000e+00,-9.414279443413221815e-02,0.000000000000000000e+00,-4.299511499813875315e-02,1.346274678244340439e+00
