1.835843501675421985e+00,-1.392016506268960174e-01,-0.000000000000000000e+00,-0.000000000000000000e+00,-0.000000000000000000e+00,-0.000000000000000000e+00,-0.000000000000000000e+00,0.000000000000000000e+00,-1.813664589579069494e-02,-1.344976040569833275e-01,-0.000000000000000000e+00,3.070864447485370172e-02,0.000000000000000000e+00,-3.450858008128909055e-02,-0.000000000000000000e+00,-0.000000000000000000e+00,0.000000000000000000e+00,-0.000000000000000000e+00,0.000000000000000000e+00,0.000000000000000000e+00,-0.000000000000000000e+00,0.000000000000000000e+00,-0.000000000000000000e+00,-0.000000000000000000e+00,-2.171677147235255845e-01,-0.000000000000000000e+00,-0.000000000000000000e+00,-3.068457219834429539e-01,-5.548122008110742409e-02,-3.233575855733674675e-01,-0.000000000000000000e+00,-0.000000000000000000e+00,-0.000000000000000000e+00,-0.000000000000000000e+00,-0.000000000000000000e+00,-0.000000000000000000e+00,-4.660416666068878389e-02,-5.237759254338557602e-01,-0.000000000000000000e+00
-1.392016506268960174e-01,1.867159226644517833e+00,-0.000000000000000000e+00,-0.000000000000000000e+00,-1.206435477272759099e-01,-0.000000000000000000e+00,0.000000000000000000e+00,0.000000000000000000e+00,-9.761908063708467365e-02,-4.196562142840560283e-01,-0.000000000000000000e+00,0.000000000000000000e+00,0.000000000000000000e+00,-1.901210860424414062e-01,-0.000000000000000000e+00,-0.000000000000000000e+00,0.000000000000000000e+00,-0.000000000000000000e+00,-0.000000000000000000e+00,0.000000000000000000e+00,-0.000000000000000000e+00,0.000000000000000000e+00,-0.000000000000000000e+00,-0.000000000000000000e+00,-1.249545763789872838e-01,-0.000000000000000000e+00,0.000000000000000000e+00,-0.000000000000000000e+00,-0.000000000000000000e+00,-3.947632309955551727e-02,-4.109903385731928510e-02,-8.380592511533497060e-03,-0.000000000000000000e+00,-0.000000000000000000e+00,-0.000000000000000000e+00,-3.000101610021100804e-02,-0.000000000000000000e+00,-1.591847141672370902e-01,-5.203004938654450795e-01
-0.000000000000000000e+00,-0.000000000000000000e+00,2.786752551896785945e+00,0.000000000000000000e+00,-2.621555362044119541e-01,-0.000000000000000000e+00,0.000000000000000000e+00,1.515305254442920191e+00,-0.000000000000000000e+00,-0.000000000000000000e+00,-0.000000000000000000e+00,0.000000000000000000e+00,0.000000000000000000e+00,-2.044559347919160108e-01,-0.000000000000000000e+00,0.000000000000000000e+00,0.000000000000000000e+00,-0.000000000000000000e+00,-0.000000000000000000e+00,0.000000000000000000e+00,-0.000000000000000000e+00,-0.000000000000000000e+00,-0.000000000000000000e+00,-0.000000000000000000e+00,-1.447806671506862881e-02,-7.837488827298735861e-02,-0.000000000000000000e+00,-4.974652831731727898e-01,-0.000000000000000000e+00,-4.677109954123664232e-02,-0.000000000000000000e+00,-0.000000000000000000e+00,-0.000000000000000000e+00,-0.000000000000000000e+00,-0.000000000000000000e+00,-0.000000000000000000e+00,-0.000000000000000000e+00,-0.000000000000000000e+00,-1.167112948573398035e-01
-0.000000000000000000e+00,-0.000000000000000000e+00,0.000000000000000000e+00,1.354204202205145924e+00,-0.000000000000000000e+00,0.000000000000000000e+00,-1.134554265998786587e-01,-0.000000000000000000e+00,-0.000000000000000000e+00,-0.000000000000000000e+00,0.000000000000000000e+00,2.448718565905129516e-03,0.000000000000000000e+00,-0.000000000000000000e+00,3.880795352715187274e-01,-0.000000000000000000e+00,-0.000000000000000000e+00,-1.019190971329773376e-01,-3.676674073746963312e-01,1.116321393371221549e-01,2.805672286522135558e-02,0.000000000000000000e+00,0.000000000000000000e+00,0.000000000000000000e+00,0.000000000000000000e+00,0.000000000000000000e+00,-0.000000000000000000e+00,0.000000000000000000e+00,0.000000000000000000e+00,-0.000000000000000000e+00,0.000000000000000000e+00,-0.000000000000000000e+00,1.264075872407386114e-01,-5.838037245365609168e-02,0.000000000000000000e+00,-0.000000000000000000e+00,-0.000000000000000000e+00,0.000000000000000000e+00,0.000000000000000000e+00
-0.000000000000000000e+00,-1.206435477272759099e-01,-2.621555362044119541e-01,-0.000000000000000000e+00,2.038655495660877115e+00,-0.000000000000000000e+00,-0.000000000000000000e+00,1.604244711425629744e-01,-0.000000000000000000e+00,-1.435193998505515378e-01,-0.000000000000000000e+00,-0.000000000000000000e+00,-0.000000000000000000e+00,-5.901775081100067710e-02,-0.000000000000000000e+00,-0.000000000000000000e+00,-0.000000000000000000e+00,-3.152596108005764619e-01,-1.537983466305830049e-01,0.000000000000000000e+00,-0.000000000000000000e+00,0.000000000000000000e+00,-0.000000000000000000e+00,-0.000000000000000000e+00,-1.769645041858786960e-01,-0.000000000000000000e+00,-0.000000000000000000e+00,-0.000000000000000000e+00,-0.000000000000000000e+00,-6.157880778744324879e-02,-0.000000000000000000e+00,-0.000000000000000000e+00,-0.000000000000000000e+00,-7.457787601040103409e-01,-0.000000000000000000e+00,-0.000000000000000000e+00,-0.000000000000000000e+00,-0.000000000000000000e+00,-0.000000000000000000e+00
-0.000000000000000000e+00,-0.000000000000000000e+00,-0.000000000000000000e+00,0.000000000000000000e+00,-0.000000000000000000e+00,1.905854510694416248e+00,-0.000000000000000000e+00,0.000000000000000000e+00,-0.000000000000000000e+00,0.000000000000000000e+00,-0.000000000000000000e+00,0.000000000000000000e+00,-1.457642544112300598e-01,-0.000000000000000000e+00,0.000000000000000000e+00,4.243985056711197662e-02,0.000000000000000000e+00,-8.141539438953521168e-02,0.000000000000000000e+00,0.000000000000000000e+00,-0.000000000000000000e+00,-1.884968255439693763e-01,-7.847797187922102014e-01,-8.842829628629396421e-02,-0.000000000000000000e+00,-0.000000000000000000e+00,0.000000000000000000e+00,-0.000000000000000000e+00,-3.107766609148233106e-01,-0.000000000000000000e+00,-0.000000000000000000e+00,-1.196304367999981022e-01,-0.000000000000000000e+00,0.000000000000000000e+00,-0.000000000000000000e+00,5.134133590146011672e-02,-1.145586536302614922e-01,0.000000000000000000e+00,-0.000000000000000000e+00
-0.000000000000000000e+00,0.000000000000000000e+00,0.000000000000000000e+00,-1.134554265998786587e-01,-0.000000000000000000e+00,-0.000000000000000000e+00,1.180708639284753003e+00,0.000000000000000000e+00,0.000000000000000000e+00,0.000000000000000000e+00,-0.000000000000000000e+00,1.709068546536376965e-01,-1.656740059781982299e-01,-0.000000000000000000e+00,0.000000000000000000e+00,-0.000000000000000000e+00,-0.000000000000000000e+00,-6.610573165670355356e-02,-0.000000000000000000e+00,-0.000000000000000000e+00,-0.000000000000000000e+00,-2.504739438382747596e-01,-6.471247167939421507e-02,-0.000000000000000000e+00,-0.000000000000000000e+00,-0.000000000000000000e+00,0.000000000000000000e+00,-0.000000000000000000e+00,-0.000000000000000000e+00,-0.000000000000000000e+00,-0.000000000000000000e+00,-0.000000000000000000e+00,-0.000000000000000000e+00,-0.000000000000000000e+00,-0.000000000000000000e+00,0.000000000000000000e+00,-0.000000000000000000e+00,0.000000000000000000e+00,0.000000000000000000e+00
0.000000000000000000e+00,0.000000000000000000e+00,1.515305254442920191e+00,-0.000000000000000000e+00,1.604244711425629744e-01,0.000000000000000000e+00,0.000000000000000000e+00,2.963084206884140315e+00,0.000000000000000000e+00,0.000000000000000000e+00,0.000000000000000000e+00,-0.000000000000000000e+00,0.000000000000000000e+00,1.173139358730835025e-01,0.000000000000000000e+00,-0.000000000000000000e+00,-2.456991591305364431e-02,6.754037866663374634e-02,0.000000000000000000e+00,-0.000000000000000000e+00,0.000000000000000000e+00,0.000000000000000000e+00,0.000000000000000000e+00,2.371614628123372148e-01,2.481890348056355056e-01,0.000000000000000000e+00,0.000000000000000000e+00,3.065898734335985032e-01,1.662894412794308219e-01,0.000000000000000000e+00,1.325409017079789697e-01,0.000000000000000000e+00,0.000000000000000000e+00,0.000000000000000000e+00,1.305247953716251741e-01,-0.000000000000000000e+00,0.000000000000000000e+00,0.000000000000000000e+00,0.000000000000000000e+00
-1.813664589579069494e-02,-9.761908063708467365e-02,-0.000000000000000000e+00,-0.000000000000000000e+00,-0.000000000000000000e+00,-0.000000000000000000e+00,0.000000000000000000e+00,0.000000000000000000e+00,1.748629333248323592e+00,-3.735203499869536037e-01,-0.000000000000000000e+00,-0.000000000000000000e+00,0.000000000000000000e+00,-9.319124149180531280e-02,-1.307589613938133499e-01,-1.200560617905046951e-01,0.000000000000000000e+00,-0.000000000000000000e+00,-0.000000000000000000e+00,0.000000000000000000e+00,0.000000000000000000e+00,1.453201880210109875e-01,-0.000000000000000000e+00,-0.000000000000000000e+00,-0.000000000000000000e+00,-3.552062408430985418e-01,-2.618099596067703927e-01,-2.413049904184370528e-02,-0.000000000000000000e+00,-2.514039782324710703e-01,-0.000000000000000000e+00,-0.000000000000000000e+00,-0.000000000000000000e+00,-0.000000000000000000e+00,-0.000000000000000000e+00,-0.000000000000000000e+00,-0.000000000000000000e+00,-4.111125976022542150e-02,-3.999771325579039305e-02
-1.344976040569833275e-01,-4.196562142840560283e-01,-0.000000000000000000e+00,-0.000000000000000000e+00,-1.435193998505515378e-01,0.000000000000000000e+00,0.000000000000000000e+00,0.000000000000000000e+00,-3.735203499869536037e-01,2.107527005102668216e+00,0.000000000000000000e+00,0.000000000000000000e+00,0.000000000000000000e+00,-0.000000000000000000e+00,-0.000000000000000000e+00,-6.888622015584052738e-01,0.000000000000000000e+00,-0.000000000000000000e+00,-0.000000000000000000e+00,0.000000000000000000e+00,0.000000000000000000e+00,1.524749691584938345e-02,-0.000000000000000000e+00,0.000000000000000000e+00,-0.000000000000000000e+00,-0.000000000000000000e+00,-0.000000000000000000e+00,-0.000000000000000000e+00,0.000000000000000000e+00,-2.002547386711569510e-01,-0.000000000000000000e+00,0.000000000000000000e+00,0.000000000000000000e+00,-3.765722337272994075e-02,0.000000000000000000e+00,-2.458500668385607824e-01,0.000000000000000000e+00,-3.510928903337615092e-02,-0.000000000000000000e+00
-0.000000000000000000e+00,-0.000000000000000000e+00,-0.000000000000000000e+00,0.000000000000000000e+00,-0.000000000000000000e+00,-0.000000000000000000e+00,-0.000000000000000000e+00,0.000000000000000000e+00,-0.000000000000000000e+00,0.000000000000000000e+00,1.347541055988679792e+00,1.033760608460536912e-01,0.000000000000000000e+00,-0.000000000000000000e+00,0.000000000000000000e+00,1.231809574934353974e-02,-3.888177514028987036e-02,0.000000000000000000e+00,0.000000000000000000e+00,-0.000000000000000000e+00,-0.000000000000000000e+00,-0.000000000000000000e+00,-0.000000000000000000e+00,-0.000000000000000000e+00,0.000000000000000000e+00,-0.000000000000000000e+00,-0.000000000000000000e+00,-0.000000000000000000e+00,-2.449147036466983174e-01,0.000000000000000000e+00,-0.000000000000000000e+00,-4.641736781953466062e-01,-1.467373347432169850e-01,0.000000000000000000e+00,-0.000000000000000000e+00,0.000000000000000000e+00,-0.000000000000000000e+00,-0.000000000000000000e+00,-0.000000000000000000e+00
3.070864447485370172e-02,0.000000000000000000e+00,0.000000000000000000e+00,2.448718565905129516e-03,-0.000000000000000000e+00,0.000000000000000000e+00,1.709068546536376965e-01,-0.000000000000000000e+00,-0.000000000000000000e+00,0.000000000000000000e+00,1.033760608460536912e-01,1.204509951545500446e+00,-4.865061990388275248e-02,0.000000000000000000e+00,-3.687060921916895939e-01,0.000000000000000000e+00,0.000000000000000000e+00,-0.000000000000000000e+00,-0.000000000000000000e+00,0.000000000000000000e+00,-0.000000000000000000e+00,-0.000000000000000000e+00,0.000000000000000000e+00,0.000000000000000000e+00,0.000000000000000000e+00,0.000000000000000000e+00,0.000000000000000000e+00,0.000000000000000000e+00,0.000000000000000000e+00,0.000000000000000000e+00,-0.000000000000000000e+00,0.000000000000000000e+00,0.000000000000000000e+00,-0.000000000000000000e+00,0.000000000000000000e+00,-1.579133261922741338e-01,4.165296043513076751e-02,-0.000000000000000000e+00,-8.564373465205084301e-02
0.000000000000000000e+00,0.000000000000000000e+00,0.000000000000000000e+00,0.000000000000000000e+00,-0.000000000000000000e+00,-1.457642544112300598e-01,-1.656740059781982299e-01,0.000000000000000000e+00,0.000000000000000000e+00,0.000000000000000000e+00,0.000000000000000000e+00,-4.865061990388275248e-02,1.653407378713477094e+00,0.000000000000000000e+00,0.000000000000000000e+00,0.000000000000000000e+00,0.000000000000000000e+00,-0.000000000000000000e+00,-0.000000000000000000e+00,-0.000000000000000000e+00,-1.236615130181139277e-01,-6.452269636303433753e-01,-0.000000000000000000e+00,-0.000000000000000000e+00,0.000000000000000000e+00,0.000000000000000000e+00,5.192967359343263478e-01,0.000000000000000000e+00,-0.000000000000000000e+00,0.000000000000000000e+00,-0.000000000000000000e+00,0.000000000000000000e+00,-0.000000000000000000e+00,-0.000000000000000000e+00,-0.000000000000000000e+00,-0.000000000000000000e+00,0.000000000000000000e+00,0.000000000000000000e+00,-0.000000000000000000e+00
-3.450858008128909055e-02,-1.901210860424414062e-01,-2.044559347919160108e-01,-0.000000000000000000e+00,-5.901775081100067710e-02,-0.000000000000000000e+00,-0.000000000000000000e+00,1.173139358730835025e-01,-9.319124149180531280e-02,-0.000000000000000000e+00,-0.000000000000000000e+00,0.000000000000000000e+00,0.000000000000000000e+00,1.925353087077172010e+00,-0.000000000000000000e+00,-0.000000000000000000e+00,0.000000000000000000e+00,-0.000000000000000000e+00,0.000000000000000000e+00,3.298111645841777378e-02,0.000000000000000000e+00,0.000000000000000000e+00,-2.361714354194590498e-02,-0.000000000000000000e+00,-1.007028452836460364e-01,-9.554407332650008411e-02,-1.267771427103633886e-02,-1.898852851625047189e-01,-0.000000000000000000e+00,-1.737049564140377977e-01,-4.001680895211103678e-02,-1.618566987645730648e-01,-0.000000000000000000e+00,-0.000000000000000000e+00,-4.640854885915097344e-02,-0.000000000000000000e+00,-4.506949701466268499e-01,-0.000000000000000000e+00,-0.000000000000000000e+00
-0.000000000000000000e+00,-0.000000000000000000e+00,-0.000000000000000000e+00,3.880795352715187274e-01,-0.000000000000000000e+00,0.000000000000000000e+00,0.000000000000000000e+00,0.000000000000000000e+00,-1.307589613938133499e-01,-0.000000000000000000e+00,0.000000000000000000e+00,-3.687060921916895939e-01,0.000000000000000000e+00,-0.000000000000000000e+00,1.355619214690839902e+00,-0.000000000000000000e+00,0.000000000000000000e+00,-0.000000000000000000e+00,-0.000000000000000000e+00,-0.000000000000000000e+00,-0.000000000000000000e+00,-0.000000000000000000e+00,0.000000000000000000e+00,-0.000000000000000000e+00,-0.000000000000000000e+00,-3.795270957482433510e-02,-0.000000000000000000e+00,-4.239497593466147463e-02,-0.000000000000000000e+00,-0.000000000000000000e+00,-0.000000000000000000e+00,0.000000000000000000e+00,-0.000000000000000000e+00,-0.000000000000000000e+00,-0.000000000000000000e+00,-0.000000000000000000e+00,0.000000000000000000e+00,-1.701881666393587900e-01,-9.676935724472035538e-02
-0.000000000000000000e+00,-0.000000000000000000e+00,0.000000000000000000e+00,-0.000000000000000000e+00,-0.000000000000000000e+00,4.243985056711197662e-02,-0.000000000000000000e+00,-0.000000000000000000e+00,-1.200560617905046951e-01,-6.888622015584052738e-01,1.231809574934353974e-02,0.000000000000000000e+00,0.000000000000000000e+00,-0.000000000000000000e+00,-0.000000000000000000e+00,1.639638697626290886e+00,-0.000000000000000000e+00,0.000000000000000000e+00,-0.000000000000000000e+00,-0.000000000000000000e+00,0.000000000000000000e+00,0.000000000000000000e+00,0.000000000000000000e+00,0.000000000000000000e+00,-0.000000000000000000e+00,0.000000000000000000e+00,0.000000000000000000e+00,0.000000000000000000e+00,3.263953261974083045e-03,-1.785259660612385779e-01,0.000000000000000000e+00,1.749553681705869751e-02,0.000000000000000000e+00,-1.613135314420067329e-02,0.000000000000000000e+00,-3.371813603898553002e-01,5.331114805675224444e-02,-0.000000000000000000e+00,-0.000000000000000000e+00
0.000000000000000000e+00,0.000000000000000000e+00,0.000000000000000000e+00,-0.000000000000000000e+00,-0.000000000000000000e+00,0.000000000000000000e+00,-0.000000000000000000e+00,-2.456991591305364431e-02,0.000000000000000000e+00,0.000000000000000000e+00,-3.888177514028987036e-02,0.000000000000000000e+00,0.000000000000000000e+00,0.000000000000000000e+00,0.000000000000000000e+00,-0.000000000000000000e+00,1.024007473427112958e+00,0.000000000000000000e+00,-0.000000000000000000e+00,-0.000000000000000000e+00,0.000000000000000000e+00,0.000000000000000000e+00,0.000000000000000000e+00,1.368700133066697855e-01,0.000000000000000000e+00,0.000000000000000000e+00,0.000000000000000000e+00,0.000000000000000000e+00,0.000000000000000000e+00,0.000000000000000000e+00,0.000000000000000000e+00,-9.436353308792526373e-02,-0.000000000000000000e+00,0.000000000000000000e+00,0.000000000000000000e+00,-0.000000000000000000e+00,0.000000000000000000e+00,0.000000000000000000e+00,0.000000000000000000e+00
-0.000000000000000000e+00,-0.000000000000000000e+00,-0.000000000000000000e+00,-1.019190971329773376e-01,-3.152596108005764619e-01,-8.141539438953521168e-02,-6.610573165670355356e-02,6.754037866663374634e-02,-0.000000000000000000e+00,-0.000000000000000000e+00,0.000000000000000000e+00,-0.000000000000000000e+00,-0.000000000000000000e+00,-0.000000000000000000e+00,-0.000000000000000000e+00,0.000000000000000000e+00,0.000000000000000000e+00,1.565035173243536804e+00,-6.581851332775684460e-01,0.000000000000000000e+00,-0.000000000000000000e+00,-0.000000000000000000e+00,-0.000000000000000000e+00,-0.000000000000000000e+00,-0.000000000000000000e+00,-0.000000000000000000e+00,0.000000000000000000e+00,-0.000000000000000000e+00,-0.000000000000000000e+00,-0.000000000000000000e+00,-1.950100822586858448e-02,-0.000000000000000000e+00,-0.000000000000000000e+00,-0.000000000000000000e+00,-0.000000000000000000e+00,0.000000000000000000e+00,-0.000000000000000000e+00,0.000000000000000000e+00,-0.000000000000000000e+00
0.000000000000000000e+00,-0.000000000000000000e+00,-0.000000000000000000e+00,-3.676674073746963312e-01,-1.537983466305830049e-01,0.000000000000000000e+00,-0.000000000000000000e+00,0.000000000000000000e+00,-0.000000000000000000e+00,-0.000000000000000000e+00,0.000000000000000000e+00,-0.000000000000000000e+00,-0.000000000000000000e+00,0.000000000000000000e+00,-0.000000000000000000e+00,-0.000000000000000000e+00,-0.000000000000000000e+00,-6.581851332775684460e-01,1.998889352011896436e+00,0.000000000000000000e+00,0.000000000000000000e+00,0.000000000000000000e+00,0.000000000000000000e+00,0.000000000000000000e+00,-0.000000000000000000e+00,0.000000000000000000e+00,0.000000000000000000e+00,0.000000000000000000e+00,0.000000000000000000e+00,-0.000000000000000000e+00,0.000000000000000000e+00,-0.000000000000000000e+00,0.000000000000000000e+00,-7.186063735513650297e-01,0.000000000000000000e+00,-3.879809379827139221e-02,0.000000000000000000e+00,-0.000000000000000000e+00,-0.000000000000000000e+00
0.000000000000000000e+00,0.000000000000000000e+00,0.000000000000000000e+00,1.116321393371221549e-01,0.000000000000000000e+00,0.000000000000000000e+00,-0.000000000000000000e+00,-0.000000000000000000e+00,0.000000000000000000e+00,0.000000000000000000e+00,-0.000000000000000000e+00,0.000000000000000000e+00,-0.000000000000000000e+00,3.298111645841777378e-02,-0.000000000000000000e+00,-0.000000000000000000e+00,-0.000000000000000000e+00,0.000000000000000000e+00,0.000000000000000000e+00,1.245633040406069592e+00,-2.006443639946439150e-01,-0.000000000000000000e+00,0.000000000000000000e+00,0.000000000000000000e+00,0.000000000000000000e+00,-0.000000000000000000e+00,0.000000000000000000e+00,0.000000000000000000e+00,-0.000000000000000000e+00,0.000000000000000000e+00,-0.000000000000000000e+00,0.000000000000000000e+00,-3.945819140701056771e-01,2.459570366863068902e-02,-0.000000000000000000e+00,0.000000000000000000e+00,0.000000000000000000e+00,8.223074714846531630e-02,0.000000000000000000e+00
-0.000000000000000000e+00,-0.000000000000000000e+00,-0.000000000000000000e+00,2.805672286522135558e-02,-0.000000000000000000e+00,-0.000000000000000000e+00,-0.000000000000000000e+00,0.000000000000000000e+00,0.000000000000000000e+00,0.000000000000000000e+00,-0.000000000000000000e+00,-0.000000000000000000e+00,-1.236615130181139277e-01,0.000000000000000000e+00,-0.000000000000000000e+00,0.000000000000000000e+00,0.000000000000000000e+00,-0.000000000000000000e+00,0.000000000000000000e+00,-2.006443639946439150e-01,1.853279874001128258e+00,-3.929596986860630081e-01,-0.000000000000000000e+00,-0.000000000000000000e+00,-0.000000000000000000e+00,-0.000000000000000000e+00,1.236229164300368943e-02,-0.000000000000000000e+00,-1.121743715877401293e-01,0.000000000000000000e+00,-2.565907066230964095e-01,0.000000000000000000e+00,-5.193960327694503443e-01,0.000000000000000000e+00,-2.204266539921117263e-01,0.000000000000000000e+00,-0.000000000000000000e+00,0.000000000000000000e+00,-0.000000000000000000e+00
0.000000000000000000e+00,0.000000000000000000e+00,-0.000000000000000000e+00,0.000000000000000000e+00,0.000000000000000000e+00,-1.884968255439693763e-01,-2.504739438382747596e-01,0.000000000000000000e+00,1.453201880210109875e-01,1.524749691584938345e-02,-0.000000000000000000e+00,-0.000000000000000000e+00,-6.452269636303433753e-01,0.000000000000000000e+00,-0.000000000000000000e+00,0.000000000000000000e+00,0.000000000000000000e+00,-0.000000000000000000e+00,0.000000000000000000e+00,-0.000000000000000000e+00,-3.929596986860630081e-01,1.668286782574461613e+00,-0.000000000000000000e+00,-4.579248142912210190e-02,0.000000000000000000e+00,0.000000000000000000e+00,4.842080926817334680e-02,-0.000000000000000000e+00,-0.000000000000000000e+00,0.000000000000000000e+00,-0.000000000000000000e+00,0.000000000000000000e+00,-0.000000000000000000e+00,0.000000000000000000e+00,-0.000000000000000000e+00,0.000000000000000000e+00,-0.000000000000000000e+00,0.000000000000000000e+00,0.000000000000000000e+00
-0.000000000000000000e+00,-0.000000000000000000e+00,-0.000000000000000000e+00,0.000000000000000000e+00,-0.000000000000000000e+00,-7.847797187922102014e-01,-6.471247167939421507e-02,0.000000000000000000e+00,-0.000000000000000000e+00,-0.000000000000000000e+00,-0.000000000000000000e+00,0.000000000000000000e+00,-0.000000000000000000e+00,-2.361714354194590498e-02,0.000000000000000000e+00,0.000000000000000000e+00,0.000000000000000000e+00,-0.000000000000000000e+00,0.000000000000000000e+00,0.000000000000000000e+00,-0.000000000000000000e+00,-0.000000000000000000e+00,2.476351977928984649e+00,-5.566629831798294292e-01,-2.569604638280503228e-01,-0.000000000000000000e+00,-0.000000000000000000e+00,-0.000000000000000000e+00,-1.471828950377060685e-01,-0.000000000000000000e+00,-0.000000000000000000e+00,-5.739244123124163238e-02,-0.000000000000000000e+00,0.000000000000000000e+00,-3.345269394341165992e-01,0.000000000000000000e+00,-2.794991315011103872e-01,-0.000000000000000000e+00,-0.000000000000000000e+00
-0.000000000000000000e+00,-0.000000000000000000e+00,-0.000000000000000000e+00,0.000000000000000000e+00,-0.000000000000000000e+00,-8.842829628629396421e-02,-0.000000000000000000e+00,2.371614628123372148e-01,-0.000000000000000000e+00,0.000000000000000000e+00,-0.000000000000000000e+00,0.000000000000000000e+00,-0.000000000000000000e+00,-0.000000000000000000e+00,-0.000000000000000000e+00,0.000000000000000000e+00,1.368700133066697855e-01,-0.000000000000000000e+00,0.000000000000000000e+00,0.000000000000000000e+00,-0.000000000000000000e+00,-4.579248142912210190e-02,-5.566629831798294292e-01,2.641808847738718491e+00,-3.957625370834013112e-01,-0.000000000000000000e+00,-0.000000000000000000e+00,-0.000000000000000000e+00,-5.021549842667613062e-01,-0.000000000000000000e+00,-0.000000000000000000e+00,-0.000000000000000000e+00,-0.000000000000000000e+00,0.000000000000000000e+00,-4.960302576282483167e-01,8.669369598354680073e-02,-3.178959622929705131e-01,-0.000000000000000000e+00,-0.000000000000000000e+00
-2.171677147235255845e-01,-1.249545763789872838e-01,-1.447806671506862881e-02,0.000000000000000000e+00,-1.769645041858786960e-01,-0.000000000000000000e+00,-0.000000000000000000e+00,2.481890348056355056e-01,-0.000000000000000000e+00,-0.000000000000000000e+00,0.000000000000000000e+00,0.000000000000000000e+00,0.000000000000000000e+00,-1.007028452836460364e-01,-0.000000000000000000e+00,-0.000000000000000000e+00,0.000000000000000000e+00,-0.000000000000000000e+00,-0.000000000000000000e+00,0.000000000000000000e+00,-0.000000000000000000e+00,0.000000000000000000e+00,-2.569604638280503228e-01,-3.957625370834013112e-01,2.039863554549671942e+00,-0.000000000000000000e+00,-0.000000000000000000e+00,-0.000000000000000000e+00,-0.000000000000000000e+00,-3.884258731966341305e-01,-0.000000000000000000e+00,-0.000000000000000000e+00,-0.000000000000000000e+00,-0.000000000000000000e+00,-0.000000000000000000e+00,-0.000000000000000000e+00,-0.000000000000000000e+00,-0.000000000000000000e+00,-2.373241154297310029e-01
-0.000000000000000000e+00,-0.000000000000000000e+00,-7.837488827298735861e-02,0.000000000000000000e+00,-0.000000000000000000e+00,-0.000000000000000000e+00,-0.000000000000000000e+00,0.000000000000000000e+00,-3.552062408430985418e-01,-0.000000000000000000e+00,-0.000000000000000000e+00,0.000000000000000000e+00,0.000000000000000000e+00,-9.554407332650008411e-02,-3.795270957482433510e-02,0.000000000000000000e+00,0.000000000000000000e+00,-0.000000000000000000e+00,0.000000000000000000e+00,-0.000000000000000000e+00,-0.000000000000000000e+00,0.000000000000000000e+00,-0.000000000000000000e+00,-0.000000000000000000e+00,-0.000000000000000000e+00,2.487173754768740697e+00,-1.491927093516132730e-01,-4.151822214636696762e-01,-1.957413008893122697e-01,-0.000000000000000000e+00,-3.700765281342900948e-01,-0.000000000000000000e+00,-6.751088384600673065e-01,0.000000000000000000e+00,-3.130353442700681832e-01,0.000000000000000000e+00,-0.000000000000000000e+00,-0.000000000000000000e+00,-0.000000000000000000e+00
-0.000000000000000000e+00,0.000000000000000000e+00,-0.000000000000000000e+00,-0.000000000000000000e+00,-0.000000000000000000e+00,0.000000000000000000e+00,0.000000000000000000e+00,0.000000000000000000e+00,-2.618099596067703927e-01,-0.000000000000000000e+00,-0.000000000000000000e+00,0.000000000000000000e+00,5.192967359343263478e-01,-1.267771427103633886e-02,-0.000000000000000000e+00,0.000000000000000000e+00,0.000000000000000000e+00,0.000000000000000000e+00,0.000000000000000000e+00,0.000000000000000000e+00,1.236229164300368943e-02,4.842080926817334680e-02,-0.000000000000000000e+00,-0.000000000000000000e+00,-0.000000000000000000e+00,-1.491927093516132730e-01,1.548679973799882648e+00,-3.744184973608692957e-01,-0.000000000000000000e+00,-0.000000000000000000e+00,0.000000000000000000e+00,-0.000000000000000000e+00,0.000000000000000000e+00,0.000000000000000000e+00,-0.000000000000000000e+00,0.000000000000000000e+00,-1.087033502595182444e-01,-0.000000000000000000e+00,-0.000000000000000000e+00
-3.068457219834429539e-01,-0.000000000000000000e+00,-4.974652831731727898e-01,0.000000000000000000e+00,-0.000000000000000000e+00,-0.000000000000000000e+00,-0.000000000000000000e+00,3.065898734335985032e-01,-2.413049904184370528e-02,-0.000000000000000000e+00,-0.000000000000000000e+00,0.000000000000000000e+00,0.000000000000000000e+00,-1.898852851625047189e-01,-4.239497593466147463e-02,0.000000000000000000e+00,0.000000000000000000e+00,-0.000000000000000000e+00,0.000000000000000000e+00,0.000000000000000000e+00,-0.000000000000000000e+00,-0.000000000000000000e+00,-0.000000000000000000e+00,-0.000000000000000000e+00,-0.000000000000000000e+00,-4.151822214636696762e-01,-3.744184973608692957e-01,2.264546909103744898e+00,-4.728110973503203002e-02,-0.000000000000000000e+00,-0.000000000000000000e+00,-0.000000000000000000e+00,-0.000000000000000000e+00,0.000000000000000000e+00,-0.000000000000000000e+00,0.000000000000000000e+00,-2.100176231090628842e-01,-0.000000000000000000e+00,-0.000000000000000000e+00
-5.548122008110742409e-02,-0.000000000000000000e+00,-0.000000000000000000e+00,0.000000000000000000e+00,-0.000000000000000000e+00,-3.107766609148233106e-01,-0.000000000000000000e+00,1.662894412794308219e-01,-0.000000000000000000e+00,0.000000000000000000e+00,-2.449147036466983174e-01,0.000000000000000000e+00,-0.000000000000000000e+00,-0.000000000000000000e+00,-0.000000000000000000e+00,3.263953261974083045e-03,0.000000000000000000e+00,-0.000000000000000000e+00,0.000000000000000000e+00,-0.000000000000000000e+00,-1.121743715877401293e-01,-0.000000000000000000e+00,-1.471828950377060685e-01,-5.021549842667613062e-01,-0.000000000000000000e+00,-1.957413008893122697e-01,-0.000000000000000000e+00,-4.728110973503203002e-02,2.740217311532944233e+00,-0.000000000000000000e+00,-2.061827159922992037e-01,-0.000000000000000000e+00,-1.839598794022996309e-01,0.000000000000000000e+00,-5.404116196099528757e-01,1.125167314368512445e-01,-2.459407447032120331e-01,-0.000000000000000000e+00,-0.000000000000000000e+00
-3.233575855733674675e-01,-3.947632309955551727e-02,-4.677109954123664232e-02,-0.000000000000000000e+00,-6.157880778744324879e-02,-0.000000000000000000e+00,-0.000000000000000000e+00,0.000000000000000000e+00,-2.514039782324710703e-01,-2.002547386711569510e-01,0.000000000000000000e+00,0.000000000000000000e+00,0.000000000000000000e+00,-1.737049564140377977e-01,-0.000000000000000000e+00,-1.785259660612385779e-01,0.000000000000000000e+00,-0.000000000000000000e+00,-0.000000000000000000e+00,0.000000000000000000e+00,0.000000000000000000e+00,0.000000000000000000e+00,-0.000000000000000000e+00,-0.000000000000000000e+00,-3.884258731966341305e-01,-0.000000000000000000e+00,-0.000000000000000000e+00,-0.000000000000000000e+00,-0.000000000000000000e+00,1.765618351738489800e+00,-0.000000000000000000e+00,-0.000000000000000000e+00,0.000000000000000000e+00,-0.000000000000000000e+00,-0.000000000000000000e+00,-0.000000000000000000e+00,-0.000000000000000000e+00,-3.481079236699977097e-02,-0.000000000000000000e+00
-0.000000000000000000e+00,-4.109903385731928510e-02,-0.000000000000000000e+00,0.000000000000000000e+00,-0.000000000000000000e+00,-0.000000000000000000e+00,-0.000000000000000000e+00,1.325409017079789697e-01,-0.000000000000000000e+00,-0.000000000000000000e+00,-0.000000000000000000e+00,-0.000000000000000000e+00,-0.000000000000000000e+00,-4.001680895211103678e-02,-0.000000000000000000e+00,0.000000000000000000e+00,0.000000000000000000e+00,-1.950100822586858448e-02,0.000000000000000000e+00,-0.000000000000000000e+00,-2.565907066230964095e-01,-0.000000000000000000e+00,-0.000000000000000000e+00,-0.000000000000000000e+00,-0.000000000000000000e+00,-3.700765281342900948e-01,0.000000000000000000e+00,-0.000000000000000000e+00,-2.061827159922992037e-01,-0.000000000000000000e+00,2.163233132580327123e+00,-0.000000000000000000e+00,-5.974632521408483887e-01,0.000000000000000000e+00,-3.475037977776742615e-01,0.000000000000000000e+00,-0.000000000000000000e+00,-0.000000000000000000e+00,-0.000000000000000000e+00
-0.000000000000000000e+00,-8.380592511533497060e-03,-0.000000000000000000e+00,-0.000000000000000000e+00,-0.000000000000000000e+00,-1.196304367999981022e-01,-0.000000000000000000e+00,0.000000000000000000e+00,-0.000000000000000000e+00,0.000000000000000000e+00,-4.641736781953466062e-01,0.000000000000000000e+00,0.000000000000000000e+00,-1.618566987645730648e-01,0.000000000000000000e+00,1.749553681705869751e-02,-9.436353308792526373e-02,-0.000000000000000000e+00,-0.000000000000000000e+00,0.000000000000000000e+00,0.000000000000000000e+00,0.000000000000000000e+00,-5.739244123124163238e-02,-0.000000000000000000e+00,-0.000000000000000000e+00,-0.000000000000000000e+00,-0.000000000000000000e+00,-0.000000000000000000e+00,-0.000000000000000000e+00,-0.000000000000000000e+00,-0.000000000000000000e+00,1.374618733454882724e+00,-0.000000000000000000e+00,0.000000000000000000e+00,-0.000000000000000000e+00,0.000000000000000000e+00,-1.763708862393578436e-01,-0.000000000000000000e+00,-0.000000000000000000e+00
-0.000000000000000000e+00,-0.000000000000000000e+00,-0.000000000000000000e+00,1.264075872407386114e-01,-0.000000000000000000e+00,-0.000000000000000000e+00,-0.000000000000000000e+00,0.000000000000000000e+00,-0.000000000000000000e+00,0.000000000000000000e+00,-1.467373347432169850e-01,0.000000000000000000e+00,-0.000000000000000000e+00,-0.000000000000000000e+00,-0.000000000000000000e+00,0.000000000000000000e+00,-0.000000000000000000e+00,-0.000000000000000000e+00,0.000000000000000000e+00,-3.945819140701056771e-01,-5.193960327694503443e-01,-0.000000000000000000e+00,-0.000000000000000000e+00,-0.000000000000000000e+00,-0.000000000000000000e+00,-6.751088384600673065e-01,0.000000000000000000e+00,-0.000000000000000000e+00,-1.839598794022996309e-01,0.000000000000000000e+00,-5.974632521408483887e-01,-0.000000000000000000e+00,2.750677742464727515e+00,0.000000000000000000e+00,-4.123062253263456989e-01,1.147982934243425013e-01,-0.000000000000000000e+00,0.000000000000000000e+00,-0.000000000000000000e+00
-0.000000000000000000e+00,-0.000000000000000000e+00,-0.000000000000000000e+00,-5.838037245365609168e-02,-7.457787601040103409e-01,0.000000000000000000e+00,-0.000000000000000000e+00,0.000000000000000000e+00,-0.000000000000000000e+00,-3.765722337272994075e-02,0.000000000000000000e+00,-0.000000000000000000e+00,-0.000000000000000000e+00,-0.000000000000000000e+00,-0.000000000000000000e+00,-1.613135314420067329e-02,0.000000000000000000e+00,-0.000000000000000000e+00,-7.186063735513650297e-01,2.459570366863068902e-02,0.000000000000000000e+00,0.000000000000000000e+00,0.000000000000000000e+00,0.000000000000000000e+00,-0.000000000000000000e+00,0.000000000000000000e+00,0.000000000000000000e+00,0.000000000000000000e+00,0.000000000000000000e+00,-0.000000000000000000e+00,0.000000000000000000e+00,0.000000000000000000e+00,0.000000000000000000e+00,2.043793163135332325e+00,0.000000000000000000e+00,-4.047883378994219794e-01,0.000000000000000000e+00,-0.000000000000000000e+00,-0.000000000000000000e+00
-0.000000000000000000e+00,-0.000000000000000000e+00,-0.000000000000000000e+00,0.000000000000000000e+00,-0.000000000000000000e+00,-0.000000000000000000e+00,-0.000000000000000000e+00,1.305247953716251741e-01,-0.000000000000000000e+00,0.000000000000000000e+00,-0.000000000000000000e+00,0.000000000000000000e+00,-0.000000000000000000e+00,-4.640854885915097344e-02,-0.000000000000000000e+00,0.000000000000000000e+00,0.000000000000000000e+00,-0.000000000000000000e+00,0.000000000000000000e+00,-0.000000000000000000e+00,-2.204266539921117263e-01,-0.000000000000000000e+00,-3.345269394341165992e-01,-4.960302576282483167e-01,-0.000000000000000000e+00,-3.130353442700681832e-01,-0.000000000000000000e+00,-0.000000000000000000e+00,-5.404116196099528757e-01,-0.000000000000000000e+00,-3.475037977776742615e-01,-0.000000000000000000e+00,-4.123062253263456989e-01,0.000000000000000000e+00,3.048861293593900346e+00,2.461302915947857217e-01,-3.364193154507309491e-01,0.000000000000000000e+00,-0.000000000000000000e+00
-0.000000000000000000e+00,-3.000101610021100804e-02,-0.000000000000000000e+00,-0.000000000000000000e+00,-0.000000000000000000e+00,5.134133590146011672e-02,0.000000000000000000e+00,-0.000000000000000000e+00,-0.000000000000000000e+00,-2.458500668385607824e-01,0.000000000000000000e+00,-1.579133261922741338e-01,-0.000000000000000000e+00,-0.000000000000000000e+00,-0.000000000000000000e+00,-3.371813603898553002e-01,-0.000000000000000000e+00,0.000000000000000000e+00,-3.879809379827139221e-02,0.000000000000000000e+00,0.000000000000000000e+00,0.000000000000000000e+00,0.000000000000000000e+00,8.669369598354680073e-02,-0.000000000000000000e+00,0.000000000000000000e+00,0.000000000000000000e+00,0.000000000000000000e+00,1.125167314368512445e-01,-0.000000000000000000e+00,0.000000000000000000e+00,0.000000000000000000e+00,1.147982934243425013e-01,-4.047883378994219794e-01,2.461302915947857217e-01,1.619636244487099530e+00,0.000000000000000000e+00,-2.145391208885122081e-01,-5.537116668699276073e-02
-4.660416666068878389e-02,-0.000000000000000000e+00,-0.000000000000000000e+00,-0.000000000000000000e+00,-0.000000000000000000e+00,-1.145586536302614922e-01,-0.000000000000000000e+00,0.000000000000000000e+00,-0.000000000000000000e+00,0.000000000000000000e+00,-0.000000000000000000e+00,4.165296043513076751e-02,0.000000000000000000e+00,-4.506949701466268499e-01,0.000000000000000000e+00,5.331114805675224444e-02,0.000000000000000000e+00,-0.000000000000000000e+00,0.000000000000000000e+00,0.000000000000000000e+00,-0.000000000000000000e+00,-0.000000000000000000e+00,-2.794991315011103872e-01,-3.178959622929705131e-01,-0.000000000000000000e+00,-0.000000000000000000e+00,-1.087033502595182444e-01,-2.100176231090628842e-01,-2.459407447032120331e-01,-0.000000000000000000e+00,-0.000000000000000000e+00,-1.763708862393578436e-01,-0.000000000000000000e+00,0.000000000000000000e+00,-3.364193154507309491e-01,0.000000000000000000e+00,2.219648360948175192e+00,-0.000000000000000000e+00,-0.000000000000000000e+00
-5.237759254338557602e-01,-1.591847141672370902e-01,-0.000000000000000000e+00,0.000000000000000000e+00,-0.000000000000000000e+00,0.000000000000000000e+00,0.000000000000000000e+00,0.000000000000000000e+00,-4.111125976022542150e-02,-3.510928903337615092e-02,-0.000000000000000000e+00,-0.000000000000000000e+00,0.000000000000000000e+00,-0.000000000000000000e+00,-1.701881666393587900e-01,-0.000000000000000000e+00,0.000000000000000000e+00,0.000000000000000000e+00,-0.000000000000000000e+00,8.223074714846531630e-02,0.000000000000000000e+00,0.000000000000000000e+00,-0.000000000000000000e+00,-0.000000000000000000e+00,-0.000000000000000000e+00,-0.000000000000000000e+00,-0.000000000000000000e+00,-0.000000000000000000e+00,-0.000000000000000000e+00,-3.481079236699977097e-02,-0.000000000000000000e+00,-0.000000000000000000e+00,0.000000000000000000e+00,-0.000000000000000000e+00,0.000000000000000000e+00,-2.145391208885122081e-01,-0.000000000000000000e+00,1.632183964323744796e+00,-3.483295315944142101e-01
-0.000000000000000000e+00,-5.203004938654450795e-01,-1.167112948573398035e-01,0.000000000000000000e+00,-0.000000000000000000e+00,-0.000000000000000000e+00,0.000000000000000000e+00,0.000000000000000000e+00,-3.999771325579039305e-02,-0.000000000000000000e+00,-0.000000000000000000e+00,-8.564373465205084301e-02,-0.000000000000000000e+00,-0.000000000000000000e+00,-9.676935724472035538e-02,-0.000000000000000000e+00,0.000000000000000000e+00,-0.000000000000000000e+00,-0.000000000000000000e+00,0.000000000000000000e+00,-0.000000000000000000e+00,0.000000000000000000e+00,-0.000000000000000000e+00,-0.000000000000000000e+00,-2.373241154297310029e-01,-0.000000000000000000e+00,-0.000000000000000000e+00,-0.000000000000000000e+00,-0.000000000000000000e+00,-0.000000000000000000e+00,-0.000000000000000000e+00,-0.000000000000000000e+00,-0.000000000000000000e+00,-0.000000000000000000e+00,-0.000000000000000000e+00,-5.537116668699276073e-02,-0.000000000000000000e+00,-3.483295315944142101e-01,1.628515622375734662e+00
