1.459505407043551140e+00,-2.109132900195823668e-01,-9.614023532729758237e-02,-0.000000000000000000e+00,-4.619167777092127170e-02,-0.000000000000000000e+00,-0.000000000000000000e+00,4.482653703091711572e-02,-2.499346469727402320e-02,-5.917974076403573029e-03,-4.207270967914468474e-02,-0.000000000000000000e+00,-0.000000000000000000e+00,-3.200137444705294931e-02,-0.000000000000000000e+00,-0.000000000000000000e+00,-6.313724178559931843e-02,0.000000000000000000e+00,0.000000000000000000e+00,-4.102418912887450392e-02,-0.000000000000000000e+00,-2.309019697348077202e-02,-2.333515984641276395e-02,-8.728985236070599396e-02,-0.000000000000000000e+00,-5.491305558024657529e-02,-7.725637688636462219e-02,-0.000000000000000000e+00,-0.000000000000000000e+00,-1.699808445087392372e-01,-1.935973107670650381e-02,-0.000000000000000000e+00,-0.000000000000000000e+00,-0.000000000000000000e+00,-1.245900725205587867e-01,-1.648976586041899783e-01,-1.211818119411207095e-01,-4.729159790717685913e-02,-1.068694267605050340e-02
-2.109132900195823668e-01,1.499023453733212996e+00,-3.620607213754333670e-02,-0.000000000000000000e+00,-0.000000000000000000e+00,-0.000000000000000000e+00,-5.203236210812742235e-02,0.000000000000000000e+00,-0.000000000000000000e+00,-9.205850611214823342e-02,-0.000000000000000000e+00,-5.253010430689534355e-02,-1.188311392772364722e-01,-3.742008994733836327e-03,-1.019524138887158426e-01,-0.000000000000000000e+00,-0.000000000000000000e+00,0.000000000000000000e+00,6.660617335684260176e-02,-7.272126449079525934e-02,-0.000000000000000000e+00,-7.953284629031880104e-02,-4.999763061983313051e-02,-5.398244577522170323e-02,-0.000000000000000000e+00,-0.000000000000000000e+00,-4.199698309852707007e-02,-0.000000000000000000e+00,-0.000000000000000000e+00,-6.302754396464195497e-02,-1.210053640896811694e-01,-0.000000000000000000e+00,-0.000000000000000000e+00,-0.000000000000000000e+00,-1.137541307873200236e-01,-2.856743449903736791e-03,-0.000000000000000000e+00,-1.167228236893800009e-01,-1.365366655032724530e-01
-9.614023532729758237e-02,-3.620607213754333670e-02,1.605574652057067286e+00,-0.000000000000000000e+00,-2.261144627051123457e-01,-0.000000000000000000e+00,-0.000000000000000000e+00,3.002538852237973677e-01,-2.321748475359610570e-02,-7.336803672737451931e-02,-5.787120710508023014e-02,-0.000000000000000000e+00,-0.000000000000000000e+00,-1.474751726391425322e-01,-0.000000000000000000e+00,-0.000000000000000000e+00,-3.815456883623266626e-02,0.000000000000000000e+00,0.000000000000000000e+00,-1.962866692624696263e-01,-1.356530982477292258e-01,-1.891316694263129872e-01,-1.291046400481145606e-01,-0.000000000000000000e+00,-1.375947477600293622e-02,-0.000000000000000000e+00,-4.699033017082989566e-02,-0.000000000000000000e+00,-0.000000000000000000e+00,-3.059747596208929263e-02,-0.000000000000000000e+00,-0.000000000000000000e+00,-2.025251406462789949e-02,-0.000000000000000000e+00,-0.000000000000000000e+00,-0.000000000000000000e+00,-0.000000000000000000e+00,-0.000000000000000000e+00,-6.359890874578276107e-03
-0.000000000000000000e+00,-0.000000000000000000e+00,-0.000000000000000000e+00,1.082555015596861292e+00,-0.000000000000000000e+00,0.000000000000000000e+00,-2.728882942279161131e-02,0.000000000000000000e+00,-0.000000000000000000e+00,-0.000000000000000000e+00,-0.000000000000000000e+00,-2.862286802752644910e-02,-0.000000000000000000e+00,-0.000000000000000000e+00,-0.000000000000000000e+00,-0.000000000000000000e+00,-0.000000000000000000e+00,2.367959630793061154e-01,6.046942104481202451e-02,-0.000000000000000000e+00,0.000000000000000000e+00,-0.000000000000000000e+00,-0.000000000000000000e+00,-0.000000000000000000e+00,-0.000000000000000000e+00,-0.000000000000000000e+00,-0.000000000000000000e+00,-0.000000000000000000e+00,0.000000000000000000e+00,-0.000000000000000000e+00,-0.000000000000000000e+00,0.000000000000000000e+00,0.000000000000000000e+00,-0.000000000000000000e+00,-0.000000000000000000e+00,0.000000000000000000e+00,-0.000000000000000000e+00,-2.513791247113148983e-02,-0.000000000000000000e+00
-4.619167777092127170e-02,-0.000000000000000000e+00,-2.261144627051123457e-01,-0.000000000000000000e+00,1.344285565635231938e+00,-0.000000000000000000e+00,-0.000000000000000000e+00,2.757630089700576770e-01,-9.545203255438487744e-02,-4.491797733852080643e-02,-0.000000000000000000e+00,-0.000000000000000000e+00,-0.000000000000000000e+00,-2.065129700079976899e-02,-0.000000000000000000e+00,-2.883840125175969951e-02,-0.000000000000000000e+00,0.000000000000000000e+00,0.000000000000000000e+00,-2.238243642486022200e-02,-6.498776128105750172e-02,-5.803407528690855688e-02,-6.891662273387610949e-02,-0.000000000000000000e+00,-0.000000000000000000e+00,-5.294314070202053163e-02,-2.643193237526776651e-02,-0.000000000000000000e+00,-0.000000000000000000e+00,-1.053551554256326878e-01,-0.000000000000000000e+00,-0.000000000000000000e+00,-0.000000000000000000e+00,-0.000000000000000000e+00,-0.000000000000000000e+00,-0.000000000000000000e+00,-0.000000000000000000e+00,-0.000000000000000000e+00,-0.000000000000000000e+00
-0.000000000000000000e+00,-0.000000000000000000e+00,-0.000000000000000000e+00,0.000000000000000000e+00,-0.000000000000000000e+00,1.041006504201871241e+00,0.000000000000000000e+00,0.000000000000000000e+00,-0.000000000000000000e+00,-0.000000000000000000e+00,-0.000000000000000000e+00,0.000000000000000000e+00,-0.000000000000000000e+00,-0.000000000000000000e+00,-0.000000000000000000e+00,-0.000000000000000000e+00,-0.000000000000000000e+00,-0.000000000000000000e+00,-0.000000000000000000e+00,-0.000000000000000000e+00,-2.049553893346604469e-02,-0.000000000000000000e+00,-0.000000000000000000e+00,-0.000000000000000000e+00,-0.000000000000000000e+00,-0.000000000000000000e+00,-0.000000000000000000e+00,-0.000000000000000000e+00,-1.112462955486543809e-01,-0.000000000000000000e+00,-0.000000000000000000e+00,-8.589793935003474379e-02,-1.015761998863323745e-01,0.000000000000000000e+00,-0.000000000000000000e+00,-0.000000000000000000e+00,-0.000000000000000000e+00,0.000000000000000000e+00,0.000000000000000000e+00
-0.000000000000000000e+00,-5.203236210812742235e-02,-0.000000000000000000e+00,-2.728882942279161131e-02,-0.000000000000000000e+00,0.000000000000000000e+00,1.164181845339048227e+00,0.000000000000000000e+00,-0.000000000000000000e+00,-0.000000000000000000e+00,-0.000000000000000000e+00,-5.557590823501989963e-02,-1.270848641657092437e-01,-0.000000000000000000e+00,-1.528586792623097268e-01,-0.000000000000000000e+00,-0.000000000000000000e+00,0.000000000000000000e+00,3.825636074570657602e-02,-5.165214806503697770e-02,-0.000000000000000000e+00,-0.000000000000000000e+00,-0.000000000000000000e+00,-0.000000000000000000e+00,-0.000000000000000000e+00,-0.000000000000000000e+00,-7.893509717111632171e-03,-0.000000000000000000e+00,-0.000000000000000000e+00,-0.000000000000000000e+00,-4.799691448674003186e-02,-0.000000000000000000e+00,-0.000000000000000000e+00,-2.673020347950142567e-02,-2.750305054701382770e-02,-0.000000000000000000e+00,-0.000000000000000000e+00,-7.625737602896615064e-02,-4.107687370658971021e-02
4.482653703091711572e-02,0.000000000000000000e+00,3.002538852237973677e-01,0.000000000000000000e+00,2.757630089700576770e-01,0.000000000000000000e+00,0.000000000000000000e+00,1.347753822181906536e+00,1.064531174496360921e-02,0.000000000000000000e+00,5.459637807546927762e-02,0.000000000000000000e+00,0.000000000000000000e+00,8.722903786877264642e-02,0.000000000000000000e+00,0.000000000000000000e+00,8.294424056334361028e-02,-0.000000000000000000e+00,-0.000000000000000000e+00,0.000000000000000000e+00,1.582236683146232004e-01,0.000000000000000000e+00,6.249624223531238289e-03,0.000000000000000000e+00,0.000000000000000000e+00,2.755563556243736598e-02,0.000000000000000000e+00,0.000000000000000000e+00,0.000000000000000000e+00,3.785463176898237053e-02,0.000000000000000000e+00,0.000000000000000000e+00,1.565221469532159307e-02,0.000000000000000000e+00,0.000000000000000000e+00,0.000000000000000000e+00,0.000000000000000000e+00,0.000000000000000000e+00,0.000000000000000000e+00
-2.499346469727402320e-02,-0.000000000000000000e+00,-2.321748475359610570e-02,-0.000000000000000000e+00,-9.545203255438487744e-02,-0.000000000000000000e+00,-0.000000000000000000e+00,1.064531174496360921e-02,1.447200248521781418e+00,-5.380701277603422428e-02,-1.055228352287053417e-01,-8.486252448227653289e-02,-0.000000000000000000e+00,-0.000000000000000000e+00,-0.000000000000000000e+00,-1.036638433263492864e-01,-0.000000000000000000e+00,1.579402282955607584e-01,1.335682321377842652e-01,-0.000000000000000000e+00,-0.000000000000000000e+00,-3.090257833946962601e-02,-0.000000000000000000e+00,-0.000000000000000000e+00,-0.000000000000000000e+00,-0.000000000000000000e+00,-0.000000000000000000e+00,-3.370000813526925071e-02,-0.000000000000000000e+00,-1.861746131418091643e-01,-0.000000000000000000e+00,-0.000000000000000000e+00,-0.000000000000000000e+00,-6.014270487559702366e-02,-0.000000000000000000e+00,-0.000000000000000000e+00,-0.000000000000000000e+00,-1.559733601862676733e-01,-1.324798659960561009e-01
-5.917974076403573029e-03,-9.205850611214823342e-02,-7.336803672737451931e-02,-0.000000000000000000e+00,-4.491797733852080643e-02,-0.000000000000000000e+00,-0.000000000000000000e+00,0.000000000000000000e+00,-5.380701277603422428e-02,1.545166070171553940e+00,-9.968865382130183417e-02,-1.060658390698102083e-01,-9.638943246586895511e-03,-2.622574224114957581e-02,-4.917717314829173070e-02,-2.356235203154812274e-01,-3.355613643836617699e-02,1.829345813971392301e-02,1.271746168150556244e-01,-2.904091462266191956e-02,-0.000000000000000000e+00,-1.194205922552792933e-02,-8.871570485026938901e-02,-2.719442498453494492e-02,-0.000000000000000000e+00,-0.000000000000000000e+00,-8.834439299924520816e-02,-3.193837251503577751e-02,-0.000000000000000000e+00,-8.415804032834033055e-02,-0.000000000000000000e+00,-0.000000000000000000e+00,-0.000000000000000000e+00,-0.000000000000000000e+00,-0.000000000000000000e+00,-0.000000000000000000e+00,-0.000000000000000000e+00,-1.163439492388902013e-01,-1.727769077500416195e-01
-4.207270967914468474e-02,-0.000000000000000000e+00,-5.787120710508023014e-02,-0.000000000000000000e+00,-0.000000000000000000e+00,-0.000000000000000000e+00,-0.000000000000000000e+00,5.459637807546927762e-02,-1.055228352287053417e-01,-9.968865382130183417e-02,1.326762699379126165e+00,-0.000000000000000000e+00,-0.000000000000000000e+00,-1.149675243763982474e-01,-0.000000000000000000e+00,-1.422150129341306739e-02,-2.207978196406449045e-01,2.529080777123723835e-03,0.000000000000000000e+00,-0.000000000000000000e+00,-0.000000000000000000e+00,-4.930133141933772112e-02,-0.000000000000000000e+00,-7.710462977937641849e-02,-0.000000000000000000e+00,-0.000000000000000000e+00,-6.819512188388801577e-02,-9.813323520678157719e-02,-0.000000000000000000e+00,-1.265056356694422290e-01,-2.017416858782087111e-02,-0.000000000000000000e+00,-0.000000000000000000e+00,-0.000000000000000000e+00,-3.882053429763817308e-03,-1.154170473509005812e-03,-3.249801558224216930e-02,-1.666153246194121071e-02,-0.000000000000000000e+00
-0.000000000000000000e+00,-5.253010430689534355e-02,-0.000000000000000000e+00,-2.862286802752644910e-02,-0.000000000000000000e+00,0.000000000000000000e+00,-5.557590823501989963e-02,0.000000000000000000e+00,-8.486252448227653289e-02,-1.060658390698102083e-01,-0.000000000000000000e+00,1.585933522269517892e+00,-1.280666633694014511e-01,-0.000000000000000000e+00,-2.356241345614017435e-01,-0.000000000000000000e+00,-0.000000000000000000e+00,1.487039756043879724e-01,1.986876979975910340e-01,-1.132348757373077691e-01,-0.000000000000000000e+00,-1.023613026197375403e-01,-0.000000000000000000e+00,-0.000000000000000000e+00,-0.000000000000000000e+00,-0.000000000000000000e+00,-0.000000000000000000e+00,-1.008989391918879187e-02,-0.000000000000000000e+00,-0.000000000000000000e+00,-0.000000000000000000e+00,-0.000000000000000000e+00,-0.000000000000000000e+00,-0.000000000000000000e+00,-4.977669042336236617e-03,-0.000000000000000000e+00,-0.000000000000000000e+00,-1.248957620809635488e-01,-1.690623688024820437e-01
-0.000000000000000000e+00,-1.188311392772364722e-01,-0.000000000000000000e+00,-0.000000000000000000e+00,-0.000000000000000000e+00,-0.000000000000000000e+00,-1.270848641657092437e-01,0.000000000000000000e+00,-0.000000000000000000e+00,-9.638943246586895511e-03,-0.000000000000000000e+00,-1.280666633694014511e-01,1.398374047869533898e+00,-0.000000000000000000e+00,-2.396135986726302680e-01,-0.000000000000000000e+00,-0.000000000000000000e+00,0.000000000000000000e+00,0.000000000000000000e+00,-1.632934964206922968e-01,-0.000000000000000000e+00,-1.904196842411945700e-01,-4.665165646786487846e-02,-0.000000000000000000e+00,-0.000000000000000000e+00,-0.000000000000000000e+00,-2.142562884380440694e-02,-0.000000000000000000e+00,-0.000000000000000000e+00,-0.000000000000000000e+00,-0.000000000000000000e+00,-0.000000000000000000e+00,-0.000000000000000000e+00,-0.000000000000000000e+00,-0.000000000000000000e+00,-0.000000000000000000e+00,-0.000000000000000000e+00,-0.000000000000000000e+00,-1.114412798246211395e-01
-3.200137444705294931e-02,-3.742008994733836327e-03,-1.474751726391425322e-01,-0.000000000000000000e+00,-2.065129700079976899e-02,-0.000000000000000000e+00,-0.000000000000000000e+00,8.722903786877264642e-02,-0.000000000000000000e+00,-2.622574224114957581e-02,-1.149675243763982474e-01,-0.000000000000000000e+00,-0.000000000000000000e+00,1.369482467722577201e+00,-0.000000000000000000e+00,-0.000000000000000000e+00,-3.621071548806278906e-02,0.000000000000000000e+00,0.000000000000000000e+00,-8.967110168716588281e-02,-0.000000000000000000e+00,-3.838649005624233251e-02,-1.099008799793583097e-01,-7.489381441201959332e-03,-1.339321431066640145e-01,-2.215220294502403403e-02,-1.689746832343278493e-01,-1.583817544421333573e-02,-0.000000000000000000e+00,-0.000000000000000000e+00,-1.120365262182901334e-02,-5.123405721810977975e-02,-2.166320522737036694e-02,-0.000000000000000000e+00,-8.861243831736670407e-02,-1.377491096105341595e-01,-2.644532414721295285e-03,-0.000000000000000000e+00,-0.000000000000000000e+00
-0.000000000000000000e+00,-1.019524138887158426e-01,-0.000000000000000000e+00,-0.000000000000000000e+00,-0.000000000000000000e+00,-0.000000000000000000e+00,-1.528586792623097268e-01,0.000000000000000000e+00,-0.000000000000000000e+00,-4.917717314829173070e-02,-0.000000000000000000e+00,-2.356241345614017435e-01,-2.396135986726302680e-01,-0.000000000000000000e+00,1.574813794561834790e+00,-0.000000000000000000e+00,-0.000000000000000000e+00,4.082873375168060565e-02,1.120633429243916568e-01,-1.662920669566131382e-01,-0.000000000000000000e+00,-1.360292627646935149e-01,-0.000000000000000000e+00,-0.000000000000000000e+00,-0.000000000000000000e+00,-0.000000000000000000e+00,-0.000000000000000000e+00,-0.000000000000000000e+00,-0.000000000000000000e+00,-0.000000000000000000e+00,-0.000000000000000000e+00,-0.000000000000000000e+00,-0.000000000000000000e+00,-0.000000000000000000e+00,-5.039468063279677057e-02,-0.000000000000000000e+00,-0.000000000000000000e+00,-1.096016633686925368e-01,-1.450590423137707308e-01
-0.000000000000000000e+00,-0.000000000000000000e+00,-0.000000000000000000e+00,-0.000000000000000000e+00,-2.883840125175969951e-02,-0.000000000000000000e+00,-0.000000000000000000e+00,0.000000000000000000e+00,-1.036638433263492864e-01,-2.356235203154812274e-01,-1.422150129341306739e-02,-0.000000000000000000e+00,-0.000000000000000000e+00,-0.000000000000000000e+00,-0.000000000000000000e+00,1.332151740192749845e+00,-9.576840941125389084e-02,1.403940779711652931e-01,1.005584067616172167e-01,-0.000000000000000000e+00,-0.000000000000000000e+00,-0.000000000000000000e+00,-0.000000000000000000e+00,-0.000000000000000000e+00,-0.000000000000000000e+00,-4.469018220712639433e-02,-0.000000000000000000e+00,-6.853967431234900265e-02,-0.000000000000000000e+00,-1.565272185527376847e-01,-0.000000000000000000e+00,-0.000000000000000000e+00,-0.000000000000000000e+00,-0.000000000000000000e+00,-0.000000000000000000e+00,-0.000000000000000000e+00,-0.000000000000000000e+00,-4.650710140656977992e-02,-5.848985386260877051e-02
-6.313724178559931843e-02,-0.000000000000000000e+00,-3.815456883623266626e-02,-0.000000000000000000e+00,-0.000000000000000000e+00,-0.000000000000000000e+00,-0.000000000000000000e+00,8.294424056334361028e-02,-0.000000000000000000e+00,-3.355613643836617699e-02,-2.207978196406449045e-01,-0.000000000000000000e+00,-0.000000000000000000e+00,-3.621071548806278906e-02,-0.000000000000000000e+00,-9.576840941125389084e-02,1.289760145406538827e+00,0.000000000000000000e+00,0.000000000000000000e+00,-0.000000000000000000e+00,-0.000000000000000000e+00,-0.000000000000000000e+00,-3.660642496917899946e-02,-0.000000000000000000e+00,-0.000000000000000000e+00,-1.406223187551991216e-01,-2.494690315652586029e-03,-7.534210757931507352e-02,-0.000000000000000000e+00,-1.360049386080910416e-01,-0.000000000000000000e+00,-0.000000000000000000e+00,-0.000000000000000000e+00,-0.000000000000000000e+00,-0.000000000000000000e+00,-6.125890445992702993e-02,-5.865579249383838512e-02,-0.000000000000000000e+00,-0.000000000000000000e+00
0.000000000000000000e+00,0.000000000000000000e+00,0.000000000000000000e+00,2.367959630793061154e-01,0.000000000000000000e+00,-0.000000000000000000e+00,0.000000000000000000e+00,-0.000000000000000000e+00,1.579402282955607584e-01,1.829345813971392301e-02,2.529080777123723835e-03,1.487039756043879724e-01,0.000000000000000000e+00,0.000000000000000000e+00,4.082873375168060565e-02,1.403940779711652931e-01,0.000000000000000000e+00,1.414964199501460573e+00,-2.151885133775640335e-01,0.000000000000000000e+00,0.000000000000000000e+00,0.000000000000000000e+00,0.000000000000000000e+00,1.093324739687895168e-02,0.000000000000000000e+00,0.000000000000000000e+00,0.000000000000000000e+00,2.268329383450751191e-02,0.000000000000000000e+00,0.000000000000000000e+00,0.000000000000000000e+00,0.000000000000000000e+00,-0.000000000000000000e+00,0.000000000000000000e+00,0.000000000000000000e+00,0.000000000000000000e+00,0.000000000000000000e+00,1.991617130108920830e-01,6.585347652460289691e-02
0.000000000000000000e+00,6.660617335684260176e-02,0.000000000000000000e+00,6.046942104481202451e-02,0.000000000000000000e+00,-0.000000000000000000e+00,3.825636074570657602e-02,-0.000000000000000000e+00,1.335682321377842652e-01,1.271746168150556244e-01,0.000000000000000000e+00,1.986876979975910340e-01,0.000000000000000000e+00,0.000000000000000000e+00,1.120633429243916568e-01,1.005584067616172167e-01,0.000000000000000000e+00,-2.151885133775640335e-01,1.562082796229323334e+00,0.000000000000000000e+00,0.000000000000000000e+00,0.000000000000000000e+00,0.000000000000000000e+00,0.000000000000000000e+00,0.000000000000000000e+00,0.000000000000000000e+00,0.000000000000000000e+00,0.000000000000000000e+00,0.000000000000000000e+00,3.653344680838684078e-02,0.000000000000000000e+00,0.000000000000000000e+00,0.000000000000000000e+00,5.323066075217990079e-02,0.000000000000000000e+00,0.000000000000000000e+00,0.000000000000000000e+00,1.812332871480476226e-01,2.097649510454440980e-01
-4.102418912887450392e-02,-7.272126449079525934e-02,-1.962866692624696263e-01,-0.000000000000000000e+00,-2.238243642486022200e-02,-0.000000000000000000e+00,-5.165214806503697770e-02,0.000000000000000000e+00,-0.000000000000000000e+00,-2.904091462266191956e-02,-0.000000000000000000e+00,-1.132348757373077691e-01,-1.632934964206922968e-01,-8.967110168716588281e-02,-1.662920669566131382e-01,-0.000000000000000000e+00,-0.000000000000000000e+00,0.000000000000000000e+00,0.000000000000000000e+00,1.506964243890734911e+00,-0.000000000000000000e+00,-2.102197309014267879e-01,-9.785235441781497956e-02,-1.030980617614449431e-02,-0.000000000000000000e+00,-0.000000000000000000e+00,-4.593716115777211201e-02,-1.769935900846182283e-02,-0.000000000000000000e+00,-0.000000000000000000e+00,-0.000000000000000000e+00,-0.000000000000000000e+00,-0.000000000000000000e+00,-0.000000000000000000e+00,-1.239529030002934629e-01,-0.000000000000000000e+00,-0.000000000000000000e+00,-9.756599169439683986e-03,-4.161147570212667124e-02
-0.000000000000000000e+00,-0.000000000000000000e+00,-1.356530982477292258e-01,0.000000000000000000e+00,-6.498776128105750172e-02,-2.049553893346604469e-02,-0.000000000000000000e+00,1.582236683146232004e-01,-0.000000000000000000e+00,-0.000000000000000000e+00,-0.000000000000000000e+00,-0.000000000000000000e+00,-0.000000000000000000e+00,-0.000000000000000000e+00,-0.000000000000000000e+00,-0.000000000000000000e+00,-0.000000000000000000e+00,0.000000000000000000e+00,0.000000000000000000e+00,-0.000000000000000000e+00,1.246922535451926217e+00,-1.920057410022753958e-02,-0.000000000000000000e+00,-0.000000000000000000e+00,-0.000000000000000000e+00,-0.000000000000000000e+00,-0.000000000000000000e+00,-0.000000000000000000e+00,-6.993649493869120992e-02,-0.000000000000000000e+00,-0.000000000000000000e+00,-2.956113679027402158e-02,-3.716617970379123559e-01,-0.000000000000000000e+00,-0.000000000000000000e+00,-6.691381627361019102e-02,-0.000000000000000000e+00,-0.000000000000000000e+00,-0.000000000000000000e+00
-2.309019697348077202e-02,-7.953284629031880104e-02,-1.891316694263129872e-01,-0.000000000000000000e+00,-5.803407528690855688e-02,-0.000000000000000000e+00,-0.000000000000000000e+00,0.000000000000000000e+00,-3.090257833946962601e-02,-1.194205922552792933e-02,-4.930133141933772112e-02,-1.023613026197375403e-01,-1.904196842411945700e-01,-3.838649005624233251e-02,-1.360292627646935149e-01,-0.000000000000000000e+00,-0.000000000000000000e+00,0.000000000000000000e+00,0.000000000000000000e+00,-2.102197309014267879e-01,-1.920057410022753958e-02,1.471544045544882273e+00,-1.334971618906158619e-01,-0.000000000000000000e+00,-0.000000000000000000e+00,-0.000000000000000000e+00,-0.000000000000000000e+00,-0.000000000000000000e+00,-0.000000000000000000e+00,-0.000000000000000000e+00,-0.000000000000000000e+00,-0.000000000000000000e+00,-0.000000000000000000e+00,-0.000000000000000000e+00,-3.990523721742667007e-02,-0.000000000000000000e+00,-0.000000000000000000e+00,-0.000000000000000000e+00,-8.421910145936975511e-02
-2.333515984641276395e-02,-4.999763061983313051e-02,-1.291046400481145606e-01,-0.000000000000000000e+00,-6.891662273387610949e-02,-0.000000000000000000e+00,-0.000000000000000000e+00,6.249624223531238289e-03,-0.000000000000000000e+00,-8.871570485026938901e-02,-0.000000000000000000e+00,-0.000000000000000000e+00,-4.665165646786487846e-02,-1.099008799793583097e-01,-0.000000000000000000e+00,-0.000000000000000000e+00,-3.660642496917899946e-02,0.000000000000000000e+00,0.000000000000000000e+00,-9.785235441781497956e-02,-0.000000000000000000e+00,-1.334971618906158619e-01,1.362306585637524048e+00,-3.873758847185955478e-02,-2.465439673256536735e-01,-8.847317924713082871e-02,-8.884783638294067865e-02,-5.058903883608684843e-02,-0.000000000000000000e+00,-0.000000000000000000e+00,-0.000000000000000000e+00,-0.000000000000000000e+00,-0.000000000000000000e+00,-0.000000000000000000e+00,-0.000000000000000000e+00,-2.217921689128415572e-02,-0.000000000000000000e+00,-0.000000000000000000e+00,-0.000000000000000000e+00
-8.728985236070599396e-02,-5.398244577522170323e-02,-0.000000000000000000e+00,-0.000000000000000000e+00,-0.000000000000000000e+00,-0.000000000000000000e+00,-0.000000000000000000e+00,0.000000000000000000e+00,-0.000000000000000000e+00,-2.719442498453494492e-02,-7.710462977937641849e-02,-0.000000000000000000e+00,-0.000000000000000000e+00,-7.489381441201959332e-03,-0.000000000000000000e+00,-0.000000000000000000e+00,-0.000000000000000000e+00,1.093324739687895168e-02,0.000000000000000000e+00,-1.030980617614449431e-02,-0.000000000000000000e+00,-0.000000000000000000e+00,-3.873758847185955478e-02,1.127570387388342699e+00,-0.000000000000000000e+00,-0.000000000000000000e+00,-7.046755981694591275e-02,-0.000000000000000000e+00,-0.000000000000000000e+00,-0.000000000000000000e+00,-1.638580261098214474e-02,-1.394458116856063697e-02,-0.000000000000000000e+00,-0.000000000000000000e+00,-1.075241725814291976e-01,-0.000000000000000000e+00,-1.247732569936598063e-01,-1.197267380154543731e-02,-0.000000000000000000e+00
-0.000000000000000000e+00,-0.000000000000000000e+00,-1.375947477600293622e-02,-0.000000000000000000e+00,-0.000000000000000000e+00,-0.000000000000000000e+00,-0.000000000000000000e+00,0.000000000000000000e+00,-0.000000000000000000e+00,-0.000000000000000000e+00,-0.000000000000000000e+00,-0.000000000000000000e+00,-0.000000000000000000e+00,-1.339321431066640145e-01,-0.000000000000000000e+00,-0.000000000000000000e+00,-0.000000000000000000e+00,0.000000000000000000e+00,0.000000000000000000e+00,-0.000000000000000000e+00,-0.000000000000000000e+00,-0.000000000000000000e+00,-2.465439673256536735e-01,-0.000000000000000000e+00,1.105831952087334979e+00,-3.642460751490905670e-03,-4.870182546048167777e-02,-0.000000000000000000e+00,-0.000000000000000000e+00,-0.000000000000000000e+00,-0.000000000000000000e+00,-0.000000000000000000e+00,-0.000000000000000000e+00,-0.000000000000000000e+00,-0.000000000000000000e+00,-0.000000000000000000e+00,-0.000000000000000000e+00,-0.000000000000000000e+00,-0.000000000000000000e+00
-5.491305558024657529e-02,-0.000000000000000000e+00,-0.000000000000000000e+00,-0.000000000000000000e+00,-5.294314070202053163e-02,-0.000000000000000000e+00,-0.000000000000000000e+00,2.755563556243736598e-02,-0.000000000000000000e+00,-0.000000000000000000e+00,-0.000000000000000000e+00,-0.000000000000000000e+00,-0.000000000000000000e+00,-2.215220294502403403e-02,-0.000000000000000000e+00,-4.469018220712639433e-02,-1.406223187551991216e-01,0.000000000000000000e+00,0.000000000000000000e+00,-0.000000000000000000e+00,-0.000000000000000000e+00,-0.000000000000000000e+00,-8.847317924713082871e-02,-0.000000000000000000e+00,-3.642460751490905670e-03,1.290124026545736546e+00,-1.923674027927241292e-01,-1.406059621738379450e-01,-8.464922052328084645e-02,-7.278473496845269675e-02,-0.000000000000000000e+00,-0.000000000000000000e+00,-0.000000000000000000e+00,-0.000000000000000000e+00,-0.000000000000000000e+00,-8.529416362249141181e-02,-1.268523829565894323e-01,-0.000000000000000000e+00,-0.000000000000000000e+00
-7.725637688636462219e-02,-4.199698309852707007e-02,-4.699033017082989566e-02,-0.000000000000000000e+00,-2.643193237526776651e-02,-0.000000000000000000e+00,-7.893509717111632171e-03,0.000000000000000000e+00,-0.000000000000000000e+00,-8.834439299924520816e-02,-6.819512188388801577e-02,-0.000000000000000000e+00,-2.142562884380440694e-02,-1.689746832343278493e-01,-0.000000000000000000e+00,-0.000000000000000000e+00,-2.494690315652586029e-03,0.000000000000000000e+00,0.000000000000000000e+00,-4.593716115777211201e-02,-0.000000000000000000e+00,-0.000000000000000000e+00,-8.884783638294067865e-02,-7.046755981694591275e-02,-4.870182546048167777e-02,-1.923674027927241292e-01,1.360127701613774942e+00,-1.042512503752375252e-01,-0.000000000000000000e+00,-1.625363595823464680e-02,-1.423183234965993416e-01,-8.088265386024494352e-02,-0.000000000000000000e+00,-0.000000000000000000e+00,-1.580315811064616355e-02,-4.889119676146001792e-02,-0.000000000000000000e+00,-0.000000000000000000e+00,-0.000000000000000000e+00
-0.000000000000000000e+00,-0.000000000000000000e+00,-0.000000000000000000e+00,-0.000000000000000000e+00,-0.000000000000000000e+00,-0.000000000000000000e+00,-0.000000000000000000e+00,0.000000000000000000e+00,-3.370000813526925071e-02,-3.193837251503577751e-02,-9.813323520678157719e-02,-1.008989391918879187e-02,-0.000000000000000000e+00,-1.583817544421333573e-02,-0.000000000000000000e+00,-6.853967431234900265e-02,-7.534210757931507352e-02,2.268329383450751191e-02,0.000000000000000000e+00,-1.769935900846182283e-02,-0.000000000000000000e+00,-0.000000000000000000e+00,-5.058903883608684843e-02,-0.000000000000000000e+00,-0.000000000000000000e+00,-1.406059621738379450e-01,-1.042512503752375252e-01,1.212254054002213532e+00,-0.000000000000000000e+00,-6.214338178226380682e-02,-0.000000000000000000e+00,-0.000000000000000000e+00,-0.000000000000000000e+00,-0.000000000000000000e+00,-7.617868198041428951e-02,-0.000000000000000000e+00,-1.128450721519586586e-01,-0.000000000000000000e+00,-0.000000000000000000e+00
-0.000000000000000000e+00,-0.000000000000000000e+00,-0.000000000000000000e+00,0.000000000000000000e+00,-0.000000000000000000e+00,-1.112462955486543809e-01,-0.000000000000000000e+00,0.000000000000000000e+00,-0.000000000000000000e+00,-0.000000000000000000e+00,-0.000000000000000000e+00,-0.000000000000000000e+00,-0.000000000000000000e+00,-0.000000000000000000e+00,-0.000000000000000000e+00,-0.000000000000000000e+00,-0.000000000000000000e+00,0.000000000000000000e+00,0.000000000000000000e+00,-0.000000000000000000e+00,-6.993649493869120992e-02,-0.000000000000000000e+00,-0.000000000000000000e+00,-0.000000000000000000e+00,-0.000000000000000000e+00,-8.464922052328084645e-02,-0.000000000000000000e+00,-0.000000000000000000e+00,1.143376909845447598e+00,-0.000000000000000000e+00,-0.000000000000000000e+00,-2.013677924515983320e-01,-9.942011770801572473e-03,-0.000000000000000000e+00,-0.000000000000000000e+00,-1.398420038975936308e-01,-8.800722524461698781e-02,-0.000000000000000000e+00,-0.000000000000000000e+00
-1.699808445087392372e-01,-6.302754396464195497e-02,-3.059747596208929263e-02,-0.000000000000000000e+00,-1.053551554256326878e-01,-0.000000000000000000e+00,-0.000000000000000000e+00,3.785463176898237053e-02,-1.861746131418091643e-01,-8.415804032834033055e-02,-1.265056356694422290e-01,-0.000000000000000000e+00,-0.000000000000000000e+00,-0.000000000000000000e+00,-0.000000000000000000e+00,-1.565272185527376847e-01,-1.360049386080910416e-01,0.000000000000000000e+00,3.653344680838684078e-02,-0.000000000000000000e+00,-0.000000000000000000e+00,-0.000000000000000000e+00,-0.000000000000000000e+00,-0.000000000000000000e+00,-0.000000000000000000e+00,-7.278473496845269675e-02,-1.625363595823464680e-02,-6.214338178226380682e-02,-0.000000000000000000e+00,1.458712064988156643e+00,-0.000000000000000000e+00,-0.000000000000000000e+00,-0.000000000000000000e+00,-0.000000000000000000e+00,-0.000000000000000000e+00,-3.071518527470144463e-02,-3.680337899048983369e-03,-9.288427117812808609e-02,-5.755151980321233235e-02
-1.935973107670650381e-02,-1.210053640896811694e-01,-0.000000000000000000e+00,-0.000000000000000000e+00,-0.000000000000000000e+00,-0.000000000000000000e+00,-4.799691448674003186e-02,0.000000000000000000e+00,-0.000000000000000000e+00,-0.000000000000000000e+00,-2.017416858782087111e-02,-0.000000000000000000e+00,-0.000000000000000000e+00,-1.120365262182901334e-02,-0.000000000000000000e+00,-0.000000000000000000e+00,-0.000000000000000000e+00,0.000000000000000000e+00,0.000000000000000000e+00,-0.000000000000000000e+00,-0.000000000000000000e+00,-0.000000000000000000e+00,-0.000000000000000000e+00,-1.638580261098214474e-02,-0.000000000000000000e+00,-0.000000000000000000e+00,-1.423183234965993416e-01,-0.000000000000000000e+00,-0.000000000000000000e+00,-0.000000000000000000e+00,1.063289791075467061e+00,-3.305891639773653190e-02,-0.000000000000000000e+00,-0.000000000000000000e+00,-0.000000000000000000e+00,-1.141427240954065924e-03,-0.000000000000000000e+00,-0.000000000000000000e+00,-0.000000000000000000e+00
-0.000000000000000000e+00,-0.000000000000000000e+00,-0.000000000000000000e+00,0.000000000000000000e+00,-0.000000000000000000e+00,-8.589793935003474379e-02,-0.000000000000000000e+00,0.000000000000000000e+00,-0.000000000000000000e+00,-0.000000000000000000e+00,-0.000000000000000000e+00,-0.000000000000000000e+00,-0.000000000000000000e+00,-5.123405721810977975e-02,-0.000000000000000000e+00,-0.000000000000000000e+00,-0.000000000000000000e+00,0.000000000000000000e+00,0.000000000000000000e+00,-0.000000000000000000e+00,-2.956113679027402158e-02,-0.000000000000000000e+00,-0.000000000000000000e+00,-1.394458116856063697e-02,-0.000000000000000000e+00,-0.000000000000000000e+00,-8.088265386024494352e-02,-0.000000000000000000e+00,-2.013677924515983320e-01,-0.000000000000000000e+00,-3.305891639773653190e-02,1.203990680116752587e+00,-5.884490028629456998e-02,-0.000000000000000000e+00,-3.888130423282535469e-02,-1.770809875264395261e-01,-1.587460752168162459e-01,-0.000000000000000000e+00,-0.000000000000000000e+00
-0.000000000000000000e+00,-0.000000000000000000e+00,-2.025251406462789949e-02,0.000000000000000000e+00,-0.000000000000000000e+00,-1.015761998863323745e-01,-0.000000000000000000e+00,1.565221469532159307e-02,-0.000000000000000000e+00,-0.000000000000000000e+00,-0.000000000000000000e+00,-0.000000000000000000e+00,-0.000000000000000000e+00,-2.166320522737036694e-02,-0.000000000000000000e+00,-0.000000000000000000e+00,-0.000000000000000000e+00,-0.000000000000000000e+00,0.000000000000000000e+00,-0.000000000000000000e+00,-3.716617970379123559e-01,-0.000000000000000000e+00,-0.000000000000000000e+00,-0.000000000000000000e+00,-0.000000000000000000e+00,-0.000000000000000000e+00,-0.000000000000000000e+00,-0.000000000000000000e+00,-9.942011770801572473e-03,-0.000000000000000000e+00,-0.000000000000000000e+00,-5.884490028629456998e-02,1.176509639247027339e+00,-0.000000000000000000e+00,-0.000000000000000000e+00,-9.297616846703034288e-02,-0.000000000000000000e+00,-0.000000000000000000e+00,-0.000000000000000000e+00
-0.000000000000000000e+00,-0.000000000000000000e+00,-0.000000000000000000e+00,-0.000000000000000000e+00,-0.000000000000000000e+00,0.000000000000000000e+00,-2.673020347950142567e-02,0.000000000000000000e+00,-6.014270487559702366e-02,-0.000000000000000000e+00,-0.000000000000000000e+00,-0.000000000000000000e+00,-0.000000000000000000e+00,-0.000000000000000000e+00,-0.000000000000000000e+00,-0.000000000000000000e+00,-0.000000000000000000e+00,0.000000000000000000e+00,5.323066075217990079e-02,-0.000000000000000000e+00,-0.000000000000000000e+00,-0.000000000000000000e+00,-0.000000000000000000e+00,-0.000000000000000000e+00,-0.000000000000000000e+00,-0.000000000000000000e+00,-0.000000000000000000e+00,-0.000000000000000000e+00,-0.000000000000000000e+00,-0.000000000000000000e+00,-0.000000000000000000e+00,-0.000000000000000000e+00,-0.000000000000000000e+00,1.028450063105645240e+00,-0.000000000000000000e+00,-0.000000000000000000e+00,-0.000000000000000000e+00,-9.415492518788867726e-02,-0.000000000000000000e+00
-1.245900725205587867e-01,-1.137541307873200236e-01,-0.000000000000000000e+00,-0.000000000000000000e+00,-0.000000000000000000e+00,-0.000000000000000000e+00,-2.750305054701382770e-02,0.000000000000000000e+00,-0.000000000000000000e+00,-0.000000000000000000e+00,-3.882053429763817308e-03,-4.977669042336236617e-03,-0.000000000000000000e+00,-8.861243831736670407e-02,-5.039468063279677057e-02,-0.000000000000000000e+00,-0.000000000000000000e+00,0.000000000000000000e+00,0.000000000000000000e+00,-1.239529030002934629e-01,-0.000000000000000000e+00,-3.990523721742667007e-02,-0.000000000000000000e+00,-1.075241725814291976e-01,-0.000000000000000000e+00,-0.000000000000000000e+00,-1.580315811064616355e-02,-7.617868198041428951e-02,-0.000000000000000000e+00,-0.000000000000000000e+00,-0.000000000000000000e+00,-3.888130423282535469e-02,-0.000000000000000000e+00,-0.000000000000000000e+00,1.320741155319769655e+00,-9.885722449031887626e-02,-2.535233852474388927e-01,-0.000000000000000000e+00,-0.000000000000000000e+00
-1.648976586041899783e-01,-2.856743449903736791e-03,-0.000000000000000000e+00,0.000000000000000000e+00,-0.000000000000000000e+00,-0.000000000000000000e+00,-0.000000000000000000e+00,0.000000000000000000e+00,-0.000000000000000000e+00,-0.000000000000000000e+00,-1.154170473509005812e-03,-0.000000000000000000e+00,-0.000000000000000000e+00,-1.377491096105341595e-01,-0.000000000000000000e+00,-0.000000000000000000e+00,-6.125890445992702993e-02,0.000000000000000000e+00,0.000000000000000000e+00,-0.000000000000000000e+00,-6.691381627361019102e-02,-0.000000000000000000e+00,-2.217921689128415572e-02,-0.000000000000000000e+00,-0.000000000000000000e+00,-8.529416362249141181e-02,-4.889119676146001792e-02,-0.000000000000000000e+00,-1.398420038975936308e-01,-3.071518527470144463e-02,-1.141427240954065924e-03,-1.770809875264395261e-01,-9.297616846703034288e-02,-0.000000000000000000e+00,-9.885722449031887626e-02,1.347248629007127052e+00,-1.835940964329531022e-01,-0.000000000000000000e+00,-0.000000000000000000e+00
-1.211818119411207095e-01,-0.000000000000000000e+00,-0.000000000000000000e+00,-0.000000000000000000e+00,-0.000000000000000000e+00,-0.000000000000000000e+00,-0.000000000000000000e+00,0.000000000000000000e+00,-0.000000000000000000e+00,-0.000000000000000000e+00,-3.249801558224216930e-02,-0.000000000000000000e+00,-0.000000000000000000e+00,-2.644532414721295285e-03,-0.000000000000000000e+00,-0.000000000000000000e+00,-5.865579249383838512e-02,0.000000000000000000e+00,0.000000000000000000e+00,-0.000000000000000000e+00,-0.000000000000000000e+00,-0.000000000000000000e+00,-0.000000000000000000e+00,-1.247732569936598063e-01,-0.000000000000000000e+00,-1.268523829565894323e-01,-0.000000000000000000e+00,-1.128450721519586586e-01,-8.800722524461698781e-02,-3.680337899048983369e-03,-0.000000000000000000e+00,-1.587460752168162459e-01,-0.000000000000000000e+00,-0.000000000000000000e+00,-2.535233852474388927e-01,-1.835940964329531022e-01,1.353812746230598885e+00,-0.000000000000000000e+00,-0.000000000000000000e+00
-4.729159790717685913e-02,-1.167228236893800009e-01,-0.000000000000000000e+00,-2.513791247113148983e-02,-0.000000000000000000e+00,0.000000000000000000e+00,-7.625737602896615064e-02,0.000000000000000000e+00,-1.559733601862676733e-01,-1.163439492388902013e-01,-1.666153246194121071e-02,-1.248957620809635488e-01,-0.000000000000000000e+00,-0.000000000000000000e+00,-1.096016633686925368e-01,-4.650710140656977992e-02,-0.000000000000000000e+00,1.991617130108920830e-01,1.812332871480476226e-01,-9.756599169439683986e-03,-0.000000000000000000e+00,-0.000000000000000000e+00,-0.000000000000000000e+00,-1.197267380154543731e-02,-0.000000000000000000e+00,-0.000000000000000000e+00,-0.000000000000000000e+00,-0.000000000000000000e+00,-0.000000000000000000e+00,-9.288427117812808609e-02,-0.000000000000000000e+00,-0.000000000000000000e+00,-0.000000000000000000e+00,-9.415492518788867726e-02,-0.000000000000000000e+00,-0.000000000000000000e+00,-0.000000000000000000e+00,1.557347242955074540e+00,-1.726947588859859550e-01
-1.068694267605050340e-02,-1.365366655032724530e-01,-6.359890874578276107e-03,-0.000000000000000000e+00,-0.000000000000000000e+00,0.000000000000000000e+00,-4.107687370658971021e-02,0.000000000000000000e+00,-1.324798659960561009e-01,-1.727769077500416195e-01,-0.000000000000000000e+00,-1.690623688024820437e-01,-1.114412798246211395e-01,-0.000000000000000000e+00,-1.450590423137707308e-01,-5.848985386260877051e-02,-0.000000000000000000e+00,6.585347652460289691e-02,2.097649510454440980e-01,-4.161147570212667124e-02,-0.000000000000000000e+00,-8.421910145936975511e-02,-0.000000000000000000e+00,-0.000000000000000000e+00,-0.000000000000000000e+00,-0.000000000000000000e+00,-0.000000000000000000e+00,-0.000000000000000000e+00,-0.000000000000000000e+00,-5.755151980321233235e-02,-0.000000000000000000e+00,-0.000000000000000000e+00,-0.000000000000000000e+00,-0.000000000000000000e+00,-0.000000000000000000e+00,-0.000000000000000000e+00,-0.000000000000000000e+00,-1.726947588859859550e-01,1.616270879400868221e+00
