2.707269677557399667e+00,-2.025794698969285434e-01,-0.000000000000000000e+00,0.000000000000000000e+00,-0.000000000000000000e+00,0.000000000000000000e+00,0.000000000000000000e+00,0.000000000000000000e+00,-1.219328479803023085e-01,-0.000000000000000000e+00,9.092348149208988317e-02,-0.000000000000000000e+00,-0.000000000000000000e+00,-0.000000000000000000e+00,-0.000000000000000000e+00,-0.000000000000000000e+00,-1.697289160707450215e-02,-0.000000000000000000e+00,-0.000000000000000000e+00,-0.000000000000000000e+00,0.000000000000000000e+00,0.000000000000000000e+00,-1.244548737079180095e-01,-0.000000000000000000e+00,-5.757067803762404568e-01,-4.157679528582167716e-01,-0.000000000000000000e+00,-6.074357896225661690e-01,-6.233746542361644494e-01,-1.009220837780136076e-01,0.000000000000000000e+00,-0.000000000000000000e+00,0.000000000000000000e+00,-0.000000000000000000e+00,-0.000000000000000000e+00,-0.000000000000000000e+00,-0.000000000000000000e+00,-0.000000000000000000e+00,0.000000000000000000e+00
-2.025794698969285434e-01,1.424706709794512305e+00,-0.000000000000000000e+00,0.000000000000000000e+00,-0.000000000000000000e+00,0.000000000000000000e+00,-0.000000000000000000e+00,4.327553065246887015e-02,-0.000000000000000000e+00,-0.000000000000000000e+00,3.566214131066845761e-02,0.000000000000000000e+00,0.000000000000000000e+00,-0.000000000000000000e+00,-0.000000000000000000e+00,-0.000000000000000000e+00,-0.000000000000000000e+00,0.000000000000000000e+00,0.000000000000000000e+00,-0.000000000000000000e+00,0.000000000000000000e+00,-0.000000000000000000e+00,-0.000000000000000000e+00,-0.000000000000000000e+00,-0.000000000000000000e+00,-0.000000000000000000e+00,-0.000000000000000000e+00,-0.000000000000000000e+00,-1.623230172375849864e-02,-2.074740590313753699e-02,-0.000000000000000000e+00,-2.706214103603343801e-01,0.000000000000000000e+00,-0.000000000000000000e+00,-5.381292642824198579e-03,-4.346886545722830064e-01,-2.576279937130831477e-01,0.000000000000000000e+00,0.000000000000000000e+00
-0.000000000000000000e+00,-0.000000000000000000e+00,2.820199007985797479e+00,-0.000000000000000000e+00,-3.912246730859366139e-01,0.000000000000000000e+00,-0.000000000000000000e+00,1.312726339561999023e+00,-0.000000000000000000e+00,-0.000000000000000000e+00,0.000000000000000000e+00,-0.000000000000000000e+00,0.000000000000000000e+00,-1.529028572199689524e-02,-0.000000000000000000e+00,-0.000000000000000000e+00,-0.000000000000000000e+00,-0.000000000000000000e+00,-3.791460599543487742e-02,-0.000000000000000000e+00,-3.005338721945270408e-01,-0.000000000000000000e+00,-4.034784795333317547e-02,-3.744043715587250937e-02,-0.000000000000000000e+00,-0.000000000000000000e+00,-0.000000000000000000e+00,-0.000000000000000000e+00,-0.000000000000000000e+00,-0.000000000000000000e+00,-0.000000000000000000e+00,-0.000000000000000000e+00,-2.958838753368137064e-01,-4.731468943376628267e-01,-0.000000000000000000e+00,0.000000000000000000e+00,-1.377538761840957880e-02,-0.000000000000000000e+00,-0.000000000000000000e+00
0.000000000000000000e+00,0.000000000000000000e+00,-0.000000000000000000e+00,1.106871278087329102e+00,-0.000000000000000000e+00,-0.000000000000000000e+00,-2.996634707627875427e-01,0.000000000000000000e+00,0.000000000000000000e+00,-3.681268836975976760e-02,-0.000000000000000000e+00,0.000000000000000000e+00,0.000000000000000000e+00,-0.000000000000000000e+00,1.119219712083225349e-01,-0.000000000000000000e+00,0.000000000000000000e+00,-0.000000000000000000e+00,-0.000000000000000000e+00,0.000000000000000000e+00,-0.000000000000000000e+00,-1.251810631990983927e-02,0.000000000000000000e+00,0.000000000000000000e+00,0.000000000000000000e+00,0.000000000000000000e+00,-0.000000000000000000e+00,0.000000000000000000e+00,0.000000000000000000e+00,-0.000000000000000000e+00,-0.000000000000000000e+00,-0.000000000000000000e+00,-0.000000000000000000e+00,0.000000000000000000e+00,0.000000000000000000e+00,-0.000000000000000000e+00,0.000000000000000000e+00,0.000000000000000000e+00,-0.000000000000000000e+00
-0.000000000000000000e+00,-0.000000000000000000e+00,-3.912246730859366139e-01,-0.000000000000000000e+00,2.330781027114921855e+00,-0.000000000000000000e+00,-0.000000000000000000e+00,4.832267751528235844e-01,-2.136504942420838216e-01,-8.006464028155459156e-02,-0.000000000000000000e+00,0.000000000000000000e+00,0.000000000000000000e+00,-2.021106081770480123e-01,0.000000000000000000e+00,-0.000000000000000000e+00,-0.000000000000000000e+00,-2.345772002945944318e-02,-2.554989061686379626e-01,0.000000000000000000e+00,-0.000000000000000000e+00,0.000000000000000000e+00,-0.000000000000000000e+00,-0.000000000000000000e+00,-0.000000000000000000e+00,-0.000000000000000000e+00,-0.000000000000000000e+00,-0.000000000000000000e+00,-0.000000000000000000e+00,-2.309420502026941491e-01,-0.000000000000000000e+00,-2.225846887017178810e-01,-2.065128835524161766e-01,-1.747362904390372881e-02,-0.000000000000000000e+00,-0.000000000000000000e+00,-2.137400854198814870e-01,-0.000000000000000000e+00,-0.000000000000000000e+00
0.000000000000000000e+00,0.000000000000000000e+00,0.000000000000000000e+00,-0.000000000000000000e+00,-0.000000000000000000e+00,1.080665341100792487e+00,-0.000000000000000000e+00,-0.000000000000000000e+00,0.000000000000000000e+00,-0.000000000000000000e+00,-2.098504506110169254e-01,6.892829850170435757e-02,1.154086374621997452e-01,-0.000000000000000000e+00,6.612778803732973117e-03,-0.000000000000000000e+00,-0.000000000000000000e+00,-0.000000000000000000e+00,0.000000000000000000e+00,0.000000000000000000e+00,-0.000000000000000000e+00,-0.000000000000000000e+00,-0.000000000000000000e+00,0.000000000000000000e+00,-0.000000000000000000e+00,-0.000000000000000000e+00,-0.000000000000000000e+00,0.000000000000000000e+00,0.000000000000000000e+00,0.000000000000000000e+00,-2.354889767228733957e-02,-0.000000000000000000e+00,-0.000000000000000000e+00,0.000000000000000000e+00,-0.000000000000000000e+00,-0.000000000000000000e+00,0.000000000000000000e+00,0.000000000000000000e+00,-0.000000000000000000e+00
0.000000000000000000e+00,-0.000000000000000000e+00,-0.000000000000000000e+00,-2.996634707627875427e-01,-0.000000000000000000e+00,-0.000000000000000000e+00,1.215120706908091153e+00,0.000000000000000000e+00,0.000000000000000000e+00,-2.896759806800606671e-02,-0.000000000000000000e+00,0.000000000000000000e+00,3.686490737869693030e-02,0.000000000000000000e+00,8.440343742654017600e-03,-0.000000000000000000e+00,9.061525253530107460e-03,0.000000000000000000e+00,0.000000000000000000e+00,0.000000000000000000e+00,-0.000000000000000000e+00,-2.033801388307742986e-01,0.000000000000000000e+00,0.000000000000000000e+00,0.000000000000000000e+00,0.000000000000000000e+00,-0.000000000000000000e+00,0.000000000000000000e+00,0.000000000000000000e+00,-0.000000000000000000e+00,-2.298392243685387082e-01,-0.000000000000000000e+00,-0.000000000000000000e+00,0.000000000000000000e+00,0.000000000000000000e+00,-2.148173051518351487e-02,0.000000000000000000e+00,5.157364528365517703e-02,-0.000000000000000000e+00
0.000000000000000000e+00,4.327553065246887015e-02,1.312726339561999023e+00,0.000000000000000000e+00,4.832267751528235844e-01,-0.000000000000000000e+00,0.000000000000000000e+00,2.613978406137305033e+00,0.000000000000000000e+00,0.000000000000000000e+00,-0.000000000000000000e+00,0.000000000000000000e+00,-0.000000000000000000e+00,1.168627158154705997e-01,0.000000000000000000e+00,0.000000000000000000e+00,0.000000000000000000e+00,0.000000000000000000e+00,0.000000000000000000e+00,0.000000000000000000e+00,1.272409079283892512e-02,0.000000000000000000e+00,7.701140311164826613e-02,4.744956962653459204e-02,0.000000000000000000e+00,0.000000000000000000e+00,0.000000000000000000e+00,0.000000000000000000e+00,0.000000000000000000e+00,2.186678045897123002e-01,0.000000000000000000e+00,0.000000000000000000e+00,1.354297769618704461e-01,1.653573315268956970e-02,0.000000000000000000e+00,0.000000000000000000e+00,5.762265257174960242e-02,0.000000000000000000e+00,0.000000000000000000e+00
-1.219328479803023085e-01,-0.000000000000000000e+00,-0.000000000000000000e+00,0.000000000000000000e+00,-2.136504942420838216e-01,0.000000000000000000e+00,0.000000000000000000e+00,0.000000000000000000e+00,2.608752929544213117e+00,-0.000000000000000000e+00,0.000000000000000000e+00,-0.000000000000000000e+00,-1.164383951563746980e-02,-6.575974887655628527e-05,-0.000000000000000000e+00,-0.000000000000000000e+00,-0.000000000000000000e+00,-3.061384294548970958e-02,-6.731372443534092143e-02,-0.000000000000000000e+00,-0.000000000000000000e+00,0.000000000000000000e+00,-0.000000000000000000e+00,-4.381307315980274009e-01,-0.000000000000000000e+00,-2.928547905777746374e-01,-0.000000000000000000e+00,-1.929159744872195881e-01,-2.322219534762151871e-01,-1.008130448948537511e-01,0.000000000000000000e+00,-0.000000000000000000e+00,-0.000000000000000000e+00,-7.960097855414206558e-01,-0.000000000000000000e+00,0.000000000000000000e+00,-7.051263471627687573e-02,-1.269994278544310518e-01,-0.000000000000000000e+00
-0.000000000000000000e+00,-0.000000000000000000e+00,-0.000000000000000000e+00,-3.681268836975976760e-02,-8.006464028155459156e-02,-0.000000000000000000e+00,-2.896759806800606671e-02,0.000000000000000000e+00,-0.000000000000000000e+00,1.958190348888812160e+00,-0.000000000000000000e+00,9.905820167792052031e-03,0.000000000000000000e+00,-0.000000000000000000e+00,0.000000000000000000e+00,-3.067280761288109225e-01,-0.000000000000000000e+00,-0.000000000000000000e+00,-3.499111342065163166e-01,0.000000000000000000e+00,-0.000000000000000000e+00,-0.000000000000000000e+00,-0.000000000000000000e+00,-0.000000000000000000e+00,-8.074346249677048781e-02,-0.000000000000000000e+00,-0.000000000000000000e+00,-0.000000000000000000e+00,-0.000000000000000000e+00,-1.189546699874481223e-01,-6.858301341356882741e-01,-2.869206823792310734e-01,-0.000000000000000000e+00,-0.000000000000000000e+00,-0.000000000000000000e+00,-0.000000000000000000e+00,-0.000000000000000000e+00,-0.000000000000000000e+00,-2.163294675563844083e-01
9.092348149208988317e-02,3.566214131066845761e-02,0.000000000000000000e+00,-0.000000000000000000e+00,-0.000000000000000000e+00,-2.098504506110169254e-01,-0.000000000000000000e+00,-0.000000000000000000e+00,0.000000000000000000e+00,-0.000000000000000000e+00,1.305941087712106707e+00,0.000000000000000000e+00,0.000000000000000000e+00,0.000000000000000000e+00,2.019860445517900061e-01,-0.000000000000000000e+00,-0.000000000000000000e+00,-0.000000000000000000e+00,0.000000000000000000e+00,4.487037824131043240e-02,-0.000000000000000000e+00,-0.000000000000000000e+00,0.000000000000000000e+00,0.000000000000000000e+00,1.413577683009760097e-02,0.000000000000000000e+00,-4.221952061220586305e-01,0.000000000000000000e+00,0.000000000000000000e+00,-0.000000000000000000e+00,-0.000000000000000000e+00,-9.802572538451451156e-02,-9.064665686106100628e-02,0.000000000000000000e+00,0.000000000000000000e+00,0.000000000000000000e+00,0.000000000000000000e+00,-0.000000000000000000e+00,-9.189147586054689787e-02
-0.000000000000000000e+00,0.000000000000000000e+00,-0.000000000000000000e+00,0.000000000000000000e+00,0.000000000000000000e+00,6.892829850170435757e-02,0.000000000000000000e+00,0.000000000000000000e+00,-0.000000000000000000e+00,9.905820167792052031e-03,0.000000000000000000e+00,1.504626242670863645e+00,-0.000000000000000000e+00,-0.000000000000000000e+00,-5.776581272275589374e-01,5.401624137782466695e-02,0.000000000000000000e+00,-0.000000000000000000e+00,-0.000000000000000000e+00,-2.875371000110340525e-01,0.000000000000000000e+00,-0.000000000000000000e+00,0.000000000000000000e+00,-0.000000000000000000e+00,0.000000000000000000e+00,-0.000000000000000000e+00,-0.000000000000000000e+00,-0.000000000000000000e+00,-0.000000000000000000e+00,0.000000000000000000e+00,7.625135606742844407e-02,0.000000000000000000e+00,0.000000000000000000e+00,-1.522306295815600563e-01,-0.000000000000000000e+00,-0.000000000000000000e+00,-7.764033626807138357e-03,-0.000000000000000000e+00,-0.000000000000000000e+00
-0.000000000000000000e+00,0.000000000000000000e+00,0.000000000000000000e+00,0.000000000000000000e+00,0.000000000000000000e+00,1.154086374621997452e-01,3.686490737869693030e-02,-0.000000000000000000e+00,-1.164383951563746980e-02,0.000000000000000000e+00,0.000000000000000000e+00,-0.000000000000000000e+00,1.869874668884641267e+00,-0.000000000000000000e+00,-7.229005698459092244e-01,0.000000000000000000e+00,-0.000000000000000000e+00,-0.000000000000000000e+00,-0.000000000000000000e+00,-0.000000000000000000e+00,0.000000000000000000e+00,0.000000000000000000e+00,-0.000000000000000000e+00,-6.106347154641363073e-02,-0.000000000000000000e+00,-1.255205380064162990e-01,-0.000000000000000000e+00,-0.000000000000000000e+00,-2.472901439553981395e-01,-0.000000000000000000e+00,5.403491707400788213e-01,0.000000000000000000e+00,0.000000000000000000e+00,-0.000000000000000000e+00,-0.000000000000000000e+00,0.000000000000000000e+00,-0.000000000000000000e+00,-3.197515647424063051e-02,0.000000000000000000e+00
-0.000000000000000000e+00,-0.000000000000000000e+00,-1.529028572199689524e-02,-0.000000000000000000e+00,-2.021106081770480123e-01,-0.000000000000000000e+00,0.000000000000000000e+00,1.168627158154705997e-01,-6.575974887655628527e-05,-0.000000000000000000e+00,0.000000000000000000e+00,-0.000000000000000000e+00,-0.000000000000000000e+00,2.144542263244610947e+00,-0.000000000000000000e+00,-0.000000000000000000e+00,-1.189428011347773012e-01,-0.000000000000000000e+00,-0.000000000000000000e+00,-0.000000000000000000e+00,-0.000000000000000000e+00,0.000000000000000000e+00,-3.444008528846472794e-01,-4.729253921378356318e-01,-1.621308816632922312e-01,-0.000000000000000000e+00,-0.000000000000000000e+00,-1.040947281713127705e-02,-2.171696194398385349e-01,-3.835197349958553437e-01,-0.000000000000000000e+00,-0.000000000000000000e+00,-0.000000000000000000e+00,-0.000000000000000000e+00,-4.686073731642890344e-02,-0.000000000000000000e+00,-1.006843392321751240e-01,-0.000000000000000000e+00,-0.000000000000000000e+00
-0.000000000000000000e+00,-0.000000000000000000e+00,-0.000000000000000000e+00,1.119219712083225349e-01,0.000000000000000000e+00,6.612778803732973117e-03,8.440343742654017600e-03,0.000000000000000000e+00,-0.000000000000000000e+00,0.000000000000000000e+00,2.019860445517900061e-01,-5.776581272275589374e-01,-7.229005698459092244e-01,-0.000000000000000000e+00,2.670251230737291426e+00,0.000000000000000000e+00,-0.000000000000000000e+00,-0.000000000000000000e+00,-0.000000000000000000e+00,-5.066887156364581202e-01,0.000000000000000000e+00,0.000000000000000000e+00,-0.000000000000000000e+00,-1.715895757416624201e-01,-0.000000000000000000e+00,-4.404180565231983757e-01,-0.000000000000000000e+00,-1.654569630109109235e-01,-2.008409971998144083e-01,-0.000000000000000000e+00,2.061313370590600880e-01,9.445096952421035141e-02,0.000000000000000000e+00,-8.382797315327612797e-02,-0.000000000000000000e+00,-0.000000000000000000e+00,-0.000000000000000000e+00,-0.000000000000000000e+00,0.000000000000000000e+00
-0.000000000000000000e+00,-0.000000000000000000e+00,-0.000000000000000000e+00,-0.000000000000000000e+00,-0.000000000000000000e+00,-0.000000000000000000e+00,-0.000000000000000000e+00,0.000000000000000000e+00,-0.000000000000000000e+00,-3.067280761288109225e-01,-0.000000000000000000e+00,5.401624137782466695e-02,0.000000000000000000e+00,-0.000000000000000000e+00,0.000000000000000000e+00,1.665394556648218671e+00,-0.000000000000000000e+00,-7.143673871706816836e-02,-0.000000000000000000e+00,0.000000000000000000e+00,-0.000000000000000000e+00,-0.000000000000000000e+00,-3.626212455262256551e-01,-0.000000000000000000e+00,-0.000000000000000000e+00,-0.000000000000000000e+00,-0.000000000000000000e+00,-0.000000000000000000e+00,-0.000000000000000000e+00,-4.838674753519475180e-01,-1.368995020185267697e-01,-0.000000000000000000e+00,-0.000000000000000000e+00,-0.000000000000000000e+00,0.000000000000000000e+00,-3.017345821725872859e-02,-0.000000000000000000e+00,-1.123779072382278948e-01,-0.000000000000000000e+00
-1.697289160707450215e-02,-0.000000000000000000e+00,-0.000000000000000000e+00,0.000000000000000000e+00,-0.000000000000000000e+00,-0.000000000000000000e+00,9.061525253530107460e-03,0.000000000000000000e+00,-0.000000000000000000e+00,-0.000000000000000000e+00,-0.000000000000000000e+00,0.000000000000000000e+00,-0.000000000000000000e+00,-1.189428011347773012e-01,-0.000000000000000000e+00,-0.000000000000000000e+00,1.456379606922802106e+00,-0.000000000000000000e+00,-0.000000000000000000e+00,-0.000000000000000000e+00,0.000000000000000000e+00,1.041748640917791041e-01,-1.872822591298796691e-01,-0.000000000000000000e+00,-0.000000000000000000e+00,-2.838880798475166833e-01,-0.000000000000000000e+00,-9.520146592432958410e-02,-1.785459749397765306e-01,-0.000000000000000000e+00,0.000000000000000000e+00,-0.000000000000000000e+00,0.000000000000000000e+00,-0.000000000000000000e+00,-0.000000000000000000e+00,-0.000000000000000000e+00,-0.000000000000000000e+00,-1.607192644300703133e-01,0.000000000000000000e+00
-0.000000000000000000e+00,0.000000000000000000e+00,-0.000000000000000000e+00,-0.000000000000000000e+00,-2.345772002945944318e-02,-0.000000000000000000e+00,0.000000000000000000e+00,0.000000000000000000e+00,-3.061384294548970958e-02,-0.000000000000000000e+00,-0.000000000000000000e+00,-0.000000000000000000e+00,-0.000000000000000000e+00,-0.000000000000000000e+00,-0.000000000000000000e+00,-7.143673871706816836e-02,-0.000000000000000000e+00,1.999227213212354970e+00,-8.784597578776970339e-01,0.000000000000000000e+00,-0.000000000000000000e+00,0.000000000000000000e+00,-2.676955993546458260e-02,-2.080148297019695502e-01,-0.000000000000000000e+00,-0.000000000000000000e+00,-0.000000000000000000e+00,-0.000000000000000000e+00,-0.000000000000000000e+00,-0.000000000000000000e+00,-0.000000000000000000e+00,0.000000000000000000e+00,-0.000000000000000000e+00,-0.000000000000000000e+00,-0.000000000000000000e+00,0.000000000000000000e+00,-0.000000000000000000e+00,-5.247711123572454950e-01,-0.000000000000000000e+00
-0.000000000000000000e+00,0.000000000000000000e+00,-3.791460599543487742e-02,-0.000000000000000000e+00,-2.554989061686379626e-01,0.000000000000000000e+00,0.000000000000000000e+00,0.000000000000000000e+00,-6.731372443534092143e-02,-3.499111342065163166e-01,0.000000000000000000e+00,-0.000000000000000000e+00,-0.000000000000000000e+00,-0.000000000000000000e+00,-0.000000000000000000e+00,-0.000000000000000000e+00,-0.000000000000000000e+00,-8.784597578776970339e-01,2.063245307760481762e+00,0.000000000000000000e+00,-0.000000000000000000e+00,0.000000000000000000e+00,-0.000000000000000000e+00,-1.036769721583692266e-01,-0.000000000000000000e+00,-0.000000000000000000e+00,-0.000000000000000000e+00,-2.107422463404714508e-01,-0.000000000000000000e+00,-0.000000000000000000e+00,-8.998029283154943339e-03,0.000000000000000000e+00,-0.000000000000000000e+00,-0.000000000000000000e+00,-0.000000000000000000e+00,0.000000000000000000e+00,-0.000000000000000000e+00,-8.091770278544302419e-02,-0.000000000000000000e+00
-0.000000000000000000e+00,-0.000000000000000000e+00,-0.000000000000000000e+00,0.000000000000000000e+00,0.000000000000000000e+00,0.000000000000000000e+00,0.000000000000000000e+00,0.000000000000000000e+00,-0.000000000000000000e+00,0.000000000000000000e+00,4.487037824131043240e-02,-2.875371000110340525e-01,-0.000000000000000000e+00,-0.000000000000000000e+00,-5.066887156364581202e-01,0.000000000000000000e+00,-0.000000000000000000e+00,0.000000000000000000e+00,0.000000000000000000e+00,1.466026690387730813e+00,0.000000000000000000e+00,-1.467934838497924332e-01,-0.000000000000000000e+00,-0.000000000000000000e+00,-1.026298863229346270e-01,-9.062491194504194991e-02,0.000000000000000000e+00,-0.000000000000000000e+00,-0.000000000000000000e+00,0.000000000000000000e+00,0.000000000000000000e+00,0.000000000000000000e+00,0.000000000000000000e+00,-0.000000000000000000e+00,-0.000000000000000000e+00,-0.000000000000000000e+00,-0.000000000000000000e+00,-0.000000000000000000e+00,0.000000000000000000e+00
0.000000000000000000e+00,0.000000000000000000e+00,-3.005338721945270408e-01,-0.000000000000000000e+00,-0.000000000000000000e+00,-0.000000000000000000e+00,-0.000000000000000000e+00,1.272409079283892512e-02,-0.000000000000000000e+00,-0.000000000000000000e+00,-0.000000000000000000e+00,0.000000000000000000e+00,0.000000000000000000e+00,-0.000000000000000000e+00,0.000000000000000000e+00,-0.000000000000000000e+00,0.000000000000000000e+00,-0.000000000000000000e+00,-0.000000000000000000e+00,0.000000000000000000e+00,1.583808968457804944e+00,-2.373179885477527673e-01,-0.000000000000000000e+00,-0.000000000000000000e+00,-0.000000000000000000e+00,0.000000000000000000e+00,-0.000000000000000000e+00,-0.000000000000000000e+00,0.000000000000000000e+00,-0.000000000000000000e+00,-5.697972541546016817e-02,-0.000000000000000000e+00,-5.844060831788279176e-01,-0.000000000000000000e+00,0.000000000000000000e+00,0.000000000000000000e+00,0.000000000000000000e+00,-0.000000000000000000e+00,-1.113209703160316505e-01
0.000000000000000000e+00,-0.000000000000000000e+00,-0.000000000000000000e+00,-1.251810631990983927e-02,0.000000000000000000e+00,-0.000000000000000000e+00,-2.033801388307742986e-01,0.000000000000000000e+00,0.000000000000000000e+00,-0.000000000000000000e+00,-0.000000000000000000e+00,-0.000000000000000000e+00,0.000000000000000000e+00,0.000000000000000000e+00,0.000000000000000000e+00,-0.000000000000000000e+00,1.041748640917791041e-01,0.000000000000000000e+00,0.000000000000000000e+00,-1.467934838497924332e-01,-2.373179885477527673e-01,1.212190530799300836e+00,0.000000000000000000e+00,0.000000000000000000e+00,-0.000000000000000000e+00,0.000000000000000000e+00,-0.000000000000000000e+00,0.000000000000000000e+00,3.424069861525655400e-02,-0.000000000000000000e+00,-5.879832185409804984e-02,0.000000000000000000e+00,-1.528451415425446935e-01,-0.000000000000000000e+00,-0.000000000000000000e+00,-0.000000000000000000e+00,-0.000000000000000000e+00,0.000000000000000000e+00,-6.691963190040631226e-02
-1.244548737079180095e-01,-0.000000000000000000e+00,-4.034784795333317547e-02,0.000000000000000000e+00,-0.000000000000000000e+00,-0.000000000000000000e+00,0.000000000000000000e+00,7.701140311164826613e-02,-0.000000000000000000e+00,-0.000000000000000000e+00,0.000000000000000000e+00,0.000000000000000000e+00,-0.000000000000000000e+00,-3.444008528846472794e-01,-0.000000000000000000e+00,-3.626212455262256551e-01,-1.872822591298796691e-01,-2.676955993546458260e-02,-0.000000000000000000e+00,-0.000000000000000000e+00,-0.000000000000000000e+00,0.000000000000000000e+00,2.190145530961678411e+00,-0.000000000000000000e+00,-5.748486701403268118e-01,-0.000000000000000000e+00,-0.000000000000000000e+00,-2.885281391307091270e-01,-0.000000000000000000e+00,-0.000000000000000000e+00,-0.000000000000000000e+00,-0.000000000000000000e+00,-0.000000000000000000e+00,-9.120186759670932675e-02,-0.000000000000000000e+00,-0.000000000000000000e+00,-0.000000000000000000e+00,-1.242823980601766992e-01,0.000000000000000000e+00
-0.000000000000000000e+00,-0.000000000000000000e+00,-3.744043715587250937e-02,0.000000000000000000e+00,-0.000000000000000000e+00,0.000000000000000000e+00,0.000000000000000000e+00,4.744956962653459204e-02,-4.381307315980274009e-01,-0.000000000000000000e+00,0.000000000000000000e+00,-0.000000000000000000e+00,-6.106347154641363073e-02,-4.729253921378356318e-01,-1.715895757416624201e-01,-0.000000000000000000e+00,-0.000000000000000000e+00,-2.080148297019695502e-01,-1.036769721583692266e-01,-0.000000000000000000e+00,-0.000000000000000000e+00,0.000000000000000000e+00,-0.000000000000000000e+00,2.113417135800569113e+00,-1.042522612986061803e-02,-1.428894877223182980e-01,-0.000000000000000000e+00,-2.040614634181421583e-01,-6.010055793288020601e-03,-0.000000000000000000e+00,0.000000000000000000e+00,0.000000000000000000e+00,-0.000000000000000000e+00,-1.435785621492101927e-01,-0.000000000000000000e+00,0.000000000000000000e+00,-4.876006205044605690e-02,-0.000000000000000000e+00,-0.000000000000000000e+00
-5.757067803762404568e-01,-0.000000000000000000e+00,-0.000000000000000000e+00,0.000000000000000000e+00,-0.000000000000000000e+00,-0.000000000000000000e+00,0.000000000000000000e+00,0.000000000000000000e+00,-0.000000000000000000e+00,-8.074346249677048781e-02,1.413577683009760097e-02,0.000000000000000000e+00,-0.000000000000000000e+00,-1.621308816632922312e-01,-0.000000000000000000e+00,-0.000000000000000000e+00,-0.000000000000000000e+00,-0.000000000000000000e+00,-0.000000000000000000e+00,-1.026298863229346270e-01,-0.000000000000000000e+00,-0.000000000000000000e+00,-5.748486701403268118e-01,-1.042522612986061803e-02,2.005447864062604335e+00,-0.000000000000000000e+00,0.000000000000000000e+00,-2.899840816402638466e-01,-0.000000000000000000e+00,-0.000000000000000000e+00,-0.000000000000000000e+00,-0.000000000000000000e+00,-0.000000000000000000e+00,-0.000000000000000000e+00,-0.000000000000000000e+00,-0.000000000000000000e+00,-0.000000000000000000e+00,-0.000000000000000000e+00,-0.000000000000000000e+00
-4.157679528582167716e-01,-0.000000000000000000e+00,-0.000000000000000000e+00,0.000000000000000000e+00,-0.000000000000000000e+00,-0.000000000000000000e+00,0.000000000000000000e+00,0.000000000000000000e+00,-2.928547905777746374e-01,-0.000000000000000000e+00,0.000000000000000000e+00,-0.000000000000000000e+00,-1.255205380064162990e-01,-0.000000000000000000e+00,-4.404180565231983757e-01,-0.000000000000000000e+00,-2.838880798475166833e-01,-0.000000000000000000e+00,-0.000000000000000000e+00,-9.062491194504194991e-02,0.000000000000000000e+00,0.000000000000000000e+00,-0.000000000000000000e+00,-1.428894877223182980e-01,-0.000000000000000000e+00,2.665340515081733308e+00,-2.226990476049329482e-01,-4.999721872729253613e-01,-3.345156885226087118e-01,-0.000000000000000000e+00,0.000000000000000000e+00,-0.000000000000000000e+00,0.000000000000000000e+00,-3.501115315539191086e-02,-1.226217502198343468e-01,-0.000000000000000000e+00,-1.378342323522058210e-02,-3.934029282249253611e-04,0.000000000000000000e+00
-0.000000000000000000e+00,-0.000000000000000000e+00,-0.000000000000000000e+00,-0.000000000000000000e+00,-0.000000000000000000e+00,-0.000000000000000000e+00,-0.000000000000000000e+00,0.000000000000000000e+00,-0.000000000000000000e+00,-0.000000000000000000e+00,-4.221952061220586305e-01,-0.000000000000000000e+00,-0.000000000000000000e+00,-0.000000000000000000e+00,-0.000000000000000000e+00,-0.000000000000000000e+00,-0.000000000000000000e+00,-0.000000000000000000e+00,-0.000000000000000000e+00,0.000000000000000000e+00,-0.000000000000000000e+00,-0.000000000000000000e+00,-0.000000000000000000e+00,-0.000000000000000000e+00,0.000000000000000000e+00,-2.226990476049329482e-01,1.455814564627160301e+00,-0.000000000000000000e+00,-0.000000000000000000e+00,-1.915199580981139238e-01,-0.000000000000000000e+00,-4.010163590069388273e-01,-0.000000000000000000e+00,-0.000000000000000000e+00,-0.000000000000000000e+00,-0.000000000000000000e+00,-7.318781285681792703e-02,-0.000000000000000000e+00,-0.000000000000000000e+00
-6.074357896225661690e-01,-0.000000000000000000e+00,-0.000000000000000000e+00,0.000000000000000000e+00,-0.000000000000000000e+00,0.000000000000000000e+00,0.000000000000000000e+00,0.000000000000000000e+00,-1.929159744872195881e-01,-0.000000000000000000e+00,0.000000000000000000e+00,-0.000000000000000000e+00,-0.000000000000000000e+00,-1.040947281713127705e-02,-1.654569630109109235e-01,-0.000000000000000000e+00,-9.520146592432958410e-02,-0.000000000000000000e+00,-2.107422463404714508e-01,-0.000000000000000000e+00,-0.000000000000000000e+00,0.000000000000000000e+00,-2.885281391307091270e-01,-2.040614634181421583e-01,-2.899840816402638466e-01,-4.999721872729253613e-01,-0.000000000000000000e+00,3.123613918526294775e+00,-6.168090938534247919e-02,-0.000000000000000000e+00,0.000000000000000000e+00,0.000000000000000000e+00,-0.000000000000000000e+00,-4.371288516440179905e-01,-0.000000000000000000e+00,0.000000000000000000e+00,-0.000000000000000000e+00,-4.224025922060610228e-01,0.000000000000000000e+00
-6.233746542361644494e-01,-1.623230172375849864e-02,-0.000000000000000000e+00,0.000000000000000000e+00,-0.000000000000000000e+00,0.000000000000000000e+00,0.000000000000000000e+00,0.000000000000000000e+00,-2.322219534762151871e-01,-0.000000000000000000e+00,0.000000000000000000e+00,-0.000000000000000000e+00,-2.472901439553981395e-01,-2.171696194398385349e-01,-2.008409971998144083e-01,-0.000000000000000000e+00,-1.785459749397765306e-01,-0.000000000000000000e+00,-0.000000000000000000e+00,-0.000000000000000000e+00,0.000000000000000000e+00,3.424069861525655400e-02,-0.000000000000000000e+00,-6.010055793288020601e-03,-0.000000000000000000e+00,-3.345156885226087118e-01,-0.000000000000000000e+00,-6.168090938534247919e-02,2.419291911138302886e+00,-0.000000000000000000e+00,0.000000000000000000e+00,-0.000000000000000000e+00,0.000000000000000000e+00,-0.000000000000000000e+00,-1.148264490266201893e-01,-0.000000000000000000e+00,-3.647919107671523942e-01,-0.000000000000000000e+00,0.000000000000000000e+00
-1.009220837780136076e-01,-2.074740590313753699e-02,-0.000000000000000000e+00,-0.000000000000000000e+00,-2.309420502026941491e-01,0.000000000000000000e+00,-0.000000000000000000e+00,2.186678045897123002e-01,-1.008130448948537511e-01,-1.189546699874481223e-01,-0.000000000000000000e+00,0.000000000000000000e+00,-0.000000000000000000e+00,-3.835197349958553437e-01,-0.000000000000000000e+00,-4.838674753519475180e-01,-0.000000000000000000e+00,-0.000000000000000000e+00,-0.000000000000000000e+00,0.000000000000000000e+00,-0.000000000000000000e+00,-0.000000000000000000e+00,-0.000000000000000000e+00,-0.000000000000000000e+00,-0.000000000000000000e+00,-0.000000000000000000e+00,-1.915199580981139238e-01,-0.000000000000000000e+00,-0.000000000000000000e+00,2.080300444835821772e+00,-0.000000000000000000e+00,-8.741878152925687540e-03,-2.514960249973503537e-01,-0.000000000000000000e+00,-0.000000000000000000e+00,-0.000000000000000000e+00,-5.015074181049961055e-02,-9.005015502348717726e-02,-0.000000000000000000e+00
0.000000000000000000e+00,-0.000000000000000000e+00,-0.000000000000000000e+00,-0.000000000000000000e+00,-0.000000000000000000e+00,-2.354889767228733957e-02,-2.298392243685387082e-01,0.000000000000000000e+00,0.000000000000000000e+00,-6.858301341356882741e-01,-0.000000000000000000e+00,7.625135606742844407e-02,5.403491707400788213e-01,-0.000000000000000000e+00,2.061313370590600880e-01,-1.368995020185267697e-01,0.000000000000000000e+00,-0.000000000000000000e+00,-8.998029283154943339e-03,0.000000000000000000e+00,-5.697972541546016817e-02,-5.879832185409804984e-02,-0.000000000000000000e+00,0.000000000000000000e+00,-0.000000000000000000e+00,0.000000000000000000e+00,-0.000000000000000000e+00,0.000000000000000000e+00,0.000000000000000000e+00,-0.000000000000000000e+00,2.171875642564405240e+00,-0.000000000000000000e+00,-4.781136408463602105e-01,0.000000000000000000e+00,0.000000000000000000e+00,-0.000000000000000000e+00,-0.000000000000000000e+00,0.000000000000000000e+00,-3.066739709358300425e-01
-0.000000000000000000e+00,-2.706214103603343801e-01,-0.000000000000000000e+00,-0.000000000000000000e+00,-2.225846887017178810e-01,-0.000000000000000000e+00,-0.000000000000000000e+00,0.000000000000000000e+00,-0.000000000000000000e+00,-2.869206823792310734e-01,-9.802572538451451156e-02,0.000000000000000000e+00,0.000000000000000000e+00,-0.000000000000000000e+00,9.445096952421035141e-02,-0.000000000000000000e+00,-0.000000000000000000e+00,0.000000000000000000e+00,0.000000000000000000e+00,0.000000000000000000e+00,-0.000000000000000000e+00,0.000000000000000000e+00,-0.000000000000000000e+00,0.000000000000000000e+00,-0.000000000000000000e+00,-0.000000000000000000e+00,-4.010163590069388273e-01,0.000000000000000000e+00,-0.000000000000000000e+00,-8.741878152925687540e-03,-0.000000000000000000e+00,1.458702112825537967e+00,-0.000000000000000000e+00,-0.000000000000000000e+00,-0.000000000000000000e+00,-0.000000000000000000e+00,-0.000000000000000000e+00,0.000000000000000000e+00,-0.000000000000000000e+00
0.000000000000000000e+00,0.000000000000000000e+00,-2.958838753368137064e-01,-0.000000000000000000e+00,-2.065128835524161766e-01,-0.000000000000000000e+00,-0.000000000000000000e+00,1.354297769618704461e-01,-0.000000000000000000e+00,-0.000000000000000000e+00,-9.064665686106100628e-02,0.000000000000000000e+00,0.000000000000000000e+00,-0.000000000000000000e+00,0.000000000000000000e+00,-0.000000000000000000e+00,0.000000000000000000e+00,-0.000000000000000000e+00,-0.000000000000000000e+00,0.000000000000000000e+00,-5.844060831788279176e-01,-1.528451415425446935e-01,-0.000000000000000000e+00,-0.000000000000000000e+00,-0.000000000000000000e+00,0.000000000000000000e+00,-0.000000000000000000e+00,-0.000000000000000000e+00,0.000000000000000000e+00,-2.514960249973503537e-01,-4.781136408463602105e-01,-0.000000000000000000e+00,2.075676486381456964e+00,-0.000000000000000000e+00,-0.000000000000000000e+00,0.000000000000000000e+00,-0.000000000000000000e+00,-0.000000000000000000e+00,-1.088371764288159904e-01
-0.000000000000000000e+00,-0.000000000000000000e+00,-4.731468943376628267e-01,0.000000000000000000e+00,-1.747362904390372881e-02,0.000000000000000000e+00,0.000000000000000000e+00,1.653573315268956970e-02,-7.960097855414206558e-01,-0.000000000000000000e+00,0.000000000000000000e+00,-1.522306295815600563e-01,-0.000000000000000000e+00,-0.000000000000000000e+00,-8.382797315327612797e-02,-0.000000000000000000e+00,-0.000000000000000000e+00,-0.000000000000000000e+00,-0.000000000000000000e+00,-0.000000000000000000e+00,-0.000000000000000000e+00,-0.000000000000000000e+00,-9.120186759670932675e-02,-1.435785621492101927e-01,-0.000000000000000000e+00,-3.501115315539191086e-02,-0.000000000000000000e+00,-4.371288516440179905e-01,-0.000000000000000000e+00,-0.000000000000000000e+00,0.000000000000000000e+00,-0.000000000000000000e+00,-0.000000000000000000e+00,2.346376763443280833e+00,-0.000000000000000000e+00,0.000000000000000000e+00,-0.000000000000000000e+00,-8.259748626889415468e-02,-0.000000000000000000e+00
-0.000000000000000000e+00,-5.381292642824198579e-03,-0.000000000000000000e+00,0.000000000000000000e+00,-0.000000000000000000e+00,-0.000000000000000000e+00,0.000000000000000000e+00,0.000000000000000000e+00,-0.000000000000000000e+00,-0.000000000000000000e+00,0.000000000000000000e+00,-0.000000000000000000e+00,-0.000000000000000000e+00,-4.686073731642890344e-02,-0.000000000000000000e+00,0.000000000000000000e+00,-0.000000000000000000e+00,-0.000000000000000000e+00,-0.000000000000000000e+00,-0.000000000000000000e+00,0.000000000000000000e+00,-0.000000000000000000e+00,-0.000000000000000000e+00,-0.000000000000000000e+00,-0.000000000000000000e+00,-1.226217502198343468e-01,-0.000000000000000000e+00,-0.000000000000000000e+00,-1.148264490266201893e-01,-0.000000000000000000e+00,0.000000000000000000e+00,-0.000000000000000000e+00,-0.000000000000000000e+00,-0.000000000000000000e+00,1.553945756614105278e+00,-9.304179729048039915e-02,-7.501049064542915090e-01,-0.000000000000000000e+00,0.000000000000000000e+00
-0.000000000000000000e+00,-4.346886545722830064e-01,0.000000000000000000e+00,-0.000000000000000000e+00,-0.000000000000000000e+00,-0.000000000000000000e+00,-2.148173051518351487e-02,0.000000000000000000e+00,0.000000000000000000e+00,-0.000000000000000000e+00,0.000000000000000000e+00,-0.000000000000000000e+00,0.000000000000000000e+00,-0.000000000000000000e+00,-0.000000000000000000e+00,-3.017345821725872859e-02,-0.000000000000000000e+00,0.000000000000000000e+00,0.000000000000000000e+00,-0.000000000000000000e+00,0.000000000000000000e+00,-0.000000000000000000e+00,-0.000000000000000000e+00,0.000000000000000000e+00,-0.000000000000000000e+00,-0.000000000000000000e+00,-0.000000000000000000e+00,0.000000000000000000e+00,-0.000000000000000000e+00,-0.000000000000000000e+00,-0.000000000000000000e+00,-0.000000000000000000e+00,0.000000000000000000e+00,0.000000000000000000e+00,-9.304179729048039915e-02,1.180694781557043438e+00,-0.000000000000000000e+00,1.029002443985329307e-01,0.000000000000000000e+00
-0.000000000000000000e+00,-2.576279937130831477e-01,-1.377538761840957880e-02,0.000000000000000000e+00,-2.137400854198814870e-01,0.000000000000000000e+00,0.000000000000000000e+00,5.762265257174960242e-02,-7.051263471627687573e-02,-0.000000000000000000e+00,0.000000000000000000e+00,-7.764033626807138357e-03,-0.000000000000000000e+00,-1.006843392321751240e-01,-0.000000000000000000e+00,-0.000000000000000000e+00,-0.000000000000000000e+00,-0.000000000000000000e+00,-0.000000000000000000e+00,-0.000000000000000000e+00,0.000000000000000000e+00,-0.000000000000000000e+00,-0.000000000000000000e+00,-4.876006205044605690e-02,-0.000000000000000000e+00,-1.378342323522058210e-02,-7.318781285681792703e-02,-0.000000000000000000e+00,-3.647919107671523942e-01,-5.015074181049961055e-02,-0.000000000000000000e+00,-0.000000000000000000e+00,-0.000000000000000000e+00,-0.000000000000000000e+00,-7.501049064542915090e-01,-0.000000000000000000e+00,1.971979056980447620e+00,-0.000000000000000000e+00,0.000000000000000000e+00
-0.000000000000000000e+00,0.000000000000000000e+00,-0.000000000000000000e+00,0.000000000000000000e+00,-0.000000000000000000e+00,0.000000000000000000e+00,5.157364528365517703e-02,0.000000000000000000e+00,-1.269994278544310518e-01,-0.000000000000000000e+00,-0.000000000000000000e+00,-0.000000000000000000e+00,-3.197515647424063051e-02,-0.000000000000000000e+00,-0.000000000000000000e+00,-1.123779072382278948e-01,-1.607192644300703133e-01,-5.247711123572454950e-01,-8.091770278544302419e-02,-0.000000000000000000e+00,-0.000000000000000000e+00,0.000000000000000000e+00,-1.242823980601766992e-01,-0.000000000000000000e+00,-0.000000000000000000e+00,-3.934029282249253611e-04,-0.000000000000000000e+00,-4.224025922060610228e-01,-0.000000000000000000e+00,-9.005015502348717726e-02,0.000000000000000000e+00,0.000000000000000000e+00,-0.000000000000000000e+00,-8.259748626889415468e-02,-0.000000000000000000e+00,1.029002443985329307e-01,-0.000000000000000000e+00,1.872344554044597320e+00,-0.000000000000000000e+00
0.000000000000000000e+00,0.000000000000000000e+00,-0.000000000000000000e+00,-0.000000000000000000e+00,-0.000000000000000000e+00,-0.000000000000000000e+00,-0.000000000000000000e+00,0.000000000000000000e+00,-0.000000000000000000e+00,-2.163294675563844083e-01,-9.189147586054689787e-02,-0.000000000000000000e+00,0.000000000000000000e+00,-0.000000000000000000e+00,0.000000000000000000e+00,-0.000000000000000000e+00,0.000000000000000000e+00,-0.000000000000000000e+00,-0.000000000000000000e+00,0.000000000000000000e+00,-1.113209703160316505e-01,-6.691963190040631226e-02,0.000000000000000000e+00,-0.000000000000000000e+00,-0.000000000000000000e+00,0.000000000000000000e+00,-0.000000000000000000e+00,0.000000000000000000e+00,0.000000000000000000e+00,-0.000000000000000000e+00,-3.066739709358300425e-01,-0.000000000000000000e+00,-1.088371764288159904e-01,-0.000000000000000000e+00,0.000000000000000000e+00,0.000000000000000000e+00,0.000000000000000000e+00,-0.000000000000000000e+00,1.304461917868859011e+00
