1.841280262262235290e+00,-5.514214752561015231e-01,-0.000000000000000000e+00,0.000000000000000000e+00,-3.041062539375579132e-01,-0.000000000000000000e+00,0.000000000000000000e+00,0.000000000000000000e+00,-3.336945098543450672e-01,-0.000000000000000000e+00,-0.000000000000000000e+00,0.000000000000000000e+00,0.000000000000000000e+00,-0.000000000000000000e+00,-0.000000000000000000e+00,-0.000000000000000000e+00,-0.000000000000000000e+00,-0.000000000000000000e+00,0.000000000000000000e+00,0.000000000000000000e+00,-0.000000000000000000e+00,0.000000000000000000e+00,-0.000000000000000000e+00,-0.000000000000000000e+00,-0.000000000000000000e+00,-0.000000000000000000e+00,-0.000000000000000000e+00,-0.000000000000000000e+00,-0.000000000000000000e+00,-5.573671328328674845e-02,-0.000000000000000000e+00,-0.000000000000000000e+00,-0.000000000000000000e+00,-0.000000000000000000e+00,-0.000000000000000000e+00,-1.837079094700946047e-01,-0.000000000000000000e+00,-3.103786111538031078e-01,-1.604177211985263196e-01
-5.514214752561015231e-01,1.647653345386127510e+00,-3.819957624642477192e-03,0.000000000000000000e+00,-0.000000000000000000e+00,-0.000000000000000000e+00,0.000000000000000000e+00,0.000000000000000000e+00,-0.000000000000000000e+00,-6.802370597851281619e-02,-0.000000000000000000e+00,-0.000000000000000000e+00,0.000000000000000000e+00,-1.841498061395895058e-01,0.000000000000000000e+00,-2.948346642983109556e-01,-0.000000000000000000e+00,-0.000000000000000000e+00,-0.000000000000000000e+00,9.061231176491602035e-02,-0.000000000000000000e+00,9.357761254324503675e-02,-0.000000000000000000e+00,-0.000000000000000000e+00,-0.000000000000000000e+00,-4.486766276424747346e-02,-0.000000000000000000e+00,-0.000000000000000000e+00,-0.000000000000000000e+00,-7.440840163367742899e-02,-0.000000000000000000e+00,-5.877000122867819670e-02,-0.000000000000000000e+00,0.000000000000000000e+00,-0.000000000000000000e+00,-0.000000000000000000e+00,-5.729155238367583669e-02,-0.000000000000000000e+00,-0.000000000000000000e+00
-0.000000000000000000e+00,-3.819957624642477192e-03,2.582813298735611607e+00,-0.000000000000000000e+00,-1.188718702639407765e-01,-0.000000000000000000e+00,-0.000000000000000000e+00,8.199212399159745424e-01,-0.000000000000000000e+00,-1.677328651840891416e-01,0.000000000000000000e+00,-0.000000000000000000e+00,0.000000000000000000e+00,-2.533982417703700696e-01,-0.000000000000000000e+00,-1.059913947433775566e-01,-5.679161933356002140e-02,-0.000000000000000000e+00,-0.000000000000000000e+00,0.000000000000000000e+00,-1.744694181736298200e-01,0.000000000000000000e+00,-0.000000000000000000e+00,-0.000000000000000000e+00,-0.000000000000000000e+00,-3.273557405127072717e-01,-0.000000000000000000e+00,-6.385987741030110243e-01,-0.000000000000000000e+00,-0.000000000000000000e+00,-2.879193726382174578e-02,-0.000000000000000000e+00,-3.510713151791182429e-02,-0.000000000000000000e+00,-0.000000000000000000e+00,0.000000000000000000e+00,-0.000000000000000000e+00,-0.000000000000000000e+00,-0.000000000000000000e+00
0.000000000000000000e+00,0.000000000000000000e+00,-0.000000000000000000e+00,1.531876880575669730e+00,-0.000000000000000000e+00,1.973464896118740097e-01,-0.000000000000000000e+00,-0.000000000000000000e+00,0.000000000000000000e+00,0.000000000000000000e+00,0.000000000000000000e+00,-1.468291053458018469e-01,0.000000000000000000e+00,0.000000000000000000e+00,-6.092483120000092428e-02,0.000000000000000000e+00,0.000000000000000000e+00,-1.019308076816306807e-01,-5.114852646784534551e-01,-1.780637220845892321e-01,0.000000000000000000e+00,0.000000000000000000e+00,9.885917062929820698e-02,0.000000000000000000e+00,3.081782566907392482e-03,0.000000000000000000e+00,-0.000000000000000000e+00,-0.000000000000000000e+00,0.000000000000000000e+00,0.000000000000000000e+00,-0.000000000000000000e+00,0.000000000000000000e+00,0.000000000000000000e+00,-0.000000000000000000e+00,0.000000000000000000e+00,0.000000000000000000e+00,-0.000000000000000000e+00,0.000000000000000000e+00,-0.000000000000000000e+00
-3.041062539375579132e-01,-0.000000000000000000e+00,-1.188718702639407765e-01,-0.000000000000000000e+00,1.910202758680619395e+00,-0.000000000000000000e+00,0.000000000000000000e+00,6.825242277122678392e-01,-3.532934292017935185e-01,-0.000000000000000000e+00,0.000000000000000000e+00,0.000000000000000000e+00,0.000000000000000000e+00,-0.000000000000000000e+00,-0.000000000000000000e+00,-4.504037056423176172e-02,-0.000000000000000000e+00,-0.000000000000000000e+00,-0.000000000000000000e+00,0.000000000000000000e+00,-0.000000000000000000e+00,0.000000000000000000e+00,-0.000000000000000000e+00,-0.000000000000000000e+00,-0.000000000000000000e+00,-0.000000000000000000e+00,0.000000000000000000e+00,-0.000000000000000000e+00,-0.000000000000000000e+00,-7.825606591695119518e-02,-0.000000000000000000e+00,-0.000000000000000000e+00,-0.000000000000000000e+00,-2.594639463132830115e-01,-0.000000000000000000e+00,-0.000000000000000000e+00,-0.000000000000000000e+00,-5.452796722355323505e-02,-0.000000000000000000e+00
-0.000000000000000000e+00,-0.000000000000000000e+00,-0.000000000000000000e+00,1.973464896118740097e-01,-0.000000000000000000e+00,2.390299045915507126e+00,0.000000000000000000e+00,0.000000000000000000e+00,-0.000000000000000000e+00,-0.000000000000000000e+00,-0.000000000000000000e+00,4.189253926392626504e-01,-0.000000000000000000e+00,-0.000000000000000000e+00,0.000000000000000000e+00,-0.000000000000000000e+00,-2.118187321482644520e-02,0.000000000000000000e+00,0.000000000000000000e+00,0.000000000000000000e+00,-0.000000000000000000e+00,-0.000000000000000000e+00,-6.498159575030146851e-01,-4.752007823897377303e-01,-5.146281979680563667e-01,-0.000000000000000000e+00,0.000000000000000000e+00,0.000000000000000000e+00,-0.000000000000000000e+00,-1.208568715086157097e-01,0.000000000000000000e+00,-0.000000000000000000e+00,-0.000000000000000000e+00,0.000000000000000000e+00,-0.000000000000000000e+00,-0.000000000000000000e+00,-0.000000000000000000e+00,-0.000000000000000000e+00,0.000000000000000000e+00
0.000000000000000000e+00,0.000000000000000000e+00,-0.000000000000000000e+00,-0.000000000000000000e+00,0.000000000000000000e+00,0.000000000000000000e+00,1.081979800119130086e+00,0.000000000000000000e+00,0.000000000000000000e+00,-0.000000000000000000e+00,0.000000000000000000e+00,0.000000000000000000e+00,0.000000000000000000e+00,-0.000000000000000000e+00,0.000000000000000000e+00,0.000000000000000000e+00,-0.000000000000000000e+00,0.000000000000000000e+00,-0.000000000000000000e+00,0.000000000000000000e+00,-0.000000000000000000e+00,0.000000000000000000e+00,-0.000000000000000000e+00,-0.000000000000000000e+00,-0.000000000000000000e+00,-0.000000000000000000e+00,-0.000000000000000000e+00,-0.000000000000000000e+00,-0.000000000000000000e+00,0.000000000000000000e+00,-2.814827049027143757e-02,-0.000000000000000000e+00,-1.072889297833074657e-01,3.516064026320284142e-02,-0.000000000000000000e+00,0.000000000000000000e+00,-0.000000000000000000e+00,0.000000000000000000e+00,2.420010271688116665e-01
0.000000000000000000e+00,0.000000000000000000e+00,8.199212399159745424e-01,-0.000000000000000000e+00,6.825242277122678392e-01,0.000000000000000000e+00,0.000000000000000000e+00,2.224270916295979728e+00,2.532252700542811721e-02,1.686715062389848030e-01,-0.000000000000000000e+00,-0.000000000000000000e+00,-0.000000000000000000e+00,1.059184993186070185e-02,-0.000000000000000000e+00,1.479131035730593957e-01,6.815180201628670553e-02,0.000000000000000000e+00,0.000000000000000000e+00,-6.984347449773027627e-02,0.000000000000000000e+00,-0.000000000000000000e+00,2.098963457137919056e-02,0.000000000000000000e+00,2.060744987207358686e-02,1.885182334239046686e-02,0.000000000000000000e+00,0.000000000000000000e+00,7.294828165503628760e-03,0.000000000000000000e+00,0.000000000000000000e+00,0.000000000000000000e+00,0.000000000000000000e+00,0.000000000000000000e+00,0.000000000000000000e+00,0.000000000000000000e+00,0.000000000000000000e+00,1.901528305388212881e-01,0.000000000000000000e+00
-3.336945098543450672e-01,-0.000000000000000000e+00,-0.000000000000000000e+00,0.000000000000000000e+00,-3.532934292017935185e-01,-0.000000000000000000e+00,0.000000000000000000e+00,2.532252700542811721e-02,2.158266796365647444e+00,-1.417183461182272564e-01,-0.000000000000000000e+00,0.000000000000000000e+00,-0.000000000000000000e+00,-0.000000000000000000e+00,-0.000000000000000000e+00,-2.735426991042073097e-01,-0.000000000000000000e+00,-0.000000000000000000e+00,-0.000000000000000000e+00,0.000000000000000000e+00,-0.000000000000000000e+00,0.000000000000000000e+00,-0.000000000000000000e+00,-0.000000000000000000e+00,-0.000000000000000000e+00,-0.000000000000000000e+00,0.000000000000000000e+00,-0.000000000000000000e+00,-0.000000000000000000e+00,-6.248866684005839334e-01,0.000000000000000000e+00,-0.000000000000000000e+00,0.000000000000000000e+00,-1.414923992921956197e-01,-0.000000000000000000e+00,-0.000000000000000000e+00,0.000000000000000000e+00,-1.914250200364434051e-01,-2.178157284279963468e-01
-0.000000000000000000e+00,-6.802370597851281619e-02,-1.677328651840891416e-01,0.000000000000000000e+00,-0.000000000000000000e+00,-0.000000000000000000e+00,-0.000000000000000000e+00,1.686715062389848030e-01,-1.417183461182272564e-01,2.119780960909421363e+00,-0.000000000000000000e+00,0.000000000000000000e+00,0.000000000000000000e+00,-1.189759940540713323e-02,-0.000000000000000000e+00,-7.710387961511329102e-01,-1.020235255565598576e-01,-0.000000000000000000e+00,-0.000000000000000000e+00,0.000000000000000000e+00,-0.000000000000000000e+00,2.397004714289607819e-02,-1.350039728436001063e-01,-0.000000000000000000e+00,-4.952160767823052256e-02,-1.713608685871018944e-01,-0.000000000000000000e+00,-0.000000000000000000e+00,-5.000735428045673808e-02,-2.310124972715146274e-01,-0.000000000000000000e+00,-0.000000000000000000e+00,-0.000000000000000000e+00,-0.000000000000000000e+00,-0.000000000000000000e+00,-0.000000000000000000e+00,-0.000000000000000000e+00,-7.393659961621075472e-02,-0.000000000000000000e+00
-0.000000000000000000e+00,-0.000000000000000000e+00,0.000000000000000000e+00,0.000000000000000000e+00,0.000000000000000000e+00,-0.000000000000000000e+00,0.000000000000000000e+00,-0.000000000000000000e+00,-0.000000000000000000e+00,-0.000000000000000000e+00,1.000000000000000222e+00,-0.000000000000000000e+00,-0.000000000000000000e+00,0.000000000000000000e+00,-0.000000000000000000e+00,-0.000000000000000000e+00,-0.000000000000000000e+00,-0.000000000000000000e+00,0.000000000000000000e+00,-0.000000000000000000e+00,0.000000000000000000e+00,-0.000000000000000000e+00,-0.000000000000000000e+00,0.000000000000000000e+00,0.000000000000000000e+00,0.000000000000000000e+00,0.000000000000000000e+00,0.000000000000000000e+00,0.000000000000000000e+00,-0.000000000000000000e+00,0.000000000000000000e+00,0.000000000000000000e+00,0.000000000000000000e+00,-0.000000000000000000e+00,0.000000000000000000e+00,-0.000000000000000000e+00,0.000000000000000000e+00,0.000000000000000000e+00,-0.000000000000000000e+00
0.000000000000000000e+00,-0.000000000000000000e+00,-0.000000000000000000e+00,-1.468291053458018469e-01,0.000000000000000000e+00,4.189253926392626504e-01,0.000000000000000000e+00,-0.000000000000000000e+00,0.000000000000000000e+00,0.000000000000000000e+00,-0.000000000000000000e+00,1.653268032196863579e+00,1.494417113586526263e-02,0.000000000000000000e+00,-2.924174097496317626e-01,0.000000000000000000e+00,0.000000000000000000e+00,-0.000000000000000000e+00,-3.219111690228765310e-01,-0.000000000000000000e+00,-0.000000000000000000e+00,0.000000000000000000e+00,2.303247160190570741e-01,5.425498946105428849e-02,0.000000000000000000e+00,0.000000000000000000e+00,-2.602815585901406825e-01,-0.000000000000000000e+00,0.000000000000000000e+00,0.000000000000000000e+00,-0.000000000000000000e+00,0.000000000000000000e+00,-0.000000000000000000e+00,-0.000000000000000000e+00,0.000000000000000000e+00,0.000000000000000000e+00,-0.000000000000000000e+00,0.000000000000000000e+00,-2.672880545443600056e-02
0.000000000000000000e+00,0.000000000000000000e+00,0.000000000000000000e+00,0.000000000000000000e+00,0.000000000000000000e+00,-0.000000000000000000e+00,0.000000000000000000e+00,-0.000000000000000000e+00,-0.000000000000000000e+00,0.000000000000000000e+00,-0.000000000000000000e+00,1.494417113586526263e-02,1.878089132794540150e+00,0.000000000000000000e+00,0.000000000000000000e+00,0.000000000000000000e+00,0.000000000000000000e+00,0.000000000000000000e+00,0.000000000000000000e+00,-0.000000000000000000e+00,1.409449604873602713e-01,-1.325775925544120382e-01,-0.000000000000000000e+00,-0.000000000000000000e+00,-0.000000000000000000e+00,1.133571960148094422e-02,4.569414088144577168e-01,3.131600433923760196e-01,0.000000000000000000e+00,-0.000000000000000000e+00,4.817756096127914778e-01,0.000000000000000000e+00,0.000000000000000000e+00,-0.000000000000000000e+00,0.000000000000000000e+00,-0.000000000000000000e+00,5.557574548029454303e-02,0.000000000000000000e+00,0.000000000000000000e+00
-0.000000000000000000e+00,-1.841498061395895058e-01,-2.533982417703700696e-01,0.000000000000000000e+00,-0.000000000000000000e+00,-0.000000000000000000e+00,-0.000000000000000000e+00,1.059184993186070185e-02,-0.000000000000000000e+00,-1.189759940540713323e-02,0.000000000000000000e+00,0.000000000000000000e+00,0.000000000000000000e+00,2.640478167056577341e+00,0.000000000000000000e+00,-0.000000000000000000e+00,-0.000000000000000000e+00,-0.000000000000000000e+00,-0.000000000000000000e+00,1.640684937644508179e-01,-0.000000000000000000e+00,1.586363436385389292e-01,-0.000000000000000000e+00,-0.000000000000000000e+00,-0.000000000000000000e+00,-2.370223893077777200e-01,-0.000000000000000000e+00,-1.336179035836294604e-01,-3.599105496152802952e-01,-0.000000000000000000e+00,-2.024291185529571990e-01,-3.633984040450654596e-01,-2.513303213502798283e-01,0.000000000000000000e+00,-1.717765659516905241e-01,0.000000000000000000e+00,-3.104006881676324991e-01,-0.000000000000000000e+00,0.000000000000000000e+00
-0.000000000000000000e+00,0.000000000000000000e+00,-0.000000000000000000e+00,-6.092483120000092428e-02,-0.000000000000000000e+00,0.000000000000000000e+00,0.000000000000000000e+00,-0.000000000000000000e+00,-0.000000000000000000e+00,-0.000000000000000000e+00,-0.000000000000000000e+00,-2.924174097496317626e-01,0.000000000000000000e+00,0.000000000000000000e+00,1.857604936630165016e+00,-0.000000000000000000e+00,-0.000000000000000000e+00,-5.210684378118376481e-01,-0.000000000000000000e+00,-2.975882723200158342e-01,0.000000000000000000e+00,-0.000000000000000000e+00,0.000000000000000000e+00,2.491042345979946337e-01,1.010515605472815520e-01,0.000000000000000000e+00,0.000000000000000000e+00,-0.000000000000000000e+00,0.000000000000000000e+00,-0.000000000000000000e+00,0.000000000000000000e+00,0.000000000000000000e+00,0.000000000000000000e+00,-3.658736640674178364e-01,0.000000000000000000e+00,-0.000000000000000000e+00,0.000000000000000000e+00,-0.000000000000000000e+00,-1.824693179057504111e-01
-0.000000000000000000e+00,-2.948346642983109556e-01,-1.059913947433775566e-01,0.000000000000000000e+00,-4.504037056423176172e-02,-0.000000000000000000e+00,0.000000000000000000e+00,1.479131035730593957e-01,-2.735426991042073097e-01,-7.710387961511329102e-01,-0.000000000000000000e+00,0.000000000000000000e+00,0.000000000000000000e+00,-0.000000000000000000e+00,-0.000000000000000000e+00,2.381739450884809095e+00,-0.000000000000000000e+00,-0.000000000000000000e+00,-0.000000000000000000e+00,0.000000000000000000e+00,-0.000000000000000000e+00,4.694704191783634177e-03,-5.838359975811318464e-02,-0.000000000000000000e+00,-0.000000000000000000e+00,-2.217515583523882450e-02,-0.000000000000000000e+00,-0.000000000000000000e+00,-0.000000000000000000e+00,-4.763088821008885088e-01,-0.000000000000000000e+00,-0.000000000000000000e+00,-0.000000000000000000e+00,-0.000000000000000000e+00,-0.000000000000000000e+00,-0.000000000000000000e+00,-0.000000000000000000e+00,-2.828040829766110820e-01,-0.000000000000000000e+00
-0.000000000000000000e+00,-0.000000000000000000e+00,-5.679161933356002140e-02,0.000000000000000000e+00,-0.000000000000000000e+00,-2.118187321482644520e-02,-0.000000000000000000e+00,6.815180201628670553e-02,-0.000000000000000000e+00,-1.020235255565598576e-01,-0.000000000000000000e+00,0.000000000000000000e+00,0.000000000000000000e+00,-0.000000000000000000e+00,-0.000000000000000000e+00,-0.000000000000000000e+00,1.164007033675081182e+00,-0.000000000000000000e+00,-0.000000000000000000e+00,0.000000000000000000e+00,-0.000000000000000000e+00,0.000000000000000000e+00,-8.815526899024375695e-02,-0.000000000000000000e+00,-0.000000000000000000e+00,-0.000000000000000000e+00,-0.000000000000000000e+00,-0.000000000000000000e+00,-2.173741311192276260e-01,-2.771577528468005536e-02,-0.000000000000000000e+00,-0.000000000000000000e+00,-0.000000000000000000e+00,-0.000000000000000000e+00,-0.000000000000000000e+00,0.000000000000000000e+00,-0.000000000000000000e+00,-0.000000000000000000e+00,0.000000000000000000e+00
-0.000000000000000000e+00,-0.000000000000000000e+00,-0.000000000000000000e+00,-1.019308076816306807e-01,-0.000000000000000000e+00,0.000000000000000000e+00,0.000000000000000000e+00,0.000000000000000000e+00,-0.000000000000000000e+00,-0.000000000000000000e+00,-0.000000000000000000e+00,-0.000000000000000000e+00,0.000000000000000000e+00,-0.000000000000000000e+00,-5.210684378118376481e-01,-0.000000000000000000e+00,-0.000000000000000000e+00,1.695977385282342320e+00,-7.035928231220518470e-01,-0.000000000000000000e+00,-0.000000000000000000e+00,0.000000000000000000e+00,0.000000000000000000e+00,0.000000000000000000e+00,0.000000000000000000e+00,-0.000000000000000000e+00,-0.000000000000000000e+00,-0.000000000000000000e+00,0.000000000000000000e+00,-0.000000000000000000e+00,-0.000000000000000000e+00,0.000000000000000000e+00,-0.000000000000000000e+00,-0.000000000000000000e+00,0.000000000000000000e+00,-0.000000000000000000e+00,-0.000000000000000000e+00,-0.000000000000000000e+00,-8.890919405224938232e-02
0.000000000000000000e+00,-0.000000000000000000e+00,-0.000000000000000000e+00,-5.114852646784534551e-01,-0.000000000000000000e+00,0.000000000000000000e+00,-0.000000000000000000e+00,0.000000000000000000e+00,-0.000000000000000000e+00,-0.000000000000000000e+00,0.000000000000000000e+00,-3.219111690228765310e-01,0.000000000000000000e+00,-0.000000000000000000e+00,-0.000000000000000000e+00,-0.000000000000000000e+00,-0.000000000000000000e+00,-7.035928231220518470e-01,1.802537143870428293e+00,-0.000000000000000000e+00,-0.000000000000000000e+00,0.000000000000000000e+00,0.000000000000000000e+00,0.000000000000000000e+00,0.000000000000000000e+00,-0.000000000000000000e+00,-5.058211366875845633e-02,-2.264789022314667444e-01,0.000000000000000000e+00,0.000000000000000000e+00,-0.000000000000000000e+00,-0.000000000000000000e+00,-0.000000000000000000e+00,-0.000000000000000000e+00,-0.000000000000000000e+00,0.000000000000000000e+00,-0.000000000000000000e+00,0.000000000000000000e+00,-0.000000000000000000e+00
0.000000000000000000e+00,9.061231176491602035e-02,0.000000000000000000e+00,-1.780637220845892321e-01,0.000000000000000000e+00,0.000000000000000000e+00,0.000000000000000000e+00,-6.984347449773027627e-02,0.000000000000000000e+00,0.000000000000000000e+00,-0.000000000000000000e+00,-0.000000000000000000e+00,-0.000000000000000000e+00,1.640684937644508179e-01,-2.975882723200158342e-01,0.000000000000000000e+00,0.000000000000000000e+00,-0.000000000000000000e+00,-0.000000000000000000e+00,1.684075280427252963e+00,0.000000000000000000e+00,-0.000000000000000000e+00,8.357269134126254009e-03,4.388948713828205034e-02,1.319082387248015631e-01,0.000000000000000000e+00,0.000000000000000000e+00,0.000000000000000000e+00,2.272913458684417687e-01,0.000000000000000000e+00,0.000000000000000000e+00,3.555605824548947469e-01,0.000000000000000000e+00,-0.000000000000000000e+00,0.000000000000000000e+00,-0.000000000000000000e+00,0.000000000000000000e+00,0.000000000000000000e+00,-0.000000000000000000e+00
-0.000000000000000000e+00,-0.000000000000000000e+00,-1.744694181736298200e-01,0.000000000000000000e+00,-0.000000000000000000e+00,-0.000000000000000000e+00,-0.000000000000000000e+00,0.000000000000000000e+00,-0.000000000000000000e+00,-0.000000000000000000e+00,0.000000000000000000e+00,-0.000000000000000000e+00,1.409449604873602713e-01,-0.000000000000000000e+00,0.000000000000000000e+00,-0.000000000000000000e+00,-0.000000000000000000e+00,-0.000000000000000000e+00,-0.000000000000000000e+00,0.000000000000000000e+00,2.153632819677279375e+00,0.000000000000000000e+00,-0.000000000000000000e+00,-0.000000000000000000e+00,-0.000000000000000000e+00,-3.189379791796573826e-01,-2.940320234531484250e-02,-3.273633450893091434e-01,-1.203726032215551162e-02,-0.000000000000000000e+00,-1.734561609894808565e-01,-1.192754231162496820e-01,-5.178211094636304690e-01,0.000000000000000000e+00,-1.259068161799686281e-01,3.810526694145059678e-02,-0.000000000000000000e+00,-0.000000000000000000e+00,0.000000000000000000e+00
0.000000000000000000e+00,9.357761254324503675e-02,0.000000000000000000e+00,0.000000000000000000e+00,0.000000000000000000e+00,-0.000000000000000000e+00,0.000000000000000000e+00,-0.000000000000000000e+00,0.000000000000000000e+00,2.397004714289607819e-02,-0.000000000000000000e+00,0.000000000000000000e+00,-1.325775925544120382e-01,1.586363436385389292e-01,-0.000000000000000000e+00,4.694704191783634177e-03,0.000000000000000000e+00,0.000000000000000000e+00,0.000000000000000000e+00,-0.000000000000000000e+00,0.000000000000000000e+00,1.249308831872569803e+00,0.000000000000000000e+00,0.000000000000000000e+00,0.000000000000000000e+00,1.493097851381862962e-01,0.000000000000000000e+00,8.268885721916954812e-02,0.000000000000000000e+00,0.000000000000000000e+00,9.127277311129952664e-02,0.000000000000000000e+00,0.000000000000000000e+00,-0.000000000000000000e+00,0.000000000000000000e+00,-0.000000000000000000e+00,0.000000000000000000e+00,0.000000000000000000e+00,-0.000000000000000000e+00
-0.000000000000000000e+00,-0.000000000000000000e+00,-0.000000000000000000e+00,9.885917062929820698e-02,-0.000000000000000000e+00,-6.498159575030146851e-01,-0.000000000000000000e+00,2.098963457137919056e-02,-0.000000000000000000e+00,-1.350039728436001063e-01,-0.000000000000000000e+00,2.303247160190570741e-01,-0.000000000000000000e+00,-0.000000000000000000e+00,0.000000000000000000e+00,-5.838359975811318464e-02,-8.815526899024375695e-02,0.000000000000000000e+00,0.000000000000000000e+00,8.357269134126254009e-03,-0.000000000000000000e+00,0.000000000000000000e+00,2.715271524545276538e+00,-4.716241069494697125e-01,-5.816073955321814370e-01,-0.000000000000000000e+00,0.000000000000000000e+00,-0.000000000000000000e+00,-3.257054268900933525e-01,-8.139350461919597768e-02,-0.000000000000000000e+00,-0.000000000000000000e+00,-0.000000000000000000e+00,0.000000000000000000e+00,-1.800154424469543879e-01,0.000000000000000000e+00,-0.000000000000000000e+00,-0.000000000000000000e+00,0.000000000000000000e+00
-0.000000000000000000e+00,-0.000000000000000000e+00,-0.000000000000000000e+00,0.000000000000000000e+00,-0.000000000000000000e+00,-4.752007823897377303e-01,-0.000000000000000000e+00,0.000000000000000000e+00,-0.000000000000000000e+00,-0.000000000000000000e+00,0.000000000000000000e+00,5.425498946105428849e-02,-0.000000000000000000e+00,-0.000000000000000000e+00,2.491042345979946337e-01,-0.000000000000000000e+00,-0.000000000000000000e+00,0.000000000000000000e+00,0.000000000000000000e+00,4.388948713828205034e-02,-0.000000000000000000e+00,0.000000000000000000e+00,-4.716241069494697125e-01,2.607962332645144432e+00,-6.120271902185341339e-01,-0.000000000000000000e+00,-0.000000000000000000e+00,-0.000000000000000000e+00,-3.200752305530332742e-01,-0.000000000000000000e+00,-0.000000000000000000e+00,-2.724676496943342213e-02,-0.000000000000000000e+00,0.000000000000000000e+00,-3.526845953557742885e-01,0.000000000000000000e+00,-0.000000000000000000e+00,-0.000000000000000000e+00,0.000000000000000000e+00
-0.000000000000000000e+00,-0.000000000000000000e+00,-0.000000000000000000e+00,3.081782566907392482e-03,-0.000000000000000000e+00,-5.146281979680563667e-01,-0.000000000000000000e+00,2.060744987207358686e-02,-0.000000000000000000e+00,-4.952160767823052256e-02,0.000000000000000000e+00,0.000000000000000000e+00,-0.000000000000000000e+00,-0.000000000000000000e+00,1.010515605472815520e-01,-0.000000000000000000e+00,-0.000000000000000000e+00,0.000000000000000000e+00,0.000000000000000000e+00,1.319082387248015631e-01,-0.000000000000000000e+00,0.000000000000000000e+00,-5.816073955321814370e-01,-6.120271902185341339e-01,2.589577548932557427e+00,-0.000000000000000000e+00,-0.000000000000000000e+00,-0.000000000000000000e+00,-1.973583674472128013e-01,-0.000000000000000000e+00,-0.000000000000000000e+00,-3.971193178563094811e-02,-0.000000000000000000e+00,0.000000000000000000e+00,-3.026595575209728994e-01,0.000000000000000000e+00,-0.000000000000000000e+00,-0.000000000000000000e+00,0.000000000000000000e+00
-0.000000000000000000e+00,-4.486766276424747346e-02,-3.273557405127072717e-01,0.000000000000000000e+00,-0.000000000000000000e+00,-0.000000000000000000e+00,-0.000000000000000000e+00,1.885182334239046686e-02,-0.000000000000000000e+00,-1.713608685871018944e-01,0.000000000000000000e+00,0.000000000000000000e+00,1.133571960148094422e-02,-2.370223893077777200e-01,0.000000000000000000e+00,-2.217515583523882450e-02,-0.000000000000000000e+00,-0.000000000000000000e+00,-0.000000000000000000e+00,0.000000000000000000e+00,-3.189379791796573826e-01,1.493097851381862962e-01,-0.000000000000000000e+00,-0.000000000000000000e+00,-0.000000000000000000e+00,2.555364237401827499e+00,-1.626060143465478391e-01,-2.586499462482972911e-01,-2.830159785299432018e-01,-0.000000000000000000e+00,-1.363002450003637789e-01,-9.398944187525297422e-02,-2.312639162231159562e-01,0.000000000000000000e+00,-1.139791884035248476e-01,0.000000000000000000e+00,-1.323784243510446323e-01,-0.000000000000000000e+00,-0.000000000000000000e+00
-0.000000000000000000e+00,-0.000000000000000000e+00,-0.000000000000000000e+00,-0.000000000000000000e+00,0.000000000000000000e+00,0.000000000000000000e+00,-0.000000000000000000e+00,0.000000000000000000e+00,0.000000000000000000e+00,-0.000000000000000000e+00,0.000000000000000000e+00,-2.602815585901406825e-01,4.569414088144577168e-01,-0.000000000000000000e+00,0.000000000000000000e+00,-0.000000000000000000e+00,-0.000000000000000000e+00,-0.000000000000000000e+00,-5.058211366875845633e-02,0.000000000000000000e+00,-2.940320234531484250e-02,0.000000000000000000e+00,0.000000000000000000e+00,-0.000000000000000000e+00,-0.000000000000000000e+00,-1.626060143465478391e-01,2.185487192340509921e+00,-2.561656548024537350e-01,-0.000000000000000000e+00,0.000000000000000000e+00,-4.941483397065426497e-01,-0.000000000000000000e+00,-9.941324615713634238e-02,3.744150427785403190e-02,-0.000000000000000000e+00,1.336417955973034921e-01,-3.850942044585256574e-01,-0.000000000000000000e+00,-0.000000000000000000e+00
-0.000000000000000000e+00,-0.000000000000000000e+00,-6.385987741030110243e-01,-0.000000000000000000e+00,-0.000000000000000000e+00,0.000000000000000000e+00,-0.000000000000000000e+00,0.000000000000000000e+00,-0.000000000000000000e+00,-0.000000000000000000e+00,0.000000000000000000e+00,-0.000000000000000000e+00,3.131600433923760196e-01,-1.336179035836294604e-01,-0.000000000000000000e+00,-0.000000000000000000e+00,-0.000000000000000000e+00,-0.000000000000000000e+00,-2.264789022314667444e-01,0.000000000000000000e+00,-3.273633450893091434e-01,8.268885721916954812e-02,-0.000000000000000000e+00,-0.000000000000000000e+00,-0.000000000000000000e+00,-2.586499462482972911e-01,-2.561656548024537350e-01,2.597267359712867041e+00,-0.000000000000000000e+00,-0.000000000000000000e+00,-2.376848140404916598e-01,-0.000000000000000000e+00,-2.784775227234711492e-01,0.000000000000000000e+00,-0.000000000000000000e+00,0.000000000000000000e+00,-1.033307265507474315e-01,-0.000000000000000000e+00,-0.000000000000000000e+00
-0.000000000000000000e+00,-0.000000000000000000e+00,-0.000000000000000000e+00,0.000000000000000000e+00,-0.000000000000000000e+00,-0.000000000000000000e+00,-0.000000000000000000e+00,7.294828165503628760e-03,-0.000000000000000000e+00,-5.000735428045673808e-02,0.000000000000000000e+00,0.000000000000000000e+00,0.000000000000000000e+00,-3.599105496152802952e-01,0.000000000000000000e+00,-0.000000000000000000e+00,-2.173741311192276260e-01,0.000000000000000000e+00,0.000000000000000000e+00,2.272913458684417687e-01,-1.203726032215551162e-02,0.000000000000000000e+00,-3.257054268900933525e-01,-3.200752305530332742e-01,-1.973583674472128013e-01,-2.830159785299432018e-01,-0.000000000000000000e+00,-0.000000000000000000e+00,2.715605115049523288e+00,-0.000000000000000000e+00,-0.000000000000000000e+00,-2.844023531758519407e-01,-1.414261043910509108e-01,0.000000000000000000e+00,-4.978371382983699522e-01,0.000000000000000000e+00,-0.000000000000000000e+00,-0.000000000000000000e+00,0.000000000000000000e+00
-5.573671328328674845e-02,-7.440840163367742899e-02,-0.000000000000000000e+00,0.000000000000000000e+00,-7.825606591695119518e-02,-1.208568715086157097e-01,0.000000000000000000e+00,0.000000000000000000e+00,-6.248866684005839334e-01,-2.310124972715146274e-01,-0.000000000000000000e+00,0.000000000000000000e+00,-0.000000000000000000e+00,-0.000000000000000000e+00,-0.000000000000000000e+00,-4.763088821008885088e-01,-2.771577528468005536e-02,-0.000000000000000000e+00,0.000000000000000000e+00,0.000000000000000000e+00,-0.000000000000000000e+00,0.000000000000000000e+00,-8.139350461919597768e-02,-0.000000000000000000e+00,-0.000000000000000000e+00,-0.000000000000000000e+00,0.000000000000000000e+00,-0.000000000000000000e+00,-0.000000000000000000e+00,1.921319492100211246e+00,0.000000000000000000e+00,-0.000000000000000000e+00,-0.000000000000000000e+00,-0.000000000000000000e+00,-0.000000000000000000e+00,-0.000000000000000000e+00,0.000000000000000000e+00,-0.000000000000000000e+00,-0.000000000000000000e+00
-0.000000000000000000e+00,-0.000000000000000000e+00,-2.879193726382174578e-02,-0.000000000000000000e+00,-0.000000000000000000e+00,0.000000000000000000e+00,-2.814827049027143757e-02,0.000000000000000000e+00,0.000000000000000000e+00,-0.000000000000000000e+00,0.000000000000000000e+00,-0.000000000000000000e+00,4.817756096127914778e-01,-2.024291185529571990e-01,0.000000000000000000e+00,-0.000000000000000000e+00,-0.000000000000000000e+00,-0.000000000000000000e+00,-0.000000000000000000e+00,0.000000000000000000e+00,-1.734561609894808565e-01,9.127277311129952664e-02,-0.000000000000000000e+00,-0.000000000000000000e+00,-0.000000000000000000e+00,-1.363002450003637789e-01,-4.941483397065426497e-01,-2.376848140404916598e-01,-0.000000000000000000e+00,0.000000000000000000e+00,2.674224425062078137e+00,-2.911732785866949502e-01,-2.151356479278170586e-01,0.000000000000000000e+00,-0.000000000000000000e+00,1.797936190031013404e-01,-2.839820100350461951e-01,-0.000000000000000000e+00,0.000000000000000000e+00
-0.000000000000000000e+00,-5.877000122867819670e-02,-0.000000000000000000e+00,0.000000000000000000e+00,-0.000000000000000000e+00,-0.000000000000000000e+00,-0.000000000000000000e+00,0.000000000000000000e+00,-0.000000000000000000e+00,-0.000000000000000000e+00,0.000000000000000000e+00,0.000000000000000000e+00,0.000000000000000000e+00,-3.633984040450654596e-01,0.000000000000000000e+00,-0.000000000000000000e+00,-0.000000000000000000e+00,0.000000000000000000e+00,-0.000000000000000000e+00,3.555605824548947469e-01,-1.192754231162496820e-01,0.000000000000000000e+00,-0.000000000000000000e+00,-2.724676496943342213e-02,-3.971193178563094811e-02,-9.398944187525297422e-02,-0.000000000000000000e+00,-0.000000000000000000e+00,-2.844023531758519407e-01,-0.000000000000000000e+00,-2.911732785866949502e-01,2.695593497602434052e+00,-2.475847118434165162e-01,1.112137115636714219e-01,-3.747532016426206591e-01,0.000000000000000000e+00,-4.613603021300459184e-01,-0.000000000000000000e+00,0.000000000000000000e+00
-0.000000000000000000e+00,-0.000000000000000000e+00,-3.510713151791182429e-02,0.000000000000000000e+00,-0.000000000000000000e+00,-0.000000000000000000e+00,-1.072889297833074657e-01,0.000000000000000000e+00,0.000000000000000000e+00,-0.000000000000000000e+00,0.000000000000000000e+00,-0.000000000000000000e+00,0.000000000000000000e+00,-2.513303213502798283e-01,0.000000000000000000e+00,-0.000000000000000000e+00,-0.000000000000000000e+00,-0.000000000000000000e+00,-0.000000000000000000e+00,0.000000000000000000e+00,-5.178211094636304690e-01,0.000000000000000000e+00,-0.000000000000000000e+00,-0.000000000000000000e+00,-0.000000000000000000e+00,-2.312639162231159562e-01,-9.941324615713634238e-02,-2.784775227234711492e-01,-1.414261043910509108e-01,-0.000000000000000000e+00,-2.151356479278170586e-01,-2.475847118434165162e-01,2.766603248254211334e+00,0.000000000000000000e+00,-3.173297172055103976e-01,1.137324389358981974e-01,-3.689919739535609811e-01,-0.000000000000000000e+00,0.000000000000000000e+00
-0.000000000000000000e+00,0.000000000000000000e+00,-0.000000000000000000e+00,-0.000000000000000000e+00,-2.594639463132830115e-01,0.000000000000000000e+00,3.516064026320284142e-02,0.000000000000000000e+00,-1.414923992921956197e-01,-0.000000000000000000e+00,-0.000000000000000000e+00,-0.000000000000000000e+00,-0.000000000000000000e+00,0.000000000000000000e+00,-3.658736640674178364e-01,-0.000000000000000000e+00,-0.000000000000000000e+00,-0.000000000000000000e+00,-0.000000000000000000e+00,-0.000000000000000000e+00,0.000000000000000000e+00,-0.000000000000000000e+00,0.000000000000000000e+00,0.000000000000000000e+00,0.000000000000000000e+00,0.000000000000000000e+00,3.744150427785403190e-02,0.000000000000000000e+00,0.000000000000000000e+00,-0.000000000000000000e+00,0.000000000000000000e+00,1.112137115636714219e-01,0.000000000000000000e+00,1.541593063114307993e+00,8.502904237254835240e-02,-3.212700901993751912e-01,9.327914702149321668e-02,-0.000000000000000000e+00,-2.348231927846241573e-01
-0.000000000000000000e+00,-0.000000000000000000e+00,-0.000000000000000000e+00,0.000000000000000000e+00,-0.000000000000000000e+00,-0.000000000000000000e+00,-0.000000000000000000e+00,0.000000000000000000e+00,-0.000000000000000000e+00,-0.000000000000000000e+00,0.000000000000000000e+00,0.000000000000000000e+00,0.000000000000000000e+00,-1.717765659516905241e-01,0.000000000000000000e+00,-0.000000000000000000e+00,-0.000000000000000000e+00,0.000000000000000000e+00,-0.000000000000000000e+00,0.000000000000000000e+00,-1.259068161799686281e-01,0.000000000000000000e+00,-1.800154424469543879e-01,-3.526845953557742885e-01,-3.026595575209728994e-01,-1.139791884035248476e-01,-0.000000000000000000e+00,-0.000000000000000000e+00,-4.978371382983699522e-01,-0.000000000000000000e+00,-0.000000000000000000e+00,-3.747532016426206591e-01,-3.173297172055103976e-01,8.502904237254835240e-02,2.770069643223250555e+00,5.530221203152788784e-02,-3.400544989887116509e-01,-0.000000000000000000e+00,0.000000000000000000e+00
-1.837079094700946047e-01,-0.000000000000000000e+00,0.000000000000000000e+00,0.000000000000000000e+00,-0.000000000000000000e+00,-0.000000000000000000e+00,0.000000000000000000e+00,0.000000000000000000e+00,-0.000000000000000000e+00,-0.000000000000000000e+00,-0.000000000000000000e+00,0.000000000000000000e+00,-0.000000000000000000e+00,0.000000000000000000e+00,-0.000000000000000000e+00,-0.000000000000000000e+00,0.000000000000000000e+00,-0.000000000000000000e+00,0.000000000000000000e+00,-0.000000000000000000e+00,3.810526694145059678e-02,-0.000000000000000000e+00,0.000000000000000000e+00,0.000000000000000000e+00,0.000000000000000000e+00,0.000000000000000000e+00,1.336417955973034921e-01,0.000000000000000000e+00,0.000000000000000000e+00,-0.000000000000000000e+00,1.797936190031013404e-01,0.000000000000000000e+00,1.137324389358981974e-01,-3.212700901993751912e-01,5.530221203152788784e-02,1.478580496891948481e+00,1.928713226324279828e-01,-0.000000000000000000e+00,-1.980300906941803718e-01
-0.000000000000000000e+00,-5.729155238367583669e-02,-0.000000000000000000e+00,-0.000000000000000000e+00,-0.000000000000000000e+00,-0.000000000000000000e+00,-0.000000000000000000e+00,0.000000000000000000e+00,0.000000000000000000e+00,-0.000000000000000000e+00,0.000000000000000000e+00,-0.000000000000000000e+00,5.557574548029454303e-02,-3.104006881676324991e-01,0.000000000000000000e+00,-0.000000000000000000e+00,-0.000000000000000000e+00,-0.000000000000000000e+00,-0.000000000000000000e+00,0.000000000000000000e+00,-0.000000000000000000e+00,0.000000000000000000e+00,-0.000000000000000000e+00,-0.000000000000000000e+00,-0.000000000000000000e+00,-1.323784243510446323e-01,-3.850942044585256574e-01,-1.033307265507474315e-01,-0.000000000000000000e+00,0.000000000000000000e+00,-2.839820100350461951e-01,-4.613603021300459184e-01,-3.689919739535609811e-01,9.327914702149321668e-02,-3.400544989887116509e-01,1.928713226324279828e-01,2.656579674910678257e+00,-0.000000000000000000e+00,0.000000000000000000e+00
-3.103786111538031078e-01,-0.000000000000000000e+00,-0.000000000000000000e+00,0.000000000000000000e+00,-5.452796722355323505e-02,-0.000000000000000000e+00,0.000000000000000000e+00,1.901528305388212881e-01,-1.914250200364434051e-01,-7.393659961621075472e-02,0.000000000000000000e+00,0.000000000000000000e+00,0.000000000000000000e+00,-0.000000000000000000e+00,-0.000000000000000000e+00,-2.828040829766110820e-01,-0.000000000000000000e+00,-0.000000000000000000e+00,0.000000000000000000e+00,0.000000000000000000e+00,-0.000000000000000000e+00,0.000000000000000000e+00,-0.000000000000000000e+00,-0.000000000000000000e+00,-0.000000000000000000e+00,-0.000000000000000000e+00,-0.000000000000000000e+00,-0.000000000000000000e+00,-0.000000000000000000e+00,-0.000000000000000000e+00,-0.000000000000000000e+00,-0.000000000000000000e+00,-0.000000000000000000e+00,-0.000000000000000000e+00,-0.000000000000000000e+00,-0.000000000000000000e+00,-0.000000000000000000e+00,1.619557309152461988e+00,-3.237603247097101677e-01
-1.604177211985263196e-01,-0.000000000000000000e+00,-0.000000000000000000e+00,-0.000000000000000000e+00,-0.000000000000000000e+00,0.000000000000000000e+00,2.420010271688116665e-01,0.000000000000000000e+00,-2.178157284279963468e-01,-0.000000000000000000e+00,-0.000000000000000000e+00,-2.672880545443600056e-02,0.000000000000000000e+00,0.000000000000000000e+00,-1.824693179057504111e-01,-0.000000000000000000e+00,0.000000000000000000e+00,-8.890919405224938232e-02,-0.000000000000000000e+00,-0.000000000000000000e+00,0.000000000000000000e+00,-0.000000000000000000e+00,0.000000000000000000e+00,0.000000000000000000e+00,0.000000000000000000e+00,-0.000000000000000000e+00,-0.000000000000000000e+00,-0.000000000000000000e+00,0.000000000000000000e+00,-0.000000000000000000e+00,0.000000000000000000e+00,0.000000000000000000e+00,0.000000000000000000e+00,-2.348231927846241573e-01,0.000000000000000000e+00,-1.980300906941803718e-01,0.000000000000000000e+00,-3.237603247097101677e-01,1.528660373635022163e+00
