1.244876720654468194e+00,-2.234261446411698881e-01,0.000000000000000000e+00,0.000000000000000000e+00,1.001970990995595598e-02,0.000000000000000000e+00,-0.000000000000000000e+00,-0.000000000000000000e+00,-9.426202389337676180e-02,-6.830117502202186219e-02,0.000000000000000000e+00,0.000000000000000000e+00,-0.000000000000000000e+00,-0.000000000000000000e+00,0.000000000000000000e+00,-1.817077908950315845e-01,0.000000000000000000e+00,-0.000000000000000000e+00,-0.000000000000000000e+00,0.000000000000000000e+00,-0.000000000000000000e+00,0.000000000000000000e+00,0.000000000000000000e+00,2.479499691780409978e-02,0.000000000000000000e+00,0.000000000000000000e+00,-0.000000000000000000e+00,-0.000000000000000000e+00,-0.000000000000000000e+00,-2.448054834818907399e-01,-0.000000000000000000e+00,-0.000000000000000000e+00,-0.000000000000000000e+00,-2.216835974883234472e-01,-0.000000000000000000e+00,3.226531191011314942e-02,-0.000000000000000000e+00,0.000000000000000000e+00,-0.000000000000000000e+00
-2.234261446411698881e-01,1.667341669845882501e+00,-0.000000000000000000e+00,0.000000000000000000e+00,-0.000000000000000000e+00,0.000000000000000000e+00,-0.000000000000000000e+00,0.000000000000000000e+00,0.000000000000000000e+00,-1.241052589606519013e-01,-0.000000000000000000e+00,0.000000000000000000e+00,-0.000000000000000000e+00,-0.000000000000000000e+00,5.458506403694250893e-03,-7.147289678857572659e-02,-0.000000000000000000e+00,-1.291710045003160168e-01,-2.721017580720193063e-01,-0.000000000000000000e+00,-1.913716805570212787e-01,-0.000000000000000000e+00,-0.000000000000000000e+00,-0.000000000000000000e+00,-1.365780249318893358e-01,-0.000000000000000000e+00,-3.296541429266859335e-01,-0.000000000000000000e+00,-2.227138241489345638e-01,-0.000000000000000000e+00,-0.000000000000000000e+00,-0.000000000000000000e+00,-5.314432637501470547e-02,0.000000000000000000e+00,-0.000000000000000000e+00,-0.000000000000000000e+00,-0.000000000000000000e+00,0.000000000000000000e+00,0.000000000000000000e+00
0.000000000000000000e+00,-0.000000000000000000e+00,3.240575999414376795e+00,0.000000000000000000e+00,-2.941805859960205938e-01,-0.000000000000000000e+00,-0.000000000000000000e+00,1.091795110629653509e+00,0.000000000000000000e+00,0.000000000000000000e+00,-5.450274439547204697e-01,0.000000000000000000e+00,0.000000000000000000e+00,-0.000000000000000000e+00,0.000000000000000000e+00,0.000000000000000000e+00,-5.191051000724376807e-02,-0.000000000000000000e+00,-0.000000000000000000e+00,-3.862013529516717392e-01,-0.000000000000000000e+00,-1.862262092038184935e-01,-0.000000000000000000e+00,-1.968101147531417516e-01,-1.299995852005264296e-01,-0.000000000000000000e+00,-2.363311129226063623e-01,-0.000000000000000000e+00,-0.000000000000000000e+00,0.000000000000000000e+00,-0.000000000000000000e+00,-9.451914730671831522e-02,-1.815050228754161443e-01,0.000000000000000000e+00,-0.000000000000000000e+00,-0.000000000000000000e+00,-0.000000000000000000e+00,0.000000000000000000e+00,5.764801462200225962e-02
0.000000000000000000e+00,0.000000000000000000e+00,0.000000000000000000e+00,1.381341143081083356e+00,-5.998622233324129444e-02,1.392299031094819950e-01,-0.000000000000000000e+00,0.000000000000000000e+00,0.000000000000000000e+00,0.000000000000000000e+00,0.000000000000000000e+00,-0.000000000000000000e+00,6.700401271239303513e-02,0.000000000000000000e+00,0.000000000000000000e+00,-0.000000000000000000e+00,0.000000000000000000e+00,-0.000000000000000000e+00,-0.000000000000000000e+00,0.000000000000000000e+00,0.000000000000000000e+00,0.000000000000000000e+00,-0.000000000000000000e+00,0.000000000000000000e+00,0.000000000000000000e+00,-0.000000000000000000e+00,0.000000000000000000e+00,4.563976449567337945e-01,0.000000000000000000e+00,0.000000000000000000e+00,8.807036155705806613e-02,0.000000000000000000e+00,0.000000000000000000e+00,3.224347427536695121e-01,3.341554409652474494e-02,-0.000000000000000000e+00,1.200474327441184014e-01,-0.000000000000000000e+00,-0.000000000000000000e+00
1.001970990995595598e-02,-0.000000000000000000e+00,-2.941805859960205938e-01,-5.998622233324129444e-02,1.995280633591270503e+00,0.000000000000000000e+00,-0.000000000000000000e+00,4.980078287281046734e-01,1.215358742801182085e-01,0.000000000000000000e+00,-0.000000000000000000e+00,0.000000000000000000e+00,4.971954825571116288e-02,0.000000000000000000e+00,0.000000000000000000e+00,-0.000000000000000000e+00,-0.000000000000000000e+00,-0.000000000000000000e+00,-0.000000000000000000e+00,-0.000000000000000000e+00,-0.000000000000000000e+00,-0.000000000000000000e+00,-7.207331015220344583e-02,-0.000000000000000000e+00,-0.000000000000000000e+00,-1.203153107908372099e-01,-0.000000000000000000e+00,0.000000000000000000e+00,-0.000000000000000000e+00,0.000000000000000000e+00,0.000000000000000000e+00,-0.000000000000000000e+00,-0.000000000000000000e+00,2.455090891421436161e-01,0.000000000000000000e+00,-4.535493290038914993e-01,0.000000000000000000e+00,-0.000000000000000000e+00,0.000000000000000000e+00
0.000000000000000000e+00,0.000000000000000000e+00,-0.000000000000000000e+00,1.392299031094819950e-01,0.000000000000000000e+00,1.697845511485987391e+00,0.000000000000000000e+00,0.000000000000000000e+00,0.000000000000000000e+00,-0.000000000000000000e+00,-0.000000000000000000e+00,0.000000000000000000e+00,-0.000000000000000000e+00,-0.000000000000000000e+00,0.000000000000000000e+00,0.000000000000000000e+00,-0.000000000000000000e+00,0.000000000000000000e+00,-0.000000000000000000e+00,-0.000000000000000000e+00,-0.000000000000000000e+00,-0.000000000000000000e+00,-3.463753596558689918e-02,-4.502516324914291324e-01,-3.369707559880176784e-01,-0.000000000000000000e+00,-0.000000000000000000e+00,-3.493142000122470558e-01,-0.000000000000000000e+00,0.000000000000000000e+00,-1.615821232827716891e-01,-0.000000000000000000e+00,-0.000000000000000000e+00,-0.000000000000000000e+00,-0.000000000000000000e+00,-0.000000000000000000e+00,-0.000000000000000000e+00,0.000000000000000000e+00,0.000000000000000000e+00
-0.000000000000000000e+00,-0.000000000000000000e+00,-0.000000000000000000e+00,-0.000000000000000000e+00,-0.000000000000000000e+00,0.000000000000000000e+00,1.371235269220571373e+00,0.000000000000000000e+00,-0.000000000000000000e+00,-0.000000000000000000e+00,0.000000000000000000e+00,1.837377356673386697e-01,0.000000000000000000e+00,0.000000000000000000e+00,0.000000000000000000e+00,-2.743311650129421353e-01,0.000000000000000000e+00,-3.406441900655813454e-02,-3.453885884251025051e-01,-0.000000000000000000e+00,-0.000000000000000000e+00,-0.000000000000000000e+00,-1.067860791641704193e-01,0.000000000000000000e+00,-0.000000000000000000e+00,-0.000000000000000000e+00,-0.000000000000000000e+00,-0.000000000000000000e+00,-0.000000000000000000e+00,-0.000000000000000000e+00,0.000000000000000000e+00,-0.000000000000000000e+00,0.000000000000000000e+00,2.007328278674338773e-01,0.000000000000000000e+00,-0.000000000000000000e+00,0.000000000000000000e+00,-0.000000000000000000e+00,0.000000000000000000e+00
-0.000000000000000000e+00,0.000000000000000000e+00,1.091795110629653509e+00,0.000000000000000000e+00,4.980078287281046734e-01,0.000000000000000000e+00,0.000000000000000000e+00,2.963858688461468383e+00,-1.559708475146388273e-01,-0.000000000000000000e+00,2.345587304200656142e-01,-0.000000000000000000e+00,-0.000000000000000000e+00,0.000000000000000000e+00,-0.000000000000000000e+00,-0.000000000000000000e+00,0.000000000000000000e+00,0.000000000000000000e+00,0.000000000000000000e+00,9.419015281514246662e-02,0.000000000000000000e+00,0.000000000000000000e+00,0.000000000000000000e+00,2.117473068374898237e-01,1.272173278527681528e-02,2.459634355370893810e-01,2.530954449486145230e-01,0.000000000000000000e+00,0.000000000000000000e+00,-0.000000000000000000e+00,0.000000000000000000e+00,0.000000000000000000e+00,1.373505340782309458e-01,-0.000000000000000000e+00,0.000000000000000000e+00,2.571383891193845805e-02,0.000000000000000000e+00,-0.000000000000000000e+00,-1.234128661063145505e-01
-9.426202389337676180e-02,0.000000000000000000e+00,0.000000000000000000e+00,0.000000000000000000e+00,1.215358742801182085e-01,0.000000000000000000e+00,-0.000000000000000000e+00,-1.559708475146388273e-01,1.888837430231809611e+00,-1.313049041203579181e-01,0.000000000000000000e+00,0.000000000000000000e+00,-1.533537051322067801e-01,0.000000000000000000e+00,0.000000000000000000e+00,-8.405978631274979920e-03,0.000000000000000000e+00,0.000000000000000000e+00,0.000000000000000000e+00,0.000000000000000000e+00,-0.000000000000000000e+00,-0.000000000000000000e+00,0.000000000000000000e+00,0.000000000000000000e+00,0.000000000000000000e+00,0.000000000000000000e+00,0.000000000000000000e+00,-0.000000000000000000e+00,0.000000000000000000e+00,-5.218990174616765509e-01,-0.000000000000000000e+00,0.000000000000000000e+00,0.000000000000000000e+00,-0.000000000000000000e+00,-0.000000000000000000e+00,6.307220324380988785e-01,0.000000000000000000e+00,-0.000000000000000000e+00,-1.199949279592031071e-01
-6.830117502202186219e-02,-1.241052589606519013e-01,0.000000000000000000e+00,0.000000000000000000e+00,0.000000000000000000e+00,-0.000000000000000000e+00,-0.000000000000000000e+00,-0.000000000000000000e+00,-1.313049041203579181e-01,1.321658522800331914e+00,-0.000000000000000000e+00,0.000000000000000000e+00,-1.925487906520903167e-02,-0.000000000000000000e+00,0.000000000000000000e+00,-4.769326488694232147e-01,-0.000000000000000000e+00,-0.000000000000000000e+00,-1.911146733149316976e-02,-3.311246823962422231e-02,-0.000000000000000000e+00,-0.000000000000000000e+00,-0.000000000000000000e+00,0.000000000000000000e+00,-1.009420257155862338e-01,-0.000000000000000000e+00,-0.000000000000000000e+00,-1.326057447162012071e-01,-0.000000000000000000e+00,-3.500246601056720974e-02,-0.000000000000000000e+00,-0.000000000000000000e+00,-0.000000000000000000e+00,0.000000000000000000e+00,-0.000000000000000000e+00,0.000000000000000000e+00,-0.000000000000000000e+00,-0.000000000000000000e+00,0.000000000000000000e+00
0.000000000000000000e+00,-0.000000000000000000e+00,-5.450274439547204697e-01,0.000000000000000000e+00,-0.000000000000000000e+00,-0.000000000000000000e+00,0.000000000000000000e+00,2.345587304200656142e-01,0.000000000000000000e+00,-0.000000000000000000e+00,2.694424095064467561e+00,0.000000000000000000e+00,0.000000000000000000e+00,-2.192145426852506185e-01,0.000000000000000000e+00,0.000000000000000000e+00,-7.030447373103239084e-01,0.000000000000000000e+00,-0.000000000000000000e+00,-6.909484610627689496e-03,-0.000000000000000000e+00,-1.398777282903991559e-01,-0.000000000000000000e+00,-8.574227823049467012e-02,-0.000000000000000000e+00,-0.000000000000000000e+00,-0.000000000000000000e+00,-0.000000000000000000e+00,-0.000000000000000000e+00,0.000000000000000000e+00,-0.000000000000000000e+00,-4.538731027786373495e-01,-2.082145244283273022e-01,-0.000000000000000000e+00,-0.000000000000000000e+00,-0.000000000000000000e+00,-1.302999793696681674e-01,0.000000000000000000e+00,0.000000000000000000e+00
0.000000000000000000e+00,0.000000000000000000e+00,0.000000000000000000e+00,-0.000000000000000000e+00,0.000000000000000000e+00,0.000000000000000000e+00,1.837377356673386697e-01,-0.000000000000000000e+00,0.000000000000000000e+00,0.000000000000000000e+00,0.000000000000000000e+00,1.100730329429431498e+00,0.000000000000000000e+00,0.000000000000000000e+00,-0.000000000000000000e+00,0.000000000000000000e+00,0.000000000000000000e+00,0.000000000000000000e+00,1.727475452406674883e-01,0.000000000000000000e+00,0.000000000000000000e+00,2.117400438905677612e-02,0.000000000000000000e+00,0.000000000000000000e+00,0.000000000000000000e+00,0.000000000000000000e+00,0.000000000000000000e+00,6.148504536484945132e-02,0.000000000000000000e+00,0.000000000000000000e+00,0.000000000000000000e+00,0.000000000000000000e+00,0.000000000000000000e+00,-0.000000000000000000e+00,0.000000000000000000e+00,0.000000000000000000e+00,0.000000000000000000e+00,-0.000000000000000000e+00,-0.000000000000000000e+00
-0.000000000000000000e+00,-0.000000000000000000e+00,0.000000000000000000e+00,6.700401271239303513e-02,4.971954825571116288e-02,-0.000000000000000000e+00,0.000000000000000000e+00,-0.000000000000000000e+00,-1.533537051322067801e-01,-1.925487906520903167e-02,0.000000000000000000e+00,0.000000000000000000e+00,1.188185188690703775e+00,-5.754863104318373029e-02,0.000000000000000000e+00,0.000000000000000000e+00,0.000000000000000000e+00,-0.000000000000000000e+00,-0.000000000000000000e+00,0.000000000000000000e+00,-4.381260176061535505e-02,-0.000000000000000000e+00,0.000000000000000000e+00,-0.000000000000000000e+00,0.000000000000000000e+00,0.000000000000000000e+00,0.000000000000000000e+00,-1.562409147971351719e-01,0.000000000000000000e+00,-5.703199382668973361e-02,-1.671525185533472568e-01,0.000000000000000000e+00,-0.000000000000000000e+00,-0.000000000000000000e+00,-1.097592174493924044e-01,4.362303558503004969e-02,-6.335128173193887990e-02,0.000000000000000000e+00,-0.000000000000000000e+00
-0.000000000000000000e+00,-0.000000000000000000e+00,-0.000000000000000000e+00,0.000000000000000000e+00,0.000000000000000000e+00,-0.000000000000000000e+00,0.000000000000000000e+00,0.000000000000000000e+00,0.000000000000000000e+00,-0.000000000000000000e+00,-2.192145426852506185e-01,0.000000000000000000e+00,-5.754863104318373029e-02,2.317038274278595544e+00,0.000000000000000000e+00,1.139579712418446744e-01,-0.000000000000000000e+00,0.000000000000000000e+00,-0.000000000000000000e+00,-0.000000000000000000e+00,-9.518515358472691423e-02,-0.000000000000000000e+00,0.000000000000000000e+00,-1.776242352221187037e-01,-0.000000000000000000e+00,-0.000000000000000000e+00,-9.732749414621490180e-02,-0.000000000000000000e+00,-0.000000000000000000e+00,-0.000000000000000000e+00,-1.104826608595252807e-01,-0.000000000000000000e+00,-5.508174200477126137e-01,-1.179624718923069360e-01,-3.993392120142310042e-01,0.000000000000000000e+00,-5.868099148019881861e-01,1.254856588339136048e-01,0.000000000000000000e+00
0.000000000000000000e+00,5.458506403694250893e-03,0.000000000000000000e+00,0.000000000000000000e+00,0.000000000000000000e+00,0.000000000000000000e+00,0.000000000000000000e+00,-0.000000000000000000e+00,0.000000000000000000e+00,0.000000000000000000e+00,0.000000000000000000e+00,-0.000000000000000000e+00,0.000000000000000000e+00,0.000000000000000000e+00,1.319439546569972199e+00,3.466700671376000964e-02,0.000000000000000000e+00,3.787742793199679325e-01,3.914981611314017479e-02,0.000000000000000000e+00,2.640899456931710132e-01,0.000000000000000000e+00,0.000000000000000000e+00,0.000000000000000000e+00,7.620335499683733192e-04,0.000000000000000000e+00,0.000000000000000000e+00,1.975407416763640400e-01,0.000000000000000000e+00,0.000000000000000000e+00,0.000000000000000000e+00,0.000000000000000000e+00,0.000000000000000000e+00,-0.000000000000000000e+00,0.000000000000000000e+00,0.000000000000000000e+00,0.000000000000000000e+00,-1.389599183956271092e-02,-0.000000000000000000e+00
-1.817077908950315845e-01,-7.147289678857572659e-02,0.000000000000000000e+00,-0.000000000000000000e+00,-0.000000000000000000e+00,0.000000000000000000e+00,-2.743311650129421353e-01,-0.000000000000000000e+00,-8.405978631274979920e-03,-4.769326488694232147e-01,0.000000000000000000e+00,0.000000000000000000e+00,0.000000000000000000e+00,1.139579712418446744e-01,3.466700671376000964e-02,1.410430312640421402e+00,0.000000000000000000e+00,-1.458389466720714234e-01,-0.000000000000000000e+00,-0.000000000000000000e+00,-0.000000000000000000e+00,-0.000000000000000000e+00,-2.064453058154306492e-02,3.416947208418323612e-02,-8.330635119556720203e-02,-0.000000000000000000e+00,-0.000000000000000000e+00,-0.000000000000000000e+00,-0.000000000000000000e+00,-1.090290313826206559e-01,0.000000000000000000e+00,-0.000000000000000000e+00,0.000000000000000000e+00,0.000000000000000000e+00,0.000000000000000000e+00,-0.000000000000000000e+00,7.109015102986837586e-02,-0.000000000000000000e+00,-0.000000000000000000e+00
0.000000000000000000e+00,-0.000000000000000000e+00,-5.191051000724376807e-02,0.000000000000000000e+00,-0.000000000000000000e+00,-0.000000000000000000e+00,0.000000000000000000e+00,0.000000000000000000e+00,0.000000000000000000e+00,-0.000000000000000000e+00,-7.030447373103239084e-01,0.000000000000000000e+00,0.000000000000000000e+00,-0.000000000000000000e+00,0.000000000000000000e+00,0.000000000000000000e+00,2.306311705512187782e+00,0.000000000000000000e+00,-0.000000000000000000e+00,-5.433611355014256877e-02,-0.000000000000000000e+00,-2.095688721833774137e-01,-0.000000000000000000e+00,-5.271379323892866342e-01,-0.000000000000000000e+00,-0.000000000000000000e+00,-0.000000000000000000e+00,-0.000000000000000000e+00,-2.095602112900286085e-01,0.000000000000000000e+00,-4.827997807655026730e-02,-2.941951450291843684e-01,-0.000000000000000000e+00,-0.000000000000000000e+00,-0.000000000000000000e+00,-0.000000000000000000e+00,-5.602824980737014515e-02,0.000000000000000000e+00,0.000000000000000000e+00
-0.000000000000000000e+00,-1.291710045003160168e-01,-0.000000000000000000e+00,-0.000000000000000000e+00,-0.000000000000000000e+00,0.000000000000000000e+00,-3.406441900655813454e-02,0.000000000000000000e+00,0.000000000000000000e+00,-0.000000000000000000e+00,0.000000000000000000e+00,0.000000000000000000e+00,-0.000000000000000000e+00,0.000000000000000000e+00,3.787742793199679325e-01,-1.458389466720714234e-01,0.000000000000000000e+00,1.567220922636081371e+00,-4.232146199953364940e-01,-0.000000000000000000e+00,-8.629993014334690418e-03,-0.000000000000000000e+00,-0.000000000000000000e+00,0.000000000000000000e+00,-0.000000000000000000e+00,-0.000000000000000000e+00,-0.000000000000000000e+00,-0.000000000000000000e+00,-0.000000000000000000e+00,-0.000000000000000000e+00,-0.000000000000000000e+00,-0.000000000000000000e+00,0.000000000000000000e+00,3.046989516247980423e-01,0.000000000000000000e+00,-0.000000000000000000e+00,0.000000000000000000e+00,9.930053800655479213e-02,0.000000000000000000e+00
-0.000000000000000000e+00,-2.721017580720193063e-01,-0.000000000000000000e+00,-0.000000000000000000e+00,-0.000000000000000000e+00,-0.000000000000000000e+00,-3.453885884251025051e-01,0.000000000000000000e+00,0.000000000000000000e+00,-1.911146733149316976e-02,-0.000000000000000000e+00,1.727475452406674883e-01,-0.000000000000000000e+00,-0.000000000000000000e+00,3.914981611314017479e-02,-0.000000000000000000e+00,-0.000000000000000000e+00,-4.232146199953364940e-01,1.901464748638302948e+00,-2.961635365860442598e-02,-1.401626992206439770e-01,-1.892896287597075344e-01,-2.656394563834506978e-02,-0.000000000000000000e+00,-0.000000000000000000e+00,-1.994853868563518373e-01,-0.000000000000000000e+00,-1.134971227258824711e-01,-0.000000000000000000e+00,-0.000000000000000000e+00,-0.000000000000000000e+00,-0.000000000000000000e+00,-0.000000000000000000e+00,6.774618307290578012e-02,-0.000000000000000000e+00,-0.000000000000000000e+00,-0.000000000000000000e+00,0.000000000000000000e+00,1.478771960537638708e-01
0.000000000000000000e+00,-0.000000000000000000e+00,-3.862013529516717392e-01,0.000000000000000000e+00,-0.000000000000000000e+00,-0.000000000000000000e+00,-0.000000000000000000e+00,9.419015281514246662e-02,0.000000000000000000e+00,-3.311246823962422231e-02,-6.909484610627689496e-03,0.000000000000000000e+00,0.000000000000000000e+00,-0.000000000000000000e+00,0.000000000000000000e+00,-0.000000000000000000e+00,-5.433611355014256877e-02,-0.000000000000000000e+00,-2.961635365860442598e-02,1.904192625199837341e+00,-0.000000000000000000e+00,-3.909326824704348891e-01,-2.373385998536592656e-01,-0.000000000000000000e+00,-1.511832134571554354e-01,-0.000000000000000000e+00,-0.000000000000000000e+00,-0.000000000000000000e+00,-1.642882581238533646e-01,0.000000000000000000e+00,-0.000000000000000000e+00,-1.241714862082295423e-01,-0.000000000000000000e+00,0.000000000000000000e+00,-0.000000000000000000e+00,-5.743072580359882134e-02,-0.000000000000000000e+00,0.000000000000000000e+00,0.000000000000000000e+00
-0.000000000000000000e+00,-1.913716805570212787e-01,-0.000000000000000000e+00,0.000000000000000000e+00,-0.000000000000000000e+00,-0.000000000000000000e+00,-0.000000000000000000e+00,0.000000000000000000e+00,-0.000000000000000000e+00,-0.000000000000000000e+00,-0.000000000000000000e+00,0.000000000000000000e+00,-4.381260176061535505e-02,-9.518515358472691423e-02,2.640899456931710132e-01,-0.000000000000000000e+00,-0.000000000000000000e+00,-8.629993014334690418e-03,-1.401626992206439770e-01,-0.000000000000000000e+00,1.661735261359922999e+00,-3.819804608625102516e-01,-0.000000000000000000e+00,-0.000000000000000000e+00,-0.000000000000000000e+00,-0.000000000000000000e+00,-0.000000000000000000e+00,-0.000000000000000000e+00,-0.000000000000000000e+00,-0.000000000000000000e+00,-9.616279619595459460e-02,-0.000000000000000000e+00,-2.892148364584470888e-01,0.000000000000000000e+00,-0.000000000000000000e+00,0.000000000000000000e+00,-3.935177275526648838e-02,1.476854317050574350e-02,0.000000000000000000e+00
0.000000000000000000e+00,-0.000000000000000000e+00,-1.862262092038184935e-01,0.000000000000000000e+00,-0.000000000000000000e+00,-0.000000000000000000e+00,-0.000000000000000000e+00,0.000000000000000000e+00,-0.000000000000000000e+00,-0.000000000000000000e+00,-1.398777282903991559e-01,2.117400438905677612e-02,-0.000000000000000000e+00,-0.000000000000000000e+00,0.000000000000000000e+00,-0.000000000000000000e+00,-2.095688721833774137e-01,-0.000000000000000000e+00,-1.892896287597075344e-01,-3.909326824704348891e-01,-3.819804608625102516e-01,2.095223916147400889e+00,-0.000000000000000000e+00,-0.000000000000000000e+00,-0.000000000000000000e+00,-0.000000000000000000e+00,-0.000000000000000000e+00,-2.831017879393598474e-02,-0.000000000000000000e+00,-0.000000000000000000e+00,-0.000000000000000000e+00,-0.000000000000000000e+00,-4.895713836039707334e-01,0.000000000000000000e+00,-0.000000000000000000e+00,-0.000000000000000000e+00,-3.451274248794643229e-02,0.000000000000000000e+00,0.000000000000000000e+00
0.000000000000000000e+00,-0.000000000000000000e+00,-0.000000000000000000e+00,-0.000000000000000000e+00,-7.207331015220344583e-02,-3.463753596558689918e-02,-1.067860791641704193e-01,0.000000000000000000e+00,0.000000000000000000e+00,-0.000000000000000000e+00,-0.000000000000000000e+00,0.000000000000000000e+00,0.000000000000000000e+00,0.000000000000000000e+00,0.000000000000000000e+00,-2.064453058154306492e-02,-0.000000000000000000e+00,-0.000000000000000000e+00,-2.656394563834506978e-02,-2.373385998536592656e-01,-0.000000000000000000e+00,-0.000000000000000000e+00,2.437916888068184740e+00,-0.000000000000000000e+00,-8.261763708255860372e-01,-5.194552805030285825e-01,-0.000000000000000000e+00,-7.150738269954806658e-02,-3.762513996811409078e-02,0.000000000000000000e+00,-0.000000000000000000e+00,-0.000000000000000000e+00,0.000000000000000000e+00,2.842083998288667535e-01,0.000000000000000000e+00,-3.252891286529897008e-01,0.000000000000000000e+00,-0.000000000000000000e+00,0.000000000000000000e+00
2.479499691780409978e-02,-0.000000000000000000e+00,-1.968101147531417516e-01,0.000000000000000000e+00,-0.000000000000000000e+00,-4.502516324914291324e-01,0.000000000000000000e+00,2.117473068374898237e-01,0.000000000000000000e+00,0.000000000000000000e+00,-8.574227823049467012e-02,0.000000000000000000e+00,-0.000000000000000000e+00,-1.776242352221187037e-01,0.000000000000000000e+00,3.416947208418323612e-02,-5.271379323892866342e-01,0.000000000000000000e+00,-0.000000000000000000e+00,-0.000000000000000000e+00,-0.000000000000000000e+00,-0.000000000000000000e+00,-0.000000000000000000e+00,2.463497652889125256e+00,-0.000000000000000000e+00,-1.069330745001118715e-01,-0.000000000000000000e+00,-0.000000000000000000e+00,-2.008710538566720605e-01,0.000000000000000000e+00,-2.787280353707552449e-01,-1.432506672363619837e-01,-0.000000000000000000e+00,0.000000000000000000e+00,-0.000000000000000000e+00,-0.000000000000000000e+00,-1.316801040726691199e-02,0.000000000000000000e+00,2.182776864714195131e-01
0.000000000000000000e+00,-1.365780249318893358e-01,-1.299995852005264296e-01,0.000000000000000000e+00,-0.000000000000000000e+00,-3.369707559880176784e-01,-0.000000000000000000e+00,1.272173278527681528e-02,0.000000000000000000e+00,-1.009420257155862338e-01,-0.000000000000000000e+00,0.000000000000000000e+00,0.000000000000000000e+00,-0.000000000000000000e+00,7.620335499683733192e-04,-8.330635119556720203e-02,-0.000000000000000000e+00,-0.000000000000000000e+00,-0.000000000000000000e+00,-1.511832134571554354e-01,-0.000000000000000000e+00,-0.000000000000000000e+00,-8.261763708255860372e-01,-0.000000000000000000e+00,2.306920725479631340e+00,-6.139858093092186858e-02,-1.688508438186575311e-01,-1.970573331999860012e-01,-1.008030621822265938e-01,0.000000000000000000e+00,-1.724832387753332530e-01,-2.087749580807490499e-02,-0.000000000000000000e+00,0.000000000000000000e+00,0.000000000000000000e+00,-0.000000000000000000e+00,0.000000000000000000e+00,0.000000000000000000e+00,0.000000000000000000e+00
0.000000000000000000e+00,-0.000000000000000000e+00,-0.000000000000000000e+00,-0.000000000000000000e+00,-1.203153107908372099e-01,-0.000000000000000000e+00,-0.000000000000000000e+00,2.459634355370893810e-01,0.000000000000000000e+00,-0.000000000000000000e+00,-0.000000000000000000e+00,0.000000000000000000e+00,0.000000000000000000e+00,-0.000000000000000000e+00,0.000000000000000000e+00,-0.000000000000000000e+00,-0.000000000000000000e+00,-0.000000000000000000e+00,-1.994853868563518373e-01,-0.000000000000000000e+00,-0.000000000000000000e+00,-0.000000000000000000e+00,-5.194552805030285825e-01,-1.069330745001118715e-01,-6.139858093092186858e-02,2.540325262363780645e+00,-2.593352642527392282e-01,-0.000000000000000000e+00,-3.621042705797926642e-01,0.000000000000000000e+00,-0.000000000000000000e+00,-3.016512668712678820e-03,-0.000000000000000000e+00,1.068015873536925925e-01,0.000000000000000000e+00,-5.096916109391564920e-01,0.000000000000000000e+00,0.000000000000000000e+00,1.400765785244487693e-01
-0.000000000000000000e+00,-3.296541429266859335e-01,-2.363311129226063623e-01,0.000000000000000000e+00,-0.000000000000000000e+00,-0.000000000000000000e+00,-0.000000000000000000e+00,2.530954449486145230e-01,0.000000000000000000e+00,-0.000000000000000000e+00,-0.000000000000000000e+00,0.000000000000000000e+00,0.000000000000000000e+00,-9.732749414621490180e-02,0.000000000000000000e+00,-0.000000000000000000e+00,-0.000000000000000000e+00,-0.000000000000000000e+00,-0.000000000000000000e+00,-0.000000000000000000e+00,-0.000000000000000000e+00,-0.000000000000000000e+00,-0.000000000000000000e+00,-0.000000000000000000e+00,-1.688508438186575311e-01,-2.593352642527392282e-01,2.827423719621460663e+00,-0.000000000000000000e+00,-6.242436599556582255e-01,0.000000000000000000e+00,-2.094501641138863269e-03,-3.773610447250608790e-01,-9.838942016039811667e-02,0.000000000000000000e+00,-0.000000000000000000e+00,-1.178574370795424792e-01,-0.000000000000000000e+00,7.557079191077823235e-03,4.542160906815734256e-01
-0.000000000000000000e+00,-0.000000000000000000e+00,-0.000000000000000000e+00,4.563976449567337945e-01,0.000000000000000000e+00,-3.493142000122470558e-01,-0.000000000000000000e+00,0.000000000000000000e+00,-0.000000000000000000e+00,-1.326057447162012071e-01,-0.000000000000000000e+00,6.148504536484945132e-02,-1.562409147971351719e-01,-0.000000000000000000e+00,1.975407416763640400e-01,-0.000000000000000000e+00,-0.000000000000000000e+00,-0.000000000000000000e+00,-1.134971227258824711e-01,-0.000000000000000000e+00,-0.000000000000000000e+00,-2.831017879393598474e-02,-7.150738269954806658e-02,-0.000000000000000000e+00,-1.970573331999860012e-01,-0.000000000000000000e+00,-0.000000000000000000e+00,1.803342365589017504e+00,-2.897167717019400596e-02,-0.000000000000000000e+00,-2.838762335623375987e-01,-0.000000000000000000e+00,-0.000000000000000000e+00,-0.000000000000000000e+00,-0.000000000000000000e+00,-0.000000000000000000e+00,-0.000000000000000000e+00,0.000000000000000000e+00,0.000000000000000000e+00
-0.000000000000000000e+00,-2.227138241489345638e-01,-0.000000000000000000e+00,0.000000000000000000e+00,-0.000000000000000000e+00,-0.000000000000000000e+00,-0.000000000000000000e+00,0.000000000000000000e+00,0.000000000000000000e+00,-0.000000000000000000e+00,-0.000000000000000000e+00,0.000000000000000000e+00,0.000000000000000000e+00,-0.000000000000000000e+00,0.000000000000000000e+00,-0.000000000000000000e+00,-2.095602112900286085e-01,-0.000000000000000000e+00,-0.000000000000000000e+00,-1.642882581238533646e-01,-0.000000000000000000e+00,-0.000000000000000000e+00,-3.762513996811409078e-02,-2.008710538566720605e-01,-1.008030621822265938e-01,-3.621042705797926642e-01,-6.242436599556582255e-01,-2.897167717019400596e-02,2.618942845289540244e+00,0.000000000000000000e+00,-0.000000000000000000e+00,-4.752314565189313389e-01,-0.000000000000000000e+00,0.000000000000000000e+00,-0.000000000000000000e+00,-0.000000000000000000e+00,-7.814299191604728856e-02,0.000000000000000000e+00,2.141423876350759259e-01
-2.448054834818907399e-01,-0.000000000000000000e+00,0.000000000000000000e+00,0.000000000000000000e+00,0.000000000000000000e+00,0.000000000000000000e+00,-0.000000000000000000e+00,-0.000000000000000000e+00,-5.218990174616765509e-01,-3.500246601056720974e-02,0.000000000000000000e+00,0.000000000000000000e+00,-5.703199382668973361e-02,-0.000000000000000000e+00,0.000000000000000000e+00,-1.090290313826206559e-01,0.000000000000000000e+00,-0.000000000000000000e+00,-0.000000000000000000e+00,0.000000000000000000e+00,-0.000000000000000000e+00,-0.000000000000000000e+00,0.000000000000000000e+00,0.000000000000000000e+00,0.000000000000000000e+00,0.000000000000000000e+00,0.000000000000000000e+00,-0.000000000000000000e+00,0.000000000000000000e+00,1.647207037484726300e+00,-0.000000000000000000e+00,0.000000000000000000e+00,-0.000000000000000000e+00,-0.000000000000000000e+00,-0.000000000000000000e+00,4.745328341816801299e-01,-0.000000000000000000e+00,-0.000000000000000000e+00,-3.985011547746683536e-02
-0.000000000000000000e+00,-0.000000000000000000e+00,-0.000000000000000000e+00,8.807036155705806613e-02,0.000000000000000000e+00,-1.615821232827716891e-01,0.000000000000000000e+00,0.000000000000000000e+00,-0.000000000000000000e+00,-0.000000000000000000e+00,-0.000000000000000000e+00,0.000000000000000000e+00,-1.671525185533472568e-01,-1.104826608595252807e-01,0.000000000000000000e+00,0.000000000000000000e+00,-4.827997807655026730e-02,-0.000000000000000000e+00,-0.000000000000000000e+00,-0.000000000000000000e+00,-9.616279619595459460e-02,-0.000000000000000000e+00,-0.000000000000000000e+00,-2.787280353707552449e-01,-1.724832387753332530e-01,-0.000000000000000000e+00,-2.094501641138863269e-03,-2.838762335623375987e-01,-0.000000000000000000e+00,-0.000000000000000000e+00,1.791855196090491820e+00,-2.876503387302360437e-01,-2.408544255678738213e-02,-0.000000000000000000e+00,-0.000000000000000000e+00,0.000000000000000000e+00,-7.994102423893091613e-02,0.000000000000000000e+00,0.000000000000000000e+00
-0.000000000000000000e+00,-0.000000000000000000e+00,-9.451914730671831522e-02,0.000000000000000000e+00,-0.000000000000000000e+00,-0.000000000000000000e+00,-0.000000000000000000e+00,0.000000000000000000e+00,0.000000000000000000e+00,-0.000000000000000000e+00,-4.538731027786373495e-01,0.000000000000000000e+00,0.000000000000000000e+00,-0.000000000000000000e+00,0.000000000000000000e+00,-0.000000000000000000e+00,-2.941951450291843684e-01,-0.000000000000000000e+00,-0.000000000000000000e+00,-1.241714862082295423e-01,-0.000000000000000000e+00,-0.000000000000000000e+00,-0.000000000000000000e+00,-1.432506672363619837e-01,-2.087749580807490499e-02,-3.016512668712678820e-03,-3.773610447250608790e-01,-0.000000000000000000e+00,-4.752314565189313389e-01,0.000000000000000000e+00,-2.876503387302360437e-01,2.454398977467544540e+00,-8.244379897594335260e-02,-0.000000000000000000e+00,-0.000000000000000000e+00,-0.000000000000000000e+00,-5.743141342337666072e-02,0.000000000000000000e+00,2.764948506444838902e-02
-0.000000000000000000e+00,-5.314432637501470547e-02,-1.815050228754161443e-01,0.000000000000000000e+00,-0.000000000000000000e+00,-0.000000000000000000e+00,0.000000000000000000e+00,1.373505340782309458e-01,0.000000000000000000e+00,-0.000000000000000000e+00,-2.082145244283273022e-01,0.000000000000000000e+00,-0.000000000000000000e+00,-5.508174200477126137e-01,0.000000000000000000e+00,0.000000000000000000e+00,-0.000000000000000000e+00,0.000000000000000000e+00,-0.000000000000000000e+00,-0.000000000000000000e+00,-2.892148364584470888e-01,-4.895713836039707334e-01,0.000000000000000000e+00,-0.000000000000000000e+00,-0.000000000000000000e+00,-0.000000000000000000e+00,-9.838942016039811667e-02,-0.000000000000000000e+00,-0.000000000000000000e+00,-0.000000000000000000e+00,-2.408544255678738213e-02,-8.244379897594335260e-02,2.371041444106747331e+00,-0.000000000000000000e+00,-1.471018840106373682e-01,0.000000000000000000e+00,-1.610505457678173269e-01,1.077397631438617720e-01,0.000000000000000000e+00
-2.216835974883234472e-01,0.000000000000000000e+00,0.000000000000000000e+00,3.224347427536695121e-01,2.455090891421436161e-01,-0.000000000000000000e+00,2.007328278674338773e-01,-0.000000000000000000e+00,-0.000000000000000000e+00,0.000000000000000000e+00,-0.000000000000000000e+00,-0.000000000000000000e+00,-0.000000000000000000e+00,-1.179624718923069360e-01,-0.000000000000000000e+00,0.000000000000000000e+00,-0.000000000000000000e+00,3.046989516247980423e-01,6.774618307290578012e-02,0.000000000000000000e+00,0.000000000000000000e+00,0.000000000000000000e+00,2.842083998288667535e-01,0.000000000000000000e+00,0.000000000000000000e+00,1.068015873536925925e-01,0.000000000000000000e+00,-0.000000000000000000e+00,0.000000000000000000e+00,-0.000000000000000000e+00,-0.000000000000000000e+00,-0.000000000000000000e+00,-0.000000000000000000e+00,1.828271967788319907e+00,-1.609291788632781495e-01,4.281427020845147702e-01,-9.501316723425842770e-02,0.000000000000000000e+00,-0.000000000000000000e+00
-0.000000000000000000e+00,-0.000000000000000000e+00,-0.000000000000000000e+00,3.341554409652474494e-02,0.000000000000000000e+00,-0.000000000000000000e+00,0.000000000000000000e+00,0.000000000000000000e+00,-0.000000000000000000e+00,-0.000000000000000000e+00,-0.000000000000000000e+00,0.000000000000000000e+00,-1.097592174493924044e-01,-3.993392120142310042e-01,0.000000000000000000e+00,0.000000000000000000e+00,-0.000000000000000000e+00,0.000000000000000000e+00,-0.000000000000000000e+00,-0.000000000000000000e+00,-0.000000000000000000e+00,-0.000000000000000000e+00,0.000000000000000000e+00,-0.000000000000000000e+00,0.000000000000000000e+00,0.000000000000000000e+00,-0.000000000000000000e+00,-0.000000000000000000e+00,-0.000000000000000000e+00,-0.000000000000000000e+00,-0.000000000000000000e+00,-0.000000000000000000e+00,-1.471018840106373682e-01,-1.609291788632781495e-01,2.210930862636284466e+00,0.000000000000000000e+00,-1.203993235985889587e+00,0.000000000000000000e+00,0.000000000000000000e+00
3.226531191011314942e-02,-0.000000000000000000e+00,-0.000000000000000000e+00,-0.000000000000000000e+00,-4.535493290038914993e-01,-0.000000000000000000e+00,-0.000000000000000000e+00,2.571383891193845805e-02,6.307220324380988785e-01,0.000000000000000000e+00,-0.000000000000000000e+00,0.000000000000000000e+00,4.362303558503004969e-02,0.000000000000000000e+00,0.000000000000000000e+00,-0.000000000000000000e+00,-0.000000000000000000e+00,-0.000000000000000000e+00,-0.000000000000000000e+00,-5.743072580359882134e-02,0.000000000000000000e+00,-0.000000000000000000e+00,-3.252891286529897008e-01,-0.000000000000000000e+00,-0.000000000000000000e+00,-5.096916109391564920e-01,-1.178574370795424792e-01,-0.000000000000000000e+00,-0.000000000000000000e+00,4.745328341816801299e-01,0.000000000000000000e+00,-0.000000000000000000e+00,0.000000000000000000e+00,4.281427020845147702e-01,0.000000000000000000e+00,2.843320394793305894e+00,0.000000000000000000e+00,0.000000000000000000e+00,2.052587849837443079e-01
-0.000000000000000000e+00,-0.000000000000000000e+00,-0.000000000000000000e+00,1.200474327441184014e-01,0.000000000000000000e+00,-0.000000000000000000e+00,0.000000000000000000e+00,0.000000000000000000e+00,0.000000000000000000e+00,-0.000000000000000000e+00,-1.302999793696681674e-01,0.000000000000000000e+00,-6.335128173193887990e-02,-5.868099148019881861e-01,0.000000000000000000e+00,7.109015102986837586e-02,-5.602824980737014515e-02,0.000000000000000000e+00,-0.000000000000000000e+00,-0.000000000000000000e+00,-3.935177275526648838e-02,-3.451274248794643229e-02,0.000000000000000000e+00,-1.316801040726691199e-02,0.000000000000000000e+00,0.000000000000000000e+00,-0.000000000000000000e+00,-0.000000000000000000e+00,-7.814299191604728856e-02,-0.000000000000000000e+00,-7.994102423893091613e-02,-5.743141342337666072e-02,-1.610505457678173269e-01,-9.501316723425842770e-02,-1.203993235985889587e+00,0.000000000000000000e+00,2.581435571590321221e+00,2.873859389999593519e-02,0.000000000000000000e+00
0.000000000000000000e+00,0.000000000000000000e+00,0.000000000000000000e+00,-0.000000000000000000e+00,-0.000000000000000000e+00,0.000000000000000000e+00,-0.000000000000000000e+00,-0.000000000000000000e+00,-0.000000000000000000e+00,-0.000000000000000000e+00,0.000000000000000000e+00,-0.000000000000000000e+00,0.000000000000000000e+00,1.254856588339136048e-01,-1.389599183956271092e-02,-0.000000000000000000e+00,0.000000000000000000e+00,9.930053800655479213e-02,0.000000000000000000e+00,0.000000000000000000e+00,1.476854317050574350e-02,0.000000000000000000e+00,-0.000000000000000000e+00,0.000000000000000000e+00,0.000000000000000000e+00,0.000000000000000000e+00,7.557079191077823235e-03,0.000000000000000000e+00,0.000000000000000000e+00,-0.000000000000000000e+00,0.000000000000000000e+00,0.000000000000000000e+00,1.077397631438617720e-01,0.000000000000000000e+00,0.000000000000000000e+00,0.000000000000000000e+00,2.873859389999593519e-02,1.076420268653597079e+00,-0.000000000000000000e+00
-0.000000000000000000e+00,0.000000000000000000e+00,5.764801462200225962e-02,-0.000000000000000000e+00,0.000000000000000000e+00,0.000000000000000000e+00,0.000000000000000000e+00,-1.234128661063145505e-01,-1.199949279592031071e-01,0.000000000000000000e+00,0.000000000000000000e+00,-0.000000000000000000e+00,-0.000000000000000000e+00,0.000000000000000000e+00,-0.000000000000000000e+00,-0.000000000000000000e+00,0.000000000000000000e+00,0.000000000000000000e+00,1.478771960537638708e-01,0.000000000000000000e+00,0.000000000000000000e+00,0.000000000000000000e+00,0.000000000000000000e+00,2.182776864714195131e-01,0.000000000000000000e+00,1.400765785244487693e-01,4.542160906815734256e-01,0.000000000000000000e+00,2.141423876350759259e-01,-3.985011547746683536e-02,0.000000000000000000e+00,2.764948506444838902e-02,0.000000000000000000e+00,-0.000000000000000000e+00,0.000000000000000000e+00,2.052587849837443079e-01,0.000000000000000000e+00,-0.000000000000000000e+00,1.917357800298312043e+00
