1.696866510193883792e+00,-0.000000000000000000e+00,0.000000000000000000e+00,0.000000000000000000e+00,-0.000000000000000000e+00,0.000000000000000000e+00,1.809613205659933374e-02,-0.000000000000000000e+00,-2.360757719276694588e-01,-0.000000000000000000e+00,0.000000000000000000e+00,3.003564452022799425e-01,2.185063435601427018e-01,-0.000000000000000000e+00,0.000000000000000000e+00,-0.000000000000000000e+00,0.000000000000000000e+00,9.048223855241459279e-02,0.000000000000000000e+00,0.000000000000000000e+00,-0.000000000000000000e+00,0.000000000000000000e+00,0.000000000000000000e+00,-0.000000000000000000e+00,-0.000000000000000000e+00,-3.675146199749012577e-01,0.000000000000000000e+00,-0.000000000000000000e+00,-3.013538934368997779e-01,-0.000000000000000000e+00,-0.000000000000000000e+00,0.000000000000000000e+00,-0.000000000000000000e+00,0.000000000000000000e+00,0.000000000000000000e+00,-0.000000000000000000e+00,0.000000000000000000e+00,-3.246076532799827552e-01,2.971468350231142030e-02
-0.000000000000000000e+00,2.112917965550391131e+00,-0.000000000000000000e+00,0.000000000000000000e+00,-0.000000000000000000e+00,0.000000000000000000e+00,0.000000000000000000e+00,0.000000000000000000e+00,-1.667495245879110355e-01,-5.271845186165782238e-01,-0.000000000000000000e+00,-2.584227398886964483e-02,-0.000000000000000000e+00,-0.000000000000000000e+00,-0.000000000000000000e+00,-0.000000000000000000e+00,-0.000000000000000000e+00,0.000000000000000000e+00,0.000000000000000000e+00,-0.000000000000000000e+00,-0.000000000000000000e+00,-5.031150501382174352e-03,-0.000000000000000000e+00,-0.000000000000000000e+00,-0.000000000000000000e+00,-0.000000000000000000e+00,-0.000000000000000000e+00,-0.000000000000000000e+00,0.000000000000000000e+00,-1.065890220665323684e-01,-7.555973121183764407e-01,-2.366283313639771235e-01,-0.000000000000000000e+00,-0.000000000000000000e+00,-0.000000000000000000e+00,-2.302706295495773881e-01,-0.000000000000000000e+00,-0.000000000000000000e+00,-0.000000000000000000e+00
0.000000000000000000e+00,-0.000000000000000000e+00,3.002537856954689666e+00,-0.000000000000000000e+00,-3.377161862732440678e-01,0.000000000000000000e+00,-0.000000000000000000e+00,1.482379745203032284e+00,-0.000000000000000000e+00,-4.058858541597872849e-01,-0.000000000000000000e+00,-0.000000000000000000e+00,-0.000000000000000000e+00,-0.000000000000000000e+00,-0.000000000000000000e+00,-0.000000000000000000e+00,0.000000000000000000e+00,-0.000000000000000000e+00,-0.000000000000000000e+00,-1.630450843724497167e-01,-3.987461378464456363e-01,-4.077191994521828788e-01,-0.000000000000000000e+00,-0.000000000000000000e+00,-0.000000000000000000e+00,0.000000000000000000e+00,0.000000000000000000e+00,0.000000000000000000e+00,0.000000000000000000e+00,-0.000000000000000000e+00,-0.000000000000000000e+00,-0.000000000000000000e+00,-3.840717084604305942e-02,-0.000000000000000000e+00,0.000000000000000000e+00,-0.000000000000000000e+00,-0.000000000000000000e+00,-0.000000000000000000e+00,-0.000000000000000000e+00
0.000000000000000000e+00,0.000000000000000000e+00,-0.000000000000000000e+00,1.193150375445624967e+00,0.000000000000000000e+00,0.000000000000000000e+00,-0.000000000000000000e+00,0.000000000000000000e+00,0.000000000000000000e+00,-0.000000000000000000e+00,7.347051825083693311e-02,-0.000000000000000000e+00,-0.000000000000000000e+00,0.000000000000000000e+00,-1.003366647959936936e-01,0.000000000000000000e+00,0.000000000000000000e+00,-2.742954642706452173e-02,-0.000000000000000000e+00,-1.555221593375960831e-01,-0.000000000000000000e+00,-0.000000000000000000e+00,0.000000000000000000e+00,0.000000000000000000e+00,-0.000000000000000000e+00,2.839002768105304275e-01,0.000000000000000000e+00,0.000000000000000000e+00,1.584213349640196944e-01,0.000000000000000000e+00,1.214199087253783338e-01,0.000000000000000000e+00,0.000000000000000000e+00,0.000000000000000000e+00,1.162632296052117965e-02,0.000000000000000000e+00,0.000000000000000000e+00,-0.000000000000000000e+00,-0.000000000000000000e+00
-0.000000000000000000e+00,-0.000000000000000000e+00,-3.377161862732440678e-01,0.000000000000000000e+00,2.152536873872142653e+00,0.000000000000000000e+00,0.000000000000000000e+00,1.280689795629780803e-01,-6.792515061607539151e-01,-5.172040648824751535e-02,-0.000000000000000000e+00,0.000000000000000000e+00,0.000000000000000000e+00,-7.465511243056231760e-02,0.000000000000000000e+00,-9.098044264229385170e-02,-0.000000000000000000e+00,-0.000000000000000000e+00,-0.000000000000000000e+00,-0.000000000000000000e+00,-1.559924705979818527e-01,-0.000000000000000000e+00,-0.000000000000000000e+00,-0.000000000000000000e+00,-0.000000000000000000e+00,-0.000000000000000000e+00,0.000000000000000000e+00,-0.000000000000000000e+00,-0.000000000000000000e+00,-2.324526110746538143e-01,-0.000000000000000000e+00,-0.000000000000000000e+00,-4.011549353386624217e-01,-0.000000000000000000e+00,0.000000000000000000e+00,-0.000000000000000000e+00,-0.000000000000000000e+00,-1.993021806201058788e-01,-0.000000000000000000e+00
0.000000000000000000e+00,0.000000000000000000e+00,0.000000000000000000e+00,0.000000000000000000e+00,0.000000000000000000e+00,1.853245757628425361e+00,-3.196101607881313700e-01,-0.000000000000000000e+00,0.000000000000000000e+00,0.000000000000000000e+00,-3.205483451879833079e-01,-0.000000000000000000e+00,-0.000000000000000000e+00,-0.000000000000000000e+00,0.000000000000000000e+00,0.000000000000000000e+00,-1.253458904659333351e-01,-0.000000000000000000e+00,-0.000000000000000000e+00,-0.000000000000000000e+00,0.000000000000000000e+00,-0.000000000000000000e+00,-0.000000000000000000e+00,0.000000000000000000e+00,0.000000000000000000e+00,-0.000000000000000000e+00,-3.051478718072305751e-01,-0.000000000000000000e+00,-0.000000000000000000e+00,-0.000000000000000000e+00,-0.000000000000000000e+00,-0.000000000000000000e+00,-0.000000000000000000e+00,-0.000000000000000000e+00,-2.660135657493716832e-01,-0.000000000000000000e+00,-3.409304702866217118e-01,2.110189451746542211e-01,-0.000000000000000000e+00
1.809613205659933374e-02,0.000000000000000000e+00,-0.000000000000000000e+00,-0.000000000000000000e+00,0.000000000000000000e+00,-3.196101607881313700e-01,1.727194054605275308e+00,0.000000000000000000e+00,2.800167058776107387e-01,-0.000000000000000000e+00,-0.000000000000000000e+00,-0.000000000000000000e+00,-3.247464658747054034e-01,-0.000000000000000000e+00,-0.000000000000000000e+00,-0.000000000000000000e+00,-0.000000000000000000e+00,-1.421405505622707344e-01,-1.021941606888856630e-01,-0.000000000000000000e+00,0.000000000000000000e+00,-1.683730133537600371e-01,-1.105902695239185246e-01,-0.000000000000000000e+00,-0.000000000000000000e+00,0.000000000000000000e+00,-0.000000000000000000e+00,0.000000000000000000e+00,0.000000000000000000e+00,-0.000000000000000000e+00,-0.000000000000000000e+00,-1.572293894730474040e-01,-0.000000000000000000e+00,-1.197855539804115743e-01,-2.542322288030019264e-02,-0.000000000000000000e+00,-0.000000000000000000e+00,1.269041696676994624e-01,-0.000000000000000000e+00
-0.000000000000000000e+00,0.000000000000000000e+00,1.482379745203032284e+00,0.000000000000000000e+00,1.280689795629780803e-01,-0.000000000000000000e+00,0.000000000000000000e+00,2.715441947369277020e+00,0.000000000000000000e+00,0.000000000000000000e+00,-0.000000000000000000e+00,0.000000000000000000e+00,0.000000000000000000e+00,0.000000000000000000e+00,0.000000000000000000e+00,0.000000000000000000e+00,-0.000000000000000000e+00,0.000000000000000000e+00,-0.000000000000000000e+00,0.000000000000000000e+00,7.364085637347644875e-01,5.048930900245410941e-02,0.000000000000000000e+00,0.000000000000000000e+00,0.000000000000000000e+00,-1.336224088695738277e-01,-0.000000000000000000e+00,-0.000000000000000000e+00,-0.000000000000000000e+00,0.000000000000000000e+00,0.000000000000000000e+00,0.000000000000000000e+00,1.313424847925895311e-01,5.593924316659114847e-03,-0.000000000000000000e+00,0.000000000000000000e+00,0.000000000000000000e+00,0.000000000000000000e+00,0.000000000000000000e+00
-2.360757719276694588e-01,-1.667495245879110355e-01,-0.000000000000000000e+00,0.000000000000000000e+00,-6.792515061607539151e-01,0.000000000000000000e+00,2.800167058776107387e-01,0.000000000000000000e+00,2.228593168790325318e+00,-1.991719742390771208e-01,0.000000000000000000e+00,-0.000000000000000000e+00,0.000000000000000000e+00,-0.000000000000000000e+00,-0.000000000000000000e+00,-0.000000000000000000e+00,-0.000000000000000000e+00,0.000000000000000000e+00,0.000000000000000000e+00,-1.644795963152155260e-01,-2.015025696730552308e-03,0.000000000000000000e+00,-0.000000000000000000e+00,-9.219941821312829799e-02,-0.000000000000000000e+00,-0.000000000000000000e+00,0.000000000000000000e+00,-1.794656727928181650e-02,-0.000000000000000000e+00,-1.024731665273525966e-01,-0.000000000000000000e+00,0.000000000000000000e+00,-0.000000000000000000e+00,0.000000000000000000e+00,0.000000000000000000e+00,-0.000000000000000000e+00,-0.000000000000000000e+00,-8.139993469038852014e-01,-0.000000000000000000e+00
-0.000000000000000000e+00,-5.271845186165782238e-01,-4.058858541597872849e-01,-0.000000000000000000e+00,-5.172040648824751535e-02,0.000000000000000000e+00,-0.000000000000000000e+00,0.000000000000000000e+00,-1.991719742390771208e-01,2.561469548568546806e+00,-0.000000000000000000e+00,-3.206624518924246214e-02,-0.000000000000000000e+00,-1.955372765706633043e-01,-0.000000000000000000e+00,-1.655587932251706695e-01,-0.000000000000000000e+00,-0.000000000000000000e+00,-0.000000000000000000e+00,-0.000000000000000000e+00,-0.000000000000000000e+00,-9.534435583207620524e-02,-2.455701795025735656e-01,-1.447183597449835935e-01,-0.000000000000000000e+00,0.000000000000000000e+00,-0.000000000000000000e+00,-0.000000000000000000e+00,0.000000000000000000e+00,-4.826375840455948141e-01,-0.000000000000000000e+00,-0.000000000000000000e+00,-0.000000000000000000e+00,-0.000000000000000000e+00,-0.000000000000000000e+00,-7.536855080859750089e-02,-0.000000000000000000e+00,-0.000000000000000000e+00,-2.627430079719550449e-01
0.000000000000000000e+00,-0.000000000000000000e+00,-0.000000000000000000e+00,7.347051825083693311e-02,-0.000000000000000000e+00,-3.205483451879833079e-01,-0.000000000000000000e+00,-0.000000000000000000e+00,0.000000000000000000e+00,-0.000000000000000000e+00,2.390001176662142957e+00,-0.000000000000000000e+00,-8.731578628244968110e-02,-3.428638055818818975e-01,0.000000000000000000e+00,-8.277078817124593202e-02,-6.041757287844599089e-01,-0.000000000000000000e+00,-0.000000000000000000e+00,0.000000000000000000e+00,0.000000000000000000e+00,-0.000000000000000000e+00,-0.000000000000000000e+00,-0.000000000000000000e+00,-0.000000000000000000e+00,-0.000000000000000000e+00,-1.991864475132563428e-01,-0.000000000000000000e+00,-0.000000000000000000e+00,-7.871275036574514050e-02,-0.000000000000000000e+00,-3.901227454391239524e-01,-1.949238401644934615e-01,-0.000000000000000000e+00,-4.541466769649338264e-02,-0.000000000000000000e+00,-2.291510757761885675e-01,0.000000000000000000e+00,-0.000000000000000000e+00
3.003564452022799425e-01,-2.584227398886964483e-02,-0.000000000000000000e+00,-0.000000000000000000e+00,0.000000000000000000e+00,-0.000000000000000000e+00,-0.000000000000000000e+00,0.000000000000000000e+00,-0.000000000000000000e+00,-3.206624518924246214e-02,-0.000000000000000000e+00,2.634887056891821455e+00,-0.000000000000000000e+00,-0.000000000000000000e+00,-6.048666373072456581e-01,0.000000000000000000e+00,-0.000000000000000000e+00,-0.000000000000000000e+00,-0.000000000000000000e+00,-2.678508138659655563e-02,0.000000000000000000e+00,-6.639198784633402184e-01,-4.848878786984217593e-01,-0.000000000000000000e+00,-0.000000000000000000e+00,0.000000000000000000e+00,-8.021605883658368408e-02,-0.000000000000000000e+00,2.085486108877913358e-01,-0.000000000000000000e+00,-0.000000000000000000e+00,-9.878271550562671074e-03,0.000000000000000000e+00,-1.005327505432791479e-01,-0.000000000000000000e+00,-0.000000000000000000e+00,-0.000000000000000000e+00,-0.000000000000000000e+00,-5.215401455054989865e-01
2.185063435601427018e-01,-0.000000000000000000e+00,-0.000000000000000000e+00,-0.000000000000000000e+00,0.000000000000000000e+00,-0.000000000000000000e+00,-3.247464658747054034e-01,0.000000000000000000e+00,0.000000000000000000e+00,-0.000000000000000000e+00,-8.731578628244968110e-02,-0.000000000000000000e+00,2.163035970482393822e+00,-0.000000000000000000e+00,0.000000000000000000e+00,-0.000000000000000000e+00,0.000000000000000000e+00,-0.000000000000000000e+00,-0.000000000000000000e+00,0.000000000000000000e+00,0.000000000000000000e+00,-3.890026349401705663e-01,-0.000000000000000000e+00,-0.000000000000000000e+00,7.184041459649016803e-02,0.000000000000000000e+00,-0.000000000000000000e+00,0.000000000000000000e+00,1.311040393144954908e-01,-0.000000000000000000e+00,-0.000000000000000000e+00,-7.696433309574907122e-01,-0.000000000000000000e+00,-2.320223687531573764e-01,-0.000000000000000000e+00,-0.000000000000000000e+00,-0.000000000000000000e+00,0.000000000000000000e+00,-4.481746847726048033e-02
-0.000000000000000000e+00,-0.000000000000000000e+00,-0.000000000000000000e+00,0.000000000000000000e+00,-7.465511243056231760e-02,-0.000000000000000000e+00,-0.000000000000000000e+00,0.000000000000000000e+00,-0.000000000000000000e+00,-1.955372765706633043e-01,-3.428638055818818975e-01,-0.000000000000000000e+00,-0.000000000000000000e+00,2.279486465480927482e+00,-0.000000000000000000e+00,-1.951219698630316524e-01,-1.254918509982648998e-02,-0.000000000000000000e+00,-0.000000000000000000e+00,-0.000000000000000000e+00,-0.000000000000000000e+00,-0.000000000000000000e+00,-2.015145730260416435e-01,-4.341988038621664714e-01,-0.000000000000000000e+00,-7.955785768538581326e-02,-0.000000000000000000e+00,-7.292314517853468181e-02,-0.000000000000000000e+00,-2.029751376182155898e-01,-3.184833405149854746e-02,-0.000000000000000000e+00,-1.587110247206738878e-01,-0.000000000000000000e+00,-0.000000000000000000e+00,-2.322167083441039337e-01,-2.320359607980719552e-01,-0.000000000000000000e+00,-0.000000000000000000e+00
0.000000000000000000e+00,-0.000000000000000000e+00,-0.000000000000000000e+00,-1.003366647959936936e-01,0.000000000000000000e+00,0.000000000000000000e+00,-0.000000000000000000e+00,0.000000000000000000e+00,-0.000000000000000000e+00,-0.000000000000000000e+00,0.000000000000000000e+00,-6.048666373072456581e-01,0.000000000000000000e+00,-0.000000000000000000e+00,1.468128784521099073e+00,0.000000000000000000e+00,0.000000000000000000e+00,0.000000000000000000e+00,-0.000000000000000000e+00,-2.892122528121476299e-01,-0.000000000000000000e+00,-0.000000000000000000e+00,-0.000000000000000000e+00,-0.000000000000000000e+00,-2.180696261001335012e-01,0.000000000000000000e+00,-0.000000000000000000e+00,-0.000000000000000000e+00,0.000000000000000000e+00,0.000000000000000000e+00,-0.000000000000000000e+00,0.000000000000000000e+00,7.194609870919393968e-02,-0.000000000000000000e+00,0.000000000000000000e+00,0.000000000000000000e+00,0.000000000000000000e+00,-0.000000000000000000e+00,-0.000000000000000000e+00
-0.000000000000000000e+00,-0.000000000000000000e+00,-0.000000000000000000e+00,0.000000000000000000e+00,-9.098044264229385170e-02,0.000000000000000000e+00,-0.000000000000000000e+00,0.000000000000000000e+00,-0.000000000000000000e+00,-1.655587932251706695e-01,-8.277078817124593202e-02,0.000000000000000000e+00,-0.000000000000000000e+00,-1.951219698630316524e-01,0.000000000000000000e+00,2.027629873881092948e+00,-0.000000000000000000e+00,-2.315116118200970796e-01,-1.657826466226870465e-01,0.000000000000000000e+00,0.000000000000000000e+00,-0.000000000000000000e+00,-9.189137238868046176e-02,-0.000000000000000000e+00,-4.381477886342986100e-02,-0.000000000000000000e+00,-0.000000000000000000e+00,-0.000000000000000000e+00,-0.000000000000000000e+00,-6.204255579478430427e-01,-0.000000000000000000e+00,-0.000000000000000000e+00,-1.847741665574786085e-01,0.000000000000000000e+00,-0.000000000000000000e+00,-1.537205006945207841e-01,-0.000000000000000000e+00,-0.000000000000000000e+00,-0.000000000000000000e+00
0.000000000000000000e+00,-0.000000000000000000e+00,0.000000000000000000e+00,0.000000000000000000e+00,-0.000000000000000000e+00,-1.253458904659333351e-01,-0.000000000000000000e+00,-0.000000000000000000e+00,-0.000000000000000000e+00,-0.000000000000000000e+00,-6.041757287844599089e-01,-0.000000000000000000e+00,0.000000000000000000e+00,-1.254918509982648998e-02,0.000000000000000000e+00,-0.000000000000000000e+00,1.725281543904335191e+00,-2.338969998373202630e-01,-7.441840168861037219e-02,-0.000000000000000000e+00,3.045880186278948284e-02,-0.000000000000000000e+00,-0.000000000000000000e+00,-0.000000000000000000e+00,-0.000000000000000000e+00,-2.230210061913203423e-01,-1.476063025029370618e-02,-2.553429797631289744e-01,-0.000000000000000000e+00,-1.074145751925812409e-01,-0.000000000000000000e+00,-0.000000000000000000e+00,0.000000000000000000e+00,0.000000000000000000e+00,-0.000000000000000000e+00,-0.000000000000000000e+00,-0.000000000000000000e+00,-0.000000000000000000e+00,-0.000000000000000000e+00
9.048223855241459279e-02,0.000000000000000000e+00,-0.000000000000000000e+00,-2.742954642706452173e-02,-0.000000000000000000e+00,-0.000000000000000000e+00,-1.421405505622707344e-01,0.000000000000000000e+00,0.000000000000000000e+00,-0.000000000000000000e+00,-0.000000000000000000e+00,-0.000000000000000000e+00,-0.000000000000000000e+00,-0.000000000000000000e+00,0.000000000000000000e+00,-2.315116118200970796e-01,-2.338969998373202630e-01,2.099985149450813715e+00,-9.573456919027697465e-01,-0.000000000000000000e+00,0.000000000000000000e+00,-0.000000000000000000e+00,-0.000000000000000000e+00,-0.000000000000000000e+00,-0.000000000000000000e+00,0.000000000000000000e+00,-0.000000000000000000e+00,-0.000000000000000000e+00,0.000000000000000000e+00,-0.000000000000000000e+00,0.000000000000000000e+00,-0.000000000000000000e+00,-0.000000000000000000e+00,0.000000000000000000e+00,-0.000000000000000000e+00,-0.000000000000000000e+00,-0.000000000000000000e+00,-0.000000000000000000e+00,-4.423564290504799490e-01
0.000000000000000000e+00,0.000000000000000000e+00,-0.000000000000000000e+00,-0.000000000000000000e+00,-0.000000000000000000e+00,-0.000000000000000000e+00,-1.021941606888856630e-01,-0.000000000000000000e+00,0.000000000000000000e+00,-0.000000000000000000e+00,-0.000000000000000000e+00,-0.000000000000000000e+00,-0.000000000000000000e+00,-0.000000000000000000e+00,-0.000000000000000000e+00,-1.657826466226870465e-01,-7.441840168861037219e-02,-9.573456919027697465e-01,1.868641826059335154e+00,-0.000000000000000000e+00,1.197843338150738346e-01,-0.000000000000000000e+00,-1.904699486631028227e-01,-0.000000000000000000e+00,-5.162026113355555612e-02,-0.000000000000000000e+00,-0.000000000000000000e+00,-0.000000000000000000e+00,0.000000000000000000e+00,-0.000000000000000000e+00,0.000000000000000000e+00,-0.000000000000000000e+00,-0.000000000000000000e+00,0.000000000000000000e+00,-1.084821936125912045e-01,-0.000000000000000000e+00,-0.000000000000000000e+00,-0.000000000000000000e+00,-1.349493810118607487e-02
0.000000000000000000e+00,-0.000000000000000000e+00,-1.630450843724497167e-01,-1.555221593375960831e-01,-0.000000000000000000e+00,-0.000000000000000000e+00,-0.000000000000000000e+00,0.000000000000000000e+00,-1.644795963152155260e-01,-0.000000000000000000e+00,0.000000000000000000e+00,-2.678508138659655563e-02,0.000000000000000000e+00,-0.000000000000000000e+00,-2.892122528121476299e-01,0.000000000000000000e+00,-0.000000000000000000e+00,-0.000000000000000000e+00,-0.000000000000000000e+00,1.278510873517217039e+00,-0.000000000000000000e+00,-1.553805015942997247e-01,-0.000000000000000000e+00,-0.000000000000000000e+00,-0.000000000000000000e+00,0.000000000000000000e+00,0.000000000000000000e+00,-0.000000000000000000e+00,0.000000000000000000e+00,-0.000000000000000000e+00,-0.000000000000000000e+00,-0.000000000000000000e+00,0.000000000000000000e+00,0.000000000000000000e+00,0.000000000000000000e+00,0.000000000000000000e+00,-0.000000000000000000e+00,-8.725258298474125596e-02,-0.000000000000000000e+00
-0.000000000000000000e+00,-0.000000000000000000e+00,-3.987461378464456363e-01,-0.000000000000000000e+00,-1.559924705979818527e-01,0.000000000000000000e+00,0.000000000000000000e+00,7.364085637347644875e-01,-2.015025696730552308e-03,-0.000000000000000000e+00,0.000000000000000000e+00,0.000000000000000000e+00,0.000000000000000000e+00,-0.000000000000000000e+00,-0.000000000000000000e+00,0.000000000000000000e+00,3.045880186278948284e-02,0.000000000000000000e+00,1.197843338150738346e-01,-0.000000000000000000e+00,1.763687348801703525e+00,-0.000000000000000000e+00,0.000000000000000000e+00,0.000000000000000000e+00,-0.000000000000000000e+00,0.000000000000000000e+00,0.000000000000000000e+00,0.000000000000000000e+00,0.000000000000000000e+00,0.000000000000000000e+00,0.000000000000000000e+00,0.000000000000000000e+00,-5.798635932055930947e-02,-0.000000000000000000e+00,0.000000000000000000e+00,0.000000000000000000e+00,0.000000000000000000e+00,-0.000000000000000000e+00,0.000000000000000000e+00
0.000000000000000000e+00,-5.031150501382174352e-03,-4.077191994521828788e-01,-0.000000000000000000e+00,-0.000000000000000000e+00,-0.000000000000000000e+00,-1.683730133537600371e-01,5.048930900245410941e-02,0.000000000000000000e+00,-9.534435583207620524e-02,-0.000000000000000000e+00,-6.639198784633402184e-01,-3.890026349401705663e-01,-0.000000000000000000e+00,-0.000000000000000000e+00,-0.000000000000000000e+00,-0.000000000000000000e+00,-0.000000000000000000e+00,-0.000000000000000000e+00,-1.553805015942997247e-01,-0.000000000000000000e+00,2.498599973395380758e+00,-1.809611933041376797e-01,-0.000000000000000000e+00,-0.000000000000000000e+00,0.000000000000000000e+00,-0.000000000000000000e+00,-0.000000000000000000e+00,1.112776020270929561e-01,-0.000000000000000000e+00,-0.000000000000000000e+00,-3.407870447808000192e-01,-0.000000000000000000e+00,-3.741261293693574214e-02,-0.000000000000000000e+00,-0.000000000000000000e+00,-0.000000000000000000e+00,0.000000000000000000e+00,-1.756638104604488493e-01
0.000000000000000000e+00,-0.000000000000000000e+00,-0.000000000000000000e+00,0.000000000000000000e+00,-0.000000000000000000e+00,-0.000000000000000000e+00,-1.105902695239185246e-01,0.000000000000000000e+00,-0.000000000000000000e+00,-2.455701795025735656e-01,-0.000000000000000000e+00,-4.848878786984217593e-01,-0.000000000000000000e+00,-2.015145730260416435e-01,-0.000000000000000000e+00,-9.189137238868046176e-02,-0.000000000000000000e+00,-0.000000000000000000e+00,-1.904699486631028227e-01,-0.000000000000000000e+00,0.000000000000000000e+00,-1.809611933041376797e-01,2.609594943725619398e+00,-3.568905553836063671e-01,-2.478498705739642649e-01,-0.000000000000000000e+00,-2.495897032387082437e-01,-0.000000000000000000e+00,0.000000000000000000e+00,-9.971832127390209410e-02,-2.978269972545823374e-01,-2.765300160470296476e-01,-0.000000000000000000e+00,-0.000000000000000000e+00,-0.000000000000000000e+00,-0.000000000000000000e+00,-0.000000000000000000e+00,0.000000000000000000e+00,-0.000000000000000000e+00
-0.000000000000000000e+00,-0.000000000000000000e+00,-0.000000000000000000e+00,0.000000000000000000e+00,-0.000000000000000000e+00,0.000000000000000000e+00,-0.000000000000000000e+00,0.000000000000000000e+00,-9.219941821312829799e-02,-1.447183597449835935e-01,-0.000000000000000000e+00,-0.000000000000000000e+00,-0.000000000000000000e+00,-4.341988038621664714e-01,-0.000000000000000000e+00,-0.000000000000000000e+00,-0.000000000000000000e+00,-0.000000000000000000e+00,-0.000000000000000000e+00,-0.000000000000000000e+00,0.000000000000000000e+00,-0.000000000000000000e+00,-3.568905553836063671e-01,1.788727820171568839e+00,-1.504758332886492744e-01,-0.000000000000000000e+00,-0.000000000000000000e+00,-0.000000000000000000e+00,0.000000000000000000e+00,-3.557480294172101210e-01,-1.766001085337999890e-02,-0.000000000000000000e+00,-0.000000000000000000e+00,-0.000000000000000000e+00,0.000000000000000000e+00,-0.000000000000000000e+00,-0.000000000000000000e+00,-0.000000000000000000e+00,-0.000000000000000000e+00
-0.000000000000000000e+00,-0.000000000000000000e+00,-0.000000000000000000e+00,-0.000000000000000000e+00,-0.000000000000000000e+00,0.000000000000000000e+00,-0.000000000000000000e+00,0.000000000000000000e+00,-0.000000000000000000e+00,-0.000000000000000000e+00,-0.000000000000000000e+00,-0.000000000000000000e+00,7.184041459649016803e-02,-0.000000000000000000e+00,-2.180696261001335012e-01,-4.381477886342986100e-02,-0.000000000000000000e+00,-0.000000000000000000e+00,-5.162026113355555612e-02,-0.000000000000000000e+00,-0.000000000000000000e+00,-0.000000000000000000e+00,-2.478498705739642649e-01,-1.504758332886492744e-01,1.280693905520873699e+00,-5.653674152651137416e-03,-0.000000000000000000e+00,-0.000000000000000000e+00,-0.000000000000000000e+00,-1.118594577877984192e-01,-0.000000000000000000e+00,0.000000000000000000e+00,0.000000000000000000e+00,-0.000000000000000000e+00,-3.346206270621925917e-03,-0.000000000000000000e+00,-0.000000000000000000e+00,-1.476084393110327075e-01,-0.000000000000000000e+00
-3.675146199749012577e-01,-0.000000000000000000e+00,0.000000000000000000e+00,2.839002768105304275e-01,-0.000000000000000000e+00,-0.000000000000000000e+00,0.000000000000000000e+00,-1.336224088695738277e-01,-0.000000000000000000e+00,0.000000000000000000e+00,-0.000000000000000000e+00,0.000000000000000000e+00,0.000000000000000000e+00,-7.955785768538581326e-02,0.000000000000000000e+00,-0.000000000000000000e+00,-2.230210061913203423e-01,0.000000000000000000e+00,-0.000000000000000000e+00,0.000000000000000000e+00,0.000000000000000000e+00,0.000000000000000000e+00,-0.000000000000000000e+00,-0.000000000000000000e+00,-5.653674152651137416e-03,1.907467691378414321e+00,-2.792618660007176873e-02,-6.203465391939806395e-01,-5.295149212154497409e-01,-0.000000000000000000e+00,-0.000000000000000000e+00,0.000000000000000000e+00,-0.000000000000000000e+00,0.000000000000000000e+00,-0.000000000000000000e+00,-1.240623322365868308e-01,-0.000000000000000000e+00,-0.000000000000000000e+00,0.000000000000000000e+00
0.000000000000000000e+00,-0.000000000000000000e+00,0.000000000000000000e+00,0.000000000000000000e+00,0.000000000000000000e+00,-3.051478718072305751e-01,-0.000000000000000000e+00,-0.000000000000000000e+00,0.000000000000000000e+00,-0.000000000000000000e+00,-1.991864475132563428e-01,-8.021605883658368408e-02,-0.000000000000000000e+00,-0.000000000000000000e+00,-0.000000000000000000e+00,-0.000000000000000000e+00,-1.476063025029370618e-02,-0.000000000000000000e+00,-0.000000000000000000e+00,0.000000000000000000e+00,0.000000000000000000e+00,-0.000000000000000000e+00,-2.495897032387082437e-01,-0.000000000000000000e+00,-0.000000000000000000e+00,-2.792618660007176873e-02,1.869777774864472830e+00,-7.352828714360861752e-03,0.000000000000000000e+00,-0.000000000000000000e+00,-8.837833770497427466e-02,-3.817988190923415903e-01,0.000000000000000000e+00,-5.436385524050443840e-03,-0.000000000000000000e+00,-0.000000000000000000e+00,-8.423184367029866448e-02,0.000000000000000000e+00,-2.871897120287057459e-01
-0.000000000000000000e+00,-0.000000000000000000e+00,0.000000000000000000e+00,0.000000000000000000e+00,-0.000000000000000000e+00,-0.000000000000000000e+00,0.000000000000000000e+00,-0.000000000000000000e+00,-1.794656727928181650e-02,-0.000000000000000000e+00,-0.000000000000000000e+00,-0.000000000000000000e+00,0.000000000000000000e+00,-7.292314517853468181e-02,-0.000000000000000000e+00,-0.000000000000000000e+00,-2.553429797631289744e-01,-0.000000000000000000e+00,-0.000000000000000000e+00,-0.000000000000000000e+00,0.000000000000000000e+00,-0.000000000000000000e+00,-0.000000000000000000e+00,-0.000000000000000000e+00,-0.000000000000000000e+00,-6.203465391939806395e-01,-7.352828714360861752e-03,1.685104953742113443e+00,-0.000000000000000000e+00,-3.136694661152996111e-01,-0.000000000000000000e+00,-0.000000000000000000e+00,0.000000000000000000e+00,0.000000000000000000e+00,-0.000000000000000000e+00,-0.000000000000000000e+00,-1.679078435765008204e-01,-1.774247476669851276e-01,-0.000000000000000000e+00
-3.013538934368997779e-01,0.000000000000000000e+00,0.000000000000000000e+00,1.584213349640196944e-01,-0.000000000000000000e+00,-0.000000000000000000e+00,0.000000000000000000e+00,-0.000000000000000000e+00,-0.000000000000000000e+00,0.000000000000000000e+00,-0.000000000000000000e+00,2.085486108877913358e-01,1.311040393144954908e-01,-0.000000000000000000e+00,0.000000000000000000e+00,-0.000000000000000000e+00,-0.000000000000000000e+00,0.000000000000000000e+00,0.000000000000000000e+00,0.000000000000000000e+00,0.000000000000000000e+00,1.112776020270929561e-01,0.000000000000000000e+00,0.000000000000000000e+00,-0.000000000000000000e+00,-5.295149212154497409e-01,0.000000000000000000e+00,-0.000000000000000000e+00,1.697089780879333709e+00,-0.000000000000000000e+00,-0.000000000000000000e+00,0.000000000000000000e+00,-0.000000000000000000e+00,0.000000000000000000e+00,-1.356890220469905428e-01,-0.000000000000000000e+00,-0.000000000000000000e+00,0.000000000000000000e+00,3.043238613731761855e-01
-0.000000000000000000e+00,-1.065890220665323684e-01,-0.000000000000000000e+00,0.000000000000000000e+00,-2.324526110746538143e-01,-0.000000000000000000e+00,-0.000000000000000000e+00,0.000000000000000000e+00,-1.024731665273525966e-01,-4.826375840455948141e-01,-7.871275036574514050e-02,-0.000000000000000000e+00,-0.000000000000000000e+00,-2.029751376182155898e-01,0.000000000000000000e+00,-6.204255579478430427e-01,-1.074145751925812409e-01,-0.000000000000000000e+00,-0.000000000000000000e+00,-0.000000000000000000e+00,0.000000000000000000e+00,-0.000000000000000000e+00,-9.971832127390209410e-02,-3.557480294172101210e-01,-1.118594577877984192e-01,-0.000000000000000000e+00,-0.000000000000000000e+00,-3.136694661152996111e-01,-0.000000000000000000e+00,2.577532777346120962e+00,-0.000000000000000000e+00,-0.000000000000000000e+00,-0.000000000000000000e+00,-0.000000000000000000e+00,-0.000000000000000000e+00,-3.930297914743755699e-02,-5.308109742576680445e-02,-3.606580644199664648e-02,-0.000000000000000000e+00
-0.000000000000000000e+00,-7.555973121183764407e-01,-0.000000000000000000e+00,1.214199087253783338e-01,-0.000000000000000000e+00,-0.000000000000000000e+00,-0.000000000000000000e+00,0.000000000000000000e+00,-0.000000000000000000e+00,-0.000000000000000000e+00,-0.000000000000000000e+00,-0.000000000000000000e+00,-0.000000000000000000e+00,-3.184833405149854746e-02,-0.000000000000000000e+00,-0.000000000000000000e+00,-0.000000000000000000e+00,0.000000000000000000e+00,0.000000000000000000e+00,-0.000000000000000000e+00,0.000000000000000000e+00,-0.000000000000000000e+00,-2.978269972545823374e-01,-1.766001085337999890e-02,-0.000000000000000000e+00,-0.000000000000000000e+00,-8.837833770497427466e-02,-0.000000000000000000e+00,-0.000000000000000000e+00,-0.000000000000000000e+00,2.021306105484611315e+00,-4.115028187552942363e-02,-0.000000000000000000e+00,-3.930374404023279089e-01,-0.000000000000000000e+00,-0.000000000000000000e+00,-2.560645790533919164e-01,-0.000000000000000000e+00,-0.000000000000000000e+00
0.000000000000000000e+00,-2.366283313639771235e-01,-0.000000000000000000e+00,0.000000000000000000e+00,-0.000000000000000000e+00,-0.000000000000000000e+00,-1.572293894730474040e-01,0.000000000000000000e+00,0.000000000000000000e+00,-0.000000000000000000e+00,-3.901227454391239524e-01,-9.878271550562671074e-03,-7.696433309574907122e-01,-0.000000000000000000e+00,0.000000000000000000e+00,-0.000000000000000000e+00,-0.000000000000000000e+00,-0.000000000000000000e+00,-0.000000000000000000e+00,-0.000000000000000000e+00,0.000000000000000000e+00,-3.407870447808000192e-01,-2.765300160470296476e-01,-0.000000000000000000e+00,0.000000000000000000e+00,0.000000000000000000e+00,-3.817988190923415903e-01,-0.000000000000000000e+00,0.000000000000000000e+00,-0.000000000000000000e+00,-4.115028187552942363e-02,3.036375124741804488e+00,-0.000000000000000000e+00,-2.488258432720446001e-01,-0.000000000000000000e+00,-1.379877905515480008e-01,-4.735206697008038090e-01,0.000000000000000000e+00,-0.000000000000000000e+00
-0.000000000000000000e+00,-0.000000000000000000e+00,-3.840717084604305942e-02,0.000000000000000000e+00,-4.011549353386624217e-01,-0.000000000000000000e+00,-0.000000000000000000e+00,1.313424847925895311e-01,-0.000000000000000000e+00,-0.000000000000000000e+00,-1.949238401644934615e-01,0.000000000000000000e+00,-0.000000000000000000e+00,-1.587110247206738878e-01,7.194609870919393968e-02,-1.847741665574786085e-01,0.000000000000000000e+00,-0.000000000000000000e+00,-0.000000000000000000e+00,0.000000000000000000e+00,-5.798635932055930947e-02,-0.000000000000000000e+00,-0.000000000000000000e+00,-0.000000000000000000e+00,0.000000000000000000e+00,-0.000000000000000000e+00,0.000000000000000000e+00,0.000000000000000000e+00,-0.000000000000000000e+00,-0.000000000000000000e+00,-0.000000000000000000e+00,-0.000000000000000000e+00,1.507090159135005436e+00,-1.230175905094015865e-01,-0.000000000000000000e+00,-0.000000000000000000e+00,-0.000000000000000000e+00,0.000000000000000000e+00,0.000000000000000000e+00
0.000000000000000000e+00,-0.000000000000000000e+00,-0.000000000000000000e+00,0.000000000000000000e+00,-0.000000000000000000e+00,-0.000000000000000000e+00,-1.197855539804115743e-01,5.593924316659114847e-03,0.000000000000000000e+00,-0.000000000000000000e+00,-0.000000000000000000e+00,-1.005327505432791479e-01,-2.320223687531573764e-01,-0.000000000000000000e+00,-0.000000000000000000e+00,0.000000000000000000e+00,0.000000000000000000e+00,0.000000000000000000e+00,0.000000000000000000e+00,0.000000000000000000e+00,-0.000000000000000000e+00,-3.741261293693574214e-02,-0.000000000000000000e+00,-0.000000000000000000e+00,-0.000000000000000000e+00,0.000000000000000000e+00,-5.436385524050443840e-03,0.000000000000000000e+00,0.000000000000000000e+00,-0.000000000000000000e+00,-3.930374404023279089e-01,-2.488258432720446001e-01,-1.230175905094015865e-01,1.625127258965059163e+00,-3.007833504087764273e-02,-0.000000000000000000e+00,-0.000000000000000000e+00,2.918675891838973802e-01,-0.000000000000000000e+00
0.000000000000000000e+00,-0.000000000000000000e+00,0.000000000000000000e+00,1.162632296052117965e-02,0.000000000000000000e+00,-2.660135657493716832e-01,-2.542322288030019264e-02,-0.000000000000000000e+00,0.000000000000000000e+00,-0.000000000000000000e+00,-4.541466769649338264e-02,-0.000000000000000000e+00,-0.000000000000000000e+00,-0.000000000000000000e+00,0.000000000000000000e+00,-0.000000000000000000e+00,-0.000000000000000000e+00,-0.000000000000000000e+00,-1.084821936125912045e-01,0.000000000000000000e+00,0.000000000000000000e+00,-0.000000000000000000e+00,-0.000000000000000000e+00,0.000000000000000000e+00,-3.346206270621925917e-03,-0.000000000000000000e+00,-0.000000000000000000e+00,-0.000000000000000000e+00,-1.356890220469905428e-01,-0.000000000000000000e+00,-0.000000000000000000e+00,-0.000000000000000000e+00,-0.000000000000000000e+00,-3.007833504087764273e-02,1.721344893473851334e+00,-1.293723204739794241e-01,-7.766539067425490828e-01,0.000000000000000000e+00,0.000000000000000000e+00
-0.000000000000000000e+00,-2.302706295495773881e-01,-0.000000000000000000e+00,0.000000000000000000e+00,-0.000000000000000000e+00,-0.000000000000000000e+00,-0.000000000000000000e+00,0.000000000000000000e+00,-0.000000000000000000e+00,-7.536855080859750089e-02,-0.000000000000000000e+00,-0.000000000000000000e+00,-0.000000000000000000e+00,-2.322167083441039337e-01,0.000000000000000000e+00,-1.537205006945207841e-01,-0.000000000000000000e+00,-0.000000000000000000e+00,-0.000000000000000000e+00,0.000000000000000000e+00,0.000000000000000000e+00,-0.000000000000000000e+00,-0.000000000000000000e+00,-0.000000000000000000e+00,-0.000000000000000000e+00,-1.240623322365868308e-01,-0.000000000000000000e+00,-0.000000000000000000e+00,-0.000000000000000000e+00,-3.930297914743755699e-02,-0.000000000000000000e+00,-1.379877905515480008e-01,-0.000000000000000000e+00,-0.000000000000000000e+00,-1.293723204739794241e-01,1.609925934996543573e+00,-2.777919941060146281e-01,0.000000000000000000e+00,-0.000000000000000000e+00
0.000000000000000000e+00,-0.000000000000000000e+00,-0.000000000000000000e+00,0.000000000000000000e+00,-0.000000000000000000e+00,-3.409304702866217118e-01,-0.000000000000000000e+00,0.000000000000000000e+00,-0.000000000000000000e+00,-0.000000000000000000e+00,-2.291510757761885675e-01,-0.000000000000000000e+00,-0.000000000000000000e+00,-2.320359607980719552e-01,0.000000000000000000e+00,-0.000000000000000000e+00,-0.000000000000000000e+00,-0.000000000000000000e+00,-0.000000000000000000e+00,-0.000000000000000000e+00,0.000000000000000000e+00,-0.000000000000000000e+00,-0.000000000000000000e+00,-0.000000000000000000e+00,-0.000000000000000000e+00,-0.000000000000000000e+00,-8.423184367029866448e-02,-1.679078435765008204e-01,-0.000000000000000000e+00,-5.308109742576680445e-02,-2.560645790533919164e-01,-4.735206697008038090e-01,-0.000000000000000000e+00,-0.000000000000000000e+00,-7.766539067425490828e-01,-2.777919941060146281e-01,2.605494639253842060e+00,0.000000000000000000e+00,-0.000000000000000000e+00
-3.246076532799827552e-01,-0.000000000000000000e+00,-0.000000000000000000e+00,-0.000000000000000000e+00,-1.993021806201058788e-01,2.110189451746542211e-01,1.269041696676994624e-01,0.000000000000000000e+00,-8.139993469038852014e-01,-0.000000000000000000e+00,0.000000000000000000e+00,-0.000000000000000000e+00,0.000000000000000000e+00,-0.000000000000000000e+00,-0.000000000000000000e+00,-0.000000000000000000e+00,-0.000000000000000000e+00,-0.000000000000000000e+00,-0.000000000000000000e+00,-8.725258298474125596e-02,-0.000000000000000000e+00,0.000000000000000000e+00,0.000000000000000000e+00,-0.000000000000000000e+00,-1.476084393110327075e-01,-0.000000000000000000e+00,0.000000000000000000e+00,-1.774247476669851276e-01,0.000000000000000000e+00,-3.606580644199664648e-02,-0.000000000000000000e+00,0.000000000000000000e+00,0.000000000000000000e+00,2.918675891838973802e-01,0.000000000000000000e+00,0.000000000000000000e+00,0.000000000000000000e+00,1.920858411275056188e+00,-0.000000000000000000e+00
2.971468350231142030e-02,-0.000000000000000000e+00,-0.000000000000000000e+00,-0.000000000000000000e+00,-0.000000000000000000e+00,-0.000000000000000000e+00,-0.000000000000000000e+00,0.000000000000000000e+00,-0.000000000000000000e+00,-2.627430079719550449e-01,-0.000000000000000000e+00,-5.215401455054989865e-01,-4.481746847726048033e-02,-0.000000000000000000e+00,-0.000000000000000000e+00,-0.000000000000000000e+00,-0.000000000000000000e+00,-4.423564290504799490e-01,-1.349493810118607487e-02,-0.000000000000000000e+00,0.000000000000000000e+00,-1.756638104604488493e-01,-0.000000000000000000e+00,-0.000000000000000000e+00,-0.000000000000000000e+00,0.000000000000000000e+00,-2.871897120287057459e-01,-0.000000000000000000e+00,3.043238613731761855e-01,-0.000000000000000000e+00,-0.000000000000000000e+00,-0.000000000000000000e+00,0.000000000000000000e+00,-0.000000000000000000e+00,0.000000000000000000e+00,-0.000000000000000000e+00,-0.000000000000000000e+00,-0.000000000000000000e+00,2.032897413865442982e+00
