2.239807977421821583e+00,-7.954321078991815064e-01,-0.000000000000000000e+00,0.000000000000000000e+00,-0.000000000000000000e+00,-0.000000000000000000e+00,-0.000000000000000000e+00,0.000000000000000000e+00,-6.442998821257245323e-01,-2.483014469918888301e-01,-0.000000000000000000e+00,-0.000000000000000000e+00,0.000000000000000000e+00,-0.000000000000000000e+00,0.000000000000000000e+00,-0.000000000000000000e+00,0.000000000000000000e+00,0.000000000000000000e+00,-0.000000000000000000e+00,0.000000000000000000e+00,0.000000000000000000e+00,-0.000000000000000000e+00,-0.000000000000000000e+00,0.000000000000000000e+00,0.000000000000000000e+00,-0.000000000000000000e+00,-0.000000000000000000e+00,5.776746302545991002e-03,-0.000000000000000000e+00,-9.511790755006672982e-02,-0.000000000000000000e+00,-0.000000000000000000e+00,0.000000000000000000e+00,-0.000000000000000000e+00,0.000000000000000000e+00,-3.508367780686829085e-01,-0.000000000000000000e+00,-0.000000000000000000e+00,-0.000000000000000000e+00
-7.954321078991815064e-01,2.609907196104860105e+00,-0.000000000000000000e+00,-0.000000000000000000e+00,-0.000000000000000000e+00,0.000000000000000000e+00,-0.000000000000000000e+00,0.000000000000000000e+00,-1.143612061528551972e-02,-0.000000000000000000e+00,-0.000000000000000000e+00,-0.000000000000000000e+00,0.000000000000000000e+00,-0.000000000000000000e+00,-0.000000000000000000e+00,-0.000000000000000000e+00,9.382958270640848197e-02,0.000000000000000000e+00,-0.000000000000000000e+00,0.000000000000000000e+00,-0.000000000000000000e+00,-1.329243427267311761e-01,-0.000000000000000000e+00,-0.000000000000000000e+00,0.000000000000000000e+00,-0.000000000000000000e+00,-0.000000000000000000e+00,0.000000000000000000e+00,-3.198512879756557070e-01,-1.129282158632900490e-01,-0.000000000000000000e+00,-3.927162966645688646e-01,0.000000000000000000e+00,-0.000000000000000000e+00,-0.000000000000000000e+00,-5.772771468105972748e-01,-3.254907578594358197e-01,-0.000000000000000000e+00,-0.000000000000000000e+00
-0.000000000000000000e+00,-0.000000000000000000e+00,3.236850191933654308e+00,0.000000000000000000e+00,-8.611236415776387654e-01,-0.000000000000000000e+00,-0.000000000000000000e+00,9.199636086180900119e-01,-0.000000000000000000e+00,-0.000000000000000000e+00,-0.000000000000000000e+00,-0.000000000000000000e+00,-0.000000000000000000e+00,-4.523066473527325160e-01,-0.000000000000000000e+00,-0.000000000000000000e+00,0.000000000000000000e+00,0.000000000000000000e+00,-0.000000000000000000e+00,-0.000000000000000000e+00,-3.561145316836646924e-01,-1.036359504361541659e-02,-0.000000000000000000e+00,-1.783280722016107323e-01,-0.000000000000000000e+00,-0.000000000000000000e+00,-0.000000000000000000e+00,-0.000000000000000000e+00,-0.000000000000000000e+00,-0.000000000000000000e+00,-1.030407167682664410e-01,-0.000000000000000000e+00,-0.000000000000000000e+00,-5.140521299144480416e-01,-0.000000000000000000e+00,-0.000000000000000000e+00,-0.000000000000000000e+00,-0.000000000000000000e+00,-0.000000000000000000e+00
0.000000000000000000e+00,-0.000000000000000000e+00,0.000000000000000000e+00,1.550015520951504966e+00,-0.000000000000000000e+00,0.000000000000000000e+00,-3.085055567157102274e-01,-4.398142101585220121e-02,0.000000000000000000e+00,-0.000000000000000000e+00,0.000000000000000000e+00,-3.319103263495567502e-01,0.000000000000000000e+00,-0.000000000000000000e+00,-3.985208969348614239e-01,-0.000000000000000000e+00,-0.000000000000000000e+00,-3.833204962749144767e-02,-0.000000000000000000e+00,-0.000000000000000000e+00,-8.444806726005547881e-02,-0.000000000000000000e+00,-0.000000000000000000e+00,-0.000000000000000000e+00,-1.343817272923105710e-01,-0.000000000000000000e+00,-0.000000000000000000e+00,-0.000000000000000000e+00,-0.000000000000000000e+00,0.000000000000000000e+00,-0.000000000000000000e+00,0.000000000000000000e+00,-0.000000000000000000e+00,0.000000000000000000e+00,-4.438368616048218862e-02,-0.000000000000000000e+00,0.000000000000000000e+00,-1.146170908570331437e-01,-0.000000000000000000e+00
-0.000000000000000000e+00,-0.000000000000000000e+00,-8.611236415776387654e-01,-0.000000000000000000e+00,2.684434032792330171e+00,-0.000000000000000000e+00,-2.009703278122649400e-02,3.032170047429829096e-01,-0.000000000000000000e+00,-0.000000000000000000e+00,-0.000000000000000000e+00,-0.000000000000000000e+00,-0.000000000000000000e+00,-3.129657863425597819e-01,-0.000000000000000000e+00,-0.000000000000000000e+00,0.000000000000000000e+00,0.000000000000000000e+00,-0.000000000000000000e+00,0.000000000000000000e+00,-1.926098278888082327e-01,-0.000000000000000000e+00,-0.000000000000000000e+00,-0.000000000000000000e+00,-0.000000000000000000e+00,-3.676721132030437780e-03,-0.000000000000000000e+00,0.000000000000000000e+00,-1.569818837806066236e-01,-5.563875881722737254e-02,-1.277124746357062579e-01,-1.901588896666458472e-01,-0.000000000000000000e+00,-4.500855773212578681e-01,-0.000000000000000000e+00,-0.000000000000000000e+00,-0.000000000000000000e+00,-0.000000000000000000e+00,-0.000000000000000000e+00
-0.000000000000000000e+00,0.000000000000000000e+00,-0.000000000000000000e+00,0.000000000000000000e+00,-0.000000000000000000e+00,1.317279410619931923e+00,0.000000000000000000e+00,0.000000000000000000e+00,-0.000000000000000000e+00,0.000000000000000000e+00,-6.206156790845072102e-01,0.000000000000000000e+00,-0.000000000000000000e+00,-0.000000000000000000e+00,0.000000000000000000e+00,9.955380915242229012e-02,-1.223549517413384108e-01,0.000000000000000000e+00,0.000000000000000000e+00,-0.000000000000000000e+00,0.000000000000000000e+00,-0.000000000000000000e+00,-0.000000000000000000e+00,0.000000000000000000e+00,0.000000000000000000e+00,-0.000000000000000000e+00,-0.000000000000000000e+00,0.000000000000000000e+00,-0.000000000000000000e+00,-0.000000000000000000e+00,0.000000000000000000e+00,-0.000000000000000000e+00,-0.000000000000000000e+00,0.000000000000000000e+00,-0.000000000000000000e+00,-0.000000000000000000e+00,-2.095917246427902655e-02,4.597349458890008511e-02,-0.000000000000000000e+00
-0.000000000000000000e+00,-0.000000000000000000e+00,-0.000000000000000000e+00,-3.085055567157102274e-01,-2.009703278122649400e-02,0.000000000000000000e+00,1.187143977546598395e+00,0.000000000000000000e+00,0.000000000000000000e+00,-0.000000000000000000e+00,-0.000000000000000000e+00,-0.000000000000000000e+00,2.654515910719514871e-01,-0.000000000000000000e+00,-0.000000000000000000e+00,-0.000000000000000000e+00,0.000000000000000000e+00,0.000000000000000000e+00,-0.000000000000000000e+00,-0.000000000000000000e+00,-0.000000000000000000e+00,-0.000000000000000000e+00,-0.000000000000000000e+00,-0.000000000000000000e+00,-0.000000000000000000e+00,-0.000000000000000000e+00,-1.114316052176616556e-01,-0.000000000000000000e+00,-0.000000000000000000e+00,0.000000000000000000e+00,-0.000000000000000000e+00,-0.000000000000000000e+00,-0.000000000000000000e+00,-0.000000000000000000e+00,-0.000000000000000000e+00,-2.862292317632259692e-02,-0.000000000000000000e+00,-0.000000000000000000e+00,-0.000000000000000000e+00
0.000000000000000000e+00,0.000000000000000000e+00,9.199636086180900119e-01,-4.398142101585220121e-02,3.032170047429829096e-01,0.000000000000000000e+00,0.000000000000000000e+00,2.072434614839679945e+00,1.493098668144106356e-01,-0.000000000000000000e+00,0.000000000000000000e+00,-0.000000000000000000e+00,0.000000000000000000e+00,3.792757931965027619e-03,-7.665798009347422892e-02,-0.000000000000000000e+00,-3.599946589012030518e-02,-0.000000000000000000e+00,0.000000000000000000e+00,-0.000000000000000000e+00,0.000000000000000000e+00,0.000000000000000000e+00,0.000000000000000000e+00,0.000000000000000000e+00,-0.000000000000000000e+00,0.000000000000000000e+00,0.000000000000000000e+00,-0.000000000000000000e+00,0.000000000000000000e+00,1.863264525680494998e-01,0.000000000000000000e+00,0.000000000000000000e+00,0.000000000000000000e+00,1.934709729154117097e-01,-0.000000000000000000e+00,0.000000000000000000e+00,0.000000000000000000e+00,-0.000000000000000000e+00,0.000000000000000000e+00
-6.442998821257245323e-01,-1.143612061528551972e-02,-0.000000000000000000e+00,0.000000000000000000e+00,-0.000000000000000000e+00,-0.000000000000000000e+00,0.000000000000000000e+00,1.493098668144106356e-01,2.607386792913017004e+00,-4.630859689593667949e-02,-0.000000000000000000e+00,-0.000000000000000000e+00,-0.000000000000000000e+00,-5.064688724794919050e-02,0.000000000000000000e+00,-0.000000000000000000e+00,0.000000000000000000e+00,-0.000000000000000000e+00,-0.000000000000000000e+00,0.000000000000000000e+00,-0.000000000000000000e+00,-0.000000000000000000e+00,-0.000000000000000000e+00,-0.000000000000000000e+00,0.000000000000000000e+00,-0.000000000000000000e+00,-0.000000000000000000e+00,0.000000000000000000e+00,-1.763763383851123939e-02,-8.542976120691886388e-01,-0.000000000000000000e+00,-1.572589939485724009e-01,0.000000000000000000e+00,-6.441744849175289334e-01,0.000000000000000000e+00,-0.000000000000000000e+00,-0.000000000000000000e+00,-0.000000000000000000e+00,-0.000000000000000000e+00
-2.483014469918888301e-01,-0.000000000000000000e+00,-0.000000000000000000e+00,-0.000000000000000000e+00,-0.000000000000000000e+00,0.000000000000000000e+00,-0.000000000000000000e+00,-0.000000000000000000e+00,-4.630859689593667949e-02,1.710612515184005478e+00,-0.000000000000000000e+00,-0.000000000000000000e+00,0.000000000000000000e+00,-0.000000000000000000e+00,-0.000000000000000000e+00,-5.233132714623208726e-01,-0.000000000000000000e+00,-6.474721896955723532e-02,-0.000000000000000000e+00,-0.000000000000000000e+00,-0.000000000000000000e+00,-0.000000000000000000e+00,-0.000000000000000000e+00,-9.233955456954366647e-02,-5.298754250709920566e-01,-0.000000000000000000e+00,-0.000000000000000000e+00,-0.000000000000000000e+00,-0.000000000000000000e+00,-0.000000000000000000e+00,-0.000000000000000000e+00,-0.000000000000000000e+00,-0.000000000000000000e+00,-0.000000000000000000e+00,-0.000000000000000000e+00,-0.000000000000000000e+00,0.000000000000000000e+00,-0.000000000000000000e+00,-0.000000000000000000e+00
-0.000000000000000000e+00,-0.000000000000000000e+00,-0.000000000000000000e+00,0.000000000000000000e+00,-0.000000000000000000e+00,-6.206156790845072102e-01,-0.000000000000000000e+00,0.000000000000000000e+00,-0.000000000000000000e+00,-0.000000000000000000e+00,1.570597016994898620e+00,-0.000000000000000000e+00,0.000000000000000000e+00,-0.000000000000000000e+00,-0.000000000000000000e+00,0.000000000000000000e+00,-0.000000000000000000e+00,0.000000000000000000e+00,-0.000000000000000000e+00,0.000000000000000000e+00,0.000000000000000000e+00,-8.353782168357555549e-02,-1.359483708124842039e-01,-0.000000000000000000e+00,-0.000000000000000000e+00,-0.000000000000000000e+00,-1.044552737601239512e-01,0.000000000000000000e+00,-0.000000000000000000e+00,-0.000000000000000000e+00,-0.000000000000000000e+00,-2.181584367299659044e-01,-0.000000000000000000e+00,0.000000000000000000e+00,-1.439068930834610516e-01,-1.137069991925618168e-01,-0.000000000000000000e+00,2.432094498244239400e-01,-5.655158085369795667e-02
-0.000000000000000000e+00,-0.000000000000000000e+00,-0.000000000000000000e+00,-3.319103263495567502e-01,-0.000000000000000000e+00,0.000000000000000000e+00,-0.000000000000000000e+00,-0.000000000000000000e+00,-0.000000000000000000e+00,-0.000000000000000000e+00,-0.000000000000000000e+00,2.060843006429440294e+00,0.000000000000000000e+00,-0.000000000000000000e+00,-1.529547382009076861e-01,-1.600022046400865483e-01,0.000000000000000000e+00,-0.000000000000000000e+00,-3.927801481751757584e-01,1.780136483745029252e-01,-0.000000000000000000e+00,-4.990190170745058967e-03,-0.000000000000000000e+00,-1.834258163934849584e-01,-0.000000000000000000e+00,-0.000000000000000000e+00,-2.167151275762316809e-01,0.000000000000000000e+00,-0.000000000000000000e+00,-0.000000000000000000e+00,-7.324827124148322599e-02,-7.279753817283368678e-02,-0.000000000000000000e+00,-0.000000000000000000e+00,-0.000000000000000000e+00,-0.000000000000000000e+00,-0.000000000000000000e+00,0.000000000000000000e+00,-4.874385387299639549e-01
0.000000000000000000e+00,0.000000000000000000e+00,-0.000000000000000000e+00,0.000000000000000000e+00,-0.000000000000000000e+00,-0.000000000000000000e+00,2.654515910719514871e-01,0.000000000000000000e+00,-0.000000000000000000e+00,0.000000000000000000e+00,0.000000000000000000e+00,0.000000000000000000e+00,1.110812509906441203e+00,0.000000000000000000e+00,-0.000000000000000000e+00,0.000000000000000000e+00,-0.000000000000000000e+00,-0.000000000000000000e+00,-0.000000000000000000e+00,2.934691884055711658e-02,-0.000000000000000000e+00,-0.000000000000000000e+00,0.000000000000000000e+00,-0.000000000000000000e+00,-0.000000000000000000e+00,-0.000000000000000000e+00,0.000000000000000000e+00,-0.000000000000000000e+00,-0.000000000000000000e+00,-0.000000000000000000e+00,-0.000000000000000000e+00,-0.000000000000000000e+00,-0.000000000000000000e+00,-2.235622416923423172e-01,0.000000000000000000e+00,1.674849758737911309e-01,0.000000000000000000e+00,-0.000000000000000000e+00,0.000000000000000000e+00
-0.000000000000000000e+00,-0.000000000000000000e+00,-4.523066473527325160e-01,-0.000000000000000000e+00,-3.129657863425597819e-01,-0.000000000000000000e+00,-0.000000000000000000e+00,3.792757931965027619e-03,-5.064688724794919050e-02,-0.000000000000000000e+00,-0.000000000000000000e+00,-0.000000000000000000e+00,0.000000000000000000e+00,2.592555364234208515e+00,-0.000000000000000000e+00,-0.000000000000000000e+00,0.000000000000000000e+00,-0.000000000000000000e+00,-0.000000000000000000e+00,-0.000000000000000000e+00,-0.000000000000000000e+00,-8.531322291254558876e-02,-3.981191509132148837e-02,-4.007125820992382126e-01,-0.000000000000000000e+00,-1.020532403944402894e-01,-5.455300947841440484e-02,-0.000000000000000000e+00,-2.678730303552847580e-01,-1.332698994564960118e-02,-5.003094433425778198e-02,-1.978953214471212974e-02,-4.288246676689320136e-01,-2.611410219800771038e-01,-5.477277363717455300e-02,-0.000000000000000000e+00,-1.770307012602843622e-01,0.000000000000000000e+00,-0.000000000000000000e+00
0.000000000000000000e+00,-0.000000000000000000e+00,-0.000000000000000000e+00,-3.985208969348614239e-01,-0.000000000000000000e+00,0.000000000000000000e+00,-0.000000000000000000e+00,-7.665798009347422892e-02,0.000000000000000000e+00,-0.000000000000000000e+00,-0.000000000000000000e+00,-1.529547382009076861e-01,-0.000000000000000000e+00,-0.000000000000000000e+00,1.665810942620627344e+00,-0.000000000000000000e+00,-0.000000000000000000e+00,-2.438503516061774901e-01,-1.847815645726893219e-01,0.000000000000000000e+00,-0.000000000000000000e+00,-0.000000000000000000e+00,-0.000000000000000000e+00,-3.730666584562172816e-02,-1.839076218103267990e-01,-1.134134471045713521e-01,-0.000000000000000000e+00,-6.315325560024331701e-03,-0.000000000000000000e+00,0.000000000000000000e+00,-0.000000000000000000e+00,-0.000000000000000000e+00,-0.000000000000000000e+00,-0.000000000000000000e+00,-0.000000000000000000e+00,0.000000000000000000e+00,0.000000000000000000e+00,-2.998060990729246034e-01,-0.000000000000000000e+00
-0.000000000000000000e+00,-0.000000000000000000e+00,-0.000000000000000000e+00,-0.000000000000000000e+00,-0.000000000000000000e+00,9.955380915242229012e-02,-0.000000000000000000e+00,-0.000000000000000000e+00,-0.000000000000000000e+00,-5.233132714623208726e-01,0.000000000000000000e+00,-1.600022046400865483e-01,0.000000000000000000e+00,-0.000000000000000000e+00,-0.000000000000000000e+00,1.770338989905553495e+00,-0.000000000000000000e+00,-5.243088299199905045e-01,-7.908706677658017270e-02,0.000000000000000000e+00,-0.000000000000000000e+00,-0.000000000000000000e+00,-2.249909013678715874e-01,-0.000000000000000000e+00,-1.140751032321291047e-02,-0.000000000000000000e+00,-0.000000000000000000e+00,-0.000000000000000000e+00,-1.539795635267070598e-02,-0.000000000000000000e+00,-0.000000000000000000e+00,-0.000000000000000000e+00,-0.000000000000000000e+00,-0.000000000000000000e+00,0.000000000000000000e+00,-0.000000000000000000e+00,0.000000000000000000e+00,-1.544755873351400244e-01,-1.917496941061382423e-02
0.000000000000000000e+00,9.382958270640848197e-02,0.000000000000000000e+00,-0.000000000000000000e+00,0.000000000000000000e+00,-1.223549517413384108e-01,0.000000000000000000e+00,-3.599946589012030518e-02,0.000000000000000000e+00,-0.000000000000000000e+00,-0.000000000000000000e+00,0.000000000000000000e+00,-0.000000000000000000e+00,0.000000000000000000e+00,-0.000000000000000000e+00,-0.000000000000000000e+00,1.081284893978741390e+00,-5.464122045863029076e-02,1.191420225488854234e-01,-9.277262509661137607e-03,0.000000000000000000e+00,0.000000000000000000e+00,-0.000000000000000000e+00,-0.000000000000000000e+00,-0.000000000000000000e+00,-0.000000000000000000e+00,0.000000000000000000e+00,-2.565406127635705413e-01,-0.000000000000000000e+00,2.795776951688384165e-02,0.000000000000000000e+00,0.000000000000000000e+00,-0.000000000000000000e+00,0.000000000000000000e+00,-0.000000000000000000e+00,0.000000000000000000e+00,0.000000000000000000e+00,-0.000000000000000000e+00,0.000000000000000000e+00
0.000000000000000000e+00,0.000000000000000000e+00,0.000000000000000000e+00,-3.833204962749144767e-02,0.000000000000000000e+00,0.000000000000000000e+00,0.000000000000000000e+00,-0.000000000000000000e+00,-0.000000000000000000e+00,-6.474721896955723532e-02,0.000000000000000000e+00,-0.000000000000000000e+00,-0.000000000000000000e+00,-0.000000000000000000e+00,-2.438503516061774901e-01,-5.243088299199905045e-01,-5.464122045863029076e-02,1.655901021383986649e+00,-2.998183278417444475e-01,0.000000000000000000e+00,-0.000000000000000000e+00,0.000000000000000000e+00,-0.000000000000000000e+00,-0.000000000000000000e+00,-1.243796306555334241e-01,-0.000000000000000000e+00,-0.000000000000000000e+00,-1.613148525859140203e-01,-0.000000000000000000e+00,0.000000000000000000e+00,-0.000000000000000000e+00,0.000000000000000000e+00,-0.000000000000000000e+00,-0.000000000000000000e+00,0.000000000000000000e+00,0.000000000000000000e+00,0.000000000000000000e+00,-1.447584843366695427e-02,-0.000000000000000000e+00
-0.000000000000000000e+00,-0.000000000000000000e+00,-0.000000000000000000e+00,-0.000000000000000000e+00,-0.000000000000000000e+00,0.000000000000000000e+00,-0.000000000000000000e+00,0.000000000000000000e+00,-0.000000000000000000e+00,-0.000000000000000000e+00,-0.000000000000000000e+00,-3.927801481751757584e-01,-0.000000000000000000e+00,-0.000000000000000000e+00,-1.847815645726893219e-01,-7.908706677658017270e-02,1.191420225488854234e-01,-2.998183278417444475e-01,1.828671494464702230e+00,0.000000000000000000e+00,-6.959279405463314472e-02,-1.649719282950495858e-01,-0.000000000000000000e+00,-0.000000000000000000e+00,-0.000000000000000000e+00,-0.000000000000000000e+00,-0.000000000000000000e+00,-0.000000000000000000e+00,-5.639763513653364702e-02,-0.000000000000000000e+00,-4.462447105213009912e-01,-0.000000000000000000e+00,-0.000000000000000000e+00,-0.000000000000000000e+00,-0.000000000000000000e+00,-0.000000000000000000e+00,-0.000000000000000000e+00,-0.000000000000000000e+00,-6.000355078208544773e-02
0.000000000000000000e+00,0.000000000000000000e+00,-0.000000000000000000e+00,-0.000000000000000000e+00,0.000000000000000000e+00,-0.000000000000000000e+00,-0.000000000000000000e+00,-0.000000000000000000e+00,0.000000000000000000e+00,-0.000000000000000000e+00,0.000000000000000000e+00,1.780136483745029252e-01,2.934691884055711658e-02,-0.000000000000000000e+00,0.000000000000000000e+00,0.000000000000000000e+00,-9.277262509661137607e-03,0.000000000000000000e+00,0.000000000000000000e+00,1.146211141305075953e+00,-0.000000000000000000e+00,0.000000000000000000e+00,0.000000000000000000e+00,0.000000000000000000e+00,-0.000000000000000000e+00,-0.000000000000000000e+00,0.000000000000000000e+00,-2.334763514813641416e-01,0.000000000000000000e+00,0.000000000000000000e+00,1.479674173481897170e-01,1.946859541177627106e-01,-0.000000000000000000e+00,0.000000000000000000e+00,0.000000000000000000e+00,-0.000000000000000000e+00,0.000000000000000000e+00,-0.000000000000000000e+00,0.000000000000000000e+00
0.000000000000000000e+00,-0.000000000000000000e+00,-3.561145316836646924e-01,-8.444806726005547881e-02,-1.926098278888082327e-01,0.000000000000000000e+00,-0.000000000000000000e+00,0.000000000000000000e+00,-0.000000000000000000e+00,-0.000000000000000000e+00,0.000000000000000000e+00,-0.000000000000000000e+00,-0.000000000000000000e+00,-0.000000000000000000e+00,-0.000000000000000000e+00,-0.000000000000000000e+00,0.000000000000000000e+00,-0.000000000000000000e+00,-6.959279405463314472e-02,-0.000000000000000000e+00,1.666360535792625885e+00,-7.481304053163075063e-02,-0.000000000000000000e+00,-1.587423165995506535e-01,-0.000000000000000000e+00,-8.181653310099312737e-02,-0.000000000000000000e+00,-2.958039486415215413e-01,-0.000000000000000000e+00,0.000000000000000000e+00,-5.177463033353564559e-02,-0.000000000000000000e+00,-3.248035493420849823e-02,-9.315092705193379896e-02,-0.000000000000000000e+00,0.000000000000000000e+00,0.000000000000000000e+00,-0.000000000000000000e+00,0.000000000000000000e+00
-0.000000000000000000e+00,-1.329243427267311761e-01,-1.036359504361541659e-02,-0.000000000000000000e+00,-0.000000000000000000e+00,-0.000000000000000000e+00,-0.000000000000000000e+00,0.000000000000000000e+00,-0.000000000000000000e+00,-0.000000000000000000e+00,-8.353782168357555549e-02,-4.990190170745058967e-03,-0.000000000000000000e+00,-8.531322291254558876e-02,-0.000000000000000000e+00,-0.000000000000000000e+00,0.000000000000000000e+00,0.000000000000000000e+00,-1.649719282950495858e-01,0.000000000000000000e+00,-7.481304053163075063e-02,1.908646792767000999e+00,-4.632163406036250708e-02,-0.000000000000000000e+00,-0.000000000000000000e+00,-0.000000000000000000e+00,-1.626830790050436959e-01,0.000000000000000000e+00,-3.276561650702094347e-02,-4.594953104691437695e-02,-2.102997339795755760e-01,-3.159935065665764320e-01,-0.000000000000000000e+00,-4.169726787364890636e-02,-3.360757200134128486e-01,-0.000000000000000000e+00,-1.361350584861934776e-01,0.000000000000000000e+00,-0.000000000000000000e+00
-0.000000000000000000e+00,-0.000000000000000000e+00,-0.000000000000000000e+00,-0.000000000000000000e+00,-0.000000000000000000e+00,-0.000000000000000000e+00,-0.000000000000000000e+00,0.000000000000000000e+00,-0.000000000000000000e+00,-0.000000000000000000e+00,-1.359483708124842039e-01,-0.000000000000000000e+00,0.000000000000000000e+00,-3.981191509132148837e-02,-0.000000000000000000e+00,-2.249909013678715874e-01,-0.000000000000000000e+00,-0.000000000000000000e+00,-0.000000000000000000e+00,0.000000000000000000e+00,-0.000000000000000000e+00,-4.632163406036250708e-02,1.268358122453556502e+00,-2.402025301521783507e-01,-0.000000000000000000e+00,-0.000000000000000000e+00,-4.823928043550726463e-02,0.000000000000000000e+00,-0.000000000000000000e+00,-0.000000000000000000e+00,-0.000000000000000000e+00,-0.000000000000000000e+00,-1.198206777168833725e-01,-0.000000000000000000e+00,0.000000000000000000e+00,-0.000000000000000000e+00,-0.000000000000000000e+00,0.000000000000000000e+00,-0.000000000000000000e+00
0.000000000000000000e+00,-0.000000000000000000e+00,-1.783280722016107323e-01,-0.000000000000000000e+00,-0.000000000000000000e+00,0.000000000000000000e+00,-0.000000000000000000e+00,0.000000000000000000e+00,-0.000000000000000000e+00,-9.233955456954366647e-02,-0.000000000000000000e+00,-1.834258163934849584e-01,-0.000000000000000000e+00,-4.007125820992382126e-01,-3.730666584562172816e-02,-0.000000000000000000e+00,-0.000000000000000000e+00,-0.000000000000000000e+00,-0.000000000000000000e+00,0.000000000000000000e+00,-1.587423165995506535e-01,-0.000000000000000000e+00,-2.402025301521783507e-01,2.028734903885525576e+00,-2.374658557579228113e-01,-0.000000000000000000e+00,-0.000000000000000000e+00,-0.000000000000000000e+00,-1.349303194077470514e-01,-0.000000000000000000e+00,-3.930982204438458749e-02,-0.000000000000000000e+00,-3.918441592099594084e-01,-1.085572954397964014e-03,-0.000000000000000000e+00,0.000000000000000000e+00,-0.000000000000000000e+00,-0.000000000000000000e+00,-0.000000000000000000e+00
0.000000000000000000e+00,0.000000000000000000e+00,-0.000000000000000000e+00,-1.343817272923105710e-01,-0.000000000000000000e+00,0.000000000000000000e+00,-0.000000000000000000e+00,-0.000000000000000000e+00,0.000000000000000000e+00,-5.298754250709920566e-01,-0.000000000000000000e+00,-0.000000000000000000e+00,-0.000000000000000000e+00,-0.000000000000000000e+00,-1.839076218103267990e-01,-1.140751032321291047e-02,-0.000000000000000000e+00,-1.243796306555334241e-01,-0.000000000000000000e+00,-0.000000000000000000e+00,-0.000000000000000000e+00,-0.000000000000000000e+00,-0.000000000000000000e+00,-2.374658557579228113e-01,1.813516780071255718e+00,-1.031087546041450399e-02,-0.000000000000000000e+00,-2.563154804517918661e-01,-0.000000000000000000e+00,-0.000000000000000000e+00,-0.000000000000000000e+00,-0.000000000000000000e+00,-1.425474594298629938e-01,-0.000000000000000000e+00,-1.023584423379067521e-01,0.000000000000000000e+00,0.000000000000000000e+00,-9.549114751058938866e-02,-1.283036977774314191e-02
-0.000000000000000000e+00,-0.000000000000000000e+00,-0.000000000000000000e+00,-0.000000000000000000e+00,-3.676721132030437780e-03,-0.000000000000000000e+00,-0.000000000000000000e+00,0.000000000000000000e+00,-0.000000000000000000e+00,-0.000000000000000000e+00,-0.000000000000000000e+00,-0.000000000000000000e+00,-0.000000000000000000e+00,-1.020532403944402894e-01,-1.134134471045713521e-01,-0.000000000000000000e+00,-0.000000000000000000e+00,-0.000000000000000000e+00,-0.000000000000000000e+00,-0.000000000000000000e+00,-8.181653310099312737e-02,-0.000000000000000000e+00,-0.000000000000000000e+00,-0.000000000000000000e+00,-1.031087546041450399e-02,1.757522279708333857e+00,-9.025135301058487269e-02,-2.667093580165396660e-01,-5.788870418113308824e-01,-3.175193702958658409e-02,-0.000000000000000000e+00,-0.000000000000000000e+00,-0.000000000000000000e+00,-7.501895136995838376e-02,-1.483784864121573122e-01,-0.000000000000000000e+00,-0.000000000000000000e+00,-1.511366835225553540e-01,-0.000000000000000000e+00
-0.000000000000000000e+00,-0.000000000000000000e+00,-0.000000000000000000e+00,-0.000000000000000000e+00,-0.000000000000000000e+00,-0.000000000000000000e+00,-1.114316052176616556e-01,0.000000000000000000e+00,-0.000000000000000000e+00,-0.000000000000000000e+00,-1.044552737601239512e-01,-2.167151275762316809e-01,0.000000000000000000e+00,-5.455300947841440484e-02,-0.000000000000000000e+00,-0.000000000000000000e+00,0.000000000000000000e+00,-0.000000000000000000e+00,-0.000000000000000000e+00,0.000000000000000000e+00,-0.000000000000000000e+00,-1.626830790050436959e-01,-4.823928043550726463e-02,-0.000000000000000000e+00,-0.000000000000000000e+00,-9.025135301058487269e-02,2.482597985764611437e+00,-0.000000000000000000e+00,-1.446815680856391728e-01,-0.000000000000000000e+00,-1.780642487329532064e-01,-3.231542229871274263e-01,-1.571178715931025593e-01,-0.000000000000000000e+00,-2.545882574073106697e-01,-0.000000000000000000e+00,-4.445502328238039591e-01,-0.000000000000000000e+00,-5.229798344044341851e-01
5.776746302545991002e-03,0.000000000000000000e+00,-0.000000000000000000e+00,-0.000000000000000000e+00,0.000000000000000000e+00,0.000000000000000000e+00,-0.000000000000000000e+00,-0.000000000000000000e+00,0.000000000000000000e+00,-0.000000000000000000e+00,0.000000000000000000e+00,0.000000000000000000e+00,-0.000000000000000000e+00,-0.000000000000000000e+00,-6.315325560024331701e-03,-0.000000000000000000e+00,-2.565406127635705413e-01,-1.613148525859140203e-01,-0.000000000000000000e+00,-2.334763514813641416e-01,-2.958039486415215413e-01,0.000000000000000000e+00,0.000000000000000000e+00,-0.000000000000000000e+00,-2.563154804517918661e-01,-2.667093580165396660e-01,-0.000000000000000000e+00,1.837454737363867663e+00,-0.000000000000000000e+00,0.000000000000000000e+00,-0.000000000000000000e+00,0.000000000000000000e+00,-3.445573144624549666e-01,-0.000000000000000000e+00,-0.000000000000000000e+00,0.000000000000000000e+00,0.000000000000000000e+00,-4.419693586065016611e-01,0.000000000000000000e+00
-0.000000000000000000e+00,-3.198512879756557070e-01,-0.000000000000000000e+00,-0.000000000000000000e+00,-1.569818837806066236e-01,-0.000000000000000000e+00,-0.000000000000000000e+00,0.000000000000000000e+00,-1.763763383851123939e-02,-0.000000000000000000e+00,-0.000000000000000000e+00,-0.000000000000000000e+00,-0.000000000000000000e+00,-2.678730303552847580e-01,-0.000000000000000000e+00,-1.539795635267070598e-02,-0.000000000000000000e+00,-0.000000000000000000e+00,-5.639763513653364702e-02,0.000000000000000000e+00,-0.000000000000000000e+00,-3.276561650702094347e-02,-0.000000000000000000e+00,-1.349303194077470514e-01,-0.000000000000000000e+00,-5.788870418113308824e-01,-1.446815680856391728e-01,-0.000000000000000000e+00,2.405630693105605733e+00,-0.000000000000000000e+00,-3.270390811580194124e-02,-5.490015697938046557e-01,-0.000000000000000000e+00,-3.714433428235430074e-02,-1.534875484523860918e-03,-1.366604487029658144e-01,-0.000000000000000000e+00,-0.000000000000000000e+00,-0.000000000000000000e+00
-9.511790755006672982e-02,-1.129282158632900490e-01,-0.000000000000000000e+00,0.000000000000000000e+00,-5.563875881722737254e-02,-0.000000000000000000e+00,0.000000000000000000e+00,1.863264525680494998e-01,-8.542976120691886388e-01,-0.000000000000000000e+00,-0.000000000000000000e+00,-0.000000000000000000e+00,-0.000000000000000000e+00,-1.332698994564960118e-02,0.000000000000000000e+00,-0.000000000000000000e+00,2.795776951688384165e-02,0.000000000000000000e+00,-0.000000000000000000e+00,0.000000000000000000e+00,0.000000000000000000e+00,-4.594953104691437695e-02,-0.000000000000000000e+00,-0.000000000000000000e+00,-0.000000000000000000e+00,-3.175193702958658409e-02,-0.000000000000000000e+00,0.000000000000000000e+00,-0.000000000000000000e+00,2.205632425612062963e+00,-0.000000000000000000e+00,-2.744661323317564849e-01,0.000000000000000000e+00,-3.098143261194641895e-01,0.000000000000000000e+00,-5.258750004367793857e-02,-0.000000000000000000e+00,-0.000000000000000000e+00,-0.000000000000000000e+00
-0.000000000000000000e+00,-0.000000000000000000e+00,-1.030407167682664410e-01,-0.000000000000000000e+00,-1.277124746357062579e-01,0.000000000000000000e+00,-0.000000000000000000e+00,0.000000000000000000e+00,-0.000000000000000000e+00,-0.000000000000000000e+00,-0.000000000000000000e+00,-7.324827124148322599e-02,-0.000000000000000000e+00,-5.003094433425778198e-02,-0.000000000000000000e+00,-0.000000000000000000e+00,0.000000000000000000e+00,-0.000000000000000000e+00,-4.462447105213009912e-01,1.479674173481897170e-01,-5.177463033353564559e-02,-2.102997339795755760e-01,-0.000000000000000000e+00,-3.930982204438458749e-02,-0.000000000000000000e+00,-0.000000000000000000e+00,-1.780642487329532064e-01,-0.000000000000000000e+00,-3.270390811580194124e-02,-0.000000000000000000e+00,1.931004590780018848e+00,-8.142902291278274196e-02,-0.000000000000000000e+00,-2.088791577491075080e-01,-0.000000000000000000e+00,-0.000000000000000000e+00,-0.000000000000000000e+00,-0.000000000000000000e+00,-1.858744658501375879e-01
-0.000000000000000000e+00,-3.927162966645688646e-01,-0.000000000000000000e+00,0.000000000000000000e+00,-1.901588896666458472e-01,-0.000000000000000000e+00,-0.000000000000000000e+00,0.000000000000000000e+00,-1.572589939485724009e-01,-0.000000000000000000e+00,-2.181584367299659044e-01,-7.279753817283368678e-02,-0.000000000000000000e+00,-1.978953214471212974e-02,-0.000000000000000000e+00,-0.000000000000000000e+00,0.000000000000000000e+00,0.000000000000000000e+00,-0.000000000000000000e+00,1.946859541177627106e-01,-0.000000000000000000e+00,-3.159935065665764320e-01,-0.000000000000000000e+00,-0.000000000000000000e+00,-0.000000000000000000e+00,-0.000000000000000000e+00,-3.231542229871274263e-01,0.000000000000000000e+00,-5.490015697938046557e-01,-2.744661323317564849e-01,-8.142902291278274196e-02,2.940501655303192408e+00,-0.000000000000000000e+00,-0.000000000000000000e+00,-0.000000000000000000e+00,-6.705132890492751518e-02,-3.070028313755488458e-01,0.000000000000000000e+00,-3.255012978179741556e-01
0.000000000000000000e+00,0.000000000000000000e+00,-0.000000000000000000e+00,-0.000000000000000000e+00,-0.000000000000000000e+00,-0.000000000000000000e+00,-0.000000000000000000e+00,0.000000000000000000e+00,0.000000000000000000e+00,-0.000000000000000000e+00,-0.000000000000000000e+00,-0.000000000000000000e+00,-0.000000000000000000e+00,-4.288246676689320136e-01,-0.000000000000000000e+00,-0.000000000000000000e+00,-0.000000000000000000e+00,-0.000000000000000000e+00,-0.000000000000000000e+00,-0.000000000000000000e+00,-3.248035493420849823e-02,-0.000000000000000000e+00,-1.198206777168833725e-01,-3.918441592099594084e-01,-1.425474594298629938e-01,-0.000000000000000000e+00,-1.571178715931025593e-01,-3.445573144624549666e-01,-0.000000000000000000e+00,0.000000000000000000e+00,-0.000000000000000000e+00,-0.000000000000000000e+00,1.951045409982667955e+00,-0.000000000000000000e+00,-3.054152201747681872e-01,0.000000000000000000e+00,-0.000000000000000000e+00,0.000000000000000000e+00,-0.000000000000000000e+00
-0.000000000000000000e+00,-0.000000000000000000e+00,-5.140521299144480416e-01,0.000000000000000000e+00,-4.500855773212578681e-01,0.000000000000000000e+00,-0.000000000000000000e+00,1.934709729154117097e-01,-6.441744849175289334e-01,-0.000000000000000000e+00,0.000000000000000000e+00,-0.000000000000000000e+00,-2.235622416923423172e-01,-2.611410219800771038e-01,-0.000000000000000000e+00,-0.000000000000000000e+00,0.000000000000000000e+00,-0.000000000000000000e+00,-0.000000000000000000e+00,0.000000000000000000e+00,-9.315092705193379896e-02,-4.169726787364890636e-02,-0.000000000000000000e+00,-1.085572954397964014e-03,-0.000000000000000000e+00,-7.501895136995838376e-02,-0.000000000000000000e+00,-0.000000000000000000e+00,-3.714433428235430074e-02,-3.098143261194641895e-01,-2.088791577491075080e-01,-0.000000000000000000e+00,-0.000000000000000000e+00,2.768779758879602593e+00,-0.000000000000000000e+00,-0.000000000000000000e+00,-0.000000000000000000e+00,-0.000000000000000000e+00,-0.000000000000000000e+00
0.000000000000000000e+00,-0.000000000000000000e+00,-0.000000000000000000e+00,-4.438368616048218862e-02,-0.000000000000000000e+00,-0.000000000000000000e+00,-0.000000000000000000e+00,-0.000000000000000000e+00,0.000000000000000000e+00,-0.000000000000000000e+00,-1.439068930834610516e-01,-0.000000000000000000e+00,0.000000000000000000e+00,-5.477277363717455300e-02,-0.000000000000000000e+00,0.000000000000000000e+00,-0.000000000000000000e+00,0.000000000000000000e+00,-0.000000000000000000e+00,0.000000000000000000e+00,-0.000000000000000000e+00,-3.360757200134128486e-01,0.000000000000000000e+00,-0.000000000000000000e+00,-1.023584423379067521e-01,-1.483784864121573122e-01,-2.545882574073106697e-01,-0.000000000000000000e+00,-1.534875484523860918e-03,0.000000000000000000e+00,-0.000000000000000000e+00,-0.000000000000000000e+00,-3.054152201747681872e-01,-0.000000000000000000e+00,1.611698636128078954e+00,-0.000000000000000000e+00,-3.206312606049826347e-02,0.000000000000000000e+00,-0.000000000000000000e+00
-3.508367780686829085e-01,-5.772771468105972748e-01,-0.000000000000000000e+00,-0.000000000000000000e+00,-0.000000000000000000e+00,-0.000000000000000000e+00,-2.862292317632259692e-02,0.000000000000000000e+00,-0.000000000000000000e+00,-0.000000000000000000e+00,-1.137069991925618168e-01,-0.000000000000000000e+00,1.674849758737911309e-01,-0.000000000000000000e+00,0.000000000000000000e+00,-0.000000000000000000e+00,0.000000000000000000e+00,0.000000000000000000e+00,-0.000000000000000000e+00,-0.000000000000000000e+00,0.000000000000000000e+00,-0.000000000000000000e+00,-0.000000000000000000e+00,0.000000000000000000e+00,0.000000000000000000e+00,-0.000000000000000000e+00,-0.000000000000000000e+00,0.000000000000000000e+00,-1.366604487029658144e-01,-5.258750004367793857e-02,-0.000000000000000000e+00,-6.705132890492751518e-02,0.000000000000000000e+00,-0.000000000000000000e+00,-0.000000000000000000e+00,1.768836572392753048e+00,-1.457481666457235980e-01,0.000000000000000000e+00,-0.000000000000000000e+00
-0.000000000000000000e+00,-3.254907578594358197e-01,-0.000000000000000000e+00,0.000000000000000000e+00,-0.000000000000000000e+00,-2.095917246427902655e-02,-0.000000000000000000e+00,0.000000000000000000e+00,-0.000000000000000000e+00,0.000000000000000000e+00,-0.000000000000000000e+00,-0.000000000000000000e+00,0.000000000000000000e+00,-1.770307012602843622e-01,0.000000000000000000e+00,0.000000000000000000e+00,0.000000000000000000e+00,0.000000000000000000e+00,-0.000000000000000000e+00,0.000000000000000000e+00,0.000000000000000000e+00,-1.361350584861934776e-01,-0.000000000000000000e+00,-0.000000000000000000e+00,0.000000000000000000e+00,-0.000000000000000000e+00,-4.445502328238039591e-01,0.000000000000000000e+00,-0.000000000000000000e+00,-0.000000000000000000e+00,-0.000000000000000000e+00,-3.070028313755488458e-01,-0.000000000000000000e+00,-0.000000000000000000e+00,-3.206312606049826347e-02,-1.457481666457235980e-01,1.824736960004045283e+00,4.353723671287397512e-02,-0.000000000000000000e+00
-0.000000000000000000e+00,-0.000000000000000000e+00,-0.000000000000000000e+00,-1.146170908570331437e-01,-0.000000000000000000e+00,4.597349458890008511e-02,-0.000000000000000000e+00,-0.000000000000000000e+00,-0.000000000000000000e+00,-0.000000000000000000e+00,2.432094498244239400e-01,0.000000000000000000e+00,-0.000000000000000000e+00,0.000000000000000000e+00,-2.998060990729246034e-01,-1.544755873351400244e-01,-0.000000000000000000e+00,-1.447584843366695427e-02,-0.000000000000000000e+00,-0.000000000000000000e+00,-0.000000000000000000e+00,0.000000000000000000e+00,0.000000000000000000e+00,-0.000000000000000000e+00,-9.549114751058938866e-02,-1.511366835225553540e-01,-0.000000000000000000e+00,-4.419693586065016611e-01,-0.000000000000000000e+00,-0.000000000000000000e+00,-0.000000000000000000e+00,0.000000000000000000e+00,0.000000000000000000e+00,-0.000000000000000000e+00,0.000000000000000000e+00,0.000000000000000000e+00,4.353723671287397512e-02,1.521106233489041060e+00,-0.000000000000000000e+00
-0.000000000000000000e+00,-0.000000000000000000e+00,-0.000000000000000000e+00,-0.000000000000000000e+00,-0.000000000000000000e+00,-0.000000000000000000e+00,-0.000000000000000000e+00,0.000000000000000000e+00,-0.000000000000000000e+00,-0.000000000000000000e+00,-5.655158085369795667e-02,-4.874385387299639549e-01,0.000000000000000000e+00,-0.000000000000000000e+00,-0.000000000000000000e+00,-1.917496941061382423e-02,0.000000000000000000e+00,-0.000000000000000000e+00,-6.000355078208544773e-02,0.000000000000000000e+00,0.000000000000000000e+00,-0.000000000000000000e+00,-0.000000000000000000e+00,-0.000000000000000000e+00,-1.283036977774314191e-02,-0.000000000000000000e+00,-5.229798344044341851e-01,0.000000000000000000e+00,-0.000000000000000000e+00,-0.000000000000000000e+00,-1.858744658501375879e-01,-3.255012978179741556e-01,-0.000000000000000000e+00,-0.000000000000000000e+00,-0.000000000000000000e+00,-0.000000000000000000e+00,-0.000000000000000000e+00,-0.000000000000000000e+00,1.904466893834069197e+00
