1.242605858693144327e+00,-3.289035241491094497e-01,-0.000000000000000000e+00,-0.000000000000000000e+00,-8.092914831315337065e-02,0.000000000000000000e+00,0.000000000000000000e+00,0.000000000000000000e+00,-3.180991063017570702e-02,-0.000000000000000000e+00,0.000000000000000000e+00,-0.000000000000000000e+00,-0.000000000000000000e+00,-1.075925984118956680e-01,-0.000000000000000000e+00,-0.000000000000000000e+00,0.000000000000000000e+00,-0.000000000000000000e+00,-0.000000000000000000e+00,0.000000000000000000e+00,0.000000000000000000e+00,0.000000000000000000e+00,-1.571322531294191277e-02,-0.000000000000000000e+00,-9.607494293367555005e-02,-0.000000000000000000e+00,0.000000000000000000e+00,0.000000000000000000e+00,-1.765449205923944886e-01,-1.259218242858293202e-01,0.000000000000000000e+00,-3.595879067030921354e-04,0.000000000000000000e+00,-0.000000000000000000e+00,0.000000000000000000e+00,0.000000000000000000e+00,0.000000000000000000e+00,-5.792432407847059039e-02,-4.163370449515089652e-03
-3.289035241491094497e-01,1.405601389412394209e+00,0.000000000000000000e+00,-1.951442493717358770e-02,-0.000000000000000000e+00,1.304624138334617087e-02,0.000000000000000000e+00,0.000000000000000000e+00,-1.113871616554185234e-01,-0.000000000000000000e+00,0.000000000000000000e+00,-0.000000000000000000e+00,-0.000000000000000000e+00,-7.460444292610386718e-02,-0.000000000000000000e+00,0.000000000000000000e+00,0.000000000000000000e+00,-8.763428843834522586e-02,-1.020060127000406436e-01,1.045393186408605582e-02,0.000000000000000000e+00,0.000000000000000000e+00,-6.895442493134015804e-02,-6.740661614938282808e-02,-0.000000000000000000e+00,0.000000000000000000e+00,0.000000000000000000e+00,0.000000000000000000e+00,-0.000000000000000000e+00,-0.000000000000000000e+00,0.000000000000000000e+00,-6.995237794997331837e-02,0.000000000000000000e+00,-0.000000000000000000e+00,0.000000000000000000e+00,0.000000000000000000e+00,0.000000000000000000e+00,-1.600992553915493999e-01,-1.711141077317529235e-01
-0.000000000000000000e+00,0.000000000000000000e+00,1.283357590183889396e+00,0.000000000000000000e+00,-0.000000000000000000e+00,-0.000000000000000000e+00,-0.000000000000000000e+00,3.793817630547974828e-01,0.000000000000000000e+00,-3.947600727326772835e-02,-0.000000000000000000e+00,-0.000000000000000000e+00,3.659541459184261457e-03,-0.000000000000000000e+00,0.000000000000000000e+00,-7.749466807325174067e-02,-0.000000000000000000e+00,0.000000000000000000e+00,0.000000000000000000e+00,-0.000000000000000000e+00,-0.000000000000000000e+00,-0.000000000000000000e+00,0.000000000000000000e+00,0.000000000000000000e+00,0.000000000000000000e+00,-9.755290583383077752e-02,-6.416043644656888034e-02,-0.000000000000000000e+00,-0.000000000000000000e+00,-0.000000000000000000e+00,-9.639203354009948793e-03,0.000000000000000000e+00,-2.994838637662854408e-01,-0.000000000000000000e+00,-0.000000000000000000e+00,-0.000000000000000000e+00,-0.000000000000000000e+00,0.000000000000000000e+00,0.000000000000000000e+00
-0.000000000000000000e+00,-1.951442493717358770e-02,0.000000000000000000e+00,1.452609965930218738e+00,-0.000000000000000000e+00,1.058958173868834174e-01,0.000000000000000000e+00,-0.000000000000000000e+00,-1.224468874767382365e-01,0.000000000000000000e+00,7.057700285700244103e-02,-0.000000000000000000e+00,-1.733267506718872905e-02,-0.000000000000000000e+00,-7.961937006334153522e-02,0.000000000000000000e+00,6.838028228928309804e-02,-1.059535253638944630e-01,-4.115860661197733028e-02,8.539181314540090009e-03,3.322081780224143271e-02,0.000000000000000000e+00,-1.354334221836799856e-01,-0.000000000000000000e+00,-0.000000000000000000e+00,0.000000000000000000e+00,0.000000000000000000e+00,2.076539162844537323e-02,-0.000000000000000000e+00,-0.000000000000000000e+00,8.770624434856625837e-03,-8.058509490224512184e-02,0.000000000000000000e+00,-1.734935328502843210e-01,5.748397966008938348e-02,7.052748249371357248e-02,2.802669769272165753e-02,-6.034186870640539241e-02,-7.133560635162020103e-02
-8.092914831315337065e-02,-0.000000000000000000e+00,-0.000000000000000000e+00,-0.000000000000000000e+00,1.193789380719539217e+00,0.000000000000000000e+00,0.000000000000000000e+00,3.495974823595363740e-02,-0.000000000000000000e+00,-0.000000000000000000e+00,0.000000000000000000e+00,-1.610864287541078146e-02,-0.000000000000000000e+00,-2.405289388502542813e-01,-0.000000000000000000e+00,-0.000000000000000000e+00,0.000000000000000000e+00,-0.000000000000000000e+00,-0.000000000000000000e+00,0.000000000000000000e+00,0.000000000000000000e+00,0.000000000000000000e+00,-0.000000000000000000e+00,-0.000000000000000000e+00,-0.000000000000000000e+00,-0.000000000000000000e+00,0.000000000000000000e+00,0.000000000000000000e+00,-0.000000000000000000e+00,-2.147096198791334787e-01,0.000000000000000000e+00,-0.000000000000000000e+00,-0.000000000000000000e+00,-2.689820718355286910e-01,0.000000000000000000e+00,0.000000000000000000e+00,0.000000000000000000e+00,-0.000000000000000000e+00,-0.000000000000000000e+00
0.000000000000000000e+00,1.304624138334617087e-02,-0.000000000000000000e+00,1.058958173868834174e-01,0.000000000000000000e+00,1.512613561160031539e+00,-0.000000000000000000e+00,0.000000000000000000e+00,1.109095261961240003e-01,-0.000000000000000000e+00,-1.711197724185858360e-01,0.000000000000000000e+00,1.306955834937249816e-02,0.000000000000000000e+00,6.502018207566838404e-02,-0.000000000000000000e+00,-1.455621882602919359e-01,8.005560391465249559e-02,6.685205402510771729e-03,-3.388061530331304416e-02,-4.276071986311431872e-02,-1.830219647088863685e-02,4.942200792172147389e-02,0.000000000000000000e+00,0.000000000000000000e+00,-0.000000000000000000e+00,-2.224437999271328820e-02,-4.976929216898215436e-02,0.000000000000000000e+00,0.000000000000000000e+00,-3.108196461834612095e-02,0.000000000000000000e+00,-0.000000000000000000e+00,2.377125114105239218e-02,-1.076862289079039137e-01,-1.089616825295625785e-01,-1.148848276864923995e-01,5.438443335722340649e-02,6.654583549093191774e-02
0.000000000000000000e+00,0.000000000000000000e+00,-0.000000000000000000e+00,0.000000000000000000e+00,0.000000000000000000e+00,-0.000000000000000000e+00,1.000000000000000222e+00,0.000000000000000000e+00,0.000000000000000000e+00,-0.000000000000000000e+00,-0.000000000000000000e+00,-0.000000000000000000e+00,0.000000000000000000e+00,0.000000000000000000e+00,0.000000000000000000e+00,-0.000000000000000000e+00,-0.000000000000000000e+00,0.000000000000000000e+00,0.000000000000000000e+00,-0.000000000000000000e+00,-0.000000000000000000e+00,-0.000000000000000000e+00,0.000000000000000000e+00,0.000000000000000000e+00,0.000000000000000000e+00,-0.000000000000000000e+00,-0.000000000000000000e+00,-0.000000000000000000e+00,0.000000000000000000e+00,0.000000000000000000e+00,-0.000000000000000000e+00,0.000000000000000000e+00,-0.000000000000000000e+00,0.000000000000000000e+00,-0.000000000000000000e+00,-0.000000000000000000e+00,-0.000000000000000000e+00,0.000000000000000000e+00,0.000000000000000000e+00
0.000000000000000000e+00,0.000000000000000000e+00,3.793817630547974828e-01,-0.000000000000000000e+00,3.495974823595363740e-02,0.000000000000000000e+00,0.000000000000000000e+00,1.165133089781353437e+00,-0.000000000000000000e+00,1.546134309150755670e-01,0.000000000000000000e+00,0.000000000000000000e+00,-0.000000000000000000e+00,0.000000000000000000e+00,-0.000000000000000000e+00,1.913075477897839549e-02,0.000000000000000000e+00,-0.000000000000000000e+00,-0.000000000000000000e+00,0.000000000000000000e+00,0.000000000000000000e+00,0.000000000000000000e+00,-0.000000000000000000e+00,0.000000000000000000e+00,0.000000000000000000e+00,0.000000000000000000e+00,0.000000000000000000e+00,0.000000000000000000e+00,0.000000000000000000e+00,0.000000000000000000e+00,0.000000000000000000e+00,-0.000000000000000000e+00,0.000000000000000000e+00,0.000000000000000000e+00,0.000000000000000000e+00,0.000000000000000000e+00,0.000000000000000000e+00,-0.000000000000000000e+00,-0.000000000000000000e+00
-3.180991063017570702e-02,-1.113871616554185234e-01,0.000000000000000000e+00,-1.224468874767382365e-01,-0.000000000000000000e+00,1.109095261961240003e-01,0.000000000000000000e+00,-0.000000000000000000e+00,1.612839194321794567e+00,0.000000000000000000e+00,5.978526190919630084e-02,-0.000000000000000000e+00,-1.938659261523844116e-02,-0.000000000000000000e+00,-8.223170406120582088e-02,0.000000000000000000e+00,4.029961495614777650e-02,-1.218196081388103619e-01,-9.849432615351459697e-02,7.893998747084920997e-02,6.452960542378362307e-02,4.934936733119849039e-02,-1.251882059542346048e-01,-6.157950389134021069e-02,-0.000000000000000000e+00,0.000000000000000000e+00,0.000000000000000000e+00,2.309771280697448317e-02,-0.000000000000000000e+00,-0.000000000000000000e+00,2.466993661159889994e-02,-9.769575028184547538e-02,0.000000000000000000e+00,-1.188028831409079084e-01,5.267746507067012224e-02,7.564063938481368349e-03,0.000000000000000000e+00,-1.105107843619519276e-01,-1.058932837453085002e-01
-0.000000000000000000e+00,-0.000000000000000000e+00,-3.947600727326772835e-02,0.000000000000000000e+00,-0.000000000000000000e+00,-0.000000000000000000e+00,-0.000000000000000000e+00,1.546134309150755670e-01,0.000000000000000000e+00,1.185716401342323145e+00,-0.000000000000000000e+00,-0.000000000000000000e+00,0.000000000000000000e+00,-0.000000000000000000e+00,0.000000000000000000e+00,-3.230198331476289431e-01,-0.000000000000000000e+00,0.000000000000000000e+00,0.000000000000000000e+00,-0.000000000000000000e+00,-0.000000000000000000e+00,-0.000000000000000000e+00,0.000000000000000000e+00,0.000000000000000000e+00,-0.000000000000000000e+00,-1.356130457023609071e-01,-0.000000000000000000e+00,-0.000000000000000000e+00,-0.000000000000000000e+00,-1.095347795260100121e-01,-0.000000000000000000e+00,0.000000000000000000e+00,-0.000000000000000000e+00,0.000000000000000000e+00,-0.000000000000000000e+00,-0.000000000000000000e+00,-0.000000000000000000e+00,0.000000000000000000e+00,0.000000000000000000e+00
0.000000000000000000e+00,0.000000000000000000e+00,-0.000000000000000000e+00,7.057700285700244103e-02,0.000000000000000000e+00,-1.711197724185858360e-01,-0.000000000000000000e+00,0.000000000000000000e+00,5.978526190919630084e-02,-0.000000000000000000e+00,1.516391930475011529e+00,0.000000000000000000e+00,1.675805810299696094e-02,0.000000000000000000e+00,7.694090742556955465e-02,-0.000000000000000000e+00,-1.880693247611196217e-01,6.143937875804107024e-02,2.312664912448816890e-02,-4.294000319418794093e-02,-3.581469667575890026e-02,-3.411192284600589320e-02,1.174586845502091637e-02,0.000000000000000000e+00,0.000000000000000000e+00,-4.382105006944021081e-02,-9.531920329777014700e-02,-8.432693640939048496e-02,0.000000000000000000e+00,0.000000000000000000e+00,-5.435764660006905252e-02,0.000000000000000000e+00,-0.000000000000000000e+00,0.000000000000000000e+00,-1.128141394271394843e-01,-7.429347479536781151e-02,-1.251135834255249213e-01,0.000000000000000000e+00,4.222030129752232103e-02
-0.000000000000000000e+00,-0.000000000000000000e+00,-0.000000000000000000e+00,-0.000000000000000000e+00,-1.610864287541078146e-02,0.000000000000000000e+00,-0.000000000000000000e+00,0.000000000000000000e+00,-0.000000000000000000e+00,-0.000000000000000000e+00,0.000000000000000000e+00,1.006209361750806774e+00,-0.000000000000000000e+00,-0.000000000000000000e+00,-0.000000000000000000e+00,0.000000000000000000e+00,0.000000000000000000e+00,-0.000000000000000000e+00,-0.000000000000000000e+00,0.000000000000000000e+00,0.000000000000000000e+00,0.000000000000000000e+00,-0.000000000000000000e+00,-0.000000000000000000e+00,-0.000000000000000000e+00,0.000000000000000000e+00,0.000000000000000000e+00,0.000000000000000000e+00,-0.000000000000000000e+00,-0.000000000000000000e+00,0.000000000000000000e+00,-0.000000000000000000e+00,-0.000000000000000000e+00,-6.081329665608758289e-02,0.000000000000000000e+00,0.000000000000000000e+00,0.000000000000000000e+00,-0.000000000000000000e+00,-3.067874738319343458e-02
-0.000000000000000000e+00,-0.000000000000000000e+00,3.659541459184261457e-03,-1.733267506718872905e-02,-0.000000000000000000e+00,1.306955834937249816e-02,0.000000000000000000e+00,-0.000000000000000000e+00,-1.938659261523844116e-02,0.000000000000000000e+00,1.675805810299696094e-02,-0.000000000000000000e+00,1.538790788138254317e+00,-0.000000000000000000e+00,-4.178863886357821189e-02,0.000000000000000000e+00,4.297705343001503864e-02,-4.377299440616320980e-02,-4.147528044202088149e-02,1.045208635548719178e-01,1.418850798797089419e-01,1.336262739059918547e-01,-1.854324901091409725e-02,-0.000000000000000000e+00,-0.000000000000000000e+00,3.547871266071168928e-02,1.214181766143145463e-01,1.338765629585640937e-01,-0.000000000000000000e+00,0.000000000000000000e+00,1.653537313169342882e-01,-4.439516390884450797e-02,8.801907615393168849e-02,-0.000000000000000000e+00,8.520281227638649979e-02,8.701848507708070946e-02,5.919862608639313295e-02,-3.550208711101316555e-02,-0.000000000000000000e+00
-1.075925984118956680e-01,-7.460444292610386718e-02,-0.000000000000000000e+00,-0.000000000000000000e+00,-2.405289388502542813e-01,0.000000000000000000e+00,0.000000000000000000e+00,0.000000000000000000e+00,-0.000000000000000000e+00,-0.000000000000000000e+00,0.000000000000000000e+00,-0.000000000000000000e+00,-0.000000000000000000e+00,1.131608663823580718e+00,-0.000000000000000000e+00,-0.000000000000000000e+00,0.000000000000000000e+00,-0.000000000000000000e+00,-0.000000000000000000e+00,0.000000000000000000e+00,0.000000000000000000e+00,0.000000000000000000e+00,-0.000000000000000000e+00,-1.887429729425567360e-01,-0.000000000000000000e+00,-0.000000000000000000e+00,0.000000000000000000e+00,0.000000000000000000e+00,-0.000000000000000000e+00,-0.000000000000000000e+00,0.000000000000000000e+00,-0.000000000000000000e+00,-0.000000000000000000e+00,-0.000000000000000000e+00,0.000000000000000000e+00,0.000000000000000000e+00,0.000000000000000000e+00,-0.000000000000000000e+00,-0.000000000000000000e+00
-0.000000000000000000e+00,-0.000000000000000000e+00,0.000000000000000000e+00,-7.961937006334153522e-02,-0.000000000000000000e+00,6.502018207566838404e-02,0.000000000000000000e+00,-0.000000000000000000e+00,-8.223170406120582088e-02,0.000000000000000000e+00,7.694090742556955465e-02,-0.000000000000000000e+00,-4.178863886357821189e-02,-0.000000000000000000e+00,1.433894980848064105e+00,0.000000000000000000e+00,1.136060611939985615e-01,-8.253139215472922452e-02,-1.238261957220737203e-01,6.938731050290966552e-04,5.268382803656326135e-02,6.790410434228054751e-03,-4.425859990200603500e-02,-0.000000000000000000e+00,-0.000000000000000000e+00,0.000000000000000000e+00,0.000000000000000000e+00,3.873278815300158079e-02,-0.000000000000000000e+00,-0.000000000000000000e+00,5.864968590709083995e-02,-0.000000000000000000e+00,0.000000000000000000e+00,-1.871688379001944236e-02,6.820854167158989234e-02,2.526005004143721047e-02,7.071062882137761629e-02,-1.170565008122389783e-01,-1.069644934121002228e-01
-0.000000000000000000e+00,0.000000000000000000e+00,-7.749466807325174067e-02,0.000000000000000000e+00,-0.000000000000000000e+00,-0.000000000000000000e+00,-0.000000000000000000e+00,1.913075477897839549e-02,0.000000000000000000e+00,-3.230198331476289431e-01,-0.000000000000000000e+00,0.000000000000000000e+00,0.000000000000000000e+00,-0.000000000000000000e+00,0.000000000000000000e+00,1.311736234653105404e+00,-3.290743645659801458e-02,0.000000000000000000e+00,0.000000000000000000e+00,-0.000000000000000000e+00,-0.000000000000000000e+00,-0.000000000000000000e+00,0.000000000000000000e+00,0.000000000000000000e+00,-0.000000000000000000e+00,-2.154360756082872863e-01,-1.217738195445741967e-01,-0.000000000000000000e+00,-0.000000000000000000e+00,-0.000000000000000000e+00,-6.212278026795514543e-05,0.000000000000000000e+00,-4.130391863913671253e-03,0.000000000000000000e+00,-3.188002945147330302e-03,-1.746383232357819615e-01,-9.086648415924414302e-02,0.000000000000000000e+00,0.000000000000000000e+00
0.000000000000000000e+00,0.000000000000000000e+00,-0.000000000000000000e+00,6.838028228928309804e-02,0.000000000000000000e+00,-1.455621882602919359e-01,-0.000000000000000000e+00,0.000000000000000000e+00,4.029961495614777650e-02,-0.000000000000000000e+00,-1.880693247611196217e-01,0.000000000000000000e+00,4.297705343001503864e-02,0.000000000000000000e+00,1.136060611939985615e-01,-3.290743645659801458e-02,1.492554230245562996e+00,5.430683853898267410e-02,1.269795750039189215e-02,-2.869791181408756428e-02,-3.931238191556617884e-02,-0.000000000000000000e+00,0.000000000000000000e+00,0.000000000000000000e+00,0.000000000000000000e+00,-4.064373849910308395e-02,-6.336324150096636632e-02,-8.153659295588668032e-02,0.000000000000000000e+00,0.000000000000000000e+00,-4.915823600479608119e-02,0.000000000000000000e+00,-0.000000000000000000e+00,0.000000000000000000e+00,-1.088745369527152063e-01,-4.703967196045765603e-02,-1.646632931611606843e-01,2.022125385475472773e-04,6.094458329024519255e-02
-0.000000000000000000e+00,-8.763428843834522586e-02,0.000000000000000000e+00,-1.059535253638944630e-01,-0.000000000000000000e+00,8.005560391465249559e-02,0.000000000000000000e+00,-0.000000000000000000e+00,-1.218196081388103619e-01,0.000000000000000000e+00,6.143937875804107024e-02,-0.000000000000000000e+00,-4.377299440616320980e-02,-0.000000000000000000e+00,-8.253139215472922452e-02,0.000000000000000000e+00,5.430683853898267410e-02,1.602534518960343934e+00,-1.332942547299717229e-01,7.967752928190779960e-02,6.838794984401806720e-02,5.433330874460566562e-02,-1.030273654257279209e-01,-9.397415854103785549e-02,-0.000000000000000000e+00,0.000000000000000000e+00,0.000000000000000000e+00,3.742059847296387576e-02,-0.000000000000000000e+00,-0.000000000000000000e+00,3.479164447530665172e-02,-5.287029810137322539e-02,0.000000000000000000e+00,-6.906321127312159414e-02,6.417347539626841457e-02,0.000000000000000000e+00,1.375504361253752743e-02,-1.123808931907754466e-01,-1.123643667626917919e-01
-0.000000000000000000e+00,-1.020060127000406436e-01,0.000000000000000000e+00,-4.115860661197733028e-02,-0.000000000000000000e+00,6.685205402510771729e-03,0.000000000000000000e+00,-0.000000000000000000e+00,-9.849432615351459697e-02,0.000000000000000000e+00,2.312664912448816890e-02,-0.000000000000000000e+00,-4.147528044202088149e-02,-0.000000000000000000e+00,-1.238261957220737203e-01,0.000000000000000000e+00,1.269795750039189215e-02,-1.332942547299717229e-01,1.547650469987213118e+00,8.158309065391014525e-02,8.319129777615097421e-02,8.652118604828135107e-02,-7.418090745327524105e-02,-1.336357209130341894e-01,-0.000000000000000000e+00,0.000000000000000000e+00,0.000000000000000000e+00,4.635076713582048091e-02,-0.000000000000000000e+00,-0.000000000000000000e+00,3.680237857284832798e-02,-5.605176471944435523e-02,0.000000000000000000e+00,-0.000000000000000000e+00,4.544655015775475593e-02,0.000000000000000000e+00,0.000000000000000000e+00,-1.396508599169052345e-01,-1.527555370206745144e-01
0.000000000000000000e+00,1.045393186408605582e-02,-0.000000000000000000e+00,8.539181314540090009e-03,0.000000000000000000e+00,-3.388061530331304416e-02,-0.000000000000000000e+00,0.000000000000000000e+00,7.893998747084920997e-02,-0.000000000000000000e+00,-4.294000319418794093e-02,0.000000000000000000e+00,1.045208635548719178e-01,0.000000000000000000e+00,6.938731050290966552e-04,-0.000000000000000000e+00,-2.869791181408756428e-02,7.967752928190779960e-02,8.158309065391014525e-02,1.498868838221548483e+00,-1.246463452209140704e-01,-1.435359938376531974e-01,2.634211450933825888e-02,3.464637916146562358e-02,0.000000000000000000e+00,-0.000000000000000000e+00,-2.446194409670185768e-02,-1.178610984084087349e-01,0.000000000000000000e+00,0.000000000000000000e+00,-1.042026055476044794e-01,5.461921065122351399e-02,-0.000000000000000000e+00,0.000000000000000000e+00,-7.674474154014074290e-02,-6.371811371690684319e-04,-4.945780427840369003e-02,9.670294839927094654e-02,6.942150519703600697e-02
0.000000000000000000e+00,0.000000000000000000e+00,-0.000000000000000000e+00,3.322081780224143271e-02,0.000000000000000000e+00,-4.276071986311431872e-02,-0.000000000000000000e+00,0.000000000000000000e+00,6.452960542378362307e-02,-0.000000000000000000e+00,-3.581469667575890026e-02,0.000000000000000000e+00,1.418850798797089419e-01,0.000000000000000000e+00,5.268382803656326135e-02,-0.000000000000000000e+00,-3.931238191556617884e-02,6.838794984401806720e-02,8.319129777615097421e-02,-1.246463452209140704e-01,1.593295991227021258e+00,-1.514092275923889785e-01,6.260883446196616187e-02,0.000000000000000000e+00,0.000000000000000000e+00,-0.000000000000000000e+00,-7.284062342255599731e-02,-1.306839569410462309e-01,0.000000000000000000e+00,0.000000000000000000e+00,-1.348407103564201459e-01,6.197914175468930559e-02,-1.241218906088907559e-02,0.000000000000000000e+00,-6.946620041642410925e-02,-4.681727833325542709e-02,-3.331393667997363528e-02,7.398181955205446192e-02,4.634024911393937185e-02
0.000000000000000000e+00,0.000000000000000000e+00,-0.000000000000000000e+00,0.000000000000000000e+00,0.000000000000000000e+00,-1.830219647088863685e-02,-0.000000000000000000e+00,0.000000000000000000e+00,4.934936733119849039e-02,-0.000000000000000000e+00,-3.411192284600589320e-02,0.000000000000000000e+00,1.336262739059918547e-01,0.000000000000000000e+00,6.790410434228054751e-03,-0.000000000000000000e+00,-0.000000000000000000e+00,5.433330874460566562e-02,8.652118604828135107e-02,-1.435359938376531974e-01,-1.514092275923889785e-01,1.525157515484432125e+00,5.906848667500262662e-02,2.730404713994195182e-02,0.000000000000000000e+00,-0.000000000000000000e+00,-1.054268498634454154e-01,-1.388793239023535520e-01,0.000000000000000000e+00,0.000000000000000000e+00,-1.552054826414651367e-01,7.466510172772786169e-02,-3.352533191120663641e-02,0.000000000000000000e+00,-7.243746770003324509e-02,-2.897622597937839911e-02,-1.021792205077650924e-03,5.759929654040355645e-02,8.086969000965282817e-03
-1.571322531294191277e-02,-6.895442493134015804e-02,0.000000000000000000e+00,-1.354334221836799856e-01,-0.000000000000000000e+00,4.942200792172147389e-02,0.000000000000000000e+00,-0.000000000000000000e+00,-1.251882059542346048e-01,0.000000000000000000e+00,1.174586845502091637e-02,-0.000000000000000000e+00,-1.854324901091409725e-02,-0.000000000000000000e+00,-4.425859990200603500e-02,0.000000000000000000e+00,0.000000000000000000e+00,-1.030273654257279209e-01,-7.418090745327524105e-02,2.634211450933825888e-02,6.260883446196616187e-02,5.906848667500262662e-02,1.442819186497737549e+00,-7.240371592009683943e-02,-1.337874602076270236e-01,0.000000000000000000e+00,0.000000000000000000e+00,1.902348299932583170e-02,-0.000000000000000000e+00,-0.000000000000000000e+00,3.286113018806679359e-02,-1.856168334621239313e-01,0.000000000000000000e+00,-8.661274112225710031e-02,0.000000000000000000e+00,2.102582266933946537e-02,0.000000000000000000e+00,-4.996076793521162657e-02,-3.545212536358281069e-02
-0.000000000000000000e+00,-6.740661614938282808e-02,0.000000000000000000e+00,-0.000000000000000000e+00,-0.000000000000000000e+00,0.000000000000000000e+00,0.000000000000000000e+00,0.000000000000000000e+00,-6.157950389134021069e-02,0.000000000000000000e+00,0.000000000000000000e+00,-0.000000000000000000e+00,-0.000000000000000000e+00,-1.887429729425567360e-01,-0.000000000000000000e+00,0.000000000000000000e+00,0.000000000000000000e+00,-9.397415854103785549e-02,-1.336357209130341894e-01,3.464637916146562358e-02,0.000000000000000000e+00,2.730404713994195182e-02,-7.240371592009683943e-02,1.250244200536161365e+00,-0.000000000000000000e+00,0.000000000000000000e+00,0.000000000000000000e+00,0.000000000000000000e+00,-0.000000000000000000e+00,-0.000000000000000000e+00,0.000000000000000000e+00,-4.260788453976403073e-02,0.000000000000000000e+00,-1.881701854428185008e-02,0.000000000000000000e+00,0.000000000000000000e+00,0.000000000000000000e+00,-1.091499609762250633e-01,-1.013913492573453451e-01
-9.607494293367555005e-02,-0.000000000000000000e+00,0.000000000000000000e+00,-0.000000000000000000e+00,-0.000000000000000000e+00,0.000000000000000000e+00,0.000000000000000000e+00,0.000000000000000000e+00,-0.000000000000000000e+00,-0.000000000000000000e+00,0.000000000000000000e+00,-0.000000000000000000e+00,-0.000000000000000000e+00,-0.000000000000000000e+00,-0.000000000000000000e+00,-0.000000000000000000e+00,0.000000000000000000e+00,-0.000000000000000000e+00,-0.000000000000000000e+00,0.000000000000000000e+00,0.000000000000000000e+00,0.000000000000000000e+00,-1.337874602076270236e-01,-0.000000000000000000e+00,1.160846927387215954e+00,0.000000000000000000e+00,0.000000000000000000e+00,0.000000000000000000e+00,-2.955673777303824412e-01,-4.432910836307422942e-02,0.000000000000000000e+00,-1.346451297191201824e-01,0.000000000000000000e+00,-0.000000000000000000e+00,0.000000000000000000e+00,0.000000000000000000e+00,0.000000000000000000e+00,-0.000000000000000000e+00,-0.000000000000000000e+00
-0.000000000000000000e+00,0.000000000000000000e+00,-9.755290583383077752e-02,0.000000000000000000e+00,-0.000000000000000000e+00,-0.000000000000000000e+00,-0.000000000000000000e+00,0.000000000000000000e+00,0.000000000000000000e+00,-1.356130457023609071e-01,-4.382105006944021081e-02,0.000000000000000000e+00,3.547871266071168928e-02,-0.000000000000000000e+00,0.000000000000000000e+00,-2.154360756082872863e-01,-4.064373849910308395e-02,0.000000000000000000e+00,0.000000000000000000e+00,-0.000000000000000000e+00,-0.000000000000000000e+00,-0.000000000000000000e+00,0.000000000000000000e+00,0.000000000000000000e+00,0.000000000000000000e+00,1.377915442052138451e+00,-1.815377942126578659e-01,-9.559925258492221745e-02,-0.000000000000000000e+00,-0.000000000000000000e+00,-5.255706894787763594e-02,0.000000000000000000e+00,-1.381529422114976813e-01,0.000000000000000000e+00,-4.219464591210846105e-02,-8.186785646456838650e-02,-1.183460025392341630e-01,0.000000000000000000e+00,0.000000000000000000e+00
0.000000000000000000e+00,0.000000000000000000e+00,-6.416043644656888034e-02,0.000000000000000000e+00,0.000000000000000000e+00,-2.224437999271328820e-02,-0.000000000000000000e+00,0.000000000000000000e+00,0.000000000000000000e+00,-0.000000000000000000e+00,-9.531920329777014700e-02,0.000000000000000000e+00,1.214181766143145463e-01,0.000000000000000000e+00,0.000000000000000000e+00,-1.217738195445741967e-01,-6.336324150096636632e-02,0.000000000000000000e+00,0.000000000000000000e+00,-2.446194409670185768e-02,-7.284062342255599731e-02,-1.054268498634454154e-01,0.000000000000000000e+00,0.000000000000000000e+00,0.000000000000000000e+00,-1.815377942126578659e-01,1.535711051901392565e+00,-1.118854525584544457e-01,0.000000000000000000e+00,-0.000000000000000000e+00,-1.405797653829956584e-01,0.000000000000000000e+00,-1.033475017145917829e-01,0.000000000000000000e+00,-9.006507052464408913e-02,-1.532583974070088062e-01,-7.507850814591818245e-02,0.000000000000000000e+00,0.000000000000000000e+00
0.000000000000000000e+00,0.000000000000000000e+00,-0.000000000000000000e+00,2.076539162844537323e-02,0.000000000000000000e+00,-4.976929216898215436e-02,-0.000000000000000000e+00,0.000000000000000000e+00,2.309771280697448317e-02,-0.000000000000000000e+00,-8.432693640939048496e-02,0.000000000000000000e+00,1.338765629585640937e-01,0.000000000000000000e+00,3.873278815300158079e-02,-0.000000000000000000e+00,-8.153659295588668032e-02,3.742059847296387576e-02,4.635076713582048091e-02,-1.178610984084087349e-01,-1.306839569410462309e-01,-1.388793239023535520e-01,1.902348299932583170e-02,0.000000000000000000e+00,0.000000000000000000e+00,-9.559925258492221745e-02,-1.118854525584544457e-01,1.603740142613441666e+00,0.000000000000000000e+00,-0.000000000000000000e+00,-1.320060279020728589e-01,0.000000000000000000e+00,-8.482671674355926617e-02,0.000000000000000000e+00,-9.658503271668493484e-02,-6.655695937784956995e-02,-8.555027054674572973e-02,1.519855658997492850e-02,1.719231940165997022e-02
-1.765449205923944886e-01,-0.000000000000000000e+00,-0.000000000000000000e+00,-0.000000000000000000e+00,-0.000000000000000000e+00,0.000000000000000000e+00,0.000000000000000000e+00,0.000000000000000000e+00,-0.000000000000000000e+00,-0.000000000000000000e+00,0.000000000000000000e+00,-0.000000000000000000e+00,-0.000000000000000000e+00,-0.000000000000000000e+00,-0.000000000000000000e+00,-0.000000000000000000e+00,0.000000000000000000e+00,-0.000000000000000000e+00,-0.000000000000000000e+00,0.000000000000000000e+00,0.000000000000000000e+00,0.000000000000000000e+00,-0.000000000000000000e+00,-0.000000000000000000e+00,-2.955673777303824412e-01,-0.000000000000000000e+00,0.000000000000000000e+00,0.000000000000000000e+00,1.143623080552530924e+00,-1.101581838807418195e-01,0.000000000000000000e+00,-8.832298339805540188e-03,-0.000000000000000000e+00,-0.000000000000000000e+00,0.000000000000000000e+00,0.000000000000000000e+00,0.000000000000000000e+00,-0.000000000000000000e+00,-0.000000000000000000e+00
-1.259218242858293202e-01,-0.000000000000000000e+00,-0.000000000000000000e+00,-0.000000000000000000e+00,-2.147096198791334787e-01,0.000000000000000000e+00,0.000000000000000000e+00,0.000000000000000000e+00,-0.000000000000000000e+00,-1.095347795260100121e-01,0.000000000000000000e+00,-0.000000000000000000e+00,0.000000000000000000e+00,-0.000000000000000000e+00,-0.000000000000000000e+00,-0.000000000000000000e+00,0.000000000000000000e+00,-0.000000000000000000e+00,-0.000000000000000000e+00,0.000000000000000000e+00,0.000000000000000000e+00,0.000000000000000000e+00,-0.000000000000000000e+00,-0.000000000000000000e+00,-4.432910836307422942e-02,-0.000000000000000000e+00,-0.000000000000000000e+00,-0.000000000000000000e+00,-1.101581838807418195e-01,1.101812008363889150e+00,-0.000000000000000000e+00,-0.000000000000000000e+00,-0.000000000000000000e+00,-0.000000000000000000e+00,0.000000000000000000e+00,-0.000000000000000000e+00,-0.000000000000000000e+00,-0.000000000000000000e+00,-0.000000000000000000e+00
0.000000000000000000e+00,0.000000000000000000e+00,-9.639203354009948793e-03,8.770624434856625837e-03,0.000000000000000000e+00,-3.108196461834612095e-02,-0.000000000000000000e+00,0.000000000000000000e+00,2.466993661159889994e-02,-0.000000000000000000e+00,-5.435764660006905252e-02,0.000000000000000000e+00,1.653537313169342882e-01,0.000000000000000000e+00,5.864968590709083995e-02,-6.212278026795514543e-05,-4.915823600479608119e-02,3.479164447530665172e-02,3.680237857284832798e-02,-1.042026055476044794e-01,-1.348407103564201459e-01,-1.552054826414651367e-01,3.286113018806679359e-02,0.000000000000000000e+00,0.000000000000000000e+00,-5.255706894787763594e-02,-1.405797653829956584e-01,-1.320060279020728589e-01,0.000000000000000000e+00,-0.000000000000000000e+00,1.588820550542079379e+00,2.965567365054041712e-02,-8.102026874393995770e-02,0.000000000000000000e+00,-8.557836067178534178e-02,-9.860372691587425409e-02,-5.446708747408216672e-02,2.123865341182502517e-02,0.000000000000000000e+00
-3.595879067030921354e-04,-6.995237794997331837e-02,0.000000000000000000e+00,-8.058509490224512184e-02,-0.000000000000000000e+00,0.000000000000000000e+00,0.000000000000000000e+00,-0.000000000000000000e+00,-9.769575028184547538e-02,0.000000000000000000e+00,0.000000000000000000e+00,-0.000000000000000000e+00,-4.439516390884450797e-02,-0.000000000000000000e+00,-0.000000000000000000e+00,0.000000000000000000e+00,0.000000000000000000e+00,-5.287029810137322539e-02,-5.605176471944435523e-02,5.461921065122351399e-02,6.197914175468930559e-02,7.466510172772786169e-02,-1.856168334621239313e-01,-4.260788453976403073e-02,-1.346451297191201824e-01,0.000000000000000000e+00,0.000000000000000000e+00,0.000000000000000000e+00,-8.832298339805540188e-03,-0.000000000000000000e+00,2.965567365054041712e-02,1.310928487620427463e+00,0.000000000000000000e+00,-0.000000000000000000e+00,0.000000000000000000e+00,2.933175149397183878e-02,0.000000000000000000e+00,-7.620663208747484318e-02,-0.000000000000000000e+00
0.000000000000000000e+00,0.000000000000000000e+00,-2.994838637662854408e-01,0.000000000000000000e+00,-0.000000000000000000e+00,-0.000000000000000000e+00,-0.000000000000000000e+00,0.000000000000000000e+00,0.000000000000000000e+00,-0.000000000000000000e+00,-0.000000000000000000e+00,-0.000000000000000000e+00,8.801907615393168849e-02,-0.000000000000000000e+00,0.000000000000000000e+00,-4.130391863913671253e-03,-0.000000000000000000e+00,0.000000000000000000e+00,0.000000000000000000e+00,-0.000000000000000000e+00,-1.241218906088907559e-02,-3.352533191120663641e-02,0.000000000000000000e+00,0.000000000000000000e+00,0.000000000000000000e+00,-1.381529422114976813e-01,-1.033475017145917829e-01,-8.482671674355926617e-02,-0.000000000000000000e+00,-0.000000000000000000e+00,-8.102026874393995770e-02,0.000000000000000000e+00,1.233323541542798107e+00,0.000000000000000000e+00,-0.000000000000000000e+00,-0.000000000000000000e+00,-1.057684591025086218e-02,0.000000000000000000e+00,0.000000000000000000e+00
-0.000000000000000000e+00,-0.000000000000000000e+00,-0.000000000000000000e+00,-1.734935328502843210e-01,-2.689820718355286910e-01,2.377125114105239218e-02,0.000000000000000000e+00,0.000000000000000000e+00,-1.188028831409079084e-01,0.000000000000000000e+00,0.000000000000000000e+00,-6.081329665608758289e-02,-0.000000000000000000e+00,-0.000000000000000000e+00,-1.871688379001944236e-02,0.000000000000000000e+00,0.000000000000000000e+00,-6.906321127312159414e-02,-0.000000000000000000e+00,0.000000000000000000e+00,0.000000000000000000e+00,0.000000000000000000e+00,-8.661274112225710031e-02,-1.881701854428185008e-02,-0.000000000000000000e+00,0.000000000000000000e+00,0.000000000000000000e+00,0.000000000000000000e+00,-0.000000000000000000e+00,-0.000000000000000000e+00,0.000000000000000000e+00,-0.000000000000000000e+00,0.000000000000000000e+00,1.210250262030505786e+00,0.000000000000000000e+00,0.000000000000000000e+00,0.000000000000000000e+00,-1.120329427851710254e-02,-3.376496892022533974e-02
0.000000000000000000e+00,0.000000000000000000e+00,-0.000000000000000000e+00,5.748397966008938348e-02,0.000000000000000000e+00,-1.076862289079039137e-01,-0.000000000000000000e+00,0.000000000000000000e+00,5.267746507067012224e-02,-0.000000000000000000e+00,-1.128141394271394843e-01,0.000000000000000000e+00,8.520281227638649979e-02,0.000000000000000000e+00,6.820854167158989234e-02,-3.188002945147330302e-03,-1.088745369527152063e-01,6.417347539626841457e-02,4.544655015775475593e-02,-7.674474154014074290e-02,-6.946620041642410925e-02,-7.243746770003324509e-02,0.000000000000000000e+00,0.000000000000000000e+00,0.000000000000000000e+00,-4.219464591210846105e-02,-9.006507052464408913e-02,-9.658503271668493484e-02,0.000000000000000000e+00,0.000000000000000000e+00,-8.557836067178534178e-02,0.000000000000000000e+00,-0.000000000000000000e+00,0.000000000000000000e+00,1.591681263572647387e+00,-7.623283452459042597e-02,-1.799789579390609628e-01,4.368477543017033893e-02,4.664213125087041806e-02
0.000000000000000000e+00,0.000000000000000000e+00,-0.000000000000000000e+00,7.052748249371357248e-02,0.000000000000000000e+00,-1.089616825295625785e-01,-0.000000000000000000e+00,0.000000000000000000e+00,7.564063938481368349e-03,-0.000000000000000000e+00,-7.429347479536781151e-02,0.000000000000000000e+00,8.701848507708070946e-02,0.000000000000000000e+00,2.526005004143721047e-02,-1.746383232357819615e-01,-4.703967196045765603e-02,0.000000000000000000e+00,0.000000000000000000e+00,-6.371811371690684319e-04,-4.681727833325542709e-02,-2.897622597937839911e-02,2.102582266933946537e-02,0.000000000000000000e+00,0.000000000000000000e+00,-8.186785646456838650e-02,-1.532583974070088062e-01,-6.655695937784956995e-02,0.000000000000000000e+00,-0.000000000000000000e+00,-9.860372691587425409e-02,2.933175149397183878e-02,-0.000000000000000000e+00,0.000000000000000000e+00,-7.623283452459042597e-02,1.401989948708121991e+00,-5.895254311783601486e-02,0.000000000000000000e+00,0.000000000000000000e+00
0.000000000000000000e+00,0.000000000000000000e+00,-0.000000000000000000e+00,2.802669769272165753e-02,0.000000000000000000e+00,-1.148848276864923995e-01,-0.000000000000000000e+00,0.000000000000000000e+00,0.000000000000000000e+00,-0.000000000000000000e+00,-1.251135834255249213e-01,0.000000000000000000e+00,5.919862608639313295e-02,0.000000000000000000e+00,7.071062882137761629e-02,-9.086648415924414302e-02,-1.646632931611606843e-01,1.375504361253752743e-02,0.000000000000000000e+00,-4.945780427840369003e-02,-3.331393667997363528e-02,-1.021792205077650924e-03,0.000000000000000000e+00,0.000000000000000000e+00,0.000000000000000000e+00,-1.183460025392341630e-01,-7.507850814591818245e-02,-8.555027054674572973e-02,0.000000000000000000e+00,-0.000000000000000000e+00,-5.446708747408216672e-02,0.000000000000000000e+00,-1.057684591025086218e-02,0.000000000000000000e+00,-1.799789579390609628e-01,-5.895254311783601486e-02,1.463368875036969996e+00,0.000000000000000000e+00,1.031879075830848848e-02
-5.792432407847059039e-02,-1.600992553915493999e-01,0.000000000000000000e+00,-6.034186870640539241e-02,-0.000000000000000000e+00,5.438443335722340649e-02,0.000000000000000000e+00,-0.000000000000000000e+00,-1.105107843619519276e-01,0.000000000000000000e+00,0.000000000000000000e+00,-0.000000000000000000e+00,-3.550208711101316555e-02,-0.000000000000000000e+00,-1.170565008122389783e-01,0.000000000000000000e+00,2.022125385475472773e-04,-1.123808931907754466e-01,-1.396508599169052345e-01,9.670294839927094654e-02,7.398181955205446192e-02,5.759929654040355645e-02,-4.996076793521162657e-02,-1.091499609762250633e-01,-0.000000000000000000e+00,0.000000000000000000e+00,0.000000000000000000e+00,1.519855658997492850e-02,-0.000000000000000000e+00,-0.000000000000000000e+00,2.123865341182502517e-02,-7.620663208747484318e-02,0.000000000000000000e+00,-1.120329427851710254e-02,4.368477543017033893e-02,0.000000000000000000e+00,0.000000000000000000e+00,1.553611406172060727e+00,-1.596587380435735837e-01
-4.163370449515089652e-03,-1.711141077317529235e-01,0.000000000000000000e+00,-7.133560635162020103e-02,-0.000000000000000000e+00,6.654583549093191774e-02,0.000000000000000000e+00,-0.000000000000000000e+00,-1.058932837453085002e-01,0.000000000000000000e+00,4.222030129752232103e-02,-3.067874738319343458e-02,-0.000000000000000000e+00,-0.000000000000000000e+00,-1.069644934121002228e-01,0.000000000000000000e+00,6.094458329024519255e-02,-1.123643667626917919e-01,-1.527555370206745144e-01,6.942150519703600697e-02,4.634024911393937185e-02,8.086969000965282817e-03,-3.545212536358281069e-02,-1.013913492573453451e-01,-0.000000000000000000e+00,0.000000000000000000e+00,0.000000000000000000e+00,1.719231940165997022e-02,-0.000000000000000000e+00,-0.000000000000000000e+00,0.000000000000000000e+00,-0.000000000000000000e+00,0.000000000000000000e+00,-3.376496892022533974e-02,4.664213125087041806e-02,0.000000000000000000e+00,1.031879075830848848e-02,-1.596587380435735837e-01,1.500079785547346445e+00
