1.388732742221120864e+00,-3.285138208782047431e-01,-0.000000000000000000e+00,-0.000000000000000000e+00,-0.000000000000000000e+00,0.000000000000000000e+00,0.000000000000000000e+00,0.000000000000000000e+00,-0.000000000000000000e+00,-0.000000000000000000e+00,0.000000000000000000e+00,1.059976466957410074e-01,0.000000000000000000e+00,0.000000000000000000e+00,0.000000000000000000e+00,-3.805456865607857453e-01,-0.000000000000000000e+00,0.000000000000000000e+00,0.000000000000000000e+00,-0.000000000000000000e+00,-0.000000000000000000e+00,0.000000000000000000e+00,-0.000000000000000000e+00,-1.173250933667981527e-01,0.000000000000000000e+00,-0.000000000000000000e+00,9.072204696712497796e-02,-0.000000000000000000e+00,-0.000000000000000000e+00,-2.010507835693161882e-01,0.000000000000000000e+00,0.000000000000000000e+00,1.507297688364851555e-02,0.000000000000000000e+00,-0.000000000000000000e+00,0.000000000000000000e+00,0.000000000000000000e+00,-0.000000000000000000e+00,-0.000000000000000000e+00
-3.285138208782047431e-01,1.800403748255157588e+00,-0.000000000000000000e+00,-0.000000000000000000e+00,-0.000000000000000000e+00,-0.000000000000000000e+00,-0.000000000000000000e+00,0.000000000000000000e+00,-6.854719186700103384e-02,-8.701404410407451717e-01,-0.000000000000000000e+00,-0.000000000000000000e+00,-0.000000000000000000e+00,-0.000000000000000000e+00,-0.000000000000000000e+00,0.000000000000000000e+00,0.000000000000000000e+00,0.000000000000000000e+00,0.000000000000000000e+00,-0.000000000000000000e+00,-0.000000000000000000e+00,-0.000000000000000000e+00,-2.877079674580172806e-03,-1.623388938016546990e-01,-0.000000000000000000e+00,-0.000000000000000000e+00,0.000000000000000000e+00,-0.000000000000000000e+00,-2.148779965666106767e-02,-0.000000000000000000e+00,-1.377107696695884231e-01,-0.000000000000000000e+00,-0.000000000000000000e+00,-0.000000000000000000e+00,-1.103324426414644122e-01,-0.000000000000000000e+00,-1.535513890933935255e-01,0.000000000000000000e+00,-0.000000000000000000e+00
-0.000000000000000000e+00,-0.000000000000000000e+00,2.980790378353562087e+00,0.000000000000000000e+00,-6.288059767549403212e-01,0.000000000000000000e+00,-0.000000000000000000e+00,1.522558805489808265e+00,-1.098755151139229058e-01,-0.000000000000000000e+00,0.000000000000000000e+00,0.000000000000000000e+00,0.000000000000000000e+00,-9.669635611680463261e-02,-0.000000000000000000e+00,-0.000000000000000000e+00,-0.000000000000000000e+00,0.000000000000000000e+00,-1.014659144722406536e-01,-0.000000000000000000e+00,-1.795644032011685931e-01,-0.000000000000000000e+00,-0.000000000000000000e+00,-0.000000000000000000e+00,-0.000000000000000000e+00,-0.000000000000000000e+00,-0.000000000000000000e+00,-2.621390124408458644e-01,-0.000000000000000000e+00,-0.000000000000000000e+00,-1.361561425819318161e-01,-0.000000000000000000e+00,-0.000000000000000000e+00,-0.000000000000000000e+00,-0.000000000000000000e+00,0.000000000000000000e+00,0.000000000000000000e+00,-0.000000000000000000e+00,-4.874119992509736571e-02
-0.000000000000000000e+00,-0.000000000000000000e+00,0.000000000000000000e+00,1.126844632125147960e+00,0.000000000000000000e+00,0.000000000000000000e+00,-0.000000000000000000e+00,-0.000000000000000000e+00,0.000000000000000000e+00,-0.000000000000000000e+00,-0.000000000000000000e+00,-0.000000000000000000e+00,-1.384694062957291527e-01,-0.000000000000000000e+00,0.000000000000000000e+00,0.000000000000000000e+00,0.000000000000000000e+00,-2.891894379682043437e-01,0.000000000000000000e+00,-7.675130642187093233e-02,0.000000000000000000e+00,-0.000000000000000000e+00,-0.000000000000000000e+00,0.000000000000000000e+00,-0.000000000000000000e+00,0.000000000000000000e+00,0.000000000000000000e+00,0.000000000000000000e+00,0.000000000000000000e+00,-0.000000000000000000e+00,0.000000000000000000e+00,-0.000000000000000000e+00,4.727868227283221064e-02,0.000000000000000000e+00,1.173910699970122651e-01,-0.000000000000000000e+00,0.000000000000000000e+00,-0.000000000000000000e+00,-0.000000000000000000e+00
-0.000000000000000000e+00,-0.000000000000000000e+00,-6.288059767549403212e-01,0.000000000000000000e+00,2.134184998829838253e+00,0.000000000000000000e+00,0.000000000000000000e+00,5.864652733947134378e-01,-3.027628935242173691e-01,-0.000000000000000000e+00,0.000000000000000000e+00,0.000000000000000000e+00,6.275255046966836392e-02,-0.000000000000000000e+00,-0.000000000000000000e+00,-8.430591441292845101e-02,-0.000000000000000000e+00,0.000000000000000000e+00,-3.353072697056927454e-01,-0.000000000000000000e+00,-0.000000000000000000e+00,0.000000000000000000e+00,-0.000000000000000000e+00,-0.000000000000000000e+00,0.000000000000000000e+00,-4.428969229096639537e-02,-0.000000000000000000e+00,-1.859521096664731518e-02,-0.000000000000000000e+00,-0.000000000000000000e+00,-0.000000000000000000e+00,-0.000000000000000000e+00,-0.000000000000000000e+00,-0.000000000000000000e+00,0.000000000000000000e+00,0.000000000000000000e+00,0.000000000000000000e+00,-0.000000000000000000e+00,-0.000000000000000000e+00
0.000000000000000000e+00,-0.000000000000000000e+00,0.000000000000000000e+00,0.000000000000000000e+00,0.000000000000000000e+00,2.492957011267333822e+00,-0.000000000000000000e+00,-0.000000000000000000e+00,0.000000000000000000e+00,-0.000000000000000000e+00,-5.590765637466534876e-01,-2.492539573515443752e-01,-0.000000000000000000e+00,-0.000000000000000000e+00,-0.000000000000000000e+00,3.465171214167488412e-01,-7.296406092565893564e-02,-0.000000000000000000e+00,-0.000000000000000000e+00,0.000000000000000000e+00,-0.000000000000000000e+00,-0.000000000000000000e+00,0.000000000000000000e+00,1.967219669953186589e-02,-0.000000000000000000e+00,-0.000000000000000000e+00,-7.026649566178677121e-03,-6.586149958285116013e-02,-0.000000000000000000e+00,1.759996251808834955e-01,-0.000000000000000000e+00,-2.463865433503015512e-01,-1.277289632419939536e-01,-1.321582853499440602e-01,-1.774081125141693804e-01,-4.653787264682392455e-01,-3.100017639878889786e-01,0.000000000000000000e+00,6.359730974775457124e-02
0.000000000000000000e+00,-0.000000000000000000e+00,-0.000000000000000000e+00,-0.000000000000000000e+00,0.000000000000000000e+00,-0.000000000000000000e+00,2.099148677322975942e+00,0.000000000000000000e+00,-0.000000000000000000e+00,-0.000000000000000000e+00,-2.983228827287512375e-02,-2.098219709557408996e-01,-1.527083388239774686e-01,-0.000000000000000000e+00,-5.968147963687190360e-01,0.000000000000000000e+00,0.000000000000000000e+00,-0.000000000000000000e+00,-3.129942788141736876e-01,-2.971258567610602364e-01,0.000000000000000000e+00,-1.158607189055221171e-01,-2.573313090217335120e-01,0.000000000000000000e+00,-8.683566196834881928e-03,1.517090417331432017e-02,-0.000000000000000000e+00,-0.000000000000000000e+00,7.818938823080359701e-02,0.000000000000000000e+00,-0.000000000000000000e+00,-0.000000000000000000e+00,-0.000000000000000000e+00,-2.196349575322218417e-01,0.000000000000000000e+00,-0.000000000000000000e+00,-0.000000000000000000e+00,-0.000000000000000000e+00,-1.207141290015982665e-01
0.000000000000000000e+00,0.000000000000000000e+00,1.522558805489808265e+00,-0.000000000000000000e+00,5.864652733947134378e-01,-0.000000000000000000e+00,0.000000000000000000e+00,2.849584406180107887e+00,2.858040427285315488e-01,0.000000000000000000e+00,-0.000000000000000000e+00,-0.000000000000000000e+00,-1.552128968731243154e-02,0.000000000000000000e+00,0.000000000000000000e+00,0.000000000000000000e+00,0.000000000000000000e+00,-0.000000000000000000e+00,4.612640209964461585e-02,0.000000000000000000e+00,8.787385107546000218e-02,0.000000000000000000e+00,0.000000000000000000e+00,0.000000000000000000e+00,0.000000000000000000e+00,0.000000000000000000e+00,0.000000000000000000e+00,7.605384018200844753e-02,0.000000000000000000e+00,1.962200494207211321e-02,9.252640033965603417e-02,0.000000000000000000e+00,1.951033611227908846e-02,0.000000000000000000e+00,0.000000000000000000e+00,-0.000000000000000000e+00,-0.000000000000000000e+00,0.000000000000000000e+00,6.104147473844199340e-02
-0.000000000000000000e+00,-6.854719186700103384e-02,-1.098755151139229058e-01,0.000000000000000000e+00,-3.027628935242173691e-01,0.000000000000000000e+00,-0.000000000000000000e+00,2.858040427285315488e-01,2.002187102584873646e+00,-0.000000000000000000e+00,0.000000000000000000e+00,0.000000000000000000e+00,0.000000000000000000e+00,-0.000000000000000000e+00,-0.000000000000000000e+00,-1.936146814437578745e-01,0.000000000000000000e+00,-0.000000000000000000e+00,-1.703408967329595736e-01,-0.000000000000000000e+00,-0.000000000000000000e+00,0.000000000000000000e+00,-0.000000000000000000e+00,-8.870539394332745131e-02,-0.000000000000000000e+00,-8.677542931433734896e-02,-0.000000000000000000e+00,-1.403863302593297557e-01,-0.000000000000000000e+00,-4.127483084942324409e-01,-0.000000000000000000e+00,-0.000000000000000000e+00,-8.129843424576270461e-02,-0.000000000000000000e+00,-0.000000000000000000e+00,0.000000000000000000e+00,0.000000000000000000e+00,-4.141718906431259700e-02,-4.231871289185248908e-01
-0.000000000000000000e+00,-8.701404410407451717e-01,-0.000000000000000000e+00,-0.000000000000000000e+00,-0.000000000000000000e+00,-0.000000000000000000e+00,-0.000000000000000000e+00,0.000000000000000000e+00,-0.000000000000000000e+00,2.196510833487127279e+00,-9.573018225455055819e-02,-0.000000000000000000e+00,-0.000000000000000000e+00,-5.602736852422474101e-01,-0.000000000000000000e+00,0.000000000000000000e+00,-0.000000000000000000e+00,-0.000000000000000000e+00,-0.000000000000000000e+00,-0.000000000000000000e+00,-0.000000000000000000e+00,-0.000000000000000000e+00,-3.477881173440167117e-01,-1.781671524176991692e-02,-0.000000000000000000e+00,-0.000000000000000000e+00,-0.000000000000000000e+00,-1.927114184944937192e-01,-0.000000000000000000e+00,-0.000000000000000000e+00,-9.947438873683736582e-02,-0.000000000000000000e+00,-0.000000000000000000e+00,-0.000000000000000000e+00,-0.000000000000000000e+00,-5.047293359835584164e-02,-3.060844737283272346e-02,0.000000000000000000e+00,-0.000000000000000000e+00
0.000000000000000000e+00,-0.000000000000000000e+00,0.000000000000000000e+00,-0.000000000000000000e+00,0.000000000000000000e+00,-5.590765637466534876e-01,-2.983228827287512375e-02,-0.000000000000000000e+00,0.000000000000000000e+00,-9.573018225455055819e-02,1.948788344079795509e+00,-2.245820203037590668e-01,-1.237912982789911576e-01,-3.166597455528910587e-01,-0.000000000000000000e+00,8.036282736019226269e-02,-7.250706760099645543e-02,-1.905020630984798069e-02,-0.000000000000000000e+00,-0.000000000000000000e+00,-0.000000000000000000e+00,-0.000000000000000000e+00,-4.482973904144514632e-02,0.000000000000000000e+00,-0.000000000000000000e+00,-0.000000000000000000e+00,-9.274483701158238447e-02,-0.000000000000000000e+00,-0.000000000000000000e+00,0.000000000000000000e+00,-0.000000000000000000e+00,-1.680290996513372770e-01,-0.000000000000000000e+00,-7.270386109558879323e-04,-0.000000000000000000e+00,-7.556360953406325576e-02,-1.434347180809582289e-01,0.000000000000000000e+00,-0.000000000000000000e+00
1.059976466957410074e-01,-0.000000000000000000e+00,0.000000000000000000e+00,-0.000000000000000000e+00,0.000000000000000000e+00,-2.492539573515443752e-01,-2.098219709557408996e-01,-0.000000000000000000e+00,0.000000000000000000e+00,-0.000000000000000000e+00,-2.245820203037590668e-01,2.642581169883560399e+00,-2.452539356957925409e-01,-0.000000000000000000e+00,-6.310476649312273256e-01,2.731738285593798277e-01,0.000000000000000000e+00,-0.000000000000000000e+00,-0.000000000000000000e+00,-2.204391804901036783e-02,-0.000000000000000000e+00,-3.389826661569582122e-01,-0.000000000000000000e+00,0.000000000000000000e+00,-9.556719656728598911e-02,0.000000000000000000e+00,-0.000000000000000000e+00,-0.000000000000000000e+00,0.000000000000000000e+00,0.000000000000000000e+00,-0.000000000000000000e+00,-6.311246035313103353e-02,-0.000000000000000000e+00,-6.526273104520621260e-01,-0.000000000000000000e+00,-0.000000000000000000e+00,-6.709759439125385916e-02,-0.000000000000000000e+00,-0.000000000000000000e+00
0.000000000000000000e+00,-0.000000000000000000e+00,0.000000000000000000e+00,-1.384694062957291527e-01,6.275255046966836392e-02,-0.000000000000000000e+00,-1.527083388239774686e-01,-1.552128968731243154e-02,0.000000000000000000e+00,-0.000000000000000000e+00,-1.237912982789911576e-01,-2.452539356957925409e-01,1.275097236293385228e+00,-0.000000000000000000e+00,-0.000000000000000000e+00,0.000000000000000000e+00,-0.000000000000000000e+00,-2.294802055363503734e-01,-0.000000000000000000e+00,-1.053662502040353111e-01,1.585401648138936304e-01,0.000000000000000000e+00,-6.586558712749162811e-03,6.206485683388248548e-02,-0.000000000000000000e+00,0.000000000000000000e+00,0.000000000000000000e+00,-0.000000000000000000e+00,0.000000000000000000e+00,-0.000000000000000000e+00,8.619062381634887138e-02,-0.000000000000000000e+00,0.000000000000000000e+00,-0.000000000000000000e+00,0.000000000000000000e+00,-0.000000000000000000e+00,-0.000000000000000000e+00,-0.000000000000000000e+00,-0.000000000000000000e+00
0.000000000000000000e+00,-0.000000000000000000e+00,-9.669635611680463261e-02,-0.000000000000000000e+00,-0.000000000000000000e+00,-0.000000000000000000e+00,-0.000000000000000000e+00,0.000000000000000000e+00,-0.000000000000000000e+00,-5.602736852422474101e-01,-3.166597455528910587e-01,-0.000000000000000000e+00,-0.000000000000000000e+00,2.199946740486567798e+00,-0.000000000000000000e+00,0.000000000000000000e+00,-0.000000000000000000e+00,-0.000000000000000000e+00,-0.000000000000000000e+00,-0.000000000000000000e+00,-0.000000000000000000e+00,-0.000000000000000000e+00,-2.819948898313795124e-02,-0.000000000000000000e+00,-2.893978809826029952e-01,-0.000000000000000000e+00,-1.173662034895645717e-01,-1.919306231926120876e-01,-4.121833414045016769e-02,-0.000000000000000000e+00,-1.205500002233859114e-01,-3.124020361884343178e-01,-7.101176310599217889e-02,-2.744918086723187600e-01,-0.000000000000000000e+00,-0.000000000000000000e+00,-0.000000000000000000e+00,0.000000000000000000e+00,-0.000000000000000000e+00
0.000000000000000000e+00,-0.000000000000000000e+00,-0.000000000000000000e+00,0.000000000000000000e+00,-0.000000000000000000e+00,-0.000000000000000000e+00,-5.968147963687190360e-01,0.000000000000000000e+00,-0.000000000000000000e+00,-0.000000000000000000e+00,-0.000000000000000000e+00,-6.310476649312273256e-01,-0.000000000000000000e+00,-0.000000000000000000e+00,2.503600686475143000e+00,0.000000000000000000e+00,0.000000000000000000e+00,-0.000000000000000000e+00,-1.104712566082968750e-01,-1.094036840207640165e-01,0.000000000000000000e+00,-0.000000000000000000e+00,-0.000000000000000000e+00,0.000000000000000000e+00,-0.000000000000000000e+00,0.000000000000000000e+00,-0.000000000000000000e+00,-1.127711652638846013e-01,0.000000000000000000e+00,0.000000000000000000e+00,-0.000000000000000000e+00,-0.000000000000000000e+00,-0.000000000000000000e+00,-8.475993050829749853e-01,-0.000000000000000000e+00,-0.000000000000000000e+00,-0.000000000000000000e+00,-0.000000000000000000e+00,-0.000000000000000000e+00
-3.805456865607857453e-01,0.000000000000000000e+00,-0.000000000000000000e+00,0.000000000000000000e+00,-8.430591441292845101e-02,3.465171214167488412e-01,0.000000000000000000e+00,0.000000000000000000e+00,-1.936146814437578745e-01,0.000000000000000000e+00,8.036282736019226269e-02,2.731738285593798277e-01,0.000000000000000000e+00,0.000000000000000000e+00,0.000000000000000000e+00,2.547684173359181514e+00,-0.000000000000000000e+00,0.000000000000000000e+00,-0.000000000000000000e+00,-0.000000000000000000e+00,0.000000000000000000e+00,1.094444606690568034e-01,-0.000000000000000000e+00,-4.778327888589423145e-02,0.000000000000000000e+00,-3.720044714113707185e-02,0.000000000000000000e+00,0.000000000000000000e+00,-0.000000000000000000e+00,-1.210218183575304307e+00,8.039987117390987037e-02,0.000000000000000000e+00,0.000000000000000000e+00,0.000000000000000000e+00,0.000000000000000000e+00,0.000000000000000000e+00,0.000000000000000000e+00,-3.176311276027289354e-01,-0.000000000000000000e+00
-0.000000000000000000e+00,0.000000000000000000e+00,-0.000000000000000000e+00,0.000000000000000000e+00,-0.000000000000000000e+00,-7.296406092565893564e-02,0.000000000000000000e+00,0.000000000000000000e+00,0.000000000000000000e+00,-0.000000000000000000e+00,-7.250706760099645543e-02,0.000000000000000000e+00,-0.000000000000000000e+00,-0.000000000000000000e+00,0.000000000000000000e+00,-0.000000000000000000e+00,1.315839265145942516e+00,0.000000000000000000e+00,-0.000000000000000000e+00,3.211179900757549915e-02,-0.000000000000000000e+00,1.013733871351488319e-01,0.000000000000000000e+00,0.000000000000000000e+00,0.000000000000000000e+00,-2.791895749594930920e-01,-0.000000000000000000e+00,-0.000000000000000000e+00,-3.725609194387111134e-01,-0.000000000000000000e+00,0.000000000000000000e+00,-0.000000000000000000e+00,-0.000000000000000000e+00,0.000000000000000000e+00,-0.000000000000000000e+00,-0.000000000000000000e+00,-0.000000000000000000e+00,0.000000000000000000e+00,9.563491686704247985e-02
0.000000000000000000e+00,0.000000000000000000e+00,0.000000000000000000e+00,-2.891894379682043437e-01,0.000000000000000000e+00,-0.000000000000000000e+00,-0.000000000000000000e+00,-0.000000000000000000e+00,-0.000000000000000000e+00,-0.000000000000000000e+00,-1.905020630984798069e-02,-0.000000000000000000e+00,-2.294802055363503734e-01,-0.000000000000000000e+00,-0.000000000000000000e+00,0.000000000000000000e+00,0.000000000000000000e+00,1.241421954247251325e+00,-4.140751984641523331e-02,-3.351837572493774481e-02,-0.000000000000000000e+00,-0.000000000000000000e+00,-0.000000000000000000e+00,0.000000000000000000e+00,-0.000000000000000000e+00,-0.000000000000000000e+00,-0.000000000000000000e+00,-0.000000000000000000e+00,-0.000000000000000000e+00,0.000000000000000000e+00,0.000000000000000000e+00,-2.350741223980674088e-01,-0.000000000000000000e+00,-0.000000000000000000e+00,-0.000000000000000000e+00,-8.820028424791120925e-02,-0.000000000000000000e+00,-0.000000000000000000e+00,-0.000000000000000000e+00
0.000000000000000000e+00,0.000000000000000000e+00,-1.014659144722406536e-01,0.000000000000000000e+00,-3.353072697056927454e-01,-0.000000000000000000e+00,-3.129942788141736876e-01,4.612640209964461585e-02,-1.703408967329595736e-01,-0.000000000000000000e+00,-0.000000000000000000e+00,-0.000000000000000000e+00,-0.000000000000000000e+00,-0.000000000000000000e+00,-1.104712566082968750e-01,-0.000000000000000000e+00,-0.000000000000000000e+00,-4.140751984641523331e-02,1.593700215306232737e+00,-0.000000000000000000e+00,-0.000000000000000000e+00,-0.000000000000000000e+00,-0.000000000000000000e+00,0.000000000000000000e+00,-0.000000000000000000e+00,-0.000000000000000000e+00,-0.000000000000000000e+00,-9.770561524787954935e-03,0.000000000000000000e+00,-0.000000000000000000e+00,-0.000000000000000000e+00,-1.492329837112622570e-01,-2.737808422839299247e-02,-0.000000000000000000e+00,0.000000000000000000e+00,0.000000000000000000e+00,-0.000000000000000000e+00,-1.580067378104897668e-01,-1.186689529514253078e-01
-0.000000000000000000e+00,-0.000000000000000000e+00,-0.000000000000000000e+00,-7.675130642187093233e-02,-0.000000000000000000e+00,0.000000000000000000e+00,-2.971258567610602364e-01,0.000000000000000000e+00,-0.000000000000000000e+00,-0.000000000000000000e+00,-0.000000000000000000e+00,-2.204391804901036783e-02,-1.053662502040353111e-01,-0.000000000000000000e+00,-1.094036840207640165e-01,-0.000000000000000000e+00,3.211179900757549915e-02,-3.351837572493774481e-02,-0.000000000000000000e+00,1.477610103249612949e+00,0.000000000000000000e+00,-2.360022016729413918e-01,-1.799546582455192889e-01,0.000000000000000000e+00,-0.000000000000000000e+00,0.000000000000000000e+00,0.000000000000000000e+00,-0.000000000000000000e+00,5.485616973064611629e-02,-0.000000000000000000e+00,-0.000000000000000000e+00,-0.000000000000000000e+00,0.000000000000000000e+00,-0.000000000000000000e+00,0.000000000000000000e+00,-0.000000000000000000e+00,-0.000000000000000000e+00,-1.934920948393766549e-01,-2.018592390521141977e-01
-0.000000000000000000e+00,-0.000000000000000000e+00,-1.795644032011685931e-01,0.000000000000000000e+00,-0.000000000000000000e+00,-0.000000000000000000e+00,0.000000000000000000e+00,8.787385107546000218e-02,-0.000000000000000000e+00,-0.000000000000000000e+00,-0.000000000000000000e+00,-0.000000000000000000e+00,1.585401648138936304e-01,-0.000000000000000000e+00,0.000000000000000000e+00,0.000000000000000000e+00,-0.000000000000000000e+00,-0.000000000000000000e+00,-0.000000000000000000e+00,0.000000000000000000e+00,1.433724206726901373e+00,-0.000000000000000000e+00,0.000000000000000000e+00,-0.000000000000000000e+00,-0.000000000000000000e+00,-1.621664830724191264e-01,-0.000000000000000000e+00,-1.403389364249250371e-01,-2.846333416859425092e-01,0.000000000000000000e+00,-8.447021855255738843e-02,-0.000000000000000000e+00,-1.593132097675802328e-01,-0.000000000000000000e+00,-7.421514147915307669e-02,-0.000000000000000000e+00,-0.000000000000000000e+00,2.859849341715163182e-02,0.000000000000000000e+00
0.000000000000000000e+00,-0.000000000000000000e+00,-0.000000000000000000e+00,-0.000000000000000000e+00,0.000000000000000000e+00,-0.000000000000000000e+00,-1.158607189055221171e-01,0.000000000000000000e+00,0.000000000000000000e+00,-0.000000000000000000e+00,-0.000000000000000000e+00,-3.389826661569582122e-01,0.000000000000000000e+00,-0.000000000000000000e+00,-0.000000000000000000e+00,1.094444606690568034e-01,1.013733871351488319e-01,-0.000000000000000000e+00,-0.000000000000000000e+00,-2.360022016729413918e-01,-0.000000000000000000e+00,1.377974339780743351e+00,-0.000000000000000000e+00,0.000000000000000000e+00,-9.009984624225231276e-02,0.000000000000000000e+00,-4.149157788217484877e-02,-0.000000000000000000e+00,0.000000000000000000e+00,0.000000000000000000e+00,-9.504817692881156743e-02,-0.000000000000000000e+00,-0.000000000000000000e+00,-5.453561401508558865e-02,-0.000000000000000000e+00,-0.000000000000000000e+00,-0.000000000000000000e+00,0.000000000000000000e+00,-0.000000000000000000e+00
-0.000000000000000000e+00,-2.877079674580172806e-03,-0.000000000000000000e+00,-0.000000000000000000e+00,-0.000000000000000000e+00,0.000000000000000000e+00,-2.573313090217335120e-01,0.000000000000000000e+00,-0.000000000000000000e+00,-3.477881173440167117e-01,-4.482973904144514632e-02,-0.000000000000000000e+00,-6.586558712749162811e-03,-2.819948898313795124e-02,-0.000000000000000000e+00,-0.000000000000000000e+00,0.000000000000000000e+00,-0.000000000000000000e+00,-0.000000000000000000e+00,-1.799546582455192889e-01,0.000000000000000000e+00,-0.000000000000000000e+00,1.576095643926240131e+00,-0.000000000000000000e+00,-3.800039438019215399e-01,0.000000000000000000e+00,-0.000000000000000000e+00,-0.000000000000000000e+00,0.000000000000000000e+00,-0.000000000000000000e+00,-0.000000000000000000e+00,-0.000000000000000000e+00,0.000000000000000000e+00,-0.000000000000000000e+00,-0.000000000000000000e+00,-0.000000000000000000e+00,-0.000000000000000000e+00,-0.000000000000000000e+00,-2.321959642793098300e-01
-1.173250933667981527e-01,-1.623388938016546990e-01,-0.000000000000000000e+00,0.000000000000000000e+00,-0.000000000000000000e+00,1.967219669953186589e-02,0.000000000000000000e+00,0.000000000000000000e+00,-8.870539394332745131e-02,-1.781671524176991692e-02,0.000000000000000000e+00,0.000000000000000000e+00,6.206485683388248548e-02,-0.000000000000000000e+00,0.000000000000000000e+00,-4.778327888589423145e-02,0.000000000000000000e+00,0.000000000000000000e+00,0.000000000000000000e+00,0.000000000000000000e+00,-0.000000000000000000e+00,0.000000000000000000e+00,-0.000000000000000000e+00,1.181916063831935482e+00,-0.000000000000000000e+00,-1.050742758735337123e-01,-0.000000000000000000e+00,0.000000000000000000e+00,-0.000000000000000000e+00,-2.007597834326234343e-01,-0.000000000000000000e+00,0.000000000000000000e+00,-0.000000000000000000e+00,0.000000000000000000e+00,-0.000000000000000000e+00,0.000000000000000000e+00,-0.000000000000000000e+00,0.000000000000000000e+00,-0.000000000000000000e+00
0.000000000000000000e+00,-0.000000000000000000e+00,-0.000000000000000000e+00,-0.000000000000000000e+00,0.000000000000000000e+00,-0.000000000000000000e+00,-8.683566196834881928e-03,0.000000000000000000e+00,-0.000000000000000000e+00,-0.000000000000000000e+00,-0.000000000000000000e+00,-9.556719656728598911e-02,-0.000000000000000000e+00,-2.893978809826029952e-01,-0.000000000000000000e+00,0.000000000000000000e+00,0.000000000000000000e+00,-0.000000000000000000e+00,-0.000000000000000000e+00,-0.000000000000000000e+00,-0.000000000000000000e+00,-9.009984624225231276e-02,-3.800039438019215399e-01,-0.000000000000000000e+00,1.419314830401826821e+00,0.000000000000000000e+00,-0.000000000000000000e+00,-0.000000000000000000e+00,0.000000000000000000e+00,-0.000000000000000000e+00,-7.491393149618211234e-02,-0.000000000000000000e+00,-1.159223630785835013e-01,-2.083129285898834004e-02,-0.000000000000000000e+00,-0.000000000000000000e+00,-4.572309462925712616e-03,0.000000000000000000e+00,-0.000000000000000000e+00
-0.000000000000000000e+00,-0.000000000000000000e+00,-0.000000000000000000e+00,0.000000000000000000e+00,-4.428969229096639537e-02,-0.000000000000000000e+00,1.517090417331432017e-02,0.000000000000000000e+00,-8.677542931433734896e-02,-0.000000000000000000e+00,-0.000000000000000000e+00,0.000000000000000000e+00,0.000000000000000000e+00,-0.000000000000000000e+00,0.000000000000000000e+00,-3.720044714113707185e-02,-2.791895749594930920e-01,-0.000000000000000000e+00,-0.000000000000000000e+00,0.000000000000000000e+00,-1.621664830724191264e-01,0.000000000000000000e+00,0.000000000000000000e+00,-1.050742758735337123e-01,0.000000000000000000e+00,1.733178254353199943e+00,-3.076770627879507058e-01,-0.000000000000000000e+00,-6.152628749801526409e-01,-6.226810517902459097e-02,-0.000000000000000000e+00,-0.000000000000000000e+00,-0.000000000000000000e+00,0.000000000000000000e+00,-1.960588364214411183e-01,-0.000000000000000000e+00,-0.000000000000000000e+00,0.000000000000000000e+00,0.000000000000000000e+00
9.072204696712497796e-02,0.000000000000000000e+00,-0.000000000000000000e+00,0.000000000000000000e+00,-0.000000000000000000e+00,-7.026649566178677121e-03,-0.000000000000000000e+00,0.000000000000000000e+00,-0.000000000000000000e+00,-0.000000000000000000e+00,-9.274483701158238447e-02,-0.000000000000000000e+00,0.000000000000000000e+00,-1.173662034895645717e-01,-0.000000000000000000e+00,0.000000000000000000e+00,-0.000000000000000000e+00,-0.000000000000000000e+00,-0.000000000000000000e+00,0.000000000000000000e+00,-0.000000000000000000e+00,-4.149157788217484877e-02,-0.000000000000000000e+00,-0.000000000000000000e+00,-0.000000000000000000e+00,-3.076770627879507058e-01,1.255167579187888904e+00,-0.000000000000000000e+00,-0.000000000000000000e+00,0.000000000000000000e+00,-1.226568758922682578e-01,-8.613526384525292678e-02,-4.940209730347223938e-02,-0.000000000000000000e+00,-0.000000000000000000e+00,-0.000000000000000000e+00,-0.000000000000000000e+00,0.000000000000000000e+00,0.000000000000000000e+00
-0.000000000000000000e+00,-0.000000000000000000e+00,-2.621390124408458644e-01,0.000000000000000000e+00,-1.859521096664731518e-02,-6.586149958285116013e-02,-0.000000000000000000e+00,7.605384018200844753e-02,-1.403863302593297557e-01,-1.927114184944937192e-01,-0.000000000000000000e+00,-0.000000000000000000e+00,-0.000000000000000000e+00,-1.919306231926120876e-01,-1.127711652638846013e-01,0.000000000000000000e+00,-0.000000000000000000e+00,-0.000000000000000000e+00,-9.770561524787954935e-03,-0.000000000000000000e+00,-1.403389364249250371e-01,-0.000000000000000000e+00,-0.000000000000000000e+00,0.000000000000000000e+00,-0.000000000000000000e+00,-0.000000000000000000e+00,-0.000000000000000000e+00,2.365038765035292201e+00,-7.206651231286872149e-03,0.000000000000000000e+00,-4.068582480132021395e-01,-0.000000000000000000e+00,-4.630558480458359938e-01,-4.594802318873260627e-01,-0.000000000000000000e+00,-0.000000000000000000e+00,-5.233539994390737360e-02,-0.000000000000000000e+00,-0.000000000000000000e+00
-0.000000000000000000e+00,-2.148779965666106767e-02,-0.000000000000000000e+00,0.000000000000000000e+00,-0.000000000000000000e+00,-0.000000000000000000e+00,7.818938823080359701e-02,0.000000000000000000e+00,-0.000000000000000000e+00,-0.000000000000000000e+00,-0.000000000000000000e+00,0.000000000000000000e+00,0.000000000000000000e+00,-4.121833414045016769e-02,0.000000000000000000e+00,-0.000000000000000000e+00,-3.725609194387111134e-01,-0.000000000000000000e+00,0.000000000000000000e+00,5.485616973064611629e-02,-2.846333416859425092e-01,0.000000000000000000e+00,0.000000000000000000e+00,-0.000000000000000000e+00,0.000000000000000000e+00,-6.152628749801526409e-01,-0.000000000000000000e+00,-7.206651231286872149e-03,1.849068065989431631e+00,-0.000000000000000000e+00,-0.000000000000000000e+00,-0.000000000000000000e+00,-4.793363729950596980e-02,0.000000000000000000e+00,-2.987814053870900266e-01,-1.813770719219973959e-01,-0.000000000000000000e+00,2.839235936387799267e-02,9.308233082275215245e-03
-2.010507835693161882e-01,-0.000000000000000000e+00,-0.000000000000000000e+00,-0.000000000000000000e+00,-0.000000000000000000e+00,1.759996251808834955e-01,0.000000000000000000e+00,1.962200494207211321e-02,-4.127483084942324409e-01,-0.000000000000000000e+00,0.000000000000000000e+00,0.000000000000000000e+00,-0.000000000000000000e+00,-0.000000000000000000e+00,0.000000000000000000e+00,-1.210218183575304307e+00,-0.000000000000000000e+00,0.000000000000000000e+00,-0.000000000000000000e+00,-0.000000000000000000e+00,0.000000000000000000e+00,0.000000000000000000e+00,-0.000000000000000000e+00,-2.007597834326234343e-01,-0.000000000000000000e+00,-6.226810517902459097e-02,0.000000000000000000e+00,0.000000000000000000e+00,-0.000000000000000000e+00,2.278112753831680770e+00,0.000000000000000000e+00,0.000000000000000000e+00,0.000000000000000000e+00,0.000000000000000000e+00,0.000000000000000000e+00,0.000000000000000000e+00,0.000000000000000000e+00,-9.097817998078308599e-02,-0.000000000000000000e+00
0.000000000000000000e+00,-1.377107696695884231e-01,-1.361561425819318161e-01,0.000000000000000000e+00,-0.000000000000000000e+00,-0.000000000000000000e+00,-0.000000000000000000e+00,9.252640033965603417e-02,-0.000000000000000000e+00,-9.947438873683736582e-02,-0.000000000000000000e+00,-0.000000000000000000e+00,8.619062381634887138e-02,-1.205500002233859114e-01,-0.000000000000000000e+00,8.039987117390987037e-02,0.000000000000000000e+00,0.000000000000000000e+00,-0.000000000000000000e+00,-0.000000000000000000e+00,-8.447021855255738843e-02,-9.504817692881156743e-02,-0.000000000000000000e+00,-0.000000000000000000e+00,-7.491393149618211234e-02,-0.000000000000000000e+00,-1.226568758922682578e-01,-4.068582480132021395e-01,-0.000000000000000000e+00,0.000000000000000000e+00,1.977136498254378205e+00,-0.000000000000000000e+00,-3.495002374684060276e-01,-3.122937194821016615e-01,-0.000000000000000000e+00,-0.000000000000000000e+00,-0.000000000000000000e+00,0.000000000000000000e+00,-3.019752989627549726e-03
0.000000000000000000e+00,-0.000000000000000000e+00,-0.000000000000000000e+00,-0.000000000000000000e+00,-0.000000000000000000e+00,-2.463865433503015512e-01,-0.000000000000000000e+00,0.000000000000000000e+00,-0.000000000000000000e+00,-0.000000000000000000e+00,-1.680290996513372770e-01,-6.311246035313103353e-02,-0.000000000000000000e+00,-3.124020361884343178e-01,-0.000000000000000000e+00,0.000000000000000000e+00,-0.000000000000000000e+00,-2.350741223980674088e-01,-1.492329837112622570e-01,-0.000000000000000000e+00,-0.000000000000000000e+00,-0.000000000000000000e+00,-0.000000000000000000e+00,0.000000000000000000e+00,-0.000000000000000000e+00,-0.000000000000000000e+00,-8.613526384525292678e-02,-0.000000000000000000e+00,-0.000000000000000000e+00,0.000000000000000000e+00,-0.000000000000000000e+00,1.870198007401949303e+00,-1.184968128630526640e-01,-0.000000000000000000e+00,-1.824631979193244991e-01,-1.033722040416162058e-01,-3.204370669671373628e-01,0.000000000000000000e+00,0.000000000000000000e+00
1.507297688364851555e-02,-0.000000000000000000e+00,-0.000000000000000000e+00,4.727868227283221064e-02,-0.000000000000000000e+00,-1.277289632419939536e-01,-0.000000000000000000e+00,1.951033611227908846e-02,-8.129843424576270461e-02,-0.000000000000000000e+00,-0.000000000000000000e+00,-0.000000000000000000e+00,0.000000000000000000e+00,-7.101176310599217889e-02,-0.000000000000000000e+00,0.000000000000000000e+00,-0.000000000000000000e+00,-0.000000000000000000e+00,-2.737808422839299247e-02,0.000000000000000000e+00,-1.593132097675802328e-01,-0.000000000000000000e+00,0.000000000000000000e+00,-0.000000000000000000e+00,-1.159223630785835013e-01,-0.000000000000000000e+00,-4.940209730347223938e-02,-4.630558480458359938e-01,-4.793363729950596980e-02,0.000000000000000000e+00,-3.495002374684060276e-01,-1.184968128630526640e-01,1.881723077955301582e+00,-2.011414598625783645e-01,-4.997492842497949089e-02,-0.000000000000000000e+00,-0.000000000000000000e+00,0.000000000000000000e+00,-0.000000000000000000e+00
0.000000000000000000e+00,-0.000000000000000000e+00,-0.000000000000000000e+00,0.000000000000000000e+00,-0.000000000000000000e+00,-1.321582853499440602e-01,-2.196349575322218417e-01,0.000000000000000000e+00,-0.000000000000000000e+00,-0.000000000000000000e+00,-7.270386109558879323e-04,-6.526273104520621260e-01,-0.000000000000000000e+00,-2.744918086723187600e-01,-8.475993050829749853e-01,0.000000000000000000e+00,0.000000000000000000e+00,-0.000000000000000000e+00,-0.000000000000000000e+00,-0.000000000000000000e+00,-0.000000000000000000e+00,-5.453561401508558865e-02,-0.000000000000000000e+00,0.000000000000000000e+00,-2.083129285898834004e-02,0.000000000000000000e+00,-0.000000000000000000e+00,-4.594802318873260627e-01,0.000000000000000000e+00,0.000000000000000000e+00,-3.122937194821016615e-01,-0.000000000000000000e+00,-2.011414598625783645e-01,2.960906523678249247e+00,-0.000000000000000000e+00,-0.000000000000000000e+00,-2.938359656670865711e-02,-0.000000000000000000e+00,-0.000000000000000000e+00
-0.000000000000000000e+00,-1.103324426414644122e-01,-0.000000000000000000e+00,1.173910699970122651e-01,0.000000000000000000e+00,-1.774081125141693804e-01,0.000000000000000000e+00,0.000000000000000000e+00,-0.000000000000000000e+00,-0.000000000000000000e+00,-0.000000000000000000e+00,-0.000000000000000000e+00,0.000000000000000000e+00,-0.000000000000000000e+00,-0.000000000000000000e+00,0.000000000000000000e+00,-0.000000000000000000e+00,-0.000000000000000000e+00,0.000000000000000000e+00,0.000000000000000000e+00,-7.421514147915307669e-02,-0.000000000000000000e+00,-0.000000000000000000e+00,-0.000000000000000000e+00,-0.000000000000000000e+00,-1.960588364214411183e-01,-0.000000000000000000e+00,-0.000000000000000000e+00,-2.987814053870900266e-01,0.000000000000000000e+00,-0.000000000000000000e+00,-1.824631979193244991e-01,-4.997492842497949089e-02,-0.000000000000000000e+00,2.130941816526090715e+00,-2.983524175105721210e-01,-7.829258645841761233e-01,2.401809654083247522e-02,1.149142595433378655e-01
0.000000000000000000e+00,-0.000000000000000000e+00,0.000000000000000000e+00,-0.000000000000000000e+00,0.000000000000000000e+00,-4.653787264682392455e-01,-0.000000000000000000e+00,-0.000000000000000000e+00,0.000000000000000000e+00,-5.047293359835584164e-02,-7.556360953406325576e-02,-0.000000000000000000e+00,-0.000000000000000000e+00,-0.000000000000000000e+00,-0.000000000000000000e+00,0.000000000000000000e+00,-0.000000000000000000e+00,-8.820028424791120925e-02,0.000000000000000000e+00,-0.000000000000000000e+00,-0.000000000000000000e+00,-0.000000000000000000e+00,-0.000000000000000000e+00,0.000000000000000000e+00,-0.000000000000000000e+00,-0.000000000000000000e+00,-0.000000000000000000e+00,-0.000000000000000000e+00,-1.813770719219973959e-01,0.000000000000000000e+00,-0.000000000000000000e+00,-1.033722040416162058e-01,-0.000000000000000000e+00,-0.000000000000000000e+00,-2.983524175105721210e-01,1.719693213779666330e+00,-1.516744667652654976e-01,2.132277137082245477e-01,1.099373603190956228e-01
0.000000000000000000e+00,-1.535513890933935255e-01,0.000000000000000000e+00,0.000000000000000000e+00,0.000000000000000000e+00,-3.100017639878889786e-01,-0.000000000000000000e+00,-0.000000000000000000e+00,0.000000000000000000e+00,-3.060844737283272346e-02,-1.434347180809582289e-01,-6.709759439125385916e-02,-0.000000000000000000e+00,-0.000000000000000000e+00,-0.000000000000000000e+00,0.000000000000000000e+00,-0.000000000000000000e+00,-0.000000000000000000e+00,-0.000000000000000000e+00,-0.000000000000000000e+00,-0.000000000000000000e+00,-0.000000000000000000e+00,-0.000000000000000000e+00,-0.000000000000000000e+00,-4.572309462925712616e-03,-0.000000000000000000e+00,-0.000000000000000000e+00,-5.233539994390737360e-02,-0.000000000000000000e+00,0.000000000000000000e+00,-0.000000000000000000e+00,-3.204370669671373628e-01,-0.000000000000000000e+00,-2.938359656670865711e-02,-7.829258645841761233e-01,-1.516744667652654976e-01,2.097978521167067179e+00,0.000000000000000000e+00,0.000000000000000000e+00
-0.000000000000000000e+00,0.000000000000000000e+00,-0.000000000000000000e+00,-0.000000000000000000e+00,-0.000000000000000000e+00,0.000000000000000000e+00,-0.000000000000000000e+00,0.000000000000000000e+00,-4.141718906431259700e-02,0.000000000000000000e+00,0.000000000000000000e+00,-0.000000000000000000e+00,-0.000000000000000000e+00,0.000000000000000000e+00,-0.000000000000000000e+00,-3.176311276027289354e-01,0.000000000000000000e+00,-0.000000000000000000e+00,-1.580067378104897668e-01,-1.934920948393766549e-01,2.859849341715163182e-02,0.000000000000000000e+00,-0.000000000000000000e+00,0.000000000000000000e+00,0.000000000000000000e+00,0.000000000000000000e+00,0.000000000000000000e+00,-0.000000000000000000e+00,2.839235936387799267e-02,-9.097817998078308599e-02,0.000000000000000000e+00,0.000000000000000000e+00,0.000000000000000000e+00,-0.000000000000000000e+00,2.401809654083247522e-02,2.132277137082245477e-01,0.000000000000000000e+00,1.544576401383584763e+00,-4.635619795812676025e-01
-0.000000000000000000e+00,-0.000000000000000000e+00,-4.874119992509736571e-02,-0.000000000000000000e+00,-0.000000000000000000e+00,6.359730974775457124e-02,-1.207141290015982665e-01,6.104147473844199340e-02,-4.231871289185248908e-01,-0.000000000000000000e+00,-0.000000000000000000e+00,-0.000000000000000000e+00,-0.000000000000000000e+00,-0.000000000000000000e+00,-0.000000000000000000e+00,-0.000000000000000000e+00,9.563491686704247985e-02,-0.000000000000000000e+00,-1.186689529514253078e-01,-2.018592390521141977e-01,0.000000000000000000e+00,-0.000000000000000000e+00,-2.321959642793098300e-01,-0.000000000000000000e+00,-0.000000000000000000e+00,0.000000000000000000e+00,0.000000000000000000e+00,-0.000000000000000000e+00,9.308233082275215245e-03,-0.000000000000000000e+00,-3.019752989627549726e-03,0.000000000000000000e+00,-0.000000000000000000e+00,-0.000000000000000000e+00,1.149142595433378655e-01,1.099373603190956228e-01,0.000000000000000000e+00,-4.635619795812676025e-01,1.715275907603553529e+00
