1.534029282256647697e+00,-0.000000000000000000e+00,-0.000000000000000000e+00,0.000000000000000000e+00,-0.000000000000000000e+00,0.000000000000000000e+00,0.000000000000000000e+00,0.000000000000000000e+00,-1.750722453824024860e-01,0.000000000000000000e+00,0.000000000000000000e+00,0.000000000000000000e+00,4.079772474217830958e-01,-0.000000000000000000e+00,0.000000000000000000e+00,-5.152790904894035545e-02,-0.000000000000000000e+00,-0.000000000000000000e+00,0.000000000000000000e+00,-0.000000000000000000e+00,-0.000000000000000000e+00,0.000000000000000000e+00,9.668288470650795996e-02,-0.000000000000000000e+00,-0.000000000000000000e+00,-3.621577802904106802e-01,-0.000000000000000000e+00,-1.433947992916778935e-01,-1.262132951118310475e-01,-0.000000000000000000e+00,0.000000000000000000e+00,0.000000000000000000e+00,0.000000000000000000e+00,-0.000000000000000000e+00,-0.000000000000000000e+00,-0.000000000000000000e+00,-0.000000000000000000e+00,-3.142911763612946663e-01,-0.000000000000000000e+00
-0.000000000000000000e+00,1.792703856225651871e+00,-0.000000000000000000e+00,-0.000000000000000000e+00,-0.000000000000000000e+00,0.000000000000000000e+00,-0.000000000000000000e+00,0.000000000000000000e+00,-4.762025747384864005e-02,-2.032901724386955156e-01,-0.000000000000000000e+00,-0.000000000000000000e+00,-0.000000000000000000e+00,-0.000000000000000000e+00,0.000000000000000000e+00,-0.000000000000000000e+00,0.000000000000000000e+00,-3.134171330508939146e-02,-0.000000000000000000e+00,-0.000000000000000000e+00,-0.000000000000000000e+00,-1.676857853610441706e-01,0.000000000000000000e+00,0.000000000000000000e+00,0.000000000000000000e+00,-8.196499609981653181e-03,-5.284836785921765978e-01,-0.000000000000000000e+00,0.000000000000000000e+00,-0.000000000000000000e+00,-2.481132650995497846e-01,-2.559501754427029319e-01,-0.000000000000000000e+00,-0.000000000000000000e+00,-0.000000000000000000e+00,-0.000000000000000000e+00,-0.000000000000000000e+00,-0.000000000000000000e+00,-1.274100574656867324e-01
-0.000000000000000000e+00,-0.000000000000000000e+00,3.093105353248044143e+00,-0.000000000000000000e+00,-6.320712549809892611e-01,0.000000000000000000e+00,-0.000000000000000000e+00,1.285117086394946595e+00,-0.000000000000000000e+00,-2.497161272200044413e-01,0.000000000000000000e+00,-0.000000000000000000e+00,-0.000000000000000000e+00,-6.446454466760933623e-03,0.000000000000000000e+00,-0.000000000000000000e+00,0.000000000000000000e+00,-3.087346394170590314e-01,-0.000000000000000000e+00,-0.000000000000000000e+00,-1.401445928179380629e-01,-2.061827211720781705e-01,-0.000000000000000000e+00,-0.000000000000000000e+00,-0.000000000000000000e+00,-1.008837162806805743e-01,-0.000000000000000000e+00,-0.000000000000000000e+00,-0.000000000000000000e+00,-7.953725741863780507e-02,-0.000000000000000000e+00,-0.000000000000000000e+00,-1.781080976845602348e-01,-0.000000000000000000e+00,-0.000000000000000000e+00,-0.000000000000000000e+00,-0.000000000000000000e+00,-0.000000000000000000e+00,-0.000000000000000000e+00
0.000000000000000000e+00,-0.000000000000000000e+00,-0.000000000000000000e+00,2.205401790418433539e+00,-0.000000000000000000e+00,-0.000000000000000000e+00,0.000000000000000000e+00,0.000000000000000000e+00,-1.611126679811586693e-01,-0.000000000000000000e+00,2.984106299888409364e-01,-0.000000000000000000e+00,-0.000000000000000000e+00,0.000000000000000000e+00,0.000000000000000000e+00,0.000000000000000000e+00,6.502381351940793308e-02,-7.059803432865469075e-02,-8.317071916637913676e-02,0.000000000000000000e+00,0.000000000000000000e+00,-0.000000000000000000e+00,0.000000000000000000e+00,-0.000000000000000000e+00,1.131007224630512786e-01,-0.000000000000000000e+00,-0.000000000000000000e+00,0.000000000000000000e+00,2.411547583016172835e-01,-0.000000000000000000e+00,-0.000000000000000000e+00,0.000000000000000000e+00,0.000000000000000000e+00,-3.197948879153854063e-01,9.126196336877367976e-02,0.000000000000000000e+00,1.277205378236519889e-02,-1.736446005045995111e-01,-7.162260988308457588e-01
-0.000000000000000000e+00,-0.000000000000000000e+00,-6.320712549809892611e-01,-0.000000000000000000e+00,2.069708047687189190e+00,0.000000000000000000e+00,-0.000000000000000000e+00,4.728770993537352862e-01,-9.513222112281123632e-02,-2.869995542834409205e-02,-0.000000000000000000e+00,0.000000000000000000e+00,0.000000000000000000e+00,-1.238326292328531947e-01,0.000000000000000000e+00,-0.000000000000000000e+00,0.000000000000000000e+00,-0.000000000000000000e+00,-0.000000000000000000e+00,-0.000000000000000000e+00,-0.000000000000000000e+00,-0.000000000000000000e+00,-0.000000000000000000e+00,-1.139944693728427022e-01,-0.000000000000000000e+00,-1.238481166000397621e-01,-2.373737810487249744e-01,-0.000000000000000000e+00,-0.000000000000000000e+00,-0.000000000000000000e+00,-9.578790872621086028e-02,-0.000000000000000000e+00,-0.000000000000000000e+00,-0.000000000000000000e+00,-0.000000000000000000e+00,-1.207317633890689773e-01,-0.000000000000000000e+00,-0.000000000000000000e+00,-0.000000000000000000e+00
0.000000000000000000e+00,0.000000000000000000e+00,0.000000000000000000e+00,-0.000000000000000000e+00,0.000000000000000000e+00,2.523277219569739049e+00,1.634975711235678586e-01,-0.000000000000000000e+00,-0.000000000000000000e+00,0.000000000000000000e+00,0.000000000000000000e+00,1.909054004322847942e-02,0.000000000000000000e+00,5.735443875958268906e-02,1.530283265112969138e-01,2.612567675961875446e-01,-2.297987466208644691e-01,1.298231558981560452e-01,0.000000000000000000e+00,8.451213264077369614e-01,3.681230290289072560e-01,1.243070918120177809e-01,-0.000000000000000000e+00,-0.000000000000000000e+00,0.000000000000000000e+00,2.636100591417116223e-02,0.000000000000000000e+00,2.092679851631096266e-01,0.000000000000000000e+00,3.324070309140175067e-02,0.000000000000000000e+00,0.000000000000000000e+00,8.591932022285325710e-02,-0.000000000000000000e+00,0.000000000000000000e+00,0.000000000000000000e+00,0.000000000000000000e+00,0.000000000000000000e+00,0.000000000000000000e+00
0.000000000000000000e+00,-0.000000000000000000e+00,-0.000000000000000000e+00,0.000000000000000000e+00,-0.000000000000000000e+00,1.634975711235678586e-01,1.566034201427642714e+00,0.000000000000000000e+00,0.000000000000000000e+00,-0.000000000000000000e+00,-0.000000000000000000e+00,-0.000000000000000000e+00,-3.352691130313621704e-02,-3.839124226596362516e-02,-1.855516891389867584e-01,-0.000000000000000000e+00,0.000000000000000000e+00,-0.000000000000000000e+00,-9.190678659689888175e-02,-2.585035961833298535e-01,-0.000000000000000000e+00,-0.000000000000000000e+00,-0.000000000000000000e+00,0.000000000000000000e+00,-0.000000000000000000e+00,-0.000000000000000000e+00,-0.000000000000000000e+00,-2.745735065215540102e-02,-0.000000000000000000e+00,-0.000000000000000000e+00,-0.000000000000000000e+00,-2.171396416700609455e-01,-1.809982353845775438e-01,3.180370732292359115e-01,-0.000000000000000000e+00,-0.000000000000000000e+00,-0.000000000000000000e+00,0.000000000000000000e+00,0.000000000000000000e+00
0.000000000000000000e+00,0.000000000000000000e+00,1.285117086394946595e+00,0.000000000000000000e+00,4.728770993537352862e-01,-0.000000000000000000e+00,0.000000000000000000e+00,2.946397922944306913e+00,0.000000000000000000e+00,2.293340157282532099e-02,-0.000000000000000000e+00,0.000000000000000000e+00,-0.000000000000000000e+00,2.725800529779364573e-02,-0.000000000000000000e+00,0.000000000000000000e+00,-0.000000000000000000e+00,1.176445097305661713e-01,0.000000000000000000e+00,0.000000000000000000e+00,2.879943065665115931e-01,1.098748885634150824e-01,0.000000000000000000e+00,0.000000000000000000e+00,1.141979014267489184e-02,1.871215613516016285e-01,0.000000000000000000e+00,7.412945180451402383e-02,0.000000000000000000e+00,0.000000000000000000e+00,0.000000000000000000e+00,0.000000000000000000e+00,2.888394999532831187e-01,0.000000000000000000e+00,0.000000000000000000e+00,1.224454435115721468e-01,0.000000000000000000e+00,0.000000000000000000e+00,0.000000000000000000e+00
-1.750722453824024860e-01,-4.762025747384864005e-02,-0.000000000000000000e+00,-1.611126679811586693e-01,-9.513222112281123632e-02,-0.000000000000000000e+00,0.000000000000000000e+00,0.000000000000000000e+00,2.705235486566876624e+00,-0.000000000000000000e+00,0.000000000000000000e+00,-0.000000000000000000e+00,0.000000000000000000e+00,0.000000000000000000e+00,3.349298753862588879e-02,-0.000000000000000000e+00,0.000000000000000000e+00,-1.757497576732451328e-01,-0.000000000000000000e+00,0.000000000000000000e+00,-0.000000000000000000e+00,-0.000000000000000000e+00,0.000000000000000000e+00,-0.000000000000000000e+00,0.000000000000000000e+00,-0.000000000000000000e+00,-0.000000000000000000e+00,0.000000000000000000e+00,0.000000000000000000e+00,-2.467342419157190769e-01,-0.000000000000000000e+00,0.000000000000000000e+00,0.000000000000000000e+00,-9.023761889440725659e-01,0.000000000000000000e+00,0.000000000000000000e+00,0.000000000000000000e+00,-6.245970940020085793e-01,-5.216847641778350475e-01
0.000000000000000000e+00,-2.032901724386955156e-01,-2.497161272200044413e-01,-0.000000000000000000e+00,-2.869995542834409205e-02,0.000000000000000000e+00,-0.000000000000000000e+00,2.293340157282532099e-02,-0.000000000000000000e+00,2.091957370839960806e+00,-0.000000000000000000e+00,-0.000000000000000000e+00,-1.391659436980972886e-01,-4.037905233555316026e-02,0.000000000000000000e+00,-1.165842676519440735e-02,1.995035199833592940e-02,-1.793952235145944984e-01,-3.499242521742643719e-01,-0.000000000000000000e+00,-0.000000000000000000e+00,-2.324984258149943306e-01,-0.000000000000000000e+00,-0.000000000000000000e+00,0.000000000000000000e+00,-0.000000000000000000e+00,-3.149444776850686412e-02,-0.000000000000000000e+00,0.000000000000000000e+00,-4.207136438905496045e-01,-3.431772496263335581e-01,-0.000000000000000000e+00,-0.000000000000000000e+00,-0.000000000000000000e+00,-0.000000000000000000e+00,-0.000000000000000000e+00,-0.000000000000000000e+00,-0.000000000000000000e+00,-0.000000000000000000e+00
0.000000000000000000e+00,-0.000000000000000000e+00,0.000000000000000000e+00,2.984106299888409364e-01,-0.000000000000000000e+00,0.000000000000000000e+00,-0.000000000000000000e+00,-0.000000000000000000e+00,0.000000000000000000e+00,-0.000000000000000000e+00,1.880943312857746186e+00,0.000000000000000000e+00,0.000000000000000000e+00,-0.000000000000000000e+00,-0.000000000000000000e+00,-0.000000000000000000e+00,-3.985252615908828622e-01,0.000000000000000000e+00,0.000000000000000000e+00,-0.000000000000000000e+00,0.000000000000000000e+00,0.000000000000000000e+00,-0.000000000000000000e+00,0.000000000000000000e+00,-0.000000000000000000e+00,0.000000000000000000e+00,-0.000000000000000000e+00,-0.000000000000000000e+00,-0.000000000000000000e+00,0.000000000000000000e+00,-0.000000000000000000e+00,-1.947668976415327380e-01,-0.000000000000000000e+00,3.576070407379222105e-01,-2.982825259095067683e-01,-0.000000000000000000e+00,-0.000000000000000000e+00,2.655570477389437856e-01,1.631183112760413167e-01
0.000000000000000000e+00,-0.000000000000000000e+00,-0.000000000000000000e+00,-0.000000000000000000e+00,0.000000000000000000e+00,1.909054004322847942e-02,-0.000000000000000000e+00,0.000000000000000000e+00,-0.000000000000000000e+00,-0.000000000000000000e+00,0.000000000000000000e+00,1.264873246756141212e+00,-1.072031349880065293e-01,-0.000000000000000000e+00,-1.998995781414114326e-01,-0.000000000000000000e+00,1.157349274130728828e-01,-0.000000000000000000e+00,0.000000000000000000e+00,-4.453243639718320462e-02,-9.057487246176348927e-02,-1.501866702454852098e-01,-0.000000000000000000e+00,0.000000000000000000e+00,0.000000000000000000e+00,-0.000000000000000000e+00,-0.000000000000000000e+00,-0.000000000000000000e+00,-0.000000000000000000e+00,-0.000000000000000000e+00,-0.000000000000000000e+00,-1.504164333375546392e-01,-0.000000000000000000e+00,0.000000000000000000e+00,-0.000000000000000000e+00,-0.000000000000000000e+00,-0.000000000000000000e+00,-0.000000000000000000e+00,-0.000000000000000000e+00
4.079772474217830958e-01,-0.000000000000000000e+00,-0.000000000000000000e+00,-0.000000000000000000e+00,0.000000000000000000e+00,0.000000000000000000e+00,-3.352691130313621704e-02,-0.000000000000000000e+00,0.000000000000000000e+00,-1.391659436980972886e-01,0.000000000000000000e+00,-1.072031349880065293e-01,1.362927796481039788e+00,-0.000000000000000000e+00,-4.915930143878600653e-03,0.000000000000000000e+00,0.000000000000000000e+00,-0.000000000000000000e+00,-0.000000000000000000e+00,-0.000000000000000000e+00,-0.000000000000000000e+00,-2.980158230978803280e-01,-0.000000000000000000e+00,8.897583278790172079e-02,1.399984406046736289e-02,0.000000000000000000e+00,-0.000000000000000000e+00,0.000000000000000000e+00,2.295014466089181360e-01,-0.000000000000000000e+00,-0.000000000000000000e+00,-2.768196265051298122e-01,-0.000000000000000000e+00,0.000000000000000000e+00,0.000000000000000000e+00,-0.000000000000000000e+00,-0.000000000000000000e+00,0.000000000000000000e+00,-0.000000000000000000e+00
-0.000000000000000000e+00,-0.000000000000000000e+00,-6.446454466760933623e-03,0.000000000000000000e+00,-1.238326292328531947e-01,5.735443875958268906e-02,-3.839124226596362516e-02,2.725800529779364573e-02,0.000000000000000000e+00,-4.037905233555316026e-02,-0.000000000000000000e+00,-0.000000000000000000e+00,-0.000000000000000000e+00,1.940977497340000912e+00,-0.000000000000000000e+00,-2.289812220025944645e-01,0.000000000000000000e+00,-0.000000000000000000e+00,-0.000000000000000000e+00,-2.849739568979064303e-02,-0.000000000000000000e+00,-0.000000000000000000e+00,-2.127029336384360092e-01,-8.553941839287032556e-02,-2.282590819828100304e-01,-0.000000000000000000e+00,-0.000000000000000000e+00,-0.000000000000000000e+00,-0.000000000000000000e+00,-2.559618881157440032e-02,-0.000000000000000000e+00,-1.646960828363691967e-02,-3.901381056607059472e-01,0.000000000000000000e+00,-1.832297498333901042e-01,-2.462940691382708158e-01,-2.655489841046305699e-01,0.000000000000000000e+00,0.000000000000000000e+00
0.000000000000000000e+00,0.000000000000000000e+00,0.000000000000000000e+00,0.000000000000000000e+00,0.000000000000000000e+00,1.530283265112969138e-01,-1.855516891389867584e-01,-0.000000000000000000e+00,3.349298753862588879e-02,0.000000000000000000e+00,-0.000000000000000000e+00,-1.998995781414114326e-01,-4.915930143878600653e-03,-0.000000000000000000e+00,1.277188342940560828e+00,-0.000000000000000000e+00,0.000000000000000000e+00,0.000000000000000000e+00,-0.000000000000000000e+00,-2.192253323109037699e-01,-0.000000000000000000e+00,-0.000000000000000000e+00,-0.000000000000000000e+00,0.000000000000000000e+00,0.000000000000000000e+00,-0.000000000000000000e+00,-0.000000000000000000e+00,-0.000000000000000000e+00,-0.000000000000000000e+00,-0.000000000000000000e+00,0.000000000000000000e+00,-0.000000000000000000e+00,-0.000000000000000000e+00,1.097196515875333012e-01,-0.000000000000000000e+00,0.000000000000000000e+00,-0.000000000000000000e+00,0.000000000000000000e+00,0.000000000000000000e+00
-5.152790904894035545e-02,-0.000000000000000000e+00,-0.000000000000000000e+00,0.000000000000000000e+00,-0.000000000000000000e+00,2.612567675961875446e-01,-0.000000000000000000e+00,0.000000000000000000e+00,-0.000000000000000000e+00,-1.165842676519440735e-02,-0.000000000000000000e+00,-0.000000000000000000e+00,0.000000000000000000e+00,-2.289812220025944645e-01,-0.000000000000000000e+00,1.822907074543007822e+00,0.000000000000000000e+00,-6.718577582983986489e-03,-0.000000000000000000e+00,-0.000000000000000000e+00,-0.000000000000000000e+00,-0.000000000000000000e+00,-0.000000000000000000e+00,-0.000000000000000000e+00,-0.000000000000000000e+00,-0.000000000000000000e+00,0.000000000000000000e+00,-4.264645392566465132e-01,-0.000000000000000000e+00,-6.614380139195389363e-01,0.000000000000000000e+00,0.000000000000000000e+00,-0.000000000000000000e+00,0.000000000000000000e+00,-0.000000000000000000e+00,-0.000000000000000000e+00,-0.000000000000000000e+00,-0.000000000000000000e+00,0.000000000000000000e+00
-0.000000000000000000e+00,0.000000000000000000e+00,0.000000000000000000e+00,6.502381351940793308e-02,0.000000000000000000e+00,-2.297987466208644691e-01,0.000000000000000000e+00,-0.000000000000000000e+00,0.000000000000000000e+00,1.995035199833592940e-02,-3.985252615908828622e-01,1.157349274130728828e-01,0.000000000000000000e+00,0.000000000000000000e+00,0.000000000000000000e+00,0.000000000000000000e+00,2.070150129897382119e+00,3.018271382643253342e-01,1.094235678592681421e-01,0.000000000000000000e+00,7.721921748724763258e-03,3.276010812135013994e-01,-0.000000000000000000e+00,-0.000000000000000000e+00,-0.000000000000000000e+00,4.925910899976108231e-02,3.240435243127599146e-02,0.000000000000000000e+00,-0.000000000000000000e+00,0.000000000000000000e+00,0.000000000000000000e+00,0.000000000000000000e+00,0.000000000000000000e+00,0.000000000000000000e+00,-0.000000000000000000e+00,-0.000000000000000000e+00,0.000000000000000000e+00,2.168217283505278481e-01,4.139853895448886156e-01
-0.000000000000000000e+00,-3.134171330508939146e-02,-3.087346394170590314e-01,-7.059803432865469075e-02,-0.000000000000000000e+00,1.298231558981560452e-01,-0.000000000000000000e+00,1.176445097305661713e-01,-1.757497576732451328e-01,-1.793952235145944984e-01,0.000000000000000000e+00,-0.000000000000000000e+00,-0.000000000000000000e+00,-0.000000000000000000e+00,0.000000000000000000e+00,-6.718577582983986489e-03,3.018271382643253342e-01,2.392226046056241007e+00,-4.101235465123865276e-01,-0.000000000000000000e+00,-7.117088497405733849e-02,-9.534910817049388476e-02,0.000000000000000000e+00,-0.000000000000000000e+00,-0.000000000000000000e+00,-1.895507433746371484e-01,-8.228558353402039283e-02,-0.000000000000000000e+00,0.000000000000000000e+00,-2.200300240168650001e-01,-0.000000000000000000e+00,-0.000000000000000000e+00,-0.000000000000000000e+00,-0.000000000000000000e+00,-0.000000000000000000e+00,-0.000000000000000000e+00,-0.000000000000000000e+00,-3.293799646020092453e-01,-0.000000000000000000e+00
0.000000000000000000e+00,-0.000000000000000000e+00,-0.000000000000000000e+00,-8.317071916637913676e-02,-0.000000000000000000e+00,0.000000000000000000e+00,-9.190678659689888175e-02,0.000000000000000000e+00,-0.000000000000000000e+00,-3.499242521742643719e-01,0.000000000000000000e+00,0.000000000000000000e+00,-0.000000000000000000e+00,-0.000000000000000000e+00,-0.000000000000000000e+00,-0.000000000000000000e+00,1.094235678592681421e-01,-4.101235465123865276e-01,1.437227303139903878e+00,-0.000000000000000000e+00,-0.000000000000000000e+00,-0.000000000000000000e+00,-0.000000000000000000e+00,0.000000000000000000e+00,-0.000000000000000000e+00,-0.000000000000000000e+00,-0.000000000000000000e+00,-0.000000000000000000e+00,0.000000000000000000e+00,-0.000000000000000000e+00,-0.000000000000000000e+00,-0.000000000000000000e+00,-0.000000000000000000e+00,-0.000000000000000000e+00,-0.000000000000000000e+00,0.000000000000000000e+00,0.000000000000000000e+00,-0.000000000000000000e+00,-0.000000000000000000e+00
-0.000000000000000000e+00,-0.000000000000000000e+00,-0.000000000000000000e+00,0.000000000000000000e+00,-0.000000000000000000e+00,8.451213264077369614e-01,-2.585035961833298535e-01,0.000000000000000000e+00,0.000000000000000000e+00,-0.000000000000000000e+00,-0.000000000000000000e+00,-4.453243639718320462e-02,-0.000000000000000000e+00,-2.849739568979064303e-02,-2.192253323109037699e-01,-0.000000000000000000e+00,0.000000000000000000e+00,-0.000000000000000000e+00,-0.000000000000000000e+00,2.722195378167117763e+00,-6.391804369507606554e-01,-2.671390758456462233e-01,0.000000000000000000e+00,0.000000000000000000e+00,-0.000000000000000000e+00,-0.000000000000000000e+00,-0.000000000000000000e+00,-2.513316439060175322e-01,-0.000000000000000000e+00,-0.000000000000000000e+00,-0.000000000000000000e+00,-7.891760756544773103e-02,-1.649409285228919386e-01,0.000000000000000000e+00,-0.000000000000000000e+00,-0.000000000000000000e+00,-5.687337133454988675e-02,-0.000000000000000000e+00,-0.000000000000000000e+00
-0.000000000000000000e+00,-0.000000000000000000e+00,-1.401445928179380629e-01,0.000000000000000000e+00,-0.000000000000000000e+00,3.681230290289072560e-01,-0.000000000000000000e+00,2.879943065665115931e-01,-0.000000000000000000e+00,-0.000000000000000000e+00,0.000000000000000000e+00,-9.057487246176348927e-02,-0.000000000000000000e+00,-0.000000000000000000e+00,-0.000000000000000000e+00,-0.000000000000000000e+00,7.721921748724763258e-03,-7.117088497405733849e-02,-0.000000000000000000e+00,-6.391804369507606554e-01,2.852830597596383910e+00,-6.914636348244944664e-01,0.000000000000000000e+00,0.000000000000000000e+00,-0.000000000000000000e+00,-1.255277476725587260e-01,-0.000000000000000000e+00,-2.006802790711743889e-01,-0.000000000000000000e+00,-0.000000000000000000e+00,-0.000000000000000000e+00,-0.000000000000000000e+00,-3.413379553309507375e-01,0.000000000000000000e+00,-0.000000000000000000e+00,-0.000000000000000000e+00,-0.000000000000000000e+00,-0.000000000000000000e+00,-0.000000000000000000e+00
0.000000000000000000e+00,-1.676857853610441706e-01,-2.061827211720781705e-01,-0.000000000000000000e+00,-0.000000000000000000e+00,1.243070918120177809e-01,-0.000000000000000000e+00,1.098748885634150824e-01,-0.000000000000000000e+00,-2.324984258149943306e-01,0.000000000000000000e+00,-1.501866702454852098e-01,-2.980158230978803280e-01,-0.000000000000000000e+00,-0.000000000000000000e+00,-0.000000000000000000e+00,3.276010812135013994e-01,-9.534910817049388476e-02,-0.000000000000000000e+00,-2.671390758456462233e-01,-6.914636348244944664e-01,2.721065285970275749e+00,0.000000000000000000e+00,0.000000000000000000e+00,0.000000000000000000e+00,-0.000000000000000000e+00,-1.947068052037911889e-01,-0.000000000000000000e+00,0.000000000000000000e+00,-0.000000000000000000e+00,-0.000000000000000000e+00,-1.291283243710616147e-01,-1.753326033171010712e-01,0.000000000000000000e+00,-0.000000000000000000e+00,-0.000000000000000000e+00,-0.000000000000000000e+00,-0.000000000000000000e+00,-0.000000000000000000e+00
9.668288470650795996e-02,0.000000000000000000e+00,-0.000000000000000000e+00,0.000000000000000000e+00,-0.000000000000000000e+00,-0.000000000000000000e+00,-0.000000000000000000e+00,0.000000000000000000e+00,0.000000000000000000e+00,-0.000000000000000000e+00,-0.000000000000000000e+00,-0.000000000000000000e+00,-0.000000000000000000e+00,-2.127029336384360092e-01,-0.000000000000000000e+00,-0.000000000000000000e+00,-0.000000000000000000e+00,0.000000000000000000e+00,-0.000000000000000000e+00,0.000000000000000000e+00,0.000000000000000000e+00,0.000000000000000000e+00,1.159310241318717960e+00,-9.684372534831274526e-02,-7.712106900784446162e-02,0.000000000000000000e+00,-0.000000000000000000e+00,0.000000000000000000e+00,0.000000000000000000e+00,0.000000000000000000e+00,-0.000000000000000000e+00,-0.000000000000000000e+00,-0.000000000000000000e+00,0.000000000000000000e+00,-1.222076694051030671e-01,-0.000000000000000000e+00,-0.000000000000000000e+00,1.902737354514703605e-01,0.000000000000000000e+00
-0.000000000000000000e+00,0.000000000000000000e+00,-0.000000000000000000e+00,-0.000000000000000000e+00,-1.139944693728427022e-01,-0.000000000000000000e+00,0.000000000000000000e+00,0.000000000000000000e+00,-0.000000000000000000e+00,-0.000000000000000000e+00,0.000000000000000000e+00,0.000000000000000000e+00,8.897583278790172079e-02,-8.553941839287032556e-02,0.000000000000000000e+00,-0.000000000000000000e+00,-0.000000000000000000e+00,-0.000000000000000000e+00,0.000000000000000000e+00,0.000000000000000000e+00,0.000000000000000000e+00,0.000000000000000000e+00,-9.684372534831274526e-02,1.050533089378303586e+00,-0.000000000000000000e+00,-4.263853278907245130e-03,-0.000000000000000000e+00,0.000000000000000000e+00,-0.000000000000000000e+00,-4.470670944049640050e-02,-0.000000000000000000e+00,-0.000000000000000000e+00,0.000000000000000000e+00,-0.000000000000000000e+00,-0.000000000000000000e+00,0.000000000000000000e+00,-0.000000000000000000e+00,-0.000000000000000000e+00,-0.000000000000000000e+00
-0.000000000000000000e+00,0.000000000000000000e+00,-0.000000000000000000e+00,1.131007224630512786e-01,-0.000000000000000000e+00,0.000000000000000000e+00,-0.000000000000000000e+00,1.141979014267489184e-02,0.000000000000000000e+00,0.000000000000000000e+00,-0.000000000000000000e+00,0.000000000000000000e+00,1.399984406046736289e-02,-2.282590819828100304e-01,0.000000000000000000e+00,-0.000000000000000000e+00,-0.000000000000000000e+00,-0.000000000000000000e+00,-0.000000000000000000e+00,-0.000000000000000000e+00,-0.000000000000000000e+00,0.000000000000000000e+00,-7.712106900784446162e-02,-0.000000000000000000e+00,1.531769140396163298e+00,-0.000000000000000000e+00,0.000000000000000000e+00,-7.762016067496385618e-02,-3.339828513924383291e-01,0.000000000000000000e+00,0.000000000000000000e+00,0.000000000000000000e+00,-7.107308215296204157e-02,0.000000000000000000e+00,-2.064913931255238366e-01,-5.957964031389326870e-02,-0.000000000000000000e+00,0.000000000000000000e+00,2.523652648340398152e-01
-3.621577802904106802e-01,-8.196499609981653181e-03,-1.008837162806805743e-01,-0.000000000000000000e+00,-1.238481166000397621e-01,2.636100591417116223e-02,-0.000000000000000000e+00,1.871215613516016285e-01,-0.000000000000000000e+00,-0.000000000000000000e+00,0.000000000000000000e+00,-0.000000000000000000e+00,0.000000000000000000e+00,-0.000000000000000000e+00,-0.000000000000000000e+00,-0.000000000000000000e+00,4.925910899976108231e-02,-1.895507433746371484e-01,-0.000000000000000000e+00,-0.000000000000000000e+00,-1.255277476725587260e-01,-0.000000000000000000e+00,0.000000000000000000e+00,-4.263853278907245130e-03,-0.000000000000000000e+00,1.963745649230906887e+00,-3.414446061533686905e-01,-1.072446292542894725e-01,-1.740710780742210084e-01,-3.056392823972020958e-02,-0.000000000000000000e+00,-0.000000000000000000e+00,-0.000000000000000000e+00,-0.000000000000000000e+00,-0.000000000000000000e+00,-0.000000000000000000e+00,-1.757202436106449980e-02,-2.764700147710414946e-01,-0.000000000000000000e+00
-0.000000000000000000e+00,-5.284836785921765978e-01,-0.000000000000000000e+00,-0.000000000000000000e+00,-2.373737810487249744e-01,0.000000000000000000e+00,-0.000000000000000000e+00,0.000000000000000000e+00,-0.000000000000000000e+00,-3.149444776850686412e-02,-0.000000000000000000e+00,-0.000000000000000000e+00,-0.000000000000000000e+00,-0.000000000000000000e+00,-0.000000000000000000e+00,0.000000000000000000e+00,3.240435243127599146e-02,-8.228558353402039283e-02,-0.000000000000000000e+00,-0.000000000000000000e+00,-0.000000000000000000e+00,-1.947068052037911889e-01,-0.000000000000000000e+00,-0.000000000000000000e+00,0.000000000000000000e+00,-3.414446061533686905e-01,2.372839350223914678e+00,-0.000000000000000000e+00,0.000000000000000000e+00,-0.000000000000000000e+00,-4.491199847336690976e-01,-5.355702916346346543e-01,-0.000000000000000000e+00,-0.000000000000000000e+00,-0.000000000000000000e+00,-0.000000000000000000e+00,-0.000000000000000000e+00,-0.000000000000000000e+00,-1.651123054146268476e-01
-1.433947992916778935e-01,-0.000000000000000000e+00,-0.000000000000000000e+00,0.000000000000000000e+00,-0.000000000000000000e+00,2.092679851631096266e-01,-2.745735065215540102e-02,7.412945180451402383e-02,0.000000000000000000e+00,-0.000000000000000000e+00,-0.000000000000000000e+00,-0.000000000000000000e+00,0.000000000000000000e+00,-0.000000000000000000e+00,-0.000000000000000000e+00,-4.264645392566465132e-01,0.000000000000000000e+00,-0.000000000000000000e+00,-0.000000000000000000e+00,-2.513316439060175322e-01,-2.006802790711743889e-01,-0.000000000000000000e+00,0.000000000000000000e+00,0.000000000000000000e+00,-7.762016067496385618e-02,-1.072446292542894725e-01,-0.000000000000000000e+00,2.158072536264546315e+00,-4.541299986205352135e-01,-0.000000000000000000e+00,0.000000000000000000e+00,-0.000000000000000000e+00,-1.510536709988321291e-01,0.000000000000000000e+00,-1.749029422062569616e-01,-0.000000000000000000e+00,-8.137811262434470339e-02,-0.000000000000000000e+00,0.000000000000000000e+00
-1.262132951118310475e-01,0.000000000000000000e+00,-0.000000000000000000e+00,2.411547583016172835e-01,-0.000000000000000000e+00,0.000000000000000000e+00,-0.000000000000000000e+00,0.000000000000000000e+00,0.000000000000000000e+00,0.000000000000000000e+00,-0.000000000000000000e+00,-0.000000000000000000e+00,2.295014466089181360e-01,-0.000000000000000000e+00,-0.000000000000000000e+00,-0.000000000000000000e+00,-0.000000000000000000e+00,0.000000000000000000e+00,0.000000000000000000e+00,-0.000000000000000000e+00,-0.000000000000000000e+00,0.000000000000000000e+00,0.000000000000000000e+00,-0.000000000000000000e+00,-3.339828513924383291e-01,-1.740710780742210084e-01,0.000000000000000000e+00,-4.541299986205352135e-01,1.882461712576066315e+00,-0.000000000000000000e+00,0.000000000000000000e+00,-0.000000000000000000e+00,-0.000000000000000000e+00,0.000000000000000000e+00,-2.721321562474158795e-01,-0.000000000000000000e+00,-3.460784857162589878e-01,-0.000000000000000000e+00,9.340812379320022341e-02
-0.000000000000000000e+00,-0.000000000000000000e+00,-7.953725741863780507e-02,-0.000000000000000000e+00,-0.000000000000000000e+00,3.324070309140175067e-02,-0.000000000000000000e+00,0.000000000000000000e+00,-2.467342419157190769e-01,-4.207136438905496045e-01,0.000000000000000000e+00,-0.000000000000000000e+00,-0.000000000000000000e+00,-2.559618881157440032e-02,-0.000000000000000000e+00,-6.614380139195389363e-01,0.000000000000000000e+00,-2.200300240168650001e-01,-0.000000000000000000e+00,-0.000000000000000000e+00,-0.000000000000000000e+00,-0.000000000000000000e+00,0.000000000000000000e+00,-4.470670944049640050e-02,0.000000000000000000e+00,-3.056392823972020958e-02,-0.000000000000000000e+00,-0.000000000000000000e+00,-0.000000000000000000e+00,1.988830265529826669e+00,-0.000000000000000000e+00,-0.000000000000000000e+00,-0.000000000000000000e+00,-0.000000000000000000e+00,0.000000000000000000e+00,-0.000000000000000000e+00,-0.000000000000000000e+00,-2.439810561491138619e-01,-0.000000000000000000e+00
0.000000000000000000e+00,-2.481132650995497846e-01,-0.000000000000000000e+00,-0.000000000000000000e+00,-9.578790872621086028e-02,0.000000000000000000e+00,-0.000000000000000000e+00,0.000000000000000000e+00,-0.000000000000000000e+00,-3.431772496263335581e-01,-0.000000000000000000e+00,-0.000000000000000000e+00,-0.000000000000000000e+00,-0.000000000000000000e+00,0.000000000000000000e+00,0.000000000000000000e+00,0.000000000000000000e+00,-0.000000000000000000e+00,-0.000000000000000000e+00,-0.000000000000000000e+00,-0.000000000000000000e+00,-0.000000000000000000e+00,-0.000000000000000000e+00,-0.000000000000000000e+00,0.000000000000000000e+00,-0.000000000000000000e+00,-4.491199847336690976e-01,0.000000000000000000e+00,0.000000000000000000e+00,-0.000000000000000000e+00,1.605559414937062668e+00,-1.072591741490231121e-01,-0.000000000000000000e+00,-0.000000000000000000e+00,-0.000000000000000000e+00,-0.000000000000000000e+00,-0.000000000000000000e+00,-0.000000000000000000e+00,-0.000000000000000000e+00
0.000000000000000000e+00,-2.559501754427029319e-01,-0.000000000000000000e+00,0.000000000000000000e+00,-0.000000000000000000e+00,0.000000000000000000e+00,-2.171396416700609455e-01,0.000000000000000000e+00,0.000000000000000000e+00,-0.000000000000000000e+00,-1.947668976415327380e-01,-1.504164333375546392e-01,-2.768196265051298122e-01,-1.646960828363691967e-02,-0.000000000000000000e+00,0.000000000000000000e+00,0.000000000000000000e+00,-0.000000000000000000e+00,-0.000000000000000000e+00,-7.891760756544773103e-02,-0.000000000000000000e+00,-1.291283243710616147e-01,-0.000000000000000000e+00,-0.000000000000000000e+00,0.000000000000000000e+00,-0.000000000000000000e+00,-5.355702916346346543e-01,-0.000000000000000000e+00,-0.000000000000000000e+00,-0.000000000000000000e+00,-1.072591741490231121e-01,2.182895474773251188e+00,-8.147219998548145548e-02,0.000000000000000000e+00,-5.665674378779547021e-02,-7.384735708563116945e-03,-5.460148046829895740e-01,0.000000000000000000e+00,-0.000000000000000000e+00
0.000000000000000000e+00,-0.000000000000000000e+00,-1.781080976845602348e-01,0.000000000000000000e+00,-0.000000000000000000e+00,8.591932022285325710e-02,-1.809982353845775438e-01,2.888394999532831187e-01,0.000000000000000000e+00,-0.000000000000000000e+00,-0.000000000000000000e+00,-0.000000000000000000e+00,-0.000000000000000000e+00,-3.901381056607059472e-01,-0.000000000000000000e+00,-0.000000000000000000e+00,0.000000000000000000e+00,-0.000000000000000000e+00,-0.000000000000000000e+00,-1.649409285228919386e-01,-3.413379553309507375e-01,-1.753326033171010712e-01,-0.000000000000000000e+00,0.000000000000000000e+00,-7.107308215296204157e-02,-0.000000000000000000e+00,-0.000000000000000000e+00,-1.510536709988321291e-01,-0.000000000000000000e+00,-0.000000000000000000e+00,-0.000000000000000000e+00,-8.147219998548145548e-02,2.421868071964396574e+00,2.587198042486005267e-01,-8.737645167113902711e-02,-2.456448377243621028e-01,-1.279936683702471434e-01,0.000000000000000000e+00,0.000000000000000000e+00
-0.000000000000000000e+00,-0.000000000000000000e+00,-0.000000000000000000e+00,-3.197948879153854063e-01,-0.000000000000000000e+00,-0.000000000000000000e+00,3.180370732292359115e-01,0.000000000000000000e+00,-9.023761889440725659e-01,-0.000000000000000000e+00,3.576070407379222105e-01,0.000000000000000000e+00,0.000000000000000000e+00,0.000000000000000000e+00,1.097196515875333012e-01,0.000000000000000000e+00,0.000000000000000000e+00,-0.000000000000000000e+00,-0.000000000000000000e+00,0.000000000000000000e+00,0.000000000000000000e+00,0.000000000000000000e+00,0.000000000000000000e+00,-0.000000000000000000e+00,0.000000000000000000e+00,-0.000000000000000000e+00,-0.000000000000000000e+00,0.000000000000000000e+00,0.000000000000000000e+00,-0.000000000000000000e+00,-0.000000000000000000e+00,0.000000000000000000e+00,2.587198042486005267e-01,2.396169035752490739e+00,1.337337446860067391e-01,0.000000000000000000e+00,3.563287873555492230e-02,-1.272160794321364474e-01,-2.593701468297515134e-01
-0.000000000000000000e+00,-0.000000000000000000e+00,-0.000000000000000000e+00,9.126196336877367976e-02,-0.000000000000000000e+00,0.000000000000000000e+00,-0.000000000000000000e+00,0.000000000000000000e+00,0.000000000000000000e+00,-0.000000000000000000e+00,-2.982825259095067683e-01,-0.000000000000000000e+00,0.000000000000000000e+00,-1.832297498333901042e-01,-0.000000000000000000e+00,-0.000000000000000000e+00,-0.000000000000000000e+00,-0.000000000000000000e+00,-0.000000000000000000e+00,-0.000000000000000000e+00,-0.000000000000000000e+00,-0.000000000000000000e+00,-1.222076694051030671e-01,-0.000000000000000000e+00,-2.064913931255238366e-01,-0.000000000000000000e+00,-0.000000000000000000e+00,-1.749029422062569616e-01,-2.721321562474158795e-01,0.000000000000000000e+00,-0.000000000000000000e+00,-5.665674378779547021e-02,-8.737645167113902711e-02,1.337337446860067391e-01,2.117074769109622778e+00,-6.947752684627482578e-02,-6.817136851710436929e-01,0.000000000000000000e+00,0.000000000000000000e+00
-0.000000000000000000e+00,-0.000000000000000000e+00,-0.000000000000000000e+00,0.000000000000000000e+00,-1.207317633890689773e-01,0.000000000000000000e+00,-0.000000000000000000e+00,1.224454435115721468e-01,0.000000000000000000e+00,-0.000000000000000000e+00,-0.000000000000000000e+00,-0.000000000000000000e+00,-0.000000000000000000e+00,-2.462940691382708158e-01,0.000000000000000000e+00,-0.000000000000000000e+00,-0.000000000000000000e+00,-0.000000000000000000e+00,0.000000000000000000e+00,-0.000000000000000000e+00,-0.000000000000000000e+00,-0.000000000000000000e+00,-0.000000000000000000e+00,0.000000000000000000e+00,-5.957964031389326870e-02,-0.000000000000000000e+00,-0.000000000000000000e+00,-0.000000000000000000e+00,-0.000000000000000000e+00,-0.000000000000000000e+00,-0.000000000000000000e+00,-7.384735708563116945e-03,-2.456448377243621028e-01,0.000000000000000000e+00,-6.947752684627482578e-02,1.402652675242762159e+00,-1.387688332573949190e-01,0.000000000000000000e+00,0.000000000000000000e+00
-0.000000000000000000e+00,-0.000000000000000000e+00,-0.000000000000000000e+00,1.277205378236519889e-02,-0.000000000000000000e+00,0.000000000000000000e+00,-0.000000000000000000e+00,0.000000000000000000e+00,0.000000000000000000e+00,-0.000000000000000000e+00,-0.000000000000000000e+00,-0.000000000000000000e+00,-0.000000000000000000e+00,-2.655489841046305699e-01,-0.000000000000000000e+00,-0.000000000000000000e+00,0.000000000000000000e+00,-0.000000000000000000e+00,0.000000000000000000e+00,-5.687337133454988675e-02,-0.000000000000000000e+00,-0.000000000000000000e+00,-0.000000000000000000e+00,-0.000000000000000000e+00,-0.000000000000000000e+00,-1.757202436106449980e-02,-0.000000000000000000e+00,-8.137811262434470339e-02,-3.460784857162589878e-01,-0.000000000000000000e+00,-0.000000000000000000e+00,-5.460148046829895740e-01,-1.279936683702471434e-01,3.563287873555492230e-02,-6.817136851710436929e-01,-1.387688332573949190e-01,2.229559419938944131e+00,0.000000000000000000e+00,0.000000000000000000e+00
-3.142911763612946663e-01,-0.000000000000000000e+00,-0.000000000000000000e+00,-1.736446005045995111e-01,-0.000000000000000000e+00,0.000000000000000000e+00,0.000000000000000000e+00,0.000000000000000000e+00,-6.245970940020085793e-01,-0.000000000000000000e+00,2.655570477389437856e-01,-0.000000000000000000e+00,0.000000000000000000e+00,0.000000000000000000e+00,0.000000000000000000e+00,-0.000000000000000000e+00,2.168217283505278481e-01,-3.293799646020092453e-01,-0.000000000000000000e+00,-0.000000000000000000e+00,-0.000000000000000000e+00,-0.000000000000000000e+00,1.902737354514703605e-01,-0.000000000000000000e+00,0.000000000000000000e+00,-2.764700147710414946e-01,-0.000000000000000000e+00,-0.000000000000000000e+00,-0.000000000000000000e+00,-2.439810561491138619e-01,-0.000000000000000000e+00,0.000000000000000000e+00,0.000000000000000000e+00,-1.272160794321364474e-01,0.000000000000000000e+00,0.000000000000000000e+00,0.000000000000000000e+00,2.587854704330656563e+00,-3.122155741123507355e-01
-0.000000000000000000e+00,-1.274100574656867324e-01,-0.000000000000000000e+00,-7.162260988308457588e-01,-0.000000000000000000e+00,0.000000000000000000e+00,0.000000000000000000e+00,0.000000000000000000e+00,-5.216847641778350475e-01,-0.000000000000000000e+00,1.631183112760413167e-01,-0.000000000000000000e+00,-0.000000000000000000e+00,0.000000000000000000e+00,0.000000000000000000e+00,0.000000000000000000e+00,4.139853895448886156e-01,-0.000000000000000000e+00,-0.000000000000000000e+00,-0.000000000000000000e+00,-0.000000000000000000e+00,-0.000000000000000000e+00,0.000000000000000000e+00,-0.000000000000000000e+00,2.523652648340398152e-01,-0.000000000000000000e+00,-1.651123054146268476e-01,0.000000000000000000e+00,9.340812379320022341e-02,-0.000000000000000000e+00,-0.000000000000000000e+00,-0.000000000000000000e+00,0.000000000000000000e+00,-2.593701468297515134e-01,0.000000000000000000e+00,0.000000000000000000e+00,0.000000000000000000e+00,-3.122155741123507355e-01,2.634218988106279191e+00
