1.841914600913701960e+00,-0.000000000000000000e+00,-0.000000000000000000e+00,-0.000000000000000000e+00,-1.212147375175330194e-01,4.924973819004945484e-03,-3.018086450779503688e-02,0.000000000000000000e+00,-4.362803763505083698e-01,-0.000000000000000000e+00,0.000000000000000000e+00,0.000000000000000000e+00,-0.000000000000000000e+00,0.000000000000000000e+00,-0.000000000000000000e+00,-3.149875830168546442e-01,-5.884766293314507707e-02,-3.342906675201882671e-01,-7.067417402482573108e-02,0.000000000000000000e+00,-4.783080735776893549e-02,-3.596896997862337325e-02,-0.000000000000000000e+00,0.000000000000000000e+00,0.000000000000000000e+00,-0.000000000000000000e+00,-2.512175318021631770e-02,-0.000000000000000000e+00,-1.516663751320019779e-02,-1.744486194301171633e-01,-0.000000000000000000e+00,0.000000000000000000e+00,0.000000000000000000e+00,-2.366755712390730404e-01,-0.000000000000000000e+00,-0.000000000000000000e+00,0.000000000000000000e+00,-8.105431421883833865e-02,-0.000000000000000000e+00
-0.000000000000000000e+00,2.292137901264323041e+00,0.000000000000000000e+00,0.000000000000000000e+00,-0.000000000000000000e+00,-0.000000000000000000e+00,0.000000000000000000e+00,0.000000000000000000e+00,-3.042255944934200707e-01,-0.000000000000000000e+00,-3.813380954742366380e-01,-0.000000000000000000e+00,0.000000000000000000e+00,-8.730389547109050630e-02,0.000000000000000000e+00,-0.000000000000000000e+00,-3.317860721820424796e-01,0.000000000000000000e+00,0.000000000000000000e+00,-0.000000000000000000e+00,7.541892688685487844e-02,0.000000000000000000e+00,-3.769569208418600548e-01,-0.000000000000000000e+00,-1.522321239139204085e-01,-0.000000000000000000e+00,-7.771776585086231925e-02,0.000000000000000000e+00,-0.000000000000000000e+00,-0.000000000000000000e+00,0.000000000000000000e+00,-3.424815469791481770e-01,0.000000000000000000e+00,0.000000000000000000e+00,-0.000000000000000000e+00,-0.000000000000000000e+00,-1.962016742566278227e-01,-0.000000000000000000e+00,-4.145400282481848109e-01
-0.000000000000000000e+00,0.000000000000000000e+00,1.970860898581172194e+00,-0.000000000000000000e+00,-0.000000000000000000e+00,-0.000000000000000000e+00,-0.000000000000000000e+00,-4.962475702273610456e-01,0.000000000000000000e+00,0.000000000000000000e+00,-0.000000000000000000e+00,-0.000000000000000000e+00,-0.000000000000000000e+00,6.835273169894542922e-02,-0.000000000000000000e+00,0.000000000000000000e+00,2.644993528036256314e-01,-0.000000000000000000e+00,-0.000000000000000000e+00,-0.000000000000000000e+00,-6.748709856972926469e-01,-4.666359798443495688e-01,0.000000000000000000e+00,-0.000000000000000000e+00,0.000000000000000000e+00,0.000000000000000000e+00,-0.000000000000000000e+00,-0.000000000000000000e+00,-2.925055591053620993e-02,0.000000000000000000e+00,-8.102376934813769471e-02,0.000000000000000000e+00,-1.249045117426121621e-01,-1.614503241273606005e-01,-6.977591906292231194e-02,0.000000000000000000e+00,0.000000000000000000e+00,0.000000000000000000e+00,0.000000000000000000e+00
-0.000000000000000000e+00,0.000000000000000000e+00,-0.000000000000000000e+00,2.788058819642825092e+00,0.000000000000000000e+00,0.000000000000000000e+00,-4.861268783135251903e-01,0.000000000000000000e+00,0.000000000000000000e+00,0.000000000000000000e+00,0.000000000000000000e+00,3.579163825611197947e-01,-2.940426042015958918e-01,0.000000000000000000e+00,1.692073283001621353e-01,-0.000000000000000000e+00,0.000000000000000000e+00,-7.219082147377964276e-02,-2.514935438543488000e-01,0.000000000000000000e+00,-6.103770552513920755e-02,0.000000000000000000e+00,0.000000000000000000e+00,2.037693408985672416e-01,1.301842059793219264e-01,7.618919397471764221e-02,-5.157739605990654952e-02,-0.000000000000000000e+00,0.000000000000000000e+00,-0.000000000000000000e+00,-5.318371631989448067e-01,2.751774905916942182e-01,-0.000000000000000000e+00,-0.000000000000000000e+00,-0.000000000000000000e+00,-0.000000000000000000e+00,3.102982987175141871e-01,1.059913650063440960e-01,-0.000000000000000000e+00
-1.212147375175330194e-01,-0.000000000000000000e+00,-0.000000000000000000e+00,0.000000000000000000e+00,2.514515016898311028e+00,0.000000000000000000e+00,-0.000000000000000000e+00,-0.000000000000000000e+00,-3.131267703334963959e-01,-1.301192188454359244e-01,-0.000000000000000000e+00,0.000000000000000000e+00,0.000000000000000000e+00,-3.504580923651011426e-02,-0.000000000000000000e+00,-0.000000000000000000e+00,-0.000000000000000000e+00,-3.459924795626503902e-02,-0.000000000000000000e+00,0.000000000000000000e+00,-0.000000000000000000e+00,-1.852945543668546233e-02,-0.000000000000000000e+00,-0.000000000000000000e+00,-0.000000000000000000e+00,-8.223212367904484399e-01,-3.342880826288848195e-01,-0.000000000000000000e+00,-0.000000000000000000e+00,-3.877852638318013412e-01,-0.000000000000000000e+00,-0.000000000000000000e+00,0.000000000000000000e+00,-2.060012842468474381e-01,0.000000000000000000e+00,-3.147717312961096914e-01,-0.000000000000000000e+00,-0.000000000000000000e+00,-1.065013605271156599e-01
4.924973819004945484e-03,-0.000000000000000000e+00,-0.000000000000000000e+00,0.000000000000000000e+00,0.000000000000000000e+00,2.666793252169125328e+00,6.175397420735735318e-03,-2.744365996753092007e-01,0.000000000000000000e+00,0.000000000000000000e+00,-1.759568728399378834e-01,-2.845867883722358882e-01,0.000000000000000000e+00,-0.000000000000000000e+00,0.000000000000000000e+00,2.366928692911438314e-01,0.000000000000000000e+00,3.323593452635270062e-01,3.327086774650206968e-01,-9.591200276349903797e-02,0.000000000000000000e+00,-0.000000000000000000e+00,-0.000000000000000000e+00,-5.393586998972095259e-01,-0.000000000000000000e+00,-0.000000000000000000e+00,0.000000000000000000e+00,0.000000000000000000e+00,-1.873554708339501274e-01,0.000000000000000000e+00,0.000000000000000000e+00,-4.125764644766461431e-01,-0.000000000000000000e+00,0.000000000000000000e+00,-0.000000000000000000e+00,0.000000000000000000e+00,-3.894929279122271715e-01,-0.000000000000000000e+00,0.000000000000000000e+00
-3.018086450779503688e-02,0.000000000000000000e+00,-0.000000000000000000e+00,-4.861268783135251903e-01,-0.000000000000000000e+00,6.175397420735735318e-03,2.850733230315348088e+00,0.000000000000000000e+00,0.000000000000000000e+00,-0.000000000000000000e+00,0.000000000000000000e+00,4.148187738019898374e-01,-2.790326380937395157e-01,0.000000000000000000e+00,0.000000000000000000e+00,-0.000000000000000000e+00,0.000000000000000000e+00,-3.812348337231062367e-01,-8.967396339952552475e-01,0.000000000000000000e+00,-4.791632628418378559e-01,-0.000000000000000000e+00,0.000000000000000000e+00,0.000000000000000000e+00,0.000000000000000000e+00,0.000000000000000000e+00,-8.192745178603833001e-02,-0.000000000000000000e+00,0.000000000000000000e+00,-0.000000000000000000e+00,-1.430692103897221110e-02,3.376232550077187811e-02,-0.000000000000000000e+00,-0.000000000000000000e+00,-0.000000000000000000e+00,-0.000000000000000000e+00,0.000000000000000000e+00,0.000000000000000000e+00,-0.000000000000000000e+00
0.000000000000000000e+00,0.000000000000000000e+00,-4.962475702273610456e-01,0.000000000000000000e+00,-0.000000000000000000e+00,-2.744365996753092007e-01,0.000000000000000000e+00,1.635448180039655419e+00,0.000000000000000000e+00,0.000000000000000000e+00,-0.000000000000000000e+00,-0.000000000000000000e+00,-0.000000000000000000e+00,0.000000000000000000e+00,-0.000000000000000000e+00,3.222675576391820229e-01,0.000000000000000000e+00,0.000000000000000000e+00,0.000000000000000000e+00,-2.768227812940982635e-01,-0.000000000000000000e+00,-1.604997689989617546e-02,0.000000000000000000e+00,-9.757840026645143994e-02,0.000000000000000000e+00,-0.000000000000000000e+00,0.000000000000000000e+00,-3.839299249303729233e-01,-0.000000000000000000e+00,0.000000000000000000e+00,0.000000000000000000e+00,-0.000000000000000000e+00,-2.210973773006405518e-02,-0.000000000000000000e+00,-0.000000000000000000e+00,0.000000000000000000e+00,-0.000000000000000000e+00,0.000000000000000000e+00,0.000000000000000000e+00
-4.362803763505083698e-01,-3.042255944934200707e-01,0.000000000000000000e+00,0.000000000000000000e+00,-3.131267703334963959e-01,0.000000000000000000e+00,0.000000000000000000e+00,0.000000000000000000e+00,2.588065169819325551e+00,-0.000000000000000000e+00,-0.000000000000000000e+00,-0.000000000000000000e+00,0.000000000000000000e+00,-0.000000000000000000e+00,-0.000000000000000000e+00,-0.000000000000000000e+00,-1.212680551052221639e-01,-0.000000000000000000e+00,-0.000000000000000000e+00,-0.000000000000000000e+00,0.000000000000000000e+00,-0.000000000000000000e+00,-0.000000000000000000e+00,-0.000000000000000000e+00,-0.000000000000000000e+00,-0.000000000000000000e+00,-0.000000000000000000e+00,0.000000000000000000e+00,-1.642910273773262597e-02,-2.247811642959409717e-01,0.000000000000000000e+00,-0.000000000000000000e+00,0.000000000000000000e+00,-1.206337085608283760e-01,-0.000000000000000000e+00,-0.000000000000000000e+00,-0.000000000000000000e+00,-7.536614820372246060e-01,-5.297043342242796493e-01
-0.000000000000000000e+00,-0.000000000000000000e+00,0.000000000000000000e+00,0.000000000000000000e+00,-1.301192188454359244e-01,0.000000000000000000e+00,-0.000000000000000000e+00,0.000000000000000000e+00,-0.000000000000000000e+00,2.523560331521506939e+00,0.000000000000000000e+00,-0.000000000000000000e+00,0.000000000000000000e+00,-2.915166153628740917e-02,-3.766042965256328340e-02,-1.021560298273377576e+00,-0.000000000000000000e+00,-0.000000000000000000e+00,-0.000000000000000000e+00,0.000000000000000000e+00,0.000000000000000000e+00,-0.000000000000000000e+00,-3.892922203969140932e-02,-0.000000000000000000e+00,-2.291537432395336915e-01,-0.000000000000000000e+00,-0.000000000000000000e+00,-0.000000000000000000e+00,0.000000000000000000e+00,-5.813909783616230120e-01,-0.000000000000000000e+00,0.000000000000000000e+00,2.666766943252767141e-02,-5.075432279422632115e-03,0.000000000000000000e+00,-1.995282751767774865e-01,0.000000000000000000e+00,-1.558043809221023868e-01,-6.998293101479642619e-02
0.000000000000000000e+00,-3.813380954742366380e-01,-0.000000000000000000e+00,0.000000000000000000e+00,-0.000000000000000000e+00,-1.759568728399378834e-01,0.000000000000000000e+00,-0.000000000000000000e+00,-0.000000000000000000e+00,0.000000000000000000e+00,1.324573392237609504e+00,-0.000000000000000000e+00,-0.000000000000000000e+00,-0.000000000000000000e+00,1.481835023322747857e-01,0.000000000000000000e+00,-0.000000000000000000e+00,0.000000000000000000e+00,0.000000000000000000e+00,-0.000000000000000000e+00,0.000000000000000000e+00,0.000000000000000000e+00,-0.000000000000000000e+00,-0.000000000000000000e+00,-0.000000000000000000e+00,-0.000000000000000000e+00,-1.047369964713694007e-01,0.000000000000000000e+00,-9.476679610535815312e-02,-0.000000000000000000e+00,-0.000000000000000000e+00,-1.079246682226587539e-01,-3.254755803275752868e-01,0.000000000000000000e+00,-0.000000000000000000e+00,0.000000000000000000e+00,-0.000000000000000000e+00,-0.000000000000000000e+00,-0.000000000000000000e+00
0.000000000000000000e+00,-0.000000000000000000e+00,-0.000000000000000000e+00,3.579163825611197947e-01,0.000000000000000000e+00,-2.845867883722358882e-01,4.148187738019898374e-01,-0.000000000000000000e+00,-0.000000000000000000e+00,-0.000000000000000000e+00,-0.000000000000000000e+00,1.928233146731523018e+00,4.672972798609327516e-02,-0.000000000000000000e+00,-0.000000000000000000e+00,0.000000000000000000e+00,0.000000000000000000e+00,3.387699421915833509e-01,1.100356969539157820e-01,-1.116248704992821306e-01,0.000000000000000000e+00,-0.000000000000000000e+00,-0.000000000000000000e+00,-0.000000000000000000e+00,-0.000000000000000000e+00,-0.000000000000000000e+00,5.868510246080752696e-02,0.000000000000000000e+00,-0.000000000000000000e+00,-0.000000000000000000e+00,0.000000000000000000e+00,-0.000000000000000000e+00,-0.000000000000000000e+00,-0.000000000000000000e+00,0.000000000000000000e+00,0.000000000000000000e+00,-0.000000000000000000e+00,-0.000000000000000000e+00,0.000000000000000000e+00
-0.000000000000000000e+00,0.000000000000000000e+00,-0.000000000000000000e+00,-2.940426042015958918e-01,0.000000000000000000e+00,0.000000000000000000e+00,-2.790326380937395157e-01,-0.000000000000000000e+00,0.000000000000000000e+00,0.000000000000000000e+00,-0.000000000000000000e+00,4.672972798609327516e-02,1.484611725606272303e+00,0.000000000000000000e+00,8.356033941292763390e-02,-0.000000000000000000e+00,-0.000000000000000000e+00,-0.000000000000000000e+00,-2.694274575135816724e-02,0.000000000000000000e+00,-0.000000000000000000e+00,-0.000000000000000000e+00,0.000000000000000000e+00,1.058598635619254213e-01,4.902851152536926577e-02,0.000000000000000000e+00,-7.729410693064557580e-02,-0.000000000000000000e+00,0.000000000000000000e+00,0.000000000000000000e+00,-0.000000000000000000e+00,0.000000000000000000e+00,-3.628679289979273581e-01,-0.000000000000000000e+00,-0.000000000000000000e+00,0.000000000000000000e+00,0.000000000000000000e+00,0.000000000000000000e+00,-0.000000000000000000e+00
0.000000000000000000e+00,-8.730389547109050630e-02,6.835273169894542922e-02,0.000000000000000000e+00,-3.504580923651011426e-02,-0.000000000000000000e+00,0.000000000000000000e+00,0.000000000000000000e+00,-0.000000000000000000e+00,-2.915166153628740917e-02,-0.000000000000000000e+00,-0.000000000000000000e+00,0.000000000000000000e+00,2.036872714028058695e+00,0.000000000000000000e+00,-0.000000000000000000e+00,-0.000000000000000000e+00,-0.000000000000000000e+00,0.000000000000000000e+00,0.000000000000000000e+00,2.058935361875362524e-01,-0.000000000000000000e+00,-3.438379053643568772e-01,-1.248857442443229715e-01,-2.875361970651281740e-01,-4.312177445200510717e-01,-0.000000000000000000e+00,0.000000000000000000e+00,-0.000000000000000000e+00,-0.000000000000000000e+00,0.000000000000000000e+00,-0.000000000000000000e+00,0.000000000000000000e+00,0.000000000000000000e+00,-0.000000000000000000e+00,-4.083898274662223216e-01,-5.206948283045115949e-02,-0.000000000000000000e+00,-0.000000000000000000e+00
-0.000000000000000000e+00,0.000000000000000000e+00,-0.000000000000000000e+00,1.692073283001621353e-01,-0.000000000000000000e+00,0.000000000000000000e+00,0.000000000000000000e+00,-0.000000000000000000e+00,-0.000000000000000000e+00,-3.766042965256328340e-02,1.481835023322747857e-01,-0.000000000000000000e+00,8.356033941292763390e-02,0.000000000000000000e+00,1.302977532394054005e+00,-0.000000000000000000e+00,0.000000000000000000e+00,-0.000000000000000000e+00,-0.000000000000000000e+00,-0.000000000000000000e+00,-0.000000000000000000e+00,-2.563756021856899436e-01,-0.000000000000000000e+00,-0.000000000000000000e+00,-0.000000000000000000e+00,-0.000000000000000000e+00,1.489202400099202128e-01,-2.107677628840849138e-01,-0.000000000000000000e+00,-0.000000000000000000e+00,5.048506632910961661e-02,0.000000000000000000e+00,6.352876081778258133e-02,-2.005566611028374302e-01,4.942554525476972743e-02,-0.000000000000000000e+00,-0.000000000000000000e+00,-2.378546293586522864e-01,-0.000000000000000000e+00
-3.149875830168546442e-01,-0.000000000000000000e+00,0.000000000000000000e+00,-0.000000000000000000e+00,-0.000000000000000000e+00,2.366928692911438314e-01,-0.000000000000000000e+00,3.222675576391820229e-01,-0.000000000000000000e+00,-1.021560298273377576e+00,0.000000000000000000e+00,0.000000000000000000e+00,-0.000000000000000000e+00,-0.000000000000000000e+00,-0.000000000000000000e+00,2.657224871644565223e+00,-1.049330048695250317e-01,-1.235847254704395687e-01,-1.263003679651333692e-02,0.000000000000000000e+00,0.000000000000000000e+00,-0.000000000000000000e+00,-0.000000000000000000e+00,0.000000000000000000e+00,-0.000000000000000000e+00,-0.000000000000000000e+00,-0.000000000000000000e+00,-0.000000000000000000e+00,0.000000000000000000e+00,-3.731575641920664710e-01,-0.000000000000000000e+00,0.000000000000000000e+00,0.000000000000000000e+00,-0.000000000000000000e+00,0.000000000000000000e+00,-0.000000000000000000e+00,0.000000000000000000e+00,-3.821313539682967553e-02,-5.209775303453466622e-01
-5.884766293314507707e-02,-3.317860721820424796e-01,2.644993528036256314e-01,0.000000000000000000e+00,-0.000000000000000000e+00,0.000000000000000000e+00,0.000000000000000000e+00,0.000000000000000000e+00,-1.212680551052221639e-01,-0.000000000000000000e+00,-0.000000000000000000e+00,0.000000000000000000e+00,-0.000000000000000000e+00,-0.000000000000000000e+00,0.000000000000000000e+00,-1.049330048695250317e-01,1.732285098791633393e+00,-0.000000000000000000e+00,0.000000000000000000e+00,0.000000000000000000e+00,0.000000000000000000e+00,0.000000000000000000e+00,-1.601568337527495278e-02,0.000000000000000000e+00,-0.000000000000000000e+00,-3.102483935274840121e-01,-1.353227837092347841e-01,0.000000000000000000e+00,0.000000000000000000e+00,-0.000000000000000000e+00,0.000000000000000000e+00,-0.000000000000000000e+00,0.000000000000000000e+00,0.000000000000000000e+00,0.000000000000000000e+00,-0.000000000000000000e+00,-0.000000000000000000e+00,-3.405812610460353107e-01,-0.000000000000000000e+00
-3.342906675201882671e-01,0.000000000000000000e+00,-0.000000000000000000e+00,-7.219082147377964276e-02,-3.459924795626503902e-02,3.323593452635270062e-01,-3.812348337231062367e-01,0.000000000000000000e+00,-0.000000000000000000e+00,-0.000000000000000000e+00,0.000000000000000000e+00,3.387699421915833509e-01,-0.000000000000000000e+00,-0.000000000000000000e+00,-0.000000000000000000e+00,-1.235847254704395687e-01,-0.000000000000000000e+00,2.878384758109183039e+00,-8.717797951702846992e-01,1.983557577689779583e-01,-4.285828101941771551e-02,-0.000000000000000000e+00,0.000000000000000000e+00,0.000000000000000000e+00,0.000000000000000000e+00,-0.000000000000000000e+00,-0.000000000000000000e+00,-0.000000000000000000e+00,0.000000000000000000e+00,-0.000000000000000000e+00,-0.000000000000000000e+00,2.737130664610508690e-01,0.000000000000000000e+00,-3.109896352928009922e-01,-0.000000000000000000e+00,-5.698658284510232236e-02,4.031837542972061678e-02,0.000000000000000000e+00,-0.000000000000000000e+00
-7.067417402482573108e-02,0.000000000000000000e+00,-0.000000000000000000e+00,-2.514935438543488000e-01,-0.000000000000000000e+00,3.327086774650206968e-01,-8.967396339952552475e-01,0.000000000000000000e+00,-0.000000000000000000e+00,-0.000000000000000000e+00,0.000000000000000000e+00,1.100356969539157820e-01,-2.694274575135816724e-02,0.000000000000000000e+00,-0.000000000000000000e+00,-1.263003679651333692e-02,0.000000000000000000e+00,-8.717797951702846992e-01,3.088776345325655370e+00,5.417080365685752325e-02,-2.188959658354376527e-03,-0.000000000000000000e+00,0.000000000000000000e+00,0.000000000000000000e+00,0.000000000000000000e+00,0.000000000000000000e+00,-0.000000000000000000e+00,-0.000000000000000000e+00,0.000000000000000000e+00,-0.000000000000000000e+00,-3.460658954797367071e-01,1.439523709233689330e-01,-0.000000000000000000e+00,-5.634152034006768145e-02,-0.000000000000000000e+00,-0.000000000000000000e+00,5.730676558659021647e-02,0.000000000000000000e+00,-2.271428257142867058e-01
0.000000000000000000e+00,-0.000000000000000000e+00,-0.000000000000000000e+00,0.000000000000000000e+00,0.000000000000000000e+00,-9.591200276349903797e-02,0.000000000000000000e+00,-2.768227812940982635e-01,-0.000000000000000000e+00,0.000000000000000000e+00,-0.000000000000000000e+00,-1.116248704992821306e-01,0.000000000000000000e+00,0.000000000000000000e+00,-0.000000000000000000e+00,0.000000000000000000e+00,0.000000000000000000e+00,1.983557577689779583e-01,5.417080365685752325e-02,1.303000165136576349e+00,-0.000000000000000000e+00,-0.000000000000000000e+00,0.000000000000000000e+00,-0.000000000000000000e+00,0.000000000000000000e+00,0.000000000000000000e+00,0.000000000000000000e+00,-0.000000000000000000e+00,-1.054245699640639494e-01,0.000000000000000000e+00,4.404515391790467249e-02,-0.000000000000000000e+00,-0.000000000000000000e+00,0.000000000000000000e+00,-0.000000000000000000e+00,1.767025507226197834e-01,-0.000000000000000000e+00,-0.000000000000000000e+00,0.000000000000000000e+00
-4.783080735776893549e-02,7.541892688685487844e-02,-6.748709856972926469e-01,-6.103770552513920755e-02,-0.000000000000000000e+00,0.000000000000000000e+00,-4.791632628418378559e-01,-0.000000000000000000e+00,0.000000000000000000e+00,0.000000000000000000e+00,0.000000000000000000e+00,0.000000000000000000e+00,-0.000000000000000000e+00,2.058935361875362524e-01,-0.000000000000000000e+00,0.000000000000000000e+00,0.000000000000000000e+00,-4.285828101941771551e-02,-2.188959658354376527e-03,-0.000000000000000000e+00,2.274236336423524296e+00,-1.688537490836335697e-01,0.000000000000000000e+00,0.000000000000000000e+00,0.000000000000000000e+00,0.000000000000000000e+00,-0.000000000000000000e+00,-7.576180295748560223e-01,0.000000000000000000e+00,0.000000000000000000e+00,-0.000000000000000000e+00,8.842950345165500811e-03,-0.000000000000000000e+00,-7.277972684650975410e-02,-0.000000000000000000e+00,0.000000000000000000e+00,1.337150716755782509e-01,0.000000000000000000e+00,0.000000000000000000e+00
-3.596896997862337325e-02,0.000000000000000000e+00,-4.666359798443495688e-01,0.000000000000000000e+00,-1.852945543668546233e-02,-0.000000000000000000e+00,-0.000000000000000000e+00,-1.604997689989617546e-02,-0.000000000000000000e+00,-0.000000000000000000e+00,0.000000000000000000e+00,-0.000000000000000000e+00,-0.000000000000000000e+00,-0.000000000000000000e+00,-2.563756021856899436e-01,-0.000000000000000000e+00,0.000000000000000000e+00,-0.000000000000000000e+00,-0.000000000000000000e+00,-0.000000000000000000e+00,-1.688537490836335697e-01,1.362183266337588350e+00,-0.000000000000000000e+00,-2.531124842485960730e-02,-0.000000000000000000e+00,-0.000000000000000000e+00,-0.000000000000000000e+00,-0.000000000000000000e+00,-5.837996789523580005e-02,-0.000000000000000000e+00,-0.000000000000000000e+00,-0.000000000000000000e+00,0.000000000000000000e+00,-1.030104282681156003e-01,-0.000000000000000000e+00,-0.000000000000000000e+00,-0.000000000000000000e+00,-0.000000000000000000e+00,-0.000000000000000000e+00
-0.000000000000000000e+00,-3.769569208418600548e-01,0.000000000000000000e+00,0.000000000000000000e+00,-0.000000000000000000e+00,-0.000000000000000000e+00,0.000000000000000000e+00,0.000000000000000000e+00,-0.000000000000000000e+00,-3.892922203969140932e-02,-0.000000000000000000e+00,-0.000000000000000000e+00,0.000000000000000000e+00,-3.438379053643568772e-01,-0.000000000000000000e+00,-0.000000000000000000e+00,-1.601568337527495278e-02,0.000000000000000000e+00,0.000000000000000000e+00,0.000000000000000000e+00,0.000000000000000000e+00,-0.000000000000000000e+00,2.791022636214640418e+00,-1.840050121400504668e-01,-9.382466995192798587e-01,-1.223034590287601781e-01,-0.000000000000000000e+00,0.000000000000000000e+00,-4.220274146078821509e-02,-3.415673432166665413e-01,0.000000000000000000e+00,-1.436447425449535187e-01,0.000000000000000000e+00,0.000000000000000000e+00,-0.000000000000000000e+00,-0.000000000000000000e+00,-1.804769423475597809e-02,-4.242968786170491780e-01,-0.000000000000000000e+00
0.000000000000000000e+00,-0.000000000000000000e+00,-0.000000000000000000e+00,2.037693408985672416e-01,-0.000000000000000000e+00,-5.393586998972095259e-01,0.000000000000000000e+00,-9.757840026645143994e-02,-0.000000000000000000e+00,-0.000000000000000000e+00,-0.000000000000000000e+00,-0.000000000000000000e+00,1.058598635619254213e-01,-1.248857442443229715e-01,-0.000000000000000000e+00,0.000000000000000000e+00,0.000000000000000000e+00,0.000000000000000000e+00,0.000000000000000000e+00,-0.000000000000000000e+00,0.000000000000000000e+00,-2.531124842485960730e-02,-1.840050121400504668e-01,2.341106824855356816e+00,-1.949486080529308496e-01,-0.000000000000000000e+00,0.000000000000000000e+00,-0.000000000000000000e+00,-4.980361595110079365e-01,-0.000000000000000000e+00,0.000000000000000000e+00,-1.692745584347805921e-01,0.000000000000000000e+00,0.000000000000000000e+00,-0.000000000000000000e+00,-0.000000000000000000e+00,-4.518450711342603121e-01,-0.000000000000000000e+00,0.000000000000000000e+00
0.000000000000000000e+00,-1.522321239139204085e-01,0.000000000000000000e+00,1.301842059793219264e-01,-0.000000000000000000e+00,-0.000000000000000000e+00,0.000000000000000000e+00,0.000000000000000000e+00,-0.000000000000000000e+00,-2.291537432395336915e-01,-0.000000000000000000e+00,-0.000000000000000000e+00,4.902851152536926577e-02,-2.875361970651281740e-01,-0.000000000000000000e+00,-0.000000000000000000e+00,-0.000000000000000000e+00,0.000000000000000000e+00,0.000000000000000000e+00,0.000000000000000000e+00,0.000000000000000000e+00,-0.000000000000000000e+00,-9.382466995192798587e-01,-1.949486080529308496e-01,2.602683776661220527e+00,-2.956699935477082875e-01,-0.000000000000000000e+00,0.000000000000000000e+00,-0.000000000000000000e+00,-2.512225424683837138e-01,0.000000000000000000e+00,-1.022644533013038204e-01,0.000000000000000000e+00,-0.000000000000000000e+00,0.000000000000000000e+00,-0.000000000000000000e+00,-1.465376021317643940e-01,-9.008318786091699514e-04,-0.000000000000000000e+00
-0.000000000000000000e+00,-0.000000000000000000e+00,0.000000000000000000e+00,7.618919397471764221e-02,-8.223212367904484399e-01,-0.000000000000000000e+00,0.000000000000000000e+00,-0.000000000000000000e+00,-0.000000000000000000e+00,-0.000000000000000000e+00,-0.000000000000000000e+00,-0.000000000000000000e+00,0.000000000000000000e+00,-4.312177445200510717e-01,-0.000000000000000000e+00,-0.000000000000000000e+00,-3.102483935274840121e-01,-0.000000000000000000e+00,0.000000000000000000e+00,0.000000000000000000e+00,0.000000000000000000e+00,-0.000000000000000000e+00,-1.223034590287601781e-01,-0.000000000000000000e+00,-2.956699935477082875e-01,2.405049513638306991e+00,-0.000000000000000000e+00,-0.000000000000000000e+00,0.000000000000000000e+00,-0.000000000000000000e+00,5.113543450214193264e-02,-0.000000000000000000e+00,3.113464091647361598e-01,-0.000000000000000000e+00,2.428224020929558961e-03,-1.065668010561589968e-01,-0.000000000000000000e+00,-1.017660981317605878e-01,-0.000000000000000000e+00
-2.512175318021631770e-02,-7.771776585086231925e-02,-0.000000000000000000e+00,-5.157739605990654952e-02,-3.342880826288848195e-01,0.000000000000000000e+00,-8.192745178603833001e-02,0.000000000000000000e+00,-0.000000000000000000e+00,-0.000000000000000000e+00,-1.047369964713694007e-01,5.868510246080752696e-02,-7.729410693064557580e-02,-0.000000000000000000e+00,1.489202400099202128e-01,-0.000000000000000000e+00,-1.353227837092347841e-01,-0.000000000000000000e+00,-0.000000000000000000e+00,0.000000000000000000e+00,-0.000000000000000000e+00,-0.000000000000000000e+00,-0.000000000000000000e+00,0.000000000000000000e+00,-0.000000000000000000e+00,-0.000000000000000000e+00,1.458955150674673851e+00,-0.000000000000000000e+00,0.000000000000000000e+00,-0.000000000000000000e+00,-2.392082591764747024e-01,0.000000000000000000e+00,-0.000000000000000000e+00,-0.000000000000000000e+00,-0.000000000000000000e+00,-1.049783342070112618e-01,0.000000000000000000e+00,0.000000000000000000e+00,-2.584946559690577406e-01
-0.000000000000000000e+00,0.000000000000000000e+00,-0.000000000000000000e+00,-0.000000000000000000e+00,-0.000000000000000000e+00,0.000000000000000000e+00,-0.000000000000000000e+00,-3.839299249303729233e-01,0.000000000000000000e+00,-0.000000000000000000e+00,0.000000000000000000e+00,0.000000000000000000e+00,-0.000000000000000000e+00,0.000000000000000000e+00,-2.107677628840849138e-01,-0.000000000000000000e+00,0.000000000000000000e+00,-0.000000000000000000e+00,-0.000000000000000000e+00,-0.000000000000000000e+00,-7.576180295748560223e-01,-0.000000000000000000e+00,0.000000000000000000e+00,-0.000000000000000000e+00,0.000000000000000000e+00,-0.000000000000000000e+00,-0.000000000000000000e+00,1.596119660955970021e+00,0.000000000000000000e+00,0.000000000000000000e+00,0.000000000000000000e+00,0.000000000000000000e+00,0.000000000000000000e+00,-0.000000000000000000e+00,-0.000000000000000000e+00,-0.000000000000000000e+00,0.000000000000000000e+00,0.000000000000000000e+00,0.000000000000000000e+00
-1.516663751320019779e-02,-0.000000000000000000e+00,-2.925055591053620993e-02,0.000000000000000000e+00,-0.000000000000000000e+00,-1.873554708339501274e-01,0.000000000000000000e+00,-0.000000000000000000e+00,-1.642910273773262597e-02,0.000000000000000000e+00,-9.476679610535815312e-02,-0.000000000000000000e+00,0.000000000000000000e+00,-0.000000000000000000e+00,-0.000000000000000000e+00,0.000000000000000000e+00,0.000000000000000000e+00,0.000000000000000000e+00,0.000000000000000000e+00,-1.054245699640639494e-01,0.000000000000000000e+00,-5.837996789523580005e-02,-4.220274146078821509e-02,-4.980361595110079365e-01,-0.000000000000000000e+00,0.000000000000000000e+00,0.000000000000000000e+00,0.000000000000000000e+00,1.697400750388224244e+00,-0.000000000000000000e+00,0.000000000000000000e+00,-0.000000000000000000e+00,-0.000000000000000000e+00,-0.000000000000000000e+00,-6.251674405879430463e-01,0.000000000000000000e+00,-0.000000000000000000e+00,-1.080486131031338087e-01,0.000000000000000000e+00
-1.744486194301171633e-01,-0.000000000000000000e+00,0.000000000000000000e+00,-0.000000000000000000e+00,-3.877852638318013412e-01,0.000000000000000000e+00,-0.000000000000000000e+00,0.000000000000000000e+00,-2.247811642959409717e-01,-5.813909783616230120e-01,-0.000000000000000000e+00,-0.000000000000000000e+00,0.000000000000000000e+00,-0.000000000000000000e+00,-0.000000000000000000e+00,-3.731575641920664710e-01,-0.000000000000000000e+00,-0.000000000000000000e+00,-0.000000000000000000e+00,0.000000000000000000e+00,0.000000000000000000e+00,-0.000000000000000000e+00,-3.415673432166665413e-01,-0.000000000000000000e+00,-2.512225424683837138e-01,-0.000000000000000000e+00,-0.000000000000000000e+00,0.000000000000000000e+00,-0.000000000000000000e+00,2.604427487471637548e+00,-0.000000000000000000e+00,0.000000000000000000e+00,0.000000000000000000e+00,-0.000000000000000000e+00,-0.000000000000000000e+00,-2.743286092975998902e-01,0.000000000000000000e+00,-0.000000000000000000e+00,-1.316653529381940635e-01
-0.000000000000000000e+00,0.000000000000000000e+00,-8.102376934813769471e-02,-5.318371631989448067e-01,-0.000000000000000000e+00,0.000000000000000000e+00,-1.430692103897221110e-02,0.000000000000000000e+00,0.000000000000000000e+00,-0.000000000000000000e+00,-0.000000000000000000e+00,0.000000000000000000e+00,-0.000000000000000000e+00,0.000000000000000000e+00,5.048506632910961661e-02,-0.000000000000000000e+00,0.000000000000000000e+00,-0.000000000000000000e+00,-3.460658954797367071e-01,4.404515391790467249e-02,-0.000000000000000000e+00,-0.000000000000000000e+00,0.000000000000000000e+00,0.000000000000000000e+00,0.000000000000000000e+00,5.113543450214193264e-02,-2.392082591764747024e-01,0.000000000000000000e+00,0.000000000000000000e+00,-0.000000000000000000e+00,1.672202970900338759e+00,0.000000000000000000e+00,-4.346787801718235422e-02,-0.000000000000000000e+00,-5.463382108678002669e-02,-0.000000000000000000e+00,5.804649433937746246e-03,3.023062785870948010e-01,-0.000000000000000000e+00
0.000000000000000000e+00,-3.424815469791481770e-01,0.000000000000000000e+00,2.751774905916942182e-01,-0.000000000000000000e+00,-4.125764644766461431e-01,3.376232550077187811e-02,-0.000000000000000000e+00,-0.000000000000000000e+00,0.000000000000000000e+00,-1.079246682226587539e-01,-0.000000000000000000e+00,0.000000000000000000e+00,-0.000000000000000000e+00,0.000000000000000000e+00,0.000000000000000000e+00,-0.000000000000000000e+00,2.737130664610508690e-01,1.439523709233689330e-01,-0.000000000000000000e+00,8.842950345165500811e-03,-0.000000000000000000e+00,-1.436447425449535187e-01,-1.692745584347805921e-01,-1.022644533013038204e-01,-0.000000000000000000e+00,0.000000000000000000e+00,0.000000000000000000e+00,-0.000000000000000000e+00,0.000000000000000000e+00,0.000000000000000000e+00,3.067892307335591262e+00,0.000000000000000000e+00,1.615163239168787845e-01,-0.000000000000000000e+00,0.000000000000000000e+00,-1.246805924062930337e+00,-0.000000000000000000e+00,0.000000000000000000e+00
0.000000000000000000e+00,0.000000000000000000e+00,-1.249045117426121621e-01,-0.000000000000000000e+00,0.000000000000000000e+00,-0.000000000000000000e+00,-0.000000000000000000e+00,-2.210973773006405518e-02,0.000000000000000000e+00,2.666766943252767141e-02,-3.254755803275752868e-01,-0.000000000000000000e+00,-3.628679289979273581e-01,0.000000000000000000e+00,6.352876081778258133e-02,0.000000000000000000e+00,0.000000000000000000e+00,0.000000000000000000e+00,-0.000000000000000000e+00,-0.000000000000000000e+00,-0.000000000000000000e+00,0.000000000000000000e+00,0.000000000000000000e+00,0.000000000000000000e+00,0.000000000000000000e+00,3.113464091647361598e-01,-0.000000000000000000e+00,0.000000000000000000e+00,-0.000000000000000000e+00,0.000000000000000000e+00,-4.346787801718235422e-02,0.000000000000000000e+00,1.383744617440747948e+00,-0.000000000000000000e+00,-0.000000000000000000e+00,1.449943468854526241e-01,0.000000000000000000e+00,0.000000000000000000e+00,0.000000000000000000e+00
-2.366755712390730404e-01,0.000000000000000000e+00,-1.614503241273606005e-01,-0.000000000000000000e+00,-2.060012842468474381e-01,0.000000000000000000e+00,-0.000000000000000000e+00,-0.000000000000000000e+00,-1.206337085608283760e-01,-5.075432279422632115e-03,0.000000000000000000e+00,-0.000000000000000000e+00,-0.000000000000000000e+00,0.000000000000000000e+00,-2.005566611028374302e-01,-0.000000000000000000e+00,0.000000000000000000e+00,-3.109896352928009922e-01,-5.634152034006768145e-02,0.000000000000000000e+00,-7.277972684650975410e-02,-1.030104282681156003e-01,0.000000000000000000e+00,0.000000000000000000e+00,-0.000000000000000000e+00,-0.000000000000000000e+00,-0.000000000000000000e+00,-0.000000000000000000e+00,-0.000000000000000000e+00,-0.000000000000000000e+00,-0.000000000000000000e+00,1.615163239168787845e-01,-0.000000000000000000e+00,1.523475569314557410e+00,0.000000000000000000e+00,-0.000000000000000000e+00,0.000000000000000000e+00,-0.000000000000000000e+00,-9.229169846476222017e-02
-0.000000000000000000e+00,-0.000000000000000000e+00,-6.977591906292231194e-02,-0.000000000000000000e+00,0.000000000000000000e+00,-0.000000000000000000e+00,-0.000000000000000000e+00,-0.000000000000000000e+00,-0.000000000000000000e+00,0.000000000000000000e+00,-0.000000000000000000e+00,0.000000000000000000e+00,-0.000000000000000000e+00,-0.000000000000000000e+00,4.942554525476972743e-02,0.000000000000000000e+00,0.000000000000000000e+00,-0.000000000000000000e+00,-0.000000000000000000e+00,-0.000000000000000000e+00,-0.000000000000000000e+00,-0.000000000000000000e+00,-0.000000000000000000e+00,-0.000000000000000000e+00,0.000000000000000000e+00,2.428224020929558961e-03,-0.000000000000000000e+00,-0.000000000000000000e+00,-6.251674405879430463e-01,-0.000000000000000000e+00,-5.463382108678002669e-02,-0.000000000000000000e+00,-0.000000000000000000e+00,0.000000000000000000e+00,1.296176555895748317e+00,0.000000000000000000e+00,-0.000000000000000000e+00,0.000000000000000000e+00,0.000000000000000000e+00
-0.000000000000000000e+00,-0.000000000000000000e+00,0.000000000000000000e+00,-0.000000000000000000e+00,-3.147717312961096914e-01,0.000000000000000000e+00,-0.000000000000000000e+00,0.000000000000000000e+00,-0.000000000000000000e+00,-1.995282751767774865e-01,0.000000000000000000e+00,0.000000000000000000e+00,0.000000000000000000e+00,-4.083898274662223216e-01,-0.000000000000000000e+00,-0.000000000000000000e+00,-0.000000000000000000e+00,-5.698658284510232236e-02,-0.000000000000000000e+00,1.767025507226197834e-01,0.000000000000000000e+00,-0.000000000000000000e+00,-0.000000000000000000e+00,-0.000000000000000000e+00,-0.000000000000000000e+00,-1.065668010561589968e-01,-1.049783342070112618e-01,-0.000000000000000000e+00,0.000000000000000000e+00,-2.743286092975998902e-01,-0.000000000000000000e+00,0.000000000000000000e+00,1.449943468854526241e-01,-0.000000000000000000e+00,0.000000000000000000e+00,1.773674113191734181e+00,0.000000000000000000e+00,0.000000000000000000e+00,-0.000000000000000000e+00
0.000000000000000000e+00,-1.962016742566278227e-01,0.000000000000000000e+00,3.102982987175141871e-01,-0.000000000000000000e+00,-3.894929279122271715e-01,0.000000000000000000e+00,-0.000000000000000000e+00,-0.000000000000000000e+00,0.000000000000000000e+00,-0.000000000000000000e+00,-0.000000000000000000e+00,0.000000000000000000e+00,-5.206948283045115949e-02,-0.000000000000000000e+00,0.000000000000000000e+00,-0.000000000000000000e+00,4.031837542972061678e-02,5.730676558659021647e-02,-0.000000000000000000e+00,1.337150716755782509e-01,-0.000000000000000000e+00,-1.804769423475597809e-02,-4.518450711342603121e-01,-1.465376021317643940e-01,-0.000000000000000000e+00,0.000000000000000000e+00,0.000000000000000000e+00,-0.000000000000000000e+00,0.000000000000000000e+00,5.804649433937746246e-03,-1.246805924062930337e+00,0.000000000000000000e+00,0.000000000000000000e+00,-0.000000000000000000e+00,0.000000000000000000e+00,2.948979706832535186e+00,-0.000000000000000000e+00,0.000000000000000000e+00
-8.105431421883833865e-02,-0.000000000000000000e+00,0.000000000000000000e+00,1.059913650063440960e-01,-0.000000000000000000e+00,-0.000000000000000000e+00,0.000000000000000000e+00,0.000000000000000000e+00,-7.536614820372246060e-01,-1.558043809221023868e-01,-0.000000000000000000e+00,-0.000000000000000000e+00,0.000000000000000000e+00,-0.000000000000000000e+00,-2.378546293586522864e-01,-3.821313539682967553e-02,-3.405812610460353107e-01,0.000000000000000000e+00,0.000000000000000000e+00,-0.000000000000000000e+00,0.000000000000000000e+00,-0.000000000000000000e+00,-4.242968786170491780e-01,-0.000000000000000000e+00,-9.008318786091699514e-04,-1.017660981317605878e-01,0.000000000000000000e+00,0.000000000000000000e+00,-1.080486131031338087e-01,-0.000000000000000000e+00,3.023062785870948010e-01,-0.000000000000000000e+00,0.000000000000000000e+00,-0.000000000000000000e+00,0.000000000000000000e+00,0.000000000000000000e+00,-0.000000000000000000e+00,2.272775791805844214e+00,-0.000000000000000000e+00
-0.000000000000000000e+00,-4.145400282481848109e-01,0.000000000000000000e+00,-0.000000000000000000e+00,-1.065013605271156599e-01,0.000000000000000000e+00,-0.000000000000000000e+00,0.000000000000000000e+00,-5.297043342242796493e-01,-6.998293101479642619e-02,-0.000000000000000000e+00,0.000000000000000000e+00,-0.000000000000000000e+00,-0.000000000000000000e+00,-0.000000000000000000e+00,-5.209775303453466622e-01,-0.000000000000000000e+00,-0.000000000000000000e+00,-2.271428257142867058e-01,0.000000000000000000e+00,0.000000000000000000e+00,-0.000000000000000000e+00,-0.000000000000000000e+00,0.000000000000000000e+00,-0.000000000000000000e+00,-0.000000000000000000e+00,-2.584946559690577406e-01,0.000000000000000000e+00,0.000000000000000000e+00,-1.316653529381940635e-01,-0.000000000000000000e+00,0.000000000000000000e+00,0.000000000000000000e+00,-9.229169846476222017e-02,0.000000000000000000e+00,-0.000000000000000000e+00,0.000000000000000000e+00,-0.000000000000000000e+00,2.164899119958650253e+00
