1.885076602617034469e+00,-2.717605414885577164e-01,-2.269452049440382757e-01,0.000000000000000000e+00,-0.000000000000000000e+00,0.000000000000000000e+00,0.000000000000000000e+00,0.000000000000000000e+00,-2.759997618145955678e-01,-2.418630901464594307e-01,-0.000000000000000000e+00,-1.991635915667533049e-02,-0.000000000000000000e+00,-0.000000000000000000e+00,-0.000000000000000000e+00,-1.396772210210417420e-01,-0.000000000000000000e+00,-0.000000000000000000e+00,-0.000000000000000000e+00,0.000000000000000000e+00,0.000000000000000000e+00,-0.000000000000000000e+00,-3.332158350994797458e-02,-0.000000000000000000e+00,-0.000000000000000000e+00,-0.000000000000000000e+00,-0.000000000000000000e+00,-0.000000000000000000e+00,-0.000000000000000000e+00,-3.360118446403526637e-01,-0.000000000000000000e+00,-0.000000000000000000e+00,-0.000000000000000000e+00,-0.000000000000000000e+00,-0.000000000000000000e+00,-0.000000000000000000e+00,-0.000000000000000000e+00,-9.779986807693574757e-02,-1.500099776698375909e-01
-2.717605414885577164e-01,1.821310335456053142e+00,-0.000000000000000000e+00,-0.000000000000000000e+00,-0.000000000000000000e+00,-0.000000000000000000e+00,0.000000000000000000e+00,0.000000000000000000e+00,-0.000000000000000000e+00,-3.433341282024827690e-01,-0.000000000000000000e+00,-0.000000000000000000e+00,0.000000000000000000e+00,-1.839821848922953418e-01,-0.000000000000000000e+00,-0.000000000000000000e+00,-0.000000000000000000e+00,-0.000000000000000000e+00,-0.000000000000000000e+00,-0.000000000000000000e+00,-0.000000000000000000e+00,-0.000000000000000000e+00,-0.000000000000000000e+00,-0.000000000000000000e+00,-0.000000000000000000e+00,-1.015132554029386791e-01,-2.509918674186881193e-01,-6.156818603043732324e-02,-1.421485078245809898e-03,-0.000000000000000000e+00,-0.000000000000000000e+00,-3.149564418773633662e-02,-0.000000000000000000e+00,-0.000000000000000000e+00,-0.000000000000000000e+00,-8.326082152276782777e-02,-0.000000000000000000e+00,-4.939929756232059634e-03,-3.520900469355217610e-01
-2.269452049440382757e-01,-0.000000000000000000e+00,2.084330413797669923e+00,-0.000000000000000000e+00,-2.750730300134683337e-01,0.000000000000000000e+00,-0.000000000000000000e+00,5.659218187494686747e-01,-1.195642366281873814e-01,-0.000000000000000000e+00,-0.000000000000000000e+00,-0.000000000000000000e+00,-0.000000000000000000e+00,-0.000000000000000000e+00,-0.000000000000000000e+00,-0.000000000000000000e+00,-0.000000000000000000e+00,-0.000000000000000000e+00,-0.000000000000000000e+00,0.000000000000000000e+00,-0.000000000000000000e+00,-0.000000000000000000e+00,-0.000000000000000000e+00,-0.000000000000000000e+00,-0.000000000000000000e+00,-0.000000000000000000e+00,-0.000000000000000000e+00,-2.192798389260860181e-01,-0.000000000000000000e+00,-3.598621102458876217e-03,-5.940306241026993561e-01,-0.000000000000000000e+00,-1.493036724695359641e-01,-0.000000000000000000e+00,-0.000000000000000000e+00,-0.000000000000000000e+00,-0.000000000000000000e+00,-0.000000000000000000e+00,-0.000000000000000000e+00
0.000000000000000000e+00,-0.000000000000000000e+00,-0.000000000000000000e+00,1.343445265252493304e+00,-0.000000000000000000e+00,-4.235519904537407565e-02,-1.247448550920812194e-01,0.000000000000000000e+00,-0.000000000000000000e+00,0.000000000000000000e+00,-2.101180679273694785e-01,0.000000000000000000e+00,-0.000000000000000000e+00,-0.000000000000000000e+00,8.754458403939455180e-02,0.000000000000000000e+00,-6.019864380585858432e-02,-0.000000000000000000e+00,-0.000000000000000000e+00,-0.000000000000000000e+00,-2.138109867011049881e-01,-1.633190971255095991e-01,0.000000000000000000e+00,-0.000000000000000000e+00,1.109499679672485556e-02,-0.000000000000000000e+00,-0.000000000000000000e+00,-0.000000000000000000e+00,-0.000000000000000000e+00,0.000000000000000000e+00,-0.000000000000000000e+00,-0.000000000000000000e+00,-0.000000000000000000e+00,0.000000000000000000e+00,-1.238478548592026468e-01,0.000000000000000000e+00,-2.493596702275950247e-02,0.000000000000000000e+00,0.000000000000000000e+00
-0.000000000000000000e+00,-0.000000000000000000e+00,-2.750730300134683337e-01,-0.000000000000000000e+00,1.629832812092948169e+00,0.000000000000000000e+00,-0.000000000000000000e+00,1.388417663629785415e-01,-3.443426353869407652e-01,-0.000000000000000000e+00,-0.000000000000000000e+00,-0.000000000000000000e+00,-0.000000000000000000e+00,-4.691879410259412742e-02,-0.000000000000000000e+00,-0.000000000000000000e+00,-0.000000000000000000e+00,-0.000000000000000000e+00,-2.610954578696574047e-02,0.000000000000000000e+00,-0.000000000000000000e+00,-0.000000000000000000e+00,-0.000000000000000000e+00,-0.000000000000000000e+00,-0.000000000000000000e+00,-1.113494033815232709e-01,-4.141417642801033944e-02,-1.198482080273187006e-01,-0.000000000000000000e+00,-0.000000000000000000e+00,-3.572017697641354330e-04,-0.000000000000000000e+00,-0.000000000000000000e+00,-1.754720617904160784e-01,-0.000000000000000000e+00,-0.000000000000000000e+00,-0.000000000000000000e+00,-1.734769611289250224e-01,-0.000000000000000000e+00
0.000000000000000000e+00,-0.000000000000000000e+00,0.000000000000000000e+00,-4.235519904537407565e-02,0.000000000000000000e+00,1.879884947957432217e+00,-0.000000000000000000e+00,0.000000000000000000e+00,0.000000000000000000e+00,0.000000000000000000e+00,-6.749190035772689722e-02,1.043497270053042325e-01,0.000000000000000000e+00,-0.000000000000000000e+00,7.572533477408392721e-02,1.140263902649563260e-01,-6.570306018610967413e-01,-0.000000000000000000e+00,-0.000000000000000000e+00,-1.060743575083989004e-01,-3.832754840040145106e-02,-1.581468805213569473e-01,0.000000000000000000e+00,-3.433279737872680926e-01,0.000000000000000000e+00,-0.000000000000000000e+00,-0.000000000000000000e+00,-0.000000000000000000e+00,-7.564769196621159986e-02,0.000000000000000000e+00,-0.000000000000000000e+00,-4.524939143704570510e-02,-0.000000000000000000e+00,1.173544251373358771e-01,-1.325376843848797559e-01,0.000000000000000000e+00,-0.000000000000000000e+00,0.000000000000000000e+00,0.000000000000000000e+00
0.000000000000000000e+00,0.000000000000000000e+00,-0.000000000000000000e+00,-1.247448550920812194e-01,-0.000000000000000000e+00,-0.000000000000000000e+00,1.315423041224686340e+00,2.333198993984020309e-01,-0.000000000000000000e+00,0.000000000000000000e+00,-0.000000000000000000e+00,9.665794381638712074e-02,-0.000000000000000000e+00,-0.000000000000000000e+00,0.000000000000000000e+00,0.000000000000000000e+00,-6.010872828769663750e-02,-0.000000000000000000e+00,-2.801872085644460664e-01,-0.000000000000000000e+00,-2.812163828956122935e-01,-0.000000000000000000e+00,-0.000000000000000000e+00,-0.000000000000000000e+00,0.000000000000000000e+00,-5.500706791906317256e-02,-0.000000000000000000e+00,-0.000000000000000000e+00,-0.000000000000000000e+00,0.000000000000000000e+00,-0.000000000000000000e+00,-0.000000000000000000e+00,-0.000000000000000000e+00,-0.000000000000000000e+00,-0.000000000000000000e+00,0.000000000000000000e+00,-0.000000000000000000e+00,-0.000000000000000000e+00,0.000000000000000000e+00
0.000000000000000000e+00,0.000000000000000000e+00,5.659218187494686747e-01,0.000000000000000000e+00,1.388417663629785415e-01,0.000000000000000000e+00,2.333198993984020309e-01,1.600783993290585405e+00,0.000000000000000000e+00,0.000000000000000000e+00,0.000000000000000000e+00,-0.000000000000000000e+00,0.000000000000000000e+00,0.000000000000000000e+00,-0.000000000000000000e+00,0.000000000000000000e+00,0.000000000000000000e+00,0.000000000000000000e+00,0.000000000000000000e+00,-0.000000000000000000e+00,0.000000000000000000e+00,0.000000000000000000e+00,0.000000000000000000e+00,0.000000000000000000e+00,0.000000000000000000e+00,2.251652172606095556e-02,0.000000000000000000e+00,1.757556148735985035e-01,0.000000000000000000e+00,0.000000000000000000e+00,0.000000000000000000e+00,0.000000000000000000e+00,0.000000000000000000e+00,2.896662064998703490e-01,0.000000000000000000e+00,0.000000000000000000e+00,0.000000000000000000e+00,0.000000000000000000e+00,0.000000000000000000e+00
-2.759997618145955678e-01,-0.000000000000000000e+00,-1.195642366281873814e-01,-0.000000000000000000e+00,-3.443426353869407652e-01,0.000000000000000000e+00,-0.000000000000000000e+00,0.000000000000000000e+00,2.444235028559189615e+00,-2.276083149138541650e-01,-0.000000000000000000e+00,-1.765417584305670196e-01,-0.000000000000000000e+00,-8.678837800831647187e-02,-0.000000000000000000e+00,-0.000000000000000000e+00,-0.000000000000000000e+00,-2.175641967649225017e-01,-0.000000000000000000e+00,0.000000000000000000e+00,-0.000000000000000000e+00,-0.000000000000000000e+00,-2.878910902964896268e-01,-0.000000000000000000e+00,-0.000000000000000000e+00,-1.348767749840936170e-01,-1.628011343262009266e-03,-4.187107811361161919e-02,-0.000000000000000000e+00,-6.292491638100554396e-02,-0.000000000000000000e+00,-0.000000000000000000e+00,-0.000000000000000000e+00,-0.000000000000000000e+00,-0.000000000000000000e+00,-3.531118665428918668e-02,-0.000000000000000000e+00,-4.463597470979857595e-01,-3.123949949054150022e-01
-2.418630901464594307e-01,-3.433341282024827690e-01,-0.000000000000000000e+00,0.000000000000000000e+00,-0.000000000000000000e+00,0.000000000000000000e+00,0.000000000000000000e+00,0.000000000000000000e+00,-2.276083149138541650e-01,2.419303001904024697e+00,-0.000000000000000000e+00,-3.077765675350684071e-02,-0.000000000000000000e+00,-0.000000000000000000e+00,-0.000000000000000000e+00,-5.850500147794482908e-01,0.000000000000000000e+00,-5.575259447797355911e-02,-0.000000000000000000e+00,-0.000000000000000000e+00,0.000000000000000000e+00,-0.000000000000000000e+00,-6.558200579007723852e-02,-0.000000000000000000e+00,-1.834657550735261100e-01,-0.000000000000000000e+00,-0.000000000000000000e+00,-0.000000000000000000e+00,-0.000000000000000000e+00,-2.046312947510162961e-01,-0.000000000000000000e+00,-0.000000000000000000e+00,-0.000000000000000000e+00,-0.000000000000000000e+00,0.000000000000000000e+00,-1.760658267647690622e-01,-0.000000000000000000e+00,-1.252502978035112402e-01,-3.477924261268175998e-01
-0.000000000000000000e+00,-0.000000000000000000e+00,-0.000000000000000000e+00,-2.101180679273694785e-01,-0.000000000000000000e+00,-6.749190035772689722e-02,-0.000000000000000000e+00,0.000000000000000000e+00,-0.000000000000000000e+00,-0.000000000000000000e+00,2.291110770127620988e+00,0.000000000000000000e+00,0.000000000000000000e+00,-1.708358191904395529e-01,0.000000000000000000e+00,0.000000000000000000e+00,-3.484108463606986339e-01,-0.000000000000000000e+00,-0.000000000000000000e+00,-0.000000000000000000e+00,-9.840671143266987997e-02,-0.000000000000000000e+00,0.000000000000000000e+00,-1.230445441959812924e-01,0.000000000000000000e+00,-1.970018843327277919e-02,-1.220252619067818539e-01,-5.087128310574542261e-02,-1.859825097820722306e-01,0.000000000000000000e+00,-0.000000000000000000e+00,-4.520493358942621054e-01,-1.828446850494182818e-01,0.000000000000000000e+00,-7.508918931695503229e-02,0.000000000000000000e+00,-2.663818750877151031e-01,-0.000000000000000000e+00,-0.000000000000000000e+00
-1.991635915667533049e-02,-0.000000000000000000e+00,-0.000000000000000000e+00,0.000000000000000000e+00,-0.000000000000000000e+00,1.043497270053042325e-01,9.665794381638712074e-02,-0.000000000000000000e+00,-1.765417584305670196e-01,-3.077765675350684071e-02,0.000000000000000000e+00,1.737752299281836610e+00,-0.000000000000000000e+00,-0.000000000000000000e+00,-1.925654263699070057e-01,-7.223901761298628932e-02,0.000000000000000000e+00,-2.022682604051932176e-01,0.000000000000000000e+00,0.000000000000000000e+00,0.000000000000000000e+00,-0.000000000000000000e+00,-0.000000000000000000e+00,0.000000000000000000e+00,-0.000000000000000000e+00,-0.000000000000000000e+00,-0.000000000000000000e+00,-0.000000000000000000e+00,-0.000000000000000000e+00,-2.073026828707714708e-01,-0.000000000000000000e+00,-0.000000000000000000e+00,-0.000000000000000000e+00,-0.000000000000000000e+00,0.000000000000000000e+00,-3.625977843291824376e-01,-0.000000000000000000e+00,-0.000000000000000000e+00,-3.424165183417831049e-01
-0.000000000000000000e+00,0.000000000000000000e+00,-0.000000000000000000e+00,-0.000000000000000000e+00,-0.000000000000000000e+00,0.000000000000000000e+00,-0.000000000000000000e+00,0.000000000000000000e+00,-0.000000000000000000e+00,-0.000000000000000000e+00,0.000000000000000000e+00,-0.000000000000000000e+00,1.000917748311198840e+00,0.000000000000000000e+00,-7.790726755154395167e-03,-0.000000000000000000e+00,-0.000000000000000000e+00,-2.687663702239861604e-02,-0.000000000000000000e+00,-0.000000000000000000e+00,-0.000000000000000000e+00,-0.000000000000000000e+00,-0.000000000000000000e+00,-0.000000000000000000e+00,-0.000000000000000000e+00,-0.000000000000000000e+00,0.000000000000000000e+00,-0.000000000000000000e+00,-0.000000000000000000e+00,-0.000000000000000000e+00,-0.000000000000000000e+00,-0.000000000000000000e+00,-0.000000000000000000e+00,-0.000000000000000000e+00,-0.000000000000000000e+00,-0.000000000000000000e+00,-0.000000000000000000e+00,-0.000000000000000000e+00,-0.000000000000000000e+00
-0.000000000000000000e+00,-1.839821848922953418e-01,-0.000000000000000000e+00,-0.000000000000000000e+00,-4.691879410259412742e-02,-0.000000000000000000e+00,-0.000000000000000000e+00,0.000000000000000000e+00,-8.678837800831647187e-02,-0.000000000000000000e+00,-1.708358191904395529e-01,-0.000000000000000000e+00,0.000000000000000000e+00,2.235977020370550239e+00,-0.000000000000000000e+00,-0.000000000000000000e+00,-0.000000000000000000e+00,-0.000000000000000000e+00,-0.000000000000000000e+00,-0.000000000000000000e+00,-0.000000000000000000e+00,-0.000000000000000000e+00,-0.000000000000000000e+00,-0.000000000000000000e+00,-0.000000000000000000e+00,-3.295518795461185313e-01,-4.112396011247235195e-01,-1.840413350359358102e-01,-1.782244962843446690e-01,-0.000000000000000000e+00,-0.000000000000000000e+00,-2.585210246073035290e-01,-1.179691710520869297e-01,0.000000000000000000e+00,-0.000000000000000000e+00,-0.000000000000000000e+00,-2.346477291000372833e-01,-0.000000000000000000e+00,-1.259838444200314933e-01
-0.000000000000000000e+00,-0.000000000000000000e+00,-0.000000000000000000e+00,8.754458403939455180e-02,-0.000000000000000000e+00,7.572533477408392721e-02,0.000000000000000000e+00,-0.000000000000000000e+00,-0.000000000000000000e+00,-0.000000000000000000e+00,0.000000000000000000e+00,-1.925654263699070057e-01,-7.790726755154395167e-03,-0.000000000000000000e+00,1.602320146315119764e+00,-4.277396582421334470e-01,0.000000000000000000e+00,-1.425354817588391221e-01,-7.149369098174147841e-02,-0.000000000000000000e+00,0.000000000000000000e+00,0.000000000000000000e+00,-0.000000000000000000e+00,0.000000000000000000e+00,-6.087539210475322038e-02,-0.000000000000000000e+00,0.000000000000000000e+00,-0.000000000000000000e+00,0.000000000000000000e+00,-0.000000000000000000e+00,0.000000000000000000e+00,0.000000000000000000e+00,0.000000000000000000e+00,-2.078989637944267943e-01,3.908884741492704706e-02,-4.329016090455800603e-02,0.000000000000000000e+00,-2.502712515284328809e-01,-0.000000000000000000e+00
-1.396772210210417420e-01,-0.000000000000000000e+00,-0.000000000000000000e+00,0.000000000000000000e+00,-0.000000000000000000e+00,1.140263902649563260e-01,0.000000000000000000e+00,0.000000000000000000e+00,-0.000000000000000000e+00,-5.850500147794482908e-01,0.000000000000000000e+00,-7.223901761298628932e-02,-0.000000000000000000e+00,-0.000000000000000000e+00,-4.277396582421334470e-01,2.215801848205136260e+00,0.000000000000000000e+00,-0.000000000000000000e+00,-0.000000000000000000e+00,0.000000000000000000e+00,0.000000000000000000e+00,0.000000000000000000e+00,-1.515493281498627998e-01,0.000000000000000000e+00,-2.340623872051713072e-01,-0.000000000000000000e+00,-0.000000000000000000e+00,-0.000000000000000000e+00,0.000000000000000000e+00,-2.455388011844621687e-01,0.000000000000000000e+00,0.000000000000000000e+00,-0.000000000000000000e+00,-1.030232616727243256e-01,0.000000000000000000e+00,-2.617901613583293319e-01,0.000000000000000000e+00,-9.648889763255440177e-02,-0.000000000000000000e+00
-0.000000000000000000e+00,-0.000000000000000000e+00,-0.000000000000000000e+00,-6.019864380585858432e-02,-0.000000000000000000e+00,-6.570306018610967413e-01,-6.010872828769663750e-02,0.000000000000000000e+00,-0.000000000000000000e+00,0.000000000000000000e+00,-3.484108463606986339e-01,0.000000000000000000e+00,-0.000000000000000000e+00,-0.000000000000000000e+00,0.000000000000000000e+00,0.000000000000000000e+00,2.248415729311858069e+00,-0.000000000000000000e+00,-0.000000000000000000e+00,-0.000000000000000000e+00,-6.888975476363126682e-02,-0.000000000000000000e+00,-0.000000000000000000e+00,-4.954776499427109848e-01,0.000000000000000000e+00,-0.000000000000000000e+00,-0.000000000000000000e+00,-0.000000000000000000e+00,-2.360314533459283992e-01,0.000000000000000000e+00,-0.000000000000000000e+00,-1.197498008084801890e-01,-0.000000000000000000e+00,0.000000000000000000e+00,-1.852845380329895264e-01,0.000000000000000000e+00,-0.000000000000000000e+00,0.000000000000000000e+00,0.000000000000000000e+00
-0.000000000000000000e+00,-0.000000000000000000e+00,-0.000000000000000000e+00,-0.000000000000000000e+00,-0.000000000000000000e+00,-0.000000000000000000e+00,-0.000000000000000000e+00,0.000000000000000000e+00,-2.175641967649225017e-01,-5.575259447797355911e-02,-0.000000000000000000e+00,-2.022682604051932176e-01,-2.687663702239861604e-02,-0.000000000000000000e+00,-1.425354817588391221e-01,-0.000000000000000000e+00,-0.000000000000000000e+00,1.618010081620214535e+00,-3.457555531588035747e-01,-0.000000000000000000e+00,-0.000000000000000000e+00,-8.356666913289284571e-02,-0.000000000000000000e+00,-0.000000000000000000e+00,-0.000000000000000000e+00,-1.412397358569351946e-01,-0.000000000000000000e+00,-2.123063062557010716e-01,-0.000000000000000000e+00,-0.000000000000000000e+00,-0.000000000000000000e+00,-0.000000000000000000e+00,-1.724327247734331880e-01,-0.000000000000000000e+00,-0.000000000000000000e+00,-0.000000000000000000e+00,-0.000000000000000000e+00,-0.000000000000000000e+00,-0.000000000000000000e+00
-0.000000000000000000e+00,-0.000000000000000000e+00,-0.000000000000000000e+00,-0.000000000000000000e+00,-2.610954578696574047e-02,-0.000000000000000000e+00,-2.801872085644460664e-01,0.000000000000000000e+00,-0.000000000000000000e+00,-0.000000000000000000e+00,-0.000000000000000000e+00,0.000000000000000000e+00,-0.000000000000000000e+00,-0.000000000000000000e+00,-7.149369098174147841e-02,-0.000000000000000000e+00,-0.000000000000000000e+00,-3.457555531588035747e-01,1.295079672648785873e+00,-1.329621751699526233e-01,-2.028211059679938671e-02,-0.000000000000000000e+00,-0.000000000000000000e+00,-0.000000000000000000e+00,-1.238209427329881041e-02,-0.000000000000000000e+00,0.000000000000000000e+00,-0.000000000000000000e+00,-0.000000000000000000e+00,-0.000000000000000000e+00,0.000000000000000000e+00,-0.000000000000000000e+00,-0.000000000000000000e+00,-1.067497959970532956e-01,0.000000000000000000e+00,-0.000000000000000000e+00,0.000000000000000000e+00,-0.000000000000000000e+00,0.000000000000000000e+00
0.000000000000000000e+00,-0.000000000000000000e+00,0.000000000000000000e+00,-0.000000000000000000e+00,0.000000000000000000e+00,-1.060743575083989004e-01,-0.000000000000000000e+00,-0.000000000000000000e+00,0.000000000000000000e+00,-0.000000000000000000e+00,-0.000000000000000000e+00,0.000000000000000000e+00,-0.000000000000000000e+00,-0.000000000000000000e+00,-0.000000000000000000e+00,0.000000000000000000e+00,-0.000000000000000000e+00,-0.000000000000000000e+00,-1.329621751699526233e-01,1.286600383043736917e+00,-2.666661047468854573e-01,-2.164132824929043131e-01,0.000000000000000000e+00,-5.146872177848112878e-02,0.000000000000000000e+00,-0.000000000000000000e+00,0.000000000000000000e+00,-0.000000000000000000e+00,-0.000000000000000000e+00,0.000000000000000000e+00,0.000000000000000000e+00,-9.106741094283481164e-02,-0.000000000000000000e+00,0.000000000000000000e+00,-0.000000000000000000e+00,0.000000000000000000e+00,-0.000000000000000000e+00,0.000000000000000000e+00,0.000000000000000000e+00
0.000000000000000000e+00,-0.000000000000000000e+00,-0.000000000000000000e+00,-2.138109867011049881e-01,-0.000000000000000000e+00,-3.832754840040145106e-02,-2.812163828956122935e-01,0.000000000000000000e+00,-0.000000000000000000e+00,0.000000000000000000e+00,-9.840671143266987997e-02,0.000000000000000000e+00,-0.000000000000000000e+00,-0.000000000000000000e+00,0.000000000000000000e+00,0.000000000000000000e+00,-6.888975476363126682e-02,-0.000000000000000000e+00,-2.028211059679938671e-02,-2.666661047468854573e-01,1.889759939514138010e+00,-2.937382309249554901e-01,0.000000000000000000e+00,-3.128753308435373581e-01,0.000000000000000000e+00,-0.000000000000000000e+00,-0.000000000000000000e+00,-2.921994574446414861e-01,-0.000000000000000000e+00,0.000000000000000000e+00,-0.000000000000000000e+00,-0.000000000000000000e+00,-1.459268564512587463e-01,0.000000000000000000e+00,-0.000000000000000000e+00,0.000000000000000000e+00,-0.000000000000000000e+00,-0.000000000000000000e+00,0.000000000000000000e+00
-0.000000000000000000e+00,-0.000000000000000000e+00,-0.000000000000000000e+00,-1.633190971255095991e-01,-0.000000000000000000e+00,-1.581468805213569473e-01,-0.000000000000000000e+00,0.000000000000000000e+00,-0.000000000000000000e+00,-0.000000000000000000e+00,-0.000000000000000000e+00,-0.000000000000000000e+00,-0.000000000000000000e+00,-0.000000000000000000e+00,0.000000000000000000e+00,0.000000000000000000e+00,-0.000000000000000000e+00,-8.356666913289284571e-02,-0.000000000000000000e+00,-2.164132824929043131e-01,-2.937382309249554901e-01,1.653716469821805424e+00,0.000000000000000000e+00,-0.000000000000000000e+00,0.000000000000000000e+00,-0.000000000000000000e+00,-0.000000000000000000e+00,-0.000000000000000000e+00,-0.000000000000000000e+00,0.000000000000000000e+00,-0.000000000000000000e+00,-1.336603090533319549e-01,-4.520922548041876876e-01,0.000000000000000000e+00,-0.000000000000000000e+00,-0.000000000000000000e+00,-0.000000000000000000e+00,0.000000000000000000e+00,-0.000000000000000000e+00
-3.332158350994797458e-02,-0.000000000000000000e+00,-0.000000000000000000e+00,0.000000000000000000e+00,-0.000000000000000000e+00,0.000000000000000000e+00,-0.000000000000000000e+00,0.000000000000000000e+00,-2.878910902964896268e-01,-6.558200579007723852e-02,0.000000000000000000e+00,-0.000000000000000000e+00,-0.000000000000000000e+00,-0.000000000000000000e+00,-0.000000000000000000e+00,-1.515493281498627998e-01,-0.000000000000000000e+00,-0.000000000000000000e+00,-0.000000000000000000e+00,0.000000000000000000e+00,0.000000000000000000e+00,0.000000000000000000e+00,1.743809761175431738e+00,-0.000000000000000000e+00,-7.277724837597681073e-01,-0.000000000000000000e+00,-0.000000000000000000e+00,-0.000000000000000000e+00,0.000000000000000000e+00,-1.104509755459237991e-01,-0.000000000000000000e+00,-0.000000000000000000e+00,-0.000000000000000000e+00,-8.184815269709148911e-02,0.000000000000000000e+00,-6.388503613807407916e-03,0.000000000000000000e+00,-0.000000000000000000e+00,-0.000000000000000000e+00
-0.000000000000000000e+00,-0.000000000000000000e+00,-0.000000000000000000e+00,-0.000000000000000000e+00,-0.000000000000000000e+00,-3.433279737872680926e-01,-0.000000000000000000e+00,0.000000000000000000e+00,-0.000000000000000000e+00,-0.000000000000000000e+00,-1.230445441959812924e-01,0.000000000000000000e+00,-0.000000000000000000e+00,-0.000000000000000000e+00,0.000000000000000000e+00,0.000000000000000000e+00,-4.954776499427109848e-01,-0.000000000000000000e+00,-0.000000000000000000e+00,-5.146872177848112878e-02,-3.128753308435373581e-01,-0.000000000000000000e+00,-0.000000000000000000e+00,1.900908838757662256e+00,0.000000000000000000e+00,-0.000000000000000000e+00,-0.000000000000000000e+00,-0.000000000000000000e+00,-1.087295023052474857e-01,0.000000000000000000e+00,-0.000000000000000000e+00,-2.711525425886310847e-01,-0.000000000000000000e+00,0.000000000000000000e+00,-0.000000000000000000e+00,0.000000000000000000e+00,-0.000000000000000000e+00,0.000000000000000000e+00,-0.000000000000000000e+00
-0.000000000000000000e+00,-0.000000000000000000e+00,-0.000000000000000000e+00,1.109499679672485556e-02,-0.000000000000000000e+00,0.000000000000000000e+00,0.000000000000000000e+00,0.000000000000000000e+00,-0.000000000000000000e+00,-1.834657550735261100e-01,0.000000000000000000e+00,-0.000000000000000000e+00,-0.000000000000000000e+00,-0.000000000000000000e+00,-6.087539210475322038e-02,-2.340623872051713072e-01,0.000000000000000000e+00,-0.000000000000000000e+00,-1.238209427329881041e-02,0.000000000000000000e+00,0.000000000000000000e+00,0.000000000000000000e+00,-7.277724837597681073e-01,0.000000000000000000e+00,1.846735174296377346e+00,-0.000000000000000000e+00,0.000000000000000000e+00,-0.000000000000000000e+00,0.000000000000000000e+00,-0.000000000000000000e+00,0.000000000000000000e+00,0.000000000000000000e+00,0.000000000000000000e+00,-3.207790904980959423e-01,8.709195433033771472e-02,-3.188915708900581791e-02,0.000000000000000000e+00,-9.144018305531305402e-02,-0.000000000000000000e+00
-0.000000000000000000e+00,-1.015132554029386791e-01,-0.000000000000000000e+00,-0.000000000000000000e+00,-1.113494033815232709e-01,-0.000000000000000000e+00,-5.500706791906317256e-02,2.251652172606095556e-02,-1.348767749840936170e-01,-0.000000000000000000e+00,-1.970018843327277919e-02,-0.000000000000000000e+00,-0.000000000000000000e+00,-3.295518795461185313e-01,-0.000000000000000000e+00,-0.000000000000000000e+00,-0.000000000000000000e+00,-1.412397358569351946e-01,-0.000000000000000000e+00,-0.000000000000000000e+00,-0.000000000000000000e+00,-0.000000000000000000e+00,-0.000000000000000000e+00,-0.000000000000000000e+00,-0.000000000000000000e+00,2.008611251944314446e+00,-1.031810115060163291e-01,-4.725488570274555822e-01,-0.000000000000000000e+00,-0.000000000000000000e+00,-0.000000000000000000e+00,-1.595336488695652810e-01,-0.000000000000000000e+00,-0.000000000000000000e+00,-0.000000000000000000e+00,-0.000000000000000000e+00,-0.000000000000000000e+00,-3.609660315846414669e-01,-0.000000000000000000e+00
-0.000000000000000000e+00,-2.509918674186881193e-01,-0.000000000000000000e+00,-0.000000000000000000e+00,-4.141417642801033944e-02,-0.000000000000000000e+00,-0.000000000000000000e+00,0.000000000000000000e+00,-1.628011343262009266e-03,-0.000000000000000000e+00,-1.220252619067818539e-01,-0.000000000000000000e+00,0.000000000000000000e+00,-4.112396011247235195e-01,0.000000000000000000e+00,-0.000000000000000000e+00,-0.000000000000000000e+00,-0.000000000000000000e+00,0.000000000000000000e+00,0.000000000000000000e+00,-0.000000000000000000e+00,-0.000000000000000000e+00,-0.000000000000000000e+00,-0.000000000000000000e+00,0.000000000000000000e+00,-1.031810115060163291e-01,2.044277257784878454e+00,-0.000000000000000000e+00,-3.400481920826926158e-02,-0.000000000000000000e+00,-4.923891592903732461e-01,-8.224884244525326737e-02,-0.000000000000000000e+00,0.000000000000000000e+00,-5.046783833300105132e-02,-0.000000000000000000e+00,-2.535432561822705266e-01,-0.000000000000000000e+00,-1.774772386976773419e-01
-0.000000000000000000e+00,-6.156818603043732324e-02,-2.192798389260860181e-01,-0.000000000000000000e+00,-1.198482080273187006e-01,-0.000000000000000000e+00,-0.000000000000000000e+00,1.757556148735985035e-01,-4.187107811361161919e-02,-0.000000000000000000e+00,-5.087128310574542261e-02,-0.000000000000000000e+00,-0.000000000000000000e+00,-1.840413350359358102e-01,-0.000000000000000000e+00,-0.000000000000000000e+00,-0.000000000000000000e+00,-2.123063062557010716e-01,-0.000000000000000000e+00,-0.000000000000000000e+00,-2.921994574446414861e-01,-0.000000000000000000e+00,-0.000000000000000000e+00,-0.000000000000000000e+00,-0.000000000000000000e+00,-4.725488570274555822e-01,-0.000000000000000000e+00,2.263704749529189542e+00,-0.000000000000000000e+00,-0.000000000000000000e+00,-0.000000000000000000e+00,-1.967428994716940160e-01,-3.967537029312026009e-01,-0.000000000000000000e+00,-0.000000000000000000e+00,-0.000000000000000000e+00,-0.000000000000000000e+00,-5.174315939075773557e-02,-0.000000000000000000e+00
-0.000000000000000000e+00,-1.421485078245809898e-03,-0.000000000000000000e+00,-0.000000000000000000e+00,-0.000000000000000000e+00,-7.564769196621159986e-02,-0.000000000000000000e+00,0.000000000000000000e+00,-0.000000000000000000e+00,-0.000000000000000000e+00,-1.859825097820722306e-01,-0.000000000000000000e+00,-0.000000000000000000e+00,-1.782244962843446690e-01,0.000000000000000000e+00,0.000000000000000000e+00,-2.360314533459283992e-01,-0.000000000000000000e+00,-0.000000000000000000e+00,-0.000000000000000000e+00,-0.000000000000000000e+00,-0.000000000000000000e+00,0.000000000000000000e+00,-1.087295023052474857e-01,0.000000000000000000e+00,-0.000000000000000000e+00,-3.400481920826926158e-02,-0.000000000000000000e+00,2.301914015055938290e+00,0.000000000000000000e+00,-0.000000000000000000e+00,-6.853246560081138750e-01,-0.000000000000000000e+00,0.000000000000000000e+00,-4.500364571164724992e-01,-0.000000000000000000e+00,-2.421368900019002790e-01,-0.000000000000000000e+00,-0.000000000000000000e+00
-3.360118446403526637e-01,-0.000000000000000000e+00,-3.598621102458876217e-03,0.000000000000000000e+00,-0.000000000000000000e+00,0.000000000000000000e+00,0.000000000000000000e+00,0.000000000000000000e+00,-6.292491638100554396e-02,-2.046312947510162961e-01,0.000000000000000000e+00,-2.073026828707714708e-01,-0.000000000000000000e+00,-0.000000000000000000e+00,-0.000000000000000000e+00,-2.455388011844621687e-01,0.000000000000000000e+00,-0.000000000000000000e+00,-0.000000000000000000e+00,0.000000000000000000e+00,0.000000000000000000e+00,0.000000000000000000e+00,-1.104509755459237991e-01,0.000000000000000000e+00,-0.000000000000000000e+00,-0.000000000000000000e+00,-0.000000000000000000e+00,-0.000000000000000000e+00,0.000000000000000000e+00,1.588651067280836049e+00,-0.000000000000000000e+00,0.000000000000000000e+00,-0.000000000000000000e+00,-1.036384340214192290e-01,0.000000000000000000e+00,-4.188084086623659885e-02,0.000000000000000000e+00,-0.000000000000000000e+00,-0.000000000000000000e+00
-0.000000000000000000e+00,-0.000000000000000000e+00,-5.940306241026993561e-01,-0.000000000000000000e+00,-3.572017697641354330e-04,-0.000000000000000000e+00,-0.000000000000000000e+00,0.000000000000000000e+00,-0.000000000000000000e+00,-0.000000000000000000e+00,-0.000000000000000000e+00,-0.000000000000000000e+00,-0.000000000000000000e+00,-0.000000000000000000e+00,0.000000000000000000e+00,0.000000000000000000e+00,-0.000000000000000000e+00,-0.000000000000000000e+00,0.000000000000000000e+00,0.000000000000000000e+00,-0.000000000000000000e+00,-0.000000000000000000e+00,-0.000000000000000000e+00,-0.000000000000000000e+00,0.000000000000000000e+00,-0.000000000000000000e+00,-4.923891592903732461e-01,-0.000000000000000000e+00,-0.000000000000000000e+00,-0.000000000000000000e+00,2.002810214255152488e+00,-0.000000000000000000e+00,-2.232284349971394022e-01,0.000000000000000000e+00,-1.863795285019875514e-01,-0.000000000000000000e+00,-3.637687415880927477e-01,-0.000000000000000000e+00,-0.000000000000000000e+00
-0.000000000000000000e+00,-3.149564418773633662e-02,-0.000000000000000000e+00,-0.000000000000000000e+00,-0.000000000000000000e+00,-4.524939143704570510e-02,-0.000000000000000000e+00,0.000000000000000000e+00,-0.000000000000000000e+00,-0.000000000000000000e+00,-4.520493358942621054e-01,-0.000000000000000000e+00,-0.000000000000000000e+00,-2.585210246073035290e-01,0.000000000000000000e+00,0.000000000000000000e+00,-1.197498008084801890e-01,-0.000000000000000000e+00,-0.000000000000000000e+00,-9.106741094283481164e-02,-0.000000000000000000e+00,-1.336603090533319549e-01,-0.000000000000000000e+00,-2.711525425886310847e-01,0.000000000000000000e+00,-1.595336488695652810e-01,-8.224884244525326737e-02,-1.967428994716940160e-01,-6.853246560081138750e-01,0.000000000000000000e+00,-0.000000000000000000e+00,2.642081724693556399e+00,-6.292026586159368828e-02,0.000000000000000000e+00,-9.248367957745604051e-02,-0.000000000000000000e+00,-1.934198080504906381e-01,-0.000000000000000000e+00,-0.000000000000000000e+00
-0.000000000000000000e+00,-0.000000000000000000e+00,-1.493036724695359641e-01,-0.000000000000000000e+00,-0.000000000000000000e+00,-0.000000000000000000e+00,-0.000000000000000000e+00,0.000000000000000000e+00,-0.000000000000000000e+00,-0.000000000000000000e+00,-1.828446850494182818e-01,-0.000000000000000000e+00,-0.000000000000000000e+00,-1.179691710520869297e-01,0.000000000000000000e+00,-0.000000000000000000e+00,-0.000000000000000000e+00,-1.724327247734331880e-01,-0.000000000000000000e+00,-0.000000000000000000e+00,-1.459268564512587463e-01,-4.520922548041876876e-01,-0.000000000000000000e+00,-0.000000000000000000e+00,0.000000000000000000e+00,-0.000000000000000000e+00,-0.000000000000000000e+00,-3.967537029312026009e-01,-0.000000000000000000e+00,-0.000000000000000000e+00,-2.232284349971394022e-01,-6.292026586159368828e-02,2.133601178951122446e+00,0.000000000000000000e+00,-0.000000000000000000e+00,-0.000000000000000000e+00,-3.062121570470754395e-01,-0.000000000000000000e+00,-0.000000000000000000e+00
-0.000000000000000000e+00,-0.000000000000000000e+00,-0.000000000000000000e+00,0.000000000000000000e+00,-1.754720617904160784e-01,1.173544251373358771e-01,-0.000000000000000000e+00,2.896662064998703490e-01,-0.000000000000000000e+00,-0.000000000000000000e+00,0.000000000000000000e+00,-0.000000000000000000e+00,-0.000000000000000000e+00,0.000000000000000000e+00,-2.078989637944267943e-01,-1.030232616727243256e-01,0.000000000000000000e+00,-0.000000000000000000e+00,-1.067497959970532956e-01,0.000000000000000000e+00,0.000000000000000000e+00,0.000000000000000000e+00,-8.184815269709148911e-02,0.000000000000000000e+00,-3.207790904980959423e-01,-0.000000000000000000e+00,0.000000000000000000e+00,-0.000000000000000000e+00,0.000000000000000000e+00,-1.036384340214192290e-01,0.000000000000000000e+00,0.000000000000000000e+00,0.000000000000000000e+00,1.588783844539638723e+00,2.267342580283474573e-01,-0.000000000000000000e+00,6.524160955067717649e-02,-9.620202161173824207e-02,-0.000000000000000000e+00
-0.000000000000000000e+00,-0.000000000000000000e+00,-0.000000000000000000e+00,-1.238478548592026468e-01,-0.000000000000000000e+00,-1.325376843848797559e-01,-0.000000000000000000e+00,0.000000000000000000e+00,-0.000000000000000000e+00,0.000000000000000000e+00,-7.508918931695503229e-02,0.000000000000000000e+00,-0.000000000000000000e+00,-0.000000000000000000e+00,3.908884741492704706e-02,0.000000000000000000e+00,-1.852845380329895264e-01,-0.000000000000000000e+00,0.000000000000000000e+00,-0.000000000000000000e+00,-0.000000000000000000e+00,-0.000000000000000000e+00,0.000000000000000000e+00,-0.000000000000000000e+00,8.709195433033771472e-02,-0.000000000000000000e+00,-5.046783833300105132e-02,-0.000000000000000000e+00,-4.500364571164724992e-01,0.000000000000000000e+00,-1.863795285019875514e-01,-9.248367957745604051e-02,-0.000000000000000000e+00,2.267342580283474573e-01,2.246150579761735600e+00,0.000000000000000000e+00,-8.229951718474693978e-01,0.000000000000000000e+00,-0.000000000000000000e+00
-0.000000000000000000e+00,-8.326082152276782777e-02,-0.000000000000000000e+00,0.000000000000000000e+00,-0.000000000000000000e+00,0.000000000000000000e+00,0.000000000000000000e+00,0.000000000000000000e+00,-3.531118665428918668e-02,-1.760658267647690622e-01,0.000000000000000000e+00,-3.625977843291824376e-01,-0.000000000000000000e+00,-0.000000000000000000e+00,-4.329016090455800603e-02,-2.617901613583293319e-01,0.000000000000000000e+00,-0.000000000000000000e+00,-0.000000000000000000e+00,0.000000000000000000e+00,0.000000000000000000e+00,-0.000000000000000000e+00,-6.388503613807407916e-03,0.000000000000000000e+00,-3.188915708900581791e-02,-0.000000000000000000e+00,-0.000000000000000000e+00,-0.000000000000000000e+00,-0.000000000000000000e+00,-4.188084086623659885e-02,-0.000000000000000000e+00,-0.000000000000000000e+00,-0.000000000000000000e+00,-0.000000000000000000e+00,0.000000000000000000e+00,1.649614144865126253e+00,-0.000000000000000000e+00,-9.574459313558740525e-02,-2.425512974760385410e-01
-0.000000000000000000e+00,-0.000000000000000000e+00,-0.000000000000000000e+00,-2.493596702275950247e-02,-0.000000000000000000e+00,-0.000000000000000000e+00,-0.000000000000000000e+00,0.000000000000000000e+00,-0.000000000000000000e+00,-0.000000000000000000e+00,-2.663818750877151031e-01,-0.000000000000000000e+00,-0.000000000000000000e+00,-2.346477291000372833e-01,0.000000000000000000e+00,0.000000000000000000e+00,-0.000000000000000000e+00,-0.000000000000000000e+00,0.000000000000000000e+00,-0.000000000000000000e+00,-0.000000000000000000e+00,-0.000000000000000000e+00,0.000000000000000000e+00,-0.000000000000000000e+00,0.000000000000000000e+00,-0.000000000000000000e+00,-2.535432561822705266e-01,-0.000000000000000000e+00,-2.421368900019002790e-01,0.000000000000000000e+00,-3.637687415880927477e-01,-1.934198080504906381e-01,-3.062121570470754395e-01,6.524160955067717649e-02,-8.229951718474693978e-01,-0.000000000000000000e+00,2.614464408662469985e+00,-0.000000000000000000e+00,-0.000000000000000000e+00
-9.779986807693574757e-02,-4.939929756232059634e-03,-0.000000000000000000e+00,0.000000000000000000e+00,-1.734769611289250224e-01,0.000000000000000000e+00,-0.000000000000000000e+00,0.000000000000000000e+00,-4.463597470979857595e-01,-1.252502978035112402e-01,-0.000000000000000000e+00,-0.000000000000000000e+00,-0.000000000000000000e+00,-0.000000000000000000e+00,-2.502712515284328809e-01,-9.648889763255440177e-02,0.000000000000000000e+00,-0.000000000000000000e+00,-0.000000000000000000e+00,0.000000000000000000e+00,-0.000000000000000000e+00,0.000000000000000000e+00,-0.000000000000000000e+00,0.000000000000000000e+00,-9.144018305531305402e-02,-3.609660315846414669e-01,-0.000000000000000000e+00,-5.174315939075773557e-02,-0.000000000000000000e+00,-0.000000000000000000e+00,-0.000000000000000000e+00,-0.000000000000000000e+00,-0.000000000000000000e+00,-9.620202161173824207e-02,0.000000000000000000e+00,-9.574459313558740525e-02,-0.000000000000000000e+00,2.036243126004784187e+00,-1.957554446939153703e-01
-1.500099776698375909e-01,-3.520900469355217610e-01,-0.000000000000000000e+00,0.000000000000000000e+00,-0.000000000000000000e+00,0.000000000000000000e+00,0.000000000000000000e+00,0.000000000000000000e+00,-3.123949949054150022e-01,-3.477924261268175998e-01,-0.000000000000000000e+00,-3.424165183417831049e-01,-0.000000000000000000e+00,-1.259838444200314933e-01,-0.000000000000000000e+00,-0.000000000000000000e+00,0.000000000000000000e+00,-0.000000000000000000e+00,0.000000000000000000e+00,0.000000000000000000e+00,0.000000000000000000e+00,-0.000000000000000000e+00,-0.000000000000000000e+00,-0.000000000000000000e+00,-0.000000000000000000e+00,-0.000000000000000000e+00,-1.774772386976773419e-01,-0.000000000000000000e+00,-0.000000000000000000e+00,-0.000000000000000000e+00,-0.000000000000000000e+00,-0.000000000000000000e+00,-0.000000000000000000e+00,-0.000000000000000000e+00,-0.000000000000000000e+00,-2.425512974760385410e-01,-0.000000000000000000e+00,-1.957554446939153703e-01,2.183949696017829734e+00
