2.284252954761420096e+00,-4.180231448631221425e-01,-0.000000000000000000e+00,0.000000000000000000e+00,-6.365691350216291788e-02,-0.000000000000000000e+00,-0.000000000000000000e+00,0.000000000000000000e+00,-6.841210560752165881e-02,-2.495406170830415660e-01,-0.000000000000000000e+00,0.000000000000000000e+00,0.000000000000000000e+00,-0.000000000000000000e+00,-4.646400907199647184e-02,-0.000000000000000000e+00,-0.000000000000000000e+00,-0.000000000000000000e+00,-0.000000000000000000e+00,-0.000000000000000000e+00,-0.000000000000000000e+00,-0.000000000000000000e+00,-0.000000000000000000e+00,-0.000000000000000000e+00,-0.000000000000000000e+00,-3.355992285634074590e-01,-0.000000000000000000e+00,-0.000000000000000000e+00,-3.543164816393848948e-01,-5.443594171126256986e-01,-0.000000000000000000e+00,-2.080846337944680102e-01,-0.000000000000000000e+00,-0.000000000000000000e+00,-0.000000000000000000e+00,-0.000000000000000000e+00,-4.053188947939953524e-04,-4.879142031931967688e-02,-0.000000000000000000e+00
-4.180231448631221425e-01,2.306877371501381280e+00,-0.000000000000000000e+00,0.000000000000000000e+00,-2.676144336833792270e-01,-0.000000000000000000e+00,-0.000000000000000000e+00,0.000000000000000000e+00,-6.150266235849979196e-02,-1.838474277364673948e-01,-2.759474373937056968e-02,-0.000000000000000000e+00,0.000000000000000000e+00,-0.000000000000000000e+00,-1.199774863590048896e-01,-1.405493001411525777e-01,-0.000000000000000000e+00,-0.000000000000000000e+00,-0.000000000000000000e+00,0.000000000000000000e+00,0.000000000000000000e+00,-0.000000000000000000e+00,-0.000000000000000000e+00,-0.000000000000000000e+00,-2.447679123472185636e-01,-0.000000000000000000e+00,-0.000000000000000000e+00,-0.000000000000000000e+00,-8.275219782224939313e-02,-4.022965449766944257e-01,-0.000000000000000000e+00,-2.203238518928555267e-01,-0.000000000000000000e+00,-0.000000000000000000e+00,-0.000000000000000000e+00,-0.000000000000000000e+00,-0.000000000000000000e+00,-0.000000000000000000e+00,-2.226406855756526415e-01
-0.000000000000000000e+00,-0.000000000000000000e+00,2.414686540932854619e+00,0.000000000000000000e+00,-1.918102785047053338e-01,-0.000000000000000000e+00,-0.000000000000000000e+00,1.216379148022299184e+00,-1.472970121989278514e-01,-1.110277144951505174e-01,-0.000000000000000000e+00,-0.000000000000000000e+00,0.000000000000000000e+00,-1.307693374202141242e-03,-1.343327324294499477e-02,-0.000000000000000000e+00,-0.000000000000000000e+00,-0.000000000000000000e+00,-0.000000000000000000e+00,-9.990026952112816480e-03,-0.000000000000000000e+00,-3.007429049571682528e-02,-9.374144249930693729e-02,-0.000000000000000000e+00,-9.727575619137901475e-02,-5.202418418868176575e-02,-0.000000000000000000e+00,-3.221150632606549769e-01,-0.000000000000000000e+00,-0.000000000000000000e+00,-0.000000000000000000e+00,-0.000000000000000000e+00,-0.000000000000000000e+00,-0.000000000000000000e+00,-0.000000000000000000e+00,-0.000000000000000000e+00,-0.000000000000000000e+00,-0.000000000000000000e+00,-1.129456218708683318e-01
0.000000000000000000e+00,0.000000000000000000e+00,0.000000000000000000e+00,1.322080068653215923e+00,0.000000000000000000e+00,-0.000000000000000000e+00,-6.108801066570882995e-03,-0.000000000000000000e+00,0.000000000000000000e+00,0.000000000000000000e+00,0.000000000000000000e+00,-1.153347936446508064e-02,-2.926250469201514548e-01,0.000000000000000000e+00,0.000000000000000000e+00,-0.000000000000000000e+00,-0.000000000000000000e+00,-0.000000000000000000e+00,-2.057663394604925533e-01,-2.347820984930104049e-01,0.000000000000000000e+00,-0.000000000000000000e+00,-0.000000000000000000e+00,0.000000000000000000e+00,-0.000000000000000000e+00,0.000000000000000000e+00,-0.000000000000000000e+00,0.000000000000000000e+00,2.599819039829257550e-01,0.000000000000000000e+00,1.486554580587901853e-01,0.000000000000000000e+00,-0.000000000000000000e+00,1.035317301758255024e-02,2.183145694058702055e-02,-0.000000000000000000e+00,0.000000000000000000e+00,-0.000000000000000000e+00,0.000000000000000000e+00
-6.365691350216291788e-02,-2.676144336833792270e-01,-1.918102785047053338e-01,0.000000000000000000e+00,2.086051139429880408e+00,-0.000000000000000000e+00,-0.000000000000000000e+00,2.078275546267857876e-01,-2.941710915200794751e-01,-0.000000000000000000e+00,-0.000000000000000000e+00,-0.000000000000000000e+00,0.000000000000000000e+00,-2.530335844647159382e-02,-7.205768832819961500e-02,-0.000000000000000000e+00,-0.000000000000000000e+00,-0.000000000000000000e+00,-0.000000000000000000e+00,-0.000000000000000000e+00,-0.000000000000000000e+00,-0.000000000000000000e+00,-0.000000000000000000e+00,-0.000000000000000000e+00,-0.000000000000000000e+00,-1.925067653406652424e-01,-0.000000000000000000e+00,-1.540496459030959164e-01,-0.000000000000000000e+00,-0.000000000000000000e+00,-1.325945003213664652e-01,-2.896483106365469861e-03,-0.000000000000000000e+00,-5.019544214054505460e-01,-0.000000000000000000e+00,-0.000000000000000000e+00,-0.000000000000000000e+00,-0.000000000000000000e+00,-0.000000000000000000e+00
-0.000000000000000000e+00,-0.000000000000000000e+00,-0.000000000000000000e+00,-0.000000000000000000e+00,-0.000000000000000000e+00,1.510995560161740636e+00,-1.649053791467866292e-01,-0.000000000000000000e+00,-0.000000000000000000e+00,-0.000000000000000000e+00,-3.903638065089189979e-01,-0.000000000000000000e+00,-0.000000000000000000e+00,-0.000000000000000000e+00,-0.000000000000000000e+00,-0.000000000000000000e+00,-5.039574314886092338e-02,-4.696179796088070096e-02,-0.000000000000000000e+00,-0.000000000000000000e+00,1.464012540130982809e-01,-2.482643453138717610e-03,-0.000000000000000000e+00,-0.000000000000000000e+00,-0.000000000000000000e+00,0.000000000000000000e+00,-0.000000000000000000e+00,-0.000000000000000000e+00,0.000000000000000000e+00,-0.000000000000000000e+00,-0.000000000000000000e+00,-0.000000000000000000e+00,-1.349789353153848515e-01,0.000000000000000000e+00,0.000000000000000000e+00,-0.000000000000000000e+00,-4.201841351891880127e-01,0.000000000000000000e+00,0.000000000000000000e+00
-0.000000000000000000e+00,-0.000000000000000000e+00,-0.000000000000000000e+00,-6.108801066570882995e-03,-0.000000000000000000e+00,-1.649053791467866292e-01,1.046701502062469036e+00,0.000000000000000000e+00,0.000000000000000000e+00,-0.000000000000000000e+00,-0.000000000000000000e+00,0.000000000000000000e+00,-0.000000000000000000e+00,0.000000000000000000e+00,-0.000000000000000000e+00,-0.000000000000000000e+00,-2.370503068036522443e-02,-0.000000000000000000e+00,-0.000000000000000000e+00,-0.000000000000000000e+00,0.000000000000000000e+00,-1.269536834017583049e-01,-0.000000000000000000e+00,0.000000000000000000e+00,-0.000000000000000000e+00,0.000000000000000000e+00,-0.000000000000000000e+00,-0.000000000000000000e+00,-0.000000000000000000e+00,-0.000000000000000000e+00,0.000000000000000000e+00,-0.000000000000000000e+00,-0.000000000000000000e+00,1.331587802013908806e-02,-0.000000000000000000e+00,-0.000000000000000000e+00,-0.000000000000000000e+00,0.000000000000000000e+00,0.000000000000000000e+00
0.000000000000000000e+00,0.000000000000000000e+00,1.216379148022299184e+00,-0.000000000000000000e+00,2.078275546267857876e-01,-0.000000000000000000e+00,0.000000000000000000e+00,2.218830933756700929e+00,3.836887427818790747e-02,0.000000000000000000e+00,0.000000000000000000e+00,0.000000000000000000e+00,-0.000000000000000000e+00,0.000000000000000000e+00,0.000000000000000000e+00,0.000000000000000000e+00,0.000000000000000000e+00,0.000000000000000000e+00,0.000000000000000000e+00,0.000000000000000000e+00,2.992690496924291788e-01,0.000000000000000000e+00,0.000000000000000000e+00,0.000000000000000000e+00,0.000000000000000000e+00,1.928134875432994388e-01,0.000000000000000000e+00,3.735314314379433592e-02,3.131576820538741618e-02,6.535358444218329448e-03,0.000000000000000000e+00,0.000000000000000000e+00,0.000000000000000000e+00,1.226254687821518585e-01,0.000000000000000000e+00,0.000000000000000000e+00,0.000000000000000000e+00,0.000000000000000000e+00,0.000000000000000000e+00
-6.841210560752165881e-02,-6.150266235849979196e-02,-1.472970121989278514e-01,0.000000000000000000e+00,-2.941710915200794751e-01,-0.000000000000000000e+00,0.000000000000000000e+00,3.836887427818790747e-02,2.398910159788019136e+00,-2.497333492687139542e-02,-0.000000000000000000e+00,-0.000000000000000000e+00,0.000000000000000000e+00,-2.372869285242517889e-01,-2.897620528083813887e-02,-5.697171635341541363e-02,-0.000000000000000000e+00,-0.000000000000000000e+00,-0.000000000000000000e+00,-0.000000000000000000e+00,-0.000000000000000000e+00,-0.000000000000000000e+00,-1.408609847821630789e-01,-0.000000000000000000e+00,-9.361623413820584216e-02,-3.328806362954345732e-01,-1.921160638071169324e-01,-3.363558990986403180e-02,-0.000000000000000000e+00,-1.875426058243884198e-01,-0.000000000000000000e+00,-0.000000000000000000e+00,-0.000000000000000000e+00,-1.645262838568471997e-01,-0.000000000000000000e+00,-0.000000000000000000e+00,-0.000000000000000000e+00,-1.599562765820410626e-01,-3.359942907434859682e-01
-2.495406170830415660e-01,-1.838474277364673948e-01,-1.110277144951505174e-01,0.000000000000000000e+00,-0.000000000000000000e+00,-0.000000000000000000e+00,-0.000000000000000000e+00,0.000000000000000000e+00,-2.497333492687139542e-02,2.217463267468544164e+00,-0.000000000000000000e+00,-0.000000000000000000e+00,-0.000000000000000000e+00,-0.000000000000000000e+00,-0.000000000000000000e+00,-6.905376657249694405e-01,-1.306773214959151830e-01,-0.000000000000000000e+00,-0.000000000000000000e+00,-0.000000000000000000e+00,0.000000000000000000e+00,-7.569528003361078450e-02,-0.000000000000000000e+00,-0.000000000000000000e+00,-8.740943809255909830e-03,-0.000000000000000000e+00,-5.194071445111923813e-02,-1.396256150515205741e-01,-0.000000000000000000e+00,-5.244866609043684624e-01,-0.000000000000000000e+00,-2.365987691757286127e-02,-0.000000000000000000e+00,-0.000000000000000000e+00,-0.000000000000000000e+00,-0.000000000000000000e+00,-0.000000000000000000e+00,-0.000000000000000000e+00,-0.000000000000000000e+00
-0.000000000000000000e+00,-2.759474373937056968e-02,-0.000000000000000000e+00,0.000000000000000000e+00,-0.000000000000000000e+00,-3.903638065089189979e-01,-0.000000000000000000e+00,0.000000000000000000e+00,-0.000000000000000000e+00,-0.000000000000000000e+00,1.814774723745247842e+00,-0.000000000000000000e+00,0.000000000000000000e+00,-0.000000000000000000e+00,-1.761345114552615929e-02,-0.000000000000000000e+00,-0.000000000000000000e+00,-0.000000000000000000e+00,-0.000000000000000000e+00,0.000000000000000000e+00,0.000000000000000000e+00,-0.000000000000000000e+00,-0.000000000000000000e+00,-0.000000000000000000e+00,-1.088906780721655282e-01,-0.000000000000000000e+00,-0.000000000000000000e+00,-1.665141364213969591e-02,-0.000000000000000000e+00,-0.000000000000000000e+00,-2.292131447143637424e-01,-3.937813594493024816e-01,-1.475321163278508485e-01,-0.000000000000000000e+00,-0.000000000000000000e+00,-0.000000000000000000e+00,-3.596079168346449362e-01,-0.000000000000000000e+00,-0.000000000000000000e+00
0.000000000000000000e+00,-0.000000000000000000e+00,-0.000000000000000000e+00,-1.153347936446508064e-02,-0.000000000000000000e+00,-0.000000000000000000e+00,0.000000000000000000e+00,0.000000000000000000e+00,-0.000000000000000000e+00,-0.000000000000000000e+00,-0.000000000000000000e+00,1.627955813778219518e+00,-0.000000000000000000e+00,-5.336667879596124903e-02,-1.097409163834678625e-01,-7.931402200058258745e-02,-0.000000000000000000e+00,-3.344009691211233815e-01,-0.000000000000000000e+00,-1.007005491434015826e-01,0.000000000000000000e+00,-8.728648138925269168e-03,-0.000000000000000000e+00,-0.000000000000000000e+00,-0.000000000000000000e+00,-0.000000000000000000e+00,-0.000000000000000000e+00,-0.000000000000000000e+00,0.000000000000000000e+00,-0.000000000000000000e+00,-0.000000000000000000e+00,-0.000000000000000000e+00,-3.267362856810406280e-01,-0.000000000000000000e+00,3.347308319319550751e-01,-3.428410533873910704e-01,-0.000000000000000000e+00,-0.000000000000000000e+00,-0.000000000000000000e+00
0.000000000000000000e+00,0.000000000000000000e+00,0.000000000000000000e+00,-2.926250469201514548e-01,0.000000000000000000e+00,-0.000000000000000000e+00,-0.000000000000000000e+00,-0.000000000000000000e+00,0.000000000000000000e+00,-0.000000000000000000e+00,0.000000000000000000e+00,-0.000000000000000000e+00,1.533631682276055841e+00,0.000000000000000000e+00,0.000000000000000000e+00,-0.000000000000000000e+00,0.000000000000000000e+00,-0.000000000000000000e+00,-4.229393363851337295e-02,-6.162233161232739953e-02,0.000000000000000000e+00,-1.186523982617285755e-01,0.000000000000000000e+00,0.000000000000000000e+00,0.000000000000000000e+00,0.000000000000000000e+00,0.000000000000000000e+00,0.000000000000000000e+00,6.158601961585725981e-02,-0.000000000000000000e+00,6.158168375645193260e-01,0.000000000000000000e+00,0.000000000000000000e+00,1.804493221184347851e-01,3.342028115117796905e-02,-0.000000000000000000e+00,0.000000000000000000e+00,-0.000000000000000000e+00,0.000000000000000000e+00
-0.000000000000000000e+00,-0.000000000000000000e+00,-1.307693374202141242e-03,0.000000000000000000e+00,-2.530335844647159382e-02,-0.000000000000000000e+00,0.000000000000000000e+00,0.000000000000000000e+00,-2.372869285242517889e-01,-0.000000000000000000e+00,-0.000000000000000000e+00,-5.336667879596124903e-02,0.000000000000000000e+00,2.074637234580523959e+00,-1.160057330227556166e-01,-7.087309955285565899e-02,-0.000000000000000000e+00,-0.000000000000000000e+00,-0.000000000000000000e+00,-0.000000000000000000e+00,0.000000000000000000e+00,0.000000000000000000e+00,-1.529939748659144283e-01,-4.859227808838557094e-01,-1.580873221582844157e-01,-0.000000000000000000e+00,-0.000000000000000000e+00,-0.000000000000000000e+00,-0.000000000000000000e+00,-0.000000000000000000e+00,-0.000000000000000000e+00,-0.000000000000000000e+00,-1.310078775287286390e-01,-2.724517646451654618e-01,0.000000000000000000e+00,-5.293907252301728594e-02,-0.000000000000000000e+00,-0.000000000000000000e+00,-3.376962564353422902e-01
-4.646400907199647184e-02,-1.199774863590048896e-01,-1.343327324294499477e-02,0.000000000000000000e+00,-7.205768832819961500e-02,-0.000000000000000000e+00,-0.000000000000000000e+00,0.000000000000000000e+00,-2.897620528083813887e-02,-0.000000000000000000e+00,-1.761345114552615929e-02,-1.097409163834678625e-01,0.000000000000000000e+00,-1.160057330227556166e-01,1.469719441412926875e+00,-1.439647582025396499e-01,-7.574080285079229369e-02,-1.126584262697994873e-02,-0.000000000000000000e+00,-0.000000000000000000e+00,0.000000000000000000e+00,-0.000000000000000000e+00,-1.209538010605432090e-01,-0.000000000000000000e+00,-7.379240162800917990e-02,-0.000000000000000000e+00,-0.000000000000000000e+00,-0.000000000000000000e+00,-0.000000000000000000e+00,-8.421492085027744434e-02,-0.000000000000000000e+00,-0.000000000000000000e+00,-1.702712865784694043e-03,-0.000000000000000000e+00,0.000000000000000000e+00,-0.000000000000000000e+00,-0.000000000000000000e+00,-1.235241116311762699e-01,-4.467447511262386678e-02
-0.000000000000000000e+00,-1.405493001411525777e-01,-0.000000000000000000e+00,-0.000000000000000000e+00,-0.000000000000000000e+00,-0.000000000000000000e+00,-0.000000000000000000e+00,0.000000000000000000e+00,-5.697171635341541363e-02,-6.905376657249694405e-01,-0.000000000000000000e+00,-7.931402200058258745e-02,-0.000000000000000000e+00,-7.087309955285565899e-02,-1.439647582025396499e-01,2.135474847048837166e+00,-4.106037262389653289e-03,-6.190461620637455198e-02,-0.000000000000000000e+00,-0.000000000000000000e+00,0.000000000000000000e+00,-7.626772500023719370e-02,-2.506179682900235850e-01,-2.343937049144103821e-02,-1.826891807863525452e-01,-0.000000000000000000e+00,-0.000000000000000000e+00,-1.777881607909743977e-01,-0.000000000000000000e+00,-1.601023669793371074e-01,-0.000000000000000000e+00,-0.000000000000000000e+00,-4.814925351256420932e-02,-0.000000000000000000e+00,0.000000000000000000e+00,-1.224166352719717119e-02,-0.000000000000000000e+00,-0.000000000000000000e+00,-0.000000000000000000e+00
-0.000000000000000000e+00,-0.000000000000000000e+00,-0.000000000000000000e+00,-0.000000000000000000e+00,-0.000000000000000000e+00,-5.039574314886092338e-02,-2.370503068036522443e-02,0.000000000000000000e+00,-0.000000000000000000e+00,-1.306773214959151830e-01,-0.000000000000000000e+00,-0.000000000000000000e+00,0.000000000000000000e+00,-0.000000000000000000e+00,-7.574080285079229369e-02,-4.106037262389653289e-03,1.514655317724256989e+00,-5.426626539349551498e-02,-0.000000000000000000e+00,-0.000000000000000000e+00,0.000000000000000000e+00,-0.000000000000000000e+00,-2.076248474526298515e-01,-5.853598708991061828e-03,-2.113916307449596743e-02,-2.558003448168457913e-02,-1.450431536242912933e-01,-0.000000000000000000e+00,-0.000000000000000000e+00,-0.000000000000000000e+00,-0.000000000000000000e+00,-2.612428392066810101e-01,-4.120235525122121351e-02,-0.000000000000000000e+00,-0.000000000000000000e+00,-0.000000000000000000e+00,-2.201839294674875769e-01,-0.000000000000000000e+00,-0.000000000000000000e+00
-0.000000000000000000e+00,-0.000000000000000000e+00,-0.000000000000000000e+00,-0.000000000000000000e+00,-0.000000000000000000e+00,-4.696179796088070096e-02,-0.000000000000000000e+00,0.000000000000000000e+00,-0.000000000000000000e+00,-0.000000000000000000e+00,-0.000000000000000000e+00,-3.344009691211233815e-01,-0.000000000000000000e+00,-0.000000000000000000e+00,-1.126584262697994873e-02,-6.190461620637455198e-02,-5.426626539349551498e-02,1.936826430970375101e+00,-4.871031967245171845e-01,-3.856565218187067538e-03,0.000000000000000000e+00,-3.747330279335260323e-03,-1.975528289009998439e-01,-0.000000000000000000e+00,-0.000000000000000000e+00,-0.000000000000000000e+00,-1.562400314581547656e-01,-2.500855195325684885e-02,0.000000000000000000e+00,-0.000000000000000000e+00,0.000000000000000000e+00,-0.000000000000000000e+00,-1.371315376201008296e-01,-0.000000000000000000e+00,0.000000000000000000e+00,-2.707302643795750918e-01,-0.000000000000000000e+00,-2.588008562432257964e-01,-0.000000000000000000e+00
-0.000000000000000000e+00,-0.000000000000000000e+00,-0.000000000000000000e+00,-2.057663394604925533e-01,-0.000000000000000000e+00,-0.000000000000000000e+00,-0.000000000000000000e+00,0.000000000000000000e+00,-0.000000000000000000e+00,-0.000000000000000000e+00,-0.000000000000000000e+00,-0.000000000000000000e+00,-4.229393363851337295e-02,-0.000000000000000000e+00,-0.000000000000000000e+00,-0.000000000000000000e+00,-0.000000000000000000e+00,-4.871031967245171845e-01,1.476879544658028953e+00,-1.388171172204072656e-01,0.000000000000000000e+00,-0.000000000000000000e+00,-1.720980764430160917e-02,-0.000000000000000000e+00,-0.000000000000000000e+00,-0.000000000000000000e+00,-2.699640177305445699e-01,-0.000000000000000000e+00,0.000000000000000000e+00,-0.000000000000000000e+00,0.000000000000000000e+00,-0.000000000000000000e+00,-0.000000000000000000e+00,0.000000000000000000e+00,0.000000000000000000e+00,-1.059202781524868492e-01,-0.000000000000000000e+00,-8.905227501558388159e-02,-0.000000000000000000e+00
-0.000000000000000000e+00,0.000000000000000000e+00,-9.990026952112816480e-03,-2.347820984930104049e-01,-0.000000000000000000e+00,-0.000000000000000000e+00,-0.000000000000000000e+00,0.000000000000000000e+00,-0.000000000000000000e+00,-0.000000000000000000e+00,0.000000000000000000e+00,-1.007005491434015826e-01,-6.162233161232739953e-02,-0.000000000000000000e+00,-0.000000000000000000e+00,-0.000000000000000000e+00,-0.000000000000000000e+00,-3.856565218187067538e-03,-1.388171172204072656e-01,1.302967917318480495e+00,-6.117195464744784074e-03,-4.525277585962172999e-01,-0.000000000000000000e+00,-0.000000000000000000e+00,-0.000000000000000000e+00,-0.000000000000000000e+00,-0.000000000000000000e+00,-0.000000000000000000e+00,0.000000000000000000e+00,-0.000000000000000000e+00,0.000000000000000000e+00,0.000000000000000000e+00,-0.000000000000000000e+00,0.000000000000000000e+00,0.000000000000000000e+00,-0.000000000000000000e+00,0.000000000000000000e+00,-3.509538023504685939e-02,-0.000000000000000000e+00
-0.000000000000000000e+00,0.000000000000000000e+00,-0.000000000000000000e+00,0.000000000000000000e+00,-0.000000000000000000e+00,1.464012540130982809e-01,0.000000000000000000e+00,2.992690496924291788e-01,-0.000000000000000000e+00,0.000000000000000000e+00,0.000000000000000000e+00,0.000000000000000000e+00,0.000000000000000000e+00,0.000000000000000000e+00,0.000000000000000000e+00,0.000000000000000000e+00,0.000000000000000000e+00,0.000000000000000000e+00,0.000000000000000000e+00,-6.117195464744784074e-03,1.110385560430006358e+00,-0.000000000000000000e+00,0.000000000000000000e+00,-0.000000000000000000e+00,0.000000000000000000e+00,-0.000000000000000000e+00,0.000000000000000000e+00,-0.000000000000000000e+00,-0.000000000000000000e+00,-0.000000000000000000e+00,-0.000000000000000000e+00,0.000000000000000000e+00,0.000000000000000000e+00,-0.000000000000000000e+00,-1.357062803428095155e-01,0.000000000000000000e+00,0.000000000000000000e+00,-0.000000000000000000e+00,-0.000000000000000000e+00
-0.000000000000000000e+00,-0.000000000000000000e+00,-3.007429049571682528e-02,-0.000000000000000000e+00,-0.000000000000000000e+00,-2.482643453138717610e-03,-1.269536834017583049e-01,0.000000000000000000e+00,-0.000000000000000000e+00,-7.569528003361078450e-02,-0.000000000000000000e+00,-8.728648138925269168e-03,-1.186523982617285755e-01,0.000000000000000000e+00,-0.000000000000000000e+00,-7.626772500023719370e-02,-0.000000000000000000e+00,-3.747330279335260323e-03,-0.000000000000000000e+00,-4.525277585962172999e-01,-0.000000000000000000e+00,1.250496901003745220e+00,-0.000000000000000000e+00,-0.000000000000000000e+00,-0.000000000000000000e+00,-0.000000000000000000e+00,-0.000000000000000000e+00,-5.827116019147561554e-02,0.000000000000000000e+00,-0.000000000000000000e+00,0.000000000000000000e+00,-0.000000000000000000e+00,-0.000000000000000000e+00,0.000000000000000000e+00,0.000000000000000000e+00,-0.000000000000000000e+00,-0.000000000000000000e+00,-0.000000000000000000e+00,-0.000000000000000000e+00
-0.000000000000000000e+00,-0.000000000000000000e+00,-9.374144249930693729e-02,-0.000000000000000000e+00,-0.000000000000000000e+00,-0.000000000000000000e+00,-0.000000000000000000e+00,0.000000000000000000e+00,-1.408609847821630789e-01,-0.000000000000000000e+00,-0.000000000000000000e+00,-0.000000000000000000e+00,0.000000000000000000e+00,-1.529939748659144283e-01,-1.209538010605432090e-01,-2.506179682900235850e-01,-2.076248474526298515e-01,-1.975528289009998439e-01,-1.720980764430160917e-02,-0.000000000000000000e+00,0.000000000000000000e+00,-0.000000000000000000e+00,2.195892296493771934e+00,-9.871088183436579899e-02,-4.486324098742754951e-01,-0.000000000000000000e+00,-8.636263993861602317e-02,-7.603997704118743706e-02,-0.000000000000000000e+00,-0.000000000000000000e+00,-0.000000000000000000e+00,-0.000000000000000000e+00,-2.033042438485267167e-01,-0.000000000000000000e+00,0.000000000000000000e+00,-1.224763974629027308e-01,-6.744125537809515791e-02,-8.349268198271907193e-02,-0.000000000000000000e+00
-0.000000000000000000e+00,-0.000000000000000000e+00,-0.000000000000000000e+00,0.000000000000000000e+00,-0.000000000000000000e+00,-0.000000000000000000e+00,0.000000000000000000e+00,0.000000000000000000e+00,-0.000000000000000000e+00,-0.000000000000000000e+00,-0.000000000000000000e+00,-0.000000000000000000e+00,0.000000000000000000e+00,-4.859227808838557094e-01,-0.000000000000000000e+00,-2.343937049144103821e-02,-5.853598708991061828e-03,-0.000000000000000000e+00,-0.000000000000000000e+00,-0.000000000000000000e+00,-0.000000000000000000e+00,-0.000000000000000000e+00,-9.871088183436579899e-02,1.574562479771621559e+00,-2.672641281425874871e-02,-0.000000000000000000e+00,-0.000000000000000000e+00,-7.854488790756634919e-02,-0.000000000000000000e+00,-0.000000000000000000e+00,-1.196420911075897625e-01,-4.813134668675689981e-02,-2.155733168540729383e-01,-0.000000000000000000e+00,-0.000000000000000000e+00,-0.000000000000000000e+00,-9.218595429694506974e-03,-0.000000000000000000e+00,-1.405883101236856669e-01
-0.000000000000000000e+00,-2.447679123472185636e-01,-9.727575619137901475e-02,-0.000000000000000000e+00,-0.000000000000000000e+00,-0.000000000000000000e+00,-0.000000000000000000e+00,0.000000000000000000e+00,-9.361623413820584216e-02,-8.740943809255909830e-03,-1.088906780721655282e-01,-0.000000000000000000e+00,0.000000000000000000e+00,-1.580873221582844157e-01,-7.379240162800917990e-02,-1.826891807863525452e-01,-2.113916307449596743e-02,-0.000000000000000000e+00,-0.000000000000000000e+00,-0.000000000000000000e+00,0.000000000000000000e+00,-0.000000000000000000e+00,-4.486324098742754951e-01,-2.672641281425874871e-02,2.307103654603960941e+00,-0.000000000000000000e+00,-7.935347873722539691e-02,-0.000000000000000000e+00,-0.000000000000000000e+00,-0.000000000000000000e+00,-0.000000000000000000e+00,-6.694595675278579294e-02,-1.912507772545603835e-01,-0.000000000000000000e+00,0.000000000000000000e+00,-2.536260112418822418e-02,-2.411088147128180592e-02,-0.000000000000000000e+00,-5.279399732221585761e-01
-3.355992285634074590e-01,-0.000000000000000000e+00,-5.202418418868176575e-02,0.000000000000000000e+00,-1.925067653406652424e-01,0.000000000000000000e+00,0.000000000000000000e+00,1.928134875432994388e-01,-3.328806362954345732e-01,-0.000000000000000000e+00,-0.000000000000000000e+00,-0.000000000000000000e+00,0.000000000000000000e+00,-0.000000000000000000e+00,-0.000000000000000000e+00,-0.000000000000000000e+00,-2.558003448168457913e-02,-0.000000000000000000e+00,-0.000000000000000000e+00,-0.000000000000000000e+00,-0.000000000000000000e+00,-0.000000000000000000e+00,-0.000000000000000000e+00,-0.000000000000000000e+00,-0.000000000000000000e+00,1.960004428221910899e+00,-1.388506444793887462e-01,-6.544335633597535284e-02,-2.099417396769975852e-01,-2.304415765418247122e-02,-0.000000000000000000e+00,-2.913265745842843341e-02,-0.000000000000000000e+00,-6.599557689726352760e-02,-6.635128976738108308e-02,-0.000000000000000000e+00,-0.000000000000000000e+00,-2.843298344298292313e-01,-0.000000000000000000e+00
-0.000000000000000000e+00,-0.000000000000000000e+00,-0.000000000000000000e+00,-0.000000000000000000e+00,-0.000000000000000000e+00,-0.000000000000000000e+00,-0.000000000000000000e+00,0.000000000000000000e+00,-1.921160638071169324e-01,-5.194071445111923813e-02,-0.000000000000000000e+00,-0.000000000000000000e+00,0.000000000000000000e+00,-0.000000000000000000e+00,-0.000000000000000000e+00,-0.000000000000000000e+00,-1.450431536242912933e-01,-1.562400314581547656e-01,-2.699640177305445699e-01,-0.000000000000000000e+00,0.000000000000000000e+00,-0.000000000000000000e+00,-8.636263993861602317e-02,-0.000000000000000000e+00,-7.935347873722539691e-02,-1.388506444793887462e-01,1.699463570562989245e+00,-1.726908571945668658e-01,-0.000000000000000000e+00,-0.000000000000000000e+00,-0.000000000000000000e+00,-1.124102317967874132e-01,-6.367280153697199574e-02,-0.000000000000000000e+00,-0.000000000000000000e+00,-0.000000000000000000e+00,-4.411980134115107977e-02,-0.000000000000000000e+00,-1.172666374376138826e-01
-0.000000000000000000e+00,-0.000000000000000000e+00,-3.221150632606549769e-01,0.000000000000000000e+00,-1.540496459030959164e-01,-0.000000000000000000e+00,-0.000000000000000000e+00,3.735314314379433592e-02,-3.363558990986403180e-02,-1.396256150515205741e-01,-1.665141364213969591e-02,-0.000000000000000000e+00,0.000000000000000000e+00,-0.000000000000000000e+00,-0.000000000000000000e+00,-1.777881607909743977e-01,-0.000000000000000000e+00,-2.500855195325684885e-02,-0.000000000000000000e+00,-0.000000000000000000e+00,-0.000000000000000000e+00,-5.827116019147561554e-02,-7.603997704118743706e-02,-7.854488790756634919e-02,-0.000000000000000000e+00,-6.544335633597535284e-02,-1.726908571945668658e-01,1.801908234165131351e+00,-0.000000000000000000e+00,-0.000000000000000000e+00,-2.248512868153673336e-02,-0.000000000000000000e+00,-2.052369439745010404e-01,-0.000000000000000000e+00,-0.000000000000000000e+00,-1.268540254379724452e-01,-1.029194065814218184e-01,-0.000000000000000000e+00,-0.000000000000000000e+00
-3.543164816393848948e-01,-8.275219782224939313e-02,-0.000000000000000000e+00,2.599819039829257550e-01,-0.000000000000000000e+00,0.000000000000000000e+00,-0.000000000000000000e+00,3.131576820538741618e-02,-0.000000000000000000e+00,-0.000000000000000000e+00,-0.000000000000000000e+00,0.000000000000000000e+00,6.158601961585725981e-02,-0.000000000000000000e+00,-0.000000000000000000e+00,-0.000000000000000000e+00,-0.000000000000000000e+00,0.000000000000000000e+00,0.000000000000000000e+00,0.000000000000000000e+00,-0.000000000000000000e+00,0.000000000000000000e+00,-0.000000000000000000e+00,-0.000000000000000000e+00,-0.000000000000000000e+00,-2.099417396769975852e-01,-0.000000000000000000e+00,-0.000000000000000000e+00,1.883402566649599486e+00,-0.000000000000000000e+00,-0.000000000000000000e+00,-3.760991129211357920e-01,0.000000000000000000e+00,-0.000000000000000000e+00,-6.726688865238600323e-01,0.000000000000000000e+00,-0.000000000000000000e+00,-0.000000000000000000e+00,-0.000000000000000000e+00
-5.443594171126256986e-01,-4.022965449766944257e-01,-0.000000000000000000e+00,0.000000000000000000e+00,-0.000000000000000000e+00,-0.000000000000000000e+00,-0.000000000000000000e+00,6.535358444218329448e-03,-1.875426058243884198e-01,-5.244866609043684624e-01,-0.000000000000000000e+00,-0.000000000000000000e+00,-0.000000000000000000e+00,-0.000000000000000000e+00,-8.421492085027744434e-02,-1.601023669793371074e-01,-0.000000000000000000e+00,-0.000000000000000000e+00,-0.000000000000000000e+00,-0.000000000000000000e+00,-0.000000000000000000e+00,-0.000000000000000000e+00,-0.000000000000000000e+00,-0.000000000000000000e+00,-0.000000000000000000e+00,-2.304415765418247122e-02,-0.000000000000000000e+00,-0.000000000000000000e+00,-0.000000000000000000e+00,2.117236145779878065e+00,-0.000000000000000000e+00,-0.000000000000000000e+00,-0.000000000000000000e+00,-0.000000000000000000e+00,-0.000000000000000000e+00,-0.000000000000000000e+00,-0.000000000000000000e+00,-0.000000000000000000e+00,-0.000000000000000000e+00
-0.000000000000000000e+00,-0.000000000000000000e+00,-0.000000000000000000e+00,1.486554580587901853e-01,-1.325945003213664652e-01,-0.000000000000000000e+00,0.000000000000000000e+00,0.000000000000000000e+00,-0.000000000000000000e+00,-0.000000000000000000e+00,-2.292131447143637424e-01,-0.000000000000000000e+00,6.158168375645193260e-01,-0.000000000000000000e+00,-0.000000000000000000e+00,-0.000000000000000000e+00,-0.000000000000000000e+00,0.000000000000000000e+00,0.000000000000000000e+00,0.000000000000000000e+00,-0.000000000000000000e+00,0.000000000000000000e+00,-0.000000000000000000e+00,-1.196420911075897625e-01,-0.000000000000000000e+00,-0.000000000000000000e+00,-0.000000000000000000e+00,-2.248512868153673336e-02,-0.000000000000000000e+00,-0.000000000000000000e+00,1.823283139714365397e+00,-0.000000000000000000e+00,-2.332198294514308823e-01,-3.659364204561564859e-01,-0.000000000000000000e+00,-0.000000000000000000e+00,-0.000000000000000000e+00,0.000000000000000000e+00,-0.000000000000000000e+00
-2.080846337944680102e-01,-2.203238518928555267e-01,-0.000000000000000000e+00,0.000000000000000000e+00,-2.896483106365469861e-03,-0.000000000000000000e+00,-0.000000000000000000e+00,0.000000000000000000e+00,-0.000000000000000000e+00,-2.365987691757286127e-02,-3.937813594493024816e-01,-0.000000000000000000e+00,0.000000000000000000e+00,-0.000000000000000000e+00,-0.000000000000000000e+00,-0.000000000000000000e+00,-2.612428392066810101e-01,-0.000000000000000000e+00,-0.000000000000000000e+00,0.000000000000000000e+00,0.000000000000000000e+00,-0.000000000000000000e+00,-0.000000000000000000e+00,-4.813134668675689981e-02,-6.694595675278579294e-02,-2.913265745842843341e-02,-1.124102317967874132e-01,-0.000000000000000000e+00,-3.760991129211357920e-01,-0.000000000000000000e+00,-0.000000000000000000e+00,2.238492511948849462e+00,-0.000000000000000000e+00,-0.000000000000000000e+00,-0.000000000000000000e+00,-0.000000000000000000e+00,-6.478443330574480408e-01,-0.000000000000000000e+00,-0.000000000000000000e+00
-0.000000000000000000e+00,-0.000000000000000000e+00,-0.000000000000000000e+00,-0.000000000000000000e+00,-0.000000000000000000e+00,-1.349789353153848515e-01,-0.000000000000000000e+00,0.000000000000000000e+00,-0.000000000000000000e+00,-0.000000000000000000e+00,-1.475321163278508485e-01,-3.267362856810406280e-01,0.000000000000000000e+00,-1.310078775287286390e-01,-1.702712865784694043e-03,-4.814925351256420932e-02,-4.120235525122121351e-02,-1.371315376201008296e-01,-0.000000000000000000e+00,-0.000000000000000000e+00,0.000000000000000000e+00,-0.000000000000000000e+00,-2.033042438485267167e-01,-2.155733168540729383e-01,-1.912507772545603835e-01,-0.000000000000000000e+00,-6.367280153697199574e-02,-2.052369439745010404e-01,0.000000000000000000e+00,-0.000000000000000000e+00,-2.332198294514308823e-01,-0.000000000000000000e+00,2.029509062884248927e+00,-0.000000000000000000e+00,0.000000000000000000e+00,-3.111132275471343786e-02,-1.500876830042889576e-01,-0.000000000000000000e+00,-0.000000000000000000e+00
-0.000000000000000000e+00,-0.000000000000000000e+00,-0.000000000000000000e+00,1.035317301758255024e-02,-5.019544214054505460e-01,0.000000000000000000e+00,1.331587802013908806e-02,1.226254687821518585e-01,-1.645262838568471997e-01,-0.000000000000000000e+00,-0.000000000000000000e+00,-0.000000000000000000e+00,1.804493221184347851e-01,-2.724517646451654618e-01,-0.000000000000000000e+00,-0.000000000000000000e+00,-0.000000000000000000e+00,-0.000000000000000000e+00,0.000000000000000000e+00,0.000000000000000000e+00,-0.000000000000000000e+00,0.000000000000000000e+00,-0.000000000000000000e+00,-0.000000000000000000e+00,-0.000000000000000000e+00,-6.599557689726352760e-02,-0.000000000000000000e+00,-0.000000000000000000e+00,-0.000000000000000000e+00,-0.000000000000000000e+00,-3.659364204561564859e-01,-0.000000000000000000e+00,-0.000000000000000000e+00,1.857942317020342626e+00,-0.000000000000000000e+00,-0.000000000000000000e+00,-0.000000000000000000e+00,-0.000000000000000000e+00,-9.264437224634863854e-02
-0.000000000000000000e+00,-0.000000000000000000e+00,-0.000000000000000000e+00,2.183145694058702055e-02,-0.000000000000000000e+00,0.000000000000000000e+00,-0.000000000000000000e+00,0.000000000000000000e+00,-0.000000000000000000e+00,-0.000000000000000000e+00,-0.000000000000000000e+00,3.347308319319550751e-01,3.342028115117796905e-02,0.000000000000000000e+00,0.000000000000000000e+00,0.000000000000000000e+00,-0.000000000000000000e+00,0.000000000000000000e+00,0.000000000000000000e+00,0.000000000000000000e+00,-1.357062803428095155e-01,0.000000000000000000e+00,0.000000000000000000e+00,-0.000000000000000000e+00,0.000000000000000000e+00,-6.635128976738108308e-02,-0.000000000000000000e+00,-0.000000000000000000e+00,-6.726688865238600323e-01,-0.000000000000000000e+00,-0.000000000000000000e+00,-0.000000000000000000e+00,0.000000000000000000e+00,-0.000000000000000000e+00,1.450682805743116921e+00,9.026239589474778502e-02,-0.000000000000000000e+00,0.000000000000000000e+00,0.000000000000000000e+00
-0.000000000000000000e+00,-0.000000000000000000e+00,-0.000000000000000000e+00,-0.000000000000000000e+00,-0.000000000000000000e+00,-0.000000000000000000e+00,-0.000000000000000000e+00,0.000000000000000000e+00,-0.000000000000000000e+00,-0.000000000000000000e+00,-0.000000000000000000e+00,-3.428410533873910704e-01,-0.000000000000000000e+00,-5.293907252301728594e-02,-0.000000000000000000e+00,-1.224166352719717119e-02,-0.000000000000000000e+00,-2.707302643795750918e-01,-1.059202781524868492e-01,-0.000000000000000000e+00,0.000000000000000000e+00,-0.000000000000000000e+00,-1.224763974629027308e-01,-0.000000000000000000e+00,-2.536260112418822418e-02,-0.000000000000000000e+00,-0.000000000000000000e+00,-1.268540254379724452e-01,0.000000000000000000e+00,-0.000000000000000000e+00,-0.000000000000000000e+00,-0.000000000000000000e+00,-3.111132275471343786e-02,-0.000000000000000000e+00,9.026239589474778502e-02,1.551049157862797401e+00,-0.000000000000000000e+00,-8.179012472963330393e-02,-1.315203148546212897e-01
-4.053188947939953524e-04,-0.000000000000000000e+00,-0.000000000000000000e+00,0.000000000000000000e+00,-0.000000000000000000e+00,-4.201841351891880127e-01,-0.000000000000000000e+00,0.000000000000000000e+00,-0.000000000000000000e+00,-0.000000000000000000e+00,-3.596079168346449362e-01,-0.000000000000000000e+00,0.000000000000000000e+00,-0.000000000000000000e+00,-0.000000000000000000e+00,-0.000000000000000000e+00,-2.201839294674875769e-01,-0.000000000000000000e+00,-0.000000000000000000e+00,0.000000000000000000e+00,0.000000000000000000e+00,-0.000000000000000000e+00,-6.744125537809515791e-02,-9.218595429694506974e-03,-2.411088147128180592e-02,-0.000000000000000000e+00,-4.411980134115107977e-02,-1.029194065814218184e-01,-0.000000000000000000e+00,-0.000000000000000000e+00,-0.000000000000000000e+00,-6.478443330574480408e-01,-1.500876830042889576e-01,-0.000000000000000000e+00,-0.000000000000000000e+00,-0.000000000000000000e+00,2.070245280463923088e+00,-0.000000000000000000e+00,-0.000000000000000000e+00
-4.879142031931967688e-02,-0.000000000000000000e+00,-0.000000000000000000e+00,-0.000000000000000000e+00,-0.000000000000000000e+00,0.000000000000000000e+00,0.000000000000000000e+00,0.000000000000000000e+00,-1.599562765820410626e-01,-0.000000000000000000e+00,-0.000000000000000000e+00,-0.000000000000000000e+00,-0.000000000000000000e+00,-0.000000000000000000e+00,-1.235241116311762699e-01,-0.000000000000000000e+00,-0.000000000000000000e+00,-2.588008562432257964e-01,-8.905227501558388159e-02,-3.509538023504685939e-02,-0.000000000000000000e+00,-0.000000000000000000e+00,-8.349268198271907193e-02,-0.000000000000000000e+00,-0.000000000000000000e+00,-2.843298344298292313e-01,-0.000000000000000000e+00,-0.000000000000000000e+00,-0.000000000000000000e+00,-0.000000000000000000e+00,0.000000000000000000e+00,-0.000000000000000000e+00,-0.000000000000000000e+00,-0.000000000000000000e+00,0.000000000000000000e+00,-8.179012472963330393e-02,-0.000000000000000000e+00,1.716127618396190879e+00,-4.087462674456593947e-01
-0.000000000000000000e+00,-2.226406855756526415e-01,-1.129456218708683318e-01,0.000000000000000000e+00,-0.000000000000000000e+00,0.000000000000000000e+00,0.000000000000000000e+00,0.000000000000000000e+00,-3.359942907434859682e-01,-0.000000000000000000e+00,-0.000000000000000000e+00,-0.000000000000000000e+00,0.000000000000000000e+00,-3.376962564353422902e-01,-4.467447511262386678e-02,-0.000000000000000000e+00,-0.000000000000000000e+00,-0.000000000000000000e+00,-0.000000000000000000e+00,-0.000000000000000000e+00,-0.000000000000000000e+00,-0.000000000000000000e+00,-0.000000000000000000e+00,-1.405883101236856669e-01,-5.279399732221585761e-01,-0.000000000000000000e+00,-1.172666374376138826e-01,-0.000000000000000000e+00,-0.000000000000000000e+00,-0.000000000000000000e+00,-0.000000000000000000e+00,-0.000000000000000000e+00,-0.000000000000000000e+00,-9.264437224634863854e-02,0.000000000000000000e+00,-1.315203148546212897e-01,-0.000000000000000000e+00,-4.087462674456593947e-01,2.351225251791941417e+00
