1.894410712146820774e+00,-2.476720872198035495e-01,-0.000000000000000000e+00,1.644699591824601848e-01,-0.000000000000000000e+00,0.000000000000000000e+00,-0.000000000000000000e+00,0.000000000000000000e+00,-0.000000000000000000e+00,-0.000000000000000000e+00,4.758723097065899188e-02,0.000000000000000000e+00,1.179305196678752561e-02,0.000000000000000000e+00,0.000000000000000000e+00,-3.473561050273197837e-01,-0.000000000000000000e+00,0.000000000000000000e+00,0.000000000000000000e+00,0.000000000000000000e+00,0.000000000000000000e+00,-0.000000000000000000e+00,0.000000000000000000e+00,-0.000000000000000000e+00,0.000000000000000000e+00,-1.864339914820557775e-01,0.000000000000000000e+00,-0.000000000000000000e+00,-1.559574528192056442e-01,-5.477346390051265335e-01,-0.000000000000000000e+00,-0.000000000000000000e+00,0.000000000000000000e+00,-0.000000000000000000e+00,-0.000000000000000000e+00,-0.000000000000000000e+00,-0.000000000000000000e+00,-2.434619866855980697e-01,-0.000000000000000000e+00
-2.476720872198035495e-01,1.868497918471906383e+00,-0.000000000000000000e+00,7.706190189026032589e-02,-0.000000000000000000e+00,0.000000000000000000e+00,-0.000000000000000000e+00,0.000000000000000000e+00,-2.648138948882154953e-01,-3.591486361314560893e-01,-0.000000000000000000e+00,0.000000000000000000e+00,-0.000000000000000000e+00,-0.000000000000000000e+00,0.000000000000000000e+00,0.000000000000000000e+00,0.000000000000000000e+00,-0.000000000000000000e+00,-6.671591056757233962e-02,-0.000000000000000000e+00,-0.000000000000000000e+00,-0.000000000000000000e+00,-0.000000000000000000e+00,-1.898769635360428865e-01,0.000000000000000000e+00,-0.000000000000000000e+00,-1.005495844895558516e-01,-0.000000000000000000e+00,0.000000000000000000e+00,-1.050544246188374886e-01,-0.000000000000000000e+00,-1.978580958271398960e-01,0.000000000000000000e+00,-0.000000000000000000e+00,-0.000000000000000000e+00,-1.658987428889946159e-01,-3.245155138563692865e-01,-0.000000000000000000e+00,-0.000000000000000000e+00
-0.000000000000000000e+00,-0.000000000000000000e+00,3.153177299896739783e+00,0.000000000000000000e+00,-4.610253480800622916e-01,-0.000000000000000000e+00,-0.000000000000000000e+00,1.353449187978201573e+00,-0.000000000000000000e+00,-6.720864717016609979e-02,-0.000000000000000000e+00,0.000000000000000000e+00,-0.000000000000000000e+00,-0.000000000000000000e+00,1.453199166752276901e-02,-0.000000000000000000e+00,-0.000000000000000000e+00,-0.000000000000000000e+00,-0.000000000000000000e+00,-0.000000000000000000e+00,-4.089029889189143008e-01,-3.559738920552395491e-01,-0.000000000000000000e+00,-0.000000000000000000e+00,-0.000000000000000000e+00,-0.000000000000000000e+00,-1.010787346716660179e-01,-4.171179827222951664e-01,0.000000000000000000e+00,-0.000000000000000000e+00,-0.000000000000000000e+00,-0.000000000000000000e+00,-1.856948744857470079e-01,-0.000000000000000000e+00,-0.000000000000000000e+00,-0.000000000000000000e+00,-0.000000000000000000e+00,-0.000000000000000000e+00,-0.000000000000000000e+00
1.644699591824601848e-01,7.706190189026032589e-02,0.000000000000000000e+00,1.113272109087807049e+00,0.000000000000000000e+00,0.000000000000000000e+00,0.000000000000000000e+00,-0.000000000000000000e+00,0.000000000000000000e+00,0.000000000000000000e+00,0.000000000000000000e+00,-0.000000000000000000e+00,-0.000000000000000000e+00,0.000000000000000000e+00,1.702879948503702515e-02,0.000000000000000000e+00,0.000000000000000000e+00,-0.000000000000000000e+00,0.000000000000000000e+00,0.000000000000000000e+00,-0.000000000000000000e+00,-0.000000000000000000e+00,0.000000000000000000e+00,0.000000000000000000e+00,-0.000000000000000000e+00,9.449011033089738110e-02,0.000000000000000000e+00,5.853921368190990321e-02,0.000000000000000000e+00,0.000000000000000000e+00,0.000000000000000000e+00,4.863157801876454717e-02,-0.000000000000000000e+00,0.000000000000000000e+00,0.000000000000000000e+00,0.000000000000000000e+00,7.255019673926475787e-02,0.000000000000000000e+00,0.000000000000000000e+00
-0.000000000000000000e+00,-0.000000000000000000e+00,-4.610253480800622916e-01,0.000000000000000000e+00,1.848638915817773842e+00,-0.000000000000000000e+00,0.000000000000000000e+00,3.417686451202912590e-01,-0.000000000000000000e+00,-0.000000000000000000e+00,-0.000000000000000000e+00,-0.000000000000000000e+00,0.000000000000000000e+00,-1.062233435240018398e-01,2.769333015936237957e-02,-8.578869743039389817e-03,-1.635194311775606604e-02,0.000000000000000000e+00,2.099087195007831239e-02,-0.000000000000000000e+00,-0.000000000000000000e+00,-0.000000000000000000e+00,-0.000000000000000000e+00,-0.000000000000000000e+00,-2.094970592061798365e-01,-0.000000000000000000e+00,-0.000000000000000000e+00,-7.097801765382735772e-02,-0.000000000000000000e+00,-2.130763380834465592e-01,-2.464740761482582809e-01,-0.000000000000000000e+00,-1.472117176242455361e-01,-0.000000000000000000e+00,-0.000000000000000000e+00,-0.000000000000000000e+00,-0.000000000000000000e+00,-0.000000000000000000e+00,-0.000000000000000000e+00
0.000000000000000000e+00,0.000000000000000000e+00,-0.000000000000000000e+00,0.000000000000000000e+00,-0.000000000000000000e+00,1.663053475355753985e+00,-0.000000000000000000e+00,0.000000000000000000e+00,0.000000000000000000e+00,0.000000000000000000e+00,-5.962433489320669855e-01,0.000000000000000000e+00,-0.000000000000000000e+00,-2.524855677596291592e-01,-0.000000000000000000e+00,0.000000000000000000e+00,-1.990128927695984373e-01,-0.000000000000000000e+00,-0.000000000000000000e+00,-0.000000000000000000e+00,-0.000000000000000000e+00,0.000000000000000000e+00,-0.000000000000000000e+00,-0.000000000000000000e+00,-2.084276881965519967e-01,-0.000000000000000000e+00,-0.000000000000000000e+00,-9.137001713437392647e-02,-0.000000000000000000e+00,0.000000000000000000e+00,-2.031739950707741327e-01,-4.476501935357476286e-02,-0.000000000000000000e+00,0.000000000000000000e+00,-0.000000000000000000e+00,-4.587808216573153151e-03,-0.000000000000000000e+00,1.377505837407446421e-01,0.000000000000000000e+00
-0.000000000000000000e+00,-0.000000000000000000e+00,-0.000000000000000000e+00,0.000000000000000000e+00,0.000000000000000000e+00,-0.000000000000000000e+00,1.452760910080830081e+00,0.000000000000000000e+00,-0.000000000000000000e+00,-5.448240300133924685e-02,-0.000000000000000000e+00,1.509674113776130477e-01,-0.000000000000000000e+00,0.000000000000000000e+00,-0.000000000000000000e+00,-0.000000000000000000e+00,0.000000000000000000e+00,-2.235582801778457918e-01,-2.825607895335866537e-01,-1.905566631273831191e-01,-0.000000000000000000e+00,-0.000000000000000000e+00,-0.000000000000000000e+00,-0.000000000000000000e+00,-0.000000000000000000e+00,-0.000000000000000000e+00,-2.302351842458938425e-02,-1.070105792780496612e-01,0.000000000000000000e+00,-0.000000000000000000e+00,-0.000000000000000000e+00,0.000000000000000000e+00,0.000000000000000000e+00,-0.000000000000000000e+00,0.000000000000000000e+00,-0.000000000000000000e+00,0.000000000000000000e+00,-0.000000000000000000e+00,-1.274899420726035293e-01
0.000000000000000000e+00,0.000000000000000000e+00,1.353449187978201573e+00,-0.000000000000000000e+00,3.417686451202912590e-01,0.000000000000000000e+00,0.000000000000000000e+00,2.848436839618591510e+00,0.000000000000000000e+00,0.000000000000000000e+00,0.000000000000000000e+00,-0.000000000000000000e+00,0.000000000000000000e+00,0.000000000000000000e+00,-0.000000000000000000e+00,0.000000000000000000e+00,-0.000000000000000000e+00,0.000000000000000000e+00,0.000000000000000000e+00,0.000000000000000000e+00,4.857211511461538844e-01,6.949340826742991806e-02,0.000000000000000000e+00,0.000000000000000000e+00,0.000000000000000000e+00,0.000000000000000000e+00,0.000000000000000000e+00,1.628176031934130963e-01,0.000000000000000000e+00,0.000000000000000000e+00,0.000000000000000000e+00,0.000000000000000000e+00,3.698718747642414373e-01,0.000000000000000000e+00,0.000000000000000000e+00,0.000000000000000000e+00,0.000000000000000000e+00,0.000000000000000000e+00,0.000000000000000000e+00
-0.000000000000000000e+00,-2.648138948882154953e-01,-0.000000000000000000e+00,0.000000000000000000e+00,-0.000000000000000000e+00,0.000000000000000000e+00,-0.000000000000000000e+00,0.000000000000000000e+00,2.597956234759821292e+00,-3.197992219326364904e-01,0.000000000000000000e+00,0.000000000000000000e+00,-0.000000000000000000e+00,0.000000000000000000e+00,0.000000000000000000e+00,-0.000000000000000000e+00,0.000000000000000000e+00,-0.000000000000000000e+00,-8.822242822421728914e-03,-0.000000000000000000e+00,-0.000000000000000000e+00,-0.000000000000000000e+00,0.000000000000000000e+00,-0.000000000000000000e+00,0.000000000000000000e+00,-0.000000000000000000e+00,-0.000000000000000000e+00,-6.961044017464643185e-02,0.000000000000000000e+00,-5.457143692719627071e-01,-0.000000000000000000e+00,-0.000000000000000000e+00,0.000000000000000000e+00,-7.844147136108373664e-01,0.000000000000000000e+00,0.000000000000000000e+00,-0.000000000000000000e+00,-4.725418922560719603e-01,-2.650830871528760957e-01
-0.000000000000000000e+00,-3.591486361314560893e-01,-6.720864717016609979e-02,0.000000000000000000e+00,-0.000000000000000000e+00,0.000000000000000000e+00,-5.448240300133924685e-02,0.000000000000000000e+00,-3.197992219326364904e-01,2.461264985671347993e+00,-0.000000000000000000e+00,5.163621985668552516e-02,-0.000000000000000000e+00,-0.000000000000000000e+00,-0.000000000000000000e+00,-0.000000000000000000e+00,0.000000000000000000e+00,-6.129282782584505318e-02,-0.000000000000000000e+00,-4.353512937172770991e-02,-0.000000000000000000e+00,-0.000000000000000000e+00,-1.277676216580343055e-02,-0.000000000000000000e+00,-0.000000000000000000e+00,-0.000000000000000000e+00,-2.831162700596734361e-01,-1.125433319548719280e-01,2.039758662983956194e-01,-0.000000000000000000e+00,-8.187401287598423949e-02,-0.000000000000000000e+00,0.000000000000000000e+00,-2.093227710313065038e-01,0.000000000000000000e+00,0.000000000000000000e+00,-0.000000000000000000e+00,-0.000000000000000000e+00,-9.034739629088504032e-01
4.758723097065899188e-02,-0.000000000000000000e+00,-0.000000000000000000e+00,0.000000000000000000e+00,-0.000000000000000000e+00,-5.962433489320669855e-01,-0.000000000000000000e+00,0.000000000000000000e+00,0.000000000000000000e+00,-0.000000000000000000e+00,2.092169572337888805e+00,0.000000000000000000e+00,-0.000000000000000000e+00,-0.000000000000000000e+00,-0.000000000000000000e+00,4.828586427316483021e-01,-0.000000000000000000e+00,-0.000000000000000000e+00,-0.000000000000000000e+00,-0.000000000000000000e+00,-0.000000000000000000e+00,0.000000000000000000e+00,-5.528702472812720980e-01,-0.000000000000000000e+00,-3.217911567388765381e-01,0.000000000000000000e+00,-3.551980958750660111e-01,-0.000000000000000000e+00,1.095353284058825510e-01,0.000000000000000000e+00,-0.000000000000000000e+00,-0.000000000000000000e+00,-0.000000000000000000e+00,0.000000000000000000e+00,-0.000000000000000000e+00,-0.000000000000000000e+00,0.000000000000000000e+00,0.000000000000000000e+00,-0.000000000000000000e+00
0.000000000000000000e+00,0.000000000000000000e+00,0.000000000000000000e+00,-0.000000000000000000e+00,-0.000000000000000000e+00,0.000000000000000000e+00,1.509674113776130477e-01,-0.000000000000000000e+00,0.000000000000000000e+00,5.163621985668552516e-02,0.000000000000000000e+00,1.167227229178227965e+00,0.000000000000000000e+00,0.000000000000000000e+00,-0.000000000000000000e+00,0.000000000000000000e+00,-1.478273013532724681e-02,4.689185982673236414e-02,2.040142875809076717e-01,2.432084406120259539e-03,0.000000000000000000e+00,-0.000000000000000000e+00,0.000000000000000000e+00,0.000000000000000000e+00,0.000000000000000000e+00,0.000000000000000000e+00,0.000000000000000000e+00,0.000000000000000000e+00,-0.000000000000000000e+00,0.000000000000000000e+00,0.000000000000000000e+00,0.000000000000000000e+00,-0.000000000000000000e+00,0.000000000000000000e+00,-0.000000000000000000e+00,0.000000000000000000e+00,0.000000000000000000e+00,0.000000000000000000e+00,1.032832159958321783e-01
1.179305196678752561e-02,-0.000000000000000000e+00,-0.000000000000000000e+00,-0.000000000000000000e+00,0.000000000000000000e+00,-0.000000000000000000e+00,-0.000000000000000000e+00,0.000000000000000000e+00,-0.000000000000000000e+00,-0.000000000000000000e+00,-0.000000000000000000e+00,0.000000000000000000e+00,1.460089741935787222e+00,-0.000000000000000000e+00,-0.000000000000000000e+00,2.240122281263207393e-01,3.899849006524441775e-01,-1.244522170994276922e-01,-3.016479590481575546e-01,-0.000000000000000000e+00,-2.481546026812913308e-01,-0.000000000000000000e+00,-0.000000000000000000e+00,-0.000000000000000000e+00,0.000000000000000000e+00,0.000000000000000000e+00,-2.067109923398668392e-01,0.000000000000000000e+00,0.000000000000000000e+00,0.000000000000000000e+00,0.000000000000000000e+00,-0.000000000000000000e+00,-0.000000000000000000e+00,-0.000000000000000000e+00,-0.000000000000000000e+00,-0.000000000000000000e+00,-0.000000000000000000e+00,0.000000000000000000e+00,-4.117139659247525296e-04
0.000000000000000000e+00,-0.000000000000000000e+00,-0.000000000000000000e+00,0.000000000000000000e+00,-1.062233435240018398e-01,-2.524855677596291592e-01,0.000000000000000000e+00,0.000000000000000000e+00,0.000000000000000000e+00,-0.000000000000000000e+00,-0.000000000000000000e+00,0.000000000000000000e+00,-0.000000000000000000e+00,1.802538002004697937e+00,0.000000000000000000e+00,0.000000000000000000e+00,-0.000000000000000000e+00,0.000000000000000000e+00,0.000000000000000000e+00,-0.000000000000000000e+00,-0.000000000000000000e+00,-0.000000000000000000e+00,-2.547487820169250794e-01,-2.879083020619972455e-01,-7.817762510550502197e-02,-0.000000000000000000e+00,-0.000000000000000000e+00,-0.000000000000000000e+00,-0.000000000000000000e+00,-0.000000000000000000e+00,-0.000000000000000000e+00,-1.916733653091989287e-01,-3.396356076209630648e-02,0.000000000000000000e+00,-1.582271543627198629e-01,-4.425920460764844466e-01,-0.000000000000000000e+00,2.355441307001322065e-02,0.000000000000000000e+00
0.000000000000000000e+00,0.000000000000000000e+00,1.453199166752276901e-02,1.702879948503702515e-02,2.769333015936237957e-02,-0.000000000000000000e+00,-0.000000000000000000e+00,-0.000000000000000000e+00,0.000000000000000000e+00,-0.000000000000000000e+00,-0.000000000000000000e+00,-0.000000000000000000e+00,-0.000000000000000000e+00,0.000000000000000000e+00,1.032551505746597709e+00,4.386990894397152160e-03,0.000000000000000000e+00,-0.000000000000000000e+00,-0.000000000000000000e+00,-0.000000000000000000e+00,0.000000000000000000e+00,3.137290655563231001e-02,0.000000000000000000e+00,-0.000000000000000000e+00,0.000000000000000000e+00,0.000000000000000000e+00,-0.000000000000000000e+00,0.000000000000000000e+00,0.000000000000000000e+00,0.000000000000000000e+00,0.000000000000000000e+00,0.000000000000000000e+00,1.444557981963364435e-01,-0.000000000000000000e+00,0.000000000000000000e+00,0.000000000000000000e+00,0.000000000000000000e+00,0.000000000000000000e+00,-0.000000000000000000e+00
-3.473561050273197837e-01,0.000000000000000000e+00,-0.000000000000000000e+00,0.000000000000000000e+00,-8.578869743039389817e-03,0.000000000000000000e+00,-0.000000000000000000e+00,0.000000000000000000e+00,-0.000000000000000000e+00,-0.000000000000000000e+00,4.828586427316483021e-01,0.000000000000000000e+00,2.240122281263207393e-01,0.000000000000000000e+00,4.386990894397152160e-03,2.539589365528220899e+00,-0.000000000000000000e+00,0.000000000000000000e+00,0.000000000000000000e+00,0.000000000000000000e+00,0.000000000000000000e+00,-0.000000000000000000e+00,0.000000000000000000e+00,0.000000000000000000e+00,0.000000000000000000e+00,-1.944943492293055576e-01,0.000000000000000000e+00,-0.000000000000000000e+00,-0.000000000000000000e+00,-7.300165065693429156e-01,-0.000000000000000000e+00,0.000000000000000000e+00,0.000000000000000000e+00,-0.000000000000000000e+00,8.710077266833336773e-02,0.000000000000000000e+00,0.000000000000000000e+00,-9.455643729949890774e-01,-0.000000000000000000e+00
-0.000000000000000000e+00,0.000000000000000000e+00,-0.000000000000000000e+00,0.000000000000000000e+00,-1.635194311775606604e-02,-1.990128927695984373e-01,0.000000000000000000e+00,-0.000000000000000000e+00,0.000000000000000000e+00,0.000000000000000000e+00,-0.000000000000000000e+00,-1.478273013532724681e-02,3.899849006524441775e-01,-0.000000000000000000e+00,0.000000000000000000e+00,-0.000000000000000000e+00,1.488338794532982456e+00,1.455147081012907462e-01,1.033708224172382173e-01,0.000000000000000000e+00,0.000000000000000000e+00,0.000000000000000000e+00,-0.000000000000000000e+00,-0.000000000000000000e+00,-6.795716569155461732e-03,-3.820891842175723752e-01,-0.000000000000000000e+00,-0.000000000000000000e+00,-1.844562979936617830e-01,-0.000000000000000000e+00,-1.553425164768785782e-01,-0.000000000000000000e+00,-0.000000000000000000e+00,0.000000000000000000e+00,-0.000000000000000000e+00,-0.000000000000000000e+00,-0.000000000000000000e+00,-0.000000000000000000e+00,1.435854495303920952e-01
0.000000000000000000e+00,-0.000000000000000000e+00,-0.000000000000000000e+00,-0.000000000000000000e+00,0.000000000000000000e+00,-0.000000000000000000e+00,-2.235582801778457918e-01,0.000000000000000000e+00,-0.000000000000000000e+00,-6.129282782584505318e-02,-0.000000000000000000e+00,4.689185982673236414e-02,-1.244522170994276922e-01,0.000000000000000000e+00,-0.000000000000000000e+00,0.000000000000000000e+00,1.455147081012907462e-01,1.799834419876666480e+00,-4.368083138136971133e-01,-1.198944670843870297e-01,-1.408225635660766140e-01,-0.000000000000000000e+00,-6.184726933903460233e-02,-0.000000000000000000e+00,-0.000000000000000000e+00,0.000000000000000000e+00,-0.000000000000000000e+00,-0.000000000000000000e+00,2.721867517827133640e-02,0.000000000000000000e+00,-0.000000000000000000e+00,-0.000000000000000000e+00,0.000000000000000000e+00,-0.000000000000000000e+00,0.000000000000000000e+00,-0.000000000000000000e+00,-0.000000000000000000e+00,-0.000000000000000000e+00,-4.043401228492874977e-01
0.000000000000000000e+00,-6.671591056757233962e-02,-0.000000000000000000e+00,0.000000000000000000e+00,2.099087195007831239e-02,-0.000000000000000000e+00,-2.825607895335866537e-01,0.000000000000000000e+00,-8.822242822421728914e-03,-0.000000000000000000e+00,-0.000000000000000000e+00,2.040142875809076717e-01,-3.016479590481575546e-01,0.000000000000000000e+00,-0.000000000000000000e+00,0.000000000000000000e+00,1.033708224172382173e-01,-4.368083138136971133e-01,1.848249729924513307e+00,-9.401231058309883482e-02,-0.000000000000000000e+00,-0.000000000000000000e+00,-0.000000000000000000e+00,0.000000000000000000e+00,0.000000000000000000e+00,-0.000000000000000000e+00,-1.783014155684259708e-02,-0.000000000000000000e+00,0.000000000000000000e+00,0.000000000000000000e+00,-0.000000000000000000e+00,-0.000000000000000000e+00,5.674618424791112031e-02,-0.000000000000000000e+00,0.000000000000000000e+00,-0.000000000000000000e+00,-0.000000000000000000e+00,-0.000000000000000000e+00,-3.979821203081547187e-01
0.000000000000000000e+00,-0.000000000000000000e+00,-0.000000000000000000e+00,0.000000000000000000e+00,-0.000000000000000000e+00,-0.000000000000000000e+00,-1.905566631273831191e-01,0.000000000000000000e+00,-0.000000000000000000e+00,-4.353512937172770991e-02,-0.000000000000000000e+00,2.432084406120259539e-03,-0.000000000000000000e+00,-0.000000000000000000e+00,-0.000000000000000000e+00,0.000000000000000000e+00,0.000000000000000000e+00,-1.198944670843870297e-01,-9.401231058309883482e-02,1.696845666444922962e+00,-1.933649578613682030e-01,-1.648143510503861098e-01,-5.263143968743446560e-02,0.000000000000000000e+00,-0.000000000000000000e+00,0.000000000000000000e+00,-0.000000000000000000e+00,-1.335566717649892265e-01,8.150538313624897113e-02,0.000000000000000000e+00,-0.000000000000000000e+00,0.000000000000000000e+00,0.000000000000000000e+00,-2.236607521699920942e-01,0.000000000000000000e+00,0.000000000000000000e+00,0.000000000000000000e+00,-0.000000000000000000e+00,-3.532307330102176235e-01
0.000000000000000000e+00,-0.000000000000000000e+00,-4.089029889189143008e-01,-0.000000000000000000e+00,-0.000000000000000000e+00,-0.000000000000000000e+00,-0.000000000000000000e+00,4.857211511461538844e-01,-0.000000000000000000e+00,-0.000000000000000000e+00,-0.000000000000000000e+00,0.000000000000000000e+00,-2.481546026812913308e-01,-0.000000000000000000e+00,0.000000000000000000e+00,0.000000000000000000e+00,0.000000000000000000e+00,-1.408225635660766140e-01,-0.000000000000000000e+00,-1.933649578613682030e-01,2.115268446933787239e+00,-3.550416227797266733e-01,-1.057191736101267820e-01,0.000000000000000000e+00,-0.000000000000000000e+00,-0.000000000000000000e+00,-1.068813287382916061e-01,-0.000000000000000000e+00,0.000000000000000000e+00,0.000000000000000000e+00,-0.000000000000000000e+00,-0.000000000000000000e+00,-2.110355977905042368e-01,-0.000000000000000000e+00,-0.000000000000000000e+00,-0.000000000000000000e+00,-0.000000000000000000e+00,0.000000000000000000e+00,-0.000000000000000000e+00
-0.000000000000000000e+00,-0.000000000000000000e+00,-3.559738920552395491e-01,-0.000000000000000000e+00,-0.000000000000000000e+00,0.000000000000000000e+00,-0.000000000000000000e+00,6.949340826742991806e-02,-0.000000000000000000e+00,-0.000000000000000000e+00,0.000000000000000000e+00,-0.000000000000000000e+00,-0.000000000000000000e+00,-0.000000000000000000e+00,3.137290655563231001e-02,-0.000000000000000000e+00,0.000000000000000000e+00,-0.000000000000000000e+00,-0.000000000000000000e+00,-1.648143510503861098e-01,-3.550416227797266733e-01,1.599811442488269897e+00,-0.000000000000000000e+00,0.000000000000000000e+00,-0.000000000000000000e+00,0.000000000000000000e+00,-0.000000000000000000e+00,-0.000000000000000000e+00,0.000000000000000000e+00,-0.000000000000000000e+00,0.000000000000000000e+00,0.000000000000000000e+00,-1.842060552254964068e-01,-4.921027177430662564e-02,0.000000000000000000e+00,-0.000000000000000000e+00,0.000000000000000000e+00,-1.468791162444795517e-01,-0.000000000000000000e+00
0.000000000000000000e+00,-0.000000000000000000e+00,-0.000000000000000000e+00,0.000000000000000000e+00,-0.000000000000000000e+00,-0.000000000000000000e+00,-0.000000000000000000e+00,0.000000000000000000e+00,0.000000000000000000e+00,-1.277676216580343055e-02,-5.528702472812720980e-01,0.000000000000000000e+00,-0.000000000000000000e+00,-2.547487820169250794e-01,0.000000000000000000e+00,0.000000000000000000e+00,-0.000000000000000000e+00,-6.184726933903460233e-02,-0.000000000000000000e+00,-5.263143968743446560e-02,-1.057191736101267820e-01,-0.000000000000000000e+00,2.168763875557516041e+00,-2.393078049937564233e-01,-7.397180701883779852e-01,-0.000000000000000000e+00,-0.000000000000000000e+00,-9.687650578435222370e-02,9.308216371714082837e-02,0.000000000000000000e+00,-0.000000000000000000e+00,-0.000000000000000000e+00,-0.000000000000000000e+00,0.000000000000000000e+00,-0.000000000000000000e+00,-2.034106364093299091e-01,-0.000000000000000000e+00,0.000000000000000000e+00,-0.000000000000000000e+00
-0.000000000000000000e+00,-1.898769635360428865e-01,-0.000000000000000000e+00,0.000000000000000000e+00,-0.000000000000000000e+00,-0.000000000000000000e+00,-0.000000000000000000e+00,0.000000000000000000e+00,-0.000000000000000000e+00,-0.000000000000000000e+00,-0.000000000000000000e+00,0.000000000000000000e+00,-0.000000000000000000e+00,-2.879083020619972455e-01,-0.000000000000000000e+00,0.000000000000000000e+00,-0.000000000000000000e+00,-0.000000000000000000e+00,0.000000000000000000e+00,0.000000000000000000e+00,0.000000000000000000e+00,0.000000000000000000e+00,-2.393078049937564233e-01,1.369362001728307243e+00,-2.948545684472834993e-02,-0.000000000000000000e+00,-0.000000000000000000e+00,-0.000000000000000000e+00,0.000000000000000000e+00,-0.000000000000000000e+00,-0.000000000000000000e+00,-7.113788517938036959e-02,-0.000000000000000000e+00,0.000000000000000000e+00,-0.000000000000000000e+00,-1.541874725908049804e-01,-0.000000000000000000e+00,0.000000000000000000e+00,-0.000000000000000000e+00
0.000000000000000000e+00,0.000000000000000000e+00,-0.000000000000000000e+00,-0.000000000000000000e+00,-2.094970592061798365e-01,-2.084276881965519967e-01,-0.000000000000000000e+00,0.000000000000000000e+00,0.000000000000000000e+00,-0.000000000000000000e+00,-3.217911567388765381e-01,0.000000000000000000e+00,0.000000000000000000e+00,-7.817762510550502197e-02,0.000000000000000000e+00,0.000000000000000000e+00,-6.795716569155461732e-03,-0.000000000000000000e+00,0.000000000000000000e+00,-0.000000000000000000e+00,-0.000000000000000000e+00,-0.000000000000000000e+00,-7.397180701883779852e-01,-2.948545684472834993e-02,1.817764409673532366e+00,-0.000000000000000000e+00,-0.000000000000000000e+00,-0.000000000000000000e+00,0.000000000000000000e+00,0.000000000000000000e+00,-0.000000000000000000e+00,-0.000000000000000000e+00,-0.000000000000000000e+00,0.000000000000000000e+00,-0.000000000000000000e+00,-0.000000000000000000e+00,0.000000000000000000e+00,0.000000000000000000e+00,0.000000000000000000e+00
-1.864339914820557775e-01,-0.000000000000000000e+00,-0.000000000000000000e+00,9.449011033089738110e-02,-0.000000000000000000e+00,-0.000000000000000000e+00,-0.000000000000000000e+00,0.000000000000000000e+00,-0.000000000000000000e+00,-0.000000000000000000e+00,0.000000000000000000e+00,0.000000000000000000e+00,0.000000000000000000e+00,-0.000000000000000000e+00,0.000000000000000000e+00,-1.944943492293055576e-01,-3.820891842175723752e-01,0.000000000000000000e+00,-0.000000000000000000e+00,0.000000000000000000e+00,-0.000000000000000000e+00,0.000000000000000000e+00,-0.000000000000000000e+00,-0.000000000000000000e+00,-0.000000000000000000e+00,2.079621892305383746e+00,-1.415750394460913442e-01,-6.065008485637386482e-01,-1.912679448120906955e-01,-3.663992952922325297e-01,-3.346686119447056518e-01,-0.000000000000000000e+00,-0.000000000000000000e+00,-0.000000000000000000e+00,-0.000000000000000000e+00,-0.000000000000000000e+00,-0.000000000000000000e+00,-0.000000000000000000e+00,-0.000000000000000000e+00
0.000000000000000000e+00,-1.005495844895558516e-01,-1.010787346716660179e-01,0.000000000000000000e+00,-0.000000000000000000e+00,-0.000000000000000000e+00,-2.302351842458938425e-02,0.000000000000000000e+00,-0.000000000000000000e+00,-2.831162700596734361e-01,-3.551980958750660111e-01,0.000000000000000000e+00,-2.067109923398668392e-01,-0.000000000000000000e+00,-0.000000000000000000e+00,0.000000000000000000e+00,-0.000000000000000000e+00,-0.000000000000000000e+00,-1.783014155684259708e-02,-0.000000000000000000e+00,-1.068813287382916061e-01,-0.000000000000000000e+00,-0.000000000000000000e+00,-0.000000000000000000e+00,-0.000000000000000000e+00,-1.415750394460913442e-01,1.976391308587631457e+00,-3.672438766174417751e-02,0.000000000000000000e+00,-0.000000000000000000e+00,-4.306890692329802817e-01,-3.736350554336011487e-01,-0.000000000000000000e+00,-0.000000000000000000e+00,-0.000000000000000000e+00,-1.306544502681787900e-01,-0.000000000000000000e+00,0.000000000000000000e+00,-0.000000000000000000e+00
-0.000000000000000000e+00,-0.000000000000000000e+00,-4.171179827222951664e-01,5.853921368190990321e-02,-7.097801765382735772e-02,-9.137001713437392647e-02,-1.070105792780496612e-01,1.628176031934130963e-01,-6.961044017464643185e-02,-1.125433319548719280e-01,-0.000000000000000000e+00,0.000000000000000000e+00,0.000000000000000000e+00,-0.000000000000000000e+00,0.000000000000000000e+00,-0.000000000000000000e+00,-0.000000000000000000e+00,-0.000000000000000000e+00,-0.000000000000000000e+00,-1.335566717649892265e-01,-0.000000000000000000e+00,-0.000000000000000000e+00,-9.687650578435222370e-02,-0.000000000000000000e+00,-0.000000000000000000e+00,-6.065008485637386482e-01,-3.672438766174417751e-02,2.085032465641458721e+00,-0.000000000000000000e+00,-0.000000000000000000e+00,-2.215508802423232504e-01,-0.000000000000000000e+00,-0.000000000000000000e+00,-5.101434729799310397e-02,-0.000000000000000000e+00,-0.000000000000000000e+00,-0.000000000000000000e+00,-1.150911297301576985e-01,-0.000000000000000000e+00
-1.559574528192056442e-01,0.000000000000000000e+00,0.000000000000000000e+00,0.000000000000000000e+00,-0.000000000000000000e+00,-0.000000000000000000e+00,0.000000000000000000e+00,0.000000000000000000e+00,0.000000000000000000e+00,2.039758662983956194e-01,1.095353284058825510e-01,-0.000000000000000000e+00,0.000000000000000000e+00,-0.000000000000000000e+00,0.000000000000000000e+00,-0.000000000000000000e+00,-1.844562979936617830e-01,2.721867517827133640e-02,0.000000000000000000e+00,8.150538313624897113e-02,0.000000000000000000e+00,0.000000000000000000e+00,9.308216371714082837e-02,0.000000000000000000e+00,0.000000000000000000e+00,-1.912679448120906955e-01,0.000000000000000000e+00,-0.000000000000000000e+00,1.384719684204307244e+00,-0.000000000000000000e+00,-0.000000000000000000e+00,-0.000000000000000000e+00,-8.005436687465679324e-02,0.000000000000000000e+00,-1.485040852884048079e-01,-0.000000000000000000e+00,-2.006747761782539663e-01,0.000000000000000000e+00,3.184087756123334390e-01
-5.477346390051265335e-01,-1.050544246188374886e-01,-0.000000000000000000e+00,0.000000000000000000e+00,-2.130763380834465592e-01,0.000000000000000000e+00,-0.000000000000000000e+00,0.000000000000000000e+00,-5.457143692719627071e-01,-0.000000000000000000e+00,0.000000000000000000e+00,0.000000000000000000e+00,0.000000000000000000e+00,-0.000000000000000000e+00,0.000000000000000000e+00,-7.300165065693429156e-01,-0.000000000000000000e+00,0.000000000000000000e+00,0.000000000000000000e+00,0.000000000000000000e+00,0.000000000000000000e+00,-0.000000000000000000e+00,0.000000000000000000e+00,-0.000000000000000000e+00,0.000000000000000000e+00,-3.663992952922325297e-01,-0.000000000000000000e+00,-0.000000000000000000e+00,-0.000000000000000000e+00,2.489354265398106225e+00,-0.000000000000000000e+00,-0.000000000000000000e+00,0.000000000000000000e+00,-0.000000000000000000e+00,0.000000000000000000e+00,-0.000000000000000000e+00,-0.000000000000000000e+00,-1.316576850638155882e-01,-0.000000000000000000e+00
-0.000000000000000000e+00,-0.000000000000000000e+00,-0.000000000000000000e+00,0.000000000000000000e+00,-2.464740761482582809e-01,-2.031739950707741327e-01,-0.000000000000000000e+00,0.000000000000000000e+00,-0.000000000000000000e+00,-8.187401287598423949e-02,-0.000000000000000000e+00,0.000000000000000000e+00,0.000000000000000000e+00,-0.000000000000000000e+00,0.000000000000000000e+00,-0.000000000000000000e+00,-1.553425164768785782e-01,-0.000000000000000000e+00,-0.000000000000000000e+00,-0.000000000000000000e+00,-0.000000000000000000e+00,0.000000000000000000e+00,-0.000000000000000000e+00,-0.000000000000000000e+00,-0.000000000000000000e+00,-3.346686119447056518e-01,-4.306890692329802817e-01,-2.215508802423232504e-01,-0.000000000000000000e+00,-0.000000000000000000e+00,1.775604420914325354e+00,-1.407763247970001963e-01,0.000000000000000000e+00,-0.000000000000000000e+00,-0.000000000000000000e+00,-0.000000000000000000e+00,-0.000000000000000000e+00,-0.000000000000000000e+00,-0.000000000000000000e+00
-0.000000000000000000e+00,-1.978580958271398960e-01,-0.000000000000000000e+00,4.863157801876454717e-02,-0.000000000000000000e+00,-4.476501935357476286e-02,0.000000000000000000e+00,0.000000000000000000e+00,-0.000000000000000000e+00,-0.000000000000000000e+00,-0.000000000000000000e+00,0.000000000000000000e+00,-0.000000000000000000e+00,-1.916733653091989287e-01,0.000000000000000000e+00,0.000000000000000000e+00,-0.000000000000000000e+00,-0.000000000000000000e+00,-0.000000000000000000e+00,0.000000000000000000e+00,-0.000000000000000000e+00,0.000000000000000000e+00,-0.000000000000000000e+00,-7.113788517938036959e-02,-0.000000000000000000e+00,-0.000000000000000000e+00,-3.736350554336011487e-01,-0.000000000000000000e+00,-0.000000000000000000e+00,-0.000000000000000000e+00,-1.407763247970001963e-01,1.938099166652693883e+00,-0.000000000000000000e+00,0.000000000000000000e+00,-0.000000000000000000e+00,-1.370994184171495101e-01,-7.244130764825649216e-01,0.000000000000000000e+00,-0.000000000000000000e+00
0.000000000000000000e+00,0.000000000000000000e+00,-1.856948744857470079e-01,-0.000000000000000000e+00,-1.472117176242455361e-01,-0.000000000000000000e+00,0.000000000000000000e+00,3.698718747642414373e-01,0.000000000000000000e+00,0.000000000000000000e+00,-0.000000000000000000e+00,-0.000000000000000000e+00,-0.000000000000000000e+00,-3.396356076209630648e-02,1.444557981963364435e-01,0.000000000000000000e+00,-0.000000000000000000e+00,0.000000000000000000e+00,5.674618424791112031e-02,0.000000000000000000e+00,-2.110355977905042368e-01,-1.842060552254964068e-01,-0.000000000000000000e+00,-0.000000000000000000e+00,-0.000000000000000000e+00,-0.000000000000000000e+00,-0.000000000000000000e+00,-0.000000000000000000e+00,-8.005436687465679324e-02,0.000000000000000000e+00,0.000000000000000000e+00,-0.000000000000000000e+00,1.730028831647052900e+00,0.000000000000000000e+00,-0.000000000000000000e+00,-3.722378733351808244e-01,-0.000000000000000000e+00,0.000000000000000000e+00,2.154481935794722372e-02
-0.000000000000000000e+00,-0.000000000000000000e+00,-0.000000000000000000e+00,0.000000000000000000e+00,-0.000000000000000000e+00,0.000000000000000000e+00,-0.000000000000000000e+00,0.000000000000000000e+00,-7.844147136108373664e-01,-2.093227710313065038e-01,0.000000000000000000e+00,0.000000000000000000e+00,-0.000000000000000000e+00,0.000000000000000000e+00,-0.000000000000000000e+00,-0.000000000000000000e+00,0.000000000000000000e+00,-0.000000000000000000e+00,-0.000000000000000000e+00,-2.236607521699920942e-01,-0.000000000000000000e+00,-4.921027177430662564e-02,0.000000000000000000e+00,0.000000000000000000e+00,0.000000000000000000e+00,-0.000000000000000000e+00,-0.000000000000000000e+00,-5.101434729799310397e-02,0.000000000000000000e+00,-0.000000000000000000e+00,-0.000000000000000000e+00,0.000000000000000000e+00,0.000000000000000000e+00,2.221098771438160924e+00,3.207037190472736277e-02,0.000000000000000000e+00,0.000000000000000000e+00,-2.756071811213373079e-01,-5.091206648620880681e-01
-0.000000000000000000e+00,-0.000000000000000000e+00,-0.000000000000000000e+00,0.000000000000000000e+00,-0.000000000000000000e+00,-0.000000000000000000e+00,0.000000000000000000e+00,0.000000000000000000e+00,0.000000000000000000e+00,0.000000000000000000e+00,-0.000000000000000000e+00,-0.000000000000000000e+00,-0.000000000000000000e+00,-1.582271543627198629e-01,0.000000000000000000e+00,8.710077266833336773e-02,-0.000000000000000000e+00,0.000000000000000000e+00,0.000000000000000000e+00,0.000000000000000000e+00,-0.000000000000000000e+00,0.000000000000000000e+00,-0.000000000000000000e+00,-0.000000000000000000e+00,-0.000000000000000000e+00,-0.000000000000000000e+00,-0.000000000000000000e+00,-0.000000000000000000e+00,-1.485040852884048079e-01,0.000000000000000000e+00,-0.000000000000000000e+00,-0.000000000000000000e+00,-0.000000000000000000e+00,3.207037190472736277e-02,1.908578713707383967e+00,-5.153592724058919661e-01,-8.902169833827572321e-01,9.790436870488336552e-02,0.000000000000000000e+00
-0.000000000000000000e+00,-1.658987428889946159e-01,-0.000000000000000000e+00,0.000000000000000000e+00,-0.000000000000000000e+00,-4.587808216573153151e-03,-0.000000000000000000e+00,0.000000000000000000e+00,0.000000000000000000e+00,0.000000000000000000e+00,-0.000000000000000000e+00,0.000000000000000000e+00,-0.000000000000000000e+00,-4.425920460764844466e-01,0.000000000000000000e+00,0.000000000000000000e+00,-0.000000000000000000e+00,-0.000000000000000000e+00,-0.000000000000000000e+00,0.000000000000000000e+00,-0.000000000000000000e+00,-0.000000000000000000e+00,-2.034106364093299091e-01,-1.541874725908049804e-01,-0.000000000000000000e+00,-0.000000000000000000e+00,-1.306544502681787900e-01,-0.000000000000000000e+00,-0.000000000000000000e+00,-0.000000000000000000e+00,-0.000000000000000000e+00,-1.370994184171495101e-01,-3.722378733351808244e-01,0.000000000000000000e+00,-5.153592724058919661e-01,2.002570835009448214e+00,-1.814951927610122112e-02,0.000000000000000000e+00,0.000000000000000000e+00
-0.000000000000000000e+00,-3.245155138563692865e-01,-0.000000000000000000e+00,7.255019673926475787e-02,-0.000000000000000000e+00,-0.000000000000000000e+00,0.000000000000000000e+00,0.000000000000000000e+00,-0.000000000000000000e+00,-0.000000000000000000e+00,0.000000000000000000e+00,0.000000000000000000e+00,-0.000000000000000000e+00,-0.000000000000000000e+00,0.000000000000000000e+00,0.000000000000000000e+00,-0.000000000000000000e+00,-0.000000000000000000e+00,-0.000000000000000000e+00,0.000000000000000000e+00,-0.000000000000000000e+00,0.000000000000000000e+00,-0.000000000000000000e+00,-0.000000000000000000e+00,0.000000000000000000e+00,-0.000000000000000000e+00,-0.000000000000000000e+00,-0.000000000000000000e+00,-2.006747761782539663e-01,-0.000000000000000000e+00,-0.000000000000000000e+00,-7.244130764825649216e-01,-0.000000000000000000e+00,0.000000000000000000e+00,-8.902169833827572321e-01,-1.814951927610122112e-02,2.176933345126568664e+00,0.000000000000000000e+00,0.000000000000000000e+00
-2.434619866855980697e-01,-0.000000000000000000e+00,-0.000000000000000000e+00,0.000000000000000000e+00,-0.000000000000000000e+00,1.377505837407446421e-01,-0.000000000000000000e+00,0.000000000000000000e+00,-4.725418922560719603e-01,-0.000000000000000000e+00,0.000000000000000000e+00,0.000000000000000000e+00,0.000000000000000000e+00,2.355441307001322065e-02,0.000000000000000000e+00,-9.455643729949890774e-01,-0.000000000000000000e+00,-0.000000000000000000e+00,-0.000000000000000000e+00,-0.000000000000000000e+00,0.000000000000000000e+00,-1.468791162444795517e-01,0.000000000000000000e+00,0.000000000000000000e+00,0.000000000000000000e+00,-0.000000000000000000e+00,0.000000000000000000e+00,-1.150911297301576985e-01,0.000000000000000000e+00,-1.316576850638155882e-01,-0.000000000000000000e+00,0.000000000000000000e+00,0.000000000000000000e+00,-2.756071811213373079e-01,9.790436870488336552e-02,0.000000000000000000e+00,0.000000000000000000e+00,2.366884718832885426e+00,-8.635504689980380566e-02
-0.000000000000000000e+00,-0.000000000000000000e+00,-0.000000000000000000e+00,0.000000000000000000e+00,-0.000000000000000000e+00,0.000000000000000000e+00,-1.274899420726035293e-01,0.000000000000000000e+00,-2.650830871528760957e-01,-9.034739629088504032e-01,-0.000000000000000000e+00,1.032832159958321783e-01,-4.117139659247525296e-04,0.000000000000000000e+00,-0.000000000000000000e+00,-0.000000000000000000e+00,1.435854495303920952e-01,-4.043401228492874977e-01,-3.979821203081547187e-01,-3.532307330102176235e-01,-0.000000000000000000e+00,-0.000000000000000000e+00,-0.000000000000000000e+00,-0.000000000000000000e+00,0.000000000000000000e+00,-0.000000000000000000e+00,-0.000000000000000000e+00,-0.000000000000000000e+00,3.184087756123334390e-01,-0.000000000000000000e+00,-0.000000000000000000e+00,-0.000000000000000000e+00,2.154481935794722372e-02,-5.091206648620880681e-01,0.000000000000000000e+00,0.000000000000000000e+00,0.000000000000000000e+00,-8.635504689980380566e-02,2.970584040600171782e+00
