1.079270384690117046e+00,-1.537184977863896851e-01,0.000000000000000000e+00,0.000000000000000000e+00,0.000000000000000000e+00,-0.000000000000000000e+00,0.000000000000000000e+00,0.000000000000000000e+00,-0.000000000000000000e+00,-4.104062817521967471e-02,0.000000000000000000e+00,-0.000000000000000000e+00,0.000000000000000000e+00,0.000000000000000000e+00,-0.000000000000000000e+00,-1.216077415127103240e-01,0.000000000000000000e+00,0.000000000000000000e+00,0.000000000000000000e+00,0.000000000000000000e+00,-0.000000000000000000e+00,0.000000000000000000e+00,-0.000000000000000000e+00,-0.000000000000000000e+00,-0.000000000000000000e+00,0.000000000000000000e+00,0.000000000000000000e+00,-0.000000000000000000e+00,0.000000000000000000e+00,-0.000000000000000000e+00,0.000000000000000000e+00,0.000000000000000000e+00,-0.000000000000000000e+00,0.000000000000000000e+00,1.939665398019859710e-01,0.000000000000000000e+00,0.000000000000000000e+00,-0.000000000000000000e+00,-0.000000000000000000e+00
-1.537184977863896851e-01,1.023095956665875272e+00,0.000000000000000000e+00,0.000000000000000000e+00,-0.000000000000000000e+00,-0.000000000000000000e+00,0.000000000000000000e+00,0.000000000000000000e+00,0.000000000000000000e+00,-0.000000000000000000e+00,0.000000000000000000e+00,-0.000000000000000000e+00,-0.000000000000000000e+00,-0.000000000000000000e+00,-0.000000000000000000e+00,-0.000000000000000000e+00,0.000000000000000000e+00,-0.000000000000000000e+00,-0.000000000000000000e+00,0.000000000000000000e+00,0.000000000000000000e+00,0.000000000000000000e+00,-0.000000000000000000e+00,-0.000000000000000000e+00,-0.000000000000000000e+00,0.000000000000000000e+00,-0.000000000000000000e+00,-0.000000000000000000e+00,0.000000000000000000e+00,-0.000000000000000000e+00,0.000000000000000000e+00,0.000000000000000000e+00,-0.000000000000000000e+00,-0.000000000000000000e+00,0.000000000000000000e+00,-0.000000000000000000e+00,0.000000000000000000e+00,-0.000000000000000000e+00,-0.000000000000000000e+00
0.000000000000000000e+00,0.000000000000000000e+00,1.446204281392096780e+00,-3.268869718575359573e-02,-1.133082302873433811e-01,-0.000000000000000000e+00,-1.303897151535990950e-01,-1.262605375213132208e-01,0.000000000000000000e+00,6.587416752693867061e-02,-1.045878038299212220e-01,-0.000000000000000000e+00,-0.000000000000000000e+00,-4.689495600849215989e-02,-0.000000000000000000e+00,1.233738023332390382e-01,-0.000000000000000000e+00,-0.000000000000000000e+00,-0.000000000000000000e+00,-1.418332096126508346e-01,0.000000000000000000e+00,-1.476369723814705270e-01,-0.000000000000000000e+00,1.398740281541258346e-01,1.377694465560893970e-02,-3.555780343741535982e-02,-0.000000000000000000e+00,0.000000000000000000e+00,0.000000000000000000e+00,0.000000000000000000e+00,-8.385181208662990937e-02,0.000000000000000000e+00,0.000000000000000000e+00,-0.000000000000000000e+00,-0.000000000000000000e+00,-0.000000000000000000e+00,0.000000000000000000e+00,9.647672906846337104e-02,0.000000000000000000e+00
0.000000000000000000e+00,0.000000000000000000e+00,-3.268869718575359573e-02,1.213407855000108615e+00,-0.000000000000000000e+00,-0.000000000000000000e+00,-8.690394647433710706e-02,-4.893856831606774316e-02,0.000000000000000000e+00,1.366454963692113889e-01,-8.759278508543975883e-02,0.000000000000000000e+00,-0.000000000000000000e+00,-0.000000000000000000e+00,-0.000000000000000000e+00,1.411282505158064915e-01,-0.000000000000000000e+00,-0.000000000000000000e+00,-0.000000000000000000e+00,-7.068160183725084866e-02,0.000000000000000000e+00,-2.032894772814616835e-02,0.000000000000000000e+00,1.296037949692736314e-02,1.519372880507003157e-02,-0.000000000000000000e+00,-0.000000000000000000e+00,3.009836052531444928e-02,0.000000000000000000e+00,4.333896284010543137e-02,-0.000000000000000000e+00,0.000000000000000000e+00,0.000000000000000000e+00,-0.000000000000000000e+00,-0.000000000000000000e+00,-0.000000000000000000e+00,0.000000000000000000e+00,1.144009721945180719e-01,0.000000000000000000e+00
0.000000000000000000e+00,-0.000000000000000000e+00,-1.133082302873433811e-01,-0.000000000000000000e+00,1.224290141844281976e+00,-0.000000000000000000e+00,-0.000000000000000000e+00,-4.573209909584576710e-02,-0.000000000000000000e+00,0.000000000000000000e+00,-2.425434800885341649e-02,-4.239831245660877906e-02,-0.000000000000000000e+00,-5.443422497499792595e-02,-3.840669069355278492e-02,0.000000000000000000e+00,-0.000000000000000000e+00,-8.262035437866793730e-02,-3.058441795556066101e-01,-0.000000000000000000e+00,0.000000000000000000e+00,-0.000000000000000000e+00,-0.000000000000000000e+00,0.000000000000000000e+00,0.000000000000000000e+00,-0.000000000000000000e+00,-2.311936938418945181e-02,0.000000000000000000e+00,0.000000000000000000e+00,0.000000000000000000e+00,-0.000000000000000000e+00,0.000000000000000000e+00,0.000000000000000000e+00,-8.616446399959250269e-02,-0.000000000000000000e+00,-6.207711654671779072e-02,0.000000000000000000e+00,0.000000000000000000e+00,0.000000000000000000e+00
-0.000000000000000000e+00,-0.000000000000000000e+00,-0.000000000000000000e+00,-0.000000000000000000e+00,-0.000000000000000000e+00,1.099025106863038781e+00,-0.000000000000000000e+00,-0.000000000000000000e+00,0.000000000000000000e+00,0.000000000000000000e+00,-0.000000000000000000e+00,-0.000000000000000000e+00,-0.000000000000000000e+00,-0.000000000000000000e+00,-4.393044139685598620e-02,0.000000000000000000e+00,-7.709013761376063562e-03,-6.569197257475643814e-02,-8.732301093534862446e-02,-0.000000000000000000e+00,1.407609608602949924e-02,-0.000000000000000000e+00,-0.000000000000000000e+00,0.000000000000000000e+00,0.000000000000000000e+00,-0.000000000000000000e+00,-0.000000000000000000e+00,0.000000000000000000e+00,1.147171282790538857e-02,0.000000000000000000e+00,-0.000000000000000000e+00,1.572211977849182207e-01,0.000000000000000000e+00,-0.000000000000000000e+00,0.000000000000000000e+00,-0.000000000000000000e+00,1.472906363582879852e-01,0.000000000000000000e+00,0.000000000000000000e+00
0.000000000000000000e+00,0.000000000000000000e+00,-1.303897151535990950e-01,-8.690394647433710706e-02,-0.000000000000000000e+00,-0.000000000000000000e+00,1.529483539195102049e+00,-8.447567411639965440e-02,0.000000000000000000e+00,2.476112212124438258e-02,-8.371816372684615093e-02,0.000000000000000000e+00,-0.000000000000000000e+00,-5.681178920463356152e-02,-0.000000000000000000e+00,4.382921299685750560e-02,-1.103548106775442683e-01,-6.372768575349063713e-02,-0.000000000000000000e+00,-1.753128363883312835e-01,0.000000000000000000e+00,-1.719282193553678117e-01,-0.000000000000000000e+00,9.442345419404087059e-02,1.155190115431858067e-01,-1.477351031331085958e-03,-0.000000000000000000e+00,6.100467600251653980e-03,0.000000000000000000e+00,4.400487737252107429e-02,-0.000000000000000000e+00,0.000000000000000000e+00,6.778889368617820044e-02,-0.000000000000000000e+00,-0.000000000000000000e+00,-8.126384480936663102e-02,0.000000000000000000e+00,1.014738648437998464e-01,0.000000000000000000e+00
0.000000000000000000e+00,0.000000000000000000e+00,-1.262605375213132208e-01,-4.893856831606774316e-02,-4.573209909584576710e-02,-0.000000000000000000e+00,-8.447567411639965440e-02,1.580777263310939373e+00,0.000000000000000000e+00,6.600682294013854312e-02,-8.252303476404446170e-02,-0.000000000000000000e+00,-0.000000000000000000e+00,-6.164079259735923827e-02,-0.000000000000000000e+00,1.020911544776282737e-01,-1.870244143988885124e-02,-7.386082163806995116e-02,-4.302036180866526671e-02,-1.405321926673846200e-01,1.140367708518982837e-01,-1.512868332439056274e-01,-0.000000000000000000e+00,8.091349594944542700e-02,9.721669271104571575e-02,-7.230707538717423555e-02,-0.000000000000000000e+00,7.697935154991589202e-02,0.000000000000000000e+00,0.000000000000000000e+00,-0.000000000000000000e+00,0.000000000000000000e+00,1.657254922554123044e-01,-0.000000000000000000e+00,-0.000000000000000000e+00,-0.000000000000000000e+00,0.000000000000000000e+00,0.000000000000000000e+00,0.000000000000000000e+00
-0.000000000000000000e+00,0.000000000000000000e+00,0.000000000000000000e+00,0.000000000000000000e+00,-0.000000000000000000e+00,0.000000000000000000e+00,0.000000000000000000e+00,0.000000000000000000e+00,1.012610058877428498e+00,-0.000000000000000000e+00,0.000000000000000000e+00,-0.000000000000000000e+00,0.000000000000000000e+00,0.000000000000000000e+00,-0.000000000000000000e+00,-0.000000000000000000e+00,0.000000000000000000e+00,0.000000000000000000e+00,-0.000000000000000000e+00,0.000000000000000000e+00,-0.000000000000000000e+00,0.000000000000000000e+00,-0.000000000000000000e+00,-0.000000000000000000e+00,-0.000000000000000000e+00,0.000000000000000000e+00,0.000000000000000000e+00,-0.000000000000000000e+00,-0.000000000000000000e+00,-9.676119327095640543e-02,0.000000000000000000e+00,-0.000000000000000000e+00,-0.000000000000000000e+00,-0.000000000000000000e+00,0.000000000000000000e+00,0.000000000000000000e+00,-0.000000000000000000e+00,-0.000000000000000000e+00,-5.783163586397312844e-02
-4.104062817521967471e-02,-0.000000000000000000e+00,6.587416752693867061e-02,1.366454963692113889e-01,0.000000000000000000e+00,0.000000000000000000e+00,2.476112212124438258e-02,6.600682294013854312e-02,-0.000000000000000000e+00,1.425205103069973278e+00,9.030357017053418367e-02,-0.000000000000000000e+00,0.000000000000000000e+00,0.000000000000000000e+00,0.000000000000000000e+00,-2.889790686826793631e-01,3.690466492444677976e-02,0.000000000000000000e+00,0.000000000000000000e+00,6.821967262372628793e-02,-0.000000000000000000e+00,2.839894758129342389e-02,-0.000000000000000000e+00,-1.254877914130725913e-01,-8.615733224382790545e-02,7.678481568465604645e-02,0.000000000000000000e+00,-3.417789784977829509e-02,-0.000000000000000000e+00,-1.608205549422874955e-02,0.000000000000000000e+00,-0.000000000000000000e+00,-9.381490232631293710e-03,0.000000000000000000e+00,0.000000000000000000e+00,0.000000000000000000e+00,-0.000000000000000000e+00,-1.294217093354191883e-01,-0.000000000000000000e+00
0.000000000000000000e+00,0.000000000000000000e+00,-1.045878038299212220e-01,-8.759278508543975883e-02,-2.425434800885341649e-02,-0.000000000000000000e+00,-8.371816372684615093e-02,-8.252303476404446170e-02,0.000000000000000000e+00,9.030357017053418367e-02,1.481592897353648963e+00,-0.000000000000000000e+00,-8.442517998535983142e-03,-3.772992434467858230e-02,-0.000000000000000000e+00,1.364602028676793755e-01,-1.043019721015706197e-01,-0.000000000000000000e+00,-1.299335177300823575e-02,-8.932409946581043592e-02,0.000000000000000000e+00,-9.501442921526054297e-02,-0.000000000000000000e+00,1.449593146344586581e-01,1.212607309138784839e-01,-3.212199958832842595e-02,-1.550685066508148725e-02,6.499625630625395500e-02,0.000000000000000000e+00,0.000000000000000000e+00,-0.000000000000000000e+00,0.000000000000000000e+00,5.960151456364574246e-02,-0.000000000000000000e+00,-0.000000000000000000e+00,-0.000000000000000000e+00,0.000000000000000000e+00,0.000000000000000000e+00,0.000000000000000000e+00
-0.000000000000000000e+00,-0.000000000000000000e+00,-0.000000000000000000e+00,0.000000000000000000e+00,-4.239831245660877906e-02,-0.000000000000000000e+00,0.000000000000000000e+00,-0.000000000000000000e+00,-0.000000000000000000e+00,-0.000000000000000000e+00,-0.000000000000000000e+00,1.001794424291591934e+00,-0.000000000000000000e+00,-0.000000000000000000e+00,-0.000000000000000000e+00,-0.000000000000000000e+00,0.000000000000000000e+00,-0.000000000000000000e+00,-0.000000000000000000e+00,-0.000000000000000000e+00,0.000000000000000000e+00,-0.000000000000000000e+00,-0.000000000000000000e+00,0.000000000000000000e+00,-0.000000000000000000e+00,-0.000000000000000000e+00,-0.000000000000000000e+00,-0.000000000000000000e+00,-0.000000000000000000e+00,-0.000000000000000000e+00,-0.000000000000000000e+00,-0.000000000000000000e+00,-0.000000000000000000e+00,-0.000000000000000000e+00,-0.000000000000000000e+00,-0.000000000000000000e+00,0.000000000000000000e+00,-0.000000000000000000e+00,-0.000000000000000000e+00
0.000000000000000000e+00,-0.000000000000000000e+00,-0.000000000000000000e+00,-0.000000000000000000e+00,-0.000000000000000000e+00,-0.000000000000000000e+00,-0.000000000000000000e+00,-0.000000000000000000e+00,0.000000000000000000e+00,0.000000000000000000e+00,-8.442517998535983142e-03,-0.000000000000000000e+00,1.013927871791181934e+00,-0.000000000000000000e+00,-0.000000000000000000e+00,0.000000000000000000e+00,-3.108498489994256445e-02,-3.279400335955411777e-02,-0.000000000000000000e+00,-0.000000000000000000e+00,0.000000000000000000e+00,-0.000000000000000000e+00,-0.000000000000000000e+00,0.000000000000000000e+00,3.445306866632100173e-02,-0.000000000000000000e+00,-6.296306380204641506e-02,0.000000000000000000e+00,0.000000000000000000e+00,0.000000000000000000e+00,0.000000000000000000e+00,0.000000000000000000e+00,0.000000000000000000e+00,-0.000000000000000000e+00,0.000000000000000000e+00,-0.000000000000000000e+00,0.000000000000000000e+00,0.000000000000000000e+00,0.000000000000000000e+00
0.000000000000000000e+00,-0.000000000000000000e+00,-4.689495600849215989e-02,-0.000000000000000000e+00,-5.443422497499792595e-02,-0.000000000000000000e+00,-5.681178920463356152e-02,-6.164079259735923827e-02,0.000000000000000000e+00,0.000000000000000000e+00,-3.772992434467858230e-02,-0.000000000000000000e+00,-0.000000000000000000e+00,1.310666235746549058e+00,-0.000000000000000000e+00,0.000000000000000000e+00,-2.096461223284658629e-02,-1.024219103054894442e-01,-1.111764350066624107e-01,-1.255499593493666910e-01,0.000000000000000000e+00,-1.182042341792647888e-01,-0.000000000000000000e+00,4.395672315159589172e-02,2.141479381090282113e-03,-1.259569086507511815e-01,-1.188557770220426690e-01,1.373864098683806600e-02,0.000000000000000000e+00,0.000000000000000000e+00,-1.888058944718647506e-02,0.000000000000000000e+00,0.000000000000000000e+00,-0.000000000000000000e+00,-0.000000000000000000e+00,-5.259459346352509529e-02,0.000000000000000000e+00,0.000000000000000000e+00,0.000000000000000000e+00
-0.000000000000000000e+00,-0.000000000000000000e+00,-0.000000000000000000e+00,-0.000000000000000000e+00,-3.840669069355278492e-02,-4.393044139685598620e-02,-0.000000000000000000e+00,-0.000000000000000000e+00,-0.000000000000000000e+00,0.000000000000000000e+00,-0.000000000000000000e+00,-0.000000000000000000e+00,-0.000000000000000000e+00,-0.000000000000000000e+00,1.247482564806181582e+00,0.000000000000000000e+00,-0.000000000000000000e+00,-1.731608392339987201e-01,-1.957513265329993146e-01,-0.000000000000000000e+00,0.000000000000000000e+00,-0.000000000000000000e+00,-0.000000000000000000e+00,0.000000000000000000e+00,0.000000000000000000e+00,-0.000000000000000000e+00,-0.000000000000000000e+00,0.000000000000000000e+00,0.000000000000000000e+00,0.000000000000000000e+00,-0.000000000000000000e+00,1.806370534585663087e-02,0.000000000000000000e+00,-3.310387200575566902e-01,0.000000000000000000e+00,-0.000000000000000000e+00,3.640691865958150392e-02,0.000000000000000000e+00,-0.000000000000000000e+00
-1.216077415127103240e-01,-0.000000000000000000e+00,1.233738023332390382e-01,1.411282505158064915e-01,0.000000000000000000e+00,0.000000000000000000e+00,4.382921299685750560e-02,1.020911544776282737e-01,-0.000000000000000000e+00,-2.889790686826793631e-01,1.364602028676793755e-01,-0.000000000000000000e+00,0.000000000000000000e+00,0.000000000000000000e+00,0.000000000000000000e+00,1.526203663395866439e+00,1.806089974022239211e-02,0.000000000000000000e+00,0.000000000000000000e+00,4.941119127140711914e-02,-0.000000000000000000e+00,4.251799126132369683e-02,-0.000000000000000000e+00,-1.207465679874447362e-01,-1.062212777861829410e-01,1.632263245794528805e-01,0.000000000000000000e+00,-4.225059557757551709e-02,-0.000000000000000000e+00,-2.016295729958175395e-02,0.000000000000000000e+00,-0.000000000000000000e+00,-0.000000000000000000e+00,0.000000000000000000e+00,0.000000000000000000e+00,0.000000000000000000e+00,-0.000000000000000000e+00,-7.444433816562931461e-02,-0.000000000000000000e+00
0.000000000000000000e+00,0.000000000000000000e+00,-0.000000000000000000e+00,-0.000000000000000000e+00,-0.000000000000000000e+00,-7.709013761376063562e-03,-1.103548106775442683e-01,-1.870244143988885124e-02,0.000000000000000000e+00,3.690466492444677976e-02,-1.043019721015706197e-01,0.000000000000000000e+00,-3.108498489994256445e-02,-2.096461223284658629e-02,-0.000000000000000000e+00,1.806089974022239211e-02,1.483161583917175674e+00,-6.299381352694274905e-02,-4.690856038237276038e-02,-6.882614483359003610e-02,2.885608876394315375e-02,-8.363740344503392543e-02,-0.000000000000000000e+00,1.056072532682253984e-01,1.438391841181648756e-01,-2.162672922951057800e-02,-8.424187394894072645e-02,1.414663017759337782e-01,0.000000000000000000e+00,0.000000000000000000e+00,-0.000000000000000000e+00,1.384422382265189377e-01,1.243300459152354986e-01,-0.000000000000000000e+00,0.000000000000000000e+00,-6.441866933584179666e-02,0.000000000000000000e+00,0.000000000000000000e+00,0.000000000000000000e+00
0.000000000000000000e+00,-0.000000000000000000e+00,-0.000000000000000000e+00,-0.000000000000000000e+00,-8.262035437866793730e-02,-6.569197257475643814e-02,-6.372768575349063713e-02,-7.386082163806995116e-02,0.000000000000000000e+00,0.000000000000000000e+00,-0.000000000000000000e+00,-0.000000000000000000e+00,-3.279400335955411777e-02,-1.024219103054894442e-01,-1.731608392339987201e-01,0.000000000000000000e+00,-6.299381352694274905e-02,1.488936279770757265e+00,-1.687214347520063773e-01,-8.151291062937233989e-02,2.196172677191814485e-02,-1.090781955513576568e-01,-0.000000000000000000e+00,0.000000000000000000e+00,5.722999006124452476e-02,-0.000000000000000000e+00,-1.212213776972819596e-01,6.862919755805121924e-02,0.000000000000000000e+00,0.000000000000000000e+00,-0.000000000000000000e+00,1.253917417948492985e-01,6.099824172738450498e-03,-1.548210382239243177e-01,0.000000000000000000e+00,-8.158081732731642388e-02,6.239821360512896875e-03,0.000000000000000000e+00,0.000000000000000000e+00
0.000000000000000000e+00,-0.000000000000000000e+00,-0.000000000000000000e+00,-0.000000000000000000e+00,-3.058441795556066101e-01,-8.732301093534862446e-02,-0.000000000000000000e+00,-4.302036180866526671e-02,-0.000000000000000000e+00,0.000000000000000000e+00,-1.299335177300823575e-02,-0.000000000000000000e+00,-0.000000000000000000e+00,-1.111764350066624107e-01,-1.957513265329993146e-01,0.000000000000000000e+00,-4.690856038237276038e-02,-1.687214347520063773e-01,1.438384777278163495e+00,-2.080752132942493421e-02,3.685054051932425828e-02,-2.053598148758620234e-02,-0.000000000000000000e+00,3.510133317083619781e-02,1.351696157842763660e-02,-6.940162726732580778e-02,-1.179211465613412418e-01,2.665201422716518068e-02,0.000000000000000000e+00,0.000000000000000000e+00,-0.000000000000000000e+00,9.379756978238803708e-03,0.000000000000000000e+00,-1.603899895264717657e-01,-0.000000000000000000e+00,-2.288341717430063260e-02,0.000000000000000000e+00,0.000000000000000000e+00,0.000000000000000000e+00
0.000000000000000000e+00,0.000000000000000000e+00,-1.418332096126508346e-01,-7.068160183725084866e-02,-0.000000000000000000e+00,-0.000000000000000000e+00,-1.753128363883312835e-01,-1.405321926673846200e-01,0.000000000000000000e+00,6.821967262372628793e-02,-8.932409946581043592e-02,-0.000000000000000000e+00,-0.000000000000000000e+00,-1.255499593493666910e-01,-0.000000000000000000e+00,4.941119127140711914e-02,-6.882614483359003610e-02,-8.151291062937233989e-02,-2.080752132942493421e-02,1.630949354945393726e+00,0.000000000000000000e+00,-1.630165740521823114e-01,-0.000000000000000000e+00,1.094703849416377162e-01,1.001073925881445781e-01,-4.295738467352381434e-02,-6.306885294914339746e-02,5.566398616418324896e-02,0.000000000000000000e+00,0.000000000000000000e+00,-0.000000000000000000e+00,0.000000000000000000e+00,7.938358107748248738e-02,-0.000000000000000000e+00,-0.000000000000000000e+00,-3.346236223845935887e-02,0.000000000000000000e+00,3.834775747364865123e-02,0.000000000000000000e+00
-0.000000000000000000e+00,0.000000000000000000e+00,0.000000000000000000e+00,0.000000000000000000e+00,0.000000000000000000e+00,1.407609608602949924e-02,0.000000000000000000e+00,1.140367708518982837e-01,-0.000000000000000000e+00,-0.000000000000000000e+00,0.000000000000000000e+00,0.000000000000000000e+00,0.000000000000000000e+00,0.000000000000000000e+00,0.000000000000000000e+00,-0.000000000000000000e+00,2.885608876394315375e-02,2.196172677191814485e-02,3.685054051932425828e-02,0.000000000000000000e+00,1.155171746935262700e+00,2.474883388694052930e-02,0.000000000000000000e+00,-0.000000000000000000e+00,-7.083951778725852688e-02,0.000000000000000000e+00,0.000000000000000000e+00,-1.012168565485555422e-01,-0.000000000000000000e+00,-0.000000000000000000e+00,0.000000000000000000e+00,-7.841814090926954584e-02,-1.345755964304838626e-01,0.000000000000000000e+00,-0.000000000000000000e+00,0.000000000000000000e+00,-6.143202579543394215e-02,-0.000000000000000000e+00,-0.000000000000000000e+00
0.000000000000000000e+00,0.000000000000000000e+00,-1.476369723814705270e-01,-2.032894772814616835e-02,-0.000000000000000000e+00,-0.000000000000000000e+00,-1.719282193553678117e-01,-1.512868332439056274e-01,0.000000000000000000e+00,2.839894758129342389e-02,-9.501442921526054297e-02,-0.000000000000000000e+00,-0.000000000000000000e+00,-1.182042341792647888e-01,-0.000000000000000000e+00,4.251799126132369683e-02,-8.363740344503392543e-02,-1.090781955513576568e-01,-2.053598148758620234e-02,-1.630165740521823114e-01,2.474883388694052930e-02,1.653137802881665230e+00,-0.000000000000000000e+00,1.030389654272230032e-01,1.255752964944137906e-01,-4.096008881927887257e-02,-7.452834545501839381e-02,4.753943584120670640e-02,0.000000000000000000e+00,0.000000000000000000e+00,-0.000000000000000000e+00,5.011447375603860117e-03,1.171485838169779442e-01,-0.000000000000000000e+00,-0.000000000000000000e+00,-3.484430125421567742e-02,0.000000000000000000e+00,1.669125746992018364e-02,0.000000000000000000e+00
-0.000000000000000000e+00,-0.000000000000000000e+00,-0.000000000000000000e+00,0.000000000000000000e+00,-0.000000000000000000e+00,-0.000000000000000000e+00,-0.000000000000000000e+00,-0.000000000000000000e+00,-0.000000000000000000e+00,-0.000000000000000000e+00,-0.000000000000000000e+00,-0.000000000000000000e+00,-0.000000000000000000e+00,-0.000000000000000000e+00,-0.000000000000000000e+00,-0.000000000000000000e+00,-0.000000000000000000e+00,-0.000000000000000000e+00,-0.000000000000000000e+00,-0.000000000000000000e+00,0.000000000000000000e+00,-0.000000000000000000e+00,9.999999999999995559e-01,0.000000000000000000e+00,-0.000000000000000000e+00,0.000000000000000000e+00,-0.000000000000000000e+00,0.000000000000000000e+00,0.000000000000000000e+00,-0.000000000000000000e+00,-0.000000000000000000e+00,0.000000000000000000e+00,0.000000000000000000e+00,-0.000000000000000000e+00,0.000000000000000000e+00,-0.000000000000000000e+00,0.000000000000000000e+00,-0.000000000000000000e+00,-0.000000000000000000e+00
-0.000000000000000000e+00,-0.000000000000000000e+00,1.398740281541258346e-01,1.296037949692736314e-02,0.000000000000000000e+00,0.000000000000000000e+00,9.442345419404087059e-02,8.091349594944542700e-02,-0.000000000000000000e+00,-1.254877914130725913e-01,1.449593146344586581e-01,0.000000000000000000e+00,0.000000000000000000e+00,4.395672315159589172e-02,0.000000000000000000e+00,-1.207465679874447362e-01,1.056072532682253984e-01,0.000000000000000000e+00,3.510133317083619781e-02,1.094703849416377162e-01,-0.000000000000000000e+00,1.030389654272230032e-01,0.000000000000000000e+00,1.542503291929100850e+00,-1.283578468399282357e-01,2.198726157764512024e-02,5.958466279218518208e-02,-6.242527174060664291e-02,-0.000000000000000000e+00,-0.000000000000000000e+00,0.000000000000000000e+00,-0.000000000000000000e+00,-3.643418132171070967e-02,0.000000000000000000e+00,0.000000000000000000e+00,9.623747661056450409e-02,-0.000000000000000000e+00,-0.000000000000000000e+00,-0.000000000000000000e+00
-0.000000000000000000e+00,-0.000000000000000000e+00,1.377694465560893970e-02,1.519372880507003157e-02,0.000000000000000000e+00,0.000000000000000000e+00,1.155190115431858067e-01,9.721669271104571575e-02,-0.000000000000000000e+00,-8.615733224382790545e-02,1.212607309138784839e-01,-0.000000000000000000e+00,3.445306866632100173e-02,2.141479381090282113e-03,0.000000000000000000e+00,-1.062212777861829410e-01,1.438391841181648756e-01,5.722999006124452476e-02,1.351696157842763660e-02,1.001073925881445781e-01,-7.083951778725852688e-02,1.255752964944137906e-01,-0.000000000000000000e+00,-1.283578468399282357e-01,1.612996563913860371e+00,0.000000000000000000e+00,7.958286536766828734e-02,-1.266586876024026476e-01,-0.000000000000000000e+00,-0.000000000000000000e+00,0.000000000000000000e+00,-4.153487682914323853e-02,-1.752174838714042615e-01,0.000000000000000000e+00,0.000000000000000000e+00,2.903833470062015462e-02,-0.000000000000000000e+00,-0.000000000000000000e+00,-0.000000000000000000e+00
0.000000000000000000e+00,0.000000000000000000e+00,-3.555780343741535982e-02,-0.000000000000000000e+00,-0.000000000000000000e+00,-0.000000000000000000e+00,-1.477351031331085958e-03,-7.230707538717423555e-02,0.000000000000000000e+00,7.678481568465604645e-02,-3.212199958832842595e-02,-0.000000000000000000e+00,-0.000000000000000000e+00,-1.259569086507511815e-01,-0.000000000000000000e+00,1.632263245794528805e-01,-2.162672922951057800e-02,-0.000000000000000000e+00,-6.940162726732580778e-02,-4.295738467352381434e-02,0.000000000000000000e+00,-4.096008881927887257e-02,0.000000000000000000e+00,2.198726157764512024e-02,0.000000000000000000e+00,1.169719035685769404e+00,-0.000000000000000000e+00,0.000000000000000000e+00,0.000000000000000000e+00,0.000000000000000000e+00,-0.000000000000000000e+00,0.000000000000000000e+00,0.000000000000000000e+00,-0.000000000000000000e+00,-0.000000000000000000e+00,-0.000000000000000000e+00,0.000000000000000000e+00,0.000000000000000000e+00,0.000000000000000000e+00
0.000000000000000000e+00,-0.000000000000000000e+00,-0.000000000000000000e+00,-0.000000000000000000e+00,-2.311936938418945181e-02,-0.000000000000000000e+00,-0.000000000000000000e+00,-0.000000000000000000e+00,0.000000000000000000e+00,0.000000000000000000e+00,-1.550685066508148725e-02,-0.000000000000000000e+00,-6.296306380204641506e-02,-1.188557770220426690e-01,-0.000000000000000000e+00,0.000000000000000000e+00,-8.424187394894072645e-02,-1.212213776972819596e-01,-1.179211465613412418e-01,-6.306885294914339746e-02,0.000000000000000000e+00,-7.452834545501839381e-02,-0.000000000000000000e+00,5.958466279218518208e-02,7.958286536766828734e-02,-0.000000000000000000e+00,1.305421146912022712e+00,1.076121307678693795e-01,0.000000000000000000e+00,0.000000000000000000e+00,-0.000000000000000000e+00,1.046721745397441033e-01,0.000000000000000000e+00,-0.000000000000000000e+00,0.000000000000000000e+00,-8.244161764166708928e-02,0.000000000000000000e+00,0.000000000000000000e+00,0.000000000000000000e+00
-0.000000000000000000e+00,-0.000000000000000000e+00,0.000000000000000000e+00,3.009836052531444928e-02,0.000000000000000000e+00,0.000000000000000000e+00,6.100467600251653980e-03,7.697935154991589202e-02,-0.000000000000000000e+00,-3.417789784977829509e-02,6.499625630625395500e-02,-0.000000000000000000e+00,0.000000000000000000e+00,1.373864098683806600e-02,0.000000000000000000e+00,-4.225059557757551709e-02,1.414663017759337782e-01,6.862919755805121924e-02,2.665201422716518068e-02,5.566398616418324896e-02,-1.012168565485555422e-01,4.753943584120670640e-02,0.000000000000000000e+00,-6.242527174060664291e-02,-1.266586876024026476e-01,0.000000000000000000e+00,1.076121307678693795e-01,1.434009944948142712e+00,-0.000000000000000000e+00,-0.000000000000000000e+00,0.000000000000000000e+00,-1.325153610462623255e-01,-1.850574475043548217e-01,0.000000000000000000e+00,-0.000000000000000000e+00,5.121759526510513173e-03,-8.402323888527005180e-03,-0.000000000000000000e+00,-0.000000000000000000e+00
0.000000000000000000e+00,0.000000000000000000e+00,0.000000000000000000e+00,0.000000000000000000e+00,0.000000000000000000e+00,1.147171282790538857e-02,0.000000000000000000e+00,0.000000000000000000e+00,-0.000000000000000000e+00,-0.000000000000000000e+00,0.000000000000000000e+00,-0.000000000000000000e+00,0.000000000000000000e+00,0.000000000000000000e+00,0.000000000000000000e+00,-0.000000000000000000e+00,0.000000000000000000e+00,0.000000000000000000e+00,0.000000000000000000e+00,0.000000000000000000e+00,-0.000000000000000000e+00,0.000000000000000000e+00,0.000000000000000000e+00,-0.000000000000000000e+00,-0.000000000000000000e+00,0.000000000000000000e+00,0.000000000000000000e+00,-0.000000000000000000e+00,1.102843361089193674e+00,-0.000000000000000000e+00,0.000000000000000000e+00,-2.969006690756281208e-01,-0.000000000000000000e+00,0.000000000000000000e+00,-0.000000000000000000e+00,0.000000000000000000e+00,-8.670599758866348594e-02,-0.000000000000000000e+00,-0.000000000000000000e+00
-0.000000000000000000e+00,-0.000000000000000000e+00,0.000000000000000000e+00,4.333896284010543137e-02,0.000000000000000000e+00,0.000000000000000000e+00,4.400487737252107429e-02,0.000000000000000000e+00,-9.676119327095640543e-02,-1.608205549422874955e-02,0.000000000000000000e+00,-0.000000000000000000e+00,0.000000000000000000e+00,0.000000000000000000e+00,0.000000000000000000e+00,-2.016295729958175395e-02,0.000000000000000000e+00,0.000000000000000000e+00,0.000000000000000000e+00,0.000000000000000000e+00,-0.000000000000000000e+00,0.000000000000000000e+00,-0.000000000000000000e+00,-0.000000000000000000e+00,-0.000000000000000000e+00,0.000000000000000000e+00,0.000000000000000000e+00,-0.000000000000000000e+00,-0.000000000000000000e+00,1.016959547071538683e+00,0.000000000000000000e+00,-0.000000000000000000e+00,-0.000000000000000000e+00,0.000000000000000000e+00,0.000000000000000000e+00,0.000000000000000000e+00,-0.000000000000000000e+00,-0.000000000000000000e+00,-0.000000000000000000e+00
0.000000000000000000e+00,0.000000000000000000e+00,-8.385181208662990937e-02,-0.000000000000000000e+00,-0.000000000000000000e+00,-0.000000000000000000e+00,-0.000000000000000000e+00,-0.000000000000000000e+00,0.000000000000000000e+00,0.000000000000000000e+00,-0.000000000000000000e+00,-0.000000000000000000e+00,0.000000000000000000e+00,-1.888058944718647506e-02,-0.000000000000000000e+00,0.000000000000000000e+00,-0.000000000000000000e+00,-0.000000000000000000e+00,-0.000000000000000000e+00,-0.000000000000000000e+00,0.000000000000000000e+00,-0.000000000000000000e+00,-0.000000000000000000e+00,0.000000000000000000e+00,0.000000000000000000e+00,-0.000000000000000000e+00,-0.000000000000000000e+00,0.000000000000000000e+00,0.000000000000000000e+00,0.000000000000000000e+00,1.008169430203537553e+00,0.000000000000000000e+00,0.000000000000000000e+00,-0.000000000000000000e+00,-0.000000000000000000e+00,-0.000000000000000000e+00,0.000000000000000000e+00,0.000000000000000000e+00,0.000000000000000000e+00
0.000000000000000000e+00,0.000000000000000000e+00,0.000000000000000000e+00,0.000000000000000000e+00,0.000000000000000000e+00,1.572211977849182207e-01,0.000000000000000000e+00,0.000000000000000000e+00,-0.000000000000000000e+00,-0.000000000000000000e+00,0.000000000000000000e+00,-0.000000000000000000e+00,0.000000000000000000e+00,0.000000000000000000e+00,1.806370534585663087e-02,-0.000000000000000000e+00,1.384422382265189377e-01,1.253917417948492985e-01,9.379756978238803708e-03,0.000000000000000000e+00,-7.841814090926954584e-02,5.011447375603860117e-03,0.000000000000000000e+00,-0.000000000000000000e+00,-4.153487682914323853e-02,0.000000000000000000e+00,1.046721745397441033e-01,-1.325153610462623255e-01,-2.969006690756281208e-01,-0.000000000000000000e+00,0.000000000000000000e+00,1.462875631812065924e+00,-1.845846559513938112e-01,0.000000000000000000e+00,-0.000000000000000000e+00,7.032687050632975556e-02,-2.631494798392509105e-01,-0.000000000000000000e+00,-0.000000000000000000e+00
-0.000000000000000000e+00,-0.000000000000000000e+00,0.000000000000000000e+00,0.000000000000000000e+00,0.000000000000000000e+00,0.000000000000000000e+00,6.778889368617820044e-02,1.657254922554123044e-01,-0.000000000000000000e+00,-9.381490232631293710e-03,5.960151456364574246e-02,-0.000000000000000000e+00,0.000000000000000000e+00,0.000000000000000000e+00,0.000000000000000000e+00,-0.000000000000000000e+00,1.243300459152354986e-01,6.099824172738450498e-03,0.000000000000000000e+00,7.938358107748248738e-02,-1.345755964304838626e-01,1.171485838169779442e-01,0.000000000000000000e+00,-3.643418132171070967e-02,-1.752174838714042615e-01,0.000000000000000000e+00,0.000000000000000000e+00,-1.850574475043548217e-01,-0.000000000000000000e+00,-0.000000000000000000e+00,0.000000000000000000e+00,-1.845846559513938112e-01,1.483879748325580783e+00,0.000000000000000000e+00,0.000000000000000000e+00,2.050752711609979406e-02,-0.000000000000000000e+00,-0.000000000000000000e+00,-0.000000000000000000e+00
0.000000000000000000e+00,-0.000000000000000000e+00,-0.000000000000000000e+00,-0.000000000000000000e+00,-8.616446399959250269e-02,-0.000000000000000000e+00,-0.000000000000000000e+00,-0.000000000000000000e+00,-0.000000000000000000e+00,0.000000000000000000e+00,-0.000000000000000000e+00,-0.000000000000000000e+00,-0.000000000000000000e+00,-0.000000000000000000e+00,-3.310387200575566902e-01,0.000000000000000000e+00,-0.000000000000000000e+00,-1.548210382239243177e-01,-1.603899895264717657e-01,-0.000000000000000000e+00,0.000000000000000000e+00,-0.000000000000000000e+00,-0.000000000000000000e+00,0.000000000000000000e+00,0.000000000000000000e+00,-0.000000000000000000e+00,-0.000000000000000000e+00,0.000000000000000000e+00,0.000000000000000000e+00,0.000000000000000000e+00,-0.000000000000000000e+00,0.000000000000000000e+00,0.000000000000000000e+00,1.224492876746819947e+00,0.000000000000000000e+00,-0.000000000000000000e+00,0.000000000000000000e+00,0.000000000000000000e+00,-0.000000000000000000e+00
1.939665398019859710e-01,0.000000000000000000e+00,-0.000000000000000000e+00,-0.000000000000000000e+00,-0.000000000000000000e+00,0.000000000000000000e+00,-0.000000000000000000e+00,-0.000000000000000000e+00,0.000000000000000000e+00,0.000000000000000000e+00,-0.000000000000000000e+00,-0.000000000000000000e+00,0.000000000000000000e+00,-0.000000000000000000e+00,0.000000000000000000e+00,0.000000000000000000e+00,0.000000000000000000e+00,0.000000000000000000e+00,-0.000000000000000000e+00,-0.000000000000000000e+00,-0.000000000000000000e+00,-0.000000000000000000e+00,0.000000000000000000e+00,0.000000000000000000e+00,0.000000000000000000e+00,-0.000000000000000000e+00,0.000000000000000000e+00,-0.000000000000000000e+00,-0.000000000000000000e+00,0.000000000000000000e+00,-0.000000000000000000e+00,-0.000000000000000000e+00,0.000000000000000000e+00,0.000000000000000000e+00,1.049710679539919589e+00,-0.000000000000000000e+00,-1.186206092885421226e-01,0.000000000000000000e+00,0.000000000000000000e+00
0.000000000000000000e+00,-0.000000000000000000e+00,-0.000000000000000000e+00,-0.000000000000000000e+00,-6.207711654671779072e-02,-0.000000000000000000e+00,-8.126384480936663102e-02,-0.000000000000000000e+00,0.000000000000000000e+00,0.000000000000000000e+00,-0.000000000000000000e+00,-0.000000000000000000e+00,-0.000000000000000000e+00,-5.259459346352509529e-02,-0.000000000000000000e+00,0.000000000000000000e+00,-6.441866933584179666e-02,-8.158081732731642388e-02,-2.288341717430063260e-02,-3.346236223845935887e-02,0.000000000000000000e+00,-3.484430125421567742e-02,-0.000000000000000000e+00,9.623747661056450409e-02,2.903833470062015462e-02,-0.000000000000000000e+00,-8.244161764166708928e-02,5.121759526510513173e-03,0.000000000000000000e+00,0.000000000000000000e+00,-0.000000000000000000e+00,7.032687050632975556e-02,2.050752711609979406e-02,-0.000000000000000000e+00,-0.000000000000000000e+00,1.164451815725604078e+00,0.000000000000000000e+00,0.000000000000000000e+00,0.000000000000000000e+00
0.000000000000000000e+00,0.000000000000000000e+00,0.000000000000000000e+00,0.000000000000000000e+00,0.000000000000000000e+00,1.472906363582879852e-01,0.000000000000000000e+00,0.000000000000000000e+00,-0.000000000000000000e+00,-0.000000000000000000e+00,0.000000000000000000e+00,0.000000000000000000e+00,0.000000000000000000e+00,0.000000000000000000e+00,3.640691865958150392e-02,-0.000000000000000000e+00,0.000000000000000000e+00,6.239821360512896875e-03,0.000000000000000000e+00,0.000000000000000000e+00,-6.143202579543394215e-02,0.000000000000000000e+00,0.000000000000000000e+00,-0.000000000000000000e+00,-0.000000000000000000e+00,0.000000000000000000e+00,0.000000000000000000e+00,-8.402323888527005180e-03,-8.670599758866348594e-02,-0.000000000000000000e+00,0.000000000000000000e+00,-2.631494798392509105e-01,-0.000000000000000000e+00,0.000000000000000000e+00,-1.186206092885421226e-01,0.000000000000000000e+00,1.149986946467937976e+00,-0.000000000000000000e+00,0.000000000000000000e+00
-0.000000000000000000e+00,-0.000000000000000000e+00,9.647672906846337104e-02,1.144009721945180719e-01,0.000000000000000000e+00,0.000000000000000000e+00,1.014738648437998464e-01,0.000000000000000000e+00,-0.000000000000000000e+00,-1.294217093354191883e-01,0.000000000000000000e+00,-0.000000000000000000e+00,0.000000000000000000e+00,0.000000000000000000e+00,0.000000000000000000e+00,-7.444433816562931461e-02,0.000000000000000000e+00,0.000000000000000000e+00,0.000000000000000000e+00,3.834775747364865123e-02,-0.000000000000000000e+00,1.669125746992018364e-02,-0.000000000000000000e+00,-0.000000000000000000e+00,-0.000000000000000000e+00,0.000000000000000000e+00,0.000000000000000000e+00,-0.000000000000000000e+00,-0.000000000000000000e+00,-0.000000000000000000e+00,0.000000000000000000e+00,-0.000000000000000000e+00,-0.000000000000000000e+00,0.000000000000000000e+00,0.000000000000000000e+00,0.000000000000000000e+00,-0.000000000000000000e+00,1.127496470054022204e+00,-0.000000000000000000e+00
-0.000000000000000000e+00,-0.000000000000000000e+00,0.000000000000000000e+00,0.000000000000000000e+00,0.000000000000000000e+00,0.000000000000000000e+00,0.000000000000000000e+00,0.000000000000000000e+00,-5.783163586397312844e-02,-0.000000000000000000e+00,0.000000000000000000e+00,-0.000000000000000000e+00,0.000000000000000000e+00,0.000000000000000000e+00,-0.000000000000000000e+00,-0.000000000000000000e+00,0.000000000000000000e+00,0.000000000000000000e+00,0.000000000000000000e+00,0.000000000000000000e+00,-0.000000000000000000e+00,0.000000000000000000e+00,-0.000000000000000000e+00,-0.000000000000000000e+00,-0.000000000000000000e+00,0.000000000000000000e+00,0.000000000000000000e+00,-0.000000000000000000e+00,-0.000000000000000000e+00,-0.000000000000000000e+00,0.000000000000000000e+00,-0.000000000000000000e+00,-0.000000000000000000e+00,-0.000000000000000000e+00,0.000000000000000000e+00,0.000000000000000000e+00,0.000000000000000000e+00,-0.000000000000000000e+00,1.003333386640210101e+00
