1.138164711595470058e+00,-0.000000000000000000e+00,-0.000000000000000000e+00,-0.000000000000000000e+00,-0.000000000000000000e+00,-0.000000000000000000e+00,0.000000000000000000e+00,0.000000000000000000e+00,-0.000000000000000000e+00,0.000000000000000000e+00,-0.000000000000000000e+00,0.000000000000000000e+00,0.000000000000000000e+00,2.650657105653627527e-02,0.000000000000000000e+00,0.000000000000000000e+00,-0.000000000000000000e+00,-1.046609684942882007e-01,0.000000000000000000e+00,0.000000000000000000e+00,-0.000000000000000000e+00,-4.389249790487921229e-03,1.442153105783131328e-01,0.000000000000000000e+00,0.000000000000000000e+00,-1.435636027273835824e-01,0.000000000000000000e+00,-0.000000000000000000e+00,-2.332286782600355990e-01,0.000000000000000000e+00,3.482658246430055116e-02,0.000000000000000000e+00,-0.000000000000000000e+00,-0.000000000000000000e+00,0.000000000000000000e+00,0.000000000000000000e+00,2.847084849666886922e-03,-1.046630327394286880e-01,0.000000000000000000e+00
-0.000000000000000000e+00,2.146134364963493191e+00,-0.000000000000000000e+00,-0.000000000000000000e+00,-5.897833716757691636e-02,0.000000000000000000e+00,-5.738073701400886462e-02,0.000000000000000000e+00,-2.489984902878107920e-01,-0.000000000000000000e+00,-2.867179067212710653e-01,-0.000000000000000000e+00,-0.000000000000000000e+00,-1.502107787546534401e-01,4.968707370943672291e-02,-0.000000000000000000e+00,-0.000000000000000000e+00,-0.000000000000000000e+00,-0.000000000000000000e+00,-0.000000000000000000e+00,-0.000000000000000000e+00,-0.000000000000000000e+00,-0.000000000000000000e+00,-0.000000000000000000e+00,-0.000000000000000000e+00,0.000000000000000000e+00,-0.000000000000000000e+00,-0.000000000000000000e+00,-2.606985229332845488e-01,-0.000000000000000000e+00,0.000000000000000000e+00,-1.557651516696824390e-01,-9.535073374888976272e-02,0.000000000000000000e+00,-0.000000000000000000e+00,-9.444858284948054461e-02,-1.577855170331036172e-01,0.000000000000000000e+00,-6.886838554342664676e-01
-0.000000000000000000e+00,-0.000000000000000000e+00,2.676104663469822675e+00,-0.000000000000000000e+00,-2.047778736539375422e-01,0.000000000000000000e+00,-0.000000000000000000e+00,8.521294859560114565e-01,-0.000000000000000000e+00,-0.000000000000000000e+00,-0.000000000000000000e+00,-0.000000000000000000e+00,-0.000000000000000000e+00,0.000000000000000000e+00,0.000000000000000000e+00,-0.000000000000000000e+00,-0.000000000000000000e+00,-2.841018715711906562e-01,-3.433083615327350152e-02,-3.476776247900528055e-02,-6.219346420564346722e-01,-0.000000000000000000e+00,0.000000000000000000e+00,0.000000000000000000e+00,0.000000000000000000e+00,0.000000000000000000e+00,-0.000000000000000000e+00,0.000000000000000000e+00,-0.000000000000000000e+00,0.000000000000000000e+00,0.000000000000000000e+00,7.601495908007471769e-02,-6.412688267431915223e-01,-0.000000000000000000e+00,0.000000000000000000e+00,-0.000000000000000000e+00,9.233742944829222143e-02,-0.000000000000000000e+00,-1.114431162781702629e-02
-0.000000000000000000e+00,-0.000000000000000000e+00,-0.000000000000000000e+00,1.372954868130744854e+00,-6.544628252631504162e-02,0.000000000000000000e+00,-2.936439825924800906e-01,0.000000000000000000e+00,-0.000000000000000000e+00,0.000000000000000000e+00,-0.000000000000000000e+00,-2.220649492699866001e-01,-0.000000000000000000e+00,-0.000000000000000000e+00,0.000000000000000000e+00,0.000000000000000000e+00,-0.000000000000000000e+00,-8.742364252349904552e-02,2.704574127980561432e-02,-0.000000000000000000e+00,-0.000000000000000000e+00,-0.000000000000000000e+00,0.000000000000000000e+00,-0.000000000000000000e+00,1.623919624271029649e-01,-0.000000000000000000e+00,-0.000000000000000000e+00,-4.430530396585989905e-01,-0.000000000000000000e+00,-0.000000000000000000e+00,-0.000000000000000000e+00,0.000000000000000000e+00,-0.000000000000000000e+00,-0.000000000000000000e+00,-0.000000000000000000e+00,0.000000000000000000e+00,0.000000000000000000e+00,-3.490773115091041351e-02,-0.000000000000000000e+00
-0.000000000000000000e+00,-5.897833716757691636e-02,-2.047778736539375422e-01,-6.544628252631504162e-02,2.871449743734580284e+00,0.000000000000000000e+00,-1.497464204302423052e-01,4.455562301183076390e-01,-4.545232241605494036e-03,-0.000000000000000000e+00,-9.643692804870998558e-02,0.000000000000000000e+00,-0.000000000000000000e+00,-0.000000000000000000e+00,3.100090250943406955e-01,-0.000000000000000000e+00,-0.000000000000000000e+00,-3.513993357681252094e-01,-0.000000000000000000e+00,-0.000000000000000000e+00,-2.789133824633443504e-01,-3.228589378024535606e-01,0.000000000000000000e+00,0.000000000000000000e+00,-0.000000000000000000e+00,-1.441467687415231846e-01,-3.688900994866915473e-01,-0.000000000000000000e+00,-6.937677924387675166e-02,0.000000000000000000e+00,0.000000000000000000e+00,0.000000000000000000e+00,-3.431778002844841913e-01,-1.405138656125150820e-01,-0.000000000000000000e+00,-0.000000000000000000e+00,0.000000000000000000e+00,-0.000000000000000000e+00,-2.218473350609048989e-01
-0.000000000000000000e+00,0.000000000000000000e+00,0.000000000000000000e+00,0.000000000000000000e+00,0.000000000000000000e+00,1.157371201479599598e+00,-0.000000000000000000e+00,-0.000000000000000000e+00,0.000000000000000000e+00,-0.000000000000000000e+00,0.000000000000000000e+00,8.422535749291761020e-02,0.000000000000000000e+00,1.195112420084039513e-02,0.000000000000000000e+00,-0.000000000000000000e+00,-1.554026407977001922e-01,0.000000000000000000e+00,-0.000000000000000000e+00,-0.000000000000000000e+00,0.000000000000000000e+00,-0.000000000000000000e+00,-0.000000000000000000e+00,0.000000000000000000e+00,-0.000000000000000000e+00,-0.000000000000000000e+00,0.000000000000000000e+00,-0.000000000000000000e+00,-0.000000000000000000e+00,0.000000000000000000e+00,-4.391740038216080527e-02,-0.000000000000000000e+00,4.255881127815961396e-01,0.000000000000000000e+00,0.000000000000000000e+00,-0.000000000000000000e+00,-1.182636773266341063e-01,0.000000000000000000e+00,0.000000000000000000e+00
0.000000000000000000e+00,-5.738073701400886462e-02,-0.000000000000000000e+00,-2.936439825924800906e-01,-1.497464204302423052e-01,-0.000000000000000000e+00,1.697689511352817426e+00,1.505448592485390293e-02,-0.000000000000000000e+00,-0.000000000000000000e+00,-0.000000000000000000e+00,8.060336437546934685e-02,-0.000000000000000000e+00,-0.000000000000000000e+00,3.243233291644604943e-01,-6.303443193478431780e-03,-0.000000000000000000e+00,-0.000000000000000000e+00,-1.725847846153382228e-02,-0.000000000000000000e+00,-0.000000000000000000e+00,-0.000000000000000000e+00,-0.000000000000000000e+00,0.000000000000000000e+00,0.000000000000000000e+00,0.000000000000000000e+00,-0.000000000000000000e+00,-3.233116589866204538e-01,-7.932296890085530072e-02,0.000000000000000000e+00,-1.299085909236848135e-01,-0.000000000000000000e+00,-0.000000000000000000e+00,-0.000000000000000000e+00,-0.000000000000000000e+00,-8.539672420517810392e-02,-0.000000000000000000e+00,0.000000000000000000e+00,-3.271006899976028337e-01
0.000000000000000000e+00,0.000000000000000000e+00,8.521294859560114565e-01,0.000000000000000000e+00,4.455562301183076390e-01,-0.000000000000000000e+00,1.505448592485390293e-02,2.521569679344672910e+00,0.000000000000000000e+00,0.000000000000000000e+00,0.000000000000000000e+00,0.000000000000000000e+00,0.000000000000000000e+00,-0.000000000000000000e+00,-3.634620668041372432e-02,0.000000000000000000e+00,0.000000000000000000e+00,1.055771265771624223e-01,9.955755595727883156e-02,0.000000000000000000e+00,5.828437191921502780e-01,7.331492980391145220e-02,0.000000000000000000e+00,-0.000000000000000000e+00,0.000000000000000000e+00,0.000000000000000000e+00,0.000000000000000000e+00,-0.000000000000000000e+00,0.000000000000000000e+00,0.000000000000000000e+00,-0.000000000000000000e+00,-0.000000000000000000e+00,0.000000000000000000e+00,0.000000000000000000e+00,-0.000000000000000000e+00,0.000000000000000000e+00,-0.000000000000000000e+00,0.000000000000000000e+00,2.552460635170302194e-01
-0.000000000000000000e+00,-2.489984902878107920e-01,-0.000000000000000000e+00,-0.000000000000000000e+00,-4.545232241605494036e-03,0.000000000000000000e+00,-0.000000000000000000e+00,0.000000000000000000e+00,1.516944676392171232e+00,0.000000000000000000e+00,-0.000000000000000000e+00,-0.000000000000000000e+00,-0.000000000000000000e+00,-9.359425416586994451e-02,0.000000000000000000e+00,-0.000000000000000000e+00,-0.000000000000000000e+00,-0.000000000000000000e+00,0.000000000000000000e+00,0.000000000000000000e+00,-0.000000000000000000e+00,-2.888224709881686419e-02,-0.000000000000000000e+00,-0.000000000000000000e+00,-0.000000000000000000e+00,-0.000000000000000000e+00,-0.000000000000000000e+00,0.000000000000000000e+00,-3.571045414638213122e-02,-4.565904819031874617e-01,0.000000000000000000e+00,-0.000000000000000000e+00,-1.489059012710581831e-01,-6.553155300619896428e-02,-0.000000000000000000e+00,-1.149993795587079537e-01,-0.000000000000000000e+00,-1.706001182826692719e-01,-6.303990119155086780e-02
0.000000000000000000e+00,-0.000000000000000000e+00,-0.000000000000000000e+00,0.000000000000000000e+00,-0.000000000000000000e+00,-0.000000000000000000e+00,-0.000000000000000000e+00,0.000000000000000000e+00,0.000000000000000000e+00,1.788890763056275146e+00,0.000000000000000000e+00,0.000000000000000000e+00,-0.000000000000000000e+00,-0.000000000000000000e+00,0.000000000000000000e+00,-8.716621233517030110e-01,-0.000000000000000000e+00,3.071319156578261947e-02,-0.000000000000000000e+00,-1.201282115858223615e-01,-0.000000000000000000e+00,-0.000000000000000000e+00,-0.000000000000000000e+00,0.000000000000000000e+00,-2.590544325158237182e-01,0.000000000000000000e+00,-4.211041222978980335e-03,-0.000000000000000000e+00,0.000000000000000000e+00,-0.000000000000000000e+00,-9.123164574723820197e-02,-0.000000000000000000e+00,-0.000000000000000000e+00,-0.000000000000000000e+00,0.000000000000000000e+00,-2.951468425792722616e-01,-0.000000000000000000e+00,0.000000000000000000e+00,-0.000000000000000000e+00
-0.000000000000000000e+00,-2.867179067212710653e-01,-0.000000000000000000e+00,-0.000000000000000000e+00,-9.643692804870998558e-02,0.000000000000000000e+00,-0.000000000000000000e+00,0.000000000000000000e+00,-0.000000000000000000e+00,0.000000000000000000e+00,2.099256711166795242e+00,-0.000000000000000000e+00,-1.136175913099340268e-01,-2.709772377992427650e-01,0.000000000000000000e+00,-0.000000000000000000e+00,-2.292396979827294179e-01,-0.000000000000000000e+00,0.000000000000000000e+00,0.000000000000000000e+00,-4.697728332867896067e-02,-0.000000000000000000e+00,-0.000000000000000000e+00,-2.552395380569718805e-02,-0.000000000000000000e+00,-0.000000000000000000e+00,-0.000000000000000000e+00,-5.767714156691314958e-02,-3.435565099309950687e-01,-0.000000000000000000e+00,0.000000000000000000e+00,-0.000000000000000000e+00,-2.138545326670291125e-01,0.000000000000000000e+00,-4.651557611051239105e-01,-0.000000000000000000e+00,-5.812997550943444641e-02,0.000000000000000000e+00,-2.256791433016354723e-02
0.000000000000000000e+00,-0.000000000000000000e+00,-0.000000000000000000e+00,-2.220649492699866001e-01,0.000000000000000000e+00,8.422535749291761020e-02,8.060336437546934685e-02,0.000000000000000000e+00,-0.000000000000000000e+00,0.000000000000000000e+00,-0.000000000000000000e+00,1.540295542038037979e+00,0.000000000000000000e+00,-0.000000000000000000e+00,-4.062147091687102196e-01,-0.000000000000000000e+00,0.000000000000000000e+00,-0.000000000000000000e+00,3.851785049740203415e-01,-0.000000000000000000e+00,-0.000000000000000000e+00,0.000000000000000000e+00,0.000000000000000000e+00,-4.453307450441749138e-01,0.000000000000000000e+00,0.000000000000000000e+00,-0.000000000000000000e+00,0.000000000000000000e+00,0.000000000000000000e+00,-0.000000000000000000e+00,-0.000000000000000000e+00,-0.000000000000000000e+00,-0.000000000000000000e+00,-0.000000000000000000e+00,-0.000000000000000000e+00,5.867749437630010584e-02,0.000000000000000000e+00,-0.000000000000000000e+00,-0.000000000000000000e+00
0.000000000000000000e+00,-0.000000000000000000e+00,-0.000000000000000000e+00,-0.000000000000000000e+00,-0.000000000000000000e+00,0.000000000000000000e+00,-0.000000000000000000e+00,0.000000000000000000e+00,-0.000000000000000000e+00,-0.000000000000000000e+00,-1.136175913099340268e-01,0.000000000000000000e+00,1.523325717629230747e+00,-1.363807421620108484e-01,0.000000000000000000e+00,-0.000000000000000000e+00,-0.000000000000000000e+00,-0.000000000000000000e+00,0.000000000000000000e+00,-3.825216897069565192e-02,-6.397809986271388305e-02,-0.000000000000000000e+00,-1.516063234277697236e-01,-2.133362585726823399e-02,-0.000000000000000000e+00,-0.000000000000000000e+00,-5.026089223275782558e-01,-0.000000000000000000e+00,-0.000000000000000000e+00,-0.000000000000000000e+00,1.157276016779861805e-01,-0.000000000000000000e+00,-0.000000000000000000e+00,-0.000000000000000000e+00,-1.790224322053303729e-01,-0.000000000000000000e+00,-1.173550957372928444e-02,1.007039382486003658e-02,-9.328945841723480792e-03
2.650657105653627527e-02,-1.502107787546534401e-01,0.000000000000000000e+00,-0.000000000000000000e+00,-0.000000000000000000e+00,1.195112420084039513e-02,-0.000000000000000000e+00,-0.000000000000000000e+00,-9.359425416586994451e-02,-0.000000000000000000e+00,-2.709772377992427650e-01,-0.000000000000000000e+00,-1.363807421620108484e-01,2.278408873513384503e+00,-0.000000000000000000e+00,-2.043221894955482842e-01,-0.000000000000000000e+00,0.000000000000000000e+00,0.000000000000000000e+00,-0.000000000000000000e+00,-0.000000000000000000e+00,-0.000000000000000000e+00,-0.000000000000000000e+00,-5.145262718471523833e-01,-0.000000000000000000e+00,-0.000000000000000000e+00,-4.501347661491181262e-01,-0.000000000000000000e+00,-0.000000000000000000e+00,-2.123537726421508010e-01,0.000000000000000000e+00,-0.000000000000000000e+00,-5.254425482583396922e-02,0.000000000000000000e+00,-3.464643811103877979e-01,-0.000000000000000000e+00,-1.136390583751008682e-01,1.574774241746566827e-02,-1.407261470332797360e-01
0.000000000000000000e+00,4.968707370943672291e-02,0.000000000000000000e+00,0.000000000000000000e+00,3.100090250943406955e-01,0.000000000000000000e+00,3.243233291644604943e-01,-3.634620668041372432e-02,0.000000000000000000e+00,0.000000000000000000e+00,0.000000000000000000e+00,-4.062147091687102196e-01,0.000000000000000000e+00,-0.000000000000000000e+00,1.932668241179877455e+00,0.000000000000000000e+00,0.000000000000000000e+00,3.525700286519780069e-01,1.665090593855352574e-01,-0.000000000000000000e+00,0.000000000000000000e+00,8.893377720252948482e-02,-0.000000000000000000e+00,-2.855478588711048982e-01,-0.000000000000000000e+00,0.000000000000000000e+00,0.000000000000000000e+00,0.000000000000000000e+00,6.757904245498390361e-02,-0.000000000000000000e+00,0.000000000000000000e+00,-0.000000000000000000e+00,0.000000000000000000e+00,0.000000000000000000e+00,0.000000000000000000e+00,3.605028696417673650e-01,0.000000000000000000e+00,0.000000000000000000e+00,0.000000000000000000e+00
0.000000000000000000e+00,-0.000000000000000000e+00,-0.000000000000000000e+00,0.000000000000000000e+00,-0.000000000000000000e+00,-0.000000000000000000e+00,-6.303443193478431780e-03,0.000000000000000000e+00,-0.000000000000000000e+00,-8.716621233517030110e-01,-0.000000000000000000e+00,-0.000000000000000000e+00,-0.000000000000000000e+00,-2.043221894955482842e-01,0.000000000000000000e+00,2.027174873142433054e+00,-1.195013572148417025e-01,0.000000000000000000e+00,0.000000000000000000e+00,-0.000000000000000000e+00,-0.000000000000000000e+00,-0.000000000000000000e+00,-3.394301330420093077e-01,-0.000000000000000000e+00,-0.000000000000000000e+00,0.000000000000000000e+00,-2.197778175234218340e-02,-0.000000000000000000e+00,-6.578260699097658593e-02,-0.000000000000000000e+00,-0.000000000000000000e+00,-0.000000000000000000e+00,-0.000000000000000000e+00,-0.000000000000000000e+00,-0.000000000000000000e+00,-1.894506224304118025e-01,-2.892369380906781307e-02,0.000000000000000000e+00,-2.213512673398894126e-01
-0.000000000000000000e+00,-0.000000000000000000e+00,-0.000000000000000000e+00,-0.000000000000000000e+00,-0.000000000000000000e+00,-1.554026407977001922e-01,-0.000000000000000000e+00,0.000000000000000000e+00,-0.000000000000000000e+00,-0.000000000000000000e+00,-2.292396979827294179e-01,0.000000000000000000e+00,-0.000000000000000000e+00,-0.000000000000000000e+00,0.000000000000000000e+00,-1.195013572148417025e-01,1.514272649780600943e+00,-0.000000000000000000e+00,-0.000000000000000000e+00,-0.000000000000000000e+00,-0.000000000000000000e+00,-0.000000000000000000e+00,-7.809180362067935297e-03,-1.204197162059717913e-01,-8.551447490963472176e-02,-0.000000000000000000e+00,-5.410019718079677603e-02,-0.000000000000000000e+00,-3.767660569647512947e-01,-0.000000000000000000e+00,0.000000000000000000e+00,-0.000000000000000000e+00,-0.000000000000000000e+00,0.000000000000000000e+00,-1.305691621141853720e-01,-0.000000000000000000e+00,-1.559066080620891692e-01,4.571410035985416093e-02,-0.000000000000000000e+00
-1.046609684942882007e-01,-0.000000000000000000e+00,-2.841018715711906562e-01,-8.742364252349904552e-02,-3.513993357681252094e-01,0.000000000000000000e+00,-0.000000000000000000e+00,1.055771265771624223e-01,-0.000000000000000000e+00,3.071319156578261947e-02,-0.000000000000000000e+00,-0.000000000000000000e+00,-0.000000000000000000e+00,0.000000000000000000e+00,3.525700286519780069e-01,0.000000000000000000e+00,-0.000000000000000000e+00,1.855388268345234071e+00,-0.000000000000000000e+00,0.000000000000000000e+00,-0.000000000000000000e+00,-5.029705505731331405e-02,0.000000000000000000e+00,0.000000000000000000e+00,0.000000000000000000e+00,-1.701107694264585302e-01,-0.000000000000000000e+00,-0.000000000000000000e+00,-0.000000000000000000e+00,0.000000000000000000e+00,5.984037262268993712e-02,0.000000000000000000e+00,-0.000000000000000000e+00,-0.000000000000000000e+00,0.000000000000000000e+00,0.000000000000000000e+00,0.000000000000000000e+00,-4.951368493535524551e-01,-0.000000000000000000e+00
0.000000000000000000e+00,-0.000000000000000000e+00,-3.433083615327350152e-02,2.704574127980561432e-02,-0.000000000000000000e+00,-0.000000000000000000e+00,-1.725847846153382228e-02,9.955755595727883156e-02,0.000000000000000000e+00,-0.000000000000000000e+00,0.000000000000000000e+00,3.851785049740203415e-01,0.000000000000000000e+00,0.000000000000000000e+00,1.665090593855352574e-01,0.000000000000000000e+00,-0.000000000000000000e+00,-0.000000000000000000e+00,1.264895746349170791e+00,-0.000000000000000000e+00,-0.000000000000000000e+00,-0.000000000000000000e+00,-0.000000000000000000e+00,0.000000000000000000e+00,-0.000000000000000000e+00,1.098339502053819333e-01,-0.000000000000000000e+00,0.000000000000000000e+00,0.000000000000000000e+00,-0.000000000000000000e+00,-0.000000000000000000e+00,0.000000000000000000e+00,-0.000000000000000000e+00,2.129108452816123598e-01,5.954413403837578722e-02,-5.185832754070684308e-02,0.000000000000000000e+00,0.000000000000000000e+00,-0.000000000000000000e+00
0.000000000000000000e+00,-0.000000000000000000e+00,-3.476776247900528055e-02,-0.000000000000000000e+00,-0.000000000000000000e+00,-0.000000000000000000e+00,-0.000000000000000000e+00,0.000000000000000000e+00,0.000000000000000000e+00,-1.201282115858223615e-01,0.000000000000000000e+00,-0.000000000000000000e+00,-3.825216897069565192e-02,-0.000000000000000000e+00,-0.000000000000000000e+00,-0.000000000000000000e+00,-0.000000000000000000e+00,0.000000000000000000e+00,-0.000000000000000000e+00,1.069777348731915989e+00,-4.599905797700878235e-02,-0.000000000000000000e+00,-7.540996371716084112e-02,-0.000000000000000000e+00,-1.842798280847591803e-03,0.000000000000000000e+00,-3.816444013426862486e-02,-0.000000000000000000e+00,-0.000000000000000000e+00,-0.000000000000000000e+00,-1.192217910042463330e-01,-0.000000000000000000e+00,-0.000000000000000000e+00,0.000000000000000000e+00,0.000000000000000000e+00,-0.000000000000000000e+00,-0.000000000000000000e+00,3.464773416613732560e-02,-0.000000000000000000e+00
-0.000000000000000000e+00,-0.000000000000000000e+00,-6.219346420564346722e-01,-0.000000000000000000e+00,-2.789133824633443504e-01,0.000000000000000000e+00,-0.000000000000000000e+00,5.828437191921502780e-01,-0.000000000000000000e+00,-0.000000000000000000e+00,-4.697728332867896067e-02,-0.000000000000000000e+00,-6.397809986271388305e-02,-0.000000000000000000e+00,0.000000000000000000e+00,-0.000000000000000000e+00,-0.000000000000000000e+00,-0.000000000000000000e+00,-0.000000000000000000e+00,-4.599905797700878235e-02,2.439924117166867745e+00,-0.000000000000000000e+00,-0.000000000000000000e+00,-0.000000000000000000e+00,-0.000000000000000000e+00,0.000000000000000000e+00,-8.633470181293353973e-02,0.000000000000000000e+00,-8.935466773433595189e-02,-0.000000000000000000e+00,0.000000000000000000e+00,0.000000000000000000e+00,-5.295173360661285800e-02,-0.000000000000000000e+00,-0.000000000000000000e+00,-0.000000000000000000e+00,-0.000000000000000000e+00,-0.000000000000000000e+00,-4.979948393075623869e-01
-4.389249790487921229e-03,-0.000000000000000000e+00,-0.000000000000000000e+00,-0.000000000000000000e+00,-3.228589378024535606e-01,-0.000000000000000000e+00,-0.000000000000000000e+00,7.331492980391145220e-02,-2.888224709881686419e-02,-0.000000000000000000e+00,-0.000000000000000000e+00,0.000000000000000000e+00,-0.000000000000000000e+00,-0.000000000000000000e+00,8.893377720252948482e-02,-0.000000000000000000e+00,-0.000000000000000000e+00,-5.029705505731331405e-02,-0.000000000000000000e+00,-0.000000000000000000e+00,-0.000000000000000000e+00,1.256818888016053570e+00,-0.000000000000000000e+00,0.000000000000000000e+00,-0.000000000000000000e+00,-9.518634714188048754e-03,-0.000000000000000000e+00,0.000000000000000000e+00,-1.645408344437864490e-01,-0.000000000000000000e+00,0.000000000000000000e+00,0.000000000000000000e+00,-0.000000000000000000e+00,-0.000000000000000000e+00,-0.000000000000000000e+00,-2.713583632807714096e-03,-0.000000000000000000e+00,-0.000000000000000000e+00,-0.000000000000000000e+00
1.442153105783131328e-01,-0.000000000000000000e+00,0.000000000000000000e+00,0.000000000000000000e+00,0.000000000000000000e+00,-0.000000000000000000e+00,-0.000000000000000000e+00,0.000000000000000000e+00,-0.000000000000000000e+00,-0.000000000000000000e+00,-0.000000000000000000e+00,0.000000000000000000e+00,-1.516063234277697236e-01,-0.000000000000000000e+00,-0.000000000000000000e+00,-3.394301330420093077e-01,-7.809180362067935297e-03,0.000000000000000000e+00,-0.000000000000000000e+00,-7.540996371716084112e-02,-0.000000000000000000e+00,-0.000000000000000000e+00,2.076274912591684618e+00,-5.160758154927596458e-02,-9.295729181032160726e-01,0.000000000000000000e+00,-0.000000000000000000e+00,0.000000000000000000e+00,-0.000000000000000000e+00,-8.984126143095054473e-02,-0.000000000000000000e+00,-0.000000000000000000e+00,0.000000000000000000e+00,0.000000000000000000e+00,-0.000000000000000000e+00,-2.187922735711679903e-02,-4.617514922555735479e-01,0.000000000000000000e+00,-0.000000000000000000e+00
0.000000000000000000e+00,-0.000000000000000000e+00,0.000000000000000000e+00,-0.000000000000000000e+00,0.000000000000000000e+00,0.000000000000000000e+00,0.000000000000000000e+00,-0.000000000000000000e+00,-0.000000000000000000e+00,0.000000000000000000e+00,-2.552395380569718805e-02,-4.453307450441749138e-01,-2.133362585726823399e-02,-5.145262718471523833e-01,-2.855478588711048982e-01,-0.000000000000000000e+00,-1.204197162059717913e-01,0.000000000000000000e+00,0.000000000000000000e+00,-0.000000000000000000e+00,-0.000000000000000000e+00,0.000000000000000000e+00,-5.160758154927596458e-02,1.630460869232931431e+00,-0.000000000000000000e+00,0.000000000000000000e+00,-0.000000000000000000e+00,0.000000000000000000e+00,-0.000000000000000000e+00,-1.416004630627923366e-01,0.000000000000000000e+00,-6.491955067999782836e-02,-0.000000000000000000e+00,0.000000000000000000e+00,-0.000000000000000000e+00,0.000000000000000000e+00,-1.603775214838696062e-01,7.362973770233800785e-02,-0.000000000000000000e+00
0.000000000000000000e+00,-0.000000000000000000e+00,0.000000000000000000e+00,1.623919624271029649e-01,-0.000000000000000000e+00,-0.000000000000000000e+00,0.000000000000000000e+00,0.000000000000000000e+00,-0.000000000000000000e+00,-2.590544325158237182e-01,-0.000000000000000000e+00,0.000000000000000000e+00,-0.000000000000000000e+00,-0.000000000000000000e+00,-0.000000000000000000e+00,-0.000000000000000000e+00,-8.551447490963472176e-02,0.000000000000000000e+00,-0.000000000000000000e+00,-1.842798280847591803e-03,-0.000000000000000000e+00,-0.000000000000000000e+00,-9.295729181032160726e-01,-0.000000000000000000e+00,1.769812919461930090e+00,-0.000000000000000000e+00,-6.287666356737112161e-02,0.000000000000000000e+00,-0.000000000000000000e+00,-0.000000000000000000e+00,0.000000000000000000e+00,-4.852029740252567641e-02,0.000000000000000000e+00,0.000000000000000000e+00,-0.000000000000000000e+00,-5.670514593229092348e-02,-0.000000000000000000e+00,9.912944544145235737e-02,-0.000000000000000000e+00
-1.435636027273835824e-01,0.000000000000000000e+00,0.000000000000000000e+00,-0.000000000000000000e+00,-1.441467687415231846e-01,-0.000000000000000000e+00,0.000000000000000000e+00,0.000000000000000000e+00,-0.000000000000000000e+00,0.000000000000000000e+00,-0.000000000000000000e+00,0.000000000000000000e+00,-0.000000000000000000e+00,-0.000000000000000000e+00,0.000000000000000000e+00,0.000000000000000000e+00,-0.000000000000000000e+00,-1.701107694264585302e-01,1.098339502053819333e-01,0.000000000000000000e+00,0.000000000000000000e+00,-9.518634714188048754e-03,0.000000000000000000e+00,0.000000000000000000e+00,-0.000000000000000000e+00,1.221888138298431459e+00,-4.201584946059565978e-02,-1.114980827379646044e-01,-0.000000000000000000e+00,0.000000000000000000e+00,0.000000000000000000e+00,0.000000000000000000e+00,-0.000000000000000000e+00,-4.323307743452779045e-02,-2.950574494017315502e-02,-0.000000000000000000e+00,0.000000000000000000e+00,-1.581071330985552026e-01,0.000000000000000000e+00
0.000000000000000000e+00,-0.000000000000000000e+00,-0.000000000000000000e+00,-0.000000000000000000e+00,-3.688900994866915473e-01,0.000000000000000000e+00,-0.000000000000000000e+00,0.000000000000000000e+00,-0.000000000000000000e+00,-4.211041222978980335e-03,-0.000000000000000000e+00,-0.000000000000000000e+00,-5.026089223275782558e-01,-4.501347661491181262e-01,0.000000000000000000e+00,-2.197778175234218340e-02,-5.410019718079677603e-02,-0.000000000000000000e+00,-0.000000000000000000e+00,-3.816444013426862486e-02,-8.633470181293353973e-02,-0.000000000000000000e+00,-0.000000000000000000e+00,-0.000000000000000000e+00,-6.287666356737112161e-02,-4.201584946059565978e-02,2.162008538373396238e+00,-0.000000000000000000e+00,-0.000000000000000000e+00,-0.000000000000000000e+00,0.000000000000000000e+00,0.000000000000000000e+00,-5.807040266099113834e-01,0.000000000000000000e+00,-0.000000000000000000e+00,-0.000000000000000000e+00,-0.000000000000000000e+00,0.000000000000000000e+00,-1.805980468886901613e-02
-0.000000000000000000e+00,-0.000000000000000000e+00,0.000000000000000000e+00,-4.430530396585989905e-01,-0.000000000000000000e+00,-0.000000000000000000e+00,-3.233116589866204538e-01,-0.000000000000000000e+00,0.000000000000000000e+00,-0.000000000000000000e+00,-5.767714156691314958e-02,0.000000000000000000e+00,-0.000000000000000000e+00,-0.000000000000000000e+00,0.000000000000000000e+00,-0.000000000000000000e+00,-0.000000000000000000e+00,-0.000000000000000000e+00,0.000000000000000000e+00,-0.000000000000000000e+00,0.000000000000000000e+00,0.000000000000000000e+00,0.000000000000000000e+00,0.000000000000000000e+00,0.000000000000000000e+00,-1.114980827379646044e-01,-0.000000000000000000e+00,1.359285522842941907e+00,-0.000000000000000000e+00,1.328387266519452312e-02,-1.122454917814617176e-01,-0.000000000000000000e+00,-0.000000000000000000e+00,-0.000000000000000000e+00,-0.000000000000000000e+00,-0.000000000000000000e+00,-0.000000000000000000e+00,-0.000000000000000000e+00,0.000000000000000000e+00
-2.332286782600355990e-01,-2.606985229332845488e-01,-0.000000000000000000e+00,-0.000000000000000000e+00,-6.937677924387675166e-02,-0.000000000000000000e+00,-7.932296890085530072e-02,0.000000000000000000e+00,-3.571045414638213122e-02,0.000000000000000000e+00,-3.435565099309950687e-01,0.000000000000000000e+00,-0.000000000000000000e+00,-0.000000000000000000e+00,6.757904245498390361e-02,-6.578260699097658593e-02,-3.767660569647512947e-01,-0.000000000000000000e+00,0.000000000000000000e+00,-0.000000000000000000e+00,-8.935466773433595189e-02,-1.645408344437864490e-01,-0.000000000000000000e+00,-0.000000000000000000e+00,-0.000000000000000000e+00,-0.000000000000000000e+00,-0.000000000000000000e+00,-0.000000000000000000e+00,1.837766134977792731e+00,-0.000000000000000000e+00,0.000000000000000000e+00,-0.000000000000000000e+00,-0.000000000000000000e+00,-0.000000000000000000e+00,-0.000000000000000000e+00,-0.000000000000000000e+00,-1.061016703819632617e-01,-0.000000000000000000e+00,-1.374458587660950526e-01
0.000000000000000000e+00,-0.000000000000000000e+00,0.000000000000000000e+00,-0.000000000000000000e+00,0.000000000000000000e+00,0.000000000000000000e+00,0.000000000000000000e+00,0.000000000000000000e+00,-4.565904819031874617e-01,-0.000000000000000000e+00,-0.000000000000000000e+00,-0.000000000000000000e+00,-0.000000000000000000e+00,-2.123537726421508010e-01,-0.000000000000000000e+00,-0.000000000000000000e+00,-0.000000000000000000e+00,0.000000000000000000e+00,-0.000000000000000000e+00,-0.000000000000000000e+00,-0.000000000000000000e+00,-0.000000000000000000e+00,-8.984126143095054473e-02,-1.416004630627923366e-01,-0.000000000000000000e+00,0.000000000000000000e+00,-0.000000000000000000e+00,1.328387266519452312e-02,-0.000000000000000000e+00,1.374644941020799260e+00,0.000000000000000000e+00,-0.000000000000000000e+00,-0.000000000000000000e+00,0.000000000000000000e+00,-0.000000000000000000e+00,-1.433533141837086688e-01,-0.000000000000000000e+00,0.000000000000000000e+00,-0.000000000000000000e+00
3.482658246430055116e-02,0.000000000000000000e+00,0.000000000000000000e+00,-0.000000000000000000e+00,0.000000000000000000e+00,-4.391740038216080527e-02,-1.299085909236848135e-01,-0.000000000000000000e+00,0.000000000000000000e+00,-9.123164574723820197e-02,0.000000000000000000e+00,-0.000000000000000000e+00,1.157276016779861805e-01,0.000000000000000000e+00,0.000000000000000000e+00,-0.000000000000000000e+00,0.000000000000000000e+00,5.984037262268993712e-02,-0.000000000000000000e+00,-1.192217910042463330e-01,0.000000000000000000e+00,0.000000000000000000e+00,-0.000000000000000000e+00,0.000000000000000000e+00,0.000000000000000000e+00,0.000000000000000000e+00,0.000000000000000000e+00,-1.122454917814617176e-01,0.000000000000000000e+00,0.000000000000000000e+00,1.071585794046722828e+00,0.000000000000000000e+00,0.000000000000000000e+00,0.000000000000000000e+00,0.000000000000000000e+00,-4.438381727807927564e-03,-0.000000000000000000e+00,2.164944155828546837e-02,0.000000000000000000e+00
0.000000000000000000e+00,-1.557651516696824390e-01,7.601495908007471769e-02,0.000000000000000000e+00,0.000000000000000000e+00,-0.000000000000000000e+00,-0.000000000000000000e+00,-0.000000000000000000e+00,-0.000000000000000000e+00,-0.000000000000000000e+00,-0.000000000000000000e+00,-0.000000000000000000e+00,-0.000000000000000000e+00,-0.000000000000000000e+00,-0.000000000000000000e+00,-0.000000000000000000e+00,-0.000000000000000000e+00,0.000000000000000000e+00,0.000000000000000000e+00,-0.000000000000000000e+00,0.000000000000000000e+00,0.000000000000000000e+00,-0.000000000000000000e+00,-6.491955067999782836e-02,-4.852029740252567641e-02,0.000000000000000000e+00,0.000000000000000000e+00,-0.000000000000000000e+00,-0.000000000000000000e+00,-0.000000000000000000e+00,0.000000000000000000e+00,1.184043822946890145e+00,0.000000000000000000e+00,0.000000000000000000e+00,-0.000000000000000000e+00,0.000000000000000000e+00,-3.490313806130342367e-01,0.000000000000000000e+00,-0.000000000000000000e+00
-0.000000000000000000e+00,-9.535073374888976272e-02,-6.412688267431915223e-01,-0.000000000000000000e+00,-3.431778002844841913e-01,4.255881127815961396e-01,-0.000000000000000000e+00,0.000000000000000000e+00,-1.489059012710581831e-01,-0.000000000000000000e+00,-2.138545326670291125e-01,-0.000000000000000000e+00,-0.000000000000000000e+00,-5.254425482583396922e-02,0.000000000000000000e+00,-0.000000000000000000e+00,-0.000000000000000000e+00,-0.000000000000000000e+00,-0.000000000000000000e+00,-0.000000000000000000e+00,-5.295173360661285800e-02,-0.000000000000000000e+00,0.000000000000000000e+00,-0.000000000000000000e+00,0.000000000000000000e+00,-0.000000000000000000e+00,-5.807040266099113834e-01,-0.000000000000000000e+00,-0.000000000000000000e+00,-0.000000000000000000e+00,0.000000000000000000e+00,0.000000000000000000e+00,2.567825125926388008e+00,-0.000000000000000000e+00,-0.000000000000000000e+00,-0.000000000000000000e+00,0.000000000000000000e+00,-0.000000000000000000e+00,-3.487660040133677142e-01
-0.000000000000000000e+00,0.000000000000000000e+00,-0.000000000000000000e+00,-0.000000000000000000e+00,-1.405138656125150820e-01,0.000000000000000000e+00,-0.000000000000000000e+00,0.000000000000000000e+00,-6.553155300619896428e-02,-0.000000000000000000e+00,0.000000000000000000e+00,-0.000000000000000000e+00,-0.000000000000000000e+00,0.000000000000000000e+00,0.000000000000000000e+00,-0.000000000000000000e+00,0.000000000000000000e+00,-0.000000000000000000e+00,2.129108452816123598e-01,0.000000000000000000e+00,-0.000000000000000000e+00,-0.000000000000000000e+00,0.000000000000000000e+00,0.000000000000000000e+00,0.000000000000000000e+00,-4.323307743452779045e-02,0.000000000000000000e+00,-0.000000000000000000e+00,-0.000000000000000000e+00,0.000000000000000000e+00,0.000000000000000000e+00,0.000000000000000000e+00,-0.000000000000000000e+00,1.630130746609685488e+00,0.000000000000000000e+00,0.000000000000000000e+00,0.000000000000000000e+00,-9.045190118320646233e-01,-0.000000000000000000e+00
0.000000000000000000e+00,-0.000000000000000000e+00,0.000000000000000000e+00,-0.000000000000000000e+00,-0.000000000000000000e+00,0.000000000000000000e+00,-0.000000000000000000e+00,-0.000000000000000000e+00,-0.000000000000000000e+00,0.000000000000000000e+00,-4.651557611051239105e-01,-0.000000000000000000e+00,-1.790224322053303729e-01,-3.464643811103877979e-01,0.000000000000000000e+00,-0.000000000000000000e+00,-1.305691621141853720e-01,0.000000000000000000e+00,5.954413403837578722e-02,0.000000000000000000e+00,-0.000000000000000000e+00,-0.000000000000000000e+00,-0.000000000000000000e+00,-0.000000000000000000e+00,-0.000000000000000000e+00,-2.950574494017315502e-02,-0.000000000000000000e+00,-0.000000000000000000e+00,-0.000000000000000000e+00,-0.000000000000000000e+00,0.000000000000000000e+00,-0.000000000000000000e+00,-0.000000000000000000e+00,0.000000000000000000e+00,1.863111803102160513e+00,-0.000000000000000000e+00,-5.506815132891698106e-01,1.902446308207170547e-02,-0.000000000000000000e+00
0.000000000000000000e+00,-9.444858284948054461e-02,-0.000000000000000000e+00,0.000000000000000000e+00,-0.000000000000000000e+00,-0.000000000000000000e+00,-8.539672420517810392e-02,0.000000000000000000e+00,-1.149993795587079537e-01,-2.951468425792722616e-01,-0.000000000000000000e+00,5.867749437630010584e-02,-0.000000000000000000e+00,-0.000000000000000000e+00,3.605028696417673650e-01,-1.894506224304118025e-01,-0.000000000000000000e+00,0.000000000000000000e+00,-5.185832754070684308e-02,-0.000000000000000000e+00,-0.000000000000000000e+00,-2.713583632807714096e-03,-2.187922735711679903e-02,0.000000000000000000e+00,-5.670514593229092348e-02,-0.000000000000000000e+00,-0.000000000000000000e+00,-0.000000000000000000e+00,-0.000000000000000000e+00,-1.433533141837086688e-01,-4.438381727807927564e-03,0.000000000000000000e+00,-0.000000000000000000e+00,0.000000000000000000e+00,-0.000000000000000000e+00,1.528220859633788065e+00,-6.844115132213574038e-02,0.000000000000000000e+00,-0.000000000000000000e+00
2.847084849666886922e-03,-1.577855170331036172e-01,9.233742944829222143e-02,0.000000000000000000e+00,0.000000000000000000e+00,-1.182636773266341063e-01,-0.000000000000000000e+00,-0.000000000000000000e+00,-0.000000000000000000e+00,-0.000000000000000000e+00,-5.812997550943444641e-02,0.000000000000000000e+00,-1.173550957372928444e-02,-1.136390583751008682e-01,0.000000000000000000e+00,-2.892369380906781307e-02,-1.559066080620891692e-01,0.000000000000000000e+00,0.000000000000000000e+00,-0.000000000000000000e+00,-0.000000000000000000e+00,-0.000000000000000000e+00,-4.617514922555735479e-01,-1.603775214838696062e-01,-0.000000000000000000e+00,0.000000000000000000e+00,-0.000000000000000000e+00,-0.000000000000000000e+00,-1.061016703819632617e-01,-0.000000000000000000e+00,-0.000000000000000000e+00,-3.490313806130342367e-01,0.000000000000000000e+00,0.000000000000000000e+00,-5.506815132891698106e-01,-6.844115132213574038e-02,2.030414626223083552e+00,2.731523588567658090e-01,-0.000000000000000000e+00
-1.046630327394286880e-01,0.000000000000000000e+00,-0.000000000000000000e+00,-3.490773115091041351e-02,-0.000000000000000000e+00,0.000000000000000000e+00,0.000000000000000000e+00,0.000000000000000000e+00,-1.706001182826692719e-01,0.000000000000000000e+00,0.000000000000000000e+00,-0.000000000000000000e+00,1.007039382486003658e-02,1.574774241746566827e-02,0.000000000000000000e+00,0.000000000000000000e+00,4.571410035985416093e-02,-4.951368493535524551e-01,0.000000000000000000e+00,3.464773416613732560e-02,-0.000000000000000000e+00,-0.000000000000000000e+00,0.000000000000000000e+00,7.362973770233800785e-02,9.912944544145235737e-02,-1.581071330985552026e-01,0.000000000000000000e+00,-0.000000000000000000e+00,-0.000000000000000000e+00,0.000000000000000000e+00,2.164944155828546837e-02,0.000000000000000000e+00,-0.000000000000000000e+00,-9.045190118320646233e-01,1.902446308207170547e-02,0.000000000000000000e+00,2.731523588567658090e-01,1.952940316590529246e+00,0.000000000000000000e+00
0.000000000000000000e+00,-6.886838554342664676e-01,-1.114431162781702629e-02,-0.000000000000000000e+00,-2.218473350609048989e-01,0.000000000000000000e+00,-3.271006899976028337e-01,2.552460635170302194e-01,-6.303990119155086780e-02,-0.000000000000000000e+00,-2.256791433016354723e-02,-0.000000000000000000e+00,-9.328945841723480792e-03,-1.407261470332797360e-01,0.000000000000000000e+00,-2.213512673398894126e-01,-0.000000000000000000e+00,-0.000000000000000000e+00,-0.000000000000000000e+00,-0.000000000000000000e+00,-4.979948393075623869e-01,-0.000000000000000000e+00,-0.000000000000000000e+00,-0.000000000000000000e+00,-0.000000000000000000e+00,0.000000000000000000e+00,-1.805980468886901613e-02,0.000000000000000000e+00,-1.374458587660950526e-01,-0.000000000000000000e+00,0.000000000000000000e+00,-0.000000000000000000e+00,-3.487660040133677142e-01,-0.000000000000000000e+00,-0.000000000000000000e+00,-0.000000000000000000e+00,-0.000000000000000000e+00,0.000000000000000000e+00,2.673451260173933974e+00
