1.643065867060324425e+00,-8.528785436856505253e-01,-0.000000000000000000e+00,0.000000000000000000e+00,-0.000000000000000000e+00,0.000000000000000000e+00,0.000000000000000000e+00,0.000000000000000000e+00,-1.123753648264478877e-01,-0.000000000000000000e+00,-0.000000000000000000e+00,0.000000000000000000e+00,0.000000000000000000e+00,-0.000000000000000000e+00,-0.000000000000000000e+00,-0.000000000000000000e+00,-0.000000000000000000e+00,-0.000000000000000000e+00,-0.000000000000000000e+00,0.000000000000000000e+00,0.000000000000000000e+00,0.000000000000000000e+00,-0.000000000000000000e+00,-0.000000000000000000e+00,-0.000000000000000000e+00,-1.492515076816775532e-01,-0.000000000000000000e+00,-0.000000000000000000e+00,-0.000000000000000000e+00,-0.000000000000000000e+00,-0.000000000000000000e+00,-1.235860376575573932e-02,-0.000000000000000000e+00,0.000000000000000000e+00,-0.000000000000000000e+00,-0.000000000000000000e+00,-0.000000000000000000e+00,-2.186670159318748474e-01,-0.000000000000000000e+00
-8.528785436856505253e-01,1.953646570429835583e+00,-0.000000000000000000e+00,-0.000000000000000000e+00,-0.000000000000000000e+00,-0.000000000000000000e+00,0.000000000000000000e+00,0.000000000000000000e+00,-0.000000000000000000e+00,-0.000000000000000000e+00,-0.000000000000000000e+00,0.000000000000000000e+00,-0.000000000000000000e+00,-2.525575919654671209e-02,0.000000000000000000e+00,-0.000000000000000000e+00,-0.000000000000000000e+00,-0.000000000000000000e+00,-0.000000000000000000e+00,0.000000000000000000e+00,-0.000000000000000000e+00,-3.293091515536950009e-02,-2.123909870271532482e-02,-0.000000000000000000e+00,-0.000000000000000000e+00,-2.324305847892646493e-01,-0.000000000000000000e+00,0.000000000000000000e+00,-0.000000000000000000e+00,0.000000000000000000e+00,-0.000000000000000000e+00,-1.823555731037407035e-01,-5.183903432476256318e-02,0.000000000000000000e+00,-1.000399825574016938e-01,-3.691992076861334016e-01,-3.096468175465215411e-02,-1.997912869211626863e-01,-0.000000000000000000e+00
-0.000000000000000000e+00,-0.000000000000000000e+00,2.977981886963539271e+00,-0.000000000000000000e+00,-5.290743199326807256e-01,0.000000000000000000e+00,-0.000000000000000000e+00,1.340579913490175468e+00,-0.000000000000000000e+00,-1.542298606058367383e-01,-0.000000000000000000e+00,-3.565939500318206501e-01,-0.000000000000000000e+00,-0.000000000000000000e+00,-0.000000000000000000e+00,-1.180700153962569582e-01,-0.000000000000000000e+00,-2.000905401684070772e-01,-0.000000000000000000e+00,-1.290367019614652999e-01,-2.388883618469136993e-01,-1.788041223363200649e-01,-5.045232714904268612e-02,0.000000000000000000e+00,-0.000000000000000000e+00,-4.919978483643225493e-03,-7.714458789001861667e-03,-0.000000000000000000e+00,0.000000000000000000e+00,-0.000000000000000000e+00,-0.000000000000000000e+00,-0.000000000000000000e+00,-2.028928976948766658e-02,-0.000000000000000000e+00,0.000000000000000000e+00,-0.000000000000000000e+00,-0.000000000000000000e+00,-0.000000000000000000e+00,-0.000000000000000000e+00
0.000000000000000000e+00,-0.000000000000000000e+00,-0.000000000000000000e+00,1.891606691889070380e+00,-0.000000000000000000e+00,0.000000000000000000e+00,-4.635675490341619742e-01,0.000000000000000000e+00,-0.000000000000000000e+00,-1.165249311297221896e-01,0.000000000000000000e+00,-3.291404109007170509e-01,0.000000000000000000e+00,0.000000000000000000e+00,-4.718591220997175179e-02,-0.000000000000000000e+00,0.000000000000000000e+00,-2.823224872239777361e-01,-0.000000000000000000e+00,-0.000000000000000000e+00,-0.000000000000000000e+00,-5.657799781750004475e-02,-0.000000000000000000e+00,-0.000000000000000000e+00,-0.000000000000000000e+00,0.000000000000000000e+00,0.000000000000000000e+00,0.000000000000000000e+00,0.000000000000000000e+00,-0.000000000000000000e+00,5.915180068637976296e-03,0.000000000000000000e+00,0.000000000000000000e+00,-0.000000000000000000e+00,0.000000000000000000e+00,0.000000000000000000e+00,0.000000000000000000e+00,-0.000000000000000000e+00,-4.526593259971333216e-01
-0.000000000000000000e+00,-0.000000000000000000e+00,-5.290743199326807256e-01,-0.000000000000000000e+00,2.011304903962495505e+00,0.000000000000000000e+00,-0.000000000000000000e+00,5.861049576120852533e-01,-0.000000000000000000e+00,-0.000000000000000000e+00,-0.000000000000000000e+00,-1.825717996500499651e-01,-0.000000000000000000e+00,-0.000000000000000000e+00,-0.000000000000000000e+00,-0.000000000000000000e+00,-0.000000000000000000e+00,-0.000000000000000000e+00,-0.000000000000000000e+00,-0.000000000000000000e+00,-0.000000000000000000e+00,-0.000000000000000000e+00,-0.000000000000000000e+00,-0.000000000000000000e+00,-0.000000000000000000e+00,-0.000000000000000000e+00,-0.000000000000000000e+00,-3.500746311229689378e-01,0.000000000000000000e+00,-0.000000000000000000e+00,-2.199790334800147129e-01,-0.000000000000000000e+00,-0.000000000000000000e+00,-0.000000000000000000e+00,-0.000000000000000000e+00,-0.000000000000000000e+00,-0.000000000000000000e+00,-6.900187593067026726e-02,-0.000000000000000000e+00
0.000000000000000000e+00,-0.000000000000000000e+00,0.000000000000000000e+00,0.000000000000000000e+00,0.000000000000000000e+00,2.237399618562384784e+00,1.894144104832762299e-01,0.000000000000000000e+00,3.539159882466094698e-01,-0.000000000000000000e+00,-1.581828955053231345e-01,0.000000000000000000e+00,-0.000000000000000000e+00,-0.000000000000000000e+00,0.000000000000000000e+00,-0.000000000000000000e+00,-3.076728557835584632e-01,2.046609405376025037e-01,0.000000000000000000e+00,0.000000000000000000e+00,-0.000000000000000000e+00,0.000000000000000000e+00,0.000000000000000000e+00,0.000000000000000000e+00,-0.000000000000000000e+00,-0.000000000000000000e+00,-0.000000000000000000e+00,0.000000000000000000e+00,-4.359778823916197199e-01,0.000000000000000000e+00,-2.453476561932787792e-01,-5.269206095551248747e-02,-0.000000000000000000e+00,6.201506400669474020e-03,-1.395043658557498789e-01,-1.515883227495322949e-01,-2.548383325649521969e-01,0.000000000000000000e+00,7.381898729873664911e-02
0.000000000000000000e+00,0.000000000000000000e+00,-0.000000000000000000e+00,-4.635675490341619742e-01,-0.000000000000000000e+00,1.894144104832762299e-01,2.297785162428888306e+00,-0.000000000000000000e+00,-0.000000000000000000e+00,-0.000000000000000000e+00,0.000000000000000000e+00,-0.000000000000000000e+00,0.000000000000000000e+00,0.000000000000000000e+00,-0.000000000000000000e+00,0.000000000000000000e+00,2.621941704373788595e-01,-0.000000000000000000e+00,-1.622175019835443710e-01,-6.347673019043604814e-01,0.000000000000000000e+00,-5.782946771883015757e-02,-0.000000000000000000e+00,-0.000000000000000000e+00,0.000000000000000000e+00,0.000000000000000000e+00,0.000000000000000000e+00,-0.000000000000000000e+00,1.071103056248630669e-01,-0.000000000000000000e+00,0.000000000000000000e+00,0.000000000000000000e+00,0.000000000000000000e+00,-0.000000000000000000e+00,0.000000000000000000e+00,2.984369439425951787e-01,0.000000000000000000e+00,-0.000000000000000000e+00,-5.416395608944101214e-01
0.000000000000000000e+00,0.000000000000000000e+00,1.340579913490175468e+00,0.000000000000000000e+00,5.861049576120852533e-01,0.000000000000000000e+00,-0.000000000000000000e+00,2.815595838592256595e+00,-0.000000000000000000e+00,3.116195055551799764e-01,5.060111516672166632e-02,0.000000000000000000e+00,0.000000000000000000e+00,0.000000000000000000e+00,0.000000000000000000e+00,1.527252972590430469e-01,0.000000000000000000e+00,0.000000000000000000e+00,0.000000000000000000e+00,0.000000000000000000e+00,8.317724409268352492e-02,0.000000000000000000e+00,0.000000000000000000e+00,-0.000000000000000000e+00,3.236732202883135789e-02,3.218463172135500178e-02,0.000000000000000000e+00,0.000000000000000000e+00,0.000000000000000000e+00,0.000000000000000000e+00,0.000000000000000000e+00,0.000000000000000000e+00,2.418660722316611500e-01,0.000000000000000000e+00,0.000000000000000000e+00,8.067425530962703956e-03,0.000000000000000000e+00,0.000000000000000000e+00,0.000000000000000000e+00
-1.123753648264478877e-01,-0.000000000000000000e+00,-0.000000000000000000e+00,-0.000000000000000000e+00,-0.000000000000000000e+00,3.539159882466094698e-01,-0.000000000000000000e+00,-0.000000000000000000e+00,2.582162561370184406e+00,0.000000000000000000e+00,0.000000000000000000e+00,-0.000000000000000000e+00,2.366636248362244954e-01,0.000000000000000000e+00,-0.000000000000000000e+00,0.000000000000000000e+00,0.000000000000000000e+00,-3.213351453870378904e-01,-5.058342634436493457e-01,-0.000000000000000000e+00,0.000000000000000000e+00,0.000000000000000000e+00,-3.032561440743402614e-01,-2.454852287230923497e-02,0.000000000000000000e+00,-0.000000000000000000e+00,0.000000000000000000e+00,-0.000000000000000000e+00,0.000000000000000000e+00,-0.000000000000000000e+00,0.000000000000000000e+00,0.000000000000000000e+00,0.000000000000000000e+00,-4.622903933220922634e-01,0.000000000000000000e+00,0.000000000000000000e+00,0.000000000000000000e+00,-6.095346043617160259e-01,-1.927792862733039292e-01
-0.000000000000000000e+00,-0.000000000000000000e+00,-1.542298606058367383e-01,-1.165249311297221896e-01,-0.000000000000000000e+00,-0.000000000000000000e+00,-0.000000000000000000e+00,3.116195055551799764e-01,0.000000000000000000e+00,2.586028147323479853e+00,-2.276571262681838584e-02,-2.477853123844830918e-01,-0.000000000000000000e+00,-2.633743384311779904e-03,-0.000000000000000000e+00,-9.377537699604383548e-01,-0.000000000000000000e+00,-0.000000000000000000e+00,0.000000000000000000e+00,-0.000000000000000000e+00,-1.077239736681731702e-01,-0.000000000000000000e+00,-0.000000000000000000e+00,0.000000000000000000e+00,-7.497881018860543811e-01,-0.000000000000000000e+00,-0.000000000000000000e+00,-0.000000000000000000e+00,-0.000000000000000000e+00,-0.000000000000000000e+00,-0.000000000000000000e+00,-0.000000000000000000e+00,-3.687428431658761052e-02,0.000000000000000000e+00,-0.000000000000000000e+00,-0.000000000000000000e+00,-0.000000000000000000e+00,-0.000000000000000000e+00,-0.000000000000000000e+00
-0.000000000000000000e+00,-0.000000000000000000e+00,-0.000000000000000000e+00,0.000000000000000000e+00,-0.000000000000000000e+00,-1.581828955053231345e-01,0.000000000000000000e+00,5.060111516672166632e-02,0.000000000000000000e+00,-2.276571262681838584e-02,1.675275560878998649e+00,-0.000000000000000000e+00,0.000000000000000000e+00,-1.043711234157022605e-01,-0.000000000000000000e+00,-0.000000000000000000e+00,-7.273192271844383106e-01,0.000000000000000000e+00,0.000000000000000000e+00,-0.000000000000000000e+00,-0.000000000000000000e+00,-0.000000000000000000e+00,-0.000000000000000000e+00,0.000000000000000000e+00,-3.043227194141870373e-01,-0.000000000000000000e+00,-0.000000000000000000e+00,-0.000000000000000000e+00,-0.000000000000000000e+00,-5.963183091869075220e-02,-0.000000000000000000e+00,-0.000000000000000000e+00,-0.000000000000000000e+00,0.000000000000000000e+00,-0.000000000000000000e+00,-0.000000000000000000e+00,-0.000000000000000000e+00,-0.000000000000000000e+00,0.000000000000000000e+00
0.000000000000000000e+00,0.000000000000000000e+00,-3.565939500318206501e-01,-3.291404109007170509e-01,-1.825717996500499651e-01,0.000000000000000000e+00,-0.000000000000000000e+00,0.000000000000000000e+00,-0.000000000000000000e+00,-2.477853123844830918e-01,-0.000000000000000000e+00,2.059532409285923737e+00,0.000000000000000000e+00,-0.000000000000000000e+00,-1.937129253188568101e-01,-0.000000000000000000e+00,0.000000000000000000e+00,-1.346574140755437132e-01,-0.000000000000000000e+00,-0.000000000000000000e+00,-0.000000000000000000e+00,-0.000000000000000000e+00,-2.533077195628113953e-02,-0.000000000000000000e+00,-0.000000000000000000e+00,-0.000000000000000000e+00,-0.000000000000000000e+00,-0.000000000000000000e+00,0.000000000000000000e+00,-3.620018916119753238e-01,0.000000000000000000e+00,0.000000000000000000e+00,-0.000000000000000000e+00,-0.000000000000000000e+00,0.000000000000000000e+00,0.000000000000000000e+00,0.000000000000000000e+00,-5.127194852274362391e-02,-3.025514171423168697e-01
0.000000000000000000e+00,-0.000000000000000000e+00,-0.000000000000000000e+00,0.000000000000000000e+00,-0.000000000000000000e+00,-0.000000000000000000e+00,0.000000000000000000e+00,0.000000000000000000e+00,2.366636248362244954e-01,-0.000000000000000000e+00,0.000000000000000000e+00,0.000000000000000000e+00,1.474606753081911359e+00,-1.055948611614755672e-02,1.337377010495848784e-01,-0.000000000000000000e+00,-0.000000000000000000e+00,0.000000000000000000e+00,0.000000000000000000e+00,-0.000000000000000000e+00,-7.295124215135008472e-02,-3.146397689694934718e-01,0.000000000000000000e+00,-0.000000000000000000e+00,-0.000000000000000000e+00,-4.519835954439590381e-02,-3.078882222030905891e-01,0.000000000000000000e+00,-0.000000000000000000e+00,0.000000000000000000e+00,-2.562991634808397534e-01,-0.000000000000000000e+00,-0.000000000000000000e+00,0.000000000000000000e+00,-1.703084692550362322e-01,-0.000000000000000000e+00,-0.000000000000000000e+00,0.000000000000000000e+00,0.000000000000000000e+00
-0.000000000000000000e+00,-2.525575919654671209e-02,-0.000000000000000000e+00,0.000000000000000000e+00,-0.000000000000000000e+00,-0.000000000000000000e+00,0.000000000000000000e+00,0.000000000000000000e+00,0.000000000000000000e+00,-2.633743384311779904e-03,-1.043711234157022605e-01,-0.000000000000000000e+00,-1.055948611614755672e-02,1.730443322189012312e+00,0.000000000000000000e+00,-0.000000000000000000e+00,-1.137550267671673110e-01,0.000000000000000000e+00,0.000000000000000000e+00,-0.000000000000000000e+00,-0.000000000000000000e+00,-2.091092916289618436e-02,-0.000000000000000000e+00,-3.909423969568164015e-03,-2.506666821037628612e-01,-0.000000000000000000e+00,-1.971275023908100332e-01,-0.000000000000000000e+00,-2.191898869110044668e-01,-0.000000000000000000e+00,-2.111395587368469773e-01,-2.102589985197942934e-01,-1.294812800317145796e-01,0.000000000000000000e+00,-9.138791520163727644e-02,-0.000000000000000000e+00,-1.796389093290724215e-01,-0.000000000000000000e+00,0.000000000000000000e+00
-0.000000000000000000e+00,0.000000000000000000e+00,-0.000000000000000000e+00,-4.718591220997175179e-02,-0.000000000000000000e+00,0.000000000000000000e+00,-0.000000000000000000e+00,0.000000000000000000e+00,-0.000000000000000000e+00,-0.000000000000000000e+00,-0.000000000000000000e+00,-1.937129253188568101e-01,1.337377010495848784e-01,0.000000000000000000e+00,1.399266302974594645e+00,-1.771729796812580027e-01,-0.000000000000000000e+00,-0.000000000000000000e+00,-0.000000000000000000e+00,0.000000000000000000e+00,0.000000000000000000e+00,0.000000000000000000e+00,-0.000000000000000000e+00,-0.000000000000000000e+00,-0.000000000000000000e+00,0.000000000000000000e+00,0.000000000000000000e+00,-0.000000000000000000e+00,0.000000000000000000e+00,-2.535016300342335382e-01,0.000000000000000000e+00,1.813660149005399524e-03,-0.000000000000000000e+00,-0.000000000000000000e+00,6.092645703471465807e-02,9.153490595929498694e-03,0.000000000000000000e+00,-0.000000000000000000e+00,-2.851927004416579536e-01
-0.000000000000000000e+00,-0.000000000000000000e+00,-1.180700153962569582e-01,-0.000000000000000000e+00,-0.000000000000000000e+00,-0.000000000000000000e+00,0.000000000000000000e+00,1.527252972590430469e-01,0.000000000000000000e+00,-9.377537699604383548e-01,-0.000000000000000000e+00,-0.000000000000000000e+00,-0.000000000000000000e+00,-0.000000000000000000e+00,-1.771729796812580027e-01,2.434847417806517367e+00,-1.660684043745840333e-01,-0.000000000000000000e+00,-0.000000000000000000e+00,-0.000000000000000000e+00,-0.000000000000000000e+00,-0.000000000000000000e+00,-0.000000000000000000e+00,0.000000000000000000e+00,-3.237499236874868402e-01,-0.000000000000000000e+00,0.000000000000000000e+00,-4.318252514998747738e-01,0.000000000000000000e+00,-1.839378534624528105e-01,-0.000000000000000000e+00,-0.000000000000000000e+00,-1.232565005577681561e-01,0.000000000000000000e+00,0.000000000000000000e+00,-0.000000000000000000e+00,-0.000000000000000000e+00,-0.000000000000000000e+00,-0.000000000000000000e+00
-0.000000000000000000e+00,-0.000000000000000000e+00,-0.000000000000000000e+00,0.000000000000000000e+00,-0.000000000000000000e+00,-3.076728557835584632e-01,2.621941704373788595e-01,0.000000000000000000e+00,0.000000000000000000e+00,-0.000000000000000000e+00,-7.273192271844383106e-01,0.000000000000000000e+00,-0.000000000000000000e+00,-1.137550267671673110e-01,-0.000000000000000000e+00,-1.660684043745840333e-01,1.939116645328352595e+00,0.000000000000000000e+00,0.000000000000000000e+00,0.000000000000000000e+00,-0.000000000000000000e+00,0.000000000000000000e+00,-0.000000000000000000e+00,-0.000000000000000000e+00,-4.728400311100430797e-02,-1.080589851711474536e-01,-0.000000000000000000e+00,-1.093134819897580018e-01,-0.000000000000000000e+00,-0.000000000000000000e+00,-0.000000000000000000e+00,-5.396060218022740579e-02,-4.662831865514020790e-02,0.000000000000000000e+00,-0.000000000000000000e+00,-0.000000000000000000e+00,-1.702903986975755624e-01,-0.000000000000000000e+00,0.000000000000000000e+00
-0.000000000000000000e+00,-0.000000000000000000e+00,-2.000905401684070772e-01,-2.823224872239777361e-01,-0.000000000000000000e+00,2.046609405376025037e-01,-0.000000000000000000e+00,0.000000000000000000e+00,-3.213351453870378904e-01,-0.000000000000000000e+00,0.000000000000000000e+00,-1.346574140755437132e-01,0.000000000000000000e+00,0.000000000000000000e+00,-0.000000000000000000e+00,-0.000000000000000000e+00,0.000000000000000000e+00,2.595104837066291470e+00,-6.875444476255828663e-01,-0.000000000000000000e+00,-0.000000000000000000e+00,-0.000000000000000000e+00,-1.257533291604722714e-01,-0.000000000000000000e+00,-0.000000000000000000e+00,-0.000000000000000000e+00,0.000000000000000000e+00,-2.562223244969581010e-02,2.593627740188524378e-01,-2.512650325527829853e-01,0.000000000000000000e+00,0.000000000000000000e+00,-0.000000000000000000e+00,-0.000000000000000000e+00,0.000000000000000000e+00,0.000000000000000000e+00,0.000000000000000000e+00,-2.538322398044288719e-01,-2.930034688530754328e-01
-0.000000000000000000e+00,-0.000000000000000000e+00,-0.000000000000000000e+00,-0.000000000000000000e+00,-0.000000000000000000e+00,0.000000000000000000e+00,-1.622175019835443710e-01,0.000000000000000000e+00,-5.058342634436493457e-01,0.000000000000000000e+00,0.000000000000000000e+00,-0.000000000000000000e+00,0.000000000000000000e+00,0.000000000000000000e+00,-0.000000000000000000e+00,-0.000000000000000000e+00,0.000000000000000000e+00,-6.875444476255828663e-01,1.964913248016387337e+00,-5.757549335643232652e-02,0.000000000000000000e+00,-2.266736128425634971e-04,-0.000000000000000000e+00,-9.507326828233084171e-02,0.000000000000000000e+00,-0.000000000000000000e+00,-0.000000000000000000e+00,-0.000000000000000000e+00,3.482954928424649571e-02,-0.000000000000000000e+00,0.000000000000000000e+00,0.000000000000000000e+00,0.000000000000000000e+00,-4.028956076819582149e-02,0.000000000000000000e+00,0.000000000000000000e+00,0.000000000000000000e+00,-1.415779260758604496e-01,-5.596267261759102496e-02
0.000000000000000000e+00,0.000000000000000000e+00,-1.290367019614652999e-01,-0.000000000000000000e+00,-0.000000000000000000e+00,0.000000000000000000e+00,-6.347673019043604814e-01,0.000000000000000000e+00,-0.000000000000000000e+00,-0.000000000000000000e+00,-0.000000000000000000e+00,-0.000000000000000000e+00,-0.000000000000000000e+00,-0.000000000000000000e+00,0.000000000000000000e+00,-0.000000000000000000e+00,0.000000000000000000e+00,-0.000000000000000000e+00,-5.757549335643232652e-02,1.652003202944060112e+00,-0.000000000000000000e+00,-5.829716211100275380e-01,-1.062441766421060030e-02,-0.000000000000000000e+00,0.000000000000000000e+00,0.000000000000000000e+00,-0.000000000000000000e+00,-0.000000000000000000e+00,0.000000000000000000e+00,-0.000000000000000000e+00,0.000000000000000000e+00,0.000000000000000000e+00,0.000000000000000000e+00,-0.000000000000000000e+00,0.000000000000000000e+00,0.000000000000000000e+00,9.083877514876359180e-03,0.000000000000000000e+00,-0.000000000000000000e+00
0.000000000000000000e+00,-0.000000000000000000e+00,-2.388883618469136993e-01,-0.000000000000000000e+00,-0.000000000000000000e+00,-0.000000000000000000e+00,0.000000000000000000e+00,8.317724409268352492e-02,0.000000000000000000e+00,-1.077239736681731702e-01,-0.000000000000000000e+00,-0.000000000000000000e+00,-7.295124215135008472e-02,-0.000000000000000000e+00,0.000000000000000000e+00,-0.000000000000000000e+00,-0.000000000000000000e+00,-0.000000000000000000e+00,0.000000000000000000e+00,-0.000000000000000000e+00,1.688570790540380173e+00,-3.135946769539453838e-01,-0.000000000000000000e+00,0.000000000000000000e+00,-0.000000000000000000e+00,-0.000000000000000000e+00,-0.000000000000000000e+00,-0.000000000000000000e+00,-0.000000000000000000e+00,0.000000000000000000e+00,-0.000000000000000000e+00,-0.000000000000000000e+00,-6.183356363812657630e-01,1.094782275003903099e-01,0.000000000000000000e+00,-7.932870755291124287e-02,-0.000000000000000000e+00,0.000000000000000000e+00,0.000000000000000000e+00
0.000000000000000000e+00,-3.293091515536950009e-02,-1.788041223363200649e-01,-5.657799781750004475e-02,-0.000000000000000000e+00,0.000000000000000000e+00,-5.782946771883015757e-02,0.000000000000000000e+00,0.000000000000000000e+00,-0.000000000000000000e+00,-0.000000000000000000e+00,-0.000000000000000000e+00,-3.146397689694934718e-01,-2.091092916289618436e-02,0.000000000000000000e+00,-0.000000000000000000e+00,0.000000000000000000e+00,-0.000000000000000000e+00,-2.266736128425634971e-04,-5.829716211100275380e-01,-3.135946769539453838e-01,1.608049569425719527e+00,-0.000000000000000000e+00,-0.000000000000000000e+00,-0.000000000000000000e+00,-0.000000000000000000e+00,-9.121662091273609330e-02,0.000000000000000000e+00,-0.000000000000000000e+00,0.000000000000000000e+00,-0.000000000000000000e+00,-0.000000000000000000e+00,-0.000000000000000000e+00,-0.000000000000000000e+00,-0.000000000000000000e+00,-0.000000000000000000e+00,0.000000000000000000e+00,-0.000000000000000000e+00,-1.015493695016947071e-02
-0.000000000000000000e+00,-2.123909870271532482e-02,-5.045232714904268612e-02,-0.000000000000000000e+00,-0.000000000000000000e+00,0.000000000000000000e+00,-0.000000000000000000e+00,0.000000000000000000e+00,-3.032561440743402614e-01,-0.000000000000000000e+00,-0.000000000000000000e+00,-2.533077195628113953e-02,0.000000000000000000e+00,-0.000000000000000000e+00,-0.000000000000000000e+00,-0.000000000000000000e+00,-0.000000000000000000e+00,-1.257533291604722714e-01,-0.000000000000000000e+00,-1.062441766421060030e-02,-0.000000000000000000e+00,-0.000000000000000000e+00,1.463929708938663365e+00,-1.206984690584537029e-01,-5.352801252854298003e-02,-0.000000000000000000e+00,-0.000000000000000000e+00,-0.000000000000000000e+00,0.000000000000000000e+00,-2.957324654825248533e-01,0.000000000000000000e+00,-0.000000000000000000e+00,-0.000000000000000000e+00,-0.000000000000000000e+00,0.000000000000000000e+00,-0.000000000000000000e+00,-0.000000000000000000e+00,-7.229909124659102126e-02,-1.574714392734481994e-01
-0.000000000000000000e+00,-0.000000000000000000e+00,0.000000000000000000e+00,-0.000000000000000000e+00,-0.000000000000000000e+00,0.000000000000000000e+00,-0.000000000000000000e+00,-0.000000000000000000e+00,-2.454852287230923497e-02,0.000000000000000000e+00,0.000000000000000000e+00,-0.000000000000000000e+00,-0.000000000000000000e+00,-3.909423969568164015e-03,-0.000000000000000000e+00,0.000000000000000000e+00,-0.000000000000000000e+00,-0.000000000000000000e+00,-9.507326828233084171e-02,-0.000000000000000000e+00,0.000000000000000000e+00,-0.000000000000000000e+00,-1.206984690584537029e-01,1.070870124613955809e+00,0.000000000000000000e+00,-0.000000000000000000e+00,-0.000000000000000000e+00,-0.000000000000000000e+00,0.000000000000000000e+00,-0.000000000000000000e+00,-0.000000000000000000e+00,-0.000000000000000000e+00,0.000000000000000000e+00,-1.352773371084896592e-01,-0.000000000000000000e+00,0.000000000000000000e+00,-0.000000000000000000e+00,-0.000000000000000000e+00,-0.000000000000000000e+00
-0.000000000000000000e+00,-0.000000000000000000e+00,-0.000000000000000000e+00,-0.000000000000000000e+00,-0.000000000000000000e+00,-0.000000000000000000e+00,0.000000000000000000e+00,3.236732202883135789e-02,0.000000000000000000e+00,-7.497881018860543811e-01,-3.043227194141870373e-01,-0.000000000000000000e+00,-0.000000000000000000e+00,-2.506666821037628612e-01,-0.000000000000000000e+00,-3.237499236874868402e-01,-4.728400311100430797e-02,-0.000000000000000000e+00,0.000000000000000000e+00,0.000000000000000000e+00,-0.000000000000000000e+00,-0.000000000000000000e+00,-5.352801252854298003e-02,0.000000000000000000e+00,2.082619076880109610e+00,-0.000000000000000000e+00,-0.000000000000000000e+00,-0.000000000000000000e+00,-0.000000000000000000e+00,-0.000000000000000000e+00,-0.000000000000000000e+00,-0.000000000000000000e+00,-2.049798368352556410e-01,3.141396811308051762e-02,-0.000000000000000000e+00,-1.813535868241072380e-01,-2.208175136543977235e-02,-0.000000000000000000e+00,-0.000000000000000000e+00
-1.492515076816775532e-01,-2.324305847892646493e-01,-4.919978483643225493e-03,0.000000000000000000e+00,-0.000000000000000000e+00,-0.000000000000000000e+00,0.000000000000000000e+00,3.218463172135500178e-02,-0.000000000000000000e+00,-0.000000000000000000e+00,-0.000000000000000000e+00,-0.000000000000000000e+00,-4.519835954439590381e-02,-0.000000000000000000e+00,0.000000000000000000e+00,-0.000000000000000000e+00,-1.080589851711474536e-01,-0.000000000000000000e+00,-0.000000000000000000e+00,0.000000000000000000e+00,-0.000000000000000000e+00,-0.000000000000000000e+00,-0.000000000000000000e+00,-0.000000000000000000e+00,-0.000000000000000000e+00,1.895662022338967079e+00,-7.946898349378875848e-01,-1.383633181560121883e-01,-0.000000000000000000e+00,-0.000000000000000000e+00,-1.149275006268140747e-01,-9.261740728758538488e-02,-3.363827399642108085e-02,-0.000000000000000000e+00,-1.137203063518517632e-01,-1.222404712127212328e-01,-0.000000000000000000e+00,-8.420009816482811049e-02,0.000000000000000000e+00
-0.000000000000000000e+00,-0.000000000000000000e+00,-7.714458789001861667e-03,0.000000000000000000e+00,-0.000000000000000000e+00,-0.000000000000000000e+00,0.000000000000000000e+00,0.000000000000000000e+00,0.000000000000000000e+00,-0.000000000000000000e+00,-0.000000000000000000e+00,-0.000000000000000000e+00,-3.078882222030905891e-01,-1.971275023908100332e-01,0.000000000000000000e+00,0.000000000000000000e+00,-0.000000000000000000e+00,0.000000000000000000e+00,-0.000000000000000000e+00,-0.000000000000000000e+00,-0.000000000000000000e+00,-9.121662091273609330e-02,-0.000000000000000000e+00,-0.000000000000000000e+00,-0.000000000000000000e+00,-7.946898349378875848e-01,1.741665456978535698e+00,-0.000000000000000000e+00,-3.069620366718082971e-02,0.000000000000000000e+00,-1.793348241232957385e-02,-1.723243317306388106e-02,-0.000000000000000000e+00,-0.000000000000000000e+00,-0.000000000000000000e+00,-8.636494007681939922e-02,-0.000000000000000000e+00,-0.000000000000000000e+00,-0.000000000000000000e+00
-0.000000000000000000e+00,0.000000000000000000e+00,-0.000000000000000000e+00,0.000000000000000000e+00,-3.500746311229689378e-01,0.000000000000000000e+00,-0.000000000000000000e+00,0.000000000000000000e+00,-0.000000000000000000e+00,-0.000000000000000000e+00,-0.000000000000000000e+00,-0.000000000000000000e+00,0.000000000000000000e+00,-0.000000000000000000e+00,-0.000000000000000000e+00,-4.318252514998747738e-01,-1.093134819897580018e-01,-2.562223244969581010e-02,-0.000000000000000000e+00,-0.000000000000000000e+00,-0.000000000000000000e+00,0.000000000000000000e+00,-0.000000000000000000e+00,-0.000000000000000000e+00,-0.000000000000000000e+00,-1.383633181560121883e-01,-0.000000000000000000e+00,1.828655252024154354e+00,0.000000000000000000e+00,-6.708541176939714079e-01,-0.000000000000000000e+00,0.000000000000000000e+00,-0.000000000000000000e+00,-0.000000000000000000e+00,0.000000000000000000e+00,0.000000000000000000e+00,-0.000000000000000000e+00,-0.000000000000000000e+00,-0.000000000000000000e+00
-0.000000000000000000e+00,-0.000000000000000000e+00,0.000000000000000000e+00,0.000000000000000000e+00,0.000000000000000000e+00,-4.359778823916197199e-01,1.071103056248630669e-01,0.000000000000000000e+00,0.000000000000000000e+00,-0.000000000000000000e+00,-0.000000000000000000e+00,0.000000000000000000e+00,-0.000000000000000000e+00,-2.191898869110044668e-01,0.000000000000000000e+00,0.000000000000000000e+00,-0.000000000000000000e+00,2.593627740188524378e-01,3.482954928424649571e-02,0.000000000000000000e+00,-0.000000000000000000e+00,-0.000000000000000000e+00,0.000000000000000000e+00,0.000000000000000000e+00,-0.000000000000000000e+00,-0.000000000000000000e+00,-3.069620366718082971e-02,0.000000000000000000e+00,2.443343218562766150e+00,1.044902701783048393e-01,-0.000000000000000000e+00,-7.456910431537491224e-01,-0.000000000000000000e+00,0.000000000000000000e+00,-0.000000000000000000e+00,-3.494160813584106795e-01,-3.684522595006102796e-01,-0.000000000000000000e+00,0.000000000000000000e+00
-0.000000000000000000e+00,0.000000000000000000e+00,-0.000000000000000000e+00,-0.000000000000000000e+00,-0.000000000000000000e+00,0.000000000000000000e+00,-0.000000000000000000e+00,0.000000000000000000e+00,-0.000000000000000000e+00,-0.000000000000000000e+00,-5.963183091869075220e-02,-3.620018916119753238e-01,0.000000000000000000e+00,-0.000000000000000000e+00,-2.535016300342335382e-01,-1.839378534624528105e-01,-0.000000000000000000e+00,-2.512650325527829853e-01,-0.000000000000000000e+00,-0.000000000000000000e+00,0.000000000000000000e+00,0.000000000000000000e+00,-2.957324654825248533e-01,-0.000000000000000000e+00,-0.000000000000000000e+00,-0.000000000000000000e+00,0.000000000000000000e+00,-6.708541176939714079e-01,1.044902701783048393e-01,2.011155411268426008e+00,0.000000000000000000e+00,0.000000000000000000e+00,-0.000000000000000000e+00,-0.000000000000000000e+00,0.000000000000000000e+00,0.000000000000000000e+00,-0.000000000000000000e+00,-9.697721033602593006e-04,-0.000000000000000000e+00
-0.000000000000000000e+00,-0.000000000000000000e+00,-0.000000000000000000e+00,5.915180068637976296e-03,-2.199790334800147129e-01,-2.453476561932787792e-01,0.000000000000000000e+00,0.000000000000000000e+00,0.000000000000000000e+00,-0.000000000000000000e+00,-0.000000000000000000e+00,0.000000000000000000e+00,-2.562991634808397534e-01,-2.111395587368469773e-01,0.000000000000000000e+00,-0.000000000000000000e+00,-0.000000000000000000e+00,0.000000000000000000e+00,0.000000000000000000e+00,0.000000000000000000e+00,-0.000000000000000000e+00,-0.000000000000000000e+00,0.000000000000000000e+00,-0.000000000000000000e+00,-0.000000000000000000e+00,-1.149275006268140747e-01,-1.793348241232957385e-02,-0.000000000000000000e+00,-0.000000000000000000e+00,0.000000000000000000e+00,1.405072511375774269e+00,-5.325076854056325776e-02,-0.000000000000000000e+00,0.000000000000000000e+00,-5.184921351682593438e-02,-0.000000000000000000e+00,-0.000000000000000000e+00,0.000000000000000000e+00,8.436450171875990722e-02
-1.235860376575573932e-02,-1.823555731037407035e-01,-0.000000000000000000e+00,0.000000000000000000e+00,-0.000000000000000000e+00,-5.269206095551248747e-02,0.000000000000000000e+00,0.000000000000000000e+00,0.000000000000000000e+00,-0.000000000000000000e+00,-0.000000000000000000e+00,0.000000000000000000e+00,-0.000000000000000000e+00,-2.102589985197942934e-01,1.813660149005399524e-03,-0.000000000000000000e+00,-5.396060218022740579e-02,0.000000000000000000e+00,0.000000000000000000e+00,0.000000000000000000e+00,-0.000000000000000000e+00,-0.000000000000000000e+00,-0.000000000000000000e+00,-0.000000000000000000e+00,-0.000000000000000000e+00,-9.261740728758538488e-02,-1.723243317306388106e-02,0.000000000000000000e+00,-7.456910431537491224e-01,0.000000000000000000e+00,-5.325076854056325776e-02,2.152312103863835535e+00,-0.000000000000000000e+00,0.000000000000000000e+00,-3.123065385586548670e-01,-9.448819175612871435e-02,-2.850743075805408644e-01,-0.000000000000000000e+00,0.000000000000000000e+00
-0.000000000000000000e+00,-5.183903432476256318e-02,-2.028928976948766658e-02,0.000000000000000000e+00,-0.000000000000000000e+00,-0.000000000000000000e+00,0.000000000000000000e+00,2.418660722316611500e-01,0.000000000000000000e+00,-3.687428431658761052e-02,-0.000000000000000000e+00,-0.000000000000000000e+00,-0.000000000000000000e+00,-1.294812800317145796e-01,-0.000000000000000000e+00,-1.232565005577681561e-01,-4.662831865514020790e-02,-0.000000000000000000e+00,0.000000000000000000e+00,0.000000000000000000e+00,-6.183356363812657630e-01,-0.000000000000000000e+00,-0.000000000000000000e+00,0.000000000000000000e+00,-2.049798368352556410e-01,-3.363827399642108085e-02,-0.000000000000000000e+00,-0.000000000000000000e+00,-0.000000000000000000e+00,-0.000000000000000000e+00,-0.000000000000000000e+00,-0.000000000000000000e+00,1.787843458070569991e+00,0.000000000000000000e+00,-0.000000000000000000e+00,-2.385294400131844350e-01,-0.000000000000000000e+00,-0.000000000000000000e+00,0.000000000000000000e+00
0.000000000000000000e+00,0.000000000000000000e+00,-0.000000000000000000e+00,-0.000000000000000000e+00,-0.000000000000000000e+00,6.201506400669474020e-03,-0.000000000000000000e+00,0.000000000000000000e+00,-4.622903933220922634e-01,0.000000000000000000e+00,0.000000000000000000e+00,-0.000000000000000000e+00,0.000000000000000000e+00,0.000000000000000000e+00,-0.000000000000000000e+00,0.000000000000000000e+00,0.000000000000000000e+00,-0.000000000000000000e+00,-4.028956076819582149e-02,-0.000000000000000000e+00,1.094782275003903099e-01,-0.000000000000000000e+00,-0.000000000000000000e+00,-1.352773371084896592e-01,3.141396811308051762e-02,-0.000000000000000000e+00,-0.000000000000000000e+00,-0.000000000000000000e+00,0.000000000000000000e+00,-0.000000000000000000e+00,0.000000000000000000e+00,0.000000000000000000e+00,0.000000000000000000e+00,1.392244867034226008e+00,0.000000000000000000e+00,1.188571262175387028e-01,0.000000000000000000e+00,-9.842764804496120790e-02,-1.405098943519547672e-01
-0.000000000000000000e+00,-1.000399825574016938e-01,0.000000000000000000e+00,0.000000000000000000e+00,-0.000000000000000000e+00,-1.395043658557498789e-01,0.000000000000000000e+00,0.000000000000000000e+00,0.000000000000000000e+00,-0.000000000000000000e+00,-0.000000000000000000e+00,0.000000000000000000e+00,-1.703084692550362322e-01,-9.138791520163727644e-02,6.092645703471465807e-02,0.000000000000000000e+00,-0.000000000000000000e+00,0.000000000000000000e+00,0.000000000000000000e+00,0.000000000000000000e+00,0.000000000000000000e+00,-0.000000000000000000e+00,0.000000000000000000e+00,-0.000000000000000000e+00,-0.000000000000000000e+00,-1.137203063518517632e-01,-0.000000000000000000e+00,0.000000000000000000e+00,-0.000000000000000000e+00,0.000000000000000000e+00,-5.184921351682593438e-02,-3.123065385586548670e-01,-0.000000000000000000e+00,0.000000000000000000e+00,2.214757563996861300e+00,-2.477675571694790690e-01,-9.289638121784274949e-01,0.000000000000000000e+00,0.000000000000000000e+00
-0.000000000000000000e+00,-3.691992076861334016e-01,-0.000000000000000000e+00,0.000000000000000000e+00,-0.000000000000000000e+00,-1.515883227495322949e-01,2.984369439425951787e-01,8.067425530962703956e-03,0.000000000000000000e+00,-0.000000000000000000e+00,-0.000000000000000000e+00,0.000000000000000000e+00,-0.000000000000000000e+00,-0.000000000000000000e+00,9.153490595929498694e-03,-0.000000000000000000e+00,-0.000000000000000000e+00,0.000000000000000000e+00,0.000000000000000000e+00,0.000000000000000000e+00,-7.932870755291124287e-02,-0.000000000000000000e+00,-0.000000000000000000e+00,0.000000000000000000e+00,-1.813535868241072380e-01,-1.222404712127212328e-01,-8.636494007681939922e-02,0.000000000000000000e+00,-3.494160813584106795e-01,0.000000000000000000e+00,-0.000000000000000000e+00,-9.448819175612871435e-02,-2.385294400131844350e-01,1.188571262175387028e-01,-2.477675571694790690e-01,2.101490152398287847e+00,-1.693185678464850796e-01,-0.000000000000000000e+00,0.000000000000000000e+00
-0.000000000000000000e+00,-3.096468175465215411e-02,-0.000000000000000000e+00,0.000000000000000000e+00,-0.000000000000000000e+00,-2.548383325649521969e-01,0.000000000000000000e+00,0.000000000000000000e+00,0.000000000000000000e+00,-0.000000000000000000e+00,-0.000000000000000000e+00,0.000000000000000000e+00,-0.000000000000000000e+00,-1.796389093290724215e-01,0.000000000000000000e+00,-0.000000000000000000e+00,-1.702903986975755624e-01,0.000000000000000000e+00,0.000000000000000000e+00,9.083877514876359180e-03,-0.000000000000000000e+00,0.000000000000000000e+00,-0.000000000000000000e+00,-0.000000000000000000e+00,-2.208175136543977235e-02,-0.000000000000000000e+00,-0.000000000000000000e+00,-0.000000000000000000e+00,-3.684522595006102796e-01,-0.000000000000000000e+00,-0.000000000000000000e+00,-2.850743075805408644e-01,-0.000000000000000000e+00,0.000000000000000000e+00,-9.289638121784274949e-01,-1.693185678464850796e-01,2.432121046472168313e+00,-0.000000000000000000e+00,0.000000000000000000e+00
-2.186670159318748474e-01,-1.997912869211626863e-01,-0.000000000000000000e+00,-0.000000000000000000e+00,-6.900187593067026726e-02,0.000000000000000000e+00,-0.000000000000000000e+00,0.000000000000000000e+00,-6.095346043617160259e-01,-0.000000000000000000e+00,-0.000000000000000000e+00,-5.127194852274362391e-02,0.000000000000000000e+00,-0.000000000000000000e+00,-0.000000000000000000e+00,-0.000000000000000000e+00,-0.000000000000000000e+00,-2.538322398044288719e-01,-1.415779260758604496e-01,0.000000000000000000e+00,0.000000000000000000e+00,-0.000000000000000000e+00,-7.229909124659102126e-02,-0.000000000000000000e+00,-0.000000000000000000e+00,-8.420009816482811049e-02,-0.000000000000000000e+00,-0.000000000000000000e+00,-0.000000000000000000e+00,-9.697721033602593006e-04,0.000000000000000000e+00,-0.000000000000000000e+00,-0.000000000000000000e+00,-9.842764804496120790e-02,0.000000000000000000e+00,-0.000000000000000000e+00,-0.000000000000000000e+00,1.933486719099460904e+00,-2.830682697946624859e-01
-0.000000000000000000e+00,-0.000000000000000000e+00,-0.000000000000000000e+00,-4.526593259971333216e-01,-0.000000000000000000e+00,7.381898729873664911e-02,-5.416395608944101214e-01,0.000000000000000000e+00,-1.927792862733039292e-01,-0.000000000000000000e+00,0.000000000000000000e+00,-3.025514171423168697e-01,0.000000000000000000e+00,0.000000000000000000e+00,-2.851927004416579536e-01,-0.000000000000000000e+00,0.000000000000000000e+00,-2.930034688530754328e-01,-5.596267261759102496e-02,-0.000000000000000000e+00,0.000000000000000000e+00,-1.015493695016947071e-02,-1.574714392734481994e-01,-0.000000000000000000e+00,-0.000000000000000000e+00,0.000000000000000000e+00,-0.000000000000000000e+00,-0.000000000000000000e+00,0.000000000000000000e+00,-0.000000000000000000e+00,8.436450171875990722e-02,0.000000000000000000e+00,0.000000000000000000e+00,-1.405098943519547672e-01,0.000000000000000000e+00,0.000000000000000000e+00,0.000000000000000000e+00,-2.830682697946624859e-01,2.481708230578246077e+00
