2.940897767781740946e+00,-4.587168492429585243e-01,-7.161262040178373312e-02,0.000000000000000000e+00,-0.000000000000000000e+00,-0.000000000000000000e+00,0.000000000000000000e+00,0.000000000000000000e+00,-0.000000000000000000e+00,-0.000000000000000000e+00,-0.000000000000000000e+00,-0.000000000000000000e+00,0.000000000000000000e+00,-0.000000000000000000e+00,-0.000000000000000000e+00,-2.096374119984978635e-01,-0.000000000000000000e+00,-0.000000000000000000e+00,-0.000000000000000000e+00,-0.000000000000000000e+00,-0.000000000000000000e+00,-0.000000000000000000e+00,-0.000000000000000000e+00,-0.000000000000000000e+00,-0.000000000000000000e+00,-4.714629603014609538e-01,-0.000000000000000000e+00,-1.965498037514398499e-01,-2.211365613123935092e-01,-0.000000000000000000e+00,-0.000000000000000000e+00,-2.328602515537182283e-01,-0.000000000000000000e+00,-0.000000000000000000e+00,-2.949638066946825288e-01,-3.832100322868654541e-01,-5.104462745511306743e-01,-0.000000000000000000e+00,0.000000000000000000e+00
-4.587168492429585243e-01,2.495807091396981203e+00,-0.000000000000000000e+00,-0.000000000000000000e+00,-0.000000000000000000e+00,-0.000000000000000000e+00,-0.000000000000000000e+00,0.000000000000000000e+00,-9.164541946331429545e-02,-0.000000000000000000e+00,-0.000000000000000000e+00,-3.372578661974241498e-01,-0.000000000000000000e+00,-0.000000000000000000e+00,-0.000000000000000000e+00,-2.076983625606184658e-01,-0.000000000000000000e+00,-8.288190226764373392e-02,-0.000000000000000000e+00,-2.095203494583486592e-01,-0.000000000000000000e+00,-0.000000000000000000e+00,-0.000000000000000000e+00,-1.031907863521897284e-01,-2.770019432259401837e-01,-3.166108558260135042e-01,-7.872081769534638659e-03,-9.253069773634779727e-02,-0.000000000000000000e+00,-0.000000000000000000e+00,-0.000000000000000000e+00,-0.000000000000000000e+00,0.000000000000000000e+00,-0.000000000000000000e+00,-0.000000000000000000e+00,-4.318429489365026019e-01,-0.000000000000000000e+00,-0.000000000000000000e+00,-0.000000000000000000e+00
-7.161262040178373312e-02,-0.000000000000000000e+00,2.807311398458997687e+00,0.000000000000000000e+00,-1.753756395681953517e-01,-8.898565950845188643e-02,-0.000000000000000000e+00,9.847780209459783274e-01,-0.000000000000000000e+00,-0.000000000000000000e+00,-0.000000000000000000e+00,-0.000000000000000000e+00,0.000000000000000000e+00,-0.000000000000000000e+00,-0.000000000000000000e+00,-0.000000000000000000e+00,-0.000000000000000000e+00,-0.000000000000000000e+00,-0.000000000000000000e+00,-0.000000000000000000e+00,-6.072792466472978212e-01,-0.000000000000000000e+00,-0.000000000000000000e+00,-0.000000000000000000e+00,-1.015951725985255183e-01,-2.860141860036243822e-01,-0.000000000000000000e+00,-2.550513387099023199e-01,-0.000000000000000000e+00,-0.000000000000000000e+00,-1.854604687199346708e-02,-0.000000000000000000e+00,-1.576488261786084810e-01,-0.000000000000000000e+00,-0.000000000000000000e+00,-2.446253049757618758e-01,-0.000000000000000000e+00,-0.000000000000000000e+00,-0.000000000000000000e+00
0.000000000000000000e+00,-0.000000000000000000e+00,0.000000000000000000e+00,1.457159239104718118e+00,0.000000000000000000e+00,0.000000000000000000e+00,0.000000000000000000e+00,-1.290074179575668722e-01,-1.514494896626519815e-01,-0.000000000000000000e+00,0.000000000000000000e+00,-1.683859735183437234e-01,-3.174728386083888187e-01,-0.000000000000000000e+00,-0.000000000000000000e+00,-0.000000000000000000e+00,-0.000000000000000000e+00,-0.000000000000000000e+00,0.000000000000000000e+00,-0.000000000000000000e+00,0.000000000000000000e+00,-1.198351136328009853e-01,0.000000000000000000e+00,0.000000000000000000e+00,0.000000000000000000e+00,0.000000000000000000e+00,0.000000000000000000e+00,0.000000000000000000e+00,2.089250030282441828e-01,-0.000000000000000000e+00,0.000000000000000000e+00,2.020042982021846151e-02,0.000000000000000000e+00,-0.000000000000000000e+00,-0.000000000000000000e+00,0.000000000000000000e+00,0.000000000000000000e+00,-2.065150708473605101e-01,-2.366814574878604027e-01
-0.000000000000000000e+00,-0.000000000000000000e+00,-1.753756395681953517e-01,0.000000000000000000e+00,2.302439694406944071e+00,-0.000000000000000000e+00,0.000000000000000000e+00,2.964989154581338521e-04,-1.281866406638323685e-01,-0.000000000000000000e+00,-1.698111811535993332e-01,0.000000000000000000e+00,0.000000000000000000e+00,-4.407010576805701629e-01,0.000000000000000000e+00,-0.000000000000000000e+00,-0.000000000000000000e+00,0.000000000000000000e+00,0.000000000000000000e+00,0.000000000000000000e+00,-2.861367631633034980e-01,-0.000000000000000000e+00,0.000000000000000000e+00,-0.000000000000000000e+00,-0.000000000000000000e+00,-4.248951051406132245e-02,-0.000000000000000000e+00,-0.000000000000000000e+00,0.000000000000000000e+00,-4.813094379693263480e-01,-3.502886404764131260e-03,-0.000000000000000000e+00,-5.535903139437279297e-01,0.000000000000000000e+00,-0.000000000000000000e+00,-0.000000000000000000e+00,-0.000000000000000000e+00,-1.439507229690571884e-02,-0.000000000000000000e+00
-0.000000000000000000e+00,-0.000000000000000000e+00,-8.898565950845188643e-02,0.000000000000000000e+00,-0.000000000000000000e+00,1.412721897349197286e+00,-0.000000000000000000e+00,6.724094841473050865e-02,-0.000000000000000000e+00,-0.000000000000000000e+00,-0.000000000000000000e+00,-0.000000000000000000e+00,-0.000000000000000000e+00,-1.767763110683202576e-01,-0.000000000000000000e+00,-0.000000000000000000e+00,-0.000000000000000000e+00,-0.000000000000000000e+00,-0.000000000000000000e+00,-0.000000000000000000e+00,-0.000000000000000000e+00,-0.000000000000000000e+00,-3.189654604577597530e-01,-2.104560110317781896e-01,-2.290668488726854690e-02,-0.000000000000000000e+00,-0.000000000000000000e+00,-0.000000000000000000e+00,-0.000000000000000000e+00,-0.000000000000000000e+00,-0.000000000000000000e+00,-0.000000000000000000e+00,-0.000000000000000000e+00,-3.001121826462588293e-02,-0.000000000000000000e+00,-0.000000000000000000e+00,-0.000000000000000000e+00,-0.000000000000000000e+00,-2.010948317975254362e-01
0.000000000000000000e+00,-0.000000000000000000e+00,-0.000000000000000000e+00,0.000000000000000000e+00,0.000000000000000000e+00,-0.000000000000000000e+00,1.422786808153765126e+00,-0.000000000000000000e+00,0.000000000000000000e+00,0.000000000000000000e+00,9.755600622733312521e-02,-0.000000000000000000e+00,-2.298514077483747586e-01,0.000000000000000000e+00,-0.000000000000000000e+00,0.000000000000000000e+00,0.000000000000000000e+00,-8.070873836473460572e-02,-3.615642118243740377e-01,-0.000000000000000000e+00,0.000000000000000000e+00,-0.000000000000000000e+00,-1.065557213111271578e-01,0.000000000000000000e+00,-0.000000000000000000e+00,0.000000000000000000e+00,0.000000000000000000e+00,-0.000000000000000000e+00,-0.000000000000000000e+00,2.276962778645064411e-01,0.000000000000000000e+00,0.000000000000000000e+00,0.000000000000000000e+00,-1.470353545980427612e-01,0.000000000000000000e+00,-0.000000000000000000e+00,0.000000000000000000e+00,0.000000000000000000e+00,-0.000000000000000000e+00
0.000000000000000000e+00,0.000000000000000000e+00,9.847780209459783274e-01,-1.290074179575668722e-01,2.964989154581338521e-04,6.724094841473050865e-02,-0.000000000000000000e+00,2.177037808543900610e+00,-0.000000000000000000e+00,-0.000000000000000000e+00,0.000000000000000000e+00,-0.000000000000000000e+00,-0.000000000000000000e+00,0.000000000000000000e+00,0.000000000000000000e+00,0.000000000000000000e+00,-0.000000000000000000e+00,0.000000000000000000e+00,0.000000000000000000e+00,-0.000000000000000000e+00,4.313363356621003480e-02,-0.000000000000000000e+00,1.347903001215001962e-03,0.000000000000000000e+00,0.000000000000000000e+00,3.436005084237463147e-02,0.000000000000000000e+00,0.000000000000000000e+00,0.000000000000000000e+00,-0.000000000000000000e+00,1.503482961072280799e-01,2.894483279056425107e-01,4.303351794476238390e-01,0.000000000000000000e+00,0.000000000000000000e+00,0.000000000000000000e+00,0.000000000000000000e+00,-0.000000000000000000e+00,-0.000000000000000000e+00
-0.000000000000000000e+00,-9.164541946331429545e-02,-0.000000000000000000e+00,-1.514494896626519815e-01,-1.281866406638323685e-01,-0.000000000000000000e+00,0.000000000000000000e+00,-0.000000000000000000e+00,2.745044564404738541e+00,-1.546823593967260047e-01,-0.000000000000000000e+00,-2.750551745773049950e-01,-0.000000000000000000e+00,-2.863559405765652155e-01,-0.000000000000000000e+00,-4.404735382367536145e-01,-3.706157387304770401e-02,-0.000000000000000000e+00,-0.000000000000000000e+00,-4.558215876004162448e-02,-0.000000000000000000e+00,-5.297654518573129828e-02,0.000000000000000000e+00,-0.000000000000000000e+00,-0.000000000000000000e+00,-0.000000000000000000e+00,-0.000000000000000000e+00,-0.000000000000000000e+00,0.000000000000000000e+00,-5.928162295348539113e-01,-0.000000000000000000e+00,-0.000000000000000000e+00,-0.000000000000000000e+00,-0.000000000000000000e+00,-0.000000000000000000e+00,-0.000000000000000000e+00,-0.000000000000000000e+00,-5.833360793635202768e-01,-1.209764219336766922e-01
-0.000000000000000000e+00,-0.000000000000000000e+00,-0.000000000000000000e+00,-0.000000000000000000e+00,-0.000000000000000000e+00,-0.000000000000000000e+00,0.000000000000000000e+00,-0.000000000000000000e+00,-1.546823593967260047e-01,2.830159242660265306e+00,-3.672068431131982336e-01,-0.000000000000000000e+00,0.000000000000000000e+00,-0.000000000000000000e+00,0.000000000000000000e+00,-7.366678399733114224e-01,-4.659297462332535611e-01,0.000000000000000000e+00,0.000000000000000000e+00,-0.000000000000000000e+00,-0.000000000000000000e+00,-3.542595264508686115e-01,0.000000000000000000e+00,-0.000000000000000000e+00,-0.000000000000000000e+00,-0.000000000000000000e+00,-0.000000000000000000e+00,-0.000000000000000000e+00,0.000000000000000000e+00,-4.827099999422543863e-01,-0.000000000000000000e+00,-0.000000000000000000e+00,-0.000000000000000000e+00,0.000000000000000000e+00,-1.146601221012638339e-01,-0.000000000000000000e+00,-0.000000000000000000e+00,-2.624677087674879283e-01,-0.000000000000000000e+00
-0.000000000000000000e+00,-0.000000000000000000e+00,-0.000000000000000000e+00,0.000000000000000000e+00,-1.698111811535993332e-01,-0.000000000000000000e+00,9.755600622733312521e-02,0.000000000000000000e+00,-0.000000000000000000e+00,-3.672068431131982336e-01,1.916158209950903801e+00,0.000000000000000000e+00,0.000000000000000000e+00,-1.776912966237542135e-01,1.775170211209281187e-02,-0.000000000000000000e+00,-5.210815842202761727e-01,0.000000000000000000e+00,2.883506163865131589e-01,0.000000000000000000e+00,-1.055694356209226498e-01,-0.000000000000000000e+00,0.000000000000000000e+00,-0.000000000000000000e+00,-0.000000000000000000e+00,-0.000000000000000000e+00,-2.174169970260920182e-01,-0.000000000000000000e+00,0.000000000000000000e+00,-0.000000000000000000e+00,-2.093350897647727471e-01,-9.142198290437114280e-03,-0.000000000000000000e+00,0.000000000000000000e+00,-0.000000000000000000e+00,-0.000000000000000000e+00,-0.000000000000000000e+00,-0.000000000000000000e+00,-0.000000000000000000e+00
-0.000000000000000000e+00,-3.372578661974241498e-01,-0.000000000000000000e+00,-1.683859735183437234e-01,0.000000000000000000e+00,-0.000000000000000000e+00,-0.000000000000000000e+00,-0.000000000000000000e+00,-2.750551745773049950e-01,-0.000000000000000000e+00,0.000000000000000000e+00,2.451933346654711521e+00,-4.706477198949977209e-02,-0.000000000000000000e+00,-2.775135842618864923e-01,-0.000000000000000000e+00,-0.000000000000000000e+00,-3.370085660174652054e-01,-0.000000000000000000e+00,-2.651207857428976022e-01,0.000000000000000000e+00,-2.986861977302493476e-02,-0.000000000000000000e+00,-0.000000000000000000e+00,-0.000000000000000000e+00,-0.000000000000000000e+00,-0.000000000000000000e+00,-0.000000000000000000e+00,0.000000000000000000e+00,-0.000000000000000000e+00,0.000000000000000000e+00,0.000000000000000000e+00,0.000000000000000000e+00,-3.347280333707376432e-01,-0.000000000000000000e+00,-0.000000000000000000e+00,0.000000000000000000e+00,-2.526415190243118669e-01,-3.734447551096318763e-01
0.000000000000000000e+00,-0.000000000000000000e+00,0.000000000000000000e+00,-3.174728386083888187e-01,0.000000000000000000e+00,-0.000000000000000000e+00,-2.298514077483747586e-01,-0.000000000000000000e+00,-0.000000000000000000e+00,0.000000000000000000e+00,0.000000000000000000e+00,-4.706477198949977209e-02,1.604561732304625510e+00,0.000000000000000000e+00,-1.590168346545753619e-01,0.000000000000000000e+00,-0.000000000000000000e+00,-8.400160972268830295e-02,-0.000000000000000000e+00,-0.000000000000000000e+00,0.000000000000000000e+00,-0.000000000000000000e+00,-0.000000000000000000e+00,0.000000000000000000e+00,-0.000000000000000000e+00,0.000000000000000000e+00,0.000000000000000000e+00,0.000000000000000000e+00,0.000000000000000000e+00,0.000000000000000000e+00,0.000000000000000000e+00,1.330773914777237388e-01,0.000000000000000000e+00,-1.867434456899551010e-01,0.000000000000000000e+00,-0.000000000000000000e+00,4.702260114004481323e-02,-0.000000000000000000e+00,-3.834911312494730384e-01
-0.000000000000000000e+00,-0.000000000000000000e+00,-0.000000000000000000e+00,-0.000000000000000000e+00,-4.407010576805701629e-01,-1.767763110683202576e-01,0.000000000000000000e+00,0.000000000000000000e+00,-2.863559405765652155e-01,-0.000000000000000000e+00,-1.776912966237542135e-01,-0.000000000000000000e+00,0.000000000000000000e+00,2.038525314718325987e+00,0.000000000000000000e+00,-5.006410868146050040e-04,-1.743821487014166338e-01,0.000000000000000000e+00,0.000000000000000000e+00,-0.000000000000000000e+00,-0.000000000000000000e+00,-0.000000000000000000e+00,-0.000000000000000000e+00,-0.000000000000000000e+00,-0.000000000000000000e+00,-1.615977327652361739e-01,-0.000000000000000000e+00,-0.000000000000000000e+00,0.000000000000000000e+00,-2.796855592642027433e-01,-0.000000000000000000e+00,-0.000000000000000000e+00,-2.384825129843954339e-01,0.000000000000000000e+00,-0.000000000000000000e+00,-0.000000000000000000e+00,-0.000000000000000000e+00,-6.413750398519596496e-02,-0.000000000000000000e+00
-0.000000000000000000e+00,-0.000000000000000000e+00,-0.000000000000000000e+00,-0.000000000000000000e+00,0.000000000000000000e+00,-0.000000000000000000e+00,-0.000000000000000000e+00,0.000000000000000000e+00,-0.000000000000000000e+00,0.000000000000000000e+00,1.775170211209281187e-02,-2.775135842618864923e-01,-1.590168346545753619e-01,0.000000000000000000e+00,3.163774607430328789e+00,0.000000000000000000e+00,0.000000000000000000e+00,-3.164055384743430510e-01,-8.966769276688960622e-01,-0.000000000000000000e+00,0.000000000000000000e+00,-0.000000000000000000e+00,-1.066170419367166861e-01,-0.000000000000000000e+00,-2.913926986288815080e-01,-0.000000000000000000e+00,0.000000000000000000e+00,-0.000000000000000000e+00,-0.000000000000000000e+00,0.000000000000000000e+00,0.000000000000000000e+00,0.000000000000000000e+00,0.000000000000000000e+00,-1.003552312808736913e+00,0.000000000000000000e+00,-0.000000000000000000e+00,0.000000000000000000e+00,-0.000000000000000000e+00,-1.118059950907694805e-01
-2.096374119984978635e-01,-2.076983625606184658e-01,-0.000000000000000000e+00,-0.000000000000000000e+00,-0.000000000000000000e+00,-0.000000000000000000e+00,0.000000000000000000e+00,0.000000000000000000e+00,-4.404735382367536145e-01,-7.366678399733114224e-01,-0.000000000000000000e+00,-0.000000000000000000e+00,0.000000000000000000e+00,-5.006410868146050040e-04,0.000000000000000000e+00,3.106372642447086108e+00,-3.839777920514697573e-01,-0.000000000000000000e+00,0.000000000000000000e+00,-6.035503990316797018e-02,-7.866415884074355602e-02,-1.168965111728696299e-01,0.000000000000000000e+00,-1.425789219221585552e-02,-0.000000000000000000e+00,-3.576932257165947870e-01,-0.000000000000000000e+00,-0.000000000000000000e+00,-0.000000000000000000e+00,-3.675352653883378062e-01,-0.000000000000000000e+00,-0.000000000000000000e+00,-0.000000000000000000e+00,0.000000000000000000e+00,-1.220108092806645450e-01,-0.000000000000000000e+00,-0.000000000000000000e+00,-2.800964075949877174e-01,-0.000000000000000000e+00
-0.000000000000000000e+00,-0.000000000000000000e+00,-0.000000000000000000e+00,-0.000000000000000000e+00,-0.000000000000000000e+00,-0.000000000000000000e+00,0.000000000000000000e+00,-0.000000000000000000e+00,-3.706157387304770401e-02,-4.659297462332535611e-01,-5.210815842202761727e-01,-0.000000000000000000e+00,-0.000000000000000000e+00,-1.743821487014166338e-01,0.000000000000000000e+00,-3.839777920514697573e-01,2.267006122528664402e+00,0.000000000000000000e+00,0.000000000000000000e+00,-0.000000000000000000e+00,-0.000000000000000000e+00,-0.000000000000000000e+00,0.000000000000000000e+00,-9.571117348967522753e-02,-0.000000000000000000e+00,-0.000000000000000000e+00,-0.000000000000000000e+00,-0.000000000000000000e+00,0.000000000000000000e+00,-0.000000000000000000e+00,-0.000000000000000000e+00,-0.000000000000000000e+00,-0.000000000000000000e+00,0.000000000000000000e+00,-1.734398358951735886e-01,-0.000000000000000000e+00,-0.000000000000000000e+00,-3.383622392771231668e-01,-2.615368264170516918e-02
-0.000000000000000000e+00,-8.288190226764373392e-02,-0.000000000000000000e+00,-0.000000000000000000e+00,0.000000000000000000e+00,-0.000000000000000000e+00,-8.070873836473460572e-02,0.000000000000000000e+00,-0.000000000000000000e+00,0.000000000000000000e+00,0.000000000000000000e+00,-3.370085660174652054e-01,-8.400160972268830295e-02,0.000000000000000000e+00,-3.164055384743430510e-01,-0.000000000000000000e+00,0.000000000000000000e+00,2.898909836658498662e+00,-7.179120000023040404e-01,-9.694698622331550733e-03,0.000000000000000000e+00,-0.000000000000000000e+00,-2.190101960166552231e-01,-0.000000000000000000e+00,-1.712050799012832525e-01,-0.000000000000000000e+00,-0.000000000000000000e+00,-2.286245808427469217e-01,-0.000000000000000000e+00,0.000000000000000000e+00,-0.000000000000000000e+00,0.000000000000000000e+00,0.000000000000000000e+00,-6.385194931458073597e-01,-0.000000000000000000e+00,-0.000000000000000000e+00,0.000000000000000000e+00,-0.000000000000000000e+00,-1.178911094289300104e-01
-0.000000000000000000e+00,-0.000000000000000000e+00,-0.000000000000000000e+00,0.000000000000000000e+00,0.000000000000000000e+00,-0.000000000000000000e+00,-3.615642118243740377e-01,0.000000000000000000e+00,-0.000000000000000000e+00,0.000000000000000000e+00,2.883506163865131589e-01,-0.000000000000000000e+00,-0.000000000000000000e+00,0.000000000000000000e+00,-8.966769276688960622e-01,0.000000000000000000e+00,0.000000000000000000e+00,-7.179120000023040404e-01,3.210769798592230106e+00,-0.000000000000000000e+00,0.000000000000000000e+00,-0.000000000000000000e+00,-4.916877144788754928e-01,-0.000000000000000000e+00,-8.845866876679580465e-03,-0.000000000000000000e+00,-0.000000000000000000e+00,-0.000000000000000000e+00,-0.000000000000000000e+00,1.640736534651644485e-01,0.000000000000000000e+00,0.000000000000000000e+00,0.000000000000000000e+00,-7.567183703027111630e-01,0.000000000000000000e+00,-0.000000000000000000e+00,0.000000000000000000e+00,0.000000000000000000e+00,-0.000000000000000000e+00
-0.000000000000000000e+00,-2.095203494583486592e-01,-0.000000000000000000e+00,-0.000000000000000000e+00,0.000000000000000000e+00,-0.000000000000000000e+00,-0.000000000000000000e+00,-0.000000000000000000e+00,-4.558215876004162448e-02,-0.000000000000000000e+00,0.000000000000000000e+00,-2.651207857428976022e-01,-0.000000000000000000e+00,-0.000000000000000000e+00,-0.000000000000000000e+00,-6.035503990316797018e-02,-0.000000000000000000e+00,-9.694698622331550733e-03,-0.000000000000000000e+00,1.973038808987685133e+00,-0.000000000000000000e+00,-9.265033931915707122e-01,-0.000000000000000000e+00,-0.000000000000000000e+00,-0.000000000000000000e+00,-0.000000000000000000e+00,-0.000000000000000000e+00,-0.000000000000000000e+00,-0.000000000000000000e+00,-0.000000000000000000e+00,-0.000000000000000000e+00,0.000000000000000000e+00,0.000000000000000000e+00,-5.098558759215256891e-02,-8.660244676816110376e-02,-1.029554375051581899e-01,-0.000000000000000000e+00,-0.000000000000000000e+00,-0.000000000000000000e+00
-0.000000000000000000e+00,-0.000000000000000000e+00,-6.072792466472978212e-01,0.000000000000000000e+00,-2.861367631633034980e-01,-0.000000000000000000e+00,0.000000000000000000e+00,4.313363356621003480e-02,-0.000000000000000000e+00,-0.000000000000000000e+00,-1.055694356209226498e-01,0.000000000000000000e+00,0.000000000000000000e+00,-0.000000000000000000e+00,0.000000000000000000e+00,-7.866415884074355602e-02,-0.000000000000000000e+00,0.000000000000000000e+00,0.000000000000000000e+00,-0.000000000000000000e+00,2.105460012572135664e+00,-1.910798230833636313e-01,-0.000000000000000000e+00,-0.000000000000000000e+00,-0.000000000000000000e+00,-2.256983581134922902e-03,-0.000000000000000000e+00,-0.000000000000000000e+00,-0.000000000000000000e+00,-0.000000000000000000e+00,-3.548225357604436331e-02,-1.249401141587544034e-01,-5.274640556197035535e-01,0.000000000000000000e+00,-7.830698192937935679e-04,-0.000000000000000000e+00,-0.000000000000000000e+00,-0.000000000000000000e+00,0.000000000000000000e+00
-0.000000000000000000e+00,-0.000000000000000000e+00,-0.000000000000000000e+00,-1.198351136328009853e-01,-0.000000000000000000e+00,-0.000000000000000000e+00,-0.000000000000000000e+00,-0.000000000000000000e+00,-5.297654518573129828e-02,-3.542595264508686115e-01,-0.000000000000000000e+00,-2.986861977302493476e-02,-0.000000000000000000e+00,-0.000000000000000000e+00,-0.000000000000000000e+00,-1.168965111728696299e-01,-0.000000000000000000e+00,-0.000000000000000000e+00,-0.000000000000000000e+00,-9.265033931915707122e-01,-1.910798230833636313e-01,2.037787506776462365e+00,-0.000000000000000000e+00,-4.452951853906642748e-02,-0.000000000000000000e+00,-0.000000000000000000e+00,-0.000000000000000000e+00,-0.000000000000000000e+00,-0.000000000000000000e+00,-0.000000000000000000e+00,-0.000000000000000000e+00,-0.000000000000000000e+00,-0.000000000000000000e+00,-0.000000000000000000e+00,-8.675203338380173268e-02,-0.000000000000000000e+00,-0.000000000000000000e+00,-0.000000000000000000e+00,-0.000000000000000000e+00
-0.000000000000000000e+00,-0.000000000000000000e+00,-0.000000000000000000e+00,0.000000000000000000e+00,0.000000000000000000e+00,-3.189654604577597530e-01,-1.065557213111271578e-01,1.347903001215001962e-03,0.000000000000000000e+00,0.000000000000000000e+00,0.000000000000000000e+00,-0.000000000000000000e+00,-0.000000000000000000e+00,-0.000000000000000000e+00,-1.066170419367166861e-01,0.000000000000000000e+00,0.000000000000000000e+00,-2.190101960166552231e-01,-4.916877144788754928e-01,-0.000000000000000000e+00,-0.000000000000000000e+00,-0.000000000000000000e+00,2.500887138012851452e+00,-0.000000000000000000e+00,-8.384582724152251920e-01,-0.000000000000000000e+00,-0.000000000000000000e+00,-2.461948678808481561e-01,-1.473417056902072975e-01,3.474885988581070950e-02,-0.000000000000000000e+00,-0.000000000000000000e+00,0.000000000000000000e+00,-1.516969701524917002e-01,-0.000000000000000000e+00,-0.000000000000000000e+00,-0.000000000000000000e+00,0.000000000000000000e+00,-0.000000000000000000e+00
-0.000000000000000000e+00,-1.031907863521897284e-01,-0.000000000000000000e+00,0.000000000000000000e+00,-0.000000000000000000e+00,-2.104560110317781896e-01,0.000000000000000000e+00,0.000000000000000000e+00,-0.000000000000000000e+00,-0.000000000000000000e+00,-0.000000000000000000e+00,-0.000000000000000000e+00,0.000000000000000000e+00,-0.000000000000000000e+00,-0.000000000000000000e+00,-1.425789219221585552e-02,-9.571117348967522753e-02,-0.000000000000000000e+00,-0.000000000000000000e+00,-0.000000000000000000e+00,-0.000000000000000000e+00,-4.452951853906642748e-02,-0.000000000000000000e+00,1.478321177934327713e+00,-3.588120291166692621e-01,-0.000000000000000000e+00,-1.299682117298167350e-01,-0.000000000000000000e+00,-0.000000000000000000e+00,-0.000000000000000000e+00,-0.000000000000000000e+00,-0.000000000000000000e+00,-0.000000000000000000e+00,-0.000000000000000000e+00,-2.159162696007125293e-01,-0.000000000000000000e+00,-0.000000000000000000e+00,-0.000000000000000000e+00,-0.000000000000000000e+00
-0.000000000000000000e+00,-2.770019432259401837e-01,-1.015951725985255183e-01,0.000000000000000000e+00,-0.000000000000000000e+00,-2.290668488726854690e-02,-0.000000000000000000e+00,0.000000000000000000e+00,-0.000000000000000000e+00,-0.000000000000000000e+00,-0.000000000000000000e+00,-0.000000000000000000e+00,-0.000000000000000000e+00,-0.000000000000000000e+00,-2.913926986288815080e-01,-0.000000000000000000e+00,-0.000000000000000000e+00,-1.712050799012832525e-01,-8.845866876679580465e-03,-0.000000000000000000e+00,-0.000000000000000000e+00,-0.000000000000000000e+00,-8.384582724152251920e-01,-3.588120291166692621e-01,2.364994395957300988e+00,-0.000000000000000000e+00,-5.984098083548108210e-02,-1.716677976816070594e-01,-0.000000000000000000e+00,0.000000000000000000e+00,-0.000000000000000000e+00,-0.000000000000000000e+00,-0.000000000000000000e+00,-5.074693974884140341e-02,-0.000000000000000000e+00,-5.722143645164023268e-02,-0.000000000000000000e+00,-0.000000000000000000e+00,-0.000000000000000000e+00
-4.714629603014609538e-01,-3.166108558260135042e-01,-2.860141860036243822e-01,0.000000000000000000e+00,-4.248951051406132245e-02,-0.000000000000000000e+00,0.000000000000000000e+00,3.436005084237463147e-02,-0.000000000000000000e+00,-0.000000000000000000e+00,-0.000000000000000000e+00,-0.000000000000000000e+00,0.000000000000000000e+00,-1.615977327652361739e-01,-0.000000000000000000e+00,-3.576932257165947870e-01,-0.000000000000000000e+00,-0.000000000000000000e+00,-0.000000000000000000e+00,-0.000000000000000000e+00,-2.256983581134922902e-03,-0.000000000000000000e+00,-0.000000000000000000e+00,-0.000000000000000000e+00,-0.000000000000000000e+00,2.675958665599116770e+00,-4.880791655699506792e-01,-2.902584919436426159e-01,-0.000000000000000000e+00,-0.000000000000000000e+00,-4.279019394536027338e-02,-0.000000000000000000e+00,-0.000000000000000000e+00,-0.000000000000000000e+00,-0.000000000000000000e+00,-2.476357351140421603e-01,-3.249131263248692097e-03,-0.000000000000000000e+00,-0.000000000000000000e+00
-0.000000000000000000e+00,-7.872081769534638659e-03,-0.000000000000000000e+00,0.000000000000000000e+00,-0.000000000000000000e+00,-0.000000000000000000e+00,0.000000000000000000e+00,0.000000000000000000e+00,-0.000000000000000000e+00,-0.000000000000000000e+00,-2.174169970260920182e-01,-0.000000000000000000e+00,0.000000000000000000e+00,-0.000000000000000000e+00,0.000000000000000000e+00,-0.000000000000000000e+00,-0.000000000000000000e+00,-0.000000000000000000e+00,-0.000000000000000000e+00,-0.000000000000000000e+00,-0.000000000000000000e+00,-0.000000000000000000e+00,-0.000000000000000000e+00,-1.299682117298167350e-01,-5.984098083548108210e-02,-4.880791655699506792e-01,2.459662512531632927e+00,-3.215778895171056972e-01,-0.000000000000000000e+00,-0.000000000000000000e+00,-6.181388326199824812e-01,-2.352905134682242438e-01,-0.000000000000000000e+00,0.000000000000000000e+00,-2.687378887180392195e-01,-6.949409747115112279e-02,-1.215266821283704779e-01,-0.000000000000000000e+00,-0.000000000000000000e+00
-1.965498037514398499e-01,-9.253069773634779727e-02,-2.550513387099023199e-01,0.000000000000000000e+00,-0.000000000000000000e+00,-0.000000000000000000e+00,-0.000000000000000000e+00,0.000000000000000000e+00,-0.000000000000000000e+00,-0.000000000000000000e+00,-0.000000000000000000e+00,-0.000000000000000000e+00,0.000000000000000000e+00,-0.000000000000000000e+00,-0.000000000000000000e+00,-0.000000000000000000e+00,-0.000000000000000000e+00,-2.286245808427469217e-01,-0.000000000000000000e+00,-0.000000000000000000e+00,-0.000000000000000000e+00,-0.000000000000000000e+00,-2.461948678808481561e-01,-0.000000000000000000e+00,-1.716677976816070594e-01,-2.902584919436426159e-01,-3.215778895171056972e-01,2.510030651122959089e+00,-3.170304072582665889e-01,0.000000000000000000e+00,-2.566228171705250416e-01,-0.000000000000000000e+00,0.000000000000000000e+00,-0.000000000000000000e+00,-0.000000000000000000e+00,-2.578340119196169677e-01,-5.304767505663710719e-02,-0.000000000000000000e+00,-0.000000000000000000e+00
-2.211365613123935092e-01,-0.000000000000000000e+00,-0.000000000000000000e+00,2.089250030282441828e-01,0.000000000000000000e+00,-0.000000000000000000e+00,-0.000000000000000000e+00,0.000000000000000000e+00,0.000000000000000000e+00,0.000000000000000000e+00,0.000000000000000000e+00,0.000000000000000000e+00,0.000000000000000000e+00,0.000000000000000000e+00,-0.000000000000000000e+00,-0.000000000000000000e+00,0.000000000000000000e+00,-0.000000000000000000e+00,-0.000000000000000000e+00,-0.000000000000000000e+00,-0.000000000000000000e+00,-0.000000000000000000e+00,-1.473417056902072975e-01,-0.000000000000000000e+00,-0.000000000000000000e+00,-0.000000000000000000e+00,-0.000000000000000000e+00,-3.170304072582665889e-01,2.112704254973515994e+00,1.368223193032274687e-01,-0.000000000000000000e+00,-4.025520422149445054e-01,0.000000000000000000e+00,-0.000000000000000000e+00,-0.000000000000000000e+00,-2.034752891290807220e-01,-6.892649779539723465e-01,1.683944627544200490e-01,0.000000000000000000e+00
-0.000000000000000000e+00,-0.000000000000000000e+00,-0.000000000000000000e+00,-0.000000000000000000e+00,-4.813094379693263480e-01,-0.000000000000000000e+00,2.276962778645064411e-01,-0.000000000000000000e+00,-5.928162295348539113e-01,-4.827099999422543863e-01,-0.000000000000000000e+00,-0.000000000000000000e+00,0.000000000000000000e+00,-2.796855592642027433e-01,0.000000000000000000e+00,-3.675352653883378062e-01,-0.000000000000000000e+00,0.000000000000000000e+00,1.640736534651644485e-01,-0.000000000000000000e+00,-0.000000000000000000e+00,-0.000000000000000000e+00,3.474885988581070950e-02,-0.000000000000000000e+00,0.000000000000000000e+00,-0.000000000000000000e+00,-0.000000000000000000e+00,0.000000000000000000e+00,1.368223193032274687e-01,2.458577046698330104e+00,-0.000000000000000000e+00,0.000000000000000000e+00,-0.000000000000000000e+00,0.000000000000000000e+00,-0.000000000000000000e+00,-0.000000000000000000e+00,0.000000000000000000e+00,-1.942780546754184212e-01,-0.000000000000000000e+00
-0.000000000000000000e+00,-0.000000000000000000e+00,-1.854604687199346708e-02,0.000000000000000000e+00,-3.502886404764131260e-03,-0.000000000000000000e+00,0.000000000000000000e+00,1.503482961072280799e-01,-0.000000000000000000e+00,-0.000000000000000000e+00,-2.093350897647727471e-01,0.000000000000000000e+00,0.000000000000000000e+00,-0.000000000000000000e+00,0.000000000000000000e+00,-0.000000000000000000e+00,-0.000000000000000000e+00,-0.000000000000000000e+00,0.000000000000000000e+00,-0.000000000000000000e+00,-3.548225357604436331e-02,-0.000000000000000000e+00,-0.000000000000000000e+00,-0.000000000000000000e+00,-0.000000000000000000e+00,-4.279019394536027338e-02,-6.181388326199824812e-01,-2.566228171705250416e-01,-0.000000000000000000e+00,-0.000000000000000000e+00,1.861982377733273353e+00,-1.555198625397469503e-01,-0.000000000000000000e+00,0.000000000000000000e+00,-0.000000000000000000e+00,-0.000000000000000000e+00,-1.347174222535838795e-01,-0.000000000000000000e+00,0.000000000000000000e+00
-2.328602515537182283e-01,-0.000000000000000000e+00,-0.000000000000000000e+00,2.020042982021846151e-02,-0.000000000000000000e+00,-0.000000000000000000e+00,0.000000000000000000e+00,2.894483279056425107e-01,-0.000000000000000000e+00,-0.000000000000000000e+00,-9.142198290437114280e-03,0.000000000000000000e+00,1.330773914777237388e-01,-0.000000000000000000e+00,0.000000000000000000e+00,-0.000000000000000000e+00,-0.000000000000000000e+00,0.000000000000000000e+00,0.000000000000000000e+00,0.000000000000000000e+00,-1.249401141587544034e-01,-0.000000000000000000e+00,-0.000000000000000000e+00,-0.000000000000000000e+00,-0.000000000000000000e+00,-0.000000000000000000e+00,-2.352905134682242438e-01,-0.000000000000000000e+00,-4.025520422149445054e-01,0.000000000000000000e+00,-1.555198625397469503e-01,2.447937749438088950e+00,-0.000000000000000000e+00,0.000000000000000000e+00,-1.085944856246516890e-02,-1.193860542471747999e-01,-8.292650486794367337e-01,0.000000000000000000e+00,0.000000000000000000e+00
-0.000000000000000000e+00,0.000000000000000000e+00,-1.576488261786084810e-01,0.000000000000000000e+00,-5.535903139437279297e-01,-0.000000000000000000e+00,0.000000000000000000e+00,4.303351794476238390e-01,-0.000000000000000000e+00,-0.000000000000000000e+00,-0.000000000000000000e+00,0.000000000000000000e+00,0.000000000000000000e+00,-2.384825129843954339e-01,0.000000000000000000e+00,-0.000000000000000000e+00,-0.000000000000000000e+00,0.000000000000000000e+00,0.000000000000000000e+00,0.000000000000000000e+00,-5.274640556197035535e-01,-0.000000000000000000e+00,0.000000000000000000e+00,-0.000000000000000000e+00,-0.000000000000000000e+00,-0.000000000000000000e+00,-0.000000000000000000e+00,0.000000000000000000e+00,0.000000000000000000e+00,-0.000000000000000000e+00,-0.000000000000000000e+00,-0.000000000000000000e+00,2.095716584905106039e+00,0.000000000000000000e+00,-0.000000000000000000e+00,-0.000000000000000000e+00,-0.000000000000000000e+00,-0.000000000000000000e+00,0.000000000000000000e+00
-0.000000000000000000e+00,-0.000000000000000000e+00,-0.000000000000000000e+00,-0.000000000000000000e+00,0.000000000000000000e+00,-3.001121826462588293e-02,-1.470353545980427612e-01,0.000000000000000000e+00,-0.000000000000000000e+00,0.000000000000000000e+00,0.000000000000000000e+00,-3.347280333707376432e-01,-1.867434456899551010e-01,0.000000000000000000e+00,-1.003552312808736913e+00,0.000000000000000000e+00,0.000000000000000000e+00,-6.385194931458073597e-01,-7.567183703027111630e-01,-5.098558759215256891e-02,0.000000000000000000e+00,-0.000000000000000000e+00,-1.516969701524917002e-01,-0.000000000000000000e+00,-5.074693974884140341e-02,-0.000000000000000000e+00,0.000000000000000000e+00,-0.000000000000000000e+00,-0.000000000000000000e+00,0.000000000000000000e+00,0.000000000000000000e+00,0.000000000000000000e+00,0.000000000000000000e+00,3.444446843156297344e+00,0.000000000000000000e+00,-0.000000000000000000e+00,0.000000000000000000e+00,-0.000000000000000000e+00,-2.821445710051819211e-01
-2.949638066946825288e-01,-0.000000000000000000e+00,-0.000000000000000000e+00,-0.000000000000000000e+00,-0.000000000000000000e+00,-0.000000000000000000e+00,0.000000000000000000e+00,0.000000000000000000e+00,-0.000000000000000000e+00,-1.146601221012638339e-01,-0.000000000000000000e+00,-0.000000000000000000e+00,0.000000000000000000e+00,-0.000000000000000000e+00,0.000000000000000000e+00,-1.220108092806645450e-01,-1.734398358951735886e-01,-0.000000000000000000e+00,0.000000000000000000e+00,-8.660244676816110376e-02,-7.830698192937935679e-04,-8.675203338380173268e-02,-0.000000000000000000e+00,-2.159162696007125293e-01,-0.000000000000000000e+00,-0.000000000000000000e+00,-2.687378887180392195e-01,-0.000000000000000000e+00,-0.000000000000000000e+00,-0.000000000000000000e+00,-0.000000000000000000e+00,-1.085944856246516890e-02,-0.000000000000000000e+00,0.000000000000000000e+00,2.192717638237984268e+00,-1.619017724423292559e-01,-6.244264633199592129e-01,-0.000000000000000000e+00,-0.000000000000000000e+00
-3.832100322868654541e-01,-4.318429489365026019e-01,-2.446253049757618758e-01,0.000000000000000000e+00,-0.000000000000000000e+00,-0.000000000000000000e+00,-0.000000000000000000e+00,0.000000000000000000e+00,-0.000000000000000000e+00,-0.000000000000000000e+00,-0.000000000000000000e+00,-0.000000000000000000e+00,-0.000000000000000000e+00,-0.000000000000000000e+00,-0.000000000000000000e+00,-0.000000000000000000e+00,-0.000000000000000000e+00,-0.000000000000000000e+00,-0.000000000000000000e+00,-1.029554375051581899e-01,-0.000000000000000000e+00,-0.000000000000000000e+00,-0.000000000000000000e+00,-0.000000000000000000e+00,-5.722143645164023268e-02,-2.476357351140421603e-01,-6.949409747115112279e-02,-2.578340119196169677e-01,-2.034752891290807220e-01,-0.000000000000000000e+00,-0.000000000000000000e+00,-1.193860542471747999e-01,-0.000000000000000000e+00,-0.000000000000000000e+00,-1.619017724423292559e-01,2.515658686059623950e+00,-2.518437050625978446e-01,-0.000000000000000000e+00,-0.000000000000000000e+00
-5.104462745511306743e-01,-0.000000000000000000e+00,-0.000000000000000000e+00,0.000000000000000000e+00,-0.000000000000000000e+00,-0.000000000000000000e+00,0.000000000000000000e+00,0.000000000000000000e+00,-0.000000000000000000e+00,-0.000000000000000000e+00,-0.000000000000000000e+00,0.000000000000000000e+00,4.702260114004481323e-02,-0.000000000000000000e+00,0.000000000000000000e+00,-0.000000000000000000e+00,-0.000000000000000000e+00,0.000000000000000000e+00,0.000000000000000000e+00,-0.000000000000000000e+00,-0.000000000000000000e+00,-0.000000000000000000e+00,-0.000000000000000000e+00,-0.000000000000000000e+00,-0.000000000000000000e+00,-3.249131263248692097e-03,-1.215266821283704779e-01,-5.304767505663710719e-02,-6.892649779539723465e-01,0.000000000000000000e+00,-1.347174222535838795e-01,-8.292650486794367337e-01,-0.000000000000000000e+00,0.000000000000000000e+00,-6.244264633199592129e-01,-2.518437050625978446e-01,3.109525153691090615e+00,0.000000000000000000e+00,0.000000000000000000e+00
-0.000000000000000000e+00,-0.000000000000000000e+00,-0.000000000000000000e+00,-2.065150708473605101e-01,-1.439507229690571884e-02,-0.000000000000000000e+00,0.000000000000000000e+00,-0.000000000000000000e+00,-5.833360793635202768e-01,-2.624677087674879283e-01,-0.000000000000000000e+00,-2.526415190243118669e-01,-0.000000000000000000e+00,-6.413750398519596496e-02,-0.000000000000000000e+00,-2.800964075949877174e-01,-3.383622392771231668e-01,-0.000000000000000000e+00,0.000000000000000000e+00,-0.000000000000000000e+00,-0.000000000000000000e+00,-0.000000000000000000e+00,0.000000000000000000e+00,-0.000000000000000000e+00,-0.000000000000000000e+00,-0.000000000000000000e+00,-0.000000000000000000e+00,-0.000000000000000000e+00,1.683944627544200490e-01,-1.942780546754184212e-01,-0.000000000000000000e+00,0.000000000000000000e+00,-0.000000000000000000e+00,-0.000000000000000000e+00,-0.000000000000000000e+00,-0.000000000000000000e+00,0.000000000000000000e+00,2.266468864766079783e+00,-1.005442507400328145e-01
0.000000000000000000e+00,-0.000000000000000000e+00,-0.000000000000000000e+00,-2.366814574878604027e-01,-0.000000000000000000e+00,-2.010948317975254362e-01,-0.000000000000000000e+00,-0.000000000000000000e+00,-1.209764219336766922e-01,-0.000000000000000000e+00,-0.000000000000000000e+00,-3.734447551096318763e-01,-3.834911312494730384e-01,-0.000000000000000000e+00,-1.118059950907694805e-01,-0.000000000000000000e+00,-2.615368264170516918e-02,-1.178911094289300104e-01,-0.000000000000000000e+00,-0.000000000000000000e+00,0.000000000000000000e+00,-0.000000000000000000e+00,-0.000000000000000000e+00,-0.000000000000000000e+00,-0.000000000000000000e+00,-0.000000000000000000e+00,-0.000000000000000000e+00,-0.000000000000000000e+00,0.000000000000000000e+00,-0.000000000000000000e+00,0.000000000000000000e+00,0.000000000000000000e+00,0.000000000000000000e+00,-2.821445710051819211e-01,-0.000000000000000000e+00,-0.000000000000000000e+00,0.000000000000000000e+00,-1.005442507400328145e-01,1.947352945174091188e+00
