1.691498637957671081e+00,-6.885502061692094777e-02,-8.273643880773673409e-02,-0.000000000000000000e+00,-4.045896249330877548e-01,-0.000000000000000000e+00,0.000000000000000000e+00,0.000000000000000000e+00,-5.946191747064873828e-02,-0.000000000000000000e+00,-3.381899184749866810e-02,-0.000000000000000000e+00,-0.000000000000000000e+00,-0.000000000000000000e+00,-0.000000000000000000e+00,-0.000000000000000000e+00,-1.385818786887596521e-01,-0.000000000000000000e+00,-0.000000000000000000e+00,0.000000000000000000e+00,-0.000000000000000000e+00,0.000000000000000000e+00,-0.000000000000000000e+00,-0.000000000000000000e+00,-0.000000000000000000e+00,-2.054667614346221971e-01,-0.000000000000000000e+00,-0.000000000000000000e+00,-0.000000000000000000e+00,0.000000000000000000e+00,-0.000000000000000000e+00,-0.000000000000000000e+00,-0.000000000000000000e+00,-1.138925310512174938e-01,0.000000000000000000e+00,-0.000000000000000000e+00,-0.000000000000000000e+00,-4.095600834503803078e-01,-5.112416510784779933e-02
-6.885502061692094777e-02,2.290730239902612375e+00,-0.000000000000000000e+00,-0.000000000000000000e+00,-1.189177792710631454e-01,0.000000000000000000e+00,0.000000000000000000e+00,0.000000000000000000e+00,-2.054069415137970145e-01,-1.203010273191164742e-01,-0.000000000000000000e+00,-2.925258515676867344e-01,0.000000000000000000e+00,-0.000000000000000000e+00,-1.887361506835577296e-01,-3.840109524734396929e-01,-0.000000000000000000e+00,-0.000000000000000000e+00,-0.000000000000000000e+00,-0.000000000000000000e+00,-8.503299592663692008e-02,-0.000000000000000000e+00,-0.000000000000000000e+00,-0.000000000000000000e+00,-0.000000000000000000e+00,-0.000000000000000000e+00,-0.000000000000000000e+00,-5.507354733287472132e-02,-0.000000000000000000e+00,-0.000000000000000000e+00,-0.000000000000000000e+00,-1.062596760145469582e-01,-1.281290601721891964e-02,-5.654904773028046616e-03,0.000000000000000000e+00,-0.000000000000000000e+00,-5.878758294873748236e-02,-2.227075336749906598e-01,-3.958001655549336917e-01
-8.273643880773673409e-02,-0.000000000000000000e+00,2.459596141691398508e+00,-6.424294353555708159e-02,-1.765644411472050423e-01,0.000000000000000000e+00,-0.000000000000000000e+00,9.924295889506843382e-01,-0.000000000000000000e+00,-0.000000000000000000e+00,-0.000000000000000000e+00,-0.000000000000000000e+00,0.000000000000000000e+00,-0.000000000000000000e+00,-0.000000000000000000e+00,-0.000000000000000000e+00,-8.708905744800950199e-02,-3.146900500474076323e-01,-0.000000000000000000e+00,1.102487860630198130e-01,-0.000000000000000000e+00,0.000000000000000000e+00,-0.000000000000000000e+00,-0.000000000000000000e+00,-0.000000000000000000e+00,-2.628137869436553142e-01,-0.000000000000000000e+00,-0.000000000000000000e+00,-0.000000000000000000e+00,-0.000000000000000000e+00,-1.067797568541093561e-01,-0.000000000000000000e+00,-0.000000000000000000e+00,-3.934250098527246053e-01,0.000000000000000000e+00,-1.099613814625091668e-01,0.000000000000000000e+00,-0.000000000000000000e+00,-0.000000000000000000e+00
-0.000000000000000000e+00,-0.000000000000000000e+00,-6.424294353555708159e-02,1.354121242728595353e+00,-0.000000000000000000e+00,0.000000000000000000e+00,-2.642286701258469983e-01,4.922839848592417550e-02,-0.000000000000000000e+00,0.000000000000000000e+00,-0.000000000000000000e+00,-0.000000000000000000e+00,0.000000000000000000e+00,-0.000000000000000000e+00,-0.000000000000000000e+00,0.000000000000000000e+00,-0.000000000000000000e+00,-5.460980157768346305e-02,-0.000000000000000000e+00,0.000000000000000000e+00,0.000000000000000000e+00,0.000000000000000000e+00,0.000000000000000000e+00,-0.000000000000000000e+00,0.000000000000000000e+00,-2.049995311836575740e-01,-0.000000000000000000e+00,-3.682315992125960724e-01,-0.000000000000000000e+00,-0.000000000000000000e+00,-0.000000000000000000e+00,-0.000000000000000000e+00,-0.000000000000000000e+00,-0.000000000000000000e+00,0.000000000000000000e+00,-6.530177595568062605e-03,0.000000000000000000e+00,0.000000000000000000e+00,-0.000000000000000000e+00
-4.045896249330877548e-01,-1.189177792710631454e-01,-1.765644411472050423e-01,-0.000000000000000000e+00,2.143495570755875157e+00,0.000000000000000000e+00,-0.000000000000000000e+00,0.000000000000000000e+00,-1.237582979538038447e-01,-0.000000000000000000e+00,-0.000000000000000000e+00,-0.000000000000000000e+00,-0.000000000000000000e+00,-0.000000000000000000e+00,-1.744679021840181074e-02,-0.000000000000000000e+00,-0.000000000000000000e+00,-4.490210406495206419e-01,-2.028792536097236143e-01,0.000000000000000000e+00,-0.000000000000000000e+00,0.000000000000000000e+00,-0.000000000000000000e+00,-0.000000000000000000e+00,-0.000000000000000000e+00,-5.664165760335684863e-02,-0.000000000000000000e+00,-0.000000000000000000e+00,-0.000000000000000000e+00,-0.000000000000000000e+00,-0.000000000000000000e+00,-0.000000000000000000e+00,-0.000000000000000000e+00,-4.661161220561303442e-01,0.000000000000000000e+00,-0.000000000000000000e+00,-0.000000000000000000e+00,-3.136495892746454101e-02,-1.876722493868675928e-02
-0.000000000000000000e+00,0.000000000000000000e+00,0.000000000000000000e+00,0.000000000000000000e+00,0.000000000000000000e+00,1.085605324888601286e+00,-0.000000000000000000e+00,-0.000000000000000000e+00,0.000000000000000000e+00,0.000000000000000000e+00,0.000000000000000000e+00,0.000000000000000000e+00,-0.000000000000000000e+00,-0.000000000000000000e+00,0.000000000000000000e+00,0.000000000000000000e+00,0.000000000000000000e+00,0.000000000000000000e+00,0.000000000000000000e+00,-0.000000000000000000e+00,-0.000000000000000000e+00,0.000000000000000000e+00,-0.000000000000000000e+00,-0.000000000000000000e+00,-5.086011672426567209e-02,-0.000000000000000000e+00,0.000000000000000000e+00,0.000000000000000000e+00,-5.128285663376967729e-02,0.000000000000000000e+00,0.000000000000000000e+00,-0.000000000000000000e+00,-0.000000000000000000e+00,0.000000000000000000e+00,-2.938529847852532906e-01,0.000000000000000000e+00,-0.000000000000000000e+00,0.000000000000000000e+00,0.000000000000000000e+00
0.000000000000000000e+00,0.000000000000000000e+00,-0.000000000000000000e+00,-2.642286701258469983e-01,-0.000000000000000000e+00,-0.000000000000000000e+00,1.198363636046476222e+00,0.000000000000000000e+00,-0.000000000000000000e+00,0.000000000000000000e+00,-0.000000000000000000e+00,0.000000000000000000e+00,0.000000000000000000e+00,-0.000000000000000000e+00,0.000000000000000000e+00,-0.000000000000000000e+00,-0.000000000000000000e+00,-0.000000000000000000e+00,-0.000000000000000000e+00,0.000000000000000000e+00,-0.000000000000000000e+00,-0.000000000000000000e+00,-0.000000000000000000e+00,0.000000000000000000e+00,-0.000000000000000000e+00,-0.000000000000000000e+00,-1.150612467346121964e-01,-2.183481836986093660e-01,-0.000000000000000000e+00,-6.561828169907597819e-02,-0.000000000000000000e+00,-0.000000000000000000e+00,-0.000000000000000000e+00,-0.000000000000000000e+00,0.000000000000000000e+00,-0.000000000000000000e+00,0.000000000000000000e+00,0.000000000000000000e+00,0.000000000000000000e+00
0.000000000000000000e+00,0.000000000000000000e+00,9.924295889506843382e-01,4.922839848592417550e-02,0.000000000000000000e+00,-0.000000000000000000e+00,0.000000000000000000e+00,1.915205360420876302e+00,0.000000000000000000e+00,0.000000000000000000e+00,0.000000000000000000e+00,0.000000000000000000e+00,-0.000000000000000000e+00,0.000000000000000000e+00,0.000000000000000000e+00,0.000000000000000000e+00,0.000000000000000000e+00,6.532853077060410407e-02,0.000000000000000000e+00,-2.024036306139539998e-01,0.000000000000000000e+00,-0.000000000000000000e+00,0.000000000000000000e+00,-0.000000000000000000e+00,0.000000000000000000e+00,6.151751805823824082e-02,0.000000000000000000e+00,6.506916160977387065e-02,0.000000000000000000e+00,0.000000000000000000e+00,4.624283818592838345e-03,0.000000000000000000e+00,0.000000000000000000e+00,1.100186809327435011e-01,-0.000000000000000000e+00,1.846545186849744835e-01,-0.000000000000000000e+00,0.000000000000000000e+00,0.000000000000000000e+00
-5.946191747064873828e-02,-2.054069415137970145e-01,-0.000000000000000000e+00,-0.000000000000000000e+00,-1.237582979538038447e-01,0.000000000000000000e+00,-0.000000000000000000e+00,0.000000000000000000e+00,2.307566210139811336e+00,-6.971906745184858201e-02,-0.000000000000000000e+00,-0.000000000000000000e+00,0.000000000000000000e+00,-5.840821503437993497e-04,-2.568428548975614234e-01,-1.323901636332530940e-01,-0.000000000000000000e+00,-1.645868347906485341e-01,-1.610871557533265774e-01,-0.000000000000000000e+00,-0.000000000000000000e+00,-0.000000000000000000e+00,-0.000000000000000000e+00,-0.000000000000000000e+00,-1.291782046351461488e-01,-5.570590842852878033e-03,-9.471805577292866096e-02,-0.000000000000000000e+00,-0.000000000000000000e+00,-0.000000000000000000e+00,-1.695989725700685323e-04,-9.382362165941525445e-02,-2.803889176141350359e-01,-3.443086076316326793e-01,0.000000000000000000e+00,-2.439817204360569258e-01,-0.000000000000000000e+00,-0.000000000000000000e+00,-9.987114268618203783e-02
-0.000000000000000000e+00,-1.203010273191164742e-01,-0.000000000000000000e+00,0.000000000000000000e+00,-0.000000000000000000e+00,0.000000000000000000e+00,0.000000000000000000e+00,0.000000000000000000e+00,-6.971906745184858201e-02,2.163706845652662913e+00,-0.000000000000000000e+00,-1.993350327135413325e-01,0.000000000000000000e+00,-1.847284457044751915e-01,-0.000000000000000000e+00,-7.249443851832744201e-01,-0.000000000000000000e+00,-0.000000000000000000e+00,-4.204649420813938443e-02,-0.000000000000000000e+00,-0.000000000000000000e+00,-0.000000000000000000e+00,-2.895726141012316956e-01,-0.000000000000000000e+00,-0.000000000000000000e+00,0.000000000000000000e+00,-0.000000000000000000e+00,-0.000000000000000000e+00,-0.000000000000000000e+00,-1.552113799763372159e-01,-9.677277535978968948e-02,-7.942271258479483356e-03,-7.019862669401995270e-02,-6.078893571033451571e-02,0.000000000000000000e+00,-0.000000000000000000e+00,-0.000000000000000000e+00,-0.000000000000000000e+00,-8.782035886260634860e-02
-3.381899184749866810e-02,-0.000000000000000000e+00,-0.000000000000000000e+00,-0.000000000000000000e+00,-0.000000000000000000e+00,0.000000000000000000e+00,-0.000000000000000000e+00,0.000000000000000000e+00,-0.000000000000000000e+00,-0.000000000000000000e+00,1.571284467824479503e+00,-0.000000000000000000e+00,-0.000000000000000000e+00,0.000000000000000000e+00,0.000000000000000000e+00,-0.000000000000000000e+00,-9.032739799874961450e-01,-0.000000000000000000e+00,0.000000000000000000e+00,7.969735835426422499e-02,4.586043350075704600e-02,0.000000000000000000e+00,0.000000000000000000e+00,0.000000000000000000e+00,-0.000000000000000000e+00,-5.705161887243757196e-02,-0.000000000000000000e+00,-0.000000000000000000e+00,0.000000000000000000e+00,-0.000000000000000000e+00,-0.000000000000000000e+00,-0.000000000000000000e+00,-0.000000000000000000e+00,-0.000000000000000000e+00,7.332646475614598702e-02,-1.332880748573464329e-02,3.772354490158821849e-02,-0.000000000000000000e+00,-0.000000000000000000e+00
-0.000000000000000000e+00,-2.925258515676867344e-01,-0.000000000000000000e+00,-0.000000000000000000e+00,-0.000000000000000000e+00,0.000000000000000000e+00,0.000000000000000000e+00,0.000000000000000000e+00,-0.000000000000000000e+00,-1.993350327135413325e-01,-0.000000000000000000e+00,2.458246760345167647e+00,0.000000000000000000e+00,-0.000000000000000000e+00,-6.044513615911744076e-01,-4.081003305393676728e-02,-0.000000000000000000e+00,-0.000000000000000000e+00,-0.000000000000000000e+00,-0.000000000000000000e+00,-2.811080616418920250e-02,-2.175487369705629559e-01,-1.117491519719452514e-01,-0.000000000000000000e+00,-0.000000000000000000e+00,0.000000000000000000e+00,-0.000000000000000000e+00,-0.000000000000000000e+00,-0.000000000000000000e+00,-0.000000000000000000e+00,-0.000000000000000000e+00,-3.115160009526533602e-01,-1.291762012773038093e-01,-0.000000000000000000e+00,0.000000000000000000e+00,-0.000000000000000000e+00,-2.644719902067539929e-01,-3.913928280985787961e-02,-2.842612872728464968e-01
-0.000000000000000000e+00,0.000000000000000000e+00,0.000000000000000000e+00,0.000000000000000000e+00,-0.000000000000000000e+00,-0.000000000000000000e+00,0.000000000000000000e+00,-0.000000000000000000e+00,0.000000000000000000e+00,0.000000000000000000e+00,-0.000000000000000000e+00,0.000000000000000000e+00,1.064017073291304127e+00,0.000000000000000000e+00,0.000000000000000000e+00,0.000000000000000000e+00,-0.000000000000000000e+00,0.000000000000000000e+00,0.000000000000000000e+00,0.000000000000000000e+00,6.800042729441886299e-03,5.494824691345392281e-02,2.213546522767114236e-02,-0.000000000000000000e+00,0.000000000000000000e+00,-0.000000000000000000e+00,0.000000000000000000e+00,0.000000000000000000e+00,0.000000000000000000e+00,1.686203430870876208e-01,9.032416685463029449e-02,0.000000000000000000e+00,0.000000000000000000e+00,0.000000000000000000e+00,-0.000000000000000000e+00,0.000000000000000000e+00,0.000000000000000000e+00,-0.000000000000000000e+00,0.000000000000000000e+00
-0.000000000000000000e+00,-0.000000000000000000e+00,-0.000000000000000000e+00,-0.000000000000000000e+00,-0.000000000000000000e+00,-0.000000000000000000e+00,-0.000000000000000000e+00,0.000000000000000000e+00,-5.840821503437993497e-04,-1.847284457044751915e-01,0.000000000000000000e+00,-0.000000000000000000e+00,0.000000000000000000e+00,1.953151777214315876e+00,-0.000000000000000000e+00,-1.591012090529452805e-01,-0.000000000000000000e+00,-0.000000000000000000e+00,-0.000000000000000000e+00,-0.000000000000000000e+00,-6.026902985708636890e-02,-3.537996540656972860e-02,-2.229326270716497638e-01,-5.586151724294075027e-02,-0.000000000000000000e+00,-0.000000000000000000e+00,-6.447593879418980767e-02,-0.000000000000000000e+00,-0.000000000000000000e+00,-1.328506873337202132e-01,-3.410755200113891883e-01,-2.515463336867490018e-01,-3.136832350631045263e-01,-0.000000000000000000e+00,0.000000000000000000e+00,-0.000000000000000000e+00,-8.587486846368415361e-02,-0.000000000000000000e+00,-0.000000000000000000e+00
-0.000000000000000000e+00,-1.887361506835577296e-01,-0.000000000000000000e+00,-0.000000000000000000e+00,-1.744679021840181074e-02,0.000000000000000000e+00,0.000000000000000000e+00,0.000000000000000000e+00,-2.568428548975614234e-01,-0.000000000000000000e+00,0.000000000000000000e+00,-6.044513615911744076e-01,0.000000000000000000e+00,-0.000000000000000000e+00,2.373981228877551253e+00,-0.000000000000000000e+00,-0.000000000000000000e+00,-0.000000000000000000e+00,-2.300470082208881106e-01,-0.000000000000000000e+00,-2.629503078617514283e-02,-0.000000000000000000e+00,-5.856157533001747628e-02,-0.000000000000000000e+00,-0.000000000000000000e+00,-0.000000000000000000e+00,-0.000000000000000000e+00,-0.000000000000000000e+00,-6.112892202023216710e-03,-0.000000000000000000e+00,-0.000000000000000000e+00,-1.751456922908207758e-01,-4.252891285720321324e-02,-2.426308910864821006e-02,0.000000000000000000e+00,-0.000000000000000000e+00,-3.258690583169848720e-01,-2.031651672685548804e-01,-2.449049327844242951e-01
-0.000000000000000000e+00,-3.840109524734396929e-01,-0.000000000000000000e+00,0.000000000000000000e+00,-0.000000000000000000e+00,0.000000000000000000e+00,-0.000000000000000000e+00,0.000000000000000000e+00,-1.323901636332530940e-01,-7.249443851832744201e-01,-0.000000000000000000e+00,-4.081003305393676728e-02,0.000000000000000000e+00,-1.591012090529452805e-01,-0.000000000000000000e+00,2.313624677766733306e+00,-0.000000000000000000e+00,-0.000000000000000000e+00,-0.000000000000000000e+00,-0.000000000000000000e+00,-0.000000000000000000e+00,-8.982266817913964196e-02,-0.000000000000000000e+00,-0.000000000000000000e+00,-0.000000000000000000e+00,-0.000000000000000000e+00,-0.000000000000000000e+00,-0.000000000000000000e+00,-0.000000000000000000e+00,-0.000000000000000000e+00,-4.035815118447735883e-02,-2.544270256889360482e-01,-7.196371612298003984e-02,-2.917067458938154070e-02,0.000000000000000000e+00,-0.000000000000000000e+00,-0.000000000000000000e+00,-1.565910289857753157e-01,-2.034340203658838997e-01
-1.385818786887596521e-01,-0.000000000000000000e+00,-8.708905744800950199e-02,-0.000000000000000000e+00,-0.000000000000000000e+00,0.000000000000000000e+00,-0.000000000000000000e+00,0.000000000000000000e+00,-0.000000000000000000e+00,-0.000000000000000000e+00,-9.032739799874961450e-01,-0.000000000000000000e+00,-0.000000000000000000e+00,-0.000000000000000000e+00,-0.000000000000000000e+00,-0.000000000000000000e+00,1.613048809710630138e+00,-0.000000000000000000e+00,-0.000000000000000000e+00,0.000000000000000000e+00,0.000000000000000000e+00,0.000000000000000000e+00,0.000000000000000000e+00,0.000000000000000000e+00,-0.000000000000000000e+00,-0.000000000000000000e+00,-0.000000000000000000e+00,-0.000000000000000000e+00,0.000000000000000000e+00,-0.000000000000000000e+00,-0.000000000000000000e+00,-0.000000000000000000e+00,-0.000000000000000000e+00,-0.000000000000000000e+00,1.413811607186438724e-01,-4.217198347415747339e-02,0.000000000000000000e+00,-0.000000000000000000e+00,-0.000000000000000000e+00
-0.000000000000000000e+00,-0.000000000000000000e+00,-3.146900500474076323e-01,-5.460980157768346305e-02,-4.490210406495206419e-01,0.000000000000000000e+00,-0.000000000000000000e+00,6.532853077060410407e-02,-1.645868347906485341e-01,-0.000000000000000000e+00,-0.000000000000000000e+00,-0.000000000000000000e+00,0.000000000000000000e+00,-0.000000000000000000e+00,-0.000000000000000000e+00,-0.000000000000000000e+00,-0.000000000000000000e+00,2.345315418684575715e+00,-7.895339564587977588e-01,0.000000000000000000e+00,-0.000000000000000000e+00,0.000000000000000000e+00,-0.000000000000000000e+00,-0.000000000000000000e+00,-0.000000000000000000e+00,-1.432467227009184552e-01,-0.000000000000000000e+00,-0.000000000000000000e+00,-0.000000000000000000e+00,-0.000000000000000000e+00,-0.000000000000000000e+00,-0.000000000000000000e+00,-0.000000000000000000e+00,-2.409483170427614562e-01,0.000000000000000000e+00,-1.052579060792214610e-01,-0.000000000000000000e+00,-0.000000000000000000e+00,-0.000000000000000000e+00
-0.000000000000000000e+00,-0.000000000000000000e+00,-0.000000000000000000e+00,-0.000000000000000000e+00,-2.028792536097236143e-01,0.000000000000000000e+00,-0.000000000000000000e+00,0.000000000000000000e+00,-1.610871557533265774e-01,-4.204649420813938443e-02,0.000000000000000000e+00,-0.000000000000000000e+00,0.000000000000000000e+00,-0.000000000000000000e+00,-2.300470082208881106e-01,-0.000000000000000000e+00,-0.000000000000000000e+00,-7.895339564587977588e-01,2.017501818569880090e+00,0.000000000000000000e+00,-0.000000000000000000e+00,-0.000000000000000000e+00,-0.000000000000000000e+00,-0.000000000000000000e+00,-0.000000000000000000e+00,-4.616024449625536624e-02,-7.940839587107105524e-02,-0.000000000000000000e+00,-0.000000000000000000e+00,-0.000000000000000000e+00,-0.000000000000000000e+00,-0.000000000000000000e+00,-4.476277779305570109e-02,-2.185798385734194216e-01,0.000000000000000000e+00,-0.000000000000000000e+00,-0.000000000000000000e+00,-0.000000000000000000e+00,-0.000000000000000000e+00
0.000000000000000000e+00,-0.000000000000000000e+00,1.102487860630198130e-01,0.000000000000000000e+00,0.000000000000000000e+00,-0.000000000000000000e+00,0.000000000000000000e+00,-2.024036306139539998e-01,-0.000000000000000000e+00,-0.000000000000000000e+00,7.969735835426422499e-02,-0.000000000000000000e+00,0.000000000000000000e+00,-0.000000000000000000e+00,-0.000000000000000000e+00,-0.000000000000000000e+00,0.000000000000000000e+00,0.000000000000000000e+00,0.000000000000000000e+00,1.220423444720084127e+00,-0.000000000000000000e+00,-4.150807209108562934e-01,-0.000000000000000000e+00,0.000000000000000000e+00,-0.000000000000000000e+00,4.748126206878948430e-02,-0.000000000000000000e+00,0.000000000000000000e+00,-0.000000000000000000e+00,-2.257918155419317858e-03,-0.000000000000000000e+00,-0.000000000000000000e+00,-0.000000000000000000e+00,0.000000000000000000e+00,-0.000000000000000000e+00,-0.000000000000000000e+00,-1.046401442751336563e-01,0.000000000000000000e+00,0.000000000000000000e+00
-0.000000000000000000e+00,-8.503299592663692008e-02,-0.000000000000000000e+00,0.000000000000000000e+00,-0.000000000000000000e+00,-0.000000000000000000e+00,-0.000000000000000000e+00,0.000000000000000000e+00,-0.000000000000000000e+00,-0.000000000000000000e+00,4.586043350075704600e-02,-2.811080616418920250e-02,6.800042729441886299e-03,-6.026902985708636890e-02,-2.629503078617514283e-02,-0.000000000000000000e+00,0.000000000000000000e+00,-0.000000000000000000e+00,-0.000000000000000000e+00,-0.000000000000000000e+00,1.443195680104704559e+00,-8.785519059718280288e-02,-4.002428960614383413e-02,-0.000000000000000000e+00,-0.000000000000000000e+00,0.000000000000000000e+00,-0.000000000000000000e+00,-0.000000000000000000e+00,-2.711397323441641985e-02,-0.000000000000000000e+00,-1.779356070216222066e-02,-1.251520130478530890e-01,-9.500758713623538854e-02,-0.000000000000000000e+00,-0.000000000000000000e+00,-0.000000000000000000e+00,-4.420489633101897797e-01,-0.000000000000000000e+00,-0.000000000000000000e+00
0.000000000000000000e+00,-0.000000000000000000e+00,0.000000000000000000e+00,0.000000000000000000e+00,0.000000000000000000e+00,0.000000000000000000e+00,-0.000000000000000000e+00,-0.000000000000000000e+00,-0.000000000000000000e+00,-0.000000000000000000e+00,0.000000000000000000e+00,-2.175487369705629559e-01,5.494824691345392281e-02,-3.537996540656972860e-02,-0.000000000000000000e+00,-8.982266817913964196e-02,0.000000000000000000e+00,0.000000000000000000e+00,-0.000000000000000000e+00,-4.150807209108562934e-01,-8.785519059718280288e-02,1.476946099565465742e+00,-1.611817869827404659e-02,0.000000000000000000e+00,0.000000000000000000e+00,0.000000000000000000e+00,-1.118668634100860176e-01,-0.000000000000000000e+00,-0.000000000000000000e+00,-1.110872673931085491e-01,-0.000000000000000000e+00,-2.342810269830522263e-01,-0.000000000000000000e+00,-0.000000000000000000e+00,0.000000000000000000e+00,-0.000000000000000000e+00,-1.172319236917676762e-02,-0.000000000000000000e+00,-0.000000000000000000e+00
-0.000000000000000000e+00,-0.000000000000000000e+00,-0.000000000000000000e+00,0.000000000000000000e+00,-0.000000000000000000e+00,-0.000000000000000000e+00,-0.000000000000000000e+00,0.000000000000000000e+00,-0.000000000000000000e+00,-2.895726141012316956e-01,0.000000000000000000e+00,-1.117491519719452514e-01,2.213546522767114236e-02,-2.229326270716497638e-01,-5.856157533001747628e-02,-0.000000000000000000e+00,0.000000000000000000e+00,-0.000000000000000000e+00,-0.000000000000000000e+00,-0.000000000000000000e+00,-4.002428960614383413e-02,-1.611817869827404659e-02,2.135122314319755521e+00,-0.000000000000000000e+00,-4.288709468232462241e-01,0.000000000000000000e+00,-0.000000000000000000e+00,-0.000000000000000000e+00,-0.000000000000000000e+00,-1.259167706900792549e-01,-7.052708132433076205e-02,-3.210362451278045426e-01,-1.732887708082763156e-01,-0.000000000000000000e+00,0.000000000000000000e+00,-0.000000000000000000e+00,-3.220959207748408382e-01,-0.000000000000000000e+00,-4.786324858013841360e-02
-0.000000000000000000e+00,-0.000000000000000000e+00,-0.000000000000000000e+00,-0.000000000000000000e+00,-0.000000000000000000e+00,-0.000000000000000000e+00,0.000000000000000000e+00,-0.000000000000000000e+00,-0.000000000000000000e+00,-0.000000000000000000e+00,0.000000000000000000e+00,-0.000000000000000000e+00,-0.000000000000000000e+00,-5.586151724294075027e-02,-0.000000000000000000e+00,-0.000000000000000000e+00,0.000000000000000000e+00,-0.000000000000000000e+00,-0.000000000000000000e+00,0.000000000000000000e+00,-0.000000000000000000e+00,0.000000000000000000e+00,-0.000000000000000000e+00,1.071799366361519956e+00,-0.000000000000000000e+00,-0.000000000000000000e+00,-0.000000000000000000e+00,-0.000000000000000000e+00,-9.592799014865152629e-02,0.000000000000000000e+00,0.000000000000000000e+00,-0.000000000000000000e+00,-0.000000000000000000e+00,-0.000000000000000000e+00,-2.038081843864929799e-01,0.000000000000000000e+00,-9.362105406153936604e-02,-0.000000000000000000e+00,-0.000000000000000000e+00
-0.000000000000000000e+00,-0.000000000000000000e+00,-0.000000000000000000e+00,0.000000000000000000e+00,-0.000000000000000000e+00,-5.086011672426567209e-02,-0.000000000000000000e+00,0.000000000000000000e+00,-1.291782046351461488e-01,-0.000000000000000000e+00,-0.000000000000000000e+00,-0.000000000000000000e+00,0.000000000000000000e+00,-0.000000000000000000e+00,-0.000000000000000000e+00,-0.000000000000000000e+00,-0.000000000000000000e+00,-0.000000000000000000e+00,-0.000000000000000000e+00,-0.000000000000000000e+00,-0.000000000000000000e+00,0.000000000000000000e+00,-4.288709468232462241e-01,-0.000000000000000000e+00,1.298541752854702969e+00,-0.000000000000000000e+00,-0.000000000000000000e+00,-0.000000000000000000e+00,-6.545806525989891766e-02,-0.000000000000000000e+00,-0.000000000000000000e+00,-0.000000000000000000e+00,-0.000000000000000000e+00,-0.000000000000000000e+00,-0.000000000000000000e+00,-1.452238320123141468e-01,-0.000000000000000000e+00,-0.000000000000000000e+00,-2.735833195398358966e-02
-2.054667614346221971e-01,-0.000000000000000000e+00,-2.628137869436553142e-01,-2.049995311836575740e-01,-5.664165760335684863e-02,-0.000000000000000000e+00,-0.000000000000000000e+00,6.151751805823824082e-02,-5.570590842852878033e-03,0.000000000000000000e+00,-5.705161887243757196e-02,0.000000000000000000e+00,-0.000000000000000000e+00,-0.000000000000000000e+00,-0.000000000000000000e+00,-0.000000000000000000e+00,-0.000000000000000000e+00,-1.432467227009184552e-01,-4.616024449625536624e-02,4.748126206878948430e-02,0.000000000000000000e+00,0.000000000000000000e+00,0.000000000000000000e+00,-0.000000000000000000e+00,-0.000000000000000000e+00,1.529511115417953038e+00,-4.232865980297963876e-02,-0.000000000000000000e+00,-0.000000000000000000e+00,0.000000000000000000e+00,-0.000000000000000000e+00,-0.000000000000000000e+00,-0.000000000000000000e+00,-1.266927818865817013e-01,0.000000000000000000e+00,-1.155187507622473519e-01,0.000000000000000000e+00,-0.000000000000000000e+00,-0.000000000000000000e+00
-0.000000000000000000e+00,-0.000000000000000000e+00,-0.000000000000000000e+00,-0.000000000000000000e+00,-0.000000000000000000e+00,0.000000000000000000e+00,-1.150612467346121964e-01,0.000000000000000000e+00,-9.471805577292866096e-02,-0.000000000000000000e+00,-0.000000000000000000e+00,-0.000000000000000000e+00,0.000000000000000000e+00,-6.447593879418980767e-02,-0.000000000000000000e+00,-0.000000000000000000e+00,-0.000000000000000000e+00,-0.000000000000000000e+00,-7.940839587107105524e-02,-0.000000000000000000e+00,-0.000000000000000000e+00,-1.118668634100860176e-01,-0.000000000000000000e+00,-0.000000000000000000e+00,-0.000000000000000000e+00,-4.232865980297963876e-02,1.670975615642032341e+00,-3.110765288605920609e-01,-0.000000000000000000e+00,-0.000000000000000000e+00,-9.826380228752561174e-02,-1.109421891771326385e-01,-3.340568128142533122e-01,-0.000000000000000000e+00,0.000000000000000000e+00,-2.144653263421129330e-01,-0.000000000000000000e+00,-0.000000000000000000e+00,-0.000000000000000000e+00
-0.000000000000000000e+00,-5.507354733287472132e-02,-0.000000000000000000e+00,-3.682315992125960724e-01,-0.000000000000000000e+00,0.000000000000000000e+00,-2.183481836986093660e-01,6.506916160977387065e-02,-0.000000000000000000e+00,-0.000000000000000000e+00,-0.000000000000000000e+00,-0.000000000000000000e+00,0.000000000000000000e+00,-0.000000000000000000e+00,-0.000000000000000000e+00,-0.000000000000000000e+00,-0.000000000000000000e+00,-0.000000000000000000e+00,-0.000000000000000000e+00,0.000000000000000000e+00,-0.000000000000000000e+00,-0.000000000000000000e+00,-0.000000000000000000e+00,-0.000000000000000000e+00,-0.000000000000000000e+00,-0.000000000000000000e+00,-3.110765288605920609e-01,1.582310663036984089e+00,-0.000000000000000000e+00,-2.006363322980839539e-02,-0.000000000000000000e+00,-5.079183516349852767e-02,-1.822418410213849926e-01,-5.155388648533903301e-02,0.000000000000000000e+00,-1.476893853122401012e-01,-0.000000000000000000e+00,-0.000000000000000000e+00,-9.548887825709326260e-03
-0.000000000000000000e+00,-0.000000000000000000e+00,-0.000000000000000000e+00,-0.000000000000000000e+00,-0.000000000000000000e+00,-5.128285663376967729e-02,-0.000000000000000000e+00,0.000000000000000000e+00,-0.000000000000000000e+00,-0.000000000000000000e+00,0.000000000000000000e+00,-0.000000000000000000e+00,0.000000000000000000e+00,-0.000000000000000000e+00,-6.112892202023216710e-03,-0.000000000000000000e+00,0.000000000000000000e+00,-0.000000000000000000e+00,-0.000000000000000000e+00,-0.000000000000000000e+00,-2.711397323441641985e-02,-0.000000000000000000e+00,-0.000000000000000000e+00,-9.592799014865152629e-02,-6.545806525989891766e-02,-0.000000000000000000e+00,-0.000000000000000000e+00,-0.000000000000000000e+00,1.219056249105115119e+00,-0.000000000000000000e+00,-0.000000000000000000e+00,-0.000000000000000000e+00,-1.289448830413218450e-01,-0.000000000000000000e+00,-0.000000000000000000e+00,-0.000000000000000000e+00,-3.634804496802253593e-01,-0.000000000000000000e+00,-0.000000000000000000e+00
0.000000000000000000e+00,-0.000000000000000000e+00,-0.000000000000000000e+00,-0.000000000000000000e+00,-0.000000000000000000e+00,0.000000000000000000e+00,-6.561828169907597819e-02,0.000000000000000000e+00,-0.000000000000000000e+00,-1.552113799763372159e-01,-0.000000000000000000e+00,-0.000000000000000000e+00,1.686203430870876208e-01,-1.328506873337202132e-01,-0.000000000000000000e+00,-0.000000000000000000e+00,-0.000000000000000000e+00,-0.000000000000000000e+00,-0.000000000000000000e+00,-2.257918155419317858e-03,-0.000000000000000000e+00,-1.110872673931085491e-01,-1.259167706900792549e-01,0.000000000000000000e+00,-0.000000000000000000e+00,0.000000000000000000e+00,-0.000000000000000000e+00,-2.006363322980839539e-02,-0.000000000000000000e+00,1.407155006180562884e+00,-3.174406855172423603e-01,-0.000000000000000000e+00,-0.000000000000000000e+00,-0.000000000000000000e+00,1.309445996442337445e-01,-4.736194157520375037e-02,-0.000000000000000000e+00,-0.000000000000000000e+00,-0.000000000000000000e+00
-0.000000000000000000e+00,-0.000000000000000000e+00,-1.067797568541093561e-01,-0.000000000000000000e+00,-0.000000000000000000e+00,0.000000000000000000e+00,-0.000000000000000000e+00,4.624283818592838345e-03,-1.695989725700685323e-04,-9.677277535978968948e-02,-0.000000000000000000e+00,-0.000000000000000000e+00,9.032416685463029449e-02,-3.410755200113891883e-01,-0.000000000000000000e+00,-4.035815118447735883e-02,-0.000000000000000000e+00,-0.000000000000000000e+00,-0.000000000000000000e+00,-0.000000000000000000e+00,-1.779356070216222066e-02,-0.000000000000000000e+00,-7.052708132433076205e-02,0.000000000000000000e+00,-0.000000000000000000e+00,-0.000000000000000000e+00,-9.826380228752561174e-02,-0.000000000000000000e+00,-0.000000000000000000e+00,-3.174406855172423603e-01,1.752327003042256859e+00,-1.939537744205796499e-01,-2.240538422905944960e-01,-5.557169608558681223e-02,0.000000000000000000e+00,-1.287704858360020146e-02,-0.000000000000000000e+00,-0.000000000000000000e+00,-0.000000000000000000e+00
-0.000000000000000000e+00,-1.062596760145469582e-01,-0.000000000000000000e+00,-0.000000000000000000e+00,-0.000000000000000000e+00,-0.000000000000000000e+00,-0.000000000000000000e+00,0.000000000000000000e+00,-9.382362165941525445e-02,-7.942271258479483356e-03,-0.000000000000000000e+00,-3.115160009526533602e-01,0.000000000000000000e+00,-2.515463336867490018e-01,-1.751456922908207758e-01,-2.544270256889360482e-01,-0.000000000000000000e+00,-0.000000000000000000e+00,-0.000000000000000000e+00,-0.000000000000000000e+00,-1.251520130478530890e-01,-2.342810269830522263e-01,-3.210362451278045426e-01,-0.000000000000000000e+00,-0.000000000000000000e+00,-0.000000000000000000e+00,-1.109421891771326385e-01,-5.079183516349852767e-02,-0.000000000000000000e+00,-0.000000000000000000e+00,-1.939537744205796499e-01,2.414487853977241194e+00,-2.002527156183099566e-01,-0.000000000000000000e+00,0.000000000000000000e+00,-0.000000000000000000e+00,-1.803253468078418742e-01,-0.000000000000000000e+00,-0.000000000000000000e+00
-0.000000000000000000e+00,-1.281290601721891964e-02,-0.000000000000000000e+00,-0.000000000000000000e+00,-0.000000000000000000e+00,-0.000000000000000000e+00,-0.000000000000000000e+00,0.000000000000000000e+00,-2.803889176141350359e-01,-7.019862669401995270e-02,-0.000000000000000000e+00,-1.291762012773038093e-01,0.000000000000000000e+00,-3.136832350631045263e-01,-4.252891285720321324e-02,-7.196371612298003984e-02,-0.000000000000000000e+00,-0.000000000000000000e+00,-4.476277779305570109e-02,-0.000000000000000000e+00,-9.500758713623538854e-02,-0.000000000000000000e+00,-1.732887708082763156e-01,-0.000000000000000000e+00,-0.000000000000000000e+00,-0.000000000000000000e+00,-3.340568128142533122e-01,-1.822418410213849926e-01,-1.289448830413218450e-01,-0.000000000000000000e+00,-2.240538422905944960e-01,-2.002527156183099566e-01,2.404339173829642462e+00,-1.792079418702801352e-01,0.000000000000000000e+00,-9.801081140996480145e-02,-1.356589032383157256e-01,-0.000000000000000000e+00,-0.000000000000000000e+00
-1.138925310512174938e-01,-5.654904773028046616e-03,-3.934250098527246053e-01,-0.000000000000000000e+00,-4.661161220561303442e-01,0.000000000000000000e+00,-0.000000000000000000e+00,1.100186809327435011e-01,-3.443086076316326793e-01,-6.078893571033451571e-02,-0.000000000000000000e+00,-0.000000000000000000e+00,0.000000000000000000e+00,-0.000000000000000000e+00,-2.426308910864821006e-02,-2.917067458938154070e-02,-0.000000000000000000e+00,-2.409483170427614562e-01,-2.185798385734194216e-01,0.000000000000000000e+00,-0.000000000000000000e+00,-0.000000000000000000e+00,-0.000000000000000000e+00,-0.000000000000000000e+00,-0.000000000000000000e+00,-1.266927818865817013e-01,-0.000000000000000000e+00,-5.155388648533903301e-02,-0.000000000000000000e+00,-0.000000000000000000e+00,-5.557169608558681223e-02,-0.000000000000000000e+00,-1.792079418702801352e-01,2.506817866378812543e+00,0.000000000000000000e+00,-2.064716290031555213e-01,-0.000000000000000000e+00,-0.000000000000000000e+00,-1.008433958695501842e-01
0.000000000000000000e+00,0.000000000000000000e+00,0.000000000000000000e+00,0.000000000000000000e+00,0.000000000000000000e+00,-2.938529847852532906e-01,0.000000000000000000e+00,-0.000000000000000000e+00,0.000000000000000000e+00,0.000000000000000000e+00,7.332646475614598702e-02,0.000000000000000000e+00,-0.000000000000000000e+00,0.000000000000000000e+00,0.000000000000000000e+00,0.000000000000000000e+00,1.413811607186438724e-01,0.000000000000000000e+00,0.000000000000000000e+00,-0.000000000000000000e+00,-0.000000000000000000e+00,0.000000000000000000e+00,0.000000000000000000e+00,-2.038081843864929799e-01,-0.000000000000000000e+00,0.000000000000000000e+00,0.000000000000000000e+00,0.000000000000000000e+00,-0.000000000000000000e+00,1.309445996442337445e-01,0.000000000000000000e+00,0.000000000000000000e+00,0.000000000000000000e+00,0.000000000000000000e+00,1.171243446628526197e+00,0.000000000000000000e+00,-0.000000000000000000e+00,0.000000000000000000e+00,0.000000000000000000e+00
-0.000000000000000000e+00,-0.000000000000000000e+00,-1.099613814625091668e-01,-6.530177595568062605e-03,-0.000000000000000000e+00,0.000000000000000000e+00,-0.000000000000000000e+00,1.846545186849744835e-01,-2.439817204360569258e-01,-0.000000000000000000e+00,-1.332880748573464329e-02,-0.000000000000000000e+00,0.000000000000000000e+00,-0.000000000000000000e+00,-0.000000000000000000e+00,-0.000000000000000000e+00,-4.217198347415747339e-02,-1.052579060792214610e-01,-0.000000000000000000e+00,-0.000000000000000000e+00,-0.000000000000000000e+00,-0.000000000000000000e+00,-0.000000000000000000e+00,0.000000000000000000e+00,-1.452238320123141468e-01,-1.155187507622473519e-01,-2.144653263421129330e-01,-1.476893853122401012e-01,-0.000000000000000000e+00,-4.736194157520375037e-02,-1.287704858360020146e-02,-0.000000000000000000e+00,-9.801081140996480145e-02,-2.064716290031555213e-01,0.000000000000000000e+00,1.714627910284092671e+00,-0.000000000000000000e+00,-0.000000000000000000e+00,-0.000000000000000000e+00
-0.000000000000000000e+00,-5.878758294873748236e-02,0.000000000000000000e+00,0.000000000000000000e+00,-0.000000000000000000e+00,-0.000000000000000000e+00,0.000000000000000000e+00,-0.000000000000000000e+00,-0.000000000000000000e+00,-0.000000000000000000e+00,3.772354490158821849e-02,-2.644719902067539929e-01,0.000000000000000000e+00,-8.587486846368415361e-02,-3.258690583169848720e-01,-0.000000000000000000e+00,0.000000000000000000e+00,-0.000000000000000000e+00,-0.000000000000000000e+00,-1.046401442751336563e-01,-4.420489633101897797e-01,-1.172319236917676762e-02,-3.220959207748408382e-01,-9.362105406153936604e-02,-0.000000000000000000e+00,0.000000000000000000e+00,-0.000000000000000000e+00,-0.000000000000000000e+00,-3.634804496802253593e-01,-0.000000000000000000e+00,-0.000000000000000000e+00,-1.803253468078418742e-01,-1.356589032383157256e-01,-0.000000000000000000e+00,-0.000000000000000000e+00,-0.000000000000000000e+00,2.142825114193123159e+00,-0.000000000000000000e+00,-0.000000000000000000e+00
-4.095600834503803078e-01,-2.227075336749906598e-01,-0.000000000000000000e+00,0.000000000000000000e+00,-3.136495892746454101e-02,0.000000000000000000e+00,0.000000000000000000e+00,0.000000000000000000e+00,-0.000000000000000000e+00,-0.000000000000000000e+00,-0.000000000000000000e+00,-3.913928280985787961e-02,-0.000000000000000000e+00,-0.000000000000000000e+00,-2.031651672685548804e-01,-1.565910289857753157e-01,-0.000000000000000000e+00,-0.000000000000000000e+00,-0.000000000000000000e+00,0.000000000000000000e+00,-0.000000000000000000e+00,-0.000000000000000000e+00,-0.000000000000000000e+00,-0.000000000000000000e+00,-0.000000000000000000e+00,-0.000000000000000000e+00,-0.000000000000000000e+00,-0.000000000000000000e+00,-0.000000000000000000e+00,-0.000000000000000000e+00,-0.000000000000000000e+00,-0.000000000000000000e+00,-0.000000000000000000e+00,-0.000000000000000000e+00,0.000000000000000000e+00,-0.000000000000000000e+00,-0.000000000000000000e+00,2.086517010982555487e+00,-8.230026751291997789e-01
-5.112416510784779933e-02,-3.958001655549336917e-01,-0.000000000000000000e+00,-0.000000000000000000e+00,-1.876722493868675928e-02,0.000000000000000000e+00,0.000000000000000000e+00,0.000000000000000000e+00,-9.987114268618203783e-02,-8.782035886260634860e-02,-0.000000000000000000e+00,-2.842612872728464968e-01,0.000000000000000000e+00,-0.000000000000000000e+00,-2.449049327844242951e-01,-2.034340203658838997e-01,-0.000000000000000000e+00,-0.000000000000000000e+00,-0.000000000000000000e+00,0.000000000000000000e+00,-0.000000000000000000e+00,-0.000000000000000000e+00,-4.786324858013841360e-02,-0.000000000000000000e+00,-2.735833195398358966e-02,-0.000000000000000000e+00,-0.000000000000000000e+00,-9.548887825709326260e-03,-0.000000000000000000e+00,-0.000000000000000000e+00,-0.000000000000000000e+00,-0.000000000000000000e+00,-0.000000000000000000e+00,-1.008433958695501842e-01,0.000000000000000000e+00,-0.000000000000000000e+00,-0.000000000000000000e+00,-8.230026751291997789e-01,2.419523935780184765e+00
