1.430895768896818243e+00,-3.048182034355561010e-01,-0.000000000000000000e+00,-0.000000000000000000e+00,-0.000000000000000000e+00,-0.000000000000000000e+00,-0.000000000000000000e+00,0.000000000000000000e+00,-0.000000000000000000e+00,0.000000000000000000e+00,-0.000000000000000000e+00,-0.000000000000000000e+00,0.000000000000000000e+00,-0.000000000000000000e+00,-0.000000000000000000e+00,0.000000000000000000e+00,-0.000000000000000000e+00,0.000000000000000000e+00,0.000000000000000000e+00,-0.000000000000000000e+00,-0.000000000000000000e+00,-0.000000000000000000e+00,-9.888276286572965368e-02,-0.000000000000000000e+00,-0.000000000000000000e+00,-0.000000000000000000e+00,-1.638065560030844414e-01,-0.000000000000000000e+00,-2.692261070887956853e-01,-0.000000000000000000e+00,-6.347657774392222174e-02,-1.448209940795547879e-01,-0.000000000000000000e+00,-0.000000000000000000e+00,-0.000000000000000000e+00,-0.000000000000000000e+00,-0.000000000000000000e+00,0.000000000000000000e+00,-0.000000000000000000e+00
-3.048182034355561010e-01,1.783017504783613205e+00,-1.012751434585686672e-01,0.000000000000000000e+00,-0.000000000000000000e+00,-0.000000000000000000e+00,-0.000000000000000000e+00,0.000000000000000000e+00,-0.000000000000000000e+00,-0.000000000000000000e+00,-0.000000000000000000e+00,-0.000000000000000000e+00,0.000000000000000000e+00,-2.789260531322690709e-02,-0.000000000000000000e+00,-0.000000000000000000e+00,-0.000000000000000000e+00,-0.000000000000000000e+00,-0.000000000000000000e+00,-1.792490584877395182e-02,-0.000000000000000000e+00,-1.460785712866659591e-01,-1.754324063759133551e-02,-0.000000000000000000e+00,-3.203806775525336326e-01,-0.000000000000000000e+00,-0.000000000000000000e+00,-1.108863899201783798e-01,-0.000000000000000000e+00,-4.640448996173674595e-02,-1.030550672272446400e-01,-3.227355738523487449e-01,-0.000000000000000000e+00,-0.000000000000000000e+00,-0.000000000000000000e+00,-8.968256752414351107e-02,-1.169954531955434973e-01,-0.000000000000000000e+00,-0.000000000000000000e+00
-0.000000000000000000e+00,-1.012751434585686672e-01,2.797230538033446123e+00,-0.000000000000000000e+00,-0.000000000000000000e+00,-0.000000000000000000e+00,-1.012557424969740688e-01,4.740351709700539318e-01,-0.000000000000000000e+00,-7.214120214038881318e-02,-3.198483708137687172e-03,-7.374094626857274903e-02,0.000000000000000000e+00,-5.579960526263565146e-02,-2.619782386247506145e-01,-2.536091216561095485e-01,-0.000000000000000000e+00,-7.276081631478024947e-02,-0.000000000000000000e+00,-7.430594213216142052e-02,-3.693330190959762671e-01,-3.263384543951874384e-01,-4.337326638439097798e-02,-0.000000000000000000e+00,-0.000000000000000000e+00,-0.000000000000000000e+00,-0.000000000000000000e+00,-0.000000000000000000e+00,-0.000000000000000000e+00,-3.577345217447936571e-02,-2.911127672087311050e-03,-1.025473641356484528e-01,-5.569441129499765886e-01,-0.000000000000000000e+00,-0.000000000000000000e+00,-0.000000000000000000e+00,-2.364791899998936187e-01,-0.000000000000000000e+00,-1.428507794140834730e-01
-0.000000000000000000e+00,0.000000000000000000e+00,-0.000000000000000000e+00,1.018555211690483464e+00,-0.000000000000000000e+00,-1.401957837756944991e-01,-0.000000000000000000e+00,0.000000000000000000e+00,0.000000000000000000e+00,0.000000000000000000e+00,-0.000000000000000000e+00,0.000000000000000000e+00,0.000000000000000000e+00,0.000000000000000000e+00,0.000000000000000000e+00,0.000000000000000000e+00,-0.000000000000000000e+00,-0.000000000000000000e+00,0.000000000000000000e+00,0.000000000000000000e+00,-0.000000000000000000e+00,0.000000000000000000e+00,0.000000000000000000e+00,0.000000000000000000e+00,-0.000000000000000000e+00,-0.000000000000000000e+00,-0.000000000000000000e+00,0.000000000000000000e+00,-0.000000000000000000e+00,0.000000000000000000e+00,-0.000000000000000000e+00,-0.000000000000000000e+00,-0.000000000000000000e+00,2.630986627910094841e-02,-0.000000000000000000e+00,0.000000000000000000e+00,-0.000000000000000000e+00,0.000000000000000000e+00,0.000000000000000000e+00
-0.000000000000000000e+00,-0.000000000000000000e+00,-0.000000000000000000e+00,-0.000000000000000000e+00,2.162496357302643002e+00,-0.000000000000000000e+00,-0.000000000000000000e+00,0.000000000000000000e+00,-1.007908737169259106e-01,-0.000000000000000000e+00,-1.625796759790360327e-02,-0.000000000000000000e+00,0.000000000000000000e+00,-8.759005148068087221e-02,-0.000000000000000000e+00,-0.000000000000000000e+00,-0.000000000000000000e+00,-0.000000000000000000e+00,-1.295703022481766720e-01,-0.000000000000000000e+00,-0.000000000000000000e+00,-0.000000000000000000e+00,-0.000000000000000000e+00,-0.000000000000000000e+00,-0.000000000000000000e+00,-5.907926401906699043e-01,-5.630342370396494989e-01,-0.000000000000000000e+00,-0.000000000000000000e+00,-0.000000000000000000e+00,-1.410073905849051346e-01,-0.000000000000000000e+00,-0.000000000000000000e+00,-3.708877428621875083e-01,-0.000000000000000000e+00,-2.005046400710997490e-01,-0.000000000000000000e+00,-0.000000000000000000e+00,-0.000000000000000000e+00
-0.000000000000000000e+00,-0.000000000000000000e+00,-0.000000000000000000e+00,-1.401957837756944991e-01,-0.000000000000000000e+00,1.438070419231291419e+00,-0.000000000000000000e+00,0.000000000000000000e+00,-0.000000000000000000e+00,-0.000000000000000000e+00,-0.000000000000000000e+00,0.000000000000000000e+00,0.000000000000000000e+00,-0.000000000000000000e+00,-0.000000000000000000e+00,-0.000000000000000000e+00,-1.230667846658835100e-02,-0.000000000000000000e+00,0.000000000000000000e+00,-0.000000000000000000e+00,-0.000000000000000000e+00,-0.000000000000000000e+00,-6.251908391174425261e-02,-6.872523547645251196e-02,-0.000000000000000000e+00,-0.000000000000000000e+00,-0.000000000000000000e+00,-0.000000000000000000e+00,-4.819817593491788621e-01,-0.000000000000000000e+00,-8.495685242432350626e-02,-1.972448295117423533e-01,-0.000000000000000000e+00,-0.000000000000000000e+00,-5.074949061117148275e-02,-0.000000000000000000e+00,-0.000000000000000000e+00,-0.000000000000000000e+00,-0.000000000000000000e+00
-0.000000000000000000e+00,-0.000000000000000000e+00,-1.012557424969740688e-01,-0.000000000000000000e+00,-0.000000000000000000e+00,-0.000000000000000000e+00,1.313488014171719565e+00,0.000000000000000000e+00,-0.000000000000000000e+00,-0.000000000000000000e+00,-0.000000000000000000e+00,-0.000000000000000000e+00,-0.000000000000000000e+00,-0.000000000000000000e+00,-0.000000000000000000e+00,-2.382633300592086958e-02,-0.000000000000000000e+00,-3.836473707721110848e-02,-0.000000000000000000e+00,-4.826777534349731974e-02,-0.000000000000000000e+00,-3.091560553615240181e-01,-5.287074317052197978e-03,-0.000000000000000000e+00,-0.000000000000000000e+00,-0.000000000000000000e+00,-0.000000000000000000e+00,-1.091740413431485784e-01,-0.000000000000000000e+00,-0.000000000000000000e+00,-8.764061941729292537e-02,-1.312895924001316293e-02,-1.524696374705966917e-01,-0.000000000000000000e+00,-0.000000000000000000e+00,-0.000000000000000000e+00,-0.000000000000000000e+00,-0.000000000000000000e+00,-0.000000000000000000e+00
0.000000000000000000e+00,0.000000000000000000e+00,4.740351709700539318e-01,0.000000000000000000e+00,0.000000000000000000e+00,0.000000000000000000e+00,0.000000000000000000e+00,1.374330920125436561e+00,0.000000000000000000e+00,0.000000000000000000e+00,9.586582526366471679e-02,0.000000000000000000e+00,-0.000000000000000000e+00,0.000000000000000000e+00,0.000000000000000000e+00,3.949178022238202662e-02,0.000000000000000000e+00,0.000000000000000000e+00,0.000000000000000000e+00,0.000000000000000000e+00,1.544471885854993565e-01,0.000000000000000000e+00,0.000000000000000000e+00,0.000000000000000000e+00,0.000000000000000000e+00,0.000000000000000000e+00,0.000000000000000000e+00,0.000000000000000000e+00,0.000000000000000000e+00,0.000000000000000000e+00,0.000000000000000000e+00,0.000000000000000000e+00,1.032975817559478315e-01,0.000000000000000000e+00,0.000000000000000000e+00,0.000000000000000000e+00,6.925739271520468636e-03,0.000000000000000000e+00,0.000000000000000000e+00
-0.000000000000000000e+00,-0.000000000000000000e+00,-0.000000000000000000e+00,0.000000000000000000e+00,-1.007908737169259106e-01,-0.000000000000000000e+00,-0.000000000000000000e+00,0.000000000000000000e+00,1.864268451103425539e+00,-0.000000000000000000e+00,-1.276429607570868374e-01,-0.000000000000000000e+00,0.000000000000000000e+00,-1.550074128895318759e-01,-2.718597426697635933e-02,-7.277884408536607064e-02,-0.000000000000000000e+00,-0.000000000000000000e+00,-2.012076099508348093e-01,-0.000000000000000000e+00,-0.000000000000000000e+00,-0.000000000000000000e+00,-1.305770824394449636e-01,-6.018439813253403936e-02,-3.587400571139802256e-03,-0.000000000000000000e+00,-0.000000000000000000e+00,-0.000000000000000000e+00,-0.000000000000000000e+00,-2.352466117939968626e-01,-3.727756970016141841e-02,-3.959679283926281074e-02,-0.000000000000000000e+00,-3.602023794467212880e-01,-0.000000000000000000e+00,-7.310059430094104798e-05,-0.000000000000000000e+00,-1.591597606877995508e-01,-2.368592165926441950e-01
0.000000000000000000e+00,-0.000000000000000000e+00,-7.214120214038881318e-02,0.000000000000000000e+00,-0.000000000000000000e+00,-0.000000000000000000e+00,-0.000000000000000000e+00,0.000000000000000000e+00,-0.000000000000000000e+00,2.173282087698095832e+00,-0.000000000000000000e+00,-2.171024239393972433e-01,0.000000000000000000e+00,-0.000000000000000000e+00,-0.000000000000000000e+00,-1.000419926213855559e+00,0.000000000000000000e+00,-0.000000000000000000e+00,-0.000000000000000000e+00,-0.000000000000000000e+00,-4.106019441523323793e-03,-0.000000000000000000e+00,-0.000000000000000000e+00,-0.000000000000000000e+00,-0.000000000000000000e+00,-0.000000000000000000e+00,-0.000000000000000000e+00,-0.000000000000000000e+00,0.000000000000000000e+00,-1.726870230211250135e-01,-0.000000000000000000e+00,-0.000000000000000000e+00,-0.000000000000000000e+00,-0.000000000000000000e+00,-0.000000000000000000e+00,-0.000000000000000000e+00,-0.000000000000000000e+00,-2.892662566252522383e-01,-2.309685131394114965e-01
-0.000000000000000000e+00,-0.000000000000000000e+00,-3.198483708137687172e-03,-0.000000000000000000e+00,-1.625796759790360327e-02,-0.000000000000000000e+00,-0.000000000000000000e+00,9.586582526366471679e-02,-1.276429607570868374e-01,-0.000000000000000000e+00,1.266679371184088687e+00,-0.000000000000000000e+00,0.000000000000000000e+00,-2.759307754560189757e-02,-0.000000000000000000e+00,-0.000000000000000000e+00,-2.394702095345704884e-01,-0.000000000000000000e+00,-0.000000000000000000e+00,-0.000000000000000000e+00,-0.000000000000000000e+00,-0.000000000000000000e+00,-8.468411673874365331e-02,-0.000000000000000000e+00,-0.000000000000000000e+00,-0.000000000000000000e+00,-0.000000000000000000e+00,-0.000000000000000000e+00,-0.000000000000000000e+00,-1.324951582571270992e-01,-0.000000000000000000e+00,-4.889886990837965380e-02,-1.781973801092283649e-01,-0.000000000000000000e+00,-0.000000000000000000e+00,-0.000000000000000000e+00,-0.000000000000000000e+00,-0.000000000000000000e+00,-0.000000000000000000e+00
-0.000000000000000000e+00,-0.000000000000000000e+00,-7.374094626857274903e-02,0.000000000000000000e+00,-0.000000000000000000e+00,0.000000000000000000e+00,-0.000000000000000000e+00,0.000000000000000000e+00,-0.000000000000000000e+00,-2.171024239393972433e-01,-0.000000000000000000e+00,2.156287361314772610e+00,0.000000000000000000e+00,-0.000000000000000000e+00,-5.655326309766827153e-01,-1.378965949534827762e-01,0.000000000000000000e+00,-0.000000000000000000e+00,-0.000000000000000000e+00,-0.000000000000000000e+00,-0.000000000000000000e+00,-1.540571994557233537e-01,-0.000000000000000000e+00,0.000000000000000000e+00,-0.000000000000000000e+00,-0.000000000000000000e+00,-0.000000000000000000e+00,-0.000000000000000000e+00,0.000000000000000000e+00,-1.217050356899066904e-01,-0.000000000000000000e+00,-0.000000000000000000e+00,-0.000000000000000000e+00,-2.278739201016938276e-01,0.000000000000000000e+00,-0.000000000000000000e+00,-0.000000000000000000e+00,-0.000000000000000000e+00,-5.863716286146753998e-01
0.000000000000000000e+00,0.000000000000000000e+00,0.000000000000000000e+00,0.000000000000000000e+00,0.000000000000000000e+00,0.000000000000000000e+00,-0.000000000000000000e+00,-0.000000000000000000e+00,0.000000000000000000e+00,0.000000000000000000e+00,0.000000000000000000e+00,0.000000000000000000e+00,1.054547916083469206e+00,0.000000000000000000e+00,4.996776286043295295e-02,0.000000000000000000e+00,0.000000000000000000e+00,0.000000000000000000e+00,0.000000000000000000e+00,0.000000000000000000e+00,0.000000000000000000e+00,0.000000000000000000e+00,0.000000000000000000e+00,0.000000000000000000e+00,0.000000000000000000e+00,0.000000000000000000e+00,1.472725057528379358e-02,-0.000000000000000000e+00,0.000000000000000000e+00,0.000000000000000000e+00,0.000000000000000000e+00,0.000000000000000000e+00,2.228338658181891127e-02,0.000000000000000000e+00,5.397340231195989907e-02,0.000000000000000000e+00,1.571691267426646166e-01,0.000000000000000000e+00,0.000000000000000000e+00
-0.000000000000000000e+00,-2.789260531322690709e-02,-5.579960526263565146e-02,0.000000000000000000e+00,-8.759005148068087221e-02,-0.000000000000000000e+00,-0.000000000000000000e+00,0.000000000000000000e+00,-1.550074128895318759e-01,-0.000000000000000000e+00,-2.759307754560189757e-02,-0.000000000000000000e+00,0.000000000000000000e+00,1.835121585337366801e+00,-0.000000000000000000e+00,-7.486179890266789899e-03,-0.000000000000000000e+00,-0.000000000000000000e+00,-0.000000000000000000e+00,-0.000000000000000000e+00,-3.679400555889712071e-02,-3.122191379528197613e-02,-0.000000000000000000e+00,-5.175982397575008553e-01,-1.287645401216961638e-01,-4.306798196399266865e-01,-0.000000000000000000e+00,-0.000000000000000000e+00,-0.000000000000000000e+00,-8.464170656313009175e-03,-1.940348356534159768e-01,-0.000000000000000000e+00,-0.000000000000000000e+00,-0.000000000000000000e+00,-0.000000000000000000e+00,-6.088087699438145955e-02,-0.000000000000000000e+00,-0.000000000000000000e+00,-0.000000000000000000e+00
-0.000000000000000000e+00,-0.000000000000000000e+00,-2.619782386247506145e-01,0.000000000000000000e+00,-0.000000000000000000e+00,-0.000000000000000000e+00,-0.000000000000000000e+00,0.000000000000000000e+00,-2.718597426697635933e-02,-0.000000000000000000e+00,-0.000000000000000000e+00,-5.655326309766827153e-01,4.996776286043295295e-02,-0.000000000000000000e+00,1.904715056395130057e+00,-0.000000000000000000e+00,-0.000000000000000000e+00,-0.000000000000000000e+00,-1.105574817470653289e-02,-0.000000000000000000e+00,-5.546141400073908989e-02,-0.000000000000000000e+00,-0.000000000000000000e+00,-0.000000000000000000e+00,-0.000000000000000000e+00,-0.000000000000000000e+00,-0.000000000000000000e+00,-0.000000000000000000e+00,-0.000000000000000000e+00,-1.469682770947238204e-01,-0.000000000000000000e+00,-0.000000000000000000e+00,-1.330942338609410192e-01,-3.274761494359513248e-01,-0.000000000000000000e+00,-0.000000000000000000e+00,-0.000000000000000000e+00,-0.000000000000000000e+00,-1.862531079771017894e-01
0.000000000000000000e+00,-0.000000000000000000e+00,-2.536091216561095485e-01,0.000000000000000000e+00,-0.000000000000000000e+00,-0.000000000000000000e+00,-2.382633300592086958e-02,3.949178022238202662e-02,-7.277884408536607064e-02,-1.000419926213855559e+00,-0.000000000000000000e+00,-1.378965949534827762e-01,0.000000000000000000e+00,-7.486179890266789899e-03,-0.000000000000000000e+00,2.276486460594464134e+00,-0.000000000000000000e+00,-0.000000000000000000e+00,-1.704488760317495605e-02,-0.000000000000000000e+00,-1.231306150978893899e-01,-1.641491095165495406e-01,-0.000000000000000000e+00,-0.000000000000000000e+00,-0.000000000000000000e+00,-0.000000000000000000e+00,-0.000000000000000000e+00,-0.000000000000000000e+00,-0.000000000000000000e+00,-7.622098205314595254e-02,-0.000000000000000000e+00,-0.000000000000000000e+00,-7.432734927430383227e-03,-0.000000000000000000e+00,-0.000000000000000000e+00,-0.000000000000000000e+00,-0.000000000000000000e+00,-1.680490075512914294e-01,-1.608698622001978884e-01
-0.000000000000000000e+00,-0.000000000000000000e+00,-0.000000000000000000e+00,-0.000000000000000000e+00,-0.000000000000000000e+00,-1.230667846658835100e-02,-0.000000000000000000e+00,0.000000000000000000e+00,-0.000000000000000000e+00,0.000000000000000000e+00,-2.394702095345704884e-01,0.000000000000000000e+00,0.000000000000000000e+00,-0.000000000000000000e+00,-0.000000000000000000e+00,-0.000000000000000000e+00,1.056531081578933717e+00,-0.000000000000000000e+00,-0.000000000000000000e+00,-0.000000000000000000e+00,-0.000000000000000000e+00,0.000000000000000000e+00,-0.000000000000000000e+00,-0.000000000000000000e+00,-0.000000000000000000e+00,-0.000000000000000000e+00,-0.000000000000000000e+00,0.000000000000000000e+00,-0.000000000000000000e+00,-0.000000000000000000e+00,-0.000000000000000000e+00,-0.000000000000000000e+00,-7.260420499891856276e-03,0.000000000000000000e+00,-0.000000000000000000e+00,0.000000000000000000e+00,-0.000000000000000000e+00,0.000000000000000000e+00,-0.000000000000000000e+00
0.000000000000000000e+00,-0.000000000000000000e+00,-7.276081631478024947e-02,-0.000000000000000000e+00,-0.000000000000000000e+00,-0.000000000000000000e+00,-3.836473707721110848e-02,0.000000000000000000e+00,-0.000000000000000000e+00,-0.000000000000000000e+00,-0.000000000000000000e+00,-0.000000000000000000e+00,0.000000000000000000e+00,-0.000000000000000000e+00,-0.000000000000000000e+00,-0.000000000000000000e+00,-0.000000000000000000e+00,1.790496017334538115e+00,-8.855088244208721981e-01,-0.000000000000000000e+00,-1.320382373971990264e-01,-0.000000000000000000e+00,-0.000000000000000000e+00,-0.000000000000000000e+00,-1.361270075068577411e-02,-1.506390465014577629e-01,-5.647010790064752733e-02,-0.000000000000000000e+00,-0.000000000000000000e+00,-0.000000000000000000e+00,-0.000000000000000000e+00,-0.000000000000000000e+00,-1.699355204133579100e-01,-0.000000000000000000e+00,-0.000000000000000000e+00,-0.000000000000000000e+00,-0.000000000000000000e+00,-0.000000000000000000e+00,-0.000000000000000000e+00
0.000000000000000000e+00,-0.000000000000000000e+00,-0.000000000000000000e+00,0.000000000000000000e+00,-1.295703022481766720e-01,0.000000000000000000e+00,-0.000000000000000000e+00,0.000000000000000000e+00,-2.012076099508348093e-01,-0.000000000000000000e+00,-0.000000000000000000e+00,-0.000000000000000000e+00,0.000000000000000000e+00,-0.000000000000000000e+00,-1.105574817470653289e-02,-1.704488760317495605e-02,-0.000000000000000000e+00,-8.855088244208721981e-01,1.908281749883054657e+00,-0.000000000000000000e+00,-0.000000000000000000e+00,-0.000000000000000000e+00,-0.000000000000000000e+00,-0.000000000000000000e+00,-0.000000000000000000e+00,-7.023849284291119877e-02,-1.527744598610000781e-01,-0.000000000000000000e+00,-0.000000000000000000e+00,-5.100897495327440939e-02,-0.000000000000000000e+00,-0.000000000000000000e+00,-0.000000000000000000e+00,-4.454019250238100414e-02,-0.000000000000000000e+00,-0.000000000000000000e+00,-0.000000000000000000e+00,-0.000000000000000000e+00,-1.940757116270292459e-01
-0.000000000000000000e+00,-1.792490584877395182e-02,-7.430594213216142052e-02,0.000000000000000000e+00,-0.000000000000000000e+00,-0.000000000000000000e+00,-4.826777534349731974e-02,0.000000000000000000e+00,-0.000000000000000000e+00,-0.000000000000000000e+00,-0.000000000000000000e+00,-0.000000000000000000e+00,0.000000000000000000e+00,-0.000000000000000000e+00,-0.000000000000000000e+00,-0.000000000000000000e+00,-0.000000000000000000e+00,-0.000000000000000000e+00,-0.000000000000000000e+00,1.208219959751498429e+00,-0.000000000000000000e+00,-2.889541338647486080e-01,-0.000000000000000000e+00,-0.000000000000000000e+00,-0.000000000000000000e+00,-0.000000000000000000e+00,0.000000000000000000e+00,-0.000000000000000000e+00,-0.000000000000000000e+00,-7.222666710497409326e-02,-0.000000000000000000e+00,-0.000000000000000000e+00,-1.353114695759712605e-01,-0.000000000000000000e+00,-0.000000000000000000e+00,-0.000000000000000000e+00,-0.000000000000000000e+00,-0.000000000000000000e+00,-0.000000000000000000e+00
-0.000000000000000000e+00,-0.000000000000000000e+00,-3.693330190959762671e-01,-0.000000000000000000e+00,-0.000000000000000000e+00,-0.000000000000000000e+00,-0.000000000000000000e+00,1.544471885854993565e-01,-0.000000000000000000e+00,-4.106019441523323793e-03,-0.000000000000000000e+00,-0.000000000000000000e+00,0.000000000000000000e+00,-3.679400555889712071e-02,-5.546141400073908989e-02,-1.231306150978893899e-01,-0.000000000000000000e+00,-1.320382373971990264e-01,-0.000000000000000000e+00,-0.000000000000000000e+00,1.748343695316229462e+00,-5.345425507579473767e-02,-0.000000000000000000e+00,-0.000000000000000000e+00,-4.958718178382257036e-02,-0.000000000000000000e+00,-0.000000000000000000e+00,-6.877153198550897684e-02,-0.000000000000000000e+00,-0.000000000000000000e+00,-1.375257230535112118e-01,-4.265393751849107934e-02,-2.469047170439777894e-01,-0.000000000000000000e+00,-0.000000000000000000e+00,-1.896047983987468252e-02,-1.363227588710076710e-01,-0.000000000000000000e+00,-0.000000000000000000e+00
-0.000000000000000000e+00,-1.460785712866659591e-01,-3.263384543951874384e-01,0.000000000000000000e+00,-0.000000000000000000e+00,-0.000000000000000000e+00,-3.091560553615240181e-01,0.000000000000000000e+00,-0.000000000000000000e+00,-0.000000000000000000e+00,-0.000000000000000000e+00,-1.540571994557233537e-01,0.000000000000000000e+00,-3.122191379528197613e-02,-0.000000000000000000e+00,-1.641491095165495406e-01,0.000000000000000000e+00,-0.000000000000000000e+00,-0.000000000000000000e+00,-2.889541338647486080e-01,-5.345425507579473767e-02,1.865465234542272643e+00,-8.519648851343972207e-03,-0.000000000000000000e+00,-0.000000000000000000e+00,-0.000000000000000000e+00,-0.000000000000000000e+00,-2.172210150863954636e-01,-0.000000000000000000e+00,-2.655204872145162653e-01,-0.000000000000000000e+00,-1.280011052408719374e-02,-0.000000000000000000e+00,-0.000000000000000000e+00,-0.000000000000000000e+00,-0.000000000000000000e+00,-0.000000000000000000e+00,-0.000000000000000000e+00,-2.975482164404240001e-03
-9.888276286572965368e-02,-1.754324063759133551e-02,-4.337326638439097798e-02,0.000000000000000000e+00,-0.000000000000000000e+00,-6.251908391174425261e-02,-5.287074317052197978e-03,0.000000000000000000e+00,-1.305770824394449636e-01,-0.000000000000000000e+00,-8.468411673874365331e-02,-0.000000000000000000e+00,0.000000000000000000e+00,-0.000000000000000000e+00,-0.000000000000000000e+00,-0.000000000000000000e+00,-0.000000000000000000e+00,-0.000000000000000000e+00,-0.000000000000000000e+00,-0.000000000000000000e+00,-0.000000000000000000e+00,-8.519648851343972207e-03,1.873066445094493826e+00,-1.515265473977597810e-01,-5.635376680461660071e-01,-0.000000000000000000e+00,-2.495868667182414569e-02,-0.000000000000000000e+00,-7.029559038571794871e-02,-9.980635945632848616e-02,-1.571434749274839560e-01,-1.381711287683376477e-01,-6.558752002925989644e-02,-0.000000000000000000e+00,-0.000000000000000000e+00,-0.000000000000000000e+00,-4.409643563339752520e-02,-0.000000000000000000e+00,-9.111444347072060468e-02
-0.000000000000000000e+00,-0.000000000000000000e+00,-0.000000000000000000e+00,0.000000000000000000e+00,-0.000000000000000000e+00,-6.872523547645251196e-02,-0.000000000000000000e+00,0.000000000000000000e+00,-6.018439813253403936e-02,-0.000000000000000000e+00,-0.000000000000000000e+00,0.000000000000000000e+00,0.000000000000000000e+00,-5.175982397575008553e-01,-0.000000000000000000e+00,-0.000000000000000000e+00,-0.000000000000000000e+00,-0.000000000000000000e+00,-0.000000000000000000e+00,-0.000000000000000000e+00,-0.000000000000000000e+00,-0.000000000000000000e+00,-1.515265473977597810e-01,1.597897692715560147e+00,-0.000000000000000000e+00,-0.000000000000000000e+00,-0.000000000000000000e+00,-0.000000000000000000e+00,-1.637432684327967125e-01,-0.000000000000000000e+00,-0.000000000000000000e+00,-0.000000000000000000e+00,-0.000000000000000000e+00,-0.000000000000000000e+00,-2.358525741103421336e-01,0.000000000000000000e+00,-6.669930933908368997e-02,-1.364385169207532611e-01,-0.000000000000000000e+00
-0.000000000000000000e+00,-3.203806775525336326e-01,-0.000000000000000000e+00,-0.000000000000000000e+00,-0.000000000000000000e+00,-0.000000000000000000e+00,-0.000000000000000000e+00,0.000000000000000000e+00,-3.587400571139802256e-03,-0.000000000000000000e+00,-0.000000000000000000e+00,-0.000000000000000000e+00,0.000000000000000000e+00,-1.287645401216961638e-01,-0.000000000000000000e+00,-0.000000000000000000e+00,-0.000000000000000000e+00,-1.361270075068577411e-02,-0.000000000000000000e+00,-0.000000000000000000e+00,-4.958718178382257036e-02,-0.000000000000000000e+00,-5.635376680461660071e-01,-0.000000000000000000e+00,2.067111622814146621e+00,-2.497011450048619297e-01,-1.655411509182899976e-01,-9.478280581893362700e-02,-0.000000000000000000e+00,-1.511453907862270185e-02,-8.353260593521494304e-02,-2.322365895390778034e-01,-0.000000000000000000e+00,-0.000000000000000000e+00,-0.000000000000000000e+00,-0.000000000000000000e+00,-1.626234616587960702e-01,-0.000000000000000000e+00,-0.000000000000000000e+00
-0.000000000000000000e+00,-0.000000000000000000e+00,-0.000000000000000000e+00,-0.000000000000000000e+00,-5.907926401906699043e-01,-0.000000000000000000e+00,-0.000000000000000000e+00,0.000000000000000000e+00,-0.000000000000000000e+00,-0.000000000000000000e+00,-0.000000000000000000e+00,-0.000000000000000000e+00,0.000000000000000000e+00,-4.306798196399266865e-01,-0.000000000000000000e+00,-0.000000000000000000e+00,-0.000000000000000000e+00,-1.506390465014577629e-01,-7.023849284291119877e-02,-0.000000000000000000e+00,-0.000000000000000000e+00,-0.000000000000000000e+00,-0.000000000000000000e+00,-0.000000000000000000e+00,-2.497011450048619297e-01,2.274767701585395763e+00,-5.911279532207843745e-01,-0.000000000000000000e+00,-0.000000000000000000e+00,-0.000000000000000000e+00,-1.277848362725831910e-01,-0.000000000000000000e+00,-0.000000000000000000e+00,-0.000000000000000000e+00,-0.000000000000000000e+00,-9.943518273146953468e-02,-0.000000000000000000e+00,-0.000000000000000000e+00,-0.000000000000000000e+00
-1.638065560030844414e-01,-0.000000000000000000e+00,-0.000000000000000000e+00,-0.000000000000000000e+00,-5.630342370396494989e-01,-0.000000000000000000e+00,-0.000000000000000000e+00,0.000000000000000000e+00,-0.000000000000000000e+00,-0.000000000000000000e+00,-0.000000000000000000e+00,-0.000000000000000000e+00,1.472725057528379358e-02,-0.000000000000000000e+00,-0.000000000000000000e+00,-0.000000000000000000e+00,-0.000000000000000000e+00,-5.647010790064752733e-02,-1.527744598610000781e-01,0.000000000000000000e+00,-0.000000000000000000e+00,-0.000000000000000000e+00,-2.495868667182414569e-02,-0.000000000000000000e+00,-1.655411509182899976e-01,-5.911279532207843745e-01,2.012024467491829061e+00,-0.000000000000000000e+00,-0.000000000000000000e+00,-0.000000000000000000e+00,-1.597229787690207514e-01,-0.000000000000000000e+00,-0.000000000000000000e+00,-0.000000000000000000e+00,-0.000000000000000000e+00,-0.000000000000000000e+00,-0.000000000000000000e+00,-0.000000000000000000e+00,-0.000000000000000000e+00
-0.000000000000000000e+00,-1.108863899201783798e-01,-0.000000000000000000e+00,0.000000000000000000e+00,-0.000000000000000000e+00,-0.000000000000000000e+00,-1.091740413431485784e-01,0.000000000000000000e+00,-0.000000000000000000e+00,-0.000000000000000000e+00,-0.000000000000000000e+00,-0.000000000000000000e+00,-0.000000000000000000e+00,-0.000000000000000000e+00,-0.000000000000000000e+00,-0.000000000000000000e+00,0.000000000000000000e+00,-0.000000000000000000e+00,-0.000000000000000000e+00,-0.000000000000000000e+00,-6.877153198550897684e-02,-2.172210150863954636e-01,-0.000000000000000000e+00,-0.000000000000000000e+00,-9.478280581893362700e-02,-0.000000000000000000e+00,-0.000000000000000000e+00,1.308120987256714551e+00,-0.000000000000000000e+00,-0.000000000000000000e+00,-2.769323087650758519e-01,-0.000000000000000000e+00,-0.000000000000000000e+00,-0.000000000000000000e+00,-0.000000000000000000e+00,-0.000000000000000000e+00,-0.000000000000000000e+00,-0.000000000000000000e+00,-0.000000000000000000e+00
-2.692261070887956853e-01,-0.000000000000000000e+00,-0.000000000000000000e+00,-0.000000000000000000e+00,-0.000000000000000000e+00,-4.819817593491788621e-01,-0.000000000000000000e+00,0.000000000000000000e+00,-0.000000000000000000e+00,0.000000000000000000e+00,-0.000000000000000000e+00,0.000000000000000000e+00,0.000000000000000000e+00,-0.000000000000000000e+00,-0.000000000000000000e+00,-0.000000000000000000e+00,-0.000000000000000000e+00,-0.000000000000000000e+00,-0.000000000000000000e+00,-0.000000000000000000e+00,-0.000000000000000000e+00,-0.000000000000000000e+00,-7.029559038571794871e-02,-1.637432684327967125e-01,-0.000000000000000000e+00,-0.000000000000000000e+00,-0.000000000000000000e+00,-0.000000000000000000e+00,2.057519148079019367e+00,-0.000000000000000000e+00,-4.105406224037440044e-01,-4.296507014332398011e-01,-0.000000000000000000e+00,0.000000000000000000e+00,-1.595455846989304594e-01,-0.000000000000000000e+00,-9.836401352887673422e-02,-0.000000000000000000e+00,-0.000000000000000000e+00
-0.000000000000000000e+00,-4.640448996173674595e-02,-3.577345217447936571e-02,0.000000000000000000e+00,-0.000000000000000000e+00,-0.000000000000000000e+00,-0.000000000000000000e+00,0.000000000000000000e+00,-2.352466117939968626e-01,-1.726870230211250135e-01,-1.324951582571270992e-01,-1.217050356899066904e-01,0.000000000000000000e+00,-8.464170656313009175e-03,-1.469682770947238204e-01,-7.622098205314595254e-02,-0.000000000000000000e+00,-0.000000000000000000e+00,-5.100897495327440939e-02,-7.222666710497409326e-02,-0.000000000000000000e+00,-2.655204872145162653e-01,-9.980635945632848616e-02,-0.000000000000000000e+00,-1.511453907862270185e-02,-0.000000000000000000e+00,-0.000000000000000000e+00,-0.000000000000000000e+00,-0.000000000000000000e+00,1.787332987066889700e+00,-0.000000000000000000e+00,-0.000000000000000000e+00,-1.120826272897861714e-01,-0.000000000000000000e+00,0.000000000000000000e+00,-2.317113059240512030e-01,-0.000000000000000000e+00,-0.000000000000000000e+00,-5.483843211575682719e-02
-6.347657774392222174e-02,-1.030550672272446400e-01,-2.911127672087311050e-03,-0.000000000000000000e+00,-1.410073905849051346e-01,-8.495685242432350626e-02,-8.764061941729292537e-02,0.000000000000000000e+00,-3.727756970016141841e-02,-0.000000000000000000e+00,-0.000000000000000000e+00,-0.000000000000000000e+00,0.000000000000000000e+00,-1.940348356534159768e-01,-0.000000000000000000e+00,-0.000000000000000000e+00,-0.000000000000000000e+00,-0.000000000000000000e+00,-0.000000000000000000e+00,-0.000000000000000000e+00,-1.375257230535112118e-01,-0.000000000000000000e+00,-1.571434749274839560e-01,-0.000000000000000000e+00,-8.353260593521494304e-02,-1.277848362725831910e-01,-1.597229787690207514e-01,-2.769323087650758519e-01,-4.105406224037440044e-01,-0.000000000000000000e+00,2.063041991649778861e+00,-1.995449899981472930e-01,-0.000000000000000000e+00,-0.000000000000000000e+00,-0.000000000000000000e+00,-0.000000000000000000e+00,-0.000000000000000000e+00,-0.000000000000000000e+00,-0.000000000000000000e+00
-1.448209940795547879e-01,-3.227355738523487449e-01,-1.025473641356484528e-01,-0.000000000000000000e+00,-0.000000000000000000e+00,-1.972448295117423533e-01,-1.312895924001316293e-02,0.000000000000000000e+00,-3.959679283926281074e-02,-0.000000000000000000e+00,-4.889886990837965380e-02,-0.000000000000000000e+00,0.000000000000000000e+00,-0.000000000000000000e+00,-0.000000000000000000e+00,-0.000000000000000000e+00,-0.000000000000000000e+00,-0.000000000000000000e+00,-0.000000000000000000e+00,-0.000000000000000000e+00,-4.265393751849107934e-02,-1.280011052408719374e-02,-1.381711287683376477e-01,-0.000000000000000000e+00,-2.322365895390778034e-01,-0.000000000000000000e+00,-0.000000000000000000e+00,-0.000000000000000000e+00,-4.296507014332398011e-01,-0.000000000000000000e+00,-1.995449899981472930e-01,2.421971760899137571e+00,-1.496201069047158605e-01,-0.000000000000000000e+00,-1.079770197776465102e-01,-0.000000000000000000e+00,-4.762180412974169608e-01,-0.000000000000000000e+00,-0.000000000000000000e+00
-0.000000000000000000e+00,-0.000000000000000000e+00,-5.569441129499765886e-01,-0.000000000000000000e+00,-0.000000000000000000e+00,-0.000000000000000000e+00,-1.524696374705966917e-01,1.032975817559478315e-01,-0.000000000000000000e+00,-0.000000000000000000e+00,-1.781973801092283649e-01,-0.000000000000000000e+00,2.228338658181891127e-02,-0.000000000000000000e+00,-1.330942338609410192e-01,-7.432734927430383227e-03,-7.260420499891856276e-03,-1.699355204133579100e-01,-0.000000000000000000e+00,-1.353114695759712605e-01,-2.469047170439777894e-01,-0.000000000000000000e+00,-6.558752002925989644e-02,-0.000000000000000000e+00,-0.000000000000000000e+00,-0.000000000000000000e+00,-0.000000000000000000e+00,-0.000000000000000000e+00,-0.000000000000000000e+00,-1.120826272897861714e-01,-0.000000000000000000e+00,-1.496201069047158605e-01,2.283176470374900457e+00,-0.000000000000000000e+00,-3.836551171547468442e-02,-0.000000000000000000e+00,-4.667219479192578624e-01,-0.000000000000000000e+00,-0.000000000000000000e+00
-0.000000000000000000e+00,-0.000000000000000000e+00,-0.000000000000000000e+00,2.630986627910094841e-02,-3.708877428621875083e-01,-0.000000000000000000e+00,-0.000000000000000000e+00,0.000000000000000000e+00,-3.602023794467212880e-01,-0.000000000000000000e+00,-0.000000000000000000e+00,-2.278739201016938276e-01,0.000000000000000000e+00,-0.000000000000000000e+00,-3.274761494359513248e-01,-0.000000000000000000e+00,0.000000000000000000e+00,-0.000000000000000000e+00,-4.454019250238100414e-02,-0.000000000000000000e+00,-0.000000000000000000e+00,-0.000000000000000000e+00,-0.000000000000000000e+00,-0.000000000000000000e+00,-0.000000000000000000e+00,-0.000000000000000000e+00,-0.000000000000000000e+00,-0.000000000000000000e+00,0.000000000000000000e+00,-0.000000000000000000e+00,-0.000000000000000000e+00,-0.000000000000000000e+00,-0.000000000000000000e+00,1.730081822335770791e+00,0.000000000000000000e+00,-3.059337747164277838e-02,-0.000000000000000000e+00,-0.000000000000000000e+00,-1.623600883050022869e-01
-0.000000000000000000e+00,-0.000000000000000000e+00,-0.000000000000000000e+00,-0.000000000000000000e+00,-0.000000000000000000e+00,-5.074949061117148275e-02,-0.000000000000000000e+00,0.000000000000000000e+00,-0.000000000000000000e+00,-0.000000000000000000e+00,-0.000000000000000000e+00,0.000000000000000000e+00,5.397340231195989907e-02,-0.000000000000000000e+00,-0.000000000000000000e+00,-0.000000000000000000e+00,-0.000000000000000000e+00,-0.000000000000000000e+00,-0.000000000000000000e+00,-0.000000000000000000e+00,-0.000000000000000000e+00,-0.000000000000000000e+00,-0.000000000000000000e+00,-2.358525741103421336e-01,-0.000000000000000000e+00,-0.000000000000000000e+00,-0.000000000000000000e+00,-0.000000000000000000e+00,-1.595455846989304594e-01,0.000000000000000000e+00,-0.000000000000000000e+00,-1.079770197776465102e-01,-3.836551171547468442e-02,0.000000000000000000e+00,1.697079793361728317e+00,0.000000000000000000e+00,-7.330308472759020644e-01,-0.000000000000000000e+00,-0.000000000000000000e+00
-0.000000000000000000e+00,-8.968256752414351107e-02,-0.000000000000000000e+00,0.000000000000000000e+00,-2.005046400710997490e-01,-0.000000000000000000e+00,-0.000000000000000000e+00,0.000000000000000000e+00,-7.310059430094104798e-05,-0.000000000000000000e+00,-0.000000000000000000e+00,-0.000000000000000000e+00,0.000000000000000000e+00,-6.088087699438145955e-02,-0.000000000000000000e+00,-0.000000000000000000e+00,0.000000000000000000e+00,-0.000000000000000000e+00,-0.000000000000000000e+00,-0.000000000000000000e+00,-1.896047983987468252e-02,-0.000000000000000000e+00,-0.000000000000000000e+00,0.000000000000000000e+00,-0.000000000000000000e+00,-9.943518273146953468e-02,-0.000000000000000000e+00,-0.000000000000000000e+00,-0.000000000000000000e+00,-2.317113059240512030e-01,-0.000000000000000000e+00,-0.000000000000000000e+00,-0.000000000000000000e+00,-3.059337747164277838e-02,0.000000000000000000e+00,1.230541942048934301e+00,-0.000000000000000000e+00,-0.000000000000000000e+00,-0.000000000000000000e+00
-0.000000000000000000e+00,-1.169954531955434973e-01,-2.364791899998936187e-01,-0.000000000000000000e+00,-0.000000000000000000e+00,-0.000000000000000000e+00,-0.000000000000000000e+00,6.925739271520468636e-03,-0.000000000000000000e+00,-0.000000000000000000e+00,-0.000000000000000000e+00,-0.000000000000000000e+00,1.571691267426646166e-01,-0.000000000000000000e+00,-0.000000000000000000e+00,-0.000000000000000000e+00,-0.000000000000000000e+00,-0.000000000000000000e+00,-0.000000000000000000e+00,-0.000000000000000000e+00,-1.363227588710076710e-01,-0.000000000000000000e+00,-4.409643563339752520e-02,-6.669930933908368997e-02,-1.626234616587960702e-01,-0.000000000000000000e+00,-0.000000000000000000e+00,-0.000000000000000000e+00,-9.836401352887673422e-02,-0.000000000000000000e+00,-0.000000000000000000e+00,-4.762180412974169608e-01,-4.667219479192578624e-01,-0.000000000000000000e+00,-7.330308472759020644e-01,-0.000000000000000000e+00,2.482937269547946801e+00,-0.000000000000000000e+00,-0.000000000000000000e+00
0.000000000000000000e+00,-0.000000000000000000e+00,-0.000000000000000000e+00,0.000000000000000000e+00,-0.000000000000000000e+00,-0.000000000000000000e+00,-0.000000000000000000e+00,0.000000000000000000e+00,-1.591597606877995508e-01,-2.892662566252522383e-01,-0.000000000000000000e+00,-0.000000000000000000e+00,0.000000000000000000e+00,-0.000000000000000000e+00,-0.000000000000000000e+00,-1.680490075512914294e-01,0.000000000000000000e+00,-0.000000000000000000e+00,-0.000000000000000000e+00,-0.000000000000000000e+00,-0.000000000000000000e+00,-0.000000000000000000e+00,-0.000000000000000000e+00,-1.364385169207532611e-01,-0.000000000000000000e+00,-0.000000000000000000e+00,-0.000000000000000000e+00,-0.000000000000000000e+00,-0.000000000000000000e+00,-0.000000000000000000e+00,-0.000000000000000000e+00,-0.000000000000000000e+00,-0.000000000000000000e+00,-0.000000000000000000e+00,-0.000000000000000000e+00,-0.000000000000000000e+00,-0.000000000000000000e+00,1.566194562998597384e+00,-4.586436788167135847e-01
-0.000000000000000000e+00,-0.000000000000000000e+00,-1.428507794140834730e-01,0.000000000000000000e+00,-0.000000000000000000e+00,-0.000000000000000000e+00,-0.000000000000000000e+00,0.000000000000000000e+00,-2.368592165926441950e-01,-2.309685131394114965e-01,-0.000000000000000000e+00,-5.863716286146753998e-01,0.000000000000000000e+00,-0.000000000000000000e+00,-1.862531079771017894e-01,-1.608698622001978884e-01,-0.000000000000000000e+00,-0.000000000000000000e+00,-1.940757116270292459e-01,-0.000000000000000000e+00,-0.000000000000000000e+00,-2.975482164404240001e-03,-9.111444347072060468e-02,-0.000000000000000000e+00,-0.000000000000000000e+00,-0.000000000000000000e+00,-0.000000000000000000e+00,-0.000000000000000000e+00,-0.000000000000000000e+00,-5.483843211575682719e-02,-0.000000000000000000e+00,-0.000000000000000000e+00,-0.000000000000000000e+00,-1.623600883050022869e-01,-0.000000000000000000e+00,-0.000000000000000000e+00,-0.000000000000000000e+00,-4.586436788167135847e-01,2.341362535752935514e+00
