1.611773356253416001e+00,-1.149111306790058101e-01,-3.734386158344653924e-03,1.269798732398357555e-01,-9.792481923814978784e-02,-0.000000000000000000e+00,0.000000000000000000e+00,0.000000000000000000e+00,-0.000000000000000000e+00,-1.090446221293065593e-01,5.538288109740643200e-02,-6.747576715728909047e-02,0.000000000000000000e+00,-3.211745467292263789e-02,-1.071423829598214528e-01,-1.377043189604668927e-01,-0.000000000000000000e+00,-8.139298931288183048e-02,-2.240961125651189795e-02,-5.581629569552969128e-02,-5.586024027610619891e-02,-5.942467532478058756e-02,-6.215029980278440058e-02,-5.219959237322879808e-03,-1.081505499478368354e-01,-1.052357949279855986e-01,-0.000000000000000000e+00,-4.077825113998028578e-02,-0.000000000000000000e+00,-0.000000000000000000e+00,-0.000000000000000000e+00,-0.000000000000000000e+00,-4.738580079065819045e-02,-0.000000000000000000e+00,7.566320499523283838e-02,-5.410009382511683784e-02,1.528128489116608972e-02,-4.335866539515951384e-02,-2.774786218178557431e-02
-1.149111306790058101e-01,1.584350619980645414e+00,-0.000000000000000000e+00,9.742310633216977322e-02,-1.123319653671635970e-01,-0.000000000000000000e+00,0.000000000000000000e+00,0.000000000000000000e+00,-0.000000000000000000e+00,-6.459725862767494442e-02,2.308647242484270987e-02,-1.315633780882633497e-01,0.000000000000000000e+00,-1.598144962421018112e-01,-6.907965302350725645e-02,-6.425977171293519030e-02,-0.000000000000000000e+00,-9.258044235531401323e-02,-7.600666069566294758e-02,-4.946071964064845117e-02,-5.976936545794839239e-02,-0.000000000000000000e+00,-0.000000000000000000e+00,-0.000000000000000000e+00,-0.000000000000000000e+00,-1.095107475709931888e-01,-3.074508646787092736e-02,-0.000000000000000000e+00,-0.000000000000000000e+00,-0.000000000000000000e+00,-0.000000000000000000e+00,-0.000000000000000000e+00,-5.206884763488460466e-02,-0.000000000000000000e+00,2.931142099045867117e-02,-4.569887104069153549e-02,7.424459437919635196e-02,-8.709711224553472186e-02,-1.215685991304425728e-01
-3.734386158344653924e-03,-0.000000000000000000e+00,1.480996548750051378e+00,0.000000000000000000e+00,-0.000000000000000000e+00,-7.518549785247551076e-02,0.000000000000000000e+00,-0.000000000000000000e+00,-0.000000000000000000e+00,-4.723997922341331701e-02,9.291293137999102891e-02,-6.120516325273403155e-03,0.000000000000000000e+00,-0.000000000000000000e+00,-0.000000000000000000e+00,-1.059301456220609478e-01,-0.000000000000000000e+00,-0.000000000000000000e+00,-0.000000000000000000e+00,-1.197348382780929511e-02,-1.548550190227667711e-01,-1.495542913539286978e-01,-3.358344264520504024e-02,-1.375614489147360120e-02,-1.147466194128977934e-01,-0.000000000000000000e+00,-7.290995859630182430e-02,-1.137827071245455235e-01,-0.000000000000000000e+00,-0.000000000000000000e+00,-2.721804533773080070e-01,-0.000000000000000000e+00,-1.602061270343943244e-01,-0.000000000000000000e+00,3.163752416170432374e-02,-0.000000000000000000e+00,0.000000000000000000e+00,-0.000000000000000000e+00,-0.000000000000000000e+00
1.269798732398357555e-01,9.742310633216977322e-02,0.000000000000000000e+00,1.391315723766487267e+00,0.000000000000000000e+00,0.000000000000000000e+00,-2.803011175844563260e-02,-0.000000000000000000e+00,0.000000000000000000e+00,1.036854420996710519e-01,-3.715230081924381089e-02,7.079887106036890365e-02,-0.000000000000000000e+00,4.779955130712531391e-02,1.271657204733432078e-01,1.370927170345939694e-01,0.000000000000000000e+00,0.000000000000000000e+00,0.000000000000000000e+00,1.061883206053829999e-02,2.039814835359772885e-02,0.000000000000000000e+00,5.432772830791373492e-02,4.055987386513348891e-02,9.190679597244671983e-02,8.193077801166523400e-02,0.000000000000000000e+00,1.003327532360991370e-01,0.000000000000000000e+00,0.000000000000000000e+00,0.000000000000000000e+00,0.000000000000000000e+00,0.000000000000000000e+00,0.000000000000000000e+00,-0.000000000000000000e+00,0.000000000000000000e+00,-0.000000000000000000e+00,0.000000000000000000e+00,0.000000000000000000e+00
-9.792481923814978784e-02,-1.123319653671635970e-01,-0.000000000000000000e+00,0.000000000000000000e+00,1.577352217036866344e+00,-0.000000000000000000e+00,7.006241132326233856e-02,0.000000000000000000e+00,-1.265109501316550623e-02,-3.932666026897120581e-02,0.000000000000000000e+00,-1.024401294043769534e-01,0.000000000000000000e+00,-6.744458372621091324e-02,-3.509861845015574411e-02,-3.920859974889133459e-02,-0.000000000000000000e+00,-1.412610493551028634e-01,-1.801391073581629920e-01,-1.862868328496140174e-02,-0.000000000000000000e+00,-0.000000000000000000e+00,-0.000000000000000000e+00,-0.000000000000000000e+00,-0.000000000000000000e+00,-7.047841068169199974e-02,-1.073478793932172715e-01,-0.000000000000000000e+00,-0.000000000000000000e+00,-0.000000000000000000e+00,-0.000000000000000000e+00,-0.000000000000000000e+00,-9.843687565954212237e-02,-3.374439431471082385e-02,1.616055259866172947e-02,-9.179244327256445846e-02,0.000000000000000000e+00,-1.076723481375016223e-01,-1.926117786745542571e-01
-0.000000000000000000e+00,-0.000000000000000000e+00,-7.518549785247551076e-02,0.000000000000000000e+00,-0.000000000000000000e+00,1.170065513162197535e+00,0.000000000000000000e+00,-0.000000000000000000e+00,-0.000000000000000000e+00,-5.176966922430312201e-02,5.736261718024721762e-02,-0.000000000000000000e+00,0.000000000000000000e+00,-0.000000000000000000e+00,-0.000000000000000000e+00,-5.791342538492318809e-02,0.000000000000000000e+00,-0.000000000000000000e+00,-0.000000000000000000e+00,-0.000000000000000000e+00,-0.000000000000000000e+00,-9.060395725840797443e-02,-6.198468976447723405e-03,-0.000000000000000000e+00,-1.558731878789405834e-01,-0.000000000000000000e+00,-0.000000000000000000e+00,-0.000000000000000000e+00,-0.000000000000000000e+00,-0.000000000000000000e+00,-1.961284277473254456e-01,-0.000000000000000000e+00,-0.000000000000000000e+00,-0.000000000000000000e+00,0.000000000000000000e+00,-0.000000000000000000e+00,0.000000000000000000e+00,-0.000000000000000000e+00,-0.000000000000000000e+00
0.000000000000000000e+00,0.000000000000000000e+00,0.000000000000000000e+00,-2.803011175844563260e-02,7.006241132326233856e-02,0.000000000000000000e+00,1.124707498368328062e+00,-0.000000000000000000e+00,9.896477292962824884e-03,0.000000000000000000e+00,-0.000000000000000000e+00,7.418102699269912836e-02,-0.000000000000000000e+00,0.000000000000000000e+00,0.000000000000000000e+00,0.000000000000000000e+00,-0.000000000000000000e+00,4.395736274472170774e-02,1.081944480192970591e-02,0.000000000000000000e+00,0.000000000000000000e+00,0.000000000000000000e+00,0.000000000000000000e+00,0.000000000000000000e+00,0.000000000000000000e+00,0.000000000000000000e+00,0.000000000000000000e+00,0.000000000000000000e+00,0.000000000000000000e+00,0.000000000000000000e+00,0.000000000000000000e+00,0.000000000000000000e+00,0.000000000000000000e+00,4.327324746503170838e-02,-0.000000000000000000e+00,0.000000000000000000e+00,-0.000000000000000000e+00,1.529486620369499283e-01,1.369524939265206187e-01
0.000000000000000000e+00,0.000000000000000000e+00,-0.000000000000000000e+00,-0.000000000000000000e+00,0.000000000000000000e+00,-0.000000000000000000e+00,-0.000000000000000000e+00,1.000000000000000666e+00,0.000000000000000000e+00,-0.000000000000000000e+00,0.000000000000000000e+00,0.000000000000000000e+00,0.000000000000000000e+00,0.000000000000000000e+00,0.000000000000000000e+00,-0.000000000000000000e+00,0.000000000000000000e+00,0.000000000000000000e+00,0.000000000000000000e+00,0.000000000000000000e+00,-0.000000000000000000e+00,-0.000000000000000000e+00,0.000000000000000000e+00,-0.000000000000000000e+00,-0.000000000000000000e+00,0.000000000000000000e+00,-0.000000000000000000e+00,-0.000000000000000000e+00,-0.000000000000000000e+00,0.000000000000000000e+00,-0.000000000000000000e+00,-0.000000000000000000e+00,-0.000000000000000000e+00,0.000000000000000000e+00,0.000000000000000000e+00,0.000000000000000000e+00,0.000000000000000000e+00,0.000000000000000000e+00,0.000000000000000000e+00
-0.000000000000000000e+00,-0.000000000000000000e+00,-0.000000000000000000e+00,0.000000000000000000e+00,-1.265109501316550623e-02,-0.000000000000000000e+00,9.896477292962824884e-03,0.000000000000000000e+00,1.328609590116495154e+00,-0.000000000000000000e+00,0.000000000000000000e+00,-1.615854100704479032e-02,0.000000000000000000e+00,-0.000000000000000000e+00,-0.000000000000000000e+00,-0.000000000000000000e+00,-0.000000000000000000e+00,-5.165544706093509048e-02,-6.030131708450699179e-02,-0.000000000000000000e+00,-0.000000000000000000e+00,-0.000000000000000000e+00,-0.000000000000000000e+00,-0.000000000000000000e+00,-0.000000000000000000e+00,-0.000000000000000000e+00,-0.000000000000000000e+00,-0.000000000000000000e+00,-0.000000000000000000e+00,-1.967457720593275006e-01,-0.000000000000000000e+00,0.000000000000000000e+00,-0.000000000000000000e+00,-2.674715119979848010e-01,0.000000000000000000e+00,-7.607003453835356477e-02,0.000000000000000000e+00,-1.941978756296535713e-01,-1.753893045872929601e-01
-1.090446221293065593e-01,-6.459725862767494442e-02,-4.723997922341331701e-02,1.036854420996710519e-01,-3.932666026897120581e-02,-5.176966922430312201e-02,0.000000000000000000e+00,-0.000000000000000000e+00,-0.000000000000000000e+00,1.666424056330876091e+00,5.604453502705427498e-02,-1.144919666228034483e-01,0.000000000000000000e+00,-4.231302091095102275e-02,-6.368049332899890225e-02,-1.629016132117173110e-01,-0.000000000000000000e+00,-1.519073383802012692e-02,-0.000000000000000000e+00,-7.312154659083858199e-02,-2.350183962880533772e-02,-9.594708326333171999e-02,-1.588150063894274711e-01,-0.000000000000000000e+00,-1.685368509865005637e-01,-9.234981388314558726e-02,-2.738982243950736917e-02,-8.813762602132169111e-02,-0.000000000000000000e+00,-0.000000000000000000e+00,-0.000000000000000000e+00,-0.000000000000000000e+00,-7.083679738789074032e-02,-0.000000000000000000e+00,0.000000000000000000e+00,-4.422888700840429260e-02,0.000000000000000000e+00,-0.000000000000000000e+00,-2.278766497540042277e-02
5.538288109740643200e-02,2.308647242484270987e-02,9.291293137999102891e-02,-3.715230081924381089e-02,0.000000000000000000e+00,5.736261718024721762e-02,-0.000000000000000000e+00,0.000000000000000000e+00,0.000000000000000000e+00,5.604453502705427498e-02,1.201517700304605363e+00,0.000000000000000000e+00,-0.000000000000000000e+00,0.000000000000000000e+00,0.000000000000000000e+00,1.020168037275046291e-01,-0.000000000000000000e+00,0.000000000000000000e+00,0.000000000000000000e+00,0.000000000000000000e+00,3.246298695263193784e-02,5.578660477721175681e-02,0.000000000000000000e+00,0.000000000000000000e+00,6.520633154921383345e-02,1.541120317938408923e-02,3.936357562018494294e-02,0.000000000000000000e+00,0.000000000000000000e+00,0.000000000000000000e+00,0.000000000000000000e+00,0.000000000000000000e+00,0.000000000000000000e+00,0.000000000000000000e+00,-1.207164021126201636e-02,0.000000000000000000e+00,-2.030667537314494731e-01,0.000000000000000000e+00,0.000000000000000000e+00
-6.747576715728909047e-02,-1.315633780882633497e-01,-6.120516325273403155e-03,7.079887106036890365e-02,-1.024401294043769534e-01,-0.000000000000000000e+00,7.418102699269912836e-02,0.000000000000000000e+00,-1.615854100704479032e-02,-1.144919666228034483e-01,0.000000000000000000e+00,1.646005697818562208e+00,0.000000000000000000e+00,-1.041048924711624607e-01,-1.436207779047003752e-01,-9.320882683238039534e-02,-0.000000000000000000e+00,-8.988772915794046581e-02,-7.939377399799679713e-02,-6.960730759837049919e-02,-4.346887160268424893e-02,-4.269248681210175735e-03,-8.200628254252735616e-02,-1.024872938569096163e-02,-4.978031029682787600e-02,-5.642580604087140544e-02,-7.194207251725037722e-02,-0.000000000000000000e+00,-0.000000000000000000e+00,-0.000000000000000000e+00,-0.000000000000000000e+00,-0.000000000000000000e+00,-1.082321229990145378e-01,-0.000000000000000000e+00,0.000000000000000000e+00,-2.613418987323804302e-02,5.038912749297089905e-02,-2.076353954851650405e-02,-9.865884733977188514e-02
0.000000000000000000e+00,0.000000000000000000e+00,0.000000000000000000e+00,-0.000000000000000000e+00,0.000000000000000000e+00,0.000000000000000000e+00,-0.000000000000000000e+00,0.000000000000000000e+00,0.000000000000000000e+00,0.000000000000000000e+00,-0.000000000000000000e+00,0.000000000000000000e+00,9.999999999999997780e-01,0.000000000000000000e+00,0.000000000000000000e+00,0.000000000000000000e+00,-0.000000000000000000e+00,0.000000000000000000e+00,0.000000000000000000e+00,0.000000000000000000e+00,0.000000000000000000e+00,0.000000000000000000e+00,0.000000000000000000e+00,0.000000000000000000e+00,0.000000000000000000e+00,0.000000000000000000e+00,0.000000000000000000e+00,0.000000000000000000e+00,0.000000000000000000e+00,0.000000000000000000e+00,0.000000000000000000e+00,-0.000000000000000000e+00,0.000000000000000000e+00,0.000000000000000000e+00,-0.000000000000000000e+00,0.000000000000000000e+00,-0.000000000000000000e+00,0.000000000000000000e+00,0.000000000000000000e+00
-3.211745467292263789e-02,-1.598144962421018112e-01,-0.000000000000000000e+00,4.779955130712531391e-02,-6.744458372621091324e-02,-0.000000000000000000e+00,0.000000000000000000e+00,0.000000000000000000e+00,-0.000000000000000000e+00,-4.231302091095102275e-02,0.000000000000000000e+00,-1.041048924711624607e-01,0.000000000000000000e+00,1.468994384310269297e+00,-6.653776684071666114e-02,-0.000000000000000000e+00,-0.000000000000000000e+00,-4.839251651639878832e-02,-1.241716172033086318e-01,-7.870173100098397378e-02,-0.000000000000000000e+00,-0.000000000000000000e+00,-6.009356646577034000e-02,-1.235836403436869763e-01,-0.000000000000000000e+00,-1.792702639163830658e-01,-1.257173526571908895e-01,-3.035588288683636893e-02,-0.000000000000000000e+00,-0.000000000000000000e+00,-0.000000000000000000e+00,-0.000000000000000000e+00,-2.916054704517385618e-02,-0.000000000000000000e+00,0.000000000000000000e+00,-6.289818382996663348e-02,0.000000000000000000e+00,-0.000000000000000000e+00,-1.270006095330169496e-03
-1.071423829598214528e-01,-6.907965302350725645e-02,-0.000000000000000000e+00,1.271657204733432078e-01,-3.509861845015574411e-02,-0.000000000000000000e+00,0.000000000000000000e+00,0.000000000000000000e+00,-0.000000000000000000e+00,-6.368049332899890225e-02,0.000000000000000000e+00,-1.436207779047003752e-01,0.000000000000000000e+00,-6.653776684071666114e-02,1.460156902591610129e+00,-8.161388632508559393e-02,-0.000000000000000000e+00,-7.907209431155320933e-02,-1.148351350123533038e-01,-1.773124424357857831e-01,-5.811273978843572649e-03,-0.000000000000000000e+00,-7.857563372317152850e-02,-1.264771528064545470e-03,-2.379144521605693410e-02,-3.066606057993500820e-02,-0.000000000000000000e+00,-0.000000000000000000e+00,-0.000000000000000000e+00,-0.000000000000000000e+00,-0.000000000000000000e+00,-0.000000000000000000e+00,-2.259879134024690706e-02,-0.000000000000000000e+00,0.000000000000000000e+00,-3.442030113589291535e-02,0.000000000000000000e+00,-5.967955268296557675e-02,-0.000000000000000000e+00
-1.377043189604668927e-01,-6.425977171293519030e-02,-1.059301456220609478e-01,1.370927170345939694e-01,-3.920859974889133459e-02,-5.791342538492318809e-02,0.000000000000000000e+00,-0.000000000000000000e+00,-0.000000000000000000e+00,-1.629016132117173110e-01,1.020168037275046291e-01,-9.320882683238039534e-02,0.000000000000000000e+00,-0.000000000000000000e+00,-8.161388632508559393e-02,1.639649707750004515e+00,-0.000000000000000000e+00,-4.020316542987139100e-03,-0.000000000000000000e+00,-5.724533744918536976e-02,-3.022779104632039929e-02,-6.165896455468563436e-02,-1.200995287657905669e-01,-0.000000000000000000e+00,-1.603190604461950941e-01,-4.859807188962640689e-02,-0.000000000000000000e+00,-5.764282582190387999e-02,-0.000000000000000000e+00,-0.000000000000000000e+00,-0.000000000000000000e+00,-0.000000000000000000e+00,-5.720360964854803720e-02,-0.000000000000000000e+00,7.783756470664378313e-02,-1.751605338693557404e-02,4.056505870174517692e-02,-8.353145969909452420e-03,-4.196700466744355401e-02
-0.000000000000000000e+00,-0.000000000000000000e+00,-0.000000000000000000e+00,0.000000000000000000e+00,-0.000000000000000000e+00,0.000000000000000000e+00,-0.000000000000000000e+00,0.000000000000000000e+00,-0.000000000000000000e+00,-0.000000000000000000e+00,-0.000000000000000000e+00,-0.000000000000000000e+00,-0.000000000000000000e+00,-0.000000000000000000e+00,-0.000000000000000000e+00,-0.000000000000000000e+00,1.015799171956382363e+00,-0.000000000000000000e+00,-0.000000000000000000e+00,-0.000000000000000000e+00,-0.000000000000000000e+00,-0.000000000000000000e+00,-0.000000000000000000e+00,-0.000000000000000000e+00,-0.000000000000000000e+00,-0.000000000000000000e+00,-0.000000000000000000e+00,-0.000000000000000000e+00,-6.781394605481289029e-02,-0.000000000000000000e+00,-0.000000000000000000e+00,-9.336333111501041171e-02,-0.000000000000000000e+00,-0.000000000000000000e+00,-0.000000000000000000e+00,-0.000000000000000000e+00,-0.000000000000000000e+00,0.000000000000000000e+00,-0.000000000000000000e+00
-8.139298931288183048e-02,-9.258044235531401323e-02,-0.000000000000000000e+00,0.000000000000000000e+00,-1.412610493551028634e-01,-0.000000000000000000e+00,4.395736274472170774e-02,0.000000000000000000e+00,-5.165544706093509048e-02,-1.519073383802012692e-02,0.000000000000000000e+00,-8.988772915794046581e-02,0.000000000000000000e+00,-4.839251651639878832e-02,-7.907209431155320933e-02,-4.020316542987139100e-03,-0.000000000000000000e+00,1.395926987726714641e+00,-2.490088063210481872e-01,-5.155079359422608948e-02,-0.000000000000000000e+00,-0.000000000000000000e+00,-2.048386611907499627e-02,-0.000000000000000000e+00,-0.000000000000000000e+00,-2.614539510395517616e-02,-0.000000000000000000e+00,-0.000000000000000000e+00,-0.000000000000000000e+00,-0.000000000000000000e+00,-0.000000000000000000e+00,-0.000000000000000000e+00,-5.629255838952229585e-02,-4.543602054176963667e-02,3.814407298519940231e-02,-2.955710795865251414e-02,0.000000000000000000e+00,-0.000000000000000000e+00,-7.013881520248764490e-02
-2.240961125651189795e-02,-7.600666069566294758e-02,-0.000000000000000000e+00,0.000000000000000000e+00,-1.801391073581629920e-01,-0.000000000000000000e+00,1.081944480192970591e-02,0.000000000000000000e+00,-6.030131708450699179e-02,-0.000000000000000000e+00,0.000000000000000000e+00,-7.939377399799679713e-02,0.000000000000000000e+00,-1.241716172033086318e-01,-1.148351350123533038e-01,-0.000000000000000000e+00,-0.000000000000000000e+00,-2.490088063210481872e-01,1.493405312326830048e+00,-8.335095543316187183e-02,-0.000000000000000000e+00,-0.000000000000000000e+00,-0.000000000000000000e+00,-0.000000000000000000e+00,-0.000000000000000000e+00,-4.294822698333388561e-02,-0.000000000000000000e+00,-0.000000000000000000e+00,-0.000000000000000000e+00,-0.000000000000000000e+00,-0.000000000000000000e+00,-0.000000000000000000e+00,-8.941053978689345733e-03,-1.256907484109497097e-01,0.000000000000000000e+00,-1.504855751173051759e-01,0.000000000000000000e+00,-7.725101539790409089e-02,-3.488657068160021246e-02
-5.581629569552969128e-02,-4.946071964064845117e-02,-1.197348382780929511e-02,1.061883206053829999e-02,-1.862868328496140174e-02,-0.000000000000000000e+00,0.000000000000000000e+00,0.000000000000000000e+00,-0.000000000000000000e+00,-7.312154659083858199e-02,0.000000000000000000e+00,-6.960730759837049919e-02,0.000000000000000000e+00,-7.870173100098397378e-02,-1.773124424357857831e-01,-5.724533744918536976e-02,-0.000000000000000000e+00,-5.155079359422608948e-02,-8.335095543316187183e-02,1.481795168987055211e+00,-7.912284336881819646e-02,-5.173191297493640040e-02,-1.061925363107932702e-01,-0.000000000000000000e+00,-7.188538563447900709e-02,-1.255188052976403956e-01,-0.000000000000000000e+00,-1.133788297427665293e-01,-0.000000000000000000e+00,-0.000000000000000000e+00,-0.000000000000000000e+00,-0.000000000000000000e+00,-5.970448723590167373e-02,-0.000000000000000000e+00,0.000000000000000000e+00,-1.958154474926183941e-02,0.000000000000000000e+00,-0.000000000000000000e+00,-0.000000000000000000e+00
-5.586024027610619891e-02,-5.976936545794839239e-02,-1.548550190227667711e-01,2.039814835359772885e-02,-0.000000000000000000e+00,-0.000000000000000000e+00,0.000000000000000000e+00,-0.000000000000000000e+00,-0.000000000000000000e+00,-2.350183962880533772e-02,3.246298695263193784e-02,-4.346887160268424893e-02,0.000000000000000000e+00,-0.000000000000000000e+00,-5.811273978843572649e-03,-3.022779104632039929e-02,-0.000000000000000000e+00,-0.000000000000000000e+00,-0.000000000000000000e+00,-7.912284336881819646e-02,1.309643484691894288e+00,-3.292642369389074675e-02,-1.679700255029566158e-02,-3.030050575613242678e-03,-1.933622438748011652e-02,-7.292076034625968872e-02,-8.106179105117046479e-02,-1.074600575608099517e-01,-0.000000000000000000e+00,-0.000000000000000000e+00,-0.000000000000000000e+00,-0.000000000000000000e+00,-1.330841121272031691e-01,-0.000000000000000000e+00,0.000000000000000000e+00,-0.000000000000000000e+00,7.536080127351675595e-02,-0.000000000000000000e+00,-0.000000000000000000e+00
-5.942467532478058756e-02,-0.000000000000000000e+00,-1.495542913539286978e-01,0.000000000000000000e+00,-0.000000000000000000e+00,-9.060395725840797443e-02,0.000000000000000000e+00,-0.000000000000000000e+00,-0.000000000000000000e+00,-9.594708326333171999e-02,5.578660477721175681e-02,-4.269248681210175735e-03,0.000000000000000000e+00,-0.000000000000000000e+00,-0.000000000000000000e+00,-6.165896455468563436e-02,-0.000000000000000000e+00,-0.000000000000000000e+00,-0.000000000000000000e+00,-5.173191297493640040e-02,-3.292642369389074675e-02,1.486481816348125928e+00,-1.066722383761071341e-01,-7.264170370687961231e-02,-1.448381810137001902e-01,-5.263325890623603981e-02,-9.071663290655859746e-02,-1.386525445056291106e-01,-1.086903391034449093e-02,-0.000000000000000000e+00,-1.299635905615260378e-01,-0.000000000000000000e+00,-1.120856997929243343e-01,-0.000000000000000000e+00,0.000000000000000000e+00,-0.000000000000000000e+00,0.000000000000000000e+00,-0.000000000000000000e+00,-0.000000000000000000e+00
-6.215029980278440058e-02,-0.000000000000000000e+00,-3.358344264520504024e-02,5.432772830791373492e-02,-0.000000000000000000e+00,-6.198468976447723405e-03,0.000000000000000000e+00,0.000000000000000000e+00,-0.000000000000000000e+00,-1.588150063894274711e-01,0.000000000000000000e+00,-8.200628254252735616e-02,0.000000000000000000e+00,-6.009356646577034000e-02,-7.857563372317152850e-02,-1.200995287657905669e-01,-0.000000000000000000e+00,-2.048386611907499627e-02,-0.000000000000000000e+00,-1.061925363107932702e-01,-1.679700255029566158e-02,-1.066722383761071341e-01,1.557674685406333914e+00,-1.833951486295941694e-02,-1.763743595303855216e-01,-6.788709554359136089e-02,-6.394478212918379423e-02,-1.136310822340884097e-01,-1.098988489155352799e-01,-0.000000000000000000e+00,-0.000000000000000000e+00,-0.000000000000000000e+00,-7.941686053968190218e-02,-0.000000000000000000e+00,0.000000000000000000e+00,-1.512715698932583057e-02,0.000000000000000000e+00,-0.000000000000000000e+00,-0.000000000000000000e+00
-5.219959237322879808e-03,-0.000000000000000000e+00,-1.375614489147360120e-02,4.055987386513348891e-02,-0.000000000000000000e+00,-0.000000000000000000e+00,0.000000000000000000e+00,-0.000000000000000000e+00,-0.000000000000000000e+00,-0.000000000000000000e+00,0.000000000000000000e+00,-1.024872938569096163e-02,0.000000000000000000e+00,-1.235836403436869763e-01,-1.264771528064545470e-03,-0.000000000000000000e+00,-0.000000000000000000e+00,-0.000000000000000000e+00,-0.000000000000000000e+00,-0.000000000000000000e+00,-3.030050575613242678e-03,-7.264170370687961231e-02,-1.833951486295941694e-02,1.103506829845138260e+00,-5.168972432020124685e-02,-5.514407730824815584e-02,-1.200650182362086307e-03,-7.457319444231400030e-02,-5.058930211148418739e-03,-0.000000000000000000e+00,-0.000000000000000000e+00,-0.000000000000000000e+00,-3.983988882088392025e-02,-0.000000000000000000e+00,0.000000000000000000e+00,-0.000000000000000000e+00,0.000000000000000000e+00,-0.000000000000000000e+00,-0.000000000000000000e+00
-1.081505499478368354e-01,-0.000000000000000000e+00,-1.147466194128977934e-01,9.190679597244671983e-02,-0.000000000000000000e+00,-1.558731878789405834e-01,0.000000000000000000e+00,-0.000000000000000000e+00,-0.000000000000000000e+00,-1.685368509865005637e-01,6.520633154921383345e-02,-4.978031029682787600e-02,0.000000000000000000e+00,-0.000000000000000000e+00,-2.379144521605693410e-02,-1.603190604461950941e-01,-0.000000000000000000e+00,-0.000000000000000000e+00,-0.000000000000000000e+00,-7.188538563447900709e-02,-1.933622438748011652e-02,-1.448381810137001902e-01,-1.763743595303855216e-01,-5.168972432020124685e-02,1.644071070572044935e+00,-8.171420078529063880e-02,-7.884090126638066201e-03,-1.306544018635679150e-01,-5.390137061750702174e-02,-0.000000000000000000e+00,-0.000000000000000000e+00,-0.000000000000000000e+00,-6.532162353705663060e-02,-0.000000000000000000e+00,0.000000000000000000e+00,-0.000000000000000000e+00,0.000000000000000000e+00,-0.000000000000000000e+00,-0.000000000000000000e+00
-1.052357949279855986e-01,-1.095107475709931888e-01,-0.000000000000000000e+00,8.193077801166523400e-02,-7.047841068169199974e-02,-0.000000000000000000e+00,0.000000000000000000e+00,0.000000000000000000e+00,-0.000000000000000000e+00,-9.234981388314558726e-02,1.541120317938408923e-02,-5.642580604087140544e-02,0.000000000000000000e+00,-1.792702639163830658e-01,-3.066606057993500820e-02,-4.859807188962640689e-02,-0.000000000000000000e+00,-2.614539510395517616e-02,-4.294822698333388561e-02,-1.255188052976403956e-01,-7.292076034625968872e-02,-5.263325890623603981e-02,-6.788709554359136089e-02,-5.514407730824815584e-02,-8.171420078529063880e-02,1.638645878713987702e+00,-1.272554429371539897e-01,-1.475928943651709790e-01,-0.000000000000000000e+00,-0.000000000000000000e+00,-0.000000000000000000e+00,-0.000000000000000000e+00,-8.740983372022202713e-02,-0.000000000000000000e+00,0.000000000000000000e+00,-2.732147119314611711e-02,0.000000000000000000e+00,-0.000000000000000000e+00,-0.000000000000000000e+00
-0.000000000000000000e+00,-3.074508646787092736e-02,-7.290995859630182430e-02,0.000000000000000000e+00,-1.073478793932172715e-01,-0.000000000000000000e+00,0.000000000000000000e+00,-0.000000000000000000e+00,-0.000000000000000000e+00,-2.738982243950736917e-02,3.936357562018494294e-02,-7.194207251725037722e-02,0.000000000000000000e+00,-1.257173526571908895e-01,-0.000000000000000000e+00,-0.000000000000000000e+00,-0.000000000000000000e+00,-0.000000000000000000e+00,-0.000000000000000000e+00,-0.000000000000000000e+00,-8.106179105117046479e-02,-9.071663290655859746e-02,-6.394478212918379423e-02,-1.200650182362086307e-03,-7.884090126638066201e-03,-1.272554429371539897e-01,1.380515753554928615e+00,-7.190784946489962859e-02,-0.000000000000000000e+00,-0.000000000000000000e+00,-6.905342690031038289e-02,-0.000000000000000000e+00,-1.593768802121359185e-01,-0.000000000000000000e+00,0.000000000000000000e+00,-0.000000000000000000e+00,0.000000000000000000e+00,-0.000000000000000000e+00,-5.330100193865470320e-02
-4.077825113998028578e-02,-0.000000000000000000e+00,-1.137827071245455235e-01,1.003327532360991370e-01,-0.000000000000000000e+00,-0.000000000000000000e+00,0.000000000000000000e+00,-0.000000000000000000e+00,-0.000000000000000000e+00,-8.813762602132169111e-02,0.000000000000000000e+00,-0.000000000000000000e+00,0.000000000000000000e+00,-3.035588288683636893e-02,-0.000000000000000000e+00,-5.764282582190387999e-02,-0.000000000000000000e+00,-0.000000000000000000e+00,-0.000000000000000000e+00,-1.133788297427665293e-01,-1.074600575608099517e-01,-1.386525445056291106e-01,-1.136310822340884097e-01,-7.457319444231400030e-02,-1.306544018635679150e-01,-1.475928943651709790e-01,-7.190784946489962859e-02,1.531877263166776970e+00,-9.496383179424640331e-02,-0.000000000000000000e+00,-1.112949619204379147e-02,-0.000000000000000000e+00,-9.694346462413458432e-02,-0.000000000000000000e+00,0.000000000000000000e+00,-0.000000000000000000e+00,0.000000000000000000e+00,-0.000000000000000000e+00,-0.000000000000000000e+00
-0.000000000000000000e+00,-0.000000000000000000e+00,-0.000000000000000000e+00,0.000000000000000000e+00,-0.000000000000000000e+00,-0.000000000000000000e+00,0.000000000000000000e+00,-0.000000000000000000e+00,-0.000000000000000000e+00,-0.000000000000000000e+00,0.000000000000000000e+00,-0.000000000000000000e+00,0.000000000000000000e+00,-0.000000000000000000e+00,-0.000000000000000000e+00,-0.000000000000000000e+00,-6.781394605481289029e-02,-0.000000000000000000e+00,-0.000000000000000000e+00,-0.000000000000000000e+00,-0.000000000000000000e+00,-1.086903391034449093e-02,-1.098988489155352799e-01,-5.058930211148418739e-03,-5.390137061750702174e-02,-0.000000000000000000e+00,-0.000000000000000000e+00,-9.496383179424640331e-02,1.095765110040227475e+00,-0.000000000000000000e+00,-0.000000000000000000e+00,-2.201744090225682127e-01,-0.000000000000000000e+00,-0.000000000000000000e+00,0.000000000000000000e+00,-0.000000000000000000e+00,-0.000000000000000000e+00,-0.000000000000000000e+00,-0.000000000000000000e+00
-0.000000000000000000e+00,-0.000000000000000000e+00,-0.000000000000000000e+00,0.000000000000000000e+00,-0.000000000000000000e+00,-0.000000000000000000e+00,0.000000000000000000e+00,0.000000000000000000e+00,-1.967457720593275006e-01,-0.000000000000000000e+00,0.000000000000000000e+00,-0.000000000000000000e+00,0.000000000000000000e+00,-0.000000000000000000e+00,-0.000000000000000000e+00,-0.000000000000000000e+00,-0.000000000000000000e+00,-0.000000000000000000e+00,-0.000000000000000000e+00,-0.000000000000000000e+00,-0.000000000000000000e+00,-0.000000000000000000e+00,-0.000000000000000000e+00,-0.000000000000000000e+00,-0.000000000000000000e+00,-0.000000000000000000e+00,-0.000000000000000000e+00,-0.000000000000000000e+00,-0.000000000000000000e+00,1.171561748805487024e+00,-0.000000000000000000e+00,0.000000000000000000e+00,-0.000000000000000000e+00,-1.761386811618233794e-01,0.000000000000000000e+00,-1.468139180662878240e-01,0.000000000000000000e+00,-1.291277712420483836e-01,-0.000000000000000000e+00
-0.000000000000000000e+00,-0.000000000000000000e+00,-2.721804533773080070e-01,0.000000000000000000e+00,-0.000000000000000000e+00,-1.961284277473254456e-01,0.000000000000000000e+00,-0.000000000000000000e+00,-0.000000000000000000e+00,-0.000000000000000000e+00,0.000000000000000000e+00,-0.000000000000000000e+00,0.000000000000000000e+00,-0.000000000000000000e+00,-0.000000000000000000e+00,-0.000000000000000000e+00,-0.000000000000000000e+00,-0.000000000000000000e+00,-0.000000000000000000e+00,-0.000000000000000000e+00,-0.000000000000000000e+00,-1.299635905615260378e-01,-0.000000000000000000e+00,-0.000000000000000000e+00,-0.000000000000000000e+00,-0.000000000000000000e+00,-6.905342690031038289e-02,-1.112949619204379147e-02,-0.000000000000000000e+00,-0.000000000000000000e+00,1.194276415892968624e+00,-0.000000000000000000e+00,-1.384851403168744013e-02,-0.000000000000000000e+00,0.000000000000000000e+00,-0.000000000000000000e+00,0.000000000000000000e+00,-0.000000000000000000e+00,-0.000000000000000000e+00
-0.000000000000000000e+00,-0.000000000000000000e+00,-0.000000000000000000e+00,0.000000000000000000e+00,-0.000000000000000000e+00,-0.000000000000000000e+00,0.000000000000000000e+00,-0.000000000000000000e+00,0.000000000000000000e+00,-0.000000000000000000e+00,0.000000000000000000e+00,-0.000000000000000000e+00,-0.000000000000000000e+00,-0.000000000000000000e+00,-0.000000000000000000e+00,-0.000000000000000000e+00,-9.336333111501041171e-02,-0.000000000000000000e+00,-0.000000000000000000e+00,-0.000000000000000000e+00,-0.000000000000000000e+00,-0.000000000000000000e+00,-0.000000000000000000e+00,-0.000000000000000000e+00,-0.000000000000000000e+00,-0.000000000000000000e+00,-0.000000000000000000e+00,-0.000000000000000000e+00,-2.201744090225682127e-01,0.000000000000000000e+00,-0.000000000000000000e+00,1.057452936101068275e+00,-0.000000000000000000e+00,-0.000000000000000000e+00,0.000000000000000000e+00,-0.000000000000000000e+00,-0.000000000000000000e+00,0.000000000000000000e+00,-0.000000000000000000e+00
-4.738580079065819045e-02,-5.206884763488460466e-02,-1.602061270343943244e-01,0.000000000000000000e+00,-9.843687565954212237e-02,-0.000000000000000000e+00,0.000000000000000000e+00,-0.000000000000000000e+00,-0.000000000000000000e+00,-7.083679738789074032e-02,0.000000000000000000e+00,-1.082321229990145378e-01,0.000000000000000000e+00,-2.916054704517385618e-02,-2.259879134024690706e-02,-5.720360964854803720e-02,-0.000000000000000000e+00,-5.629255838952229585e-02,-8.941053978689345733e-03,-5.970448723590167373e-02,-1.330841121272031691e-01,-1.120856997929243343e-01,-7.941686053968190218e-02,-3.983988882088392025e-02,-6.532162353705663060e-02,-8.740983372022202713e-02,-1.593768802121359185e-01,-9.694346462413458432e-02,-0.000000000000000000e+00,-0.000000000000000000e+00,-1.384851403168744013e-02,-0.000000000000000000e+00,1.588757363502645736e+00,-0.000000000000000000e+00,2.572254741316131951e-02,-0.000000000000000000e+00,0.000000000000000000e+00,-0.000000000000000000e+00,-5.549596715215777271e-02
-0.000000000000000000e+00,-0.000000000000000000e+00,-0.000000000000000000e+00,0.000000000000000000e+00,-3.374439431471082385e-02,-0.000000000000000000e+00,4.327324746503170838e-02,0.000000000000000000e+00,-2.674715119979848010e-01,-0.000000000000000000e+00,0.000000000000000000e+00,-0.000000000000000000e+00,0.000000000000000000e+00,-0.000000000000000000e+00,-0.000000000000000000e+00,-0.000000000000000000e+00,-0.000000000000000000e+00,-4.543602054176963667e-02,-1.256907484109497097e-01,-0.000000000000000000e+00,-0.000000000000000000e+00,-0.000000000000000000e+00,-0.000000000000000000e+00,-0.000000000000000000e+00,-0.000000000000000000e+00,-0.000000000000000000e+00,-0.000000000000000000e+00,-0.000000000000000000e+00,-0.000000000000000000e+00,-1.761386811618233794e-01,-0.000000000000000000e+00,-0.000000000000000000e+00,-0.000000000000000000e+00,1.286786032413389957e+00,0.000000000000000000e+00,-6.214401424358320658e-02,0.000000000000000000e+00,-1.370238564798712810e-01,-9.582676149828850409e-02
7.566320499523283838e-02,2.931142099045867117e-02,3.163752416170432374e-02,-0.000000000000000000e+00,1.616055259866172947e-02,0.000000000000000000e+00,-0.000000000000000000e+00,0.000000000000000000e+00,0.000000000000000000e+00,0.000000000000000000e+00,-1.207164021126201636e-02,0.000000000000000000e+00,-0.000000000000000000e+00,0.000000000000000000e+00,0.000000000000000000e+00,7.783756470664378313e-02,-0.000000000000000000e+00,3.814407298519940231e-02,0.000000000000000000e+00,0.000000000000000000e+00,0.000000000000000000e+00,0.000000000000000000e+00,0.000000000000000000e+00,0.000000000000000000e+00,0.000000000000000000e+00,0.000000000000000000e+00,0.000000000000000000e+00,0.000000000000000000e+00,0.000000000000000000e+00,0.000000000000000000e+00,0.000000000000000000e+00,0.000000000000000000e+00,2.572254741316131951e-02,0.000000000000000000e+00,1.136707547528932549e+00,0.000000000000000000e+00,-2.850962968251645746e-01,0.000000000000000000e+00,6.290342494017560349e-03
-5.410009382511683784e-02,-4.569887104069153549e-02,-0.000000000000000000e+00,0.000000000000000000e+00,-9.179244327256445846e-02,-0.000000000000000000e+00,0.000000000000000000e+00,0.000000000000000000e+00,-7.607003453835356477e-02,-4.422888700840429260e-02,0.000000000000000000e+00,-2.613418987323804302e-02,0.000000000000000000e+00,-6.289818382996663348e-02,-3.442030113589291535e-02,-1.751605338693557404e-02,-0.000000000000000000e+00,-2.955710795865251414e-02,-1.504855751173051759e-01,-1.958154474926183941e-02,-0.000000000000000000e+00,-0.000000000000000000e+00,-1.512715698932583057e-02,-0.000000000000000000e+00,-0.000000000000000000e+00,-2.732147119314611711e-02,-0.000000000000000000e+00,-0.000000000000000000e+00,-0.000000000000000000e+00,-1.468139180662878240e-01,-0.000000000000000000e+00,-0.000000000000000000e+00,-0.000000000000000000e+00,-6.214401424358320658e-02,0.000000000000000000e+00,1.280742750700059940e+00,0.000000000000000000e+00,-8.076261801568351828e-02,-6.630173741909634044e-02
1.528128489116608972e-02,7.424459437919635196e-02,0.000000000000000000e+00,-0.000000000000000000e+00,0.000000000000000000e+00,0.000000000000000000e+00,-0.000000000000000000e+00,0.000000000000000000e+00,0.000000000000000000e+00,0.000000000000000000e+00,-2.030667537314494731e-01,5.038912749297089905e-02,-0.000000000000000000e+00,0.000000000000000000e+00,0.000000000000000000e+00,4.056505870174517692e-02,-0.000000000000000000e+00,0.000000000000000000e+00,0.000000000000000000e+00,0.000000000000000000e+00,7.536080127351675595e-02,0.000000000000000000e+00,0.000000000000000000e+00,0.000000000000000000e+00,0.000000000000000000e+00,0.000000000000000000e+00,0.000000000000000000e+00,0.000000000000000000e+00,-0.000000000000000000e+00,0.000000000000000000e+00,0.000000000000000000e+00,-0.000000000000000000e+00,0.000000000000000000e+00,0.000000000000000000e+00,-2.850962968251645746e-01,0.000000000000000000e+00,1.182838427688739813e+00,0.000000000000000000e+00,0.000000000000000000e+00
-4.335866539515951384e-02,-8.709711224553472186e-02,-0.000000000000000000e+00,0.000000000000000000e+00,-1.076723481375016223e-01,-0.000000000000000000e+00,1.529486620369499283e-01,0.000000000000000000e+00,-1.941978756296535713e-01,-0.000000000000000000e+00,0.000000000000000000e+00,-2.076353954851650405e-02,0.000000000000000000e+00,-0.000000000000000000e+00,-5.967955268296557675e-02,-8.353145969909452420e-03,0.000000000000000000e+00,-0.000000000000000000e+00,-7.725101539790409089e-02,-0.000000000000000000e+00,-0.000000000000000000e+00,-0.000000000000000000e+00,-0.000000000000000000e+00,-0.000000000000000000e+00,-0.000000000000000000e+00,-0.000000000000000000e+00,-0.000000000000000000e+00,-0.000000000000000000e+00,-0.000000000000000000e+00,-1.291277712420483836e-01,-0.000000000000000000e+00,0.000000000000000000e+00,-0.000000000000000000e+00,-1.370238564798712810e-01,0.000000000000000000e+00,-8.076261801568351828e-02,0.000000000000000000e+00,1.384415011319631628e+00,-1.871894279036807052e-01
-2.774786218178557431e-02,-1.215685991304425728e-01,-0.000000000000000000e+00,0.000000000000000000e+00,-1.926117786745542571e-01,-0.000000000000000000e+00,1.369524939265206187e-01,0.000000000000000000e+00,-1.753893045872929601e-01,-2.278766497540042277e-02,0.000000000000000000e+00,-9.865884733977188514e-02,0.000000000000000000e+00,-1.270006095330169496e-03,-0.000000000000000000e+00,-4.196700466744355401e-02,-0.000000000000000000e+00,-7.013881520248764490e-02,-3.488657068160021246e-02,-0.000000000000000000e+00,-0.000000000000000000e+00,-0.000000000000000000e+00,-0.000000000000000000e+00,-0.000000000000000000e+00,-0.000000000000000000e+00,-0.000000000000000000e+00,-5.330100193865470320e-02,-0.000000000000000000e+00,-0.000000000000000000e+00,-0.000000000000000000e+00,-0.000000000000000000e+00,-0.000000000000000000e+00,-5.549596715215777271e-02,-9.582676149828850409e-02,6.290342494017560349e-03,-6.630173741909634044e-02,0.000000000000000000e+00,-1.871894279036807052e-01,1.442473498740900029e+00
