2.131104116004332028e+00,-2.677619435212150178e-03,0.000000000000000000e+00,0.000000000000000000e+00,-0.000000000000000000e+00,-0.000000000000000000e+00,-0.000000000000000000e+00,-0.000000000000000000e+00,-0.000000000000000000e+00,-3.365466677012072805e-01,-0.000000000000000000e+00,1.088356024241450004e-01,3.787392774016955233e-02,-1.677474778517213660e-01,0.000000000000000000e+00,-1.802149046824831624e-01,-1.006004583717271389e-01,-0.000000000000000000e+00,0.000000000000000000e+00,-0.000000000000000000e+00,-0.000000000000000000e+00,0.000000000000000000e+00,-0.000000000000000000e+00,-0.000000000000000000e+00,-0.000000000000000000e+00,-6.459571694293363420e-01,-0.000000000000000000e+00,-0.000000000000000000e+00,-1.696948288568211338e-01,-4.459764466411814121e-01,-0.000000000000000000e+00,-0.000000000000000000e+00,-0.000000000000000000e+00,0.000000000000000000e+00,-0.000000000000000000e+00,-0.000000000000000000e+00,-1.541983183412790406e-02,-0.000000000000000000e+00,0.000000000000000000e+00
-2.677619435212150178e-03,1.538954148712546433e+00,-0.000000000000000000e+00,0.000000000000000000e+00,-5.769045542861984954e-02,0.000000000000000000e+00,-0.000000000000000000e+00,0.000000000000000000e+00,-2.935698682410881610e-01,-0.000000000000000000e+00,0.000000000000000000e+00,-0.000000000000000000e+00,5.148386082232590810e-02,-0.000000000000000000e+00,0.000000000000000000e+00,-3.522435786242086864e-01,-0.000000000000000000e+00,-0.000000000000000000e+00,-0.000000000000000000e+00,0.000000000000000000e+00,0.000000000000000000e+00,-0.000000000000000000e+00,-0.000000000000000000e+00,-0.000000000000000000e+00,-0.000000000000000000e+00,0.000000000000000000e+00,0.000000000000000000e+00,0.000000000000000000e+00,0.000000000000000000e+00,-4.254684870723146606e-01,-0.000000000000000000e+00,-4.849593406084352909e-02,-0.000000000000000000e+00,-0.000000000000000000e+00,0.000000000000000000e+00,-0.000000000000000000e+00,-0.000000000000000000e+00,0.000000000000000000e+00,-0.000000000000000000e+00
0.000000000000000000e+00,-0.000000000000000000e+00,2.965485156500074826e+00,5.016464650531855113e-02,-4.305851631504217791e-01,0.000000000000000000e+00,0.000000000000000000e+00,1.580877350092225075e+00,-0.000000000000000000e+00,-0.000000000000000000e+00,-0.000000000000000000e+00,-0.000000000000000000e+00,0.000000000000000000e+00,-0.000000000000000000e+00,-0.000000000000000000e+00,-0.000000000000000000e+00,-0.000000000000000000e+00,0.000000000000000000e+00,0.000000000000000000e+00,0.000000000000000000e+00,-1.440107159262068726e-01,-1.403506035013175057e-01,-0.000000000000000000e+00,-0.000000000000000000e+00,-0.000000000000000000e+00,0.000000000000000000e+00,-0.000000000000000000e+00,-6.478921004807969286e-02,0.000000000000000000e+00,-0.000000000000000000e+00,-2.226529392518433459e-01,0.000000000000000000e+00,-1.173780442020186110e-01,-3.179178059519368049e-01,0.000000000000000000e+00,-0.000000000000000000e+00,0.000000000000000000e+00,-0.000000000000000000e+00,-1.804179200328760377e-02
0.000000000000000000e+00,0.000000000000000000e+00,5.016464650531855113e-02,1.218774065787430416e+00,7.264245522189586614e-03,0.000000000000000000e+00,-1.340317903375634057e-01,-1.041741890656904951e-01,0.000000000000000000e+00,0.000000000000000000e+00,0.000000000000000000e+00,-0.000000000000000000e+00,-3.561339183916369389e-01,0.000000000000000000e+00,-0.000000000000000000e+00,0.000000000000000000e+00,0.000000000000000000e+00,-1.856446876462832796e-01,-0.000000000000000000e+00,-0.000000000000000000e+00,0.000000000000000000e+00,3.210307698104518988e-03,0.000000000000000000e+00,0.000000000000000000e+00,-0.000000000000000000e+00,0.000000000000000000e+00,0.000000000000000000e+00,0.000000000000000000e+00,0.000000000000000000e+00,1.259268859835314600e-02,0.000000000000000000e+00,0.000000000000000000e+00,0.000000000000000000e+00,0.000000000000000000e+00,0.000000000000000000e+00,-0.000000000000000000e+00,0.000000000000000000e+00,0.000000000000000000e+00,-0.000000000000000000e+00
-0.000000000000000000e+00,-5.769045542861984954e-02,-4.305851631504217791e-01,7.264245522189586614e-03,1.828235369791072928e+00,0.000000000000000000e+00,0.000000000000000000e+00,3.384716698481122776e-01,-2.461031895487167942e-01,-0.000000000000000000e+00,0.000000000000000000e+00,-0.000000000000000000e+00,7.872882448929117288e-03,-2.999030280944814386e-01,-0.000000000000000000e+00,-0.000000000000000000e+00,-0.000000000000000000e+00,-0.000000000000000000e+00,0.000000000000000000e+00,0.000000000000000000e+00,-0.000000000000000000e+00,-0.000000000000000000e+00,-0.000000000000000000e+00,-0.000000000000000000e+00,-0.000000000000000000e+00,-0.000000000000000000e+00,-0.000000000000000000e+00,-6.173362915871614259e-02,0.000000000000000000e+00,-0.000000000000000000e+00,-0.000000000000000000e+00,0.000000000000000000e+00,-0.000000000000000000e+00,-2.484874620655626587e-01,0.000000000000000000e+00,0.000000000000000000e+00,0.000000000000000000e+00,-0.000000000000000000e+00,-0.000000000000000000e+00
-0.000000000000000000e+00,0.000000000000000000e+00,0.000000000000000000e+00,0.000000000000000000e+00,0.000000000000000000e+00,2.360798165324306641e+00,-0.000000000000000000e+00,-0.000000000000000000e+00,2.830251573875245397e-01,-0.000000000000000000e+00,-7.900712051943450387e-01,0.000000000000000000e+00,0.000000000000000000e+00,-0.000000000000000000e+00,1.826206561097626357e-01,0.000000000000000000e+00,-9.098737809078645544e-02,0.000000000000000000e+00,4.272483643692862737e-02,-0.000000000000000000e+00,-0.000000000000000000e+00,-0.000000000000000000e+00,-0.000000000000000000e+00,-0.000000000000000000e+00,0.000000000000000000e+00,-0.000000000000000000e+00,-0.000000000000000000e+00,-0.000000000000000000e+00,-1.641602937062315581e-01,0.000000000000000000e+00,-6.540677483540585646e-02,-2.344216755654345286e-01,-0.000000000000000000e+00,0.000000000000000000e+00,-1.974439097725693149e-01,-0.000000000000000000e+00,-4.732596064812532588e-01,0.000000000000000000e+00,1.681544718605473554e-01
-0.000000000000000000e+00,-0.000000000000000000e+00,0.000000000000000000e+00,-1.340317903375634057e-01,0.000000000000000000e+00,-0.000000000000000000e+00,1.044543855602234617e+00,-0.000000000000000000e+00,0.000000000000000000e+00,-0.000000000000000000e+00,-0.000000000000000000e+00,7.872432100176274261e-02,-0.000000000000000000e+00,-0.000000000000000000e+00,0.000000000000000000e+00,-0.000000000000000000e+00,-0.000000000000000000e+00,-0.000000000000000000e+00,0.000000000000000000e+00,-0.000000000000000000e+00,-0.000000000000000000e+00,3.859802820591770600e-02,-0.000000000000000000e+00,0.000000000000000000e+00,-0.000000000000000000e+00,-0.000000000000000000e+00,0.000000000000000000e+00,-0.000000000000000000e+00,-0.000000000000000000e+00,-0.000000000000000000e+00,0.000000000000000000e+00,0.000000000000000000e+00,0.000000000000000000e+00,9.464626902377429318e-02,-0.000000000000000000e+00,0.000000000000000000e+00,-0.000000000000000000e+00,0.000000000000000000e+00,0.000000000000000000e+00
-0.000000000000000000e+00,0.000000000000000000e+00,1.580877350092225075e+00,-1.041741890656904951e-01,3.384716698481122776e-01,-0.000000000000000000e+00,-0.000000000000000000e+00,2.874219230271094716e+00,0.000000000000000000e+00,0.000000000000000000e+00,-0.000000000000000000e+00,0.000000000000000000e+00,-0.000000000000000000e+00,0.000000000000000000e+00,0.000000000000000000e+00,0.000000000000000000e+00,0.000000000000000000e+00,-0.000000000000000000e+00,-0.000000000000000000e+00,-0.000000000000000000e+00,1.617094788829172847e-01,1.474931826475690821e-01,0.000000000000000000e+00,0.000000000000000000e+00,0.000000000000000000e+00,-0.000000000000000000e+00,0.000000000000000000e+00,1.445806750908240970e-02,-0.000000000000000000e+00,0.000000000000000000e+00,6.173966267236523408e-04,-0.000000000000000000e+00,2.793959491528750366e-02,4.671823749609630982e-01,-0.000000000000000000e+00,0.000000000000000000e+00,-0.000000000000000000e+00,0.000000000000000000e+00,8.450580933191721711e-02
-0.000000000000000000e+00,-2.935698682410881610e-01,-0.000000000000000000e+00,0.000000000000000000e+00,-2.461031895487167942e-01,2.830251573875245397e-01,0.000000000000000000e+00,0.000000000000000000e+00,2.012390538838417342e+00,-0.000000000000000000e+00,1.439340193470973750e-01,-2.040669208547934155e-01,0.000000000000000000e+00,-0.000000000000000000e+00,-1.057629008647848270e-02,-6.366028242455866459e-02,0.000000000000000000e+00,-2.055675157084439417e-02,-6.462096539016753960e-02,0.000000000000000000e+00,0.000000000000000000e+00,-4.384266711732175831e-02,-0.000000000000000000e+00,-0.000000000000000000e+00,-0.000000000000000000e+00,0.000000000000000000e+00,-0.000000000000000000e+00,0.000000000000000000e+00,1.306808540814980227e-02,-4.363585511187352828e-01,0.000000000000000000e+00,-0.000000000000000000e+00,0.000000000000000000e+00,-1.945071984116484298e-01,0.000000000000000000e+00,0.000000000000000000e+00,0.000000000000000000e+00,-3.360275360687187685e-01,-2.406686117102583011e-01
-3.365466677012072805e-01,-0.000000000000000000e+00,-0.000000000000000000e+00,0.000000000000000000e+00,-0.000000000000000000e+00,-0.000000000000000000e+00,-0.000000000000000000e+00,0.000000000000000000e+00,-0.000000000000000000e+00,2.796979986357946757e+00,0.000000000000000000e+00,-0.000000000000000000e+00,7.214284868861445266e-02,-1.986392363083636092e-01,-0.000000000000000000e+00,-1.127939477675899305e+00,-0.000000000000000000e+00,-0.000000000000000000e+00,-0.000000000000000000e+00,-0.000000000000000000e+00,-0.000000000000000000e+00,-0.000000000000000000e+00,-3.823848462603667286e-01,-7.871672411296191940e-02,-2.469758556316671849e-01,-9.164730740947971133e-02,-0.000000000000000000e+00,-7.491578031337796373e-02,-1.167793202399846769e-01,-1.483086080009020091e-01,-0.000000000000000000e+00,-0.000000000000000000e+00,-0.000000000000000000e+00,-0.000000000000000000e+00,-0.000000000000000000e+00,-0.000000000000000000e+00,-8.527251508558274240e-02,-0.000000000000000000e+00,-0.000000000000000000e+00
-0.000000000000000000e+00,0.000000000000000000e+00,-0.000000000000000000e+00,0.000000000000000000e+00,0.000000000000000000e+00,-7.900712051943450387e-01,-0.000000000000000000e+00,-0.000000000000000000e+00,1.439340193470973750e-01,0.000000000000000000e+00,2.481480065671169744e+00,4.009930650630573468e-02,0.000000000000000000e+00,-0.000000000000000000e+00,3.610011461643008318e-02,0.000000000000000000e+00,-8.247440547198570115e-01,6.214585371334944985e-02,5.844582183730452629e-02,-0.000000000000000000e+00,-0.000000000000000000e+00,-0.000000000000000000e+00,-0.000000000000000000e+00,-0.000000000000000000e+00,0.000000000000000000e+00,-0.000000000000000000e+00,-0.000000000000000000e+00,-0.000000000000000000e+00,-0.000000000000000000e+00,0.000000000000000000e+00,-2.594373208844156231e-01,-2.421004191223545543e-01,-1.488980392390657215e-01,0.000000000000000000e+00,-0.000000000000000000e+00,0.000000000000000000e+00,-0.000000000000000000e+00,0.000000000000000000e+00,2.370623013826587966e-02
1.088356024241450004e-01,-0.000000000000000000e+00,-0.000000000000000000e+00,-0.000000000000000000e+00,-0.000000000000000000e+00,0.000000000000000000e+00,7.872432100176274261e-02,0.000000000000000000e+00,-2.040669208547934155e-01,-0.000000000000000000e+00,4.009930650630573468e-02,1.798080538039145138e+00,-0.000000000000000000e+00,0.000000000000000000e+00,-4.003587396004364418e-01,-0.000000000000000000e+00,2.406156580125661526e-01,-2.014485963907370336e-01,-0.000000000000000000e+00,-0.000000000000000000e+00,0.000000000000000000e+00,-2.479459255899560954e-01,-0.000000000000000000e+00,-0.000000000000000000e+00,-0.000000000000000000e+00,0.000000000000000000e+00,-0.000000000000000000e+00,0.000000000000000000e+00,1.587790868291290847e-01,0.000000000000000000e+00,0.000000000000000000e+00,-0.000000000000000000e+00,-0.000000000000000000e+00,-2.145724676015535182e-01,0.000000000000000000e+00,-0.000000000000000000e+00,0.000000000000000000e+00,-0.000000000000000000e+00,-3.403987762193275146e-01
3.787392774016955233e-02,5.148386082232590810e-02,0.000000000000000000e+00,-3.561339183916369389e-01,7.872882448929117288e-03,0.000000000000000000e+00,-0.000000000000000000e+00,-0.000000000000000000e+00,0.000000000000000000e+00,7.214284868861445266e-02,0.000000000000000000e+00,-0.000000000000000000e+00,1.530020049306920482e+00,0.000000000000000000e+00,-1.120905338986654884e-03,0.000000000000000000e+00,2.847799765929165394e-02,-8.147845183108234912e-02,-0.000000000000000000e+00,-0.000000000000000000e+00,0.000000000000000000e+00,0.000000000000000000e+00,0.000000000000000000e+00,0.000000000000000000e+00,0.000000000000000000e+00,0.000000000000000000e+00,0.000000000000000000e+00,1.073925030924526153e-01,0.000000000000000000e+00,0.000000000000000000e+00,4.163934734118037162e-01,1.142088789118169134e-01,0.000000000000000000e+00,0.000000000000000000e+00,0.000000000000000000e+00,0.000000000000000000e+00,1.349577672755947477e-01,-0.000000000000000000e+00,-0.000000000000000000e+00
-1.677474778517213660e-01,-0.000000000000000000e+00,-0.000000000000000000e+00,0.000000000000000000e+00,-2.999030280944814386e-01,-0.000000000000000000e+00,-0.000000000000000000e+00,0.000000000000000000e+00,-0.000000000000000000e+00,-1.986392363083636092e-01,-0.000000000000000000e+00,0.000000000000000000e+00,0.000000000000000000e+00,2.069822563532392135e+00,-0.000000000000000000e+00,-1.249989990589110284e-01,-0.000000000000000000e+00,-0.000000000000000000e+00,0.000000000000000000e+00,0.000000000000000000e+00,-0.000000000000000000e+00,-0.000000000000000000e+00,-1.929627095880753485e-01,-2.333128456806946305e-01,-5.668185935898076983e-02,-3.241090964052844442e-02,-1.398019217766894966e-02,-3.239042465964320772e-01,-0.000000000000000000e+00,-0.000000000000000000e+00,-1.720491543279227195e-02,-0.000000000000000000e+00,-0.000000000000000000e+00,-4.602082928026589304e-02,-2.683924825811861425e-01,-1.349869057817242035e-01,-1.103531452657381673e-01,-0.000000000000000000e+00,0.000000000000000000e+00
0.000000000000000000e+00,0.000000000000000000e+00,-0.000000000000000000e+00,-0.000000000000000000e+00,-0.000000000000000000e+00,1.826206561097626357e-01,0.000000000000000000e+00,0.000000000000000000e+00,-1.057629008647848270e-02,-0.000000000000000000e+00,3.610011461643008318e-02,-4.003587396004364418e-01,-1.120905338986654884e-03,-0.000000000000000000e+00,1.678730524049291351e+00,-0.000000000000000000e+00,7.180665252868533022e-02,-3.764359174757969662e-01,-8.607471458851535806e-02,-0.000000000000000000e+00,0.000000000000000000e+00,-0.000000000000000000e+00,-0.000000000000000000e+00,-0.000000000000000000e+00,-7.189476775924236174e-02,-0.000000000000000000e+00,0.000000000000000000e+00,-0.000000000000000000e+00,0.000000000000000000e+00,0.000000000000000000e+00,0.000000000000000000e+00,7.853588727158329619e-02,0.000000000000000000e+00,-8.793492845211821340e-02,0.000000000000000000e+00,-0.000000000000000000e+00,0.000000000000000000e+00,-2.668296740774241393e-01,-0.000000000000000000e+00
-1.802149046824831624e-01,-3.522435786242086864e-01,-0.000000000000000000e+00,0.000000000000000000e+00,-0.000000000000000000e+00,0.000000000000000000e+00,-0.000000000000000000e+00,0.000000000000000000e+00,-6.366028242455866459e-02,-1.127939477675899305e+00,0.000000000000000000e+00,-0.000000000000000000e+00,0.000000000000000000e+00,-1.249989990589110284e-01,-0.000000000000000000e+00,2.676251999780221436e+00,0.000000000000000000e+00,-9.890272955638855501e-02,-0.000000000000000000e+00,-0.000000000000000000e+00,-0.000000000000000000e+00,-0.000000000000000000e+00,-3.302590974523840761e-01,-2.039970867718520625e-02,-1.644725864259932724e-01,-0.000000000000000000e+00,-0.000000000000000000e+00,-0.000000000000000000e+00,-0.000000000000000000e+00,-3.793968829969161516e-01,-0.000000000000000000e+00,-0.000000000000000000e+00,-0.000000000000000000e+00,-0.000000000000000000e+00,-0.000000000000000000e+00,-0.000000000000000000e+00,-0.000000000000000000e+00,-0.000000000000000000e+00,-0.000000000000000000e+00
-1.006004583717271389e-01,-0.000000000000000000e+00,-0.000000000000000000e+00,0.000000000000000000e+00,-0.000000000000000000e+00,-9.098737809078645544e-02,-0.000000000000000000e+00,0.000000000000000000e+00,0.000000000000000000e+00,-0.000000000000000000e+00,-8.247440547198570115e-01,2.406156580125661526e-01,2.847799765929165394e-02,-0.000000000000000000e+00,7.180665252868533022e-02,0.000000000000000000e+00,2.107356877221635116e+00,1.196002639585292959e-01,1.040890290723920225e-01,-0.000000000000000000e+00,-5.434454674125846485e-02,-0.000000000000000000e+00,-0.000000000000000000e+00,-0.000000000000000000e+00,0.000000000000000000e+00,-0.000000000000000000e+00,-0.000000000000000000e+00,-0.000000000000000000e+00,-0.000000000000000000e+00,-0.000000000000000000e+00,-2.596960638605862459e-01,-7.153948603839059561e-02,-4.175450994264942595e-02,0.000000000000000000e+00,-0.000000000000000000e+00,-0.000000000000000000e+00,-1.782007397094064471e-01,-0.000000000000000000e+00,3.390761787416795431e-02
-0.000000000000000000e+00,-0.000000000000000000e+00,0.000000000000000000e+00,-1.856446876462832796e-01,-0.000000000000000000e+00,0.000000000000000000e+00,-0.000000000000000000e+00,-0.000000000000000000e+00,-2.055675157084439417e-02,-0.000000000000000000e+00,6.214585371334944985e-02,-2.014485963907370336e-01,-8.147845183108234912e-02,-0.000000000000000000e+00,-3.764359174757969662e-01,-9.890272955638855501e-02,1.196002639585292959e-01,1.823947872811781057e+00,-6.737786598714317066e-01,-0.000000000000000000e+00,1.492271717711427491e-02,0.000000000000000000e+00,-0.000000000000000000e+00,0.000000000000000000e+00,-0.000000000000000000e+00,-0.000000000000000000e+00,-0.000000000000000000e+00,0.000000000000000000e+00,-0.000000000000000000e+00,-0.000000000000000000e+00,0.000000000000000000e+00,0.000000000000000000e+00,0.000000000000000000e+00,0.000000000000000000e+00,0.000000000000000000e+00,-0.000000000000000000e+00,0.000000000000000000e+00,-6.986407497513245912e-02,-0.000000000000000000e+00
0.000000000000000000e+00,-0.000000000000000000e+00,0.000000000000000000e+00,-0.000000000000000000e+00,0.000000000000000000e+00,4.272483643692862737e-02,0.000000000000000000e+00,-0.000000000000000000e+00,-6.462096539016753960e-02,-0.000000000000000000e+00,5.844582183730452629e-02,-0.000000000000000000e+00,-0.000000000000000000e+00,0.000000000000000000e+00,-8.607471458851535806e-02,-0.000000000000000000e+00,1.040890290723920225e-01,-6.737786598714317066e-01,1.927737824971621716e+00,-0.000000000000000000e+00,1.306201673427266619e-01,0.000000000000000000e+00,-0.000000000000000000e+00,0.000000000000000000e+00,-0.000000000000000000e+00,-0.000000000000000000e+00,-0.000000000000000000e+00,0.000000000000000000e+00,0.000000000000000000e+00,-0.000000000000000000e+00,1.218071108688626586e-02,0.000000000000000000e+00,0.000000000000000000e+00,0.000000000000000000e+00,0.000000000000000000e+00,0.000000000000000000e+00,0.000000000000000000e+00,-4.361284316241555992e-01,-3.781433857340136817e-01
-0.000000000000000000e+00,0.000000000000000000e+00,0.000000000000000000e+00,-0.000000000000000000e+00,0.000000000000000000e+00,-0.000000000000000000e+00,-0.000000000000000000e+00,-0.000000000000000000e+00,0.000000000000000000e+00,-0.000000000000000000e+00,-0.000000000000000000e+00,-0.000000000000000000e+00,-0.000000000000000000e+00,0.000000000000000000e+00,-0.000000000000000000e+00,-0.000000000000000000e+00,-0.000000000000000000e+00,-0.000000000000000000e+00,-0.000000000000000000e+00,1.000000000000000888e+00,-0.000000000000000000e+00,-0.000000000000000000e+00,-0.000000000000000000e+00,-0.000000000000000000e+00,-0.000000000000000000e+00,-0.000000000000000000e+00,-0.000000000000000000e+00,-0.000000000000000000e+00,-0.000000000000000000e+00,0.000000000000000000e+00,-0.000000000000000000e+00,-0.000000000000000000e+00,-0.000000000000000000e+00,0.000000000000000000e+00,-0.000000000000000000e+00,-0.000000000000000000e+00,-0.000000000000000000e+00,-0.000000000000000000e+00,-0.000000000000000000e+00
-0.000000000000000000e+00,0.000000000000000000e+00,-1.440107159262068726e-01,0.000000000000000000e+00,-0.000000000000000000e+00,-0.000000000000000000e+00,-0.000000000000000000e+00,1.617094788829172847e-01,0.000000000000000000e+00,-0.000000000000000000e+00,-0.000000000000000000e+00,0.000000000000000000e+00,0.000000000000000000e+00,-0.000000000000000000e+00,0.000000000000000000e+00,-0.000000000000000000e+00,-5.434454674125846485e-02,1.492271717711427491e-02,1.306201673427266619e-01,-0.000000000000000000e+00,1.763464996260622586e+00,-0.000000000000000000e+00,-1.164864557238516011e-03,-0.000000000000000000e+00,-0.000000000000000000e+00,-0.000000000000000000e+00,-0.000000000000000000e+00,-6.123377415318773664e-01,-0.000000000000000000e+00,0.000000000000000000e+00,-2.276365099910998557e-01,0.000000000000000000e+00,-2.626561338420009828e-01,-0.000000000000000000e+00,-0.000000000000000000e+00,-0.000000000000000000e+00,-0.000000000000000000e+00,0.000000000000000000e+00,0.000000000000000000e+00
0.000000000000000000e+00,-0.000000000000000000e+00,-1.403506035013175057e-01,3.210307698104518988e-03,-0.000000000000000000e+00,-0.000000000000000000e+00,3.859802820591770600e-02,1.474931826475690821e-01,-4.384266711732175831e-02,-0.000000000000000000e+00,-0.000000000000000000e+00,-2.479459255899560954e-01,0.000000000000000000e+00,-0.000000000000000000e+00,-0.000000000000000000e+00,-0.000000000000000000e+00,-0.000000000000000000e+00,0.000000000000000000e+00,0.000000000000000000e+00,-0.000000000000000000e+00,-0.000000000000000000e+00,1.399802560589207490e+00,-0.000000000000000000e+00,-1.496644884847168067e-01,0.000000000000000000e+00,0.000000000000000000e+00,-0.000000000000000000e+00,-0.000000000000000000e+00,0.000000000000000000e+00,-0.000000000000000000e+00,-7.263430739521062329e-02,-1.224323449938921095e-02,-1.942824072988636741e-01,-1.780732216253340383e-01,-0.000000000000000000e+00,-0.000000000000000000e+00,-0.000000000000000000e+00,-0.000000000000000000e+00,-0.000000000000000000e+00
-0.000000000000000000e+00,-0.000000000000000000e+00,-0.000000000000000000e+00,0.000000000000000000e+00,-0.000000000000000000e+00,-0.000000000000000000e+00,-0.000000000000000000e+00,0.000000000000000000e+00,-0.000000000000000000e+00,-3.823848462603667286e-01,-0.000000000000000000e+00,-0.000000000000000000e+00,0.000000000000000000e+00,-1.929627095880753485e-01,-0.000000000000000000e+00,-3.302590974523840761e-01,-0.000000000000000000e+00,-0.000000000000000000e+00,-0.000000000000000000e+00,-0.000000000000000000e+00,-1.164864557238516011e-03,-0.000000000000000000e+00,2.314454355497939986e+00,-3.106100643802507943e-01,-6.992664155472058107e-01,-0.000000000000000000e+00,-1.418441937371219264e-01,-3.588512471919030888e-02,-0.000000000000000000e+00,-0.000000000000000000e+00,-0.000000000000000000e+00,-0.000000000000000000e+00,-1.244587898299603090e-01,-0.000000000000000000e+00,-0.000000000000000000e+00,-1.083274468228870718e-01,-6.769812936707476914e-02,-0.000000000000000000e+00,-0.000000000000000000e+00
-0.000000000000000000e+00,-0.000000000000000000e+00,-0.000000000000000000e+00,0.000000000000000000e+00,-0.000000000000000000e+00,-0.000000000000000000e+00,0.000000000000000000e+00,0.000000000000000000e+00,-0.000000000000000000e+00,-7.871672411296191940e-02,-0.000000000000000000e+00,-0.000000000000000000e+00,0.000000000000000000e+00,-2.333128456806946305e-01,-0.000000000000000000e+00,-2.039970867718520625e-02,-0.000000000000000000e+00,0.000000000000000000e+00,0.000000000000000000e+00,-0.000000000000000000e+00,-0.000000000000000000e+00,-1.496644884847168067e-01,-3.106100643802507943e-01,1.568383751194163178e+00,-7.929559099907042274e-02,-0.000000000000000000e+00,-0.000000000000000000e+00,-0.000000000000000000e+00,-0.000000000000000000e+00,-0.000000000000000000e+00,-5.464910096589340599e-02,-0.000000000000000000e+00,-1.270320760319418318e-01,-1.069802713036457631e-01,-0.000000000000000000e+00,-0.000000000000000000e+00,-2.006244532722340490e-01,-0.000000000000000000e+00,-0.000000000000000000e+00
-0.000000000000000000e+00,-0.000000000000000000e+00,-0.000000000000000000e+00,-0.000000000000000000e+00,-0.000000000000000000e+00,0.000000000000000000e+00,-0.000000000000000000e+00,0.000000000000000000e+00,-0.000000000000000000e+00,-2.469758556316671849e-01,0.000000000000000000e+00,-0.000000000000000000e+00,0.000000000000000000e+00,-5.668185935898076983e-02,-7.189476775924236174e-02,-1.644725864259932724e-01,0.000000000000000000e+00,-0.000000000000000000e+00,-0.000000000000000000e+00,-0.000000000000000000e+00,-0.000000000000000000e+00,0.000000000000000000e+00,-6.992664155472058107e-01,-7.929559099907042274e-02,1.871758368808624784e+00,-3.773353451823444060e-02,-0.000000000000000000e+00,-1.428100529021758824e-01,-0.000000000000000000e+00,-0.000000000000000000e+00,-0.000000000000000000e+00,0.000000000000000000e+00,-0.000000000000000000e+00,-0.000000000000000000e+00,-0.000000000000000000e+00,-1.013509240606439710e-01,-0.000000000000000000e+00,-6.120035995822719482e-02,-1.605042939652201739e-01
-6.459571694293363420e-01,0.000000000000000000e+00,0.000000000000000000e+00,0.000000000000000000e+00,-0.000000000000000000e+00,-0.000000000000000000e+00,-0.000000000000000000e+00,-0.000000000000000000e+00,0.000000000000000000e+00,-9.164730740947971133e-02,-0.000000000000000000e+00,0.000000000000000000e+00,0.000000000000000000e+00,-3.241090964052844442e-02,-0.000000000000000000e+00,-0.000000000000000000e+00,-0.000000000000000000e+00,-0.000000000000000000e+00,-0.000000000000000000e+00,-0.000000000000000000e+00,-0.000000000000000000e+00,0.000000000000000000e+00,-0.000000000000000000e+00,-0.000000000000000000e+00,-3.773353451823444060e-02,2.461485951995498578e+00,-0.000000000000000000e+00,-7.031496295114724182e-01,-7.841360782780913974e-01,-0.000000000000000000e+00,-0.000000000000000000e+00,0.000000000000000000e+00,-0.000000000000000000e+00,-0.000000000000000000e+00,-3.486415528809400088e-02,-2.034126663762755513e-02,-0.000000000000000000e+00,-1.996188453566295484e-01,0.000000000000000000e+00
-0.000000000000000000e+00,0.000000000000000000e+00,-0.000000000000000000e+00,0.000000000000000000e+00,-0.000000000000000000e+00,-0.000000000000000000e+00,0.000000000000000000e+00,0.000000000000000000e+00,-0.000000000000000000e+00,-0.000000000000000000e+00,-0.000000000000000000e+00,-0.000000000000000000e+00,0.000000000000000000e+00,-1.398019217766894966e-02,0.000000000000000000e+00,-0.000000000000000000e+00,-0.000000000000000000e+00,-0.000000000000000000e+00,-0.000000000000000000e+00,-0.000000000000000000e+00,-0.000000000000000000e+00,-0.000000000000000000e+00,-1.418441937371219264e-01,-0.000000000000000000e+00,-0.000000000000000000e+00,-0.000000000000000000e+00,1.556841940283364423e+00,-0.000000000000000000e+00,-0.000000000000000000e+00,-0.000000000000000000e+00,-2.084908291511430034e-01,-2.093436127434760985e-01,-2.686634377317191347e-01,-0.000000000000000000e+00,-7.273974914973248274e-02,-2.579369977797012492e-01,-1.292712067921245600e-01,-8.138864179936002030e-02,-7.518457924681026805e-02
-0.000000000000000000e+00,0.000000000000000000e+00,-6.478921004807969286e-02,0.000000000000000000e+00,-6.173362915871614259e-02,-0.000000000000000000e+00,-0.000000000000000000e+00,1.445806750908240970e-02,0.000000000000000000e+00,-7.491578031337796373e-02,-0.000000000000000000e+00,0.000000000000000000e+00,1.073925030924526153e-01,-3.239042465964320772e-01,-0.000000000000000000e+00,-0.000000000000000000e+00,-0.000000000000000000e+00,0.000000000000000000e+00,0.000000000000000000e+00,-0.000000000000000000e+00,-6.123377415318773664e-01,-0.000000000000000000e+00,-3.588512471919030888e-02,-0.000000000000000000e+00,-1.428100529021758824e-01,-7.031496295114724182e-01,-0.000000000000000000e+00,2.368659302345058837e+00,-0.000000000000000000e+00,-0.000000000000000000e+00,-7.217598957697830830e-02,0.000000000000000000e+00,-2.328693060118661451e-01,-1.130301080210770470e-01,-0.000000000000000000e+00,-0.000000000000000000e+00,-0.000000000000000000e+00,-0.000000000000000000e+00,0.000000000000000000e+00
-1.696948288568211338e-01,0.000000000000000000e+00,0.000000000000000000e+00,0.000000000000000000e+00,0.000000000000000000e+00,-1.641602937062315581e-01,-0.000000000000000000e+00,-0.000000000000000000e+00,1.306808540814980227e-02,-1.167793202399846769e-01,-0.000000000000000000e+00,1.587790868291290847e-01,0.000000000000000000e+00,-0.000000000000000000e+00,0.000000000000000000e+00,-0.000000000000000000e+00,-0.000000000000000000e+00,-0.000000000000000000e+00,0.000000000000000000e+00,-0.000000000000000000e+00,-0.000000000000000000e+00,0.000000000000000000e+00,-0.000000000000000000e+00,-0.000000000000000000e+00,-0.000000000000000000e+00,-7.841360782780913974e-01,-0.000000000000000000e+00,-0.000000000000000000e+00,2.431260153134924273e+00,-0.000000000000000000e+00,-0.000000000000000000e+00,-0.000000000000000000e+00,-0.000000000000000000e+00,0.000000000000000000e+00,-7.606798710985575029e-01,-1.838350001730922056e-01,-2.242219870947871341e-01,-0.000000000000000000e+00,9.237466093216839536e-02
-4.459764466411814121e-01,-4.254684870723146606e-01,-0.000000000000000000e+00,1.259268859835314600e-02,-0.000000000000000000e+00,0.000000000000000000e+00,-0.000000000000000000e+00,0.000000000000000000e+00,-4.363585511187352828e-01,-1.483086080009020091e-01,0.000000000000000000e+00,0.000000000000000000e+00,0.000000000000000000e+00,-0.000000000000000000e+00,0.000000000000000000e+00,-3.793968829969161516e-01,-0.000000000000000000e+00,-0.000000000000000000e+00,-0.000000000000000000e+00,0.000000000000000000e+00,0.000000000000000000e+00,-0.000000000000000000e+00,-0.000000000000000000e+00,-0.000000000000000000e+00,-0.000000000000000000e+00,-0.000000000000000000e+00,-0.000000000000000000e+00,-0.000000000000000000e+00,-0.000000000000000000e+00,1.978984608654189792e+00,-0.000000000000000000e+00,-0.000000000000000000e+00,0.000000000000000000e+00,-0.000000000000000000e+00,-0.000000000000000000e+00,-0.000000000000000000e+00,-0.000000000000000000e+00,-1.292666768333549099e-01,-0.000000000000000000e+00
-0.000000000000000000e+00,-0.000000000000000000e+00,-2.226529392518433459e-01,0.000000000000000000e+00,-0.000000000000000000e+00,-6.540677483540585646e-02,0.000000000000000000e+00,6.173966267236523408e-04,0.000000000000000000e+00,-0.000000000000000000e+00,-2.594373208844156231e-01,0.000000000000000000e+00,4.163934734118037162e-01,-1.720491543279227195e-02,0.000000000000000000e+00,-0.000000000000000000e+00,-2.596960638605862459e-01,0.000000000000000000e+00,1.218071108688626586e-02,-0.000000000000000000e+00,-2.276365099910998557e-01,-7.263430739521062329e-02,-0.000000000000000000e+00,-5.464910096589340599e-02,-0.000000000000000000e+00,-0.000000000000000000e+00,-2.084908291511430034e-01,-7.217598957697830830e-02,-0.000000000000000000e+00,-0.000000000000000000e+00,2.413147660607941614e+00,-1.279205867664919786e-03,-7.602371779957850517e-01,-0.000000000000000000e+00,-0.000000000000000000e+00,-0.000000000000000000e+00,-7.861908549458795914e-02,0.000000000000000000e+00,0.000000000000000000e+00
-0.000000000000000000e+00,-4.849593406084352909e-02,0.000000000000000000e+00,0.000000000000000000e+00,0.000000000000000000e+00,-2.344216755654345286e-01,0.000000000000000000e+00,-0.000000000000000000e+00,-0.000000000000000000e+00,-0.000000000000000000e+00,-2.421004191223545543e-01,-0.000000000000000000e+00,1.142088789118169134e-01,-0.000000000000000000e+00,7.853588727158329619e-02,-0.000000000000000000e+00,-7.153948603839059561e-02,0.000000000000000000e+00,0.000000000000000000e+00,-0.000000000000000000e+00,0.000000000000000000e+00,-1.224323449938921095e-02,-0.000000000000000000e+00,-0.000000000000000000e+00,0.000000000000000000e+00,0.000000000000000000e+00,-2.093436127434760985e-01,0.000000000000000000e+00,-0.000000000000000000e+00,-0.000000000000000000e+00,-1.279205867664919786e-03,1.641805179757028554e+00,-0.000000000000000000e+00,0.000000000000000000e+00,-0.000000000000000000e+00,-0.000000000000000000e+00,-4.395495545814459559e-01,-0.000000000000000000e+00,0.000000000000000000e+00
-0.000000000000000000e+00,-0.000000000000000000e+00,-1.173780442020186110e-01,0.000000000000000000e+00,-0.000000000000000000e+00,-0.000000000000000000e+00,0.000000000000000000e+00,2.793959491528750366e-02,0.000000000000000000e+00,-0.000000000000000000e+00,-1.488980392390657215e-01,-0.000000000000000000e+00,0.000000000000000000e+00,-0.000000000000000000e+00,0.000000000000000000e+00,-0.000000000000000000e+00,-4.175450994264942595e-02,0.000000000000000000e+00,0.000000000000000000e+00,-0.000000000000000000e+00,-2.626561338420009828e-01,-1.942824072988636741e-01,-1.244587898299603090e-01,-1.270320760319418318e-01,-0.000000000000000000e+00,-0.000000000000000000e+00,-2.686634377317191347e-01,-2.328693060118661451e-01,-0.000000000000000000e+00,0.000000000000000000e+00,-7.602371779957850517e-01,-0.000000000000000000e+00,2.277632672055083685e+00,-0.000000000000000000e+00,-0.000000000000000000e+00,-5.254360017775547981e-02,-1.194640682717328095e-01,-0.000000000000000000e+00,0.000000000000000000e+00
0.000000000000000000e+00,-0.000000000000000000e+00,-3.179178059519368049e-01,0.000000000000000000e+00,-2.484874620655626587e-01,0.000000000000000000e+00,9.464626902377429318e-02,4.671823749609630982e-01,-1.945071984116484298e-01,-0.000000000000000000e+00,0.000000000000000000e+00,-2.145724676015535182e-01,0.000000000000000000e+00,-4.602082928026589304e-02,-8.793492845211821340e-02,-0.000000000000000000e+00,0.000000000000000000e+00,0.000000000000000000e+00,0.000000000000000000e+00,0.000000000000000000e+00,-0.000000000000000000e+00,-1.780732216253340383e-01,-0.000000000000000000e+00,-1.069802713036457631e-01,-0.000000000000000000e+00,-0.000000000000000000e+00,-0.000000000000000000e+00,-1.130301080210770470e-01,0.000000000000000000e+00,-0.000000000000000000e+00,-0.000000000000000000e+00,0.000000000000000000e+00,-0.000000000000000000e+00,1.913766136803127349e+00,-0.000000000000000000e+00,-0.000000000000000000e+00,0.000000000000000000e+00,-0.000000000000000000e+00,-0.000000000000000000e+00
-0.000000000000000000e+00,0.000000000000000000e+00,0.000000000000000000e+00,0.000000000000000000e+00,0.000000000000000000e+00,-1.974439097725693149e-01,-0.000000000000000000e+00,-0.000000000000000000e+00,0.000000000000000000e+00,-0.000000000000000000e+00,-0.000000000000000000e+00,0.000000000000000000e+00,0.000000000000000000e+00,-2.683924825811861425e-01,0.000000000000000000e+00,-0.000000000000000000e+00,-0.000000000000000000e+00,0.000000000000000000e+00,0.000000000000000000e+00,-0.000000000000000000e+00,-0.000000000000000000e+00,-0.000000000000000000e+00,-0.000000000000000000e+00,-0.000000000000000000e+00,-0.000000000000000000e+00,-3.486415528809400088e-02,-7.273974914973248274e-02,-0.000000000000000000e+00,-7.606798710985575029e-01,-0.000000000000000000e+00,-0.000000000000000000e+00,-0.000000000000000000e+00,-0.000000000000000000e+00,-0.000000000000000000e+00,2.058609214672343590e+00,-1.496574970646276648e-01,-4.356353907164123851e-01,-0.000000000000000000e+00,0.000000000000000000e+00
-0.000000000000000000e+00,-0.000000000000000000e+00,-0.000000000000000000e+00,-0.000000000000000000e+00,0.000000000000000000e+00,-0.000000000000000000e+00,0.000000000000000000e+00,0.000000000000000000e+00,0.000000000000000000e+00,-0.000000000000000000e+00,0.000000000000000000e+00,-0.000000000000000000e+00,0.000000000000000000e+00,-1.349869057817242035e-01,-0.000000000000000000e+00,-0.000000000000000000e+00,-0.000000000000000000e+00,-0.000000000000000000e+00,0.000000000000000000e+00,-0.000000000000000000e+00,-0.000000000000000000e+00,-0.000000000000000000e+00,-1.083274468228870718e-01,-0.000000000000000000e+00,-1.013509240606439710e-01,-2.034126663762755513e-02,-2.579369977797012492e-01,-0.000000000000000000e+00,-1.838350001730922056e-01,-0.000000000000000000e+00,-0.000000000000000000e+00,-0.000000000000000000e+00,-5.254360017775547981e-02,-0.000000000000000000e+00,-1.496574970646276648e-01,1.420473978269330750e+00,-7.742735118369493963e-02,-0.000000000000000000e+00,-0.000000000000000000e+00
-1.541983183412790406e-02,-0.000000000000000000e+00,0.000000000000000000e+00,0.000000000000000000e+00,0.000000000000000000e+00,-4.732596064812532588e-01,-0.000000000000000000e+00,-0.000000000000000000e+00,0.000000000000000000e+00,-8.527251508558274240e-02,-0.000000000000000000e+00,0.000000000000000000e+00,1.349577672755947477e-01,-1.103531452657381673e-01,0.000000000000000000e+00,-0.000000000000000000e+00,-1.782007397094064471e-01,0.000000000000000000e+00,0.000000000000000000e+00,-0.000000000000000000e+00,-0.000000000000000000e+00,-0.000000000000000000e+00,-6.769812936707476914e-02,-2.006244532722340490e-01,-0.000000000000000000e+00,-0.000000000000000000e+00,-1.292712067921245600e-01,-0.000000000000000000e+00,-2.242219870947871341e-01,-0.000000000000000000e+00,-7.861908549458795914e-02,-4.395495545814459559e-01,-1.194640682717328095e-01,0.000000000000000000e+00,-4.356353907164123851e-01,-7.742735118369493963e-02,2.408937809422459164e+00,0.000000000000000000e+00,0.000000000000000000e+00
-0.000000000000000000e+00,0.000000000000000000e+00,-0.000000000000000000e+00,0.000000000000000000e+00,-0.000000000000000000e+00,0.000000000000000000e+00,0.000000000000000000e+00,0.000000000000000000e+00,-3.360275360687187685e-01,-0.000000000000000000e+00,0.000000000000000000e+00,-0.000000000000000000e+00,-0.000000000000000000e+00,-0.000000000000000000e+00,-2.668296740774241393e-01,-0.000000000000000000e+00,-0.000000000000000000e+00,-6.986407497513245912e-02,-4.361284316241555992e-01,-0.000000000000000000e+00,0.000000000000000000e+00,-0.000000000000000000e+00,-0.000000000000000000e+00,-0.000000000000000000e+00,-6.120035995822719482e-02,-1.996188453566295484e-01,-8.138864179936002030e-02,-0.000000000000000000e+00,-0.000000000000000000e+00,-1.292666768333549099e-01,0.000000000000000000e+00,-0.000000000000000000e+00,-0.000000000000000000e+00,-0.000000000000000000e+00,-0.000000000000000000e+00,-0.000000000000000000e+00,0.000000000000000000e+00,1.638753011559285655e+00,-9.344948074159625806e-02
0.000000000000000000e+00,-0.000000000000000000e+00,-1.804179200328760377e-02,-0.000000000000000000e+00,-0.000000000000000000e+00,1.681544718605473554e-01,0.000000000000000000e+00,8.450580933191721711e-02,-2.406686117102583011e-01,-0.000000000000000000e+00,2.370623013826587966e-02,-3.403987762193275146e-01,-0.000000000000000000e+00,0.000000000000000000e+00,-0.000000000000000000e+00,-0.000000000000000000e+00,3.390761787416795431e-02,-0.000000000000000000e+00,-3.781433857340136817e-01,-0.000000000000000000e+00,0.000000000000000000e+00,-0.000000000000000000e+00,-0.000000000000000000e+00,-0.000000000000000000e+00,-1.605042939652201739e-01,0.000000000000000000e+00,-7.518457924681026805e-02,0.000000000000000000e+00,9.237466093216839536e-02,-0.000000000000000000e+00,0.000000000000000000e+00,0.000000000000000000e+00,0.000000000000000000e+00,-0.000000000000000000e+00,0.000000000000000000e+00,-0.000000000000000000e+00,0.000000000000000000e+00,-9.344948074159625806e-02,1.603391462874241613e+00
