1.874482032499524387e+00,-5.025894263299723191e-02,0.000000000000000000e+00,0.000000000000000000e+00,-0.000000000000000000e+00,-0.000000000000000000e+00,0.000000000000000000e+00,-0.000000000000000000e+00,-0.000000000000000000e+00,-0.000000000000000000e+00,-0.000000000000000000e+00,-0.000000000000000000e+00,2.004078396419726182e-01,0.000000000000000000e+00,0.000000000000000000e+00,-9.593751967395407199e-02,-1.396226194568198596e-02,-0.000000000000000000e+00,-0.000000000000000000e+00,6.894024030818803050e-02,1.162608962173665716e-01,0.000000000000000000e+00,-0.000000000000000000e+00,0.000000000000000000e+00,-0.000000000000000000e+00,-2.899655124709508147e-01,-0.000000000000000000e+00,-0.000000000000000000e+00,-4.308964177258572947e-01,-0.000000000000000000e+00,-0.000000000000000000e+00,-9.921601465976177814e-02,0.000000000000000000e+00,-0.000000000000000000e+00,-3.110457998672809254e-01,-0.000000000000000000e+00,-0.000000000000000000e+00,-3.024986024896453296e-01,-0.000000000000000000e+00
-5.025894263299723191e-02,2.254690269548038639e+00,0.000000000000000000e+00,-0.000000000000000000e+00,-4.001377661612771051e-03,-0.000000000000000000e+00,0.000000000000000000e+00,-0.000000000000000000e+00,-8.227588196897703265e-02,-2.333452731990265094e-01,-0.000000000000000000e+00,-6.596788929400822232e-02,0.000000000000000000e+00,-0.000000000000000000e+00,-8.261929660620320054e-03,-6.179388751814030023e-01,0.000000000000000000e+00,-0.000000000000000000e+00,-0.000000000000000000e+00,-0.000000000000000000e+00,0.000000000000000000e+00,-0.000000000000000000e+00,-7.482019173374016008e-02,0.000000000000000000e+00,-0.000000000000000000e+00,-0.000000000000000000e+00,-0.000000000000000000e+00,-0.000000000000000000e+00,-0.000000000000000000e+00,-0.000000000000000000e+00,-7.043769753687699475e-02,-8.508896380549795246e-01,0.000000000000000000e+00,-0.000000000000000000e+00,-0.000000000000000000e+00,-0.000000000000000000e+00,-3.739898037231363659e-02,0.000000000000000000e+00,-0.000000000000000000e+00
0.000000000000000000e+00,0.000000000000000000e+00,2.778868777558269443e+00,0.000000000000000000e+00,-2.190328658618204416e-01,-0.000000000000000000e+00,-0.000000000000000000e+00,1.664676668930121339e+00,-0.000000000000000000e+00,-0.000000000000000000e+00,0.000000000000000000e+00,0.000000000000000000e+00,0.000000000000000000e+00,-0.000000000000000000e+00,-0.000000000000000000e+00,0.000000000000000000e+00,-0.000000000000000000e+00,0.000000000000000000e+00,-0.000000000000000000e+00,-0.000000000000000000e+00,-1.568606926370512966e-01,-2.782880467252921847e-02,0.000000000000000000e+00,-0.000000000000000000e+00,-0.000000000000000000e+00,-0.000000000000000000e+00,-0.000000000000000000e+00,-9.968743385538778035e-02,-0.000000000000000000e+00,0.000000000000000000e+00,-1.088120634517588808e-01,0.000000000000000000e+00,-4.471514088964113620e-01,-0.000000000000000000e+00,0.000000000000000000e+00,0.000000000000000000e+00,-0.000000000000000000e+00,-0.000000000000000000e+00,0.000000000000000000e+00
0.000000000000000000e+00,-0.000000000000000000e+00,0.000000000000000000e+00,1.377908025853110452e+00,0.000000000000000000e+00,-0.000000000000000000e+00,0.000000000000000000e+00,-4.767979582475087574e-02,-0.000000000000000000e+00,-0.000000000000000000e+00,-0.000000000000000000e+00,-1.776384899223819869e-01,-0.000000000000000000e+00,-0.000000000000000000e+00,1.276470707010222694e-01,-0.000000000000000000e+00,0.000000000000000000e+00,-4.182922820993426050e-01,-5.830759506026874511e-03,0.000000000000000000e+00,0.000000000000000000e+00,0.000000000000000000e+00,-0.000000000000000000e+00,0.000000000000000000e+00,-0.000000000000000000e+00,0.000000000000000000e+00,-0.000000000000000000e+00,4.329635202011586359e-01,0.000000000000000000e+00,-0.000000000000000000e+00,0.000000000000000000e+00,-0.000000000000000000e+00,0.000000000000000000e+00,0.000000000000000000e+00,0.000000000000000000e+00,-0.000000000000000000e+00,-0.000000000000000000e+00,0.000000000000000000e+00,-5.190067658868008360e-02
-0.000000000000000000e+00,-4.001377661612771051e-03,-2.190328658618204416e-01,0.000000000000000000e+00,2.033741258712358224e+00,-1.074703431904400069e-01,-0.000000000000000000e+00,9.166269326960752029e-02,-3.949818125094838733e-02,-2.303037469116699376e-01,-0.000000000000000000e+00,-0.000000000000000000e+00,0.000000000000000000e+00,-0.000000000000000000e+00,-0.000000000000000000e+00,-9.392729983542293104e-02,-5.171530700077067028e-02,-0.000000000000000000e+00,-0.000000000000000000e+00,0.000000000000000000e+00,0.000000000000000000e+00,-0.000000000000000000e+00,-0.000000000000000000e+00,0.000000000000000000e+00,-2.616233564446208970e-02,-1.874902016927829929e-01,-2.587537460409949919e-01,-0.000000000000000000e+00,-2.902244046322410842e-02,-0.000000000000000000e+00,-7.594056038155089228e-02,-6.572969178338125551e-02,-0.000000000000000000e+00,-4.814321124697846233e-01,-0.000000000000000000e+00,-0.000000000000000000e+00,-1.528185495722903520e-01,-0.000000000000000000e+00,-0.000000000000000000e+00
-0.000000000000000000e+00,-0.000000000000000000e+00,-0.000000000000000000e+00,-0.000000000000000000e+00,-1.074703431904400069e-01,1.722075376633631638e+00,0.000000000000000000e+00,0.000000000000000000e+00,-0.000000000000000000e+00,-0.000000000000000000e+00,-4.977961455381196276e-01,-0.000000000000000000e+00,0.000000000000000000e+00,-2.776586177367722508e-01,0.000000000000000000e+00,-0.000000000000000000e+00,-2.830417523546949754e-01,-9.432420143240745347e-02,-3.573578551027834643e-02,3.109562247518211919e-02,-1.519407579754229048e-02,-0.000000000000000000e+00,-0.000000000000000000e+00,0.000000000000000000e+00,-1.200061293887622754e-01,-0.000000000000000000e+00,-0.000000000000000000e+00,-0.000000000000000000e+00,-0.000000000000000000e+00,-0.000000000000000000e+00,-0.000000000000000000e+00,-0.000000000000000000e+00,-5.265676696143161556e-02,-0.000000000000000000e+00,-0.000000000000000000e+00,-0.000000000000000000e+00,-1.574152593461010941e-01,-0.000000000000000000e+00,-0.000000000000000000e+00
0.000000000000000000e+00,0.000000000000000000e+00,-0.000000000000000000e+00,0.000000000000000000e+00,-0.000000000000000000e+00,0.000000000000000000e+00,1.006356970779602733e+00,6.568574698968983328e-02,-0.000000000000000000e+00,-0.000000000000000000e+00,0.000000000000000000e+00,0.000000000000000000e+00,-0.000000000000000000e+00,0.000000000000000000e+00,-0.000000000000000000e+00,-0.000000000000000000e+00,0.000000000000000000e+00,0.000000000000000000e+00,-3.459756227179451582e-02,-2.582068260774850882e-02,-0.000000000000000000e+00,-0.000000000000000000e+00,-0.000000000000000000e+00,-0.000000000000000000e+00,0.000000000000000000e+00,-0.000000000000000000e+00,-0.000000000000000000e+00,-0.000000000000000000e+00,0.000000000000000000e+00,-0.000000000000000000e+00,-0.000000000000000000e+00,0.000000000000000000e+00,-0.000000000000000000e+00,-0.000000000000000000e+00,-0.000000000000000000e+00,-0.000000000000000000e+00,-0.000000000000000000e+00,-0.000000000000000000e+00,-0.000000000000000000e+00
-0.000000000000000000e+00,-0.000000000000000000e+00,1.664676668930121339e+00,-4.767979582475087574e-02,9.166269326960752029e-02,0.000000000000000000e+00,6.568574698968983328e-02,2.672845163572340699e+00,0.000000000000000000e+00,-0.000000000000000000e+00,-0.000000000000000000e+00,-0.000000000000000000e+00,-0.000000000000000000e+00,0.000000000000000000e+00,0.000000000000000000e+00,-0.000000000000000000e+00,0.000000000000000000e+00,-6.675387124518634974e-02,0.000000000000000000e+00,0.000000000000000000e+00,1.954514505171691882e-02,0.000000000000000000e+00,-0.000000000000000000e+00,0.000000000000000000e+00,0.000000000000000000e+00,0.000000000000000000e+00,0.000000000000000000e+00,2.360923395208741893e-01,0.000000000000000000e+00,-0.000000000000000000e+00,0.000000000000000000e+00,-0.000000000000000000e+00,4.403499926010166488e-01,0.000000000000000000e+00,-0.000000000000000000e+00,-0.000000000000000000e+00,0.000000000000000000e+00,0.000000000000000000e+00,-0.000000000000000000e+00
-0.000000000000000000e+00,-8.227588196897703265e-02,-0.000000000000000000e+00,-0.000000000000000000e+00,-3.949818125094838733e-02,-0.000000000000000000e+00,-0.000000000000000000e+00,0.000000000000000000e+00,2.588932257589739105e+00,-0.000000000000000000e+00,-2.616481265662986000e-01,-0.000000000000000000e+00,0.000000000000000000e+00,-2.080426471817431178e-01,0.000000000000000000e+00,-0.000000000000000000e+00,-0.000000000000000000e+00,-0.000000000000000000e+00,-3.260670808793076914e-01,0.000000000000000000e+00,0.000000000000000000e+00,-0.000000000000000000e+00,-4.704855646071613995e-01,-0.000000000000000000e+00,-3.370099538219510915e-01,-0.000000000000000000e+00,-0.000000000000000000e+00,0.000000000000000000e+00,-0.000000000000000000e+00,-0.000000000000000000e+00,-0.000000000000000000e+00,-0.000000000000000000e+00,-0.000000000000000000e+00,-6.684922856415461689e-01,-0.000000000000000000e+00,0.000000000000000000e+00,-4.681565530122200856e-03,-0.000000000000000000e+00,-5.171907700942857122e-01
-0.000000000000000000e+00,-2.333452731990265094e-01,-0.000000000000000000e+00,-0.000000000000000000e+00,-2.303037469116699376e-01,-0.000000000000000000e+00,-0.000000000000000000e+00,-0.000000000000000000e+00,-0.000000000000000000e+00,2.719082136466257182e+00,-0.000000000000000000e+00,-0.000000000000000000e+00,-0.000000000000000000e+00,-0.000000000000000000e+00,0.000000000000000000e+00,-5.129709091450695979e-01,-0.000000000000000000e+00,-0.000000000000000000e+00,-0.000000000000000000e+00,-0.000000000000000000e+00,-0.000000000000000000e+00,-0.000000000000000000e+00,-2.304170897193178469e-01,0.000000000000000000e+00,-1.490219590057376142e-01,-0.000000000000000000e+00,-4.115614083372594045e-01,-0.000000000000000000e+00,-0.000000000000000000e+00,-5.453944694854632180e-01,-1.165778259948387352e-01,-0.000000000000000000e+00,-0.000000000000000000e+00,-0.000000000000000000e+00,-0.000000000000000000e+00,-1.911069795919771719e-01,-2.966044222428351751e-01,0.000000000000000000e+00,-0.000000000000000000e+00
-0.000000000000000000e+00,-0.000000000000000000e+00,0.000000000000000000e+00,-0.000000000000000000e+00,-0.000000000000000000e+00,-4.977961455381196276e-01,0.000000000000000000e+00,-0.000000000000000000e+00,-2.616481265662986000e-01,-0.000000000000000000e+00,1.844382254079829586e+00,-7.086952682775853052e-02,-0.000000000000000000e+00,-0.000000000000000000e+00,0.000000000000000000e+00,-0.000000000000000000e+00,-8.959357406168917681e-02,-1.406100458709601542e-01,-0.000000000000000000e+00,0.000000000000000000e+00,-0.000000000000000000e+00,-0.000000000000000000e+00,-2.576111119086745838e-01,0.000000000000000000e+00,-1.051865607437395961e-01,-0.000000000000000000e+00,-1.306796049963766804e-01,0.000000000000000000e+00,-0.000000000000000000e+00,-3.652535033708712020e-02,-0.000000000000000000e+00,-1.058713854171730723e-01,-0.000000000000000000e+00,-0.000000000000000000e+00,-0.000000000000000000e+00,-0.000000000000000000e+00,-0.000000000000000000e+00,0.000000000000000000e+00,-8.068243318060312752e-02
-0.000000000000000000e+00,-6.596788929400822232e-02,0.000000000000000000e+00,-1.776384899223819869e-01,-0.000000000000000000e+00,-0.000000000000000000e+00,0.000000000000000000e+00,-0.000000000000000000e+00,-0.000000000000000000e+00,-0.000000000000000000e+00,-7.086952682775853052e-02,1.477572555895250828e+00,-0.000000000000000000e+00,-0.000000000000000000e+00,-0.000000000000000000e+00,-0.000000000000000000e+00,0.000000000000000000e+00,-5.341044785992083987e-01,0.000000000000000000e+00,1.579909347029315224e-03,0.000000000000000000e+00,-6.544558079374684922e-02,-1.185230592894233326e-02,0.000000000000000000e+00,-9.717203197629940836e-02,0.000000000000000000e+00,-0.000000000000000000e+00,0.000000000000000000e+00,0.000000000000000000e+00,-0.000000000000000000e+00,-0.000000000000000000e+00,-1.180753912176432247e-01,0.000000000000000000e+00,0.000000000000000000e+00,0.000000000000000000e+00,-0.000000000000000000e+00,0.000000000000000000e+00,0.000000000000000000e+00,-8.360863639791664415e-02
2.004078396419726182e-01,0.000000000000000000e+00,0.000000000000000000e+00,-0.000000000000000000e+00,0.000000000000000000e+00,0.000000000000000000e+00,-0.000000000000000000e+00,-0.000000000000000000e+00,0.000000000000000000e+00,-0.000000000000000000e+00,-0.000000000000000000e+00,-0.000000000000000000e+00,1.336991258214925704e+00,-0.000000000000000000e+00,-0.000000000000000000e+00,0.000000000000000000e+00,8.652026757961335524e-02,-0.000000000000000000e+00,-0.000000000000000000e+00,-1.434393039471324183e-01,-8.288793334379401800e-03,0.000000000000000000e+00,0.000000000000000000e+00,-0.000000000000000000e+00,-0.000000000000000000e+00,1.574795293959545817e-01,0.000000000000000000e+00,1.077814347850163806e-01,1.495763796156488468e-01,-0.000000000000000000e+00,4.698114287970787256e-02,0.000000000000000000e+00,-0.000000000000000000e+00,0.000000000000000000e+00,4.349497445504690168e-02,-0.000000000000000000e+00,0.000000000000000000e+00,8.928445386404351702e-02,-0.000000000000000000e+00
0.000000000000000000e+00,-0.000000000000000000e+00,-0.000000000000000000e+00,-0.000000000000000000e+00,-0.000000000000000000e+00,-2.776586177367722508e-01,0.000000000000000000e+00,0.000000000000000000e+00,-2.080426471817431178e-01,-0.000000000000000000e+00,-0.000000000000000000e+00,-0.000000000000000000e+00,-0.000000000000000000e+00,1.842212807042745260e+00,8.308553110951101550e-02,0.000000000000000000e+00,-0.000000000000000000e+00,-0.000000000000000000e+00,-0.000000000000000000e+00,0.000000000000000000e+00,-0.000000000000000000e+00,-0.000000000000000000e+00,-0.000000000000000000e+00,-3.903599446468488665e-01,-3.726303072822904627e-01,0.000000000000000000e+00,-0.000000000000000000e+00,0.000000000000000000e+00,0.000000000000000000e+00,-0.000000000000000000e+00,-0.000000000000000000e+00,-0.000000000000000000e+00,-4.634533148174804773e-01,-1.226965764045667012e-01,0.000000000000000000e+00,0.000000000000000000e+00,-3.474744279398129295e-03,0.000000000000000000e+00,-0.000000000000000000e+00
0.000000000000000000e+00,-8.261929660620320054e-03,-0.000000000000000000e+00,1.276470707010222694e-01,-0.000000000000000000e+00,0.000000000000000000e+00,-0.000000000000000000e+00,0.000000000000000000e+00,0.000000000000000000e+00,0.000000000000000000e+00,0.000000000000000000e+00,-0.000000000000000000e+00,-0.000000000000000000e+00,8.308553110951101550e-02,1.086278701012738823e+00,-0.000000000000000000e+00,6.799841964172873010e-02,1.655631280503181146e-01,0.000000000000000000e+00,-0.000000000000000000e+00,0.000000000000000000e+00,-0.000000000000000000e+00,0.000000000000000000e+00,0.000000000000000000e+00,0.000000000000000000e+00,0.000000000000000000e+00,0.000000000000000000e+00,-9.405168557863111123e-02,0.000000000000000000e+00,0.000000000000000000e+00,-0.000000000000000000e+00,-0.000000000000000000e+00,0.000000000000000000e+00,-0.000000000000000000e+00,0.000000000000000000e+00,0.000000000000000000e+00,0.000000000000000000e+00,0.000000000000000000e+00,-0.000000000000000000e+00
-9.593751967395407199e-02,-6.179388751814030023e-01,0.000000000000000000e+00,-0.000000000000000000e+00,-9.392729983542293104e-02,-0.000000000000000000e+00,-0.000000000000000000e+00,-0.000000000000000000e+00,-0.000000000000000000e+00,-5.129709091450695979e-01,-0.000000000000000000e+00,-0.000000000000000000e+00,0.000000000000000000e+00,0.000000000000000000e+00,-0.000000000000000000e+00,2.747185382637244100e+00,-0.000000000000000000e+00,-0.000000000000000000e+00,-0.000000000000000000e+00,-0.000000000000000000e+00,0.000000000000000000e+00,-0.000000000000000000e+00,-2.343100977996523115e-01,0.000000000000000000e+00,-0.000000000000000000e+00,-1.926635252454810543e-01,-1.161300449329050605e-01,-0.000000000000000000e+00,-6.282537658129519476e-02,-5.730074044307936765e-01,-8.728400856754456316e-02,-1.620547439981872007e-01,0.000000000000000000e+00,-0.000000000000000000e+00,-0.000000000000000000e+00,-1.640221158284523584e-01,-0.000000000000000000e+00,0.000000000000000000e+00,-0.000000000000000000e+00
-1.396226194568198596e-02,0.000000000000000000e+00,-0.000000000000000000e+00,0.000000000000000000e+00,-5.171530700077067028e-02,-2.830417523546949754e-01,0.000000000000000000e+00,0.000000000000000000e+00,-0.000000000000000000e+00,-0.000000000000000000e+00,-8.959357406168917681e-02,0.000000000000000000e+00,8.652026757961335524e-02,-0.000000000000000000e+00,6.799841964172873010e-02,-0.000000000000000000e+00,1.446446533793307232e+00,0.000000000000000000e+00,-0.000000000000000000e+00,0.000000000000000000e+00,0.000000000000000000e+00,0.000000000000000000e+00,-0.000000000000000000e+00,0.000000000000000000e+00,-0.000000000000000000e+00,-1.131584599900513632e-01,-0.000000000000000000e+00,-0.000000000000000000e+00,-2.883460658883122973e-01,-0.000000000000000000e+00,-0.000000000000000000e+00,-0.000000000000000000e+00,-0.000000000000000000e+00,-8.696901673086716855e-02,-1.216739745886171870e-01,-0.000000000000000000e+00,-2.880297621430783547e-03,-7.792952027496768212e-06,0.000000000000000000e+00
-0.000000000000000000e+00,-0.000000000000000000e+00,0.000000000000000000e+00,-4.182922820993426050e-01,-0.000000000000000000e+00,-9.432420143240745347e-02,0.000000000000000000e+00,-6.675387124518634974e-02,-0.000000000000000000e+00,-0.000000000000000000e+00,-1.406100458709601542e-01,-5.341044785992083987e-01,-0.000000000000000000e+00,-0.000000000000000000e+00,1.655631280503181146e-01,-0.000000000000000000e+00,0.000000000000000000e+00,1.826481900752312315e+00,-0.000000000000000000e+00,4.308179880072759288e-02,0.000000000000000000e+00,-0.000000000000000000e+00,-4.008327882467976333e-01,0.000000000000000000e+00,-9.230255824509905893e-02,-0.000000000000000000e+00,-8.253233017951887296e-02,0.000000000000000000e+00,-0.000000000000000000e+00,-0.000000000000000000e+00,-0.000000000000000000e+00,-3.263893865545203915e-02,0.000000000000000000e+00,0.000000000000000000e+00,0.000000000000000000e+00,-0.000000000000000000e+00,-0.000000000000000000e+00,0.000000000000000000e+00,-0.000000000000000000e+00
-0.000000000000000000e+00,-0.000000000000000000e+00,-0.000000000000000000e+00,-5.830759506026874511e-03,-0.000000000000000000e+00,-3.573578551027834643e-02,-3.459756227179451582e-02,0.000000000000000000e+00,-3.260670808793076914e-01,-0.000000000000000000e+00,-0.000000000000000000e+00,0.000000000000000000e+00,-0.000000000000000000e+00,-0.000000000000000000e+00,0.000000000000000000e+00,-0.000000000000000000e+00,-0.000000000000000000e+00,-0.000000000000000000e+00,1.395662395255046206e+00,0.000000000000000000e+00,-0.000000000000000000e+00,-0.000000000000000000e+00,-0.000000000000000000e+00,-0.000000000000000000e+00,-0.000000000000000000e+00,-0.000000000000000000e+00,-0.000000000000000000e+00,0.000000000000000000e+00,0.000000000000000000e+00,-0.000000000000000000e+00,-0.000000000000000000e+00,-0.000000000000000000e+00,-0.000000000000000000e+00,-0.000000000000000000e+00,-0.000000000000000000e+00,-0.000000000000000000e+00,-0.000000000000000000e+00,-1.974500125490875335e-01,-4.172169459385260959e-01
6.894024030818803050e-02,-0.000000000000000000e+00,-0.000000000000000000e+00,0.000000000000000000e+00,0.000000000000000000e+00,3.109562247518211919e-02,-2.582068260774850882e-02,0.000000000000000000e+00,0.000000000000000000e+00,-0.000000000000000000e+00,0.000000000000000000e+00,1.579909347029315224e-03,-1.434393039471324183e-01,0.000000000000000000e+00,-0.000000000000000000e+00,-0.000000000000000000e+00,0.000000000000000000e+00,4.308179880072759288e-02,0.000000000000000000e+00,1.103423523704837983e+00,-0.000000000000000000e+00,0.000000000000000000e+00,0.000000000000000000e+00,0.000000000000000000e+00,0.000000000000000000e+00,-0.000000000000000000e+00,0.000000000000000000e+00,-0.000000000000000000e+00,0.000000000000000000e+00,-0.000000000000000000e+00,-0.000000000000000000e+00,0.000000000000000000e+00,-0.000000000000000000e+00,0.000000000000000000e+00,0.000000000000000000e+00,-1.162559538752563765e-01,-0.000000000000000000e+00,7.044734078803883970e-02,2.000361227169096257e-01
1.162608962173665716e-01,0.000000000000000000e+00,-1.568606926370512966e-01,0.000000000000000000e+00,0.000000000000000000e+00,-1.519407579754229048e-02,-0.000000000000000000e+00,1.954514505171691882e-02,0.000000000000000000e+00,-0.000000000000000000e+00,-0.000000000000000000e+00,0.000000000000000000e+00,-8.288793334379401800e-03,-0.000000000000000000e+00,0.000000000000000000e+00,0.000000000000000000e+00,0.000000000000000000e+00,0.000000000000000000e+00,-0.000000000000000000e+00,-0.000000000000000000e+00,1.328363369156048135e+00,-1.415031579158573527e-01,0.000000000000000000e+00,-0.000000000000000000e+00,-0.000000000000000000e+00,0.000000000000000000e+00,-0.000000000000000000e+00,-0.000000000000000000e+00,0.000000000000000000e+00,0.000000000000000000e+00,-0.000000000000000000e+00,0.000000000000000000e+00,-5.049829159279858315e-01,-0.000000000000000000e+00,0.000000000000000000e+00,0.000000000000000000e+00,-0.000000000000000000e+00,0.000000000000000000e+00,0.000000000000000000e+00
0.000000000000000000e+00,-0.000000000000000000e+00,-2.782880467252921847e-02,0.000000000000000000e+00,-0.000000000000000000e+00,-0.000000000000000000e+00,-0.000000000000000000e+00,0.000000000000000000e+00,-0.000000000000000000e+00,-0.000000000000000000e+00,-0.000000000000000000e+00,-6.544558079374684922e-02,0.000000000000000000e+00,-0.000000000000000000e+00,-0.000000000000000000e+00,-0.000000000000000000e+00,0.000000000000000000e+00,-0.000000000000000000e+00,-0.000000000000000000e+00,0.000000000000000000e+00,-1.415031579158573527e-01,1.237504416063269552e+00,-0.000000000000000000e+00,-0.000000000000000000e+00,-8.618678829539570818e-02,-0.000000000000000000e+00,-6.102989719987246542e-02,-0.000000000000000000e+00,0.000000000000000000e+00,-0.000000000000000000e+00,-3.436406906869159950e-01,-0.000000000000000000e+00,-0.000000000000000000e+00,-0.000000000000000000e+00,0.000000000000000000e+00,-0.000000000000000000e+00,-0.000000000000000000e+00,-0.000000000000000000e+00,-8.219315300749782671e-02
-0.000000000000000000e+00,-7.482019173374016008e-02,0.000000000000000000e+00,-0.000000000000000000e+00,-0.000000000000000000e+00,-0.000000000000000000e+00,-0.000000000000000000e+00,-0.000000000000000000e+00,-4.704855646071613995e-01,-2.304170897193178469e-01,-2.576111119086745838e-01,-1.185230592894233326e-02,0.000000000000000000e+00,-0.000000000000000000e+00,0.000000000000000000e+00,-2.343100977996523115e-01,-0.000000000000000000e+00,-4.008327882467976333e-01,-0.000000000000000000e+00,0.000000000000000000e+00,0.000000000000000000e+00,-0.000000000000000000e+00,2.513708931095555599e+00,0.000000000000000000e+00,-3.226130307626828841e-01,-0.000000000000000000e+00,-2.527539649238291775e-01,-0.000000000000000000e+00,-0.000000000000000000e+00,-3.533702437362570836e-02,-1.496969797894468768e-01,-2.831377245914524221e-01,0.000000000000000000e+00,-0.000000000000000000e+00,-0.000000000000000000e+00,-0.000000000000000000e+00,-1.446938340465196010e-02,-0.000000000000000000e+00,-3.521715155755329035e-02
0.000000000000000000e+00,0.000000000000000000e+00,-0.000000000000000000e+00,0.000000000000000000e+00,0.000000000000000000e+00,0.000000000000000000e+00,-0.000000000000000000e+00,0.000000000000000000e+00,-0.000000000000000000e+00,0.000000000000000000e+00,0.000000000000000000e+00,0.000000000000000000e+00,-0.000000000000000000e+00,-3.903599446468488665e-01,0.000000000000000000e+00,0.000000000000000000e+00,0.000000000000000000e+00,0.000000000000000000e+00,-0.000000000000000000e+00,0.000000000000000000e+00,-0.000000000000000000e+00,-0.000000000000000000e+00,0.000000000000000000e+00,1.239542720015741395e+00,-4.673921408316551035e-02,0.000000000000000000e+00,0.000000000000000000e+00,1.875245158845363722e-03,2.776047792897047561e-02,0.000000000000000000e+00,0.000000000000000000e+00,0.000000000000000000e+00,-1.539400816771461511e-01,-0.000000000000000000e+00,0.000000000000000000e+00,3.000316534615606878e-01,-0.000000000000000000e+00,-0.000000000000000000e+00,-0.000000000000000000e+00
-0.000000000000000000e+00,-0.000000000000000000e+00,-0.000000000000000000e+00,-0.000000000000000000e+00,-2.616233564446208970e-02,-1.200061293887622754e-01,0.000000000000000000e+00,0.000000000000000000e+00,-3.370099538219510915e-01,-1.490219590057376142e-01,-1.051865607437395961e-01,-9.717203197629940836e-02,-0.000000000000000000e+00,-3.726303072822904627e-01,0.000000000000000000e+00,-0.000000000000000000e+00,-0.000000000000000000e+00,-9.230255824509905893e-02,-0.000000000000000000e+00,0.000000000000000000e+00,-0.000000000000000000e+00,-8.618678829539570818e-02,-3.226130307626828841e-01,-4.673921408316551035e-02,1.955662568706070470e+00,0.000000000000000000e+00,-4.860922250010982215e-02,0.000000000000000000e+00,0.000000000000000000e+00,-0.000000000000000000e+00,-0.000000000000000000e+00,-0.000000000000000000e+00,-0.000000000000000000e+00,-0.000000000000000000e+00,0.000000000000000000e+00,-0.000000000000000000e+00,-1.291438899296901699e-01,0.000000000000000000e+00,-9.378825086523472077e-02
-2.899655124709508147e-01,-0.000000000000000000e+00,-0.000000000000000000e+00,0.000000000000000000e+00,-1.874902016927829929e-01,-0.000000000000000000e+00,-0.000000000000000000e+00,0.000000000000000000e+00,-0.000000000000000000e+00,-0.000000000000000000e+00,-0.000000000000000000e+00,0.000000000000000000e+00,1.574795293959545817e-01,0.000000000000000000e+00,0.000000000000000000e+00,-1.926635252454810543e-01,-1.131584599900513632e-01,-0.000000000000000000e+00,-0.000000000000000000e+00,-0.000000000000000000e+00,0.000000000000000000e+00,-0.000000000000000000e+00,-0.000000000000000000e+00,0.000000000000000000e+00,0.000000000000000000e+00,2.727505870855761572e+00,-2.347559430859212370e-01,-4.789144344352220251e-01,-8.193706885808185181e-01,-0.000000000000000000e+00,-0.000000000000000000e+00,-0.000000000000000000e+00,-0.000000000000000000e+00,-0.000000000000000000e+00,-4.299181538340498543e-01,-1.791003150821547096e-01,-0.000000000000000000e+00,-0.000000000000000000e+00,0.000000000000000000e+00
-0.000000000000000000e+00,-0.000000000000000000e+00,-0.000000000000000000e+00,-0.000000000000000000e+00,-2.587537460409949919e-01,-0.000000000000000000e+00,-0.000000000000000000e+00,0.000000000000000000e+00,-0.000000000000000000e+00,-4.115614083372594045e-01,-1.306796049963766804e-01,-0.000000000000000000e+00,0.000000000000000000e+00,-0.000000000000000000e+00,0.000000000000000000e+00,-1.161300449329050605e-01,-0.000000000000000000e+00,-8.253233017951887296e-02,-0.000000000000000000e+00,0.000000000000000000e+00,-0.000000000000000000e+00,-6.102989719987246542e-02,-2.527539649238291775e-01,0.000000000000000000e+00,-4.860922250010982215e-02,-2.347559430859212370e-01,1.987357221803298213e+00,-0.000000000000000000e+00,-0.000000000000000000e+00,-4.503504343603607907e-02,-2.893784125500388771e-01,-0.000000000000000000e+00,-0.000000000000000000e+00,-0.000000000000000000e+00,-0.000000000000000000e+00,-5.124362782703442785e-04,-0.000000000000000000e+00,-0.000000000000000000e+00,-0.000000000000000000e+00
-0.000000000000000000e+00,-0.000000000000000000e+00,-9.968743385538778035e-02,4.329635202011586359e-01,-0.000000000000000000e+00,-0.000000000000000000e+00,-0.000000000000000000e+00,2.360923395208741893e-01,0.000000000000000000e+00,-0.000000000000000000e+00,0.000000000000000000e+00,0.000000000000000000e+00,1.077814347850163806e-01,0.000000000000000000e+00,-9.405168557863111123e-02,-0.000000000000000000e+00,-0.000000000000000000e+00,0.000000000000000000e+00,0.000000000000000000e+00,-0.000000000000000000e+00,-0.000000000000000000e+00,-0.000000000000000000e+00,-0.000000000000000000e+00,1.875245158845363722e-03,0.000000000000000000e+00,-4.789144344352220251e-01,-0.000000000000000000e+00,1.858430776788657646e+00,-4.381347599541391205e-03,-0.000000000000000000e+00,-5.285991940275289735e-01,-0.000000000000000000e+00,-0.000000000000000000e+00,-0.000000000000000000e+00,-1.058410319781014630e-01,-0.000000000000000000e+00,-0.000000000000000000e+00,-0.000000000000000000e+00,0.000000000000000000e+00
-4.308964177258572947e-01,-0.000000000000000000e+00,-0.000000000000000000e+00,0.000000000000000000e+00,-2.902244046322410842e-02,-0.000000000000000000e+00,0.000000000000000000e+00,0.000000000000000000e+00,-0.000000000000000000e+00,-0.000000000000000000e+00,-0.000000000000000000e+00,0.000000000000000000e+00,1.495763796156488468e-01,0.000000000000000000e+00,0.000000000000000000e+00,-6.282537658129519476e-02,-2.883460658883122973e-01,-0.000000000000000000e+00,0.000000000000000000e+00,0.000000000000000000e+00,0.000000000000000000e+00,0.000000000000000000e+00,-0.000000000000000000e+00,2.776047792897047561e-02,0.000000000000000000e+00,-8.193706885808185181e-01,-0.000000000000000000e+00,-4.381347599541391205e-03,2.328368435013842941e+00,-1.101833753211243494e-01,-0.000000000000000000e+00,-2.955716025538236355e-02,0.000000000000000000e+00,0.000000000000000000e+00,-3.077691477513984641e-01,-1.199040095364652392e-01,-0.000000000000000000e+00,-0.000000000000000000e+00,0.000000000000000000e+00
-0.000000000000000000e+00,-0.000000000000000000e+00,0.000000000000000000e+00,-0.000000000000000000e+00,-0.000000000000000000e+00,-0.000000000000000000e+00,-0.000000000000000000e+00,-0.000000000000000000e+00,-0.000000000000000000e+00,-5.453944694854632180e-01,-3.652535033708712020e-02,-0.000000000000000000e+00,-0.000000000000000000e+00,-0.000000000000000000e+00,0.000000000000000000e+00,-5.730074044307936765e-01,-0.000000000000000000e+00,-0.000000000000000000e+00,-0.000000000000000000e+00,-0.000000000000000000e+00,0.000000000000000000e+00,-0.000000000000000000e+00,-3.533702437362570836e-02,0.000000000000000000e+00,-0.000000000000000000e+00,-0.000000000000000000e+00,-4.503504343603607907e-02,-0.000000000000000000e+00,-1.101833753211243494e-01,2.321715346221725706e+00,-0.000000000000000000e+00,-6.524591502092116913e-02,0.000000000000000000e+00,-0.000000000000000000e+00,-6.832177653167693931e-02,-6.652733966810093769e-01,-9.479073662648122844e-02,0.000000000000000000e+00,0.000000000000000000e+00
-0.000000000000000000e+00,-7.043769753687699475e-02,-1.088120634517588808e-01,0.000000000000000000e+00,-7.594056038155089228e-02,-0.000000000000000000e+00,-0.000000000000000000e+00,0.000000000000000000e+00,-0.000000000000000000e+00,-1.165778259948387352e-01,-0.000000000000000000e+00,-0.000000000000000000e+00,4.698114287970787256e-02,-0.000000000000000000e+00,-0.000000000000000000e+00,-8.728400856754456316e-02,-0.000000000000000000e+00,-0.000000000000000000e+00,-0.000000000000000000e+00,-0.000000000000000000e+00,-0.000000000000000000e+00,-3.436406906869159950e-01,-1.496969797894468768e-01,0.000000000000000000e+00,-0.000000000000000000e+00,-0.000000000000000000e+00,-2.893784125500388771e-01,-5.285991940275289735e-01,-0.000000000000000000e+00,-0.000000000000000000e+00,1.898434635148276373e+00,-0.000000000000000000e+00,-0.000000000000000000e+00,-1.408098194439239281e-01,-0.000000000000000000e+00,-0.000000000000000000e+00,-2.903088924080874864e-02,-0.000000000000000000e+00,-0.000000000000000000e+00
-9.921601465976177814e-02,-8.508896380549795246e-01,0.000000000000000000e+00,-0.000000000000000000e+00,-6.572969178338125551e-02,-0.000000000000000000e+00,0.000000000000000000e+00,-0.000000000000000000e+00,-0.000000000000000000e+00,-0.000000000000000000e+00,-1.058713854171730723e-01,-1.180753912176432247e-01,0.000000000000000000e+00,-0.000000000000000000e+00,-0.000000000000000000e+00,-1.620547439981872007e-01,-0.000000000000000000e+00,-3.263893865545203915e-02,-0.000000000000000000e+00,0.000000000000000000e+00,0.000000000000000000e+00,-0.000000000000000000e+00,-2.831377245914524221e-01,0.000000000000000000e+00,-0.000000000000000000e+00,-0.000000000000000000e+00,-0.000000000000000000e+00,-0.000000000000000000e+00,-2.955716025538236355e-02,-6.524591502092116913e-02,-0.000000000000000000e+00,2.314329701519074689e+00,0.000000000000000000e+00,-0.000000000000000000e+00,-0.000000000000000000e+00,-0.000000000000000000e+00,-5.118519570728908841e-01,0.000000000000000000e+00,-0.000000000000000000e+00
0.000000000000000000e+00,0.000000000000000000e+00,-4.471514088964113620e-01,0.000000000000000000e+00,-0.000000000000000000e+00,-5.265676696143161556e-02,-0.000000000000000000e+00,4.403499926010166488e-01,-0.000000000000000000e+00,-0.000000000000000000e+00,-0.000000000000000000e+00,0.000000000000000000e+00,-0.000000000000000000e+00,-4.634533148174804773e-01,0.000000000000000000e+00,0.000000000000000000e+00,-0.000000000000000000e+00,0.000000000000000000e+00,-0.000000000000000000e+00,-0.000000000000000000e+00,-5.049829159279858315e-01,-0.000000000000000000e+00,0.000000000000000000e+00,-1.539400816771461511e-01,-0.000000000000000000e+00,-0.000000000000000000e+00,-0.000000000000000000e+00,-0.000000000000000000e+00,0.000000000000000000e+00,0.000000000000000000e+00,-0.000000000000000000e+00,0.000000000000000000e+00,2.264581713921285822e+00,-3.780492577333712245e-01,-0.000000000000000000e+00,0.000000000000000000e+00,-1.009814496661129990e-01,-0.000000000000000000e+00,-0.000000000000000000e+00
-0.000000000000000000e+00,-0.000000000000000000e+00,-0.000000000000000000e+00,0.000000000000000000e+00,-4.814321124697846233e-01,-0.000000000000000000e+00,-0.000000000000000000e+00,0.000000000000000000e+00,-6.684922856415461689e-01,-0.000000000000000000e+00,-0.000000000000000000e+00,0.000000000000000000e+00,0.000000000000000000e+00,-1.226965764045667012e-01,-0.000000000000000000e+00,-0.000000000000000000e+00,-8.696901673086716855e-02,0.000000000000000000e+00,-0.000000000000000000e+00,0.000000000000000000e+00,-0.000000000000000000e+00,-0.000000000000000000e+00,-0.000000000000000000e+00,-0.000000000000000000e+00,-0.000000000000000000e+00,-0.000000000000000000e+00,-0.000000000000000000e+00,-0.000000000000000000e+00,0.000000000000000000e+00,-0.000000000000000000e+00,-1.408098194439239281e-01,-0.000000000000000000e+00,-3.780492577333712245e-01,1.996904378562937898e+00,0.000000000000000000e+00,0.000000000000000000e+00,-1.809705098937699000e-02,-0.000000000000000000e+00,-0.000000000000000000e+00
-3.110457998672809254e-01,-0.000000000000000000e+00,0.000000000000000000e+00,0.000000000000000000e+00,-0.000000000000000000e+00,-0.000000000000000000e+00,-0.000000000000000000e+00,-0.000000000000000000e+00,-0.000000000000000000e+00,-0.000000000000000000e+00,-0.000000000000000000e+00,0.000000000000000000e+00,4.349497445504690168e-02,0.000000000000000000e+00,0.000000000000000000e+00,-0.000000000000000000e+00,-1.216739745886171870e-01,0.000000000000000000e+00,-0.000000000000000000e+00,0.000000000000000000e+00,0.000000000000000000e+00,0.000000000000000000e+00,-0.000000000000000000e+00,0.000000000000000000e+00,0.000000000000000000e+00,-4.299181538340498543e-01,-0.000000000000000000e+00,-1.058410319781014630e-01,-3.077691477513984641e-01,-6.832177653167693931e-02,-0.000000000000000000e+00,-0.000000000000000000e+00,-0.000000000000000000e+00,0.000000000000000000e+00,1.848540446421753414e+00,-8.163181075383400820e-02,-1.460674577012953113e-01,-1.330232884907030511e-01,0.000000000000000000e+00
-0.000000000000000000e+00,-0.000000000000000000e+00,0.000000000000000000e+00,-0.000000000000000000e+00,-0.000000000000000000e+00,-0.000000000000000000e+00,-0.000000000000000000e+00,-0.000000000000000000e+00,0.000000000000000000e+00,-1.911069795919771719e-01,-0.000000000000000000e+00,-0.000000000000000000e+00,-0.000000000000000000e+00,0.000000000000000000e+00,0.000000000000000000e+00,-1.640221158284523584e-01,-0.000000000000000000e+00,-0.000000000000000000e+00,-0.000000000000000000e+00,-1.162559538752563765e-01,0.000000000000000000e+00,-0.000000000000000000e+00,-0.000000000000000000e+00,3.000316534615606878e-01,-0.000000000000000000e+00,-1.791003150821547096e-01,-5.124362782703442785e-04,-0.000000000000000000e+00,-1.199040095364652392e-01,-6.652733966810093769e-01,-0.000000000000000000e+00,-0.000000000000000000e+00,0.000000000000000000e+00,0.000000000000000000e+00,-8.163181075383400820e-02,1.787179008394594648e+00,-0.000000000000000000e+00,0.000000000000000000e+00,0.000000000000000000e+00
-0.000000000000000000e+00,-3.739898037231363659e-02,-0.000000000000000000e+00,-0.000000000000000000e+00,-1.528185495722903520e-01,-1.574152593461010941e-01,-0.000000000000000000e+00,0.000000000000000000e+00,-4.681565530122200856e-03,-2.966044222428351751e-01,-0.000000000000000000e+00,0.000000000000000000e+00,0.000000000000000000e+00,-3.474744279398129295e-03,0.000000000000000000e+00,-0.000000000000000000e+00,-2.880297621430783547e-03,-0.000000000000000000e+00,-0.000000000000000000e+00,-0.000000000000000000e+00,-0.000000000000000000e+00,-0.000000000000000000e+00,-1.446938340465196010e-02,-0.000000000000000000e+00,-1.291438899296901699e-01,-0.000000000000000000e+00,-0.000000000000000000e+00,-0.000000000000000000e+00,-0.000000000000000000e+00,-9.479073662648122844e-02,-2.903088924080874864e-02,-5.118519570728908841e-01,-1.009814496661129990e-01,-1.809705098937699000e-02,-1.460674577012953113e-01,-0.000000000000000000e+00,1.821160654015376190e+00,-0.000000000000000000e+00,-0.000000000000000000e+00
-3.024986024896453296e-01,0.000000000000000000e+00,-0.000000000000000000e+00,0.000000000000000000e+00,-0.000000000000000000e+00,-0.000000000000000000e+00,-0.000000000000000000e+00,0.000000000000000000e+00,-0.000000000000000000e+00,0.000000000000000000e+00,0.000000000000000000e+00,0.000000000000000000e+00,8.928445386404351702e-02,0.000000000000000000e+00,0.000000000000000000e+00,0.000000000000000000e+00,-7.792952027496768212e-06,0.000000000000000000e+00,-1.974500125490875335e-01,7.044734078803883970e-02,0.000000000000000000e+00,-0.000000000000000000e+00,-0.000000000000000000e+00,-0.000000000000000000e+00,0.000000000000000000e+00,-0.000000000000000000e+00,-0.000000000000000000e+00,-0.000000000000000000e+00,-0.000000000000000000e+00,0.000000000000000000e+00,-0.000000000000000000e+00,0.000000000000000000e+00,-0.000000000000000000e+00,-0.000000000000000000e+00,-1.330232884907030511e-01,0.000000000000000000e+00,-0.000000000000000000e+00,1.237625649991796806e+00,-1.855084607803688529e-02
-0.000000000000000000e+00,-0.000000000000000000e+00,0.000000000000000000e+00,-5.190067658868008360e-02,-0.000000000000000000e+00,-0.000000000000000000e+00,-0.000000000000000000e+00,-0.000000000000000000e+00,-5.171907700942857122e-01,-0.000000000000000000e+00,-8.068243318060312752e-02,-8.360863639791664415e-02,-0.000000000000000000e+00,-0.000000000000000000e+00,-0.000000000000000000e+00,-0.000000000000000000e+00,0.000000000000000000e+00,-0.000000000000000000e+00,-4.172169459385260959e-01,2.000361227169096257e-01,0.000000000000000000e+00,-8.219315300749782671e-02,-3.521715155755329035e-02,-0.000000000000000000e+00,-9.378825086523472077e-02,0.000000000000000000e+00,-0.000000000000000000e+00,0.000000000000000000e+00,0.000000000000000000e+00,0.000000000000000000e+00,-0.000000000000000000e+00,-0.000000000000000000e+00,-0.000000000000000000e+00,-0.000000000000000000e+00,0.000000000000000000e+00,0.000000000000000000e+00,-0.000000000000000000e+00,-1.855084607803688529e-02,1.650043375945653645e+00
