2.026461227161914902e+00,-6.335202201286270762e-01,-0.000000000000000000e+00,-0.000000000000000000e+00,0.000000000000000000e+00,-0.000000000000000000e+00,-0.000000000000000000e+00,0.000000000000000000e+00,-1.374836103336762316e-01,-2.721209470741679515e-01,0.000000000000000000e+00,-0.000000000000000000e+00,-0.000000000000000000e+00,-1.171672410655755642e-01,-0.000000000000000000e+00,-0.000000000000000000e+00,0.000000000000000000e+00,-0.000000000000000000e+00,-0.000000000000000000e+00,-0.000000000000000000e+00,-0.000000000000000000e+00,-2.152309267441498697e-01,-1.739345539033922416e-01,-0.000000000000000000e+00,-0.000000000000000000e+00,-0.000000000000000000e+00,-7.514691021126440607e-02,0.000000000000000000e+00,-0.000000000000000000e+00,-0.000000000000000000e+00,-0.000000000000000000e+00,-0.000000000000000000e+00,-0.000000000000000000e+00,-0.000000000000000000e+00,-0.000000000000000000e+00,-3.646740342795429801e-01,-0.000000000000000000e+00,-4.590747471529163515e-02,-9.086356233531206472e-02
-6.335202201286270762e-01,1.775236702670604405e+00,-0.000000000000000000e+00,0.000000000000000000e+00,0.000000000000000000e+00,-0.000000000000000000e+00,-0.000000000000000000e+00,0.000000000000000000e+00,-1.268447112967031054e-01,-0.000000000000000000e+00,-0.000000000000000000e+00,-0.000000000000000000e+00,-0.000000000000000000e+00,-8.841455940057427187e-02,-0.000000000000000000e+00,-0.000000000000000000e+00,0.000000000000000000e+00,-0.000000000000000000e+00,-0.000000000000000000e+00,-0.000000000000000000e+00,-0.000000000000000000e+00,-0.000000000000000000e+00,-0.000000000000000000e+00,-3.143927434840913110e-02,-0.000000000000000000e+00,-0.000000000000000000e+00,-2.658534275908127145e-02,0.000000000000000000e+00,-0.000000000000000000e+00,-0.000000000000000000e+00,-0.000000000000000000e+00,-0.000000000000000000e+00,0.000000000000000000e+00,0.000000000000000000e+00,-2.234404470429922004e-02,-1.035772077398330604e-01,-4.832771275598807259e-01,-0.000000000000000000e+00,-9.494424668233232209e-03
-0.000000000000000000e+00,-0.000000000000000000e+00,2.914557713459003718e+00,-0.000000000000000000e+00,-2.294688998654506873e-01,-0.000000000000000000e+00,-0.000000000000000000e+00,1.534583486015178799e+00,-0.000000000000000000e+00,-1.326035686617916751e-02,-0.000000000000000000e+00,-0.000000000000000000e+00,-0.000000000000000000e+00,-1.637193608746780882e-01,-0.000000000000000000e+00,-0.000000000000000000e+00,-0.000000000000000000e+00,-1.231119825494787767e-01,-0.000000000000000000e+00,-0.000000000000000000e+00,-2.696806901496037190e-01,-1.531710327586722764e-01,-0.000000000000000000e+00,-1.644373654878483471e-01,-0.000000000000000000e+00,-0.000000000000000000e+00,-0.000000000000000000e+00,-0.000000000000000000e+00,-0.000000000000000000e+00,-0.000000000000000000e+00,-0.000000000000000000e+00,0.000000000000000000e+00,-3.560567004681359782e-01,-0.000000000000000000e+00,-0.000000000000000000e+00,-0.000000000000000000e+00,-0.000000000000000000e+00,-0.000000000000000000e+00,-0.000000000000000000e+00
-0.000000000000000000e+00,0.000000000000000000e+00,-0.000000000000000000e+00,1.298787744977440095e+00,0.000000000000000000e+00,-0.000000000000000000e+00,-2.112483204575173190e-01,0.000000000000000000e+00,4.361325670943245331e-02,0.000000000000000000e+00,0.000000000000000000e+00,0.000000000000000000e+00,-0.000000000000000000e+00,-0.000000000000000000e+00,0.000000000000000000e+00,0.000000000000000000e+00,1.241207999697046052e-02,-0.000000000000000000e+00,0.000000000000000000e+00,-3.446231752721340968e-01,-1.836823689595193099e-01,-0.000000000000000000e+00,-0.000000000000000000e+00,0.000000000000000000e+00,-0.000000000000000000e+00,-0.000000000000000000e+00,-0.000000000000000000e+00,-5.432180570954097537e-02,-8.265833809044921543e-02,-0.000000000000000000e+00,0.000000000000000000e+00,-0.000000000000000000e+00,-0.000000000000000000e+00,0.000000000000000000e+00,-1.981101789155589529e-02,0.000000000000000000e+00,-0.000000000000000000e+00,0.000000000000000000e+00,1.102072428361964423e-01
0.000000000000000000e+00,0.000000000000000000e+00,-2.294688998654506873e-01,0.000000000000000000e+00,2.181729503027961758e+00,0.000000000000000000e+00,0.000000000000000000e+00,3.288493423187267006e-01,0.000000000000000000e+00,-0.000000000000000000e+00,-0.000000000000000000e+00,0.000000000000000000e+00,-0.000000000000000000e+00,-0.000000000000000000e+00,0.000000000000000000e+00,-1.106941326055283226e-01,-1.610801961388957926e-01,-2.825389266838212315e-02,-0.000000000000000000e+00,0.000000000000000000e+00,-0.000000000000000000e+00,0.000000000000000000e+00,-0.000000000000000000e+00,-0.000000000000000000e+00,0.000000000000000000e+00,-0.000000000000000000e+00,0.000000000000000000e+00,-0.000000000000000000e+00,0.000000000000000000e+00,-0.000000000000000000e+00,-0.000000000000000000e+00,0.000000000000000000e+00,-7.168677901778630623e-01,-6.388752806952274765e-01,0.000000000000000000e+00,-0.000000000000000000e+00,6.139670214344250532e-03,-0.000000000000000000e+00,0.000000000000000000e+00
-0.000000000000000000e+00,-0.000000000000000000e+00,-0.000000000000000000e+00,-0.000000000000000000e+00,0.000000000000000000e+00,1.361477389736160060e+00,-1.073478441555138496e-01,0.000000000000000000e+00,-0.000000000000000000e+00,-0.000000000000000000e+00,-3.510857209482097230e-01,-0.000000000000000000e+00,-0.000000000000000000e+00,-2.453116668394317856e-01,-0.000000000000000000e+00,0.000000000000000000e+00,-1.814163763292220011e-01,0.000000000000000000e+00,0.000000000000000000e+00,-0.000000000000000000e+00,0.000000000000000000e+00,-0.000000000000000000e+00,-0.000000000000000000e+00,-0.000000000000000000e+00,-0.000000000000000000e+00,-0.000000000000000000e+00,-0.000000000000000000e+00,-0.000000000000000000e+00,-0.000000000000000000e+00,0.000000000000000000e+00,-0.000000000000000000e+00,-2.317788834857811842e-01,0.000000000000000000e+00,-0.000000000000000000e+00,-4.884741744388022139e-02,-0.000000000000000000e+00,-0.000000000000000000e+00,0.000000000000000000e+00,-0.000000000000000000e+00
-0.000000000000000000e+00,-0.000000000000000000e+00,-0.000000000000000000e+00,-2.112483204575173190e-01,0.000000000000000000e+00,-1.073478441555138496e-01,1.552753593269390997e+00,0.000000000000000000e+00,-0.000000000000000000e+00,-0.000000000000000000e+00,-0.000000000000000000e+00,-1.067255961783778045e-01,0.000000000000000000e+00,-0.000000000000000000e+00,-2.735308147529365019e-01,0.000000000000000000e+00,0.000000000000000000e+00,-0.000000000000000000e+00,-2.021287663530877202e-02,-2.524122636114696783e-01,-0.000000000000000000e+00,-6.208563981922040481e-02,-0.000000000000000000e+00,-0.000000000000000000e+00,-2.603057403176198825e-01,-0.000000000000000000e+00,-0.000000000000000000e+00,-0.000000000000000000e+00,-0.000000000000000000e+00,-0.000000000000000000e+00,-0.000000000000000000e+00,-5.045877529299844233e-03,0.000000000000000000e+00,-0.000000000000000000e+00,-0.000000000000000000e+00,0.000000000000000000e+00,-1.418675178899801714e-01,-0.000000000000000000e+00,-0.000000000000000000e+00
0.000000000000000000e+00,0.000000000000000000e+00,1.534583486015178799e+00,0.000000000000000000e+00,3.288493423187267006e-01,0.000000000000000000e+00,0.000000000000000000e+00,2.861296302286285176e+00,0.000000000000000000e+00,1.453767627404188023e-01,0.000000000000000000e+00,0.000000000000000000e+00,0.000000000000000000e+00,1.564561863008592513e-01,0.000000000000000000e+00,2.937283964888413174e-02,0.000000000000000000e+00,0.000000000000000000e+00,0.000000000000000000e+00,0.000000000000000000e+00,1.925308088696250364e-01,1.098556465608113153e-01,0.000000000000000000e+00,3.103976737498412991e-02,0.000000000000000000e+00,0.000000000000000000e+00,0.000000000000000000e+00,0.000000000000000000e+00,0.000000000000000000e+00,0.000000000000000000e+00,0.000000000000000000e+00,-0.000000000000000000e+00,3.154027587492694851e-01,1.231338148616669195e-02,0.000000000000000000e+00,0.000000000000000000e+00,0.000000000000000000e+00,0.000000000000000000e+00,0.000000000000000000e+00
-1.374836103336762316e-01,-1.268447112967031054e-01,-0.000000000000000000e+00,4.361325670943245331e-02,0.000000000000000000e+00,-0.000000000000000000e+00,-0.000000000000000000e+00,0.000000000000000000e+00,2.347995019643700054e+00,-0.000000000000000000e+00,-0.000000000000000000e+00,-3.371975208542800084e-01,0.000000000000000000e+00,-5.099839568448809590e-01,-6.941292281940643349e-02,0.000000000000000000e+00,0.000000000000000000e+00,0.000000000000000000e+00,-0.000000000000000000e+00,0.000000000000000000e+00,0.000000000000000000e+00,-3.196910382384575422e-02,-0.000000000000000000e+00,-1.633950969957601029e-01,-1.322325182151626033e-01,0.000000000000000000e+00,-8.990617248946798645e-02,1.443631630039172442e-01,-0.000000000000000000e+00,0.000000000000000000e+00,-2.227991255652800595e-01,-0.000000000000000000e+00,0.000000000000000000e+00,-0.000000000000000000e+00,0.000000000000000000e+00,0.000000000000000000e+00,-0.000000000000000000e+00,-2.173676095724330903e-01,-5.287346542958877293e-01
-2.721209470741679515e-01,-0.000000000000000000e+00,-1.326035686617916751e-02,0.000000000000000000e+00,-0.000000000000000000e+00,-0.000000000000000000e+00,-0.000000000000000000e+00,1.453767627404188023e-01,-0.000000000000000000e+00,1.885764780948062880e+00,-0.000000000000000000e+00,-0.000000000000000000e+00,-3.905578164682620146e-02,-0.000000000000000000e+00,-0.000000000000000000e+00,-2.591525020666129442e-01,0.000000000000000000e+00,-8.129379311116710638e-02,-2.695156233155128200e-01,-0.000000000000000000e+00,-0.000000000000000000e+00,-0.000000000000000000e+00,-2.181661378978420329e-01,-0.000000000000000000e+00,-0.000000000000000000e+00,-0.000000000000000000e+00,-7.194868704640057337e-03,-0.000000000000000000e+00,-0.000000000000000000e+00,-5.595496175222460650e-02,-0.000000000000000000e+00,-0.000000000000000000e+00,-0.000000000000000000e+00,-0.000000000000000000e+00,-9.138732887419556694e-02,-1.081801724112179952e-01,-9.948113031811067763e-02,-2.225893514999447986e-01,-1.800134966281674020e-01
0.000000000000000000e+00,-0.000000000000000000e+00,-0.000000000000000000e+00,0.000000000000000000e+00,-0.000000000000000000e+00,-3.510857209482097230e-01,-0.000000000000000000e+00,0.000000000000000000e+00,-0.000000000000000000e+00,-0.000000000000000000e+00,1.356472986836804395e+00,-5.506899161072369153e-02,-7.552078297380615535e-02,-0.000000000000000000e+00,-1.349367423550696006e-02,-0.000000000000000000e+00,-4.869170343565814574e-01,-0.000000000000000000e+00,-0.000000000000000000e+00,-0.000000000000000000e+00,-0.000000000000000000e+00,-0.000000000000000000e+00,0.000000000000000000e+00,-0.000000000000000000e+00,-0.000000000000000000e+00,-0.000000000000000000e+00,-0.000000000000000000e+00,-0.000000000000000000e+00,-0.000000000000000000e+00,-0.000000000000000000e+00,-0.000000000000000000e+00,-0.000000000000000000e+00,-0.000000000000000000e+00,-0.000000000000000000e+00,-8.646729263490448777e-03,0.000000000000000000e+00,-0.000000000000000000e+00,0.000000000000000000e+00,-0.000000000000000000e+00
-0.000000000000000000e+00,-0.000000000000000000e+00,-0.000000000000000000e+00,0.000000000000000000e+00,0.000000000000000000e+00,-0.000000000000000000e+00,-1.067255961783778045e-01,0.000000000000000000e+00,-3.371975208542800084e-01,-0.000000000000000000e+00,-5.506899161072369153e-02,2.049680358197777608e+00,0.000000000000000000e+00,-0.000000000000000000e+00,-5.850123859274553029e-01,0.000000000000000000e+00,0.000000000000000000e+00,0.000000000000000000e+00,-2.909247006749294817e-01,-0.000000000000000000e+00,0.000000000000000000e+00,-2.304445219807615963e-02,-0.000000000000000000e+00,-1.713127278580263771e-02,-3.591659019425830768e-01,0.000000000000000000e+00,-0.000000000000000000e+00,2.424979406386289227e-01,-0.000000000000000000e+00,0.000000000000000000e+00,-0.000000000000000000e+00,-0.000000000000000000e+00,1.262496739591340289e-01,-0.000000000000000000e+00,0.000000000000000000e+00,1.997510614855924904e-01,-0.000000000000000000e+00,-0.000000000000000000e+00,-3.617296570617591911e-01
-0.000000000000000000e+00,-0.000000000000000000e+00,-0.000000000000000000e+00,-0.000000000000000000e+00,-0.000000000000000000e+00,-0.000000000000000000e+00,0.000000000000000000e+00,0.000000000000000000e+00,0.000000000000000000e+00,-3.905578164682620146e-02,-7.552078297380615535e-02,0.000000000000000000e+00,1.485679686980781788e+00,0.000000000000000000e+00,0.000000000000000000e+00,-0.000000000000000000e+00,-0.000000000000000000e+00,-0.000000000000000000e+00,-6.591383987488898082e-03,-0.000000000000000000e+00,-3.508396957111902664e-02,0.000000000000000000e+00,0.000000000000000000e+00,-0.000000000000000000e+00,0.000000000000000000e+00,-0.000000000000000000e+00,0.000000000000000000e+00,-4.311800482769106435e-01,0.000000000000000000e+00,0.000000000000000000e+00,-0.000000000000000000e+00,-0.000000000000000000e+00,-3.214278373865338545e-01,-0.000000000000000000e+00,-2.836961926663937872e-01,-0.000000000000000000e+00,-0.000000000000000000e+00,0.000000000000000000e+00,0.000000000000000000e+00
-1.171672410655755642e-01,-8.841455940057427187e-02,-1.637193608746780882e-01,-0.000000000000000000e+00,-0.000000000000000000e+00,-2.453116668394317856e-01,-0.000000000000000000e+00,1.564561863008592513e-01,-5.099839568448809590e-01,-0.000000000000000000e+00,-0.000000000000000000e+00,-0.000000000000000000e+00,0.000000000000000000e+00,2.486451589836176534e+00,-3.255037129310970334e-01,-0.000000000000000000e+00,0.000000000000000000e+00,-0.000000000000000000e+00,-0.000000000000000000e+00,-0.000000000000000000e+00,-0.000000000000000000e+00,-1.868835477483843932e-01,-3.290951229725127547e-01,-2.249497090995828188e-02,-3.131916894299281440e-01,-0.000000000000000000e+00,-0.000000000000000000e+00,0.000000000000000000e+00,-3.529267078180530620e-03,-0.000000000000000000e+00,-0.000000000000000000e+00,-2.575040129366229502e-02,0.000000000000000000e+00,-0.000000000000000000e+00,-0.000000000000000000e+00,-0.000000000000000000e+00,-3.905213276834421654e-01,-0.000000000000000000e+00,-0.000000000000000000e+00
-0.000000000000000000e+00,-0.000000000000000000e+00,-0.000000000000000000e+00,0.000000000000000000e+00,0.000000000000000000e+00,-0.000000000000000000e+00,-2.735308147529365019e-01,0.000000000000000000e+00,-6.941292281940643349e-02,-0.000000000000000000e+00,-1.349367423550696006e-02,-5.850123859274553029e-01,0.000000000000000000e+00,-3.255037129310970334e-01,1.748989519876031240e+00,-0.000000000000000000e+00,-0.000000000000000000e+00,-0.000000000000000000e+00,-0.000000000000000000e+00,-0.000000000000000000e+00,0.000000000000000000e+00,-0.000000000000000000e+00,-0.000000000000000000e+00,-3.901573129212609903e-02,-3.714714374148862797e-02,-0.000000000000000000e+00,-0.000000000000000000e+00,0.000000000000000000e+00,-0.000000000000000000e+00,-9.700569992687126109e-03,-0.000000000000000000e+00,-0.000000000000000000e+00,0.000000000000000000e+00,-0.000000000000000000e+00,-0.000000000000000000e+00,0.000000000000000000e+00,-0.000000000000000000e+00,-2.077507452104523644e-01,-0.000000000000000000e+00
-0.000000000000000000e+00,-0.000000000000000000e+00,-0.000000000000000000e+00,0.000000000000000000e+00,-1.106941326055283226e-01,0.000000000000000000e+00,0.000000000000000000e+00,2.937283964888413174e-02,0.000000000000000000e+00,-2.591525020666129442e-01,-0.000000000000000000e+00,0.000000000000000000e+00,-0.000000000000000000e+00,-0.000000000000000000e+00,-0.000000000000000000e+00,2.294923723945248906e+00,-5.068993788720366905e-02,-3.740875254870985600e-01,0.000000000000000000e+00,0.000000000000000000e+00,-0.000000000000000000e+00,-0.000000000000000000e+00,-1.030914449130323207e-01,-0.000000000000000000e+00,-0.000000000000000000e+00,-1.143749270437122156e-01,0.000000000000000000e+00,-3.376747655584669272e-01,-0.000000000000000000e+00,-7.966406668136349900e-01,-0.000000000000000000e+00,8.998046240407522878e-02,-2.682137498654375007e-01,-0.000000000000000000e+00,-0.000000000000000000e+00,-1.460518171852621672e-01,0.000000000000000000e+00,-0.000000000000000000e+00,0.000000000000000000e+00
0.000000000000000000e+00,0.000000000000000000e+00,-0.000000000000000000e+00,1.241207999697046052e-02,-1.610801961388957926e-01,-1.814163763292220011e-01,0.000000000000000000e+00,0.000000000000000000e+00,0.000000000000000000e+00,0.000000000000000000e+00,-4.869170343565814574e-01,0.000000000000000000e+00,-0.000000000000000000e+00,0.000000000000000000e+00,-0.000000000000000000e+00,-5.068993788720366905e-02,1.378880883688155423e+00,0.000000000000000000e+00,1.397152979938755257e-01,0.000000000000000000e+00,0.000000000000000000e+00,0.000000000000000000e+00,0.000000000000000000e+00,-0.000000000000000000e+00,2.091623657509156520e-01,-1.734618922028578480e-01,0.000000000000000000e+00,-5.484148131081633543e-02,0.000000000000000000e+00,-0.000000000000000000e+00,0.000000000000000000e+00,0.000000000000000000e+00,-0.000000000000000000e+00,-0.000000000000000000e+00,-0.000000000000000000e+00,-0.000000000000000000e+00,5.804085151487043889e-03,0.000000000000000000e+00,8.868525410924259222e-02
-0.000000000000000000e+00,-0.000000000000000000e+00,-1.231119825494787767e-01,-0.000000000000000000e+00,-2.825389266838212315e-02,0.000000000000000000e+00,-0.000000000000000000e+00,0.000000000000000000e+00,0.000000000000000000e+00,-8.129379311116710638e-02,-0.000000000000000000e+00,0.000000000000000000e+00,-0.000000000000000000e+00,-0.000000000000000000e+00,-0.000000000000000000e+00,-3.740875254870985600e-01,0.000000000000000000e+00,1.717851540222255613e+00,-5.756440777206410786e-01,0.000000000000000000e+00,-4.389033443668992340e-02,-0.000000000000000000e+00,-0.000000000000000000e+00,-6.761969193381502097e-02,-0.000000000000000000e+00,-0.000000000000000000e+00,0.000000000000000000e+00,-0.000000000000000000e+00,0.000000000000000000e+00,-0.000000000000000000e+00,0.000000000000000000e+00,5.823700111277139296e-02,-3.004626404623629288e-01,-0.000000000000000000e+00,-0.000000000000000000e+00,-0.000000000000000000e+00,-0.000000000000000000e+00,-0.000000000000000000e+00,0.000000000000000000e+00
-0.000000000000000000e+00,-0.000000000000000000e+00,-0.000000000000000000e+00,0.000000000000000000e+00,-0.000000000000000000e+00,0.000000000000000000e+00,-2.021287663530877202e-02,0.000000000000000000e+00,-0.000000000000000000e+00,-2.695156233155128200e-01,-0.000000000000000000e+00,-2.909247006749294817e-01,-6.591383987488898082e-03,-0.000000000000000000e+00,-0.000000000000000000e+00,0.000000000000000000e+00,1.397152979938755257e-01,-5.756440777206410786e-01,1.577439796311731257e+00,-0.000000000000000000e+00,-1.193081056302735220e-02,-0.000000000000000000e+00,-0.000000000000000000e+00,-0.000000000000000000e+00,-0.000000000000000000e+00,0.000000000000000000e+00,0.000000000000000000e+00,-0.000000000000000000e+00,0.000000000000000000e+00,0.000000000000000000e+00,-0.000000000000000000e+00,0.000000000000000000e+00,-0.000000000000000000e+00,0.000000000000000000e+00,-0.000000000000000000e+00,0.000000000000000000e+00,-0.000000000000000000e+00,-0.000000000000000000e+00,-1.387466901416019305e-01
-0.000000000000000000e+00,-0.000000000000000000e+00,-0.000000000000000000e+00,-3.446231752721340968e-01,0.000000000000000000e+00,-0.000000000000000000e+00,-2.524122636114696783e-01,0.000000000000000000e+00,0.000000000000000000e+00,-0.000000000000000000e+00,-0.000000000000000000e+00,-0.000000000000000000e+00,-0.000000000000000000e+00,-0.000000000000000000e+00,-0.000000000000000000e+00,0.000000000000000000e+00,0.000000000000000000e+00,0.000000000000000000e+00,-0.000000000000000000e+00,1.787269377870473575e+00,-4.257189914023981059e-01,-2.080803527903925532e-01,-0.000000000000000000e+00,0.000000000000000000e+00,-0.000000000000000000e+00,-0.000000000000000000e+00,-5.838119411795166663e-02,-7.495676202871402564e-03,-3.410663648234045220e-01,-0.000000000000000000e+00,-0.000000000000000000e+00,-1.143962466193425009e-01,0.000000000000000000e+00,-0.000000000000000000e+00,-1.702902217947526581e-02,-0.000000000000000000e+00,-0.000000000000000000e+00,-0.000000000000000000e+00,-0.000000000000000000e+00
-0.000000000000000000e+00,-0.000000000000000000e+00,-2.696806901496037190e-01,-1.836823689595193099e-01,-0.000000000000000000e+00,0.000000000000000000e+00,-0.000000000000000000e+00,1.925308088696250364e-01,0.000000000000000000e+00,-0.000000000000000000e+00,-0.000000000000000000e+00,0.000000000000000000e+00,-3.508396957111902664e-02,-0.000000000000000000e+00,0.000000000000000000e+00,-0.000000000000000000e+00,0.000000000000000000e+00,-4.389033443668992340e-02,-1.193081056302735220e-02,-4.257189914023981059e-01,1.906060749763978768e+00,-2.540462990962105705e-01,-0.000000000000000000e+00,-0.000000000000000000e+00,-0.000000000000000000e+00,-0.000000000000000000e+00,0.000000000000000000e+00,-1.352801662031540286e-01,-0.000000000000000000e+00,-0.000000000000000000e+00,0.000000000000000000e+00,-0.000000000000000000e+00,-2.518610499834662009e-01,-0.000000000000000000e+00,-1.692441868035112762e-01,-0.000000000000000000e+00,-0.000000000000000000e+00,-0.000000000000000000e+00,0.000000000000000000e+00
-2.152309267441498697e-01,-0.000000000000000000e+00,-1.531710327586722764e-01,-0.000000000000000000e+00,0.000000000000000000e+00,-0.000000000000000000e+00,-6.208563981922040481e-02,1.098556465608113153e-01,-3.196910382384575422e-02,-0.000000000000000000e+00,-0.000000000000000000e+00,-2.304445219807615963e-02,0.000000000000000000e+00,-1.868835477483843932e-01,-0.000000000000000000e+00,-0.000000000000000000e+00,0.000000000000000000e+00,-0.000000000000000000e+00,-0.000000000000000000e+00,-2.080803527903925532e-01,-2.540462990962105705e-01,1.780545410297718956e+00,-0.000000000000000000e+00,-0.000000000000000000e+00,-3.603726207815649007e-01,-0.000000000000000000e+00,-0.000000000000000000e+00,-0.000000000000000000e+00,-0.000000000000000000e+00,-0.000000000000000000e+00,-8.271978110445067645e-02,-0.000000000000000000e+00,-0.000000000000000000e+00,-0.000000000000000000e+00,-0.000000000000000000e+00,0.000000000000000000e+00,-0.000000000000000000e+00,-1.320614023792980249e-02,-0.000000000000000000e+00
-1.739345539033922416e-01,-0.000000000000000000e+00,-0.000000000000000000e+00,-0.000000000000000000e+00,-0.000000000000000000e+00,-0.000000000000000000e+00,-0.000000000000000000e+00,0.000000000000000000e+00,-0.000000000000000000e+00,-2.181661378978420329e-01,0.000000000000000000e+00,-0.000000000000000000e+00,0.000000000000000000e+00,-3.290951229725127547e-01,-0.000000000000000000e+00,-1.030914449130323207e-01,0.000000000000000000e+00,-0.000000000000000000e+00,-0.000000000000000000e+00,-0.000000000000000000e+00,-0.000000000000000000e+00,-0.000000000000000000e+00,1.872229143227237325e+00,-0.000000000000000000e+00,-5.480738949924217618e-01,-0.000000000000000000e+00,-0.000000000000000000e+00,-0.000000000000000000e+00,-1.243243552067134633e-01,-4.910378335260245919e-02,-4.355944863747026469e-02,-0.000000000000000000e+00,-0.000000000000000000e+00,-0.000000000000000000e+00,-0.000000000000000000e+00,-0.000000000000000000e+00,-0.000000000000000000e+00,-1.435448001507832194e-01,-0.000000000000000000e+00
-0.000000000000000000e+00,-3.143927434840913110e-02,-1.644373654878483471e-01,0.000000000000000000e+00,-0.000000000000000000e+00,-0.000000000000000000e+00,-0.000000000000000000e+00,3.103976737498412991e-02,-1.633950969957601029e-01,-0.000000000000000000e+00,-0.000000000000000000e+00,-1.713127278580263771e-02,-0.000000000000000000e+00,-2.249497090995828188e-02,-3.901573129212609903e-02,-0.000000000000000000e+00,-0.000000000000000000e+00,-6.761969193381502097e-02,-0.000000000000000000e+00,0.000000000000000000e+00,-0.000000000000000000e+00,-0.000000000000000000e+00,-0.000000000000000000e+00,1.197144906375954720e+00,-0.000000000000000000e+00,-0.000000000000000000e+00,-0.000000000000000000e+00,-0.000000000000000000e+00,0.000000000000000000e+00,0.000000000000000000e+00,-1.625123101204707099e-01,0.000000000000000000e+00,-0.000000000000000000e+00,-0.000000000000000000e+00,0.000000000000000000e+00,-0.000000000000000000e+00,-0.000000000000000000e+00,-0.000000000000000000e+00,-0.000000000000000000e+00
-0.000000000000000000e+00,-0.000000000000000000e+00,-0.000000000000000000e+00,-0.000000000000000000e+00,0.000000000000000000e+00,-0.000000000000000000e+00,-2.603057403176198825e-01,0.000000000000000000e+00,-1.322325182151626033e-01,-0.000000000000000000e+00,-0.000000000000000000e+00,-3.591659019425830768e-01,0.000000000000000000e+00,-3.131916894299281440e-01,-3.714714374148862797e-02,-0.000000000000000000e+00,2.091623657509156520e-01,-0.000000000000000000e+00,-0.000000000000000000e+00,-0.000000000000000000e+00,-0.000000000000000000e+00,-3.603726207815649007e-01,-5.480738949924217618e-01,-0.000000000000000000e+00,2.409777959135927627e+00,-0.000000000000000000e+00,-1.598205066786114736e-01,0.000000000000000000e+00,-1.860813156531433421e-01,-0.000000000000000000e+00,-5.949761761629470541e-02,-0.000000000000000000e+00,0.000000000000000000e+00,-0.000000000000000000e+00,-0.000000000000000000e+00,0.000000000000000000e+00,-5.428679556159371478e-02,-6.614537692845871841e-02,-1.000545722511920338e-01
-0.000000000000000000e+00,-0.000000000000000000e+00,-0.000000000000000000e+00,-0.000000000000000000e+00,-0.000000000000000000e+00,-0.000000000000000000e+00,-0.000000000000000000e+00,0.000000000000000000e+00,0.000000000000000000e+00,-0.000000000000000000e+00,-0.000000000000000000e+00,0.000000000000000000e+00,-0.000000000000000000e+00,-0.000000000000000000e+00,-0.000000000000000000e+00,-1.143749270437122156e-01,-1.734618922028578480e-01,-0.000000000000000000e+00,0.000000000000000000e+00,-0.000000000000000000e+00,-0.000000000000000000e+00,-0.000000000000000000e+00,-0.000000000000000000e+00,-0.000000000000000000e+00,-0.000000000000000000e+00,1.869976532150094739e+00,-1.199994607950611719e-01,-6.256518205742626071e-01,-4.145935980106271734e-01,-2.151693951121649850e-01,-0.000000000000000000e+00,-0.000000000000000000e+00,-0.000000000000000000e+00,-4.604744882087209029e-02,-1.276604133112645700e-01,-1.119384192630553665e-01,-0.000000000000000000e+00,0.000000000000000000e+00,0.000000000000000000e+00
-7.514691021126440607e-02,-2.658534275908127145e-02,-0.000000000000000000e+00,-0.000000000000000000e+00,0.000000000000000000e+00,-0.000000000000000000e+00,-0.000000000000000000e+00,0.000000000000000000e+00,-8.990617248946798645e-02,-7.194868704640057337e-03,-0.000000000000000000e+00,-0.000000000000000000e+00,0.000000000000000000e+00,-0.000000000000000000e+00,-0.000000000000000000e+00,0.000000000000000000e+00,0.000000000000000000e+00,0.000000000000000000e+00,0.000000000000000000e+00,-5.838119411795166663e-02,0.000000000000000000e+00,-0.000000000000000000e+00,-0.000000000000000000e+00,-0.000000000000000000e+00,-1.598205066786114736e-01,-1.199994607950611719e-01,1.998559152059991684e+00,0.000000000000000000e+00,-4.315823649707964393e-01,0.000000000000000000e+00,-6.286521246895286907e-01,-1.539277241263892482e-01,1.185450557910296548e-01,-0.000000000000000000e+00,-0.000000000000000000e+00,-0.000000000000000000e+00,-2.560182086984563732e-01,-0.000000000000000000e+00,-3.547722265133924219e-02
0.000000000000000000e+00,0.000000000000000000e+00,-0.000000000000000000e+00,-5.432180570954097537e-02,-0.000000000000000000e+00,-0.000000000000000000e+00,-0.000000000000000000e+00,0.000000000000000000e+00,1.443631630039172442e-01,-0.000000000000000000e+00,-0.000000000000000000e+00,2.424979406386289227e-01,-4.311800482769106435e-01,0.000000000000000000e+00,0.000000000000000000e+00,-3.376747655584669272e-01,-5.484148131081633543e-02,-0.000000000000000000e+00,-0.000000000000000000e+00,-7.495676202871402564e-03,-1.352801662031540286e-01,-0.000000000000000000e+00,-0.000000000000000000e+00,-0.000000000000000000e+00,0.000000000000000000e+00,-6.256518205742626071e-01,0.000000000000000000e+00,1.973911427019045872e+00,-0.000000000000000000e+00,-1.143093222560937344e-01,-0.000000000000000000e+00,0.000000000000000000e+00,-2.464768308394872653e-01,-3.617316519817907750e-02,-0.000000000000000000e+00,-0.000000000000000000e+00,0.000000000000000000e+00,-0.000000000000000000e+00,4.492662589383709243e-02
-0.000000000000000000e+00,-0.000000000000000000e+00,-0.000000000000000000e+00,-8.265833809044921543e-02,0.000000000000000000e+00,-0.000000000000000000e+00,-0.000000000000000000e+00,0.000000000000000000e+00,-0.000000000000000000e+00,-0.000000000000000000e+00,-0.000000000000000000e+00,-0.000000000000000000e+00,0.000000000000000000e+00,-3.529267078180530620e-03,-0.000000000000000000e+00,-0.000000000000000000e+00,0.000000000000000000e+00,0.000000000000000000e+00,0.000000000000000000e+00,-3.410663648234045220e-01,-0.000000000000000000e+00,-0.000000000000000000e+00,-1.243243552067134633e-01,0.000000000000000000e+00,-1.860813156531433421e-01,-4.145935980106271734e-01,-4.315823649707964393e-01,-0.000000000000000000e+00,2.188402818717465337e+00,-1.927535676216418359e-01,-0.000000000000000000e+00,-2.811585183999262272e-01,0.000000000000000000e+00,-0.000000000000000000e+00,-1.386913552497221758e-01,-0.000000000000000000e+00,-2.750001087029056990e-01,-0.000000000000000000e+00,-0.000000000000000000e+00
-0.000000000000000000e+00,-0.000000000000000000e+00,-0.000000000000000000e+00,-0.000000000000000000e+00,-0.000000000000000000e+00,0.000000000000000000e+00,-0.000000000000000000e+00,0.000000000000000000e+00,0.000000000000000000e+00,-5.595496175222460650e-02,-0.000000000000000000e+00,0.000000000000000000e+00,0.000000000000000000e+00,-0.000000000000000000e+00,-9.700569992687126109e-03,-7.966406668136349900e-01,-0.000000000000000000e+00,-0.000000000000000000e+00,0.000000000000000000e+00,-0.000000000000000000e+00,-0.000000000000000000e+00,-0.000000000000000000e+00,-4.910378335260245919e-02,0.000000000000000000e+00,-0.000000000000000000e+00,-2.151693951121649850e-01,0.000000000000000000e+00,-1.143093222560937344e-01,-1.927535676216418359e-01,1.814924955279898722e+00,0.000000000000000000e+00,0.000000000000000000e+00,-0.000000000000000000e+00,-0.000000000000000000e+00,-0.000000000000000000e+00,-1.701358915326978416e-01,-0.000000000000000000e+00,-0.000000000000000000e+00,0.000000000000000000e+00
-0.000000000000000000e+00,-0.000000000000000000e+00,-0.000000000000000000e+00,0.000000000000000000e+00,-0.000000000000000000e+00,-0.000000000000000000e+00,-0.000000000000000000e+00,0.000000000000000000e+00,-2.227991255652800595e-01,-0.000000000000000000e+00,-0.000000000000000000e+00,-0.000000000000000000e+00,-0.000000000000000000e+00,-0.000000000000000000e+00,-0.000000000000000000e+00,-0.000000000000000000e+00,0.000000000000000000e+00,0.000000000000000000e+00,-0.000000000000000000e+00,-0.000000000000000000e+00,0.000000000000000000e+00,-8.271978110445067645e-02,-4.355944863747026469e-02,-1.625123101204707099e-01,-5.949761761629470541e-02,-0.000000000000000000e+00,-6.286521246895286907e-01,-0.000000000000000000e+00,-0.000000000000000000e+00,0.000000000000000000e+00,1.862290217277076110e+00,-0.000000000000000000e+00,0.000000000000000000e+00,-1.032146165072676119e-01,-0.000000000000000000e+00,-0.000000000000000000e+00,-0.000000000000000000e+00,-2.261130470973097550e-01,-2.703067325348103012e-01
-0.000000000000000000e+00,-0.000000000000000000e+00,0.000000000000000000e+00,-0.000000000000000000e+00,0.000000000000000000e+00,-2.317788834857811842e-01,-5.045877529299844233e-03,-0.000000000000000000e+00,-0.000000000000000000e+00,-0.000000000000000000e+00,-0.000000000000000000e+00,-0.000000000000000000e+00,-0.000000000000000000e+00,-2.575040129366229502e-02,-0.000000000000000000e+00,8.998046240407522878e-02,0.000000000000000000e+00,5.823700111277139296e-02,0.000000000000000000e+00,-1.143962466193425009e-01,-0.000000000000000000e+00,-0.000000000000000000e+00,-0.000000000000000000e+00,0.000000000000000000e+00,-0.000000000000000000e+00,-0.000000000000000000e+00,-1.539277241263892482e-01,0.000000000000000000e+00,-2.811585183999262272e-01,0.000000000000000000e+00,-0.000000000000000000e+00,1.416360188654685937e+00,3.437613370564148590e-02,-0.000000000000000000e+00,-0.000000000000000000e+00,-0.000000000000000000e+00,-3.263583632568189397e-01,-0.000000000000000000e+00,-0.000000000000000000e+00
-0.000000000000000000e+00,0.000000000000000000e+00,-3.560567004681359782e-01,-0.000000000000000000e+00,-7.168677901778630623e-01,0.000000000000000000e+00,0.000000000000000000e+00,3.154027587492694851e-01,0.000000000000000000e+00,-0.000000000000000000e+00,-0.000000000000000000e+00,1.262496739591340289e-01,-3.214278373865338545e-01,0.000000000000000000e+00,0.000000000000000000e+00,-2.682137498654375007e-01,-0.000000000000000000e+00,-3.004626404623629288e-01,-0.000000000000000000e+00,0.000000000000000000e+00,-2.518610499834662009e-01,-0.000000000000000000e+00,-0.000000000000000000e+00,-0.000000000000000000e+00,0.000000000000000000e+00,-0.000000000000000000e+00,1.185450557910296548e-01,-2.464768308394872653e-01,0.000000000000000000e+00,-0.000000000000000000e+00,0.000000000000000000e+00,3.437613370564148590e-02,2.474413548534526441e+00,-0.000000000000000000e+00,-0.000000000000000000e+00,-0.000000000000000000e+00,0.000000000000000000e+00,0.000000000000000000e+00,0.000000000000000000e+00
-0.000000000000000000e+00,0.000000000000000000e+00,-0.000000000000000000e+00,0.000000000000000000e+00,-6.388752806952274765e-01,-0.000000000000000000e+00,-0.000000000000000000e+00,1.231338148616669195e-02,-0.000000000000000000e+00,-0.000000000000000000e+00,-0.000000000000000000e+00,-0.000000000000000000e+00,-0.000000000000000000e+00,-0.000000000000000000e+00,-0.000000000000000000e+00,-0.000000000000000000e+00,-0.000000000000000000e+00,-0.000000000000000000e+00,0.000000000000000000e+00,-0.000000000000000000e+00,-0.000000000000000000e+00,-0.000000000000000000e+00,-0.000000000000000000e+00,-0.000000000000000000e+00,-0.000000000000000000e+00,-4.604744882087209029e-02,-0.000000000000000000e+00,-3.617316519817907750e-02,-0.000000000000000000e+00,-0.000000000000000000e+00,-1.032146165072676119e-01,-0.000000000000000000e+00,-0.000000000000000000e+00,1.484584311289664837e+00,-0.000000000000000000e+00,-0.000000000000000000e+00,0.000000000000000000e+00,-2.773747181786661020e-01,-0.000000000000000000e+00
-0.000000000000000000e+00,-2.234404470429922004e-02,-0.000000000000000000e+00,-1.981101789155589529e-02,0.000000000000000000e+00,-4.884741744388022139e-02,-0.000000000000000000e+00,0.000000000000000000e+00,0.000000000000000000e+00,-9.138732887419556694e-02,-8.646729263490448777e-03,0.000000000000000000e+00,-2.836961926663937872e-01,-0.000000000000000000e+00,-0.000000000000000000e+00,-0.000000000000000000e+00,-0.000000000000000000e+00,-0.000000000000000000e+00,-0.000000000000000000e+00,-1.702902217947526581e-02,-1.692441868035112762e-01,-0.000000000000000000e+00,-0.000000000000000000e+00,0.000000000000000000e+00,-0.000000000000000000e+00,-1.276604133112645700e-01,-0.000000000000000000e+00,-0.000000000000000000e+00,-1.386913552497221758e-01,-0.000000000000000000e+00,-0.000000000000000000e+00,-0.000000000000000000e+00,-0.000000000000000000e+00,-0.000000000000000000e+00,1.726262863629857813e+00,-0.000000000000000000e+00,-6.594704402492991280e-01,0.000000000000000000e+00,-0.000000000000000000e+00
-3.646740342795429801e-01,-1.035772077398330604e-01,-0.000000000000000000e+00,0.000000000000000000e+00,-0.000000000000000000e+00,-0.000000000000000000e+00,0.000000000000000000e+00,0.000000000000000000e+00,0.000000000000000000e+00,-1.081801724112179952e-01,0.000000000000000000e+00,1.997510614855924904e-01,-0.000000000000000000e+00,-0.000000000000000000e+00,0.000000000000000000e+00,-1.460518171852621672e-01,-0.000000000000000000e+00,-0.000000000000000000e+00,0.000000000000000000e+00,-0.000000000000000000e+00,-0.000000000000000000e+00,0.000000000000000000e+00,-0.000000000000000000e+00,-0.000000000000000000e+00,0.000000000000000000e+00,-1.119384192630553665e-01,-0.000000000000000000e+00,-0.000000000000000000e+00,-0.000000000000000000e+00,-1.701358915326978416e-01,-0.000000000000000000e+00,-0.000000000000000000e+00,-0.000000000000000000e+00,-0.000000000000000000e+00,-0.000000000000000000e+00,1.355812400152713426e+00,-0.000000000000000000e+00,-0.000000000000000000e+00,-0.000000000000000000e+00
-0.000000000000000000e+00,-4.832771275598807259e-01,-0.000000000000000000e+00,-0.000000000000000000e+00,6.139670214344250532e-03,-0.000000000000000000e+00,-1.418675178899801714e-01,0.000000000000000000e+00,-0.000000000000000000e+00,-9.948113031811067763e-02,-0.000000000000000000e+00,-0.000000000000000000e+00,-0.000000000000000000e+00,-3.905213276834421654e-01,-0.000000000000000000e+00,0.000000000000000000e+00,5.804085151487043889e-03,-0.000000000000000000e+00,-0.000000000000000000e+00,-0.000000000000000000e+00,-0.000000000000000000e+00,-0.000000000000000000e+00,-0.000000000000000000e+00,-0.000000000000000000e+00,-5.428679556159371478e-02,-0.000000000000000000e+00,-2.560182086984563732e-01,0.000000000000000000e+00,-2.750001087029056990e-01,-0.000000000000000000e+00,-0.000000000000000000e+00,-3.263583632568189397e-01,0.000000000000000000e+00,0.000000000000000000e+00,-6.594704402492991280e-01,-0.000000000000000000e+00,2.408655555363227396e+00,-0.000000000000000000e+00,-0.000000000000000000e+00
-4.590747471529163515e-02,-0.000000000000000000e+00,-0.000000000000000000e+00,0.000000000000000000e+00,-0.000000000000000000e+00,0.000000000000000000e+00,-0.000000000000000000e+00,0.000000000000000000e+00,-2.173676095724330903e-01,-2.225893514999447986e-01,0.000000000000000000e+00,-0.000000000000000000e+00,0.000000000000000000e+00,-0.000000000000000000e+00,-2.077507452104523644e-01,-0.000000000000000000e+00,0.000000000000000000e+00,-0.000000000000000000e+00,-0.000000000000000000e+00,-0.000000000000000000e+00,-0.000000000000000000e+00,-1.320614023792980249e-02,-1.435448001507832194e-01,-0.000000000000000000e+00,-6.614537692845871841e-02,0.000000000000000000e+00,-0.000000000000000000e+00,-0.000000000000000000e+00,-0.000000000000000000e+00,-0.000000000000000000e+00,-2.261130470973097550e-01,-0.000000000000000000e+00,0.000000000000000000e+00,-2.773747181786661020e-01,0.000000000000000000e+00,-0.000000000000000000e+00,-0.000000000000000000e+00,1.758302357881688316e+00,-2.866882570908294570e-01
-9.086356233531206472e-02,-9.494424668233232209e-03,-0.000000000000000000e+00,1.102072428361964423e-01,0.000000000000000000e+00,-0.000000000000000000e+00,-0.000000000000000000e+00,0.000000000000000000e+00,-5.287346542958877293e-01,-1.800134966281674020e-01,-0.000000000000000000e+00,-3.617296570617591911e-01,0.000000000000000000e+00,-0.000000000000000000e+00,-0.000000000000000000e+00,0.000000000000000000e+00,8.868525410924259222e-02,0.000000000000000000e+00,-1.387466901416019305e-01,-0.000000000000000000e+00,0.000000000000000000e+00,-0.000000000000000000e+00,-0.000000000000000000e+00,-0.000000000000000000e+00,-1.000545722511920338e-01,0.000000000000000000e+00,-3.547722265133924219e-02,4.492662589383709243e-02,-0.000000000000000000e+00,0.000000000000000000e+00,-2.703067325348103012e-01,-0.000000000000000000e+00,0.000000000000000000e+00,-0.000000000000000000e+00,-0.000000000000000000e+00,-0.000000000000000000e+00,-0.000000000000000000e+00,-2.866882570908294570e-01,2.018262113857108631e+00
