1.647678559769056417e+00,-1.111045884396076044e-01,-0.000000000000000000e+00,-0.000000000000000000e+00,-1.017869762494716390e-01,-5.462431252575981888e-02,-0.000000000000000000e+00,0.000000000000000000e+00,-1.087991978920293396e-01,-1.086799024441478662e-01,-1.290518734568562864e-01,4.092682787595826321e-02,0.000000000000000000e+00,-0.000000000000000000e+00,1.489979837171316601e-02,-1.181802344456013842e-01,-1.085236252886532943e-01,-8.346930504113857230e-02,-0.000000000000000000e+00,0.000000000000000000e+00,-0.000000000000000000e+00,-0.000000000000000000e+00,-0.000000000000000000e+00,-0.000000000000000000e+00,-0.000000000000000000e+00,-0.000000000000000000e+00,-0.000000000000000000e+00,0.000000000000000000e+00,0.000000000000000000e+00,-1.012700971668198668e-01,-0.000000000000000000e+00,-0.000000000000000000e+00,0.000000000000000000e+00,-5.253693992852072336e-02,-1.140608409934069922e-01,-1.411348407547012851e-01,-0.000000000000000000e+00,-1.344102489015679691e-01,-1.051756125106749346e-01
-1.111045884396076044e-01,1.611310174420945263e+00,-0.000000000000000000e+00,-0.000000000000000000e+00,-4.521411834491285975e-02,-0.000000000000000000e+00,-0.000000000000000000e+00,0.000000000000000000e+00,-1.192214078721851866e-01,-1.471467386899563135e-01,-6.673219209529607232e-02,1.166251617125848988e-01,5.159897728475159630e-03,-0.000000000000000000e+00,0.000000000000000000e+00,-1.284579126243248770e-01,-3.496180885826145196e-02,-9.173248169634280746e-02,-9.455342123329962822e-02,4.462161543559578503e-02,-0.000000000000000000e+00,-0.000000000000000000e+00,-0.000000000000000000e+00,-0.000000000000000000e+00,-0.000000000000000000e+00,-0.000000000000000000e+00,-0.000000000000000000e+00,0.000000000000000000e+00,0.000000000000000000e+00,-1.355081741310519561e-01,-0.000000000000000000e+00,-0.000000000000000000e+00,0.000000000000000000e+00,-0.000000000000000000e+00,-4.944389689169566976e-02,-7.027055682729464736e-02,-0.000000000000000000e+00,-1.360970411945518488e-01,-1.650261925033460753e-01
-0.000000000000000000e+00,-0.000000000000000000e+00,1.397318028945965240e+00,-0.000000000000000000e+00,-3.227637729591837507e-02,-1.867465532880135601e-02,-0.000000000000000000e+00,4.168185729981060406e-01,-0.000000000000000000e+00,-0.000000000000000000e+00,-0.000000000000000000e+00,0.000000000000000000e+00,-0.000000000000000000e+00,-1.280807697128384104e-01,0.000000000000000000e+00,-0.000000000000000000e+00,-0.000000000000000000e+00,-0.000000000000000000e+00,-0.000000000000000000e+00,0.000000000000000000e+00,-1.111003961641809784e-01,-1.140191918024440476e-01,-1.261695849085131826e-01,-7.486500008805105355e-02,-7.569420348458741343e-02,-8.064455673359123555e-02,-1.208523031410736470e-01,-0.000000000000000000e+00,-0.000000000000000000e+00,-0.000000000000000000e+00,-7.764826808364924671e-02,-3.057561979149545084e-02,-0.000000000000000000e+00,-4.141305332631281533e-02,-0.000000000000000000e+00,-0.000000000000000000e+00,-0.000000000000000000e+00,-0.000000000000000000e+00,-0.000000000000000000e+00
-0.000000000000000000e+00,-0.000000000000000000e+00,-0.000000000000000000e+00,1.032906722315354964e+00,-0.000000000000000000e+00,-0.000000000000000000e+00,-8.776777114572337224e-02,-0.000000000000000000e+00,-0.000000000000000000e+00,-0.000000000000000000e+00,-0.000000000000000000e+00,0.000000000000000000e+00,0.000000000000000000e+00,0.000000000000000000e+00,1.051438632703531259e-02,-0.000000000000000000e+00,-0.000000000000000000e+00,-4.002381438971989308e-02,-1.376053596432782189e-01,0.000000000000000000e+00,-0.000000000000000000e+00,-0.000000000000000000e+00,-0.000000000000000000e+00,-0.000000000000000000e+00,-0.000000000000000000e+00,0.000000000000000000e+00,-0.000000000000000000e+00,8.863560169117167681e-03,0.000000000000000000e+00,-0.000000000000000000e+00,0.000000000000000000e+00,0.000000000000000000e+00,0.000000000000000000e+00,-0.000000000000000000e+00,-0.000000000000000000e+00,-0.000000000000000000e+00,-0.000000000000000000e+00,-0.000000000000000000e+00,-0.000000000000000000e+00
-1.017869762494716390e-01,-4.521411834491285975e-02,-3.227637729591837507e-02,-0.000000000000000000e+00,1.601248328891869743e+00,-9.746065428586100921e-02,-0.000000000000000000e+00,0.000000000000000000e+00,-9.825338053383686487e-02,-1.022035430590399196e-01,-1.018604003757004051e-01,0.000000000000000000e+00,0.000000000000000000e+00,-0.000000000000000000e+00,9.575863155566571860e-02,-1.049528891332641017e-01,-9.686781015631314162e-02,-3.923370931766004960e-02,-0.000000000000000000e+00,0.000000000000000000e+00,-0.000000000000000000e+00,-0.000000000000000000e+00,-1.165432343588312658e-01,-0.000000000000000000e+00,-0.000000000000000000e+00,-0.000000000000000000e+00,-2.063521376701191873e-02,0.000000000000000000e+00,-0.000000000000000000e+00,-9.455034883725560446e-02,-0.000000000000000000e+00,-0.000000000000000000e+00,0.000000000000000000e+00,-1.906368353160810825e-01,-8.237901794846491654e-02,-1.564093891711352269e-01,-1.163849296974536762e-02,-1.674494569515991294e-02,-4.479098773829179314e-02
-5.462431252575981888e-02,-0.000000000000000000e+00,-1.867465532880135601e-02,-0.000000000000000000e+00,-9.746065428586100921e-02,1.433062896365278505e+00,-0.000000000000000000e+00,0.000000000000000000e+00,-0.000000000000000000e+00,-1.975100517784293686e-02,-1.633066512512472146e-01,0.000000000000000000e+00,0.000000000000000000e+00,-1.226663269928126958e-02,6.843354136900355045e-02,-3.225245845495611219e-02,-1.887094292946821239e-01,-1.541581648049858595e-02,-0.000000000000000000e+00,0.000000000000000000e+00,-0.000000000000000000e+00,-0.000000000000000000e+00,-1.896259083701066772e-01,-2.107274640909512914e-02,-0.000000000000000000e+00,-1.383375399407265130e-03,-6.279151530531716652e-02,0.000000000000000000e+00,-0.000000000000000000e+00,-4.067601804502063607e-03,-2.850639151332697019e-02,-0.000000000000000000e+00,0.000000000000000000e+00,-4.714037027785673156e-02,-1.000770095769455831e-01,-6.967213322987304835e-02,-1.254877575256652389e-01,-0.000000000000000000e+00,-0.000000000000000000e+00
-0.000000000000000000e+00,-0.000000000000000000e+00,-0.000000000000000000e+00,-8.776777114572337224e-02,-0.000000000000000000e+00,-0.000000000000000000e+00,1.010761268314565697e+00,0.000000000000000000e+00,-0.000000000000000000e+00,-0.000000000000000000e+00,-0.000000000000000000e+00,0.000000000000000000e+00,-0.000000000000000000e+00,-0.000000000000000000e+00,0.000000000000000000e+00,-0.000000000000000000e+00,-0.000000000000000000e+00,-4.692254928817087001e-02,-0.000000000000000000e+00,-0.000000000000000000e+00,-0.000000000000000000e+00,-1.324628161861112104e-02,-0.000000000000000000e+00,-0.000000000000000000e+00,-0.000000000000000000e+00,-0.000000000000000000e+00,-0.000000000000000000e+00,0.000000000000000000e+00,-0.000000000000000000e+00,-0.000000000000000000e+00,-0.000000000000000000e+00,-0.000000000000000000e+00,0.000000000000000000e+00,-0.000000000000000000e+00,-0.000000000000000000e+00,-0.000000000000000000e+00,-0.000000000000000000e+00,-0.000000000000000000e+00,-0.000000000000000000e+00
0.000000000000000000e+00,0.000000000000000000e+00,4.168185729981060406e-01,-0.000000000000000000e+00,0.000000000000000000e+00,0.000000000000000000e+00,0.000000000000000000e+00,1.306789593703421293e+00,0.000000000000000000e+00,0.000000000000000000e+00,0.000000000000000000e+00,-0.000000000000000000e+00,0.000000000000000000e+00,8.175426731908884415e-02,-0.000000000000000000e+00,0.000000000000000000e+00,0.000000000000000000e+00,0.000000000000000000e+00,-0.000000000000000000e+00,0.000000000000000000e+00,2.591823906701301583e-01,8.264313894794381166e-02,0.000000000000000000e+00,0.000000000000000000e+00,5.752172961930960421e-02,0.000000000000000000e+00,0.000000000000000000e+00,0.000000000000000000e+00,0.000000000000000000e+00,0.000000000000000000e+00,2.281779502226969139e-02,0.000000000000000000e+00,1.261709435887732877e-01,0.000000000000000000e+00,0.000000000000000000e+00,0.000000000000000000e+00,0.000000000000000000e+00,0.000000000000000000e+00,0.000000000000000000e+00
-1.087991978920293396e-01,-1.192214078721851866e-01,-0.000000000000000000e+00,-0.000000000000000000e+00,-9.825338053383686487e-02,-0.000000000000000000e+00,-0.000000000000000000e+00,0.000000000000000000e+00,1.628830776627961718e+00,-1.056463514346967086e-01,-2.539071470901748881e-02,1.038589312012911936e-01,0.000000000000000000e+00,-0.000000000000000000e+00,5.520057884727519459e-02,-1.243616805991332869e-01,-3.319063013074362301e-02,-1.153012356987724446e-01,-3.985811773102094363e-02,0.000000000000000000e+00,-0.000000000000000000e+00,-0.000000000000000000e+00,-0.000000000000000000e+00,-0.000000000000000000e+00,-0.000000000000000000e+00,-0.000000000000000000e+00,-0.000000000000000000e+00,0.000000000000000000e+00,0.000000000000000000e+00,-1.573363605657392417e-01,-0.000000000000000000e+00,-0.000000000000000000e+00,0.000000000000000000e+00,-7.771998405426520928e-02,-3.426729281137879529e-02,-8.405790215795369558e-02,-0.000000000000000000e+00,-1.599039224839415851e-01,-1.483070300736082647e-01
-1.086799024441478662e-01,-1.471467386899563135e-01,-0.000000000000000000e+00,-0.000000000000000000e+00,-1.022035430590399196e-01,-1.975100517784293686e-02,-0.000000000000000000e+00,0.000000000000000000e+00,-1.056463514346967086e-01,1.652708084421087520e+00,-8.496843593585880205e-02,8.977166987577907264e-02,0.000000000000000000e+00,-0.000000000000000000e+00,3.822511127001655684e-02,-1.612104185500565223e-01,-7.486780158081728087e-02,-9.387099586966389519e-02,-6.334629349675663379e-02,0.000000000000000000e+00,-0.000000000000000000e+00,-0.000000000000000000e+00,-0.000000000000000000e+00,-0.000000000000000000e+00,-0.000000000000000000e+00,-0.000000000000000000e+00,-0.000000000000000000e+00,0.000000000000000000e+00,0.000000000000000000e+00,-1.462031689755093899e-01,-0.000000000000000000e+00,-0.000000000000000000e+00,0.000000000000000000e+00,-0.000000000000000000e+00,-7.312015493192662585e-02,-5.813482735879628438e-02,-0.000000000000000000e+00,-1.189732039726879576e-01,-1.356917290478005522e-01
-1.290518734568562864e-01,-6.673219209529607232e-02,-0.000000000000000000e+00,-0.000000000000000000e+00,-1.018604003757004051e-01,-1.633066512512472146e-01,-0.000000000000000000e+00,0.000000000000000000e+00,-2.539071470901748881e-02,-8.496843593585880205e-02,1.532130756328788479e+00,0.000000000000000000e+00,0.000000000000000000e+00,-0.000000000000000000e+00,1.012431246081422175e-02,-7.223549823830210936e-02,-2.338708053638589857e-01,-5.405975446247101440e-02,-0.000000000000000000e+00,0.000000000000000000e+00,-0.000000000000000000e+00,-0.000000000000000000e+00,-7.031955840052328544e-02,-1.029455275168565109e-01,-0.000000000000000000e+00,-2.540974440053719516e-02,-1.149474833360720864e-02,0.000000000000000000e+00,-0.000000000000000000e+00,-3.223476011520343132e-02,-0.000000000000000000e+00,-0.000000000000000000e+00,0.000000000000000000e+00,-9.446127151909445435e-03,-5.129390549973673885e-02,-1.352702432905933672e-01,-2.529197476346885937e-02,-2.430549263112620484e-02,-3.528790100771052318e-02
4.092682787595826321e-02,1.166251617125848988e-01,0.000000000000000000e+00,0.000000000000000000e+00,0.000000000000000000e+00,0.000000000000000000e+00,0.000000000000000000e+00,-0.000000000000000000e+00,1.038589312012911936e-01,8.977166987577907264e-02,0.000000000000000000e+00,1.410030312922724294e+00,-0.000000000000000000e+00,0.000000000000000000e+00,-5.367973361915891889e-02,6.279137047798150073e-02,0.000000000000000000e+00,1.236691628884540803e-02,2.347710466879932567e-01,-9.791489001299034933e-02,0.000000000000000000e+00,0.000000000000000000e+00,0.000000000000000000e+00,0.000000000000000000e+00,0.000000000000000000e+00,0.000000000000000000e+00,0.000000000000000000e+00,-1.345101904735832195e-02,-0.000000000000000000e+00,1.153558024694866790e-01,0.000000000000000000e+00,0.000000000000000000e+00,-0.000000000000000000e+00,0.000000000000000000e+00,0.000000000000000000e+00,0.000000000000000000e+00,0.000000000000000000e+00,1.403441578864966510e-01,1.352078934510791974e-01
0.000000000000000000e+00,5.159897728475159630e-03,-0.000000000000000000e+00,0.000000000000000000e+00,0.000000000000000000e+00,0.000000000000000000e+00,-0.000000000000000000e+00,0.000000000000000000e+00,0.000000000000000000e+00,0.000000000000000000e+00,0.000000000000000000e+00,-0.000000000000000000e+00,1.025793447259123470e+00,-0.000000000000000000e+00,-0.000000000000000000e+00,1.463454991256725110e-02,0.000000000000000000e+00,0.000000000000000000e+00,1.486376481991624927e-02,-9.397302793205011828e-02,-0.000000000000000000e+00,-0.000000000000000000e+00,0.000000000000000000e+00,0.000000000000000000e+00,-0.000000000000000000e+00,-0.000000000000000000e+00,-0.000000000000000000e+00,-1.063767756178090329e-01,-0.000000000000000000e+00,2.408863960296164872e-03,-0.000000000000000000e+00,-0.000000000000000000e+00,-3.280196778821012349e-02,0.000000000000000000e+00,0.000000000000000000e+00,0.000000000000000000e+00,0.000000000000000000e+00,2.907231445519176116e-02,0.000000000000000000e+00
-0.000000000000000000e+00,-0.000000000000000000e+00,-1.280807697128384104e-01,0.000000000000000000e+00,-0.000000000000000000e+00,-1.226663269928126958e-02,-0.000000000000000000e+00,8.175426731908884415e-02,-0.000000000000000000e+00,-0.000000000000000000e+00,-0.000000000000000000e+00,0.000000000000000000e+00,-0.000000000000000000e+00,1.122563886306819025e+00,0.000000000000000000e+00,-0.000000000000000000e+00,-0.000000000000000000e+00,-0.000000000000000000e+00,-0.000000000000000000e+00,0.000000000000000000e+00,-0.000000000000000000e+00,-0.000000000000000000e+00,-6.867779120827739725e-02,-1.073198041407244160e-02,-4.882990931242834481e-02,-9.639637201732018101e-02,-5.723402207707146278e-02,-0.000000000000000000e+00,-0.000000000000000000e+00,-0.000000000000000000e+00,-8.382364087297357325e-02,-7.348615558073796905e-02,-0.000000000000000000e+00,-0.000000000000000000e+00,-0.000000000000000000e+00,-0.000000000000000000e+00,-0.000000000000000000e+00,-0.000000000000000000e+00,-0.000000000000000000e+00
1.489979837171316601e-02,0.000000000000000000e+00,0.000000000000000000e+00,1.051438632703531259e-02,9.575863155566571860e-02,6.843354136900355045e-02,0.000000000000000000e+00,-0.000000000000000000e+00,5.520057884727519459e-02,3.822511127001655684e-02,1.012431246081422175e-02,-5.367973361915891889e-02,-0.000000000000000000e+00,0.000000000000000000e+00,1.189760585158292860e+00,2.608387321404032066e-02,1.885036291173811454e-02,1.583030531039662236e-01,0.000000000000000000e+00,-0.000000000000000000e+00,0.000000000000000000e+00,6.116394260371211394e-02,7.420072124397349145e-02,0.000000000000000000e+00,0.000000000000000000e+00,0.000000000000000000e+00,0.000000000000000000e+00,-0.000000000000000000e+00,-0.000000000000000000e+00,2.501470296282417433e-02,0.000000000000000000e+00,0.000000000000000000e+00,-0.000000000000000000e+00,0.000000000000000000e+00,8.462686656754557502e-03,0.000000000000000000e+00,0.000000000000000000e+00,1.198183375436765070e-02,7.129913947601072832e-02
-1.181802344456013842e-01,-1.284579126243248770e-01,-0.000000000000000000e+00,-0.000000000000000000e+00,-1.049528891332641017e-01,-3.225245845495611219e-02,-0.000000000000000000e+00,0.000000000000000000e+00,-1.243616805991332869e-01,-1.612104185500565223e-01,-7.223549823830210936e-02,6.279137047798150073e-02,1.463454991256725110e-02,-0.000000000000000000e+00,2.608387321404032066e-02,1.656134555612597481e+00,-8.212885329646871235e-02,-1.064057538320257040e-01,-5.605070019049582242e-02,0.000000000000000000e+00,-0.000000000000000000e+00,-0.000000000000000000e+00,-0.000000000000000000e+00,-0.000000000000000000e+00,-0.000000000000000000e+00,-0.000000000000000000e+00,-0.000000000000000000e+00,0.000000000000000000e+00,0.000000000000000000e+00,-1.558089423381055216e-01,-0.000000000000000000e+00,-0.000000000000000000e+00,0.000000000000000000e+00,-0.000000000000000000e+00,-7.933506375975356295e-02,-6.650472096428061697e-02,-0.000000000000000000e+00,-1.222166014016137919e-01,-1.222021765180293651e-01
-1.085236252886532943e-01,-3.496180885826145196e-02,-0.000000000000000000e+00,-0.000000000000000000e+00,-9.686781015631314162e-02,-1.887094292946821239e-01,-0.000000000000000000e+00,0.000000000000000000e+00,-3.319063013074362301e-02,-7.486780158081728087e-02,-2.338708053638589857e-01,0.000000000000000000e+00,0.000000000000000000e+00,-0.000000000000000000e+00,1.885036291173811454e-02,-8.212885329646871235e-02,1.570550004688983980e+00,-3.864572936387603019e-02,-0.000000000000000000e+00,0.000000000000000000e+00,-0.000000000000000000e+00,-0.000000000000000000e+00,-1.290972469831483393e-01,-6.985118389672385908e-02,-0.000000000000000000e+00,-5.388106761365923231e-02,-2.402306156029450357e-02,0.000000000000000000e+00,-0.000000000000000000e+00,-4.564420938417163703e-02,-0.000000000000000000e+00,-0.000000000000000000e+00,0.000000000000000000e+00,-7.643597689614432811e-02,-6.985139960003247661e-02,-1.071821533599988940e-01,-5.178493532416212491e-02,-1.319969963236810283e-02,-2.620894273585439374e-02
-8.346930504113857230e-02,-9.173248169634280746e-02,-0.000000000000000000e+00,-4.002381438971989308e-02,-3.923370931766004960e-02,-1.541581648049858595e-02,-4.692254928817087001e-02,0.000000000000000000e+00,-1.153012356987724446e-01,-9.387099586966389519e-02,-5.405975446247101440e-02,1.236691628884540803e-02,0.000000000000000000e+00,-0.000000000000000000e+00,1.583030531039662236e-01,-1.064057538320257040e-01,-3.864572936387603019e-02,1.490930944234569289e+00,-1.022355143224725205e-01,0.000000000000000000e+00,-0.000000000000000000e+00,-0.000000000000000000e+00,-0.000000000000000000e+00,-0.000000000000000000e+00,-0.000000000000000000e+00,-0.000000000000000000e+00,-0.000000000000000000e+00,0.000000000000000000e+00,0.000000000000000000e+00,-1.000622718097967934e-01,-0.000000000000000000e+00,-0.000000000000000000e+00,0.000000000000000000e+00,-0.000000000000000000e+00,-6.999670769086889510e-02,-7.444614159111201217e-03,-0.000000000000000000e+00,-1.274524120124570226e-01,-1.250450465348551810e-01
-0.000000000000000000e+00,-9.455342123329962822e-02,-0.000000000000000000e+00,-1.376053596432782189e-01,-0.000000000000000000e+00,-0.000000000000000000e+00,-0.000000000000000000e+00,-0.000000000000000000e+00,-3.985811773102094363e-02,-6.334629349675663379e-02,-0.000000000000000000e+00,2.347710466879932567e-01,1.486376481991624927e-02,-0.000000000000000000e+00,0.000000000000000000e+00,-5.605070019049582242e-02,-0.000000000000000000e+00,-1.022355143224725205e-01,1.370736043175410757e+00,0.000000000000000000e+00,-0.000000000000000000e+00,-0.000000000000000000e+00,-0.000000000000000000e+00,-0.000000000000000000e+00,-0.000000000000000000e+00,-0.000000000000000000e+00,-0.000000000000000000e+00,5.105274109504464447e-02,0.000000000000000000e+00,-9.870303230230446923e-02,-0.000000000000000000e+00,-0.000000000000000000e+00,7.265032637825208361e-02,-0.000000000000000000e+00,-0.000000000000000000e+00,-0.000000000000000000e+00,-0.000000000000000000e+00,-1.444012051002370178e-01,-1.369460823399164529e-01
0.000000000000000000e+00,4.462161543559578503e-02,0.000000000000000000e+00,0.000000000000000000e+00,0.000000000000000000e+00,0.000000000000000000e+00,-0.000000000000000000e+00,0.000000000000000000e+00,0.000000000000000000e+00,0.000000000000000000e+00,0.000000000000000000e+00,-9.791489001299034933e-02,-9.397302793205011828e-02,0.000000000000000000e+00,-0.000000000000000000e+00,0.000000000000000000e+00,0.000000000000000000e+00,0.000000000000000000e+00,0.000000000000000000e+00,1.025572707091304103e+00,-0.000000000000000000e+00,-0.000000000000000000e+00,0.000000000000000000e+00,0.000000000000000000e+00,0.000000000000000000e+00,0.000000000000000000e+00,0.000000000000000000e+00,-6.135446882538726256e-03,-0.000000000000000000e+00,1.024190468923474352e-02,0.000000000000000000e+00,0.000000000000000000e+00,-0.000000000000000000e+00,0.000000000000000000e+00,0.000000000000000000e+00,0.000000000000000000e+00,0.000000000000000000e+00,0.000000000000000000e+00,0.000000000000000000e+00
-0.000000000000000000e+00,-0.000000000000000000e+00,-1.111003961641809784e-01,-0.000000000000000000e+00,-0.000000000000000000e+00,-0.000000000000000000e+00,-0.000000000000000000e+00,2.591823906701301583e-01,-0.000000000000000000e+00,-0.000000000000000000e+00,-0.000000000000000000e+00,0.000000000000000000e+00,-0.000000000000000000e+00,-0.000000000000000000e+00,0.000000000000000000e+00,-0.000000000000000000e+00,-0.000000000000000000e+00,-0.000000000000000000e+00,-0.000000000000000000e+00,-0.000000000000000000e+00,1.198575432846196831e+00,-2.920124407314655390e-01,-0.000000000000000000e+00,-0.000000000000000000e+00,-0.000000000000000000e+00,-0.000000000000000000e+00,-0.000000000000000000e+00,-0.000000000000000000e+00,-0.000000000000000000e+00,-0.000000000000000000e+00,-0.000000000000000000e+00,-0.000000000000000000e+00,-4.811854254612704662e-02,-0.000000000000000000e+00,-0.000000000000000000e+00,-0.000000000000000000e+00,-0.000000000000000000e+00,-0.000000000000000000e+00,-0.000000000000000000e+00
-0.000000000000000000e+00,-0.000000000000000000e+00,-1.140191918024440476e-01,-0.000000000000000000e+00,-0.000000000000000000e+00,-0.000000000000000000e+00,-1.324628161861112104e-02,8.264313894794381166e-02,-0.000000000000000000e+00,-0.000000000000000000e+00,-0.000000000000000000e+00,0.000000000000000000e+00,-0.000000000000000000e+00,-0.000000000000000000e+00,6.116394260371211394e-02,-0.000000000000000000e+00,-0.000000000000000000e+00,-0.000000000000000000e+00,-0.000000000000000000e+00,-0.000000000000000000e+00,-2.920124407314655390e-01,1.132659456037748313e+00,-0.000000000000000000e+00,-0.000000000000000000e+00,-0.000000000000000000e+00,-0.000000000000000000e+00,-0.000000000000000000e+00,-0.000000000000000000e+00,-0.000000000000000000e+00,-0.000000000000000000e+00,-0.000000000000000000e+00,-0.000000000000000000e+00,-0.000000000000000000e+00,-0.000000000000000000e+00,-0.000000000000000000e+00,-0.000000000000000000e+00,-0.000000000000000000e+00,-0.000000000000000000e+00,-0.000000000000000000e+00
-0.000000000000000000e+00,-0.000000000000000000e+00,-1.261695849085131826e-01,-0.000000000000000000e+00,-1.165432343588312658e-01,-1.896259083701066772e-01,-0.000000000000000000e+00,0.000000000000000000e+00,-0.000000000000000000e+00,-0.000000000000000000e+00,-7.031955840052328544e-02,0.000000000000000000e+00,0.000000000000000000e+00,-6.867779120827739725e-02,7.420072124397349145e-02,-0.000000000000000000e+00,-1.290972469831483393e-01,-0.000000000000000000e+00,-0.000000000000000000e+00,0.000000000000000000e+00,-0.000000000000000000e+00,-0.000000000000000000e+00,1.438822928721666061e+00,-1.067355503347337670e-01,-1.645938066133418864e-01,-1.065736930951907274e-01,-1.302902504297241415e-01,-0.000000000000000000e+00,-0.000000000000000000e+00,-0.000000000000000000e+00,-6.090293743941128241e-02,-0.000000000000000000e+00,-0.000000000000000000e+00,-1.118198175677830725e-02,-7.020641714942024714e-02,-4.379107786393406088e-02,-3.732029741006650386e-02,-0.000000000000000000e+00,-0.000000000000000000e+00
-0.000000000000000000e+00,-0.000000000000000000e+00,-7.486500008805105355e-02,-0.000000000000000000e+00,-0.000000000000000000e+00,-2.107274640909512914e-02,-0.000000000000000000e+00,0.000000000000000000e+00,-0.000000000000000000e+00,-0.000000000000000000e+00,-1.029455275168565109e-01,0.000000000000000000e+00,0.000000000000000000e+00,-1.073198041407244160e-02,0.000000000000000000e+00,-0.000000000000000000e+00,-6.985118389672385908e-02,-0.000000000000000000e+00,-0.000000000000000000e+00,0.000000000000000000e+00,-0.000000000000000000e+00,-0.000000000000000000e+00,-1.067355503347337670e-01,1.251738675805174728e+00,-5.221706470961437474e-02,-1.427858045541226251e-01,-1.185266102730505866e-01,-0.000000000000000000e+00,-0.000000000000000000e+00,-0.000000000000000000e+00,-0.000000000000000000e+00,-6.741609541107512760e-02,-0.000000000000000000e+00,-0.000000000000000000e+00,-5.176686943239854066e-02,-7.832665662656809746e-02,-9.051813308762027277e-02,-0.000000000000000000e+00,-0.000000000000000000e+00
-0.000000000000000000e+00,-0.000000000000000000e+00,-7.569420348458741343e-02,-0.000000000000000000e+00,-0.000000000000000000e+00,-0.000000000000000000e+00,-0.000000000000000000e+00,5.752172961930960421e-02,-0.000000000000000000e+00,-0.000000000000000000e+00,-0.000000000000000000e+00,0.000000000000000000e+00,-0.000000000000000000e+00,-4.882990931242834481e-02,0.000000000000000000e+00,-0.000000000000000000e+00,-0.000000000000000000e+00,-0.000000000000000000e+00,-0.000000000000000000e+00,0.000000000000000000e+00,-0.000000000000000000e+00,-0.000000000000000000e+00,-1.645938066133418864e-01,-5.221706470961437474e-02,1.104814653400988167e+00,-0.000000000000000000e+00,-9.486008955878597049e-02,-0.000000000000000000e+00,-0.000000000000000000e+00,-0.000000000000000000e+00,-3.841517665309051449e-02,-4.042155542293040388e-02,-0.000000000000000000e+00,-0.000000000000000000e+00,-0.000000000000000000e+00,-0.000000000000000000e+00,-0.000000000000000000e+00,-0.000000000000000000e+00,-0.000000000000000000e+00
-0.000000000000000000e+00,-0.000000000000000000e+00,-8.064455673359123555e-02,0.000000000000000000e+00,-0.000000000000000000e+00,-1.383375399407265130e-03,-0.000000000000000000e+00,0.000000000000000000e+00,-0.000000000000000000e+00,-0.000000000000000000e+00,-2.540974440053719516e-02,0.000000000000000000e+00,-0.000000000000000000e+00,-9.639637201732018101e-02,0.000000000000000000e+00,-0.000000000000000000e+00,-5.388106761365923231e-02,-0.000000000000000000e+00,-0.000000000000000000e+00,0.000000000000000000e+00,-0.000000000000000000e+00,-0.000000000000000000e+00,-1.065736930951907274e-01,-1.427858045541226251e-01,-0.000000000000000000e+00,1.307877086301897362e+00,-1.926367366389943325e-01,-0.000000000000000000e+00,-0.000000000000000000e+00,-0.000000000000000000e+00,-1.331038887187930286e-01,-1.294364621157592377e-01,-0.000000000000000000e+00,-3.421844556571693174e-02,-0.000000000000000000e+00,-3.478107155628171188e-02,-1.147408265543023859e-01,-0.000000000000000000e+00,-0.000000000000000000e+00
-0.000000000000000000e+00,-0.000000000000000000e+00,-1.208523031410736470e-01,-0.000000000000000000e+00,-2.063521376701191873e-02,-6.279151530531716652e-02,-0.000000000000000000e+00,0.000000000000000000e+00,-0.000000000000000000e+00,-0.000000000000000000e+00,-1.149474833360720864e-02,0.000000000000000000e+00,-0.000000000000000000e+00,-5.723402207707146278e-02,0.000000000000000000e+00,-0.000000000000000000e+00,-2.402306156029450357e-02,-0.000000000000000000e+00,-0.000000000000000000e+00,0.000000000000000000e+00,-0.000000000000000000e+00,-0.000000000000000000e+00,-1.302902504297241415e-01,-1.185266102730505866e-01,-9.486008955878597049e-02,-1.926367366389943325e-01,1.439852103713770815e+00,-0.000000000000000000e+00,-0.000000000000000000e+00,-0.000000000000000000e+00,-2.129602901527497816e-01,-1.762535931003803846e-01,-0.000000000000000000e+00,-8.491806509757346411e-02,-7.314256182524546401e-02,-6.842881451503618484e-02,-7.892538634433500511e-02,-0.000000000000000000e+00,-0.000000000000000000e+00
0.000000000000000000e+00,0.000000000000000000e+00,-0.000000000000000000e+00,8.863560169117167681e-03,0.000000000000000000e+00,0.000000000000000000e+00,0.000000000000000000e+00,0.000000000000000000e+00,0.000000000000000000e+00,0.000000000000000000e+00,0.000000000000000000e+00,-1.345101904735832195e-02,-1.063767756178090329e-01,-0.000000000000000000e+00,-0.000000000000000000e+00,0.000000000000000000e+00,0.000000000000000000e+00,0.000000000000000000e+00,5.105274109504464447e-02,-6.135446882538726256e-03,-0.000000000000000000e+00,-0.000000000000000000e+00,-0.000000000000000000e+00,-0.000000000000000000e+00,-0.000000000000000000e+00,-0.000000000000000000e+00,-0.000000000000000000e+00,1.071068666466740149e+00,-2.083319573578868711e-01,0.000000000000000000e+00,-0.000000000000000000e+00,-0.000000000000000000e+00,-1.126958784134075575e-01,0.000000000000000000e+00,0.000000000000000000e+00,0.000000000000000000e+00,-0.000000000000000000e+00,0.000000000000000000e+00,0.000000000000000000e+00
0.000000000000000000e+00,0.000000000000000000e+00,-0.000000000000000000e+00,0.000000000000000000e+00,-0.000000000000000000e+00,-0.000000000000000000e+00,-0.000000000000000000e+00,0.000000000000000000e+00,0.000000000000000000e+00,0.000000000000000000e+00,-0.000000000000000000e+00,-0.000000000000000000e+00,-0.000000000000000000e+00,-0.000000000000000000e+00,-0.000000000000000000e+00,0.000000000000000000e+00,-0.000000000000000000e+00,0.000000000000000000e+00,0.000000000000000000e+00,-0.000000000000000000e+00,-0.000000000000000000e+00,-0.000000000000000000e+00,-0.000000000000000000e+00,-0.000000000000000000e+00,-0.000000000000000000e+00,-0.000000000000000000e+00,-0.000000000000000000e+00,-2.083319573578868711e-01,1.105269321370965230e+00,0.000000000000000000e+00,-0.000000000000000000e+00,-2.604830735811958786e-01,-4.441335409027493547e-03,-0.000000000000000000e+00,-0.000000000000000000e+00,-0.000000000000000000e+00,-0.000000000000000000e+00,0.000000000000000000e+00,0.000000000000000000e+00
-1.012700971668198668e-01,-1.355081741310519561e-01,-0.000000000000000000e+00,-0.000000000000000000e+00,-9.455034883725560446e-02,-4.067601804502063607e-03,-0.000000000000000000e+00,0.000000000000000000e+00,-1.573363605657392417e-01,-1.462031689755093899e-01,-3.223476011520343132e-02,1.153558024694866790e-01,2.408863960296164872e-03,-0.000000000000000000e+00,2.501470296282417433e-02,-1.558089423381055216e-01,-4.564420938417163703e-02,-1.000622718097967934e-01,-9.870303230230446923e-02,1.024190468923474352e-02,-0.000000000000000000e+00,-0.000000000000000000e+00,-0.000000000000000000e+00,-0.000000000000000000e+00,-0.000000000000000000e+00,-0.000000000000000000e+00,-0.000000000000000000e+00,0.000000000000000000e+00,0.000000000000000000e+00,1.647487889991297028e+00,-0.000000000000000000e+00,-0.000000000000000000e+00,0.000000000000000000e+00,-0.000000000000000000e+00,-6.947444623682970388e-02,-3.175874639686589868e-02,-0.000000000000000000e+00,-1.365361959473406217e-01,-1.423181711631613111e-01
-0.000000000000000000e+00,-0.000000000000000000e+00,-7.764826808364924671e-02,0.000000000000000000e+00,-0.000000000000000000e+00,-2.850639151332697019e-02,-0.000000000000000000e+00,2.281779502226969139e-02,-0.000000000000000000e+00,-0.000000000000000000e+00,-0.000000000000000000e+00,0.000000000000000000e+00,-0.000000000000000000e+00,-8.382364087297357325e-02,0.000000000000000000e+00,-0.000000000000000000e+00,-0.000000000000000000e+00,-0.000000000000000000e+00,-0.000000000000000000e+00,0.000000000000000000e+00,-0.000000000000000000e+00,-0.000000000000000000e+00,-6.090293743941128241e-02,-0.000000000000000000e+00,-3.841517665309051449e-02,-1.331038887187930286e-01,-2.129602901527497816e-01,-0.000000000000000000e+00,-0.000000000000000000e+00,-0.000000000000000000e+00,1.162467989376156918e+00,-5.678246790162710944e-02,-0.000000000000000000e+00,-0.000000000000000000e+00,-0.000000000000000000e+00,-0.000000000000000000e+00,-0.000000000000000000e+00,-0.000000000000000000e+00,-0.000000000000000000e+00
-0.000000000000000000e+00,-0.000000000000000000e+00,-3.057561979149545084e-02,0.000000000000000000e+00,-0.000000000000000000e+00,-0.000000000000000000e+00,-0.000000000000000000e+00,0.000000000000000000e+00,-0.000000000000000000e+00,-0.000000000000000000e+00,-0.000000000000000000e+00,0.000000000000000000e+00,-0.000000000000000000e+00,-7.348615558073796905e-02,0.000000000000000000e+00,-0.000000000000000000e+00,-0.000000000000000000e+00,-0.000000000000000000e+00,-0.000000000000000000e+00,0.000000000000000000e+00,-0.000000000000000000e+00,-0.000000000000000000e+00,-0.000000000000000000e+00,-6.741609541107512760e-02,-4.042155542293040388e-02,-1.294364621157592377e-01,-1.762535931003803846e-01,-0.000000000000000000e+00,-2.604830735811958786e-01,-0.000000000000000000e+00,-5.678246790162710944e-02,1.248819218814386955e+00,-0.000000000000000000e+00,-0.000000000000000000e+00,-0.000000000000000000e+00,-0.000000000000000000e+00,-1.989079315646984369e-01,-0.000000000000000000e+00,-0.000000000000000000e+00
0.000000000000000000e+00,0.000000000000000000e+00,-0.000000000000000000e+00,0.000000000000000000e+00,0.000000000000000000e+00,0.000000000000000000e+00,0.000000000000000000e+00,1.261709435887732877e-01,0.000000000000000000e+00,0.000000000000000000e+00,0.000000000000000000e+00,-0.000000000000000000e+00,-3.280196778821012349e-02,-0.000000000000000000e+00,-0.000000000000000000e+00,0.000000000000000000e+00,0.000000000000000000e+00,0.000000000000000000e+00,7.265032637825208361e-02,-0.000000000000000000e+00,-4.811854254612704662e-02,-0.000000000000000000e+00,-0.000000000000000000e+00,-0.000000000000000000e+00,-0.000000000000000000e+00,-0.000000000000000000e+00,-0.000000000000000000e+00,-1.126958784134075575e-01,-4.441335409027493547e-03,0.000000000000000000e+00,-0.000000000000000000e+00,-0.000000000000000000e+00,1.041706365629426090e+00,0.000000000000000000e+00,0.000000000000000000e+00,0.000000000000000000e+00,0.000000000000000000e+00,0.000000000000000000e+00,0.000000000000000000e+00
-5.253693992852072336e-02,-0.000000000000000000e+00,-4.141305332631281533e-02,-0.000000000000000000e+00,-1.906368353160810825e-01,-4.714037027785673156e-02,-0.000000000000000000e+00,0.000000000000000000e+00,-7.771998405426520928e-02,-0.000000000000000000e+00,-9.446127151909445435e-03,0.000000000000000000e+00,0.000000000000000000e+00,-0.000000000000000000e+00,0.000000000000000000e+00,-0.000000000000000000e+00,-7.643597689614432811e-02,-0.000000000000000000e+00,-0.000000000000000000e+00,0.000000000000000000e+00,-0.000000000000000000e+00,-0.000000000000000000e+00,-1.118198175677830725e-02,-0.000000000000000000e+00,-0.000000000000000000e+00,-3.421844556571693174e-02,-8.491806509757346411e-02,0.000000000000000000e+00,-0.000000000000000000e+00,-0.000000000000000000e+00,-0.000000000000000000e+00,-0.000000000000000000e+00,0.000000000000000000e+00,1.265875872073080055e+00,-1.465028188545136785e-02,-1.946762379393160991e-01,-8.174219828210975425e-02,-0.000000000000000000e+00,-0.000000000000000000e+00
-1.140608409934069922e-01,-4.944389689169566976e-02,-0.000000000000000000e+00,-0.000000000000000000e+00,-8.237901794846491654e-02,-1.000770095769455831e-01,-0.000000000000000000e+00,0.000000000000000000e+00,-3.426729281137879529e-02,-7.312015493192662585e-02,-5.129390549973673885e-02,0.000000000000000000e+00,0.000000000000000000e+00,-0.000000000000000000e+00,8.462686656754557502e-03,-7.933506375975356295e-02,-6.985139960003247661e-02,-6.999670769086889510e-02,-0.000000000000000000e+00,0.000000000000000000e+00,-0.000000000000000000e+00,-0.000000000000000000e+00,-7.020641714942024714e-02,-5.176686943239854066e-02,-0.000000000000000000e+00,-0.000000000000000000e+00,-7.314256182524546401e-02,0.000000000000000000e+00,-0.000000000000000000e+00,-6.947444623682970388e-02,-0.000000000000000000e+00,-0.000000000000000000e+00,0.000000000000000000e+00,-1.465028188545136785e-02,1.484576490565852724e+00,-9.059783018061086379e-02,-2.502560589341975006e-01,-4.426826673646248184e-02,-2.846452146993408774e-02
-1.411348407547012851e-01,-7.027055682729464736e-02,-0.000000000000000000e+00,-0.000000000000000000e+00,-1.564093891711352269e-01,-6.967213322987304835e-02,-0.000000000000000000e+00,0.000000000000000000e+00,-8.405790215795369558e-02,-5.813482735879628438e-02,-1.352702432905933672e-01,0.000000000000000000e+00,0.000000000000000000e+00,-0.000000000000000000e+00,0.000000000000000000e+00,-6.650472096428061697e-02,-1.071821533599988940e-01,-7.444614159111201217e-03,-0.000000000000000000e+00,0.000000000000000000e+00,-0.000000000000000000e+00,-0.000000000000000000e+00,-4.379107786393406088e-02,-7.832665662656809746e-02,-0.000000000000000000e+00,-3.478107155628171188e-02,-6.842881451503618484e-02,0.000000000000000000e+00,-0.000000000000000000e+00,-3.175874639686589868e-02,-0.000000000000000000e+00,-0.000000000000000000e+00,0.000000000000000000e+00,-1.946762379393160991e-01,-9.059783018061086379e-02,1.572531193475674716e+00,-1.065529564820227870e-01,-3.461066379043448854e-02,-2.221218568900181281e-02
-0.000000000000000000e+00,-0.000000000000000000e+00,-0.000000000000000000e+00,-0.000000000000000000e+00,-1.163849296974536762e-02,-1.254877575256652389e-01,-0.000000000000000000e+00,0.000000000000000000e+00,-0.000000000000000000e+00,-0.000000000000000000e+00,-2.529197476346885937e-02,0.000000000000000000e+00,0.000000000000000000e+00,-0.000000000000000000e+00,0.000000000000000000e+00,-0.000000000000000000e+00,-5.178493532416212491e-02,-0.000000000000000000e+00,-0.000000000000000000e+00,0.000000000000000000e+00,-0.000000000000000000e+00,-0.000000000000000000e+00,-3.732029741006650386e-02,-9.051813308762027277e-02,-0.000000000000000000e+00,-1.147408265543023859e-01,-7.892538634433500511e-02,-0.000000000000000000e+00,-0.000000000000000000e+00,-0.000000000000000000e+00,-0.000000000000000000e+00,-1.989079315646984369e-01,0.000000000000000000e+00,-8.174219828210975425e-02,-2.502560589341975006e-01,-1.065529564820227870e-01,1.350161130021443112e+00,-0.000000000000000000e+00,-0.000000000000000000e+00
-1.344102489015679691e-01,-1.360970411945518488e-01,-0.000000000000000000e+00,-0.000000000000000000e+00,-1.674494569515991294e-02,-0.000000000000000000e+00,-0.000000000000000000e+00,0.000000000000000000e+00,-1.599039224839415851e-01,-1.189732039726879576e-01,-2.430549263112620484e-02,1.403441578864966510e-01,2.907231445519176116e-02,-0.000000000000000000e+00,1.198183375436765070e-02,-1.222166014016137919e-01,-1.319969963236810283e-02,-1.274524120124570226e-01,-1.444012051002370178e-01,0.000000000000000000e+00,-0.000000000000000000e+00,-0.000000000000000000e+00,-0.000000000000000000e+00,-0.000000000000000000e+00,-0.000000000000000000e+00,-0.000000000000000000e+00,-0.000000000000000000e+00,0.000000000000000000e+00,0.000000000000000000e+00,-1.365361959473406217e-01,-0.000000000000000000e+00,-0.000000000000000000e+00,0.000000000000000000e+00,-0.000000000000000000e+00,-4.426826673646248184e-02,-3.461066379043448854e-02,-0.000000000000000000e+00,1.624757352799652388e+00,-1.674358441631610406e-01
-1.051756125106749346e-01,-1.650261925033460753e-01,-0.000000000000000000e+00,-0.000000000000000000e+00,-4.479098773829179314e-02,-0.000000000000000000e+00,-0.000000000000000000e+00,0.000000000000000000e+00,-1.483070300736082647e-01,-1.356917290478005522e-01,-3.528790100771052318e-02,1.352078934510791974e-01,0.000000000000000000e+00,-0.000000000000000000e+00,7.129913947601072832e-02,-1.222021765180293651e-01,-2.620894273585439374e-02,-1.250450465348551810e-01,-1.369460823399164529e-01,0.000000000000000000e+00,-0.000000000000000000e+00,-0.000000000000000000e+00,-0.000000000000000000e+00,-0.000000000000000000e+00,-0.000000000000000000e+00,-0.000000000000000000e+00,-0.000000000000000000e+00,0.000000000000000000e+00,0.000000000000000000e+00,-1.423181711631613111e-01,-0.000000000000000000e+00,-0.000000000000000000e+00,0.000000000000000000e+00,-0.000000000000000000e+00,-2.846452146993408774e-02,-2.221218568900181281e-02,-0.000000000000000000e+00,-1.674358441631610406e-01,1.654287238236316737e+00
