2.458597172262306785e+00,-7.396074216189909567e-01,-0.000000000000000000e+00,0.000000000000000000e+00,-0.000000000000000000e+00,0.000000000000000000e+00,0.000000000000000000e+00,0.000000000000000000e+00,-1.225018790650905381e-01,-3.329781052579118272e-01,-0.000000000000000000e+00,0.000000000000000000e+00,0.000000000000000000e+00,-0.000000000000000000e+00,0.000000000000000000e+00,-4.489742176249465477e-01,-0.000000000000000000e+00,2.183370418544807179e-01,0.000000000000000000e+00,0.000000000000000000e+00,0.000000000000000000e+00,0.000000000000000000e+00,-1.056564954746375962e-01,-0.000000000000000000e+00,0.000000000000000000e+00,-2.577248058621565974e-02,-0.000000000000000000e+00,-0.000000000000000000e+00,-0.000000000000000000e+00,-2.798359895299883937e-01,-0.000000000000000000e+00,-0.000000000000000000e+00,-0.000000000000000000e+00,0.000000000000000000e+00,-4.091711023311006556e-02,-4.124679926550613163e-02,-0.000000000000000000e+00,-1.571432528671390383e-01,-0.000000000000000000e+00
-7.396074216189909567e-01,2.480694044343227489e+00,-0.000000000000000000e+00,0.000000000000000000e+00,-0.000000000000000000e+00,0.000000000000000000e+00,0.000000000000000000e+00,0.000000000000000000e+00,-1.060387863748007697e-01,-6.349935928331225110e-01,-0.000000000000000000e+00,0.000000000000000000e+00,0.000000000000000000e+00,-0.000000000000000000e+00,1.012529700573466113e-02,-2.989445996047083720e-01,-0.000000000000000000e+00,6.205554514421231238e-02,1.864806127514656853e-01,1.544715616979386308e-01,1.477264441443660592e-01,0.000000000000000000e+00,-0.000000000000000000e+00,-0.000000000000000000e+00,0.000000000000000000e+00,-0.000000000000000000e+00,0.000000000000000000e+00,0.000000000000000000e+00,-0.000000000000000000e+00,-1.375297837517417410e-01,0.000000000000000000e+00,-0.000000000000000000e+00,0.000000000000000000e+00,0.000000000000000000e+00,-1.749834492376582673e-01,-0.000000000000000000e+00,-0.000000000000000000e+00,-0.000000000000000000e+00,-0.000000000000000000e+00
-0.000000000000000000e+00,-0.000000000000000000e+00,3.007450806405597810e+00,0.000000000000000000e+00,-1.208681060447252542e-01,-0.000000000000000000e+00,-0.000000000000000000e+00,1.525721119733831399e+00,-0.000000000000000000e+00,-0.000000000000000000e+00,-0.000000000000000000e+00,-0.000000000000000000e+00,-0.000000000000000000e+00,-0.000000000000000000e+00,-0.000000000000000000e+00,-4.529003531082140960e-02,-8.125191686820516790e-02,-0.000000000000000000e+00,-0.000000000000000000e+00,-0.000000000000000000e+00,-1.743057204342736977e-01,-3.717721651061363652e-01,-0.000000000000000000e+00,-0.000000000000000000e+00,-1.883712199354171390e-01,-2.169980025020920855e-01,-0.000000000000000000e+00,-0.000000000000000000e+00,-0.000000000000000000e+00,-0.000000000000000000e+00,-8.414814127652553433e-02,-1.411340295618906254e-02,-4.421935805075477011e-01,-0.000000000000000000e+00,-0.000000000000000000e+00,-7.216283013384947043e-02,-0.000000000000000000e+00,-0.000000000000000000e+00,0.000000000000000000e+00
0.000000000000000000e+00,0.000000000000000000e+00,0.000000000000000000e+00,1.103987676228966208e+00,-0.000000000000000000e+00,0.000000000000000000e+00,-5.042496319059574378e-02,-0.000000000000000000e+00,-0.000000000000000000e+00,-0.000000000000000000e+00,-0.000000000000000000e+00,0.000000000000000000e+00,-0.000000000000000000e+00,-0.000000000000000000e+00,2.285317746050315457e-01,0.000000000000000000e+00,0.000000000000000000e+00,-0.000000000000000000e+00,0.000000000000000000e+00,-0.000000000000000000e+00,0.000000000000000000e+00,0.000000000000000000e+00,0.000000000000000000e+00,0.000000000000000000e+00,0.000000000000000000e+00,0.000000000000000000e+00,1.577459115522517746e-02,2.697645974987388992e-02,0.000000000000000000e+00,0.000000000000000000e+00,0.000000000000000000e+00,0.000000000000000000e+00,0.000000000000000000e+00,1.407541619862232862e-01,0.000000000000000000e+00,0.000000000000000000e+00,1.548044217446247275e-02,-0.000000000000000000e+00,-0.000000000000000000e+00
-0.000000000000000000e+00,-0.000000000000000000e+00,-1.208681060447252542e-01,-0.000000000000000000e+00,1.748688081135797434e+00,0.000000000000000000e+00,-0.000000000000000000e+00,2.275035530275240289e-03,-2.586239915798442257e-01,-1.309386249820641444e-03,-1.004484549649384412e-01,0.000000000000000000e+00,0.000000000000000000e+00,-2.827499660795822489e-01,0.000000000000000000e+00,-0.000000000000000000e+00,-0.000000000000000000e+00,0.000000000000000000e+00,0.000000000000000000e+00,-0.000000000000000000e+00,-0.000000000000000000e+00,-0.000000000000000000e+00,-0.000000000000000000e+00,-0.000000000000000000e+00,-6.402431974652060542e-04,-0.000000000000000000e+00,-0.000000000000000000e+00,-0.000000000000000000e+00,-0.000000000000000000e+00,-1.311577224915050355e-01,-1.625944300146265065e-01,0.000000000000000000e+00,-2.487147993992959438e-01,-0.000000000000000000e+00,-0.000000000000000000e+00,-1.350359499958124765e-01,-0.000000000000000000e+00,-3.001941717092833084e-01,-2.301518815740218882e-01
0.000000000000000000e+00,0.000000000000000000e+00,-0.000000000000000000e+00,0.000000000000000000e+00,0.000000000000000000e+00,1.671475240472699575e+00,-3.734231726357765263e-02,0.000000000000000000e+00,4.753368561412276566e-02,0.000000000000000000e+00,-0.000000000000000000e+00,-0.000000000000000000e+00,-0.000000000000000000e+00,-0.000000000000000000e+00,-0.000000000000000000e+00,0.000000000000000000e+00,-2.054326099051330679e-01,-9.945859730823422562e-02,-2.591733713198987599e-01,-0.000000000000000000e+00,-2.140283306235234440e-01,-7.680227519748510090e-02,0.000000000000000000e+00,0.000000000000000000e+00,-0.000000000000000000e+00,-0.000000000000000000e+00,0.000000000000000000e+00,-0.000000000000000000e+00,-2.227832488484897955e-01,0.000000000000000000e+00,-0.000000000000000000e+00,-8.809265658712410463e-02,-0.000000000000000000e+00,-0.000000000000000000e+00,-0.000000000000000000e+00,-0.000000000000000000e+00,-2.475118524940896417e-02,7.274657352534463772e-02,2.707908451111306070e-01
0.000000000000000000e+00,0.000000000000000000e+00,-0.000000000000000000e+00,-5.042496319059574378e-02,-0.000000000000000000e+00,-3.734231726357765263e-02,1.273021494336470605e+00,-0.000000000000000000e+00,1.238354290700159482e-01,2.225257173104614947e-02,-0.000000000000000000e+00,0.000000000000000000e+00,-0.000000000000000000e+00,-1.317386813015922198e-02,-0.000000000000000000e+00,0.000000000000000000e+00,-0.000000000000000000e+00,-0.000000000000000000e+00,-4.281929578548406001e-02,-3.986656719153225392e-01,-1.267232388558437936e-02,-4.190255381583951610e-02,-0.000000000000000000e+00,0.000000000000000000e+00,-0.000000000000000000e+00,-0.000000000000000000e+00,-0.000000000000000000e+00,-1.683337566277085667e-02,-4.396492010192266237e-02,0.000000000000000000e+00,-0.000000000000000000e+00,-3.911524942485108264e-02,-0.000000000000000000e+00,-0.000000000000000000e+00,-0.000000000000000000e+00,0.000000000000000000e+00,-0.000000000000000000e+00,5.412142970771658540e-02,0.000000000000000000e+00
0.000000000000000000e+00,0.000000000000000000e+00,1.525721119733831399e+00,-0.000000000000000000e+00,2.275035530275240289e-03,0.000000000000000000e+00,-0.000000000000000000e+00,2.526574739649479540e+00,0.000000000000000000e+00,0.000000000000000000e+00,0.000000000000000000e+00,-0.000000000000000000e+00,-0.000000000000000000e+00,0.000000000000000000e+00,-0.000000000000000000e+00,3.126932962570934671e-01,0.000000000000000000e+00,0.000000000000000000e+00,0.000000000000000000e+00,0.000000000000000000e+00,0.000000000000000000e+00,2.918590313059536978e-01,0.000000000000000000e+00,5.764412298253012573e-02,0.000000000000000000e+00,1.018441127550197799e-02,0.000000000000000000e+00,0.000000000000000000e+00,0.000000000000000000e+00,2.766038562180532789e-01,0.000000000000000000e+00,0.000000000000000000e+00,0.000000000000000000e+00,-0.000000000000000000e+00,0.000000000000000000e+00,0.000000000000000000e+00,0.000000000000000000e+00,0.000000000000000000e+00,0.000000000000000000e+00
-1.225018790650905381e-01,-1.060387863748007697e-01,-0.000000000000000000e+00,-0.000000000000000000e+00,-2.586239915798442257e-01,4.753368561412276566e-02,1.238354290700159482e-01,0.000000000000000000e+00,2.406320242312549151e+00,-3.890969024631172890e-01,-0.000000000000000000e+00,0.000000000000000000e+00,0.000000000000000000e+00,-0.000000000000000000e+00,0.000000000000000000e+00,-0.000000000000000000e+00,-0.000000000000000000e+00,0.000000000000000000e+00,1.168133434316278307e-01,0.000000000000000000e+00,2.117185953579150959e-02,0.000000000000000000e+00,-0.000000000000000000e+00,-0.000000000000000000e+00,0.000000000000000000e+00,-0.000000000000000000e+00,-0.000000000000000000e+00,0.000000000000000000e+00,0.000000000000000000e+00,-3.781694118209812383e-01,-0.000000000000000000e+00,0.000000000000000000e+00,-0.000000000000000000e+00,0.000000000000000000e+00,-0.000000000000000000e+00,-0.000000000000000000e+00,0.000000000000000000e+00,-5.355159211833042665e-01,-4.176786224299723349e-01
-3.329781052579118272e-01,-6.349935928331225110e-01,-0.000000000000000000e+00,-0.000000000000000000e+00,-1.309386249820641444e-03,0.000000000000000000e+00,2.225257173104614947e-02,0.000000000000000000e+00,-3.890969024631172890e-01,3.175169146143058008e+00,-1.232831247931923391e-01,0.000000000000000000e+00,6.265474047619022657e-02,-0.000000000000000000e+00,1.431263016766378959e-01,-4.984497380894418739e-01,-0.000000000000000000e+00,8.006638003140470472e-02,0.000000000000000000e+00,0.000000000000000000e+00,0.000000000000000000e+00,0.000000000000000000e+00,-0.000000000000000000e+00,-8.251489800793349039e-02,-0.000000000000000000e+00,-0.000000000000000000e+00,-0.000000000000000000e+00,0.000000000000000000e+00,0.000000000000000000e+00,-4.132227131655482610e-01,-0.000000000000000000e+00,0.000000000000000000e+00,0.000000000000000000e+00,0.000000000000000000e+00,-0.000000000000000000e+00,-7.470396822595820607e-02,0.000000000000000000e+00,-1.606006179262003952e-01,-6.393909705456133352e-01
-0.000000000000000000e+00,-0.000000000000000000e+00,-0.000000000000000000e+00,-0.000000000000000000e+00,-1.004484549649384412e-01,-0.000000000000000000e+00,-0.000000000000000000e+00,0.000000000000000000e+00,-0.000000000000000000e+00,-1.232831247931923391e-01,1.429435537768970921e+00,0.000000000000000000e+00,0.000000000000000000e+00,-0.000000000000000000e+00,0.000000000000000000e+00,-0.000000000000000000e+00,-6.573985844661915934e-01,-0.000000000000000000e+00,-0.000000000000000000e+00,-0.000000000000000000e+00,-0.000000000000000000e+00,-0.000000000000000000e+00,-0.000000000000000000e+00,-0.000000000000000000e+00,-0.000000000000000000e+00,-0.000000000000000000e+00,-0.000000000000000000e+00,0.000000000000000000e+00,-0.000000000000000000e+00,-0.000000000000000000e+00,-0.000000000000000000e+00,0.000000000000000000e+00,-0.000000000000000000e+00,-0.000000000000000000e+00,-0.000000000000000000e+00,-1.502668040181776299e-01,-0.000000000000000000e+00,-0.000000000000000000e+00,-0.000000000000000000e+00
0.000000000000000000e+00,0.000000000000000000e+00,-0.000000000000000000e+00,0.000000000000000000e+00,0.000000000000000000e+00,-0.000000000000000000e+00,0.000000000000000000e+00,-0.000000000000000000e+00,0.000000000000000000e+00,0.000000000000000000e+00,0.000000000000000000e+00,1.609461920679120750e+00,-5.058345912596264871e-01,-0.000000000000000000e+00,-4.210105416834115100e-01,0.000000000000000000e+00,-0.000000000000000000e+00,-8.762803441959904349e-02,-0.000000000000000000e+00,-0.000000000000000000e+00,-0.000000000000000000e+00,-0.000000000000000000e+00,-0.000000000000000000e+00,0.000000000000000000e+00,0.000000000000000000e+00,0.000000000000000000e+00,-0.000000000000000000e+00,-2.273676827016881674e-01,-0.000000000000000000e+00,0.000000000000000000e+00,-0.000000000000000000e+00,-1.510790370330530354e-02,-0.000000000000000000e+00,-0.000000000000000000e+00,0.000000000000000000e+00,0.000000000000000000e+00,-0.000000000000000000e+00,0.000000000000000000e+00,0.000000000000000000e+00
0.000000000000000000e+00,0.000000000000000000e+00,-0.000000000000000000e+00,-0.000000000000000000e+00,0.000000000000000000e+00,-0.000000000000000000e+00,-0.000000000000000000e+00,-0.000000000000000000e+00,0.000000000000000000e+00,6.265474047619022657e-02,0.000000000000000000e+00,-5.058345912596264871e-01,1.544504234794921160e+00,-1.660004802745878583e-01,-1.868242539624236087e-01,0.000000000000000000e+00,-3.579680119973569635e-02,-1.596018702472910278e-01,-0.000000000000000000e+00,-1.417916198134573091e-01,-9.734549571897243431e-03,-5.562533795922729174e-02,-1.391762788695066234e-02,-0.000000000000000000e+00,-0.000000000000000000e+00,0.000000000000000000e+00,0.000000000000000000e+00,-1.980324303320271304e-02,-0.000000000000000000e+00,0.000000000000000000e+00,0.000000000000000000e+00,-3.508803382775712437e-02,-0.000000000000000000e+00,-0.000000000000000000e+00,-0.000000000000000000e+00,1.944261498175321734e-02,-0.000000000000000000e+00,0.000000000000000000e+00,0.000000000000000000e+00
-0.000000000000000000e+00,-0.000000000000000000e+00,-0.000000000000000000e+00,-0.000000000000000000e+00,-2.827499660795822489e-01,-0.000000000000000000e+00,-1.317386813015922198e-02,0.000000000000000000e+00,-0.000000000000000000e+00,-0.000000000000000000e+00,-0.000000000000000000e+00,-0.000000000000000000e+00,-1.660004802745878583e-01,1.407973568641185835e+00,-0.000000000000000000e+00,-0.000000000000000000e+00,-6.947695240478098631e-03,-0.000000000000000000e+00,-0.000000000000000000e+00,-0.000000000000000000e+00,-0.000000000000000000e+00,-0.000000000000000000e+00,-2.662969242496812661e-01,-2.574568712338206056e-01,-3.935385684512853616e-02,-0.000000000000000000e+00,-1.190634093232590361e-02,-2.358456469377489054e-02,-0.000000000000000000e+00,-0.000000000000000000e+00,-0.000000000000000000e+00,-1.146745350657704804e-01,-0.000000000000000000e+00,-0.000000000000000000e+00,-9.926537164050795725e-02,-0.000000000000000000e+00,-0.000000000000000000e+00,-0.000000000000000000e+00,-0.000000000000000000e+00
0.000000000000000000e+00,1.012529700573466113e-02,-0.000000000000000000e+00,2.285317746050315457e-01,0.000000000000000000e+00,-0.000000000000000000e+00,-0.000000000000000000e+00,-0.000000000000000000e+00,0.000000000000000000e+00,1.431263016766378959e-01,0.000000000000000000e+00,-4.210105416834115100e-01,-1.868242539624236087e-01,-0.000000000000000000e+00,2.257703392430005174e+00,1.708136722895808035e-01,-0.000000000000000000e+00,-6.631960203625382466e-02,-1.503797828033799633e-01,-2.322420353526937209e-01,-3.822182213995772154e-02,-0.000000000000000000e+00,-0.000000000000000000e+00,0.000000000000000000e+00,-0.000000000000000000e+00,-0.000000000000000000e+00,-1.707664420018730200e-01,-4.182931293832206632e-01,-0.000000000000000000e+00,0.000000000000000000e+00,-0.000000000000000000e+00,-1.761060995205598612e-01,-0.000000000000000000e+00,-4.046969225428438954e-01,0.000000000000000000e+00,0.000000000000000000e+00,-1.392622929017938056e-02,0.000000000000000000e+00,0.000000000000000000e+00
-4.489742176249465477e-01,-2.989445996047083720e-01,-4.529003531082140960e-02,0.000000000000000000e+00,-0.000000000000000000e+00,0.000000000000000000e+00,0.000000000000000000e+00,3.126932962570934671e-01,-0.000000000000000000e+00,-4.984497380894418739e-01,-0.000000000000000000e+00,0.000000000000000000e+00,0.000000000000000000e+00,-0.000000000000000000e+00,1.708136722895808035e-01,2.617369163049048542e+00,-0.000000000000000000e+00,0.000000000000000000e+00,0.000000000000000000e+00,0.000000000000000000e+00,0.000000000000000000e+00,-0.000000000000000000e+00,-1.054166459826365136e-02,-5.388888475118809585e-02,-0.000000000000000000e+00,-0.000000000000000000e+00,0.000000000000000000e+00,0.000000000000000000e+00,-0.000000000000000000e+00,-3.943614150997568624e-01,-0.000000000000000000e+00,-0.000000000000000000e+00,0.000000000000000000e+00,0.000000000000000000e+00,-5.436914801231123445e-02,-6.261622581756264294e-01,-0.000000000000000000e+00,-0.000000000000000000e+00,-0.000000000000000000e+00
-0.000000000000000000e+00,-0.000000000000000000e+00,-8.125191686820516790e-02,0.000000000000000000e+00,-0.000000000000000000e+00,-2.054326099051330679e-01,-0.000000000000000000e+00,0.000000000000000000e+00,-0.000000000000000000e+00,-0.000000000000000000e+00,-6.573985844661915934e-01,-0.000000000000000000e+00,-3.579680119973569635e-02,-6.947695240478098631e-03,-0.000000000000000000e+00,-0.000000000000000000e+00,1.675613645233719362e+00,-0.000000000000000000e+00,-0.000000000000000000e+00,-0.000000000000000000e+00,-0.000000000000000000e+00,-0.000000000000000000e+00,-3.039926537207652268e-01,-0.000000000000000000e+00,-0.000000000000000000e+00,-0.000000000000000000e+00,-0.000000000000000000e+00,-1.023933900816867554e-01,-1.231467702810743747e-01,-0.000000000000000000e+00,-0.000000000000000000e+00,-0.000000000000000000e+00,-0.000000000000000000e+00,-0.000000000000000000e+00,-1.107499245174889263e-01,-0.000000000000000000e+00,-5.066161624289212961e-02,0.000000000000000000e+00,0.000000000000000000e+00
2.183370418544807179e-01,6.205554514421231238e-02,-0.000000000000000000e+00,-0.000000000000000000e+00,0.000000000000000000e+00,-9.945859730823422562e-02,-0.000000000000000000e+00,0.000000000000000000e+00,0.000000000000000000e+00,8.006638003140470472e-02,-0.000000000000000000e+00,-8.762803441959904349e-02,-1.596018702472910278e-01,-0.000000000000000000e+00,-6.631960203625382466e-02,0.000000000000000000e+00,-0.000000000000000000e+00,1.929759673530459851e+00,-4.820751292157959833e-01,-1.466211228699594582e-01,-2.836032857568193122e-01,-7.812525643996258429e-02,-0.000000000000000000e+00,0.000000000000000000e+00,-0.000000000000000000e+00,0.000000000000000000e+00,-0.000000000000000000e+00,-0.000000000000000000e+00,-0.000000000000000000e+00,0.000000000000000000e+00,-0.000000000000000000e+00,-5.946150258217646617e-02,-0.000000000000000000e+00,-0.000000000000000000e+00,0.000000000000000000e+00,0.000000000000000000e+00,-0.000000000000000000e+00,9.012665071705440456e-02,6.859385940952077154e-02
0.000000000000000000e+00,1.864806127514656853e-01,-0.000000000000000000e+00,0.000000000000000000e+00,0.000000000000000000e+00,-2.591733713198987599e-01,-4.281929578548406001e-02,0.000000000000000000e+00,1.168133434316278307e-01,0.000000000000000000e+00,-0.000000000000000000e+00,-0.000000000000000000e+00,-0.000000000000000000e+00,-0.000000000000000000e+00,-1.503797828033799633e-01,0.000000000000000000e+00,-0.000000000000000000e+00,-4.820751292157959833e-01,2.515881601197111017e+00,-1.013720233623676970e-01,-5.505070787838799440e-01,-1.400084769472033641e-01,-0.000000000000000000e+00,0.000000000000000000e+00,-0.000000000000000000e+00,-0.000000000000000000e+00,-0.000000000000000000e+00,-0.000000000000000000e+00,-0.000000000000000000e+00,0.000000000000000000e+00,-0.000000000000000000e+00,-3.528980175225659988e-02,-1.817800499501116829e-01,-3.049174534955723451e-02,0.000000000000000000e+00,0.000000000000000000e+00,-0.000000000000000000e+00,0.000000000000000000e+00,5.519090876672797519e-01
0.000000000000000000e+00,1.544715616979386308e-01,-0.000000000000000000e+00,-0.000000000000000000e+00,-0.000000000000000000e+00,-0.000000000000000000e+00,-3.986656719153225392e-01,0.000000000000000000e+00,0.000000000000000000e+00,0.000000000000000000e+00,-0.000000000000000000e+00,-0.000000000000000000e+00,-1.417916198134573091e-01,-0.000000000000000000e+00,-2.322420353526937209e-01,0.000000000000000000e+00,-0.000000000000000000e+00,-1.466211228699594582e-01,-1.013720233623676970e-01,1.694208333830734325e+00,-1.775314580522657226e-01,-1.395493290959512189e-01,-0.000000000000000000e+00,0.000000000000000000e+00,-0.000000000000000000e+00,-0.000000000000000000e+00,-9.819632473090453978e-03,-1.454925863894026838e-01,-0.000000000000000000e+00,0.000000000000000000e+00,-0.000000000000000000e+00,-0.000000000000000000e+00,-0.000000000000000000e+00,-0.000000000000000000e+00,0.000000000000000000e+00,0.000000000000000000e+00,-0.000000000000000000e+00,0.000000000000000000e+00,0.000000000000000000e+00
0.000000000000000000e+00,1.477264441443660592e-01,-1.743057204342736977e-01,0.000000000000000000e+00,-0.000000000000000000e+00,-2.140283306235234440e-01,-1.267232388558437936e-02,0.000000000000000000e+00,2.117185953579150959e-02,0.000000000000000000e+00,-0.000000000000000000e+00,-0.000000000000000000e+00,-9.734549571897243431e-03,-0.000000000000000000e+00,-3.822182213995772154e-02,0.000000000000000000e+00,-0.000000000000000000e+00,-2.836032857568193122e-01,-5.505070787838799440e-01,-1.775314580522657226e-01,2.837622151945177862e+00,-7.554321085712347728e-01,-0.000000000000000000e+00,-0.000000000000000000e+00,-1.565407876789830510e-01,-0.000000000000000000e+00,-0.000000000000000000e+00,-3.621518878071664505e-01,-0.000000000000000000e+00,0.000000000000000000e+00,-0.000000000000000000e+00,-2.873692205733981500e-02,-3.655586596569281865e-01,-0.000000000000000000e+00,-0.000000000000000000e+00,-0.000000000000000000e+00,-0.000000000000000000e+00,0.000000000000000000e+00,3.477716575706853164e-02
0.000000000000000000e+00,0.000000000000000000e+00,-3.717721651061363652e-01,0.000000000000000000e+00,-0.000000000000000000e+00,-7.680227519748510090e-02,-4.190255381583951610e-02,2.918590313059536978e-01,0.000000000000000000e+00,0.000000000000000000e+00,-0.000000000000000000e+00,-0.000000000000000000e+00,-5.562533795922729174e-02,-0.000000000000000000e+00,-0.000000000000000000e+00,-0.000000000000000000e+00,-0.000000000000000000e+00,-7.812525643996258429e-02,-1.400084769472033641e-01,-1.395493290959512189e-01,-7.554321085712347728e-01,2.092043702692670148e+00,-0.000000000000000000e+00,-0.000000000000000000e+00,-1.503604121638836832e-01,-0.000000000000000000e+00,-0.000000000000000000e+00,-0.000000000000000000e+00,-0.000000000000000000e+00,-0.000000000000000000e+00,-0.000000000000000000e+00,-0.000000000000000000e+00,-0.000000000000000000e+00,-0.000000000000000000e+00,-0.000000000000000000e+00,-0.000000000000000000e+00,-0.000000000000000000e+00,0.000000000000000000e+00,0.000000000000000000e+00
-1.056564954746375962e-01,-0.000000000000000000e+00,-0.000000000000000000e+00,0.000000000000000000e+00,-0.000000000000000000e+00,0.000000000000000000e+00,-0.000000000000000000e+00,0.000000000000000000e+00,-0.000000000000000000e+00,-0.000000000000000000e+00,-0.000000000000000000e+00,-0.000000000000000000e+00,-1.391762788695066234e-02,-2.662969242496812661e-01,-0.000000000000000000e+00,-1.054166459826365136e-02,-3.039926537207652268e-01,-0.000000000000000000e+00,-0.000000000000000000e+00,-0.000000000000000000e+00,-0.000000000000000000e+00,-0.000000000000000000e+00,1.525220343883944452e+00,-2.106759335040468140e-01,-2.988903120200978036e-01,-0.000000000000000000e+00,-0.000000000000000000e+00,-1.215473563091326765e-02,-0.000000000000000000e+00,-9.219226549504794255e-02,-0.000000000000000000e+00,-0.000000000000000000e+00,-5.239449733232530437e-02,-0.000000000000000000e+00,-8.535425311955403826e-02,-0.000000000000000000e+00,-0.000000000000000000e+00,-5.674013914271111569e-02,-0.000000000000000000e+00
-0.000000000000000000e+00,-0.000000000000000000e+00,-0.000000000000000000e+00,0.000000000000000000e+00,-0.000000000000000000e+00,0.000000000000000000e+00,0.000000000000000000e+00,5.764412298253012573e-02,-0.000000000000000000e+00,-8.251489800793349039e-02,-0.000000000000000000e+00,0.000000000000000000e+00,-0.000000000000000000e+00,-2.574568712338206056e-01,0.000000000000000000e+00,-5.388888475118809585e-02,-0.000000000000000000e+00,0.000000000000000000e+00,0.000000000000000000e+00,0.000000000000000000e+00,-0.000000000000000000e+00,-0.000000000000000000e+00,-2.106759335040468140e-01,1.420684575306979669e+00,-8.308604745228273872e-03,-0.000000000000000000e+00,-0.000000000000000000e+00,0.000000000000000000e+00,0.000000000000000000e+00,-3.956604228707157889e-01,-0.000000000000000000e+00,0.000000000000000000e+00,-0.000000000000000000e+00,0.000000000000000000e+00,-0.000000000000000000e+00,-0.000000000000000000e+00,-0.000000000000000000e+00,-3.087911874784759342e-02,-0.000000000000000000e+00
0.000000000000000000e+00,0.000000000000000000e+00,-1.883712199354171390e-01,0.000000000000000000e+00,-6.402431974652060542e-04,-0.000000000000000000e+00,-0.000000000000000000e+00,0.000000000000000000e+00,0.000000000000000000e+00,-0.000000000000000000e+00,-0.000000000000000000e+00,0.000000000000000000e+00,-0.000000000000000000e+00,-3.935385684512853616e-02,-0.000000000000000000e+00,-0.000000000000000000e+00,-0.000000000000000000e+00,-0.000000000000000000e+00,-0.000000000000000000e+00,-0.000000000000000000e+00,-1.565407876789830510e-01,-1.503604121638836832e-01,-2.988903120200978036e-01,-8.308604745228273872e-03,1.511217108632268324e+00,-0.000000000000000000e+00,-8.475821835778841670e-03,-0.000000000000000000e+00,-0.000000000000000000e+00,-0.000000000000000000e+00,-1.426462114036393114e-01,-0.000000000000000000e+00,-5.848839894557321395e-02,-0.000000000000000000e+00,-1.067333924721161065e-01,-6.473984427676700293e-02,-1.128438946733423959e-01,0.000000000000000000e+00,0.000000000000000000e+00
-2.577248058621565974e-02,-0.000000000000000000e+00,-2.169980025020920855e-01,0.000000000000000000e+00,-0.000000000000000000e+00,-0.000000000000000000e+00,-0.000000000000000000e+00,1.018441127550197799e-02,-0.000000000000000000e+00,-0.000000000000000000e+00,-0.000000000000000000e+00,0.000000000000000000e+00,0.000000000000000000e+00,-0.000000000000000000e+00,-0.000000000000000000e+00,-0.000000000000000000e+00,-0.000000000000000000e+00,0.000000000000000000e+00,-0.000000000000000000e+00,-0.000000000000000000e+00,-0.000000000000000000e+00,-0.000000000000000000e+00,-0.000000000000000000e+00,-0.000000000000000000e+00,-0.000000000000000000e+00,1.866376594454025595e+00,-2.213711329622599366e-01,-0.000000000000000000e+00,-1.831353794159409354e-01,-3.543211561969458745e-02,-4.670229169858063356e-01,-3.230240572139406185e-02,-2.607721627997156011e-02,-0.000000000000000000e+00,-7.698102650243797418e-02,-2.931887217097064458e-01,-1.958268720211628344e-01,-1.534820058633678923e-02,0.000000000000000000e+00
-0.000000000000000000e+00,0.000000000000000000e+00,-0.000000000000000000e+00,1.577459115522517746e-02,-0.000000000000000000e+00,0.000000000000000000e+00,-0.000000000000000000e+00,0.000000000000000000e+00,-0.000000000000000000e+00,-0.000000000000000000e+00,-0.000000000000000000e+00,-0.000000000000000000e+00,0.000000000000000000e+00,-1.190634093232590361e-02,-1.707664420018730200e-01,0.000000000000000000e+00,-0.000000000000000000e+00,-0.000000000000000000e+00,-0.000000000000000000e+00,-9.819632473090453978e-03,-0.000000000000000000e+00,-0.000000000000000000e+00,-0.000000000000000000e+00,-0.000000000000000000e+00,-8.475821835778841670e-03,-2.213711329622599366e-01,2.307727552212219368e+00,-3.405061565529881040e-01,-1.916059524964770500e-01,-0.000000000000000000e+00,-1.068470519250050987e+00,-0.000000000000000000e+00,-1.383778373860513056e-01,-0.000000000000000000e+00,-0.000000000000000000e+00,-0.000000000000000000e+00,-0.000000000000000000e+00,-0.000000000000000000e+00,-0.000000000000000000e+00
-0.000000000000000000e+00,0.000000000000000000e+00,-0.000000000000000000e+00,2.697645974987388992e-02,-0.000000000000000000e+00,-0.000000000000000000e+00,-1.683337566277085667e-02,0.000000000000000000e+00,0.000000000000000000e+00,0.000000000000000000e+00,0.000000000000000000e+00,-2.273676827016881674e-01,-1.980324303320271304e-02,-2.358456469377489054e-02,-4.182931293832206632e-01,0.000000000000000000e+00,-1.023933900816867554e-01,-0.000000000000000000e+00,-0.000000000000000000e+00,-1.454925863894026838e-01,-3.621518878071664505e-01,-0.000000000000000000e+00,-1.215473563091326765e-02,0.000000000000000000e+00,-0.000000000000000000e+00,-0.000000000000000000e+00,-3.405061565529881040e-01,2.673014858785218273e+00,-1.199243952797472978e-01,0.000000000000000000e+00,-2.292960515970357827e-01,-3.727639211368108940e-01,-3.128456604386901097e-01,-9.918850135545327629e-02,-0.000000000000000000e+00,-0.000000000000000000e+00,-2.886753311981996584e-01,0.000000000000000000e+00,0.000000000000000000e+00
-0.000000000000000000e+00,-0.000000000000000000e+00,-0.000000000000000000e+00,0.000000000000000000e+00,-0.000000000000000000e+00,-2.227832488484897955e-01,-4.396492010192266237e-02,0.000000000000000000e+00,0.000000000000000000e+00,0.000000000000000000e+00,-0.000000000000000000e+00,-0.000000000000000000e+00,-0.000000000000000000e+00,-0.000000000000000000e+00,-0.000000000000000000e+00,-0.000000000000000000e+00,-1.231467702810743747e-01,-0.000000000000000000e+00,-0.000000000000000000e+00,-0.000000000000000000e+00,-0.000000000000000000e+00,-0.000000000000000000e+00,-0.000000000000000000e+00,0.000000000000000000e+00,-0.000000000000000000e+00,-1.831353794159409354e-01,-1.916059524964770500e-01,-1.199243952797472978e-01,2.549899450762863840e+00,0.000000000000000000e+00,-3.343953021853405139e-03,-9.171941483013493768e-01,-0.000000000000000000e+00,-0.000000000000000000e+00,-3.043445790986167299e-01,-0.000000000000000000e+00,-5.469079479622648288e-01,0.000000000000000000e+00,0.000000000000000000e+00
-2.798359895299883937e-01,-1.375297837517417410e-01,-0.000000000000000000e+00,0.000000000000000000e+00,-1.311577224915050355e-01,0.000000000000000000e+00,0.000000000000000000e+00,2.766038562180532789e-01,-3.781694118209812383e-01,-4.132227131655482610e-01,-0.000000000000000000e+00,0.000000000000000000e+00,0.000000000000000000e+00,-0.000000000000000000e+00,0.000000000000000000e+00,-3.943614150997568624e-01,-0.000000000000000000e+00,0.000000000000000000e+00,0.000000000000000000e+00,0.000000000000000000e+00,0.000000000000000000e+00,-0.000000000000000000e+00,-9.219226549504794255e-02,-3.956604228707157889e-01,-0.000000000000000000e+00,-3.543211561969458745e-02,-0.000000000000000000e+00,0.000000000000000000e+00,0.000000000000000000e+00,2.558236225214880921e+00,-0.000000000000000000e+00,0.000000000000000000e+00,-0.000000000000000000e+00,0.000000000000000000e+00,-0.000000000000000000e+00,-3.015380522090996274e-01,-0.000000000000000000e+00,-4.657747129700373634e-02,-0.000000000000000000e+00
-0.000000000000000000e+00,0.000000000000000000e+00,-8.414814127652553433e-02,0.000000000000000000e+00,-1.625944300146265065e-01,-0.000000000000000000e+00,-0.000000000000000000e+00,0.000000000000000000e+00,-0.000000000000000000e+00,-0.000000000000000000e+00,-0.000000000000000000e+00,-0.000000000000000000e+00,0.000000000000000000e+00,-0.000000000000000000e+00,-0.000000000000000000e+00,-0.000000000000000000e+00,-0.000000000000000000e+00,-0.000000000000000000e+00,-0.000000000000000000e+00,-0.000000000000000000e+00,-0.000000000000000000e+00,-0.000000000000000000e+00,-0.000000000000000000e+00,-0.000000000000000000e+00,-1.426462114036393114e-01,-4.670229169858063356e-01,-1.068470519250050987e+00,-2.292960515970357827e-01,-3.343953021853405139e-03,-0.000000000000000000e+00,2.571041596841098009e+00,-0.000000000000000000e+00,-3.824418840853164303e-01,-0.000000000000000000e+00,-0.000000000000000000e+00,-1.445605793134622230e-01,-0.000000000000000000e+00,-0.000000000000000000e+00,-0.000000000000000000e+00
-0.000000000000000000e+00,-0.000000000000000000e+00,-1.411340295618906254e-02,0.000000000000000000e+00,0.000000000000000000e+00,-8.809265658712410463e-02,-3.911524942485108264e-02,0.000000000000000000e+00,0.000000000000000000e+00,0.000000000000000000e+00,0.000000000000000000e+00,-1.510790370330530354e-02,-3.508803382775712437e-02,-1.146745350657704804e-01,-1.761060995205598612e-01,-0.000000000000000000e+00,-0.000000000000000000e+00,-5.946150258217646617e-02,-3.528980175225659988e-02,-0.000000000000000000e+00,-2.873692205733981500e-02,-0.000000000000000000e+00,-0.000000000000000000e+00,0.000000000000000000e+00,-0.000000000000000000e+00,-3.230240572139406185e-02,-0.000000000000000000e+00,-3.727639211368108940e-01,-9.171941483013493768e-01,0.000000000000000000e+00,-0.000000000000000000e+00,2.609844827984210358e+00,-0.000000000000000000e+00,-4.495544668410222239e-02,-7.571610949653891434e-03,-0.000000000000000000e+00,-6.400554315514321857e-01,0.000000000000000000e+00,1.935140369142290817e-01
-0.000000000000000000e+00,0.000000000000000000e+00,-4.421935805075477011e-01,0.000000000000000000e+00,-2.487147993992959438e-01,-0.000000000000000000e+00,-0.000000000000000000e+00,0.000000000000000000e+00,-0.000000000000000000e+00,0.000000000000000000e+00,-0.000000000000000000e+00,-0.000000000000000000e+00,-0.000000000000000000e+00,-0.000000000000000000e+00,-0.000000000000000000e+00,0.000000000000000000e+00,-0.000000000000000000e+00,-0.000000000000000000e+00,-1.817800499501116829e-01,-0.000000000000000000e+00,-3.655586596569281865e-01,-0.000000000000000000e+00,-5.239449733232530437e-02,-0.000000000000000000e+00,-5.848839894557321395e-02,-2.607721627997156011e-02,-1.383778373860513056e-01,-3.128456604386901097e-01,-0.000000000000000000e+00,-0.000000000000000000e+00,-3.824418840853164303e-01,-0.000000000000000000e+00,2.156013685043751238e+00,-1.365024192272368542e-01,-0.000000000000000000e+00,-0.000000000000000000e+00,-0.000000000000000000e+00,-0.000000000000000000e+00,0.000000000000000000e+00
0.000000000000000000e+00,0.000000000000000000e+00,-0.000000000000000000e+00,1.407541619862232862e-01,-0.000000000000000000e+00,-0.000000000000000000e+00,-0.000000000000000000e+00,-0.000000000000000000e+00,0.000000000000000000e+00,0.000000000000000000e+00,-0.000000000000000000e+00,-0.000000000000000000e+00,-0.000000000000000000e+00,-0.000000000000000000e+00,-4.046969225428438954e-01,0.000000000000000000e+00,-0.000000000000000000e+00,-0.000000000000000000e+00,-3.049174534955723451e-02,-0.000000000000000000e+00,-0.000000000000000000e+00,-0.000000000000000000e+00,-0.000000000000000000e+00,0.000000000000000000e+00,-0.000000000000000000e+00,-0.000000000000000000e+00,-0.000000000000000000e+00,-9.918850135545327629e-02,-0.000000000000000000e+00,0.000000000000000000e+00,-0.000000000000000000e+00,-4.495544668410222239e-02,-1.365024192272368542e-01,1.315196893693883373e+00,-0.000000000000000000e+00,0.000000000000000000e+00,-0.000000000000000000e+00,0.000000000000000000e+00,0.000000000000000000e+00
-4.091711023311006556e-02,-1.749834492376582673e-01,-0.000000000000000000e+00,0.000000000000000000e+00,-0.000000000000000000e+00,-0.000000000000000000e+00,-0.000000000000000000e+00,0.000000000000000000e+00,-0.000000000000000000e+00,-0.000000000000000000e+00,-0.000000000000000000e+00,0.000000000000000000e+00,-0.000000000000000000e+00,-9.926537164050795725e-02,0.000000000000000000e+00,-5.436914801231123445e-02,-1.107499245174889263e-01,0.000000000000000000e+00,0.000000000000000000e+00,0.000000000000000000e+00,-0.000000000000000000e+00,-0.000000000000000000e+00,-8.535425311955403826e-02,-0.000000000000000000e+00,-1.067333924721161065e-01,-7.698102650243797418e-02,-0.000000000000000000e+00,-0.000000000000000000e+00,-3.043445790986167299e-01,-0.000000000000000000e+00,-0.000000000000000000e+00,-7.571610949653891434e-03,-0.000000000000000000e+00,-0.000000000000000000e+00,1.811653204641075821e+00,-2.674035261919675555e-01,-5.587974950483807213e-01,0.000000000000000000e+00,-0.000000000000000000e+00
-4.124679926550613163e-02,-0.000000000000000000e+00,-7.216283013384947043e-02,0.000000000000000000e+00,-1.350359499958124765e-01,-0.000000000000000000e+00,0.000000000000000000e+00,0.000000000000000000e+00,-0.000000000000000000e+00,-7.470396822595820607e-02,-1.502668040181776299e-01,0.000000000000000000e+00,1.944261498175321734e-02,-0.000000000000000000e+00,0.000000000000000000e+00,-6.261622581756264294e-01,-0.000000000000000000e+00,0.000000000000000000e+00,0.000000000000000000e+00,0.000000000000000000e+00,-0.000000000000000000e+00,-0.000000000000000000e+00,-0.000000000000000000e+00,-0.000000000000000000e+00,-6.473984427676700293e-02,-2.931887217097064458e-01,-0.000000000000000000e+00,-0.000000000000000000e+00,-0.000000000000000000e+00,-3.015380522090996274e-01,-1.445605793134622230e-01,-0.000000000000000000e+00,-0.000000000000000000e+00,0.000000000000000000e+00,-2.674035261919675555e-01,2.027479527615724919e+00,-0.000000000000000000e+00,-0.000000000000000000e+00,-0.000000000000000000e+00
-0.000000000000000000e+00,-0.000000000000000000e+00,-0.000000000000000000e+00,1.548044217446247275e-02,-0.000000000000000000e+00,-2.475118524940896417e-02,-0.000000000000000000e+00,0.000000000000000000e+00,0.000000000000000000e+00,0.000000000000000000e+00,-0.000000000000000000e+00,-0.000000000000000000e+00,-0.000000000000000000e+00,-0.000000000000000000e+00,-1.392622929017938056e-02,-0.000000000000000000e+00,-5.066161624289212961e-02,-0.000000000000000000e+00,-0.000000000000000000e+00,-0.000000000000000000e+00,-0.000000000000000000e+00,-0.000000000000000000e+00,-0.000000000000000000e+00,-0.000000000000000000e+00,-1.128438946733423959e-01,-1.958268720211628344e-01,-0.000000000000000000e+00,-2.886753311981996584e-01,-5.469079479622648288e-01,-0.000000000000000000e+00,-0.000000000000000000e+00,-6.400554315514321857e-01,-0.000000000000000000e+00,-0.000000000000000000e+00,-5.587974950483807213e-01,-0.000000000000000000e+00,2.424992923678283674e+00,0.000000000000000000e+00,0.000000000000000000e+00
-1.571432528671390383e-01,-0.000000000000000000e+00,-0.000000000000000000e+00,-0.000000000000000000e+00,-3.001941717092833084e-01,7.274657352534463772e-02,5.412142970771658540e-02,0.000000000000000000e+00,-5.355159211833042665e-01,-1.606006179262003952e-01,-0.000000000000000000e+00,0.000000000000000000e+00,0.000000000000000000e+00,-0.000000000000000000e+00,0.000000000000000000e+00,-0.000000000000000000e+00,0.000000000000000000e+00,9.012665071705440456e-02,0.000000000000000000e+00,0.000000000000000000e+00,0.000000000000000000e+00,0.000000000000000000e+00,-5.674013914271111569e-02,-3.087911874784759342e-02,0.000000000000000000e+00,-1.534820058633678923e-02,-0.000000000000000000e+00,0.000000000000000000e+00,0.000000000000000000e+00,-4.657747129700373634e-02,-0.000000000000000000e+00,0.000000000000000000e+00,-0.000000000000000000e+00,0.000000000000000000e+00,0.000000000000000000e+00,-0.000000000000000000e+00,0.000000000000000000e+00,2.022158713608180669e+00,-4.591885320941651027e-01
-0.000000000000000000e+00,-0.000000000000000000e+00,0.000000000000000000e+00,-0.000000000000000000e+00,-2.301518815740218882e-01,2.707908451111306070e-01,0.000000000000000000e+00,0.000000000000000000e+00,-4.176786224299723349e-01,-6.393909705456133352e-01,-0.000000000000000000e+00,0.000000000000000000e+00,0.000000000000000000e+00,-0.000000000000000000e+00,0.000000000000000000e+00,-0.000000000000000000e+00,0.000000000000000000e+00,6.859385940952077154e-02,5.519090876672797519e-01,0.000000000000000000e+00,3.477716575706853164e-02,0.000000000000000000e+00,-0.000000000000000000e+00,-0.000000000000000000e+00,0.000000000000000000e+00,0.000000000000000000e+00,-0.000000000000000000e+00,0.000000000000000000e+00,0.000000000000000000e+00,-0.000000000000000000e+00,-0.000000000000000000e+00,1.935140369142290817e-01,0.000000000000000000e+00,0.000000000000000000e+00,-0.000000000000000000e+00,-0.000000000000000000e+00,0.000000000000000000e+00,-4.591885320941651027e-01,2.568909657687718617e+00
