2.653215685847715388e+00,-7.238767983990860300e-01,-0.000000000000000000e+00,-3.251437096007542271e-01,-0.000000000000000000e+00,0.000000000000000000e+00,-0.000000000000000000e+00,0.000000000000000000e+00,-0.000000000000000000e+00,-5.681817657618372097e-01,-0.000000000000000000e+00,-0.000000000000000000e+00,0.000000000000000000e+00,-0.000000000000000000e+00,-0.000000000000000000e+00,-1.866662299978955331e-01,-0.000000000000000000e+00,-0.000000000000000000e+00,-0.000000000000000000e+00,-4.590252672847686816e-02,-0.000000000000000000e+00,-0.000000000000000000e+00,-0.000000000000000000e+00,0.000000000000000000e+00,-0.000000000000000000e+00,-0.000000000000000000e+00,-0.000000000000000000e+00,0.000000000000000000e+00,-0.000000000000000000e+00,-6.174720484254774266e-01,-0.000000000000000000e+00,-0.000000000000000000e+00,-0.000000000000000000e+00,-0.000000000000000000e+00,-0.000000000000000000e+00,5.156968152515596648e-02,-0.000000000000000000e+00,-3.400512176880400861e-01,-0.000000000000000000e+00
-7.238767983990860300e-01,2.047342208515102069e+00,-0.000000000000000000e+00,-3.133627218004867571e-02,-0.000000000000000000e+00,5.452643191544319368e-02,-0.000000000000000000e+00,6.062418441027885019e-02,-2.231238905912632797e-01,-0.000000000000000000e+00,-2.341303134325488089e-01,-0.000000000000000000e+00,0.000000000000000000e+00,-0.000000000000000000e+00,0.000000000000000000e+00,-0.000000000000000000e+00,-0.000000000000000000e+00,-0.000000000000000000e+00,-0.000000000000000000e+00,-0.000000000000000000e+00,-0.000000000000000000e+00,0.000000000000000000e+00,-1.007521407196852910e-02,-0.000000000000000000e+00,-5.120360893703805420e-03,-1.971776615060944204e-01,-4.075355202412919882e-03,-0.000000000000000000e+00,-0.000000000000000000e+00,-4.528844937230033091e-02,-0.000000000000000000e+00,-1.755864839045325268e-02,-0.000000000000000000e+00,-0.000000000000000000e+00,-0.000000000000000000e+00,-0.000000000000000000e+00,-0.000000000000000000e+00,-0.000000000000000000e+00,-3.722786471875069725e-01
-0.000000000000000000e+00,-0.000000000000000000e+00,3.008943228368073708e+00,-0.000000000000000000e+00,-2.255445492430994264e-02,9.746400878668265433e-02,-0.000000000000000000e+00,1.531546747955212506e+00,-9.375708641078522865e-02,-0.000000000000000000e+00,-0.000000000000000000e+00,-0.000000000000000000e+00,1.386323034137298404e-01,-1.299233497263505288e-01,-0.000000000000000000e+00,-0.000000000000000000e+00,0.000000000000000000e+00,-0.000000000000000000e+00,-0.000000000000000000e+00,-0.000000000000000000e+00,-0.000000000000000000e+00,-0.000000000000000000e+00,-0.000000000000000000e+00,-0.000000000000000000e+00,-0.000000000000000000e+00,-4.208553335284246355e-01,-3.814658579480813966e-02,-5.065328680045167592e-02,-4.221735850650475824e-02,-0.000000000000000000e+00,-3.417385764932039383e-01,0.000000000000000000e+00,-1.386110783271405356e-01,-8.260270925116855456e-02,-3.424412456137046479e-02,-3.499889998776127553e-02,0.000000000000000000e+00,-0.000000000000000000e+00,-0.000000000000000000e+00
-3.251437096007542271e-01,-3.133627218004867571e-02,-0.000000000000000000e+00,1.490120326960277852e+00,-9.823770701136788630e-02,2.371707478649886791e-01,-0.000000000000000000e+00,3.236928123174531713e-02,-0.000000000000000000e+00,-0.000000000000000000e+00,-0.000000000000000000e+00,-0.000000000000000000e+00,0.000000000000000000e+00,-0.000000000000000000e+00,7.373026635959287201e-02,-9.783676335588266382e-02,-0.000000000000000000e+00,-1.608956218179278808e-01,-0.000000000000000000e+00,-6.811844256457783020e-02,0.000000000000000000e+00,-0.000000000000000000e+00,-0.000000000000000000e+00,0.000000000000000000e+00,-0.000000000000000000e+00,-0.000000000000000000e+00,-1.177134397994729353e-01,0.000000000000000000e+00,-0.000000000000000000e+00,-1.893918692492825573e-01,0.000000000000000000e+00,-0.000000000000000000e+00,-0.000000000000000000e+00,-0.000000000000000000e+00,-0.000000000000000000e+00,4.521942582402484895e-02,-0.000000000000000000e+00,-0.000000000000000000e+00,-0.000000000000000000e+00
-0.000000000000000000e+00,-0.000000000000000000e+00,-2.255445492430994264e-02,-9.823770701136788630e-02,1.933885923251338790e+00,0.000000000000000000e+00,0.000000000000000000e+00,2.202008728677095351e-01,-5.317010248628519647e-02,-0.000000000000000000e+00,-0.000000000000000000e+00,0.000000000000000000e+00,0.000000000000000000e+00,-0.000000000000000000e+00,0.000000000000000000e+00,-0.000000000000000000e+00,-0.000000000000000000e+00,-4.635896871882351777e-01,-2.707011461085236936e-01,0.000000000000000000e+00,0.000000000000000000e+00,8.847324036249125390e-02,-0.000000000000000000e+00,-0.000000000000000000e+00,-2.280066945933004741e-01,-8.900496818284535372e-02,-0.000000000000000000e+00,-3.363368711429447211e-02,0.000000000000000000e+00,-0.000000000000000000e+00,-0.000000000000000000e+00,-0.000000000000000000e+00,0.000000000000000000e+00,-5.091507635981538105e-01,0.000000000000000000e+00,-0.000000000000000000e+00,-0.000000000000000000e+00,0.000000000000000000e+00,0.000000000000000000e+00
0.000000000000000000e+00,5.452643191544319368e-02,9.746400878668265433e-02,2.371707478649886791e-01,0.000000000000000000e+00,1.154427796176493271e+00,1.378034603143158676e-01,-3.466859570061958662e-02,0.000000000000000000e+00,0.000000000000000000e+00,-0.000000000000000000e+00,-0.000000000000000000e+00,-0.000000000000000000e+00,0.000000000000000000e+00,-0.000000000000000000e+00,1.222793834534300315e-02,-0.000000000000000000e+00,0.000000000000000000e+00,0.000000000000000000e+00,0.000000000000000000e+00,-0.000000000000000000e+00,0.000000000000000000e+00,0.000000000000000000e+00,-0.000000000000000000e+00,0.000000000000000000e+00,0.000000000000000000e+00,0.000000000000000000e+00,-0.000000000000000000e+00,-0.000000000000000000e+00,0.000000000000000000e+00,-0.000000000000000000e+00,-1.357656835943716611e-01,2.564063368210508717e-02,1.003683731024719280e-03,-0.000000000000000000e+00,0.000000000000000000e+00,-0.000000000000000000e+00,0.000000000000000000e+00,0.000000000000000000e+00
-0.000000000000000000e+00,-0.000000000000000000e+00,-0.000000000000000000e+00,-0.000000000000000000e+00,0.000000000000000000e+00,1.378034603143158676e-01,1.158338874889540238e+00,0.000000000000000000e+00,-0.000000000000000000e+00,-0.000000000000000000e+00,0.000000000000000000e+00,1.356626472964137797e-01,-0.000000000000000000e+00,-0.000000000000000000e+00,0.000000000000000000e+00,-0.000000000000000000e+00,0.000000000000000000e+00,-0.000000000000000000e+00,-7.928897033652403115e-02,-0.000000000000000000e+00,-0.000000000000000000e+00,-1.416507552701766759e-01,-0.000000000000000000e+00,0.000000000000000000e+00,-0.000000000000000000e+00,-0.000000000000000000e+00,-0.000000000000000000e+00,-0.000000000000000000e+00,-0.000000000000000000e+00,-0.000000000000000000e+00,-0.000000000000000000e+00,0.000000000000000000e+00,-2.775339576246377282e-01,0.000000000000000000e+00,-0.000000000000000000e+00,-0.000000000000000000e+00,0.000000000000000000e+00,0.000000000000000000e+00,-0.000000000000000000e+00
0.000000000000000000e+00,6.062418441027885019e-02,1.531546747955212506e+00,3.236928123174531713e-02,2.202008728677095351e-01,-3.466859570061958662e-02,0.000000000000000000e+00,2.926580954296510217e+00,6.470621287856009873e-02,0.000000000000000000e+00,0.000000000000000000e+00,0.000000000000000000e+00,-8.226302881893554630e-02,1.695869993637236922e-02,0.000000000000000000e+00,0.000000000000000000e+00,0.000000000000000000e+00,0.000000000000000000e+00,0.000000000000000000e+00,0.000000000000000000e+00,0.000000000000000000e+00,0.000000000000000000e+00,0.000000000000000000e+00,0.000000000000000000e+00,0.000000000000000000e+00,4.699385753689226397e-01,1.760677040300870910e-01,1.207693017125439222e-01,5.493662203747982919e-02,0.000000000000000000e+00,1.493874914747364557e-01,0.000000000000000000e+00,0.000000000000000000e+00,4.982781264997552910e-03,3.196062820465895432e-02,0.000000000000000000e+00,-0.000000000000000000e+00,0.000000000000000000e+00,0.000000000000000000e+00
-0.000000000000000000e+00,-2.231238905912632797e-01,-9.375708641078522865e-02,-0.000000000000000000e+00,-5.317010248628519647e-02,0.000000000000000000e+00,-0.000000000000000000e+00,6.470621287856009873e-02,2.375100673340200697e+00,-0.000000000000000000e+00,-0.000000000000000000e+00,-0.000000000000000000e+00,0.000000000000000000e+00,-2.725353087864585966e-01,-0.000000000000000000e+00,-0.000000000000000000e+00,-0.000000000000000000e+00,-1.663631284582042791e-02,-1.539355164525950913e-02,-0.000000000000000000e+00,-0.000000000000000000e+00,-0.000000000000000000e+00,-0.000000000000000000e+00,-0.000000000000000000e+00,-3.170870038646420030e-01,-5.097342706877212581e-01,-1.183671654078610747e-01,-0.000000000000000000e+00,-0.000000000000000000e+00,-0.000000000000000000e+00,-0.000000000000000000e+00,0.000000000000000000e+00,-0.000000000000000000e+00,-3.511216819141017020e-01,-0.000000000000000000e+00,-2.679076164831391618e-02,0.000000000000000000e+00,-0.000000000000000000e+00,-4.451138865992649296e-01
-5.681817657618372097e-01,-0.000000000000000000e+00,-0.000000000000000000e+00,-0.000000000000000000e+00,-0.000000000000000000e+00,0.000000000000000000e+00,-0.000000000000000000e+00,0.000000000000000000e+00,-0.000000000000000000e+00,2.596024921236305349e+00,-0.000000000000000000e+00,-2.587752819675847096e-02,0.000000000000000000e+00,-0.000000000000000000e+00,-0.000000000000000000e+00,-8.701768438934642802e-01,0.000000000000000000e+00,-0.000000000000000000e+00,-0.000000000000000000e+00,-0.000000000000000000e+00,-0.000000000000000000e+00,-1.411117869345639153e-01,-5.111260669736904932e-02,0.000000000000000000e+00,-0.000000000000000000e+00,-0.000000000000000000e+00,-0.000000000000000000e+00,0.000000000000000000e+00,-2.223507407595418650e-01,-6.005976057626500886e-01,-0.000000000000000000e+00,0.000000000000000000e+00,-1.412431822289768324e-01,-0.000000000000000000e+00,-0.000000000000000000e+00,0.000000000000000000e+00,0.000000000000000000e+00,-0.000000000000000000e+00,-0.000000000000000000e+00
-0.000000000000000000e+00,-2.341303134325488089e-01,-0.000000000000000000e+00,-0.000000000000000000e+00,-0.000000000000000000e+00,-0.000000000000000000e+00,0.000000000000000000e+00,0.000000000000000000e+00,-0.000000000000000000e+00,-0.000000000000000000e+00,2.202134390607245251e+00,-0.000000000000000000e+00,0.000000000000000000e+00,-0.000000000000000000e+00,-0.000000000000000000e+00,-0.000000000000000000e+00,-9.492982531885769681e-01,-0.000000000000000000e+00,0.000000000000000000e+00,-0.000000000000000000e+00,-4.328334440968018698e-02,-0.000000000000000000e+00,-1.998187485165601462e-01,-9.379428099299268878e-03,-0.000000000000000000e+00,-3.204251480336648972e-01,-0.000000000000000000e+00,-0.000000000000000000e+00,-1.331695678596168941e-01,-0.000000000000000000e+00,-0.000000000000000000e+00,-2.953940960736660126e-01,-0.000000000000000000e+00,-0.000000000000000000e+00,-1.547658807732120168e-01,0.000000000000000000e+00,-0.000000000000000000e+00,-9.486211369711514130e-02,-0.000000000000000000e+00
-0.000000000000000000e+00,-0.000000000000000000e+00,-0.000000000000000000e+00,-0.000000000000000000e+00,0.000000000000000000e+00,-0.000000000000000000e+00,1.356626472964137797e-01,0.000000000000000000e+00,-0.000000000000000000e+00,-2.587752819675847096e-02,-0.000000000000000000e+00,1.292919277532801114e+00,6.084249039485267740e-02,-0.000000000000000000e+00,-1.038302833606853659e-01,-0.000000000000000000e+00,0.000000000000000000e+00,-0.000000000000000000e+00,0.000000000000000000e+00,-0.000000000000000000e+00,-0.000000000000000000e+00,-5.205985677968442971e-02,-0.000000000000000000e+00,0.000000000000000000e+00,-0.000000000000000000e+00,-0.000000000000000000e+00,-0.000000000000000000e+00,0.000000000000000000e+00,-0.000000000000000000e+00,-0.000000000000000000e+00,-2.945613698408393669e-02,0.000000000000000000e+00,-5.162726053046351460e-02,-0.000000000000000000e+00,-2.490794581267093827e-02,-0.000000000000000000e+00,0.000000000000000000e+00,-0.000000000000000000e+00,-4.680740567872311297e-01
0.000000000000000000e+00,0.000000000000000000e+00,1.386323034137298404e-01,0.000000000000000000e+00,0.000000000000000000e+00,-0.000000000000000000e+00,-0.000000000000000000e+00,-8.226302881893554630e-02,0.000000000000000000e+00,0.000000000000000000e+00,0.000000000000000000e+00,6.084249039485267740e-02,1.311489212019350203e+00,0.000000000000000000e+00,0.000000000000000000e+00,0.000000000000000000e+00,-0.000000000000000000e+00,0.000000000000000000e+00,0.000000000000000000e+00,0.000000000000000000e+00,0.000000000000000000e+00,-0.000000000000000000e+00,0.000000000000000000e+00,0.000000000000000000e+00,0.000000000000000000e+00,6.967282892491197255e-02,0.000000000000000000e+00,0.000000000000000000e+00,0.000000000000000000e+00,0.000000000000000000e+00,2.986890989591445278e-01,-0.000000000000000000e+00,0.000000000000000000e+00,1.655518787589644880e-01,0.000000000000000000e+00,0.000000000000000000e+00,-6.165755232498577876e-02,4.164872763068107331e-02,0.000000000000000000e+00
-0.000000000000000000e+00,-0.000000000000000000e+00,-1.299233497263505288e-01,-0.000000000000000000e+00,-0.000000000000000000e+00,0.000000000000000000e+00,-0.000000000000000000e+00,1.695869993637236922e-02,-2.725353087864585966e-01,-0.000000000000000000e+00,-0.000000000000000000e+00,-0.000000000000000000e+00,0.000000000000000000e+00,1.900462094361177190e+00,-0.000000000000000000e+00,-2.312497492213325401e-01,0.000000000000000000e+00,-0.000000000000000000e+00,-0.000000000000000000e+00,-0.000000000000000000e+00,-0.000000000000000000e+00,-0.000000000000000000e+00,-1.192035649258640084e-01,-2.778189247572016018e-01,-6.206764844404920323e-02,-1.837800110531479791e-01,-0.000000000000000000e+00,0.000000000000000000e+00,-2.492767319907600865e-01,-0.000000000000000000e+00,-1.227373696506759981e-01,0.000000000000000000e+00,-2.243434499495685908e-01,-0.000000000000000000e+00,-0.000000000000000000e+00,-2.186392750953480152e-02,0.000000000000000000e+00,-0.000000000000000000e+00,-0.000000000000000000e+00
-0.000000000000000000e+00,0.000000000000000000e+00,-0.000000000000000000e+00,7.373026635959287201e-02,0.000000000000000000e+00,-0.000000000000000000e+00,0.000000000000000000e+00,0.000000000000000000e+00,-0.000000000000000000e+00,-0.000000000000000000e+00,-0.000000000000000000e+00,-1.038302833606853659e-01,0.000000000000000000e+00,-0.000000000000000000e+00,1.524036041954246468e+00,-0.000000000000000000e+00,-0.000000000000000000e+00,0.000000000000000000e+00,-0.000000000000000000e+00,-0.000000000000000000e+00,-3.491716448854317867e-01,-0.000000000000000000e+00,-0.000000000000000000e+00,-0.000000000000000000e+00,-0.000000000000000000e+00,-2.386905787730217790e-03,0.000000000000000000e+00,0.000000000000000000e+00,-0.000000000000000000e+00,-0.000000000000000000e+00,-0.000000000000000000e+00,0.000000000000000000e+00,-1.867187314478701010e-01,-0.000000000000000000e+00,-0.000000000000000000e+00,-5.598405911269777047e-02,3.825642207855931565e-01,-2.384689641345411337e-01,-1.761817006364572724e-01
-1.866662299978955331e-01,-0.000000000000000000e+00,-0.000000000000000000e+00,-9.783676335588266382e-02,-0.000000000000000000e+00,1.222793834534300315e-02,-0.000000000000000000e+00,0.000000000000000000e+00,-0.000000000000000000e+00,-8.701768438934642802e-01,-0.000000000000000000e+00,-0.000000000000000000e+00,0.000000000000000000e+00,-2.312497492213325401e-01,-0.000000000000000000e+00,2.070358890370588512e+00,-0.000000000000000000e+00,-0.000000000000000000e+00,-0.000000000000000000e+00,-0.000000000000000000e+00,-0.000000000000000000e+00,-0.000000000000000000e+00,-0.000000000000000000e+00,0.000000000000000000e+00,-0.000000000000000000e+00,-0.000000000000000000e+00,-0.000000000000000000e+00,0.000000000000000000e+00,-0.000000000000000000e+00,-4.036069124107228290e-01,0.000000000000000000e+00,-0.000000000000000000e+00,-0.000000000000000000e+00,-0.000000000000000000e+00,-0.000000000000000000e+00,0.000000000000000000e+00,-0.000000000000000000e+00,-0.000000000000000000e+00,-0.000000000000000000e+00
-0.000000000000000000e+00,-0.000000000000000000e+00,0.000000000000000000e+00,-0.000000000000000000e+00,-0.000000000000000000e+00,-0.000000000000000000e+00,0.000000000000000000e+00,0.000000000000000000e+00,-0.000000000000000000e+00,0.000000000000000000e+00,-9.492982531885769681e-01,0.000000000000000000e+00,-0.000000000000000000e+00,0.000000000000000000e+00,-0.000000000000000000e+00,-0.000000000000000000e+00,1.736239822112689346e+00,-0.000000000000000000e+00,0.000000000000000000e+00,-0.000000000000000000e+00,-0.000000000000000000e+00,0.000000000000000000e+00,-1.349536482515300284e-01,-0.000000000000000000e+00,-1.050840958632995314e-01,-0.000000000000000000e+00,-0.000000000000000000e+00,-2.121193577927182536e-02,-0.000000000000000000e+00,-0.000000000000000000e+00,0.000000000000000000e+00,-1.734076755966209582e-01,0.000000000000000000e+00,0.000000000000000000e+00,-0.000000000000000000e+00,0.000000000000000000e+00,-0.000000000000000000e+00,-0.000000000000000000e+00,-0.000000000000000000e+00
-0.000000000000000000e+00,-0.000000000000000000e+00,-0.000000000000000000e+00,-1.608956218179278808e-01,-4.635896871882351777e-01,0.000000000000000000e+00,-0.000000000000000000e+00,0.000000000000000000e+00,-1.663631284582042791e-02,-0.000000000000000000e+00,-0.000000000000000000e+00,-0.000000000000000000e+00,0.000000000000000000e+00,-0.000000000000000000e+00,0.000000000000000000e+00,-0.000000000000000000e+00,-0.000000000000000000e+00,1.891141864510262893e+00,-8.670363747215026340e-01,0.000000000000000000e+00,0.000000000000000000e+00,0.000000000000000000e+00,-0.000000000000000000e+00,-0.000000000000000000e+00,-1.509104286635618367e-02,-0.000000000000000000e+00,-0.000000000000000000e+00,0.000000000000000000e+00,-0.000000000000000000e+00,-1.474185899553245305e-01,0.000000000000000000e+00,0.000000000000000000e+00,0.000000000000000000e+00,-0.000000000000000000e+00,-0.000000000000000000e+00,0.000000000000000000e+00,0.000000000000000000e+00,0.000000000000000000e+00,0.000000000000000000e+00
-0.000000000000000000e+00,-0.000000000000000000e+00,-0.000000000000000000e+00,-0.000000000000000000e+00,-2.707011461085236936e-01,0.000000000000000000e+00,-7.928897033652403115e-02,0.000000000000000000e+00,-1.539355164525950913e-02,-0.000000000000000000e+00,0.000000000000000000e+00,0.000000000000000000e+00,0.000000000000000000e+00,-0.000000000000000000e+00,-0.000000000000000000e+00,-0.000000000000000000e+00,0.000000000000000000e+00,-8.670363747215026340e-01,1.746391386680851365e+00,0.000000000000000000e+00,-0.000000000000000000e+00,0.000000000000000000e+00,-0.000000000000000000e+00,-0.000000000000000000e+00,-2.982622589950423460e-03,-0.000000000000000000e+00,-1.941644044496595722e-01,-0.000000000000000000e+00,-0.000000000000000000e+00,-0.000000000000000000e+00,-0.000000000000000000e+00,0.000000000000000000e+00,-0.000000000000000000e+00,-0.000000000000000000e+00,-0.000000000000000000e+00,0.000000000000000000e+00,1.936229891062068997e-02,-0.000000000000000000e+00,0.000000000000000000e+00
-4.590252672847686816e-02,-0.000000000000000000e+00,-0.000000000000000000e+00,-6.811844256457783020e-02,0.000000000000000000e+00,0.000000000000000000e+00,-0.000000000000000000e+00,0.000000000000000000e+00,-0.000000000000000000e+00,-0.000000000000000000e+00,-0.000000000000000000e+00,-0.000000000000000000e+00,0.000000000000000000e+00,-0.000000000000000000e+00,-0.000000000000000000e+00,-0.000000000000000000e+00,-0.000000000000000000e+00,0.000000000000000000e+00,0.000000000000000000e+00,1.634876728277506075e+00,-2.492295160176883490e-02,-2.140555657732595152e-01,-0.000000000000000000e+00,0.000000000000000000e+00,0.000000000000000000e+00,-5.767251166651985589e-02,-0.000000000000000000e+00,-0.000000000000000000e+00,-1.961374754892653699e-02,-0.000000000000000000e+00,-0.000000000000000000e+00,0.000000000000000000e+00,-6.501657494504473611e-01,0.000000000000000000e+00,-2.115957780541423972e-01,0.000000000000000000e+00,0.000000000000000000e+00,-0.000000000000000000e+00,-0.000000000000000000e+00
-0.000000000000000000e+00,-0.000000000000000000e+00,-0.000000000000000000e+00,0.000000000000000000e+00,0.000000000000000000e+00,-0.000000000000000000e+00,-0.000000000000000000e+00,0.000000000000000000e+00,-0.000000000000000000e+00,-0.000000000000000000e+00,-4.328334440968018698e-02,-0.000000000000000000e+00,0.000000000000000000e+00,-0.000000000000000000e+00,-3.491716448854317867e-01,-0.000000000000000000e+00,-0.000000000000000000e+00,0.000000000000000000e+00,-0.000000000000000000e+00,-2.492295160176883490e-02,1.282627671701670691e+00,-0.000000000000000000e+00,-0.000000000000000000e+00,-0.000000000000000000e+00,-4.744397837933946038e-02,-0.000000000000000000e+00,0.000000000000000000e+00,-0.000000000000000000e+00,-7.403133959668625752e-02,-0.000000000000000000e+00,-0.000000000000000000e+00,0.000000000000000000e+00,-2.282314593864976093e-01,-0.000000000000000000e+00,-4.751632228904306005e-02,-0.000000000000000000e+00,0.000000000000000000e+00,-0.000000000000000000e+00,-0.000000000000000000e+00
-0.000000000000000000e+00,0.000000000000000000e+00,-0.000000000000000000e+00,-0.000000000000000000e+00,8.847324036249125390e-02,0.000000000000000000e+00,-1.416507552701766759e-01,0.000000000000000000e+00,-0.000000000000000000e+00,-1.411117869345639153e-01,-0.000000000000000000e+00,-5.205985677968442971e-02,-0.000000000000000000e+00,-0.000000000000000000e+00,-0.000000000000000000e+00,-0.000000000000000000e+00,0.000000000000000000e+00,0.000000000000000000e+00,0.000000000000000000e+00,-2.140555657732595152e-01,-0.000000000000000000e+00,1.500395898950245721e+00,-0.000000000000000000e+00,0.000000000000000000e+00,0.000000000000000000e+00,-0.000000000000000000e+00,-0.000000000000000000e+00,0.000000000000000000e+00,-4.612201355231804710e-03,-0.000000000000000000e+00,-0.000000000000000000e+00,0.000000000000000000e+00,-5.061066381655376922e-01,0.000000000000000000e+00,-1.191651676839816099e-01,0.000000000000000000e+00,6.809891551140770383e-02,-0.000000000000000000e+00,-0.000000000000000000e+00
-0.000000000000000000e+00,-1.007521407196852910e-02,-0.000000000000000000e+00,-0.000000000000000000e+00,-0.000000000000000000e+00,0.000000000000000000e+00,-0.000000000000000000e+00,0.000000000000000000e+00,-0.000000000000000000e+00,-5.111260669736904932e-02,-1.998187485165601462e-01,-0.000000000000000000e+00,0.000000000000000000e+00,-1.192035649258640084e-01,-0.000000000000000000e+00,-0.000000000000000000e+00,-1.349536482515300284e-01,-0.000000000000000000e+00,-0.000000000000000000e+00,-0.000000000000000000e+00,-0.000000000000000000e+00,-0.000000000000000000e+00,2.122704992890831033e+00,-6.720247419140916445e-02,-7.657052139448849992e-01,-2.721298443893506169e-01,-1.562745048999862885e-01,-0.000000000000000000e+00,-0.000000000000000000e+00,-2.476543055692110862e-01,-0.000000000000000000e+00,-0.000000000000000000e+00,-0.000000000000000000e+00,-4.081186066792947403e-02,-3.124245593404944774e-02,-0.000000000000000000e+00,0.000000000000000000e+00,-0.000000000000000000e+00,-7.700707339953194452e-02
0.000000000000000000e+00,-0.000000000000000000e+00,-0.000000000000000000e+00,0.000000000000000000e+00,-0.000000000000000000e+00,-0.000000000000000000e+00,0.000000000000000000e+00,0.000000000000000000e+00,-0.000000000000000000e+00,0.000000000000000000e+00,-9.379428099299268878e-03,0.000000000000000000e+00,0.000000000000000000e+00,-2.778189247572016018e-01,-0.000000000000000000e+00,0.000000000000000000e+00,-0.000000000000000000e+00,-0.000000000000000000e+00,-0.000000000000000000e+00,0.000000000000000000e+00,-0.000000000000000000e+00,0.000000000000000000e+00,-6.720247419140916445e-02,1.416651635969413681e+00,-2.982931651268974638e-01,-0.000000000000000000e+00,-0.000000000000000000e+00,-0.000000000000000000e+00,-0.000000000000000000e+00,0.000000000000000000e+00,-1.940201440716365355e-01,-7.073543387695860329e-02,0.000000000000000000e+00,-0.000000000000000000e+00,-0.000000000000000000e+00,-2.289425886989673031e-01,-0.000000000000000000e+00,-0.000000000000000000e+00,-0.000000000000000000e+00
-0.000000000000000000e+00,-5.120360893703805420e-03,-0.000000000000000000e+00,-0.000000000000000000e+00,-2.280066945933004741e-01,0.000000000000000000e+00,-0.000000000000000000e+00,0.000000000000000000e+00,-3.170870038646420030e-01,-0.000000000000000000e+00,-0.000000000000000000e+00,-0.000000000000000000e+00,0.000000000000000000e+00,-6.206764844404920323e-02,-0.000000000000000000e+00,-0.000000000000000000e+00,-1.050840958632995314e-01,-1.509104286635618367e-02,-2.982622589950423460e-03,0.000000000000000000e+00,-4.744397837933946038e-02,0.000000000000000000e+00,-7.657052139448849992e-01,-2.982931651268974638e-01,1.979267933978886118e+00,-0.000000000000000000e+00,-0.000000000000000000e+00,-0.000000000000000000e+00,-0.000000000000000000e+00,-0.000000000000000000e+00,-0.000000000000000000e+00,0.000000000000000000e+00,-0.000000000000000000e+00,-7.857480112138659489e-02,-0.000000000000000000e+00,-0.000000000000000000e+00,0.000000000000000000e+00,-0.000000000000000000e+00,-0.000000000000000000e+00
-0.000000000000000000e+00,-1.971776615060944204e-01,-4.208553335284246355e-01,-0.000000000000000000e+00,-8.900496818284535372e-02,0.000000000000000000e+00,-0.000000000000000000e+00,4.699385753689226397e-01,-5.097342706877212581e-01,-0.000000000000000000e+00,-3.204251480336648972e-01,-0.000000000000000000e+00,6.967282892491197255e-02,-1.837800110531479791e-01,-2.386905787730217790e-03,-0.000000000000000000e+00,-0.000000000000000000e+00,-0.000000000000000000e+00,-0.000000000000000000e+00,-5.767251166651985589e-02,-0.000000000000000000e+00,-0.000000000000000000e+00,-2.721298443893506169e-01,-0.000000000000000000e+00,-0.000000000000000000e+00,2.709839456824893134e+00,-3.119825398796999272e-01,-0.000000000000000000e+00,-0.000000000000000000e+00,-0.000000000000000000e+00,-0.000000000000000000e+00,0.000000000000000000e+00,-0.000000000000000000e+00,-0.000000000000000000e+00,-2.540141329128164059e-03,-0.000000000000000000e+00,0.000000000000000000e+00,-1.059078644779077177e-01,-0.000000000000000000e+00
-0.000000000000000000e+00,-4.075355202412919882e-03,-3.814658579480813966e-02,-1.177134397994729353e-01,-0.000000000000000000e+00,0.000000000000000000e+00,-0.000000000000000000e+00,1.760677040300870910e-01,-1.183671654078610747e-01,-0.000000000000000000e+00,-0.000000000000000000e+00,-0.000000000000000000e+00,0.000000000000000000e+00,-0.000000000000000000e+00,0.000000000000000000e+00,-0.000000000000000000e+00,-0.000000000000000000e+00,-0.000000000000000000e+00,-1.941644044496595722e-01,-0.000000000000000000e+00,0.000000000000000000e+00,-0.000000000000000000e+00,-1.562745048999862885e-01,-0.000000000000000000e+00,-0.000000000000000000e+00,-3.119825398796999272e-01,1.587258242685346321e+00,-0.000000000000000000e+00,-0.000000000000000000e+00,-1.164410976921645829e-01,-0.000000000000000000e+00,-0.000000000000000000e+00,-0.000000000000000000e+00,-1.286922329015197652e-01,-0.000000000000000000e+00,-0.000000000000000000e+00,0.000000000000000000e+00,-0.000000000000000000e+00,-4.925133514747889220e-03
0.000000000000000000e+00,-0.000000000000000000e+00,-5.065328680045167592e-02,0.000000000000000000e+00,-3.363368711429447211e-02,-0.000000000000000000e+00,-0.000000000000000000e+00,1.207693017125439222e-01,-0.000000000000000000e+00,0.000000000000000000e+00,-0.000000000000000000e+00,0.000000000000000000e+00,0.000000000000000000e+00,0.000000000000000000e+00,0.000000000000000000e+00,0.000000000000000000e+00,-2.121193577927182536e-02,0.000000000000000000e+00,-0.000000000000000000e+00,-0.000000000000000000e+00,-0.000000000000000000e+00,0.000000000000000000e+00,-0.000000000000000000e+00,-0.000000000000000000e+00,-0.000000000000000000e+00,-0.000000000000000000e+00,-0.000000000000000000e+00,1.035228674844727914e+00,-0.000000000000000000e+00,0.000000000000000000e+00,-0.000000000000000000e+00,-0.000000000000000000e+00,0.000000000000000000e+00,-3.806641890961048793e-03,0.000000000000000000e+00,-0.000000000000000000e+00,-0.000000000000000000e+00,0.000000000000000000e+00,-0.000000000000000000e+00
-0.000000000000000000e+00,-0.000000000000000000e+00,-4.221735850650475824e-02,-0.000000000000000000e+00,0.000000000000000000e+00,-0.000000000000000000e+00,-0.000000000000000000e+00,5.493662203747982919e-02,-0.000000000000000000e+00,-2.223507407595418650e-01,-1.331695678596168941e-01,-0.000000000000000000e+00,0.000000000000000000e+00,-2.492767319907600865e-01,-0.000000000000000000e+00,-0.000000000000000000e+00,-0.000000000000000000e+00,-0.000000000000000000e+00,-0.000000000000000000e+00,-1.961374754892653699e-02,-7.403133959668625752e-02,-4.612201355231804710e-03,-0.000000000000000000e+00,-0.000000000000000000e+00,-0.000000000000000000e+00,-0.000000000000000000e+00,-0.000000000000000000e+00,-0.000000000000000000e+00,2.267376092430924750e+00,-0.000000000000000000e+00,-0.000000000000000000e+00,-0.000000000000000000e+00,-3.925812209951098919e-01,0.000000000000000000e+00,-8.216794792650645718e-01,-0.000000000000000000e+00,0.000000000000000000e+00,-2.807840486678362391e-01,-0.000000000000000000e+00
-6.174720484254774266e-01,-4.528844937230033091e-02,-0.000000000000000000e+00,-1.893918692492825573e-01,-0.000000000000000000e+00,0.000000000000000000e+00,-0.000000000000000000e+00,0.000000000000000000e+00,-0.000000000000000000e+00,-6.005976057626500886e-01,-0.000000000000000000e+00,-0.000000000000000000e+00,0.000000000000000000e+00,-0.000000000000000000e+00,-0.000000000000000000e+00,-4.036069124107228290e-01,-0.000000000000000000e+00,-1.474185899553245305e-01,-0.000000000000000000e+00,-0.000000000000000000e+00,-0.000000000000000000e+00,-0.000000000000000000e+00,-2.476543055692110862e-01,0.000000000000000000e+00,-0.000000000000000000e+00,-0.000000000000000000e+00,-1.164410976921645829e-01,0.000000000000000000e+00,-0.000000000000000000e+00,2.393465062679576594e+00,-0.000000000000000000e+00,-0.000000000000000000e+00,-0.000000000000000000e+00,-5.588663629737876393e-02,-0.000000000000000000e+00,0.000000000000000000e+00,0.000000000000000000e+00,-0.000000000000000000e+00,-2.616366806757783672e-02
-0.000000000000000000e+00,-0.000000000000000000e+00,-3.417385764932039383e-01,0.000000000000000000e+00,-0.000000000000000000e+00,-0.000000000000000000e+00,-0.000000000000000000e+00,1.493874914747364557e-01,-0.000000000000000000e+00,-0.000000000000000000e+00,-0.000000000000000000e+00,-2.945613698408393669e-02,2.986890989591445278e-01,-1.227373696506759981e-01,-0.000000000000000000e+00,0.000000000000000000e+00,0.000000000000000000e+00,0.000000000000000000e+00,-0.000000000000000000e+00,-0.000000000000000000e+00,-0.000000000000000000e+00,-0.000000000000000000e+00,-0.000000000000000000e+00,-1.940201440716365355e-01,-0.000000000000000000e+00,-0.000000000000000000e+00,-0.000000000000000000e+00,-0.000000000000000000e+00,-0.000000000000000000e+00,-0.000000000000000000e+00,1.674826319060130908e+00,0.000000000000000000e+00,-0.000000000000000000e+00,-0.000000000000000000e+00,-2.703439410440530710e-01,-1.860017307052609092e-01,0.000000000000000000e+00,-0.000000000000000000e+00,-0.000000000000000000e+00
-0.000000000000000000e+00,-1.755864839045325268e-02,0.000000000000000000e+00,-0.000000000000000000e+00,-0.000000000000000000e+00,-1.357656835943716611e-01,0.000000000000000000e+00,0.000000000000000000e+00,0.000000000000000000e+00,0.000000000000000000e+00,-2.953940960736660126e-01,0.000000000000000000e+00,-0.000000000000000000e+00,0.000000000000000000e+00,0.000000000000000000e+00,-0.000000000000000000e+00,-1.734076755966209582e-01,0.000000000000000000e+00,0.000000000000000000e+00,0.000000000000000000e+00,0.000000000000000000e+00,0.000000000000000000e+00,-0.000000000000000000e+00,-7.073543387695860329e-02,0.000000000000000000e+00,0.000000000000000000e+00,-0.000000000000000000e+00,-0.000000000000000000e+00,-0.000000000000000000e+00,-0.000000000000000000e+00,0.000000000000000000e+00,2.092186638889669936e+00,0.000000000000000000e+00,0.000000000000000000e+00,-0.000000000000000000e+00,0.000000000000000000e+00,-1.367754547876886884e+00,-0.000000000000000000e+00,-0.000000000000000000e+00
-0.000000000000000000e+00,-0.000000000000000000e+00,-1.386110783271405356e-01,-0.000000000000000000e+00,0.000000000000000000e+00,2.564063368210508717e-02,-2.775339576246377282e-01,0.000000000000000000e+00,-0.000000000000000000e+00,-1.412431822289768324e-01,-0.000000000000000000e+00,-5.162726053046351460e-02,0.000000000000000000e+00,-2.243434499495685908e-01,-1.867187314478701010e-01,-0.000000000000000000e+00,0.000000000000000000e+00,0.000000000000000000e+00,-0.000000000000000000e+00,-6.501657494504473611e-01,-2.282314593864976093e-01,-5.061066381655376922e-01,-0.000000000000000000e+00,0.000000000000000000e+00,-0.000000000000000000e+00,-0.000000000000000000e+00,-0.000000000000000000e+00,0.000000000000000000e+00,-3.925812209951098919e-01,-0.000000000000000000e+00,-0.000000000000000000e+00,0.000000000000000000e+00,2.672293158781617439e+00,-0.000000000000000000e+00,-1.111845143043878881e-01,-0.000000000000000000e+00,8.410689703777703141e-02,-0.000000000000000000e+00,-3.871904963217517315e-01
-0.000000000000000000e+00,-0.000000000000000000e+00,-8.260270925116855456e-02,-0.000000000000000000e+00,-5.091507635981538105e-01,1.003683731024719280e-03,0.000000000000000000e+00,4.982781264997552910e-03,-3.511216819141017020e-01,-0.000000000000000000e+00,-0.000000000000000000e+00,-0.000000000000000000e+00,1.655518787589644880e-01,-0.000000000000000000e+00,-0.000000000000000000e+00,-0.000000000000000000e+00,0.000000000000000000e+00,-0.000000000000000000e+00,-0.000000000000000000e+00,0.000000000000000000e+00,-0.000000000000000000e+00,0.000000000000000000e+00,-4.081186066792947403e-02,-0.000000000000000000e+00,-7.857480112138659489e-02,-0.000000000000000000e+00,-1.286922329015197652e-01,-3.806641890961048793e-03,0.000000000000000000e+00,-5.588663629737876393e-02,-0.000000000000000000e+00,0.000000000000000000e+00,-0.000000000000000000e+00,1.807675867222755750e+00,0.000000000000000000e+00,-2.518346489165425028e-01,0.000000000000000000e+00,-0.000000000000000000e+00,-1.130559297169491523e-01
-0.000000000000000000e+00,-0.000000000000000000e+00,-3.424412456137046479e-02,-0.000000000000000000e+00,0.000000000000000000e+00,-0.000000000000000000e+00,-0.000000000000000000e+00,3.196062820465895432e-02,-0.000000000000000000e+00,-0.000000000000000000e+00,-1.547658807732120168e-01,-2.490794581267093827e-02,0.000000000000000000e+00,-0.000000000000000000e+00,-0.000000000000000000e+00,-0.000000000000000000e+00,-0.000000000000000000e+00,-0.000000000000000000e+00,-0.000000000000000000e+00,-2.115957780541423972e-01,-4.751632228904306005e-02,-1.191651676839816099e-01,-3.124245593404944774e-02,-0.000000000000000000e+00,-0.000000000000000000e+00,-2.540141329128164059e-03,-0.000000000000000000e+00,0.000000000000000000e+00,-8.216794792650645718e-01,-0.000000000000000000e+00,-2.703439410440530710e-01,-0.000000000000000000e+00,-1.111845143043878881e-01,0.000000000000000000e+00,2.088939271238563045e+00,0.000000000000000000e+00,0.000000000000000000e+00,-2.381733430619308034e-01,-0.000000000000000000e+00
5.156968152515596648e-02,-0.000000000000000000e+00,-3.499889998776127553e-02,4.521942582402484895e-02,-0.000000000000000000e+00,0.000000000000000000e+00,-0.000000000000000000e+00,0.000000000000000000e+00,-2.679076164831391618e-02,0.000000000000000000e+00,0.000000000000000000e+00,-0.000000000000000000e+00,0.000000000000000000e+00,-2.186392750953480152e-02,-5.598405911269777047e-02,0.000000000000000000e+00,0.000000000000000000e+00,0.000000000000000000e+00,0.000000000000000000e+00,0.000000000000000000e+00,-0.000000000000000000e+00,0.000000000000000000e+00,-0.000000000000000000e+00,-2.289425886989673031e-01,-0.000000000000000000e+00,-0.000000000000000000e+00,-0.000000000000000000e+00,-0.000000000000000000e+00,-0.000000000000000000e+00,0.000000000000000000e+00,-1.860017307052609092e-01,0.000000000000000000e+00,-0.000000000000000000e+00,-2.518346489165425028e-01,0.000000000000000000e+00,1.260704631822046062e+00,2.046799210182220427e-02,-0.000000000000000000e+00,-7.270905778650625650e-02
-0.000000000000000000e+00,-0.000000000000000000e+00,0.000000000000000000e+00,-0.000000000000000000e+00,-0.000000000000000000e+00,-0.000000000000000000e+00,0.000000000000000000e+00,-0.000000000000000000e+00,0.000000000000000000e+00,0.000000000000000000e+00,-0.000000000000000000e+00,0.000000000000000000e+00,-6.165755232498577876e-02,0.000000000000000000e+00,3.825642207855931565e-01,-0.000000000000000000e+00,-0.000000000000000000e+00,0.000000000000000000e+00,1.936229891062068997e-02,0.000000000000000000e+00,0.000000000000000000e+00,6.809891551140770383e-02,0.000000000000000000e+00,-0.000000000000000000e+00,0.000000000000000000e+00,0.000000000000000000e+00,0.000000000000000000e+00,-0.000000000000000000e+00,0.000000000000000000e+00,0.000000000000000000e+00,0.000000000000000000e+00,-1.367754547876886884e+00,8.410689703777703141e-02,0.000000000000000000e+00,0.000000000000000000e+00,2.046799210182220427e-02,2.101649946934287527e+00,0.000000000000000000e+00,0.000000000000000000e+00
-3.400512176880400861e-01,-0.000000000000000000e+00,-0.000000000000000000e+00,-0.000000000000000000e+00,0.000000000000000000e+00,0.000000000000000000e+00,0.000000000000000000e+00,0.000000000000000000e+00,-0.000000000000000000e+00,-0.000000000000000000e+00,-9.486211369711514130e-02,-0.000000000000000000e+00,4.164872763068107331e-02,-0.000000000000000000e+00,-2.384689641345411337e-01,-0.000000000000000000e+00,-0.000000000000000000e+00,0.000000000000000000e+00,-0.000000000000000000e+00,-0.000000000000000000e+00,-0.000000000000000000e+00,-0.000000000000000000e+00,-0.000000000000000000e+00,-0.000000000000000000e+00,-0.000000000000000000e+00,-1.059078644779077177e-01,-0.000000000000000000e+00,0.000000000000000000e+00,-2.807840486678362391e-01,-0.000000000000000000e+00,-0.000000000000000000e+00,-0.000000000000000000e+00,-0.000000000000000000e+00,-0.000000000000000000e+00,-2.381733430619308034e-01,-0.000000000000000000e+00,0.000000000000000000e+00,1.803966869837212661e+00,-3.700516347499687164e-01
-0.000000000000000000e+00,-3.722786471875069725e-01,-0.000000000000000000e+00,-0.000000000000000000e+00,0.000000000000000000e+00,0.000000000000000000e+00,-0.000000000000000000e+00,0.000000000000000000e+00,-4.451138865992649296e-01,-0.000000000000000000e+00,-0.000000000000000000e+00,-4.680740567872311297e-01,0.000000000000000000e+00,-0.000000000000000000e+00,-1.761817006364572724e-01,-0.000000000000000000e+00,-0.000000000000000000e+00,0.000000000000000000e+00,0.000000000000000000e+00,-0.000000000000000000e+00,-0.000000000000000000e+00,-0.000000000000000000e+00,-7.700707339953194452e-02,-0.000000000000000000e+00,-0.000000000000000000e+00,-0.000000000000000000e+00,-4.925133514747889220e-03,-0.000000000000000000e+00,-0.000000000000000000e+00,-2.616366806757783672e-02,-0.000000000000000000e+00,-0.000000000000000000e+00,-3.871904963217517315e-01,-1.130559297169491523e-01,-0.000000000000000000e+00,-7.270905778650625650e-02,0.000000000000000000e+00,-3.700516347499687164e-01,2.249202844704108362e+00
