2.242761525930415889e+00,-7.990391391509562569e-01,-0.000000000000000000e+00,0.000000000000000000e+00,-0.000000000000000000e+00,-0.000000000000000000e+00,0.000000000000000000e+00,0.000000000000000000e+00,-3.041102319708077761e-01,-1.815770545383440793e-01,-0.000000000000000000e+00,-0.000000000000000000e+00,0.000000000000000000e+00,-2.072846661538220447e-02,-0.000000000000000000e+00,-2.420902055446815804e-01,-2.155875446643259682e-02,0.000000000000000000e+00,0.000000000000000000e+00,-0.000000000000000000e+00,-0.000000000000000000e+00,-0.000000000000000000e+00,-0.000000000000000000e+00,-3.655076728968133519e-04,-4.829129112891648867e-02,-0.000000000000000000e+00,-0.000000000000000000e+00,-0.000000000000000000e+00,-1.495356715758017485e-01,-1.455347686426012310e-01,-3.625117871349638199e-02,-9.975794753377628665e-02,-0.000000000000000000e+00,-0.000000000000000000e+00,0.000000000000000000e+00,-0.000000000000000000e+00,-0.000000000000000000e+00,-1.807519146833948542e-01,-0.000000000000000000e+00
-7.990391391509562569e-01,1.861954953789283218e+00,-0.000000000000000000e+00,0.000000000000000000e+00,-0.000000000000000000e+00,-0.000000000000000000e+00,-0.000000000000000000e+00,0.000000000000000000e+00,-1.054722444674875276e-01,-4.254494607091460767e-02,-0.000000000000000000e+00,0.000000000000000000e+00,0.000000000000000000e+00,-9.352244726517574408e-03,-0.000000000000000000e+00,-1.179464970744439484e-01,-0.000000000000000000e+00,0.000000000000000000e+00,0.000000000000000000e+00,-0.000000000000000000e+00,-0.000000000000000000e+00,-0.000000000000000000e+00,-0.000000000000000000e+00,-0.000000000000000000e+00,-0.000000000000000000e+00,-0.000000000000000000e+00,-0.000000000000000000e+00,-0.000000000000000000e+00,-2.090674625994767000e-01,-2.556930139109311884e-01,-0.000000000000000000e+00,-0.000000000000000000e+00,-0.000000000000000000e+00,-0.000000000000000000e+00,0.000000000000000000e+00,-0.000000000000000000e+00,-0.000000000000000000e+00,-0.000000000000000000e+00,-0.000000000000000000e+00
-0.000000000000000000e+00,-0.000000000000000000e+00,2.311868306120891337e+00,0.000000000000000000e+00,-2.299135658063375942e-01,-0.000000000000000000e+00,0.000000000000000000e+00,1.083776208562159615e+00,-0.000000000000000000e+00,-0.000000000000000000e+00,0.000000000000000000e+00,-0.000000000000000000e+00,-0.000000000000000000e+00,-0.000000000000000000e+00,-0.000000000000000000e+00,-0.000000000000000000e+00,0.000000000000000000e+00,-1.185215796604254142e-02,-5.184722481353293971e-02,-1.371310784508315006e-01,-1.358086441734002447e-01,-2.462708058069747463e-01,-0.000000000000000000e+00,-0.000000000000000000e+00,-0.000000000000000000e+00,-0.000000000000000000e+00,-1.141030983662622011e-01,-0.000000000000000000e+00,-0.000000000000000000e+00,-0.000000000000000000e+00,-9.489333313866493702e-02,-0.000000000000000000e+00,-1.733840062846482566e-01,-1.348774677761714336e-01,-0.000000000000000000e+00,-0.000000000000000000e+00,-0.000000000000000000e+00,-0.000000000000000000e+00,-0.000000000000000000e+00
0.000000000000000000e+00,0.000000000000000000e+00,0.000000000000000000e+00,1.643038580820177064e+00,2.737172358974885311e-01,0.000000000000000000e+00,-4.556933704273952168e-01,-0.000000000000000000e+00,0.000000000000000000e+00,0.000000000000000000e+00,1.458238475784303378e-01,0.000000000000000000e+00,-0.000000000000000000e+00,2.584308929183426473e-02,2.886976151207437113e-01,0.000000000000000000e+00,1.413557021286750495e-02,0.000000000000000000e+00,0.000000000000000000e+00,-0.000000000000000000e+00,-0.000000000000000000e+00,0.000000000000000000e+00,0.000000000000000000e+00,3.927390633082791099e-02,0.000000000000000000e+00,0.000000000000000000e+00,0.000000000000000000e+00,0.000000000000000000e+00,0.000000000000000000e+00,0.000000000000000000e+00,9.525619530844467442e-02,3.055387807611121068e-02,0.000000000000000000e+00,2.028115884535658664e-01,0.000000000000000000e+00,2.278480334095984647e-02,0.000000000000000000e+00,0.000000000000000000e+00,0.000000000000000000e+00
-0.000000000000000000e+00,-0.000000000000000000e+00,-2.299135658063375942e-01,2.737172358974885311e-01,2.157865816571217454e+00,-0.000000000000000000e+00,0.000000000000000000e+00,3.037256022586906079e-01,-1.263606132954058214e-01,-0.000000000000000000e+00,-0.000000000000000000e+00,-1.191672569704335383e-01,-0.000000000000000000e+00,-1.024533860550519287e-01,-0.000000000000000000e+00,-0.000000000000000000e+00,-0.000000000000000000e+00,-0.000000000000000000e+00,-0.000000000000000000e+00,-0.000000000000000000e+00,-0.000000000000000000e+00,-0.000000000000000000e+00,-0.000000000000000000e+00,-0.000000000000000000e+00,-0.000000000000000000e+00,-0.000000000000000000e+00,-3.523806359746529948e-02,-0.000000000000000000e+00,-0.000000000000000000e+00,-0.000000000000000000e+00,-4.009405397237578161e-01,-2.993693759364193449e-02,-0.000000000000000000e+00,-4.264732270737021103e-01,-0.000000000000000000e+00,-1.193519444094138550e-02,-0.000000000000000000e+00,-0.000000000000000000e+00,-7.066852500874011567e-02
-0.000000000000000000e+00,-0.000000000000000000e+00,-0.000000000000000000e+00,0.000000000000000000e+00,-0.000000000000000000e+00,2.040913981930474019e+00,0.000000000000000000e+00,0.000000000000000000e+00,-0.000000000000000000e+00,-0.000000000000000000e+00,1.020732314719157707e-01,-2.510916552788582390e-01,-3.880006288148343252e-01,-0.000000000000000000e+00,0.000000000000000000e+00,-0.000000000000000000e+00,0.000000000000000000e+00,0.000000000000000000e+00,0.000000000000000000e+00,-0.000000000000000000e+00,0.000000000000000000e+00,-0.000000000000000000e+00,-4.675348054961585564e-01,-0.000000000000000000e+00,-0.000000000000000000e+00,0.000000000000000000e+00,-0.000000000000000000e+00,1.920879120253660421e-01,0.000000000000000000e+00,0.000000000000000000e+00,-0.000000000000000000e+00,-1.370358312567644121e-01,-6.197913167582020932e-01,-0.000000000000000000e+00,-0.000000000000000000e+00,-0.000000000000000000e+00,-1.149510763421949522e-01,-0.000000000000000000e+00,-0.000000000000000000e+00
0.000000000000000000e+00,-0.000000000000000000e+00,0.000000000000000000e+00,-4.556933704273952168e-01,0.000000000000000000e+00,0.000000000000000000e+00,1.345499004753379246e+00,-0.000000000000000000e+00,0.000000000000000000e+00,0.000000000000000000e+00,0.000000000000000000e+00,2.840998897403931855e-01,0.000000000000000000e+00,0.000000000000000000e+00,0.000000000000000000e+00,0.000000000000000000e+00,0.000000000000000000e+00,0.000000000000000000e+00,0.000000000000000000e+00,-4.208623348672163589e-02,-7.783663426588036116e-02,-0.000000000000000000e+00,0.000000000000000000e+00,0.000000000000000000e+00,3.565173307212018972e-02,-0.000000000000000000e+00,0.000000000000000000e+00,-0.000000000000000000e+00,-0.000000000000000000e+00,0.000000000000000000e+00,0.000000000000000000e+00,0.000000000000000000e+00,-0.000000000000000000e+00,0.000000000000000000e+00,-0.000000000000000000e+00,2.206850399624712619e-02,0.000000000000000000e+00,0.000000000000000000e+00,1.318918453656330314e-01
0.000000000000000000e+00,0.000000000000000000e+00,1.083776208562159615e+00,-0.000000000000000000e+00,3.037256022586906079e-01,0.000000000000000000e+00,-0.000000000000000000e+00,2.295931014935569614e+00,0.000000000000000000e+00,0.000000000000000000e+00,0.000000000000000000e+00,0.000000000000000000e+00,0.000000000000000000e+00,5.473381444093401715e-02,7.773126753825157498e-02,0.000000000000000000e+00,0.000000000000000000e+00,0.000000000000000000e+00,7.241879722360877736e-02,0.000000000000000000e+00,1.327934299457586287e-01,4.876561226611620704e-03,0.000000000000000000e+00,0.000000000000000000e+00,0.000000000000000000e+00,0.000000000000000000e+00,2.784872173894835379e-02,0.000000000000000000e+00,0.000000000000000000e+00,0.000000000000000000e+00,2.224087903725089632e-01,0.000000000000000000e+00,0.000000000000000000e+00,2.386641070747984594e-01,0.000000000000000000e+00,0.000000000000000000e+00,0.000000000000000000e+00,0.000000000000000000e+00,0.000000000000000000e+00
-3.041102319708077761e-01,-1.054722444674875276e-01,-0.000000000000000000e+00,0.000000000000000000e+00,-1.263606132954058214e-01,-0.000000000000000000e+00,0.000000000000000000e+00,0.000000000000000000e+00,2.596632961516696980e+00,-9.536203837788798099e-02,-0.000000000000000000e+00,-0.000000000000000000e+00,0.000000000000000000e+00,-1.942652603184074345e-01,-0.000000000000000000e+00,-5.588647366470710781e-02,-0.000000000000000000e+00,-0.000000000000000000e+00,-0.000000000000000000e+00,-0.000000000000000000e+00,-0.000000000000000000e+00,-0.000000000000000000e+00,-0.000000000000000000e+00,-0.000000000000000000e+00,-1.166144723872656469e-01,-0.000000000000000000e+00,-2.232038798038442629e-01,-0.000000000000000000e+00,-2.839556988858100636e-02,-6.130529881646763074e-02,-4.557857137958858940e-01,-4.805646068905370522e-02,-0.000000000000000000e+00,-1.081572183277296900e-01,-0.000000000000000000e+00,-7.756110416954639653e-02,-0.000000000000000000e+00,-4.070820020834094444e-01,-3.478183560396068130e-01
-1.815770545383440793e-01,-4.254494607091460767e-02,-0.000000000000000000e+00,0.000000000000000000e+00,-0.000000000000000000e+00,-0.000000000000000000e+00,0.000000000000000000e+00,0.000000000000000000e+00,-9.536203837788798099e-02,2.358745447202883483e+00,-0.000000000000000000e+00,-0.000000000000000000e+00,0.000000000000000000e+00,-0.000000000000000000e+00,-0.000000000000000000e+00,-6.588408922813867585e-01,-0.000000000000000000e+00,-0.000000000000000000e+00,-0.000000000000000000e+00,-1.852658713899239806e-02,-0.000000000000000000e+00,-1.491984770551577633e-01,-0.000000000000000000e+00,-0.000000000000000000e+00,-8.887929852706659417e-02,-0.000000000000000000e+00,-2.729208048161109734e-01,-0.000000000000000000e+00,-3.431242921906301618e-02,-5.723869247915562841e-01,-7.371906889641196767e-03,-0.000000000000000000e+00,-0.000000000000000000e+00,-0.000000000000000000e+00,-0.000000000000000000e+00,-0.000000000000000000e+00,-0.000000000000000000e+00,-4.292456395493062654e-02,-2.021664126056948729e-01
-0.000000000000000000e+00,-0.000000000000000000e+00,0.000000000000000000e+00,1.458238475784303378e-01,-0.000000000000000000e+00,1.020732314719157707e-01,0.000000000000000000e+00,0.000000000000000000e+00,-0.000000000000000000e+00,-0.000000000000000000e+00,1.565555264872529495e+00,0.000000000000000000e+00,1.663271856601975796e-01,-0.000000000000000000e+00,-2.033954230342453484e-01,-0.000000000000000000e+00,-5.386143415930587652e-01,0.000000000000000000e+00,-0.000000000000000000e+00,0.000000000000000000e+00,0.000000000000000000e+00,0.000000000000000000e+00,0.000000000000000000e+00,-2.046238762842238559e-02,-0.000000000000000000e+00,-2.841955581845571066e-01,-0.000000000000000000e+00,-0.000000000000000000e+00,-7.861474825488269647e-02,-0.000000000000000000e+00,-0.000000000000000000e+00,-0.000000000000000000e+00,2.682496554567214211e-02,-0.000000000000000000e+00,0.000000000000000000e+00,-0.000000000000000000e+00,0.000000000000000000e+00,-5.326064674786989278e-02,-0.000000000000000000e+00
-0.000000000000000000e+00,0.000000000000000000e+00,-0.000000000000000000e+00,0.000000000000000000e+00,-1.191672569704335383e-01,-2.510916552788582390e-01,2.840998897403931855e-01,0.000000000000000000e+00,-0.000000000000000000e+00,-0.000000000000000000e+00,0.000000000000000000e+00,1.605731994007470353e+00,-1.507671239215954972e-01,-0.000000000000000000e+00,-0.000000000000000000e+00,-0.000000000000000000e+00,-0.000000000000000000e+00,-0.000000000000000000e+00,-0.000000000000000000e+00,-0.000000000000000000e+00,0.000000000000000000e+00,-7.273139109471234154e-02,-1.815642242013957297e-01,-0.000000000000000000e+00,-0.000000000000000000e+00,0.000000000000000000e+00,-5.522716966106003961e-02,0.000000000000000000e+00,0.000000000000000000e+00,-0.000000000000000000e+00,-0.000000000000000000e+00,-1.466027567915027807e-01,-0.000000000000000000e+00,-3.486710932873982732e-02,0.000000000000000000e+00,-1.494058789763348105e-01,-0.000000000000000000e+00,-0.000000000000000000e+00,-1.369734899014003193e-01
0.000000000000000000e+00,0.000000000000000000e+00,-0.000000000000000000e+00,-0.000000000000000000e+00,-0.000000000000000000e+00,-3.880006288148343252e-01,0.000000000000000000e+00,0.000000000000000000e+00,0.000000000000000000e+00,0.000000000000000000e+00,1.663271856601975796e-01,-1.507671239215954972e-01,1.498346870955969967e+00,-0.000000000000000000e+00,0.000000000000000000e+00,0.000000000000000000e+00,0.000000000000000000e+00,-0.000000000000000000e+00,-0.000000000000000000e+00,-0.000000000000000000e+00,-0.000000000000000000e+00,-1.573736993226149128e-01,-1.133976904713669687e-01,-0.000000000000000000e+00,-0.000000000000000000e+00,1.604805619686122398e-01,-0.000000000000000000e+00,0.000000000000000000e+00,0.000000000000000000e+00,0.000000000000000000e+00,-0.000000000000000000e+00,-0.000000000000000000e+00,-2.432477368906986737e-01,-0.000000000000000000e+00,-0.000000000000000000e+00,-0.000000000000000000e+00,-8.420923004935383649e-02,0.000000000000000000e+00,-0.000000000000000000e+00
-2.072846661538220447e-02,-9.352244726517574408e-03,-0.000000000000000000e+00,2.584308929183426473e-02,-1.024533860550519287e-01,-0.000000000000000000e+00,0.000000000000000000e+00,5.473381444093401715e-02,-1.942652603184074345e-01,-0.000000000000000000e+00,-0.000000000000000000e+00,-0.000000000000000000e+00,-0.000000000000000000e+00,2.052128671339195964e+00,-0.000000000000000000e+00,-2.985337285223184367e-02,-0.000000000000000000e+00,0.000000000000000000e+00,0.000000000000000000e+00,-0.000000000000000000e+00,-0.000000000000000000e+00,-0.000000000000000000e+00,-0.000000000000000000e+00,-0.000000000000000000e+00,-2.234579611274345179e-01,-0.000000000000000000e+00,-1.287404320614564945e-01,-0.000000000000000000e+00,-0.000000000000000000e+00,-0.000000000000000000e+00,-2.580903191425202858e-01,-9.462164341374214305e-02,-0.000000000000000000e+00,-1.343233862989567373e-01,-0.000000000000000000e+00,-4.063294177714464328e-01,-3.302115603471046379e-01,-0.000000000000000000e+00,-0.000000000000000000e+00
-0.000000000000000000e+00,-0.000000000000000000e+00,-0.000000000000000000e+00,2.886976151207437113e-01,-0.000000000000000000e+00,0.000000000000000000e+00,0.000000000000000000e+00,7.773126753825157498e-02,-0.000000000000000000e+00,-0.000000000000000000e+00,-2.033954230342453484e-01,-0.000000000000000000e+00,0.000000000000000000e+00,-0.000000000000000000e+00,1.865300647868552097e+00,-0.000000000000000000e+00,-0.000000000000000000e+00,-6.508524386885521790e-03,-0.000000000000000000e+00,-0.000000000000000000e+00,-1.113006797431536216e-01,-0.000000000000000000e+00,0.000000000000000000e+00,-0.000000000000000000e+00,-0.000000000000000000e+00,-5.521664617377237683e-01,-0.000000000000000000e+00,-3.105969989134841347e-01,-7.567854881077348828e-02,-1.255725961357995468e-01,-0.000000000000000000e+00,-0.000000000000000000e+00,0.000000000000000000e+00,-7.737159236770922710e-02,-0.000000000000000000e+00,-0.000000000000000000e+00,-0.000000000000000000e+00,-9.543282401269807466e-03,-0.000000000000000000e+00
-2.420902055446815804e-01,-1.179464970744439484e-01,-0.000000000000000000e+00,0.000000000000000000e+00,-0.000000000000000000e+00,-0.000000000000000000e+00,0.000000000000000000e+00,0.000000000000000000e+00,-5.588647366470710781e-02,-6.588408922813867585e-01,-0.000000000000000000e+00,-0.000000000000000000e+00,0.000000000000000000e+00,-2.985337285223184367e-02,-0.000000000000000000e+00,2.282015002553131389e+00,-0.000000000000000000e+00,-0.000000000000000000e+00,-0.000000000000000000e+00,-0.000000000000000000e+00,-0.000000000000000000e+00,-1.719707556871203843e-02,-0.000000000000000000e+00,-0.000000000000000000e+00,-1.561495580625030521e-01,-0.000000000000000000e+00,-1.492714867815999047e-01,-0.000000000000000000e+00,-0.000000000000000000e+00,-4.702635702024676734e-01,-5.445449418251766677e-02,-0.000000000000000000e+00,-0.000000000000000000e+00,-0.000000000000000000e+00,-0.000000000000000000e+00,-0.000000000000000000e+00,-0.000000000000000000e+00,-1.967750962064566955e-01,-5.514710288791208059e-02
-2.155875446643259682e-02,-0.000000000000000000e+00,0.000000000000000000e+00,1.413557021286750495e-02,-0.000000000000000000e+00,0.000000000000000000e+00,0.000000000000000000e+00,0.000000000000000000e+00,-0.000000000000000000e+00,-0.000000000000000000e+00,-5.386143415930587652e-01,-0.000000000000000000e+00,0.000000000000000000e+00,-0.000000000000000000e+00,-0.000000000000000000e+00,-0.000000000000000000e+00,1.364959448756633220e+00,0.000000000000000000e+00,0.000000000000000000e+00,0.000000000000000000e+00,0.000000000000000000e+00,-0.000000000000000000e+00,-0.000000000000000000e+00,-2.811567115967564257e-01,-8.626449046890512229e-02,-0.000000000000000000e+00,-0.000000000000000000e+00,-0.000000000000000000e+00,-0.000000000000000000e+00,-0.000000000000000000e+00,-0.000000000000000000e+00,-0.000000000000000000e+00,0.000000000000000000e+00,-0.000000000000000000e+00,0.000000000000000000e+00,-0.000000000000000000e+00,-0.000000000000000000e+00,-4.283141579347400640e-02,-0.000000000000000000e+00
0.000000000000000000e+00,0.000000000000000000e+00,-1.185215796604254142e-02,0.000000000000000000e+00,-0.000000000000000000e+00,0.000000000000000000e+00,0.000000000000000000e+00,0.000000000000000000e+00,-0.000000000000000000e+00,-0.000000000000000000e+00,0.000000000000000000e+00,-0.000000000000000000e+00,-0.000000000000000000e+00,0.000000000000000000e+00,-6.508524386885521790e-03,-0.000000000000000000e+00,0.000000000000000000e+00,1.452461225637029507e+00,-7.685033945118752152e-01,-1.185710641319244335e-01,-0.000000000000000000e+00,-0.000000000000000000e+00,0.000000000000000000e+00,0.000000000000000000e+00,0.000000000000000000e+00,-0.000000000000000000e+00,-0.000000000000000000e+00,-5.135350882129455924e-02,-0.000000000000000000e+00,-0.000000000000000000e+00,-0.000000000000000000e+00,0.000000000000000000e+00,-0.000000000000000000e+00,-0.000000000000000000e+00,-0.000000000000000000e+00,0.000000000000000000e+00,0.000000000000000000e+00,0.000000000000000000e+00,0.000000000000000000e+00
0.000000000000000000e+00,0.000000000000000000e+00,-5.184722481353293971e-02,0.000000000000000000e+00,-0.000000000000000000e+00,0.000000000000000000e+00,0.000000000000000000e+00,7.241879722360877736e-02,-0.000000000000000000e+00,-0.000000000000000000e+00,-0.000000000000000000e+00,-0.000000000000000000e+00,-0.000000000000000000e+00,0.000000000000000000e+00,-0.000000000000000000e+00,-0.000000000000000000e+00,0.000000000000000000e+00,-7.685033945118752152e-01,1.464577161922069548e+00,-0.000000000000000000e+00,-0.000000000000000000e+00,-0.000000000000000000e+00,0.000000000000000000e+00,0.000000000000000000e+00,0.000000000000000000e+00,-0.000000000000000000e+00,-0.000000000000000000e+00,-1.190963273747798340e-01,-0.000000000000000000e+00,-0.000000000000000000e+00,-0.000000000000000000e+00,0.000000000000000000e+00,0.000000000000000000e+00,-0.000000000000000000e+00,0.000000000000000000e+00,-0.000000000000000000e+00,0.000000000000000000e+00,0.000000000000000000e+00,-0.000000000000000000e+00
-0.000000000000000000e+00,-0.000000000000000000e+00,-1.371310784508315006e-01,-0.000000000000000000e+00,-0.000000000000000000e+00,-0.000000000000000000e+00,-4.208623348672163589e-02,0.000000000000000000e+00,-0.000000000000000000e+00,-1.852658713899239806e-02,0.000000000000000000e+00,-0.000000000000000000e+00,-0.000000000000000000e+00,-0.000000000000000000e+00,-0.000000000000000000e+00,-0.000000000000000000e+00,0.000000000000000000e+00,-1.185710641319244335e-01,-0.000000000000000000e+00,1.489618108080126735e+00,-3.554055663930114073e-01,-4.799153574184998328e-01,-0.000000000000000000e+00,0.000000000000000000e+00,-0.000000000000000000e+00,-0.000000000000000000e+00,-0.000000000000000000e+00,-9.006027950024320106e-02,-0.000000000000000000e+00,-0.000000000000000000e+00,-0.000000000000000000e+00,-0.000000000000000000e+00,-7.038843738422168039e-02,-0.000000000000000000e+00,-0.000000000000000000e+00,-0.000000000000000000e+00,-0.000000000000000000e+00,-0.000000000000000000e+00,-0.000000000000000000e+00
-0.000000000000000000e+00,-0.000000000000000000e+00,-1.358086441734002447e-01,-0.000000000000000000e+00,-0.000000000000000000e+00,0.000000000000000000e+00,-7.783663426588036116e-02,1.327934299457586287e-01,-0.000000000000000000e+00,-0.000000000000000000e+00,0.000000000000000000e+00,0.000000000000000000e+00,-0.000000000000000000e+00,-0.000000000000000000e+00,-1.113006797431536216e-01,-0.000000000000000000e+00,0.000000000000000000e+00,-0.000000000000000000e+00,-0.000000000000000000e+00,-3.554055663930114073e-01,1.612049523430761022e+00,-1.296355959022433557e-01,0.000000000000000000e+00,0.000000000000000000e+00,-0.000000000000000000e+00,-0.000000000000000000e+00,-0.000000000000000000e+00,-4.489637486896439489e-01,-0.000000000000000000e+00,-4.202848909522715302e-03,-0.000000000000000000e+00,0.000000000000000000e+00,-0.000000000000000000e+00,-0.000000000000000000e+00,-2.669085904007701959e-01,-0.000000000000000000e+00,-0.000000000000000000e+00,-0.000000000000000000e+00,0.000000000000000000e+00
-0.000000000000000000e+00,-0.000000000000000000e+00,-2.462708058069747463e-01,0.000000000000000000e+00,-0.000000000000000000e+00,-0.000000000000000000e+00,-0.000000000000000000e+00,4.876561226611620704e-03,-0.000000000000000000e+00,-1.491984770551577633e-01,0.000000000000000000e+00,-7.273139109471234154e-02,-1.573736993226149128e-01,-0.000000000000000000e+00,-0.000000000000000000e+00,-1.719707556871203843e-02,-0.000000000000000000e+00,-0.000000000000000000e+00,-0.000000000000000000e+00,-4.799153574184998328e-01,-1.296355959022433557e-01,1.517146626121367081e+00,-0.000000000000000000e+00,-0.000000000000000000e+00,-0.000000000000000000e+00,-0.000000000000000000e+00,-0.000000000000000000e+00,-0.000000000000000000e+00,-0.000000000000000000e+00,-0.000000000000000000e+00,-0.000000000000000000e+00,-0.000000000000000000e+00,-0.000000000000000000e+00,-0.000000000000000000e+00,-0.000000000000000000e+00,-0.000000000000000000e+00,-1.104864906384975670e-01,-0.000000000000000000e+00,-0.000000000000000000e+00
-0.000000000000000000e+00,-0.000000000000000000e+00,-0.000000000000000000e+00,0.000000000000000000e+00,-0.000000000000000000e+00,-4.675348054961585564e-01,0.000000000000000000e+00,0.000000000000000000e+00,-0.000000000000000000e+00,-0.000000000000000000e+00,0.000000000000000000e+00,-1.815642242013957297e-01,-1.133976904713669687e-01,-0.000000000000000000e+00,0.000000000000000000e+00,-0.000000000000000000e+00,-0.000000000000000000e+00,0.000000000000000000e+00,0.000000000000000000e+00,-0.000000000000000000e+00,0.000000000000000000e+00,-0.000000000000000000e+00,1.903725267934725851e+00,-2.529779566215725750e-02,-3.074738820089682467e-01,0.000000000000000000e+00,-0.000000000000000000e+00,0.000000000000000000e+00,0.000000000000000000e+00,-0.000000000000000000e+00,-0.000000000000000000e+00,-9.381825507549153287e-02,-2.114040033904987237e-01,-0.000000000000000000e+00,-0.000000000000000000e+00,-2.066024015994043783e-01,-2.676766968480391862e-01,-0.000000000000000000e+00,-1.844426584451621179e-02
-3.655076728968133519e-04,-0.000000000000000000e+00,-0.000000000000000000e+00,3.927390633082791099e-02,-0.000000000000000000e+00,-0.000000000000000000e+00,0.000000000000000000e+00,0.000000000000000000e+00,-0.000000000000000000e+00,-0.000000000000000000e+00,-2.046238762842238559e-02,-0.000000000000000000e+00,-0.000000000000000000e+00,-0.000000000000000000e+00,-0.000000000000000000e+00,-0.000000000000000000e+00,-2.811567115967564257e-01,0.000000000000000000e+00,0.000000000000000000e+00,0.000000000000000000e+00,0.000000000000000000e+00,-0.000000000000000000e+00,-2.529779566215725750e-02,1.157261759844808280e+00,-1.505222216302403160e-01,-0.000000000000000000e+00,-0.000000000000000000e+00,0.000000000000000000e+00,-0.000000000000000000e+00,-0.000000000000000000e+00,-0.000000000000000000e+00,-1.111491857964016505e-01,-0.000000000000000000e+00,-0.000000000000000000e+00,-0.000000000000000000e+00,-0.000000000000000000e+00,-0.000000000000000000e+00,-0.000000000000000000e+00,-0.000000000000000000e+00
-4.829129112891648867e-02,-0.000000000000000000e+00,-0.000000000000000000e+00,0.000000000000000000e+00,-0.000000000000000000e+00,-0.000000000000000000e+00,3.565173307212018972e-02,0.000000000000000000e+00,-1.166144723872656469e-01,-8.887929852706659417e-02,-0.000000000000000000e+00,-0.000000000000000000e+00,-0.000000000000000000e+00,-2.234579611274345179e-01,-0.000000000000000000e+00,-1.561495580625030521e-01,-8.626449046890512229e-02,0.000000000000000000e+00,0.000000000000000000e+00,-0.000000000000000000e+00,-0.000000000000000000e+00,-0.000000000000000000e+00,-3.074738820089682467e-01,-1.505222216302403160e-01,2.223673204629810218e+00,-0.000000000000000000e+00,-0.000000000000000000e+00,-0.000000000000000000e+00,-0.000000000000000000e+00,-1.362643518199540063e-02,-7.651730545383751692e-02,-1.225326992886602816e-02,-0.000000000000000000e+00,-8.121406824563331961e-02,-0.000000000000000000e+00,-4.576011309035205588e-01,-2.329064463194127632e-02,-1.678544938343102255e-01,-3.735580060743481923e-01
-0.000000000000000000e+00,-0.000000000000000000e+00,-0.000000000000000000e+00,0.000000000000000000e+00,-0.000000000000000000e+00,0.000000000000000000e+00,-0.000000000000000000e+00,0.000000000000000000e+00,-0.000000000000000000e+00,-0.000000000000000000e+00,-2.841955581845571066e-01,0.000000000000000000e+00,1.604805619686122398e-01,-0.000000000000000000e+00,-5.521664617377237683e-01,-0.000000000000000000e+00,-0.000000000000000000e+00,-0.000000000000000000e+00,-0.000000000000000000e+00,-0.000000000000000000e+00,-0.000000000000000000e+00,-0.000000000000000000e+00,0.000000000000000000e+00,-0.000000000000000000e+00,-0.000000000000000000e+00,2.376777879229540869e+00,-0.000000000000000000e+00,-6.832364611199798210e-01,-5.516618815099212370e-01,-2.562802024630153053e-01,-0.000000000000000000e+00,-0.000000000000000000e+00,0.000000000000000000e+00,-0.000000000000000000e+00,-0.000000000000000000e+00,-0.000000000000000000e+00,-0.000000000000000000e+00,-1.247843478706896353e-01,-0.000000000000000000e+00
-0.000000000000000000e+00,-0.000000000000000000e+00,-1.141030983662622011e-01,0.000000000000000000e+00,-3.523806359746529948e-02,-0.000000000000000000e+00,0.000000000000000000e+00,2.784872173894835379e-02,-2.232038798038442629e-01,-2.729208048161109734e-01,-0.000000000000000000e+00,-5.522716966106003961e-02,-0.000000000000000000e+00,-1.287404320614564945e-01,-0.000000000000000000e+00,-1.492714867815999047e-01,-0.000000000000000000e+00,-0.000000000000000000e+00,-0.000000000000000000e+00,-0.000000000000000000e+00,-0.000000000000000000e+00,-0.000000000000000000e+00,-0.000000000000000000e+00,-0.000000000000000000e+00,-0.000000000000000000e+00,-0.000000000000000000e+00,2.106794370634907487e+00,-0.000000000000000000e+00,-0.000000000000000000e+00,-0.000000000000000000e+00,-2.345867133220454204e-01,-2.925091137691384069e-01,-0.000000000000000000e+00,-2.666372136655019709e-01,-0.000000000000000000e+00,-1.536293080224862898e-02,-5.477660515233068184e-02,-1.350504797258620937e-01,-1.132828429744796861e-01
-0.000000000000000000e+00,-0.000000000000000000e+00,-0.000000000000000000e+00,0.000000000000000000e+00,-0.000000000000000000e+00,1.920879120253660421e-01,-0.000000000000000000e+00,0.000000000000000000e+00,-0.000000000000000000e+00,-0.000000000000000000e+00,-0.000000000000000000e+00,0.000000000000000000e+00,0.000000000000000000e+00,-0.000000000000000000e+00,-3.105969989134841347e-01,-0.000000000000000000e+00,-0.000000000000000000e+00,-5.135350882129455924e-02,-1.190963273747798340e-01,-9.006027950024320106e-02,-4.489637486896439489e-01,-0.000000000000000000e+00,0.000000000000000000e+00,0.000000000000000000e+00,-0.000000000000000000e+00,-6.832364611199798210e-01,-0.000000000000000000e+00,1.929024137447724607e+00,-1.635724612449287463e-01,-2.689023798287327668e-02,-0.000000000000000000e+00,0.000000000000000000e+00,0.000000000000000000e+00,-0.000000000000000000e+00,-0.000000000000000000e+00,0.000000000000000000e+00,0.000000000000000000e+00,-0.000000000000000000e+00,-0.000000000000000000e+00
-1.495356715758017485e-01,-2.090674625994767000e-01,-0.000000000000000000e+00,0.000000000000000000e+00,-0.000000000000000000e+00,0.000000000000000000e+00,-0.000000000000000000e+00,0.000000000000000000e+00,-2.839556988858100636e-02,-3.431242921906301618e-02,-7.861474825488269647e-02,0.000000000000000000e+00,0.000000000000000000e+00,-0.000000000000000000e+00,-7.567854881077348828e-02,-0.000000000000000000e+00,-0.000000000000000000e+00,-0.000000000000000000e+00,-0.000000000000000000e+00,-0.000000000000000000e+00,-0.000000000000000000e+00,-0.000000000000000000e+00,0.000000000000000000e+00,-0.000000000000000000e+00,-0.000000000000000000e+00,-5.516618815099212370e-01,-0.000000000000000000e+00,-1.635724612449287463e-01,1.850629151468937694e+00,-2.713855104853995504e-01,-0.000000000000000000e+00,-0.000000000000000000e+00,-0.000000000000000000e+00,-0.000000000000000000e+00,-0.000000000000000000e+00,-0.000000000000000000e+00,-0.000000000000000000e+00,-1.562456904792458023e-01,-0.000000000000000000e+00
-1.455347686426012310e-01,-2.556930139109311884e-01,-0.000000000000000000e+00,0.000000000000000000e+00,-0.000000000000000000e+00,0.000000000000000000e+00,0.000000000000000000e+00,0.000000000000000000e+00,-6.130529881646763074e-02,-5.723869247915562841e-01,-0.000000000000000000e+00,-0.000000000000000000e+00,0.000000000000000000e+00,-0.000000000000000000e+00,-1.255725961357995468e-01,-4.702635702024676734e-01,-0.000000000000000000e+00,-0.000000000000000000e+00,-0.000000000000000000e+00,-0.000000000000000000e+00,-4.202848909522715302e-03,-0.000000000000000000e+00,-0.000000000000000000e+00,-0.000000000000000000e+00,-1.362643518199540063e-02,-2.562802024630153053e-01,-0.000000000000000000e+00,-2.689023798287327668e-02,-2.713855104853995504e-01,2.303016659561863744e+00,-0.000000000000000000e+00,-0.000000000000000000e+00,-0.000000000000000000e+00,-0.000000000000000000e+00,-0.000000000000000000e+00,-0.000000000000000000e+00,-0.000000000000000000e+00,-1.331251222492840225e-01,-0.000000000000000000e+00
-3.625117871349638199e-02,-0.000000000000000000e+00,-9.489333313866493702e-02,9.525619530844467442e-02,-4.009405397237578161e-01,-0.000000000000000000e+00,0.000000000000000000e+00,2.224087903725089632e-01,-4.557857137958858940e-01,-7.371906889641196767e-03,-0.000000000000000000e+00,-0.000000000000000000e+00,-0.000000000000000000e+00,-2.580903191425202858e-01,-0.000000000000000000e+00,-5.445449418251766677e-02,-0.000000000000000000e+00,-0.000000000000000000e+00,-0.000000000000000000e+00,-0.000000000000000000e+00,-0.000000000000000000e+00,-0.000000000000000000e+00,-0.000000000000000000e+00,-0.000000000000000000e+00,-7.651730545383751692e-02,-0.000000000000000000e+00,-2.345867133220454204e-01,-0.000000000000000000e+00,-0.000000000000000000e+00,-0.000000000000000000e+00,2.402981752524448567e+00,-0.000000000000000000e+00,-0.000000000000000000e+00,-3.598206317979449342e-01,-0.000000000000000000e+00,-2.075024537782103537e-03,-0.000000000000000000e+00,-1.470265118023278937e-02,-1.160675542420288586e-01
-9.975794753377628665e-02,-0.000000000000000000e+00,-0.000000000000000000e+00,3.055387807611121068e-02,-2.993693759364193449e-02,-1.370358312567644121e-01,0.000000000000000000e+00,0.000000000000000000e+00,-4.805646068905370522e-02,-0.000000000000000000e+00,-0.000000000000000000e+00,-1.466027567915027807e-01,-0.000000000000000000e+00,-9.462164341374214305e-02,-0.000000000000000000e+00,-0.000000000000000000e+00,-0.000000000000000000e+00,0.000000000000000000e+00,0.000000000000000000e+00,-0.000000000000000000e+00,0.000000000000000000e+00,-0.000000000000000000e+00,-9.381825507549153287e-02,-1.111491857964016505e-01,-1.225326992886602816e-02,-0.000000000000000000e+00,-2.925091137691384069e-01,0.000000000000000000e+00,-0.000000000000000000e+00,-0.000000000000000000e+00,-0.000000000000000000e+00,1.636749070293920250e+00,-0.000000000000000000e+00,-0.000000000000000000e+00,-0.000000000000000000e+00,-0.000000000000000000e+00,-4.189696371282509713e-01,-0.000000000000000000e+00,-0.000000000000000000e+00
-0.000000000000000000e+00,-0.000000000000000000e+00,-1.733840062846482566e-01,0.000000000000000000e+00,-0.000000000000000000e+00,-6.197913167582020932e-01,-0.000000000000000000e+00,0.000000000000000000e+00,-0.000000000000000000e+00,-0.000000000000000000e+00,2.682496554567214211e-02,-0.000000000000000000e+00,-2.432477368906986737e-01,-0.000000000000000000e+00,0.000000000000000000e+00,-0.000000000000000000e+00,0.000000000000000000e+00,-0.000000000000000000e+00,0.000000000000000000e+00,-7.038843738422168039e-02,-0.000000000000000000e+00,-0.000000000000000000e+00,-2.114040033904987237e-01,-0.000000000000000000e+00,-0.000000000000000000e+00,0.000000000000000000e+00,-0.000000000000000000e+00,0.000000000000000000e+00,-0.000000000000000000e+00,-0.000000000000000000e+00,-0.000000000000000000e+00,-0.000000000000000000e+00,1.782486729288232263e+00,-0.000000000000000000e+00,-0.000000000000000000e+00,-0.000000000000000000e+00,-3.018482951101980616e-01,-0.000000000000000000e+00,-0.000000000000000000e+00
-0.000000000000000000e+00,-0.000000000000000000e+00,-1.348774677761714336e-01,2.028115884535658664e-01,-4.264732270737021103e-01,-0.000000000000000000e+00,0.000000000000000000e+00,2.386641070747984594e-01,-1.081572183277296900e-01,-0.000000000000000000e+00,-0.000000000000000000e+00,-3.486710932873982732e-02,-0.000000000000000000e+00,-1.343233862989567373e-01,-7.737159236770922710e-02,-0.000000000000000000e+00,-0.000000000000000000e+00,-0.000000000000000000e+00,-0.000000000000000000e+00,-0.000000000000000000e+00,-0.000000000000000000e+00,-0.000000000000000000e+00,-0.000000000000000000e+00,-0.000000000000000000e+00,-8.121406824563331961e-02,-0.000000000000000000e+00,-2.666372136655019709e-01,-0.000000000000000000e+00,-0.000000000000000000e+00,-0.000000000000000000e+00,-3.598206317979449342e-01,-0.000000000000000000e+00,-0.000000000000000000e+00,2.437650120253108010e+00,-0.000000000000000000e+00,-1.912058772532795881e-01,-0.000000000000000000e+00,-1.807888281835746125e-01,-1.502997875205315803e-01
0.000000000000000000e+00,0.000000000000000000e+00,-0.000000000000000000e+00,0.000000000000000000e+00,-0.000000000000000000e+00,-0.000000000000000000e+00,-0.000000000000000000e+00,0.000000000000000000e+00,-0.000000000000000000e+00,-0.000000000000000000e+00,0.000000000000000000e+00,0.000000000000000000e+00,-0.000000000000000000e+00,-0.000000000000000000e+00,-0.000000000000000000e+00,-0.000000000000000000e+00,0.000000000000000000e+00,-0.000000000000000000e+00,0.000000000000000000e+00,-0.000000000000000000e+00,-2.669085904007701959e-01,-0.000000000000000000e+00,-0.000000000000000000e+00,-0.000000000000000000e+00,-0.000000000000000000e+00,-0.000000000000000000e+00,-0.000000000000000000e+00,-0.000000000000000000e+00,-0.000000000000000000e+00,-0.000000000000000000e+00,-0.000000000000000000e+00,-0.000000000000000000e+00,-0.000000000000000000e+00,-0.000000000000000000e+00,1.230394659469527863e+00,-0.000000000000000000e+00,-4.021057789281377026e-01,0.000000000000000000e+00,0.000000000000000000e+00
-0.000000000000000000e+00,-0.000000000000000000e+00,-0.000000000000000000e+00,2.278480334095984647e-02,-1.193519444094138550e-02,-0.000000000000000000e+00,2.206850399624712619e-02,0.000000000000000000e+00,-7.756110416954639653e-02,-0.000000000000000000e+00,-0.000000000000000000e+00,-1.494058789763348105e-01,-0.000000000000000000e+00,-4.063294177714464328e-01,-0.000000000000000000e+00,-0.000000000000000000e+00,-0.000000000000000000e+00,0.000000000000000000e+00,-0.000000000000000000e+00,-0.000000000000000000e+00,-0.000000000000000000e+00,-0.000000000000000000e+00,-2.066024015994043783e-01,-0.000000000000000000e+00,-4.576011309035205588e-01,-0.000000000000000000e+00,-1.536293080224862898e-02,0.000000000000000000e+00,-0.000000000000000000e+00,-0.000000000000000000e+00,-2.075024537782103537e-03,-0.000000000000000000e+00,-0.000000000000000000e+00,-1.912058772532795881e-01,-0.000000000000000000e+00,1.944919584886879216e+00,-1.131003696699580119e-01,-0.000000000000000000e+00,-1.531508798374880131e-01
-0.000000000000000000e+00,-0.000000000000000000e+00,-0.000000000000000000e+00,0.000000000000000000e+00,-0.000000000000000000e+00,-1.149510763421949522e-01,0.000000000000000000e+00,0.000000000000000000e+00,-0.000000000000000000e+00,-0.000000000000000000e+00,0.000000000000000000e+00,-0.000000000000000000e+00,-8.420923004935383649e-02,-3.302115603471046379e-01,-0.000000000000000000e+00,-0.000000000000000000e+00,-0.000000000000000000e+00,0.000000000000000000e+00,0.000000000000000000e+00,-0.000000000000000000e+00,-0.000000000000000000e+00,-1.104864906384975670e-01,-2.676766968480391862e-01,-0.000000000000000000e+00,-2.329064463194127632e-02,-0.000000000000000000e+00,-5.477660515233068184e-02,0.000000000000000000e+00,-0.000000000000000000e+00,-0.000000000000000000e+00,-0.000000000000000000e+00,-4.189696371282509713e-01,-3.018482951101980616e-01,-0.000000000000000000e+00,-4.021057789281377026e-01,-1.131003696699580119e-01,1.999064782952873154e+00,-0.000000000000000000e+00,-0.000000000000000000e+00
-1.807519146833948542e-01,-0.000000000000000000e+00,-0.000000000000000000e+00,0.000000000000000000e+00,-0.000000000000000000e+00,-0.000000000000000000e+00,0.000000000000000000e+00,0.000000000000000000e+00,-4.070820020834094444e-01,-4.292456395493062654e-02,-5.326064674786989278e-02,-0.000000000000000000e+00,0.000000000000000000e+00,-0.000000000000000000e+00,-9.543282401269807466e-03,-1.967750962064566955e-01,-4.283141579347400640e-02,0.000000000000000000e+00,0.000000000000000000e+00,-0.000000000000000000e+00,-0.000000000000000000e+00,-0.000000000000000000e+00,-0.000000000000000000e+00,-0.000000000000000000e+00,-1.678544938343102255e-01,-1.247843478706896353e-01,-1.350504797258620937e-01,-0.000000000000000000e+00,-1.562456904792458023e-01,-1.331251222492840225e-01,-1.470265118023278937e-02,-0.000000000000000000e+00,-0.000000000000000000e+00,-1.807888281835746125e-01,0.000000000000000000e+00,-0.000000000000000000e+00,-0.000000000000000000e+00,2.222522185451927257e+00,-4.240289871599967619e-01
-0.000000000000000000e+00,-0.000000000000000000e+00,-0.000000000000000000e+00,0.000000000000000000e+00,-7.066852500874011567e-02,-0.000000000000000000e+00,1.318918453656330314e-01,0.000000000000000000e+00,-3.478183560396068130e-01,-2.021664126056948729e-01,-0.000000000000000000e+00,-1.369734899014003193e-01,-0.000000000000000000e+00,-0.000000000000000000e+00,-0.000000000000000000e+00,-5.514710288791208059e-02,-0.000000000000000000e+00,0.000000000000000000e+00,-0.000000000000000000e+00,-0.000000000000000000e+00,0.000000000000000000e+00,-0.000000000000000000e+00,-1.844426584451621179e-02,-0.000000000000000000e+00,-3.735580060743481923e-01,-0.000000000000000000e+00,-1.132828429744796861e-01,-0.000000000000000000e+00,-0.000000000000000000e+00,-0.000000000000000000e+00,-1.160675542420288586e-01,-0.000000000000000000e+00,-0.000000000000000000e+00,-1.502997875205315803e-01,0.000000000000000000e+00,-1.531508798374880131e-01,-0.000000000000000000e+00,-4.240289871599967619e-01,2.253665556343838805e+00
