1.960570100671650273e+00,-3.406141483697805450e-01,-0.000000000000000000e+00,0.000000000000000000e+00,-0.000000000000000000e+00,-0.000000000000000000e+00,0.000000000000000000e+00,1.111149410180885255e-02,-0.000000000000000000e+00,-0.000000000000000000e+00,-0.000000000000000000e+00,-0.000000000000000000e+00,0.000000000000000000e+00,-0.000000000000000000e+00,-0.000000000000000000e+00,-0.000000000000000000e+00,-3.363592316719404840e-01,-0.000000000000000000e+00,-0.000000000000000000e+00,8.255769092233035400e-02,-0.000000000000000000e+00,-0.000000000000000000e+00,-1.386108077011141138e-01,-0.000000000000000000e+00,-5.533718523078502705e-02,-1.554735541938586374e-01,-0.000000000000000000e+00,-0.000000000000000000e+00,-2.976297058487961111e-01,-0.000000000000000000e+00,-9.546860703340749599e-02,-3.971720971291395341e-02,-0.000000000000000000e+00,-0.000000000000000000e+00,-0.000000000000000000e+00,-0.000000000000000000e+00,-0.000000000000000000e+00,-4.061702857147101442e-01,-0.000000000000000000e+00
-3.406141483697805450e-01,2.202863564151306797e+00,-0.000000000000000000e+00,1.138199490525781954e-01,0.000000000000000000e+00,-0.000000000000000000e+00,0.000000000000000000e+00,0.000000000000000000e+00,-0.000000000000000000e+00,-3.436969636461739142e-01,-0.000000000000000000e+00,-0.000000000000000000e+00,0.000000000000000000e+00,-1.415880751886304523e-01,-0.000000000000000000e+00,-5.400849776958371873e-01,-0.000000000000000000e+00,0.000000000000000000e+00,0.000000000000000000e+00,0.000000000000000000e+00,-0.000000000000000000e+00,-0.000000000000000000e+00,-0.000000000000000000e+00,-0.000000000000000000e+00,-3.540354328551446050e-01,-0.000000000000000000e+00,-0.000000000000000000e+00,-0.000000000000000000e+00,-0.000000000000000000e+00,-2.681889790950077804e-02,-3.066229906506903746e-01,-0.000000000000000000e+00,-3.886440469884814425e-02,-0.000000000000000000e+00,-0.000000000000000000e+00,-0.000000000000000000e+00,-0.000000000000000000e+00,-3.715048900884087690e-03,-0.000000000000000000e+00
-0.000000000000000000e+00,-0.000000000000000000e+00,2.915065279107802887e+00,0.000000000000000000e+00,-0.000000000000000000e+00,0.000000000000000000e+00,-0.000000000000000000e+00,1.557612031984383805e+00,-0.000000000000000000e+00,-0.000000000000000000e+00,-0.000000000000000000e+00,-3.095206549086891926e-02,0.000000000000000000e+00,-8.497981182212137330e-02,-0.000000000000000000e+00,-0.000000000000000000e+00,-0.000000000000000000e+00,-1.274208077277016737e-01,-7.627100389976393391e-02,0.000000000000000000e+00,-1.382522826267089111e-01,-0.000000000000000000e+00,-0.000000000000000000e+00,-0.000000000000000000e+00,-0.000000000000000000e+00,-0.000000000000000000e+00,-1.939284929910176924e-01,-4.098373137979589020e-01,-0.000000000000000000e+00,-0.000000000000000000e+00,-1.878266162756247470e-01,-8.318165959724883873e-02,-1.227200525878567872e-01,-0.000000000000000000e+00,-0.000000000000000000e+00,-0.000000000000000000e+00,-0.000000000000000000e+00,-1.462850969985978822e-03,-7.100115562911973877e-02
0.000000000000000000e+00,1.138199490525781954e-01,0.000000000000000000e+00,1.694237943064536900e+00,-0.000000000000000000e+00,2.398640298331660564e-02,-7.156615171285762855e-02,-0.000000000000000000e+00,0.000000000000000000e+00,0.000000000000000000e+00,0.000000000000000000e+00,0.000000000000000000e+00,-0.000000000000000000e+00,1.368698941999954566e-01,5.865809805833724910e-01,0.000000000000000000e+00,6.550497011174909179e-02,-0.000000000000000000e+00,-2.283569244439619395e-01,-1.003136756763139403e-01,0.000000000000000000e+00,-0.000000000000000000e+00,0.000000000000000000e+00,0.000000000000000000e+00,0.000000000000000000e+00,0.000000000000000000e+00,-0.000000000000000000e+00,-0.000000000000000000e+00,8.590367587919292558e-02,0.000000000000000000e+00,0.000000000000000000e+00,1.215067134701607737e-01,0.000000000000000000e+00,-0.000000000000000000e+00,7.375348793484964860e-02,1.100972090273770465e-01,0.000000000000000000e+00,7.558983192609781965e-02,0.000000000000000000e+00
-0.000000000000000000e+00,0.000000000000000000e+00,-0.000000000000000000e+00,-0.000000000000000000e+00,1.421879349614721288e+00,0.000000000000000000e+00,-0.000000000000000000e+00,2.484582323770474499e-01,-0.000000000000000000e+00,-0.000000000000000000e+00,-0.000000000000000000e+00,-0.000000000000000000e+00,-0.000000000000000000e+00,-0.000000000000000000e+00,-0.000000000000000000e+00,0.000000000000000000e+00,-0.000000000000000000e+00,-0.000000000000000000e+00,-4.419701924916638047e-01,1.950772964720690339e-01,0.000000000000000000e+00,0.000000000000000000e+00,-0.000000000000000000e+00,0.000000000000000000e+00,-0.000000000000000000e+00,-0.000000000000000000e+00,-0.000000000000000000e+00,-0.000000000000000000e+00,-0.000000000000000000e+00,0.000000000000000000e+00,-0.000000000000000000e+00,-0.000000000000000000e+00,-0.000000000000000000e+00,-1.553813134814012176e-01,-0.000000000000000000e+00,-0.000000000000000000e+00,-0.000000000000000000e+00,-0.000000000000000000e+00,-1.300079126936269369e-01
-0.000000000000000000e+00,-0.000000000000000000e+00,0.000000000000000000e+00,2.398640298331660564e-02,0.000000000000000000e+00,1.071192532292988275e+00,-0.000000000000000000e+00,-0.000000000000000000e+00,0.000000000000000000e+00,0.000000000000000000e+00,-0.000000000000000000e+00,3.351944504651861723e-02,0.000000000000000000e+00,-0.000000000000000000e+00,-0.000000000000000000e+00,-0.000000000000000000e+00,-0.000000000000000000e+00,-0.000000000000000000e+00,6.680440521839343601e-03,0.000000000000000000e+00,-0.000000000000000000e+00,-0.000000000000000000e+00,-1.517101617509819811e-01,-0.000000000000000000e+00,-0.000000000000000000e+00,2.835837483614462098e-02,4.177276390578014975e-02,0.000000000000000000e+00,-0.000000000000000000e+00,-0.000000000000000000e+00,0.000000000000000000e+00,-0.000000000000000000e+00,0.000000000000000000e+00,0.000000000000000000e+00,-0.000000000000000000e+00,-1.906062325584998163e-01,-0.000000000000000000e+00,-0.000000000000000000e+00,0.000000000000000000e+00
0.000000000000000000e+00,0.000000000000000000e+00,-0.000000000000000000e+00,-7.156615171285762855e-02,-0.000000000000000000e+00,-0.000000000000000000e+00,1.229218985051153901e+00,0.000000000000000000e+00,0.000000000000000000e+00,5.613900658530552451e-02,-0.000000000000000000e+00,3.682329301595912430e-01,0.000000000000000000e+00,0.000000000000000000e+00,0.000000000000000000e+00,0.000000000000000000e+00,0.000000000000000000e+00,-2.154871669664329692e-01,-0.000000000000000000e+00,-2.753387797903609352e-02,-0.000000000000000000e+00,-4.813720807755592079e-03,-0.000000000000000000e+00,-0.000000000000000000e+00,0.000000000000000000e+00,8.038090485713282607e-02,0.000000000000000000e+00,-0.000000000000000000e+00,0.000000000000000000e+00,-0.000000000000000000e+00,0.000000000000000000e+00,0.000000000000000000e+00,-0.000000000000000000e+00,0.000000000000000000e+00,0.000000000000000000e+00,-0.000000000000000000e+00,0.000000000000000000e+00,2.397407373651069817e-02,4.638258032665208003e-02
1.111149410180885255e-02,0.000000000000000000e+00,1.557612031984383805e+00,-0.000000000000000000e+00,2.484582323770474499e-01,-0.000000000000000000e+00,0.000000000000000000e+00,2.630128317499793145e+00,3.348710877123050808e-03,0.000000000000000000e+00,0.000000000000000000e+00,0.000000000000000000e+00,-0.000000000000000000e+00,2.023261443972413851e-02,0.000000000000000000e+00,0.000000000000000000e+00,0.000000000000000000e+00,1.827857007065802897e-01,1.293802468503041092e-01,-5.298348890213790303e-03,0.000000000000000000e+00,0.000000000000000000e+00,0.000000000000000000e+00,0.000000000000000000e+00,0.000000000000000000e+00,5.420823426633977066e-02,8.180399173534511070e-02,2.409571683975974543e-01,0.000000000000000000e+00,0.000000000000000000e+00,0.000000000000000000e+00,9.834617275527604563e-02,0.000000000000000000e+00,6.657153709121590296e-03,0.000000000000000000e+00,0.000000000000000000e+00,0.000000000000000000e+00,0.000000000000000000e+00,2.042710962045637263e-02
-0.000000000000000000e+00,-0.000000000000000000e+00,-0.000000000000000000e+00,0.000000000000000000e+00,-0.000000000000000000e+00,0.000000000000000000e+00,0.000000000000000000e+00,3.348710877123050808e-03,2.721341796414404435e+00,-4.721943758640214650e-01,0.000000000000000000e+00,-3.380483992410387994e-01,-0.000000000000000000e+00,-1.627353059215120024e-01,-0.000000000000000000e+00,-2.862062478552089284e-01,0.000000000000000000e+00,0.000000000000000000e+00,-0.000000000000000000e+00,0.000000000000000000e+00,-0.000000000000000000e+00,-0.000000000000000000e+00,-0.000000000000000000e+00,-0.000000000000000000e+00,-2.912645279334979964e-01,-5.431772357203183965e-01,-0.000000000000000000e+00,-2.358756798847122804e-01,-0.000000000000000000e+00,-2.472272050857531878e-01,-0.000000000000000000e+00,-0.000000000000000000e+00,-0.000000000000000000e+00,-4.141845955453561379e-01,-0.000000000000000000e+00,-0.000000000000000000e+00,-0.000000000000000000e+00,-0.000000000000000000e+00,-0.000000000000000000e+00
-0.000000000000000000e+00,-3.436969636461739142e-01,-0.000000000000000000e+00,0.000000000000000000e+00,-0.000000000000000000e+00,0.000000000000000000e+00,5.613900658530552451e-02,0.000000000000000000e+00,-4.721943758640214650e-01,2.413194300952979710e+00,0.000000000000000000e+00,-0.000000000000000000e+00,-0.000000000000000000e+00,-0.000000000000000000e+00,-0.000000000000000000e+00,-8.313528890971770835e-01,0.000000000000000000e+00,8.495423084918353462e-02,-0.000000000000000000e+00,0.000000000000000000e+00,0.000000000000000000e+00,-0.000000000000000000e+00,-0.000000000000000000e+00,-0.000000000000000000e+00,-2.417461916099422972e-02,-1.712310587886496094e-01,-0.000000000000000000e+00,-0.000000000000000000e+00,-0.000000000000000000e+00,-4.091087896590257511e-01,-0.000000000000000000e+00,-0.000000000000000000e+00,-0.000000000000000000e+00,-0.000000000000000000e+00,-0.000000000000000000e+00,-0.000000000000000000e+00,-0.000000000000000000e+00,0.000000000000000000e+00,-0.000000000000000000e+00
-0.000000000000000000e+00,-0.000000000000000000e+00,-0.000000000000000000e+00,0.000000000000000000e+00,-0.000000000000000000e+00,-0.000000000000000000e+00,-0.000000000000000000e+00,0.000000000000000000e+00,0.000000000000000000e+00,0.000000000000000000e+00,1.855241077235554981e+00,-0.000000000000000000e+00,2.767759283059553072e-02,-0.000000000000000000e+00,-5.361023213860943715e-02,0.000000000000000000e+00,-2.054017359731120651e-01,-2.436654033894020410e-01,0.000000000000000000e+00,-0.000000000000000000e+00,-3.180573480246384754e-01,0.000000000000000000e+00,-0.000000000000000000e+00,-0.000000000000000000e+00,-0.000000000000000000e+00,-0.000000000000000000e+00,-0.000000000000000000e+00,-0.000000000000000000e+00,-0.000000000000000000e+00,0.000000000000000000e+00,-0.000000000000000000e+00,-4.757661864919400796e-01,-1.891058354814190157e-01,0.000000000000000000e+00,0.000000000000000000e+00,-0.000000000000000000e+00,-0.000000000000000000e+00,-2.770402875371958396e-01,-0.000000000000000000e+00
-0.000000000000000000e+00,-0.000000000000000000e+00,-3.095206549086891926e-02,0.000000000000000000e+00,-0.000000000000000000e+00,3.351944504651861723e-02,3.682329301595912430e-01,0.000000000000000000e+00,-3.380483992410387994e-01,-0.000000000000000000e+00,-0.000000000000000000e+00,2.032947811474604460e+00,-0.000000000000000000e+00,-0.000000000000000000e+00,-1.175940837137337963e-01,-0.000000000000000000e+00,0.000000000000000000e+00,0.000000000000000000e+00,-0.000000000000000000e+00,-0.000000000000000000e+00,-0.000000000000000000e+00,0.000000000000000000e+00,-0.000000000000000000e+00,-0.000000000000000000e+00,-0.000000000000000000e+00,-1.183641012669036097e-01,-3.782733908996303018e-01,-1.170303494112232279e-01,-0.000000000000000000e+00,-0.000000000000000000e+00,-0.000000000000000000e+00,-0.000000000000000000e+00,-1.114135226467724560e-01,-1.446094317898162784e-01,-0.000000000000000000e+00,-0.000000000000000000e+00,-0.000000000000000000e+00,-1.908252783449071715e-03,-4.043252990939338876e-01
0.000000000000000000e+00,0.000000000000000000e+00,0.000000000000000000e+00,-0.000000000000000000e+00,-0.000000000000000000e+00,0.000000000000000000e+00,0.000000000000000000e+00,-0.000000000000000000e+00,-0.000000000000000000e+00,-0.000000000000000000e+00,2.767759283059553072e-02,-0.000000000000000000e+00,1.352512053946032689e+00,0.000000000000000000e+00,0.000000000000000000e+00,0.000000000000000000e+00,0.000000000000000000e+00,0.000000000000000000e+00,0.000000000000000000e+00,0.000000000000000000e+00,2.312418679702063842e-02,-0.000000000000000000e+00,0.000000000000000000e+00,2.334196705419993439e-03,0.000000000000000000e+00,0.000000000000000000e+00,0.000000000000000000e+00,0.000000000000000000e+00,0.000000000000000000e+00,0.000000000000000000e+00,4.462920013793538754e-01,1.418672886925136378e-01,2.087342365386736509e-01,0.000000000000000000e+00,-0.000000000000000000e+00,1.197812317936271069e-02,0.000000000000000000e+00,0.000000000000000000e+00,0.000000000000000000e+00
-0.000000000000000000e+00,-1.415880751886304523e-01,-8.497981182212137330e-02,1.368698941999954566e-01,-0.000000000000000000e+00,-0.000000000000000000e+00,0.000000000000000000e+00,2.023261443972413851e-02,-1.627353059215120024e-01,-0.000000000000000000e+00,-0.000000000000000000e+00,-0.000000000000000000e+00,0.000000000000000000e+00,2.463308371168988486e+00,-3.426364003036626305e-02,-2.937898465283365623e-01,-0.000000000000000000e+00,-0.000000000000000000e+00,-0.000000000000000000e+00,0.000000000000000000e+00,-0.000000000000000000e+00,0.000000000000000000e+00,-1.877019735208582812e-02,-3.806878554893800004e-01,-1.318267754022454941e-01,-0.000000000000000000e+00,-0.000000000000000000e+00,-7.499919462792993541e-02,-3.699017372939807091e-02,-0.000000000000000000e+00,-0.000000000000000000e+00,-2.926398690742587627e-01,-1.042793457198526869e-01,-0.000000000000000000e+00,-1.884339073212663584e-01,-3.307780408659698468e-01,-3.449513917253403394e-01,-0.000000000000000000e+00,-0.000000000000000000e+00
-0.000000000000000000e+00,-0.000000000000000000e+00,-0.000000000000000000e+00,5.865809805833724910e-01,-0.000000000000000000e+00,-0.000000000000000000e+00,0.000000000000000000e+00,0.000000000000000000e+00,-0.000000000000000000e+00,-0.000000000000000000e+00,-5.361023213860943715e-02,-1.175940837137337963e-01,0.000000000000000000e+00,-3.426364003036626305e-02,2.037255769157710006e+00,-0.000000000000000000e+00,-0.000000000000000000e+00,-1.027465502454609769e-01,4.398148747987972590e-02,0.000000000000000000e+00,-1.401083498092342006e-01,0.000000000000000000e+00,-0.000000000000000000e+00,-0.000000000000000000e+00,0.000000000000000000e+00,-0.000000000000000000e+00,-0.000000000000000000e+00,-0.000000000000000000e+00,-3.248250195355788933e-02,0.000000000000000000e+00,-0.000000000000000000e+00,-2.698587472774827134e-01,-2.355003485488288140e-01,0.000000000000000000e+00,-0.000000000000000000e+00,-0.000000000000000000e+00,-7.809314998563594845e-02,-4.058367711710737513e-01,-1.621009999891585731e-04
-0.000000000000000000e+00,-5.400849776958371873e-01,-0.000000000000000000e+00,0.000000000000000000e+00,0.000000000000000000e+00,-0.000000000000000000e+00,0.000000000000000000e+00,0.000000000000000000e+00,-2.862062478552089284e-01,-8.313528890971770835e-01,0.000000000000000000e+00,-0.000000000000000000e+00,0.000000000000000000e+00,-2.937898465283365623e-01,-0.000000000000000000e+00,2.502883085006269326e+00,0.000000000000000000e+00,0.000000000000000000e+00,-0.000000000000000000e+00,0.000000000000000000e+00,-0.000000000000000000e+00,-0.000000000000000000e+00,-0.000000000000000000e+00,-0.000000000000000000e+00,-0.000000000000000000e+00,-0.000000000000000000e+00,-0.000000000000000000e+00,-0.000000000000000000e+00,-0.000000000000000000e+00,-4.408099329755136853e-01,-0.000000000000000000e+00,-0.000000000000000000e+00,-0.000000000000000000e+00,-0.000000000000000000e+00,-0.000000000000000000e+00,-0.000000000000000000e+00,-0.000000000000000000e+00,-0.000000000000000000e+00,-0.000000000000000000e+00
-3.363592316719404840e-01,-0.000000000000000000e+00,-0.000000000000000000e+00,6.550497011174909179e-02,-0.000000000000000000e+00,-0.000000000000000000e+00,0.000000000000000000e+00,0.000000000000000000e+00,0.000000000000000000e+00,0.000000000000000000e+00,-2.054017359731120651e-01,0.000000000000000000e+00,0.000000000000000000e+00,-0.000000000000000000e+00,-0.000000000000000000e+00,0.000000000000000000e+00,2.008824788407859607e+00,-0.000000000000000000e+00,0.000000000000000000e+00,1.431760346226324150e-02,-0.000000000000000000e+00,9.164426326971437595e-03,-0.000000000000000000e+00,-0.000000000000000000e+00,-0.000000000000000000e+00,-0.000000000000000000e+00,0.000000000000000000e+00,-0.000000000000000000e+00,-5.362930503171552399e-01,0.000000000000000000e+00,-0.000000000000000000e+00,-4.530832460339452306e-01,-0.000000000000000000e+00,0.000000000000000000e+00,-2.023632643349861093e-02,-0.000000000000000000e+00,-9.092424244996444305e-02,-7.585270033841683135e-02,-0.000000000000000000e+00
-0.000000000000000000e+00,0.000000000000000000e+00,-1.274208077277016737e-01,-0.000000000000000000e+00,-0.000000000000000000e+00,-0.000000000000000000e+00,-2.154871669664329692e-01,1.827857007065802897e-01,0.000000000000000000e+00,8.495423084918353462e-02,-2.436654033894020410e-01,0.000000000000000000e+00,0.000000000000000000e+00,-0.000000000000000000e+00,-1.027465502454609769e-01,0.000000000000000000e+00,-0.000000000000000000e+00,1.207078847438596503e+00,-0.000000000000000000e+00,0.000000000000000000e+00,-0.000000000000000000e+00,0.000000000000000000e+00,-0.000000000000000000e+00,-0.000000000000000000e+00,6.458106366068049921e-03,0.000000000000000000e+00,0.000000000000000000e+00,-0.000000000000000000e+00,-0.000000000000000000e+00,1.219592165314301035e-02,0.000000000000000000e+00,-4.024089992783216885e-02,-0.000000000000000000e+00,2.667765645427178783e-02,-0.000000000000000000e+00,-0.000000000000000000e+00,-0.000000000000000000e+00,-0.000000000000000000e+00,-0.000000000000000000e+00
-0.000000000000000000e+00,0.000000000000000000e+00,-7.627100389976393391e-02,-2.283569244439619395e-01,-4.419701924916638047e-01,6.680440521839343601e-03,-0.000000000000000000e+00,1.293802468503041092e-01,-0.000000000000000000e+00,-0.000000000000000000e+00,0.000000000000000000e+00,-0.000000000000000000e+00,0.000000000000000000e+00,-0.000000000000000000e+00,4.398148747987972590e-02,-0.000000000000000000e+00,0.000000000000000000e+00,-0.000000000000000000e+00,1.383318503703347302e+00,0.000000000000000000e+00,0.000000000000000000e+00,-0.000000000000000000e+00,-0.000000000000000000e+00,-0.000000000000000000e+00,-0.000000000000000000e+00,-1.270886025807319020e-01,-0.000000000000000000e+00,-0.000000000000000000e+00,0.000000000000000000e+00,-0.000000000000000000e+00,-0.000000000000000000e+00,0.000000000000000000e+00,0.000000000000000000e+00,-2.553570513813766540e-01,0.000000000000000000e+00,-0.000000000000000000e+00,0.000000000000000000e+00,0.000000000000000000e+00,-0.000000000000000000e+00
8.255769092233035400e-02,0.000000000000000000e+00,0.000000000000000000e+00,-1.003136756763139403e-01,1.950772964720690339e-01,0.000000000000000000e+00,-2.753387797903609352e-02,-5.298348890213790303e-03,0.000000000000000000e+00,0.000000000000000000e+00,-0.000000000000000000e+00,-0.000000000000000000e+00,0.000000000000000000e+00,0.000000000000000000e+00,0.000000000000000000e+00,0.000000000000000000e+00,1.431760346226324150e-02,0.000000000000000000e+00,0.000000000000000000e+00,1.115227977840409723e+00,-0.000000000000000000e+00,-0.000000000000000000e+00,7.643710976058751272e-02,-0.000000000000000000e+00,5.066201325853463694e-02,0.000000000000000000e+00,0.000000000000000000e+00,-0.000000000000000000e+00,0.000000000000000000e+00,0.000000000000000000e+00,0.000000000000000000e+00,1.185662365342358797e-02,-0.000000000000000000e+00,0.000000000000000000e+00,0.000000000000000000e+00,0.000000000000000000e+00,0.000000000000000000e+00,0.000000000000000000e+00,0.000000000000000000e+00
-0.000000000000000000e+00,-0.000000000000000000e+00,-1.382522826267089111e-01,0.000000000000000000e+00,0.000000000000000000e+00,-0.000000000000000000e+00,-0.000000000000000000e+00,0.000000000000000000e+00,-0.000000000000000000e+00,0.000000000000000000e+00,-3.180573480246384754e-01,-0.000000000000000000e+00,2.312418679702063842e-02,-0.000000000000000000e+00,-1.401083498092342006e-01,-0.000000000000000000e+00,-0.000000000000000000e+00,-0.000000000000000000e+00,0.000000000000000000e+00,-0.000000000000000000e+00,1.651885111218317714e+00,-1.619892196463835754e-01,-0.000000000000000000e+00,-2.095481126998511578e-01,-0.000000000000000000e+00,-0.000000000000000000e+00,-4.175851700135301686e-02,-1.786534214169106793e-01,-0.000000000000000000e+00,-0.000000000000000000e+00,-2.009548901253082887e-01,-0.000000000000000000e+00,-1.128579083193884947e-01,-0.000000000000000000e+00,-0.000000000000000000e+00,-8.971448882428210980e-02,-0.000000000000000000e+00,-0.000000000000000000e+00,-0.000000000000000000e+00
-0.000000000000000000e+00,-0.000000000000000000e+00,-0.000000000000000000e+00,-0.000000000000000000e+00,0.000000000000000000e+00,-0.000000000000000000e+00,-4.813720807755592079e-03,0.000000000000000000e+00,-0.000000000000000000e+00,-0.000000000000000000e+00,0.000000000000000000e+00,0.000000000000000000e+00,-0.000000000000000000e+00,0.000000000000000000e+00,0.000000000000000000e+00,-0.000000000000000000e+00,9.164426326971437595e-03,0.000000000000000000e+00,-0.000000000000000000e+00,-0.000000000000000000e+00,-1.619892196463835754e-01,1.069863526506770190e+00,0.000000000000000000e+00,-0.000000000000000000e+00,0.000000000000000000e+00,-0.000000000000000000e+00,-0.000000000000000000e+00,-2.665470575653926602e-02,0.000000000000000000e+00,-1.405413917879749786e-01,-0.000000000000000000e+00,0.000000000000000000e+00,0.000000000000000000e+00,-7.490192977836519772e-02,1.754510506769462602e-02,-0.000000000000000000e+00,6.947745543145467106e-02,0.000000000000000000e+00,0.000000000000000000e+00
-1.386108077011141138e-01,-0.000000000000000000e+00,-0.000000000000000000e+00,0.000000000000000000e+00,-0.000000000000000000e+00,-1.517101617509819811e-01,-0.000000000000000000e+00,0.000000000000000000e+00,-0.000000000000000000e+00,-0.000000000000000000e+00,-0.000000000000000000e+00,-0.000000000000000000e+00,0.000000000000000000e+00,-1.877019735208582812e-02,-0.000000000000000000e+00,-0.000000000000000000e+00,-0.000000000000000000e+00,-0.000000000000000000e+00,-0.000000000000000000e+00,7.643710976058751272e-02,-0.000000000000000000e+00,0.000000000000000000e+00,1.794567885409398489e+00,-4.244780749124978381e-01,-4.383009288021777472e-01,-0.000000000000000000e+00,-0.000000000000000000e+00,-0.000000000000000000e+00,-0.000000000000000000e+00,-0.000000000000000000e+00,-3.003078573257970951e-02,-1.294891927082097438e-01,-0.000000000000000000e+00,-7.939025641037616987e-02,-0.000000000000000000e+00,-2.943167636729550063e-01,-0.000000000000000000e+00,-0.000000000000000000e+00,-0.000000000000000000e+00
-0.000000000000000000e+00,-0.000000000000000000e+00,-0.000000000000000000e+00,0.000000000000000000e+00,0.000000000000000000e+00,-0.000000000000000000e+00,-0.000000000000000000e+00,0.000000000000000000e+00,-0.000000000000000000e+00,-0.000000000000000000e+00,-0.000000000000000000e+00,-0.000000000000000000e+00,2.334196705419993439e-03,-3.806878554893800004e-01,-0.000000000000000000e+00,-0.000000000000000000e+00,-0.000000000000000000e+00,-0.000000000000000000e+00,-0.000000000000000000e+00,-0.000000000000000000e+00,-2.095481126998511578e-01,-0.000000000000000000e+00,-4.244780749124978381e-01,1.705792024435484722e+00,-0.000000000000000000e+00,-0.000000000000000000e+00,0.000000000000000000e+00,-0.000000000000000000e+00,-0.000000000000000000e+00,-1.387410905384803550e-01,-0.000000000000000000e+00,-0.000000000000000000e+00,-0.000000000000000000e+00,-0.000000000000000000e+00,-0.000000000000000000e+00,-2.998896473190804657e-01,-0.000000000000000000e+00,-0.000000000000000000e+00,-0.000000000000000000e+00
-5.533718523078502705e-02,-3.540354328551446050e-01,-0.000000000000000000e+00,0.000000000000000000e+00,-0.000000000000000000e+00,-0.000000000000000000e+00,0.000000000000000000e+00,0.000000000000000000e+00,-2.912645279334979964e-01,-2.417461916099422972e-02,-0.000000000000000000e+00,-0.000000000000000000e+00,0.000000000000000000e+00,-1.318267754022454941e-01,0.000000000000000000e+00,-0.000000000000000000e+00,-0.000000000000000000e+00,6.458106366068049921e-03,-0.000000000000000000e+00,5.066201325853463694e-02,-0.000000000000000000e+00,0.000000000000000000e+00,-4.383009288021777472e-01,-0.000000000000000000e+00,1.913696176971057872e+00,-0.000000000000000000e+00,-0.000000000000000000e+00,-9.659328849734968164e-03,-0.000000000000000000e+00,-1.236856715054109462e-01,-0.000000000000000000e+00,-0.000000000000000000e+00,-0.000000000000000000e+00,-0.000000000000000000e+00,-0.000000000000000000e+00,-5.131224510542645167e-02,-3.233312091018835516e-02,-0.000000000000000000e+00,-2.945650036315702325e-01
-1.554735541938586374e-01,-0.000000000000000000e+00,-0.000000000000000000e+00,0.000000000000000000e+00,-0.000000000000000000e+00,2.835837483614462098e-02,8.038090485713282607e-02,5.420823426633977066e-02,-5.431772357203183965e-01,-1.712310587886496094e-01,-0.000000000000000000e+00,-1.183641012669036097e-01,0.000000000000000000e+00,-0.000000000000000000e+00,-0.000000000000000000e+00,-0.000000000000000000e+00,-0.000000000000000000e+00,0.000000000000000000e+00,-1.270886025807319020e-01,0.000000000000000000e+00,-0.000000000000000000e+00,-0.000000000000000000e+00,-0.000000000000000000e+00,-0.000000000000000000e+00,-0.000000000000000000e+00,1.822786473336721391e+00,-1.884239914186811859e-01,-8.493494146460317529e-02,-0.000000000000000000e+00,-0.000000000000000000e+00,-1.121578690671876516e-01,-0.000000000000000000e+00,-0.000000000000000000e+00,-8.659779272870099520e-02,-0.000000000000000000e+00,-0.000000000000000000e+00,-0.000000000000000000e+00,-0.000000000000000000e+00,-0.000000000000000000e+00
-0.000000000000000000e+00,-0.000000000000000000e+00,-1.939284929910176924e-01,-0.000000000000000000e+00,-0.000000000000000000e+00,4.177276390578014975e-02,0.000000000000000000e+00,8.180399173534511070e-02,-0.000000000000000000e+00,-0.000000000000000000e+00,-0.000000000000000000e+00,-3.782733908996303018e-01,0.000000000000000000e+00,-0.000000000000000000e+00,-0.000000000000000000e+00,-0.000000000000000000e+00,0.000000000000000000e+00,0.000000000000000000e+00,-0.000000000000000000e+00,0.000000000000000000e+00,-4.175851700135301686e-02,-0.000000000000000000e+00,-0.000000000000000000e+00,0.000000000000000000e+00,-0.000000000000000000e+00,-1.884239914186811859e-01,2.058136496033133422e+00,-9.004511523086838887e-02,-0.000000000000000000e+00,-0.000000000000000000e+00,-5.265834289341433383e-01,-0.000000000000000000e+00,-0.000000000000000000e+00,-1.874766931763708622e-01,0.000000000000000000e+00,-0.000000000000000000e+00,-0.000000000000000000e+00,-0.000000000000000000e+00,-3.157692790982294939e-01
-0.000000000000000000e+00,-0.000000000000000000e+00,-4.098373137979589020e-01,-0.000000000000000000e+00,-0.000000000000000000e+00,0.000000000000000000e+00,-0.000000000000000000e+00,2.409571683975974543e-01,-2.358756798847122804e-01,-0.000000000000000000e+00,-0.000000000000000000e+00,-1.170303494112232279e-01,0.000000000000000000e+00,-7.499919462792993541e-02,-0.000000000000000000e+00,-0.000000000000000000e+00,-0.000000000000000000e+00,-0.000000000000000000e+00,-0.000000000000000000e+00,-0.000000000000000000e+00,-1.786534214169106793e-01,-2.665470575653926602e-02,-0.000000000000000000e+00,-0.000000000000000000e+00,-9.659328849734968164e-03,-8.493494146460317529e-02,-9.004511523086838887e-02,1.941919336970516996e+00,-0.000000000000000000e+00,-3.806538450395880596e-02,-8.260742679110345821e-02,-0.000000000000000000e+00,-1.986908904221579564e-01,-1.030148590581760476e-01,-0.000000000000000000e+00,-0.000000000000000000e+00,-0.000000000000000000e+00,-0.000000000000000000e+00,-0.000000000000000000e+00
-2.976297058487961111e-01,-0.000000000000000000e+00,-0.000000000000000000e+00,8.590367587919292558e-02,-0.000000000000000000e+00,-0.000000000000000000e+00,0.000000000000000000e+00,0.000000000000000000e+00,-0.000000000000000000e+00,-0.000000000000000000e+00,-0.000000000000000000e+00,-0.000000000000000000e+00,0.000000000000000000e+00,-3.699017372939807091e-02,-3.248250195355788933e-02,-0.000000000000000000e+00,-5.362930503171552399e-01,-0.000000000000000000e+00,0.000000000000000000e+00,0.000000000000000000e+00,-0.000000000000000000e+00,0.000000000000000000e+00,-0.000000000000000000e+00,-0.000000000000000000e+00,-0.000000000000000000e+00,-0.000000000000000000e+00,-0.000000000000000000e+00,-0.000000000000000000e+00,2.620366554268874548e+00,-0.000000000000000000e+00,-0.000000000000000000e+00,-3.357499180379882042e-01,-6.703986548475698859e-02,0.000000000000000000e+00,-3.786461493544844847e-01,-0.000000000000000000e+00,-7.261538633515360885e-01,-1.685795335546002027e-01,-0.000000000000000000e+00
-0.000000000000000000e+00,-2.681889790950077804e-02,-0.000000000000000000e+00,0.000000000000000000e+00,0.000000000000000000e+00,-0.000000000000000000e+00,-0.000000000000000000e+00,0.000000000000000000e+00,-2.472272050857531878e-01,-4.091087896590257511e-01,0.000000000000000000e+00,-0.000000000000000000e+00,0.000000000000000000e+00,-0.000000000000000000e+00,0.000000000000000000e+00,-4.408099329755136853e-01,0.000000000000000000e+00,1.219592165314301035e-02,-0.000000000000000000e+00,0.000000000000000000e+00,-0.000000000000000000e+00,-1.405413917879749786e-01,-0.000000000000000000e+00,-1.387410905384803550e-01,-1.236856715054109462e-01,-0.000000000000000000e+00,-0.000000000000000000e+00,-3.806538450395880596e-02,-0.000000000000000000e+00,2.015801183480447900e+00,-1.026214872013873208e-01,-0.000000000000000000e+00,-0.000000000000000000e+00,-1.090099899571149999e-01,-0.000000000000000000e+00,-2.325069326590401553e-01,-0.000000000000000000e+00,0.000000000000000000e+00,0.000000000000000000e+00
-9.546860703340749599e-02,-3.066229906506903746e-01,-1.878266162756247470e-01,0.000000000000000000e+00,-0.000000000000000000e+00,0.000000000000000000e+00,0.000000000000000000e+00,0.000000000000000000e+00,-0.000000000000000000e+00,-0.000000000000000000e+00,-0.000000000000000000e+00,-0.000000000000000000e+00,4.462920013793538754e-01,-0.000000000000000000e+00,-0.000000000000000000e+00,-0.000000000000000000e+00,-0.000000000000000000e+00,0.000000000000000000e+00,-0.000000000000000000e+00,0.000000000000000000e+00,-2.009548901253082887e-01,-0.000000000000000000e+00,-3.003078573257970951e-02,-0.000000000000000000e+00,-0.000000000000000000e+00,-1.121578690671876516e-01,-5.265834289341433383e-01,-8.260742679110345821e-02,-0.000000000000000000e+00,-1.026214872013873208e-01,2.236640055116950965e+00,-0.000000000000000000e+00,-0.000000000000000000e+00,-2.903624922433113431e-01,0.000000000000000000e+00,-8.366362884681775858e-02,-0.000000000000000000e+00,-0.000000000000000000e+00,-0.000000000000000000e+00
-3.971720971291395341e-02,-0.000000000000000000e+00,-8.318165959724883873e-02,1.215067134701607737e-01,-0.000000000000000000e+00,-0.000000000000000000e+00,0.000000000000000000e+00,9.834617275527604563e-02,-0.000000000000000000e+00,-0.000000000000000000e+00,-4.757661864919400796e-01,-0.000000000000000000e+00,1.418672886925136378e-01,-2.926398690742587627e-01,-2.698587472774827134e-01,-0.000000000000000000e+00,-4.530832460339452306e-01,-4.024089992783216885e-02,0.000000000000000000e+00,1.185662365342358797e-02,-0.000000000000000000e+00,0.000000000000000000e+00,-1.294891927082097438e-01,-0.000000000000000000e+00,-0.000000000000000000e+00,-0.000000000000000000e+00,-0.000000000000000000e+00,-0.000000000000000000e+00,-3.357499180379882042e-01,-0.000000000000000000e+00,-0.000000000000000000e+00,2.711526534339357308e+00,-2.139107793770409632e-02,-0.000000000000000000e+00,-0.000000000000000000e+00,-1.970074980284824626e-02,-3.768964581323155927e-01,-8.800361180154214757e-02,-9.129225336296004079e-02
-0.000000000000000000e+00,-3.886440469884814425e-02,-1.227200525878567872e-01,0.000000000000000000e+00,-0.000000000000000000e+00,0.000000000000000000e+00,-0.000000000000000000e+00,0.000000000000000000e+00,-0.000000000000000000e+00,-0.000000000000000000e+00,-1.891058354814190157e-01,-1.114135226467724560e-01,2.087342365386736509e-01,-1.042793457198526869e-01,-2.355003485488288140e-01,-0.000000000000000000e+00,-0.000000000000000000e+00,-0.000000000000000000e+00,0.000000000000000000e+00,-0.000000000000000000e+00,-1.128579083193884947e-01,0.000000000000000000e+00,-0.000000000000000000e+00,-0.000000000000000000e+00,-0.000000000000000000e+00,-0.000000000000000000e+00,-0.000000000000000000e+00,-1.986908904221579564e-01,-6.703986548475698859e-02,-0.000000000000000000e+00,-0.000000000000000000e+00,-2.139107793770409632e-02,1.842522131545556663e+00,-0.000000000000000000e+00,-0.000000000000000000e+00,-0.000000000000000000e+00,-3.170159444497919754e-01,-9.700607499955632429e-02,-0.000000000000000000e+00
-0.000000000000000000e+00,-0.000000000000000000e+00,-0.000000000000000000e+00,-0.000000000000000000e+00,-1.553813134814012176e-01,0.000000000000000000e+00,0.000000000000000000e+00,6.657153709121590296e-03,-4.141845955453561379e-01,-0.000000000000000000e+00,0.000000000000000000e+00,-1.446094317898162784e-01,0.000000000000000000e+00,-0.000000000000000000e+00,0.000000000000000000e+00,-0.000000000000000000e+00,0.000000000000000000e+00,2.667765645427178783e-02,-2.553570513813766540e-01,0.000000000000000000e+00,-0.000000000000000000e+00,-7.490192977836519772e-02,-7.939025641037616987e-02,-0.000000000000000000e+00,-0.000000000000000000e+00,-8.659779272870099520e-02,-1.874766931763708622e-01,-1.030148590581760476e-01,0.000000000000000000e+00,-1.090099899571149999e-01,-2.903624922433113431e-01,-0.000000000000000000e+00,-0.000000000000000000e+00,1.860229030499271907e+00,0.000000000000000000e+00,-0.000000000000000000e+00,0.000000000000000000e+00,-0.000000000000000000e+00,-0.000000000000000000e+00
-0.000000000000000000e+00,-0.000000000000000000e+00,-0.000000000000000000e+00,7.375348793484964860e-02,-0.000000000000000000e+00,-0.000000000000000000e+00,0.000000000000000000e+00,0.000000000000000000e+00,-0.000000000000000000e+00,-0.000000000000000000e+00,0.000000000000000000e+00,-0.000000000000000000e+00,-0.000000000000000000e+00,-1.884339073212663584e-01,-0.000000000000000000e+00,-0.000000000000000000e+00,-2.023632643349861093e-02,-0.000000000000000000e+00,0.000000000000000000e+00,0.000000000000000000e+00,-0.000000000000000000e+00,1.754510506769462602e-02,-0.000000000000000000e+00,-0.000000000000000000e+00,-0.000000000000000000e+00,-0.000000000000000000e+00,0.000000000000000000e+00,-0.000000000000000000e+00,-3.786461493544844847e-01,-0.000000000000000000e+00,0.000000000000000000e+00,-0.000000000000000000e+00,-0.000000000000000000e+00,0.000000000000000000e+00,1.913109790869907512e+00,-0.000000000000000000e+00,-8.558672052073328373e-01,-0.000000000000000000e+00,-0.000000000000000000e+00
-0.000000000000000000e+00,-0.000000000000000000e+00,-0.000000000000000000e+00,1.100972090273770465e-01,-0.000000000000000000e+00,-1.906062325584998163e-01,-0.000000000000000000e+00,0.000000000000000000e+00,-0.000000000000000000e+00,-0.000000000000000000e+00,-0.000000000000000000e+00,-0.000000000000000000e+00,1.197812317936271069e-02,-3.307780408659698468e-01,-0.000000000000000000e+00,-0.000000000000000000e+00,-0.000000000000000000e+00,-0.000000000000000000e+00,-0.000000000000000000e+00,0.000000000000000000e+00,-8.971448882428210980e-02,-0.000000000000000000e+00,-2.943167636729550063e-01,-2.998896473190804657e-01,-5.131224510542645167e-02,-0.000000000000000000e+00,-0.000000000000000000e+00,-0.000000000000000000e+00,-0.000000000000000000e+00,-2.325069326590401553e-01,-8.366362884681775858e-02,-1.970074980284824626e-02,-0.000000000000000000e+00,-0.000000000000000000e+00,-0.000000000000000000e+00,1.752291097765622085e+00,-0.000000000000000000e+00,-0.000000000000000000e+00,-0.000000000000000000e+00
-0.000000000000000000e+00,-0.000000000000000000e+00,-0.000000000000000000e+00,0.000000000000000000e+00,-0.000000000000000000e+00,-0.000000000000000000e+00,0.000000000000000000e+00,0.000000000000000000e+00,-0.000000000000000000e+00,-0.000000000000000000e+00,-0.000000000000000000e+00,-0.000000000000000000e+00,0.000000000000000000e+00,-3.449513917253403394e-01,-7.809314998563594845e-02,-0.000000000000000000e+00,-9.092424244996444305e-02,-0.000000000000000000e+00,0.000000000000000000e+00,0.000000000000000000e+00,-0.000000000000000000e+00,6.947745543145467106e-02,-0.000000000000000000e+00,-0.000000000000000000e+00,-3.233312091018835516e-02,-0.000000000000000000e+00,-0.000000000000000000e+00,-0.000000000000000000e+00,-7.261538633515360885e-01,-0.000000000000000000e+00,-0.000000000000000000e+00,-3.768964581323155927e-01,-3.170159444497919754e-01,0.000000000000000000e+00,-8.558672052073328373e-01,-0.000000000000000000e+00,2.777517598191933779e+00,-0.000000000000000000e+00,-2.708732526511467217e-02
-4.061702857147101442e-01,-3.715048900884087690e-03,-1.462850969985978822e-03,7.558983192609781965e-02,-0.000000000000000000e+00,-0.000000000000000000e+00,2.397407373651069817e-02,0.000000000000000000e+00,-0.000000000000000000e+00,0.000000000000000000e+00,-2.770402875371958396e-01,-1.908252783449071715e-03,0.000000000000000000e+00,-0.000000000000000000e+00,-4.058367711710737513e-01,-0.000000000000000000e+00,-7.585270033841683135e-02,-0.000000000000000000e+00,0.000000000000000000e+00,0.000000000000000000e+00,-0.000000000000000000e+00,0.000000000000000000e+00,-0.000000000000000000e+00,-0.000000000000000000e+00,-0.000000000000000000e+00,-0.000000000000000000e+00,-0.000000000000000000e+00,-0.000000000000000000e+00,-1.685795335546002027e-01,0.000000000000000000e+00,-0.000000000000000000e+00,-8.800361180154214757e-02,-9.700607499955632429e-02,-0.000000000000000000e+00,-0.000000000000000000e+00,-0.000000000000000000e+00,-0.000000000000000000e+00,2.008660235102549763e+00,-3.558790578669995264e-01
-0.000000000000000000e+00,-0.000000000000000000e+00,-7.100115562911973877e-02,0.000000000000000000e+00,-1.300079126936269369e-01,0.000000000000000000e+00,4.638258032665208003e-02,2.042710962045637263e-02,-0.000000000000000000e+00,-0.000000000000000000e+00,-0.000000000000000000e+00,-4.043252990939338876e-01,0.000000000000000000e+00,-0.000000000000000000e+00,-1.621009999891585731e-04,-0.000000000000000000e+00,-0.000000000000000000e+00,-0.000000000000000000e+00,-0.000000000000000000e+00,0.000000000000000000e+00,-0.000000000000000000e+00,0.000000000000000000e+00,-0.000000000000000000e+00,-0.000000000000000000e+00,-2.945650036315702325e-01,-0.000000000000000000e+00,-3.157692790982294939e-01,-0.000000000000000000e+00,-0.000000000000000000e+00,0.000000000000000000e+00,-0.000000000000000000e+00,-9.129225336296004079e-02,-0.000000000000000000e+00,-0.000000000000000000e+00,-0.000000000000000000e+00,-0.000000000000000000e+00,-2.708732526511467217e-02,-3.558790578669995264e-01,1.824453772976621257e+00
