2.567699640082221180e+00,-4.007232200465571936e-01,0.000000000000000000e+00,-0.000000000000000000e+00,-0.000000000000000000e+00,0.000000000000000000e+00,-0.000000000000000000e+00,-0.000000000000000000e+00,-0.000000000000000000e+00,-3.875944215745069088e-01,-0.000000000000000000e+00,-0.000000000000000000e+00,0.000000000000000000e+00,-2.964798763664767967e-02,-0.000000000000000000e+00,-2.099098684271483717e-01,-0.000000000000000000e+00,-0.000000000000000000e+00,-0.000000000000000000e+00,-0.000000000000000000e+00,0.000000000000000000e+00,-0.000000000000000000e+00,-0.000000000000000000e+00,-0.000000000000000000e+00,-0.000000000000000000e+00,-1.054135561156933493e-01,-0.000000000000000000e+00,0.000000000000000000e+00,-1.266761831023183738e-01,-3.327981955583055318e-01,-0.000000000000000000e+00,-0.000000000000000000e+00,-0.000000000000000000e+00,-0.000000000000000000e+00,-2.279197126836029531e-04,-0.000000000000000000e+00,-0.000000000000000000e+00,-6.676176593960930772e-01,-3.089537044608141048e-01
-4.007232200465571936e-01,2.163290552627111563e+00,0.000000000000000000e+00,0.000000000000000000e+00,-0.000000000000000000e+00,-0.000000000000000000e+00,-0.000000000000000000e+00,-0.000000000000000000e+00,-0.000000000000000000e+00,-0.000000000000000000e+00,-0.000000000000000000e+00,0.000000000000000000e+00,1.016936668755780288e-01,-0.000000000000000000e+00,0.000000000000000000e+00,-0.000000000000000000e+00,-0.000000000000000000e+00,-0.000000000000000000e+00,-0.000000000000000000e+00,-0.000000000000000000e+00,-0.000000000000000000e+00,-0.000000000000000000e+00,-1.918836792666996430e-02,-0.000000000000000000e+00,-4.629276840033973994e-01,-0.000000000000000000e+00,0.000000000000000000e+00,0.000000000000000000e+00,-4.411028001546916655e-01,-0.000000000000000000e+00,-0.000000000000000000e+00,-1.069241706421200089e-01,0.000000000000000000e+00,-0.000000000000000000e+00,-0.000000000000000000e+00,0.000000000000000000e+00,-0.000000000000000000e+00,-2.468431040028752632e-01,-3.465118767519909104e-01
0.000000000000000000e+00,0.000000000000000000e+00,3.082581883440707049e+00,-0.000000000000000000e+00,-0.000000000000000000e+00,0.000000000000000000e+00,0.000000000000000000e+00,1.315744967287570288e+00,-9.527870840379756845e-02,-0.000000000000000000e+00,-1.503271378923168033e-01,-0.000000000000000000e+00,-0.000000000000000000e+00,-0.000000000000000000e+00,-0.000000000000000000e+00,0.000000000000000000e+00,-3.876260694193334189e-02,-0.000000000000000000e+00,-0.000000000000000000e+00,-0.000000000000000000e+00,-0.000000000000000000e+00,-0.000000000000000000e+00,-0.000000000000000000e+00,-0.000000000000000000e+00,-0.000000000000000000e+00,-4.295333494300218949e-03,-3.515441512646566569e-01,-6.378595905600797922e-01,0.000000000000000000e+00,-0.000000000000000000e+00,-1.047115246056895405e-01,-0.000000000000000000e+00,-2.975426631505177499e-01,-1.653262509095714261e-01,0.000000000000000000e+00,-1.607341730922713652e-01,0.000000000000000000e+00,0.000000000000000000e+00,-0.000000000000000000e+00
-0.000000000000000000e+00,0.000000000000000000e+00,-0.000000000000000000e+00,1.549335642137026570e+00,1.069152072388482727e-01,-0.000000000000000000e+00,-0.000000000000000000e+00,0.000000000000000000e+00,0.000000000000000000e+00,0.000000000000000000e+00,-0.000000000000000000e+00,-0.000000000000000000e+00,-1.126083096079882467e-01,0.000000000000000000e+00,1.760410487215650563e-02,0.000000000000000000e+00,-0.000000000000000000e+00,-0.000000000000000000e+00,-0.000000000000000000e+00,-7.879855653919046743e-01,-0.000000000000000000e+00,-1.360323792237929930e-01,0.000000000000000000e+00,-0.000000000000000000e+00,0.000000000000000000e+00,0.000000000000000000e+00,-0.000000000000000000e+00,0.000000000000000000e+00,-0.000000000000000000e+00,0.000000000000000000e+00,0.000000000000000000e+00,-0.000000000000000000e+00,-5.094528586379964974e-02,7.555424113116802898e-02,-0.000000000000000000e+00,0.000000000000000000e+00,-0.000000000000000000e+00,0.000000000000000000e+00,0.000000000000000000e+00
-0.000000000000000000e+00,-0.000000000000000000e+00,-0.000000000000000000e+00,1.069152072388482727e-01,2.278360242956482207e+00,0.000000000000000000e+00,0.000000000000000000e+00,0.000000000000000000e+00,-3.195650917257049084e-01,-1.027466769432674315e-01,-0.000000000000000000e+00,-0.000000000000000000e+00,0.000000000000000000e+00,-0.000000000000000000e+00,-0.000000000000000000e+00,-1.968445133614097897e-01,-0.000000000000000000e+00,-6.439728636794403265e-03,-3.041014873898380960e-02,1.203957193025705918e-01,0.000000000000000000e+00,0.000000000000000000e+00,-1.276009524335096901e-01,-0.000000000000000000e+00,-1.961010176637284774e-01,-7.657588920894456072e-03,-0.000000000000000000e+00,-0.000000000000000000e+00,0.000000000000000000e+00,-0.000000000000000000e+00,-2.277441010645110397e-01,-0.000000000000000000e+00,-0.000000000000000000e+00,-7.946817114776155710e-01,-0.000000000000000000e+00,-2.367328070543354146e-01,-0.000000000000000000e+00,-0.000000000000000000e+00,-0.000000000000000000e+00
0.000000000000000000e+00,-0.000000000000000000e+00,0.000000000000000000e+00,-0.000000000000000000e+00,0.000000000000000000e+00,1.929435590807741407e+00,-1.293334520688716738e-01,0.000000000000000000e+00,-0.000000000000000000e+00,0.000000000000000000e+00,-1.589790507094943628e-01,1.173062022312999948e-02,0.000000000000000000e+00,-0.000000000000000000e+00,2.716635455076608641e-01,0.000000000000000000e+00,-1.363024009512068535e-01,-0.000000000000000000e+00,-0.000000000000000000e+00,-6.964228135873962167e-02,-6.103861838560771247e-01,-1.028648490708226199e-01,-0.000000000000000000e+00,-2.242118134884086567e-01,-0.000000000000000000e+00,-0.000000000000000000e+00,0.000000000000000000e+00,-0.000000000000000000e+00,-5.399815582990936252e-02,-0.000000000000000000e+00,-0.000000000000000000e+00,-4.081556349781789161e-01,0.000000000000000000e+00,-0.000000000000000000e+00,-0.000000000000000000e+00,1.176350267107340725e-01,-6.685883637712468353e-02,-0.000000000000000000e+00,-0.000000000000000000e+00
-0.000000000000000000e+00,-0.000000000000000000e+00,0.000000000000000000e+00,-0.000000000000000000e+00,0.000000000000000000e+00,-1.293334520688716738e-01,2.005522876873318872e+00,-0.000000000000000000e+00,0.000000000000000000e+00,-0.000000000000000000e+00,0.000000000000000000e+00,3.892955396096567933e-01,3.724406962027470014e-01,-0.000000000000000000e+00,0.000000000000000000e+00,0.000000000000000000e+00,0.000000000000000000e+00,-0.000000000000000000e+00,-9.391607890392336677e-02,-0.000000000000000000e+00,-2.851826180755449580e-01,-2.381936946467323735e-01,0.000000000000000000e+00,-0.000000000000000000e+00,-1.311226052053593438e-02,-0.000000000000000000e+00,3.950539517486164054e-01,8.268287677843736902e-03,-3.625234709863073279e-01,-0.000000000000000000e+00,-0.000000000000000000e+00,-0.000000000000000000e+00,0.000000000000000000e+00,0.000000000000000000e+00,-2.855517905326638295e-01,0.000000000000000000e+00,-0.000000000000000000e+00,-0.000000000000000000e+00,0.000000000000000000e+00
-0.000000000000000000e+00,-0.000000000000000000e+00,1.315744967287570288e+00,0.000000000000000000e+00,0.000000000000000000e+00,0.000000000000000000e+00,-0.000000000000000000e+00,2.883321039297011001e+00,0.000000000000000000e+00,0.000000000000000000e+00,2.207543148106399511e-01,0.000000000000000000e+00,0.000000000000000000e+00,-0.000000000000000000e+00,0.000000000000000000e+00,-0.000000000000000000e+00,1.455632135378006342e-01,7.656081293901940456e-03,8.335503512336745260e-03,0.000000000000000000e+00,0.000000000000000000e+00,0.000000000000000000e+00,0.000000000000000000e+00,0.000000000000000000e+00,0.000000000000000000e+00,0.000000000000000000e+00,1.711571613919002366e-01,5.732969413244958234e-01,-0.000000000000000000e+00,0.000000000000000000e+00,9.205279610945882318e-02,0.000000000000000000e+00,3.292685467587072035e-01,9.259970361655518734e-02,-0.000000000000000000e+00,0.000000000000000000e+00,-0.000000000000000000e+00,-0.000000000000000000e+00,0.000000000000000000e+00
-0.000000000000000000e+00,-0.000000000000000000e+00,-9.527870840379756845e-02,0.000000000000000000e+00,-3.195650917257049084e-01,-0.000000000000000000e+00,0.000000000000000000e+00,0.000000000000000000e+00,2.570433069514385327e+00,-1.724611481541429570e-01,-1.853441230514798477e-01,-1.223476183567720754e-01,-0.000000000000000000e+00,-4.820468592193954266e-02,-0.000000000000000000e+00,-0.000000000000000000e+00,-1.340783221532658442e-01,-0.000000000000000000e+00,-0.000000000000000000e+00,0.000000000000000000e+00,-0.000000000000000000e+00,-0.000000000000000000e+00,-3.941911947469701333e-02,-0.000000000000000000e+00,-3.838720717532274375e-04,-5.110172981723659635e-01,-9.134837603371361026e-02,-0.000000000000000000e+00,-0.000000000000000000e+00,-4.173136569230209147e-01,-0.000000000000000000e+00,-8.812017116550624474e-02,-0.000000000000000000e+00,-1.733578661354973904e-01,-0.000000000000000000e+00,-5.322478465166696239e-03,-0.000000000000000000e+00,-0.000000000000000000e+00,-4.167803364882510242e-01
-3.875944215745069088e-01,-0.000000000000000000e+00,-0.000000000000000000e+00,0.000000000000000000e+00,-1.027466769432674315e-01,0.000000000000000000e+00,-0.000000000000000000e+00,0.000000000000000000e+00,-1.724611481541429570e-01,2.700815399520562377e+00,0.000000000000000000e+00,-4.578673293325928768e-03,0.000000000000000000e+00,-2.211088014776366739e-01,-1.836459992770432537e-01,-8.956464190975095274e-01,0.000000000000000000e+00,-0.000000000000000000e+00,-0.000000000000000000e+00,0.000000000000000000e+00,0.000000000000000000e+00,0.000000000000000000e+00,-0.000000000000000000e+00,-0.000000000000000000e+00,-2.309728408291806534e-01,-6.435703265967503139e-02,-0.000000000000000000e+00,0.000000000000000000e+00,-0.000000000000000000e+00,-3.458497011649669384e-01,-0.000000000000000000e+00,-0.000000000000000000e+00,-0.000000000000000000e+00,-0.000000000000000000e+00,-1.095320056257167163e-01,-0.000000000000000000e+00,-0.000000000000000000e+00,-1.889227094822044928e-01,-0.000000000000000000e+00
-0.000000000000000000e+00,-0.000000000000000000e+00,-1.503271378923168033e-01,-0.000000000000000000e+00,-0.000000000000000000e+00,-1.589790507094943628e-01,0.000000000000000000e+00,2.207543148106399511e-01,-1.853441230514798477e-01,0.000000000000000000e+00,2.455723427901005618e+00,-0.000000000000000000e+00,-2.568755275490731960e-02,0.000000000000000000e+00,0.000000000000000000e+00,0.000000000000000000e+00,-9.923955264115983388e-01,-0.000000000000000000e+00,-0.000000000000000000e+00,-9.829672738066114190e-02,-3.059903718043093801e-01,-0.000000000000000000e+00,-0.000000000000000000e+00,-1.115941065134751359e-01,-0.000000000000000000e+00,-0.000000000000000000e+00,-2.651726630952629948e-01,-8.696737795961461195e-03,-0.000000000000000000e+00,-0.000000000000000000e+00,-0.000000000000000000e+00,-2.542004253937567571e-01,-0.000000000000000000e+00,-0.000000000000000000e+00,0.000000000000000000e+00,-0.000000000000000000e+00,-0.000000000000000000e+00,-0.000000000000000000e+00,-1.289642608886945596e-01
-0.000000000000000000e+00,0.000000000000000000e+00,-0.000000000000000000e+00,-0.000000000000000000e+00,-0.000000000000000000e+00,1.173062022312999948e-02,3.892955396096567933e-01,0.000000000000000000e+00,-1.223476183567720754e-01,-4.578673293325928768e-03,-0.000000000000000000e+00,2.156120002293183902e+00,-1.123903232310340256e-01,-0.000000000000000000e+00,-3.695768247901186632e-01,-0.000000000000000000e+00,-0.000000000000000000e+00,-0.000000000000000000e+00,-0.000000000000000000e+00,-0.000000000000000000e+00,0.000000000000000000e+00,0.000000000000000000e+00,-0.000000000000000000e+00,0.000000000000000000e+00,0.000000000000000000e+00,-0.000000000000000000e+00,-4.888553062458484422e-01,-0.000000000000000000e+00,0.000000000000000000e+00,-3.711701486958891849e-02,0.000000000000000000e+00,-0.000000000000000000e+00,-6.049931953446876509e-01,-0.000000000000000000e+00,0.000000000000000000e+00,-1.914663211137744847e-01,0.000000000000000000e+00,-0.000000000000000000e+00,-7.158104987538597974e-02
0.000000000000000000e+00,1.016936668755780288e-01,-0.000000000000000000e+00,-1.126083096079882467e-01,0.000000000000000000e+00,0.000000000000000000e+00,3.724406962027470014e-01,0.000000000000000000e+00,-0.000000000000000000e+00,0.000000000000000000e+00,-2.568755275490731960e-02,-1.123903232310340256e-01,1.797451499859205049e+00,0.000000000000000000e+00,0.000000000000000000e+00,0.000000000000000000e+00,-0.000000000000000000e+00,0.000000000000000000e+00,0.000000000000000000e+00,-0.000000000000000000e+00,0.000000000000000000e+00,-0.000000000000000000e+00,0.000000000000000000e+00,0.000000000000000000e+00,7.831801727378275013e-02,0.000000000000000000e+00,-7.523254192518148420e-01,-0.000000000000000000e+00,0.000000000000000000e+00,-0.000000000000000000e+00,6.540353329050799247e-02,-0.000000000000000000e+00,-2.378214620840890525e-01,0.000000000000000000e+00,0.000000000000000000e+00,-0.000000000000000000e+00,-0.000000000000000000e+00,0.000000000000000000e+00,-0.000000000000000000e+00
-2.964798763664767967e-02,-0.000000000000000000e+00,-0.000000000000000000e+00,0.000000000000000000e+00,-0.000000000000000000e+00,-0.000000000000000000e+00,-0.000000000000000000e+00,-0.000000000000000000e+00,-4.820468592193954266e-02,-2.211088014776366739e-01,0.000000000000000000e+00,-0.000000000000000000e+00,0.000000000000000000e+00,1.951989897283013864e+00,-0.000000000000000000e+00,-9.071235304388042264e-02,0.000000000000000000e+00,-1.285444578309418578e-02,-1.507179844325741598e-02,0.000000000000000000e+00,0.000000000000000000e+00,0.000000000000000000e+00,-0.000000000000000000e+00,-1.255246972529668048e-01,-0.000000000000000000e+00,-0.000000000000000000e+00,-0.000000000000000000e+00,-0.000000000000000000e+00,-1.828144176272733859e-02,-0.000000000000000000e+00,-1.399471145664924199e-01,-0.000000000000000000e+00,-0.000000000000000000e+00,-0.000000000000000000e+00,-6.239430678315800449e-01,-2.215141031758596502e-01,-4.406504604887758192e-01,-0.000000000000000000e+00,-0.000000000000000000e+00
-0.000000000000000000e+00,0.000000000000000000e+00,-0.000000000000000000e+00,1.760410487215650563e-02,-0.000000000000000000e+00,2.716635455076608641e-01,0.000000000000000000e+00,0.000000000000000000e+00,-0.000000000000000000e+00,-1.836459992770432537e-01,0.000000000000000000e+00,-3.695768247901186632e-01,0.000000000000000000e+00,-0.000000000000000000e+00,1.712464190044981960e+00,-0.000000000000000000e+00,-0.000000000000000000e+00,-0.000000000000000000e+00,-0.000000000000000000e+00,0.000000000000000000e+00,7.410971036899719096e-03,0.000000000000000000e+00,0.000000000000000000e+00,0.000000000000000000e+00,-0.000000000000000000e+00,-5.418504311711350718e-01,-0.000000000000000000e+00,-0.000000000000000000e+00,0.000000000000000000e+00,-9.831156117934153338e-02,-0.000000000000000000e+00,0.000000000000000000e+00,-5.324885133407417093e-02,-1.318223290475323273e-01,-0.000000000000000000e+00,-0.000000000000000000e+00,7.982376864449657050e-02,-1.148950881912217531e-01,-0.000000000000000000e+00
-2.099098684271483717e-01,-0.000000000000000000e+00,0.000000000000000000e+00,0.000000000000000000e+00,-1.968445133614097897e-01,0.000000000000000000e+00,0.000000000000000000e+00,-0.000000000000000000e+00,-0.000000000000000000e+00,-8.956464190975095274e-01,0.000000000000000000e+00,-0.000000000000000000e+00,0.000000000000000000e+00,-9.071235304388042264e-02,-0.000000000000000000e+00,2.106390829208483417e+00,0.000000000000000000e+00,-0.000000000000000000e+00,-0.000000000000000000e+00,2.479609780438039590e-01,1.466547840305920947e-01,0.000000000000000000e+00,-0.000000000000000000e+00,-0.000000000000000000e+00,-4.186896768905428584e-02,-0.000000000000000000e+00,-0.000000000000000000e+00,0.000000000000000000e+00,-0.000000000000000000e+00,-0.000000000000000000e+00,-0.000000000000000000e+00,-0.000000000000000000e+00,0.000000000000000000e+00,-0.000000000000000000e+00,-0.000000000000000000e+00,-3.315256646149326025e-01,-0.000000000000000000e+00,-7.558399472725521595e-02,-0.000000000000000000e+00
-0.000000000000000000e+00,-0.000000000000000000e+00,-3.876260694193334189e-02,-0.000000000000000000e+00,-0.000000000000000000e+00,-1.363024009512068535e-01,0.000000000000000000e+00,1.455632135378006342e-01,-1.340783221532658442e-01,0.000000000000000000e+00,-9.923955264115983388e-01,-0.000000000000000000e+00,-0.000000000000000000e+00,0.000000000000000000e+00,-0.000000000000000000e+00,0.000000000000000000e+00,1.979428724473212720e+00,-0.000000000000000000e+00,-0.000000000000000000e+00,-0.000000000000000000e+00,-8.428367194545469121e-03,-0.000000000000000000e+00,-2.346522738042583489e-01,-0.000000000000000000e+00,-0.000000000000000000e+00,-4.362474148207745595e-02,-0.000000000000000000e+00,-5.374521902312048155e-02,0.000000000000000000e+00,-0.000000000000000000e+00,-0.000000000000000000e+00,-0.000000000000000000e+00,-0.000000000000000000e+00,-0.000000000000000000e+00,0.000000000000000000e+00,0.000000000000000000e+00,-0.000000000000000000e+00,-0.000000000000000000e+00,-0.000000000000000000e+00
-0.000000000000000000e+00,-0.000000000000000000e+00,-0.000000000000000000e+00,-0.000000000000000000e+00,-6.439728636794403265e-03,-0.000000000000000000e+00,-0.000000000000000000e+00,7.656081293901940456e-03,-0.000000000000000000e+00,-0.000000000000000000e+00,-0.000000000000000000e+00,-0.000000000000000000e+00,0.000000000000000000e+00,-1.285444578309418578e-02,-0.000000000000000000e+00,-0.000000000000000000e+00,-0.000000000000000000e+00,2.027133681111517038e+00,-1.278052946535327639e+00,-0.000000000000000000e+00,-0.000000000000000000e+00,-2.509380390694758156e-01,-0.000000000000000000e+00,-7.068549635143288323e-02,-0.000000000000000000e+00,-0.000000000000000000e+00,-0.000000000000000000e+00,-0.000000000000000000e+00,-0.000000000000000000e+00,-0.000000000000000000e+00,-0.000000000000000000e+00,-6.117032847167643700e-02,-7.579708401919521554e-02,-0.000000000000000000e+00,-1.796952697691393125e-02,-0.000000000000000000e+00,-0.000000000000000000e+00,-0.000000000000000000e+00,-0.000000000000000000e+00
-0.000000000000000000e+00,-0.000000000000000000e+00,-0.000000000000000000e+00,-0.000000000000000000e+00,-3.041014873898380960e-02,-0.000000000000000000e+00,-9.391607890392336677e-02,8.335503512336745260e-03,-0.000000000000000000e+00,-0.000000000000000000e+00,-0.000000000000000000e+00,-0.000000000000000000e+00,0.000000000000000000e+00,-1.507179844325741598e-02,-0.000000000000000000e+00,-0.000000000000000000e+00,-0.000000000000000000e+00,-1.278052946535327639e+00,2.156254816620957637e+00,-0.000000000000000000e+00,-3.384108554296583887e-02,-8.623970464399273450e-02,-0.000000000000000000e+00,-1.321783580184582307e-02,-6.790551603327543012e-03,-2.663831617548519798e-02,-0.000000000000000000e+00,-0.000000000000000000e+00,-0.000000000000000000e+00,-0.000000000000000000e+00,-2.663291536341719778e-01,-0.000000000000000000e+00,-0.000000000000000000e+00,-2.339443766963927029e-01,-0.000000000000000000e+00,-0.000000000000000000e+00,-0.000000000000000000e+00,-0.000000000000000000e+00,-0.000000000000000000e+00
-0.000000000000000000e+00,-0.000000000000000000e+00,-0.000000000000000000e+00,-7.879855653919046743e-01,1.203957193025705918e-01,-6.964228135873962167e-02,-0.000000000000000000e+00,0.000000000000000000e+00,0.000000000000000000e+00,0.000000000000000000e+00,-9.829672738066114190e-02,-0.000000000000000000e+00,-0.000000000000000000e+00,0.000000000000000000e+00,0.000000000000000000e+00,2.479609780438039590e-01,-0.000000000000000000e+00,-0.000000000000000000e+00,-0.000000000000000000e+00,2.297863221183583438e+00,-3.321411781286650045e-01,-8.276971398938717250e-01,0.000000000000000000e+00,-0.000000000000000000e+00,0.000000000000000000e+00,0.000000000000000000e+00,-0.000000000000000000e+00,-0.000000000000000000e+00,-0.000000000000000000e+00,0.000000000000000000e+00,0.000000000000000000e+00,-0.000000000000000000e+00,-1.156209219084421702e-01,0.000000000000000000e+00,-0.000000000000000000e+00,9.525116910269254555e-02,-0.000000000000000000e+00,0.000000000000000000e+00,0.000000000000000000e+00
0.000000000000000000e+00,-0.000000000000000000e+00,-0.000000000000000000e+00,-0.000000000000000000e+00,0.000000000000000000e+00,-6.103861838560771247e-01,-2.851826180755449580e-01,0.000000000000000000e+00,-0.000000000000000000e+00,0.000000000000000000e+00,-3.059903718043093801e-01,0.000000000000000000e+00,0.000000000000000000e+00,0.000000000000000000e+00,7.410971036899719096e-03,1.466547840305920947e-01,-8.428367194545469121e-03,-0.000000000000000000e+00,-3.384108554296583887e-02,-3.321411781286650045e-01,2.265025609212717672e+00,-7.066423911771821942e-01,-0.000000000000000000e+00,-1.362889892533180880e-01,-0.000000000000000000e+00,-0.000000000000000000e+00,0.000000000000000000e+00,-0.000000000000000000e+00,-0.000000000000000000e+00,0.000000000000000000e+00,-0.000000000000000000e+00,-0.000000000000000000e+00,-0.000000000000000000e+00,-0.000000000000000000e+00,-0.000000000000000000e+00,0.000000000000000000e+00,-0.000000000000000000e+00,0.000000000000000000e+00,0.000000000000000000e+00
-0.000000000000000000e+00,-0.000000000000000000e+00,-0.000000000000000000e+00,-1.360323792237929930e-01,0.000000000000000000e+00,-1.028648490708226199e-01,-2.381936946467323735e-01,0.000000000000000000e+00,-0.000000000000000000e+00,0.000000000000000000e+00,-0.000000000000000000e+00,0.000000000000000000e+00,-0.000000000000000000e+00,0.000000000000000000e+00,0.000000000000000000e+00,0.000000000000000000e+00,-0.000000000000000000e+00,-2.509380390694758156e-01,-8.623970464399273450e-02,-8.276971398938717250e-01,-7.066423911771821942e-01,2.255377850376410809e+00,0.000000000000000000e+00,-0.000000000000000000e+00,-0.000000000000000000e+00,-0.000000000000000000e+00,-0.000000000000000000e+00,0.000000000000000000e+00,-0.000000000000000000e+00,-0.000000000000000000e+00,-0.000000000000000000e+00,-0.000000000000000000e+00,-3.100165378187514070e-03,0.000000000000000000e+00,-0.000000000000000000e+00,0.000000000000000000e+00,-0.000000000000000000e+00,-0.000000000000000000e+00,-0.000000000000000000e+00
-0.000000000000000000e+00,-1.918836792666996430e-02,-0.000000000000000000e+00,0.000000000000000000e+00,-1.276009524335096901e-01,-0.000000000000000000e+00,0.000000000000000000e+00,0.000000000000000000e+00,-3.941911947469701333e-02,-0.000000000000000000e+00,-0.000000000000000000e+00,-0.000000000000000000e+00,0.000000000000000000e+00,-0.000000000000000000e+00,0.000000000000000000e+00,-0.000000000000000000e+00,-2.346522738042583489e-01,-0.000000000000000000e+00,-0.000000000000000000e+00,0.000000000000000000e+00,-0.000000000000000000e+00,0.000000000000000000e+00,1.789332778130015011e+00,-1.077997247119675261e-01,-5.567334525710616600e-01,-0.000000000000000000e+00,-0.000000000000000000e+00,-0.000000000000000000e+00,-0.000000000000000000e+00,-4.485289861997984046e-02,-0.000000000000000000e+00,-1.339631094106529252e-01,0.000000000000000000e+00,-1.115029370559872945e-01,0.000000000000000000e+00,-0.000000000000000000e+00,-0.000000000000000000e+00,-0.000000000000000000e+00,-2.294478200412522761e-01
-0.000000000000000000e+00,-0.000000000000000000e+00,-0.000000000000000000e+00,-0.000000000000000000e+00,-0.000000000000000000e+00,-2.242118134884086567e-01,-0.000000000000000000e+00,0.000000000000000000e+00,-0.000000000000000000e+00,-0.000000000000000000e+00,-1.115941065134751359e-01,0.000000000000000000e+00,0.000000000000000000e+00,-1.255246972529668048e-01,0.000000000000000000e+00,-0.000000000000000000e+00,-0.000000000000000000e+00,-7.068549635143288323e-02,-1.321783580184582307e-02,-0.000000000000000000e+00,-1.362889892533180880e-01,-0.000000000000000000e+00,-1.077997247119675261e-01,1.604291852043713940e+00,-2.668621085236462243e-01,-0.000000000000000000e+00,-0.000000000000000000e+00,-0.000000000000000000e+00,-0.000000000000000000e+00,-0.000000000000000000e+00,-3.049813401361298193e-01,-1.497940361401766673e-01,0.000000000000000000e+00,-0.000000000000000000e+00,-0.000000000000000000e+00,-0.000000000000000000e+00,-0.000000000000000000e+00,-0.000000000000000000e+00,-0.000000000000000000e+00
-0.000000000000000000e+00,-4.629276840033973994e-01,-0.000000000000000000e+00,0.000000000000000000e+00,-1.961010176637284774e-01,-0.000000000000000000e+00,-1.311226052053593438e-02,0.000000000000000000e+00,-3.838720717532274375e-04,-2.309728408291806534e-01,-0.000000000000000000e+00,0.000000000000000000e+00,7.831801727378275013e-02,-0.000000000000000000e+00,-0.000000000000000000e+00,-4.186896768905428584e-02,-0.000000000000000000e+00,-0.000000000000000000e+00,-6.790551603327543012e-03,0.000000000000000000e+00,-0.000000000000000000e+00,-0.000000000000000000e+00,-5.567334525710616600e-01,-2.668621085236462243e-01,2.305409358884400906e+00,-0.000000000000000000e+00,0.000000000000000000e+00,0.000000000000000000e+00,-1.583060216460237812e-01,-1.874005818874842633e-01,-1.241969189172449917e-01,-1.821832331278328996e-03,0.000000000000000000e+00,-1.194440849505999519e-01,-4.667450845947165167e-02,-0.000000000000000000e+00,-0.000000000000000000e+00,-3.074873618716731163e-02,-1.359286512259736540e-02
-1.054135561156933493e-01,-0.000000000000000000e+00,-4.295333494300218949e-03,0.000000000000000000e+00,-7.657588920894456072e-03,-0.000000000000000000e+00,-0.000000000000000000e+00,0.000000000000000000e+00,-5.110172981723659635e-01,-6.435703265967503139e-02,-0.000000000000000000e+00,-0.000000000000000000e+00,0.000000000000000000e+00,-0.000000000000000000e+00,-5.418504311711350718e-01,-0.000000000000000000e+00,-4.362474148207745595e-02,-0.000000000000000000e+00,-2.663831617548519798e-02,0.000000000000000000e+00,-0.000000000000000000e+00,-0.000000000000000000e+00,-0.000000000000000000e+00,-0.000000000000000000e+00,-0.000000000000000000e+00,2.384673059053131539e+00,-0.000000000000000000e+00,-0.000000000000000000e+00,-0.000000000000000000e+00,-3.234648658288035161e-01,-0.000000000000000000e+00,-0.000000000000000000e+00,-0.000000000000000000e+00,-2.948163999801126089e-01,-0.000000000000000000e+00,-0.000000000000000000e+00,0.000000000000000000e+00,-2.655578485364462060e-01,-2.282845664451271517e-01
-0.000000000000000000e+00,0.000000000000000000e+00,-3.515441512646566569e-01,-0.000000000000000000e+00,-0.000000000000000000e+00,0.000000000000000000e+00,3.950539517486164054e-01,1.711571613919002366e-01,-9.134837603371361026e-02,-0.000000000000000000e+00,-2.651726630952629948e-01,-4.888553062458484422e-01,-7.523254192518148420e-01,-0.000000000000000000e+00,-0.000000000000000000e+00,-0.000000000000000000e+00,-0.000000000000000000e+00,-0.000000000000000000e+00,-0.000000000000000000e+00,-0.000000000000000000e+00,0.000000000000000000e+00,-0.000000000000000000e+00,-0.000000000000000000e+00,-0.000000000000000000e+00,0.000000000000000000e+00,-0.000000000000000000e+00,2.518707951693658131e+00,-1.620485293002450755e-01,0.000000000000000000e+00,-0.000000000000000000e+00,0.000000000000000000e+00,-0.000000000000000000e+00,-2.029712090418453740e-01,-0.000000000000000000e+00,0.000000000000000000e+00,-0.000000000000000000e+00,-0.000000000000000000e+00,0.000000000000000000e+00,-0.000000000000000000e+00
0.000000000000000000e+00,0.000000000000000000e+00,-6.378595905600797922e-01,0.000000000000000000e+00,-0.000000000000000000e+00,-0.000000000000000000e+00,8.268287677843736902e-03,5.732969413244958234e-01,-0.000000000000000000e+00,0.000000000000000000e+00,-8.696737795961461195e-03,-0.000000000000000000e+00,-0.000000000000000000e+00,-0.000000000000000000e+00,-0.000000000000000000e+00,0.000000000000000000e+00,-5.374521902312048155e-02,-0.000000000000000000e+00,-0.000000000000000000e+00,-0.000000000000000000e+00,-0.000000000000000000e+00,0.000000000000000000e+00,-0.000000000000000000e+00,-0.000000000000000000e+00,0.000000000000000000e+00,-0.000000000000000000e+00,-1.620485293002450755e-01,1.935098854940132895e+00,7.319157061975539724e-02,-0.000000000000000000e+00,-6.881144274019976304e-02,-0.000000000000000000e+00,-0.000000000000000000e+00,-0.000000000000000000e+00,0.000000000000000000e+00,-1.370509283408452295e-01,-0.000000000000000000e+00,5.903049191622915942e-03,-0.000000000000000000e+00
-1.266761831023183738e-01,-4.411028001546916655e-01,0.000000000000000000e+00,-0.000000000000000000e+00,0.000000000000000000e+00,-5.399815582990936252e-02,-3.625234709863073279e-01,-0.000000000000000000e+00,-0.000000000000000000e+00,-0.000000000000000000e+00,-0.000000000000000000e+00,0.000000000000000000e+00,0.000000000000000000e+00,-1.828144176272733859e-02,0.000000000000000000e+00,-0.000000000000000000e+00,0.000000000000000000e+00,-0.000000000000000000e+00,-0.000000000000000000e+00,-0.000000000000000000e+00,-0.000000000000000000e+00,-0.000000000000000000e+00,-0.000000000000000000e+00,-0.000000000000000000e+00,-1.583060216460237812e-01,-0.000000000000000000e+00,0.000000000000000000e+00,7.319157061975539724e-02,2.599488869574798855e+00,-0.000000000000000000e+00,-0.000000000000000000e+00,-3.383050428071474047e-01,0.000000000000000000e+00,-0.000000000000000000e+00,-1.060552553819179122e+00,0.000000000000000000e+00,-2.369099222078542566e-02,-2.195140825568399623e-01,-0.000000000000000000e+00
-3.327981955583055318e-01,-0.000000000000000000e+00,-0.000000000000000000e+00,0.000000000000000000e+00,-0.000000000000000000e+00,-0.000000000000000000e+00,-0.000000000000000000e+00,0.000000000000000000e+00,-4.173136569230209147e-01,-3.458497011649669384e-01,-0.000000000000000000e+00,-3.711701486958891849e-02,-0.000000000000000000e+00,-0.000000000000000000e+00,-9.831156117934153338e-02,-0.000000000000000000e+00,-0.000000000000000000e+00,-0.000000000000000000e+00,-0.000000000000000000e+00,0.000000000000000000e+00,0.000000000000000000e+00,-0.000000000000000000e+00,-4.485289861997984046e-02,-0.000000000000000000e+00,-1.874005818874842633e-01,-3.234648658288035161e-01,-0.000000000000000000e+00,-0.000000000000000000e+00,-0.000000000000000000e+00,2.395412841452781549e+00,-0.000000000000000000e+00,-0.000000000000000000e+00,-0.000000000000000000e+00,-1.548281019246327828e-01,-0.000000000000000000e+00,-0.000000000000000000e+00,-0.000000000000000000e+00,-1.679382286012093273e-01,-2.695207703397443089e-01
-0.000000000000000000e+00,-0.000000000000000000e+00,-1.047115246056895405e-01,0.000000000000000000e+00,-2.277441010645110397e-01,-0.000000000000000000e+00,-0.000000000000000000e+00,9.205279610945882318e-02,-0.000000000000000000e+00,-0.000000000000000000e+00,-0.000000000000000000e+00,0.000000000000000000e+00,6.540353329050799247e-02,-1.399471145664924199e-01,-0.000000000000000000e+00,-0.000000000000000000e+00,-0.000000000000000000e+00,-0.000000000000000000e+00,-2.663291536341719778e-01,0.000000000000000000e+00,-0.000000000000000000e+00,-0.000000000000000000e+00,-0.000000000000000000e+00,-3.049813401361298193e-01,-1.241969189172449917e-01,-0.000000000000000000e+00,0.000000000000000000e+00,-6.881144274019976304e-02,-0.000000000000000000e+00,-0.000000000000000000e+00,1.717889347778508879e+00,-0.000000000000000000e+00,-0.000000000000000000e+00,-3.000326077619420162e-01,-0.000000000000000000e+00,-5.181324971961095982e-02,-0.000000000000000000e+00,-0.000000000000000000e+00,-0.000000000000000000e+00
-0.000000000000000000e+00,-1.069241706421200089e-01,-0.000000000000000000e+00,-0.000000000000000000e+00,-0.000000000000000000e+00,-4.081556349781789161e-01,-0.000000000000000000e+00,0.000000000000000000e+00,-8.812017116550624474e-02,-0.000000000000000000e+00,-2.542004253937567571e-01,-0.000000000000000000e+00,-0.000000000000000000e+00,-0.000000000000000000e+00,0.000000000000000000e+00,-0.000000000000000000e+00,-0.000000000000000000e+00,-6.117032847167643700e-02,-0.000000000000000000e+00,-0.000000000000000000e+00,-0.000000000000000000e+00,-0.000000000000000000e+00,-1.339631094106529252e-01,-1.497940361401766673e-01,-1.821832331278328996e-03,-0.000000000000000000e+00,-0.000000000000000000e+00,-0.000000000000000000e+00,-3.383050428071474047e-01,-0.000000000000000000e+00,-0.000000000000000000e+00,2.438977706349489072e+00,0.000000000000000000e+00,-0.000000000000000000e+00,-0.000000000000000000e+00,-0.000000000000000000e+00,-9.554956358517525672e-01,-0.000000000000000000e+00,-2.128120616773215845e-01
-0.000000000000000000e+00,0.000000000000000000e+00,-2.975426631505177499e-01,-5.094528586379964974e-02,-0.000000000000000000e+00,0.000000000000000000e+00,0.000000000000000000e+00,3.292685467587072035e-01,-0.000000000000000000e+00,-0.000000000000000000e+00,-0.000000000000000000e+00,-6.049931953446876509e-01,-2.378214620840890525e-01,-0.000000000000000000e+00,-5.324885133407417093e-02,0.000000000000000000e+00,-0.000000000000000000e+00,-7.579708401919521554e-02,-0.000000000000000000e+00,-1.156209219084421702e-01,-0.000000000000000000e+00,-3.100165378187514070e-03,0.000000000000000000e+00,0.000000000000000000e+00,0.000000000000000000e+00,-0.000000000000000000e+00,-2.029712090418453740e-01,-0.000000000000000000e+00,0.000000000000000000e+00,-0.000000000000000000e+00,-0.000000000000000000e+00,0.000000000000000000e+00,1.944553666516575463e+00,-0.000000000000000000e+00,0.000000000000000000e+00,-0.000000000000000000e+00,0.000000000000000000e+00,0.000000000000000000e+00,-0.000000000000000000e+00
-0.000000000000000000e+00,-0.000000000000000000e+00,-1.653262509095714261e-01,7.555424113116802898e-02,-7.946817114776155710e-01,-0.000000000000000000e+00,0.000000000000000000e+00,9.259970361655518734e-02,-1.733578661354973904e-01,-0.000000000000000000e+00,-0.000000000000000000e+00,-0.000000000000000000e+00,0.000000000000000000e+00,-0.000000000000000000e+00,-1.318223290475323273e-01,-0.000000000000000000e+00,-0.000000000000000000e+00,-0.000000000000000000e+00,-2.339443766963927029e-01,0.000000000000000000e+00,-0.000000000000000000e+00,0.000000000000000000e+00,-1.115029370559872945e-01,-0.000000000000000000e+00,-1.194440849505999519e-01,-2.948163999801126089e-01,-0.000000000000000000e+00,-0.000000000000000000e+00,-0.000000000000000000e+00,-1.548281019246327828e-01,-3.000326077619420162e-01,-0.000000000000000000e+00,-0.000000000000000000e+00,2.403334752003629671e+00,-0.000000000000000000e+00,-0.000000000000000000e+00,0.000000000000000000e+00,-0.000000000000000000e+00,-0.000000000000000000e+00
-2.279197126836029531e-04,-0.000000000000000000e+00,0.000000000000000000e+00,-0.000000000000000000e+00,-0.000000000000000000e+00,-0.000000000000000000e+00,-2.855517905326638295e-01,-0.000000000000000000e+00,-0.000000000000000000e+00,-1.095320056257167163e-01,0.000000000000000000e+00,0.000000000000000000e+00,0.000000000000000000e+00,-6.239430678315800449e-01,-0.000000000000000000e+00,-0.000000000000000000e+00,0.000000000000000000e+00,-1.796952697691393125e-02,-0.000000000000000000e+00,-0.000000000000000000e+00,-0.000000000000000000e+00,-0.000000000000000000e+00,0.000000000000000000e+00,-0.000000000000000000e+00,-4.667450845947165167e-02,-0.000000000000000000e+00,0.000000000000000000e+00,0.000000000000000000e+00,-1.060552553819179122e+00,-0.000000000000000000e+00,-0.000000000000000000e+00,-0.000000000000000000e+00,0.000000000000000000e+00,-0.000000000000000000e+00,2.424273663756770336e+00,0.000000000000000000e+00,-1.591670887424787573e-01,-1.436096672352168979e-01,-0.000000000000000000e+00
-0.000000000000000000e+00,0.000000000000000000e+00,-1.607341730922713652e-01,0.000000000000000000e+00,-2.367328070543354146e-01,1.176350267107340725e-01,0.000000000000000000e+00,0.000000000000000000e+00,-5.322478465166696239e-03,-0.000000000000000000e+00,-0.000000000000000000e+00,-1.914663211137744847e-01,-0.000000000000000000e+00,-2.215141031758596502e-01,-0.000000000000000000e+00,-3.315256646149326025e-01,0.000000000000000000e+00,-0.000000000000000000e+00,-0.000000000000000000e+00,9.525116910269254555e-02,0.000000000000000000e+00,0.000000000000000000e+00,-0.000000000000000000e+00,-0.000000000000000000e+00,-0.000000000000000000e+00,-0.000000000000000000e+00,-0.000000000000000000e+00,-1.370509283408452295e-01,0.000000000000000000e+00,-0.000000000000000000e+00,-5.181324971961095982e-02,-0.000000000000000000e+00,-0.000000000000000000e+00,-0.000000000000000000e+00,0.000000000000000000e+00,1.538187754773975735e+00,-0.000000000000000000e+00,-0.000000000000000000e+00,-0.000000000000000000e+00
-0.000000000000000000e+00,-0.000000000000000000e+00,0.000000000000000000e+00,-0.000000000000000000e+00,-0.000000000000000000e+00,-6.685883637712468353e-02,-0.000000000000000000e+00,-0.000000000000000000e+00,-0.000000000000000000e+00,-0.000000000000000000e+00,-0.000000000000000000e+00,0.000000000000000000e+00,-0.000000000000000000e+00,-4.406504604887758192e-01,7.982376864449657050e-02,-0.000000000000000000e+00,-0.000000000000000000e+00,-0.000000000000000000e+00,-0.000000000000000000e+00,-0.000000000000000000e+00,-0.000000000000000000e+00,-0.000000000000000000e+00,-0.000000000000000000e+00,-0.000000000000000000e+00,-0.000000000000000000e+00,0.000000000000000000e+00,-0.000000000000000000e+00,-0.000000000000000000e+00,-2.369099222078542566e-02,-0.000000000000000000e+00,-0.000000000000000000e+00,-9.554956358517525672e-01,0.000000000000000000e+00,0.000000000000000000e+00,-1.591670887424787573e-01,-0.000000000000000000e+00,1.942164166793921565e+00,-0.000000000000000000e+00,-0.000000000000000000e+00
-6.676176593960930772e-01,-2.468431040028752632e-01,0.000000000000000000e+00,0.000000000000000000e+00,-0.000000000000000000e+00,-0.000000000000000000e+00,-0.000000000000000000e+00,-0.000000000000000000e+00,-0.000000000000000000e+00,-1.889227094822044928e-01,-0.000000000000000000e+00,-0.000000000000000000e+00,0.000000000000000000e+00,-0.000000000000000000e+00,-1.148950881912217531e-01,-7.558399472725521595e-02,-0.000000000000000000e+00,-0.000000000000000000e+00,-0.000000000000000000e+00,0.000000000000000000e+00,0.000000000000000000e+00,-0.000000000000000000e+00,-0.000000000000000000e+00,-0.000000000000000000e+00,-3.074873618716731163e-02,-2.655578485364462060e-01,0.000000000000000000e+00,5.903049191622915942e-03,-2.195140825568399623e-01,-1.679382286012093273e-01,-0.000000000000000000e+00,-0.000000000000000000e+00,0.000000000000000000e+00,-0.000000000000000000e+00,-1.436096672352168979e-01,-0.000000000000000000e+00,-0.000000000000000000e+00,2.397292803078379553e+00,-2.852585260391579669e-01
-3.089537044608141048e-01,-3.465118767519909104e-01,-0.000000000000000000e+00,0.000000000000000000e+00,-0.000000000000000000e+00,-0.000000000000000000e+00,0.000000000000000000e+00,0.000000000000000000e+00,-4.167803364882510242e-01,-0.000000000000000000e+00,-1.289642608886945596e-01,-7.158104987538597974e-02,-0.000000000000000000e+00,-0.000000000000000000e+00,-0.000000000000000000e+00,-0.000000000000000000e+00,-0.000000000000000000e+00,-0.000000000000000000e+00,-0.000000000000000000e+00,0.000000000000000000e+00,0.000000000000000000e+00,-0.000000000000000000e+00,-2.294478200412522761e-01,-0.000000000000000000e+00,-1.359286512259736540e-02,-2.282845664451271517e-01,-0.000000000000000000e+00,-0.000000000000000000e+00,-0.000000000000000000e+00,-2.695207703397443089e-01,-0.000000000000000000e+00,-2.128120616773215845e-01,-0.000000000000000000e+00,-0.000000000000000000e+00,-0.000000000000000000e+00,-0.000000000000000000e+00,-0.000000000000000000e+00,-2.852585260391579669e-01,2.414608871530498746e+00
