2.905387233726871798e+00,-3.546151776121694854e-01,-0.000000000000000000e+00,0.000000000000000000e+00,-0.000000000000000000e+00,0.000000000000000000e+00,0.000000000000000000e+00,0.000000000000000000e+00,-0.000000000000000000e+00,-8.286691919375661630e-01,-0.000000000000000000e+00,-0.000000000000000000e+00,2.133125343128530055e-02,-0.000000000000000000e+00,-0.000000000000000000e+00,-1.838726786409816683e-01,-0.000000000000000000e+00,-0.000000000000000000e+00,-0.000000000000000000e+00,0.000000000000000000e+00,-0.000000000000000000e+00,-0.000000000000000000e+00,-0.000000000000000000e+00,-0.000000000000000000e+00,-0.000000000000000000e+00,-3.997527711878380852e-01,-0.000000000000000000e+00,-1.657889143344426774e-01,-5.453578046647918898e-01,-3.378283549893169591e-01,-0.000000000000000000e+00,-0.000000000000000000e+00,-0.000000000000000000e+00,-1.984619809318387273e-01,0.000000000000000000e+00,-0.000000000000000000e+00,0.000000000000000000e+00,-0.000000000000000000e+00,-0.000000000000000000e+00
-3.546151776121694854e-01,2.190355413850714417e+00,-0.000000000000000000e+00,0.000000000000000000e+00,-0.000000000000000000e+00,-0.000000000000000000e+00,-0.000000000000000000e+00,0.000000000000000000e+00,-4.927955519805680140e-01,-1.118423963696073692e-01,-0.000000000000000000e+00,-0.000000000000000000e+00,0.000000000000000000e+00,-8.969313740454665229e-02,0.000000000000000000e+00,-0.000000000000000000e+00,-0.000000000000000000e+00,0.000000000000000000e+00,-0.000000000000000000e+00,0.000000000000000000e+00,-0.000000000000000000e+00,-0.000000000000000000e+00,-3.564474000712284513e-02,-0.000000000000000000e+00,-2.417631612595722013e-01,-0.000000000000000000e+00,-0.000000000000000000e+00,0.000000000000000000e+00,-1.374914088791716893e-01,-4.466168388105599685e-01,-0.000000000000000000e+00,-0.000000000000000000e+00,-0.000000000000000000e+00,-0.000000000000000000e+00,-4.359400785714077214e-02,-0.000000000000000000e+00,-7.678463861695432324e-02,-0.000000000000000000e+00,-1.119696608847207814e-01
-0.000000000000000000e+00,-0.000000000000000000e+00,3.031712142633334661e+00,-0.000000000000000000e+00,-3.595966506738494939e-01,0.000000000000000000e+00,-0.000000000000000000e+00,1.549314884066005593e+00,-1.050099078703198019e-01,-0.000000000000000000e+00,0.000000000000000000e+00,-0.000000000000000000e+00,0.000000000000000000e+00,-2.191504548958399246e-01,-0.000000000000000000e+00,-0.000000000000000000e+00,0.000000000000000000e+00,0.000000000000000000e+00,-0.000000000000000000e+00,0.000000000000000000e+00,-0.000000000000000000e+00,-7.079896055161556678e-02,-1.231274405097819852e-01,-0.000000000000000000e+00,-0.000000000000000000e+00,-0.000000000000000000e+00,-0.000000000000000000e+00,-0.000000000000000000e+00,-0.000000000000000000e+00,-8.842232975174368903e-02,-5.981256139357822577e-02,-0.000000000000000000e+00,-1.292071273560427003e-01,-3.473738749053361663e-01,-0.000000000000000000e+00,-0.000000000000000000e+00,-0.000000000000000000e+00,-0.000000000000000000e+00,-0.000000000000000000e+00
0.000000000000000000e+00,0.000000000000000000e+00,-0.000000000000000000e+00,1.046470489563506190e+00,-0.000000000000000000e+00,7.893127376710694365e-02,-0.000000000000000000e+00,-0.000000000000000000e+00,-0.000000000000000000e+00,-0.000000000000000000e+00,0.000000000000000000e+00,-1.391148716678425323e-01,-0.000000000000000000e+00,0.000000000000000000e+00,-0.000000000000000000e+00,-0.000000000000000000e+00,0.000000000000000000e+00,-3.424011812046055207e-03,-0.000000000000000000e+00,0.000000000000000000e+00,0.000000000000000000e+00,-0.000000000000000000e+00,0.000000000000000000e+00,1.464967756126055731e-01,0.000000000000000000e+00,-0.000000000000000000e+00,0.000000000000000000e+00,0.000000000000000000e+00,0.000000000000000000e+00,0.000000000000000000e+00,0.000000000000000000e+00,0.000000000000000000e+00,2.099763507368154064e-02,-0.000000000000000000e+00,2.168668994026297023e-02,-0.000000000000000000e+00,0.000000000000000000e+00,-7.780360701565074318e-03,-0.000000000000000000e+00
-0.000000000000000000e+00,-0.000000000000000000e+00,-3.595966506738494939e-01,-0.000000000000000000e+00,2.509101159769069334e+00,0.000000000000000000e+00,-0.000000000000000000e+00,1.455548327895588856e-01,-2.313050274522572280e-01,-0.000000000000000000e+00,-0.000000000000000000e+00,-0.000000000000000000e+00,2.180823535063188545e-01,-4.700647654512249418e-01,0.000000000000000000e+00,-0.000000000000000000e+00,-0.000000000000000000e+00,-0.000000000000000000e+00,-0.000000000000000000e+00,0.000000000000000000e+00,-0.000000000000000000e+00,-9.737961289460481465e-03,-0.000000000000000000e+00,-0.000000000000000000e+00,-0.000000000000000000e+00,-0.000000000000000000e+00,-8.830957599886809020e-03,-0.000000000000000000e+00,-1.938981846525366162e-02,-0.000000000000000000e+00,-4.655040950129621935e-01,-2.164351735936729526e-01,-0.000000000000000000e+00,-3.701384316509345185e-01,-0.000000000000000000e+00,0.000000000000000000e+00,-0.000000000000000000e+00,-0.000000000000000000e+00,-0.000000000000000000e+00
0.000000000000000000e+00,-0.000000000000000000e+00,0.000000000000000000e+00,7.893127376710694365e-02,0.000000000000000000e+00,1.736153910858396987e+00,-0.000000000000000000e+00,-0.000000000000000000e+00,-0.000000000000000000e+00,0.000000000000000000e+00,-9.412695451015803960e-02,0.000000000000000000e+00,-0.000000000000000000e+00,-0.000000000000000000e+00,7.447328054109574325e-01,0.000000000000000000e+00,-0.000000000000000000e+00,2.009792093590385617e-02,-0.000000000000000000e+00,-0.000000000000000000e+00,0.000000000000000000e+00,0.000000000000000000e+00,-0.000000000000000000e+00,-4.406372390486600066e-02,-1.245956896842677526e-02,8.526314308127698471e-02,-0.000000000000000000e+00,0.000000000000000000e+00,0.000000000000000000e+00,0.000000000000000000e+00,-0.000000000000000000e+00,-0.000000000000000000e+00,-0.000000000000000000e+00,1.952364689133554224e-02,-4.770562258403147904e-02,0.000000000000000000e+00,-4.467178763168271893e-01,1.461835349247060101e-01,0.000000000000000000e+00
0.000000000000000000e+00,-0.000000000000000000e+00,-0.000000000000000000e+00,-0.000000000000000000e+00,-0.000000000000000000e+00,-0.000000000000000000e+00,1.228366249261634735e+00,0.000000000000000000e+00,-0.000000000000000000e+00,0.000000000000000000e+00,-0.000000000000000000e+00,-0.000000000000000000e+00,-0.000000000000000000e+00,-0.000000000000000000e+00,2.407355348534598316e-01,0.000000000000000000e+00,0.000000000000000000e+00,1.745259264764098886e-02,-0.000000000000000000e+00,-1.752157148845553264e-02,1.655619320086858248e-01,-5.364711371949376119e-03,-0.000000000000000000e+00,0.000000000000000000e+00,-0.000000000000000000e+00,7.671296187066638239e-02,-0.000000000000000000e+00,2.122663366397835316e-01,0.000000000000000000e+00,-0.000000000000000000e+00,-0.000000000000000000e+00,-0.000000000000000000e+00,0.000000000000000000e+00,0.000000000000000000e+00,-0.000000000000000000e+00,-0.000000000000000000e+00,-7.446208709433783934e-02,0.000000000000000000e+00,-0.000000000000000000e+00
0.000000000000000000e+00,0.000000000000000000e+00,1.549314884066005593e+00,-0.000000000000000000e+00,1.455548327895588856e-01,-0.000000000000000000e+00,0.000000000000000000e+00,2.833683242163344662e+00,3.895638465261194033e-02,0.000000000000000000e+00,-0.000000000000000000e+00,0.000000000000000000e+00,-0.000000000000000000e+00,2.172670136117653694e-01,0.000000000000000000e+00,0.000000000000000000e+00,-0.000000000000000000e+00,-0.000000000000000000e+00,0.000000000000000000e+00,0.000000000000000000e+00,2.994218346616071835e-02,1.386157196851625917e-01,6.364498111004540659e-02,3.362588422788501813e-02,3.318224073267909968e-02,0.000000000000000000e+00,0.000000000000000000e+00,0.000000000000000000e+00,0.000000000000000000e+00,9.685168461615464852e-02,6.297127735671173565e-02,0.000000000000000000e+00,2.953985398471795087e-01,1.438077270853972411e-01,0.000000000000000000e+00,0.000000000000000000e+00,0.000000000000000000e+00,0.000000000000000000e+00,0.000000000000000000e+00
-0.000000000000000000e+00,-4.927955519805680140e-01,-1.050099078703198019e-01,-0.000000000000000000e+00,-2.313050274522572280e-01,-0.000000000000000000e+00,-0.000000000000000000e+00,3.895638465261194033e-02,2.851810626364422063e+00,-0.000000000000000000e+00,-0.000000000000000000e+00,-0.000000000000000000e+00,0.000000000000000000e+00,-2.763169397657949666e-01,0.000000000000000000e+00,-4.071668286983871898e-02,0.000000000000000000e+00,0.000000000000000000e+00,-0.000000000000000000e+00,0.000000000000000000e+00,-0.000000000000000000e+00,-3.233016308388046711e-02,-1.287536501494612462e-01,-0.000000000000000000e+00,-0.000000000000000000e+00,0.000000000000000000e+00,-2.923364217326727688e-01,0.000000000000000000e+00,-0.000000000000000000e+00,-5.981191241551047089e-01,-2.876455667526717219e-01,-3.402234620542318039e-02,-0.000000000000000000e+00,-2.520384233455269518e-01,-0.000000000000000000e+00,-0.000000000000000000e+00,-4.435303629979795575e-02,-0.000000000000000000e+00,-2.312364865604538133e-01
-8.286691919375661630e-01,-1.118423963696073692e-01,-0.000000000000000000e+00,-0.000000000000000000e+00,-0.000000000000000000e+00,0.000000000000000000e+00,0.000000000000000000e+00,0.000000000000000000e+00,-0.000000000000000000e+00,2.712899228956649811e+00,-0.000000000000000000e+00,-0.000000000000000000e+00,2.001235578838145013e-01,-0.000000000000000000e+00,-0.000000000000000000e+00,-8.766270133501590234e-01,-0.000000000000000000e+00,-1.226916403579559472e-02,-0.000000000000000000e+00,-0.000000000000000000e+00,-0.000000000000000000e+00,-0.000000000000000000e+00,-0.000000000000000000e+00,0.000000000000000000e+00,-0.000000000000000000e+00,-1.542935689391182197e-01,-1.306179957301704109e-01,-0.000000000000000000e+00,-5.858028632248328538e-02,-2.816060997504392094e-01,-0.000000000000000000e+00,-0.000000000000000000e+00,-0.000000000000000000e+00,-0.000000000000000000e+00,0.000000000000000000e+00,-0.000000000000000000e+00,0.000000000000000000e+00,-0.000000000000000000e+00,-0.000000000000000000e+00
-0.000000000000000000e+00,-0.000000000000000000e+00,0.000000000000000000e+00,0.000000000000000000e+00,-0.000000000000000000e+00,-9.412695451015803960e-02,-0.000000000000000000e+00,-0.000000000000000000e+00,-0.000000000000000000e+00,-0.000000000000000000e+00,1.210904839154474777e+00,1.902125720723793767e-01,0.000000000000000000e+00,-0.000000000000000000e+00,0.000000000000000000e+00,0.000000000000000000e+00,-4.057918723899315294e-01,-0.000000000000000000e+00,-0.000000000000000000e+00,0.000000000000000000e+00,0.000000000000000000e+00,6.739289241875224580e-03,0.000000000000000000e+00,-6.107972233205456389e-03,0.000000000000000000e+00,-0.000000000000000000e+00,-0.000000000000000000e+00,-8.295609111439458672e-02,-0.000000000000000000e+00,0.000000000000000000e+00,-0.000000000000000000e+00,-0.000000000000000000e+00,0.000000000000000000e+00,0.000000000000000000e+00,-0.000000000000000000e+00,0.000000000000000000e+00,-0.000000000000000000e+00,0.000000000000000000e+00,0.000000000000000000e+00
-0.000000000000000000e+00,-0.000000000000000000e+00,-0.000000000000000000e+00,-1.391148716678425323e-01,-0.000000000000000000e+00,0.000000000000000000e+00,-0.000000000000000000e+00,0.000000000000000000e+00,-0.000000000000000000e+00,-0.000000000000000000e+00,1.902125720723793767e-01,2.079586618351657368e+00,-0.000000000000000000e+00,-0.000000000000000000e+00,-0.000000000000000000e+00,-0.000000000000000000e+00,2.232751000755776039e-01,-3.847707932151321099e-03,-2.287042472583590003e-01,-0.000000000000000000e+00,-0.000000000000000000e+00,-0.000000000000000000e+00,-6.505851388944218841e-03,0.000000000000000000e+00,-0.000000000000000000e+00,-0.000000000000000000e+00,-4.280313370520461708e-02,0.000000000000000000e+00,-0.000000000000000000e+00,-0.000000000000000000e+00,0.000000000000000000e+00,-0.000000000000000000e+00,-3.364442750353231065e-02,-4.231385091758190220e-01,0.000000000000000000e+00,-2.281064724438551239e-01,-0.000000000000000000e+00,-0.000000000000000000e+00,-8.397960583312451543e-01
2.133125343128530055e-02,0.000000000000000000e+00,0.000000000000000000e+00,-0.000000000000000000e+00,2.180823535063188545e-01,-0.000000000000000000e+00,-0.000000000000000000e+00,-0.000000000000000000e+00,0.000000000000000000e+00,2.001235578838145013e-01,0.000000000000000000e+00,-0.000000000000000000e+00,2.149744649366541083e+00,0.000000000000000000e+00,0.000000000000000000e+00,0.000000000000000000e+00,7.428027901484469953e-02,0.000000000000000000e+00,-0.000000000000000000e+00,-0.000000000000000000e+00,0.000000000000000000e+00,0.000000000000000000e+00,-0.000000000000000000e+00,0.000000000000000000e+00,-0.000000000000000000e+00,1.222548124158501504e-01,0.000000000000000000e+00,5.136763364167538093e-01,0.000000000000000000e+00,0.000000000000000000e+00,7.647641873519913647e-01,0.000000000000000000e+00,0.000000000000000000e+00,1.929362736068480078e-01,-0.000000000000000000e+00,-0.000000000000000000e+00,-0.000000000000000000e+00,0.000000000000000000e+00,-0.000000000000000000e+00
-0.000000000000000000e+00,-8.969313740454665229e-02,-2.191504548958399246e-01,0.000000000000000000e+00,-4.700647654512249418e-01,-0.000000000000000000e+00,-0.000000000000000000e+00,2.172670136117653694e-01,-2.763169397657949666e-01,-0.000000000000000000e+00,-0.000000000000000000e+00,-0.000000000000000000e+00,0.000000000000000000e+00,2.530410094348741978e+00,0.000000000000000000e+00,-0.000000000000000000e+00,-0.000000000000000000e+00,0.000000000000000000e+00,-0.000000000000000000e+00,0.000000000000000000e+00,-0.000000000000000000e+00,-0.000000000000000000e+00,-0.000000000000000000e+00,-2.643249457900957444e-01,-2.466243291081268371e-02,-0.000000000000000000e+00,-0.000000000000000000e+00,-0.000000000000000000e+00,-1.354794285060617887e-01,-1.497592351432941726e-01,-1.766765158490559984e-01,-3.462737164496196285e-01,-1.592121811143904775e-01,-0.000000000000000000e+00,-1.868703647986209859e-01,0.000000000000000000e+00,-1.227887949177658700e-01,0.000000000000000000e+00,-0.000000000000000000e+00
-0.000000000000000000e+00,0.000000000000000000e+00,-0.000000000000000000e+00,-0.000000000000000000e+00,0.000000000000000000e+00,7.447328054109574325e-01,2.407355348534598316e-01,0.000000000000000000e+00,0.000000000000000000e+00,-0.000000000000000000e+00,0.000000000000000000e+00,-0.000000000000000000e+00,0.000000000000000000e+00,0.000000000000000000e+00,2.277173862797128301e+00,-0.000000000000000000e+00,0.000000000000000000e+00,-2.014024310991533451e-01,0.000000000000000000e+00,0.000000000000000000e+00,-3.866607484432725561e-02,0.000000000000000000e+00,0.000000000000000000e+00,0.000000000000000000e+00,0.000000000000000000e+00,-4.126560073350241664e-01,0.000000000000000000e+00,-8.919079414185916710e-02,-0.000000000000000000e+00,-0.000000000000000000e+00,0.000000000000000000e+00,0.000000000000000000e+00,-0.000000000000000000e+00,-2.474929468671516752e-01,0.000000000000000000e+00,-0.000000000000000000e+00,2.000256675341437751e-01,-4.739328714853860425e-01,-0.000000000000000000e+00
-1.838726786409816683e-01,-0.000000000000000000e+00,-0.000000000000000000e+00,-0.000000000000000000e+00,-0.000000000000000000e+00,0.000000000000000000e+00,0.000000000000000000e+00,0.000000000000000000e+00,-4.071668286983871898e-02,-8.766270133501590234e-01,0.000000000000000000e+00,-0.000000000000000000e+00,0.000000000000000000e+00,-0.000000000000000000e+00,-0.000000000000000000e+00,2.497846580213803680e+00,0.000000000000000000e+00,-4.879701568814487009e-03,-0.000000000000000000e+00,-0.000000000000000000e+00,-1.014011394692234391e-01,-0.000000000000000000e+00,-0.000000000000000000e+00,0.000000000000000000e+00,-0.000000000000000000e+00,-0.000000000000000000e+00,-2.634851844679922950e-01,-0.000000000000000000e+00,-0.000000000000000000e+00,-4.614975216083073151e-01,-0.000000000000000000e+00,-0.000000000000000000e+00,-0.000000000000000000e+00,-2.269104283427742785e-01,0.000000000000000000e+00,-1.147338022095115984e-01,0.000000000000000000e+00,-9.135732750004708913e-02,-1.559260233819107500e-01
-0.000000000000000000e+00,-0.000000000000000000e+00,0.000000000000000000e+00,0.000000000000000000e+00,-0.000000000000000000e+00,-0.000000000000000000e+00,0.000000000000000000e+00,-0.000000000000000000e+00,0.000000000000000000e+00,-0.000000000000000000e+00,-4.057918723899315294e-01,2.232751000755776039e-01,7.428027901484469953e-02,-0.000000000000000000e+00,0.000000000000000000e+00,0.000000000000000000e+00,1.291261556823697143e+00,-0.000000000000000000e+00,0.000000000000000000e+00,6.226929117706833661e-02,0.000000000000000000e+00,0.000000000000000000e+00,0.000000000000000000e+00,-3.630862751373553632e-02,0.000000000000000000e+00,-0.000000000000000000e+00,-0.000000000000000000e+00,-2.016173967084959884e-01,-0.000000000000000000e+00,0.000000000000000000e+00,-1.208961372000361134e-01,-0.000000000000000000e+00,0.000000000000000000e+00,0.000000000000000000e+00,-5.963039213069513261e-02,1.100078884354708103e-01,-0.000000000000000000e+00,0.000000000000000000e+00,0.000000000000000000e+00
-0.000000000000000000e+00,0.000000000000000000e+00,0.000000000000000000e+00,-3.424011812046055207e-03,-0.000000000000000000e+00,2.009792093590385617e-02,1.745259264764098886e-02,-0.000000000000000000e+00,0.000000000000000000e+00,-1.226916403579559472e-02,-0.000000000000000000e+00,-3.847707932151321099e-03,0.000000000000000000e+00,0.000000000000000000e+00,-2.014024310991533451e-01,-4.879701568814487009e-03,-0.000000000000000000e+00,1.581595868842774477e+00,-3.249968118381159066e-01,4.401525416689203163e-02,-0.000000000000000000e+00,0.000000000000000000e+00,0.000000000000000000e+00,0.000000000000000000e+00,2.645909628412629888e-01,-5.863092070041963089e-01,-0.000000000000000000e+00,-0.000000000000000000e+00,-7.141082117035908294e-04,-0.000000000000000000e+00,0.000000000000000000e+00,-0.000000000000000000e+00,0.000000000000000000e+00,-0.000000000000000000e+00,0.000000000000000000e+00,-0.000000000000000000e+00,1.103606173266426516e-01,-2.621954903945358448e-02,-0.000000000000000000e+00
-0.000000000000000000e+00,-0.000000000000000000e+00,-0.000000000000000000e+00,-0.000000000000000000e+00,-0.000000000000000000e+00,-0.000000000000000000e+00,-0.000000000000000000e+00,0.000000000000000000e+00,-0.000000000000000000e+00,-0.000000000000000000e+00,-0.000000000000000000e+00,-2.287042472583590003e-01,-0.000000000000000000e+00,-0.000000000000000000e+00,0.000000000000000000e+00,-0.000000000000000000e+00,0.000000000000000000e+00,-3.249968118381159066e-01,1.511983774568324224e+00,0.000000000000000000e+00,0.000000000000000000e+00,-0.000000000000000000e+00,-0.000000000000000000e+00,0.000000000000000000e+00,-0.000000000000000000e+00,0.000000000000000000e+00,-4.123063431012163882e-01,0.000000000000000000e+00,-0.000000000000000000e+00,-0.000000000000000000e+00,0.000000000000000000e+00,-1.813954847402304282e-01,-0.000000000000000000e+00,-0.000000000000000000e+00,-0.000000000000000000e+00,-0.000000000000000000e+00,-0.000000000000000000e+00,0.000000000000000000e+00,-8.229583907756757299e-02
0.000000000000000000e+00,0.000000000000000000e+00,0.000000000000000000e+00,0.000000000000000000e+00,0.000000000000000000e+00,-0.000000000000000000e+00,-1.752157148845553264e-02,0.000000000000000000e+00,0.000000000000000000e+00,-0.000000000000000000e+00,0.000000000000000000e+00,-0.000000000000000000e+00,-0.000000000000000000e+00,0.000000000000000000e+00,0.000000000000000000e+00,-0.000000000000000000e+00,6.226929117706833661e-02,4.401525416689203163e-02,0.000000000000000000e+00,1.500440412012711056e+00,-1.120383079239214708e-01,-7.955293611040249457e-01,-0.000000000000000000e+00,0.000000000000000000e+00,-0.000000000000000000e+00,0.000000000000000000e+00,-0.000000000000000000e+00,5.371065259114610885e-02,1.595935809754304435e-01,-0.000000000000000000e+00,0.000000000000000000e+00,0.000000000000000000e+00,0.000000000000000000e+00,0.000000000000000000e+00,0.000000000000000000e+00,-9.434965380184952288e-02,-0.000000000000000000e+00,0.000000000000000000e+00,-0.000000000000000000e+00
-0.000000000000000000e+00,-0.000000000000000000e+00,-0.000000000000000000e+00,0.000000000000000000e+00,-0.000000000000000000e+00,0.000000000000000000e+00,1.655619320086858248e-01,2.994218346616071835e-02,-0.000000000000000000e+00,-0.000000000000000000e+00,0.000000000000000000e+00,-0.000000000000000000e+00,0.000000000000000000e+00,-0.000000000000000000e+00,-3.866607484432725561e-02,-1.014011394692234391e-01,0.000000000000000000e+00,-0.000000000000000000e+00,0.000000000000000000e+00,-1.120383079239214708e-01,1.257003296528100833e+00,-2.144084450195491154e-01,-0.000000000000000000e+00,-0.000000000000000000e+00,-0.000000000000000000e+00,-0.000000000000000000e+00,-0.000000000000000000e+00,-5.595936403785032459e-02,-0.000000000000000000e+00,-0.000000000000000000e+00,-0.000000000000000000e+00,0.000000000000000000e+00,-2.177341807152296804e-01,-0.000000000000000000e+00,0.000000000000000000e+00,-0.000000000000000000e+00,0.000000000000000000e+00,-7.746072894010527787e-02,-0.000000000000000000e+00
-0.000000000000000000e+00,-0.000000000000000000e+00,-7.079896055161556678e-02,-0.000000000000000000e+00,-9.737961289460481465e-03,0.000000000000000000e+00,-5.364711371949376119e-03,1.386157196851625917e-01,-3.233016308388046711e-02,-0.000000000000000000e+00,6.739289241875224580e-03,-0.000000000000000000e+00,0.000000000000000000e+00,-0.000000000000000000e+00,0.000000000000000000e+00,-0.000000000000000000e+00,0.000000000000000000e+00,0.000000000000000000e+00,-0.000000000000000000e+00,-7.955293611040249457e-01,-2.144084450195491154e-01,1.589706304068638110e+00,-0.000000000000000000e+00,0.000000000000000000e+00,-0.000000000000000000e+00,0.000000000000000000e+00,-0.000000000000000000e+00,0.000000000000000000e+00,0.000000000000000000e+00,-0.000000000000000000e+00,-0.000000000000000000e+00,-0.000000000000000000e+00,-0.000000000000000000e+00,-9.737926280624597392e-03,0.000000000000000000e+00,-1.107989600149434373e-01,-0.000000000000000000e+00,-0.000000000000000000e+00,-0.000000000000000000e+00
-0.000000000000000000e+00,-3.564474000712284513e-02,-1.231274405097819852e-01,0.000000000000000000e+00,-0.000000000000000000e+00,-0.000000000000000000e+00,-0.000000000000000000e+00,6.364498111004540659e-02,-1.287536501494612462e-01,-0.000000000000000000e+00,0.000000000000000000e+00,-6.505851388944218841e-03,-0.000000000000000000e+00,-0.000000000000000000e+00,0.000000000000000000e+00,-0.000000000000000000e+00,0.000000000000000000e+00,0.000000000000000000e+00,-0.000000000000000000e+00,-0.000000000000000000e+00,-0.000000000000000000e+00,-0.000000000000000000e+00,2.012592909639285388e+00,-0.000000000000000000e+00,-7.431928921381181219e-01,0.000000000000000000e+00,-0.000000000000000000e+00,8.485714310448609632e-02,-0.000000000000000000e+00,-6.378496420754732610e-02,-0.000000000000000000e+00,-0.000000000000000000e+00,-3.180113489368600055e-01,-0.000000000000000000e+00,-0.000000000000000000e+00,-1.144096070802114035e-01,-3.259986053779497239e-01,-0.000000000000000000e+00,-1.612788549502040536e-01
-0.000000000000000000e+00,-0.000000000000000000e+00,-0.000000000000000000e+00,1.464967756126055731e-01,-0.000000000000000000e+00,-4.406372390486600066e-02,0.000000000000000000e+00,3.362588422788501813e-02,-0.000000000000000000e+00,0.000000000000000000e+00,-6.107972233205456389e-03,0.000000000000000000e+00,0.000000000000000000e+00,-2.643249457900957444e-01,0.000000000000000000e+00,0.000000000000000000e+00,-3.630862751373553632e-02,0.000000000000000000e+00,0.000000000000000000e+00,0.000000000000000000e+00,-0.000000000000000000e+00,0.000000000000000000e+00,-0.000000000000000000e+00,1.325393308901992473e+00,-1.460626010831693189e-01,0.000000000000000000e+00,-0.000000000000000000e+00,-0.000000000000000000e+00,-0.000000000000000000e+00,-0.000000000000000000e+00,-2.029218126896453200e-01,-0.000000000000000000e+00,-5.923089272718151665e-02,-0.000000000000000000e+00,-1.568964659274458551e-01,0.000000000000000000e+00,-0.000000000000000000e+00,0.000000000000000000e+00,0.000000000000000000e+00
-0.000000000000000000e+00,-2.417631612595722013e-01,-0.000000000000000000e+00,0.000000000000000000e+00,-0.000000000000000000e+00,-1.245956896842677526e-02,-0.000000000000000000e+00,3.318224073267909968e-02,-0.000000000000000000e+00,-0.000000000000000000e+00,0.000000000000000000e+00,-0.000000000000000000e+00,-0.000000000000000000e+00,-2.466243291081268371e-02,0.000000000000000000e+00,-0.000000000000000000e+00,0.000000000000000000e+00,2.645909628412629888e-01,-0.000000000000000000e+00,-0.000000000000000000e+00,-0.000000000000000000e+00,-0.000000000000000000e+00,-7.431928921381181219e-01,-1.460626010831693189e-01,1.881298877198952724e+00,0.000000000000000000e+00,-0.000000000000000000e+00,0.000000000000000000e+00,-0.000000000000000000e+00,-2.048339920647749002e-01,-0.000000000000000000e+00,0.000000000000000000e+00,-2.119864582880716733e-03,-0.000000000000000000e+00,-7.364882657889923467e-02,-0.000000000000000000e+00,-2.439874853352977935e-01,-0.000000000000000000e+00,-0.000000000000000000e+00
-3.997527711878380852e-01,-0.000000000000000000e+00,-0.000000000000000000e+00,-0.000000000000000000e+00,-0.000000000000000000e+00,8.526314308127698471e-02,7.671296187066638239e-02,0.000000000000000000e+00,0.000000000000000000e+00,-1.542935689391182197e-01,-0.000000000000000000e+00,-0.000000000000000000e+00,1.222548124158501504e-01,-0.000000000000000000e+00,-4.126560073350241664e-01,-0.000000000000000000e+00,-0.000000000000000000e+00,-5.863092070041963089e-01,0.000000000000000000e+00,0.000000000000000000e+00,-0.000000000000000000e+00,0.000000000000000000e+00,0.000000000000000000e+00,0.000000000000000000e+00,0.000000000000000000e+00,2.928506870955413621e+00,-0.000000000000000000e+00,-7.737542424603978120e-01,-5.705924027851465574e-01,-0.000000000000000000e+00,-0.000000000000000000e+00,-0.000000000000000000e+00,0.000000000000000000e+00,-0.000000000000000000e+00,0.000000000000000000e+00,-0.000000000000000000e+00,0.000000000000000000e+00,-2.617276451286270067e-01,-0.000000000000000000e+00
-0.000000000000000000e+00,-0.000000000000000000e+00,-0.000000000000000000e+00,0.000000000000000000e+00,-8.830957599886809020e-03,-0.000000000000000000e+00,-0.000000000000000000e+00,0.000000000000000000e+00,-2.923364217326727688e-01,-1.306179957301704109e-01,-0.000000000000000000e+00,-4.280313370520461708e-02,0.000000000000000000e+00,-0.000000000000000000e+00,0.000000000000000000e+00,-2.634851844679922950e-01,-0.000000000000000000e+00,-0.000000000000000000e+00,-4.123063431012163882e-01,-0.000000000000000000e+00,-0.000000000000000000e+00,-0.000000000000000000e+00,-0.000000000000000000e+00,-0.000000000000000000e+00,-0.000000000000000000e+00,-0.000000000000000000e+00,2.134184810565459500e+00,-0.000000000000000000e+00,-6.266085801413574796e-02,-0.000000000000000000e+00,-1.277284025106625587e-01,-4.897166889317272620e-01,-4.073258067691021278e-02,-0.000000000000000000e+00,-0.000000000000000000e+00,-0.000000000000000000e+00,-0.000000000000000000e+00,-0.000000000000000000e+00,-2.646013057932505852e-01
-1.657889143344426774e-01,0.000000000000000000e+00,-0.000000000000000000e+00,0.000000000000000000e+00,-0.000000000000000000e+00,0.000000000000000000e+00,2.122663366397835316e-01,0.000000000000000000e+00,0.000000000000000000e+00,-0.000000000000000000e+00,-8.295609111439458672e-02,0.000000000000000000e+00,5.136763364167538093e-01,-0.000000000000000000e+00,-8.919079414185916710e-02,-0.000000000000000000e+00,-2.016173967084959884e-01,-0.000000000000000000e+00,0.000000000000000000e+00,5.371065259114610885e-02,-5.595936403785032459e-02,0.000000000000000000e+00,8.485714310448609632e-02,-0.000000000000000000e+00,0.000000000000000000e+00,-7.737542424603978120e-01,-0.000000000000000000e+00,2.021256215305097470e+00,-3.112905930360230708e-02,-0.000000000000000000e+00,-0.000000000000000000e+00,0.000000000000000000e+00,-0.000000000000000000e+00,-0.000000000000000000e+00,0.000000000000000000e+00,0.000000000000000000e+00,8.203031711236678791e-02,-0.000000000000000000e+00,0.000000000000000000e+00
-5.453578046647918898e-01,-1.374914088791716893e-01,-0.000000000000000000e+00,0.000000000000000000e+00,-1.938981846525366162e-02,0.000000000000000000e+00,0.000000000000000000e+00,0.000000000000000000e+00,-0.000000000000000000e+00,-5.858028632248328538e-02,-0.000000000000000000e+00,-0.000000000000000000e+00,0.000000000000000000e+00,-1.354794285060617887e-01,-0.000000000000000000e+00,-0.000000000000000000e+00,-0.000000000000000000e+00,-7.141082117035908294e-04,-0.000000000000000000e+00,1.595935809754304435e-01,-0.000000000000000000e+00,0.000000000000000000e+00,-0.000000000000000000e+00,-0.000000000000000000e+00,-0.000000000000000000e+00,-5.705924027851465574e-01,-6.266085801413574796e-02,-3.112905930360230708e-02,2.156010507026635992e+00,-0.000000000000000000e+00,-0.000000000000000000e+00,-4.385559730387046939e-01,-4.173815062389057279e-02,-0.000000000000000000e+00,-0.000000000000000000e+00,0.000000000000000000e+00,-0.000000000000000000e+00,-0.000000000000000000e+00,-0.000000000000000000e+00
-3.378283549893169591e-01,-4.466168388105599685e-01,-8.842232975174368903e-02,0.000000000000000000e+00,-0.000000000000000000e+00,0.000000000000000000e+00,-0.000000000000000000e+00,9.685168461615464852e-02,-5.981191241551047089e-01,-2.816060997504392094e-01,0.000000000000000000e+00,-0.000000000000000000e+00,0.000000000000000000e+00,-1.497592351432941726e-01,-0.000000000000000000e+00,-4.614975216083073151e-01,0.000000000000000000e+00,-0.000000000000000000e+00,-0.000000000000000000e+00,-0.000000000000000000e+00,-0.000000000000000000e+00,-0.000000000000000000e+00,-6.378496420754732610e-02,-0.000000000000000000e+00,-2.048339920647749002e-01,-0.000000000000000000e+00,-0.000000000000000000e+00,-0.000000000000000000e+00,-0.000000000000000000e+00,2.810042902481286298e+00,-0.000000000000000000e+00,-0.000000000000000000e+00,-0.000000000000000000e+00,-2.096581766867855190e-01,-0.000000000000000000e+00,-0.000000000000000000e+00,-0.000000000000000000e+00,-0.000000000000000000e+00,-0.000000000000000000e+00
-0.000000000000000000e+00,-0.000000000000000000e+00,-5.981256139357822577e-02,0.000000000000000000e+00,-4.655040950129621935e-01,-0.000000000000000000e+00,-0.000000000000000000e+00,6.297127735671173565e-02,-2.876455667526717219e-01,-0.000000000000000000e+00,-0.000000000000000000e+00,0.000000000000000000e+00,7.647641873519913647e-01,-1.766765158490559984e-01,0.000000000000000000e+00,-0.000000000000000000e+00,-1.208961372000361134e-01,0.000000000000000000e+00,0.000000000000000000e+00,0.000000000000000000e+00,-0.000000000000000000e+00,-0.000000000000000000e+00,-0.000000000000000000e+00,-2.029218126896453200e-01,-0.000000000000000000e+00,-0.000000000000000000e+00,-1.277284025106625587e-01,-0.000000000000000000e+00,-0.000000000000000000e+00,-0.000000000000000000e+00,2.254638940860351770e+00,-3.790940057819758291e-02,-0.000000000000000000e+00,-0.000000000000000000e+00,-0.000000000000000000e+00,8.821222843167381492e-03,-0.000000000000000000e+00,0.000000000000000000e+00,-0.000000000000000000e+00
-0.000000000000000000e+00,-0.000000000000000000e+00,-0.000000000000000000e+00,0.000000000000000000e+00,-2.164351735936729526e-01,-0.000000000000000000e+00,-0.000000000000000000e+00,0.000000000000000000e+00,-3.402234620542318039e-02,-0.000000000000000000e+00,-0.000000000000000000e+00,-0.000000000000000000e+00,0.000000000000000000e+00,-3.462737164496196285e-01,0.000000000000000000e+00,-0.000000000000000000e+00,-0.000000000000000000e+00,-0.000000000000000000e+00,-1.813954847402304282e-01,0.000000000000000000e+00,0.000000000000000000e+00,-0.000000000000000000e+00,-0.000000000000000000e+00,-0.000000000000000000e+00,0.000000000000000000e+00,-0.000000000000000000e+00,-4.897166889317272620e-01,0.000000000000000000e+00,-4.385559730387046939e-01,-0.000000000000000000e+00,-3.790940057819758291e-02,2.108112445898184362e+00,-0.000000000000000000e+00,-0.000000000000000000e+00,-8.419893968598031464e-02,0.000000000000000000e+00,-1.968196058215392896e-01,0.000000000000000000e+00,-1.540145844225551675e-01
-0.000000000000000000e+00,-0.000000000000000000e+00,-1.292071273560427003e-01,2.099763507368154064e-02,-0.000000000000000000e+00,-0.000000000000000000e+00,0.000000000000000000e+00,2.953985398471795087e-01,-0.000000000000000000e+00,-0.000000000000000000e+00,0.000000000000000000e+00,-3.364442750353231065e-02,0.000000000000000000e+00,-1.592121811143904775e-01,-0.000000000000000000e+00,-0.000000000000000000e+00,0.000000000000000000e+00,0.000000000000000000e+00,-0.000000000000000000e+00,0.000000000000000000e+00,-2.177341807152296804e-01,-0.000000000000000000e+00,-3.180113489368600055e-01,-5.923089272718151665e-02,-2.119864582880716733e-03,0.000000000000000000e+00,-4.073258067691021278e-02,-0.000000000000000000e+00,-4.173815062389057279e-02,-0.000000000000000000e+00,-0.000000000000000000e+00,-0.000000000000000000e+00,1.595242423507011287e+00,-0.000000000000000000e+00,-0.000000000000000000e+00,-0.000000000000000000e+00,-0.000000000000000000e+00,-0.000000000000000000e+00,-1.238135640246863373e-01
-1.984619809318387273e-01,-0.000000000000000000e+00,-3.473738749053361663e-01,-0.000000000000000000e+00,-3.701384316509345185e-01,1.952364689133554224e-02,0.000000000000000000e+00,1.438077270853972411e-01,-2.520384233455269518e-01,-0.000000000000000000e+00,0.000000000000000000e+00,-4.231385091758190220e-01,1.929362736068480078e-01,-0.000000000000000000e+00,-2.474929468671516752e-01,-2.269104283427742785e-01,0.000000000000000000e+00,-0.000000000000000000e+00,-0.000000000000000000e+00,0.000000000000000000e+00,-0.000000000000000000e+00,-9.737926280624597392e-03,-0.000000000000000000e+00,-0.000000000000000000e+00,-0.000000000000000000e+00,-0.000000000000000000e+00,-0.000000000000000000e+00,-0.000000000000000000e+00,-0.000000000000000000e+00,-2.096581766867855190e-01,-0.000000000000000000e+00,-0.000000000000000000e+00,-0.000000000000000000e+00,2.462949684782052895e+00,0.000000000000000000e+00,-0.000000000000000000e+00,-0.000000000000000000e+00,-3.877495873926803394e-02,-0.000000000000000000e+00
0.000000000000000000e+00,-4.359400785714077214e-02,-0.000000000000000000e+00,2.168668994026297023e-02,-0.000000000000000000e+00,-4.770562258403147904e-02,-0.000000000000000000e+00,0.000000000000000000e+00,-0.000000000000000000e+00,0.000000000000000000e+00,-0.000000000000000000e+00,0.000000000000000000e+00,-0.000000000000000000e+00,-1.868703647986209859e-01,0.000000000000000000e+00,0.000000000000000000e+00,-5.963039213069513261e-02,0.000000000000000000e+00,-0.000000000000000000e+00,0.000000000000000000e+00,0.000000000000000000e+00,0.000000000000000000e+00,-0.000000000000000000e+00,-1.568964659274458551e-01,-7.364882657889923467e-02,0.000000000000000000e+00,-0.000000000000000000e+00,0.000000000000000000e+00,-0.000000000000000000e+00,-0.000000000000000000e+00,-0.000000000000000000e+00,-8.419893968598031464e-02,-0.000000000000000000e+00,0.000000000000000000e+00,1.651518258335635370e+00,0.000000000000000000e+00,-7.702414492582193573e-01,0.000000000000000000e+00,-0.000000000000000000e+00
-0.000000000000000000e+00,-0.000000000000000000e+00,-0.000000000000000000e+00,-0.000000000000000000e+00,0.000000000000000000e+00,0.000000000000000000e+00,-0.000000000000000000e+00,0.000000000000000000e+00,-0.000000000000000000e+00,-0.000000000000000000e+00,0.000000000000000000e+00,-2.281064724438551239e-01,-0.000000000000000000e+00,0.000000000000000000e+00,-0.000000000000000000e+00,-1.147338022095115984e-01,1.100078884354708103e-01,-0.000000000000000000e+00,-0.000000000000000000e+00,-9.434965380184952288e-02,-0.000000000000000000e+00,-1.107989600149434373e-01,-1.144096070802114035e-01,0.000000000000000000e+00,-0.000000000000000000e+00,-0.000000000000000000e+00,-0.000000000000000000e+00,0.000000000000000000e+00,0.000000000000000000e+00,-0.000000000000000000e+00,8.821222843167381492e-03,0.000000000000000000e+00,-0.000000000000000000e+00,-0.000000000000000000e+00,0.000000000000000000e+00,1.461903896278530901e+00,-0.000000000000000000e+00,-3.080303637837624176e-01,-2.556935688213551328e-01
0.000000000000000000e+00,-7.678463861695432324e-02,-0.000000000000000000e+00,0.000000000000000000e+00,-0.000000000000000000e+00,-4.467178763168271893e-01,-7.446208709433783934e-02,0.000000000000000000e+00,-4.435303629979795575e-02,0.000000000000000000e+00,-0.000000000000000000e+00,-0.000000000000000000e+00,-0.000000000000000000e+00,-1.227887949177658700e-01,2.000256675341437751e-01,0.000000000000000000e+00,-0.000000000000000000e+00,1.103606173266426516e-01,-0.000000000000000000e+00,-0.000000000000000000e+00,0.000000000000000000e+00,-0.000000000000000000e+00,-3.259986053779497239e-01,-0.000000000000000000e+00,-2.439874853352977935e-01,0.000000000000000000e+00,-0.000000000000000000e+00,8.203031711236678791e-02,-0.000000000000000000e+00,-0.000000000000000000e+00,-0.000000000000000000e+00,-1.968196058215392896e-01,-0.000000000000000000e+00,-0.000000000000000000e+00,-7.702414492582193573e-01,-0.000000000000000000e+00,2.105491332199195043e+00,0.000000000000000000e+00,-0.000000000000000000e+00
-0.000000000000000000e+00,-0.000000000000000000e+00,-0.000000000000000000e+00,-7.780360701565074318e-03,-0.000000000000000000e+00,1.461835349247060101e-01,0.000000000000000000e+00,0.000000000000000000e+00,-0.000000000000000000e+00,-0.000000000000000000e+00,0.000000000000000000e+00,-0.000000000000000000e+00,0.000000000000000000e+00,0.000000000000000000e+00,-4.739328714853860425e-01,-9.135732750004708913e-02,0.000000000000000000e+00,-2.621954903945358448e-02,0.000000000000000000e+00,0.000000000000000000e+00,-7.746072894010527787e-02,-0.000000000000000000e+00,-0.000000000000000000e+00,0.000000000000000000e+00,-0.000000000000000000e+00,-2.617276451286270067e-01,-0.000000000000000000e+00,-0.000000000000000000e+00,-0.000000000000000000e+00,-0.000000000000000000e+00,0.000000000000000000e+00,0.000000000000000000e+00,-0.000000000000000000e+00,-3.877495873926803394e-02,0.000000000000000000e+00,-3.080303637837624176e-01,0.000000000000000000e+00,1.737736818804044514e+00,-2.478973766326117156e-01
-0.000000000000000000e+00,-1.119696608847207814e-01,-0.000000000000000000e+00,-0.000000000000000000e+00,-0.000000000000000000e+00,0.000000000000000000e+00,-0.000000000000000000e+00,0.000000000000000000e+00,-2.312364865604538133e-01,-0.000000000000000000e+00,0.000000000000000000e+00,-8.397960583312451543e-01,-0.000000000000000000e+00,-0.000000000000000000e+00,-0.000000000000000000e+00,-1.559260233819107500e-01,0.000000000000000000e+00,-0.000000000000000000e+00,-8.229583907756757299e-02,-0.000000000000000000e+00,-0.000000000000000000e+00,-0.000000000000000000e+00,-1.612788549502040536e-01,0.000000000000000000e+00,-0.000000000000000000e+00,-0.000000000000000000e+00,-2.646013057932505852e-01,0.000000000000000000e+00,-0.000000000000000000e+00,-0.000000000000000000e+00,-0.000000000000000000e+00,-1.540145844225551675e-01,-1.238135640246863373e-01,-0.000000000000000000e+00,-0.000000000000000000e+00,-2.556935688213551328e-01,-0.000000000000000000e+00,-2.478973766326117156e-01,2.392616514759415391e+00
