2.560950325882032974e+00,-1.815144295814872244e-01,-0.000000000000000000e+00,-2.745765580609930631e-02,-7.785593223214348768e-02,0.000000000000000000e+00,0.000000000000000000e+00,0.000000000000000000e+00,-2.748050535009053941e-01,-1.638234802826993644e-02,0.000000000000000000e+00,-0.000000000000000000e+00,-0.000000000000000000e+00,0.000000000000000000e+00,-2.254874310364068241e-02,-4.040996251640667780e-01,0.000000000000000000e+00,-0.000000000000000000e+00,0.000000000000000000e+00,-0.000000000000000000e+00,-0.000000000000000000e+00,-0.000000000000000000e+00,0.000000000000000000e+00,-0.000000000000000000e+00,-0.000000000000000000e+00,-5.744270009319819570e-01,-0.000000000000000000e+00,-0.000000000000000000e+00,0.000000000000000000e+00,-2.363383219127841994e-01,0.000000000000000000e+00,0.000000000000000000e+00,0.000000000000000000e+00,-2.046373798649675502e-01,-0.000000000000000000e+00,-2.186626876620159296e-02,-0.000000000000000000e+00,-5.266664544752052146e-01,-4.786578592350476669e-02
-1.815144295814872244e-01,2.370661380700475718e+00,-0.000000000000000000e+00,-0.000000000000000000e+00,-0.000000000000000000e+00,0.000000000000000000e+00,1.364744535987869878e-01,3.252102867172940864e-03,-1.270409298596312520e-01,-2.103778313774674613e-01,0.000000000000000000e+00,-5.178281144188179308e-01,0.000000000000000000e+00,0.000000000000000000e+00,-2.634495540835905536e-01,-0.000000000000000000e+00,0.000000000000000000e+00,0.000000000000000000e+00,1.164687864476327134e-01,-0.000000000000000000e+00,-0.000000000000000000e+00,0.000000000000000000e+00,-0.000000000000000000e+00,-0.000000000000000000e+00,-0.000000000000000000e+00,-0.000000000000000000e+00,-8.505789358197979322e-02,0.000000000000000000e+00,0.000000000000000000e+00,-0.000000000000000000e+00,0.000000000000000000e+00,0.000000000000000000e+00,0.000000000000000000e+00,-1.759497689821763744e-01,-1.188928830668794789e-01,-2.568911077551362387e-01,-0.000000000000000000e+00,-1.213190434905804943e-01,-3.299382775537176293e-01
-0.000000000000000000e+00,-0.000000000000000000e+00,1.982245451289919025e+00,-0.000000000000000000e+00,-5.119610191886762030e-01,0.000000000000000000e+00,-0.000000000000000000e+00,5.021260288032557417e-01,-0.000000000000000000e+00,-8.617563052999419049e-02,0.000000000000000000e+00,-0.000000000000000000e+00,-0.000000000000000000e+00,-0.000000000000000000e+00,-0.000000000000000000e+00,-7.433461763311993188e-03,0.000000000000000000e+00,-1.446212041879160470e-01,-0.000000000000000000e+00,-9.507278396093987727e-02,-4.889014039020465052e-01,-0.000000000000000000e+00,-0.000000000000000000e+00,-0.000000000000000000e+00,-0.000000000000000000e+00,-1.853255847614125040e-01,-0.000000000000000000e+00,-1.260960517079715293e-01,-0.000000000000000000e+00,-0.000000000000000000e+00,-0.000000000000000000e+00,0.000000000000000000e+00,-1.263556975006252178e-02,-0.000000000000000000e+00,-0.000000000000000000e+00,-0.000000000000000000e+00,-0.000000000000000000e+00,-0.000000000000000000e+00,-0.000000000000000000e+00
-2.745765580609930631e-02,-0.000000000000000000e+00,-0.000000000000000000e+00,1.390500180420836340e+00,-0.000000000000000000e+00,0.000000000000000000e+00,0.000000000000000000e+00,0.000000000000000000e+00,-1.829330389172273974e-01,-0.000000000000000000e+00,0.000000000000000000e+00,-2.240913213913447721e-01,-0.000000000000000000e+00,0.000000000000000000e+00,-2.949229516825515110e-02,-0.000000000000000000e+00,0.000000000000000000e+00,-0.000000000000000000e+00,0.000000000000000000e+00,-0.000000000000000000e+00,-0.000000000000000000e+00,-0.000000000000000000e+00,0.000000000000000000e+00,-0.000000000000000000e+00,0.000000000000000000e+00,-0.000000000000000000e+00,0.000000000000000000e+00,0.000000000000000000e+00,6.793339457589749053e-02,-7.890494757520485902e-02,0.000000000000000000e+00,4.356124910233415831e-02,0.000000000000000000e+00,-4.244869591558728811e-02,-0.000000000000000000e+00,-0.000000000000000000e+00,0.000000000000000000e+00,-2.002368368609945271e-01,-3.762764741325545781e-02
-7.785593223214348768e-02,-0.000000000000000000e+00,-5.119610191886762030e-01,-0.000000000000000000e+00,2.034395578832728368e+00,1.329795655223411921e-01,-0.000000000000000000e+00,1.295470565863315049e-01,-1.971446217181433980e-01,-1.688252738096481520e-01,3.647468867136683269e-03,-0.000000000000000000e+00,-0.000000000000000000e+00,-0.000000000000000000e+00,-0.000000000000000000e+00,-1.050452389386716534e-01,0.000000000000000000e+00,-4.618053152777842896e-02,0.000000000000000000e+00,-0.000000000000000000e+00,-7.640551046171183136e-02,-0.000000000000000000e+00,0.000000000000000000e+00,-0.000000000000000000e+00,0.000000000000000000e+00,-2.705918546144046588e-01,-0.000000000000000000e+00,-0.000000000000000000e+00,0.000000000000000000e+00,-4.041890912799724900e-01,0.000000000000000000e+00,0.000000000000000000e+00,-0.000000000000000000e+00,-0.000000000000000000e+00,-0.000000000000000000e+00,-0.000000000000000000e+00,-0.000000000000000000e+00,-0.000000000000000000e+00,-0.000000000000000000e+00
0.000000000000000000e+00,0.000000000000000000e+00,0.000000000000000000e+00,0.000000000000000000e+00,1.329795655223411921e-01,2.035749174961445362e+00,0.000000000000000000e+00,0.000000000000000000e+00,9.190786675754773760e-02,2.804781148175298708e-02,-6.430899264469527310e-01,0.000000000000000000e+00,1.129247140023587059e-01,-0.000000000000000000e+00,0.000000000000000000e+00,0.000000000000000000e+00,-1.589402399586973547e-01,0.000000000000000000e+00,-0.000000000000000000e+00,0.000000000000000000e+00,0.000000000000000000e+00,6.571850034454752854e-02,-2.566168203268047732e-01,-0.000000000000000000e+00,-3.271787020135326959e-03,0.000000000000000000e+00,0.000000000000000000e+00,0.000000000000000000e+00,-2.388660779750458596e-01,2.503219083778054910e-01,-0.000000000000000000e+00,-3.284429380491541428e-01,-0.000000000000000000e+00,0.000000000000000000e+00,-0.000000000000000000e+00,-0.000000000000000000e+00,-0.000000000000000000e+00,0.000000000000000000e+00,0.000000000000000000e+00
0.000000000000000000e+00,1.364744535987869878e-01,-0.000000000000000000e+00,0.000000000000000000e+00,-0.000000000000000000e+00,0.000000000000000000e+00,2.098005411205422277e+00,-0.000000000000000000e+00,0.000000000000000000e+00,-0.000000000000000000e+00,0.000000000000000000e+00,0.000000000000000000e+00,-0.000000000000000000e+00,0.000000000000000000e+00,4.013583639830454186e-01,0.000000000000000000e+00,0.000000000000000000e+00,-1.532814272658367949e-01,-5.008999219308761797e-01,-0.000000000000000000e+00,-0.000000000000000000e+00,-8.688555578494034926e-01,0.000000000000000000e+00,-0.000000000000000000e+00,0.000000000000000000e+00,0.000000000000000000e+00,0.000000000000000000e+00,-1.693493710564142052e-01,-0.000000000000000000e+00,0.000000000000000000e+00,-0.000000000000000000e+00,0.000000000000000000e+00,-0.000000000000000000e+00,0.000000000000000000e+00,0.000000000000000000e+00,1.333927928157161401e-02,-0.000000000000000000e+00,0.000000000000000000e+00,0.000000000000000000e+00
0.000000000000000000e+00,3.252102867172940864e-03,5.021260288032557417e-01,0.000000000000000000e+00,1.295470565863315049e-01,0.000000000000000000e+00,-0.000000000000000000e+00,1.334393021683113467e+00,0.000000000000000000e+00,0.000000000000000000e+00,0.000000000000000000e+00,0.000000000000000000e+00,0.000000000000000000e+00,0.000000000000000000e+00,0.000000000000000000e+00,0.000000000000000000e+00,0.000000000000000000e+00,0.000000000000000000e+00,-0.000000000000000000e+00,-0.000000000000000000e+00,0.000000000000000000e+00,-0.000000000000000000e+00,0.000000000000000000e+00,0.000000000000000000e+00,0.000000000000000000e+00,7.550721188977644119e-03,1.225473731989126791e-01,0.000000000000000000e+00,0.000000000000000000e+00,0.000000000000000000e+00,0.000000000000000000e+00,0.000000000000000000e+00,8.556958252103000206e-02,0.000000000000000000e+00,6.358171487930236281e-03,1.306414616389187378e-01,0.000000000000000000e+00,0.000000000000000000e+00,0.000000000000000000e+00
-2.748050535009053941e-01,-1.270409298596312520e-01,-0.000000000000000000e+00,-1.829330389172273974e-01,-1.971446217181433980e-01,9.190786675754773760e-02,0.000000000000000000e+00,0.000000000000000000e+00,2.907271740276669014e+00,-9.225477899293367534e-02,0.000000000000000000e+00,-3.126400426359762785e-01,-0.000000000000000000e+00,0.000000000000000000e+00,-6.852398313631080651e-02,-1.779884443290597751e-01,0.000000000000000000e+00,-0.000000000000000000e+00,0.000000000000000000e+00,-0.000000000000000000e+00,-0.000000000000000000e+00,-0.000000000000000000e+00,0.000000000000000000e+00,-0.000000000000000000e+00,0.000000000000000000e+00,-0.000000000000000000e+00,-0.000000000000000000e+00,0.000000000000000000e+00,5.344347574798432449e-02,-4.442586446924307042e-01,0.000000000000000000e+00,5.602938149528257500e-02,0.000000000000000000e+00,-3.559515739787745270e-01,-0.000000000000000000e+00,-0.000000000000000000e+00,0.000000000000000000e+00,-4.473476336243403795e-01,-2.550383888467147031e-01
-1.638234802826993644e-02,-2.103778313774674613e-01,-8.617563052999419049e-02,-0.000000000000000000e+00,-1.688252738096481520e-01,2.804781148175298708e-02,-0.000000000000000000e+00,0.000000000000000000e+00,-9.225477899293367534e-02,2.126721394748116278e+00,0.000000000000000000e+00,-3.738959078592175855e-02,-0.000000000000000000e+00,0.000000000000000000e+00,-0.000000000000000000e+00,-7.547205789244432195e-01,0.000000000000000000e+00,-3.853510737976912487e-02,0.000000000000000000e+00,-1.828199577641965046e-03,-0.000000000000000000e+00,-0.000000000000000000e+00,-0.000000000000000000e+00,-4.044532735627604653e-02,-0.000000000000000000e+00,-0.000000000000000000e+00,-0.000000000000000000e+00,-0.000000000000000000e+00,0.000000000000000000e+00,-4.437087700200783580e-01,-0.000000000000000000e+00,0.000000000000000000e+00,0.000000000000000000e+00,-0.000000000000000000e+00,-0.000000000000000000e+00,-0.000000000000000000e+00,-0.000000000000000000e+00,-0.000000000000000000e+00,-8.853799982447319028e-02
0.000000000000000000e+00,0.000000000000000000e+00,0.000000000000000000e+00,0.000000000000000000e+00,3.647468867136683269e-03,-6.430899264469527310e-01,0.000000000000000000e+00,0.000000000000000000e+00,0.000000000000000000e+00,0.000000000000000000e+00,2.266405451849508701e+00,0.000000000000000000e+00,0.000000000000000000e+00,-0.000000000000000000e+00,0.000000000000000000e+00,6.207513648351212568e-03,-2.311842633025867622e-01,2.583628739083356218e-01,0.000000000000000000e+00,2.949849637907386302e-01,0.000000000000000000e+00,1.302065798117541806e-01,-0.000000000000000000e+00,-0.000000000000000000e+00,-0.000000000000000000e+00,0.000000000000000000e+00,-0.000000000000000000e+00,0.000000000000000000e+00,-0.000000000000000000e+00,8.464427738333851758e-02,-0.000000000000000000e+00,-7.452382474116769906e-01,-0.000000000000000000e+00,0.000000000000000000e+00,-0.000000000000000000e+00,-0.000000000000000000e+00,-0.000000000000000000e+00,0.000000000000000000e+00,0.000000000000000000e+00
-0.000000000000000000e+00,-5.178281144188179308e-01,-0.000000000000000000e+00,-2.240913213913447721e-01,-0.000000000000000000e+00,0.000000000000000000e+00,0.000000000000000000e+00,0.000000000000000000e+00,-3.126400426359762785e-01,-3.738959078592175855e-02,0.000000000000000000e+00,2.646642636168144769e+00,-0.000000000000000000e+00,0.000000000000000000e+00,-4.721475556948721564e-01,-0.000000000000000000e+00,0.000000000000000000e+00,-0.000000000000000000e+00,5.675593280444381217e-02,-0.000000000000000000e+00,-0.000000000000000000e+00,0.000000000000000000e+00,0.000000000000000000e+00,0.000000000000000000e+00,0.000000000000000000e+00,-0.000000000000000000e+00,-0.000000000000000000e+00,0.000000000000000000e+00,4.920371993542518169e-02,-4.174204991283946703e-02,0.000000000000000000e+00,0.000000000000000000e+00,0.000000000000000000e+00,-2.579725661994309860e-01,-0.000000000000000000e+00,-0.000000000000000000e+00,0.000000000000000000e+00,-2.320941325181428150e-01,-4.598268590945307488e-01
-0.000000000000000000e+00,0.000000000000000000e+00,-0.000000000000000000e+00,-0.000000000000000000e+00,-0.000000000000000000e+00,1.129247140023587059e-01,-0.000000000000000000e+00,0.000000000000000000e+00,-0.000000000000000000e+00,-0.000000000000000000e+00,0.000000000000000000e+00,-0.000000000000000000e+00,1.021775962232655210e+00,0.000000000000000000e+00,-0.000000000000000000e+00,0.000000000000000000e+00,0.000000000000000000e+00,-0.000000000000000000e+00,0.000000000000000000e+00,-0.000000000000000000e+00,-0.000000000000000000e+00,-0.000000000000000000e+00,2.506369614071455101e-02,0.000000000000000000e+00,0.000000000000000000e+00,-0.000000000000000000e+00,0.000000000000000000e+00,-0.000000000000000000e+00,0.000000000000000000e+00,-0.000000000000000000e+00,0.000000000000000000e+00,0.000000000000000000e+00,-0.000000000000000000e+00,0.000000000000000000e+00,6.351764187722290511e-02,0.000000000000000000e+00,0.000000000000000000e+00,-0.000000000000000000e+00,-0.000000000000000000e+00
0.000000000000000000e+00,0.000000000000000000e+00,-0.000000000000000000e+00,0.000000000000000000e+00,-0.000000000000000000e+00,-0.000000000000000000e+00,0.000000000000000000e+00,0.000000000000000000e+00,0.000000000000000000e+00,0.000000000000000000e+00,-0.000000000000000000e+00,0.000000000000000000e+00,0.000000000000000000e+00,1.118950211658186200e+00,0.000000000000000000e+00,0.000000000000000000e+00,-1.171065635589877973e-01,0.000000000000000000e+00,0.000000000000000000e+00,0.000000000000000000e+00,-0.000000000000000000e+00,0.000000000000000000e+00,-2.205271786270359205e-02,-0.000000000000000000e+00,-3.624869238153954898e-02,-0.000000000000000000e+00,-0.000000000000000000e+00,-0.000000000000000000e+00,-0.000000000000000000e+00,0.000000000000000000e+00,-0.000000000000000000e+00,-2.053572558205095377e-01,-1.499658260790439068e-01,0.000000000000000000e+00,-8.735779549244332420e-02,-0.000000000000000000e+00,-0.000000000000000000e+00,0.000000000000000000e+00,0.000000000000000000e+00
-2.254874310364068241e-02,-2.634495540835905536e-01,-0.000000000000000000e+00,-2.949229516825515110e-02,-0.000000000000000000e+00,0.000000000000000000e+00,4.013583639830454186e-01,0.000000000000000000e+00,-6.852398313631080651e-02,-0.000000000000000000e+00,0.000000000000000000e+00,-4.721475556948721564e-01,-0.000000000000000000e+00,0.000000000000000000e+00,2.420429482310436420e+00,-0.000000000000000000e+00,0.000000000000000000e+00,0.000000000000000000e+00,9.247924785667013467e-03,0.000000000000000000e+00,0.000000000000000000e+00,0.000000000000000000e+00,0.000000000000000000e+00,0.000000000000000000e+00,0.000000000000000000e+00,-0.000000000000000000e+00,-0.000000000000000000e+00,3.656134042272490142e-02,0.000000000000000000e+00,-0.000000000000000000e+00,6.244560140940909332e-02,0.000000000000000000e+00,1.214572950929206779e-01,-4.381718675912323335e-01,-0.000000000000000000e+00,-0.000000000000000000e+00,0.000000000000000000e+00,-3.712386116060694130e-01,-2.983875471357626541e-01
-4.040996251640667780e-01,-0.000000000000000000e+00,-7.433461763311993188e-03,-0.000000000000000000e+00,-1.050452389386716534e-01,0.000000000000000000e+00,0.000000000000000000e+00,0.000000000000000000e+00,-1.779884443290597751e-01,-7.547205789244432195e-01,6.207513648351212568e-03,-0.000000000000000000e+00,0.000000000000000000e+00,0.000000000000000000e+00,-0.000000000000000000e+00,2.449996963204214229e+00,0.000000000000000000e+00,-0.000000000000000000e+00,0.000000000000000000e+00,-9.400961738216594143e-02,-0.000000000000000000e+00,-0.000000000000000000e+00,-0.000000000000000000e+00,-1.121158514743370027e-02,-0.000000000000000000e+00,-1.621803402140694073e-01,-0.000000000000000000e+00,-0.000000000000000000e+00,0.000000000000000000e+00,-3.366316504817405408e-01,0.000000000000000000e+00,0.000000000000000000e+00,0.000000000000000000e+00,-1.380636560505121291e-01,-0.000000000000000000e+00,-2.913134834312113841e-01,-0.000000000000000000e+00,-7.715922283553935945e-02,-0.000000000000000000e+00
0.000000000000000000e+00,0.000000000000000000e+00,0.000000000000000000e+00,0.000000000000000000e+00,0.000000000000000000e+00,-1.589402399586973547e-01,0.000000000000000000e+00,0.000000000000000000e+00,0.000000000000000000e+00,0.000000000000000000e+00,-2.311842633025867622e-01,0.000000000000000000e+00,0.000000000000000000e+00,-1.171065635589877973e-01,0.000000000000000000e+00,0.000000000000000000e+00,1.274022211371589774e+00,4.706537879462521085e-02,0.000000000000000000e+00,0.000000000000000000e+00,0.000000000000000000e+00,0.000000000000000000e+00,-1.316268628139838637e-01,-0.000000000000000000e+00,-1.501049534670116647e-01,-0.000000000000000000e+00,-0.000000000000000000e+00,0.000000000000000000e+00,-0.000000000000000000e+00,0.000000000000000000e+00,-0.000000000000000000e+00,-0.000000000000000000e+00,-0.000000000000000000e+00,0.000000000000000000e+00,-1.182174454608720948e-01,-0.000000000000000000e+00,-0.000000000000000000e+00,0.000000000000000000e+00,0.000000000000000000e+00
-0.000000000000000000e+00,0.000000000000000000e+00,-1.446212041879160470e-01,-0.000000000000000000e+00,-4.618053152777842896e-02,0.000000000000000000e+00,-1.532814272658367949e-01,0.000000000000000000e+00,-0.000000000000000000e+00,-3.853510737976912487e-02,2.583628739083356218e-01,-0.000000000000000000e+00,-0.000000000000000000e+00,0.000000000000000000e+00,0.000000000000000000e+00,-0.000000000000000000e+00,4.706537879462521085e-02,1.760822023136747738e+00,-7.782513995910429749e-02,-2.494128519379188724e-01,-0.000000000000000000e+00,-4.667351805275843368e-01,0.000000000000000000e+00,-0.000000000000000000e+00,0.000000000000000000e+00,-0.000000000000000000e+00,-0.000000000000000000e+00,-2.884920930606351686e-01,-0.000000000000000000e+00,-0.000000000000000000e+00,-0.000000000000000000e+00,0.000000000000000000e+00,-0.000000000000000000e+00,-0.000000000000000000e+00,0.000000000000000000e+00,0.000000000000000000e+00,-0.000000000000000000e+00,-0.000000000000000000e+00,-0.000000000000000000e+00
0.000000000000000000e+00,1.164687864476327134e-01,-0.000000000000000000e+00,0.000000000000000000e+00,0.000000000000000000e+00,-0.000000000000000000e+00,-5.008999219308761797e-01,-0.000000000000000000e+00,0.000000000000000000e+00,0.000000000000000000e+00,0.000000000000000000e+00,5.675593280444381217e-02,0.000000000000000000e+00,0.000000000000000000e+00,9.247924785667013467e-03,0.000000000000000000e+00,0.000000000000000000e+00,-7.782513995910429749e-02,1.607702866735156721e+00,-0.000000000000000000e+00,-0.000000000000000000e+00,-0.000000000000000000e+00,-0.000000000000000000e+00,-0.000000000000000000e+00,-0.000000000000000000e+00,0.000000000000000000e+00,0.000000000000000000e+00,-2.267219145135890845e-01,-0.000000000000000000e+00,0.000000000000000000e+00,-3.956443109897944677e-02,-0.000000000000000000e+00,-0.000000000000000000e+00,0.000000000000000000e+00,0.000000000000000000e+00,0.000000000000000000e+00,-0.000000000000000000e+00,1.495170752321366425e-01,3.144600832363295129e-01
-0.000000000000000000e+00,-0.000000000000000000e+00,-9.507278396093987727e-02,-0.000000000000000000e+00,-0.000000000000000000e+00,0.000000000000000000e+00,-0.000000000000000000e+00,-0.000000000000000000e+00,-0.000000000000000000e+00,-1.828199577641965046e-03,2.949849637907386302e-01,-0.000000000000000000e+00,-0.000000000000000000e+00,0.000000000000000000e+00,0.000000000000000000e+00,-9.400961738216594143e-02,0.000000000000000000e+00,-2.494128519379188724e-01,-0.000000000000000000e+00,1.954549527294773936e+00,-3.748064619798835984e-01,-5.072122939379355433e-01,0.000000000000000000e+00,-0.000000000000000000e+00,0.000000000000000000e+00,-8.632298297752197258e-02,0.000000000000000000e+00,-9.538173378237024824e-02,0.000000000000000000e+00,-0.000000000000000000e+00,0.000000000000000000e+00,2.872865071461018771e-01,-0.000000000000000000e+00,-0.000000000000000000e+00,0.000000000000000000e+00,0.000000000000000000e+00,-0.000000000000000000e+00,-0.000000000000000000e+00,-0.000000000000000000e+00
-0.000000000000000000e+00,-0.000000000000000000e+00,-4.889014039020465052e-01,-0.000000000000000000e+00,-7.640551046171183136e-02,0.000000000000000000e+00,-0.000000000000000000e+00,0.000000000000000000e+00,-0.000000000000000000e+00,-0.000000000000000000e+00,0.000000000000000000e+00,-0.000000000000000000e+00,-0.000000000000000000e+00,-0.000000000000000000e+00,0.000000000000000000e+00,-0.000000000000000000e+00,0.000000000000000000e+00,-0.000000000000000000e+00,-0.000000000000000000e+00,-3.748064619798835984e-01,1.712173446987853564e+00,-1.440524585627414589e-01,0.000000000000000000e+00,-0.000000000000000000e+00,-0.000000000000000000e+00,-2.752359658631391408e-03,-0.000000000000000000e+00,-3.611491011702219756e-01,-0.000000000000000000e+00,-0.000000000000000000e+00,-0.000000000000000000e+00,0.000000000000000000e+00,-1.622708378749656011e-01,-0.000000000000000000e+00,-0.000000000000000000e+00,-0.000000000000000000e+00,-1.024784483745323910e-01,-0.000000000000000000e+00,-0.000000000000000000e+00
-0.000000000000000000e+00,0.000000000000000000e+00,-0.000000000000000000e+00,-0.000000000000000000e+00,-0.000000000000000000e+00,6.571850034454752854e-02,-8.688555578494034926e-01,-0.000000000000000000e+00,-0.000000000000000000e+00,-0.000000000000000000e+00,1.302065798117541806e-01,0.000000000000000000e+00,-0.000000000000000000e+00,0.000000000000000000e+00,0.000000000000000000e+00,-0.000000000000000000e+00,0.000000000000000000e+00,-4.667351805275843368e-01,-0.000000000000000000e+00,-5.072122939379355433e-01,-1.440524585627414589e-01,2.171918278216058873e+00,0.000000000000000000e+00,-0.000000000000000000e+00,0.000000000000000000e+00,-0.000000000000000000e+00,-0.000000000000000000e+00,-2.831096267026452298e-02,0.000000000000000000e+00,-0.000000000000000000e+00,-0.000000000000000000e+00,0.000000000000000000e+00,-0.000000000000000000e+00,0.000000000000000000e+00,0.000000000000000000e+00,0.000000000000000000e+00,-0.000000000000000000e+00,0.000000000000000000e+00,0.000000000000000000e+00
0.000000000000000000e+00,-0.000000000000000000e+00,-0.000000000000000000e+00,0.000000000000000000e+00,0.000000000000000000e+00,-2.566168203268047732e-01,0.000000000000000000e+00,0.000000000000000000e+00,0.000000000000000000e+00,-0.000000000000000000e+00,-0.000000000000000000e+00,0.000000000000000000e+00,2.506369614071455101e-02,-2.205271786270359205e-02,0.000000000000000000e+00,-0.000000000000000000e+00,-1.316268628139838637e-01,0.000000000000000000e+00,-0.000000000000000000e+00,0.000000000000000000e+00,0.000000000000000000e+00,0.000000000000000000e+00,1.960768578732731804e+00,-4.207810713636866984e-01,-8.637476556850226528e-01,-0.000000000000000000e+00,-0.000000000000000000e+00,-0.000000000000000000e+00,-1.139083599921941747e-02,0.000000000000000000e+00,-0.000000000000000000e+00,-1.658158766856208249e-02,-0.000000000000000000e+00,0.000000000000000000e+00,-1.930047581937012480e-01,-9.348790453339074491e-02,-0.000000000000000000e+00,0.000000000000000000e+00,0.000000000000000000e+00
-0.000000000000000000e+00,-0.000000000000000000e+00,-0.000000000000000000e+00,-0.000000000000000000e+00,-0.000000000000000000e+00,-0.000000000000000000e+00,-0.000000000000000000e+00,0.000000000000000000e+00,-0.000000000000000000e+00,-4.044532735627604653e-02,-0.000000000000000000e+00,0.000000000000000000e+00,0.000000000000000000e+00,-0.000000000000000000e+00,0.000000000000000000e+00,-1.121158514743370027e-02,-0.000000000000000000e+00,-0.000000000000000000e+00,-0.000000000000000000e+00,-0.000000000000000000e+00,-0.000000000000000000e+00,-0.000000000000000000e+00,-4.207810713636866984e-01,1.423835518710500514e+00,-4.200356093133962299e-01,-0.000000000000000000e+00,-0.000000000000000000e+00,-0.000000000000000000e+00,-0.000000000000000000e+00,-0.000000000000000000e+00,-0.000000000000000000e+00,-0.000000000000000000e+00,-0.000000000000000000e+00,0.000000000000000000e+00,-4.567686406511960867e-02,-0.000000000000000000e+00,-7.994765373736055156e-03,-0.000000000000000000e+00,0.000000000000000000e+00
-0.000000000000000000e+00,-0.000000000000000000e+00,-0.000000000000000000e+00,0.000000000000000000e+00,0.000000000000000000e+00,-3.271787020135326959e-03,0.000000000000000000e+00,0.000000000000000000e+00,0.000000000000000000e+00,-0.000000000000000000e+00,-0.000000000000000000e+00,0.000000000000000000e+00,0.000000000000000000e+00,-3.624869238153954898e-02,0.000000000000000000e+00,-0.000000000000000000e+00,-1.501049534670116647e-01,0.000000000000000000e+00,-0.000000000000000000e+00,0.000000000000000000e+00,-0.000000000000000000e+00,0.000000000000000000e+00,-8.637476556850226528e-01,-4.200356093133962299e-01,1.883382988797846380e+00,-0.000000000000000000e+00,0.000000000000000000e+00,-0.000000000000000000e+00,-1.368485606676433652e-01,0.000000000000000000e+00,0.000000000000000000e+00,-0.000000000000000000e+00,-0.000000000000000000e+00,0.000000000000000000e+00,-0.000000000000000000e+00,-0.000000000000000000e+00,-1.552417935374919289e-01,0.000000000000000000e+00,0.000000000000000000e+00
-5.744270009319819570e-01,-0.000000000000000000e+00,-1.853255847614125040e-01,-0.000000000000000000e+00,-2.705918546144046588e-01,0.000000000000000000e+00,0.000000000000000000e+00,7.550721188977644119e-03,-0.000000000000000000e+00,-0.000000000000000000e+00,0.000000000000000000e+00,-0.000000000000000000e+00,-0.000000000000000000e+00,-0.000000000000000000e+00,-0.000000000000000000e+00,-1.621803402140694073e-01,-0.000000000000000000e+00,-0.000000000000000000e+00,0.000000000000000000e+00,-8.632298297752197258e-02,-2.752359658631391408e-03,-0.000000000000000000e+00,-0.000000000000000000e+00,-0.000000000000000000e+00,-0.000000000000000000e+00,1.688471774246466772e+00,-0.000000000000000000e+00,-1.020474323294530555e-01,-0.000000000000000000e+00,-0.000000000000000000e+00,0.000000000000000000e+00,0.000000000000000000e+00,0.000000000000000000e+00,-0.000000000000000000e+00,-0.000000000000000000e+00,-7.022696236384434743e-02,-1.013476462324039429e-01,-4.143902721270029121e-02,-0.000000000000000000e+00
-0.000000000000000000e+00,-8.505789358197979322e-02,-0.000000000000000000e+00,0.000000000000000000e+00,-0.000000000000000000e+00,0.000000000000000000e+00,0.000000000000000000e+00,1.225473731989126791e-01,-0.000000000000000000e+00,-0.000000000000000000e+00,-0.000000000000000000e+00,-0.000000000000000000e+00,0.000000000000000000e+00,-0.000000000000000000e+00,-0.000000000000000000e+00,-0.000000000000000000e+00,-0.000000000000000000e+00,-0.000000000000000000e+00,0.000000000000000000e+00,0.000000000000000000e+00,-0.000000000000000000e+00,-0.000000000000000000e+00,-0.000000000000000000e+00,-0.000000000000000000e+00,0.000000000000000000e+00,-0.000000000000000000e+00,1.384016506687685277e+00,-0.000000000000000000e+00,-0.000000000000000000e+00,-0.000000000000000000e+00,-5.882271405325429914e-01,-2.080211053826347758e-02,-0.000000000000000000e+00,-0.000000000000000000e+00,-1.515052671766308756e-01,-0.000000000000000000e+00,-1.757677829399080516e-01,-0.000000000000000000e+00,-0.000000000000000000e+00
-0.000000000000000000e+00,0.000000000000000000e+00,-1.260960517079715293e-01,0.000000000000000000e+00,-0.000000000000000000e+00,0.000000000000000000e+00,-1.693493710564142052e-01,0.000000000000000000e+00,0.000000000000000000e+00,-0.000000000000000000e+00,0.000000000000000000e+00,0.000000000000000000e+00,-0.000000000000000000e+00,-0.000000000000000000e+00,3.656134042272490142e-02,-0.000000000000000000e+00,0.000000000000000000e+00,-2.884920930606351686e-01,-2.267219145135890845e-01,-9.538173378237024824e-02,-3.611491011702219756e-01,-2.831096267026452298e-02,-0.000000000000000000e+00,-0.000000000000000000e+00,-0.000000000000000000e+00,-1.020474323294530555e-01,-0.000000000000000000e+00,1.576995780102237621e+00,-1.103515626339034716e-01,0.000000000000000000e+00,-0.000000000000000000e+00,0.000000000000000000e+00,-9.690757044686587607e-02,0.000000000000000000e+00,0.000000000000000000e+00,0.000000000000000000e+00,-1.118820416498321341e-01,0.000000000000000000e+00,0.000000000000000000e+00
0.000000000000000000e+00,0.000000000000000000e+00,-0.000000000000000000e+00,6.793339457589749053e-02,0.000000000000000000e+00,-2.388660779750458596e-01,-0.000000000000000000e+00,0.000000000000000000e+00,5.344347574798432449e-02,0.000000000000000000e+00,-0.000000000000000000e+00,4.920371993542518169e-02,0.000000000000000000e+00,-0.000000000000000000e+00,0.000000000000000000e+00,0.000000000000000000e+00,-0.000000000000000000e+00,-0.000000000000000000e+00,-0.000000000000000000e+00,0.000000000000000000e+00,-0.000000000000000000e+00,0.000000000000000000e+00,-1.139083599921941747e-02,-0.000000000000000000e+00,-1.368485606676433652e-01,-0.000000000000000000e+00,-0.000000000000000000e+00,-1.103515626339034716e-01,1.604363476901829122e+00,6.785125149722182059e-02,-0.000000000000000000e+00,-3.571128528432589433e-01,-8.214610363110688707e-02,6.953279123177380505e-02,-0.000000000000000000e+00,-0.000000000000000000e+00,-4.245854295749598717e-01,0.000000000000000000e+00,1.119437583327423519e-01
-2.363383219127841994e-01,-0.000000000000000000e+00,-0.000000000000000000e+00,-7.890494757520485902e-02,-4.041890912799724900e-01,2.503219083778054910e-01,0.000000000000000000e+00,0.000000000000000000e+00,-4.442586446924307042e-01,-4.437087700200783580e-01,8.464427738333851758e-02,-4.174204991283946703e-02,-0.000000000000000000e+00,0.000000000000000000e+00,-0.000000000000000000e+00,-3.366316504817405408e-01,0.000000000000000000e+00,-0.000000000000000000e+00,0.000000000000000000e+00,-0.000000000000000000e+00,-0.000000000000000000e+00,-0.000000000000000000e+00,0.000000000000000000e+00,-0.000000000000000000e+00,0.000000000000000000e+00,-0.000000000000000000e+00,-0.000000000000000000e+00,0.000000000000000000e+00,6.785125149722182059e-02,2.796487120858503594e+00,0.000000000000000000e+00,0.000000000000000000e+00,0.000000000000000000e+00,-1.565175804493789680e-01,-0.000000000000000000e+00,-0.000000000000000000e+00,-0.000000000000000000e+00,-2.588639773944870770e-01,-2.643393422786791125e-01
0.000000000000000000e+00,0.000000000000000000e+00,-0.000000000000000000e+00,0.000000000000000000e+00,0.000000000000000000e+00,-0.000000000000000000e+00,-0.000000000000000000e+00,0.000000000000000000e+00,0.000000000000000000e+00,-0.000000000000000000e+00,-0.000000000000000000e+00,0.000000000000000000e+00,0.000000000000000000e+00,-0.000000000000000000e+00,6.244560140940909332e-02,0.000000000000000000e+00,-0.000000000000000000e+00,-0.000000000000000000e+00,-3.956443109897944677e-02,0.000000000000000000e+00,-0.000000000000000000e+00,-0.000000000000000000e+00,-0.000000000000000000e+00,-0.000000000000000000e+00,0.000000000000000000e+00,0.000000000000000000e+00,-5.882271405325429914e-01,-0.000000000000000000e+00,-0.000000000000000000e+00,0.000000000000000000e+00,1.353395495694090789e+00,-5.230643121989482502e-02,-2.262284321706581613e-01,0.000000000000000000e+00,-0.000000000000000000e+00,0.000000000000000000e+00,-4.566173192176516127e-02,4.555336714575254978e-03,0.000000000000000000e+00
0.000000000000000000e+00,0.000000000000000000e+00,0.000000000000000000e+00,4.356124910233415831e-02,0.000000000000000000e+00,-3.284429380491541428e-01,0.000000000000000000e+00,0.000000000000000000e+00,5.602938149528257500e-02,0.000000000000000000e+00,-7.452382474116769906e-01,0.000000000000000000e+00,0.000000000000000000e+00,-2.053572558205095377e-01,0.000000000000000000e+00,0.000000000000000000e+00,-0.000000000000000000e+00,0.000000000000000000e+00,-0.000000000000000000e+00,2.872865071461018771e-01,0.000000000000000000e+00,0.000000000000000000e+00,-1.658158766856208249e-02,-0.000000000000000000e+00,-0.000000000000000000e+00,0.000000000000000000e+00,-2.080211053826347758e-02,0.000000000000000000e+00,-3.571128528432589433e-01,0.000000000000000000e+00,-5.230643121989482502e-02,2.037337818121954580e+00,-0.000000000000000000e+00,2.975113475455919837e-02,-8.756597626627771191e-02,-0.000000000000000000e+00,-0.000000000000000000e+00,0.000000000000000000e+00,0.000000000000000000e+00
0.000000000000000000e+00,0.000000000000000000e+00,-1.263556975006252178e-02,0.000000000000000000e+00,-0.000000000000000000e+00,-0.000000000000000000e+00,-0.000000000000000000e+00,8.556958252103000206e-02,0.000000000000000000e+00,0.000000000000000000e+00,-0.000000000000000000e+00,0.000000000000000000e+00,-0.000000000000000000e+00,-1.499658260790439068e-01,1.214572950929206779e-01,0.000000000000000000e+00,-0.000000000000000000e+00,-0.000000000000000000e+00,-0.000000000000000000e+00,-0.000000000000000000e+00,-1.622708378749656011e-01,-0.000000000000000000e+00,-0.000000000000000000e+00,-0.000000000000000000e+00,-0.000000000000000000e+00,0.000000000000000000e+00,-0.000000000000000000e+00,-9.690757044686587607e-02,-8.214610363110688707e-02,0.000000000000000000e+00,-2.262284321706581613e-01,-0.000000000000000000e+00,1.181457602960434450e+00,4.640983800563194817e-02,0.000000000000000000e+00,0.000000000000000000e+00,-0.000000000000000000e+00,0.000000000000000000e+00,0.000000000000000000e+00
-2.046373798649675502e-01,-1.759497689821763744e-01,-0.000000000000000000e+00,-4.244869591558728811e-02,-0.000000000000000000e+00,0.000000000000000000e+00,0.000000000000000000e+00,0.000000000000000000e+00,-3.559515739787745270e-01,-0.000000000000000000e+00,0.000000000000000000e+00,-2.579725661994309860e-01,0.000000000000000000e+00,0.000000000000000000e+00,-4.381718675912323335e-01,-1.380636560505121291e-01,0.000000000000000000e+00,-0.000000000000000000e+00,0.000000000000000000e+00,-0.000000000000000000e+00,-0.000000000000000000e+00,0.000000000000000000e+00,0.000000000000000000e+00,0.000000000000000000e+00,0.000000000000000000e+00,-0.000000000000000000e+00,-0.000000000000000000e+00,0.000000000000000000e+00,6.953279123177380505e-02,-1.565175804493789680e-01,0.000000000000000000e+00,2.975113475455919837e-02,4.640983800563194817e-02,2.420777348790393191e+00,-0.000000000000000000e+00,-0.000000000000000000e+00,0.000000000000000000e+00,-2.298736476557923236e-01,-2.577493765531057024e-01
-0.000000000000000000e+00,-1.188928830668794789e-01,-0.000000000000000000e+00,-0.000000000000000000e+00,-0.000000000000000000e+00,-0.000000000000000000e+00,0.000000000000000000e+00,6.358171487930236281e-03,-0.000000000000000000e+00,-0.000000000000000000e+00,-0.000000000000000000e+00,-0.000000000000000000e+00,6.351764187722290511e-02,-8.735779549244332420e-02,-0.000000000000000000e+00,-0.000000000000000000e+00,-1.182174454608720948e-01,0.000000000000000000e+00,0.000000000000000000e+00,0.000000000000000000e+00,-0.000000000000000000e+00,0.000000000000000000e+00,-1.930047581937012480e-01,-4.567686406511960867e-02,-0.000000000000000000e+00,-0.000000000000000000e+00,-1.515052671766308756e-01,0.000000000000000000e+00,-0.000000000000000000e+00,-0.000000000000000000e+00,-0.000000000000000000e+00,-8.756597626627771191e-02,0.000000000000000000e+00,-0.000000000000000000e+00,1.457803603523332159e+00,-2.817134624599607617e-01,-4.529396198890421332e-01,-0.000000000000000000e+00,-0.000000000000000000e+00
-2.186626876620159296e-02,-2.568911077551362387e-01,-0.000000000000000000e+00,-0.000000000000000000e+00,-0.000000000000000000e+00,-0.000000000000000000e+00,1.333927928157161401e-02,1.306414616389187378e-01,-0.000000000000000000e+00,-0.000000000000000000e+00,-0.000000000000000000e+00,-0.000000000000000000e+00,0.000000000000000000e+00,-0.000000000000000000e+00,-0.000000000000000000e+00,-2.913134834312113841e-01,-0.000000000000000000e+00,0.000000000000000000e+00,0.000000000000000000e+00,0.000000000000000000e+00,-0.000000000000000000e+00,0.000000000000000000e+00,-9.348790453339074491e-02,-0.000000000000000000e+00,-0.000000000000000000e+00,-7.022696236384434743e-02,-0.000000000000000000e+00,0.000000000000000000e+00,-0.000000000000000000e+00,-0.000000000000000000e+00,0.000000000000000000e+00,-0.000000000000000000e+00,0.000000000000000000e+00,-0.000000000000000000e+00,-2.817134624599607617e-01,1.354001572926273766e+00,-0.000000000000000000e+00,-0.000000000000000000e+00,-0.000000000000000000e+00
-0.000000000000000000e+00,-0.000000000000000000e+00,-0.000000000000000000e+00,0.000000000000000000e+00,-0.000000000000000000e+00,-0.000000000000000000e+00,-0.000000000000000000e+00,0.000000000000000000e+00,0.000000000000000000e+00,-0.000000000000000000e+00,-0.000000000000000000e+00,0.000000000000000000e+00,0.000000000000000000e+00,-0.000000000000000000e+00,0.000000000000000000e+00,-0.000000000000000000e+00,-0.000000000000000000e+00,-0.000000000000000000e+00,-0.000000000000000000e+00,-0.000000000000000000e+00,-1.024784483745323910e-01,-0.000000000000000000e+00,-0.000000000000000000e+00,-7.994765373736055156e-03,-1.552417935374919289e-01,-1.013476462324039429e-01,-1.757677829399080516e-01,-1.118820416498321341e-01,-4.245854295749598717e-01,-0.000000000000000000e+00,-4.566173192176516127e-02,-0.000000000000000000e+00,-0.000000000000000000e+00,0.000000000000000000e+00,-4.529396198890421332e-01,-0.000000000000000000e+00,1.497344380368407002e+00,0.000000000000000000e+00,0.000000000000000000e+00
-5.266664544752052146e-01,-1.213190434905804943e-01,-0.000000000000000000e+00,-2.002368368609945271e-01,-0.000000000000000000e+00,0.000000000000000000e+00,0.000000000000000000e+00,0.000000000000000000e+00,-4.473476336243403795e-01,-0.000000000000000000e+00,0.000000000000000000e+00,-2.320941325181428150e-01,-0.000000000000000000e+00,0.000000000000000000e+00,-3.712386116060694130e-01,-7.715922283553935945e-02,0.000000000000000000e+00,-0.000000000000000000e+00,1.495170752321366425e-01,-0.000000000000000000e+00,-0.000000000000000000e+00,0.000000000000000000e+00,0.000000000000000000e+00,-0.000000000000000000e+00,0.000000000000000000e+00,-4.143902721270029121e-02,-0.000000000000000000e+00,0.000000000000000000e+00,0.000000000000000000e+00,-2.588639773944870770e-01,4.555336714575254978e-03,0.000000000000000000e+00,0.000000000000000000e+00,-2.298736476557923236e-01,-0.000000000000000000e+00,-0.000000000000000000e+00,0.000000000000000000e+00,2.834350665762548793e+00,-3.114166303371041500e-01
-4.786578592350476669e-02,-3.299382775537176293e-01,-0.000000000000000000e+00,-3.762764741325545781e-02,-0.000000000000000000e+00,0.000000000000000000e+00,0.000000000000000000e+00,0.000000000000000000e+00,-2.550383888467147031e-01,-8.853799982447319028e-02,0.000000000000000000e+00,-4.598268590945307488e-01,-0.000000000000000000e+00,0.000000000000000000e+00,-2.983875471357626541e-01,-0.000000000000000000e+00,0.000000000000000000e+00,-0.000000000000000000e+00,3.144600832363295129e-01,-0.000000000000000000e+00,-0.000000000000000000e+00,0.000000000000000000e+00,0.000000000000000000e+00,0.000000000000000000e+00,0.000000000000000000e+00,-0.000000000000000000e+00,-0.000000000000000000e+00,0.000000000000000000e+00,1.119437583327423519e-01,-2.643393422786791125e-01,0.000000000000000000e+00,0.000000000000000000e+00,0.000000000000000000e+00,-2.577493765531057024e-01,-0.000000000000000000e+00,-0.000000000000000000e+00,0.000000000000000000e+00,-3.114166303371041500e-01,2.655079458545528404e+00
