1.509088791218872405e+00,0.000000000000000000e+00,0.000000000000000000e+00,0.000000000000000000e+00,-0.000000000000000000e+00,-0.000000000000000000e+00,0.000000000000000000e+00,-0.000000000000000000e+00,-6.226774474589403391e-02,0.000000000000000000e+00,-0.000000000000000000e+00,0.000000000000000000e+00,-1.905738487947172474e-02,0.000000000000000000e+00,-3.930308803265490647e-02,-0.000000000000000000e+00,0.000000000000000000e+00,-0.000000000000000000e+00,-0.000000000000000000e+00,-1.467697489825786350e-01,-0.000000000000000000e+00,0.000000000000000000e+00,0.000000000000000000e+00,-0.000000000000000000e+00,-0.000000000000000000e+00,-0.000000000000000000e+00,3.601373616557068114e-01,-0.000000000000000000e+00,0.000000000000000000e+00,-0.000000000000000000e+00,2.733372309895008012e-01,7.371689126519020974e-02,2.235358804117562603e-01,-0.000000000000000000e+00,-0.000000000000000000e+00,0.000000000000000000e+00,0.000000000000000000e+00,-8.910715873206677407e-02,0.000000000000000000e+00
0.000000000000000000e+00,1.875237791012938748e+00,-0.000000000000000000e+00,-0.000000000000000000e+00,-0.000000000000000000e+00,0.000000000000000000e+00,-6.366570945513096158e-02,0.000000000000000000e+00,-7.724789718611613232e-02,-0.000000000000000000e+00,0.000000000000000000e+00,-8.577362804335716961e-02,0.000000000000000000e+00,0.000000000000000000e+00,1.224109870225819491e-01,1.342791901327331817e-02,0.000000000000000000e+00,0.000000000000000000e+00,0.000000000000000000e+00,0.000000000000000000e+00,0.000000000000000000e+00,0.000000000000000000e+00,0.000000000000000000e+00,0.000000000000000000e+00,8.328744654767468447e-02,0.000000000000000000e+00,-0.000000000000000000e+00,0.000000000000000000e+00,-0.000000000000000000e+00,-0.000000000000000000e+00,-0.000000000000000000e+00,-3.984718977353789438e-01,-0.000000000000000000e+00,0.000000000000000000e+00,1.326451378686500648e-01,-4.836570894180539093e-01,-0.000000000000000000e+00,0.000000000000000000e+00,-2.352400924646124714e-01
0.000000000000000000e+00,-0.000000000000000000e+00,2.887599813052042386e+00,-3.518269801230340388e-01,-1.549302442288075510e-01,1.441720322073823946e-01,-4.011002123666898567e-01,8.492197845185783800e-01,-0.000000000000000000e+00,-9.981214970285064159e-02,-0.000000000000000000e+00,-2.658885756933466182e-01,0.000000000000000000e+00,-0.000000000000000000e+00,0.000000000000000000e+00,0.000000000000000000e+00,0.000000000000000000e+00,-0.000000000000000000e+00,-0.000000000000000000e+00,-0.000000000000000000e+00,0.000000000000000000e+00,-0.000000000000000000e+00,0.000000000000000000e+00,0.000000000000000000e+00,0.000000000000000000e+00,-0.000000000000000000e+00,-1.496430559335996391e-01,-0.000000000000000000e+00,-0.000000000000000000e+00,-0.000000000000000000e+00,-4.074789288498230078e-01,-6.930683579519673898e-02,-0.000000000000000000e+00,-0.000000000000000000e+00,0.000000000000000000e+00,-2.303606188207227845e-01,-0.000000000000000000e+00,0.000000000000000000e+00,-1.237596876924942357e-01
0.000000000000000000e+00,-0.000000000000000000e+00,-3.518269801230340388e-01,1.751197639447829912e+00,-1.783931978970028920e-01,4.922196561497590994e-02,-3.966854798675057414e-01,1.144089104086371683e-01,-5.507641427492795949e-02,-0.000000000000000000e+00,-0.000000000000000000e+00,-0.000000000000000000e+00,0.000000000000000000e+00,-0.000000000000000000e+00,0.000000000000000000e+00,0.000000000000000000e+00,0.000000000000000000e+00,-2.060224288423579131e-01,-2.463001781128208167e-01,-0.000000000000000000e+00,0.000000000000000000e+00,-0.000000000000000000e+00,0.000000000000000000e+00,0.000000000000000000e+00,0.000000000000000000e+00,-0.000000000000000000e+00,-0.000000000000000000e+00,-1.019655352121593694e-01,-0.000000000000000000e+00,-0.000000000000000000e+00,-0.000000000000000000e+00,-3.227877324809255016e-02,-0.000000000000000000e+00,-0.000000000000000000e+00,0.000000000000000000e+00,-0.000000000000000000e+00,-0.000000000000000000e+00,0.000000000000000000e+00,-0.000000000000000000e+00
-0.000000000000000000e+00,-0.000000000000000000e+00,-1.549302442288075510e-01,-1.783931978970028920e-01,1.954881860814217776e+00,0.000000000000000000e+00,-0.000000000000000000e+00,6.123890391934561084e-01,-5.587933731558257788e-01,-4.299329850943259257e-02,-0.000000000000000000e+00,-0.000000000000000000e+00,0.000000000000000000e+00,-0.000000000000000000e+00,0.000000000000000000e+00,-0.000000000000000000e+00,0.000000000000000000e+00,-9.590491599036748971e-02,-7.659905505157059424e-02,-0.000000000000000000e+00,0.000000000000000000e+00,0.000000000000000000e+00,0.000000000000000000e+00,5.470600354787894318e-03,1.257795017625947323e-02,-0.000000000000000000e+00,-0.000000000000000000e+00,-0.000000000000000000e+00,-0.000000000000000000e+00,-0.000000000000000000e+00,-0.000000000000000000e+00,-0.000000000000000000e+00,0.000000000000000000e+00,-5.025905016775972234e-02,0.000000000000000000e+00,-8.964461358781429523e-02,0.000000000000000000e+00,-0.000000000000000000e+00,-0.000000000000000000e+00
-0.000000000000000000e+00,0.000000000000000000e+00,1.441720322073823946e-01,4.922196561497590994e-02,0.000000000000000000e+00,1.975618766469514176e+00,7.417643850073155770e-03,-0.000000000000000000e+00,1.526378218909225926e-01,0.000000000000000000e+00,-0.000000000000000000e+00,2.049037095350514648e-01,-0.000000000000000000e+00,-0.000000000000000000e+00,-0.000000000000000000e+00,-0.000000000000000000e+00,-4.403046584298300203e-01,0.000000000000000000e+00,0.000000000000000000e+00,-0.000000000000000000e+00,-0.000000000000000000e+00,-0.000000000000000000e+00,-0.000000000000000000e+00,-4.384262186161115293e-01,-1.246185049748191505e-02,-0.000000000000000000e+00,0.000000000000000000e+00,-0.000000000000000000e+00,0.000000000000000000e+00,0.000000000000000000e+00,0.000000000000000000e+00,0.000000000000000000e+00,0.000000000000000000e+00,0.000000000000000000e+00,-0.000000000000000000e+00,2.946712272851249592e-01,-0.000000000000000000e+00,-0.000000000000000000e+00,1.185883739580746998e-01
0.000000000000000000e+00,-6.366570945513096158e-02,-4.011002123666898567e-01,-3.966854798675057414e-01,-0.000000000000000000e+00,7.417643850073155770e-03,2.415063548213769895e+00,0.000000000000000000e+00,-0.000000000000000000e+00,-0.000000000000000000e+00,0.000000000000000000e+00,-0.000000000000000000e+00,0.000000000000000000e+00,-0.000000000000000000e+00,5.901238901940334403e-01,0.000000000000000000e+00,0.000000000000000000e+00,-0.000000000000000000e+00,-0.000000000000000000e+00,0.000000000000000000e+00,0.000000000000000000e+00,-0.000000000000000000e+00,0.000000000000000000e+00,0.000000000000000000e+00,0.000000000000000000e+00,-0.000000000000000000e+00,-3.014096861275736283e-01,-0.000000000000000000e+00,-2.265096144300582023e-02,-0.000000000000000000e+00,-2.335373457886427140e-01,-9.008180855852500335e-02,-1.383975044059825854e-01,0.000000000000000000e+00,0.000000000000000000e+00,-1.264080944877253032e-01,-0.000000000000000000e+00,1.692359620695804145e-01,-3.511549575877530305e-02
-0.000000000000000000e+00,0.000000000000000000e+00,8.492197845185783800e-01,1.144089104086371683e-01,6.123890391934561084e-01,-0.000000000000000000e+00,0.000000000000000000e+00,2.286728272092008574e+00,8.252929552000307090e-02,2.569727595664439979e-01,0.000000000000000000e+00,0.000000000000000000e+00,-0.000000000000000000e+00,-0.000000000000000000e+00,-0.000000000000000000e+00,0.000000000000000000e+00,-0.000000000000000000e+00,0.000000000000000000e+00,5.449464457597912037e-02,0.000000000000000000e+00,-0.000000000000000000e+00,0.000000000000000000e+00,-0.000000000000000000e+00,-1.283940761942167774e-01,-0.000000000000000000e+00,0.000000000000000000e+00,0.000000000000000000e+00,0.000000000000000000e+00,0.000000000000000000e+00,2.031288944226254320e-02,0.000000000000000000e+00,0.000000000000000000e+00,0.000000000000000000e+00,0.000000000000000000e+00,-5.701941908942548265e-02,1.189366527767223569e-01,-0.000000000000000000e+00,0.000000000000000000e+00,5.130886002059015238e-02
-6.226774474589403391e-02,-7.724789718611613232e-02,-0.000000000000000000e+00,-5.507641427492795949e-02,-5.587933731558257788e-01,1.526378218909225926e-01,-0.000000000000000000e+00,8.252929552000307090e-02,1.728447134095638660e+00,-0.000000000000000000e+00,-0.000000000000000000e+00,-0.000000000000000000e+00,0.000000000000000000e+00,-0.000000000000000000e+00,0.000000000000000000e+00,-0.000000000000000000e+00,1.379922155935629779e-01,-6.754381004349799267e-02,-1.881055228771608134e-02,-0.000000000000000000e+00,0.000000000000000000e+00,0.000000000000000000e+00,0.000000000000000000e+00,0.000000000000000000e+00,0.000000000000000000e+00,0.000000000000000000e+00,0.000000000000000000e+00,-0.000000000000000000e+00,-3.912430904419129940e-02,-1.298658757573445399e-01,-0.000000000000000000e+00,-0.000000000000000000e+00,0.000000000000000000e+00,-2.955684723574108497e-01,0.000000000000000000e+00,-2.058368221107679530e-01,-0.000000000000000000e+00,-0.000000000000000000e+00,-0.000000000000000000e+00
0.000000000000000000e+00,-0.000000000000000000e+00,-9.981214970285064159e-02,-0.000000000000000000e+00,-4.299329850943259257e-02,0.000000000000000000e+00,-0.000000000000000000e+00,2.569727595664439979e-01,-0.000000000000000000e+00,1.333363899176159384e+00,-0.000000000000000000e+00,-0.000000000000000000e+00,0.000000000000000000e+00,-0.000000000000000000e+00,0.000000000000000000e+00,-1.521999841509552032e-01,-0.000000000000000000e+00,-0.000000000000000000e+00,-0.000000000000000000e+00,-5.584788588477104798e-02,0.000000000000000000e+00,-1.897321633619306058e-01,-0.000000000000000000e+00,0.000000000000000000e+00,-0.000000000000000000e+00,-0.000000000000000000e+00,-5.042902153301716088e-03,-9.802178027959173104e-03,0.000000000000000000e+00,-2.663298970687855705e-01,-0.000000000000000000e+00,-0.000000000000000000e+00,-0.000000000000000000e+00,-0.000000000000000000e+00,0.000000000000000000e+00,-0.000000000000000000e+00,-0.000000000000000000e+00,-0.000000000000000000e+00,-1.841236367190816625e-01
-0.000000000000000000e+00,0.000000000000000000e+00,-0.000000000000000000e+00,-0.000000000000000000e+00,-0.000000000000000000e+00,-0.000000000000000000e+00,0.000000000000000000e+00,0.000000000000000000e+00,-0.000000000000000000e+00,-0.000000000000000000e+00,9.999999999999997780e-01,0.000000000000000000e+00,-0.000000000000000000e+00,-0.000000000000000000e+00,-0.000000000000000000e+00,-0.000000000000000000e+00,0.000000000000000000e+00,-0.000000000000000000e+00,-0.000000000000000000e+00,0.000000000000000000e+00,-0.000000000000000000e+00,0.000000000000000000e+00,0.000000000000000000e+00,0.000000000000000000e+00,0.000000000000000000e+00,-0.000000000000000000e+00,0.000000000000000000e+00,0.000000000000000000e+00,-0.000000000000000000e+00,-0.000000000000000000e+00,0.000000000000000000e+00,-0.000000000000000000e+00,0.000000000000000000e+00,-0.000000000000000000e+00,0.000000000000000000e+00,-0.000000000000000000e+00,0.000000000000000000e+00,-0.000000000000000000e+00,-0.000000000000000000e+00
0.000000000000000000e+00,-8.577362804335716961e-02,-2.658885756933466182e-01,-0.000000000000000000e+00,-0.000000000000000000e+00,2.049037095350514648e-01,-0.000000000000000000e+00,0.000000000000000000e+00,-0.000000000000000000e+00,-0.000000000000000000e+00,0.000000000000000000e+00,1.937047757411128890e+00,0.000000000000000000e+00,-0.000000000000000000e+00,0.000000000000000000e+00,0.000000000000000000e+00,0.000000000000000000e+00,-0.000000000000000000e+00,-0.000000000000000000e+00,0.000000000000000000e+00,0.000000000000000000e+00,-0.000000000000000000e+00,0.000000000000000000e+00,0.000000000000000000e+00,0.000000000000000000e+00,0.000000000000000000e+00,-2.663100460433149297e-01,-0.000000000000000000e+00,0.000000000000000000e+00,-0.000000000000000000e+00,-1.156208282705699780e-01,-2.327860033523949101e-01,-7.381151889543115241e-03,-0.000000000000000000e+00,0.000000000000000000e+00,-1.906304800758836793e-01,-0.000000000000000000e+00,0.000000000000000000e+00,-3.946690865243978608e-01
-1.905738487947172474e-02,0.000000000000000000e+00,0.000000000000000000e+00,0.000000000000000000e+00,0.000000000000000000e+00,-0.000000000000000000e+00,0.000000000000000000e+00,-0.000000000000000000e+00,0.000000000000000000e+00,0.000000000000000000e+00,-0.000000000000000000e+00,0.000000000000000000e+00,1.280914404220839797e+00,0.000000000000000000e+00,-0.000000000000000000e+00,-0.000000000000000000e+00,-0.000000000000000000e+00,0.000000000000000000e+00,0.000000000000000000e+00,-1.007636439183024896e-01,-5.469133127660777416e-02,-0.000000000000000000e+00,-0.000000000000000000e+00,-0.000000000000000000e+00,-0.000000000000000000e+00,-0.000000000000000000e+00,0.000000000000000000e+00,0.000000000000000000e+00,0.000000000000000000e+00,0.000000000000000000e+00,5.287351344385107232e-01,0.000000000000000000e+00,0.000000000000000000e+00,0.000000000000000000e+00,0.000000000000000000e+00,0.000000000000000000e+00,0.000000000000000000e+00,-0.000000000000000000e+00,0.000000000000000000e+00
0.000000000000000000e+00,0.000000000000000000e+00,-0.000000000000000000e+00,-0.000000000000000000e+00,-0.000000000000000000e+00,-0.000000000000000000e+00,-0.000000000000000000e+00,-0.000000000000000000e+00,-0.000000000000000000e+00,-0.000000000000000000e+00,-0.000000000000000000e+00,-0.000000000000000000e+00,0.000000000000000000e+00,1.449830710523467570e+00,-0.000000000000000000e+00,-0.000000000000000000e+00,-0.000000000000000000e+00,-0.000000000000000000e+00,-0.000000000000000000e+00,0.000000000000000000e+00,0.000000000000000000e+00,-0.000000000000000000e+00,-0.000000000000000000e+00,-3.294991971346145077e-02,-0.000000000000000000e+00,-0.000000000000000000e+00,-0.000000000000000000e+00,-1.772882345420098704e-01,-0.000000000000000000e+00,-0.000000000000000000e+00,-0.000000000000000000e+00,-0.000000000000000000e+00,-5.997067195349117114e-02,-8.222148477466585670e-02,-4.464982460993174862e-01,0.000000000000000000e+00,-4.567475830412049409e-01,0.000000000000000000e+00,0.000000000000000000e+00
-3.930308803265490647e-02,1.224109870225819491e-01,0.000000000000000000e+00,0.000000000000000000e+00,0.000000000000000000e+00,-0.000000000000000000e+00,5.901238901940334403e-01,-0.000000000000000000e+00,0.000000000000000000e+00,0.000000000000000000e+00,-0.000000000000000000e+00,0.000000000000000000e+00,-0.000000000000000000e+00,-0.000000000000000000e+00,2.178029341454451817e+00,-1.857548906641519615e-01,-0.000000000000000000e+00,-0.000000000000000000e+00,-0.000000000000000000e+00,-3.229969996499258700e-02,-1.089874925255421706e-01,-0.000000000000000000e+00,-0.000000000000000000e+00,-0.000000000000000000e+00,-0.000000000000000000e+00,-0.000000000000000000e+00,1.990518212856912661e-01,-0.000000000000000000e+00,0.000000000000000000e+00,-0.000000000000000000e+00,1.736006217740762025e-01,1.940661547713404267e-01,0.000000000000000000e+00,-2.299367432809777123e-01,-1.174131135726246000e-01,3.134834634946184057e-02,-0.000000000000000000e+00,-1.413212279342763167e-01,3.013412358441073247e-01
-0.000000000000000000e+00,1.342791901327331817e-02,0.000000000000000000e+00,0.000000000000000000e+00,-0.000000000000000000e+00,-0.000000000000000000e+00,0.000000000000000000e+00,0.000000000000000000e+00,-0.000000000000000000e+00,-1.521999841509552032e-01,-0.000000000000000000e+00,0.000000000000000000e+00,-0.000000000000000000e+00,-0.000000000000000000e+00,-1.857548906641519615e-01,1.965221136605171726e+00,-0.000000000000000000e+00,-0.000000000000000000e+00,-0.000000000000000000e+00,-2.132942026679285064e-01,-1.058832536449187262e-01,-0.000000000000000000e+00,-5.070875724400020212e-01,-0.000000000000000000e+00,-1.095464376900605191e-01,-3.185993127614334952e-01,0.000000000000000000e+00,-8.160212085846270391e-02,0.000000000000000000e+00,-2.829935588618132103e-01,0.000000000000000000e+00,0.000000000000000000e+00,0.000000000000000000e+00,-0.000000000000000000e+00,-0.000000000000000000e+00,0.000000000000000000e+00,-0.000000000000000000e+00,-5.161031275406948726e-01,0.000000000000000000e+00
0.000000000000000000e+00,0.000000000000000000e+00,0.000000000000000000e+00,0.000000000000000000e+00,0.000000000000000000e+00,-4.403046584298300203e-01,0.000000000000000000e+00,-0.000000000000000000e+00,1.379922155935629779e-01,-0.000000000000000000e+00,0.000000000000000000e+00,0.000000000000000000e+00,-0.000000000000000000e+00,-0.000000000000000000e+00,-0.000000000000000000e+00,-0.000000000000000000e+00,1.940939624098581007e+00,0.000000000000000000e+00,-0.000000000000000000e+00,-0.000000000000000000e+00,-0.000000000000000000e+00,-0.000000000000000000e+00,-4.092301931659569902e-01,-3.477124619342905620e-01,-9.144599135712658255e-02,-0.000000000000000000e+00,-0.000000000000000000e+00,-0.000000000000000000e+00,3.535438462896471623e-02,0.000000000000000000e+00,0.000000000000000000e+00,0.000000000000000000e+00,-0.000000000000000000e+00,0.000000000000000000e+00,-0.000000000000000000e+00,2.287789825304893665e-01,-1.993244408338255558e-01,0.000000000000000000e+00,0.000000000000000000e+00
-0.000000000000000000e+00,0.000000000000000000e+00,-0.000000000000000000e+00,-2.060224288423579131e-01,-9.590491599036748971e-02,0.000000000000000000e+00,-0.000000000000000000e+00,0.000000000000000000e+00,-6.754381004349799267e-02,-0.000000000000000000e+00,-0.000000000000000000e+00,-0.000000000000000000e+00,0.000000000000000000e+00,-0.000000000000000000e+00,-0.000000000000000000e+00,-0.000000000000000000e+00,0.000000000000000000e+00,1.818032686653080043e+00,-5.731124778860869906e-01,-0.000000000000000000e+00,-0.000000000000000000e+00,-0.000000000000000000e+00,-0.000000000000000000e+00,0.000000000000000000e+00,0.000000000000000000e+00,-0.000000000000000000e+00,0.000000000000000000e+00,-2.094017593536613431e-01,-0.000000000000000000e+00,-4.290712573623014364e-02,-0.000000000000000000e+00,0.000000000000000000e+00,0.000000000000000000e+00,-6.019683038371554940e-01,-0.000000000000000000e+00,-0.000000000000000000e+00,-0.000000000000000000e+00,-0.000000000000000000e+00,0.000000000000000000e+00
-0.000000000000000000e+00,0.000000000000000000e+00,-0.000000000000000000e+00,-2.463001781128208167e-01,-7.659905505157059424e-02,0.000000000000000000e+00,-0.000000000000000000e+00,5.449464457597912037e-02,-1.881055228771608134e-02,-0.000000000000000000e+00,-0.000000000000000000e+00,-0.000000000000000000e+00,0.000000000000000000e+00,-0.000000000000000000e+00,-0.000000000000000000e+00,-0.000000000000000000e+00,-0.000000000000000000e+00,-5.731124778860869906e-01,1.618139995092057415e+00,-7.330898260629496732e-02,-0.000000000000000000e+00,-0.000000000000000000e+00,-0.000000000000000000e+00,0.000000000000000000e+00,-0.000000000000000000e+00,-0.000000000000000000e+00,0.000000000000000000e+00,-4.031058470101045454e-02,-0.000000000000000000e+00,-2.953665513811331023e-01,0.000000000000000000e+00,-0.000000000000000000e+00,-0.000000000000000000e+00,-1.540667384718054367e-01,-0.000000000000000000e+00,0.000000000000000000e+00,-0.000000000000000000e+00,-0.000000000000000000e+00,0.000000000000000000e+00
-1.467697489825786350e-01,0.000000000000000000e+00,-0.000000000000000000e+00,-0.000000000000000000e+00,-0.000000000000000000e+00,-0.000000000000000000e+00,0.000000000000000000e+00,0.000000000000000000e+00,-0.000000000000000000e+00,-5.584788588477104798e-02,0.000000000000000000e+00,0.000000000000000000e+00,-1.007636439183024896e-01,0.000000000000000000e+00,-3.229969996499258700e-02,-2.132942026679285064e-01,-0.000000000000000000e+00,-0.000000000000000000e+00,-7.330898260629496732e-02,1.392969338901583809e+00,-1.469257978499667605e-01,-3.960328844231950085e-01,-0.000000000000000000e+00,-0.000000000000000000e+00,-9.799482146571683594e-02,-0.000000000000000000e+00,0.000000000000000000e+00,-0.000000000000000000e+00,1.093947452967171940e-01,-0.000000000000000000e+00,9.299653809076031952e-02,0.000000000000000000e+00,0.000000000000000000e+00,-0.000000000000000000e+00,0.000000000000000000e+00,0.000000000000000000e+00,0.000000000000000000e+00,-0.000000000000000000e+00,0.000000000000000000e+00
-0.000000000000000000e+00,0.000000000000000000e+00,0.000000000000000000e+00,0.000000000000000000e+00,0.000000000000000000e+00,-0.000000000000000000e+00,0.000000000000000000e+00,-0.000000000000000000e+00,0.000000000000000000e+00,0.000000000000000000e+00,-0.000000000000000000e+00,0.000000000000000000e+00,-5.469133127660777416e-02,0.000000000000000000e+00,-1.089874925255421706e-01,-1.058832536449187262e-01,-0.000000000000000000e+00,-0.000000000000000000e+00,-0.000000000000000000e+00,-1.469257978499667605e-01,1.611209947429117051e+00,-7.080453046062873401e-02,-0.000000000000000000e+00,-0.000000000000000000e+00,-2.462884184144224775e-01,-6.169549762262275389e-02,0.000000000000000000e+00,-0.000000000000000000e+00,0.000000000000000000e+00,-0.000000000000000000e+00,1.648093661914714347e-01,3.580023006694232346e-01,0.000000000000000000e+00,-0.000000000000000000e+00,-0.000000000000000000e+00,9.961959949582827045e-02,0.000000000000000000e+00,-0.000000000000000000e+00,1.257102897634238270e-01
0.000000000000000000e+00,0.000000000000000000e+00,-0.000000000000000000e+00,-0.000000000000000000e+00,0.000000000000000000e+00,-0.000000000000000000e+00,-0.000000000000000000e+00,0.000000000000000000e+00,0.000000000000000000e+00,-1.897321633619306058e-01,0.000000000000000000e+00,-0.000000000000000000e+00,-0.000000000000000000e+00,-0.000000000000000000e+00,-0.000000000000000000e+00,-0.000000000000000000e+00,-0.000000000000000000e+00,-0.000000000000000000e+00,-0.000000000000000000e+00,-3.960328844231950085e-01,-7.080453046062873401e-02,1.382921610487404696e+00,-6.247615439347112970e-02,-0.000000000000000000e+00,-9.043607570466591361e-02,-0.000000000000000000e+00,-8.917697843967019311e-02,-3.089906464658881413e-01,0.000000000000000000e+00,-0.000000000000000000e+00,-0.000000000000000000e+00,0.000000000000000000e+00,-2.355996674003623392e-01,-0.000000000000000000e+00,0.000000000000000000e+00,0.000000000000000000e+00,-0.000000000000000000e+00,0.000000000000000000e+00,0.000000000000000000e+00
0.000000000000000000e+00,0.000000000000000000e+00,0.000000000000000000e+00,0.000000000000000000e+00,0.000000000000000000e+00,-0.000000000000000000e+00,0.000000000000000000e+00,-0.000000000000000000e+00,0.000000000000000000e+00,-0.000000000000000000e+00,0.000000000000000000e+00,0.000000000000000000e+00,-0.000000000000000000e+00,-0.000000000000000000e+00,-0.000000000000000000e+00,-5.070875724400020212e-01,-4.092301931659569902e-01,-0.000000000000000000e+00,-0.000000000000000000e+00,-0.000000000000000000e+00,-0.000000000000000000e+00,-6.247615439347112970e-02,2.020172346855464429e+00,-3.599071523566769737e-01,-4.233169220549416467e-01,-9.624911965004298575e-03,-0.000000000000000000e+00,-9.110883653383121394e-02,0.000000000000000000e+00,-0.000000000000000000e+00,0.000000000000000000e+00,0.000000000000000000e+00,-0.000000000000000000e+00,-0.000000000000000000e+00,-6.655470149140024771e-02,1.051112974071858330e-01,-8.141287194281549011e-02,-0.000000000000000000e+00,0.000000000000000000e+00
-0.000000000000000000e+00,0.000000000000000000e+00,0.000000000000000000e+00,0.000000000000000000e+00,5.470600354787894318e-03,-4.384262186161115293e-01,0.000000000000000000e+00,-1.283940761942167774e-01,0.000000000000000000e+00,0.000000000000000000e+00,0.000000000000000000e+00,0.000000000000000000e+00,-0.000000000000000000e+00,-3.294991971346145077e-02,-0.000000000000000000e+00,-0.000000000000000000e+00,-3.477124619342905620e-01,0.000000000000000000e+00,0.000000000000000000e+00,-0.000000000000000000e+00,-0.000000000000000000e+00,-0.000000000000000000e+00,-3.599071523566769737e-01,2.338361270194714070e+00,-2.140914887735527738e-01,-0.000000000000000000e+00,0.000000000000000000e+00,-0.000000000000000000e+00,0.000000000000000000e+00,0.000000000000000000e+00,0.000000000000000000e+00,0.000000000000000000e+00,-0.000000000000000000e+00,0.000000000000000000e+00,-5.664018593764865717e-01,1.225571147389669102e-01,-1.156556203241800029e-01,0.000000000000000000e+00,1.704254826174441684e-01
-0.000000000000000000e+00,8.328744654767468447e-02,0.000000000000000000e+00,0.000000000000000000e+00,1.257795017625947323e-02,-1.246185049748191505e-02,0.000000000000000000e+00,-0.000000000000000000e+00,0.000000000000000000e+00,-0.000000000000000000e+00,0.000000000000000000e+00,0.000000000000000000e+00,-0.000000000000000000e+00,-0.000000000000000000e+00,-0.000000000000000000e+00,-1.095464376900605191e-01,-9.144599135712658255e-02,0.000000000000000000e+00,-0.000000000000000000e+00,-9.799482146571683594e-02,-2.462884184144224775e-01,-9.043607570466591361e-02,-4.233169220549416467e-01,-2.140914887735527738e-01,1.729630198936442209e+00,-0.000000000000000000e+00,0.000000000000000000e+00,-0.000000000000000000e+00,1.059683701061672756e-01,-0.000000000000000000e+00,0.000000000000000000e+00,5.062845152787814190e-02,-0.000000000000000000e+00,-0.000000000000000000e+00,-0.000000000000000000e+00,2.032986654037683971e-01,-0.000000000000000000e+00,-0.000000000000000000e+00,0.000000000000000000e+00
-0.000000000000000000e+00,0.000000000000000000e+00,-0.000000000000000000e+00,-0.000000000000000000e+00,-0.000000000000000000e+00,-0.000000000000000000e+00,-0.000000000000000000e+00,0.000000000000000000e+00,0.000000000000000000e+00,-0.000000000000000000e+00,-0.000000000000000000e+00,0.000000000000000000e+00,-0.000000000000000000e+00,-0.000000000000000000e+00,-0.000000000000000000e+00,-3.185993127614334952e-01,-0.000000000000000000e+00,-0.000000000000000000e+00,-0.000000000000000000e+00,-0.000000000000000000e+00,-6.169549762262275389e-02,-0.000000000000000000e+00,-9.624911965004298575e-03,-0.000000000000000000e+00,-0.000000000000000000e+00,1.430897708708807725e+00,-0.000000000000000000e+00,-4.142418783276752281e-01,-3.057408032104332318e-01,-2.201761953822381490e-01,0.000000000000000000e+00,0.000000000000000000e+00,-0.000000000000000000e+00,0.000000000000000000e+00,-0.000000000000000000e+00,0.000000000000000000e+00,-0.000000000000000000e+00,-0.000000000000000000e+00,0.000000000000000000e+00
3.601373616557068114e-01,-0.000000000000000000e+00,-1.496430559335996391e-01,-0.000000000000000000e+00,-0.000000000000000000e+00,0.000000000000000000e+00,-3.014096861275736283e-01,0.000000000000000000e+00,0.000000000000000000e+00,-5.042902153301716088e-03,0.000000000000000000e+00,-2.663100460433149297e-01,0.000000000000000000e+00,-0.000000000000000000e+00,1.990518212856912661e-01,0.000000000000000000e+00,-0.000000000000000000e+00,0.000000000000000000e+00,0.000000000000000000e+00,0.000000000000000000e+00,0.000000000000000000e+00,-8.917697843967019311e-02,-0.000000000000000000e+00,0.000000000000000000e+00,0.000000000000000000e+00,-0.000000000000000000e+00,2.382677191298982144e+00,-0.000000000000000000e+00,-0.000000000000000000e+00,-0.000000000000000000e+00,-6.794559666609857607e-02,-3.018893869592256807e-01,-7.008034605885825608e-01,0.000000000000000000e+00,0.000000000000000000e+00,-0.000000000000000000e+00,-0.000000000000000000e+00,9.632747695849173952e-02,-4.632419301323345562e-02
-0.000000000000000000e+00,0.000000000000000000e+00,-0.000000000000000000e+00,-1.019655352121593694e-01,-0.000000000000000000e+00,-0.000000000000000000e+00,-0.000000000000000000e+00,0.000000000000000000e+00,-0.000000000000000000e+00,-9.802178027959173104e-03,0.000000000000000000e+00,-0.000000000000000000e+00,0.000000000000000000e+00,-1.772882345420098704e-01,-0.000000000000000000e+00,-8.160212085846270391e-02,-0.000000000000000000e+00,-2.094017593536613431e-01,-4.031058470101045454e-02,-0.000000000000000000e+00,-0.000000000000000000e+00,-3.089906464658881413e-01,-9.110883653383121394e-02,-0.000000000000000000e+00,-0.000000000000000000e+00,-4.142418783276752281e-01,-0.000000000000000000e+00,1.468285030659824075e+00,-0.000000000000000000e+00,-0.000000000000000000e+00,-0.000000000000000000e+00,0.000000000000000000e+00,-1.909933335783777497e-01,-0.000000000000000000e+00,-0.000000000000000000e+00,0.000000000000000000e+00,-0.000000000000000000e+00,-0.000000000000000000e+00,0.000000000000000000e+00
0.000000000000000000e+00,-0.000000000000000000e+00,-0.000000000000000000e+00,-0.000000000000000000e+00,-0.000000000000000000e+00,0.000000000000000000e+00,-2.265096144300582023e-02,0.000000000000000000e+00,-3.912430904419129940e-02,0.000000000000000000e+00,-0.000000000000000000e+00,0.000000000000000000e+00,0.000000000000000000e+00,-0.000000000000000000e+00,0.000000000000000000e+00,0.000000000000000000e+00,3.535438462896471623e-02,-0.000000000000000000e+00,-0.000000000000000000e+00,1.093947452967171940e-01,0.000000000000000000e+00,0.000000000000000000e+00,0.000000000000000000e+00,0.000000000000000000e+00,1.059683701061672756e-01,-3.057408032104332318e-01,-0.000000000000000000e+00,-0.000000000000000000e+00,1.112787827246210393e+00,-0.000000000000000000e+00,-1.667577294720158296e-02,-0.000000000000000000e+00,-0.000000000000000000e+00,0.000000000000000000e+00,0.000000000000000000e+00,-0.000000000000000000e+00,6.649670570035045095e-03,0.000000000000000000e+00,-0.000000000000000000e+00
-0.000000000000000000e+00,-0.000000000000000000e+00,-0.000000000000000000e+00,-0.000000000000000000e+00,-0.000000000000000000e+00,0.000000000000000000e+00,-0.000000000000000000e+00,2.031288944226254320e-02,-1.298658757573445399e-01,-2.663298970687855705e-01,-0.000000000000000000e+00,-0.000000000000000000e+00,0.000000000000000000e+00,-0.000000000000000000e+00,-0.000000000000000000e+00,-2.829935588618132103e-01,0.000000000000000000e+00,-4.290712573623014364e-02,-2.953665513811331023e-01,-0.000000000000000000e+00,-0.000000000000000000e+00,-0.000000000000000000e+00,-0.000000000000000000e+00,0.000000000000000000e+00,-0.000000000000000000e+00,-2.201761953822381490e-01,-0.000000000000000000e+00,-0.000000000000000000e+00,-0.000000000000000000e+00,1.380262838216411936e+00,-0.000000000000000000e+00,0.000000000000000000e+00,-0.000000000000000000e+00,-0.000000000000000000e+00,0.000000000000000000e+00,-0.000000000000000000e+00,-0.000000000000000000e+00,-1.307565807253160441e-02,-0.000000000000000000e+00
2.733372309895008012e-01,-0.000000000000000000e+00,-4.074789288498230078e-01,-0.000000000000000000e+00,-0.000000000000000000e+00,0.000000000000000000e+00,-2.335373457886427140e-01,0.000000000000000000e+00,-0.000000000000000000e+00,-0.000000000000000000e+00,0.000000000000000000e+00,-1.156208282705699780e-01,5.287351344385107232e-01,-0.000000000000000000e+00,1.736006217740762025e-01,0.000000000000000000e+00,0.000000000000000000e+00,-0.000000000000000000e+00,0.000000000000000000e+00,9.299653809076031952e-02,1.648093661914714347e-01,-0.000000000000000000e+00,0.000000000000000000e+00,0.000000000000000000e+00,0.000000000000000000e+00,0.000000000000000000e+00,-6.794559666609857607e-02,-0.000000000000000000e+00,-1.667577294720158296e-02,-0.000000000000000000e+00,2.415570534143177905e+00,-1.530098414092304071e-01,-4.397809898843949572e-01,-0.000000000000000000e+00,0.000000000000000000e+00,-0.000000000000000000e+00,-0.000000000000000000e+00,0.000000000000000000e+00,-1.364770515354098435e-01
7.371689126519020974e-02,-3.984718977353789438e-01,-6.930683579519673898e-02,-3.227877324809255016e-02,-0.000000000000000000e+00,0.000000000000000000e+00,-9.008180855852500335e-02,0.000000000000000000e+00,-0.000000000000000000e+00,-0.000000000000000000e+00,-0.000000000000000000e+00,-2.327860033523949101e-01,0.000000000000000000e+00,-0.000000000000000000e+00,1.940661547713404267e-01,0.000000000000000000e+00,0.000000000000000000e+00,0.000000000000000000e+00,-0.000000000000000000e+00,0.000000000000000000e+00,3.580023006694232346e-01,0.000000000000000000e+00,0.000000000000000000e+00,0.000000000000000000e+00,5.062845152787814190e-02,0.000000000000000000e+00,-3.018893869592256807e-01,0.000000000000000000e+00,-0.000000000000000000e+00,0.000000000000000000e+00,-1.530098414092304071e-01,2.157815998104231525e+00,-0.000000000000000000e+00,0.000000000000000000e+00,0.000000000000000000e+00,-0.000000000000000000e+00,-0.000000000000000000e+00,9.060515852345686627e-02,-1.930668310670468346e-01
2.235358804117562603e-01,-0.000000000000000000e+00,-0.000000000000000000e+00,-0.000000000000000000e+00,0.000000000000000000e+00,0.000000000000000000e+00,-1.383975044059825854e-01,0.000000000000000000e+00,0.000000000000000000e+00,-0.000000000000000000e+00,0.000000000000000000e+00,-7.381151889543115241e-03,0.000000000000000000e+00,-5.997067195349117114e-02,0.000000000000000000e+00,0.000000000000000000e+00,-0.000000000000000000e+00,0.000000000000000000e+00,-0.000000000000000000e+00,0.000000000000000000e+00,0.000000000000000000e+00,-2.355996674003623392e-01,-0.000000000000000000e+00,-0.000000000000000000e+00,-0.000000000000000000e+00,-0.000000000000000000e+00,-7.008034605885825608e-01,-1.909933335783777497e-01,-0.000000000000000000e+00,-0.000000000000000000e+00,-4.397809898843949572e-01,-0.000000000000000000e+00,1.938293207979140398e+00,0.000000000000000000e+00,-0.000000000000000000e+00,-0.000000000000000000e+00,-4.757707493872493504e-02,5.212491260992668796e-02,-0.000000000000000000e+00
-0.000000000000000000e+00,0.000000000000000000e+00,-0.000000000000000000e+00,-0.000000000000000000e+00,-5.025905016775972234e-02,0.000000000000000000e+00,0.000000000000000000e+00,0.000000000000000000e+00,-2.955684723574108497e-01,-0.000000000000000000e+00,-0.000000000000000000e+00,-0.000000000000000000e+00,0.000000000000000000e+00,-8.222148477466585670e-02,-2.299367432809777123e-01,-0.000000000000000000e+00,0.000000000000000000e+00,-6.019683038371554940e-01,-1.540667384718054367e-01,-0.000000000000000000e+00,-0.000000000000000000e+00,-0.000000000000000000e+00,-0.000000000000000000e+00,0.000000000000000000e+00,-0.000000000000000000e+00,0.000000000000000000e+00,0.000000000000000000e+00,-0.000000000000000000e+00,0.000000000000000000e+00,-0.000000000000000000e+00,-0.000000000000000000e+00,0.000000000000000000e+00,0.000000000000000000e+00,1.527543093792108397e+00,-0.000000000000000000e+00,-0.000000000000000000e+00,-0.000000000000000000e+00,-1.220985599956988243e-01,-0.000000000000000000e+00
-0.000000000000000000e+00,1.326451378686500648e-01,0.000000000000000000e+00,0.000000000000000000e+00,0.000000000000000000e+00,-0.000000000000000000e+00,0.000000000000000000e+00,-5.701941908942548265e-02,0.000000000000000000e+00,0.000000000000000000e+00,0.000000000000000000e+00,0.000000000000000000e+00,0.000000000000000000e+00,-4.464982460993174862e-01,-1.174131135726246000e-01,-0.000000000000000000e+00,-0.000000000000000000e+00,-0.000000000000000000e+00,-0.000000000000000000e+00,0.000000000000000000e+00,-0.000000000000000000e+00,0.000000000000000000e+00,-6.655470149140024771e-02,-5.664018593764865717e-01,-0.000000000000000000e+00,-0.000000000000000000e+00,0.000000000000000000e+00,-0.000000000000000000e+00,0.000000000000000000e+00,0.000000000000000000e+00,0.000000000000000000e+00,0.000000000000000000e+00,-0.000000000000000000e+00,-0.000000000000000000e+00,1.871290125616515088e+00,2.459077647905963115e-01,-1.261217698394166142e-01,-0.000000000000000000e+00,7.385743944786186954e-02
0.000000000000000000e+00,-4.836570894180539093e-01,-2.303606188207227845e-01,-0.000000000000000000e+00,-8.964461358781429523e-02,2.946712272851249592e-01,-1.264080944877253032e-01,1.189366527767223569e-01,-2.058368221107679530e-01,-0.000000000000000000e+00,-0.000000000000000000e+00,-1.906304800758836793e-01,0.000000000000000000e+00,0.000000000000000000e+00,3.134834634946184057e-02,0.000000000000000000e+00,2.287789825304893665e-01,-0.000000000000000000e+00,0.000000000000000000e+00,0.000000000000000000e+00,9.961959949582827045e-02,0.000000000000000000e+00,1.051112974071858330e-01,1.225571147389669102e-01,2.032986654037683971e-01,0.000000000000000000e+00,-0.000000000000000000e+00,0.000000000000000000e+00,-0.000000000000000000e+00,-0.000000000000000000e+00,-0.000000000000000000e+00,-0.000000000000000000e+00,-0.000000000000000000e+00,-0.000000000000000000e+00,2.459077647905963115e-01,2.598648903911617403e+00,0.000000000000000000e+00,0.000000000000000000e+00,-2.255675702865098664e-01
0.000000000000000000e+00,-0.000000000000000000e+00,-0.000000000000000000e+00,-0.000000000000000000e+00,0.000000000000000000e+00,-0.000000000000000000e+00,-0.000000000000000000e+00,-0.000000000000000000e+00,-0.000000000000000000e+00,-0.000000000000000000e+00,0.000000000000000000e+00,-0.000000000000000000e+00,0.000000000000000000e+00,-4.567475830412049409e-01,-0.000000000000000000e+00,-0.000000000000000000e+00,-1.993244408338255558e-01,-0.000000000000000000e+00,-0.000000000000000000e+00,0.000000000000000000e+00,0.000000000000000000e+00,-0.000000000000000000e+00,-8.141287194281549011e-02,-1.156556203241800029e-01,-0.000000000000000000e+00,-0.000000000000000000e+00,-0.000000000000000000e+00,-0.000000000000000000e+00,6.649670570035045095e-03,-0.000000000000000000e+00,-0.000000000000000000e+00,-0.000000000000000000e+00,-4.757707493872493504e-02,-0.000000000000000000e+00,-1.261217698394166142e-01,0.000000000000000000e+00,1.378321558696762539e+00,0.000000000000000000e+00,-0.000000000000000000e+00
-8.910715873206677407e-02,0.000000000000000000e+00,0.000000000000000000e+00,0.000000000000000000e+00,-0.000000000000000000e+00,-0.000000000000000000e+00,1.692359620695804145e-01,0.000000000000000000e+00,-0.000000000000000000e+00,-0.000000000000000000e+00,-0.000000000000000000e+00,0.000000000000000000e+00,-0.000000000000000000e+00,0.000000000000000000e+00,-1.413212279342763167e-01,-5.161031275406948726e-01,0.000000000000000000e+00,-0.000000000000000000e+00,-0.000000000000000000e+00,-0.000000000000000000e+00,-0.000000000000000000e+00,0.000000000000000000e+00,-0.000000000000000000e+00,0.000000000000000000e+00,-0.000000000000000000e+00,-0.000000000000000000e+00,9.632747695849173952e-02,-0.000000000000000000e+00,0.000000000000000000e+00,-1.307565807253160441e-02,0.000000000000000000e+00,9.060515852345686627e-02,5.212491260992668796e-02,-1.220985599956988243e-01,-0.000000000000000000e+00,0.000000000000000000e+00,0.000000000000000000e+00,1.493440242661209005e+00,0.000000000000000000e+00
0.000000000000000000e+00,-2.352400924646124714e-01,-1.237596876924942357e-01,-0.000000000000000000e+00,-0.000000000000000000e+00,1.185883739580746998e-01,-3.511549575877530305e-02,5.130886002059015238e-02,-0.000000000000000000e+00,-1.841236367190816625e-01,-0.000000000000000000e+00,-3.946690865243978608e-01,0.000000000000000000e+00,0.000000000000000000e+00,3.013412358441073247e-01,0.000000000000000000e+00,0.000000000000000000e+00,0.000000000000000000e+00,0.000000000000000000e+00,0.000000000000000000e+00,1.257102897634238270e-01,0.000000000000000000e+00,0.000000000000000000e+00,1.704254826174441684e-01,0.000000000000000000e+00,0.000000000000000000e+00,-4.632419301323345562e-02,0.000000000000000000e+00,-0.000000000000000000e+00,-0.000000000000000000e+00,-1.364770515354098435e-01,-1.930668310670468346e-01,-0.000000000000000000e+00,-0.000000000000000000e+00,7.385743944786186954e-02,-2.255675702865098664e-01,-0.000000000000000000e+00,0.000000000000000000e+00,2.242298082173959983e+00
