1.817428899540737497e+00,0.000000000000000000e+00,-0.000000000000000000e+00,-0.000000000000000000e+00,-0.000000000000000000e+00,-0.000000000000000000e+00,0.000000000000000000e+00,2.723645317044263714e-01,-9.479555146175209709e-03,-0.000000000000000000e+00,0.000000000000000000e+00,0.000000000000000000e+00,-0.000000000000000000e+00,-9.015161016297916496e-02,-0.000000000000000000e+00,-0.000000000000000000e+00,-0.000000000000000000e+00,-0.000000000000000000e+00,0.000000000000000000e+00,0.000000000000000000e+00,-0.000000000000000000e+00,0.000000000000000000e+00,-0.000000000000000000e+00,-0.000000000000000000e+00,-0.000000000000000000e+00,-1.982414306152595340e-01,0.000000000000000000e+00,-8.672932141358667690e-02,-2.859976768375499523e-01,-3.297033486025769400e-01,2.838236038510739134e-01,0.000000000000000000e+00,-0.000000000000000000e+00,-0.000000000000000000e+00,-0.000000000000000000e+00,-0.000000000000000000e+00,0.000000000000000000e+00,-2.171570523521568763e-01,0.000000000000000000e+00
0.000000000000000000e+00,2.424282621243273539e+00,-0.000000000000000000e+00,0.000000000000000000e+00,-0.000000000000000000e+00,1.884795307078816762e-01,-0.000000000000000000e+00,-0.000000000000000000e+00,-2.969469881943678224e-01,-0.000000000000000000e+00,0.000000000000000000e+00,-2.328178151764304094e-01,-0.000000000000000000e+00,-0.000000000000000000e+00,-2.862388410299420219e-02,-0.000000000000000000e+00,0.000000000000000000e+00,-0.000000000000000000e+00,-1.032539422143264191e-01,0.000000000000000000e+00,9.140988165043641145e-02,-0.000000000000000000e+00,-6.681006224636511226e-02,-0.000000000000000000e+00,0.000000000000000000e+00,0.000000000000000000e+00,-3.340722132472291606e-02,3.652386608985093153e-01,0.000000000000000000e+00,0.000000000000000000e+00,-0.000000000000000000e+00,-6.082720066274345250e-01,-0.000000000000000000e+00,-0.000000000000000000e+00,0.000000000000000000e+00,-1.491791850667602629e-02,0.000000000000000000e+00,0.000000000000000000e+00,-5.172750745648085902e-01
-0.000000000000000000e+00,-0.000000000000000000e+00,1.536345075831742957e+00,-1.679569189466091073e-01,-3.735458476913354198e-01,0.000000000000000000e+00,-1.110014392921467447e-01,0.000000000000000000e+00,-0.000000000000000000e+00,-0.000000000000000000e+00,0.000000000000000000e+00,-1.452691056047725540e-02,0.000000000000000000e+00,0.000000000000000000e+00,-0.000000000000000000e+00,0.000000000000000000e+00,0.000000000000000000e+00,-1.497725437330544584e-01,-1.763818072870466588e-02,-8.493689680605227832e-02,-2.237903735982659237e-01,-4.817246711948817151e-01,0.000000000000000000e+00,-0.000000000000000000e+00,0.000000000000000000e+00,-0.000000000000000000e+00,-1.128764156836873228e-01,-0.000000000000000000e+00,0.000000000000000000e+00,0.000000000000000000e+00,-0.000000000000000000e+00,-0.000000000000000000e+00,-7.812338595339920859e-03,-0.000000000000000000e+00,0.000000000000000000e+00,-0.000000000000000000e+00,-0.000000000000000000e+00,-0.000000000000000000e+00,-0.000000000000000000e+00
-0.000000000000000000e+00,0.000000000000000000e+00,-1.679569189466091073e-01,1.620303405111633177e+00,-0.000000000000000000e+00,0.000000000000000000e+00,-1.537995501542717136e-01,-0.000000000000000000e+00,-0.000000000000000000e+00,0.000000000000000000e+00,0.000000000000000000e+00,-0.000000000000000000e+00,0.000000000000000000e+00,0.000000000000000000e+00,-0.000000000000000000e+00,0.000000000000000000e+00,0.000000000000000000e+00,-3.955770436932410372e-01,-4.424599819727673827e-02,-5.726800328276502317e-01,-0.000000000000000000e+00,-0.000000000000000000e+00,0.000000000000000000e+00,0.000000000000000000e+00,0.000000000000000000e+00,0.000000000000000000e+00,0.000000000000000000e+00,0.000000000000000000e+00,-0.000000000000000000e+00,0.000000000000000000e+00,0.000000000000000000e+00,0.000000000000000000e+00,0.000000000000000000e+00,-0.000000000000000000e+00,6.600458000007267123e-02,0.000000000000000000e+00,3.185526713632519380e-02,-0.000000000000000000e+00,-0.000000000000000000e+00
-0.000000000000000000e+00,-0.000000000000000000e+00,-3.735458476913354198e-01,-0.000000000000000000e+00,1.664082167488988961e+00,-0.000000000000000000e+00,0.000000000000000000e+00,5.083118566790928439e-01,-0.000000000000000000e+00,-6.428902104694546316e-02,-0.000000000000000000e+00,0.000000000000000000e+00,-0.000000000000000000e+00,-1.753926864084121851e-01,0.000000000000000000e+00,-0.000000000000000000e+00,-0.000000000000000000e+00,-0.000000000000000000e+00,-0.000000000000000000e+00,0.000000000000000000e+00,-0.000000000000000000e+00,0.000000000000000000e+00,-0.000000000000000000e+00,-0.000000000000000000e+00,-1.033021432892287754e-02,-0.000000000000000000e+00,-0.000000000000000000e+00,-0.000000000000000000e+00,-0.000000000000000000e+00,-0.000000000000000000e+00,0.000000000000000000e+00,-0.000000000000000000e+00,-2.113550069249031105e-01,-4.337349145853530707e-01,-0.000000000000000000e+00,-0.000000000000000000e+00,-0.000000000000000000e+00,-0.000000000000000000e+00,-0.000000000000000000e+00
-0.000000000000000000e+00,1.884795307078816762e-01,0.000000000000000000e+00,0.000000000000000000e+00,-0.000000000000000000e+00,2.178785877695225803e+00,0.000000000000000000e+00,0.000000000000000000e+00,8.874058749420904446e-02,0.000000000000000000e+00,-2.345423647783763943e-01,2.555329437600281639e-01,0.000000000000000000e+00,-0.000000000000000000e+00,0.000000000000000000e+00,0.000000000000000000e+00,-0.000000000000000000e+00,0.000000000000000000e+00,1.725534975611903721e-01,-0.000000000000000000e+00,-1.709158114543148088e-01,0.000000000000000000e+00,3.426628054663419937e-02,-0.000000000000000000e+00,-4.032322343917875695e-01,-0.000000000000000000e+00,0.000000000000000000e+00,-1.092752677375935684e-02,-0.000000000000000000e+00,-0.000000000000000000e+00,-0.000000000000000000e+00,1.199161633076407663e-01,-0.000000000000000000e+00,7.691952844312437143e-02,-1.159430892650198662e-04,0.000000000000000000e+00,-1.524466398303463976e-01,0.000000000000000000e+00,4.630108431001909164e-01
0.000000000000000000e+00,-0.000000000000000000e+00,-1.110014392921467447e-01,-1.537995501542717136e-01,0.000000000000000000e+00,0.000000000000000000e+00,2.037441315293982314e+00,-6.632093411764502199e-03,-0.000000000000000000e+00,-0.000000000000000000e+00,0.000000000000000000e+00,-1.218354458087275993e-01,0.000000000000000000e+00,0.000000000000000000e+00,-0.000000000000000000e+00,0.000000000000000000e+00,0.000000000000000000e+00,-0.000000000000000000e+00,-5.269708472679074385e-01,-1.616865223422929432e-01,-0.000000000000000000e+00,-3.503113841353774349e-01,-0.000000000000000000e+00,0.000000000000000000e+00,3.602204052745901497e-01,1.915951991380794583e-01,-0.000000000000000000e+00,0.000000000000000000e+00,5.579203886853192212e-02,0.000000000000000000e+00,-0.000000000000000000e+00,-0.000000000000000000e+00,0.000000000000000000e+00,-0.000000000000000000e+00,1.715529390891225581e-01,0.000000000000000000e+00,-0.000000000000000000e+00,0.000000000000000000e+00,-6.310058922952312133e-02
2.723645317044263714e-01,-0.000000000000000000e+00,0.000000000000000000e+00,-0.000000000000000000e+00,5.083118566790928439e-01,0.000000000000000000e+00,-6.632093411764502199e-03,2.125433208448973321e+00,0.000000000000000000e+00,0.000000000000000000e+00,-0.000000000000000000e+00,-0.000000000000000000e+00,1.633141848792189210e-01,1.513952692106885212e-01,-0.000000000000000000e+00,0.000000000000000000e+00,0.000000000000000000e+00,0.000000000000000000e+00,-0.000000000000000000e+00,-0.000000000000000000e+00,0.000000000000000000e+00,-0.000000000000000000e+00,0.000000000000000000e+00,7.708541493209034035e-02,1.012690003371878728e-01,4.037234956173737510e-01,-0.000000000000000000e+00,0.000000000000000000e+00,8.860834528704632229e-02,3.141739432733106074e-01,-4.550921347453876914e-02,0.000000000000000000e+00,6.834219062275291579e-02,0.000000000000000000e+00,1.102918202885023492e-02,0.000000000000000000e+00,-0.000000000000000000e+00,1.509755218081627326e-01,-0.000000000000000000e+00
-9.479555146175209709e-03,-2.969469881943678224e-01,-0.000000000000000000e+00,-0.000000000000000000e+00,-0.000000000000000000e+00,8.874058749420904446e-02,-0.000000000000000000e+00,0.000000000000000000e+00,2.016786978462335345e+00,-0.000000000000000000e+00,0.000000000000000000e+00,-0.000000000000000000e+00,-6.953657511333403984e-02,-0.000000000000000000e+00,-3.062694857052132846e-01,-0.000000000000000000e+00,0.000000000000000000e+00,-3.388189205707771712e-01,-4.704864217189219655e-01,-0.000000000000000000e+00,0.000000000000000000e+00,0.000000000000000000e+00,-6.472042151038966129e-02,-0.000000000000000000e+00,0.000000000000000000e+00,-0.000000000000000000e+00,-0.000000000000000000e+00,0.000000000000000000e+00,-0.000000000000000000e+00,-0.000000000000000000e+00,0.000000000000000000e+00,-0.000000000000000000e+00,-0.000000000000000000e+00,-4.217014944433671864e-01,0.000000000000000000e+00,-0.000000000000000000e+00,2.257045032953356178e-01,-1.372849619745780125e-01,-5.647890326823632595e-02
-0.000000000000000000e+00,-0.000000000000000000e+00,-0.000000000000000000e+00,0.000000000000000000e+00,-6.428902104694546316e-02,0.000000000000000000e+00,-0.000000000000000000e+00,0.000000000000000000e+00,-0.000000000000000000e+00,2.043581859699706182e+00,0.000000000000000000e+00,-0.000000000000000000e+00,-0.000000000000000000e+00,-2.041975053672785423e-01,0.000000000000000000e+00,-5.390075705821010255e-01,0.000000000000000000e+00,-0.000000000000000000e+00,-0.000000000000000000e+00,0.000000000000000000e+00,-0.000000000000000000e+00,-0.000000000000000000e+00,-1.159757986771543237e-01,-0.000000000000000000e+00,-0.000000000000000000e+00,-0.000000000000000000e+00,-0.000000000000000000e+00,-0.000000000000000000e+00,-0.000000000000000000e+00,-2.302736425646272067e-01,-0.000000000000000000e+00,-0.000000000000000000e+00,-4.017155407214423879e-01,-1.330967634312704984e-01,-0.000000000000000000e+00,-3.271417461859935649e-01,-0.000000000000000000e+00,-9.861921735132561651e-02,-0.000000000000000000e+00
0.000000000000000000e+00,0.000000000000000000e+00,0.000000000000000000e+00,0.000000000000000000e+00,-0.000000000000000000e+00,-2.345423647783763943e-01,0.000000000000000000e+00,-0.000000000000000000e+00,0.000000000000000000e+00,0.000000000000000000e+00,1.514411879059921029e+00,8.768421946354777730e-02,0.000000000000000000e+00,-0.000000000000000000e+00,0.000000000000000000e+00,1.438528201246097316e-01,-5.925327724629948500e-01,-0.000000000000000000e+00,0.000000000000000000e+00,-0.000000000000000000e+00,-0.000000000000000000e+00,0.000000000000000000e+00,9.302196926419719139e-03,-0.000000000000000000e+00,-0.000000000000000000e+00,0.000000000000000000e+00,-0.000000000000000000e+00,0.000000000000000000e+00,-0.000000000000000000e+00,0.000000000000000000e+00,-0.000000000000000000e+00,0.000000000000000000e+00,0.000000000000000000e+00,9.621559020004112617e-02,0.000000000000000000e+00,4.039378531005970857e-02,-2.596558317227317877e-02,0.000000000000000000e+00,0.000000000000000000e+00
0.000000000000000000e+00,-2.328178151764304094e-01,-1.452691056047725540e-02,-0.000000000000000000e+00,0.000000000000000000e+00,2.555329437600281639e-01,-1.218354458087275993e-01,-0.000000000000000000e+00,-0.000000000000000000e+00,-0.000000000000000000e+00,8.768421946354777730e-02,2.719063283303801093e+00,-0.000000000000000000e+00,0.000000000000000000e+00,-5.584241466721891374e-03,-0.000000000000000000e+00,4.718339877360815948e-01,-0.000000000000000000e+00,-4.467770969254044044e-01,-0.000000000000000000e+00,0.000000000000000000e+00,-0.000000000000000000e+00,-2.066382145702138143e-02,0.000000000000000000e+00,1.291872635692590254e-01,0.000000000000000000e+00,-0.000000000000000000e+00,0.000000000000000000e+00,2.247908816373922203e-01,0.000000000000000000e+00,-0.000000000000000000e+00,-3.899130816204544048e-01,-0.000000000000000000e+00,-0.000000000000000000e+00,0.000000000000000000e+00,-0.000000000000000000e+00,0.000000000000000000e+00,0.000000000000000000e+00,-4.847946155380679079e-01
-0.000000000000000000e+00,-0.000000000000000000e+00,0.000000000000000000e+00,0.000000000000000000e+00,-0.000000000000000000e+00,0.000000000000000000e+00,0.000000000000000000e+00,1.633141848792189210e-01,-6.953657511333403984e-02,-0.000000000000000000e+00,0.000000000000000000e+00,-0.000000000000000000e+00,1.745434003697849734e+00,-4.368510318752948096e-02,-0.000000000000000000e+00,-1.884004129398222926e-01,0.000000000000000000e+00,0.000000000000000000e+00,-0.000000000000000000e+00,1.649301663528562056e-01,6.339177647908468549e-02,3.204803269600498550e-01,-9.025040729483467528e-02,-0.000000000000000000e+00,-0.000000000000000000e+00,-0.000000000000000000e+00,0.000000000000000000e+00,0.000000000000000000e+00,-0.000000000000000000e+00,-0.000000000000000000e+00,5.277086154170043120e-01,-0.000000000000000000e+00,-0.000000000000000000e+00,-0.000000000000000000e+00,-0.000000000000000000e+00,-8.077486003770112388e-02,2.305820177976318497e-02,-5.162082094281235378e-02,-0.000000000000000000e+00
-9.015161016297916496e-02,-0.000000000000000000e+00,0.000000000000000000e+00,0.000000000000000000e+00,-1.753926864084121851e-01,-0.000000000000000000e+00,0.000000000000000000e+00,1.513952692106885212e-01,-0.000000000000000000e+00,-2.041975053672785423e-01,-0.000000000000000000e+00,0.000000000000000000e+00,-4.368510318752948096e-02,2.055448630269368415e+00,-0.000000000000000000e+00,-2.816700158074477711e-01,-0.000000000000000000e+00,-0.000000000000000000e+00,0.000000000000000000e+00,1.125713515350620919e-01,0.000000000000000000e+00,6.064193253754895929e-02,-0.000000000000000000e+00,-5.779934509321896785e-01,-4.602207078713808214e-02,-0.000000000000000000e+00,-0.000000000000000000e+00,-0.000000000000000000e+00,-0.000000000000000000e+00,-3.287519244420238906e-01,0.000000000000000000e+00,-0.000000000000000000e+00,-1.948320551321144900e-02,-8.580619496984921712e-02,-5.553562009120897175e-02,-9.590037106148364965e-02,-0.000000000000000000e+00,-0.000000000000000000e+00,-0.000000000000000000e+00
-0.000000000000000000e+00,-2.862388410299420219e-02,-0.000000000000000000e+00,-0.000000000000000000e+00,0.000000000000000000e+00,0.000000000000000000e+00,-0.000000000000000000e+00,-0.000000000000000000e+00,-3.062694857052132846e-01,0.000000000000000000e+00,0.000000000000000000e+00,-5.584241466721891374e-03,-0.000000000000000000e+00,-0.000000000000000000e+00,1.222687123909010021e+00,-0.000000000000000000e+00,0.000000000000000000e+00,-0.000000000000000000e+00,-1.152920368905525489e-01,-0.000000000000000000e+00,5.551775896654992382e-02,0.000000000000000000e+00,-0.000000000000000000e+00,-0.000000000000000000e+00,0.000000000000000000e+00,0.000000000000000000e+00,0.000000000000000000e+00,1.419373124428203181e-01,0.000000000000000000e+00,0.000000000000000000e+00,1.049655934341375968e-01,-0.000000000000000000e+00,0.000000000000000000e+00,-0.000000000000000000e+00,0.000000000000000000e+00,-0.000000000000000000e+00,2.787873205221676545e-02,-0.000000000000000000e+00,-0.000000000000000000e+00
-0.000000000000000000e+00,-0.000000000000000000e+00,0.000000000000000000e+00,0.000000000000000000e+00,-0.000000000000000000e+00,0.000000000000000000e+00,0.000000000000000000e+00,0.000000000000000000e+00,-0.000000000000000000e+00,-5.390075705821010255e-01,1.438528201246097316e-01,-0.000000000000000000e+00,-1.884004129398222926e-01,-2.816700158074477711e-01,-0.000000000000000000e+00,2.514894417662711490e+00,0.000000000000000000e+00,0.000000000000000000e+00,-0.000000000000000000e+00,2.661981068429591368e-01,0.000000000000000000e+00,0.000000000000000000e+00,-5.980137678351494790e-01,-0.000000000000000000e+00,-0.000000000000000000e+00,-0.000000000000000000e+00,0.000000000000000000e+00,-0.000000000000000000e+00,0.000000000000000000e+00,-2.802961626497114112e-01,0.000000000000000000e+00,-0.000000000000000000e+00,-2.970193582044599115e-02,-4.956433662236601340e-02,-4.681565051679064532e-02,-3.952262969277549609e-01,0.000000000000000000e+00,-1.916311755175471032e-01,-0.000000000000000000e+00
-0.000000000000000000e+00,0.000000000000000000e+00,0.000000000000000000e+00,0.000000000000000000e+00,-0.000000000000000000e+00,-0.000000000000000000e+00,0.000000000000000000e+00,0.000000000000000000e+00,0.000000000000000000e+00,0.000000000000000000e+00,-5.925327724629948500e-01,4.718339877360815948e-01,0.000000000000000000e+00,-0.000000000000000000e+00,0.000000000000000000e+00,0.000000000000000000e+00,2.311802469100296520e+00,-0.000000000000000000e+00,1.782093464089935450e-02,-0.000000000000000000e+00,-0.000000000000000000e+00,0.000000000000000000e+00,3.826059910871903655e-03,-0.000000000000000000e+00,-7.159773117220792626e-02,-0.000000000000000000e+00,0.000000000000000000e+00,-0.000000000000000000e+00,-7.289470205548480575e-01,-0.000000000000000000e+00,0.000000000000000000e+00,1.502174049426487634e-01,0.000000000000000000e+00,0.000000000000000000e+00,-0.000000000000000000e+00,0.000000000000000000e+00,0.000000000000000000e+00,-0.000000000000000000e+00,2.629416152225447778e-01
-0.000000000000000000e+00,-0.000000000000000000e+00,-1.497725437330544584e-01,-3.955770436932410372e-01,-0.000000000000000000e+00,0.000000000000000000e+00,-0.000000000000000000e+00,0.000000000000000000e+00,-3.388189205707771712e-01,-0.000000000000000000e+00,-0.000000000000000000e+00,-0.000000000000000000e+00,0.000000000000000000e+00,-0.000000000000000000e+00,-0.000000000000000000e+00,0.000000000000000000e+00,-0.000000000000000000e+00,1.495457197788980563e+00,-1.753359160775817549e-01,-1.559933652938414739e-01,-0.000000000000000000e+00,-0.000000000000000000e+00,0.000000000000000000e+00,0.000000000000000000e+00,-0.000000000000000000e+00,-0.000000000000000000e+00,-0.000000000000000000e+00,0.000000000000000000e+00,-0.000000000000000000e+00,0.000000000000000000e+00,0.000000000000000000e+00,0.000000000000000000e+00,0.000000000000000000e+00,-0.000000000000000000e+00,1.314824430651077292e-01,0.000000000000000000e+00,0.000000000000000000e+00,-4.663237221007335287e-02,-0.000000000000000000e+00
0.000000000000000000e+00,-1.032539422143264191e-01,-1.763818072870466588e-02,-4.424599819727673827e-02,-0.000000000000000000e+00,1.725534975611903721e-01,-5.269708472679074385e-01,-0.000000000000000000e+00,-4.704864217189219655e-01,-0.000000000000000000e+00,0.000000000000000000e+00,-4.467770969254044044e-01,-0.000000000000000000e+00,0.000000000000000000e+00,-1.152920368905525489e-01,-0.000000000000000000e+00,1.782093464089935450e-02,-1.753359160775817549e-01,2.442063529280118050e+00,-0.000000000000000000e+00,0.000000000000000000e+00,-0.000000000000000000e+00,-0.000000000000000000e+00,0.000000000000000000e+00,8.484859722179577401e-03,0.000000000000000000e+00,-0.000000000000000000e+00,1.531913315034798143e-03,0.000000000000000000e+00,0.000000000000000000e+00,-0.000000000000000000e+00,-0.000000000000000000e+00,0.000000000000000000e+00,-0.000000000000000000e+00,5.104343778820841226e-02,-0.000000000000000000e+00,0.000000000000000000e+00,-0.000000000000000000e+00,-5.099683114729954836e-01
0.000000000000000000e+00,0.000000000000000000e+00,-8.493689680605227832e-02,-5.726800328276502317e-01,0.000000000000000000e+00,-0.000000000000000000e+00,-1.616865223422929432e-01,-0.000000000000000000e+00,-0.000000000000000000e+00,0.000000000000000000e+00,-0.000000000000000000e+00,-0.000000000000000000e+00,1.649301663528562056e-01,1.125713515350620919e-01,-0.000000000000000000e+00,2.661981068429591368e-01,-0.000000000000000000e+00,-1.559933652938414739e-01,-0.000000000000000000e+00,1.867183634673268200e+00,-6.965660795024826121e-05,-1.346806582162737576e-01,1.167483272288209056e-01,0.000000000000000000e+00,0.000000000000000000e+00,0.000000000000000000e+00,-0.000000000000000000e+00,0.000000000000000000e+00,0.000000000000000000e+00,0.000000000000000000e+00,-0.000000000000000000e+00,0.000000000000000000e+00,2.383122542668767926e-02,0.000000000000000000e+00,2.788724133771292024e-01,2.138000936145256770e-02,-0.000000000000000000e+00,0.000000000000000000e+00,0.000000000000000000e+00
-0.000000000000000000e+00,9.140988165043641145e-02,-2.237903735982659237e-01,-0.000000000000000000e+00,-0.000000000000000000e+00,-1.709158114543148088e-01,-0.000000000000000000e+00,0.000000000000000000e+00,0.000000000000000000e+00,-0.000000000000000000e+00,-0.000000000000000000e+00,0.000000000000000000e+00,6.339177647908468549e-02,0.000000000000000000e+00,5.551775896654992382e-02,0.000000000000000000e+00,-0.000000000000000000e+00,-0.000000000000000000e+00,0.000000000000000000e+00,-6.965660795024826121e-05,1.520911296006658420e+00,-2.865377332788544562e-01,2.067693263865293674e-01,0.000000000000000000e+00,-0.000000000000000000e+00,-0.000000000000000000e+00,-0.000000000000000000e+00,-3.446502852477938972e-01,-0.000000000000000000e+00,-0.000000000000000000e+00,-0.000000000000000000e+00,1.155450663911306158e-01,-8.009399586056462073e-02,0.000000000000000000e+00,-0.000000000000000000e+00,0.000000000000000000e+00,-1.523700943789551010e-01,-0.000000000000000000e+00,0.000000000000000000e+00
0.000000000000000000e+00,-0.000000000000000000e+00,-4.817246711948817151e-01,-0.000000000000000000e+00,0.000000000000000000e+00,0.000000000000000000e+00,-3.503113841353774349e-01,-0.000000000000000000e+00,0.000000000000000000e+00,-0.000000000000000000e+00,0.000000000000000000e+00,-0.000000000000000000e+00,3.204803269600498550e-01,6.064193253754895929e-02,0.000000000000000000e+00,0.000000000000000000e+00,0.000000000000000000e+00,-0.000000000000000000e+00,-0.000000000000000000e+00,-1.346806582162737576e-01,-2.865377332788544562e-01,1.910721607907333253e+00,0.000000000000000000e+00,0.000000000000000000e+00,3.439808357177669140e-02,0.000000000000000000e+00,-9.208649687260529737e-02,-0.000000000000000000e+00,1.412418100200429072e-01,0.000000000000000000e+00,-3.548859425242973931e-01,-0.000000000000000000e+00,-0.000000000000000000e+00,0.000000000000000000e+00,0.000000000000000000e+00,0.000000000000000000e+00,-0.000000000000000000e+00,0.000000000000000000e+00,-0.000000000000000000e+00
-0.000000000000000000e+00,-6.681006224636511226e-02,0.000000000000000000e+00,0.000000000000000000e+00,-0.000000000000000000e+00,3.426628054663419937e-02,-0.000000000000000000e+00,0.000000000000000000e+00,-6.472042151038966129e-02,-1.159757986771543237e-01,9.302196926419719139e-03,-2.066382145702138143e-02,-9.025040729483467528e-02,-0.000000000000000000e+00,-0.000000000000000000e+00,-5.980137678351494790e-01,3.826059910871903655e-03,0.000000000000000000e+00,-0.000000000000000000e+00,1.167483272288209056e-01,2.067693263865293674e-01,0.000000000000000000e+00,2.356129866303410036e+00,-0.000000000000000000e+00,0.000000000000000000e+00,-0.000000000000000000e+00,-0.000000000000000000e+00,0.000000000000000000e+00,0.000000000000000000e+00,-0.000000000000000000e+00,0.000000000000000000e+00,-6.639038674623864988e-01,-0.000000000000000000e+00,-2.353366090634431695e-01,-0.000000000000000000e+00,-3.682620754473905911e-01,0.000000000000000000e+00,-0.000000000000000000e+00,-2.122897280594404912e-01
-0.000000000000000000e+00,-0.000000000000000000e+00,-0.000000000000000000e+00,0.000000000000000000e+00,-0.000000000000000000e+00,-0.000000000000000000e+00,0.000000000000000000e+00,7.708541493209034035e-02,-0.000000000000000000e+00,-0.000000000000000000e+00,-0.000000000000000000e+00,0.000000000000000000e+00,-0.000000000000000000e+00,-5.779934509321896785e-01,-0.000000000000000000e+00,-0.000000000000000000e+00,-0.000000000000000000e+00,0.000000000000000000e+00,0.000000000000000000e+00,0.000000000000000000e+00,0.000000000000000000e+00,0.000000000000000000e+00,-0.000000000000000000e+00,1.324455719739488835e+00,-6.257106896546624220e-02,-0.000000000000000000e+00,-0.000000000000000000e+00,-0.000000000000000000e+00,-0.000000000000000000e+00,-0.000000000000000000e+00,0.000000000000000000e+00,-0.000000000000000000e+00,-1.844303231297060239e-02,-0.000000000000000000e+00,-1.752126296275664102e-02,-0.000000000000000000e+00,-0.000000000000000000e+00,-0.000000000000000000e+00,0.000000000000000000e+00
-0.000000000000000000e+00,0.000000000000000000e+00,0.000000000000000000e+00,0.000000000000000000e+00,-1.033021432892287754e-02,-4.032322343917875695e-01,3.602204052745901497e-01,1.012690003371878728e-01,0.000000000000000000e+00,-0.000000000000000000e+00,-0.000000000000000000e+00,1.291872635692590254e-01,-0.000000000000000000e+00,-4.602207078713808214e-02,0.000000000000000000e+00,-0.000000000000000000e+00,-7.159773117220792626e-02,-0.000000000000000000e+00,8.484859722179577401e-03,0.000000000000000000e+00,-0.000000000000000000e+00,3.439808357177669140e-02,0.000000000000000000e+00,-6.257106896546624220e-02,2.000485419472344262e+00,-1.491323888384843074e-02,0.000000000000000000e+00,-3.251979522475650919e-02,-4.775443649113884081e-01,-1.384009758380816968e-01,0.000000000000000000e+00,0.000000000000000000e+00,-0.000000000000000000e+00,-0.000000000000000000e+00,-2.121206614715331340e-01,-0.000000000000000000e+00,-0.000000000000000000e+00,-0.000000000000000000e+00,0.000000000000000000e+00
-1.982414306152595340e-01,0.000000000000000000e+00,-0.000000000000000000e+00,0.000000000000000000e+00,-0.000000000000000000e+00,-0.000000000000000000e+00,1.915951991380794583e-01,4.037234956173737510e-01,-0.000000000000000000e+00,-0.000000000000000000e+00,0.000000000000000000e+00,0.000000000000000000e+00,-0.000000000000000000e+00,-0.000000000000000000e+00,0.000000000000000000e+00,-0.000000000000000000e+00,-0.000000000000000000e+00,-0.000000000000000000e+00,0.000000000000000000e+00,0.000000000000000000e+00,-0.000000000000000000e+00,0.000000000000000000e+00,-0.000000000000000000e+00,-0.000000000000000000e+00,-1.491323888384843074e-02,2.257520493071276668e+00,0.000000000000000000e+00,-5.489728355606918742e-01,-2.869823231313229361e-01,-2.963903159230502071e-01,0.000000000000000000e+00,0.000000000000000000e+00,-5.083107640462668220e-02,-0.000000000000000000e+00,-5.656069574621073320e-02,-0.000000000000000000e+00,0.000000000000000000e+00,-3.808193927073443841e-01,0.000000000000000000e+00
0.000000000000000000e+00,-3.340722132472291606e-02,-1.128764156836873228e-01,0.000000000000000000e+00,-0.000000000000000000e+00,0.000000000000000000e+00,-0.000000000000000000e+00,-0.000000000000000000e+00,-0.000000000000000000e+00,-0.000000000000000000e+00,-0.000000000000000000e+00,-0.000000000000000000e+00,0.000000000000000000e+00,-0.000000000000000000e+00,0.000000000000000000e+00,0.000000000000000000e+00,0.000000000000000000e+00,-0.000000000000000000e+00,-0.000000000000000000e+00,-0.000000000000000000e+00,-0.000000000000000000e+00,-9.208649687260529737e-02,-0.000000000000000000e+00,-0.000000000000000000e+00,0.000000000000000000e+00,0.000000000000000000e+00,1.387051835335656680e+00,0.000000000000000000e+00,1.712910752344796311e-02,0.000000000000000000e+00,-5.137129944508807000e-01,-1.068693755369890114e-01,-9.353476517673343926e-02,-0.000000000000000000e+00,0.000000000000000000e+00,-0.000000000000000000e+00,-2.074074658554377892e-01,0.000000000000000000e+00,-0.000000000000000000e+00
-8.672932141358667690e-02,3.652386608985093153e-01,-0.000000000000000000e+00,0.000000000000000000e+00,-0.000000000000000000e+00,-1.092752677375935684e-02,0.000000000000000000e+00,0.000000000000000000e+00,0.000000000000000000e+00,-0.000000000000000000e+00,0.000000000000000000e+00,0.000000000000000000e+00,0.000000000000000000e+00,-0.000000000000000000e+00,1.419373124428203181e-01,-0.000000000000000000e+00,-0.000000000000000000e+00,0.000000000000000000e+00,1.531913315034798143e-03,0.000000000000000000e+00,-3.446502852477938972e-01,-0.000000000000000000e+00,0.000000000000000000e+00,-0.000000000000000000e+00,-3.251979522475650919e-02,-5.489728355606918742e-01,0.000000000000000000e+00,1.962789407229776462e+00,-0.000000000000000000e+00,-1.783610819657395763e-01,0.000000000000000000e+00,0.000000000000000000e+00,-1.121472026026461843e-01,-0.000000000000000000e+00,-2.959953504591350537e-01,0.000000000000000000e+00,-0.000000000000000000e+00,-0.000000000000000000e+00,1.243560941615638737e-01
-2.859976768375499523e-01,0.000000000000000000e+00,0.000000000000000000e+00,-0.000000000000000000e+00,-0.000000000000000000e+00,-0.000000000000000000e+00,5.579203886853192212e-02,8.860834528704632229e-02,-0.000000000000000000e+00,-0.000000000000000000e+00,-0.000000000000000000e+00,2.247908816373922203e-01,-0.000000000000000000e+00,-0.000000000000000000e+00,0.000000000000000000e+00,0.000000000000000000e+00,-7.289470205548480575e-01,-0.000000000000000000e+00,0.000000000000000000e+00,0.000000000000000000e+00,-0.000000000000000000e+00,1.412418100200429072e-01,0.000000000000000000e+00,-0.000000000000000000e+00,-4.775443649113884081e-01,-2.869823231313229361e-01,1.712910752344796311e-02,-0.000000000000000000e+00,2.255335333354148375e+00,-0.000000000000000000e+00,1.896915000656497832e-02,1.740946753331464383e-02,0.000000000000000000e+00,0.000000000000000000e+00,-0.000000000000000000e+00,0.000000000000000000e+00,0.000000000000000000e+00,-0.000000000000000000e+00,1.027378130677050888e-01
-3.297033486025769400e-01,0.000000000000000000e+00,0.000000000000000000e+00,0.000000000000000000e+00,-0.000000000000000000e+00,-0.000000000000000000e+00,0.000000000000000000e+00,3.141739432733106074e-01,-0.000000000000000000e+00,-2.302736425646272067e-01,0.000000000000000000e+00,0.000000000000000000e+00,-0.000000000000000000e+00,-3.287519244420238906e-01,0.000000000000000000e+00,-2.802961626497114112e-01,-0.000000000000000000e+00,0.000000000000000000e+00,0.000000000000000000e+00,0.000000000000000000e+00,-0.000000000000000000e+00,0.000000000000000000e+00,-0.000000000000000000e+00,-0.000000000000000000e+00,-1.384009758380816968e-01,-2.963903159230502071e-01,0.000000000000000000e+00,-1.783610819657395763e-01,-0.000000000000000000e+00,2.459930980573046266e+00,0.000000000000000000e+00,0.000000000000000000e+00,-0.000000000000000000e+00,-0.000000000000000000e+00,-4.123869655250771982e-01,-0.000000000000000000e+00,0.000000000000000000e+00,-2.694652383121039496e-01,0.000000000000000000e+00
2.838236038510739134e-01,-0.000000000000000000e+00,-0.000000000000000000e+00,0.000000000000000000e+00,0.000000000000000000e+00,-0.000000000000000000e+00,-0.000000000000000000e+00,-4.550921347453876914e-02,0.000000000000000000e+00,-0.000000000000000000e+00,-0.000000000000000000e+00,-0.000000000000000000e+00,5.277086154170043120e-01,0.000000000000000000e+00,1.049655934341375968e-01,0.000000000000000000e+00,0.000000000000000000e+00,0.000000000000000000e+00,-0.000000000000000000e+00,-0.000000000000000000e+00,-0.000000000000000000e+00,-3.548859425242973931e-01,0.000000000000000000e+00,0.000000000000000000e+00,0.000000000000000000e+00,0.000000000000000000e+00,-5.137129944508807000e-01,0.000000000000000000e+00,1.896915000656497832e-02,0.000000000000000000e+00,2.163338402734765964e+00,-0.000000000000000000e+00,-0.000000000000000000e+00,0.000000000000000000e+00,0.000000000000000000e+00,0.000000000000000000e+00,-5.999755573396355901e-01,5.398959748314455936e-02,-0.000000000000000000e+00
0.000000000000000000e+00,-6.082720066274345250e-01,-0.000000000000000000e+00,0.000000000000000000e+00,-0.000000000000000000e+00,1.199161633076407663e-01,-0.000000000000000000e+00,0.000000000000000000e+00,-0.000000000000000000e+00,-0.000000000000000000e+00,0.000000000000000000e+00,-3.899130816204544048e-01,-0.000000000000000000e+00,-0.000000000000000000e+00,-0.000000000000000000e+00,-0.000000000000000000e+00,1.502174049426487634e-01,0.000000000000000000e+00,-0.000000000000000000e+00,0.000000000000000000e+00,1.155450663911306158e-01,-0.000000000000000000e+00,-6.639038674623864988e-01,-0.000000000000000000e+00,0.000000000000000000e+00,0.000000000000000000e+00,-1.068693755369890114e-01,0.000000000000000000e+00,1.740946753331464383e-02,0.000000000000000000e+00,-0.000000000000000000e+00,2.450584983080565049e+00,-0.000000000000000000e+00,-7.252798587379231943e-02,0.000000000000000000e+00,-9.738460341136226384e-02,0.000000000000000000e+00,0.000000000000000000e+00,-3.198796917143063023e-01
-0.000000000000000000e+00,-0.000000000000000000e+00,-7.812338595339920859e-03,0.000000000000000000e+00,-2.113550069249031105e-01,-0.000000000000000000e+00,0.000000000000000000e+00,6.834219062275291579e-02,-0.000000000000000000e+00,-4.017155407214423879e-01,0.000000000000000000e+00,-0.000000000000000000e+00,-0.000000000000000000e+00,-1.948320551321144900e-02,0.000000000000000000e+00,-2.970193582044599115e-02,0.000000000000000000e+00,0.000000000000000000e+00,0.000000000000000000e+00,2.383122542668767926e-02,-8.009399586056462073e-02,-0.000000000000000000e+00,-0.000000000000000000e+00,-1.844303231297060239e-02,-0.000000000000000000e+00,-5.083107640462668220e-02,-9.353476517673343926e-02,-1.121472026026461843e-01,0.000000000000000000e+00,-0.000000000000000000e+00,-0.000000000000000000e+00,-0.000000000000000000e+00,1.488929151896680070e+00,-4.959828868110034011e-02,-2.852846571784103946e-01,-0.000000000000000000e+00,-3.751409358354561296e-02,-0.000000000000000000e+00,-0.000000000000000000e+00
-0.000000000000000000e+00,-0.000000000000000000e+00,-0.000000000000000000e+00,-0.000000000000000000e+00,-4.337349145853530707e-01,7.691952844312437143e-02,-0.000000000000000000e+00,0.000000000000000000e+00,-4.217014944433671864e-01,-1.330967634312704984e-01,9.621559020004112617e-02,-0.000000000000000000e+00,-0.000000000000000000e+00,-8.580619496984921712e-02,-0.000000000000000000e+00,-4.956433662236601340e-02,0.000000000000000000e+00,-0.000000000000000000e+00,-0.000000000000000000e+00,0.000000000000000000e+00,0.000000000000000000e+00,0.000000000000000000e+00,-2.353366090634431695e-01,-0.000000000000000000e+00,-0.000000000000000000e+00,-0.000000000000000000e+00,-0.000000000000000000e+00,-0.000000000000000000e+00,0.000000000000000000e+00,-0.000000000000000000e+00,0.000000000000000000e+00,-7.252798587379231943e-02,-4.959828868110034011e-02,1.658684587916718911e+00,-0.000000000000000000e+00,-0.000000000000000000e+00,0.000000000000000000e+00,-3.544844922510737018e-02,-2.277143582322335366e-02
-0.000000000000000000e+00,0.000000000000000000e+00,0.000000000000000000e+00,6.600458000007267123e-02,-0.000000000000000000e+00,-1.159430892650198662e-04,1.715529390891225581e-01,1.102918202885023492e-02,0.000000000000000000e+00,-0.000000000000000000e+00,0.000000000000000000e+00,0.000000000000000000e+00,-0.000000000000000000e+00,-5.553562009120897175e-02,0.000000000000000000e+00,-4.681565051679064532e-02,-0.000000000000000000e+00,1.314824430651077292e-01,5.104343778820841226e-02,2.788724133771292024e-01,-0.000000000000000000e+00,0.000000000000000000e+00,-0.000000000000000000e+00,-1.752126296275664102e-02,-2.121206614715331340e-01,-5.656069574621073320e-02,0.000000000000000000e+00,-2.959953504591350537e-01,-0.000000000000000000e+00,-4.123869655250771982e-01,0.000000000000000000e+00,0.000000000000000000e+00,-2.852846571784103946e-01,-0.000000000000000000e+00,1.924325517216616710e+00,-0.000000000000000000e+00,-0.000000000000000000e+00,-0.000000000000000000e+00,0.000000000000000000e+00
-0.000000000000000000e+00,-1.491791850667602629e-02,-0.000000000000000000e+00,0.000000000000000000e+00,-0.000000000000000000e+00,0.000000000000000000e+00,0.000000000000000000e+00,0.000000000000000000e+00,-0.000000000000000000e+00,-3.271417461859935649e-01,4.039378531005970857e-02,-0.000000000000000000e+00,-8.077486003770112388e-02,-9.590037106148364965e-02,-0.000000000000000000e+00,-3.952262969277549609e-01,0.000000000000000000e+00,0.000000000000000000e+00,-0.000000000000000000e+00,2.138000936145256770e-02,0.000000000000000000e+00,0.000000000000000000e+00,-3.682620754473905911e-01,-0.000000000000000000e+00,-0.000000000000000000e+00,-0.000000000000000000e+00,-0.000000000000000000e+00,0.000000000000000000e+00,0.000000000000000000e+00,-0.000000000000000000e+00,0.000000000000000000e+00,-9.738460341136226384e-02,-0.000000000000000000e+00,-0.000000000000000000e+00,-0.000000000000000000e+00,1.676601352780957566e+00,-0.000000000000000000e+00,-0.000000000000000000e+00,-0.000000000000000000e+00
0.000000000000000000e+00,0.000000000000000000e+00,-0.000000000000000000e+00,3.185526713632519380e-02,-0.000000000000000000e+00,-1.524466398303463976e-01,-0.000000000000000000e+00,-0.000000000000000000e+00,2.257045032953356178e-01,-0.000000000000000000e+00,-2.596558317227317877e-02,0.000000000000000000e+00,2.305820177976318497e-02,-0.000000000000000000e+00,2.787873205221676545e-02,0.000000000000000000e+00,0.000000000000000000e+00,0.000000000000000000e+00,0.000000000000000000e+00,-0.000000000000000000e+00,-1.523700943789551010e-01,-0.000000000000000000e+00,0.000000000000000000e+00,-0.000000000000000000e+00,-0.000000000000000000e+00,0.000000000000000000e+00,-2.074074658554377892e-01,-0.000000000000000000e+00,0.000000000000000000e+00,0.000000000000000000e+00,-5.999755573396355901e-01,0.000000000000000000e+00,-3.751409358354561296e-02,0.000000000000000000e+00,-0.000000000000000000e+00,-0.000000000000000000e+00,1.555274087348420098e+00,6.652756499856062045e-02,0.000000000000000000e+00
-2.171570523521568763e-01,0.000000000000000000e+00,-0.000000000000000000e+00,-0.000000000000000000e+00,-0.000000000000000000e+00,0.000000000000000000e+00,0.000000000000000000e+00,1.509755218081627326e-01,-1.372849619745780125e-01,-9.861921735132561651e-02,0.000000000000000000e+00,0.000000000000000000e+00,-5.162082094281235378e-02,-0.000000000000000000e+00,-0.000000000000000000e+00,-1.916311755175471032e-01,-0.000000000000000000e+00,-4.663237221007335287e-02,-0.000000000000000000e+00,0.000000000000000000e+00,-0.000000000000000000e+00,0.000000000000000000e+00,-0.000000000000000000e+00,-0.000000000000000000e+00,-0.000000000000000000e+00,-3.808193927073443841e-01,0.000000000000000000e+00,-0.000000000000000000e+00,-0.000000000000000000e+00,-2.694652383121039496e-01,5.398959748314455936e-02,0.000000000000000000e+00,-0.000000000000000000e+00,-3.544844922510737018e-02,-0.000000000000000000e+00,-0.000000000000000000e+00,6.652756499856062045e-02,1.693798819220422747e+00,-0.000000000000000000e+00
0.000000000000000000e+00,-5.172750745648085902e-01,-0.000000000000000000e+00,-0.000000000000000000e+00,-0.000000000000000000e+00,4.630108431001909164e-01,-6.310058922952312133e-02,-0.000000000000000000e+00,-5.647890326823632595e-02,-0.000000000000000000e+00,0.000000000000000000e+00,-4.847946155380679079e-01,-0.000000000000000000e+00,-0.000000000000000000e+00,-0.000000000000000000e+00,-0.000000000000000000e+00,2.629416152225447778e-01,-0.000000000000000000e+00,-5.099683114729954836e-01,0.000000000000000000e+00,0.000000000000000000e+00,-0.000000000000000000e+00,-2.122897280594404912e-01,0.000000000000000000e+00,0.000000000000000000e+00,0.000000000000000000e+00,-0.000000000000000000e+00,1.243560941615638737e-01,1.027378130677050888e-01,0.000000000000000000e+00,-0.000000000000000000e+00,-3.198796917143063023e-01,-0.000000000000000000e+00,-2.277143582322335366e-02,0.000000000000000000e+00,-0.000000000000000000e+00,0.000000000000000000e+00,-0.000000000000000000e+00,2.903286518855697107e+00
