1.713577830728375107e+00,-3.021857197672485063e-01,-0.000000000000000000e+00,0.000000000000000000e+00,-0.000000000000000000e+00,0.000000000000000000e+00,0.000000000000000000e+00,2.890358726144188761e-01,-0.000000000000000000e+00,-0.000000000000000000e+00,0.000000000000000000e+00,-0.000000000000000000e+00,-0.000000000000000000e+00,0.000000000000000000e+00,-0.000000000000000000e+00,-0.000000000000000000e+00,0.000000000000000000e+00,-0.000000000000000000e+00,0.000000000000000000e+00,-0.000000000000000000e+00,4.241006158631346890e-02,-0.000000000000000000e+00,-2.910829440181974537e-01,-2.772783666081481413e-01,-2.773443831634793688e-01,0.000000000000000000e+00,-0.000000000000000000e+00,0.000000000000000000e+00,-4.335313316704293707e-02,0.000000000000000000e+00,0.000000000000000000e+00,0.000000000000000000e+00,-0.000000000000000000e+00,-0.000000000000000000e+00,-0.000000000000000000e+00,0.000000000000000000e+00,-0.000000000000000000e+00,-2.924567426750580013e-01,-0.000000000000000000e+00
-3.021857197672485063e-01,1.804402464083795676e+00,0.000000000000000000e+00,-0.000000000000000000e+00,-0.000000000000000000e+00,-0.000000000000000000e+00,-0.000000000000000000e+00,2.443394194285383181e-01,0.000000000000000000e+00,0.000000000000000000e+00,1.328985352292740008e-01,-0.000000000000000000e+00,0.000000000000000000e+00,0.000000000000000000e+00,0.000000000000000000e+00,0.000000000000000000e+00,4.577965576553563176e-01,-0.000000000000000000e+00,0.000000000000000000e+00,0.000000000000000000e+00,1.049851714859639101e-01,0.000000000000000000e+00,-0.000000000000000000e+00,-0.000000000000000000e+00,-2.245162050851796098e-01,-0.000000000000000000e+00,0.000000000000000000e+00,0.000000000000000000e+00,-0.000000000000000000e+00,0.000000000000000000e+00,0.000000000000000000e+00,2.041604912546227391e-01,2.138222945468195579e-01,0.000000000000000000e+00,1.806958338623074201e-02,3.163979832459650615e-02,0.000000000000000000e+00,-0.000000000000000000e+00,-1.709172556490745620e-01
-0.000000000000000000e+00,0.000000000000000000e+00,2.617870818403196687e+00,0.000000000000000000e+00,-0.000000000000000000e+00,0.000000000000000000e+00,0.000000000000000000e+00,0.000000000000000000e+00,-0.000000000000000000e+00,-6.394938931419422157e-02,-0.000000000000000000e+00,-6.963910212135118738e-02,-4.685853487935887629e-01,0.000000000000000000e+00,-1.237260709881411597e-01,-5.409034890162764397e-02,-0.000000000000000000e+00,0.000000000000000000e+00,0.000000000000000000e+00,-0.000000000000000000e+00,-7.621635473683675832e-02,-5.637501734882509608e-01,-0.000000000000000000e+00,-0.000000000000000000e+00,-0.000000000000000000e+00,0.000000000000000000e+00,-0.000000000000000000e+00,-0.000000000000000000e+00,-0.000000000000000000e+00,0.000000000000000000e+00,-0.000000000000000000e+00,-1.754959047674924943e-01,-9.779935893236684219e-01,-0.000000000000000000e+00,-0.000000000000000000e+00,-0.000000000000000000e+00,-1.962295021596190958e-01,-0.000000000000000000e+00,0.000000000000000000e+00
0.000000000000000000e+00,-0.000000000000000000e+00,0.000000000000000000e+00,1.329659059972089219e+00,0.000000000000000000e+00,-0.000000000000000000e+00,-3.806259167419557832e-01,-0.000000000000000000e+00,3.486938854368392127e-01,0.000000000000000000e+00,-0.000000000000000000e+00,0.000000000000000000e+00,0.000000000000000000e+00,0.000000000000000000e+00,1.622212978741536249e-01,0.000000000000000000e+00,0.000000000000000000e+00,0.000000000000000000e+00,0.000000000000000000e+00,-0.000000000000000000e+00,-0.000000000000000000e+00,0.000000000000000000e+00,0.000000000000000000e+00,0.000000000000000000e+00,0.000000000000000000e+00,0.000000000000000000e+00,9.876836756720531671e-03,-2.865256992402953271e-02,0.000000000000000000e+00,-0.000000000000000000e+00,0.000000000000000000e+00,0.000000000000000000e+00,0.000000000000000000e+00,0.000000000000000000e+00,-0.000000000000000000e+00,0.000000000000000000e+00,0.000000000000000000e+00,3.905473154486670956e-02,8.718396341999997551e-03
-0.000000000000000000e+00,-0.000000000000000000e+00,-0.000000000000000000e+00,0.000000000000000000e+00,2.604337792152430442e+00,0.000000000000000000e+00,-0.000000000000000000e+00,-0.000000000000000000e+00,-8.615767087015703540e-02,-0.000000000000000000e+00,1.147129437627417148e-01,-0.000000000000000000e+00,-0.000000000000000000e+00,-2.603373461222538987e-01,-0.000000000000000000e+00,-2.030991964496574320e-02,-0.000000000000000000e+00,-5.124949267968156169e-02,-3.462824659013918338e-01,0.000000000000000000e+00,0.000000000000000000e+00,-0.000000000000000000e+00,-0.000000000000000000e+00,-0.000000000000000000e+00,-3.573089737022134837e-01,-1.135624982068739186e-01,-7.349714101901890784e-01,0.000000000000000000e+00,-1.001873006277126527e-01,-0.000000000000000000e+00,-0.000000000000000000e+00,-0.000000000000000000e+00,0.000000000000000000e+00,-7.097065184850722686e-01,-0.000000000000000000e+00,-0.000000000000000000e+00,0.000000000000000000e+00,-0.000000000000000000e+00,-0.000000000000000000e+00
0.000000000000000000e+00,-0.000000000000000000e+00,0.000000000000000000e+00,-0.000000000000000000e+00,0.000000000000000000e+00,1.150020259559441316e+00,-1.219319258241415294e-01,-0.000000000000000000e+00,0.000000000000000000e+00,8.364848752955708622e-02,-0.000000000000000000e+00,0.000000000000000000e+00,-0.000000000000000000e+00,4.125236567538803634e-02,0.000000000000000000e+00,0.000000000000000000e+00,0.000000000000000000e+00,0.000000000000000000e+00,0.000000000000000000e+00,-0.000000000000000000e+00,0.000000000000000000e+00,-0.000000000000000000e+00,0.000000000000000000e+00,3.309809099859957193e-01,0.000000000000000000e+00,-0.000000000000000000e+00,-0.000000000000000000e+00,-1.338221958390782840e-01,-3.823320394068193545e-02,-0.000000000000000000e+00,-0.000000000000000000e+00,0.000000000000000000e+00,-0.000000000000000000e+00,0.000000000000000000e+00,-0.000000000000000000e+00,-0.000000000000000000e+00,0.000000000000000000e+00,0.000000000000000000e+00,0.000000000000000000e+00
0.000000000000000000e+00,-0.000000000000000000e+00,0.000000000000000000e+00,-3.806259167419557832e-01,-0.000000000000000000e+00,-1.219319258241415294e-01,1.178992286800149669e+00,-0.000000000000000000e+00,0.000000000000000000e+00,0.000000000000000000e+00,0.000000000000000000e+00,0.000000000000000000e+00,-0.000000000000000000e+00,-0.000000000000000000e+00,-0.000000000000000000e+00,-0.000000000000000000e+00,0.000000000000000000e+00,1.122290925205594453e-01,-0.000000000000000000e+00,-0.000000000000000000e+00,-0.000000000000000000e+00,0.000000000000000000e+00,0.000000000000000000e+00,0.000000000000000000e+00,-0.000000000000000000e+00,-0.000000000000000000e+00,-0.000000000000000000e+00,-0.000000000000000000e+00,-0.000000000000000000e+00,-4.098521453288130056e-02,-0.000000000000000000e+00,-0.000000000000000000e+00,0.000000000000000000e+00,0.000000000000000000e+00,-0.000000000000000000e+00,-1.332040557437859374e-01,-0.000000000000000000e+00,0.000000000000000000e+00,0.000000000000000000e+00
2.890358726144188761e-01,2.443394194285383181e-01,0.000000000000000000e+00,-0.000000000000000000e+00,-0.000000000000000000e+00,-0.000000000000000000e+00,-0.000000000000000000e+00,1.506250859834212807e+00,-0.000000000000000000e+00,0.000000000000000000e+00,-0.000000000000000000e+00,0.000000000000000000e+00,0.000000000000000000e+00,-0.000000000000000000e+00,-0.000000000000000000e+00,-0.000000000000000000e+00,-6.519852563138692214e-02,-0.000000000000000000e+00,-0.000000000000000000e+00,0.000000000000000000e+00,-0.000000000000000000e+00,0.000000000000000000e+00,0.000000000000000000e+00,1.337309932006644775e-01,7.464704483342519958e-02,-0.000000000000000000e+00,-0.000000000000000000e+00,-1.996657813899362366e-01,0.000000000000000000e+00,-6.710216235642571178e-03,-2.781678587605421749e-01,-1.533415200065227635e-01,-0.000000000000000000e+00,-0.000000000000000000e+00,-0.000000000000000000e+00,-1.608351580032182926e-02,-0.000000000000000000e+00,0.000000000000000000e+00,0.000000000000000000e+00
-0.000000000000000000e+00,0.000000000000000000e+00,-0.000000000000000000e+00,3.486938854368392127e-01,-8.615767087015703540e-02,0.000000000000000000e+00,0.000000000000000000e+00,-0.000000000000000000e+00,2.433085966201052219e+00,-6.551749524967591665e-01,0.000000000000000000e+00,-0.000000000000000000e+00,-0.000000000000000000e+00,-0.000000000000000000e+00,-1.130819938794013352e-01,-3.449850283483311686e-01,-1.438429178903557204e-01,-1.230605305686905127e-01,-0.000000000000000000e+00,0.000000000000000000e+00,-0.000000000000000000e+00,-0.000000000000000000e+00,-4.779885882882672909e-02,-0.000000000000000000e+00,-9.094003353910468102e-02,-1.432291176061097626e-01,-0.000000000000000000e+00,-0.000000000000000000e+00,-0.000000000000000000e+00,-1.127914851698933046e-01,-0.000000000000000000e+00,-0.000000000000000000e+00,-0.000000000000000000e+00,-1.233667418155403317e-01,-0.000000000000000000e+00,-0.000000000000000000e+00,-0.000000000000000000e+00,-2.040672237384338894e-01,-3.147711233278850385e-01
-0.000000000000000000e+00,0.000000000000000000e+00,-6.394938931419422157e-02,0.000000000000000000e+00,-0.000000000000000000e+00,8.364848752955708622e-02,0.000000000000000000e+00,0.000000000000000000e+00,-6.551749524967591665e-01,2.424355009125931382e+00,0.000000000000000000e+00,-1.474583052375796344e-01,-0.000000000000000000e+00,-0.000000000000000000e+00,-2.309970322881274851e-01,-7.223802981797899925e-01,-5.640227113388760621e-02,-0.000000000000000000e+00,-0.000000000000000000e+00,0.000000000000000000e+00,-0.000000000000000000e+00,-0.000000000000000000e+00,-1.851614174383600098e-01,-0.000000000000000000e+00,-0.000000000000000000e+00,-0.000000000000000000e+00,-0.000000000000000000e+00,-0.000000000000000000e+00,-0.000000000000000000e+00,-0.000000000000000000e+00,-0.000000000000000000e+00,-9.096745960120816710e-02,-0.000000000000000000e+00,-0.000000000000000000e+00,-0.000000000000000000e+00,-0.000000000000000000e+00,-4.221984995602645618e-02,-3.025793440774580678e-01,-6.338591605865497025e-02
0.000000000000000000e+00,1.328985352292740008e-01,-0.000000000000000000e+00,-0.000000000000000000e+00,1.147129437627417148e-01,-0.000000000000000000e+00,0.000000000000000000e+00,-0.000000000000000000e+00,0.000000000000000000e+00,0.000000000000000000e+00,1.456396534789757391e+00,0.000000000000000000e+00,-0.000000000000000000e+00,6.558400750455388450e-02,-0.000000000000000000e+00,0.000000000000000000e+00,-6.061152898064129380e-01,0.000000000000000000e+00,0.000000000000000000e+00,-0.000000000000000000e+00,-0.000000000000000000e+00,-0.000000000000000000e+00,0.000000000000000000e+00,0.000000000000000000e+00,6.389080357141077582e-02,1.823882059637777497e-01,3.209794210162124350e-02,-0.000000000000000000e+00,-0.000000000000000000e+00,0.000000000000000000e+00,-0.000000000000000000e+00,-0.000000000000000000e+00,-0.000000000000000000e+00,0.000000000000000000e+00,-0.000000000000000000e+00,0.000000000000000000e+00,-0.000000000000000000e+00,0.000000000000000000e+00,4.470918073474688947e-02
-0.000000000000000000e+00,-0.000000000000000000e+00,-6.963910212135118738e-02,0.000000000000000000e+00,-0.000000000000000000e+00,0.000000000000000000e+00,0.000000000000000000e+00,0.000000000000000000e+00,-0.000000000000000000e+00,-1.474583052375796344e-01,0.000000000000000000e+00,2.225711873752309167e+00,-0.000000000000000000e+00,0.000000000000000000e+00,-7.836468732147925387e-01,-0.000000000000000000e+00,-0.000000000000000000e+00,-4.796757428298438208e-01,0.000000000000000000e+00,-0.000000000000000000e+00,-0.000000000000000000e+00,-1.614102000463524256e-02,-0.000000000000000000e+00,-0.000000000000000000e+00,-0.000000000000000000e+00,0.000000000000000000e+00,0.000000000000000000e+00,-5.866508462380964212e-02,0.000000000000000000e+00,0.000000000000000000e+00,-0.000000000000000000e+00,-0.000000000000000000e+00,-0.000000000000000000e+00,-0.000000000000000000e+00,0.000000000000000000e+00,2.321273480107275688e-01,-0.000000000000000000e+00,-0.000000000000000000e+00,-6.393853870143195728e-01
-0.000000000000000000e+00,0.000000000000000000e+00,-4.685853487935887629e-01,0.000000000000000000e+00,-0.000000000000000000e+00,-0.000000000000000000e+00,-0.000000000000000000e+00,0.000000000000000000e+00,-0.000000000000000000e+00,-0.000000000000000000e+00,-0.000000000000000000e+00,-0.000000000000000000e+00,1.919647621055833753e+00,0.000000000000000000e+00,-0.000000000000000000e+00,-0.000000000000000000e+00,-0.000000000000000000e+00,1.507208926178112834e-02,0.000000000000000000e+00,-1.576337209764392955e-01,-0.000000000000000000e+00,-5.991783119405742486e-01,-0.000000000000000000e+00,-4.108712225965391318e-02,-0.000000000000000000e+00,0.000000000000000000e+00,-0.000000000000000000e+00,-0.000000000000000000e+00,-3.346109766663301482e-02,0.000000000000000000e+00,0.000000000000000000e+00,-9.217888494112182196e-03,-1.810238879780469434e-01,0.000000000000000000e+00,-2.368210540252429497e-01,-7.498249300306124299e-02,-0.000000000000000000e+00,0.000000000000000000e+00,0.000000000000000000e+00
0.000000000000000000e+00,0.000000000000000000e+00,0.000000000000000000e+00,0.000000000000000000e+00,-2.603373461222538987e-01,4.125236567538803634e-02,-0.000000000000000000e+00,-0.000000000000000000e+00,-0.000000000000000000e+00,-0.000000000000000000e+00,6.558400750455388450e-02,0.000000000000000000e+00,0.000000000000000000e+00,1.828852518684290329e+00,0.000000000000000000e+00,-1.952864142277084825e-01,-0.000000000000000000e+00,-0.000000000000000000e+00,-2.750460930973367898e-02,0.000000000000000000e+00,0.000000000000000000e+00,0.000000000000000000e+00,-0.000000000000000000e+00,-5.867767908232100760e-02,-0.000000000000000000e+00,-3.265974240688305219e-01,-4.941946196411353687e-01,0.000000000000000000e+00,-0.000000000000000000e+00,-1.218539083556596098e-01,-0.000000000000000000e+00,-0.000000000000000000e+00,0.000000000000000000e+00,-0.000000000000000000e+00,-0.000000000000000000e+00,-2.143032468950503422e-01,0.000000000000000000e+00,-0.000000000000000000e+00,0.000000000000000000e+00
-0.000000000000000000e+00,0.000000000000000000e+00,-1.237260709881411597e-01,1.622212978741536249e-01,-0.000000000000000000e+00,0.000000000000000000e+00,-0.000000000000000000e+00,-0.000000000000000000e+00,-1.130819938794013352e-01,-2.309970322881274851e-01,-0.000000000000000000e+00,-7.836468732147925387e-01,-0.000000000000000000e+00,0.000000000000000000e+00,2.153250681154475821e+00,-0.000000000000000000e+00,-1.313978977922777847e-02,-0.000000000000000000e+00,0.000000000000000000e+00,-0.000000000000000000e+00,-0.000000000000000000e+00,-5.139335911863201350e-02,-0.000000000000000000e+00,-0.000000000000000000e+00,-0.000000000000000000e+00,0.000000000000000000e+00,-0.000000000000000000e+00,-0.000000000000000000e+00,-0.000000000000000000e+00,0.000000000000000000e+00,-1.052788062651621726e-01,-0.000000000000000000e+00,-1.945480706141627936e-01,-2.098439205839399968e-01,-0.000000000000000000e+00,0.000000000000000000e+00,-0.000000000000000000e+00,-3.641558507229914476e-01,-6.328503267249445743e-03
-0.000000000000000000e+00,0.000000000000000000e+00,-5.409034890162764397e-02,0.000000000000000000e+00,-2.030991964496574320e-02,0.000000000000000000e+00,-0.000000000000000000e+00,-0.000000000000000000e+00,-3.449850283483311686e-01,-7.223802981797899925e-01,0.000000000000000000e+00,-0.000000000000000000e+00,-0.000000000000000000e+00,-1.952864142277084825e-01,-0.000000000000000000e+00,2.211135756556241283e+00,-0.000000000000000000e+00,-0.000000000000000000e+00,-0.000000000000000000e+00,0.000000000000000000e+00,-0.000000000000000000e+00,-0.000000000000000000e+00,-7.318119162638779540e-02,-0.000000000000000000e+00,-0.000000000000000000e+00,-0.000000000000000000e+00,-0.000000000000000000e+00,-0.000000000000000000e+00,-1.554469824941233091e-01,-0.000000000000000000e+00,-0.000000000000000000e+00,-2.565880613714389136e-01,-0.000000000000000000e+00,-3.485194717624715000e-01,-0.000000000000000000e+00,-2.600388580346986722e-01,-0.000000000000000000e+00,-0.000000000000000000e+00,-0.000000000000000000e+00
0.000000000000000000e+00,4.577965576553563176e-01,-0.000000000000000000e+00,0.000000000000000000e+00,-0.000000000000000000e+00,0.000000000000000000e+00,0.000000000000000000e+00,-6.519852563138692214e-02,-1.438429178903557204e-01,-5.640227113388760621e-02,-6.061152898064129380e-01,-0.000000000000000000e+00,-0.000000000000000000e+00,-0.000000000000000000e+00,-1.313978977922777847e-02,-0.000000000000000000e+00,1.889977106630798209e+00,-0.000000000000000000e+00,-0.000000000000000000e+00,0.000000000000000000e+00,-1.333662889963679321e-01,-0.000000000000000000e+00,-0.000000000000000000e+00,0.000000000000000000e+00,0.000000000000000000e+00,-0.000000000000000000e+00,-0.000000000000000000e+00,-6.518082508331871951e-03,-2.330452379606893012e-02,-2.162200014599504130e-02,-4.778517574637543286e-02,-4.733578524743025095e-01,-0.000000000000000000e+00,-0.000000000000000000e+00,-0.000000000000000000e+00,-0.000000000000000000e+00,-4.704628440018954888e-02,-0.000000000000000000e+00,0.000000000000000000e+00
-0.000000000000000000e+00,-0.000000000000000000e+00,0.000000000000000000e+00,0.000000000000000000e+00,-5.124949267968156169e-02,0.000000000000000000e+00,1.122290925205594453e-01,-0.000000000000000000e+00,-1.230605305686905127e-01,-0.000000000000000000e+00,0.000000000000000000e+00,-4.796757428298438208e-01,1.507208926178112834e-02,-0.000000000000000000e+00,-0.000000000000000000e+00,-0.000000000000000000e+00,-0.000000000000000000e+00,1.885374986247560614e+00,-5.234322406989735388e-01,1.038209901764418075e-01,0.000000000000000000e+00,0.000000000000000000e+00,-0.000000000000000000e+00,0.000000000000000000e+00,-0.000000000000000000e+00,-0.000000000000000000e+00,-0.000000000000000000e+00,0.000000000000000000e+00,0.000000000000000000e+00,0.000000000000000000e+00,-0.000000000000000000e+00,0.000000000000000000e+00,0.000000000000000000e+00,-2.094174715423215427e-01,0.000000000000000000e+00,0.000000000000000000e+00,0.000000000000000000e+00,-0.000000000000000000e+00,-2.750118505548745373e-01
0.000000000000000000e+00,0.000000000000000000e+00,0.000000000000000000e+00,0.000000000000000000e+00,-3.462824659013918338e-01,0.000000000000000000e+00,-0.000000000000000000e+00,-0.000000000000000000e+00,-0.000000000000000000e+00,-0.000000000000000000e+00,0.000000000000000000e+00,0.000000000000000000e+00,0.000000000000000000e+00,-2.750460930973367898e-02,0.000000000000000000e+00,-0.000000000000000000e+00,-0.000000000000000000e+00,-5.234322406989735388e-01,1.891154994895007269e+00,1.834520060076675341e-01,0.000000000000000000e+00,0.000000000000000000e+00,-0.000000000000000000e+00,0.000000000000000000e+00,-0.000000000000000000e+00,-2.771873377425467799e-01,-2.778002672545174523e-01,0.000000000000000000e+00,-0.000000000000000000e+00,-0.000000000000000000e+00,-0.000000000000000000e+00,-0.000000000000000000e+00,0.000000000000000000e+00,-1.766762180170180774e-01,-0.000000000000000000e+00,-4.272311806714459113e-03,0.000000000000000000e+00,-0.000000000000000000e+00,0.000000000000000000e+00
-0.000000000000000000e+00,0.000000000000000000e+00,-0.000000000000000000e+00,-0.000000000000000000e+00,0.000000000000000000e+00,-0.000000000000000000e+00,-0.000000000000000000e+00,0.000000000000000000e+00,0.000000000000000000e+00,0.000000000000000000e+00,-0.000000000000000000e+00,-0.000000000000000000e+00,-1.576337209764392955e-01,0.000000000000000000e+00,-0.000000000000000000e+00,0.000000000000000000e+00,0.000000000000000000e+00,1.038209901764418075e-01,1.834520060076675341e-01,1.607128421613464919e+00,-0.000000000000000000e+00,-6.329005328888659410e-01,0.000000000000000000e+00,-0.000000000000000000e+00,0.000000000000000000e+00,2.142659663938608627e-01,0.000000000000000000e+00,-0.000000000000000000e+00,0.000000000000000000e+00,0.000000000000000000e+00,-0.000000000000000000e+00,0.000000000000000000e+00,-1.615274562324069130e-01,0.000000000000000000e+00,-0.000000000000000000e+00,-0.000000000000000000e+00,-0.000000000000000000e+00,0.000000000000000000e+00,1.260760227855133898e-02
4.241006158631346890e-02,1.049851714859639101e-01,-7.621635473683675832e-02,-0.000000000000000000e+00,0.000000000000000000e+00,0.000000000000000000e+00,-0.000000000000000000e+00,-0.000000000000000000e+00,-0.000000000000000000e+00,-0.000000000000000000e+00,-0.000000000000000000e+00,-0.000000000000000000e+00,-0.000000000000000000e+00,0.000000000000000000e+00,-0.000000000000000000e+00,-0.000000000000000000e+00,-1.333662889963679321e-01,0.000000000000000000e+00,0.000000000000000000e+00,-0.000000000000000000e+00,1.346764136086542996e+00,-0.000000000000000000e+00,0.000000000000000000e+00,0.000000000000000000e+00,5.988854520096324741e-02,0.000000000000000000e+00,0.000000000000000000e+00,-2.242061797972113024e-01,0.000000000000000000e+00,-0.000000000000000000e+00,-2.573433194710542798e-02,-2.033620051999668055e-01,-1.615637616698795964e-01,0.000000000000000000e+00,0.000000000000000000e+00,-0.000000000000000000e+00,-0.000000000000000000e+00,0.000000000000000000e+00,0.000000000000000000e+00
-0.000000000000000000e+00,0.000000000000000000e+00,-5.637501734882509608e-01,0.000000000000000000e+00,-0.000000000000000000e+00,-0.000000000000000000e+00,0.000000000000000000e+00,0.000000000000000000e+00,-0.000000000000000000e+00,-0.000000000000000000e+00,-0.000000000000000000e+00,-1.614102000463524256e-02,-5.991783119405742486e-01,0.000000000000000000e+00,-5.139335911863201350e-02,-0.000000000000000000e+00,-0.000000000000000000e+00,0.000000000000000000e+00,0.000000000000000000e+00,-6.329005328888659410e-01,-0.000000000000000000e+00,2.444194674030810255e+00,-0.000000000000000000e+00,-0.000000000000000000e+00,0.000000000000000000e+00,5.228597448719592145e-02,-0.000000000000000000e+00,-0.000000000000000000e+00,-0.000000000000000000e+00,0.000000000000000000e+00,-0.000000000000000000e+00,-0.000000000000000000e+00,-5.204274582822899786e-01,-0.000000000000000000e+00,-3.790142574091201477e-02,-0.000000000000000000e+00,-0.000000000000000000e+00,0.000000000000000000e+00,0.000000000000000000e+00
-2.910829440181974537e-01,-0.000000000000000000e+00,-0.000000000000000000e+00,0.000000000000000000e+00,-0.000000000000000000e+00,0.000000000000000000e+00,0.000000000000000000e+00,0.000000000000000000e+00,-4.779885882882672909e-02,-1.851614174383600098e-01,0.000000000000000000e+00,-0.000000000000000000e+00,-0.000000000000000000e+00,-0.000000000000000000e+00,-0.000000000000000000e+00,-7.318119162638779540e-02,-0.000000000000000000e+00,-0.000000000000000000e+00,-0.000000000000000000e+00,0.000000000000000000e+00,0.000000000000000000e+00,-0.000000000000000000e+00,1.951416314663685370e+00,-0.000000000000000000e+00,-7.427667848287864416e-01,-0.000000000000000000e+00,-0.000000000000000000e+00,0.000000000000000000e+00,-4.432861018075830994e-01,-0.000000000000000000e+00,-0.000000000000000000e+00,-0.000000000000000000e+00,-0.000000000000000000e+00,-0.000000000000000000e+00,-0.000000000000000000e+00,-0.000000000000000000e+00,-0.000000000000000000e+00,-2.327910927379540917e-02,-0.000000000000000000e+00
-2.772783666081481413e-01,-0.000000000000000000e+00,-0.000000000000000000e+00,0.000000000000000000e+00,-0.000000000000000000e+00,3.309809099859957193e-01,0.000000000000000000e+00,1.337309932006644775e-01,-0.000000000000000000e+00,-0.000000000000000000e+00,0.000000000000000000e+00,-0.000000000000000000e+00,-4.108712225965391318e-02,-5.867767908232100760e-02,-0.000000000000000000e+00,-0.000000000000000000e+00,0.000000000000000000e+00,0.000000000000000000e+00,0.000000000000000000e+00,-0.000000000000000000e+00,0.000000000000000000e+00,-0.000000000000000000e+00,-0.000000000000000000e+00,1.275578099138341193e+00,-9.381652746285733258e-02,0.000000000000000000e+00,-0.000000000000000000e+00,1.683378869095925739e-02,-0.000000000000000000e+00,4.567854552797871032e-02,0.000000000000000000e+00,0.000000000000000000e+00,-0.000000000000000000e+00,-0.000000000000000000e+00,-1.385169509067417648e-01,-0.000000000000000000e+00,-5.780686398371223320e-03,-0.000000000000000000e+00,0.000000000000000000e+00
-2.773443831634793688e-01,-2.245162050851796098e-01,-0.000000000000000000e+00,0.000000000000000000e+00,-3.573089737022134837e-01,0.000000000000000000e+00,-0.000000000000000000e+00,7.464704483342519958e-02,-9.094003353910468102e-02,-0.000000000000000000e+00,6.389080357141077582e-02,-0.000000000000000000e+00,-0.000000000000000000e+00,-0.000000000000000000e+00,-0.000000000000000000e+00,-0.000000000000000000e+00,0.000000000000000000e+00,-0.000000000000000000e+00,-0.000000000000000000e+00,0.000000000000000000e+00,5.988854520096324741e-02,0.000000000000000000e+00,-7.427667848287864416e-01,-9.381652746285733258e-02,2.151389097025641739e+00,-0.000000000000000000e+00,-0.000000000000000000e+00,0.000000000000000000e+00,-3.851404913186377565e-01,-0.000000000000000000e+00,0.000000000000000000e+00,0.000000000000000000e+00,0.000000000000000000e+00,-0.000000000000000000e+00,-0.000000000000000000e+00,-0.000000000000000000e+00,-0.000000000000000000e+00,-5.414242128376940688e-02,-0.000000000000000000e+00
0.000000000000000000e+00,-0.000000000000000000e+00,0.000000000000000000e+00,0.000000000000000000e+00,-1.135624982068739186e-01,-0.000000000000000000e+00,-0.000000000000000000e+00,-0.000000000000000000e+00,-1.432291176061097626e-01,-0.000000000000000000e+00,1.823882059637777497e-01,0.000000000000000000e+00,0.000000000000000000e+00,-3.265974240688305219e-01,0.000000000000000000e+00,-0.000000000000000000e+00,-0.000000000000000000e+00,-0.000000000000000000e+00,-2.771873377425467799e-01,2.142659663938608627e-01,0.000000000000000000e+00,5.228597448719592145e-02,-0.000000000000000000e+00,0.000000000000000000e+00,-0.000000000000000000e+00,2.118256500327704739e+00,-4.235403729788701499e-01,0.000000000000000000e+00,-0.000000000000000000e+00,-5.731829368011265302e-01,-0.000000000000000000e+00,-0.000000000000000000e+00,3.130423072397895551e-02,-4.393116366141684020e-02,3.746250268334424399e-02,-0.000000000000000000e+00,2.384821160377177673e-01,-0.000000000000000000e+00,-0.000000000000000000e+00
-0.000000000000000000e+00,0.000000000000000000e+00,-0.000000000000000000e+00,9.876836756720531671e-03,-7.349714101901890784e-01,-0.000000000000000000e+00,-0.000000000000000000e+00,-0.000000000000000000e+00,-0.000000000000000000e+00,-0.000000000000000000e+00,3.209794210162124350e-02,0.000000000000000000e+00,-0.000000000000000000e+00,-4.941946196411353687e-01,-0.000000000000000000e+00,-0.000000000000000000e+00,-0.000000000000000000e+00,-0.000000000000000000e+00,-2.778002672545174523e-01,0.000000000000000000e+00,0.000000000000000000e+00,-0.000000000000000000e+00,-0.000000000000000000e+00,-0.000000000000000000e+00,-0.000000000000000000e+00,-4.235403729788701499e-01,2.211457396430376754e+00,0.000000000000000000e+00,-0.000000000000000000e+00,-2.240044234054723235e-02,-0.000000000000000000e+00,-0.000000000000000000e+00,-0.000000000000000000e+00,-0.000000000000000000e+00,-0.000000000000000000e+00,-1.675544296871875616e-01,0.000000000000000000e+00,-0.000000000000000000e+00,-0.000000000000000000e+00
0.000000000000000000e+00,0.000000000000000000e+00,-0.000000000000000000e+00,-2.865256992402953271e-02,0.000000000000000000e+00,-1.338221958390782840e-01,-0.000000000000000000e+00,-1.996657813899362366e-01,-0.000000000000000000e+00,-0.000000000000000000e+00,-0.000000000000000000e+00,-5.866508462380964212e-02,-0.000000000000000000e+00,0.000000000000000000e+00,-0.000000000000000000e+00,-0.000000000000000000e+00,-6.518082508331871951e-03,0.000000000000000000e+00,0.000000000000000000e+00,-0.000000000000000000e+00,-2.242061797972113024e-01,-0.000000000000000000e+00,0.000000000000000000e+00,1.683378869095925739e-02,0.000000000000000000e+00,0.000000000000000000e+00,0.000000000000000000e+00,1.621106162046918930e+00,-0.000000000000000000e+00,-0.000000000000000000e+00,-4.960092702582486468e-01,-3.843581542886576052e-02,-3.652134998426154744e-01,-0.000000000000000000e+00,-0.000000000000000000e+00,-0.000000000000000000e+00,-0.000000000000000000e+00,-0.000000000000000000e+00,-0.000000000000000000e+00
-4.335313316704293707e-02,-0.000000000000000000e+00,-0.000000000000000000e+00,0.000000000000000000e+00,-1.001873006277126527e-01,-3.823320394068193545e-02,-0.000000000000000000e+00,0.000000000000000000e+00,-0.000000000000000000e+00,-0.000000000000000000e+00,-0.000000000000000000e+00,0.000000000000000000e+00,-3.346109766663301482e-02,-0.000000000000000000e+00,-0.000000000000000000e+00,-1.554469824941233091e-01,-2.330452379606893012e-02,0.000000000000000000e+00,-0.000000000000000000e+00,0.000000000000000000e+00,0.000000000000000000e+00,-0.000000000000000000e+00,-4.432861018075830994e-01,-0.000000000000000000e+00,-3.851404913186377565e-01,-0.000000000000000000e+00,-0.000000000000000000e+00,-0.000000000000000000e+00,1.588367541059818366e+00,-7.811377067849452349e-02,-0.000000000000000000e+00,-5.638975931897978119e-03,-0.000000000000000000e+00,-0.000000000000000000e+00,-8.637503698140397423e-02,-1.217834713974793627e-02,-7.488423894486152810e-02,-3.683986611384810345e-02,-0.000000000000000000e+00
0.000000000000000000e+00,0.000000000000000000e+00,0.000000000000000000e+00,-0.000000000000000000e+00,-0.000000000000000000e+00,-0.000000000000000000e+00,-4.098521453288130056e-02,-6.710216235642571178e-03,-1.127914851698933046e-01,-0.000000000000000000e+00,0.000000000000000000e+00,0.000000000000000000e+00,0.000000000000000000e+00,-1.218539083556596098e-01,0.000000000000000000e+00,-0.000000000000000000e+00,-2.162200014599504130e-02,0.000000000000000000e+00,-0.000000000000000000e+00,0.000000000000000000e+00,-0.000000000000000000e+00,0.000000000000000000e+00,-0.000000000000000000e+00,4.567854552797871032e-02,-0.000000000000000000e+00,-5.731829368011265302e-01,-2.240044234054723235e-02,-0.000000000000000000e+00,-7.811377067849452349e-02,1.555587134428372043e+00,-1.520130757380534214e-01,-1.777872685210006576e-01,0.000000000000000000e+00,-0.000000000000000000e+00,0.000000000000000000e+00,-2.388639980405452001e-01,0.000000000000000000e+00,-0.000000000000000000e+00,-0.000000000000000000e+00
0.000000000000000000e+00,0.000000000000000000e+00,-0.000000000000000000e+00,0.000000000000000000e+00,-0.000000000000000000e+00,-0.000000000000000000e+00,-0.000000000000000000e+00,-2.781678587605421749e-01,-0.000000000000000000e+00,-0.000000000000000000e+00,-0.000000000000000000e+00,-0.000000000000000000e+00,0.000000000000000000e+00,-0.000000000000000000e+00,-1.052788062651621726e-01,-0.000000000000000000e+00,-4.778517574637543286e-02,-0.000000000000000000e+00,-0.000000000000000000e+00,-0.000000000000000000e+00,-2.573433194710542798e-02,-0.000000000000000000e+00,-0.000000000000000000e+00,0.000000000000000000e+00,0.000000000000000000e+00,-0.000000000000000000e+00,-0.000000000000000000e+00,-4.960092702582486468e-01,-0.000000000000000000e+00,-1.520130757380534214e-01,1.583951382609358527e+00,-7.770328960896913384e-02,-2.759412855171285983e-01,-0.000000000000000000e+00,-0.000000000000000000e+00,-0.000000000000000000e+00,-0.000000000000000000e+00,-0.000000000000000000e+00,-0.000000000000000000e+00
0.000000000000000000e+00,2.041604912546227391e-01,-1.754959047674924943e-01,0.000000000000000000e+00,-0.000000000000000000e+00,0.000000000000000000e+00,-0.000000000000000000e+00,-1.533415200065227635e-01,-0.000000000000000000e+00,-9.096745960120816710e-02,-0.000000000000000000e+00,-0.000000000000000000e+00,-9.217888494112182196e-03,-0.000000000000000000e+00,-0.000000000000000000e+00,-2.565880613714389136e-01,-4.733578524743025095e-01,0.000000000000000000e+00,-0.000000000000000000e+00,0.000000000000000000e+00,-2.033620051999668055e-01,-0.000000000000000000e+00,-0.000000000000000000e+00,0.000000000000000000e+00,0.000000000000000000e+00,-0.000000000000000000e+00,-0.000000000000000000e+00,-3.843581542886576052e-02,-5.638975931897978119e-03,-1.777872685210006576e-01,-7.770328960896913384e-02,2.039022447383420200e+00,-1.035209070938748060e-01,-0.000000000000000000e+00,-1.496360180059403411e-01,-2.530394080397966317e-01,-2.627593727353048081e-01,0.000000000000000000e+00,0.000000000000000000e+00
-0.000000000000000000e+00,2.138222945468195579e-01,-9.779935893236684219e-01,0.000000000000000000e+00,0.000000000000000000e+00,-0.000000000000000000e+00,0.000000000000000000e+00,-0.000000000000000000e+00,-0.000000000000000000e+00,-0.000000000000000000e+00,-0.000000000000000000e+00,-0.000000000000000000e+00,-1.810238879780469434e-01,0.000000000000000000e+00,-1.945480706141627936e-01,-0.000000000000000000e+00,-0.000000000000000000e+00,0.000000000000000000e+00,0.000000000000000000e+00,-1.615274562324069130e-01,-1.615637616698795964e-01,-5.204274582822899786e-01,-0.000000000000000000e+00,-0.000000000000000000e+00,0.000000000000000000e+00,3.130423072397895551e-02,-0.000000000000000000e+00,-3.652134998426154744e-01,-0.000000000000000000e+00,0.000000000000000000e+00,-2.759412855171285983e-01,-1.035209070938748060e-01,2.896567862806802562e+00,0.000000000000000000e+00,-2.450067972283166001e-02,-0.000000000000000000e+00,-3.022931639751378907e-01,0.000000000000000000e+00,0.000000000000000000e+00
-0.000000000000000000e+00,0.000000000000000000e+00,-0.000000000000000000e+00,0.000000000000000000e+00,-7.097065184850722686e-01,0.000000000000000000e+00,0.000000000000000000e+00,-0.000000000000000000e+00,-1.233667418155403317e-01,-0.000000000000000000e+00,0.000000000000000000e+00,-0.000000000000000000e+00,0.000000000000000000e+00,-0.000000000000000000e+00,-2.098439205839399968e-01,-3.485194717624715000e-01,-0.000000000000000000e+00,-2.094174715423215427e-01,-1.766762180170180774e-01,0.000000000000000000e+00,0.000000000000000000e+00,-0.000000000000000000e+00,-0.000000000000000000e+00,-0.000000000000000000e+00,-0.000000000000000000e+00,-4.393116366141684020e-02,-0.000000000000000000e+00,-0.000000000000000000e+00,-0.000000000000000000e+00,-0.000000000000000000e+00,-0.000000000000000000e+00,-0.000000000000000000e+00,0.000000000000000000e+00,2.167564114405836406e+00,-0.000000000000000000e+00,-0.000000000000000000e+00,0.000000000000000000e+00,-2.524222285233494456e-01,-9.575249128793543452e-02
-0.000000000000000000e+00,1.806958338623074201e-02,-0.000000000000000000e+00,-0.000000000000000000e+00,-0.000000000000000000e+00,-0.000000000000000000e+00,-0.000000000000000000e+00,-0.000000000000000000e+00,-0.000000000000000000e+00,-0.000000000000000000e+00,-0.000000000000000000e+00,0.000000000000000000e+00,-2.368210540252429497e-01,-0.000000000000000000e+00,-0.000000000000000000e+00,-0.000000000000000000e+00,-0.000000000000000000e+00,0.000000000000000000e+00,-0.000000000000000000e+00,-0.000000000000000000e+00,0.000000000000000000e+00,-3.790142574091201477e-02,-0.000000000000000000e+00,-1.385169509067417648e-01,-0.000000000000000000e+00,3.746250268334424399e-02,-0.000000000000000000e+00,-0.000000000000000000e+00,-8.637503698140397423e-02,0.000000000000000000e+00,-0.000000000000000000e+00,-1.496360180059403411e-01,-2.450067972283166001e-02,-0.000000000000000000e+00,1.324020288678308566e+00,-1.591544051170622476e-01,-2.730077615915536549e-01,0.000000000000000000e+00,7.775549437692850369e-03
0.000000000000000000e+00,3.163979832459650615e-02,-0.000000000000000000e+00,0.000000000000000000e+00,-0.000000000000000000e+00,-0.000000000000000000e+00,-1.332040557437859374e-01,-1.608351580032182926e-02,-0.000000000000000000e+00,-0.000000000000000000e+00,0.000000000000000000e+00,2.321273480107275688e-01,-7.498249300306124299e-02,-2.143032468950503422e-01,0.000000000000000000e+00,-2.600388580346986722e-01,-0.000000000000000000e+00,0.000000000000000000e+00,-4.272311806714459113e-03,-0.000000000000000000e+00,-0.000000000000000000e+00,-0.000000000000000000e+00,-0.000000000000000000e+00,-0.000000000000000000e+00,-0.000000000000000000e+00,-0.000000000000000000e+00,-1.675544296871875616e-01,-0.000000000000000000e+00,-1.217834713974793627e-02,-2.388639980405452001e-01,-0.000000000000000000e+00,-2.530394080397966317e-01,-0.000000000000000000e+00,-0.000000000000000000e+00,-1.591544051170622476e-01,1.458903592786173320e+00,-0.000000000000000000e+00,0.000000000000000000e+00,4.219627392944441668e-02
-0.000000000000000000e+00,0.000000000000000000e+00,-1.962295021596190958e-01,0.000000000000000000e+00,0.000000000000000000e+00,0.000000000000000000e+00,-0.000000000000000000e+00,-0.000000000000000000e+00,-0.000000000000000000e+00,-4.221984995602645618e-02,-0.000000000000000000e+00,-0.000000000000000000e+00,-0.000000000000000000e+00,0.000000000000000000e+00,-0.000000000000000000e+00,-0.000000000000000000e+00,-4.704628440018954888e-02,0.000000000000000000e+00,0.000000000000000000e+00,-0.000000000000000000e+00,-0.000000000000000000e+00,-0.000000000000000000e+00,-0.000000000000000000e+00,-5.780686398371223320e-03,-0.000000000000000000e+00,2.384821160377177673e-01,0.000000000000000000e+00,-0.000000000000000000e+00,-7.488423894486152810e-02,0.000000000000000000e+00,-0.000000000000000000e+00,-2.627593727353048081e-01,-3.022931639751378907e-01,0.000000000000000000e+00,-2.730077615915536549e-01,-0.000000000000000000e+00,1.506434526321690281e+00,0.000000000000000000e+00,0.000000000000000000e+00
-2.924567426750580013e-01,-0.000000000000000000e+00,-0.000000000000000000e+00,3.905473154486670956e-02,-0.000000000000000000e+00,0.000000000000000000e+00,0.000000000000000000e+00,0.000000000000000000e+00,-2.040672237384338894e-01,-3.025793440774580678e-01,0.000000000000000000e+00,-0.000000000000000000e+00,0.000000000000000000e+00,-0.000000000000000000e+00,-3.641558507229914476e-01,-0.000000000000000000e+00,-0.000000000000000000e+00,-0.000000000000000000e+00,-0.000000000000000000e+00,0.000000000000000000e+00,0.000000000000000000e+00,0.000000000000000000e+00,-2.327910927379540917e-02,-0.000000000000000000e+00,-5.414242128376940688e-02,-0.000000000000000000e+00,-0.000000000000000000e+00,-0.000000000000000000e+00,-3.683986611384810345e-02,-0.000000000000000000e+00,-0.000000000000000000e+00,0.000000000000000000e+00,0.000000000000000000e+00,-2.524222285233494456e-01,0.000000000000000000e+00,0.000000000000000000e+00,0.000000000000000000e+00,2.400288454853231279e+00,-9.202576601488922092e-01
-0.000000000000000000e+00,-1.709172556490745620e-01,0.000000000000000000e+00,8.718396341999997551e-03,-0.000000000000000000e+00,0.000000000000000000e+00,0.000000000000000000e+00,0.000000000000000000e+00,-3.147711233278850385e-01,-6.338591605865497025e-02,4.470918073474688947e-02,-6.393853870143195728e-01,0.000000000000000000e+00,0.000000000000000000e+00,-6.328503267249445743e-03,-0.000000000000000000e+00,0.000000000000000000e+00,-2.750118505548745373e-01,0.000000000000000000e+00,1.260760227855133898e-02,0.000000000000000000e+00,0.000000000000000000e+00,-0.000000000000000000e+00,0.000000000000000000e+00,-0.000000000000000000e+00,-0.000000000000000000e+00,-0.000000000000000000e+00,-0.000000000000000000e+00,-0.000000000000000000e+00,-0.000000000000000000e+00,-0.000000000000000000e+00,0.000000000000000000e+00,0.000000000000000000e+00,-9.575249128793543452e-02,7.775549437692850369e-03,4.219627392944441668e-02,0.000000000000000000e+00,-9.202576601488922092e-01,2.451804062589194810e+00
