2.107795778573154699e+00,-6.381826419097708959e-03,-0.000000000000000000e+00,0.000000000000000000e+00,-2.434082782251625887e-01,-0.000000000000000000e+00,-0.000000000000000000e+00,0.000000000000000000e+00,-1.289680117133922277e-01,-1.531617813993496058e-01,-0.000000000000000000e+00,-0.000000000000000000e+00,0.000000000000000000e+00,-0.000000000000000000e+00,0.000000000000000000e+00,-2.779529414254727770e-01,-0.000000000000000000e+00,-0.000000000000000000e+00,0.000000000000000000e+00,0.000000000000000000e+00,-0.000000000000000000e+00,-0.000000000000000000e+00,-0.000000000000000000e+00,-1.555670569745423726e-01,-9.690647123886340919e-02,-0.000000000000000000e+00,-0.000000000000000000e+00,-1.395067384282749345e-01,-5.231654835966121492e-02,-3.373966821724556087e-01,-9.020675279993076168e-03,-0.000000000000000000e+00,-6.332748631955070762e-02,-3.219819649732165723e-01,-2.944789624282700621e-02,-0.000000000000000000e+00,-0.000000000000000000e+00,-3.860711747397142790e-02,-0.000000000000000000e+00
-6.381826419097708959e-03,1.899854150236304884e+00,-0.000000000000000000e+00,-0.000000000000000000e+00,-0.000000000000000000e+00,-0.000000000000000000e+00,-3.691243486117608968e-02,0.000000000000000000e+00,-2.228734802330633313e-01,-2.488622788871190372e-01,-5.219371439145793073e-02,-0.000000000000000000e+00,-0.000000000000000000e+00,-2.925567094573149340e-01,0.000000000000000000e+00,-0.000000000000000000e+00,-0.000000000000000000e+00,-0.000000000000000000e+00,0.000000000000000000e+00,0.000000000000000000e+00,-0.000000000000000000e+00,0.000000000000000000e+00,-2.308245058338865840e-01,-2.488851593570159948e-02,-0.000000000000000000e+00,-0.000000000000000000e+00,-0.000000000000000000e+00,-0.000000000000000000e+00,-0.000000000000000000e+00,-1.736141733092761708e-01,-0.000000000000000000e+00,-1.900870335645115927e-01,-0.000000000000000000e+00,-0.000000000000000000e+00,-1.295828450107571750e-01,-0.000000000000000000e+00,-1.099255960984973912e-01,-8.032743576210858716e-03,-6.327229791225540134e-02
-0.000000000000000000e+00,-0.000000000000000000e+00,2.450043884498357194e+00,-0.000000000000000000e+00,-1.233331405142231857e-01,-0.000000000000000000e+00,-0.000000000000000000e+00,1.016265262846549833e+00,-0.000000000000000000e+00,-1.672863349140384648e-01,-0.000000000000000000e+00,-0.000000000000000000e+00,0.000000000000000000e+00,-1.121194314066825681e-01,0.000000000000000000e+00,-1.080924332014413236e-01,-1.640799130534142114e-01,-0.000000000000000000e+00,0.000000000000000000e+00,0.000000000000000000e+00,-5.144658657861422152e-02,-0.000000000000000000e+00,-0.000000000000000000e+00,-1.759630683526531778e-02,-1.250096938556617132e-01,-0.000000000000000000e+00,-0.000000000000000000e+00,-0.000000000000000000e+00,-0.000000000000000000e+00,-8.602656450584188208e-02,-1.159255390181576639e-01,-0.000000000000000000e+00,-2.497107222171756832e-02,-0.000000000000000000e+00,-1.424775894755357566e-03,-0.000000000000000000e+00,-4.519514402611616438e-02,-2.847086817273279391e-01,-0.000000000000000000e+00
0.000000000000000000e+00,-0.000000000000000000e+00,-0.000000000000000000e+00,1.028760280111137071e+00,0.000000000000000000e+00,-0.000000000000000000e+00,-9.032637930184597708e-02,0.000000000000000000e+00,-0.000000000000000000e+00,-0.000000000000000000e+00,-8.816593757817106636e-02,0.000000000000000000e+00,-0.000000000000000000e+00,-0.000000000000000000e+00,0.000000000000000000e+00,0.000000000000000000e+00,-0.000000000000000000e+00,-0.000000000000000000e+00,-0.000000000000000000e+00,0.000000000000000000e+00,-6.617886954399243571e-02,2.019032629706179593e-03,-0.000000000000000000e+00,0.000000000000000000e+00,0.000000000000000000e+00,0.000000000000000000e+00,0.000000000000000000e+00,1.889573821961496036e-02,0.000000000000000000e+00,-0.000000000000000000e+00,0.000000000000000000e+00,-0.000000000000000000e+00,7.108019217283787460e-03,1.084007862235640829e-01,-0.000000000000000000e+00,0.000000000000000000e+00,-0.000000000000000000e+00,-0.000000000000000000e+00,-0.000000000000000000e+00
-2.434082782251625887e-01,-0.000000000000000000e+00,-1.233331405142231857e-01,0.000000000000000000e+00,2.343076849875123102e+00,-0.000000000000000000e+00,0.000000000000000000e+00,6.289704998849166007e-02,-1.795069323650835547e-01,-0.000000000000000000e+00,-0.000000000000000000e+00,-0.000000000000000000e+00,0.000000000000000000e+00,-0.000000000000000000e+00,0.000000000000000000e+00,-1.554079103985075705e-01,-0.000000000000000000e+00,-0.000000000000000000e+00,0.000000000000000000e+00,0.000000000000000000e+00,-0.000000000000000000e+00,-0.000000000000000000e+00,-0.000000000000000000e+00,-1.111806382920103031e-01,-9.254133551201376706e-02,-0.000000000000000000e+00,-3.789366333119251889e-02,-0.000000000000000000e+00,-0.000000000000000000e+00,-2.408313068238914223e-01,-2.466109796539033283e-01,-0.000000000000000000e+00,-3.794557275838492116e-01,-3.102193009204831653e-01,-0.000000000000000000e+00,-0.000000000000000000e+00,-0.000000000000000000e+00,-2.752533553872931749e-01,-0.000000000000000000e+00
-0.000000000000000000e+00,-0.000000000000000000e+00,-0.000000000000000000e+00,-0.000000000000000000e+00,-0.000000000000000000e+00,1.784343200856340017e+00,0.000000000000000000e+00,0.000000000000000000e+00,0.000000000000000000e+00,-0.000000000000000000e+00,-5.203495684451713288e-01,0.000000000000000000e+00,0.000000000000000000e+00,-2.038983777993365332e-01,0.000000000000000000e+00,-0.000000000000000000e+00,-2.272435863490178676e-01,-0.000000000000000000e+00,0.000000000000000000e+00,0.000000000000000000e+00,-2.796023268541192874e-01,0.000000000000000000e+00,-0.000000000000000000e+00,-0.000000000000000000e+00,-0.000000000000000000e+00,-0.000000000000000000e+00,-0.000000000000000000e+00,-0.000000000000000000e+00,-0.000000000000000000e+00,-0.000000000000000000e+00,-0.000000000000000000e+00,-0.000000000000000000e+00,-0.000000000000000000e+00,0.000000000000000000e+00,-1.610662718573577235e-01,-0.000000000000000000e+00,-1.536044775669389850e-01,-0.000000000000000000e+00,0.000000000000000000e+00
-0.000000000000000000e+00,-3.691243486117608968e-02,-0.000000000000000000e+00,-9.032637930184597708e-02,0.000000000000000000e+00,0.000000000000000000e+00,1.016304975181113290e+00,0.000000000000000000e+00,-0.000000000000000000e+00,-0.000000000000000000e+00,-0.000000000000000000e+00,0.000000000000000000e+00,-0.000000000000000000e+00,-0.000000000000000000e+00,-0.000000000000000000e+00,-0.000000000000000000e+00,-0.000000000000000000e+00,-0.000000000000000000e+00,-0.000000000000000000e+00,-0.000000000000000000e+00,-0.000000000000000000e+00,-0.000000000000000000e+00,-0.000000000000000000e+00,-0.000000000000000000e+00,0.000000000000000000e+00,0.000000000000000000e+00,0.000000000000000000e+00,0.000000000000000000e+00,0.000000000000000000e+00,-0.000000000000000000e+00,0.000000000000000000e+00,-0.000000000000000000e+00,0.000000000000000000e+00,0.000000000000000000e+00,-0.000000000000000000e+00,0.000000000000000000e+00,-0.000000000000000000e+00,-0.000000000000000000e+00,-7.119425248033788012e-02
0.000000000000000000e+00,0.000000000000000000e+00,1.016265262846549833e+00,0.000000000000000000e+00,6.289704998849166007e-02,0.000000000000000000e+00,0.000000000000000000e+00,2.269885106492668836e+00,0.000000000000000000e+00,9.789936676450851361e-02,5.940134038593229693e-02,-0.000000000000000000e+00,-0.000000000000000000e+00,1.410768541940418674e-01,-3.477469547811036510e-02,0.000000000000000000e+00,5.852799068769135721e-02,0.000000000000000000e+00,-0.000000000000000000e+00,-0.000000000000000000e+00,2.827886720911169660e-01,0.000000000000000000e+00,0.000000000000000000e+00,4.357566747299940202e-02,1.603652653158887942e-01,0.000000000000000000e+00,0.000000000000000000e+00,0.000000000000000000e+00,0.000000000000000000e+00,1.060153063524172518e-02,0.000000000000000000e+00,0.000000000000000000e+00,2.846932459794773371e-02,0.000000000000000000e+00,0.000000000000000000e+00,0.000000000000000000e+00,0.000000000000000000e+00,2.107346675254118951e-01,0.000000000000000000e+00
-1.289680117133922277e-01,-2.228734802330633313e-01,-0.000000000000000000e+00,-0.000000000000000000e+00,-1.795069323650835547e-01,0.000000000000000000e+00,-0.000000000000000000e+00,0.000000000000000000e+00,1.740321779690626736e+00,-0.000000000000000000e+00,-0.000000000000000000e+00,0.000000000000000000e+00,-0.000000000000000000e+00,-8.621486080834472876e-02,4.009591159658661835e-02,-0.000000000000000000e+00,-0.000000000000000000e+00,-0.000000000000000000e+00,0.000000000000000000e+00,0.000000000000000000e+00,-0.000000000000000000e+00,0.000000000000000000e+00,-1.010632373151552355e-01,-4.587765283877819761e-02,-0.000000000000000000e+00,0.000000000000000000e+00,-0.000000000000000000e+00,-0.000000000000000000e+00,-0.000000000000000000e+00,-2.806888975378152851e-01,-0.000000000000000000e+00,-0.000000000000000000e+00,-0.000000000000000000e+00,-6.375363714818364780e-02,-0.000000000000000000e+00,-0.000000000000000000e+00,-0.000000000000000000e+00,-1.816816772255877843e-01,-2.583045970033476801e-01
-1.531617813993496058e-01,-2.488622788871190372e-01,-1.672863349140384648e-01,-0.000000000000000000e+00,-0.000000000000000000e+00,-0.000000000000000000e+00,-0.000000000000000000e+00,9.789936676450851361e-02,-0.000000000000000000e+00,2.647028231709915413e+00,-0.000000000000000000e+00,-0.000000000000000000e+00,0.000000000000000000e+00,-8.049173024016146455e-03,0.000000000000000000e+00,-5.412401197123638541e-01,-0.000000000000000000e+00,-0.000000000000000000e+00,0.000000000000000000e+00,0.000000000000000000e+00,-0.000000000000000000e+00,0.000000000000000000e+00,-9.354522360645785295e-02,-1.841856819958895275e-01,-5.119054733955677450e-02,-0.000000000000000000e+00,-0.000000000000000000e+00,-0.000000000000000000e+00,-5.305395751610852279e-02,-3.281550533292665328e-01,-0.000000000000000000e+00,-1.754007452421203483e-01,-0.000000000000000000e+00,-0.000000000000000000e+00,-1.983856595782740040e-01,-2.318088612621286571e-01,-1.241396478101054884e-01,-1.241598250435831247e-01,-0.000000000000000000e+00
-0.000000000000000000e+00,-5.219371439145793073e-02,-0.000000000000000000e+00,-8.816593757817106636e-02,-0.000000000000000000e+00,-5.203495684451713288e-01,-0.000000000000000000e+00,5.940134038593229693e-02,-0.000000000000000000e+00,-0.000000000000000000e+00,2.089058579841334140e+00,0.000000000000000000e+00,0.000000000000000000e+00,-1.168963830843325613e-01,0.000000000000000000e+00,-0.000000000000000000e+00,-7.153690450696876812e-01,0.000000000000000000e+00,1.741028568521047482e-01,0.000000000000000000e+00,-1.878368199363702473e-01,0.000000000000000000e+00,-0.000000000000000000e+00,-0.000000000000000000e+00,-0.000000000000000000e+00,0.000000000000000000e+00,-0.000000000000000000e+00,-0.000000000000000000e+00,-0.000000000000000000e+00,-0.000000000000000000e+00,-0.000000000000000000e+00,-0.000000000000000000e+00,-0.000000000000000000e+00,0.000000000000000000e+00,-4.773946458978619439e-02,-0.000000000000000000e+00,-1.510222247371997839e-01,-0.000000000000000000e+00,-0.000000000000000000e+00
-0.000000000000000000e+00,-0.000000000000000000e+00,-0.000000000000000000e+00,0.000000000000000000e+00,-0.000000000000000000e+00,0.000000000000000000e+00,0.000000000000000000e+00,-0.000000000000000000e+00,0.000000000000000000e+00,-0.000000000000000000e+00,0.000000000000000000e+00,1.218813332159949026e+00,0.000000000000000000e+00,0.000000000000000000e+00,-4.299182620330537774e-01,-0.000000000000000000e+00,-0.000000000000000000e+00,0.000000000000000000e+00,-0.000000000000000000e+00,-9.712287802265927306e-02,0.000000000000000000e+00,-3.627751296275112669e-02,-0.000000000000000000e+00,-0.000000000000000000e+00,-0.000000000000000000e+00,-1.754192303695691901e-01,-6.514064060196186889e-02,-0.000000000000000000e+00,-0.000000000000000000e+00,-0.000000000000000000e+00,-7.266602294677400320e-02,-0.000000000000000000e+00,-0.000000000000000000e+00,-0.000000000000000000e+00,-0.000000000000000000e+00,-0.000000000000000000e+00,-0.000000000000000000e+00,0.000000000000000000e+00,0.000000000000000000e+00
0.000000000000000000e+00,-0.000000000000000000e+00,0.000000000000000000e+00,-0.000000000000000000e+00,0.000000000000000000e+00,0.000000000000000000e+00,-0.000000000000000000e+00,-0.000000000000000000e+00,-0.000000000000000000e+00,0.000000000000000000e+00,0.000000000000000000e+00,0.000000000000000000e+00,1.235620080247925134e+00,-0.000000000000000000e+00,-0.000000000000000000e+00,0.000000000000000000e+00,0.000000000000000000e+00,-0.000000000000000000e+00,-8.487108486999560275e-02,-0.000000000000000000e+00,-0.000000000000000000e+00,-0.000000000000000000e+00,-0.000000000000000000e+00,0.000000000000000000e+00,0.000000000000000000e+00,1.204537564139996752e-03,2.969127651229513595e-02,0.000000000000000000e+00,1.971868510503016481e-02,0.000000000000000000e+00,3.909335281111630533e-01,0.000000000000000000e+00,1.674645971867392835e-01,0.000000000000000000e+00,0.000000000000000000e+00,0.000000000000000000e+00,0.000000000000000000e+00,0.000000000000000000e+00,-3.362580342136860939e-02
-0.000000000000000000e+00,-2.925567094573149340e-01,-1.121194314066825681e-01,-0.000000000000000000e+00,-0.000000000000000000e+00,-2.038983777993365332e-01,-0.000000000000000000e+00,1.410768541940418674e-01,-8.621486080834472876e-02,-8.049173024016146455e-03,-1.168963830843325613e-01,0.000000000000000000e+00,-0.000000000000000000e+00,2.118671854986411862e+00,3.325070479692065345e-02,-0.000000000000000000e+00,-6.893875002262882246e-02,-0.000000000000000000e+00,0.000000000000000000e+00,0.000000000000000000e+00,-2.029846681208823944e-01,0.000000000000000000e+00,-1.902354998021981436e-01,-3.795498368393172006e-01,-0.000000000000000000e+00,-0.000000000000000000e+00,-0.000000000000000000e+00,-0.000000000000000000e+00,-0.000000000000000000e+00,-6.152763108983944074e-02,-0.000000000000000000e+00,-0.000000000000000000e+00,-0.000000000000000000e+00,-0.000000000000000000e+00,-1.016057635711276608e-01,-0.000000000000000000e+00,-6.529734356950393781e-02,-1.566849959322222652e-01,-0.000000000000000000e+00
0.000000000000000000e+00,0.000000000000000000e+00,0.000000000000000000e+00,0.000000000000000000e+00,0.000000000000000000e+00,0.000000000000000000e+00,-0.000000000000000000e+00,-3.477469547811036510e-02,4.009591159658661835e-02,0.000000000000000000e+00,0.000000000000000000e+00,-4.299182620330537774e-01,-0.000000000000000000e+00,3.325070479692065345e-02,1.308892274274515710e+00,0.000000000000000000e+00,0.000000000000000000e+00,1.166775014277538353e-01,-0.000000000000000000e+00,-9.404566298518832190e-02,1.559689348159270725e-02,-0.000000000000000000e+00,0.000000000000000000e+00,0.000000000000000000e+00,0.000000000000000000e+00,-0.000000000000000000e+00,0.000000000000000000e+00,0.000000000000000000e+00,0.000000000000000000e+00,0.000000000000000000e+00,0.000000000000000000e+00,0.000000000000000000e+00,0.000000000000000000e+00,0.000000000000000000e+00,0.000000000000000000e+00,0.000000000000000000e+00,0.000000000000000000e+00,3.323371918521688118e-01,0.000000000000000000e+00
-2.779529414254727770e-01,-0.000000000000000000e+00,-1.080924332014413236e-01,0.000000000000000000e+00,-1.554079103985075705e-01,-0.000000000000000000e+00,-0.000000000000000000e+00,0.000000000000000000e+00,-0.000000000000000000e+00,-5.412401197123638541e-01,-0.000000000000000000e+00,-0.000000000000000000e+00,0.000000000000000000e+00,-0.000000000000000000e+00,0.000000000000000000e+00,2.663908308981725703e+00,-0.000000000000000000e+00,-0.000000000000000000e+00,0.000000000000000000e+00,-0.000000000000000000e+00,-0.000000000000000000e+00,-0.000000000000000000e+00,-7.203551927781480513e-02,-0.000000000000000000e+00,-2.348264002680632290e-01,-2.328452384119790441e-01,-2.016238077755760916e-01,-8.295535127935393938e-02,-7.545653679055480678e-02,-1.320497092653910853e-01,-6.371513453591637344e-02,-1.304866910900996935e-01,-0.000000000000000000e+00,-0.000000000000000000e+00,-1.730803187499994344e-01,-3.675549635154395367e-01,-0.000000000000000000e+00,-0.000000000000000000e+00,-0.000000000000000000e+00
-0.000000000000000000e+00,-0.000000000000000000e+00,-1.640799130534142114e-01,-0.000000000000000000e+00,-0.000000000000000000e+00,-2.272435863490178676e-01,-0.000000000000000000e+00,5.852799068769135721e-02,-0.000000000000000000e+00,-0.000000000000000000e+00,-7.153690450696876812e-01,-0.000000000000000000e+00,0.000000000000000000e+00,-6.893875002262882246e-02,0.000000000000000000e+00,-0.000000000000000000e+00,2.173942094040288708e+00,0.000000000000000000e+00,1.807268280768374313e-01,0.000000000000000000e+00,-0.000000000000000000e+00,0.000000000000000000e+00,-0.000000000000000000e+00,-1.572666058297933489e-02,-0.000000000000000000e+00,-0.000000000000000000e+00,-0.000000000000000000e+00,-0.000000000000000000e+00,-5.952414946966913360e-03,-2.251308293588400733e-01,-2.369873476152074138e-02,-1.486978429271241520e-01,-0.000000000000000000e+00,-0.000000000000000000e+00,-2.032413699023036258e-01,-0.000000000000000000e+00,-1.590783419138064314e-01,-0.000000000000000000e+00,-0.000000000000000000e+00
-0.000000000000000000e+00,-0.000000000000000000e+00,-0.000000000000000000e+00,-0.000000000000000000e+00,-0.000000000000000000e+00,-0.000000000000000000e+00,-0.000000000000000000e+00,0.000000000000000000e+00,-0.000000000000000000e+00,-0.000000000000000000e+00,0.000000000000000000e+00,0.000000000000000000e+00,-0.000000000000000000e+00,-0.000000000000000000e+00,1.166775014277538353e-01,-0.000000000000000000e+00,0.000000000000000000e+00,1.101514815349724286e+00,-9.536640279304120504e-02,-0.000000000000000000e+00,-0.000000000000000000e+00,-0.000000000000000000e+00,-1.670326117008322786e-01,-0.000000000000000000e+00,-0.000000000000000000e+00,-5.999831302093121266e-02,-2.586785350743294257e-02,-0.000000000000000000e+00,-0.000000000000000000e+00,-0.000000000000000000e+00,-0.000000000000000000e+00,-0.000000000000000000e+00,-0.000000000000000000e+00,-0.000000000000000000e+00,-0.000000000000000000e+00,-0.000000000000000000e+00,-0.000000000000000000e+00,-1.007165908966224099e-01,-2.394471127604052077e-02
0.000000000000000000e+00,0.000000000000000000e+00,0.000000000000000000e+00,-0.000000000000000000e+00,0.000000000000000000e+00,0.000000000000000000e+00,-0.000000000000000000e+00,-0.000000000000000000e+00,0.000000000000000000e+00,0.000000000000000000e+00,1.741028568521047482e-01,-0.000000000000000000e+00,-8.487108486999560275e-02,0.000000000000000000e+00,-0.000000000000000000e+00,0.000000000000000000e+00,1.807268280768374313e-01,-9.536640279304120504e-02,1.144563202892758813e+00,-0.000000000000000000e+00,0.000000000000000000e+00,-0.000000000000000000e+00,0.000000000000000000e+00,8.195934398832860346e-02,0.000000000000000000e+00,-0.000000000000000000e+00,0.000000000000000000e+00,0.000000000000000000e+00,0.000000000000000000e+00,0.000000000000000000e+00,0.000000000000000000e+00,0.000000000000000000e+00,3.273931628213320316e-02,0.000000000000000000e+00,0.000000000000000000e+00,0.000000000000000000e+00,0.000000000000000000e+00,0.000000000000000000e+00,0.000000000000000000e+00
0.000000000000000000e+00,0.000000000000000000e+00,0.000000000000000000e+00,0.000000000000000000e+00,0.000000000000000000e+00,0.000000000000000000e+00,-0.000000000000000000e+00,-0.000000000000000000e+00,0.000000000000000000e+00,0.000000000000000000e+00,0.000000000000000000e+00,-9.712287802265927306e-02,-0.000000000000000000e+00,0.000000000000000000e+00,-9.404566298518832190e-02,-0.000000000000000000e+00,0.000000000000000000e+00,-0.000000000000000000e+00,-0.000000000000000000e+00,1.134346276341912985e+00,0.000000000000000000e+00,-3.452378059324102688e-01,-0.000000000000000000e+00,0.000000000000000000e+00,-0.000000000000000000e+00,-0.000000000000000000e+00,-0.000000000000000000e+00,-1.701871101452378382e-03,0.000000000000000000e+00,0.000000000000000000e+00,-0.000000000000000000e+00,-0.000000000000000000e+00,0.000000000000000000e+00,-0.000000000000000000e+00,0.000000000000000000e+00,-0.000000000000000000e+00,0.000000000000000000e+00,0.000000000000000000e+00,0.000000000000000000e+00
-0.000000000000000000e+00,-0.000000000000000000e+00,-5.144658657861422152e-02,-6.617886954399243571e-02,-0.000000000000000000e+00,-2.796023268541192874e-01,-0.000000000000000000e+00,2.827886720911169660e-01,-0.000000000000000000e+00,-0.000000000000000000e+00,-1.878368199363702473e-01,0.000000000000000000e+00,-0.000000000000000000e+00,-2.029846681208823944e-01,1.559689348159270725e-02,-0.000000000000000000e+00,-0.000000000000000000e+00,-0.000000000000000000e+00,0.000000000000000000e+00,0.000000000000000000e+00,1.431395336605227664e+00,-0.000000000000000000e+00,-0.000000000000000000e+00,-0.000000000000000000e+00,-0.000000000000000000e+00,0.000000000000000000e+00,0.000000000000000000e+00,-0.000000000000000000e+00,-0.000000000000000000e+00,-0.000000000000000000e+00,-0.000000000000000000e+00,-0.000000000000000000e+00,-0.000000000000000000e+00,0.000000000000000000e+00,-0.000000000000000000e+00,-0.000000000000000000e+00,-0.000000000000000000e+00,-0.000000000000000000e+00,-0.000000000000000000e+00
-0.000000000000000000e+00,0.000000000000000000e+00,-0.000000000000000000e+00,2.019032629706179593e-03,-0.000000000000000000e+00,0.000000000000000000e+00,-0.000000000000000000e+00,0.000000000000000000e+00,0.000000000000000000e+00,0.000000000000000000e+00,0.000000000000000000e+00,-3.627751296275112669e-02,-0.000000000000000000e+00,0.000000000000000000e+00,-0.000000000000000000e+00,-0.000000000000000000e+00,0.000000000000000000e+00,-0.000000000000000000e+00,-0.000000000000000000e+00,-3.452378059324102688e-01,-0.000000000000000000e+00,1.190871271545705490e+00,-0.000000000000000000e+00,-0.000000000000000000e+00,-0.000000000000000000e+00,-7.874795410063006526e-03,-3.059537042963280523e-02,-2.685075631414402531e-01,0.000000000000000000e+00,0.000000000000000000e+00,-0.000000000000000000e+00,-0.000000000000000000e+00,-0.000000000000000000e+00,-0.000000000000000000e+00,0.000000000000000000e+00,-0.000000000000000000e+00,0.000000000000000000e+00,0.000000000000000000e+00,-0.000000000000000000e+00
-0.000000000000000000e+00,-2.308245058338865840e-01,-0.000000000000000000e+00,-0.000000000000000000e+00,-0.000000000000000000e+00,-0.000000000000000000e+00,-0.000000000000000000e+00,0.000000000000000000e+00,-1.010632373151552355e-01,-9.354522360645785295e-02,-0.000000000000000000e+00,-0.000000000000000000e+00,-0.000000000000000000e+00,-1.902354998021981436e-01,0.000000000000000000e+00,-7.203551927781480513e-02,-0.000000000000000000e+00,-1.670326117008322786e-01,0.000000000000000000e+00,-0.000000000000000000e+00,-0.000000000000000000e+00,-0.000000000000000000e+00,1.992184660937811325e+00,-1.851283439561267896e-01,-4.402541847951351728e-01,-0.000000000000000000e+00,-0.000000000000000000e+00,-0.000000000000000000e+00,-0.000000000000000000e+00,-0.000000000000000000e+00,-0.000000000000000000e+00,-1.177797723958868142e-01,-0.000000000000000000e+00,-3.450560704476943880e-02,-0.000000000000000000e+00,-0.000000000000000000e+00,-0.000000000000000000e+00,-1.307047038184002141e-01,-2.881252653172289846e-01
-1.555670569745423726e-01,-2.488851593570159948e-02,-1.759630683526531778e-02,0.000000000000000000e+00,-1.111806382920103031e-01,-0.000000000000000000e+00,-0.000000000000000000e+00,4.357566747299940202e-02,-4.587765283877819761e-02,-1.841856819958895275e-01,-0.000000000000000000e+00,-0.000000000000000000e+00,0.000000000000000000e+00,-3.795498368393172006e-01,0.000000000000000000e+00,-0.000000000000000000e+00,-1.572666058297933489e-02,-0.000000000000000000e+00,8.195934398832860346e-02,0.000000000000000000e+00,-0.000000000000000000e+00,-0.000000000000000000e+00,-1.851283439561267896e-01,1.995998893098333449e+00,-2.953288252255712454e-01,-0.000000000000000000e+00,-0.000000000000000000e+00,-0.000000000000000000e+00,-0.000000000000000000e+00,-2.046173156665657134e-01,-0.000000000000000000e+00,-0.000000000000000000e+00,-3.904364666402247025e-02,-0.000000000000000000e+00,-2.729022021355833119e-02,-0.000000000000000000e+00,-8.418679172656315379e-02,-2.565609939330417560e-02,-0.000000000000000000e+00
-9.690647123886340919e-02,-0.000000000000000000e+00,-1.250096938556617132e-01,0.000000000000000000e+00,-9.254133551201376706e-02,-0.000000000000000000e+00,0.000000000000000000e+00,1.603652653158887942e-01,-0.000000000000000000e+00,-5.119054733955677450e-02,-0.000000000000000000e+00,-0.000000000000000000e+00,0.000000000000000000e+00,-0.000000000000000000e+00,0.000000000000000000e+00,-2.348264002680632290e-01,-0.000000000000000000e+00,-0.000000000000000000e+00,0.000000000000000000e+00,-0.000000000000000000e+00,-0.000000000000000000e+00,-0.000000000000000000e+00,-4.402541847951351728e-01,-2.953288252255712454e-01,2.177261621552656568e+00,-0.000000000000000000e+00,-0.000000000000000000e+00,-3.058152602475602277e-01,-0.000000000000000000e+00,-0.000000000000000000e+00,-0.000000000000000000e+00,-0.000000000000000000e+00,-1.941640449293896564e-01,-0.000000000000000000e+00,-5.910185221669684436e-02,-0.000000000000000000e+00,-1.485219667888998396e-01,-0.000000000000000000e+00,-0.000000000000000000e+00
-0.000000000000000000e+00,-0.000000000000000000e+00,-0.000000000000000000e+00,0.000000000000000000e+00,-0.000000000000000000e+00,-0.000000000000000000e+00,0.000000000000000000e+00,0.000000000000000000e+00,0.000000000000000000e+00,-0.000000000000000000e+00,0.000000000000000000e+00,-1.754192303695691901e-01,1.204537564139996752e-03,-0.000000000000000000e+00,-0.000000000000000000e+00,-2.328452384119790441e-01,-0.000000000000000000e+00,-5.999831302093121266e-02,-0.000000000000000000e+00,-0.000000000000000000e+00,0.000000000000000000e+00,-7.874795410063006526e-03,-0.000000000000000000e+00,-0.000000000000000000e+00,-0.000000000000000000e+00,2.014656136283599519e+00,-6.908814265307644531e-01,-4.188794243881669432e-01,-1.376036926137715333e-01,-0.000000000000000000e+00,-7.431825202589575907e-02,-2.399804133478328563e-02,-0.000000000000000000e+00,-0.000000000000000000e+00,-0.000000000000000000e+00,-1.911470635944699514e-01,-0.000000000000000000e+00,-0.000000000000000000e+00,0.000000000000000000e+00
-0.000000000000000000e+00,-0.000000000000000000e+00,-0.000000000000000000e+00,0.000000000000000000e+00,-3.789366333119251889e-02,-0.000000000000000000e+00,0.000000000000000000e+00,0.000000000000000000e+00,-0.000000000000000000e+00,-0.000000000000000000e+00,-0.000000000000000000e+00,-6.514064060196186889e-02,2.969127651229513595e-02,-0.000000000000000000e+00,0.000000000000000000e+00,-2.016238077755760916e-01,-0.000000000000000000e+00,-2.586785350743294257e-02,0.000000000000000000e+00,-0.000000000000000000e+00,0.000000000000000000e+00,-3.059537042963280523e-02,-0.000000000000000000e+00,-0.000000000000000000e+00,-0.000000000000000000e+00,-6.908814265307644531e-01,1.939000140091458046e+00,-4.418003465887128389e-02,-0.000000000000000000e+00,-0.000000000000000000e+00,-3.402324952019318283e-01,-1.866935185365055372e-01,-0.000000000000000000e+00,-7.559906055063539410e-02,-0.000000000000000000e+00,-9.459274212812508742e-02,-0.000000000000000000e+00,-0.000000000000000000e+00,-0.000000000000000000e+00
-1.395067384282749345e-01,-0.000000000000000000e+00,-0.000000000000000000e+00,1.889573821961496036e-02,-0.000000000000000000e+00,-0.000000000000000000e+00,0.000000000000000000e+00,0.000000000000000000e+00,-0.000000000000000000e+00,-0.000000000000000000e+00,-0.000000000000000000e+00,-0.000000000000000000e+00,0.000000000000000000e+00,-0.000000000000000000e+00,0.000000000000000000e+00,-8.295535127935393938e-02,-0.000000000000000000e+00,-0.000000000000000000e+00,0.000000000000000000e+00,-1.701871101452378382e-03,-0.000000000000000000e+00,-2.685075631414402531e-01,-0.000000000000000000e+00,-0.000000000000000000e+00,-3.058152602475602277e-01,-4.188794243881669432e-01,-4.418003465887128389e-02,1.881244631134875611e+00,-0.000000000000000000e+00,-0.000000000000000000e+00,-3.124814376022625462e-01,-0.000000000000000000e+00,-1.356474080883107447e-01,-1.754821350905327038e-01,-0.000000000000000000e+00,-0.000000000000000000e+00,-0.000000000000000000e+00,-0.000000000000000000e+00,-0.000000000000000000e+00
-5.231654835966121492e-02,-0.000000000000000000e+00,-0.000000000000000000e+00,0.000000000000000000e+00,-0.000000000000000000e+00,-0.000000000000000000e+00,0.000000000000000000e+00,0.000000000000000000e+00,-0.000000000000000000e+00,-5.305395751610852279e-02,-0.000000000000000000e+00,-0.000000000000000000e+00,1.971868510503016481e-02,-0.000000000000000000e+00,0.000000000000000000e+00,-7.545653679055480678e-02,-5.952414946966913360e-03,-0.000000000000000000e+00,0.000000000000000000e+00,0.000000000000000000e+00,-0.000000000000000000e+00,0.000000000000000000e+00,-0.000000000000000000e+00,-0.000000000000000000e+00,-0.000000000000000000e+00,-1.376036926137715333e-01,-0.000000000000000000e+00,-0.000000000000000000e+00,2.151999207211750420e+00,-7.808288198286210402e-02,-1.748472235388899843e-01,-3.762322274445832893e-01,-0.000000000000000000e+00,-0.000000000000000000e+00,-3.723498769732008773e-01,-2.421702263060124538e-01,-4.340718383111018541e-01,-0.000000000000000000e+00,0.000000000000000000e+00
-3.373966821724556087e-01,-1.736141733092761708e-01,-8.602656450584188208e-02,-0.000000000000000000e+00,-2.408313068238914223e-01,-0.000000000000000000e+00,-0.000000000000000000e+00,1.060153063524172518e-02,-2.806888975378152851e-01,-3.281550533292665328e-01,-0.000000000000000000e+00,-0.000000000000000000e+00,0.000000000000000000e+00,-6.152763108983944074e-02,0.000000000000000000e+00,-1.320497092653910853e-01,-2.251308293588400733e-01,-0.000000000000000000e+00,0.000000000000000000e+00,0.000000000000000000e+00,-0.000000000000000000e+00,0.000000000000000000e+00,-0.000000000000000000e+00,-2.046173156665657134e-01,-0.000000000000000000e+00,-0.000000000000000000e+00,-0.000000000000000000e+00,-0.000000000000000000e+00,-7.808288198286210402e-02,2.465137593474902911e+00,-0.000000000000000000e+00,-1.076079890909865597e-02,-0.000000000000000000e+00,-0.000000000000000000e+00,-4.020814774165766547e-02,-1.435302553293800187e-01,-2.395444927204684951e-02,-2.234528227729837280e-01,-0.000000000000000000e+00
-9.020675279993076168e-03,-0.000000000000000000e+00,-1.159255390181576639e-01,0.000000000000000000e+00,-2.466109796539033283e-01,-0.000000000000000000e+00,0.000000000000000000e+00,0.000000000000000000e+00,-0.000000000000000000e+00,-0.000000000000000000e+00,-0.000000000000000000e+00,-7.266602294677400320e-02,3.909335281111630533e-01,-0.000000000000000000e+00,0.000000000000000000e+00,-6.371513453591637344e-02,-2.369873476152074138e-02,-0.000000000000000000e+00,0.000000000000000000e+00,-0.000000000000000000e+00,-0.000000000000000000e+00,-0.000000000000000000e+00,-0.000000000000000000e+00,-0.000000000000000000e+00,-0.000000000000000000e+00,-7.431825202589575907e-02,-3.402324952019318283e-01,-3.124814376022625462e-01,-1.748472235388899843e-01,-0.000000000000000000e+00,2.228275670899163785e+00,-2.195654783660895837e-01,-1.816998344525528053e-01,-1.927640616548275121e-01,-8.149270051818634231e-02,-0.000000000000000000e+00,-0.000000000000000000e+00,-0.000000000000000000e+00,-0.000000000000000000e+00
-0.000000000000000000e+00,-1.900870335645115927e-01,-0.000000000000000000e+00,-0.000000000000000000e+00,-0.000000000000000000e+00,-0.000000000000000000e+00,-0.000000000000000000e+00,0.000000000000000000e+00,-0.000000000000000000e+00,-1.754007452421203483e-01,-0.000000000000000000e+00,-0.000000000000000000e+00,0.000000000000000000e+00,-0.000000000000000000e+00,0.000000000000000000e+00,-1.304866910900996935e-01,-1.486978429271241520e-01,-0.000000000000000000e+00,0.000000000000000000e+00,-0.000000000000000000e+00,-0.000000000000000000e+00,-0.000000000000000000e+00,-1.177797723958868142e-01,-0.000000000000000000e+00,-0.000000000000000000e+00,-2.399804133478328563e-02,-1.866935185365055372e-01,-0.000000000000000000e+00,-3.762322274445832893e-01,-1.076079890909865597e-02,-2.195654783660895837e-01,2.337363813853881034e+00,-0.000000000000000000e+00,-0.000000000000000000e+00,-3.082821996266373321e-01,-8.521518257736172830e-02,-3.769691941193478724e-01,-0.000000000000000000e+00,-0.000000000000000000e+00
-6.332748631955070762e-02,-0.000000000000000000e+00,-2.497107222171756832e-02,7.108019217283787460e-03,-3.794557275838492116e-01,-0.000000000000000000e+00,0.000000000000000000e+00,2.846932459794773371e-02,-0.000000000000000000e+00,-0.000000000000000000e+00,-0.000000000000000000e+00,-0.000000000000000000e+00,1.674645971867392835e-01,-0.000000000000000000e+00,0.000000000000000000e+00,-0.000000000000000000e+00,-0.000000000000000000e+00,-0.000000000000000000e+00,3.273931628213320316e-02,0.000000000000000000e+00,-0.000000000000000000e+00,-0.000000000000000000e+00,-0.000000000000000000e+00,-3.904364666402247025e-02,-1.941640449293896564e-01,-0.000000000000000000e+00,-0.000000000000000000e+00,-1.356474080883107447e-01,-0.000000000000000000e+00,-0.000000000000000000e+00,-1.816998344525528053e-01,-0.000000000000000000e+00,1.787622239830394477e+00,-3.911593681747609907e-01,-0.000000000000000000e+00,-0.000000000000000000e+00,-0.000000000000000000e+00,-0.000000000000000000e+00,-0.000000000000000000e+00
-3.219819649732165723e-01,-0.000000000000000000e+00,-0.000000000000000000e+00,1.084007862235640829e-01,-3.102193009204831653e-01,0.000000000000000000e+00,0.000000000000000000e+00,0.000000000000000000e+00,-6.375363714818364780e-02,-0.000000000000000000e+00,0.000000000000000000e+00,-0.000000000000000000e+00,0.000000000000000000e+00,-0.000000000000000000e+00,0.000000000000000000e+00,-0.000000000000000000e+00,-0.000000000000000000e+00,-0.000000000000000000e+00,0.000000000000000000e+00,-0.000000000000000000e+00,0.000000000000000000e+00,-0.000000000000000000e+00,-3.450560704476943880e-02,-0.000000000000000000e+00,-0.000000000000000000e+00,-0.000000000000000000e+00,-7.559906055063539410e-02,-1.754821350905327038e-01,-0.000000000000000000e+00,-0.000000000000000000e+00,-1.927640616548275121e-01,-0.000000000000000000e+00,-3.911593681747609907e-01,1.796496940916717078e+00,-0.000000000000000000e+00,-0.000000000000000000e+00,-0.000000000000000000e+00,-0.000000000000000000e+00,-0.000000000000000000e+00
-2.944789624282700621e-02,-1.295828450107571750e-01,-1.424775894755357566e-03,-0.000000000000000000e+00,-0.000000000000000000e+00,-1.610662718573577235e-01,-0.000000000000000000e+00,0.000000000000000000e+00,-0.000000000000000000e+00,-1.983856595782740040e-01,-4.773946458978619439e-02,-0.000000000000000000e+00,0.000000000000000000e+00,-1.016057635711276608e-01,0.000000000000000000e+00,-1.730803187499994344e-01,-2.032413699023036258e-01,-0.000000000000000000e+00,0.000000000000000000e+00,0.000000000000000000e+00,-0.000000000000000000e+00,0.000000000000000000e+00,-0.000000000000000000e+00,-2.729022021355833119e-02,-5.910185221669684436e-02,-0.000000000000000000e+00,-0.000000000000000000e+00,-0.000000000000000000e+00,-3.723498769732008773e-01,-4.020814774165766547e-02,-8.149270051818634231e-02,-3.082821996266373321e-01,-0.000000000000000000e+00,-0.000000000000000000e+00,2.541688020349303301e+00,-1.342412083422291069e-01,-5.527041894066535566e-01,-0.000000000000000000e+00,-0.000000000000000000e+00
-0.000000000000000000e+00,-0.000000000000000000e+00,-0.000000000000000000e+00,0.000000000000000000e+00,-0.000000000000000000e+00,-0.000000000000000000e+00,0.000000000000000000e+00,0.000000000000000000e+00,-0.000000000000000000e+00,-2.318088612621286571e-01,-0.000000000000000000e+00,-0.000000000000000000e+00,0.000000000000000000e+00,-0.000000000000000000e+00,0.000000000000000000e+00,-3.675549635154395367e-01,-0.000000000000000000e+00,-0.000000000000000000e+00,0.000000000000000000e+00,-0.000000000000000000e+00,-0.000000000000000000e+00,-0.000000000000000000e+00,-0.000000000000000000e+00,-0.000000000000000000e+00,-0.000000000000000000e+00,-1.911470635944699514e-01,-9.459274212812508742e-02,-0.000000000000000000e+00,-2.421702263060124538e-01,-1.435302553293800187e-01,-0.000000000000000000e+00,-8.521518257736172830e-02,-0.000000000000000000e+00,-0.000000000000000000e+00,-1.342412083422291069e-01,1.859082171453493082e+00,-1.265535469199156882e-01,-0.000000000000000000e+00,0.000000000000000000e+00
-0.000000000000000000e+00,-1.099255960984973912e-01,-4.519514402611616438e-02,-0.000000000000000000e+00,-0.000000000000000000e+00,-1.536044775669389850e-01,-0.000000000000000000e+00,0.000000000000000000e+00,-0.000000000000000000e+00,-1.241396478101054884e-01,-1.510222247371997839e-01,-0.000000000000000000e+00,0.000000000000000000e+00,-6.529734356950393781e-02,0.000000000000000000e+00,-0.000000000000000000e+00,-1.590783419138064314e-01,-0.000000000000000000e+00,0.000000000000000000e+00,0.000000000000000000e+00,-0.000000000000000000e+00,0.000000000000000000e+00,-0.000000000000000000e+00,-8.418679172656315379e-02,-1.485219667888998396e-01,-0.000000000000000000e+00,-0.000000000000000000e+00,-0.000000000000000000e+00,-4.340718383111018541e-01,-2.395444927204684951e-02,-0.000000000000000000e+00,-3.769691941193478724e-01,-0.000000000000000000e+00,-0.000000000000000000e+00,-5.527041894066535566e-01,-1.265535469199156882e-01,2.493957325701162464e+00,-0.000000000000000000e+00,0.000000000000000000e+00
-3.860711747397142790e-02,-8.032743576210858716e-03,-2.847086817273279391e-01,-0.000000000000000000e+00,-2.752533553872931749e-01,-0.000000000000000000e+00,-0.000000000000000000e+00,2.107346675254118951e-01,-1.816816772255877843e-01,-1.241598250435831247e-01,-0.000000000000000000e+00,0.000000000000000000e+00,0.000000000000000000e+00,-1.566849959322222652e-01,3.323371918521688118e-01,-0.000000000000000000e+00,-0.000000000000000000e+00,-1.007165908966224099e-01,0.000000000000000000e+00,0.000000000000000000e+00,-0.000000000000000000e+00,0.000000000000000000e+00,-1.307047038184002141e-01,-2.565609939330417560e-02,-0.000000000000000000e+00,-0.000000000000000000e+00,-0.000000000000000000e+00,-0.000000000000000000e+00,-0.000000000000000000e+00,-2.234528227729837280e-01,-0.000000000000000000e+00,-0.000000000000000000e+00,-0.000000000000000000e+00,-0.000000000000000000e+00,-0.000000000000000000e+00,-0.000000000000000000e+00,-0.000000000000000000e+00,2.146901217865651024e+00,-3.092899839441452525e-01
-0.000000000000000000e+00,-6.327229791225540134e-02,-0.000000000000000000e+00,-0.000000000000000000e+00,-0.000000000000000000e+00,0.000000000000000000e+00,-7.119425248033788012e-02,0.000000000000000000e+00,-2.583045970033476801e-01,-0.000000000000000000e+00,-0.000000000000000000e+00,0.000000000000000000e+00,-3.362580342136860939e-02,-0.000000000000000000e+00,0.000000000000000000e+00,-0.000000000000000000e+00,-0.000000000000000000e+00,-2.394471127604052077e-02,0.000000000000000000e+00,0.000000000000000000e+00,-0.000000000000000000e+00,-0.000000000000000000e+00,-2.881252653172289846e-01,-0.000000000000000000e+00,-0.000000000000000000e+00,0.000000000000000000e+00,-0.000000000000000000e+00,-0.000000000000000000e+00,0.000000000000000000e+00,-0.000000000000000000e+00,-0.000000000000000000e+00,-0.000000000000000000e+00,-0.000000000000000000e+00,-0.000000000000000000e+00,-0.000000000000000000e+00,0.000000000000000000e+00,0.000000000000000000e+00,-3.092899839441452525e-01,1.393724073083781434e+00
