2.273017372449035012e+00,-6.376404160187096881e-01,-0.000000000000000000e+00,-0.000000000000000000e+00,-1.160333556150549189e-04,0.000000000000000000e+00,-0.000000000000000000e+00,0.000000000000000000e+00,-1.975645389569428700e-01,-1.493795643456853617e-01,-6.765252724240780613e-02,-0.000000000000000000e+00,-0.000000000000000000e+00,-4.162208788900967349e-02,-0.000000000000000000e+00,-0.000000000000000000e+00,-0.000000000000000000e+00,-0.000000000000000000e+00,-0.000000000000000000e+00,-0.000000000000000000e+00,0.000000000000000000e+00,-0.000000000000000000e+00,-0.000000000000000000e+00,-0.000000000000000000e+00,-1.582432653730675085e-02,-0.000000000000000000e+00,-0.000000000000000000e+00,-0.000000000000000000e+00,-4.739504963919136116e-01,-3.465334759759015060e-01,-0.000000000000000000e+00,-0.000000000000000000e+00,-0.000000000000000000e+00,-0.000000000000000000e+00,-0.000000000000000000e+00,-0.000000000000000000e+00,-0.000000000000000000e+00,-1.030607174092628281e-01,-2.166469708119805326e-01
-6.376404160187096881e-01,2.130998283577378416e+00,-0.000000000000000000e+00,-0.000000000000000000e+00,-0.000000000000000000e+00,-0.000000000000000000e+00,-0.000000000000000000e+00,0.000000000000000000e+00,-1.034227605839612568e-01,-1.236920627137522571e-01,-1.230679451849136935e-01,-0.000000000000000000e+00,0.000000000000000000e+00,-0.000000000000000000e+00,-0.000000000000000000e+00,-0.000000000000000000e+00,-0.000000000000000000e+00,-0.000000000000000000e+00,-0.000000000000000000e+00,-0.000000000000000000e+00,0.000000000000000000e+00,-0.000000000000000000e+00,-0.000000000000000000e+00,-0.000000000000000000e+00,-0.000000000000000000e+00,-5.114081584632256261e-01,-0.000000000000000000e+00,-0.000000000000000000e+00,-2.742912525388409017e-01,-1.046141629053194549e-01,-0.000000000000000000e+00,-8.641602496652969756e-02,-0.000000000000000000e+00,-0.000000000000000000e+00,-0.000000000000000000e+00,-0.000000000000000000e+00,-1.163999921247262925e-01,-0.000000000000000000e+00,-0.000000000000000000e+00
-0.000000000000000000e+00,-0.000000000000000000e+00,2.317171499174335736e+00,0.000000000000000000e+00,-4.373223934800583579e-01,0.000000000000000000e+00,-0.000000000000000000e+00,9.724294201199056298e-01,-6.180567272916179244e-02,-0.000000000000000000e+00,-0.000000000000000000e+00,0.000000000000000000e+00,0.000000000000000000e+00,-0.000000000000000000e+00,0.000000000000000000e+00,-0.000000000000000000e+00,-0.000000000000000000e+00,-0.000000000000000000e+00,-0.000000000000000000e+00,-0.000000000000000000e+00,-1.913527369884359675e-01,-7.829140625786376595e-02,-3.219449794963918227e-02,-1.221669818583785011e-02,-0.000000000000000000e+00,-0.000000000000000000e+00,-0.000000000000000000e+00,-0.000000000000000000e+00,-0.000000000000000000e+00,-9.405488373669698698e-02,-2.115208227731025792e-01,-0.000000000000000000e+00,-1.420711344835524220e-02,-2.462344168178383363e-01,-0.000000000000000000e+00,0.000000000000000000e+00,-0.000000000000000000e+00,-0.000000000000000000e+00,-0.000000000000000000e+00
-0.000000000000000000e+00,-0.000000000000000000e+00,0.000000000000000000e+00,2.147429815548244747e+00,-0.000000000000000000e+00,2.000233049924869388e-01,-5.161288982998951669e-01,0.000000000000000000e+00,-0.000000000000000000e+00,-0.000000000000000000e+00,-0.000000000000000000e+00,-4.569079343883337141e-01,-1.491889323010284485e-01,-0.000000000000000000e+00,-1.145989345181991220e-01,-1.996431744105354178e-01,-0.000000000000000000e+00,-0.000000000000000000e+00,-0.000000000000000000e+00,-5.739089997542830002e-01,0.000000000000000000e+00,-0.000000000000000000e+00,-0.000000000000000000e+00,0.000000000000000000e+00,-0.000000000000000000e+00,-0.000000000000000000e+00,-0.000000000000000000e+00,-0.000000000000000000e+00,-0.000000000000000000e+00,-0.000000000000000000e+00,-0.000000000000000000e+00,0.000000000000000000e+00,-0.000000000000000000e+00,-0.000000000000000000e+00,-0.000000000000000000e+00,-4.351842288741438608e-02,-0.000000000000000000e+00,-0.000000000000000000e+00,-0.000000000000000000e+00
-1.160333556150549189e-04,-0.000000000000000000e+00,-4.373223934800583579e-01,-0.000000000000000000e+00,2.064990805482198155e+00,0.000000000000000000e+00,-0.000000000000000000e+00,7.673161878195168539e-02,-1.645277646908852032e-01,-0.000000000000000000e+00,-0.000000000000000000e+00,-0.000000000000000000e+00,0.000000000000000000e+00,-2.747602990074956009e-01,-0.000000000000000000e+00,-0.000000000000000000e+00,-0.000000000000000000e+00,-0.000000000000000000e+00,-0.000000000000000000e+00,-0.000000000000000000e+00,-1.657538349643550846e-01,-0.000000000000000000e+00,-0.000000000000000000e+00,-6.062896871836358920e-02,-0.000000000000000000e+00,-0.000000000000000000e+00,-0.000000000000000000e+00,-0.000000000000000000e+00,-0.000000000000000000e+00,-1.997920983525866001e-01,-3.645226038454760925e-02,-0.000000000000000000e+00,-1.951644982004791251e-01,-4.756873937137386377e-01,-0.000000000000000000e+00,0.000000000000000000e+00,-0.000000000000000000e+00,-0.000000000000000000e+00,-0.000000000000000000e+00
0.000000000000000000e+00,-0.000000000000000000e+00,0.000000000000000000e+00,2.000233049924869388e-01,0.000000000000000000e+00,1.244755958151722242e+00,0.000000000000000000e+00,-0.000000000000000000e+00,0.000000000000000000e+00,0.000000000000000000e+00,0.000000000000000000e+00,0.000000000000000000e+00,3.149968911179628073e-01,0.000000000000000000e+00,0.000000000000000000e+00,0.000000000000000000e+00,0.000000000000000000e+00,0.000000000000000000e+00,0.000000000000000000e+00,0.000000000000000000e+00,0.000000000000000000e+00,8.206621071159068970e-02,0.000000000000000000e+00,-0.000000000000000000e+00,0.000000000000000000e+00,-0.000000000000000000e+00,0.000000000000000000e+00,0.000000000000000000e+00,0.000000000000000000e+00,0.000000000000000000e+00,-0.000000000000000000e+00,-1.411641567381204942e-01,0.000000000000000000e+00,0.000000000000000000e+00,-0.000000000000000000e+00,3.616434209517699339e-02,-0.000000000000000000e+00,0.000000000000000000e+00,1.676564202299818673e-01
-0.000000000000000000e+00,-0.000000000000000000e+00,-0.000000000000000000e+00,-5.161288982998951669e-01,-0.000000000000000000e+00,0.000000000000000000e+00,1.707682074840600972e+00,7.567556434171998636e-02,-1.341568109553795997e-02,-0.000000000000000000e+00,-0.000000000000000000e+00,-0.000000000000000000e+00,-0.000000000000000000e+00,-2.516890787054703038e-01,-0.000000000000000000e+00,-1.620609802067231320e-01,-0.000000000000000000e+00,-0.000000000000000000e+00,-0.000000000000000000e+00,-3.275054813395432141e-01,-0.000000000000000000e+00,-0.000000000000000000e+00,-0.000000000000000000e+00,-0.000000000000000000e+00,-9.960362412312566416e-03,-0.000000000000000000e+00,-0.000000000000000000e+00,-0.000000000000000000e+00,-0.000000000000000000e+00,-0.000000000000000000e+00,-0.000000000000000000e+00,0.000000000000000000e+00,-0.000000000000000000e+00,-0.000000000000000000e+00,-6.017123806602642407e-03,-0.000000000000000000e+00,-0.000000000000000000e+00,-0.000000000000000000e+00,-6.099399680591301859e-02
0.000000000000000000e+00,0.000000000000000000e+00,9.724294201199056298e-01,0.000000000000000000e+00,7.673161878195168539e-02,-0.000000000000000000e+00,7.567556434171998636e-02,1.965636147448549309e+00,1.325921630001863083e-01,0.000000000000000000e+00,0.000000000000000000e+00,0.000000000000000000e+00,-0.000000000000000000e+00,4.287854770164109541e-02,-0.000000000000000000e+00,0.000000000000000000e+00,0.000000000000000000e+00,0.000000000000000000e+00,0.000000000000000000e+00,0.000000000000000000e+00,0.000000000000000000e+00,1.892092184755924389e-01,0.000000000000000000e+00,0.000000000000000000e+00,0.000000000000000000e+00,0.000000000000000000e+00,0.000000000000000000e+00,0.000000000000000000e+00,0.000000000000000000e+00,3.185880231040774668e-02,4.384732539416903024e-02,0.000000000000000000e+00,0.000000000000000000e+00,1.170348635518550229e-01,7.486928893866017995e-03,-0.000000000000000000e+00,0.000000000000000000e+00,4.225432056549170701e-02,0.000000000000000000e+00
-1.975645389569428700e-01,-1.034227605839612568e-01,-6.180567272916179244e-02,-0.000000000000000000e+00,-1.645277646908852032e-01,0.000000000000000000e+00,-1.341568109553795997e-02,1.325921630001863083e-01,2.428428839322799071e+00,-1.249931116918682472e-01,-1.602566242294391208e-01,-0.000000000000000000e+00,-0.000000000000000000e+00,-2.314310077558931200e-01,-0.000000000000000000e+00,-9.022228671711830794e-02,-0.000000000000000000e+00,-0.000000000000000000e+00,-0.000000000000000000e+00,-0.000000000000000000e+00,-0.000000000000000000e+00,-1.066309768852237438e-02,-4.121301464680898752e-02,-0.000000000000000000e+00,-1.651595719934321749e-01,-1.896326981217526797e-01,-9.749676226160778128e-03,-2.086580950854363126e-01,-9.053399722820955342e-02,-2.897031505699089182e-01,-1.462796469288548395e-01,-0.000000000000000000e+00,-0.000000000000000000e+00,-1.038458274024247757e-01,-0.000000000000000000e+00,-0.000000000000000000e+00,-0.000000000000000000e+00,-1.971886717165128866e-01,-0.000000000000000000e+00
-1.493795643456853617e-01,-1.236920627137522571e-01,-0.000000000000000000e+00,-0.000000000000000000e+00,-0.000000000000000000e+00,0.000000000000000000e+00,-0.000000000000000000e+00,0.000000000000000000e+00,-1.249931116918682472e-01,2.001802218723401250e+00,-0.000000000000000000e+00,-9.948345078590156015e-03,-0.000000000000000000e+00,-0.000000000000000000e+00,-0.000000000000000000e+00,-7.073129163872959868e-01,-0.000000000000000000e+00,-0.000000000000000000e+00,-0.000000000000000000e+00,-0.000000000000000000e+00,0.000000000000000000e+00,-0.000000000000000000e+00,-0.000000000000000000e+00,0.000000000000000000e+00,-2.130543887613257914e-02,-2.948413863667551441e-02,-5.761475890693427970e-02,-0.000000000000000000e+00,-1.880047640388970431e-01,-0.000000000000000000e+00,-0.000000000000000000e+00,-0.000000000000000000e+00,0.000000000000000000e+00,-0.000000000000000000e+00,-0.000000000000000000e+00,-0.000000000000000000e+00,-0.000000000000000000e+00,-1.553788574133226075e-01,-2.479749808667888467e-01
-6.765252724240780613e-02,-1.230679451849136935e-01,-0.000000000000000000e+00,-0.000000000000000000e+00,-0.000000000000000000e+00,0.000000000000000000e+00,-0.000000000000000000e+00,0.000000000000000000e+00,-1.602566242294391208e-01,-0.000000000000000000e+00,1.897768448007519648e+00,-4.712812421780585709e-02,-0.000000000000000000e+00,-3.343607430331808905e-02,-0.000000000000000000e+00,-0.000000000000000000e+00,-4.869418111851379627e-01,-0.000000000000000000e+00,-0.000000000000000000e+00,-0.000000000000000000e+00,0.000000000000000000e+00,-0.000000000000000000e+00,-0.000000000000000000e+00,-0.000000000000000000e+00,-0.000000000000000000e+00,-4.685076282241162210e-02,-3.126695899196972328e-01,-2.354529791721725884e-01,-1.310878524508742038e-01,-0.000000000000000000e+00,-5.199544157300581976e-02,-1.577737239787922185e-01,-0.000000000000000000e+00,-0.000000000000000000e+00,-0.000000000000000000e+00,-0.000000000000000000e+00,-0.000000000000000000e+00,-0.000000000000000000e+00,-0.000000000000000000e+00
-0.000000000000000000e+00,-0.000000000000000000e+00,0.000000000000000000e+00,-4.569079343883337141e-01,-0.000000000000000000e+00,0.000000000000000000e+00,-0.000000000000000000e+00,0.000000000000000000e+00,-0.000000000000000000e+00,-9.948345078590156015e-03,-4.712812421780585709e-02,1.917318745469521746e+00,-7.527991920678039905e-02,-0.000000000000000000e+00,-2.270970086497010043e-01,-0.000000000000000000e+00,-8.346215639729934188e-02,-0.000000000000000000e+00,-0.000000000000000000e+00,-0.000000000000000000e+00,0.000000000000000000e+00,-0.000000000000000000e+00,-0.000000000000000000e+00,-0.000000000000000000e+00,-0.000000000000000000e+00,-0.000000000000000000e+00,-3.825034198306477284e-01,-1.597320435947080508e-01,-4.693801544143649113e-02,-0.000000000000000000e+00,-0.000000000000000000e+00,-0.000000000000000000e+00,-0.000000000000000000e+00,-0.000000000000000000e+00,-0.000000000000000000e+00,-8.178265543354708289e-02,-0.000000000000000000e+00,-0.000000000000000000e+00,-3.432872308529290595e-01
-0.000000000000000000e+00,0.000000000000000000e+00,0.000000000000000000e+00,-1.491889323010284485e-01,0.000000000000000000e+00,3.149968911179628073e-01,-0.000000000000000000e+00,-0.000000000000000000e+00,-0.000000000000000000e+00,-0.000000000000000000e+00,-0.000000000000000000e+00,-7.527991920678039905e-02,1.271520122867841662e+00,-0.000000000000000000e+00,-1.530633833529285448e-01,-0.000000000000000000e+00,-0.000000000000000000e+00,-0.000000000000000000e+00,0.000000000000000000e+00,-3.892814481730944021e-02,0.000000000000000000e+00,-0.000000000000000000e+00,-0.000000000000000000e+00,0.000000000000000000e+00,-0.000000000000000000e+00,-0.000000000000000000e+00,-0.000000000000000000e+00,-0.000000000000000000e+00,-0.000000000000000000e+00,0.000000000000000000e+00,2.067631139338700907e-01,1.391296293389263083e-01,-0.000000000000000000e+00,0.000000000000000000e+00,0.000000000000000000e+00,-1.172094279317902471e-01,0.000000000000000000e+00,-0.000000000000000000e+00,-0.000000000000000000e+00
-4.162208788900967349e-02,-0.000000000000000000e+00,-0.000000000000000000e+00,-0.000000000000000000e+00,-2.747602990074956009e-01,0.000000000000000000e+00,-2.516890787054703038e-01,4.287854770164109541e-02,-2.314310077558931200e-01,-0.000000000000000000e+00,-3.343607430331808905e-02,-0.000000000000000000e+00,-0.000000000000000000e+00,2.052100081094348827e+00,-0.000000000000000000e+00,-0.000000000000000000e+00,-0.000000000000000000e+00,-4.300370949222904896e-04,-0.000000000000000000e+00,-2.567441309318239107e-01,-0.000000000000000000e+00,-2.857050310144997884e-01,-1.453169277411694438e-01,-1.146388757894549297e-02,-1.212443847737601083e-01,-0.000000000000000000e+00,-0.000000000000000000e+00,-1.583946636041066169e-01,-0.000000000000000000e+00,-1.969826727190542720e-02,-0.000000000000000000e+00,-0.000000000000000000e+00,-3.188279922569428604e-02,-2.373291994874009991e-01,-0.000000000000000000e+00,-0.000000000000000000e+00,-0.000000000000000000e+00,-0.000000000000000000e+00,-0.000000000000000000e+00
-0.000000000000000000e+00,-0.000000000000000000e+00,0.000000000000000000e+00,-1.145989345181991220e-01,-0.000000000000000000e+00,0.000000000000000000e+00,-0.000000000000000000e+00,-0.000000000000000000e+00,-0.000000000000000000e+00,-0.000000000000000000e+00,-0.000000000000000000e+00,-2.270970086497010043e-01,-1.530633833529285448e-01,-0.000000000000000000e+00,1.585971439649257908e+00,-0.000000000000000000e+00,-5.593709167953676148e-02,-2.008897221303232172e-01,-0.000000000000000000e+00,-4.907419638788081406e-01,0.000000000000000000e+00,-0.000000000000000000e+00,-5.844556119456466997e-02,-0.000000000000000000e+00,-0.000000000000000000e+00,-0.000000000000000000e+00,-0.000000000000000000e+00,-9.499821959833985169e-03,-0.000000000000000000e+00,-0.000000000000000000e+00,-0.000000000000000000e+00,0.000000000000000000e+00,-0.000000000000000000e+00,-0.000000000000000000e+00,-0.000000000000000000e+00,-9.048447976746933075e-02,-0.000000000000000000e+00,-0.000000000000000000e+00,-2.393193861862489766e-02
-0.000000000000000000e+00,-0.000000000000000000e+00,-0.000000000000000000e+00,-1.996431744105354178e-01,-0.000000000000000000e+00,0.000000000000000000e+00,-1.620609802067231320e-01,0.000000000000000000e+00,-9.022228671711830794e-02,-7.073129163872959868e-01,-0.000000000000000000e+00,-0.000000000000000000e+00,-0.000000000000000000e+00,-0.000000000000000000e+00,-0.000000000000000000e+00,2.355273850877329433e+00,-0.000000000000000000e+00,-0.000000000000000000e+00,-0.000000000000000000e+00,-8.630843087588348228e-02,0.000000000000000000e+00,-0.000000000000000000e+00,-1.038524720093370740e-01,-0.000000000000000000e+00,-2.933441379252347825e-01,-2.597558393359277254e-03,-0.000000000000000000e+00,-2.464181113003328649e-01,-0.000000000000000000e+00,-0.000000000000000000e+00,-0.000000000000000000e+00,-0.000000000000000000e+00,-0.000000000000000000e+00,-0.000000000000000000e+00,-1.372387693472111939e-02,-5.610570188605759623e-02,-0.000000000000000000e+00,-3.432882718802646727e-01,-1.650151765295862771e-01
-0.000000000000000000e+00,-0.000000000000000000e+00,-0.000000000000000000e+00,-0.000000000000000000e+00,-0.000000000000000000e+00,0.000000000000000000e+00,-0.000000000000000000e+00,0.000000000000000000e+00,-0.000000000000000000e+00,-0.000000000000000000e+00,-4.869418111851379627e-01,-8.346215639729934188e-02,-0.000000000000000000e+00,-0.000000000000000000e+00,-5.593709167953676148e-02,-0.000000000000000000e+00,1.556042460574328601e+00,-0.000000000000000000e+00,-0.000000000000000000e+00,-6.023685142963618178e-02,0.000000000000000000e+00,-0.000000000000000000e+00,-0.000000000000000000e+00,-0.000000000000000000e+00,-0.000000000000000000e+00,-2.436393492755982715e-01,-1.279528570199820955e-02,-2.014543588625372639e-01,-3.237997915255223097e-02,-0.000000000000000000e+00,-0.000000000000000000e+00,-3.946386435370192319e-02,-0.000000000000000000e+00,-0.000000000000000000e+00,-0.000000000000000000e+00,-0.000000000000000000e+00,-0.000000000000000000e+00,-0.000000000000000000e+00,-0.000000000000000000e+00
-0.000000000000000000e+00,-0.000000000000000000e+00,-0.000000000000000000e+00,-0.000000000000000000e+00,-0.000000000000000000e+00,0.000000000000000000e+00,-0.000000000000000000e+00,0.000000000000000000e+00,-0.000000000000000000e+00,-0.000000000000000000e+00,-0.000000000000000000e+00,-0.000000000000000000e+00,-0.000000000000000000e+00,-4.300370949222904896e-04,-2.008897221303232172e-01,-0.000000000000000000e+00,-0.000000000000000000e+00,1.687279925846191242e+00,-7.692512686849699577e-01,-2.210152361713788732e-02,-0.000000000000000000e+00,-2.061063383461136586e-02,-8.399837099202625557e-02,-0.000000000000000000e+00,-0.000000000000000000e+00,-0.000000000000000000e+00,-0.000000000000000000e+00,-2.875108594728663647e-01,-0.000000000000000000e+00,-5.002721931857751457e-03,-0.000000000000000000e+00,-0.000000000000000000e+00,-7.968303505233023665e-02,-0.000000000000000000e+00,-0.000000000000000000e+00,-0.000000000000000000e+00,-0.000000000000000000e+00,-0.000000000000000000e+00,-0.000000000000000000e+00
-0.000000000000000000e+00,-0.000000000000000000e+00,-0.000000000000000000e+00,-0.000000000000000000e+00,-0.000000000000000000e+00,0.000000000000000000e+00,-0.000000000000000000e+00,0.000000000000000000e+00,-0.000000000000000000e+00,-0.000000000000000000e+00,-0.000000000000000000e+00,-0.000000000000000000e+00,0.000000000000000000e+00,-0.000000000000000000e+00,-0.000000000000000000e+00,-0.000000000000000000e+00,-0.000000000000000000e+00,-7.692512686849699577e-01,1.567565413239769834e+00,-0.000000000000000000e+00,-0.000000000000000000e+00,-0.000000000000000000e+00,-1.654435722406481235e-01,-0.000000000000000000e+00,-9.323226752831567654e-02,-0.000000000000000000e+00,-3.404134832735193628e-02,-0.000000000000000000e+00,-0.000000000000000000e+00,-0.000000000000000000e+00,-9.040665433201316992e-02,-0.000000000000000000e+00,-4.310457694071662821e-02,-0.000000000000000000e+00,-0.000000000000000000e+00,0.000000000000000000e+00,-0.000000000000000000e+00,-0.000000000000000000e+00,-0.000000000000000000e+00
-0.000000000000000000e+00,-0.000000000000000000e+00,-0.000000000000000000e+00,-5.739089997542830002e-01,-0.000000000000000000e+00,0.000000000000000000e+00,-3.275054813395432141e-01,0.000000000000000000e+00,-0.000000000000000000e+00,-0.000000000000000000e+00,-0.000000000000000000e+00,-0.000000000000000000e+00,-3.892814481730944021e-02,-2.567441309318239107e-01,-4.907419638788081406e-01,-8.630843087588348228e-02,-6.023685142963618178e-02,-2.210152361713788732e-02,-0.000000000000000000e+00,2.229007386738298901e+00,0.000000000000000000e+00,-8.888251529016452657e-02,-4.227763371828383021e-03,-0.000000000000000000e+00,-1.219906539598262507e-01,-0.000000000000000000e+00,-0.000000000000000000e+00,-1.421081131406919662e-01,-0.000000000000000000e+00,-0.000000000000000000e+00,-0.000000000000000000e+00,0.000000000000000000e+00,-0.000000000000000000e+00,-0.000000000000000000e+00,-0.000000000000000000e+00,-4.686202472934685587e-02,-0.000000000000000000e+00,-0.000000000000000000e+00,-1.213795382609458573e-01
0.000000000000000000e+00,0.000000000000000000e+00,-1.913527369884359675e-01,0.000000000000000000e+00,-1.657538349643550846e-01,0.000000000000000000e+00,-0.000000000000000000e+00,0.000000000000000000e+00,-0.000000000000000000e+00,0.000000000000000000e+00,0.000000000000000000e+00,0.000000000000000000e+00,0.000000000000000000e+00,-0.000000000000000000e+00,0.000000000000000000e+00,0.000000000000000000e+00,0.000000000000000000e+00,-0.000000000000000000e+00,-0.000000000000000000e+00,0.000000000000000000e+00,1.442676804788143308e+00,-2.070488736623455062e-01,-0.000000000000000000e+00,-0.000000000000000000e+00,-0.000000000000000000e+00,0.000000000000000000e+00,0.000000000000000000e+00,0.000000000000000000e+00,0.000000000000000000e+00,-0.000000000000000000e+00,-0.000000000000000000e+00,0.000000000000000000e+00,-4.483256077415717078e-01,-0.000000000000000000e+00,0.000000000000000000e+00,0.000000000000000000e+00,0.000000000000000000e+00,-0.000000000000000000e+00,0.000000000000000000e+00
-0.000000000000000000e+00,-0.000000000000000000e+00,-7.829140625786376595e-02,-0.000000000000000000e+00,-0.000000000000000000e+00,8.206621071159068970e-02,-0.000000000000000000e+00,1.892092184755924389e-01,-1.066309768852237438e-02,-0.000000000000000000e+00,-0.000000000000000000e+00,-0.000000000000000000e+00,-0.000000000000000000e+00,-2.857050310144997884e-01,-0.000000000000000000e+00,-0.000000000000000000e+00,-0.000000000000000000e+00,-2.061063383461136586e-02,-0.000000000000000000e+00,-8.888251529016452657e-02,-2.070488736623455062e-01,1.746676996671594928e+00,-8.921689189670892195e-02,-0.000000000000000000e+00,-1.034016187662987613e-01,-0.000000000000000000e+00,-0.000000000000000000e+00,-0.000000000000000000e+00,-0.000000000000000000e+00,-4.774923974265686544e-02,-0.000000000000000000e+00,0.000000000000000000e+00,-4.023679414677742705e-01,-1.146779593071709236e-01,-0.000000000000000000e+00,-0.000000000000000000e+00,-0.000000000000000000e+00,-0.000000000000000000e+00,-0.000000000000000000e+00
-0.000000000000000000e+00,-0.000000000000000000e+00,-3.219449794963918227e-02,-0.000000000000000000e+00,-0.000000000000000000e+00,0.000000000000000000e+00,-0.000000000000000000e+00,0.000000000000000000e+00,-4.121301464680898752e-02,-0.000000000000000000e+00,-0.000000000000000000e+00,-0.000000000000000000e+00,-0.000000000000000000e+00,-1.453169277411694438e-01,-5.844556119456466997e-02,-1.038524720093370740e-01,-0.000000000000000000e+00,-8.399837099202625557e-02,-1.654435722406481235e-01,-4.227763371828383021e-03,-0.000000000000000000e+00,-8.921689189670892195e-02,1.758911913018975204e+00,-0.000000000000000000e+00,-4.422765833034046912e-01,-2.522614620495444715e-01,-3.278892217253733671e-02,-2.110480503340493065e-03,-0.000000000000000000e+00,-1.762407268191990561e-01,-0.000000000000000000e+00,-0.000000000000000000e+00,-2.722207180616498245e-02,-0.000000000000000000e+00,-0.000000000000000000e+00,-0.000000000000000000e+00,-0.000000000000000000e+00,-0.000000000000000000e+00,-0.000000000000000000e+00
-0.000000000000000000e+00,-0.000000000000000000e+00,-1.221669818583785011e-02,0.000000000000000000e+00,-6.062896871836358920e-02,-0.000000000000000000e+00,-0.000000000000000000e+00,0.000000000000000000e+00,-0.000000000000000000e+00,0.000000000000000000e+00,-0.000000000000000000e+00,-0.000000000000000000e+00,0.000000000000000000e+00,-1.146388757894549297e-02,-0.000000000000000000e+00,-0.000000000000000000e+00,-0.000000000000000000e+00,-0.000000000000000000e+00,-0.000000000000000000e+00,-0.000000000000000000e+00,-0.000000000000000000e+00,-0.000000000000000000e+00,-0.000000000000000000e+00,1.153890410469956329e+00,-0.000000000000000000e+00,-0.000000000000000000e+00,-0.000000000000000000e+00,-0.000000000000000000e+00,0.000000000000000000e+00,-0.000000000000000000e+00,-0.000000000000000000e+00,-0.000000000000000000e+00,-2.654273407343197277e-01,-0.000000000000000000e+00,-0.000000000000000000e+00,0.000000000000000000e+00,-2.354296323990010265e-01,-0.000000000000000000e+00,0.000000000000000000e+00
-1.582432653730675085e-02,-0.000000000000000000e+00,-0.000000000000000000e+00,-0.000000000000000000e+00,-0.000000000000000000e+00,0.000000000000000000e+00,-9.960362412312566416e-03,0.000000000000000000e+00,-1.651595719934321749e-01,-2.130543887613257914e-02,-0.000000000000000000e+00,-0.000000000000000000e+00,-0.000000000000000000e+00,-1.212443847737601083e-01,-0.000000000000000000e+00,-2.933441379252347825e-01,-0.000000000000000000e+00,-0.000000000000000000e+00,-9.323226752831567654e-02,-1.219906539598262507e-01,-0.000000000000000000e+00,-1.034016187662987613e-01,-4.422765833034046912e-01,-0.000000000000000000e+00,2.250047825780059352e+00,-4.871773341027663129e-02,-1.017286677712712639e-01,-0.000000000000000000e+00,-6.621728273759729111e-02,-3.551802568085238310e-01,-0.000000000000000000e+00,-0.000000000000000000e+00,-0.000000000000000000e+00,-0.000000000000000000e+00,-0.000000000000000000e+00,-0.000000000000000000e+00,-0.000000000000000000e+00,-9.831917924868614767e-02,-3.216055848769691639e-01
-0.000000000000000000e+00,-5.114081584632256261e-01,-0.000000000000000000e+00,-0.000000000000000000e+00,-0.000000000000000000e+00,-0.000000000000000000e+00,-0.000000000000000000e+00,0.000000000000000000e+00,-1.896326981217526797e-01,-2.948413863667551441e-02,-4.685076282241162210e-02,-0.000000000000000000e+00,-0.000000000000000000e+00,-0.000000000000000000e+00,-0.000000000000000000e+00,-2.597558393359277254e-03,-2.436393492755982715e-01,-0.000000000000000000e+00,-0.000000000000000000e+00,-0.000000000000000000e+00,0.000000000000000000e+00,-0.000000000000000000e+00,-2.522614620495444715e-01,-0.000000000000000000e+00,-4.871773341027663129e-02,2.244138243610050321e+00,-3.503110865763093829e-01,-2.643072188125504263e-01,-2.467210233650446449e-01,-0.000000000000000000e+00,-4.160947004711630301e-03,-1.734365772188417310e-01,-0.000000000000000000e+00,-0.000000000000000000e+00,-0.000000000000000000e+00,-0.000000000000000000e+00,-0.000000000000000000e+00,-0.000000000000000000e+00,-0.000000000000000000e+00
-0.000000000000000000e+00,-0.000000000000000000e+00,-0.000000000000000000e+00,-0.000000000000000000e+00,-0.000000000000000000e+00,0.000000000000000000e+00,-0.000000000000000000e+00,0.000000000000000000e+00,-9.749676226160778128e-03,-5.761475890693427970e-02,-3.126695899196972328e-01,-3.825034198306477284e-01,-0.000000000000000000e+00,-0.000000000000000000e+00,-0.000000000000000000e+00,-0.000000000000000000e+00,-1.279528570199820955e-02,-0.000000000000000000e+00,-3.404134832735193628e-02,-0.000000000000000000e+00,0.000000000000000000e+00,-0.000000000000000000e+00,-3.278892217253733671e-02,-0.000000000000000000e+00,-1.017286677712712639e-01,-3.503110865763093829e-01,2.013489281187148983e+00,-2.696685196791736017e-01,-1.184146020537943933e-01,-0.000000000000000000e+00,-0.000000000000000000e+00,-1.182383275457502825e-01,-0.000000000000000000e+00,-0.000000000000000000e+00,-6.987144304005753204e-02,-0.000000000000000000e+00,-0.000000000000000000e+00,-1.010198430935238673e-01,-8.921322323981710489e-02
-0.000000000000000000e+00,-0.000000000000000000e+00,-0.000000000000000000e+00,-0.000000000000000000e+00,-0.000000000000000000e+00,0.000000000000000000e+00,-0.000000000000000000e+00,0.000000000000000000e+00,-2.086580950854363126e-01,-0.000000000000000000e+00,-2.354529791721725884e-01,-1.597320435947080508e-01,-0.000000000000000000e+00,-1.583946636041066169e-01,-9.499821959833985169e-03,-2.464181113003328649e-01,-2.014543588625372639e-01,-2.875108594728663647e-01,-0.000000000000000000e+00,-1.421081131406919662e-01,0.000000000000000000e+00,-0.000000000000000000e+00,-2.110480503340493065e-03,-0.000000000000000000e+00,-0.000000000000000000e+00,-2.643072188125504263e-01,-2.696685196791736017e-01,2.261583814063633735e+00,-0.000000000000000000e+00,-0.000000000000000000e+00,-1.140584028871947514e-01,-0.000000000000000000e+00,-0.000000000000000000e+00,-2.042633948641169039e-02,-2.582714784854481596e-02,-0.000000000000000000e+00,-0.000000000000000000e+00,-1.774697277246925498e-01,-0.000000000000000000e+00
-4.739504963919136116e-01,-2.742912525388409017e-01,-0.000000000000000000e+00,-0.000000000000000000e+00,-0.000000000000000000e+00,0.000000000000000000e+00,-0.000000000000000000e+00,0.000000000000000000e+00,-9.053399722820955342e-02,-1.880047640388970431e-01,-1.310878524508742038e-01,-4.693801544143649113e-02,-0.000000000000000000e+00,-0.000000000000000000e+00,-0.000000000000000000e+00,-0.000000000000000000e+00,-3.237997915255223097e-02,-0.000000000000000000e+00,-0.000000000000000000e+00,-0.000000000000000000e+00,0.000000000000000000e+00,-0.000000000000000000e+00,-0.000000000000000000e+00,0.000000000000000000e+00,-6.621728273759729111e-02,-2.467210233650446449e-01,-1.184146020537943933e-01,-0.000000000000000000e+00,2.008369075718874797e+00,-1.564569111566547002e-02,-0.000000000000000000e+00,-0.000000000000000000e+00,-0.000000000000000000e+00,-0.000000000000000000e+00,-0.000000000000000000e+00,-0.000000000000000000e+00,-0.000000000000000000e+00,-0.000000000000000000e+00,-2.075482870435184923e-01
-3.465334759759015060e-01,-1.046141629053194549e-01,-9.405488373669698698e-02,-0.000000000000000000e+00,-1.997920983525866001e-01,0.000000000000000000e+00,-0.000000000000000000e+00,3.185880231040774668e-02,-2.897031505699089182e-01,-0.000000000000000000e+00,-0.000000000000000000e+00,-0.000000000000000000e+00,0.000000000000000000e+00,-1.969826727190542720e-02,-0.000000000000000000e+00,-0.000000000000000000e+00,-0.000000000000000000e+00,-5.002721931857751457e-03,-0.000000000000000000e+00,-0.000000000000000000e+00,-0.000000000000000000e+00,-4.774923974265686544e-02,-1.762407268191990561e-01,-0.000000000000000000e+00,-3.551802568085238310e-01,-0.000000000000000000e+00,-0.000000000000000000e+00,-0.000000000000000000e+00,-1.564569111566547002e-02,1.843155750451266783e+00,-0.000000000000000000e+00,-0.000000000000000000e+00,-0.000000000000000000e+00,-0.000000000000000000e+00,-0.000000000000000000e+00,-0.000000000000000000e+00,-0.000000000000000000e+00,-0.000000000000000000e+00,-0.000000000000000000e+00
-0.000000000000000000e+00,-0.000000000000000000e+00,-2.115208227731025792e-01,-0.000000000000000000e+00,-3.645226038454760925e-02,-0.000000000000000000e+00,-0.000000000000000000e+00,4.384732539416903024e-02,-1.462796469288548395e-01,-0.000000000000000000e+00,-5.199544157300581976e-02,-0.000000000000000000e+00,2.067631139338700907e-01,-0.000000000000000000e+00,-0.000000000000000000e+00,-0.000000000000000000e+00,-0.000000000000000000e+00,-0.000000000000000000e+00,-9.040665433201316992e-02,-0.000000000000000000e+00,-0.000000000000000000e+00,-0.000000000000000000e+00,-0.000000000000000000e+00,-0.000000000000000000e+00,-0.000000000000000000e+00,-4.160947004711630301e-03,-0.000000000000000000e+00,-1.140584028871947514e-01,-0.000000000000000000e+00,-0.000000000000000000e+00,1.504551652565068176e+00,-9.388637898069548959e-02,-0.000000000000000000e+00,-2.490720681120906221e-01,-0.000000000000000000e+00,0.000000000000000000e+00,-1.281202935517676278e-01,-1.532212683917427154e-01,-0.000000000000000000e+00
-0.000000000000000000e+00,-8.641602496652969756e-02,-0.000000000000000000e+00,0.000000000000000000e+00,-0.000000000000000000e+00,-1.411641567381204942e-01,0.000000000000000000e+00,0.000000000000000000e+00,-0.000000000000000000e+00,-0.000000000000000000e+00,-1.577737239787922185e-01,-0.000000000000000000e+00,1.391296293389263083e-01,-0.000000000000000000e+00,0.000000000000000000e+00,-0.000000000000000000e+00,-3.946386435370192319e-02,-0.000000000000000000e+00,-0.000000000000000000e+00,0.000000000000000000e+00,0.000000000000000000e+00,0.000000000000000000e+00,-0.000000000000000000e+00,-0.000000000000000000e+00,-0.000000000000000000e+00,-1.734365772188417310e-01,-1.182383275457502825e-01,-0.000000000000000000e+00,-0.000000000000000000e+00,-0.000000000000000000e+00,-9.388637898069548959e-02,1.334669011616149925e+00,0.000000000000000000e+00,-0.000000000000000000e+00,-1.695433241390659511e-03,0.000000000000000000e+00,-2.960647833572764842e-01,-0.000000000000000000e+00,0.000000000000000000e+00
-0.000000000000000000e+00,-0.000000000000000000e+00,-1.420711344835524220e-02,-0.000000000000000000e+00,-1.951644982004791251e-01,0.000000000000000000e+00,-0.000000000000000000e+00,0.000000000000000000e+00,-0.000000000000000000e+00,0.000000000000000000e+00,-0.000000000000000000e+00,-0.000000000000000000e+00,-0.000000000000000000e+00,-3.188279922569428604e-02,-0.000000000000000000e+00,-0.000000000000000000e+00,-0.000000000000000000e+00,-7.968303505233023665e-02,-4.310457694071662821e-02,-0.000000000000000000e+00,-4.483256077415717078e-01,-4.023679414677742705e-01,-2.722207180616498245e-02,-2.654273407343197277e-01,-0.000000000000000000e+00,-0.000000000000000000e+00,-0.000000000000000000e+00,-0.000000000000000000e+00,-0.000000000000000000e+00,-0.000000000000000000e+00,-0.000000000000000000e+00,0.000000000000000000e+00,1.737322645491811812e+00,-2.099981872814609962e-01,-0.000000000000000000e+00,0.000000000000000000e+00,-0.000000000000000000e+00,-0.000000000000000000e+00,-0.000000000000000000e+00
-0.000000000000000000e+00,-0.000000000000000000e+00,-2.462344168178383363e-01,-0.000000000000000000e+00,-4.756873937137386377e-01,0.000000000000000000e+00,-0.000000000000000000e+00,1.170348635518550229e-01,-1.038458274024247757e-01,-0.000000000000000000e+00,-0.000000000000000000e+00,-0.000000000000000000e+00,0.000000000000000000e+00,-2.373291994874009991e-01,-0.000000000000000000e+00,-0.000000000000000000e+00,-0.000000000000000000e+00,-0.000000000000000000e+00,-0.000000000000000000e+00,-0.000000000000000000e+00,-0.000000000000000000e+00,-1.146779593071709236e-01,-0.000000000000000000e+00,-0.000000000000000000e+00,-0.000000000000000000e+00,-0.000000000000000000e+00,-0.000000000000000000e+00,-2.042633948641169039e-02,-0.000000000000000000e+00,-0.000000000000000000e+00,-2.490720681120906221e-01,-0.000000000000000000e+00,-2.099981872814609962e-01,1.944142659233112802e+00,-0.000000000000000000e+00,0.000000000000000000e+00,-0.000000000000000000e+00,-1.167109705222997978e-01,-0.000000000000000000e+00
-0.000000000000000000e+00,-0.000000000000000000e+00,-0.000000000000000000e+00,-0.000000000000000000e+00,-0.000000000000000000e+00,-0.000000000000000000e+00,-6.017123806602642407e-03,7.486928893866017995e-03,-0.000000000000000000e+00,-0.000000000000000000e+00,-0.000000000000000000e+00,-0.000000000000000000e+00,0.000000000000000000e+00,-0.000000000000000000e+00,-0.000000000000000000e+00,-1.372387693472111939e-02,-0.000000000000000000e+00,-0.000000000000000000e+00,-0.000000000000000000e+00,-0.000000000000000000e+00,0.000000000000000000e+00,-0.000000000000000000e+00,-0.000000000000000000e+00,-0.000000000000000000e+00,-0.000000000000000000e+00,-0.000000000000000000e+00,-6.987144304005753204e-02,-2.582714784854481596e-02,-0.000000000000000000e+00,-0.000000000000000000e+00,-0.000000000000000000e+00,-1.695433241390659511e-03,-0.000000000000000000e+00,-0.000000000000000000e+00,1.224890053360093267e+00,-0.000000000000000000e+00,-4.911097852510046824e-01,-0.000000000000000000e+00,-0.000000000000000000e+00
-0.000000000000000000e+00,-0.000000000000000000e+00,0.000000000000000000e+00,-4.351842288741438608e-02,0.000000000000000000e+00,3.616434209517699339e-02,-0.000000000000000000e+00,-0.000000000000000000e+00,-0.000000000000000000e+00,-0.000000000000000000e+00,-0.000000000000000000e+00,-8.178265543354708289e-02,-1.172094279317902471e-01,-0.000000000000000000e+00,-9.048447976746933075e-02,-5.610570188605759623e-02,-0.000000000000000000e+00,-0.000000000000000000e+00,0.000000000000000000e+00,-4.686202472934685587e-02,0.000000000000000000e+00,-0.000000000000000000e+00,-0.000000000000000000e+00,0.000000000000000000e+00,-0.000000000000000000e+00,-0.000000000000000000e+00,-0.000000000000000000e+00,-0.000000000000000000e+00,-0.000000000000000000e+00,-0.000000000000000000e+00,0.000000000000000000e+00,0.000000000000000000e+00,0.000000000000000000e+00,0.000000000000000000e+00,-0.000000000000000000e+00,1.186034932338698500e+00,-0.000000000000000000e+00,-0.000000000000000000e+00,-2.130157630154514425e-01
-0.000000000000000000e+00,-1.163999921247262925e-01,-0.000000000000000000e+00,-0.000000000000000000e+00,-0.000000000000000000e+00,-0.000000000000000000e+00,-0.000000000000000000e+00,0.000000000000000000e+00,-0.000000000000000000e+00,-0.000000000000000000e+00,-0.000000000000000000e+00,-0.000000000000000000e+00,0.000000000000000000e+00,-0.000000000000000000e+00,-0.000000000000000000e+00,-0.000000000000000000e+00,-0.000000000000000000e+00,-0.000000000000000000e+00,-0.000000000000000000e+00,-0.000000000000000000e+00,0.000000000000000000e+00,-0.000000000000000000e+00,-0.000000000000000000e+00,-2.354296323990010265e-01,-0.000000000000000000e+00,-0.000000000000000000e+00,-0.000000000000000000e+00,-0.000000000000000000e+00,-0.000000000000000000e+00,-0.000000000000000000e+00,-1.281202935517676278e-01,-2.960647833572764842e-01,-0.000000000000000000e+00,-0.000000000000000000e+00,-4.911097852510046824e-01,-0.000000000000000000e+00,1.423347143571468854e+00,-0.000000000000000000e+00,-0.000000000000000000e+00
-1.030607174092628281e-01,-0.000000000000000000e+00,-0.000000000000000000e+00,-0.000000000000000000e+00,-0.000000000000000000e+00,0.000000000000000000e+00,-0.000000000000000000e+00,4.225432056549170701e-02,-1.971886717165128866e-01,-1.553788574133226075e-01,-0.000000000000000000e+00,-0.000000000000000000e+00,-0.000000000000000000e+00,-0.000000000000000000e+00,-0.000000000000000000e+00,-3.432882718802646727e-01,-0.000000000000000000e+00,-0.000000000000000000e+00,-0.000000000000000000e+00,-0.000000000000000000e+00,-0.000000000000000000e+00,-0.000000000000000000e+00,-0.000000000000000000e+00,-0.000000000000000000e+00,-9.831917924868614767e-02,-0.000000000000000000e+00,-1.010198430935238673e-01,-1.774697277246925498e-01,-0.000000000000000000e+00,-0.000000000000000000e+00,-1.532212683917427154e-01,-0.000000000000000000e+00,-0.000000000000000000e+00,-1.167109705222997978e-01,-0.000000000000000000e+00,-0.000000000000000000e+00,-0.000000000000000000e+00,1.829989953747500397e+00,-2.104554282687532973e-01
-2.166469708119805326e-01,-0.000000000000000000e+00,-0.000000000000000000e+00,-0.000000000000000000e+00,-0.000000000000000000e+00,1.676564202299818673e-01,-6.099399680591301859e-02,0.000000000000000000e+00,-0.000000000000000000e+00,-2.479749808667888467e-01,-0.000000000000000000e+00,-3.432872308529290595e-01,-0.000000000000000000e+00,-0.000000000000000000e+00,-2.393193861862489766e-02,-1.650151765295862771e-01,-0.000000000000000000e+00,-0.000000000000000000e+00,-0.000000000000000000e+00,-1.213795382609458573e-01,0.000000000000000000e+00,-0.000000000000000000e+00,-0.000000000000000000e+00,0.000000000000000000e+00,-3.216055848769691639e-01,-0.000000000000000000e+00,-8.921322323981710489e-02,-0.000000000000000000e+00,-2.075482870435184923e-01,-0.000000000000000000e+00,-0.000000000000000000e+00,0.000000000000000000e+00,-0.000000000000000000e+00,-0.000000000000000000e+00,-0.000000000000000000e+00,-2.130157630154514425e-01,-0.000000000000000000e+00,-2.104554282687532973e-01,2.161583779709888464e+00
