2.185225387443501699e+00,-6.951047798122382826e-01,-2.160274807400675567e-01,-0.000000000000000000e+00,-3.675653379649994057e-01,0.000000000000000000e+00,-0.000000000000000000e+00,0.000000000000000000e+00,-8.935336845058633459e-02,-8.236092408261537490e-02,-0.000000000000000000e+00,0.000000000000000000e+00,0.000000000000000000e+00,-0.000000000000000000e+00,0.000000000000000000e+00,-2.563295600165689248e-01,-0.000000000000000000e+00,-1.293766124423306185e-01,-0.000000000000000000e+00,-0.000000000000000000e+00,-1.024383649111549298e-02,-8.981232537957797857e-02,-0.000000000000000000e+00,-0.000000000000000000e+00,-0.000000000000000000e+00,-3.281137101671822154e-01,-0.000000000000000000e+00,-0.000000000000000000e+00,0.000000000000000000e+00,-0.000000000000000000e+00,-0.000000000000000000e+00,-5.583635673331885374e-02,-0.000000000000000000e+00,-0.000000000000000000e+00,-0.000000000000000000e+00,0.000000000000000000e+00,-0.000000000000000000e+00,-0.000000000000000000e+00,-0.000000000000000000e+00
-6.951047798122382826e-01,2.083416293185240686e+00,-1.937006467139117394e-01,-0.000000000000000000e+00,-3.788748773027879324e-02,0.000000000000000000e+00,-0.000000000000000000e+00,1.396154580489242063e-02,-2.455571820582992115e-01,-1.905541105146276726e-01,-0.000000000000000000e+00,0.000000000000000000e+00,-0.000000000000000000e+00,-0.000000000000000000e+00,0.000000000000000000e+00,-1.940889435268227659e-01,-0.000000000000000000e+00,-0.000000000000000000e+00,-0.000000000000000000e+00,-0.000000000000000000e+00,-0.000000000000000000e+00,-0.000000000000000000e+00,-0.000000000000000000e+00,-2.001699750057748528e-01,-0.000000000000000000e+00,-1.163877767644879851e-01,-0.000000000000000000e+00,-0.000000000000000000e+00,0.000000000000000000e+00,-1.296510832317830098e-01,-0.000000000000000000e+00,-0.000000000000000000e+00,0.000000000000000000e+00,-0.000000000000000000e+00,0.000000000000000000e+00,0.000000000000000000e+00,-0.000000000000000000e+00,-0.000000000000000000e+00,-0.000000000000000000e+00
-2.160274807400675567e-01,-1.937006467139117394e-01,2.527655187739067166e+00,-0.000000000000000000e+00,-5.562353160296874544e-01,0.000000000000000000e+00,-0.000000000000000000e+00,8.194511966600219743e-01,-5.145907408125608568e-02,-1.174596090651403441e-01,-0.000000000000000000e+00,0.000000000000000000e+00,-0.000000000000000000e+00,-0.000000000000000000e+00,0.000000000000000000e+00,-1.978001340146197107e-01,-0.000000000000000000e+00,-1.517183494819249190e-01,-0.000000000000000000e+00,-0.000000000000000000e+00,-1.224508398001629833e-01,-1.639673838595254729e-01,-0.000000000000000000e+00,-0.000000000000000000e+00,-0.000000000000000000e+00,-8.123833651311128737e-03,-0.000000000000000000e+00,-0.000000000000000000e+00,0.000000000000000000e+00,-6.246267321549260208e-05,-0.000000000000000000e+00,-0.000000000000000000e+00,-0.000000000000000000e+00,-0.000000000000000000e+00,0.000000000000000000e+00,0.000000000000000000e+00,-0.000000000000000000e+00,-0.000000000000000000e+00,-0.000000000000000000e+00
-0.000000000000000000e+00,-0.000000000000000000e+00,-0.000000000000000000e+00,1.982622067241486263e+00,-0.000000000000000000e+00,0.000000000000000000e+00,-2.258898935991842105e-01,0.000000000000000000e+00,-0.000000000000000000e+00,-0.000000000000000000e+00,-0.000000000000000000e+00,0.000000000000000000e+00,-2.491528136126382187e-01,0.000000000000000000e+00,2.633138772331887201e-01,-0.000000000000000000e+00,-0.000000000000000000e+00,-1.016352975528302394e-01,-0.000000000000000000e+00,-1.725961062938048407e-01,-0.000000000000000000e+00,-0.000000000000000000e+00,0.000000000000000000e+00,0.000000000000000000e+00,-0.000000000000000000e+00,0.000000000000000000e+00,0.000000000000000000e+00,1.550199034377994223e-01,1.690384958045920705e-01,-0.000000000000000000e+00,0.000000000000000000e+00,0.000000000000000000e+00,1.114330894446401432e-01,0.000000000000000000e+00,0.000000000000000000e+00,0.000000000000000000e+00,0.000000000000000000e+00,-1.649457380037842313e-01,-3.527622172357312569e-01
-3.675653379649994057e-01,-3.788748773027879324e-02,-5.562353160296874544e-01,-0.000000000000000000e+00,1.868645085851532439e+00,0.000000000000000000e+00,-0.000000000000000000e+00,3.371262594378057198e-01,-9.384003924405004415e-02,-0.000000000000000000e+00,-3.629115136423082671e-02,0.000000000000000000e+00,0.000000000000000000e+00,-5.372877334722309627e-03,0.000000000000000000e+00,-0.000000000000000000e+00,-0.000000000000000000e+00,-6.711451752175841279e-02,-0.000000000000000000e+00,-0.000000000000000000e+00,-1.610284413147195642e-02,-1.186663700179054620e-01,-1.260720921066841617e-03,-0.000000000000000000e+00,-0.000000000000000000e+00,-0.000000000000000000e+00,-0.000000000000000000e+00,-0.000000000000000000e+00,0.000000000000000000e+00,-0.000000000000000000e+00,-0.000000000000000000e+00,-2.087887480321551012e-02,-0.000000000000000000e+00,-4.511585482664939861e-02,-0.000000000000000000e+00,0.000000000000000000e+00,-0.000000000000000000e+00,-0.000000000000000000e+00,-0.000000000000000000e+00
0.000000000000000000e+00,0.000000000000000000e+00,0.000000000000000000e+00,0.000000000000000000e+00,0.000000000000000000e+00,2.049767763728035153e+00,2.676534240899183445e-02,-3.361601312661572499e-02,2.459738104292884531e-01,5.715787804125336408e-02,-1.289232023471593436e-01,-0.000000000000000000e+00,0.000000000000000000e+00,0.000000000000000000e+00,-0.000000000000000000e+00,0.000000000000000000e+00,-0.000000000000000000e+00,0.000000000000000000e+00,1.345828159575664373e-01,1.469400396522852620e-02,0.000000000000000000e+00,0.000000000000000000e+00,-0.000000000000000000e+00,6.612283615016959493e-01,-0.000000000000000000e+00,0.000000000000000000e+00,0.000000000000000000e+00,-0.000000000000000000e+00,-9.965823016709711435e-02,3.000092095595859876e-01,-0.000000000000000000e+00,-0.000000000000000000e+00,-0.000000000000000000e+00,0.000000000000000000e+00,-3.675621760240167513e-01,-0.000000000000000000e+00,-7.407828861258002051e-02,4.227416794763328572e-02,0.000000000000000000e+00
-0.000000000000000000e+00,-0.000000000000000000e+00,-0.000000000000000000e+00,-2.258898935991842105e-01,-0.000000000000000000e+00,2.676534240899183445e-02,1.817308542951454609e+00,0.000000000000000000e+00,-0.000000000000000000e+00,-9.683072364192438219e-02,-0.000000000000000000e+00,0.000000000000000000e+00,-1.994467566921591384e-01,0.000000000000000000e+00,3.491048738976123417e-02,-2.339807528827327066e-02,-0.000000000000000000e+00,-7.690901965923860328e-02,-2.341467205041163624e-01,-3.885000147563765771e-01,-0.000000000000000000e+00,-4.381067447324242525e-02,0.000000000000000000e+00,-0.000000000000000000e+00,-0.000000000000000000e+00,-0.000000000000000000e+00,-0.000000000000000000e+00,0.000000000000000000e+00,1.870698071220709691e-02,-6.337891138518935048e-03,0.000000000000000000e+00,0.000000000000000000e+00,0.000000000000000000e+00,0.000000000000000000e+00,0.000000000000000000e+00,0.000000000000000000e+00,0.000000000000000000e+00,-1.672229694386441756e-01,-9.917478521170687566e-02
0.000000000000000000e+00,1.396154580489242063e-02,8.194511966600219743e-01,0.000000000000000000e+00,3.371262594378057198e-01,-3.361601312661572499e-02,0.000000000000000000e+00,2.236247460139156207e+00,8.643039963897054812e-02,1.411433150012064708e-01,0.000000000000000000e+00,-0.000000000000000000e+00,0.000000000000000000e+00,0.000000000000000000e+00,-3.297123870775812982e-02,7.540564756014066228e-02,0.000000000000000000e+00,3.381404009410163974e-02,0.000000000000000000e+00,0.000000000000000000e+00,1.860859640667887338e-01,1.094025517509730205e-01,0.000000000000000000e+00,0.000000000000000000e+00,0.000000000000000000e+00,0.000000000000000000e+00,0.000000000000000000e+00,0.000000000000000000e+00,-0.000000000000000000e+00,2.161569884901641259e-01,0.000000000000000000e+00,0.000000000000000000e+00,-0.000000000000000000e+00,0.000000000000000000e+00,-0.000000000000000000e+00,-0.000000000000000000e+00,-0.000000000000000000e+00,2.797701957260381733e-02,5.741226298870549805e-02
-8.935336845058633459e-02,-2.455571820582992115e-01,-5.145907408125608568e-02,-0.000000000000000000e+00,-9.384003924405004415e-02,2.459738104292884531e-01,-0.000000000000000000e+00,8.643039963897054812e-02,2.615948775902160683e+00,-3.257507524845221769e-01,0.000000000000000000e+00,0.000000000000000000e+00,-0.000000000000000000e+00,-0.000000000000000000e+00,1.086767598883188329e-01,-2.207776818191476698e-01,0.000000000000000000e+00,-0.000000000000000000e+00,-9.920457667432069915e-02,-6.942818618127689911e-02,-0.000000000000000000e+00,-0.000000000000000000e+00,0.000000000000000000e+00,-6.362954478451968154e-02,0.000000000000000000e+00,-0.000000000000000000e+00,-0.000000000000000000e+00,0.000000000000000000e+00,0.000000000000000000e+00,-5.323272644837817591e-01,-0.000000000000000000e+00,-0.000000000000000000e+00,0.000000000000000000e+00,-0.000000000000000000e+00,0.000000000000000000e+00,0.000000000000000000e+00,0.000000000000000000e+00,-1.867858730525037980e-01,-2.758736922419707249e-01
-8.236092408261537490e-02,-1.905541105146276726e-01,-1.174596090651403441e-01,-0.000000000000000000e+00,-0.000000000000000000e+00,5.715787804125336408e-02,-9.683072364192438219e-02,1.411433150012064708e-01,-3.257507524845221769e-01,2.907420550002878468e+00,-0.000000000000000000e+00,0.000000000000000000e+00,-0.000000000000000000e+00,0.000000000000000000e+00,1.688447430991097675e-01,-5.170112173852879911e-01,-0.000000000000000000e+00,-9.484615577222116345e-02,-0.000000000000000000e+00,-1.636360869202553026e-01,-0.000000000000000000e+00,-3.169397663304427543e-02,-0.000000000000000000e+00,-0.000000000000000000e+00,-0.000000000000000000e+00,-0.000000000000000000e+00,-0.000000000000000000e+00,0.000000000000000000e+00,0.000000000000000000e+00,-3.759547754012287357e-01,0.000000000000000000e+00,-0.000000000000000000e+00,0.000000000000000000e+00,0.000000000000000000e+00,0.000000000000000000e+00,0.000000000000000000e+00,0.000000000000000000e+00,-3.763085810862263902e-01,-2.828243517850869138e-01
-0.000000000000000000e+00,-0.000000000000000000e+00,-0.000000000000000000e+00,-0.000000000000000000e+00,-3.629115136423082671e-02,-1.289232023471593436e-01,-0.000000000000000000e+00,0.000000000000000000e+00,0.000000000000000000e+00,-0.000000000000000000e+00,1.581217830324123774e+00,0.000000000000000000e+00,0.000000000000000000e+00,0.000000000000000000e+00,0.000000000000000000e+00,-0.000000000000000000e+00,-7.433434782714115618e-01,-0.000000000000000000e+00,0.000000000000000000e+00,0.000000000000000000e+00,-0.000000000000000000e+00,-0.000000000000000000e+00,-8.212630084529085051e-02,0.000000000000000000e+00,-2.486713859023882145e-01,-0.000000000000000000e+00,-0.000000000000000000e+00,-0.000000000000000000e+00,-0.000000000000000000e+00,0.000000000000000000e+00,-0.000000000000000000e+00,-0.000000000000000000e+00,-0.000000000000000000e+00,-0.000000000000000000e+00,-2.715638544571147631e-02,-0.000000000000000000e+00,-1.654070171252818022e-01,0.000000000000000000e+00,-0.000000000000000000e+00
0.000000000000000000e+00,0.000000000000000000e+00,0.000000000000000000e+00,0.000000000000000000e+00,0.000000000000000000e+00,-0.000000000000000000e+00,0.000000000000000000e+00,-0.000000000000000000e+00,0.000000000000000000e+00,0.000000000000000000e+00,0.000000000000000000e+00,1.468536134583993125e+00,0.000000000000000000e+00,-0.000000000000000000e+00,-3.101070169588000525e-01,0.000000000000000000e+00,-0.000000000000000000e+00,3.002822811632013117e-02,2.468769339770542082e-01,0.000000000000000000e+00,0.000000000000000000e+00,0.000000000000000000e+00,-0.000000000000000000e+00,-0.000000000000000000e+00,-0.000000000000000000e+00,0.000000000000000000e+00,-0.000000000000000000e+00,-0.000000000000000000e+00,-0.000000000000000000e+00,0.000000000000000000e+00,-0.000000000000000000e+00,-0.000000000000000000e+00,-2.092406908219666406e-01,-4.755648273228916395e-02,-0.000000000000000000e+00,-0.000000000000000000e+00,-0.000000000000000000e+00,1.454793979504891491e-02,2.604891959795142542e-01
0.000000000000000000e+00,-0.000000000000000000e+00,-0.000000000000000000e+00,-2.491528136126382187e-01,0.000000000000000000e+00,0.000000000000000000e+00,-1.994467566921591384e-01,0.000000000000000000e+00,-0.000000000000000000e+00,-0.000000000000000000e+00,0.000000000000000000e+00,0.000000000000000000e+00,1.737273179806411161e+00,0.000000000000000000e+00,0.000000000000000000e+00,-0.000000000000000000e+00,0.000000000000000000e+00,-0.000000000000000000e+00,-0.000000000000000000e+00,-6.308850601996497665e-02,0.000000000000000000e+00,-0.000000000000000000e+00,0.000000000000000000e+00,-0.000000000000000000e+00,-0.000000000000000000e+00,0.000000000000000000e+00,0.000000000000000000e+00,1.193189521982524481e-01,1.909598476381717536e-01,-0.000000000000000000e+00,6.091763462271333474e-01,0.000000000000000000e+00,0.000000000000000000e+00,0.000000000000000000e+00,1.461424178379548966e-01,3.697132187562308936e-02,4.069957472799901142e-04,-0.000000000000000000e+00,-0.000000000000000000e+00
-0.000000000000000000e+00,-0.000000000000000000e+00,-0.000000000000000000e+00,0.000000000000000000e+00,-5.372877334722309627e-03,0.000000000000000000e+00,0.000000000000000000e+00,0.000000000000000000e+00,-0.000000000000000000e+00,0.000000000000000000e+00,0.000000000000000000e+00,-0.000000000000000000e+00,0.000000000000000000e+00,1.417933985389238316e+00,-0.000000000000000000e+00,-0.000000000000000000e+00,0.000000000000000000e+00,0.000000000000000000e+00,-0.000000000000000000e+00,0.000000000000000000e+00,-0.000000000000000000e+00,-0.000000000000000000e+00,-0.000000000000000000e+00,-4.132043829566758864e-01,0.000000000000000000e+00,-1.207536568710899649e-01,-1.389938265204934686e-01,-4.210694106019025745e-02,-0.000000000000000000e+00,-0.000000000000000000e+00,-1.257613841402715205e-01,-9.643715274707313767e-02,-2.230460937128844745e-01,-2.535524051021741387e-01,-0.000000000000000000e+00,-0.000000000000000000e+00,-0.000000000000000000e+00,0.000000000000000000e+00,0.000000000000000000e+00
0.000000000000000000e+00,0.000000000000000000e+00,0.000000000000000000e+00,2.633138772331887201e-01,0.000000000000000000e+00,-0.000000000000000000e+00,3.491048738976123417e-02,-3.297123870775812982e-02,1.086767598883188329e-01,1.688447430991097675e-01,0.000000000000000000e+00,-3.101070169588000525e-01,0.000000000000000000e+00,-0.000000000000000000e+00,2.621807700107540828e+00,1.328214190684238183e-01,0.000000000000000000e+00,4.312615323708110515e-01,3.747675691059493275e-02,1.846122478698273006e-01,0.000000000000000000e+00,0.000000000000000000e+00,-0.000000000000000000e+00,0.000000000000000000e+00,0.000000000000000000e+00,0.000000000000000000e+00,0.000000000000000000e+00,-0.000000000000000000e+00,-0.000000000000000000e+00,2.020150146532130320e-01,-0.000000000000000000e+00,-0.000000000000000000e+00,-5.468469123726697745e-02,-0.000000000000000000e+00,-0.000000000000000000e+00,-0.000000000000000000e+00,-0.000000000000000000e+00,3.995217121099902124e-01,3.555782995566968974e-01
-2.563295600165689248e-01,-1.940889435268227659e-01,-1.978001340146197107e-01,-0.000000000000000000e+00,-0.000000000000000000e+00,0.000000000000000000e+00,-2.339807528827327066e-02,7.540564756014066228e-02,-2.207776818191476698e-01,-5.170112173852879911e-01,-0.000000000000000000e+00,0.000000000000000000e+00,-0.000000000000000000e+00,-0.000000000000000000e+00,1.328214190684238183e-01,2.606044380336993704e+00,-0.000000000000000000e+00,-1.817046289972221174e-01,-0.000000000000000000e+00,-2.154579236639409257e-01,-0.000000000000000000e+00,-1.083443051731326490e-01,-0.000000000000000000e+00,-0.000000000000000000e+00,-0.000000000000000000e+00,-0.000000000000000000e+00,-0.000000000000000000e+00,-0.000000000000000000e+00,0.000000000000000000e+00,-2.519537436183670875e-01,-0.000000000000000000e+00,-0.000000000000000000e+00,0.000000000000000000e+00,0.000000000000000000e+00,0.000000000000000000e+00,0.000000000000000000e+00,0.000000000000000000e+00,-2.759563387405534751e-01,-0.000000000000000000e+00
-0.000000000000000000e+00,-0.000000000000000000e+00,-0.000000000000000000e+00,-0.000000000000000000e+00,-0.000000000000000000e+00,-0.000000000000000000e+00,-0.000000000000000000e+00,0.000000000000000000e+00,0.000000000000000000e+00,-0.000000000000000000e+00,-7.433434782714115618e-01,-0.000000000000000000e+00,0.000000000000000000e+00,0.000000000000000000e+00,0.000000000000000000e+00,-0.000000000000000000e+00,1.427125025183364038e+00,-0.000000000000000000e+00,0.000000000000000000e+00,0.000000000000000000e+00,-0.000000000000000000e+00,-0.000000000000000000e+00,-1.066615785940249004e-03,0.000000000000000000e+00,-7.410709089456785081e-02,-0.000000000000000000e+00,-0.000000000000000000e+00,0.000000000000000000e+00,-0.000000000000000000e+00,0.000000000000000000e+00,-0.000000000000000000e+00,-0.000000000000000000e+00,-4.384943121647662256e-02,-0.000000000000000000e+00,-0.000000000000000000e+00,0.000000000000000000e+00,-0.000000000000000000e+00,-0.000000000000000000e+00,-0.000000000000000000e+00
-1.293766124423306185e-01,-0.000000000000000000e+00,-1.517183494819249190e-01,-1.016352975528302394e-01,-6.711451752175841279e-02,0.000000000000000000e+00,-7.690901965923860328e-02,3.381404009410163974e-02,-0.000000000000000000e+00,-9.484615577222116345e-02,-0.000000000000000000e+00,3.002822811632013117e-02,-0.000000000000000000e+00,0.000000000000000000e+00,4.312615323708110515e-01,-1.817046289972221174e-01,-0.000000000000000000e+00,2.116138298649242966e+00,-2.698824012618395995e-01,-0.000000000000000000e+00,-1.417033100574313642e-02,-2.019954581163695417e-01,-0.000000000000000000e+00,-0.000000000000000000e+00,-0.000000000000000000e+00,-0.000000000000000000e+00,-0.000000000000000000e+00,-0.000000000000000000e+00,0.000000000000000000e+00,-1.125945856966813208e-01,0.000000000000000000e+00,-0.000000000000000000e+00,0.000000000000000000e+00,0.000000000000000000e+00,0.000000000000000000e+00,0.000000000000000000e+00,-0.000000000000000000e+00,-6.769291404914699883e-02,-1.273015279586413029e-01
-0.000000000000000000e+00,-0.000000000000000000e+00,-0.000000000000000000e+00,-0.000000000000000000e+00,-0.000000000000000000e+00,1.345828159575664373e-01,-2.341467205041163624e-01,0.000000000000000000e+00,-9.920457667432069915e-02,-0.000000000000000000e+00,0.000000000000000000e+00,2.468769339770542082e-01,-0.000000000000000000e+00,-0.000000000000000000e+00,3.747675691059493275e-02,-0.000000000000000000e+00,0.000000000000000000e+00,-2.698824012618395995e-01,1.764959292908521160e+00,-1.086737849618393675e-01,-0.000000000000000000e+00,-9.102376835443908021e-02,0.000000000000000000e+00,-1.078348874431774851e-01,0.000000000000000000e+00,-0.000000000000000000e+00,-0.000000000000000000e+00,0.000000000000000000e+00,0.000000000000000000e+00,-1.668235978598743285e-01,0.000000000000000000e+00,0.000000000000000000e+00,0.000000000000000000e+00,0.000000000000000000e+00,9.419740139707041826e-02,0.000000000000000000e+00,0.000000000000000000e+00,-7.933167805521347538e-02,-0.000000000000000000e+00
-0.000000000000000000e+00,-0.000000000000000000e+00,-0.000000000000000000e+00,-1.725961062938048407e-01,-0.000000000000000000e+00,1.469400396522852620e-02,-3.885000147563765771e-01,0.000000000000000000e+00,-6.942818618127689911e-02,-1.636360869202553026e-01,0.000000000000000000e+00,0.000000000000000000e+00,-6.308850601996497665e-02,0.000000000000000000e+00,1.846122478698273006e-01,-2.154579236639409257e-01,0.000000000000000000e+00,-0.000000000000000000e+00,-1.086737849618393675e-01,2.266683820310184672e+00,-0.000000000000000000e+00,-1.844737835558597494e-01,0.000000000000000000e+00,-0.000000000000000000e+00,0.000000000000000000e+00,-0.000000000000000000e+00,-0.000000000000000000e+00,0.000000000000000000e+00,1.613382423793972009e-01,-8.888940045062629358e-02,0.000000000000000000e+00,0.000000000000000000e+00,1.829821367742521521e-01,0.000000000000000000e+00,0.000000000000000000e+00,0.000000000000000000e+00,0.000000000000000000e+00,-2.656208603616955211e-01,-9.347690599313994431e-02
-1.024383649111549298e-02,-0.000000000000000000e+00,-1.224508398001629833e-01,-0.000000000000000000e+00,-1.610284413147195642e-02,0.000000000000000000e+00,-0.000000000000000000e+00,1.860859640667887338e-01,-0.000000000000000000e+00,-0.000000000000000000e+00,-0.000000000000000000e+00,0.000000000000000000e+00,0.000000000000000000e+00,-0.000000000000000000e+00,0.000000000000000000e+00,-0.000000000000000000e+00,-0.000000000000000000e+00,-1.417033100574313642e-02,-0.000000000000000000e+00,-0.000000000000000000e+00,1.247463212775405061e+00,-3.115573193397733753e-01,-0.000000000000000000e+00,-0.000000000000000000e+00,-0.000000000000000000e+00,-7.070231848799425622e-02,-0.000000000000000000e+00,-0.000000000000000000e+00,0.000000000000000000e+00,-0.000000000000000000e+00,-0.000000000000000000e+00,-0.000000000000000000e+00,-0.000000000000000000e+00,0.000000000000000000e+00,-0.000000000000000000e+00,-0.000000000000000000e+00,-0.000000000000000000e+00,-0.000000000000000000e+00,-0.000000000000000000e+00
-8.981232537957797857e-02,-0.000000000000000000e+00,-1.639673838595254729e-01,-0.000000000000000000e+00,-1.186663700179054620e-01,0.000000000000000000e+00,-4.381067447324242525e-02,1.094025517509730205e-01,-0.000000000000000000e+00,-3.169397663304427543e-02,-0.000000000000000000e+00,0.000000000000000000e+00,-0.000000000000000000e+00,-0.000000000000000000e+00,0.000000000000000000e+00,-1.083443051731326490e-01,-0.000000000000000000e+00,-2.019954581163695417e-01,-9.102376835443908021e-02,-1.844737835558597494e-01,-3.115573193397733753e-01,1.626095682613222682e+00,-0.000000000000000000e+00,-0.000000000000000000e+00,-0.000000000000000000e+00,-0.000000000000000000e+00,-0.000000000000000000e+00,-0.000000000000000000e+00,0.000000000000000000e+00,-0.000000000000000000e+00,0.000000000000000000e+00,-0.000000000000000000e+00,-0.000000000000000000e+00,0.000000000000000000e+00,0.000000000000000000e+00,0.000000000000000000e+00,-0.000000000000000000e+00,-0.000000000000000000e+00,-0.000000000000000000e+00
-0.000000000000000000e+00,-0.000000000000000000e+00,-0.000000000000000000e+00,0.000000000000000000e+00,-1.260720921066841617e-03,-0.000000000000000000e+00,0.000000000000000000e+00,0.000000000000000000e+00,0.000000000000000000e+00,-0.000000000000000000e+00,-8.212630084529085051e-02,-0.000000000000000000e+00,0.000000000000000000e+00,-0.000000000000000000e+00,-0.000000000000000000e+00,-0.000000000000000000e+00,-1.066615785940249004e-03,-0.000000000000000000e+00,0.000000000000000000e+00,0.000000000000000000e+00,-0.000000000000000000e+00,-0.000000000000000000e+00,1.621349340029042851e+00,0.000000000000000000e+00,-7.630960761966690820e-01,-0.000000000000000000e+00,-0.000000000000000000e+00,-0.000000000000000000e+00,-0.000000000000000000e+00,0.000000000000000000e+00,-0.000000000000000000e+00,-0.000000000000000000e+00,-2.999259021844632445e-01,-0.000000000000000000e+00,-1.323768672555848958e-01,-0.000000000000000000e+00,-1.006642537888769728e-01,0.000000000000000000e+00,0.000000000000000000e+00
-0.000000000000000000e+00,-2.001699750057748528e-01,-0.000000000000000000e+00,0.000000000000000000e+00,-0.000000000000000000e+00,6.612283615016959493e-01,-0.000000000000000000e+00,0.000000000000000000e+00,-6.362954478451968154e-02,-0.000000000000000000e+00,0.000000000000000000e+00,-0.000000000000000000e+00,-0.000000000000000000e+00,-4.132043829566758864e-01,0.000000000000000000e+00,-0.000000000000000000e+00,0.000000000000000000e+00,-0.000000000000000000e+00,-1.078348874431774851e-01,-0.000000000000000000e+00,-0.000000000000000000e+00,-0.000000000000000000e+00,0.000000000000000000e+00,1.638903922384356893e+00,0.000000000000000000e+00,-4.690939115292913630e-02,-0.000000000000000000e+00,-0.000000000000000000e+00,0.000000000000000000e+00,-3.931489171153793732e-02,-0.000000000000000000e+00,-0.000000000000000000e+00,-0.000000000000000000e+00,-2.654652485330795397e-02,0.000000000000000000e+00,0.000000000000000000e+00,0.000000000000000000e+00,-0.000000000000000000e+00,-0.000000000000000000e+00
-0.000000000000000000e+00,-0.000000000000000000e+00,-0.000000000000000000e+00,-0.000000000000000000e+00,-0.000000000000000000e+00,-0.000000000000000000e+00,-0.000000000000000000e+00,0.000000000000000000e+00,0.000000000000000000e+00,-0.000000000000000000e+00,-2.486713859023882145e-01,-0.000000000000000000e+00,-0.000000000000000000e+00,0.000000000000000000e+00,0.000000000000000000e+00,-0.000000000000000000e+00,-7.410709089456785081e-02,-0.000000000000000000e+00,0.000000000000000000e+00,0.000000000000000000e+00,-0.000000000000000000e+00,-0.000000000000000000e+00,-7.630960761966690820e-01,0.000000000000000000e+00,1.539889409864932945e+00,-0.000000000000000000e+00,-0.000000000000000000e+00,0.000000000000000000e+00,-0.000000000000000000e+00,0.000000000000000000e+00,-0.000000000000000000e+00,-0.000000000000000000e+00,-5.419200019328361539e-02,-0.000000000000000000e+00,-0.000000000000000000e+00,-0.000000000000000000e+00,-0.000000000000000000e+00,-0.000000000000000000e+00,-0.000000000000000000e+00
-3.281137101671822154e-01,-1.163877767644879851e-01,-8.123833651311128737e-03,0.000000000000000000e+00,-0.000000000000000000e+00,0.000000000000000000e+00,-0.000000000000000000e+00,0.000000000000000000e+00,-0.000000000000000000e+00,-0.000000000000000000e+00,-0.000000000000000000e+00,0.000000000000000000e+00,0.000000000000000000e+00,-1.207536568710899649e-01,0.000000000000000000e+00,-0.000000000000000000e+00,-0.000000000000000000e+00,-0.000000000000000000e+00,-0.000000000000000000e+00,-0.000000000000000000e+00,-7.070231848799425622e-02,-0.000000000000000000e+00,-0.000000000000000000e+00,-4.690939115292913630e-02,-0.000000000000000000e+00,1.666626128592898048e+00,-3.071892532466498071e-01,-3.457575758979283820e-01,-0.000000000000000000e+00,-0.000000000000000000e+00,-1.063586513779649911e-01,-3.773852778646869521e-01,-0.000000000000000000e+00,-0.000000000000000000e+00,-0.000000000000000000e+00,-0.000000000000000000e+00,-1.616647952963309529e-02,-0.000000000000000000e+00,-0.000000000000000000e+00
-0.000000000000000000e+00,-0.000000000000000000e+00,-0.000000000000000000e+00,0.000000000000000000e+00,-0.000000000000000000e+00,0.000000000000000000e+00,-0.000000000000000000e+00,0.000000000000000000e+00,-0.000000000000000000e+00,-0.000000000000000000e+00,-0.000000000000000000e+00,-0.000000000000000000e+00,0.000000000000000000e+00,-1.389938265204934686e-01,0.000000000000000000e+00,-0.000000000000000000e+00,-0.000000000000000000e+00,-0.000000000000000000e+00,-0.000000000000000000e+00,-0.000000000000000000e+00,-0.000000000000000000e+00,-0.000000000000000000e+00,-0.000000000000000000e+00,-0.000000000000000000e+00,-0.000000000000000000e+00,-3.071892532466498071e-01,1.391394920714810191e+00,-0.000000000000000000e+00,-0.000000000000000000e+00,-0.000000000000000000e+00,-4.141563885975835801e-01,-1.138382059264883422e-01,-0.000000000000000000e+00,-0.000000000000000000e+00,-0.000000000000000000e+00,-2.189965516586124539e-02,-0.000000000000000000e+00,-0.000000000000000000e+00,-0.000000000000000000e+00
-0.000000000000000000e+00,-0.000000000000000000e+00,-0.000000000000000000e+00,1.550199034377994223e-01,-0.000000000000000000e+00,-0.000000000000000000e+00,0.000000000000000000e+00,0.000000000000000000e+00,0.000000000000000000e+00,0.000000000000000000e+00,-0.000000000000000000e+00,-0.000000000000000000e+00,1.193189521982524481e-01,-4.210694106019025745e-02,-0.000000000000000000e+00,-0.000000000000000000e+00,0.000000000000000000e+00,-0.000000000000000000e+00,0.000000000000000000e+00,0.000000000000000000e+00,-0.000000000000000000e+00,-0.000000000000000000e+00,-0.000000000000000000e+00,-0.000000000000000000e+00,0.000000000000000000e+00,-3.457575758979283820e-01,-0.000000000000000000e+00,1.704713792144998630e+00,-9.038079228112373686e-02,0.000000000000000000e+00,-2.605961175274309483e-01,-3.981032303766272595e-01,-3.451399576768249267e-02,-0.000000000000000000e+00,-0.000000000000000000e+00,-1.377954083987032174e-01,-1.081917235667873151e-01,0.000000000000000000e+00,0.000000000000000000e+00
0.000000000000000000e+00,0.000000000000000000e+00,0.000000000000000000e+00,1.690384958045920705e-01,0.000000000000000000e+00,-9.965823016709711435e-02,1.870698071220709691e-02,-0.000000000000000000e+00,0.000000000000000000e+00,0.000000000000000000e+00,-0.000000000000000000e+00,-0.000000000000000000e+00,1.909598476381717536e-01,-0.000000000000000000e+00,-0.000000000000000000e+00,0.000000000000000000e+00,-0.000000000000000000e+00,0.000000000000000000e+00,0.000000000000000000e+00,1.613382423793972009e-01,0.000000000000000000e+00,0.000000000000000000e+00,-0.000000000000000000e+00,0.000000000000000000e+00,-0.000000000000000000e+00,-0.000000000000000000e+00,-0.000000000000000000e+00,-9.038079228112373686e-02,2.129934013376323598e+00,0.000000000000000000e+00,-1.271561600309800699e-01,-1.181906926806637614e-01,-1.400855596588348739e-01,-0.000000000000000000e+00,-4.091696697311301145e-01,-1.069197415517076921e-01,-2.600962145264162362e-01,3.191720220300073851e-01,1.663731263175458608e-01
-0.000000000000000000e+00,-1.296510832317830098e-01,-6.246267321549260208e-05,-0.000000000000000000e+00,-0.000000000000000000e+00,3.000092095595859876e-01,-6.337891138518935048e-03,2.161569884901641259e-01,-5.323272644837817591e-01,-3.759547754012287357e-01,0.000000000000000000e+00,0.000000000000000000e+00,-0.000000000000000000e+00,-0.000000000000000000e+00,2.020150146532130320e-01,-2.519537436183670875e-01,0.000000000000000000e+00,-1.125945856966813208e-01,-1.668235978598743285e-01,-8.888940045062629358e-02,-0.000000000000000000e+00,-0.000000000000000000e+00,0.000000000000000000e+00,-3.931489171153793732e-02,0.000000000000000000e+00,-0.000000000000000000e+00,-0.000000000000000000e+00,0.000000000000000000e+00,0.000000000000000000e+00,2.814513851283643842e+00,0.000000000000000000e+00,-0.000000000000000000e+00,0.000000000000000000e+00,0.000000000000000000e+00,0.000000000000000000e+00,0.000000000000000000e+00,0.000000000000000000e+00,-2.956079647979372726e-01,-2.145284651694062683e-01
-0.000000000000000000e+00,-0.000000000000000000e+00,-0.000000000000000000e+00,0.000000000000000000e+00,-0.000000000000000000e+00,-0.000000000000000000e+00,0.000000000000000000e+00,0.000000000000000000e+00,-0.000000000000000000e+00,0.000000000000000000e+00,-0.000000000000000000e+00,-0.000000000000000000e+00,6.091763462271333474e-01,-1.257613841402715205e-01,-0.000000000000000000e+00,-0.000000000000000000e+00,-0.000000000000000000e+00,0.000000000000000000e+00,0.000000000000000000e+00,0.000000000000000000e+00,-0.000000000000000000e+00,0.000000000000000000e+00,-0.000000000000000000e+00,-0.000000000000000000e+00,-0.000000000000000000e+00,-1.063586513779649911e-01,-4.141563885975835801e-01,-2.605961175274309483e-01,-1.271561600309800699e-01,0.000000000000000000e+00,1.964452604930744695e+00,-2.279575179445415822e-01,-0.000000000000000000e+00,-2.285734826964773425e-01,-0.000000000000000000e+00,-1.430748572415177673e-02,-5.564864853087907876e-02,0.000000000000000000e+00,0.000000000000000000e+00
-5.583635673331885374e-02,-0.000000000000000000e+00,-0.000000000000000000e+00,0.000000000000000000e+00,-2.087887480321551012e-02,-0.000000000000000000e+00,0.000000000000000000e+00,0.000000000000000000e+00,-0.000000000000000000e+00,-0.000000000000000000e+00,-0.000000000000000000e+00,-0.000000000000000000e+00,0.000000000000000000e+00,-9.643715274707313767e-02,-0.000000000000000000e+00,-0.000000000000000000e+00,-0.000000000000000000e+00,-0.000000000000000000e+00,0.000000000000000000e+00,0.000000000000000000e+00,-0.000000000000000000e+00,-0.000000000000000000e+00,-0.000000000000000000e+00,-0.000000000000000000e+00,-0.000000000000000000e+00,-3.773852778646869521e-01,-1.138382059264883422e-01,-3.981032303766272595e-01,-1.181906926806637614e-01,-0.000000000000000000e+00,-2.279575179445415822e-01,1.797333751782201672e+00,-0.000000000000000000e+00,-0.000000000000000000e+00,-0.000000000000000000e+00,-2.026081783367789796e-02,-4.121593284001733304e-01,0.000000000000000000e+00,0.000000000000000000e+00
-0.000000000000000000e+00,0.000000000000000000e+00,-0.000000000000000000e+00,1.114330894446401432e-01,-0.000000000000000000e+00,-0.000000000000000000e+00,0.000000000000000000e+00,-0.000000000000000000e+00,0.000000000000000000e+00,0.000000000000000000e+00,-0.000000000000000000e+00,-2.092406908219666406e-01,0.000000000000000000e+00,-2.230460937128844745e-01,-5.468469123726697745e-02,0.000000000000000000e+00,-4.384943121647662256e-02,0.000000000000000000e+00,0.000000000000000000e+00,1.829821367742521521e-01,-0.000000000000000000e+00,-0.000000000000000000e+00,-2.999259021844632445e-01,-0.000000000000000000e+00,-5.419200019328361539e-02,-0.000000000000000000e+00,-0.000000000000000000e+00,-3.451399576768249267e-02,-1.400855596588348739e-01,0.000000000000000000e+00,-0.000000000000000000e+00,-0.000000000000000000e+00,1.543041745046727087e+00,-2.403700899901135835e-01,-8.357061240684783565e-02,-0.000000000000000000e+00,-0.000000000000000000e+00,0.000000000000000000e+00,0.000000000000000000e+00
-0.000000000000000000e+00,-0.000000000000000000e+00,-0.000000000000000000e+00,0.000000000000000000e+00,-4.511585482664939861e-02,0.000000000000000000e+00,0.000000000000000000e+00,0.000000000000000000e+00,-0.000000000000000000e+00,0.000000000000000000e+00,-0.000000000000000000e+00,-4.755648273228916395e-02,0.000000000000000000e+00,-2.535524051021741387e-01,-0.000000000000000000e+00,0.000000000000000000e+00,-0.000000000000000000e+00,0.000000000000000000e+00,0.000000000000000000e+00,0.000000000000000000e+00,0.000000000000000000e+00,0.000000000000000000e+00,-0.000000000000000000e+00,-2.654652485330795397e-02,-0.000000000000000000e+00,-0.000000000000000000e+00,-0.000000000000000000e+00,-0.000000000000000000e+00,-0.000000000000000000e+00,0.000000000000000000e+00,-2.285734826964773425e-01,-0.000000000000000000e+00,-2.403700899901135835e-01,1.233478097751451896e+00,-0.000000000000000000e+00,0.000000000000000000e+00,-0.000000000000000000e+00,0.000000000000000000e+00,0.000000000000000000e+00
-0.000000000000000000e+00,0.000000000000000000e+00,0.000000000000000000e+00,0.000000000000000000e+00,-0.000000000000000000e+00,-3.675621760240167513e-01,0.000000000000000000e+00,-0.000000000000000000e+00,0.000000000000000000e+00,0.000000000000000000e+00,-2.715638544571147631e-02,-0.000000000000000000e+00,1.461424178379548966e-01,-0.000000000000000000e+00,-0.000000000000000000e+00,0.000000000000000000e+00,-0.000000000000000000e+00,0.000000000000000000e+00,9.419740139707041826e-02,0.000000000000000000e+00,-0.000000000000000000e+00,0.000000000000000000e+00,-1.323768672555848958e-01,0.000000000000000000e+00,-0.000000000000000000e+00,-0.000000000000000000e+00,-0.000000000000000000e+00,-0.000000000000000000e+00,-4.091696697311301145e-01,0.000000000000000000e+00,-0.000000000000000000e+00,-0.000000000000000000e+00,-8.357061240684783565e-02,-0.000000000000000000e+00,2.030105688451429469e+00,-1.672032596290330408e-01,-6.913783612039019477e-01,0.000000000000000000e+00,0.000000000000000000e+00
0.000000000000000000e+00,0.000000000000000000e+00,0.000000000000000000e+00,0.000000000000000000e+00,0.000000000000000000e+00,-0.000000000000000000e+00,0.000000000000000000e+00,-0.000000000000000000e+00,0.000000000000000000e+00,0.000000000000000000e+00,-0.000000000000000000e+00,-0.000000000000000000e+00,3.697132187562308936e-02,-0.000000000000000000e+00,-0.000000000000000000e+00,0.000000000000000000e+00,0.000000000000000000e+00,0.000000000000000000e+00,0.000000000000000000e+00,0.000000000000000000e+00,-0.000000000000000000e+00,0.000000000000000000e+00,-0.000000000000000000e+00,0.000000000000000000e+00,-0.000000000000000000e+00,-0.000000000000000000e+00,-2.189965516586124539e-02,-1.377954083987032174e-01,-1.069197415517076921e-01,0.000000000000000000e+00,-1.430748572415177673e-02,-2.026081783367789796e-02,-0.000000000000000000e+00,0.000000000000000000e+00,-1.672032596290330408e-01,1.174114230276830817e+00,-1.139716275399451362e-01,0.000000000000000000e+00,0.000000000000000000e+00
-0.000000000000000000e+00,-0.000000000000000000e+00,-0.000000000000000000e+00,0.000000000000000000e+00,-0.000000000000000000e+00,-7.407828861258002051e-02,0.000000000000000000e+00,-0.000000000000000000e+00,0.000000000000000000e+00,0.000000000000000000e+00,-1.654070171252818022e-01,-0.000000000000000000e+00,4.069957472799901142e-04,-0.000000000000000000e+00,-0.000000000000000000e+00,0.000000000000000000e+00,-0.000000000000000000e+00,-0.000000000000000000e+00,0.000000000000000000e+00,0.000000000000000000e+00,-0.000000000000000000e+00,-0.000000000000000000e+00,-1.006642537888769728e-01,0.000000000000000000e+00,-0.000000000000000000e+00,-1.616647952963309529e-02,-0.000000000000000000e+00,-1.081917235667873151e-01,-2.600962145264162362e-01,0.000000000000000000e+00,-5.564864853087907876e-02,-4.121593284001733304e-01,-0.000000000000000000e+00,-0.000000000000000000e+00,-6.913783612039019477e-01,-1.139716275399451362e-01,1.933345868364158449e+00,0.000000000000000000e+00,0.000000000000000000e+00
-0.000000000000000000e+00,-0.000000000000000000e+00,-0.000000000000000000e+00,-1.649457380037842313e-01,-0.000000000000000000e+00,4.227416794763328572e-02,-1.672229694386441756e-01,2.797701957260381733e-02,-1.867858730525037980e-01,-3.763085810862263902e-01,0.000000000000000000e+00,1.454793979504891491e-02,-0.000000000000000000e+00,0.000000000000000000e+00,3.995217121099902124e-01,-2.759563387405534751e-01,-0.000000000000000000e+00,-6.769291404914699883e-02,-7.933167805521347538e-02,-2.656208603616955211e-01,-0.000000000000000000e+00,-0.000000000000000000e+00,0.000000000000000000e+00,-0.000000000000000000e+00,-0.000000000000000000e+00,-0.000000000000000000e+00,-0.000000000000000000e+00,0.000000000000000000e+00,3.191720220300073851e-01,-2.956079647979372726e-01,0.000000000000000000e+00,0.000000000000000000e+00,0.000000000000000000e+00,0.000000000000000000e+00,0.000000000000000000e+00,0.000000000000000000e+00,0.000000000000000000e+00,2.916331754288959299e+00,-3.861904477224381016e-01
-0.000000000000000000e+00,-0.000000000000000000e+00,-0.000000000000000000e+00,-3.527622172357312569e-01,-0.000000000000000000e+00,0.000000000000000000e+00,-9.917478521170687566e-02,5.741226298870549805e-02,-2.758736922419707249e-01,-2.828243517850869138e-01,-0.000000000000000000e+00,2.604891959795142542e-01,-0.000000000000000000e+00,0.000000000000000000e+00,3.555782995566968974e-01,-0.000000000000000000e+00,-0.000000000000000000e+00,-1.273015279586413029e-01,-0.000000000000000000e+00,-9.347690599313994431e-02,-0.000000000000000000e+00,-0.000000000000000000e+00,0.000000000000000000e+00,-0.000000000000000000e+00,-0.000000000000000000e+00,-0.000000000000000000e+00,-0.000000000000000000e+00,0.000000000000000000e+00,1.663731263175458608e-01,-2.145284651694062683e-01,0.000000000000000000e+00,0.000000000000000000e+00,0.000000000000000000e+00,0.000000000000000000e+00,0.000000000000000000e+00,0.000000000000000000e+00,0.000000000000000000e+00,-3.861904477224381016e-01,2.594074607259751364e+00
