2.049848916778631125e+00,-4.234943990131148084e-01,-0.000000000000000000e+00,-5.256011514939905316e-02,-0.000000000000000000e+00,-0.000000000000000000e+00,-0.000000000000000000e+00,4.947243435418274132e-02,-1.261984986221262039e-01,-6.474998309538909647e-02,-0.000000000000000000e+00,-0.000000000000000000e+00,0.000000000000000000e+00,-0.000000000000000000e+00,-0.000000000000000000e+00,-5.070400356720691087e-02,-0.000000000000000000e+00,-2.590928479630761824e-02,-6.303169014933002190e-02,-0.000000000000000000e+00,-0.000000000000000000e+00,-0.000000000000000000e+00,-1.481468613673617152e-01,0.000000000000000000e+00,-0.000000000000000000e+00,-1.658598723077340797e-01,-1.291050442105035889e-01,-2.868134448903797082e-02,-6.541636099588292452e-02,-6.370259805358380323e-02,-0.000000000000000000e+00,-5.038202305362615707e-02,-0.000000000000000000e+00,-0.000000000000000000e+00,-0.000000000000000000e+00,-1.477154432271338969e-01,-0.000000000000000000e+00,-2.373404358434411388e-01,-1.954847655333986911e-01
-4.234943990131148084e-01,1.877155459155362305e+00,-0.000000000000000000e+00,-3.517712884517792266e-02,-0.000000000000000000e+00,-3.291407060701963955e-02,-0.000000000000000000e+00,0.000000000000000000e+00,-1.844158768642758239e-01,-1.528018823173191432e-01,-0.000000000000000000e+00,-0.000000000000000000e+00,0.000000000000000000e+00,-0.000000000000000000e+00,0.000000000000000000e+00,-0.000000000000000000e+00,-0.000000000000000000e+00,-0.000000000000000000e+00,-0.000000000000000000e+00,-0.000000000000000000e+00,-0.000000000000000000e+00,-0.000000000000000000e+00,-2.020925776913247984e-01,0.000000000000000000e+00,-0.000000000000000000e+00,-1.988223908459508249e-01,-1.538265519115217805e-01,-0.000000000000000000e+00,-0.000000000000000000e+00,-0.000000000000000000e+00,-1.375723252291737551e-02,-0.000000000000000000e+00,-0.000000000000000000e+00,-0.000000000000000000e+00,-0.000000000000000000e+00,-6.101308628083812469e-02,-2.619757838729710325e-02,-1.452374952144621645e-01,-1.368946183234455993e-01
-0.000000000000000000e+00,-0.000000000000000000e+00,1.976811144675525433e+00,-0.000000000000000000e+00,-2.751347081098524106e-01,-0.000000000000000000e+00,-0.000000000000000000e+00,3.067341904005503883e-01,-1.566601310954646165e-01,-0.000000000000000000e+00,-0.000000000000000000e+00,-0.000000000000000000e+00,0.000000000000000000e+00,-0.000000000000000000e+00,-0.000000000000000000e+00,-0.000000000000000000e+00,-0.000000000000000000e+00,-1.152648312782455498e-01,-0.000000000000000000e+00,-0.000000000000000000e+00,-2.630147304878098224e-01,-2.073153745347094401e-01,-0.000000000000000000e+00,-0.000000000000000000e+00,-0.000000000000000000e+00,-0.000000000000000000e+00,-0.000000000000000000e+00,-7.025129313222224815e-03,-2.676754332570360079e-02,-7.011934709434837487e-02,-0.000000000000000000e+00,-0.000000000000000000e+00,-1.802622726708933698e-01,-2.323682193384170036e-01,-2.707958827557578607e-02,-1.941811579426692413e-01,-1.336061606143726654e-01,-2.654018739023575324e-02,-0.000000000000000000e+00
-5.256011514939905316e-02,-3.517712884517792266e-02,-0.000000000000000000e+00,1.637303596089515922e+00,-1.967240964983013041e-01,-0.000000000000000000e+00,-0.000000000000000000e+00,0.000000000000000000e+00,-1.962073229555231779e-01,-0.000000000000000000e+00,-0.000000000000000000e+00,-0.000000000000000000e+00,0.000000000000000000e+00,-0.000000000000000000e+00,-0.000000000000000000e+00,-9.595149957927616435e-02,-0.000000000000000000e+00,-3.792587608195126248e-02,-0.000000000000000000e+00,-0.000000000000000000e+00,-0.000000000000000000e+00,-0.000000000000000000e+00,-1.170548026544792480e-01,-0.000000000000000000e+00,-0.000000000000000000e+00,-2.147919951537234640e-01,-1.981507779293100596e-02,-1.691045905448007591e-01,-1.289043805831715517e-01,-0.000000000000000000e+00,-0.000000000000000000e+00,-1.496208255446885294e-01,-0.000000000000000000e+00,-4.532776874644045204e-03,-0.000000000000000000e+00,-0.000000000000000000e+00,-0.000000000000000000e+00,-0.000000000000000000e+00,-0.000000000000000000e+00
-0.000000000000000000e+00,-0.000000000000000000e+00,-2.751347081098524106e-01,-1.967240964983013041e-01,1.888381258526296902e+00,-0.000000000000000000e+00,-0.000000000000000000e+00,0.000000000000000000e+00,-3.301788555275678161e-01,-4.559928751690713045e-02,-0.000000000000000000e+00,-1.739002209078416850e-01,0.000000000000000000e+00,-0.000000000000000000e+00,-0.000000000000000000e+00,-0.000000000000000000e+00,-0.000000000000000000e+00,-1.467019500185880176e-01,-0.000000000000000000e+00,-0.000000000000000000e+00,-7.671583487289040937e-02,-0.000000000000000000e+00,-0.000000000000000000e+00,-0.000000000000000000e+00,-0.000000000000000000e+00,-0.000000000000000000e+00,-0.000000000000000000e+00,-0.000000000000000000e+00,-0.000000000000000000e+00,-6.594521998490439352e-02,-1.501283674974113365e-02,-0.000000000000000000e+00,-2.308294170682185786e-01,-2.144371966697335152e-01,-0.000000000000000000e+00,-3.515003840616104380e-02,-3.333188539273555101e-02,-9.806101509599624011e-02,-0.000000000000000000e+00
-0.000000000000000000e+00,-3.291407060701963955e-02,-0.000000000000000000e+00,-0.000000000000000000e+00,-0.000000000000000000e+00,1.130239859470798969e+00,-0.000000000000000000e+00,0.000000000000000000e+00,-0.000000000000000000e+00,-0.000000000000000000e+00,-0.000000000000000000e+00,-0.000000000000000000e+00,-4.090400040740852644e-02,-0.000000000000000000e+00,4.953052880493107046e-02,-0.000000000000000000e+00,-0.000000000000000000e+00,-0.000000000000000000e+00,-0.000000000000000000e+00,0.000000000000000000e+00,-3.879371639247077008e-02,-0.000000000000000000e+00,-1.061846837839578450e-01,-0.000000000000000000e+00,-0.000000000000000000e+00,-0.000000000000000000e+00,-0.000000000000000000e+00,-0.000000000000000000e+00,-0.000000000000000000e+00,-0.000000000000000000e+00,-4.028324458611193953e-02,-0.000000000000000000e+00,-0.000000000000000000e+00,-0.000000000000000000e+00,-0.000000000000000000e+00,-0.000000000000000000e+00,-2.702184874572880480e-01,-0.000000000000000000e+00,-0.000000000000000000e+00
-0.000000000000000000e+00,-0.000000000000000000e+00,-0.000000000000000000e+00,-0.000000000000000000e+00,-0.000000000000000000e+00,-0.000000000000000000e+00,1.022055096842682698e+00,0.000000000000000000e+00,-0.000000000000000000e+00,-8.527507272615662826e-02,-0.000000000000000000e+00,-4.822028491408340833e-02,-0.000000000000000000e+00,-0.000000000000000000e+00,-0.000000000000000000e+00,-0.000000000000000000e+00,-0.000000000000000000e+00,-0.000000000000000000e+00,-0.000000000000000000e+00,-0.000000000000000000e+00,-0.000000000000000000e+00,-0.000000000000000000e+00,-0.000000000000000000e+00,-0.000000000000000000e+00,-0.000000000000000000e+00,-0.000000000000000000e+00,-0.000000000000000000e+00,-0.000000000000000000e+00,-0.000000000000000000e+00,-0.000000000000000000e+00,-6.021124552830906668e-02,-0.000000000000000000e+00,-0.000000000000000000e+00,-0.000000000000000000e+00,-0.000000000000000000e+00,-0.000000000000000000e+00,-0.000000000000000000e+00,-0.000000000000000000e+00,-0.000000000000000000e+00
4.947243435418274132e-02,0.000000000000000000e+00,3.067341904005503883e-01,0.000000000000000000e+00,0.000000000000000000e+00,0.000000000000000000e+00,0.000000000000000000e+00,1.135841042065320439e+00,0.000000000000000000e+00,0.000000000000000000e+00,0.000000000000000000e+00,1.738001938624393269e-02,0.000000000000000000e+00,0.000000000000000000e+00,-0.000000000000000000e+00,0.000000000000000000e+00,0.000000000000000000e+00,0.000000000000000000e+00,0.000000000000000000e+00,0.000000000000000000e+00,5.236190120689358796e-02,4.384933831633742313e-02,0.000000000000000000e+00,0.000000000000000000e+00,0.000000000000000000e+00,0.000000000000000000e+00,0.000000000000000000e+00,0.000000000000000000e+00,0.000000000000000000e+00,0.000000000000000000e+00,0.000000000000000000e+00,0.000000000000000000e+00,0.000000000000000000e+00,0.000000000000000000e+00,0.000000000000000000e+00,9.765216691932530543e-03,0.000000000000000000e+00,0.000000000000000000e+00,0.000000000000000000e+00
-1.261984986221262039e-01,-1.844158768642758239e-01,-1.566601310954646165e-01,-1.962073229555231779e-01,-3.301788555275678161e-01,-0.000000000000000000e+00,-0.000000000000000000e+00,0.000000000000000000e+00,2.018997551273181035e+00,-0.000000000000000000e+00,-0.000000000000000000e+00,-0.000000000000000000e+00,0.000000000000000000e+00,-0.000000000000000000e+00,-0.000000000000000000e+00,-0.000000000000000000e+00,-0.000000000000000000e+00,-1.708877969517010320e-01,-1.429298559280147984e-01,-0.000000000000000000e+00,-0.000000000000000000e+00,-0.000000000000000000e+00,-0.000000000000000000e+00,-0.000000000000000000e+00,-0.000000000000000000e+00,-7.207302027243296660e-02,-0.000000000000000000e+00,-8.352154194798079231e-03,-1.970314113834432390e-01,-0.000000000000000000e+00,-0.000000000000000000e+00,-8.792997194453144871e-02,-0.000000000000000000e+00,-2.033884905618421057e-01,-0.000000000000000000e+00,-0.000000000000000000e+00,-0.000000000000000000e+00,-1.879458564126643971e-01,-2.958688937335722871e-02
-6.474998309538909647e-02,-1.528018823173191432e-01,-0.000000000000000000e+00,-0.000000000000000000e+00,-4.559928751690713045e-02,-0.000000000000000000e+00,-8.527507272615662826e-02,0.000000000000000000e+00,-0.000000000000000000e+00,1.910584982336669624e+00,-0.000000000000000000e+00,-0.000000000000000000e+00,0.000000000000000000e+00,-0.000000000000000000e+00,-0.000000000000000000e+00,-3.065856148472407838e-01,-0.000000000000000000e+00,-6.030939487680909983e-02,-1.496428448327664917e-01,-0.000000000000000000e+00,-0.000000000000000000e+00,-0.000000000000000000e+00,-1.683351320877252699e-01,-0.000000000000000000e+00,-0.000000000000000000e+00,-6.379500959275473393e-02,-1.451097758277029581e-01,-6.760763068687634936e-02,-0.000000000000000000e+00,-1.839640035040054911e-01,-2.540271882670398496e-01,-0.000000000000000000e+00,-0.000000000000000000e+00,-0.000000000000000000e+00,-0.000000000000000000e+00,-1.605574012738714140e-01,-0.000000000000000000e+00,-4.806397645033416016e-02,-0.000000000000000000e+00
-0.000000000000000000e+00,-0.000000000000000000e+00,-0.000000000000000000e+00,-0.000000000000000000e+00,-0.000000000000000000e+00,-0.000000000000000000e+00,-0.000000000000000000e+00,0.000000000000000000e+00,-0.000000000000000000e+00,-0.000000000000000000e+00,1.102290503805463562e+00,-0.000000000000000000e+00,-0.000000000000000000e+00,-0.000000000000000000e+00,-0.000000000000000000e+00,-0.000000000000000000e+00,-2.947991737118232369e-01,-0.000000000000000000e+00,-0.000000000000000000e+00,-0.000000000000000000e+00,-0.000000000000000000e+00,-0.000000000000000000e+00,-0.000000000000000000e+00,-0.000000000000000000e+00,-0.000000000000000000e+00,-0.000000000000000000e+00,-0.000000000000000000e+00,-0.000000000000000000e+00,-0.000000000000000000e+00,-0.000000000000000000e+00,-0.000000000000000000e+00,-6.195943935478019637e-02,-0.000000000000000000e+00,-5.202814753248341528e-02,-0.000000000000000000e+00,-0.000000000000000000e+00,-0.000000000000000000e+00,-0.000000000000000000e+00,-0.000000000000000000e+00
-0.000000000000000000e+00,-0.000000000000000000e+00,-0.000000000000000000e+00,-0.000000000000000000e+00,-1.739002209078416850e-01,-0.000000000000000000e+00,-4.822028491408340833e-02,1.738001938624393269e-02,-0.000000000000000000e+00,-0.000000000000000000e+00,-0.000000000000000000e+00,1.363825993033231043e+00,0.000000000000000000e+00,-0.000000000000000000e+00,-1.366366421272063314e-01,-0.000000000000000000e+00,-0.000000000000000000e+00,-1.583775401563021767e-01,-0.000000000000000000e+00,-0.000000000000000000e+00,-0.000000000000000000e+00,-0.000000000000000000e+00,-0.000000000000000000e+00,-0.000000000000000000e+00,-0.000000000000000000e+00,-0.000000000000000000e+00,-0.000000000000000000e+00,-7.806963300887563573e-02,-0.000000000000000000e+00,-1.030139404822494192e-01,-1.949316869362412996e-01,-0.000000000000000000e+00,-0.000000000000000000e+00,-6.404271262800700915e-02,-0.000000000000000000e+00,-0.000000000000000000e+00,-0.000000000000000000e+00,-1.128694461673881710e-01,-5.710928933495452997e-02
0.000000000000000000e+00,0.000000000000000000e+00,0.000000000000000000e+00,0.000000000000000000e+00,0.000000000000000000e+00,-4.090400040740852644e-02,-0.000000000000000000e+00,0.000000000000000000e+00,0.000000000000000000e+00,0.000000000000000000e+00,-0.000000000000000000e+00,0.000000000000000000e+00,1.040586117585350356e+00,0.000000000000000000e+00,1.933673216879132073e-01,0.000000000000000000e+00,0.000000000000000000e+00,0.000000000000000000e+00,3.715317281062773674e-02,6.095976951952531038e-03,-0.000000000000000000e+00,0.000000000000000000e+00,0.000000000000000000e+00,-0.000000000000000000e+00,0.000000000000000000e+00,0.000000000000000000e+00,0.000000000000000000e+00,0.000000000000000000e+00,0.000000000000000000e+00,0.000000000000000000e+00,-0.000000000000000000e+00,0.000000000000000000e+00,-0.000000000000000000e+00,0.000000000000000000e+00,0.000000000000000000e+00,0.000000000000000000e+00,-0.000000000000000000e+00,0.000000000000000000e+00,0.000000000000000000e+00
-0.000000000000000000e+00,-0.000000000000000000e+00,-0.000000000000000000e+00,-0.000000000000000000e+00,-0.000000000000000000e+00,-0.000000000000000000e+00,-0.000000000000000000e+00,0.000000000000000000e+00,-0.000000000000000000e+00,-0.000000000000000000e+00,-0.000000000000000000e+00,-0.000000000000000000e+00,0.000000000000000000e+00,1.520079314216270294e+00,-0.000000000000000000e+00,-0.000000000000000000e+00,-0.000000000000000000e+00,-0.000000000000000000e+00,-0.000000000000000000e+00,-1.973471213860024664e-01,-0.000000000000000000e+00,-2.040843540424026881e-01,-0.000000000000000000e+00,-4.412189683648242711e-01,-2.591533862723838788e-01,-0.000000000000000000e+00,-0.000000000000000000e+00,-0.000000000000000000e+00,-0.000000000000000000e+00,-0.000000000000000000e+00,-0.000000000000000000e+00,-0.000000000000000000e+00,-4.452629188418609496e-02,-1.086111277174041795e-01,-1.650351895508851974e-01,-0.000000000000000000e+00,-0.000000000000000000e+00,-0.000000000000000000e+00,-0.000000000000000000e+00
-0.000000000000000000e+00,0.000000000000000000e+00,-0.000000000000000000e+00,-0.000000000000000000e+00,-0.000000000000000000e+00,4.953052880493107046e-02,-0.000000000000000000e+00,-0.000000000000000000e+00,-0.000000000000000000e+00,-0.000000000000000000e+00,-0.000000000000000000e+00,-1.366366421272063314e-01,1.933673216879132073e-01,-0.000000000000000000e+00,1.119739388742602371e+00,-0.000000000000000000e+00,-0.000000000000000000e+00,-0.000000000000000000e+00,-0.000000000000000000e+00,-2.415951018095844338e-01,-0.000000000000000000e+00,-0.000000000000000000e+00,-0.000000000000000000e+00,-0.000000000000000000e+00,-0.000000000000000000e+00,-0.000000000000000000e+00,-0.000000000000000000e+00,-0.000000000000000000e+00,-0.000000000000000000e+00,-0.000000000000000000e+00,-0.000000000000000000e+00,-0.000000000000000000e+00,-0.000000000000000000e+00,-0.000000000000000000e+00,-0.000000000000000000e+00,-0.000000000000000000e+00,0.000000000000000000e+00,-0.000000000000000000e+00,-0.000000000000000000e+00
-5.070400356720691087e-02,-0.000000000000000000e+00,-0.000000000000000000e+00,-9.595149957927616435e-02,-0.000000000000000000e+00,-0.000000000000000000e+00,-0.000000000000000000e+00,0.000000000000000000e+00,-0.000000000000000000e+00,-3.065856148472407838e-01,-0.000000000000000000e+00,-0.000000000000000000e+00,0.000000000000000000e+00,-0.000000000000000000e+00,-0.000000000000000000e+00,1.947424675625793133e+00,-0.000000000000000000e+00,-1.125118536752463955e-01,-2.110847360626447178e-01,-0.000000000000000000e+00,-0.000000000000000000e+00,-0.000000000000000000e+00,-7.058742808632512133e-02,0.000000000000000000e+00,-0.000000000000000000e+00,-1.923918821896783149e-01,-1.745672153440814001e-01,-2.124811245962422435e-01,-0.000000000000000000e+00,-2.140218772604245701e-01,-0.000000000000000000e+00,-0.000000000000000000e+00,-0.000000000000000000e+00,-0.000000000000000000e+00,-0.000000000000000000e+00,-3.149154690609066304e-02,-0.000000000000000000e+00,-9.404891778319410256e-02,-1.266961156877518258e-01
-0.000000000000000000e+00,-0.000000000000000000e+00,-0.000000000000000000e+00,-0.000000000000000000e+00,-0.000000000000000000e+00,-0.000000000000000000e+00,-0.000000000000000000e+00,0.000000000000000000e+00,-0.000000000000000000e+00,-0.000000000000000000e+00,-2.947991737118232369e-01,-0.000000000000000000e+00,0.000000000000000000e+00,-0.000000000000000000e+00,-0.000000000000000000e+00,-0.000000000000000000e+00,1.255356420709730081e+00,-0.000000000000000000e+00,-0.000000000000000000e+00,-3.091677813751169887e-02,-0.000000000000000000e+00,-0.000000000000000000e+00,-9.936762579216785671e-03,-0.000000000000000000e+00,-0.000000000000000000e+00,-2.678446737541465006e-02,-2.423728459494288098e-02,-0.000000000000000000e+00,-1.491512181960455430e-01,-0.000000000000000000e+00,-0.000000000000000000e+00,-2.388963148815836379e-01,-0.000000000000000000e+00,-0.000000000000000000e+00,-0.000000000000000000e+00,-0.000000000000000000e+00,-8.963095256836417501e-02,-0.000000000000000000e+00,-0.000000000000000000e+00
-2.590928479630761824e-02,-0.000000000000000000e+00,-1.152648312782455498e-01,-3.792587608195126248e-02,-1.467019500185880176e-01,-0.000000000000000000e+00,-0.000000000000000000e+00,0.000000000000000000e+00,-1.708877969517010320e-01,-6.030939487680909983e-02,-0.000000000000000000e+00,-1.583775401563021767e-01,0.000000000000000000e+00,-0.000000000000000000e+00,-0.000000000000000000e+00,-1.125118536752463955e-01,-0.000000000000000000e+00,1.818444793623870792e+00,-4.650037625198665814e-01,-0.000000000000000000e+00,-0.000000000000000000e+00,-0.000000000000000000e+00,-0.000000000000000000e+00,-0.000000000000000000e+00,-0.000000000000000000e+00,-0.000000000000000000e+00,-0.000000000000000000e+00,-9.529178186152936769e-02,-7.710197449880224450e-03,-1.481014668820490876e-01,-0.000000000000000000e+00,-0.000000000000000000e+00,-0.000000000000000000e+00,-0.000000000000000000e+00,-0.000000000000000000e+00,-1.815516332408443484e-02,-0.000000000000000000e+00,-1.499197342091240781e-01,-1.409829641720665959e-02
-6.303169014933002190e-02,-0.000000000000000000e+00,-0.000000000000000000e+00,-0.000000000000000000e+00,-0.000000000000000000e+00,-0.000000000000000000e+00,-0.000000000000000000e+00,0.000000000000000000e+00,-1.429298559280147984e-01,-1.496428448327664917e-01,-0.000000000000000000e+00,-0.000000000000000000e+00,3.715317281062773674e-02,-0.000000000000000000e+00,-0.000000000000000000e+00,-2.110847360626447178e-01,-0.000000000000000000e+00,-4.650037625198665814e-01,1.844288299467777170e+00,-0.000000000000000000e+00,-0.000000000000000000e+00,-0.000000000000000000e+00,-0.000000000000000000e+00,0.000000000000000000e+00,-0.000000000000000000e+00,-1.164365565622202947e-01,-0.000000000000000000e+00,-3.105366907702517346e-02,-0.000000000000000000e+00,-1.378556131046051458e-01,-0.000000000000000000e+00,-0.000000000000000000e+00,-0.000000000000000000e+00,-0.000000000000000000e+00,-0.000000000000000000e+00,-5.458951736711559893e-03,-0.000000000000000000e+00,-7.668880312629708373e-02,-2.915945947564297369e-01
-0.000000000000000000e+00,-0.000000000000000000e+00,-0.000000000000000000e+00,-0.000000000000000000e+00,-0.000000000000000000e+00,0.000000000000000000e+00,-0.000000000000000000e+00,0.000000000000000000e+00,-0.000000000000000000e+00,-0.000000000000000000e+00,-0.000000000000000000e+00,-0.000000000000000000e+00,6.095976951952531038e-03,-1.973471213860024664e-01,-2.415951018095844338e-01,-0.000000000000000000e+00,-3.091677813751169887e-02,-0.000000000000000000e+00,-0.000000000000000000e+00,1.325544340778149532e+00,-0.000000000000000000e+00,-1.733839391346304881e-01,-0.000000000000000000e+00,-0.000000000000000000e+00,-1.053807945977437016e-01,-0.000000000000000000e+00,-0.000000000000000000e+00,-9.998707285528403432e-02,-5.586685911972492924e-02,-7.826316556172531469e-02,-0.000000000000000000e+00,-3.195468040579025476e-02,-0.000000000000000000e+00,-0.000000000000000000e+00,-1.028194409448011382e-01,-0.000000000000000000e+00,-0.000000000000000000e+00,-0.000000000000000000e+00,-0.000000000000000000e+00
-0.000000000000000000e+00,-0.000000000000000000e+00,-2.630147304878098224e-01,-0.000000000000000000e+00,-7.671583487289040937e-02,-3.879371639247077008e-02,-0.000000000000000000e+00,5.236190120689358796e-02,-0.000000000000000000e+00,-0.000000000000000000e+00,-0.000000000000000000e+00,-0.000000000000000000e+00,-0.000000000000000000e+00,-0.000000000000000000e+00,-0.000000000000000000e+00,-0.000000000000000000e+00,-0.000000000000000000e+00,-0.000000000000000000e+00,-0.000000000000000000e+00,-0.000000000000000000e+00,1.666077644851940764e+00,-4.376700935770785894e-01,-0.000000000000000000e+00,-0.000000000000000000e+00,-0.000000000000000000e+00,-0.000000000000000000e+00,-0.000000000000000000e+00,-0.000000000000000000e+00,-0.000000000000000000e+00,-0.000000000000000000e+00,-9.031676725350526458e-02,-0.000000000000000000e+00,-4.251847292683760826e-01,-0.000000000000000000e+00,-0.000000000000000000e+00,-8.223491555983761248e-02,-1.876734522625726070e-02,-0.000000000000000000e+00,-0.000000000000000000e+00
-0.000000000000000000e+00,-0.000000000000000000e+00,-2.073153745347094401e-01,-0.000000000000000000e+00,-0.000000000000000000e+00,-0.000000000000000000e+00,-0.000000000000000000e+00,4.384933831633742313e-02,-0.000000000000000000e+00,-0.000000000000000000e+00,-0.000000000000000000e+00,-0.000000000000000000e+00,0.000000000000000000e+00,-2.040843540424026881e-01,-0.000000000000000000e+00,-0.000000000000000000e+00,-0.000000000000000000e+00,-0.000000000000000000e+00,-0.000000000000000000e+00,-1.733839391346304881e-01,-4.376700935770785894e-01,1.634326808985501645e+00,-0.000000000000000000e+00,-4.162776170690208472e-02,-6.015049237705342305e-02,-0.000000000000000000e+00,-0.000000000000000000e+00,-3.555862656675262690e-02,-0.000000000000000000e+00,-5.503879521746309761e-02,-7.442812018962295662e-02,-0.000000000000000000e+00,-1.076933801306465543e-01,-8.264288684994941514e-02,-5.014552407260981781e-02,-1.028598083091825793e-02,-1.904899635700040700e-02,-0.000000000000000000e+00,-0.000000000000000000e+00
-1.481468613673617152e-01,-2.020925776913247984e-01,-0.000000000000000000e+00,-1.170548026544792480e-01,-0.000000000000000000e+00,-1.061846837839578450e-01,-0.000000000000000000e+00,0.000000000000000000e+00,-0.000000000000000000e+00,-1.683351320877252699e-01,-0.000000000000000000e+00,-0.000000000000000000e+00,0.000000000000000000e+00,-0.000000000000000000e+00,-0.000000000000000000e+00,-7.058742808632512133e-02,-9.936762579216785671e-03,-0.000000000000000000e+00,-0.000000000000000000e+00,-0.000000000000000000e+00,-0.000000000000000000e+00,-0.000000000000000000e+00,1.907918522313363896e+00,-0.000000000000000000e+00,-2.431009731439150445e-01,-9.477764773894246930e-02,-1.382282277771981760e-01,-1.083337890516312962e-02,-8.234946948905065567e-02,-1.336197862400512193e-01,-3.947022409359934869e-02,-0.000000000000000000e+00,-0.000000000000000000e+00,-0.000000000000000000e+00,-1.242350284953791517e-01,-7.648811997686914832e-02,-2.218395947369553867e-01,-2.697679355395854808e-02,-0.000000000000000000e+00
0.000000000000000000e+00,0.000000000000000000e+00,-0.000000000000000000e+00,-0.000000000000000000e+00,-0.000000000000000000e+00,-0.000000000000000000e+00,-0.000000000000000000e+00,0.000000000000000000e+00,-0.000000000000000000e+00,-0.000000000000000000e+00,-0.000000000000000000e+00,-0.000000000000000000e+00,-0.000000000000000000e+00,-4.412189683648242711e-01,-0.000000000000000000e+00,0.000000000000000000e+00,-0.000000000000000000e+00,-0.000000000000000000e+00,0.000000000000000000e+00,-0.000000000000000000e+00,-0.000000000000000000e+00,-4.162776170690208472e-02,-0.000000000000000000e+00,1.224485114279323161e+00,-0.000000000000000000e+00,0.000000000000000000e+00,0.000000000000000000e+00,-0.000000000000000000e+00,-0.000000000000000000e+00,-0.000000000000000000e+00,-0.000000000000000000e+00,-0.000000000000000000e+00,-1.470852895398625793e-01,-0.000000000000000000e+00,-0.000000000000000000e+00,-0.000000000000000000e+00,-0.000000000000000000e+00,-0.000000000000000000e+00,0.000000000000000000e+00
-0.000000000000000000e+00,-0.000000000000000000e+00,-0.000000000000000000e+00,-0.000000000000000000e+00,-0.000000000000000000e+00,-0.000000000000000000e+00,-0.000000000000000000e+00,0.000000000000000000e+00,-0.000000000000000000e+00,-0.000000000000000000e+00,-0.000000000000000000e+00,-0.000000000000000000e+00,0.000000000000000000e+00,-2.591533862723838788e-01,-0.000000000000000000e+00,-0.000000000000000000e+00,-0.000000000000000000e+00,-0.000000000000000000e+00,-0.000000000000000000e+00,-1.053807945977437016e-01,-0.000000000000000000e+00,-6.015049237705342305e-02,-2.431009731439150445e-01,-0.000000000000000000e+00,1.632843967732052093e+00,-0.000000000000000000e+00,-0.000000000000000000e+00,-3.927320778411701879e-02,-1.282526085686565009e-01,-1.482917649151098138e-01,-1.299601171994304305e-01,-7.014439338576571037e-02,-0.000000000000000000e+00,-0.000000000000000000e+00,-2.286171108356523374e-01,-6.491547820193298290e-02,-9.596504479529764653e-02,-0.000000000000000000e+00,-0.000000000000000000e+00
-1.658598723077340797e-01,-1.988223908459508249e-01,-0.000000000000000000e+00,-2.147919951537234640e-01,-0.000000000000000000e+00,-0.000000000000000000e+00,-0.000000000000000000e+00,0.000000000000000000e+00,-7.207302027243296660e-02,-6.379500959275473393e-02,-0.000000000000000000e+00,-0.000000000000000000e+00,0.000000000000000000e+00,-0.000000000000000000e+00,-0.000000000000000000e+00,-1.923918821896783149e-01,-2.678446737541465006e-02,-0.000000000000000000e+00,-1.164365565622202947e-01,-0.000000000000000000e+00,-0.000000000000000000e+00,-0.000000000000000000e+00,-9.477764773894246930e-02,0.000000000000000000e+00,-0.000000000000000000e+00,2.046200326184199447e+00,-3.627286890555634358e-01,-1.538377920842814994e-01,-1.595086326814830757e-01,-0.000000000000000000e+00,-0.000000000000000000e+00,-1.033616784023970586e-01,-0.000000000000000000e+00,-0.000000000000000000e+00,-0.000000000000000000e+00,-1.235138069925282786e-02,-0.000000000000000000e+00,-0.000000000000000000e+00,-1.299368966960821881e-01
-1.291050442105035889e-01,-1.538265519115217805e-01,-0.000000000000000000e+00,-1.981507779293100596e-02,-0.000000000000000000e+00,-0.000000000000000000e+00,-0.000000000000000000e+00,0.000000000000000000e+00,-0.000000000000000000e+00,-1.451097758277029581e-01,-0.000000000000000000e+00,-0.000000000000000000e+00,0.000000000000000000e+00,-0.000000000000000000e+00,-0.000000000000000000e+00,-1.745672153440814001e-01,-2.423728459494288098e-02,-0.000000000000000000e+00,-0.000000000000000000e+00,-0.000000000000000000e+00,-0.000000000000000000e+00,-0.000000000000000000e+00,-1.382282277771981760e-01,0.000000000000000000e+00,-0.000000000000000000e+00,-3.627286890555634358e-01,1.862274604098763442e+00,-1.332489934592890890e-01,-9.608366628068822080e-02,-3.934025322517301082e-02,-2.936213785277559316e-02,-9.581612470942732496e-02,-0.000000000000000000e+00,-0.000000000000000000e+00,-0.000000000000000000e+00,-0.000000000000000000e+00,-0.000000000000000000e+00,-4.200190813026293685e-02,-1.733747725083595592e-01
-2.868134448903797082e-02,-0.000000000000000000e+00,-7.025129313222224815e-03,-1.691045905448007591e-01,-0.000000000000000000e+00,-0.000000000000000000e+00,-0.000000000000000000e+00,0.000000000000000000e+00,-8.352154194798079231e-03,-6.760763068687634936e-02,-0.000000000000000000e+00,-7.806963300887563573e-02,0.000000000000000000e+00,-0.000000000000000000e+00,-0.000000000000000000e+00,-2.124811245962422435e-01,-0.000000000000000000e+00,-9.529178186152936769e-02,-3.105366907702517346e-02,-9.998707285528403432e-02,-0.000000000000000000e+00,-3.555862656675262690e-02,-1.083337890516312962e-02,-0.000000000000000000e+00,-3.927320778411701879e-02,-1.538377920842814994e-01,-1.332489934592890890e-01,1.986844587299304132e+00,-1.669503081287480317e-01,-8.882538457248789765e-02,-1.128573289138446595e-01,-2.935710464325470559e-01,-0.000000000000000000e+00,-0.000000000000000000e+00,-1.355954645153371191e-02,-5.750774946396269849e-02,-0.000000000000000000e+00,-1.284355657559657082e-01,-7.166788461268569499e-02
-6.541636099588292452e-02,-0.000000000000000000e+00,-2.676754332570360079e-02,-1.289043805831715517e-01,-0.000000000000000000e+00,-0.000000000000000000e+00,-0.000000000000000000e+00,0.000000000000000000e+00,-1.970314113834432390e-01,-0.000000000000000000e+00,-0.000000000000000000e+00,-0.000000000000000000e+00,0.000000000000000000e+00,-0.000000000000000000e+00,-0.000000000000000000e+00,-0.000000000000000000e+00,-1.491512181960455430e-01,-7.710197449880224450e-03,-0.000000000000000000e+00,-5.586685911972492924e-02,-0.000000000000000000e+00,-0.000000000000000000e+00,-8.234946948905065567e-02,-0.000000000000000000e+00,-1.282526085686565009e-01,-1.595086326814830757e-01,-9.608366628068822080e-02,-1.669503081287480317e-01,1.985816587296310942e+00,-3.784907580011745432e-02,-0.000000000000000000e+00,-3.602461551426233144e-01,-0.000000000000000000e+00,-3.440489786915723602e-02,-1.803771767173589780e-01,-5.753020534865518898e-02,-1.122579772926043939e-01,-9.339200782418798086e-02,-0.000000000000000000e+00
-6.370259805358380323e-02,-0.000000000000000000e+00,-7.011934709434837487e-02,-0.000000000000000000e+00,-6.594521998490439352e-02,-0.000000000000000000e+00,-0.000000000000000000e+00,0.000000000000000000e+00,-0.000000000000000000e+00,-1.839640035040054911e-01,-0.000000000000000000e+00,-1.030139404822494192e-01,0.000000000000000000e+00,-0.000000000000000000e+00,-0.000000000000000000e+00,-2.140218772604245701e-01,-0.000000000000000000e+00,-1.481014668820490876e-01,-1.378556131046051458e-01,-7.826316556172531469e-02,-0.000000000000000000e+00,-5.503879521746309761e-02,-1.336197862400512193e-01,-0.000000000000000000e+00,-1.482917649151098138e-01,-0.000000000000000000e+00,-3.934025322517301082e-02,-8.882538457248789765e-02,-3.784907580011745432e-02,1.826687535604603951e+00,-4.970294030189057952e-03,-0.000000000000000000e+00,-0.000000000000000000e+00,-0.000000000000000000e+00,-0.000000000000000000e+00,-1.015362000173490459e-01,-0.000000000000000000e+00,-1.336254282928530934e-01,-4.492208053792055844e-02
-0.000000000000000000e+00,-1.375723252291737551e-02,-0.000000000000000000e+00,-0.000000000000000000e+00,-1.501283674974113365e-02,-4.028324458611193953e-02,-6.021124552830906668e-02,0.000000000000000000e+00,-0.000000000000000000e+00,-2.540271882670398496e-01,-0.000000000000000000e+00,-1.949316869362412996e-01,-0.000000000000000000e+00,-0.000000000000000000e+00,-0.000000000000000000e+00,-0.000000000000000000e+00,-0.000000000000000000e+00,-0.000000000000000000e+00,-0.000000000000000000e+00,-0.000000000000000000e+00,-9.031676725350526458e-02,-7.442812018962295662e-02,-3.947022409359934869e-02,-0.000000000000000000e+00,-1.299601171994304305e-01,-0.000000000000000000e+00,-2.936213785277559316e-02,-1.128573289138446595e-01,-0.000000000000000000e+00,-4.970294030189057952e-03,1.525782759342442674e+00,-0.000000000000000000e+00,-0.000000000000000000e+00,-0.000000000000000000e+00,-0.000000000000000000e+00,-1.251422848885913874e-01,-9.285170262227676607e-02,-1.511413669069850141e-01,-0.000000000000000000e+00
-5.038202305362615707e-02,-0.000000000000000000e+00,-0.000000000000000000e+00,-1.496208255446885294e-01,-0.000000000000000000e+00,-0.000000000000000000e+00,-0.000000000000000000e+00,0.000000000000000000e+00,-8.792997194453144871e-02,-0.000000000000000000e+00,-6.195943935478019637e-02,-0.000000000000000000e+00,0.000000000000000000e+00,-0.000000000000000000e+00,-0.000000000000000000e+00,-0.000000000000000000e+00,-2.388963148815836379e-01,-0.000000000000000000e+00,-0.000000000000000000e+00,-3.195468040579025476e-02,-0.000000000000000000e+00,-0.000000000000000000e+00,-0.000000000000000000e+00,-0.000000000000000000e+00,-7.014439338576571037e-02,-1.033616784023970586e-01,-9.581612470942732496e-02,-2.935710464325470559e-01,-3.602461551426233144e-01,-0.000000000000000000e+00,-0.000000000000000000e+00,1.783734674625511385e+00,-0.000000000000000000e+00,-6.246879217208732224e-03,-0.000000000000000000e+00,-6.628432239064020737e-02,-0.000000000000000000e+00,-8.254701649968290700e-02,-7.491464862380199652e-02
-0.000000000000000000e+00,-0.000000000000000000e+00,-1.802622726708933698e-01,-0.000000000000000000e+00,-2.308294170682185786e-01,-0.000000000000000000e+00,-0.000000000000000000e+00,0.000000000000000000e+00,-0.000000000000000000e+00,-0.000000000000000000e+00,-0.000000000000000000e+00,-0.000000000000000000e+00,-0.000000000000000000e+00,-4.452629188418609496e-02,-0.000000000000000000e+00,-0.000000000000000000e+00,-0.000000000000000000e+00,-0.000000000000000000e+00,-0.000000000000000000e+00,-0.000000000000000000e+00,-4.251847292683760826e-01,-1.076933801306465543e-01,-0.000000000000000000e+00,-1.470852895398625793e-01,-0.000000000000000000e+00,-0.000000000000000000e+00,-0.000000000000000000e+00,-0.000000000000000000e+00,-0.000000000000000000e+00,-0.000000000000000000e+00,-0.000000000000000000e+00,-0.000000000000000000e+00,1.707611867319591470e+00,-3.727658851344503033e-01,-0.000000000000000000e+00,-0.000000000000000000e+00,-1.050292478667234214e-01,-0.000000000000000000e+00,-0.000000000000000000e+00
-0.000000000000000000e+00,-0.000000000000000000e+00,-2.323682193384170036e-01,-4.532776874644045204e-03,-2.144371966697335152e-01,-0.000000000000000000e+00,-0.000000000000000000e+00,0.000000000000000000e+00,-2.033884905618421057e-01,-0.000000000000000000e+00,-5.202814753248341528e-02,-6.404271262800700915e-02,0.000000000000000000e+00,-1.086111277174041795e-01,-0.000000000000000000e+00,-0.000000000000000000e+00,-0.000000000000000000e+00,-0.000000000000000000e+00,-0.000000000000000000e+00,-0.000000000000000000e+00,-0.000000000000000000e+00,-8.264288684994941514e-02,-0.000000000000000000e+00,-0.000000000000000000e+00,-0.000000000000000000e+00,-0.000000000000000000e+00,-0.000000000000000000e+00,-0.000000000000000000e+00,-3.440489786915723602e-02,-0.000000000000000000e+00,-0.000000000000000000e+00,-6.246879217208732224e-03,-3.727658851344503033e-01,1.568373024689576622e+00,-0.000000000000000000e+00,-0.000000000000000000e+00,-0.000000000000000000e+00,-0.000000000000000000e+00,-0.000000000000000000e+00
-0.000000000000000000e+00,-0.000000000000000000e+00,-2.707958827557578607e-02,-0.000000000000000000e+00,-0.000000000000000000e+00,-0.000000000000000000e+00,-0.000000000000000000e+00,0.000000000000000000e+00,-0.000000000000000000e+00,-0.000000000000000000e+00,-0.000000000000000000e+00,-0.000000000000000000e+00,0.000000000000000000e+00,-1.650351895508851974e-01,-0.000000000000000000e+00,-0.000000000000000000e+00,-0.000000000000000000e+00,-0.000000000000000000e+00,-0.000000000000000000e+00,-1.028194409448011382e-01,-0.000000000000000000e+00,-5.014552407260981781e-02,-1.242350284953791517e-01,-0.000000000000000000e+00,-2.286171108356523374e-01,-0.000000000000000000e+00,-0.000000000000000000e+00,-1.355954645153371191e-02,-1.803771767173589780e-01,-0.000000000000000000e+00,-0.000000000000000000e+00,-0.000000000000000000e+00,-0.000000000000000000e+00,-0.000000000000000000e+00,1.645887834755020318e+00,-4.706211916104992288e-02,-5.350648973895958393e-01,-0.000000000000000000e+00,-0.000000000000000000e+00
-1.477154432271338969e-01,-6.101308628083812469e-02,-1.941811579426692413e-01,-0.000000000000000000e+00,-3.515003840616104380e-02,-0.000000000000000000e+00,-0.000000000000000000e+00,9.765216691932530543e-03,-0.000000000000000000e+00,-1.605574012738714140e-01,-0.000000000000000000e+00,-0.000000000000000000e+00,0.000000000000000000e+00,-0.000000000000000000e+00,-0.000000000000000000e+00,-3.149154690609066304e-02,-0.000000000000000000e+00,-1.815516332408443484e-02,-5.458951736711559893e-03,-0.000000000000000000e+00,-8.223491555983761248e-02,-1.028598083091825793e-02,-7.648811997686914832e-02,-0.000000000000000000e+00,-6.491547820193298290e-02,-1.235138069925282786e-02,-0.000000000000000000e+00,-5.750774946396269849e-02,-5.753020534865518898e-02,-1.015362000173490459e-01,-1.251422848885913874e-01,-6.628432239064020737e-02,-0.000000000000000000e+00,-0.000000000000000000e+00,-4.706211916104992288e-02,1.611734628228523203e+00,-5.496422016826971180e-02,-7.606795966503837603e-02,-0.000000000000000000e+00
-0.000000000000000000e+00,-2.619757838729710325e-02,-1.336061606143726654e-01,-0.000000000000000000e+00,-3.333188539273555101e-02,-2.702184874572880480e-01,-0.000000000000000000e+00,0.000000000000000000e+00,-0.000000000000000000e+00,-0.000000000000000000e+00,-0.000000000000000000e+00,-0.000000000000000000e+00,-0.000000000000000000e+00,-0.000000000000000000e+00,0.000000000000000000e+00,-0.000000000000000000e+00,-8.963095256836417501e-02,-0.000000000000000000e+00,-0.000000000000000000e+00,-0.000000000000000000e+00,-1.876734522625726070e-02,-1.904899635700040700e-02,-2.218395947369553867e-01,-0.000000000000000000e+00,-9.596504479529764653e-02,-0.000000000000000000e+00,-0.000000000000000000e+00,-0.000000000000000000e+00,-1.122579772926043939e-01,-0.000000000000000000e+00,-9.285170262227676607e-02,-0.000000000000000000e+00,-1.050292478667234214e-01,-0.000000000000000000e+00,-5.350648973895958393e-01,-5.496422016826971180e-02,1.750379375724796516e+00,-0.000000000000000000e+00,-0.000000000000000000e+00
-2.373404358434411388e-01,-1.452374952144621645e-01,-2.654018739023575324e-02,-0.000000000000000000e+00,-9.806101509599624011e-02,-0.000000000000000000e+00,-0.000000000000000000e+00,0.000000000000000000e+00,-1.879458564126643971e-01,-4.806397645033416016e-02,-0.000000000000000000e+00,-1.128694461673881710e-01,0.000000000000000000e+00,-0.000000000000000000e+00,-0.000000000000000000e+00,-9.404891778319410256e-02,-0.000000000000000000e+00,-1.499197342091240781e-01,-7.668880312629708373e-02,-0.000000000000000000e+00,-0.000000000000000000e+00,-0.000000000000000000e+00,-2.697679355395854808e-02,-0.000000000000000000e+00,-0.000000000000000000e+00,-0.000000000000000000e+00,-4.200190813026293685e-02,-1.284355657559657082e-01,-9.339200782418798086e-02,-1.336254282928530934e-01,-1.511413669069850141e-01,-8.254701649968290700e-02,-0.000000000000000000e+00,-0.000000000000000000e+00,-0.000000000000000000e+00,-7.606795966503837603e-02,-0.000000000000000000e+00,2.024620464403377174e+00,-2.083009096335266819e-01
-1.954847655333986911e-01,-1.368946183234455993e-01,-0.000000000000000000e+00,-0.000000000000000000e+00,-0.000000000000000000e+00,-0.000000000000000000e+00,-0.000000000000000000e+00,0.000000000000000000e+00,-2.958688937335722871e-02,-0.000000000000000000e+00,-0.000000000000000000e+00,-5.710928933495452997e-02,0.000000000000000000e+00,-0.000000000000000000e+00,-0.000000000000000000e+00,-1.266961156877518258e-01,-0.000000000000000000e+00,-1.409829641720665959e-02,-2.915945947564297369e-01,-0.000000000000000000e+00,-0.000000000000000000e+00,-0.000000000000000000e+00,-0.000000000000000000e+00,0.000000000000000000e+00,-0.000000000000000000e+00,-1.299368966960821881e-01,-1.733747725083595592e-01,-7.166788461268569499e-02,-0.000000000000000000e+00,-4.492208053792055844e-02,-0.000000000000000000e+00,-7.491464862380199652e-02,-0.000000000000000000e+00,-0.000000000000000000e+00,-0.000000000000000000e+00,-0.000000000000000000e+00,-0.000000000000000000e+00,-2.083009096335266819e-01,1.730540949728268663e+00
