1.000000000000000000e+00,7.481884998968996170e-01,2.915288093591565932e-01,5.074210860801249556e-02,2.607111403787452653e-01,5.298703202486958891e-02,-4.017014340025414076e-02,-2.856741491686590195e-01,3.525004299101455740e-01,2.432732331385928926e-01,1.929642459295050072e-01,5.938904759325704108e-02,-9.031510059407665825e-03,3.554955582834621319e-01,7.128983559075713350e-02,2.924709860342601386e-01,3.012259637657412892e-01,2.642812871924179463e-01,3.005423592736607974e-01,6.174858458882299256e-02,3.560884777431827519e-02,1.020648378659510802e-01,2.923100765255242095e-01,2.084249902725830716e-01,2.093827511171246769e-01,4.986112923297862931e-01,2.572044979536865505e-01,2.921720372759363804e-01,2.003590092600313899e-01,2.355826768168710339e-01,2.751847200061549037e-01,3.865254543871142201e-01,2.753125808779108286e-01,4.604309242733575780e-02,3.486271514123545079e-01,3.670670757282461505e-01,3.102065719920564235e-01,4.761034626344206599e-01,1.701619290839576915e-01
7.481884998968996170e-01,1.000000000000000000e+00,3.179701795304382128e-01,7.593401334646941725e-02,1.729541453463752931e-01,2.530245811683685120e-01,-1.144848611142085387e-01,-3.184963084796610944e-01,1.531025377131550180e-01,3.896306997776431413e-01,2.512502028021592615e-01,9.046841565308917643e-02,2.330656180197098470e-01,4.725925679930039203e-01,7.661594469190233410e-03,3.743971573855032209e-01,3.651207057154126079e-01,1.323154954620612000e-01,1.960360696595685737e-01,-1.222173858885265002e-02,2.373505939088837724e-01,3.360884227422155646e-01,2.735545261661312400e-01,1.034522389057726810e-01,4.011638469635956383e-01,5.917413301746838883e-01,4.299337065726805962e-01,1.266493856630371007e-01,4.638016632122748395e-01,9.836320018025417056e-02,2.135136790267243567e-01,5.380495051369337256e-01,4.508257135994322984e-01,-6.770560669818811994e-02,5.210307441819730379e-01,6.016316396248193588e-01,5.007671757233705945e-01,4.075224841615203153e-01,1.714375988192373690e-01
2.915288093591565932e-01,3.179701795304382128e-01,1.000000000000000000e+00,4.377863172444144135e-01,7.814650057226263380e-01,-7.065011995434836156e-02,2.709150598932247300e-01,-8.965701420263260113e-01,2.935179130709222872e-01,7.015122833560901716e-01,3.416290308435685485e-01,6.817302419626278809e-01,1.771947310159766031e-01,3.141044902372037706e-01,3.185816907918317398e-01,6.749390375043963219e-01,2.086768473932025802e-01,5.237696962014093405e-01,3.620514734711981486e-01,4.728115313484090310e-01,5.995360003045291375e-01,5.346661431347526916e-01,4.531197767756070527e-01,5.239117880148470852e-02,5.483732060023157606e-01,3.973042496702832715e-01,3.573924437465229031e-01,5.797259612603842260e-01,7.292610525258674814e-03,5.087290038467574549e-01,2.351314210592955201e-01,1.892824575509398921e-01,5.696436702132769980e-01,1.649207546619372577e-01,6.170279782340468838e-02,2.657230664791730979e-01,1.013946659510084197e-01,4.384746145946240015e-01,3.986272675439890834e-01
5.074210860801249556e-02,7.593401334646941725e-02,4.377863172444144135e-01,1.000000000000000000e+00,2.823644235897220800e-01,-4.553331491746259174e-01,6.969463352073721474e-01,-3.161544837832630517e-01,4.497257922506246453e-01,4.466906788869622336e-01,-7.880919258858552767e-02,6.601227883114346717e-01,-1.910728525605628891e-01,-1.423498507260424761e-01,5.075970217752339142e-01,3.712199132727855844e-01,-2.597716857339523733e-01,6.837325149572004435e-01,5.410780780147607105e-01,4.504860442745092786e-01,1.381391523765532758e-01,3.970346064339110304e-01,4.533526001666591254e-01,1.721151632453635782e-01,2.473111431258830095e-01,-1.859794549212249459e-01,-1.713225060424447554e-01,1.908584455076837716e-01,-3.599194718283209027e-01,4.491929062420592089e-01,-2.832516114187114686e-01,-2.931388261954310792e-01,7.314839306344826653e-02,3.171736057521357122e-01,-3.204045522452526051e-01,-2.987219507550554209e-01,-2.935440206209196101e-01,4.594583390145968171e-01,7.476552422898202765e-01
2.607111403787452653e-01,1.729541453463752931e-01,7.814650057226263380e-01,2.823644235897220800e-01,1.000000000000000000e+00,1.728188543415896603e-02,1.946347609775100074e-01,-7.815213477719641366e-01,2.516507355259250400e-01,5.710809040405224746e-01,3.605242411433585148e-01,6.047451857360529592e-01,1.549462808324193197e-01,2.922040564082435954e-01,3.134823892646433907e-01,5.921941181124753539e-01,2.706444365724862133e-01,4.078192664217157870e-01,2.950498301167669979e-01,3.545257835049649420e-01,3.448000930845688816e-01,2.998530211084589059e-01,3.666182433874450863e-01,1.167708724037957307e-01,4.323464612031020504e-01,3.623788596534143758e-01,2.763563761936499441e-01,6.262324034545211360e-01,2.627143804536215071e-04,5.221622810115690294e-01,4.031010215210537595e-01,2.061063802249126220e-01,3.540462496966959027e-01,2.048169027190270830e-01,1.067300688895094080e-01,1.542521742318834765e-01,1.492292440341778936e-01,4.232372555027789085e-01,2.561624277096214430e-01
5.298703202486958891e-02,2.530245811683685120e-01,-7.065011995434836156e-02,-4.553331491746259174e-01,1.728188543415896603e-02,1.000000000000000000e+00,-6.273390398554938852e-01,-6.386041137443664029e-02,-6.229309736114705398e-01,1.757168940175442284e-01,5.341063804929829795e-01,-3.387759605012841124e-01,4.157868471750749695e-01,5.499216962892262694e-01,-2.971536596680765530e-01,1.182636741368104510e-01,6.390474317749559319e-01,-5.985001230586721732e-01,-5.342155167309925456e-01,-3.683171259919932328e-01,2.270883740541146667e-01,3.560736654839922848e-03,-3.288766300722661962e-01,-1.784969251540902135e-01,3.971053344947270136e-01,3.142628489519299628e-01,3.156386561552849690e-01,-6.535215378371034278e-02,7.518349990697693608e-01,-2.517067978822227214e-01,5.495207710981159233e-01,6.521727070034529783e-01,3.484961875412538879e-01,-4.699862762399487082e-01,6.538643357214480867e-01,6.540697550587379894e-01,7.015006956527954918e-01,-3.307471543077405429e-01,-5.675024467218648949e-01
-4.017014340025414076e-02,-1.144848611142085387e-01,2.709150598932247300e-01,6.969463352073721474e-01,1.946347609775100074e-01,-6.273390398554938852e-01,1.000000000000000000e+00,-8.772955382608389752e-02,5.302157961294065025e-01,1.268588717702805180e-01,-2.550059276885162651e-01,4.951113363528016897e-01,-1.727853946859345124e-01,-2.837026580905719353e-01,3.871909862331825436e-01,8.388635349341637404e-02,-4.974078489444019868e-01,6.348068738595694649e-01,6.028531505304773885e-01,6.612430870824740348e-01,-3.214051797433281621e-02,4.092706069633699761e-01,4.331001265920070842e-01,2.464393167393821582e-01,-1.203913895567402387e-01,-2.933059611457411453e-01,-1.798683036372998312e-01,1.500083819699368770e-01,-5.781617789080424341e-01,4.158094638524713615e-01,-2.829782650286036816e-01,-4.304481568210594133e-01,-2.010680700497761431e-01,4.346124915903390451e-01,-4.488832004574005441e-01,-5.402200620422967781e-01,-4.857561194824836504e-01,3.430058726638731681e-01,7.409093070240306833e-01
-2.856741491686590195e-01,-3.184963084796610944e-01,-8.965701420263260113e-01,-3.161544837832630517e-01,-7.815213477719641366e-01,-6.386041137443664029e-02,-8.772955382608389752e-02,1.000000000000000000e+00,-1.474230352242191511e-01,-7.201818989911605851e-01,-4.185469837598843612e-01,-6.007323194166042102e-01,-1.882859022396841109e-01,-3.914714105386800092e-01,-2.671998315957893055e-01,-6.880690362964111406e-01,-3.144977516183201094e-01,-3.737717968283508219e-01,-1.965989766305934194e-01,-3.248154202161800397e-01,-5.903510383318445465e-01,-4.222371810724394048e-01,-3.381409479359734349e-01,3.820488390697710651e-02,-5.997989443336878557e-01,-4.193338815235745365e-01,-3.635497953783763392e-01,-5.606421414560561756e-01,-1.239037297384361080e-01,-4.229994619630854102e-01,-3.149052296578785382e-01,-2.683307542999440742e-01,-6.105432800149026562e-01,-4.457436169568403106e-02,-1.327406140924233813e-01,-3.727572031217235571e-01,-1.903480534058195062e-01,-3.471465627018783806e-01,-2.383631898113376113e-01
3.525004299101455740e-01,1.531025377131550180e-01,2.935179130709222872e-01,4.497257922506246453e-01,2.516507355259250400e-01,-6.229309736114705398e-01,5.302157961294065025e-01,-1.474230352242191511e-01,1.000000000000000000e+00,2.767551893590861414e-02,-1.280696673957200660e-01,4.720558995100407884e-01,-4.265996103505206305e-01,-2.840921260009645621e-01,4.176422998382001150e-01,1.086231759101965177e-01,-2.337395985044510849e-01,7.665484527906306633e-01,7.533038189548435515e-01,2.811486325900866001e-01,-1.656028909220727263e-01,5.327265191203724853e-02,6.144837038675610152e-01,3.702937962793701465e-01,-1.234028439605416305e-01,3.219201464290663561e-02,-1.080566864628867002e-01,2.977508327339679628e-01,-4.965219600289390578e-01,5.066134200933043452e-01,-3.102963141736397867e-01,-3.101134180393023132e-01,-8.542914914272717319e-02,6.487198150960443721e-01,-3.490430021290131246e-01,-3.512033678314174234e-01,-3.570582412898155589e-01,7.549584417062831232e-01,7.144467053437915105e-01
2.432732331385928926e-01,3.896306997776431413e-01,7.015122833560901716e-01,4.466906788869622336e-01,5.710809040405224746e-01,1.757168940175442284e-01,1.268588717702805180e-01,-7.201818989911605851e-01,2.767551893590861414e-02,1.000000000000000000e+00,4.727846389462811438e-01,6.109491923165696337e-01,1.743642255415545628e-01,4.426875831484928248e-01,4.297120772499695707e-01,8.402140301891479757e-01,3.896548397365967586e-01,3.397810603348475067e-01,1.030717594573606344e-01,2.072550394107093019e-01,5.536428214208611864e-01,4.232409227083601677e-01,3.224539018971698257e-01,-5.906640892934451881e-02,7.775974985056323119e-01,2.968375019182432073e-01,2.527749749258758061e-01,5.197073419453352994e-01,1.561241787731312280e-01,5.043964472765088969e-01,2.504001116289212292e-01,1.998632888609259139e-01,5.882923819219176842e-01,-1.519657843701589794e-01,1.595177541947968292e-01,3.935465801739514435e-01,2.591161907758335325e-01,3.257516206913838586e-01,3.293469657533073525e-01
1.929642459295050072e-01,2.512502028021592615e-01,3.416290308435685485e-01,-7.880919258858552767e-02,3.605242411433585148e-01,5.341063804929829795e-01,-2.550059276885162651e-01,-4.185469837598843612e-01,-1.280696673957200660e-01,4.727846389462811438e-01,1.000000000000000000e+00,2.168921193809414671e-01,1.381853999186367088e-01,5.339750406407919314e-01,2.969722204861968001e-02,4.471836477325788484e-01,7.396774736500228986e-01,-1.011726545428902890e-01,-1.328330753758544258e-01,4.863639212590166461e-02,2.902997214216305744e-01,1.503544934704803271e-01,1.665648623745899504e-01,-9.735369773305679875e-02,5.867783535421783325e-01,2.925976501436086674e-01,3.337302687421066505e-01,3.122203319178742387e-01,4.006017144324702239e-01,3.056815933264968033e-01,3.360502337770456815e-01,4.502726943193760545e-01,3.952475002124296033e-01,-1.883277159810789469e-01,3.358730840111124327e-01,4.579521171470397056e-01,4.414705208776787959e-01,8.131177310147769122e-02,-1.199177749147221084e-01
5.938904759325704108e-02,9.046841565308917643e-02,6.817302419626278809e-01,6.601227883114346717e-01,6.047451857360529592e-01,-3.387759605012841124e-01,4.951113363528016897e-01,-6.007323194166042102e-01,4.720558995100407884e-01,6.109491923165696337e-01,2.168921193809414671e-01,1.000000000000000000e+00,-1.012164879675724466e-01,7.471276992545043683e-02,5.779209067734903948e-01,5.704701404711367552e-01,-1.081245208900803202e-02,6.436903020093358574e-01,4.787014370794913654e-01,4.028042139531549659e-01,2.398338590359095635e-01,3.496556714203277738e-01,5.257087251391714400e-01,1.202941984972216299e-01,4.151618658525014771e-01,1.250662931565236780e-01,1.548941180962769004e-01,5.149293830751432433e-01,-2.858553819016726449e-01,6.814994435844708986e-01,-1.266740896545134054e-01,-1.831560049204120078e-01,2.586106992064027832e-01,3.716460641807785570e-01,-1.942807825680616662e-01,-1.218726885491466239e-01,-1.429369899594249982e-01,5.483433273593765200e-01,6.729143972218349923e-01
-9.031510059407665825e-03,2.330656180197098470e-01,1.771947310159766031e-01,-1.910728525605628891e-01,1.549462808324193197e-01,4.157868471750749695e-01,-1.727853946859345124e-01,-1.882859022396841109e-01,-4.265996103505206305e-01,1.743642255415545628e-01,1.381853999186367088e-01,-1.012164879675724466e-01,1.000000000000000000e+00,4.618834555536633912e-01,-3.255253042827876975e-01,1.073473572237635537e-01,2.625596081354288347e-01,-2.565518694945446709e-01,-1.511458618235639040e-01,1.091751859776682460e-01,4.083097289837455124e-01,4.677492900607221893e-01,-2.039613010115046976e-01,1.357449542970817213e-01,2.257076615748906667e-01,4.879554270975492991e-01,5.621733025449439092e-01,3.950433022354588736e-02,4.316883269280782920e-01,-2.146744490035236430e-01,5.282995779183128349e-01,3.986287467374734494e-01,3.287978036438085616e-01,-1.988215729227319484e-01,5.117843414523777223e-01,4.024190331889912486e-01,4.250365325815644857e-01,-2.057480360565559219e-01,-2.825727542216551758e-01
3.554955582834621319e-01,4.725925679930039203e-01,3.141044902372037706e-01,-1.423498507260424761e-01,2.922040564082435954e-01,5.499216962892262694e-01,-2.837026580905719353e-01,-3.914714105386800092e-01,-2.840921260009645621e-01,4.426875831484928248e-01,5.339750406407919314e-01,7.471276992545043683e-02,4.618834555536633912e-01,1.000000000000000000e+00,-5.271660914540187565e-02,3.889494952890761303e-01,5.794711421584304301e-01,-2.730666758538238814e-01,-2.557315020078263501e-01,1.925991874450921557e-03,2.764707450661709198e-01,3.301977669906548951e-01,9.194477901107185602e-02,1.651287159974511864e-01,5.670110450650732714e-01,5.236338564786789940e-01,5.442191804768164998e-01,2.658294381174545196e-01,6.345126699621337352e-01,8.687241188742599041e-02,5.478539310030148268e-01,6.451823418923525733e-01,5.147328693101647090e-01,-1.949830545133375559e-01,6.130924395206913680e-01,5.969363705138749365e-01,6.438348811886693834e-01,-2.634258406917537858e-03,-1.696112907527042857e-01
7.128983559075713350e-02,7.661594469190233410e-03,3.185816907918317398e-01,5.075970217752339142e-01,3.134823892646433907e-01,-2.971536596680765530e-01,3.871909862331825436e-01,-2.671998315957893055e-01,4.176422998382001150e-01,4.297120772499695707e-01,2.969722204861968001e-02,5.779209067734903948e-01,-3.255253042827876975e-01,-5.271660914540187565e-02,1.000000000000000000e+00,4.740501667945808961e-01,-2.430370008582821706e-02,5.099464015976753473e-01,3.202933458884450468e-01,6.289523595426745051e-02,-2.792703734967110288e-02,2.871821614210624818e-02,3.764068387105104496e-01,1.196266886222679127e-01,2.463056436986472419e-01,-2.568565946165661182e-02,-1.861681796573716741e-01,4.375522022961161328e-01,-3.109229905715982789e-01,5.747643877216609409e-01,-1.916976901237091302e-01,-2.904787139071901558e-01,1.806647457398230239e-01,3.019527138604347627e-01,-3.095429444225841764e-01,-2.781838008917746907e-01,-1.607089837320685444e-01,4.394670766152638519e-01,5.872181991021536707e-01
2.924709860342601386e-01,3.743971573855032209e-01,6.749390375043963219e-01,3.712199132727855844e-01,5.921941181124753539e-01,1.182636741368104510e-01,8.388635349341637404e-02,-6.880690362964111406e-01,1.086231759101965177e-01,8.402140301891479757e-01,4.471836477325788484e-01,5.704701404711367552e-01,1.073473572237635537e-01,3.889494952890761303e-01,4.740501667945808961e-01,1.000000000000000000e+00,4.721155487289364627e-01,3.909668000568711776e-01,1.669924212036998645e-01,1.793710187303650394e-01,5.168184794754023814e-01,3.222602451091242104e-01,3.919804354223386800e-01,-1.819753682162710690e-02,7.161118327845895637e-01,3.614227481093815197e-01,1.695382693455025347e-01,6.830138296980319268e-01,7.543987646256719581e-02,6.101577926949846020e-01,2.008293387430466481e-01,1.758439120390547505e-01,5.781805976581276818e-01,-1.180420171579577709e-01,1.172271391329700041e-01,3.241549380741228226e-01,2.436825249244441438e-01,3.632799957471438690e-01,2.973167384613846775e-01
3.012259637657412892e-01,3.651207057154126079e-01,2.086768473932025802e-01,-2.597716857339523733e-01,2.706444365724862133e-01,6.390474317749559319e-01,-4.974078489444019868e-01,-3.144977516183201094e-01,-2.337395985044510849e-01,3.896548397365967586e-01,7.396774736500228986e-01,-1.081245208900803202e-02,2.625596081354288347e-01,5.794711421584304301e-01,-2.430370008582821706e-02,4.721155487289364627e-01,1.000000000000000000e+00,-1.859974701799191610e-01,-2.519737473988476473e-01,-2.032743011907039432e-01,2.733420503442383076e-01,-2.581844263847788562e-02,2.327267054835128329e-02,-3.701075461297061164e-02,5.428331162389865572e-01,4.971798981183087052e-01,3.377351668026580267e-01,3.913824540737625424e-01,5.367965949802769865e-01,1.962556331681493127e-01,4.540398306909069759e-01,5.594308111725001531e-01,4.701324471892112666e-01,-2.960215696630607574e-01,4.949660407640940618e-01,5.620749951726411453e-01,6.028300497267767843e-01,5.384040187985126430e-02,-3.090394525921935642e-01
2.642812871924179463e-01,1.323154954620612000e-01,5.237696962014093405e-01,6.837325149572004435e-01,4.078192664217157870e-01,-5.985001230586721732e-01,6.348068738595694649e-01,-3.737717968283508219e-01,7.665484527906306633e-01,3.397810603348475067e-01,-1.011726545428902890e-01,6.436903020093358574e-01,-2.565518694945446709e-01,-2.730666758538238814e-01,5.099464015976753473e-01,3.909668000568711776e-01,-1.859974701799191610e-01,1.000000000000000000e+00,7.852417713364989726e-01,4.405159911499678116e-01,1.717855713540109575e-01,2.496785470395776196e-01,6.004191343441178663e-01,2.690472974295093911e-01,1.004550789777799852e-01,3.360592033890915514e-02,-1.001886103513830173e-01,4.508799919173084869e-01,-5.581113367683967486e-01,6.146900243698428801e-01,-2.368715695551843192e-01,-3.880202089835341206e-01,1.268546989939001723e-01,4.441657430951357344e-01,-3.768531943652164151e-01,-2.961247539643197535e-01,-3.822315676055224598e-01,6.915568718415281424e-01,7.591407322422139003e-01
3.005423592736607974e-01,1.960360696595685737e-01,3.620514734711981486e-01,5.410780780147607105e-01,2.950498301167669979e-01,-5.342155167309925456e-01,6.028531505304773885e-01,-1.965989766305934194e-01,7.533038189548435515e-01,1.030717594573606344e-01,-1.328330753758544258e-01,4.787014370794913654e-01,-1.511458618235639040e-01,-2.557315020078263501e-01,3.202933458884450468e-01,1.669924212036998645e-01,-2.519737473988476473e-01,7.852417713364989726e-01,1.000000000000000000e+00,4.495582141965293044e-01,4.204002698018020207e-02,3.207752930860877649e-01,5.137066764275828312e-01,3.680901428447601598e-01,-6.541350489287119097e-02,6.922487976783246733e-02,-2.379081899156028357e-02,2.723046941720836944e-01,-4.892190076762537032e-01,4.802229811576800289e-01,-1.965034166545591432e-01,-3.109691735880080188e-01,1.118601387144922341e-02,5.161421053784480684e-01,-2.649142216262835303e-01,-2.828799132724449383e-01,-3.215106036685324020e-01,6.426089562370245201e-01,6.604157735045890210e-01
6.174858458882299256e-02,-1.222173858885265002e-02,4.728115313484090310e-01,4.504860442745092786e-01,3.545257835049649420e-01,-3.683171259919932328e-01,6.612430870824740348e-01,-3.248154202161800397e-01,2.811486325900866001e-01,2.072550394107093019e-01,4.863639212590166461e-02,4.028042139531549659e-01,1.091751859776682460e-01,1.925991874450921557e-03,6.289523595426745051e-02,1.793710187303650394e-01,-2.032743011907039432e-01,4.405159911499678116e-01,4.495582141965293044e-01,1.000000000000000000e+00,2.991906090966234277e-01,6.370161897103636672e-01,3.803333407189251059e-01,1.439988599764967236e-01,5.911306104044085352e-02,-7.883039961217851166e-02,1.017230892442045481e-01,2.299301994364879587e-01,-3.389072978048994766e-01,3.674019390736438240e-01,-3.575478427620743666e-02,-1.148947783820359336e-01,2.441296556938557516e-02,1.978757781295787666e-01,-2.212946483501310180e-01,-2.182753140913417933e-01,-2.927840036915781985e-01,1.457106514957198784e-01,4.301766087106612679e-01
3.560884777431827519e-02,2.373505939088837724e-01,5.995360003045291375e-01,1.381391523765532758e-01,3.448000930845688816e-01,2.270883740541146667e-01,-3.214051797433281621e-02,-5.903510383318445465e-01,-1.656028909220727263e-01,5.536428214208611864e-01,2.902997214216305744e-01,2.398338590359095635e-01,4.083097289837455124e-01,2.764707450661709198e-01,-2.792703734967110288e-02,5.168184794754023814e-01,2.733420503442383076e-01,1.717855713540109575e-01,4.204002698018020207e-02,2.991906090966234277e-01,1.000000000000000000e+00,5.478800550919816770e-01,1.230978832230777975e-01,-1.344658450346042367e-01,5.185576443389628976e-01,2.747102868875000437e-01,2.845756395662852878e-01,2.780072713502693693e-01,1.832092170482748916e-01,1.447757580069763128e-01,2.071584260723436099e-01,2.535206742791648593e-01,7.080890632219093428e-01,-2.782103070873814810e-01,1.789590348582190404e-01,4.516263536688014946e-01,2.260149026777374115e-01,-5.027998950217495155e-02,-1.802971082883304821e-02
1.020648378659510802e-01,3.360884227422155646e-01,5.346661431347526916e-01,3.970346064339110304e-01,2.998530211084589059e-01,3.560736654839922848e-03,4.092706069633699761e-01,-4.222371810724394048e-01,5.327265191203724853e-02,4.232409227083601677e-01,1.503544934704803271e-01,3.496556714203277738e-01,4.677492900607221893e-01,3.301977669906548951e-01,2.871821614210624818e-02,3.222602451091242104e-01,-2.581844263847788562e-02,2.496785470395776196e-01,3.207752930860877649e-01,6.370161897103636672e-01,5.478800550919816770e-01,1.000000000000000000e+00,2.764530693823530338e-01,1.014966455301088422e-01,3.282346921398542894e-01,2.219047600933368170e-01,3.951639232919371136e-01,1.049719316381045875e-01,1.275542230971112023e-01,1.527690604786313411e-01,1.253721945693808959e-01,2.068730338328816365e-01,3.677735770212485766e-01,8.896819596164394495e-02,1.058688933615534039e-01,1.818520357350171535e-01,5.886393990352795091e-02,1.620450752040927256e-01,3.706670195585968219e-01
2.923100765255242095e-01,2.735545261661312400e-01,4.531197767756070527e-01,4.533526001666591254e-01,3.666182433874450863e-01,-3.288766300722661962e-01,4.331001265920070842e-01,-3.381409479359734349e-01,6.144837038675610152e-01,3.224539018971698257e-01,1.665648623745899504e-01,5.257087251391714400e-01,-2.039613010115046976e-01,9.194477901107185602e-02,3.764068387105104496e-01,3.919804354223386800e-01,2.327267054835128329e-02,6.004191343441178663e-01,5.137066764275828312e-01,3.803333407189251059e-01,1.230978832230777975e-01,2.764530693823530338e-01,1.000000000000000000e+00,3.677422879671990441e-01,3.246535587619664986e-01,1.248294345143036721e-01,5.814611653700906685e-02,3.458191729363712108e-01,-1.899285546703373129e-01,5.807230189304352086e-01,-2.307475869951965408e-01,-3.811675737047130752e-02,1.354848045350853236e-01,3.913556926445800332e-01,-1.202215977016148629e-01,-5.039784646073105362e-02,-6.613912846675652768e-02,5.476628122087018324e-01,5.851682379730758221e-01
2.084249902725830716e-01,1.034522389057726810e-01,5.239117880148470852e-02,1.721151632453635782e-01,1.167708724037957307e-01,-1.784969251540902135e-01,2.464393167393821582e-01,3.820488390697710651e-02,3.702937962793701465e-01,-5.906640892934451881e-02,-9.735369773305679875e-02,1.202941984972216299e-01,1.357449542970817213e-01,1.651287159974511864e-01,1.196266886222679127e-01,-1.819753682162710690e-02,-3.701075461297061164e-02,2.690472974295093911e-01,3.680901428447601598e-01,1.439988599764967236e-01,-1.344658450346042367e-01,1.014966455301088422e-01,3.677422879671990441e-01,1.000000000000000000e+00,-3.068412580852150282e-02,1.441945938114505277e-01,6.086599687862038338e-02,1.127388873062973168e-01,-1.039867075944383157e-01,1.624800235595048881e-01,1.187304090744199236e-01,1.431141636007814914e-03,1.604785944761505205e-03,3.769148017985852750e-01,5.954964915421183391e-02,-2.048298742554505725e-01,2.281062470479209431e-02,2.853726918794467493e-01,2.350297342418178614e-01
2.093827511171246769e-01,4.011638469635956383e-01,5.483732060023157606e-01,2.473111431258830095e-01,4.323464612031020504e-01,3.971053344947270136e-01,-1.203913895567402387e-01,-5.997989443336878557e-01,-1.234028439605416305e-01,7.775974985056323119e-01,5.867783535421783325e-01,4.151618658525014771e-01,2.257076615748906667e-01,5.670110450650732714e-01,2.463056436986472419e-01,7.161118327845895637e-01,5.428331162389865572e-01,1.004550789777799852e-01,-6.541350489287119097e-02,5.911306104044085352e-02,5.185576443389628976e-01,3.282346921398542894e-01,3.246535587619664986e-01,-3.068412580852150282e-02,1.000000000000000000e+00,3.126716461936728808e-01,2.677025059750915981e-01,3.818897632888480498e-01,3.735980310876209631e-01,3.548780956969582179e-01,2.667385857159765838e-01,3.939720557245564025e-01,6.132182414209186305e-01,-2.487647975265958045e-01,3.562837539478079241e-01,5.258125599046045151e-01,4.619113118310932409e-01,1.640830367243084065e-01,9.476095870272104038e-02
4.986112923297862931e-01,5.917413301746838883e-01,3.973042496702832715e-01,-1.859794549212249459e-01,3.623788596534143758e-01,3.142628489519299628e-01,-2.933059611457411453e-01,-4.193338815235745365e-01,3.219201464290663561e-02,2.968375019182432073e-01,2.925976501436086674e-01,1.250662931565236780e-01,4.879554270975492991e-01,5.236338564786789940e-01,-2.568565946165661182e-02,3.614227481093815197e-01,4.971798981183087052e-01,3.360592033890915514e-02,6.922487976783246733e-02,-7.883039961217851166e-02,2.747102868875000437e-01,2.219047600933368170e-01,1.248294345143036721e-01,1.441945938114505277e-01,3.126716461936728808e-01,1.000000000000000000e+00,7.499836124854237784e-01,4.148063005753424570e-01,4.802046570637470979e-01,1.337374893271928433e-01,4.874133598670004619e-01,5.441453829459091951e-01,4.673236271266822395e-01,2.521922803622943243e-02,5.503716573584154226e-01,5.777905150407538493e-01,5.201509959045843567e-01,2.959500316980002155e-01,-4.307289333016944832e-02
2.572044979536865505e-01,4.299337065726805962e-01,3.573924437465229031e-01,-1.713225060424447554e-01,2.763563761936499441e-01,3.156386561552849690e-01,-1.798683036372998312e-01,-3.635497953783763392e-01,-1.080566864628867002e-01,2.527749749258758061e-01,3.337302687421066505e-01,1.548941180962769004e-01,5.621733025449439092e-01,5.442191804768164998e-01,-1.861681796573716741e-01,1.695382693455025347e-01,3.377351668026580267e-01,-1.001886103513830173e-01,-2.379081899156028357e-02,1.017230892442045481e-01,2.845756395662852878e-01,3.951639232919371136e-01,5.814611653700906685e-02,6.086599687862038338e-02,2.677025059750915981e-01,7.499836124854237784e-01,1.000000000000000000e+00,2.140215376237418199e-01,4.797560399201817871e-01,1.239343894663185591e-02,4.670470017382318262e-01,5.029159562422138574e-01,3.529813190126609435e-01,-2.361444510302638730e-02,5.057294081747946146e-01,5.315930588424985226e-01,3.924617612451190007e-01,1.064916630490264776e-01,-5.500225284091921768e-02
2.921720372759363804e-01,1.266493856630371007e-01,5.797259612603842260e-01,1.908584455076837716e-01,6.262324034545211360e-01,-6.535215378371034278e-02,1.500083819699368770e-01,-5.606421414560561756e-01,2.977508327339679628e-01,5.197073419453352994e-01,3.122203319178742387e-01,5.149293830751432433e-01,3.950433022354588736e-02,2.658294381174545196e-01,4.375522022961161328e-01,6.830138296980319268e-01,3.913824540737625424e-01,4.508799919173084869e-01,2.723046941720836944e-01,2.299301994364879587e-01,2.780072713502693693e-01,1.049719316381045875e-01,3.458191729363712108e-01,1.127388873062973168e-01,3.818897632888480498e-01,4.148063005753424570e-01,2.140215376237418199e-01,1.000000000000000000e+00,-1.496732469411966859e-01,7.186248618137511812e-01,2.950080704866558934e-01,4.584680260544011371e-02,4.024224271059838598e-01,8.288687935826943853e-02,-3.521209692555568854e-03,4.197786854519772182e-02,9.342024916028469905e-02,3.737634790055506806e-01,2.795480572513894257e-01
2.003590092600313899e-01,4.638016632122748395e-01,7.292610525258674814e-03,-3.599194718283209027e-01,2.627143804536215071e-04,7.518349990697693608e-01,-5.781617789080424341e-01,-1.239037297384361080e-01,-4.965219600289390578e-01,1.561241787731312280e-01,4.006017144324702239e-01,-2.858553819016726449e-01,4.316883269280782920e-01,6.345126699621337352e-01,-3.109229905715982789e-01,7.543987646256719581e-02,5.367965949802769865e-01,-5.581113367683967486e-01,-4.892190076762537032e-01,-3.389072978048994766e-01,1.832092170482748916e-01,1.275542230971112023e-01,-1.899285546703373129e-01,-1.039867075944383157e-01,3.735980310876209631e-01,4.802046570637470979e-01,4.797560399201817871e-01,-1.496732469411966859e-01,1.000000000000000000e+00,-3.376049189787101446e-01,4.206141578192921782e-01,7.970243297303659658e-01,3.505508551811950535e-01,-2.829045189766749013e-01,6.744353705830616885e-01,7.131464848011647151e-01,7.520937535187450784e-01,-1.775967163350598843e-01,-4.199145206043586875e-01
2.355826768168710339e-01,9.836320018025417056e-02,5.087290038467574549e-01,4.491929062420592089e-01,5.221622810115690294e-01,-2.517067978822227214e-01,4.158094638524713615e-01,-4.229994619630854102e-01,5.066134200933043452e-01,5.043964472765088969e-01,3.056815933264968033e-01,6.814994435844708986e-01,-2.146744490035236430e-01,8.687241188742599041e-02,5.747643877216609409e-01,6.101577926949846020e-01,1.962556331681493127e-01,6.146900243698428801e-01,4.802229811576800289e-01,3.674019390736438240e-01,1.447757580069763128e-01,1.527690604786313411e-01,5.807230189304352086e-01,1.624800235595048881e-01,3.548780956969582179e-01,1.337374893271928433e-01,1.239343894663185591e-02,7.186248618137511812e-01,-3.376049189787101446e-01,1.000000000000000000e+00,-5.092085069162790439e-02,-1.316094559182090229e-01,2.319427942205683213e-01,2.304393066436516702e-01,-1.233925219206014334e-01,-1.230313560922263877e-01,-3.212624403986810706e-02,5.030158186292775779e-01,5.326545090714005504e-01
2.751847200061549037e-01,2.135136790267243567e-01,2.351314210592955201e-01,-2.832516114187114686e-01,4.031010215210537595e-01,5.495207710981159233e-01,-2.829782650286036816e-01,-3.149052296578785382e-01,-3.102963141736397867e-01,2.504001116289212292e-01,3.360502337770456815e-01,-1.266740896545134054e-01,5.282995779183128349e-01,5.478539310030148268e-01,-1.916976901237091302e-01,2.008293387430466481e-01,4.540398306909069759e-01,-2.368715695551843192e-01,-1.965034166545591432e-01,-3.575478427620743666e-02,2.071584260723436099e-01,1.253721945693808959e-01,-2.307475869951965408e-01,1.187304090744199236e-01,2.667385857159765838e-01,4.874133598670004619e-01,4.670470017382318262e-01,2.950080704866558934e-01,4.206141578192921782e-01,-5.092085069162790439e-02,1.000000000000000000e+00,5.057125369519218649e-01,2.916741795577150742e-01,-1.896558174504305305e-01,5.119849740843905872e-01,4.272570233938696171e-01,4.356393859190413331e-01,-8.082035423339109514e-02,-3.449014989265986042e-01
3.865254543871142201e-01,5.380495051369337256e-01,1.892824575509398921e-01,-2.931388261954310792e-01,2.061063802249126220e-01,6.521727070034529783e-01,-4.304481568210594133e-01,-2.683307542999440742e-01,-3.101134180393023132e-01,1.998632888609259139e-01,4.502726943193760545e-01,-1.831560049204120078e-01,3.986287467374734494e-01,6.451823418923525733e-01,-2.904787139071901558e-01,1.758439120390547505e-01,5.594308111725001531e-01,-3.880202089835341206e-01,-3.109691735880080188e-01,-1.148947783820359336e-01,2.535206742791648593e-01,2.068730338328816365e-01,-3.811675737047130752e-02,1.431141636007814914e-03,3.939720557245564025e-01,5.441453829459091951e-01,5.029159562422138574e-01,4.584680260544011371e-02,7.970243297303659658e-01,-1.316094559182090229e-01,5.057125369519218649e-01,1.000000000000000000e+00,3.861780510162715063e-01,-2.086091586558095068e-01,7.207801027080035228e-01,6.760129472480504997e-01,7.432148233663254944e-01,-7.741916232228926442e-02,-3.280467175844690164e-01
2.753125808779108286e-01,4.508257135994322984e-01,5.696436702132769980e-01,7.314839306344826653e-02,3.540462496966959027e-01,3.484961875412538879e-01,-2.010680700497761431e-01,-6.105432800149026562e-01,-8.542914914272717319e-02,5.882923819219176842e-01,3.952475002124296033e-01,2.586106992064027832e-01,3.287978036438085616e-01,5.147328693101647090e-01,1.806647457398230239e-01,5.781805976581276818e-01,4.701324471892112666e-01,1.268546989939001723e-01,1.118601387144922341e-02,2.441296556938557516e-02,7.080890632219093428e-01,3.677735770212485766e-01,1.354848045350853236e-01,1.604785944761505205e-03,6.132182414209186305e-01,4.673236271266822395e-01,3.529813190126609435e-01,4.024224271059838598e-01,3.505508551811950535e-01,2.319427942205683213e-01,2.916741795577150742e-01,3.861780510162715063e-01,1.000000000000000000e+00,-2.230856646233737861e-01,3.457426188224548280e-01,5.471601089964738263e-01,4.379433930539907149e-01,9.471235434948835352e-02,-5.270601634960879640e-03
4.604309242733575780e-02,-6.770560669818811994e-02,1.649207546619372577e-01,3.171736057521357122e-01,2.048169027190270830e-01,-4.699862762399487082e-01,4.346124915903390451e-01,-4.457436169568403106e-02,6.487198150960443721e-01,-1.519657843701589794e-01,-1.883277159810789469e-01,3.716460641807785570e-01,-1.988215729227319484e-01,-1.949830545133375559e-01,3.019527138604347627e-01,-1.180420171579577709e-01,-2.960215696630607574e-01,4.441657430951357344e-01,5.161421053784480684e-01,1.978757781295787666e-01,-2.782103070873814810e-01,8.896819596164394495e-02,3.913556926445800332e-01,3.769148017985852750e-01,-2.487647975265958045e-01,2.521922803622943243e-02,-2.361444510302638730e-02,8.288687935826943853e-02,-2.829045189766749013e-01,2.304393066436516702e-01,-1.896558174504305305e-01,-2.086091586558095068e-01,-2.230856646233737861e-01,1.000000000000000000e+00,-2.957641550626984861e-01,-4.145773211592216900e-01,-2.965915479256682197e-01,5.180875060928566977e-01,5.339578664907347338e-01
3.486271514123545079e-01,5.210307441819730379e-01,6.170279782340468838e-02,-3.204045522452526051e-01,1.067300688895094080e-01,6.538643357214480867e-01,-4.488832004574005441e-01,-1.327406140924233813e-01,-3.490430021290131246e-01,1.595177541947968292e-01,3.358730840111124327e-01,-1.942807825680616662e-01,5.117843414523777223e-01,6.130924395206913680e-01,-3.095429444225841764e-01,1.172271391329700041e-01,4.949660407640940618e-01,-3.768531943652164151e-01,-2.649142216262835303e-01,-2.212946483501310180e-01,1.789590348582190404e-01,1.058688933615534039e-01,-1.202215977016148629e-01,5.954964915421183391e-02,3.562837539478079241e-01,5.503716573584154226e-01,5.057294081747946146e-01,-3.521209692555568854e-03,6.744353705830616885e-01,-1.233925219206014334e-01,5.119849740843905872e-01,7.207801027080035228e-01,3.457426188224548280e-01,-2.957641550626984861e-01,1.000000000000000000e+00,6.908100411157991338e-01,8.311990746507100791e-01,-9.790708572423091616e-02,-3.832386245424447280e-01
3.670670757282461505e-01,6.016316396248193588e-01,2.657230664791730979e-01,-2.987219507550554209e-01,1.542521742318834765e-01,6.540697550587379894e-01,-5.402200620422967781e-01,-3.727572031217235571e-01,-3.512033678314174234e-01,3.935465801739514435e-01,4.579521171470397056e-01,-1.218726885491466239e-01,4.024190331889912486e-01,5.969363705138749365e-01,-2.781838008917746907e-01,3.241549380741228226e-01,5.620749951726411453e-01,-2.961247539643197535e-01,-2.828799132724449383e-01,-2.182753140913417933e-01,4.516263536688014946e-01,1.818520357350171535e-01,-5.039784646073105362e-02,-2.048298742554505725e-01,5.258125599046045151e-01,5.777905150407538493e-01,5.315930588424985226e-01,4.197786854519772182e-02,7.131464848011647151e-01,-1.230313560922263877e-01,4.272570233938696171e-01,6.760129472480504997e-01,5.471601089964738263e-01,-4.145773211592216900e-01,6.908100411157991338e-01,1.000000000000000000e+00,6.965972427312087101e-01,-3.789423505502087508e-02,-3.487010368056008280e-01
3.102065719920564235e-01,5.007671757233705945e-01,1.013946659510084197e-01,-2.935440206209196101e-01,1.492292440341778936e-01,7.015006956527954918e-01,-4.857561194824836504e-01,-1.903480534058195062e-01,-3.570582412898155589e-01,2.591161907758335325e-01,4.414705208776787959e-01,-1.429369899594249982e-01,4.250365325815644857e-01,6.438348811886693834e-01,-1.607089837320685444e-01,2.436825249244441438e-01,6.028300497267767843e-01,-3.822315676055224598e-01,-3.215106036685324020e-01,-2.927840036915781985e-01,2.260149026777374115e-01,5.886393990352795091e-02,-6.613912846675652768e-02,2.281062470479209431e-02,4.619113118310932409e-01,5.201509959045843567e-01,3.924617612451190007e-01,9.342024916028469905e-02,7.520937535187450784e-01,-3.212624403986810706e-02,4.356393859190413331e-01,7.432148233663254944e-01,4.379433930539907149e-01,-2.965915479256682197e-01,8.311990746507100791e-01,6.965972427312087101e-01,1.000000000000000000e+00,-7.843423330645445113e-02,-3.593792246895259335e-01
4.761034626344206599e-01,4.075224841615203153e-01,4.384746145946240015e-01,4.594583390145968171e-01,4.232372555027789085e-01,-3.307471543077405429e-01,3.430058726638731681e-01,-3.471465627018783806e-01,7.549584417062831232e-01,3.257516206913838586e-01,8.131177310147769122e-02,5.483433273593765200e-01,-2.057480360565559219e-01,-2.634258406917537858e-03,4.394670766152638519e-01,3.632799957471438690e-01,5.384040187985126430e-02,6.915568718415281424e-01,6.426089562370245201e-01,1.457106514957198784e-01,-5.027998950217495155e-02,1.620450752040927256e-01,5.476628122087018324e-01,2.853726918794467493e-01,1.640830367243084065e-01,2.959500316980002155e-01,1.064916630490264776e-01,3.737634790055506806e-01,-1.775967163350598843e-01,5.030158186292775779e-01,-8.082035423339109514e-02,-7.741916232228926442e-02,9.471235434948835352e-02,5.180875060928566977e-01,-9.790708572423091616e-02,-3.789423505502087508e-02,-7.843423330645445113e-02,1.000000000000000000e+00,6.700111822869279088e-01
1.701619290839576915e-01,1.714375988192373690e-01,3.986272675439890834e-01,7.476552422898202765e-01,2.561624277096214430e-01,-5.675024467218648949e-01,7.409093070240306833e-01,-2.383631898113376113e-01,7.144467053437915105e-01,3.293469657533073525e-01,-1.199177749147221084e-01,6.729143972218349923e-01,-2.825727542216551758e-01,-1.696112907527042857e-01,5.872181991021536707e-01,2.973167384613846775e-01,-3.090394525921935642e-01,7.591407322422139003e-01,6.604157735045890210e-01,4.301766087106612679e-01,-1.802971082883304821e-02,3.706670195585968219e-01,5.851682379730758221e-01,2.350297342418178614e-01,9.476095870272104038e-02,-4.307289333016944832e-02,-5.500225284091921768e-02,2.795480572513894257e-01,-4.199145206043586875e-01,5.326545090714005504e-01,-3.449014989265986042e-01,-3.280467175844690164e-01,-5.270601634960879640e-03,5.339578664907347338e-01,-3.832386245424447280e-01,-3.487010368056008280e-01,-3.593792246895259335e-01,6.700111822869279088e-01,1.000000000000000000e+00
