1.000000000000000000e+00,7.492497266790191235e-01,4.734282827327830900e-01,-1.860123377491472441e-01,4.926763531561599851e-01,2.189632714771616306e-01,4.147570276162991787e-01,2.572137834422877356e-01,5.430266774285452680e-01,6.465797630185372569e-01,3.339715349928783494e-01,2.244746241207171977e-01,-3.881226984323753182e-02,5.969173861852155039e-01,-5.809198687682646384e-02,7.128948364424434470e-01,5.698920486681540165e-01,1.993058769646778930e-02,-2.491590973274657606e-03,4.321459167536076951e-01,5.438021379605969541e-01,5.699333741921877028e-01,6.309644979621101823e-01,2.009128212086893628e-01,6.227473478166731802e-01,6.131617794684423028e-01,5.657522206555773980e-01,6.825211730958692380e-01,7.542653008632842493e-01,7.381000105560333591e-01,6.018003270064705701e-01,6.519817470071948007e-01,6.441834197803842921e-01,9.800506411916250216e-02,5.714855274904707683e-01,4.807928363932547633e-01,1.357962586672856187e-01,5.355799912473305779e-01,5.449267147456737792e-01
7.492497266790191235e-01,1.000000000000000000e+00,4.605777799440697873e-01,-1.244280960318181889e-01,5.337021247834179416e-01,1.559503216407358839e-01,3.308013084797216119e-01,1.279642957857890229e-01,5.858980259116945977e-01,7.216487517837427701e-01,3.014276377359749737e-01,4.253292226868785608e-01,-7.353661280079221152e-02,6.943793117942276272e-01,7.751677680763410794e-02,6.962318705444895395e-01,4.359170227154971489e-01,1.025475557927656850e-01,1.108741061021709801e-01,2.927702697735894977e-01,4.809572132838891845e-01,5.330626100855840876e-01,6.517471808247784493e-01,2.826724662930254484e-01,7.201818551665359891e-01,5.412590237906829138e-01,6.707601797294681090e-01,5.083199430927979323e-01,7.651054137642532282e-01,6.744582463164304764e-01,5.680974818762201117e-01,7.150178010478310808e-01,5.817593193255105044e-01,2.168769951710660948e-01,5.852582649067251674e-01,5.930158986085726225e-01,2.720062862656432712e-01,5.861230322885848665e-01,6.627789816730568218e-01
4.734282827327830900e-01,4.605777799440697873e-01,1.000000000000000000e+00,-8.924525861819643247e-02,5.818515694239714264e-01,1.157936272712388193e-01,4.509767299410752939e-01,-7.452186192909241932e-03,7.059694480832353625e-01,4.859586490897945255e-01,1.935163709453690539e-01,3.918042532573149384e-01,-4.064499809516282092e-01,5.732719555339749196e-01,-4.124042935321101111e-02,5.747252517763682400e-01,3.854188611430198197e-01,2.005453176217541766e-01,2.368075742634299097e-01,3.816628651478381345e-02,4.441571759717418133e-01,4.178091864853421544e-01,5.834214879722144920e-01,4.164610300166290968e-01,5.406455762750836946e-01,5.134493269049325015e-01,5.254138197871783822e-01,5.396515621005971708e-01,4.094494821265944884e-01,4.699922167909967863e-01,5.874658439781242913e-01,4.153197721862760816e-01,5.100284689111249659e-01,3.936172082335676614e-01,2.619786298088294108e-01,4.292748253994877472e-01,7.465738486636440407e-02,4.109809965265318610e-01,6.286151989955919284e-01
-1.860123377491472441e-01,-1.244280960318181889e-01,-8.924525861819643247e-02,1.000000000000000000e+00,1.018443231571257157e-01,9.373421322818964452e-02,1.182496991521642393e-01,-2.779768769883992907e-01,-5.577540699091719512e-02,5.231481485142642357e-02,5.805412966622223309e-02,1.880772063879193601e-01,-1.783322917143678743e-01,-5.663405941675572070e-02,6.057722098191702098e-02,-4.038670921751309068e-02,-2.141915343601543398e-01,4.069508114503647689e-01,3.079461501500079801e-01,-5.458332750852816495e-02,-3.087403740524968243e-01,-1.255609632047507973e-01,-4.062940714278658050e-02,2.151395180894192793e-01,-5.070946320965349918e-02,-1.712602122961167372e-01,-6.937825208940477661e-02,-3.220079152891332508e-01,-8.620800177326112812e-02,-2.212368750448742705e-01,-2.320129371144492580e-01,-1.062962654091141323e-01,-2.184813251242429810e-01,9.967968646177031988e-02,-1.967162228378199762e-01,-2.052674528277369514e-01,2.536329394572521267e-01,-2.953418556823167451e-01,-1.628520670379816349e-01
4.926763531561599851e-01,5.337021247834179416e-01,5.818515694239714264e-01,1.018443231571257157e-01,1.000000000000000000e+00,2.715496398094527017e-02,3.347470903992728064e-01,-9.753399890958902585e-02,6.294594208406050218e-01,5.336990784812610800e-01,1.270341292332050620e-01,5.448696943602896470e-01,-2.489705368990872691e-01,5.979868263982413001e-01,6.516947104096652843e-02,5.550147543745116430e-01,2.547216975570223418e-01,3.193711926333064333e-01,4.326301041145602655e-01,7.900916459655239754e-02,2.828131726949756342e-01,2.912997690198741441e-01,5.035474224746808725e-01,3.840976467722286292e-01,5.638535538017738213e-01,3.960619965968698586e-01,4.871608692040166888e-01,3.370872786263231502e-01,5.306914499243303718e-01,4.950623324314673557e-01,3.925995872243390750e-01,4.687372200433473912e-01,3.356457549208137214e-01,4.467102533667891562e-01,3.537065233782771267e-01,3.109599620409302378e-01,1.138356852401205960e-01,3.657568643184858637e-01,5.058091325876835631e-01
2.189632714771616306e-01,1.559503216407358839e-01,1.157936272712388193e-01,9.373421322818964452e-02,2.715496398094527017e-02,1.000000000000000000e+00,7.363107393958885638e-02,-2.597527577169117530e-01,1.125941349704903810e-01,2.278374356153446967e-01,7.182094255501696445e-01,-2.230506467932329984e-01,-3.373136281610877862e-01,6.491870319567841219e-02,1.149766925236509335e-01,8.335551586403605606e-02,5.552107804853685380e-01,2.007586399490080276e-01,2.554996025555167916e-01,2.396359144818404618e-01,-2.204506277452858432e-01,-1.671852851763955738e-03,3.110051602615323540e-01,8.562176926858543202e-02,2.720202487584928996e-01,3.422444918025327465e-01,4.449083735223932634e-02,9.823980583954385060e-02,1.897867555078745772e-01,-1.772603810503478247e-02,-6.386191615412745333e-03,1.792573195693805410e-01,1.099612674173863630e-01,1.612825954734191103e-01,1.778711554551700991e-01,2.586250294453640297e-01,5.078201119349557979e-01,-5.817183049752674279e-02,6.727404512731315067e-02
4.147570276162991787e-01,3.308013084797216119e-01,4.509767299410752939e-01,1.182496991521642393e-01,3.347470903992728064e-01,7.363107393958885638e-02,1.000000000000000000e+00,3.782632142591429436e-01,2.397324669050250878e-01,4.474014396117435566e-01,1.163264363812469560e-01,8.770280750600521757e-02,-4.680789682897783938e-02,4.056030932453547622e-01,-4.547962619313272170e-01,5.569085342511693737e-01,3.082383478281989220e-01,8.740499456256509148e-02,3.321012639644398134e-02,3.983921445880906353e-01,5.214397133052640632e-01,6.489981847669991089e-01,3.308972880687873208e-01,9.069648147498896029e-02,2.111542648725569238e-01,2.601546760185067808e-01,4.390744431221241251e-01,5.607041500413764146e-01,2.986776047104674481e-01,4.460404279624277102e-01,5.555610879281883685e-01,4.445162152750810614e-01,5.798398938872364461e-01,-1.882870123245156402e-01,4.023411777208988349e-01,7.686077907488021721e-02,1.134047129303484835e-01,1.486324388425346310e-01,2.385131373054861503e-01
2.572137834422877356e-01,1.279642957857890229e-01,-7.452186192909241932e-03,-2.779768769883992907e-01,-9.753399890958902585e-02,-2.597527577169117530e-01,3.782632142591429436e-01,1.000000000000000000e+00,-1.790292274312535736e-01,4.904202000785692211e-02,-1.250126774110867645e-01,-1.439419984716351630e-01,5.041592109681325429e-01,1.194782598151943598e-01,-4.966066918214146475e-01,1.937340737672534341e-01,7.819881253911958874e-02,-4.602157715260867255e-01,-6.191356889720468493e-01,4.301847651180527587e-01,6.778597480004937559e-01,5.927771798747011323e-01,-3.180195269471836755e-02,-2.883028202395881978e-01,-1.247187375528358982e-01,-1.710329440005649640e-02,3.035438684070916326e-01,5.448372931889319259e-01,1.531475830322939491e-01,3.023266637525451883e-01,5.056793909343318960e-01,3.270329560408432035e-01,5.793071838072277879e-01,-6.368802510720653620e-01,4.314873408220015194e-01,-6.820611219141507753e-02,-1.161534998698067339e-01,1.713915628472806874e-01,7.418154576601151962e-02
5.430266774285452680e-01,5.858980259116945977e-01,7.059694480832353625e-01,-5.577540699091719512e-02,6.294594208406050218e-01,1.125941349704903810e-01,2.397324669050250878e-01,-1.790292274312535736e-01,1.000000000000000000e+00,6.155566727703826180e-01,1.418592997912219711e-01,5.784797447790736014e-01,-4.379436192923334970e-01,5.697093129132267952e-01,2.537937079729555290e-01,6.393884638086818617e-01,3.437980113494224499e-01,3.814075630638834591e-01,3.540360768172581274e-01,8.280453550037885149e-03,2.764547700931012097e-01,2.910355229127974952e-01,6.602829077624223775e-01,4.563818866020906140e-01,6.924669965287545415e-01,5.771162572322201534e-01,5.047003695778293775e-01,4.072822124551214729e-01,4.765838755966579354e-01,5.762145678857668596e-01,4.202249343374583890e-01,3.939729601781613022e-01,3.163699315317606287e-01,5.992130721286399453e-01,2.026121618358047161e-01,5.246381917193176925e-01,2.964620256314050642e-02,5.419642443778869279e-01,7.260949089864805472e-01
6.465797630185372569e-01,7.216487517837427701e-01,4.859586490897945255e-01,5.231481485142642357e-02,5.336990784812610800e-01,2.278374356153446967e-01,4.474014396117435566e-01,4.904202000785692211e-02,6.155566727703826180e-01,1.000000000000000000e+00,3.431303972773386834e-01,4.157004814072909893e-01,-2.195487772435330831e-01,6.411650945110565214e-01,2.536328567279695287e-02,8.026708989263997562e-01,3.913415626821462601e-01,2.521937149489129615e-01,2.024895279652212665e-01,3.195066492927229884e-01,3.593869503050896586e-01,5.145909013981901925e-01,7.282640256048259486e-01,3.815007514459770599e-01,7.168171017382450882e-01,4.799087867932439466e-01,6.294371008837299497e-01,4.578379763108428313e-01,6.201533999266461983e-01,6.485438771611017339e-01,5.069664302228834574e-01,6.156379724467763159e-01,5.091664574003357258e-01,2.353357363509131495e-01,4.618187279794452316e-01,5.199717381540094330e-01,3.209404462871768282e-01,4.036454143337833700e-01,6.013317653202341351e-01
3.339715349928783494e-01,3.014276377359749737e-01,1.935163709453690539e-01,5.805412966622223309e-02,1.270341292332050620e-01,7.182094255501696445e-01,1.163264363812469560e-01,-1.250126774110867645e-01,1.418592997912219711e-01,3.431303972773386834e-01,1.000000000000000000e+00,-7.905938419062084888e-02,-2.594371347029410524e-01,2.274792392998780388e-01,-1.259377667637050224e-02,1.576254180917810999e-01,5.490045994194263645e-01,9.252542518471586208e-02,1.492238280694732633e-01,2.985698513412667343e-01,-3.729098752847317261e-02,1.525355460844426969e-01,4.306669101338608252e-01,1.795756132655182691e-01,3.129420117222491693e-01,4.089687929152003298e-01,2.715582050487656551e-01,1.876199500893007410e-01,3.483514008591310773e-01,5.171885189205846500e-02,1.666628835460013114e-01,3.855252892055390235e-01,2.922691875914816273e-01,1.242581370601168189e-01,2.437671841824558816e-01,3.959148731818351030e-01,5.997845513025874542e-01,4.258062600244424956e-02,2.483816609422080934e-01
2.244746241207171977e-01,4.253292226868785608e-01,3.918042532573149384e-01,1.880772063879193601e-01,5.448696943602896470e-01,-2.230506467932329984e-01,8.770280750600521757e-02,-1.439419984716351630e-01,5.784797447790736014e-01,4.157004814072909893e-01,-7.905938419062084888e-02,1.000000000000000000e+00,-2.458656398639595120e-01,4.623044903429110453e-01,3.838513570600670111e-01,3.815618416177258276e-01,-1.567919034819896806e-01,4.280873495794053074e-01,2.959320981825760977e-01,-1.817766045941942021e-01,1.902163129691333276e-01,2.012728083624613362e-01,3.585883637644275979e-01,3.961189446536309555e-01,4.446162108700271176e-01,1.667216925249024317e-01,4.825306268036958501e-01,5.265868783725209668e-02,2.979070473163679678e-01,3.124214443639798944e-01,2.670893079195194586e-01,3.238093069905795263e-01,1.250586035898822446e-01,5.223443988834075569e-01,1.289912108073219543e-01,3.566049091757287348e-01,7.718056338440959507e-02,3.555540693683391096e-01,5.462108695193559349e-01
-3.881226984323753182e-02,-7.353661280079221152e-02,-4.064499809516282092e-01,-1.783322917143678743e-01,-2.489705368990872691e-01,-3.373136281610877862e-01,-4.680789682897783938e-02,5.041592109681325429e-01,-4.379436192923334970e-01,-2.195487772435330831e-01,-2.594371347029410524e-01,-2.458656398639595120e-01,1.000000000000000000e+00,-1.834707410484917589e-01,-2.821375053415650647e-01,-1.365138153136304100e-01,-2.135712944992996520e-01,-4.649337440505441621e-01,-4.954720361257860528e-01,1.678820744370042584e-01,2.389152204727373052e-01,1.119288476948907679e-01,-2.487731417705906500e-01,-3.680886278425519187e-01,-2.698633674147661310e-01,-2.732936936634686176e-01,-3.953599485445953576e-02,2.051563340498728863e-02,-7.576241915256536064e-02,2.450550435767173338e-02,-3.614114799305624681e-02,6.847414349215123416e-03,1.148142014880530887e-01,-5.974862714284973064e-01,2.119320572023372373e-01,-2.075952195787774401e-01,-2.223823007181331968e-01,2.677206066457959652e-02,-2.051497481046413718e-01
5.969173861852155039e-01,6.943793117942276272e-01,5.732719555339749196e-01,-5.663405941675572070e-02,5.979868263982413001e-01,6.491870319567841219e-02,4.056030932453547622e-01,1.194782598151943598e-01,5.697093129132267952e-01,6.411650945110565214e-01,2.274792392998780388e-01,4.623044903429110453e-01,-1.834707410484917589e-01,1.000000000000000000e+00,2.072148919493673261e-02,6.397373404729052027e-01,3.779837985675240652e-01,1.407666542066881021e-01,1.576595491843071351e-01,2.863981401676347072e-01,4.978413395216589876e-01,5.606210114687650847e-01,5.799127316915748676e-01,4.994268195654135711e-01,6.101993059905072014e-01,5.069028139098289421e-01,6.803854586230753121e-01,5.145895180617647835e-01,6.677626002057437393e-01,6.030778026335515962e-01,6.338705890379983110e-01,6.439952618879705160e-01,6.166279530220309946e-01,2.389657965676616480e-01,5.639218917268152831e-01,5.020857877907520805e-01,2.746174033038207840e-01,4.584388708516385358e-01,6.197964920204653838e-01
-5.809198687682646384e-02,7.751677680763410794e-02,-4.124042935321101111e-02,6.057722098191702098e-02,6.516947104096652843e-02,1.149766925236509335e-01,-4.547962619313272170e-01,-4.966066918214146475e-01,2.537937079729555290e-01,2.536328567279695287e-02,-1.259377667637050224e-02,3.838513570600670111e-01,-2.821375053415650647e-01,2.072148919493673261e-02,1.000000000000000000e+00,-1.081722377371296950e-01,-5.916272748721820851e-02,5.308987460832563787e-01,4.459832853919620810e-01,-2.755670196461604826e-01,-4.152003288751066057e-01,-3.682621174766181893e-01,3.561673927478097024e-02,2.724791342521178938e-01,2.425280577469063337e-01,7.303870244834097247e-02,-1.880255819591436506e-01,-3.625571564476973152e-01,5.757295015498636870e-02,-3.413006469741375337e-02,-3.697288996542190675e-01,-1.518154511700697540e-01,-4.126298879467830694e-01,5.961105939646262897e-01,-1.246432582154402557e-01,2.569844306907447251e-01,1.152913916241138648e-01,1.782169135890561695e-01,7.216026096962943615e-02
7.128948364424434470e-01,6.962318705444895395e-01,5.747252517763682400e-01,-4.038670921751309068e-02,5.550147543745116430e-01,8.335551586403605606e-02,5.569085342511693737e-01,1.937340737672534341e-01,6.393884638086818617e-01,8.026708989263997562e-01,1.576254180917810999e-01,3.815618416177258276e-01,-1.365138153136304100e-01,6.397373404729052027e-01,-1.081722377371296950e-01,1.000000000000000000e+00,4.212045349358324309e-01,1.771098609021916626e-01,9.486779063039194049e-02,3.098700433547271760e-01,5.329017787617829072e-01,6.178466738342340836e-01,6.981690130788806847e-01,3.311719391304704385e-01,6.625978857197756255e-01,5.138015192782807716e-01,6.495780485618454225e-01,6.170725646314461077e-01,6.082498102747913027e-01,7.682349930491639833e-01,6.110399959816961157e-01,6.043153891914438969e-01,6.074863682420198474e-01,1.116564623617071067e-01,4.850680978442921121e-01,4.035048304396995356e-01,1.035456158522688741e-01,4.646944566620987982e-01,6.100484503123093649e-01
5.698920486681540165e-01,4.359170227154971489e-01,3.854188611430198197e-01,-2.141915343601543398e-01,2.547216975570223418e-01,5.552107804853685380e-01,3.082383478281989220e-01,7.819881253911958874e-02,3.437980113494224499e-01,3.913415626821462601e-01,5.490045994194263645e-01,-1.567919034819896806e-01,-2.135712944992996520e-01,3.779837985675240652e-01,-5.916272748721820851e-02,4.212045349358324309e-01,1.000000000000000000e+00,5.312447540016817377e-02,9.434161147419418969e-02,3.727857430090040780e-01,2.341721548160712041e-01,3.779768209690594905e-01,4.815411944686541212e-01,2.131255052017477503e-01,4.476977471691036548e-01,6.478810339671228213e-01,2.768795330539600696e-01,5.603453538160469982e-01,4.416623136063922983e-01,4.284736971832635022e-01,3.498945893832357545e-01,3.723401955980347178e-01,4.645041536363075929e-01,4.148835136724074446e-02,4.440871853053174334e-01,3.574674449180927360e-01,1.549451884157732884e-01,3.888855969109353272e-01,3.134519949160871066e-01
1.993058769646778930e-02,1.025475557927656850e-01,2.005453176217541766e-01,4.069508114503647689e-01,3.193711926333064333e-01,2.007586399490080276e-01,8.740499456256509148e-02,-4.602157715260867255e-01,3.814075630638834591e-01,2.521937149489129615e-01,9.252542518471586208e-02,4.280873495794053074e-01,-4.649337440505441621e-01,1.407666542066881021e-01,5.308987460832563787e-01,1.771098609021916626e-01,5.312447540016817377e-02,1.000000000000000000e+00,6.436334616226588867e-01,-1.204074851723839490e-01,-2.883152402878975118e-01,-1.210949028954189516e-01,1.349491204754385831e-01,3.755227330366692762e-01,2.152706951571388416e-01,2.119132791214622946e-01,-2.248502236334002161e-02,-1.399266054075474497e-01,1.135731298027370662e-01,9.968002488449632936e-02,-1.927874885010725237e-01,-1.046036148259049843e-02,-2.339108103755529189e-01,5.091487545073698495e-01,-8.510700567821184725e-02,5.654576934306233815e-02,2.230572823613767852e-01,5.225816737696434983e-02,1.256213832598132574e-01
-2.491590973274657606e-03,1.108741061021709801e-01,2.368075742634299097e-01,3.079461501500079801e-01,4.326301041145602655e-01,2.554996025555167916e-01,3.321012639644398134e-02,-6.191356889720468493e-01,3.540360768172581274e-01,2.024895279652212665e-01,1.492238280694732633e-01,2.959320981825760977e-01,-4.954720361257860528e-01,1.576595491843071351e-01,4.459832853919620810e-01,9.486779063039194049e-02,9.434161147419418969e-02,6.436334616226588867e-01,1.000000000000000000e+00,-1.839125084869328297e-01,-4.460637026617599310e-01,-2.583342816338431991e-01,1.685756250238879816e-01,3.484537250029470790e-01,2.847689093091825829e-01,1.055039564708516592e-01,-1.114895601652327317e-01,-2.660396331077559684e-01,6.353798246689751350e-02,2.197787587537164411e-02,-2.754775090149128580e-01,-6.263353136349057715e-02,-2.968561543152810622e-01,6.572632089596061045e-01,-1.630686458315196707e-01,1.602360708533982769e-01,2.039166421398901641e-01,-8.709924742733343717e-02,-5.186620152912727912e-03
4.321459167536076951e-01,2.927702697735894977e-01,3.816628651478381345e-02,-5.458332750852816495e-02,7.900916459655239754e-02,2.396359144818404618e-01,3.983921445880906353e-01,4.301847651180527587e-01,8.280453550037885149e-03,3.195066492927229884e-01,2.985698513412667343e-01,-1.817766045941942021e-01,1.678820744370042584e-01,2.863981401676347072e-01,-2.755670196461604826e-01,3.098700433547271760e-01,3.727857430090040780e-01,-1.204074851723839490e-01,-1.839125084869328297e-01,1.000000000000000000e+00,3.876034154168705448e-01,5.289933826130912564e-01,2.601092333626238151e-01,-2.141205873681702870e-02,1.363920600570859842e-01,3.357671626463710202e-01,3.037020911730822781e-01,4.876906794665795686e-01,4.233860374344178834e-01,3.675817157919136213e-01,3.704480969191590312e-01,4.095675771382580876e-01,4.851375921982480910e-01,-2.883796728526680231e-01,4.482053437647742222e-01,7.116664473024821025e-02,2.766999715113779845e-01,1.209250783194457252e-01,1.120320285439510011e-01
5.438021379605969541e-01,4.809572132838891845e-01,4.441571759717418133e-01,-3.087403740524968243e-01,2.828131726949756342e-01,-2.204506277452858432e-01,5.214397133052640632e-01,6.778597480004937559e-01,2.764547700931012097e-01,3.593869503050896586e-01,-3.729098752847317261e-02,1.902163129691333276e-01,2.389152204727373052e-01,4.978413395216589876e-01,-4.152003288751066057e-01,5.329017787617829072e-01,2.341721548160712041e-01,-2.883152402878975118e-01,-4.460637026617599310e-01,3.876034154168705448e-01,1.000000000000000000e+00,7.728232974933295640e-01,3.128524921279723925e-01,5.562979654794780043e-03,2.383563594288590493e-01,3.404381222398738527e-01,6.612803875469543957e-01,7.732677602116019289e-01,4.711604335406739397e-01,5.787475360780059974e-01,8.217814137770316218e-01,6.137070639987525222e-01,7.967851999457378209e-01,-3.147892659524485492e-01,6.043051458366079931e-01,2.051947404404666497e-01,-6.326652419367721769e-02,4.709298015053692277e-01,5.074790624841742925e-01
5.699333741921877028e-01,5.330626100855840876e-01,4.178091864853421544e-01,-1.255609632047507973e-01,2.912997690198741441e-01,-1.671852851763955738e-03,6.489981847669991089e-01,5.927771798747011323e-01,2.910355229127974952e-01,5.145909013981901925e-01,1.525355460844426969e-01,2.012728083624613362e-01,1.119288476948907679e-01,5.606210114687650847e-01,-3.682621174766181893e-01,6.178466738342340836e-01,3.779768209690594905e-01,-1.210949028954189516e-01,-2.583342816338431991e-01,5.289933826130912564e-01,7.728232974933295640e-01,1.000000000000000000e+00,4.218958492099190716e-01,1.335602681690582771e-01,3.063862431517662133e-01,4.333206795504315756e-01,7.037028309430776174e-01,7.581284866093432884e-01,5.068795094387869016e-01,6.045845288117419614e-01,7.757013041462648140e-01,6.783139147825476556e-01,8.139758732425278476e-01,-2.788794929654831445e-01,6.418949457569422812e-01,2.338640748351242804e-01,1.468404143759093616e-01,4.105155397552408547e-01,4.641884324238657600e-01
6.309644979621101823e-01,6.517471808247784493e-01,5.834214879722144920e-01,-4.062940714278658050e-02,5.035474224746808725e-01,3.110051602615323540e-01,3.308972880687873208e-01,-3.180195269471836755e-02,6.602829077624223775e-01,7.282640256048259486e-01,4.306669101338608252e-01,3.585883637644275979e-01,-2.487731417705906500e-01,5.799127316915748676e-01,3.561673927478097024e-02,6.981690130788806847e-01,4.815411944686541212e-01,1.349491204754385831e-01,1.685756250238879816e-01,2.601092333626238151e-01,3.128524921279723925e-01,4.218958492099190716e-01,1.000000000000000000e+00,3.998169975166043222e-01,7.771364813482647405e-01,5.300111650867809221e-01,5.984883063997006314e-01,4.300836452550028666e-01,5.460871823860574681e-01,6.011755927787952869e-01,4.729957754122925961e-01,5.219250681769936895e-01,5.016013888467434345e-01,3.028621456200567552e-01,4.139883018510212565e-01,5.476933670592665226e-01,2.634035569925043396e-01,4.493949924474474611e-01,6.496240604428197285e-01
2.009128212086893628e-01,2.826724662930254484e-01,4.164610300166290968e-01,2.151395180894192793e-01,3.840976467722286292e-01,8.562176926858543202e-02,9.069648147498896029e-02,-2.883028202395881978e-01,4.563818866020906140e-01,3.815007514459770599e-01,1.795756132655182691e-01,3.961189446536309555e-01,-3.680886278425519187e-01,4.994268195654135711e-01,2.724791342521178938e-01,3.311719391304704385e-01,2.131255052017477503e-01,3.755227330366692762e-01,3.484537250029470790e-01,-2.141205873681702870e-02,5.562979654794780043e-03,1.335602681690582771e-01,3.998169975166043222e-01,1.000000000000000000e+00,4.278697071688634113e-01,3.448907095848255389e-01,2.510215944439459501e-01,9.692273267148512894e-02,2.615548788233716948e-01,2.542647374921411241e-01,1.381513251734623748e-01,1.949545182968232260e-01,1.233369292334920431e-01,4.181437594796376667e-01,5.520266151362916013e-02,3.284849860961875923e-01,1.929580626537009680e-01,1.956878770220735753e-01,3.268369245148532998e-01
6.227473478166731802e-01,7.201818551665359891e-01,5.406455762750836946e-01,-5.070946320965349918e-02,5.638535538017738213e-01,2.720202487584928996e-01,2.111542648725569238e-01,-1.247187375528358982e-01,6.924669965287545415e-01,7.168171017382450882e-01,3.129420117222491693e-01,4.446162108700271176e-01,-2.698633674147661310e-01,6.101993059905072014e-01,2.425280577469063337e-01,6.625978857197756255e-01,4.476977471691036548e-01,2.152706951571388416e-01,2.847689093091825829e-01,1.363920600570859842e-01,2.383563594288590493e-01,3.063862431517662133e-01,7.771364813482647405e-01,4.278697071688634113e-01,1.000000000000000000e+00,4.622769993330760330e-01,5.154832512273002099e-01,3.435617736848430304e-01,6.001975997681247010e-01,6.223643284158889566e-01,3.873209709506776899e-01,4.813987487774206708e-01,3.882597985306874833e-01,4.313269654205530990e-01,4.198593955177155057e-01,6.211768911964887785e-01,2.245781517811192285e-01,4.737646266308813137e-01,6.181155061415374297e-01
6.131617794684423028e-01,5.412590237906829138e-01,5.134493269049325015e-01,-1.712602122961167372e-01,3.960619965968698586e-01,3.422444918025327465e-01,2.601546760185067808e-01,-1.710329440005649640e-02,5.771162572322201534e-01,4.799087867932439466e-01,4.089687929152003298e-01,1.667216925249024317e-01,-2.732936936634686176e-01,5.069028139098289421e-01,7.303870244834097247e-02,5.138015192782807716e-01,6.478810339671228213e-01,2.119132791214622946e-01,1.055039564708516592e-01,3.357671626463710202e-01,3.404381222398738527e-01,4.333206795504315756e-01,5.300111650867809221e-01,3.448907095848255389e-01,4.622769993330760330e-01,1.000000000000000000e+00,5.027471017252915786e-01,5.799361148964198298e-01,6.104020573831969720e-01,5.178541550509154767e-01,4.485667610640993175e-01,5.059352720044915097e-01,4.592062243491369933e-01,2.254566635553092724e-01,3.928905153947503393e-01,4.002300682823004552e-01,1.959587971597996359e-01,6.030807983786908855e-01,6.108289009260148283e-01
5.657522206555773980e-01,6.707601797294681090e-01,5.254138197871783822e-01,-6.937825208940477661e-02,4.871608692040166888e-01,4.449083735223932634e-02,4.390744431221241251e-01,3.035438684070916326e-01,5.047003695778293775e-01,6.294371008837299497e-01,2.715582050487656551e-01,4.825306268036958501e-01,-3.953599485445953576e-02,6.803854586230753121e-01,-1.880255819591436506e-01,6.495780485618454225e-01,2.768795330539600696e-01,-2.248502236334002161e-02,-1.114895601652327317e-01,3.037020911730822781e-01,6.612803875469543957e-01,7.037028309430776174e-01,5.984883063997006314e-01,2.510215944439459501e-01,5.154832512273002099e-01,5.027471017252915786e-01,1.000000000000000000e+00,6.011816812150224676e-01,6.169789311455599057e-01,5.648445432593972582e-01,7.694283378103109472e-01,7.598291357238949884e-01,7.343550701382435264e-01,2.415614902438661254e-02,5.796898941277082162e-01,4.200269295500096423e-01,2.550771577830477921e-01,4.840513394324883478e-01,7.332910672835498689e-01
6.825211730958692380e-01,5.083199430927979323e-01,5.396515621005971708e-01,-3.220079152891332508e-01,3.370872786263231502e-01,9.823980583954385060e-02,5.607041500413764146e-01,5.448372931889319259e-01,4.072822124551214729e-01,4.578379763108428313e-01,1.876199500893007410e-01,5.265868783725209668e-02,2.051563340498728863e-02,5.145895180617647835e-01,-3.625571564476973152e-01,6.170725646314461077e-01,5.603453538160469982e-01,-1.399266054075474497e-01,-2.660396331077559684e-01,4.876906794665795686e-01,7.732677602116019289e-01,7.581284866093432884e-01,4.300836452550028666e-01,9.692273267148512894e-02,3.435617736848430304e-01,5.799361148964198298e-01,6.011816812150224676e-01,1.000000000000000000e+00,5.239636019531807021e-01,6.354038024638262172e-01,7.805389044979463842e-01,5.959168604950827453e-01,7.946574011681519778e-01,-1.908690946285770129e-01,5.808744141390496107e-01,2.725642654536412635e-01,-1.433501523446868188e-02,4.706998484644718261e-01,5.082522789692293097e-01
7.542653008632842493e-01,7.651054137642532282e-01,4.094494821265944884e-01,-8.620800177326112812e-02,5.306914499243303718e-01,1.897867555078745772e-01,2.986776047104674481e-01,1.531475830322939491e-01,4.765838755966579354e-01,6.201533999266461983e-01,3.483514008591310773e-01,2.979070473163679678e-01,-7.576241915256536064e-02,6.677626002057437393e-01,5.757295015498636870e-02,6.082498102747913027e-01,4.416623136063922983e-01,1.135731298027370662e-01,6.353798246689751350e-02,4.233860374344178834e-01,4.711604335406739397e-01,5.068795094387869016e-01,5.460871823860574681e-01,2.615548788233716948e-01,6.001975997681247010e-01,6.104020573831969720e-01,6.169789311455599057e-01,5.239636019531807021e-01,1.000000000000000000e+00,6.346830822538221950e-01,5.515353722951882309e-01,7.027609486344404965e-01,5.738630464764684636e-01,1.455801504595841955e-01,5.802166688370747893e-01,4.485335255488979711e-01,3.226768456284285214e-01,5.206016379172662134e-01,5.822999176021543821e-01
7.381000105560333591e-01,6.744582463164304764e-01,4.699922167909967863e-01,-2.212368750448742705e-01,4.950623324314673557e-01,-1.772603810503478247e-02,4.460404279624277102e-01,3.023266637525451883e-01,5.762145678857668596e-01,6.485438771611017339e-01,5.171885189205846500e-02,3.124214443639798944e-01,2.450550435767173338e-02,6.030778026335515962e-01,-3.413006469741375337e-02,7.682349930491639833e-01,4.284736971832635022e-01,9.968002488449632936e-02,2.197787587537164411e-02,3.675817157919136213e-01,5.787475360780059974e-01,6.045845288117419614e-01,6.011755927787952869e-01,2.542647374921411241e-01,6.223643284158889566e-01,5.178541550509154767e-01,5.648445432593972582e-01,6.354038024638262172e-01,6.346830822538221950e-01,1.000000000000000000e+00,5.681022749164790220e-01,5.885580801578226273e-01,5.906864416067805212e-01,5.147763762815373706e-02,5.726189404478652101e-01,3.692833740053377833e-01,1.482423684222277434e-03,5.765157646775656008e-01,5.437842434270269143e-01
6.018003270064705701e-01,5.680974818762201117e-01,5.874658439781242913e-01,-2.320129371144492580e-01,3.925995872243390750e-01,-6.386191615412745333e-03,5.555610879281883685e-01,5.056793909343318960e-01,4.202249343374583890e-01,5.069664302228834574e-01,1.666628835460013114e-01,2.670893079195194586e-01,-3.614114799305624681e-02,6.338705890379983110e-01,-3.697288996542190675e-01,6.110399959816961157e-01,3.498945893832357545e-01,-1.927874885010725237e-01,-2.754775090149128580e-01,3.704480969191590312e-01,8.217814137770316218e-01,7.757013041462648140e-01,4.729957754122925961e-01,1.381513251734623748e-01,3.873209709506776899e-01,4.485667610640993175e-01,7.694283378103109472e-01,7.805389044979463842e-01,5.515353722951882309e-01,5.681022749164790220e-01,1.000000000000000000e+00,7.043906812570113196e-01,8.363805438299165562e-01,-1.162888904922884381e-01,6.095398081780398769e-01,3.466036305521808525e-01,1.250492737712303737e-01,4.269411221470237883e-01,6.050628875706105525e-01
6.519817470071948007e-01,7.150178010478310808e-01,4.153197721862760816e-01,-1.062962654091141323e-01,4.687372200433473912e-01,1.792573195693805410e-01,4.445162152750810614e-01,3.270329560408432035e-01,3.939729601781613022e-01,6.156379724467763159e-01,3.855252892055390235e-01,3.238093069905795263e-01,6.847414349215123416e-03,6.439952618879705160e-01,-1.518154511700697540e-01,6.043153891914438969e-01,3.723401955980347178e-01,-1.046036148259049843e-02,-6.263353136349057715e-02,4.095675771382580876e-01,6.137070639987525222e-01,6.783139147825476556e-01,5.219250681769936895e-01,1.949545182968232260e-01,4.813987487774206708e-01,5.059352720044915097e-01,7.598291357238949884e-01,5.959168604950827453e-01,7.027609486344404965e-01,5.885580801578226273e-01,7.043906812570113196e-01,1.000000000000000000e+00,7.120340903736834814e-01,-1.998426949352863358e-02,6.839527233366092807e-01,3.875721574541481917e-01,3.991101248070211271e-01,4.287287259089355707e-01,5.856458072401946602e-01
6.441834197803842921e-01,5.817593193255105044e-01,5.100284689111249659e-01,-2.184813251242429810e-01,3.356457549208137214e-01,1.099612674173863630e-01,5.798398938872364461e-01,5.793071838072277879e-01,3.163699315317606287e-01,5.091664574003357258e-01,2.922691875914816273e-01,1.250586035898822446e-01,1.148142014880530887e-01,6.166279530220309946e-01,-4.126298879467830694e-01,6.074863682420198474e-01,4.645041536363075929e-01,-2.339108103755529189e-01,-2.968561543152810622e-01,4.851375921982480910e-01,7.967851999457378209e-01,8.139758732425278476e-01,5.016013888467434345e-01,1.233369292334920431e-01,3.882597985306874833e-01,4.592062243491369933e-01,7.343550701382435264e-01,7.946574011681519778e-01,5.738630464764684636e-01,5.906864416067805212e-01,8.363805438299165562e-01,7.120340903736834814e-01,1.000000000000000000e+00,-2.541566448965682512e-01,6.892214826084679391e-01,3.495100418912459594e-01,1.939222851171462647e-01,4.301183925758653159e-01,5.346079218919942422e-01
9.800506411916250216e-02,2.168769951710660948e-01,3.936172082335676614e-01,9.967968646177031988e-02,4.467102533667891562e-01,1.612825954734191103e-01,-1.882870123245156402e-01,-6.368802510720653620e-01,5.992130721286399453e-01,2.353357363509131495e-01,1.242581370601168189e-01,5.223443988834075569e-01,-5.974862714284973064e-01,2.389657965676616480e-01,5.961105939646262897e-01,1.116564623617071067e-01,4.148835136724074446e-02,5.091487545073698495e-01,6.572632089596061045e-01,-2.883796728526680231e-01,-3.147892659524485492e-01,-2.788794929654831445e-01,3.028621456200567552e-01,4.181437594796376667e-01,4.313269654205530990e-01,2.254566635553092724e-01,2.415614902438661254e-02,-1.908690946285770129e-01,1.455801504595841955e-01,5.147763762815373706e-02,-1.162888904922884381e-01,-1.998426949352863358e-02,-2.541566448965682512e-01,1.000000000000000000e+00,-2.032978096034267768e-01,4.120534734659655474e-01,1.252702924642606075e-01,1.442387860735409311e-01,3.061065935512724545e-01
5.714855274904707683e-01,5.852582649067251674e-01,2.619786298088294108e-01,-1.967162228378199762e-01,3.537065233782771267e-01,1.778711554551700991e-01,4.023411777208988349e-01,4.314873408220015194e-01,2.026121618358047161e-01,4.618187279794452316e-01,2.437671841824558816e-01,1.289912108073219543e-01,2.119320572023372373e-01,5.639218917268152831e-01,-1.246432582154402557e-01,4.850680978442921121e-01,4.440871853053174334e-01,-8.510700567821184725e-02,-1.630686458315196707e-01,4.482053437647742222e-01,6.043051458366079931e-01,6.418949457569422812e-01,4.139883018510212565e-01,5.520266151362916013e-02,4.198593955177155057e-01,3.928905153947503393e-01,5.796898941277082162e-01,5.808744141390496107e-01,5.802166688370747893e-01,5.726189404478652101e-01,6.095398081780398769e-01,6.839527233366092807e-01,6.892214826084679391e-01,-2.032978096034267768e-01,1.000000000000000000e+00,2.888199229246548594e-01,3.028912519744732523e-01,4.654368872840455862e-01,4.017774599991192352e-01
4.807928363932547633e-01,5.930158986085726225e-01,4.292748253994877472e-01,-2.052674528277369514e-01,3.109599620409302378e-01,2.586250294453640297e-01,7.686077907488021721e-02,-6.820611219141507753e-02,5.246381917193176925e-01,5.199717381540094330e-01,3.959148731818351030e-01,3.566049091757287348e-01,-2.075952195787774401e-01,5.020857877907520805e-01,2.569844306907447251e-01,4.035048304396995356e-01,3.574674449180927360e-01,5.654576934306233815e-02,1.602360708533982769e-01,7.116664473024821025e-02,2.051947404404666497e-01,2.338640748351242804e-01,5.476933670592665226e-01,3.284849860961875923e-01,6.211768911964887785e-01,4.002300682823004552e-01,4.200269295500096423e-01,2.725642654536412635e-01,4.485335255488979711e-01,3.692833740053377833e-01,3.466036305521808525e-01,3.875721574541481917e-01,3.495100418912459594e-01,4.120534734659655474e-01,2.888199229246548594e-01,1.000000000000000000e+00,2.284299886240946376e-01,4.549472549803350030e-01,5.431462289533964816e-01
1.357962586672856187e-01,2.720062862656432712e-01,7.465738486636440407e-02,2.536329394572521267e-01,1.138356852401205960e-01,5.078201119349557979e-01,1.134047129303484835e-01,-1.161534998698067339e-01,2.964620256314050642e-02,3.209404462871768282e-01,5.997845513025874542e-01,7.718056338440959507e-02,-2.223823007181331968e-01,2.746174033038207840e-01,1.152913916241138648e-01,1.035456158522688741e-01,1.549451884157732884e-01,2.230572823613767852e-01,2.039166421398901641e-01,2.766999715113779845e-01,-6.326652419367721769e-02,1.468404143759093616e-01,2.634035569925043396e-01,1.929580626537009680e-01,2.245781517811192285e-01,1.959587971597996359e-01,2.550771577830477921e-01,-1.433501523446868188e-02,3.226768456284285214e-01,1.482423684222277434e-03,1.250492737712303737e-01,3.991101248070211271e-01,1.939222851171462647e-01,1.252702924642606075e-01,3.028912519744732523e-01,2.284299886240946376e-01,1.000000000000000000e+00,-1.056523100980263918e-01,1.468350398677422119e-01
5.355799912473305779e-01,5.861230322885848665e-01,4.109809965265318610e-01,-2.953418556823167451e-01,3.657568643184858637e-01,-5.817183049752674279e-02,1.486324388425346310e-01,1.713915628472806874e-01,5.419642443778869279e-01,4.036454143337833700e-01,4.258062600244424956e-02,3.555540693683391096e-01,2.677206066457959652e-02,4.584388708516385358e-01,1.782169135890561695e-01,4.646944566620987982e-01,3.888855969109353272e-01,5.225816737696434983e-02,-8.709924742733343717e-02,1.209250783194457252e-01,4.709298015053692277e-01,4.105155397552408547e-01,4.493949924474474611e-01,1.956878770220735753e-01,4.737646266308813137e-01,6.030807983786908855e-01,4.840513394324883478e-01,4.706998484644718261e-01,5.206016379172662134e-01,5.765157646775656008e-01,4.269411221470237883e-01,4.287287259089355707e-01,4.301183925758653159e-01,1.442387860735409311e-01,4.654368872840455862e-01,4.549472549803350030e-01,-1.056523100980263918e-01,1.000000000000000000e+00,6.691006738531580789e-01
5.449267147456737792e-01,6.627789816730568218e-01,6.286151989955919284e-01,-1.628520670379816349e-01,5.058091325876835631e-01,6.727404512731315067e-02,2.385131373054861503e-01,7.418154576601151962e-02,7.260949089864805472e-01,6.013317653202341351e-01,2.483816609422080934e-01,5.462108695193559349e-01,-2.051497481046413718e-01,6.197964920204653838e-01,7.216026096962943615e-02,6.100484503123093649e-01,3.134519949160871066e-01,1.256213832598132574e-01,-5.186620152912727912e-03,1.120320285439510011e-01,5.074790624841742925e-01,4.641884324238657600e-01,6.496240604428197285e-01,3.268369245148532998e-01,6.181155061415374297e-01,6.108289009260148283e-01,7.332910672835498689e-01,5.082522789692293097e-01,5.822999176021543821e-01,5.437842434270269143e-01,6.050628875706105525e-01,5.856458072401946602e-01,5.346079218919942422e-01,3.061065935512724545e-01,4.017774599991192352e-01,5.431462289533964816e-01,1.468350398677422119e-01,6.691006738531580789e-01,1.000000000000000000e+00
