1.000000000000000000e+00,7.429227520985893785e-01,5.107899235478455813e-01,-6.620696181499999278e-02,1.728067614969491794e-01,-5.486199742858854055e-03,4.004974580643418380e-01,-5.874534052720596922e-01,-2.195798212312158049e-01,6.365206930233738847e-01,4.738636479982683003e-01,-4.190799514495142930e-02,-5.010321474413501619e-01,6.893808906005082227e-01,-8.144213441168604573e-02,7.700698380358397266e-01,1.133790699550968339e-01,-3.639315204741677690e-01,1.733580415606577885e-01,5.502719112866125695e-01,5.869851522119318155e-01,6.213721317894593810e-01,6.060283899358868132e-01,3.680639706677546474e-01,3.188685731834289827e-01,7.143376239154730634e-01,5.949261154995395540e-01,6.934082553733517118e-01,6.862692581577859441e-01,6.951801649261157845e-01,6.668605032359266049e-01,7.312278988170702876e-01,6.492101508371753704e-01,-7.972774961510628589e-02,7.109035306331583648e-01,6.142097384928328907e-01,7.037445856634126917e-01,3.863000613234378600e-01,-8.059619844880434869e-02
7.429227520985893785e-01,1.000000000000000000e+00,4.013553868252779933e-01,7.002375892336869245e-02,1.484316032051390954e-01,-3.055114457602978728e-01,5.658641661499770326e-01,-5.632325539249478652e-01,-8.100300294829212641e-03,5.818466613006527677e-01,3.732404866039767954e-01,2.680293864358360145e-01,-5.232852978123685439e-01,5.228098373553183853e-01,8.381420077596610230e-03,7.471240884893123324e-01,-2.250168056617884993e-01,-3.882187755578580535e-01,1.634689744483712737e-01,5.084126305248243272e-01,5.092695587159414838e-01,5.139473223442253547e-01,6.170997429623464869e-01,3.233654450564005800e-01,2.167768560161559832e-01,4.772626902018680117e-01,5.989950449815178990e-01,5.425799080579847278e-01,3.479435184332581588e-01,6.644148437047651123e-01,6.199970470354487784e-01,6.740046863659524545e-01,5.071230908288949513e-01,6.099074933740663423e-02,5.424104931127118334e-01,4.952371988471361841e-01,4.045776809424649345e-01,8.904304716307234746e-02,1.529681270209222177e-01
5.107899235478455813e-01,4.013553868252779933e-01,1.000000000000000000e+00,1.035692434655420269e-01,5.955131718310258115e-01,-1.085721245633725213e-01,2.808175981056809101e-01,-7.752143016808589193e-01,2.785915179895111504e-01,5.101854985138960519e-01,5.093262125615352076e-01,1.012964344476657702e-01,-2.733118714147811379e-01,7.636255816457202528e-01,1.494295511275267330e-01,4.532082785058980101e-01,5.758652438041988314e-02,6.442275685005259545e-02,6.260802288221786194e-01,2.450572797536876291e-01,3.635926272441932783e-01,3.656606276196195937e-01,6.133154048418373305e-01,4.381408470213906670e-01,4.429407759487932195e-01,5.079636847840763858e-01,3.845922636339315637e-01,3.913812887645396477e-01,3.753301650857557292e-01,6.049639896891076951e-01,4.170268543640944237e-01,5.630658212772851057e-01,5.606943706833790175e-01,3.813568182817964614e-01,4.532669467501699301e-01,2.604729110298635297e-01,3.772750323394528649e-01,5.137334217362093947e-01,2.327267356519212849e-01
-6.620696181499999278e-02,7.002375892336869245e-02,1.035692434655420269e-01,1.000000000000000000e+00,3.586780763730871291e-01,1.553060340112905613e-01,-3.138054548055753123e-01,3.574176966109306880e-02,2.839214720148409699e-01,2.379039640271200795e-01,-9.605291935138249304e-02,-1.205370849197001104e-01,4.954976220215860372e-01,-4.181694319623625866e-02,-3.214906802872232738e-01,-9.974959539391524410e-02,1.530697192324454170e-01,4.786198647084957680e-01,-1.068633153965301563e-01,-4.654492597721329727e-01,-4.671664471307011013e-01,-4.034383995963808922e-01,-4.789237061279605356e-02,-6.119210468950417314e-02,1.246667411421814309e-01,-3.248561902441060578e-01,-3.423811707892944756e-01,-3.462331699039991606e-01,2.699420849640675468e-02,1.263070151264758800e-01,-3.858617882761121720e-01,-2.032795178639122402e-01,-3.450281645782154460e-01,1.641946478152072619e-01,-3.249657758774272542e-01,-2.943409992719208668e-01,-9.916788622303551737e-02,-2.686383468858445922e-01,-2.464212925680818456e-02
1.728067614969491794e-01,1.484316032051390954e-01,5.955131718310258115e-01,3.586780763730871291e-01,1.000000000000000000e+00,5.236775983424660219e-02,-2.614568087604347002e-01,-3.131180788824722838e-01,6.636354561898467619e-01,4.178764430439379507e-01,3.522678169294180539e-01,3.610686593998154153e-03,2.878032054518218641e-01,5.167097670767003548e-01,3.631644392182906828e-02,9.790367267021887754e-02,2.559796383982931856e-01,4.652624047058220857e-01,4.004256193390512975e-01,-3.081772943729156333e-01,-2.562813901286583040e-01,-2.502974216114950967e-01,4.037613452141404213e-01,3.140279662960974716e-01,5.469871163195493269e-01,-5.999774642986689666e-02,-8.870913129899461735e-02,-2.166775212177744769e-01,1.145248363462680746e-01,4.986155409752175416e-01,-1.324803644521557466e-01,1.817224381367093522e-01,1.233816732725266825e-02,6.394541864972757006e-01,-5.761055622172234908e-02,-1.934592539651060483e-01,1.008088314017808740e-01,3.088036412532650377e-01,3.434107811803321364e-01
-5.486199742858854055e-03,-3.055114457602978728e-01,-1.085721245633725213e-01,1.553060340112905613e-01,5.236775983424660219e-02,1.000000000000000000e+00,-6.559788678191792455e-01,4.079486560115077598e-01,-3.639279590769085582e-01,2.305985871950576582e-01,-8.356146892994449626e-02,-7.671031863690054298e-01,4.926173244054898315e-01,-6.330127631062100468e-02,-5.423603796799744137e-01,-1.479344075530997782e-01,8.096876531353348616e-01,3.288800095946851076e-01,-4.633569388399920164e-01,-4.373915615763034337e-01,-4.143072764380320017e-01,-3.244535725047489882e-01,-3.035738707591456031e-01,-4.465520821970637988e-02,2.420295016289364387e-01,-1.837046881209544735e-01,-4.763536351481757469e-01,-2.665934717913700513e-01,4.903740441258317984e-01,-1.697430256803913184e-01,-4.214723693511204794e-01,-1.410293666744387997e-01,-3.313625175827367708e-01,-3.515240261733467153e-01,-1.467914174658223880e-01,-8.299210023557140881e-02,3.700509196491068575e-01,-3.010262254525414849e-01,-6.811501037304286132e-01
4.004974580643418380e-01,5.658641661499770326e-01,2.808175981056809101e-01,-3.138054548055753123e-01,-2.614568087604347002e-01,-6.559788678191792455e-01,1.000000000000000000e+00,-6.103712704868143879e-01,-1.666847493096139110e-01,5.106238325075519030e-02,2.567290742283649396e-01,5.777515041709979648e-01,-8.657210644271157163e-01,3.509551051777168862e-01,4.359031579474977880e-01,5.662537136977255914e-01,-6.227770174934572633e-01,-6.604547415890916762e-01,3.913267757688818071e-01,8.303833310760077024e-01,8.321319507037534535e-01,7.972681547128833701e-01,4.547937394882285989e-01,1.863437494998448352e-01,-1.757517324994707086e-01,6.575610631611819024e-01,8.321208793749345078e-01,7.526864936508828041e-01,4.651788683673524494e-02,2.932731873868190120e-01,8.316911402330806613e-01,5.567537489006868512e-01,7.235121651108369356e-01,-4.051554670356488815e-03,6.352011366248817570e-01,5.998435764827861894e-01,1.381497696001066366e-01,3.286076896103083400e-01,3.088312690890770984e-01
-5.874534052720596922e-01,-5.632325539249478652e-01,-7.752143016808589193e-01,3.574176966109306880e-02,-3.131180788824722838e-01,4.079486560115077598e-01,-6.103712704868143879e-01,1.000000000000000000e+00,-9.132374041101393169e-02,-4.534207059339427359e-01,-5.039823239882542660e-01,-2.594028980954811159e-01,5.548545663577567622e-01,-6.383888130026229568e-01,-1.843711501385641716e-01,-5.955007460832401067e-01,2.577743725229200700e-01,3.175267540211271222e-01,-5.415446574973542537e-01,-5.621299000916269994e-01,-6.127378111943915240e-01,-6.009215436542466593e-01,-6.504249767330314569e-01,-4.126650662265891611e-01,-2.982519628179256532e-01,-6.567548755150864892e-01,-6.243255807515935008e-01,-6.116040336984108761e-01,-2.816605793233333821e-01,-6.192662738802678923e-01,-6.403468177030173791e-01,-6.267339614297356976e-01,-7.039898171819269912e-01,-1.994017402753944512e-01,-6.040298598533707652e-01,-4.210907224678807070e-01,-3.586579017339969200e-01,-5.034859952096120139e-01,-2.825297914400102250e-01
-2.195798212312158049e-01,-8.100300294829212641e-03,2.785915179895111504e-01,2.839214720148409699e-01,6.636354561898467619e-01,-3.639279590769085582e-01,-1.666847493096139110e-01,-9.132374041101393169e-02,1.000000000000000000e+00,-4.327059670378211043e-02,1.292778930078563870e-01,4.007917195146880052e-01,3.161154063467779829e-01,1.247553403940987321e-01,2.983284820378972468e-01,-2.553990785275900843e-01,-1.506831033973816125e-01,5.075087421653411424e-01,4.766867266836480876e-01,-4.076679168574762202e-01,-3.578527940450467737e-01,-4.362285550396530209e-01,2.187719165046210501e-01,1.068786627295433694e-01,2.481011186362889198e-01,-3.670472282247239648e-01,-1.999568294530326695e-01,-4.421675884209252394e-01,-4.604684347323961258e-01,2.351206660480482935e-01,-2.786344273596932930e-01,-1.348364541570485353e-01,-2.104291849289785243e-01,7.734158513392850320e-01,-3.746678507414124004e-01,-4.877105847116120496e-01,-4.209776380988521916e-01,2.067268773792019787e-01,6.856303770758064298e-01
6.365206930233738847e-01,5.818466613006527677e-01,5.101854985138960519e-01,2.379039640271200795e-01,4.178764430439379507e-01,2.305985871950576582e-01,5.106238325075519030e-02,-4.534207059339427359e-01,-4.327059670378211043e-02,1.000000000000000000e+00,5.708071200842076420e-01,-2.246577829768340584e-01,-5.910503497779840548e-02,5.074556991573865306e-01,-3.200903896918013691e-01,6.595578144805063214e-01,3.483974941311524520e-01,2.358596559590865963e-02,3.381161851618682407e-02,1.241453394769173185e-01,1.326501260615955691e-01,1.776006668069167738e-01,5.640864238011134013e-01,5.129684369222275997e-01,6.317105467672206043e-01,3.288760189427465397e-01,2.174043729624408616e-01,2.586321649754201868e-01,5.529076041378414574e-01,6.714239824846703897e-01,2.296261159009480857e-01,5.079733163169982690e-01,2.329066510663077849e-01,-5.215691137260410754e-02,3.928959781040105570e-01,2.875479432090748966e-01,5.841403928507790111e-01,1.134216808149483557e-01,-9.205049804659819201e-02
4.738636479982683003e-01,3.732404866039767954e-01,5.093262125615352076e-01,-9.605291935138249304e-02,3.522678169294180539e-01,-8.356146892994449626e-02,2.567290742283649396e-01,-5.039823239882542660e-01,1.292778930078563870e-01,5.708071200842076420e-01,1.000000000000000000e+00,2.107929584415307589e-01,-2.751841027017077890e-01,4.905242547075150950e-01,1.249006233351781514e-01,4.267142388520951402e-01,1.915030629995968514e-01,-8.963540034792452649e-03,3.836613787652153329e-01,2.521055266705851117e-01,3.350596921577320142e-01,2.831050412398267158e-01,6.088010245322126313e-01,6.511391328158854241e-01,5.600645362337737243e-01,4.564134543404271271e-01,4.413976078664104130e-01,3.184064739993636151e-01,2.931638369919297715e-01,5.500389565847163542e-01,3.820136179998266379e-01,5.820751676927408136e-01,3.909770105518824423e-01,1.182182498656210307e-01,4.533031266263479742e-01,3.337377167252617016e-01,3.870939539808137542e-01,5.281835153660344728e-01,3.388331882143822416e-01
-4.190799514495142930e-02,2.680293864358360145e-01,1.012964344476657702e-01,-1.205370849197001104e-01,3.610686593998154153e-03,-7.671031863690054298e-01,5.777515041709979648e-01,-2.594028980954811159e-01,4.007917195146880052e-01,-2.246577829768340584e-01,2.107929584415307589e-01,1.000000000000000000e+00,-4.616726757901953304e-01,1.315898554900606365e-01,7.193787538188572972e-01,1.184638228375144570e-01,-6.523284859828762938e-01,-2.134705073714602830e-01,5.010496658253158486e-01,3.604706838400428270e-01,3.747050556519410658e-01,2.664640105287602312e-01,3.333990851153979529e-01,1.967234864268663508e-01,-1.282384724408268672e-01,1.736466696754448147e-01,4.838665087433628442e-01,2.125164278516178951e-01,-4.403620297840101228e-01,1.098713666500536756e-01,3.891721831089439698e-01,2.213074458823595381e-01,3.156384964660511327e-01,3.760810375997081234e-01,1.686263718230314179e-01,1.659333003799088047e-01,-2.997241669253923879e-01,3.318848629680425932e-01,7.069267721901956181e-01
-5.010321474413501619e-01,-5.232852978123685439e-01,-2.733118714147811379e-01,4.954976220215860372e-01,2.878032054518218641e-01,4.926173244054898315e-01,-8.657210644271157163e-01,5.548545663577567622e-01,3.161154063467779829e-01,-5.910503497779840548e-02,-2.751841027017077890e-01,-4.616726757901953304e-01,1.000000000000000000e+00,-4.333755220478528458e-01,-4.212579366491613908e-01,-6.046412068571900278e-01,4.792655883543308071e-01,7.579399030154687633e-01,-3.386984870009797643e-01,-9.062600448342543746e-01,-9.117011611633289991e-01,-8.872436058639605605e-01,-4.422357480572599586e-01,-1.926871765052356467e-01,1.724539830169572463e-01,-7.710251332742519281e-01,-8.664531807617259496e-01,-8.507910876649884546e-01,-2.267635825868304922e-01,-2.659030885114498366e-01,-9.082805250645427098e-01,-6.538803966447213067e-01,-8.176206095720217615e-01,7.118841560189079209e-02,-7.729626078771796305e-01,-6.874147676374799953e-01,-3.391452359814600692e-01,-3.920805862946921128e-01,-1.606784048191516878e-01
6.893808906005082227e-01,5.228098373553183853e-01,7.636255816457202528e-01,-4.181694319623625866e-02,5.167097670767003548e-01,-6.330127631062100468e-02,3.509551051777168862e-01,-6.383888130026229568e-01,1.247553403940987321e-01,5.074556991573865306e-01,4.905242547075150950e-01,1.315898554900606365e-01,-4.333755220478528458e-01,1.000000000000000000e+00,2.023370252584368034e-01,6.386310679865316864e-01,8.971631353394593500e-02,-1.424046488818226652e-01,5.322013674910036629e-01,4.310585633615893753e-01,5.117728962080756450e-01,5.285944101694485253e-01,6.656539740145253070e-01,4.642172702633899917e-01,4.114404881511856682e-01,6.647901821170573156e-01,5.639206533640542807e-01,5.665952299681341620e-01,5.438458805874348823e-01,6.177449529526057859e-01,5.982386484830581885e-01,6.956355428794959161e-01,6.985818221495598834e-01,3.220808333977282500e-01,6.428670646176266601e-01,4.318827620435660153e-01,5.608595745662523502e-01,5.675930907333300857e-01,1.575271879796163732e-01
-8.144213441168604573e-02,8.381420077596610230e-03,1.494295511275267330e-01,-3.214906802872232738e-01,3.631644392182906828e-02,-5.423603796799744137e-01,4.359031579474977880e-01,-1.843711501385641716e-01,2.983284820378972468e-01,-3.200903896918013691e-01,1.249006233351781514e-01,7.193787538188572972e-01,-4.212579366491613908e-01,2.023370252584368034e-01,1.000000000000000000e+00,2.163027680685998544e-02,-4.581744529437514202e-01,-2.740973164896573500e-01,4.843827521442899409e-01,3.694657864004419201e-01,3.947764899588875886e-01,3.105680269988345121e-01,2.607301705161583771e-01,1.284046369809537513e-01,-9.242994119898845229e-02,2.964225487206212928e-01,4.382770310796313407e-01,2.600515161429708400e-01,-2.703357626024598392e-01,5.302875175359629024e-03,3.737887097143302584e-01,2.023957009392765571e-01,4.040833425583210126e-01,4.065057696836547052e-01,2.126218721845810344e-01,1.697621682848867719e-01,-1.527264271991344846e-01,5.024048139254879697e-01,4.763706294071972658e-01
7.700698380358397266e-01,7.471240884893123324e-01,4.532082785058980101e-01,-9.974959539391524410e-02,9.790367267021887754e-02,-1.479344075530997782e-01,5.662537136977255914e-01,-5.955007460832401067e-01,-2.553990785275900843e-01,6.595578144805063214e-01,4.267142388520951402e-01,1.184638228375144570e-01,-6.046412068571900278e-01,6.386310679865316864e-01,2.163027680685998544e-02,1.000000000000000000e+00,-4.562842673323912190e-02,-4.596999851832896389e-01,1.979287331983031195e-01,6.633547343672919760e-01,6.398357428650865986e-01,6.920148049530837620e-01,6.049672877075569222e-01,3.136130293307506367e-01,1.857130362553699177e-01,6.946301380177067886e-01,6.969699090795549168e-01,7.116874165020912191e-01,5.412719561743981611e-01,6.035214541380181652e-01,7.184065026012071975e-01,6.864854011270216105e-01,6.610063793673901511e-01,-9.483392993932068804e-02,7.426910351682743938e-01,6.923097807388672864e-01,5.741255380649296081e-01,3.053223827063939466e-01,1.985278935487103796e-02
1.133790699550968339e-01,-2.250168056617884993e-01,5.758652438041988314e-02,1.530697192324454170e-01,2.559796383982931856e-01,8.096876531353348616e-01,-6.227770174934572633e-01,2.577743725229200700e-01,-1.506831033973816125e-01,3.483974941311524520e-01,1.915030629995968514e-01,-6.523284859828762938e-01,4.792655883543308071e-01,8.971631353394593500e-02,-4.581744529437514202e-01,-4.562842673323912190e-02,1.000000000000000000e+00,4.539519098856791834e-01,-2.406086859052705695e-01,-4.500440933974879654e-01,-3.833255596601898296e-01,-3.190431337471284490e-01,-1.257215677202486170e-01,7.186353385466984212e-02,3.558408381980241453e-01,-1.051689447525247234e-01,-3.608466914715161011e-01,-2.465247307048689107e-01,5.021893700231924162e-01,3.800411249691075521e-02,-3.628086729453395276e-01,-6.401331593363783490e-02,-2.650992762350868337e-01,-2.235720471524204334e-01,-8.163500539476349627e-02,-5.946888485752196973e-02,3.706183483669717726e-01,-1.353917266007375686e-03,-3.957128563560727286e-01
-3.639315204741677690e-01,-3.882187755578580535e-01,6.442275685005259545e-02,4.786198647084957680e-01,4.652624047058220857e-01,3.288800095946851076e-01,-6.604547415890916762e-01,3.175267540211271222e-01,5.075087421653411424e-01,2.358596559590865963e-02,-8.963540034792452649e-03,-2.134705073714602830e-01,7.579399030154687633e-01,-1.424046488818226652e-01,-2.740973164896573500e-01,-4.596999851832896389e-01,4.539519098856791834e-01,1.000000000000000000e+00,1.280341818220234462e-01,-8.066460126371897132e-01,-7.193890619596341462e-01,-7.406733987281661769e-01,-1.657420629836881265e-01,3.571282591762551997e-03,2.633560012796835048e-01,-5.920983566127886455e-01,-6.409769528747938372e-01,-7.101170775717544625e-01,-1.932467978932932984e-01,-7.000231911604222479e-02,-7.011347676868562306e-01,-4.312680218317407888e-01,-6.279123620273914241e-01,1.811318417702210137e-01,-5.659166776426393097e-01,-5.295423421643953299e-01,-2.977469747656076304e-01,-8.178291453046869497e-02,1.221520545626428589e-01
1.733580415606577885e-01,1.634689744483712737e-01,6.260802288221786194e-01,-1.068633153965301563e-01,4.004256193390512975e-01,-4.633569388399920164e-01,3.913267757688818071e-01,-5.415446574973542537e-01,4.766867266836480876e-01,3.381161851618682407e-02,3.836613787652153329e-01,5.010496658253158486e-01,-3.386984870009797643e-01,5.322013674910036629e-01,4.843827521442899409e-01,1.979287331983031195e-01,-2.406086859052705695e-01,1.280341818220234462e-01,1.000000000000000000e+00,2.527940778397260169e-01,3.496035264444020130e-01,2.850068212746367236e-01,4.951087264802111476e-01,2.733553523953476394e-01,1.512016348562924273e-01,3.496703389775013826e-01,4.123995559337148009e-01,2.665830972571636148e-01,-8.959189325540700688e-02,3.606014705294047218e-01,3.893005710640651262e-01,3.364511627899666180e-01,4.445657603986407080e-01,4.131022776512435213e-01,2.999930469755040519e-01,1.626167589056507212e-01,-4.907328250888959298e-02,6.391869002689688495e-01,5.803719071177063649e-01
5.502719112866125695e-01,5.084126305248243272e-01,2.450572797536876291e-01,-4.654492597721329727e-01,-3.081772943729156333e-01,-4.373915615763034337e-01,8.303833310760077024e-01,-5.621299000916269994e-01,-4.076679168574762202e-01,1.241453394769173185e-01,2.521055266705851117e-01,3.604706838400428270e-01,-9.062600448342543746e-01,4.310585633615893753e-01,3.694657864004419201e-01,6.633547343672919760e-01,-4.500440933974879654e-01,-8.066460126371897132e-01,2.527940778397260169e-01,1.000000000000000000e+00,9.116198667870801797e-01,9.195129351456673428e-01,4.670094125356255010e-01,1.971927330800828659e-01,-1.245593306697103386e-01,8.178568167648654352e-01,8.459048511278011162e-01,8.924024174571857371e-01,2.885028343586451549e-01,2.895081242047964354e-01,9.009060185731518899e-01,6.203408548485399576e-01,8.365608284223068347e-01,-1.432440817008590050e-01,7.884162589612739858e-01,7.018603757939958498e-01,3.850049684335524747e-01,3.937976640957599472e-01,4.929868516013515001e-02
5.869851522119318155e-01,5.092695587159414838e-01,3.635926272441932783e-01,-4.671664471307011013e-01,-2.562813901286583040e-01,-4.143072764380320017e-01,8.321319507037534535e-01,-6.127378111943915240e-01,-3.578527940450467737e-01,1.326501260615955691e-01,3.350596921577320142e-01,3.747050556519410658e-01,-9.117011611633289991e-01,5.117728962080756450e-01,3.947764899588875886e-01,6.398357428650865986e-01,-3.833255596601898296e-01,-7.193890619596341462e-01,3.496035264444020130e-01,9.116198667870801797e-01,1.000000000000000000e+00,9.305381708516078376e-01,4.841093840127477232e-01,2.451943718334451128e-01,-7.856952239716029351e-02,8.574452856468119943e-01,8.650976176401783402e-01,9.091845026146372355e-01,3.304848632147482368e-01,3.031826141953996023e-01,9.183348520853651387e-01,6.566428678015050480e-01,8.763659075463093862e-01,-1.088568550942949353e-01,8.166839600497436402e-01,7.331242075048564066e-01,4.167435382227581142e-01,4.854025751588236792e-01,1.031659269784704069e-01
6.213721317894593810e-01,5.139473223442253547e-01,3.656606276196195937e-01,-4.034383995963808922e-01,-2.502974216114950967e-01,-3.244535725047489882e-01,7.972681547128833701e-01,-6.009215436542466593e-01,-4.362285550396530209e-01,1.776006668069167738e-01,2.831050412398267158e-01,2.664640105287602312e-01,-8.872436058639605605e-01,5.285944101694485253e-01,3.105680269988345121e-01,6.920148049530837620e-01,-3.190431337471284490e-01,-7.406733987281661769e-01,2.850068212746367236e-01,9.195129351456673428e-01,9.305381708516078376e-01,1.000000000000000000e+00,4.675678730678644590e-01,1.880406440060463091e-01,-1.082429250705061879e-01,8.797845677581612733e-01,8.549306548240905856e-01,9.350897650592169263e-01,4.324616500233142702e-01,3.063797288034821875e-01,9.201104900177736745e-01,6.633930186141714369e-01,8.889070374364840266e-01,-1.388462704507214818e-01,8.350201279381058717e-01,7.557691942245111649e-01,4.781181230509052305e-01,4.413289521408706451e-01,-2.292596620100312722e-03
6.060283899358868132e-01,6.170997429623464869e-01,6.133154048418373305e-01,-4.789237061279605356e-02,4.037613452141404213e-01,-3.035738707591456031e-01,4.547937394882285989e-01,-6.504249767330314569e-01,2.187719165046210501e-01,5.640864238011134013e-01,6.088010245322126313e-01,3.333990851153979529e-01,-4.422357480572599586e-01,6.656539740145253070e-01,2.607301705161583771e-01,6.049672877075569222e-01,-1.257215677202486170e-01,-1.657420629836881265e-01,4.951087264802111476e-01,4.670094125356255010e-01,4.841093840127477232e-01,4.675678730678644590e-01,1.000000000000000000e+00,5.892415027198848465e-01,5.717491635661863247e-01,5.673321566148347150e-01,5.726633540286903967e-01,5.005435065130552363e-01,3.061987294018609918e-01,7.031845554140634391e-01,5.634777178123708818e-01,6.791457650143735147e-01,5.676270267277864212e-01,2.423558900886533529e-01,6.066709540873483908e-01,3.864290809023966933e-01,4.234329390882927147e-01,5.001321605380565360e-01,3.246401794930388607e-01
3.680639706677546474e-01,3.233654450564005800e-01,4.381408470213906670e-01,-6.119210468950417314e-02,3.140279662960974716e-01,-4.465520821970637988e-02,1.863437494998448352e-01,-4.126650662265891611e-01,1.068786627295433694e-01,5.129684369222275997e-01,6.511391328158854241e-01,1.967234864268663508e-01,-1.926871765052356467e-01,4.642172702633899917e-01,1.284046369809537513e-01,3.136130293307506367e-01,7.186353385466984212e-02,3.571282591762551997e-03,2.733553523953476394e-01,1.971927330800828659e-01,2.451943718334451128e-01,1.880406440060463091e-01,5.892415027198848465e-01,1.000000000000000000e+00,6.385701813039906805e-01,3.578829411262526849e-01,3.004503108160956892e-01,2.433127520564904445e-01,2.023039907043332752e-01,4.664522644042115584e-01,2.785963472132158558e-01,4.952437559628632413e-01,3.197712863133035377e-01,2.536900498330088224e-02,3.709041025945429837e-01,1.643874751363024744e-01,3.794725720373476885e-01,3.517653546455657421e-01,1.776132185506891503e-01
3.188685731834289827e-01,2.167768560161559832e-01,4.429407759487932195e-01,1.246667411421814309e-01,5.469871163195493269e-01,2.420295016289364387e-01,-1.757517324994707086e-01,-2.982519628179256532e-01,2.481011186362889198e-01,6.317105467672206043e-01,5.600645362337737243e-01,-1.282384724408268672e-01,1.724539830169572463e-01,4.114404881511856682e-01,-9.242994119898845229e-02,1.857130362553699177e-01,3.558408381980241453e-01,2.633560012796835048e-01,1.512016348562924273e-01,-1.245593306697103386e-01,-7.856952239716029351e-02,-1.082429250705061879e-01,5.717491635661863247e-01,6.385701813039906805e-01,1.000000000000000000e+00,1.216571892727637549e-01,-1.309224723587071489e-02,-3.872074335758350638e-02,2.778107641056257182e-01,4.990451670121507366e-01,-3.883255517815182439e-02,3.096177597997502029e-01,4.692190828958305721e-02,1.490531835592306953e-01,1.656590495853453582e-01,-3.243978899667065291e-02,3.956211213563803342e-01,2.117442785553005635e-01,4.815065599480234521e-02
7.143376239154730634e-01,4.772626902018680117e-01,5.079636847840763858e-01,-3.248561902441060578e-01,-5.999774642986689666e-02,-1.837046881209544735e-01,6.575610631611819024e-01,-6.567548755150864892e-01,-3.670472282247239648e-01,3.288760189427465397e-01,4.564134543404271271e-01,1.736466696754448147e-01,-7.710251332742519281e-01,6.647901821170573156e-01,2.964225487206212928e-01,6.946301380177067886e-01,-1.051689447525247234e-01,-5.920983566127886455e-01,3.496703389775013826e-01,8.178568167648654352e-01,8.574452856468119943e-01,8.797845677581612733e-01,5.673321566148347150e-01,3.578829411262526849e-01,1.216571892727637549e-01,1.000000000000000000e+00,8.308064583227379174e-01,9.076480630308543240e-01,5.893737847222711990e-01,4.329292674228363835e-01,8.673183288640013977e-01,7.412447340775492055e-01,8.892015854221995141e-01,-1.057515327473553812e-01,8.798889273239007824e-01,7.283032548380371507e-01,6.344221959299516378e-01,6.056574142147447271e-01,-1.246728990416927883e-02
5.949261154995395540e-01,5.989950449815178990e-01,3.845922636339315637e-01,-3.423811707892944756e-01,-8.870913129899461735e-02,-4.763536351481757469e-01,8.321208793749345078e-01,-6.243255807515935008e-01,-1.999568294530326695e-01,2.174043729624408616e-01,4.413976078664104130e-01,4.838665087433628442e-01,-8.664531807617259496e-01,5.639206533640542807e-01,4.382770310796313407e-01,6.969699090795549168e-01,-3.608466914715161011e-01,-6.409769528747938372e-01,4.123995559337148009e-01,8.459048511278011162e-01,8.650976176401783402e-01,8.549306548240905856e-01,5.726633540286903967e-01,3.004503108160956892e-01,-1.309224723587071489e-02,8.308064583227379174e-01,1.000000000000000000e+00,8.399644173762935706e-01,3.177456361979543731e-01,4.207258359189124941e-01,9.118790783504012731e-01,7.281973308154416902e-01,8.349188237299467463e-01,6.024881821467807132e-03,8.047150338340920417e-01,7.242423197502408927e-01,4.012864066454565060e-01,5.350911759022242142e-01,2.804078758682573280e-01
6.934082553733517118e-01,5.425799080579847278e-01,3.913812887645396477e-01,-3.462331699039991606e-01,-2.166775212177744769e-01,-2.665934717913700513e-01,7.526864936508828041e-01,-6.116040336984108761e-01,-4.421675884209252394e-01,2.586321649754201868e-01,3.184064739993636151e-01,2.125164278516178951e-01,-8.507910876649884546e-01,5.665952299681341620e-01,2.600515161429708400e-01,7.116874165020912191e-01,-2.465247307048689107e-01,-7.101170775717544625e-01,2.665830972571636148e-01,8.924024174571857371e-01,9.091845026146372355e-01,9.350897650592169263e-01,5.005435065130552363e-01,2.433127520564904445e-01,-3.872074335758350638e-02,9.076480630308543240e-01,8.399644173762935706e-01,1.000000000000000000e+00,5.046900908568172639e-01,3.703022944217091994e-01,9.108928035066449214e-01,6.874964811722951152e-01,8.874641934036880953e-01,-1.632192346347744460e-01,8.500436054495646987e-01,7.529249698245656930e-01,5.451996101849087006e-01,4.519771627378921242e-01,-5.345938972395219979e-02
6.862692581577859441e-01,3.479435184332581588e-01,3.753301650857557292e-01,2.699420849640675468e-02,1.145248363462680746e-01,4.903740441258317984e-01,4.651788683673524494e-02,-2.816605793233333821e-01,-4.604684347323961258e-01,5.529076041378414574e-01,2.931638369919297715e-01,-4.403620297840101228e-01,-2.267635825868304922e-01,5.438458805874348823e-01,-2.703357626024598392e-01,5.412719561743981611e-01,5.021893700231924162e-01,-1.932467978932932984e-01,-8.959189325540700688e-02,2.885028343586451549e-01,3.304848632147482368e-01,4.324616500233142702e-01,3.061987294018609918e-01,2.023039907043332752e-01,2.778107641056257182e-01,5.893737847222711990e-01,3.177456361979543731e-01,5.046900908568172639e-01,1.000000000000000000e+00,4.017955917359056217e-01,3.894311309065722204e-01,5.804464233375622451e-01,4.393686505041157764e-01,-2.582035789407355897e-01,6.155087758362212114e-01,4.844405971130325561e-01,8.583129876787198853e-01,2.032220681429921794e-01,-4.631594690240219414e-01
6.951801649261157845e-01,6.644148437047651123e-01,6.049639896891076951e-01,1.263070151264758800e-01,4.986155409752175416e-01,-1.697430256803913184e-01,2.932731873868190120e-01,-6.192662738802678923e-01,2.351206660480482935e-01,6.714239824846703897e-01,5.500389565847163542e-01,1.098713666500536756e-01,-2.659030885114498366e-01,6.177449529526057859e-01,5.302875175359629024e-03,6.035214541380181652e-01,3.800411249691075521e-02,-7.000231911604222479e-02,3.606014705294047218e-01,2.895081242047964354e-01,3.031826141953996023e-01,3.063797288034821875e-01,7.031845554140634391e-01,4.664522644042115584e-01,4.990451670121507366e-01,4.329292674228363835e-01,4.207258359189124941e-01,3.703022944217091994e-01,4.017955917359056217e-01,1.000000000000000000e+00,4.198120078485413909e-01,6.065492480642182827e-01,4.323637053611598113e-01,2.138907709770738463e-01,4.743934074534083001e-01,2.885635995100493956e-01,4.496205238094803658e-01,3.674782935198848133e-01,2.204987794049168837e-01
6.668605032359266049e-01,6.199970470354487784e-01,4.170268543640944237e-01,-3.858617882761121720e-01,-1.324803644521557466e-01,-4.214723693511204794e-01,8.316911402330806613e-01,-6.403468177030173791e-01,-2.786344273596932930e-01,2.296261159009480857e-01,3.820136179998266379e-01,3.891721831089439698e-01,-9.082805250645427098e-01,5.982386484830581885e-01,3.737887097143302584e-01,7.184065026012071975e-01,-3.628086729453395276e-01,-7.011347676868562306e-01,3.893005710640651262e-01,9.009060185731518899e-01,9.183348520853651387e-01,9.201104900177736745e-01,5.634777178123708818e-01,2.785963472132158558e-01,-3.883255517815182439e-02,8.673183288640013977e-01,9.118790783504012731e-01,9.108928035066449214e-01,3.894311309065722204e-01,4.198120078485413909e-01,1.000000000000000000e+00,7.531290716729989176e-01,8.942700595113249884e-01,-1.805575747085627278e-02,8.404973414785599228e-01,7.293470916660083070e-01,4.681212980004874069e-01,4.942452937309572691e-01,1.525302312100646762e-01
7.312278988170702876e-01,6.740046863659524545e-01,5.630658212772851057e-01,-2.032795178639122402e-01,1.817224381367093522e-01,-1.410293666744387997e-01,5.567537489006868512e-01,-6.267339614297356976e-01,-1.348364541570485353e-01,5.079733163169982690e-01,5.820751676927408136e-01,2.213074458823595381e-01,-6.538803966447213067e-01,6.956355428794959161e-01,2.023957009392765571e-01,6.864854011270216105e-01,-6.401331593363783490e-02,-4.312680218317407888e-01,3.364511627899666180e-01,6.203408548485399576e-01,6.566428678015050480e-01,6.633930186141714369e-01,6.791457650143735147e-01,4.952437559628632413e-01,3.096177597997502029e-01,7.412447340775492055e-01,7.281973308154416902e-01,6.874964811722951152e-01,5.804464233375622451e-01,6.065492480642182827e-01,7.531290716729989176e-01,1.000000000000000000e+00,7.222831204731208210e-01,5.040348985631782491e-02,7.911021452746584970e-01,6.063934258450366377e-01,6.941634338463907872e-01,4.129024468369093537e-01,6.640534666918221363e-02
6.492101508371753704e-01,5.071230908288949513e-01,5.606943706833790175e-01,-3.450281645782154460e-01,1.233816732725266825e-02,-3.313625175827367708e-01,7.235121651108369356e-01,-7.039898171819269912e-01,-2.104291849289785243e-01,2.329066510663077849e-01,3.909770105518824423e-01,3.156384964660511327e-01,-8.176206095720217615e-01,6.985818221495598834e-01,4.040833425583210126e-01,6.610063793673901511e-01,-2.650992762350868337e-01,-6.279123620273914241e-01,4.445657603986407080e-01,8.365608284223068347e-01,8.763659075463093862e-01,8.889070374364840266e-01,5.676270267277864212e-01,3.197712863133035377e-01,4.692190828958305721e-02,8.892015854221995141e-01,8.349188237299467463e-01,8.874641934036880953e-01,4.393686505041157764e-01,4.323637053611598113e-01,8.942700595113249884e-01,7.222831204731208210e-01,1.000000000000000000e+00,1.017501006391374474e-01,8.211454259750345930e-01,6.568214618497258961e-01,5.018864228335989663e-01,5.952935387110690479e-01,1.271821332292873419e-01
-7.972774961510628589e-02,6.099074933740663423e-02,3.813568182817964614e-01,1.641946478152072619e-01,6.394541864972757006e-01,-3.515240261733467153e-01,-4.051554670356488815e-03,-1.994017402753944512e-01,7.734158513392850320e-01,-5.215691137260410754e-02,1.182182498656210307e-01,3.760810375997081234e-01,7.118841560189079209e-02,3.220808333977282500e-01,4.065057696836547052e-01,-9.483392993932068804e-02,-2.235720471524204334e-01,1.811318417702210137e-01,4.131022776512435213e-01,-1.432440817008590050e-01,-1.088568550942949353e-01,-1.388462704507214818e-01,2.423558900886533529e-01,2.536900498330088224e-02,1.490531835592306953e-01,-1.057515327473553812e-01,6.024881821467807132e-03,-1.632192346347744460e-01,-2.582035789407355897e-01,2.138907709770738463e-01,-1.805575747085627278e-02,5.040348985631782491e-02,1.017501006391374474e-01,1.000000000000000000e+00,-1.583259626723382552e-01,-3.173745438099552230e-01,-2.215820518603825173e-01,2.942841904506822703e-01,5.973288762891070247e-01
7.109035306331583648e-01,5.424104931127118334e-01,4.532669467501699301e-01,-3.249657758774272542e-01,-5.761055622172234908e-02,-1.467914174658223880e-01,6.352011366248817570e-01,-6.040298598533707652e-01,-3.746678507414124004e-01,3.928959781040105570e-01,4.533031266263479742e-01,1.686263718230314179e-01,-7.729626078771796305e-01,6.428670646176266601e-01,2.126218721845810344e-01,7.426910351682743938e-01,-8.163500539476349627e-02,-5.659166776426393097e-01,2.999930469755040519e-01,7.884162589612739858e-01,8.166839600497436402e-01,8.350201279381058717e-01,6.066709540873483908e-01,3.709041025945429837e-01,1.656590495853453582e-01,8.798889273239007824e-01,8.047150338340920417e-01,8.500436054495646987e-01,6.155087758362212114e-01,4.743934074534083001e-01,8.404973414785599228e-01,7.911021452746584970e-01,8.211454259750345930e-01,-1.583259626723382552e-01,1.000000000000000000e+00,7.378139823239038275e-01,6.965858684519110611e-01,5.149505408968522158e-01,-6.514487939153674328e-03
6.142097384928328907e-01,4.952371988471361841e-01,2.604729110298635297e-01,-2.943409992719208668e-01,-1.934592539651060483e-01,-8.299210023557140881e-02,5.998435764827861894e-01,-4.210907224678807070e-01,-4.877105847116120496e-01,2.875479432090748966e-01,3.337377167252617016e-01,1.659333003799088047e-01,-6.874147676374799953e-01,4.318827620435660153e-01,1.697621682848867719e-01,6.923097807388672864e-01,-5.946888485752196973e-02,-5.295423421643953299e-01,1.626167589056507212e-01,7.018603757939958498e-01,7.331242075048564066e-01,7.557691942245111649e-01,3.864290809023966933e-01,1.643874751363024744e-01,-3.243978899667065291e-02,7.283032548380371507e-01,7.242423197502408927e-01,7.529249698245656930e-01,4.844405971130325561e-01,2.885635995100493956e-01,7.293470916660083070e-01,6.063934258450366377e-01,6.568214618497258961e-01,-3.173745438099552230e-01,7.378139823239038275e-01,1.000000000000000000e+00,4.818632126234053126e-01,3.416961925604375949e-01,-7.801062993813692725e-02
7.037445856634126917e-01,4.045776809424649345e-01,3.772750323394528649e-01,-9.916788622303551737e-02,1.008088314017808740e-01,3.700509196491068575e-01,1.381497696001066366e-01,-3.586579017339969200e-01,-4.209776380988521916e-01,5.841403928507790111e-01,3.870939539808137542e-01,-2.997241669253923879e-01,-3.391452359814600692e-01,5.608595745662523502e-01,-1.527264271991344846e-01,5.741255380649296081e-01,3.706183483669717726e-01,-2.977469747656076304e-01,-4.907328250888959298e-02,3.850049684335524747e-01,4.167435382227581142e-01,4.781181230509052305e-01,4.234329390882927147e-01,3.794725720373476885e-01,3.956211213563803342e-01,6.344221959299516378e-01,4.012864066454565060e-01,5.451996101849087006e-01,8.583129876787198853e-01,4.496205238094803658e-01,4.681212980004874069e-01,6.941634338463907872e-01,5.018864228335989663e-01,-2.215820518603825173e-01,6.965858684519110611e-01,4.818632126234053126e-01,1.000000000000000000e+00,2.597069737891610219e-01,-3.637881765489796582e-01
3.863000613234378600e-01,8.904304716307234746e-02,5.137334217362093947e-01,-2.686383468858445922e-01,3.088036412532650377e-01,-3.010262254525414849e-01,3.286076896103083400e-01,-5.034859952096120139e-01,2.067268773792019787e-01,1.134216808149483557e-01,5.281835153660344728e-01,3.318848629680425932e-01,-3.920805862946921128e-01,5.675930907333300857e-01,5.024048139254879697e-01,3.053223827063939466e-01,-1.353917266007375686e-03,-8.178291453046869497e-02,6.391869002689688495e-01,3.937976640957599472e-01,4.854025751588236792e-01,4.413289521408706451e-01,5.001321605380565360e-01,3.517653546455657421e-01,2.117442785553005635e-01,6.056574142147447271e-01,5.350911759022242142e-01,4.519771627378921242e-01,2.032220681429921794e-01,3.674782935198848133e-01,4.942452937309572691e-01,4.129024468369093537e-01,5.952935387110690479e-01,2.942841904506822703e-01,5.149505408968522158e-01,3.416961925604375949e-01,2.597069737891610219e-01,1.000000000000000000e+00,4.858010122766942551e-01
-8.059619844880434869e-02,1.529681270209222177e-01,2.327267356519212849e-01,-2.464212925680818456e-02,3.434107811803321364e-01,-6.811501037304286132e-01,3.088312690890770984e-01,-2.825297914400102250e-01,6.856303770758064298e-01,-9.205049804659819201e-02,3.388331882143822416e-01,7.069267721901956181e-01,-1.606784048191516878e-01,1.575271879796163732e-01,4.763706294071972658e-01,1.985278935487103796e-02,-3.957128563560727286e-01,1.221520545626428589e-01,5.803719071177063649e-01,4.929868516013515001e-02,1.031659269784704069e-01,-2.292596620100312722e-03,3.246401794930388607e-01,1.776132185506891503e-01,4.815065599480234521e-02,-1.246728990416927883e-02,2.804078758682573280e-01,-5.345938972395219979e-02,-4.631594690240219414e-01,2.204987794049168837e-01,1.525302312100646762e-01,6.640534666918221363e-02,1.271821332292873419e-01,5.973288762891070247e-01,-6.514487939153674328e-03,-7.801062993813692725e-02,-3.637881765489796582e-01,4.858010122766942551e-01,1.000000000000000000e+00
