1.000000000000000000e+00,6.828993986023326190e-01,4.009720493166193389e-01,-3.493117359443126402e-01,4.796390646665079083e-01,2.020912699045095129e-01,4.248655385934608231e-01,-3.440816104408745552e-02,5.830372084643544728e-01,3.493449921969586369e-01,3.855594017598003020e-01,4.145210110007924720e-01,-4.262708409777520302e-01,6.861970353304320813e-01,-1.534156374083082142e-01,6.747439041601291931e-01,2.412144901633878902e-01,4.540051454257014174e-01,4.630884647127718745e-01,-3.482435164637636138e-01,2.887327190982174607e-01,3.095053407610428575e-01,4.508451241468579562e-01,2.458462528262354285e-01,4.214325108774353845e-01,1.041012610829366919e-03,4.080286084520364231e-01,-3.745729466981892464e-01,2.511410687509924022e-01,5.158326381872141431e-01,3.184162130686766234e-01,-1.286745651060032525e-01,-3.988264111735019546e-02,2.296228716615261456e-01,-6.302401782187491870e-03,4.797036509879747390e-01,-3.390880628015439657e-01,8.577484724815834238e-02,5.126661764845071856e-01
6.828993986023326190e-01,1.000000000000000000e+00,1.414919528093825651e-01,-5.787479756702235134e-01,1.624701148987089117e-01,4.721102181109316787e-01,7.318318037597861814e-01,-4.258528188680360538e-01,3.292992859310084341e-01,4.049662497338946121e-01,4.353437728416381658e-01,8.520348556464996115e-01,-6.761375820040468332e-01,7.369403111438432852e-01,-5.110687110319552806e-01,7.887470284147556354e-01,4.686972893625001579e-01,8.175626974079071019e-01,7.773102148981341220e-01,-7.290953636875788790e-01,3.621140377849847991e-01,7.033226251897036763e-01,4.176625487766320033e-01,2.729234820340249446e-01,6.079316973115641565e-01,-4.850049494294691454e-01,7.423029506476052086e-01,-7.871660196954777255e-01,3.451279833482337467e-01,1.325056905313214684e-01,6.930711724739748725e-01,-5.755155808241294718e-02,-4.007422665444946297e-01,1.145638237926976249e-01,1.618963852682884369e-02,4.397481516327210738e-01,-4.386937330356785458e-01,-3.528335159341968730e-01,8.852130830989212162e-01
4.009720493166193389e-01,1.414919528093825651e-01,1.000000000000000000e+00,3.019463952849932853e-01,8.263527511527195557e-01,-1.195945081152900574e-01,3.206506985992049752e-02,4.638885073060295405e-01,6.744691484726798025e-01,4.791003919652701559e-01,-2.795611092443009774e-02,-2.782447958273438077e-02,-2.221638469771107169e-02,3.283925791002410555e-01,4.101063332864132160e-01,1.855789863477862733e-01,-1.371426339973028617e-02,1.125724709890468626e-02,1.415884051339537375e-01,3.356932707902481328e-01,4.378630811653884680e-01,7.244404433878570693e-02,3.703127739709982658e-01,3.470011989496011306e-01,1.498661576573906695e-01,4.704192216470252652e-01,4.330248484398667441e-02,2.724294719638034601e-01,8.182708048384963045e-03,4.800794769675161833e-01,3.305730816539786954e-03,1.808877834511235794e-01,6.152028950226388071e-01,4.579496005216612819e-01,-7.936064388032612604e-03,5.617755267886089809e-01,1.117951570738584671e-01,2.979380148964178576e-01,-4.506756858109683267e-02
-3.493117359443126402e-01,-5.787479756702235134e-01,3.019463952849932853e-01,1.000000000000000000e+00,1.120060106446396087e-01,-5.392909142176316450e-01,-5.728448272372090866e-01,2.347903834864783212e-01,-1.343024510302764651e-01,1.712190944282815375e-01,-7.468065760426205735e-01,-5.243262840216230680e-01,6.394899832126039740e-01,-4.735292692827032801e-01,8.070349878382508946e-01,-4.488790857605355344e-01,-4.728985673324130334e-01,-5.038731813143330074e-01,-3.407934418169015767e-01,7.683617440206952365e-01,-3.165970632916847993e-02,-3.271479496416501709e-01,2.057304732544739181e-02,4.120618967706891206e-02,-3.554663062340093771e-01,5.110162064737878707e-01,-5.884550923750275775e-01,7.749060066383651746e-01,-3.891786699071618227e-01,1.249428512278308173e-01,-5.747546232541232980e-01,1.074780495230924227e-01,5.387590700329587534e-01,3.997457743395582130e-01,-1.771288716212185976e-01,-4.435774309440598806e-02,3.270737762932157677e-01,1.383172715915739481e-01,-6.921173078618216845e-01
4.796390646665079083e-01,1.624701148987089117e-01,8.263527511527195557e-01,1.120060106446396087e-01,1.000000000000000000e+00,2.017252309988813459e-03,1.063713643437207840e-01,4.727963969069636230e-01,7.464975095108875580e-01,3.602756927407013698e-01,2.019172804454682779e-01,-6.942551400794483296e-02,-1.010292559286301989e-01,4.620260503217900605e-01,2.731938487316531439e-01,2.155468956689324533e-01,8.490237902737070297e-02,5.679243361679847668e-02,1.547369134085661291e-01,1.701553278558097237e-01,4.090729419791869215e-01,-3.578746985277008602e-02,2.942395895948101692e-01,2.788845587888678645e-01,1.666430724280530407e-01,4.288830281070297179e-01,5.676417410354631099e-02,1.548979992422526708e-01,8.150053316499245026e-02,5.202279651647906400e-01,-2.613542766992753546e-03,1.152774485605179006e-01,4.884358158089868174e-01,3.417944348782375741e-01,5.374789922005774462e-02,5.371867967396436461e-01,5.087848224392751972e-02,3.786764443963638871e-01,2.019155366873545340e-02
2.020912699045095129e-01,4.721102181109316787e-01,-1.195945081152900574e-01,-5.392909142176316450e-01,2.017252309988813459e-03,1.000000000000000000e+00,6.396412139266588470e-01,-4.128870976448695829e-01,6.414334217891344558e-02,2.757421769933399713e-01,6.550699931189990499e-01,4.343451654428201469e-01,-4.709140912740854001e-01,5.010602750129288241e-01,-6.882941304396453797e-01,2.978366418015085948e-01,9.218789781306979680e-01,6.298015472467431985e-01,4.519598555432154940e-01,-6.334619675510672065e-01,4.122432156278948434e-01,5.295686498424442279e-01,-2.502141752610891334e-01,4.120649456548712841e-01,4.934884426434179017e-01,-4.256210454753071026e-01,6.219625942864629442e-01,-6.149297930762420705e-01,8.327556872704423574e-01,-3.175565353525933165e-01,6.589230497773198580e-01,4.210097117736296690e-01,-2.855159413758845410e-01,-4.153268616274525260e-01,7.120097912028184872e-01,1.812442959787176067e-01,1.538799745243529526e-01,-3.827565621108305338e-01,5.496249381815058177e-01
4.248655385934608231e-01,7.318318037597861814e-01,3.206506985992049752e-02,-5.728448272372090866e-01,1.063713643437207840e-01,6.396412139266588470e-01,1.000000000000000000e+00,-4.330910383159358723e-01,2.576512086389993739e-01,3.039757787445574455e-01,5.333364392476198645e-01,7.059995555886032781e-01,-6.616971029921595582e-01,6.252804295534256651e-01,-6.244802296024941635e-01,5.765724666969231915e-01,6.329342702492815054e-01,7.178344115131887193e-01,6.739215210651091637e-01,-6.320843768743681368e-01,3.131248088306863298e-01,7.373037842187578628e-01,2.097811576096147157e-01,3.799507451521104695e-01,5.276839620749862458e-01,-4.191549851851025799e-01,7.663841225855360095e-01,-7.043272084508147568e-01,5.538992528288151362e-01,-1.247939501055765898e-01,7.894642728743712645e-01,1.815078709975873894e-01,-2.874123497151448436e-01,-1.791548504742016823e-01,3.195450556305851064e-01,3.183780272502678144e-01,-1.751881460342827046e-01,-3.785016073860713037e-01,7.484419188444627613e-01
-3.440816104408745552e-02,-4.258528188680360538e-01,4.638885073060295405e-01,2.347903834864783212e-01,4.727963969069636230e-01,-4.128870976448695829e-01,-4.330910383159358723e-01,1.000000000000000000e+00,3.396666028459296993e-01,-1.980669064945295987e-01,-4.889776257403841836e-02,-5.777021611508588173e-01,3.139488919439333836e-01,-1.665749442754914655e-01,3.831508125352641181e-01,-3.145478290081680783e-01,-3.607917420412985465e-01,-6.080787468172377253e-01,-5.492117296074319199e-01,5.757061776155595334e-01,-1.705301866846700015e-02,-5.023189331952847558e-01,-8.599004249472391725e-02,-1.622816447380273919e-01,-4.500759864179031955e-01,6.409500299282027136e-01,-3.423982092003730604e-01,5.776854330379229685e-01,-2.529987625326240441e-01,2.817781370341956859e-01,-3.558096359469818948e-01,5.603539746662557913e-02,6.758808569134128197e-01,6.339105838303563112e-02,-6.357151010949246839e-02,8.397750482913921011e-02,2.774076086855686296e-01,6.679241377992548578e-01,-5.131607828497650736e-01
5.830372084643544728e-01,3.292992859310084341e-01,6.744691484726798025e-01,-1.343024510302764651e-01,7.464975095108875580e-01,6.414334217891344558e-02,2.576512086389993739e-01,3.396666028459296993e-01,1.000000000000000000e+00,3.793179269029474665e-01,3.798946443887555313e-01,9.360691877843181630e-02,-2.933954194906202573e-01,5.315330453104830655e-01,3.813966669709265012e-02,3.982750189197536428e-01,1.499984855475067214e-01,9.614219324686701373e-02,1.505239411560463925e-01,4.612235563191012522e-02,2.505066069337070767e-01,1.113284111807201909e-01,3.045554005752562077e-01,2.776038854517018928e-01,2.348217448298730581e-01,3.363780539703677408e-01,2.474139632236116437e-01,7.051487000033383398e-03,1.631307880055100357e-01,5.577051859485490093e-01,1.919985801037415174e-01,1.424202671333671677e-01,4.031354453565426099e-01,1.742921752818327452e-01,1.043723859809677773e-01,6.039193046736068826e-01,3.133146904925855625e-02,4.610346141105265416e-01,2.103061627872197525e-01
3.493449921969586369e-01,4.049662497338946121e-01,4.791003919652701559e-01,1.712190944282815375e-01,3.602756927407013698e-01,2.757421769933399713e-01,3.039757787445574455e-01,-1.980669064945295987e-01,3.793179269029474665e-01,1.000000000000000000e+00,-4.352905788471458925e-02,2.877681843579040222e-01,-2.048519303199444475e-01,4.835152570892571888e-01,6.036029810449471816e-02,4.637514447861134093e-01,3.724152263907414273e-01,3.931339513082411363e-01,4.536860219002189498e-01,-5.082089314518267731e-02,5.091598616577510672e-01,4.482928334772328660e-01,2.316793322881189610e-01,5.177274210543905131e-01,4.495705424266587813e-01,6.387169554585669928e-02,3.326400962723820576e-01,-7.932420647236879119e-02,3.639404514349065534e-01,2.503671096556440157e-01,3.342659503247226715e-01,3.251550028713478535e-01,2.209114405775648438e-01,2.335436060139534920e-01,3.104119962675926936e-01,5.831676509275955933e-01,1.519181918379166052e-01,-2.067477896486441535e-01,2.527880568352908197e-01
3.855594017598003020e-01,4.353437728416381658e-01,-2.795611092443009774e-02,-7.468065760426205735e-01,2.019172804454682779e-01,6.550699931189990499e-01,5.333364392476198645e-01,-4.889776257403841836e-02,3.798946443887555313e-01,-4.352905788471458925e-02,1.000000000000000000e+00,2.799236086818150393e-01,-4.935095745265137279e-01,5.121831074477304346e-01,-6.660927468395754225e-01,2.959480900778024837e-01,6.423480777425841781e-01,3.635587303846353202e-01,1.873305696539231124e-01,-5.524005368711673025e-01,2.224732499493686233e-01,2.366325312230317390e-01,-9.620913395302818638e-02,1.941303177526090551e-01,3.181326485518282121e-01,-1.721645266239684169e-01,5.709176492582127560e-01,-5.209879864398465621e-01,5.398571013785038453e-01,-8.448314728116290695e-02,5.440106565535435257e-01,2.709399878640679771e-01,-1.992814297178509553e-01,-4.923913213867953664e-01,4.373976774076923091e-01,2.096330342137412706e-01,6.342248737821067073e-02,1.246464157186706057e-01,4.930291380919213373e-01
4.145210110007924720e-01,8.520348556464996115e-01,-2.782447958273438077e-02,-5.243262840216230680e-01,-6.942551400794483296e-02,4.343451654428201469e-01,7.059995555886032781e-01,-5.777021611508588173e-01,9.360691877843181630e-02,2.877681843579040222e-01,2.799236086818150393e-01,1.000000000000000000e+00,-6.487303059914538705e-01,5.356588733610435638e-01,-5.326815057853708790e-01,6.771747870242574852e-01,3.940890970864923681e-01,8.225713110154406760e-01,7.996021304188645207e-01,-7.217701708978259134e-01,2.133694030038569556e-01,7.926010410784354310e-01,4.165982564152369005e-01,2.527164327953705381e-01,6.264904267124460358e-01,-6.830480096330032724e-01,7.134074439918232091e-01,-8.238590375042740277e-01,2.534746184861680907e-01,-5.807582410252985078e-02,6.914202710212820069e-01,-9.636952681513218100e-02,-5.198684051491334612e-01,1.170060055931196330e-01,-8.061209568431670913e-02,2.513514380102739310e-01,-4.817332247162883774e-01,-5.387332459784520688e-01,8.960373767492947339e-01
-4.262708409777520302e-01,-6.761375820040468332e-01,-2.221638469771107169e-02,6.394899832126039740e-01,-1.010292559286301989e-01,-4.709140912740854001e-01,-6.616971029921595582e-01,3.139488919439333836e-01,-2.933954194906202573e-01,-2.048519303199444475e-01,-4.935095745265137279e-01,-6.487303059914538705e-01,1.000000000000000000e+00,-5.385796681012301468e-01,5.509750130239570165e-01,-5.820846746370369473e-01,-4.519474754306815889e-01,-6.542553819579031149e-01,-6.061800091281326353e-01,6.473037636948542062e-01,-1.466180847285681876e-01,-5.221300393702555942e-01,-1.158991290711920835e-01,-9.592748597991120063e-02,-4.596661055863864864e-01,4.539001824809477115e-01,-5.858064238421373249e-01,6.893907720581241572e-01,-3.607606169161511889e-01,-1.006216220810355125e-02,-6.171148341673846627e-01,8.414650184920652309e-02,3.673231034781964111e-01,6.177827655965351800e-02,-1.331709311754669667e-01,-2.884712463485888390e-01,3.479899793021598020e-01,2.855354328600746006e-01,-7.204369353959590994e-01
6.861970353304320813e-01,7.369403111438432852e-01,3.283925791002410555e-01,-4.735292692827032801e-01,4.620260503217900605e-01,5.010602750129288241e-01,6.252804295534256651e-01,-1.665749442754914655e-01,5.315330453104830655e-01,4.835152570892571888e-01,5.121831074477304346e-01,5.356588733610435638e-01,-5.385796681012301468e-01,1.000000000000000000e+00,-3.695714331320817947e-01,6.891947168239860311e-01,5.367016106029770528e-01,6.395550258973867752e-01,6.206263777704417173e-01,-5.460300028035545150e-01,4.371714873909423038e-01,4.324053034610899626e-01,3.422521434134800367e-01,4.547561731200783774e-01,5.983473112917131465e-01,-1.962935396963795542e-01,5.713330942099343890e-01,-5.603008128135353871e-01,5.005495954575612805e-01,3.045078143447208507e-01,5.360984111852545864e-01,7.557088832252213673e-02,-1.291215237963439511e-01,8.797743184343360945e-02,2.555037279387807891e-01,5.678636821078444363e-01,-2.206499258489115212e-01,-1.461784996486374111e-01,6.510701990083685997e-01
-1.534156374083082142e-01,-5.110687110319552806e-01,4.101063332864132160e-01,8.070349878382508946e-01,2.731938487316531439e-01,-6.882941304396453797e-01,-6.244802296024941635e-01,3.831508125352641181e-01,3.813966669709265012e-02,6.036029810449471816e-02,-6.660927468395754225e-01,-5.326815057853708790e-01,5.509750130239570165e-01,-3.695714331320817947e-01,1.000000000000000000e+00,-3.442677782099264894e-01,-6.335618083905395492e-01,-4.758515591282331259e-01,-2.629177001899599131e-01,7.052455581184357003e-01,-1.023997006704606832e-01,-5.166528363358415810e-01,1.833151601962395294e-01,-9.676637493607254115e-02,-2.947288868893671587e-01,5.247958082386070533e-01,-7.326683451494245825e-01,7.263867070920830837e-01,-5.710312679508621203e-01,4.160988201969168521e-01,-7.502265657789969344e-01,-2.387226175893477076e-01,4.570213501265176226e-01,6.399294394959065269e-01,-4.165330682731509526e-01,-2.232473803831137860e-02,1.027756383423021960e-02,2.343779886054668249e-01,-6.541931206614060024e-01
6.747439041601291931e-01,7.887470284147556354e-01,1.855789863477862733e-01,-4.488790857605355344e-01,2.155468956689324533e-01,2.978366418015085948e-01,5.765724666969231915e-01,-3.145478290081680783e-01,3.982750189197536428e-01,4.637514447861134093e-01,2.959480900778024837e-01,6.771747870242574852e-01,-5.820846746370369473e-01,6.891947168239860311e-01,-3.442677782099264894e-01,1.000000000000000000e+00,3.034870906163191218e-01,6.623916289115818756e-01,6.523331338563871373e-01,-5.427126823853576365e-01,2.684472740719436312e-01,5.636696209961160609e-01,5.192633191996295361e-01,2.859785977363436538e-01,6.132712024687178021e-01,-3.406984888725771987e-01,5.699842986649424903e-01,-5.993602654589553769e-01,2.659032918133856227e-01,3.181370624745668563e-01,5.093951536376905009e-01,-1.381572083332004708e-01,-2.573201674398158945e-01,1.941084442001289323e-01,-3.519555930232019098e-02,4.608284599269582560e-01,-4.098598658701295694e-01,-2.167228366106045967e-01,7.135745509030813061e-01
2.412144901633878902e-01,4.686972893625001579e-01,-1.371426339973028617e-02,-4.728985673324130334e-01,8.490237902737070297e-02,9.218789781306979680e-01,6.329342702492815054e-01,-3.607917420412985465e-01,1.499984855475067214e-01,3.724152263907414273e-01,6.423480777425841781e-01,3.940890970864923681e-01,-4.519474754306815889e-01,5.367016106029770528e-01,-6.335618083905395492e-01,3.034870906163191218e-01,1.000000000000000000e+00,5.861419705981104622e-01,4.274802264518204886e-01,-5.587142178683832672e-01,4.667526753580926169e-01,5.264499867173721981e-01,-2.190961845208002079e-01,4.975373183281040501e-01,4.727213013265552100e-01,-2.978276639274710647e-01,6.263307541940538181e-01,-5.351450132677144644e-01,8.740993027413169747e-01,-2.729889430495958669e-01,6.672750315618329875e-01,5.101275213135508801e-01,-1.810175398295341409e-01,-4.038921032999402971e-01,7.696375285003229649e-01,2.595190057035151043e-01,2.413701652202416559e-01,-3.111197853477353226e-01,5.028367325146692046e-01
4.540051454257014174e-01,8.175626974079071019e-01,1.125724709890468626e-02,-5.038731813143330074e-01,5.679243361679847668e-02,6.298015472467431985e-01,7.178344115131887193e-01,-6.080787468172377253e-01,9.614219324686701373e-02,3.931339513082411363e-01,3.635587303846353202e-01,8.225713110154406760e-01,-6.542553819579031149e-01,6.395550258973867752e-01,-4.758515591282331259e-01,6.623916289115818756e-01,5.861419705981104622e-01,1.000000000000000000e+00,8.930878062699941777e-01,-8.027142528085949857e-01,4.085536143486828142e-01,6.916219311463114305e-01,2.537372713850076789e-01,2.886495261064483953e-01,6.933018483423801781e-01,-6.714054861990981227e-01,6.146510439148251681e-01,-8.342023686520243508e-01,4.204009109248034726e-01,-2.310576015708248540e-02,5.970628771325487971e-01,-9.971239144470409044e-02,-5.533346776705493353e-01,1.568379134356871485e-01,1.067380123591872843e-01,2.699128020115703630e-01,-4.582377222215378576e-01,-6.539836013009417970e-01,8.380608668761948543e-01
4.630884647127718745e-01,7.773102148981341220e-01,1.415884051339537375e-01,-3.407934418169015767e-01,1.547369134085661291e-01,4.519598555432154940e-01,6.739215210651091637e-01,-5.492117296074319199e-01,1.505239411560463925e-01,4.536860219002189498e-01,1.873305696539231124e-01,7.996021304188645207e-01,-6.061800091281326353e-01,6.206263777704417173e-01,-2.629177001899599131e-01,6.523331338563871373e-01,4.274802264518204886e-01,8.930878062699941777e-01,1.000000000000000000e+00,-6.691529619388131289e-01,3.697421608996047104e-01,6.453545029692926427e-01,4.165598866486779350e-01,3.086802737193832247e-01,6.869667757537917252e-01,-5.864986092363090320e-01,4.958597502551924108e-01,-7.208849131271722888e-01,2.811997749788625600e-01,1.145004746804264423e-01,4.910289573563818011e-01,-1.946560688927975180e-01,-4.551486174348319258e-01,3.572002594607290304e-01,-3.626902003605890490e-02,3.027166007475418086e-01,-5.341926108734645906e-01,-6.407906955183479969e-01,7.644966558605315043e-01
-3.482435164637636138e-01,-7.290953636875788790e-01,3.356932707902481328e-01,7.683617440206952365e-01,1.701553278558097237e-01,-6.334619675510672065e-01,-6.320843768743681368e-01,5.757061776155595334e-01,4.612235563191012522e-02,-5.082089314518267731e-02,-5.524005368711673025e-01,-7.217701708978259134e-01,6.473037636948542062e-01,-5.460300028035545150e-01,7.052455581184357003e-01,-5.427126823853576365e-01,-5.587142178683832672e-01,-8.027142528085949857e-01,-6.691529619388131289e-01,1.000000000000000000e+00,-2.154638156041225050e-01,-4.866583153229387948e-01,-6.581876689552657034e-02,-4.480814901471967537e-02,-5.088135062899293848e-01,7.337696482083742033e-01,-5.931826874348873346e-01,9.148170738198200258e-01,-3.801778250824811023e-01,1.792740563381062524e-01,-5.768617717139443712e-01,1.640563098914124274e-01,7.541890504138274443e-01,1.549135130589069098e-01,-1.012361712207278941e-01,-5.637445506927150907e-02,4.633452968727724275e-01,5.048754193844905425e-01,-8.169346578399400149e-01
2.887327190982174607e-01,3.621140377849847991e-01,4.378630811653884680e-01,-3.165970632916847993e-02,4.090729419791869215e-01,4.122432156278948434e-01,3.131248088306863298e-01,-1.705301866846700015e-02,2.505066069337070767e-01,5.091598616577510672e-01,2.224732499493686233e-01,2.133694030038569556e-01,-1.466180847285681876e-01,4.371714873909423038e-01,-1.023997006704606832e-01,2.684472740719436312e-01,4.667526753580926169e-01,4.085536143486828142e-01,3.697421608996047104e-01,-2.154638156041225050e-01,1.000000000000000000e+00,3.331514058914156751e-01,5.785806951973868767e-02,3.297125522523934871e-01,2.210252068465607955e-01,7.271588568707559874e-02,3.800979503710216201e-01,-1.766627532593312289e-01,3.627380158797873233e-01,-2.570143871699473101e-02,3.736910138531245873e-01,3.575058609763993034e-01,1.244722437334507964e-01,3.980560274233269774e-02,3.054487982682882463e-01,4.556247668044908772e-01,1.657438418412383041e-01,-1.700739303967832017e-01,2.302644906475709297e-01
3.095053407610428575e-01,7.033226251897036763e-01,7.244404433878570693e-02,-3.271479496416501709e-01,-3.578746985277008602e-02,5.295686498424442279e-01,7.373037842187578628e-01,-5.023189331952847558e-01,1.113284111807201909e-01,4.482928334772328660e-01,2.366325312230317390e-01,7.926010410784354310e-01,-5.221300393702555942e-01,4.324053034610899626e-01,-5.166528363358415810e-01,5.636696209961160609e-01,5.264499867173721981e-01,6.916219311463114305e-01,6.453545029692926427e-01,-4.866583153229387948e-01,3.331514058914156751e-01,1.000000000000000000e+00,2.791624529859456083e-01,4.428166772780376959e-01,5.172575101955670940e-01,-4.499982558327828008e-01,7.756151091495196992e-01,-6.023306692181754629e-01,4.481126067976668459e-01,-2.193196259377154789e-01,7.881069027102405311e-01,2.585585847114960090e-01,-2.056820871127949812e-01,-6.394753834220535949e-02,2.230388129041999956e-01,3.173345513026021858e-01,-9.656328818794632229e-02,-4.642531790095396627e-01,7.154029354620800030e-01
4.508451241468579562e-01,4.176625487766320033e-01,3.703127739709982658e-01,2.057304732544739181e-02,2.942395895948101692e-01,-2.502141752610891334e-01,2.097811576096147157e-01,-8.599004249472391725e-02,3.045554005752562077e-01,2.316793322881189610e-01,-9.620913395302818638e-02,4.165982564152369005e-01,-1.158991290711920835e-01,3.422521434134800367e-01,1.833151601962395294e-01,5.192633191996295361e-01,-2.190961845208002079e-01,2.537372713850076789e-01,4.165598866486779350e-01,-6.581876689552657034e-02,5.785806951973868767e-02,2.791624529859456083e-01,1.000000000000000000e+00,2.807608054800191932e-01,3.982659707478384270e-01,-1.191479195963034664e-02,1.755095850858525985e-01,-1.531671532524610801e-01,-2.264742605815645293e-01,3.850245931756572926e-01,1.060737998145017125e-01,-2.445586707516760328e-01,-8.615816989195706349e-03,4.842212924834577437e-01,-4.815256009311589258e-01,2.811724600938203533e-01,-4.231746610676179743e-01,-3.642478539120595771e-02,3.045457589106234653e-01
2.458462528262354285e-01,2.729234820340249446e-01,3.470011989496011306e-01,4.120618967706891206e-02,2.788845587888678645e-01,4.120649456548712841e-01,3.799507451521104695e-01,-1.622816447380273919e-01,2.776038854517018928e-01,5.177274210543905131e-01,1.941303177526090551e-01,2.527164327953705381e-01,-9.592748597991120063e-02,4.547561731200783774e-01,-9.676637493607254115e-02,2.859785977363436538e-01,4.975373183281040501e-01,2.886495261064483953e-01,3.086802737193832247e-01,-4.480814901471967537e-02,3.297125522523934871e-01,4.428166772780376959e-01,2.807608054800191932e-01,1.000000000000000000e+00,5.534902784124777764e-01,2.816641439413341066e-02,3.643947212529738411e-01,-1.015495179523252384e-01,5.477147883757192970e-01,-8.776146570644002831e-03,3.694529391590815059e-01,4.932724818133683020e-01,2.322604042710765537e-01,2.359512872915701595e-02,4.489439733642787700e-01,3.260441927038172927e-01,2.879563191311018122e-01,-1.729835871804769332e-01,2.008660436709431285e-01
4.214325108774353845e-01,6.079316973115641565e-01,1.498661576573906695e-01,-3.554663062340093771e-01,1.666430724280530407e-01,4.934884426434179017e-01,5.276839620749862458e-01,-4.500759864179031955e-01,2.348217448298730581e-01,4.495705424266587813e-01,3.181326485518282121e-01,6.264904267124460358e-01,-4.596661055863864864e-01,5.983473112917131465e-01,-2.947288868893671587e-01,6.132712024687178021e-01,4.727213013265552100e-01,6.933018483423801781e-01,6.869667757537917252e-01,-5.088135062899293848e-01,2.210252068465607955e-01,5.172575101955670940e-01,3.982659707478384270e-01,5.534902784124777764e-01,1.000000000000000000e+00,-5.085543752394769967e-01,4.209730482651733441e-01,-5.867384299775959544e-01,4.037370075014554693e-01,2.033858068330340885e-01,3.931760195022234172e-01,-4.099366448882436204e-02,-2.990116531067729122e-01,2.313216509857885517e-01,1.335089449009783658e-01,2.574796369638292504e-01,-3.132663879579614119e-01,-4.297339441070964217e-01,6.369110055982661889e-01
1.041012610829366919e-03,-4.850049494294691454e-01,4.704192216470252652e-01,5.110162064737878707e-01,4.288830281070297179e-01,-4.256210454753071026e-01,-4.191549851851025799e-01,6.409500299282027136e-01,3.363780539703677408e-01,6.387169554585669928e-02,-1.721645266239684169e-01,-6.830480096330032724e-01,4.539001824809477115e-01,-1.962935396963795542e-01,5.247958082386070533e-01,-3.406984888725771987e-01,-2.978276639274710647e-01,-6.714054861990981227e-01,-5.864986092363090320e-01,7.337696482083742033e-01,7.271588568707559874e-02,-4.499982558327828008e-01,-1.191479195963034664e-02,2.816641439413341066e-02,-5.085543752394769967e-01,1.000000000000000000e+00,-3.371015721143548194e-01,7.814566360891614938e-01,-1.458218277739902480e-01,2.327405201287643111e-01,-3.480422235969775624e-01,3.040977892133276406e-01,7.522853509095773772e-01,-1.393925827882648225e-02,9.388808715730181942e-02,2.233890638547223473e-01,5.178152316600002081e-01,6.918699272636330555e-01,-6.724717355954317188e-01
4.080286084520364231e-01,7.423029506476052086e-01,4.330248484398667441e-02,-5.884550923750275775e-01,5.676417410354631099e-02,6.219625942864629442e-01,7.663841225855360095e-01,-3.423982092003730604e-01,2.474139632236116437e-01,3.326400962723820576e-01,5.709176492582127560e-01,7.134074439918232091e-01,-5.858064238421373249e-01,5.713330942099343890e-01,-7.326683451494245825e-01,5.699842986649424903e-01,6.263307541940538181e-01,6.146510439148251681e-01,4.958597502551924108e-01,-5.931826874348873346e-01,3.800979503710216201e-01,7.756151091495196992e-01,1.755095850858525985e-01,3.643947212529738411e-01,4.209730482651733441e-01,-3.371015721143548194e-01,1.000000000000000000e+00,-6.637836210294837391e-01,5.494386258422360170e-01,-2.286042095674044039e-01,9.135734893371540988e-01,4.084179027518463068e-01,-2.003712870266914636e-01,-3.575042313740616762e-01,3.379809756714535207e-01,4.181215822817090921e-01,3.694764173402644014e-02,-2.346234693737319910e-01,7.509863982166699037e-01
-3.745729466981892464e-01,-7.871660196954777255e-01,2.724294719638034601e-01,7.749060066383651746e-01,1.548979992422526708e-01,-6.149297930762420705e-01,-7.043272084508147568e-01,5.776854330379229685e-01,7.051487000033383398e-03,-7.932420647236879119e-02,-5.209879864398465621e-01,-8.238590375042740277e-01,6.893907720581241572e-01,-5.603008128135353871e-01,7.263867070920830837e-01,-5.993602654589553769e-01,-5.351450132677144644e-01,-8.342023686520243508e-01,-7.208849131271722888e-01,9.148170738198200258e-01,-1.766627532593312289e-01,-6.023306692181754629e-01,-1.531671532524610801e-01,-1.015495179523252384e-01,-5.867384299775959544e-01,7.814566360891614938e-01,-6.637836210294837391e-01,1.000000000000000000e+00,-3.787643000762448420e-01,1.470584734406378546e-01,-6.450760869207945447e-01,1.675705849011398241e-01,7.151540866603340874e-01,1.073756455517310415e-01,-6.449540726211941410e-02,-8.626013088701012244e-02,5.038855448647588942e-01,5.411298294968193145e-01,-8.900763218086737982e-01
2.511410687509924022e-01,3.451279833482337467e-01,8.182708048384963045e-03,-3.891786699071618227e-01,8.150053316499245026e-02,8.327556872704423574e-01,5.538992528288151362e-01,-2.529987625326240441e-01,1.631307880055100357e-01,3.639404514349065534e-01,5.398571013785038453e-01,2.534746184861680907e-01,-3.607606169161511889e-01,5.005495954575612805e-01,-5.710312679508621203e-01,2.659032918133856227e-01,8.740993027413169747e-01,4.204009109248034726e-01,2.811997749788625600e-01,-3.801778250824811023e-01,3.627380158797873233e-01,4.481126067976668459e-01,-2.264742605815645293e-01,5.477147883757192970e-01,4.037370075014554693e-01,-1.458218277739902480e-01,5.494386258422360170e-01,-3.787643000762448420e-01,1.000000000000000000e+00,-1.890491919097901929e-01,5.999707380550782787e-01,5.377992907350860330e-01,-2.099970002633014601e-02,-4.350090205061385440e-01,8.493406325609395013e-01,2.363620968896002206e-01,3.322566749545127762e-01,-2.189376617102904710e-01,3.589359243301844526e-01
5.158326381872141431e-01,1.325056905313214684e-01,4.800794769675161833e-01,1.249428512278308173e-01,5.202279651647906400e-01,-3.175565353525933165e-01,-1.247939501055765898e-01,2.817781370341956859e-01,5.577051859485490093e-01,2.503671096556440157e-01,-8.448314728116290695e-02,-5.807582410252985078e-02,-1.006216220810355125e-02,3.045078143447208507e-01,4.160988201969168521e-01,3.181370624745668563e-01,-2.729889430495958669e-01,-2.310576015708248540e-02,1.145004746804264423e-01,1.792740563381062524e-01,-2.570143871699473101e-02,-2.193196259377154789e-01,3.850245931756572926e-01,-8.776146570644002831e-03,2.033858068330340885e-01,2.327405201287643111e-01,-2.286042095674044039e-01,1.470584734406378546e-01,-1.890491919097901929e-01,1.000000000000000000e+00,-3.202762902631626218e-01,-3.786499571968769962e-01,2.280851636358886825e-01,5.601984302433933305e-01,-2.726163313619986983e-01,3.099571690128488655e-01,-3.273850807542557639e-01,2.980435090966612743e-01,1.037693167501627274e-02
3.184162130686766234e-01,6.930711724739748725e-01,3.305730816539786954e-03,-5.747546232541232980e-01,-2.613542766992753546e-03,6.589230497773198580e-01,7.894642728743712645e-01,-3.558096359469818948e-01,1.919985801037415174e-01,3.342659503247226715e-01,5.440106565535435257e-01,6.914202710212820069e-01,-6.171148341673846627e-01,5.360984111852545864e-01,-7.502265657789969344e-01,5.093951536376905009e-01,6.672750315618329875e-01,5.970628771325487971e-01,4.910289573563818011e-01,-5.768617717139443712e-01,3.736910138531245873e-01,7.881069027102405311e-01,1.060737998145017125e-01,3.694529391590815059e-01,3.931760195022234172e-01,-3.480422235969775624e-01,9.135734893371540988e-01,-6.450760869207945447e-01,5.999707380550782787e-01,-3.202762902631626218e-01,1.000000000000000000e+00,4.441520294709594974e-01,-1.805051800398520256e-01,-4.049667749298458408e-01,4.184319661577376448e-01,3.717196520448513009e-01,8.928202099737365949e-02,-2.737254768925948545e-01,7.131082229135712325e-01
-1.286745651060032525e-01,-5.755155808241294718e-02,1.808877834511235794e-01,1.074780495230924227e-01,1.152774485605179006e-01,4.210097117736296690e-01,1.815078709975873894e-01,5.603539746662557913e-02,1.424202671333671677e-01,3.251550028713478535e-01,2.709399878640679771e-01,-9.636952681513218100e-02,8.414650184920652309e-02,7.557088832252213673e-02,-2.387226175893477076e-01,-1.381572083332004708e-01,5.101275213135508801e-01,-9.971239144470409044e-02,-1.946560688927975180e-01,1.640563098914124274e-01,3.575058609763993034e-01,2.585585847114960090e-01,-2.445586707516760328e-01,4.932724818133683020e-01,-4.099366448882436204e-02,3.040977892133276406e-01,4.084179027518463068e-01,1.675705849011398241e-01,5.377992907350860330e-01,-3.786499571968769962e-01,4.441520294709594974e-01,1.000000000000000000e+00,4.413410891010634551e-01,-5.343138894378673953e-01,6.796655885100291172e-01,3.012297634133763724e-01,8.407825069662162587e-01,1.513544928084086250e-01,-9.375052285518380157e-02
-3.988264111735019546e-02,-4.007422665444946297e-01,6.152028950226388071e-01,5.387590700329587534e-01,4.884358158089868174e-01,-2.855159413758845410e-01,-2.874123497151448436e-01,6.758808569134128197e-01,4.031354453565426099e-01,2.209114405775648438e-01,-1.992814297178509553e-01,-5.198684051491334612e-01,3.673231034781964111e-01,-1.291215237963439511e-01,4.570213501265176226e-01,-2.573201674398158945e-01,-1.810175398295341409e-01,-5.533346776705493353e-01,-4.551486174348319258e-01,7.541890504138274443e-01,1.244722437334507964e-01,-2.056820871127949812e-01,-8.615816989195706349e-03,2.322604042710765537e-01,-2.990116531067729122e-01,7.522853509095773772e-01,-2.003712870266914636e-01,7.151540866603340874e-01,-2.099970002633014601e-02,2.280851636358886825e-01,-1.805051800398520256e-01,4.413410891010634551e-01,1.000000000000000000e+00,4.074223585374956574e-02,1.989258403363093064e-01,3.211411539659971837e-01,5.949548420736622267e-01,5.675841685948167514e-01,-5.481355948261598110e-01
2.296228716615261456e-01,1.145638237926976249e-01,4.579496005216612819e-01,3.997457743395582130e-01,3.417944348782375741e-01,-4.153268616274525260e-01,-1.791548504742016823e-01,6.339105838303563112e-02,1.742921752818327452e-01,2.335436060139534920e-01,-4.923913213867953664e-01,1.170060055931196330e-01,6.177827655965351800e-02,8.797743184343360945e-02,6.399294394959065269e-01,1.941084442001289323e-01,-4.038921032999402971e-01,1.568379134356871485e-01,3.572002594607290304e-01,1.549135130589069098e-01,3.980560274233269774e-02,-6.394753834220535949e-02,4.842212924834577437e-01,2.359512872915701595e-02,2.313216509857885517e-01,-1.393925827882648225e-02,-3.575042313740616762e-01,1.073756455517310415e-01,-4.350090205061385440e-01,5.601984302433933305e-01,-4.049667749298458408e-01,-5.343138894378673953e-01,4.074223585374956574e-02,1.000000000000000000e+00,-5.546633326447326651e-01,1.089162655604662133e-01,-5.236022312627603981e-01,-1.634986800170547538e-01,1.692719285475523510e-03
-6.302401782187491870e-03,1.618963852682884369e-02,-7.936064388032612604e-03,-1.771288716212185976e-01,5.374789922005774462e-02,7.120097912028184872e-01,3.195450556305851064e-01,-6.357151010949246839e-02,1.043723859809677773e-01,3.104119962675926936e-01,4.373976774076923091e-01,-8.061209568431670913e-02,-1.331709311754669667e-01,2.555037279387807891e-01,-4.165330682731509526e-01,-3.519555930232019098e-02,7.696375285003229649e-01,1.067380123591872843e-01,-3.626902003605890490e-02,-1.012361712207278941e-01,3.054487982682882463e-01,2.230388129041999956e-01,-4.815256009311589258e-01,4.489439733642787700e-01,1.335089449009783658e-01,9.388808715730181942e-02,3.379809756714535207e-01,-6.449540726211941410e-02,8.493406325609395013e-01,-2.726163313619986983e-01,4.184319661577376448e-01,6.796655885100291172e-01,1.989258403363093064e-01,-5.546633326447326651e-01,1.000000000000000000e+00,1.834437756099489003e-01,6.129591698842588032e-01,-2.706753253632181166e-02,3.086914331814668080e-02
4.797036509879747390e-01,4.397481516327210738e-01,5.617755267886089809e-01,-4.435774309440598806e-02,5.371867967396436461e-01,1.812442959787176067e-01,3.183780272502678144e-01,8.397750482913921011e-02,6.039193046736068826e-01,5.831676509275955933e-01,2.096330342137412706e-01,2.513514380102739310e-01,-2.884712463485888390e-01,5.678636821078444363e-01,-2.232473803831137860e-02,4.608284599269582560e-01,2.595190057035151043e-01,2.699128020115703630e-01,3.027166007475418086e-01,-5.637445506927150907e-02,4.556247668044908772e-01,3.173345513026021858e-01,2.811724600938203533e-01,3.260441927038172927e-01,2.574796369638292504e-01,2.233890638547223473e-01,4.181215822817090921e-01,-8.626013088701012244e-02,2.363620968896002206e-01,3.099571690128488655e-01,3.717196520448513009e-01,3.012297634133763724e-01,3.211411539659971837e-01,1.089162655604662133e-01,1.834437756099489003e-01,1.000000000000000000e+00,1.207187842757036084e-01,1.505698781566790490e-01,2.784648788127923047e-01
-3.390880628015439657e-01,-4.386937330356785458e-01,1.117951570738584671e-01,3.270737762932157677e-01,5.087848224392751972e-02,1.538799745243529526e-01,-1.751881460342827046e-01,2.774076086855686296e-01,3.133146904925855625e-02,1.519181918379166052e-01,6.342248737821067073e-02,-4.817332247162883774e-01,3.479899793021598020e-01,-2.206499258489115212e-01,1.027756383423021960e-02,-4.098598658701295694e-01,2.413701652202416559e-01,-4.582377222215378576e-01,-5.341926108734645906e-01,4.633452968727724275e-01,1.657438418412383041e-01,-9.656328818794632229e-02,-4.231746610676179743e-01,2.879563191311018122e-01,-3.132663879579614119e-01,5.178152316600002081e-01,3.694764173402644014e-02,5.038855448647588942e-01,3.322566749545127762e-01,-3.273850807542557639e-01,8.928202099737365949e-02,8.407825069662162587e-01,5.949548420736622267e-01,-5.236022312627603981e-01,6.129591698842588032e-01,1.207187842757036084e-01,1.000000000000000000e+00,3.439212676200230634e-01,-4.725068274067752983e-01
8.577484724815834238e-02,-3.528335159341968730e-01,2.979380148964178576e-01,1.383172715915739481e-01,3.786764443963638871e-01,-3.827565621108305338e-01,-3.785016073860713037e-01,6.679241377992548578e-01,4.610346141105265416e-01,-2.067477896486441535e-01,1.246464157186706057e-01,-5.387332459784520688e-01,2.855354328600746006e-01,-1.461784996486374111e-01,2.343779886054668249e-01,-2.167228366106045967e-01,-3.111197853477353226e-01,-6.539836013009417970e-01,-6.407906955183479969e-01,5.048754193844905425e-01,-1.700739303967832017e-01,-4.642531790095396627e-01,-3.642478539120595771e-02,-1.729835871804769332e-01,-4.297339441070964217e-01,6.918699272636330555e-01,-2.346234693737319910e-01,5.411298294968193145e-01,-2.189376617102904710e-01,2.980435090966612743e-01,-2.737254768925948545e-01,1.513544928084086250e-01,5.675841685948167514e-01,-1.634986800170547538e-01,-2.706753253632181166e-02,1.505698781566790490e-01,3.439212676200230634e-01,1.000000000000000000e+00,-4.263119741693313647e-01
5.126661764845071856e-01,8.852130830989212162e-01,-4.506756858109683267e-02,-6.921173078618216845e-01,2.019155366873545340e-02,5.496249381815058177e-01,7.484419188444627613e-01,-5.131607828497650736e-01,2.103061627872197525e-01,2.527880568352908197e-01,4.930291380919213373e-01,8.960373767492947339e-01,-7.204369353959590994e-01,6.510701990083685997e-01,-6.541931206614060024e-01,7.135745509030813061e-01,5.028367325146692046e-01,8.380608668761948543e-01,7.644966558605315043e-01,-8.169346578399400149e-01,2.302644906475709297e-01,7.154029354620800030e-01,3.045457589106234653e-01,2.008660436709431285e-01,6.369110055982661889e-01,-6.724717355954317188e-01,7.509863982166699037e-01,-8.900763218086737982e-01,3.589359243301844526e-01,1.037693167501627274e-02,7.131082229135712325e-01,-9.375052285518380157e-02,-5.481355948261598110e-01,1.692719285475523510e-03,3.086914331814668080e-02,2.784648788127923047e-01,-4.725068274067752983e-01,-4.263119741693313647e-01,1.000000000000000000e+00
