1.000000000000000000e+00,7.677118307146247878e-01,7.569621457710046242e-01,-2.888044737715948496e-01,6.976865398658680384e-01,-1.684642109317826819e-01,3.406968631161247929e-01,-7.154799577090930063e-01,6.980703131846013321e-01,6.669051412806409340e-01,6.428289909263776858e-01,2.886950555955757891e-01,3.613639775657650488e-01,4.392167026252948858e-01,3.865650594054242384e-01,7.834122384640349601e-01,6.350139538491703650e-01,3.840515018663035463e-01,5.769090392896453201e-01,4.737961790863000622e-01,6.924217047992529128e-01,4.965747500417922455e-01,6.521747110635821576e-01,3.947125100207710680e-01,5.041469661018139758e-01,7.851889265696448961e-01,8.037332500687395243e-01,7.753354166077492948e-01,5.948888083662687842e-01,7.482570907346448585e-01,7.289307318993673013e-01,8.400270447849660371e-01,5.432142211711421531e-01,5.703044327776869427e-01,6.665541745689783637e-01,7.173607969621910163e-01,6.691823121646485184e-01,7.040274220458568877e-01,6.851885156218703310e-01
7.677118307146247878e-01,1.000000000000000000e+00,7.755271868262424428e-01,1.314678803470886032e-02,6.838053278539296675e-01,-1.911607386389595487e-01,5.252934921410495894e-01,-6.636324988601582930e-01,8.479078469710205068e-01,6.802579929633266742e-01,6.196135411565656392e-01,5.789953757065757767e-01,4.109988308078819652e-01,5.271901267715954909e-01,6.264680989913244957e-01,7.687842200989436492e-01,4.715268037154153324e-01,6.390532635802269601e-01,6.610238963699696102e-01,6.694328241797751211e-01,6.579562190434040669e-01,6.817962146762575060e-01,6.781189070990270018e-01,5.383006008804437359e-01,5.643130623918481970e-01,7.990936847763390194e-01,7.022657439779211863e-01,7.141610292827791362e-01,4.444269402382671208e-01,7.890417667342903840e-01,7.012923357847142825e-01,7.426512612635004507e-01,3.722560981903385580e-01,6.251022810501143390e-01,5.745908719261743069e-01,6.052254174862562452e-01,5.678998425130254990e-01,6.628839964728141521e-01,6.802773024862674989e-01
7.569621457710046242e-01,7.755271868262424428e-01,1.000000000000000000e+00,-1.110636810552731168e-01,7.978587568203581171e-01,-9.088099477667729853e-02,5.235552170460952004e-01,-9.075745247564853679e-01,7.405296593146786233e-01,7.247113145111413468e-01,6.852520405307289675e-01,4.396324400448156089e-01,4.348686165271573589e-01,5.581096990669669466e-01,4.693993136118091436e-01,7.597310310560432267e-01,5.286392544741431720e-01,5.528885694099833215e-01,6.910125887913782794e-01,6.729011356084537709e-01,8.281114679020211700e-01,6.954035372730852371e-01,6.821887154093619898e-01,5.257405935123874441e-01,6.232219280819747409e-01,8.035689100834531029e-01,7.810984252697604768e-01,7.606230957686948013e-01,5.069715203160867212e-01,7.649079837834983353e-01,8.062351259745840215e-01,7.804788304215334316e-01,6.866015820095192623e-01,6.753391672411471758e-01,7.060265209578426848e-01,6.105815032966241951e-01,6.623148615774667736e-01,6.661609093492047995e-01,6.635291620057590656e-01
-2.888044737715948496e-01,1.314678803470886032e-02,-1.110636810552731168e-01,1.000000000000000000e+00,4.450438815185599889e-02,1.656572408602195734e-01,4.766072449558679813e-01,2.014341070365151809e-01,8.441391318705249169e-02,-2.878388894864766234e-01,-1.203920503805905456e-01,2.016174732231781896e-01,-8.897875217413815652e-02,1.363660036972728640e-01,2.207739889915163664e-02,-1.550121641903573211e-01,-3.394454451457805111e-01,2.746376987944834647e-01,-1.419585711287401353e-01,1.775055983039781626e-01,-1.232161553686304117e-01,2.048477183556185188e-01,-5.191187148134167317e-02,1.859117160096684651e-01,-8.558464316978767195e-02,-1.839585642723244041e-01,-2.600254324409499440e-01,-2.930458868985836435e-02,-2.658411754393447679e-01,-6.800913968307625845e-02,-2.506609489107646249e-01,-2.139773964704237696e-01,-2.363505246976478624e-01,1.058248398419413261e-01,-8.060062927064534644e-02,-2.295992487171052698e-01,-1.579747940628335456e-01,-2.267112992103598179e-01,-2.506677480363265209e-01
6.976865398658680384e-01,6.838053278539296675e-01,7.978587568203581171e-01,4.450438815185599889e-02,1.000000000000000000e+00,-6.900494758783856653e-02,6.232546115589567837e-01,-7.199810219199462846e-01,7.387382655354060024e-01,7.037289740239920377e-01,6.460099786157288415e-01,5.026344833872223861e-01,4.770572486913733368e-01,6.879715350391206741e-01,4.856059246225803983e-01,7.550777487437467794e-01,4.597121400621719256e-01,5.748306196153558645e-01,6.929909077178052490e-01,6.173028764346366604e-01,6.774980138495581006e-01,6.279547017324563773e-01,7.046991807170231992e-01,6.012852866726324796e-01,6.397179383151438969e-01,6.629527055603622321e-01,6.312014094742615100e-01,8.025605515864286943e-01,3.162995173800124404e-01,7.861176660811839412e-01,7.376985215644262794e-01,6.601455999981213907e-01,6.523591957742659320e-01,7.782346870172345277e-01,6.582084351523431742e-01,5.651948919598100973e-01,5.443090409135487029e-01,7.387866439637388316e-01,6.888760602711047065e-01
-1.684642109317826819e-01,-1.911607386389595487e-01,-9.088099477667729853e-02,1.656572408602195734e-01,-6.900494758783856653e-02,1.000000000000000000e+00,7.817911570415141120e-02,1.007703161877305520e-01,-3.005442788121807651e-01,-1.399656114407999974e-01,2.396007481036115661e-01,-2.240847880156957850e-01,-4.782071615387876659e-03,1.514066687520260190e-01,-2.871006497906834487e-01,-9.681074799907492257e-02,9.764131580153148637e-02,-8.932655601001293633e-02,-1.567435529070313471e-01,-1.300752572871145540e-01,-8.592958045060680727e-02,-7.293250235175097185e-02,4.556893181196091519e-02,-1.748223467381511131e-01,2.508665886013369817e-02,-1.742462281466245488e-01,-1.660136479716886049e-01,-4.673202591953984353e-02,6.736403549058629647e-02,-1.756467156411151143e-01,-6.971960349745048857e-02,-1.282249843513982336e-02,1.256643803650007718e-01,-1.791539481095442976e-01,8.275695161355821339e-02,-1.273139747030420932e-01,1.953519906088309679e-02,-2.517150053936161314e-01,-2.680177284048401720e-01
3.406968631161247929e-01,5.252934921410495894e-01,5.235552170460952004e-01,4.766072449558679813e-01,6.232546115589567837e-01,7.817911570415141120e-02,1.000000000000000000e+00,-4.065346888921539392e-01,5.649465023552476817e-01,4.185240484374511127e-01,5.097926148852803818e-01,4.948838672437589348e-01,3.811240694330694789e-01,5.773545603500840340e-01,3.949997880379367832e-01,5.053214242392713995e-01,2.326717397217385741e-01,5.721415006837198280e-01,4.995824416422185443e-01,5.446198607866368224e-01,4.267727383853754941e-01,6.301046953840059306e-01,5.148137994199646350e-01,5.365531805380820973e-01,4.234013172227228394e-01,3.532414435733085556e-01,3.217941296584909683e-01,5.132362176886157146e-01,5.133116587709196654e-02,5.078743631972125749e-01,4.554302639645392281e-01,3.621875182162986317e-01,3.481474025877922540e-01,5.803749673812031995e-01,4.836571217153106672e-01,2.861487793512544342e-01,3.243388558839966351e-01,3.946064911215593773e-01,3.653004168856761602e-01
-7.154799577090930063e-01,-6.636324988601582930e-01,-9.075745247564853679e-01,2.014341070365151809e-01,-7.199810219199462846e-01,1.007703161877305520e-01,-4.065346888921539392e-01,1.000000000000000000e+00,-6.280253285624785020e-01,-6.380253927062120578e-01,-6.213570865734624471e-01,-2.891171154470631999e-01,-3.299331350609328029e-01,-4.369152074204000757e-01,-3.219705763367429197e-01,-6.581567866034246927e-01,-5.161963280517876118e-01,-3.957298296286838601e-01,-5.831113104131987468e-01,-5.691644460788044535e-01,-8.058822092964382788e-01,-5.962267049965790378e-01,-5.655366938474675198e-01,-4.180503403590025147e-01,-5.326674412791893021e-01,-7.332786867548365395e-01,-7.579599699949824965e-01,-6.630889270123448975e-01,-5.123958556933275732e-01,-6.425421943185858353e-01,-7.511518895647504301e-01,-7.419284898804329176e-01,-7.156301716870117069e-01,-5.915332999327032049e-01,-6.614596998078244861e-01,-5.875062343691731526e-01,-6.433020629525981748e-01,-5.653941800404309603e-01,-5.712507700719084980e-01
6.980703131846013321e-01,8.479078469710205068e-01,7.405296593146786233e-01,8.441391318705249169e-02,7.387382655354060024e-01,-3.005442788121807651e-01,5.649465023552476817e-01,-6.280253285624785020e-01,1.000000000000000000e+00,6.762866742776412199e-01,5.143829400840296273e-01,6.992244498156550137e-01,4.609109356306547722e-01,5.578859822132752333e-01,7.258919903779836869e-01,7.263838673916023225e-01,3.512055822423029716e-01,6.725201055677363371e-01,7.512754368631663349e-01,7.376489673323780583e-01,6.574259311235282066e-01,7.144355812872913436e-01,6.793305074356360551e-01,5.773481839192426968e-01,5.815285627211225217e-01,7.151230722712952348e-01,6.183771012555381308e-01,7.075160022280100325e-01,3.439580167076284889e-01,8.154230337151515684e-01,6.372084293423780910e-01,6.825198863784885939e-01,3.412977955649659223e-01,7.752809953643123864e-01,5.225493847110590506e-01,5.516233078041106186e-01,4.890131955679595799e-01,7.537318639862424785e-01,7.576786462998305050e-01
6.669051412806409340e-01,6.802579929633266742e-01,7.247113145111413468e-01,-2.878388894864766234e-01,7.037289740239920377e-01,-1.399656114407999974e-01,4.185240484374511127e-01,-6.380253927062120578e-01,6.762866742776412199e-01,1.000000000000000000e+00,6.552157339282556059e-01,5.579738577836300673e-01,6.433087418191795193e-01,6.669539174794073544e-01,6.015003848234203865e-01,8.109990644395600468e-01,5.180668055119419524e-01,5.902421741477222872e-01,8.674776131433528104e-01,5.761612084337742745e-01,6.857154075985394392e-01,6.068570587350321510e-01,7.964775318208328070e-01,5.757024278104228010e-01,7.915402073493175150e-01,6.761996250259758590e-01,6.106444385592614266e-01,6.941804931236805754e-01,3.012029993532714944e-01,8.108256042592685287e-01,8.156825094359058115e-01,6.201273410521978002e-01,5.849103201769512150e-01,6.177280333624352027e-01,5.604650474600026966e-01,4.916091792316647502e-01,5.181734224982167403e-01,8.113427015574737888e-01,8.505857220393320262e-01
6.428289909263776858e-01,6.196135411565656392e-01,6.852520405307289675e-01,-1.203920503805905456e-01,6.460099786157288415e-01,2.396007481036115661e-01,5.097926148852803818e-01,-6.213570865734624471e-01,5.143829400840296273e-01,6.552157339282556059e-01,1.000000000000000000e+00,2.160580877996710336e-01,3.691119432988438920e-01,5.714804153945900467e-01,2.409342900310982027e-01,7.205841511004049682e-01,6.613459341158385296e-01,4.716547064727532046e-01,5.296537169813787527e-01,3.879687635523271783e-01,5.829218116830006124e-01,4.459660302014655242e-01,6.855900153810985387e-01,4.496522053791018880e-01,5.443098481598556138e-01,6.744074273030881139e-01,6.374343138509666051e-01,6.771497234256333986e-01,4.002661203892554642e-01,6.704116663749997151e-01,7.372377096130292573e-01,6.604912663521720351e-01,5.969725111434628362e-01,4.161618030210975649e-01,7.293019630813019072e-01,6.051338211780171727e-01,6.767411500481748110e-01,5.173153130576473302e-01,4.770990879427998710e-01
2.886950555955757891e-01,5.789953757065757767e-01,4.396324400448156089e-01,2.016174732231781896e-01,5.026344833872223861e-01,-2.240847880156957850e-01,4.948838672437589348e-01,-2.891171154470631999e-01,6.992244498156550137e-01,5.579738577836300673e-01,2.160580877996710336e-01,1.000000000000000000e+00,5.677003043198676213e-01,6.179911832130376981e-01,8.825859077297123489e-01,4.581135196301021617e-01,1.208854240575362761e-02,5.871115341518240438e-01,7.123461244691492444e-01,7.696589283919699209e-01,4.012765316655381165e-01,7.176718140057890549e-01,5.505241327997920653e-01,6.234867620330517557e-01,6.217341073919843142e-01,3.621197609044350951e-01,2.509680705954248081e-01,4.565373835906506028e-01,3.998704820665630738e-02,6.017962239719304440e-01,4.320009768895323732e-01,3.198558283839789129e-01,1.076502639579209747e-01,7.054141658530495018e-01,2.807389320145796674e-01,8.075446103511671470e-02,1.569521404693650923e-01,6.312667493347966507e-01,6.413820533218462794e-01
3.613639775657650488e-01,4.109988308078819652e-01,4.348686165271573589e-01,-8.897875217413815652e-02,4.770572486913733368e-01,-4.782071615387876659e-03,3.811240694330694789e-01,-3.299331350609328029e-01,4.609109356306547722e-01,6.433087418191795193e-01,3.691119432988438920e-01,5.677003043198676213e-01,1.000000000000000000e+00,5.611648693243707076e-01,5.247466514969221230e-01,4.996653273604875767e-01,2.211625481545254346e-01,3.681218763812763584e-01,7.085527046434477727e-01,5.383051479227869418e-01,5.015761010605476189e-01,6.104401603014035782e-01,5.650291008416401528e-01,3.558233807666442705e-01,6.402179367554332590e-01,2.858703898336720783e-01,2.603934673228060492e-01,4.721628601770592737e-01,1.523842430519262159e-01,5.216628644093797007e-01,4.563952306401150016e-01,3.411083639908119580e-01,3.541053877980600562e-01,5.273060366259856302e-01,3.634756599610100003e-01,1.741922250466085842e-01,2.169783430150627745e-01,5.642358497520655325e-01,6.893538212917558194e-01
4.392167026252948858e-01,5.271901267715954909e-01,5.581096990669669466e-01,1.363660036972728640e-01,6.879715350391206741e-01,1.514066687520260190e-01,5.773545603500840340e-01,-4.369152074204000757e-01,5.578859822132752333e-01,6.669539174794073544e-01,5.714804153945900467e-01,6.179911832130376981e-01,5.611648693243707076e-01,1.000000000000000000e+00,5.744582821727790556e-01,6.449523145266649049e-01,3.489969913513809585e-01,5.514126368170402248e-01,6.683048884229798592e-01,5.980390389845458010e-01,5.349154872406550743e-01,6.334723402666443404e-01,7.293525464497091493e-01,6.790474875967390522e-01,7.608793159832848430e-01,4.251354824442740710e-01,3.639336791792629477e-01,6.750762522554818457e-01,7.785771418303419344e-02,6.812433408792630818e-01,5.927246905961056633e-01,4.137529847258750171e-01,5.909327875546001030e-01,6.979141462740672264e-01,5.187431507853691448e-01,2.432914354767710674e-01,3.624111326661917931e-01,6.489065356193026712e-01,6.150224172640161857e-01
3.865650594054242384e-01,6.264680989913244957e-01,4.693993136118091436e-01,2.207739889915163664e-02,4.856059246225803983e-01,-2.871006497906834487e-01,3.949997880379367832e-01,-3.219705763367429197e-01,7.258919903779836869e-01,6.015003848234203865e-01,2.409342900310982027e-01,8.825859077297123489e-01,5.247466514969221230e-01,5.744582821727790556e-01,1.000000000000000000e+00,5.411469286433358006e-01,1.501998513677480218e-01,6.051431063508767583e-01,7.262789357009699076e-01,7.256802375779193293e-01,4.479977673051159792e-01,6.772855359647630413e-01,5.955267748821928553e-01,5.482935919081032283e-01,5.909820083398507062e-01,4.544516934725603141e-01,3.285197877663730837e-01,4.935113516704741632e-01,9.253576530386470322e-02,6.595592022732615911e-01,4.635643208952974215e-01,3.838416284819651803e-01,1.255617432240181686e-01,6.870885966194038019e-01,2.778649305418258164e-01,1.891922489664824292e-01,1.792497306763791987e-01,6.993511745684616310e-01,6.975809449230538917e-01
7.834122384640349601e-01,7.687842200989436492e-01,7.597310310560432267e-01,-1.550121641903573211e-01,7.550777487437467794e-01,-9.681074799907492257e-02,5.053214242392713995e-01,-6.581567866034246927e-01,7.263838673916023225e-01,8.109990644395600468e-01,7.205841511004049682e-01,4.581135196301021617e-01,4.996653273604875767e-01,6.449523145266649049e-01,5.411469286433358006e-01,1.000000000000000000e+00,6.608390221417547172e-01,6.772424148101027219e-01,7.272165852147278731e-01,5.652094387681223520e-01,6.643832682812280677e-01,6.043353417497271396e-01,8.557380033837973521e-01,4.974191856163170944e-01,6.826139390927062900e-01,7.672628088228488075e-01,6.936391190031979681e-01,8.381687004967627308e-01,3.304388928170297612e-01,8.665891126929575750e-01,7.638982925079019770e-01,7.054793232922222934e-01,5.671925660204908404e-01,6.395162341495592706e-01,6.265753116114490817e-01,6.801001553567700419e-01,5.925000325589405703e-01,8.064348500621150162e-01,7.342201384492802463e-01
6.350139538491703650e-01,4.715268037154153324e-01,5.286392544741431720e-01,-3.394454451457805111e-01,4.597121400621719256e-01,9.764131580153148637e-02,2.326717397217385741e-01,-5.161963280517876118e-01,3.512055822423029716e-01,5.180668055119419524e-01,6.613459341158385296e-01,1.208854240575362761e-02,2.211625481545254346e-01,3.489969913513809585e-01,1.501998513677480218e-01,6.608390221417547172e-01,1.000000000000000000e+00,3.498418918279291301e-01,3.823492392825528219e-01,1.498754741281167480e-01,4.791854664329592284e-01,2.308325231272619904e-01,5.635256935129892009e-01,1.845766340187009469e-01,3.425084206085327043e-01,5.726651734392251836e-01,5.611026228303791497e-01,5.711576700130316375e-01,2.900786829937805344e-01,5.456436839932312655e-01,5.890770055216458800e-01,5.629887535333386595e-01,5.144495328258957834e-01,2.446726091870597419e-01,4.761326100886326684e-01,5.873743845579404432e-01,4.441893590960044880e-01,4.822047571638850005e-01,4.030210444457121288e-01
3.840515018663035463e-01,6.390532635802269601e-01,5.528885694099833215e-01,2.746376987944834647e-01,5.748306196153558645e-01,-8.932655601001293633e-02,5.721415006837198280e-01,-3.957298296286838601e-01,6.725201055677363371e-01,5.902421741477222872e-01,4.716547064727532046e-01,5.871115341518240438e-01,3.681218763812763584e-01,5.514126368170402248e-01,6.051431063508767583e-01,6.772424148101027219e-01,3.498418918279291301e-01,1.000000000000000000e+00,6.550702576460571969e-01,5.480491918582887090e-01,4.622139412203003506e-01,5.725311114669957568e-01,7.003718102512871413e-01,5.405234828966017924e-01,5.182219480925699395e-01,5.569016713465230195e-01,3.539927242957107700e-01,6.111941468682710044e-01,2.607829076244271363e-02,7.048200602212636445e-01,5.109765411099219667e-01,3.875114891554790053e-01,2.328639585700011116e-01,5.151017255509302561e-01,3.268894207550601116e-01,2.914415226301056983e-01,3.016545779294483309e-01,6.237362329872969680e-01,5.351511153547701127e-01
5.769090392896453201e-01,6.610238963699696102e-01,6.910125887913782794e-01,-1.419585711287401353e-01,6.929909077178052490e-01,-1.567435529070313471e-01,4.995824416422185443e-01,-5.831113104131987468e-01,7.512754368631663349e-01,8.674776131433528104e-01,5.296537169813787527e-01,7.123461244691492444e-01,7.085527046434477727e-01,6.683048884229798592e-01,7.262789357009699076e-01,7.272165852147278731e-01,3.823492392825528219e-01,6.550702576460571969e-01,1.000000000000000000e+00,6.627222566846335816e-01,6.695001072125025265e-01,6.921480695216044587e-01,7.507786057918492961e-01,5.907348770901971191e-01,7.572210214180049581e-01,5.908416198316446266e-01,4.921639315788011171e-01,6.413449975879644827e-01,2.217011739520132474e-01,7.814426321653151764e-01,7.124116664519150044e-01,5.574100964247025169e-01,4.829532135652978009e-01,7.092920565147000644e-01,4.798636803743714929e-01,3.488052026803760697e-01,3.966147419757445336e-01,8.248781601363823768e-01,8.718804195573557347e-01
4.737961790863000622e-01,6.694328241797751211e-01,6.729011356084537709e-01,1.775055983039781626e-01,6.173028764346366604e-01,-1.300752572871145540e-01,5.446198607866368224e-01,-5.691644460788044535e-01,7.376489673323780583e-01,5.761612084337742745e-01,3.879687635523271783e-01,7.696589283919699209e-01,5.383051479227869418e-01,5.980390389845458010e-01,7.256802375779193293e-01,5.652094387681223520e-01,1.498754741281167480e-01,5.480491918582887090e-01,6.627222566846335816e-01,1.000000000000000000e+00,6.342340287874549398e-01,8.353652069821206894e-01,6.339403452731200428e-01,5.595204568299954051e-01,6.634175814436826801e-01,5.344635935588057940e-01,4.738900185292211353e-01,5.900184394390260989e-01,3.167855691279451436e-01,6.711188798597790273e-01,5.457112733251694436e-01,5.447267230724586184e-01,2.997167751441816574e-01,7.450188149103217361e-01,5.298111871980011323e-01,2.920051769748179260e-01,4.503496179757795481e-01,6.108312510602680323e-01,6.211753417041873115e-01
6.924217047992529128e-01,6.579562190434040669e-01,8.281114679020211700e-01,-1.232161553686304117e-01,6.774980138495581006e-01,-8.592958045060680727e-02,4.267727383853754941e-01,-8.058822092964382788e-01,6.574259311235282066e-01,6.857154075985394392e-01,5.829218116830006124e-01,4.012765316655381165e-01,5.015761010605476189e-01,5.349154872406550743e-01,4.479977673051159792e-01,6.643832682812280677e-01,4.791854664329592284e-01,4.622139412203003506e-01,6.695001072125025265e-01,6.342340287874549398e-01,1.000000000000000000e+00,7.418209260693833240e-01,6.504004402403446017e-01,4.891435106336167182e-01,6.119583832834909476e-01,6.621671689670484140e-01,6.665338413153035768e-01,6.572018432897110962e-01,4.542279400261255984e-01,6.963695745089900635e-01,6.985186113759489501e-01,6.971703484427523856e-01,6.634541068253264617e-01,6.186859757673214277e-01,6.719138177701075021e-01,4.816281570373825982e-01,6.084823371469993969e-01,6.172512627864185086e-01,6.826100087534310301e-01
4.965747500417922455e-01,6.817962146762575060e-01,6.954035372730852371e-01,2.048477183556185188e-01,6.279547017324563773e-01,-7.293250235175097185e-02,6.301046953840059306e-01,-5.962267049965790378e-01,7.144355812872913436e-01,6.068570587350321510e-01,4.459660302014655242e-01,7.176718140057890549e-01,6.104401603014035782e-01,6.334723402666443404e-01,6.772855359647630413e-01,6.043353417497271396e-01,2.308325231272619904e-01,5.725311114669957568e-01,6.921480695216044587e-01,8.353652069821206894e-01,7.418209260693833240e-01,1.000000000000000000e+00,6.608683845100566945e-01,5.885488621505114981e-01,6.706445495661855771e-01,5.032310264971670000e-01,4.489758394085230919e-01,5.876900917539711333e-01,2.343862974932252319e-01,6.640747971485576606e-01,5.561220370393851198e-01,5.479808990563100890e-01,4.065300751988406569e-01,7.183007249149678808e-01,5.456897656723026513e-01,2.736891613892658559e-01,4.271996277615524029e-01,5.949663223982682991e-01,6.477006678362762226e-01
6.521747110635821576e-01,6.781189070990270018e-01,6.821887154093619898e-01,-5.191187148134167317e-02,7.046991807170231992e-01,4.556893181196091519e-02,5.148137994199646350e-01,-5.655366938474675198e-01,6.793305074356360551e-01,7.964775318208328070e-01,6.855900153810985387e-01,5.505241327997920653e-01,5.650291008416401528e-01,7.293525464497091493e-01,5.955267748821928553e-01,8.557380033837973521e-01,5.635256935129892009e-01,7.003718102512871413e-01,7.507786057918492961e-01,6.339403452731200428e-01,6.504004402403446017e-01,6.608683845100566945e-01,1.000000000000000000e+00,5.515747331680245225e-01,7.944858124741436267e-01,6.519643541921570362e-01,5.538131045359976357e-01,7.919727126122093619e-01,2.712643142653720640e-01,8.382679382163837900e-01,7.049044728870644816e-01,6.248470782302024684e-01,5.295112333484414124e-01,6.647333460206726885e-01,6.162495909296982211e-01,4.924142275601096630e-01,5.661166217441223614e-01,7.887414636570925230e-01,7.251449667048465164e-01
3.947125100207710680e-01,5.383006008804437359e-01,5.257405935123874441e-01,1.859117160096684651e-01,6.012852866726324796e-01,-1.748223467381511131e-01,5.365531805380820973e-01,-4.180503403590025147e-01,5.773481839192426968e-01,5.757024278104228010e-01,4.496522053791018880e-01,6.234867620330517557e-01,3.558233807666442705e-01,6.790474875967390522e-01,5.482935919081032283e-01,4.974191856163170944e-01,1.845766340187009469e-01,5.405234828966017924e-01,5.907348770901971191e-01,5.595204568299954051e-01,4.891435106336167182e-01,5.885488621505114981e-01,5.515747331680245225e-01,1.000000000000000000e+00,5.897550830620175155e-01,4.781803233708866174e-01,3.998143666263972440e-01,5.412708744176714104e-01,6.265684495032032564e-02,6.307645305090086030e-01,5.491841165275582748e-01,3.826827717988190436e-01,3.751129371762890741e-01,5.606501576092028927e-01,4.873957449656222130e-01,1.287238595427054044e-01,3.672847324645385214e-01,5.708568062292748158e-01,5.429990355802829516e-01
5.041469661018139758e-01,5.643130623918481970e-01,6.232219280819747409e-01,-8.558464316978767195e-02,6.397179383151438969e-01,2.508665886013369817e-02,4.234013172227228394e-01,-5.326674412791893021e-01,5.815285627211225217e-01,7.915402073493175150e-01,5.443098481598556138e-01,6.217341073919843142e-01,6.402179367554332590e-01,7.608793159832848430e-01,5.909820083398507062e-01,6.826139390927062900e-01,3.425084206085327043e-01,5.182219480925699395e-01,7.572210214180049581e-01,6.634175814436826801e-01,6.119583832834909476e-01,6.706445495661855771e-01,7.944858124741436267e-01,5.897550830620175155e-01,1.000000000000000000e+00,5.136339795109372552e-01,4.622352654236815961e-01,6.441413680419484367e-01,2.141132083254923268e-01,6.945194146361693965e-01,6.759148778765239340e-01,4.856085352181323533e-01,5.463602465388786023e-01,6.440635633736674359e-01,5.381365492807759221e-01,2.929115390391428542e-01,4.913842935067577189e-01,6.887620637842798432e-01,7.142614301773114738e-01
7.851889265696448961e-01,7.990936847763390194e-01,8.035689100834531029e-01,-1.839585642723244041e-01,6.629527055603622321e-01,-1.742462281466245488e-01,3.532414435733085556e-01,-7.332786867548365395e-01,7.151230722712952348e-01,6.761996250259758590e-01,6.744074273030881139e-01,3.621197609044350951e-01,2.858703898336720783e-01,4.251354824442740710e-01,4.544516934725603141e-01,7.672628088228488075e-01,5.726651734392251836e-01,5.569016713465230195e-01,5.908416198316446266e-01,5.344635935588057940e-01,6.621671689670484140e-01,5.032310264971670000e-01,6.519643541921570362e-01,4.781803233708866174e-01,5.136339795109372552e-01,1.000000000000000000e+00,8.644271334000070972e-01,7.500643797129994406e-01,5.767398573937231321e-01,7.863098656039065881e-01,7.729310553193690092e-01,7.993717688371013708e-01,4.778344738389204704e-01,5.193152332124529869e-01,6.548955360646573354e-01,7.079682263417401700e-01,6.800841809859683451e-01,6.405347199477884335e-01,5.957575599730744464e-01
8.037332500687395243e-01,7.022657439779211863e-01,7.810984252697604768e-01,-2.600254324409499440e-01,6.312014094742615100e-01,-1.660136479716886049e-01,3.217941296584909683e-01,-7.579599699949824965e-01,6.183771012555381308e-01,6.106444385592614266e-01,6.374343138509666051e-01,2.509680705954248081e-01,2.603934673228060492e-01,3.639336791792629477e-01,3.285197877663730837e-01,6.936391190031979681e-01,5.611026228303791497e-01,3.539927242957107700e-01,4.921639315788011171e-01,4.738900185292211353e-01,6.665338413153035768e-01,4.489758394085230919e-01,5.538131045359976357e-01,3.998143666263972440e-01,4.622352654236815961e-01,8.644271334000070972e-01,1.000000000000000000e+00,7.177142935012309488e-01,6.284674019634411968e-01,6.831577546338811757e-01,7.843653094387749158e-01,8.180370355618581391e-01,5.367445271012091235e-01,5.042980497860575229e-01,6.979758792546935098e-01,7.302963345110500271e-01,6.767566740024665295e-01,5.704574575398183578e-01,5.301024074633826633e-01
7.753354166077492948e-01,7.141610292827791362e-01,7.606230957686948013e-01,-2.930458868985836435e-02,8.025605515864286943e-01,-4.673202591953984353e-02,5.132362176886157146e-01,-6.630889270123448975e-01,7.075160022280100325e-01,6.941804931236805754e-01,6.771497234256333986e-01,4.565373835906506028e-01,4.721628601770592737e-01,6.750762522554818457e-01,4.935113516704741632e-01,8.381687004967627308e-01,5.711576700130316375e-01,6.111941468682710044e-01,6.413449975879644827e-01,5.900184394390260989e-01,6.572018432897110962e-01,5.876900917539711333e-01,7.919727126122093619e-01,5.412708744176714104e-01,6.441413680419484367e-01,7.500643797129994406e-01,7.177142935012309488e-01,1.000000000000000000e+00,3.969767453514195799e-01,8.310243286933178819e-01,7.573987507298296507e-01,7.158002046214102521e-01,5.985192655751099267e-01,7.105687581140321951e-01,6.682756422003531815e-01,6.092799823051932018e-01,5.912934891704699769e-01,7.817210115991222175e-01,6.662629565892789207e-01
5.948888083662687842e-01,4.444269402382671208e-01,5.069715203160867212e-01,-2.658411754393447679e-01,3.162995173800124404e-01,6.736403549058629647e-02,5.133116587709196654e-02,-5.123958556933275732e-01,3.439580167076284889e-01,3.012029993532714944e-01,4.002661203892554642e-01,3.998704820665630738e-02,1.523842430519262159e-01,7.785771418303419344e-02,9.253576530386470322e-02,3.304388928170297612e-01,2.900786829937805344e-01,2.607829076244271363e-02,2.217011739520132474e-01,3.167855691279451436e-01,4.542279400261255984e-01,2.343862974932252319e-01,2.712643142653720640e-01,6.265684495032032564e-02,2.141132083254923268e-01,5.767398573937231321e-01,6.284674019634411968e-01,3.969767453514195799e-01,1.000000000000000000e+00,3.618884075474378403e-01,4.148037758115412088e-01,7.323226785487160218e-01,2.741076866599720940e-01,2.479173720635155509e-01,5.759351087829671645e-01,5.115034159363343047e-01,6.168933620847499855e-01,2.344866064204226552e-01,2.883794990493287469e-01
7.482570907346448585e-01,7.890417667342903840e-01,7.649079837834983353e-01,-6.800913968307625845e-02,7.861176660811839412e-01,-1.756467156411151143e-01,5.078743631972125749e-01,-6.425421943185858353e-01,8.154230337151515684e-01,8.108256042592685287e-01,6.704116663749997151e-01,6.017962239719304440e-01,5.216628644093797007e-01,6.812433408792630818e-01,6.595592022732615911e-01,8.665891126929575750e-01,5.456436839932312655e-01,7.048200602212636445e-01,7.814426321653151764e-01,6.711188798597790273e-01,6.963695745089900635e-01,6.640747971485576606e-01,8.382679382163837900e-01,6.307645305090086030e-01,6.945194146361693965e-01,7.863098656039065881e-01,6.831577546338811757e-01,8.310243286933178819e-01,3.618884075474378403e-01,1.000000000000000000e+00,7.559197837714932700e-01,7.233751543989780375e-01,5.179538331267163898e-01,7.217273124619080216e-01,6.515282644652091726e-01,6.051113425755413333e-01,5.953263009566269748e-01,8.475484498724070725e-01,7.968531140014089020e-01
7.289307318993673013e-01,7.012923357847142825e-01,8.062351259745840215e-01,-2.506609489107646249e-01,7.376985215644262794e-01,-6.971960349745048857e-02,4.554302639645392281e-01,-7.511518895647504301e-01,6.372084293423780910e-01,8.156825094359058115e-01,7.372377096130292573e-01,4.320009768895323732e-01,4.563952306401150016e-01,5.927246905961056633e-01,4.635643208952974215e-01,7.638982925079019770e-01,5.890770055216458800e-01,5.109765411099219667e-01,7.124116664519150044e-01,5.457112733251694436e-01,6.985186113759489501e-01,5.561220370393851198e-01,7.049044728870644816e-01,5.491841165275582748e-01,6.759148778765239340e-01,7.729310553193690092e-01,7.843653094387749158e-01,7.573987507298296507e-01,4.148037758115412088e-01,7.559197837714932700e-01,1.000000000000000000e+00,7.223821391106463041e-01,6.322428125769489204e-01,5.848583935810450773e-01,6.598217735922163873e-01,5.609736955731677854e-01,6.016340082134427059e-01,7.121532368850320704e-01,6.883035856718565659e-01
8.400270447849660371e-01,7.426512612635004507e-01,7.804788304215334316e-01,-2.139773964704237696e-01,6.601455999981213907e-01,-1.282249843513982336e-02,3.621875182162986317e-01,-7.419284898804329176e-01,6.825198863784885939e-01,6.201273410521978002e-01,6.604912663521720351e-01,3.198558283839789129e-01,3.411083639908119580e-01,4.137529847258750171e-01,3.838416284819651803e-01,7.054793232922222934e-01,5.629887535333386595e-01,3.875114891554790053e-01,5.574100964247025169e-01,5.447267230724586184e-01,6.971703484427523856e-01,5.479808990563100890e-01,6.248470782302024684e-01,3.826827717988190436e-01,4.856085352181323533e-01,7.993717688371013708e-01,8.180370355618581391e-01,7.158002046214102521e-01,7.323226785487160218e-01,7.233751543989780375e-01,7.223821391106463041e-01,1.000000000000000000e+00,5.029293112764235962e-01,5.524460613282047294e-01,7.184328719690571408e-01,7.003832644794573126e-01,7.060718041639367781e-01,6.196183039552779492e-01,6.068680680177244158e-01
5.432142211711421531e-01,3.722560981903385580e-01,6.866015820095192623e-01,-2.363505246976478624e-01,6.523591957742659320e-01,1.256643803650007718e-01,3.481474025877922540e-01,-7.156301716870117069e-01,3.412977955649659223e-01,5.849103201769512150e-01,5.969725111434628362e-01,1.076502639579209747e-01,3.541053877980600562e-01,5.909327875546001030e-01,1.255617432240181686e-01,5.671925660204908404e-01,5.144495328258957834e-01,2.328639585700011116e-01,4.829532135652978009e-01,2.997167751441816574e-01,6.634541068253264617e-01,4.065300751988406569e-01,5.295112333484414124e-01,3.751129371762890741e-01,5.463602465388786023e-01,4.778344738389204704e-01,5.367445271012091235e-01,5.985192655751099267e-01,2.741076866599720940e-01,5.179538331267163898e-01,6.322428125769489204e-01,5.029293112764235962e-01,1.000000000000000000e+00,5.032210280707358763e-01,5.887949324823253949e-01,4.460541321106942236e-01,4.960394072858811398e-01,4.945069044295854477e-01,4.640623070530542904e-01
5.703044327776869427e-01,6.251022810501143390e-01,6.753391672411471758e-01,1.058248398419413261e-01,7.782346870172345277e-01,-1.791539481095442976e-01,5.803749673812031995e-01,-5.915332999327032049e-01,7.752809953643123864e-01,6.177280333624352027e-01,4.161618030210975649e-01,7.054141658530495018e-01,5.273060366259856302e-01,6.979141462740672264e-01,6.870885966194038019e-01,6.395162341495592706e-01,2.446726091870597419e-01,5.151017255509302561e-01,7.092920565147000644e-01,7.450188149103217361e-01,6.186859757673214277e-01,7.183007249149678808e-01,6.647333460206726885e-01,5.606501576092028927e-01,6.440635633736674359e-01,5.193152332124529869e-01,5.042980497860575229e-01,7.105687581140321951e-01,2.479173720635155509e-01,7.217273124619080216e-01,5.848583935810450773e-01,5.524460613282047294e-01,5.032210280707358763e-01,1.000000000000000000e+00,5.205551602688578416e-01,3.762079875864653977e-01,3.707525126718463904e-01,7.475761624618353363e-01,7.004086013187810211e-01
6.665541745689783637e-01,5.745908719261743069e-01,7.060265209578426848e-01,-8.060062927064534644e-02,6.582084351523431742e-01,8.275695161355821339e-02,4.836571217153106672e-01,-6.614596998078244861e-01,5.225493847110590506e-01,5.604650474600026966e-01,7.293019630813019072e-01,2.807389320145796674e-01,3.634756599610100003e-01,5.187431507853691448e-01,2.778649305418258164e-01,6.265753116114490817e-01,4.761326100886326684e-01,3.268894207550601116e-01,4.798636803743714929e-01,5.298111871980011323e-01,6.719138177701075021e-01,5.456897656723026513e-01,6.162495909296982211e-01,4.873957449656222130e-01,5.381365492807759221e-01,6.548955360646573354e-01,6.979758792546935098e-01,6.682756422003531815e-01,5.759351087829671645e-01,6.515282644652091726e-01,6.598217735922163873e-01,7.184328719690571408e-01,5.887949324823253949e-01,5.205551602688578416e-01,1.000000000000000000e+00,5.713852918564282790e-01,8.330231096637240595e-01,5.088662343738739047e-01,4.772883231650318914e-01
7.173607969621910163e-01,6.052254174862562452e-01,6.105815032966241951e-01,-2.295992487171052698e-01,5.651948919598100973e-01,-1.273139747030420932e-01,2.861487793512544342e-01,-5.875062343691731526e-01,5.516233078041106186e-01,4.916091792316647502e-01,6.051338211780171727e-01,8.075446103511671470e-02,1.741922250466085842e-01,2.432914354767710674e-01,1.891922489664824292e-01,6.801001553567700419e-01,5.873743845579404432e-01,2.914415226301056983e-01,3.488052026803760697e-01,2.920051769748179260e-01,4.816281570373825982e-01,2.736891613892658559e-01,4.924142275601096630e-01,1.287238595427054044e-01,2.929115390391428542e-01,7.079682263417401700e-01,7.302963345110500271e-01,6.092799823051932018e-01,5.115034159363343047e-01,6.051113425755413333e-01,5.609736955731677854e-01,7.003832644794573126e-01,4.460541321106942236e-01,3.762079875864653977e-01,5.713852918564282790e-01,1.000000000000000000e+00,5.969792989552868967e-01,4.708619891332547769e-01,4.133000758100365823e-01
6.691823121646485184e-01,5.678998425130254990e-01,6.623148615774667736e-01,-1.579747940628335456e-01,5.443090409135487029e-01,1.953519906088309679e-02,3.243388558839966351e-01,-6.433020629525981748e-01,4.890131955679595799e-01,5.181734224982167403e-01,6.767411500481748110e-01,1.569521404693650923e-01,2.169783430150627745e-01,3.624111326661917931e-01,1.792497306763791987e-01,5.925000325589405703e-01,4.441893590960044880e-01,3.016545779294483309e-01,3.966147419757445336e-01,4.503496179757795481e-01,6.084823371469993969e-01,4.271996277615524029e-01,5.661166217441223614e-01,3.672847324645385214e-01,4.913842935067577189e-01,6.800841809859683451e-01,6.767566740024665295e-01,5.912934891704699769e-01,6.168933620847499855e-01,5.953263009566269748e-01,6.016340082134427059e-01,7.060718041639367781e-01,4.960394072858811398e-01,3.707525126718463904e-01,8.330231096637240595e-01,5.969792989552868967e-01,1.000000000000000000e+00,4.372249221632595884e-01,4.086361960331177934e-01
7.040274220458568877e-01,6.628839964728141521e-01,6.661609093492047995e-01,-2.267112992103598179e-01,7.387866439637388316e-01,-2.517150053936161314e-01,3.946064911215593773e-01,-5.653941800404309603e-01,7.537318639862424785e-01,8.113427015574737888e-01,5.173153130576473302e-01,6.312667493347966507e-01,5.642358497520655325e-01,6.489065356193026712e-01,6.993511745684616310e-01,8.064348500621150162e-01,4.822047571638850005e-01,6.237362329872969680e-01,8.248781601363823768e-01,6.108312510602680323e-01,6.172512627864185086e-01,5.949663223982682991e-01,7.887414636570925230e-01,5.708568062292748158e-01,6.887620637842798432e-01,6.405347199477884335e-01,5.704574575398183578e-01,7.817210115991222175e-01,2.344866064204226552e-01,8.475484498724070725e-01,7.121532368850320704e-01,6.196183039552779492e-01,4.945069044295854477e-01,7.475761624618353363e-01,5.088662343738739047e-01,4.708619891332547769e-01,4.372249221632595884e-01,1.000000000000000000e+00,8.523767989416978219e-01
6.851885156218703310e-01,6.802773024862674989e-01,6.635291620057590656e-01,-2.506677480363265209e-01,6.888760602711047065e-01,-2.680177284048401720e-01,3.653004168856761602e-01,-5.712507700719084980e-01,7.576786462998305050e-01,8.505857220393320262e-01,4.770990879427998710e-01,6.413820533218462794e-01,6.893538212917558194e-01,6.150224172640161857e-01,6.975809449230538917e-01,7.342201384492802463e-01,4.030210444457121288e-01,5.351511153547701127e-01,8.718804195573557347e-01,6.211753417041873115e-01,6.826100087534310301e-01,6.477006678362762226e-01,7.251449667048465164e-01,5.429990355802829516e-01,7.142614301773114738e-01,5.957575599730744464e-01,5.301024074633826633e-01,6.662629565892789207e-01,2.883794990493287469e-01,7.968531140014089020e-01,6.883035856718565659e-01,6.068680680177244158e-01,4.640623070530542904e-01,7.004086013187810211e-01,4.772883231650318914e-01,4.133000758100365823e-01,4.086361960331177934e-01,8.523767989416978219e-01,1.000000000000000000e+00
