1.000000000000000000e+00,8.753100402306913663e-01,3.661863676668709044e-01,-3.141430994538965127e-01,3.816964371284314317e-01,3.772247292420334852e-01,3.683350939860270401e-01,-3.809464206507974238e-01,5.389085179004621251e-01,5.396621144131545922e-01,5.365613410665227567e-01,3.057007605951695406e-01,5.676924550902214817e-01,5.818385024998646848e-01,3.461621262173509850e-01,5.828280817547416559e-01,5.483037319279088218e-01,2.732377689723793357e-01,3.357118855857181283e-01,2.363105217292180427e-01,2.356497537246010077e-01,2.251255576882892906e-01,5.068841995211693652e-01,5.306258918176354200e-01,4.565083778369996015e-01,7.799106048948690750e-01,7.081358816627804087e-01,6.451819819053565830e-01,7.545238710643741298e-01,5.616225780893908670e-01,6.899182059581123738e-01,6.723091537042977794e-01,3.773080807101977241e-01,3.346456192998939483e-01,6.576758507056936764e-01,7.153773913078034230e-01,7.825905601137902456e-01,5.299991153768969232e-01,5.180241814261232758e-01
8.753100402306913663e-01,1.000000000000000000e+00,4.477781937736356466e-01,-3.557074502415242812e-01,4.898161415135163788e-01,4.216382886850139622e-01,4.356220700430807335e-01,-4.529916535851975512e-01,6.337633834382526699e-01,6.248004158427463706e-01,5.464447922288039328e-01,3.824045366188373318e-01,6.747634593731256514e-01,6.860167838084252345e-01,4.649141970170778126e-01,6.609162719594521285e-01,6.098890228442824801e-01,4.046881940224864027e-01,4.294615940788377162e-01,2.642445779678508910e-01,3.008631473479152496e-01,2.996747550769389146e-01,5.646592334141857794e-01,6.411272508060109621e-01,4.957846104853048663e-01,7.936456957249363731e-01,7.350162160520825605e-01,7.003648395539322502e-01,7.579455320905273963e-01,6.424136056654061733e-01,7.082091004432691239e-01,6.657182112973768495e-01,5.274560208851220011e-01,4.413231095805664750e-01,7.015280750918619912e-01,7.811613307355591562e-01,8.383537333000976588e-01,5.652729310834969656e-01,5.994413977409861483e-01
3.661863676668709044e-01,4.477781937736356466e-01,1.000000000000000000e+00,-5.173416779803291510e-01,8.187225697437027216e-01,3.850699360650801095e-01,3.847370807110199187e-01,-9.538029542020061147e-01,6.612314472686942057e-01,4.409866760434210109e-01,3.979532656870570784e-01,4.568729269319677377e-01,6.722392869480701139e-01,5.484822517150574894e-01,5.511828241078767787e-01,3.903706027327114580e-01,4.297721094775953654e-01,5.792737583528700940e-01,5.428850353328498191e-01,5.485077581742222597e-01,5.493088623175674812e-01,5.250894746251996148e-01,3.281707892633156098e-01,6.090304489076134864e-01,4.053431661553597021e-01,5.023677699952163733e-01,4.682034165407204518e-01,6.052367627396194605e-01,4.180392772405916446e-01,3.624580746327636938e-01,4.476744867402256411e-01,3.283867038854639819e-01,7.873549151484490194e-01,6.851431030987630288e-01,4.843939649448826823e-01,4.179461443998190306e-01,4.890746588365159075e-01,3.422723227376335275e-01,5.583672087671719408e-01
-3.141430994538965127e-01,-3.557074502415242812e-01,-5.173416779803291510e-01,1.000000000000000000e+00,-6.139263317969255729e-01,-2.404150738795086950e-01,-3.402848496952087104e-02,5.230338057978375366e-01,-6.286904135712000352e-01,-6.028809867372003639e-01,-6.338412417209957628e-01,-6.124104339263072294e-01,-4.764172164669869258e-01,-4.466403927180255806e-01,-6.171604009182914963e-01,-4.027789679229100139e-01,-5.630839031699933495e-01,-3.726530433480658711e-01,-5.974174581666334971e-01,8.301849974927591599e-04,3.014199167698187326e-02,4.664411189271254476e-02,-2.638113023399319967e-01,-5.035324022603762106e-01,-3.777128078647399301e-01,-5.386847276630553072e-01,-5.532428286854781385e-01,-4.431243954395598372e-01,-4.486688555859070227e-01,-3.728379326866596011e-01,-5.654586372540957306e-01,-3.980344893094903691e-01,-4.817549913017342700e-01,-5.918029342280831662e-01,-3.524678291096398075e-01,-4.014387715860260331e-01,-4.453923075428618539e-01,-6.603824025047412283e-01,-7.155224631454337736e-01
3.816964371284314317e-01,4.898161415135163788e-01,8.187225697437027216e-01,-6.139263317969255729e-01,1.000000000000000000e+00,3.868942170236462363e-01,4.151919421840779556e-01,-8.060032987108367575e-01,8.051491180302494666e-01,6.089610139852337234e-01,5.305485604817261613e-01,5.958942339496474672e-01,7.083361528208502733e-01,7.287308397972722673e-01,7.270466347941101359e-01,5.211364506820875819e-01,5.848423337183392690e-01,6.896454073435981380e-01,6.955400309470738396e-01,3.533547409129905725e-01,3.443745860453127916e-01,3.312073739192444854e-01,4.472815681272623300e-01,7.206127964511045425e-01,4.651653583824048033e-01,5.795739084668782848e-01,5.941560155883819361e-01,6.682652523947634204e-01,4.532834202354135700e-01,4.837318192930469829e-01,5.947734254266328069e-01,4.212488313114152172e-01,8.301310088159165046e-01,8.953115433510271393e-01,5.112727686836232577e-01,5.032190080473674110e-01,5.325823230132201713e-01,5.854348052902663690e-01,7.357230579442507468e-01
3.772247292420334852e-01,4.216382886850139622e-01,3.850699360650801095e-01,-2.404150738795086950e-01,3.868942170236462363e-01,1.000000000000000000e+00,6.673333978180280290e-01,-3.526550045400131950e-01,5.235644767644679343e-01,4.633950119039745852e-01,4.854959520635582226e-01,4.460134732662148771e-01,5.434167072543208965e-01,5.927373840287919471e-01,5.466135367673108370e-01,3.976459119920931484e-01,4.464645176865650322e-01,3.510094797731751481e-01,3.333107393886803882e-01,3.929124100537040309e-01,3.785212226803660318e-01,5.050058859320354365e-01,4.580399219172798797e-01,5.609057376730143263e-01,5.088700134338528525e-01,3.860085725066180196e-01,3.054064597287423632e-01,5.276630248356155573e-01,4.219805374070919601e-01,2.933842582069484117e-01,3.015005398917467994e-01,3.729576941826359682e-01,4.385611953725899737e-01,3.885205890943870810e-01,6.924381374383066223e-01,4.932573189382932211e-01,5.854748588924261199e-01,2.937087320188308537e-01,3.536684729890889889e-01
3.683350939860270401e-01,4.356220700430807335e-01,3.847370807110199187e-01,-3.402848496952087104e-02,4.151919421840779556e-01,6.673333978180280290e-01,1.000000000000000000e+00,-3.301285690710260012e-01,4.500785756789157377e-01,3.548654226447540139e-01,3.314784510905065540e-01,4.155380048268238480e-01,6.146492418980676886e-01,5.263766155416744752e-01,5.726112340983197102e-01,3.856099938429740082e-01,2.968651081228121380e-01,4.781428984671797222e-01,4.137493208315244364e-01,4.763714829822268126e-01,5.288416794745869343e-01,6.265133529194798490e-01,4.320720097041222951e-01,4.914982622181146565e-01,4.603342527118430283e-01,3.590607077663944269e-01,2.941281194826316225e-01,6.465756921710698046e-01,3.017804016103843301e-01,2.676710448636980821e-01,3.457646756341086203e-01,2.721877438597177234e-01,5.236546406866307013e-01,4.611538672357982094e-01,5.377944207693571288e-01,3.552488238780321939e-01,4.718244688148840460e-01,1.627417927850309254e-01,3.075703785846766736e-01
-3.809464206507974238e-01,-4.529916535851975512e-01,-9.538029542020061147e-01,5.230338057978375366e-01,-8.060032987108367575e-01,-3.526550045400131950e-01,-3.301285690710260012e-01,1.000000000000000000e+00,-6.364555686905036813e-01,-4.422562530615434806e-01,-4.085886579839804189e-01,-4.334253935213311926e-01,-6.397653220526514639e-01,-5.371447503051977046e-01,-5.091514914240701239e-01,-3.886467465222414597e-01,-4.349641068340402983e-01,-5.568520796288319863e-01,-5.335271110281958329e-01,-5.215730625248280461e-01,-5.210222451284106659e-01,-4.892016209167445728e-01,-3.145695794984746940e-01,-5.830565431202082705e-01,-3.872167607963362679e-01,-5.138762925731983344e-01,-4.792432515471924392e-01,-5.912183499569635403e-01,-4.395167415630663599e-01,-3.774284135654637495e-01,-4.546895343961115388e-01,-3.620399162299066109e-01,-7.636185748964323672e-01,-6.527550780493945881e-01,-4.676345487202877016e-01,-4.328561137106231027e-01,-4.896869693925985922e-01,-3.595992431800223432e-01,-5.504360997071539030e-01
5.389085179004621251e-01,6.337633834382526699e-01,6.612314472686942057e-01,-6.286904135712000352e-01,8.051491180302494666e-01,5.235644767644679343e-01,4.500785756789157377e-01,-6.364555686905036813e-01,1.000000000000000000e+00,6.305148333373628011e-01,5.643343937175894220e-01,6.591335661744939234e-01,6.451863500790181449e-01,8.018932284967161817e-01,7.763190876634904480e-01,5.698462471454402989e-01,6.533848124996524120e-01,6.232386696500524792e-01,5.939257542918375821e-01,2.236190071695588755e-01,1.567030061249593542e-01,2.148844985845047573e-01,5.133446027201677975e-01,8.296553571698527252e-01,4.702192950857017051e-01,6.148977090005013357e-01,6.259017634045330736e-01,6.183321662079949155e-01,5.116934108982719165e-01,4.916567581394220010e-01,6.629941450393220803e-01,4.415282520166002311e-01,6.422958758638747101e-01,8.104844574134794088e-01,5.962940537045905431e-01,5.246932988223723671e-01,6.300514561950157910e-01,6.361658537267552704e-01,8.192506425637875456e-01
5.396621144131545922e-01,6.248004158427463706e-01,4.409866760434210109e-01,-6.028809867372003639e-01,6.089610139852337234e-01,4.633950119039745852e-01,3.548654226447540139e-01,-4.422562530615434806e-01,6.305148333373628011e-01,1.000000000000000000e+00,6.311399201021586913e-01,6.380018193436908236e-01,7.098568852009430330e-01,6.676721394418592137e-01,6.680289975576122474e-01,8.455798798947614658e-01,6.132667452193234503e-01,5.845260269167422695e-01,7.547346949785079806e-01,1.994626776959043390e-01,2.083268038980415904e-01,2.838901418192895099e-01,5.844089634348434981e-01,6.122382764717614334e-01,6.337634376077018183e-01,6.753429221145909045e-01,6.732166711184670582e-01,6.677520200881823520e-01,6.472357150290425354e-01,7.787631177652394321e-01,6.774601340106329861e-01,5.603018087918368861e-01,6.036823641543975771e-01,6.048810184352055863e-01,6.257906165842910262e-01,7.417951506798935446e-01,7.089776846128110765e-01,8.515182120020781120e-01,7.781881595085267112e-01
5.365613410665227567e-01,5.464447922288039328e-01,3.979532656870570784e-01,-6.338412417209957628e-01,5.305485604817261613e-01,4.854959520635582226e-01,3.314784510905065540e-01,-4.085886579839804189e-01,5.643343937175894220e-01,6.311399201021586913e-01,1.000000000000000000e+00,6.157405649047058560e-01,5.144118487315721966e-01,6.104698491447956288e-01,5.994538833243820974e-01,5.188853266378249396e-01,8.436384574564529393e-01,2.926922888051269878e-01,5.210934643320270787e-01,4.720007587214412881e-02,2.344073176046591878e-02,4.334505575300460350e-02,4.008325155819415508e-01,5.594633424379622522e-01,4.726644175362655909e-01,7.051572191393579159e-01,6.496276429574523448e-01,6.203741399957043434e-01,5.761663082957252380e-01,5.511788651667358652e-01,6.647645926235576930e-01,6.538284099757981638e-01,4.943428366331130142e-01,5.207424174502885972e-01,5.305148538604755881e-01,5.954896986659219404e-01,6.099500578058162370e-01,5.965413293503425418e-01,5.686730504941570619e-01
3.057007605951695406e-01,3.824045366188373318e-01,4.568729269319677377e-01,-6.124104339263072294e-01,5.958942339496474672e-01,4.460134732662148771e-01,4.155380048268238480e-01,-4.334253935213311926e-01,6.591335661744939234e-01,6.380018193436908236e-01,6.157405649047058560e-01,1.000000000000000000e+00,4.886698874949242377e-01,6.739037548295795377e-01,8.186676222504282174e-01,6.012007942378466696e-01,4.863843280724017282e-01,6.079995306413623624e-01,7.550844454264994399e-01,1.737826476039556756e-01,7.761325526677262387e-02,2.338827306626449776e-01,5.949956881788102114e-01,6.136444925874231515e-01,6.591663976506531020e-01,4.674170900639578741e-01,4.681128037157951671e-01,4.629721767195753013e-01,4.038613002277607333e-01,5.306460789934630551e-01,5.165241779196554361e-01,3.594687886081935901e-01,5.105900492235143640e-01,6.157583766231718991e-01,5.146098339214991713e-01,3.195436806895152193e-01,5.258029904756120754e-01,6.100914574696081338e-01,7.182154824128145210e-01
5.676924550902214817e-01,6.747634593731256514e-01,6.722392869480701139e-01,-4.764172164669869258e-01,7.083361528208502733e-01,5.434167072543208965e-01,6.146492418980676886e-01,-6.397653220526514639e-01,6.451863500790181449e-01,7.098568852009430330e-01,5.144118487315721966e-01,4.886698874949242377e-01,1.000000000000000000e+00,6.603471040922375135e-01,6.409248688419066919e-01,6.464354524821777082e-01,5.272055709402126977e-01,6.082309401542721483e-01,6.756860921216295557e-01,5.146323486982788964e-01,6.172938113109860403e-01,6.065809582653519660e-01,5.546808273771375308e-01,6.482858359373653290e-01,6.091843933986895721e-01,6.908945779929387410e-01,6.616301605998348156e-01,8.336155069121068406e-01,6.244017189933034340e-01,5.629905982689553667e-01,6.136177481776041720e-01,5.190308543365631522e-01,8.043263706987623385e-01,6.920539437394307436e-01,7.381355436375167667e-01,6.994355259994918805e-01,7.479218106780406439e-01,5.418710232037642349e-01,6.523595258273706676e-01
5.818385024998646848e-01,6.860167838084252345e-01,5.484822517150574894e-01,-4.466403927180255806e-01,7.287308397972722673e-01,5.927373840287919471e-01,5.263766155416744752e-01,-5.371447503051977046e-01,8.018932284967161817e-01,6.676721394418592137e-01,6.104698491447956288e-01,6.739037548295795377e-01,6.603471040922375135e-01,1.000000000000000000e+00,7.115948087017150980e-01,6.922871583436100984e-01,6.622879820989908684e-01,6.130259699735517431e-01,6.134003178205272855e-01,2.309837182287921287e-01,2.351826788993691963e-01,3.112857356184517421e-01,7.402574886251653830e-01,8.213941934235389208e-01,6.609271198447949081e-01,6.714372639586798641e-01,6.765391535539854173e-01,6.677817683912830038e-01,6.602833224431348125e-01,6.379228914620204138e-01,7.024715497047391288e-01,5.896293312574554246e-01,6.977850529504739940e-01,7.123142247505005464e-01,7.549048060787374448e-01,6.572355371005632607e-01,7.675142917105608475e-01,6.445634608968129342e-01,7.242591030159963861e-01
3.461621262173509850e-01,4.649141970170778126e-01,5.511828241078767787e-01,-6.171604009182914963e-01,7.270466347941101359e-01,5.466135367673108370e-01,5.726112340983197102e-01,-5.091514914240701239e-01,7.763190876634904480e-01,6.680289975576122474e-01,5.994538833243820974e-01,8.186676222504282174e-01,6.409248688419066919e-01,7.115948087017150980e-01,1.000000000000000000e+00,6.381356549887692298e-01,5.862875253719967983e-01,7.496456574444707588e-01,7.227290419815683986e-01,2.641943866495859439e-01,2.055163699846463687e-01,3.128734516107502528e-01,5.418682773090481852e-01,6.923306867696242817e-01,5.550588100300374306e-01,5.122249178814441972e-01,4.715240063164906070e-01,6.601407181262000101e-01,3.984906027997137667e-01,5.301331817419449033e-01,5.255960016049976424e-01,3.249100148259908005e-01,6.458053376040392424e-01,7.767818389310666705e-01,5.255755825647391299e-01,4.502963942241736683e-01,5.316194870756695279e-01,6.227568636484920317e-01,7.322078493159551726e-01
5.828280817547416559e-01,6.609162719594521285e-01,3.903706027327114580e-01,-4.027789679229100139e-01,5.211364506820875819e-01,3.976459119920931484e-01,3.856099938429740082e-01,-3.886467465222414597e-01,5.698462471454402989e-01,8.455798798947614658e-01,5.188853266378249396e-01,6.012007942378466696e-01,6.464354524821777082e-01,6.922871583436100984e-01,6.381356549887692298e-01,1.000000000000000000e+00,5.489201492389468306e-01,6.713227303750721742e-01,6.852732550664425437e-01,1.935838302122289412e-01,2.447918833640841951e-01,3.654951597780184969e-01,6.998900277235217127e-01,5.931500927873761819e-01,6.493323497093689278e-01,6.551165270311154476e-01,5.821168075251863527e-01,6.610197375761381888e-01,6.104990508878398447e-01,8.593576767531503346e-01,6.261630204106640729e-01,4.816596660792867302e-01,5.641198379693707077e-01,5.143650703530079360e-01,6.305587408125263860e-01,6.911793433648730778e-01,6.924977854912758302e-01,7.557358538154139715e-01,6.777253086592515130e-01
5.483037319279088218e-01,6.098890228442824801e-01,4.297721094775953654e-01,-5.630839031699933495e-01,5.848423337183392690e-01,4.464645176865650322e-01,2.968651081228121380e-01,-4.349641068340402983e-01,6.533848124996524120e-01,6.132667452193234503e-01,8.436384574564529393e-01,4.863843280724017282e-01,5.272055709402126977e-01,6.622879820989908684e-01,5.862875253719967983e-01,5.489201492389468306e-01,1.000000000000000000e+00,3.388152153842410863e-01,4.284490231102432989e-01,8.319776718861184028e-02,4.452685245671089698e-02,4.129777763732882245e-02,3.745367503752550786e-01,6.684285623302181900e-01,3.565662545879987877e-01,7.187617772876546685e-01,6.580193226785689964e-01,6.365933142944798506e-01,5.606942283881576339e-01,5.968962435859626048e-01,6.553668119362773270e-01,6.026190343758319745e-01,5.355312815373716173e-01,5.812785714311626828e-01,4.932648588395318612e-01,6.595609245413730504e-01,5.865938901374243564e-01,5.935294216054636252e-01,5.671223569699290756e-01
2.732377689723793357e-01,4.046881940224864027e-01,5.792737583528700940e-01,-3.726530433480658711e-01,6.896454073435981380e-01,3.510094797731751481e-01,4.781428984671797222e-01,-5.568520796288319863e-01,6.232386696500524792e-01,5.845260269167422695e-01,2.926922888051269878e-01,6.079995306413623624e-01,6.082309401542721483e-01,6.130259699735517431e-01,7.496456574444707588e-01,6.713227303750721742e-01,3.388152153842410863e-01,1.000000000000000000e+00,7.763267344943406423e-01,2.787813732536656985e-01,3.753344500649017368e-01,4.252968798335407530e-01,5.538670168584725051e-01,5.604415631850894197e-01,4.993959636334346364e-01,3.520551953462860983e-01,2.845192689043077872e-01,5.714323917033307110e-01,2.911168649495360916e-01,5.552569095455105463e-01,3.456711864386351474e-01,1.763640645391526263e-01,6.711201958373076426e-01,6.413064111549473534e-01,4.554936229740482179e-01,3.926047969179652375e-01,4.434807431001683842e-01,4.758126392078821931e-01,5.847919142776611956e-01
3.357118855857181283e-01,4.294615940788377162e-01,5.428850353328498191e-01,-5.974174581666334971e-01,6.955400309470738396e-01,3.333107393886803882e-01,4.137493208315244364e-01,-5.335271110281958329e-01,5.939257542918375821e-01,7.547346949785079806e-01,5.210934643320270787e-01,7.550844454264994399e-01,6.756860921216295557e-01,6.134003178205272855e-01,7.227290419815683986e-01,6.852732550664425437e-01,4.284490231102432989e-01,7.763267344943406423e-01,1.000000000000000000e+00,2.144356486517478844e-01,2.958852728508449825e-01,3.256116706872713706e-01,5.759305852090366162e-01,5.493012605187767017e-01,6.495611361661265404e-01,4.867156065116030050e-01,4.778915377304459033e-01,5.811426710041547317e-01,4.299765570822822736e-01,6.139450428668082882e-01,5.130167794368460932e-01,3.719841983311625855e-01,6.758023500183107934e-01,6.504195124050893284e-01,5.011724386191334091e-01,4.541071880984295928e-01,5.416750384748502123e-01,6.456407577731089198e-01,7.313460556865118978e-01
2.363105217292180427e-01,2.642445779678508910e-01,5.485077581742222597e-01,8.301849974927591599e-04,3.533547409129905725e-01,3.929124100537040309e-01,4.763714829822268126e-01,-5.215730625248280461e-01,2.236190071695588755e-01,1.994626776959043390e-01,4.720007587214412881e-02,1.737826476039556756e-01,5.146323486982788964e-01,2.309837182287921287e-01,2.641943866495859439e-01,1.935838302122289412e-01,8.319776718861184028e-02,2.787813732536656985e-01,2.144356486517478844e-01,1.000000000000000000e+00,6.886784058672372755e-01,7.403955514304262353e-01,2.110322803395465185e-01,2.283569137007127048e-01,3.018451668831037549e-01,2.430108885213691783e-01,2.039402932336224772e-01,4.255055630475049755e-01,2.580451029269744678e-01,1.570369516427506940e-01,9.442523214704086343e-02,1.521397065572831220e-01,4.503400378931767811e-01,3.008954656901950409e-01,4.356672799166187438e-01,3.175666525400858697e-01,3.270954894860376161e-01,3.703648637540385424e-02,1.624265075101375411e-01
2.356497537246010077e-01,3.008631473479152496e-01,5.493088623175674812e-01,3.014199167698187326e-02,3.443745860453127916e-01,3.785212226803660318e-01,5.288416794745869343e-01,-5.210222451284106659e-01,1.567030061249593542e-01,2.083268038980415904e-01,2.344073176046591878e-02,7.761325526677262387e-02,6.172938113109860403e-01,2.351826788993691963e-01,2.055163699846463687e-01,2.447918833640841951e-01,4.452685245671089698e-02,3.753344500649017368e-01,2.958852728508449825e-01,6.886784058672372755e-01,1.000000000000000000e+00,8.543156926181265653e-01,2.787630023611527563e-01,2.654132889259722128e-01,3.716974843750114887e-01,2.406835880894788171e-01,1.906965635177433338e-01,5.050385546878688459e-01,2.631140015676625143e-01,1.978691509991819253e-01,1.139192983432114059e-01,1.417570366962303541e-01,5.994420291054893823e-01,2.822161190364184113e-01,4.510023152163465388e-01,3.553895692618527780e-01,3.524367916778045617e-01,-1.873370278407657935e-02,9.602002816697537135e-02
2.251255576882892906e-01,2.996747550769389146e-01,5.250894746251996148e-01,4.664411189271254476e-02,3.312073739192444854e-01,5.050058859320354365e-01,6.265133529194798490e-01,-4.892016209167445728e-01,2.148844985845047573e-01,2.838901418192895099e-01,4.334505575300460350e-02,2.338827306626449776e-01,6.065809582653519660e-01,3.112857356184517421e-01,3.128734516107502528e-01,3.654951597780184969e-01,4.129777763732882245e-02,4.252968798335407530e-01,3.256116706872713706e-01,7.403955514304262353e-01,8.543156926181265653e-01,1.000000000000000000e+00,3.611685226164872420e-01,2.940435825434369321e-01,4.376399210615908864e-01,2.360112205599680657e-01,1.676947875888209205e-01,5.065850822487606431e-01,2.898433547430561696e-01,2.671330684771334729e-01,1.324137091334132710e-01,1.497259817245595592e-01,5.444873039544323445e-01,3.019638116665969152e-01,5.271466159417783626e-01,3.368806876245586945e-01,4.112121792313572222e-01,6.412503599443059032e-02,1.651563481622644602e-01
5.068841995211693652e-01,5.646592334141857794e-01,3.281707892633156098e-01,-2.638113023399319967e-01,4.472815681272623300e-01,4.580399219172798797e-01,4.320720097041222951e-01,-3.145695794984746940e-01,5.133446027201677975e-01,5.844089634348434981e-01,4.008325155819415508e-01,5.949956881788102114e-01,5.546808273771375308e-01,7.402574886251653830e-01,5.418682773090481852e-01,6.998900277235217127e-01,3.745367503752550786e-01,5.538670168584725051e-01,5.759305852090366162e-01,2.110322803395465185e-01,2.787630023611527563e-01,3.611685226164872420e-01,1.000000000000000000e+00,6.226778016364228341e-01,8.617845346342525303e-01,4.964450074764623633e-01,4.990298653077748781e-01,4.922552307100039326e-01,5.827992958250517441e-01,6.362976528071646598e-01,5.173559633582206496e-01,4.832238631855309552e-01,4.968718283121346668e-01,4.340508253466916488e-01,7.327412770518022533e-01,5.289154681043596318e-01,7.009319581134840771e-01,5.370217137590799217e-01,5.446502823534881133e-01
5.306258918176354200e-01,6.411272508060109621e-01,6.090304489076134864e-01,-5.035324022603762106e-01,7.206127964511045425e-01,5.609057376730143263e-01,4.914982622181146565e-01,-5.830565431202082705e-01,8.296553571698527252e-01,6.122382764717614334e-01,5.594633424379622522e-01,6.136444925874231515e-01,6.482858359373653290e-01,8.213941934235389208e-01,6.923306867696242817e-01,5.931500927873761819e-01,6.684285623302181900e-01,5.604415631850894197e-01,5.493012605187767017e-01,2.283569137007127048e-01,2.654132889259722128e-01,2.940435825434369321e-01,6.226778016364228341e-01,1.000000000000000000e+00,6.037256563911856944e-01,6.166143973265252320e-01,6.379009223571654452e-01,5.980488835614514720e-01,5.310752572497635660e-01,5.724405658494607918e-01,6.202162666805256519e-01,4.350869077200628654e-01,6.795819067119638346e-01,6.925637269269216967e-01,6.439105553663881931e-01,5.804181982661948958e-01,6.636291992647089799e-01,5.545370876818866979e-01,6.742183994741434150e-01
4.565083778369996015e-01,4.957846104853048663e-01,4.053431661553597021e-01,-3.777128078647399301e-01,4.651653583824048033e-01,5.088700134338528525e-01,4.603342527118430283e-01,-3.872167607963362679e-01,4.702192950857017051e-01,6.337634376077018183e-01,4.726644175362655909e-01,6.591663976506531020e-01,6.091843933986895721e-01,6.609271198447949081e-01,5.550588100300374306e-01,6.493323497093689278e-01,3.565662545879987877e-01,4.993959636334346364e-01,6.495611361661265404e-01,3.018451668831037549e-01,3.716974843750114887e-01,4.376399210615908864e-01,8.617845346342525303e-01,6.037256563911856944e-01,1.000000000000000000e+00,5.020188577043168676e-01,5.097792954764037709e-01,5.245802122460163641e-01,5.768471174600998674e-01,5.763226318254525138e-01,5.276521025151729161e-01,4.906551302278118754e-01,5.332271964448317414e-01,4.394816400623993702e-01,7.476878919623027864e-01,4.991611692579583370e-01,6.921574047042818867e-01,5.396342824930538962e-01,5.556869187480203420e-01
7.799106048948690750e-01,7.936456957249363731e-01,5.023677699952163733e-01,-5.386847276630553072e-01,5.795739084668782848e-01,3.860085725066180196e-01,3.590607077663944269e-01,-5.138762925731983344e-01,6.148977090005013357e-01,6.753429221145909045e-01,7.051572191393579159e-01,4.674170900639578741e-01,6.908945779929387410e-01,6.714372639586798641e-01,5.122249178814441972e-01,6.551165270311154476e-01,7.187617772876546685e-01,3.520551953462860983e-01,4.867156065116030050e-01,2.430108885213691783e-01,2.406835880894788171e-01,2.360112205599680657e-01,4.964450074764623633e-01,6.166143973265252320e-01,5.020188577043168676e-01,1.000000000000000000e+00,9.002521913246797070e-01,8.087013012628974096e-01,8.093737716310756003e-01,6.444606145008696663e-01,8.459467955444289755e-01,7.372493766402836712e-01,5.872940551108115637e-01,5.372582364100678687e-01,6.690535224501339417e-01,7.594192537290467282e-01,7.999263130532144883e-01,6.748515294800550013e-01,6.384282368482830927e-01
7.081358816627804087e-01,7.350162160520825605e-01,4.682034165407204518e-01,-5.532428286854781385e-01,5.941560155883819361e-01,3.054064597287423632e-01,2.941281194826316225e-01,-4.792432515471924392e-01,6.259017634045330736e-01,6.732166711184670582e-01,6.496276429574523448e-01,4.681128037157951671e-01,6.616301605998348156e-01,6.765391535539854173e-01,4.715240063164906070e-01,5.821168075251863527e-01,6.580193226785689964e-01,2.845192689043077872e-01,4.778915377304459033e-01,2.039402932336224772e-01,1.906965635177433338e-01,1.676947875888209205e-01,4.990298653077748781e-01,6.379009223571654452e-01,5.097792954764037709e-01,9.002521913246797070e-01,1.000000000000000000e+00,7.178985376520042871e-01,7.932967599466584918e-01,5.980738254549254895e-01,8.708622692900682694e-01,7.421996331436878647e-01,5.635441023025237195e-01,5.821314602042775288e-01,6.377906673939239823e-01,7.277901888501207006e-01,7.633192344462801371e-01,7.068479340172640901e-01,6.892737821532122222e-01
6.451819819053565830e-01,7.003648395539322502e-01,6.052367627396194605e-01,-4.431243954395598372e-01,6.682652523947634204e-01,5.276630248356155573e-01,6.465756921710698046e-01,-5.912183499569635403e-01,6.183321662079949155e-01,6.677520200881823520e-01,6.203741399957043434e-01,4.629721767195753013e-01,8.336155069121068406e-01,6.677817683912830038e-01,6.601407181262000101e-01,6.610197375761381888e-01,6.365933142944798506e-01,5.714323917033307110e-01,5.811426710041547317e-01,4.255055630475049755e-01,5.050385546878688459e-01,5.065850822487606431e-01,4.922552307100039326e-01,5.980488835614514720e-01,5.245802122460163641e-01,8.087013012628974096e-01,7.178985376520042871e-01,1.000000000000000000e+00,6.648530494555662251e-01,5.671838500939918593e-01,7.428883711062288508e-01,5.916295603808904291e-01,7.366509941187459054e-01,6.583700266981833416e-01,6.716724287270450233e-01,7.287542950974547074e-01,7.242192026670754013e-01,5.731013387996991559e-01,6.021369502423511433e-01
7.545238710643741298e-01,7.579455320905273963e-01,4.180392772405916446e-01,-4.486688555859070227e-01,4.532834202354135700e-01,4.219805374070919601e-01,3.017804016103843301e-01,-4.395167415630663599e-01,5.116934108982719165e-01,6.472357150290425354e-01,5.761663082957252380e-01,4.038613002277607333e-01,6.244017189933034340e-01,6.602833224431348125e-01,3.984906027997137667e-01,6.104990508878398447e-01,5.606942283881576339e-01,2.911168649495360916e-01,4.299765570822822736e-01,2.580451029269744678e-01,2.631140015676625143e-01,2.898433547430561696e-01,5.827992958250517441e-01,5.310752572497635660e-01,5.768471174600998674e-01,8.093737716310756003e-01,7.932967599466584918e-01,6.648530494555662251e-01,1.000000000000000000e+00,6.519361045748190975e-01,7.540724055132308479e-01,8.279097087563510593e-01,5.079620575635555024e-01,4.163557221036200962e-01,7.432869356875128064e-01,7.795231241798582511e-01,8.744147838509993553e-01,6.422190866725168146e-01,5.796086075197658394e-01
5.616225780893908670e-01,6.424136056654061733e-01,3.624580746327636938e-01,-3.728379326866596011e-01,4.837318192930469829e-01,2.933842582069484117e-01,2.676710448636980821e-01,-3.774284135654637495e-01,4.916567581394220010e-01,7.787631177652394321e-01,5.511788651667358652e-01,5.306460789934630551e-01,5.629905982689553667e-01,6.379228914620204138e-01,5.301331817419449033e-01,8.593576767531503346e-01,5.968962435859626048e-01,5.552569095455105463e-01,6.139450428668082882e-01,1.570369516427506940e-01,1.978691509991819253e-01,2.671330684771334729e-01,6.362976528071646598e-01,5.724405658494607918e-01,5.763226318254525138e-01,6.444606145008696663e-01,5.980738254549254895e-01,5.671838500939918593e-01,6.519361045748190975e-01,1.000000000000000000e+00,5.743268760297992603e-01,5.821881724808239955e-01,5.349641776694843420e-01,4.650017469592981900e-01,5.352983534951040179e-01,7.065406282556722095e-01,6.590260567901701227e-01,7.114605981841884974e-01,5.916000278193888073e-01
6.899182059581123738e-01,7.082091004432691239e-01,4.476744867402256411e-01,-5.654586372540957306e-01,5.947734254266328069e-01,3.015005398917467994e-01,3.457646756341086203e-01,-4.546895343961115388e-01,6.629941450393220803e-01,6.774601340106329861e-01,6.647645926235576930e-01,5.165241779196554361e-01,6.136177481776041720e-01,7.024715497047391288e-01,5.255960016049976424e-01,6.261630204106640729e-01,6.553668119362773270e-01,3.456711864386351474e-01,5.130167794368460932e-01,9.442523214704086343e-02,1.139192983432114059e-01,1.324137091334132710e-01,5.173559633582206496e-01,6.202162666805256519e-01,5.276521025151729161e-01,8.459467955444289755e-01,8.708622692900682694e-01,7.428883711062288508e-01,7.540724055132308479e-01,5.743268760297992603e-01,1.000000000000000000e+00,6.804097931841511793e-01,5.485187750778233173e-01,5.994225102526407056e-01,6.024259871854600323e-01,6.679508949987023048e-01,7.333808909173438195e-01,7.233269587731249173e-01,7.460502805840416585e-01
6.723091537042977794e-01,6.657182112973768495e-01,3.283867038854639819e-01,-3.980344893094903691e-01,4.212488313114152172e-01,3.729576941826359682e-01,2.721877438597177234e-01,-3.620399162299066109e-01,4.415282520166002311e-01,5.603018087918368861e-01,6.538284099757981638e-01,3.594687886081935901e-01,5.190308543365631522e-01,5.896293312574554246e-01,3.249100148259908005e-01,4.816596660792867302e-01,6.026190343758319745e-01,1.763640645391526263e-01,3.719841983311625855e-01,1.521397065572831220e-01,1.417570366962303541e-01,1.497259817245595592e-01,4.832238631855309552e-01,4.350869077200628654e-01,4.906551302278118754e-01,7.372493766402836712e-01,7.421996331436878647e-01,5.916295603808904291e-01,8.279097087563510593e-01,5.821881724808239955e-01,6.804097931841511793e-01,1.000000000000000000e+00,4.215722521945342582e-01,3.897595371892050853e-01,6.321116443439108723e-01,7.005812452860418205e-01,7.592557628257659008e-01,5.915869002469329452e-01,4.801232175739616470e-01
3.773080807101977241e-01,5.274560208851220011e-01,7.873549151484490194e-01,-4.817549913017342700e-01,8.301310088159165046e-01,4.385611953725899737e-01,5.236546406866307013e-01,-7.636185748964323672e-01,6.422958758638747101e-01,6.036823641543975771e-01,4.943428366331130142e-01,5.105900492235143640e-01,8.043263706987623385e-01,6.977850529504739940e-01,6.458053376040392424e-01,5.641198379693707077e-01,5.355312815373716173e-01,6.711201958373076426e-01,6.758023500183107934e-01,4.503400378931767811e-01,5.994420291054893823e-01,5.444873039544323445e-01,4.968718283121346668e-01,6.795819067119638346e-01,5.332271964448317414e-01,5.872940551108115637e-01,5.635441023025237195e-01,7.366509941187459054e-01,5.079620575635555024e-01,5.349641776694843420e-01,5.485187750778233173e-01,4.215722521945342582e-01,1.000000000000000000e+00,7.657393162072971826e-01,5.919012899551128193e-01,5.969740234076910124e-01,6.017764621130298197e-01,4.498458708888272151e-01,5.851475790450703096e-01
3.346456192998939483e-01,4.413231095805664750e-01,6.851431030987630288e-01,-5.918029342280831662e-01,8.953115433510271393e-01,3.885205890943870810e-01,4.611538672357982094e-01,-6.527550780493945881e-01,8.104844574134794088e-01,6.048810184352055863e-01,5.207424174502885972e-01,6.157583766231718991e-01,6.920539437394307436e-01,7.123142247505005464e-01,7.767818389310666705e-01,5.143650703530079360e-01,5.812785714311626828e-01,6.413064111549473534e-01,6.504195124050893284e-01,3.008954656901950409e-01,2.822161190364184113e-01,3.019638116665969152e-01,4.340508253466916488e-01,6.925637269269216967e-01,4.394816400623993702e-01,5.372582364100678687e-01,5.821314602042775288e-01,6.583700266981833416e-01,4.163557221036200962e-01,4.650017469592981900e-01,5.994225102526407056e-01,3.897595371892050853e-01,7.657393162072971826e-01,1.000000000000000000e+00,4.882104844923400577e-01,4.592993448854356120e-01,4.859291999978234133e-01,6.072032264308194760e-01,7.591984109692409000e-01
6.576758507056936764e-01,7.015280750918619912e-01,4.843939649448826823e-01,-3.524678291096398075e-01,5.112727686836232577e-01,6.924381374383066223e-01,5.377944207693571288e-01,-4.676345487202877016e-01,5.962940537045905431e-01,6.257906165842910262e-01,5.305148538604755881e-01,5.146098339214991713e-01,7.381355436375167667e-01,7.549048060787374448e-01,5.255755825647391299e-01,6.305587408125263860e-01,4.932648588395318612e-01,4.554936229740482179e-01,5.011724386191334091e-01,4.356672799166187438e-01,4.510023152163465388e-01,5.271466159417783626e-01,7.327412770518022533e-01,6.439105553663881931e-01,7.476878919623027864e-01,6.690535224501339417e-01,6.377906673939239823e-01,6.716724287270450233e-01,7.432869356875128064e-01,5.352983534951040179e-01,6.024259871854600323e-01,6.321116443439108723e-01,5.919012899551128193e-01,4.882104844923400577e-01,1.000000000000000000e+00,6.957037812960401579e-01,8.725589125697076343e-01,5.199649060913247300e-01,5.485478847824732940e-01
7.153773913078034230e-01,7.811613307355591562e-01,4.179461443998190306e-01,-4.014387715860260331e-01,5.032190080473674110e-01,4.932573189382932211e-01,3.552488238780321939e-01,-4.328561137106231027e-01,5.246932988223723671e-01,7.417951506798935446e-01,5.954896986659219404e-01,3.195436806895152193e-01,6.994355259994918805e-01,6.572355371005632607e-01,4.502963942241736683e-01,6.911793433648730778e-01,6.595609245413730504e-01,3.926047969179652375e-01,4.541071880984295928e-01,3.175666525400858697e-01,3.553895692618527780e-01,3.368806876245586945e-01,5.289154681043596318e-01,5.804181982661948958e-01,4.991611692579583370e-01,7.594192537290467282e-01,7.277901888501207006e-01,7.287542950974547074e-01,7.795231241798582511e-01,7.065406282556722095e-01,6.679508949987023048e-01,7.005812452860418205e-01,5.969740234076910124e-01,4.592993448854356120e-01,6.957037812960401579e-01,1.000000000000000000e+00,7.926818009616158900e-01,6.461847873425863309e-01,5.435139562523346735e-01
7.825905601137902456e-01,8.383537333000976588e-01,4.890746588365159075e-01,-4.453923075428618539e-01,5.325823230132201713e-01,5.854748588924261199e-01,4.718244688148840460e-01,-4.896869693925985922e-01,6.300514561950157910e-01,7.089776846128110765e-01,6.099500578058162370e-01,5.258029904756120754e-01,7.479218106780406439e-01,7.675142917105608475e-01,5.316194870756695279e-01,6.924977854912758302e-01,5.865938901374243564e-01,4.434807431001683842e-01,5.416750384748502123e-01,3.270954894860376161e-01,3.524367916778045617e-01,4.112121792313572222e-01,7.009319581134840771e-01,6.636291992647089799e-01,6.921574047042818867e-01,7.999263130532144883e-01,7.633192344462801371e-01,7.242192026670754013e-01,8.744147838509993553e-01,6.590260567901701227e-01,7.333808909173438195e-01,7.592557628257659008e-01,6.017764621130298197e-01,4.859291999978234133e-01,8.725589125697076343e-01,7.926818009616158900e-01,1.000000000000000000e+00,6.362610280478619984e-01,6.332765806908040584e-01
5.299991153768969232e-01,5.652729310834969656e-01,3.422723227376335275e-01,-6.603824025047412283e-01,5.854348052902663690e-01,2.937087320188308537e-01,1.627417927850309254e-01,-3.595992431800223432e-01,6.361658537267552704e-01,8.515182120020781120e-01,5.965413293503425418e-01,6.100914574696081338e-01,5.418710232037642349e-01,6.445634608968129342e-01,6.227568636484920317e-01,7.557358538154139715e-01,5.935294216054636252e-01,4.758126392078821931e-01,6.456407577731089198e-01,3.703648637540385424e-02,-1.873370278407657935e-02,6.412503599443059032e-02,5.370217137590799217e-01,5.545370876818866979e-01,5.396342824930538962e-01,6.748515294800550013e-01,7.068479340172640901e-01,5.731013387996991559e-01,6.422190866725168146e-01,7.114605981841884974e-01,7.233269587731249173e-01,5.915869002469329452e-01,4.498458708888272151e-01,6.072032264308194760e-01,5.199649060913247300e-01,6.461847873425863309e-01,6.362610280478619984e-01,1.000000000000000000e+00,8.171889706789630115e-01
5.180241814261232758e-01,5.994413977409861483e-01,5.583672087671719408e-01,-7.155224631454337736e-01,7.357230579442507468e-01,3.536684729890889889e-01,3.075703785846766736e-01,-5.504360997071539030e-01,8.192506425637875456e-01,7.781881595085267112e-01,5.686730504941570619e-01,7.182154824128145210e-01,6.523595258273706676e-01,7.242591030159963861e-01,7.322078493159551726e-01,6.777253086592515130e-01,5.671223569699290756e-01,5.847919142776611956e-01,7.313460556865118978e-01,1.624265075101375411e-01,9.602002816697537135e-02,1.651563481622644602e-01,5.446502823534881133e-01,6.742183994741434150e-01,5.556869187480203420e-01,6.384282368482830927e-01,6.892737821532122222e-01,6.021369502423511433e-01,5.796086075197658394e-01,5.916000278193888073e-01,7.460502805840416585e-01,4.801232175739616470e-01,5.851475790450703096e-01,7.591984109692409000e-01,5.485478847824732940e-01,5.435139562523346735e-01,6.332765806908040584e-01,8.171889706789630115e-01,1.000000000000000000e+00
