1.000000000000000000e+00,3.232068240329062925e-01,4.296778313201883859e-01,-4.173957086273679534e-02,3.392168517497667346e-01,2.937597339187340562e-01,3.040647615073797105e-01,-3.926447867583711671e-01,1.998091275067929717e-01,5.121835513984447363e-01,4.113021923401840446e-02,-6.498005810183191122e-02,3.145746726964807061e-01,3.745538553971449192e-01,-1.335680334612682381e-02,5.259346585754881565e-01,2.028270394845312630e-01,-6.913618385256631305e-02,1.776724763154653997e-01,3.137934014820256690e-01,4.257425318648194734e-01,4.592614196439559482e-01,5.130601602260234095e-01,3.851583966603342457e-01,4.748090516959737606e-01,4.788538810525077016e-01,9.673999125566423718e-02,3.444936508093813798e-01,4.728527086241442468e-01,4.423388978269325311e-01,-1.616975896584324154e-02,3.386807523946361864e-01,3.831682716714255310e-01,7.507732581481574297e-02,4.094407826170834430e-01,7.353037303559953330e-02,3.050961073227484999e-01,2.797435520170094558e-01,8.545047792268545966e-03
3.232068240329062925e-01,1.000000000000000000e+00,6.077355349881945895e-02,-3.077079526782625259e-03,1.487425667004712015e-01,1.113669566409905415e-01,8.015621898899004394e-02,-4.528852927474316670e-02,1.585844926014230716e-01,2.241802771259101545e-01,-5.678625998648710246e-03,1.924530075263594098e-01,1.703447224378490665e-01,2.648009395535554922e-01,7.914171782159678398e-03,2.045360593292071816e-01,6.382957805039619903e-02,1.885758229080026216e-01,1.237274460982564078e-01,1.220309473245468485e-01,2.824872287182750991e-02,9.732260808817858044e-02,1.332775289345518865e-01,8.017331506493159676e-02,2.004760007775683583e-01,2.189485899823234716e-01,1.997318300509770550e-01,7.176491648912715349e-02,3.561019930702502556e-01,2.075757573717932625e-01,3.655454124582025593e-02,5.088947927050829767e-01,-1.906606872767662927e-02,8.798337706669062674e-02,1.733315802046505039e-01,1.453361788953433931e-01,3.427782148401687379e-01,-2.566563826262670961e-02,7.339318194233575288e-02
4.296778313201883859e-01,6.077355349881945895e-02,1.000000000000000000e+00,-9.019838307959926471e-02,5.188167151661879917e-01,1.707055590809539863e-02,1.062589794581648012e-01,-7.198287412865336243e-01,4.116843461142152272e-01,3.684048289749572436e-01,-1.433983594967780939e-01,9.431528913396357294e-02,7.890731629630712285e-02,4.632728508079658747e-01,1.487921294975221853e-01,4.193006600224409297e-01,-5.952662735503715108e-02,-1.440786586352205308e-02,3.427443234931112359e-01,1.423240196190805607e-01,3.796661966899517737e-01,4.319780988593703852e-01,3.869980129689646886e-01,2.833857346448256931e-01,3.339774173232472054e-01,3.868769597698896168e-01,3.088197645696302146e-02,5.090244205741764061e-01,2.363819608290541607e-01,4.675448899904583455e-01,2.952817697510634609e-02,2.995262404701144049e-02,3.636044140306939898e-01,3.187071701612798624e-01,1.526350204867277793e-01,1.558098930906810569e-03,-5.706464189047398550e-02,3.650156813293192748e-01,1.571632188074028325e-01
-4.173957086273679534e-02,-3.077079526782625259e-03,-9.019838307959926471e-02,1.000000000000000000e+00,-4.607110112788882772e-02,-1.887285620191227753e-01,1.757860194104816920e-01,8.315118049874697936e-02,1.103224897883437056e-01,-2.322919685767697862e-01,-2.147829265751601546e-01,2.483737768363354637e-01,9.382282978112457816e-03,-7.906576482067712019e-02,5.387193701220358011e-02,-1.725757651784923519e-01,-1.796400125914397183e-01,1.320910859390108383e-01,1.938101944449744859e-02,6.703350219675292820e-02,-1.108423222343644654e-01,-1.118515827579817934e-01,-1.476091057210698887e-01,-5.054599380376889606e-02,-1.196914083386310113e-01,-9.519292364325601663e-02,-6.858571931160668822e-02,-2.382807911670554168e-01,-9.600200609251957617e-02,-1.335788417032721664e-01,-2.835121898130060769e-01,8.058448912077696702e-02,-2.490502809360272685e-01,-1.671988444932522716e-02,-1.147495645991193913e-01,-6.184038814812617413e-02,-1.050880633831683397e-01,2.510152412480479503e-02,2.352295950798953539e-01
3.392168517497667346e-01,1.487425667004712015e-01,5.188167151661879917e-01,-4.607110112788882772e-02,1.000000000000000000e+00,-5.679507815794351822e-02,1.190049969366761828e-01,-5.189008097023226629e-01,4.331689976664357955e-01,2.029411119641278960e-01,-2.060519135651243672e-01,1.392025198725790336e-01,-5.403302172124272579e-02,3.994658452603871979e-01,2.698505495558678469e-01,1.557692127989760977e-01,-1.368444386512010502e-02,1.368090718312066911e-01,3.679048055111955873e-01,-2.760728246426858226e-02,1.225221768309043141e-01,1.678271905375393336e-01,2.207321217572431049e-01,1.085380722279691429e-01,2.370138532919731644e-01,4.203182614397117378e-01,-3.256786119523943923e-02,4.962444292525442502e-01,1.888340169427496773e-01,2.591474778188131989e-01,-2.562857232745967273e-02,7.925886276226266902e-02,1.389550937205918102e-01,4.477102009529024818e-01,1.234641199125143148e-02,-8.795668724534977390e-02,-6.778538558473562459e-02,4.477540573417661540e-01,2.257057554947572708e-01
2.937597339187340562e-01,1.113669566409905415e-01,1.707055590809539863e-02,-1.887285620191227753e-01,-5.679507815794351822e-02,1.000000000000000000e+00,2.245796582888634763e-01,6.331601023359809122e-02,-4.215160328923395205e-01,4.288571602888846535e-01,5.789111268298697821e-01,-4.948760340244262590e-01,4.157173297428701231e-01,8.352700866686169068e-02,-4.765853678427003914e-01,3.234010284061566431e-01,5.940533342925735649e-01,-4.190050262824867033e-01,-2.527265986450198954e-01,2.957407839108556202e-01,4.634867822604725185e-01,2.821532212687477004e-01,4.064366646494328439e-01,3.083560216035937662e-01,4.529013250050067385e-01,7.557087665372592966e-02,1.226590240218224936e-01,-3.040115137052767924e-02,3.940761302721696446e-01,3.679469706726211375e-02,1.838594936191688400e-01,3.431546187754788146e-01,3.700156671841074441e-01,-4.153872162622185282e-01,5.702529199964091466e-01,-2.237773460896489916e-02,6.038743119364463618e-01,-1.985278363592010431e-01,-4.131865976143078156e-01
3.040647615073797105e-01,8.015621898899004394e-02,1.062589794581648012e-01,1.757860194104816920e-01,1.190049969366761828e-01,2.245796582888634763e-01,1.000000000000000000e+00,-8.250430976709413611e-02,1.018706195323005638e-02,1.689140827810812207e-01,-4.987378771203859751e-02,-1.394060514550194418e-01,2.264914386699450055e-01,1.745400650614579996e-01,-1.659338556408149201e-02,1.861104926120721037e-01,1.200583507485009499e-01,-7.068098713298529012e-02,-1.003766091307667224e-01,3.162216522037781252e-01,2.606727087923050301e-01,1.484547808267940028e-01,1.763313540622870879e-01,2.577562820897691953e-01,2.431792708643790712e-01,2.570121291490693460e-01,-2.725609085332251214e-01,1.026150347248610262e-01,4.080495557770527082e-01,9.041068899938836667e-02,-3.442813449387204794e-01,1.879565790424586880e-01,6.213809151085680771e-02,-1.260967644299990364e-01,3.254706472275921136e-01,-2.655773891406192772e-02,2.119324887260836954e-01,7.784388451622792360e-02,-1.325215908158502431e-01
-3.926447867583711671e-01,-4.528852927474316670e-02,-7.198287412865336243e-01,8.315118049874697936e-02,-5.189008097023226629e-01,6.331601023359809122e-02,-8.250430976709413611e-02,1.000000000000000000e+00,-4.635655875996325115e-01,-3.199149024362148985e-01,2.056519200662766389e-01,-1.282738239861203888e-01,6.036637934297979340e-03,-4.581529950660401806e-01,-2.079719741366352626e-01,-3.835552553496028860e-01,1.250408057977605292e-01,-6.364810278113654241e-02,-3.784666395524339810e-01,-1.140637866182293431e-01,-3.124544456665593328e-01,-3.972049231193631180e-01,-3.463136191975303979e-01,-2.421425436217793103e-01,-2.821848769519887945e-01,-3.808681195985753609e-01,8.180002299107853522e-03,-5.173766567292769070e-01,-1.895928275361423720e-01,-4.672979036294118149e-01,-1.087778297674651777e-02,3.428463584985565887e-02,-3.092009743559016588e-01,-3.471965858637088842e-01,-6.699026939238297840e-02,-1.670562784433099815e-02,1.381927350190603476e-01,-3.867697283761358240e-01,-1.728776031927259926e-01
1.998091275067929717e-01,1.585844926014230716e-01,4.116843461142152272e-01,1.103224897883437056e-01,4.331689976664357955e-01,-4.215160328923395205e-01,1.018706195323005638e-02,-4.635655875996325115e-01,1.000000000000000000e+00,-4.442204325995346981e-02,-5.302657970107582663e-01,4.645539215068706373e-01,-2.662441501792814358e-01,3.824855115947204953e-01,5.226114311274211444e-01,4.530608671432936885e-02,-3.779450373705796618e-01,4.211562482611775349e-01,5.054936378459911062e-01,1.918646245983285153e-03,-9.323754471024080226e-02,8.962450173904430717e-02,4.257219114450794262e-02,-5.422334254747018800e-02,2.923111246240547162e-02,3.959729405495254206e-01,-4.598023882704040111e-02,3.663962104567572431e-01,5.917570849748637896e-02,3.071002421490665601e-01,-2.049259728623600563e-01,-7.518539450578543004e-02,-1.173953827854814086e-01,5.719554234424720773e-01,-2.516859007725046338e-01,-1.477949040486802555e-02,-3.705833991733596955e-01,5.420724179455593816e-01,4.447883268036635362e-01
5.121835513984447363e-01,2.241802771259101545e-01,3.684048289749572436e-01,-2.322919685767697862e-01,2.029411119641278960e-01,4.288571602888846535e-01,1.689140827810812207e-01,-3.199149024362148985e-01,-4.442204325995346981e-02,1.000000000000000000e+00,2.145336991655238390e-01,-2.449631355828642554e-01,4.162623304465907226e-01,2.846692393029771062e-01,-2.364382019031023574e-01,6.683352805833123744e-01,2.119139839684538729e-01,-2.039350920663534905e-01,9.855072940979052801e-03,2.557664466474622311e-01,5.279877271994053434e-01,4.976580708512580720e-01,5.987608060860398762e-01,5.218704731683403431e-01,5.717249156982837643e-01,2.492964642337957282e-01,1.187996089642602282e-01,2.941397884292811793e-01,4.029557968923448419e-01,5.116816320746920832e-01,1.264621722447179519e-01,2.703768822545101758e-01,5.208548933714653995e-01,-1.334310736419722088e-01,4.987007042966348225e-01,2.975580326150334964e-01,3.929603235508957182e-01,-4.605595990184780178e-03,-1.942735255303293940e-01
4.113021923401840446e-02,-5.678625998648710246e-03,-1.433983594967780939e-01,-2.147829265751601546e-01,-2.060519135651243672e-01,5.789111268298697821e-01,-4.987378771203859751e-02,2.056519200662766389e-01,-5.302657970107582663e-01,2.145336991655238390e-01,1.000000000000000000e+00,-5.008705478745302253e-01,2.091370301404187892e-01,-1.850127501434722654e-01,-5.784452325184080701e-01,8.047964002499916059e-02,6.003609398750989756e-01,-3.907680695544044625e-01,-2.993312403812751765e-01,1.133384294201416065e-01,3.172261687650702600e-01,1.889060164823000154e-01,1.560542064239631432e-01,1.089526129330852661e-01,1.871999504621010002e-01,-2.266245491231578812e-01,2.067542556943429699e-01,-1.716853356153002774e-01,4.293407522264362092e-02,-1.609144962579576454e-01,4.531105941962341177e-01,1.778010773907564290e-01,3.476446862415867312e-01,-4.681702628360443486e-01,2.775006465601202454e-01,-6.722555783523913309e-02,4.160289581655535196e-01,-3.863557771131319041e-01,-3.964254388468372303e-01
-6.498005810183191122e-02,1.924530075263594098e-01,9.431528913396357294e-02,2.483737768363354637e-01,1.392025198725790336e-01,-4.948760340244262590e-01,-1.394060514550194418e-01,-1.282738239861203888e-01,4.645539215068706373e-01,-2.449631355828642554e-01,-5.008705478745302253e-01,1.000000000000000000e+00,-9.155550217252646228e-02,1.024199530832136801e-01,4.389313455441741785e-01,-1.521400138079023190e-01,-4.808830323404476026e-01,4.139087340957130490e-01,4.445791802314795205e-01,-1.128331045164492341e-01,-3.660955084305821394e-01,-1.779945030740138490e-01,-1.791761507346496529e-01,-2.551526604974424517e-01,-1.870661378083292303e-01,6.621703812517050480e-02,1.957738965259721853e-01,-1.842138965247054269e-02,-1.505302501603554000e-01,4.559336438854228596e-02,-1.332805489231321527e-01,7.288069786032204400e-02,-3.730161722993795559e-01,4.420263441672586668e-01,-2.838158244177009792e-01,-1.652664226119070559e-02,-2.853829378145177897e-01,2.548028616408791192e-01,6.118806868206723149e-01
3.145746726964807061e-01,1.703447224378490665e-01,7.890731629630712285e-02,9.382282978112457816e-03,-5.403302172124272579e-02,4.157173297428701231e-01,2.264914386699450055e-01,6.036637934297979340e-03,-2.662441501792814358e-01,4.162623304465907226e-01,2.091370301404187892e-01,-9.155550217252646228e-02,1.000000000000000000e+00,8.217898955267223526e-02,-3.308016443151854946e-01,4.056905331553470884e-01,2.125779403994866312e-01,-3.449098954353336799e-01,-1.413267004656758863e-01,2.019704097222940198e-01,3.157030484319436336e-01,2.192055769921865127e-01,3.843843160401752557e-01,2.993794518346028499e-01,3.842045246000290737e-01,1.996025816998284793e-03,2.542004219366407192e-01,-1.724284419689509074e-01,3.095868033132427311e-01,1.650637935772316656e-01,-1.977144632136557112e-02,4.513759877452205860e-01,2.095005693027858218e-01,-3.066215319186247901e-01,5.506304780767299345e-01,1.343286164542652761e-01,4.816902152622627442e-01,-1.754985941816142869e-01,-5.191520041463012353e-02
3.745538553971449192e-01,2.648009395535554922e-01,4.632728508079658747e-01,-7.906576482067712019e-02,3.994658452603871979e-01,8.352700866686169068e-02,1.745400650614579996e-01,-4.581529950660401806e-01,3.824855115947204953e-01,2.846692393029771062e-01,-1.850127501434722654e-01,1.024199530832136801e-01,8.217898955267223526e-02,1.000000000000000000e+00,1.642230412722207600e-01,3.663466587051126266e-01,-5.342534847950843047e-02,1.011040384722699387e-01,3.123383771405366383e-01,8.000361458408136728e-02,1.844782663595984640e-01,2.082967360533105883e-01,3.799945309243168978e-01,2.728161287044551520e-01,3.393804024803349639e-01,4.313296996199004196e-01,6.136892657358350607e-03,4.231512529153596547e-01,3.981721818066636387e-01,4.902316983484969470e-01,-9.697514344608709758e-02,1.655972864296039737e-01,1.666484353403051011e-01,2.706938018509799093e-01,2.321882579283277293e-01,1.005533787034237625e-01,1.241074869418143656e-01,2.666375110094248990e-01,5.447294611876549869e-02
-1.335680334612682381e-02,7.914171782159678398e-03,1.487921294975221853e-01,5.387193701220358011e-02,2.698505495558678469e-01,-4.765853678427003914e-01,-1.659338556408149201e-02,-2.079719741366352626e-01,5.226114311274211444e-01,-2.364382019031023574e-01,-5.784452325184080701e-01,4.389313455441741785e-01,-3.308016443151854946e-01,1.642230412722207600e-01,1.000000000000000000e+00,-1.727534670964085139e-01,-4.363877904720355194e-01,4.021855946764626433e-01,3.725153874472020843e-01,-6.098148565282184019e-02,-3.525335831550711063e-01,-2.349755735517561339e-01,-2.088772120903523988e-01,-1.903523699716243855e-01,-1.955981730340096425e-01,3.825051826797859489e-01,-2.512608033543369812e-01,2.567916013795306096e-01,4.924835544141255295e-02,4.454503834071874696e-02,-3.959793103785602675e-01,-1.832676587481478214e-01,-3.694342686737383530e-01,5.598113104916325744e-01,-2.623915649685346629e-01,-1.331991522173794074e-01,-3.861163495647971233e-01,5.233183592542006712e-01,3.143941831143386989e-01
5.259346585754881565e-01,2.045360593292071816e-01,4.193006600224409297e-01,-1.725757651784923519e-01,1.557692127989760977e-01,3.234010284061566431e-01,1.861104926120721037e-01,-3.835552553496028860e-01,4.530608671432936885e-02,6.683352805833123744e-01,8.047964002499916059e-02,-1.521400138079023190e-01,4.056905331553470884e-01,3.663466587051126266e-01,-1.727534670964085139e-01,1.000000000000000000e+00,9.768441573194942829e-02,-1.406191738852302919e-01,4.632448503670088397e-02,3.122732540200862661e-01,5.260431886826132386e-01,5.355503502639552549e-01,5.839799926758761917e-01,4.896199064461468353e-01,4.852132815454133219e-01,2.927862042175167767e-01,1.281109967298846852e-01,2.896150380897209442e-01,4.296950953342067447e-01,6.083601952261198376e-01,6.429791747181720640e-02,2.339027022820959201e-01,5.038685255250230366e-01,-1.224504052956778416e-01,4.948133323040695419e-01,3.868557952819185464e-01,3.051095865268241836e-01,1.954481694960471388e-02,-1.686638674392225701e-01
2.028270394845312630e-01,6.382957805039619903e-02,-5.952662735503715108e-02,-1.796400125914397183e-01,-1.368444386512010502e-02,5.940533342925735649e-01,1.200583507485009499e-01,1.250408057977605292e-01,-3.779450373705796618e-01,2.119139839684538729e-01,6.003609398750989756e-01,-4.808830323404476026e-01,2.125779403994866312e-01,-5.342534847950843047e-02,-4.363877904720355194e-01,9.768441573194942829e-02,1.000000000000000000e+00,-3.478576007421018135e-01,-2.324374264647375288e-01,1.919635310053941224e-01,3.534325946326278833e-01,2.009982348909246652e-01,2.395673711907944925e-01,1.521499620664491792e-01,2.426466073774629917e-01,2.881772504000097365e-02,1.157855467557649398e-01,-5.651475459591189660e-02,2.271867685025588390e-01,-1.231052407611344102e-01,2.740969450704528465e-01,3.134202512827641840e-01,3.230065929413701853e-01,-3.390709001154192936e-01,3.347023096385911001e-01,-1.545688489209002814e-01,4.381452617254601445e-01,-1.284628465050636215e-01,-3.475477071736607915e-01
-6.913618385256631305e-02,1.885758229080026216e-01,-1.440786586352205308e-02,1.320910859390108383e-01,1.368090718312066911e-01,-4.190050262824867033e-01,-7.068098713298529012e-02,-6.364810278113654241e-02,4.211562482611775349e-01,-2.039350920663534905e-01,-3.907680695544044625e-01,4.139087340957130490e-01,-3.449098954353336799e-01,1.011040384722699387e-01,4.021855946764626433e-01,-1.406191738852302919e-01,-3.478576007421018135e-01,1.000000000000000000e+00,4.157156170778001925e-01,-2.208401038839769709e-02,-2.630593527684794708e-01,-1.165696892638296289e-01,-2.100753448251950484e-01,-1.703719655912553366e-01,-1.987611790246592292e-01,1.804560034893323561e-01,-4.511092702608370669e-02,1.611656345485209807e-01,-7.096316712483821676e-02,8.381176609146742673e-02,-1.058035797361575880e-01,-9.930336432229559807e-02,-2.368017572571917972e-01,2.904427773696091064e-01,-3.742263412643064835e-01,1.470172363965773221e-01,-3.073117892167334664e-01,1.451205946519075474e-01,2.241923219990260008e-01
1.776724763154653997e-01,1.237274460982564078e-01,3.427443234931112359e-01,1.938101944449744859e-02,3.679048055111955873e-01,-2.527265986450198954e-01,-1.003766091307667224e-01,-3.784666395524339810e-01,5.054936378459911062e-01,9.855072940979052801e-03,-2.993312403812751765e-01,4.445791802314795205e-01,-1.413267004656758863e-01,3.123383771405366383e-01,3.725153874472020843e-01,4.632448503670088397e-02,-2.324374264647375288e-01,4.157156170778001925e-01,1.000000000000000000e+00,4.032039711765275647e-02,-8.473413861013856518e-02,8.804572568648279252e-02,8.207412843224989873e-02,-8.810328909724136903e-02,4.803006134094376517e-02,2.826098783514337520e-01,1.597575948164937920e-01,2.848512995106026735e-01,-3.735469534940871056e-03,2.316541773646123847e-01,3.754464036988380826e-02,3.801143415553687177e-02,-5.420292515765596369e-02,4.288243989684928925e-01,-1.853351639010669960e-01,-3.381405384636763239e-02,-2.112190736740366115e-01,4.068922090817165826e-01,4.578163902902926408e-01
3.137934014820256690e-01,1.220309473245468485e-01,1.423240196190805607e-01,6.703350219675292820e-02,-2.760728246426858226e-02,2.957407839108556202e-01,3.162216522037781252e-01,-1.140637866182293431e-01,1.918646245983285153e-03,2.557664466474622311e-01,1.133384294201416065e-01,-1.128331045164492341e-01,2.019704097222940198e-01,8.000361458408136728e-02,-6.098148565282184019e-02,3.122732540200862661e-01,1.919635310053941224e-01,-2.208401038839769709e-02,4.032039711765275647e-02,1.000000000000000000e+00,3.949050321635713678e-01,3.898070669033560920e-01,2.172567151679730135e-01,1.737262372954022083e-01,2.178101410918699687e-01,2.327992993977526515e-01,-4.532054230903502512e-02,4.267576619135417249e-02,3.945205965133742332e-01,1.548392392427793973e-01,-1.290345622810161741e-01,2.114879918625020283e-01,1.700656218927051599e-01,-2.406240858841516561e-01,3.520025819581010240e-01,1.044607493484057820e-01,1.995614388210472379e-01,5.533841330470119779e-02,-1.522990472352972469e-01
4.257425318648194734e-01,2.824872287182750991e-02,3.796661966899517737e-01,-1.108423222343644654e-01,1.225221768309043141e-01,4.634867822604725185e-01,2.606727087923050301e-01,-3.124544456665593328e-01,-9.323754471024080226e-02,5.279877271994053434e-01,3.172261687650702600e-01,-3.660955084305821394e-01,3.157030484319436336e-01,1.844782663595984640e-01,-3.525335831550711063e-01,5.260431886826132386e-01,3.534325946326278833e-01,-2.630593527684794708e-01,-8.473413861013856518e-02,3.949050321635713678e-01,1.000000000000000000e+00,6.201627614154838763e-01,5.140164787152268211e-01,5.113486018128864385e-01,4.604283923147676760e-01,1.397165680950382127e-01,3.563203837968032667e-03,2.048809312342252942e-01,3.437150193379099883e-01,3.631366873106048887e-01,1.010477418007040412e-01,1.556182726602010069e-01,6.257742191821918931e-01,-2.644837916764745667e-01,4.141114998049088003e-01,1.730370650766992480e-01,2.782025310344856117e-01,-3.908195077876597950e-02,-2.720061178296554472e-01
4.592614196439559482e-01,9.732260808817858044e-02,4.319780988593703852e-01,-1.118515827579817934e-01,1.678271905375393336e-01,2.821532212687477004e-01,1.484547808267940028e-01,-3.972049231193631180e-01,8.962450173904430717e-02,4.976580708512580720e-01,1.889060164823000154e-01,-1.779945030740138490e-01,2.192055769921865127e-01,2.082967360533105883e-01,-2.349755735517561339e-01,5.355503502639552549e-01,2.009982348909246652e-01,-1.165696892638296289e-01,8.804572568648279252e-02,3.898070669033560920e-01,6.201627614154838763e-01,1.000000000000000000e+00,4.767252675921313521e-01,4.248622450362583014e-01,3.789294493528103103e-01,1.435009357523595319e-01,1.087973633743706536e-01,2.392261561949549920e-01,2.416680096960683310e-01,4.662430835358686299e-01,1.946041451394213417e-01,1.418789483947800745e-01,5.731727776683444020e-01,-1.278812723893712477e-01,2.860219644675776607e-01,2.552654444918222021e-01,1.555956089083727623e-01,5.110684355526906586e-02,-6.569194081025732379e-02
5.130601602260234095e-01,1.332775289345518865e-01,3.869980129689646886e-01,-1.476091057210698887e-01,2.207321217572431049e-01,4.064366646494328439e-01,1.763313540622870879e-01,-3.463136191975303979e-01,4.257219114450794262e-02,5.987608060860398762e-01,1.560542064239631432e-01,-1.791761507346496529e-01,3.843843160401752557e-01,3.799945309243168978e-01,-2.088772120903523988e-01,5.839799926758761917e-01,2.395673711907944925e-01,-2.100753448251950484e-01,8.207412843224989873e-02,2.172567151679730135e-01,5.140164787152268211e-01,4.767252675921313521e-01,1.000000000000000000e+00,5.602665578382534095e-01,6.296187056191880904e-01,2.494398337877436200e-01,1.380589035408675003e-01,2.344854894822278324e-01,3.299779797818225835e-01,4.984884058550543839e-01,5.971696882808643497e-02,2.662927395716640500e-01,4.929780400599611534e-01,-7.217026432508912015e-02,4.443823596632532902e-01,1.633184533920382375e-01,3.179945446277391286e-01,1.371190052541489124e-01,-7.462791308762911635e-02
3.851583966603342457e-01,8.017331506493159676e-02,2.833857346448256931e-01,-5.054599380376889606e-02,1.085380722279691429e-01,3.083560216035937662e-01,2.577562820897691953e-01,-2.421425436217793103e-01,-5.422334254747018800e-02,5.218704731683403431e-01,1.089526129330852661e-01,-2.551526604974424517e-01,2.993794518346028499e-01,2.728161287044551520e-01,-1.903523699716243855e-01,4.896199064461468353e-01,1.521499620664491792e-01,-1.703719655912553366e-01,-8.810328909724136903e-02,1.737262372954022083e-01,5.113486018128864385e-01,4.248622450362583014e-01,5.602665578382534095e-01,1.000000000000000000e+00,4.949797103483864480e-01,1.331257322983642744e-01,-1.583326492578076283e-01,2.132559960576433933e-01,2.916668926099402759e-01,4.460575509232825864e-01,-1.074143430819931161e-01,1.594273260289752747e-01,4.997705021250039570e-01,-1.343776641108143655e-01,3.703522567003993404e-01,2.432183943013466465e-01,2.582718723851868958e-01,-1.763430227101861480e-02,-2.274560273585557735e-01
4.748090516959737606e-01,2.004760007775683583e-01,3.339774173232472054e-01,-1.196914083386310113e-01,2.370138532919731644e-01,4.529013250050067385e-01,2.431792708643790712e-01,-2.821848769519887945e-01,2.923111246240547162e-02,5.717249156982837643e-01,1.871999504621010002e-01,-1.870661378083292303e-01,3.842045246000290737e-01,3.393804024803349639e-01,-1.955981730340096425e-01,4.852132815454133219e-01,2.426466073774629917e-01,-1.987611790246592292e-01,4.803006134094376517e-02,2.178101410918699687e-01,4.604283923147676760e-01,3.789294493528103103e-01,6.296187056191880904e-01,4.949797103483864480e-01,1.000000000000000000e+00,2.640648670953740229e-01,1.011374559058438177e-01,1.987677215975113820e-01,3.739028047609616046e-01,3.471485318624223937e-01,-7.134640765541405694e-03,3.029230145664006391e-01,3.798826394934557982e-01,-5.349958497435294835e-02,4.651196330438346349e-01,3.087538088611604600e-02,3.732679572791465783e-01,1.007019592930175483e-01,-1.014669567122006011e-01
4.788538810525077016e-01,2.189485899823234716e-01,3.868769597698896168e-01,-9.519292364325601663e-02,4.203182614397117378e-01,7.557087665372592966e-02,2.570121291490693460e-01,-3.808681195985753609e-01,3.959729405495254206e-01,2.492964642337957282e-01,-2.266245491231578812e-01,6.621703812517050480e-02,1.996025816998284793e-03,4.313296996199004196e-01,3.825051826797859489e-01,2.927862042175167767e-01,2.881772504000097365e-02,1.804560034893323561e-01,2.826098783514337520e-01,2.327992993977526515e-01,1.397165680950382127e-01,1.435009357523595319e-01,2.494398337877436200e-01,1.331257322983642744e-01,2.640648670953740229e-01,1.000000000000000000e+00,-8.567226459631915869e-02,4.955872672983819838e-01,5.071749340895854719e-01,2.954427834542633913e-01,-2.444028923113942264e-01,1.401786670900805887e-01,6.789041064689314842e-02,3.225231157496188938e-01,2.461550324733504380e-01,-5.471492664630597802e-02,8.681151582365474739e-02,5.018464692974365926e-01,7.087156916877300483e-03
9.673999125566423718e-02,1.997318300509770550e-01,3.088197645696302146e-02,-6.858571931160668822e-02,-3.256786119523943923e-02,1.226590240218224936e-01,-2.725609085332251214e-01,8.180002299107853522e-03,-4.598023882704040111e-02,1.187996089642602282e-01,2.067542556943429699e-01,1.957738965259721853e-01,2.542004219366407192e-01,6.136892657358350607e-03,-2.512608033543369812e-01,1.281109967298846852e-01,1.157855467557649398e-01,-4.511092702608370669e-02,1.597575948164937920e-01,-4.532054230903502512e-02,3.563203837968032667e-03,1.087973633743706536e-01,1.380589035408675003e-01,-1.583326492578076283e-01,1.011374559058438177e-01,-8.567226459631915869e-02,1.000000000000000000e+00,-1.372757245262675729e-01,-9.637862176756170629e-02,6.002764473337599688e-02,4.569798614294066641e-01,2.845408455061945729e-01,9.094295046807754357e-02,-3.779838087439182231e-02,1.186528514183263078e-01,4.515656012239364220e-02,2.098312877030141521e-01,-1.228881479220555045e-01,2.567548370010740988e-01
3.444936508093813798e-01,7.176491648912715349e-02,5.090244205741764061e-01,-2.382807911670554168e-01,4.962444292525442502e-01,-3.040115137052767924e-02,1.026150347248610262e-01,-5.173766567292769070e-01,3.663962104567572431e-01,2.941397884292811793e-01,-1.716853356153002774e-01,-1.842138965247054269e-02,-1.724284419689509074e-01,4.231512529153596547e-01,2.567916013795306096e-01,2.896150380897209442e-01,-5.651475459591189660e-02,1.611656345485209807e-01,2.848512995106026735e-01,4.267576619135417249e-02,2.048809312342252942e-01,2.392261561949549920e-01,2.344854894822278324e-01,2.132559960576433933e-01,1.987677215975113820e-01,4.955872672983819838e-01,-1.372757245262675729e-01,1.000000000000000000e+00,2.363768083734294201e-01,4.024846732847152109e-01,3.356419212442957045e-02,-1.158012895281526344e-01,2.880985512004053395e-01,3.704555768820667616e-01,4.649277679760480814e-02,7.263021287814590277e-02,-7.612002240814044751e-02,3.439415455713872860e-01,-1.029832977432462195e-02
4.728527086241442468e-01,3.561019930702502556e-01,2.363819608290541607e-01,-9.600200609251957617e-02,1.888340169427496773e-01,3.940761302721696446e-01,4.080495557770527082e-01,-1.895928275361423720e-01,5.917570849748637896e-02,4.029557968923448419e-01,4.293407522264362092e-02,-1.505302501603554000e-01,3.095868033132427311e-01,3.981721818066636387e-01,4.924835544141255295e-02,4.296950953342067447e-01,2.271867685025588390e-01,-7.096316712483821676e-02,-3.735469534940871056e-03,3.945205965133742332e-01,3.437150193379099883e-01,2.416680096960683310e-01,3.299779797818225835e-01,2.916668926099402759e-01,3.739028047609616046e-01,5.071749340895854719e-01,-9.637862176756170629e-02,2.363768083734294201e-01,1.000000000000000000e+00,2.965853204335759385e-01,-2.262903320367261883e-01,3.728782116048930950e-01,1.656497320884514068e-01,-3.887184954857973718e-02,5.453458788195485463e-01,9.003438123625089051e-02,4.358980230944339285e-01,1.641926330080968055e-01,-2.441368073246306392e-01
4.423388978269325311e-01,2.075757573717932625e-01,4.675448899904583455e-01,-1.335788417032721664e-01,2.591474778188131989e-01,3.679469706726211375e-02,9.041068899938836667e-02,-4.672979036294118149e-01,3.071002421490665601e-01,5.116816320746920832e-01,-1.609144962579576454e-01,4.559336438854228596e-02,1.650637935772316656e-01,4.902316983484969470e-01,4.454503834071874696e-02,6.083601952261198376e-01,-1.231052407611344102e-01,8.381176609146742673e-02,2.316541773646123847e-01,1.548392392427793973e-01,3.631366873106048887e-01,4.662430835358686299e-01,4.984884058550543839e-01,4.460575509232825864e-01,3.471485318624223937e-01,2.954427834542633913e-01,6.002764473337599688e-02,4.024846732847152109e-01,2.965853204335759385e-01,1.000000000000000000e+00,2.121670899009667904e-02,7.371077942709222675e-02,4.278331826960366513e-01,1.300788289147762622e-01,2.313181319504044320e-01,4.303511213740985886e-01,5.313515497045932789e-02,1.620961321776323016e-01,2.763974989347409150e-02
-1.616975896584324154e-02,3.655454124582025593e-02,2.952817697510634609e-02,-2.835121898130060769e-01,-2.562857232745967273e-02,1.838594936191688400e-01,-3.442813449387204794e-01,-1.087778297674651777e-02,-2.049259728623600563e-01,1.264621722447179519e-01,4.531105941962341177e-01,-1.332805489231321527e-01,-1.977144632136557112e-02,-9.697514344608709758e-02,-3.959793103785602675e-01,6.429791747181720640e-02,2.740969450704528465e-01,-1.058035797361575880e-01,3.754464036988380826e-02,-1.290345622810161741e-01,1.010477418007040412e-01,1.946041451394213417e-01,5.971696882808643497e-02,-1.074143430819931161e-01,-7.134640765541405694e-03,-2.444028923113942264e-01,4.569798614294066641e-01,3.356419212442957045e-02,-2.262903320367261883e-01,2.121670899009667904e-02,1.000000000000000000e+00,3.572992579855894385e-02,3.121404234788466292e-01,-1.252268546285839612e-01,-4.411379552287937600e-02,7.269571448716471984e-02,1.186946443107915750e-01,-2.749177246916645889e-01,-3.189841508278041388e-02
3.386807523946361864e-01,5.088947927050829767e-01,2.995262404701144049e-02,8.058448912077696702e-02,7.925886276226266902e-02,3.431546187754788146e-01,1.879565790424586880e-01,3.428463584985565887e-02,-7.518539450578543004e-02,2.703768822545101758e-01,1.778010773907564290e-01,7.288069786032204400e-02,4.513759877452205860e-01,1.655972864296039737e-01,-1.832676587481478214e-01,2.339027022820959201e-01,3.134202512827641840e-01,-9.930336432229559807e-02,3.801143415553687177e-02,2.114879918625020283e-01,1.556182726602010069e-01,1.418789483947800745e-01,2.662927395716640500e-01,1.594273260289752747e-01,3.029230145664006391e-01,1.401786670900805887e-01,2.845408455061945729e-01,-1.158012895281526344e-01,3.728782116048930950e-01,7.371077942709222675e-02,3.572992579855894385e-02,1.000000000000000000e+00,3.876908878970215799e-02,-1.172909635918963911e-01,3.902950624728587226e-01,1.008468572603364588e-02,5.140236192624398903e-01,-3.678063509053815933e-02,7.122581117978958598e-02
3.831682716714255310e-01,-1.906606872767662927e-02,3.636044140306939898e-01,-2.490502809360272685e-01,1.389550937205918102e-01,3.700156671841074441e-01,6.213809151085680771e-02,-3.092009743559016588e-01,-1.173953827854814086e-01,5.208548933714653995e-01,3.476446862415867312e-01,-3.730161722993795559e-01,2.095005693027858218e-01,1.666484353403051011e-01,-3.694342686737383530e-01,5.038685255250230366e-01,3.230065929413701853e-01,-2.368017572571917972e-01,-5.420292515765596369e-02,1.700656218927051599e-01,6.257742191821918931e-01,5.731727776683444020e-01,4.929780400599611534e-01,4.997705021250039570e-01,3.798826394934557982e-01,6.789041064689314842e-02,9.094295046807754357e-02,2.880985512004053395e-01,1.656497320884514068e-01,4.278331826960366513e-01,3.121404234788466292e-01,3.876908878970215799e-02,1.000000000000000000e+00,-1.795088355164057570e-01,2.979669370071938439e-01,2.375066335500221615e-01,2.016055847891145558e-01,-9.071342658948239324e-02,-2.660786771409417439e-01
7.507732581481574297e-02,8.798337706669062674e-02,3.187071701612798624e-01,-1.671988444932522716e-02,4.477102009529024818e-01,-4.153872162622185282e-01,-1.260967644299990364e-01,-3.471965858637088842e-01,5.719554234424720773e-01,-1.334310736419722088e-01,-4.681702628360443486e-01,4.420263441672586668e-01,-3.066215319186247901e-01,2.706938018509799093e-01,5.598113104916325744e-01,-1.224504052956778416e-01,-3.390709001154192936e-01,2.904427773696091064e-01,4.288243989684928925e-01,-2.406240858841516561e-01,-2.644837916764745667e-01,-1.278812723893712477e-01,-7.217026432508912015e-02,-1.343776641108143655e-01,-5.349958497435294835e-02,3.225231157496188938e-01,-3.779838087439182231e-02,3.704555768820667616e-01,-3.887184954857973718e-02,1.300788289147762622e-01,-1.252268546285839612e-01,-1.172909635918963911e-01,-1.795088355164057570e-01,1.000000000000000000e+00,-2.595451752121865630e-01,-1.924414370861299572e-01,-3.045192924687179503e-01,5.179090837038117234e-01,4.503767187945820205e-01
4.094407826170834430e-01,1.733315802046505039e-01,1.526350204867277793e-01,-1.147495645991193913e-01,1.234641199125143148e-02,5.702529199964091466e-01,3.254706472275921136e-01,-6.699026939238297840e-02,-2.516859007725046338e-01,4.987007042966348225e-01,2.775006465601202454e-01,-2.838158244177009792e-01,5.506304780767299345e-01,2.321882579283277293e-01,-2.623915649685346629e-01,4.948133323040695419e-01,3.347023096385911001e-01,-3.742263412643064835e-01,-1.853351639010669960e-01,3.520025819581010240e-01,4.141114998049088003e-01,2.860219644675776607e-01,4.443823596632532902e-01,3.703522567003993404e-01,4.651196330438346349e-01,2.461550324733504380e-01,1.186528514183263078e-01,4.649277679760480814e-02,5.453458788195485463e-01,2.313181319504044320e-01,-4.411379552287937600e-02,3.902950624728587226e-01,2.979669370071938439e-01,-2.595451752121865630e-01,1.000000000000000000e+00,7.866199321978391279e-02,5.958596442203670795e-01,-7.349054729658094365e-02,-2.924644254697980617e-01
7.353037303559953330e-02,1.453361788953433931e-01,1.558098930906810569e-03,-6.184038814812617413e-02,-8.795668724534977390e-02,-2.237773460896489916e-02,-2.655773891406192772e-02,-1.670562784433099815e-02,-1.477949040486802555e-02,2.975580326150334964e-01,-6.722555783523913309e-02,-1.652664226119070559e-02,1.343286164542652761e-01,1.005533787034237625e-01,-1.331991522173794074e-01,3.868557952819185464e-01,-1.545688489209002814e-01,1.470172363965773221e-01,-3.381405384636763239e-02,1.044607493484057820e-01,1.730370650766992480e-01,2.552654444918222021e-01,1.633184533920382375e-01,2.432183943013466465e-01,3.087538088611604600e-02,-5.471492664630597802e-02,4.515656012239364220e-02,7.263021287814590277e-02,9.003438123625089051e-02,4.303511213740985886e-01,7.269571448716471984e-02,1.008468572603364588e-02,2.375066335500221615e-01,-1.924414370861299572e-01,7.866199321978391279e-02,1.000000000000000000e+00,4.923668146433818338e-02,-2.225776806454574375e-01,-1.302070163328876429e-01
3.050961073227484999e-01,3.427782148401687379e-01,-5.706464189047398550e-02,-1.050880633831683397e-01,-6.778538558473562459e-02,6.038743119364463618e-01,2.119324887260836954e-01,1.381927350190603476e-01,-3.705833991733596955e-01,3.929603235508957182e-01,4.160289581655535196e-01,-2.853829378145177897e-01,4.816902152622627442e-01,1.241074869418143656e-01,-3.861163495647971233e-01,3.051095865268241836e-01,4.381452617254601445e-01,-3.073117892167334664e-01,-2.112190736740366115e-01,1.995614388210472379e-01,2.782025310344856117e-01,1.555956089083727623e-01,3.179945446277391286e-01,2.582718723851868958e-01,3.732679572791465783e-01,8.681151582365474739e-02,2.098312877030141521e-01,-7.612002240814044751e-02,4.358980230944339285e-01,5.313515497045932789e-02,1.186946443107915750e-01,5.140236192624398903e-01,2.016055847891145558e-01,-3.045192924687179503e-01,5.958596442203670795e-01,4.923668146433818338e-02,1.000000000000000000e+00,-2.279115148659173751e-01,-2.741648896416317149e-01
2.797435520170094558e-01,-2.566563826262670961e-02,3.650156813293192748e-01,2.510152412480479503e-02,4.477540573417661540e-01,-1.985278363592010431e-01,7.784388451622792360e-02,-3.867697283761358240e-01,5.420724179455593816e-01,-4.605595990184780178e-03,-3.863557771131319041e-01,2.548028616408791192e-01,-1.754985941816142869e-01,2.666375110094248990e-01,5.233183592542006712e-01,1.954481694960471388e-02,-1.284628465050636215e-01,1.451205946519075474e-01,4.068922090817165826e-01,5.533841330470119779e-02,-3.908195077876597950e-02,5.110684355526906586e-02,1.371190052541489124e-01,-1.763430227101861480e-02,1.007019592930175483e-01,5.018464692974365926e-01,-1.228881479220555045e-01,3.439415455713872860e-01,1.641926330080968055e-01,1.620961321776323016e-01,-2.749177246916645889e-01,-3.678063509053815933e-02,-9.071342658948239324e-02,5.179090837038117234e-01,-7.349054729658094365e-02,-2.225776806454574375e-01,-2.279115148659173751e-01,1.000000000000000000e+00,3.611353210040923467e-01
8.545047792268545966e-03,7.339318194233575288e-02,1.571632188074028325e-01,2.352295950798953539e-01,2.257057554947572708e-01,-4.131865976143078156e-01,-1.325215908158502431e-01,-1.728776031927259926e-01,4.447883268036635362e-01,-1.942735255303293940e-01,-3.964254388468372303e-01,6.118806868206723149e-01,-5.191520041463012353e-02,5.447294611876549869e-02,3.143941831143386989e-01,-1.686638674392225701e-01,-3.475477071736607915e-01,2.241923219990260008e-01,4.578163902902926408e-01,-1.522990472352972469e-01,-2.720061178296554472e-01,-6.569194081025732379e-02,-7.462791308762911635e-02,-2.274560273585557735e-01,-1.014669567122006011e-01,7.087156916877300483e-03,2.567548370010740988e-01,-1.029832977432462195e-02,-2.441368073246306392e-01,2.763974989347409150e-02,-3.189841508278041388e-02,7.122581117978958598e-02,-2.660786771409417439e-01,4.503767187945820205e-01,-2.924644254697980617e-01,-1.302070163328876429e-01,-2.741648896416317149e-01,3.611353210040923467e-01,1.000000000000000000e+00
