1.000000000000000000e+00,6.703367842611231975e-01,5.411967895141018836e-01,-1.528466459575754943e-01,5.505096574223574679e-01,1.409602446294748457e-01,7.268089130189886449e-02,-5.238545685858447820e-01,6.941922411633492107e-01,4.333313258206956675e-01,2.803713836769989864e-01,3.139324557105355185e-01,-5.353816676944246344e-01,5.059103238393262147e-01,5.533004415099787021e-01,5.575123942629748308e-01,3.151374303400750199e-01,4.586047361534914546e-01,2.826434099482587614e-01,-1.233326002535147792e-01,2.168483547133051026e-01,4.557547103898708374e-02,5.560059482645969275e-01,5.946282249719441193e-01,6.861840527521182453e-01,7.064130565729519473e-01,3.051493365017256543e-01,3.069301613894040437e-01,5.695153702137411011e-01,6.265485081615688179e-01,3.805988781400674870e-01,2.907269591919279805e-01,1.353694981780403650e-01,6.078182298742832446e-01,2.594247719645893513e-01,6.484040501467882578e-01,-5.819371379196062316e-02,7.285250991996199410e-01,4.824494754373068184e-01
6.703367842611231975e-01,1.000000000000000000e+00,7.776598857611897175e-01,2.210928344819446667e-01,7.292934286880732309e-01,2.837090439559185051e-01,3.524917477339749583e-01,-7.632023218194068370e-01,8.834911829891189949e-01,7.542259423042526612e-01,5.640102606000658714e-01,7.665445620005072458e-01,-3.197703768210670705e-01,7.757455590747881491e-01,4.579140354342663977e-01,7.868415334711543752e-01,5.427335287187816659e-01,6.329102881963298843e-01,5.606025302868803406e-01,-4.703429077230073668e-02,4.599491869654233067e-01,4.569748809457993555e-01,8.470072037067729598e-01,7.420965507774930359e-01,8.215587996975329821e-01,7.549759979501993179e-01,7.853266172309801840e-01,3.890362111659255717e-01,6.170301812464851210e-01,7.349798557242251951e-01,7.504808780018246139e-01,7.283791289559121696e-01,5.426179512311388731e-01,7.747745415729382357e-01,5.839520782486022910e-01,8.149388488846354139e-01,2.994160709701949030e-01,7.285618872417979341e-01,8.769414070911037973e-01
5.411967895141018836e-01,7.776598857611897175e-01,1.000000000000000000e+00,2.783923015585310634e-01,8.096702476634596302e-01,3.099394701430013277e-01,4.792100367441339825e-01,-8.878515809917062462e-01,7.786962229815140857e-01,8.014288512444649459e-01,4.183586213667922493e-01,7.387131664596952030e-01,-3.692522983836550310e-01,8.346167547821221611e-01,5.366126153124433085e-01,7.957358931887921205e-01,4.668421000230604245e-01,7.391442946923564294e-01,7.611795972485180251e-01,-1.340290498941402175e-01,4.469193092101086950e-01,5.142006526085808327e-01,7.974290202889676715e-01,7.210956544275094471e-01,7.638290837440727676e-01,8.193288091217947322e-01,7.593467430371325655e-01,4.975336335382131714e-01,6.178452288259106417e-01,7.598931459519716602e-01,8.467206646341903786e-01,6.601806431652263996e-01,5.631170918597403485e-01,8.137700197986449391e-01,5.912313982971101334e-01,7.739091259799540934e-01,2.461499573412415931e-01,6.590928445705074301e-01,7.147460290867594379e-01
-1.528466459575754943e-01,2.210928344819446667e-01,2.783923015585310634e-01,1.000000000000000000e+00,2.483436629565342613e-01,3.222971632668518716e-01,5.426521723748790604e-01,-4.183648696546784507e-01,1.853974941996031633e-01,2.031658719793655032e-01,6.279798520919117888e-02,4.192006844148173372e-01,1.944485253866704844e-01,2.548234372366643963e-01,-2.772423091833250974e-01,1.561501758238329485e-01,9.926837103526212069e-02,3.545035711978199999e-01,4.772874533867814129e-01,1.800628755255237121e-02,3.256801143571090296e-01,4.736347823877403718e-01,1.839308113129973499e-01,2.169869827717572641e-01,1.284985305503602293e-01,1.299612133790634116e-01,4.881079688817622220e-01,6.187629944734068105e-02,1.451100931941783079e-01,8.210868643034900660e-02,3.408227883919103252e-01,4.963145646141566836e-01,4.385379089620684012e-01,1.828187424173217390e-01,3.394314196497960068e-01,1.406843081426523423e-01,5.499383910561100874e-01,-1.686405398527867638e-01,2.143402706030305971e-01
5.505096574223574679e-01,7.292934286880732309e-01,8.096702476634596302e-01,2.483436629565342613e-01,1.000000000000000000e+00,3.403088765597597765e-01,3.086926600185392888e-01,-7.974269161820722873e-01,7.566543365238588281e-01,7.202070632516361925e-01,3.509184456278023889e-01,6.609972603712829242e-01,-4.533286605986229234e-01,7.652658263690038654e-01,3.585433236629331222e-01,7.267160068346534274e-01,3.624220949293312510e-01,6.779520280768162044e-01,7.888003237069707296e-01,-2.371548056636963442e-01,2.058105042841810728e-01,2.575041493199770049e-01,7.884985666640468294e-01,7.275222501937443909e-01,7.851271593496876866e-01,7.157699958142197394e-01,6.648449802320630653e-01,3.358324313933992999e-01,5.583786362007363557e-01,6.905598433919573065e-01,7.592046551202482618e-01,6.341434676932384829e-01,3.394619049738916150e-01,9.001401867609597485e-01,4.994604474201298494e-01,7.974749202536057791e-01,2.474083489095587618e-01,6.795437208559316211e-01,6.292979597462267094e-01
1.409602446294748457e-01,2.837090439559185051e-01,3.099394701430013277e-01,3.222971632668518716e-01,3.403088765597597765e-01,1.000000000000000000e+00,3.600616507703146563e-01,-4.697154579137050034e-01,3.175369029286381206e-01,2.884329907847337782e-01,-1.405844865652259301e-01,3.006016316203893868e-01,-2.183156093079161378e-02,3.474859600842905571e-01,6.660426525115642482e-02,2.505413059304256174e-01,1.293050319544975131e-02,4.131377057203633463e-01,4.439048018396498652e-01,-1.261720096758591481e-01,3.132548046328369473e-01,2.163012383128757321e-01,3.012291061889496580e-01,3.702863282255742794e-01,4.121341754565394089e-01,3.905377689182009671e-01,3.915161243383338818e-01,2.415189965572958897e-01,5.484508635783612585e-01,3.460929866018727652e-01,3.914790996266863110e-01,5.767399449388722621e-01,3.839397630477046630e-01,3.150146863211488735e-01,5.360278056083779274e-01,2.625122508200594118e-01,6.696030979950143847e-01,9.398132817009870188e-02,2.382373874097001576e-01
7.268089130189886449e-02,3.524917477339749583e-01,4.792100367441339825e-01,5.426521723748790604e-01,3.086926600185392888e-01,3.600616507703146563e-01,1.000000000000000000e+00,-5.560764869290597545e-01,3.656600000317912769e-01,5.056014367999029924e-01,1.411779342440697138e-01,4.643928001191612309e-01,1.625507420160991479e-01,4.972619009864481243e-01,2.861487523343850259e-01,4.841165921281260776e-01,2.387977941565190831e-01,5.901667558071621578e-01,5.973847364581265085e-01,8.195918914011079970e-02,5.253472619017284240e-01,6.952295556152059408e-01,3.302095536643048779e-01,3.793641881901827495e-01,2.722137313594758523e-01,4.802843049336187331e-01,4.420071749107212233e-01,5.271586008650958055e-01,5.315841322696869264e-01,4.939295565240132135e-01,5.542738803978234374e-01,4.617448585029499397e-01,6.493832289438210559e-01,3.151515154605382674e-01,6.527790417316912119e-01,2.824655778041968990e-01,3.529511511380488131e-01,1.344170604907244104e-01,3.650833847481821381e-01
-5.238545685858447820e-01,-7.632023218194068370e-01,-8.878515809917062462e-01,-4.183648696546784507e-01,-7.974269161820722873e-01,-4.697154579137050034e-01,-5.560764869290597545e-01,1.000000000000000000e+00,-7.743620028842157499e-01,-7.540198968046718520e-01,-2.958810385912960528e-01,-7.266531499316963849e-01,3.144652633947297438e-01,-8.180827711023735960e-01,-4.409365637357254841e-01,-7.682905029409695663e-01,-3.751030358428904532e-01,-7.562595275910634074e-01,-7.672002435477315307e-01,1.482664043183566094e-01,-3.925620768396005933e-01,-5.239848142141692033e-01,-7.633743756395413582e-01,-7.691445685308436753e-01,-7.876568641784815750e-01,-7.910250573087620474e-01,-7.695177351784133757e-01,-4.381855812894447921e-01,-6.567410410667261500e-01,-7.551409525210412976e-01,-8.044230777843740521e-01,-7.359568637859210671e-01,-5.778957017371674221e-01,-7.950083201020536894e-01,-6.209272227065048000e-01,-7.498750201806168025e-01,-4.253969256185137771e-01,-5.920748130894285532e-01,-6.744085632899771143e-01
6.941922411633492107e-01,8.834911829891189949e-01,7.786962229815140857e-01,1.853974941996031633e-01,7.566543365238588281e-01,3.175369029286381206e-01,3.656600000317912769e-01,-7.743620028842157499e-01,1.000000000000000000e+00,7.439780883809590240e-01,5.033598655608292338e-01,7.551473279715389397e-01,-3.305545743037920925e-01,8.002821563181070630e-01,5.319314795255727368e-01,7.707367913029060658e-01,5.185782223579392669e-01,6.917641113328668601e-01,6.183030113889257384e-01,-1.806715832245932019e-01,3.745436808139265827e-01,4.250934615712980702e-01,8.711778188462532269e-01,7.863573324686884414e-01,8.063778637315279774e-01,8.031729216751699596e-01,7.477072832919822165e-01,4.247035762199954934e-01,6.735772007571152464e-01,7.768933953358322375e-01,7.957522313627529709e-01,7.439984172409314089e-01,4.825107879183893611e-01,8.375262367795873741e-01,6.145581137536550997e-01,8.383141320243460148e-01,2.748186312854339342e-01,7.293824457950808249e-01,8.358246280132448636e-01
4.333313258206956675e-01,7.542259423042526612e-01,8.014288512444649459e-01,2.031658719793655032e-01,7.202070632516361925e-01,2.884329907847337782e-01,5.056014367999029924e-01,-7.540198968046718520e-01,7.439780883809590240e-01,1.000000000000000000e+00,4.717573647208454513e-01,7.811377894561801760e-01,-1.055514598633147116e-01,8.659577742699672287e-01,6.212533112787060885e-01,9.187307113395108971e-01,5.585759000117915818e-01,7.627217156273220500e-01,7.045036278188669954e-01,9.631478575647429638e-03,5.157466966250943141e-01,6.347892877186462890e-01,7.897985009919553656e-01,7.390598813715526516e-01,7.381236098883865449e-01,7.280469759069859714e-01,6.891118379674165961e-01,6.126372256486125600e-01,7.270088349303123199e-01,8.357756700387659610e-01,8.158588497080299096e-01,6.668741058100168262e-01,6.965964833779350052e-01,7.359306168058739051e-01,7.552104682303446559e-01,7.106668466041996535e-01,2.983726507635017788e-01,6.476288732897046430e-01,8.042476889596830159e-01
2.803713836769989864e-01,5.640102606000658714e-01,4.183586213667922493e-01,6.279798520919117888e-02,3.509184456278023889e-01,-1.405844865652259301e-01,1.411779342440697138e-01,-2.958810385912960528e-01,5.033598655608292338e-01,4.717573647208454513e-01,1.000000000000000000e+00,5.114765369235191317e-01,4.168124302179217200e-02,4.497285634595184489e-01,3.145964405462515212e-01,4.667572438018889325e-01,8.237079801381649302e-01,3.114571566497044697e-01,2.928601958431417129e-01,1.035078096454417618e-01,3.232147199300960949e-01,4.360607937244121435e-01,5.603710700281123724e-01,3.044464619964497576e-01,2.968088134472054440e-01,3.347424588093565467e-01,4.623861140372255707e-01,3.871933040162418016e-01,2.201584434895601516e-01,3.689651614215176956e-01,4.825704048510840449e-01,3.664872004182972431e-01,4.673743530278675062e-01,3.688180359594447899e-01,3.113404447936545250e-01,3.584608170883891165e-01,-1.037128913460907548e-01,5.661146807247805501e-01,6.623888465545852977e-01
3.139324557105355185e-01,7.665445620005072458e-01,7.387131664596952030e-01,4.192006844148173372e-01,6.609972603712829242e-01,3.006016316203893868e-01,4.643928001191612309e-01,-7.266531499316963849e-01,7.551473279715389397e-01,7.811377894561801760e-01,5.114765369235191317e-01,1.000000000000000000e+00,-6.153328375605564282e-02,7.655622650781434002e-01,4.123222122870037198e-01,7.526372292032548206e-01,4.841618684999041133e-01,7.437330206665764276e-01,6.960496477186984832e-01,-2.413044154254233645e-02,4.843770635954054993e-01,6.862167372352631078e-01,7.816488800646905766e-01,6.902734532571136450e-01,6.483837777765534272e-01,5.959350841469730486e-01,8.317910824326629760e-01,3.892341093040187494e-01,5.483259234135801075e-01,6.776829073108131540e-01,8.098110221080266902e-01,7.736142590767934868e-01,6.738908854881745514e-01,7.285997327722899541e-01,6.803981298146815071e-01,6.628810599614315402e-01,4.121630804924065195e-01,4.809305023487839281e-01,8.453383472291499112e-01
-5.353816676944246344e-01,-3.197703768210670705e-01,-3.692522983836550310e-01,1.944485253866704844e-01,-4.533286605986229234e-01,-2.183156093079161378e-02,1.625507420160991479e-01,3.144652633947297438e-01,-3.305545743037920925e-01,-1.055514598633147116e-01,4.168124302179217200e-02,-6.153328375605564282e-02,1.000000000000000000e+00,-1.882625619703331699e-01,-1.066105475116868456e-01,-2.139433984503776032e-01,1.905955345148011570e-01,-7.380043382364850912e-02,-1.361152262140909175e-01,3.277181923387408879e-01,1.798843095542682624e-01,3.918438388748775036e-01,-3.158951709290110377e-01,-3.882281692795211403e-01,-4.368591568233215483e-01,-4.111683115246941300e-01,-1.394567237326485853e-01,2.143347465981336464e-01,-9.997297369093532948e-02,-2.545793436390301756e-01,-2.449514057209081774e-01,-6.025179093453077173e-02,3.212440599707068190e-01,-4.256686120378788130e-01,1.057089223580828241e-01,-4.776535217681361356e-01,1.692677351700536958e-01,-4.106143178139393113e-01,-9.934748340144917977e-02
5.059103238393262147e-01,7.757455590747881491e-01,8.346167547821221611e-01,2.548234372366643963e-01,7.652658263690038654e-01,3.474859600842905571e-01,4.972619009864481243e-01,-8.180827711023735960e-01,8.002821563181070630e-01,8.659577742699672287e-01,4.497285634595184489e-01,7.655622650781434002e-01,-1.882625619703331699e-01,1.000000000000000000e+00,5.823400105732368104e-01,8.636659633911185630e-01,5.349255155710378462e-01,7.815148238481515186e-01,7.474559814502201860e-01,-5.869852145333805116e-02,4.526051850361432205e-01,5.974722169247234094e-01,7.919303259980478016e-01,7.979970175885219286e-01,7.646554086694442587e-01,7.817976838091283964e-01,7.069146892738723542e-01,6.033290710761894937e-01,7.642126647486811031e-01,8.408735703906730086e-01,8.481082750385193769e-01,7.114224390105683415e-01,6.685508492137661740e-01,7.929236061512556777e-01,7.341360239856689063e-01,7.224424589485493042e-01,3.195568896600340381e-01,6.773908964346013750e-01,7.777565258713696750e-01
5.533004415099787021e-01,4.579140354342663977e-01,5.366126153124433085e-01,-2.772423091833250974e-01,3.585433236629331222e-01,6.660426525115642482e-02,2.861487523343850259e-01,-4.409365637357254841e-01,5.319314795255727368e-01,6.212533112787060885e-01,3.145964405462515212e-01,4.123222122870037198e-01,-1.066105475116868456e-01,5.823400105732368104e-01,1.000000000000000000e+00,6.576823305965819877e-01,4.189038733338187326e-01,6.190711880072614637e-01,3.518248017970572183e-01,8.447084413297037409e-02,4.521806487791908968e-01,4.386533085966529133e-01,4.858629427461770844e-01,4.752273652150995620e-01,4.625585899642236098e-01,6.587433634308662578e-01,2.494056061476344621e-01,6.256426003190017626e-01,6.343311414372947432e-01,7.407750442420018011e-01,4.831750166860888096e-01,2.273094063048091973e-01,4.698355721745650637e-01,4.656480250607587523e-01,5.253068431732579313e-01,4.271008625089978139e-01,-9.245904618190235735e-02,6.048264412534349876e-01,5.082489055919873211e-01
5.575123942629748308e-01,7.868415334711543752e-01,7.957358931887921205e-01,1.561501758238329485e-01,7.267160068346534274e-01,2.505413059304256174e-01,4.841165921281260776e-01,-7.682905029409695663e-01,7.707367913029060658e-01,9.187307113395108971e-01,4.667572438018889325e-01,7.526372292032548206e-01,-2.139433984503776032e-01,8.636659633911185630e-01,6.576823305965819877e-01,1.000000000000000000e+00,5.142320698649874844e-01,7.310496335582001848e-01,6.348253427690441208e-01,4.025993805054095542e-02,5.108704014057405818e-01,5.947474949146641654e-01,7.664171793492828844e-01,7.595955203408233380e-01,7.877291313304457532e-01,7.916463809489644454e-01,6.837202871302270335e-01,5.785098743091193763e-01,7.281429704270631076e-01,8.726174499786987226e-01,7.655023388630878278e-01,5.958085282083430689e-01,6.566127625178250771e-01,7.378211623796333551e-01,6.793627733798621726e-01,7.453510685269804092e-01,2.275051255736078026e-01,7.254801100278902570e-01,8.018939091251622298e-01
3.151374303400750199e-01,5.427335287187816659e-01,4.668421000230604245e-01,9.926837103526212069e-02,3.624220949293312510e-01,1.293050319544975131e-02,2.387977941565190831e-01,-3.751030358428904532e-01,5.185782223579392669e-01,5.585759000117915818e-01,8.237079801381649302e-01,4.841618684999041133e-01,1.905955345148011570e-01,5.349255155710378462e-01,4.189038733338187326e-01,5.142320698649874844e-01,1.000000000000000000e+00,4.309203881090941657e-01,3.656519334416055700e-01,1.649792128913266931e-01,4.063600608173590922e-01,5.508080537159765200e-01,5.544174619707039620e-01,3.388587443754958461e-01,3.421387247246596153e-01,3.867512252073953549e-01,4.467104871727365367e-01,6.064065819494386389e-01,3.843455190292239809e-01,4.581275841295769369e-01,5.115680501305954753e-01,4.668853336631814677e-01,6.008188014999492621e-01,3.677221152508693414e-01,4.367311145705632947e-01,3.304938517350426985e-01,9.015809973319857673e-02,5.924555504808853845e-01,6.558159002205387056e-01
4.586047361534914546e-01,6.329102881963298843e-01,7.391442946923564294e-01,3.545035711978199999e-01,6.779520280768162044e-01,4.131377057203633463e-01,5.901667558071621578e-01,-7.562595275910634074e-01,6.917641113328668601e-01,7.627217156273220500e-01,3.114571566497044697e-01,7.437330206665764276e-01,-7.380043382364850912e-02,7.815148238481515186e-01,6.190711880072614637e-01,7.310496335582001848e-01,4.309203881090941657e-01,1.000000000000000000e+00,8.338899640856893836e-01,-9.992848542090050634e-02,4.833754781491970132e-01,6.218452502380000801e-01,7.020653994046670565e-01,7.282646491098783148e-01,6.185105712791165722e-01,7.291275803675314471e-01,5.732588495048739352e-01,6.055097670361903051e-01,7.716656972745187248e-01,7.897435388234025355e-01,7.690970478299227198e-01,6.628924533220331705e-01,6.405304581445622203e-01,7.386116624845537881e-01,7.760194462993751374e-01,6.024285935401545444e-01,3.318960079422081932e-01,4.955333865308412800e-01,6.408716341747211498e-01
2.826434099482587614e-01,5.606025302868803406e-01,7.611795972485180251e-01,4.772874533867814129e-01,7.888003237069707296e-01,4.439048018396498652e-01,5.973847364581265085e-01,-7.672002435477315307e-01,6.183030113889257384e-01,7.045036278188669954e-01,2.928601958431417129e-01,6.960496477186984832e-01,-1.361152262140909175e-01,7.474559814502201860e-01,3.518248017970572183e-01,6.348253427690441208e-01,3.656519334416055700e-01,8.338899640856893836e-01,1.000000000000000000e+00,-2.215606893688145396e-01,3.635113361063156967e-01,5.136175031769134591e-01,6.798776020633564565e-01,6.391328619467880889e-01,5.632119563482368418e-01,6.363298239932448919e-01,6.132537589417684787e-01,4.942656825524838204e-01,6.195260705609797469e-01,6.596318258361392184e-01,8.029466598949615008e-01,6.688325732838771298e-01,5.329351321285225040e-01,7.665026593985334591e-01,6.984315896981155847e-01,5.906343729822787214e-01,3.467462287304272084e-01,4.240577990957490884e-01,5.273655775901197051e-01
-1.233326002535147792e-01,-4.703429077230073668e-02,-1.340290498941402175e-01,1.800628755255237121e-02,-2.371548056636963442e-01,-1.261720096758591481e-01,8.195918914011079970e-02,1.482664043183566094e-01,-1.806715832245932019e-01,9.631478575647429638e-03,1.035078096454417618e-01,-2.413044154254233645e-02,3.277181923387408879e-01,-5.869852145333805116e-02,8.447084413297037409e-02,4.025993805054095542e-02,1.649792128913266931e-01,-9.992848542090050634e-02,-2.215606893688145396e-01,1.000000000000000000e+00,2.537739538120826754e-01,2.618566304952991697e-01,-2.271837672304591049e-01,-2.537293939580373414e-01,-1.632365550705797419e-01,-1.294583163399659897e-01,-1.991041394224461400e-02,1.129672357813251427e-01,-9.304495129311175783e-02,-9.123931693264181186e-02,-1.402447254621068673e-01,-1.787215321138646562e-01,2.611235317520676502e-01,-2.843878614083461542e-01,-4.802127580263508902e-03,-2.375548205211953368e-01,-5.336251063274061873e-02,-1.860987055811304247e-02,7.622610622362116506e-02
2.168483547133051026e-01,4.599491869654233067e-01,4.469193092101086950e-01,3.256801143571090296e-01,2.058105042841810728e-01,3.132548046328369473e-01,5.253472619017284240e-01,-3.925620768396005933e-01,3.745436808139265827e-01,5.157466966250943141e-01,3.232147199300960949e-01,4.843770635954054993e-01,1.798843095542682624e-01,4.526051850361432205e-01,4.521806487791908968e-01,5.108704014057405818e-01,4.063600608173590922e-01,4.833754781491970132e-01,3.635113361063156967e-01,2.537739538120826754e-01,1.000000000000000000e+00,6.671939882143317346e-01,3.342426326371335521e-01,2.603492498756607154e-01,3.536853063158594823e-01,4.908198582868231186e-01,4.772285453654780962e-01,5.548609245095943443e-01,5.288876986037756023e-01,4.945424264635796541e-01,4.321589618182228865e-01,3.956421253833579676e-01,7.522300815195542834e-01,2.058054658892645994e-01,5.903719080256327745e-01,2.929495972194289255e-01,3.490664294294847925e-01,2.681304657422752813e-01,5.153000372332635637e-01
4.557547103898708374e-02,4.569748809457993555e-01,5.142006526085808327e-01,4.736347823877403718e-01,2.575041493199770049e-01,2.163012383128757321e-01,6.952295556152059408e-01,-5.239848142141692033e-01,4.250934615712980702e-01,6.347892877186462890e-01,4.360607937244121435e-01,6.862167372352631078e-01,3.918438388748775036e-01,5.974722169247234094e-01,4.386533085966529133e-01,5.947474949146641654e-01,5.508080537159765200e-01,6.218452502380000801e-01,5.136175031769134591e-01,2.618566304952991697e-01,6.671939882143317346e-01,1.000000000000000000e+00,4.153014783623737438e-01,3.761050122028646858e-01,3.029019108337963617e-01,4.304147326889847802e-01,6.022086058266316044e-01,6.443855205609749781e-01,5.067623571239993074e-01,5.331944189834088021e-01,5.777644713660323728e-01,5.391929910828804351e-01,8.855051900874923998e-01,3.000536110196017070e-01,6.754030965301615064e-01,2.628268981998871379e-01,4.016215976266783727e-01,2.461821304759645723e-01,6.109926128721372418e-01
5.560059482645969275e-01,8.470072037067729598e-01,7.974290202889676715e-01,1.839308113129973499e-01,7.884985666640468294e-01,3.012291061889496580e-01,3.302095536643048779e-01,-7.633743756395413582e-01,8.711778188462532269e-01,7.897985009919553656e-01,5.603710700281123724e-01,7.816488800646905766e-01,-3.158951709290110377e-01,7.919303259980478016e-01,4.858629427461770844e-01,7.664171793492828844e-01,5.544174619707039620e-01,7.020653994046670565e-01,6.798776020633564565e-01,-2.271837672304591049e-01,3.342426326371335521e-01,4.153014783623737438e-01,1.000000000000000000e+00,7.891551877265607917e-01,8.063296908188447576e-01,7.244206211981768506e-01,7.289866928610947427e-01,4.005871150667510983e-01,5.977659025804806792e-01,7.577310239539558623e-01,8.401407085851197998e-01,7.614672957914704332e-01,4.829635459083616023e-01,8.400771464540965905e-01,6.121395667214424297e-01,8.207123017687664168e-01,2.593717169308762394e-01,7.055296886285978841e-01,8.129630501683964283e-01
5.946282249719441193e-01,7.420965507774930359e-01,7.210956544275094471e-01,2.169869827717572641e-01,7.275222501937443909e-01,3.702863282255742794e-01,3.793641881901827495e-01,-7.691445685308436753e-01,7.863573324686884414e-01,7.390598813715526516e-01,3.044464619964497576e-01,6.902734532571136450e-01,-3.882281692795211403e-01,7.979970175885219286e-01,4.752273652150995620e-01,7.595955203408233380e-01,3.388587443754958461e-01,7.282646491098783148e-01,6.391328619467880889e-01,-2.537293939580373414e-01,2.603492498756607154e-01,3.761050122028646858e-01,7.891551877265607917e-01,1.000000000000000000e+00,8.154631697206352614e-01,7.556569347097845668e-01,6.062630090860032794e-01,3.640004584265027487e-01,7.359999117182622896e-01,7.829905697246517526e-01,7.422701676825972372e-01,6.928991420761808628e-01,4.532071976380263045e-01,8.055215753734452644e-01,6.366671815724112005e-01,7.501619619109444193e-01,3.322389334529535221e-01,5.829684166572979276e-01,6.696093869891660555e-01
6.861840527521182453e-01,8.215587996975329821e-01,7.638290837440727676e-01,1.284985305503602293e-01,7.851271593496876866e-01,4.121341754565394089e-01,2.722137313594758523e-01,-7.876568641784815750e-01,8.063778637315279774e-01,7.381236098883865449e-01,2.968088134472054440e-01,6.483837777765534272e-01,-4.368591568233215483e-01,7.646554086694442587e-01,4.625585899642236098e-01,7.877291313304457532e-01,3.421387247246596153e-01,6.185105712791165722e-01,5.632119563482368418e-01,-1.632365550705797419e-01,3.536853063158594823e-01,3.029019108337963617e-01,8.063296908188447576e-01,8.154631697206352614e-01,1.000000000000000000e+00,7.593334810468828078e-01,6.618459488485830544e-01,3.703004581777123438e-01,6.819131817399696205e-01,7.741860792879640130e-01,6.654908462750624976e-01,6.469171485779343644e-01,4.376245465986278727e-01,7.929166919464943897e-01,5.058067879144858559e-01,8.532651087823237557e-01,3.608422123392754366e-01,6.926134241100502242e-01,6.965967520529154910e-01
7.064130565729519473e-01,7.549759979501993179e-01,8.193288091217947322e-01,1.299612133790634116e-01,7.157699958142197394e-01,3.905377689182009671e-01,4.802843049336187331e-01,-7.910250573087620474e-01,8.031729216751699596e-01,7.280469759069859714e-01,3.347424588093565467e-01,5.959350841469730486e-01,-4.111683115246941300e-01,7.817976838091283964e-01,6.587433634308662578e-01,7.916463809489644454e-01,3.867512252073953549e-01,7.291275803675314471e-01,6.363298239932448919e-01,-1.294583163399659897e-01,4.908198582868231186e-01,4.304147326889847802e-01,7.244206211981768506e-01,7.556569347097845668e-01,7.593334810468828078e-01,1.000000000000000000e+00,6.340291225935112962e-01,5.214066437507939300e-01,7.717456447527005770e-01,8.401436429109013782e-01,7.420118543904111741e-01,5.741995658676442016e-01,5.125693291589165090e-01,7.425981033018894673e-01,6.388812391796854229e-01,7.217107251547879576e-01,1.857384152269565547e-01,7.055750009718428917e-01,6.633888884644337791e-01
3.051493365017256543e-01,7.853266172309801840e-01,7.593467430371325655e-01,4.881079688817622220e-01,6.648449802320630653e-01,3.915161243383338818e-01,4.420071749107212233e-01,-7.695177351784133757e-01,7.477072832919822165e-01,6.891118379674165961e-01,4.623861140372255707e-01,8.317910824326629760e-01,-1.394567237326485853e-01,7.069146892738723542e-01,2.494056061476344621e-01,6.837202871302270335e-01,4.467104871727365367e-01,5.732588495048739352e-01,6.132537589417684787e-01,-1.991041394224461400e-02,4.772285453654780962e-01,6.022086058266316044e-01,7.289866928610947427e-01,6.062630090860032794e-01,6.618459488485830544e-01,6.340291225935112962e-01,1.000000000000000000e+00,2.787885330575238796e-01,4.443617213837486313e-01,5.767244525575918601e-01,7.579660158286544158e-01,8.106651316832396148e-01,6.390299021652210421e-01,6.718110608843308462e-01,5.668903823353137472e-01,6.679239237818507258e-01,5.122043143831712664e-01,4.970052756179894615e-01,8.062096576994717267e-01
3.069301613894040437e-01,3.890362111659255717e-01,4.975336335382131714e-01,6.187629944734068105e-02,3.358324313933992999e-01,2.415189965572958897e-01,5.271586008650958055e-01,-4.381855812894447921e-01,4.247035762199954934e-01,6.126372256486125600e-01,3.871933040162418016e-01,3.892341093040187494e-01,2.143347465981336464e-01,6.033290710761894937e-01,6.256426003190017626e-01,5.785098743091193763e-01,6.064065819494386389e-01,6.055097670361903051e-01,4.942656825524838204e-01,1.129672357813251427e-01,5.548609245095943443e-01,6.443855205609749781e-01,4.005871150667510983e-01,3.640004584265027487e-01,3.703004581777123438e-01,5.214066437507939300e-01,2.787885330575238796e-01,1.000000000000000000e+00,6.846587328907325354e-01,6.261808329877417423e-01,5.148679292978777244e-01,3.627568036812884311e-01,6.834805794321249239e-01,3.472854101369935997e-01,6.235747635583226423e-01,3.021994867882543123e-01,2.041377920372455523e-01,4.733711124991457075e-01,4.524991938997245944e-01
5.695153702137411011e-01,6.170301812464851210e-01,6.178452288259106417e-01,1.451100931941783079e-01,5.583786362007363557e-01,5.484508635783612585e-01,5.315841322696869264e-01,-6.567410410667261500e-01,6.735772007571152464e-01,7.270088349303123199e-01,2.201584434895601516e-01,5.483259234135801075e-01,-9.997297369093532948e-02,7.642126647486811031e-01,6.343311414372947432e-01,7.281429704270631076e-01,3.843455190292239809e-01,7.716656972745187248e-01,6.195260705609797469e-01,-9.304495129311175783e-02,5.288876986037756023e-01,5.067623571239993074e-01,5.977659025804806792e-01,7.359999117182622896e-01,6.819131817399696205e-01,7.717456447527005770e-01,4.443617213837486313e-01,6.846587328907325354e-01,1.000000000000000000e+00,8.253688376367755986e-01,6.482663837836099008e-01,5.912280081337534243e-01,6.196314896397315808e-01,6.144196373317377668e-01,8.136943046131149826e-01,5.647054174825123507e-01,3.821928601160393679e-01,5.320152616763370590e-01,5.839676916034586274e-01
6.265485081615688179e-01,7.349798557242251951e-01,7.598931459519716602e-01,8.210868643034900660e-02,6.905598433919573065e-01,3.460929866018727652e-01,4.939295565240132135e-01,-7.551409525210412976e-01,7.768933953358322375e-01,8.357756700387659610e-01,3.689651614215176956e-01,6.776829073108131540e-01,-2.545793436390301756e-01,8.408735703906730086e-01,7.407750442420018011e-01,8.726174499786987226e-01,4.581275841295769369e-01,7.897435388234025355e-01,6.596318258361392184e-01,-9.123931693264181186e-02,4.945424264635796541e-01,5.331944189834088021e-01,7.577310239539558623e-01,7.829905697246517526e-01,7.741860792879640130e-01,8.401436429109013782e-01,5.767244525575918601e-01,6.261808329877417423e-01,8.253688376367755986e-01,1.000000000000000000e+00,7.614479890754357605e-01,5.878458012029483815e-01,6.049619370096972482e-01,7.354371739971073962e-01,7.374070173437151654e-01,7.077414884510917492e-01,2.293934659497076922e-01,7.164110348539883821e-01,7.157036796743493356e-01
3.805988781400674870e-01,7.504808780018246139e-01,8.467206646341903786e-01,3.408227883919103252e-01,7.592046551202482618e-01,3.914790996266863110e-01,5.542738803978234374e-01,-8.044230777843740521e-01,7.957522313627529709e-01,8.158588497080299096e-01,4.825704048510840449e-01,8.098110221080266902e-01,-2.449514057209081774e-01,8.481082750385193769e-01,4.831750166860888096e-01,7.655023388630878278e-01,5.115680501305954753e-01,7.690970478299227198e-01,8.029466598949615008e-01,-1.402447254621068673e-01,4.321589618182228865e-01,5.777644713660323728e-01,8.401407085851197998e-01,7.422701676825972372e-01,6.654908462750624976e-01,7.420118543904111741e-01,7.579660158286544158e-01,5.148679292978777244e-01,6.482663837836099008e-01,7.614479890754357605e-01,1.000000000000000000e+00,7.779184308738632536e-01,6.206175342567780140e-01,7.898779222645668785e-01,7.523838807508401727e-01,7.142000042493741319e-01,3.319423629296251455e-01,5.895873469007077983e-01,7.710496862102605986e-01
2.907269591919279805e-01,7.283791289559121696e-01,6.601806431652263996e-01,4.963145646141566836e-01,6.341434676932384829e-01,5.767399449388722621e-01,4.617448585029499397e-01,-7.359568637859210671e-01,7.439984172409314089e-01,6.668741058100168262e-01,3.664872004182972431e-01,7.736142590767934868e-01,-6.025179093453077173e-02,7.114224390105683415e-01,2.273094063048091973e-01,5.958085282083430689e-01,4.668853336631814677e-01,6.628924533220331705e-01,6.688325732838771298e-01,-1.787215321138646562e-01,3.956421253833579676e-01,5.391929910828804351e-01,7.614672957914704332e-01,6.928991420761808628e-01,6.469171485779343644e-01,5.741995658676442016e-01,8.106651316832396148e-01,3.627568036812884311e-01,5.912280081337534243e-01,5.878458012029483815e-01,7.779184308738632536e-01,1.000000000000000000e+00,6.050897482725430265e-01,6.712255651196228357e-01,7.116209787901627282e-01,6.207358914823265517e-01,6.991147800401594781e-01,4.311982129285844012e-01,7.484018691646843191e-01
1.353694981780403650e-01,5.426179512311388731e-01,5.631170918597403485e-01,4.385379089620684012e-01,3.394619049738916150e-01,3.839397630477046630e-01,6.493832289438210559e-01,-5.778957017371674221e-01,4.825107879183893611e-01,6.965964833779350052e-01,4.673743530278675062e-01,6.738908854881745514e-01,3.212440599707068190e-01,6.685508492137661740e-01,4.698355721745650637e-01,6.566127625178250771e-01,6.008188014999492621e-01,6.405304581445622203e-01,5.329351321285225040e-01,2.611235317520676502e-01,7.522300815195542834e-01,8.855051900874923998e-01,4.829635459083616023e-01,4.532071976380263045e-01,4.376245465986278727e-01,5.125693291589165090e-01,6.390299021652210421e-01,6.834805794321249239e-01,6.196314896397315808e-01,6.049619370096972482e-01,6.206175342567780140e-01,6.050897482725430265e-01,1.000000000000000000e+00,3.567620666888667857e-01,7.320779178707068624e-01,3.485940207440867966e-01,4.858954419520408186e-01,3.358042718601911281e-01,6.664179761452310169e-01
6.078182298742832446e-01,7.747745415729382357e-01,8.137700197986449391e-01,1.828187424173217390e-01,9.001401867609597485e-01,3.150146863211488735e-01,3.151515154605382674e-01,-7.950083201020536894e-01,8.375262367795873741e-01,7.359306168058739051e-01,3.688180359594447899e-01,7.285997327722899541e-01,-4.256686120378788130e-01,7.929236061512556777e-01,4.656480250607587523e-01,7.378211623796333551e-01,3.677221152508693414e-01,7.386116624845537881e-01,7.665026593985334591e-01,-2.843878614083461542e-01,2.058054658892645994e-01,3.000536110196017070e-01,8.400771464540965905e-01,8.055215753734452644e-01,7.929166919464943897e-01,7.425981033018894673e-01,6.718110608843308462e-01,3.472854101369935997e-01,6.144196373317377668e-01,7.354371739971073962e-01,7.898779222645668785e-01,6.712255651196228357e-01,3.567620666888667857e-01,1.000000000000000000e+00,5.500282429212155488e-01,8.441680576260377489e-01,2.160511505358370943e-01,6.722396703173374455e-01,6.880568368388505496e-01
2.594247719645893513e-01,5.839520782486022910e-01,5.912313982971101334e-01,3.394314196497960068e-01,4.994604474201298494e-01,5.360278056083779274e-01,6.527790417316912119e-01,-6.209272227065048000e-01,6.145581137536550997e-01,7.552104682303446559e-01,3.113404447936545250e-01,6.803981298146815071e-01,1.057089223580828241e-01,7.341360239856689063e-01,5.253068431732579313e-01,6.793627733798621726e-01,4.367311145705632947e-01,7.760194462993751374e-01,6.984315896981155847e-01,-4.802127580263508902e-03,5.903719080256327745e-01,6.754030965301615064e-01,6.121395667214424297e-01,6.366671815724112005e-01,5.058067879144858559e-01,6.388812391796854229e-01,5.668903823353137472e-01,6.235747635583226423e-01,8.136943046131149826e-01,7.374070173437151654e-01,7.523838807508401727e-01,7.116209787901627282e-01,7.320779178707068624e-01,5.500282429212155488e-01,1.000000000000000000e+00,4.592478309112721924e-01,4.842815385783925120e-01,3.755963201038990396e-01,6.548459458915423248e-01
6.484040501467882578e-01,8.149388488846354139e-01,7.739091259799540934e-01,1.406843081426523423e-01,7.974749202536057791e-01,2.625122508200594118e-01,2.824655778041968990e-01,-7.498750201806168025e-01,8.383141320243460148e-01,7.106668466041996535e-01,3.584608170883891165e-01,6.628810599614315402e-01,-4.776535217681361356e-01,7.224424589485493042e-01,4.271008625089978139e-01,7.453510685269804092e-01,3.304938517350426985e-01,6.024285935401545444e-01,5.906343729822787214e-01,-2.375548205211953368e-01,2.929495972194289255e-01,2.628268981998871379e-01,8.207123017687664168e-01,7.501619619109444193e-01,8.532651087823237557e-01,7.217107251547879576e-01,6.679239237818507258e-01,3.021994867882543123e-01,5.647054174825123507e-01,7.077414884510917492e-01,7.142000042493741319e-01,6.207358914823265517e-01,3.485940207440867966e-01,8.441680576260377489e-01,4.592478309112721924e-01,1.000000000000000000e+00,2.386530882785337093e-01,6.841846894524800105e-01,7.015996074362335078e-01
-5.819371379196062316e-02,2.994160709701949030e-01,2.461499573412415931e-01,5.499383910561100874e-01,2.474083489095587618e-01,6.696030979950143847e-01,3.529511511380488131e-01,-4.253969256185137771e-01,2.748186312854339342e-01,2.983726507635017788e-01,-1.037128913460907548e-01,4.121630804924065195e-01,1.692677351700536958e-01,3.195568896600340381e-01,-9.245904618190235735e-02,2.275051255736078026e-01,9.015809973319857673e-02,3.318960079422081932e-01,3.467462287304272084e-01,-5.336251063274061873e-02,3.490664294294847925e-01,4.016215976266783727e-01,2.593717169308762394e-01,3.322389334529535221e-01,3.608422123392754366e-01,1.857384152269565547e-01,5.122043143831712664e-01,2.041377920372455523e-01,3.821928601160393679e-01,2.293934659497076922e-01,3.319423629296251455e-01,6.991147800401594781e-01,4.858954419520408186e-01,2.160511505358370943e-01,4.842815385783925120e-01,2.386530882785337093e-01,1.000000000000000000e+00,-1.115804864008757176e-02,3.143233315469486922e-01
7.285250991996199410e-01,7.285618872417979341e-01,6.590928445705074301e-01,-1.686405398527867638e-01,6.795437208559316211e-01,9.398132817009870188e-02,1.344170604907244104e-01,-5.920748130894285532e-01,7.293824457950808249e-01,6.476288732897046430e-01,5.661146807247805501e-01,4.809305023487839281e-01,-4.106143178139393113e-01,6.773908964346013750e-01,6.048264412534349876e-01,7.254801100278902570e-01,5.924555504808853845e-01,4.955333865308412800e-01,4.240577990957490884e-01,-1.860987055811304247e-02,2.681304657422752813e-01,2.461821304759645723e-01,7.055296886285978841e-01,5.829684166572979276e-01,6.926134241100502242e-01,7.055750009718428917e-01,4.970052756179894615e-01,4.733711124991457075e-01,5.320152616763370590e-01,7.164110348539883821e-01,5.895873469007077983e-01,4.311982129285844012e-01,3.358042718601911281e-01,6.722396703173374455e-01,3.755963201038990396e-01,6.841846894524800105e-01,-1.115804864008757176e-02,1.000000000000000000e+00,6.805315475011693982e-01
4.824494754373068184e-01,8.769414070911037973e-01,7.147460290867594379e-01,2.143402706030305971e-01,6.292979597462267094e-01,2.382373874097001576e-01,3.650833847481821381e-01,-6.744085632899771143e-01,8.358246280132448636e-01,8.042476889596830159e-01,6.623888465545852977e-01,8.453383472291499112e-01,-9.934748340144917977e-02,7.777565258713696750e-01,5.082489055919873211e-01,8.018939091251622298e-01,6.558159002205387056e-01,6.408716341747211498e-01,5.273655775901197051e-01,7.622610622362116506e-02,5.153000372332635637e-01,6.109926128721372418e-01,8.129630501683964283e-01,6.696093869891660555e-01,6.965967520529154910e-01,6.633888884644337791e-01,8.062096576994717267e-01,4.524991938997245944e-01,5.839676916034586274e-01,7.157036796743493356e-01,7.710496862102605986e-01,7.484018691646843191e-01,6.664179761452310169e-01,6.880568368388505496e-01,6.548459458915423248e-01,7.015996074362335078e-01,3.143233315469486922e-01,6.805315475011693982e-01,1.000000000000000000e+00
