1.000000000000000000e+00,1.021762005187258349e-01,-3.089341091693852959e-01,9.501660543161122296e-03,3.698862895020789687e-01,-6.396289833103534495e-01,-3.911465534926814036e-01,-3.600891927525995406e-02,7.608994791724239537e-01,-2.009531380725214922e-01,-6.072116530874116513e-01,-2.458801929714249726e-02,5.041327423502426353e-01,-1.968322260117962297e-01,7.021230888913153612e-01,3.204922366412105150e-01,-4.276932277774685431e-01,7.219912441197308128e-01,5.589887072266443852e-02,5.740629668877792607e-02,-4.354617251349825469e-01,-5.489491391156517963e-01,1.588245140824747215e-01,-3.641735380189972116e-01,7.405041251740193120e-01,2.703345685810913390e-01,-6.272759207734824871e-01,4.788973310596751909e-01,-5.482731246778241863e-01,5.699408721629291019e-01,-6.365105902919850900e-01,-6.358452943629248066e-01,-6.164667675614833309e-01,6.628921921576977905e-01,-4.864322000080469333e-01,-3.918557324070547354e-01,-6.109688841142982829e-01,7.746614790783543647e-01,5.944535699191199063e-01
1.021762005187258349e-01,1.000000000000000000e+00,3.667385075057579824e-01,-8.314956849680076034e-02,3.430395959661893812e-01,2.385086899590860843e-01,2.694390335700433958e-01,-2.333258806486065151e-01,1.733081949833790297e-02,4.968266705268803984e-01,3.004144626262441609e-01,7.712481961701417310e-02,-5.766334142052656486e-02,4.762027024230310324e-01,-2.300671217567065163e-01,6.650011739894021723e-01,3.066899598171016761e-01,-1.300743196936053614e-01,4.423184251031090919e-01,-2.870611117903775766e-01,1.561598988130710741e-01,2.813701289253560112e-01,7.521037164103376860e-01,4.564823815509070348e-01,-1.781850305369427068e-02,1.003599206021376228e-01,2.814286638488162628e-01,-1.772451386576806842e-01,2.670528127211032610e-01,4.863537684599416044e-01,2.940321580862513828e-01,4.513278495874096241e-01,2.652456513973072139e-01,2.553456030207906791e-02,1.630408753736201644e-01,3.976126431759138824e-01,2.533609186291274629e-01,-2.117437811130401804e-01,2.911963557301999184e-01
-3.089341091693852959e-01,3.667385075057579824e-01,1.000000000000000000e+00,-1.785198749210615554e-01,3.941228747922231324e-01,6.947070357696847331e-01,3.611138328732620417e-01,-7.546120538893676954e-01,-5.092986686970999433e-01,7.903831657115005793e-01,6.906465208006226097e-01,3.059299727274312208e-01,-6.142175579074276026e-01,7.446781970211041601e-01,-6.362204560691538946e-01,5.145277307424628299e-01,6.674173367528426493e-01,-6.072665816094849900e-01,-8.463359983527950214e-02,-6.703514848718402641e-01,7.234647516588851301e-01,5.979089891617794805e-01,4.857617540745604034e-01,7.619511902937153858e-01,-3.175548522568303889e-01,5.942850862153672420e-01,7.638681424220157279e-01,2.269178849055509262e-01,7.247278765683196067e-01,3.660654558864304391e-03,7.611586693168079787e-01,7.314410683540104596e-01,7.871082256483610262e-01,-4.145793727291745556e-01,7.171008968378841386e-01,6.613708705907370700e-01,7.316297575318269075e-01,-6.671152372955700960e-01,-4.463492355003936818e-01
9.501660543161122296e-03,-8.314956849680076034e-02,-1.785198749210615554e-01,1.000000000000000000e+00,-2.847674530685716521e-01,-1.378005695831746591e-01,1.366399314944369558e-01,3.425368484402324665e-01,8.524384608913829209e-02,-1.122106277890086989e-01,-1.759921521117234211e-01,-2.342341491388016672e-01,-7.305420731095127983e-03,-3.048339425483839737e-01,3.566190592413968907e-02,-4.548150632648380320e-02,-2.324818460229551020e-01,3.006069760447505623e-01,4.333805382563487574e-01,3.246345371840594213e-02,-3.703425957431320525e-01,5.776718335765258089e-02,-1.246118344231207792e-01,-2.350437233773832457e-01,1.573309943246054346e-02,-1.639835375087482505e-01,-1.092701831309446231e-01,-3.788627287171428826e-01,-9.307468315478500953e-02,5.313679895825585558e-02,-7.405033105513347813e-02,-1.246896708846205459e-01,-5.613876158181735354e-02,-4.863704244022167694e-02,-1.710356403571985373e-01,-5.942223986912509998e-02,-1.292160144055830850e-01,9.938607845665468898e-02,1.339698866286602452e-01
3.698862895020789687e-01,3.430395959661893812e-01,3.941228747922231324e-01,-2.847674530685716521e-01,1.000000000000000000e+00,-1.212168609612617048e-01,-7.614585235593696044e-02,-5.603154747101859456e-01,3.757744024576763486e-01,1.856478124947898434e-01,-1.037622827728845870e-01,3.335618864077952717e-01,1.088068699363922698e-01,3.972129508580226065e-01,2.129694958450034925e-01,4.205025703898096490e-01,2.962823188058829466e-02,2.071705653375328637e-01,2.383470257649238262e-03,-3.455832078567751542e-01,2.473274462691394393e-01,-1.745742866309477059e-01,4.893830729507272492e-01,2.669396448166865277e-01,2.751037700521951068e-01,3.651327563227548811e-01,-3.662598251144168204e-02,5.141782534477479238e-01,-1.163256340695360963e-01,3.611079830799741042e-01,-4.732671092735232093e-02,2.029365185285378695e-02,-5.966006661815738410e-02,4.489078363965527951e-01,-8.203694069264420852e-02,-4.817889619595822764e-02,-9.669439377026090021e-02,1.964084950279111341e-01,3.767586988040847462e-01
-6.396289833103534495e-01,2.385086899590860843e-01,6.947070357696847331e-01,-1.378005695831746591e-01,-1.212168609612617048e-01,1.000000000000000000e+00,4.375070748522025266e-01,-3.511143894123404108e-01,-8.865961133920029491e-01,7.377387144378326767e-01,9.486232707871630199e-01,-2.005378974478128767e-02,-7.631140739305920517e-01,6.132119374011908430e-01,-9.290004441782859779e-01,1.998170280393974652e-01,8.303016842580983603e-01,-8.676818934318548671e-01,-9.421118972252974511e-02,-3.846230768284479296e-01,6.633975420654275590e-01,7.338436240997530113e-01,1.908026428295673815e-01,7.127890775455535399e-01,-6.736367190364737079e-01,3.078251002494141186e-01,9.201730128558508470e-01,-1.794305891015856580e-01,9.328285078488808280e-01,-3.388239944551595384e-01,9.166745373489718629e-01,8.959940522572173993e-01,8.974048711019748659e-01,-8.460871583244310434e-01,9.092286913050798836e-01,8.290709462943394170e-01,9.524372608459350520e-01,-9.231679999740147746e-01,-7.405783415108760925e-01
-3.911465534926814036e-01,2.694390335700433958e-01,3.611138328732620417e-01,1.366399314944369558e-01,-7.614585235593696044e-02,4.375070748522025266e-01,1.000000000000000000e+00,-1.710558870873269965e-01,-3.932052623105557476e-01,3.690802334208486690e-01,4.494631225504973071e-01,-2.761139014760637944e-01,-2.883777625699647240e-01,2.596879678153412585e-01,-4.611673289773338125e-01,1.607986717275529109e-01,3.217673622916229492e-01,-3.729593186421248929e-01,1.909434024086501813e-01,-3.019452712709208564e-01,2.898580157383209843e-01,4.060900548155645384e-01,1.897387472001950681e-01,2.988106508138354545e-01,-3.018799874842802433e-01,4.277670154767353877e-02,4.476349609337731406e-01,-2.884747354975033540e-01,4.241506076208409470e-01,-7.030142920110660221e-02,4.396682992018813851e-01,4.688161248934478165e-01,4.274097133980960250e-01,-3.903015959599168694e-01,3.740038014657381948e-01,4.541738965444560017e-01,4.333579699049835421e-01,-4.690721614985282062e-01,-2.264728221939821262e-01
-3.600891927525995406e-02,-2.333258806486065151e-01,-7.546120538893676954e-01,3.425368484402324665e-01,-5.603154747101859456e-01,-3.511143894123404108e-01,-1.710558870873269965e-01,1.000000000000000000e+00,1.598259831610635562e-01,-5.510070321457483100e-01,-3.786681904332794835e-01,-2.381863548721334933e-01,3.075909851808069084e-01,-6.181607975258848198e-01,2.824219229987943169e-01,-4.774726658466722506e-01,-4.606049420173916609e-01,3.068949388812748924e-01,3.038625857191250001e-01,6.287026835257352175e-01,-5.604550941466869274e-01,-1.417222810404450140e-01,-4.703234217226512914e-01,-5.523383220062787480e-01,-9.385101656044449181e-02,-6.158930276925614899e-01,-3.814151004380570420e-01,-4.237073455888987206e-01,-3.926571379318484767e-01,-1.095668354152952162e-01,-3.586990705525623380e-01,-3.519920152766556898e-01,-3.766267704409240746e-01,8.831431713038444264e-02,-4.420647136113904363e-01,-3.333735241464125254e-01,-3.778543790748863929e-01,2.880056642425420921e-01,2.547944942871939178e-01
7.608994791724239537e-01,1.733081949833790297e-02,-5.092986686970999433e-01,8.524384608913829209e-02,3.757744024576763486e-01,-8.865961133920029491e-01,-3.932052623105557476e-01,1.598259831610635562e-01,1.000000000000000000e+00,-5.563201217405179255e-01,-8.621611328556361142e-01,6.511373760205174666e-02,7.275493922425935178e-01,-3.886699953971416432e-01,9.028724890471855336e-01,4.608249108610952549e-02,-6.861451560669619143e-01,8.767583385891386527e-01,1.802532601169659632e-01,2.260993485995583252e-01,-5.455055006498302772e-01,-7.152086691310810540e-01,9.784812612312845936e-02,-5.205817556174602290e-01,7.357282521105386053e-01,-1.260328526911256575e-01,-8.263177560186527604e-01,2.675244488233831097e-01,-8.501547093598365024e-01,5.100113780827764121e-01,-8.315827718674327906e-01,-7.679329139794265346e-01,-8.230285797888483579e-01,9.147924634251818343e-01,-8.262953798118750637e-01,-7.177303314275630397e-01,-8.718104119365776006e-01,9.061014314989778162e-01,8.522066858547243662e-01
-2.009531380725214922e-01,4.968266705268803984e-01,7.903831657115005793e-01,-1.122106277890086989e-01,1.856478124947898434e-01,7.377387144378326767e-01,3.690802334208486690e-01,-5.510070321457483100e-01,-5.563201217405179255e-01,1.000000000000000000e+00,7.630027778969157293e-01,9.702994327801943431e-02,-6.579025724299797373e-01,6.698478706786632486e-01,-6.823362136236668096e-01,7.084962095123245041e-01,7.066603749968087822e-01,-5.998733327233924939e-01,7.513826293878043960e-02,-5.532870411456861648e-01,5.101202724679416711e-01,6.390902452216297158e-01,4.855079255709605079e-01,7.171723304323718295e-01,-2.889720947652728023e-01,5.935733361171368072e-01,7.644675091740812389e-01,4.045449004650798069e-02,8.059819717110691117e-01,1.139339408538604381e-01,7.740918424257114960e-01,7.431726930564812594e-01,7.647403442690915432e-01,-5.400012115369025034e-01,7.730292267203906498e-01,8.084019483135729267e-01,7.794599271142887975e-01,-6.722724259931508461e-01,-4.675053483834596957e-01
-6.072116530874116513e-01,3.004144626262441609e-01,6.906465208006226097e-01,-1.759921521117234211e-01,-1.037622827728845870e-01,9.486232707871630199e-01,4.494631225504973071e-01,-3.786681904332794835e-01,-8.621611328556361142e-01,7.630027778969157293e-01,1.000000000000000000e+00,-4.001556622410261388e-02,-7.528960524782609687e-01,6.245470015248850704e-01,-9.191269868854478053e-01,2.504513567229741944e-01,8.480688794458679514e-01,-8.639098522288138904e-01,-7.074208633796254253e-02,-3.889013515061945925e-01,6.342494329982067969e-01,7.250493493444819526e-01,2.372190635555070093e-01,7.438684182815183954e-01,-6.391234594162941152e-01,3.150244799224489745e-01,9.112565378562950125e-01,-1.996948285032366099e-01,9.270149848747468724e-01,-2.944094813422633017e-01,9.048809562262177808e-01,9.013541890289157310e-01,8.686545561772678337e-01,-8.304087617054414228e-01,8.976939041266278618e-01,8.313758465931592179e-01,9.432232961009466843e-01,-9.134481163217628152e-01,-7.085241534407101804e-01
-2.458801929714249726e-02,7.712481961701417310e-02,3.059299727274312208e-01,-2.342341491388016672e-01,3.335618864077952717e-01,-2.005378974478128767e-02,-2.761139014760637944e-01,-2.381863548721334933e-01,6.511373760205174666e-02,9.702994327801943431e-02,-4.001556622410261388e-02,1.000000000000000000e+00,-1.289258349346449617e-01,1.675609989423865742e-01,6.450113080970204527e-02,1.497161172237627125e-01,-2.057202003416364056e-02,-1.450356043910425718e-01,-1.299027718680237087e-01,-1.702163267058776353e-01,1.265229130598393703e-01,1.393067493528739598e-01,1.033667116010318632e-01,1.795782082569654658e-01,-3.294733596368876888e-02,1.441955578411212857e-01,9.106461660704853744e-02,2.660160768795407082e-01,1.839314827593645923e-02,5.245702252617202160e-02,1.224692401074139875e-01,6.501242513618532559e-02,1.687502678081068130e-01,2.503560674054020052e-01,1.676160462903657916e-02,-2.267664320538218675e-02,1.724883769300880609e-02,-3.042339802743571769e-02,6.793583348088842733e-02
5.041327423502426353e-01,-5.766334142052656486e-02,-6.142175579074276026e-01,-7.305420731095127983e-03,1.088068699363922698e-01,-7.631140739305920517e-01,-2.883777625699647240e-01,3.075909851808069084e-01,7.275493922425935178e-01,-6.579025724299797373e-01,-7.528960524782609687e-01,-1.289258349346449617e-01,1.000000000000000000e+00,-4.311949546778712783e-01,7.402849621444367312e-01,-2.049131381739793534e-01,-5.875914704465738936e-01,7.283641723628274667e-01,1.193383268240871958e-01,3.642619695844421801e-01,-4.958104838568356265e-01,-6.374635260674128556e-01,-4.712323195237527740e-02,-5.830769661082197963e-01,5.495360814089023105e-01,-4.403679194478113956e-01,-8.092153103935048053e-01,5.342174442755569935e-02,-8.139321217791520846e-01,3.452752271388023209e-01,-8.296620426445412422e-01,-6.937392048245043519e-01,-7.994929865693145565e-01,6.950339719778361181e-01,-7.922841167116357886e-01,-6.625475338043145257e-01,-7.994441114462511599e-01,7.415857951109846580e-01,6.474424374885876521e-01
-1.968322260117962297e-01,4.762027024230310324e-01,7.446781970211041601e-01,-3.048339425483839737e-01,3.972129508580226065e-01,6.132119374011908430e-01,2.596879678153412585e-01,-6.181607975258848198e-01,-3.886699953971416432e-01,6.698478706786632486e-01,6.245470015248850704e-01,1.675609989423865742e-01,-4.311949546778712783e-01,1.000000000000000000e+00,-5.313255007276147523e-01,4.780255032962315020e-01,7.252096686192018860e-01,-5.145033084587690153e-01,-1.202849863758840981e-01,-4.616353775563226680e-01,6.648113644569887404e-01,4.033772098328305966e-01,5.694097411818690446e-01,8.341222479726735362e-01,-1.804741896383634248e-01,5.040908878778062041e-01,6.275784322128101778e-01,2.258395896491044719e-01,6.272751478613866061e-01,1.228288607280395017e-01,6.039400773071744721e-01,6.546496708740489057e-01,6.287555183320092667e-01,-3.124256966583828232e-01,6.280193119864574403e-01,5.331714057239900217e-01,6.351915705294762793e-01,-5.510219578803406959e-01,-3.342466012810318965e-01
7.021230888913153612e-01,-2.300671217567065163e-01,-6.362204560691538946e-01,3.566190592413968907e-02,2.129694958450034925e-01,-9.290004441782859779e-01,-4.611673289773338125e-01,2.824219229987943169e-01,9.028724890471855336e-01,-6.823362136236668096e-01,-9.191269868854478053e-01,6.450113080970204527e-02,7.402849621444367312e-01,-5.313255007276147523e-01,1.000000000000000000e+00,-1.424507977404002312e-01,-7.735790973515646041e-01,8.561405454587002195e-01,3.895319957329275440e-02,3.257344755160409555e-01,-6.017269304672790975e-01,-7.554075131780405572e-01,-1.387746833574711736e-01,-6.525543031590546050e-01,7.278217475158886840e-01,-1.897134470898834691e-01,-9.046317812235024070e-01,3.031249216079944797e-01,-9.023237660069045596e-01,3.747917064776878915e-01,-9.032282188697573488e-01,-8.849560336794837223e-01,-8.785016415806369272e-01,8.832147970575137119e-01,-8.611407183531750720e-01,-7.907329436588332872e-01,-9.240916809711359203e-01,9.360743507662437901e-01,7.239706609383779190e-01
3.204922366412105150e-01,6.650011739894021723e-01,5.145277307424628299e-01,-4.548150632648380320e-02,4.205025703898096490e-01,1.998170280393974652e-01,1.607986717275529109e-01,-4.774726658466722506e-01,4.608249108610952549e-02,7.084962095123245041e-01,2.504513567229741944e-01,1.497161172237627125e-01,-2.049131381739793534e-01,4.780255032962315020e-01,-1.424507977404002312e-01,1.000000000000000000e+00,2.546376910518985959e-01,-5.891010559530536483e-02,2.864556307415791481e-01,-4.585513439016947190e-01,1.180705663272480638e-01,2.735180163103780870e-01,7.090351323318470067e-01,4.169333241100486864e-01,2.314722303454797014e-01,5.281798124190920651e-01,2.561006459512918942e-01,1.995711794138234074e-01,3.027767905722110187e-01,5.993697077654757122e-01,2.747101160910606632e-01,2.842986957931692982e-01,2.752582462548752718e-01,3.214430122629503145e-02,2.620208125749391992e-01,4.457464288881664016e-01,2.486321576986950665e-01,-1.290107181353457033e-01,8.650797952559030612e-02
-4.276932277774685431e-01,3.066899598171016761e-01,6.674173367528426493e-01,-2.324818460229551020e-01,2.962823188058829466e-02,8.303016842580983603e-01,3.217673622916229492e-01,-4.606049420173916609e-01,-6.861451560669619143e-01,7.066603749968087822e-01,8.480688794458679514e-01,-2.057202003416364056e-02,-5.875914704465738936e-01,7.252096686192018860e-01,-7.735790973515646041e-01,2.546376910518985959e-01,1.000000000000000000e+00,-7.227037636097974893e-01,-1.340426631444890104e-01,-4.106365514973706610e-01,6.396560032510386629e-01,5.649822741980327079e-01,3.084576055746040546e-01,7.842406030954747198e-01,-4.536382184738161905e-01,3.885094343430318675e-01,7.858291914516770671e-01,-5.376128583525528054e-02,8.199773492171260614e-01,-2.087466912957647858e-01,7.545224571926234525e-01,8.066944887295171007e-01,7.402005794449094678e-01,-6.755800876349862261e-01,8.111968467933119431e-01,6.965368242020665290e-01,8.330537408928063714e-01,-7.523541847303946151e-01,-5.935880564589179897e-01
7.219912441197308128e-01,-1.300743196936053614e-01,-6.072665816094849900e-01,3.006069760447505623e-01,2.071705653375328637e-01,-8.676818934318548671e-01,-3.729593186421248929e-01,3.068949388812748924e-01,8.767583385891386527e-01,-5.998733327233924939e-01,-8.639098522288138904e-01,-1.450356043910425718e-01,7.283641723628274667e-01,-5.145033084587690153e-01,8.561405454587002195e-01,-5.891010559530536483e-02,-7.227037636097974893e-01,1.000000000000000000e+00,3.095301872250120212e-01,2.812594110274055370e-01,-6.460429881805169749e-01,-6.642383889244679596e-01,-7.136175552590399984e-02,-6.226434324232938966e-01,6.686162426544921544e-01,-2.022799746232004370e-01,-8.478009449137383635e-01,1.605521451757364881e-01,-8.327197530251387869e-01,4.068168754487460070e-01,-8.435721187153948364e-01,-8.051888921894698736e-01,-8.312456911875885091e-01,7.615079561277622311e-01,-8.199533797213065522e-01,-7.047805157631493733e-01,-8.660953807507157931e-01,8.923279305000372252e-01,7.595025316429875328e-01
5.589887072266443852e-02,4.423184251031090919e-01,-8.463359983527950214e-02,4.333805382563487574e-01,2.383470257649238262e-03,-9.421118972252974511e-02,1.909434024086501813e-01,3.038625857191250001e-01,1.802532601169659632e-01,7.513826293878043960e-02,-7.074208633796254253e-02,-1.299027718680237087e-01,1.193383268240871958e-01,-1.202849863758840981e-01,3.895319957329275440e-02,2.864556307415791481e-01,-1.340426631444890104e-01,3.095301872250120212e-01,1.000000000000000000e+00,-2.530282228177276136e-03,-3.362607662026895761e-01,2.374670640835978008e-01,2.108683997086694961e-01,-9.335125952948225211e-03,-6.659935834462227255e-02,-2.613480683322619291e-01,-3.111182293624476999e-02,-4.625852870121637817e-01,-5.968590191317441757e-02,2.525622724382688422e-01,2.821256914709979486e-03,8.863221132890536369e-02,-3.687513056003367817e-02,5.954920222009246755e-02,-1.894302606279216206e-01,7.210997927503978722e-02,-8.423890920484930489e-02,6.365201873872508576e-02,4.484986140462414173e-01
5.740629668877792607e-02,-2.870611117903775766e-01,-6.703514848718402641e-01,3.246345371840594213e-02,-3.455832078567751542e-01,-3.846230768284479296e-01,-3.019452712709208564e-01,6.287026835257352175e-01,2.260993485995583252e-01,-5.532870411456861648e-01,-3.889013515061945925e-01,-1.702163267058776353e-01,3.642619695844421801e-01,-4.616353775563226680e-01,3.257344755160409555e-01,-4.585513439016947190e-01,-4.106365514973706610e-01,2.812594110274055370e-01,-2.530282228177276136e-03,1.000000000000000000e+00,-4.012575842273508608e-01,-3.199460354490828440e-01,-3.617940299937064119e-01,-4.563219650052798837e-01,5.774649516417328099e-02,-4.604816589642148350e-01,-4.133465292263439617e-01,-1.665471437349153594e-01,-4.265790568438778130e-01,-6.448936225530735311e-02,-4.244358344913099490e-01,-4.147165322195206505e-01,-4.464745828461035293e-01,1.767905160861231728e-01,-4.339179898497371179e-01,-4.126799669471463705e-01,-4.085300534445079901e-01,3.383440004316823346e-01,2.002032555529248414e-01
-4.354617251349825469e-01,1.561598988130710741e-01,7.234647516588851301e-01,-3.703425957431320525e-01,2.473274462691394393e-01,6.633975420654275590e-01,2.898580157383209843e-01,-5.604550941466869274e-01,-5.455055006498302772e-01,5.101202724679416711e-01,6.342494329982067969e-01,1.265229130598393703e-01,-4.958104838568356265e-01,6.648113644569887404e-01,-6.017269304672790975e-01,1.180705663272480638e-01,6.396560032510386629e-01,-6.460429881805169749e-01,-3.362607662026895761e-01,-4.012575842273508608e-01,1.000000000000000000e+00,3.775401233879348006e-01,2.644559089652530615e-01,6.613166713583416012e-01,-4.330318031432737746e-01,3.872409611546639985e-01,6.847916414993995282e-01,2.088425241216854689e-01,6.158381168812521178e-01,-2.339927152880136030e-01,6.450155786798820179e-01,6.555640529674998662e-01,6.666718956557423637e-01,-4.261897710719287358e-01,6.623950461626666453e-01,4.849747592355071468e-01,6.709179650987636689e-01,-6.358682105026760567e-01,-5.050884886754536396e-01
-5.489491391156517963e-01,2.813701289253560112e-01,5.979089891617794805e-01,5.776718335765258089e-02,-1.745742866309477059e-01,7.338436240997530113e-01,4.060900548155645384e-01,-1.417222810404450140e-01,-7.152086691310810540e-01,6.390902452216297158e-01,7.250493493444819526e-01,1.393067493528739598e-01,-6.374635260674128556e-01,4.033772098328305966e-01,-7.554075131780405572e-01,2.735180163103780870e-01,5.649822741980327079e-01,-6.642383889244679596e-01,2.374670640835978008e-01,-3.199460354490828440e-01,3.775401233879348006e-01,1.000000000000000000e+00,1.270168099310092502e-01,5.440011558779308531e-01,-6.142557755952133824e-01,2.002421840259189512e-01,7.783709060797915358e-01,-2.349408232636350236e-01,7.502851577787481574e-01,-2.294492388721727227e-01,7.954741206404883913e-01,7.408877058235894264e-01,8.077860715233958766e-01,-6.942305558216885775e-01,6.834852699923524844e-01,7.108897021943383354e-01,7.593574638788076481e-01,-7.643402005996883242e-01,-5.197229674407438660e-01
1.588245140824747215e-01,7.521037164103376860e-01,4.857617540745604034e-01,-1.246118344231207792e-01,4.893830729507272492e-01,1.908026428295673815e-01,1.897387472001950681e-01,-4.703234217226512914e-01,9.784812612312845936e-02,4.855079255709605079e-01,2.372190635555070093e-01,1.033667116010318632e-01,-4.712323195237527740e-02,5.694097411818690446e-01,-1.387746833574711736e-01,7.090351323318470067e-01,3.084576055746040546e-01,-7.136175552590399984e-02,2.108683997086694961e-01,-3.617940299937064119e-01,2.644559089652530615e-01,1.270168099310092502e-01,1.000000000000000000e+00,4.567969778527356528e-01,2.532109037357727077e-01,3.249535248732035586e-01,2.227452010411695438e-01,1.079705616952382902e-01,2.026763119825679693e-01,5.922623552322995311e-01,2.274235785266225940e-01,3.492693461557846990e-01,2.077592517238978920e-01,1.219966243347737622e-01,1.593109283741593329e-01,3.226021409664265871e-01,2.011413542186545611e-01,-1.557316811134891454e-01,1.814236974982597617e-01
-3.641735380189972116e-01,4.564823815509070348e-01,7.619511902937153858e-01,-2.350437233773832457e-01,2.669396448166865277e-01,7.127890775455535399e-01,2.988106508138354545e-01,-5.523383220062787480e-01,-5.205817556174602290e-01,7.171723304323718295e-01,7.438684182815183954e-01,1.795782082569654658e-01,-5.830769661082197963e-01,8.341222479726735362e-01,-6.525543031590546050e-01,4.169333241100486864e-01,7.842406030954747198e-01,-6.226434324232938966e-01,-9.335125952948225211e-03,-4.563219650052798837e-01,6.613166713583416012e-01,5.440011558779308531e-01,4.567969778527356528e-01,1.000000000000000000e+00,-3.969727117504577296e-01,4.280264382205655194e-01,7.550916183523731506e-01,4.283559586195079261e-02,7.271606285078204834e-01,-6.625042769152698907e-02,7.373320031956719367e-01,7.789934687293856852e-01,7.269863946454885317e-01,-4.610062561027503114e-01,7.066032787100882118e-01,5.700534916053756618e-01,7.433702796291220549e-01,-6.757967414561664166e-01,-3.983247905587378734e-01
7.405041251740193120e-01,-1.781850305369427068e-02,-3.175548522568303889e-01,1.573309943246054346e-02,2.751037700521951068e-01,-6.736367190364737079e-01,-3.018799874842802433e-01,-9.385101656044449181e-02,7.357282521105386053e-01,-2.889720947652728023e-01,-6.391234594162941152e-01,-3.294733596368876888e-02,5.495360814089023105e-01,-1.804741896383634248e-01,7.278217475158886840e-01,2.314722303454797014e-01,-4.536382184738161905e-01,6.686162426544921544e-01,-6.659935834462227255e-02,5.774649516417328099e-02,-4.330318031432737746e-01,-6.142557755952133824e-01,2.532109037357727077e-01,-3.969727117504577296e-01,1.000000000000000000e+00,1.703372496973004357e-01,-6.977129430396837861e-01,4.072378413554230137e-01,-6.053232768388339124e-01,6.025831637447863764e-01,-6.956540084423191717e-01,-6.916543392037115545e-01,-6.658915674776236804e-01,7.023355608033693409e-01,-5.704897712738151716e-01,-4.562225124193521331e-01,-6.654712939818313577e-01,7.204337479283970946e-01,4.786015468178831944e-01
2.703345685810913390e-01,1.003599206021376228e-01,5.942850862153672420e-01,-1.639835375087482505e-01,3.651327563227548811e-01,3.078251002494141186e-01,4.277670154767353877e-02,-6.158930276925614899e-01,-1.260328526911256575e-01,5.935733361171368072e-01,3.150244799224489745e-01,1.441955578411212857e-01,-4.403679194478113956e-01,5.040908878778062041e-01,-1.897134470898834691e-01,5.281798124190920651e-01,3.885094343430318675e-01,-2.022799746232004370e-01,-2.613480683322619291e-01,-4.604816589642148350e-01,3.872409611546639985e-01,2.002421840259189512e-01,3.249535248732035586e-01,4.280264382205655194e-01,1.703372496973004357e-01,1.000000000000000000e+00,3.683588642860500251e-01,5.984991854084349416e-01,4.236851075930188615e-01,1.719888580280500845e-01,3.475973744104833285e-01,2.166028767784972386e-01,3.837433375418620729e-01,-1.362561499982925250e-01,4.988774133268945032e-01,3.757921241575585269e-01,3.737627713289594089e-01,-1.668905831758263070e-01,-3.082786013376967449e-01
-6.272759207734824871e-01,2.814286638488162628e-01,7.638681424220157279e-01,-1.092701831309446231e-01,-3.662598251144168204e-02,9.201730128558508470e-01,4.476349609337731406e-01,-3.814151004380570420e-01,-8.263177560186527604e-01,7.644675091740812389e-01,9.112565378562950125e-01,9.106461660704853744e-02,-8.092153103935048053e-01,6.275784322128101778e-01,-9.046317812235024070e-01,2.561006459512918942e-01,7.858291914516770671e-01,-8.478009449137383635e-01,-3.111182293624476999e-02,-4.133465292263439617e-01,6.847916414993995282e-01,7.783709060797915358e-01,2.227452010411695438e-01,7.550916183523731506e-01,-6.977129430396837861e-01,3.683588642860500251e-01,1.000000000000000000e+00,-1.485142411738182844e-01,9.150302000559289439e-01,-3.224871528861481540e-01,9.512088544607826268e-01,9.118408211359800841e-01,9.333146985676559204e-01,-7.850962141161740293e-01,8.869301508061927519e-01,7.932307910751957847e-01,9.399741982092593151e-01,-9.077842491055561069e-01,-6.556877725843950344e-01
4.788973310596751909e-01,-1.772451386576806842e-01,2.269178849055509262e-01,-3.788627287171428826e-01,5.141782534477479238e-01,-1.794305891015856580e-01,-2.884747354975033540e-01,-4.237073455888987206e-01,2.675244488233831097e-01,4.045449004650798069e-02,-1.996948285032366099e-01,2.660160768795407082e-01,5.342174442755569935e-02,2.258395896491044719e-01,3.031249216079944797e-01,1.995711794138234074e-01,-5.376128583525528054e-02,1.605521451757364881e-01,-4.625852870121637817e-01,-1.665471437349153594e-01,2.088425241216854689e-01,-2.349408232636350236e-01,1.079705616952382902e-01,4.283559586195079261e-02,4.072378413554230137e-01,5.984991854084349416e-01,-1.485142411738182844e-01,1.000000000000000000e+00,-1.305811134279589447e-01,2.002315424553880452e-01,-1.686606989936283163e-01,-2.855795292313443867e-01,-1.064993529933896399e-01,3.377533304233812927e-01,4.611142677420435217e-03,-1.241602790941698509e-01,-1.407423648303762209e-01,2.965245164339578299e-01,1.901019434229238390e-03
-5.482731246778241863e-01,2.670528127211032610e-01,7.247278765683196067e-01,-9.307468315478500953e-02,-1.163256340695360963e-01,9.328285078488808280e-01,4.241506076208409470e-01,-3.926571379318484767e-01,-8.501547093598365024e-01,8.059819717110691117e-01,9.270149848747468724e-01,1.839314827593645923e-02,-8.139321217791520846e-01,6.272751478613866061e-01,-9.023237660069045596e-01,3.027767905722110187e-01,8.199773492171260614e-01,-8.327197530251387869e-01,-5.968590191317441757e-02,-4.265790568438778130e-01,6.158381168812521178e-01,7.502851577787481574e-01,2.026763119825679693e-01,7.271606285078204834e-01,-6.053232768388339124e-01,4.236851075930188615e-01,9.150302000559289439e-01,-1.305811134279589447e-01,1.000000000000000000e+00,-2.642469768093906879e-01,9.205679463335814106e-01,8.706389899843417490e-01,9.136200288052321872e-01,-8.206188076352075589e-01,9.246417639282865641e-01,8.551391986181549054e-01,9.482494318318238635e-01,-8.858959777499425536e-01,-7.220785481613991585e-01
5.699408721629291019e-01,4.863537684599416044e-01,3.660654558864304391e-03,5.313679895825585558e-02,3.611079830799741042e-01,-3.388239944551595384e-01,-7.030142920110660221e-02,-1.095668354152952162e-01,5.100113780827764121e-01,1.139339408538604381e-01,-2.944094813422633017e-01,5.245702252617202160e-02,3.452752271388023209e-01,1.228288607280395017e-01,3.747917064776878915e-01,5.993697077654757122e-01,-2.087466912957647858e-01,4.068168754487460070e-01,2.525622724382688422e-01,-6.448936225530735311e-02,-2.339927152880136030e-01,-2.294492388721727227e-01,5.922623552322995311e-01,-6.625042769152698907e-02,6.025831637447863764e-01,1.719888580280500845e-01,-3.224871528861481540e-01,2.002315424553880452e-01,-2.642469768093906879e-01,1.000000000000000000e+00,-2.904368965935816838e-01,-2.229673687732422471e-01,-2.832053849844131665e-01,4.894903276774454359e-01,-3.059795493702849312e-01,-3.667034569721285345e-03,-3.153661728713064161e-01,3.697798411016860465e-01,4.666146850872790464e-01
-6.365105902919850900e-01,2.940321580862513828e-01,7.611586693168079787e-01,-7.405033105513347813e-02,-4.732671092735232093e-02,9.166745373489718629e-01,4.396682992018813851e-01,-3.586990705525623380e-01,-8.315827718674327906e-01,7.740918424257114960e-01,9.048809562262177808e-01,1.224692401074139875e-01,-8.296620426445412422e-01,6.039400773071744721e-01,-9.032282188697573488e-01,2.747101160910606632e-01,7.545224571926234525e-01,-8.435721187153948364e-01,2.821256914709979486e-03,-4.244358344913099490e-01,6.450155786798820179e-01,7.954741206404883913e-01,2.274235785266225940e-01,7.373320031956719367e-01,-6.956540084423191717e-01,3.475973744104833285e-01,9.512088544607826268e-01,-1.686606989936283163e-01,9.205679463335814106e-01,-2.904368965935816838e-01,1.000000000000000000e+00,9.127200150053603744e-01,9.417631681001241706e-01,-7.793406717770332559e-01,8.778212036352230907e-01,8.130461606360038784e-01,9.368346040579250689e-01,-9.121709052430057030e-01,-6.556082269497536252e-01
-6.358452943629248066e-01,4.513278495874096241e-01,7.314410683540104596e-01,-1.246896708846205459e-01,2.029365185285378695e-02,8.959940522572173993e-01,4.688161248934478165e-01,-3.519920152766556898e-01,-7.679329139794265346e-01,7.431726930564812594e-01,9.013541890289157310e-01,6.501242513618532559e-02,-6.937392048245043519e-01,6.546496708740489057e-01,-8.849560336794837223e-01,2.842986957931692982e-01,8.066944887295171007e-01,-8.051888921894698736e-01,8.863221132890536369e-02,-4.147165322195206505e-01,6.555640529674998662e-01,7.408877058235894264e-01,3.492693461557846990e-01,7.789934687293856852e-01,-6.916543392037115545e-01,2.166028767784972386e-01,9.118408211359800841e-01,-2.855795292313443867e-01,8.706389899843417490e-01,-2.229673687732422471e-01,9.127200150053603744e-01,1.000000000000000000e+00,8.799817846204142091e-01,-7.174571206771435117e-01,8.036835173374142771e-01,7.847488932337476353e-01,9.004256913315277222e-01,-8.953686235056048659e-01,-5.276012049945978388e-01
-6.164667675614833309e-01,2.652456513973072139e-01,7.871082256483610262e-01,-5.613876158181735354e-02,-5.966006661815738410e-02,8.974048711019748659e-01,4.274097133980960250e-01,-3.766267704409240746e-01,-8.230285797888483579e-01,7.647403442690915432e-01,8.686545561772678337e-01,1.687502678081068130e-01,-7.994929865693145565e-01,6.287555183320092667e-01,-8.785016415806369272e-01,2.752582462548752718e-01,7.402005794449094678e-01,-8.312456911875885091e-01,-3.687513056003367817e-02,-4.464745828461035293e-01,6.666718956557423637e-01,8.077860715233958766e-01,2.077592517238978920e-01,7.269863946454885317e-01,-6.658915674776236804e-01,3.837433375418620729e-01,9.333146985676559204e-01,-1.064993529933896399e-01,9.136200288052321872e-01,-2.832053849844131665e-01,9.417631681001241706e-01,8.799817846204142091e-01,1.000000000000000000e+00,-7.532712992032323251e-01,8.722293864353491966e-01,7.891341761246630782e-01,9.231211350721869602e-01,-8.925117744362486283e-01,-6.770934915084103611e-01
6.628921921576977905e-01,2.553456030207906791e-02,-4.145793727291745556e-01,-4.863704244022167694e-02,4.489078363965527951e-01,-8.460871583244310434e-01,-3.903015959599168694e-01,8.831431713038444264e-02,9.147924634251818343e-01,-5.400012115369025034e-01,-8.304087617054414228e-01,2.503560674054020052e-01,6.950339719778361181e-01,-3.124256966583828232e-01,8.832147970575137119e-01,3.214430122629503145e-02,-6.755800876349862261e-01,7.615079561277622311e-01,5.954920222009246755e-02,1.767905160861231728e-01,-4.261897710719287358e-01,-6.942305558216885775e-01,1.219966243347737622e-01,-4.610062561027503114e-01,7.023355608033693409e-01,-1.362561499982925250e-01,-7.850962141161740293e-01,3.377533304233812927e-01,-8.206188076352075589e-01,4.894903276774454359e-01,-7.793406717770332559e-01,-7.174571206771435117e-01,-7.532712992032323251e-01,1.000000000000000000e+00,-8.019301981772822829e-01,-6.984116339316220889e-01,-8.340347103879414137e-01,8.384931810066998947e-01,8.025048735502503527e-01
-4.864322000080469333e-01,1.630408753736201644e-01,7.171008968378841386e-01,-1.710356403571985373e-01,-8.203694069264420852e-02,9.092286913050798836e-01,3.740038014657381948e-01,-4.420647136113904363e-01,-8.262953798118750637e-01,7.730292267203906498e-01,8.976939041266278618e-01,1.676160462903657916e-02,-7.922841167116357886e-01,6.280193119864574403e-01,-8.611407183531750720e-01,2.620208125749391992e-01,8.111968467933119431e-01,-8.199533797213065522e-01,-1.894302606279216206e-01,-4.339179898497371179e-01,6.623950461626666453e-01,6.834852699923524844e-01,1.593109283741593329e-01,7.066032787100882118e-01,-5.704897712738151716e-01,4.988774133268945032e-01,8.869301508061927519e-01,4.611142677420435217e-03,9.246417639282865641e-01,-3.059795493702849312e-01,8.778212036352230907e-01,8.036835173374142771e-01,8.722293864353491966e-01,-8.019301981772822829e-01,1.000000000000000000e+00,8.009365144475166787e-01,9.255379192036422564e-01,-8.336300120705798511e-01,-7.536850268027018851e-01
-3.918557324070547354e-01,3.976126431759138824e-01,6.613708705907370700e-01,-5.942223986912509998e-02,-4.817889619595822764e-02,8.290709462943394170e-01,4.541738965444560017e-01,-3.333735241464125254e-01,-7.177303314275630397e-01,8.084019483135729267e-01,8.313758465931592179e-01,-2.267664320538218675e-02,-6.625475338043145257e-01,5.331714057239900217e-01,-7.907329436588332872e-01,4.457464288881664016e-01,6.965368242020665290e-01,-7.047805157631493733e-01,7.210997927503978722e-02,-4.126799669471463705e-01,4.849747592355071468e-01,7.108897021943383354e-01,3.226021409664265871e-01,5.700534916053756618e-01,-4.562225124193521331e-01,3.757921241575585269e-01,7.932307910751957847e-01,-1.241602790941698509e-01,8.551391986181549054e-01,-3.667034569721285345e-03,8.130461606360038784e-01,7.847488932337476353e-01,7.891341761246630782e-01,-6.984116339316220889e-01,8.009365144475166787e-01,1.000000000000000000e+00,8.346532293321505813e-01,-7.672316079799881283e-01,-5.699870673886935357e-01
-6.109688841142982829e-01,2.533609186291274629e-01,7.316297575318269075e-01,-1.292160144055830850e-01,-9.669439377026090021e-02,9.524372608459350520e-01,4.333579699049835421e-01,-3.778543790748863929e-01,-8.718104119365776006e-01,7.794599271142887975e-01,9.432232961009466843e-01,1.724883769300880609e-02,-7.994441114462511599e-01,6.351915705294762793e-01,-9.240916809711359203e-01,2.486321576986950665e-01,8.330537408928063714e-01,-8.660953807507157931e-01,-8.423890920484930489e-02,-4.085300534445079901e-01,6.709179650987636689e-01,7.593574638788076481e-01,2.011413542186545611e-01,7.433702796291220549e-01,-6.654712939818313577e-01,3.737627713289594089e-01,9.399741982092593151e-01,-1.407423648303762209e-01,9.482494318318238635e-01,-3.153661728713064161e-01,9.368346040579250689e-01,9.004256913315277222e-01,9.231211350721869602e-01,-8.340347103879414137e-01,9.255379192036422564e-01,8.346532293321505813e-01,1.000000000000000000e+00,-9.164012477466932927e-01,-7.318111937201150496e-01
7.746614790783543647e-01,-2.117437811130401804e-01,-6.671152372955700960e-01,9.938607845665468898e-02,1.964084950279111341e-01,-9.231679999740147746e-01,-4.690721614985282062e-01,2.880056642425420921e-01,9.061014314989778162e-01,-6.722724259931508461e-01,-9.134481163217628152e-01,-3.042339802743571769e-02,7.415857951109846580e-01,-5.510219578803406959e-01,9.360743507662437901e-01,-1.290107181353457033e-01,-7.523541847303946151e-01,8.923279305000372252e-01,6.365201873872508576e-02,3.383440004316823346e-01,-6.358682105026760567e-01,-7.643402005996883242e-01,-1.557316811134891454e-01,-6.757967414561664166e-01,7.204337479283970946e-01,-1.668905831758263070e-01,-9.077842491055561069e-01,2.965245164339578299e-01,-8.858959777499425536e-01,3.697798411016860465e-01,-9.121709052430057030e-01,-8.953686235056048659e-01,-8.925117744362486283e-01,8.384931810066998947e-01,-8.336300120705798511e-01,-7.672316079799881283e-01,-9.164012477466932927e-01,1.000000000000000000e+00,7.398473995686613014e-01
5.944535699191199063e-01,2.911963557301999184e-01,-4.463492355003936818e-01,1.339698866286602452e-01,3.767586988040847462e-01,-7.405783415108760925e-01,-2.264728221939821262e-01,2.547944942871939178e-01,8.522066858547243662e-01,-4.675053483834596957e-01,-7.085241534407101804e-01,6.793583348088842733e-02,6.474424374885876521e-01,-3.342466012810318965e-01,7.239706609383779190e-01,8.650797952559030612e-02,-5.935880564589179897e-01,7.595025316429875328e-01,4.484986140462414173e-01,2.002032555529248414e-01,-5.050884886754536396e-01,-5.197229674407438660e-01,1.814236974982597617e-01,-3.983247905587378734e-01,4.786015468178831944e-01,-3.082786013376967449e-01,-6.556877725843950344e-01,1.901019434229238390e-03,-7.220785481613991585e-01,4.666146850872790464e-01,-6.556082269497536252e-01,-5.276012049945978388e-01,-6.770934915084103611e-01,8.025048735502503527e-01,-7.536850268027018851e-01,-5.699870673886935357e-01,-7.318111937201150496e-01,7.398473995686613014e-01,1.000000000000000000e+00
