1.000000000000000000e+00,4.651772109498039098e-01,4.782380340554922005e-01,-5.611018241554069919e-01,3.802528814984268424e-01,4.487512173294005424e-01,2.231503412171300105e-01,4.227266623747101271e-01,4.679256910021530325e-01,6.074303212848416456e-01,5.224431160889315695e-01,-2.688452073790523200e-01,-5.239965452537826973e-01,5.348949950577683854e-01,3.231603635183883522e-02,5.229640023366787238e-01,6.199180509152634189e-01,3.132225094601533977e-01,-2.864878643993509222e-01,3.404986391512507260e-01,5.437869149949886571e-01,4.187316430839517212e-01,2.781675921539357721e-01,5.460434418982804683e-01,5.077904440174371148e-01,7.321646508868452363e-01,5.424985463901724758e-01,6.769883097283068141e-01,7.342978434957944112e-01,6.117806001857394316e-01,4.948084937680213846e-01,4.477907000566022089e-01,6.490918089043575812e-01,-1.042454488259346862e-01,5.603298650970591765e-01,2.056917666587181615e-01,5.049845995555686251e-01,3.116651564204240832e-01,1.091279037000109503e-01
4.651772109498039098e-01,1.000000000000000000e+00,2.686581117368646576e-01,-7.561846287870856165e-02,3.369572472296823995e-01,2.172972583360739673e-01,2.697054350525235900e-01,8.635697965466608561e-02,4.175319940918541528e-01,5.033234684667167169e-01,2.243387895957997258e-01,1.943832547846813252e-01,-1.182074164236606023e-01,5.182479070221619466e-01,5.601990248615461299e-02,4.941394845070451458e-01,1.542919516189703022e-01,2.448441739271310646e-01,1.608063070299333153e-01,-9.381232286345822513e-02,6.240256471489983442e-02,1.404828333608788282e-01,5.003394934057014964e-01,3.208457153848532362e-01,4.707076289293882221e-01,2.091492390833489534e-01,3.465138401523715217e-01,1.123081998541165527e-01,2.548346295801786621e-01,5.907264169465670234e-01,4.802458909018243460e-01,2.896183928700190036e-01,2.779597759389108025e-01,2.007855446230349394e-01,2.994607575096042140e-01,5.712459723220013608e-01,1.959965181927383615e-01,1.375127733848613698e-01,2.573579548100210501e-01
4.782380340554922005e-01,2.686581117368646576e-01,1.000000000000000000e+00,-2.742581189459025182e-01,6.854316661613960582e-01,1.742369688766605695e-01,3.645191366708624425e-01,4.114859420530931899e-01,5.733986859715648476e-01,6.445965066124996756e-01,2.723021569450899126e-01,1.887075680556604684e-01,-4.410609992754187525e-01,4.495237183868510122e-01,2.690809447965696877e-01,5.410241950706355940e-01,2.872250214762399612e-01,3.441152167456081878e-01,1.600629973933256345e-01,3.448017066537157338e-01,5.579898333432523616e-01,6.264321562309930203e-01,4.626410009459909767e-01,5.268571047953641839e-01,5.361075760847842098e-01,5.097825234682803464e-01,6.328496930657928621e-01,5.353983978595032722e-01,3.924967478945799448e-01,4.683434798751568984e-01,5.583942791034979258e-01,4.150265329378503010e-01,5.335654395041168341e-01,1.608524102206694839e-01,3.722133580923950302e-01,2.155734503412657099e-01,3.658782263078602104e-01,2.659931510112674702e-01,4.055184205681632292e-01
-5.611018241554069919e-01,-7.561846287870856165e-02,-2.742581189459025182e-01,1.000000000000000000e+00,-9.950562701760366779e-02,-3.970224991967006289e-01,-8.621888173250709386e-02,-5.746726064348807173e-01,-1.860777614501376021e-01,-3.617346685639151183e-01,-4.220816131748811317e-01,2.357905153644938856e-01,6.189323811996996216e-01,-3.383378510319706711e-01,2.215783029029414278e-02,-2.299639389298192005e-01,-5.383819399999683064e-01,-3.223440233053763513e-03,4.015782333171554752e-01,-4.708051087745159791e-01,-6.248966021489610334e-01,-5.021153781458745913e-01,5.329737188770147793e-02,-4.093381147223141836e-01,-2.715564614873925420e-01,-5.355750458732898567e-01,-5.177911430795747449e-01,-6.817575852537500758e-01,-6.160241019185872524e-01,-1.766142993866528510e-01,-4.443751812743026997e-01,-4.248081364552909189e-01,-5.775391877302396004e-01,2.810274627600275466e-01,-4.823880005556089867e-01,-3.887584651517971696e-02,-5.139455543919545510e-01,-1.643924492922119729e-01,-7.694969793814832038e-02
3.802528814984268424e-01,3.369572472296823995e-01,6.854316661613960582e-01,-9.950562701760366779e-02,1.000000000000000000e+00,1.446522623092005291e-03,1.681670721672196556e-01,1.768166176638148457e-01,6.832491316833927408e-01,6.240805777445933566e-01,9.598617536101849979e-02,3.533554694509194460e-01,-2.160734704861974331e-01,3.982867781619053860e-01,3.509273900782504674e-01,5.955063282494287291e-01,8.929567234996654834e-02,3.850720054610629606e-01,3.887722254906611496e-01,1.668703216339852136e-02,2.635324928714178339e-01,3.379998720687114599e-01,5.337611118137002286e-01,4.080799099261154250e-01,5.682934558429287852e-01,3.476418752293245484e-01,4.589323750349764697e-01,2.761740041223692543e-01,1.885830459567154893e-01,5.043807753753080103e-01,4.532894095481894703e-01,2.013760021176345671e-01,3.401430691106487880e-01,3.650011179667214667e-01,1.724298622961077943e-01,3.170717694606674519e-01,1.257762332991561316e-01,3.704636568734875901e-01,5.543969161252949585e-01
4.487512173294005424e-01,2.172972583360739673e-01,1.742369688766605695e-01,-3.970224991967006289e-01,1.446522623092005291e-03,1.000000000000000000e+00,4.429649310877175616e-01,3.548071486147167386e-01,-5.204674064318588755e-02,3.243445068658313279e-01,7.273257185170435291e-01,-4.322945185830661119e-01,-5.516774072958836594e-01,5.844380628760673657e-01,-3.216653802826682229e-01,1.938449097017113099e-01,7.660591402278246198e-01,-2.326541067076088112e-02,-3.671108811773737268e-01,4.329088311720929449e-01,4.371488740049302990e-01,2.747664433792458838e-01,2.079634079193425633e-01,4.453113485728997789e-01,2.333169502091777536e-01,5.019507594938794615e-01,4.952144382453451676e-01,5.475675491382593352e-01,6.668152416589296916e-01,1.976794013482228718e-01,3.947284539902063405e-01,7.451996201056459990e-01,4.971525314729813294e-01,-5.304771505287708688e-01,7.969943282215492530e-01,1.446548644178002052e-01,7.649632494898567225e-01,-1.463658627865388473e-01,-2.226604244562152279e-01
2.231503412171300105e-01,2.697054350525235900e-01,3.645191366708624425e-01,-8.621888173250709386e-02,1.681670721672196556e-01,4.429649310877175616e-01,1.000000000000000000e+00,3.763285480955173568e-01,-9.956081855040656639e-03,2.846904823449869504e-01,4.666998816629841507e-01,-1.698625801141820657e-01,-3.540175934353134712e-01,3.946755934259156828e-01,-1.334422541987480004e-01,1.584975331167106649e-01,3.803971036956819152e-01,9.424769492700119100e-02,-1.109310187443776768e-01,3.874114286563494769e-01,4.415150842205136095e-01,4.360486221358712555e-01,1.883994821068128711e-01,2.829832190733110875e-01,8.428378329807728608e-02,3.060176410304928929e-01,4.208525373516800450e-01,3.602033155398304820e-01,3.614528805741259454e-01,1.617683195992103695e-01,2.863895146882974863e-01,5.855594560920794889e-01,2.943389451321700712e-01,-3.488857041278720095e-01,5.386912734574460515e-01,1.617498882416471273e-01,5.578104393217221402e-01,-2.309079063231182505e-01,-1.410048208861461316e-01
4.227266623747101271e-01,8.635697965466608561e-02,4.114859420530931899e-01,-5.746726064348807173e-01,1.768166176638148457e-01,3.548071486147167386e-01,3.763285480955173568e-01,1.000000000000000000e+00,1.500844767918815270e-01,3.479212260259180178e-01,4.483569715159465008e-01,-9.001599104520437156e-02,-6.471114413187203374e-01,2.081373834993547889e-01,9.696464287639078306e-02,1.268392958311778396e-01,4.689036832046755143e-01,1.584254626819710521e-01,-2.989578717578187383e-01,6.456501106059225892e-01,7.618379167810611641e-01,7.690060159146381302e-01,-1.416946322461383467e-02,4.080642939361799892e-01,1.535654697474255481e-01,4.584835470755116993e-01,6.257376933312746026e-01,6.699416885238544950e-01,5.348927536005222416e-01,1.465724952102570033e-01,3.967576729511910760e-01,5.468740570020081959e-01,5.739638205264887549e-01,-3.278560058095889018e-01,4.700628037291339489e-01,9.960096523691416501e-03,5.737112326001648777e-01,6.015735147360996155e-03,7.566374548336501915e-02
4.679256910021530325e-01,4.175319940918541528e-01,5.733986859715648476e-01,-1.860777614501376021e-01,6.832491316833927408e-01,-5.204674064318588755e-02,-9.956081855040656639e-03,1.500844767918815270e-01,1.000000000000000000e+00,6.914640642523887104e-01,7.648619330324341048e-02,3.977223287747323477e-01,-1.621818998398947276e-01,3.557358357691395301e-01,4.149210270708500459e-01,6.685011421637517826e-01,8.662349213759587552e-02,5.544573182528698130e-01,4.118144410273775202e-01,-3.358623686046244283e-02,1.929831025745187556e-01,2.822086355435102778e-01,6.013928041590022033e-01,4.221414069976031636e-01,6.925106030092066378e-01,3.778662886150885303e-01,4.465227457845583614e-01,2.618119854787914202e-01,1.863606502384463071e-01,6.753219964513901274e-01,5.203055024742824219e-01,9.393161117991499776e-02,3.715808091870512198e-01,5.075276952346255976e-01,9.255894540312725738e-02,3.150980642915727215e-01,7.482012898376504823e-03,6.309000919956191389e-01,6.636202574922214215e-01
6.074303212848416456e-01,5.033234684667167169e-01,6.445965066124996756e-01,-3.617346685639151183e-01,6.240805777445933566e-01,3.243445068658313279e-01,2.846904823449869504e-01,3.479212260259180178e-01,6.914640642523887104e-01,1.000000000000000000e+00,3.782992635914442792e-01,1.643982119956649557e-01,-4.276939119733844663e-01,6.192154545724746217e-01,1.245444058986762692e-01,7.182371819446701222e-01,3.869119507619889209e-01,4.056185399470787489e-01,2.332701840976627305e-01,2.097370250870262687e-01,4.329946232851989429e-01,4.497548566380384361e-01,6.237587454722536284e-01,6.040393471917447910e-01,7.396695417051893928e-01,5.231954215247104356e-01,6.456317038677138465e-01,4.942011446117947071e-01,4.806577803965047524e-01,6.833065406664122765e-01,6.757424859605158929e-01,4.502891271612426971e-01,5.309841239177465200e-01,1.414421554885070542e-01,4.782568190679761244e-01,3.740833676575635591e-01,3.993311840550191061e-01,3.633924481813536889e-01,5.056501892781339880e-01
5.224431160889315695e-01,2.243387895957997258e-01,2.723021569450899126e-01,-4.220816131748811317e-01,9.598617536101849979e-02,7.273257185170435291e-01,4.666998816629841507e-01,4.483569715159465008e-01,7.648619330324341048e-02,3.782992635914442792e-01,1.000000000000000000e+00,-3.950937037687123343e-01,-5.554262056932657288e-01,5.096141692280989899e-01,-1.558818215641407656e-01,1.922136427247167489e-01,7.860034475980997026e-01,1.785348778073415910e-01,-3.836551582793464865e-01,4.670178778873099179e-01,5.554504832484258303e-01,4.129237997848522190e-01,1.947382744150215339e-01,5.532479750573123800e-01,2.129729192023459283e-01,6.290191282075282553e-01,5.559673759713288366e-01,6.222830284074812868e-01,7.057148577824372548e-01,2.662247699636407505e-01,3.862751529597952538e-01,7.473896300449117680e-01,5.357575090817655594e-01,-4.725377103654599398e-01,7.335802698439346514e-01,4.525265778060082178e-02,7.323245218556013736e-01,4.214118634006574354e-02,-1.694782164146852732e-01
-2.688452073790523200e-01,1.943832547846813252e-01,1.887075680556604684e-01,2.357905153644938856e-01,3.533554694509194460e-01,-4.322945185830661119e-01,-1.698625801141820657e-01,-9.001599104520437156e-02,3.977223287747323477e-01,1.643982119956649557e-01,-3.950937037687123343e-01,1.000000000000000000e+00,2.808100624046024896e-01,-1.746648453004420037e-02,4.649917468754067307e-01,2.469809946459114447e-01,-5.236860267329156438e-01,2.283775689275419074e-01,7.012482500762323712e-01,-3.273162556166326342e-01,-2.368602612908496940e-01,3.868871867986266311e-02,3.797129687707676005e-01,-3.111021445858164550e-02,2.464487507118547915e-01,-3.474065505232120654e-01,1.064113499997764167e-01,-3.438172882431727029e-01,-4.727680746966371750e-01,1.352994848983936904e-01,2.249506528645989489e-01,-2.023245331986173456e-01,-1.132100361613635614e-01,6.647058238152055987e-01,-3.440198012189829568e-01,3.997416585249573551e-01,-3.715833313980020369e-01,2.577458866921842895e-01,6.874117039861150635e-01
-5.239965452537826973e-01,-1.182074164236606023e-01,-4.410609992754187525e-01,6.189323811996996216e-01,-2.160734704861974331e-01,-5.516774072958836594e-01,-3.540175934353134712e-01,-6.471114413187203374e-01,-1.621818998398947276e-01,-4.276939119733844663e-01,-5.554262056932657288e-01,2.808100624046024896e-01,1.000000000000000000e+00,-4.295741015410722285e-01,1.704425949011223115e-02,-2.418315711096159504e-01,-6.376587318973141461e-01,-4.170694938923692058e-02,3.356326388284526230e-01,-6.214390120594140976e-01,-7.023914414087044644e-01,-6.393839775114351642e-01,-9.832089268451420228e-02,-5.345918507955319532e-01,-2.887365386543156998e-01,-5.639554407983936590e-01,-6.271154543341326271e-01,-7.427000223826181191e-01,-6.638672732306674096e-01,-1.873805262610848676e-01,-5.476559845772408508e-01,-6.312646073232043298e-01,-6.146172345958121896e-01,3.850201333508895818e-01,-6.461968552927211951e-01,-3.836806204988504193e-02,-6.754916221664758469e-01,-6.249104779798221772e-03,3.671302143886889108e-02
5.348949950577683854e-01,5.182479070221619466e-01,4.495237183868510122e-01,-3.383378510319706711e-01,3.982867781619053860e-01,5.844380628760673657e-01,3.946755934259156828e-01,2.081373834993547889e-01,3.557358357691395301e-01,6.192154545724746217e-01,5.096141692280989899e-01,-1.746648453004420037e-02,-4.295741015410722285e-01,1.000000000000000000e+00,-8.360037291115514357e-02,5.676499873262778051e-01,5.245498065159900358e-01,1.376283841917020911e-01,3.000877756761356763e-02,1.816089928037116774e-01,3.272893396659882770e-01,2.637332651907518533e-01,5.409544138716793071e-01,6.381074054955839792e-01,5.470464585545554703e-01,4.829037833480804287e-01,5.856073926394789186e-01,4.505220620475253179e-01,5.509552647205717690e-01,5.334716906841368012e-01,6.629557507126316862e-01,6.303815004857604709e-01,4.818844355145500136e-01,-1.060981130426921631e-01,6.880017906532956973e-01,5.064007471839739871e-01,5.789208122399839285e-01,8.928711885158099881e-02,1.893744839100580668e-01
3.231603635183883522e-02,5.601990248615461299e-02,2.690809447965696877e-01,2.215783029029414278e-02,3.509273900782504674e-01,-3.216653802826682229e-01,-1.334422541987480004e-01,9.696464287639078306e-02,4.149210270708500459e-01,1.245444058986762692e-01,-1.558818215641407656e-01,4.649917468754067307e-01,1.704425949011223115e-02,-8.360037291115514357e-02,1.000000000000000000e+00,1.049444421099062219e-01,-2.142820442084799604e-01,3.845536480110450239e-01,3.475608333527135940e-01,-8.446042550256431525e-03,4.049669272885197263e-02,2.199279466877345768e-01,2.001624171840240829e-01,9.144383282698778648e-02,1.981034859531650705e-01,3.044320532289977732e-02,1.968774172751176221e-01,-7.679602774785511572e-03,-1.763766385182099772e-01,8.626520560208578159e-02,1.821372917169653549e-01,-1.017963311581525365e-01,1.529868220049978855e-01,4.881506669859791980e-01,-2.018385110910475566e-01,1.359817227773517101e-01,-2.124894022575236907e-01,5.173458028488198135e-01,4.436685314908156430e-01
5.229640023366787238e-01,4.941394845070451458e-01,5.410241950706355940e-01,-2.299639389298192005e-01,5.955063282494287291e-01,1.938449097017113099e-01,1.584975331167106649e-01,1.268392958311778396e-01,6.685011421637517826e-01,7.182371819446701222e-01,1.922136427247167489e-01,2.469809946459114447e-01,-2.418315711096159504e-01,5.676499873262778051e-01,1.049444421099062219e-01,1.000000000000000000e+00,2.209497566728439999e-01,3.403318889891188137e-01,2.873303328896426034e-01,-2.788717244006231905e-03,2.144254745386466876e-01,2.336179551716385527e-01,6.480139201227361756e-01,4.586689590094645275e-01,6.303473849736316303e-01,4.416911941281572163e-01,4.674275083448126145e-01,3.180059106579288808e-01,3.374190277373359526e-01,7.175267834182897930e-01,5.574554698664654362e-01,2.787699735864609396e-01,3.414620292121999245e-01,2.617911251227477143e-01,3.380940700140233068e-01,4.138093873288294366e-01,2.394374835862285722e-01,3.379533784947051922e-01,4.622019365235357502e-01
6.199180509152634189e-01,1.542919516189703022e-01,2.872250214762399612e-01,-5.383819399999683064e-01,8.929567234996654834e-02,7.660591402278246198e-01,3.803971036956819152e-01,4.689036832046755143e-01,8.662349213759587552e-02,3.869119507619889209e-01,7.860034475980997026e-01,-5.236860267329156438e-01,-6.376587318973141461e-01,5.245498065159900358e-01,-2.142820442084799604e-01,2.209497566728439999e-01,1.000000000000000000e+00,1.314385140777349636e-01,-4.925152134447716157e-01,5.327711934821187656e-01,6.077539997421507190e-01,3.958496645308675621e-01,1.431993428971186644e-01,5.547769408407300373e-01,2.669492096406964610e-01,7.185536451962822868e-01,5.495242635780621665e-01,7.247359577853327295e-01,8.072947393575680142e-01,2.772710487047880257e-01,3.788813700334504597e-01,7.097216576805241983e-01,5.872304380626000020e-01,-5.298194782165193129e-01,7.685336201091264030e-01,-1.317680050795769914e-02,7.589048091044687805e-01,6.858253388016798124e-02,-2.078906690023176185e-01
3.132225094601533977e-01,2.448441739271310646e-01,3.441152167456081878e-01,-3.223440233053763513e-03,3.850720054610629606e-01,-2.326541067076088112e-02,9.424769492700119100e-02,1.584254626819710521e-01,5.544573182528698130e-01,4.056185399470787489e-01,1.785348778073415910e-01,2.283775689275419074e-01,-4.170694938923692058e-02,1.376283841917020911e-01,3.845536480110450239e-01,3.403318889891188137e-01,1.314385140777349636e-01,1.000000000000000000e+00,2.806562459254802744e-01,2.390331219468540616e-02,1.827998363878238219e-01,2.091204890280907447e-01,3.551905625824243184e-01,2.969985292747949757e-01,3.193895455630022528e-01,3.514337927887005719e-01,2.985905073397338572e-01,1.934970812236151694e-01,1.533004500977197537e-01,4.589709068108294154e-01,2.276273128882133068e-01,8.946743657130278027e-02,2.981655406103925765e-01,2.986992574394619071e-01,8.752051321834411479e-02,1.520258633042419205e-01,2.410492070347558177e-02,5.765516113546556021e-01,3.477877430588849350e-01
-2.864878643993509222e-01,1.608063070299333153e-01,1.600629973933256345e-01,4.015782333171554752e-01,3.887722254906611496e-01,-3.671108811773737268e-01,-1.109310187443776768e-01,-2.989578717578187383e-01,4.118144410273775202e-01,2.332701840976627305e-01,-3.836551582793464865e-01,7.012482500762323712e-01,3.356326388284526230e-01,3.000877756761356763e-02,3.475608333527135940e-01,2.873303328896426034e-01,-4.925152134447716157e-01,2.806562459254802744e-01,1.000000000000000000e+00,-3.920992740895250517e-01,-3.561114830927372132e-01,-1.491726290999028648e-01,4.833791473340877110e-01,-2.183294739701164763e-02,3.078828045104348710e-01,-3.387050714279145058e-01,-8.311364335849100171e-03,-4.127933154858864362e-01,-4.769580306079663767e-01,1.853450148640344852e-01,1.563385108798508172e-01,-2.347481784765390878e-01,-2.097156308045797501e-01,6.256625131526890593e-01,-3.049953140414212727e-01,2.923510604628557497e-01,-3.895321038124329172e-01,2.298150666194689329e-01,6.042918141245323671e-01
3.404986391512507260e-01,-9.381232286345822513e-02,3.448017066537157338e-01,-4.708051087745159791e-01,1.668703216339852136e-02,4.329088311720929449e-01,3.874114286563494769e-01,6.456501106059225892e-01,-3.358623686046244283e-02,2.097370250870262687e-01,4.670178778873099179e-01,-3.273162556166326342e-01,-6.214390120594140976e-01,1.816089928037116774e-01,-8.446042550256431525e-03,-2.788717244006231905e-03,5.327711934821187656e-01,2.390331219468540616e-02,-3.920992740895250517e-01,1.000000000000000000e+00,7.041223680990811307e-01,6.357304762389118791e-01,-6.862309924406417849e-02,3.455508715210624526e-01,6.696607767942280853e-02,4.629814976215392286e-01,4.954912184411390252e-01,6.699665533320495747e-01,5.424214729597449658e-01,-8.304569683430669189e-03,2.779740366175841859e-01,5.422528170300020545e-01,5.327733415015027951e-01,-4.728679593826469185e-01,5.209675584682365024e-01,-1.546711241797941172e-01,6.135738513513415704e-01,-1.102243532080429689e-01,-1.404325076001927408e-01
5.437869149949886571e-01,6.240256471489983442e-02,5.579898333432523616e-01,-6.248966021489610334e-01,2.635324928714178339e-01,4.371488740049302990e-01,4.415150842205136095e-01,7.618379167810611641e-01,1.929831025745187556e-01,4.329946232851989429e-01,5.554504832484258303e-01,-2.368602612908496940e-01,-7.023914414087044644e-01,3.272893396659882770e-01,4.049669272885197263e-02,2.144254745386466876e-01,6.077539997421507190e-01,1.827998363878238219e-01,-3.561114830927372132e-01,7.041223680990811307e-01,1.000000000000000000e+00,7.749122576922071737e-01,2.346568972279304902e-02,4.907059713894227904e-01,2.117020288569766429e-01,6.468275964728542604e-01,6.665233573763790220e-01,7.977344271152051469e-01,6.870110260040106498e-01,2.256715690509674410e-01,3.952645763143060043e-01,6.163003814190937124e-01,6.063805869033521700e-01,-3.995723277286308273e-01,5.893021624369256806e-01,-4.270399602401724753e-02,6.746616309079963569e-01,6.549333606846423350e-02,1.888141670009165635e-02
4.187316430839517212e-01,1.404828333608788282e-01,6.264321562309930203e-01,-5.021153781458745913e-01,3.379998720687114599e-01,2.747664433792458838e-01,4.360486221358712555e-01,7.690060159146381302e-01,2.822086355435102778e-01,4.497548566380384361e-01,4.129237997848522190e-01,3.868871867986266311e-02,-6.393839775114351642e-01,2.637332651907518533e-01,2.199279466877345768e-01,2.336179551716385527e-01,3.958496645308675621e-01,2.091204890280907447e-01,-1.491726290999028648e-01,6.357304762389118791e-01,7.749122576922071737e-01,1.000000000000000000e+00,1.175326190421700501e-01,4.466585841089613651e-01,2.593452134285879063e-01,4.682007735281787930e-01,6.816392314296199073e-01,6.562737284529990278e-01,4.770373493374380769e-01,2.227917368238663820e-01,4.985794221023555073e-01,5.434287750488678848e-01,6.069360677489139544e-01,-1.678518738954014600e-01,4.471233477974609904e-01,7.286894447600131275e-02,5.335274883874205898e-01,1.042739554084740200e-01,2.008018564650546900e-01
2.781675921539357721e-01,5.003394934057014964e-01,4.626410009459909767e-01,5.329737188770147793e-02,5.337611118137002286e-01,2.079634079193425633e-01,1.883994821068128711e-01,-1.416946322461383467e-02,6.013928041590022033e-01,6.237587454722536284e-01,1.947382744150215339e-01,3.797129687707676005e-01,-9.832089268451420228e-02,5.409544138716793071e-01,2.001624171840240829e-01,6.480139201227361756e-01,1.431993428971186644e-01,3.551905625824243184e-01,4.833791473340877110e-01,-6.862309924406417849e-02,2.346568972279304902e-02,1.175326190421700501e-01,1.000000000000000000e+00,4.357422530308887043e-01,6.744754301251886242e-01,2.464366743405710103e-01,4.508875247846992895e-01,1.105391972727244321e-01,1.343153997535303790e-01,5.657576752768249673e-01,5.531877557106468224e-01,3.022869825109592568e-01,2.353514447364311868e-01,3.334164538801507316e-01,2.675409984782849970e-01,4.410180037392780195e-01,1.423711294993772192e-01,3.069703724973389947e-01,5.151456431824975590e-01
5.460434418982804683e-01,3.208457153848532362e-01,5.268571047953641839e-01,-4.093381147223141836e-01,4.080799099261154250e-01,4.453113485728997789e-01,2.829832190733110875e-01,4.080642939361799892e-01,4.221414069976031636e-01,6.040393471917447910e-01,5.532479750573123800e-01,-3.111021445858164550e-02,-5.345918507955319532e-01,6.381074054955839792e-01,9.144383282698778648e-02,4.586689590094645275e-01,5.547769408407300373e-01,2.969985292747949757e-01,-2.183294739701164763e-02,3.455508715210624526e-01,4.907059713894227904e-01,4.466585841089613651e-01,4.357422530308887043e-01,1.000000000000000000e+00,5.081693486723305453e-01,5.807613814788724627e-01,6.281191951004413410e-01,5.832494161952702649e-01,5.679103547267555507e-01,4.507791552285512759e-01,5.897183956088835055e-01,5.942502309382253767e-01,5.542420142914156189e-01,-9.969183482039556399e-02,5.827831171023676315e-01,2.461023752902107842e-01,5.463216486783895043e-01,2.263339506660367595e-01,2.141566393225285136e-01
5.077904440174371148e-01,4.707076289293882221e-01,5.361075760847842098e-01,-2.715564614873925420e-01,5.682934558429287852e-01,2.333169502091777536e-01,8.428378329807728608e-02,1.535654697474255481e-01,6.925106030092066378e-01,7.396695417051893928e-01,2.129729192023459283e-01,2.464487507118547915e-01,-2.887365386543156998e-01,5.470464585545554703e-01,1.981034859531650705e-01,6.303473849736316303e-01,2.669492096406964610e-01,3.193895455630022528e-01,3.078828045104348710e-01,6.696607767942280853e-02,2.117020288569766429e-01,2.593452134285879063e-01,6.744754301251886242e-01,5.081693486723305453e-01,1.000000000000000000e+00,3.526540352373643827e-01,5.135838537511336899e-01,3.140474740704286005e-01,3.111051993532708559e-01,6.009271865497201048e-01,6.551678324911768270e-01,2.783608993762624606e-01,4.621098061970392856e-01,3.329296891456887120e-01,3.098870845398386531e-01,3.991792736128686458e-01,1.962398214816073183e-01,4.112782493745598678e-01,5.977999743935984434e-01
7.321646508868452363e-01,2.091492390833489534e-01,5.097825234682803464e-01,-5.355750458732898567e-01,3.476418752293245484e-01,5.019507594938794615e-01,3.060176410304928929e-01,4.584835470755116993e-01,3.778662886150885303e-01,5.231954215247104356e-01,6.290191282075282553e-01,-3.474065505232120654e-01,-5.639554407983936590e-01,4.829037833480804287e-01,3.044320532289977732e-02,4.416911941281572163e-01,7.185536451962822868e-01,3.514337927887005719e-01,-3.387050714279145058e-01,4.629814976215392286e-01,6.468275964728542604e-01,4.682007735281787930e-01,2.464366743405710103e-01,5.807613814788724627e-01,3.526540352373643827e-01,1.000000000000000000e+00,6.003426984761633944e-01,7.641363387769041227e-01,7.728505813945244496e-01,4.770692651694597997e-01,3.982672847633076385e-01,5.580171387938061001e-01,5.916730681512792911e-01,-2.879162367640117903e-01,6.305220245692495507e-01,1.843362159524410473e-02,6.147853592824394919e-01,3.305678484265615058e-01,-1.169016273015532036e-02
5.424985463901724758e-01,3.465138401523715217e-01,6.328496930657928621e-01,-5.177911430795747449e-01,4.589323750349764697e-01,4.952144382453451676e-01,4.208525373516800450e-01,6.257376933312746026e-01,4.465227457845583614e-01,6.456317038677138465e-01,5.559673759713288366e-01,1.064113499997764167e-01,-6.271154543341326271e-01,5.856073926394789186e-01,1.968774172751176221e-01,4.674275083448126145e-01,5.495242635780621665e-01,2.985905073397338572e-01,-8.311364335849100171e-03,4.954912184411390252e-01,6.665233573763790220e-01,6.816392314296199073e-01,4.508875247846992895e-01,6.281191951004413410e-01,5.135838537511336899e-01,6.003426984761633944e-01,1.000000000000000000e+00,6.636173755214109793e-01,5.843426469533911094e-01,4.113269079061384059e-01,6.960027710696732317e-01,7.050067135765750725e-01,6.561791052265726343e-01,-1.177246377234328900e-01,6.482051553032915914e-01,2.980138708062536890e-01,6.366224050728399586e-01,2.585889742229382504e-01,3.598906639579358968e-01
6.769883097283068141e-01,1.123081998541165527e-01,5.353983978595032722e-01,-6.817575852537500758e-01,2.761740041223692543e-01,5.475675491382593352e-01,3.602033155398304820e-01,6.699416885238544950e-01,2.618119854787914202e-01,4.942011446117947071e-01,6.222830284074812868e-01,-3.438172882431727029e-01,-7.427000223826181191e-01,4.505220620475253179e-01,-7.679602774785511572e-03,3.180059106579288808e-01,7.247359577853327295e-01,1.934970812236151694e-01,-4.127933154858864362e-01,6.699665533320495747e-01,7.977344271152051469e-01,6.562737284529990278e-01,1.105391972727244321e-01,5.832494161952702649e-01,3.140474740704286005e-01,7.641363387769041227e-01,6.636173755214109793e-01,1.000000000000000000e+00,7.857502367311127722e-01,3.175503142166131720e-01,4.785091435389344783e-01,6.336659737222199995e-01,6.940273683018712836e-01,-3.870589802646720035e-01,6.743866537709329867e-01,-1.165982006447284676e-02,7.153477885923310575e-01,1.381419871985581638e-01,-1.302164698456084041e-02
7.342978434957944112e-01,2.548346295801786621e-01,3.924967478945799448e-01,-6.160241019185872524e-01,1.885830459567154893e-01,6.668152416589296916e-01,3.614528805741259454e-01,5.348927536005222416e-01,1.863606502384463071e-01,4.806577803965047524e-01,7.057148577824372548e-01,-4.727680746966371750e-01,-6.638672732306674096e-01,5.509552647205717690e-01,-1.763766385182099772e-01,3.374190277373359526e-01,8.072947393575680142e-01,1.533004500977197537e-01,-4.769580306079663767e-01,5.424214729597449658e-01,6.870110260040106498e-01,4.770373493374380769e-01,1.343153997535303790e-01,5.679103547267555507e-01,3.111051993532708559e-01,7.728505813945244496e-01,5.843426469533911094e-01,7.857502367311127722e-01,1.000000000000000000e+00,4.023644233957651695e-01,4.175513445838148763e-01,6.626486208240720543e-01,6.174560552319684481e-01,-4.684552711850208939e-01,7.462740541358472424e-01,5.748388185941537276e-02,7.434549012100387655e-01,8.466151198817645218e-02,-1.430370960209090825e-01
6.117806001857394316e-01,5.907264169465670234e-01,4.683434798751568984e-01,-1.766142993866528510e-01,5.043807753753080103e-01,1.976794013482228718e-01,1.617683195992103695e-01,1.465724952102570033e-01,6.753219964513901274e-01,6.833065406664122765e-01,2.662247699636407505e-01,1.352994848983936904e-01,-1.873805262610848676e-01,5.334716906841368012e-01,8.626520560208578159e-02,7.175267834182897930e-01,2.772710487047880257e-01,4.589709068108294154e-01,1.853450148640344852e-01,-8.304569683430669189e-03,2.256715690509674410e-01,2.227917368238663820e-01,5.657576752768249673e-01,4.507791552285512759e-01,6.009271865497201048e-01,4.770692651694597997e-01,4.113269079061384059e-01,3.175503142166131720e-01,4.023644233957651695e-01,1.000000000000000000e+00,4.778589862717314007e-01,2.506629223722491306e-01,3.507825551990544910e-01,2.325481228570328018e-01,3.179884077680539267e-01,3.773399765568998809e-01,2.077233233603688334e-01,4.003936929762192398e-01,3.897734348056449138e-01
4.948084937680213846e-01,4.802458909018243460e-01,5.583942791034979258e-01,-4.443751812743026997e-01,4.532894095481894703e-01,3.947284539902063405e-01,2.863895146882974863e-01,3.967576729511910760e-01,5.203055024742824219e-01,6.757424859605158929e-01,3.862751529597952538e-01,2.249506528645989489e-01,-5.476559845772408508e-01,6.629557507126316862e-01,1.821372917169653549e-01,5.574554698664654362e-01,3.788813700334504597e-01,2.276273128882133068e-01,1.563385108798508172e-01,2.779740366175841859e-01,3.952645763143060043e-01,4.985794221023555073e-01,5.531877557106468224e-01,5.897183956088835055e-01,6.551678324911768270e-01,3.982672847633076385e-01,6.960027710696732317e-01,4.785091435389344783e-01,4.175513445838148763e-01,4.778589862717314007e-01,1.000000000000000000e+00,5.403603415913686980e-01,6.374781238440645481e-01,1.399140839051227214e-01,5.258361675656921808e-01,4.856625794704338417e-01,4.455359933072014500e-01,2.583542071917689920e-01,4.375441651059849280e-01
4.477907000566022089e-01,2.896183928700190036e-01,4.150265329378503010e-01,-4.248081364552909189e-01,2.013760021176345671e-01,7.451996201056459990e-01,5.855594560920794889e-01,5.468740570020081959e-01,9.393161117991499776e-02,4.502891271612426971e-01,7.473896300449117680e-01,-2.023245331986173456e-01,-6.312646073232043298e-01,6.303815004857604709e-01,-1.017963311581525365e-01,2.787699735864609396e-01,7.097216576805241983e-01,8.946743657130278027e-02,-2.347481784765390878e-01,5.422528170300020545e-01,6.163003814190937124e-01,5.434287750488678848e-01,3.022869825109592568e-01,5.942502309382253767e-01,2.783608993762624606e-01,5.580171387938061001e-01,7.050067135765750725e-01,6.336659737222199995e-01,6.626486208240720543e-01,2.506629223722491306e-01,5.403603415913686980e-01,1.000000000000000000e+00,5.672393032340349306e-01,-4.496478535323104597e-01,8.085295864066583960e-01,2.218033922902444832e-01,8.222547354847111745e-01,-8.214459584019029315e-02,-4.213514701044273475e-02
6.490918089043575812e-01,2.779597759389108025e-01,5.335654395041168341e-01,-5.775391877302396004e-01,3.401430691106487880e-01,4.971525314729813294e-01,2.943389451321700712e-01,5.739638205264887549e-01,3.715808091870512198e-01,5.309841239177465200e-01,5.357575090817655594e-01,-1.132100361613635614e-01,-6.146172345958121896e-01,4.818844355145500136e-01,1.529868220049978855e-01,3.414620292121999245e-01,5.872304380626000020e-01,2.981655406103925765e-01,-2.097156308045797501e-01,5.327733415015027951e-01,6.063805869033521700e-01,6.069360677489139544e-01,2.353514447364311868e-01,5.542420142914156189e-01,4.621098061970392856e-01,5.916730681512792911e-01,6.561791052265726343e-01,6.940273683018712836e-01,6.174560552319684481e-01,3.507825551990544910e-01,6.374781238440645481e-01,5.672393032340349306e-01,1.000000000000000000e+00,-7.386731400993387653e-02,5.903498919801957179e-01,2.381674737268473507e-01,5.844189000502902909e-01,2.517674440323917073e-01,1.842944851086706914e-01
-1.042454488259346862e-01,2.007855446230349394e-01,1.608524102206694839e-01,2.810274627600275466e-01,3.650011179667214667e-01,-5.304771505287708688e-01,-3.488857041278720095e-01,-3.278560058095889018e-01,5.075276952346255976e-01,1.414421554885070542e-01,-4.725377103654599398e-01,6.647058238152055987e-01,3.850201333508895818e-01,-1.060981130426921631e-01,4.881506669859791980e-01,2.617911251227477143e-01,-5.298194782165193129e-01,2.986992574394619071e-01,6.256625131526890593e-01,-4.728679593826469185e-01,-3.995723277286308273e-01,-1.678518738954014600e-01,3.334164538801507316e-01,-9.969183482039556399e-02,3.329296891456887120e-01,-2.879162367640117903e-01,-1.177246377234328900e-01,-3.870589802646720035e-01,-4.684552711850208939e-01,2.325481228570328018e-01,1.399140839051227214e-01,-4.496478535323104597e-01,-7.386731400993387653e-02,1.000000000000000000e+00,-4.944293808532698176e-01,2.993221447594752727e-01,-5.683380775770359161e-01,4.423475188016875448e-01,6.085347496989980121e-01
5.603298650970591765e-01,2.994607575096042140e-01,3.722133580923950302e-01,-4.823880005556089867e-01,1.724298622961077943e-01,7.969943282215492530e-01,5.386912734574460515e-01,4.700628037291339489e-01,9.255894540312725738e-02,4.782568190679761244e-01,7.335802698439346514e-01,-3.440198012189829568e-01,-6.461968552927211951e-01,6.880017906532956973e-01,-2.018385110910475566e-01,3.380940700140233068e-01,7.685336201091264030e-01,8.752051321834411479e-02,-3.049953140414212727e-01,5.209675584682365024e-01,5.893021624369256806e-01,4.471233477974609904e-01,2.675409984782849970e-01,5.827831171023676315e-01,3.098870845398386531e-01,6.305220245692495507e-01,6.482051553032915914e-01,6.743866537709329867e-01,7.462740541358472424e-01,3.179884077680539267e-01,5.258361675656921808e-01,8.085295864066583960e-01,5.903498919801957179e-01,-4.944293808532698176e-01,1.000000000000000000e+00,2.232949163762691092e-01,8.323071068472280842e-01,-5.406815352064854585e-02,-1.142587289582198407e-01
2.056917666587181615e-01,5.712459723220013608e-01,2.155734503412657099e-01,-3.887584651517971696e-02,3.170717694606674519e-01,1.446548644178002052e-01,1.617498882416471273e-01,9.960096523691416501e-03,3.150980642915727215e-01,3.740833676575635591e-01,4.525265778060082178e-02,3.997416585249573551e-01,-3.836806204988504193e-02,5.064007471839739871e-01,1.359817227773517101e-01,4.138093873288294366e-01,-1.317680050795769914e-02,1.520258633042419205e-01,2.923510604628557497e-01,-1.546711241797941172e-01,-4.270399602401724753e-02,7.286894447600131275e-02,4.410180037392780195e-01,2.461023752902107842e-01,3.991792736128686458e-01,1.843362159524410473e-02,2.980138708062536890e-01,-1.165982006447284676e-02,5.748388185941537276e-02,3.773399765568998809e-01,4.856625794704338417e-01,2.218033922902444832e-01,2.381674737268473507e-01,2.993221447594752727e-01,2.232949163762691092e-01,1.000000000000000000e+00,1.340059405602672671e-01,9.828547965068620829e-02,3.611427146746100103e-01
5.049845995555686251e-01,1.959965181927383615e-01,3.658782263078602104e-01,-5.139455543919545510e-01,1.257762332991561316e-01,7.649632494898567225e-01,5.578104393217221402e-01,5.737112326001648777e-01,7.482012898376504823e-03,3.993311840550191061e-01,7.323245218556013736e-01,-3.715833313980020369e-01,-6.754916221664758469e-01,5.789208122399839285e-01,-2.124894022575236907e-01,2.394374835862285722e-01,7.589048091044687805e-01,2.410492070347558177e-02,-3.895321038124329172e-01,6.135738513513415704e-01,6.746616309079963569e-01,5.335274883874205898e-01,1.423711294993772192e-01,5.463216486783895043e-01,1.962398214816073183e-01,6.147853592824394919e-01,6.366224050728399586e-01,7.153477885923310575e-01,7.434549012100387655e-01,2.077233233603688334e-01,4.455359933072014500e-01,8.222547354847111745e-01,5.844189000502902909e-01,-5.683380775770359161e-01,8.323071068472280842e-01,1.340059405602672671e-01,1.000000000000000000e+00,-1.484128317000265318e-01,-1.714048982973848112e-01
3.116651564204240832e-01,1.375127733848613698e-01,2.659931510112674702e-01,-1.643924492922119729e-01,3.704636568734875901e-01,-1.463658627865388473e-01,-2.309079063231182505e-01,6.015735147360996155e-03,6.309000919956191389e-01,3.633924481813536889e-01,4.214118634006574354e-02,2.577458866921842895e-01,-6.249104779798221772e-03,8.928711885158099881e-02,5.173458028488198135e-01,3.379533784947051922e-01,6.858253388016798124e-02,5.765516113546556021e-01,2.298150666194689329e-01,-1.102243532080429689e-01,6.549333606846423350e-02,1.042739554084740200e-01,3.069703724973389947e-01,2.263339506660367595e-01,4.112782493745598678e-01,3.305678484265615058e-01,2.585889742229382504e-01,1.381419871985581638e-01,8.466151198817645218e-02,4.003936929762192398e-01,2.583542071917689920e-01,-8.214459584019029315e-02,2.517674440323917073e-01,4.423475188016875448e-01,-5.406815352064854585e-02,9.828547965068620829e-02,-1.484128317000265318e-01,1.000000000000000000e+00,4.855843695080553357e-01
1.091279037000109503e-01,2.573579548100210501e-01,4.055184205681632292e-01,-7.694969793814832038e-02,5.543969161252949585e-01,-2.226604244562152279e-01,-1.410048208861461316e-01,7.566374548336501915e-02,6.636202574922214215e-01,5.056501892781339880e-01,-1.694782164146852732e-01,6.874117039861150635e-01,3.671302143886889108e-02,1.893744839100580668e-01,4.436685314908156430e-01,4.622019365235357502e-01,-2.078906690023176185e-01,3.477877430588849350e-01,6.042918141245323671e-01,-1.404325076001927408e-01,1.888141670009165635e-02,2.008018564650546900e-01,5.151456431824975590e-01,2.141566393225285136e-01,5.977999743935984434e-01,-1.169016273015532036e-02,3.598906639579358968e-01,-1.302164698456084041e-02,-1.430370960209090825e-01,3.897734348056449138e-01,4.375441651059849280e-01,-4.213514701044273475e-02,1.842944851086706914e-01,6.085347496989980121e-01,-1.142587289582198407e-01,3.611427146746100103e-01,-1.714048982973848112e-01,4.855843695080553357e-01,1.000000000000000000e+00
