1.000000000000000000e+00,8.457785455174660072e-01,5.920652128199852537e-01,3.542487039088415002e-01,4.419249721797723907e-01,-1.552194541115440307e-01,3.963155685398130901e-01,-5.755303700517885312e-01,7.381966253209334416e-01,5.729587224328860362e-01,-2.175669833852451607e-01,4.124018613076801953e-01,-8.559680021840607514e-03,6.667469800292857851e-01,5.721551916955633921e-01,6.699772864459266897e-01,2.223140263173438436e-01,5.311425815651059645e-01,3.368192706848763263e-01,7.065306694924308184e-01,6.368703996402851342e-01,5.705766305972013175e-01,5.990102450557697189e-01,6.632973070085224077e-01,6.566233244401648017e-01,8.118279711988413139e-01,7.385460610847350837e-01,7.869697517926604879e-01,7.608850695386013552e-01,6.982988422576991150e-01,7.913965159145049943e-01,4.907485029161332002e-01,3.701074631358299283e-01,6.167071248183906285e-01,7.451004888766976642e-01,5.584570434553405294e-01,7.732341968142660837e-01,6.583342764985751216e-01,6.553848412523850531e-01
8.457785455174660072e-01,1.000000000000000000e+00,6.170019658066082657e-01,3.899587907410952403e-01,4.553218984734290764e-01,-1.307579615685516578e-03,5.312875836165533716e-01,-5.915846578385371979e-01,7.732931841775693149e-01,5.184063588666079081e-01,-5.399326452496276685e-02,4.262129829687600346e-01,2.841031357287261000e-02,6.671456260737771427e-01,6.471757655467892389e-01,6.651993893658395551e-01,3.187642786541703410e-01,5.308750929070500391e-01,2.797349194376211878e-01,6.818070520749456298e-01,5.668198037924008226e-01,4.587610590122739862e-01,5.554736864582537903e-01,6.116165876066935736e-01,6.176252687319663259e-01,8.368258179373909700e-01,6.816678250125942640e-01,8.177814109397355535e-01,7.516588352026266628e-01,6.711517574044137957e-01,7.937916493638992321e-01,4.761833934916676614e-01,3.689771562523033732e-01,6.666706394180950124e-01,7.396518746697534619e-01,4.618278118391002107e-01,7.805252603232376574e-01,5.942807786608336196e-01,6.675619522497611147e-01
5.920652128199852537e-01,6.170019658066082657e-01,1.000000000000000000e+00,2.122511115021271377e-01,8.252176844878821305e-01,-7.326895519547097120e-04,3.747188085321003226e-01,-9.635493500766361130e-01,7.396236978313768251e-01,5.312130433559560938e-01,-7.833737741843008195e-02,3.724602219707871531e-01,1.167479571256357235e-01,6.169679653757870197e-01,5.380903635022938891e-01,5.466231677101923703e-01,2.470849997009250121e-01,5.021997095657300125e-01,2.535786856715617765e-01,6.418582542550120840e-01,7.571918270567635778e-01,6.891214205214318822e-01,5.174455301767443283e-01,5.791907554163446825e-01,5.400279015184559217e-01,6.564975632348117873e-01,5.747134409828978940e-01,7.207450371816256363e-01,6.569707838233299624e-01,5.716737473715769458e-01,6.839945392624040554e-01,4.612422633878292544e-01,7.824478809279324931e-01,6.943970172266165086e-01,6.027067509954721070e-01,4.175916392619902218e-01,6.042544677748901139e-01,5.566381585447938152e-01,4.779210313757252249e-01
3.542487039088415002e-01,3.899587907410952403e-01,2.122511115021271377e-01,1.000000000000000000e+00,1.488926679262068120e-01,-9.058270140879114141e-02,4.990717372760293258e-01,-2.023254836780493948e-01,3.666789244210482135e-01,4.377472737943987613e-01,-3.705896534035043044e-01,3.945929724379518833e-01,-3.491647730785887305e-01,5.805091032936360307e-01,3.879623172058172531e-01,4.603125018796924151e-01,-4.348409776453441428e-02,4.458184206297217123e-01,3.492983293160307756e-01,5.107435554388752852e-01,3.578018829059730899e-01,3.230774094010621100e-01,4.741507060151228803e-01,3.962224922932469084e-01,5.006997000387236607e-01,4.177189951005351176e-01,3.116663042653436966e-01,4.826845948809611597e-01,5.175531466605797215e-01,5.389201098458534789e-01,4.382508125107332231e-01,2.403732106507873723e-01,1.252812753242859845e-01,3.282997682985405175e-01,5.450696838701329927e-01,3.343463723207643762e-02,4.839352633185233232e-01,3.282782017028756383e-01,2.853829522210690195e-01
4.419249721797723907e-01,4.553218984734290764e-01,8.252176844878821305e-01,1.488926679262068120e-01,1.000000000000000000e+00,-1.625768860462642462e-02,2.912793375658535577e-01,-8.269534455907674442e-01,6.945011458075776023e-01,5.804378405035269806e-01,-1.333092954035536293e-01,4.275148045758030424e-01,2.060852322170685647e-01,6.466159024574466008e-01,5.166546916724239491e-01,5.324922830910345795e-01,1.687844222675847494e-01,5.817743673412086869e-01,4.088335291856481923e-01,5.432468848701210717e-01,6.425459324799549510e-01,6.125071866651649044e-01,5.418625110510169041e-01,6.042822927372355490e-01,5.404051657044584012e-01,4.984203460175704592e-01,4.561360746695806712e-01,5.787439393854183489e-01,5.569869155155642293e-01,5.408869533707479915e-01,5.492843753445999511e-01,4.594399487587731978e-01,8.003495949402738008e-01,7.453985998730429108e-01,5.273747603115749305e-01,3.749703584306345872e-01,4.968170008638067570e-01,6.114250933340779071e-01,5.411629848433647805e-01
-1.552194541115440307e-01,-1.307579615685516578e-03,-7.326895519547097120e-04,-9.058270140879114141e-02,-1.625768860462642462e-02,1.000000000000000000e+00,1.880499769520798670e-01,1.855835599797523838e-03,1.444657619140381558e-02,-2.407963281505715314e-01,6.488467328853662064e-01,-2.405481785822164431e-01,2.448458022094993358e-01,-7.279849132606480699e-02,-1.039586930539704648e-02,-2.069905420847925059e-01,4.723537599778093732e-01,-3.252294654181980826e-01,-4.334073406880923907e-01,-1.887810135871261508e-01,-2.346107883320663334e-01,-2.683801483239977581e-01,-5.136955405413110715e-02,-1.051018440127457487e-02,-1.415620493166416805e-01,-1.616276148852058628e-02,-5.453714228181463786e-02,2.535023010121066969e-02,-8.503387266132897415e-02,-2.390405212753435316e-01,-1.347222222969110192e-02,1.504153071855987844e-01,-2.931505215151646720e-02,9.570925728804897947e-02,-3.987274268801638266e-02,7.546952769422309026e-02,-5.951894732052995241e-02,-2.045439491282905475e-01,-1.966670270433349410e-01
3.963155685398130901e-01,5.312875836165533716e-01,3.747188085321003226e-01,4.990717372760293258e-01,2.912793375658535577e-01,1.880499769520798670e-01,1.000000000000000000e+00,-3.551102480547776441e-01,4.899253755215742800e-01,3.704152877514668152e-01,1.028430162628378441e-01,6.426017223007550738e-01,-2.038309335217297347e-01,5.069316108984325275e-01,7.640762733789679961e-01,4.394793875235992742e-01,1.529974637162617723e-01,5.309435874004361233e-01,4.040325649999869650e-01,4.609114847868577836e-01,3.808475676009914213e-01,3.574302826268367927e-01,3.383624240180321263e-01,3.786641394393332472e-01,4.293524963096931879e-01,5.180947468377820053e-01,3.127226184908289963e-01,6.005335932416551170e-01,4.870540911005367124e-01,5.177241209878248318e-01,4.777196988606938199e-01,1.969743262748687440e-01,2.346171283667063123e-01,4.635612706324108157e-01,4.161351322335367087e-01,4.974060667296217875e-02,4.705101552653068731e-01,3.323904057494180275e-01,3.672301552855808948e-01
-5.755303700517885312e-01,-5.915846578385371979e-01,-9.635493500766361130e-01,-2.023254836780493948e-01,-8.269534455907674442e-01,1.855835599797523838e-03,-3.551102480547776441e-01,1.000000000000000000e+00,-7.137768706539505681e-01,-5.161385977931514102e-01,6.898155688964875687e-02,-3.632788902684065402e-01,-1.202487111782589158e-01,-5.998193747046178803e-01,-5.247953162945937500e-01,-5.240530715621366520e-01,-2.545228125398780739e-01,-4.917678570965178797e-01,-2.479131848889117584e-01,-6.355347172515949383e-01,-7.497779638809444203e-01,-6.913239151615552247e-01,-4.984765442716911354e-01,-5.659611890617572971e-01,-5.229164849579338581e-01,-6.322964791974148291e-01,-5.471759961698613450e-01,-7.016940072808967033e-01,-6.420807588597181592e-01,-5.460636168784418487e-01,-6.576762231885179277e-01,-4.600182911998361157e-01,-7.818152915465980124e-01,-6.744281211946903110e-01,-5.835069547418761937e-01,-4.105989893921305200e-01,-5.832930541684040460e-01,-5.396987337066817547e-01,-4.592819322778364799e-01
7.381966253209334416e-01,7.732931841775693149e-01,7.396236978313768251e-01,3.666789244210482135e-01,6.945011458075776023e-01,1.444657619140381558e-02,4.899253755215742800e-01,-7.137768706539505681e-01,1.000000000000000000e+00,5.756696190765160370e-01,-1.274262756867626800e-01,4.986354878390975021e-01,4.560005462625744965e-02,7.596973530956165899e-01,6.657757576387737242e-01,6.125078586003424030e-01,2.956330139132471446e-01,5.850814562622295156e-01,3.486804753962602921e-01,7.137999592410660954e-01,6.266480703064980506e-01,5.247355954923882404e-01,6.601417595613753297e-01,6.852383137826324466e-01,6.742182843374727730e-01,7.748454761432517213e-01,6.797398943606213217e-01,8.183073627217122281e-01,7.641369139284175382e-01,6.997673564601213370e-01,7.832423388530549424e-01,5.915555482917105312e-01,5.209691187061479267e-01,8.373062085079728822e-01,7.532467760578965832e-01,3.858694618158912126e-01,7.476642788117464633e-01,7.001632812387583726e-01,7.089220992118163700e-01
5.729587224328860362e-01,5.184063588666079081e-01,5.312130433559560938e-01,4.377472737943987613e-01,5.804378405035269806e-01,-2.407963281505715314e-01,3.704152877514668152e-01,-5.161385977931514102e-01,5.756696190765160370e-01,1.000000000000000000e+00,-3.723388615542735924e-01,5.415802623179934994e-01,-5.033893630929319601e-02,7.276642957519868782e-01,5.642406929535457305e-01,8.395008682102457209e-01,-6.357014604461498457e-03,7.285797145663456265e-01,6.078905234026448223e-01,6.149117141636256667e-01,5.646556722998548050e-01,5.446544487475134533e-01,6.934725020642271698e-01,6.267330361948409978e-01,7.010071196272081862e-01,5.942703168616116916e-01,5.937326747725070186e-01,6.081373231635434085e-01,6.942945747654101218e-01,8.133633801275800268e-01,6.097912876178953612e-01,3.901244280916988938e-01,5.129040929690136252e-01,5.556856815392944293e-01,6.495802638170328214e-01,5.131454193142631626e-01,6.455377672082446283e-01,7.428498663935315660e-01,6.058116586158017736e-01
-2.175669833852451607e-01,-5.399326452496276685e-02,-7.833737741843008195e-02,-3.705896534035043044e-01,-1.333092954035536293e-01,6.488467328853662064e-01,1.028430162628378441e-01,6.898155688964875687e-02,-1.274262756867626800e-01,-3.723388615542735924e-01,1.000000000000000000e+00,-1.729046831976239762e-01,2.535934635413946703e-01,-3.268849984555544097e-01,1.458899589394660121e-02,-2.962312013151311985e-01,5.552146176831386226e-01,-3.212389794956238553e-01,-3.814943864603679846e-01,-2.850796471075922600e-01,-2.714018419695751194e-01,-2.932152473538394699e-01,-3.258615828536567394e-01,-2.522642489955936873e-01,-3.416016674324460212e-01,-1.198398386732169724e-01,-2.225303683048976688e-01,-1.039261478316560183e-01,-2.922682160317062738e-01,-3.439051770364019434e-01,-1.853963633560855584e-01,-5.265489866628347837e-02,-1.084233620948496513e-01,-9.294708610748241007e-02,-2.921042746616205887e-01,-6.150345265146374418e-02,-2.682446791806869513e-01,-3.902955833486351778e-01,-2.495294053411306889e-01
4.124018613076801953e-01,4.262129829687600346e-01,3.724602219707871531e-01,3.945929724379518833e-01,4.275148045758030424e-01,-2.405481785822164431e-01,6.426017223007550738e-01,-3.632788902684065402e-01,4.986354878390975021e-01,5.415802623179934994e-01,-1.729046831976239762e-01,1.000000000000000000e+00,-3.930394879577261968e-01,6.206137793797791291e-01,8.294294666690814610e-01,4.707968927821201133e-01,-8.702003142233703803e-02,7.364647007129095924e-01,7.656676535261384142e-01,6.488741563348515706e-01,4.758863929875679633e-01,4.521096581251641822e-01,4.743641996617588008e-01,4.672943114010893462e-01,6.174769058738930338e-01,5.161323741467617188e-01,3.505075008633914413e-01,5.679018040219179220e-01,5.606284040684565984e-01,6.600245219300712174e-01,4.755264273141290854e-01,2.312511921502658774e-01,2.338828644722000527e-01,4.869435289813709433e-01,4.820377829513894374e-01,-4.569426625123480107e-02,5.180919180514604871e-01,5.437307214775721764e-01,5.536765574731327133e-01
-8.559680021840607514e-03,2.841031357287261000e-02,1.167479571256357235e-01,-3.491647730785887305e-01,2.060852322170685647e-01,2.448458022094993358e-01,-2.038309335217297347e-01,-1.202487111782589158e-01,4.560005462625744965e-02,-5.033893630929319601e-02,2.535934635413946703e-01,-3.930394879577261968e-01,1.000000000000000000e+00,-2.038465379357032037e-01,-2.625650181076421563e-01,-6.185104613360684067e-02,1.861131191285109177e-01,-2.337405674532360145e-01,-2.455310906324107700e-01,-2.631510403554845334e-01,1.002987045576395238e-02,2.746877141043901557e-02,-1.336045907918216868e-01,-2.169872984874787400e-03,-1.703328208914467734e-01,-8.200491277923280253e-02,4.353762304317864568e-02,-1.024150840951833508e-01,-1.819941402949825371e-01,-2.798210439015552664e-01,-2.209641937318411117e-02,9.990405974773980402e-02,2.224722891946166459e-01,1.423946034735291966e-01,-7.256996329498119347e-02,3.302813514118971283e-01,-7.734036436193617026e-02,-9.867389462601071359e-02,7.856588434832088852e-02
6.667469800292857851e-01,6.671456260737771427e-01,6.169679653757870197e-01,5.805091032936360307e-01,6.466159024574466008e-01,-7.279849132606480699e-02,5.069316108984325275e-01,-5.998193747046178803e-01,7.596973530956165899e-01,7.276642957519868782e-01,-3.268849984555544097e-01,6.206137793797791291e-01,-2.038465379357032037e-01,1.000000000000000000e+00,7.190786907499440161e-01,7.421058251928539518e-01,1.511970035922556022e-01,6.935202162142848348e-01,5.070439019731111108e-01,7.827912033328527919e-01,6.299024479400845422e-01,5.752800593655100769e-01,8.023236309928214460e-01,8.145805464661600714e-01,8.383254285338822553e-01,7.883189159485354258e-01,7.070223730498657044e-01,8.282409353991510015e-01,8.745585196096182790e-01,8.492446347983703125e-01,7.998063810836049115e-01,5.916386845496082181e-01,5.181350616698295886e-01,7.729437923313280390e-01,8.485770850403520082e-01,3.596889425242517091e-01,8.190967878868282703e-01,8.200207365639414769e-01,6.420550631683832332e-01
5.721551916955633921e-01,6.471757655467892389e-01,5.380903635022938891e-01,3.879623172058172531e-01,5.166546916724239491e-01,-1.039586930539704648e-02,7.640762733789679961e-01,-5.247953162945937500e-01,6.657757576387737242e-01,5.642406929535457305e-01,1.458899589394660121e-02,8.294294666690814610e-01,-2.625650181076421563e-01,7.190786907499440161e-01,1.000000000000000000e+00,6.165933046823663943e-01,2.530756699424809852e-01,7.014461406456308223e-01,5.378878088386709333e-01,7.048956410580776710e-01,5.665922841954890155e-01,4.819449658284134519e-01,5.612017222139552564e-01,5.978078521428051850e-01,6.722617134169791564e-01,7.422536430815015462e-01,5.503336448176165963e-01,7.939743485234409537e-01,7.096278055033633514e-01,7.484668139734380610e-01,6.651292412325117143e-01,4.144070134819887175e-01,3.603277292197570314e-01,6.766744065821470588e-01,6.145508828314321104e-01,1.412781739076324483e-01,6.686003176502097745e-01,6.311504337369649997e-01,5.826862534102890123e-01
6.699772864459266897e-01,6.651993893658395551e-01,5.466231677101923703e-01,4.603125018796924151e-01,5.324922830910345795e-01,-2.069905420847925059e-01,4.394793875235992742e-01,-5.240530715621366520e-01,6.125078586003424030e-01,8.395008682102457209e-01,-2.962312013151311985e-01,4.707968927821201133e-01,-6.185104613360684067e-02,7.421058251928539518e-01,6.165933046823663943e-01,1.000000000000000000e+00,1.328145247084920599e-01,7.125976378418467094e-01,4.794516426006495968e-01,6.361236041831543897e-01,6.054383260752449480e-01,5.741687353193506427e-01,7.005010383658616391e-01,6.690149802766898190e-01,7.204713057566970447e-01,7.080719100448527037e-01,6.282319884670675147e-01,7.139952197831985758e-01,7.103155796569243785e-01,8.470282387744746400e-01,6.708790677169007566e-01,3.080021702273759154e-01,5.470720994216000665e-01,6.106861034718059633e-01,6.661148465479662661e-01,5.251455043025383684e-01,6.704654154018540035e-01,7.473989757997170358e-01,5.455165988731978111e-01
2.223140263173438436e-01,3.187642786541703410e-01,2.470849997009250121e-01,-4.348409776453441428e-02,1.687844222675847494e-01,4.723537599778093732e-01,1.529974637162617723e-01,-2.545228125398780739e-01,2.956330139132471446e-01,-6.357014604461498457e-03,5.552146176831386226e-01,-8.702003142233703803e-02,1.861131191285109177e-01,1.511970035922556022e-01,2.530756699424809852e-01,1.328145247084920599e-01,1.000000000000000000e+00,-1.434089875416708348e-01,-4.023777165399051725e-01,1.367094315407877403e-01,1.387724643804295332e-01,4.106696553686590978e-02,9.458755751980270354e-02,2.406509675146503990e-01,1.545621661725030821e-02,3.225799001516468922e-01,2.313329707268700630e-01,3.360058197061863150e-01,2.239316109384485443e-01,1.397688624828910264e-01,2.470971188523357343e-01,3.936599930690320437e-01,1.833519616861092327e-01,3.397023530590583262e-01,1.707952416888859348e-01,2.920014373666903751e-01,1.949826015731067619e-01,1.166426589872389674e-01,7.004789360517772734e-02
5.311425815651059645e-01,5.308750929070500391e-01,5.021997095657300125e-01,4.458184206297217123e-01,5.817743673412086869e-01,-3.252294654181980826e-01,5.309435874004361233e-01,-4.917678570965178797e-01,5.850814562622295156e-01,7.285797145663456265e-01,-3.212389794956238553e-01,7.364647007129095924e-01,-2.337405674532360145e-01,6.935202162142848348e-01,7.014461406456308223e-01,7.125976378418467094e-01,-1.434089875416708348e-01,1.000000000000000000e+00,8.232253742986090916e-01,5.743909671608758982e-01,5.489058629737674222e-01,5.137995010058042933e-01,5.953659229981788092e-01,5.307635649075636008e-01,6.529785402804738625e-01,5.223719014476355671e-01,3.735438309778332799e-01,5.956352681985304098e-01,5.876358806800092704e-01,7.281074352435935593e-01,5.093248858270484902e-01,2.278332865078361025e-01,4.848755295673803922e-01,5.030274834766255143e-01,5.372327651834871709e-01,1.951493808018403553e-01,5.478050068663378180e-01,5.998892762188159367e-01,5.803686571464053978e-01
3.368192706848763263e-01,2.797349194376211878e-01,2.535786856715617765e-01,3.492983293160307756e-01,4.088335291856481923e-01,-4.334073406880923907e-01,4.040325649999869650e-01,-2.479131848889117584e-01,3.486804753962602921e-01,6.078905234026448223e-01,-3.814943864603679846e-01,7.656676535261384142e-01,-2.455310906324107700e-01,5.070439019731111108e-01,5.378878088386709333e-01,4.794516426006495968e-01,-4.023777165399051725e-01,8.232253742986090916e-01,1.000000000000000000e+00,4.412892041878663241e-01,3.581140207510363771e-01,3.820187787264502366e-01,4.302932212326486261e-01,3.551122452777669691e-01,5.559826549710593646e-01,2.836224090658746033e-01,1.755304765436361825e-01,3.247226904666375980e-01,3.880169117146419766e-01,5.543726969469804366e-01,2.928520453306022175e-01,7.596443563503110785e-02,2.570744703261216291e-01,3.023094493058149923e-01,3.570419960097487855e-01,-3.243544365119530037e-02,3.822416293294289003e-01,4.630451170582129405e-01,5.610247653998661210e-01
7.065306694924308184e-01,6.818070520749456298e-01,6.418582542550120840e-01,5.107435554388752852e-01,5.432468848701210717e-01,-1.887810135871261508e-01,4.609114847868577836e-01,-6.355347172515949383e-01,7.137999592410660954e-01,6.149117141636256667e-01,-2.850796471075922600e-01,6.488741563348515706e-01,-2.631510403554845334e-01,7.827912033328527919e-01,7.048956410580776710e-01,6.361236041831543897e-01,1.367094315407877403e-01,5.743909671608758982e-01,4.412892041878663241e-01,1.000000000000000000e+00,7.028237861819516263e-01,6.773033813355735511e-01,6.397688486921874196e-01,6.894761107360976027e-01,7.457597584392893220e-01,8.108192053744971428e-01,7.050061995627376898e-01,8.335683990976230362e-01,8.137537792433020556e-01,7.949260435943302783e-01,7.867050225591990520e-01,4.696573953903208642e-01,4.212584954771609325e-01,6.873502421781523264e-01,7.351359881015958608e-01,2.423366812186034391e-01,7.283727689173111752e-01,7.222463238108686179e-01,6.090067290319067794e-01
6.368703996402851342e-01,5.668198037924008226e-01,7.571918270567635778e-01,3.578018829059730899e-01,6.425459324799549510e-01,-2.346107883320663334e-01,3.808475676009914213e-01,-7.497779638809444203e-01,6.266480703064980506e-01,5.646556722998548050e-01,-2.714018419695751194e-01,4.758863929875679633e-01,1.002987045576395238e-02,6.299024479400845422e-01,5.665922841954890155e-01,6.054383260752449480e-01,1.387724643804295332e-01,5.489058629737674222e-01,3.581140207510363771e-01,7.028237861819516263e-01,1.000000000000000000e+00,8.319940502425883233e-01,5.252365250700564703e-01,6.190987868315765974e-01,5.897935176443640515e-01,6.399266171403505954e-01,5.687339818923660140e-01,7.102508351469435377e-01,6.517133492379391102e-01,6.230950713997919221e-01,6.538479479514316406e-01,3.697612049805318324e-01,7.053552566060334872e-01,6.308175815769950789e-01,5.860034757908821890e-01,3.739485278025778681e-01,6.103091700903744421e-01,5.746922254538638919e-01,4.365338373401828620e-01
5.705766305972013175e-01,4.587610590122739862e-01,6.891214205214318822e-01,3.230774094010621100e-01,6.125071866651649044e-01,-2.683801483239977581e-01,3.574302826268367927e-01,-6.913239151615552247e-01,5.247355954923882404e-01,5.446544487475134533e-01,-2.932152473538394699e-01,4.521096581251641822e-01,2.746877141043901557e-02,5.752800593655100769e-01,4.819449658284134519e-01,5.741687353193506427e-01,4.106696553686590978e-02,5.137995010058042933e-01,3.820187787264502366e-01,6.773033813355735511e-01,8.319940502425883233e-01,1.000000000000000000e+00,4.709848953841611063e-01,5.652072841583473117e-01,5.532478469531834087e-01,5.333487407147802228e-01,4.727025689692507804e-01,6.053328818113095089e-01,5.695841905449725573e-01,5.851329494356564132e-01,5.494364813526723124e-01,2.784358527116734816e-01,6.596340057762748454e-01,5.259540888247771218e-01,5.192539615967683986e-01,3.833710445077187501e-01,4.823949155111432741e-01,5.580989680556316390e-01,3.734556140521044232e-01
5.990102450557697189e-01,5.554736864582537903e-01,5.174455301767443283e-01,4.741507060151228803e-01,5.418625110510169041e-01,-5.136955405413110715e-02,3.383624240180321263e-01,-4.984765442716911354e-01,6.601417595613753297e-01,6.934725020642271698e-01,-3.258615828536567394e-01,4.743641996617588008e-01,-1.336045907918216868e-01,8.023236309928214460e-01,5.612017222139552564e-01,7.005010383658616391e-01,9.458755751980270354e-02,5.953659229981788092e-01,4.302932212326486261e-01,6.397688486921874196e-01,5.252365250700564703e-01,4.709848953841611063e-01,1.000000000000000000e+00,7.318385555072847160e-01,8.742660319874698827e-01,6.701679718800889196e-01,6.478793251965099254e-01,6.818102027853655267e-01,7.615193380432290216e-01,7.496816479984705905e-01,6.500549369862921312e-01,5.291829855141333416e-01,4.212044979461099237e-01,6.720924324274140105e-01,7.904472599629787100e-01,3.888872458848588454e-01,7.219563330501451714e-01,7.323081670724749248e-01,5.572696714359635095e-01
6.632973070085224077e-01,6.116165876066935736e-01,5.791907554163446825e-01,3.962224922932469084e-01,6.042822927372355490e-01,-1.051018440127457487e-02,3.786641394393332472e-01,-5.659611890617572971e-01,6.852383137826324466e-01,6.267330361948409978e-01,-2.522642489955936873e-01,4.672943114010893462e-01,-2.169872984874787400e-03,8.145805464661600714e-01,5.978078521428051850e-01,6.690149802766898190e-01,2.406509675146503990e-01,5.307635649075636008e-01,3.551122452777669691e-01,6.894761107360976027e-01,6.190987868315765974e-01,5.652072841583473117e-01,7.318385555072847160e-01,1.000000000000000000e+00,7.489582598359363352e-01,7.410827473438529323e-01,7.286881650145980993e-01,7.374999928284192707e-01,7.389310696674591394e-01,7.159116395932165755e-01,7.449633607300696347e-01,4.398383577633835362e-01,5.361280390957092745e-01,7.439096866310483946e-01,7.147263367709617565e-01,4.377114901585996143e-01,6.829909397052976727e-01,7.322087453582289962e-01,6.057360469854378149e-01
6.566233244401648017e-01,6.176252687319663259e-01,5.400279015184559217e-01,5.006997000387236607e-01,5.404051657044584012e-01,-1.415620493166416805e-01,4.293524963096931879e-01,-5.229164849579338581e-01,6.742182843374727730e-01,7.010071196272081862e-01,-3.416016674324460212e-01,6.174769058738930338e-01,-1.703328208914467734e-01,8.383254285338822553e-01,6.722617134169791564e-01,7.204713057566970447e-01,1.545621661725030821e-02,6.529785402804738625e-01,5.559826549710593646e-01,7.457597584392893220e-01,5.897935176443640515e-01,5.532478469531834087e-01,8.742660319874698827e-01,7.489582598359363352e-01,1.000000000000000000e+00,7.588429412908898053e-01,6.961508043740732843e-01,7.647835625888456113e-01,8.224374703862161740e-01,7.964612474240478912e-01,7.380513773931965948e-01,5.203590270008022767e-01,4.001586574493131709e-01,7.079183159526991620e-01,8.273977209759003637e-01,2.914298977910263488e-01,7.990393857833533175e-01,7.793371211259275677e-01,6.435816604262850626e-01
8.118279711988413139e-01,8.368258179373909700e-01,6.564975632348117873e-01,4.177189951005351176e-01,4.984203460175704592e-01,-1.616276148852058628e-02,5.180947468377820053e-01,-6.322964791974148291e-01,7.748454761432517213e-01,5.942703168616116916e-01,-1.198398386732169724e-01,5.161323741467617188e-01,-8.200491277923280253e-02,7.883189159485354258e-01,7.422536430815015462e-01,7.080719100448527037e-01,3.225799001516468922e-01,5.223719014476355671e-01,2.836224090658746033e-01,8.108192053744971428e-01,6.399266171403505954e-01,5.333487407147802228e-01,6.701679718800889196e-01,7.410827473438529323e-01,7.588429412908898053e-01,1.000000000000000000e+00,8.773818872121320611e-01,9.289250483369067002e-01,8.793879337083948533e-01,7.884906097104656952e-01,9.080541606458802928e-01,5.712012507800802164e-01,4.154089939622505057e-01,7.656710234556849404e-01,8.172439956314990761e-01,3.995129615366134201e-01,8.535651747048066396e-01,7.288029212143737334e-01,6.322406620174326752e-01
7.385460610847350837e-01,6.816678250125942640e-01,5.747134409828978940e-01,3.116663042653436966e-01,4.561360746695806712e-01,-5.453714228181463786e-02,3.127226184908289963e-01,-5.471759961698613450e-01,6.797398943606213217e-01,5.937326747725070186e-01,-2.225303683048976688e-01,3.505075008633914413e-01,4.353762304317864568e-02,7.070223730498657044e-01,5.503336448176165963e-01,6.282319884670675147e-01,2.313329707268700630e-01,3.735438309778332799e-01,1.755304765436361825e-01,7.050061995627376898e-01,5.687339818923660140e-01,4.727025689692507804e-01,6.478793251965099254e-01,7.286881650145980993e-01,6.961508043740732843e-01,8.773818872121320611e-01,1.000000000000000000e+00,7.966984831264443123e-01,8.043109325127836273e-01,7.033613327316968755e-01,8.661973025295777173e-01,5.503398360840376924e-01,3.821890146337064698e-01,7.043122636853582641e-01,7.647109679487651412e-01,4.972321893260266412e-01,7.773693835986936751e-01,7.205888441349379558e-01,5.850310388881334589e-01
7.869697517926604879e-01,8.177814109397355535e-01,7.207450371816256363e-01,4.826845948809611597e-01,5.787439393854183489e-01,2.535023010121066969e-02,6.005335932416551170e-01,-7.016940072808967033e-01,8.183073627217122281e-01,6.081373231635434085e-01,-1.039261478316560183e-01,5.679018040219179220e-01,-1.024150840951833508e-01,8.282409353991510015e-01,7.939743485234409537e-01,7.139952197831985758e-01,3.360058197061863150e-01,5.956352681985304098e-01,3.247226904666375980e-01,8.335683990976230362e-01,7.102508351469435377e-01,6.053328818113095089e-01,6.818102027853655267e-01,7.374999928284192707e-01,7.647835625888456113e-01,9.289250483369067002e-01,7.966984831264443123e-01,1.000000000000000000e+00,8.848856639087083753e-01,7.893941087873220797e-01,9.076137519505416140e-01,5.802842681468041164e-01,4.992787522811751866e-01,7.913525394836031790e-01,8.195513043820631394e-01,3.629417197676276796e-01,8.432200550520803084e-01,7.318414859317998733e-01,6.075792047526746842e-01
7.608850695386013552e-01,7.516588352026266628e-01,6.569707838233299624e-01,5.175531466605797215e-01,5.569869155155642293e-01,-8.503387266132897415e-02,4.870540911005367124e-01,-6.420807588597181592e-01,7.641369139284175382e-01,6.942945747654101218e-01,-2.922682160317062738e-01,5.606284040684565984e-01,-1.819941402949825371e-01,8.745585196096182790e-01,7.096278055033633514e-01,7.103155796569243785e-01,2.239316109384485443e-01,5.876358806800092704e-01,3.880169117146419766e-01,8.137537792433020556e-01,6.517133492379391102e-01,5.695841905449725573e-01,7.615193380432290216e-01,7.389310696674591394e-01,8.224374703862161740e-01,8.793879337083948533e-01,8.043109325127836273e-01,8.848856639087083753e-01,1.000000000000000000e+00,8.414194478330624394e-01,8.660497747300743843e-01,6.966408268928929726e-01,4.401722589196536695e-01,7.592536431731332636e-01,8.881860927974386533e-01,4.115605775402980115e-01,9.084639354021371016e-01,8.149399923493626519e-01,6.608592280213321235e-01
6.982988422576991150e-01,6.711517574044137957e-01,5.716737473715769458e-01,5.389201098458534789e-01,5.408869533707479915e-01,-2.390405212753435316e-01,5.177241209878248318e-01,-5.460636168784418487e-01,6.997673564601213370e-01,8.133633801275800268e-01,-3.439051770364019434e-01,6.600245219300712174e-01,-2.798210439015552664e-01,8.492446347983703125e-01,7.484668139734380610e-01,8.470282387744746400e-01,1.397688624828910264e-01,7.281074352435935593e-01,5.543726969469804366e-01,7.949260435943302783e-01,6.230950713997919221e-01,5.851329494356564132e-01,7.496816479984705905e-01,7.159116395932165755e-01,7.964612474240478912e-01,7.884906097104656952e-01,7.033613327316968755e-01,7.893941087873220797e-01,8.414194478330624394e-01,1.000000000000000000e+00,7.326539433746198648e-01,4.767671099806382040e-01,4.450919039171347680e-01,6.819489041165167631e-01,7.694989109790433268e-01,4.104564795527274601e-01,7.703618428296440390e-01,8.091097259851948165e-01,6.297968096120396542e-01
7.913965159145049943e-01,7.937916493638992321e-01,6.839945392624040554e-01,4.382508125107332231e-01,5.492843753445999511e-01,-1.347222222969110192e-02,4.777196988606938199e-01,-6.576762231885179277e-01,7.832423388530549424e-01,6.097912876178953612e-01,-1.853963633560855584e-01,4.755264273141290854e-01,-2.209641937318411117e-02,7.998063810836049115e-01,6.651292412325117143e-01,6.708790677169007566e-01,2.470971188523357343e-01,5.093248858270484902e-01,2.928520453306022175e-01,7.867050225591990520e-01,6.538479479514316406e-01,5.494364813526723124e-01,6.500549369862921312e-01,7.449633607300696347e-01,7.380513773931965948e-01,9.080541606458802928e-01,8.661973025295777173e-01,9.076137519505416140e-01,8.660497747300743843e-01,7.326539433746198648e-01,1.000000000000000000e+00,5.694751343830504187e-01,4.613290648883997536e-01,7.574475872551749145e-01,8.186709868028911874e-01,4.131198291605794881e-01,8.331081983961616810e-01,7.514350578553453675e-01,6.715541555685692332e-01
4.907485029161332002e-01,4.761833934916676614e-01,4.612422633878292544e-01,2.403732106507873723e-01,4.594399487587731978e-01,1.504153071855987844e-01,1.969743262748687440e-01,-4.600182911998361157e-01,5.915555482917105312e-01,3.901244280916988938e-01,-5.265489866628347837e-02,2.312511921502658774e-01,9.990405974773980402e-02,5.916386845496082181e-01,4.144070134819887175e-01,3.080021702273759154e-01,3.936599930690320437e-01,2.278332865078361025e-01,7.596443563503110785e-02,4.696573953903208642e-01,3.697612049805318324e-01,2.784358527116734816e-01,5.291829855141333416e-01,4.398383577633835362e-01,5.203590270008022767e-01,5.712012507800802164e-01,5.503398360840376924e-01,5.802842681468041164e-01,6.966408268928929726e-01,4.767671099806382040e-01,5.694751343830504187e-01,1.000000000000000000e+00,2.646077327352179265e-01,6.192089778369370690e-01,6.891450640183275356e-01,3.560614075820598967e-01,7.144465057281548237e-01,5.675722938582982158e-01,5.023944338587442715e-01
3.701074631358299283e-01,3.689771562523033732e-01,7.824478809279324931e-01,1.252812753242859845e-01,8.003495949402738008e-01,-2.931505215151646720e-02,2.346171283667063123e-01,-7.818152915465980124e-01,5.209691187061479267e-01,5.129040929690136252e-01,-1.084233620948496513e-01,2.338828644722000527e-01,2.224722891946166459e-01,5.181350616698295886e-01,3.603277292197570314e-01,5.470720994216000665e-01,1.833519616861092327e-01,4.848755295673803922e-01,2.570744703261216291e-01,4.212584954771609325e-01,7.053552566060334872e-01,6.596340057762748454e-01,4.212044979461099237e-01,5.361280390957092745e-01,4.001586574493131709e-01,4.154089939622505057e-01,3.821890146337064698e-01,4.992787522811751866e-01,4.401722589196536695e-01,4.450919039171347680e-01,4.613290648883997536e-01,2.646077327352179265e-01,1.000000000000000000e+00,5.723750603265576054e-01,3.706135762515487264e-01,4.303697191223256335e-01,3.582929904120748521e-01,4.400105569751860402e-01,2.647995575935885859e-01
6.167071248183906285e-01,6.666706394180950124e-01,6.943970172266165086e-01,3.282997682985405175e-01,7.453985998730429108e-01,9.570925728804897947e-02,4.635612706324108157e-01,-6.744281211946903110e-01,8.373062085079728822e-01,5.556856815392944293e-01,-9.294708610748241007e-02,4.869435289813709433e-01,1.423946034735291966e-01,7.729437923313280390e-01,6.766744065821470588e-01,6.106861034718059633e-01,3.397023530590583262e-01,5.030274834766255143e-01,3.023094493058149923e-01,6.873502421781523264e-01,6.308175815769950789e-01,5.259540888247771218e-01,6.720924324274140105e-01,7.439096866310483946e-01,7.079183159526991620e-01,7.656710234556849404e-01,7.043122636853582641e-01,7.913525394836031790e-01,7.592536431731332636e-01,6.819489041165167631e-01,7.574475872551749145e-01,6.192089778369370690e-01,5.723750603265576054e-01,1.000000000000000000e+00,7.450642057342323765e-01,3.655087508260526641e-01,7.314068627526711941e-01,7.211738510441759731e-01,6.854427345734038779e-01
7.451004888766976642e-01,7.396518746697534619e-01,6.027067509954721070e-01,5.450696838701329927e-01,5.273747603115749305e-01,-3.987274268801638266e-02,4.161351322335367087e-01,-5.835069547418761937e-01,7.532467760578965832e-01,6.495802638170328214e-01,-2.921042746616205887e-01,4.820377829513894374e-01,-7.256996329498119347e-02,8.485770850403520082e-01,6.145508828314321104e-01,6.661148465479662661e-01,1.707952416888859348e-01,5.372327651834871709e-01,3.570419960097487855e-01,7.351359881015958608e-01,5.860034757908821890e-01,5.192539615967683986e-01,7.904472599629787100e-01,7.147263367709617565e-01,8.273977209759003637e-01,8.172439956314990761e-01,7.647109679487651412e-01,8.195513043820631394e-01,8.881860927974386533e-01,7.694989109790433268e-01,8.186709868028911874e-01,6.891450640183275356e-01,3.706135762515487264e-01,7.450642057342323765e-01,1.000000000000000000e+00,4.349983310696181049e-01,8.955388096306734491e-01,7.587218782575159137e-01,6.472473924648930454e-01
5.584570434553405294e-01,4.618278118391002107e-01,4.175916392619902218e-01,3.343463723207643762e-02,3.749703584306345872e-01,7.546952769422309026e-02,4.974060667296217875e-02,-4.105989893921305200e-01,3.858694618158912126e-01,5.131454193142631626e-01,-6.150345265146374418e-02,-4.569426625123480107e-02,3.302813514118971283e-01,3.596889425242517091e-01,1.412781739076324483e-01,5.251455043025383684e-01,2.920014373666903751e-01,1.951493808018403553e-01,-3.243544365119530037e-02,2.423366812186034391e-01,3.739485278025778681e-01,3.833710445077187501e-01,3.888872458848588454e-01,4.377114901585996143e-01,2.914298977910263488e-01,3.995129615366134201e-01,4.972321893260266412e-01,3.629417197676276796e-01,4.115605775402980115e-01,4.104564795527274601e-01,4.131198291605794881e-01,3.560614075820598967e-01,4.303697191223256335e-01,3.655087508260526641e-01,4.349983310696181049e-01,1.000000000000000000e+00,3.975441016569223329e-01,4.357888580524129640e-01,2.986009043692012810e-01
7.732341968142660837e-01,7.805252603232376574e-01,6.042544677748901139e-01,4.839352633185233232e-01,4.968170008638067570e-01,-5.951894732052995241e-02,4.705101552653068731e-01,-5.832930541684040460e-01,7.476642788117464633e-01,6.455377672082446283e-01,-2.682446791806869513e-01,5.180919180514604871e-01,-7.734036436193617026e-02,8.190967878868282703e-01,6.686003176502097745e-01,6.704654154018540035e-01,1.949826015731067619e-01,5.478050068663378180e-01,3.822416293294289003e-01,7.283727689173111752e-01,6.103091700903744421e-01,4.823949155111432741e-01,7.219563330501451714e-01,6.829909397052976727e-01,7.990393857833533175e-01,8.535651747048066396e-01,7.773693835986936751e-01,8.432200550520803084e-01,9.084639354021371016e-01,7.703618428296440390e-01,8.331081983961616810e-01,7.144465057281548237e-01,3.582929904120748521e-01,7.314068627526711941e-01,8.955388096306734491e-01,3.975441016569223329e-01,1.000000000000000000e+00,7.554701469351148280e-01,6.718738341594933106e-01
6.583342764985751216e-01,5.942807786608336196e-01,5.566381585447938152e-01,3.282782017028756383e-01,6.114250933340779071e-01,-2.045439491282905475e-01,3.323904057494180275e-01,-5.396987337066817547e-01,7.001632812387583726e-01,7.428498663935315660e-01,-3.902955833486351778e-01,5.437307214775721764e-01,-9.867389462601071359e-02,8.200207365639414769e-01,6.311504337369649997e-01,7.473989757997170358e-01,1.166426589872389674e-01,5.998892762188159367e-01,4.630451170582129405e-01,7.222463238108686179e-01,5.746922254538638919e-01,5.580989680556316390e-01,7.323081670724749248e-01,7.322087453582289962e-01,7.793371211259275677e-01,7.288029212143737334e-01,7.205888441349379558e-01,7.318414859317998733e-01,8.149399923493626519e-01,8.091097259851948165e-01,7.514350578553453675e-01,5.675722938582982158e-01,4.400105569751860402e-01,7.211738510441759731e-01,7.587218782575159137e-01,4.357888580524129640e-01,7.554701469351148280e-01,1.000000000000000000e+00,7.257202247401451922e-01
6.553848412523850531e-01,6.675619522497611147e-01,4.779210313757252249e-01,2.853829522210690195e-01,5.411629848433647805e-01,-1.966670270433349410e-01,3.672301552855808948e-01,-4.592819322778364799e-01,7.089220992118163700e-01,6.058116586158017736e-01,-2.495294053411306889e-01,5.536765574731327133e-01,7.856588434832088852e-02,6.420550631683832332e-01,5.826862534102890123e-01,5.455165988731978111e-01,7.004789360517772734e-02,5.803686571464053978e-01,5.610247653998661210e-01,6.090067290319067794e-01,4.365338373401828620e-01,3.734556140521044232e-01,5.572696714359635095e-01,6.057360469854378149e-01,6.435816604262850626e-01,6.322406620174326752e-01,5.850310388881334589e-01,6.075792047526746842e-01,6.608592280213321235e-01,6.297968096120396542e-01,6.715541555685692332e-01,5.023944338587442715e-01,2.647995575935885859e-01,6.854427345734038779e-01,6.472473924648930454e-01,2.986009043692012810e-01,6.718738341594933106e-01,7.257202247401451922e-01,1.000000000000000000e+00
