1.000000000000000000e+00,7.383584292089557799e-01,5.949287556144455813e-01,2.008617996808438055e-01,7.214442965996460400e-01,2.625078899025726220e-01,2.358642768980384052e-01,-5.773095675774317925e-01,7.191729573545779797e-01,5.925959135417693258e-01,1.589539734509332405e-02,5.715512086475728060e-01,7.815404597712820312e-02,6.633729125768261792e-01,7.290609628445665624e-01,7.126598985919987417e-01,2.412862725528656660e-01,6.327796012105441070e-01,5.294096449800484994e-01,3.261245293854840854e-01,4.946115360782606940e-01,3.973790672555754799e-01,6.483375896348152478e-01,5.469879694588759556e-01,5.493963315092901256e-01,6.589540334963089885e-01,5.758055040996514773e-01,6.158346866300185019e-01,7.332817577541850262e-01,-1.507442644415267485e-01,6.266234435277407977e-01,3.975819796456815380e-01,6.859905630649917319e-01,5.479371992892628773e-01,6.617731423605996977e-01,3.999909699899186211e-01,5.085122741691453507e-01,7.776863045581717815e-01,5.932783222582534988e-01
7.383584292089557799e-01,1.000000000000000000e+00,4.380189187827417396e-01,1.715889033181422774e-01,6.432741758483867534e-01,5.049557096643163545e-01,3.110504876862253409e-01,-4.938636148844954832e-01,7.529122886783408131e-01,7.924903959996132397e-01,-3.001570088828854274e-02,6.521702803368542023e-01,-1.748616028101168327e-02,7.477330071043747362e-01,6.387060646586266710e-01,8.277601140324808426e-01,1.661440576633224364e-01,6.154506922937792446e-01,5.509767285791699054e-01,1.182982573527532472e-01,6.877127025307637753e-01,5.506458673953481542e-01,7.358450582356772518e-01,6.993960331336247505e-01,6.794070799613090017e-01,4.498795482564386661e-01,5.536089237347490144e-01,5.240217291323845394e-01,7.435565739401769347e-01,-1.540705508838152715e-01,6.125900733436125956e-01,6.124778208841626936e-01,7.276271725332712492e-01,4.987152782827166120e-01,6.518198355500931518e-01,4.750390832966307486e-01,7.565975781287411772e-01,7.743203477613614938e-01,8.236491485970971471e-01
5.949287556144455813e-01,4.380189187827417396e-01,1.000000000000000000e+00,4.147557656399311066e-01,7.074266191091597156e-01,-1.024271816899168380e-01,3.799744487953404803e-02,-8.787169955105280650e-01,6.655247386956685274e-01,4.507037182627617877e-01,2.323458788706459222e-01,4.985543857252646149e-01,-2.430857047760115186e-01,4.651596449070377615e-01,7.247394415805534784e-01,4.138473072356382843e-01,3.461948069193910293e-01,6.551940294904402551e-01,4.481250018638660015e-01,5.604826246511956933e-01,3.785520727702421651e-01,1.784455607778407116e-01,4.084994071686318118e-01,2.854041461898698673e-01,2.724749440900123831e-01,7.996889659093830982e-01,6.146846053233022689e-01,7.445155694997448448e-01,4.482729575301330760e-01,3.522122871201466277e-02,7.330948058663956379e-01,1.570496428128425881e-01,6.800731925389984500e-01,7.532502336580502167e-01,3.640191274252952969e-01,6.175949085747240996e-01,1.521411007158705031e-01,5.847789870387731792e-01,3.637089699161252798e-01
2.008617996808438055e-01,1.715889033181422774e-01,4.147557656399311066e-01,1.000000000000000000e+00,4.380760916967342267e-01,3.868235257640370572e-02,3.889882046362016510e-01,-4.242515516279478649e-01,3.563925756553673052e-01,1.295440390947952825e-01,-1.867368045218666117e-02,3.740329937436820407e-01,4.718898342627436682e-02,4.884758605101817419e-02,3.434156175711704506e-01,6.698869073946621400e-02,1.247600417366713371e-01,4.890842322086976779e-01,4.458439949873619912e-01,1.588042901803602969e-01,2.280846862113405926e-01,6.341424008849046168e-02,1.010020806009790245e-01,1.610985761712349640e-01,4.740946922080507830e-02,4.298284229401020951e-01,3.866012467900288296e-01,5.240802010361975682e-01,2.266800670742291079e-01,-1.233942084706011605e-01,2.399855862421387542e-01,5.094279046409057321e-02,2.750535828998688648e-01,4.898878416314348949e-01,6.959668039901806269e-02,3.913308811099760476e-01,1.234793372162126257e-01,2.755943551148822279e-01,1.980809194479038748e-01
7.214442965996460400e-01,6.432741758483867534e-01,7.074266191091597156e-01,4.380760916967342267e-01,1.000000000000000000e+00,6.671869572969262030e-02,1.771413376316607613e-01,-6.474720301741404560e-01,8.447590944174293570e-01,6.747812643752943984e-01,8.459616978090361838e-03,6.922339176875230704e-01,1.393973759327780948e-02,6.232693425989284108e-01,8.030386063058918555e-01,6.436844400827645973e-01,2.125897558103153340e-01,8.118388540545743437e-01,7.377659010743925494e-01,3.381285428118874781e-01,3.697353393020986756e-01,2.569232897825540762e-01,6.103815588779214485e-01,4.606248410891657374e-01,4.619929573594835359e-01,7.165167147421619420e-01,5.454289598394854721e-01,6.100746259560908547e-01,5.602247766623794645e-01,1.048403199962012061e-02,6.479633736244306830e-01,2.304466321572509468e-01,6.198173233261409232e-01,8.419620622499439655e-01,4.408901039491405216e-01,6.039911565171487418e-01,3.860624614165282242e-01,7.256506388951151632e-01,6.047475053220706664e-01
2.625078899025726220e-01,5.049557096643163545e-01,-1.024271816899168380e-01,3.868235257640370572e-02,6.671869572969262030e-02,1.000000000000000000e+00,5.547742674596958246e-01,-7.121885728848433017e-02,2.733516940972312015e-01,3.030449906090030843e-01,-2.776985339874069036e-01,8.429537537821582549e-02,-3.355423714772089172e-02,4.188447723380735455e-01,5.516627815816761704e-02,3.205780912620923573e-01,-1.076560107981991005e-01,2.601931266507545581e-01,3.219642892160746728e-01,-3.433814979373859821e-01,6.952033431251988249e-01,2.655329268799181408e-01,4.838547785411670410e-01,6.187516051182535559e-01,6.691136680096122502e-01,-5.217031801922678014e-02,2.844770462405818434e-01,4.565927167059328357e-02,5.796132507288308533e-01,-2.125521331743547293e-01,1.902209105815282075e-01,6.752748946220933357e-01,4.126999372818970779e-01,-7.185544776018577828e-02,5.332105155270980834e-01,2.047544078749861107e-01,8.300426027057713485e-01,1.774734941098835284e-01,3.400316878555518230e-01
2.358642768980384052e-01,3.110504876862253409e-01,3.799744487953404803e-02,3.889882046362016510e-01,1.771413376316607613e-01,5.547742674596958246e-01,1.000000000000000000e+00,-2.032802415098377835e-01,2.580825520223089531e-01,2.056570127075340038e-01,-1.179864618717521990e-01,3.750239291419953103e-02,2.402653375725505580e-01,3.269023683177474937e-01,1.521187152705538725e-01,2.378180272626989056e-01,-5.192945303912581759e-03,3.422093239721517577e-01,4.700976102597514972e-01,-2.433849553548745881e-01,4.344915121241196831e-01,2.037808301444412329e-01,2.774027592462705027e-01,4.587449286059863129e-01,4.168294269461765844e-01,1.306811201860217098e-01,3.571422651744295407e-01,2.749203076900960108e-01,4.880379560334408007e-01,-3.146436375736360591e-01,1.920767194795210964e-01,4.719765808387353934e-01,3.316524216711965733e-01,1.080636379484727072e-01,3.817024074943132783e-01,2.393426819511652592e-01,5.452622829034267093e-01,2.132023151447545450e-01,1.817466658255261214e-01
-5.773095675774317925e-01,-4.938636148844954832e-01,-8.787169955105280650e-01,-4.242515516279478649e-01,-6.474720301741404560e-01,-7.121885728848433017e-02,-2.032802415098377835e-01,1.000000000000000000e+00,-6.263974956217552847e-01,-4.332707120251707011e-01,-8.826522857555463286e-02,-4.526299116349279950e-01,2.377694478380371901e-01,-5.043212694475203151e-01,-6.258252394821611775e-01,-4.199716115787787696e-01,-1.959101519488825882e-01,-6.671936720366719031e-01,-4.928110172363798225e-01,-3.239467597395955800e-01,-4.749309907574590373e-01,-2.775431326074646599e-01,-4.119398658081367959e-01,-3.851023126459798274e-01,-3.319722376262519981e-01,-7.029155299949552127e-01,-6.673529046577354462e-01,-7.256481748865476478e-01,-4.818010518566199774e-01,6.575160122997862622e-02,-6.670479479406266066e-01,-2.299434348800042938e-01,-6.569864425578655354e-01,-7.187335498909159792e-01,-3.772355171036360089e-01,-6.418782193944584380e-01,-2.919729244382926470e-01,-5.256095654704321385e-01,-4.089520031585892057e-01
7.191729573545779797e-01,7.529122886783408131e-01,6.655247386956685274e-01,3.563925756553673052e-01,8.447590944174293570e-01,2.733516940972312015e-01,2.580825520223089531e-01,-6.263974956217552847e-01,1.000000000000000000e+00,7.570735775589948480e-01,2.693805515817950316e-02,7.003550166942447142e-01,-5.309430050477264434e-02,6.986535707396214212e-01,8.156126027241320520e-01,7.288020081779739145e-01,2.413259304914876224e-01,7.627214179927225279e-01,6.807475422638017415e-01,3.431938647910869888e-01,5.628434311958042668e-01,3.805181144256732373e-01,7.071352914394262168e-01,5.969132050683219060e-01,6.313640847635122455e-01,6.756201506220933517e-01,6.044956681470960991e-01,6.343003263348270249e-01,7.062942247572544519e-01,8.583383490199530258e-03,7.254962070949459996e-01,4.079332050342243665e-01,7.470525199037971742e-01,7.761034499933980868e-01,5.885178787402306488e-01,6.674965066945699466e-01,5.621083698841927712e-01,7.815785808950028724e-01,6.901281673348935719e-01
5.925959135417693258e-01,7.924903959996132397e-01,4.507037182627617877e-01,1.295440390947952825e-01,6.747812643752943984e-01,3.030449906090030843e-01,2.056570127075340038e-01,-4.332707120251707011e-01,7.570735775589948480e-01,1.000000000000000000e+00,5.577722751239164861e-02,6.117867352800080427e-01,-5.029706750792678482e-02,7.396575808526725249e-01,6.157876270903210880e-01,8.592209177141512111e-01,1.901207169212163206e-01,6.018893746723390503e-01,5.922572773463260498e-01,1.956815394426361376e-01,4.991325206187604557e-01,4.287450672961206077e-01,6.960095408594226818e-01,5.608694083843348555e-01,6.431870598707170039e-01,4.621598806838707607e-01,4.608602501089624770e-01,4.337380337362617966e-01,5.683339371466129553e-01,-1.834044610551177276e-02,6.190353076496430962e-01,4.627696785976022631e-01,6.540299724535368897e-01,5.370243176484124081e-01,5.431102109930197042e-01,5.567320365988797093e-01,5.961165968816242167e-01,7.681642108579882500e-01,7.574785681689335526e-01
1.589539734509332405e-02,-3.001570088828854274e-02,2.323458788706459222e-01,-1.867368045218666117e-02,8.459616978090361838e-03,-2.776985339874069036e-01,-1.179864618717521990e-01,-8.826522857555463286e-02,2.693805515817950316e-02,5.577722751239164861e-02,1.000000000000000000e+00,-2.667976485964997091e-02,-3.372811275347540466e-02,-2.838217527672374368e-02,1.352069642149669737e-01,6.686803238639334179e-02,7.808423071213616007e-01,-5.703179380136681742e-02,-1.711236244891059799e-01,3.761531613722360334e-01,-1.009271442454061779e-01,-3.647884980003328337e-02,-1.251155920789226716e-01,-1.511134316094797092e-01,-1.536029200586451204e-01,2.051548401354443274e-01,4.307053417595147621e-03,2.246388543723867592e-01,3.270081356898171376e-03,9.881749313206514285e-02,2.559100125043562435e-01,2.792311997249831146e-01,1.101693072717675331e-01,2.397921801885183682e-02,9.622990056554404925e-03,9.313937879588851665e-02,-2.497177574939578593e-01,1.593199782409110976e-01,1.398320158752353265e-03
5.715512086475728060e-01,6.521702803368542023e-01,4.985543857252646149e-01,3.740329937436820407e-01,6.922339176875230704e-01,8.429537537821582549e-02,3.750239291419953103e-02,-4.526299116349279950e-01,7.003550166942447142e-01,6.117867352800080427e-01,-2.667976485964997091e-02,1.000000000000000000e+00,6.644299610455249062e-03,4.903981870085190042e-01,7.175620996143809993e-01,5.892391709068622863e-01,1.584276102616800630e-01,4.917897875365541127e-01,4.470134495733630864e-01,2.832804502325304563e-01,4.032758913504253528e-01,4.861246051564713788e-01,5.722802148345531581e-01,4.029008544891024002e-01,3.263902835732580554e-01,4.633163450986559906e-01,4.938009287317740026e-01,5.645161602330526218e-01,4.907647276509400358e-01,-1.334417941524901341e-02,5.730042680655461629e-01,2.134011000003914471e-01,5.512152681124253828e-01,6.501108541710072242e-01,4.068386353770853114e-01,4.097164244931678634e-01,4.209165147993834122e-01,6.988936257617545111e-01,7.184424019004075346e-01
7.815404597712820312e-02,-1.748616028101168327e-02,-2.430857047760115186e-01,4.718898342627436682e-02,1.393973759327780948e-02,-3.355423714772089172e-02,2.402653375725505580e-01,2.377694478380371901e-01,-5.309430050477264434e-02,-5.029706750792678482e-02,-3.372811275347540466e-02,6.644299610455249062e-03,1.000000000000000000e+00,-1.787302597022544237e-02,-9.072395981433603596e-02,-1.432263237526040312e-03,-2.139456234516583927e-02,-5.803771177556646399e-02,5.310266608402159499e-02,-8.299935519847849441e-02,-2.682825099408512326e-01,2.235188854033418396e-02,-7.908428339872458634e-02,-3.253201419922003429e-02,-1.198661761647971426e-02,-1.581717804059549481e-01,-2.132215356658641592e-01,-1.474001860846428369e-01,4.532821723642525835e-02,-4.750684881765723788e-02,-1.273781389797011832e-01,-1.236502367480365044e-01,-1.967787270064164928e-01,-6.006944863409646729e-02,8.804625723460524078e-02,-2.100238175889293235e-01,-4.655672867431183762e-03,5.960606539064837450e-02,2.177531833694829749e-02
6.633729125768261792e-01,7.477330071043747362e-01,4.651596449070377615e-01,4.884758605101817419e-02,6.232693425989284108e-01,4.188447723380735455e-01,3.269023683177474937e-01,-5.043212694475203151e-01,6.986535707396214212e-01,7.396575808526725249e-01,-2.838217527672374368e-02,4.903981870085190042e-01,-1.787302597022544237e-02,1.000000000000000000e+00,5.918651812035963244e-01,7.770940363387142114e-01,1.505215309166756665e-01,5.964712676653530776e-01,5.549926503879367701e-01,1.271971259753161554e-01,5.483175122066092921e-01,4.006097639048867287e-01,7.123328159523686365e-01,7.468776283455852427e-01,7.065974433809897315e-01,4.920280523607172829e-01,5.293136804355823566e-01,4.489643306592326910e-01,7.134238594814620305e-01,-1.232505591101009657e-01,6.782784715627755423e-01,5.025992488490617083e-01,7.196158906307918990e-01,4.950943667789980407e-01,7.162389701613018911e-01,4.922399209340754256e-01,6.876669698606736603e-01,6.527861893470285892e-01,6.131042857955907310e-01
7.290609628445665624e-01,6.387060646586266710e-01,7.247394415805534784e-01,3.434156175711704506e-01,8.030386063058918555e-01,5.516627815816761704e-02,1.521187152705538725e-01,-6.258252394821611775e-01,8.156126027241320520e-01,6.157876270903210880e-01,1.352069642149669737e-01,7.175620996143809993e-01,-9.072395981433603596e-02,5.918651812035963244e-01,1.000000000000000000e+00,6.753456730570578381e-01,3.456822957650269590e-01,6.837088565983001631e-01,6.141746779848090698e-01,5.176368339354061598e-01,4.842544931015387855e-01,3.801472312559969202e-01,6.590466328340617297e-01,5.335268590718699189e-01,4.651929449411025819e-01,8.013518234374517046e-01,6.219378696717843269e-01,7.582286381393432695e-01,6.464514418145795860e-01,-1.540886809890829601e-01,7.250983345774294486e-01,3.418873943434836415e-01,7.539230241198703331e-01,7.134349885107029721e-01,5.615880930418739592e-01,5.157847245170180672e-01,3.894385747180430513e-01,7.949132645048004875e-01,5.939481914330883017e-01
7.126598985919987417e-01,8.277601140324808426e-01,4.138473072356382843e-01,6.698869073946621400e-02,6.436844400827645973e-01,3.205780912620923573e-01,2.378180272626989056e-01,-4.199716115787787696e-01,7.288020081779739145e-01,8.592209177141512111e-01,6.686803238639334179e-02,5.892391709068622863e-01,-1.432263237526040312e-03,7.770940363387142114e-01,6.753456730570578381e-01,1.000000000000000000e+00,2.125140776395157138e-01,5.743470652706157420e-01,5.701713665077592363e-01,2.028575384858302133e-01,5.137566608796274581e-01,5.123503643247943051e-01,7.167814538950310066e-01,6.760110063786488599e-01,6.603107051245156178e-01,5.203328314534158006e-01,4.833766006758907774e-01,5.077293925294033006e-01,6.580015365294682450e-01,-1.870587081265476792e-01,6.082989842136673486e-01,5.193099157233636021e-01,6.762737580873643406e-01,4.726258905284880241e-01,6.505243297342429010e-01,4.598462325381216242e-01,6.262971171173543627e-01,8.177845638871658052e-01,7.794133920453512054e-01
2.412862725528656660e-01,1.661440576633224364e-01,3.461948069193910293e-01,1.247600417366713371e-01,2.125897558103153340e-01,-1.076560107981991005e-01,-5.192945303912581759e-03,-1.959101519488825882e-01,2.413259304914876224e-01,1.901207169212163206e-01,7.808423071213616007e-01,1.584276102616800630e-01,-2.139456234516583927e-02,1.505215309166756665e-01,3.456822957650269590e-01,2.125140776395157138e-01,1.000000000000000000e+00,1.188752548058830266e-01,1.661692814061094259e-02,3.959443423639698589e-01,1.329402017547657022e-01,5.011036536072221992e-02,5.507799594357629808e-02,9.167793256582176809e-02,3.697749783224397319e-02,3.094859254477069777e-01,7.662603801479089816e-02,3.500700208219130194e-01,2.466983040731556276e-01,3.112821713625058689e-02,4.070068821231864753e-01,4.478939639981598386e-01,3.153549765077329203e-01,1.237912249016219213e-01,2.296649647953313833e-01,1.219279027816161931e-01,-2.731811863414985997e-02,3.696132913538451858e-01,1.692857562748572020e-01
6.327796012105441070e-01,6.154506922937792446e-01,6.551940294904402551e-01,4.890842322086976779e-01,8.118388540545743437e-01,2.601931266507545581e-01,3.422093239721517577e-01,-6.671936720366719031e-01,7.627214179927225279e-01,6.018893746723390503e-01,-5.703179380136681742e-02,4.917897875365541127e-01,-5.803771177556646399e-02,5.964712676653530776e-01,6.837088565983001631e-01,5.743470652706157420e-01,1.188752548058830266e-01,1.000000000000000000e+00,8.355315316218328014e-01,2.206513331473383133e-01,4.888055880231471084e-01,1.992064238920543684e-01,6.246412406791651550e-01,5.373294941679520598e-01,5.295186659999215895e-01,6.896659674200653622e-01,5.924755816540228093e-01,5.785857315735217776e-01,5.759254877689098384e-01,-5.587416150217055372e-02,5.732612026963154195e-01,3.431699814276862326e-01,6.284892887189543753e-01,7.179980307489172153e-01,4.100283263597157002e-01,6.379756025876568426e-01,4.773836862957304139e-01,5.620726051071972540e-01,4.915390817309756577e-01
5.294096449800484994e-01,5.509767285791699054e-01,4.481250018638660015e-01,4.458439949873619912e-01,7.377659010743925494e-01,3.219642892160746728e-01,4.700976102597514972e-01,-4.928110172363798225e-01,6.807475422638017415e-01,5.922572773463260498e-01,-1.711236244891059799e-01,4.470134495733630864e-01,5.310266608402159499e-02,5.549926503879367701e-01,6.141746779848090698e-01,5.701713665077592363e-01,1.661692814061094259e-02,8.355315316218328014e-01,1.000000000000000000e+00,-1.804640421615577237e-03,4.065261001413618680e-01,1.604835755073302228e-01,5.796294912843821256e-01,5.595203001796127396e-01,5.455673102788552997e-01,5.419702798424291812e-01,4.866347964977395524e-01,4.093652083991666246e-01,5.342222734195187783e-01,-1.725750820428098575e-01,4.310835527938152167e-01,3.250391522144267520e-01,4.988469999427326274e-01,5.882384697420562913e-01,3.792583266293699795e-01,5.246459698489988055e-01,5.246906534098116914e-01,5.020155366932876895e-01,4.470234064898275794e-01
3.261245293854840854e-01,1.182982573527532472e-01,5.604826246511956933e-01,1.588042901803602969e-01,3.381285428118874781e-01,-3.433814979373859821e-01,-2.433849553548745881e-01,-3.239467597395955800e-01,3.431938647910869888e-01,1.956815394426361376e-01,3.761531613722360334e-01,2.832804502325304563e-01,-8.299935519847849441e-02,1.271971259753161554e-01,5.176368339354061598e-01,2.028575384858302133e-01,3.959443423639698589e-01,2.206513331473383133e-01,-1.804640421615577237e-03,1.000000000000000000e+00,1.026255542485051131e-01,1.989025132079931257e-01,2.215487029963442711e-01,-3.493181905715048857e-02,9.400746444718275849e-03,6.033483227865903409e-01,2.863871544936715252e-01,5.395615433221134793e-01,1.985250981007075366e-01,1.383049414182523362e-01,4.893548658391876915e-01,-3.487218359303410897e-02,4.545396417416960877e-01,3.642085336700703890e-01,2.620498443487251916e-01,2.032994091185592878e-01,-1.728118045878598852e-01,3.978557555490520592e-01,9.324727551578460005e-02
4.946115360782606940e-01,6.877127025307637753e-01,3.785520727702421651e-01,2.280846862113405926e-01,3.697353393020986756e-01,6.952033431251988249e-01,4.344915121241196831e-01,-4.749309907574590373e-01,5.628434311958042668e-01,4.991325206187604557e-01,-1.009271442454061779e-01,4.032758913504253528e-01,-2.682825099408512326e-01,5.483175122066092921e-01,4.842544931015387855e-01,5.137566608796274581e-01,1.329402017547657022e-01,4.888055880231471084e-01,4.065261001413618680e-01,1.026255542485051131e-01,1.000000000000000000e+00,4.880144714330579281e-01,6.789882829737184933e-01,7.122375494428242471e-01,6.482190256532116557e-01,3.786345693973216520e-01,6.129715009031042605e-01,5.313238235359036832e-01,6.822478584619454667e-01,-1.906917222090770137e-01,5.300535523365441648e-01,7.361912778087871256e-01,7.814093892482174564e-01,2.674262161922004721e-01,6.105923751303928837e-01,4.588330710540374224e-01,7.880187986887661200e-01,4.816785331030399853e-01,5.183178972911706150e-01
3.973790672555754799e-01,5.506458673953481542e-01,1.784455607778407116e-01,6.341424008849046168e-02,2.569232897825540762e-01,2.655329268799181408e-01,2.037808301444412329e-01,-2.775431326074646599e-01,3.805181144256732373e-01,4.287450672961206077e-01,-3.647884980003328337e-02,4.861246051564713788e-01,2.235188854033418396e-02,4.006097639048867287e-01,3.801472312559969202e-01,5.123503643247943051e-01,5.011036536072221992e-02,1.992064238920543684e-01,1.604835755073302228e-01,1.989025132079931257e-01,4.880144714330579281e-01,1.000000000000000000e+00,4.897368544116412759e-01,4.372113167896357622e-01,3.551265530938800818e-01,2.445941851945970247e-01,4.098361496288278061e-01,4.484347433174653563e-01,4.051962639764827845e-01,-1.389905715322774238e-01,3.466283150072808072e-01,3.577810373893388629e-01,4.726391172431838594e-01,2.191023514203259415e-01,3.993996700168346292e-01,2.394704760543049926e-01,4.589071701179454621e-01,4.863660068510418655e-01,5.771223600839429091e-01
6.483375896348152478e-01,7.358450582356772518e-01,4.084994071686318118e-01,1.010020806009790245e-01,6.103815588779214485e-01,4.838547785411670410e-01,2.774027592462705027e-01,-4.119398658081367959e-01,7.071352914394262168e-01,6.960095408594226818e-01,-1.251155920789226716e-01,5.722802148345531581e-01,-7.908428339872458634e-02,7.123328159523686365e-01,6.590466328340617297e-01,7.167814538950310066e-01,5.507799594357629808e-02,6.246412406791651550e-01,5.796294912843821256e-01,2.215487029963442711e-01,6.789882829737184933e-01,4.897368544116412759e-01,1.000000000000000000e+00,6.869219944192076488e-01,7.569692150349914828e-01,5.314759158991316790e-01,6.234943660656444564e-01,5.111043005741185974e-01,6.901278346299616340e-01,-3.560711961097298706e-02,6.116278619282414786e-01,5.588834858528167748e-01,7.466598751339617035e-01,4.470841772864906360e-01,6.265435499194693669e-01,5.038174976094653701e-01,7.279832341234742099e-01,6.504781123868974557e-01,6.343312255197102179e-01
5.469879694588759556e-01,6.993960331336247505e-01,2.854041461898698673e-01,1.610985761712349640e-01,4.606248410891657374e-01,6.187516051182535559e-01,4.587449286059863129e-01,-3.851023126459798274e-01,5.969132050683219060e-01,5.608694083843348555e-01,-1.511134316094797092e-01,4.029008544891024002e-01,-3.253201419922003429e-02,7.468776283455852427e-01,5.335268590718699189e-01,6.760110063786488599e-01,9.167793256582176809e-02,5.373294941679520598e-01,5.595203001796127396e-01,-3.493181905715048857e-02,7.122375494428242471e-01,4.372113167896357622e-01,6.869219944192076488e-01,1.000000000000000000e+00,7.355340708153078610e-01,4.036305287892724691e-01,5.304767188686912993e-01,4.528837633347687630e-01,7.420016824616233464e-01,-3.459744318843314681e-01,4.855635891435600149e-01,6.383793868305041030e-01,6.761378981180162784e-01,3.074811498501585638e-01,7.011135858425833201e-01,3.976805455811131540e-01,8.020582921633030438e-01,5.461095248909187960e-01,5.809770108433083280e-01
5.493963315092901256e-01,6.794070799613090017e-01,2.724749440900123831e-01,4.740946922080507830e-02,4.619929573594835359e-01,6.691136680096122502e-01,4.168294269461765844e-01,-3.319722376262519981e-01,6.313640847635122455e-01,6.431870598707170039e-01,-1.536029200586451204e-01,3.263902835732580554e-01,-1.198661761647971426e-02,7.065974433809897315e-01,4.651929449411025819e-01,6.603107051245156178e-01,3.697749783224397319e-02,5.295186659999215895e-01,5.455673102788552997e-01,9.400746444718275849e-03,6.482190256532116557e-01,3.551265530938800818e-01,7.569692150349914828e-01,7.355340708153078610e-01,1.000000000000000000e+00,3.896285362929199358e-01,4.386294984075354564e-01,3.237926517913422564e-01,7.046710766307955343e-01,-1.238038959655774346e-01,4.837162775464647901e-01,5.862030982440706861e-01,6.513692467396842156e-01,3.049743339477767323e-01,6.755044034076269632e-01,5.250395332055413089e-01,7.850816435612439914e-01,5.673069588564334520e-01,5.749818459019477856e-01
6.589540334963089885e-01,4.498795482564386661e-01,7.996889659093830982e-01,4.298284229401020951e-01,7.165167147421619420e-01,-5.217031801922678014e-02,1.306811201860217098e-01,-7.029155299949552127e-01,6.756201506220933517e-01,4.621598806838707607e-01,2.051548401354443274e-01,4.633163450986559906e-01,-1.581717804059549481e-01,4.920280523607172829e-01,8.013518234374517046e-01,5.203328314534158006e-01,3.094859254477069777e-01,6.896659674200653622e-01,5.419702798424291812e-01,6.033483227865903409e-01,3.786345693973216520e-01,2.445941851945970247e-01,5.314759158991316790e-01,4.036305287892724691e-01,3.896285362929199358e-01,1.000000000000000000e+00,7.218741151265538614e-01,7.932273801640431499e-01,5.319982424009579436e-01,-1.485601638512191736e-01,6.232294269610035853e-01,2.122558420453199146e-01,6.927204956526481494e-01,6.914626670990532409e-01,4.377035529065134711e-01,5.914601511999990624e-01,2.091820049731807074e-01,6.400009323914654935e-01,3.678716353212692081e-01
5.758055040996514773e-01,5.536089237347490144e-01,6.146846053233022689e-01,3.866012467900288296e-01,5.454289598394854721e-01,2.844770462405818434e-01,3.571422651744295407e-01,-6.673529046577354462e-01,6.044956681470960991e-01,4.608602501089624770e-01,4.307053417595147621e-03,4.938009287317740026e-01,-2.132215356658641592e-01,5.293136804355823566e-01,6.219378696717843269e-01,4.833766006758907774e-01,7.662603801479089816e-02,5.924755816540228093e-01,4.866347964977395524e-01,2.863871544936715252e-01,6.129715009031042605e-01,4.098361496288278061e-01,6.234943660656444564e-01,5.304767188686912993e-01,4.386294984075354564e-01,7.218741151265538614e-01,1.000000000000000000e+00,7.349425423280697700e-01,5.985116294736644305e-01,-2.106901546635681632e-01,5.468943072322420829e-01,3.999259396945595291e-01,7.019201939928182421e-01,5.738108274218914895e-01,4.592971638654189670e-01,5.664326703705734323e-01,4.739080913384927096e-01,5.065753070314202855e-01,4.023568571235235924e-01
6.158346866300185019e-01,5.240217291323845394e-01,7.445155694997448448e-01,5.240802010361975682e-01,6.100746259560908547e-01,4.565927167059328357e-02,2.749203076900960108e-01,-7.256481748865476478e-01,6.343003263348270249e-01,4.337380337362617966e-01,2.246388543723867592e-01,5.645161602330526218e-01,-1.474001860846428369e-01,4.489643306592326910e-01,7.582286381393432695e-01,5.077293925294033006e-01,3.500700208219130194e-01,5.785857315735217776e-01,4.093652083991666246e-01,5.395615433221134793e-01,5.313238235359036832e-01,4.484347433174653563e-01,5.111043005741185974e-01,4.528837633347687630e-01,3.237926517913422564e-01,7.932273801640431499e-01,7.349425423280697700e-01,1.000000000000000000e+00,5.903599506917502904e-01,-1.638994848383223124e-01,6.757012219445663881e-01,3.682550896854491218e-01,7.494815018813660856e-01,6.214576743198653164e-01,4.919349844390207838e-01,5.335331036548551786e-01,3.204494443068257592e-01,6.604371834513899087e-01,4.675697786000997391e-01
7.332817577541850262e-01,7.435565739401769347e-01,4.482729575301330760e-01,2.266800670742291079e-01,5.602247766623794645e-01,5.796132507288308533e-01,4.880379560334408007e-01,-4.818010518566199774e-01,7.062942247572544519e-01,5.683339371466129553e-01,3.270081356898171376e-03,4.907647276509400358e-01,4.532821723642525835e-02,7.134238594814620305e-01,6.464514418145795860e-01,6.580015365294682450e-01,2.466983040731556276e-01,5.759254877689098384e-01,5.342222734195187783e-01,1.985250981007075366e-01,6.822478584619454667e-01,4.051962639764827845e-01,6.901278346299616340e-01,7.420016824616233464e-01,7.046710766307955343e-01,5.319982424009579436e-01,5.985116294736644305e-01,5.903599506917502904e-01,1.000000000000000000e+00,-3.061000116566472418e-01,6.897909932310588577e-01,6.243877495496638064e-01,7.907485326731928943e-01,3.999721958428016366e-01,8.390178697220650461e-01,4.108532064724517707e-01,7.625645802662552875e-01,6.957122761015237522e-01,5.656377644298401508e-01
-1.507442644415267485e-01,-1.540705508838152715e-01,3.522122871201466277e-02,-1.233942084706011605e-01,1.048403199962012061e-02,-2.125521331743547293e-01,-3.146436375736360591e-01,6.575160122997862622e-02,8.583383490199530258e-03,-1.834044610551177276e-02,9.881749313206514285e-02,-1.334417941524901341e-02,-4.750684881765723788e-02,-1.232505591101009657e-01,-1.540886809890829601e-01,-1.870587081265476792e-01,3.112821713625058689e-02,-5.587416150217055372e-02,-1.725750820428098575e-01,1.383049414182523362e-01,-1.906917222090770137e-01,-1.389905715322774238e-01,-3.560711961097298706e-02,-3.459744318843314681e-01,-1.238038959655774346e-01,-1.485601638512191736e-01,-2.106901546635681632e-01,-1.638994848383223124e-01,-3.061000116566472418e-01,1.000000000000000000e+00,-2.653989395781549201e-02,-1.436522723903822518e-01,-1.596722232745943493e-01,9.533254663286015729e-02,-3.517891364968148138e-01,7.427756582941734409e-02,-2.492216361140718595e-01,-1.784992646412254524e-01,-1.046222293681349502e-01
6.266234435277407977e-01,6.125900733436125956e-01,7.330948058663956379e-01,2.399855862421387542e-01,6.479633736244306830e-01,1.902209105815282075e-01,1.920767194795210964e-01,-6.670479479406266066e-01,7.254962070949459996e-01,6.190353076496430962e-01,2.559100125043562435e-01,5.730042680655461629e-01,-1.273781389797011832e-01,6.782784715627755423e-01,7.250983345774294486e-01,6.082989842136673486e-01,4.070068821231864753e-01,5.732612026963154195e-01,4.310835527938152167e-01,4.893548658391876915e-01,5.300535523365441648e-01,3.466283150072808072e-01,6.116278619282414786e-01,4.855635891435600149e-01,4.837162775464647901e-01,6.232294269610035853e-01,5.468943072322420829e-01,6.757012219445663881e-01,6.897909932310588577e-01,-2.653989395781549201e-02,1.000000000000000000e+00,4.358443885746045021e-01,8.279501438553896753e-01,5.885721381488243642e-01,6.938815232689169443e-01,4.961999404612010278e-01,4.665373967475215378e-01,7.054417209889887186e-01,5.134998113250576202e-01
3.975819796456815380e-01,6.124778208841626936e-01,1.570496428128425881e-01,5.094279046409057321e-02,2.304466321572509468e-01,6.752748946220933357e-01,4.719765808387353934e-01,-2.299434348800042938e-01,4.079332050342243665e-01,4.627696785976022631e-01,2.792311997249831146e-01,2.134011000003914471e-01,-1.236502367480365044e-01,5.025992488490617083e-01,3.418873943434836415e-01,5.193099157233636021e-01,4.478939639981598386e-01,3.431699814276862326e-01,3.250391522144267520e-01,-3.487218359303410897e-02,7.361912778087871256e-01,3.577810373893388629e-01,5.588834858528167748e-01,6.383793868305041030e-01,5.862030982440706861e-01,2.122558420453199146e-01,3.999259396945595291e-01,3.682550896854491218e-01,6.243877495496638064e-01,-1.436522723903822518e-01,4.358443885746045021e-01,1.000000000000000000e+00,6.011941549459752787e-01,5.298632912748237750e-02,5.524528334474173574e-01,3.055009825129223477e-01,7.118741796222579632e-01,4.287236321852262999e-01,4.685443295342799352e-01
6.859905630649917319e-01,7.276271725332712492e-01,6.800731925389984500e-01,2.750535828998688648e-01,6.198173233261409232e-01,4.126999372818970779e-01,3.316524216711965733e-01,-6.569864425578655354e-01,7.470525199037971742e-01,6.540299724535368897e-01,1.101693072717675331e-01,5.512152681124253828e-01,-1.967787270064164928e-01,7.196158906307918990e-01,7.539230241198703331e-01,6.762737580873643406e-01,3.153549765077329203e-01,6.284892887189543753e-01,4.988469999427326274e-01,4.545396417416960877e-01,7.814093892482174564e-01,4.726391172431838594e-01,7.466598751339617035e-01,6.761378981180162784e-01,6.513692467396842156e-01,6.927204956526481494e-01,7.019201939928182421e-01,7.494815018813660856e-01,7.907485326731928943e-01,-1.596722232745943493e-01,8.279501438553896753e-01,6.011941549459752787e-01,1.000000000000000000e+00,5.223002979440882765e-01,7.648412644708098007e-01,5.565286773646992424e-01,6.544783045964901458e-01,7.269525750662726438e-01,5.751833354836028978e-01
5.479371992892628773e-01,4.987152782827166120e-01,7.532502336580502167e-01,4.898878416314348949e-01,8.419620622499439655e-01,-7.185544776018577828e-02,1.080636379484727072e-01,-7.187335498909159792e-01,7.761034499933980868e-01,5.370243176484124081e-01,2.397921801885183682e-02,6.501108541710072242e-01,-6.006944863409646729e-02,4.950943667789980407e-01,7.134349885107029721e-01,4.726258905284880241e-01,1.237912249016219213e-01,7.179980307489172153e-01,5.882384697420562913e-01,3.642085336700703890e-01,2.674262161922004721e-01,2.191023514203259415e-01,4.470841772864906360e-01,3.074811498501585638e-01,3.049743339477767323e-01,6.914626670990532409e-01,5.738108274218914895e-01,6.214576743198653164e-01,3.999721958428016366e-01,9.533254663286015729e-02,5.885721381488243642e-01,5.298632912748237750e-02,5.223002979440882765e-01,1.000000000000000000e+00,2.793971673190311367e-01,6.586973917763531139e-01,2.122143204775190362e-01,5.715595244608299152e-01,4.961296205405312243e-01
6.617731423605996977e-01,6.518198355500931518e-01,3.640191274252952969e-01,6.959668039901806269e-02,4.408901039491405216e-01,5.332105155270980834e-01,3.817024074943132783e-01,-3.772355171036360089e-01,5.885178787402306488e-01,5.431102109930197042e-01,9.622990056554404925e-03,4.068386353770853114e-01,8.804625723460524078e-02,7.162389701613018911e-01,5.615880930418739592e-01,6.505243297342429010e-01,2.296649647953313833e-01,4.100283263597157002e-01,3.792583266293699795e-01,2.620498443487251916e-01,6.105923751303928837e-01,3.993996700168346292e-01,6.265435499194693669e-01,7.011135858425833201e-01,6.755044034076269632e-01,4.377035529065134711e-01,4.592971638654189670e-01,4.919349844390207838e-01,8.390178697220650461e-01,-3.517891364968148138e-01,6.938815232689169443e-01,5.524528334474173574e-01,7.648412644708098007e-01,2.793971673190311367e-01,1.000000000000000000e+00,2.704127720696416493e-01,7.114412709551465319e-01,6.540630275532373084e-01,5.073903242617711085e-01
3.999909699899186211e-01,4.750390832966307486e-01,6.175949085747240996e-01,3.913308811099760476e-01,6.039911565171487418e-01,2.047544078749861107e-01,2.393426819511652592e-01,-6.418782193944584380e-01,6.674965066945699466e-01,5.567320365988797093e-01,9.313937879588851665e-02,4.097164244931678634e-01,-2.100238175889293235e-01,4.922399209340754256e-01,5.157847245170180672e-01,4.598462325381216242e-01,1.219279027816161931e-01,6.379756025876568426e-01,5.246459698489988055e-01,2.032994091185592878e-01,4.588330710540374224e-01,2.394704760543049926e-01,5.038174976094653701e-01,3.976805455811131540e-01,5.250395332055413089e-01,5.914601511999990624e-01,5.664326703705734323e-01,5.335331036548551786e-01,4.108532064724517707e-01,7.427756582941734409e-02,4.961999404612010278e-01,3.055009825129223477e-01,5.565286773646992424e-01,6.586973917763531139e-01,2.704127720696416493e-01,1.000000000000000000e+00,3.882291850440369174e-01,4.755130623727855665e-01,4.709599966993222031e-01
5.085122741691453507e-01,7.565975781287411772e-01,1.521411007158705031e-01,1.234793372162126257e-01,3.860624614165282242e-01,8.300426027057713485e-01,5.452622829034267093e-01,-2.919729244382926470e-01,5.621083698841927712e-01,5.961165968816242167e-01,-2.497177574939578593e-01,4.209165147993834122e-01,-4.655672867431183762e-03,6.876669698606736603e-01,3.894385747180430513e-01,6.262971171173543627e-01,-2.731811863414985997e-02,4.773836862957304139e-01,5.246906534098116914e-01,-1.728118045878598852e-01,7.880187986887661200e-01,4.589071701179454621e-01,7.279832341234742099e-01,8.020582921633030438e-01,7.850816435612439914e-01,2.091820049731807074e-01,4.739080913384927096e-01,3.204494443068257592e-01,7.625645802662552875e-01,-2.492216361140718595e-01,4.665373967475215378e-01,7.118741796222579632e-01,6.544783045964901458e-01,2.122143204775190362e-01,7.114412709551465319e-01,3.882291850440369174e-01,1.000000000000000000e+00,5.018953259845030379e-01,6.132247617316058941e-01
7.776863045581717815e-01,7.743203477613614938e-01,5.847789870387731792e-01,2.755943551148822279e-01,7.256506388951151632e-01,1.774734941098835284e-01,2.132023151447545450e-01,-5.256095654704321385e-01,7.815785808950028724e-01,7.681642108579882500e-01,1.593199782409110976e-01,6.988936257617545111e-01,5.960606539064837450e-02,6.527861893470285892e-01,7.949132645048004875e-01,8.177845638871658052e-01,3.696132913538451858e-01,5.620726051071972540e-01,5.020155366932876895e-01,3.978557555490520592e-01,4.816785331030399853e-01,4.863660068510418655e-01,6.504781123868974557e-01,5.461095248909187960e-01,5.673069588564334520e-01,6.400009323914654935e-01,5.065753070314202855e-01,6.604371834513899087e-01,6.957122761015237522e-01,-1.784992646412254524e-01,7.054417209889887186e-01,4.287236321852262999e-01,7.269525750662726438e-01,5.715595244608299152e-01,6.540630275532373084e-01,4.755130623727855665e-01,5.018953259845030379e-01,1.000000000000000000e+00,7.913280169778338369e-01
5.932783222582534988e-01,8.236491485970971471e-01,3.637089699161252798e-01,1.980809194479038748e-01,6.047475053220706664e-01,3.400316878555518230e-01,1.817466658255261214e-01,-4.089520031585892057e-01,6.901281673348935719e-01,7.574785681689335526e-01,1.398320158752353265e-03,7.184424019004075346e-01,2.177531833694829749e-02,6.131042857955907310e-01,5.939481914330883017e-01,7.794133920453512054e-01,1.692857562748572020e-01,4.915390817309756577e-01,4.470234064898275794e-01,9.324727551578460005e-02,5.183178972911706150e-01,5.771223600839429091e-01,6.343312255197102179e-01,5.809770108433083280e-01,5.749818459019477856e-01,3.678716353212692081e-01,4.023568571235235924e-01,4.675697786000997391e-01,5.656377644298401508e-01,-1.046222293681349502e-01,5.134998113250576202e-01,4.685443295342799352e-01,5.751833354836028978e-01,4.961296205405312243e-01,5.073903242617711085e-01,4.709599966993222031e-01,6.132247617316058941e-01,7.913280169778338369e-01,1.000000000000000000e+00
