1.000000000000000000e+00,6.967137421526127250e-01,6.573917851256833034e-01,1.064879563935487022e-01,5.012695117537059319e-01,5.147562810914884102e-01,4.728958958004291779e-01,-4.311575565242773411e-01,6.383688530764877189e-01,5.557303527796135789e-01,-2.227814639170264399e-01,5.233511861856718905e-01,3.393461591117677978e-01,6.544011055470485561e-01,5.020649588890925274e-01,4.809709827566222007e-01,1.196772581639994268e-02,3.884149089304455571e-01,4.543471002452734164e-01,1.196827591473413749e-01,-2.393783443035445158e-01,3.216664901279117084e-01,6.255341686188722328e-01,2.120865257102413359e-01,5.342530662013019738e-01,6.463695092525251207e-01,5.703255731567564712e-01,6.365030524058035155e-01,4.787878289333861725e-01,4.566399418955519596e-01,4.952078481467079851e-01,5.247243355561632683e-01,-4.765796838049007195e-02,5.871079500587086386e-01,-7.471889974734762310e-03,4.016627583399984824e-01,3.637859558894760981e-01,6.346826998014530874e-01,5.660738691631940211e-01
6.967137421526127250e-01,1.000000000000000000e+00,5.473851260877019564e-01,6.911283939285937927e-02,3.699241631736577829e-01,5.916430764127302844e-01,3.451199359178582227e-01,-2.868166913564315634e-01,6.757908470459941253e-01,7.025996235896521114e-01,-2.478883999921114301e-01,4.982840195293385399e-01,2.068496371536594491e-01,6.152035901325372258e-01,3.316492999922964757e-01,7.044648824706554180e-01,-4.042342308026244946e-02,4.136386981671361651e-01,2.760453475325239103e-01,2.385167328983491819e-01,-4.047380485063152289e-01,3.562954843135084371e-01,7.430914285008114462e-01,3.234069348145887091e-01,6.796868022640715212e-01,5.672741407138625069e-01,4.719134092315083739e-01,6.869513768336811266e-01,4.180934146624809000e-01,4.954255203619946091e-01,3.689541216323241613e-01,6.214504735009880321e-01,-6.560953642812648867e-02,4.772725143242390056e-01,2.115947734978818051e-01,5.628460849304223190e-01,5.337847142298389747e-01,4.568907545437783657e-01,6.925227702884374503e-01
6.573917851256833034e-01,5.473851260877019564e-01,1.000000000000000000e+00,1.364350920159326519e-01,5.611729967339167402e-01,4.416818067497869094e-01,3.608977868403992484e-01,-7.686151856752475586e-01,6.450701151628461805e-01,4.007500432579849114e-01,-2.508569937682212370e-01,6.376991222428195494e-01,3.870006257509689407e-01,6.519870527034470342e-01,4.934352330305964984e-01,3.007248169302146334e-01,4.489471344610555803e-02,5.046683374250745535e-01,6.223154666379233646e-01,-6.344365269664367646e-02,-1.606608845982637479e-01,2.150001286269130896e-01,5.430420788283417677e-01,1.478999731352629576e-01,4.395480631900745006e-01,7.333974143172093951e-01,6.675563172003838863e-01,7.830267307653513420e-01,6.167226989532120784e-01,4.793847355833246726e-01,6.481954331845891648e-01,5.844106980274453855e-01,3.633654975263796855e-02,6.937273109742793098e-01,-1.491285542405973996e-01,4.073126970482080500e-01,3.851965243013650286e-01,4.050331061174955449e-01,4.951646808001778921e-01
1.064879563935487022e-01,6.911283939285937927e-02,1.364350920159326519e-01,1.000000000000000000e+00,2.620351447134167122e-01,1.446628416262995577e-02,5.142015054477114822e-01,-2.345741909224458716e-02,8.625062743015932815e-03,-1.080071810885794015e-01,-1.780842856951324327e-01,-1.556962348281916084e-02,2.205828371689889378e-01,1.171654161937733390e-01,-3.407090471654177777e-01,-1.037148487519143208e-01,-1.824185529896469871e-01,8.370568504327315085e-02,1.094737465738920973e-01,1.446456679951571012e-01,-7.613625277054831934e-03,5.455284511672774117e-02,2.320194283243268499e-02,8.977991783474023602e-02,6.018462276291886709e-02,1.488203621305059787e-01,1.979162977268959095e-02,4.272948798246356539e-02,1.801862385710366332e-01,-8.873030504912364502e-02,4.146035927324365905e-02,5.605923257750917987e-02,4.634892152558688604e-03,1.051364009350956724e-01,-2.807970618582706149e-02,-1.256899464925257948e-01,1.995755379988151945e-01,-2.680837419658091761e-02,3.944741898553779519e-02
5.012695117537059319e-01,3.699241631736577829e-01,5.611729967339167402e-01,2.620351447134167122e-01,1.000000000000000000e+00,3.676706663286938293e-01,3.621642897392939320e-01,-3.426948505234201914e-01,5.976150770711635696e-01,3.008294173375838931e-01,-2.661350384339050690e-01,4.005529246933348664e-01,2.897131610133020230e-01,5.776970278638902112e-01,2.604507467300927748e-01,1.877204664227905828e-01,1.382420961566801706e-02,4.915894419540020599e-01,7.099491857605503276e-01,2.096484452772153506e-01,2.336958946576340179e-01,3.123604391079370379e-01,4.155620497664418433e-01,-1.071640088810408564e-01,3.569221111809519620e-01,5.810352017921821544e-01,6.111466475490733297e-01,4.601874141871781232e-01,2.827629696631496214e-01,4.065592446224154943e-01,5.152874293098653746e-01,2.135657255582249781e-01,3.196720759035166781e-02,7.786485606520544556e-01,-1.907576543782243672e-01,3.189566276152982494e-01,4.981984103786643581e-02,5.025779167382499191e-01,3.963169066157813947e-01
5.147562810914884102e-01,5.916430764127302844e-01,4.416818067497869094e-01,1.446628416262995577e-02,3.676706663286938293e-01,1.000000000000000000e+00,2.790802504233788062e-01,-9.836158844400884338e-02,4.963126698773729917e-01,5.456250913812517034e-01,-6.005611397336756418e-01,4.760561382019966592e-01,2.790712896119263431e-01,5.240748521258449255e-01,3.386731817223205265e-01,4.971900766662766258e-01,-3.631377168193012928e-01,2.176420133196557694e-01,2.216218205606545477e-01,3.652467516507482137e-01,-2.001309829967347631e-01,5.586650843274599820e-01,6.552491027542176605e-01,-1.708992493083486830e-01,4.504875543523685355e-01,5.237305042117799125e-01,5.162723602755003860e-01,4.541914644909653687e-01,1.714024089480765678e-01,3.905165017168297226e-01,3.718364646360957093e-01,3.420180678481800629e-01,-3.807496833063946373e-01,4.101895017266024568e-01,1.009576529072917991e-02,3.831923230317245133e-01,2.295376364539687131e-01,4.671970863923660677e-01,5.341427937945114612e-01
4.728958958004291779e-01,3.451199359178582227e-01,3.608977868403992484e-01,5.142015054477114822e-01,3.621642897392939320e-01,2.790802504233788062e-01,1.000000000000000000e+00,-1.784299429769888035e-01,1.511627522234968435e-01,1.623611387447061460e-01,-1.833752062086575485e-01,2.009903982735269587e-02,3.276779192499950644e-01,3.158071804302855501e-01,-9.350677116938917177e-02,1.728065134499072453e-01,-9.096831139877321892e-02,1.099080227703199686e-01,2.324514684936050402e-01,2.076268866629493171e-01,-1.221004415198428117e-01,1.652932996518859388e-01,2.975907736160032235e-01,9.124431233889201964e-02,2.487965410469091809e-01,3.806951017341338450e-01,3.024443970713293073e-01,2.949600095538891242e-01,2.657202149523305024e-01,4.296737220067012308e-02,2.328071507796710682e-01,1.529162825421394867e-01,-8.057672828308309887e-02,2.252430005041141381e-01,6.294459961096743328e-02,2.613898703070888230e-02,1.548932365633140518e-01,1.989081996425158816e-01,2.260262563838621730e-01
-4.311575565242773411e-01,-2.868166913564315634e-01,-7.686151856752475586e-01,-2.345741909224458716e-02,-3.426948505234201914e-01,-9.836158844400884338e-02,-1.784299429769888035e-01,1.000000000000000000e+00,-3.523693773393561379e-01,-1.223990369640733378e-01,-6.647020666950143042e-02,-4.177651009855656850e-01,-2.125460056795897834e-01,-3.609294277433657827e-01,-4.542034204030944156e-01,-9.406879983907436016e-02,-1.862335157533563379e-01,-4.322651360790087938e-01,-5.611034992550438805e-01,3.425001493869250790e-01,2.062590471487580623e-01,2.424451858558431816e-01,-2.120505412966406100e-01,-2.305248558284214433e-01,-2.459827280983178099e-01,-4.741277715514041757e-01,-3.462256665613224205e-01,-6.485145145308351955e-01,-6.418301011146559931e-01,-2.759595909829836158e-01,-4.538946097513545941e-01,-4.853306857153525944e-01,-1.097808732425731709e-01,-4.698829770851601362e-01,9.581174430934487340e-02,-3.080820918901184258e-01,-4.063973136897675587e-01,-9.982209927618529433e-02,-1.643202256705961484e-01
6.383688530764877189e-01,6.757908470459941253e-01,6.450701151628461805e-01,8.625062743015932815e-03,5.976150770711635696e-01,4.963126698773729917e-01,1.511627522234968435e-01,-3.523693773393561379e-01,1.000000000000000000e+00,6.292863847973119151e-01,-3.446956352708216986e-01,6.754251866113691882e-01,2.444535561840282256e-01,7.467680069505728824e-01,5.172180516098324743e-01,5.178990276803335790e-01,-2.524728884863069490e-03,5.067083982235104367e-01,4.839290656034416771e-01,1.716611298378539763e-01,-6.340531386953415782e-02,4.891882088834995645e-01,6.728973313794635036e-01,1.246827509446037235e-01,5.571424110783661510e-01,7.157329168962329735e-01,7.379565056326801153e-01,6.330992959431306355e-01,3.306459902636653125e-01,6.305585305168558419e-01,5.654924311150119065e-01,4.830574828846970203e-01,1.515549604180030374e-03,7.276282274471026490e-01,-1.488155438932040053e-01,5.828665966992475633e-01,2.401685143076198736e-01,6.361520679157977032e-01,7.484645893428378827e-01
5.557303527796135789e-01,7.025996235896521114e-01,4.007500432579849114e-01,-1.080071810885794015e-01,3.008294173375838931e-01,5.456250913812517034e-01,1.623611387447061460e-01,-1.223990369640733378e-01,6.292863847973119151e-01,1.000000000000000000e+00,-2.609342922500574313e-01,5.790136838030729427e-01,1.309004928094927023e-01,5.834980880465387987e-01,4.710085632247246745e-01,8.466335349727309723e-01,3.595841409535369126e-02,4.590243623242508675e-01,2.496759766987127482e-01,3.124109707944968672e-01,-1.306491543284751533e-01,4.758437841744997399e-01,7.670956379454414442e-01,1.682398558346039907e-01,5.867454989154726741e-01,4.163876567190186173e-01,5.480291655014531971e-01,4.449922954253556218e-01,1.460310102203848104e-01,6.264959426957363853e-01,3.937245855401896866e-01,3.956422846948912664e-01,-1.113492058983830829e-01,4.843577610051646998e-01,1.011491739115593230e-01,6.093813444977401739e-01,1.963645920648448839e-01,4.612458888866844409e-01,6.659658500970742079e-01
-2.227814639170264399e-01,-2.478883999921114301e-01,-2.508569937682212370e-01,-1.780842856951324327e-01,-2.661350384339050690e-01,-6.005611397336756418e-01,-1.833752062086575485e-01,-6.647020666950143042e-02,-3.446956352708216986e-01,-2.609342922500574313e-01,1.000000000000000000e+00,-3.419675176885085266e-01,-1.763687830561809500e-02,-3.198799166133463601e-01,-1.311595451178136362e-01,-1.775324875548072445e-01,7.039953604349231675e-01,-7.021347226355915960e-02,-1.231471053233054586e-01,-3.968364024856864125e-01,8.045573261258820441e-02,-5.497644275247245416e-01,-3.003533307964210697e-01,3.762135399006075742e-01,-1.086421979782750680e-01,-3.301987825297481582e-01,-4.400287454445563351e-01,-1.092967159743163386e-01,1.704816884710813329e-01,-2.641280296665715621e-01,-3.080055387990701110e-01,5.430338400795576420e-02,6.013539103501980287e-01,-2.882064055203454878e-01,2.450734623401008005e-01,-1.131802892198994076e-01,1.005986140677785634e-01,-3.320921821030660137e-01,-3.363208542820666502e-01
5.233511861856718905e-01,4.982840195293385399e-01,6.376991222428195494e-01,-1.556962348281916084e-02,4.005529246933348664e-01,4.760561382019966592e-01,2.009903982735269587e-02,-4.177651009855656850e-01,6.754251866113691882e-01,5.790136838030729427e-01,-3.419675176885085266e-01,1.000000000000000000e+00,3.104502437336465470e-01,5.135485579840709525e-01,6.586413360699174824e-01,4.020898812619776996e-01,1.097955902447709936e-01,6.464763067411154474e-01,5.273222939055697278e-01,-1.459479366019649123e-02,-1.158624996334603058e-01,4.221911903295858526e-01,5.901029606030537833e-01,2.724925773674017129e-02,3.149341223061765671e-01,4.798747136125621759e-01,6.098895834869099142e-01,6.082898824024527418e-01,3.731548498283188686e-01,7.022247744247099854e-01,5.967477997399774914e-01,5.721538339324907518e-01,1.065162378650564949e-02,6.583157413284023152e-01,-2.521468276144982479e-01,4.249179456567550583e-01,2.430213001257077454e-01,4.514638523660786662e-01,5.776141434649144646e-01
3.393461591117677978e-01,2.068496371536594491e-01,3.870006257509689407e-01,2.205828371689889378e-01,2.897131610133020230e-01,2.790712896119263431e-01,3.276779192499950644e-01,-2.125460056795897834e-01,2.444535561840282256e-01,1.309004928094927023e-01,-1.763687830561809500e-02,3.104502437336465470e-01,1.000000000000000000e+00,3.057796616845407378e-01,1.512109989314505687e-01,2.463762128301019011e-02,1.987476892642253967e-01,1.091350191955859639e-01,1.770219595311532668e-01,-6.080089514325621308e-02,-5.356913489401994577e-02,2.529822297511858942e-01,2.470322601912748328e-01,3.877991459812485386e-02,1.174440617156659178e-01,4.202299165053787200e-01,3.374358585600097382e-01,3.422668403275837545e-01,4.670479450977280678e-01,7.708378160028951653e-02,1.522044866150653597e-01,3.818927684620186391e-01,2.267658522809433974e-01,2.812902611419932364e-01,-1.817962807205971421e-01,-7.083658647046520151e-02,2.220804082253658995e-01,2.183974378188969223e-01,2.481751162207017913e-01
6.544011055470485561e-01,6.152035901325372258e-01,6.519870527034470342e-01,1.171654161937733390e-01,5.776970278638902112e-01,5.240748521258449255e-01,3.158071804302855501e-01,-3.609294277433657827e-01,7.467680069505728824e-01,5.834980880465387987e-01,-3.198799166133463601e-01,5.135485579840709525e-01,3.057796616845407378e-01,1.000000000000000000e+00,4.038430816422513003e-01,4.956087100395636380e-01,-1.109119247381597784e-01,3.699047778319340951e-01,4.153305440605141730e-01,1.864531427362321747e-01,-2.474387763434393595e-02,4.539971490517086261e-01,6.847906543785589051e-01,1.967669247297687551e-01,6.157802469731769035e-01,7.241669212510366549e-01,7.197176939291288766e-01,5.567044068442996707e-01,3.310244445241889433e-01,5.008562123492364959e-01,4.836889040200225143e-01,3.649039562939233594e-01,-5.402851136613622679e-02,6.256317376801736607e-01,-3.793667124984826527e-02,4.875454675133255034e-01,2.163481658642419925e-01,6.182799420461396744e-01,6.685790080146505332e-01
5.020649588890925274e-01,3.316492999922964757e-01,4.934352330305964984e-01,-3.407090471654177777e-01,2.604507467300927748e-01,3.386731817223205265e-01,-9.350677116938917177e-02,-4.542034204030944156e-01,5.172180516098324743e-01,4.710085632247246745e-01,-1.311595451178136362e-01,6.586413360699174824e-01,1.512109989314505687e-01,4.038430816422513003e-01,1.000000000000000000e+00,3.858378880853805537e-01,1.612330499252070670e-01,4.893561274879550949e-01,4.406023552306965185e-01,-7.889163416602273937e-02,-3.050853474937284190e-02,1.663990302812895783e-01,4.515107695735969262e-01,3.504893604602046103e-02,3.153259646227910551e-01,3.438437124042771909e-01,4.108334334986195047e-01,4.258879170922221791e-01,3.629663414576404512e-01,5.491913968756026998e-01,3.844834972927702044e-01,3.815343421544525881e-01,-4.573421900865518031e-02,4.900945823027264003e-01,-1.351414734727034717e-01,4.481223911555411998e-01,1.603098608074446652e-01,4.447791560892243590e-01,3.728412059100554843e-01
4.809709827566222007e-01,7.044648824706554180e-01,3.007248169302146334e-01,-1.037148487519143208e-01,1.877204664227905828e-01,4.971900766662766258e-01,1.728065134499072453e-01,-9.406879983907436016e-02,5.178990276803335790e-01,8.466335349727309723e-01,-1.775324875548072445e-01,4.020898812619776996e-01,2.463762128301019011e-02,4.956087100395636380e-01,3.858378880853805537e-01,1.000000000000000000e+00,-2.566256034079048357e-02,3.594010759305200087e-01,1.149075118135624018e-01,3.438137417953885389e-01,-2.013044521191836023e-01,3.312365653909457031e-01,7.224817461033016253e-01,2.545565999298075033e-01,6.436911004226613109e-01,3.200961189793158357e-01,3.724447324212732391e-01,3.926716623691179353e-01,1.725490697757684488e-01,4.725793795213890647e-01,2.208544061441285178e-01,3.639064260290675312e-01,-1.687979329169124187e-01,3.149732885584223818e-01,2.867899989129766847e-01,6.581672616546464516e-01,3.122624777601819557e-01,3.346294666276642960e-01,5.993823029811881087e-01
1.196772581639994268e-02,-4.042342308026244946e-02,4.489471344610555803e-02,-1.824185529896469871e-01,1.382420961566801706e-02,-3.631377168193012928e-01,-9.096831139877321892e-02,-1.862335157533563379e-01,-2.524728884863069490e-03,3.595841409535369126e-02,7.039953604349231675e-01,1.097955902447709936e-01,1.987476892642253967e-01,-1.109119247381597784e-01,1.612330499252070670e-01,-2.566256034079048357e-02,1.000000000000000000e+00,2.787278534280053233e-01,1.930527768960609569e-01,-3.376958779797166743e-01,1.651181714307975446e-01,-1.938405543163981837e-01,-8.951032786301367158e-03,2.152641615810392539e-01,-3.453029729183592668e-03,-1.103453084991700556e-01,-7.512556513728615992e-02,1.828199690039130632e-01,2.800755927633317155e-01,1.528531739686632696e-01,7.022313954440320694e-02,3.105874752455087262e-01,7.090386029190831607e-01,1.213072757157161313e-01,2.580685029974742750e-02,2.057230699139726837e-02,7.378260940502348597e-02,-7.767622042158622842e-02,-5.593757407692756534e-02
3.884149089304455571e-01,4.136386981671361651e-01,5.046683374250745535e-01,8.370568504327315085e-02,4.915894419540020599e-01,2.176420133196557694e-01,1.099080227703199686e-01,-4.322651360790087938e-01,5.067083982235104367e-01,4.590243623242508675e-01,-7.021347226355915960e-02,6.464763067411154474e-01,1.091350191955859639e-01,3.699047778319340951e-01,4.893561274879550949e-01,3.594010759305200087e-01,2.787278534280053233e-01,1.000000000000000000e+00,7.124280704933103614e-01,-8.910529250470021478e-02,-6.089084578341075193e-02,1.161167645352558231e-01,4.501674870628453173e-01,1.508643773327082438e-01,2.921152569530225951e-01,3.016121009541301579e-01,3.769012716343593805e-01,5.266371699109551052e-01,3.962258176189115133e-01,6.018989673772843219e-01,3.896377648572716956e-01,4.616995083111136156e-01,1.420300356471541348e-01,6.081574484154159688e-01,-8.942356328190703696e-02,4.170330356649921133e-01,2.477470903168201843e-01,1.524959838983736826e-01,2.917040168099701569e-01
4.543471002452734164e-01,2.760453475325239103e-01,6.223154666379233646e-01,1.094737465738920973e-01,7.099491857605503276e-01,2.216218205606545477e-01,2.324514684936050402e-01,-5.611034992550438805e-01,4.839290656034416771e-01,2.496759766987127482e-01,-1.231471053233054586e-01,5.273222939055697278e-01,1.770219595311532668e-01,4.153305440605141730e-01,4.406023552306965185e-01,1.149075118135624018e-01,1.930527768960609569e-01,7.124280704933103614e-01,1.000000000000000000e+00,-1.074294462185638038e-01,8.534208811225647839e-02,1.080284693844027477e-01,3.458235303598403143e-01,-1.240885843408197830e-03,2.392972386319308642e-01,4.132490791341816849e-01,4.789159965790915630e-01,5.230882379115141534e-01,3.667739131657141716e-01,4.881919270291062984e-01,5.257024291885570300e-01,3.294448257860574936e-01,8.361208667124642169e-02,7.250027644230142565e-01,-1.884817230704761148e-01,3.234457859306156258e-01,1.043715893130306716e-01,2.840830100062500807e-01,1.957107406981559161e-01
1.196827591473413749e-01,2.385167328983491819e-01,-6.344365269664367646e-02,1.446456679951571012e-01,2.096484452772153506e-01,3.652467516507482137e-01,2.076268866629493171e-01,3.425001493869250790e-01,1.716611298378539763e-01,3.124109707944968672e-01,-3.968364024856864125e-01,-1.459479366019649123e-02,-6.080089514325621308e-02,1.864531427362321747e-01,-7.889163416602273937e-02,3.438137417953885389e-01,-3.376958779797166743e-01,-8.910529250470021478e-02,-1.074294462185638038e-01,1.000000000000000000e+00,1.740053283278892582e-01,4.945003375061715611e-01,2.725656978103633277e-01,-2.136265612293830052e-01,1.925679083936909508e-01,1.338006993423393187e-01,2.402275707235528024e-01,-6.957203130954998926e-02,-2.656339842719330213e-01,1.334636563723060609e-01,2.349722871435826546e-02,-2.083182773267275856e-01,-3.409481668744119842e-01,1.091811557237554881e-01,8.564743486170252329e-02,1.443555779414121554e-01,-1.760806439095621567e-01,2.631400503421386095e-01,3.216935741761606793e-01
-2.393783443035445158e-01,-4.047380485063152289e-01,-1.606608845982637479e-01,-7.613625277054831934e-03,2.336958946576340179e-01,-2.001309829967347631e-01,-1.221004415198428117e-01,2.062590471487580623e-01,-6.340531386953415782e-02,-1.306491543284751533e-01,8.045573261258820441e-02,-1.158624996334603058e-01,-5.356913489401994577e-02,-2.474387763434393595e-02,-3.050853474937284190e-02,-2.013044521191836023e-01,1.651181714307975446e-01,-6.089084578341075193e-02,8.534208811225647839e-02,1.740053283278892582e-01,1.000000000000000000e+00,1.866359735889592530e-01,-1.550010272770355746e-01,-4.161298099024395292e-01,-1.379437589180501356e-01,-1.347722156193586485e-01,7.642006722050125045e-02,-3.222958615861012399e-01,-2.343619126681794895e-01,9.904872304471226338e-03,3.216165356952224025e-02,-3.593110279509354466e-01,2.354399467155336712e-01,6.190861030147934430e-02,-1.277201065963167459e-01,-1.504173962843666744e-02,-4.658372207525894315e-01,1.746436366814296259e-01,-6.703393524167228223e-02
3.216664901279117084e-01,3.562954843135084371e-01,2.150001286269130896e-01,5.455284511672774117e-02,3.123604391079370379e-01,5.586650843274599820e-01,1.652932996518859388e-01,2.424451858558431816e-01,4.891882088834995645e-01,4.758437841744997399e-01,-5.497644275247245416e-01,4.221911903295858526e-01,2.529822297511858942e-01,4.539971490517086261e-01,1.663990302812895783e-01,3.312365653909457031e-01,-1.938405543163981837e-01,1.161167645352558231e-01,1.080284693844027477e-01,4.945003375061715611e-01,1.866359735889592530e-01,1.000000000000000000e+00,5.196006604591104638e-01,-2.428714603437299169e-01,2.675164103152342654e-01,3.568739342732055175e-01,5.313512892321030634e-01,1.836500715705104980e-01,-1.161344889773937433e-01,4.145189496599103740e-01,2.815962189631046608e-01,1.610457650622594272e-01,-1.635117117511396545e-01,3.647200522055669691e-01,-1.349445528800999883e-01,1.981805766654170797e-01,-9.331766257183604640e-02,5.425182828565096038e-01,5.837980122736265987e-01
6.255341686188722328e-01,7.430914285008114462e-01,5.430420788283417677e-01,2.320194283243268499e-02,4.155620497664418433e-01,6.552491027542176605e-01,2.975907736160032235e-01,-2.120505412966406100e-01,6.728973313794635036e-01,7.670956379454414442e-01,-3.003533307964210697e-01,5.901029606030537833e-01,2.470322601912748328e-01,6.847906543785589051e-01,4.515107695735969262e-01,7.224817461033016253e-01,-8.951032786301367158e-03,4.501674870628453173e-01,3.458235303598403143e-01,2.725656978103633277e-01,-1.550010272770355746e-01,5.196006604591104638e-01,1.000000000000000000e+00,2.318843887645111734e-01,7.607820277547485688e-01,5.348976043204592967e-01,5.868012515930307593e-01,5.952330079017206232e-01,3.636772602330376469e-01,5.953099374301143998e-01,4.348224715954660535e-01,5.386857198634663613e-01,-8.470146705872449999e-02,5.406939790517552025e-01,1.941756992215946942e-01,5.862251147715205057e-01,3.710794628119864491e-01,5.306424489174411674e-01,7.233067900132720274e-01
2.120865257102413359e-01,3.234069348145887091e-01,1.478999731352629576e-01,8.977991783474023602e-02,-1.071640088810408564e-01,-1.708992493083486830e-01,9.124431233889201964e-02,-2.305248558284214433e-01,1.246827509446037235e-01,1.682398558346039907e-01,3.762135399006075742e-01,2.724925773674017129e-02,3.877991459812485386e-02,1.967669247297687551e-01,3.504893604602046103e-02,2.545565999298075033e-01,2.152641615810392539e-01,1.508643773327082438e-01,-1.240885843408197830e-03,-2.136265612293830052e-01,-4.161298099024395292e-01,-2.428714603437299169e-01,2.318843887645111734e-01,1.000000000000000000e+00,3.887277970728874044e-01,8.179338000119926178e-02,-9.990274350174049856e-02,2.638499499399660220e-01,4.086299872218200346e-01,4.947409585559559009e-02,-3.374875631210887822e-02,3.529913581949497559e-01,2.445358748870343213e-01,-3.868238878341694748e-02,2.999380600787888151e-01,8.659631030657476136e-02,4.772852969706407600e-01,-9.675097578035309065e-02,1.173849717410607868e-01
5.342530662013019738e-01,6.796868022640715212e-01,4.395480631900745006e-01,6.018462276291886709e-02,3.569221111809519620e-01,4.504875543523685355e-01,2.487965410469091809e-01,-2.459827280983178099e-01,5.571424110783661510e-01,5.867454989154726741e-01,-1.086421979782750680e-01,3.149341223061765671e-01,1.174440617156659178e-01,6.157802469731769035e-01,3.153259646227910551e-01,6.436911004226613109e-01,-3.453029729183592668e-03,2.921152569530225951e-01,2.392972386319308642e-01,1.925679083936909508e-01,-1.379437589180501356e-01,2.675164103152342654e-01,7.607820277547485688e-01,3.887277970728874044e-01,1.000000000000000000e+00,4.234184444117575774e-01,3.560089384003641277e-01,5.422916082599187337e-01,4.252384723965140223e-01,3.876216063021361014e-01,2.494702088863466893e-01,4.987782323070875101e-01,4.909911249694707928e-03,3.957420335390638977e-01,3.915191575589179185e-01,5.852695318357460375e-01,5.214758582802440090e-01,4.044498774607901970e-01,5.738354193984191998e-01
6.463695092525251207e-01,5.672741407138625069e-01,7.333974143172093951e-01,1.488203621305059787e-01,5.810352017921821544e-01,5.237305042117799125e-01,3.806951017341338450e-01,-4.741277715514041757e-01,7.157329168962329735e-01,4.163876567190186173e-01,-3.301987825297481582e-01,4.798747136125621759e-01,4.202299165053787200e-01,7.241669212510366549e-01,3.438437124042771909e-01,3.200961189793158357e-01,-1.103453084991700556e-01,3.016121009541301579e-01,4.132490791341816849e-01,1.338006993423393187e-01,-1.347722156193586485e-01,3.568739342732055175e-01,5.348976043204592967e-01,8.179338000119926178e-02,4.234184444117575774e-01,1.000000000000000000e+00,7.532504333618099679e-01,6.342790649485748888e-01,4.322410196845983266e-01,3.596682543146048627e-01,5.665863911250935692e-01,3.865537362302012281e-01,-9.362792601492758368e-03,6.479658446263925065e-01,-2.038696466427112053e-01,3.144480286228119592e-01,2.334482587060105752e-01,5.161783747380037646e-01,5.645712589322058328e-01
5.703255731567564712e-01,4.719134092315083739e-01,6.675563172003838863e-01,1.979162977268959095e-02,6.111466475490733297e-01,5.162723602755003860e-01,3.024443970713293073e-01,-3.462256665613224205e-01,7.379565056326801153e-01,5.480291655014531971e-01,-4.400287454445563351e-01,6.098895834869099142e-01,3.374358585600097382e-01,7.197176939291288766e-01,4.108334334986195047e-01,3.724447324212732391e-01,-7.512556513728615992e-02,3.769012716343593805e-01,4.789159965790915630e-01,2.402275707235528024e-01,7.642006722050125045e-02,5.313512892321030634e-01,5.868012515930307593e-01,-9.990274350174049856e-02,3.560089384003641277e-01,7.532504333618099679e-01,1.000000000000000000e+00,5.132448774089267696e-01,1.819898654159585738e-01,5.819721222010871831e-01,6.722984480659226492e-01,2.463152275524724821e-01,-8.872001147431519963e-02,7.113532050353650327e-01,-3.419060568134040801e-01,3.766477501119261939e-01,-7.318351216656257541e-02,6.007692230491624708e-01,6.487129484757024889e-01
6.365030524058035155e-01,6.869513768336811266e-01,7.830267307653513420e-01,4.272948798246356539e-02,4.601874141871781232e-01,4.541914644909653687e-01,2.949600095538891242e-01,-6.485145145308351955e-01,6.330992959431306355e-01,4.449922954253556218e-01,-1.092967159743163386e-01,6.082898824024527418e-01,3.422668403275837545e-01,5.567044068442996707e-01,4.258879170922221791e-01,3.926716623691179353e-01,1.828199690039130632e-01,5.266371699109551052e-01,5.230882379115141534e-01,-6.957203130954998926e-02,-3.222958615861012399e-01,1.836500715705104980e-01,5.952330079017206232e-01,2.638499499399660220e-01,5.422916082599187337e-01,6.342790649485748888e-01,5.132448774089267696e-01,1.000000000000000000e+00,6.736848444575460615e-01,4.827061952231361808e-01,5.553958427746912285e-01,7.674036830512455110e-01,1.621447515406769790e-01,6.068867058080933408e-01,5.710916754776956122e-02,4.301166140417065353e-01,5.791954536823773481e-01,3.249388522583547267e-01,5.056255684238217807e-01
4.787878289333861725e-01,4.180934146624809000e-01,6.167226989532120784e-01,1.801862385710366332e-01,2.827629696631496214e-01,1.714024089480765678e-01,2.657202149523305024e-01,-6.418301011146559931e-01,3.306459902636653125e-01,1.460310102203848104e-01,1.704816884710813329e-01,3.731548498283188686e-01,4.670479450977280678e-01,3.310244445241889433e-01,3.629663414576404512e-01,1.725490697757684488e-01,2.800755927633317155e-01,3.962258176189115133e-01,3.667739131657141716e-01,-2.656339842719330213e-01,-2.343619126681794895e-01,-1.161344889773937433e-01,3.636772602330376469e-01,4.086299872218200346e-01,4.252384723965140223e-01,4.322410196845983266e-01,1.819898654159585738e-01,6.736848444575460615e-01,1.000000000000000000e+00,1.538179908166207033e-01,2.610143581481132458e-01,7.179803707982800320e-01,3.183653871003054858e-01,3.279952682563498367e-01,1.574069946401621123e-01,2.376677895606961188e-01,7.145195208195002090e-01,1.544635515063077502e-01,2.501104815276706805e-01
4.566399418955519596e-01,4.954255203619946091e-01,4.793847355833246726e-01,-8.873030504912364502e-02,4.065592446224154943e-01,3.905165017168297226e-01,4.296737220067012308e-02,-2.759595909829836158e-01,6.305585305168558419e-01,6.264959426957363853e-01,-2.641280296665715621e-01,7.022247744247099854e-01,7.708378160028951653e-02,5.008562123492364959e-01,5.491913968756026998e-01,4.725793795213890647e-01,1.528531739686632696e-01,6.018989673772843219e-01,4.881919270291062984e-01,1.334636563723060609e-01,9.904872304471226338e-03,4.145189496599103740e-01,5.953099374301143998e-01,4.947409585559559009e-02,3.876216063021361014e-01,3.596682543146048627e-01,5.819721222010871831e-01,4.827061952231361808e-01,1.538179908166207033e-01,1.000000000000000000e+00,5.557630385423795172e-01,3.479712425442036960e-01,-1.561700544989589809e-02,5.993856370267616196e-01,-1.906051891933765452e-01,4.920171763387469199e-01,2.579700461260964195e-02,4.627978719132855301e-01,5.302609189496195752e-01
4.952078481467079851e-01,3.689541216323241613e-01,6.481954331845891648e-01,4.146035927324365905e-02,5.152874293098653746e-01,3.718364646360957093e-01,2.328071507796710682e-01,-4.538946097513545941e-01,5.654924311150119065e-01,3.937245855401896866e-01,-3.080055387990701110e-01,5.967477997399774914e-01,1.522044866150653597e-01,4.836889040200225143e-01,3.844834972927702044e-01,2.208544061441285178e-01,7.022313954440320694e-02,3.896377648572716956e-01,5.257024291885570300e-01,2.349722871435826546e-02,3.216165356952224025e-02,2.815962189631046608e-01,4.348224715954660535e-01,-3.374875631210887822e-02,2.494702088863466893e-01,5.665863911250935692e-01,6.722984480659226492e-01,5.553958427746912285e-01,2.610143581481132458e-01,5.557630385423795172e-01,1.000000000000000000e+00,3.180210289436389282e-01,5.358147175674998763e-02,6.689067369935411955e-01,-2.974059806671887629e-01,2.429396080494996557e-01,1.480802643977664410e-03,4.395428733235161034e-01,4.163750558279052383e-01
5.247243355561632683e-01,6.214504735009880321e-01,5.844106980274453855e-01,5.605923257750917987e-02,2.135657255582249781e-01,3.420180678481800629e-01,1.529162825421394867e-01,-4.853306857153525944e-01,4.830574828846970203e-01,3.956422846948912664e-01,5.430338400795576420e-02,5.721538339324907518e-01,3.818927684620186391e-01,3.649039562939233594e-01,3.815343421544525881e-01,3.639064260290675312e-01,3.105874752455087262e-01,4.616995083111136156e-01,3.294448257860574936e-01,-2.083182773267275856e-01,-3.593110279509354466e-01,1.610457650622594272e-01,5.386857198634663613e-01,3.529913581949497559e-01,4.987782323070875101e-01,3.865537362302012281e-01,2.463152275524724821e-01,7.674036830512455110e-01,7.179803707982800320e-01,3.479712425442036960e-01,3.180210289436389282e-01,1.000000000000000000e+00,2.773396201558687157e-01,3.796149743132132826e-01,1.963912634615756492e-01,3.876414229016453272e-01,7.468907868319751842e-01,2.319279645596773187e-01,4.560285103835138298e-01
-4.765796838049007195e-02,-6.560953642812648867e-02,3.633654975263796855e-02,4.634892152558688604e-03,3.196720759035166781e-02,-3.807496833063946373e-01,-8.057672828308309887e-02,-1.097808732425731709e-01,1.515549604180030374e-03,-1.113492058983830829e-01,6.013539103501980287e-01,1.065162378650564949e-02,2.267658522809433974e-01,-5.402851136613622679e-02,-4.573421900865518031e-02,-1.687979329169124187e-01,7.090386029190831607e-01,1.420300356471541348e-01,8.361208667124642169e-02,-3.409481668744119842e-01,2.354399467155336712e-01,-1.635117117511396545e-01,-8.470146705872449999e-02,2.445358748870343213e-01,4.909911249694707928e-03,-9.362792601492758368e-03,-8.872001147431519963e-02,1.621447515406769790e-01,3.183653871003054858e-01,-1.561700544989589809e-02,5.358147175674998763e-02,2.773396201558687157e-01,1.000000000000000000e+00,4.573394867345179776e-02,-1.782372796574850302e-02,-9.608911026311860171e-02,1.307286412815647503e-01,-7.185264047680407773e-02,-6.935404113095924861e-02
5.871079500587086386e-01,4.772725143242390056e-01,6.937273109742793098e-01,1.051364009350956724e-01,7.786485606520544556e-01,4.101895017266024568e-01,2.252430005041141381e-01,-4.698829770851601362e-01,7.276282274471026490e-01,4.843577610051646998e-01,-2.882064055203454878e-01,6.583157413284023152e-01,2.812902611419932364e-01,6.256317376801736607e-01,4.900945823027264003e-01,3.149732885584223818e-01,1.213072757157161313e-01,6.081574484154159688e-01,7.250027644230142565e-01,1.091811557237554881e-01,6.190861030147934430e-02,3.647200522055669691e-01,5.406939790517552025e-01,-3.868238878341694748e-02,3.957420335390638977e-01,6.479658446263925065e-01,7.113532050353650327e-01,6.068867058080933408e-01,3.279952682563498367e-01,5.993856370267616196e-01,6.689067369935411955e-01,3.796149743132132826e-01,4.573394867345179776e-02,1.000000000000000000e+00,-2.894499893891779863e-01,3.945763563905996252e-01,9.509935974206217002e-02,4.961714936676800414e-01,4.992093224140919938e-01
-7.471889974734762310e-03,2.115947734978818051e-01,-1.491285542405973996e-01,-2.807970618582706149e-02,-1.907576543782243672e-01,1.009576529072917991e-02,6.294459961096743328e-02,9.581174430934487340e-02,-1.488155438932040053e-01,1.011491739115593230e-01,2.450734623401008005e-01,-2.521468276144982479e-01,-1.817962807205971421e-01,-3.793667124984826527e-02,-1.351414734727034717e-01,2.867899989129766847e-01,2.580685029974742750e-02,-8.942356328190703696e-02,-1.884817230704761148e-01,8.564743486170252329e-02,-1.277201065963167459e-01,-1.349445528800999883e-01,1.941756992215946942e-01,2.999380600787888151e-01,3.915191575589179185e-01,-2.038696466427112053e-01,-3.419060568134040801e-01,5.710916754776956122e-02,1.574069946401621123e-01,-1.906051891933765452e-01,-2.974059806671887629e-01,1.963912634615756492e-01,-1.782372796574850302e-02,-2.894499893891779863e-01,1.000000000000000000e+00,2.109364670446094159e-01,4.212177850951301372e-01,-1.292885650575124612e-01,4.959518508784279463e-04
4.016627583399984824e-01,5.628460849304223190e-01,4.073126970482080500e-01,-1.256899464925257948e-01,3.189566276152982494e-01,3.831923230317245133e-01,2.613898703070888230e-02,-3.080820918901184258e-01,5.828665966992475633e-01,6.093813444977401739e-01,-1.131802892198994076e-01,4.249179456567550583e-01,-7.083658647046520151e-02,4.875454675133255034e-01,4.481223911555411998e-01,6.581672616546464516e-01,2.057230699139726837e-02,4.170330356649921133e-01,3.234457859306156258e-01,1.443555779414121554e-01,-1.504173962843666744e-02,1.981805766654170797e-01,5.862251147715205057e-01,8.659631030657476136e-02,5.852695318357460375e-01,3.144480286228119592e-01,3.766477501119261939e-01,4.301166140417065353e-01,2.376677895606961188e-01,4.920171763387469199e-01,2.429396080494996557e-01,3.876414229016453272e-01,-9.608911026311860171e-02,3.945763563905996252e-01,2.109364670446094159e-01,1.000000000000000000e+00,3.117622766499826281e-01,3.830779780684012703e-01,5.847267133849521903e-01
3.637859558894760981e-01,5.337847142298389747e-01,3.851965243013650286e-01,1.995755379988151945e-01,4.981984103786643581e-02,2.295376364539687131e-01,1.548932365633140518e-01,-4.063973136897675587e-01,2.401685143076198736e-01,1.963645920648448839e-01,1.005986140677785634e-01,2.430213001257077454e-01,2.220804082253658995e-01,2.163481658642419925e-01,1.603098608074446652e-01,3.122624777601819557e-01,7.378260940502348597e-02,2.477470903168201843e-01,1.043715893130306716e-01,-1.760806439095621567e-01,-4.658372207525894315e-01,-9.331766257183604640e-02,3.710794628119864491e-01,4.772852969706407600e-01,5.214758582802440090e-01,2.334482587060105752e-01,-7.318351216656257541e-02,5.791954536823773481e-01,7.145195208195002090e-01,2.579700461260964195e-02,1.480802643977664410e-03,7.468907868319751842e-01,1.307286412815647503e-01,9.509935974206217002e-02,4.212177850951301372e-01,3.117622766499826281e-01,1.000000000000000000e+00,2.110747307310706020e-02,2.625818975240483688e-01
6.346826998014530874e-01,4.568907545437783657e-01,4.050331061174955449e-01,-2.680837419658091761e-02,5.025779167382499191e-01,4.671970863923660677e-01,1.989081996425158816e-01,-9.982209927618529433e-02,6.361520679157977032e-01,4.612458888866844409e-01,-3.320921821030660137e-01,4.514638523660786662e-01,2.183974378188969223e-01,6.182799420461396744e-01,4.447791560892243590e-01,3.346294666276642960e-01,-7.767622042158622842e-02,1.524959838983736826e-01,2.840830100062500807e-01,2.631400503421386095e-01,1.746436366814296259e-01,5.425182828565096038e-01,5.306424489174411674e-01,-9.675097578035309065e-02,4.044498774607901970e-01,5.161783747380037646e-01,6.007692230491624708e-01,3.249388522583547267e-01,1.544635515063077502e-01,4.627978719132855301e-01,4.395428733235161034e-01,2.319279645596773187e-01,-7.185264047680407773e-02,4.961714936676800414e-01,-1.292885650575124612e-01,3.830779780684012703e-01,2.110747307310706020e-02,1.000000000000000000e+00,6.444489582416036422e-01
5.660738691631940211e-01,6.925227702884374503e-01,4.951646808001778921e-01,3.944741898553779519e-02,3.963169066157813947e-01,5.341427937945114612e-01,2.260262563838621730e-01,-1.643202256705961484e-01,7.484645893428378827e-01,6.659658500970742079e-01,-3.363208542820666502e-01,5.776141434649144646e-01,2.481751162207017913e-01,6.685790080146505332e-01,3.728412059100554843e-01,5.993823029811881087e-01,-5.593757407692756534e-02,2.917040168099701569e-01,1.957107406981559161e-01,3.216935741761606793e-01,-6.703393524167228223e-02,5.837980122736265987e-01,7.233067900132720274e-01,1.173849717410607868e-01,5.738354193984191998e-01,5.645712589322058328e-01,6.487129484757024889e-01,5.056255684238217807e-01,2.501104815276706805e-01,5.302609189496195752e-01,4.163750558279052383e-01,4.560285103835138298e-01,-6.935404113095924861e-02,4.992093224140919938e-01,4.959518508784279463e-04,5.847267133849521903e-01,2.625818975240483688e-01,6.444489582416036422e-01,1.000000000000000000e+00
