1.000000000000000000e+00,8.980414241422886024e-01,3.116908459341675708e-01,3.092556672421569730e-01,4.868057459006412402e-01,3.841638082479047478e-01,6.887883024656914210e-02,-3.861809889969894938e-01,6.790337979535304713e-01,8.541956059756322661e-01,2.162697330311282584e-01,6.742349483728846682e-01,1.526154375301540800e-01,6.085648010428929000e-01,4.907034411547774311e-01,5.800660659581227119e-01,-1.025880103900071727e-01,6.292924303496257865e-01,5.648906712593539936e-01,-1.774211444636103752e-01,1.257778950729306067e-01,1.779958190154636022e-01,6.298031470330088810e-01,2.468227068408369584e-01,6.463240998263187764e-01,7.289931729585824582e-01,5.636346754565610961e-01,4.718524614554878704e-01,6.560764462304181643e-01,8.296470335010538433e-01,5.210759152231069224e-01,4.976517236566800340e-01,4.795549014932357634e-01,6.403116905345075383e-01,4.645866767399989272e-01,-1.161438377957565576e-01,4.520197842214707662e-01,8.254839748176012737e-01,7.994727506316626764e-01
8.980414241422886024e-01,1.000000000000000000e+00,2.855211237189024809e-01,3.117159978958642941e-01,4.178594489637989517e-01,3.540492593081290829e-01,5.597467875489637451e-02,-3.312921538341972449e-01,6.685403397345186516e-01,8.243724367696183553e-01,2.956687747295644320e-01,6.669871882702274046e-01,2.428854831488514998e-01,6.482330727789786806e-01,4.159801288231675387e-01,5.301893376476558561e-01,-8.984148973480579614e-02,5.372185297599367804e-01,4.693545598181352307e-01,-6.849426277250231232e-02,2.342606677244184199e-01,3.316311940548829496e-01,6.658479813272578651e-01,2.287251299893501288e-01,6.265585299671201369e-01,7.426462198875779519e-01,6.091326993707066872e-01,4.277350416087359330e-01,7.090744735805608601e-01,8.068353758504414053e-01,5.938276410960634522e-01,5.951351373927306065e-01,5.653156899163667148e-01,5.285537193394963529e-01,5.525848379246353081e-01,-9.673148939463326046e-02,5.525981977657939970e-01,8.134860447196819999e-01,8.036470931435443221e-01
3.116908459341675708e-01,2.855211237189024809e-01,1.000000000000000000e+00,-5.953360077532152128e-02,7.179761805974030908e-01,1.467431929794812406e-01,-2.219274378224278532e-01,-8.565374920597458308e-01,6.199646685567427040e-01,2.813586261819309708e-01,3.471732890720773956e-01,5.842402119275466044e-01,1.542182468132005102e-01,6.872852507397032573e-01,4.905286328672753271e-01,-3.912845064069859352e-02,2.292017363974629962e-01,5.800838072129967937e-01,5.300121531702126632e-01,-3.471066247821060768e-01,1.468253116172398565e-01,6.256544701618427240e-02,5.659063143556379849e-01,5.800510274086190243e-01,3.438968242718569157e-01,6.034641970945427980e-01,6.645438441208529889e-01,6.598942882168630231e-01,5.546960367594611085e-01,4.643504573220625931e-01,7.025037248015583158e-01,5.495330586796725036e-01,5.401467191611339924e-01,4.837103807199325534e-01,4.849863454048899958e-01,4.456112208094105687e-01,5.345888923186563613e-01,4.327185525989374892e-01,5.009785982502621415e-01
3.092556672421569730e-01,3.117159978958642941e-01,-5.953360077532152128e-02,1.000000000000000000e+00,4.207858050184484083e-02,-1.184585327442538166e-02,7.398663986500630951e-01,1.081537193528996077e-01,-1.336041646423724305e-01,2.009859659729938131e-01,2.354865072363562795e-01,3.177069053914002850e-02,1.879128485935629700e-01,1.083718921973518268e-01,-1.860885885146706664e-01,5.694670046085885395e-02,-2.301915931445335656e-02,-5.189814159120955533e-02,-6.637912749529045753e-02,8.508779309050655895e-04,-2.264236607777776744e-01,1.541044202892699333e-01,3.403162953895685905e-02,-2.103662970400574650e-01,-8.346413812469917481e-02,2.290241783362043648e-01,1.746595376917959297e-01,3.364165089479439485e-01,1.723966524165569947e-01,2.664260682348555953e-01,1.508639362234969195e-01,1.676207900056035371e-01,3.012326829427012242e-01,-9.242273677138558574e-02,2.169749710270765242e-01,-1.992427024042022765e-01,1.773951997171666350e-01,1.567000868925275125e-01,1.406699722826147136e-01
4.868057459006412402e-01,4.178594489637989517e-01,7.179761805974030908e-01,4.207858050184484083e-02,1.000000000000000000e+00,1.518202232039395083e-01,-1.718141617682341638e-01,-7.218674513668347226e-01,6.403618102030883552e-01,4.530668750737632533e-01,2.479924012479931550e-01,5.687187346801659826e-01,6.106045080711816619e-02,6.201101944203896155e-01,4.986469681547416877e-01,2.284347490458053798e-01,2.292671148249013080e-01,7.077085484940921489e-01,7.299412212092531993e-01,-2.527209165556319470e-01,1.192995753635107958e-01,7.728116410662622116e-02,5.500014886069438669e-01,3.494641844534166486e-01,5.134327375627668610e-01,5.964035675756190757e-01,5.003654977868896570e-01,4.418604787282656154e-01,4.807055407695215443e-01,5.362472344329758389e-01,5.852241539304459117e-01,4.207677268184282782e-01,4.048086759018291736e-01,7.229943107774599032e-01,3.715809672356817916e-01,3.716658526222557657e-01,3.345606050688658129e-01,5.436491632700207743e-01,5.227337762468247107e-01
3.841638082479047478e-01,3.540492593081290829e-01,1.467431929794812406e-01,-1.184585327442538166e-02,1.518202232039395083e-01,1.000000000000000000e+00,2.499190914395234275e-02,-1.196341785055001633e-01,2.759553536017522180e-01,4.180854584041894806e-01,2.916930127242610415e-02,2.755832585142434232e-01,4.731371039207878104e-02,2.658916181892160835e-01,3.420832583831769913e-01,2.627312809027964047e-01,-6.889591308645268142e-02,2.750935889301161508e-01,3.004280227836244599e-01,-1.156641676959444809e-01,3.883975493154143838e-02,1.016072801217636767e-01,4.821301512202139650e-01,3.535659865264793589e-01,3.193522221778588022e-01,4.338405799426089393e-01,3.171113535933512417e-01,2.820484176641784302e-01,3.032777639262758118e-01,4.357881938190311666e-01,1.396440180475471138e-01,2.811788524900769581e-01,1.948422751612675641e-01,2.549638953526353058e-01,2.578759124290083693e-01,-2.791371984213786295e-01,3.324318080687036492e-01,3.563128830426008364e-01,3.238144988713436145e-01
6.887883024656914210e-02,5.597467875489637451e-02,-2.219274378224278532e-01,7.398663986500630951e-01,-1.718141617682341638e-01,2.499190914395234275e-02,1.000000000000000000e+00,2.789790776355557389e-01,-3.194169676275595005e-01,4.193851129078241674e-02,1.055040286679456360e-02,-3.052674227675303831e-01,-9.874715824909424677e-02,-2.074493214954870046e-01,-4.083101551528199868e-01,2.378781620062632093e-02,-6.746556739636949684e-02,-2.060856734050578176e-01,-1.875827507579537756e-01,1.656153200567050399e-01,-4.247876330656507604e-01,6.993959765471312318e-02,-1.927995475801757286e-01,-2.525712785209525690e-01,-1.842710207138363865e-01,-5.380036089301067082e-02,-6.950432705782010057e-02,1.583472391480628960e-01,-1.580513968637201894e-01,7.421968464845224087e-03,-1.715600714533576931e-01,-1.339065032561302104e-01,-4.938250185520105112e-02,-1.888880680650080190e-01,-9.886798276671460162e-02,-2.317893965971286885e-01,-5.209905866654605811e-02,-8.358982169707332432e-02,-8.735010504090114092e-02
-3.861809889969894938e-01,-3.312921538341972449e-01,-8.565374920597458308e-01,1.081537193528996077e-01,-7.218674513668347226e-01,-1.196341785055001633e-01,2.789790776355557389e-01,1.000000000000000000e+00,-6.517593874659238784e-01,-3.260264112984984086e-01,-2.359045587715536407e-01,-5.614979821553024442e-01,7.924211143585362105e-02,-5.858278000391030638e-01,-4.954201023949583726e-01,-2.315516832329474195e-02,-2.347519151819191241e-01,-6.853627479562041103e-01,-5.921224486788720931e-01,3.958098244235628838e-01,-1.729346866606144006e-01,5.891005358831902933e-02,-4.851923464397784325e-01,-4.310340872548170110e-01,-4.634044079022876517e-01,-5.437644570362860641e-01,-5.608686345146430829e-01,-5.775895250203948450e-01,-4.949579700042474051e-01,-4.562940814826997871e-01,-6.250429716228450561e-01,-3.853050284926995417e-01,-3.544592565395993100e-01,-5.865135659912348309e-01,-3.146644169783431866e-01,-3.964926826540318694e-01,-3.602517515783194568e-01,-4.996969017040195915e-01,-5.489786792791045977e-01
6.790337979535304713e-01,6.685403397345186516e-01,6.199646685567427040e-01,-1.336041646423724305e-01,6.403618102030883552e-01,2.759553536017522180e-01,-3.194169676275595005e-01,-6.517593874659238784e-01,1.000000000000000000e+00,6.999158328255680184e-01,2.444300320457745701e-01,7.521103577754956193e-01,1.770106161234184516e-01,7.409644727326001323e-01,6.243489356401609180e-01,4.341200622480119731e-01,7.281688239970676713e-02,7.449825558492138011e-01,6.477586414345675170e-01,-1.680090360894644641e-01,2.807709691835775234e-01,2.012416515326715671e-01,7.354952374175751650e-01,4.662285430667455488e-01,6.993907059241443180e-01,7.190867796579132332e-01,6.527605695505926953e-01,3.932861629062134878e-01,6.719084506251040700e-01,7.059027089630114382e-01,6.797867513603916834e-01,5.894585765542839084e-01,5.403867263951654953e-01,7.226199796647565510e-01,5.337050959423026431e-01,2.836580347659323764e-01,5.354803157923424539e-01,7.844816789669717405e-01,8.048173336343659168e-01
8.541956059756322661e-01,8.243724367696183553e-01,2.813586261819309708e-01,2.009859659729938131e-01,4.530668750737632533e-01,4.180854584041894806e-01,4.193851129078241674e-02,-3.260264112984984086e-01,6.999158328255680184e-01,1.000000000000000000e+00,1.436851723351503518e-01,6.541012383832592869e-01,1.156903978184884996e-01,5.757698646674216381e-01,4.688439401022536090e-01,7.232059957482590562e-01,-8.483978387104521013e-02,6.053286031385332056e-01,5.711798486037247269e-01,-1.022354616690351603e-01,8.396177601804540036e-02,1.881914151673852731e-01,6.385944460165433600e-01,3.256542081303686054e-01,6.597047622912519671e-01,6.515242806150833843e-01,5.308276204308487456e-01,4.199387141270220503e-01,5.320699751932471688e-01,8.286186866699774001e-01,4.282018936739919179e-01,4.462400557903813958e-01,4.170795730573496063e-01,6.685313656291868023e-01,3.980370898837811700e-01,-3.603590281058781375e-02,4.344007939241932847e-01,7.262526948295695561e-01,7.372769099045094476e-01
2.162697330311282584e-01,2.956687747295644320e-01,3.471732890720773956e-01,2.354865072363562795e-01,2.479924012479931550e-01,2.916930127242610415e-02,1.055040286679456360e-02,-2.359045587715536407e-01,2.444300320457745701e-01,1.436851723351503518e-01,1.000000000000000000e+00,2.151925784573810174e-01,4.689683551835213127e-01,4.232994106609312412e-01,-1.129823701881747106e-02,-2.844113222851224476e-01,5.150224201625507314e-01,6.507389548477462982e-02,3.510520621325537854e-02,-4.764627353207200738e-02,1.455679406570567491e-01,2.850223040548493514e-01,4.706967088694933299e-01,1.688579930957441466e-01,7.416033049339008920e-02,5.250728567707073635e-01,5.441102240943270774e-01,3.759680276963348611e-01,5.759652550974952989e-01,3.135021759015185761e-01,5.531464412085835836e-01,6.690473612099433476e-01,5.393958406292354013e-01,-4.097214332102714490e-02,5.236283090391172790e-01,4.417982929718180379e-02,5.660033628660414706e-01,3.094547775820570834e-01,2.986542900721522731e-01
6.742349483728846682e-01,6.669871882702274046e-01,5.842402119275466044e-01,3.177069053914002850e-02,5.687187346801659826e-01,2.755832585142434232e-01,-3.052674227675303831e-01,-5.614979821553024442e-01,7.521103577754956193e-01,6.541012383832592869e-01,2.151925784573810174e-01,1.000000000000000000e+00,3.495476164230045257e-01,7.556545042037702276e-01,7.741748079220370782e-01,4.433354669154311867e-01,-3.759950122853280424e-02,6.366014429963189336e-01,5.581405656743728683e-01,-3.393453830218682299e-01,2.505854827314814570e-01,1.676249691961738397e-01,6.660023029460084842e-01,4.645799019954915954e-01,5.452897430675618384e-01,6.771393634726824429e-01,6.300236081317162062e-01,4.858350109270724304e-01,6.599370531988107969e-01,7.522351621764518104e-01,6.474376551653903133e-01,6.280560296598211023e-01,6.607765958155685793e-01,6.025188819850658684e-01,5.981848828151273834e-01,2.030199015833265563e-01,5.734924556635132564e-01,7.042996406395322095e-01,7.632278008705833949e-01
1.526154375301540800e-01,2.428854831488514998e-01,1.542182468132005102e-01,1.879128485935629700e-01,6.106045080711816619e-02,4.731371039207878104e-02,-9.874715824909424677e-02,7.924211143585362105e-02,1.770106161234184516e-01,1.156903978184884996e-01,4.689683551835213127e-01,3.495476164230045257e-01,1.000000000000000000e+00,4.786347910833120278e-01,1.956039822465426847e-01,-7.910677692304769748e-02,-5.281494605846544926e-02,-1.166355025931348349e-01,-3.978144600375826956e-02,-6.144091586737488592e-02,2.139065613683412692e-01,3.112789790403024948e-01,4.603075364552686732e-01,3.050750104873679036e-01,-8.527848518223868357e-02,3.709704780185792972e-01,3.765978368711160873e-01,2.207626230590432892e-01,5.203635288947903170e-01,2.685381143195265108e-01,4.435397177841784999e-01,6.777510978834799804e-01,7.076647995016374093e-01,-1.468425177443062057e-01,7.241051258593580453e-01,-3.177230992261542968e-03,6.210714761824489560e-01,1.876146844240618172e-01,1.957434431294571842e-01
6.085648010428929000e-01,6.482330727789786806e-01,6.872852507397032573e-01,1.083718921973518268e-01,6.201101944203896155e-01,2.658916181892160835e-01,-2.074493214954870046e-01,-5.858278000391030638e-01,7.409644727326001323e-01,5.757698646674216381e-01,4.232994106609312412e-01,7.556545042037702276e-01,4.786347910833120278e-01,1.000000000000000000e+00,5.365445981658967245e-01,2.458049989002781821e-01,7.260505357491391087e-02,5.555516930388477714e-01,5.238154790150159057e-01,-2.486255329483078313e-01,3.100578805268480731e-01,2.930406500520069679e-01,8.044879284093583438e-01,5.987572548514387138e-01,5.085589696119511283e-01,7.826645244568029014e-01,7.690461756875550670e-01,5.993428180034769959e-01,7.936253831757822397e-01,7.071431367487941433e-01,8.372048300852864555e-01,8.052992129575270441e-01,8.072966659573722614e-01,4.839541368754576856e-01,7.799743859557020098e-01,2.408818271469801708e-01,7.638060705892161240e-01,6.523921831495987922e-01,6.837122752992383923e-01
4.907034411547774311e-01,4.159801288231675387e-01,4.905286328672753271e-01,-1.860885885146706664e-01,4.986469681547416877e-01,3.420832583831769913e-01,-4.083101551528199868e-01,-4.954201023949583726e-01,6.243489356401609180e-01,4.688439401022536090e-01,-1.129823701881747106e-02,7.741748079220370782e-01,1.956039822465426847e-01,5.365445981658967245e-01,1.000000000000000000e+00,3.960008906835466025e-01,-9.241919833449772914e-02,5.987308152865715716e-01,5.713378893357113908e-01,-3.642872764753969372e-01,1.539833524142356358e-01,-1.999347081673849558e-02,4.759163657867067077e-01,4.353638233911796274e-01,4.102060309496354251e-01,4.737756453065783413e-01,3.148037900213119245e-01,3.227149267711591496e-01,4.486115776489666418e-01,5.779703541556352464e-01,4.034970050653978735e-01,3.642472004524887619e-01,4.058352259518941962e-01,6.161300540858652974e-01,3.778990120589235668e-01,1.044019175950522960e-01,2.865645992906038497e-01,5.317887011315103329e-01,5.247126669896888806e-01
5.800660659581227119e-01,5.301893376476558561e-01,-3.912845064069859352e-02,5.694670046085885395e-02,2.284347490458053798e-01,2.627312809027964047e-01,2.378781620062632093e-02,-2.315516832329474195e-02,4.341200622480119731e-01,7.232059957482590562e-01,-2.844113222851224476e-01,4.433354669154311867e-01,-7.910677692304769748e-02,2.458049989002781821e-01,3.960008906835466025e-01,1.000000000000000000e+00,-2.569151151578839554e-01,3.968179436477669575e-01,4.202397436876096348e-01,1.027645341895614406e-01,1.514350553525378035e-02,1.680883490930447643e-01,2.524102327506990151e-01,1.039549000405773915e-01,4.568514860585664583e-01,2.427367322778293812e-01,1.024929491707100432e-01,2.349189177860853961e-02,8.899822982702075558e-02,4.983076988662979434e-01,6.588982502315914036e-02,4.232010170916679359e-02,1.000074899407345508e-01,5.514049642345845159e-01,4.058500685685149240e-02,1.869825865762492559e-02,2.605085632786241154e-02,4.192467155007531532e-01,4.117063765385099994e-01
-1.025880103900071727e-01,-8.984148973480579614e-02,2.292017363974629962e-01,-2.301915931445335656e-02,2.292671148249013080e-01,-6.889591308645268142e-02,-6.746556739636949684e-02,-2.347519151819191241e-01,7.281688239970676713e-02,-8.483978387104521013e-02,5.150224201625507314e-01,-3.759950122853280424e-02,-5.281494605846544926e-02,7.260505357491391087e-02,-9.241919833449772914e-02,-2.569151151578839554e-01,1.000000000000000000e+00,6.382851424265743867e-02,2.419932234205052907e-02,-1.068715653719664802e-02,-1.060943178479268195e-01,2.483865222445699392e-02,1.014792609987416466e-01,-6.746490141220996828e-02,9.554229320905953393e-02,6.829612437030480043e-02,9.115515266130207184e-02,4.067517376839273335e-02,7.870196874387860170e-03,-3.844450372377628423e-03,1.603018915659011889e-01,1.294276315286488621e-01,3.304068350935352588e-02,-1.177705096862555201e-02,-5.823374903803341801e-02,2.710550679121369044e-01,2.703716542003080023e-02,6.465445427765886821e-02,4.867234876582574726e-02
6.292924303496257865e-01,5.372185297599367804e-01,5.800838072129967937e-01,-5.189814159120955533e-02,7.077085484940921489e-01,2.750935889301161508e-01,-2.060856734050578176e-01,-6.853627479562041103e-01,7.449825558492138011e-01,6.053286031385332056e-01,6.507389548477462982e-02,6.366014429963189336e-01,-1.166355025931348349e-01,5.555516930388477714e-01,5.987308152865715716e-01,3.968179436477669575e-01,6.382851424265743867e-02,1.000000000000000000e+00,8.738507951392874284e-01,-2.411222261307503500e-01,7.030766729427700978e-02,3.998672911010996145e-02,5.123501969195976002e-01,3.053335647767497774e-01,6.114799746507109113e-01,5.517303980724048706e-01,4.447696800815602591e-01,3.863880725628343060e-01,4.612948724870445383e-01,5.945475327732082649e-01,4.783660509149801898e-01,3.110566634074761194e-01,2.923147060073446601e-01,8.390950309827892584e-01,2.786564214167629450e-01,9.174466626892349708e-02,2.763510585334352232e-01,6.162792366218602380e-01,6.209541083318287358e-01
5.648906712593539936e-01,4.693545598181352307e-01,5.300121531702126632e-01,-6.637912749529045753e-02,7.299412212092531993e-01,3.004280227836244599e-01,-1.875827507579537756e-01,-5.921224486788720931e-01,6.477586414345675170e-01,5.711798486037247269e-01,3.510520621325537854e-02,5.581405656743728683e-01,-3.978144600375826956e-02,5.238154790150159057e-01,5.713378893357113908e-01,4.202397436876096348e-01,2.419932234205052907e-02,8.738507951392874284e-01,1.000000000000000000e+00,-2.197999455864274865e-01,6.725419968284368499e-02,3.820322798347963733e-02,5.076362706326532637e-01,3.215421989175592521e-01,5.030752870396281162e-01,5.148015939698619148e-01,3.674488152533293417e-01,3.387360462108516268e-01,3.902541003343547033e-01,5.419777174375245421e-01,4.271681907067431672e-01,2.940927679774052450e-01,2.864946092870381267e-01,8.217782378060018988e-01,2.849827982704467577e-01,2.647155305048398341e-02,2.423872757654941534e-01,5.097693016051043635e-01,4.778466287041976401e-01
-1.774211444636103752e-01,-6.849426277250231232e-02,-3.471066247821060768e-01,8.508779309050655895e-04,-2.527209165556319470e-01,-1.156641676959444809e-01,1.656153200567050399e-01,3.958098244235628838e-01,-1.680090360894644641e-01,-1.022354616690351603e-01,-4.764627353207200738e-02,-3.393453830218682299e-01,-6.144091586737488592e-02,-2.486255329483078313e-01,-3.642872764753969372e-01,1.027645341895614406e-01,-1.068715653719664802e-02,-2.411222261307503500e-01,-2.197999455864274865e-01,1.000000000000000000e+00,1.049716602056323944e-01,6.711072055670775915e-01,-1.955405765146587538e-01,-3.438036475835875017e-01,-1.145406102061648362e-01,-1.897545693787271170e-01,-1.842181532752245887e-01,-4.611210491912239307e-01,-1.726062542473245087e-01,-2.988637488836414779e-01,-1.670275836454129248e-01,-1.334471286202173201e-01,-1.358938932448690295e-01,-2.305229285695490071e-01,-1.355911268278303938e-01,2.873426405117054591e-03,-1.363153592202817066e-01,-1.697193682818450289e-01,-1.898446631903202286e-01
1.257778950729306067e-01,2.342606677244184199e-01,1.468253116172398565e-01,-2.264236607777776744e-01,1.192995753635107958e-01,3.883975493154143838e-02,-4.247876330656507604e-01,-1.729346866606144006e-01,2.807709691835775234e-01,8.396177601804540036e-02,1.455679406570567491e-01,2.505854827314814570e-01,2.139065613683412692e-01,3.100578805268480731e-01,1.539833524142356358e-01,1.514350553525378035e-02,-1.060943178479268195e-01,7.030766729427700978e-02,6.725419968284368499e-02,1.049716602056323944e-01,1.000000000000000000e+00,3.346492380094067687e-01,3.454349077333447871e-01,8.668156471551340114e-02,2.537285330020195850e-01,3.487080627968437430e-01,3.343650352647320467e-01,-8.705540118539693145e-03,4.378385887860955505e-01,1.353282305578499822e-01,3.939602483198298422e-01,3.782479803525417572e-01,3.444751716488731463e-01,2.334965617862699502e-02,3.997366465336242847e-01,1.424404101600188488e-01,3.359632897933874096e-01,2.068725653959600785e-01,1.811584654109941461e-01
1.779958190154636022e-01,3.316311940548829496e-01,6.256544701618427240e-02,1.541044202892699333e-01,7.728116410662622116e-02,1.016072801217636767e-01,6.993959765471312318e-02,5.891005358831902933e-02,2.012416515326715671e-01,1.881914151673852731e-01,2.850223040548493514e-01,1.676249691961738397e-01,3.112789790403024948e-01,2.930406500520069679e-01,-1.999347081673849558e-02,1.680883490930447643e-01,2.483865222445699392e-02,3.998672911010996145e-02,3.820322798347963733e-02,6.711072055670775915e-01,3.346492380094067687e-01,1.000000000000000000e+00,2.819201257296617413e-01,-6.160737658636036840e-02,8.251861092985841861e-02,3.204832666895172655e-01,3.236723274262711114e-01,-4.382896778689455985e-02,3.506371694412886431e-01,1.465148261676042230e-01,3.608714570737134864e-01,4.204439063724488279e-01,4.523691335650210088e-01,-3.265606520902217258e-02,4.142111743117103950e-01,3.906842100607009483e-02,4.181544666576317293e-01,2.307852075236316858e-01,2.362740560529000000e-01
6.298031470330088810e-01,6.658479813272578651e-01,5.659063143556379849e-01,3.403162953895685905e-02,5.500014886069438669e-01,4.821301512202139650e-01,-1.927995475801757286e-01,-4.851923464397784325e-01,7.354952374175751650e-01,6.385944460165433600e-01,4.706967088694933299e-01,6.660023029460084842e-01,4.603075364552686732e-01,8.044879284093583438e-01,4.759163657867067077e-01,2.524102327506990151e-01,1.014792609987416466e-01,5.123501969195976002e-01,5.076362706326532637e-01,-1.955405765146587538e-01,3.454349077333447871e-01,2.819201257296617413e-01,1.000000000000000000e+00,6.289209291723721895e-01,6.013265441575760262e-01,8.243682561616607618e-01,7.691996079243809126e-01,5.394561896914973342e-01,7.960136521403798904e-01,7.368414627068327061e-01,7.441469526263918555e-01,8.131947961191023921e-01,7.142368489818649024e-01,4.712360777731498529e-01,7.688141462479346488e-01,1.093285597107734597e-01,7.756032777637846820e-01,6.773886420707156963e-01,6.899980954283476686e-01
2.468227068408369584e-01,2.287251299893501288e-01,5.800510274086190243e-01,-2.103662970400574650e-01,3.494641844534166486e-01,3.535659865264793589e-01,-2.525712785209525690e-01,-4.310340872548170110e-01,4.662285430667455488e-01,3.256542081303686054e-01,1.688579930957441466e-01,4.645799019954915954e-01,3.050750104873679036e-01,5.987572548514387138e-01,4.353638233911796274e-01,1.039549000405773915e-01,-6.746490141220996828e-02,3.053335647767497774e-01,3.215421989175592521e-01,-3.438036475835875017e-01,8.668156471551340114e-02,-6.160737658636036840e-02,6.289209291723721895e-01,1.000000000000000000e+00,3.159538294757610610e-01,4.501903626634158884e-01,5.332622815162906260e-01,5.738228795034505669e-01,4.574440166302074506e-01,4.600074757864270891e-01,4.238967801550616032e-01,5.065251322801520573e-01,4.187842686188551489e-01,3.017386522634101786e-01,4.684173232660358566e-01,2.275271995140487613e-01,5.543825660427222912e-01,2.363144266397738669e-01,3.150947454497967648e-01
6.463240998263187764e-01,6.265585299671201369e-01,3.438968242718569157e-01,-8.346413812469917481e-02,5.134327375627668610e-01,3.193522221778588022e-01,-1.842710207138363865e-01,-4.634044079022876517e-01,6.993907059241443180e-01,6.597047622912519671e-01,7.416033049339008920e-02,5.452897430675618384e-01,-8.527848518223868357e-02,5.085589696119511283e-01,4.102060309496354251e-01,4.568514860585664583e-01,9.554229320905953393e-02,6.114799746507109113e-01,5.030752870396281162e-01,-1.145406102061648362e-01,2.537285330020195850e-01,8.251861092985841861e-02,6.013265441575760262e-01,3.159538294757610610e-01,1.000000000000000000e+00,5.409870100201887855e-01,4.705102101010495419e-01,2.748403423246026933e-01,4.851084557097326555e-01,6.133406839941900612e-01,4.325440251146229764e-01,3.290621127482594721e-01,2.316228200495979439e-01,6.264826899620530298e-01,2.557711804712646253e-01,1.970818792473642556e-01,2.749088930416038745e-01,6.772295285310576674e-01,6.894313194610426354e-01
7.289931729585824582e-01,7.426462198875779519e-01,6.034641970945427980e-01,2.290241783362043648e-01,5.964035675756190757e-01,4.338405799426089393e-01,-5.380036089301067082e-02,-5.437644570362860641e-01,7.190867796579132332e-01,6.515242806150833843e-01,5.250728567707073635e-01,6.771393634726824429e-01,3.709704780185792972e-01,7.826645244568029014e-01,4.737756453065783413e-01,2.427367322778293812e-01,6.829612437030480043e-02,5.517303980724048706e-01,5.148015939698619148e-01,-1.897545693787271170e-01,3.487080627968437430e-01,3.204832666895172655e-01,8.243682561616607618e-01,4.501903626634158884e-01,5.409870100201887855e-01,1.000000000000000000e+00,8.474287287948124581e-01,6.166077186516236708e-01,8.488006392917659682e-01,7.724199307409977955e-01,8.007343974793740271e-01,7.863898669669728836e-01,7.415390370652081842e-01,4.837891727329537983e-01,7.420059653664984323e-01,1.265495173168297571e-02,7.297633145643318553e-01,7.816787258346956646e-01,7.506831903575983400e-01
5.636346754565610961e-01,6.091326993707066872e-01,6.645438441208529889e-01,1.746595376917959297e-01,5.003654977868896570e-01,3.171113535933512417e-01,-6.950432705782010057e-02,-5.608686345146430829e-01,6.527605695505926953e-01,5.308276204308487456e-01,5.441102240943270774e-01,6.300236081317162062e-01,3.765978368711160873e-01,7.690461756875550670e-01,3.148037900213119245e-01,1.024929491707100432e-01,9.115515266130207184e-02,4.447696800815602591e-01,3.674488152533293417e-01,-1.842181532752245887e-01,3.343650352647320467e-01,3.236723274262711114e-01,7.691996079243809126e-01,5.332622815162906260e-01,4.705102101010495419e-01,8.474287287948124581e-01,1.000000000000000000e+00,6.757762978050285696e-01,7.967116796011268764e-01,6.719717284554814762e-01,7.888136006042888448e-01,7.863431346304459169e-01,7.386226655170635702e-01,3.363928659866128323e-01,7.053053226624395045e-01,1.410508295337993823e-01,7.760966986354456143e-01,6.358499736492222443e-01,6.944840871537990568e-01
4.718524614554878704e-01,4.277350416087359330e-01,6.598942882168630231e-01,3.364165089479439485e-01,4.418604787282656154e-01,2.820484176641784302e-01,1.583472391480628960e-01,-5.775895250203948450e-01,3.932861629062134878e-01,4.199387141270220503e-01,3.759680276963348611e-01,4.858350109270724304e-01,2.207626230590432892e-01,5.993428180034769959e-01,3.227149267711591496e-01,2.349189177860853961e-02,4.067517376839273335e-02,3.863880725628343060e-01,3.387360462108516268e-01,-4.611210491912239307e-01,-8.705540118539693145e-03,-4.382896778689455985e-02,5.394561896914973342e-01,5.738228795034505669e-01,2.748403423246026933e-01,6.166077186516236708e-01,6.757762978050285696e-01,1.000000000000000000e+00,5.663953822586621500e-01,5.932336538350236887e-01,5.384683788009536620e-01,5.241959612632061116e-01,5.293148744355616886e-01,3.200480242468308201e-01,4.698153926400370772e-01,4.390369670139152025e-02,5.861608237758088036e-01,4.012609878926803875e-01,4.771429320964381549e-01
6.560764462304181643e-01,7.090744735805608601e-01,5.546960367594611085e-01,1.723966524165569947e-01,4.807055407695215443e-01,3.032777639262758118e-01,-1.580513968637201894e-01,-4.949579700042474051e-01,6.719084506251040700e-01,5.320699751932471688e-01,5.759652550974952989e-01,6.599370531988107969e-01,5.203635288947903170e-01,7.936253831757822397e-01,4.486115776489666418e-01,8.899822982702075558e-02,7.870196874387860170e-03,4.612948724870445383e-01,3.902541003343547033e-01,-1.726062542473245087e-01,4.378385887860955505e-01,3.506371694412886431e-01,7.960136521403798904e-01,4.574440166302074506e-01,4.851084557097326555e-01,8.488006392917659682e-01,7.967116796011268764e-01,5.663953822586621500e-01,1.000000000000000000e+00,7.040880048933529922e-01,8.159066814283583158e-01,8.520129657957510316e-01,7.861353639725014997e-01,3.546264849386384088e-01,8.199257031724523914e-01,1.486417136188870024e-02,7.942816847639740940e-01,7.011499413722549479e-01,6.986210020964843670e-01
8.296470335010538433e-01,8.068353758504414053e-01,4.643504573220625931e-01,2.664260682348555953e-01,5.362472344329758389e-01,4.357881938190311666e-01,7.421968464845224087e-03,-4.562940814826997871e-01,7.059027089630114382e-01,8.286186866699774001e-01,3.135021759015185761e-01,7.522351621764518104e-01,2.685381143195265108e-01,7.071431367487941433e-01,5.779703541556352464e-01,4.983076988662979434e-01,-3.844450372377628423e-03,5.945475327732082649e-01,5.419777174375245421e-01,-2.988637488836414779e-01,1.353282305578499822e-01,1.465148261676042230e-01,7.368414627068327061e-01,4.600074757864270891e-01,6.133406839941900612e-01,7.724199307409977955e-01,6.719717284554814762e-01,5.932336538350236887e-01,7.040880048933529922e-01,1.000000000000000000e+00,5.815703063238990556e-01,6.190705129965569098e-01,5.909182374396017012e-01,5.889140382470456903e-01,5.661513384936970317e-01,-3.086505256316324913e-02,5.941493184548511941e-01,7.379670995097744601e-01,7.490948418079864668e-01
5.210759152231069224e-01,5.938276410960634522e-01,7.025037248015583158e-01,1.508639362234969195e-01,5.852241539304459117e-01,1.396440180475471138e-01,-1.715600714533576931e-01,-6.250429716228450561e-01,6.797867513603916834e-01,4.282018936739919179e-01,5.531464412085835836e-01,6.474376551653903133e-01,4.435397177841784999e-01,8.372048300852864555e-01,4.034970050653978735e-01,6.588982502315914036e-02,1.603018915659011889e-01,4.783660509149801898e-01,4.271681907067431672e-01,-1.670275836454129248e-01,3.939602483198298422e-01,3.608714570737134864e-01,7.441469526263918555e-01,4.238967801550616032e-01,4.325440251146229764e-01,8.007343974793740271e-01,7.888136006042888448e-01,5.384683788009536620e-01,8.159066814283583158e-01,5.815703063238990556e-01,1.000000000000000000e+00,8.179257649111963957e-01,8.101430172826136200e-01,3.599453877015960646e-01,7.842286039559863697e-01,2.680050002806766973e-01,7.344956806626794510e-01,6.508653595264147773e-01,6.631386936938029608e-01
4.976517236566800340e-01,5.951351373927306065e-01,5.495330586796725036e-01,1.676207900056035371e-01,4.207677268184282782e-01,2.811788524900769581e-01,-1.339065032561302104e-01,-3.853050284926995417e-01,5.894585765542839084e-01,4.462400557903813958e-01,6.690473612099433476e-01,6.280560296598211023e-01,6.777510978834799804e-01,8.052992129575270441e-01,3.642472004524887619e-01,4.232010170916679359e-02,1.294276315286488621e-01,3.110566634074761194e-01,2.940927679774052450e-01,-1.334471286202173201e-01,3.782479803525417572e-01,4.204439063724488279e-01,8.131947961191023921e-01,5.065251322801520573e-01,3.290621127482594721e-01,7.863898669669728836e-01,7.863431346304459169e-01,5.241959612632061116e-01,8.520129657957510316e-01,6.190705129965569098e-01,8.179257649111963957e-01,1.000000000000000000e+00,8.715736095645143511e-01,2.136738305341171484e-01,8.848443283709873652e-01,1.116159128442277271e-01,8.844074301285760331e-01,5.725556694102812427e-01,5.918896234290519365e-01
4.795549014932357634e-01,5.653156899163667148e-01,5.401467191611339924e-01,3.012326829427012242e-01,4.048086759018291736e-01,1.948422751612675641e-01,-4.938250185520105112e-02,-3.544592565395993100e-01,5.403867263951654953e-01,4.170795730573496063e-01,5.393958406292354013e-01,6.607765958155685793e-01,7.076647995016374093e-01,8.072966659573722614e-01,4.058352259518941962e-01,1.000074899407345508e-01,3.304068350935352588e-02,2.923147060073446601e-01,2.864946092870381267e-01,-1.358938932448690295e-01,3.444751716488731463e-01,4.523691335650210088e-01,7.142368489818649024e-01,4.187842686188551489e-01,2.316228200495979439e-01,7.415390370652081842e-01,7.386226655170635702e-01,5.293148744355616886e-01,7.861353639725014997e-01,5.909182374396017012e-01,8.101430172826136200e-01,8.715736095645143511e-01,1.000000000000000000e+00,1.981802824412095543e-01,8.846758028498928894e-01,1.174406619023887072e-01,8.328700242259656772e-01,5.457803897368344037e-01,5.640334120145017449e-01
6.403116905345075383e-01,5.285537193394963529e-01,4.837103807199325534e-01,-9.242273677138558574e-02,7.229943107774599032e-01,2.549638953526353058e-01,-1.888880680650080190e-01,-5.865135659912348309e-01,7.226199796647565510e-01,6.685313656291868023e-01,-4.097214332102714490e-02,6.025188819850658684e-01,-1.468425177443062057e-01,4.839541368754576856e-01,6.161300540858652974e-01,5.514049642345845159e-01,-1.177705096862555201e-02,8.390950309827892584e-01,8.217782378060018988e-01,-2.305229285695490071e-01,2.334965617862699502e-02,-3.265606520902217258e-02,4.712360777731498529e-01,3.017386522634101786e-01,6.264826899620530298e-01,4.837891727329537983e-01,3.363928659866128323e-01,3.200480242468308201e-01,3.546264849386384088e-01,5.889140382470456903e-01,3.599453877015960646e-01,2.136738305341171484e-01,1.981802824412095543e-01,1.000000000000000000e+00,1.856771801473791339e-01,1.519197286940414671e-01,1.675612980018029441e-01,5.856537479104619859e-01,5.901464742508003569e-01
4.645866767399989272e-01,5.525848379246353081e-01,4.849863454048899958e-01,2.169749710270765242e-01,3.715809672356817916e-01,2.578759124290083693e-01,-9.886798276671460162e-02,-3.146644169783431866e-01,5.337050959423026431e-01,3.980370898837811700e-01,5.236283090391172790e-01,5.981848828151273834e-01,7.241051258593580453e-01,7.799743859557020098e-01,3.778990120589235668e-01,4.058500685685149240e-02,-5.823374903803341801e-02,2.786564214167629450e-01,2.849827982704467577e-01,-1.355911268278303938e-01,3.997366465336242847e-01,4.142111743117103950e-01,7.688141462479346488e-01,4.684173232660358566e-01,2.557711804712646253e-01,7.420059653664984323e-01,7.053053226624395045e-01,4.698153926400370772e-01,8.199257031724523914e-01,5.661513384936970317e-01,7.842286039559863697e-01,8.848443283709873652e-01,8.846758028498928894e-01,1.856771801473791339e-01,1.000000000000000000e+00,4.897941382295987328e-02,8.677461835386003353e-01,5.258782112635731476e-01,5.260781444851027056e-01
-1.161438377957565576e-01,-9.673148939463326046e-02,4.456112208094105687e-01,-1.992427024042022765e-01,3.716658526222557657e-01,-2.791371984213786295e-01,-2.317893965971286885e-01,-3.964926826540318694e-01,2.836580347659323764e-01,-3.603590281058781375e-02,4.417982929718180379e-02,2.030199015833265563e-01,-3.177230992261542968e-03,2.408818271469801708e-01,1.044019175950522960e-01,1.869825865762492559e-02,2.710550679121369044e-01,9.174466626892349708e-02,2.647155305048398341e-02,2.873426405117054591e-03,1.424404101600188488e-01,3.906842100607009483e-02,1.093285597107734597e-01,2.275271995140487613e-01,1.970818792473642556e-01,1.265495173168297571e-02,1.410508295337993823e-01,4.390369670139152025e-02,1.486417136188870024e-02,-3.086505256316324913e-02,2.680050002806766973e-01,1.116159128442277271e-01,1.174406619023887072e-01,1.519197286940414671e-01,4.897941382295987328e-02,1.000000000000000000e+00,6.073431375045332259e-02,5.314213522760481007e-02,1.599386557821598498e-01
4.520197842214707662e-01,5.525981977657939970e-01,5.345888923186563613e-01,1.773951997171666350e-01,3.345606050688658129e-01,3.324318080687036492e-01,-5.209905866654605811e-02,-3.602517515783194568e-01,5.354803157923424539e-01,4.344007939241932847e-01,5.660033628660414706e-01,5.734924556635132564e-01,6.210714761824489560e-01,7.638060705892161240e-01,2.865645992906038497e-01,2.605085632786241154e-02,2.703716542003080023e-02,2.763510585334352232e-01,2.423872757654941534e-01,-1.363153592202817066e-01,3.359632897933874096e-01,4.181544666576317293e-01,7.756032777637846820e-01,5.543825660427222912e-01,2.749088930416038745e-01,7.297633145643318553e-01,7.760966986354456143e-01,5.861608237758088036e-01,7.942816847639740940e-01,5.941493184548511941e-01,7.344956806626794510e-01,8.844074301285760331e-01,8.328700242259656772e-01,1.675612980018029441e-01,8.677461835386003353e-01,6.073431375045332259e-02,1.000000000000000000e+00,4.950099742577972473e-01,5.413966966896961441e-01
8.254839748176012737e-01,8.134860447196819999e-01,4.327185525989374892e-01,1.567000868925275125e-01,5.436491632700207743e-01,3.563128830426008364e-01,-8.358982169707332432e-02,-4.996969017040195915e-01,7.844816789669717405e-01,7.262526948295695561e-01,3.094547775820570834e-01,7.042996406395322095e-01,1.876146844240618172e-01,6.523921831495987922e-01,5.317887011315103329e-01,4.192467155007531532e-01,6.465445427765886821e-02,6.162792366218602380e-01,5.097693016051043635e-01,-1.697193682818450289e-01,2.068725653959600785e-01,2.307852075236316858e-01,6.773886420707156963e-01,2.363144266397738669e-01,6.772295285310576674e-01,7.816787258346956646e-01,6.358499736492222443e-01,4.012609878926803875e-01,7.011499413722549479e-01,7.379670995097744601e-01,6.508653595264147773e-01,5.725556694102812427e-01,5.457803897368344037e-01,5.856537479104619859e-01,5.258782112635731476e-01,5.314213522760481007e-02,4.950099742577972473e-01,1.000000000000000000e+00,8.850689544248839802e-01
7.994727506316626764e-01,8.036470931435443221e-01,5.009785982502621415e-01,1.406699722826147136e-01,5.227337762468247107e-01,3.238144988713436145e-01,-8.735010504090114092e-02,-5.489786792791045977e-01,8.048173336343659168e-01,7.372769099045094476e-01,2.986542900721522731e-01,7.632278008705833949e-01,1.957434431294571842e-01,6.837122752992383923e-01,5.247126669896888806e-01,4.117063765385099994e-01,4.867234876582574726e-02,6.209541083318287358e-01,4.778466287041976401e-01,-1.898446631903202286e-01,1.811584654109941461e-01,2.362740560529000000e-01,6.899980954283476686e-01,3.150947454497967648e-01,6.894313194610426354e-01,7.506831903575983400e-01,6.944840871537990568e-01,4.771429320964381549e-01,6.986210020964843670e-01,7.490948418079864668e-01,6.631386936938029608e-01,5.918896234290519365e-01,5.640334120145017449e-01,5.901464742508003569e-01,5.260781444851027056e-01,1.599386557821598498e-01,5.413966966896961441e-01,8.850689544248839802e-01,1.000000000000000000e+00
