1.000000000000000000e+00,9.628605013061514173e-01,9.660416231244484120e-01,9.342839601228625224e-01,9.664126751668564719e-01,8.900997383543294283e-01,9.019975468319954004e-01,8.936955967628599229e-01,9.838103954341302915e-01,9.225214140573441135e-01,9.243188733327948325e-01,8.996972626435086884e-01,9.821854124077387116e-01,9.455194329451268587e-01,9.350616324698719506e-01,9.617747629954235267e-01,9.796943403994127220e-01,9.781060490043120836e-01,9.445585615815973446e-01,9.411036869566389296e-01,9.799964839852459697e-01,9.659839026732977008e-01,9.434360996954467282e-01,9.795926877936728117e-01,9.337092853084776323e-01,9.620895909561832937e-01,9.367646999819340126e-01,9.052073551804729057e-01,9.434646749944314292e-01,9.782976749282651374e-01,9.797142348616344476e-01,9.834375329328757243e-01,9.262297225745720342e-01,9.721191485569506963e-01,9.037620747878404304e-01,9.180659173501695136e-01,9.422496708522716258e-01,9.220118611757098792e-01,9.101955390002254287e-01
9.628605013061514173e-01,1.000000000000000000e+00,9.495073561429111519e-01,9.160955207416650037e-01,9.513562821783979606e-01,8.947914904595632990e-01,9.080316970765128781e-01,9.041282790062225017e-01,9.600675169590380253e-01,9.419506089003205629e-01,9.027133765998552883e-01,9.157115742354070553e-01,9.577072325500233241e-01,9.284464818270674602e-01,9.199505632553601764e-01,9.454661043050941460e-01,9.624299405241912853e-01,9.726191575439934178e-01,9.686995916337955981e-01,9.251992036289246046e-01,9.694850954782842090e-01,9.490260971363815301e-01,9.261725650606436044e-01,9.716762970333874261e-01,9.153214914164287119e-01,9.451043003275254595e-01,9.216567807441695681e-01,9.177234353350528506e-01,9.274528633631132779e-01,9.679078038897916958e-01,9.688905768980597966e-01,9.633828869434437614e-01,9.043279091199983855e-01,9.765440464409980148e-01,9.204499453225255534e-01,8.978285441776301390e-01,9.652337276172234803e-01,9.008356515938481524e-01,9.267017742669446667e-01
9.660416231244484120e-01,9.495073561429111519e-01,1.000000000000000000e+00,9.463299793456436682e-01,9.843800417445577322e-01,8.739378265729557116e-01,8.886558105167277066e-01,8.730724684014602444e-01,9.682438499050306513e-01,9.041027579769878031e-01,9.373455452743565397e-01,8.844615098721907431e-01,9.698786919572953691e-01,9.616371356508917057e-01,9.500896210279926590e-01,9.802681995438669027e-01,9.594040035934006116e-01,9.621885834666192849e-01,9.300825718813987564e-01,9.556309573476446939e-01,9.634764941595201915e-01,9.844121592317462976e-01,9.605904558134997773e-01,9.631659488645445411e-01,9.446085273277958771e-01,9.819693747411629703e-01,9.519230448608463346e-01,8.869564929543257703e-01,9.587108667142092422e-01,9.617599203660639473e-01,9.634383414380922606e-01,9.654289004337706093e-01,9.366125708269593675e-01,9.595245942572487863e-01,8.902635871375135235e-01,9.304361781943024656e-01,9.256612364640854906e-01,9.302247921425058630e-01,8.965104545450587326e-01
9.342839601228625224e-01,9.160955207416650037e-01,9.463299793456436682e-01,1.000000000000000000e+00,9.487163839214919347e-01,8.770018921558910829e-01,8.922043836308266584e-01,8.734593693143518633e-01,9.335102342622481064e-01,8.870448141745645998e-01,9.724744916264949079e-01,8.724381645031563659e-01,9.361630078939245925e-01,9.654216696859541091e-01,9.741555546619975470e-01,9.540551894341631201e-01,9.273955772706735656e-01,9.311184002691635930e-01,9.020872120198836219e-01,9.703792383559958212e-01,9.319697604360467347e-01,9.494395881116731717e-01,9.641991505015187203e-01,9.308094900321712828e-01,9.826205138744176226e-01,9.511437547793301084e-01,9.716869865926852645e-01,8.761405953700924787e-01,9.710550701594543588e-01,9.301031645121115021e-01,9.306890790429668270e-01,9.338052850155774687e-01,9.718738895763022745e-01,9.275474972402172336e-01,8.775701522586825121e-01,9.642848698222420412e-01,8.996912658404190299e-01,9.655824989774181022e-01,8.820725638071474917e-01
9.664126751668564719e-01,9.513562821783979606e-01,9.843800417445577322e-01,9.487163839214919347e-01,1.000000000000000000e+00,8.772824256639133456e-01,8.929298645408262347e-01,8.755076684961236033e-01,9.685146033896191442e-01,9.063422506959655234e-01,9.396382402561878067e-01,8.859440878941237107e-01,9.704066714046525322e-01,9.623737882611079764e-01,9.520882439471844982e-01,9.801319014676271868e-01,9.611577888090534483e-01,9.632050872443531642e-01,9.326300614264225741e-01,9.575610027491586740e-01,9.638823527050650597e-01,9.840340685612867233e-01,9.608317790787905821e-01,9.627735894658659976e-01,9.475193912827878373e-01,9.800271829430974302e-01,9.539644594254914622e-01,8.891726049630819251e-01,9.603160062591684643e-01,9.619908805495095416e-01,9.640301494136224170e-01,9.647957242432417813e-01,9.396173825281356473e-01,9.614897680980954986e-01,8.923751355231381854e-01,9.336262145307421267e-01,9.276857873899841955e-01,9.332813648236051307e-01,8.988888042378510024e-01
8.900997383543294283e-01,8.947914904595632990e-01,8.739378265729557116e-01,8.770018921558910829e-01,8.772824256639133456e-01,1.000000000000000000e+00,9.657314540431287675e-01,9.236924665175141325e-01,8.828994438730664029e-01,9.018899946773448750e-01,8.521587282045670619e-01,9.320868578750592937e-01,8.843988223688266093e-01,8.771212439791195026e-01,8.739537809204244168e-01,8.715149176206681281e-01,8.754659018478617716e-01,8.933449265418167418e-01,8.927750410410933979e-01,8.791148572980359566e-01,8.921946064666556042e-01,8.807872580015956299e-01,8.821019192622788774e-01,8.941219747102205906e-01,8.804540204110125057e-01,8.728692082004733122e-01,8.732801621845613926e-01,9.257500806900275103e-01,8.761798368398073800e-01,8.901225073765587359e-01,8.883507282351766898e-01,8.928602449282593279e-01,8.746517210222036764e-01,8.913103480326545203e-01,9.278006477578257805e-01,8.678405783842755294e-01,8.941976134766111972e-01,8.768404594816826547e-01,9.209974876042157366e-01
9.019975468319954004e-01,9.080316970765128781e-01,8.886558105167277066e-01,8.922043836308266584e-01,8.929298645408262347e-01,9.657314540431287675e-01,1.000000000000000000e+00,9.261725712465724847e-01,8.962227236517157358e-01,9.099928588992494127e-01,8.734693790109732126e-01,9.361902747528122459e-01,8.978461040860024056e-01,8.871829227858447631e-01,8.833846547691446283e-01,8.844250286698218666e-01,8.896117381741510677e-01,9.068826528365419026e-01,9.021518454079482385e-01,8.863813189527964820e-01,9.067324401543451762e-01,8.940184554802609318e-01,8.899963485369236649e-01,9.094974398607136301e-01,8.933399472314640377e-01,8.878411794100132814e-01,8.826996670289549707e-01,9.339628323092988849e-01,8.867111947004038264e-01,9.039038073386284067e-01,9.028023022456075353e-01,9.053553956644805334e-01,8.880977402494371065e-01,9.049842550730269330e-01,9.337298542319761863e-01,8.850591682347451750e-01,9.026353020253937709e-01,8.921404249207400827e-01,9.270427354679199317e-01
8.936955967628599229e-01,9.041282790062225017e-01,8.730724684014602444e-01,8.734593693143518633e-01,8.755076684961236033e-01,9.236924665175141325e-01,9.261725712465724847e-01,1.000000000000000000e+00,8.904237473546193771e-01,9.388177595519778817e-01,8.541054084714488903e-01,9.727219404763298716e-01,8.886323321489735250e-01,8.777195007861413600e-01,8.722556188471738414e-01,8.725121130082515997e-01,8.885832284688454097e-01,8.960624213425718576e-01,9.151712134572832502e-01,8.730398043240319428e-01,8.957053027549293223e-01,8.755028344909974169e-01,8.768168994771406988e-01,8.951495241752747134e-01,8.732367966310293772e-01,8.755568731813775374e-01,8.704770610011716148e-01,9.736709746427893997e-01,8.773437244863924178e-01,8.954632502381939529e-01,8.923436928847205962e-01,8.927536862540734752e-01,8.596540797336761353e-01,8.969797653969663331e-01,9.687138855379726632e-01,8.431181754784070614e-01,9.172080096904962065e-01,8.589133397430900319e-01,9.643955769406520329e-01
9.838103954341302915e-01,9.600675169590380253e-01,9.682438499050306513e-01,9.335102342622481064e-01,9.685146033896191442e-01,8.828994438730664029e-01,8.962227236517157358e-01,8.904237473546193771e-01,1.000000000000000000e+00,9.191781781732583090e-01,9.242849195122982975e-01,8.961903698394028117e-01,9.837760379712295888e-01,9.457734703244614627e-01,9.343598133660218075e-01,9.631591348633442573e-01,9.789763465894794070e-01,9.766229202543044163e-01,9.417579678246834618e-01,9.410047053752137458e-01,9.775605986924084112e-01,9.677776857781936748e-01,9.437808954272758344e-01,9.769829754754996154e-01,9.341407528609142474e-01,9.639837020904158393e-01,9.366859146721575602e-01,9.016259289499081175e-01,9.435504745693145123e-01,9.762783968961842307e-01,9.776057917585668777e-01,9.808834533074474171e-01,9.262760431437523367e-01,9.704617584488831605e-01,9.003902958814267166e-01,9.185075553613141208e-01,9.391472020815138100e-01,9.211081830256098169e-01,9.075387886804074933e-01
9.225214140573441135e-01,9.419506089003205629e-01,9.041027579769878031e-01,8.870448141745645998e-01,9.063422506959655234e-01,9.018899946773448750e-01,9.099928588992494127e-01,9.388177595519778817e-01,9.191781781732583090e-01,1.000000000000000000e+00,8.685154662148784066e-01,9.485961848267712160e-01,9.159334914129648730e-01,8.937902748479743531e-01,8.879355266466437691e-01,9.020741984575844086e-01,9.213872853194727819e-01,9.293285064350356173e-01,9.586101868400742632e-01,8.882245209028160060e-01,9.277256358595920016e-01,9.046223853183861241e-01,8.909862468097955457e-01,9.272102350174760144e-01,8.877727566430455575e-01,9.020725327018235262e-01,8.869376078922953655e-01,9.496575198085124292e-01,8.940650985301059617e-01,9.287632498868944042e-01,9.253042757286243924e-01,9.201845368895192889e-01,8.733834778044344826e-01,9.327538417494304346e-01,9.537973883059825964e-01,8.680798920367965854e-01,9.646455948333242381e-01,8.685392586548924543e-01,9.619883860330493697e-01
9.243188733327948325e-01,9.027133765998552883e-01,9.373455452743565397e-01,9.724744916264949079e-01,9.396382402561878067e-01,8.521587282045670619e-01,8.734693790109732126e-01,8.541054084714488903e-01,9.242849195122982975e-01,8.685154662148784066e-01,1.000000000000000000e+00,8.527483001239711813e-01,9.262584905565107718e-01,9.590700650809935723e-01,9.648293968072683136e-01,9.466341690091871763e-01,9.168521830749379875e-01,9.189490767611917521e-01,8.865152721156208671e-01,9.625535396821179868e-01,9.172407621443205983e-01,9.403540162313202000e-01,9.535009234193790872e-01,9.173531650027633155e-01,9.690098858233106016e-01,9.443876674361781909e-01,9.624915794384258927e-01,8.577901705642542174e-01,9.640004576893466126e-01,9.147968100909097400e-01,9.182513745423461771e-01,9.225090191528050321e-01,9.744453998411085616e-01,9.141237959862308360e-01,8.588495976826432399e-01,9.672991147394593980e-01,8.826200668027615048e-01,9.689948693257965928e-01,8.679927801122661046e-01
8.996972626435086884e-01,9.157115742354070553e-01,8.844615098721907431e-01,8.724381645031563659e-01,8.859440878941237107e-01,9.320868578750592937e-01,9.361902747528122459e-01,9.727219404763298716e-01,8.961903698394028117e-01,9.485961848267712160e-01,8.527483001239711813e-01,1.000000000000000000e+00,8.944963452638335921e-01,8.786433878056660873e-01,8.716066341302548537e-01,8.804053266332797500e-01,8.949041353628199857e-01,9.062989650991462032e-01,9.266708962665368698e-01,8.723899345605846678e-01,9.055861583290089056e-01,8.863133150764729296e-01,8.762233171794622244e-01,9.049309971857422141e-01,8.719564742012613223e-01,8.851823509565410752e-01,8.692218323148015457e-01,9.828159247928871523e-01,8.777159680971731159e-01,9.035878139712352208e-01,9.006857494324038704e-01,9.005523665707088066e-01,8.587178933138799319e-01,9.075489136699835813e-01,9.805465738886516291e-01,8.520580254313044888e-01,9.287284303637761695e-01,8.584618766645817356e-01,9.751256412365585380e-01
9.821854124077387116e-01,9.577072325500233241e-01,9.698786919572953691e-01,9.361630078939245925e-01,9.704066714046525322e-01,8.843988223688266093e-01,8.978461040860024056e-01,8.886323321489735250e-01,9.837760379712295888e-01,9.159334914129648730e-01,9.262584905565107718e-01,8.944963452638335921e-01,1.000000000000000000e+00,9.485768108402968801e-01,9.380274607914982354e-01,9.643536776689384249e-01,9.762558862159447237e-01,9.742512511729037872e-01,9.383530467990583990e-01,9.438917228742604859e-01,9.753521543391687754e-01,9.695476197669111729e-01,9.471372406947846656e-01,9.756544040936755424e-01,9.360413560020180990e-01,9.656109079395089889e-01,9.399709391407529147e-01,8.997726321981847075e-01,9.468315872278864065e-01,9.740033437037830533e-01,9.749088406637083093e-01,9.798351288949790350e-01,9.280311839261189411e-01,9.677219662124060262e-01,8.998920562138423840e-01,9.205764333913175612e-01,9.357505487829532731e-01,9.226122890766071949e-01,9.062265527213173577e-01
9.455194329451268587e-01,9.284464818270674602e-01,9.616371356508917057e-01,9.654216696859541091e-01,9.623737882611079764e-01,8.771212439791195026e-01,8.871829227858447631e-01,8.777195007861413600e-01,9.457734703244614627e-01,8.937902748479743531e-01,9.590700650809935723e-01,8.786433878056660873e-01,9.485768108402968801e-01,1.000000000000000000e+00,9.740661404581403282e-01,9.682479040588025665e-01,9.389918286518853519e-01,9.426777926833154186e-01,9.135759170402867335e-01,9.805534084511972059e-01,9.416220751522265120e-01,9.619578192310364040e-01,9.799018642948436053e-01,9.405868340960228391e-01,9.635039655923177682e-01,9.669230300897962982e-01,9.770369286246121110e-01,8.835512504444811288e-01,9.816882533743067629e-01,9.414144188552201475e-01,9.432467560786562677e-01,9.443748211999263287e-01,9.546503410308654347e-01,9.401055095962755903e-01,8.861058878068996947e-01,9.454374607146293075e-01,9.110919703987004903e-01,9.483664196414873793e-01,8.941170284958153136e-01
9.350616324698719506e-01,9.199505632553601764e-01,9.500896210279926590e-01,9.741555546619975470e-01,9.520882439471844982e-01,8.739537809204244168e-01,8.833846547691446283e-01,8.722556188471738414e-01,9.343598133660218075e-01,8.879355266466437691e-01,9.648293968072683136e-01,8.716066341302548537e-01,9.380274607914982354e-01,9.740661404581403282e-01,1.000000000000000000e+00,9.583142126940487060e-01,9.296427344230940859e-01,9.325883867563813379e-01,9.028279796407731039e-01,9.801911410004467973e-01,9.324913266477843354e-01,9.519793539990595299e-01,9.746232317380955079e-01,9.307783860989845559e-01,9.743295099506845691e-01,9.550943123576841609e-01,9.820843438326765096e-01,8.758034381801793611e-01,9.795443336443716564e-01,9.306765910617675885e-01,9.321844299476692575e-01,9.337266913543826874e-01,9.615516751190690270e-01,9.294794036964209027e-01,8.793443270018262981e-01,9.565448958543817382e-01,9.008902143104540183e-01,9.552032908926221255e-01,8.841572155661614474e-01
9.617747629954235267e-01,9.454661043050941460e-01,9.802681995438669027e-01,9.540551894341631201e-01,9.801319014676271868e-01,8.715149176206681281e-01,8.844250286698218666e-01,8.725121130082515997e-01,9.631591348633442573e-01,9.020741984575844086e-01,9.466341690091871763e-01,8.804053266332797500e-01,9.643536776689384249e-01,9.682479040588025665e-01,9.583142126940487060e-01,1.000000000000000000e+00,9.559080954869195734e-01,9.585854871758091589e-01,9.280541800599877433e-01,9.632482687084191753e-01,9.586763985702019264e-01,9.810184499265893754e-01,9.659124865710918550e-01,9.577654188762461107e-01,9.521358525212509916e-01,9.825498103542938955e-01,9.601698108440765989e-01,8.834361782263214780e-01,9.650753077265658009e-01,9.579564355461073211e-01,9.600071403670241699e-01,9.597456308608114384e-01,9.445594058201461918e-01,9.566763484001289397e-01,8.861104697692624432e-01,9.370477623123985023e-01,9.233376497111437375e-01,9.381183207207164365e-01,8.944164912234573439e-01
9.796943403994127220e-01,9.624299405241912853e-01,9.594040035934006116e-01,9.273955772706735656e-01,9.611577888090534483e-01,8.754659018478617716e-01,8.896117381741510677e-01,8.885832284688454097e-01,9.789763465894794070e-01,9.213872853194727819e-01,9.168521830749379875e-01,8.949041353628199857e-01,9.762558862159447237e-01,9.389918286518853519e-01,9.296427344230940859e-01,9.559080954869195734e-01,1.000000000000000000e+00,9.743891819899930251e-01,9.442104315917029256e-01,9.344262079569085611e-01,9.760048740995869165e-01,9.589230742744697666e-01,9.369037459054802008e-01,9.739373157274315851e-01,9.264847186247527899e-01,9.550990794442810738e-01,9.311753706903861394e-01,9.009819338983434678e-01,9.372154577619473681e-01,9.768776019038981628e-01,9.781601589320075840e-01,9.767759355155100076e-01,9.151498426595171543e-01,9.727203890553159926e-01,9.010931731305742431e-01,9.097258455280663458e-01,9.423353380018556491e-01,9.116074753649926476e-01,9.071279987218341390e-01
9.781060490043120836e-01,9.726191575439934178e-01,9.621885834666192849e-01,9.311184002691635930e-01,9.632050872443531642e-01,8.933449265418167418e-01,9.068826528365419026e-01,8.960624213425718576e-01,9.766229202543044163e-01,9.293285064350356173e-01,9.189490767611917521e-01,9.062989650991462032e-01,9.742512511729037872e-01,9.426777926833154186e-01,9.325883867563813379e-01,9.585854871758091589e-01,9.743891819899930251e-01,1.000000000000000000e+00,9.535170275046441768e-01,9.393969382968208048e-01,9.835122230677902921e-01,9.621248948220871844e-01,9.401274902524582311e-01,9.821565781059787836e-01,9.308358133507979026e-01,9.588869755952481588e-01,9.340137938014282382e-01,9.105975659655899390e-01,9.411841473192762431e-01,9.815392151539286125e-01,9.825693456628246114e-01,9.789509951532093801e-01,9.217622787883700264e-01,9.816879966297411553e-01,9.126868628728285193e-01,9.148891985599806320e-01,9.506880381542507363e-01,9.178432231314629375e-01,9.174662070767189981e-01
9.445585615815973446e-01,9.686995916337955981e-01,9.300825718813987564e-01,9.020872120198836219e-01,9.326300614264225741e-01,8.927750410410933979e-01,9.021518454079482385e-01,9.151712134572832502e-01,9.417579678246834618e-01,9.586101868400742632e-01,8.865152721156208671e-01,9.266708962665368698e-01,9.383530467990583990e-01,9.135759170402867335e-01,9.028279796407731039e-01,9.280541800599877433e-01,9.442104315917029256e-01,9.535170275046441768e-01,1.000000000000000000e+00,9.070037558643658793e-01,9.510845256112441248e-01,9.294632830837652460e-01,9.079751906532815831e-01,9.516584475449876290e-01,8.996626317174380993e-01,9.274412310654663871e-01,9.036722075176935043e-01,9.287271016408814583e-01,9.116681198354618099e-01,9.504615252487202959e-01,9.502485400899404189e-01,9.436710823831234718e-01,8.891343836179946836e-01,9.587085195731184228e-01,9.302294380455473632e-01,8.812360504260984273e-01,9.812934150193074467e-01,8.856649975544798048e-01,9.378580888463793341e-01
9.411036869566389296e-01,9.251992036289246046e-01,9.556309573476446939e-01,9.703792383559958212e-01,9.575610027491586740e-01,8.791148572980359566e-01,8.863813189527964820e-01,8.730398043240319428e-01,9.410047053752137458e-01,8.882245209028160060e-01,9.625535396821179868e-01,8.723899345605846678e-01,9.438917228742604859e-01,9.805534084511972059e-01,9.801911410004467973e-01,9.632482687084191753e-01,9.344262079569085611e-01,9.393969382968208048e-01,9.070037558643658793e-01,1.000000000000000000e+00,9.385972732914341643e-01,9.566027918590211954e-01,9.792529513988064149e-01,9.366374305851202786e-01,9.691756547004948263e-01,9.604605903884637641e-01,9.831759643703723572e-01,8.770938967360378813e-01,9.839045653117297618e-01,9.380373476025645196e-01,9.393658160174680471e-01,9.404377827264188694e-01,9.596955583954716040e-01,9.361321365837553810e-01,8.814676045454679087e-01,9.529650680236360083e-01,9.048918708405569999e-01,9.547513121164122873e-01,8.881066869144164100e-01
9.799964839852459697e-01,9.694850954782842090e-01,9.634764941595201915e-01,9.319697604360467347e-01,9.638823527050650597e-01,8.921946064666556042e-01,9.067324401543451762e-01,8.957053027549293223e-01,9.775605986924084112e-01,9.277256358595920016e-01,9.172407621443205983e-01,9.055861583290089056e-01,9.753521543391687754e-01,9.416220751522265120e-01,9.324913266477843354e-01,9.586763985702019264e-01,9.760048740995869165e-01,9.835122230677902921e-01,9.510845256112441248e-01,9.385972732914341643e-01,1.000000000000000000e+00,9.632281310767338844e-01,9.405232884059270271e-01,9.833838582315159726e-01,9.304690514447951921e-01,9.592284960542414307e-01,9.339378266618633129e-01,9.099154218544852624e-01,9.405400167007554879e-01,9.829609617873428240e-01,9.841186046932304254e-01,9.813502734984130838e-01,9.203722455319357509e-01,9.794802819926191617e-01,9.115657245028042643e-01,9.131919760677492670e-01,9.478920077837769131e-01,9.165575849681057985e-01,9.166098142033674012e-01
9.659839026732977008e-01,9.490260971363815301e-01,9.844121592317462976e-01,9.494395881116731717e-01,9.840340685612867233e-01,8.807872580015956299e-01,8.940184554802609318e-01,8.755028344909974169e-01,9.677776857781936748e-01,9.046223853183861241e-01,9.403540162313202000e-01,8.863133150764729296e-01,9.695476197669111729e-01,9.619578192310364040e-01,9.519793539990595299e-01,9.810184499265893754e-01,9.589230742744697666e-01,9.621248948220871844e-01,9.294632830837652460e-01,9.566027918590211954e-01,9.632281310767338844e-01,1.000000000000000000e+00,9.616215229681870369e-01,9.625432824660752340e-01,9.482052346657617869e-01,9.820708387532196548e-01,9.529317419539559131e-01,8.888414142591682943e-01,9.591805483926511000e-01,9.609956010296677453e-01,9.625626096072337212e-01,9.645172369976752202e-01,9.404928692093564857e-01,9.588902672947319239e-01,8.914191502622669239e-01,9.331413561747562424e-01,9.244886518118533569e-01,9.345774128720050200e-01,8.975923907098662946e-01
9.434360996954467282e-01,9.261725650606436044e-01,9.605904558134997773e-01,9.641991505015187203e-01,9.608317790787905821e-01,8.821019192622788774e-01,8.899963485369236649e-01,8.768168994771406988e-01,9.437808954272758344e-01,8.909862468097955457e-01,9.535009234193790872e-01,8.762233171794622244e-01,9.471372406947846656e-01,9.799018642948436053e-01,9.746232317380955079e-01,9.659124865710918550e-01,9.369037459054802008e-01,9.401274902524582311e-01,9.079751906532815831e-01,9.792529513988064149e-01,9.405232884059270271e-01,9.616215229681870369e-01,1.000000000000000000e+00,9.387916103604133644e-01,9.639596183428804643e-01,9.647349653204877473e-01,9.764797901442632266e-01,8.804049239369604596e-01,9.776573005232446212e-01,9.399190721738268639e-01,9.406922174238619982e-01,9.425967236374656055e-01,9.526555274646822946e-01,9.363808834280804572e-01,8.834186016129220720e-01,9.441482576078240596e-01,9.062326330009513597e-01,9.474872933778235584e-01,8.893391896116216166e-01
9.795926877936728117e-01,9.716762970333874261e-01,9.631659488645445411e-01,9.308094900321712828e-01,9.627735894658659976e-01,8.941219747102205906e-01,9.094974398607136301e-01,8.951495241752747134e-01,9.769829754754996154e-01,9.272102350174760144e-01,9.173531650027633155e-01,9.049309971857422141e-01,9.756544040936755424e-01,9.405868340960228391e-01,9.307783860989845559e-01,9.577654188762461107e-01,9.739373157274315851e-01,9.821565781059787836e-01,9.516584475449876290e-01,9.366374305851202786e-01,9.833838582315159726e-01,9.625432824660752340e-01,9.387916103604133644e-01,1.000000000000000000e+00,9.294429381239385224e-01,9.590315161619334949e-01,9.322713915253829642e-01,9.082878104002910513e-01,9.395314267153002108e-01,9.813015727545028044e-01,9.815177394051193271e-01,9.819301992314939387e-01,9.208260962564962515e-01,9.793043120753720521e-01,9.092086330181313736e-01,9.135329809532725109e-01,9.482561059476487531e-01,9.173402754161232853e-01,9.153992101136243509e-01
9.337092853084776323e-01,9.153214914164287119e-01,9.446085273277958771e-01,9.826205138744176226e-01,9.475193912827878373e-01,8.804540204110125057e-01,8.933399472314640377e-01,8.732367966310293772e-01,9.341407528609142474e-01,8.877727566430455575e-01,9.690098858233106016e-01,8.719564742012613223e-01,9.360413560020180990e-01,9.635039655923177682e-01,9.743295099506845691e-01,9.521358525212509916e-01,9.264847186247527899e-01,9.308358133507979026e-01,8.996626317174380993e-01,9.691756547004948263e-01,9.304690514447951921e-01,9.482052346657617869e-01,9.639596183428804643e-01,9.294429381239385224e-01,1.000000000000000000e+00,9.487953716227213175e-01,9.714038486489051660e-01,8.750513922062764793e-01,9.703916760623403359e-01,9.287090956237212813e-01,9.298626244222147896e-01,9.326532627368514516e-01,9.711099638559732572e-01,9.265501771388182650e-01,8.753807434423971356e-01,9.643668466900573444e-01,8.980700436795225894e-01,9.632577548707603743e-01,8.809781764053465913e-01
9.620895909561832937e-01,9.451043003275254595e-01,9.819693747411629703e-01,9.511437547793301084e-01,9.800271829430974302e-01,8.728692082004733122e-01,8.878411794100132814e-01,8.755568731813775374e-01,9.639837020904158393e-01,9.020725327018235262e-01,9.443876674361781909e-01,8.851823509565410752e-01,9.656109079395089889e-01,9.669230300897962982e-01,9.550943123576841609e-01,9.825498103542938955e-01,9.550990794442810738e-01,9.588869755952481588e-01,9.274412310654663871e-01,9.604605903884637641e-01,9.592284960542414307e-01,9.820708387532196548e-01,9.647349653204877473e-01,9.590315161619334949e-01,9.487953716227213175e-01,1.000000000000000000e+00,9.574550129953059985e-01,8.882954615184268654e-01,9.629368622139695688e-01,9.580026001670259861e-01,9.602583115861432761e-01,9.608463968798860444e-01,9.405886401793617235e-01,9.564921536290216242e-01,8.908816946166534523e-01,9.329619640972867112e-01,9.218671647739272723e-01,9.338531780560818119e-01,8.988125787708451941e-01
9.367646999819340126e-01,9.216567807441695681e-01,9.519230448608463346e-01,9.716869865926852645e-01,9.539644594254914622e-01,8.732801621845613926e-01,8.826996670289549707e-01,8.704770610011716148e-01,9.366859146721575602e-01,8.869376078922953655e-01,9.624915794384258927e-01,8.692218323148015457e-01,9.399709391407529147e-01,9.770369286246121110e-01,9.820843438326765096e-01,9.601698108440765989e-01,9.311753706903861394e-01,9.340137938014282382e-01,9.036722075176935043e-01,9.831759643703723572e-01,9.339378266618633129e-01,9.529317419539559131e-01,9.764797901442632266e-01,9.322713915253829642e-01,9.714038486489051660e-01,9.574550129953059985e-01,1.000000000000000000e+00,8.742100768294864821e-01,9.821810389491989479e-01,9.335158053582552906e-01,9.345701106826060922e-01,9.358469645792344416e-01,9.601162010772534838e-01,9.313490429133844950e-01,8.784904213987319022e-01,9.545852596682206093e-01,9.014719770973121937e-01,9.544304366949490914e-01,8.841174825441288077e-01
9.052073551804729057e-01,9.177234353350528506e-01,8.869564929543257703e-01,8.761405953700924787e-01,8.891726049630819251e-01,9.257500806900275103e-01,9.339628323092988849e-01,9.736709746427893997e-01,9.016259289499081175e-01,9.496575198085124292e-01,8.577901705642542174e-01,9.828159247928871523e-01,8.997726321981847075e-01,8.835512504444811288e-01,8.758034381801793611e-01,8.834361782263214780e-01,9.009819338983434678e-01,9.105975659655899390e-01,9.287271016408814583e-01,8.770938967360378813e-01,9.099154218544852624e-01,8.888414142591682943e-01,8.804049239369604596e-01,9.082878104002910513e-01,8.750513922062764793e-01,8.882954615184268654e-01,8.742100768294864821e-01,1.000000000000000000e+00,8.821856837103417837e-01,9.085211198217590933e-01,9.058695003574933624e-01,9.046455383447185028e-01,8.618186102650489122e-01,9.110291742103908685e-01,9.807195415846695630e-01,8.553541318558783857e-01,9.306522933530166908e-01,8.615402804292139338e-01,9.763017340163490099e-01
9.434646749944314292e-01,9.274528633631132779e-01,9.587108667142092422e-01,9.710550701594543588e-01,9.603160062591684643e-01,8.761798368398073800e-01,8.867111947004038264e-01,8.773437244863924178e-01,9.435504745693145123e-01,8.940650985301059617e-01,9.640004576893466126e-01,8.777159680971731159e-01,9.468315872278864065e-01,9.816882533743067629e-01,9.795443336443716564e-01,9.650753077265658009e-01,9.372154577619473681e-01,9.411841473192762431e-01,9.116681198354618099e-01,9.839045653117297618e-01,9.405400167007554879e-01,9.591805483926511000e-01,9.776573005232446212e-01,9.395314267153002108e-01,9.703916760623403359e-01,9.629368622139695688e-01,9.821810389491989479e-01,8.821856837103417837e-01,1.000000000000000000e+00,9.398677106505416434e-01,9.413276154553836816e-01,9.429785799644847533e-01,9.600181978223639723e-01,9.379631866322709621e-01,8.860716128698731264e-01,9.524302971873027657e-01,9.093808294133665093e-01,9.538504379856408422e-01,8.924261076774443469e-01
9.782976749282651374e-01,9.679078038897916958e-01,9.617599203660639473e-01,9.301031645121115021e-01,9.619908805495095416e-01,8.901225073765587359e-01,9.039038073386284067e-01,8.954632502381939529e-01,9.762783968961842307e-01,9.287632498868944042e-01,9.147968100909097400e-01,9.035878139712352208e-01,9.740033437037830533e-01,9.414144188552201475e-01,9.306765910617675885e-01,9.579564355461073211e-01,9.768776019038981628e-01,9.815392151539286125e-01,9.504615252487202959e-01,9.380373476025645196e-01,9.829609617873428240e-01,9.609956010296677453e-01,9.399190721738268639e-01,9.813015727545028044e-01,9.287090956237212813e-01,9.580026001670259861e-01,9.335158053582552906e-01,9.085211198217590933e-01,9.398677106505416434e-01,1.000000000000000000e+00,9.844786391223963040e-01,9.786809801500693240e-01,9.187554252111095332e-01,9.798236617581743690e-01,9.101293686164750874e-01,9.127133349334206613e-01,9.475881464142514865e-01,9.153304573408947986e-01,9.169496294814912796e-01
9.797142348616344476e-01,9.688905768980597966e-01,9.634383414380922606e-01,9.306890790429668270e-01,9.640301494136224170e-01,8.883507282351766898e-01,9.028023022456075353e-01,8.923436928847205962e-01,9.776057917585668777e-01,9.253042757286243924e-01,9.182513745423461771e-01,9.006857494324038704e-01,9.749088406637083093e-01,9.432467560786562677e-01,9.321844299476692575e-01,9.600071403670241699e-01,9.781601589320075840e-01,9.825693456628246114e-01,9.502485400899404189e-01,9.393658160174680471e-01,9.841186046932304254e-01,9.625626096072337212e-01,9.406922174238619982e-01,9.815177394051193271e-01,9.298626244222147896e-01,9.602583115861432761e-01,9.345701106826060922e-01,9.058695003574933624e-01,9.413276154553836816e-01,9.844786391223963040e-01,1.000000000000000000e+00,9.802316673479244402e-01,9.199899917266481930e-01,9.804036754480605076e-01,9.069089369057582450e-01,9.129924781746320273e-01,9.474682352119494499e-01,9.160489869936035978e-01,9.135760197028544027e-01
9.834375329328757243e-01,9.633828869434437614e-01,9.654289004337706093e-01,9.338052850155774687e-01,9.647957242432417813e-01,8.928602449282593279e-01,9.053553956644805334e-01,8.927536862540734752e-01,9.808834533074474171e-01,9.201845368895192889e-01,9.225090191528050321e-01,9.005523665707088066e-01,9.798351288949790350e-01,9.443748211999263287e-01,9.337266913543826874e-01,9.597456308608114384e-01,9.767759355155100076e-01,9.789509951532093801e-01,9.436710823831234718e-01,9.404377827264188694e-01,9.813502734984130838e-01,9.645172369976752202e-01,9.425967236374656055e-01,9.819301992314939387e-01,9.326532627368514516e-01,9.608463968798860444e-01,9.358469645792344416e-01,9.046455383447185028e-01,9.429785799644847533e-01,9.786809801500693240e-01,9.802316673479244402e-01,1.000000000000000000e+00,9.268442400592833419e-01,9.724320882501392704e-01,9.048591982358145103e-01,9.186896474494310461e-01,9.410633527120282338e-01,9.230932591223114381e-01,9.105644598529574196e-01
9.262297225745720342e-01,9.043279091199983855e-01,9.366125708269593675e-01,9.718738895763022745e-01,9.396173825281356473e-01,8.746517210222036764e-01,8.880977402494371065e-01,8.596540797336761353e-01,9.262760431437523367e-01,8.733834778044344826e-01,9.744453998411085616e-01,8.587178933138799319e-01,9.280311839261189411e-01,9.546503410308654347e-01,9.615516751190690270e-01,9.445594058201461918e-01,9.151498426595171543e-01,9.217622787883700264e-01,8.891343836179946836e-01,9.596955583954716040e-01,9.203722455319357509e-01,9.404928692093564857e-01,9.526555274646822946e-01,9.208260962564962515e-01,9.711099638559732572e-01,9.405886401793617235e-01,9.601162010772534838e-01,8.618186102650489122e-01,9.600181978223639723e-01,9.187554252111095332e-01,9.199899917266481930e-01,9.268442400592833419e-01,1.000000000000000000e+00,9.159205628451190240e-01,8.628445107673999859e-01,9.788726244029876122e-01,8.871252950211759858e-01,9.824590692188434060e-01,8.699993144746157592e-01
9.721191485569506963e-01,9.765440464409980148e-01,9.595245942572487863e-01,9.275474972402172336e-01,9.614897680980954986e-01,8.913103480326545203e-01,9.049842550730269330e-01,8.969797653969663331e-01,9.704617584488831605e-01,9.327538417494304346e-01,9.141237959862308360e-01,9.075489136699835813e-01,9.677219662124060262e-01,9.401055095962755903e-01,9.294794036964209027e-01,9.566763484001289397e-01,9.727203890553159926e-01,9.816879966297411553e-01,9.587085195731184228e-01,9.361321365837553810e-01,9.794802819926191617e-01,9.588902672947319239e-01,9.363808834280804572e-01,9.793043120753720521e-01,9.265501771388182650e-01,9.564921536290216242e-01,9.313490429133844950e-01,9.110291742103908685e-01,9.379631866322709621e-01,9.798236617581743690e-01,9.804036754480605076e-01,9.724320882501392704e-01,9.159205628451190240e-01,1.000000000000000000e+00,9.139400115387489310e-01,9.101638746650885237e-01,9.538298726818214002e-01,9.126723520209252261e-01,9.209227871533330889e-01
9.037620747878404304e-01,9.204499453225255534e-01,8.902635871375135235e-01,8.775701522586825121e-01,8.923751355231381854e-01,9.278006477578257805e-01,9.337298542319761863e-01,9.687138855379726632e-01,9.003902958814267166e-01,9.537973883059825964e-01,8.588495976826432399e-01,9.805465738886516291e-01,8.998920562138423840e-01,8.861058878068996947e-01,8.793443270018262981e-01,8.861104697692624432e-01,9.010931731305742431e-01,9.126868628728285193e-01,9.302294380455473632e-01,8.814676045454679087e-01,9.115657245028042643e-01,8.914191502622669239e-01,8.834186016129220720e-01,9.092086330181313736e-01,8.753807434423971356e-01,8.908816946166534523e-01,8.784904213987319022e-01,9.807195415846695630e-01,8.860716128698731264e-01,9.101293686164750874e-01,9.069089369057582450e-01,9.048591982358145103e-01,8.628445107673999859e-01,9.139400115387489310e-01,1.000000000000000000e+00,8.581872677439916774e-01,9.328322001825648524e-01,8.631293602060510217e-01,9.795781216042337425e-01
9.180659173501695136e-01,8.978285441776301390e-01,9.304361781943024656e-01,9.642848698222420412e-01,9.336262145307421267e-01,8.678405783842755294e-01,8.850591682347451750e-01,8.431181754784070614e-01,9.185075553613141208e-01,8.680798920367965854e-01,9.672991147394593980e-01,8.520580254313044888e-01,9.205764333913175612e-01,9.454374607146293075e-01,9.565448958543817382e-01,9.370477623123985023e-01,9.097258455280663458e-01,9.148891985599806320e-01,8.812360504260984273e-01,9.529650680236360083e-01,9.131919760677492670e-01,9.331413561747562424e-01,9.441482576078240596e-01,9.135329809532725109e-01,9.643668466900573444e-01,9.329619640972867112e-01,9.545852596682206093e-01,8.553541318558783857e-01,9.524302971873027657e-01,9.127133349334206613e-01,9.129924781746320273e-01,9.186896474494310461e-01,9.788726244029876122e-01,9.101638746650885237e-01,8.581872677439916774e-01,1.000000000000000000e+00,8.797701953226200189e-01,9.765950497363259375e-01,8.651888238466814984e-01
9.422496708522716258e-01,9.652337276172234803e-01,9.256612364640854906e-01,8.996912658404190299e-01,9.276857873899841955e-01,8.941976134766111972e-01,9.026353020253937709e-01,9.172080096904962065e-01,9.391472020815138100e-01,9.646455948333242381e-01,8.826200668027615048e-01,9.287284303637761695e-01,9.357505487829532731e-01,9.110919703987004903e-01,9.008902143104540183e-01,9.233376497111437375e-01,9.423353380018556491e-01,9.506880381542507363e-01,9.812934150193074467e-01,9.048918708405569999e-01,9.478920077837769131e-01,9.244886518118533569e-01,9.062326330009513597e-01,9.482561059476487531e-01,8.980700436795225894e-01,9.218671647739272723e-01,9.014719770973121937e-01,9.306522933530166908e-01,9.093808294133665093e-01,9.475881464142514865e-01,9.474682352119494499e-01,9.410633527120282338e-01,8.871252950211759858e-01,9.538298726818214002e-01,9.328322001825648524e-01,8.797701953226200189e-01,1.000000000000000000e+00,8.828528045568446725e-01,9.398970175373467795e-01
9.220118611757098792e-01,9.008356515938481524e-01,9.302247921425058630e-01,9.655824989774181022e-01,9.332813648236051307e-01,8.768404594816826547e-01,8.921404249207400827e-01,8.589133397430900319e-01,9.211081830256098169e-01,8.685392586548924543e-01,9.689948693257965928e-01,8.584618766645817356e-01,9.226122890766071949e-01,9.483664196414873793e-01,9.552032908926221255e-01,9.381183207207164365e-01,9.116074753649926476e-01,9.178432231314629375e-01,8.856649975544798048e-01,9.547513121164122873e-01,9.165575849681057985e-01,9.345774128720050200e-01,9.474872933778235584e-01,9.173402754161232853e-01,9.632577548707603743e-01,9.338531780560818119e-01,9.544304366949490914e-01,8.615402804292139338e-01,9.538504379856408422e-01,9.153304573408947986e-01,9.160489869936035978e-01,9.230932591223114381e-01,9.824590692188434060e-01,9.126723520209252261e-01,8.631293602060510217e-01,9.765950497363259375e-01,8.828528045568446725e-01,1.000000000000000000e+00,8.687426842972453267e-01
9.101955390002254287e-01,9.267017742669446667e-01,8.965104545450587326e-01,8.820725638071474917e-01,8.988888042378510024e-01,9.209974876042157366e-01,9.270427354679199317e-01,9.643955769406520329e-01,9.075387886804074933e-01,9.619883860330493697e-01,8.679927801122661046e-01,9.751256412365585380e-01,9.062265527213173577e-01,8.941170284958153136e-01,8.841572155661614474e-01,8.944164912234573439e-01,9.071279987218341390e-01,9.174662070767189981e-01,9.378580888463793341e-01,8.881066869144164100e-01,9.166098142033674012e-01,8.975923907098662946e-01,8.893391896116216166e-01,9.153992101136243509e-01,8.809781764053465913e-01,8.988125787708451941e-01,8.841174825441288077e-01,9.763017340163490099e-01,8.924261076774443469e-01,9.169496294814912796e-01,9.135760197028544027e-01,9.105644598529574196e-01,8.699993144746157592e-01,9.209227871533330889e-01,9.795781216042337425e-01,8.651888238466814984e-01,9.398970175373467795e-01,8.687426842972453267e-01,1.000000000000000000e+00
