1.000000000000000000e+00,5.739425577258032429e-02,9.076207329232253984e-02,3.880341719138985512e-02,2.136553424256732447e-01,2.306338207121100825e-01,-4.602571345972514272e-02,-2.396831903544546227e-01,4.421371905729091223e-01,3.709937722709787389e-01,-3.148089836515758355e-01,-3.844654235395740804e-01,3.340891459365643579e-01,1.697932219073181315e-01,1.477718963649813921e-01,4.655059402623913933e-01,-2.007057937143333637e-01,-5.322983213319058826e-02,-3.491924339598928007e-01,1.598770143060722071e-01,-2.167736706760636442e-02,-2.054954087630360693e-01,4.398017154094001069e-01,3.430087450941423088e-01,5.315484704862917242e-01,4.370492247589428114e-01,-3.352550812106415146e-01,4.248434009802347089e-01,4.065262582384163159e-01,6.617000029319954901e-01,-3.029104259441385283e-01,-1.085257991590284771e-01,3.632072515942953994e-01,2.101727345386411316e-01,2.201195599467058728e-01,-1.124367349879059064e-01,-1.375824593286079922e-01,2.666301445894189159e-01,-1.476305383356509293e-01
5.739425577258032429e-02,1.000000000000000000e+00,1.781322922215930471e-01,3.173833657714060230e-01,1.952105209190540258e-01,-6.966509488444257991e-01,3.733388527168726156e-01,-2.372200649309634535e-02,5.287320114706909324e-01,3.614462261610757454e-01,2.430378160684286970e-01,6.507697108285813714e-01,-2.051850267165465924e-01,2.065520864667768630e-01,2.427686864843172851e-02,1.125553986587323058e-01,6.481529096129263756e-01,1.529289794258177348e-01,5.129573761813337462e-01,3.766041653061449890e-01,2.074742852301836860e-01,6.022769874732577522e-01,-2.490274349357090855e-01,-5.554210740089543519e-01,-3.101561022854579242e-01,-4.503403526254879385e-01,6.038681440382243082e-01,-1.672547694066544854e-01,-5.246811471413833639e-01,3.608205855480198232e-02,5.286802877324588978e-01,6.914047320733970325e-01,-3.336860895621248657e-01,3.269249162293408895e-01,-4.242995736082285640e-01,4.001335879869080125e-01,1.345000210695189435e-01,-3.046089638250155107e-01,7.736087302545141542e-01
9.076207329232253984e-02,1.781322922215930471e-01,1.000000000000000000e+00,1.282169627283283597e-01,7.708908540642007701e-01,-9.094360060607950547e-02,2.189885117765218714e-01,-8.459860768045603940e-01,4.715700018721070141e-01,4.466212137910654523e-01,2.972860608430526463e-01,9.601823394899701436e-02,-3.083037608556850051e-01,4.853181520436768981e-01,-2.180058566327655045e-01,4.396480952546664711e-01,1.072597880343865856e-01,3.131774574534324507e-01,2.165411400742295600e-01,1.151283911510643798e-01,6.224843775048071182e-01,1.442383729467703046e-01,2.960848447988693732e-01,1.087496669476229194e-01,3.000666861460870583e-01,1.554081219538226144e-01,2.272054938388103906e-01,3.048708454465513529e-01,4.490586397186940165e-02,3.476750636786129500e-01,4.744879003886573465e-01,1.372242988726217749e-01,3.278028141830811593e-01,5.891567772871229014e-01,7.744209085826711525e-02,8.605837897004492421e-02,1.059046226023130227e-01,1.489226436290251587e-01,1.889649954375879071e-01
3.880341719138985512e-02,3.173833657714060230e-01,1.282169627283283597e-01,1.000000000000000000e+00,1.324664103384346758e-01,-4.468618916765447757e-01,5.815246712797894624e-01,-1.074913137961703430e-01,2.546187844663187483e-01,2.851448321270363406e-01,4.183700408334969922e-02,3.924778422158089475e-01,2.643937778653790982e-01,-2.336166455593058355e-02,1.306568345183923008e-01,2.131052253623147430e-01,3.408831406944742293e-01,3.500388178503175962e-01,4.542064511670144134e-01,3.483737152924473723e-01,-1.656158017007699768e-01,3.835031506498171594e-01,-2.400563673827124378e-01,-3.809679109995733892e-01,-2.468915525083863194e-01,-3.147477783050758315e-01,2.698308728117754240e-01,-1.159559719184880405e-01,-3.607522307739024492e-01,3.707212724655883918e-02,8.287951095793781586e-02,1.870637775939690273e-01,-2.364072759958079084e-01,2.011631048847568326e-01,-4.522659323386003516e-01,2.928028551486664965e-01,-2.747247939108961035e-01,-1.287082097595407260e-01,4.665440912407292084e-01
2.136553424256732447e-01,1.952105209190540258e-01,7.708908540642007701e-01,1.324664103384346758e-01,1.000000000000000000e+00,-1.364162423441169503e-01,2.306443844211002459e-01,-6.832606614642016130e-01,5.495781831912438520e-01,4.719416137905718123e-01,1.786812674318955796e-01,1.226764657595086488e-01,-2.740533810203404363e-01,5.105351554804155034e-01,-3.568494930633992618e-02,4.969883513779363438e-01,1.580224991678995106e-01,2.479083762479039887e-01,2.052066181001733769e-01,1.297464890459197884e-01,5.487074386132834158e-01,8.188066865214894963e-02,3.493000945685139635e-01,6.530562060708952621e-02,3.232033654801776401e-01,1.428934234523037694e-01,2.326334940239486448e-01,3.072999835072299235e-01,2.368526246939977459e-02,3.914316414851625181e-01,4.292488543583175553e-01,1.837563090078179751e-01,3.255898769219833788e-01,6.582620502449428868e-01,-4.090430181838403123e-02,1.132092714150453594e-01,2.856588384478268156e-02,1.958500232027604315e-01,2.143241872217026278e-01
2.306338207121100825e-01,-6.966509488444257991e-01,-9.094360060607950547e-02,-4.468618916765447757e-01,-1.364162423441169503e-01,1.000000000000000000e+00,-5.018007075104904402e-01,-1.205794093759159080e-01,-3.962091666371632681e-01,-2.784377921826228786e-01,-1.782085389223654337e-01,-7.922009009281153480e-01,1.608642750518422260e-01,-5.125374293477609478e-02,-9.286720456318582617e-02,-8.172421477766080022e-02,-7.251285453599417563e-01,-1.934688827027711000e-01,-7.048558716216287712e-01,-4.237216124257557337e-01,-1.282248922981538697e-01,-6.646160261086770937e-01,4.528966206779172499e-01,7.737915441707993169e-01,5.324758238292420787e-01,6.350653500287458675e-01,-6.721861185444745201e-01,2.907395680081709122e-01,7.333408224004290821e-01,1.421508423376337538e-01,-5.148234381525570447e-01,-6.646684967606623085e-01,5.051672896228679432e-01,-2.428953926347764691e-01,7.526739160376517690e-01,-4.633059032366877439e-01,2.053339181382218548e-01,2.942498015768608144e-01,-8.448354727899050065e-01
-4.602571345972514272e-02,3.733388527168726156e-01,2.189885117765218714e-01,5.815246712797894624e-01,2.306443844211002459e-01,-5.018007075104904402e-01,1.000000000000000000e+00,-1.588841400352237476e-01,3.719926760871108962e-01,4.734493496358435638e-01,8.888332200607310107e-02,3.643193859375376542e-01,-4.882126713618102957e-04,6.004122591775325549e-03,3.447509074519941596e-02,3.043808837862617689e-01,4.648304491554747786e-01,1.761174011700880337e-01,4.694480644706421346e-01,3.678260425163326075e-01,-3.064173220280406312e-02,4.466115277257057259e-01,-2.106242326756247174e-01,-4.220876004685028549e-01,-1.413773801535582464e-01,-3.899226144660557503e-01,3.788426152715922424e-01,-3.321299463360866816e-02,-4.381029658572756502e-01,4.471918865692263434e-02,3.519836579575635338e-01,2.466017327126280578e-01,-1.564165119181104013e-01,3.402612832166433399e-01,-4.697013208875882029e-01,2.128076004220866568e-01,-1.399091104716664868e-01,-2.302825264895076163e-01,5.078992711743024469e-01
-2.396831903544546227e-01,-2.372200649309634535e-02,-8.459860768045603940e-01,-1.074913137961703430e-01,-6.832606614642016130e-01,-1.205794093759159080e-01,-1.588841400352237476e-01,1.000000000000000000e+00,-3.866787125741958375e-01,-4.304154960010209696e-01,-1.903389859324058631e-01,1.492513973972922348e-01,1.247801475029330226e-01,-3.775215229756963553e-01,2.661294161601522879e-01,-4.601836869096710969e-01,5.625978249589917018e-02,-2.353732973096037129e-01,-3.283477185088172490e-02,4.417142055971953751e-02,-4.161756263848954696e-01,4.463787643984414022e-02,-3.674455135473644884e-01,-2.883913666448951196e-01,-4.603395738942348547e-01,-2.549694046545130099e-01,2.386200956855531741e-02,-2.893493817510348065e-01,-2.033844925769651424e-01,-4.246694701264983607e-01,-2.273521401518576179e-01,8.811472670769608662e-02,-3.365439459335737848e-01,-4.551831187927213307e-01,-1.862809300962868231e-01,8.633483498278110568e-02,-4.486595264106942732e-02,-1.771055292853783991e-01,1.326804787763917991e-02
4.421371905729091223e-01,5.287320114706909324e-01,4.715700018721070141e-01,2.546187844663187483e-01,5.495781831912438520e-01,-3.962091666371632681e-01,3.719926760871108962e-01,-3.866787125741958375e-01,1.000000000000000000e+00,6.388196185254314541e-01,8.604619138282754154e-02,2.878516456373409471e-01,-4.431743434989995206e-02,4.987506576363951449e-01,1.513460168716152798e-01,6.228127517786109513e-01,3.635490694467135575e-01,1.609327294737633030e-01,3.039791499151890952e-01,3.866260974480236756e-01,3.568770861491423196e-01,3.131314344928442517e-01,2.982144753658545477e-01,-1.392652180310281762e-01,2.200767388383539358e-01,-6.767862016443962001e-03,3.221955669238724118e-01,3.536482274538292891e-01,-1.792593761529591989e-01,5.919044099063315301e-01,4.709982098770243986e-01,4.415950223248157336e-01,2.146909655501636205e-01,7.197169224973649637e-01,-2.517108373842895097e-01,2.696959701309873392e-01,2.164212741602389301e-02,1.213025019922320952e-01,5.227089442920137552e-01
3.709937722709787389e-01,3.614462261610757454e-01,4.466212137910654523e-01,2.851448321270363406e-01,4.719416137905718123e-01,-2.784377921826228786e-01,4.734493496358435638e-01,-4.304154960010209696e-01,6.388196185254314541e-01,1.000000000000000000e+00,1.012833625820069305e-01,1.673177895530706671e-01,-2.089316600632585771e-02,3.261164836208298445e-01,-1.348532948227235406e-01,7.344283059015234150e-01,3.267624541432367358e-01,1.525195452158331633e-01,3.040871766910241414e-01,4.106744621706268639e-01,2.402661222501178695e-01,3.346857070855981942e-01,2.607984116580198131e-01,-9.075413776840490776e-02,3.749891282588780905e-01,1.447601960859488078e-02,3.345830868451360463e-01,1.916094199023816169e-01,-1.108558565565121445e-01,5.615245844648839579e-01,3.489726714645736139e-01,2.838158434608158420e-01,1.330261237367777738e-01,3.990740508290735455e-01,-2.438260603553214223e-01,1.398368236434200107e-01,-6.306940749501507848e-02,5.989585731695102472e-02,4.149004473146333249e-01
-3.148089836515758355e-01,2.430378160684286970e-01,2.972860608430526463e-01,4.183700408334969922e-02,1.786812674318955796e-01,-1.782085389223654337e-01,8.888332200607310107e-02,-1.903389859324058631e-01,8.604619138282754154e-02,1.012833625820069305e-01,1.000000000000000000e+00,3.982111917514221111e-01,-2.056204146149394618e-01,3.743448772266647073e-01,-1.077241009225430729e-01,-5.003220568391670599e-03,3.077165285474758316e-01,1.742508782908095688e-01,2.513181719221675436e-01,2.565893478858605539e-02,2.762629743529561588e-01,3.169843323698394166e-01,-2.921697564901771724e-02,-1.144422943902385498e-01,-1.565400224404240592e-01,-2.158791157841512542e-01,4.598021917558485216e-01,-1.876330533920181620e-01,-2.208273697305297989e-01,-1.329678198384596777e-01,3.745463444369071526e-01,3.316647737391394957e-01,6.586709037267077238e-02,1.400307498879856949e-01,-1.059483667627595660e-01,2.545384243715544392e-01,2.054578397965841075e-01,-1.997705331427967468e-01,2.868138034835229222e-01
-3.844654235395740804e-01,6.507697108285813714e-01,9.601823394899701436e-02,3.924778422158089475e-01,1.226764657595086488e-01,-7.922009009281153480e-01,3.643193859375376542e-01,1.492513973972922348e-01,2.878516456373409471e-01,1.673177895530706671e-01,3.982111917514221111e-01,1.000000000000000000e+00,-1.818382059064510281e-01,2.376223322960366868e-01,1.924252836576343384e-01,-8.089265437426995664e-03,7.332604274101126585e-01,3.255454972280196757e-01,7.662850520297819212e-01,4.041424682769517718e-01,1.544153271375904579e-01,6.654519264909515286e-01,-3.804901043491524248e-01,-6.798536465645594884e-01,-5.416322999711684627e-01,-5.855924719534952860e-01,8.007539236441245656e-01,-2.961159230654091257e-01,-6.736634197933659696e-01,-2.721744518366809862e-01,5.574521099656596368e-01,7.186566039364061798e-01,-3.511985191248470084e-01,2.287513181088829395e-01,-6.340846233646180163e-01,5.872290454927241443e-01,-1.179080353049743145e-02,-2.430364337578283240e-01,8.168755060732026951e-01
3.340891459365643579e-01,-2.051850267165465924e-01,-3.083037608556850051e-01,2.643937778653790982e-01,-2.740533810203404363e-01,1.608642750518422260e-01,-4.882126713618102957e-04,1.247801475029330226e-01,-4.431743434989995206e-02,-2.089316600632585771e-02,-2.056204146149394618e-01,-1.818382059064510281e-01,1.000000000000000000e+00,-1.544447738772004031e-01,4.023959453615135184e-01,9.120042070179357196e-02,-8.911291667634287095e-02,2.751223472216448029e-01,-4.935399475166875327e-02,1.717742690941360673e-01,-4.303485985587680029e-01,-1.286526007352811196e-01,4.768221403892818760e-02,9.279428632773401020e-02,5.420576997843640221e-02,2.146028590973565464e-01,-3.613549762859249448e-01,1.209391427088019610e-01,2.384078388534064119e-01,1.997156181890300253e-01,-6.285338427129829597e-01,-1.260790745006505620e-01,1.422947743808408716e-02,-2.301761206304371310e-01,3.127142095918725162e-02,9.084928109291513787e-02,-4.086942476236574140e-01,2.225381036875722640e-01,-1.788716055913331382e-01
1.697932219073181315e-01,2.065520864667768630e-01,4.853181520436768981e-01,-2.336166455593058355e-02,5.105351554804155034e-01,-5.125374293477609478e-02,6.004122591775325549e-03,-3.775215229756963553e-01,4.987506576363951449e-01,3.261164836208298445e-01,3.743448772266647073e-01,2.376223322960366868e-01,-1.544447738772004031e-01,1.000000000000000000e+00,9.671075267945081211e-02,4.409619621877793882e-01,1.654964321878959199e-01,2.496180254994121439e-01,1.584648529795889826e-01,1.717852051657012824e-01,4.467732227436051473e-01,4.043018391388043115e-02,5.278922646119712514e-01,2.109829381199993525e-01,2.754637135596512132e-01,1.397546425228854416e-01,3.297835793490437872e-01,3.157472452936844753e-01,-3.074040336599694404e-03,3.458404280200341185e-01,4.269369574997188832e-01,3.448716902681865926e-01,4.700631116645899166e-01,5.103263532736398433e-01,7.410315068024027341e-02,4.499807941041313319e-01,2.544653979133742472e-01,1.699632481895456682e-01,2.179522053033977613e-01
1.477718963649813921e-01,2.427686864843172851e-02,-2.180058566327655045e-01,1.306568345183923008e-01,-3.568494930633992618e-02,-9.286720456318582617e-02,3.447509074519941596e-02,2.661294161601522879e-01,1.513460168716152798e-01,-1.348532948227235406e-01,-1.077241009225430729e-01,1.924252836576343384e-01,4.023959453615135184e-01,9.671075267945081211e-02,1.000000000000000000e+00,-6.103920608104735496e-03,9.034370459394996944e-02,2.672754362734062195e-01,1.487794449542896580e-01,3.091534087167642775e-01,-3.524568232051287359e-02,-1.300920672125650476e-02,7.208250865183499223e-02,-3.604459572164660924e-02,-1.137251654270639567e-01,1.289914706196116922e-01,-1.160227732673786358e-02,2.022229922699528559e-01,8.284037857144385675e-02,7.834093059315254404e-02,-2.222422112197269817e-01,1.916353611701512027e-01,9.165288343008572147e-02,1.615485250914561188e-01,-5.564606584294923969e-02,3.077469511893224929e-01,-1.280523164773364753e-01,2.692577774109609634e-01,5.381517597242040096e-02
4.655059402623913933e-01,1.125553986587323058e-01,4.396480952546664711e-01,2.131052253623147430e-01,4.969883513779363438e-01,-8.172421477766080022e-02,3.043808837862617689e-01,-4.601836869096710969e-01,6.228127517786109513e-01,7.344283059015234150e-01,-5.003220568391670599e-03,-8.089265437426995664e-03,9.120042070179357196e-02,4.409619621877793882e-01,-6.103920608104735496e-03,1.000000000000000000e+00,8.455069773024760649e-02,9.093665106010642707e-02,8.499911248967674526e-02,2.209172635746986246e-01,2.002730884255759514e-01,1.049909339380958040e-01,4.817205027099717984e-01,1.494890439553479000e-01,4.850463408262784548e-01,1.968310591722357006e-01,1.316524414786575947e-01,3.423882917056997321e-01,1.644116298259599637e-02,6.315265778812385600e-01,1.960274957097914439e-01,5.887829957408050735e-02,3.402615447323188991e-01,4.552322654784902722e-01,-1.655522689568396377e-01,1.344529695665687419e-01,-1.587769767152153177e-01,2.185843647496428788e-01,1.776953940642628238e-01
-2.007057937143333637e-01,6.481529096129263756e-01,1.072597880343865856e-01,3.408831406944742293e-01,1.580224991678995106e-01,-7.251285453599417563e-01,4.648304491554747786e-01,5.625978249589917018e-02,3.635490694467135575e-01,3.267624541432367358e-01,3.077165285474758316e-01,7.332604274101126585e-01,-8.911291667634287095e-02,1.654964321878959199e-01,9.034370459394996944e-02,8.455069773024760649e-02,1.000000000000000000e+00,3.173080437408694610e-01,6.888780251367216945e-01,4.630735875385729172e-01,9.801904894351387565e-02,6.155003706719401890e-01,-2.990649435397034761e-01,-6.439478870880033234e-01,-3.989433713819635630e-01,-4.789893044718377957e-01,6.374284902080488147e-01,-2.016295211398955178e-01,-5.325453226789620409e-01,-1.153904749648605732e-01,4.758372759784182393e-01,6.834316357209052617e-01,-2.921122399482294352e-01,2.408016853192783691e-01,-5.762044824512103647e-01,5.259784682924529831e-01,-8.370998899387568914e-02,-1.783433290834600948e-01,7.353800283902303114e-01
-5.322983213319058826e-02,1.529289794258177348e-01,3.131774574534324507e-01,3.500388178503175962e-01,2.479083762479039887e-01,-1.934688827027711000e-01,1.761174011700880337e-01,-2.353732973096037129e-01,1.609327294737633030e-01,1.525195452158331633e-01,1.742508782908095688e-01,3.255454972280196757e-01,2.751223472216448029e-01,2.496180254994121439e-01,2.672754362734062195e-01,9.093665106010642707e-02,3.173080437408694610e-01,1.000000000000000000e+00,5.870845342172599235e-01,4.337192184643875459e-01,2.725993236070349823e-01,1.873656438897309262e-01,1.123582361963077446e-02,-1.273837177656778619e-01,-1.373809334392080972e-01,1.869867441807185338e-01,1.615436493694804854e-01,2.033954474149617386e-01,1.200372721402446496e-01,1.121933361810014823e-01,2.488928806766470617e-02,3.860006278986496953e-01,4.935910070271835870e-02,1.186266007391838240e-01,9.248424707105446993e-03,4.401486250118160637e-01,-1.080063236561859957e-01,3.304855919954585164e-01,2.374452770730336171e-01
-3.491924339598928007e-01,5.129573761813337462e-01,2.165411400742295600e-01,4.542064511670144134e-01,2.052066181001733769e-01,-7.048558716216287712e-01,4.694480644706421346e-01,-3.283477185088172490e-02,3.039791499151890952e-01,3.040871766910241414e-01,2.513181719221675436e-01,7.662850520297819212e-01,-4.935399475166875327e-02,1.584648529795889826e-01,1.487794449542896580e-01,8.499911248967674526e-02,6.888780251367216945e-01,5.870845342172599235e-01,1.000000000000000000e+00,4.520893464098736381e-01,1.827356186243224989e-01,5.512613193287974056e-01,-3.121254564918063412e-01,-6.088700441102871119e-01,-3.968792435015512932e-01,-3.921468465415800519e-01,6.079500531302240995e-01,-1.521316517203320506e-01,-4.755820679960818254e-01,-1.236418753963583333e-01,4.541768714956138098e-01,6.344811930409306466e-01,-3.321557924863016154e-01,2.147756757951686801e-01,-5.278863391312637043e-01,4.876119012125113006e-01,-6.839418253599108266e-02,-1.194326981086659030e-02,7.328815639967397599e-01
1.598770143060722071e-01,3.766041653061449890e-01,1.151283911510643798e-01,3.483737152924473723e-01,1.297464890459197884e-01,-4.237216124257557337e-01,3.678260425163326075e-01,4.417142055971953751e-02,3.866260974480236756e-01,4.106744621706268639e-01,2.565893478858605539e-02,4.041424682769517718e-01,1.717742690941360673e-01,1.717852051657012824e-01,3.091534087167642775e-01,2.209172635746986246e-01,4.630735875385729172e-01,4.337192184643875459e-01,4.520893464098736381e-01,1.000000000000000000e+00,1.767231911956861634e-01,4.345149896427717429e-01,-1.127113362385088191e-01,-3.747416314197847265e-01,-1.123420837323973326e-01,-1.195748863871074347e-01,3.190453908769018132e-01,1.515551217526426575e-01,-1.681186388455464809e-01,2.519694275870562605e-01,1.449240327986064947e-01,4.824401942674141353e-01,4.489961085950197606e-02,2.268495188160043197e-01,-3.107053950418049437e-01,3.872864673889513942e-01,-8.635789726293642554e-02,2.071503704271375826e-02,4.569144346076183250e-01
-2.167736706760636442e-02,2.074742852301836860e-01,6.224843775048071182e-01,-1.656158017007699768e-01,5.487074386132834158e-01,-1.282248922981538697e-01,-3.064173220280406312e-02,-4.161756263848954696e-01,3.568770861491423196e-01,2.402661222501178695e-01,2.762629743529561588e-01,1.544153271375904579e-01,-4.303485985587680029e-01,4.467732227436051473e-01,-3.524568232051287359e-02,2.002730884255759514e-01,9.801904894351387565e-02,2.725993236070349823e-01,1.827356186243224989e-01,1.767231911956861634e-01,1.000000000000000000e+00,1.491105262349047555e-01,2.766442698931964594e-01,2.499373751529288673e-02,1.054915454247386947e-01,2.446322023224153097e-01,2.858713600238408925e-01,3.137826134771725672e-01,9.133149513978015832e-02,2.517822591964599677e-01,4.717637503641161634e-01,3.418874251204703785e-01,2.570311649339214188e-01,4.261730252701479427e-01,1.937531626363428738e-01,2.113976449915326017e-01,2.533188305691531639e-01,2.140169159986034519e-01,1.716876130741709916e-01
-2.054954087630360693e-01,6.022769874732577522e-01,1.442383729467703046e-01,3.835031506498171594e-01,8.188066865214894963e-02,-6.646160261086770937e-01,4.466115277257057259e-01,4.463787643984414022e-02,3.131314344928442517e-01,3.346857070855981942e-01,3.169843323698394166e-01,6.654519264909515286e-01,-1.286526007352811196e-01,4.043018391388043115e-02,-1.300920672125650476e-02,1.049909339380958040e-01,6.155003706719401890e-01,1.873656438897309262e-01,5.512613193287974056e-01,4.345149896427717429e-01,1.491105262349047555e-01,1.000000000000000000e+00,-3.702033198178829032e-01,-6.283870067055848940e-01,-4.174797237696254437e-01,-4.607040332720353515e-01,6.994619445263672297e-01,-1.685905419417987050e-01,-5.432509254898212347e-01,-1.314474258859455180e-01,4.821057774787644301e-01,5.601776780440561598e-01,-2.934881795874504928e-01,1.940493063708033650e-01,-5.276233162455753467e-01,3.460825954641340574e-01,-6.878670973202455352e-02,-2.592056940198577686e-01,6.899402254263277134e-01
4.398017154094001069e-01,-2.490274349357090855e-01,2.960848447988693732e-01,-2.400563673827124378e-01,3.493000945685139635e-01,4.528966206779172499e-01,-2.106242326756247174e-01,-3.674455135473644884e-01,2.982144753658545477e-01,2.607984116580198131e-01,-2.921697564901771724e-02,-3.804901043491524248e-01,4.768221403892818760e-02,5.278922646119712514e-01,7.208250865183499223e-02,4.817205027099717984e-01,-2.990649435397034761e-01,1.123582361963077446e-02,-3.121254564918063412e-01,-1.127113362385088191e-01,2.766442698931964594e-01,-3.702033198178829032e-01,1.000000000000000000e+00,6.529171359502959904e-01,6.689827893258479818e-01,6.246346453807051224e-01,-1.872953748416116004e-01,5.324462574506308998e-01,4.991365250075264215e-01,5.727616933187382742e-01,-2.818123152857555588e-02,-1.282122802264317463e-01,6.777319637976645383e-01,2.900289744988585605e-01,4.563921925304658678e-01,4.796876135018806296e-03,1.941092531603863802e-01,5.218114987508485347e-01,-3.259752587993091089e-01
3.430087450941423088e-01,-5.554210740089543519e-01,1.087496669476229194e-01,-3.809679109995733892e-01,6.530562060708952621e-02,7.737915441707993169e-01,-4.220876004685028549e-01,-2.883913666448951196e-01,-1.392652180310281762e-01,-9.075413776840490776e-02,-1.144422943902385498e-01,-6.798536465645594884e-01,9.279428632773401020e-02,2.109829381199993525e-01,-3.604459572164660924e-02,1.494890439553479000e-01,-6.439478870880033234e-01,-1.273837177656778619e-01,-6.088700441102871119e-01,-3.747416314197847265e-01,2.499373751529288673e-02,-6.283870067055848940e-01,6.529171359502959904e-01,1.000000000000000000e+00,6.784143306452747879e-01,6.608448860253489654e-01,-5.465162741700545501e-01,3.579494135649516351e-01,6.691929993801747356e-01,2.892696377659433327e-01,-3.819393063630001084e-01,-5.317486916181698442e-01,5.902399379246414668e-01,-2.987844179244152770e-02,6.930753989291255079e-01,-2.733043221403071432e-01,2.093454820448285847e-01,4.111687065165904320e-01,-6.857653364056465195e-01
5.315484704862917242e-01,-3.101561022854579242e-01,3.000666861460870583e-01,-2.468915525083863194e-01,3.232033654801776401e-01,5.324758238292420787e-01,-1.413773801535582464e-01,-4.603395738942348547e-01,2.200767388383539358e-01,3.749891282588780905e-01,-1.565400224404240592e-01,-5.416322999711684627e-01,5.420576997843640221e-02,2.754637135596512132e-01,-1.137251654270639567e-01,4.850463408262784548e-01,-3.989433713819635630e-01,-1.373809334392080972e-01,-3.968792435015512932e-01,-1.123420837323973326e-01,1.054915454247386947e-01,-4.174797237696254437e-01,6.689827893258479818e-01,6.784143306452747879e-01,1.000000000000000000e+00,5.294591924783712544e-01,-3.617968295004893586e-01,4.042762572537206833e-01,5.064962494079384703e-01,5.619196830391756103e-01,-1.805881088082851305e-01,-3.646694612571949046e-01,5.780880355090430855e-01,1.744788888881444455e-01,4.129093636615617235e-01,-3.111353367565153349e-01,1.457256813417575070e-01,3.842940775710445567e-01,-3.872621680250961651e-01
4.370492247589428114e-01,-4.503403526254879385e-01,1.554081219538226144e-01,-3.147477783050758315e-01,1.428934234523037694e-01,6.350653500287458675e-01,-3.899226144660557503e-01,-2.549694046545130099e-01,-6.767862016443962001e-03,1.447601960859488078e-02,-2.158791157841512542e-01,-5.855924719534952860e-01,2.146028590973565464e-01,1.397546425228854416e-01,1.289914706196116922e-01,1.968310591722357006e-01,-4.789893044718377957e-01,1.869867441807185338e-01,-3.921468465415800519e-01,-1.195748863871074347e-01,2.446322023224153097e-01,-4.607040332720353515e-01,6.246346453807051224e-01,6.608448860253489654e-01,5.294591924783712544e-01,1.000000000000000000e+00,-4.621912548072617533e-01,6.227528636523180783e-01,8.519920390614120764e-01,4.294638123637617433e-01,-3.807245029040357553e-01,-2.317132914986698711e-01,5.863713409644784047e-01,3.942550961429615135e-03,7.132822210360617587e-01,-1.997083754813286371e-01,6.938339652240664568e-02,7.331174717719657341e-01,-5.585996069059744329e-01
-3.352550812106415146e-01,6.038681440382243082e-01,2.272054938388103906e-01,2.698308728117754240e-01,2.326334940239486448e-01,-6.721861185444745201e-01,3.788426152715922424e-01,2.386200956855531741e-02,3.221955669238724118e-01,3.345830868451360463e-01,4.598021917558485216e-01,8.007539236441245656e-01,-3.613549762859249448e-01,3.297835793490437872e-01,-1.160227732673786358e-02,1.316524414786575947e-01,6.374284902080488147e-01,1.615436493694804854e-01,6.079500531302240995e-01,3.190453908769018132e-01,2.858713600238408925e-01,6.994619445263672297e-01,-1.872953748416116004e-01,-5.465162741700545501e-01,-3.617968295004893586e-01,-4.621912548072617533e-01,1.000000000000000000e+00,-2.211755323426553566e-01,-5.982333409677952352e-01,-1.803535754488982679e-01,6.944727844232138070e-01,6.958099823864599687e-01,-1.958585826179018996e-01,2.738720297037398610e-01,-5.036011319164324096e-01,4.745085720399555007e-01,1.183140473277940891e-01,-2.148413826164835005e-01,7.527667299363672848e-01
4.248434009802347089e-01,-1.672547694066544854e-01,3.048708454465513529e-01,-1.159559719184880405e-01,3.072999835072299235e-01,2.907395680081709122e-01,-3.321299463360866816e-02,-2.893493817510348065e-01,3.536482274538292891e-01,1.916094199023816169e-01,-1.876330533920181620e-01,-2.961159230654091257e-01,1.209391427088019610e-01,3.157472452936844753e-01,2.022229922699528559e-01,3.423882917056997321e-01,-2.016295211398955178e-01,2.033954474149617386e-01,-1.521316517203320506e-01,1.515551217526426575e-01,3.137826134771725672e-01,-1.685905419417987050e-01,5.324462574506308998e-01,3.579494135649516351e-01,4.042762572537206833e-01,6.227528636523180783e-01,-2.211755323426553566e-01,1.000000000000000000e+00,4.823802155000145864e-01,4.770917249591936637e-01,2.186489177173818466e-02,-3.225782945866455947e-02,6.377972166425344147e-01,4.691597848439196805e-01,4.324675878839255305e-01,2.913001369293031009e-02,5.262614933256164196e-02,5.429394708657405699e-01,-1.960877904999820120e-01
4.065262582384163159e-01,-5.246811471413833639e-01,4.490586397186940165e-02,-3.607522307739024492e-01,2.368526246939977459e-02,7.333408224004290821e-01,-4.381029658572756502e-01,-2.033844925769651424e-01,-1.792593761529591989e-01,-1.108558565565121445e-01,-2.208273697305297989e-01,-6.736634197933659696e-01,2.384078388534064119e-01,-3.074040336599694404e-03,8.284037857144385675e-02,1.644116298259599637e-02,-5.325453226789620409e-01,1.200372721402446496e-01,-4.755820679960818254e-01,-1.681186388455464809e-01,9.133149513978015832e-02,-5.432509254898212347e-01,4.991365250075264215e-01,6.691929993801747356e-01,5.064962494079384703e-01,8.519920390614120764e-01,-5.982333409677952352e-01,4.823802155000145864e-01,1.000000000000000000e+00,3.290584240090578816e-01,-5.309031614394935650e-01,-3.511523045656164133e-01,5.228810847119855776e-01,-1.627818333132987072e-01,7.490254275695896746e-01,-3.595387957744111684e-01,9.530526041443602991e-02,6.113970836212125892e-01,-6.775767685547796626e-01
6.617000029319954901e-01,3.608205855480198232e-02,3.476750636786129500e-01,3.707212724655883918e-02,3.914316414851625181e-01,1.421508423376337538e-01,4.471918865692263434e-02,-4.246694701264983607e-01,5.919044099063315301e-01,5.615245844648839579e-01,-1.329678198384596777e-01,-2.721744518366809862e-01,1.997156181890300253e-01,3.458404280200341185e-01,7.834093059315254404e-02,6.315265778812385600e-01,-1.153904749648605732e-01,1.121933361810014823e-01,-1.236418753963583333e-01,2.519694275870562605e-01,2.517822591964599677e-01,-1.314474258859455180e-01,5.727616933187382742e-01,2.892696377659433327e-01,5.619196830391756103e-01,4.294638123637617433e-01,-1.803535754488982679e-01,4.770917249591936637e-01,3.290584240090578816e-01,1.000000000000000000e+00,-3.971919332924354201e-02,1.759250304289916231e-02,4.253470309011135875e-01,3.279828048423036879e-01,1.542314660268378768e-01,-3.621741777274497393e-02,-1.215543403831270686e-02,3.126971005982114304e-01,-5.145565208644142796e-02
-3.029104259441385283e-01,5.286802877324588978e-01,4.744879003886573465e-01,8.287951095793781586e-02,4.292488543583175553e-01,-5.148234381525570447e-01,3.519836579575635338e-01,-2.273521401518576179e-01,4.709982098770243986e-01,3.489726714645736139e-01,3.745463444369071526e-01,5.574521099656596368e-01,-6.285338427129829597e-01,4.269369574997188832e-01,-2.222422112197269817e-01,1.960274957097914439e-01,4.758372759784182393e-01,2.488928806766470617e-02,4.541768714956138098e-01,1.449240327986064947e-01,4.717637503641161634e-01,4.821057774787644301e-01,-2.818123152857555588e-02,-3.819393063630001084e-01,-1.805881088082851305e-01,-3.807245029040357553e-01,6.944727844232138070e-01,2.186489177173818466e-02,-5.309031614394935650e-01,-3.971919332924354201e-02,1.000000000000000000e+00,4.892540547684908758e-01,-2.616357116624129509e-02,5.765656480768192038e-01,-3.057460260798234852e-01,2.920053743414283698e-01,3.039646803228960859e-01,-2.435418470519810363e-01,6.132229454038863325e-01
-1.085257991590284771e-01,6.914047320733970325e-01,1.372242988726217749e-01,1.870637775939690273e-01,1.837563090078179751e-01,-6.646684967606623085e-01,2.466017327126280578e-01,8.811472670769608662e-02,4.415950223248157336e-01,2.838158434608158420e-01,3.316647737391394957e-01,7.186566039364061798e-01,-1.260790745006505620e-01,3.448716902681865926e-01,1.916353611701512027e-01,5.887829957408050735e-02,6.834316357209052617e-01,3.860006278986496953e-01,6.344811930409306466e-01,4.824401942674141353e-01,3.418874251204703785e-01,5.601776780440561598e-01,-1.282122802264317463e-01,-5.317486916181698442e-01,-3.646694612571949046e-01,-2.317132914986698711e-01,6.958099823864599687e-01,-3.225782945866455947e-02,-3.511523045656164133e-01,1.759250304289916231e-02,4.892540547684908758e-01,1.000000000000000000e+00,-2.010978011685877476e-01,2.451447592118976282e-01,-3.596709192910758635e-01,5.333011619036360784e-01,7.914052653663146419e-02,2.453641581630276042e-02,7.271881644274987844e-01
3.632072515942953994e-01,-3.336860895621248657e-01,3.278028141830811593e-01,-2.364072759958079084e-01,3.255898769219833788e-01,5.051672896228679432e-01,-1.564165119181104013e-01,-3.365439459335737848e-01,2.146909655501636205e-01,1.330261237367777738e-01,6.586709037267077238e-02,-3.511985191248470084e-01,1.422947743808408716e-02,4.700631116645899166e-01,9.165288343008572147e-02,3.402615447323188991e-01,-2.921122399482294352e-01,4.935910070271835870e-02,-3.321557924863016154e-01,4.489961085950197606e-02,2.570311649339214188e-01,-2.934881795874504928e-01,6.777319637976645383e-01,5.902399379246414668e-01,5.780880355090430855e-01,5.863713409644784047e-01,-1.958585826179018996e-01,6.377972166425344147e-01,5.228810847119855776e-01,4.253470309011135875e-01,-2.616357116624129509e-02,-2.010978011685877476e-01,1.000000000000000000e+00,3.629944670034687682e-01,4.714463238115216281e-01,9.170079154751254596e-03,2.144713757304552715e-01,4.539429346317757075e-01,-3.574759187669218630e-01
2.101727345386411316e-01,3.269249162293408895e-01,5.891567772871229014e-01,2.011631048847568326e-01,6.582620502449428868e-01,-2.428953926347764691e-01,3.402612832166433399e-01,-4.551831187927213307e-01,7.197169224973649637e-01,3.990740508290735455e-01,1.400307498879856949e-01,2.287513181088829395e-01,-2.301761206304371310e-01,5.103263532736398433e-01,1.615485250914561188e-01,4.552322654784902722e-01,2.408016853192783691e-01,1.186266007391838240e-01,2.147756757951686801e-01,2.268495188160043197e-01,4.261730252701479427e-01,1.940493063708033650e-01,2.900289744988585605e-01,-2.987844179244152770e-02,1.744788888881444455e-01,3.942550961429615135e-03,2.738720297037398610e-01,4.691597848439196805e-01,-1.627818333132987072e-01,3.279828048423036879e-01,5.765656480768192038e-01,2.451447592118976282e-01,3.629944670034687682e-01,1.000000000000000000e+00,-1.032748641366025566e-01,2.406364072840225521e-01,7.798465114713720725e-02,8.903652046851096014e-02,3.649829960497282810e-01
2.201195599467058728e-01,-4.242995736082285640e-01,7.744209085826711525e-02,-4.522659323386003516e-01,-4.090430181838403123e-02,7.526739160376517690e-01,-4.697013208875882029e-01,-1.862809300962868231e-01,-2.517108373842895097e-01,-2.438260603553214223e-01,-1.059483667627595660e-01,-6.340846233646180163e-01,3.127142095918725162e-02,7.410315068024027341e-02,-5.564606584294923969e-02,-1.655522689568396377e-01,-5.762044824512103647e-01,9.248424707105446993e-03,-5.278863391312637043e-01,-3.107053950418049437e-01,1.937531626363428738e-01,-5.276233162455753467e-01,4.563921925304658678e-01,6.930753989291255079e-01,4.129093636615617235e-01,7.132822210360617587e-01,-5.036011319164324096e-01,4.324675878839255305e-01,7.490254275695896746e-01,1.542314660268378768e-01,-3.057460260798234852e-01,-3.596709192910758635e-01,4.714463238115216281e-01,-1.032748641366025566e-01,1.000000000000000000e+00,-2.814721136483425701e-01,3.737920373314054800e-01,3.769407019139734971e-01,-6.580284990952401936e-01
-1.124367349879059064e-01,4.001335879869080125e-01,8.605837897004492421e-02,2.928028551486664965e-01,1.132092714150453594e-01,-4.633059032366877439e-01,2.128076004220866568e-01,8.633483498278110568e-02,2.696959701309873392e-01,1.398368236434200107e-01,2.545384243715544392e-01,5.872290454927241443e-01,9.084928109291513787e-02,4.499807941041313319e-01,3.077469511893224929e-01,1.344529695665687419e-01,5.259784682924529831e-01,4.401486250118160637e-01,4.876119012125113006e-01,3.872864673889513942e-01,2.113976449915326017e-01,3.460825954641340574e-01,4.796876135018806296e-03,-2.733043221403071432e-01,-3.111353367565153349e-01,-1.997083754813286371e-01,4.745085720399555007e-01,2.913001369293031009e-02,-3.595387957744111684e-01,-3.621741777274497393e-02,2.920053743414283698e-01,5.333011619036360784e-01,9.170079154751254596e-03,2.406364072840225521e-01,-2.814721136483425701e-01,1.000000000000000000e+00,-7.192306311945191599e-02,-1.331725853171140082e-02,4.697996223857780485e-01
-1.375824593286079922e-01,1.345000210695189435e-01,1.059046226023130227e-01,-2.747247939108961035e-01,2.856588384478268156e-02,2.053339181382218548e-01,-1.399091104716664868e-01,-4.486595264106942732e-02,2.164212741602389301e-02,-6.306940749501507848e-02,2.054578397965841075e-01,-1.179080353049743145e-02,-4.086942476236574140e-01,2.544653979133742472e-01,-1.280523164773364753e-01,-1.587769767152153177e-01,-8.370998899387568914e-02,-1.080063236561859957e-01,-6.839418253599108266e-02,-8.635789726293642554e-02,2.533188305691531639e-01,-6.878670973202455352e-02,1.941092531603863802e-01,2.093454820448285847e-01,1.457256813417575070e-01,6.938339652240664568e-02,1.183140473277940891e-01,5.262614933256164196e-02,9.530526041443602991e-02,-1.215543403831270686e-02,3.039646803228960859e-01,7.914052653663146419e-02,2.144713757304552715e-01,7.798465114713720725e-02,3.737920373314054800e-01,-7.192306311945191599e-02,1.000000000000000000e+00,-4.362010507701588602e-02,-2.943594812099083885e-02
2.666301445894189159e-01,-3.046089638250155107e-01,1.489226436290251587e-01,-1.287082097595407260e-01,1.958500232027604315e-01,2.942498015768608144e-01,-2.302825264895076163e-01,-1.771055292853783991e-01,1.213025019922320952e-01,5.989585731695102472e-02,-1.997705331427967468e-01,-2.430364337578283240e-01,2.225381036875722640e-01,1.699632481895456682e-01,2.692577774109609634e-01,2.185843647496428788e-01,-1.783433290834600948e-01,3.304855919954585164e-01,-1.194326981086659030e-02,2.071503704271375826e-02,2.140169159986034519e-01,-2.592056940198577686e-01,5.218114987508485347e-01,4.111687065165904320e-01,3.842940775710445567e-01,7.331174717719657341e-01,-2.148413826164835005e-01,5.429394708657405699e-01,6.113970836212125892e-01,3.126971005982114304e-01,-2.435418470519810363e-01,2.453641581630276042e-02,4.539429346317757075e-01,8.903652046851096014e-02,3.769407019139734971e-01,-1.331725853171140082e-02,-4.362010507701588602e-02,1.000000000000000000e+00,-2.286606676899512469e-01
-1.476305383356509293e-01,7.736087302545141542e-01,1.889649954375879071e-01,4.665440912407292084e-01,2.143241872217026278e-01,-8.448354727899050065e-01,5.078992711743024469e-01,1.326804787763917991e-02,5.227089442920137552e-01,4.149004473146333249e-01,2.868138034835229222e-01,8.168755060732026951e-01,-1.788716055913331382e-01,2.179522053033977613e-01,5.381517597242040096e-02,1.776953940642628238e-01,7.353800283902303114e-01,2.374452770730336171e-01,7.328815639967397599e-01,4.569144346076183250e-01,1.716876130741709916e-01,6.899402254263277134e-01,-3.259752587993091089e-01,-6.857653364056465195e-01,-3.872621680250961651e-01,-5.585996069059744329e-01,7.527667299363672848e-01,-1.960877904999820120e-01,-6.775767685547796626e-01,-5.145565208644142796e-02,6.132229454038863325e-01,7.271881644274987844e-01,-3.574759187669218630e-01,3.649829960497282810e-01,-6.580284990952401936e-01,4.697996223857780485e-01,-2.943594812099083885e-02,-2.286606676899512469e-01,1.000000000000000000e+00
