1.000000000000000000e+00,4.391167643964147271e-01,-1.619177374731200769e-01,-5.480788898749022059e-02,-2.051232615318882013e-02,-1.008876366221573562e-01,-1.395276960415504086e-01,1.735862511531747199e-01,2.591338666817780134e-01,4.263240384375607261e-01,8.426292129074640369e-02,-1.493572830410503649e-01,1.701434611111551365e-01,8.253682682478116761e-02,-9.455962387041437142e-03,2.847905028011787354e-01,5.117968583250715603e-02,-1.415700703369664470e-01,-2.107392264235040114e-01,-1.064850477744559848e-01,-1.053048254557756025e-01,-1.305986681127954130e-01,1.724495889920847624e-01,-6.955155938562024298e-02,2.439896838306260807e-01,2.548093835655016459e-01,-1.411139250617395868e-01,-7.793575459594091759e-02,-3.721470294452633443e-02,3.948794135947238382e-01,-1.890435577554339108e-01,-1.362687492817731827e-01,-4.118065052756501865e-02,-2.789405823468442402e-02,-1.877741724674290014e-01,1.303225177146081493e-01,-2.246420294610103896e-01,5.707983446968841745e-01,-1.888642464825776579e-02
4.391167643964147271e-01,1.000000000000000000e+00,-9.573031998249646735e-02,1.276096007416773793e-02,-2.912536720571959337e-02,-9.748622198245855686e-02,6.323056521541892128e-02,6.867084749014673584e-02,2.221606862841382923e-01,2.817367678579117407e-01,1.623785849697169659e-01,6.531372834478013645e-02,-3.452012025280588592e-01,1.753486105682236229e-01,-2.556935648434678354e-01,1.839446942286314945e-01,8.552094675147500769e-02,-2.116744794254903916e-01,-7.149905785065940877e-02,-1.560387539186947337e-01,-3.086327060294570199e-02,-5.389161001233661041e-02,3.445344127006802482e-01,7.754392831495750260e-02,-2.543089979660705102e-02,-1.942424597830204880e-01,4.532034322922950387e-01,-1.414084542642855824e-01,-3.071744197143366772e-01,1.236153761132350037e-01,2.751652942056494466e-01,5.325738838786177043e-01,-4.037695716938495549e-02,-6.517678881071373165e-02,-2.479099781900053479e-01,3.709320867286376999e-01,1.542230696146159319e-01,1.526575603989930030e-01,2.930208803061334355e-01
-1.619177374731200769e-01,-9.573031998249646735e-02,1.000000000000000000e+00,7.098866846467777325e-01,8.281927692236270566e-01,-4.404710944315828325e-01,8.089632177539035629e-01,-9.161843335141758304e-01,2.571606666220003778e-01,4.086556629558645848e-01,-5.927059316561558155e-01,6.913322992729329375e-01,-1.737496018243370188e-01,-2.154930612769185572e-01,6.947483668598972706e-01,5.662915608921292865e-01,-5.808399120167120344e-01,7.745014179247751152e-01,8.470149805364174389e-01,7.227794184134390676e-01,8.518066146641334324e-01,7.884597322983253331e-01,-3.850209412201663906e-01,1.721230567158893443e-01,-6.678952783237830648e-02,8.302935045602238828e-02,1.794668729944790542e-01,8.298954924095852670e-01,5.724539808858930545e-01,3.641832384029371483e-01,7.069293220100336672e-01,1.864625510197629732e-01,8.565393255028858066e-01,8.340728836771219568e-01,4.734697790866257416e-01,1.972859531125740751e-01,5.818687255297309013e-01,-6.508332152410320481e-02,3.234179652928227400e-01
-5.480788898749022059e-02,1.276096007416773793e-02,7.098866846467777325e-01,1.000000000000000000e+00,5.417805061988628657e-01,-2.465755188878848980e-01,8.276468632242350854e-01,-6.093631508760661841e-01,5.250462746328493635e-02,3.965920389582286432e-01,-6.124111707949125849e-01,7.014910442241057975e-01,-2.675172226035699846e-02,-3.752570535384047723e-01,6.955378657945366916e-01,5.238235294166473377e-01,-6.373564526766299920e-01,7.393420455729480256e-01,6.152492882713609390e-01,8.243267752021051775e-01,6.787766334557391312e-01,7.847463024957757050e-01,-5.581763444706175914e-01,1.692003568797263117e-04,-1.561556195187776552e-01,-1.017648598891725542e-01,8.508251514981406138e-02,7.424503267958342256e-01,6.157222505950801228e-01,4.297202156602883405e-01,5.367540038338700636e-01,6.068584286013280898e-02,7.067905706858377268e-01,7.456961771035853781e-01,4.933051604161408643e-01,2.938763457046527638e-01,4.964152894646519654e-01,-1.016886251717958878e-01,2.794695683073333825e-01
-2.051232615318882013e-02,-2.912536720571959337e-02,8.281927692236270566e-01,5.417805061988628657e-01,1.000000000000000000e+00,-4.671260374111649294e-01,6.518280845102056853e-01,-8.554629118897736362e-01,4.959734683136168276e-01,3.666873166433292086e-01,-3.295729444689143306e-01,5.279292646550214352e-01,-1.560399751650186351e-01,1.351013905827536804e-02,5.094970219124554944e-01,4.963204196632977627e-01,-3.724151401640570791e-01,6.013942549341521060e-01,7.416840979018965996e-01,4.721913213426391920e-01,7.275489179777137050e-01,5.796480739302902752e-01,-1.289084771781209837e-01,1.234197740731580589e-01,1.095134909911920779e-01,1.439293537562520708e-01,2.737470191272295406e-01,6.067155951345635234e-01,3.432761945873679665e-01,3.499994392368012686e-01,6.422063162868004715e-01,1.874123441002056578e-01,7.123588837720226108e-01,7.232841453591573044e-01,2.439016871439133871e-01,2.177752619793337507e-01,3.831807567656640434e-01,1.788661212065955075e-01,4.722855942581939415e-01
-1.008876366221573562e-01,-9.748622198245855686e-02,-4.404710944315828325e-01,-2.465755188878848980e-01,-4.671260374111649294e-01,1.000000000000000000e+00,-3.959030660587194439e-01,4.589368002038919370e-01,-2.437463281155218264e-01,-3.056672753795222075e-01,2.413350725532221186e-01,-3.440282926078830905e-01,-1.009769139936500526e-01,7.436039936765552472e-02,-3.056885254235660598e-01,-3.874835042159544551e-01,3.249583066299934764e-01,-3.813931818256344752e-01,-5.104745293150403374e-01,-2.448433854704859247e-01,-5.160457374762853489e-01,-2.828218627606932656e-01,1.514264067331861086e-01,1.475217429748044429e-01,8.086825026560671981e-02,-2.439751310314186017e-01,-1.863732615872338849e-01,-4.187000355530068885e-01,7.674749623615686675e-03,-1.622450116739732051e-01,-3.043601925969943167e-01,1.120274707848635705e-02,-4.013775718253828617e-01,-4.601457381948253489e-01,1.419944495239691129e-01,-1.818425588427469153e-01,-2.364137463276459183e-01,-2.300692832595691573e-01,-2.532610236905515344e-01
-1.395276960415504086e-01,6.323056521541892128e-02,8.089632177539035629e-01,8.276468632242350854e-01,6.518280845102056853e-01,-3.959030660587194439e-01,1.000000000000000000e+00,-7.372763112047372447e-01,1.068505796654232592e-01,3.457262347148787329e-01,-5.794540111153381190e-01,7.039698171637630564e-01,-1.941453529114972043e-01,-3.191823096069207888e-01,6.607395465432198689e-01,4.697391619484991288e-01,-5.899924641393045066e-01,7.309183830038746832e-01,7.453543032297740289e-01,7.817148037981171971e-01,8.006575255388617141e-01,8.244552192630845155e-01,-4.946552513225417336e-01,4.699498738029091183e-02,-2.596161552850486109e-01,-5.179753122468864351e-02,2.768710626126789642e-01,7.955207860636437367e-01,5.579022462722756925e-01,3.866954854761033289e-01,7.104593417822897550e-01,2.283694320856325954e-01,7.882579606552130302e-01,7.659592963884216399e-01,5.050858213626353566e-01,2.753335458014941617e-01,6.289016909941210765e-01,-1.073149750912141820e-01,3.277186936641398596e-01
1.735862511531747199e-01,6.867084749014673584e-02,-9.161843335141758304e-01,-6.093631508760661841e-01,-8.554629118897736362e-01,4.589368002038919370e-01,-7.372763112047372447e-01,1.000000000000000000e+00,-4.128240836331545371e-01,-3.923597507036941101e-01,4.227846308461215008e-01,-5.681476089196472179e-01,2.165160187311586659e-01,3.311954858273534474e-02,-5.612178080597167718e-01,-5.454652202653953452e-01,4.225508020033773016e-01,-6.628085513063769474e-01,-8.207901455330269824e-01,-5.591878575540299989e-01,-8.371143451577357508e-01,-6.477658874770573227e-01,2.151378085448748811e-01,-2.373648303182970543e-01,-2.740834512105458712e-02,-1.688042815842030753e-01,-3.042204413735040691e-01,-7.330221228547995072e-01,-4.228936108008508055e-01,-3.530858974361738012e-01,-7.328344366656279751e-01,-2.473399110684429969e-01,-7.621087474865712030e-01,-7.526882718767418101e-01,-3.315871014353727331e-01,-1.957207912523875326e-01,-5.395723934846025083e-01,-2.206106125689541106e-02,-3.688534785351645917e-01
2.591338666817780134e-01,2.221606862841382923e-01,2.571606666220003778e-01,5.250462746328493635e-02,4.959734683136168276e-01,-2.437463281155218264e-01,1.068505796654232592e-01,-4.128240836331545371e-01,1.000000000000000000e+00,3.774377097744953113e-01,3.006315559906029278e-01,-3.284309325523050802e-03,-1.805375410746061227e-01,5.031568200032199289e-01,-1.754347069318484831e-02,3.870430134090994678e-01,2.157778143140315075e-01,4.696798234596693405e-02,2.518495775440757201e-01,-1.773921933623878733e-01,3.043862114111716699e-01,-5.650010642957482149e-02,5.086778566032241766e-01,2.708947406956982440e-01,4.351027206105258505e-01,4.035178313146207119e-01,4.894293385965002852e-01,6.517823534657778140e-02,-2.110675751631568287e-01,3.454062450392926253e-01,4.098688350898400667e-01,2.689358651679434331e-01,1.440876332074763899e-01,2.139392661058373557e-01,-3.071046650823776591e-01,2.255143447728264194e-01,4.634827191808854607e-03,6.185502322938432052e-01,5.535004635538436357e-01
4.263240384375607261e-01,2.817367678579117407e-01,4.086556629558645848e-01,3.965920389582286432e-01,3.666873166433292086e-01,-3.056672753795222075e-01,3.457262347148787329e-01,-3.923597507036941101e-01,3.774377097744953113e-01,1.000000000000000000e+00,-3.190848371669027239e-01,3.854297792893817132e-01,8.873476840359513507e-02,-1.164371800551870506e-01,4.278206741759765230e-01,7.858450474141192021e-01,-3.101982794383361108e-01,4.253234015653257760e-01,3.608623599207896326e-01,3.558103273936750743e-01,4.401136260063874817e-01,3.387495614690948509e-01,-9.613204019001043987e-02,1.326313223006377606e-01,6.602933968261047448e-02,2.080989435251101860e-01,5.958992763254951364e-02,4.475098489619318554e-01,2.959510623154802955e-01,4.516109634931052552e-01,2.619142556601080085e-01,-4.185258751946218693e-03,4.508216166534656510e-01,5.249383519384760444e-01,7.080677854699266027e-02,3.245510433372089665e-01,2.772307789066285055e-01,3.255193375428469538e-01,2.536270826395535249e-01
8.426292129074640369e-02,1.623785849697169659e-01,-5.927059316561558155e-01,-6.124111707949125849e-01,-3.295729444689143306e-01,2.413350725532221186e-01,-5.794540111153381190e-01,4.227846308461215008e-01,3.006315559906029278e-01,-3.190848371669027239e-01,1.000000000000000000e+00,-6.655650609388836791e-01,-5.018434080342411285e-02,6.459550309868479223e-01,-7.491090498581395307e-01,-4.224488330310141593e-01,8.140957635567880324e-01,-7.048008515558966680e-01,-5.435700969251600068e-01,-8.047204174021082013e-01,-4.968574468074778427e-01,-7.587311320100453838e-01,6.656446096707978599e-01,4.623933043162545276e-02,3.522396040662076344e-01,1.209157938367473734e-01,2.980923865870621636e-01,-7.239322653646884653e-01,-7.256430386213917894e-01,-2.087071881718303157e-01,-2.459297941534520082e-01,5.722300810590478376e-02,-6.987174291116563518e-01,-6.754189193694482007e-01,-5.546031423780882763e-01,-6.922939316056445080e-02,-4.648807204432217621e-01,2.277939331809010481e-01,4.007735459456569088e-02
-1.493572830410503649e-01,6.531372834478013645e-02,6.913322992729329375e-01,7.014910442241057975e-01,5.279292646550214352e-01,-3.440282926078830905e-01,7.039698171637630564e-01,-5.681476089196472179e-01,-3.284309325523050802e-03,3.854297792893817132e-01,-6.655650609388836791e-01,1.000000000000000000e+00,-7.490070661922106077e-02,-4.626508240733918087e-01,7.694777027751492637e-01,5.148103328195211548e-01,-6.947840982021049605e-01,8.202678978834205825e-01,7.327400913185496689e-01,7.824252464180636579e-01,6.965535756944457590e-01,8.120422252609093006e-01,-4.954596473536796997e-01,-2.019627389775946469e-02,-2.443415209012919920e-01,-1.803723284537892546e-01,1.155274374152560901e-01,7.499031146951584681e-01,5.867939433473571276e-01,9.703977975794245148e-02,5.803905936198137105e-01,2.989614877894809508e-01,7.951534647755750251e-01,8.275654672969900982e-01,4.305190972287750162e-01,3.954960484442536783e-01,6.732100952351296463e-01,-2.183552686295892886e-01,4.479435291514280992e-01
1.701434611111551365e-01,-3.452012025280588592e-01,-1.737496018243370188e-01,-2.675172226035699846e-02,-1.560399751650186351e-01,-1.009769139936500526e-01,-1.941453529114972043e-01,2.165160187311586659e-01,-1.805375410746061227e-01,8.873476840359513507e-02,-5.018434080342411285e-02,-7.490070661922106077e-02,1.000000000000000000e+00,-2.187679540204429118e-01,1.824142418429192669e-01,8.317143231359495903e-02,-7.102894256855903088e-02,1.158125296314999886e-01,-1.363839094673049701e-01,5.301394857092460444e-02,-1.173486951628421315e-01,-9.369473098698559432e-02,-3.136453645042394656e-01,-2.919474975968585628e-01,-2.280351565814549980e-02,1.993781419160071400e-01,-5.420647952781069145e-01,-2.501616340245211081e-02,1.224755928153483941e-01,-3.044319972843581579e-02,-6.038987644060037630e-01,-5.960727792230672284e-01,-5.660072920272370134e-02,1.795117869098430269e-02,-6.314236176031731707e-02,-1.950927084416105295e-01,-1.912421224299918066e-01,1.665673656997485319e-01,-2.413812256994324890e-01
8.253682682478116761e-02,1.753486105682236229e-01,-2.154930612769185572e-01,-3.752570535384047723e-01,1.351013905827536804e-02,7.436039936765552472e-02,-3.191823096069207888e-01,3.311954858273534474e-02,5.031568200032199289e-01,-1.164371800551870506e-01,6.459550309868479223e-01,-4.626508240733918087e-01,-2.187679540204429118e-01,1.000000000000000000e+00,-5.081019181839356857e-01,-1.239849713638046524e-01,5.938058200355331717e-01,-4.621422659937837185e-01,-2.478842834330336753e-01,-5.833485581590130975e-01,-1.992695549190047766e-01,-5.263923949468298780e-01,6.552653319606633886e-01,3.841253938509807675e-01,4.875721049008625574e-01,2.056044387024321962e-01,3.616124841307083448e-01,-4.163048557452944110e-01,-5.070821440094192001e-01,9.338552345158188106e-02,7.243419984514670729e-02,1.884234795449112598e-01,-4.021103890637497402e-01,-3.485943131053865218e-01,-4.521681644262385835e-01,3.940634144510872516e-02,-3.084926230562221594e-01,3.082542279060642709e-01,1.371355913369863011e-01
-9.455962387041437142e-03,-2.556935648434678354e-01,6.947483668598972706e-01,6.955378657945366916e-01,5.094970219124554944e-01,-3.056885254235660598e-01,6.607395465432198689e-01,-5.612178080597167718e-01,-1.754347069318484831e-02,4.278206741759765230e-01,-7.491090498581395307e-01,7.694777027751492637e-01,1.824142418429192669e-01,-5.081019181839356857e-01,1.000000000000000000e+00,5.097147614946269112e-01,-6.763480886543661308e-01,8.674014654933607238e-01,6.791414144932506058e-01,8.488674926115981068e-01,7.096065980501921056e-01,7.954916694629677876e-01,-6.318694975127943092e-01,-3.476497775164551912e-02,-1.537506467630175566e-01,1.704800494458083571e-01,-1.998132367313955882e-01,8.324066968060305216e-01,7.972084261860388210e-01,3.032339952534849337e-01,3.483423129952386010e-01,-7.541646946753725878e-02,8.009393427287568867e-01,8.308415763550823785e-01,5.172779722968983140e-01,2.185496215451054325e-01,4.896891365629991166e-01,-5.029048132283651419e-03,1.368202211235414745e-01
2.847905028011787354e-01,1.839446942286314945e-01,5.662915608921292865e-01,5.238235294166473377e-01,4.963204196632977627e-01,-3.874835042159544551e-01,4.697391619484991288e-01,-5.454652202653953452e-01,3.870430134090994678e-01,7.858450474141192021e-01,-4.224488330310141593e-01,5.148103328195211548e-01,8.317143231359495903e-02,-1.239849713638046524e-01,5.097147614946269112e-01,1.000000000000000000e+00,-4.376545324990297470e-01,5.935273078889481413e-01,5.486449276682922038e-01,4.514917957277093663e-01,5.662007050140925868e-01,4.354193744786193920e-01,-1.457482827198814113e-01,1.730789069700953697e-01,1.120188768734297485e-01,1.346985441923639060e-01,6.989046318429058269e-02,5.850987008626858943e-01,3.871361426711877329e-01,4.238206804727761012e-01,3.835808301252339736e-01,4.523765335979664653e-02,5.713794885820381309e-01,6.451318575200756245e-01,1.279763365185667412e-01,3.324042717678322156e-01,4.041075682720960405e-01,1.910277069407000372e-01,3.154807085216253526e-01
5.117968583250715603e-02,8.552094675147500769e-02,-5.808399120167120344e-01,-6.373564526766299920e-01,-3.724151401640570791e-01,3.249583066299934764e-01,-5.899924641393045066e-01,4.225508020033773016e-01,2.157778143140315075e-01,-3.101982794383361108e-01,8.140957635567880324e-01,-6.947840982021049605e-01,-7.102894256855903088e-02,5.938058200355331717e-01,-6.763480886543661308e-01,-4.376545324990297470e-01,1.000000000000000000e+00,-6.749219306280185293e-01,-5.368268441111018197e-01,-7.525613104086732452e-01,-5.023507680130263608e-01,-7.194733770165809839e-01,6.146444208305069656e-01,1.098235189815123802e-01,2.292802989067448394e-01,2.151754864153482272e-01,1.445311110647754249e-01,-6.930979302575275280e-01,-6.033630500402200614e-01,-2.033578474460220609e-01,-2.916392320596935539e-01,7.561361272304165104e-02,-6.869331925355260937e-01,-6.854491022500304176e-01,-5.066391579092732744e-01,-1.296250798234025725e-01,-4.465791151030449879e-01,2.175150344917440304e-01,-1.705640867993255261e-01
-1.415700703369664470e-01,-2.116744794254903916e-01,7.745014179247751152e-01,7.393420455729480256e-01,6.013942549341521060e-01,-3.813931818256344752e-01,7.309183830038746832e-01,-6.628085513063769474e-01,4.696798234596693405e-02,4.253234015653257760e-01,-7.048008515558966680e-01,8.202678978834205825e-01,1.158125296314999886e-01,-4.621422659937837185e-01,8.674014654933607238e-01,5.935273078889481413e-01,-6.749219306280185293e-01,1.000000000000000000e+00,7.944039072850959116e-01,8.312971262929362837e-01,7.656168567674815906e-01,8.110177468512101973e-01,-5.919071452162684155e-01,4.456132017667218531e-02,-1.893810080571215748e-01,5.295105293065107549e-02,-7.967941102733618053e-02,8.506311886993604965e-01,7.200225888029132548e-01,2.303843283718341739e-01,4.698886584365089547e-01,2.995710030610155769e-02,8.311205017032983200e-01,8.474356589789117100e-01,5.007583895165513832e-01,2.439166760554541957e-01,6.080005240168501190e-01,-1.384678213827254811e-01,2.265732064484854702e-01
-2.107392264235040114e-01,-7.149905785065940877e-02,8.470149805364174389e-01,6.152492882713609390e-01,7.416840979018965996e-01,-5.104745293150403374e-01,7.453543032297740289e-01,-8.207901455330269824e-01,2.518495775440757201e-01,3.608623599207896326e-01,-5.435700969251600068e-01,7.327400913185496689e-01,-1.363839094673049701e-01,-2.478842834330336753e-01,6.791414144932506058e-01,5.486449276682922038e-01,-5.368268441111018197e-01,7.944039072850959116e-01,1.000000000000000000e+00,6.266634231372877339e-01,8.615617559613180099e-01,7.142397363183752290e-01,-3.429138711028493769e-01,7.139486445328951936e-02,-1.347837148854388323e-01,1.278607287203308296e-01,2.538560335668119672e-01,8.086371036129416101e-01,4.697630990638664850e-01,1.715484951454486762e-01,6.886688401069710475e-01,2.875883782462722027e-01,8.081715115366087110e-01,7.969670646278367299e-01,3.585707102382341693e-01,2.150752686350741461e-01,6.928752706657523852e-01,-7.775422241548077262e-02,3.412217725036651439e-01
-1.064850477744559848e-01,-1.560387539186947337e-01,7.227794184134390676e-01,8.243267752021051775e-01,4.721913213426391920e-01,-2.448433854704859247e-01,7.817148037981171971e-01,-5.591878575540299989e-01,-1.773921933623878733e-01,3.558103273936750743e-01,-8.047204174021082013e-01,7.824252464180636579e-01,5.301394857092460444e-02,-5.833485581590130975e-01,8.488674926115981068e-01,4.514917957277093663e-01,-7.525613104086732452e-01,8.312971262929362837e-01,6.266634231372877339e-01,1.000000000000000000e+00,6.536877191504137929e-01,8.942927877365516309e-01,-7.436811805313555679e-01,-2.850680942232893325e-02,-3.206755400120279154e-01,-1.036797374815118244e-01,-1.660876990300436951e-01,8.188389071273893816e-01,7.917807239943088771e-01,3.242512833906072700e-01,4.145165268970747441e-01,-4.031032801244140151e-02,8.051088868813365274e-01,7.919113939029358562e-01,6.374271231510655333e-01,1.784630308499379203e-01,5.105965494698451179e-01,-2.164664091196298601e-01,1.210242894425759275e-01
-1.053048254557756025e-01,-3.086327060294570199e-02,8.518066146641334324e-01,6.787766334557391312e-01,7.275489179777137050e-01,-5.160457374762853489e-01,8.006575255388617141e-01,-8.371143451577357508e-01,3.043862114111716699e-01,4.401136260063874817e-01,-4.968574468074778427e-01,6.965535756944457590e-01,-1.173486951628421315e-01,-1.992695549190047766e-01,7.096065980501921056e-01,5.662007050140925868e-01,-5.023507680130263608e-01,7.656168567674815906e-01,8.615617559613180099e-01,6.536877191504137929e-01,1.000000000000000000e+00,7.058493640451023454e-01,-3.361633002108427859e-01,1.026486761112367779e-01,-4.380121993264585178e-02,2.449894938181151061e-01,3.148849529711710837e-01,8.595407437574075216e-01,5.296727949273269953e-01,3.252188651640038342e-01,7.107189168490823938e-01,2.406246626604844063e-01,8.126114021285232303e-01,8.084980148621194740e-01,3.784523922560642517e-01,3.074687572447954431e-01,6.809372805055438072e-01,3.837126848061830908e-02,3.562055692937811102e-01
-1.305986681127954130e-01,-5.389161001233661041e-02,7.884597322983253331e-01,7.847463024957757050e-01,5.796480739302902752e-01,-2.828218627606932656e-01,8.244552192630845155e-01,-6.477658874770573227e-01,-5.650010642957482149e-02,3.387495614690948509e-01,-7.587311320100453838e-01,8.120422252609093006e-01,-9.369473098698559432e-02,-5.263923949468298780e-01,7.954916694629677876e-01,4.354193744786193920e-01,-7.194733770165809839e-01,8.110177468512101973e-01,7.142397363183752290e-01,8.942927877365516309e-01,7.058493640451023454e-01,1.000000000000000000e+00,-6.366704920506229826e-01,-2.254472106247674620e-02,-3.446980650951237957e-01,-1.398146430701204812e-01,5.964429757623600399e-03,8.198372620560488988e-01,7.145451544858369974e-01,2.747380619507067134e-01,5.694396956037964808e-01,1.358487985653591967e-01,8.744317415621468692e-01,8.230590467758021056e-01,6.117714561307027177e-01,1.677985324921245913e-01,5.754763446575028585e-01,-2.082697917276826183e-01,2.432386020624656697e-01
1.724495889920847624e-01,3.445344127006802482e-01,-3.850209412201663906e-01,-5.581763444706175914e-01,-1.289084771781209837e-01,1.514264067331861086e-01,-4.946552513225417336e-01,2.151378085448748811e-01,5.086778566032241766e-01,-9.613204019001043987e-02,6.656446096707978599e-01,-4.954596473536796997e-01,-3.136453645042394656e-01,6.552653319606633886e-01,-6.318694975127943092e-01,-1.457482827198814113e-01,6.146444208305069656e-01,-5.919071452162684155e-01,-3.429138711028493769e-01,-7.436811805313555679e-01,-3.361633002108427859e-01,-6.366704920506229826e-01,1.000000000000000000e+00,2.599985829711436436e-01,5.138576964733242436e-01,1.593286851421455708e-01,4.270495454630315324e-01,-5.528937257964431362e-01,-6.732015750466847637e-01,-2.381959256832497443e-02,1.890350993425344000e-03,3.461203061034749950e-01,-4.993072793258969688e-01,-4.589428406774284097e-01,-5.185588640586843434e-01,1.418392169698166616e-01,-2.621474503697163172e-01,3.520453473516736431e-01,2.131573338135114848e-01
-6.955155938562024298e-02,7.754392831495750260e-02,1.721230567158893443e-01,1.692003568797263117e-04,1.234197740731580589e-01,1.475217429748044429e-01,4.699498738029091183e-02,-2.373648303182970543e-01,2.708947406956982440e-01,1.326313223006377606e-01,4.623933043162545276e-02,-2.019627389775946469e-02,-2.919474975968585628e-01,3.841253938509807675e-01,-3.476497775164551912e-02,1.730789069700953697e-01,1.098235189815123802e-01,4.456132017667218531e-02,7.139486445328951936e-02,-2.850680942232893325e-02,1.026486761112367779e-01,-2.254472106247674620e-02,2.599985829711436436e-01,1.000000000000000000e+00,3.229254283577058793e-01,2.551792104680715087e-02,1.053198823531475148e-01,6.472195862292742796e-02,1.127825642969447900e-01,2.742324005569086176e-01,2.543229787225775862e-01,2.609307401096994661e-01,5.310935569807644085e-02,1.068264214226543815e-02,2.590048730096699003e-01,3.937818836469400563e-02,2.180562852563639187e-01,-6.663397042904592449e-02,9.948303165016757557e-03
2.439896838306260807e-01,-2.543089979660705102e-02,-6.678952783237830648e-02,-1.561556195187776552e-01,1.095134909911920779e-01,8.086825026560671981e-02,-2.596161552850486109e-01,-2.740834512105458712e-02,4.351027206105258505e-01,6.602933968261047448e-02,3.522396040662076344e-01,-2.443415209012919920e-01,-2.280351565814549980e-02,4.875721049008625574e-01,-1.537506467630175566e-01,1.120188768734297485e-01,2.292802989067448394e-01,-1.893810080571215748e-01,-1.347837148854388323e-01,-3.206755400120279154e-01,-4.380121993264585178e-02,-3.446980650951237957e-01,5.138576964733242436e-01,3.229254283577058793e-01,1.000000000000000000e+00,2.435826641402145387e-01,9.402129367058706388e-02,-1.329235779307620380e-01,-1.149039821133560069e-01,2.776170407026894993e-01,-2.494186064281697646e-02,-8.496729717126755288e-02,-2.017838115374252783e-01,-1.125652718600797242e-01,-8.323925707309723365e-02,2.299734165503090066e-01,-2.249062656248096148e-01,3.295179641920067959e-01,1.895922458051626791e-01
2.548093835655016459e-01,-1.942424597830204880e-01,8.302935045602238828e-02,-1.017648598891725542e-01,1.439293537562520708e-01,-2.439751310314186017e-01,-5.179753122468864351e-02,-1.688042815842030753e-01,4.035178313146207119e-01,2.080989435251101860e-01,1.209157938367473734e-01,-1.803723284537892546e-01,1.993781419160071400e-01,2.056044387024321962e-01,1.704800494458083571e-01,1.346985441923639060e-01,2.151754864153482272e-01,5.295105293065107549e-02,1.278607287203308296e-01,-1.036797374815118244e-01,2.449894938181151061e-01,-1.398146430701204812e-01,1.593286851421455708e-01,2.551792104680715087e-02,2.435826641402145387e-01,1.000000000000000000e+00,6.704052775703274458e-02,1.761100064045181268e-01,3.256207678047611659e-02,2.156620541760874421e-01,-2.019196452856747079e-02,-1.433475989970759701e-01,5.133290776520756798e-02,7.207429218976206531e-02,-2.024974137307276600e-01,3.726983333553739175e-02,-5.737092554208719081e-02,6.059825192488420553e-01,-9.499647104110379991e-02
-1.411139250617395868e-01,4.532034322922950387e-01,1.794668729944790542e-01,8.508251514981406138e-02,2.737470191272295406e-01,-1.863732615872338849e-01,2.768710626126789642e-01,-3.042204413735040691e-01,4.894293385965002852e-01,5.958992763254951364e-02,2.980923865870621636e-01,1.155274374152560901e-01,-5.420647952781069145e-01,3.616124841307083448e-01,-1.998132367313955882e-01,6.989046318429058269e-02,1.445311110647754249e-01,-7.967941102733618053e-02,2.538560335668119672e-01,-1.660876990300436951e-01,3.148849529711710837e-01,5.964429757623600399e-03,4.270495454630315324e-01,1.053198823531475148e-01,9.402129367058706388e-02,6.704052775703274458e-02,1.000000000000000000e+00,7.003230397102534754e-02,-3.387664895596182446e-01,-1.787722122145004450e-02,6.441248986901904061e-01,6.526946363640573345e-01,8.283599930382604115e-02,9.049420109386563382e-02,-1.901527153021657646e-01,3.770161247891481993e-01,3.468792394135896684e-01,1.384514224728552456e-01,6.069603665469430753e-01
-7.793575459594091759e-02,-1.414084542642855824e-01,8.298954924095852670e-01,7.424503267958342256e-01,6.067155951345635234e-01,-4.187000355530068885e-01,7.955207860636437367e-01,-7.330221228547995072e-01,6.517823534657778140e-02,4.475098489619318554e-01,-7.239322653646884653e-01,7.499031146951584681e-01,-2.501616340245211081e-02,-4.163048557452944110e-01,8.324066968060305216e-01,5.850987008626858943e-01,-6.930979302575275280e-01,8.506311886993604965e-01,8.086371036129416101e-01,8.188389071273893816e-01,8.595407437574075216e-01,8.198372620560488988e-01,-5.528937257964431362e-01,6.472195862292742796e-02,-1.329235779307620380e-01,1.761100064045181268e-01,7.003230397102534754e-02,1.000000000000000000e+00,7.333650271981506652e-01,3.238610186373186428e-01,5.733304125956969477e-01,8.339253518669564880e-02,8.647582503511493934e-01,8.341867267150625542e-01,5.663261343767848066e-01,2.390211710959591618e-01,6.634968227488157178e-01,-7.456495667563552143e-02,1.988806198224735144e-01
-3.721470294452633443e-02,-3.071744197143366772e-01,5.724539808858930545e-01,6.157222505950801228e-01,3.432761945873679665e-01,7.674749623615686675e-03,5.579022462722756925e-01,-4.228936108008508055e-01,-2.110675751631568287e-01,2.959510623154802955e-01,-7.256430386213917894e-01,5.867939433473571276e-01,1.224755928153483941e-01,-5.070821440094192001e-01,7.972084261860388210e-01,3.871361426711877329e-01,-6.033630500402200614e-01,7.200225888029132548e-01,4.697630990638664850e-01,7.917807239943088771e-01,5.296727949273269953e-01,7.145451544858369974e-01,-6.732015750466847637e-01,1.127825642969447900e-01,-1.149039821133560069e-01,3.256207678047611659e-02,-3.387664895596182446e-01,7.333650271981506652e-01,1.000000000000000000e+00,2.859572775691561763e-01,2.068889151908613055e-01,-1.303731422896625136e-01,6.893733002647787211e-01,6.239263310540050789e-01,7.102323758418616073e-01,3.264823610769202605e-02,4.402198146720801009e-01,-1.960778532044312739e-01,-8.598370132556978906e-02
3.948794135947238382e-01,1.236153761132350037e-01,3.641832384029371483e-01,4.297202156602883405e-01,3.499994392368012686e-01,-1.622450116739732051e-01,3.866954854761033289e-01,-3.530858974361738012e-01,3.454062450392926253e-01,4.516109634931052552e-01,-2.087071881718303157e-01,9.703977975794245148e-02,-3.044319972843581579e-02,9.338552345158188106e-02,3.032339952534849337e-01,4.238206804727761012e-01,-2.033578474460220609e-01,2.303843283718341739e-01,1.715484951454486762e-01,3.242512833906072700e-01,3.252188651640038342e-01,2.747380619507067134e-01,-2.381959256832497443e-02,2.742324005569086176e-01,2.776170407026894993e-01,2.156620541760874421e-01,-1.787722122145004450e-02,3.238610186373186428e-01,2.859572775691561763e-01,1.000000000000000000e+00,2.292591156570772670e-01,-1.580149225977733607e-01,3.016159997898343881e-01,3.377924974720975526e-01,2.489819540078946347e-01,1.390480668368212214e-01,-5.128137758095581812e-04,3.911465228165514341e-01,1.084941163172886552e-01
-1.890435577554339108e-01,2.751652942056494466e-01,7.069293220100336672e-01,5.367540038338700636e-01,6.422063162868004715e-01,-3.043601925969943167e-01,7.104593417822897550e-01,-7.328344366656279751e-01,4.098688350898400667e-01,2.619142556601080085e-01,-2.459297941534520082e-01,5.803905936198137105e-01,-6.038987644060037630e-01,7.243419984514670729e-02,3.483423129952386010e-01,3.835808301252339736e-01,-2.916392320596935539e-01,4.698886584365089547e-01,6.886688401069710475e-01,4.145165268970747441e-01,7.107189168490823938e-01,5.694396956037964808e-01,1.890350993425344000e-03,2.543229787225775862e-01,-2.494186064281697646e-02,-2.019196452856747079e-02,6.441248986901904061e-01,5.733304125956969477e-01,2.068889151908613055e-01,2.292591156570772670e-01,1.000000000000000000e+00,6.125925094692936668e-01,6.061787471949323658e-01,5.884418173626615456e-01,2.362369158240280043e-01,3.973373509479254939e-01,6.127477837082790924e-01,-4.659377988939134713e-02,5.475592999241863934e-01
-1.362687492817731827e-01,5.325738838786177043e-01,1.864625510197629732e-01,6.068584286013280898e-02,1.874123441002056578e-01,1.120274707848635705e-02,2.283694320856325954e-01,-2.473399110684429969e-01,2.689358651679434331e-01,-4.185258751946218693e-03,5.722300810590478376e-02,2.989614877894809508e-01,-5.960727792230672284e-01,1.884234795449112598e-01,-7.541646946753725878e-02,4.523765335979664653e-02,7.561361272304165104e-02,2.995710030610155769e-02,2.875883782462722027e-01,-4.031032801244140151e-02,2.406246626604844063e-01,1.358487985653591967e-01,3.461203061034749950e-01,2.609307401096994661e-01,-8.496729717126755288e-02,-1.433475989970759701e-01,6.526946363640573345e-01,8.339253518669564880e-02,-1.303731422896625136e-01,-1.580149225977733607e-01,6.125925094692936668e-01,1.000000000000000000e+00,1.757377034504492286e-01,1.088066862387977590e-01,-4.081429600677986824e-02,3.466564467639132174e-01,5.345754220337838314e-01,-1.067766664459512543e-01,4.244535114833235534e-01
-4.118065052756501865e-02,-4.037695716938495549e-02,8.565393255028858066e-01,7.067905706858377268e-01,7.123588837720226108e-01,-4.013775718253828617e-01,7.882579606552130302e-01,-7.621087474865712030e-01,1.440876332074763899e-01,4.508216166534656510e-01,-6.987174291116563518e-01,7.951534647755750251e-01,-5.660072920272370134e-02,-4.021103890637497402e-01,8.009393427287568867e-01,5.713794885820381309e-01,-6.869331925355260937e-01,8.311205017032983200e-01,8.081715115366087110e-01,8.051088868813365274e-01,8.126114021285232303e-01,8.744317415621468692e-01,-4.993072793258969688e-01,5.310935569807644085e-02,-2.017838115374252783e-01,5.133290776520756798e-02,8.283599930382604115e-02,8.647582503511493934e-01,6.893733002647787211e-01,3.016159997898343881e-01,6.061787471949323658e-01,1.757377034504492286e-01,1.000000000000000000e+00,8.824013875361470527e-01,5.300269333762086532e-01,1.642013403226895707e-01,6.217043599600688975e-01,-5.517737409009527277e-02,3.104639322079698061e-01
-2.789405823468442402e-02,-6.517678881071373165e-02,8.340728836771219568e-01,7.456961771035853781e-01,7.232841453591573044e-01,-4.601457381948253489e-01,7.659592963884216399e-01,-7.526882718767418101e-01,2.139392661058373557e-01,5.249383519384760444e-01,-6.754189193694482007e-01,8.275654672969900982e-01,1.795117869098430269e-02,-3.485943131053865218e-01,8.308415763550823785e-01,6.451318575200756245e-01,-6.854491022500304176e-01,8.474356589789117100e-01,7.969670646278367299e-01,7.919113939029358562e-01,8.084980148621194740e-01,8.230590467758021056e-01,-4.589428406774284097e-01,1.068264214226543815e-02,-1.125652718600797242e-01,7.207429218976206531e-02,9.049420109386563382e-02,8.341867267150625542e-01,6.239263310540050789e-01,3.377924974720975526e-01,5.884418173626615456e-01,1.088066862387977590e-01,8.824013875361470527e-01,1.000000000000000000e+00,4.045700441203135544e-01,2.842915331418355285e-01,5.607366766987594842e-01,4.093469708169193699e-02,4.147604455063557682e-01
-1.877741724674290014e-01,-2.479099781900053479e-01,4.734697790866257416e-01,4.933051604161408643e-01,2.439016871439133871e-01,1.419944495239691129e-01,5.050858213626353566e-01,-3.315871014353727331e-01,-3.071046650823776591e-01,7.080677854699266027e-02,-5.546031423780882763e-01,4.305190972287750162e-01,-6.314236176031731707e-02,-4.521681644262385835e-01,5.172779722968983140e-01,1.279763365185667412e-01,-5.066391579092732744e-01,5.007583895165513832e-01,3.585707102382341693e-01,6.374271231510655333e-01,3.784523922560642517e-01,6.117714561307027177e-01,-5.185588640586843434e-01,2.590048730096699003e-01,-8.323925707309723365e-02,-2.024974137307276600e-01,-1.901527153021657646e-01,5.663261343767848066e-01,7.102323758418616073e-01,2.489819540078946347e-01,2.362369158240280043e-01,-4.081429600677986824e-02,5.300269333762086532e-01,4.045700441203135544e-01,1.000000000000000000e+00,-2.316931258758495038e-02,4.596214870038218825e-01,-3.886161156366069735e-01,-9.223749255441246464e-02
1.303225177146081493e-01,3.709320867286376999e-01,1.972859531125740751e-01,2.938763457046527638e-01,2.177752619793337507e-01,-1.818425588427469153e-01,2.753335458014941617e-01,-1.957207912523875326e-01,2.255143447728264194e-01,3.245510433372089665e-01,-6.922939316056445080e-02,3.954960484442536783e-01,-1.950927084416105295e-01,3.940634144510872516e-02,2.185496215451054325e-01,3.324042717678322156e-01,-1.296250798234025725e-01,2.439166760554541957e-01,2.150752686350741461e-01,1.784630308499379203e-01,3.074687572447954431e-01,1.677985324921245913e-01,1.418392169698166616e-01,3.937818836469400563e-02,2.299734165503090066e-01,3.726983333553739175e-02,3.770161247891481993e-01,2.390211710959591618e-01,3.264823610769202605e-02,1.390480668368212214e-01,3.973373509479254939e-01,3.466564467639132174e-01,1.642013403226895707e-01,2.842915331418355285e-01,-2.316931258758495038e-02,1.000000000000000000e+00,3.130662873658417444e-01,1.316641713453787221e-01,4.746504416128165538e-01
-2.246420294610103896e-01,1.542230696146159319e-01,5.818687255297309013e-01,4.964152894646519654e-01,3.831807567656640434e-01,-2.364137463276459183e-01,6.289016909941210765e-01,-5.395723934846025083e-01,4.634827191808854607e-03,2.772307789066285055e-01,-4.648807204432217621e-01,6.732100952351296463e-01,-1.912421224299918066e-01,-3.084926230562221594e-01,4.896891365629991166e-01,4.041075682720960405e-01,-4.465791151030449879e-01,6.080005240168501190e-01,6.928752706657523852e-01,5.105965494698451179e-01,6.809372805055438072e-01,5.754763446575028585e-01,-2.621474503697163172e-01,2.180562852563639187e-01,-2.249062656248096148e-01,-5.737092554208719081e-02,3.468792394135896684e-01,6.634968227488157178e-01,4.402198146720801009e-01,-5.128137758095581812e-04,6.127477837082790924e-01,5.345754220337838314e-01,6.217043599600688975e-01,5.607366766987594842e-01,4.596214870038218825e-01,3.130662873658417444e-01,1.000000000000000000e+00,-2.815486259469145991e-01,2.607258003271974434e-01
5.707983446968841745e-01,1.526575603989930030e-01,-6.508332152410320481e-02,-1.016886251717958878e-01,1.788661212065955075e-01,-2.300692832595691573e-01,-1.073149750912141820e-01,-2.206106125689541106e-02,6.185502322938432052e-01,3.255193375428469538e-01,2.277939331809010481e-01,-2.183552686295892886e-01,1.665673656997485319e-01,3.082542279060642709e-01,-5.029048132283651419e-03,1.910277069407000372e-01,2.175150344917440304e-01,-1.384678213827254811e-01,-7.775422241548077262e-02,-2.164664091196298601e-01,3.837126848061830908e-02,-2.082697917276826183e-01,3.520453473516736431e-01,-6.663397042904592449e-02,3.295179641920067959e-01,6.059825192488420553e-01,1.384514224728552456e-01,-7.456495667563552143e-02,-1.960778532044312739e-01,3.911465228165514341e-01,-4.659377988939134713e-02,-1.067766664459512543e-01,-5.517737409009527277e-02,4.093469708169193699e-02,-3.886161156366069735e-01,1.316641713453787221e-01,-2.815486259469145991e-01,1.000000000000000000e+00,2.530568464685806207e-01
-1.888642464825776579e-02,2.930208803061334355e-01,3.234179652928227400e-01,2.794695683073333825e-01,4.722855942581939415e-01,-2.532610236905515344e-01,3.277186936641398596e-01,-3.688534785351645917e-01,5.535004635538436357e-01,2.536270826395535249e-01,4.007735459456569088e-02,4.479435291514280992e-01,-2.413812256994324890e-01,1.371355913369863011e-01,1.368202211235414745e-01,3.154807085216253526e-01,-1.705640867993255261e-01,2.265732064484854702e-01,3.412217725036651439e-01,1.210242894425759275e-01,3.562055692937811102e-01,2.432386020624656697e-01,2.131573338135114848e-01,9.948303165016757557e-03,1.895922458051626791e-01,-9.499647104110379991e-02,6.069603665469430753e-01,1.988806198224735144e-01,-8.598370132556978906e-02,1.084941163172886552e-01,5.475592999241863934e-01,4.244535114833235534e-01,3.104639322079698061e-01,4.147604455063557682e-01,-9.223749255441246464e-02,4.746504416128165538e-01,2.607258003271974434e-01,2.530568464685806207e-01,1.000000000000000000e+00
