1.000000000000000000e+00,6.745309121036457967e-01,1.852533519803185313e-01,8.160360025206471468e-02,3.270678798005961507e-01,8.907208954877614271e-02,1.021191223890557664e-01,-1.528364463552567831e-01,5.761582770630947481e-01,2.215685654774046387e-01,1.026766957400919722e-01,9.972717372332255692e-02,4.842981490921736132e-01,4.795327889611565864e-01,-2.105041300852144182e-03,1.086940082737187230e-01,5.226249458042633855e-02,4.722849796986230420e-01,1.239192813473749821e-01,3.402686548006252920e-01,6.346429555969529748e-03,2.353227509078103519e-01,4.408534591534282732e-01,2.211209340106762566e-01,4.484489200684961263e-01,-1.620535884504726021e-01,3.243166388767121378e-01,3.640530154456728118e-02,5.639090012256600115e-01,7.940364204938138437e-02,1.758509257654256586e-01,4.945774927335551130e-01,2.216123458039405414e-02,5.371714229336830293e-01,6.395270655117847314e-01,6.699758732950749085e-01,5.271662518536838204e-01,2.549729582398635452e-01,5.688928163543643945e-01
6.745309121036457967e-01,1.000000000000000000e+00,9.388741712117436300e-02,2.151156432663605123e-01,6.154876857012548524e-02,1.164812198526656573e-01,1.523261880387241640e-01,-1.933239603642445126e-01,4.992168407383226203e-01,8.772685327049760395e-02,1.790480657251843355e-01,2.229284241006169176e-01,5.451101713863711895e-01,5.274073958497295100e-01,1.200746197342137528e-02,6.338385978752972272e-02,1.311359938150343241e-01,2.775547643070419013e-01,-4.840841166118314831e-02,4.633476117185061915e-01,-8.651660580797954081e-02,3.101092366477213869e-01,4.663870974011424808e-01,1.692574057425303702e-01,3.829659041799453600e-01,-2.713711601148153241e-01,3.442799269960566400e-01,-1.570569858829678755e-01,4.533226835847934399e-01,-1.111810008372190461e-01,-5.258956162860864945e-03,5.082238118618462863e-01,-2.007534489799340238e-01,5.610902305078007135e-01,6.039263508864847196e-01,6.024212365793836232e-01,5.256934987797905467e-01,-4.139698399474286278e-02,3.844786591213942839e-01
1.852533519803185313e-01,9.388741712117436300e-02,1.000000000000000000e+00,3.261251983065958926e-02,5.844528050569950395e-01,1.137311368935823297e-01,3.646330341685993237e-01,-7.722364393252078019e-01,3.073954189022325423e-01,4.926540246953363122e-01,2.821515439367748845e-01,1.706583880078717530e-01,2.400895462407501013e-01,3.764283163557938239e-01,2.067600481840557725e-01,5.988392356951710571e-01,1.933452103470070238e-01,6.010595428345512081e-01,5.231583465760653029e-01,3.237162492049410201e-01,6.863497718437971962e-01,5.858565563382701624e-01,3.961380228787264035e-01,1.334628958926066533e-01,4.321447951691204103e-01,3.187868032301279797e-01,2.498324454704283493e-01,2.816397392789508070e-01,1.588144505439526011e-02,4.145260562151109052e-01,2.602362579886999816e-01,3.062801693065053121e-01,6.472062643792171333e-01,6.081142986752156171e-02,1.487390462097203381e-01,1.841101609507310999e-01,1.257922320041725550e-01,1.129210123109577191e-01,1.863912131817979934e-01
8.160360025206471468e-02,2.151156432663605123e-01,3.261251983065958926e-02,1.000000000000000000e+00,-1.700867311346794183e-02,2.863877691872772011e-02,8.304303402959863079e-02,-9.138241812559545763e-02,1.785221316120751134e-01,2.260087716989345186e-02,4.559917998032385344e-02,2.760537483883299115e-01,2.354249263082725807e-01,1.697986094097637955e-01,-1.519449502250138674e-02,4.720765749393919519e-02,-8.995297280436101439e-02,6.725345261034793021e-02,-1.455835694710435890e-01,2.728046483902031860e-01,-4.914627362035893510e-02,2.019880527750940180e-01,2.133911712948947381e-01,-1.505087927809922455e-01,1.006165442776383312e-01,-1.530797336077217574e-01,6.171167060436907187e-02,2.271528130927529671e-02,1.732119259314485737e-01,-2.061182592703468541e-01,-6.190777011723278336e-03,1.789721606073769455e-01,-1.390533105460710905e-01,2.562509471678750539e-01,2.038593401541289318e-01,1.473611725894243552e-01,2.051556812703412003e-01,-2.988839696084755540e-02,4.193820575200949557e-02
3.270678798005961507e-01,6.154876857012548524e-02,5.844528050569950395e-01,-1.700867311346794183e-02,1.000000000000000000e+00,-1.837947358008120979e-01,1.490249096898848269e-01,-2.869601275132470652e-01,5.226228264051053785e-01,6.749434759658837768e-01,9.219290838541538413e-02,2.250196692664530040e-01,1.078472206175399850e-01,3.098273427842397898e-01,3.808553482453202466e-01,4.439422814276982598e-01,-6.087171224932945435e-02,6.882239087698663882e-01,5.725975664348442740e-01,8.962391492784094887e-03,3.671299930917378829e-01,1.642976726090585038e-01,4.001587961465255527e-01,2.505584044655682630e-01,5.346345645556901394e-01,3.607562435281789215e-01,2.853858814975736569e-01,4.643049681594544342e-01,1.892616759536864535e-01,4.899301698896438850e-01,4.659054521286376538e-01,2.738133451425502907e-01,5.785752345767345428e-01,2.561787839127099287e-01,1.342906787627929088e-01,3.906625995412922880e-01,1.278158070698663940e-01,5.674687572365905153e-01,5.355749776853357957e-01
8.907208954877614271e-02,1.164812198526656573e-01,1.137311368935823297e-01,2.863877691872772011e-02,-1.837947358008120979e-01,1.000000000000000000e+00,7.660062654623130129e-02,-1.297139713304474862e-01,3.023999253783515861e-02,-1.824027995213935438e-01,5.799711168893040281e-01,9.945706556137379195e-02,2.287590189957375286e-01,4.387950425347442174e-01,-1.434148366688785259e-01,2.272631071215239218e-01,5.865440519384729212e-01,-5.627488021913876204e-02,-1.465478653610758075e-01,2.608429316929202213e-01,-1.917297667485015969e-02,1.768942508865210539e-01,2.566286604781531366e-01,2.200492860627733804e-01,5.132091610407654020e-02,1.694819861027261620e-01,1.908066612418032604e-01,-4.457484064707705612e-02,2.163173352472584632e-01,2.658944985633081015e-01,-8.195383209343161390e-02,3.624537097469963665e-01,-9.897403264082296759e-02,1.376742750468155363e-01,3.360089189147698052e-01,-1.451607246559192821e-01,3.877146916781345487e-01,-3.717440816703830309e-01,-2.563157469713740477e-01
1.021191223890557664e-01,1.523261880387241640e-01,3.646330341685993237e-01,8.304303402959863079e-02,1.490249096898848269e-01,7.660062654623130129e-02,1.000000000000000000e+00,-3.487591481034677532e-01,8.691731373021925611e-02,3.542588130974425598e-01,2.756993200263235799e-01,2.883416036332686061e-01,4.516809244714644067e-01,2.327715992297002823e-01,1.814389066549539631e-01,3.083792590174980752e-01,1.492933707436754354e-01,2.177159521235335071e-01,2.463838341576376767e-01,3.073634241879836249e-01,2.662976247508800909e-01,3.139822854322041334e-01,3.657904316461021432e-01,3.125865726159041125e-02,2.614466232020828951e-01,2.374116152260685175e-01,3.154882409714715452e-01,1.941334534596999006e-01,1.139520630363577702e-01,1.996691373511164380e-01,2.462232106471885507e-01,3.663622235794354864e-01,3.262318084374158378e-01,1.272707495143506062e-01,7.542930206089172585e-02,2.208871472868401686e-01,1.826633969549418535e-01,-6.699905708176298776e-03,1.121464359564217639e-01
-1.528364463552567831e-01,-1.933239603642445126e-01,-7.722364393252078019e-01,-9.138241812559545763e-02,-2.869601275132470652e-01,-1.297139713304474862e-01,-3.487591481034677532e-01,1.000000000000000000e+00,-1.363661467936204408e-01,-2.899997591328002389e-01,-2.840251824020877947e-01,-9.320631720376851281e-02,-3.086410864377581165e-01,-2.862286909331049900e-01,-2.445984057433479852e-02,-4.333128055864093331e-01,-1.871626839302676648e-01,-3.616309329293783126e-01,-3.248300353642729621e-01,-4.230081092277533372e-01,-5.574886256771447446e-01,-6.288243274678865236e-01,-2.904056254620133171e-01,8.647549881909560171e-03,-3.486513765163162804e-01,-8.002068662315363345e-02,-2.302488365226170175e-01,-5.324083828979690042e-02,2.057126595545160155e-02,-1.867543453357587979e-01,-1.429524081160890858e-01,-2.980109563336955647e-01,-3.889142651782722671e-01,-6.150062388699854832e-03,-1.937969493121941278e-01,-1.996064884500929060e-01,-1.268360707563474521e-01,1.087082807881798591e-01,-9.537079693215162746e-02
5.761582770630947481e-01,4.992168407383226203e-01,3.073954189022325423e-01,1.785221316120751134e-01,5.226228264051053785e-01,3.023999253783515861e-02,8.691731373021925611e-02,-1.363661467936204408e-01,1.000000000000000000e+00,4.029608273353367798e-01,1.277094519400664152e-01,2.519044895965228403e-01,3.114874806224142700e-01,4.527658768880792883e-01,2.036172371276879223e-01,2.570579928258877600e-01,9.766318609664881301e-02,5.822782484406916481e-01,2.133079130483217234e-01,2.197640065470555237e-01,3.520090516705543654e-02,1.690244722272575273e-01,4.597070785332774689e-01,1.746211013924984512e-01,4.679926016067002537e-01,1.162136847715549703e-01,2.478644658876652529e-01,2.287340599253016860e-01,3.983320720935996095e-01,2.810553603045763960e-01,1.659589504132372995e-01,3.749259806375338511e-01,2.123657872969985372e-01,6.350965263565591101e-01,4.164065357870095907e-01,5.308729622825300032e-01,3.557654481715482597e-01,4.226836375991532280e-01,5.299959478249713918e-01
2.215685654774046387e-01,8.772685327049760395e-02,4.926540246953363122e-01,2.260087716989345186e-02,6.749434759658837768e-01,-1.824027995213935438e-01,3.542588130974425598e-01,-2.899997591328002389e-01,4.029608273353367798e-01,1.000000000000000000e+00,2.982450825172272002e-01,4.620686391045271679e-01,2.385273366576217136e-01,2.444339514788900214e-01,5.925832395884483850e-01,4.272598022449399235e-01,-1.433528135187259189e-01,5.511171694816752176e-01,7.198931610633141354e-01,1.728519805411958821e-01,3.328526798156100641e-01,2.846522197561445200e-01,4.341082985405116390e-01,7.124069489959117263e-02,6.232351549054944151e-01,3.613342895480666783e-01,4.503034906937406490e-01,3.055593343089900160e-01,1.649097311390460285e-01,3.578290717650332020e-01,5.763441822095706213e-01,3.700002865393141604e-01,4.705447181023770242e-01,1.787388195836046023e-01,9.058482459349376237e-02,4.234204254078954288e-01,1.249719006746224381e-01,5.614317770765866467e-01,6.258842887633945251e-01
1.026766957400919722e-01,1.790480657251843355e-01,2.821515439367748845e-01,4.559917998032385344e-02,9.219290838541538413e-02,5.799711168893040281e-01,2.756993200263235799e-01,-2.840251824020877947e-01,1.277094519400664152e-01,2.982450825172272002e-01,1.000000000000000000e+00,3.583164951093559258e-01,3.370075892070300005e-01,4.432557251318135494e-01,2.756688623524189974e-01,5.024942901209060730e-01,5.183316619478443021e-01,1.681653111492260044e-01,1.937101972091671287e-01,3.718171170435448092e-01,7.933015795163592121e-02,3.939513584585547235e-01,4.243982252092881602e-01,1.022694286972448789e-02,3.778690858884382053e-01,3.583111475466939089e-01,5.214406719589749217e-01,1.635713235916325115e-01,1.043993026942777874e-01,3.733244774055730075e-01,3.433200955322664449e-01,5.360627710278327296e-01,5.595254043484609863e-02,1.177722059604999899e-01,2.306087334793205101e-01,1.430970430682868832e-01,2.237481674544261612e-01,-6.501662350635203924e-02,7.404258261036146538e-02
9.972717372332255692e-02,2.229284241006169176e-01,1.706583880078717530e-01,2.760537483883299115e-01,2.250196692664530040e-01,9.945706556137379195e-02,2.883416036332686061e-01,-9.320631720376851281e-02,2.519044895965228403e-01,4.620686391045271679e-01,3.583164951093559258e-01,1.000000000000000000e+00,4.866785677454553705e-01,4.307790205481338286e-01,4.244384894509480310e-01,2.014640929913464606e-01,-8.479339232549426564e-03,1.726488118649454062e-01,2.447014843529840000e-01,5.006736010177338381e-01,6.251531965945491620e-04,2.377834608335805122e-01,5.027393902492381939e-01,1.779787678890768290e-02,4.537246001644585358e-01,1.984487840809721348e-01,4.768409224643824773e-01,4.844951421128441266e-02,2.481790742498879709e-01,1.075882197697441284e-01,2.265757886264983811e-01,3.873386895271718755e-01,-1.825373486150821609e-02,3.997939273469527377e-01,1.813855218865721985e-01,2.454829719549365130e-01,2.418367356431733450e-01,8.386531959124465807e-02,2.521202129187773422e-01
4.842981490921736132e-01,5.451101713863711895e-01,2.400895462407501013e-01,2.354249263082725807e-01,1.078472206175399850e-01,2.287590189957375286e-01,4.516809244714644067e-01,-3.086410864377581165e-01,3.114874806224142700e-01,2.385273366576217136e-01,3.370075892070300005e-01,4.866785677454553705e-01,1.000000000000000000e+00,5.783011320083907281e-01,5.257911105837043825e-02,1.566976604954133101e-01,1.903989754101112486e-01,2.117650159029738910e-01,6.191262033108916457e-02,6.484585314025314018e-01,-2.331378181247499917e-02,3.358710482556753196e-01,5.991090874444905401e-01,1.268193948462976173e-01,5.105034384103135370e-01,-1.246376192635622465e-01,4.704569559524017230e-01,-1.109797968405397545e-01,4.629893272126501258e-01,1.962399747031687638e-02,1.283809502238031641e-01,6.549736385409282713e-01,-6.901348904647161553e-02,5.487675978620513151e-01,5.166784813288995970e-01,5.607698225388486613e-01,5.598951730434083007e-01,-1.117916402963679556e-01,3.481651797558438788e-01
4.795327889611565864e-01,5.274073958497295100e-01,3.764283163557938239e-01,1.697986094097637955e-01,3.098273427842397898e-01,4.387950425347442174e-01,2.327715992297002823e-01,-2.862286909331049900e-01,4.527658768880792883e-01,2.444339514788900214e-01,4.432557251318135494e-01,4.307790205481338286e-01,5.783011320083907281e-01,1.000000000000000000e+00,1.256372341173468132e-01,4.038792678684092197e-01,4.054272753055153666e-01,3.900163311062418425e-01,8.640170760786229642e-02,4.921187725589932782e-01,2.744317097899672334e-02,2.786965026233328979e-01,7.071386024930776948e-01,4.226866316673951740e-01,4.845155912618934191e-01,1.962804685738503141e-01,5.092909055770431515e-01,9.619877446146529731e-02,4.447444666873167640e-01,3.454034289347442943e-01,1.602627752158543029e-01,6.490119009449430987e-01,6.195464055197275055e-02,5.497823519051558971e-01,5.949436989778100759e-01,4.132608107488472959e-01,5.683846065330985242e-01,-3.053955976109982637e-02,1.922806564556819864e-01
-2.105041300852144182e-03,1.200746197342137528e-02,2.067600481840557725e-01,-1.519449502250138674e-02,3.808553482453202466e-01,-1.434148366688785259e-01,1.814389066549539631e-01,-2.445984057433479852e-02,2.036172371276879223e-01,5.925832395884483850e-01,2.756688623524189974e-01,4.244384894509480310e-01,5.257911105837043825e-02,1.256372341173468132e-01,1.000000000000000000e+00,5.112483019566631537e-01,-6.459887028987226776e-02,3.604163221590631072e-01,4.635668761484317280e-01,7.608717185778832159e-02,1.488306541971408936e-01,1.324965881842018189e-01,2.570886841252371102e-01,-9.727951959386081648e-02,2.844287192945731957e-01,4.669504411352347062e-01,2.313851114229092953e-01,4.378404960639863952e-01,-1.269325163234912845e-01,1.936210885028150919e-01,2.706148906718132130e-01,1.057109508884514770e-01,2.751200874319912892e-01,1.026270292029404646e-01,-1.137095081070112895e-01,1.300575566100260483e-01,-4.580393163856245897e-02,5.180645855743448713e-01,2.833434525259251879e-01
1.086940082737187230e-01,6.338385978752972272e-02,5.988392356951710571e-01,4.720765749393919519e-02,4.439422814276982598e-01,2.272631071215239218e-01,3.083792590174980752e-01,-4.333128055864093331e-01,2.570579928258877600e-01,4.272598022449399235e-01,5.024942901209060730e-01,2.014640929913464606e-01,1.566976604954133101e-01,4.038792678684092197e-01,5.112483019566631537e-01,1.000000000000000000e+00,4.575554211532295579e-01,5.355770153805482492e-01,3.856843048887034775e-01,2.172701400837258046e-01,4.224779947160935412e-01,4.721181266061275084e-01,3.794930327499411171e-01,8.618142469859186791e-03,2.518478554804845504e-01,6.117712748608198359e-01,2.282874492923634979e-01,5.821469752632907335e-01,-9.283437115268590445e-02,5.424349396877378160e-01,2.553576613285087338e-01,3.020959646984727742e-01,4.947449872553766892e-01,5.202933535121508080e-02,2.293532689252229806e-02,6.645023128247372346e-02,5.947498602666773104e-02,2.064497869246089967e-01,3.929101383871865666e-02
5.226249458042633855e-02,1.311359938150343241e-01,1.933452103470070238e-01,-8.995297280436101439e-02,-6.087171224932945435e-02,5.865440519384729212e-01,1.492933707436754354e-01,-1.871626839302676648e-01,9.766318609664881301e-02,-1.433528135187259189e-01,5.183316619478443021e-01,-8.479339232549426564e-03,1.903989754101112486e-01,4.054272753055153666e-01,-6.459887028987226776e-02,4.575554211532295579e-01,1.000000000000000000e+00,5.590533694979685220e-02,-1.680406660782009232e-01,1.882261817081677391e-01,3.850396466527356010e-02,2.079291572268503197e-01,2.988423378743981784e-01,1.675083648757532406e-01,-2.902240672061823928e-02,3.507273814191479988e-01,2.091865866582615641e-01,1.881152027547004502e-01,1.007811496257131068e-01,4.701972374783113251e-01,3.628893306626451015e-02,3.621768420056283855e-01,7.502654176919489049e-02,1.259057280110583987e-01,9.502880492592132022e-02,-8.117098950515447275e-02,1.466045394751976649e-01,-2.954251913147771802e-01,-3.027367926714654711e-01
4.722849796986230420e-01,2.775547643070419013e-01,6.010595428345512081e-01,6.725345261034793021e-02,6.882239087698663882e-01,-5.627488021913876204e-02,2.177159521235335071e-01,-3.616309329293783126e-01,5.822782484406916481e-01,5.511171694816752176e-01,1.681653111492260044e-01,1.726488118649454062e-01,2.117650159029738910e-01,3.900163311062418425e-01,3.604163221590631072e-01,5.355770153805482492e-01,5.590533694979685220e-02,1.000000000000000000e+00,5.532086777203502059e-01,1.420400422004010066e-01,4.116173182582669732e-01,3.490313878077406229e-01,4.069336424186658085e-01,1.741216302091765922e-01,4.360082898013048491e-01,2.855784613983143871e-01,1.728817590501960377e-01,3.760287539321626737e-01,1.365326752495303608e-01,3.780793266010747944e-01,2.349503149093171428e-01,2.822961277206185171e-01,5.180485199109062799e-01,2.579864441423019850e-01,2.290256362494337283e-01,3.955224905047017292e-01,1.493596868222764884e-01,4.430728408743768165e-01,4.462298087845165129e-01
1.239192813473749821e-01,-4.840841166118314831e-02,5.231583465760653029e-01,-1.455835694710435890e-01,5.725975664348442740e-01,-1.465478653610758075e-01,2.463838341576376767e-01,-3.248300353642729621e-01,2.133079130483217234e-01,7.198931610633141354e-01,1.937101972091671287e-01,2.447014843529840000e-01,6.191262033108916457e-02,8.640170760786229642e-02,4.635668761484317280e-01,3.856843048887034775e-01,-1.680406660782009232e-01,5.532086777203502059e-01,1.000000000000000000e+00,1.423939496449967979e-01,5.034726892050468416e-01,3.471436564097046817e-01,2.119943210113774679e-01,1.053289215982380726e-02,4.773079091208571323e-01,3.397630566576101963e-01,1.668102860024567036e-01,1.883461606293085344e-01,-2.421844111746410816e-02,3.101858976205193463e-01,3.059864617796255737e-01,8.073496858034183432e-02,4.808307547252030911e-01,-1.944846715717691854e-01,-6.013250952451157372e-02,2.093806072270446850e-01,-5.921537378230151694e-02,4.910863055951685263e-01,4.911565423338882797e-01
3.402686548006252920e-01,4.633476117185061915e-01,3.237162492049410201e-01,2.728046483902031860e-01,8.962391492784094887e-03,2.608429316929202213e-01,3.073634241879836249e-01,-4.230081092277533372e-01,2.197640065470555237e-01,1.728519805411958821e-01,3.718171170435448092e-01,5.006736010177338381e-01,6.484585314025314018e-01,4.921187725589932782e-01,7.608717185778832159e-02,2.172701400837258046e-01,1.882261817081677391e-01,1.420400422004010066e-01,1.423939496449967979e-01,1.000000000000000000e+00,1.219036829192692295e-01,5.161977490751393782e-01,4.918460091953553714e-01,-8.669145947973279365e-02,4.273995872765899429e-01,-6.361857971062148676e-02,3.983132405023088185e-01,-1.318242717813490339e-01,2.746267380149324255e-01,8.344465408777720569e-03,6.540799564053004223e-02,4.841525148009808155e-01,-1.103044858766519809e-01,3.238190344671851850e-01,3.703543285236028382e-01,3.548989025476020354e-01,3.335291712540879305e-01,-1.734902902246166501e-01,1.741913611428655417e-01
6.346429555969529748e-03,-8.651660580797954081e-02,6.863497718437971962e-01,-4.914627362035893510e-02,3.671299930917378829e-01,-1.917297667485015969e-02,2.662976247508800909e-01,-5.574886256771447446e-01,3.520090516705543654e-02,3.328526798156100641e-01,7.933015795163592121e-02,6.251531965945491620e-04,-2.331378181247499917e-02,2.744317097899672334e-02,1.488306541971408936e-01,4.224779947160935412e-01,3.850396466527356010e-02,4.116173182582669732e-01,5.034726892050468416e-01,1.219036829192692295e-01,1.000000000000000000e+00,5.856377984656169211e-01,5.593859166668403715e-02,-1.180756685998921550e-02,1.527558802255579717e-01,2.125643038266631091e-01,-8.146542395987220117e-03,2.431991553948721074e-01,-1.835792239364876510e-01,1.545313585836128878e-01,7.654215893187041320e-02,-6.295906543958547374e-02,7.245447610254949211e-01,-2.513700897466712436e-01,-3.844396122755489725e-02,-1.915167031035937620e-02,-9.518571033432972339e-02,4.110891508372253866e-02,-2.814291604551067208e-03
2.353227509078103519e-01,3.101092366477213869e-01,5.858565563382701624e-01,2.019880527750940180e-01,1.642976726090585038e-01,1.768942508865210539e-01,3.139822854322041334e-01,-6.288243274678865236e-01,1.690244722272575273e-01,2.846522197561445200e-01,3.939513584585547235e-01,2.377834608335805122e-01,3.358710482556753196e-01,2.786965026233328979e-01,1.324965881842018189e-01,4.721181266061275084e-01,2.079291572268503197e-01,3.490313878077406229e-01,3.471436564097046817e-01,5.161977490751393782e-01,5.856377984656169211e-01,1.000000000000000000e+00,2.834025160642486552e-01,-1.240889585048101096e-01,3.363150791718597654e-01,9.741105495905513778e-02,2.739872096041076066e-01,8.774283661401979795e-02,1.720801268383885183e-02,8.459751770125564785e-02,1.391922537322273501e-01,2.899671948497310470e-01,3.393794151884029775e-01,1.345641498904992690e-02,2.239608976513080829e-01,2.126680571379158391e-01,1.382548316582872527e-01,-8.612079742574409169e-02,1.148619020393589624e-01
4.408534591534282732e-01,4.663870974011424808e-01,3.961380228787264035e-01,2.133911712948947381e-01,4.001587961465255527e-01,2.566286604781531366e-01,3.657904316461021432e-01,-2.904056254620133171e-01,4.597070785332774689e-01,4.341082985405116390e-01,4.243982252092881602e-01,5.027393902492381939e-01,5.991090874444905401e-01,7.071386024930776948e-01,2.570886841252371102e-01,3.794930327499411171e-01,2.988423378743981784e-01,4.069336424186658085e-01,2.119943210113774679e-01,4.918460091953553714e-01,5.593859166668403715e-02,2.834025160642486552e-01,1.000000000000000000e+00,4.144404037500697968e-01,6.745646203726977097e-01,1.788744157328150675e-01,5.865371639947180027e-01,7.257058211515651780e-02,5.030421472557310425e-01,3.898461848291683296e-01,3.193524102991083247e-01,7.195399006196104841e-01,9.924228062742106171e-02,5.582289084159363091e-01,4.598879257394726805e-01,5.370250615304761332e-01,4.940370053300023878e-01,1.177630631039694870e-01,3.958924479140418784e-01
2.211209340106762566e-01,1.692574057425303702e-01,1.334628958926066533e-01,-1.505087927809922455e-01,2.505584044655682630e-01,2.200492860627733804e-01,3.125865726159041125e-02,8.647549881909560171e-03,1.746211013924984512e-01,7.124069489959117263e-02,1.022694286972448789e-02,1.779787678890768290e-02,1.268193948462976173e-01,4.226866316673951740e-01,-9.727951959386081648e-02,8.618142469859186791e-03,1.675083648757532406e-01,1.741216302091765922e-01,1.053289215982380726e-02,-8.669145947973279365e-02,-1.180756685998921550e-02,-1.240889585048101096e-01,4.144404037500697968e-01,1.000000000000000000e+00,2.629741565247561419e-01,1.308222583618550705e-01,2.873951195653840496e-01,1.042007113541305180e-02,3.294867625143970136e-01,3.729075232313934785e-01,1.602739323814264816e-01,3.048300484208454897e-01,1.433508454629301987e-01,3.269047700881477780e-01,2.693955474549511453e-01,1.129820408767247542e-01,3.043595196941870640e-01,3.665585734073228963e-02,1.114524662705517755e-01
4.484489200684961263e-01,3.829659041799453600e-01,4.321447951691204103e-01,1.006165442776383312e-01,5.346345645556901394e-01,5.132091610407654020e-02,2.614466232020828951e-01,-3.486513765163162804e-01,4.679926016067002537e-01,6.232351549054944151e-01,3.778690858884382053e-01,4.537246001644585358e-01,5.105034384103135370e-01,4.845155912618934191e-01,2.844287192945731957e-01,2.518478554804845504e-01,-2.902240672061823928e-02,4.360082898013048491e-01,4.773079091208571323e-01,4.273995872765899429e-01,1.527558802255579717e-01,3.363150791718597654e-01,6.745646203726977097e-01,2.629741565247561419e-01,1.000000000000000000e+00,1.026251096032820970e-01,5.857439557681748399e-01,-1.713664396730564532e-02,3.856499186452533867e-01,2.866493838910156855e-01,4.270275341040346007e-01,5.940826184250722619e-01,1.623910374182443994e-01,4.014556231573528366e-01,4.285110558242022916e-01,6.481610677723492753e-01,3.880821022371798157e-01,3.355580264737687002e-01,6.890959561167245839e-01
-1.620535884504726021e-01,-2.713711601148153241e-01,3.187868032301279797e-01,-1.530797336077217574e-01,3.607562435281789215e-01,1.694819861027261620e-01,2.374116152260685175e-01,-8.002068662315363345e-02,1.162136847715549703e-01,3.613342895480666783e-01,3.583111475466939089e-01,1.984487840809721348e-01,-1.246376192635622465e-01,1.962804685738503141e-01,4.669504411352347062e-01,6.117712748608198359e-01,3.507273814191479988e-01,2.855784613983143871e-01,3.397630566576101963e-01,-6.361857971062148676e-02,2.125643038266631091e-01,9.741105495905513778e-02,1.788744157328150675e-01,1.308222583618550705e-01,1.026251096032820970e-01,1.000000000000000000e+00,2.308199496024095909e-01,6.256334072696683180e-01,-1.131815095823887479e-01,6.851102252372005541e-01,3.268447952544853430e-01,7.590219790854042803e-02,4.495861593275590762e-01,-7.446331277218645739e-02,-2.007551787687692491e-01,-2.043970123941662442e-01,-9.030504609018472073e-02,3.240666456968437359e-01,-5.127034674679324666e-02
3.243166388767121378e-01,3.442799269960566400e-01,2.498324454704283493e-01,6.171167060436907187e-02,2.853858814975736569e-01,1.908066612418032604e-01,3.154882409714715452e-01,-2.302488365226170175e-01,2.478644658876652529e-01,4.503034906937406490e-01,5.214406719589749217e-01,4.768409224643824773e-01,4.704569559524017230e-01,5.092909055770431515e-01,2.313851114229092953e-01,2.282874492923634979e-01,2.091865866582615641e-01,1.728817590501960377e-01,1.668102860024567036e-01,3.983132405023088185e-01,-8.146542395987220117e-03,2.739872096041076066e-01,5.865371639947180027e-01,2.873951195653840496e-01,5.857439557681748399e-01,2.308199496024095909e-01,1.000000000000000000e+00,1.535613177895918668e-01,3.921402156649815285e-01,3.080384677775784286e-01,6.869166913236185446e-01,7.087141776099633583e-01,8.023864614134446072e-02,3.848828392619913497e-01,4.589458690672489904e-01,4.486079446365016099e-01,4.529688860898897773e-01,1.256970287268267261e-01,3.723648065327849754e-01
3.640530154456728118e-02,-1.570569858829678755e-01,2.816397392789508070e-01,2.271528130927529671e-02,4.643049681594544342e-01,-4.457484064707705612e-02,1.941334534596999006e-01,-5.324083828979690042e-02,2.287340599253016860e-01,3.055593343089900160e-01,1.635713235916325115e-01,4.844951421128441266e-02,-1.109797968405397545e-01,9.619877446146529731e-02,4.378404960639863952e-01,5.821469752632907335e-01,1.881152027547004502e-01,3.760287539321626737e-01,1.883461606293085344e-01,-1.318242717813490339e-01,2.431991553948721074e-01,8.774283661401979795e-02,7.257058211515651780e-02,1.042007113541305180e-02,-1.713664396730564532e-02,6.256334072696683180e-01,1.535613177895918668e-01,1.000000000000000000e+00,-6.936394060087991420e-02,4.346476515881289582e-01,4.054358074255613453e-01,4.366754704849933055e-02,5.121360461282102872e-01,7.275670423443235391e-02,-8.222967248267391838e-02,-4.613939354769393958e-02,-4.341734382203960713e-02,4.294223634666214373e-01,2.002721267185227430e-02
5.639090012256600115e-01,4.533226835847934399e-01,1.588144505439526011e-02,1.732119259314485737e-01,1.892616759536864535e-01,2.163173352472584632e-01,1.139520630363577702e-01,2.057126595545160155e-02,3.983320720935996095e-01,1.649097311390460285e-01,1.043993026942777874e-01,2.481790742498879709e-01,4.629893272126501258e-01,4.447444666873167640e-01,-1.269325163234912845e-01,-9.283437115268590445e-02,1.007811496257131068e-01,1.365326752495303608e-01,-2.421844111746410816e-02,2.746267380149324255e-01,-1.835792239364876510e-01,1.720801268383885183e-02,5.030421472557310425e-01,3.294867625143970136e-01,3.856499186452533867e-01,-1.131815095823887479e-01,3.921402156649815285e-01,-6.936394060087991420e-02,1.000000000000000000e+00,1.133657738796784026e-01,1.909272216825936286e-01,5.488086181869945568e-01,-9.285833011986112384e-02,4.894868919697075160e-01,5.503974225309405943e-01,4.798160738060013863e-01,6.401786029500132758e-01,5.575294929991318066e-02,3.942444601042351948e-01
7.940364204938138437e-02,-1.111810008372190461e-01,4.145260562151109052e-01,-2.061182592703468541e-01,4.899301698896438850e-01,2.658944985633081015e-01,1.996691373511164380e-01,-1.867543453357587979e-01,2.810553603045763960e-01,3.578290717650332020e-01,3.733244774055730075e-01,1.075882197697441284e-01,1.962399747031687638e-02,3.454034289347442943e-01,1.936210885028150919e-01,5.424349396877378160e-01,4.701972374783113251e-01,3.780793266010747944e-01,3.101858976205193463e-01,8.344465408777720569e-03,1.545313585836128878e-01,8.459751770125564785e-02,3.898461848291683296e-01,3.729075232313934785e-01,2.866493838910156855e-01,6.851102252372005541e-01,3.080384677775784286e-01,4.346476515881289582e-01,1.133657738796784026e-01,1.000000000000000000e+00,4.037441465445199551e-01,3.244662082207874221e-01,3.981077657806852410e-01,1.212506248859221147e-01,-2.638727124712940408e-02,2.024906125605543603e-02,5.843294194131343905e-02,2.856994152803062348e-01,1.379494458615797559e-01
1.758509257654256586e-01,-5.258956162860864945e-03,2.602362579886999816e-01,-6.190777011723278336e-03,4.659054521286376538e-01,-8.195383209343161390e-02,2.462232106471885507e-01,-1.429524081160890858e-01,1.659589504132372995e-01,5.763441822095706213e-01,3.433200955322664449e-01,2.265757886264983811e-01,1.283809502238031641e-01,1.602627752158543029e-01,2.706148906718132130e-01,2.553576613285087338e-01,3.628893306626451015e-02,2.349503149093171428e-01,3.059864617796255737e-01,6.540799564053004223e-02,7.654215893187041320e-02,1.391922537322273501e-01,3.193524102991083247e-01,1.602739323814264816e-01,4.270275341040346007e-01,3.268447952544853430e-01,6.869166913236185446e-01,4.054358074255613453e-01,1.909272216825936286e-01,4.037441465445199551e-01,1.000000000000000000e+00,4.774244438216597164e-01,2.900943103106826682e-01,1.443846830929454983e-01,1.412151706173408461e-01,3.168608567102064733e-01,1.456258689121414096e-01,4.139741315529846810e-01,4.322783145602017152e-01
4.945774927335551130e-01,5.082238118618462863e-01,3.062801693065053121e-01,1.789721606073769455e-01,2.738133451425502907e-01,3.624537097469963665e-01,3.663622235794354864e-01,-2.980109563336955647e-01,3.749259806375338511e-01,3.700002865393141604e-01,5.360627710278327296e-01,3.873386895271718755e-01,6.549736385409282713e-01,6.490119009449430987e-01,1.057109508884514770e-01,3.020959646984727742e-01,3.621768420056283855e-01,2.822961277206185171e-01,8.073496858034183432e-02,4.841525148009808155e-01,-6.295906543958547374e-02,2.899671948497310470e-01,7.195399006196104841e-01,3.048300484208454897e-01,5.940826184250722619e-01,7.590219790854042803e-02,7.087141776099633583e-01,4.366754704849933055e-02,5.488086181869945568e-01,3.244662082207874221e-01,4.774244438216597164e-01,1.000000000000000000e+00,-1.927446874477529212e-03,5.202308567974791575e-01,5.871271493033296540e-01,5.674880587235412444e-01,6.489157317096619915e-01,4.665004841806782640e-03,3.870544162061384519e-01
2.216123458039405414e-02,-2.007534489799340238e-01,6.472062643792171333e-01,-1.390533105460710905e-01,5.785752345767345428e-01,-9.897403264082296759e-02,3.262318084374158378e-01,-3.889142651782722671e-01,2.123657872969985372e-01,4.705447181023770242e-01,5.595254043484609863e-02,-1.825373486150821609e-02,-6.901348904647161553e-02,6.195464055197275055e-02,2.751200874319912892e-01,4.947449872553766892e-01,7.502654176919489049e-02,5.180485199109062799e-01,4.808307547252030911e-01,-1.103044858766519809e-01,7.245447610254949211e-01,3.393794151884029775e-01,9.924228062742106171e-02,1.433508454629301987e-01,1.623910374182443994e-01,4.495861593275590762e-01,8.023864614134446072e-02,5.121360461282102872e-01,-9.285833011986112384e-02,3.981077657806852410e-01,2.900943103106826682e-01,-1.927446874477529212e-03,1.000000000000000000e+00,-8.789087121382881118e-02,-1.127290687409127495e-01,3.135366545432294316e-02,-9.252040614615000824e-02,2.887573412635811576e-01,8.296370472759916070e-02
5.371714229336830293e-01,5.610902305078007135e-01,6.081142986752156171e-02,2.562509471678750539e-01,2.561787839127099287e-01,1.376742750468155363e-01,1.272707495143506062e-01,-6.150062388699854832e-03,6.350965263565591101e-01,1.787388195836046023e-01,1.177722059604999899e-01,3.997939273469527377e-01,5.487675978620513151e-01,5.497823519051558971e-01,1.026270292029404646e-01,5.202933535121508080e-02,1.259057280110583987e-01,2.579864441423019850e-01,-1.944846715717691854e-01,3.238190344671851850e-01,-2.513700897466712436e-01,1.345641498904992690e-02,5.582289084159363091e-01,3.269047700881477780e-01,4.014556231573528366e-01,-7.446331277218645739e-02,3.848828392619913497e-01,7.275670423443235391e-02,4.894868919697075160e-01,1.212506248859221147e-01,1.443846830929454983e-01,5.202308567974791575e-01,-8.789087121382881118e-02,1.000000000000000000e+00,5.005766745382069782e-01,4.889455396696645861e-01,5.071298446935776916e-01,1.288584234362045999e-01,3.739736237395504537e-01
6.395270655117847314e-01,6.039263508864847196e-01,1.487390462097203381e-01,2.038593401541289318e-01,1.342906787627929088e-01,3.360089189147698052e-01,7.542930206089172585e-02,-1.937969493121941278e-01,4.164065357870095907e-01,9.058482459349376237e-02,2.306087334793205101e-01,1.813855218865721985e-01,5.166784813288995970e-01,5.949436989778100759e-01,-1.137095081070112895e-01,2.293532689252229806e-02,9.502880492592132022e-02,2.290256362494337283e-01,-6.013250952451157372e-02,3.703543285236028382e-01,-3.844396122755489725e-02,2.239608976513080829e-01,4.598879257394726805e-01,2.693955474549511453e-01,4.285110558242022916e-01,-2.007551787687692491e-01,4.589458690672489904e-01,-8.222967248267391838e-02,5.503974225309405943e-01,-2.638727124712940408e-02,1.412151706173408461e-01,5.871271493033296540e-01,-1.127290687409127495e-01,5.005766745382069782e-01,1.000000000000000000e+00,5.405153266676363533e-01,7.807500347164486598e-01,-3.094265793067955614e-02,3.313298123523722993e-01
6.699758732950749085e-01,6.024212365793836232e-01,1.841101609507310999e-01,1.473611725894243552e-01,3.906625995412922880e-01,-1.451607246559192821e-01,2.208871472868401686e-01,-1.996064884500929060e-01,5.308729622825300032e-01,4.234204254078954288e-01,1.430970430682868832e-01,2.454829719549365130e-01,5.607698225388486613e-01,4.132608107488472959e-01,1.300575566100260483e-01,6.645023128247372346e-02,-8.117098950515447275e-02,3.955224905047017292e-01,2.093806072270446850e-01,3.548989025476020354e-01,-1.915167031035937620e-02,2.126680571379158391e-01,5.370250615304761332e-01,1.129820408767247542e-01,6.481610677723492753e-01,-2.043970123941662442e-01,4.486079446365016099e-01,-4.613939354769393958e-02,4.798160738060013863e-01,2.024906125605543603e-02,3.168608567102064733e-01,5.674880587235412444e-01,3.135366545432294316e-02,4.889455396696645861e-01,5.405153266676363533e-01,1.000000000000000000e+00,4.644874456185039135e-01,2.981796442803228975e-01,6.735608609890012533e-01
5.271662518536838204e-01,5.256934987797905467e-01,1.257922320041725550e-01,2.051556812703412003e-01,1.278158070698663940e-01,3.877146916781345487e-01,1.826633969549418535e-01,-1.268360707563474521e-01,3.557654481715482597e-01,1.249719006746224381e-01,2.237481674544261612e-01,2.418367356431733450e-01,5.598951730434083007e-01,5.683846065330985242e-01,-4.580393163856245897e-02,5.947498602666773104e-02,1.466045394751976649e-01,1.493596868222764884e-01,-5.921537378230151694e-02,3.335291712540879305e-01,-9.518571033432972339e-02,1.382548316582872527e-01,4.940370053300023878e-01,3.043595196941870640e-01,3.880821022371798157e-01,-9.030504609018472073e-02,4.529688860898897773e-01,-4.341734382203960713e-02,6.401786029500132758e-01,5.843294194131343905e-02,1.456258689121414096e-01,6.489157317096619915e-01,-9.252040614615000824e-02,5.071298446935776916e-01,7.807500347164486598e-01,4.644874456185039135e-01,1.000000000000000000e+00,-5.210983652623116941e-02,2.983445782125090373e-01
2.549729582398635452e-01,-4.139698399474286278e-02,1.129210123109577191e-01,-2.988839696084755540e-02,5.674687572365905153e-01,-3.717440816703830309e-01,-6.699905708176298776e-03,1.087082807881798591e-01,4.226836375991532280e-01,5.614317770765866467e-01,-6.501662350635203924e-02,8.386531959124465807e-02,-1.117916402963679556e-01,-3.053955976109982637e-02,5.180645855743448713e-01,2.064497869246089967e-01,-2.954251913147771802e-01,4.430728408743768165e-01,4.910863055951685263e-01,-1.734902902246166501e-01,4.110891508372253866e-02,-8.612079742574409169e-02,1.177630631039694870e-01,3.665585734073228963e-02,3.355580264737687002e-01,3.240666456968437359e-01,1.256970287268267261e-01,4.294223634666214373e-01,5.575294929991318066e-02,2.856994152803062348e-01,4.139741315529846810e-01,4.665004841806782640e-03,2.887573412635811576e-01,1.288584234362045999e-01,-3.094265793067955614e-02,2.981796442803228975e-01,-5.210983652623116941e-02,1.000000000000000000e+00,6.168373528830659591e-01
5.688928163543643945e-01,3.844786591213942839e-01,1.863912131817979934e-01,4.193820575200949557e-02,5.355749776853357957e-01,-2.563157469713740477e-01,1.121464359564217639e-01,-9.537079693215162746e-02,5.299959478249713918e-01,6.258842887633945251e-01,7.404258261036146538e-02,2.521202129187773422e-01,3.481651797558438788e-01,1.922806564556819864e-01,2.833434525259251879e-01,3.929101383871865666e-02,-3.027367926714654711e-01,4.462298087845165129e-01,4.911565423338882797e-01,1.741913611428655417e-01,-2.814291604551067208e-03,1.148619020393589624e-01,3.958924479140418784e-01,1.114524662705517755e-01,6.890959561167245839e-01,-5.127034674679324666e-02,3.723648065327849754e-01,2.002721267185227430e-02,3.942444601042351948e-01,1.379494458615797559e-01,4.322783145602017152e-01,3.870544162061384519e-01,8.296370472759916070e-02,3.739736237395504537e-01,3.313298123523722993e-01,6.735608609890012533e-01,2.983445782125090373e-01,6.168373528830659591e-01,1.000000000000000000e+00
