1.000000000000000000e+00,4.113888080104932121e-01,5.504638137665502917e-01,2.054655166487560133e-03,5.935403060882148418e-01,1.024483190985436692e-01,5.988368507752275249e-01,-4.549561475800504295e-01,5.669541018719319592e-01,5.065701742823716103e-01,3.261695930215099959e-01,5.316994670949211077e-01,5.978833695577225882e-01,1.614988621359506604e-01,7.412017488929746323e-01,6.348116531783594141e-01,9.729885982116642795e-02,6.342165761119854077e-03,5.387369880566492686e-01,6.932472474106217142e-01,5.394991404477033070e-01,7.411454599426471335e-01,6.643330960157640686e-01,2.000065773217415688e-01,5.023338098946980024e-01,5.949841083918963047e-01,5.675650415821623662e-01,7.133624720815481268e-01,3.843870059030332076e-01,4.477407852333678551e-01,2.782962328723427858e-01,3.417334914748221264e-01,1.934489761072117620e-01,6.647808647060052811e-01,5.789700971146211766e-02,7.497245428162802039e-02,4.810152746825178682e-01,7.506101652155112713e-01,5.904866351495694499e-01
4.113888080104932121e-01,1.000000000000000000e+00,5.101732169299397768e-01,-3.327446552021292026e-01,5.513089084328102185e-01,-3.647505022509334172e-01,1.147580356445832839e-01,-5.189427227280680732e-01,4.747571904168285672e-01,6.666835540672617633e-01,-2.138556190052351251e-03,3.124019453627925255e-02,-7.291704853065807124e-02,4.060759927685799742e-01,1.036992749627686783e-01,6.745261963331766752e-01,-2.335683820313804449e-01,-2.466486064717408611e-01,2.234768067016542903e-01,1.440737881476183424e-01,2.226880454522750241e-01,2.073405435079179460e-01,4.463914125015735479e-01,-1.802786977576425476e-01,3.893649336131907446e-01,4.461933439416453928e-01,3.746859305610313329e-01,3.445778513548520272e-01,4.866902329197287380e-01,6.935889573689890675e-01,5.889205390451737188e-01,1.511597253320289269e-01,4.632775845526101999e-01,6.159643384680243416e-01,4.132267398147975723e-01,4.108941657779712764e-01,5.917888535336072175e-01,1.561768566515289725e-01,3.326412015430852409e-01
5.504638137665502917e-01,5.101732169299397768e-01,1.000000000000000000e+00,-2.193463643491161755e-02,6.210857908841954655e-01,-1.731140559779082155e-01,3.350891293241903823e-01,-9.206087388610798561e-01,5.917047630380829482e-01,5.087662809232698091e-01,1.042899555217186996e-01,3.549239952378719365e-01,3.835945783797760633e-01,4.313682249406808888e-01,4.912696950387635542e-01,5.594297807603986206e-01,-2.341702710717153135e-01,-2.845820884910559706e-02,3.928856695408040611e-01,6.754985424538515471e-01,6.771887562856856446e-01,6.688442173358299936e-01,5.416838107355766985e-01,6.890470478466806381e-02,5.026979626754305430e-01,4.923233754827280317e-01,2.409599096493020287e-01,5.466218962491369293e-01,2.519126711029354704e-01,4.206732889561760613e-01,2.358756629334189392e-01,1.491674973824316519e-01,4.707819008225698765e-01,5.851998876871020716e-01,7.968379330770580804e-02,8.971358948699723057e-02,4.190206469428698899e-01,5.814699558345912678e-01,5.868426351219255821e-01
2.054655166487560133e-03,-3.327446552021292026e-01,-2.193463643491161755e-02,1.000000000000000000e+00,-4.915584656291160232e-02,2.982575367906933894e-01,3.325476131640416888e-01,5.213676507388048664e-02,1.951354452434116704e-01,-1.376647991593699938e-01,2.693083640718378358e-01,7.871367433672432634e-02,2.358008952361677624e-01,6.633827165989419905e-02,1.419618112536234766e-01,-1.100645667141482431e-01,2.964042559341757976e-01,4.575251045730159283e-01,2.945027834916812831e-02,2.492472111798697265e-01,-1.034068140190067264e-01,1.553569313743310976e-01,-7.342531683377749585e-04,9.803567226410932200e-02,-1.357781462390509064e-01,-2.439165378804057094e-01,-1.715109289406672732e-01,-2.752307739132993647e-01,-1.143553855447755202e-01,-1.057115059224297410e-01,-2.860058678158369783e-01,1.208703736374710930e-01,-4.111696238110835733e-01,-2.177190278994768080e-01,-2.830571928315068764e-01,-7.324988144038073468e-02,-1.922582449041691788e-01,1.112241327793697526e-01,1.098698858214233881e-01
5.935403060882148418e-01,5.513089084328102185e-01,6.210857908841954655e-01,-4.915584656291160232e-02,1.000000000000000000e+00,1.649690568962096718e-02,5.884877863793132047e-01,-6.206682992608738569e-01,7.210309655395671369e-01,5.965749814853400501e-01,2.421069853662724536e-01,6.496564149313352465e-02,2.554598107206601521e-01,4.379204353441193409e-01,3.940994661294925372e-01,6.427532341955074502e-01,6.880956791771337955e-02,-9.805629322423144167e-02,6.124341089514271363e-01,4.617104512669869543e-01,5.639062676592461187e-01,4.917108375607661674e-01,5.502556715533546416e-01,-1.078164187708121648e-02,5.475959062906098351e-01,4.970141075518188511e-01,4.026574658801439499e-01,6.399087154849746328e-01,3.787342694382679897e-01,6.695326181174759972e-01,4.036039624707499218e-01,9.113245704710094819e-02,4.516344927481410476e-01,6.041982764490425595e-01,7.934710618723327114e-02,3.492052091251545143e-01,4.676158210370873203e-01,3.955907402568136777e-01,4.413388514812409125e-01
1.024483190985436692e-01,-3.647505022509334172e-01,-1.731140559779082155e-01,2.982575367906933894e-01,1.649690568962096718e-02,1.000000000000000000e+00,2.476454736619183028e-01,2.185465203845812776e-01,-9.199733100279808284e-02,-1.187241759919184930e-01,6.012605724416465458e-01,1.258731724914602668e-01,1.148913799115799383e-01,5.350439868217975875e-02,8.908517127328909047e-02,-1.541418889158396865e-01,5.973431714145079896e-01,2.753586952224217899e-01,3.024251146110445432e-01,1.277710120302534558e-01,-7.349777537635598934e-02,9.532825925437572734e-02,2.275151194044034708e-01,2.229411151415182091e-01,2.134679748162489343e-01,1.155100216162616572e-01,9.487375741155756881e-02,3.962877199623812685e-02,2.330944377456957706e-01,-1.349338295093547579e-01,4.529106071048501214e-02,5.090203388141637530e-01,-6.348477445047434609e-02,-2.745951207541749706e-01,1.339450934092990819e-01,1.023906076469741216e-01,1.565463945156406744e-01,4.181360276717401708e-02,-1.469709251211571144e-01
5.988368507752275249e-01,1.147580356445832839e-01,3.350891293241903823e-01,3.325476131640416888e-01,5.884877863793132047e-01,2.476454736619183028e-01,1.000000000000000000e+00,-2.579526683889684091e-01,6.798812426007030396e-01,3.602632787442675566e-01,4.778893450390466202e-01,1.861632405993647876e-01,5.878875051012500963e-01,1.846339780946429920e-01,6.019914800454673198e-01,4.248029951585549080e-01,3.897391606441438228e-01,1.177005521085142670e-01,6.155472301385845890e-01,5.802709621221348035e-01,4.214944535555462668e-01,5.884785689816712795e-01,4.750470847157076681e-01,1.839320787962269166e-01,3.603359181691315194e-01,2.892705934972916171e-01,3.287114841837665002e-01,5.111779428516208812e-01,1.179834400944185374e-01,3.611681881648519110e-01,1.118637758931134568e-01,1.730751627070211962e-01,4.522655696654445667e-02,4.002535077998485291e-01,-1.735610827626341002e-01,9.882885557372925178e-02,1.898046874090239811e-01,5.544474527992148127e-01,5.468281812478881232e-01
-4.549561475800504295e-01,-5.189427227280680732e-01,-9.206087388610798561e-01,5.213676507388048664e-02,-6.206682992608738569e-01,2.185465203845812776e-01,-2.579526683889684091e-01,1.000000000000000000e+00,-5.403957241568528858e-01,-4.813143659667477037e-01,-4.746770032122033661e-02,-2.246614428142695297e-01,-2.647476711026920393e-01,-4.245172517873062601e-01,-3.615313152458434764e-01,-5.181369415382653942e-01,2.745108363447638089e-01,6.644047917420614624e-02,-3.568594732931618108e-01,-5.688588607092565086e-01,-6.421124969768958746e-01,-5.471766721568782632e-01,-4.672877603468620356e-01,5.062267254182069992e-03,-4.570009072790837679e-01,-4.672919685597352601e-01,-1.946584384183242256e-01,-4.816765845565895710e-01,-2.300544040269920099e-01,-4.206693888552417993e-01,-2.245388118044207570e-01,-6.641864678801734367e-02,-5.081596271890551630e-01,-5.458882476812417783e-01,-1.099373596392889257e-01,-1.300291237294617930e-01,-3.949042628180409742e-01,-4.701264698085130256e-01,-5.139722642053861090e-01
5.669541018719319592e-01,4.747571904168285672e-01,5.917047630380829482e-01,1.951354452434116704e-01,7.210309655395671369e-01,-9.199733100279808284e-02,6.798812426007030396e-01,-5.403957241568528858e-01,1.000000000000000000e+00,5.048128233768153228e-01,3.278657757304322962e-01,1.730088096697104394e-01,4.880663246268326372e-01,4.949913387868412062e-01,5.555450715049842225e-01,5.781021252731970428e-01,1.699449959611125938e-01,1.024151157338246826e-01,5.181653740635240313e-01,5.517549445808432873e-01,4.865590560802307563e-01,5.700632570891552842e-01,4.893986114313679248e-01,1.105849110286935000e-01,4.155071803848592316e-01,2.698883012396828818e-01,1.932674084121168145e-01,4.874112559943747369e-01,1.716366475126594460e-01,5.907273648635746888e-01,1.514219651019152180e-01,9.155159852816763255e-02,2.318651624639545272e-01,5.451534377091136196e-01,-1.649167927391414212e-01,1.475334873690784254e-01,2.195977062645773914e-01,4.983571699237072661e-01,6.653150364472492084e-01
5.065701742823716103e-01,6.666835540672617633e-01,5.087662809232698091e-01,-1.376647991593699938e-01,5.965749814853400501e-01,-1.187241759919184930e-01,3.602632787442675566e-01,-4.813143659667477037e-01,5.048128233768153228e-01,1.000000000000000000e+00,1.689727697094092762e-01,1.176288927948981461e-01,6.081585866188805173e-02,3.730856300191653929e-01,2.528614312724073443e-01,8.716452974465747072e-01,-3.727862949808678078e-02,-6.036698773185509431e-02,4.332251779333423092e-01,3.331941174640314363e-01,3.146119839163869503e-01,3.844231423825987815e-01,5.861381281846218538e-01,-2.116281024746013151e-01,3.765590051433941321e-01,5.906597465407936731e-01,6.394314450107505543e-01,4.692713139669738021e-01,6.411471358906027929e-01,8.377873915564276741e-01,6.376804795974740925e-01,3.123700029384335330e-01,3.042764297486336145e-01,5.491957633837923902e-01,4.460106725912841297e-01,6.525945662315929541e-01,6.691431714756348459e-01,3.205446981750831870e-01,3.373077372600291612e-01
3.261695930215099959e-01,-2.138556190052351251e-03,1.042899555217186996e-01,2.693083640718378358e-01,2.421069853662724536e-01,6.012605724416465458e-01,4.778893450390466202e-01,-4.746770032122033661e-02,3.278657757304322962e-01,1.689727697094092762e-01,1.000000000000000000e+00,1.556024772180122639e-01,3.502963861333228679e-01,3.231046371973678166e-01,3.068381662164942902e-01,1.250300448183840341e-01,7.245894558029801757e-01,2.231705984401012310e-01,4.778803951523419857e-01,2.860630153190648062e-01,1.315819734604629643e-01,2.607093968576034149e-01,4.182422504563625965e-01,3.253529555476858404e-01,3.015772677474203856e-01,1.953326866641770798e-01,1.650070981656205360e-01,2.236114532015632261e-01,2.743807297176346083e-01,1.433917309618264191e-01,8.607264230972079544e-02,4.676893483785276584e-01,8.117488132591310634e-02,-1.035728398369501098e-02,1.068281226845758519e-01,1.069405539416226902e-01,2.358079751382319289e-01,1.989182412546341983e-01,1.789164311498301352e-01
5.316994670949211077e-01,3.124019453627925255e-02,3.549239952378719365e-01,7.871367433672432634e-02,6.496564149313352465e-02,1.258731724914602668e-01,1.861632405993647876e-01,-2.246614428142695297e-01,1.730088096697104394e-01,1.176288927948981461e-01,1.556024772180122639e-01,1.000000000000000000e+00,5.837707645983126747e-01,-4.455168694361878734e-02,7.018172181829607226e-01,2.753564695981444710e-01,-1.022544568215505989e-01,2.370004759152631590e-01,1.420301937805497176e-02,6.246874852174054693e-01,3.350678169647569038e-01,6.835605978691915441e-01,4.304668212631780899e-01,2.978946052688386525e-01,2.998730571389348620e-01,1.732701634360409304e-01,2.650579764986637499e-01,3.793459465328899438e-01,6.828214375873999098e-02,-1.620448664547574982e-02,-2.757891878407596475e-02,3.201086637354498832e-01,-1.729397776492795080e-01,3.378470356597379487e-01,-1.763922375823180899e-01,-2.316768003520149333e-01,1.803945545376347548e-01,5.876078779390619955e-01,3.374717202105496083e-01
5.978833695577225882e-01,-7.291704853065807124e-02,3.835945783797760633e-01,2.358008952361677624e-01,2.554598107206601521e-01,1.148913799115799383e-01,5.878875051012500963e-01,-2.647476711026920393e-01,4.880663246268326372e-01,6.081585866188805173e-02,3.502963861333228679e-01,5.837707645983126747e-01,1.000000000000000000e+00,1.163001535441572226e-01,7.719496741767705172e-01,1.837657685808472552e-01,1.895606376136202142e-01,1.840430597720359995e-01,3.735407564154946680e-01,7.219327053098338887e-01,5.300815881491293124e-01,7.255315569247828833e-01,4.194091219298519135e-01,5.212941893208558053e-01,3.458482531658735870e-01,1.465617598914761288e-01,7.763585547586446256e-02,5.230600324577908689e-01,-1.693900285239764159e-01,-1.979348214872843695e-02,-2.313294775639282985e-01,1.173958575227607715e-01,-5.042531608298627538e-02,3.636373621417788304e-01,-3.937216824827690642e-01,-3.768922692145864062e-01,-7.299432197695840396e-02,7.183483834057508011e-01,6.128671814422994579e-01
1.614988621359506604e-01,4.060759927685799742e-01,4.313682249406808888e-01,6.633827165989419905e-02,4.379204353441193409e-01,5.350439868217975875e-02,1.846339780946429920e-01,-4.245172517873062601e-01,4.949913387868412062e-01,3.730856300191653929e-01,3.231046371973678166e-01,-4.455168694361878734e-02,1.163001535441572226e-01,1.000000000000000000e+00,6.123083150211275361e-02,2.776671061404135665e-01,1.379849393137041191e-01,4.306588868882983701e-02,4.182179539299051285e-01,2.137938681587150669e-01,1.696730159733481624e-01,1.950347973879776042e-01,4.048053924710494078e-01,1.979070575731035619e-01,4.513387021205104155e-01,2.682584684404124009e-01,-6.492645696310871128e-02,1.220274358933620684e-01,3.624350415695543060e-01,4.229574944718725860e-01,2.384527076375449195e-01,2.640677309243838478e-01,4.142946773882101863e-01,2.756210838678855302e-01,2.457613299669227369e-01,2.866194184115182786e-01,3.331652347866819741e-01,1.488460202232272378e-01,3.103757159369375240e-01
7.412017488929746323e-01,1.036992749627686783e-01,4.912696950387635542e-01,1.419618112536234766e-01,3.940994661294925372e-01,8.908517127328909047e-02,6.019914800454673198e-01,-3.615313152458434764e-01,5.555450715049842225e-01,2.528614312724073443e-01,3.068381662164942902e-01,7.018172181829607226e-01,7.719496741767705172e-01,6.123083150211275361e-02,1.000000000000000000e+00,4.388522776666311520e-01,6.710981947303978901e-02,1.451292068642428268e-01,3.714398986625734311e-01,8.010978079930051177e-01,5.483122441932440916e-01,8.292675399007184422e-01,4.568203502549308404e-01,3.075384262716968631e-01,3.380429725192002355e-01,2.547726785699954699e-01,3.161850424874319554e-01,5.807165125907880476e-01,5.277623371102715955e-02,1.744680584299192205e-01,-8.713293114259784700e-02,2.098218213371802476e-01,-9.324684801903362907e-02,4.845874888639580269e-01,-3.120937586120293150e-01,-2.079079973478815957e-01,1.670651989444813246e-01,8.065017002220145059e-01,6.326418263014473853e-01
6.348116531783594141e-01,6.745261963331766752e-01,5.594297807603986206e-01,-1.100645667141482431e-01,6.427532341955074502e-01,-1.541418889158396865e-01,4.248029951585549080e-01,-5.181369415382653942e-01,5.781021252731970428e-01,8.716452974465747072e-01,1.250300448183840341e-01,2.753564695981444710e-01,1.837657685808472552e-01,2.776671061404135665e-01,4.388522776666311520e-01,1.000000000000000000e+00,-1.028454336872792058e-01,-1.014686507866972669e-02,3.844576501318605066e-01,4.455237284241623241e-01,3.558446692730597438e-01,4.961749723248582433e-01,6.111125257328209326e-01,-1.752705894012039356e-01,3.964037712458221563e-01,5.498011596019932723e-01,6.754365840592824188e-01,5.125427715962171948e-01,5.949579445065773520e-01,8.293952762789912336e-01,5.220795532144165696e-01,2.968909349879554904e-01,1.677381312383231793e-01,6.497169326620541030e-01,3.022859091898871253e-01,5.455346454662179934e-01,6.499194951477018645e-01,4.496538527968810262e-01,4.267933344167901821e-01
9.729885982116642795e-02,-2.335683820313804449e-01,-2.341702710717153135e-01,2.964042559341757976e-01,6.880956791771337955e-02,5.973431714145079896e-01,3.897391606441438228e-01,2.745108363447638089e-01,1.699449959611125938e-01,-3.727862949808678078e-02,7.245894558029801757e-01,-1.022544568215505989e-01,1.895606376136202142e-01,1.379849393137041191e-01,6.710981947303978901e-02,-1.028454336872792058e-01,1.000000000000000000e+00,2.668980951522993972e-01,3.033340959071716414e-01,-2.900316029221676126e-02,-1.417494760981615476e-01,-4.332395294859010121e-02,1.536122545561116048e-01,2.175079480013583366e-01,3.424847787759715406e-02,-1.916963800773289692e-02,9.076951837874512596e-03,6.921829407752945126e-03,1.507570469429102833e-01,-2.219431864645666271e-03,-3.500882463052979593e-02,3.533389175685726635e-01,-4.201061662393541785e-02,-2.204783463686282030e-01,-1.083834136454631288e-02,1.238018127955196612e-01,-3.317987916713086016e-02,-7.439365995551666666e-02,-1.114566134936487568e-01
6.342165761119854077e-03,-2.466486064717408611e-01,-2.845820884910559706e-02,4.575251045730159283e-01,-9.805629322423144167e-02,2.753586952224217899e-01,1.177005521085142670e-01,6.644047917420614624e-02,1.024151157338246826e-01,-6.036698773185509431e-02,2.231705984401012310e-01,2.370004759152631590e-01,1.840430597720359995e-01,4.306588868882983701e-02,1.451292068642428268e-01,-1.014686507866972669e-02,2.668980951522993972e-01,1.000000000000000000e+00,-4.161182193711710636e-02,1.189593790921828764e-01,-8.571593525679964409e-02,1.242122020447115616e-01,5.484966589031477907e-02,2.360825267846482223e-02,-1.443019430175126461e-01,-2.529363802007347228e-01,1.418510955933089410e-03,-1.694357930878526985e-01,4.795557836536968460e-02,-5.773385645555483003e-02,-2.774421225508867939e-01,3.181742145702601277e-01,-4.644721255475741106e-01,-2.427768561526977009e-01,-2.074576560141512538e-01,-4.763940343005493294e-02,-1.002083325826584187e-01,-4.067321639052912628e-03,2.343312200985284144e-02
5.387369880566492686e-01,2.234768067016542903e-01,3.928856695408040611e-01,2.945027834916812831e-02,6.124341089514271363e-01,3.024251146110445432e-01,6.155472301385845890e-01,-3.568594732931618108e-01,5.181653740635240313e-01,4.332251779333423092e-01,4.778803951523419857e-01,1.420301937805497176e-02,3.735407564154946680e-01,4.182179539299051285e-01,3.714398986625734311e-01,3.844576501318605066e-01,3.033340959071716414e-01,-4.161182193711710636e-02,1.000000000000000000e+00,4.583768510766060289e-01,4.516551669751898701e-01,4.437055274139005134e-01,5.283568850259601213e-01,1.692054207001572330e-01,5.206619955602262984e-01,5.895094526950327429e-01,3.553093971745917012e-01,5.754427960050142454e-01,3.858386046579251327e-01,4.106696747913723966e-01,3.660855527180136293e-01,2.931534934938770376e-01,3.953452824075024963e-01,3.971544997818732825e-01,2.019531736458278770e-01,2.442961626407488263e-01,4.226487088497654088e-01,4.838180772450058065e-01,4.012981349598307990e-01
6.932472474106217142e-01,1.440737881476183424e-01,6.754985424538515471e-01,2.492472111798697265e-01,4.617104512669869543e-01,1.277710120302534558e-01,5.802709621221348035e-01,-5.688588607092565086e-01,5.517549445808432873e-01,3.331941174640314363e-01,2.860630153190648062e-01,6.246874852174054693e-01,7.219327053098338887e-01,2.137938681587150669e-01,8.010978079930051177e-01,4.455237284241623241e-01,-2.900316029221676126e-02,1.189593790921828764e-01,4.583768510766060289e-01,1.000000000000000000e+00,6.090404600180928663e-01,8.785736138246282856e-01,5.794705958893109354e-01,2.690137248789167268e-01,4.896111436402565964e-01,3.703919748420932967e-01,2.449885976478760330e-01,5.804280495035165632e-01,1.021411562047287030e-01,2.316904518978842031e-01,4.894376709104736323e-02,2.706456139883107737e-01,6.460743539004240588e-02,5.100496437241165415e-01,-1.615610899655256505e-01,-1.048645407248717798e-01,2.815305654624578602e-01,8.092894099004319663e-01,6.548004120361001767e-01
5.394991404477033070e-01,2.226880454522750241e-01,6.771887562856856446e-01,-1.034068140190067264e-01,5.639062676592461187e-01,-7.349777537635598934e-02,4.214944535555462668e-01,-6.421124969768958746e-01,4.865590560802307563e-01,3.146119839163869503e-01,1.315819734604629643e-01,3.350678169647569038e-01,5.300815881491293124e-01,1.696730159733481624e-01,5.483122441932440916e-01,3.558446692730597438e-01,-1.417494760981615476e-01,-8.571593525679964409e-02,4.516551669751898701e-01,6.090404600180928663e-01,1.000000000000000000e+00,6.709948648702691587e-01,3.584535112546728408e-01,2.354059921253102983e-01,4.445819374325780116e-01,4.838356275186475042e-01,2.398732844555564458e-01,7.320273151675362744e-01,-2.263822409348031570e-02,2.175023475270602968e-01,6.116823816718727769e-02,-7.805030956711066226e-02,4.430624715748638920e-01,4.739006115002766806e-01,-1.387151037153272204e-01,-1.237642426907882842e-01,1.393052965790989861e-01,5.965617852453122261e-01,5.818968619988358348e-01
7.411454599426471335e-01,2.073405435079179460e-01,6.688442173358299936e-01,1.553569313743310976e-01,4.917108375607661674e-01,9.532825925437572734e-02,5.884785689816712795e-01,-5.471766721568782632e-01,5.700632570891552842e-01,3.844231423825987815e-01,2.607093968576034149e-01,6.835605978691915441e-01,7.255315569247828833e-01,1.950347973879776042e-01,8.292675399007184422e-01,4.961749723248582433e-01,-4.332395294859010121e-02,1.242122020447115616e-01,4.437055274139005134e-01,8.785736138246282856e-01,6.709948648702691587e-01,1.000000000000000000e+00,5.974063718509095011e-01,2.816315773156309321e-01,5.102004134400951463e-01,4.180099876668973979e-01,3.527703139213946293e-01,6.578055595692654522e-01,1.406061302949484504e-01,2.500614424346879749e-01,1.239894965283938472e-01,2.891772216159997355e-01,1.075135397866641279e-01,5.517361892707464133e-01,-1.508284278832176528e-01,-1.024551474975727988e-01,3.033376829351248638e-01,8.198279464266601257e-01,6.844473690813179800e-01
6.643330960157640686e-01,4.463914125015735479e-01,5.416838107355766985e-01,-7.342531683377749585e-04,5.502556715533546416e-01,2.275151194044034708e-01,4.750470847157076681e-01,-4.672877603468620356e-01,4.893986114313679248e-01,5.861381281846218538e-01,4.182422504563625965e-01,4.304668212631780899e-01,4.194091219298519135e-01,4.048053924710494078e-01,4.568203502549308404e-01,6.111125257328209326e-01,1.536122545561116048e-01,5.484966589031477907e-02,5.283568850259601213e-01,5.794705958893109354e-01,3.584535112546728408e-01,5.974063718509095011e-01,1.000000000000000000e+00,2.042354496338479874e-01,7.310607844590278903e-01,5.674727288743910414e-01,4.684795623786993102e-01,5.450183242688396712e-01,4.724639168902016184e-01,5.143423520140126826e-01,4.714561812832593346e-01,5.151157370990528950e-01,2.786958137735311425e-01,5.668952788763410577e-01,2.927652125119385440e-01,3.084208200915875553e-01,6.296460630017781668e-01,4.870153221323726411e-01,4.229701977452420825e-01
2.000065773217415688e-01,-1.802786977576425476e-01,6.890470478466806381e-02,9.803567226410932200e-02,-1.078164187708121648e-02,2.229411151415182091e-01,1.839320787962269166e-01,5.062267254182069992e-03,1.105849110286935000e-01,-2.116281024746013151e-01,3.253529555476858404e-01,2.978946052688386525e-01,5.212941893208558053e-01,1.979070575731035619e-01,3.075384262716968631e-01,-1.752705894012039356e-01,2.175079480013583366e-01,2.360825267846482223e-02,1.692054207001572330e-01,2.690137248789167268e-01,2.354059921253102983e-01,2.816315773156309321e-01,2.042354496338479874e-01,1.000000000000000000e+00,3.586489148349359946e-01,4.114228231437119625e-03,-9.570761824624397784e-02,2.571806882136307149e-01,-2.247896592346768918e-01,-3.095801274577670847e-01,-1.909591165531211443e-01,2.227291342695916429e-02,9.163397644119687657e-02,1.128519006781907030e-02,-2.450500751230896834e-01,-5.253967834300071749e-01,-1.673074599739974577e-01,2.807944436717186298e-01,2.650997676251060087e-01
5.023338098946980024e-01,3.893649336131907446e-01,5.026979626754305430e-01,-1.357781462390509064e-01,5.475959062906098351e-01,2.134679748162489343e-01,3.603359181691315194e-01,-4.570009072790837679e-01,4.155071803848592316e-01,3.765590051433941321e-01,3.015772677474203856e-01,2.998730571389348620e-01,3.458482531658735870e-01,4.513387021205104155e-01,3.380429725192002355e-01,3.964037712458221563e-01,3.424847787759715406e-02,-1.443019430175126461e-01,5.206619955602262984e-01,4.896111436402565964e-01,4.445819374325780116e-01,5.102004134400951463e-01,7.310607844590278903e-01,3.586489148349359946e-01,1.000000000000000000e+00,5.411472030344041118e-01,2.929327536514241270e-01,6.038209713401846424e-01,2.709136762462321379e-01,3.366268748968361257e-01,4.409370877210603834e-01,2.699293352238227861e-01,4.420074679692101438e-01,4.751218673907728896e-01,1.852972325682998855e-01,1.511917367694405601e-01,4.691998397827118472e-01,3.928945108281164389e-01,4.032885848888065894e-01
5.949841083918963047e-01,4.461933439416453928e-01,4.923233754827280317e-01,-2.439165378804057094e-01,4.970141075518188511e-01,1.155100216162616572e-01,2.892705934972916171e-01,-4.672919685597352601e-01,2.698883012396828818e-01,5.906597465407936731e-01,1.953326866641770798e-01,1.732701634360409304e-01,1.465617598914761288e-01,2.682584684404124009e-01,2.547726785699954699e-01,5.498011596019932723e-01,-1.916963800773289692e-02,-2.529363802007347228e-01,5.895094526950327429e-01,3.703919748420932967e-01,4.838356275186475042e-01,4.180099876668973979e-01,5.674727288743910414e-01,4.114228231437119625e-03,5.411472030344041118e-01,1.000000000000000000e+00,6.097455744386490739e-01,6.118774235899772096e-01,5.719848592792051711e-01,4.734204928011995217e-01,6.132136377105312786e-01,3.207946058967529601e-01,5.842049259493156121e-01,5.433468393883915670e-01,5.372454442763606730e-01,4.158520495270952577e-01,6.057224257839093351e-01,4.367834083680169344e-01,2.728753756887142279e-01
5.675650415821623662e-01,3.746859305610313329e-01,2.409599096493020287e-01,-1.715109289406672732e-01,4.026574658801439499e-01,9.487375741155756881e-02,3.287114841837665002e-01,-1.946584384183242256e-01,1.932674084121168145e-01,6.394314450107505543e-01,1.650070981656205360e-01,2.650579764986637499e-01,7.763585547586446256e-02,-6.492645696310871128e-02,3.161850424874319554e-01,6.754365840592824188e-01,9.076951837874512596e-03,1.418510955933089410e-03,3.553093971745917012e-01,2.449885976478760330e-01,2.398732844555564458e-01,3.527703139213946293e-01,4.684795623786993102e-01,-9.570761824624397784e-02,2.929327536514241270e-01,6.097455744386490739e-01,1.000000000000000000e+00,4.825986181027389632e-01,6.153807163194062735e-01,4.820184759506896954e-01,5.677177523626851796e-01,3.749405978263016248e-01,1.038248246050630930e-01,4.326711955277230959e-01,4.290379798886323481e-01,4.256995633494464748e-01,6.058732948859311129e-01,3.136163993712819953e-01,1.786970233008898512e-01
7.133624720815481268e-01,3.445778513548520272e-01,5.466218962491369293e-01,-2.752307739132993647e-01,6.399087154849746328e-01,3.962877199623812685e-02,5.111779428516208812e-01,-4.816765845565895710e-01,4.874112559943747369e-01,4.692713139669738021e-01,2.236114532015632261e-01,3.793459465328899438e-01,5.230600324577908689e-01,1.220274358933620684e-01,5.807165125907880476e-01,5.125427715962171948e-01,6.921829407752945126e-03,-1.694357930878526985e-01,5.754427960050142454e-01,5.804280495035165632e-01,7.320273151675362744e-01,6.578055595692654522e-01,5.450183242688396712e-01,2.571806882136307149e-01,6.038209713401846424e-01,6.118774235899772096e-01,4.825986181027389632e-01,1.000000000000000000e+00,1.779007197531475015e-01,3.539796862727714877e-01,3.484804079399156373e-01,8.792454526641700630e-02,4.483393351047825770e-01,5.568648709563804866e-01,-8.634242435933883048e-04,2.955099025295894119e-02,3.341381903669080611e-01,5.983090308311683758e-01,4.603734981359703937e-01
3.843870059030332076e-01,4.866902329197287380e-01,2.519126711029354704e-01,-1.143553855447755202e-01,3.787342694382679897e-01,2.330944377456957706e-01,1.179834400944185374e-01,-2.300544040269920099e-01,1.716366475126594460e-01,6.411471358906027929e-01,2.743807297176346083e-01,6.828214375873999098e-02,-1.693900285239764159e-01,3.624350415695543060e-01,5.277623371102715955e-02,5.949579445065773520e-01,1.507570469429102833e-01,4.795557836536968460e-02,3.858386046579251327e-01,1.021411562047287030e-01,-2.263822409348031570e-02,1.406061302949484504e-01,4.724639168902016184e-01,-2.247896592346768918e-01,2.709136762462321379e-01,5.719848592792051711e-01,6.153807163194062735e-01,1.779007197531475015e-01,1.000000000000000000e+00,5.949927157034509140e-01,6.221315682909656086e-01,6.683786187897136077e-01,2.583742750969514890e-01,3.102640089615704144e-01,6.950387980387464637e-01,6.538844865018620389e-01,8.051607594125093081e-01,1.266244558368833928e-01,-7.062863322944546926e-03
4.477407852333678551e-01,6.935889573689890675e-01,4.206732889561760613e-01,-1.057115059224297410e-01,6.695326181174759972e-01,-1.349338295093547579e-01,3.611681881648519110e-01,-4.206693888552417993e-01,5.907273648635746888e-01,8.377873915564276741e-01,1.433917309618264191e-01,-1.620448664547574982e-02,-1.979348214872843695e-02,4.229574944718725860e-01,1.744680584299192205e-01,8.293952762789912336e-01,-2.219431864645666271e-03,-5.773385645555483003e-02,4.106696747913723966e-01,2.316904518978842031e-01,2.175023475270602968e-01,2.500614424346879749e-01,5.143423520140126826e-01,-3.095801274577670847e-01,3.366268748968361257e-01,4.734204928011995217e-01,4.820184759506896954e-01,3.539796862727714877e-01,5.949927157034509140e-01,1.000000000000000000e+00,5.621422364385554316e-01,2.192148554939037652e-01,2.507307340665339002e-01,5.520668301682710721e-01,3.498104224295262021e-01,7.050790460812906835e-01,6.031763667681198093e-01,2.230863966485720495e-01,2.978489395119001681e-01
2.782962328723427858e-01,5.889205390451737188e-01,2.358756629334189392e-01,-2.860058678158369783e-01,4.036039624707499218e-01,4.529106071048501214e-02,1.118637758931134568e-01,-2.245388118044207570e-01,1.514219651019152180e-01,6.376804795974740925e-01,8.607264230972079544e-02,-2.757891878407596475e-02,-2.313294775639282985e-01,2.384527076375449195e-01,-8.713293114259784700e-02,5.220795532144165696e-01,-3.500882463052979593e-02,-2.774421225508867939e-01,3.660855527180136293e-01,4.894376709104736323e-02,6.116823816718727769e-02,1.239894965283938472e-01,4.714561812832593346e-01,-1.909591165531211443e-01,4.409370877210603834e-01,6.132136377105312786e-01,5.677177523626851796e-01,3.484804079399156373e-01,6.221315682909656086e-01,5.621422364385554316e-01,1.000000000000000000e+00,3.521417796475917461e-01,4.862372710336576587e-01,3.885472597512112380e-01,6.310848351519806609e-01,5.938913452434593232e-01,6.877636895561143326e-01,4.594916126044593790e-02,1.378528493167684339e-02
3.417334914748221264e-01,1.511597253320289269e-01,1.491674973824316519e-01,1.208703736374710930e-01,9.113245704710094819e-02,5.090203388141637530e-01,1.730751627070211962e-01,-6.641864678801734367e-02,9.155159852816763255e-02,3.123700029384335330e-01,4.676893483785276584e-01,3.201086637354498832e-01,1.173958575227607715e-01,2.640677309243838478e-01,2.098218213371802476e-01,2.968909349879554904e-01,3.533389175685726635e-01,3.181742145702601277e-01,2.931534934938770376e-01,2.706456139883107737e-01,-7.805030956711066226e-02,2.891772216159997355e-01,5.151157370990528950e-01,2.227291342695916429e-02,2.699293352238227861e-01,3.207946058967529601e-01,3.749405978263016248e-01,8.792454526641700630e-02,6.683786187897136077e-01,2.192148554939037652e-01,3.521417796475917461e-01,1.000000000000000000e+00,4.651210632792467103e-03,1.384795674317180203e-01,4.570457359119153851e-01,3.130676087772878979e-01,5.896579783481488146e-01,2.211849355967832054e-01,4.660005854160120115e-02
1.934489761072117620e-01,4.632775845526101999e-01,4.707819008225698765e-01,-4.111696238110835733e-01,4.516344927481410476e-01,-6.348477445047434609e-02,4.522655696654445667e-02,-5.081596271890551630e-01,2.318651624639545272e-01,3.042764297486336145e-01,8.117488132591310634e-02,-1.729397776492795080e-01,-5.042531608298627538e-02,4.142946773882101863e-01,-9.324684801903362907e-02,1.677381312383231793e-01,-4.201061662393541785e-02,-4.644721255475741106e-01,3.953452824075024963e-01,6.460743539004240588e-02,4.430624715748638920e-01,1.075135397866641279e-01,2.786958137735311425e-01,9.163397644119687657e-02,4.420074679692101438e-01,5.842049259493156121e-01,1.038248246050630930e-01,4.483393351047825770e-01,2.583742750969514890e-01,2.507307340665339002e-01,4.862372710336576587e-01,4.651210632792467103e-03,1.000000000000000000e+00,3.347846838447285367e-01,3.846184157599050191e-01,1.788667918136320201e-01,3.399919757050496316e-01,7.651215267896929739e-02,1.434417158172448525e-01
6.647808647060052811e-01,6.159643384680243416e-01,5.851998876871020716e-01,-2.177190278994768080e-01,6.041982764490425595e-01,-2.745951207541749706e-01,4.002535077998485291e-01,-5.458882476812417783e-01,5.451534377091136196e-01,5.491957633837923902e-01,-1.035728398369501098e-02,3.378470356597379487e-01,3.636373621417788304e-01,2.756210838678855302e-01,4.845874888639580269e-01,6.497169326620541030e-01,-2.204783463686282030e-01,-2.427768561526977009e-01,3.971544997818732825e-01,5.100496437241165415e-01,4.739006115002766806e-01,5.517361892707464133e-01,5.668952788763410577e-01,1.128519006781907030e-02,4.751218673907728896e-01,5.433468393883915670e-01,4.326711955277230959e-01,5.568648709563804866e-01,3.102640089615704144e-01,5.520668301682710721e-01,3.885472597512112380e-01,1.384795674317180203e-01,3.347846838447285367e-01,1.000000000000000000e+00,1.279681735090544281e-01,1.853839352524903339e-01,4.528963780579340903e-01,5.589213783786352030e-01,5.591683772669856500e-01
5.789700971146211766e-02,4.132267398147975723e-01,7.968379330770580804e-02,-2.830571928315068764e-01,7.934710618723327114e-02,1.339450934092990819e-01,-1.735610827626341002e-01,-1.099373596392889257e-01,-1.649167927391414212e-01,4.460106725912841297e-01,1.068281226845758519e-01,-1.763922375823180899e-01,-3.937216824827690642e-01,2.457613299669227369e-01,-3.120937586120293150e-01,3.022859091898871253e-01,-1.083834136454631288e-02,-2.074576560141512538e-01,2.019531736458278770e-01,-1.615610899655256505e-01,-1.387151037153272204e-01,-1.508284278832176528e-01,2.927652125119385440e-01,-2.450500751230896834e-01,1.852972325682998855e-01,5.372454442763606730e-01,4.290379798886323481e-01,-8.634242435933883048e-04,6.950387980387464637e-01,3.498104224295262021e-01,6.310848351519806609e-01,4.570457359119153851e-01,3.846184157599050191e-01,1.279681735090544281e-01,1.000000000000000000e+00,5.896675663571772086e-01,6.619486307614141918e-01,-1.351177842934578044e-01,-1.783867012557960319e-01
7.497245428162802039e-02,4.108941657779712764e-01,8.971358948699723057e-02,-7.324988144038073468e-02,3.492052091251545143e-01,1.023906076469741216e-01,9.882885557372925178e-02,-1.300291237294617930e-01,1.475334873690784254e-01,6.525945662315929541e-01,1.069405539416226902e-01,-2.316768003520149333e-01,-3.768922692145864062e-01,2.866194184115182786e-01,-2.079079973478815957e-01,5.455346454662179934e-01,1.238018127955196612e-01,-4.763940343005493294e-02,2.442961626407488263e-01,-1.048645407248717798e-01,-1.237642426907882842e-01,-1.024551474975727988e-01,3.084208200915875553e-01,-5.253967834300071749e-01,1.511917367694405601e-01,4.158520495270952577e-01,4.256995633494464748e-01,2.955099025295894119e-02,6.538844865018620389e-01,7.050790460812906835e-01,5.938913452434593232e-01,3.130676087772878979e-01,1.788667918136320201e-01,1.853839352524903339e-01,5.896675663571772086e-01,1.000000000000000000e+00,5.598744696022155409e-01,-1.422053699419439654e-01,-1.475076570557625755e-01
4.810152746825178682e-01,5.917888535336072175e-01,4.190206469428698899e-01,-1.922582449041691788e-01,4.676158210370873203e-01,1.565463945156406744e-01,1.898046874090239811e-01,-3.949042628180409742e-01,2.195977062645773914e-01,6.691431714756348459e-01,2.358079751382319289e-01,1.803945545376347548e-01,-7.299432197695840396e-02,3.331652347866819741e-01,1.670651989444813246e-01,6.499194951477018645e-01,-3.317987916713086016e-02,-1.002083325826584187e-01,4.226487088497654088e-01,2.815305654624578602e-01,1.393052965790989861e-01,3.033376829351248638e-01,6.296460630017781668e-01,-1.673074599739974577e-01,4.691998397827118472e-01,6.057224257839093351e-01,6.058732948859311129e-01,3.341381903669080611e-01,8.051607594125093081e-01,6.031763667681198093e-01,6.877636895561143326e-01,5.896579783481488146e-01,3.399919757050496316e-01,4.528963780579340903e-01,6.619486307614141918e-01,5.598744696022155409e-01,1.000000000000000000e+00,2.695246921779340665e-01,1.492662526314864069e-01
7.506101652155112713e-01,1.561768566515289725e-01,5.814699558345912678e-01,1.112241327793697526e-01,3.955907402568136777e-01,4.181360276717401708e-02,5.544474527992148127e-01,-4.701264698085130256e-01,4.983571699237072661e-01,3.205446981750831870e-01,1.989182412546341983e-01,5.876078779390619955e-01,7.183483834057508011e-01,1.488460202232272378e-01,8.065017002220145059e-01,4.496538527968810262e-01,-7.439365995551666666e-02,-4.067321639052912628e-03,4.838180772450058065e-01,8.092894099004319663e-01,5.965617852453122261e-01,8.198279464266601257e-01,4.870153221323726411e-01,2.807944436717186298e-01,3.928945108281164389e-01,4.367834083680169344e-01,3.136163993712819953e-01,5.983090308311683758e-01,1.266244558368833928e-01,2.230863966485720495e-01,4.594916126044593790e-02,2.211849355967832054e-01,7.651215267896929739e-02,5.589213783786352030e-01,-1.351177842934578044e-01,-1.422053699419439654e-01,2.695246921779340665e-01,1.000000000000000000e+00,7.151983731191519089e-01
5.904866351495694499e-01,3.326412015430852409e-01,5.868426351219255821e-01,1.098698858214233881e-01,4.413388514812409125e-01,-1.469709251211571144e-01,5.468281812478881232e-01,-5.139722642053861090e-01,6.653150364472492084e-01,3.373077372600291612e-01,1.789164311498301352e-01,3.374717202105496083e-01,6.128671814422994579e-01,3.103757159369375240e-01,6.326418263014473853e-01,4.267933344167901821e-01,-1.114566134936487568e-01,2.343312200985284144e-02,4.012981349598307990e-01,6.548004120361001767e-01,5.818968619988358348e-01,6.844473690813179800e-01,4.229701977452420825e-01,2.650997676251060087e-01,4.032885848888065894e-01,2.728753756887142279e-01,1.786970233008898512e-01,4.603734981359703937e-01,-7.062863322944546926e-03,2.978489395119001681e-01,1.378528493167684339e-02,4.660005854160120115e-02,1.434417158172448525e-01,5.591683772669856500e-01,-1.783867012557960319e-01,-1.475076570557625755e-01,1.492662526314864069e-01,7.151983731191519089e-01,1.000000000000000000e+00
