1.000000000000000000e+00,6.094840825001339724e-01,4.724041390417481057e-01,3.668872820091576004e-01,4.099843119004962233e-01,5.048548781008492803e-01,4.995119510565292353e-01,-4.704544287944039116e-01,2.953541159275122063e-01,6.738393590527272936e-01,1.439304239652580419e-01,4.144975633738269272e-01,5.295883954142625027e-01,2.681239760658392646e-01,2.302345307083187576e-01,5.316550560285069338e-01,6.623441234568426816e-01,2.783301650514266590e-01,5.306289502882538534e-01,3.436362041304650283e-01,4.512935321536196698e-01,6.022634232086699901e-01,6.467569233853185384e-01,4.668686750173268729e-01,4.589598547208337265e-01,3.759468977771298626e-01,2.362743179228107560e-01,4.593838997038180993e-01,5.452538926266458086e-01,5.902358015376749645e-01,5.537744204765125966e-01,5.352663333746404684e-01,4.973241090171754419e-01,2.936649273990892262e-01,5.093310381104803053e-01,2.258167535577979834e-01,4.942901314952933278e-01,2.359144290653295284e-01,2.712988437297781941e-01
6.094840825001339724e-01,1.000000000000000000e+00,4.196200534892148282e-01,3.142785185739005449e-01,4.498494531779524963e-01,5.827392076024701106e-01,4.615380791170032304e-01,-4.244835435789890976e-01,4.136195284495455815e-01,6.998172845454500024e-01,3.186450058658317208e-01,5.478647011401857059e-01,4.920884776388162463e-01,2.924798032708446072e-01,3.170684944659256099e-01,5.971737798055102298e-01,6.367736536570777206e-01,4.090289048537578132e-01,5.378340591047530150e-01,2.379089305798389176e-01,3.873641153178148389e-01,5.458563191183877228e-01,6.535195706087216783e-01,4.339816026919624536e-01,5.806795430537072811e-01,7.935245545183879090e-02,1.416733638953241170e-01,3.890878355315456338e-01,2.997477086205264651e-01,5.213901777618207278e-01,6.148927540893595056e-01,6.666111703902516394e-01,5.106030722984854497e-01,5.248769672601425462e-01,4.346413104218573853e-01,3.426227509212925182e-01,6.517998549038822587e-01,1.586551309591016645e-01,5.277894408265914050e-01
4.724041390417481057e-01,4.196200534892148282e-01,1.000000000000000000e+00,4.230965241030261725e-01,4.211409164863696986e-01,3.988620663835029667e-01,6.005650775122168827e-01,-9.220727768385350576e-01,3.664003593046686325e-01,5.664797105888782491e-01,3.276064509020293336e-01,3.712136118352557523e-01,4.225432200864602250e-01,3.704127699490558090e-01,9.036267324598584727e-02,5.448981548264753005e-01,4.859562041633767038e-01,4.378424943725669483e-01,5.688665443055325177e-01,5.744063769649695311e-02,3.872471540020741565e-01,5.939603203317097568e-01,4.320477466436824510e-01,5.867155346353459811e-01,3.428868661559132947e-01,4.967501588632098342e-01,5.552702317004585275e-01,7.080132271119319309e-01,3.981937662984342818e-01,5.318011469419053894e-01,6.395721552970541346e-01,4.530754928038627782e-01,5.390922351357640974e-01,3.681362220245667505e-01,4.846254771367442538e-01,4.280995277180423830e-01,4.564606354538592869e-01,1.395665081731474744e-01,2.300781422994732650e-01
3.668872820091576004e-01,3.142785185739005449e-01,4.230965241030261725e-01,1.000000000000000000e+00,5.029937681737289834e-01,3.920041037471760359e-01,6.103649958532869624e-01,-3.903399040683925847e-01,3.166220794122681093e-01,4.390245072542356963e-01,3.757866052334171703e-02,3.762306928223645430e-01,4.542230365929213476e-01,4.497288963197658418e-02,1.682633376305968098e-01,3.098964119486926072e-01,5.056420482961847540e-01,4.081745520861590482e-01,4.973424860446855056e-01,1.137606767865778912e-01,2.811370539606819485e-01,4.290207424393155389e-01,4.496160826615364092e-01,3.249691173822399914e-01,2.478671192498678455e-01,2.286753659855965959e-01,9.542471917327349784e-02,3.606485302228317757e-01,2.854606227742498281e-01,4.151320655144289384e-01,4.076736010794680953e-01,4.313895568623525856e-01,4.427441465061441317e-01,4.002426423067803607e-01,3.343746111596841986e-01,2.721818220497491669e-01,4.028471308606303980e-01,1.691896473898508307e-02,1.346930605841173689e-01
4.099843119004962233e-01,4.498494531779524963e-01,4.211409164863696986e-01,5.029937681737289834e-01,1.000000000000000000e+00,2.809313764415421466e-01,3.177849243593907080e-01,-4.123375633668647233e-01,6.249723316620240388e-01,5.649327893509118459e-01,-4.645200519862122818e-02,3.690561747580728413e-01,2.880092819690606154e-01,2.943394753593475133e-01,2.421597384755951043e-01,4.614739574084345541e-01,3.757661222210927909e-01,7.347446355187424727e-01,6.343669303844178264e-01,-1.356802801252438018e-02,2.470728360066540008e-01,3.115402122116051054e-01,5.179009560550131841e-01,2.944078541699952645e-01,4.654282811314065516e-01,2.689534166357813172e-01,2.601798837194830294e-01,2.906338254524005738e-01,6.184496275913408531e-02,4.737898436698247950e-01,5.211439225494488570e-01,4.413785347120146030e-01,2.410557231048645610e-01,7.675669844124021202e-01,1.055512985172724627e-01,3.797721927353597815e-01,3.885477958388074415e-01,1.124102260563553252e-01,3.316177473393048802e-01
5.048548781008492803e-01,5.827392076024701106e-01,3.988620663835029667e-01,3.920041037471760359e-01,2.809313764415421466e-01,1.000000000000000000e+00,5.764646815646761180e-01,-4.033293596067809572e-01,2.869633477729686133e-01,5.748833213769100059e-01,3.054779926656073785e-01,6.094697175284302659e-01,6.768080003374534748e-01,1.525590313233252115e-01,4.726302096386374441e-01,2.317732917791571479e-01,7.991224059054884421e-01,1.616768899319653563e-01,4.771456201869365699e-01,4.231796240254943609e-01,4.323235380476592171e-01,6.350723150980006615e-01,6.403444448443823545e-01,5.908165396173504780e-01,2.583088348838895598e-01,3.641508866217422341e-03,3.047110501303498115e-02,3.371635048605928220e-01,4.693549342858615026e-01,3.022026926580404504e-01,7.038523410344591502e-01,8.025789313041643558e-01,6.629486426551286504e-01,2.702921532558253959e-01,6.902701076288905169e-01,-6.032613333349867712e-03,7.195028623662994560e-01,1.922273172279713449e-01,4.836138211826746525e-01
4.995119510565292353e-01,4.615380791170032304e-01,6.005650775122168827e-01,6.103649958532869624e-01,3.177849243593907080e-01,5.764646815646761180e-01,1.000000000000000000e+00,-5.679677496250160607e-01,2.585393852181916974e-01,5.726525444373136153e-01,1.072971670276497980e-01,6.078173106246458346e-01,6.921900740147408637e-01,1.685729281648709610e-01,4.135460039380496888e-01,4.188627590343768636e-01,6.637052355390157254e-01,3.274590414078016321e-01,6.466133647738632195e-01,3.834583521754673652e-01,4.308932559801658679e-01,7.120353576006432927e-01,6.253379444414263189e-01,4.529804305768883599e-01,3.278080183134774450e-01,2.323834311666243546e-01,2.044062474618530412e-01,4.649255114273465050e-01,3.754771860059284982e-01,4.612007073533442303e-01,6.513084488399605299e-01,6.374952236441442377e-01,6.991957902437306860e-01,3.403473312651508209e-01,5.048431271699853617e-01,3.093675568898257566e-01,5.228286231190271138e-01,4.853054309144960721e-02,3.119970391161103196e-01
-4.704544287944039116e-01,-4.244835435789890976e-01,-9.220727768385350576e-01,-3.903399040683925847e-01,-4.123375633668647233e-01,-4.033293596067809572e-01,-5.679677496250160607e-01,1.000000000000000000e+00,-3.642280350720401572e-01,-5.721111190990397777e-01,-3.268404375328406442e-01,-3.679969838842878649e-01,-4.316346084319369614e-01,-3.443656195992217950e-01,-8.719055869278320714e-02,-5.329823746049368038e-01,-4.900304830206250739e-01,-4.434547762048514086e-01,-5.692247185317842462e-01,-5.335352045150413419e-02,-4.404803789184186247e-01,-6.072907145979407062e-01,-4.274388422734858861e-01,-5.649314475259022972e-01,-3.179508636696901092e-01,-4.981242838791988814e-01,-5.458798796017085841e-01,-6.987538104811585882e-01,-3.844472232749092666e-01,-5.309367005186995669e-01,-6.427078967405893684e-01,-4.501577351628730517e-01,-5.482811438262956694e-01,-3.650564220893368073e-01,-4.872316981722309981e-01,-4.075311951508657771e-01,-4.450733150978810060e-01,-1.164137816711309920e-01,-1.988700663914318711e-01
2.953541159275122063e-01,4.136195284495455815e-01,3.664003593046686325e-01,3.166220794122681093e-01,6.249723316620240388e-01,2.869633477729686133e-01,2.585393852181916974e-01,-3.642280350720401572e-01,1.000000000000000000e+00,4.374926545428550195e-01,1.451565460515625572e-01,3.107817013492325531e-01,2.182486466476057652e-01,4.324754915250926257e-01,2.556779710108459946e-01,4.266302126806572059e-01,3.185697792345730806e-01,5.718538208866634776e-01,5.361207987352804016e-01,-3.536825532430237784e-02,1.766509157954699316e-01,2.823016610012543115e-01,5.569645209251213869e-01,4.140145706222204125e-01,6.346756972818105025e-01,3.589965444930918737e-01,4.095751327774366235e-01,3.154368531161007017e-01,1.437387318864097041e-01,4.823417587957497532e-01,5.047608785185093705e-01,3.602230985046949163e-01,1.990521869577146497e-01,4.992328574833352350e-01,2.181357908652744870e-01,4.190778297783113726e-01,3.490860304317532359e-01,2.808120437352133458e-01,5.067904150432944732e-01
6.738393590527272936e-01,6.998172845454500024e-01,5.664797105888782491e-01,4.390245072542356963e-01,5.649327893509118459e-01,5.748833213769100059e-01,5.726525444373136153e-01,-5.721111190990397777e-01,4.374926545428550195e-01,1.000000000000000000e+00,5.587679593993941096e-02,6.284683946195828153e-01,6.326103614296481048e-01,2.860597030577471944e-01,4.202139580773118777e-01,7.331741457307542342e-01,6.476274865944208203e-01,5.100934648355318624e-01,7.341063359974429048e-01,3.668110732501917992e-01,5.057511375769612183e-01,7.247309566244519718e-01,7.479240751505827900e-01,4.662823290938058474e-01,4.994628624516623261e-01,2.108076384240900325e-01,2.708589660301216617e-01,3.386859076951150294e-01,2.684334081798980809e-01,6.869009368038537788e-01,7.338966556566814958e-01,7.055811834202698751e-01,5.854952008771413530e-01,5.291726343426699231e-01,4.455123232168301528e-01,3.722919641189241791e-01,6.030973362298376328e-01,5.937926908139880278e-02,3.974987241861479004e-01
1.439304239652580419e-01,3.186450058658317208e-01,3.276064509020293336e-01,3.757866052334171703e-02,-4.645200519862122818e-02,3.054779926656073785e-01,1.072971670276497980e-01,-3.268404375328406442e-01,1.451565460515625572e-01,5.587679593993941096e-02,1.000000000000000000e+00,-2.985649643945280721e-02,1.706653005482583127e-02,2.972783065194614105e-01,-1.145328427770798130e-01,7.997860079475180295e-02,2.719918834550925091e-01,5.800396423423163049e-03,3.569933338188625849e-02,-1.179571916491661265e-01,-7.166498171194412257e-03,6.469912073271792685e-02,7.253821134538662729e-02,3.979939090709945781e-01,1.728194565225505408e-01,9.607116533777861067e-02,2.297548995590580068e-01,3.533196258848620985e-01,3.898978635195544107e-01,2.137188849426672199e-01,1.615609851326054724e-01,1.345116091764887445e-01,1.451333233756011698e-01,-6.743065548507348739e-02,3.117431394362649710e-01,1.636177064604775189e-01,2.202034581507433531e-01,3.991278496324661695e-01,2.382464589242334341e-01
4.144975633738269272e-01,5.478647011401857059e-01,3.712136118352557523e-01,3.762306928223645430e-01,3.690561747580728413e-01,6.094697175284302659e-01,6.078173106246458346e-01,-3.679969838842878649e-01,3.107817013492325531e-01,6.284683946195828153e-01,-2.985649643945280721e-02,1.000000000000000000e+00,8.093938705880028284e-01,5.148678945492397158e-02,7.513158664181482926e-01,3.925676357809000372e-01,5.867575100117422560e-01,2.856743539016667333e-01,6.038810003323884512e-01,5.909133746653347785e-01,5.545952227652263256e-01,7.652740057635141202e-01,7.000607001115534134e-01,2.245786755080380059e-01,2.596685095334356208e-01,-4.429556541158006372e-02,1.816797386460674291e-01,2.171214347938857647e-01,8.701739738355719622e-02,2.917516791315358238e-01,6.392315009007319970e-01,7.287742895406055244e-01,7.910075519148146439e-01,5.150975274582489938e-01,4.221412227873722056e-01,1.449697299111532278e-01,5.544292964088602949e-01,5.363523138816927299e-02,5.362003380406004105e-01
5.295883954142625027e-01,4.920884776388162463e-01,4.225432200864602250e-01,4.542230365929213476e-01,2.880092819690606154e-01,6.768080003374534748e-01,6.921900740147408637e-01,-4.316346084319369614e-01,2.182486466476057652e-01,6.326103614296481048e-01,1.706653005482583127e-02,8.093938705880028284e-01,1.000000000000000000e+00,-1.858789186152525266e-02,6.154635377002860563e-01,3.107125218182559823e-01,7.471016187949568454e-01,2.273058449557972260e-01,5.995782800298887771e-01,6.304867826024955768e-01,6.644561303649428874e-01,8.407813267984549643e-01,6.978136035410686944e-01,3.276883217192040343e-01,2.004007031165427055e-01,5.003788441638919171e-02,1.048107757958048059e-01,2.890567890208330937e-01,3.001842589940025285e-01,3.476712814954797115e-01,6.088384437841971586e-01,7.345983316493264192e-01,8.510629012610025912e-01,3.066791877983943149e-01,5.814390509710785082e-01,3.989857455402347208e-02,5.654954678678089097e-01,-2.799390588532658236e-02,3.419962051014799886e-01
2.681239760658392646e-01,2.924798032708446072e-01,3.704127699490558090e-01,4.497288963197658418e-02,2.943394753593475133e-01,1.525590313233252115e-01,1.685729281648709610e-01,-3.443656195992217950e-01,4.324754915250926257e-01,2.860597030577471944e-01,2.972783065194614105e-01,5.148678945492397158e-02,-1.858789186152525266e-02,1.000000000000000000e+00,-9.346609831833540064e-03,3.354549210406228554e-01,1.823443578969704548e-01,2.718375507724568596e-01,2.545981320286695437e-01,-3.310622883505055097e-02,2.276438513169493430e-02,1.164971080962376726e-01,2.689880696995780585e-01,5.648852077165108510e-01,4.654785578212958241e-01,2.747449568772385442e-01,3.829721395589313904e-01,2.476395999145188376e-01,2.137718866581043986e-01,3.063603120954410119e-01,4.121322163614807299e-01,2.130246073919406791e-01,2.851928411263104923e-02,2.466366894993702041e-01,1.603429152699650251e-01,3.669716558762800562e-01,2.715743188428096921e-01,2.698752260141079051e-01,3.247108025888649774e-01
2.302345307083187576e-01,3.170684944659256099e-01,9.036267324598584727e-02,1.682633376305968098e-01,2.421597384755951043e-01,4.726302096386374441e-01,4.135460039380496888e-01,-8.719055869278320714e-02,2.556779710108459946e-01,4.202139580773118777e-01,-1.145328427770798130e-01,7.513158664181482926e-01,6.154635377002860563e-01,-9.346609831833540064e-03,1.000000000000000000e+00,1.849656304947550900e-01,4.256527279679298004e-01,2.344506622731432344e-01,5.022744513076355943e-01,4.651893433824358381e-01,3.265372812627795329e-01,5.087632574294023158e-01,6.063047173015263525e-01,1.393799342116087414e-01,2.071107619431624414e-01,-5.780415338062415420e-02,8.911182156686738021e-02,3.659414844901670918e-03,2.117877259244007118e-02,1.874500479719258816e-01,4.714763583392365121e-01,5.654221806726527078e-01,5.399514422465535590e-01,3.691946749746997103e-01,3.111942874205664289e-01,-3.838980249462020655e-02,4.032119494076843447e-01,4.491458128870154387e-02,5.006732803368315610e-01
5.316550560285069338e-01,5.971737798055102298e-01,5.448981548264753005e-01,3.098964119486926072e-01,4.614739574084345541e-01,2.317732917791571479e-01,4.188627590343768636e-01,-5.329823746049368038e-01,4.266302126806572059e-01,7.331741457307542342e-01,7.997860079475180295e-02,3.925676357809000372e-01,3.107125218182559823e-01,3.354549210406228554e-01,1.849656304947550900e-01,1.000000000000000000e+00,3.163907770599025393e-01,4.580726769254713227e-01,5.544433635350376477e-01,1.725388682020534692e-01,2.675812294592355700e-01,4.906707607591109244e-01,5.236809588222042233e-01,3.043427354944936436e-01,5.921812669933556039e-01,3.184941688126702863e-01,3.382303785171169030e-01,4.273894479931339418e-01,1.723259685984633305e-01,6.677849359412963981e-01,5.151224345058266207e-01,3.265801202004369741e-01,3.294116855988785120e-01,4.923592602598155787e-01,1.969216499783028596e-01,5.393495233588615489e-01,2.816717142917155581e-01,3.935383971106592299e-02,2.754501991088099122e-01
6.623441234568426816e-01,6.367736536570777206e-01,4.859562041633767038e-01,5.056420482961847540e-01,3.757661222210927909e-01,7.991224059054884421e-01,6.637052355390157254e-01,-4.900304830206250739e-01,3.185697792345730806e-01,6.476274865944208203e-01,2.719918834550925091e-01,5.867575100117422560e-01,7.471016187949568454e-01,1.823443578969704548e-01,4.256527279679298004e-01,3.163907770599025393e-01,1.000000000000000000e+00,2.786327032924696412e-01,5.765159981664528255e-01,4.088911389930715568e-01,4.828546672424992581e-01,6.936324303258535329e-01,7.181176475084025679e-01,6.038765919465789445e-01,3.469522522798869635e-01,2.215441341022232058e-01,1.206957784736783224e-01,4.036154762566462884e-01,5.619645704639613104e-01,4.361734453854953508e-01,6.854464421936811158e-01,7.735340573914859519e-01,6.988643252605324374e-01,2.961892584896002600e-01,6.890261666149907205e-01,5.927094110140427446e-02,6.881713901210432249e-01,1.335382077424705216e-01,3.853950145924187054e-01
2.783301650514266590e-01,4.090289048537578132e-01,4.378424943725669483e-01,4.081745520861590482e-01,7.347446355187424727e-01,1.616768899319653563e-01,3.274590414078016321e-01,-4.434547762048514086e-01,5.718538208866634776e-01,5.100934648355318624e-01,5.800396423423163049e-03,2.856743539016667333e-01,2.273058449557972260e-01,2.718375507724568596e-01,2.344506622731432344e-01,4.580726769254713227e-01,2.786327032924696412e-01,1.000000000000000000e+00,7.615101198327892673e-01,-1.437892909743166692e-01,2.700695899057726224e-01,3.000623710289609947e-01,4.938401136809661418e-01,2.817688406903058884e-01,5.040666686971729815e-01,3.382952185095315367e-01,2.974626501574475501e-01,3.451903135854957339e-01,6.727479073828494804e-02,5.860375240189178436e-01,4.484480451707742454e-01,3.340743064849712729e-01,2.114358863229036656e-01,6.531645291974206291e-01,1.581512078448216729e-01,3.953021073757563286e-01,3.152180152586992468e-01,-7.663194376220598680e-02,1.775547758617704031e-01
5.306289502882538534e-01,5.378340591047530150e-01,5.688665443055325177e-01,4.973424860446855056e-01,6.343669303844178264e-01,4.771456201869365699e-01,6.466133647738632195e-01,-5.692247185317842462e-01,5.361207987352804016e-01,7.341063359974429048e-01,3.569933338188625849e-02,6.038810003323884512e-01,5.995782800298887771e-01,2.545981320286695437e-01,5.022744513076355943e-01,5.544433635350376477e-01,5.765159981664528255e-01,7.615101198327892673e-01,1.000000000000000000e+00,2.229689297378492085e-01,4.760173161635009031e-01,6.739159838685183646e-01,7.381744235662641707e-01,4.353916032454162033e-01,4.861536287471502904e-01,3.314018036936177136e-01,3.841937492437928481e-01,3.904315516953245635e-01,2.629950038933724366e-01,6.817501761867820198e-01,6.967692837443861809e-01,6.423169146020192288e-01,5.631907704921778057e-01,5.740418414432917338e-01,4.449829164421937322e-01,3.774208442297584676e-01,5.414683766942665066e-01,-2.707174405492871958e-02,3.111465866917941248e-01
3.436362041304650283e-01,2.379089305798389176e-01,5.744063769649695311e-02,1.137606767865778912e-01,-1.356802801252438018e-02,4.231796240254943609e-01,3.834583521754673652e-01,-5.335352045150413419e-02,-3.536825532430237784e-02,3.668110732501917992e-01,-1.179571916491661265e-01,5.909133746653347785e-01,6.304867826024955768e-01,-3.310622883505055097e-02,4.651893433824358381e-01,1.725388682020534692e-01,4.088911389930715568e-01,-1.437892909743166692e-01,2.229689297378492085e-01,1.000000000000000000e+00,3.916142061245108663e-01,5.862152778273731490e-01,4.396056849754720330e-01,4.211686965597443225e-03,5.546198849445902607e-02,-1.814914212140712746e-01,-4.672375657013025374e-02,2.051739525124436636e-02,7.586429851398279745e-02,1.118805906182915866e-01,2.725774572975145915e-01,4.188630242648712643e-01,5.929648626026300384e-01,5.864377272231015986e-02,2.805152357619966064e-01,-3.269791103649413722e-02,2.397723501839127414e-01,-6.058344085635521820e-02,2.456747125946669719e-01
4.512935321536196698e-01,3.873641153178148389e-01,3.872471540020741565e-01,2.811370539606819485e-01,2.470728360066540008e-01,4.323235380476592171e-01,4.308932559801658679e-01,-4.404803789184186247e-01,1.766509157954699316e-01,5.057511375769612183e-01,-7.166498171194412257e-03,5.545952227652263256e-01,6.644561303649428874e-01,2.276438513169493430e-02,3.265372812627795329e-01,2.675812294592355700e-01,4.828546672424992581e-01,2.700695899057726224e-01,4.760173161635009031e-01,3.916142061245108663e-01,1.000000000000000000e+00,7.063711377418536719e-01,4.963454652350792751e-01,2.603183132722362014e-01,1.172049516635734895e-01,1.486005943216664738e-01,1.071840520175392081e-01,3.478498985364175677e-01,2.753835025314946283e-01,3.301454637327079777e-01,4.347659272402119024e-01,5.151517707668709090e-01,6.410529966456153250e-01,2.815037967500647609e-01,4.846988513773012874e-01,8.851250864166805565e-02,4.315456005704089160e-01,-6.989777321724841008e-02,1.575289366152682335e-01
6.022634232086699901e-01,5.458563191183877228e-01,5.939603203317097568e-01,4.290207424393155389e-01,3.115402122116051054e-01,6.350723150980006615e-01,7.120353576006432927e-01,-6.072907145979407062e-01,2.823016610012543115e-01,7.247309566244519718e-01,6.469912073271792685e-02,7.652740057635141202e-01,8.407813267984549643e-01,1.164971080962376726e-01,5.087632574294023158e-01,4.906707607591109244e-01,6.936324303258535329e-01,3.000623710289609947e-01,6.739159838685183646e-01,5.862152778273731490e-01,7.063711377418536719e-01,1.000000000000000000e+00,7.183438094325731438e-01,3.880434585668118275e-01,2.754650340569796962e-01,1.911942249382052317e-01,2.546764976079710086e-01,4.078885769147025941e-01,3.595097269191730449e-01,5.153409117297993447e-01,6.815330013480913607e-01,7.088582683201060108e-01,8.438451317653875572e-01,3.354281113874816311e-01,6.201672469507970575e-01,2.319064777250278431e-01,5.639416358075448610e-01,-7.048641581491060619e-03,3.147550035241293287e-01
6.467569233853185384e-01,6.535195706087216783e-01,4.320477466436824510e-01,4.496160826615364092e-01,5.179009560550131841e-01,6.403444448443823545e-01,6.253379444414263189e-01,-4.274388422734858861e-01,5.569645209251213869e-01,7.479240751505827900e-01,7.253821134538662729e-02,7.000607001115534134e-01,6.978136035410686944e-01,2.689880696995780585e-01,6.063047173015263525e-01,5.236809588222042233e-01,7.181176475084025679e-01,4.938401136809661418e-01,7.381744235662641707e-01,4.396056849754720330e-01,4.963454652350792751e-01,7.183438094325731438e-01,1.000000000000000000e+00,4.648550457996541430e-01,6.347202406489360627e-01,2.317618001959397545e-01,2.352581246168302109e-01,3.190892564930695174e-01,3.201125391686218125e-01,6.010533285184415098e-01,7.393765394582286765e-01,7.326412392528142137e-01,6.367829607151335169e-01,4.910367804133668468e-01,5.071272942832070196e-01,3.054803237037110319e-01,6.100230316549541953e-01,1.029687876607203456e-01,4.891697913029867673e-01
4.668686750173268729e-01,4.339816026919624536e-01,5.867155346353459811e-01,3.249691173822399914e-01,2.944078541699952645e-01,5.908165396173504780e-01,4.529804305768883599e-01,-5.649314475259022972e-01,4.140145706222204125e-01,4.662823290938058474e-01,3.979939090709945781e-01,2.245786755080380059e-01,3.276883217192040343e-01,5.648852077165108510e-01,1.393799342116087414e-01,3.043427354944936436e-01,6.038765919465789445e-01,2.817688406903058884e-01,4.353916032454162033e-01,4.211686965597443225e-03,2.603183132722362014e-01,3.880434585668118275e-01,4.648550457996541430e-01,1.000000000000000000e+00,3.838398088411312803e-01,3.288041111086655865e-01,2.932935774358291225e-01,4.712710264736251209e-01,5.322583053761164029e-01,3.894116329718648739e-01,6.368792039878402589e-01,5.622020387287276488e-01,3.262648304101937180e-01,1.716570723056089487e-01,6.091467979773306229e-01,1.211735210651247174e-01,6.311798858611854524e-01,2.706686592264845870e-01,3.567538470214400848e-01
4.589598547208337265e-01,5.806795430537072811e-01,3.428868661559132947e-01,2.478671192498678455e-01,4.654282811314065516e-01,2.583088348838895598e-01,3.278080183134774450e-01,-3.179508636696901092e-01,6.346756972818105025e-01,4.994628624516623261e-01,1.728194565225505408e-01,2.596685095334356208e-01,2.004007031165427055e-01,4.654785578212958241e-01,2.071107619431624414e-01,5.921812669933556039e-01,3.469522522798869635e-01,5.040666686971729815e-01,4.861536287471502904e-01,5.546198849445902607e-02,1.172049516635734895e-01,2.754650340569796962e-01,6.347202406489360627e-01,3.838398088411312803e-01,1.000000000000000000e+00,3.519199600330790711e-01,3.005872142226758137e-01,3.566265153949882971e-01,2.627312627247601062e-01,5.836274701420203215e-01,4.521699868005485956e-01,3.068149004466006469e-01,1.859512650546409629e-01,4.236385082718872042e-01,2.467104690000267997e-01,4.604301071433959947e-01,3.304918269069508918e-01,1.118632463064136301e-01,3.875364293562849061e-01
3.759468977771298626e-01,7.935245545183879090e-02,4.967501588632098342e-01,2.286753659855965959e-01,2.689534166357813172e-01,3.641508866217422341e-03,2.323834311666243546e-01,-4.981242838791988814e-01,3.589965444930918737e-01,2.108076384240900325e-01,9.607116533777861067e-02,-4.429556541158006372e-02,5.003788441638919171e-02,2.747449568772385442e-01,-5.780415338062415420e-02,3.184941688126702863e-01,2.215441341022232058e-01,3.382952185095315367e-01,3.314018036936177136e-01,-1.814914212140712746e-01,1.486005943216664738e-01,1.911942249382052317e-01,2.317618001959397545e-01,3.288041111086655865e-01,3.519199600330790711e-01,1.000000000000000000e+00,5.526760619199067026e-01,5.461672474688985535e-01,5.402038149909832443e-01,3.839069824218662719e-01,1.967746931209926331e-01,-2.254076005620078357e-02,1.085764274560059722e-01,1.137866616113621526e-01,3.128962050819393270e-01,2.075995377856553747e-01,2.764677150483886917e-02,-4.838251590135980718e-02,-1.315882259983947866e-01
2.362743179228107560e-01,1.416733638953241170e-01,5.552702317004585275e-01,9.542471917327349784e-02,2.601798837194830294e-01,3.047110501303498115e-02,2.044062474618530412e-01,-5.458798796017085841e-01,4.095751327774366235e-01,2.708589660301216617e-01,2.297548995590580068e-01,1.816797386460674291e-01,1.048107757958048059e-01,3.829721395589313904e-01,8.911182156686738021e-02,3.382303785171169030e-01,1.206957784736783224e-01,2.974626501574475501e-01,3.841937492437928481e-01,-4.672375657013025374e-02,1.071840520175392081e-01,2.546764976079710086e-01,2.352581246168302109e-01,2.932935774358291225e-01,3.005872142226758137e-01,5.526760619199067026e-01,1.000000000000000000e+00,3.710018609060489747e-01,1.874244788574815912e-01,3.653647959369201170e-01,2.938219210132307357e-01,1.571325780060513766e-01,1.982241304662656634e-01,2.188985258928276001e-01,1.855770723142532996e-01,3.437296099314257614e-01,1.920333960990137923e-01,1.557862398832485229e-01,2.226427151470167509e-01
4.593838997038180993e-01,3.890878355315456338e-01,7.080132271119319309e-01,3.606485302228317757e-01,2.906338254524005738e-01,3.371635048605928220e-01,4.649255114273465050e-01,-6.987538104811585882e-01,3.154368531161007017e-01,3.386859076951150294e-01,3.533196258848620985e-01,2.171214347938857647e-01,2.890567890208330937e-01,2.476395999145188376e-01,3.659414844901670918e-03,4.273894479931339418e-01,4.036154762566462884e-01,3.451903135854957339e-01,3.904315516953245635e-01,2.051739525124436636e-02,3.478498985364175677e-01,4.078885769147025941e-01,3.190892564930695174e-01,4.712710264736251209e-01,3.566265153949882971e-01,5.461672474688985535e-01,3.710018609060489747e-01,1.000000000000000000e+00,5.625579913325970960e-01,4.301022095440698023e-01,4.075580749105920941e-01,2.406230585565985181e-01,4.269226029474447737e-01,3.073750541476154008e-01,5.316274281489661302e-01,2.830049387566876962e-01,3.194951801174131245e-01,1.176204810628875691e-01,9.193753015137595686e-02
5.452538926266458086e-01,2.997477086205264651e-01,3.981937662984342818e-01,2.854606227742498281e-01,6.184496275913408531e-02,4.693549342858615026e-01,3.754771860059284982e-01,-3.844472232749092666e-01,1.437387318864097041e-01,2.684334081798980809e-01,3.898978635195544107e-01,8.701739738355719622e-02,3.001842589940025285e-01,2.137718866581043986e-01,2.117877259244007118e-02,1.723259685984633305e-01,5.619645704639613104e-01,6.727479073828494804e-02,2.629950038933724366e-01,7.586429851398279745e-02,2.753835025314946283e-01,3.595097269191730449e-01,3.201125391686218125e-01,5.322583053761164029e-01,2.627312627247601062e-01,5.402038149909832443e-01,1.874244788574815912e-01,5.625579913325970960e-01,1.000000000000000000e+00,3.446625772763821649e-01,3.084352203181074947e-01,2.847062529424017052e-01,3.319454725306206222e-01,-7.119254254605415777e-02,7.288515680210243541e-01,-3.369860092316335348e-02,3.563807059408087285e-01,1.604275550550065821e-01,1.066236980178055654e-02
5.902358015376749645e-01,5.213901777618207278e-01,5.318011469419053894e-01,4.151320655144289384e-01,4.737898436698247950e-01,3.022026926580404504e-01,4.612007073533442303e-01,-5.309367005186995669e-01,4.823417587957497532e-01,6.869009368038537788e-01,2.137188849426672199e-01,2.917516791315358238e-01,3.476712814954797115e-01,3.063603120954410119e-01,1.874500479719258816e-01,6.677849359412963981e-01,4.361734453854953508e-01,5.860375240189178436e-01,6.817501761867820198e-01,1.118805906182915866e-01,3.301454637327079777e-01,5.153409117297993447e-01,6.010533285184415098e-01,3.894116329718648739e-01,5.836274701420203215e-01,3.839069824218662719e-01,3.653647959369201170e-01,4.301022095440698023e-01,3.446625772763821649e-01,1.000000000000000000e+00,5.038499959907000170e-01,4.047448963773379038e-01,3.638138472681906599e-01,3.813897955939691831e-01,3.897870971444352683e-01,5.411006903345323416e-01,4.204386360137488121e-01,4.488342463312660485e-02,1.757223964081427448e-01
5.537744204765125966e-01,6.148927540893595056e-01,6.395721552970541346e-01,4.076736010794680953e-01,5.211439225494488570e-01,7.038523410344591502e-01,6.513084488399605299e-01,-6.427078967405893684e-01,5.047608785185093705e-01,7.338966556566814958e-01,1.615609851326054724e-01,6.392315009007319970e-01,6.088384437841971586e-01,4.121322163614807299e-01,4.714763583392365121e-01,5.151224345058266207e-01,6.854464421936811158e-01,4.484480451707742454e-01,6.967692837443861809e-01,2.725774572975145915e-01,4.347659272402119024e-01,6.815330013480913607e-01,7.393765394582286765e-01,6.368792039878402589e-01,4.521699868005485956e-01,1.967746931209926331e-01,2.938219210132307357e-01,4.075580749105920941e-01,3.084352203181074947e-01,5.038499959907000170e-01,1.000000000000000000e+00,7.708973797986569121e-01,5.883632284830841996e-01,5.139815425337113108e-01,5.205345982087320467e-01,3.406828954547280741e-01,6.575381118625297505e-01,2.077038466214178314e-01,5.350418530479004176e-01
5.352663333746404684e-01,6.666111703902516394e-01,4.530754928038627782e-01,4.313895568623525856e-01,4.413785347120146030e-01,8.025789313041643558e-01,6.374952236441442377e-01,-4.501577351628730517e-01,3.602230985046949163e-01,7.055811834202698751e-01,1.345116091764887445e-01,7.287742895406055244e-01,7.345983316493264192e-01,2.130246073919406791e-01,5.654221806726527078e-01,3.265801202004369741e-01,7.735340573914859519e-01,3.340743064849712729e-01,6.423169146020192288e-01,4.188630242648712643e-01,5.151517707668709090e-01,7.088582683201060108e-01,7.326412392528142137e-01,5.622020387287276488e-01,3.068149004466006469e-01,-2.254076005620078357e-02,1.571325780060513766e-01,2.406230585565985181e-01,2.847062529424017052e-01,4.047448963773379038e-01,7.708973797986569121e-01,1.000000000000000000e+00,6.948027904270159816e-01,4.662826903852418381e-01,5.871169518427079570e-01,1.261555898566751599e-01,8.536977196585376904e-01,1.428074196214628722e-01,5.610941549743845291e-01
4.973241090171754419e-01,5.106030722984854497e-01,5.390922351357640974e-01,4.427441465061441317e-01,2.410557231048645610e-01,6.629486426551286504e-01,6.991957902437306860e-01,-5.482811438262956694e-01,1.990521869577146497e-01,5.854952008771413530e-01,1.451333233756011698e-01,7.910075519148146439e-01,8.510629012610025912e-01,2.851928411263104923e-02,5.399514422465535590e-01,3.294116855988785120e-01,6.988643252605324374e-01,2.114358863229036656e-01,5.631907704921778057e-01,5.929648626026300384e-01,6.410529966456153250e-01,8.438451317653875572e-01,6.367829607151335169e-01,3.262648304101937180e-01,1.859512650546409629e-01,1.085764274560059722e-01,1.982241304662656634e-01,4.269226029474447737e-01,3.319454725306206222e-01,3.638138472681906599e-01,5.883632284830841996e-01,6.948027904270159816e-01,1.000000000000000000e+00,3.234816729550225034e-01,6.155002993211773354e-01,1.505896034552250407e-01,5.670048175423083592e-01,-7.008888842312072098e-03,3.244809673666450012e-01
2.936649273990892262e-01,5.248769672601425462e-01,3.681362220245667505e-01,4.002426423067803607e-01,7.675669844124021202e-01,2.702921532558253959e-01,3.403473312651508209e-01,-3.650564220893368073e-01,4.992328574833352350e-01,5.291726343426699231e-01,-6.743065548507348739e-02,5.150975274582489938e-01,3.066791877983943149e-01,2.466366894993702041e-01,3.691946749746997103e-01,4.923592602598155787e-01,2.961892584896002600e-01,6.531645291974206291e-01,5.740418414432917338e-01,5.864377272231015986e-02,2.815037967500647609e-01,3.354281113874816311e-01,4.910367804133668468e-01,1.716570723056089487e-01,4.236385082718872042e-01,1.137866616113621526e-01,2.188985258928276001e-01,3.073750541476154008e-01,-7.119254254605415777e-02,3.813897955939691831e-01,5.139815425337113108e-01,4.662826903852418381e-01,3.234816729550225034e-01,1.000000000000000000e+00,9.197419359113004345e-02,4.432746785984967852e-01,4.168379905167909905e-01,5.729720926687877774e-02,4.260705051791636166e-01
5.093310381104803053e-01,4.346413104218573853e-01,4.846254771367442538e-01,3.343746111596841986e-01,1.055512985172724627e-01,6.902701076288905169e-01,5.048431271699853617e-01,-4.872316981722309981e-01,2.181357908652744870e-01,4.455123232168301528e-01,3.117431394362649710e-01,4.221412227873722056e-01,5.814390509710785082e-01,1.603429152699650251e-01,3.111942874205664289e-01,1.969216499783028596e-01,6.890261666149907205e-01,1.581512078448216729e-01,4.449829164421937322e-01,2.805152357619966064e-01,4.846988513773012874e-01,6.201672469507970575e-01,5.071272942832070196e-01,6.091467979773306229e-01,2.467104690000267997e-01,3.128962050819393270e-01,1.855770723142532996e-01,5.316274281489661302e-01,7.288515680210243541e-01,3.897870971444352683e-01,5.205345982087320467e-01,5.871169518427079570e-01,6.155002993211773354e-01,9.197419359113004345e-02,1.000000000000000000e+00,-6.598170789522438129e-02,6.380427520789359042e-01,5.977959156877070412e-02,2.014828325454932345e-01
2.258167535577979834e-01,3.426227509212925182e-01,4.280995277180423830e-01,2.721818220497491669e-01,3.797721927353597815e-01,-6.032613333349867712e-03,3.093675568898257566e-01,-4.075311951508657771e-01,4.190778297783113726e-01,3.722919641189241791e-01,1.636177064604775189e-01,1.449697299111532278e-01,3.989857455402347208e-02,3.669716558762800562e-01,-3.838980249462020655e-02,5.393495233588615489e-01,5.927094110140427446e-02,3.953021073757563286e-01,3.774208442297584676e-01,-3.269791103649413722e-02,8.851250864166805565e-02,2.319064777250278431e-01,3.054803237037110319e-01,1.211735210651247174e-01,4.604301071433959947e-01,2.075995377856553747e-01,3.437296099314257614e-01,2.830049387566876962e-01,-3.369860092316335348e-02,5.411006903345323416e-01,3.406828954547280741e-01,1.261555898566751599e-01,1.505896034552250407e-01,4.432746785984967852e-01,-6.598170789522438129e-02,1.000000000000000000e+00,1.070605853404245078e-01,1.341616776245912745e-01,2.268756647425072825e-01
4.942901314952933278e-01,6.517998549038822587e-01,4.564606354538592869e-01,4.028471308606303980e-01,3.885477958388074415e-01,7.195028623662994560e-01,5.228286231190271138e-01,-4.450733150978810060e-01,3.490860304317532359e-01,6.030973362298376328e-01,2.202034581507433531e-01,5.544292964088602949e-01,5.654954678678089097e-01,2.715743188428096921e-01,4.032119494076843447e-01,2.816717142917155581e-01,6.881713901210432249e-01,3.152180152586992468e-01,5.414683766942665066e-01,2.397723501839127414e-01,4.315456005704089160e-01,5.639416358075448610e-01,6.100230316549541953e-01,6.311798858611854524e-01,3.304918269069508918e-01,2.764677150483886917e-02,1.920333960990137923e-01,3.194951801174131245e-01,3.563807059408087285e-01,4.204386360137488121e-01,6.575381118625297505e-01,8.536977196585376904e-01,5.670048175423083592e-01,4.168379905167909905e-01,6.380427520789359042e-01,1.070605853404245078e-01,1.000000000000000000e+00,1.429554295580591494e-01,4.878054302703406231e-01
2.359144290653295284e-01,1.586551309591016645e-01,1.395665081731474744e-01,1.691896473898508307e-02,1.124102260563553252e-01,1.922273172279713449e-01,4.853054309144960721e-02,-1.164137816711309920e-01,2.808120437352133458e-01,5.937926908139880278e-02,3.991278496324661695e-01,5.363523138816927299e-02,-2.799390588532658236e-02,2.698752260141079051e-01,4.491458128870154387e-02,3.935383971106592299e-02,1.335382077424705216e-01,-7.663194376220598680e-02,-2.707174405492871958e-02,-6.058344085635521820e-02,-6.989777321724841008e-02,-7.048641581491060619e-03,1.029687876607203456e-01,2.706686592264845870e-01,1.118632463064136301e-01,-4.838251590135980718e-02,1.557862398832485229e-01,1.176204810628875691e-01,1.604275550550065821e-01,4.488342463312660485e-02,2.077038466214178314e-01,1.428074196214628722e-01,-7.008888842312072098e-03,5.729720926687877774e-02,5.977959156877070412e-02,1.341616776245912745e-01,1.429554295580591494e-01,1.000000000000000000e+00,5.141270955111478802e-01
2.712988437297781941e-01,5.277894408265914050e-01,2.300781422994732650e-01,1.346930605841173689e-01,3.316177473393048802e-01,4.836138211826746525e-01,3.119970391161103196e-01,-1.988700663914318711e-01,5.067904150432944732e-01,3.974987241861479004e-01,2.382464589242334341e-01,5.362003380406004105e-01,3.419962051014799886e-01,3.247108025888649774e-01,5.006732803368315610e-01,2.754501991088099122e-01,3.853950145924187054e-01,1.775547758617704031e-01,3.111465866917941248e-01,2.456747125946669719e-01,1.575289366152682335e-01,3.147550035241293287e-01,4.891697913029867673e-01,3.567538470214400848e-01,3.875364293562849061e-01,-1.315882259983947866e-01,2.226427151470167509e-01,9.193753015137595686e-02,1.066236980178055654e-02,1.757223964081427448e-01,5.350418530479004176e-01,5.610941549743845291e-01,3.244809673666450012e-01,4.260705051791636166e-01,2.014828325454932345e-01,2.268756647425072825e-01,4.878054302703406231e-01,5.141270955111478802e-01,1.000000000000000000e+00
