1.000000000000000000e+00,7.518998301291898168e-01,4.090478772032142274e-01,-4.004644330067970714e-01,3.402077708935116185e-01,-4.797989867086834836e-01,2.366498921767186403e-01,-3.514358016785657512e-01,6.282900176763114297e-01,5.419811857165901525e-01,-1.586648881898167773e-01,4.114016714083359449e-01,-2.191227370232669280e-01,5.726032209499353209e-01,5.182547617979731402e-01,3.929734821440401538e-01,-8.617067040128929822e-02,4.138780174117930866e-01,4.011391844445281185e-01,3.456562535663233460e-01,2.193157476405631079e-01,1.395936186808967305e-01,4.615991080951116210e-01,5.052526896530109557e-01,4.898369835065313760e-01,5.135737461508159685e-01,3.506540035098852370e-01,4.883537104809811402e-01,4.890592901300647166e-01,3.627658693050992422e-01,3.266960599725962644e-01,5.069066648108323525e-01,4.080013652700804627e-01,6.223060256192483042e-01,5.409209742058184167e-01,4.854187812343876418e-01,4.692388872102245534e-01,5.711744452954087281e-01,5.020887945450321910e-01
7.518998301291898168e-01,1.000000000000000000e+00,3.811234049936170210e-01,-3.658080283367187713e-01,4.246464823010802081e-01,-5.499194363019653808e-01,4.572148075081307605e-01,-2.801257284054324281e-01,6.104757505152734742e-01,5.280996314030848016e-01,4.486995831350891473e-02,6.224296502039079471e-01,-1.391393953558555940e-01,5.825821152455653573e-01,6.796744944221694285e-01,4.532568526947212129e-01,-2.245728053378948097e-01,5.744272943793879982e-01,4.900624611190707025e-01,5.096582677804667449e-01,4.588110179381781339e-01,1.879160985809993356e-01,5.292276192924463274e-01,6.331437636994365903e-01,6.284763453289168300e-01,5.854024985391047542e-01,5.372300970085039928e-01,5.264797439633813747e-01,5.857318073602610919e-01,2.059029624561858896e-01,4.746625186707222332e-01,7.587087182005931574e-01,4.931037222559987443e-01,6.144602143210063927e-01,6.475083624875154209e-01,5.780111328158891171e-01,5.539852383250929435e-01,5.691861931275542519e-01,5.472309571317104382e-01
4.090478772032142274e-01,3.811234049936170210e-01,1.000000000000000000e+00,-1.735882057900828002e-01,8.040264576988956913e-01,-1.832060566162811988e-01,4.452777537319321799e-01,-9.158807528904495676e-01,4.388815610925755339e-01,4.684391806205965847e-01,1.498784962711866842e-01,4.779398336354343524e-01,5.086168245835220175e-02,7.300436880125151795e-01,2.739615426131508658e-01,6.686343022060845520e-01,-9.951869316287396960e-02,6.021814350193658294e-01,3.888219098637319959e-01,5.649273291122355323e-01,4.840681315008337204e-01,6.201837143304936850e-01,4.903118009995847126e-01,6.487800430546093455e-01,5.904956896453515958e-01,6.241282920305969428e-01,5.823577792067331504e-01,6.393224557546374198e-01,4.842898294039243989e-01,2.977332875350706121e-01,5.082406018103077239e-01,4.614374707999688852e-01,7.942046897681717121e-01,7.274006060776818661e-01,5.194547303750287615e-01,4.165154558286173758e-01,3.729569729119365240e-01,6.680451970087196711e-01,6.148296272390900707e-01
-4.004644330067970714e-01,-3.658080283367187713e-01,-1.735882057900828002e-01,1.000000000000000000e+00,-8.796405840693435896e-02,1.370154612491153445e-01,-3.048444718208651594e-01,1.331555993113353875e-01,-4.961327202513925172e-02,-2.189411581035941023e-02,-1.934333257682082363e-01,-1.362455624075969707e-01,-9.468567467138763738e-02,-2.809964690681236443e-01,-3.631915410155218682e-01,-1.461280531347585732e-01,-5.589009602996096449e-02,-7.020147048201942630e-02,-2.124614439051217274e-02,-1.508470752454064701e-01,-2.391183117113903633e-01,-1.772319598855307543e-01,-3.928178212480153975e-01,-3.448805136199336041e-01,-3.918872221399966049e-01,-4.074107805261685811e-01,-4.116251693657730915e-01,-5.367137975399931538e-01,-4.617562763250036562e-01,8.014633886293419385e-02,-5.214593187574362299e-01,-3.647137844200932233e-01,-2.527659046999693460e-01,-3.080517386167980209e-01,-3.979567369350578421e-01,-3.721188821269619806e-01,-3.636968273582957822e-01,-2.054633711830251008e-01,-9.400430228938796984e-02
3.402077708935116185e-01,4.246464823010802081e-01,8.040264576988956913e-01,-8.796405840693435896e-02,1.000000000000000000e+00,-1.059710554918825987e-01,4.336375301361121148e-01,-7.497766624955268799e-01,5.378962255724004660e-01,5.719220208584142595e-01,1.643833525114247740e-01,4.355018926318423578e-01,-2.619715624266305207e-02,6.461416960672661247e-01,1.978568743604448288e-01,7.456081669179277505e-01,-1.004751293416993874e-01,6.229823499143396504e-01,4.086732497407463138e-01,5.166821733131761185e-01,4.431285598799144521e-01,5.546766633511205358e-01,4.878123526581861213e-01,6.667977867358012567e-01,5.613348728124113451e-01,6.359933812428800737e-01,6.045380791230011708e-01,5.279105494322229308e-01,4.154430674060236028e-01,4.223293749101984518e-01,4.682449423499361885e-01,4.962230515059185554e-01,6.669451584155737800e-01,7.248550566328270106e-01,4.642317804164406425e-01,3.730656664173889192e-01,2.952834022927587898e-01,6.911544048335970247e-01,6.622787298074481743e-01
-4.797989867086834836e-01,-5.499194363019653808e-01,-1.832060566162811988e-01,1.370154612491153445e-01,-1.059710554918825987e-01,1.000000000000000000e+00,-3.125000788445065902e-01,8.358865206340750087e-02,-5.323756743179333117e-01,-4.519406480590298925e-01,3.082819179729625048e-01,-5.900959259030200688e-01,3.179228247168301991e-01,-2.917627758712566521e-01,-7.190667521089207925e-01,-2.149877006024079606e-01,6.022234370087055089e-01,-4.794237455403841941e-01,-5.658090510765150238e-01,-4.012533882849478872e-01,-2.585949403445824690e-01,7.877948345425890564e-02,-1.325123090756717692e-01,-3.208123878999988299e-01,-3.497604754197082833e-01,-2.625175789307697127e-01,-1.346123232110834900e-01,-3.023354356596267278e-01,-2.598819585288549838e-01,-1.527399861545049864e-01,-3.009300562634514495e-02,-3.353140339864313924e-01,-2.736314870656817444e-01,-4.346447022004318317e-01,-3.570330088653468903e-01,-9.879989365900995746e-02,-1.945175700129186114e-01,-5.661938542959807918e-01,-5.243984323003216819e-01
2.366498921767186403e-01,4.572148075081307605e-01,4.452777537319321799e-01,-3.048444718208651594e-01,4.336375301361121148e-01,-3.125000788445065902e-01,1.000000000000000000e+00,-3.882446181140004615e-01,1.521395216615944179e-01,9.651568450759123730e-02,2.355689687953480271e-01,5.793844077339967980e-01,2.406642653302909218e-01,4.805833843873670297e-01,5.420229459823607820e-01,4.082184055702264835e-01,-2.548851934733443736e-01,5.528640353413808439e-01,4.818592360036458300e-01,5.186140084279285967e-01,5.171255865727317769e-01,3.414783759685443565e-01,4.495075510645751282e-01,5.887514390398742581e-01,6.289712645884220077e-01,6.008106705077200793e-01,6.824799898207509763e-01,7.003661188590808440e-01,5.098785776493213184e-01,-2.785026662711399537e-01,6.859669681672451169e-01,5.636717428927050522e-01,5.515187263569513165e-01,4.227474626907675725e-01,5.895774303126095628e-01,4.812068985288319722e-01,5.228441319273973154e-01,4.082200266188018567e-01,3.009057999652328119e-01
-3.514358016785657512e-01,-2.801257284054324281e-01,-9.158807528904495676e-01,1.331555993113353875e-01,-7.497766624955268799e-01,8.358865206340750087e-02,-3.882446181140004615e-01,1.000000000000000000e+00,-3.789983617929447157e-01,-3.892930668910418168e-01,-1.761047651961073490e-01,-3.920296431461955944e-01,-8.305577358632876273e-02,-6.573816162747709857e-01,-1.558509449432380067e-01,-6.042139172171473449e-01,6.226144626582532510e-02,-5.031017060152467302e-01,-3.237348103710793179e-01,-3.999417340235061902e-01,-3.111821241073424171e-01,-5.462162120379947527e-01,-4.285360219778494573e-01,-5.707328307084907904e-01,-4.868873905034203364e-01,-5.371844976321753506e-01,-5.046358480754911113e-01,-5.950405816485695443e-01,-4.459925460015225496e-01,-2.768072994694192324e-01,-4.889171401708274911e-01,-3.897733369877378617e-01,-6.901422585204488591e-01,-6.381840363489736934e-01,-4.601721629332439778e-01,-3.881176391709850737e-01,-3.383215396825954291e-01,-5.946237005343439908e-01,-5.245481287183225705e-01
6.282900176763114297e-01,6.104757505152734742e-01,4.388815610925755339e-01,-4.961327202513925172e-02,5.378962255724004660e-01,-5.323756743179333117e-01,1.521395216615944179e-01,-3.789983617929447157e-01,1.000000000000000000e+00,8.463665275463599924e-01,-2.882406441163746780e-01,5.483125869983154210e-01,-4.785489780157151651e-01,5.290852753443120449e-01,4.512908549500168065e-01,5.940314331376994605e-01,-3.118287747218863593e-01,6.392914347070326464e-01,6.272402050054001199e-01,3.837338234627010736e-01,1.354531878654254284e-01,1.427803681856403273e-01,3.525083566369427990e-01,5.179281169197054169e-01,4.463529452911615403e-01,5.173593115624033345e-01,3.273974449046171964e-01,2.765415769177401728e-01,2.665970370349302621e-01,7.048145125033146163e-01,3.847900371827842753e-02,4.763504321434762767e-01,4.243906163158495670e-01,6.486481808794887227e-01,3.213597883277436451e-01,1.453441950841369013e-01,1.984686216711385454e-01,7.623649130836384069e-01,7.621102676059411385e-01
5.419811857165901525e-01,5.280996314030848016e-01,4.684391806205965847e-01,-2.189411581035941023e-02,5.719220208584142595e-01,-4.519406480590298925e-01,9.651568450759123730e-02,-3.892930668910418168e-01,8.463665275463599924e-01,1.000000000000000000e+00,-1.700167682947871794e-01,4.283434815325901091e-01,-4.317604798333082861e-01,5.006490318430891762e-01,3.170076708141841837e-01,6.638332161544582277e-01,-2.733576449394783392e-01,5.608573845431339411e-01,5.365237275222992652e-01,3.825340816699760449e-01,1.291354807898668633e-01,1.705768082068941927e-01,3.023136974867777216e-01,4.950069978521747238e-01,4.789691257330840335e-01,4.785026081241410267e-01,3.391760975977894388e-01,2.305207148646301607e-01,2.481473344829791261e-01,7.701905745880657239e-01,6.849149260401386774e-02,4.647298769960156450e-01,4.138733574165900375e-01,6.428911589684668249e-01,2.509382870213932026e-01,7.977936319311974833e-02,1.784635320638895128e-01,7.593359066558348358e-01,8.534612130691724419e-01
-1.586648881898167773e-01,4.486995831350891473e-02,1.498784962711866842e-01,-1.934333257682082363e-01,1.643833525114247740e-01,3.082819179729625048e-01,2.355689687953480271e-01,-1.761047651961073490e-01,-2.882406441163746780e-01,-1.700167682947871794e-01,1.000000000000000000e+00,-4.555744449893286280e-02,3.680487919801817553e-01,1.083362936912776742e-01,-1.044532796136186936e-01,1.765877032748947029e-01,1.608216973677796535e-01,-4.855446401290977598e-02,-3.121690589689062878e-01,6.825833682671809954e-02,3.293367654000602385e-01,2.749100460417170377e-01,1.464709028399148460e-02,7.357529505992876917e-02,1.003388478496376746e-01,2.238831183678418324e-01,3.711395204346127907e-01,2.512004190182555718e-01,3.958728846025819093e-01,-2.028910466364138299e-01,4.914381886506594688e-01,3.134676665929252981e-01,1.836381189338751607e-01,-3.753422508158849730e-02,2.629696409798011891e-01,3.717208741699365993e-01,3.149307577313741335e-01,-2.935868471801054286e-02,3.747474369881680176e-03
4.114016714083359449e-01,6.224296502039079471e-01,4.779398336354343524e-01,-1.362455624075969707e-01,4.355018926318423578e-01,-5.900959259030200688e-01,5.793844077339967980e-01,-3.920296431461955944e-01,5.483125869983154210e-01,4.283434815325901091e-01,-4.555744449893286280e-02,1.000000000000000000e+00,-9.150599855287502860e-02,6.452311124586597169e-01,7.160205922558210423e-01,5.451889069771059804e-01,-4.495229138437508709e-01,7.860942329690926433e-01,7.026601127690212945e-01,5.308751055570204436e-01,4.859061846360168135e-01,3.155696616973562296e-01,4.730462814017750706e-01,6.908506979190358610e-01,6.229123130386233775e-01,6.225777612353197155e-01,6.133623189957022603e-01,5.704541652197292478e-01,4.734694858402169193e-01,1.061085399631147286e-01,3.817278393991436758e-01,6.231237231891111339e-01,6.190292628683863319e-01,5.772840804766194989e-01,5.688607783661132622e-01,2.836398244959150161e-01,4.260760854500840744e-01,6.536155734860995548e-01,5.895138800956886138e-01
-2.191227370232669280e-01,-1.391393953558555940e-01,5.086168245835220175e-02,-9.468567467138763738e-02,-2.619715624266305207e-02,3.179228247168301991e-01,2.406642653302909218e-01,-8.305577358632876273e-02,-4.785489780157151651e-01,-4.317604798333082861e-01,3.680487919801817553e-01,-9.150599855287502860e-02,1.000000000000000000e+00,1.788597116461618187e-03,-2.127522459361972096e-01,2.633141645852494703e-02,2.484015255183645854e-01,-1.983554330706414903e-01,-3.753594188533039833e-01,-1.682308811955046321e-02,2.192981672250249869e-01,3.168665173061688822e-01,1.099108998931043191e-01,7.749217952636080348e-03,1.305480257734143064e-02,-2.020106076419313917e-02,1.509821786759163453e-01,1.856223813373406306e-01,-5.694485357556323263e-02,-4.368581632669767956e-01,3.688100282594854451e-01,-5.323962735051458034e-02,6.293583261237316318e-02,-7.604789511690797366e-02,1.124994839305705208e-01,2.876372619989440715e-01,1.252386263316478121e-01,-3.070108976658939004e-01,-2.654899762021761811e-01
5.726032209499353209e-01,5.825821152455653573e-01,7.300436880125151795e-01,-2.809964690681236443e-01,6.461416960672661247e-01,-2.917627758712566521e-01,4.805833843873670297e-01,-6.573816162747709857e-01,5.290852753443120449e-01,5.006490318430891762e-01,1.083362936912776742e-01,6.452311124586597169e-01,1.788597116461618187e-03,1.000000000000000000e+00,5.039676079685142529e-01,6.523004230559301675e-01,-2.050647292317638315e-01,7.152720980831634989e-01,4.488313489777617793e-01,5.938009711313969596e-01,4.813654989134732443e-01,4.557818417409377210e-01,5.325098469898192910e-01,7.668208888277469049e-01,6.398528292270401208e-01,7.344810806311373730e-01,6.572771335028212425e-01,6.236101652377461502e-01,7.076732728576959897e-01,2.901763169300006773e-01,4.745433120400214810e-01,6.340003385367154465e-01,7.935106890968375293e-01,6.973087821608244807e-01,7.388168548898313981e-01,4.472618322122224321e-01,6.201297187819652112e-01,6.560661479405730523e-01,6.145082405239311596e-01
5.182547617979731402e-01,6.796744944221694285e-01,2.739615426131508658e-01,-3.631915410155218682e-01,1.978568743604448288e-01,-7.190667521089207925e-01,5.420229459823607820e-01,-1.558509449432380067e-01,4.512908549500168065e-01,3.170076708141841837e-01,-1.044532796136186936e-01,7.160205922558210423e-01,-2.127522459361972096e-01,5.039676079685142529e-01,1.000000000000000000e+00,2.585578883531331473e-01,-4.251718068651986204e-01,5.566457956093272541e-01,5.462116568461526933e-01,5.531910654707560271e-01,4.553935290034125671e-01,8.701652572673843067e-02,4.134322427867339056e-01,5.558551309815773500e-01,5.641653029191074920e-01,5.088404903107621724e-01,4.197345275387188157e-01,4.913382232900603275e-01,5.391014770227370301e-01,-2.139141476670450986e-02,2.721743899968137592e-01,5.832090128144462593e-01,4.931321918891377609e-01,5.314610010895574055e-01,5.799210897170949952e-01,3.026346822484451415e-01,4.616492656181530596e-01,5.078637611539852381e-01,4.067414376780480456e-01
3.929734821440401538e-01,4.532568526947212129e-01,6.686343022060845520e-01,-1.461280531347585732e-01,7.456081669179277505e-01,-2.149877006024079606e-01,4.082184055702264835e-01,-6.042139172171473449e-01,5.940314331376994605e-01,6.638332161544582277e-01,1.765877032748947029e-01,5.451889069771059804e-01,2.633141645852494703e-02,6.523004230559301675e-01,2.585578883531331473e-01,1.000000000000000000e+00,-7.366724993244053166e-02,6.538110073337153327e-01,4.252632544208242438e-01,5.034674836939130316e-01,4.320479907472131731e-01,5.612678953120108227e-01,5.369241549997544327e-01,7.057935046640800847e-01,6.291142613719239440e-01,7.498833208368115288e-01,6.649764551906165444e-01,5.945630491917781590e-01,4.336297515034728267e-01,4.567476770271239883e-01,4.734351117938424558e-01,5.235799895856892983e-01,6.339933084590140266e-01,6.358005754982271052e-01,4.794747713072419759e-01,3.820583072020472537e-01,3.413258706860601288e-01,7.625869277540566760e-01,7.604167932466235902e-01
-8.617067040128929822e-02,-2.245728053378948097e-01,-9.951869316287396960e-02,-5.589009602996096449e-02,-1.004751293416993874e-01,6.022234370087055089e-01,-2.548851934733443736e-01,6.226144626582532510e-02,-3.118287747218863593e-01,-2.733576449394783392e-01,1.608216973677796535e-01,-4.495229138437508709e-01,2.484015255183645854e-01,-2.050647292317638315e-01,-4.251718068651986204e-01,-7.366724993244053166e-02,1.000000000000000000e+00,-4.042919863287831594e-01,-4.618605578216534724e-01,-1.844913728470623515e-01,-5.099341025701598085e-02,1.222118114043894838e-01,3.212307739599511436e-01,-1.375227024739118231e-01,-2.179846100175898346e-02,-1.294991397763377572e-01,-1.114232035946110255e-01,-1.583924392362364986e-01,-1.763273850810569976e-01,-1.008848284949400154e-01,2.559161438644232817e-02,-1.709667080220673430e-01,-1.987822982446151576e-01,-2.304871211676058351e-01,-2.287959092810132322e-01,1.431297533004516065e-01,-1.058313628285214025e-01,-3.739140284528853497e-01,-3.210444616585589883e-01
4.138780174117930866e-01,5.744272943793879982e-01,6.021814350193658294e-01,-7.020147048201942630e-02,6.229823499143396504e-01,-4.794237455403841941e-01,5.528640353413808439e-01,-5.031017060152467302e-01,6.392914347070326464e-01,5.608573845431339411e-01,-4.855446401290977598e-02,7.860942329690926433e-01,-1.983554330706414903e-01,7.152720980831634989e-01,5.566457956093272541e-01,6.538110073337153327e-01,-4.042919863287831594e-01,1.000000000000000000e+00,7.700959865079815003e-01,6.095651804106099192e-01,4.591218101430538656e-01,3.099810176149738195e-01,4.361946846494358376e-01,7.112768749602709217e-01,6.414442932015449461e-01,7.071436129113434221e-01,6.303075413556552542e-01,5.627030611043867259e-01,5.134061250717754099e-01,2.644856449966839218e-01,3.298627069737585793e-01,6.204647321814763528e-01,7.005226888563488297e-01,5.826165048268250324e-01,5.918250475260102839e-01,2.748281006021617845e-01,4.389654449072911691e-01,7.397958957016556036e-01,6.673638909015480181e-01
4.011391844445281185e-01,4.900624611190707025e-01,3.888219098637319959e-01,-2.124614439051217274e-02,4.086732497407463138e-01,-5.658090510765150238e-01,4.818592360036458300e-01,-3.237348103710793179e-01,6.272402050054001199e-01,5.365237275222992652e-01,-3.121690589689062878e-01,7.026601127690212945e-01,-3.753594188533039833e-01,4.488313489777617793e-01,5.462116568461526933e-01,4.252632544208242438e-01,-4.618605578216534724e-01,7.700959865079815003e-01,1.000000000000000000e+00,4.386631893858952136e-01,1.772694976605058703e-01,6.805004581813525744e-02,3.368709200643916213e-01,5.196108378115562587e-01,5.290719368355997210e-01,4.613315548638089458e-01,4.105788896270500810e-01,4.164394082845701561e-01,2.673514863375781037e-01,2.166888728387288132e-01,1.752154785829875272e-01,4.659746322791911144e-01,4.194525403130796581e-01,4.385154345775926221e-01,3.522007661185502236e-01,1.471606785872356937e-01,2.509468256250634854e-01,6.269795920080907248e-01,5.262655695028309877e-01
3.456562535663233460e-01,5.096582677804667449e-01,5.649273291122355323e-01,-1.508470752454064701e-01,5.166821733131761185e-01,-4.012533882849478872e-01,5.186140084279285967e-01,-3.999417340235061902e-01,3.837338234627010736e-01,3.825340816699760449e-01,6.825833682671809954e-02,5.308751055570204436e-01,-1.682308811955046321e-02,5.938009711313969596e-01,5.531910654707560271e-01,5.034674836939130316e-01,-1.844913728470623515e-01,6.095651804106099192e-01,4.386631893858952136e-01,1.000000000000000000e+00,6.317045734811914670e-01,4.060480721775928670e-01,5.016898156982741996e-01,6.094178906076546109e-01,6.100370078387141737e-01,5.564245253576419747e-01,5.008953318472575411e-01,4.931401076871892997e-01,4.517211190589674463e-01,8.372486293195972873e-02,3.680841384481876033e-01,5.264259030989180133e-01,6.478582177674435671e-01,5.557003164508792503e-01,5.241942996544026734e-01,3.879717620549184565e-01,3.793142446940790946e-01,5.355240780542741552e-01,4.983488089575458524e-01
2.193157476405631079e-01,4.588110179381781339e-01,4.840681315008337204e-01,-2.391183117113903633e-01,4.431285598799144521e-01,-2.585949403445824690e-01,5.171255865727317769e-01,-3.111821241073424171e-01,1.354531878654254284e-01,1.291354807898668633e-01,3.293367654000602385e-01,4.859061846360168135e-01,2.192981672250249869e-01,4.813654989134732443e-01,4.553935290034125671e-01,4.320479907472131731e-01,-5.099341025701598085e-02,4.591218101430538656e-01,1.772694976605058703e-01,6.317045734811914670e-01,1.000000000000000000e+00,6.394492776935523093e-01,4.303246680631993559e-01,4.513240218970979156e-01,4.800850385577450918e-01,5.699661791017671675e-01,5.520124740876130032e-01,5.374985784623809160e-01,4.689611768369218447e-01,-1.305740986110838220e-01,4.584463108042736157e-01,4.362289647417491034e-01,6.379667806582104417e-01,4.065584708230346456e-01,5.574113335192890650e-01,5.334259068062446874e-01,3.714448823039740444e-01,3.894136915590100667e-01,3.819953835377529194e-01
1.395936186808967305e-01,1.879160985809993356e-01,6.201837143304936850e-01,-1.772319598855307543e-01,5.546766633511205358e-01,7.877948345425890564e-02,3.414783759685443565e-01,-5.462162120379947527e-01,1.427803681856403273e-01,1.705768082068941927e-01,2.749100460417170377e-01,3.155696616973562296e-01,3.168665173061688822e-01,4.557818417409377210e-01,8.701652572673843067e-02,5.612678953120108227e-01,1.222118114043894838e-01,3.099810176149738195e-01,6.805004581813525744e-02,4.060480721775928670e-01,6.394492776935523093e-01,1.000000000000000000e+00,4.078329747299360708e-01,3.386916818210655711e-01,3.856542327640158363e-01,5.004154194351621010e-01,5.035941209050450729e-01,5.096719647519242224e-01,2.618210559523475589e-01,9.101348117245626479e-02,4.605090735179928618e-01,2.274674258636089075e-01,6.494594528860750948e-01,4.341070882310014700e-01,3.194229443514514655e-01,4.585511800409894922e-01,1.742517920440050938e-01,3.761766382832471556e-01,3.481093513732259059e-01
4.615991080951116210e-01,5.292276192924463274e-01,4.903118009995847126e-01,-3.928178212480153975e-01,4.878123526581861213e-01,-1.325123090756717692e-01,4.495075510645751282e-01,-4.285360219778494573e-01,3.525083566369427990e-01,3.023136974867777216e-01,1.464709028399148460e-02,4.730462814017750706e-01,1.099108998931043191e-01,5.325098469898192910e-01,4.134322427867339056e-01,5.369241549997544327e-01,3.212307739599511436e-01,4.361946846494358376e-01,3.368709200643916213e-01,5.016898156982741996e-01,4.303246680631993559e-01,4.078329747299360708e-01,1.000000000000000000e+00,7.227093095128134248e-01,7.849902146469018849e-01,5.819028352420468897e-01,5.688809530743295095e-01,5.415781317702292874e-01,4.119254591698218726e-01,6.055088453052657332e-02,5.254401700555333399e-01,5.509306014074175639e-01,4.765448534147408433e-01,5.286489555473244950e-01,4.556910893545094710e-01,5.220677920821804596e-01,3.973287450872473592e-01,4.137933082666327977e-01,3.826018714584936142e-01
5.052526896530109557e-01,6.331437636994365903e-01,6.487800430546093455e-01,-3.448805136199336041e-01,6.667977867358012567e-01,-3.208123878999988299e-01,5.887514390398742581e-01,-5.707328307084907904e-01,5.179281169197054169e-01,4.950069978521747238e-01,7.357529505992876917e-02,6.908506979190358610e-01,7.749217952636080348e-03,7.668208888277469049e-01,5.558551309815773500e-01,7.057935046640800847e-01,-1.375227024739118231e-01,7.112768749602709217e-01,5.196108378115562587e-01,6.094178906076546109e-01,4.513240218970979156e-01,3.386916818210655711e-01,7.227093095128134248e-01,1.000000000000000000e+00,7.965630312411453584e-01,7.931688925021441738e-01,7.710950856384258811e-01,6.951486897764467265e-01,6.108647197096751524e-01,2.056826680464466373e-01,6.009682790262856900e-01,7.320763206458215100e-01,6.588336686256032193e-01,6.925479668880342166e-01,6.840948261953346821e-01,4.230903722272500445e-01,5.784610286391589362e-01,6.534895123807916706e-01,6.076513041560408501e-01
4.898369835065313760e-01,6.284763453289168300e-01,5.904956896453515958e-01,-3.918872221399966049e-01,5.613348728124113451e-01,-3.497604754197082833e-01,6.289712645884220077e-01,-4.868873905034203364e-01,4.463529452911615403e-01,4.789691257330840335e-01,1.003388478496376746e-01,6.229123130386233775e-01,1.305480257734143064e-02,6.398528292270401208e-01,5.641653029191074920e-01,6.291142613719239440e-01,-2.179846100175898346e-02,6.414442932015449461e-01,5.290719368355997210e-01,6.100370078387141737e-01,4.800850385577450918e-01,3.856542327640158363e-01,7.849902146469018849e-01,7.965630312411453584e-01,1.000000000000000000e+00,6.891302047338614400e-01,7.240328013389935036e-01,6.625271595243501510e-01,5.170669273203225558e-01,8.112796825982809823e-02,6.254014212082078528e-01,7.156470120053126660e-01,6.305727573226173055e-01,6.262303412049414764e-01,5.427835670710431382e-01,5.112107884281854586e-01,4.950542820195055205e-01,5.908516182944179018e-01,5.730585344516856416e-01
5.135737461508159685e-01,5.854024985391047542e-01,6.241282920305969428e-01,-4.074107805261685811e-01,6.359933812428800737e-01,-2.625175789307697127e-01,6.008106705077200793e-01,-5.371844976321753506e-01,5.173593115624033345e-01,4.785026081241410267e-01,2.238831183678418324e-01,6.225777612353197155e-01,-2.020106076419313917e-02,7.344810806311373730e-01,5.088404903107621724e-01,7.498833208368115288e-01,-1.294991397763377572e-01,7.071436129113434221e-01,4.613315548638089458e-01,5.564245253576419747e-01,5.699661791017671675e-01,5.004154194351621010e-01,5.819028352420468897e-01,7.931688925021441738e-01,6.891302047338614400e-01,1.000000000000000000e+00,8.495981314388324490e-01,7.669423746359529392e-01,6.926410457695474365e-01,2.340221451013101139e-01,6.135846019872391865e-01,6.789704644414701340e-01,7.348459162145588586e-01,6.164235174189908184e-01,7.370154087879137172e-01,4.673556746098659342e-01,6.297388704328726883e-01,6.934746272538135914e-01,6.162352300625920654e-01
3.506540035098852370e-01,5.372300970085039928e-01,5.823577792067331504e-01,-4.116251693657730915e-01,6.045380791230011708e-01,-1.346123232110834900e-01,6.824799898207509763e-01,-5.046358480754911113e-01,3.273974449046171964e-01,3.391760975977894388e-01,3.711395204346127907e-01,6.133623189957022603e-01,1.509821786759163453e-01,6.572771335028212425e-01,4.197345275387188157e-01,6.649764551906165444e-01,-1.114232035946110255e-01,6.303075413556552542e-01,4.105788896270500810e-01,5.008953318472575411e-01,5.520124740876130032e-01,5.035941209050450729e-01,5.688809530743295095e-01,7.710950856384258811e-01,7.240328013389935036e-01,8.495981314388324490e-01,1.000000000000000000e+00,7.391167412790101698e-01,6.096642698512383385e-01,3.357012350907499082e-02,7.597482165657238884e-01,7.465925085035004516e-01,6.678924778647156169e-01,5.521338056407613104e-01,6.609416811081971765e-01,5.016533791264706776e-01,6.040137544542045767e-01,5.314040479711845677e-01,5.031645435990789172e-01
4.883537104809811402e-01,5.264797439633813747e-01,6.393224557546374198e-01,-5.367137975399931538e-01,5.279105494322229308e-01,-3.023354356596267278e-01,7.003661188590808440e-01,-5.950405816485695443e-01,2.765415769177401728e-01,2.305207148646301607e-01,2.512004190182555718e-01,5.704541652197292478e-01,1.856223813373406306e-01,6.236101652377461502e-01,4.913382232900603275e-01,5.945630491917781590e-01,-1.583924392362364986e-01,5.627030611043867259e-01,4.164394082845701561e-01,4.931401076871892997e-01,5.374985784623809160e-01,5.096719647519242224e-01,5.415781317702292874e-01,6.951486897764467265e-01,6.625271595243501510e-01,7.669423746359529392e-01,7.391167412790101698e-01,1.000000000000000000e+00,6.362295202762301427e-01,-6.498978141214706294e-02,7.881867266445895526e-01,5.572558369510610676e-01,7.094581513594279132e-01,5.777713052373216751e-01,6.991573573243601292e-01,5.654725092413390719e-01,5.301965943188473585e-01,6.165521245573917231e-01,4.368811315324828692e-01
4.890592901300647166e-01,5.857318073602610919e-01,4.842898294039243989e-01,-4.617562763250036562e-01,4.154430674060236028e-01,-2.598819585288549838e-01,5.098785776493213184e-01,-4.459925460015225496e-01,2.665970370349302621e-01,2.481473344829791261e-01,3.958728846025819093e-01,4.734694858402169193e-01,-5.694485357556323263e-02,7.076732728576959897e-01,5.391014770227370301e-01,4.336297515034728267e-01,-1.763273850810569976e-01,5.134061250717754099e-01,2.673514863375781037e-01,4.517211190589674463e-01,4.689611768369218447e-01,2.618210559523475589e-01,4.119254591698218726e-01,6.108647197096751524e-01,5.170669273203225558e-01,6.926410457695474365e-01,6.096642698512383385e-01,6.362295202762301427e-01,1.000000000000000000e+00,6.110032897894666915e-02,5.616951998871435592e-01,6.592019000972572096e-01,5.922327861157149487e-01,4.370723802627097809e-01,8.136551412556217722e-01,5.137672719308695735e-01,7.222963186359337984e-01,5.138862784008775275e-01,4.037854988579941407e-01
3.627658693050992422e-01,2.059029624561858896e-01,2.977332875350706121e-01,8.014633886293419385e-02,4.223293749101984518e-01,-1.527399861545049864e-01,-2.785026662711399537e-01,-2.768072994694192324e-01,7.048145125033146163e-01,7.701905745880657239e-01,-2.028910466364138299e-01,1.061085399631147286e-01,-4.368581632669767956e-01,2.901763169300006773e-01,-2.139141476670450986e-02,4.567476770271239883e-01,-1.008848284949400154e-01,2.644856449966839218e-01,2.166888728387288132e-01,8.372486293195972873e-02,-1.305740986110838220e-01,9.101348117245626479e-02,6.055088453052657332e-02,2.056826680464466373e-01,8.112796825982809823e-02,2.340221451013101139e-01,3.357012350907499082e-02,-6.498978141214706294e-02,6.110032897894666915e-02,1.000000000000000000e+00,-2.043205679540109065e-01,1.266408814942171501e-01,1.842335495154664160e-01,4.606841436735935047e-01,-1.150336381049679724e-02,-1.698531629163976264e-01,-7.488078399909527116e-02,5.507630922909240168e-01,6.349897772422524733e-01
3.266960599725962644e-01,4.746625186707222332e-01,5.082406018103077239e-01,-5.214593187574362299e-01,4.682449423499361885e-01,-3.009300562634514495e-02,6.859669681672451169e-01,-4.889171401708274911e-01,3.847900371827842753e-02,6.849149260401386774e-02,4.914381886506594688e-01,3.817278393991436758e-01,3.688100282594854451e-01,4.745433120400214810e-01,2.721743899968137592e-01,4.734351117938424558e-01,2.559161438644232817e-02,3.298627069737585793e-01,1.752154785829875272e-01,3.680841384481876033e-01,4.584463108042736157e-01,4.605090735179928618e-01,5.254401700555333399e-01,6.009682790262856900e-01,6.254014212082078528e-01,6.135846019872391865e-01,7.597482165657238884e-01,7.881867266445895526e-01,5.616951998871435592e-01,-2.043205679540109065e-01,1.000000000000000000e+00,5.963856818931643211e-01,4.985837897119154150e-01,4.337890671181726665e-01,5.634709423099596437e-01,6.356484168289244785e-01,5.212347607513438952e-01,3.417389168709332736e-01,2.552110356650176270e-01
5.069066648108323525e-01,7.587087182005931574e-01,4.614374707999688852e-01,-3.647137844200932233e-01,4.962230515059185554e-01,-3.353140339864313924e-01,5.636717428927050522e-01,-3.897733369877378617e-01,4.763504321434762767e-01,4.647298769960156450e-01,3.134676665929252981e-01,6.231237231891111339e-01,-5.323962735051458034e-02,6.340003385367154465e-01,5.832090128144462593e-01,5.235799895856892983e-01,-1.709667080220673430e-01,6.204647321814763528e-01,4.659746322791911144e-01,5.264259030989180133e-01,4.362289647417491034e-01,2.274674258636089075e-01,5.509306014074175639e-01,7.320763206458215100e-01,7.156470120053126660e-01,6.789704644414701340e-01,7.465925085035004516e-01,5.572558369510610676e-01,6.592019000972572096e-01,1.266408814942171501e-01,5.963856818931643211e-01,1.000000000000000000e+00,5.487316808241482491e-01,5.442868051851270650e-01,6.302018983925770090e-01,5.122359853894554726e-01,6.308451750068384545e-01,5.208402093145684253e-01,5.254582272133477838e-01
4.080013652700804627e-01,4.931037222559987443e-01,7.942046897681717121e-01,-2.527659046999693460e-01,6.669451584155737800e-01,-2.736314870656817444e-01,5.515187263569513165e-01,-6.901422585204488591e-01,4.243906163158495670e-01,4.138733574165900375e-01,1.836381189338751607e-01,6.190292628683863319e-01,6.293583261237316318e-02,7.935106890968375293e-01,4.931321918891377609e-01,6.339933084590140266e-01,-1.987822982446151576e-01,7.005226888563488297e-01,4.194525403130796581e-01,6.478582177674435671e-01,6.379667806582104417e-01,6.494594528860750948e-01,4.765448534147408433e-01,6.588336686256032193e-01,6.305727573226173055e-01,7.348459162145588586e-01,6.678924778647156169e-01,7.094581513594279132e-01,5.922327861157149487e-01,1.842335495154664160e-01,4.985837897119154150e-01,5.487316808241482491e-01,1.000000000000000000e+00,6.790945794921623424e-01,6.464405503848650314e-01,3.958594688807677286e-01,5.010953234732388184e-01,6.532812673806959181e-01,5.807543101838273936e-01
6.223060256192483042e-01,6.144602143210063927e-01,7.274006060776818661e-01,-3.080517386167980209e-01,7.248550566328270106e-01,-4.346447022004318317e-01,4.227474626907675725e-01,-6.381840363489736934e-01,6.486481808794887227e-01,6.428911589684668249e-01,-3.753422508158849730e-02,5.772840804766194989e-01,-7.604789511690797366e-02,6.973087821608244807e-01,5.314610010895574055e-01,6.358005754982271052e-01,-2.304871211676058351e-01,5.826165048268250324e-01,4.385154345775926221e-01,5.557003164508792503e-01,4.065584708230346456e-01,4.341070882310014700e-01,5.286489555473244950e-01,6.925479668880342166e-01,6.262303412049414764e-01,6.164235174189908184e-01,5.521338056407613104e-01,5.777713052373216751e-01,4.370723802627097809e-01,4.606841436735935047e-01,4.337890671181726665e-01,5.442868051851270650e-01,6.790945794921623424e-01,1.000000000000000000e+00,4.774827427925140144e-01,3.280487568572839630e-01,3.184976729929610006e-01,7.606881275193685399e-01,7.198524976503253292e-01
5.409209742058184167e-01,6.475083624875154209e-01,5.194547303750287615e-01,-3.979567369350578421e-01,4.642317804164406425e-01,-3.570330088653468903e-01,5.895774303126095628e-01,-4.601721629332439778e-01,3.213597883277436451e-01,2.509382870213932026e-01,2.629696409798011891e-01,5.688607783661132622e-01,1.124994839305705208e-01,7.388168548898313981e-01,5.799210897170949952e-01,4.794747713072419759e-01,-2.287959092810132322e-01,5.918250475260102839e-01,3.522007661185502236e-01,5.241942996544026734e-01,5.574113335192890650e-01,3.194229443514514655e-01,4.556910893545094710e-01,6.840948261953346821e-01,5.427835670710431382e-01,7.370154087879137172e-01,6.609416811081971765e-01,6.991573573243601292e-01,8.136551412556217722e-01,-1.150336381049679724e-02,5.634709423099596437e-01,6.302018983925770090e-01,6.464405503848650314e-01,4.774827427925140144e-01,1.000000000000000000e+00,5.839799393336894129e-01,8.324060707412710425e-01,5.038937216625470894e-01,4.247343298491195185e-01
4.854187812343876418e-01,5.780111328158891171e-01,4.165154558286173758e-01,-3.721188821269619806e-01,3.730656664173889192e-01,-9.879989365900995746e-02,4.812068985288319722e-01,-3.881176391709850737e-01,1.453441950841369013e-01,7.977936319311974833e-02,3.717208741699365993e-01,2.836398244959150161e-01,2.876372619989440715e-01,4.472618322122224321e-01,3.026346822484451415e-01,3.820583072020472537e-01,1.431297533004516065e-01,2.748281006021617845e-01,1.471606785872356937e-01,3.879717620549184565e-01,5.334259068062446874e-01,4.585511800409894922e-01,5.220677920821804596e-01,4.230903722272500445e-01,5.112107884281854586e-01,4.673556746098659342e-01,5.016533791264706776e-01,5.654725092413390719e-01,5.137672719308695735e-01,-1.698531629163976264e-01,6.356484168289244785e-01,5.122359853894554726e-01,3.958594688807677286e-01,3.280487568572839630e-01,5.839799393336894129e-01,1.000000000000000000e+00,5.170682187322791501e-01,2.423632250037210945e-01,1.834032061639646327e-01
4.692388872102245534e-01,5.539852383250929435e-01,3.729569729119365240e-01,-3.636968273582957822e-01,2.952834022927587898e-01,-1.945175700129186114e-01,5.228441319273973154e-01,-3.383215396825954291e-01,1.984686216711385454e-01,1.784635320638895128e-01,3.149307577313741335e-01,4.260760854500840744e-01,1.252386263316478121e-01,6.201297187819652112e-01,4.616492656181530596e-01,3.413258706860601288e-01,-1.058313628285214025e-01,4.389654449072911691e-01,2.509468256250634854e-01,3.793142446940790946e-01,3.714448823039740444e-01,1.742517920440050938e-01,3.973287450872473592e-01,5.784610286391589362e-01,4.950542820195055205e-01,6.297388704328726883e-01,6.040137544542045767e-01,5.301965943188473585e-01,7.222963186359337984e-01,-7.488078399909527116e-02,5.212347607513438952e-01,6.308451750068384545e-01,5.010953234732388184e-01,3.184976729929610006e-01,8.324060707412710425e-01,5.170682187322791501e-01,1.000000000000000000e+00,2.818884158288122999e-01,2.677410120499358892e-01
5.711744452954087281e-01,5.691861931275542519e-01,6.680451970087196711e-01,-2.054633711830251008e-01,6.911544048335970247e-01,-5.661938542959807918e-01,4.082200266188018567e-01,-5.946237005343439908e-01,7.623649130836384069e-01,7.593359066558348358e-01,-2.935868471801054286e-02,6.536155734860995548e-01,-3.070108976658939004e-01,6.560661479405730523e-01,5.078637611539852381e-01,7.625869277540566760e-01,-3.739140284528853497e-01,7.397958957016556036e-01,6.269795920080907248e-01,5.355240780542741552e-01,3.894136915590100667e-01,3.761766382832471556e-01,4.137933082666327977e-01,6.534895123807916706e-01,5.908516182944179018e-01,6.934746272538135914e-01,5.314040479711845677e-01,6.165521245573917231e-01,5.138862784008775275e-01,5.507630922909240168e-01,3.417389168709332736e-01,5.208402093145684253e-01,6.532812673806959181e-01,7.606881275193685399e-01,5.038937216625470894e-01,2.423632250037210945e-01,2.818884158288122999e-01,1.000000000000000000e+00,8.658243428204107639e-01
5.020887945450321910e-01,5.472309571317104382e-01,6.148296272390900707e-01,-9.400430228938796984e-02,6.622787298074481743e-01,-5.243984323003216819e-01,3.009057999652328119e-01,-5.245481287183225705e-01,7.621102676059411385e-01,8.534612130691724419e-01,3.747474369881680176e-03,5.895138800956886138e-01,-2.654899762021761811e-01,6.145082405239311596e-01,4.067414376780480456e-01,7.604167932466235902e-01,-3.210444616585589883e-01,6.673638909015480181e-01,5.262655695028309877e-01,4.983488089575458524e-01,3.819953835377529194e-01,3.481093513732259059e-01,3.826018714584936142e-01,6.076513041560408501e-01,5.730585344516856416e-01,6.162352300625920654e-01,5.031645435990789172e-01,4.368811315324828692e-01,4.037854988579941407e-01,6.349897772422524733e-01,2.552110356650176270e-01,5.254582272133477838e-01,5.807543101838273936e-01,7.198524976503253292e-01,4.247343298491195185e-01,1.834032061639646327e-01,2.677410120499358892e-01,8.658243428204107639e-01,1.000000000000000000e+00
