1.000000000000000000e+00,-1.408385393454228696e-01,-4.156610893688585384e-01,-5.531548144510604059e-01,4.285174119857252939e-01,-4.798510578507890201e-01,-1.857218339251732186e-01,1.058351236401373213e-01,2.599979033004546497e-02,-1.903995162494125093e-01,1.482836985105603633e-01,-2.590466074217718240e-01,-2.197023087466170588e-01,-5.881994311768365957e-01,5.285619338924131272e-01,8.799127584444647043e-01,-5.571708081488343511e-01,8.569172379321146060e-01,4.826891498017050197e-01,4.705772808854740696e-01,8.144601318136514279e-02,-2.541795562413086129e-01,-5.442384237379048750e-01,-4.168287461951894479e-01,-4.219085440059012759e-01,-2.810106168368459167e-01,-7.168356001566644764e-01,4.376075711096613641e-01,7.825638875396996597e-02,7.886664959255652585e-01,-4.657171431621480173e-01,-7.273347511251777586e-01,-5.135104134931173236e-01,6.650768083879811110e-01,-4.051188803353620860e-01,4.279450669283074715e-01,-6.330790059650180934e-01,6.298293852554398553e-01,3.245559293082150853e-01
-1.408385393454228696e-01,1.000000000000000000e+00,2.428656168095573442e-01,6.393495075244751691e-01,2.455208427164966012e-01,5.950322272535967238e-01,-1.373929530495664464e-01,-4.261033658364448140e-01,6.205388291778171084e-01,7.310606276135609427e-01,-1.796061003815918600e-01,1.686831267755648650e-02,2.732362701390890769e-01,5.825077068332569219e-01,-5.999236831061484088e-01,-7.572913346433042536e-02,-1.478530218031340882e-01,-1.411034833456850934e-01,-4.927664299752839705e-01,-2.368523164210329934e-01,4.620156008350716492e-01,6.558816013900200526e-01,5.883518086635685096e-01,6.293710551589767332e-01,6.501794580546195190e-01,1.447689970461525123e-02,6.033648278648694463e-01,3.083029455619503145e-01,2.989876180143522522e-01,-9.972706525955023216e-02,2.188568962529905126e-01,6.023636073275694391e-01,6.188578873298890004e-01,-3.797481225503296365e-01,4.281557015099462515e-01,-2.796164377741532925e-01,6.214326817096464950e-01,1.364410255197249788e-01,6.333180902773742904e-01
-4.156610893688585384e-01,2.428656168095573442e-01,1.000000000000000000e+00,1.695432707208620049e-01,4.050576995348900144e-01,1.218835164251100001e-01,1.328244189257657970e-01,-7.692470726261666503e-01,5.757723617862907650e-01,2.307407030425427108e-01,2.371251043136183567e-01,4.272629935433908122e-01,-2.266990128626004686e-01,5.788041934906010821e-01,-3.788089401030553249e-02,-4.258370318811076638e-01,5.175102802432200999e-01,-3.474680423922691941e-01,-7.337604259495954240e-02,-2.776863740696367544e-01,-3.911422841706330145e-01,-1.318920333483365459e-01,2.435218858142792764e-01,1.673675950850458394e-01,1.058839287929391332e-01,7.838552370923816959e-01,4.912091345145719878e-01,-1.598710164207438889e-01,4.742180948016041508e-01,-3.946038217264277032e-02,8.670103827444118894e-01,4.226808401614691735e-01,3.600430029258109843e-01,-1.810562049364926873e-01,4.662118337096358700e-01,-3.962729656878859197e-02,3.345554588662337792e-01,-4.257228788979440237e-01,8.889447348016880912e-02
-5.531548144510604059e-01,6.393495075244751691e-01,1.695432707208620049e-01,1.000000000000000000e+00,-2.590746198977751935e-01,9.208487629783028705e-01,2.297572641448769881e-01,-3.076341371325047591e-01,1.969696807195254196e-01,4.788087441719836024e-01,-3.527957652535598232e-01,-2.587182253783379959e-01,3.784926747407361125e-01,7.816417601117319203e-01,-9.313600945945553766e-01,-5.282238173293045680e-01,-1.383186302868939233e-01,-5.558131829869286111e-01,-8.441456430047151738e-01,-6.855676622616325711e-01,6.400678874607471647e-01,7.973111139493459509e-01,9.154816610994376269e-01,8.872550794258220463e-01,9.158085542478449081e-01,-5.962108053435916794e-02,8.645694547787921014e-01,2.758406564705142006e-01,-8.884926048472882587e-02,-6.562266878642899481e-01,1.223975970880886444e-01,7.640288099477973160e-01,8.526865734124293716e-01,-8.333920761041312408e-01,6.314955501146182204e-01,-6.912330878058606798e-01,9.209283938018880677e-01,-2.203976064335032570e-01,3.219644806518343755e-02
4.285174119857252939e-01,2.455208427164966012e-01,4.050576995348900144e-01,-2.590746198977751935e-01,1.000000000000000000e+00,-2.665545199569273049e-01,-1.621724056995290375e-01,-5.520433686640069393e-01,6.316437727602848273e-01,2.861048016813380057e-01,2.821409068072392445e-01,2.556307473086726345e-01,-3.312002741486194113e-01,-2.738306445610916989e-02,3.094171617177605138e-01,4.859594695362017824e-01,-5.318569764023621527e-02,5.193138795642268102e-01,3.547544884644087682e-01,3.083644212823408171e-01,-1.614739257949516227e-01,-1.905076385017364371e-01,-2.348443515668795500e-01,-1.969869443104630136e-01,-1.891189198717112274e-01,2.209274356870321032e-01,-1.885671112420848061e-01,2.528184417161304376e-01,4.204900669370503219e-01,6.482034943802933435e-01,2.991735643563703251e-01,-2.553838918114650358e-01,-1.251780535878251333e-01,4.757593512331021457e-01,-4.772669078241734142e-02,4.186093771208168057e-01,-2.334410551068305806e-01,3.541504732971447189e-01,5.838679270229860663e-01
-4.798510578507890201e-01,5.950322272535967238e-01,1.218835164251100001e-01,9.208487629783028705e-01,-2.665545199569273049e-01,1.000000000000000000e+00,2.649077133296944275e-01,-3.618692151368346765e-01,1.299986669941312067e-01,4.381969323841940489e-01,-2.963830376671283684e-01,-4.372406787571748166e-01,2.804647027883396815e-01,7.858011151827852814e-01,-9.335602311194484138e-01,-4.933043006997546720e-01,-2.567493136507106866e-01,-5.000306837465998688e-01,-8.844187800261007482e-01,-7.040098791282517476e-01,7.242061962646522133e-01,8.142702448074222721e-01,9.518347760059340246e-01,9.448091684406120239e-01,9.557193688518955677e-01,-4.366767534301056047e-02,8.040415365088594557e-01,3.529310409889651057e-01,-4.403145416950841884e-02,-6.095855016781549507e-01,1.158818768500762264e-01,7.088606690323054904e-01,8.905978828599215857e-01,-8.629599566115937481e-01,7.086049584733268292e-01,-7.606854568517301685e-01,9.195793741596796078e-01,-1.944736025537903701e-01,3.900558422888353305e-02
-1.857218339251732186e-01,-1.373929530495664464e-01,1.328244189257657970e-01,2.297572641448769881e-01,-1.621724056995290375e-01,2.649077133296944275e-01,1.000000000000000000e+00,-1.884248535174058992e-01,-1.652555869130746258e-01,-2.783684657789153860e-01,2.929194593155555193e-01,-3.419524228983212288e-01,-9.839000168183098527e-02,3.344511650341344677e-01,-1.746486384308220674e-01,-3.460576016705095292e-01,-9.071975638859451629e-02,-1.600779523279687033e-01,-3.494917151586316439e-01,-3.748449623000295050e-01,8.483811010164446498e-02,-6.164891951278471394e-02,2.703676171005762741e-01,2.857784078598937239e-01,2.103642923879513738e-01,3.107565581705992175e-01,2.648412460080398767e-01,9.129077321035397596e-02,-1.746398284235410950e-02,-2.351803729481769523e-01,9.483558417894004389e-02,1.358004555396583324e-01,3.255903678946934776e-01,-4.105583760010090288e-01,4.497219771484535222e-01,-4.416451683589138200e-01,2.563487909869472947e-01,-4.280878993424956369e-01,-1.581197659341544715e-01
1.058351236401373213e-01,-4.261033658364448140e-01,-7.692470726261666503e-01,-3.076341371325047591e-01,-5.520433686640069393e-01,-3.618692151368346765e-01,-1.884248535174058992e-01,1.000000000000000000e+00,-6.127974949194010534e-01,-3.178125279170689876e-01,-2.723867106567682272e-01,5.258185899086744580e-02,3.039887339183880433e-01,-6.475210548630750962e-01,2.367072159333558912e-01,1.478800272731474463e-01,2.008389135908719703e-02,4.318070523793478277e-02,2.966501170208712401e-01,3.741603144739785725e-01,-9.207784515154510130e-02,-1.593363497375473725e-01,-4.338731483327534222e-01,-4.444764491785410110e-01,-3.799101228284989529e-01,-5.957227341741028193e-01,-4.666711630980653336e-01,-3.278507240580421644e-01,-5.103694888685605946e-01,-1.253010151481103729e-01,-6.715722106709117734e-01,-3.300892637517651718e-01,-5.577446129846945766e-01,2.653217623038932604e-01,-6.529663626121974263e-01,2.189032347836871173e-01,-4.356663372902627174e-01,1.931468549803984913e-01,-3.432018272493942979e-01
2.599979033004546497e-02,6.205388291778171084e-01,5.757723617862907650e-01,1.969696807195254196e-01,6.316437727602848273e-01,1.299986669941312067e-01,-1.652555869130746258e-01,-6.127974949194010534e-01,1.000000000000000000e+00,5.810099829129874438e-01,3.693714517828450977e-02,3.038399022003983596e-01,-5.910998243124973572e-02,4.250502756998579268e-01,-1.044659847597664559e-01,1.163742614174941847e-01,1.790044750597802881e-01,7.404195393106807223e-03,-3.043872155382540759e-02,-4.929868451817247255e-02,-5.751600038030695722e-02,1.162344398228553483e-01,2.090349848648693776e-01,2.100547691274345929e-01,1.884591132630973331e-01,3.812338206186812739e-01,3.235316404250505595e-01,1.396154549040578841e-01,5.770445932741458117e-01,3.308652991493464812e-01,4.860975905696340860e-01,2.684842979147673558e-01,2.876902789829768325e-01,1.392712899495733049e-02,2.652271931363061608e-01,1.810306910171389505e-01,2.411674347818852093e-01,1.615207811049345354e-01,6.328556576942474532e-01
-1.903995162494125093e-01,7.310606276135609427e-01,2.307407030425427108e-01,4.788087441719836024e-01,2.861048016813380057e-01,4.381969323841940489e-01,-2.783684657789153860e-01,-3.178125279170689876e-01,5.810099829129874438e-01,1.000000000000000000e+00,-4.393021138836278316e-01,1.949465926485663414e-01,1.182086384297984655e-01,3.805159145079030081e-01,-4.723962917931228689e-01,4.466306631603274985e-02,8.974406929430642221e-02,-1.909836322683447773e-01,-2.263405322065236147e-01,-6.314823035844219223e-02,3.378575132757858923e-01,5.524905296327859983e-01,4.566169171606885846e-01,4.179105057157121994e-01,5.094599557445464999e-01,-1.505207415801570192e-01,4.127476261363027810e-01,1.901556076914200089e-01,1.035668903148257020e-01,1.608355456190661836e-02,1.647405889752940056e-01,4.659511512854241921e-01,3.827183697213427660e-01,-1.901540544149656065e-01,1.200182436737830677e-01,5.299944057536395275e-02,4.502744785491583079e-01,3.776293176739115576e-01,4.645496485770859718e-01
1.482836985105603633e-01,-1.796061003815918600e-01,2.371251043136183567e-01,-3.527957652535598232e-01,2.821409068072392445e-01,-2.963830376671283684e-01,2.929194593155555193e-01,-2.723867106567682272e-01,3.693714517828450977e-02,-4.393021138836278316e-01,1.000000000000000000e+00,-7.842531908169747545e-02,-2.308055244129892380e-01,4.284005829799096554e-02,3.510260761792109996e-01,7.566534502605054557e-03,-3.626993163549075555e-02,2.705947290418413420e-01,4.599755959915138859e-02,1.106351768062143470e-01,-3.542792230366722528e-01,-4.436360221393450542e-01,-2.730551249164919203e-01,-1.696570319013878392e-01,-3.131960638609847525e-01,5.776214292740664558e-01,-1.454360535764130380e-01,-1.100363916441403078e-01,4.304890919336695765e-01,2.576883278214439077e-01,3.753517909447897094e-01,-2.604110823861703339e-01,-1.650591542997700487e-02,9.082888760637743142e-02,3.174570061377861574e-01,-3.641114735752128129e-02,-2.115171879215381467e-01,-4.641740193742771581e-01,2.509734545782498771e-01
-2.590466074217718240e-01,1.686831267755648650e-02,4.272629935433908122e-01,-2.587182253783379959e-01,2.556307473086726345e-01,-4.372406787571748166e-01,-3.419524228983212288e-01,5.258185899086744580e-02,3.038399022003983596e-01,1.949465926485663414e-01,-7.842531908169747545e-02,1.000000000000000000e+00,1.991508348437871345e-03,-1.443399242619896883e-01,3.699809236868925599e-01,-1.044646815377168608e-01,7.381700193957673184e-01,-1.320344325448526424e-01,5.057749684106728205e-01,3.803298902452144636e-01,-6.800155832382051013e-01,-4.002581846882263261e-01,-3.698704036558118080e-01,-4.732079733876561889e-01,-4.241623071075107387e-01,2.206797937409038513e-01,-1.704604271662689755e-02,-5.126029646277284746e-01,1.339489330682180068e-01,6.918589684282579200e-02,3.502309564908497319e-01,1.032419574124310013e-01,-3.373707700052342995e-01,3.959285446534504538e-01,-3.973622830267969364e-01,5.252720139054061210e-01,-2.306993374464677560e-01,-2.385477919106366099e-02,3.162227452401070865e-02
-2.197023087466170588e-01,2.732362701390890769e-01,-2.266990128626004686e-01,3.784926747407361125e-01,-3.312002741486194113e-01,2.804647027883396815e-01,-9.839000168183098527e-02,3.039887339183880433e-01,-5.910998243124973572e-02,1.182086384297984655e-01,-2.308055244129892380e-01,1.991508348437871345e-03,1.000000000000000000e+00,1.220268862911535745e-01,-3.635617392821566818e-01,-2.360338093273927074e-01,-1.398853782578120958e-02,-2.985574305489751001e-01,-3.437624691241388253e-01,5.318369327347595432e-02,2.036202896055451794e-01,4.410069761794160881e-01,2.452482180150443447e-01,2.363335056929093403e-01,2.679142837216251793e-01,-2.185508437107220037e-01,2.586673908374570452e-01,-1.458895346714951802e-01,-1.132205176201514091e-01,-4.116055849794861832e-01,-1.723347105968274784e-01,2.406750801730014599e-01,1.843781511814681640e-01,-2.990128792005757319e-01,5.459339002600462759e-02,-3.503931596794773173e-01,2.862553960620401461e-01,-6.683628724751959627e-02,-9.606685088363481687e-03
-5.881994311768365957e-01,5.825077068332569219e-01,5.788041934906010821e-01,7.816417601117319203e-01,-2.738306445610916989e-02,7.858011151827852814e-01,3.344511650341344677e-01,-6.475210548630750962e-01,4.250502756998579268e-01,3.805159145079030081e-01,4.284005829799096554e-02,-1.443399242619896883e-01,1.220268862911535745e-01,1.000000000000000000e+00,-7.242296417109169715e-01,-6.260805232024674316e-01,8.395666635042040027e-02,-5.705764533178597775e-01,-7.709889421668845166e-01,-6.995374221399367487e-01,3.138037093560189228e-01,4.893700108031884821e-01,8.456467855659189903e-01,8.311751215868908860e-01,7.703248309190805498e-01,4.669581389552066031e-01,8.999622887100167112e-01,1.532292239350980523e-01,3.222940594379736789e-01,-4.956889870795495034e-01,5.678669788447903155e-01,7.711054909394038370e-01,9.091607007973315779e-01,-8.086049921588329692e-01,8.708360317981831411e-01,-6.300860749987553522e-01,8.908799257850651410e-01,-4.741513118083436895e-01,1.502345550068172886e-01
5.285619338924131272e-01,-5.999236831061484088e-01,-3.788089401030553249e-02,-9.313600945945553766e-01,3.094171617177605138e-01,-9.335602311194484138e-01,-1.746486384308220674e-01,2.367072159333558912e-01,-1.044659847597664559e-01,-4.723962917931228689e-01,3.510260761792109996e-01,3.699809236868925599e-01,-3.635617392821566818e-01,-7.242296417109169715e-01,1.000000000000000000e+00,4.861428971408655597e-01,2.246754142189271441e-01,5.411920941837443655e-01,8.798924828088289241e-01,6.457195569482133690e-01,-7.150023614628187030e-01,-8.448834112015077835e-01,-9.154732460253253157e-01,-8.957687545476091806e-01,-9.298236391708352144e-01,1.645561302063155151e-01,-7.908124505792515357e-01,-2.640655035119695571e-01,1.469296104668447733e-01,6.618074082263483149e-01,-6.000671558608788869e-02,-6.942332212622381871e-01,-8.304225187452943802e-01,8.453218841860433708e-01,-6.063586324759066004e-01,7.054943273472218390e-01,-8.924473944365748368e-01,1.750155993083889194e-01,-5.438286376028843294e-02
8.799127584444647043e-01,-7.572913346433042536e-02,-4.258370318811076638e-01,-5.282238173293045680e-01,4.859594695362017824e-01,-4.933043006997546720e-01,-3.460576016705095292e-01,1.478800272731474463e-01,1.163742614174941847e-01,4.466306631603274985e-02,7.566534502605054557e-03,-1.044646815377168608e-01,-2.360338093273927074e-01,-6.260805232024674316e-01,4.861428971408655597e-01,1.000000000000000000e+00,-4.524863361881968915e-01,8.380371036967525500e-01,5.450366690994972174e-01,5.505124492412775128e-01,9.698771434987953077e-02,-1.917379756980626682e-01,-5.495175543164435572e-01,-4.509720182300670510e-01,-4.044246432139606551e-01,-4.278876011196114937e-01,-7.015070547470410034e-01,4.189827192176237003e-01,6.919443149877024801e-03,8.125757218735223386e-01,-4.911398590319691060e-01,-6.815866522942427563e-01,-5.514077436796458453e-01,7.203292763571241819e-01,-5.438076604508731426e-01,5.937485481307042123e-01,-6.370788188374859606e-01,7.508259626671750508e-01,4.054892209979755191e-01
-5.571708081488343511e-01,-1.478530218031340882e-01,5.175102802432200999e-01,-1.383186302868939233e-01,-5.318569764023621527e-02,-2.567493136507106866e-01,-9.071975638859451629e-02,2.008389135908719703e-02,1.790044750597802881e-01,8.974406929430642221e-02,-3.626993163549075555e-02,7.381700193957673184e-01,-1.398853782578120958e-02,8.395666635042040027e-02,2.246754142189271441e-01,-4.524863361881968915e-01,1.000000000000000000e+00,-5.081722673336737106e-01,2.824806535065203517e-01,1.247160615212550699e-01,-7.113090341621833845e-01,-3.657706783515907167e-01,-1.443474293926102769e-01,-2.876731481517592059e-01,-2.889389430816589055e-01,4.538987187576630222e-01,1.589405321236259938e-01,-7.025579392760816777e-01,1.943230066978901549e-01,-1.873033094205618365e-01,5.083285575085524366e-01,2.886049693625615808e-01,-1.360606840625291081e-01,4.654302552039450008e-02,-1.265943801550068748e-01,2.755339324070836815e-01,-2.574772726554847013e-02,-3.268048430802956705e-01,-2.222546110711253742e-01
8.569172379321146060e-01,-1.411034833456850934e-01,-3.474680423922691941e-01,-5.558131829869286111e-01,5.193138795642268102e-01,-5.000306837465998688e-01,-1.600779523279687033e-01,4.318070523793478277e-02,7.404195393106807223e-03,-1.909836322683447773e-01,2.705947290418413420e-01,-1.320344325448526424e-01,-2.985574305489751001e-01,-5.705764533178597775e-01,5.411920941837443655e-01,8.380371036967525500e-01,-5.081722673336737106e-01,1.000000000000000000e+00,5.076296261703798773e-01,5.026564221674946209e-01,5.607909761616201166e-02,-2.921402344967186093e-01,-5.725731993280401833e-01,-4.306630029637691370e-01,-4.283751687264557573e-01,-2.528553959580717714e-01,-6.703003274869892003e-01,4.557861605643096503e-01,9.473979994936417015e-02,7.566511059229857894e-01,-4.271047388832887037e-01,-6.758687709593289572e-01,-4.755629287028152463e-01,6.876780862316081988e-01,-3.940285278129395663e-01,4.522392771652442578e-01,-6.300551779550910281e-01,5.165598838800152803e-01,3.688891611135304283e-01
4.826891498017050197e-01,-4.927664299752839705e-01,-7.337604259495954240e-02,-8.441456430047151738e-01,3.547544884644087682e-01,-8.844187800261007482e-01,-3.494917151586316439e-01,2.966501170208712401e-01,-3.043872155382540759e-02,-2.263405322065236147e-01,4.599755959915138859e-02,5.057749684106728205e-01,-3.437624691241388253e-01,-7.709889421668845166e-01,8.798924828088289241e-01,5.450366690994972174e-01,2.824806535065203517e-01,5.076296261703798773e-01,1.000000000000000000e+00,6.858343063125106331e-01,-6.362247195509906916e-01,-6.987949864376917786e-01,-8.698588718937695363e-01,-8.962034141125306830e-01,-8.601216727378013793e-01,-5.866135133926645567e-02,-7.724176778820032174e-01,-2.573797627851827641e-01,9.906754577022752750e-04,6.459403891761678063e-01,-1.553185399890450735e-01,-6.359334898454471752e-01,-8.701629034906567250e-01,9.116946031865996725e-01,-7.776206790536641655e-01,8.333185169677775894e-01,-8.588264096437183692e-01,3.950130278017773833e-01,-7.348031907904302440e-02
4.705772808854740696e-01,-2.368523164210329934e-01,-2.776863740696367544e-01,-6.855676622616325711e-01,3.083644212823408171e-01,-7.040098791282517476e-01,-3.748449623000295050e-01,3.741603144739785725e-01,-4.929868451817247255e-02,-6.314823035844219223e-02,1.106351768062143470e-01,3.803298902452144636e-01,5.318369327347595432e-02,-6.995374221399367487e-01,6.457195569482133690e-01,5.505124492412775128e-01,1.247160615212550699e-01,5.026564221674946209e-01,6.858343063125106331e-01,1.000000000000000000e+00,-3.985320778536049491e-01,-4.059042437967605443e-01,-7.254278696470402021e-01,-7.025194349185129861e-01,-6.565901897486940975e-01,-1.938280385917908188e-01,-7.103367340016553122e-01,-2.613137951518371138e-01,1.261606701614699788e-01,5.421393114632262478e-01,-1.933720276219176581e-01,-5.593873945672681591e-01,-7.052114196967158577e-01,7.472447153368537709e-01,-6.686941456907504744e-01,5.976128167683788517e-01,-7.216783272535107763e-01,4.483286206556004183e-01,2.380620955181305398e-01
8.144601318136514279e-02,4.620156008350716492e-01,-3.911422841706330145e-01,6.400678874607471647e-01,-1.614739257949516227e-01,7.242061962646522133e-01,8.483811010164446498e-02,-9.207784515154510130e-02,-5.751600038030695722e-02,3.378575132757858923e-01,-3.542792230366722528e-01,-6.800155832382051013e-01,2.036202896055451794e-01,3.138037093560189228e-01,-7.150023614628187030e-01,9.698771434987953077e-02,-7.113090341621833845e-01,5.607909761616201166e-02,-6.362247195509906916e-01,-3.985320778536049491e-01,1.000000000000000000e+00,7.951717373417878099e-01,6.353797908564465802e-01,7.090236686552255918e-01,7.644987721938296676e-01,-5.155399667100469818e-01,3.307157383765998437e-01,7.014265869104083784e-01,-2.137281403995868745e-01,-2.340195599962664741e-01,-4.266416120775025633e-01,2.551265099570055872e-01,5.507782253603020761e-01,-4.829608512864108083e-01,3.318832771304580098e-01,-5.080275246711464243e-01,5.277168758406198812e-01,2.759791457515932689e-01,1.695699448133768383e-01
-2.541795562413086129e-01,6.558816013900200526e-01,-1.318920333483365459e-01,7.973111139493459509e-01,-1.905076385017364371e-01,8.142702448074222721e-01,-6.164891951278471394e-02,-1.593363497375473725e-01,1.162344398228553483e-01,5.524905296327859983e-01,-4.436360221393450542e-01,-4.002581846882263261e-01,4.410069761794160881e-01,4.893700108031884821e-01,-8.448834112015077835e-01,-1.917379756980626682e-01,-3.657706783515907167e-01,-2.921402344967186093e-01,-6.987949864376917786e-01,-4.059042437967605443e-01,7.951717373417878099e-01,1.000000000000000000e+00,7.670059760460661291e-01,7.700237844428533540e-01,8.373177901074690954e-01,-3.566922281667986860e-01,5.639098316796302690e-01,3.639836963998491770e-01,-1.672873382352820792e-01,-4.218768586197682580e-01,-1.351948966696834842e-01,5.328126230162832933e-01,6.628101572069389213e-01,-6.162296912717269981e-01,4.044441465100214739e-01,-5.488163094933242725e-01,7.113052538452249163e-01,1.282696249178049974e-01,1.595711691619269845e-01
-5.442384237379048750e-01,5.883518086635685096e-01,2.435218858142792764e-01,9.154816610994376269e-01,-2.348443515668795500e-01,9.518347760059340246e-01,2.703676171005762741e-01,-4.338731483327534222e-01,2.090349848648693776e-01,4.566169171606885846e-01,-2.730551249164919203e-01,-3.698704036558118080e-01,2.452482180150443447e-01,8.456467855659189903e-01,-9.154732460253253157e-01,-5.495175543164435572e-01,-1.443474293926102769e-01,-5.725731993280401833e-01,-8.698588718937695363e-01,-7.254278696470402021e-01,6.353797908564465802e-01,7.670059760460661291e-01,1.000000000000000000e+00,9.380432658723290018e-01,9.382035162059885192e-01,7.150007361968503672e-02,8.482553885660912840e-01,2.801114060227493097e-01,2.793241846664345010e-02,-6.104197883305141348e-01,2.341433987368168601e-01,7.486972108825469263e-01,9.102058574312257289e-01,-8.784806645544677162e-01,7.499461415377296492e-01,-7.372860288985607635e-01,9.388426479044156281e-01,-2.524484958288994996e-01,3.400825490239410553e-02
-4.168287461951894479e-01,6.293710551589767332e-01,1.673675950850458394e-01,8.872550794258220463e-01,-1.969869443104630136e-01,9.448091684406120239e-01,2.857784078598937239e-01,-4.444764491785410110e-01,2.100547691274345929e-01,4.179105057157121994e-01,-1.696570319013878392e-01,-4.732079733876561889e-01,2.363335056929093403e-01,8.311751215868908860e-01,-8.957687545476091806e-01,-4.509720182300670510e-01,-2.876731481517592059e-01,-4.306630029637691370e-01,-8.962034141125306830e-01,-7.025194349185129861e-01,7.090236686552255918e-01,7.700237844428533540e-01,9.380432658723290018e-01,1.000000000000000000e+00,9.428405231208584203e-01,6.506317145989243267e-02,8.063822159941529399e-01,4.021922876402753144e-01,9.482602419769207980e-02,-5.270633227914776064e-01,1.760972851391370830e-01,6.965491311645098937e-01,9.291659663608311526e-01,-8.593271261933430605e-01,7.893067762242644836e-01,-7.524521084698623241e-01,9.112042935220829865e-01,-2.310198716371384409e-01,1.489482907433017089e-01
-4.219085440059012759e-01,6.501794580546195190e-01,1.058839287929391332e-01,9.158085542478449081e-01,-1.891189198717112274e-01,9.557193688518955677e-01,2.103642923879513738e-01,-3.799101228284989529e-01,1.884591132630973331e-01,5.094599557445464999e-01,-3.131960638609847525e-01,-4.241623071075107387e-01,2.679142837216251793e-01,7.703248309190805498e-01,-9.298236391708352144e-01,-4.044246432139606551e-01,-2.889389430816589055e-01,-4.283751687264557573e-01,-8.601216727378013793e-01,-6.565901897486940975e-01,7.644987721938296676e-01,8.373177901074690954e-01,9.382035162059885192e-01,9.428405231208584203e-01,1.000000000000000000e+00,-8.702045839737965194e-02,7.884010247878118216e-01,4.248807198439725763e-01,-1.103156131131826853e-02,-5.444599265159824064e-01,8.647189027938230466e-02,6.970235216605044082e-01,8.845217289177522701e-01,-8.159977922846776144e-01,6.779958375665715575e-01,-7.073821028283893142e-01,9.045568168981664714e-01,-1.098189842176059139e-01,1.261372704424242042e-01
-2.810106168368459167e-01,1.447689970461525123e-02,7.838552370923816959e-01,-5.962108053435916794e-02,2.209274356870321032e-01,-4.366767534301056047e-02,3.107565581705992175e-01,-5.957227341741028193e-01,3.812338206186812739e-01,-1.505207415801570192e-01,5.776214292740664558e-01,2.206797937409038513e-01,-2.185508437107220037e-01,4.669581389552066031e-01,1.645561302063155151e-01,-4.278876011196114937e-01,4.538987187576630222e-01,-2.528553959580717714e-01,-5.866135133926645567e-02,-1.938280385917908188e-01,-5.155399667100469818e-01,-3.566922281667986860e-01,7.150007361968503672e-02,6.506317145989243267e-02,-8.702045839737965194e-02,1.000000000000000000e+00,3.056730100049873111e-01,-2.661521265641602629e-01,6.514335376857921522e-01,2.341782295674408806e-02,8.107212948803718122e-01,2.510331476652662985e-01,2.752922349875117636e-01,-1.769046284681763670e-01,5.400975845553425136e-01,-1.284363896695356611e-01,1.598691925022024396e-01,-6.032605144351960158e-01,8.161945990825288100e-02
-7.168356001566644764e-01,6.033648278648694463e-01,4.912091345145719878e-01,8.645694547787921014e-01,-1.885671112420848061e-01,8.040415365088594557e-01,2.648412460080398767e-01,-4.666711630980653336e-01,3.235316404250505595e-01,4.127476261363027810e-01,-1.454360535764130380e-01,-1.704604271662689755e-02,2.586673908374570452e-01,8.999622887100167112e-01,-7.908124505792515357e-01,-7.015070547470410034e-01,1.589405321236259938e-01,-6.703003274869892003e-01,-7.724176778820032174e-01,-7.103367340016553122e-01,3.307157383765998437e-01,5.639098316796302690e-01,8.482553885660912840e-01,8.063822159941529399e-01,7.884010247878118216e-01,3.056730100049873111e-01,1.000000000000000000e+00,9.853215110300272972e-02,1.441226220791834711e-01,-6.594666536810324109e-01,4.462634683664596924e-01,8.769781710768583816e-01,8.734868651758964653e-01,-8.269653490341546398e-01,7.320395293285307803e-01,-6.265251451305289265e-01,9.175681881985126020e-01,-4.766974346177493826e-01,4.769592310495661402e-02
4.376075711096613641e-01,3.083029455619503145e-01,-1.598710164207438889e-01,2.758406564705142006e-01,2.528184417161304376e-01,3.529310409889651057e-01,9.129077321035397596e-02,-3.278507240580421644e-01,1.396154549040578841e-01,1.901556076914200089e-01,-1.100363916441403078e-01,-5.126029646277284746e-01,-1.458895346714951802e-01,1.532292239350980523e-01,-2.640655035119695571e-01,4.189827192176237003e-01,-7.025579392760816777e-01,4.557861605643096503e-01,-2.573797627851827641e-01,-2.613137951518371138e-01,7.014265869104083784e-01,3.639836963998491770e-01,2.801114060227493097e-01,4.021922876402753144e-01,4.248807198439725763e-01,-2.661521265641602629e-01,9.853215110300272972e-02,1.000000000000000000e+00,6.345858000092763351e-02,2.149978903308022715e-01,-3.301762120370326237e-01,-9.484503499295979592e-03,3.200639205837897405e-01,-7.703972865432349992e-02,2.166286914212856574e-01,-1.741291460335784302e-01,2.020587075808384092e-01,3.733442880449721613e-01,2.791851620359122044e-01
7.825638875396996597e-02,2.989876180143522522e-01,4.742180948016041508e-01,-8.884926048472882587e-02,4.204900669370503219e-01,-4.403145416950841884e-02,-1.746398284235410950e-02,-5.103694888685605946e-01,5.770445932741458117e-01,1.035668903148257020e-01,4.304890919336695765e-01,1.339489330682180068e-01,-1.132205176201514091e-01,3.222940594379736789e-01,1.469296104668447733e-01,6.919443149877024801e-03,1.943230066978901549e-01,9.473979994936417015e-02,9.906754577022752750e-04,1.261606701614699788e-01,-2.137281403995868745e-01,-1.672873382352820792e-01,2.793241846664345010e-02,9.482602419769207980e-02,-1.103156131131826853e-02,6.514335376857921522e-01,1.441226220791834711e-01,6.345858000092763351e-02,1.000000000000000000e+00,3.006151958930390888e-01,5.208191281132128481e-01,1.901447386589875388e-01,2.267470909374659782e-01,1.081846263327587883e-02,3.760637400506420813e-01,-2.215671529375684914e-02,7.060698878432711267e-02,-1.119124225145425172e-01,5.265514884338803325e-01
7.886664959255652585e-01,-9.972706525955023216e-02,-3.946038217264277032e-02,-6.562266878642899481e-01,6.482034943802933435e-01,-6.095855016781549507e-01,-2.351803729481769523e-01,-1.253010151481103729e-01,3.308652991493464812e-01,1.608355456190661836e-02,2.576883278214439077e-01,6.918589684282579200e-02,-4.116055849794861832e-01,-4.956889870795495034e-01,6.618074082263483149e-01,8.125757218735223386e-01,-1.873033094205618365e-01,7.566511059229857894e-01,6.459403891761678063e-01,5.421393114632262478e-01,-2.340195599962664741e-01,-4.218768586197682580e-01,-6.104197883305141348e-01,-5.270633227914776064e-01,-5.444599265159824064e-01,2.341782295674408806e-02,-6.594666536810324109e-01,2.149978903308022715e-01,3.006151958930390888e-01,1.000000000000000000e+00,-9.791638328937511682e-02,-6.223292580977421995e-01,-5.325352513294649981e-01,7.474344338021491341e-01,-3.852398336203849971e-01,6.644523468282425016e-01,-6.615405096151136810e-01,5.329833991997025011e-01,4.474926076212289994e-01
-4.657171431621480173e-01,2.188568962529905126e-01,8.670103827444118894e-01,1.223975970880886444e-01,2.991735643563703251e-01,1.158818768500762264e-01,9.483558417894004389e-02,-6.715722106709117734e-01,4.860975905696340860e-01,1.647405889752940056e-01,3.753517909447897094e-01,3.502309564908497319e-01,-1.723347105968274784e-01,5.678669788447903155e-01,-6.000671558608788869e-02,-4.911398590319691060e-01,5.083285575085524366e-01,-4.271047388832887037e-01,-1.553185399890450735e-01,-1.933720276219176581e-01,-4.266416120775025633e-01,-1.351948966696834842e-01,2.341433987368168601e-01,1.760972851391370830e-01,8.647189027938230466e-02,8.107212948803718122e-01,4.462634683664596924e-01,-3.301762120370326237e-01,5.208191281132128481e-01,-9.791638328937511682e-02,1.000000000000000000e+00,3.916438226821390978e-01,3.645579451778026558e-01,-2.459998954667670101e-01,5.206526035377332384e-01,-1.350796065425361736e-01,3.268927747587170862e-01,-5.253035545314292953e-01,1.493808368536935494e-01
-7.273347511251777586e-01,6.023636073275694391e-01,4.226808401614691735e-01,7.640288099477973160e-01,-2.553838918114650358e-01,7.088606690323054904e-01,1.358004555396583324e-01,-3.300892637517651718e-01,2.684842979147673558e-01,4.659511512854241921e-01,-2.604110823861703339e-01,1.032419574124310013e-01,2.406750801730014599e-01,7.711054909394038370e-01,-6.942332212622381871e-01,-6.815866522942427563e-01,2.886049693625615808e-01,-6.758687709593289572e-01,-6.359334898454471752e-01,-5.593873945672681591e-01,2.551265099570055872e-01,5.328126230162832933e-01,7.486972108825469263e-01,6.965491311645098937e-01,6.970235216605044082e-01,2.510331476652662985e-01,8.769781710768583816e-01,-9.484503499295979592e-03,1.901447386589875388e-01,-6.223292580977421995e-01,3.916438226821390978e-01,1.000000000000000000e+00,7.537065912362549414e-01,-7.292180970930776107e-01,5.619541810778905244e-01,-5.189876478991153341e-01,8.214872260322986230e-01,-3.676057886173240141e-01,5.383344289976381425e-02
-5.135104134931173236e-01,6.188578873298890004e-01,3.600430029258109843e-01,8.526865734124293716e-01,-1.251780535878251333e-01,8.905978828599215857e-01,3.255903678946934776e-01,-5.577446129846945766e-01,2.876902789829768325e-01,3.827183697213427660e-01,-1.650591542997700487e-02,-3.373707700052342995e-01,1.843781511814681640e-01,9.091607007973315779e-01,-8.304225187452943802e-01,-5.514077436796458453e-01,-1.360606840625291081e-01,-4.755629287028152463e-01,-8.701629034906567250e-01,-7.052114196967158577e-01,5.507782253603020761e-01,6.628101572069389213e-01,9.102058574312257289e-01,9.291659663608311526e-01,8.845217289177522701e-01,2.752922349875117636e-01,8.734868651758964653e-01,3.200639205837897405e-01,2.267470909374659782e-01,-5.325352513294649981e-01,3.645579451778026558e-01,7.537065912362549414e-01,1.000000000000000000e+00,-8.630703239049014597e-01,8.704463981963894703e-01,-7.411626531422572661e-01,9.218422646712501889e-01,-3.882332844484014944e-01,1.647806992530369830e-01
6.650768083879811110e-01,-3.797481225503296365e-01,-1.810562049364926873e-01,-8.333920761041312408e-01,4.757593512331021457e-01,-8.629599566115937481e-01,-4.105583760010090288e-01,2.653217623038932604e-01,1.392712899495733049e-02,-1.901540544149656065e-01,9.082888760637743142e-02,3.959285446534504538e-01,-2.990128792005757319e-01,-8.086049921588329692e-01,8.453218841860433708e-01,7.203292763571241819e-01,4.654302552039450008e-02,6.876780862316081988e-01,9.116946031865996725e-01,7.472447153368537709e-01,-4.829608512864108083e-01,-6.162296912717269981e-01,-8.784806645544677162e-01,-8.593271261933430605e-01,-8.159977922846776144e-01,-1.769046284681763670e-01,-8.269653490341546398e-01,-7.703972865432349992e-02,1.081846263327587883e-02,7.474344338021491341e-01,-2.459998954667670101e-01,-7.292180970930776107e-01,-8.630703239049014597e-01,1.000000000000000000e+00,-7.785566516357017575e-01,8.152846412962231337e-01,-8.830401010416364382e-01,5.274026368413353705e-01,1.131238392611633031e-01
-4.051188803353620860e-01,4.281557015099462515e-01,4.662118337096358700e-01,6.314955501146182204e-01,-4.772669078241734142e-02,7.086049584733268292e-01,4.497219771484535222e-01,-6.529663626121974263e-01,2.652271931363061608e-01,1.200182436737830677e-01,3.174570061377861574e-01,-3.973622830267969364e-01,5.459339002600462759e-02,8.708360317981831411e-01,-6.063586324759066004e-01,-5.438076604508731426e-01,-1.265943801550068748e-01,-3.940285278129395663e-01,-7.776206790536641655e-01,-6.686941456907504744e-01,3.318832771304580098e-01,4.044441465100214739e-01,7.499461415377296492e-01,7.893067762242644836e-01,6.779958375665715575e-01,5.400975845553425136e-01,7.320395293285307803e-01,2.166286914212856574e-01,3.760637400506420813e-01,-3.852398336203849971e-01,5.206526035377332384e-01,5.619541810778905244e-01,8.704463981963894703e-01,-7.785566516357017575e-01,1.000000000000000000e+00,-7.318963287179142130e-01,7.687498876752623111e-01,-5.591730465521960181e-01,1.472139025791335543e-01
4.279450669283074715e-01,-2.796164377741532925e-01,-3.962729656878859197e-02,-6.912330878058606798e-01,4.186093771208168057e-01,-7.606854568517301685e-01,-4.416451683589138200e-01,2.189032347836871173e-01,1.810306910171389505e-01,5.299944057536395275e-02,-3.641114735752128129e-02,5.252720139054061210e-01,-3.503931596794773173e-01,-6.300860749987553522e-01,7.054943273472218390e-01,5.937485481307042123e-01,2.755339324070836815e-01,4.522392771652442578e-01,8.333185169677775894e-01,5.976128167683788517e-01,-5.080275246711464243e-01,-5.488163094933242725e-01,-7.372860288985607635e-01,-7.524521084698623241e-01,-7.073821028283893142e-01,-1.284363896695356611e-01,-6.265251451305289265e-01,-1.741291460335784302e-01,-2.215671529375684914e-02,6.644523468282425016e-01,-1.350796065425361736e-01,-5.189876478991153341e-01,-7.411626531422572661e-01,8.152846412962231337e-01,-7.318963287179142130e-01,1.000000000000000000e+00,-7.246894708457132239e-01,4.690417693945552191e-01,1.274631350869833424e-01
-6.330790059650180934e-01,6.214326817096464950e-01,3.345554588662337792e-01,9.209283938018880677e-01,-2.334410551068305806e-01,9.195793741596796078e-01,2.563487909869472947e-01,-4.356663372902627174e-01,2.411674347818852093e-01,4.502744785491583079e-01,-2.115171879215381467e-01,-2.306993374464677560e-01,2.862553960620401461e-01,8.908799257850651410e-01,-8.924473944365748368e-01,-6.370788188374859606e-01,-2.574772726554847013e-02,-6.300551779550910281e-01,-8.588264096437183692e-01,-7.216783272535107763e-01,5.277168758406198812e-01,7.113052538452249163e-01,9.388426479044156281e-01,9.112042935220829865e-01,9.045568168981664714e-01,1.598691925022024396e-01,9.175681881985126020e-01,2.020587075808384092e-01,7.060698878432711267e-02,-6.615405096151136810e-01,3.268927747587170862e-01,8.214872260322986230e-01,9.218422646712501889e-01,-8.830401010416364382e-01,7.687498876752623111e-01,-7.246894708457132239e-01,1.000000000000000000e+00,-3.599103740891255176e-01,3.543244189163775870e-02
6.298293852554398553e-01,1.364410255197249788e-01,-4.257228788979440237e-01,-2.203976064335032570e-01,3.541504732971447189e-01,-1.944736025537903701e-01,-4.280878993424956369e-01,1.931468549803984913e-01,1.615207811049345354e-01,3.776293176739115576e-01,-4.641740193742771581e-01,-2.385477919106366099e-02,-6.683628724751959627e-02,-4.741513118083436895e-01,1.750155993083889194e-01,7.508259626671750508e-01,-3.268048430802956705e-01,5.165598838800152803e-01,3.950130278017773833e-01,4.483286206556004183e-01,2.759791457515932689e-01,1.282696249178049974e-01,-2.524484958288994996e-01,-2.310198716371384409e-01,-1.098189842176059139e-01,-6.032605144351960158e-01,-4.766974346177493826e-01,3.733442880449721613e-01,-1.119124225145425172e-01,5.329833991997025011e-01,-5.253035545314292953e-01,-3.676057886173240141e-01,-3.882332844484014944e-01,5.274026368413353705e-01,-5.591730465521960181e-01,4.690417693945552191e-01,-3.599103740891255176e-01,1.000000000000000000e+00,3.171528312969923435e-01
3.245559293082150853e-01,6.333180902773742904e-01,8.889447348016880912e-02,3.219644806518343755e-02,5.838679270229860663e-01,3.900558422888353305e-02,-1.581197659341544715e-01,-3.432018272493942979e-01,6.328556576942474532e-01,4.645496485770859718e-01,2.509734545782498771e-01,3.162227452401070865e-02,-9.606685088363481687e-03,1.502345550068172886e-01,-5.438286376028843294e-02,4.054892209979755191e-01,-2.222546110711253742e-01,3.688891611135304283e-01,-7.348031907904302440e-02,2.380620955181305398e-01,1.695699448133768383e-01,1.595711691619269845e-01,3.400825490239410553e-02,1.489482907433017089e-01,1.261372704424242042e-01,8.161945990825288100e-02,4.769592310495661402e-02,2.791851620359122044e-01,5.265514884338803325e-01,4.474926076212289994e-01,1.493808368536935494e-01,5.383344289976381425e-02,1.647806992530369830e-01,1.131238392611633031e-01,1.472139025791335543e-01,1.274631350869833424e-01,3.543244189163775870e-02,3.171528312969923435e-01,1.000000000000000000e+00
