1.000000000000000000e+00,8.689520585777017470e-01,4.709449770016007064e-01,6.621158900119262780e-01,8.222067715348415629e-01,5.019322459126718261e-01,6.823771740881254821e-01,-5.870149093398214779e-01,8.842771823633726047e-01,8.814893302188757662e-01,7.357364666682517651e-01,-6.350772005266736020e-01,2.789600648065423960e-01,8.342455859342244873e-01,-5.937279526703833632e-01,8.909001628936322748e-01,7.645235461186676851e-01,8.617745272734641526e-01,7.265545128506500916e-01,2.160896567486874364e-01,-7.499636917242719081e-01,8.192977899445642587e-01,8.015999952216219526e-01,8.462416884197266898e-01,7.988145175080122451e-01,7.524721078238418848e-01,4.703997366743550290e-01,5.769346219199708026e-01,6.813687211755107276e-01,8.530058796272392829e-01,6.752983125625448002e-01,7.637986065360087284e-01,8.046562381842726763e-01,8.625518468376582870e-01,7.418558543263581440e-01,5.800665729383158720e-01,7.336682556333614658e-01,9.087128506908882519e-01,8.504725608730111519e-01
8.689520585777017470e-01,1.000000000000000000e+00,3.312197142389653459e-01,6.789479964730049666e-01,8.503419304787792621e-01,5.057224655859993145e-01,7.295775396846944094e-01,-4.826832312604878439e-01,9.277388417643019913e-01,9.428762633804421700e-01,6.936419265602896678e-01,-6.675208061025872386e-01,3.690501157673479748e-01,8.728420333977037204e-01,-4.858264601333479038e-01,8.988848216208922270e-01,7.654759429200793663e-01,8.795602016511959720e-01,8.381894905736362311e-01,3.599219301625264378e-01,-8.724057818771024930e-01,8.055008083769318317e-01,7.236063630847885397e-01,8.618909774141135793e-01,6.987713248056954818e-01,7.650710366824050590e-01,4.794712298019164765e-01,5.562964253499980138e-01,7.692118353087695759e-01,8.713117510581934733e-01,6.072287865497016934e-01,8.872197725375878807e-01,7.958428759051674461e-01,8.808346816529165624e-01,8.241902887456115101e-01,6.166804930513114513e-01,8.609519965790903839e-01,8.374744025119976731e-01,7.911106193961296995e-01
4.709449770016007064e-01,3.312197142389653459e-01,1.000000000000000000e+00,1.480766037262202794e-01,6.074092825661878692e-01,4.585504568813643100e-01,2.833220884339069934e-01,-9.566905535046810183e-01,4.366054841459875435e-01,3.904304046082171520e-01,4.461477747658693649e-01,-2.184113297085144845e-01,-1.578899201280861142e-01,4.990364120508407608e-01,-3.395259050415405655e-01,4.859554248943961374e-01,4.965544051065231557e-01,3.847646644585949738e-01,2.429948068583498988e-01,-1.973787992272828529e-01,-1.821843658971769586e-01,4.552752264087200906e-01,5.549429528083210661e-01,4.747647839585614205e-01,5.821846891097520738e-01,3.939966069914072611e-01,3.713485365114516101e-01,6.523206832824269830e-01,3.148388807720838845e-01,4.704073492342940588e-01,6.901006202166662939e-01,4.092324634627776958e-01,5.536467451018105557e-01,4.509935512572474381e-01,4.363200741130820459e-01,3.291291836488708933e-01,3.155013586189385766e-01,4.407056182788942067e-01,4.204700164532301221e-01
6.621158900119262780e-01,6.789479964730049666e-01,1.480766037262202794e-01,1.000000000000000000e+00,5.719945391582749172e-01,4.390357594376524952e-01,6.601466101698908462e-01,-2.811713924167938417e-01,7.162103038706731928e-01,7.441542124419705528e-01,5.146152400245377345e-01,-6.345477340566982871e-01,5.630332902608201628e-01,6.957457215398458183e-01,-4.505696709500732200e-01,7.210916394661309736e-01,5.140423396027404834e-01,8.082129413537735285e-01,7.791296960065039467e-01,4.189765433850264897e-01,-7.588771647277589016e-01,6.828279278924705986e-01,6.658490961121104057e-01,6.930713491714748375e-01,5.944318073384040613e-01,6.529418274301376224e-01,3.579584191120881442e-01,9.283068051562147482e-02,6.135622728090194267e-01,6.197019643212686724e-01,3.387732448571459942e-01,4.801748161336134024e-01,6.143817917116028982e-01,7.533650269707263814e-01,4.986159856331522922e-01,5.181958970397925190e-01,6.268485227800677517e-01,7.799229688565054719e-01,7.759942668465745763e-01
8.222067715348415629e-01,8.503419304787792621e-01,6.074092825661878692e-01,5.719945391582749172e-01,1.000000000000000000e+00,5.821608585725842611e-01,7.136010422403632480e-01,-7.241700134515812737e-01,9.160967280569741744e-01,8.878582324405263071e-01,6.843733223374517394e-01,-6.422208041716056526e-01,2.734515909428149039e-01,9.130421935689145840e-01,-5.460571281988076953e-01,8.935646112085496862e-01,7.380773137112862647e-01,8.408129399838538687e-01,7.118857140818657392e-01,1.195298553588359652e-01,-7.745581108529956404e-01,8.115292557215693092e-01,8.304393864414497672e-01,8.962388704156075692e-01,8.299258652933129143e-01,8.067529904495086557e-01,6.355677077648332896e-01,6.733457627327338324e-01,6.910924326556606712e-01,9.007803151425484156e-01,7.106208790362720240e-01,7.986247309991348908e-01,9.128431475223646174e-01,8.991029303341552259e-01,7.740899567813486204e-01,6.950040728740541907e-01,7.650272819364886123e-01,8.542619016334576099e-01,8.295589136710740386e-01
5.019322459126718261e-01,5.057224655859993145e-01,4.585504568813643100e-01,4.390357594376524952e-01,5.821608585725842611e-01,1.000000000000000000e+00,3.845645952605963869e-01,-5.155900554252049739e-01,5.898540319052831826e-01,5.413796426655794747e-01,5.909946417071351155e-01,-3.852128079555597884e-01,1.245252588691160428e-01,6.347310391513709682e-01,-3.306448400765867324e-01,5.837509421210262950e-01,6.337449209452642451e-01,5.538591697310997208e-01,4.936304157465359888e-01,2.099843994568468056e-02,-4.368316619278973523e-01,5.911755257875885849e-01,6.594354174249094092e-01,6.269830303178540731e-01,6.316365213571103476e-01,6.504524544320566815e-01,5.209270691396634678e-01,3.526565254686775397e-01,5.285776627171665520e-01,5.802994885226114841e-01,4.795598939936559502e-01,5.319857781781113237e-01,6.139803249241836403e-01,5.971451410626721357e-01,5.339210464461799921e-01,5.629391750410008832e-01,5.280782448065594048e-01,5.557795078371842168e-01,5.310254396130754673e-01
6.823771740881254821e-01,7.295775396846944094e-01,2.833220884339069934e-01,6.601466101698908462e-01,7.136010422403632480e-01,3.845645952605963869e-01,1.000000000000000000e+00,-4.188527170092714025e-01,7.613688035528914932e-01,7.704676259433650420e-01,4.975544080464794905e-01,-7.077040409939664434e-01,5.074129564162968009e-01,7.590945263226905881e-01,-3.891361730042122158e-01,7.467021339537678326e-01,5.284700270639690611e-01,7.725155322235814914e-01,7.416715449560248308e-01,2.679205441196081949e-01,-7.937823442232340154e-01,6.840398173822797023e-01,6.821821678871504702e-01,7.346415946220052895e-01,6.401603660572021681e-01,6.825284008583951678e-01,4.457744291958484206e-01,2.772906706621357520e-01,5.820249638960377503e-01,6.899223796110829365e-01,3.803092835814718131e-01,5.418081367792447756e-01,7.056101629425178823e-01,7.857130498507456373e-01,6.353059617118061997e-01,4.956398581916897084e-01,6.681965333968797882e-01,7.667034006015124303e-01,7.740566458922240045e-01
-5.870149093398214779e-01,-4.826832312604878439e-01,-9.566905535046810183e-01,-2.811713924167938417e-01,-7.241700134515812737e-01,-5.155900554252049739e-01,-4.188527170092714025e-01,1.000000000000000000e+00,-5.823582335398808096e-01,-5.479125354622165212e-01,-5.322099451235804413e-01,3.529530685289090641e-01,3.633794818359456502e-02,-6.422232574044693942e-01,4.284546027845274607e-01,-6.269703368482005823e-01,-5.866674086261779442e-01,-5.346193803044505533e-01,-3.880821516936798776e-01,1.327091358461393311e-01,3.646590905403950256e-01,-5.646870201820270996e-01,-6.503065287257302485e-01,-6.057543200266328753e-01,-6.564357755811339734e-01,-5.185679320261663561e-01,-4.338285768133238185e-01,-6.603695152459069240e-01,-4.314167041102510702e-01,-6.030866171326020320e-01,-7.237959740461441527e-01,-5.273371548978623702e-01,-6.677649705841182115e-01,-5.915337111238756496e-01,-5.457597577765079810e-01,-4.294810570916008929e-01,-4.615015011683228918e-01,-5.737132606018598979e-01,-5.400294648740630032e-01
8.842771823633726047e-01,9.277388417643019913e-01,4.366054841459875435e-01,7.162103038706731928e-01,9.160967280569741744e-01,5.898540319052831826e-01,7.613688035528914932e-01,-5.823582335398808096e-01,1.000000000000000000e+00,9.559598421931673196e-01,6.948702883663167018e-01,-7.118810506492355694e-01,3.935931370068860291e-01,9.452346711098614795e-01,-5.772029654057414527e-01,9.461472185877355390e-01,7.489722362990515192e-01,9.364223955364029406e-01,8.380297286374486232e-01,2.514437109734393161e-01,-8.848891146011906850e-01,8.686848644860228896e-01,8.404181727621375941e-01,9.305105998311803406e-01,8.110641013716805015e-01,8.609730309122842762e-01,5.713956112895524075e-01,5.739720235751888389e-01,7.648919604298984876e-01,9.404538402420578036e-01,6.476901303411346511e-01,8.204129630799354977e-01,9.064202634122815461e-01,9.447599946470552901e-01,8.042811844975246149e-01,7.054081429878320542e-01,8.435864406372027835e-01,9.244475065045533180e-01,8.806403894989729420e-01
8.814893302188757662e-01,9.428762633804421700e-01,3.904304046082171520e-01,7.441542124419705528e-01,8.878582324405263071e-01,5.413796426655794747e-01,7.704676259433650420e-01,-5.479125354622165212e-01,9.559598421931673196e-01,1.000000000000000000e+00,7.003477559943700470e-01,-7.172061902402729894e-01,4.448107807371204925e-01,9.259351116311409502e-01,-5.188449278560247624e-01,9.606019691157996476e-01,7.513469354286544943e-01,9.231263662110429369e-01,8.570372893885954690e-01,3.185916306673265974e-01,-9.099823173472956217e-01,8.486315057235410686e-01,8.021952607143741920e-01,9.147400913468569650e-01,7.617088265156980453e-01,8.279533892233890136e-01,5.368871445637404261e-01,5.116834312349320957e-01,7.845471933857043334e-01,9.132369232998094333e-01,6.060016510143690915e-01,8.367153991711334671e-01,8.550523682290928074e-01,9.294106120696791207e-01,8.078894563234126913e-01,6.572413158088051821e-01,8.689587938049762039e-01,9.042155363579622573e-01,8.591474653042745491e-01
7.357364666682517651e-01,6.936419265602896678e-01,4.461477747658693649e-01,5.146152400245377345e-01,6.843733223374517394e-01,5.909946417071351155e-01,4.975544080464794905e-01,-5.322099451235804413e-01,6.948702883663167018e-01,7.003477559943700470e-01,1.000000000000000000e+00,-5.171290464949056531e-01,1.879310961079641851e-01,6.828866963299812243e-01,-5.199534548732706041e-01,6.900373989364939620e-01,7.708129359785014234e-01,6.461489815705045991e-01,5.069828204449107201e-01,7.445183761223937713e-02,-5.815926653191546558e-01,6.635590233762341805e-01,5.777403037785854290e-01,6.963100963098568519e-01,6.616470182476950068e-01,5.296288158098633181e-01,4.205013815682218659e-01,3.977609561877027411e-01,4.888503511383190947e-01,6.874003598973493778e-01,5.358899151332976452e-01,7.069837755270942381e-01,6.515110790754260472e-01,6.845116314663410861e-01,5.260118995831891686e-01,4.900818356518604757e-01,5.250041278031633007e-01,6.778344281872786814e-01,6.868443978649204640e-01
-6.350772005266736020e-01,-6.675208061025872386e-01,-2.184113297085144845e-01,-6.345477340566982871e-01,-6.422208041716056526e-01,-3.852128079555597884e-01,-7.077040409939664434e-01,3.529530685289090641e-01,-7.118810506492355694e-01,-7.172061902402729894e-01,-5.171290464949056531e-01,1.000000000000000000e+00,-3.731381355953792278e-01,-7.039925625978141754e-01,4.520694671725647429e-01,-7.148920950265463814e-01,-4.903029116237922480e-01,-7.413150573873679150e-01,-7.314396741724854545e-01,-2.806230963239201848e-01,7.095542838291154508e-01,-6.149828478235097595e-01,-6.105037983746475216e-01,-6.914350469698784529e-01,-5.937205677657405589e-01,-6.737444021044840525e-01,-4.242466588236620817e-01,-3.007696972526188173e-01,-5.093248589428281958e-01,-6.668743497162451517e-01,-4.312866484992999849e-01,-5.390856774782952776e-01,-6.746377697276995100e-01,-7.107057786230716045e-01,-5.204416236426716580e-01,-4.797522114925033554e-01,-5.928460526708221323e-01,-7.072144270675817523e-01,-6.993896482152256455e-01
2.789600648065423960e-01,3.690501157673479748e-01,-1.578899201280861142e-01,5.630332902608201628e-01,2.734515909428149039e-01,1.245252588691160428e-01,5.074129564162968009e-01,3.633794818359456502e-02,3.935931370068860291e-01,4.448107807371204925e-01,1.879310961079641851e-01,-3.731381355953792278e-01,1.000000000000000000e+00,4.380159465347007730e-01,-4.341537773774363507e-02,4.104923020689211777e-01,2.098185816470831133e-01,4.171760956451190383e-01,4.591989672550185753e-01,3.526355179337539725e-01,-5.563466585472753856e-01,3.604453938075636854e-01,3.529147890792274644e-01,4.153854838534576377e-01,2.855128742510152362e-01,4.007662492723495506e-01,1.811002371581386661e-01,-2.218883900667136810e-01,3.986121678490381348e-01,3.240504812184633043e-01,-2.286743571669596631e-01,1.775329320766049490e-01,3.222250072220947947e-01,4.789305514944692810e-01,2.828944284166369227e-01,2.986368061656618500e-01,4.293214806279816997e-01,4.335127947055634201e-01,4.666407933829619381e-01
8.342455859342244873e-01,8.728420333977037204e-01,4.990364120508407608e-01,6.957457215398458183e-01,9.130421935689145840e-01,6.347310391513709682e-01,7.590945263226905881e-01,-6.422232574044693942e-01,9.452346711098614795e-01,9.259351116311409502e-01,6.828866963299812243e-01,-7.039925625978141754e-01,4.380159465347007730e-01,1.000000000000000000e+00,-5.590474259869410156e-01,9.342779886679004608e-01,7.674266269269712781e-01,9.041406717305920937e-01,8.077745290841855663e-01,2.200261930641589092e-01,-8.614770772669598786e-01,8.356676401160713086e-01,8.518956675612493479e-01,9.415952906151229262e-01,7.944680016777945220e-01,8.749169722166830754e-01,5.924376825625817800e-01,5.362379388508000666e-01,7.438561609554638077e-01,9.210930808344639509e-01,6.064852001366884959e-01,7.762099800302199037e-01,9.088623783778313481e-01,9.288827925533030827e-01,7.878383067538368145e-01,7.069008060646770897e-01,8.252502163583835815e-01,8.934919971457105925e-01,8.447280307000177846e-01
-5.937279526703833632e-01,-4.858264601333479038e-01,-3.395259050415405655e-01,-4.505696709500732200e-01,-5.460571281988076953e-01,-3.306448400765867324e-01,-3.891361730042122158e-01,4.284546027845274607e-01,-5.772029654057414527e-01,-5.188449278560247624e-01,-5.199534548732706041e-01,4.520694671725647429e-01,-4.341537773774363507e-02,-5.590474259869410156e-01,1.000000000000000000e+00,-5.373557988647739148e-01,-3.991245252841842950e-01,-6.359062701552741226e-01,-4.180821572208142101e-01,8.947096287776055978e-02,4.446488591045100192e-01,-5.093646135479521497e-01,-5.292639052722436510e-01,-5.325737275015075545e-01,-5.316819284696293613e-01,-5.367600974739977771e-01,-3.903821847933780509e-01,-2.891146955330206603e-01,-3.198930113959593258e-01,-5.947704026504440078e-01,-5.295377296865413363e-01,-4.405961271832273818e-01,-6.260825827791853815e-01,-5.089121958831670511e-01,-3.316806704845600695e-01,-4.376638372417632206e-01,-3.416105596652140863e-01,-6.028129075507718815e-01,-5.433441729788470731e-01
8.909001628936322748e-01,8.988848216208922270e-01,4.859554248943961374e-01,7.210916394661309736e-01,8.935646112085496862e-01,5.837509421210262950e-01,7.467021339537678326e-01,-6.269703368482005823e-01,9.461472185877355390e-01,9.606019691157996476e-01,6.900373989364939620e-01,-7.148920950265463814e-01,4.104923020689211777e-01,9.342779886679004608e-01,-5.373557988647739148e-01,1.000000000000000000e+00,7.475344899401120680e-01,9.128088574819848144e-01,8.298647019728849772e-01,2.585605751064286584e-01,-8.625208533052683979e-01,8.573871078050404604e-01,8.538193546305103965e-01,9.257829717966540306e-01,8.068220577644135139e-01,8.706147633915515271e-01,5.772906986196646439e-01,5.471157553115615357e-01,7.792932880819173347e-01,9.262663253439904487e-01,6.456714304896491452e-01,8.069999057588393976e-01,8.798096609942333002e-01,9.284148545287773668e-01,8.092905145647132370e-01,6.764893065541114359e-01,8.523062063016471068e-01,9.162763321095007685e-01,8.607709329363979478e-01
7.645235461186676851e-01,7.654759429200793663e-01,4.965544051065231557e-01,5.140423396027404834e-01,7.380773137112862647e-01,6.337449209452642451e-01,5.284700270639690611e-01,-5.866674086261779442e-01,7.489722362990515192e-01,7.513469354286544943e-01,7.708129359785014234e-01,-4.903029116237922480e-01,2.098185816470831133e-01,7.674266269269712781e-01,-3.991245252841842950e-01,7.475344899401120680e-01,1.000000000000000000e+00,6.688193757414701013e-01,6.059410840304437773e-01,1.256723345917434009e-01,-6.448191652400502294e-01,6.984790275187152675e-01,6.506124528726772160e-01,7.548552871311750012e-01,6.136007426528142794e-01,6.246303410705243975e-01,3.919671224349837724e-01,5.446419558309791853e-01,5.891083117114792600e-01,7.525703625863175983e-01,5.477121098754920148e-01,7.752317206899731472e-01,6.738361699354072920e-01,7.172197416417911420e-01,6.632476521685091164e-01,5.263873923812795175e-01,6.484426219093535337e-01,6.887537371318392942e-01,6.188127188701848524e-01
8.617745272734641526e-01,8.795602016511959720e-01,3.847646644585949738e-01,8.082129413537735285e-01,8.408129399838538687e-01,5.538591697310997208e-01,7.725155322235814914e-01,-5.346193803044505533e-01,9.364223955364029406e-01,9.231263662110429369e-01,6.461489815705045991e-01,-7.413150573873679150e-01,4.171760956451190383e-01,9.041406717305920937e-01,-6.359062701552741226e-01,9.128088574819848144e-01,6.688193757414701013e-01,1.000000000000000000e+00,8.802960274338408331e-01,2.961776527933762115e-01,-8.820068698531448037e-01,8.673817295929421300e-01,8.379612437103506339e-01,8.820133283372139088e-01,7.920286244113484697e-01,8.361179321613219084e-01,5.334804329700889580e-01,4.530549887001131815e-01,7.130042023901069781e-01,8.603190016313844168e-01,6.396162446827627912e-01,7.183635208208076772e-01,8.808894897017327530e-01,9.268729820967956945e-01,7.373679680594374952e-01,6.224411992487243195e-01,7.958495286054930729e-01,9.331933344932911156e-01,8.937552688132577305e-01
7.265545128506500916e-01,8.381894905736362311e-01,2.429948068583498988e-01,7.791296960065039467e-01,7.118857140818657392e-01,4.936304157465359888e-01,7.416715449560248308e-01,-3.880821516936798776e-01,8.380297286374486232e-01,8.570372893885954690e-01,5.069828204449107201e-01,-7.314396741724854545e-01,4.591989672550185753e-01,8.077745290841855663e-01,-4.180821572208142101e-01,8.298647019728849772e-01,6.059410840304437773e-01,8.802960274338408331e-01,1.000000000000000000e+00,4.192509522117391918e-01,-8.425245152658551451e-01,7.746761628041090031e-01,7.286496693107787914e-01,7.806613579190592178e-01,6.453583633972420630e-01,7.622430009488599945e-01,4.758761025822094148e-01,3.602202086652606106e-01,7.159875403711569719e-01,7.509054932431276086e-01,5.134825540734877514e-01,6.872790584332885144e-01,7.390649718586053130e-01,8.060358739739483802e-01,7.287662680218155442e-01,5.498582861135469235e-01,8.034746586992100870e-01,7.938615811642190101e-01,7.415380591220636086e-01
2.160896567486874364e-01,3.599219301625264378e-01,-1.973787992272828529e-01,4.189765433850264897e-01,1.195298553588359652e-01,2.099843994568468056e-02,2.679205441196081949e-01,1.327091358461393311e-01,2.514437109734393161e-01,3.185916306673265974e-01,7.445183761223937713e-02,-2.806230963239201848e-01,3.526355179337539725e-01,2.200261930641589092e-01,8.947096287776055978e-02,2.585605751064286584e-01,1.256723345917434009e-01,2.961776527933762115e-01,4.192509522117391918e-01,1.000000000000000000e+00,-3.413590283371335521e-01,1.087708986597394484e-01,1.061737970756466837e-01,2.390639695715129909e-01,5.178023687241348899e-02,2.099668173022901652e-01,6.501201207240339675e-02,5.759256943721580146e-02,2.935263708692339990e-01,1.590592889672068355e-01,9.636170033628745080e-02,2.599655252390592475e-01,1.396562166704352348e-01,2.712306527387426391e-01,2.823964426427294505e-01,8.420976215986060442e-02,3.233448892398849139e-01,2.381189925852361944e-01,2.615524701912599892e-01
-7.499636917242719081e-01,-8.724057818771024930e-01,-1.821843658971769586e-01,-7.588771647277589016e-01,-7.745581108529956404e-01,-4.368316619278973523e-01,-7.937823442232340154e-01,3.646590905403950256e-01,-8.848891146011906850e-01,-9.099823173472956217e-01,-5.815926653191546558e-01,7.095542838291154508e-01,-5.563466585472753856e-01,-8.614770772669598786e-01,4.446488591045100192e-01,-8.625208533052683979e-01,-6.448191652400502294e-01,-8.820068698531448037e-01,-8.425245152658551451e-01,-3.413590283371335521e-01,1.000000000000000000e+00,-7.588758288904566829e-01,-6.877260376872936787e-01,-8.316970273412688242e-01,-6.176349048584153234e-01,-7.573323492415795499e-01,-4.424141187542396936e-01,-3.034045769381765179e-01,-6.730330793556602575e-01,-8.200783036456418262e-01,-4.036905080788997791e-01,-6.975823100233538021e-01,-7.670788426192682863e-01,-8.693322908099895274e-01,-6.938144511908778123e-01,-5.765338881689400230e-01,-7.921873390778896296e-01,-8.301443146191865852e-01,-7.985417945637509618e-01
8.192977899445642587e-01,8.055008083769318317e-01,4.552752264087200906e-01,6.828279278924705986e-01,8.115292557215693092e-01,5.911755257875885849e-01,6.840398173822797023e-01,-5.646870201820270996e-01,8.686848644860228896e-01,8.486315057235410686e-01,6.635590233762341805e-01,-6.149828478235097595e-01,3.604453938075636854e-01,8.356676401160713086e-01,-5.093646135479521497e-01,8.573871078050404604e-01,6.984790275187152675e-01,8.673817295929421300e-01,7.746761628041090031e-01,1.087708986597394484e-01,-7.588758288904566829e-01,1.000000000000000000e+00,8.346485184236276389e-01,8.537546456106310799e-01,8.106606109794877169e-01,7.635281575792158826e-01,5.182167081293705957e-01,4.892863239368542283e-01,6.883799091884811316e-01,8.157123713740863646e-01,6.259867664342093629e-01,7.110381994180291487e-01,8.146093364364758171e-01,8.712691323956214262e-01,7.436414874076630044e-01,5.862681696886458127e-01,7.599759275600856956e-01,8.461000876304998197e-01,8.264017555784025637e-01
8.015999952216219526e-01,7.236063630847885397e-01,5.549429528083210661e-01,6.658490961121104057e-01,8.304393864414497672e-01,6.594354174249094092e-01,6.821821678871504702e-01,-6.503065287257302485e-01,8.404181727621375941e-01,8.021952607143741920e-01,5.777403037785854290e-01,-6.105037983746475216e-01,3.529147890792274644e-01,8.518956675612493479e-01,-5.292639052722436510e-01,8.538193546305103965e-01,6.506124528726772160e-01,8.379612437103506339e-01,7.286496693107787914e-01,1.061737970756466837e-01,-6.877260376872936787e-01,8.346485184236276389e-01,1.000000000000000000e+00,8.566011804022323206e-01,9.092693237703398657e-01,8.499124487258357119e-01,6.292947939443308547e-01,5.021743790205795976e-01,6.793726825537070857e-01,8.010072918119114371e-01,6.645838319414933970e-01,6.002374287769151051e-01,8.869281636588397522e-01,8.700899359558097457e-01,7.170426945474499547e-01,6.493973366842904493e-01,7.016801133203306451e-01,8.751691850624149227e-01,8.383193451496051551e-01
8.462416884197266898e-01,8.618909774141135793e-01,4.747647839585614205e-01,6.930713491714748375e-01,8.962388704156075692e-01,6.269830303178540731e-01,7.346415946220052895e-01,-6.057543200266328753e-01,9.305105998311803406e-01,9.147400913468569650e-01,6.963100963098568519e-01,-6.914350469698784529e-01,4.153854838534576377e-01,9.415952906151229262e-01,-5.325737275015075545e-01,9.257829717966540306e-01,7.548552871311750012e-01,8.820133283372139088e-01,7.806613579190592178e-01,2.390639695715129909e-01,-8.316970273412688242e-01,8.537546456106310799e-01,8.566011804022323206e-01,1.000000000000000000e+00,8.158004082254474154e-01,8.621052095488874745e-01,5.740908848854320290e-01,5.284892218203387504e-01,7.159545695343714211e-01,9.180383724782391619e-01,6.057649661106567773e-01,7.707775777059522326e-01,8.989411539110819804e-01,9.242965663293366552e-01,7.585415398595904968e-01,6.625415525169546793e-01,7.902432215700154750e-01,8.921489744968205127e-01,8.587770745340950196e-01
7.988145175080122451e-01,6.987713248056954818e-01,5.821846891097520738e-01,5.944318073384040613e-01,8.299258652933129143e-01,6.316365213571103476e-01,6.401603660572021681e-01,-6.564357755811339734e-01,8.110641013716805015e-01,7.617088265156980453e-01,6.616470182476950068e-01,-5.937205677657405589e-01,2.855128742510152362e-01,7.944680016777945220e-01,-5.316819284696293613e-01,8.068220577644135139e-01,6.136007426528142794e-01,7.920286244113484697e-01,6.453583633972420630e-01,5.178023687241348899e-02,-6.176349048584153234e-01,8.106606109794877169e-01,9.092693237703398657e-01,8.158004082254474154e-01,1.000000000000000000e+00,7.679513318232696895e-01,6.615836133490621274e-01,5.197898267781396742e-01,6.232233479624162964e-01,7.726086370340337073e-01,6.950753941498338806e-01,6.077005241576445282e-01,8.701459583681020460e-01,8.404673121498165145e-01,6.624253828706655467e-01,6.435056814539468206e-01,6.320907801796833425e-01,8.445042117514022229e-01,8.607390231643835543e-01
7.524721078238418848e-01,7.650710366824050590e-01,3.939966069914072611e-01,6.529418274301376224e-01,8.067529904495086557e-01,6.504524544320566815e-01,6.825284008583951678e-01,-5.185679320261663561e-01,8.609730309122842762e-01,8.279533892233890136e-01,5.296288158098633181e-01,-6.737444021044840525e-01,4.007662492723495506e-01,8.749169722166830754e-01,-5.367600974739977771e-01,8.706147633915515271e-01,6.246303410705243975e-01,8.361179321613219084e-01,7.622430009488599945e-01,2.099668173022901652e-01,-7.573323492415795499e-01,7.635281575792158826e-01,8.499124487258357119e-01,8.621052095488874745e-01,7.679513318232696895e-01,1.000000000000000000e+00,7.324888595812880654e-01,4.556250734574915362e-01,7.337634353731631309e-01,8.533215598932697432e-01,5.570393433296960684e-01,6.717122898436582723e-01,8.610475818899210321e-01,8.556478267385463354e-01,7.479794878153829263e-01,7.245673040072596605e-01,7.852296339424085225e-01,8.405394391976208635e-01,7.681847914934284427e-01
4.703997366743550290e-01,4.794712298019164765e-01,3.713485365114516101e-01,3.579584191120881442e-01,6.355677077648332896e-01,5.209270691396634678e-01,4.457744291958484206e-01,-4.338285768133238185e-01,5.713956112895524075e-01,5.368871445637404261e-01,4.205013815682218659e-01,-4.242466588236620817e-01,1.811002371581386661e-01,5.924376825625817800e-01,-3.903821847933780509e-01,5.772906986196646439e-01,3.919671224349837724e-01,5.334804329700889580e-01,4.758761025822094148e-01,6.501201207240339675e-02,-4.424141187542396936e-01,5.182167081293705957e-01,6.292947939443308547e-01,5.740908848854320290e-01,6.615836133490621274e-01,7.324888595812880654e-01,1.000000000000000000e+00,3.791802733542641857e-01,4.262543282590420812e-01,5.583149471554736953e-01,5.370141088871439594e-01,4.721190305884291893e-01,6.595232767423629960e-01,5.844028795909075313e-01,5.332113681329504473e-01,6.323836562473873490e-01,4.813221802185151388e-01,5.518974374550486006e-01,5.518775542540338419e-01
5.769346219199708026e-01,5.562964253499980138e-01,6.523206832824269830e-01,9.283068051562147482e-02,6.733457627327338324e-01,3.526565254686775397e-01,2.772906706621357520e-01,-6.603695152459069240e-01,5.739720235751888389e-01,5.116834312349320957e-01,3.977609561877027411e-01,-3.007696972526188173e-01,-2.218883900667136810e-01,5.362379388508000666e-01,-2.891146955330206603e-01,5.471157553115615357e-01,5.446419558309791853e-01,4.530549887001131815e-01,3.602202086652606106e-01,5.759256943721580146e-02,-3.034045769381765179e-01,4.892863239368542283e-01,5.021743790205795976e-01,5.284892218203387504e-01,5.197898267781396742e-01,4.556250734574915362e-01,3.791802733542641857e-01,1.000000000000000000e+00,4.319743861790766859e-01,5.761808861171241469e-01,7.652345140584960737e-01,6.320501233789117546e-01,5.769766104899444192e-01,5.114271933975663709e-01,5.626131133682601426e-01,3.890317933604559575e-01,4.570372758806917624e-01,4.841449427268814110e-01,4.258155730232647262e-01
6.813687211755107276e-01,7.692118353087695759e-01,3.148388807720838845e-01,6.135622728090194267e-01,6.910924326556606712e-01,5.285776627171665520e-01,5.820249638960377503e-01,-4.314167041102510702e-01,7.648919604298984876e-01,7.845471933857043334e-01,4.888503511383190947e-01,-5.093248589428281958e-01,3.986121678490381348e-01,7.438561609554638077e-01,-3.198930113959593258e-01,7.792932880819173347e-01,5.891083117114792600e-01,7.130042023901069781e-01,7.159875403711569719e-01,2.935263708692339990e-01,-6.730330793556602575e-01,6.883799091884811316e-01,6.793726825537070857e-01,7.159545695343714211e-01,6.232233479624162964e-01,7.337634353731631309e-01,4.262543282590420812e-01,4.319743861790766859e-01,1.000000000000000000e+00,7.445268268067649631e-01,4.630322974627759658e-01,7.841677593685479897e-01,6.492411809247106147e-01,7.288637758181283344e-01,8.169693511012880993e-01,6.294249975502546057e-01,9.057110449771819116e-01,7.094120611960532674e-01,6.325142458119682454e-01
8.530058796272392829e-01,8.713117510581934733e-01,4.704073492342940588e-01,6.197019643212686724e-01,9.007803151425484156e-01,5.802994885226114841e-01,6.899223796110829365e-01,-6.030866171326020320e-01,9.404538402420578036e-01,9.132369232998094333e-01,6.874003598973493778e-01,-6.668743497162451517e-01,3.240504812184633043e-01,9.210930808344639509e-01,-5.947704026504440078e-01,9.262663253439904487e-01,7.525703625863175983e-01,8.603190016313844168e-01,7.509054932431276086e-01,1.590592889672068355e-01,-8.200783036456418262e-01,8.157123713740863646e-01,8.010072918119114371e-01,9.180383724782391619e-01,7.726086370340337073e-01,8.533215598932697432e-01,5.583149471554736953e-01,5.761808861171241469e-01,7.445268268067649631e-01,1.000000000000000000e+00,6.166204863178846862e-01,8.189117002028016845e-01,8.865736133135135866e-01,8.756695046150747563e-01,7.905096567857264889e-01,7.257132787079207947e-01,8.122884825067163694e-01,8.724278397464810819e-01,8.004427257064300472e-01
6.752983125625448002e-01,6.072287865497016934e-01,6.901006202166662939e-01,3.387732448571459942e-01,7.106208790362720240e-01,4.795598939936559502e-01,3.803092835814718131e-01,-7.237959740461441527e-01,6.476901303411346511e-01,6.060016510143690915e-01,5.358899151332976452e-01,-4.312866484992999849e-01,-2.286743571669596631e-01,6.064852001366884959e-01,-5.295377296865413363e-01,6.456714304896491452e-01,5.477121098754920148e-01,6.396162446827627912e-01,5.134825540734877514e-01,9.636170033628745080e-02,-4.036905080788997791e-01,6.259867664342093629e-01,6.645838319414933970e-01,6.057649661106567773e-01,6.950753941498338806e-01,5.570393433296960684e-01,5.370141088871439594e-01,7.652345140584960737e-01,4.630322974627759658e-01,6.166204863178846862e-01,1.000000000000000000e+00,6.407274691825747270e-01,7.045590459120647520e-01,6.138777720861887666e-01,6.148485380001440515e-01,4.585247393476273303e-01,5.185772787442802789e-01,6.271744147155119409e-01,5.869327066291598616e-01
7.637986065360087284e-01,8.872197725375878807e-01,4.092324634627776958e-01,4.801748161336134024e-01,7.986247309991348908e-01,5.319857781781113237e-01,5.418081367792447756e-01,-5.273371548978623702e-01,8.204129630799354977e-01,8.367153991711334671e-01,7.069837755270942381e-01,-5.390856774782952776e-01,1.775329320766049490e-01,7.762099800302199037e-01,-4.405961271832273818e-01,8.069999057588393976e-01,7.752317206899731472e-01,7.183635208208076772e-01,6.872790584332885144e-01,2.599655252390592475e-01,-6.975823100233538021e-01,7.110381994180291487e-01,6.002374287769151051e-01,7.707775777059522326e-01,6.077005241576445282e-01,6.717122898436582723e-01,4.721190305884291893e-01,6.320501233789117546e-01,7.841677593685479897e-01,8.189117002028016845e-01,6.407274691825747270e-01,1.000000000000000000e+00,7.095091304722738190e-01,7.382982769091775976e-01,8.221577945624022332e-01,6.208489273683890364e-01,8.459018271071270245e-01,6.839789502471489424e-01,6.218510968275294815e-01
8.046562381842726763e-01,7.958428759051674461e-01,5.536467451018105557e-01,6.143817917116028982e-01,9.128431475223646174e-01,6.139803249241836403e-01,7.056101629425178823e-01,-6.677649705841182115e-01,9.064202634122815461e-01,8.550523682290928074e-01,6.515110790754260472e-01,-6.746377697276995100e-01,3.222250072220947947e-01,9.088623783778313481e-01,-6.260825827791853815e-01,8.798096609942333002e-01,6.738361699354072920e-01,8.808894897017327530e-01,7.390649718586053130e-01,1.396562166704352348e-01,-7.670788426192682863e-01,8.146093364364758171e-01,8.869281636588397522e-01,8.989411539110819804e-01,8.701459583681020460e-01,8.610475818899210321e-01,6.595232767423629960e-01,5.769766104899444192e-01,6.492411809247106147e-01,8.865736133135135866e-01,7.045590459120647520e-01,7.095091304722738190e-01,1.000000000000000000e+00,8.928257797415897201e-01,7.276345487717862381e-01,6.625559879424970378e-01,7.279738864009055455e-01,8.798317180094691325e-01,8.583378305812656706e-01
8.625518468376582870e-01,8.808346816529165624e-01,4.509935512572474381e-01,7.533650269707263814e-01,8.991029303341552259e-01,5.971451410626721357e-01,7.857130498507456373e-01,-5.915337111238756496e-01,9.447599946470552901e-01,9.294106120696791207e-01,6.845116314663410861e-01,-7.107057786230716045e-01,4.789305514944692810e-01,9.288827925533030827e-01,-5.089121958831670511e-01,9.284148545287773668e-01,7.172197416417911420e-01,9.268729820967956945e-01,8.060358739739483802e-01,2.712306527387426391e-01,-8.693322908099895274e-01,8.712691323956214262e-01,8.700899359558097457e-01,9.242965663293366552e-01,8.404673121498165145e-01,8.556478267385463354e-01,5.844028795909075313e-01,5.114271933975663709e-01,7.288637758181283344e-01,8.756695046150747563e-01,6.138777720861887666e-01,7.382982769091775976e-01,8.928257797415897201e-01,1.000000000000000000e+00,7.664592277007227228e-01,6.620550368817159637e-01,8.039343337617242957e-01,9.389071635247010494e-01,9.205425819061898718e-01
7.418558543263581440e-01,8.241902887456115101e-01,4.363200741130820459e-01,4.986159856331522922e-01,7.740899567813486204e-01,5.339210464461799921e-01,6.353059617118061997e-01,-5.457597577765079810e-01,8.042811844975246149e-01,8.078894563234126913e-01,5.260118995831891686e-01,-5.204416236426716580e-01,2.828944284166369227e-01,7.878383067538368145e-01,-3.316806704845600695e-01,8.092905145647132370e-01,6.632476521685091164e-01,7.373679680594374952e-01,7.287662680218155442e-01,2.823964426427294505e-01,-6.938144511908778123e-01,7.436414874076630044e-01,7.170426945474499547e-01,7.585415398595904968e-01,6.624253828706655467e-01,7.479794878153829263e-01,5.332113681329504473e-01,5.626131133682601426e-01,8.169693511012880993e-01,7.905096567857264889e-01,6.148485380001440515e-01,8.221577945624022332e-01,7.276345487717862381e-01,7.664592277007227228e-01,1.000000000000000000e+00,6.003866521545677681e-01,9.052921899793536786e-01,7.210623090037086014e-01,6.426166657582050856e-01
5.800665729383158720e-01,6.166804930513114513e-01,3.291291836488708933e-01,5.181958970397925190e-01,6.950040728740541907e-01,5.629391750410008832e-01,4.956398581916897084e-01,-4.294810570916008929e-01,7.054081429878320542e-01,6.572413158088051821e-01,4.900818356518604757e-01,-4.797522114925033554e-01,2.986368061656618500e-01,7.069008060646770897e-01,-4.376638372417632206e-01,6.764893065541114359e-01,5.263873923812795175e-01,6.224411992487243195e-01,5.498582861135469235e-01,8.420976215986060442e-02,-5.765338881689400230e-01,5.862681696886458127e-01,6.493973366842904493e-01,6.625415525169546793e-01,6.435056814539468206e-01,7.245673040072596605e-01,6.323836562473873490e-01,3.890317933604559575e-01,6.294249975502546057e-01,7.257132787079207947e-01,4.585247393476273303e-01,6.208489273683890364e-01,6.625559879424970378e-01,6.620550368817159637e-01,6.003866521545677681e-01,1.000000000000000000e+00,6.489845383818823032e-01,6.346142758611450496e-01,6.023976039942443572e-01
7.336682556333614658e-01,8.609519965790903839e-01,3.155013586189385766e-01,6.268485227800677517e-01,7.650272819364886123e-01,5.280782448065594048e-01,6.681965333968797882e-01,-4.615015011683228918e-01,8.435864406372027835e-01,8.689587938049762039e-01,5.250041278031633007e-01,-5.928460526708221323e-01,4.293214806279816997e-01,8.252502163583835815e-01,-3.416105596652140863e-01,8.523062063016471068e-01,6.484426219093535337e-01,7.958495286054930729e-01,8.034746586992100870e-01,3.233448892398849139e-01,-7.921873390778896296e-01,7.599759275600856956e-01,7.016801133203306451e-01,7.902432215700154750e-01,6.320907801796833425e-01,7.852296339424085225e-01,4.813221802185151388e-01,4.570372758806917624e-01,9.057110449771819116e-01,8.122884825067163694e-01,5.185772787442802789e-01,8.459018271071270245e-01,7.279738864009055455e-01,8.039343337617242957e-01,9.052921899793536786e-01,6.489845383818823032e-01,1.000000000000000000e+00,7.552042671715197830e-01,6.739090670212342093e-01
9.087128506908882519e-01,8.374744025119976731e-01,4.407056182788942067e-01,7.799229688565054719e-01,8.542619016334576099e-01,5.557795078371842168e-01,7.667034006015124303e-01,-5.737132606018598979e-01,9.244475065045533180e-01,9.042155363579622573e-01,6.778344281872786814e-01,-7.072144270675817523e-01,4.335127947055634201e-01,8.934919971457105925e-01,-6.028129075507718815e-01,9.162763321095007685e-01,6.887537371318392942e-01,9.331933344932911156e-01,7.938615811642190101e-01,2.381189925852361944e-01,-8.301443146191865852e-01,8.461000876304998197e-01,8.751691850624149227e-01,8.921489744968205127e-01,8.445042117514022229e-01,8.405394391976208635e-01,5.518974374550486006e-01,4.841449427268814110e-01,7.094120611960532674e-01,8.724278397464810819e-01,6.271744147155119409e-01,6.839789502471489424e-01,8.798317180094691325e-01,9.389071635247010494e-01,7.210623090037086014e-01,6.346142758611450496e-01,7.552042671715197830e-01,1.000000000000000000e+00,9.377362970078834126e-01
8.504725608730111519e-01,7.911106193961296995e-01,4.204700164532301221e-01,7.759942668465745763e-01,8.295589136710740386e-01,5.310254396130754673e-01,7.740566458922240045e-01,-5.400294648740630032e-01,8.806403894989729420e-01,8.591474653042745491e-01,6.868443978649204640e-01,-6.993896482152256455e-01,4.666407933829619381e-01,8.447280307000177846e-01,-5.433441729788470731e-01,8.607709329363979478e-01,6.188127188701848524e-01,8.937552688132577305e-01,7.415380591220636086e-01,2.615524701912599892e-01,-7.985417945637509618e-01,8.264017555784025637e-01,8.383193451496051551e-01,8.587770745340950196e-01,8.607390231643835543e-01,7.681847914934284427e-01,5.518775542540338419e-01,4.258155730232647262e-01,6.325142458119682454e-01,8.004427257064300472e-01,5.869327066291598616e-01,6.218510968275294815e-01,8.583378305812656706e-01,9.205425819061898718e-01,6.426166657582050856e-01,6.023976039942443572e-01,6.739090670212342093e-01,9.377362970078834126e-01,1.000000000000000000e+00
