1.000000000000000000e+00,3.983946980569558760e-01,6.146621425972884772e-02,6.176366035375838726e-01,4.943262839298793732e-01,-6.804867948848288828e-01,4.535723568352350021e-01,1.041889928971855180e-02,7.042518310658840708e-01,-1.449618812218121944e-01,-5.932808068243023980e-01,-3.766531028635727862e-01,3.884311355210478545e-01,-1.769873715889619115e-01,-6.629986466385989763e-01,-1.995227943049988628e-01,-3.904342797413319355e-01,2.514250060042758639e-01,6.168804792261932679e-01,-1.181504258151867132e-01,-7.346372812459547874e-03,-8.235587057889247331e-02,5.990733211440916195e-01,3.683628473463356756e-01,5.804412980246071996e-01,2.580179278770586837e-01,-1.706122847952740440e-01,-3.820284880278247974e-01,-4.332613685700294481e-01,4.923572416413197761e-01,-4.441305660970468194e-01,-5.701712006830341739e-01,-4.275010045287125915e-01,6.498221043485515880e-01,-5.537265058593285882e-01,-5.011900049876161223e-01,-5.987586462837044543e-01,7.463627206087578569e-01,5.568561871800921104e-01
3.983946980569558760e-01,1.000000000000000000e+00,-5.293597400088435601e-01,5.176622489442298525e-01,4.721779567539872158e-01,-2.120470903667997509e-01,6.828239206796572480e-01,5.381373924833087186e-01,6.363375589039801383e-01,-1.624668870919463992e-01,-1.142598613948008456e-02,2.000216293763093511e-01,6.045651911493159225e-02,2.408414475630585583e-01,-2.843231842772159235e-01,-1.883815923269849257e-01,9.343838696846201719e-02,-2.954168175968624466e-01,6.473801005009069964e-01,3.985501448781467171e-01,9.909993402125723272e-02,6.350082169925019837e-01,4.997860048643743558e-01,1.553599795539508943e-01,2.907699479456536951e-01,2.107770451736344641e-01,5.413934912274422917e-01,-5.090284738114847496e-01,9.360770116079385195e-02,1.705122549941655019e-01,-4.091236001674795064e-01,-4.392343000965139715e-02,-5.291719328273708500e-01,5.987987666398549846e-01,-1.443553801893685540e-01,-2.428776628169564689e-01,-2.905735925621541482e-01,5.762099820668806771e-01,7.344592977840940229e-01
6.146621425972884772e-02,-5.293597400088435601e-01,1.000000000000000000e+00,-4.089023405992890381e-01,1.408812566564860043e-02,1.461729553790299119e-01,-4.392542658410408252e-01,-9.483243933692490080e-01,-4.443827995037717971e-01,4.331583712198266989e-01,-2.971023972043889891e-02,-5.188124721719072907e-01,-2.767797365674998789e-01,1.020695264957034894e-02,1.242612521905002987e-01,4.682845056995069144e-01,-7.010916343442499810e-02,3.854264916350670922e-01,-3.453581810973000432e-01,-3.326039334035609252e-01,-7.454595640754234365e-02,-5.495200213752358120e-01,4.362245703844808142e-02,3.297154836883939288e-01,2.013921708898603891e-01,3.449056864875459927e-01,-2.961192942150140950e-01,6.018989494696147524e-01,9.829309463160715299e-02,2.826306150330577527e-01,6.562770095273123827e-01,1.515133215133195321e-01,6.537008753574073960e-01,-2.022786492612756448e-01,2.607689981772355892e-01,3.092607586895226857e-01,3.567536550971934783e-01,-3.078391725212374919e-01,-4.311646685070695262e-01
6.176366035375838726e-01,5.176622489442298525e-01,-4.089023405992890381e-01,1.000000000000000000e+00,3.396193015103693424e-01,-7.755940457299441704e-01,6.392801639446742401e-01,4.604868718635650171e-01,8.650422679099475376e-01,-5.922112894739403055e-01,-6.408391349481901145e-01,-2.612351467793909681e-03,5.377559059381127327e-01,-3.125892719863738178e-01,-7.618266141878727860e-01,-6.416031925669095637e-01,-4.848665115561258676e-01,1.082138494507648291e-01,6.969981722445517391e-01,-4.470673240818940491e-02,-1.368615536442049085e-01,1.367121062947755927e-01,3.814235747403803556e-01,5.663013299514798454e-02,2.203847725636922938e-01,-2.454170696825153930e-01,-1.547849463101377276e-01,-7.684124762580851753e-01,-5.959653953992403164e-01,1.292609443642847022e-01,-7.688022776018443860e-01,-7.147401054803904641e-01,-7.639286738611312799e-01,6.492719542050819914e-01,-7.647592397025670952e-01,-7.651334787310840602e-01,-8.288111724304374484e-01,8.570985466628895377e-01,7.399799827093440641e-01
4.943262839298793732e-01,4.721779567539872158e-01,1.408812566564860043e-02,3.396193015103693424e-01,1.000000000000000000e+00,-2.011544908463720471e-01,4.127504418660752905e-01,1.319091531623851898e-02,5.029707608481897019e-01,1.597119288769728029e-01,-5.360767232001267119e-02,-1.301753056112805451e-01,-5.082261906170541799e-02,3.848023203884642918e-01,-1.966889466357667482e-01,1.478392532859462705e-01,1.381200011949741679e-01,-1.786697364309176028e-01,5.889177904066982272e-01,2.269767309510638542e-01,6.969691845396335482e-04,2.524132381584054396e-01,6.927801041909198432e-01,2.951933178181391781e-01,5.723877807046494626e-01,4.360528331599778373e-01,3.915285122097561521e-01,-1.990150674779238849e-01,1.244906286653396366e-01,5.539205446859610804e-01,-1.070463219136351916e-02,-6.065883491183902271e-02,-2.578389356685484302e-01,7.455605772816945587e-01,-9.356481121607711227e-02,-1.373589700029849980e-01,-1.841998097691145142e-01,3.703246453633495805e-01,3.749238273334820071e-01
-6.804867948848288828e-01,-2.120470903667997509e-01,1.461729553790299119e-01,-7.755940457299441704e-01,-2.011544908463720471e-01,1.000000000000000000e+00,-3.657599158833471087e-01,-2.200953213347566495e-01,-7.200038232025436358e-01,5.949284305584616739e-01,8.905771202495085248e-01,1.366194820484546435e-01,-5.913963553615438906e-01,6.290510840424962113e-01,7.353383385652036974e-01,6.250852126869104186e-01,7.423751678785005526e-01,-1.667577908489537020e-01,-4.859593755654377234e-01,3.915218784566587562e-01,1.922914052322263756e-01,2.839586693781988580e-01,-2.829514863122366553e-01,-3.893503609239933744e-02,-1.450537859396026363e-01,2.988889695890922793e-01,5.049821197683737051e-01,7.012939129671703631e-01,8.365398327430605407e-01,-2.047314528843550141e-01,6.656108130769267106e-01,9.039834146086632716e-01,7.105579732749945920e-01,-4.973883372122970270e-01,8.994925434240392814e-01,7.803010163096955054e-01,9.044337751770799017e-01,-7.388745643298517685e-01,-5.038455238619231613e-01
4.535723568352350021e-01,6.828239206796572480e-01,-4.392542658410408252e-01,6.392801639446742401e-01,4.127504418660752905e-01,-3.657599158833471087e-01,1.000000000000000000e+00,4.593156212006843098e-01,7.482327938299744297e-01,-3.371464359810158462e-01,-2.058815214400728510e-01,-2.910126453674771393e-02,2.048599321483494384e-01,1.295869739656931863e-01,-4.407761496023470116e-01,-3.832731503355881753e-01,-9.451862248836764846e-02,-6.154663929454548543e-02,7.840271183384970310e-01,4.092534413398429272e-01,9.929464926354843179e-02,5.460149760866620516e-01,4.808432925672795899e-01,1.478711956983844444e-01,3.245394680707329171e-01,-5.059702510239492967e-02,2.651935685008554588e-01,-5.424380980522935936e-01,-1.716443554163495089e-01,1.380349274120052372e-01,-5.160489900935832930e-01,-2.919784162075779732e-01,-5.576121149272380562e-01,6.045757034766386928e-01,-3.670437909941502985e-01,-4.559941008559949549e-01,-4.609397150796792353e-01,7.064126882915027217e-01,8.011209812940185415e-01
1.041889928971855180e-02,5.381373924833087186e-01,-9.483243933692490080e-01,4.604868718635650171e-01,1.319091531623851898e-02,-2.200953213347566495e-01,4.593156212006843098e-01,1.000000000000000000e+00,4.989848553250413876e-01,-4.511831703170428587e-01,-4.500660515280108243e-02,4.758426423626794244e-01,3.230910327670565851e-01,-4.789242283347484169e-02,-1.767449623411089799e-01,-4.937723691901117484e-01,1.441817166558914502e-02,-3.857709015262847929e-01,3.822653365757412991e-01,2.774352533666747944e-01,1.020870270772488153e-01,5.003307073465856902e-01,9.847797952310282862e-03,-2.990841722226471600e-01,-1.669912900032287928e-01,-3.402005437546765654e-01,2.481243763354730181e-01,-6.632939795401838756e-01,-1.544820466076669563e-01,-2.412284795956292638e-01,-7.025112329838684166e-01,-2.161158869932443549e-01,-7.070879040015836114e-01,2.591185023064284110e-01,-3.241887604104843890e-01,-3.550006172674302074e-01,-4.224223066558360218e-01,3.642557032717378407e-01,4.671278870566008545e-01
7.042518310658840708e-01,6.363375589039801383e-01,-4.443827995037717971e-01,8.650422679099475376e-01,5.029707608481897019e-01,-7.200038232025436358e-01,7.482327938299744297e-01,4.989848553250413876e-01,1.000000000000000000e+00,-4.586543290640831549e-01,-5.269225110351375418e-01,-1.086309162008276645e-02,4.626030400146259880e-01,-1.189906959276162690e-01,-6.732615159378806391e-01,-5.293406666088680268e-01,-3.129586816353174261e-01,-2.550535869269461228e-02,8.508252272993004350e-01,1.008030287319534035e-01,-7.320976325711883725e-02,2.815166852871313075e-01,5.599685879041520487e-01,1.586586967487061128e-01,3.854121604564689774e-01,-1.345112825943262091e-01,8.532984087393221534e-03,-7.457379223312893268e-01,-4.908338700218751183e-01,2.613981192857029456e-01,-7.285821896021329458e-01,-6.474800710752418587e-01,-7.900495480064934073e-01,7.822564192272575267e-01,-7.095769502667980122e-01,-7.264474182529090385e-01,-7.945662816207900159e-01,8.794338395025511623e-01,8.168946101732933451e-01
-1.449618812218121944e-01,-1.624668870919463992e-01,4.331583712198266989e-01,-5.922112894739403055e-01,1.597119288769728029e-01,5.949284305584616739e-01,-3.371464359810158462e-01,-4.511831703170428587e-01,-4.586543290640831549e-01,1.000000000000000000e+00,5.571939233109165501e-01,-1.539352089264302004e-01,-4.915548040753155989e-01,5.685211678929326107e-01,4.129850875867297488e-01,9.015182549578042437e-01,5.368025552073725226e-01,1.202368769686407678e-02,-2.440057941829391619e-01,1.279091931091640155e-01,1.664027390513399540e-01,2.302707772909812906e-02,1.364529145190263582e-01,2.179324512940066239e-01,2.685086546361235560e-01,6.042618288830248208e-01,4.022936985159015766e-01,6.386535114349317643e-01,6.712129376602065101e-01,3.482553400009337774e-01,6.599198032056677876e-01,6.481504439112797389e-01,5.863085173834696739e-01,-1.376866387964560956e-01,6.640960664396292623e-01,7.060139922643310362e-01,6.584752826713924367e-01,-4.937895324606620395e-01,-4.041031002192888577e-01
-5.932808068243023980e-01,-1.142598613948008456e-02,-2.971023972043889891e-02,-6.408391349481901145e-01,-5.360767232001267119e-02,8.905771202495085248e-01,-2.058815214400728510e-01,-4.500660515280108243e-02,-5.269225110351375418e-01,5.571939233109165501e-01,1.000000000000000000e+00,2.114117018813427562e-01,-5.501418024905390114e-01,7.071864022214667811e-01,6.744301750401032747e-01,5.754870523778986557e-01,8.774180967565530231e-01,-2.751216955541451736e-01,-2.897557448823723236e-01,5.199447180692861048e-01,1.841761526745892830e-01,4.765663770303785185e-01,-1.578859561037515846e-01,-1.184416549721432378e-02,-7.592685074327795713e-02,3.063594112684172033e-01,6.464748867809726462e-01,5.691190525323961413e-01,8.515667331817683428e-01,-1.592552655903222147e-01,5.578883597676947970e-01,8.710106473980054886e-01,5.395516014466521515e-01,-3.237749621956824697e-01,8.155469075261198020e-01,6.668228179587529780e-01,8.027848621584889877e-01,-6.064554795320493685e-01,-3.261057209665007561e-01
-3.766531028635727862e-01,2.000216293763093511e-01,-5.188124721719072907e-01,-2.612351467793909681e-03,-1.301753056112805451e-01,1.366194820484546435e-01,-2.910126453674771393e-02,4.758426423626794244e-01,-1.086309162008276645e-02,-1.539352089264302004e-01,2.114117018813427562e-01,1.000000000000000000e+00,-2.964427762931752530e-02,1.617815975644471688e-02,2.608862599964625884e-01,-1.761357771638905889e-01,1.654400799255668353e-01,-3.775100483852790734e-01,-1.507690645561742815e-01,2.593068181113344917e-01,-7.601328400065088253e-02,4.144977511425960714e-01,-1.757113197748216005e-01,-3.679575665613621926e-01,-2.962468002695820002e-01,-2.852364755962040754e-01,2.931073104992464873e-01,-1.462981514373931646e-01,8.616569540882605682e-02,-1.945202138149886295e-01,-1.054033402171665329e-01,9.399132486645286888e-02,-2.495412685627872718e-01,-1.332128705114529743e-01,6.361850619377988625e-02,2.958067422325794463e-02,-1.283999292559259708e-02,-1.381325323906202884e-01,-1.134189642443530072e-01
3.884311355210478545e-01,6.045651911493159225e-02,-2.767797365674998789e-01,5.377559059381127327e-01,-5.082261906170541799e-02,-5.913963553615438906e-01,2.048599321483494384e-01,3.230910327670565851e-01,4.626030400146259880e-01,-4.915548040753155989e-01,-5.501418024905390114e-01,-2.964427762931752530e-02,1.000000000000000000e+00,-4.412141659800797311e-01,-5.197099325367378064e-01,-5.286266109665062052e-01,-4.528068898693651256e-01,2.343493927413483335e-01,2.708076213605895011e-01,-2.570870237494217725e-01,-2.600102206379031333e-01,-1.789008448072381963e-01,1.403348727491843424e-02,-1.128686074372493298e-01,-8.813923229772534229e-02,-3.514137454486871981e-01,-4.591083080915922543e-01,-4.740208244758653544e-01,-6.232612161044887022e-01,1.030817441349728691e-01,-6.824163409486891929e-01,-6.116592468464625565e-01,-4.441807935846733280e-01,2.666783491496834135e-01,-6.097205596426242824e-01,-4.908347747486384027e-01,-6.013163036430367869e-01,5.004461028157533020e-01,3.281323653242065319e-01
-1.769873715889619115e-01,2.408414475630585583e-01,1.020695264957034894e-02,-3.125892719863738178e-01,3.848023203884642918e-01,6.290510840424962113e-01,1.295869739656931863e-01,-4.789242283347484169e-02,-1.189906959276162690e-01,5.685211678929326107e-01,7.071864022214667811e-01,1.617815975644471688e-02,-4.412141659800797311e-01,1.000000000000000000e+00,3.687728812921055588e-01,5.343091207971657486e-01,7.569458551291237125e-01,-1.845802949825491868e-01,1.614285599980696262e-01,4.874489547491921981e-01,1.794511647864868442e-01,5.399043001597765290e-01,2.619427719494966667e-01,3.147288602730710649e-01,3.104763206037660095e-01,4.315155900099351682e-01,7.032664183812568082e-01,3.448450934414039604e-01,7.593189247331887382e-01,1.876748509923591712e-01,3.995177040062232732e-01,6.517277650710715520e-01,3.519025028130488009e-01,1.629000595049865663e-01,6.320277261872117025e-01,4.746311827301545327e-01,5.532218016226454482e-01,-2.199514748420265953e-01,3.104353872451717442e-02
-6.629986466385989763e-01,-2.843231842772159235e-01,1.242612521905002987e-01,-7.618266141878727860e-01,-1.966889466357667482e-01,7.353383385652036974e-01,-4.407761496023470116e-01,-1.767449623411089799e-01,-6.732615159378806391e-01,4.129850875867297488e-01,6.744301750401032747e-01,2.608862599964625884e-01,-5.197099325367378064e-01,3.687728812921055588e-01,1.000000000000000000e+00,4.565859420215854780e-01,5.748157349982554454e-01,-4.569061742268788473e-01,-5.339480311468629559e-01,2.410834257880574150e-01,1.631003801472648007e-01,1.083391925171601211e-01,-2.909169263659978633e-01,-1.348417321852440343e-01,-2.413026033811825066e-01,1.306424128516912309e-01,3.407037993934813880e-01,5.099098423844380390e-01,5.920430250849354481e-01,-2.233704474676915519e-01,6.153064973682319527e-01,6.800762051829128962e-01,5.223501589123530353e-01,-4.610003684284348924e-01,7.268943184995221296e-01,6.157725397763917918e-01,7.090574406106958660e-01,-7.786562127965622748e-01,-6.054715535312543695e-01
-1.995227943049988628e-01,-1.883815923269849257e-01,4.682845056995069144e-01,-6.416031925669095637e-01,1.478392532859462705e-01,6.250852126869104186e-01,-3.832731503355881753e-01,-4.937723691901117484e-01,-5.293406666088680268e-01,9.015182549578042437e-01,5.754870523778986557e-01,-1.761357771638905889e-01,-5.286266109665062052e-01,5.343091207971657486e-01,4.565859420215854780e-01,1.000000000000000000e+00,5.357055342583529889e-01,7.366082718684600038e-03,-3.185320750087395902e-01,1.225116328709639213e-01,1.568613735127073472e-01,-3.250395372627200036e-03,1.077310684911883948e-01,1.708042731768359135e-01,1.976450199150118769e-01,6.516875249227856992e-01,4.110723108465860753e-01,6.691474219561457382e-01,7.110216118694496767e-01,3.323739029516972754e-01,7.019057153614118860e-01,6.977235623012216781e-01,6.264989414786120703e-01,-1.753414467442527269e-01,6.970415101679515724e-01,7.365982180546590818e-01,7.037175107029405297e-01,-5.510455055908869415e-01,-4.639153169686837663e-01
-3.904342797413319355e-01,9.343838696846201719e-02,-7.010916343442499810e-02,-4.848665115561258676e-01,1.381200011949741679e-01,7.423751678785005526e-01,-9.451862248836764846e-02,1.441817166558914502e-02,-3.129586816353174261e-01,5.368025552073725226e-01,8.774180967565530231e-01,1.654400799255668353e-01,-4.528068898693651256e-01,7.569458551291237125e-01,5.748157349982554454e-01,5.357055342583529889e-01,1.000000000000000000e+00,-2.934093016015371091e-01,-8.840691114563947739e-02,4.860366783824880965e-01,1.449222142797587098e-01,4.867150927078333633e-01,2.642581751174049795e-02,8.770739892325901677e-02,5.555927641339702266e-02,3.502109658034362472e-01,6.644335259361759949e-01,4.265300464581682771e-01,7.915747337658516347e-01,-2.981374543268518890e-02,4.606783070801064306e-01,7.407736671681485197e-01,3.872587234235895792e-01,-8.274635407841998691e-02,6.834326949047409006e-01,5.139290052695729694e-01,6.400778165786550344e-01,-4.428297747475885560e-01,-1.975120847034699256e-01
2.514250060042758639e-01,-2.954168175968624466e-01,3.854264916350670922e-01,1.082138494507648291e-01,-1.786697364309176028e-01,-1.667577908489537020e-01,-6.154663929454548543e-02,-3.857709015262847929e-01,-2.550535869269461228e-02,1.202368769686407678e-02,-2.751216955541451736e-01,-3.775100483852790734e-01,2.343493927413483335e-01,-1.845802949825491868e-01,-4.569061742268788473e-01,7.366082718684600038e-03,-2.934093016015371091e-01,1.000000000000000000e+00,-3.136154016939814160e-02,-2.035494798820414453e-01,-2.810317449516662180e-01,-2.806724172241982229e-01,-4.524805721166506867e-02,1.993980009415508570e-01,1.256232516146892353e-01,4.305695346791901801e-02,-3.760922602119097236e-01,2.608906314175959973e-01,-2.296365834545174012e-01,6.205179452015983921e-02,-2.339887114879417654e-02,-1.982848882592820328e-01,2.339082536895870645e-01,-1.344217538754273189e-01,-1.830786977552250061e-01,-1.004522843719121289e-01,-7.607011568179442018e-02,1.937498307776949757e-01,1.070739023593851591e-02
6.168804792261932679e-01,6.473801005009069964e-01,-3.453581810973000432e-01,6.969981722445517391e-01,5.889177904066982272e-01,-4.859593755654377234e-01,7.840271183384970310e-01,3.822653365757412991e-01,8.508252272993004350e-01,-2.440057941829391619e-01,-2.897557448823723236e-01,-1.507690645561742815e-01,2.708076213605895011e-01,1.614285599980696262e-01,-5.339480311468629559e-01,-3.185320750087395902e-01,-8.840691114563947739e-02,-3.136154016939814160e-02,1.000000000000000000e+00,2.988223232218750192e-01,2.114189273136300035e-02,4.404021900544409229e-01,6.237028670570322619e-01,2.804778893892141411e-01,4.790394230398680731e-01,4.795552515874007549e-02,2.468669156494914529e-01,-5.268163367772078498e-01,-2.435975331171849889e-01,2.688322428909916129e-01,-5.227484701574950376e-01,-3.912063859270068500e-01,-5.840702035432865369e-01,7.729446333829136373e-01,-4.668877872444769928e-01,-5.296056623724570978e-01,-5.488770679654109141e-01,7.517915902483075508e-01,8.011211486193537956e-01
-1.181504258151867132e-01,3.985501448781467171e-01,-3.326039334035609252e-01,-4.470673240818940491e-02,2.269767309510638542e-01,3.915218784566587562e-01,4.092534413398429272e-01,2.774352533666747944e-01,1.008030287319534035e-01,1.279091931091640155e-01,5.199447180692861048e-01,2.593068181113344917e-01,-2.570870237494217725e-01,4.874489547491921981e-01,2.410834257880574150e-01,1.225116328709639213e-01,4.860366783824880965e-01,-2.035494798820414453e-01,2.988223232218750192e-01,1.000000000000000000e+00,2.329827963315327655e-01,7.724044921658138607e-01,1.447915285145819353e-01,-2.410349005626846036e-02,1.928505134956450817e-01,2.293852938618427539e-01,6.548818007334543667e-01,1.654782208070585126e-01,4.393936274466898051e-01,-8.298406941761297950e-02,3.859347098696588874e-02,4.237526108970897654e-01,3.325257721719678677e-02,9.181092124057887993e-02,3.323900464557846823e-01,1.635450800321838483e-01,2.711494722306820870e-01,3.021550649824389367e-02,2.171020764105907053e-01
-7.346372812459547874e-03,9.909993402125723272e-02,-7.454595640754234365e-02,-1.368615536442049085e-01,6.969691845396335482e-04,1.922914052322263756e-01,9.929464926354843179e-02,1.020870270772488153e-01,-7.320976325711883725e-02,1.664027390513399540e-01,1.841761526745892830e-01,-7.601328400065088253e-02,-2.600102206379031333e-01,1.794511647864868442e-01,1.631003801472648007e-01,1.568613735127073472e-01,1.449222142797587098e-01,-2.810317449516662180e-01,2.114189273136300035e-02,2.329827963315327655e-01,1.000000000000000000e+00,1.638850469669764498e-01,7.595407160967725113e-02,1.505225328223222248e-01,1.866974026869979708e-01,2.365109753741254928e-01,2.481590875150747333e-01,5.436663388283899390e-02,2.449092753211872531e-01,5.618428908163520911e-03,5.764787675658190197e-02,2.364186242009586325e-01,2.267282496491362931e-02,1.482491110554475661e-02,2.223468816968430239e-01,2.114570291640871791e-01,1.773737161210320878e-01,-4.158717000524067564e-02,2.140158771595040976e-02
-8.235587057889247331e-02,6.350082169925019837e-01,-5.495200213752358120e-01,1.367121062947755927e-01,2.524132381584054396e-01,2.839586693781988580e-01,5.460149760866620516e-01,5.003307073465856902e-01,2.815166852871313075e-01,2.302707772909812906e-02,4.765663770303785185e-01,4.144977511425960714e-01,-1.789008448072381963e-01,5.399043001597765290e-01,1.083391925171601211e-01,-3.250395372627200036e-03,4.867150927078333633e-01,-2.806724172241982229e-01,4.404021900544409229e-01,7.724044921658138607e-01,1.638850469669764498e-01,1.000000000000000000e+00,2.170417815784761173e-01,1.575868363965977209e-02,1.528239981154100868e-01,8.129300285199453358e-02,7.343115720034832927e-01,-6.911698210158420674e-02,4.008116510813857225e-01,-9.995785205066567980e-02,-1.388344516625708014e-01,3.273501023324650316e-01,-1.705922395646767287e-01,2.338767244839192461e-01,2.191465881589799991e-01,4.809865611513085976e-02,1.193178699509785251e-01,1.800100946650882716e-01,4.422404202082781399e-01
5.990733211440916195e-01,4.997860048643743558e-01,4.362245703844808142e-02,3.814235747403803556e-01,6.927801041909198432e-01,-2.829514863122366553e-01,4.808432925672795899e-01,9.847797952310282862e-03,5.599685879041520487e-01,1.364529145190263582e-01,-1.578859561037515846e-01,-1.757113197748216005e-01,1.403348727491843424e-02,2.619427719494966667e-01,-2.909169263659978633e-01,1.077310684911883948e-01,2.642581751174049795e-02,-4.524805721166506867e-02,6.237028670570322619e-01,1.447915285145819353e-01,7.595407160967725113e-02,2.170417815784761173e-01,1.000000000000000000e+00,4.814705969842482114e-01,7.317733923398359597e-01,3.750149360573642454e-01,3.090521587347427324e-01,-2.317035019413056229e-01,-1.567666271060580777e-02,4.863608351526037543e-01,-8.834140983345931120e-02,-1.425643240607321616e-01,-3.204502746190948104e-01,6.995906396654106851e-01,-2.049427891218831566e-01,-2.178993456895650660e-01,-2.756211379166766950e-01,4.887332048447741717e-01,5.034721536476799431e-01
3.683628473463356756e-01,1.553599795539508943e-01,3.297154836883939288e-01,5.663013299514798454e-02,2.951933178181391781e-01,-3.893503609239933744e-02,1.478711956983844444e-01,-2.990841722226471600e-01,1.586586967487061128e-01,2.179324512940066239e-01,-1.184416549721432378e-02,-3.679575665613621926e-01,-1.128686074372493298e-01,3.147288602730710649e-01,-1.348417321852440343e-01,1.708042731768359135e-01,8.770739892325901677e-02,1.993980009415508570e-01,2.804778893892141411e-01,-2.410349005626846036e-02,1.505225328223222248e-01,1.575868363965977209e-02,4.814705969842482114e-01,1.000000000000000000e+00,5.843040688712612951e-01,3.140295804223275922e-01,9.089049127482262680e-02,1.292377345221165652e-01,9.136738289652023004e-02,2.678786902284136517e-01,1.212996408036936813e-01,1.639014924607164192e-02,1.237909039152727680e-01,2.932816489016170092e-01,3.704585718022127688e-02,-1.224712694312845435e-01,6.542363970019809960e-02,2.250312637315927955e-01,2.257833377731886249e-01
5.804412980246071996e-01,2.907699479456536951e-01,2.013921708898603891e-01,2.203847725636922938e-01,5.723877807046494626e-01,-1.450537859396026363e-01,3.245394680707329171e-01,-1.669912900032287928e-01,3.854121604564689774e-01,2.685086546361235560e-01,-7.592685074327795713e-02,-2.962468002695820002e-01,-8.813923229772534229e-02,3.104763206037660095e-01,-2.413026033811825066e-01,1.976450199150118769e-01,5.555927641339702266e-02,1.256232516146892353e-01,4.790394230398680731e-01,1.928505134956450817e-01,1.866974026869979708e-01,1.528239981154100868e-01,7.317733923398359597e-01,5.843040688712612951e-01,1.000000000000000000e+00,3.954438460159379054e-01,2.086369547666961644e-01,4.719525504392662468e-02,1.762267337466502659e-02,4.787983163729939151e-01,1.454480702674342679e-02,-8.890702353723764495e-02,-2.534643156456688542e-02,4.881290504918050499e-01,-7.200041342100500785e-02,-1.042233331143777447e-01,-1.156045784321301784e-01,3.869326310844072858e-01,3.364386361090541677e-01
2.580179278770586837e-01,2.107770451736344641e-01,3.449056864875459927e-01,-2.454170696825153930e-01,4.360528331599778373e-01,2.988889695890922793e-01,-5.059702510239492967e-02,-3.402005437546765654e-01,-1.345112825943262091e-01,6.042618288830248208e-01,3.063594112684172033e-01,-2.852364755962040754e-01,-3.514137454486871981e-01,4.315155900099351682e-01,1.306424128516912309e-01,6.516875249227856992e-01,3.502109658034362472e-01,4.305695346791901801e-02,4.795552515874007549e-02,2.293852938618427539e-01,2.365109753741254928e-01,8.129300285199453358e-02,3.750149360573642454e-01,3.140295804223275922e-01,3.954438460159379054e-01,1.000000000000000000e+00,5.023173433244021435e-01,3.885887411768769728e-01,5.716509243992153877e-01,4.189693624636138813e-01,3.967730147777103200e-01,4.944086996236370379e-01,3.085014825346610867e-01,2.030378850371319377e-01,4.586279363307275148e-01,4.289291340938985453e-01,4.258256218351226252e-01,-1.142160186732103649e-01,-9.946638917468469954e-02
-1.706122847952740440e-01,5.413934912274422917e-01,-2.961192942150140950e-01,-1.547849463101377276e-01,3.915285122097561521e-01,5.049821197683737051e-01,2.651935685008554588e-01,2.481243763354730181e-01,8.532984087393221534e-03,4.022936985159015766e-01,6.464748867809726462e-01,2.931073104992464873e-01,-4.591083080915922543e-01,7.032664183812568082e-01,3.407037993934813880e-01,4.110723108465860753e-01,6.644335259361759949e-01,-3.760922602119097236e-01,2.468669156494914529e-01,6.548818007334543667e-01,2.481590875150747333e-01,7.343115720034832927e-01,3.090521587347427324e-01,9.089049127482262680e-02,2.086369547666961644e-01,5.023173433244021435e-01,1.000000000000000000e+00,1.542085470408466885e-01,7.105601964629396639e-01,8.417900023890453887e-02,2.371631017582413459e-01,6.335102541530666098e-01,5.305037911750471596e-02,2.046412722922610894e-01,5.227813896083953749e-01,3.936598536753058153e-01,4.102373236488145447e-01,-1.329306592019996180e-01,1.374660410330182936e-01
-3.820284880278247974e-01,-5.090284738114847496e-01,6.018989494696147524e-01,-7.684124762580851753e-01,-1.990150674779238849e-01,7.012939129671703631e-01,-5.424380980522935936e-01,-6.632939795401838756e-01,-7.457379223312893268e-01,6.386535114349317643e-01,5.691190525323961413e-01,-1.462981514373931646e-01,-4.740208244758653544e-01,3.448450934414039604e-01,5.099098423844380390e-01,6.691474219561457382e-01,4.265300464581682771e-01,2.608906314175959973e-01,-5.268163367772078498e-01,1.654782208070585126e-01,5.436663388283899390e-02,-6.911698210158420674e-02,-2.317035019413056229e-01,1.292377345221165652e-01,4.719525504392662468e-02,3.885887411768769728e-01,1.542085470408466885e-01,1.000000000000000000e+00,5.541554503181373992e-01,-8.595285288676340896e-03,7.674480309683927581e-01,6.519858552357016279e-01,8.728457631329702426e-01,-5.371324329238369444e-01,6.990267193010953894e-01,6.749993733576146182e-01,7.943259672063126553e-01,-6.514941149783401997e-01,-6.288541648148507912e-01
-4.332613685700294481e-01,9.360770116079385195e-02,9.829309463160715299e-02,-5.959653953992403164e-01,1.244906286653396366e-01,8.365398327430605407e-01,-1.716443554163495089e-01,-1.544820466076669563e-01,-4.908338700218751183e-01,6.712129376602065101e-01,8.515667331817683428e-01,8.616569540882605682e-02,-6.232612161044887022e-01,7.593189247331887382e-01,5.920430250849354481e-01,7.110216118694496767e-01,7.915747337658516347e-01,-2.296365834545174012e-01,-2.435975331171849889e-01,4.393936274466898051e-01,2.449092753211872531e-01,4.008116510813857225e-01,-1.567666271060580777e-02,9.136738289652023004e-02,1.762267337466502659e-02,5.716509243992153877e-01,7.105601964629396639e-01,5.541554503181373992e-01,1.000000000000000000e+00,3.926879871758133522e-02,6.089826033756081669e-01,9.018472964935903002e-01,5.443613006870345883e-01,-1.787296181397774464e-01,8.609182531295238583e-01,7.325045246489513273e-01,8.187085883901373817e-01,-5.285825040409357634e-01,-2.965878487052350798e-01
4.923572416413197761e-01,1.705122549941655019e-01,2.826306150330577527e-01,1.292609443642847022e-01,5.539205446859610804e-01,-2.047314528843550141e-01,1.380349274120052372e-01,-2.412284795956292638e-01,2.613981192857029456e-01,3.482553400009337774e-01,-1.592552655903222147e-01,-1.945202138149886295e-01,1.030817441349728691e-01,1.876748509923591712e-01,-2.233704474676915519e-01,3.323739029516972754e-01,-2.981374543268518890e-02,6.205179452015983921e-02,2.688322428909916129e-01,-8.298406941761297950e-02,5.618428908163520911e-03,-9.995785205066567980e-02,4.863608351526037543e-01,2.678786902284136517e-01,4.787983163729939151e-01,4.189693624636138813e-01,8.417900023890453887e-02,-8.595285288676340896e-03,3.926879871758133522e-02,1.000000000000000000e+00,8.521940039865075200e-02,-8.804251353207184771e-02,-4.160125707499752468e-02,4.680395628256379115e-01,-6.249436055532504863e-02,1.390537477755146301e-01,-1.139988043841118903e-01,2.089089390361935084e-01,9.051725334270611933e-02
-4.441305660970468194e-01,-4.091236001674795064e-01,6.562770095273123827e-01,-7.688022776018443860e-01,-1.070463219136351916e-02,6.656108130769267106e-01,-5.160489900935832930e-01,-7.025112329838684166e-01,-7.285821896021329458e-01,6.599198032056677876e-01,5.578883597676947970e-01,-1.054033402171665329e-01,-6.824163409486891929e-01,3.995177040062232732e-01,6.153064973682319527e-01,7.019057153614118860e-01,4.606783070801064306e-01,-2.339887114879417654e-02,-5.227484701574950376e-01,3.859347098696588874e-02,5.764787675658190197e-02,-1.388344516625708014e-01,-8.834140983345931120e-02,1.212996408036936813e-01,1.454480702674342679e-02,3.967730147777103200e-01,2.371631017582413459e-01,7.674480309683927581e-01,6.089826033756081669e-01,8.521940039865075200e-02,1.000000000000000000e+00,6.741276583992104054e-01,7.782306175700548501e-01,-4.007076680878588482e-01,7.267961117901367007e-01,6.995599471478712861e-01,7.698382756480053324e-01,-7.203445228243606779e-01,-6.165896182077874599e-01
-5.701712006830341739e-01,-4.392343000965139715e-02,1.515133215133195321e-01,-7.147401054803904641e-01,-6.065883491183902271e-02,9.039834146086632716e-01,-2.919784162075779732e-01,-2.161158869932443549e-01,-6.474800710752418587e-01,6.481504439112797389e-01,8.710106473980054886e-01,9.399132486645286888e-02,-6.116592468464625565e-01,6.517277650710715520e-01,6.800762051829128962e-01,6.977235623012216781e-01,7.407736671681485197e-01,-1.982848882592820328e-01,-3.912063859270068500e-01,4.237526108970897654e-01,2.364186242009586325e-01,3.273501023324650316e-01,-1.425643240607321616e-01,1.639014924607164192e-02,-8.890702353723764495e-02,4.944086996236370379e-01,6.335102541530666098e-01,6.519858552357016279e-01,9.018472964935903002e-01,-8.804251353207184771e-02,6.741276583992104054e-01,1.000000000000000000e+00,6.418976864045619068e-01,-3.642876340918588252e-01,9.075553033275806092e-01,8.049922267602395154e-01,9.012438157649520498e-01,-6.612156954135454123e-01,-4.060922799583144838e-01
-4.275010045287125915e-01,-5.291719328273708500e-01,6.537008753574073960e-01,-7.639286738611312799e-01,-2.578389356685484302e-01,7.105579732749945920e-01,-5.576121149272380562e-01,-7.070879040015836114e-01,-7.900495480064934073e-01,5.863085173834696739e-01,5.395516014466521515e-01,-2.495412685627872718e-01,-4.441807935846733280e-01,3.519025028130488009e-01,5.223501589123530353e-01,6.264989414786120703e-01,3.872587234235895792e-01,2.339082536895870645e-01,-5.840702035432865369e-01,3.325257721719678677e-02,2.267282496491362931e-02,-1.705922395646767287e-01,-3.204502746190948104e-01,1.237909039152727680e-01,-2.534643156456688542e-02,3.085014825346610867e-01,5.305037911750471596e-02,8.728457631329702426e-01,5.443613006870345883e-01,-4.160125707499752468e-02,7.782306175700548501e-01,6.418976864045619068e-01,1.000000000000000000e+00,-5.737444110960406851e-01,7.399639134404236707e-01,6.941014410334594986e-01,8.089855433674669749e-01,-6.708136738288317247e-01,-6.078197971320834503e-01
6.498221043485515880e-01,5.987987666398549846e-01,-2.022786492612756448e-01,6.492719542050819914e-01,7.455605772816945587e-01,-4.973883372122970270e-01,6.045757034766386928e-01,2.591185023064284110e-01,7.822564192272575267e-01,-1.376866387964560956e-01,-3.237749621956824697e-01,-1.332128705114529743e-01,2.666783491496834135e-01,1.629000595049865663e-01,-4.610003684284348924e-01,-1.753414467442527269e-01,-8.274635407841998691e-02,-1.344217538754273189e-01,7.729446333829136373e-01,9.181092124057887993e-02,1.482491110554475661e-02,2.338767244839192461e-01,6.995906396654106851e-01,2.932816489016170092e-01,4.881290504918050499e-01,2.030378850371319377e-01,2.046412722922610894e-01,-5.371324329238369444e-01,-1.787296181397774464e-01,4.680395628256379115e-01,-4.007076680878588482e-01,-3.642876340918588252e-01,-5.737444110960406851e-01,1.000000000000000000e+00,-4.224579022870151301e-01,-4.387594636791302682e-01,-5.185120819146629145e-01,6.733436666435542728e-01,6.340020454880671563e-01
-5.537265058593285882e-01,-1.443553801893685540e-01,2.607689981772355892e-01,-7.647592397025670952e-01,-9.356481121607711227e-02,8.994925434240392814e-01,-3.670437909941502985e-01,-3.241887604104843890e-01,-7.095769502667980122e-01,6.640960664396292623e-01,8.155469075261198020e-01,6.361850619377988625e-02,-6.097205596426242824e-01,6.320277261872117025e-01,7.268943184995221296e-01,6.970415101679515724e-01,6.834326949047409006e-01,-1.830786977552250061e-01,-4.668877872444769928e-01,3.323900464557846823e-01,2.223468816968430239e-01,2.191465881589799991e-01,-2.049427891218831566e-01,3.704585718022127688e-02,-7.200041342100500785e-02,4.586279363307275148e-01,5.227813896083953749e-01,6.990267193010953894e-01,8.609182531295238583e-01,-6.249436055532504863e-02,7.267961117901367007e-01,9.075553033275806092e-01,7.399639134404236707e-01,-4.224579022870151301e-01,1.000000000000000000e+00,8.312958296198588171e-01,9.179525843153157894e-01,-7.171407975854642292e-01,-4.988775776958548902e-01
-5.011900049876161223e-01,-2.428776628169564689e-01,3.092607586895226857e-01,-7.651334787310840602e-01,-1.373589700029849980e-01,7.803010163096955054e-01,-4.559941008559949549e-01,-3.550006172674302074e-01,-7.264474182529090385e-01,7.060139922643310362e-01,6.668228179587529780e-01,2.958067422325794463e-02,-4.908347747486384027e-01,4.746311827301545327e-01,6.157725397763917918e-01,7.365982180546590818e-01,5.139290052695729694e-01,-1.004522843719121289e-01,-5.296056623724570978e-01,1.635450800321838483e-01,2.114570291640871791e-01,4.809865611513085976e-02,-2.178993456895650660e-01,-1.224712694312845435e-01,-1.042233331143777447e-01,4.289291340938985453e-01,3.936598536753058153e-01,6.749993733576146182e-01,7.325045246489513273e-01,1.390537477755146301e-01,6.995599471478712861e-01,8.049922267602395154e-01,6.941014410334594986e-01,-4.387594636791302682e-01,8.312958296198588171e-01,1.000000000000000000e+00,8.207683725336514247e-01,-7.238915432197673416e-01,-5.636993767899792784e-01
-5.987586462837044543e-01,-2.905735925621541482e-01,3.567536550971934783e-01,-8.288111724304374484e-01,-1.841998097691145142e-01,9.044337751770799017e-01,-4.609397150796792353e-01,-4.224223066558360218e-01,-7.945662816207900159e-01,6.584752826713924367e-01,8.027848621584889877e-01,-1.283999292559259708e-02,-6.013163036430367869e-01,5.532218016226454482e-01,7.090574406106958660e-01,7.037175107029405297e-01,6.400778165786550344e-01,-7.607011568179442018e-02,-5.488770679654109141e-01,2.711494722306820870e-01,1.773737161210320878e-01,1.193178699509785251e-01,-2.756211379166766950e-01,6.542363970019809960e-02,-1.156045784321301784e-01,4.258256218351226252e-01,4.102373236488145447e-01,7.943259672063126553e-01,8.187085883901373817e-01,-1.139988043841118903e-01,7.698382756480053324e-01,9.012438157649520498e-01,8.089855433674669749e-01,-5.185120819146629145e-01,9.179525843153157894e-01,8.207683725336514247e-01,1.000000000000000000e+00,-7.633416215975779018e-01,-5.686187289451171134e-01
7.463627206087578569e-01,5.762099820668806771e-01,-3.078391725212374919e-01,8.570985466628895377e-01,3.703246453633495805e-01,-7.388745643298517685e-01,7.064126882915027217e-01,3.642557032717378407e-01,8.794338395025511623e-01,-4.937895324606620395e-01,-6.064554795320493685e-01,-1.381325323906202884e-01,5.004461028157533020e-01,-2.199514748420265953e-01,-7.786562127965622748e-01,-5.510455055908869415e-01,-4.428297747475885560e-01,1.937498307776949757e-01,7.517915902483075508e-01,3.021550649824389367e-02,-4.158717000524067564e-02,1.800100946650882716e-01,4.887332048447741717e-01,2.250312637315927955e-01,3.869326310844072858e-01,-1.142160186732103649e-01,-1.329306592019996180e-01,-6.514941149783401997e-01,-5.285825040409357634e-01,2.089089390361935084e-01,-7.203445228243606779e-01,-6.612156954135454123e-01,-6.708136738288317247e-01,6.733436666435542728e-01,-7.171407975854642292e-01,-7.238915432197673416e-01,-7.633416215975779018e-01,1.000000000000000000e+00,8.334742556171800265e-01
5.568561871800921104e-01,7.344592977840940229e-01,-4.311646685070695262e-01,7.399799827093440641e-01,3.749238273334820071e-01,-5.038455238619231613e-01,8.011209812940185415e-01,4.671278870566008545e-01,8.168946101732933451e-01,-4.041031002192888577e-01,-3.261057209665007561e-01,-1.134189642443530072e-01,3.281323653242065319e-01,3.104353872451717442e-02,-6.054715535312543695e-01,-4.639153169686837663e-01,-1.975120847034699256e-01,1.070739023593851591e-02,8.011211486193537956e-01,2.171020764105907053e-01,2.140158771595040976e-02,4.422404202082781399e-01,5.034721536476799431e-01,2.257833377731886249e-01,3.364386361090541677e-01,-9.946638917468469954e-02,1.374660410330182936e-01,-6.288541648148507912e-01,-2.965878487052350798e-01,9.051725334270611933e-02,-6.165896182077874599e-01,-4.060922799583144838e-01,-6.078197971320834503e-01,6.340020454880671563e-01,-4.988775776958548902e-01,-5.636993767899792784e-01,-5.686187289451171134e-01,8.334742556171800265e-01,1.000000000000000000e+00
