1.000000000000000000e+00,1.694637794272196574e-01,3.065261229135877730e-01,6.210908575633803386e-01,3.863204043236333485e-01,-2.475581408013841911e-01,-3.169411866678586986e-01,-3.105860062984653336e-01,7.465610176033832257e-01,4.633031349140426247e-01,-5.813248516663003240e-01,-1.474503528458904512e-02,-5.687339542670746262e-01,-1.196511442986241819e-01,-6.896888316430296317e-01,8.314754234087474716e-01,-4.711427860845756044e-01,6.928181375356765592e-01,5.757231696502191909e-01,4.740589780823796229e-01,5.707884950198981872e-02,-4.425997235675355745e-01,-3.267107425665833342e-01,1.336753901577365788e-01,-4.534813092085109298e-01,6.435538851866975385e-01,-2.510464456372679121e-01,4.539418300358119551e-01,4.530335306273054474e-01,7.419333587288745591e-01,-5.061070977400252552e-02,-2.519595967274286252e-01,5.221351130514859107e-02,2.034272605183586047e-01,-3.811196789653722820e-03,-3.912048918261930297e-02,-1.608911496474860758e-01,8.516401301519467282e-01,4.509104955810305793e-01
1.694637794272196574e-01,1.000000000000000000e+00,4.587834004225326279e-01,-4.360623710890321886e-02,5.871871736622904514e-01,2.288808945385076010e-01,6.321832241499593108e-01,-4.246798584451434988e-01,5.034357373055717844e-01,5.268510420958659735e-01,2.698829025138887450e-01,5.039152376042549397e-01,5.239322295238657556e-01,5.641485782412141159e-01,1.560049123180188950e-02,2.152802186174762947e-02,1.217858631296127592e-01,4.469835031211646381e-01,3.062644201974406011e-01,3.244537897756913924e-01,1.742042334625427957e-01,5.658061205919534542e-01,3.952736209179028570e-01,3.795686510866276842e-01,3.238655345929115636e-01,3.805179546465736196e-01,6.640139679996817090e-01,3.569938887284081486e-01,3.938759680204180769e-01,2.711414201653179479e-01,5.268447246597686151e-01,7.097351535395063360e-01,5.248060846068459684e-01,5.053706072024368723e-01,6.973003387619342019e-01,5.742976621025848161e-01,5.752372055853328670e-01,2.899490493615791142e-01,7.468130479860813908e-01
3.065261229135877730e-01,4.587834004225326279e-01,1.000000000000000000e+00,1.631448664996570652e-01,8.165592308497430230e-01,2.119003078872095658e-01,3.358746466231524730e-01,-9.104588148030673400e-01,5.741277375714779474e-01,5.313428157324343593e-01,1.162241891264696736e-01,1.967839036957380328e-01,2.073019452874307056e-01,5.987069059501168855e-01,-2.360378675265312476e-01,3.493329773440305153e-01,1.381400343894136351e-01,4.840174705990587523e-01,3.135834983236631124e-01,4.872077915460468756e-01,5.717973431031306841e-01,4.222754885248347634e-01,5.183456750161208326e-01,6.392704484378238794e-01,4.211334314408183843e-01,6.256892434274688997e-01,4.248511093246145620e-01,5.909633580091255833e-01,6.359524799939170192e-01,3.848826569875490877e-01,4.641580493294155674e-01,4.404554573631665471e-01,7.462994466956306416e-01,5.738049694684708157e-01,3.163489576761266409e-01,5.343202960678118396e-01,3.326501798120649611e-01,3.235377543302612735e-01,5.742022933307588950e-01
6.210908575633803386e-01,-4.360623710890321886e-02,1.631448664996570652e-01,1.000000000000000000e+00,1.066788197444165781e-01,-5.369009500303993931e-01,-3.302741568161708940e-01,-1.890531355404735381e-01,4.967548062181679769e-01,3.864638204323910253e-01,-7.048109254763227360e-01,1.832009510362921922e-01,-6.096151738884513227e-01,-3.952991361332844900e-01,-7.361872060929254280e-01,6.813629607822210277e-01,-6.855714435213460245e-01,5.351652611976930318e-01,3.420432691145326443e-01,1.469384029505314826e-01,-1.206555115387810129e-01,-5.176306997976922730e-01,-4.866744057508819998e-01,-1.346426714257660806e-01,-5.313703000683606126e-01,3.780410101445423887e-01,-4.447814360981338089e-01,8.420436937347924866e-03,-4.416514900330787557e-02,5.422333336296391026e-01,-4.254215531856361809e-01,-4.482473753416583162e-01,-1.939566948197417873e-01,-1.301298742994129974e-02,-2.135786547882742303e-01,-3.447602123214548175e-01,-4.697755632908026113e-01,6.279212280013881653e-01,2.569026833973231949e-01
3.863204043236333485e-01,5.871871736622904514e-01,8.165592308497430230e-01,1.066788197444165781e-01,1.000000000000000000e+00,2.567144056579894751e-01,3.318005153659372430e-01,-7.880484051904637077e-01,6.725674615808744372e-01,4.980220117224133380e-01,1.120402543508288162e-01,1.717512717451225301e-01,2.196627814449574612e-01,5.831734141343830613e-01,-2.348676962476217711e-01,3.525672337399601286e-01,1.326213943033583142e-01,5.658353453448362602e-01,4.431691812691221366e-01,4.762663969653394003e-01,5.218294241327187111e-01,4.023969071460620772e-01,4.317637613082097037e-01,6.151694623419644570e-01,3.196855787354591638e-01,6.230206619075039365e-01,4.688870928515144199e-01,6.320321303698837045e-01,6.893711356928025058e-01,4.692142311629413642e-01,5.267087702877119026e-01,4.795541616144756714e-01,6.847383358319169000e-01,6.825952951425380277e-01,4.045886792715495117e-01,5.123636264897644121e-01,4.076433453202519819e-01,4.314548652733424250e-01,6.893268251447655093e-01
-2.475581408013841911e-01,2.288808945385076010e-01,2.119003078872095658e-01,-5.369009500303993931e-01,2.567144056579894751e-01,1.000000000000000000e+00,3.968112363049135505e-01,-1.572890668294133765e-01,-9.729500840201293910e-02,-4.798571406306027104e-02,6.720192128795168252e-01,-1.560222505940453974e-01,4.491059317599611078e-01,5.569553456038147665e-01,4.249943389435384966e-01,-2.496822912847502518e-01,7.334236897072472505e-01,-1.951193190625790108e-01,-1.311649585580827448e-01,1.644097370982532391e-01,5.118430300086684870e-01,5.421058585557387843e-01,5.339601036477960028e-01,4.236361760880657523e-01,4.662777513208515301e-01,-1.064874084167147378e-01,3.592738099755782843e-01,2.063799326852430727e-01,3.094346080825512435e-01,-1.248824649436077044e-01,5.706629875104511918e-01,4.531462279165637264e-01,3.767970639285780909e-01,1.331872063874700307e-01,9.487352891396459709e-02,4.221948039812578046e-01,4.185352981042512188e-01,-2.872232945290236206e-01,8.664605538673614965e-03
-3.169411866678586986e-01,6.321832241499593108e-01,3.358746466231524730e-01,-3.302741568161708940e-01,3.318005153659372430e-01,3.968112363049135505e-01,1.000000000000000000e+00,-2.874030788100438438e-01,8.839929880983601884e-02,3.976351666633031190e-01,6.089683613947682872e-01,4.974186402817531993e-01,7.286042476128284928e-01,5.547856416780414524e-01,3.869691250792446358e-01,-3.105080202770083009e-01,4.270823734070114397e-01,-4.061634517507846376e-02,-1.693129116196335354e-02,1.095110471525868739e-01,1.339570901421431037e-01,7.393699002992256686e-01,5.476188744306866862e-01,2.880159968630619516e-01,5.795299994895574125e-01,-4.476602669399509793e-02,6.879154113548489047e-01,1.471513220466329486e-01,9.337511413579986652e-02,-2.440870225175703623e-02,5.412845561424525220e-01,7.363511760578532739e-01,4.688944392299456698e-01,3.186862834489169183e-01,5.273289469747497460e-01,5.083402631394435822e-01,5.473939001756161771e-01,-2.110565248513834868e-01,3.886652758948763720e-01
-3.105860062984653336e-01,-4.246798584451434988e-01,-9.104588148030673400e-01,-1.890531355404735381e-01,-7.880484051904637077e-01,-1.572890668294133765e-01,-2.874030788100438438e-01,1.000000000000000000e+00,-5.517524412743989304e-01,-5.162575346948714561e-01,-6.734784769860707732e-02,-1.963073855384850075e-01,-1.786330214738651168e-01,-5.604185441723188443e-01,2.600386370864556929e-01,-3.485746720587052372e-01,-9.099072607411200220e-02,-4.939362602662162871e-01,-2.975821261013962271e-01,-4.675209648285761355e-01,-5.665319829384188877e-01,-3.817106180882198219e-01,-4.904589556309751908e-01,-6.204680987378020651e-01,-4.013380132205167650e-01,-6.404403107540760365e-01,-3.951876848204390891e-01,-5.626222777315733614e-01,-6.076177129501827423e-01,-3.580578474312724468e-01,-4.132259696526469073e-01,-4.013026445775743634e-01,-7.119185132988190556e-01,-5.366112888990545171e-01,-3.003492850273246639e-01,-5.026726724124584988e-01,-3.012407043265599715e-01,-3.295514668256130375e-01,-5.609181391492731317e-01
7.465610176033832257e-01,5.034357373055717844e-01,5.741277375714779474e-01,4.967548062181679769e-01,6.725674615808744372e-01,-9.729500840201293910e-02,8.839929880983601884e-02,-5.517524412743989304e-01,1.000000000000000000e+00,6.986698994803220986e-01,-3.174078026624039817e-01,2.786281665199411006e-01,-1.927033308104036669e-01,1.941729047830458021e-01,-5.750684475253967642e-01,7.014548763505799034e-01,-2.830298528212684683e-01,7.213828705565594746e-01,5.691063737157056046e-01,4.314732897270719958e-01,1.181721294154214619e-01,-3.631759032620333894e-02,-2.901017132004623383e-02,3.172475840067831565e-01,-1.590186776961703408e-01,6.676515356879271224e-01,1.119240876091449899e-01,5.592319483412373504e-01,5.718489622850773113e-01,7.975968935553957584e-01,1.927990264269907050e-01,1.676855796431520329e-01,3.779753811859804524e-01,5.321779279566072329e-01,2.440389227758286983e-01,2.607834190779587114e-01,6.006521013662784181e-02,7.662526536389592247e-01,7.601067798755861693e-01
4.633031349140426247e-01,5.268510420958659735e-01,5.313428157324343593e-01,3.864638204323910253e-01,4.980220117224133380e-01,-4.798571406306027104e-02,3.976351666633031190e-01,-5.162575346948714561e-01,6.986698994803220986e-01,1.000000000000000000e+00,-8.135871468094818537e-02,5.715447998668270468e-01,2.626183728413664098e-02,2.398115439416905192e-01,-3.393002633499375142e-01,5.190694780989114632e-01,-1.605825074201385483e-01,4.590710136524908669e-01,3.535479235816800792e-01,2.955570769105017037e-01,1.542371777255645976e-02,1.322440868689409021e-01,1.024137522129352912e-01,3.031168239919320162e-01,6.357197910987939793e-02,4.684465854912152061e-01,2.437481715210612909e-01,3.551309877963597095e-01,3.336060719508103234e-01,6.906909207892955038e-01,2.580836161284744690e-01,3.043463305257967377e-01,3.185512367342406281e-01,3.940673816523393991e-01,2.558228278384846455e-01,3.159207630903683728e-01,9.895272827529510984e-02,5.058324589573720553e-01,6.723551772072451360e-01
-5.813248516663003240e-01,2.698829025138887450e-01,1.162241891264696736e-01,-7.048109254763227360e-01,1.120402543508288162e-01,6.720192128795168252e-01,6.089683613947682872e-01,-6.734784769860707732e-02,-3.174078026624039817e-01,-8.135871468094818537e-02,1.000000000000000000e+00,5.944276495765211249e-02,7.605353414710814830e-01,5.790994344165655283e-01,6.271880717677601469e-01,-5.832728689482339357e-01,8.326683359742348411e-01,-3.534352564631559890e-01,-2.727577895536850705e-01,-5.597012686799316544e-02,2.659187604673926564e-01,7.308051391305598887e-01,6.513360121467304253e-01,2.416015710259468430e-01,7.030398814459021262e-01,-2.346110653309351202e-01,6.089580115277791750e-01,1.179766491508912468e-01,1.356963777500832247e-01,-3.766299272151247823e-01,5.860043129019435471e-01,6.417776431197990128e-01,3.910645269380431110e-01,1.142501752693815403e-01,2.388221986354605586e-01,5.022028920339073332e-01,5.217875704621741662e-01,-5.547913677421942857e-01,-4.645316144205348385e-02
-1.474503528458904512e-02,5.039152376042549397e-01,1.967839036957380328e-01,1.832009510362921922e-01,1.717512717451225301e-01,-1.560222505940453974e-01,4.974186402817531993e-01,-1.963073855384850075e-01,2.786281665199411006e-01,5.715447998668270468e-01,5.944276495765211249e-02,1.000000000000000000e+00,3.424532564412426372e-01,1.712212207545413256e-01,5.497212511151531450e-02,-1.733831941647285754e-02,-1.489797362389483071e-01,1.980995611165005943e-01,-3.286356334212193336e-02,-1.134950485603345403e-02,-1.984129387054090476e-01,2.770627005095034900e-01,9.844655415276493127e-02,8.536007213351028133e-02,1.829422453506308888e-01,6.937173084869845130e-02,3.708730654779375246e-01,-4.649706065648238212e-02,-1.205404894301762564e-01,2.171437824142420370e-01,9.630302215017465250e-02,3.885606460238004156e-01,1.396143360625725083e-01,2.302200494783117335e-01,4.075894085885525264e-01,2.132351365345959426e-01,1.310600846350851445e-01,1.386391820505700201e-01,4.461647022423025355e-01
-5.687339542670746262e-01,5.239322295238657556e-01,2.073019452874307056e-01,-6.096151738884513227e-01,2.196627814449574612e-01,4.491059317599611078e-01,7.286042476128284928e-01,-1.786330214738651168e-01,-1.927033308104036669e-01,2.626183728413664098e-02,7.605353414710814830e-01,3.424532564412426372e-01,1.000000000000000000e+00,6.409374522123860718e-01,6.057568547042020413e-01,-6.333732293763946197e-01,5.893868477152292007e-01,-1.899539175030520721e-01,-2.193982818944734403e-01,-3.578218879641514166e-02,1.983684536819939337e-01,8.443039464332143806e-01,6.731410348907205243e-01,2.981652070066894145e-01,7.369253994064371982e-01,-1.158999466304566489e-01,8.070612350082260189e-01,9.991967530273719589e-02,9.683180328562535077e-02,-3.911809130382084554e-01,5.543527843023683399e-01,8.094085457556983165e-01,4.978058677932412079e-01,3.136033829214174284e-01,5.686777502009733309e-01,5.937965192477598908e-01,6.662356607679708054e-01,-4.613784632854777135e-01,1.859254631261653690e-01
-1.196511442986241819e-01,5.641485782412141159e-01,5.987069059501168855e-01,-3.952991361332844900e-01,5.831734141343830613e-01,5.569553456038147665e-01,5.547856416780414524e-01,-5.604185441723188443e-01,1.941729047830458021e-01,2.398115439416905192e-01,5.790994344165655283e-01,1.712212207545413256e-01,6.409374522123860718e-01,1.000000000000000000e+00,3.202678365145706918e-01,-1.764201057133118755e-01,5.581229229525961344e-01,1.211363824992211236e-01,9.394782445135406446e-02,3.696784842188923781e-01,4.670372838848539931e-01,7.368081434074210678e-01,7.743315569090106765e-01,6.649165266228254101e-01,7.144710510529675984e-01,2.698449007102995401e-01,7.197462720409574244e-01,4.294161458075019255e-01,5.494736877075014903e-01,-1.062901181431421399e-02,6.817006086779504592e-01,7.458878915198968729e-01,7.481488393799885506e-01,5.290218225371779992e-01,5.111728138313229586e-01,7.423832555171622216e-01,6.589910453272849189e-01,-9.428628351509116268e-02,3.778640406101191340e-01
-6.896888316430296317e-01,1.560049123180188950e-02,-2.360378675265312476e-01,-7.361872060929254280e-01,-2.348676962476217711e-01,4.249943389435384966e-01,3.869691250792446358e-01,2.600386370864556929e-01,-5.750684475253967642e-01,-3.393002633499375142e-01,6.271880717677601469e-01,5.497212511151531450e-02,6.057568547042020413e-01,3.202678365145706918e-01,1.000000000000000000e+00,-7.125295062785791389e-01,5.659846144231089893e-01,-6.621963441254560268e-01,-5.281856403723984572e-01,-2.136155445272097664e-01,1.859404661094914970e-03,4.706051188270363173e-01,3.751709353011525305e-01,2.198887421200841283e-02,4.525698587357398495e-01,-5.505325255534418982e-01,3.439107921095946874e-01,-3.120660608612900733e-01,-2.293898794509525163e-01,-5.848052521221951405e-01,2.394887498421624239e-01,3.623542588399794595e-01,8.247545788523827359e-02,4.865507087297246507e-03,1.765600921966199444e-01,2.127374113585527027e-01,3.659145708209117220e-01,-6.546220170737392374e-01,-3.293892848988875244e-01
8.314754234087474716e-01,2.152802186174762947e-02,3.493329773440305153e-01,6.813629607822210277e-01,3.525672337399601286e-01,-2.496822912847502518e-01,-3.105080202770083009e-01,-3.485746720587052372e-01,7.014548763505799034e-01,5.190694780989114632e-01,-5.832728689482339357e-01,-1.733831941647285754e-02,-6.333732293763946197e-01,-1.764201057133118755e-01,-7.125295062785791389e-01,1.000000000000000000e+00,-4.190140551085763665e-01,5.692979845863200827e-01,5.275700585298305212e-01,3.811370461658984410e-01,5.425646858504727665e-02,-4.825278314945169456e-01,-2.950171216593597268e-01,1.317798670066724909e-01,-4.486581706253540691e-01,5.519953093270931754e-01,-3.641925125353839277e-01,3.981103030970307155e-01,3.711644551559913907e-01,8.075516675513677578e-01,-1.577960374247517616e-01,-3.390388635249110272e-01,1.858550398097115052e-04,1.725944507479484080e-01,-1.997747697905448427e-01,-1.567511209879136613e-01,-3.193032254732683373e-01,7.616668100254270213e-01,3.743446519522272142e-01
-4.711427860845756044e-01,1.217858631296127592e-01,1.381400343894136351e-01,-6.855714435213460245e-01,1.326213943033583142e-01,7.334236897072472505e-01,4.270823734070114397e-01,-9.099072607411200220e-02,-2.830298528212684683e-01,-1.605825074201385483e-01,8.326683359742348411e-01,-1.489797362389483071e-01,5.893868477152292007e-01,5.581229229525961344e-01,5.659846144231089893e-01,-4.190140551085763665e-01,1.000000000000000000e+00,-3.740719633395300781e-01,-2.116904211789249757e-01,3.175308810262535836e-02,3.520317209763411670e-01,5.984845769079483180e-01,6.382299241834432646e-01,2.601761678757668061e-01,6.077863481894790754e-01,-2.014865323548331588e-01,4.470340345131026960e-01,2.098998032293081517e-01,2.458122218875103682e-01,-2.884485938645228731e-01,5.042498155349386391e-01,4.933617875777479567e-01,3.721733858085680136e-01,1.280035484445314897e-01,7.747733576667908961e-02,4.204493964250041738e-01,4.324741429410089988e-01,-4.992982305129355924e-01,-1.145349733304421164e-01
6.928181375356765592e-01,4.469835031211646381e-01,4.840174705990587523e-01,5.351652611976930318e-01,5.658353453448362602e-01,-1.951193190625790108e-01,-4.061634517507846376e-02,-4.939362602662162871e-01,7.213828705565594746e-01,4.590710136524908669e-01,-3.534352564631559890e-01,1.980995611165005943e-01,-1.899539175030520721e-01,1.211363824992211236e-01,-6.621963441254560268e-01,5.692979845863200827e-01,-3.740719633395300781e-01,1.000000000000000000e+00,6.196691623036935104e-01,4.519328266465685862e-01,1.871058366724993316e-01,-7.556628943294714518e-02,-3.592470749021550724e-02,3.061356544614837194e-01,-1.184341466649344171e-01,7.468134789318718880e-01,1.498181794382256182e-01,5.128066189068871683e-01,4.963080340898538001e-01,5.428895220274362332e-01,1.406285078017713019e-01,1.088754654667577343e-01,2.751328950125599970e-01,2.746080845853112185e-01,3.165476647038640845e-01,1.811135234306471553e-01,1.162742671247987830e-01,7.243878070602247643e-01,6.475193339474737408e-01
5.757231696502191909e-01,3.062644201974406011e-01,3.135834983236631124e-01,3.420432691145326443e-01,4.431691812691221366e-01,-1.311649585580827448e-01,-1.693129116196335354e-02,-2.975821261013962271e-01,5.691063737157056046e-01,3.535479235816800792e-01,-2.727577895536850705e-01,-3.286356334212193336e-02,-2.193982818944734403e-01,9.394782445135406446e-02,-5.281856403723984572e-01,5.275700585298305212e-01,-2.116904211789249757e-01,6.196691623036935104e-01,1.000000000000000000e+00,4.142419458300539703e-01,7.053287125292387327e-02,-1.081878523581690649e-01,-3.135204330621416124e-02,2.602362256323048628e-01,-1.168180837662647770e-01,4.924720742064889190e-01,4.682639290871912219e-02,4.947717086974198208e-01,3.981831368279513117e-01,5.398862287637276047e-01,1.134642665944509965e-01,1.468878625228853090e-02,1.647305584085315411e-01,2.362909158811292987e-01,1.826664985452199630e-01,5.247303564832561662e-02,7.543127520799261521e-02,5.911640321556627109e-01,4.738798929424706818e-01
4.740589780823796229e-01,3.244537897756913924e-01,4.872077915460468756e-01,1.469384029505314826e-01,4.762663969653394003e-01,1.644097370982532391e-01,1.095110471525868739e-01,-4.675209648285761355e-01,4.314732897270719958e-01,2.955570769105017037e-01,-5.597012686799316544e-02,-1.134950485603345403e-02,-3.578218879641514166e-02,3.696784842188923781e-01,-2.136155445272097664e-01,3.811370461658984410e-01,3.175308810262535836e-02,4.519328266465685862e-01,4.142419458300539703e-01,1.000000000000000000e+00,3.751489001513388932e-01,1.388842233772846491e-01,2.451579480077170359e-01,4.685184773627376065e-01,1.469078386050514384e-01,5.306915167052220772e-01,2.122617132855497413e-01,5.594311274642498333e-01,5.327195667485414843e-01,3.445717312755448569e-01,2.932799018294797166e-01,1.550567915405447195e-01,4.033102394866232565e-01,2.908683742191360277e-01,3.660888467539759050e-01,3.136262551319105585e-01,3.706277547760418734e-01,4.177609625356561995e-01,3.505462892891298421e-01
5.707884950198981872e-02,1.742042334625427957e-01,5.717973431031306841e-01,-1.206555115387810129e-01,5.218294241327187111e-01,5.118430300086684870e-01,1.339570901421431037e-01,-5.665319829384188877e-01,1.181721294154214619e-01,1.542371777255645976e-02,2.659187604673926564e-01,-1.984129387054090476e-01,1.983684536819939337e-01,4.670372838848539931e-01,1.859404661094914970e-03,5.425646858504727665e-02,3.520317209763411670e-01,1.871058366724993316e-01,7.053287125292387327e-02,3.751489001513388932e-01,1.000000000000000000e+00,3.924515593456469609e-01,4.380714081139796545e-01,5.210907396366861732e-01,3.632264853547971795e-01,3.360344770927027325e-01,2.495268579664445818e-01,3.869140464176790140e-01,4.260593073858232049e-01,-3.098600114157998298e-02,4.133138834075245627e-01,2.369671067166868872e-01,4.507199505641134585e-01,2.627236153846617683e-01,9.891661352802062768e-02,3.261311525758748275e-01,3.119502595184428517e-01,2.652793112270153755e-02,1.231672722362637251e-01
-4.425997235675355745e-01,5.658061205919534542e-01,4.222754885248347634e-01,-5.176306997976922730e-01,4.023969071460620772e-01,5.421058585557387843e-01,7.393699002992256686e-01,-3.817106180882198219e-01,-3.631759032620333894e-02,1.322440868689409021e-01,7.308051391305598887e-01,2.770627005095034900e-01,8.443039464332143806e-01,7.368081434074210678e-01,4.706051188270363173e-01,-4.825278314945169456e-01,5.984845769079483180e-01,-7.556628943294714518e-02,-1.081878523581690649e-01,1.388842233772846491e-01,3.924515593456469609e-01,1.000000000000000000e+00,7.292803890212868900e-01,4.328798345260668201e-01,7.486311263631966195e-01,6.498774222213832968e-03,7.938914056459109858e-01,2.279756888381352653e-01,2.447553960046578159e-01,-2.717683704100412045e-01,6.213336533971408615e-01,8.153344823058304991e-01,6.543196165358043936e-01,3.907111686898422920e-01,5.575507496945997232e-01,6.456020160978017675e-01,6.697531904988166529e-01,-3.590925218213911752e-01,2.996514482727406503e-01
-3.267107425665833342e-01,3.952736209179028570e-01,5.183456750161208326e-01,-4.866744057508819998e-01,4.317637613082097037e-01,5.339601036477960028e-01,5.476188744306866862e-01,-4.904589556309751908e-01,-2.901017132004623383e-02,1.024137522129352912e-01,6.513360121467304253e-01,9.844655415276493127e-02,6.731410348907205243e-01,7.743315569090106765e-01,3.751709353011525305e-01,-2.950171216593597268e-01,6.382299241834432646e-01,-3.592470749021550724e-02,-3.135204330621416124e-02,2.451579480077170359e-01,4.380714081139796545e-01,7.292803890212868900e-01,1.000000000000000000e+00,6.277374742827249721e-01,8.446968747367868957e-01,1.895945312765436042e-01,7.233105088046407616e-01,3.725940539561710119e-01,4.240172937184285562e-01,-1.823645911388654117e-01,5.799602592320224348e-01,6.977412599868610954e-01,6.496618449464333089e-01,3.307622407750185345e-01,4.416890261939200868e-01,7.166396652537108114e-01,6.458934125649117286e-01,-3.288681935960691693e-01,2.006619040469292126e-01
1.336753901577365788e-01,3.795686510866276842e-01,6.392704484378238794e-01,-1.346426714257660806e-01,6.151694623419644570e-01,4.236361760880657523e-01,2.880159968630619516e-01,-6.204680987378020651e-01,3.172475840067831565e-01,3.031168239919320162e-01,2.416015710259468430e-01,8.536007213351028133e-02,2.981652070066894145e-01,6.649165266228254101e-01,2.198887421200841283e-02,1.317798670066724909e-01,2.601761678757668061e-01,3.061356544614837194e-01,2.602362256323048628e-01,4.685184773627376065e-01,5.210907396366861732e-01,4.328798345260668201e-01,6.277374742827249721e-01,1.000000000000000000e+00,5.507635921232107989e-01,4.546095024785322680e-01,4.920724559126351538e-01,4.858915960537908418e-01,5.873305012809340031e-01,2.049826614613879383e-01,5.012224378408998149e-01,4.749569709008641949e-01,5.973115466375690241e-01,4.385716466590920959e-01,3.895855414591930521e-01,6.032026119894344784e-01,5.243322562546465226e-01,1.457444074231795395e-01,3.874282221941795501e-01
-4.534813092085109298e-01,3.238655345929115636e-01,4.211334314408183843e-01,-5.313703000683606126e-01,3.196855787354591638e-01,4.662777513208515301e-01,5.795299994895574125e-01,-4.013380132205167650e-01,-1.590186776961703408e-01,6.357197910987939793e-02,7.030398814459021262e-01,1.829422453506308888e-01,7.369253994064371982e-01,7.144710510529675984e-01,4.525698587357398495e-01,-4.486581706253540691e-01,6.077863481894790754e-01,-1.184341466649344171e-01,-1.168180837662647770e-01,1.469078386050514384e-01,3.632264853547971795e-01,7.486311263631966195e-01,8.446968747367868957e-01,5.507635921232107989e-01,1.000000000000000000e+00,1.060010948626996657e-01,7.571507142161397752e-01,2.818370972770672944e-01,2.874553198137141941e-01,-2.963491290461737759e-01,5.490160125414141890e-01,7.029431125150547022e-01,5.877354620484562808e-01,2.925585422203094699e-01,4.526001084075744751e-01,6.781499874062258959e-01,6.327230290051976125e-01,-4.252118784464364865e-01,1.183847941653972807e-01
6.435538851866975385e-01,3.805179546465736196e-01,6.256892434274688997e-01,3.780410101445423887e-01,6.230206619075039365e-01,-1.064874084167147378e-01,-4.476602669399509793e-02,-6.404403107540760365e-01,6.676515356879271224e-01,4.684465854912152061e-01,-2.346110653309351202e-01,6.937173084869845130e-02,-1.158999466304566489e-01,2.698449007102995401e-01,-5.505325255534418982e-01,5.519953093270931754e-01,-2.014865323548331588e-01,7.468134789318718880e-01,4.924720742064889190e-01,5.306915167052220772e-01,3.360344770927027325e-01,6.498774222213832968e-03,1.895945312765436042e-01,4.546095024785322680e-01,1.060010948626996657e-01,1.000000000000000000e+00,2.643505891914562644e-01,6.624071776851202520e-01,6.592883814936858489e-01,4.914903871209481134e-01,2.227143426390871817e-01,1.862685998544814370e-01,4.223879461016377679e-01,3.880267300488822180e-01,3.039041867908856553e-01,3.899733723858465062e-01,2.319280455089647031e-01,6.257441238015174489e-01,5.877984533761471120e-01
-2.510464456372679121e-01,6.640139679996817090e-01,4.248511093246145620e-01,-4.447814360981338089e-01,4.688870928515144199e-01,3.592738099755782843e-01,6.879154113548489047e-01,-3.951876848204390891e-01,1.119240876091449899e-01,2.437481715210612909e-01,6.089580115277791750e-01,3.708730654779375246e-01,8.070612350082260189e-01,7.197462720409574244e-01,3.439107921095946874e-01,-3.641925125353839277e-01,4.470340345131026960e-01,1.498181794382256182e-01,4.682639290871912219e-02,2.122617132855497413e-01,2.495268579664445818e-01,7.938914056459109858e-01,7.233105088046407616e-01,4.920724559126351538e-01,7.571507142161397752e-01,2.643505891914562644e-01,1.000000000000000000e+00,3.989865924898725602e-01,3.737771766097478521e-01,-1.359857854900399232e-01,6.379660005810278145e-01,8.618649914935697653e-01,6.422482649868692661e-01,4.411020533280330946e-01,7.347106717053741853e-01,7.343824009943785702e-01,7.641532058291872209e-01,-1.709682673980313372e-01,4.476522538501798709e-01
4.539418300358119551e-01,3.569938887284081486e-01,5.909633580091255833e-01,8.420436937347924866e-03,6.320321303698837045e-01,2.063799326852430727e-01,1.471513220466329486e-01,-5.626222777315733614e-01,5.592319483412373504e-01,3.551309877963597095e-01,1.179766491508912468e-01,-4.649706065648238212e-02,9.991967530273719589e-02,4.294161458075019255e-01,-3.120660608612900733e-01,3.981103030970307155e-01,2.098998032293081517e-01,5.128066189068871683e-01,4.947717086974198208e-01,5.594311274642498333e-01,3.869140464176790140e-01,2.279756888381352653e-01,3.725940539561710119e-01,4.858915960537908418e-01,2.818370972770672944e-01,6.624071776851202520e-01,3.989865924898725602e-01,1.000000000000000000e+00,7.795487598516788186e-01,4.299829984790895510e-01,4.932152010472472536e-01,3.631871145800402156e-01,5.732980036721491146e-01,4.131330337379941486e-01,3.257629424017097208e-01,4.774706003427232615e-01,3.578294553122269295e-01,3.675409414135210606e-01,4.530300672365637493e-01
4.530335306273054474e-01,3.938759680204180769e-01,6.359524799939170192e-01,-4.416514900330787557e-02,6.893711356928025058e-01,3.094346080825512435e-01,9.337511413579986652e-02,-6.076177129501827423e-01,5.718489622850773113e-01,3.336060719508103234e-01,1.356963777500832247e-01,-1.205404894301762564e-01,9.683180328562535077e-02,5.494736877075014903e-01,-2.293898794509525163e-01,3.711644551559913907e-01,2.458122218875103682e-01,4.963080340898538001e-01,3.981831368279513117e-01,5.327195667485414843e-01,4.260593073858232049e-01,2.447553960046578159e-01,4.240172937184285562e-01,5.873305012809340031e-01,2.874553198137141941e-01,6.592883814936858489e-01,3.737771766097478521e-01,7.795487598516788186e-01,1.000000000000000000e+00,4.157747507762218353e-01,5.273971121354519287e-01,4.157413231575098345e-01,6.284213084225848123e-01,4.916042065853532539e-01,3.132548562858373797e-01,5.822052271859877726e-01,4.326446126917979362e-01,3.675177049331909696e-01,4.893435309466298566e-01
7.419333587288745591e-01,2.711414201653179479e-01,3.848826569875490877e-01,5.422333336296391026e-01,4.692142311629413642e-01,-1.248824649436077044e-01,-2.440870225175703623e-02,-3.580578474312724468e-01,7.975968935553957584e-01,6.906909207892955038e-01,-3.766299272151247823e-01,2.171437824142420370e-01,-3.911809130382084554e-01,-1.062901181431421399e-02,-5.848052521221951405e-01,8.075516675513677578e-01,-2.884485938645228731e-01,5.428895220274362332e-01,5.398862287637276047e-01,3.445717312755448569e-01,-3.098600114157998298e-02,-2.717683704100412045e-01,-1.823645911388654117e-01,2.049826614613879383e-01,-2.963491290461737759e-01,4.914903871209481134e-01,-1.359857854900399232e-01,4.299829984790895510e-01,4.157747507762218353e-01,1.000000000000000000e+00,2.381564868801218718e-02,-5.983406232986921564e-02,9.687537046273560215e-02,3.476974438175833848e-01,-1.911835498094384411e-02,1.166173372890538275e-02,-1.623436905625439131e-01,7.422435319864062464e-01,5.651208459150666163e-01
-5.061070977400252552e-02,5.268447246597686151e-01,4.641580493294155674e-01,-4.254215531856361809e-01,5.267087702877119026e-01,5.706629875104511918e-01,5.412845561424525220e-01,-4.132259696526469073e-01,1.927990264269907050e-01,2.580836161284744690e-01,5.860043129019435471e-01,9.630302215017465250e-02,5.543527843023683399e-01,6.817006086779504592e-01,2.394887498421624239e-01,-1.577960374247517616e-01,5.042498155349386391e-01,1.406285078017713019e-01,1.134642665944509965e-01,2.932799018294797166e-01,4.133138834075245627e-01,6.213336533971408615e-01,5.799602592320224348e-01,5.012224378408998149e-01,5.490160125414141890e-01,2.227143426390871817e-01,6.379660005810278145e-01,4.932152010472472536e-01,5.273971121354519287e-01,2.381564868801218718e-02,1.000000000000000000e+00,6.644453141509381044e-01,6.254039898926476715e-01,3.302405754571602348e-01,4.310702920736515509e-01,6.518645189097215242e-01,5.943333800439467574e-01,-5.971613164980001803e-02,3.331681501661727385e-01
-2.519595967274286252e-01,7.097351535395063360e-01,4.404554573631665471e-01,-4.482473753416583162e-01,4.795541616144756714e-01,4.531462279165637264e-01,7.363511760578532739e-01,-4.013026445775743634e-01,1.676855796431520329e-01,3.043463305257967377e-01,6.417776431197990128e-01,3.885606460238004156e-01,8.094085457556983165e-01,7.458878915198968729e-01,3.623542588399794595e-01,-3.390388635249110272e-01,4.933617875777479567e-01,1.088754654667577343e-01,1.468878625228853090e-02,1.550567915405447195e-01,2.369671067166868872e-01,8.153344823058304991e-01,6.977412599868610954e-01,4.749569709008641949e-01,7.029431125150547022e-01,1.862685998544814370e-01,8.618649914935697653e-01,3.631871145800402156e-01,4.157413231575098345e-01,-5.983406232986921564e-02,6.644453141509381044e-01,1.000000000000000000e+00,6.595673252506585316e-01,4.831046739599321738e-01,6.772789245485657528e-01,7.399143851226905877e-01,7.213090642899843141e-01,-1.685588141777168425e-01,4.921778028268307126e-01
5.221351130514859107e-02,5.248060846068459684e-01,7.462994466956306416e-01,-1.939566948197417873e-01,6.847383358319169000e-01,3.767970639285780909e-01,4.688944392299456698e-01,-7.119185132988190556e-01,3.779753811859804524e-01,3.185512367342406281e-01,3.910645269380431110e-01,1.396143360625725083e-01,4.978058677932412079e-01,7.481488393799885506e-01,8.247545788523827359e-02,1.858550398097115052e-04,3.721733858085680136e-01,2.751328950125599970e-01,1.647305584085315411e-01,4.033102394866232565e-01,4.507199505641134585e-01,6.543196165358043936e-01,6.496618449464333089e-01,5.973115466375690241e-01,5.877354620484562808e-01,4.223879461016377679e-01,6.422482649868692661e-01,5.732980036721491146e-01,6.284213084225848123e-01,9.687537046273560215e-02,6.254039898926476715e-01,6.595673252506585316e-01,1.000000000000000000e+00,6.111677004343342157e-01,5.016979503739453783e-01,7.044346248809559841e-01,5.640609875299251730e-01,6.462397795518071142e-02,4.750018314047437240e-01
2.034272605183586047e-01,5.053706072024368723e-01,5.738049694684708157e-01,-1.301298742994129974e-02,6.825952951425380277e-01,1.331872063874700307e-01,3.186862834489169183e-01,-5.366112888990545171e-01,5.321779279566072329e-01,3.940673816523393991e-01,1.142501752693815403e-01,2.302200494783117335e-01,3.136033829214174284e-01,5.290218225371779992e-01,4.865507087297246507e-03,1.725944507479484080e-01,1.280035484445314897e-01,2.746080845853112185e-01,2.362909158811292987e-01,2.908683742191360277e-01,2.627236153846617683e-01,3.907111686898422920e-01,3.307622407750185345e-01,4.385716466590920959e-01,2.925585422203094699e-01,3.880267300488822180e-01,4.411020533280330946e-01,4.131330337379941486e-01,4.916042065853532539e-01,3.476974438175833848e-01,3.302405754571602348e-01,4.831046739599321738e-01,6.111677004343342157e-01,1.000000000000000000e+00,4.054023254981336533e-01,4.410660067451357413e-01,3.734073677430109206e-01,2.931991757471572591e-01,5.632957580404501785e-01
-3.811196789653722820e-03,6.973003387619342019e-01,3.163489576761266409e-01,-2.135786547882742303e-01,4.045886792715495117e-01,9.487352891396459709e-02,5.273289469747497460e-01,-3.003492850273246639e-01,2.440389227758286983e-01,2.558228278384846455e-01,2.388221986354605586e-01,4.075894085885525264e-01,5.686777502009733309e-01,5.111728138313229586e-01,1.765600921966199444e-01,-1.997747697905448427e-01,7.747733576667908961e-02,3.165476647038640845e-01,1.826664985452199630e-01,3.660888467539759050e-01,9.891661352802062768e-02,5.575507496945997232e-01,4.416890261939200868e-01,3.895855414591930521e-01,4.526001084075744751e-01,3.039041867908856553e-01,7.347106717053741853e-01,3.257629424017097208e-01,3.132548562858373797e-01,-1.911835498094384411e-02,4.310702920736515509e-01,6.772789245485657528e-01,5.016979503739453783e-01,4.054023254981336533e-01,1.000000000000000000e+00,5.755287420699496392e-01,7.754924700399419280e-01,8.508140195183866439e-02,5.233627577264687858e-01
-3.912048918261930297e-02,5.742976621025848161e-01,5.343202960678118396e-01,-3.447602123214548175e-01,5.123636264897644121e-01,4.221948039812578046e-01,5.083402631394435822e-01,-5.026726724124584988e-01,2.607834190779587114e-01,3.159207630903683728e-01,5.022028920339073332e-01,2.132351365345959426e-01,5.937965192477598908e-01,7.423832555171622216e-01,2.127374113585527027e-01,-1.567511209879136613e-01,4.204493964250041738e-01,1.811135234306471553e-01,5.247303564832561662e-02,3.136262551319105585e-01,3.261311525758748275e-01,6.456020160978017675e-01,7.166396652537108114e-01,6.032026119894344784e-01,6.781499874062258959e-01,3.899733723858465062e-01,7.343824009943785702e-01,4.774706003427232615e-01,5.822052271859877726e-01,1.166173372890538275e-02,6.518645189097215242e-01,7.399143851226905877e-01,7.044346248809559841e-01,4.410660067451357413e-01,5.755287420699496392e-01,1.000000000000000000e+00,6.963736335936744348e-01,-5.778119185974849026e-02,4.158907086029309808e-01
-1.608911496474860758e-01,5.752372055853328670e-01,3.326501798120649611e-01,-4.697755632908026113e-01,4.076433453202519819e-01,4.185352981042512188e-01,5.473939001756161771e-01,-3.012407043265599715e-01,6.006521013662784181e-02,9.895272827529510984e-02,5.217875704621741662e-01,1.310600846350851445e-01,6.662356607679708054e-01,6.589910453272849189e-01,3.659145708209117220e-01,-3.193032254732683373e-01,4.324741429410089988e-01,1.162742671247987830e-01,7.543127520799261521e-02,3.706277547760418734e-01,3.119502595184428517e-01,6.697531904988166529e-01,6.458934125649117286e-01,5.243322562546465226e-01,6.327230290051976125e-01,2.319280455089647031e-01,7.641532058291872209e-01,3.578294553122269295e-01,4.326446126917979362e-01,-1.623436905625439131e-01,5.943333800439467574e-01,7.213090642899843141e-01,5.640609875299251730e-01,3.734073677430109206e-01,7.754924700399419280e-01,6.963736335936744348e-01,1.000000000000000000e+00,-1.294804169552866979e-01,3.397390916238570702e-01
8.516401301519467282e-01,2.899490493615791142e-01,3.235377543302612735e-01,6.279212280013881653e-01,4.314548652733424250e-01,-2.872232945290236206e-01,-2.110565248513834868e-01,-3.295514668256130375e-01,7.662526536389592247e-01,5.058324589573720553e-01,-5.547913677421942857e-01,1.386391820505700201e-01,-4.613784632854777135e-01,-9.428628351509116268e-02,-6.546220170737392374e-01,7.616668100254270213e-01,-4.992982305129355924e-01,7.243878070602247643e-01,5.911640321556627109e-01,4.177609625356561995e-01,2.652793112270153755e-02,-3.590925218213911752e-01,-3.288681935960691693e-01,1.457444074231795395e-01,-4.252118784464364865e-01,6.257441238015174489e-01,-1.709682673980313372e-01,3.675409414135210606e-01,3.675177049331909696e-01,7.422435319864062464e-01,-5.971613164980001803e-02,-1.685588141777168425e-01,6.462397795518071142e-02,2.931991757471572591e-01,8.508140195183866439e-02,-5.778119185974849026e-02,-1.294804169552866979e-01,1.000000000000000000e+00,5.678203821781744320e-01
4.509104955810305793e-01,7.468130479860813908e-01,5.742022933307588950e-01,2.569026833973231949e-01,6.893268251447655093e-01,8.664605538673614965e-03,3.886652758948763720e-01,-5.609181391492731317e-01,7.601067798755861693e-01,6.723551772072451360e-01,-4.645316144205348385e-02,4.461647022423025355e-01,1.859254631261653690e-01,3.778640406101191340e-01,-3.293892848988875244e-01,3.743446519522272142e-01,-1.145349733304421164e-01,6.475193339474737408e-01,4.738798929424706818e-01,3.505462892891298421e-01,1.231672722362637251e-01,2.996514482727406503e-01,2.006619040469292126e-01,3.874282221941795501e-01,1.183847941653972807e-01,5.877984533761471120e-01,4.476522538501798709e-01,4.530300672365637493e-01,4.893435309466298566e-01,5.651208459150666163e-01,3.331681501661727385e-01,4.921778028268307126e-01,4.750018314047437240e-01,5.632957580404501785e-01,5.233627577264687858e-01,4.158907086029309808e-01,3.397390916238570702e-01,5.678203821781744320e-01,1.000000000000000000e+00
