1.000000000000000000e+00,9.416539088515757383e-01,9.565198146091534737e-01,9.460627900469524842e-01,9.432853808863548295e-01,8.898406747703974107e-01,9.640887346640689692e-01,9.362279092424495852e-01,9.451180941226233756e-01,9.166509821831920757e-01,9.382636642243481484e-01,9.378283964684616114e-01,8.884287860671247206e-01,8.554888587512172737e-01,9.628307751977778217e-01,9.488872544724954450e-01,8.689485890291657189e-01,9.137176323163535008e-01,8.959396228596403500e-01,9.340775329090963419e-01,8.724861980805140860e-01,9.166378820605497468e-01,8.742958695150934156e-01,8.750237076243176926e-01,9.642190266187697922e-01,8.761165784632796161e-01,9.521762801325323045e-01,9.191801898336317000e-01,8.746762466490809462e-01,8.662116802980591723e-01,9.442885752179610570e-01,8.678191371866879056e-01,9.525399095917794767e-01,8.700056075714135417e-01,9.557663444031769817e-01,9.137101493300398003e-01,8.766912535248438942e-01,8.598461845211751164e-01,9.490999656341798651e-01
9.416539088515757383e-01,1.000000000000000000e+00,9.594979823357931981e-01,9.795676227699307015e-01,9.843402090941469895e-01,9.280167416807608705e-01,9.487452319854051686e-01,9.792275656534857875e-01,9.741052744739107094e-01,9.533617524073519922e-01,9.786831427832636265e-01,9.791954810567721212e-01,9.296644428472384813e-01,8.744403306885452087e-01,9.471810674873163416e-01,9.731299041424156249e-01,8.868022956599788120e-01,9.477532498305564213e-01,9.364834432507623818e-01,9.746610571210595486e-01,9.035619736416973247e-01,9.502163742200417929e-01,8.968913304493986161e-01,9.022360657993250266e-01,9.484520303734811364e-01,9.009074313937993628e-01,9.676898775584432677e-01,9.549486316678651443e-01,9.007032301039286093e-01,8.854060956033995566e-01,9.811598211867799124e-01,8.861116568877921429e-01,9.654457696220265506e-01,9.031232086944033233e-01,9.578539399872797455e-01,9.471050269742556926e-01,9.019149609961574221e-01,8.724576510701500531e-01,9.732977862529793578e-01
9.565198146091534737e-01,9.594979823357931981e-01,1.000000000000000000e+00,9.644975897772001261e-01,9.616304311860102150e-01,9.020153384612964453e-01,9.721289522629977808e-01,9.531616881029185695e-01,9.645757401327774705e-01,9.323272721442297239e-01,9.525809509093112748e-01,9.530745886184673887e-01,9.052249575761820433e-01,8.583121071843332617e-01,9.728036626790645958e-01,9.691412068647893285e-01,8.692894172563240263e-01,9.265053078980188817e-01,9.110245457894470267e-01,9.480286148599009755e-01,8.814305512107891705e-01,9.305081351373711840e-01,8.763363012518531336e-01,8.777404003783053632e-01,9.730648235831531601e-01,8.816598726214258663e-01,9.777184790076137721e-01,9.334317756933192545e-01,8.781875938575244289e-01,8.663252042421194510e-01,9.637934595467385623e-01,8.686218442380230220e-01,9.805710983096140865e-01,8.785811595160999410e-01,9.849312538871255462e-01,9.255703340447115623e-01,8.792470364657407611e-01,8.561933655780444852e-01,9.676583910982473613e-01
9.460627900469524842e-01,9.795676227699307015e-01,9.644975897772001261e-01,1.000000000000000000e+00,9.817631060641028862e-01,9.214355167804437752e-01,9.570673774201106099e-01,9.723719064785170119e-01,9.800875612289090544e-01,9.485030710407164056e-01,9.721025774451473866e-01,9.719479155562233963e-01,9.251724669070925389e-01,8.710275520403689686e-01,9.559633073695881222e-01,9.785801762130520443e-01,8.827587876565210490e-01,9.422633099237094356e-01,9.306878938068715579e-01,9.672648143165404333e-01,8.973532531494473607e-01,9.454852141192897630e-01,8.925536034730300328e-01,8.969658560621062149e-01,9.571704250290241633e-01,8.965576610245845623e-01,9.733710662373670219e-01,9.492828994751664196e-01,8.949222197650561483e-01,8.796933216351963125e-01,9.855188566720852750e-01,8.807195013891765401e-01,9.699953056543539898e-01,8.957914900037315942e-01,9.637964082073045002e-01,9.412030851486573590e-01,8.962126129690817233e-01,8.695493977599992874e-01,9.785045294017528095e-01
9.432853808863548295e-01,9.843402090941469895e-01,9.616304311860102150e-01,9.817631060641028862e-01,1.000000000000000000e+00,9.259235337019220413e-01,9.513541384594714767e-01,9.775450884030522092e-01,9.764407129467517210e-01,9.487390758159283122e-01,9.766860682608174971e-01,9.768633371895609763e-01,9.279448821651363755e-01,8.713425781696648720e-01,9.498719971905676962e-01,9.751551170229612042e-01,8.844530512391802768e-01,9.442015884720714736e-01,9.339236629206350004e-01,9.727250842621927296e-01,8.988891304719346387e-01,9.454996669798764186e-01,8.943131288045561567e-01,8.988179067900802233e-01,9.513475602663229447e-01,8.967800563519082724e-01,9.695072893149181414e-01,9.504942849950831496e-01,8.961674258590509590e-01,8.820956799858941100e-01,9.830668530135627803e-01,8.826291066146233488e-01,9.667950826544110532e-01,8.974800598806901286e-01,9.603386539264479049e-01,9.428924269476950393e-01,8.985329852245261817e-01,8.706179316145545855e-01,9.753049423433330922e-01
8.898406747703974107e-01,9.280167416807608705e-01,9.020153384612964453e-01,9.214355167804437752e-01,9.259235337019220413e-01,1.000000000000000000e+00,8.939640859557503871e-01,9.329249046974621429e-01,9.157697019444535069e-01,9.497460537090444133e-01,9.336205788598003208e-01,9.330859500893715630e-01,9.836945311924779611e-01,9.212514559124578284e-01,8.910491809614230485e-01,9.130920191238539596e-01,9.319718121229797481e-01,9.584583952228625803e-01,9.684012076008011727e-01,9.348307030583780097e-01,9.601542661912495502e-01,9.498551451739023488e-01,9.431832777624188369e-01,9.455041472418863613e-01,8.936616035037588945e-01,9.524244756760076314e-01,9.096812568179069025e-01,9.503674792130808457e-01,9.521314673434119191e-01,9.316297880850427093e-01,9.242941227411445304e-01,9.296076060757059167e-01,9.085229849726591533e-01,9.596658346692342745e-01,8.999277066271907932e-01,9.553787845787462540e-01,9.453484054632967926e-01,9.094143553550421144e-01,9.139630516256874726e-01
9.640887346640689692e-01,9.487452319854051686e-01,9.721289522629977808e-01,9.570673774201106099e-01,9.513541384594714767e-01,8.939640859557503871e-01,1.000000000000000000e+00,9.430003021512471939e-01,9.539514545190492800e-01,9.252581530212682370e-01,9.425120502475036188e-01,9.434153208598401452e-01,8.970380441161309726e-01,8.505331974650078841e-01,9.855885472014324078e-01,9.585854356477052640e-01,8.615300657241543592e-01,9.183519983390848740e-01,9.020065426571677314e-01,9.377409124233285764e-01,8.730906045278010730e-01,9.241264873844581285e-01,8.723223966462513301e-01,8.726774887563710781e-01,9.858257257479112745e-01,8.746614169931340443e-01,9.654099485523363056e-01,9.257128654588355765e-01,8.708327731526724902e-01,8.585172997623430335e-01,9.549477612918249037e-01,8.609497945140520692e-01,9.682243741971812145e-01,8.727902340644407841e-01,9.745396897782153678e-01,9.181401119763216156e-01,8.744269117440470751e-01,8.500251442620270215e-01,9.578071345374392642e-01
9.362279092424495852e-01,9.792275656534857875e-01,9.531616881029185695e-01,9.723719064785170119e-01,9.775450884030522092e-01,9.329249046974621429e-01,9.430003021512471939e-01,1.000000000000000000e+00,9.664801561705679278e-01,9.553878049057300537e-01,9.839834757723440184e-01,9.851239129692520580e-01,9.339358372799170249e-01,8.729702643491128455e-01,9.411435037557471794e-01,9.663683358725290162e-01,8.870755803535274042e-01,9.483958339846543240e-01,9.416089456156325754e-01,9.815847414203041632e-01,9.055178423620451333e-01,9.515825684148886410e-01,8.981640864955749981e-01,9.016843453384159046e-01,9.426809558878854745e-01,9.006557063498843441e-01,9.626524119699364501e-01,9.567922658619218979e-01,9.006177238515113981e-01,8.861485267533446564e-01,9.743812687369739489e-01,8.859241763077273513e-01,9.609779220051978266e-01,9.065174343733410911e-01,9.522635333434230631e-01,9.487717786348740523e-01,9.025537801909991886e-01,8.709462688729514568e-01,9.671362834709322787e-01
9.451180941226233756e-01,9.741052744739107094e-01,9.645757401327774705e-01,9.800875612289090544e-01,9.764407129467517210e-01,9.157697019444535069e-01,9.539514545190492800e-01,9.664801561705679278e-01,1.000000000000000000e+00,9.397068889576992712e-01,9.653637763423685847e-01,9.656671569995087800e-01,9.191899161180626665e-01,8.685217527376905000e-01,9.537728067840148816e-01,9.814488350669676731e-01,8.820850912403643829e-01,9.349290348355243641e-01,9.241898800780318224e-01,9.604189629625273783e-01,8.956366026921094292e-01,9.368441943318334131e-01,8.891071546489663913e-01,8.939961025218451374e-01,9.538673855225477949e-01,8.953801450541130080e-01,9.749581279018879609e-01,9.410298379784634015e-01,8.938746343913305248e-01,8.793691039818151145e-01,9.798539485751929234e-01,8.792958954192379162e-01,9.701617063775395122e-01,8.930678976711219352e-01,9.636671291958399665e-01,9.325278592610322104e-01,8.930353611026270455e-01,8.679284524761774477e-01,9.812372520846144308e-01
9.166509821831920757e-01,9.533617524073519922e-01,9.323272721442297239e-01,9.485030710407164056e-01,9.487390758159283122e-01,9.497460537090444133e-01,9.252581530212682370e-01,9.553878049057300537e-01,9.397068889576992712e-01,1.000000000000000000e+00,9.573632604741965091e-01,9.579302709688148898e-01,9.516661027058894717e-01,8.829956058057136792e-01,9.241545054695576855e-01,9.389194940993919047e-01,8.994860467328937847e-01,9.764536465654026776e-01,9.660114614009031042e-01,9.616093855985947680e-01,9.227925687574877189e-01,9.844821766238520677e-01,9.076511936372341216e-01,9.124620954411524210e-01,9.246646164185751138e-01,9.156445516282222252e-01,9.381220042089203348e-01,9.856560668030992511e-01,9.130318631860103729e-01,8.963189813774714576e-01,9.499544152841952194e-01,8.973122867111843481e-01,9.392614425852275906e-01,9.242407772120263543e-01,9.312197070951243605e-01,9.772196661146951291e-01,9.126820894144004326e-01,8.729176850712554447e-01,9.387076165830651187e-01
9.382636642243481484e-01,9.786831427832636265e-01,9.525809509093112748e-01,9.721025774451473866e-01,9.766860682608174971e-01,9.336205788598003208e-01,9.425120502475036188e-01,9.839834757723440184e-01,9.653637763423685847e-01,9.573632604741965091e-01,1.000000000000000000e+00,9.845826424736032756e-01,9.343481516335306880e-01,8.713321362270933790e-01,9.403170547475202534e-01,9.649020834563335480e-01,8.869587732247672385e-01,9.506266278134323233e-01,9.423824712700233919e-01,9.817810661307797560e-01,9.072217184110243915e-01,9.540280251845245640e-01,8.988010054507598046e-01,9.026930306880022181e-01,9.421546131358063958e-01,9.029439495183207987e-01,9.620713981520319091e-01,9.589653009633092307e-01,9.028442833794109168e-01,8.856855782984479619e-01,9.740964102914310141e-01,8.858498947891860764e-01,9.606472549137522465e-01,9.080924831814436438e-01,9.514564523860340461e-01,9.510689910534019242e-01,9.033982170989178773e-01,8.678842560231435632e-01,9.653083200729093427e-01
9.378283964684616114e-01,9.791954810567721212e-01,9.530745886184673887e-01,9.719479155562233963e-01,9.768633371895609763e-01,9.330859500893715630e-01,9.434153208598401452e-01,9.851239129692520580e-01,9.656671569995087800e-01,9.579302709688148898e-01,9.845826424736032756e-01,1.000000000000000000e+00,9.338066221800372935e-01,8.718494193616187493e-01,9.414977990344473024e-01,9.655893005064434265e-01,8.860635948820823060e-01,9.506703571739619774e-01,9.421645898451305179e-01,9.821755931542476281e-01,9.065509556157932414e-01,9.546559963751755085e-01,8.979656864037072195e-01,9.015097348863228000e-01,9.429730358517761646e-01,9.016027649149533918e-01,9.625599789927787864e-01,9.593345573340221755e-01,9.010559358984063794e-01,8.847122844558832355e-01,9.739428702166680329e-01,8.856666118486742345e-01,9.610964591451036654e-01,9.075854511540230041e-01,9.522736554078419235e-01,9.508835731127461832e-01,9.025021659626840664e-01,8.694578404139289285e-01,9.662659160939827130e-01
8.884287860671247206e-01,9.296644428472384813e-01,9.052249575761820433e-01,9.251724669070925389e-01,9.279448821651363755e-01,9.836945311924779611e-01,8.970380441161309726e-01,9.339358372799170249e-01,9.191899161180626665e-01,9.516661027058894717e-01,9.343481516335306880e-01,9.338066221800372935e-01,1.000000000000000000e+00,9.149964393250362704e-01,8.947277144882935795e-01,9.170350813939105450e-01,9.256327234920390667e-01,9.595521773894895023e-01,9.712473155531333724e-01,9.355037702699081636e-01,9.569584158587476352e-01,9.525333484864545452e-01,9.380974149790695105e-01,9.412438586926770157e-01,8.966037325738962505e-01,9.485213998592800788e-01,9.135334210774054275e-01,9.524148280108417630e-01,9.481501439731369052e-01,9.245201898437086507e-01,9.272574367806911688e-01,9.221347974410580850e-01,9.120434335689034944e-01,9.567805697098951123e-01,9.028816612724700486e-01,9.574433357443002945e-01,9.403534177123747950e-01,9.029315874832669619e-01,9.176936578647703069e-01
8.554888587512172737e-01,8.744403306885452087e-01,8.583121071843332617e-01,8.710275520403689686e-01,8.713425781696648720e-01,9.212514559124578284e-01,8.505331974650078841e-01,8.729702643491128455e-01,8.685217527376905000e-01,8.829956058057136792e-01,8.713321362270933790e-01,8.718494193616187493e-01,9.149964393250362704e-01,1.000000000000000000e+00,8.482380327790703944e-01,8.673538515835327312e-01,9.711269204606993721e-01,8.945598555013785091e-01,8.968207224674247247e-01,8.702202978218656071e-01,9.292009032588737227e-01,8.845428335022260669e-01,9.610551090152305020e-01,9.542883477897365907e-01,8.497479734923110151e-01,9.466694941188303902e-01,8.631113634897735754e-01,8.812713876468255547e-01,9.455796486667691347e-01,9.749762529287125945e-01,8.728060351139964590e-01,9.771181547484200092e-01,8.601055592701331021e-01,9.271753696985448601e-01,8.549217791178391757e-01,8.944061564518821505e-01,9.582238059117383910e-01,9.735240876119104492e-01,8.690155854450484219e-01
9.628307751977778217e-01,9.471810674873163416e-01,9.728036626790645958e-01,9.559633073695881222e-01,9.498719971905676962e-01,8.910491809614230485e-01,9.855885472014324078e-01,9.411435037557471794e-01,9.537728067840148816e-01,9.241545054695576855e-01,9.403170547475202534e-01,9.414977990344473024e-01,8.947277144882935795e-01,8.482380327790703944e-01,1.000000000000000000e+00,9.582745083214354587e-01,8.598403373258485249e-01,9.167943441998342990e-01,9.000449598074234947e-01,9.354003515575426420e-01,8.711318436129187326e-01,9.229103833123996070e-01,8.691323377138144846e-01,8.694458762064053436e-01,9.851316272524085482e-01,8.727756653882742244e-01,9.650594691614277076e-01,9.243824745899352768e-01,8.686030963972843910e-01,8.567780797628244960e-01,9.535672345035214326e-01,8.591368047899450300e-01,9.680401551686372841e-01,8.706949859655974677e-01,9.747353911045847363e-01,9.166751368955248225e-01,8.709634602974891671e-01,8.468213356706594253e-01,9.574122193835183925e-01
9.488872544724954450e-01,9.731299041424156249e-01,9.691412068647893285e-01,9.785801762130520443e-01,9.751551170229612042e-01,9.130920191238539596e-01,9.585854356477052640e-01,9.663683358725290162e-01,9.814488350669676731e-01,9.389194940993919047e-01,9.649020834563335480e-01,9.655893005064434265e-01,9.170350813939105450e-01,8.673538515835327312e-01,9.582745083214354587e-01,1.000000000000000000e+00,8.786626291861089344e-01,9.333640446385551570e-01,9.234186549382386033e-01,9.599753705237065171e-01,8.921324593784070167e-01,9.364922405282521956e-01,8.854695583296000594e-01,8.896619801401025596e-01,9.580588150837342498e-01,8.908322165052683372e-01,9.781319649240988179e-01,9.400670467264785612e-01,8.891370734100844109e-01,8.754147554215044869e-01,9.782790589365779610e-01,8.764774391395245834e-01,9.746930896649199649e-01,8.893729818338025339e-01,9.689866636157895563e-01,9.316757063999803190e-01,8.888924567110036978e-01,8.681312155997611413e-01,9.856943874525628813e-01
8.689485890291657189e-01,8.868022956599788120e-01,8.692894172563240263e-01,8.827587876565210490e-01,8.844530512391802768e-01,9.319718121229797481e-01,8.615300657241543592e-01,8.870755803535274042e-01,8.820850912403643829e-01,8.994860467328937847e-01,8.869587732247672385e-01,8.860635948820823060e-01,9.256327234920390667e-01,9.711269204606993721e-01,8.598403373258485249e-01,8.786626291861089344e-01,1.000000000000000000e+00,9.079882483852869113e-01,9.153148943189427511e-01,8.860764626714309200e-01,9.403908463005512530e-01,9.002656674448554774e-01,9.746665270800233261e-01,9.684365857227904550e-01,8.618132044251369805e-01,9.586442258442943176e-01,8.728149430979340595e-01,8.983857781414082977e-01,9.577175189096488461e-01,9.830018311882405824e-01,8.840743109155765334e-01,9.803061037536531241e-01,8.702373100062082978e-01,9.378890018372122439e-01,8.675870625996968677e-01,9.068664844865566010e-01,9.720992608196830087e-01,9.593898230080657452e-01,8.802995551134117358e-01
9.137176323163535008e-01,9.477532498305564213e-01,9.265053078980188817e-01,9.422633099237094356e-01,9.442015884720714736e-01,9.584583952228625803e-01,9.183519983390848740e-01,9.483958339846543240e-01,9.349290348355243641e-01,9.764536465654026776e-01,9.506266278134323233e-01,9.506703571739619774e-01,9.595521773894895023e-01,8.945598555013785091e-01,9.167943441998342990e-01,9.333640446385551570e-01,9.079882483852869113e-01,1.000000000000000000e+00,9.733162718516960021e-01,9.531134807420096333e-01,9.326610654589919669e-01,9.781419747864643632e-01,9.147029940695822203e-01,9.201815831993956918e-01,9.180635293602200653e-01,9.246856358973001289e-01,9.307834823267765456e-01,9.766592342533407800e-01,9.219496668189485211e-01,9.058956603629180204e-01,9.439149977912790757e-01,9.054396749818475199e-01,9.308014096612575727e-01,9.320625454954605260e-01,9.238021186405331875e-01,9.843985617197977822e-01,9.206574029923426661e-01,8.845069011844322038e-01,9.330803561334377605e-01
8.959396228596403500e-01,9.364834432507623818e-01,9.110245457894470267e-01,9.306878938068715579e-01,9.339236629206350004e-01,9.684012076008011727e-01,9.020065426571677314e-01,9.416089456156325754e-01,9.241898800780318224e-01,9.660114614009031042e-01,9.423824712700233919e-01,9.421645898451305179e-01,9.712473155531333724e-01,8.968207224674247247e-01,9.000449598074234947e-01,9.234186549382386033e-01,9.153148943189427511e-01,9.733162718516960021e-01,1.000000000000000000e+00,9.456795579921408734e-01,9.394720007855629218e-01,9.663368903027004242e-01,9.243248026487211888e-01,9.300639466848592551e-01,9.022718641049973787e-01,9.337540392363721242e-01,9.173310521495664505e-01,9.664984998952743656e-01,9.315362605549576402e-01,9.126572675850532779e-01,9.334496540207609661e-01,9.093389911764252487e-01,9.158431100436238426e-01,9.388592347276950578e-01,9.103099628526432063e-01,9.710940841384853028e-01,9.290947448335836745e-01,8.847303828593210406e-01,9.239915645769042341e-01
9.340775329090963419e-01,9.746610571210595486e-01,9.480286148599009755e-01,9.672648143165404333e-01,9.727250842621927296e-01,9.348307030583780097e-01,9.377409124233285764e-01,9.815847414203041632e-01,9.604189629625273783e-01,9.616093855985947680e-01,9.817810661307797560e-01,9.821755931542476281e-01,9.355037702699081636e-01,8.702202978218656071e-01,9.354003515575426420e-01,9.599753705237065171e-01,8.860764626714309200e-01,9.531134807420096333e-01,9.456795579921408734e-01,1.000000000000000000e+00,9.053067881772339787e-01,9.568811526228637732e-01,8.967108314302917327e-01,8.996799932156037682e-01,9.378281807511956725e-01,8.998930321158573609e-01,9.563187494100297004e-01,9.631114399641782509e-01,8.992627287395902336e-01,8.850688238220546511e-01,9.695854217163288880e-01,8.847732841441146023e-01,9.553518871088194642e-01,9.072614272708373617e-01,9.473232799615635136e-01,9.528498477394427013e-01,9.009607182218596355e-01,8.671553306651031967e-01,9.605803666553230924e-01
8.724861980805140860e-01,9.035619736416973247e-01,8.814305512107891705e-01,8.973532531494473607e-01,8.988891304719346387e-01,9.601542661912495502e-01,8.730906045278010730e-01,9.055178423620451333e-01,8.956366026921094292e-01,9.227925687574877189e-01,9.072217184110243915e-01,9.065509556157932414e-01,9.569584158587476352e-01,9.292009032588737227e-01,8.711318436129187326e-01,8.921324593784070167e-01,9.403908463005512530e-01,9.326610654589919669e-01,9.394720007855629218e-01,9.053067881772339787e-01,1.000000000000000000e+00,9.252875324215082964e-01,9.543251992783050586e-01,9.607041218239497082e-01,8.717246744507785028e-01,9.728914885242686550e-01,8.922721218947297084e-01,9.223895840489650944e-01,9.726570335801729694e-01,9.397385469497673283e-01,8.992174191531312477e-01,9.372179396997136758e-01,8.897821026601617778e-01,9.831321214347135129e-01,8.784814647402323651e-01,9.310785358359882080e-01,9.571102985187982526e-01,9.158108740305092033e-01,8.933349886807834261e-01
9.166378820605497468e-01,9.502163742200417929e-01,9.305081351373711840e-01,9.454852141192897630e-01,9.454996669798764186e-01,9.498551451739023488e-01,9.241264873844581285e-01,9.515825684148886410e-01,9.368441943318334131e-01,9.844821766238520677e-01,9.540280251845245640e-01,9.546559963751755085e-01,9.525333484864545452e-01,8.845428335022260669e-01,9.229103833123996070e-01,9.364922405282521956e-01,9.002656674448554774e-01,9.781419747864643632e-01,9.663368903027004242e-01,9.568811526228637732e-01,9.252875324215082964e-01,1.000000000000000000e+00,9.084636100258466351e-01,9.142096382850858349e-01,9.234665361304856823e-01,9.179198203572078718e-01,9.359886758616600133e-01,9.842175918383334610e-01,9.157873565974385954e-01,8.965429502760668967e-01,9.467376985454694083e-01,8.980340669760026318e-01,9.364780512721394556e-01,9.260186044388206694e-01,9.285620054585770333e-01,9.796575946092382914e-01,9.136097946484265098e-01,8.752703366118816941e-01,9.361960543276184321e-01
8.742958695150934156e-01,8.968913304493986161e-01,8.763363012518531336e-01,8.925536034730300328e-01,8.943131288045561567e-01,9.431832777624188369e-01,8.723223966462513301e-01,8.981640864955749981e-01,8.891071546489663913e-01,9.076511936372341216e-01,8.988010054507598046e-01,8.979656864037072195e-01,9.380974149790695105e-01,9.610551090152305020e-01,8.691323377138144846e-01,8.854695583296000594e-01,9.746665270800233261e-01,9.147029940695822203e-01,9.243248026487211888e-01,8.967108314302917327e-01,9.543251992783050586e-01,9.084636100258466351e-01,1.000000000000000000e+00,9.817274154714266121e-01,8.718157527606897883e-01,9.712850632849197030e-01,8.819095780952045383e-01,9.067997151024728142e-01,9.705415226161131503e-01,9.715543433676047114e-01,8.940139397405163502e-01,9.700872603120702653e-01,8.801916509351128681e-01,9.533622426900795199e-01,8.753142079931459651e-01,9.145945678387760180e-01,9.849375737914543016e-01,9.497918533382827544e-01,8.873799890707724236e-01
8.750237076243176926e-01,9.022360657993250266e-01,8.777404003783053632e-01,8.969658560621062149e-01,8.988179067900802233e-01,9.455041472418863613e-01,8.726774887563710781e-01,9.016843453384159046e-01,8.939961025218451374e-01,9.124620954411524210e-01,9.026930306880022181e-01,9.015097348863228000e-01,9.412438586926770157e-01,9.542883477897365907e-01,8.694458762064053436e-01,8.896619801401025596e-01,9.684365857227904550e-01,9.201815831993956918e-01,9.300639466848592551e-01,8.996799932156037682e-01,9.607041218239497082e-01,9.142096382850858349e-01,9.817274154714266121e-01,1.000000000000000000e+00,8.722459716527072304e-01,9.760680342650509544e-01,8.853221456199764638e-01,9.120588255457330318e-01,9.750297104148232252e-01,9.651688977425447735e-01,8.988218131985488135e-01,9.619234021367033538e-01,8.821280844339071114e-01,9.582020445101506745e-01,8.761357553319030211e-01,9.198139645438075940e-01,9.836237809580744562e-01,9.445484350340929147e-01,8.920768722565817210e-01
9.642190266187697922e-01,9.484520303734811364e-01,9.730648235831531601e-01,9.571704250290241633e-01,9.513475602663229447e-01,8.936616035037588945e-01,9.858257257479112745e-01,9.426809558878854745e-01,9.538673855225477949e-01,9.246646164185751138e-01,9.421546131358063958e-01,9.429730358517761646e-01,8.966037325738962505e-01,8.497479734923110151e-01,9.851316272524085482e-01,9.580588150837342498e-01,8.618132044251369805e-01,9.180635293602200653e-01,9.022718641049973787e-01,9.378281807511956725e-01,8.717246744507785028e-01,9.234665361304856823e-01,8.718157527606897883e-01,8.722459716527072304e-01,1.000000000000000000e+00,8.740006573144860624e-01,9.647997583104257480e-01,9.250477716777160131e-01,8.702687841786439504e-01,8.585158621871274987e-01,9.550732870448699341e-01,8.610987146040344209e-01,9.677584323202744754e-01,8.712274195620589579e-01,9.752678961650688150e-01,9.175142780252294461e-01,8.739015331280161059e-01,8.494921120583057705e-01,9.574790165339663872e-01
8.761165784632796161e-01,9.009074313937993628e-01,8.816598726214258663e-01,8.965576610245845623e-01,8.967800563519082724e-01,9.524244756760076314e-01,8.746614169931340443e-01,9.006557063498843441e-01,8.953801450541130080e-01,9.156445516282222252e-01,9.029439495183207987e-01,9.016027649149533918e-01,9.485213998592800788e-01,9.466694941188303902e-01,8.727756653882742244e-01,8.908322165052683372e-01,9.586442258442943176e-01,9.246856358973001289e-01,9.337540392363721242e-01,8.998930321158573609e-01,9.728914885242686550e-01,9.179198203572078718e-01,9.712850632849197030e-01,9.760680342650509544e-01,8.740006573144860624e-01,1.000000000000000000e+00,8.904503422625451581e-01,9.155445589256189232e-01,9.846280097463337988e-01,9.566670517231081750e-01,8.981794703771001087e-01,9.538194825857958525e-01,8.868335539796667888e-01,9.702414139535827653e-01,8.789572837654443527e-01,9.229599817276625817e-01,9.729440828956562592e-01,9.357396244266206198e-01,8.924877216154913917e-01
9.521762801325323045e-01,9.676898775584432677e-01,9.777184790076137721e-01,9.733710662373670219e-01,9.695072893149181414e-01,9.096812568179069025e-01,9.654099485523363056e-01,9.626524119699364501e-01,9.749581279018879609e-01,9.381220042089203348e-01,9.620713981520319091e-01,9.625599789927787864e-01,9.135334210774054275e-01,8.631113634897735754e-01,9.650594691614277076e-01,9.781319649240988179e-01,8.728149430979340595e-01,9.307834823267765456e-01,9.173310521495664505e-01,9.563187494100297004e-01,8.922721218947297084e-01,9.359886758616600133e-01,8.819095780952045383e-01,8.853221456199764638e-01,9.647997583104257480e-01,8.904503422625451581e-01,1.000000000000000000e+00,9.395381191018825628e-01,8.870420075239362490e-01,8.700308571687799253e-01,9.726474291291121732e-01,8.719220353627118447e-01,9.836613228822734811e-01,8.902764361272639260e-01,9.772329838580182670e-01,9.295014618205583723e-01,8.852312905570342005e-01,8.611916317388140785e-01,9.776478885210371228e-01
9.191801898336317000e-01,9.549486316678651443e-01,9.334317756933192545e-01,9.492828994751664196e-01,9.504942849950831496e-01,9.503674792130808457e-01,9.257128654588355765e-01,9.567922658619218979e-01,9.410298379784634015e-01,9.856560668030992511e-01,9.589653009633092307e-01,9.593345573340221755e-01,9.524148280108417630e-01,8.812713876468255547e-01,9.243824745899352768e-01,9.400670467264785612e-01,8.983857781414082977e-01,9.766592342533407800e-01,9.664984998952743656e-01,9.631114399641782509e-01,9.223895840489650944e-01,9.842175918383334610e-01,9.067997151024728142e-01,9.120588255457330318e-01,9.250477716777160131e-01,9.155445589256189232e-01,9.395381191018825628e-01,1.000000000000000000e+00,9.133499781251785965e-01,8.950503099137275820e-01,9.509131517504976205e-01,8.957001767180202689e-01,9.401879435340978475e-01,9.237097665109409439e-01,9.323263392279420581e-01,9.771198243537966288e-01,9.124139647861475577e-01,8.720362122185909559e-01,9.399404894140578337e-01
8.746762466490809462e-01,9.007032301039286093e-01,8.781875938575244289e-01,8.949222197650561483e-01,8.961674258590509590e-01,9.521314673434119191e-01,8.708327731526724902e-01,9.006177238515113981e-01,8.938746343913305248e-01,9.130318631860103729e-01,9.028442833794109168e-01,9.010559358984063794e-01,9.481501439731369052e-01,9.455796486667691347e-01,8.686030963972843910e-01,8.891370734100844109e-01,9.577175189096488461e-01,9.219496668189485211e-01,9.315362605549576402e-01,8.992627287395902336e-01,9.726570335801729694e-01,9.157873565974385954e-01,9.705415226161131503e-01,9.750297104148232252e-01,8.702687841786439504e-01,9.846280097463337988e-01,8.870420075239362490e-01,9.133499781251785965e-01,1.000000000000000000e+00,9.556149012527370701e-01,8.968948834410356286e-01,9.531112920225537355e-01,8.834705926540949994e-01,9.702560211239015242e-01,8.749846249051329572e-01,9.210563101812808684e-01,9.719770837525014695e-01,9.365768191629036954e-01,8.906928638734412651e-01
8.662116802980591723e-01,8.854060956033995566e-01,8.663252042421194510e-01,8.796933216351963125e-01,8.820956799858941100e-01,9.316297880850427093e-01,8.585172997623430335e-01,8.861485267533446564e-01,8.793691039818151145e-01,8.963189813774714576e-01,8.856855782984479619e-01,8.847122844558832355e-01,9.245201898437086507e-01,9.749762529287125945e-01,8.567780797628244960e-01,8.754147554215044869e-01,9.830018311882405824e-01,9.058956603629180204e-01,9.126572675850532779e-01,8.850688238220546511e-01,9.397385469497673283e-01,8.965429502760668967e-01,9.715543433676047114e-01,9.651688977425447735e-01,8.585158621871274987e-01,9.566670517231081750e-01,8.700308571687799253e-01,8.950503099137275820e-01,9.556149012527370701e-01,1.000000000000000000e+00,8.814950187662276004e-01,9.819545565912727314e-01,8.678903704821259169e-01,9.379472268593969098e-01,8.635610851805927135e-01,9.043843206504781351e-01,9.688050004449887398e-01,9.618879806412435896e-01,8.775044586474466390e-01
9.442885752179610570e-01,9.811598211867799124e-01,9.637934595467385623e-01,9.855188566720852750e-01,9.830668530135627803e-01,9.242941227411445304e-01,9.549477612918249037e-01,9.743812687369739489e-01,9.798539485751929234e-01,9.499544152841952194e-01,9.740964102914310141e-01,9.739428702166680329e-01,9.272574367806911688e-01,8.728060351139964590e-01,9.535672345035214326e-01,9.782790589365779610e-01,8.840743109155765334e-01,9.439149977912790757e-01,9.334496540207609661e-01,9.695854217163288880e-01,8.992174191531312477e-01,9.467376985454694083e-01,8.940139397405163502e-01,8.988218131985488135e-01,9.550732870448699341e-01,8.981794703771001087e-01,9.726474291291121732e-01,9.509131517504976205e-01,8.968948834410356286e-01,8.814950187662276004e-01,1.000000000000000000e+00,8.821078130187882671e-01,9.695199921010080324e-01,8.975562944542839761e-01,9.629261950056869912e-01,9.427041555370802017e-01,8.979388647473165452e-01,8.709161243608881664e-01,9.783294403135889272e-01
8.678191371866879056e-01,8.861116568877921429e-01,8.686218442380230220e-01,8.807195013891765401e-01,8.826291066146233488e-01,9.296076060757059167e-01,8.609497945140520692e-01,8.859241763077273513e-01,8.792958954192379162e-01,8.973122867111843481e-01,8.858498947891860764e-01,8.856666118486742345e-01,9.221347974410580850e-01,9.771181547484200092e-01,8.591368047899450300e-01,8.764774391395245834e-01,9.803061037536531241e-01,9.054396749818475199e-01,9.093389911764252487e-01,8.847732841441146023e-01,9.372179396997136758e-01,8.980340669760026318e-01,9.700872603120702653e-01,9.619234021367033538e-01,8.610987146040344209e-01,9.538194825857958525e-01,8.719220353627118447e-01,8.957001767180202689e-01,9.531112920225537355e-01,9.819545565912727314e-01,8.821078130187882671e-01,1.000000000000000000e+00,8.703175113868736323e-01,9.355526310669068923e-01,8.656769801359650574e-01,9.045065952275691545e-01,9.667475207703002393e-01,9.627754540538323580e-01,8.780374367377486999e-01
9.525399095917794767e-01,9.654457696220265506e-01,9.805710983096140865e-01,9.699953056543539898e-01,9.667950826544110532e-01,9.085229849726591533e-01,9.682243741971812145e-01,9.609779220051978266e-01,9.701617063775395122e-01,9.392614425852275906e-01,9.606472549137522465e-01,9.610964591451036654e-01,9.120434335689034944e-01,8.601055592701331021e-01,9.680401551686372841e-01,9.746930896649199649e-01,8.702373100062082978e-01,9.308014096612575727e-01,9.158431100436238426e-01,9.553518871088194642e-01,8.897821026601617778e-01,9.364780512721394556e-01,8.801916509351128681e-01,8.821280844339071114e-01,9.677584323202744754e-01,8.868335539796667888e-01,9.836613228822734811e-01,9.401879435340978475e-01,8.834705926540949994e-01,8.678903704821259169e-01,9.695199921010080324e-01,8.703175113868736323e-01,1.000000000000000000e+00,8.878331433805083384e-01,9.801316490559714989e-01,9.302918241154425338e-01,8.834520235200541416e-01,8.576335695206526166e-01,9.737346911713378184e-01
8.700056075714135417e-01,9.031232086944033233e-01,8.785811595160999410e-01,8.957914900037315942e-01,8.974800598806901286e-01,9.596658346692342745e-01,8.727902340644407841e-01,9.065174343733410911e-01,8.930678976711219352e-01,9.242407772120263543e-01,9.080924831814436438e-01,9.075854511540230041e-01,9.567805697098951123e-01,9.271753696985448601e-01,8.706949859655974677e-01,8.893729818338025339e-01,9.378890018372122439e-01,9.320625454954605260e-01,9.388592347276950578e-01,9.072614272708373617e-01,9.831321214347135129e-01,9.260186044388206694e-01,9.533622426900795199e-01,9.582020445101506745e-01,8.712274195620589579e-01,9.702414139535827653e-01,8.902764361272639260e-01,9.237097665109409439e-01,9.702560211239015242e-01,9.379472268593969098e-01,8.975562944542839761e-01,9.355526310669068923e-01,8.878331433805083384e-01,1.000000000000000000e+00,8.761074876441157233e-01,9.310932593830556492e-01,9.552722404358553465e-01,9.138517910987973281e-01,8.908823934976036751e-01
9.557663444031769817e-01,9.578539399872797455e-01,9.849312538871255462e-01,9.637964082073045002e-01,9.603386539264479049e-01,8.999277066271907932e-01,9.745396897782153678e-01,9.522635333434230631e-01,9.636671291958399665e-01,9.312197070951243605e-01,9.514564523860340461e-01,9.522736554078419235e-01,9.028816612724700486e-01,8.549217791178391757e-01,9.747353911045847363e-01,9.689866636157895563e-01,8.675870625996968677e-01,9.238021186405331875e-01,9.103099628526432063e-01,9.473232799615635136e-01,8.784814647402323651e-01,9.285620054585770333e-01,8.753142079931459651e-01,8.761357553319030211e-01,9.752678961650688150e-01,8.789572837654443527e-01,9.772329838580182670e-01,9.323263392279420581e-01,8.749846249051329572e-01,8.635610851805927135e-01,9.629261950056869912e-01,8.656769801359650574e-01,9.801316490559714989e-01,8.761074876441157233e-01,1.000000000000000000e+00,9.227300528820716607e-01,8.781812275477295371e-01,8.526848005133155217e-01,9.679307086062166610e-01
9.137101493300398003e-01,9.471050269742556926e-01,9.255703340447115623e-01,9.412030851486573590e-01,9.428924269476950393e-01,9.553787845787462540e-01,9.181401119763216156e-01,9.487717786348740523e-01,9.325278592610322104e-01,9.772196661146951291e-01,9.510689910534019242e-01,9.508835731127461832e-01,9.574433357443002945e-01,8.944061564518821505e-01,9.166751368955248225e-01,9.316757063999803190e-01,9.068664844865566010e-01,9.843985617197977822e-01,9.710940841384853028e-01,9.528498477394427013e-01,9.310785358359882080e-01,9.796575946092382914e-01,9.145945678387760180e-01,9.198139645438075940e-01,9.175142780252294461e-01,9.229599817276625817e-01,9.295014618205583723e-01,9.771198243537966288e-01,9.210563101812808684e-01,9.043843206504781351e-01,9.427041555370802017e-01,9.045065952275691545e-01,9.302918241154425338e-01,9.310932593830556492e-01,9.227300528820716607e-01,1.000000000000000000e+00,9.207499928883093876e-01,8.847815796016128553e-01,9.313435173643536125e-01
8.766912535248438942e-01,9.019149609961574221e-01,8.792470364657407611e-01,8.962126129690817233e-01,8.985329852245261817e-01,9.453484054632967926e-01,8.744269117440470751e-01,9.025537801909991886e-01,8.930353611026270455e-01,9.126820894144004326e-01,9.033982170989178773e-01,9.025021659626840664e-01,9.403534177123747950e-01,9.582238059117383910e-01,8.709634602974891671e-01,8.888924567110036978e-01,9.720992608196830087e-01,9.206574029923426661e-01,9.290947448335836745e-01,9.009607182218596355e-01,9.571102985187982526e-01,9.136097946484265098e-01,9.849375737914543016e-01,9.836237809580744562e-01,8.739015331280161059e-01,9.729440828956562592e-01,8.852312905570342005e-01,9.124139647861475577e-01,9.719770837525014695e-01,9.688050004449887398e-01,8.979388647473165452e-01,9.667475207703002393e-01,8.834520235200541416e-01,9.552722404358553465e-01,8.781812275477295371e-01,9.207499928883093876e-01,1.000000000000000000e+00,9.479637466479344798e-01,8.907144924624817994e-01
8.598461845211751164e-01,8.724576510701500531e-01,8.561933655780444852e-01,8.695493977599992874e-01,8.706179316145545855e-01,9.094143553550421144e-01,8.500251442620270215e-01,8.709462688729514568e-01,8.679284524761774477e-01,8.729176850712554447e-01,8.678842560231435632e-01,8.694578404139289285e-01,9.029315874832669619e-01,9.735240876119104492e-01,8.468213356706594253e-01,8.681312155997611413e-01,9.593898230080657452e-01,8.845069011844322038e-01,8.847303828593210406e-01,8.671553306651031967e-01,9.158108740305092033e-01,8.752703366118816941e-01,9.497918533382827544e-01,9.445484350340929147e-01,8.494921120583057705e-01,9.357396244266206198e-01,8.611916317388140785e-01,8.720362122185909559e-01,9.365768191629036954e-01,9.618879806412435896e-01,8.709161243608881664e-01,9.627754540538323580e-01,8.576335695206526166e-01,9.138517910987973281e-01,8.526848005133155217e-01,8.847815796016128553e-01,9.479637466479344798e-01,1.000000000000000000e+00,8.694067095802949785e-01
9.490999656341798651e-01,9.732977862529793578e-01,9.676583910982473613e-01,9.785045294017528095e-01,9.753049423433330922e-01,9.139630516256874726e-01,9.578071345374392642e-01,9.671362834709322787e-01,9.812372520846144308e-01,9.387076165830651187e-01,9.653083200729093427e-01,9.662659160939827130e-01,9.176936578647703069e-01,8.690155854450484219e-01,9.574122193835183925e-01,9.856943874525628813e-01,8.802995551134117358e-01,9.330803561334377605e-01,9.239915645769042341e-01,9.605803666553230924e-01,8.933349886807834261e-01,9.361960543276184321e-01,8.873799890707724236e-01,8.920768722565817210e-01,9.574790165339663872e-01,8.924877216154913917e-01,9.776478885210371228e-01,9.399404894140578337e-01,8.906928638734412651e-01,8.775044586474466390e-01,9.783294403135889272e-01,8.780374367377486999e-01,9.737346911713378184e-01,8.908823934976036751e-01,9.679307086062166610e-01,9.313435173643536125e-01,8.907144924624817994e-01,8.694067095802949785e-01,1.000000000000000000e+00
