1.000000000000000000e+00,5.319015684905619157e-01,2.739732552628463269e-01,6.064527079699760792e-01,5.410220152292893880e-01,-4.920684166365644763e-01,5.270538972454478222e-01,-9.902080120422328269e-02,7.711444439640324777e-01,5.507791657852473266e-01,-2.068934498266774558e-01,-2.042611381249802016e-01,-1.323919305764043319e-01,5.486493664546758797e-01,-4.246762101376858611e-01,8.505385133122731478e-01,-5.962708072988288643e-01,8.054838664254103664e-01,6.000665431639683467e-01,7.628461789306190122e-01,4.033357510586184080e-01,2.824811290268643416e-01,3.253758871081485204e-01,-2.696351979017293510e-01,1.007770797381055405e-01,8.029666953120629946e-01,2.842260847084145114e-02,5.184791931775784013e-01,6.532643721053223995e-01,7.054534533575335109e-01,1.789977102528714781e-01,-5.389078950336075730e-02,2.112288555094214426e-01,6.628105794385568128e-01,1.640825557250454314e-01,6.605466544294823494e-01,3.798447169816065450e-01,6.110339846400051345e-01,7.290366615164318720e-01
5.319015684905619157e-01,1.000000000000000000e+00,2.622160183403724476e-01,6.093494164931052559e-01,5.789819426543340031e-01,-1.703092402055748911e-02,8.427888059409757160e-01,-2.928278094472320722e-02,7.361740786126741432e-01,8.989515867302683150e-01,1.773461155113134902e-01,-5.557671421509217113e-01,5.613927653873806989e-01,6.681696306076958525e-01,-3.129606026707735245e-01,5.338990626731104916e-01,-5.053719337259576783e-01,5.579386597570216155e-01,7.789748240363177922e-01,5.443672726735646616e-01,1.785864041282137493e-01,6.171377797064575565e-01,1.478734959996364784e-01,2.141265611811665193e-01,6.712297861356911755e-01,4.634415660123319958e-01,5.367697986424568857e-01,-4.294849692128509255e-02,1.662871180940556082e-01,8.343714873088690087e-01,5.527007017863505567e-01,5.833759126835273978e-01,2.441814560717666949e-01,6.823456786219082026e-01,3.906714308504862787e-01,8.472805835962784471e-01,7.598703676792305517e-01,5.072031717011572516e-01,5.406575319633447618e-01
2.739732552628463269e-01,2.622160183403724476e-01,1.000000000000000000e+00,1.740253669275066417e-01,6.434612396364270959e-01,6.185979374717149454e-02,3.924013911108548136e-01,-6.646903371580107356e-01,4.074551795686305322e-01,2.611196739764755637e-01,2.246849863836332395e-01,-1.465852456417721661e-01,3.144943646653763358e-01,3.231954112563305004e-01,-2.545414692317769512e-01,1.442065936225388756e-01,-2.665911619947031186e-02,3.547559833899600057e-01,4.195840066262113144e-01,2.629456996641357791e-01,5.956140267644610686e-01,5.495016149878128031e-01,2.740731121505930387e-02,7.750244498113037506e-02,3.385530893240084049e-01,3.966682949789335222e-01,4.342204289911949511e-01,3.550847451392274423e-01,1.693664478964857778e-01,2.426743491838749822e-01,4.073110190767693650e-01,3.655837119027616766e-01,5.288830640510198133e-01,1.307727467237394248e-01,4.401876390200258338e-01,2.363860817140238657e-01,3.075854150441241774e-01,2.259343608884908650e-01,2.318899387333100970e-01
6.064527079699760792e-01,6.093494164931052559e-01,1.740253669275066417e-01,1.000000000000000000e+00,5.567603803060556800e-01,-1.852610908445111726e-01,6.817374505170267218e-01,-6.964036448662322409e-02,7.326623968285831401e-01,5.427729199466618804e-01,1.868388603320499802e-02,-4.449518677135470002e-01,1.173280916818961878e-01,5.064470614799457815e-01,-6.502156140560200193e-01,5.071081135176027654e-01,-4.780907003078024853e-01,7.769675560122326630e-01,7.829218981198983185e-01,6.467579257441656848e-01,1.357919965234634929e-01,3.183611862673697557e-01,2.338566600395215467e-01,-1.549787677822593024e-01,1.222813762266381082e-01,5.556676132059291673e-01,9.416141392931612342e-02,8.757387690991844109e-02,3.548980058517780534e-01,6.111889994144013016e-01,2.246394091534339443e-01,1.641866196432725522e-01,1.578814015359170653e-01,6.545949920207644324e-01,1.024814583411497726e-01,6.358554640110583023e-01,3.594296099805444067e-01,7.180241981668591400e-01,7.270947488294476901e-01
5.410220152292893880e-01,5.789819426543340031e-01,6.434612396364270959e-01,5.567603803060556800e-01,1.000000000000000000e+00,-2.896065837291063316e-02,6.815764600833316145e-01,-3.079056694359856294e-01,7.329085794435201695e-01,5.534151121283515939e-01,1.385975408124516528e-01,-3.723692976930315646e-01,3.404789682446658916e-01,6.007419803465315900e-01,-4.721637435771633418e-01,4.379175166606890102e-01,-3.227964918216953971e-01,6.584502650906853827e-01,7.396245216554037105e-01,5.452187548258060623e-01,4.287611849190740565e-01,5.716123582863309460e-01,9.831265426558355447e-02,-3.034129771782734242e-02,3.920971199789817785e-01,6.056951965766005364e-01,4.057623364281952028e-01,2.608080187229847025e-01,2.712869701398304412e-01,5.870636429750067942e-01,5.160673335929173433e-01,4.036686673379600299e-01,3.557386888663984781e-01,4.701639176324072245e-01,4.200039088738662940e-01,5.796444650937231380e-01,5.001669125616979850e-01,5.037945147787560307e-01,5.429789593142515525e-01
-4.920684166365644763e-01,-1.703092402055748911e-02,6.185979374717149454e-02,-1.852610908445111726e-01,-2.896065837291063316e-02,1.000000000000000000e+00,-2.720124666413293799e-02,2.035269093234712279e-02,-2.204404042025756016e-01,-1.013461985914221319e-01,5.138660395745708875e-01,-9.789792143435234462e-02,3.550250762590472231e-01,-1.233257803493669480e-01,9.022695782614825744e-02,-5.154930802725415928e-01,5.560271366545461724e-01,-2.889060119473251809e-01,-1.138353623208159388e-01,-3.494500300173996044e-01,-4.755822070234969751e-02,2.124770778297952467e-01,-1.687447213730950552e-02,3.865908279939882508e-01,2.016802702897805000e-01,-3.304915309669563261e-01,1.130163740273749245e-01,-3.999480834674660756e-01,-3.973882060025100693e-01,-2.432591668925617734e-01,3.947910319441740035e-02,3.169723591556433129e-01,1.555693650214989010e-01,-2.055537873388585679e-01,-1.261335365044284618e-01,-2.688022317296547281e-01,-7.457275201168978018e-02,-2.067197859626705991e-01,-2.118088586401616624e-01
5.270538972454478222e-01,8.427888059409757160e-01,3.924013911108548136e-01,6.817374505170267218e-01,6.815764600833316145e-01,-2.720124666413293799e-02,1.000000000000000000e+00,-1.211021592839601757e-01,7.666749245606723218e-01,8.094461171038018765e-01,2.398472900588005108e-01,-5.605401594356647088e-01,5.627868796188957301e-01,6.350251192220355279e-01,-3.842048179472515312e-01,4.904021139788998784e-01,-4.479133415981993993e-01,6.204273567412738055e-01,8.483077723505677570e-01,6.308294505622580317e-01,2.362428196373249911e-01,6.387341310176127829e-01,1.057975899490029986e-01,7.830684697276941997e-02,5.601685580113072715e-01,4.696432272023102206e-01,5.095662372174387666e-01,7.445815373888856233e-03,2.025564248960558256e-01,7.723446161203545435e-01,5.124547408036448370e-01,5.552027816283441330e-01,2.881556493137228392e-01,6.655443075531244368e-01,4.645427247094171541e-01,7.827825349158670232e-01,6.728225838349446430e-01,5.797974822596773103e-01,5.977118042939200127e-01
-9.902080120422328269e-02,-2.928278094472320722e-02,-6.646903371580107356e-01,-6.964036448662322409e-02,-3.079056694359856294e-01,2.035269093234712279e-02,-1.211021592839601757e-01,1.000000000000000000e+00,-1.677697544577800015e-01,-1.326858175350748535e-02,2.467601232387233237e-02,9.381133364778257433e-02,-4.586867821592070793e-02,-5.769445685945081420e-02,2.035858987423898592e-01,-1.050472333424372741e-03,-7.456977389289712321e-02,-1.991878322356323283e-01,-1.733931336005652968e-01,-8.600307137501422838e-02,-3.302625514915170646e-01,-1.639250364112248004e-01,4.676227606940656228e-02,5.386119005833503448e-02,-1.182781058202553998e-01,-2.260350241823816109e-01,-1.891633305738509296e-01,-3.080950351340730475e-01,-8.745719411677747857e-02,-1.830186756644832649e-03,-3.123775777661692010e-01,-9.832235849223962265e-02,-2.439113546954838896e-01,-1.858785289805493096e-02,-2.144339006630635869e-01,-1.363566592767300259e-02,-1.174010504095176002e-02,-1.651270872552989544e-01,-1.768094538509644431e-01
7.711444439640324777e-01,7.361740786126741432e-01,4.074551795686305322e-01,7.326623968285831401e-01,7.329085794435201695e-01,-2.204404042025756016e-01,7.666749245606723218e-01,-1.677697544577800015e-01,1.000000000000000000e+00,7.156198282675305666e-01,8.046416625309529879e-04,-5.046064067947078069e-01,2.071155961649270016e-01,6.323624997060663944e-01,-5.376899096124835298e-01,6.958572563051013127e-01,-5.322334452785673076e-01,8.189864073261631239e-01,8.370002597747182582e-01,6.716297214924336068e-01,3.268991492215136963e-01,4.486678153310875716e-01,2.207231139905190820e-01,-8.127131147798424826e-02,3.724652884314896828e-01,7.102349444927691380e-01,3.386613155896522342e-01,3.369451484136409825e-01,4.038934162261910155e-01,7.882054788214279961e-01,3.937823362409003658e-01,2.876089948159623599e-01,2.423954048238838865e-01,7.035152612232083991e-01,2.539493674602456008e-01,7.629989686354723410e-01,5.418794710306292783e-01,7.387303086281322706e-01,7.862887252202100941e-01
5.507791657852473266e-01,8.989515867302683150e-01,2.611196739764755637e-01,5.427729199466618804e-01,5.534151121283515939e-01,-1.013461985914221319e-01,8.094461171038018765e-01,-1.326858175350748535e-02,7.156198282675305666e-01,1.000000000000000000e+00,1.234361029524370379e-01,-5.147813277644784913e-01,5.409166723288642009e-01,6.385166747714108304e-01,-2.407213254284964743e-01,6.140244255659714767e-01,-5.486062961357279777e-01,5.169811873802597768e-01,7.295012210118920759e-01,5.440379675157439587e-01,2.121654931822704593e-01,5.834789129121975559e-01,1.013043961742234045e-01,1.962857343867443760e-01,7.129786040056962371e-01,4.064186610561893453e-01,5.238259478066368269e-01,9.791588286542182717e-03,1.794456979436085675e-01,8.746944311567216301e-01,5.590753676255167948e-01,5.162441802810021629e-01,1.788648093563966757e-01,6.523879241160430720e-01,4.209708891003502984e-01,8.635998463703959960e-01,7.486817298256380759e-01,4.747905419145740380e-01,5.141165551403121814e-01
-2.068934498266774558e-01,1.773461155113134902e-01,2.246849863836332395e-01,1.868388603320499802e-02,1.385975408124516528e-01,5.138660395745708875e-01,2.398472900588005108e-01,2.467601232387233237e-02,8.046416625309529879e-04,1.234361029524370379e-01,1.000000000000000000e+00,-1.153968630863726336e-01,4.978943418346946648e-01,-8.108226017724964874e-02,1.390744490422577383e-02,-3.164931203562796336e-01,1.079167787495186881e-01,-8.157866614604228350e-02,1.583413003145569820e-01,-1.063063401602778457e-01,-5.164896034612482568e-03,4.124674634207988744e-01,-3.419341557361965100e-01,8.096723931370614080e-02,2.759476758086150672e-01,-1.290294021968156069e-01,2.789802362688285631e-01,-3.136109010639887007e-01,-3.712370277114265260e-01,7.888726861174456817e-03,8.824994521058944497e-02,5.292727650919146765e-01,2.527700548177258533e-01,-7.870244020786327718e-03,2.300274433452587919e-01,7.116785169352246587e-02,5.850960657311526925e-02,1.367671619342296710e-02,-1.298415015456482746e-01
-2.042611381249802016e-01,-5.557671421509217113e-01,-1.465852456417721661e-01,-4.449518677135470002e-01,-3.723692976930315646e-01,-9.789792143435234462e-02,-5.605401594356647088e-01,9.381133364778257433e-02,-5.046064067947078069e-01,-5.147813277644784913e-01,-1.153968630863726336e-01,1.000000000000000000e+00,-3.401937716931206501e-01,-3.093044135966646069e-01,3.527669242305150887e-01,-2.149448045922010553e-01,3.110054549950389546e-01,-3.198146456617012579e-01,-6.099623536999626561e-01,-1.447649385452194626e-01,7.781614462980389335e-02,-1.925054591144288174e-01,-1.281214138416848954e-02,-2.150941381683973974e-01,-4.294988596985850338e-01,-1.692026687837579757e-01,-3.734015302522649682e-01,1.071666158026922111e-01,1.112302337388594853e-01,-4.874389790305493353e-01,-2.964688348544890495e-01,-3.580095869391778929e-01,4.786917411754881835e-02,-2.820238185461535485e-01,-1.040393505433687971e-01,-4.605769606588684395e-01,-4.329509620684199867e-01,-4.157458521525196904e-01,-3.671163336072386651e-01
-1.323919305764043319e-01,5.613927653873806989e-01,3.144943646653763358e-01,1.173280916818961878e-01,3.404789682446658916e-01,3.550250762590472231e-01,5.627868796188957301e-01,-4.586867821592070793e-02,2.071155961649270016e-01,5.409166723288642009e-01,4.978943418346946648e-01,-3.401937716931206501e-01,1.000000000000000000e+00,2.988695005749336109e-01,-2.678976312622174255e-04,-1.133042083249565790e-01,-9.099142334138851651e-02,-6.141797847494773199e-02,3.960107454262382642e-01,2.414026881707799846e-02,4.664826317380466741e-02,6.741431938176344341e-01,-2.157057362113329324e-01,3.680116851797136102e-01,7.059912426303784905e-01,-9.466164481552613585e-02,7.190009132430513761e-01,-3.974796994092967828e-01,-3.536088153999394357e-01,3.634486464954155283e-01,5.857865922324301255e-01,8.103370216874169474e-01,3.149774455570581999e-01,1.707353647973045563e-01,5.489684567931080172e-01,4.171265741927169257e-01,5.581831193621680232e-01,-1.423722783452464544e-02,-9.746573586714846194e-02
5.486493664546758797e-01,6.681696306076958525e-01,3.231954112563305004e-01,5.064470614799457815e-01,6.007419803465315900e-01,-1.233257803493669480e-01,6.350251192220355279e-01,-5.769445685945081420e-02,6.323624997060663944e-01,6.385166747714108304e-01,-8.108226017724964874e-02,-3.093044135966646069e-01,2.988695005749336109e-01,1.000000000000000000e+00,-3.324661537568867620e-01,5.253939488394208102e-01,-3.011237243600156099e-01,5.941132335662658859e-01,6.066587550580603283e-01,6.433140785582776022e-01,3.494526208447545912e-01,4.838619284825856348e-01,5.001089200584805106e-01,2.875137228342936058e-01,4.385227094841419593e-01,5.673218288144113997e-01,3.776669044071382375e-01,2.077953452841710125e-01,4.987414401776990025e-01,6.186616309363677235e-01,5.156048752940017854e-01,3.561122544616496799e-01,3.101942431661743327e-01,5.032276159911647229e-01,3.598820454326566720e-01,6.497616881518114562e-01,7.381054434486575833e-01,3.972340311056590800e-01,5.208340241944211524e-01
-4.246762101376858611e-01,-3.129606026707735245e-01,-2.545414692317769512e-01,-6.502156140560200193e-01,-4.721637435771633418e-01,9.022695782614825744e-02,-3.842048179472515312e-01,2.035858987423898592e-01,-5.376899096124835298e-01,-2.407213254284964743e-01,1.390744490422577383e-02,3.527669242305150887e-01,-2.678976312622174255e-04,-3.324661537568867620e-01,1.000000000000000000e+00,-2.820853666641600643e-01,2.519279130795273325e-01,-6.433304933570987982e-01,-5.636705918471408561e-01,-3.626644589486919812e-01,-1.052573078454157041e-01,-1.253887646603101813e-01,-1.604582491500247121e-01,1.459316658007507872e-01,-2.755113684668648172e-02,-5.203921413426984000e-01,-1.307113114339127913e-01,-2.575248130543709157e-01,-2.129422816989699485e-01,-3.214646084395363368e-01,-1.970087757560928243e-01,-9.042306122051817219e-02,-1.109645570324836600e-01,-3.328069889405787518e-01,-8.055334630987123767e-02,-3.541350070393661231e-01,-1.944477545131741425e-01,-5.086156381275352967e-01,-5.204565213242344779e-01
8.505385133122731478e-01,5.338990626731104916e-01,1.442065936225388756e-01,5.071081135176027654e-01,4.379175166606890102e-01,-5.154930802725415928e-01,4.904021139788998784e-01,-1.050472333424372741e-03,6.958572563051013127e-01,6.140244255659714767e-01,-3.164931203562796336e-01,-2.149448045922010553e-01,-1.133042083249565790e-01,5.253939488394208102e-01,-2.820853666641600643e-01,1.000000000000000000e+00,-6.141884998842893628e-01,6.762903286597297114e-01,5.180695461653679335e-01,7.305761582361595119e-01,3.428820599739679786e-01,1.815529968845654152e-01,3.370490964553323199e-01,-1.842784413895961759e-01,1.881550718441142855e-01,6.260376388075785670e-01,1.097929451275187970e-02,4.626624162429011644e-01,5.990332635036705877e-01,7.648052648883897353e-01,1.898657425089102235e-01,-1.176521990897165248e-01,2.143423554975392581e-02,6.407362262327959135e-01,9.416944299793064688e-02,6.731817621414241115e-01,3.941850539320929103e-01,5.645373772324279171e-01,6.803310768021533228e-01
-5.962708072988288643e-01,-5.053719337259576783e-01,-2.665911619947031186e-02,-4.780907003078024853e-01,-3.227964918216953971e-01,5.560271366545461724e-01,-4.479133415981993993e-01,-7.456977389289712321e-02,-5.322334452785673076e-01,-5.486062961357279777e-01,1.079167787495186881e-01,3.110054549950389546e-01,-9.099142334138851651e-02,-3.011237243600156099e-01,2.519279130795273325e-01,-6.141884998842893628e-01,1.000000000000000000e+00,-4.137062351606906607e-01,-5.121334429686028589e-01,-4.442575983650633442e-01,-1.452906015860488086e-02,-1.937682887462988390e-01,1.152609423349077733e-01,2.150145793392818638e-01,-1.921538609332588410e-01,-3.687209177538413041e-01,-1.168937582584780727e-01,-1.411094810590199193e-02,-1.051375822980496894e-01,-6.610685887255536297e-01,-1.632580014460349449e-01,-1.554591083968465959e-01,3.344679088316075688e-02,-5.215015844536463607e-01,-1.617377494693489071e-01,-6.556908800339400489e-01,-3.697319375731447644e-01,-3.938200724136201036e-01,-3.233821243948544755e-01
8.054838664254103664e-01,5.579386597570216155e-01,3.547559833899600057e-01,7.769675560122326630e-01,6.584502650906853827e-01,-2.889060119473251809e-01,6.204273567412738055e-01,-1.991878322356323283e-01,8.189864073261631239e-01,5.169811873802597768e-01,-8.157866614604228350e-02,-3.198146456617012579e-01,-6.141797847494773199e-02,5.941132335662658859e-01,-6.433304933570987982e-01,6.762903286597297114e-01,-4.137062351606906607e-01,1.000000000000000000e+00,7.373594601695945272e-01,7.460552695757829422e-01,3.414019258860943595e-01,3.026507669912440468e-01,3.625882067049426838e-01,-2.002170658265713110e-01,1.171086112290924824e-01,7.940185182638076489e-01,1.026030273994025105e-01,4.812041430548499310e-01,6.056054629602932726e-01,6.263386762680220876e-01,2.457462305158662763e-01,5.072861588150734402e-02,2.282973187138301330e-01,6.587401895047978462e-01,1.374764388886518807e-01,6.245799558913733840e-01,3.745527474978419535e-01,7.340013269810091723e-01,8.363220080863204009e-01
6.000665431639683467e-01,7.789748240363177922e-01,4.195840066262113144e-01,7.829218981198983185e-01,7.396245216554037105e-01,-1.138353623208159388e-01,8.483077723505677570e-01,-1.733931336005652968e-01,8.370002597747182582e-01,7.295012210118920759e-01,1.583413003145569820e-01,-6.099623536999626561e-01,3.960107454262382642e-01,6.066587550580603283e-01,-5.636705918471408561e-01,5.180695461653679335e-01,-5.121334429686028589e-01,7.373594601695945272e-01,1.000000000000000000e+00,6.281246258149759676e-01,2.375906871567493583e-01,5.274995475639615572e-01,1.066642087784805543e-01,-2.124898982200900191e-02,4.404120267899799823e-01,5.849367608081479375e-01,4.428911191713613138e-01,1.411807781560524000e-01,2.282003336658324777e-01,7.433714996856491952e-01,4.568786540420862741e-01,4.403243208105434014e-01,2.344287922227226706e-01,6.463257698605544554e-01,3.485954038924691245e-01,7.590898779421630937e-01,5.823122823161669404e-01,6.921943349265972101e-01,6.679904535847002167e-01
7.628461789306190122e-01,5.443672726735646616e-01,2.629456996641357791e-01,6.467579257441656848e-01,5.452187548258060623e-01,-3.494500300173996044e-01,6.308294505622580317e-01,-8.600307137501422838e-02,6.716297214924336068e-01,5.440379675157439587e-01,-1.063063401602778457e-01,-1.447649385452194626e-01,2.414026881707799846e-02,6.433140785582776022e-01,-3.626644589486919812e-01,7.305761582361595119e-01,-4.442575983650633442e-01,7.460552695757829422e-01,6.281246258149759676e-01,1.000000000000000000e+00,3.914796902535022105e-01,3.830322607951578973e-01,3.683561177806216058e-01,-2.586617832736748945e-01,9.834547369105711700e-02,6.699078266179903096e-01,2.309463315362535185e-02,3.673805547861118681e-01,6.492783884749981915e-01,6.465127550581257765e-01,2.132419333595352851e-01,3.295600827438098512e-02,1.916054977094253098e-01,7.072260896822175624e-01,2.188483615624349232e-01,6.355519775924109993e-01,3.839159158377051795e-01,5.953110336076739006e-01,7.048925290715269965e-01
4.033357510586184080e-01,1.785864041282137493e-01,5.956140267644610686e-01,1.357919965234634929e-01,4.287611849190740565e-01,-4.755822070234969751e-02,2.362428196373249911e-01,-3.302625514915170646e-01,3.268991492215136963e-01,2.121654931822704593e-01,-5.164896034612482568e-03,7.781614462980389335e-02,4.664826317380466741e-02,3.494526208447545912e-01,-1.052573078454157041e-01,3.428820599739679786e-01,-1.452906015860488086e-02,3.414019258860943595e-01,2.375906871567493583e-01,3.914796902535022105e-01,1.000000000000000000e+00,5.138670541092115185e-01,2.251442006961117404e-01,-1.057845457103201263e-02,9.627209515421211727e-02,4.403764794589822840e-01,5.700562801412054070e-02,3.532661130851174058e-01,3.831094804863166559e-01,2.393191904460866548e-01,1.728883627591705774e-01,2.588831463706717934e-02,6.348808285483069636e-01,1.355225433095242904e-01,1.883114590762963447e-01,1.539021007091625759e-01,2.062197117162772875e-01,1.151551259914218861e-01,2.545279800710378848e-01
2.824811290268643416e-01,6.171377797064575565e-01,5.495016149878128031e-01,3.183611862673697557e-01,5.716123582863309460e-01,2.124770778297952467e-01,6.387341310176127829e-01,-1.639250364112248004e-01,4.486678153310875716e-01,5.834789129121975559e-01,4.124674634207988744e-01,-1.925054591144288174e-01,6.741431938176344341e-01,4.838619284825856348e-01,-1.253887646603101813e-01,1.815529968845654152e-01,-1.937682887462988390e-01,3.026507669912440468e-01,5.274995475639615572e-01,3.830322607951578973e-01,5.138670541092115185e-01,1.000000000000000000e+00,9.274569666385032093e-03,1.657750364306764812e-01,5.169931485186919362e-01,3.412449481056991085e-01,5.061976355924004967e-01,-1.272945184385182449e-01,2.935030160763602014e-02,4.882378816760491458e-01,5.083619173744839959e-01,6.541387984441157100e-01,7.191290238294646420e-01,3.675855460459068191e-01,5.319669759728236080e-01,5.155365814110696165e-01,5.614681499113084451e-01,1.576306060691753108e-01,1.828496042256204102e-01
3.253758871081485204e-01,1.478734959996364784e-01,2.740731121505930387e-02,2.338566600395215467e-01,9.831265426558355447e-02,-1.687447213730950552e-02,1.057975899490029986e-01,4.676227606940656228e-02,2.207231139905190820e-01,1.013043961742234045e-01,-3.419341557361965100e-01,-1.281214138416848954e-02,-2.157057362113329324e-01,5.001089200584805106e-01,-1.604582491500247121e-01,3.370490964553323199e-01,1.152609423349077733e-01,3.625882067049426838e-01,1.066642087784805543e-01,3.683561177806216058e-01,2.251442006961117404e-01,9.274569666385032093e-03,1.000000000000000000e+00,3.781157479336918481e-01,-5.623587381319856970e-02,3.459724316580826131e-01,-1.029128799392118460e-01,2.552313322636461934e-01,5.981355988755311381e-01,1.657654514638495225e-01,4.585514287252964727e-02,-2.021884748408838417e-01,1.726808600987503606e-01,2.455323858452408692e-01,-1.875895719087035118e-01,1.244073666269798623e-01,2.642455189470301335e-01,2.028976991048093426e-01,3.819378237851414060e-01
-2.696351979017293510e-01,2.141265611811665193e-01,7.750244498113037506e-02,-1.549787677822593024e-01,-3.034129771782734242e-02,3.865908279939882508e-01,7.830684697276941997e-02,5.386119005833503448e-02,-8.127131147798424826e-02,1.962857343867443760e-01,8.096723931370614080e-02,-2.150941381683973974e-01,3.680116851797136102e-01,2.875137228342936058e-01,1.459316658007507872e-01,-1.842784413895961759e-01,2.150145793392818638e-01,-2.002170658265713110e-01,-2.124898982200900191e-02,-2.586617832736748945e-01,-1.057845457103201263e-02,1.657750364306764812e-01,3.781157479336918481e-01,1.000000000000000000e+00,5.028322987284901124e-01,-2.338416219451331934e-01,4.041647267360188867e-01,-2.455847842004965087e-01,-1.133305078559458112e-01,4.554662476834774043e-02,3.331035364061338822e-01,3.613166685143929802e-01,1.223155345744474237e-01,-1.379486580621288871e-01,9.413236780309326701e-02,3.160551231862578775e-02,4.861910299891374354e-01,-2.161815294718748559e-01,-1.822062080043078125e-01
1.007770797381055405e-01,6.712297861356911755e-01,3.385530893240084049e-01,1.222813762266381082e-01,3.920971199789817785e-01,2.016802702897805000e-01,5.601685580113072715e-01,-1.182781058202553998e-01,3.724652884314896828e-01,7.129786040056962371e-01,2.759476758086150672e-01,-4.294988596985850338e-01,7.059912426303784905e-01,4.385227094841419593e-01,-2.755113684668648172e-02,1.881550718441142855e-01,-1.921538609332588410e-01,1.171086112290924824e-01,4.404120267899799823e-01,9.834547369105711700e-02,9.627209515421211727e-02,5.169931485186919362e-01,-5.623587381319856970e-02,5.028322987284901124e-01,1.000000000000000000e+00,5.977643167943125918e-02,7.653071525173847922e-01,-6.401752609541266903e-02,-1.494725615192664392e-01,5.589202589812861666e-01,6.785561570115983265e-01,6.732380796657341238e-01,1.201390257906491121e-01,2.287132208512196452e-01,4.944859465023919154e-01,5.621528705955882721e-01,7.046835933421625731e-01,1.020548771645575781e-01,9.349207777980299283e-02
8.029666953120629946e-01,4.634415660123319958e-01,3.966682949789335222e-01,5.556676132059291673e-01,6.056951965766005364e-01,-3.304915309669563261e-01,4.696432272023102206e-01,-2.260350241823816109e-01,7.102349444927691380e-01,4.064186610561893453e-01,-1.290294021968156069e-01,-1.692026687837579757e-01,-9.466164481552613585e-02,5.673218288144113997e-01,-5.203921413426984000e-01,6.260376388075785670e-01,-3.687209177538413041e-01,7.940185182638076489e-01,5.849367608081479375e-01,6.699078266179903096e-01,4.403764794589822840e-01,3.412449481056991085e-01,3.459724316580826131e-01,-2.338416219451331934e-01,5.977643167943125918e-02,1.000000000000000000e+00,1.280979854988261168e-01,5.597213738569751795e-01,5.981859842553941542e-01,5.203803582757856594e-01,2.485284607638624799e-01,3.430189102580518540e-02,3.622582016329817800e-01,5.458597887996067266e-01,2.273177179336387799e-01,5.305372296033583623e-01,3.803873190955055494e-01,5.398085273053717659e-01,6.582132006824598092e-01
2.842260847084145114e-02,5.367697986424568857e-01,4.342204289911949511e-01,9.416141392931612342e-02,4.057623364281952028e-01,1.130163740273749245e-01,5.095662372174387666e-01,-1.891633305738509296e-01,3.386613155896522342e-01,5.238259478066368269e-01,2.789802362688285631e-01,-3.734015302522649682e-01,7.190009132430513761e-01,3.776669044071382375e-01,-1.307113114339127913e-01,1.097929451275187970e-02,-1.168937582584780727e-01,1.026030273994025105e-01,4.428911191713613138e-01,2.309463315362535185e-02,5.700562801412054070e-02,5.061976355924004967e-01,-1.029128799392118460e-01,4.041647267360188867e-01,7.653071525173847922e-01,1.280979854988261168e-01,1.000000000000000000e+00,2.639784613818865256e-04,-2.053134597663464900e-01,3.807502448254610483e-01,6.904544649827968339e-01,7.467074484410264334e-01,2.338279491662508258e-01,1.568762534610439741e-01,6.083670472017979058e-01,4.500376130379715733e-01,6.506171970372023328e-01,7.240729661818919027e-02,1.344770207704802916e-03
5.184791931775784013e-01,-4.294849692128509255e-02,3.550847451392274423e-01,8.757387690991844109e-02,2.608080187229847025e-01,-3.999480834674660756e-01,7.445815373888856233e-03,-3.080950351340730475e-01,3.369451484136409825e-01,9.791588286542182717e-03,-3.136109010639887007e-01,1.071666158026922111e-01,-3.974796994092967828e-01,2.077953452841710125e-01,-2.575248130543709157e-01,4.626624162429011644e-01,-1.411094810590199193e-02,4.812041430548499310e-01,1.411807781560524000e-01,3.673805547861118681e-01,3.532661130851174058e-01,-1.272945184385182449e-01,2.552313322636461934e-01,-2.455847842004965087e-01,-6.401752609541266903e-02,5.597213738569751795e-01,2.639784613818865256e-04,1.000000000000000000e+00,5.996619181089382078e-01,1.421972340999226037e-01,6.005597418348886801e-02,-3.256559883332399985e-01,2.166837949141950381e-03,1.110463518899139912e-01,7.432650047966092577e-02,9.865791536861788502e-02,1.541275508775945095e-02,3.367510529706441158e-01,4.334417300656270844e-01
6.532643721053223995e-01,1.662871180940556082e-01,1.693664478964857778e-01,3.548980058517780534e-01,2.712869701398304412e-01,-3.973882060025100693e-01,2.025564248960558256e-01,-8.745719411677747857e-02,4.038934162261910155e-01,1.794456979436085675e-01,-3.712370277114265260e-01,1.112302337388594853e-01,-3.536088153999394357e-01,4.987414401776990025e-01,-2.129422816989699485e-01,5.990332635036705877e-01,-1.051375822980496894e-01,6.056054629602932726e-01,2.282003336658324777e-01,6.492783884749981915e-01,3.831094804863166559e-01,2.935030160763602014e-02,5.981355988755311381e-01,-1.133305078559458112e-01,-1.494725615192664392e-01,5.981859842553941542e-01,-2.053134597663464900e-01,5.996619181089382078e-01,1.000000000000000000e+00,3.045963860748870933e-01,1.450380633461888051e-02,-3.170597783306265405e-01,1.452039284644624784e-01,3.797963841089432302e-01,1.868990568100507149e-02,2.697103308286398216e-01,1.887667676884240420e-01,3.743270994931144346e-01,5.829568840443438704e-01
7.054534533575335109e-01,8.343714873088690087e-01,2.426743491838749822e-01,6.111889994144013016e-01,5.870636429750067942e-01,-2.432591668925617734e-01,7.723446161203545435e-01,-1.830186756644832649e-03,7.882054788214279961e-01,8.746944311567216301e-01,7.888726861174456817e-03,-4.874389790305493353e-01,3.634486464954155283e-01,6.186616309363677235e-01,-3.214646084395363368e-01,7.648052648883897353e-01,-6.610685887255536297e-01,6.263386762680220876e-01,7.433714996856491952e-01,6.465127550581257765e-01,2.393191904460866548e-01,4.882378816760491458e-01,1.657654514638495225e-01,4.554662476834774043e-02,5.589202589812861666e-01,5.203803582757856594e-01,3.807502448254610483e-01,1.421972340999226037e-01,3.045963860748870933e-01,1.000000000000000000e+00,4.750832446138468224e-01,3.457198863815225676e-01,1.187544762514019109e-01,7.126826898381197761e-01,3.081372721453702335e-01,8.716581137672294588e-01,6.521138793671087397e-01,5.639307352430611431e-01,6.068032814444747070e-01
1.789977102528714781e-01,5.527007017863505567e-01,4.073110190767693650e-01,2.246394091534339443e-01,5.160673335929173433e-01,3.947910319441740035e-02,5.124547408036448370e-01,-3.123775777661692010e-01,3.937823362409003658e-01,5.590753676255167948e-01,8.824994521058944497e-02,-2.964688348544890495e-01,5.857865922324301255e-01,5.156048752940017854e-01,-1.970087757560928243e-01,1.898657425089102235e-01,-1.632580014460349449e-01,2.457462305158662763e-01,4.568786540420862741e-01,2.132419333595352851e-01,1.728883627591705774e-01,5.083619173744839959e-01,4.585514287252964727e-02,3.331035364061338822e-01,6.785561570115983265e-01,2.485284607638624799e-01,6.904544649827968339e-01,6.005597418348886801e-02,1.450380633461888051e-02,4.750832446138468224e-01,1.000000000000000000e+00,5.549039160085337263e-01,2.245501689802653078e-01,2.432103233372626960e-01,5.244883471921503171e-01,5.137902985005035061e-01,6.323561354621126673e-01,1.359290783674979852e-01,1.575681949134328519e-01
-5.389078950336075730e-02,5.833759126835273978e-01,3.655837119027616766e-01,1.641866196432725522e-01,4.036686673379600299e-01,3.169723591556433129e-01,5.552027816283441330e-01,-9.832235849223962265e-02,2.876089948159623599e-01,5.162441802810021629e-01,5.292727650919146765e-01,-3.580095869391778929e-01,8.103370216874169474e-01,3.561122544616496799e-01,-9.042306122051817219e-02,-1.176521990897165248e-01,-1.554591083968465959e-01,5.072861588150734402e-02,4.403243208105434014e-01,3.295600827438098512e-02,2.588831463706717934e-02,6.541387984441157100e-01,-2.021884748408838417e-01,3.613166685143929802e-01,6.732380796657341238e-01,3.430189102580518540e-02,7.467074484410264334e-01,-3.256559883332399985e-01,-3.170597783306265405e-01,3.457198863815225676e-01,5.549039160085337263e-01,1.000000000000000000e+00,3.573599514882350725e-01,2.041881779526853735e-01,5.211210775855005251e-01,4.278903806723330372e-01,6.148459889256348010e-01,6.027490236450383509e-02,-4.801136770892035915e-02
2.112288555094214426e-01,2.441814560717666949e-01,5.288830640510198133e-01,1.578814015359170653e-01,3.557386888663984781e-01,1.555693650214989010e-01,2.881556493137228392e-01,-2.439113546954838896e-01,2.423954048238838865e-01,1.788648093563966757e-01,2.527700548177258533e-01,4.786917411754881835e-02,3.149774455570581999e-01,3.101942431661743327e-01,-1.109645570324836600e-01,2.143423554975392581e-02,3.344679088316075688e-02,2.282973187138301330e-01,2.344287922227226706e-01,1.916054977094253098e-01,6.348808285483069636e-01,7.191290238294646420e-01,1.726808600987503606e-01,1.223155345744474237e-01,1.201390257906491121e-01,3.622582016329817800e-01,2.338279491662508258e-01,2.166837949141950381e-03,1.452039284644624784e-01,1.187544762514019109e-01,2.245501689802653078e-01,3.573599514882350725e-01,1.000000000000000000e+00,1.112383068382911122e-01,3.169579919417154223e-01,1.489102977265434058e-01,2.981818633265049256e-01,1.747940656221703970e-02,1.004768628961117544e-01
6.628105794385568128e-01,6.823456786219082026e-01,1.307727467237394248e-01,6.545949920207644324e-01,4.701639176324072245e-01,-2.055537873388585679e-01,6.655443075531244368e-01,-1.858785289805493096e-02,7.035152612232083991e-01,6.523879241160430720e-01,-7.870244020786327718e-03,-2.820238185461535485e-01,1.707353647973045563e-01,5.032276159911647229e-01,-3.328069889405787518e-01,6.407362262327959135e-01,-5.215015844536463607e-01,6.587401895047978462e-01,6.463257698605544554e-01,7.072260896822175624e-01,1.355225433095242904e-01,3.675855460459068191e-01,2.455323858452408692e-01,-1.379486580621288871e-01,2.287132208512196452e-01,5.458597887996067266e-01,1.568762534610439741e-01,1.110463518899139912e-01,3.797963841089432302e-01,7.126826898381197761e-01,2.432103233372626960e-01,2.041881779526853735e-01,1.112383068382911122e-01,1.000000000000000000e+00,1.463576131689305337e-01,7.267103696465306850e-01,3.973300025612963582e-01,6.530302442253805850e-01,6.822130207416527981e-01
1.640825557250454314e-01,3.906714308504862787e-01,4.401876390200258338e-01,1.024814583411497726e-01,4.200039088738662940e-01,-1.261335365044284618e-01,4.645427247094171541e-01,-2.144339006630635869e-01,2.539493674602456008e-01,4.209708891003502984e-01,2.300274433452587919e-01,-1.040393505433687971e-01,5.489684567931080172e-01,3.598820454326566720e-01,-8.055334630987123767e-02,9.416944299793064688e-02,-1.617377494693489071e-01,1.374764388886518807e-01,3.485954038924691245e-01,2.188483615624349232e-01,1.883114590762963447e-01,5.319669759728236080e-01,-1.875895719087035118e-01,9.413236780309326701e-02,4.944859465023919154e-01,2.273177179336387799e-01,6.083670472017979058e-01,7.432650047966092577e-02,1.868990568100507149e-02,3.081372721453702335e-01,5.244883471921503171e-01,5.211210775855005251e-01,3.169579919417154223e-01,1.463576131689305337e-01,1.000000000000000000e+00,4.081000676459289322e-01,5.437810384914552042e-01,-1.073022798021886284e-02,6.804951827504603090e-03
6.605466544294823494e-01,8.472805835962784471e-01,2.363860817140238657e-01,6.358554640110583023e-01,5.796444650937231380e-01,-2.688022317296547281e-01,7.827825349158670232e-01,-1.363566592767300259e-02,7.629989686354723410e-01,8.635998463703959960e-01,7.116785169352246587e-02,-4.605769606588684395e-01,4.171265741927169257e-01,6.497616881518114562e-01,-3.541350070393661231e-01,6.731817621414241115e-01,-6.556908800339400489e-01,6.245799558913733840e-01,7.590898779421630937e-01,6.355519775924109993e-01,1.539021007091625759e-01,5.155365814110696165e-01,1.244073666269798623e-01,3.160551231862578775e-02,5.621528705955882721e-01,5.305372296033583623e-01,4.500376130379715733e-01,9.865791536861788502e-02,2.697103308286398216e-01,8.716581137672294588e-01,5.137902985005035061e-01,4.278903806723330372e-01,1.489102977265434058e-01,7.267103696465306850e-01,4.081000676459289322e-01,1.000000000000000000e+00,6.708641947617177692e-01,5.638020929188007901e-01,5.797306142606518664e-01
3.798447169816065450e-01,7.598703676792305517e-01,3.075854150441241774e-01,3.594296099805444067e-01,5.001669125616979850e-01,-7.457275201168978018e-02,6.728225838349446430e-01,-1.174010504095176002e-02,5.418794710306292783e-01,7.486817298256380759e-01,5.850960657311526925e-02,-4.329509620684199867e-01,5.581831193621680232e-01,7.381054434486575833e-01,-1.944477545131741425e-01,3.941850539320929103e-01,-3.697319375731447644e-01,3.745527474978419535e-01,5.823122823161669404e-01,3.839159158377051795e-01,2.062197117162772875e-01,5.614681499113084451e-01,2.642455189470301335e-01,4.861910299891374354e-01,7.046835933421625731e-01,3.803873190955055494e-01,6.506171970372023328e-01,1.541275508775945095e-02,1.887667676884240420e-01,6.521138793671087397e-01,6.323561354621126673e-01,6.148459889256348010e-01,2.981818633265049256e-01,3.973300025612963582e-01,5.437810384914552042e-01,6.708641947617177692e-01,1.000000000000000000e+00,2.193883271970544502e-01,2.757541533659316757e-01
6.110339846400051345e-01,5.072031717011572516e-01,2.259343608884908650e-01,7.180241981668591400e-01,5.037945147787560307e-01,-2.067197859626705991e-01,5.797974822596773103e-01,-1.651270872552989544e-01,7.387303086281322706e-01,4.747905419145740380e-01,1.367671619342296710e-02,-4.157458521525196904e-01,-1.423722783452464544e-02,3.972340311056590800e-01,-5.086156381275352967e-01,5.645373772324279171e-01,-3.938200724136201036e-01,7.340013269810091723e-01,6.921943349265972101e-01,5.953110336076739006e-01,1.151551259914218861e-01,1.576306060691753108e-01,2.028976991048093426e-01,-2.161815294718748559e-01,1.020548771645575781e-01,5.398085273053717659e-01,7.240729661818919027e-02,3.367510529706441158e-01,3.743270994931144346e-01,5.639307352430611431e-01,1.359290783674979852e-01,6.027490236450383509e-02,1.747940656221703970e-02,6.530302442253805850e-01,-1.073022798021886284e-02,5.638020929188007901e-01,2.193883271970544502e-01,1.000000000000000000e+00,7.990266493591458019e-01
7.290366615164318720e-01,5.406575319633447618e-01,2.318899387333100970e-01,7.270947488294476901e-01,5.429789593142515525e-01,-2.118088586401616624e-01,5.977118042939200127e-01,-1.768094538509644431e-01,7.862887252202100941e-01,5.141165551403121814e-01,-1.298415015456482746e-01,-3.671163336072386651e-01,-9.746573586714846194e-02,5.208340241944211524e-01,-5.204565213242344779e-01,6.803310768021533228e-01,-3.233821243948544755e-01,8.363220080863204009e-01,6.679904535847002167e-01,7.048925290715269965e-01,2.545279800710378848e-01,1.828496042256204102e-01,3.819378237851414060e-01,-1.822062080043078125e-01,9.349207777980299283e-02,6.582132006824598092e-01,1.344770207704802916e-03,4.334417300656270844e-01,5.829568840443438704e-01,6.068032814444747070e-01,1.575681949134328519e-01,-4.801136770892035915e-02,1.004768628961117544e-01,6.822130207416527981e-01,6.804951827504603090e-03,5.797306142606518664e-01,2.757541533659316757e-01,7.990266493591458019e-01,1.000000000000000000e+00
