1.000000000000000000e+00,5.895416893784164447e-01,3.006815500320556556e-01,-1.618678768020929692e-01,1.960613249621325771e-01,4.219789418371862610e-01,-9.973427022944842193e-03,1.684012298682155961e-01,5.044100006671056180e-01,4.834016446731058680e-01,-2.516537118715165278e-01,-4.031414172523316020e-01,1.868916792696004581e-01,1.053269218579380578e-01,4.469464785148370978e-01,5.482843364592607793e-01,4.720202291979793546e-02,8.185897611601758439e-02,-1.987839571008846035e-02,1.212362129529431509e-01,-5.216865400996123503e-01,-3.187074423343225771e-01,3.377356129200156931e-01,2.140390095627404121e-01,3.046215727841989351e-01,4.152147935810479584e-02,-5.329763522981620927e-01,4.989612833094245747e-01,3.586400398956758329e-01,4.917745151273564819e-01,-3.116557487705509111e-01,-1.018960031555909418e-01,-6.267903509165121401e-01,3.620971215205809335e-01,4.414452621655646225e-01,2.791850538278935479e-01,2.609450081057165249e-01,6.848809994329819739e-01,5.049350392639502250e-01
5.895416893784164447e-01,1.000000000000000000e+00,2.838361999496614718e-01,-1.956462664898500972e-02,1.978848780191940493e-01,4.073577003571535737e-01,-1.680425022382663613e-01,7.134341428539836549e-02,4.277633645917447991e-01,5.454965842444419177e-01,-1.263498291127412021e-01,-1.148410210872984408e-02,1.153664303730835144e-01,1.290214073345583856e-01,2.080041152384690673e-01,5.955880796157585477e-01,2.681684023261637906e-01,5.380103356452518859e-02,-2.560833977608173093e-02,-1.765952193537547246e-02,-2.726168552040780235e-01,-1.304720204622367985e-01,4.864131324355538410e-01,3.114217764126736565e-01,4.289460714850753531e-01,-7.483992519130232279e-02,-2.968659104464699272e-01,2.340151591123955377e-01,2.298205520166600180e-01,3.599011545096958975e-01,-8.001426267014710714e-02,6.668550775008190434e-02,-4.415858752772218732e-01,3.298111448020846770e-01,4.985859353634405911e-01,4.397102165559960696e-01,3.730263869160241885e-01,4.716372018434181190e-01,5.820405232303981213e-01
3.006815500320556556e-01,2.838361999496614718e-01,1.000000000000000000e+00,9.249250536412639834e-02,4.961440068831838857e-01,4.481066333199627549e-01,1.187566709823062172e-01,-4.586776036500027076e-01,4.470424906973132217e-01,4.902347079575016808e-01,-2.108459150409012217e-01,-1.647673810694962881e-01,-4.180469943038835068e-02,2.858133641087199361e-01,1.996855634202959473e-01,3.891949633375567097e-01,-8.904056100036519816e-02,4.887046234277928614e-01,4.259158898984211628e-01,-8.163256102764494815e-02,-8.980023703516268330e-02,-6.364591748944010974e-02,3.238928181735957756e-01,3.076589340279186069e-01,2.575951834928912887e-01,3.172127525592799979e-01,-1.804099730805985152e-02,3.963197301101728520e-01,2.291425871387568203e-01,2.893892029252385090e-01,6.194633411230903580e-02,1.175399903759977022e-01,-2.259718332178278499e-01,5.037806812352102481e-01,3.974136953781287618e-01,2.684379187820967183e-01,2.951284678415601048e-01,3.031412681955407695e-01,3.453404623214818558e-01
-1.618678768020929692e-01,-1.956462664898500972e-02,9.249250536412639834e-02,1.000000000000000000e+00,-1.481325838875285350e-01,1.600308786060347099e-01,3.078783115321854780e-01,1.188033186814973496e-01,-1.084003184619026228e-01,-4.940325325999212619e-02,2.623928366925951799e-02,-1.307513694712834906e-02,2.399343144543410467e-01,3.752901134271947881e-02,-5.152769515663250255e-01,-1.663410312190209128e-01,-4.902805964716561507e-03,1.314669653587458575e-01,6.307621556205048052e-02,2.136153189278380549e-01,1.511238646134509533e-01,3.247689754817171814e-01,2.032530908922577928e-01,3.717692101615026057e-01,6.355700785923498741e-02,-1.238143155015562352e-01,4.490201108525307405e-01,-9.076931823799135046e-02,1.632586991750261673e-01,-4.172874633047519710e-01,-3.132708556738218741e-02,3.270356860469439408e-01,1.010055375604698297e-01,-1.784050774658098304e-01,1.925378847912126157e-01,-1.074454626307370791e-01,3.504684589597314992e-01,-3.465692836888554229e-01,4.774082788656595217e-02
1.960613249621325771e-01,1.978848780191940493e-01,4.961440068831838857e-01,-1.481325838875285350e-01,1.000000000000000000e+00,2.164062133567912771e-01,-2.207362507433496268e-01,-4.451058122192553257e-01,3.371970018580494055e-01,3.196322992484665337e-01,-1.783208221967162721e-01,-7.506529803053572925e-03,-3.046990515461598381e-01,3.453417005942038820e-01,2.191388741208601387e-01,3.720180537547373434e-01,-2.515349793633658154e-02,3.975833016279514132e-01,3.416575747184810719e-01,-2.860144894220872924e-01,-2.130038513751109086e-01,-2.442056640997335715e-01,1.620571411077205981e-01,1.372296050400589884e-01,1.816600080570167086e-01,1.892980651193239550e-01,-2.263439038660178537e-01,9.856531005270510737e-02,1.038716248184788499e-01,3.965016048050143960e-01,2.786432555850025805e-01,-8.311070887316063249e-02,-1.878367786142512708e-01,7.119653279458695305e-01,1.541985383185578151e-01,2.586207488456481185e-01,3.810169849279730625e-02,2.250006939741729939e-01,1.685217246353029885e-01
4.219789418371862610e-01,4.073577003571535737e-01,4.481066333199627549e-01,1.600308786060347099e-01,2.164062133567912771e-01,1.000000000000000000e+00,1.502428552042735233e-01,1.986248489618545887e-01,4.014249208831347504e-01,5.524364973642135190e-01,-2.431853696663119624e-01,-2.187714325160620976e-01,4.171963150667002407e-01,3.083468208680460454e-01,1.429576794512789906e-01,3.732916728431048270e-01,-2.424219327066182497e-02,2.120423358529829050e-01,2.587964270024071256e-01,1.912734704000812747e-01,-3.472932185026026963e-01,-3.331487450497937902e-02,6.160779449729476553e-01,7.093600918742243300e-01,4.380697412621633036e-01,-1.386285011667676981e-01,-1.612739172467912152e-01,3.547094939310299067e-01,5.587075849573518438e-01,1.758578351883507140e-01,-4.441153806701330087e-01,3.868897315694410644e-01,-4.589645533809432743e-01,3.290862240857784227e-01,7.145771303303171118e-01,3.089652738900224294e-01,7.207641335643244496e-01,3.115988164360981583e-01,4.367295633533260224e-01
-9.973427022944842193e-03,-1.680425022382663613e-01,1.187566709823062172e-01,3.078783115321854780e-01,-2.207362507433496268e-01,1.502428552042735233e-01,1.000000000000000000e+00,1.558297756916083299e-01,1.886251193072184182e-02,4.242807411512956872e-02,1.349817491574210535e-02,-3.821416084358778553e-01,2.813567723447547020e-01,-8.279145272100094100e-02,-1.897504115596362062e-01,-1.086208392996957650e-01,-4.712176638194415235e-02,1.585472324329615379e-01,2.254799150347079340e-01,1.453243009680617037e-01,-2.418393339482111451e-02,1.657295394211170114e-01,1.077379131772315257e-01,1.687071546174660486e-01,7.184028939305997508e-02,-1.697310856280158028e-02,1.558536131788149648e-01,2.704072315219576694e-01,1.830051536242325583e-01,-1.410273014996350771e-01,-2.784493346858003537e-01,2.216642612458679662e-01,8.916947878881104983e-04,-2.334413313499767995e-01,1.291630712319214169e-01,-1.444367333075405879e-01,2.076650346928161917e-01,-9.904216061882918642e-02,-3.612550126224299205e-03
1.684012298682155961e-01,7.134341428539836549e-02,-4.586776036500027076e-01,1.188033186814973496e-01,-4.451058122192553257e-01,1.986248489618545887e-01,1.558297756916083299e-01,1.000000000000000000e+00,-9.085896344307689554e-02,-5.122423213821093724e-02,-2.884162437266131820e-02,-2.437832402279545008e-01,5.777593289792588571e-01,-1.277961129967206400e-01,-8.693723961586979909e-02,-1.188235815317187222e-01,2.463620977033250531e-02,-4.092510198085275164e-01,-3.426878750412355457e-01,3.359276107107632137e-01,-3.145105912457844544e-01,6.776527165446265266e-02,1.480856536807398927e-01,2.678129779707958957e-01,6.033509399880988139e-02,-5.521677135979674578e-01,-2.175964774911339217e-01,4.319360371204000043e-02,3.165057059995005639e-01,-2.017367261055898198e-01,-6.098336333590487213e-01,2.361815988669548338e-01,-3.098223451315966215e-01,-2.920107116763835942e-01,1.777213639704581238e-01,-5.839441053477226196e-02,3.113047654540476716e-01,5.334660044985366917e-02,1.333083137034353494e-01
5.044100006671056180e-01,4.277633645917447991e-01,4.470424906973132217e-01,-1.084003184619026228e-01,3.371970018580494055e-01,4.014249208831347504e-01,1.886251193072184182e-02,-9.085896344307689554e-02,1.000000000000000000e+00,5.286110304620973421e-01,-1.350189026048486673e-01,-2.585478093275463407e-01,5.290563095021583347e-03,2.390791317789367210e-01,2.487849970496663621e-01,5.198218000780835402e-01,5.503964582297690006e-02,3.220877816261649706e-01,2.670672872164318035e-01,-1.214126440553129210e-01,-3.781811387344308217e-01,-2.102119568959843199e-01,3.561249339298798167e-01,2.468644782985400521e-01,3.314970660600882191e-01,1.670531566599703921e-01,-2.775224010278934950e-01,2.776327537915215804e-01,2.391700538781363072e-01,4.699860807335563551e-01,-1.117701530682917860e-01,-9.540685588527175742e-02,-4.191098616513316832e-01,4.865308304145627427e-01,3.958025659026613852e-01,2.730289966587999273e-01,2.572599229721579395e-01,5.783119068146219677e-01,5.728512277927347851e-01
4.834016446731058680e-01,5.454965842444419177e-01,4.902347079575016808e-01,-4.940325325999212619e-02,3.196322992484665337e-01,5.524364973642135190e-01,4.242807411512956872e-02,-5.122423213821093724e-02,5.286110304620973421e-01,1.000000000000000000e+00,-1.165884581240144990e-01,-5.172089244757848564e-02,1.389228742604275424e-01,2.814967794157263725e-01,3.714176124782441191e-01,7.344181961304434569e-01,1.405727348458240822e-01,4.220245509268160111e-01,3.813028937271387697e-01,9.255721841206410172e-02,-2.710308150875244126e-01,-1.138017289564150214e-01,6.036988866065132742e-01,4.604740256362579998e-01,5.441058604883659555e-01,8.862220405990788030e-02,-2.314432399449423139e-01,4.170834017604109212e-01,2.031378093710284327e-01,5.301682611860651928e-01,-2.374366447340007236e-01,9.865669915161344450e-02,-4.346992605362201556e-01,4.691755287816598008e-01,6.335271532679106476e-01,5.248115506425395926e-01,4.433775271758012559e-01,3.910232343485797180e-01,4.710952611792111888e-01
-2.516537118715165278e-01,-1.263498291127412021e-01,-2.108459150409012217e-01,2.623928366925951799e-02,-1.783208221967162721e-01,-2.431853696663119624e-01,1.349817491574210535e-02,-2.884162437266131820e-02,-1.350189026048486673e-01,-1.165884581240144990e-01,1.000000000000000000e+00,1.769095842120830819e-01,-8.689266421028093990e-02,-7.351276858379060530e-02,-2.409226457466045190e-01,-1.268924597866831483e-01,3.721629609812998063e-01,-3.444543229561262271e-02,2.921987239166936798e-02,-1.805793667619569332e-01,1.304648788673845594e-01,2.183083573822796469e-02,1.699824340390490851e-01,-1.401225545834871855e-01,3.134934491708661342e-01,-5.851338353328434244e-02,1.954055688592171991e-01,-2.397208188664439743e-01,-3.250430259935573329e-01,-1.160347061320078921e-01,1.182294012910774378e-01,-6.555208039363114025e-02,1.692416435228445981e-01,-2.174947377868116094e-01,-1.851273895089985688e-01,-2.393738506918034400e-02,-1.670539174205730448e-01,-2.630407918592495009e-01,-1.167853601616199166e-01
-4.031414172523316020e-01,-1.148410210872984408e-02,-1.647673810694962881e-01,-1.307513694712834906e-02,-7.506529803053572925e-03,-2.187714325160620976e-01,-3.821416084358778553e-01,-2.437832402279545008e-01,-2.585478093275463407e-01,-5.172089244757848564e-02,1.769095842120830819e-01,1.000000000000000000e+00,-2.404233407084335195e-01,-9.130038390934509807e-02,-8.306013345114770423e-04,1.707020291785458057e-03,1.521937863488303233e-01,7.086651042355873384e-03,6.453675222137666978e-02,3.034245023424469653e-02,4.953571178308345258e-01,2.649188609485921830e-01,-3.575807698858458894e-02,-1.142942692915839276e-01,-2.983127785243472677e-02,1.187131783956782705e-01,4.223550335555670832e-01,-3.189296318723706669e-01,-4.075206553211702665e-01,-8.606588482739464807e-02,2.938838070223523391e-01,3.346128780376191048e-02,4.999314795203634310e-01,5.264304987759142740e-03,-1.354759886435335514e-01,1.591339580130556597e-01,-1.439711975940672906e-01,-3.495673255947435720e-01,-2.237367998828023175e-01
1.868916792696004581e-01,1.153664303730835144e-01,-4.180469943038835068e-02,2.399343144543410467e-01,-3.046990515461598381e-01,4.171963150667002407e-01,2.813567723447547020e-01,5.777593289792588571e-01,5.290563095021583347e-03,1.389228742604275424e-01,-8.689266421028093990e-02,-2.404233407084335195e-01,1.000000000000000000e+00,-5.822140069292235792e-02,-1.487003159238403996e-02,-5.073993502165529551e-02,-1.033891108849448008e-02,-1.604299129491047193e-01,-1.047906393584861207e-01,3.684071776682544819e-01,-2.268367731128502207e-01,6.979258054346365592e-02,2.947518160779638574e-01,3.847084529385225715e-01,1.515541020900171842e-01,-3.587586351779242233e-01,-6.245603825535257780e-02,2.490601317954845018e-01,4.158008534205420159e-01,-1.534551420147335643e-01,-6.401127887347278778e-01,4.582467474449995470e-01,-2.714410996720844071e-01,-1.378195070020903079e-01,3.519769208940037863e-01,2.040469730240617244e-02,4.872086238650835677e-01,9.517885082949857634e-02,2.412690687143784762e-01
1.053269218579380578e-01,1.290214073345583856e-01,2.858133641087199361e-01,3.752901134271947881e-02,3.453417005942038820e-01,3.083468208680460454e-01,-8.279145272100094100e-02,-1.277961129967206400e-01,2.390791317789367210e-01,2.814967794157263725e-01,-7.351276858379060530e-02,-9.130038390934509807e-02,-5.822140069292235792e-02,1.000000000000000000e+00,8.770016038371596101e-03,2.607234909384757438e-01,-2.871113991420214465e-02,2.360221047406017292e-01,1.867812343275390141e-01,-1.409762441900554442e-01,-1.271834295052826913e-01,-4.898922149972829293e-02,2.874350466633994183e-01,3.533280877158619937e-01,2.372390111721886519e-01,2.086857313541999950e-02,-1.032377839894145916e-01,5.610836130420657902e-03,1.366268545244475607e-01,2.504158602172888992e-01,6.593304318065593139e-02,1.858368875250373392e-02,-7.120249960329892713e-02,3.066389163198562362e-01,3.735240978571812143e-01,2.643922385592489821e-01,3.551680565417735802e-01,1.318096114267400532e-01,1.808663432670234716e-01
4.469464785148370978e-01,2.080041152384690673e-01,1.996855634202959473e-01,-5.152769515663250255e-01,2.191388741208601387e-01,1.429576794512789906e-01,-1.897504115596362062e-01,-8.693723961586979909e-02,2.487849970496663621e-01,3.714176124782441191e-01,-2.409226457466045190e-01,-8.306013345114770423e-04,-1.487003159238403996e-02,8.770016038371596101e-03,1.000000000000000000e+00,4.610558956568762135e-01,-3.249569690589803467e-02,2.103124099290225868e-01,1.708705793151295838e-01,2.176507817233764297e-01,-2.365594278026287023e-01,-3.269829641120173824e-01,8.051318531641647736e-02,-8.879482207315925191e-02,1.395679529927839613e-01,3.203368223209089871e-01,-4.646668837514882355e-01,5.118651324812457659e-01,5.793656674698445877e-03,5.952902232248226122e-01,-2.185444215973408599e-01,-2.018371669842893568e-01,-2.994676401083520845e-01,4.121751343318345029e-01,2.105589234756065076e-01,3.192782827805943358e-01,-8.551995406873126593e-02,4.389853484717520793e-01,6.155897220451917590e-02
5.482843364592607793e-01,5.955880796157585477e-01,3.891949633375567097e-01,-1.663410312190209128e-01,3.720180537547373434e-01,3.732916728431048270e-01,-1.086208392996957650e-01,-1.188235815317187222e-01,5.198218000780835402e-01,7.344181961304434569e-01,-1.268924597866831483e-01,1.707020291785458057e-03,-5.073993502165529551e-02,2.607234909384757438e-01,4.610558956568762135e-01,1.000000000000000000e+00,1.901420077764966188e-01,4.214838513356177763e-01,3.276972564211891870e-01,1.517046188051267286e-02,-3.054026638524941495e-01,-2.530851969087828945e-01,4.923046067477085397e-01,2.713439729105812659e-01,4.872687893972437179e-01,1.939689483703924133e-01,-3.418457634605687190e-01,4.021680377566390630e-01,2.686797881222439260e-02,6.808916506495188425e-01,-1.031736075740338210e-01,-1.539609960827638402e-01,-4.133195594887288382e-01,5.208158069595570927e-01,5.102103723394274537e-01,5.226635950894504834e-01,2.264118316378555817e-01,4.452745350755998310e-01,3.697441697414255990e-01
4.720202291979793546e-02,2.681684023261637906e-01,-8.904056100036519816e-02,-4.902805964716561507e-03,-2.515349793633658154e-02,-2.424219327066182497e-02,-4.712176638194415235e-02,2.463620977033250531e-02,5.503964582297690006e-02,1.405727348458240822e-01,3.721629609812998063e-01,1.521937863488303233e-01,-1.033891108849448008e-02,-2.871113991420214465e-02,-3.249569690589803467e-02,1.901420077764966188e-01,1.000000000000000000e+00,3.183274878954278631e-02,-1.164644809256873415e-02,-7.059829993676361437e-02,6.809475462697369731e-03,6.481064677212678218e-03,3.642715596305251546e-01,-1.383000903670690215e-02,4.446320080225871219e-01,3.748996977076345105e-02,1.815103266711121793e-02,-7.753832426340748207e-02,-2.310702063664105410e-01,7.332653445840338347e-02,7.332711053034601800e-02,1.386199600851311699e-02,-4.653946324948046026e-02,5.624400602497550868e-03,1.520820706807664568e-01,7.125398237397392864e-02,4.404761469590157651e-03,2.189122738786087458e-02,1.051171492441815153e-01
8.185897611601758439e-02,5.380103356452518859e-02,4.887046234277928614e-01,1.314669653587458575e-01,3.975833016279514132e-01,2.120423358529829050e-01,1.585472324329615379e-01,-4.092510198085275164e-01,3.220877816261649706e-01,4.220245509268160111e-01,-3.444543229561262271e-02,7.086651042355873384e-03,-1.604299129491047193e-01,2.360221047406017292e-01,2.103124099290225868e-01,4.214838513356177763e-01,3.183274878954278631e-02,1.000000000000000000e+00,7.446752930585478492e-01,-6.072090756917299798e-02,-7.589673893013940131e-02,-1.826589186303205214e-01,2.925747835548674347e-01,1.572972626010421815e-01,2.999878267779461649e-01,4.023017635601794928e-01,3.446848532616519217e-02,2.539969333501049809e-01,-6.102982179845772154e-02,3.520597482103275389e-01,1.105338741812459807e-01,-9.340184613761999544e-02,-7.943762763988508613e-02,4.089562107391289114e-01,2.933416166414667958e-01,2.244362509054329546e-01,7.698126882113542901e-02,-5.881351102685516280e-03,1.766838032231843672e-02
-1.987839571008846035e-02,-2.560833977608173093e-02,4.259158898984211628e-01,6.307621556205048052e-02,3.416575747184810719e-01,2.587964270024071256e-01,2.254799150347079340e-01,-3.426878750412355457e-01,2.670672872164318035e-01,3.813028937271387697e-01,2.921987239166936798e-02,6.453675222137666978e-02,-1.047906393584861207e-01,1.867812343275390141e-01,1.708705793151295838e-01,3.276972564211891870e-01,-1.164644809256873415e-02,7.446752930585478492e-01,1.000000000000000000e+00,-9.449447712199954275e-02,-1.750517495976206678e-02,-1.155258064937386836e-01,3.138788216443221257e-01,2.035045391126797942e-01,3.118559836853982414e-01,2.998097205426685785e-01,7.088996939006116105e-02,1.852605171529886630e-01,-2.574080438025962841e-02,2.758476511281410803e-01,7.989597838564867910e-03,8.309719729689852077e-03,-2.671349633505741214e-02,3.702225734518718170e-01,2.675181786147066143e-01,2.334150558924536489e-01,1.273220060814450882e-01,-7.575768476978053667e-02,-6.838973324948925681e-02
1.212362129529431509e-01,-1.765952193537547246e-02,-8.163256102764494815e-02,2.136153189278380549e-01,-2.860144894220872924e-01,1.912734704000812747e-01,1.453243009680617037e-01,3.359276107107632137e-01,-1.214126440553129210e-01,9.255721841206410172e-02,-1.805793667619569332e-01,3.034245023424469653e-02,3.684071776682544819e-01,-1.409762441900554442e-01,2.176507817233764297e-01,1.517046188051267286e-02,-7.059829993676361437e-02,-6.072090756917299798e-02,-9.449447712199954275e-02,1.000000000000000000e+00,1.534475336207164198e-01,3.756464646478121505e-01,9.358429622814717908e-02,2.253870006371282431e-01,-1.645810447049598363e-02,9.636078965514432992e-02,1.089181193169699580e-01,2.854417766715843796e-01,1.714926930045539422e-01,-1.023265454723732981e-01,-4.278407663918955550e-01,2.403304284509915900e-01,2.170327110800352594e-02,-1.108982020057063811e-01,2.214624899462125651e-01,-1.284494544230314721e-02,2.102314942104025475e-01,-4.251252156377836877e-02,-7.565196047974304117e-02
-5.216865400996123503e-01,-2.726168552040780235e-01,-8.980023703516268330e-02,1.511238646134509533e-01,-2.130038513751109086e-01,-3.472932185026026963e-01,-2.418393339482111451e-02,-3.145105912457844544e-01,-3.781811387344308217e-01,-2.710308150875244126e-01,1.304648788673845594e-01,4.953571178308345258e-01,-2.268367731128502207e-01,-1.271834295052826913e-01,-2.365594278026287023e-01,-3.054026638524941495e-01,6.809475462697369731e-03,-7.589673893013940131e-02,-1.750517495976206678e-02,1.534475336207164198e-01,1.000000000000000000e+00,5.836438809720242427e-01,-2.670967447825396968e-01,-2.114676466641470798e-01,-3.039248067424185074e-01,3.115041456943745124e-01,6.243351453063287204e-01,-3.222029902574311544e-01,-3.769604662247413307e-01,-3.591901947754165825e-01,3.150791642501800660e-01,6.643856862603443603e-02,6.975183617697769956e-01,-2.473694051712510000e-01,-2.848677971143421250e-01,-1.376228033275894436e-01,-1.957491586419015661e-01,-4.502280220496410190e-01,-3.412203506512214157e-01
-3.187074423343225771e-01,-1.304720204622367985e-01,-6.364591748944010974e-02,3.247689754817171814e-01,-2.442056640997335715e-01,-3.331487450497937902e-02,1.657295394211170114e-01,6.776527165446265266e-02,-2.102119568959843199e-01,-1.138017289564150214e-01,2.183083573822796469e-02,2.649188609485921830e-01,6.979258054346365592e-02,-4.898922149972829293e-02,-3.269829641120173824e-01,-2.530851969087828945e-01,6.481064677212678218e-03,-1.826589186303205214e-01,-1.155258064937386836e-01,3.756464646478121505e-01,5.836438809720242427e-01,1.000000000000000000e+00,-6.306570150101802053e-02,1.389298632714308090e-01,-1.891323342557447440e-01,5.870424193078303821e-02,5.413651771297967041e-01,-2.108131975735088870e-01,-3.481237857215859627e-02,-4.242079599407352908e-01,-8.683146194513064603e-03,3.242755494532084670e-01,4.590036488275324178e-01,-2.569516123551213171e-01,-3.361077121600375417e-02,-1.749333764161024041e-01,1.463081214685493514e-01,-3.116630061068752511e-01,-1.152438705003931835e-01
3.377356129200156931e-01,4.864131324355538410e-01,3.238928181735957756e-01,2.032530908922577928e-01,1.620571411077205981e-01,6.160779449729476553e-01,1.077379131772315257e-01,1.480856536807398927e-01,3.561249339298798167e-01,6.036988866065132742e-01,1.699824340390490851e-01,-3.575807698858458894e-02,2.947518160779638574e-01,2.874350466633994183e-01,8.051318531641647736e-02,4.923046067477085397e-01,3.642715596305251546e-01,2.925747835548674347e-01,3.138788216443221257e-01,9.358429622814717908e-02,-2.670967447825396968e-01,-6.306570150101802053e-02,1.000000000000000000e+00,6.247238895826251470e-01,7.667726999874935334e-01,-1.002131371369007901e-01,-1.001727390258834172e-01,2.463313743881918594e-01,2.762774527104458477e-01,2.229665313015802286e-01,-3.020638850842833345e-01,2.816166272244255420e-01,-4.224209591110460460e-01,2.863314903452723326e-01,7.027066816241116509e-01,4.260525065106062770e-01,5.754343789676338305e-01,1.909111780311996409e-01,3.838860140443235425e-01
2.140390095627404121e-01,3.114217764126736565e-01,3.076589340279186069e-01,3.717692101615026057e-01,1.372296050400589884e-01,7.093600918742243300e-01,1.687071546174660486e-01,2.678129779707958957e-01,2.468644782985400521e-01,4.604740256362579998e-01,-1.401225545834871855e-01,-1.142942692915839276e-01,3.847084529385225715e-01,3.533280877158619937e-01,-8.879482207315925191e-02,2.713439729105812659e-01,-1.383000903670690215e-02,1.572972626010421815e-01,2.035045391126797942e-01,2.253870006371282431e-01,-2.114676466641470798e-01,1.389298632714308090e-01,6.247238895826251470e-01,1.000000000000000000e+00,4.501345461375090284e-01,-2.355920560291946408e-01,-8.489154441734176638e-04,1.942622858554071130e-01,5.187980616006869772e-01,-9.922356536109035868e-03,-3.958715016080561200e-01,4.718533023037920771e-01,-3.385952089368324813e-01,2.346833295894607818e-01,6.586169845962599467e-01,3.400593444413732569e-01,7.326178955456695840e-01,4.647815741660796252e-02,3.303136875723283739e-01
3.046215727841989351e-01,4.289460714850753531e-01,2.575951834928912887e-01,6.355700785923498741e-02,1.816600080570167086e-01,4.380697412621633036e-01,7.184028939305997508e-02,6.033509399880988139e-02,3.314970660600882191e-01,5.441058604883659555e-01,3.134934491708661342e-01,-2.983127785243472677e-02,1.515541020900171842e-01,2.372390111721886519e-01,1.395679529927839613e-01,4.872687893972437179e-01,4.446320080225871219e-01,2.999878267779461649e-01,3.118559836853982414e-01,-1.645810447049598363e-02,-3.039248067424185074e-01,-1.891323342557447440e-01,7.667726999874935334e-01,4.501345461375090284e-01,1.000000000000000000e+00,-5.305230645281005381e-02,-1.752221784033332341e-01,2.125437294054982884e-01,1.426991353735097556e-01,2.969741165939407401e-01,-2.064381854669272154e-01,1.406395278846856722e-01,-4.104336533542968235e-01,2.677675416234151506e-01,5.521483225568832864e-01,4.218913397142112776e-01,3.562530701345111295e-01,1.743036035480026447e-01,2.890703411008228585e-01
4.152147935810479584e-02,-7.483992519130232279e-02,3.172127525592799979e-01,-1.238143155015562352e-01,1.892980651193239550e-01,-1.386285011667676981e-01,-1.697310856280158028e-02,-5.521677135979674578e-01,1.670531566599703921e-01,8.862220405990788030e-02,-5.851338353328434244e-02,1.187131783956782705e-01,-3.587586351779242233e-01,2.086857313541999950e-02,3.203368223209089871e-01,1.939689483703924133e-01,3.748996977076345105e-02,4.023017635601794928e-01,2.998097205426685785e-01,9.636078965514432992e-02,3.115041456943745124e-01,5.870424193078303821e-02,-1.002131371369007901e-01,-2.355920560291946408e-01,-5.305230645281005381e-02,1.000000000000000000e+00,2.079989369993614501e-01,1.934550088305950211e-01,-2.732099834025928375e-01,2.854065975853793957e-01,2.761575695003609110e-01,-2.607979257656070637e-01,2.473512153621057474e-01,2.371125171782481333e-01,-6.508853958347907143e-02,-1.544173723070129366e-02,-3.082912443156552440e-01,9.622464150054260701e-02,-1.442843187764328294e-01
-5.329763522981620927e-01,-2.968659104464699272e-01,-1.804099730805985152e-02,4.490201108525307405e-01,-2.263439038660178537e-01,-1.612739172467912152e-01,1.558536131788149648e-01,-2.175964774911339217e-01,-2.775224010278934950e-01,-2.314432399449423139e-01,1.954055688592171991e-01,4.223550335555670832e-01,-6.245603825535257780e-02,-1.032377839894145916e-01,-4.646668837514882355e-01,-3.418457634605687190e-01,1.815103266711121793e-02,3.446848532616519217e-02,7.088996939006116105e-02,1.089181193169699580e-01,6.243351453063287204e-01,5.413651771297967041e-01,-1.001727390258834172e-01,-8.489154441734176638e-04,-1.752221784033332341e-01,2.079989369993614501e-01,1.000000000000000000e+00,-3.240313751993635361e-01,-2.552600897422516724e-01,-4.535359114386149915e-01,2.296705802979330802e-01,2.062428583684287053e-01,6.242283921614035780e-01,-3.048031645057159844e-01,-1.646999206181536946e-01,-1.910554663862586156e-01,-1.938067284464210782e-02,-5.127242888164404988e-01,-2.229741681324539371e-01
4.989612833094245747e-01,2.340151591123955377e-01,3.963197301101728520e-01,-9.076931823799135046e-02,9.856531005270510737e-02,3.547094939310299067e-01,2.704072315219576694e-01,4.319360371204000043e-02,2.776327537915215804e-01,4.170834017604109212e-01,-2.397208188664439743e-01,-3.189296318723706669e-01,2.490601317954845018e-01,5.610836130420657902e-03,5.118651324812457659e-01,4.021680377566390630e-01,-7.753832426340748207e-02,2.539969333501049809e-01,1.852605171529886630e-01,2.854417766715843796e-01,-3.222029902574311544e-01,-2.108131975735088870e-01,2.463313743881918594e-01,1.942622858554071130e-01,2.125437294054982884e-01,1.934550088305950211e-01,-3.240313751993635361e-01,1.000000000000000000e+00,2.330954219570404440e-01,3.844239849321027247e-01,-3.892802865578874338e-01,2.980385714721907331e-02,-4.083031659329261487e-01,2.278363598470986573e-01,3.894850440693700122e-01,2.039804583489897849e-01,2.220162618051739756e-01,3.508380238329056877e-01,1.902558743851092971e-01
3.586400398956758329e-01,2.298205520166600180e-01,2.291425871387568203e-01,1.632586991750261673e-01,1.038716248184788499e-01,5.587075849573518438e-01,1.830051536242325583e-01,3.165057059995005639e-01,2.391700538781363072e-01,2.031378093710284327e-01,-3.250430259935573329e-01,-4.075206553211702665e-01,4.158008534205420159e-01,1.366268545244475607e-01,5.793656674698445877e-03,2.686797881222439260e-02,-2.310702063664105410e-01,-6.102982179845772154e-02,-2.574080438025962841e-02,1.714926930045539422e-01,-3.769604662247413307e-01,-3.481237857215859627e-02,2.762774527104458477e-01,5.187980616006869772e-01,1.426991353735097556e-01,-2.732099834025928375e-01,-2.552600897422516724e-01,2.330954219570404440e-01,1.000000000000000000e+00,-3.694631277743667258e-02,-3.706130777089128303e-01,5.211002402189445215e-01,-4.418243507196347175e-01,1.507428593723115495e-01,4.053570289042043862e-01,3.238443990682372819e-02,5.316914912302783680e-01,2.581200022219816148e-01,3.642774589583203104e-01
4.917745151273564819e-01,3.599011545096958975e-01,2.893892029252385090e-01,-4.172874633047519710e-01,3.965016048050143960e-01,1.758578351883507140e-01,-1.410273014996350771e-01,-2.017367261055898198e-01,4.699860807335563551e-01,5.301682611860651928e-01,-1.160347061320078921e-01,-8.606588482739464807e-02,-1.534551420147335643e-01,2.504158602172888992e-01,5.952902232248226122e-01,6.808916506495188425e-01,7.332653445840338347e-02,3.520597482103275389e-01,2.758476511281410803e-01,-1.023265454723732981e-01,-3.591901947754165825e-01,-4.242079599407352908e-01,2.229665313015802286e-01,-9.922356536109035868e-03,2.969741165939407401e-01,2.854065975853793957e-01,-4.535359114386149915e-01,3.844239849321027247e-01,-3.694631277743667258e-02,1.000000000000000000e+00,-3.218874484435594457e-02,-3.111879668513495845e-01,-3.309593027179874025e-01,5.121813744242413868e-01,2.645186042070007404e-01,4.039279285178601908e-01,-3.242207425601262294e-02,4.504104819719416120e-01,1.968827141065589426e-01
-3.116557487705509111e-01,-8.001426267014710714e-02,6.194633411230903580e-02,-3.132708556738218741e-02,2.786432555850025805e-01,-4.441153806701330087e-01,-2.784493346858003537e-01,-6.098336333590487213e-01,-1.117701530682917860e-01,-2.374366447340007236e-01,1.182294012910774378e-01,2.938838070223523391e-01,-6.401127887347278778e-01,6.593304318065593139e-02,-2.185444215973408599e-01,-1.031736075740338210e-01,7.332711053034601800e-02,1.105338741812459807e-01,7.989597838564867910e-03,-4.278407663918955550e-01,3.150791642501800660e-01,-8.683146194513064603e-03,-3.020638850842833345e-01,-3.958715016080561200e-01,-2.064381854669272154e-01,2.761575695003609110e-01,2.296705802979330802e-01,-3.892802865578874338e-01,-3.706130777089128303e-01,-3.218874484435594457e-02,1.000000000000000000e+00,-2.616113981889078288e-01,4.088724297341717051e-01,6.486405305573893221e-02,-3.923640051820641017e-01,-9.128900242462757719e-02,-4.247100701668130029e-01,-1.853113312655088329e-01,-1.573336594070080252e-01
-1.018960031555909418e-01,6.668550775008190434e-02,1.175399903759977022e-01,3.270356860469439408e-01,-8.311070887316063249e-02,3.868897315694410644e-01,2.216642612458679662e-01,2.361815988669548338e-01,-9.540685588527175742e-02,9.865669915161344450e-02,-6.555208039363114025e-02,3.346128780376191048e-02,4.582467474449995470e-01,1.858368875250373392e-02,-2.018371669842893568e-01,-1.539609960827638402e-01,1.386199600851311699e-02,-9.340184613761999544e-02,8.309719729689852077e-03,2.403304284509915900e-01,6.643856862603443603e-02,3.242755494532084670e-01,2.816166272244255420e-01,4.718533023037920771e-01,1.406395278846856722e-01,-2.607979257656070637e-01,2.062428583684287053e-01,2.980385714721907331e-02,5.211002402189445215e-01,-3.111879668513495845e-01,-2.616113981889078288e-01,1.000000000000000000e+00,-1.816393142163484284e-02,-7.538607707491708221e-02,2.934711052869735659e-01,-7.559929003073318464e-03,4.878237316380950594e-01,-1.869392780070309179e-01,1.158239167411202475e-01
-6.267903509165121401e-01,-4.415858752772218732e-01,-2.259718332178278499e-01,1.010055375604698297e-01,-1.878367786142512708e-01,-4.589645533809432743e-01,8.916947878881104983e-04,-3.098223451315966215e-01,-4.191098616513316832e-01,-4.346992605362201556e-01,1.692416435228445981e-01,4.999314795203634310e-01,-2.714410996720844071e-01,-7.120249960329892713e-02,-2.994676401083520845e-01,-4.133195594887288382e-01,-4.653946324948046026e-02,-7.943762763988508613e-02,-2.671349633505741214e-02,2.170327110800352594e-02,6.975183617697769956e-01,4.590036488275324178e-01,-4.224209591110460460e-01,-3.385952089368324813e-01,-4.104336533542968235e-01,2.473512153621057474e-01,6.242283921614035780e-01,-4.083031659329261487e-01,-4.418243507196347175e-01,-3.309593027179874025e-01,4.088724297341717051e-01,-1.816393142163484284e-02,1.000000000000000000e+00,-2.909958499078618699e-01,-4.497020355870630093e-01,-2.842150506833929779e-01,-3.077641705824494811e-01,-5.026910236079046301e-01,-4.244490175802200227e-01
3.620971215205809335e-01,3.298111448020846770e-01,5.037806812352102481e-01,-1.784050774658098304e-01,7.119653279458695305e-01,3.290862240857784227e-01,-2.334413313499767995e-01,-2.920107116763835942e-01,4.865308304145627427e-01,4.691755287816598008e-01,-2.174947377868116094e-01,5.264304987759142740e-03,-1.378195070020903079e-01,3.066389163198562362e-01,4.121751343318345029e-01,5.208158069595570927e-01,5.624400602497550868e-03,4.089562107391289114e-01,3.702225734518718170e-01,-1.108982020057063811e-01,-2.473694051712510000e-01,-2.569516123551213171e-01,2.863314903452723326e-01,2.346833295894607818e-01,2.677675416234151506e-01,2.371125171782481333e-01,-3.048031645057159844e-01,2.278363598470986573e-01,1.507428593723115495e-01,5.121813744242413868e-01,6.486405305573893221e-02,-7.538607707491708221e-02,-2.909958499078618699e-01,1.000000000000000000e+00,3.161052109722345960e-01,3.892172122228323428e-01,1.428929375925925005e-01,3.749788067054523055e-01,3.051007297504633731e-01
4.414452621655646225e-01,4.985859353634405911e-01,3.974136953781287618e-01,1.925378847912126157e-01,1.541985383185578151e-01,7.145771303303171118e-01,1.291630712319214169e-01,1.777213639704581238e-01,3.958025659026613852e-01,6.335271532679106476e-01,-1.851273895089985688e-01,-1.354759886435335514e-01,3.519769208940037863e-01,3.735240978571812143e-01,2.105589234756065076e-01,5.102103723394274537e-01,1.520820706807664568e-01,2.933416166414667958e-01,2.675181786147066143e-01,2.214624899462125651e-01,-2.848677971143421250e-01,-3.361077121600375417e-02,7.027066816241116509e-01,6.586169845962599467e-01,5.521483225568832864e-01,-6.508853958347907143e-02,-1.646999206181536946e-01,3.894850440693700122e-01,4.053570289042043862e-01,2.645186042070007404e-01,-3.923640051820641017e-01,2.934711052869735659e-01,-4.497020355870630093e-01,3.161052109722345960e-01,1.000000000000000000e+00,4.184279800784632131e-01,6.981694814452695796e-01,3.004621941172266331e-01,4.343781037890995234e-01
2.791850538278935479e-01,4.397102165559960696e-01,2.684379187820967183e-01,-1.074454626307370791e-01,2.586207488456481185e-01,3.089652738900224294e-01,-1.444367333075405879e-01,-5.839441053477226196e-02,2.730289966587999273e-01,5.248115506425395926e-01,-2.393738506918034400e-02,1.591339580130556597e-01,2.040469730240617244e-02,2.643922385592489821e-01,3.192782827805943358e-01,5.226635950894504834e-01,7.125398237397392864e-02,2.244362509054329546e-01,2.334150558924536489e-01,-1.284494544230314721e-02,-1.376228033275894436e-01,-1.749333764161024041e-01,4.260525065106062770e-01,3.400593444413732569e-01,4.218913397142112776e-01,-1.544173723070129366e-02,-1.910554663862586156e-01,2.039804583489897849e-01,3.238443990682372819e-02,4.039279285178601908e-01,-9.128900242462757719e-02,-7.559929003073318464e-03,-2.842150506833929779e-01,3.892172122228323428e-01,4.184279800784632131e-01,1.000000000000000000e+00,2.624459983896563209e-01,1.892850375816073072e-01,2.760545622099551122e-01
2.609450081057165249e-01,3.730263869160241885e-01,2.951284678415601048e-01,3.504684589597314992e-01,3.810169849279730625e-02,7.207641335643244496e-01,2.076650346928161917e-01,3.113047654540476716e-01,2.572599229721579395e-01,4.433775271758012559e-01,-1.670539174205730448e-01,-1.439711975940672906e-01,4.872086238650835677e-01,3.551680565417735802e-01,-8.551995406873126593e-02,2.264118316378555817e-01,4.404761469590157651e-03,7.698126882113542901e-02,1.273220060814450882e-01,2.102314942104025475e-01,-1.957491586419015661e-01,1.463081214685493514e-01,5.754343789676338305e-01,7.326178955456695840e-01,3.562530701345111295e-01,-3.082912443156552440e-01,-1.938067284464210782e-02,2.220162618051739756e-01,5.316914912302783680e-01,-3.242207425601262294e-02,-4.247100701668130029e-01,4.878237316380950594e-01,-3.077641705824494811e-01,1.428929375925925005e-01,6.981694814452695796e-01,2.624459983896563209e-01,1.000000000000000000e+00,1.512708873156617395e-01,4.461656132843997979e-01
6.848809994329819739e-01,4.716372018434181190e-01,3.031412681955407695e-01,-3.465692836888554229e-01,2.250006939741729939e-01,3.115988164360981583e-01,-9.904216061882918642e-02,5.334660044985366917e-02,5.783119068146219677e-01,3.910232343485797180e-01,-2.630407918592495009e-01,-3.495673255947435720e-01,9.517885082949857634e-02,1.318096114267400532e-01,4.389853484717520793e-01,4.452745350755998310e-01,2.189122738786087458e-02,-5.881351102685516280e-03,-7.575768476978053667e-02,-4.251252156377836877e-02,-4.502280220496410190e-01,-3.116630061068752511e-01,1.909111780311996409e-01,4.647815741660796252e-02,1.743036035480026447e-01,9.622464150054260701e-02,-5.127242888164404988e-01,3.508380238329056877e-01,2.581200022219816148e-01,4.504104819719416120e-01,-1.853113312655088329e-01,-1.869392780070309179e-01,-5.026910236079046301e-01,3.749788067054523055e-01,3.004621941172266331e-01,1.892850375816073072e-01,1.512708873156617395e-01,1.000000000000000000e+00,5.727758464894676660e-01
5.049350392639502250e-01,5.820405232303981213e-01,3.453404623214818558e-01,4.774082788656595217e-02,1.685217246353029885e-01,4.367295633533260224e-01,-3.612550126224299205e-03,1.333083137034353494e-01,5.728512277927347851e-01,4.710952611792111888e-01,-1.167853601616199166e-01,-2.237367998828023175e-01,2.412690687143784762e-01,1.808663432670234716e-01,6.155897220451917590e-02,3.697441697414255990e-01,1.051171492441815153e-01,1.766838032231843672e-02,-6.838973324948925681e-02,-7.565196047974304117e-02,-3.412203506512214157e-01,-1.152438705003931835e-01,3.838860140443235425e-01,3.303136875723283739e-01,2.890703411008228585e-01,-1.442843187764328294e-01,-2.229741681324539371e-01,1.902558743851092971e-01,3.642774589583203104e-01,1.968827141065589426e-01,-1.573336594070080252e-01,1.158239167411202475e-01,-4.244490175802200227e-01,3.051007297504633731e-01,4.343781037890995234e-01,2.760545622099551122e-01,4.461656132843997979e-01,5.727758464894676660e-01,1.000000000000000000e+00
