1.000000000000000000e+00,-2.565523676580905854e-01,5.102776390678913643e-01,3.334316472235969719e-01,5.358811117715195360e-01,6.177688459471195603e-01,-3.539913983775550554e-01,-3.830544236234293409e-01,-4.696401205427978010e-01,5.025609842968651320e-01,6.716873598870858331e-01,5.900795232042658212e-01,1.864593408767347138e-01,7.193453975965479197e-01,-5.663108467048107997e-01,2.922801218282003455e-01,6.905730645355262487e-01,-3.427900449306752195e-01,-4.238513597845223746e-01,9.678903277267852934e-02,6.872085228784696742e-01,-3.992912492464409935e-01,5.568329206492969030e-01,7.183231178983628951e-01,2.028391980228530234e-01,7.674350592650607261e-01,6.804703871537016724e-01,6.301089700760054146e-01,7.268300821033276682e-01,3.194207464370790173e-01,2.739043416363014516e-01,7.261428872553666869e-01,7.168059278186836858e-01,6.568527635205161259e-03,6.886582765554435381e-01,5.790540187118047299e-01,6.992697106856017308e-01,-4.565677865906919014e-02,-1.923961062392514354e-01
-2.565523676580905854e-01,1.000000000000000000e+00,-3.227264799315572863e-01,9.714573158731738822e-02,2.341528863798312057e-02,-7.449604998440025883e-01,6.847958516300635123e-01,2.335310811848525792e-01,8.447021438396481452e-01,1.338600544158052019e-01,-7.686735710885895800e-01,-3.618133468118522322e-01,-3.439261678257993782e-01,-5.527689091749329320e-01,5.002021428034503225e-01,3.221501469876840162e-01,-6.919593286628373807e-01,6.544248245853756529e-01,5.346567788501858098e-01,-7.448913738796537898e-02,-5.554819534880723886e-01,2.933815084370345327e-01,-4.908349516114595551e-02,-6.037306590409614593e-01,3.280824693063219000e-01,-5.621666294715241818e-01,-6.930904350970169547e-01,-5.745516372777468295e-01,-7.259847112912006795e-01,3.912954928940359789e-01,-1.833171038154548238e-01,-6.980182838803590251e-01,-6.918976979811597428e-01,6.370339669305089547e-01,-7.687974204305397796e-01,-3.227684066319428391e-01,-7.562844867693581108e-01,6.672536291956879806e-01,7.716343104971450373e-01
5.102776390678913643e-01,-3.227264799315572863e-01,1.000000000000000000e+00,9.958711833671825275e-02,5.104468147964498215e-01,3.910107548236652630e-01,-2.983091846158532068e-01,-8.255524950067540946e-01,-3.084696667146847870e-01,2.385122215291986536e-01,3.948398018272007426e-01,5.621958639334638796e-01,3.226672258712000030e-01,4.325641679144953677e-01,-1.891219895856368904e-01,5.937877253539403793e-02,5.235923262936028610e-01,-2.480760764826810405e-01,-3.956219921667795125e-01,5.840708555586200390e-01,4.826090202915560012e-01,3.354644423254433960e-02,3.403751712474042956e-01,4.484235701345355984e-01,5.675186570029108757e-02,5.769246451071301518e-01,4.527683990346064169e-01,6.669399020919521970e-01,4.904399962362137044e-01,1.421422551816534374e-01,2.203929516817530465e-01,4.074392217074971900e-01,4.702155580662863432e-01,4.183520697776037245e-02,4.437917166440558114e-01,2.804271665691379645e-01,4.280442186063990739e-01,7.178477219836204570e-02,-2.103180097955962835e-01
3.334316472235969719e-01,9.714573158731738822e-02,9.958711833671825275e-02,1.000000000000000000e+00,4.395696054345878401e-01,4.308046556897776602e-02,2.952390236921411115e-01,-1.814470619989999034e-01,9.641977147736784104e-03,5.338554479532094943e-01,1.104797870773548130e-01,3.043194934949507435e-01,2.337379353360485856e-01,3.348285814014132500e-01,-4.191941998525638424e-01,5.910237986865586324e-01,2.556876032372262242e-01,5.098503335641184631e-01,3.885271969837506556e-01,1.135836130514059211e-01,5.075702245047695182e-01,-4.360998249512427205e-01,5.124748655484052673e-01,2.971404437826706268e-01,3.290675525013743163e-01,2.626687691344572473e-01,2.807982977545704917e-01,9.206050099519715035e-02,2.098685474278231544e-01,3.833232603941023053e-01,1.862148743384516858e-01,2.420849655833043346e-01,3.607671073990956767e-01,3.320460973850761222e-01,1.871645684965621281e-01,1.622467449260773242e-01,1.944215875044875697e-01,4.391778736229642321e-01,4.305039221484403544e-01
5.358811117715195360e-01,2.341528863798312057e-02,5.104468147964498215e-01,4.395696054345878401e-01,1.000000000000000000e+00,1.718492752141982383e-01,-6.775516091990756162e-02,-4.572541890624047811e-01,1.699446262504782784e-02,6.284200582222467801e-01,2.341600053095253264e-01,5.298707049495763322e-01,9.613055144901044846e-02,5.765875558039951221e-01,-2.720144681888132521e-01,4.945571952729508336e-01,2.808962435833697868e-01,8.731689685782359489e-02,-1.514324047452699773e-01,2.740614777488968867e-01,4.418262383697835194e-01,-3.242207050237284061e-01,5.324182537629439382e-01,4.480204252857886149e-01,3.820404233690911089e-01,5.929616789374070329e-01,4.219704278431453681e-01,3.620740229477677485e-01,2.916098185914116625e-01,5.939339140824620999e-01,2.912720880709784854e-01,3.310292359130233564e-01,3.694118374103154689e-01,5.375574933680133949e-01,2.739365305350752178e-01,4.197466278854669053e-01,2.948516393757760756e-01,4.128946793003545612e-01,2.472078751660095608e-01
6.177688459471195603e-01,-7.449604998440025883e-01,3.910107548236652630e-01,4.308046556897776602e-02,1.718492752141982383e-01,1.000000000000000000e+00,-7.187989811958256370e-01,-2.428986014227674239e-01,-8.213028284607689633e-01,1.393676147687409606e-01,9.170127940283472334e-01,5.243031943396807559e-01,2.587637063828280293e-01,7.526264539253287866e-01,-6.438060644923624398e-01,-1.123653461597562131e-01,8.571751100524325206e-01,-6.694744601782411930e-01,-6.575753629289494695e-01,1.469899288900316549e-02,6.660993395041397980e-01,-3.938794532284995431e-01,3.338848717312716263e-01,8.121377464338320751e-01,-1.808603317802928989e-01,7.438326630205609469e-01,7.885456082748211193e-01,6.933435219103641911e-01,9.104902532106092794e-01,-1.349764016111720255e-01,3.435318605295221706e-01,8.973739118432771944e-01,8.348066937459192038e-01,-4.792459839887580619e-01,8.969179873337647102e-01,5.027838276136947782e-01,8.843445428842167111e-01,-5.216251207847506510e-01,-6.434895314270595579e-01
-3.539913983775550554e-01,6.847958516300635123e-01,-2.983091846158532068e-01,2.952390236921411115e-01,-6.775516091990756162e-02,-7.187989811958256370e-01,1.000000000000000000e+00,1.654313936498021942e-01,7.120489827033138486e-01,1.674731307672603642e-01,-6.960261002211769465e-01,-3.764738558152015968e-01,-8.731397219504000162e-02,-4.855889307274033895e-01,3.979550596306005716e-01,4.241626470336674060e-01,-5.776060782320741049e-01,7.827784959599499714e-01,7.442089246790426493e-01,-1.204097498061068999e-01,-3.871897996046528290e-01,1.760570704974792899e-01,2.093137623875209949e-02,-5.001384914959742245e-01,2.867802420163765298e-01,-4.983322910326697386e-01,-5.362832957580769833e-01,-4.619377510670153453e-01,-6.392360543895593272e-01,2.774349330034963090e-01,-1.487922487388889103e-01,-6.218651682707022621e-01,-5.368768090698130546e-01,5.370345648729879517e-01,-6.652216244467584749e-01,-3.191907180640590203e-01,-6.534799098960938357e-01,5.910803813451773747e-01,7.332523193455403598e-01
-3.830544236234293409e-01,2.335310811848525792e-01,-8.255524950067540946e-01,-1.814470619989999034e-01,-4.572541890624047811e-01,-2.428986014227674239e-01,1.654313936498021942e-01,1.000000000000000000e+00,2.435970342501612707e-01,-1.944716104381479238e-01,-2.430919860710729630e-01,-4.186435870918159829e-01,-3.556036277135579682e-01,-2.850972193412000810e-01,1.970374706740513904e-01,-6.046419104848375220e-02,-3.697271764317027198e-01,1.186005954014176939e-01,1.863837353668724439e-01,-5.798690799098875637e-01,-4.084983117917600492e-01,1.301582827766893137e-02,-2.419214758458372028e-01,-3.168158490641351799e-01,-1.227575460024654501e-02,-4.170305570794316519e-01,-3.422373568424255663e-01,-4.962605112841178556e-01,-3.365693783532485717e-01,-1.279529361056037096e-01,-1.130822702298822091e-01,-2.674008798008694621e-01,-3.611863160079261670e-01,-3.158930248246101524e-02,-3.191657581747925909e-01,-1.656720632716188191e-01,-3.118724833279111208e-01,-1.076648374936325092e-01,1.187717428574885659e-01
-4.696401205427978010e-01,8.447021438396481452e-01,-3.084696667146847870e-01,9.641977147736784104e-03,1.699446262504782784e-02,-8.213028284607689633e-01,7.120489827033138486e-01,2.435970342501612707e-01,1.000000000000000000e+00,1.052490970174679331e-02,-8.569438707689687185e-01,-4.304480424515851333e-01,-3.804227353088854291e-01,-6.034469766302149596e-01,6.567251923811526781e-01,2.190437756006612668e-01,-7.555834064644693093e-01,7.204385612244030845e-01,5.507229431140715503e-01,-2.251619837745991518e-02,-6.440995408261993571e-01,3.744814594259838758e-01,-1.120466133331875086e-01,-6.510584645182435626e-01,3.176542461641450599e-01,-6.007984565357119555e-01,-7.583999749637007071e-01,-6.345345516296921895e-01,-8.126798148936132948e-01,3.294700353265343495e-01,-1.998624727590687655e-01,-8.072341533300679828e-01,-7.931753829002807787e-01,6.590501005164195458e-01,-8.666625522051371044e-01,-4.576999261596333968e-01,-8.574524357065312907e-01,7.100091477468397638e-01,7.719753409847665004e-01
5.025609842968651320e-01,1.338600544158052019e-01,2.385122215291986536e-01,5.338554479532094943e-01,6.284200582222467801e-01,1.393676147687409606e-01,1.674731307672603642e-01,-1.944716104381479238e-01,1.052490970174679331e-02,1.000000000000000000e+00,2.011806729457100429e-01,3.707326462396899891e-01,1.931532910347427134e-01,5.367775547995526919e-01,-3.165911848462107381e-01,8.292496459483391646e-01,2.313985550930345858e-01,2.058226378106553789e-01,1.498086173162451740e-01,-5.255741693623454391e-02,4.203180580128947907e-01,-3.434349972905541004e-01,7.373147503266829217e-01,4.801176103194442768e-01,5.707840287043226546e-01,4.274738782675562843e-01,3.801718238031918107e-01,3.042633942586684959e-01,2.596654235044783543e-01,7.622187307833916403e-01,2.555290488064971832e-01,3.324619147160585153e-01,3.647258384115393270e-01,4.157190027976868651e-01,2.290102666887144089e-01,5.138839338469740614e-01,2.638688730990391695e-01,3.123093118672552460e-01,2.953105098428671083e-01
6.716873598870858331e-01,-7.686735710885895800e-01,3.948398018272007426e-01,1.104797870773548130e-01,2.341600053095253264e-01,9.170127940283472334e-01,-6.960261002211769465e-01,-2.430919860710729630e-01,-8.569438707689687185e-01,2.011806729457100429e-01,1.000000000000000000e+00,5.745618967358290252e-01,3.061566223322608193e-01,8.139280630235089520e-01,-6.785294494529882092e-01,-5.673900574975707795e-02,8.791367914302202768e-01,-6.600966056800875448e-01,-6.334349279296699331e-01,2.759507949313326318e-03,7.358568361240028777e-01,-5.041125125880687730e-01,3.213857122695809587e-01,8.509997215351099431e-01,-1.657592933588541706e-01,7.955404679832259740e-01,8.539380183071447750e-01,6.970007423118157464e-01,9.224294338722593967e-01,-1.038706610840944428e-01,3.210854362051758781e-01,9.353935464251268428e-01,8.855028546459313699e-01,-4.525798467538114656e-01,9.307301846065144657e-01,5.708184520017975938e-01,9.339446058623595004e-01,-5.301580562614705006e-01,-6.289390386058535398e-01
5.900795232042658212e-01,-3.618133468118522322e-01,5.621958639334638796e-01,3.043194934949507435e-01,5.298707049495763322e-01,5.243031943396807559e-01,-3.764738558152015968e-01,-4.186435870918159829e-01,-4.304480424515851333e-01,3.707326462396899891e-01,5.745618967358290252e-01,1.000000000000000000e+00,2.932079301107990421e-01,6.724672092270534973e-01,-4.252387250420399667e-01,2.644631859636518145e-01,6.203522441563903422e-01,-2.308457569644291607e-01,-4.822463831683090341e-01,2.826999837771971835e-01,6.381019527498378308e-01,-3.367782612570451306e-01,4.357229022807317387e-01,6.165108138461318221e-01,3.048296001087854017e-03,6.277048042062260969e-01,6.094626438370390753e-01,5.930556052097190056e-01,6.024020891265006172e-01,1.516995585087345388e-01,2.665364652621811659e-01,5.952606948089897987e-01,6.331612523446155105e-01,1.434048529604760314e-01,5.860890801174861720e-01,3.900343744062591544e-01,5.758141941092042027e-01,5.943788329414269322e-02,-1.106637417164820503e-01
1.864593408767347138e-01,-3.439261678257993782e-01,3.226672258712000030e-01,2.337379353360485856e-01,9.613055144901044846e-02,2.587637063828280293e-01,-8.731397219504000162e-02,-3.556036277135579682e-01,-3.804227353088854291e-01,1.931532910347427134e-01,3.061566223322608193e-01,2.932079301107990421e-01,1.000000000000000000e+00,2.413015213380112767e-01,-2.917158306653068744e-01,1.113487554531215340e-01,3.769431520984299344e-01,-5.938001119571000019e-02,-1.896694684433841704e-02,1.685671599085532268e-01,3.691840917761802232e-01,-9.421263716594240056e-02,1.487343529339321679e-01,3.692056063897085072e-01,-9.077531412581807402e-02,3.115084155233889818e-01,3.627411771195827583e-01,3.557401192001761747e-01,3.249415452124810311e-01,-9.459828519186903872e-02,-1.201834774096705895e-02,3.153344166712395147e-01,3.702527596647361419e-01,-1.115523210225866091e-01,3.524619316827209969e-01,5.559320237283865013e-02,3.371002594778395034e-01,-1.439611958997671082e-01,-2.016132837500495822e-01
7.193453975965479197e-01,-5.527689091749329320e-01,4.325641679144953677e-01,3.348285814014132500e-01,5.765875558039951221e-01,7.526264539253287866e-01,-4.855889307274033895e-01,-2.850972193412000810e-01,-6.034469766302149596e-01,5.367775547995526919e-01,8.139280630235089520e-01,6.724672092270534973e-01,2.413015213380112767e-01,1.000000000000000000e+00,-6.637507094146711806e-01,3.037861642361829873e-01,7.583160701235519552e-01,-3.910191814193419990e-01,-4.713827915327906126e-01,2.360087749028692838e-02,7.745003772544032383e-01,-5.664368869185647526e-01,5.990447086372570062e-01,8.865070069616636239e-01,1.681005507614331540e-01,8.576054665217761608e-01,8.456132440240970993e-01,6.805903696025631389e-01,8.199082281058986954e-01,3.103480749591246979e-01,4.143133335760005309e-01,8.636010268720083483e-01,8.514658755299353565e-01,-8.014317394232617353e-02,8.199201658886237087e-01,6.579477027246068976e-01,8.354020253507582483e-01,-1.687640934270616400e-01,-2.920015094871111216e-01
-5.663108467048107997e-01,5.002021428034503225e-01,-1.891219895856368904e-01,-4.191941998525638424e-01,-2.720144681888132521e-01,-6.438060644923624398e-01,3.979550596306005716e-01,1.970374706740513904e-01,6.567251923811526781e-01,-3.165911848462107381e-01,-6.785294494529882092e-01,-4.252387250420399667e-01,-2.917158306653068744e-01,-6.637507094146711806e-01,1.000000000000000000e+00,-1.868103229700743273e-01,-5.818883835464107035e-01,2.717030644762261082e-01,2.346012446898359805e-01,5.065008080389686584e-02,-7.478333263599176162e-01,5.045266450069301190e-01,-3.835243012288618303e-01,-6.382670517618889150e-01,-7.353981528699128634e-02,-6.536704714588412735e-01,-7.583918972763283861e-01,-5.617471240594300586e-01,-7.097257711900900601e-01,-8.882476149448531935e-03,-2.476499964346385585e-01,-7.515938111491974327e-01,-7.866792216631860457e-01,2.821972782383002643e-01,-7.545859374777144080e-01,-5.362117235439192164e-01,-7.628163071475401180e-01,2.938253904736756184e-01,3.031477160539531868e-01
2.922801218282003455e-01,3.221501469876840162e-01,5.937877253539403793e-02,5.910237986865586324e-01,4.945571952729508336e-01,-1.123653461597562131e-01,4.241626470336674060e-01,-6.046419104848375220e-02,2.190437756006612668e-01,8.292496459483391646e-01,-5.673900574975707795e-02,2.644631859636518145e-01,1.113487554531215340e-01,3.037861642361829873e-01,-1.868103229700743273e-01,1.000000000000000000e+00,-5.458547306154289645e-03,4.702163670934166317e-01,3.712195111881574361e-01,-7.339060276616722611e-02,3.220131599690578827e-01,-2.340285694557266427e-01,6.981136363078627172e-01,2.361611901945350478e-01,5.926723789013678134e-01,1.806892251717669706e-01,1.925526601863096765e-01,1.541654032890407700e-01,2.896275166399288684e-02,6.783987875904384790e-01,1.810059201086546554e-01,8.920086008142411038e-02,1.804274940452101073e-01,5.527041637894141157e-01,-6.431762046798482346e-03,3.243773505903441157e-01,3.013460604515966895e-02,4.779587138493456289e-01,5.472595763530636592e-01
6.905730645355262487e-01,-6.919593286628373807e-01,5.235923262936028610e-01,2.556876032372262242e-01,2.808962435833697868e-01,8.571751100524325206e-01,-5.776060782320741049e-01,-3.697271764317027198e-01,-7.555834064644693093e-01,2.313985550930345858e-01,8.791367914302202768e-01,6.203522441563903422e-01,3.769431520984299344e-01,7.583160701235519552e-01,-5.818883835464107035e-01,-5.458547306154289645e-03,1.000000000000000000e+00,-4.897740987002173751e-01,-5.158628302095167317e-01,1.439365891761005545e-01,7.474736427056272170e-01,-4.521853080844663864e-01,4.021686073979061082e-01,8.393684479604286430e-01,-1.207180400906521095e-01,7.537027637915195699e-01,7.702418779122219838e-01,6.630787794427648318e-01,9.012133139506687263e-01,-4.796729037204434248e-02,3.614808703477373486e-01,8.660868767254052969e-01,8.480024608376196538e-01,-3.428001475991748204e-01,8.622674235345734184e-01,4.253452423452346309e-01,8.496768271285626284e-01,-3.539768411262878556e-01,-5.133500686995166040e-01
-3.427900449306752195e-01,6.544248245853756529e-01,-2.480760764826810405e-01,5.098503335641184631e-01,8.731689685782359489e-02,-6.694744601782411930e-01,7.827784959599499714e-01,1.186005954014176939e-01,7.204385612244030845e-01,2.058226378106553789e-01,-6.600966056800875448e-01,-2.308457569644291607e-01,-5.938001119571000019e-02,-3.910191814193419990e-01,2.717030644762261082e-01,4.702163670934166317e-01,-4.897740987002173751e-01,1.000000000000000000e+00,7.604039282382292209e-01,4.279173704079582835e-02,-2.323893222773539269e-01,1.269338962432439433e-01,1.219340374587126186e-01,-4.249399592064330711e-01,3.587972186159610888e-01,-4.268822924093778615e-01,-4.876325892970996279e-01,-4.869415497915009494e-01,-5.595537558271351797e-01,3.109692171024456275e-01,-1.064024851830066010e-01,-5.576592636254694701e-01,-4.445355117372039588e-01,6.113205818718657758e-01,-6.080759657126703077e-01,-3.935453996358789230e-01,-6.055488943102912414e-01,7.428932828242656994e-01,8.138826679595880798e-01
-4.238513597845223746e-01,5.346567788501858098e-01,-3.956219921667795125e-01,3.885271969837506556e-01,-1.514324047452699773e-01,-6.575753629289494695e-01,7.442089246790426493e-01,1.863837353668724439e-01,5.507229431140715503e-01,1.498086173162451740e-01,-6.334349279296699331e-01,-4.822463831683090341e-01,-1.896694684433841704e-02,-4.713827915327906126e-01,2.346012446898359805e-01,3.712195111881574361e-01,-5.158628302095167317e-01,7.604039282382292209e-01,1.000000000000000000e+00,-1.192833581903255391e-01,-2.797371009409882481e-01,1.114137721299268552e-01,6.982511366771473708e-03,-4.604332532462401262e-01,2.836442820577846913e-01,-5.449680264550957887e-01,-4.752566365373178114e-01,-5.164558931310323509e-01,-5.861519252626928855e-01,2.341560210435238432e-01,-1.225114065263621377e-01,-5.497660117341724995e-01,-4.532501171296968723e-01,2.723286253745394458e-01,-5.745650281096160716e-01,-3.411899426246960965e-01,-5.586249196490026270e-01,4.008140039705704871e-01,5.925140993676417667e-01
9.678903277267852934e-02,-7.448913738796537898e-02,5.840708555586200390e-01,1.135836130514059211e-01,2.740614777488968867e-01,1.469899288900316549e-02,-1.204097498061068999e-01,-5.798690799098875637e-01,-2.251619837745991518e-02,-5.255741693623454391e-02,2.759507949313326318e-03,2.826999837771971835e-01,1.685671599085532268e-01,2.360087749028692838e-02,5.065008080389686584e-02,-7.339060276616722611e-02,1.439365891761005545e-01,4.279173704079582835e-02,-1.192833581903255391e-01,1.000000000000000000e+00,2.145265020980163806e-01,1.595271249596688368e-01,3.263739910174565106e-02,3.612550823490244273e-03,-6.014249046986020614e-02,1.150756871219939942e-01,7.014973990779296842e-02,2.188744756539985348e-01,9.978971511550413509e-02,-2.808266084357999293e-02,2.338147336600990625e-02,4.059163135955111065e-03,9.830310920554219400e-02,1.111553061935509762e-01,6.609957418384511396e-02,-1.279251621694552365e-01,3.343086935485205941e-02,2.360836924438517170e-01,1.248530424717763862e-03
6.872085228784696742e-01,-5.554819534880723886e-01,4.826090202915560012e-01,5.075702245047695182e-01,4.418262383697835194e-01,6.660993395041397980e-01,-3.871897996046528290e-01,-4.084983117917600492e-01,-6.440995408261993571e-01,4.203180580128947907e-01,7.358568361240028777e-01,6.381019527498378308e-01,3.691840917761802232e-01,7.745003772544032383e-01,-7.478333263599176162e-01,3.220131599690578827e-01,7.474736427056272170e-01,-2.323893222773539269e-01,-2.797371009409882481e-01,2.145265020980163806e-01,1.000000000000000000e+00,-5.082030679566136300e-01,5.453699925685001615e-01,7.526860311858675212e-01,1.063057293463468972e-01,7.510129257011329829e-01,8.325902158208108306e-01,6.944102667683618169e-01,7.999809251969610679e-01,1.063813012264392260e-01,2.971156028238073343e-01,8.019893740956712813e-01,8.807607157843465595e-01,-1.683851223760896576e-01,7.970441573026296744e-01,5.400399222729841409e-01,8.035117418624296848e-01,-1.405522245180153562e-01,-2.443704236615247827e-01
-3.992912492464409935e-01,2.933815084370345327e-01,3.354644423254433960e-02,-4.360998249512427205e-01,-3.242207050237284061e-01,-3.938794532284995431e-01,1.760570704974792899e-01,1.301582827766893137e-02,3.744814594259838758e-01,-3.434349972905541004e-01,-5.041125125880687730e-01,-3.367782612570451306e-01,-9.421263716594240056e-02,-5.664368869185647526e-01,5.045266450069301190e-01,-2.340285694557266427e-01,-4.521853080844663864e-01,1.269338962432439433e-01,1.114137721299268552e-01,1.595271249596688368e-01,-5.082030679566136300e-01,1.000000000000000000e+00,-2.657711630886697152e-01,-5.124392917238627110e-01,-7.859898223876754519e-03,-4.176830347822614309e-01,-5.191566121181481197e-01,-1.263763918929369789e-01,-4.393634162520824726e-01,-1.773193502548265910e-01,-2.396128190809046765e-01,-5.302977057987285914e-01,-5.311770066407789370e-01,7.800233392598462934e-02,-4.834065461259058338e-01,-4.319851637896962027e-01,-5.100894108284766970e-01,1.293086732694268270e-01,8.615843425554377266e-02
5.568329206492969030e-01,-4.908349516114595551e-02,3.403751712474042956e-01,5.124748655484052673e-01,5.324182537629439382e-01,3.338848717312716263e-01,2.093137623875209949e-02,-2.419214758458372028e-01,-1.120466133331875086e-01,7.373147503266829217e-01,3.213857122695809587e-01,4.357229022807317387e-01,1.487343529339321679e-01,5.990447086372570062e-01,-3.835243012288618303e-01,6.981136363078627172e-01,4.021686073979061082e-01,1.219340374587126186e-01,6.982511366771473708e-03,3.263739910174565106e-02,5.453699925685001615e-01,-2.657711630886697152e-01,1.000000000000000000e+00,5.872404612938579849e-01,6.898109550828311898e-01,5.214946683478076661e-01,5.075957748244499523e-01,4.466494429178494707e-01,4.468167275419803186e-01,6.173255795305562232e-01,3.133970241875493334e-01,4.376922649060892012e-01,5.025773584520862869e-01,2.329123894934934935e-01,3.801107315851065538e-01,4.078460674016328724e-01,3.894563298888241154e-01,2.381652499169404080e-01,1.758543594049978009e-01
7.183231178983628951e-01,-6.037306590409614593e-01,4.484235701345355984e-01,2.971404437826706268e-01,4.480204252857886149e-01,8.121377464338320751e-01,-5.001384914959742245e-01,-3.168158490641351799e-01,-6.510584645182435626e-01,4.801176103194442768e-01,8.509997215351099431e-01,6.165108138461318221e-01,3.692056063897085072e-01,8.865070069616636239e-01,-6.382670517618889150e-01,2.361611901945350478e-01,8.393684479604286430e-01,-4.249399592064330711e-01,-4.604332532462401262e-01,3.612550823490244273e-03,7.526860311858675212e-01,-5.124392917238627110e-01,5.872404612938579849e-01,1.000000000000000000e+00,1.195099134116788808e-01,8.388677961658103088e-01,8.392071140195404011e-01,6.771129708320217100e-01,8.619885012037717953e-01,2.014298194290092547e-01,3.767062571662247450e-01,8.806575839875857570e-01,8.501988385221096456e-01,-2.015858157165765774e-01,8.359003694119309102e-01,5.779508892596387781e-01,8.507237119530607350e-01,-2.599422698087122674e-01,-3.821640081799228539e-01
2.028391980228530234e-01,3.280824693063219000e-01,5.675186570029108757e-02,3.290675525013743163e-01,3.820404233690911089e-01,-1.808603317802928989e-01,2.867802420163765298e-01,-1.227575460024654501e-02,3.176542461641450599e-01,5.707840287043226546e-01,-1.657592933588541706e-01,3.048296001087854017e-03,-9.077531412581807402e-02,1.681005507614331540e-01,-7.353981528699128634e-02,5.926723789013678134e-01,-1.207180400906521095e-01,3.587972186159610888e-01,2.836442820577846913e-01,-6.014249046986020614e-02,1.063057293463468972e-01,-7.859898223876754519e-03,6.898109550828311898e-01,1.195099134116788808e-01,1.000000000000000000e+00,1.306106854938786366e-01,7.775635448649317882e-02,3.759641479300588479e-02,-6.713321056894848426e-02,6.940540178255441006e-01,8.760263717128170813e-02,-5.240582777904474049e-02,9.900922725094829166e-03,3.484065491460431874e-01,-9.455112471203797053e-02,2.196836830609066871e-01,-7.022790117376534469e-02,3.734465020931417301e-01,3.979949370731521996e-01
7.674350592650607261e-01,-5.621666294715241818e-01,5.769246451071301518e-01,2.626687691344572473e-01,5.929616789374070329e-01,7.438326630205609469e-01,-4.983322910326697386e-01,-4.170305570794316519e-01,-6.007984565357119555e-01,4.274738782675562843e-01,7.955404679832259740e-01,6.277048042062260969e-01,3.115084155233889818e-01,8.576054665217761608e-01,-6.536704714588412735e-01,1.806892251717669706e-01,7.537027637915195699e-01,-4.268822924093778615e-01,-5.449680264550957887e-01,1.150756871219939942e-01,7.510129257011329829e-01,-4.176830347822614309e-01,5.214946683478076661e-01,8.388677961658103088e-01,1.306106854938786366e-01,1.000000000000000000e+00,8.566306509112948664e-01,7.601343944390278606e-01,8.258678338563543164e-01,1.836358556734617731e-01,2.927533028965355610e-01,8.385134404912339967e-01,8.285613361618743289e-01,-8.420764464943164551e-02,8.187035913756157690e-01,6.158678433983847400e-01,8.307055564607341847e-01,-1.797083375017758944e-01,-3.735509770754436021e-01
6.804703871537016724e-01,-6.930904350970169547e-01,4.527683990346064169e-01,2.807982977545704917e-01,4.219704278431453681e-01,7.885456082748211193e-01,-5.362832957580769833e-01,-3.422373568424255663e-01,-7.583999749637007071e-01,3.801718238031918107e-01,8.539380183071447750e-01,6.094626438370390753e-01,3.627411771195827583e-01,8.456132440240970993e-01,-7.583918972763283861e-01,1.925526601863096765e-01,7.702418779122219838e-01,-4.876325892970996279e-01,-4.752566365373178114e-01,7.014973990779296842e-02,8.325902158208108306e-01,-5.191566121181481197e-01,5.075957748244499523e-01,8.392071140195404011e-01,7.775635448649317882e-02,8.566306509112948664e-01,1.000000000000000000e+00,7.593605611971337987e-01,8.630416938082171585e-01,5.757745450867900877e-02,2.969154164609577595e-01,8.884823783376525341e-01,9.081518631303329148e-01,-2.945456098931332756e-01,8.944172681788492563e-01,6.285421334502567792e-01,9.037058846958004876e-01,-3.862505711937890274e-01,-4.717118831434934934e-01
6.301089700760054146e-01,-5.745516372777468295e-01,6.669399020919521970e-01,9.206050099519715035e-02,3.620740229477677485e-01,6.933435219103641911e-01,-4.619377510670153453e-01,-4.962605112841178556e-01,-6.345345516296921895e-01,3.042633942586684959e-01,6.970007423118157464e-01,5.930556052097190056e-01,3.557401192001761747e-01,6.805903696025631389e-01,-5.617471240594300586e-01,1.541654032890407700e-01,6.630787794427648318e-01,-4.869415497915009494e-01,-5.164558931310323509e-01,2.188744756539985348e-01,6.944102667683618169e-01,-1.263763918929369789e-01,4.466494429178494707e-01,6.771129708320217100e-01,3.759641479300588479e-02,7.601343944390278606e-01,7.593605611971337987e-01,1.000000000000000000e+00,7.612636446484233321e-01,3.801308506148047550e-02,3.543150389421518276e-01,7.264741056918722073e-01,7.620260181431773860e-01,-1.924568842320297513e-01,7.527619597982776467e-01,5.944792851395003241e-01,7.470583672381007068e-01,-2.508036900664362134e-01,-4.148462248490311644e-01
7.268300821033276682e-01,-7.259847112912006795e-01,4.904399962362137044e-01,2.098685474278231544e-01,2.916098185914116625e-01,9.104902532106092794e-01,-6.392360543895593272e-01,-3.365693783532485717e-01,-8.126798148936132948e-01,2.596654235044783543e-01,9.224294338722593967e-01,6.024020891265006172e-01,3.249415452124810311e-01,8.199082281058986954e-01,-7.097257711900900601e-01,2.896275166399288684e-02,9.012133139506687263e-01,-5.595537558271351797e-01,-5.861519252626928855e-01,9.978971511550413509e-02,7.999809251969610679e-01,-4.393634162520824726e-01,4.468167275419803186e-01,8.619885012037717953e-01,-6.713321056894848426e-02,8.258678338563543164e-01,8.630416938082171585e-01,7.612636446484233321e-01,1.000000000000000000e+00,-5.117023307003757543e-02,3.511535893951264198e-01,9.297566294162844525e-01,9.182112075411399399e-01,-3.783427663243427719e-01,9.313029606735306887e-01,5.453092224062200399e-01,9.209185360470442117e-01,-4.090356253267605768e-01,-5.643768154237951418e-01
3.194207464370790173e-01,3.912954928940359789e-01,1.421422551816534374e-01,3.833232603941023053e-01,5.939339140824620999e-01,-1.349764016111720255e-01,2.774349330034963090e-01,-1.279529361056037096e-01,3.294700353265343495e-01,7.622187307833916403e-01,-1.038706610840944428e-01,1.516995585087345388e-01,-9.459828519186903872e-02,3.103480749591246979e-01,-8.882476149448531935e-03,6.783987875904384790e-01,-4.796729037204434248e-02,3.109692171024456275e-01,2.341560210435238432e-01,-2.808266084357999293e-02,1.063813012264392260e-01,-1.773193502548265910e-01,6.173255795305562232e-01,2.014298194290092547e-01,6.940540178255441006e-01,1.836358556734617731e-01,5.757745450867900877e-02,3.801308506148047550e-02,-5.117023307003757543e-02,1.000000000000000000e+00,2.662117826995289982e-01,1.745036449972768230e-02,3.817835852105613131e-02,5.117619972572082787e-01,-7.998522821700308760e-02,3.237254903771069614e-01,-4.272384380836983381e-02,4.783768458981177973e-01,4.841261486487575261e-01
2.739043416363014516e-01,-1.833171038154548238e-01,2.203929516817530465e-01,1.862148743384516858e-01,2.912720880709784854e-01,3.435318605295221706e-01,-1.487922487388889103e-01,-1.130822702298822091e-01,-1.998624727590687655e-01,2.555290488064971832e-01,3.210854362051758781e-01,2.665364652621811659e-01,-1.201834774096705895e-02,4.143133335760005309e-01,-2.476499964346385585e-01,1.810059201086546554e-01,3.614808703477373486e-01,-1.064024851830066010e-01,-1.225114065263621377e-01,2.338147336600990625e-02,2.971156028238073343e-01,-2.396128190809046765e-01,3.133970241875493334e-01,3.767062571662247450e-01,8.760263717128170813e-02,2.927533028965355610e-01,2.969154164609577595e-01,3.543150389421518276e-01,3.511535893951264198e-01,2.662117826995289982e-01,1.000000000000000000e+00,3.499470194870955009e-01,3.605834024626848322e-01,8.163207604346718951e-03,3.344347048831020630e-01,2.325573366778818929e-01,3.142349629888855911e-01,4.612164082391050773e-03,-1.922184730302925124e-02
7.261428872553666869e-01,-6.980182838803590251e-01,4.074392217074971900e-01,2.420849655833043346e-01,3.310292359130233564e-01,8.973739118432771944e-01,-6.218651682707022621e-01,-2.674008798008694621e-01,-8.072341533300679828e-01,3.324619147160585153e-01,9.353935464251268428e-01,5.952606948089897987e-01,3.153344166712395147e-01,8.636010268720083483e-01,-7.515938111491974327e-01,8.920086008142411038e-02,8.660868767254052969e-01,-5.576592636254694701e-01,-5.497660117341724995e-01,4.059163135955111065e-03,8.019893740956712813e-01,-5.302977057987285914e-01,4.376922649060892012e-01,8.806575839875857570e-01,-5.240582777904474049e-02,8.385134404912339967e-01,8.884823783376525341e-01,7.264741056918722073e-01,9.297566294162844525e-01,1.745036449972768230e-02,3.499470194870955009e-01,1.000000000000000000e+00,9.253226108500063329e-01,-3.622357086088692224e-01,9.354681005237451830e-01,6.225081808770689396e-01,9.428077374923451437e-01,-4.261961384329751579e-01,-5.162076349809966436e-01
7.168059278186836858e-01,-6.918976979811597428e-01,4.702155580662863432e-01,3.607671073990956767e-01,3.694118374103154689e-01,8.348066937459192038e-01,-5.368768090698130546e-01,-3.611863160079261670e-01,-7.931753829002807787e-01,3.647258384115393270e-01,8.855028546459313699e-01,6.331612523446155105e-01,3.702527596647361419e-01,8.514658755299353565e-01,-7.866792216631860457e-01,1.804274940452101073e-01,8.480024608376196538e-01,-4.445355117372039588e-01,-4.532501171296968723e-01,9.830310920554219400e-02,8.807607157843465595e-01,-5.311770066407789370e-01,5.025773584520862869e-01,8.501988385221096456e-01,9.900922725094829166e-03,8.285613361618743289e-01,9.081518631303329148e-01,7.620260181431773860e-01,9.182112075411399399e-01,3.817835852105613131e-02,3.605834024626848322e-01,9.253226108500063329e-01,1.000000000000000000e+00,-3.154636908660997108e-01,9.258586483022059888e-01,6.151453922838197030e-01,9.261776440078572925e-01,-3.396795699383236555e-01,-4.434283406460212129e-01
6.568527635205161259e-03,6.370339669305089547e-01,4.183520697776037245e-02,3.320460973850761222e-01,5.375574933680133949e-01,-4.792459839887580619e-01,5.370345648729879517e-01,-3.158930248246101524e-02,6.590501005164195458e-01,4.157190027976868651e-01,-4.525798467538114656e-01,1.434048529604760314e-01,-1.115523210225866091e-01,-8.014317394232617353e-02,2.821972782383002643e-01,5.527041637894141157e-01,-3.428001475991748204e-01,6.113205818718657758e-01,2.723286253745394458e-01,1.111553061935509762e-01,-1.683851223760896576e-01,7.800233392598462934e-02,2.329123894934934935e-01,-2.015858157165765774e-01,3.484065491460431874e-01,-8.420764464943164551e-02,-2.945456098931332756e-01,-1.924568842320297513e-01,-3.783427663243427719e-01,5.117619972572082787e-01,8.163207604346718951e-03,-3.622357086088692224e-01,-3.154636908660997108e-01,1.000000000000000000e+00,-4.483528500488352941e-01,-9.626778327145867065e-02,-4.355666436617754989e-01,8.084171523861221065e-01,7.546940540319827528e-01
6.886582765554435381e-01,-7.687974204305397796e-01,4.437917166440558114e-01,1.871645684965621281e-01,2.739365305350752178e-01,8.969179873337647102e-01,-6.652216244467584749e-01,-3.191657581747925909e-01,-8.666625522051371044e-01,2.290102666887144089e-01,9.307301846065144657e-01,5.860890801174861720e-01,3.524619316827209969e-01,8.199201658886237087e-01,-7.545859374777144080e-01,-6.431762046798482346e-03,8.622674235345734184e-01,-6.080759657126703077e-01,-5.745650281096160716e-01,6.609957418384511396e-02,7.970441573026296744e-01,-4.834065461259058338e-01,3.801107315851065538e-01,8.359003694119309102e-01,-9.455112471203797053e-02,8.187035913756157690e-01,8.944172681788492563e-01,7.527619597982776467e-01,9.313029606735306887e-01,-7.998522821700308760e-02,3.344347048831020630e-01,9.354681005237451830e-01,9.258586483022059888e-01,-4.483528500488352941e-01,1.000000000000000000e+00,5.742216077107085148e-01,9.504094266335261221e-01,-4.960817531327740837e-01,-6.083438712501475498e-01
5.790540187118047299e-01,-3.227684066319428391e-01,2.804271665691379645e-01,1.622467449260773242e-01,4.197466278854669053e-01,5.027838276136947782e-01,-3.191907180640590203e-01,-1.656720632716188191e-01,-4.576999261596333968e-01,5.138839338469740614e-01,5.708184520017975938e-01,3.900343744062591544e-01,5.559320237283865013e-02,6.579477027246068976e-01,-5.362117235439192164e-01,3.243773505903441157e-01,4.253452423452346309e-01,-3.935453996358789230e-01,-3.411899426246960965e-01,-1.279251621694552365e-01,5.400399222729841409e-01,-4.319851637896962027e-01,4.078460674016328724e-01,5.779508892596387781e-01,2.196836830609066871e-01,6.158678433983847400e-01,6.285421334502567792e-01,5.944792851395003241e-01,5.453092224062200399e-01,3.237254903771069614e-01,2.325573366778818929e-01,6.225081808770689396e-01,6.151453922838197030e-01,-9.626778327145867065e-02,5.742216077107085148e-01,1.000000000000000000e+00,6.195523798804207782e-01,-1.783653300324612445e-01,-2.050300759479243840e-01
6.992697106856017308e-01,-7.562844867693581108e-01,4.280442186063990739e-01,1.944215875044875697e-01,2.948516393757760756e-01,8.843445428842167111e-01,-6.534799098960938357e-01,-3.118724833279111208e-01,-8.574524357065312907e-01,2.638688730990391695e-01,9.339446058623595004e-01,5.758141941092042027e-01,3.371002594778395034e-01,8.354020253507582483e-01,-7.628163071475401180e-01,3.013460604515966895e-02,8.496768271285626284e-01,-6.055488943102912414e-01,-5.586249196490026270e-01,3.343086935485205941e-02,8.035117418624296848e-01,-5.100894108284766970e-01,3.894563298888241154e-01,8.507237119530607350e-01,-7.022790117376534469e-02,8.307055564607341847e-01,9.037058846958004876e-01,7.470583672381007068e-01,9.209185360470442117e-01,-4.272384380836983381e-02,3.142349629888855911e-01,9.428077374923451437e-01,9.261776440078572925e-01,-4.355666436617754989e-01,9.504094266335261221e-01,6.195523798804207782e-01,1.000000000000000000e+00,-4.968558922815753953e-01,-5.828115000053101236e-01
-4.565677865906919014e-02,6.672536291956879806e-01,7.178477219836204570e-02,4.391778736229642321e-01,4.128946793003545612e-01,-5.216251207847506510e-01,5.910803813451773747e-01,-1.076648374936325092e-01,7.100091477468397638e-01,3.123093118672552460e-01,-5.301580562614705006e-01,5.943788329414269322e-02,-1.439611958997671082e-01,-1.687640934270616400e-01,2.938253904736756184e-01,4.779587138493456289e-01,-3.539768411262878556e-01,7.428932828242656994e-01,4.008140039705704871e-01,2.360836924438517170e-01,-1.405522245180153562e-01,1.293086732694268270e-01,2.381652499169404080e-01,-2.599422698087122674e-01,3.734465020931417301e-01,-1.797083375017758944e-01,-3.862505711937890274e-01,-2.508036900664362134e-01,-4.090356253267605768e-01,4.783768458981177973e-01,4.612164082391050773e-03,-4.261961384329751579e-01,-3.396795699383236555e-01,8.084171523861221065e-01,-4.960817531327740837e-01,-1.783653300324612445e-01,-4.968558922815753953e-01,1.000000000000000000e+00,8.373060561172155358e-01
-1.923961062392514354e-01,7.716343104971450373e-01,-2.103180097955962835e-01,4.305039221484403544e-01,2.472078751660095608e-01,-6.434895314270595579e-01,7.332523193455403598e-01,1.187717428574885659e-01,7.719753409847665004e-01,2.953105098428671083e-01,-6.289390386058535398e-01,-1.106637417164820503e-01,-2.016132837500495822e-01,-2.920015094871111216e-01,3.031477160539531868e-01,5.472595763530636592e-01,-5.133500686995166040e-01,8.138826679595880798e-01,5.925140993676417667e-01,1.248530424717763862e-03,-2.443704236615247827e-01,8.615843425554377266e-02,1.758543594049978009e-01,-3.821640081799228539e-01,3.979949370731521996e-01,-3.735509770754436021e-01,-4.717118831434934934e-01,-4.148462248490311644e-01,-5.643768154237951418e-01,4.841261486487575261e-01,-1.922184730302925124e-02,-5.162076349809966436e-01,-4.434283406460212129e-01,7.546940540319827528e-01,-6.083438712501475498e-01,-2.050300759479243840e-01,-5.828115000053101236e-01,8.373060561172155358e-01,1.000000000000000000e+00
