1.000000000000000000e+00,9.609003113415870434e-01,8.876697227126918444e-01,8.816661399436171997e-01,8.978374401247685155e-01,9.681419258197444533e-01,9.514034978097376527e-01,9.571503753627370603e-01,9.241660478962581138e-01,8.711663650575336426e-01,8.715332673663014340e-01,9.127164920459105435e-01,9.055575081808295845e-01,9.628020332641851198e-01,9.553512453111813185e-01,9.348752475271990825e-01,8.800793933767998567e-01,9.631329028288950767e-01,9.656451705663829932e-01,8.890276991863717004e-01,9.049491805762662766e-01,8.948638267615152131e-01,9.774785713755599348e-01,9.704961232100665081e-01,9.539200853734240981e-01,9.665147403634248846e-01,9.451947082312801562e-01,8.871772435196539908e-01,9.698833903653617527e-01,9.681435338795509882e-01,8.882896206116970284e-01,9.371691396922360306e-01,8.904046432361278907e-01,9.707729119438156529e-01,8.685005623467092484e-01,8.682641092221602408e-01,9.576560997209055959e-01,9.754885433877362733e-01,9.830669716048547890e-01
9.609003113415870434e-01,1.000000000000000000e+00,8.838276158789013515e-01,8.793210911852815670e-01,8.957989843779622374e-01,9.758876914098270072e-01,9.803248789592139412e-01,9.396524240046635335e-01,9.115029632902621470e-01,8.711884697801572930e-01,8.716155809083223627e-01,9.454444045675642894e-01,8.991378296841706641e-01,9.473455960170964474e-01,9.829314137198149615e-01,9.659151002612657022e-01,8.792347893265021197e-01,9.466912349209314348e-01,9.484290570412240440e-01,8.880274245851339510e-01,8.978605743343532897e-01,8.934911719989938605e-01,9.660587117271491886e-01,9.763229664513682904e-01,9.828126735042329587e-01,9.515081030485701419e-01,9.755789508706731450e-01,8.864067711900726065e-01,9.509996977568024867e-01,9.778921730393697054e-01,8.879648298328545186e-01,9.224192145704330770e-01,8.895886491061560930e-01,9.502289191892080433e-01,8.696491546192387512e-01,8.705971132888247199e-01,9.391273756454393551e-01,9.533611554758681939e-01,9.581701088809821965e-01
8.876697227126918444e-01,8.838276158789013515e-01,1.000000000000000000e+00,9.817482771407189945e-01,9.747729278907412143e-01,8.924919328701904631e-01,8.801442159707881796e-01,9.111391289492553058e-01,9.385077124069415300e-01,9.636432910731131951e-01,9.678914682128572089e-01,8.546095109262766831e-01,9.580615714954406892e-01,9.072641892526152052e-01,8.809393845020018210e-01,8.677251020218430533e-01,9.787175179242643130e-01,9.098520607025453177e-01,9.063809839963040682e-01,9.810138409966728812e-01,9.595986694581688514e-01,9.739870508286937456e-01,8.886596255619585438e-01,8.885314875649891198e-01,8.822916696897697975e-01,9.081537842004178129e-01,8.747282665057326545e-01,9.805582221136357468e-01,9.036729532006441135e-01,8.905839154849065631e-01,9.783588228091397720e-01,9.280496245274730827e-01,9.752810215635387969e-01,9.039028544502069051e-01,9.602855833001642250e-01,9.720314146442133874e-01,9.102290071452846520e-01,8.960681323801277243e-01,8.927314668528584241e-01
8.816661399436171997e-01,8.793210911852815670e-01,9.817482771407189945e-01,1.000000000000000000e+00,9.710739017217580038e-01,8.879685621157302755e-01,8.765083686241805783e-01,9.086018810033440474e-01,9.372546697261482374e-01,9.684945821218976514e-01,9.716025023856912357e-01,8.497255074262255459e-01,9.557325863040486702e-01,9.052713097814478749e-01,8.779459512037687263e-01,8.621720477050116571e-01,9.834107750713411145e-01,9.072295637433278603e-01,9.044340664931084239e-01,9.755340119901437790e-01,9.580612949175008053e-01,9.699753476363891513e-01,8.832490152955773111e-01,8.839498173252819946e-01,8.778584712473140872e-01,9.049639687437883717e-01,8.712409280372901410e-01,9.752858437085126786e-01,9.008609100442229733e-01,8.845597328138671278e-01,9.734016871298175611e-01,9.256876490457714990e-01,9.710202781445157472e-01,9.007904445895522638e-01,9.660112977997332706e-01,9.756984098102777780e-01,9.081493806990849071e-01,8.917920365995429810e-01,8.870396130246847033e-01
8.978374401247685155e-01,8.957989843779622374e-01,9.747729278907412143e-01,9.710739017217580038e-01,1.000000000000000000e+00,9.022895461624779179e-01,8.927647136136821482e-01,9.239786777043100807e-01,9.443533500577203643e-01,9.594778497815853457e-01,9.612457802298611798e-01,8.650408699192806417e-01,9.643502141005394490e-01,9.175781227132436824e-01,8.933234156707925422e-01,8.773752536511143507e-01,9.689520369346579232e-01,9.196929375796562001e-01,9.160670903228315121e-01,9.777058162767705563e-01,9.665293267031483948e-01,9.848739756966510273e-01,8.989587710816652200e-01,8.987685336567384775e-01,8.934698909627378782e-01,9.183178259938212795e-01,8.878112680144094604e-01,9.785596420008205731e-01,9.127686526149118018e-01,9.014854118029220764e-01,9.795183401512147503e-01,9.380260566998949168e-01,9.838837214798946684e-01,9.136738451849032439e-01,9.552917297837089095e-01,9.644841822301116752e-01,9.229973217588974821e-01,9.064074580961833938e-01,9.017622216347268571e-01
9.681419258197444533e-01,9.758876914098270072e-01,8.924919328701904631e-01,8.879685621157302755e-01,9.022895461624779179e-01,1.000000000000000000e+00,9.691268231393592725e-01,9.440424360378685265e-01,9.152711592633394622e-01,8.763233778455937761e-01,8.769888685996430899e-01,9.339055590700772180e-01,9.051757702724028132e-01,9.513860544769724426e-01,9.713369332441792459e-01,9.537279149886445095e-01,8.865133219056482439e-01,9.519246988744881621e-01,9.547591013633384138e-01,8.946490220875160659e-01,9.046048739338254929e-01,8.993849907633086893e-01,9.751818417127334770e-01,9.842800125119427479e-01,9.717204724372292546e-01,9.564344077465614102e-01,9.634952918948364031e-01,8.940459810788131678e-01,9.575745675897117115e-01,9.813395035196781357e-01,8.953532120699960739e-01,9.274049938603493581e-01,8.967008768363903259e-01,9.585622192807250475e-01,8.745819762196784808e-01,8.751340276763149850e-01,9.446717238333550704e-01,9.622773248638855081e-01,9.662496118676682233e-01
9.514034978097376527e-01,9.803248789592139412e-01,8.801442159707881796e-01,8.765083686241805783e-01,8.927647136136821482e-01,9.691268231393592725e-01,1.000000000000000000e+00,9.326406009207466319e-01,9.102658369078935330e-01,8.694992869518464174e-01,8.694407019194003716e-01,9.500525558491804690e-01,9.009942702869169207e-01,9.424594517744638855e-01,9.840307475396405934e-01,9.733582381999248412e-01,8.763514863087323858e-01,9.410995680157232535e-01,9.423505770322544439e-01,8.847652857803658399e-01,8.986941932687234624e-01,8.912041638133360033e-01,9.580442322857686266e-01,9.687755913277260600e-01,9.827729280756020147e-01,9.455102157971077004e-01,9.822054651098500733e-01,8.837405933588902140e-01,9.432986394486152504e-01,9.708655545888085214e-01,8.850265997982752486e-01,9.186774314770864702e-01,8.864535586735883266e-01,9.421021357266996521e-01,8.698227212773970152e-01,8.694815642624241780e-01,9.322896682743090357e-01,9.433500917700275989e-01,9.494272158806434936e-01
9.571503753627370603e-01,9.396524240046635335e-01,9.111391289492553058e-01,9.086018810033440474e-01,9.239786777043100807e-01,9.440424360378685265e-01,9.326406009207466319e-01,1.000000000000000000e+00,9.529973519541200533e-01,8.976803736737860584e-01,8.976548907842004654e-01,8.982281838355605785e-01,9.341255169031918992e-01,9.779240196783680616e-01,9.352316197418011345e-01,9.157757453375370282e-01,9.075729256345189677e-01,9.763634151326988642e-01,9.742876864013845228e-01,9.148956474707531372e-01,9.332682760067418926e-01,9.215761912352876672e-01,9.494908779434325652e-01,9.451696681953416501e-01,9.338912489028395880e-01,9.753708481980930545e-01,9.278336366853613404e-01,9.152248258378811174e-01,9.726329405939202477e-01,9.446443552067005367e-01,9.152332912171882162e-01,9.654997616512573932e-01,9.200440336288422394e-01,9.703207841102241549e-01,8.980911912483031667e-01,8.953111013438719290e-01,9.841439598386777510e-01,9.655341739772542731e-01,9.594106397264722252e-01
9.241660478962581138e-01,9.115029632902621470e-01,9.385077124069415300e-01,9.372546697261482374e-01,9.443533500577203643e-01,9.152711592633394622e-01,9.102658369078935330e-01,9.529973519541200533e-01,1.000000000000000000e+00,9.260463475516799159e-01,9.285228533118091709e-01,8.709835637475252801e-01,9.583016451149004578e-01,9.477257702110568616e-01,9.075393406172763688e-01,8.947625944508724727e-01,9.351799195012744370e-01,9.477665804116790493e-01,9.444336146479598293e-01,9.395469794246696926e-01,9.557297589193944898e-01,9.430145645914007613e-01,9.167432181456914853e-01,9.149889580314560789e-01,9.068919724748185640e-01,9.460000009084531536e-01,9.040353031081410640e-01,9.392863841452572249e-01,9.405528915880250196e-01,9.181034427189298519e-01,9.364361284238740257e-01,9.750253664461897563e-01,9.412040937298704613e-01,9.387473049068920661e-01,9.257130331846520344e-01,9.273503352440891634e-01,9.523891088571309060e-01,9.320894133033754692e-01,9.274865546931938542e-01
8.711663650575336426e-01,8.711884697801572930e-01,9.636432910731131951e-01,9.684945821218976514e-01,9.594778497815853457e-01,8.763233778455937761e-01,8.694992869518464174e-01,8.976803736737860584e-01,9.260463475516799159e-01,1.000000000000000000e+00,9.824665990119137993e-01,8.467191890224156081e-01,9.385254506564933985e-01,8.948900500087277887e-01,8.715379260085185376e-01,8.546558373559715038e-01,9.718425645260769796e-01,8.952680469661570273e-01,8.944144926676265150e-01,9.607258159357897620e-01,9.399052986970855006e-01,9.574887392111082196e-01,8.707068605451800947e-01,8.747099179633691657e-01,8.711155181108762857e-01,8.943296615765270463e-01,8.648660611113085928e-01,9.610399334078780775e-01,8.915185028950388668e-01,8.751623781773334443e-01,9.587373430673735708e-01,9.135525972775694337e-01,9.571058869640627353e-01,8.938136600841775081e-01,9.839203783345430443e-01,9.784971770482863151e-01,8.969952163876999673e-01,8.830242988991897635e-01,8.764446584497794790e-01
8.715332673663014340e-01,8.716155809083223627e-01,9.678914682128572089e-01,9.716025023856912357e-01,9.612457802298611798e-01,8.769888685996430899e-01,8.694407019194003716e-01,8.976548907842004654e-01,9.285228533118091709e-01,9.824665990119137993e-01,1.000000000000000000e+00,8.451234126069835373e-01,9.414491869408233571e-01,8.939011008754099707e-01,8.708112981494245952e-01,8.551008804460296098e-01,9.759841602734572463e-01,8.944876736672784379e-01,8.932638467162890006e-01,9.644309899454076573e-01,9.417602809697277477e-01,9.592619889827488366e-01,8.714220376883683450e-01,8.754549494225091211e-01,8.704336023450252036e-01,8.927635099984377876e-01,8.650163873902152467e-01,9.645023965299087676e-01,8.899952770905590338e-01,8.773820247626894497e-01,9.620984148410322012e-01,9.158589031018179449e-01,9.595284372603261058e-01,8.915067348701847250e-01,9.807443033866809490e-01,9.823874339336785555e-01,8.974345106357205504e-01,8.820686537177093722e-01,8.760217993550506455e-01
9.127164920459105435e-01,9.454444045675642894e-01,8.546095109262766831e-01,8.497255074262255459e-01,8.650408699192806417e-01,9.339055590700772180e-01,9.500525558491804690e-01,8.982281838355605785e-01,8.709835637475252801e-01,8.467191890224156081e-01,8.451234126069835373e-01,1.000000000000000000e+00,8.638480397357680696e-01,9.065814278968075124e-01,9.502893966874690346e-01,9.611634321571667083e-01,8.518354555347205093e-01,9.070079650320193032e-01,9.067402712420397082e-01,8.580576569516489283e-01,8.601507097254474932e-01,8.627109295328541094e-01,9.207561183163495144e-01,9.343297956871335908e-01,9.484387655099032477e-01,9.108665977697387728e-01,9.525348539892549704e-01,8.599675382759166542e-01,9.087967413751157908e-01,9.347025641216555325e-01,8.629060282507894364e-01,8.829903011551195613e-01,8.611769290689706979e-01,9.094467182806780237e-01,8.482468988608210525e-01,8.443207945284630922e-01,9.000548508966355055e-01,9.076361660684014732e-01,9.120236764058485823e-01
9.055575081808295845e-01,8.991378296841706641e-01,9.580615714954406892e-01,9.557325863040486702e-01,9.643502141005394490e-01,9.051757702724028132e-01,9.009942702869169207e-01,9.341255169031918992e-01,9.583016451149004578e-01,9.385254506564933985e-01,9.414491869408233571e-01,8.638480397357680696e-01,1.000000000000000000e+00,9.323788986006680268e-01,8.990020632285118385e-01,8.812525242765988365e-01,9.531402053788070594e-01,9.314557402993581814e-01,9.277660561751986945e-01,9.593076302459391247e-01,9.832191374787876414e-01,9.655050281564185877e-01,9.048539363755159215e-01,9.014370877363052648e-01,8.985345818673362572e-01,9.308854484215849379e-01,8.929447087297215369e-01,9.605561149161911949e-01,9.241400765653420279e-01,9.056225564542895734e-01,9.602900818677297945e-01,9.507586166717830745e-01,9.631443806914190553e-01,9.227898191526039406e-01,9.368476578317391779e-01,9.441115737028524801e-01,9.336300759923330528e-01,9.148484550214147637e-01,9.115767589539717219e-01
9.628020332641851198e-01,9.473455960170964474e-01,9.072641892526152052e-01,9.052713097814478749e-01,9.175781227132436824e-01,9.513860544769724426e-01,9.424594517744638855e-01,9.779240196783680616e-01,9.477257702110568616e-01,8.948900500087277887e-01,8.939011008754099707e-01,9.065814278968075124e-01,9.323788986006680268e-01,1.000000000000000000e+00,9.447289773039602157e-01,9.257001964031907892e-01,9.044831659593352002e-01,9.840327303893766642e-01,9.829561612458864728e-01,9.101120918414432603e-01,9.316831178897050370e-01,9.159037196241948120e-01,9.568177317434580775e-01,9.520210707940461869e-01,9.437650496641304398e-01,9.836513302054762375e-01,9.373665639215450485e-01,9.093450173178999618e-01,9.814008835009797593e-01,9.521151526241946605e-01,9.091315494362774974e-01,9.595635124055028609e-01,9.129907462597426360e-01,9.788405144486516107e-01,8.947351262562761587e-01,8.920895842352011273e-01,9.799871108246270834e-01,9.724292262721164759e-01,9.660378794880308817e-01
9.553512453111813185e-01,9.829314137198149615e-01,8.809393845020018210e-01,8.779459512037687263e-01,8.933234156707925422e-01,9.713369332441792459e-01,9.840307475396405934e-01,9.352316197418011345e-01,9.075393406172763688e-01,8.715379260085185376e-01,8.708112981494245952e-01,9.502893966874690346e-01,8.990020632285118385e-01,9.447289773039602157e-01,1.000000000000000000e+00,9.709422145400351534e-01,8.777732650505380985e-01,9.430546537599557855e-01,9.448107767988078720e-01,8.848782029294701701e-01,8.972776759056885210e-01,8.910226348080967362e-01,9.606153236773486981e-01,9.711521717011477595e-01,9.846160766032834299e-01,9.480971615011257736e-01,9.802041832002816868e-01,8.837405911000598691e-01,9.467487706224160249e-01,9.720547244716657431e-01,8.855141051717707601e-01,9.183401761676890374e-01,8.865872639772528485e-01,9.454595818014216446e-01,8.714568720307913630e-01,8.701857872341880462e-01,9.349007834951130747e-01,9.482813309016890901e-01,9.533477970135822988e-01
9.348752475271990825e-01,9.659151002612657022e-01,8.677251020218430533e-01,8.621720477050116571e-01,8.773752536511143507e-01,9.537279149886445095e-01,9.733582381999248412e-01,9.157757453375370282e-01,8.947625944508724727e-01,8.546558373559715038e-01,8.551008804460296098e-01,9.611634321571667083e-01,8.812525242765988365e-01,9.257001964031907892e-01,9.709422145400351534e-01,1.000000000000000000e+00,8.631301154784064567e-01,9.252560933925633169e-01,9.264591373111461525e-01,8.697243091664994541e-01,8.789963360881092314e-01,8.751188864060438499e-01,9.432863093850150094e-01,9.542676914243753972e-01,9.690393100252336911e-01,9.296778138020500570e-01,9.763525161391973795e-01,8.697469565469204689e-01,9.264161834111344085e-01,9.557695281223496098e-01,8.697773296535743492e-01,9.024063569622329251e-01,8.706625945165785696e-01,9.261836399539810083e-01,8.568118068697410106e-01,8.564731491256679652e-01,9.164034472520313779e-01,9.253662739120298575e-01,9.312061834781840686e-01
8.800793933767998567e-01,8.792347893265021197e-01,9.787175179242643130e-01,9.834107750713411145e-01,9.689520369346579232e-01,8.865133219056482439e-01,8.763514863087323858e-01,9.075729256345189677e-01,9.351799195012744370e-01,9.718425645260769796e-01,9.759841602734572463e-01,8.518354555347205093e-01,9.531402053788070594e-01,9.044831659593352002e-01,8.777732650505380985e-01,8.631301154784064567e-01,1.000000000000000000e+00,9.062219471625507783e-01,9.031309805197781371e-01,9.734572001151700071e-01,9.552615809457373208e-01,9.678234590105053714e-01,8.805740483268923446e-01,8.820808041253201948e-01,8.771782069929531245e-01,9.039126698703989771e-01,8.719845618086619066e-01,9.732167276980880910e-01,8.995921285331878181e-01,8.847269197899989557e-01,9.716381115923604650e-01,9.249887308081415904e-01,9.690684967986311626e-01,8.996219147438698771e-01,9.693137240297984292e-01,9.793619147444856399e-01,9.075420950837708167e-01,8.891700523867328565e-01,8.850451736780062806e-01
9.631329028288950767e-01,9.466912349209314348e-01,9.098520607025453177e-01,9.072295637433278603e-01,9.196929375796562001e-01,9.519246988744881621e-01,9.410995680157232535e-01,9.763634151326988642e-01,9.477665804116790493e-01,8.952680469661570273e-01,8.944876736672784379e-01,9.070079650320193032e-01,9.314557402993581814e-01,9.840327303893766642e-01,9.430546537599557855e-01,9.252560933925633169e-01,9.062219471625507783e-01,1.000000000000000000e+00,9.834149676206482837e-01,9.126636336868054755e-01,9.316911131915051048e-01,9.178149175464509479e-01,9.557165601849121339e-01,9.527373895394734005e-01,9.421060915733043828e-01,9.833440633204184600e-01,9.353432889229078562e-01,9.121760307173628624e-01,9.817208381087997315e-01,9.525220530639947336e-01,9.120505550032207420e-01,9.609246727912877928e-01,9.159158381354576273e-01,9.792465307991691237e-01,8.944712611216555365e-01,8.918144298326690089e-01,9.791702359823848401e-01,9.726421284783116628e-01,9.664116155026428734e-01
9.656451705663829932e-01,9.484290570412240440e-01,9.063809839963040682e-01,9.044340664931084239e-01,9.160670903228315121e-01,9.547591013633384138e-01,9.423505770322544439e-01,9.742876864013845228e-01,9.444336146479598293e-01,8.944144926676265150e-01,8.932638467162890006e-01,9.067402712420397082e-01,9.277660561751986945e-01,9.829561612458864728e-01,9.448107767988078720e-01,9.264591373111461525e-01,9.031309805197781371e-01,9.834149676206482837e-01,1.000000000000000000e+00,9.080272384095898763e-01,9.281111628743740072e-01,9.150311950404941275e-01,9.581789037186648761e-01,9.554265328776156974e-01,9.442457934768260230e-01,9.833844730298773040e-01,9.358521118514625536e-01,9.071811431608491905e-01,9.843782727940574295e-01,9.554888444138506243e-01,9.066588864708430284e-01,9.573563300554527311e-01,9.117265362165918319e-01,9.823479218307310523e-01,8.939376864527518451e-01,8.899866179626286788e-01,9.764491027481575491e-01,9.766551133955351238e-01,9.696021621091229781e-01
8.890276991863717004e-01,8.880274245851339510e-01,9.810138409966728812e-01,9.755340119901437790e-01,9.777058162767705563e-01,8.946490220875160659e-01,8.847652857803658399e-01,9.148956474707531372e-01,9.395469794246696926e-01,9.607258159357897620e-01,9.644309899454076573e-01,8.580576569516489283e-01,9.593076302459391247e-01,9.101120918414432603e-01,8.848782029294701701e-01,8.697243091664994541e-01,9.734572001151700071e-01,9.126636336868054755e-01,9.080272384095898763e-01,1.000000000000000000e+00,9.608212502948587641e-01,9.775354225954657750e-01,8.900295168370369048e-01,8.912401008688067838e-01,8.857489519605800110e-01,9.106315628190453371e-01,8.787200241062401718e-01,9.853893949195081658e-01,9.051939655199503498e-01,8.933728450502952390e-01,9.838322628565755457e-01,9.296227771905666293e-01,9.792016171468687080e-01,9.057979197109597980e-01,9.575228136220651498e-01,9.679015030225136540e-01,9.140897277928862197e-01,8.980084781683767003e-01,8.938462724939062465e-01
9.049491805762662766e-01,8.978605743343532897e-01,9.595986694581688514e-01,9.580612949175008053e-01,9.665293267031483948e-01,9.046048739338254929e-01,8.986941932687234624e-01,9.332682760067418926e-01,9.557297589193944898e-01,9.399052986970855006e-01,9.417602809697277477e-01,8.601507097254474932e-01,9.832191374787876414e-01,9.316831178897050370e-01,8.972776759056885210e-01,8.789963360881092314e-01,9.552615809457373208e-01,9.316911131915051048e-01,9.281111628743740072e-01,9.608212502948587641e-01,1.000000000000000000e+00,9.681697495586453206e-01,9.035111154898877173e-01,9.005493645572067996e-01,8.975307708842781285e-01,9.311458496172149157e-01,8.909248211303125720e-01,9.621747469720927093e-01,9.241240115318036796e-01,9.046641033237743379e-01,9.623259190251154394e-01,9.492366972352516141e-01,9.649449634272987408e-01,9.223576083126866498e-01,9.378363864133457684e-01,9.446876213495388752e-01,9.327187251507857990e-01,9.146826350270200745e-01,9.112569009190842895e-01
8.948638267615152131e-01,8.934911719989938605e-01,9.739870508286937456e-01,9.699753476363891513e-01,9.848739756966510273e-01,8.993849907633086893e-01,8.912041638133360033e-01,9.215761912352876672e-01,9.430145645914007613e-01,9.574887392111082196e-01,9.592619889827488366e-01,8.627109295328541094e-01,9.655050281564185877e-01,9.159037196241948120e-01,8.910226348080967362e-01,8.751188864060438499e-01,9.678234590105053714e-01,9.178149175464509479e-01,9.150311950404941275e-01,9.775354225954657750e-01,9.681697495586453206e-01,1.000000000000000000e+00,8.953922194964734071e-01,8.958757755518605981e-01,8.916575124260911478e-01,9.166474419330434831e-01,8.861448856333464796e-01,9.782565886587463178e-01,9.112251136594791134e-01,8.992784994487784678e-01,9.791666668111332905e-01,9.364881695173232767e-01,9.835979690323946034e-01,9.121421691231129669e-01,9.537474121313480602e-01,9.627741636458965191e-01,9.203041104773912462e-01,9.038541814754406101e-01,8.992240097087885742e-01
9.774785713755599348e-01,9.660587117271491886e-01,8.886596255619585438e-01,8.832490152955773111e-01,8.989587710816652200e-01,9.751818417127334770e-01,9.580442322857686266e-01,9.494908779434325652e-01,9.167432181456914853e-01,8.707068605451800947e-01,8.714220376883683450e-01,9.207561183163495144e-01,9.048539363755159215e-01,9.568177317434580775e-01,9.606153236773486981e-01,9.432863093850150094e-01,8.805740483268923446e-01,9.557165601849121339e-01,9.581789037186648761e-01,8.900295168370369048e-01,9.035111154898877173e-01,8.953922194964734071e-01,1.000000000000000000e+00,9.776087702048459338e-01,9.594099312363716381e-01,9.600859652490043583e-01,9.529751362233843670e-01,8.889368677832382160e-01,9.617816360493254280e-01,9.744239775604333076e-01,8.906721402840979129e-01,9.293984630321278084e-01,8.923250116843588486e-01,9.626501645585827660e-01,8.678004730439159431e-01,8.703081606912470569e-01,9.495977767441201589e-01,9.669708137660045777e-01,9.742091121586875513e-01
9.704961232100665081e-01,9.763229664513682904e-01,8.885314875649891198e-01,8.839498173252819946e-01,8.987685336567384775e-01,9.842800125119427479e-01,9.687755913277260600e-01,9.451696681953416501e-01,9.149889580314560789e-01,8.747099179633691657e-01,8.754549494225091211e-01,9.343297956871335908e-01,9.014370877363052648e-01,9.520210707940461869e-01,9.711521717011477595e-01,9.542676914243753972e-01,8.820808041253201948e-01,9.527373895394734005e-01,9.554265328776156974e-01,8.912401008688067838e-01,9.005493645572067996e-01,8.958757755518605981e-01,9.776087702048459338e-01,1.000000000000000000e+00,9.711295371607676641e-01,9.572939940576742357e-01,9.637553689365744303e-01,8.904473226956383103e-01,9.583760954193969450e-01,9.821933285290618265e-01,8.915737036479732813e-01,9.258245087805578866e-01,8.933893113764708183e-01,9.593087002506202055e-01,8.730384726052933253e-01,8.732995926012677712e-01,9.457127134068892271e-01,9.635792323035416995e-01,9.679825586219144018e-01
9.539200853734240981e-01,9.828126735042329587e-01,8.822916696897697975e-01,8.778584712473140872e-01,8.934698909627378782e-01,9.717204724372292546e-01,9.827729280756020147e-01,9.338912489028395880e-01,9.068919724748185640e-01,8.711155181108762857e-01,8.704336023450252036e-01,9.484387655099032477e-01,8.985345818673362572e-01,9.437650496641304398e-01,9.846160766032834299e-01,9.690393100252336911e-01,8.771782069929531245e-01,9.421060915733043828e-01,9.442457934768260230e-01,8.857489519605800110e-01,8.975307708842781285e-01,8.916575124260911478e-01,9.594099312363716381e-01,9.711295371607676641e-01,1.000000000000000000e+00,9.478071999429554806e-01,9.779860871669049383e-01,8.845259846162957240e-01,9.468355721813259684e-01,9.718624448328369025e-01,8.859918949581425673e-01,9.170459965583656059e-01,8.871999079607939542e-01,9.454309237221248940e-01,8.710132590104728845e-01,8.701142337371678970e-01,9.335797773775568187e-01,9.484528980355270145e-01,9.527585217833081099e-01
9.665147403634248846e-01,9.515081030485701419e-01,9.081537842004178129e-01,9.049639687437883717e-01,9.183178259938212795e-01,9.564344077465614102e-01,9.455102157971077004e-01,9.753708481980930545e-01,9.460000009084531536e-01,8.943296615765270463e-01,8.927635099984377876e-01,9.108665977697387728e-01,9.308854484215849379e-01,9.836513302054762375e-01,9.480971615011257736e-01,9.296778138020500570e-01,9.039126698703989771e-01,9.833440633204184600e-01,9.833844730298773040e-01,9.106315628190453371e-01,9.311458496172149157e-01,9.166474419330434831e-01,9.600859652490043583e-01,9.572939940576742357e-01,9.478071999429554806e-01,1.000000000000000000e+00,9.399179211780954724e-01,9.100766913578516304e-01,9.828989630094788765e-01,9.567752183808964084e-01,9.099347363341753203e-01,9.577063628962052544e-01,9.137391265366996418e-01,9.807726028129428730e-01,8.931164562826477971e-01,8.907438257431380402e-01,9.769573261537372044e-01,9.751377587875034170e-01,9.691137247542876976e-01
9.451947082312801562e-01,9.755789508706731450e-01,8.747282665057326545e-01,8.712409280372901410e-01,8.878112680144094604e-01,9.634952918948364031e-01,9.822054651098500733e-01,9.278336366853613404e-01,9.040353031081410640e-01,8.648660611113085928e-01,8.650163873902152467e-01,9.525348539892549704e-01,8.929447087297215369e-01,9.373665639215450485e-01,9.802041832002816868e-01,9.763525161391973795e-01,8.719845618086619066e-01,9.353432889229078562e-01,9.358521118514625536e-01,8.787200241062401718e-01,8.909248211303125720e-01,8.861448856333464796e-01,9.529751362233843670e-01,9.637553689365744303e-01,9.779860871669049383e-01,9.399179211780954724e-01,1.000000000000000000e+00,8.782340745448827812e-01,9.366403647287530054e-01,9.651602929805889186e-01,8.794306117089973895e-01,9.109984958484721451e-01,8.813914483533921151e-01,9.351446580231882466e-01,8.660065249355354267e-01,8.647710564274512235e-01,9.280701955583275931e-01,9.364548453314095466e-01,9.418825092680824795e-01
8.871772435196539908e-01,8.864067711900726065e-01,9.805582221136357468e-01,9.752858437085126786e-01,9.785596420008205731e-01,8.940459810788131678e-01,8.837405933588902140e-01,9.152248258378811174e-01,9.392863841452572249e-01,9.610399334078780775e-01,9.645023965299087676e-01,8.599675382759166542e-01,9.605561149161911949e-01,9.093450173178999618e-01,8.837405911000598691e-01,8.697469565469204689e-01,9.732167276980880910e-01,9.121760307173628624e-01,9.071811431608491905e-01,9.853893949195081658e-01,9.621747469720927093e-01,9.782565886587463178e-01,8.889368677832382160e-01,8.904473226956383103e-01,8.845259846162957240e-01,9.100766913578516304e-01,8.782340745448827812e-01,1.000000000000000000e+00,9.043332810944826328e-01,8.923405958784246250e-01,9.846237780515977311e-01,9.296347015436237093e-01,9.802807402185068630e-01,9.046568613838436024e-01,9.578585433349088296e-01,9.676803678445645707e-01,9.144648904490428887e-01,8.967411806778697869e-01,8.920213140523804984e-01
9.698833903653617527e-01,9.509996977568024867e-01,9.036729532006441135e-01,9.008609100442229733e-01,9.127686526149118018e-01,9.575745675897117115e-01,9.432986394486152504e-01,9.726329405939202477e-01,9.405528915880250196e-01,8.915185028950388668e-01,8.899952770905590338e-01,9.087967413751157908e-01,9.241400765653420279e-01,9.814008835009797593e-01,9.467487706224160249e-01,9.264161834111344085e-01,8.995921285331878181e-01,9.817208381087997315e-01,9.843782727940574295e-01,9.051939655199503498e-01,9.241240115318036796e-01,9.112251136594791134e-01,9.617816360493254280e-01,9.583760954193969450e-01,9.468355721813259684e-01,9.828989630094788765e-01,9.366403647287530054e-01,9.043332810944826328e-01,1.000000000000000000e+00,9.575022189569400988e-01,9.040804392809711487e-01,9.537913172181726740e-01,9.083478723525325593e-01,9.836889943944876480e-01,8.903906076829817273e-01,8.866363177697197395e-01,9.746520527211336438e-01,9.798568523846601375e-01,9.726146556508604712e-01
9.681435338795509882e-01,9.778921730393697054e-01,8.905839154849065631e-01,8.845597328138671278e-01,9.014854118029220764e-01,9.813395035196781357e-01,9.708655545888085214e-01,9.446443552067005367e-01,9.181034427189298519e-01,8.751623781773334443e-01,8.773820247626894497e-01,9.347025641216555325e-01,9.056225564542895734e-01,9.521151526241946605e-01,9.720547244716657431e-01,9.557695281223496098e-01,8.847269197899989557e-01,9.525220530639947336e-01,9.554888444138506243e-01,8.933728450502952390e-01,9.046641033237743379e-01,8.992784994487784678e-01,9.744239775604333076e-01,9.821933285290618265e-01,9.718624448328369025e-01,9.567752183808964084e-01,9.651602929805889186e-01,8.923405958784246250e-01,9.575022189569400988e-01,1.000000000000000000e+00,8.940354487927251181e-01,9.282151465787876754e-01,8.966904360947270947e-01,9.578306380566158351e-01,8.730548372817115155e-01,8.757870142499222244e-01,9.457561378530520146e-01,9.603237315939409102e-01,9.656389967044030076e-01
8.882896206116970284e-01,8.879648298328545186e-01,9.783588228091397720e-01,9.734016871298175611e-01,9.795183401512147503e-01,8.953532120699960739e-01,8.850265997982752486e-01,9.152332912171882162e-01,9.364361284238740257e-01,9.587373430673735708e-01,9.620984148410322012e-01,8.629060282507894364e-01,9.602900818677297945e-01,9.091315494362774974e-01,8.855141051717707601e-01,8.697773296535743492e-01,9.716381115923604650e-01,9.120505550032207420e-01,9.066588864708430284e-01,9.838322628565755457e-01,9.623259190251154394e-01,9.791666668111332905e-01,8.906721402840979129e-01,8.915737036479732813e-01,8.859918949581425673e-01,9.099347363341753203e-01,8.794306117089973895e-01,9.846237780515977311e-01,9.040804392809711487e-01,8.940354487927251181e-01,1.000000000000000000e+00,9.288466546338981500e-01,9.810504266438754284e-01,9.038457484528358288e-01,9.550805139957048162e-01,9.657460671216370196e-01,9.141884802651125685e-01,8.965012307856645712e-01,8.924782733425604686e-01
9.371691396922360306e-01,9.224192145704330770e-01,9.280496245274730827e-01,9.256876490457714990e-01,9.380260566998949168e-01,9.274049938603493581e-01,9.186774314770864702e-01,9.654997616512573932e-01,9.750253664461897563e-01,9.135525972775694337e-01,9.158589031018179449e-01,8.829903011551195613e-01,9.507586166717830745e-01,9.595635124055028609e-01,9.183401761676890374e-01,9.024063569622329251e-01,9.249887308081415904e-01,9.609246727912877928e-01,9.573563300554527311e-01,9.296227771905666293e-01,9.492366972352516141e-01,9.364881695173232767e-01,9.293984630321278084e-01,9.258245087805578866e-01,9.170459965583656059e-01,9.577063628962052544e-01,9.109984958484721451e-01,9.296347015436237093e-01,9.537913172181726740e-01,9.282151465787876754e-01,9.288466546338981500e-01,1.000000000000000000e+00,9.340054700998302595e-01,9.526334768970343703e-01,9.140908612681781786e-01,9.130682117531964126e-01,9.653573124509106096e-01,9.459894409612247257e-01,9.393486138150772824e-01
8.904046432361278907e-01,8.895886491061560930e-01,9.752810215635387969e-01,9.710202781445157472e-01,9.838837214798946684e-01,8.967008768363903259e-01,8.864535586735883266e-01,9.200440336288422394e-01,9.412040937298704613e-01,9.571058869640627353e-01,9.595284372603261058e-01,8.611769290689706979e-01,9.631443806914190553e-01,9.129907462597426360e-01,8.865872639772528485e-01,8.706625945165785696e-01,9.690684967986311626e-01,9.159158381354576273e-01,9.117265362165918319e-01,9.792016171468687080e-01,9.649449634272987408e-01,9.835979690323946034e-01,8.923250116843588486e-01,8.933893113764708183e-01,8.871999079607939542e-01,9.137391265366996418e-01,8.813914483533921151e-01,9.802807402185068630e-01,9.083478723525325593e-01,8.966904360947270947e-01,9.810504266438754284e-01,9.340054700998302595e-01,1.000000000000000000e+00,9.089901660064266808e-01,9.526595120235866743e-01,9.633521090888934602e-01,9.192322920323029445e-01,9.004424151667420606e-01,8.948320198935498793e-01
9.707729119438156529e-01,9.502289191892080433e-01,9.039028544502069051e-01,9.007904445895522638e-01,9.136738451849032439e-01,9.585622192807250475e-01,9.421021357266996521e-01,9.703207841102241549e-01,9.387473049068920661e-01,8.938136600841775081e-01,8.915067348701847250e-01,9.094467182806780237e-01,9.227898191526039406e-01,9.788405144486516107e-01,9.454595818014216446e-01,9.261836399539810083e-01,8.996219147438698771e-01,9.792465307991691237e-01,9.823479218307310523e-01,9.057979197109597980e-01,9.223576083126866498e-01,9.121421691231129669e-01,9.626501645585827660e-01,9.593087002506202055e-01,9.454309237221248940e-01,9.807726028129428730e-01,9.351446580231882466e-01,9.046568613838436024e-01,9.836889943944876480e-01,9.578306380566158351e-01,9.038457484528358288e-01,9.526334768970343703e-01,9.089901660064266808e-01,1.000000000000000000e+00,8.919574867298243337e-01,8.884798357825631765e-01,9.726462768976209539e-01,9.812331177253927894e-01,9.740779545144940821e-01
8.685005623467092484e-01,8.696491546192387512e-01,9.602855833001642250e-01,9.660112977997332706e-01,9.552917297837089095e-01,8.745819762196784808e-01,8.698227212773970152e-01,8.980911912483031667e-01,9.257130331846520344e-01,9.839203783345430443e-01,9.807443033866809490e-01,8.482468988608210525e-01,9.368476578317391779e-01,8.947351262562761587e-01,8.714568720307913630e-01,8.568118068697410106e-01,9.693137240297984292e-01,8.944712611216555365e-01,8.939376864527518451e-01,9.575228136220651498e-01,9.378363864133457684e-01,9.537474121313480602e-01,8.678004730439159431e-01,8.730384726052933253e-01,8.710132590104728845e-01,8.931164562826477971e-01,8.660065249355354267e-01,9.578585433349088296e-01,8.903906076829817273e-01,8.730548372817115155e-01,9.550805139957048162e-01,9.140908612681781786e-01,9.526595120235866743e-01,8.919574867298243337e-01,1.000000000000000000e+00,9.766470632785787531e-01,8.974644282542773022e-01,8.812165624483961901e-01,8.740304130568641305e-01
8.682641092221602408e-01,8.705971132888247199e-01,9.720314146442133874e-01,9.756984098102777780e-01,9.644841822301116752e-01,8.751340276763149850e-01,8.694815642624241780e-01,8.953111013438719290e-01,9.273503352440891634e-01,9.784971770482863151e-01,9.823874339336785555e-01,8.443207945284630922e-01,9.441115737028524801e-01,8.920895842352011273e-01,8.701857872341880462e-01,8.564731491256679652e-01,9.793619147444856399e-01,8.918144298326690089e-01,8.899866179626286788e-01,9.679015030225136540e-01,9.446876213495388752e-01,9.627741636458965191e-01,8.703081606912470569e-01,8.732995926012677712e-01,8.701142337371678970e-01,8.907438257431380402e-01,8.647710564274512235e-01,9.676803678445645707e-01,8.866363177697197395e-01,8.757870142499222244e-01,9.657460671216370196e-01,9.130682117531964126e-01,9.633521090888934602e-01,8.884798357825631765e-01,9.766470632785787531e-01,1.000000000000000000e+00,8.950174417712205566e-01,8.774111994369446776e-01,8.728066222822491449e-01
9.576560997209055959e-01,9.391273756454393551e-01,9.102290071452846520e-01,9.081493806990849071e-01,9.229973217588974821e-01,9.446717238333550704e-01,9.322896682743090357e-01,9.841439598386777510e-01,9.523891088571309060e-01,8.969952163876999673e-01,8.974345106357205504e-01,9.000548508966355055e-01,9.336300759923330528e-01,9.799871108246270834e-01,9.349007834951130747e-01,9.164034472520313779e-01,9.075420950837708167e-01,9.791702359823848401e-01,9.764491027481575491e-01,9.140897277928862197e-01,9.327187251507857990e-01,9.203041104773912462e-01,9.495977767441201589e-01,9.457127134068892271e-01,9.335797773775568187e-01,9.769573261537372044e-01,9.280701955583275931e-01,9.144648904490428887e-01,9.746520527211336438e-01,9.457561378530520146e-01,9.141884802651125685e-01,9.653573124509106096e-01,9.192322920323029445e-01,9.726462768976209539e-01,8.974644282542773022e-01,8.950174417712205566e-01,1.000000000000000000e+00,9.676249863400510076e-01,9.604408034975330244e-01
9.754885433877362733e-01,9.533611554758681939e-01,8.960681323801277243e-01,8.917920365995429810e-01,9.064074580961833938e-01,9.622773248638855081e-01,9.433500917700275989e-01,9.655341739772542731e-01,9.320894133033754692e-01,8.830242988991897635e-01,8.820686537177093722e-01,9.076361660684014732e-01,9.148484550214147637e-01,9.724292262721164759e-01,9.482813309016890901e-01,9.253662739120298575e-01,8.891700523867328565e-01,9.726421284783116628e-01,9.766551133955351238e-01,8.980084781683767003e-01,9.146826350270200745e-01,9.038541814754406101e-01,9.669708137660045777e-01,9.635792323035416995e-01,9.484528980355270145e-01,9.751377587875034170e-01,9.364548453314095466e-01,8.967411806778697869e-01,9.798568523846601375e-01,9.603237315939409102e-01,8.965012307856645712e-01,9.459894409612247257e-01,9.004424151667420606e-01,9.812331177253927894e-01,8.812165624483961901e-01,8.774111994369446776e-01,9.676249863400510076e-01,1.000000000000000000e+00,9.791912499844609430e-01
9.830669716048547890e-01,9.581701088809821965e-01,8.927314668528584241e-01,8.870396130246847033e-01,9.017622216347268571e-01,9.662496118676682233e-01,9.494272158806434936e-01,9.594106397264722252e-01,9.274865546931938542e-01,8.764446584497794790e-01,8.760217993550506455e-01,9.120236764058485823e-01,9.115767589539717219e-01,9.660378794880308817e-01,9.533477970135822988e-01,9.312061834781840686e-01,8.850451736780062806e-01,9.664116155026428734e-01,9.696021621091229781e-01,8.938462724939062465e-01,9.112569009190842895e-01,8.992240097087885742e-01,9.742091121586875513e-01,9.679825586219144018e-01,9.527585217833081099e-01,9.691137247542876976e-01,9.418825092680824795e-01,8.920213140523804984e-01,9.726146556508604712e-01,9.656389967044030076e-01,8.924782733425604686e-01,9.393486138150772824e-01,8.948320198935498793e-01,9.740779545144940821e-01,8.740304130568641305e-01,8.728066222822491449e-01,9.604408034975330244e-01,9.791912499844609430e-01,1.000000000000000000e+00
