1.000000000000000000e+00,8.708168515559641110e-01,5.599556622263387462e-01,-4.588838487830508295e-01,4.437312697120132099e-01,3.590354111325074760e-01,3.076197832169760282e-01,-6.042592792846663841e-01,2.515967267442394406e-01,7.797311575960437224e-01,2.459070208624179465e-01,3.167774128210365525e-01,-3.260691807402276710e-01,6.565960608830487821e-01,1.400340284222340026e-01,8.281258690290527191e-01,4.942195184900595728e-01,3.892616853088372020e-01,1.876449795251479979e-01,1.815343372014435741e-01,5.344663221642098616e-01,5.053018806817390907e-01,6.076222028953828236e-01,4.770208768533781840e-01,7.228120184395874226e-01,7.569265604000167125e-01,7.035634998461238743e-01,7.292052047229526934e-01,8.399075326991056745e-01,7.446916274839371352e-01,7.472559849557117717e-01,7.388015891541768188e-01,6.164015977697334669e-01,4.538663235208574842e-01,7.826903110574726652e-01,6.255757100944285831e-01,7.808352774393951812e-01,7.027528517405609576e-02,2.363956655763291559e-01
8.708168515559641110e-01,1.000000000000000000e+00,6.166500808098616115e-01,-3.204192625117609494e-01,5.977671388077961945e-01,2.004520427727251031e-01,3.855971301132907203e-01,-6.436420664585511542e-01,4.269435126997117580e-01,8.266719275953468005e-01,3.328191104669885880e-01,3.028389623917356888e-01,-4.039851279205564083e-01,6.627675156418443292e-01,-2.458703981241329439e-02,7.967512251894182107e-01,3.651042046736223678e-01,5.261178166162675529e-01,3.507197760042379264e-01,1.834724577438850701e-01,3.904808083762925097e-01,4.923857425426526047e-01,5.744848500818026116e-01,4.318475256376235194e-01,7.828858886540932538e-01,7.730109168750326498e-01,6.932006801308290278e-01,6.914096994504717042e-01,7.769091777105983088e-01,8.187367547893962261e-01,7.502006290808764799e-01,7.581963095992978463e-01,5.471156872308807761e-01,4.377599080836789835e-01,6.732925179495806711e-01,6.143942693661934573e-01,7.021718076907983441e-01,2.402693467318759157e-01,4.291530379382522131e-01
5.599556622263387462e-01,6.166500808098616115e-01,1.000000000000000000e+00,-1.531626930453231228e-01,7.142361803722842017e-01,5.864078507364102119e-03,6.606921848428390920e-01,-9.210477487255056550e-01,5.968978188731293155e-01,6.044828997707885065e-01,3.197711781645126705e-01,5.347616562400652196e-01,-1.300526227141177993e-01,7.568182090867674461e-01,-3.065565697962552849e-01,7.090452143565734167e-01,8.130682511263800927e-02,6.653022066430590575e-01,6.180693717585480362e-01,5.563728785335212423e-01,4.553761130887895581e-01,8.085512056670490777e-01,6.194038286027189200e-01,3.288460316864541544e-01,7.365588178172612910e-01,6.952083138826701258e-01,6.911028214358083677e-01,7.743912533529115905e-01,6.136676117953200338e-01,7.176654935389595869e-01,5.705267515246117416e-01,4.653360187254000357e-01,5.793750231716291443e-01,3.911232659464945471e-01,6.302789995627299247e-01,6.957640284383203033e-01,5.381825504818873451e-01,5.622292562667199345e-01,6.123539385910417021e-01
-4.588838487830508295e-01,-3.204192625117609494e-01,-1.531626930453231228e-01,1.000000000000000000e+00,1.200421897775727081e-01,-7.306928367662866020e-01,2.419440058296329354e-01,2.866892879358803325e-01,4.440366650979306051e-01,-4.120215343976053601e-01,4.112220384363918790e-01,8.542440641812017914e-04,4.860232780758306226e-01,-7.816953415195247723e-02,-6.617010633634047290e-01,-4.061189872820051283e-01,-5.209984427737029966e-01,9.964681928106912390e-02,3.473114990660298163e-01,2.171260166200140729e-01,-3.155111074699752938e-01,-7.152674525266042305e-02,-1.985109857288973600e-01,-9.314813442068230198e-02,-1.295283992860954692e-01,-2.352750820125331377e-01,-4.091035306701740759e-01,-2.978148292948002984e-01,-3.909534214889942016e-01,-9.437452864503982630e-02,-5.861938671468369666e-01,-3.384930961575141617e-01,-4.314803128624853379e-01,-7.797901931716413881e-02,-4.650889625550632123e-01,-1.627163746845832759e-01,-5.862275566678495364e-01,4.911329086855228954e-01,2.020077460294618654e-01
4.437312697120132099e-01,5.977671388077961945e-01,7.142361803722842017e-01,1.200421897775727081e-01,1.000000000000000000e+00,-2.331779836886948287e-01,6.065914040240364402e-01,-6.655688373481494224e-01,7.132314202736772524e-01,5.463004435509734025e-01,5.430213957557445958e-01,2.335216426674616153e-01,-5.698402224124707316e-02,7.480994931798485847e-01,-4.617226076377434207e-01,5.087159819084117185e-01,-6.956065116457525732e-02,6.538182483734077399e-01,6.972606250591252275e-01,4.149964319501333043e-01,1.451144867659337201e-01,5.118434850502631139e-01,4.542323428611150238e-01,2.049501180071198470e-01,7.056575565895287783e-01,6.220840083903759199e-01,4.902327255035122677e-01,5.674549792421283989e-01,4.118097749945160979e-01,7.369970261032160463e-01,4.244563265702878119e-01,4.500848960001329613e-01,4.102867089576875959e-01,4.875784864143037911e-01,4.236021011719870444e-01,5.642013012536912786e-01,3.295523453342150688e-01,6.509734391613716253e-01,7.696731322565385502e-01
3.590354111325074760e-01,2.004520427727251031e-01,5.864078507364102119e-03,-7.306928367662866020e-01,-2.331779836886948287e-01,1.000000000000000000e+00,-5.011946859189730930e-01,-1.356627453943397288e-01,-6.311041905658948403e-01,3.583026440150098302e-01,-4.455770229987880415e-01,-2.947796528297120244e-01,-4.375490923576208502e-01,-9.276246526643983081e-02,6.837451251623941628e-01,2.065998713244176499e-01,7.395414189807160144e-01,-2.811244131706570615e-01,-4.888705572329370419e-01,-2.265702443307718306e-01,3.297788258936535377e-01,-8.360612136638764791e-02,4.447977988142192557e-02,-1.336794291207902274e-01,-3.314703926762744418e-02,1.708871619098726868e-01,2.582477043315714038e-01,2.546610776487949201e-01,3.022270251525078777e-01,-8.334694764382966775e-03,5.563882537489109881e-01,3.361358733975260416e-01,5.840326379026123949e-01,5.581103935503450852e-02,4.942933807492628784e-01,2.043601481144205825e-02,6.175626346322153903e-01,-6.656382301249244016e-01,-4.606459054930999719e-01
3.076197832169760282e-01,3.855971301132907203e-01,6.606921848428390920e-01,2.419440058296329354e-01,6.065914040240364402e-01,-5.011946859189730930e-01,1.000000000000000000e+00,-5.470948920624969514e-01,7.981634724084083476e-01,2.159819965598872293e-01,5.365996312076275476e-01,6.187891580250906021e-01,2.725045189008576396e-01,6.960854297219554176e-01,-6.140077115925908213e-01,4.639686111800872537e-01,-2.757708796387421946e-01,6.600503443536771542e-01,7.717595398302895537e-01,4.934987966366612411e-01,2.379590966929049922e-01,7.315940004989407441e-01,4.823260237978054255e-01,3.141351779425937130e-01,5.922725090223091016e-01,4.273889484067490696e-01,3.608890902588549610e-01,4.749927333682734121e-01,3.804260603170909194e-01,5.497604883918646435e-01,9.957489630495032495e-02,1.312174591537154378e-01,8.005728939200500160e-02,2.043829937819817699e-01,2.774963053225774634e-01,6.326485444484907239e-01,9.563507124469637632e-02,7.958979323779512560e-01,7.422657015734842600e-01
-6.042592792846663841e-01,-6.436420664585511542e-01,-9.210477487255056550e-01,2.866892879358803325e-01,-6.655688373481494224e-01,-1.356627453943397288e-01,-5.470948920624969514e-01,1.000000000000000000e+00,-4.757514773602086744e-01,-6.586710516322146214e-01,-2.349397390946068587e-01,-4.933565359203469503e-01,2.535538540188196910e-01,-7.150800725994966855e-01,1.441155252296517086e-01,-7.509905002494869919e-01,-1.582065444569923374e-01,-6.161112428652323336e-01,-5.102106393686239860e-01,-5.007175575466041861e-01,-4.871548687226636698e-01,-7.467542846073559337e-01,-6.287046787441771256e-01,-3.331397647755477975e-01,-7.270216755758630578e-01,-7.090749601151891124e-01,-7.432480649594489508e-01,-7.755031112291800310e-01,-6.358839734045699243e-01,-6.942896328017427177e-01,-6.597570844458775507e-01,-5.327782450051725682e-01,-6.329406402364287088e-01,-4.113225433635532280e-01,-6.761503748989686757e-01,-6.657538660795330188e-01,-6.155213956520766416e-01,-4.270705291323021457e-01,-5.253456667754861087e-01
2.515967267442394406e-01,4.269435126997117580e-01,5.968978188731293155e-01,4.440366650979306051e-01,7.132314202736772524e-01,-6.311041905658948403e-01,7.981634724084083476e-01,-4.757514773602086744e-01,1.000000000000000000e+00,2.672484262080963013e-01,6.261824131403511684e-01,5.389853656783767377e-01,1.910260989134032472e-01,6.383953811289421187e-01,-7.627862713551201157e-01,3.747089029501406432e-01,-3.752574665083185379e-01,6.928935929148752892e-01,8.155146172756270184e-01,4.476006465641497178e-01,5.454831022159031817e-03,5.755191068264616794e-01,4.296154978808225944e-01,3.245775671677219032e-01,6.126212730191609168e-01,4.605105320536188040e-01,3.388947715342592315e-01,3.813574802922244378e-01,3.155380630347877635e-01,6.207942016068044300e-01,4.979576703631449774e-02,2.304513689554891775e-01,-6.690790329609641943e-03,2.589579405617858932e-01,1.175111258109921702e-01,4.990724290355220694e-01,1.284506776508738748e-02,8.672137071111193363e-01,7.788524618074851302e-01
7.797311575960437224e-01,8.266719275953468005e-01,6.044828997707885065e-01,-4.120215343976053601e-01,5.463004435509734025e-01,3.583026440150098302e-01,2.159819965598872293e-01,-6.586710516322146214e-01,2.672484262080963013e-01,1.000000000000000000e+00,1.417409507515233480e-01,1.853546999382919558e-01,-5.619084792526671812e-01,5.534877429055540254e-01,6.047013367292852770e-02,7.950129516993926782e-01,4.184767838736484502e-01,5.135087056615148526e-01,2.930886893466620458e-01,1.417341982503306508e-01,3.868848327215851368e-01,4.151089444760122649e-01,5.094779202812281804e-01,3.671825563455201058e-01,7.532075325964008305e-01,7.484676745991296620e-01,7.910355622835391065e-01,7.016560023546032365e-01,7.199551285377429055e-01,7.720066924593832480e-01,8.281501728057363287e-01,7.768765105719807051e-01,6.221150236178182302e-01,3.429712340017216365e-01,6.961196052636242637e-01,5.089957603070144332e-01,7.673512721663487968e-01,1.212736096594476953e-01,3.249915020040468061e-01
2.459070208624179465e-01,3.328191104669885880e-01,3.197711781645126705e-01,4.112220384363918790e-01,5.430213957557445958e-01,-4.455770229987880415e-01,5.365996312076275476e-01,-2.349397390946068587e-01,6.261824131403511684e-01,1.417409507515233480e-01,1.000000000000000000e+00,1.675666919243435082e-01,4.038298378356926510e-01,5.395888712081597927e-01,-5.257390330518798560e-01,1.752238973969185709e-01,-5.514125934715192329e-02,3.909631994476110983e-01,5.341121666106974919e-01,3.168355014884320364e-01,8.969044705907190662e-02,3.009925855218467672e-01,2.356949596946852632e-01,2.542119898738044448e-01,4.397132361115734800e-01,4.328311797606720357e-01,1.143860103457832317e-01,2.883477203788907817e-01,2.743498988326311117e-01,4.416413173080856458e-01,-1.311473560619180268e-03,3.076631301406659857e-01,8.878726323045051105e-02,3.463926161364901390e-01,1.357580445973390060e-01,3.200960895140906870e-01,1.879169455099082703e-02,5.745618506834441197e-01,4.743679963313313097e-01
3.167774128210365525e-01,3.028389623917356888e-01,5.347616562400652196e-01,8.542440641812017914e-04,2.335216426674616153e-01,-2.947796528297120244e-01,6.187891580250906021e-01,-4.933565359203469503e-01,5.389853656783767377e-01,1.853546999382919558e-01,1.675666919243435082e-01,1.000000000000000000e+00,3.231550445988384812e-02,5.012133509900450479e-01,-2.820181613106394480e-01,5.536517933865962027e-01,-2.719143146449698456e-01,5.087290035735212435e-01,3.760355373677760071e-01,3.938321135439670773e-01,2.039028207493593370e-01,6.705281223807418867e-01,6.922299997587403331e-01,5.703177801961117899e-01,5.224065781878418635e-01,3.239773622069067605e-01,4.490106923925510918e-01,3.314162488511955273e-01,4.230288064826890904e-01,3.438915395050479717e-01,5.163880595556802344e-02,3.090886489982588858e-02,-4.621991612780212977e-02,1.866334618228382980e-01,2.217448119992733169e-01,6.064774704140190043e-01,1.380629793177010622e-01,5.128713870581197432e-01,4.574396588601910563e-01
-3.260691807402276710e-01,-4.039851279205564083e-01,-1.300526227141177993e-01,4.860232780758306226e-01,-5.698402224124707316e-02,-4.375490923576208502e-01,2.725045189008576396e-01,2.535538540188196910e-01,1.910260989134032472e-01,-5.619084792526671812e-01,4.038298378356926510e-01,3.231550445988384812e-02,1.000000000000000000e+00,4.726429788438380603e-02,-4.177703845462842902e-01,-3.819276437595384155e-01,-2.418076565505576647e-01,-1.545929912947153484e-01,1.233131235696266620e-01,2.455072567609150880e-01,-5.986985817539544619e-02,8.734460666858907818e-02,-1.632333000635536879e-01,-1.227393585136668103e-01,-2.610763735262904284e-01,-2.020700585284410933e-01,-4.664977334948349208e-01,-1.463925509206398801e-01,-2.336007119828321932e-01,-2.097522426070063672e-01,-6.078600128960298665e-01,-4.128494983724732004e-01,-2.206770149220279309e-01,-2.563103687463534272e-02,-2.468614911014515856e-01,-7.305574588629402955e-02,-4.222279368149579604e-01,2.999721012023056632e-01,2.664684060922607733e-02
6.565960608830487821e-01,6.627675156418443292e-01,7.568182090867674461e-01,-7.816953415195247723e-02,7.480994931798485847e-01,-9.276246526643983081e-02,6.960854297219554176e-01,-7.150800725994966855e-01,6.383953811289421187e-01,5.534877429055540254e-01,5.395888712081597927e-01,5.012133509900450479e-01,4.726429788438380603e-02,1.000000000000000000e+00,-3.343914942416021940e-01,6.977138781124937461e-01,1.228024133357229486e-01,6.188012635695022690e-01,6.069596523287842382e-01,3.771150385010635375e-01,3.653503326284427422e-01,6.663193733039043387e-01,6.786561131312626172e-01,4.681031335736150489e-01,7.811990209817930575e-01,6.606582978716201149e-01,5.820166163569868711e-01,6.668739693773917399e-01,6.723169677646441134e-01,7.450987868548774040e-01,4.395197851405669986e-01,4.759913250366137882e-01,4.934246273971663599e-01,4.579676661925478065e-01,6.450854765979882055e-01,7.416756259609373902e-01,4.905407770084612706e-01,5.314562776891147422e-01,6.216843073566560296e-01
1.400340284222340026e-01,-2.458703981241329439e-02,-3.065565697962552849e-01,-6.617010633634047290e-01,-4.617226076377434207e-01,6.837451251623941628e-01,-6.140077115925908213e-01,1.441155252296517086e-01,-7.627862713551201157e-01,6.047013367292852770e-02,-5.257390330518798560e-01,-2.820181613106394480e-01,-4.177703845462842902e-01,-3.343914942416021940e-01,1.000000000000000000e+00,6.068695171810531419e-02,3.817543815345098013e-01,-5.126956776404226757e-01,-7.381004093340057803e-01,-2.579695733623461051e-01,1.954973471187183842e-01,-3.308364905157881730e-01,-7.303468315963623780e-02,-1.022092275877135997e-01,-2.743081130994869943e-01,-1.036764034979569676e-01,2.538622069476966642e-02,-7.471129915970943502e-02,-1.177323456681561575e-02,-2.656256036565646239e-01,2.883442648112656270e-01,8.172818986070053138e-02,2.154085475791256699e-01,1.080962985787740915e-01,1.343344695652411436e-01,-1.738776505116804150e-01,2.368766788935354750e-01,-8.028865915290711586e-01,-5.977337269350087023e-01
8.281258690290527191e-01,7.967512251894182107e-01,7.090452143565734167e-01,-4.061189872820051283e-01,5.087159819084117185e-01,2.065998713244176499e-01,4.639686111800872537e-01,-7.509905002494869919e-01,3.747089029501406432e-01,7.950129516993926782e-01,1.752238973969185709e-01,5.536517933865962027e-01,-3.819276437595384155e-01,6.977138781124937461e-01,6.068695171810531419e-02,1.000000000000000000e+00,2.201052523250556225e-01,5.775205024368179618e-01,3.430801836665851590e-01,3.192705655191599989e-01,5.180464262268655862e-01,6.516288359273106900e-01,7.459816065390787454e-01,5.183450282322481506e-01,8.054668034020338041e-01,7.257035990908229373e-01,8.237618739817734737e-01,7.437034791625642960e-01,7.577847279220637500e-01,7.537507749391054723e-01,7.074707660408563470e-01,6.153042485707908016e-01,5.479680420678866293e-01,4.248749317364478029e-01,7.223190321283574633e-01,7.139143507153951074e-01,6.787804837538820024e-01,2.432807494788266633e-01,4.039840364413411211e-01
4.942195184900595728e-01,3.651042046736223678e-01,8.130682511263800927e-02,-5.209984427737029966e-01,-6.956065116457525732e-02,7.395414189807160144e-01,-2.757708796387421946e-01,-1.582065444569923374e-01,-3.752574665083185379e-01,4.184767838736484502e-01,-5.514125934715192329e-02,-2.719143146449698456e-01,-2.418076565505576647e-01,1.228024133357229486e-01,3.817543815345098013e-01,2.201052523250556225e-01,1.000000000000000000e+00,-1.890740728671096160e-01,-2.722377141813425161e-01,-2.194250108356946005e-01,3.880198465447685652e-01,1.254436221344041886e-03,8.530979094176971075e-03,6.923406247657688806e-02,1.570282265080420181e-01,3.392110396269290562e-01,2.713695176327374781e-01,3.477678390970305178e-01,5.375561586011169402e-01,1.673630646752080620e-01,5.176668769817123206e-01,4.954510172594320250e-01,5.556960876337820876e-01,7.816622733200523365e-02,5.781559008230274799e-01,1.066652976045227713e-01,6.946098705499502701e-01,-4.333914156391133754e-01,-2.908346688897337495e-01
3.892616853088372020e-01,5.261178166162675529e-01,6.653022066430590575e-01,9.964681928106912390e-02,6.538182483734077399e-01,-2.811244131706570615e-01,6.600503443536771542e-01,-6.161112428652323336e-01,6.928935929148752892e-01,5.135087056615148526e-01,3.909631994476110983e-01,5.087290035735212435e-01,-1.545929912947153484e-01,6.188012635695022690e-01,-5.126956776404226757e-01,5.775205024368179618e-01,-1.890740728671096160e-01,1.000000000000000000e+00,7.871221343688264982e-01,3.095206491192210585e-01,1.551879273290786010e-01,5.595348660342965852e-01,5.381949904725369382e-01,3.526461069603987752e-01,7.195880322254941674e-01,4.914970018239334104e-01,5.398107857747821425e-01,4.791539408951155932e-01,4.229807382404975336e-01,6.220914967844092258e-01,3.397294639602764232e-01,3.550605965440943868e-01,2.002149949733866008e-01,1.176382379089896124e-01,3.271676163899520096e-01,5.732353677333656972e-01,2.584117712082742990e-01,6.918696085493557524e-01,7.001377101394247182e-01
1.876449795251479979e-01,3.507197760042379264e-01,6.180693717585480362e-01,3.473114990660298163e-01,6.972606250591252275e-01,-4.888705572329370419e-01,7.717595398302895537e-01,-5.102106393686239860e-01,8.155146172756270184e-01,2.930886893466620458e-01,5.341121666106974919e-01,3.760355373677760071e-01,1.233131235696266620e-01,6.069596523287842382e-01,-7.381004093340057803e-01,3.430801836665851590e-01,-2.722377141813425161e-01,7.871221343688264982e-01,1.000000000000000000e+00,3.586320523660887494e-01,4.848283054852343260e-02,5.597557836761321015e-01,3.238991520389545298e-01,1.744144784206623222e-01,5.768175788448136609e-01,3.873347837642470703e-01,3.646170547475973689e-01,4.096729656069132974e-01,2.720890424081574555e-01,5.633073055482151759e-01,1.414609581682401696e-01,2.562382813786737157e-01,9.477560134716019047e-02,7.084817496493213407e-02,1.975289720758336975e-01,4.432403758665510174e-01,7.842507125134015600e-02,8.143040828629798389e-01,7.578069996677941900e-01
1.815343372014435741e-01,1.834724577438850701e-01,5.563728785335212423e-01,2.171260166200140729e-01,4.149964319501333043e-01,-2.265702443307718306e-01,4.934987966366612411e-01,-5.007175575466041861e-01,4.476006465641497178e-01,1.417341982503306508e-01,3.168355014884320364e-01,3.938321135439670773e-01,2.455072567609150880e-01,3.771150385010635375e-01,-2.579695733623461051e-01,3.192705655191599989e-01,-2.194250108356946005e-01,3.095206491192210585e-01,3.586320523660887494e-01,1.000000000000000000e+00,4.286258488774190578e-01,6.653270295838498161e-01,3.137154266515359002e-01,1.365328330100331333e-01,3.015489933888001461e-01,4.258282602894054580e-01,3.023094327774364376e-01,5.639491162561079962e-01,2.345318820705935281e-01,3.912724647923400689e-01,1.610959030066066999e-01,1.408715490893080735e-01,2.540853290825891286e-01,4.223732034483871911e-01,2.603433185385868320e-01,4.265826471250420138e-01,1.550747510344219204e-01,4.933990135951979439e-01,3.219231556867375721e-01
5.344663221642098616e-01,3.904808083762925097e-01,4.553761130887895581e-01,-3.155111074699752938e-01,1.451144867659337201e-01,3.297788258936535377e-01,2.379590966929049922e-01,-4.871548687226636698e-01,5.454831022159031817e-03,3.868848327215851368e-01,8.969044705907190662e-02,2.039028207493593370e-01,-5.986985817539544619e-02,3.653503326284427422e-01,1.954973471187183842e-01,5.180464262268655862e-01,3.880198465447685652e-01,1.551879273290786010e-01,4.848283054852343260e-02,4.286258488774190578e-01,1.000000000000000000e+00,5.311678353979499834e-01,3.202746649665679790e-01,2.841863546995412326e-01,3.260480201976845294e-01,4.827906226404078405e-01,4.450322586104239475e-01,6.689111457877824352e-01,5.295430077695227888e-01,4.244327460463925838e-01,5.196344226965814439e-01,4.064493630281538206e-01,5.622187876707622767e-01,2.724935500969536961e-01,6.455767754397199187e-01,4.455094826452828949e-01,5.434705834747631803e-01,1.006770394384507231e-02,-2.703187744526960520e-02
5.053018806817390907e-01,4.923857425426526047e-01,8.085512056670490777e-01,-7.152674525266042305e-02,5.118434850502631139e-01,-8.360612136638764791e-02,7.315940004989407441e-01,-7.467542846073559337e-01,5.755191068264616794e-01,4.151089444760122649e-01,3.009925855218467672e-01,6.705281223807418867e-01,8.734460666858907818e-02,6.663193733039043387e-01,-3.308364905157881730e-01,6.516288359273106900e-01,1.254436221344041886e-03,5.595348660342965852e-01,5.597557836761321015e-01,6.653270295838498161e-01,5.311678353979499834e-01,1.000000000000000000e+00,6.124388603700881006e-01,3.730346172616565426e-01,6.189775032843628511e-01,6.102727459924262021e-01,6.078119659337966052e-01,7.529013415778973428e-01,5.923979983574766406e-01,6.212167686176762738e-01,3.999239989466070178e-01,3.157577815215975026e-01,4.066638507351495457e-01,3.370585779561667827e-01,5.621370238742370296e-01,7.016247968237753208e-01,4.382452229489434692e-01,5.837097510021748148e-01,5.444561780182569644e-01
6.076222028953828236e-01,5.744848500818026116e-01,6.194038286027189200e-01,-1.985109857288973600e-01,4.542323428611150238e-01,4.447977988142192557e-02,4.823260237978054255e-01,-6.287046787441771256e-01,4.296154978808225944e-01,5.094779202812281804e-01,2.356949596946852632e-01,6.922299997587403331e-01,-1.632333000635536879e-01,6.786561131312626172e-01,-7.303468315963623780e-02,7.459816065390787454e-01,8.530979094176971075e-03,5.381949904725369382e-01,3.238991520389545298e-01,3.137154266515359002e-01,3.202746649665679790e-01,6.124388603700881006e-01,1.000000000000000000e+00,6.038290382623703323e-01,7.436591146882364223e-01,5.213734940575428523e-01,5.943117161962835349e-01,5.122081896050844074e-01,6.254168876677959066e-01,5.718442919812503078e-01,3.926491174545293505e-01,3.086827074342842203e-01,3.752993818847307761e-01,4.400686028541093142e-01,5.273259081150186711e-01,7.135689265640465795e-01,4.596094749143280200e-01,3.479560154539884653e-01,4.671673386022054397e-01
4.770208768533781840e-01,4.318475256376235194e-01,3.288460316864541544e-01,-9.314813442068230198e-02,2.049501180071198470e-01,-1.336794291207902274e-01,3.141351779425937130e-01,-3.331397647755477975e-01,3.245775671677219032e-01,3.671825563455201058e-01,2.542119898738044448e-01,5.703177801961117899e-01,-1.227393585136668103e-01,4.681031335736150489e-01,-1.022092275877135997e-01,5.183450282322481506e-01,6.923406247657688806e-02,3.526461069603987752e-01,1.744144784206623222e-01,1.365328330100331333e-01,2.841863546995412326e-01,3.730346172616565426e-01,6.038290382623703323e-01,1.000000000000000000e+00,5.471274303584793275e-01,3.358873906466735559e-01,4.363054024820054444e-01,2.914271094762566072e-01,5.464000699992230814e-01,4.340637395706877788e-01,2.107087222018274586e-01,2.964229500757910585e-01,7.452983509572193299e-02,1.804317469765390758e-01,3.255636459583300391e-01,3.632103651072052797e-01,3.133491049910905879e-01,2.229770750529805889e-01,2.342798854044036982e-01
7.228120184395874226e-01,7.828858886540932538e-01,7.365588178172612910e-01,-1.295283992860954692e-01,7.056575565895287783e-01,-3.314703926762744418e-02,5.922725090223091016e-01,-7.270216755758630578e-01,6.126212730191609168e-01,7.532075325964008305e-01,4.397132361115734800e-01,5.224065781878418635e-01,-2.610763735262904284e-01,7.811990209817930575e-01,-2.743081130994869943e-01,8.054668034020338041e-01,1.570282265080420181e-01,7.195880322254941674e-01,5.768175788448136609e-01,3.015489933888001461e-01,3.260480201976845294e-01,6.189775032843628511e-01,7.436591146882364223e-01,5.471274303584793275e-01,1.000000000000000000e+00,7.434470308433578367e-01,7.464575915230210468e-01,6.543323301219905463e-01,7.486297014548811690e-01,8.078402985241492917e-01,5.567045023139038928e-01,5.880222097955100091e-01,4.305267685346935158e-01,4.027146701534982109e-01,6.234355317989670464e-01,7.290666149533387985e-01,5.967693149190161916e-01,5.153594477256828732e-01,6.504642184656693749e-01
7.569265604000167125e-01,7.730109168750326498e-01,6.952083138826701258e-01,-2.352750820125331377e-01,6.220840083903759199e-01,1.708871619098726868e-01,4.273889484067490696e-01,-7.090749601151891124e-01,4.605105320536188040e-01,7.484676745991296620e-01,4.328311797606720357e-01,3.239773622069067605e-01,-2.020700585284410933e-01,6.606582978716201149e-01,-1.036764034979569676e-01,7.257035990908229373e-01,3.392110396269290562e-01,4.914970018239334104e-01,3.873347837642470703e-01,4.258282602894054580e-01,4.827906226404078405e-01,6.102727459924262021e-01,5.213734940575428523e-01,3.358873906466735559e-01,7.434470308433578367e-01,1.000000000000000000e+00,7.706581065192154023e-01,8.223208918384994348e-01,7.375051873293105853e-01,7.691935539919979581e-01,6.762988521242261353e-01,7.420330617872762380e-01,5.704572457821956988e-01,5.054857726630950232e-01,6.862091735999895636e-01,6.461209225210297058e-01,6.974064523498422208e-01,3.533217714083007333e-01,4.195239661707250711e-01
7.035634998461238743e-01,6.932006801308290278e-01,6.911028214358083677e-01,-4.091035306701740759e-01,4.902327255035122677e-01,2.582477043315714038e-01,3.608890902588549610e-01,-7.432480649594489508e-01,3.388947715342592315e-01,7.910355622835391065e-01,1.143860103457832317e-01,4.490106923925510918e-01,-4.664977334948349208e-01,5.820166163569868711e-01,2.538622069476966642e-02,8.237618739817734737e-01,2.713695176327374781e-01,5.398107857747821425e-01,3.646170547475973689e-01,3.023094327774364376e-01,4.450322586104239475e-01,6.078119659337966052e-01,5.943117161962835349e-01,4.363054024820054444e-01,7.464575915230210468e-01,7.706581065192154023e-01,1.000000000000000000e+00,7.309224891571721727e-01,6.971038665570832293e-01,7.017089844803107157e-01,7.307158582504205135e-01,6.942957465126002869e-01,5.075291954233951408e-01,3.015744693660725173e-01,6.971367829057459886e-01,6.249886222033149696e-01,7.076637361722809549e-01,2.240305528121075140e-01,3.769378396417595312e-01
7.292052047229526934e-01,6.914096994504717042e-01,7.743912533529115905e-01,-2.978148292948002984e-01,5.674549792421283989e-01,2.546610776487949201e-01,4.749927333682734121e-01,-7.755031112291800310e-01,3.813574802922244378e-01,7.016560023546032365e-01,2.883477203788907817e-01,3.314162488511955273e-01,-1.463925509206398801e-01,6.668739693773917399e-01,-7.471129915970943502e-02,7.437034791625642960e-01,3.477678390970305178e-01,4.791539408951155932e-01,4.096729656069132974e-01,5.639491162561079962e-01,6.689111457877824352e-01,7.529013415778973428e-01,5.122081896050844074e-01,2.914271094762566072e-01,6.543323301219905463e-01,8.223208918384994348e-01,7.309224891571721727e-01,1.000000000000000000e+00,7.320818212243498380e-01,7.531915208487980351e-01,7.369474026372478948e-01,6.606163844181465183e-01,7.025878442233094434e-01,4.526328138610044571e-01,7.798273684840180131e-01,6.317546400426727882e-01,7.247847206398857489e-01,3.144441898949398295e-01,3.337403421516067503e-01
8.399075326991056745e-01,7.769091777105983088e-01,6.136676117953200338e-01,-3.909534214889942016e-01,4.118097749945160979e-01,3.022270251525078777e-01,3.804260603170909194e-01,-6.358839734045699243e-01,3.155380630347877635e-01,7.199551285377429055e-01,2.743498988326311117e-01,4.230288064826890904e-01,-2.336007119828321932e-01,6.723169677646441134e-01,-1.177323456681561575e-02,7.577847279220637500e-01,5.375561586011169402e-01,4.229807382404975336e-01,2.720890424081574555e-01,2.345318820705935281e-01,5.295430077695227888e-01,5.923979983574766406e-01,6.254168876677959066e-01,5.464000699992230814e-01,7.486297014548811690e-01,7.375051873293105853e-01,6.971038665570832293e-01,7.320818212243498380e-01,1.000000000000000000e+00,6.998364261504199657e-01,6.487757531634946728e-01,6.799695721470701004e-01,5.398036786290778544e-01,3.615570542367868012e-01,7.580386440462195674e-01,6.448860111584692190e-01,8.096144430863494446e-01,1.889119443676693377e-01,2.930448504922802955e-01
7.446916274839371352e-01,8.187367547893962261e-01,7.176654935389595869e-01,-9.437452864503982630e-02,7.369970261032160463e-01,-8.334694764382966775e-03,5.497604883918646435e-01,-6.942896328017427177e-01,6.207942016068044300e-01,7.720066924593832480e-01,4.416413173080856458e-01,3.438915395050479717e-01,-2.097522426070063672e-01,7.450987868548774040e-01,-2.656256036565646239e-01,7.537507749391054723e-01,1.673630646752080620e-01,6.220914967844092258e-01,5.633073055482151759e-01,3.912724647923400689e-01,4.244327460463925838e-01,6.212167686176762738e-01,5.718442919812503078e-01,4.340637395706877788e-01,8.078402985241492917e-01,7.691935539919979581e-01,7.017089844803107157e-01,7.531915208487980351e-01,6.998364261504199657e-01,1.000000000000000000e+00,6.519081243696889238e-01,6.991765269215229894e-01,5.499110193931908697e-01,4.484230151604810533e-01,6.438329316323200269e-01,6.047791732975129619e-01,5.962000108058899128e-01,4.520203389778283398e-01,5.431995765339411308e-01
7.472559849557117717e-01,7.502006290808764799e-01,5.705267515246117416e-01,-5.861938671468369666e-01,4.244563265702878119e-01,5.563882537489109881e-01,9.957489630495032495e-02,-6.597570844458775507e-01,4.979576703631449774e-02,8.281501728057363287e-01,-1.311473560619180268e-03,5.163880595556802344e-02,-6.078600128960298665e-01,4.395197851405669986e-01,2.883442648112656270e-01,7.074707660408563470e-01,5.176668769817123206e-01,3.397294639602764232e-01,1.414609581682401696e-01,1.610959030066066999e-01,5.196344226965814439e-01,3.999239989466070178e-01,3.926491174545293505e-01,2.107087222018274586e-01,5.567045023139038928e-01,6.762988521242261353e-01,7.307158582504205135e-01,7.369474026372478948e-01,6.487757531634946728e-01,6.519081243696889238e-01,1.000000000000000000e+00,7.703647604555122763e-01,7.271120314301403598e-01,3.249497448879400952e-01,7.432598079926925339e-01,4.296948667482898276e-01,8.052922152525936461e-01,-8.223729731902011675e-02,1.437474976946907790e-01
7.388015891541768188e-01,7.581963095992978463e-01,4.653360187254000357e-01,-3.384930961575141617e-01,4.500848960001329613e-01,3.361358733975260416e-01,1.312174591537154378e-01,-5.327782450051725682e-01,2.304513689554891775e-01,7.768765105719807051e-01,3.076631301406659857e-01,3.090886489982588858e-02,-4.128494983724732004e-01,4.759913250366137882e-01,8.172818986070053138e-02,6.153042485707908016e-01,4.954510172594320250e-01,3.550605965440943868e-01,2.562382813786737157e-01,1.408715490893080735e-01,4.064493630281538206e-01,3.157577815215975026e-01,3.086827074342842203e-01,2.964229500757910585e-01,5.880222097955100091e-01,7.420330617872762380e-01,6.942957465126002869e-01,6.606163844181465183e-01,6.799695721470701004e-01,6.991765269215229894e-01,7.703647604555122763e-01,1.000000000000000000e+00,5.481677110042335599e-01,3.214784750331113328e-01,6.510306397531726574e-01,3.540406102257134258e-01,7.356915334131740591e-01,2.600721516080841539e-02,1.529633048278022101e-01
6.164015977697334669e-01,5.471156872308807761e-01,5.793750231716291443e-01,-4.314803128624853379e-01,4.102867089576875959e-01,5.840326379026123949e-01,8.005728939200500160e-02,-6.329406402364287088e-01,-6.690790329609641943e-03,6.221150236178182302e-01,8.878726323045051105e-02,-4.621991612780212977e-02,-2.206770149220279309e-01,4.934246273971663599e-01,2.154085475791256699e-01,5.479680420678866293e-01,5.556960876337820876e-01,2.002149949733866008e-01,9.477560134716019047e-02,2.540853290825891286e-01,5.622187876707622767e-01,4.066638507351495457e-01,3.752993818847307761e-01,7.452983509572193299e-02,4.305267685346935158e-01,5.704572457821956988e-01,5.075291954233951408e-01,7.025878442233094434e-01,5.398036786290778544e-01,5.499110193931908697e-01,7.271120314301403598e-01,5.481677110042335599e-01,1.000000000000000000e+00,4.248742570125220164e-01,7.749824486753058572e-01,4.089219133147807828e-01,7.125596256139092866e-01,-8.932140638880893546e-02,4.268040479162336226e-02
4.538663235208574842e-01,4.377599080836789835e-01,3.911232659464945471e-01,-7.797901931716413881e-02,4.875784864143037911e-01,5.581103935503450852e-02,2.043829937819817699e-01,-4.113225433635532280e-01,2.589579405617858932e-01,3.429712340017216365e-01,3.463926161364901390e-01,1.866334618228382980e-01,-2.563103687463534272e-02,4.579676661925478065e-01,1.080962985787740915e-01,4.248749317364478029e-01,7.816622733200523365e-02,1.176382379089896124e-01,7.084817496493213407e-02,4.223732034483871911e-01,2.724935500969536961e-01,3.370585779561667827e-01,4.400686028541093142e-01,1.804317469765390758e-01,4.027146701534982109e-01,5.054857726630950232e-01,3.015744693660725173e-01,4.526328138610044571e-01,3.615570542367868012e-01,4.484230151604810533e-01,3.249497448879400952e-01,3.214784750331113328e-01,4.248742570125220164e-01,1.000000000000000000e+00,3.598336295553763442e-01,4.505993169489228567e-01,2.920318899528633327e-01,1.550857220985628893e-01,2.572185205112741402e-01
7.826903110574726652e-01,6.732925179495806711e-01,6.302789995627299247e-01,-4.650889625550632123e-01,4.236021011719870444e-01,4.942933807492628784e-01,2.774963053225774634e-01,-6.761503748989686757e-01,1.175111258109921702e-01,6.961196052636242637e-01,1.357580445973390060e-01,2.217448119992733169e-01,-2.468614911014515856e-01,6.450854765979882055e-01,1.343344695652411436e-01,7.223190321283574633e-01,5.781559008230274799e-01,3.271676163899520096e-01,1.975289720758336975e-01,2.603433185385868320e-01,6.455767754397199187e-01,5.621370238742370296e-01,5.273259081150186711e-01,3.255636459583300391e-01,6.234355317989670464e-01,6.862091735999895636e-01,6.971367829057459886e-01,7.798273684840180131e-01,7.580386440462195674e-01,6.438329316323200269e-01,7.432598079926925339e-01,6.510306397531726574e-01,7.749824486753058572e-01,3.598336295553763442e-01,1.000000000000000000e+00,6.071608969562257707e-01,8.352091660307490173e-01,3.474276754982536658e-02,1.738602251141940780e-01
6.255757100944285831e-01,6.143942693661934573e-01,6.957640284383203033e-01,-1.627163746845832759e-01,5.642013012536912786e-01,2.043601481144205825e-02,6.326485444484907239e-01,-6.657538660795330188e-01,4.990724290355220694e-01,5.089957603070144332e-01,3.200960895140906870e-01,6.064774704140190043e-01,-7.305574588629402955e-02,7.416756259609373902e-01,-1.738776505116804150e-01,7.139143507153951074e-01,1.066652976045227713e-01,5.732353677333656972e-01,4.432403758665510174e-01,4.265826471250420138e-01,4.455094826452828949e-01,7.016247968237753208e-01,7.135689265640465795e-01,3.632103651072052797e-01,7.290666149533387985e-01,6.461209225210297058e-01,6.249886222033149696e-01,6.317546400426727882e-01,6.448860111584692190e-01,6.047791732975129619e-01,4.296948667482898276e-01,3.540406102257134258e-01,4.089219133147807828e-01,4.505993169489228567e-01,6.071608969562257707e-01,1.000000000000000000e+00,4.851922058218685607e-01,4.726547038446931026e-01,5.542001568990641003e-01
7.808352774393951812e-01,7.021718076907983441e-01,5.381825504818873451e-01,-5.862275566678495364e-01,3.295523453342150688e-01,6.175626346322153903e-01,9.563507124469637632e-02,-6.155213956520766416e-01,1.284506776508738748e-02,7.673512721663487968e-01,1.879169455099082703e-02,1.380629793177010622e-01,-4.222279368149579604e-01,4.905407770084612706e-01,2.368766788935354750e-01,6.787804837538820024e-01,6.946098705499502701e-01,2.584117712082742990e-01,7.842507125134015600e-02,1.550747510344219204e-01,5.434705834747631803e-01,4.382452229489434692e-01,4.596094749143280200e-01,3.133491049910905879e-01,5.967693149190161916e-01,6.974064523498422208e-01,7.076637361722809549e-01,7.247847206398857489e-01,8.096144430863494446e-01,5.962000108058899128e-01,8.052922152525936461e-01,7.356915334131740591e-01,7.125596256139092866e-01,2.920318899528633327e-01,8.352091660307490173e-01,4.851922058218685607e-01,1.000000000000000000e+00,-8.525044098613017429e-02,1.008992662237312155e-01
7.027528517405609576e-02,2.402693467318759157e-01,5.622292562667199345e-01,4.911329086855228954e-01,6.509734391613716253e-01,-6.656382301249244016e-01,7.958979323779512560e-01,-4.270705291323021457e-01,8.672137071111193363e-01,1.212736096594476953e-01,5.745618506834441197e-01,5.128713870581197432e-01,2.999721012023056632e-01,5.314562776891147422e-01,-8.028865915290711586e-01,2.432807494788266633e-01,-4.333914156391133754e-01,6.918696085493557524e-01,8.143040828629798389e-01,4.933990135951979439e-01,1.006770394384507231e-02,5.837097510021748148e-01,3.479560154539884653e-01,2.229770750529805889e-01,5.153594477256828732e-01,3.533217714083007333e-01,2.240305528121075140e-01,3.144441898949398295e-01,1.889119443676693377e-01,4.520203389778283398e-01,-8.223729731902011675e-02,2.600721516080841539e-02,-8.932140638880893546e-02,1.550857220985628893e-01,3.474276754982536658e-02,4.726547038446931026e-01,-8.525044098613017429e-02,1.000000000000000000e+00,8.154193108232078435e-01
2.363956655763291559e-01,4.291530379382522131e-01,6.123539385910417021e-01,2.020077460294618654e-01,7.696731322565385502e-01,-4.606459054930999719e-01,7.422657015734842600e-01,-5.253456667754861087e-01,7.788524618074851302e-01,3.249915020040468061e-01,4.743679963313313097e-01,4.574396588601910563e-01,2.664684060922607733e-02,6.216843073566560296e-01,-5.977337269350087023e-01,4.039840364413411211e-01,-2.908346688897337495e-01,7.001377101394247182e-01,7.578069996677941900e-01,3.219231556867375721e-01,-2.703187744526960520e-02,5.444561780182569644e-01,4.671673386022054397e-01,2.342798854044036982e-01,6.504642184656693749e-01,4.195239661707250711e-01,3.769378396417595312e-01,3.337403421516067503e-01,2.930448504922802955e-01,5.431995765339411308e-01,1.437474976946907790e-01,1.529633048278022101e-01,4.268040479162336226e-02,2.572185205112741402e-01,1.738602251141940780e-01,5.542001568990641003e-01,1.008992662237312155e-01,8.154193108232078435e-01,1.000000000000000000e+00
