1.000000000000000000e+00,9.536069915016806009e-01,9.805458996305238539e-01,9.169139208021335197e-01,9.812370701990307253e-01,9.017579973658046422e-01,9.000175642158365630e-01,9.665821086535473228e-01,9.110325265518121052e-01,9.274412585499917094e-01,9.648610222811863091e-01,9.213826157289071173e-01,9.593064617993545262e-01,9.401676583381169960e-01,9.519531232839532064e-01,9.697773274792114151e-01,9.680489395507106964e-01,9.824561087126173486e-01,9.028561046040937121e-01,9.566056843955502709e-01,9.828997023238329467e-01,9.828340379169089314e-01,9.028469276016382050e-01,9.206668105607929142e-01,8.934466766747709565e-01,9.462929260429442380e-01,9.630914498014475633e-01,9.216516352932780931e-01,9.010124713467901891e-01,9.567864794750765567e-01,9.341302994202651533e-01,9.055307023021572643e-01,9.585144995609545804e-01,9.464381694272099299e-01,9.733483141279281048e-01,9.352282352939422783e-01,9.777907921258363055e-01,9.192063704894051224e-01,9.315411538745550502e-01
9.536069915016806009e-01,1.000000000000000000e+00,9.500209565406479983e-01,8.950013538448479133e-01,9.589513054218291588e-01,8.756073840445488532e-01,8.762826825862455316e-01,9.350784808000204285e-01,9.360367580438444524e-01,9.005669569364648241e-01,9.369230019650939267e-01,8.940407330203197223e-01,9.819247045084682490e-01,9.126486112035209208e-01,9.199365174999116768e-01,9.397740816647663920e-01,9.368108695089866211e-01,9.518857916772059946e-01,8.769775311251856165e-01,9.232321890286969701e-01,9.557059899364180877e-01,9.569703711273922497e-01,8.779715524403152171e-01,8.940159215394901659e-01,8.960950292731986178e-01,9.151444486843900439e-01,9.333013469880350188e-01,9.435425768733856078e-01,8.749277799296978353e-01,9.259278708993675666e-01,9.623469238153736782e-01,8.798176191367387267e-01,9.262934200835766241e-01,9.824082653345146410e-01,9.669934459102611513e-01,9.638156396803366777e-01,9.638011255096631258e-01,8.921743382780875642e-01,9.024787564232106263e-01
9.805458996305238539e-01,9.500209565406479983e-01,1.000000000000000000e+00,9.243794833018146306e-01,9.766400016176860488e-01,9.101270522498655646e-01,9.095571191430205094e-01,9.695354053380402792e-01,9.112570009131342186e-01,9.337005184002751257e-01,9.692732164820968555e-01,9.266493279279938156e-01,9.564701791477182580e-01,9.450164981102329165e-01,9.562529164498928536e-01,9.733595715252773006e-01,9.709177350485188596e-01,9.825555043230056462e-01,9.133334591706738781e-01,9.616819544344237247e-01,9.810457795557948613e-01,9.796766626903501418e-01,9.125526520751710002e-01,9.275644656058140702e-01,8.900360720203602805e-01,9.503702716282459440e-01,9.673865418800814409e-01,9.201039603824973101e-01,9.113921206451695012e-01,9.598030819734939545e-01,9.321751533950617397e-01,9.139248187678513657e-01,9.634607744244394478e-01,9.422302454457777143e-01,9.697153073222420927e-01,9.335137957266920194e-01,9.732438889541579208e-01,9.259199138843493548e-01,9.374796715912491196e-01
9.169139208021335197e-01,8.950013538448479133e-01,9.243794833018146306e-01,1.000000000000000000e+00,9.121843330016129459e-01,9.713789917984319011e-01,9.755685812865563245e-01,9.359073098867620732e-01,8.701885009285336148e-01,9.698576482374677843e-01,9.339904752207717209e-01,9.686375034552575647e-01,9.002214009875070255e-01,9.586942780519924767e-01,9.498093224556437564e-01,9.345750373327181837e-01,9.334529639584991934e-01,9.227061456380024618e-01,9.784535150634416922e-01,9.443647049267136495e-01,9.194103102857893450e-01,9.188589090090695244e-01,9.779737760396913782e-01,9.722598828682110783e-01,8.906702915390098951e-01,9.533326496002466621e-01,9.389811789903269590e-01,8.738970103990201244e-01,9.748512593023093142e-01,9.492072438344208996e-01,8.857935254243073375e-01,9.788702864727385489e-01,9.444225599570459373e-01,8.915323901171634535e-01,9.092172702479986990e-01,8.847935624765782547e-01,9.141995331645738077e-01,9.697113121033572591e-01,9.666057908029339618e-01
9.812370701990307253e-01,9.589513054218291588e-01,9.766400016176860488e-01,9.121843330016129459e-01,1.000000000000000000e+00,8.968708071091073819e-01,8.965260531046136405e-01,9.596381253397068267e-01,9.137251759562240450e-01,9.224131357056882807e-01,9.589549145834777022e-01,9.167037159932359680e-01,9.643934893126807628e-01,9.330535190852426997e-01,9.444476612290313433e-01,9.654685183260559578e-01,9.615344532802932997e-01,9.801793699362542078e-01,8.971672133836421370e-01,9.492971442252975400e-01,9.824581277548529723e-01,9.838806638785176917e-01,8.977723444491785276e-01,9.155180111565477397e-01,8.956708150633946319e-01,9.384790677230909761e-01,9.569041307630915538e-01,9.241872323184480154e-01,8.966152531812503490e-01,9.491202429195103596e-01,9.370938365553692639e-01,8.991374633804272154e-01,9.514721817249095492e-01,9.529641162854692871e-01,9.760545387191962297e-01,9.383864625415542227e-01,9.812500028632289428e-01,9.147913619580442246e-01,9.253482958809523540e-01
9.017579973658046422e-01,8.756073840445488532e-01,9.101270522498655646e-01,9.713789917984319011e-01,8.968708071091073819e-01,1.000000000000000000e+00,9.817075385699410850e-01,9.240204133557041732e-01,8.582351090149386019e-01,9.552841803567521106e-01,9.181733588155761572e-01,9.566816787813803291e-01,8.813366676568769043e-01,9.467584965841697731e-01,9.376313904190809456e-01,9.206640817461129167e-01,9.196213411843566776e-01,9.110196107510792896e-01,9.788183939387316013e-01,9.326587383686394395e-01,9.051094180693044500e-01,9.038183417226582916e-01,9.792185226882763605e-01,9.600267149331136451e-01,8.928617558323017622e-01,9.408628624682887631e-01,9.270211757147823750e-01,8.610215460873132942e-01,9.829191000624808439e-01,9.360219689628072048e-01,8.708384317079619352e-01,9.781307781434042115e-01,9.329165332719676629e-01,8.693706534737102309e-01,8.926749082071863128e-01,8.705710007992079058e-01,8.982369430568296620e-01,9.576918955098351338e-01,9.539503959624789919e-01
9.000175642158365630e-01,8.762826825862455316e-01,9.095571191430205094e-01,9.755685812865563245e-01,8.965260531046136405e-01,9.817075385699410850e-01,1.000000000000000000e+00,9.212231414800075013e-01,8.553483955536457239e-01,9.593677198331119760e-01,9.154357775075308012e-01,9.598029055308352486e-01,8.828000312405597239e-01,9.454805584575300959e-01,9.355152268121305070e-01,9.205414648233499753e-01,9.187221782158879746e-01,9.099949995490770327e-01,9.825427105442700038e-01,9.304547758708505700e-01,9.039438702703108675e-01,9.039482517573387277e-01,9.835260179753836374e-01,9.635984549869797133e-01,8.901061691621974248e-01,9.394053543264085926e-01,9.250051351295923707e-01,8.586675255367748338e-01,9.848033396010671403e-01,9.345076634553743933e-01,8.718343989624627310e-01,9.802842871504752198e-01,9.307168389456896840e-01,8.708228581249236600e-01,8.922714555318176366e-01,8.712619675014855458e-01,8.980448606318243154e-01,9.614430970822049893e-01,9.555863892796530035e-01
9.665821086535473228e-01,9.350784808000204285e-01,9.695354053380402792e-01,9.359073098867620732e-01,9.596381253397068267e-01,9.240204133557041732e-01,9.212231414800075013e-01,1.000000000000000000e+00,8.981646195609791494e-01,9.392509986136879929e-01,9.778819931611442140e-01,9.337074491016693623e-01,9.414046928269108605e-01,9.536247614394602889e-01,9.672979053993616683e-01,9.807950998106523821e-01,9.827570981099140734e-01,9.682839911132238297e-01,9.233856478759102648e-01,9.732161584984424518e-01,9.666817596919751177e-01,9.651393484306345361e-01,9.228739770022643674e-01,9.347890215425420646e-01,8.843458400090806748e-01,9.606706336521366740e-01,9.828503232938908818e-01,9.051741071726013832e-01,9.230394320025157029e-01,9.684990813048848235e-01,9.159626403797862526e-01,9.254161564955994956e-01,9.762349088524812091e-01,9.286613782555248608e-01,9.540630143787643958e-01,9.133891554198662055e-01,9.559329098266494684e-01,9.325882583792657332e-01,9.481210913196461698e-01
9.110325265518121052e-01,9.360367580438444524e-01,9.112570009131342186e-01,8.701885009285336148e-01,9.137251759562240450e-01,8.582351090149386019e-01,8.553483955536457239e-01,8.981646195609791494e-01,1.000000000000000000e+00,8.790908600783602367e-01,8.996351715401907922e-01,8.718960392441118534e-01,9.297598243140623442e-01,8.837371991740077259e-01,8.838738425782074470e-01,9.023432544875481520e-01,9.031590237781348396e-01,9.087927828954009968e-01,8.614285959010823390e-01,8.861007854747923185e-01,9.107808339722991420e-01,9.122981708759833053e-01,8.593392973110267619e-01,8.743436906619673765e-01,9.168989908538761613e-01,8.820793493434310184e-01,8.968083623250919789e-01,9.806103419626757134e-01,8.546476237724804914e-01,8.856174093845862183e-01,9.611427838175037319e-01,8.640142960620390555e-01,8.898514567902245931e-01,9.322768131012445503e-01,9.220788772634105346e-01,9.552458843802029698e-01,9.169057380210918762e-01,8.727317094365170114e-01,8.758922392835586379e-01
9.274412585499917094e-01,9.005669569364648241e-01,9.337005184002751257e-01,9.698576482374677843e-01,9.224131357056882807e-01,9.552841803567521106e-01,9.593677198331119760e-01,9.392509986136879929e-01,8.790908600783602367e-01,1.000000000000000000e+00,9.375749697141865235e-01,9.807965370603307642e-01,9.076626818666662100e-01,9.694864334213814105e-01,9.590864822769314957e-01,9.396455158047826162e-01,9.370734885269130787e-01,9.316033241197180237e-01,9.627884336858451020e-01,9.531192580110743329e-01,9.290688035026640756e-01,9.270826151853619468e-01,9.622651313285816022e-01,9.807705836792213194e-01,8.891011569458638908e-01,9.631279190172568061e-01,9.424442360679894382e-01,8.841332143472224736e-01,9.587756419713874267e-01,9.579799148263687947e-01,9.000914971233913153e-01,9.639946936576129222e-01,9.519703686745280002e-01,8.960685928358034236e-01,9.190809201195045963e-01,8.941035923931887064e-01,9.236703637786096710e-01,9.795829277355651010e-01,9.788303222005323434e-01
9.648610222811863091e-01,9.369230019650939267e-01,9.692732164820968555e-01,9.339904752207717209e-01,9.589549145834777022e-01,9.181733588155761572e-01,9.154357775075308012e-01,9.778819931611442140e-01,8.996351715401907922e-01,9.375749697141865235e-01,1.000000000000000000e+00,9.305921750890655542e-01,9.422004860911098456e-01,9.526820632718714377e-01,9.654779787254907930e-01,9.767724656083027757e-01,9.780704181172904521e-01,9.658834802703430977e-01,9.196952538913524267e-01,9.680525032024004384e-01,9.646457583752052756e-01,9.630747323645022506e-01,9.179498216484509587e-01,9.329546233111312148e-01,8.831275977009898082e-01,9.605743567740250288e-01,9.746905787578378222e-01,9.056925163667711720e-01,9.177100057628745367e-01,9.631193513305518206e-01,9.189025482064574479e-01,9.211937554239817416e-01,9.708679134263178412e-01,9.309049743882217287e-01,9.554506572947251142e-01,9.179795472859718641e-01,9.564705390702485932e-01,9.304044625256748802e-01,9.450791358011554344e-01
9.213826157289071173e-01,8.940407330203197223e-01,9.266493279279938156e-01,9.686375034552575647e-01,9.167037159932359680e-01,9.566816787813803291e-01,9.598029055308352486e-01,9.337074491016693623e-01,8.718960392441118534e-01,9.807965370603307642e-01,9.305921750890655542e-01,1.000000000000000000e+00,9.005448279092916897e-01,9.666682106956664411e-01,9.539906462508422891e-01,9.317186964867937293e-01,9.293565535967360791e-01,9.266754146260249847e-01,9.627179286840893413e-01,9.456215813141385373e-01,9.224506610160433384e-01,9.213226069646582861e-01,9.623078956736029754e-01,9.842228712118631373e-01,8.851432944484756149e-01,9.588213443147215465e-01,9.358966517830842324e-01,8.762673387408193015e-01,9.585795980936706595e-01,9.518850655995131360e-01,8.924367546872697954e-01,9.638590000613985742e-01,9.452465669996701347e-01,8.912341024550397561e-01,9.107588924771121697e-01,8.852573117281778980e-01,9.173961890121110629e-01,9.847251469564552995e-01,9.759324421946955486e-01
9.593064617993545262e-01,9.819247045084682490e-01,9.564701791477182580e-01,9.002214009875070255e-01,9.643934893126807628e-01,8.813366676568769043e-01,8.828000312405597239e-01,9.414046928269108605e-01,9.297598243140623442e-01,9.076626818666662100e-01,9.422004860911098456e-01,9.005448279092916897e-01,1.000000000000000000e+00,9.192537824742113006e-01,9.259331827813738203e-01,9.463878319348300039e-01,9.430507973227962859e-01,9.580352265736815642e-01,8.835531880228099100e-01,9.303189912378869719e-01,9.616653462839903632e-01,9.631750673040597732e-01,8.846877371459893613e-01,9.004293967635202955e-01,8.928577384248156390e-01,9.217689766362046067e-01,9.399760352749310099e-01,9.375184575381063645e-01,8.817768451412117958e-01,9.330305865865828885e-01,9.557230720673243196e-01,8.861723960010816636e-01,9.331347637463344169e-01,9.783659335324447204e-01,9.715637484470280860e-01,9.560181613193795558e-01,9.685504393612275331e-01,8.981844418170327193e-01,9.108049569891291108e-01
9.401676583381169960e-01,9.126486112035209208e-01,9.450164981102329165e-01,9.586942780519924767e-01,9.330535190852426997e-01,9.467584965841697731e-01,9.454805584575300959e-01,9.536247614394602889e-01,8.837371991740077259e-01,9.694864334213814105e-01,9.526820632718714377e-01,9.666682106956664411e-01,9.192537824742113006e-01,1.000000000000000000e+00,9.734280119800369224e-01,9.490260366475949949e-01,9.478895438746838265e-01,9.428087103922041523e-01,9.500577467044283297e-01,9.650075196618805862e-01,9.407423568373898259e-01,9.382363702527493077e-01,9.484682208752899246e-01,9.668702558686566029e-01,8.853461520286121100e-01,9.800205406284412391e-01,9.546608021035610792e-01,8.900456426858759373e-01,9.463528163037882024e-01,9.701657998312631648e-01,9.061347246966174884e-01,9.533628254026991211e-01,9.629464616285439149e-01,9.097592305692020487e-01,9.334373278418572895e-01,8.984696291933348400e-01,9.348903647769514214e-01,9.652704488840542218e-01,9.771978313710766306e-01
9.519531232839532064e-01,9.199365174999116768e-01,9.562529164498928536e-01,9.498093224556437564e-01,9.444476612290313433e-01,9.376313904190809456e-01,9.355152268121305070e-01,9.672979053993616683e-01,8.838738425782074470e-01,9.590864822769314957e-01,9.654779787254907930e-01,9.539906462508422891e-01,9.259331827813738203e-01,9.734280119800369224e-01,1.000000000000000000e+00,9.636244603394863439e-01,9.622281352967119172e-01,9.544414256099367222e-01,9.413101568963100352e-01,9.804791531749385003e-01,9.528856051157246210e-01,9.512471678516124518e-01,9.396012304491871969e-01,9.553868250559440778e-01,8.812915124351073937e-01,9.805233048540377139e-01,9.693897246480207563e-01,8.925407733934471732e-01,9.382412104624551219e-01,9.791862896765309854e-01,9.086995650742638597e-01,9.429108841374963523e-01,9.780218249683703124e-01,9.161430412783576616e-01,9.419472134884967485e-01,9.016883990673227878e-01,9.416795016480223879e-01,9.520107844812550901e-01,9.648388780049411695e-01
9.697773274792114151e-01,9.397740816647663920e-01,9.733595715252773006e-01,9.345750373327181837e-01,9.654685183260559578e-01,9.206640817461129167e-01,9.205414648233499753e-01,9.807950998106523821e-01,9.023432544875481520e-01,9.396455158047826162e-01,9.767724656083027757e-01,9.317186964867937293e-01,9.463878319348300039e-01,9.490260366475949949e-01,9.636244603394863439e-01,1.000000000000000000e+00,9.820173528058312451e-01,9.716976696204893127e-01,9.223517348732628296e-01,9.701576988026801018e-01,9.708451486898233007e-01,9.700517930142977807e-01,9.219770069166058901e-01,9.334213353272409197e-01,8.927444253047193135e-01,9.567167092002812900e-01,9.799515004858394551e-01,9.100621754055473467e-01,9.217782785605901363e-01,9.645587267701934975e-01,9.194151121468330246e-01,9.237837148935500453e-01,9.725433945006196623e-01,9.329023002890537430e-01,9.582424634851974821e-01,9.177432714549846882e-01,9.614165388743747265e-01,9.304974333374042006e-01,9.451851289641949316e-01
9.680489395507106964e-01,9.368108695089866211e-01,9.709177350485188596e-01,9.334529639584991934e-01,9.615344532802932997e-01,9.196213411843566776e-01,9.187221782158879746e-01,9.827570981099140734e-01,9.031590237781348396e-01,9.370734885269130787e-01,9.780704181172904521e-01,9.293565535967360791e-01,9.430507973227962859e-01,9.478895438746838265e-01,9.622281352967119172e-01,9.820173528058312451e-01,1.000000000000000000e+00,9.692206514871678502e-01,9.203471291870529702e-01,9.694808818285255425e-01,9.681829582702752290e-01,9.668857396244965319e-01,9.192927180156857947e-01,9.307854841216417485e-01,8.874477388901755859e-01,9.557857241891595246e-01,9.805436672055816150e-01,9.106857371919142574e-01,9.205249791400543780e-01,9.650628323971943701e-01,9.200076486244338492e-01,9.218006809293419757e-01,9.726626641879915214e-01,9.295529017700719931e-01,9.549661885178406528e-01,9.193619324390285286e-01,9.578650404492925485e-01,9.290572446033024123e-01,9.440634546272583805e-01
9.824561087126173486e-01,9.518857916772059946e-01,9.825555043230056462e-01,9.227061456380024618e-01,9.801793699362542078e-01,9.110196107510792896e-01,9.099949995490770327e-01,9.682839911132238297e-01,9.087927828954009968e-01,9.316033241197180237e-01,9.658834802703430977e-01,9.266754146260249847e-01,9.580352265736815642e-01,9.428087103922041523e-01,9.544414256099367222e-01,9.716976696204893127e-01,9.692206514871678502e-01,1.000000000000000000e+00,9.123640224656887066e-01,9.605325186827017303e-01,9.837403486871805214e-01,9.832215383281572851e-01,9.123952222422947456e-01,9.264310587124253704e-01,8.921576398626405169e-01,9.483867135621204536e-01,9.660918272413980823e-01,9.183814324133784401e-01,9.106523730314624032e-01,9.590189217901348151e-01,9.313271871579438255e-01,9.130331865773844147e-01,9.623529822657058697e-01,9.438139026803051834e-01,9.718398832988481839e-01,9.335838129302458377e-01,9.764726208863134804e-01,9.249541360675174184e-01,9.357012675243194799e-01
9.028561046040937121e-01,8.769775311251856165e-01,9.133334591706738781e-01,9.784535150634416922e-01,8.971672133836421370e-01,9.788183939387316013e-01,9.825427105442700038e-01,9.233856478759102648e-01,8.614285959010823390e-01,9.627884336858451020e-01,9.196952538913524267e-01,9.627179286840893413e-01,8.835531880228099100e-01,9.500577467044283297e-01,9.413101568963100352e-01,9.223517348732628296e-01,9.203471291870529702e-01,9.123640224656887066e-01,1.000000000000000000e+00,9.360942560370072441e-01,9.066697476059095706e-01,9.055434421688566271e-01,9.849315894583473563e-01,9.667291157865959272e-01,8.912393332224869402e-01,9.437316480039644739e-01,9.276681080379931554e-01,8.646412115944360766e-01,9.826996528906082329e-01,9.396364967597479190e-01,8.753028679253526123e-01,9.831475180528004287e-01,9.355016974447007971e-01,8.717268007832759125e-01,8.940738219673232123e-01,8.730649470353250008e-01,8.994373564859929893e-01,9.641569012273626393e-01,9.590529243418007832e-01
9.566056843955502709e-01,9.232321890286969701e-01,9.616819544344237247e-01,9.443647049267136495e-01,9.492971442252975400e-01,9.326587383686394395e-01,9.304547758708505700e-01,9.732161584984424518e-01,8.861007854747923185e-01,9.531192580110743329e-01,9.680525032024004384e-01,9.456215813141385373e-01,9.303189912378869719e-01,9.650075196618805862e-01,9.804791531749385003e-01,9.701576988026801018e-01,9.694808818285255425e-01,9.605325186827017303e-01,9.360942560370072441e-01,1.000000000000000000e+00,9.590560956340897780e-01,9.568940171105682069e-01,9.340298313234148830e-01,9.473200106671909593e-01,8.788931794663918939e-01,9.722076527109468902e-01,9.767238942609227648e-01,8.946980440250856814e-01,9.336752235590579652e-01,9.800947784635941629e-01,9.075363389779880219e-01,9.374955149933399401e-01,9.841030954738723135e-01,9.173855884738099098e-01,9.460036429106406519e-01,9.021034020257345798e-01,9.464519347740885102e-01,9.438777283925025019e-01,9.578589108666809571e-01
9.828997023238329467e-01,9.557059899364180877e-01,9.810457795557948613e-01,9.194103102857893450e-01,9.824581277548529723e-01,9.051094180693044500e-01,9.039438702703108675e-01,9.666817596919751177e-01,9.107808339722991420e-01,9.290688035026640756e-01,9.646457583752052756e-01,9.224506610160433384e-01,9.616653462839903632e-01,9.407423568373898259e-01,9.528856051157246210e-01,9.708451486898233007e-01,9.681829582702752290e-01,9.837403486871805214e-01,9.066697476059095706e-01,9.590560956340897780e-01,1.000000000000000000e+00,9.842842278745497220e-01,9.066642317525311912e-01,9.214769950766358297e-01,8.937728989223120424e-01,9.464448168384532734e-01,9.638052389541434950e-01,9.214391220753952449e-01,9.051483328819360796e-01,9.573395819846379773e-01,9.322146966782608457e-01,9.085771792899524080e-01,9.600604029403482231e-01,9.477402283757160317e-01,9.748766441426143237e-01,9.346660608603125642e-01,9.789553951167817569e-01,9.202312144933261218e-01,9.324233111559078191e-01
9.828340379169089314e-01,9.569703711273922497e-01,9.796766626903501418e-01,9.188589090090695244e-01,9.838806638785176917e-01,9.038183417226582916e-01,9.039482517573387277e-01,9.651393484306345361e-01,9.122981708759833053e-01,9.270826151853619468e-01,9.630747323645022506e-01,9.213226069646582861e-01,9.631750673040597732e-01,9.382363702527493077e-01,9.512471678516124518e-01,9.700517930142977807e-01,9.668857396244965319e-01,9.832215383281572851e-01,9.055434421688566271e-01,9.568940171105682069e-01,9.842842278745497220e-01,1.000000000000000000e+00,9.060376972153851849e-01,9.209083197571279467e-01,8.935099402237177690e-01,9.444940810202139270e-01,9.630564839527667731e-01,9.232247631557507495e-01,9.042736665055526313e-01,9.554736791408823260e-01,9.348445609486679686e-01,9.077196363429228532e-01,9.584791112069028785e-01,9.505819230984925428e-01,9.757440278654552213e-01,9.361847937859991697e-01,9.799453060134175608e-01,9.191665744263263216e-01,9.309359890017803174e-01
9.028469276016382050e-01,8.779715524403152171e-01,9.125526520751710002e-01,9.779737760396913782e-01,8.977723444491785276e-01,9.792185226882763605e-01,9.835260179753836374e-01,9.228739770022643674e-01,8.593392973110267619e-01,9.622651313285816022e-01,9.179498216484509587e-01,9.623078956736029754e-01,8.846877371459893613e-01,9.484682208752899246e-01,9.396012304491871969e-01,9.219770069166058901e-01,9.192927180156857947e-01,9.123952222422947456e-01,9.849315894583473563e-01,9.340298313234148830e-01,9.066642317525311912e-01,9.060376972153851849e-01,1.000000000000000000e+00,9.656622016096525485e-01,8.886349601259685427e-01,9.420917731584339538e-01,9.271369001846301305e-01,8.625569688810030833e-01,9.833660667316220794e-01,9.374268899174504899e-01,8.742394447870098784e-01,9.832414891973786375e-01,9.340403323407525660e-01,8.730986067676891338e-01,8.947509017586044999e-01,8.730804784728808388e-01,8.997190876021060602e-01,9.633130599767791846e-01,9.573747270691973510e-01
9.206668105607929142e-01,8.940159215394901659e-01,9.275644656058140702e-01,9.722598828682110783e-01,9.155180111565477397e-01,9.600267149331136451e-01,9.635984549869797133e-01,9.347890215425420646e-01,8.743436906619673765e-01,9.807705836792213194e-01,9.329546233111312148e-01,9.842228712118631373e-01,9.004293967635202955e-01,9.668702558686566029e-01,9.553868250559440778e-01,9.334213353272409197e-01,9.307854841216417485e-01,9.264310587124253704e-01,9.667291157865959272e-01,9.473200106671909593e-01,9.214769950766358297e-01,9.209083197571279467e-01,9.656622016096525485e-01,1.000000000000000000e+00,8.869089192174934855e-01,9.591234904188661314e-01,9.370435892749463536e-01,8.780406775558667887e-01,9.623560299680663510e-01,9.529184257115030920e-01,8.931670639851702065e-01,9.671824785412377334e-01,9.468120045988596134e-01,8.903395944228148506e-01,9.104492448851813080e-01,8.861287760826027649e-01,9.160911023955682353e-01,9.835396000188385557e-01,9.758795802713824408e-01
8.934466766747709565e-01,8.960950292731986178e-01,8.900360720203602805e-01,8.906702915390098951e-01,8.956708150633946319e-01,8.928617558323017622e-01,8.901061691621974248e-01,8.843458400090806748e-01,9.168989908538761613e-01,8.891011569458638908e-01,8.831275977009898082e-01,8.851432944484756149e-01,8.928577384248156390e-01,8.853461520286121100e-01,8.812915124351073937e-01,8.927444253047193135e-01,8.874477388901755859e-01,8.921576398626405169e-01,8.912393332224869402e-01,8.788931794663918939e-01,8.937728989223120424e-01,8.935099402237177690e-01,8.886349601259685427e-01,8.869089192174934855e-01,1.000000000000000000e+00,8.787525062068909376e-01,8.822967261266472239e-01,9.148381383121998445e-01,8.900657939493217263e-01,8.829641177269484942e-01,9.057056468034873076e-01,8.934496776812895780e-01,8.802259834697312435e-01,8.894368287877559842e-01,8.938585791443253159e-01,9.081649188074011336e-01,8.937191184138241207e-01,8.851625478354010479e-01,8.853345743239162680e-01
9.462929260429442380e-01,9.151444486843900439e-01,9.503702716282459440e-01,9.533326496002466621e-01,9.384790677230909761e-01,9.408628624682887631e-01,9.394053543264085926e-01,9.606706336521366740e-01,8.820793493434310184e-01,9.631279190172568061e-01,9.605743567740250288e-01,9.588213443147215465e-01,9.217689766362046067e-01,9.800205406284412391e-01,9.805233048540377139e-01,9.567167092002812900e-01,9.557857241891595246e-01,9.483867135621204536e-01,9.437316480039644739e-01,9.722076527109468902e-01,9.464448168384532734e-01,9.444940810202139270e-01,9.420917731584339538e-01,9.591234904188661314e-01,8.787525062068909376e-01,1.000000000000000000e+00,9.617355545023029695e-01,8.903543578770576339e-01,9.406913585989302717e-01,9.756900593456090398e-01,9.054439410957280110e-01,9.470663025838624849e-01,9.702183877729799732e-01,9.116935257851980223e-01,9.361437916822087368e-01,8.989184811081275539e-01,9.369163489897727182e-01,9.571108639032283039e-01,9.701185548448034712e-01
9.630914498014475633e-01,9.333013469880350188e-01,9.673865418800814409e-01,9.389811789903269590e-01,9.569041307630915538e-01,9.270211757147823750e-01,9.250051351295923707e-01,9.828503232938908818e-01,8.968083623250919789e-01,9.424442360679894382e-01,9.746905787578378222e-01,9.358966517830842324e-01,9.399760352749310099e-01,9.546608021035610792e-01,9.693897246480207563e-01,9.799515004858394551e-01,9.805436672055816150e-01,9.660918272413980823e-01,9.276681080379931554e-01,9.767238942609227648e-01,9.638052389541434950e-01,9.630564839527667731e-01,9.271369001846301305e-01,9.370435892749463536e-01,8.822967261266472239e-01,9.617355545023029695e-01,1.000000000000000000e+00,9.042407254648566761e-01,9.272014307547443712e-01,9.706255759606378097e-01,9.149090015337000281e-01,9.285029541738852865e-01,9.785980102066809128e-01,9.275516851075222835e-01,9.513829089251389926e-01,9.107423142040758091e-01,9.532583218495290778e-01,9.342435832220472580e-01,9.492640086058486970e-01
9.216516352932780931e-01,9.435425768733856078e-01,9.201039603824973101e-01,8.738970103990201244e-01,9.241872323184480154e-01,8.610215460873132942e-01,8.586675255367748338e-01,9.051741071726013832e-01,9.806103419626757134e-01,8.841332143472224736e-01,9.056925163667711720e-01,8.762673387408193015e-01,9.375184575381063645e-01,8.900456426858759373e-01,8.925407733934471732e-01,9.100621754055473467e-01,9.106857371919142574e-01,9.183814324133784401e-01,8.646412115944360766e-01,8.946980440250856814e-01,9.214391220753952449e-01,9.232247631557507495e-01,8.625569688810030833e-01,8.780406775558667887e-01,9.148381383121998445e-01,8.903543578770576339e-01,9.042407254648566761e-01,1.000000000000000000e+00,8.572781977127577058e-01,8.950175703571759955e-01,9.676995425756544922e-01,8.671347618647836653e-01,8.972967629071271212e-01,9.393726729857674318e-01,9.303728983132991681e-01,9.609929835672817999e-01,9.265763428185663786e-01,8.760139639242147114e-01,8.819151346374715095e-01
9.010124713467901891e-01,8.749277799296978353e-01,9.113921206451695012e-01,9.748512593023093142e-01,8.966152531812503490e-01,9.829191000624808439e-01,9.848033396010671403e-01,9.230394320025157029e-01,8.546476237724804914e-01,9.587756419713874267e-01,9.177100057628745367e-01,9.585795980936706595e-01,8.817768451412117958e-01,9.463528163037882024e-01,9.382412104624551219e-01,9.217782785605901363e-01,9.205249791400543780e-01,9.106523730314624032e-01,9.826996528906082329e-01,9.336752235590579652e-01,9.051483328819360796e-01,9.042736665055526313e-01,9.833660667316220794e-01,9.623560299680663510e-01,8.900657939493217263e-01,9.406913585989302717e-01,9.272014307547443712e-01,8.572781977127577058e-01,1.000000000000000000e+00,9.364777881170481821e-01,8.690062834215686038e-01,9.805342476447242994e-01,9.338185553207931644e-01,8.686236076815228024e-01,8.927411538153317005e-01,8.699161258029766142e-01,8.978035355092224279e-01,9.598844830934877281e-01,9.551153956376438048e-01
9.567864794750765567e-01,9.259278708993675666e-01,9.598030819734939545e-01,9.492072438344208996e-01,9.491202429195103596e-01,9.360219689628072048e-01,9.345076634553743933e-01,9.684990813048848235e-01,8.856174093845862183e-01,9.579799148263687947e-01,9.631193513305518206e-01,9.518850655995131360e-01,9.330305865865828885e-01,9.701657998312631648e-01,9.791862896765309854e-01,9.645587267701934975e-01,9.650628323971943701e-01,9.590189217901348151e-01,9.396364967597479190e-01,9.800947784635941629e-01,9.573395819846379773e-01,9.554736791408823260e-01,9.374268899174504899e-01,9.529184257115030920e-01,8.829641177269484942e-01,9.756900593456090398e-01,9.706255759606378097e-01,8.950175703571759955e-01,9.364777881170481821e-01,1.000000000000000000e+00,9.109047515009820462e-01,9.415781693823892518e-01,9.796339288767157427e-01,9.205131957328932524e-01,9.462057911988238645e-01,9.072401947037205261e-01,9.482275677585286777e-01,9.507302254956337961e-01,9.627574801579772412e-01
9.341302994202651533e-01,9.623469238153736782e-01,9.321751533950617397e-01,8.857935254243073375e-01,9.370938365553692639e-01,8.708384317079619352e-01,8.718343989624627310e-01,9.159626403797862526e-01,9.611427838175037319e-01,9.000914971233913153e-01,9.189025482064574479e-01,8.924367546872697954e-01,9.557230720673243196e-01,9.061347246966174884e-01,9.086995650742638597e-01,9.194151121468330246e-01,9.200076486244338492e-01,9.313271871579438255e-01,8.753028679253526123e-01,9.075363389779880219e-01,9.322146966782608457e-01,9.348445609486679686e-01,8.742394447870098784e-01,8.931670639851702065e-01,9.057056468034873076e-01,9.054439410957280110e-01,9.149090015337000281e-01,9.676995425756544922e-01,8.690062834215686038e-01,9.109047515009820462e-01,1.000000000000000000e+00,8.772938707276191073e-01,9.105543840928475019e-01,9.625926745927878558e-01,9.457613588920121828e-01,9.760516461607940952e-01,9.409893150791335259e-01,8.928876987308407287e-01,8.984481553813503663e-01
9.055307023021572643e-01,8.798176191367387267e-01,9.139248187678513657e-01,9.788702864727385489e-01,8.991374633804272154e-01,9.781307781434042115e-01,9.802842871504752198e-01,9.254161564955994956e-01,8.640142960620390555e-01,9.639946936576129222e-01,9.211937554239817416e-01,9.638590000613985742e-01,8.861723960010816636e-01,9.533628254026991211e-01,9.429108841374963523e-01,9.237837148935500453e-01,9.218006809293419757e-01,9.130331865773844147e-01,9.831475180528004287e-01,9.374955149933399401e-01,9.085771792899524080e-01,9.077196363429228532e-01,9.832414891973786375e-01,9.671824785412377334e-01,8.934496776812895780e-01,9.470663025838624849e-01,9.285029541738852865e-01,8.671347618647836653e-01,9.805342476447242994e-01,9.415781693823892518e-01,8.772938707276191073e-01,1.000000000000000000e+00,9.365990478367469674e-01,8.754757325389931344e-01,8.962324561968850745e-01,8.749999707980422592e-01,9.014114532309636107e-01,9.643165234722030910e-01,9.610083660965209607e-01
9.585144995609545804e-01,9.262934200835766241e-01,9.634607744244394478e-01,9.444225599570459373e-01,9.514721817249095492e-01,9.329165332719676629e-01,9.307168389456896840e-01,9.762349088524812091e-01,8.898514567902245931e-01,9.519703686745280002e-01,9.708679134263178412e-01,9.452465669996701347e-01,9.331347637463344169e-01,9.629464616285439149e-01,9.780218249683703124e-01,9.725433945006196623e-01,9.726626641879915214e-01,9.623529822657058697e-01,9.355016974447007971e-01,9.841030954738723135e-01,9.600604029403482231e-01,9.584791112069028785e-01,9.340403323407525660e-01,9.468120045988596134e-01,8.802259834697312435e-01,9.702183877729799732e-01,9.785980102066809128e-01,8.972967629071271212e-01,9.338185553207931644e-01,9.796339288767157427e-01,9.105543840928475019e-01,9.365990478367469674e-01,1.000000000000000000e+00,9.201182159647750547e-01,9.483548278975950652e-01,9.061270112737925819e-01,9.490640163429415743e-01,9.439946699959520515e-01,9.570415410757640018e-01
9.464381694272099299e-01,9.824082653345146410e-01,9.422302454457777143e-01,8.915323901171634535e-01,9.529641162854692871e-01,8.693706534737102309e-01,8.708228581249236600e-01,9.286613782555248608e-01,9.322768131012445503e-01,8.960685928358034236e-01,9.309049743882217287e-01,8.912341024550397561e-01,9.783659335324447204e-01,9.097592305692020487e-01,9.161430412783576616e-01,9.329023002890537430e-01,9.295529017700719931e-01,9.438139026803051834e-01,8.717268007832759125e-01,9.173855884738099098e-01,9.477402283757160317e-01,9.505819230984925428e-01,8.730986067676891338e-01,8.903395944228148506e-01,8.894368287877559842e-01,9.116935257851980223e-01,9.275516851075222835e-01,9.393726729857674318e-01,8.686236076815228024e-01,9.205131957328932524e-01,9.625926745927878558e-01,8.754757325389931344e-01,9.201182159647750547e-01,1.000000000000000000e+00,9.627941382227676037e-01,9.608934291538543393e-01,9.586651024561415602e-01,8.892061360681249305e-01,8.986248622102596118e-01
9.733483141279281048e-01,9.669934459102611513e-01,9.697153073222420927e-01,9.092172702479986990e-01,9.760545387191962297e-01,8.926749082071863128e-01,8.922714555318176366e-01,9.540630143787643958e-01,9.220788772634105346e-01,9.190809201195045963e-01,9.554506572947251142e-01,9.107588924771121697e-01,9.715637484470280860e-01,9.334373278418572895e-01,9.419472134884967485e-01,9.582424634851974821e-01,9.549661885178406528e-01,9.718398832988481839e-01,8.940738219673232123e-01,9.460036429106406519e-01,9.748766441426143237e-01,9.757440278654552213e-01,8.947509017586044999e-01,9.104492448851813080e-01,8.938585791443253159e-01,9.361437916822087368e-01,9.513829089251389926e-01,9.303728983132991681e-01,8.927411538153317005e-01,9.462057911988238645e-01,9.457613588920121828e-01,8.962324561968850745e-01,9.483548278975950652e-01,9.627941382227676037e-01,1.000000000000000000e+00,9.472659200242503630e-01,9.816801628444175032e-01,9.091801885388469673e-01,9.217955886965970569e-01
9.352282352939422783e-01,9.638156396803366777e-01,9.335137957266920194e-01,8.847935624765782547e-01,9.383864625415542227e-01,8.705710007992079058e-01,8.712619675014855458e-01,9.133891554198662055e-01,9.552458843802029698e-01,8.941035923931887064e-01,9.179795472859718641e-01,8.852573117281778980e-01,9.560181613193795558e-01,8.984696291933348400e-01,9.016883990673227878e-01,9.177432714549846882e-01,9.193619324390285286e-01,9.335838129302458377e-01,8.730649470353250008e-01,9.021034020257345798e-01,9.346660608603125642e-01,9.361847937859991697e-01,8.730804784728808388e-01,8.861287760826027649e-01,9.081649188074011336e-01,8.989184811081275539e-01,9.107423142040758091e-01,9.609929835672817999e-01,8.699161258029766142e-01,9.072401947037205261e-01,9.760516461607940952e-01,8.749999707980422592e-01,9.061270112737925819e-01,9.608934291538543393e-01,9.472659200242503630e-01,1.000000000000000000e+00,9.422212119689503673e-01,8.863078195284584959e-01,8.906377375140708264e-01
9.777907921258363055e-01,9.638011255096631258e-01,9.732438889541579208e-01,9.141995331645738077e-01,9.812500028632289428e-01,8.982369430568296620e-01,8.980448606318243154e-01,9.559329098266494684e-01,9.169057380210918762e-01,9.236703637786096710e-01,9.564705390702485932e-01,9.173961890121110629e-01,9.685504393612275331e-01,9.348903647769514214e-01,9.416795016480223879e-01,9.614165388743747265e-01,9.578650404492925485e-01,9.764726208863134804e-01,8.994373564859929893e-01,9.464519347740885102e-01,9.789553951167817569e-01,9.799453060134175608e-01,8.997190876021060602e-01,9.160911023955682353e-01,8.937191184138241207e-01,9.369163489897727182e-01,9.532583218495290778e-01,9.265763428185663786e-01,8.978035355092224279e-01,9.482275677585286777e-01,9.409893150791335259e-01,9.014114532309636107e-01,9.490640163429415743e-01,9.586651024561415602e-01,9.816801628444175032e-01,9.422212119689503673e-01,1.000000000000000000e+00,9.152034480256923121e-01,9.269885043379166856e-01
9.192063704894051224e-01,8.921743382780875642e-01,9.259199138843493548e-01,9.697113121033572591e-01,9.147913619580442246e-01,9.576918955098351338e-01,9.614430970822049893e-01,9.325882583792657332e-01,8.727317094365170114e-01,9.795829277355651010e-01,9.304044625256748802e-01,9.847251469564552995e-01,8.981844418170327193e-01,9.652704488840542218e-01,9.520107844812550901e-01,9.304974333374042006e-01,9.290572446033024123e-01,9.249541360675174184e-01,9.641569012273626393e-01,9.438777283925025019e-01,9.202312144933261218e-01,9.191665744263263216e-01,9.633130599767791846e-01,9.835396000188385557e-01,8.851625478354010479e-01,9.571108639032283039e-01,9.342435832220472580e-01,8.760139639242147114e-01,9.598844830934877281e-01,9.507302254956337961e-01,8.928876987308407287e-01,9.643165234722030910e-01,9.439946699959520515e-01,8.892061360681249305e-01,9.091801885388469673e-01,8.863078195284584959e-01,9.152034480256923121e-01,1.000000000000000000e+00,9.742045313178494537e-01
9.315411538745550502e-01,9.024787564232106263e-01,9.374796715912491196e-01,9.666057908029339618e-01,9.253482958809523540e-01,9.539503959624789919e-01,9.555863892796530035e-01,9.481210913196461698e-01,8.758922392835586379e-01,9.788303222005323434e-01,9.450791358011554344e-01,9.759324421946955486e-01,9.108049569891291108e-01,9.771978313710766306e-01,9.648388780049411695e-01,9.451851289641949316e-01,9.440634546272583805e-01,9.357012675243194799e-01,9.590529243418007832e-01,9.578589108666809571e-01,9.324233111559078191e-01,9.309359890017803174e-01,9.573747270691973510e-01,9.758795802713824408e-01,8.853345743239162680e-01,9.701185548448034712e-01,9.492640086058486970e-01,8.819151346374715095e-01,9.551153956376438048e-01,9.627574801579772412e-01,8.984481553813503663e-01,9.610083660965209607e-01,9.570415410757640018e-01,8.986248622102596118e-01,9.217955886965970569e-01,8.906377375140708264e-01,9.269885043379166856e-01,9.742045313178494537e-01,1.000000000000000000e+00
