1.000000000000000000e+00,8.158224504299872448e-01,6.610971034146688741e-01,1.354975603721888799e-01,6.112632266194053532e-01,3.996580594423628230e-01,5.172122160016902059e-01,-5.802282662154083503e-01,6.691777292001427346e-01,2.935073591805469340e-01,3.195903262576111903e-01,9.124172114243761511e-02,8.143555796913416744e-02,5.112433858452082314e-01,3.447913889841561219e-01,3.352211453984226264e-01,4.173241695502994952e-01,3.562244139962572609e-01,4.099924780779337641e-01,3.447403466024843710e-01,3.736568596438713530e-01,4.533223965142888501e-01,4.378691891383985624e-01,2.231534476443704784e-01,5.709205650057495030e-01,8.089422237563568263e-01,5.328429324272196954e-01,6.866604932874832423e-01,7.319078261426413823e-01,4.075519198848448488e-01,5.724874207389731851e-01,-4.062916493142032515e-02,6.250339994092499740e-01,6.386320225920338878e-01,6.329914108748080359e-01,7.952063251769015961e-01,6.794953032748973776e-01,3.350804731476541010e-01,5.439762337511757639e-01
8.158224504299872448e-01,1.000000000000000000e+00,6.592085617564662492e-01,3.253854374766835811e-01,6.831346127958798364e-01,3.063391241940753296e-01,6.796475440960217940e-01,-5.524235157786202555e-01,6.541564714373800937e-01,3.086543148788747915e-01,4.685715144744900251e-01,3.963623767779089202e-01,3.271490055840222122e-01,6.190398660991620616e-01,4.914607360445893414e-01,2.209882366516072727e-01,3.036336457871248173e-01,4.566889097396260033e-01,4.430205047120887030e-01,5.581519175113087705e-01,4.632273329864414757e-01,6.430394498373028789e-01,4.993758307180177214e-01,2.989977848941743344e-01,6.017206565617605474e-01,7.995939986963886970e-01,6.771371670146918431e-01,6.933937860953712784e-01,7.544948334210146434e-01,2.912579824326271272e-01,6.876371841835221543e-01,4.926313417124601746e-02,6.162068587108471274e-01,6.708979606962632847e-01,6.419739800914324723e-01,7.322658875772047882e-01,6.856255951542864491e-01,3.302345376850451819e-01,5.942484628654581824e-01
6.610971034146688741e-01,6.592085617564662492e-01,1.000000000000000000e+00,3.730997917894793292e-01,8.506909633873197540e-01,8.948485305465754547e-02,6.512992293056366622e-01,-8.986838290356944370e-01,6.902854826434341451e-01,5.865690122036900656e-01,3.457853933599991381e-01,3.494421378810475542e-01,3.505102141041105401e-01,6.820255967399851960e-01,4.793077380135833954e-01,5.446419478751443055e-01,1.319051778585432766e-01,5.912706481181336793e-01,7.277502792780223828e-01,4.935530867088390727e-01,7.152447871237709309e-01,7.807643925512633976e-01,5.829121116122195634e-01,3.952033841807698344e-01,5.415036348242276976e-01,6.511797462022953509e-01,5.668939722973145301e-01,7.606532668419235810e-01,6.278459979183892425e-01,6.015893020033655780e-01,7.508620834837349545e-01,2.247238781339669644e-01,8.168868927325250162e-01,8.059907803461793252e-01,5.544816383649692204e-01,7.438812419801945630e-01,5.915235618998984091e-01,5.893860795808280040e-01,5.813456885543486496e-01
1.354975603721888799e-01,3.253854374766835811e-01,3.730997917894793292e-01,1.000000000000000000e+00,3.559532261020987298e-01,-4.504040785780900058e-01,6.275392824326279095e-01,-2.264144337096958282e-01,3.568408547331318181e-01,2.444429571464324380e-01,-3.917381585802647004e-02,5.294217783532053634e-01,3.306329673317787154e-01,2.898556406450711886e-01,4.314374899124818197e-01,1.885472399639068763e-01,-4.355886089653185911e-01,5.626843174325082408e-01,3.864544850775849527e-01,6.058926857060304982e-01,4.625018342576853736e-01,5.608579516987590718e-01,1.014417873786953167e-01,1.641287355188358540e-02,-8.941354085822850184e-02,2.037377839309106875e-01,3.735506453020185358e-01,2.737469787342892147e-01,1.003200634488314175e-01,2.013074258348984125e-01,3.872436320452030123e-01,3.864266215532423665e-01,1.302075340347519650e-01,3.847225585084632082e-01,2.224052581710135590e-02,1.856168988303674716e-01,3.847262067095919003e-02,1.521629376195581251e-01,1.600693988788415290e-01
6.112632266194053532e-01,6.831346127958798364e-01,8.506909633873197540e-01,3.559532261020987298e-01,1.000000000000000000e+00,5.535593502852042408e-02,7.227238668206892314e-01,-7.831754743324964574e-01,7.919193063788582121e-01,6.597912962257049818e-01,4.177366560172137144e-01,5.336213922362385009e-01,3.749030750350097474e-01,8.153104115882227054e-01,6.220230173894256698e-01,5.909512236091827297e-01,5.335556557049361132e-02,6.912584689861824838e-01,8.179036581030084685e-01,5.351735814708675765e-01,4.961920370896547028e-01,7.126455172579310160e-01,5.573074537960894803e-01,5.253219638771948752e-01,5.898393489745281659e-01,6.975420728570864703e-01,6.812068295015705210e-01,8.113010326476106648e-01,7.107027495644078208e-01,6.038254898299537654e-01,8.683035054223834370e-01,2.085333995085584813e-01,7.944441289895716185e-01,8.684248696449764493e-01,6.214696541591595569e-01,6.740528859553848173e-01,6.420348241096122122e-01,6.847370164861540376e-01,7.314040769830364441e-01
3.996580594423628230e-01,3.063391241940753296e-01,8.948485305465754547e-02,-4.504040785780900058e-01,5.535593502852042408e-02,1.000000000000000000e+00,-5.178917464100652596e-02,-5.664667212684149078e-02,5.569087504663109561e-02,-2.221463219813237244e-01,4.402795207971177960e-01,-3.159131501613626769e-01,-8.986019984532653271e-02,1.253869331750898652e-01,-1.662248284467249260e-01,-2.163948673656971300e-01,8.583579076673850672e-01,-1.464816219391947283e-01,-5.673293274775085410e-02,-1.152176395340067522e-01,-9.614795016801183647e-02,-3.889997973983502777e-02,3.952014907309601144e-01,1.984860567436902423e-01,6.443952327789930212e-01,3.485395947605174349e-01,5.386598261024741485e-02,2.372607210784605791e-01,3.977710994032822578e-01,-2.322825727663860862e-01,1.747835011892396803e-02,-4.364863919409734394e-01,2.997850749909166668e-01,-3.796938525084370825e-02,4.561667409669630802e-01,3.441619973518251774e-01,5.174046861840381206e-01,-9.679921021011318738e-02,1.612975557768285551e-01
5.172122160016902059e-01,6.796475440960217940e-01,6.512992293056366622e-01,6.275392824326279095e-01,7.227238668206892314e-01,-5.178917464100652596e-02,1.000000000000000000e+00,-5.040662949737729770e-01,7.319691705670111626e-01,5.595728168111018253e-01,4.679322100610148194e-01,6.665816247299388708e-01,5.108674830417072599e-01,6.423660216032155423e-01,6.962460743880896086e-01,4.420512410470880393e-01,-1.524405577850582519e-02,7.457436817889586678e-01,6.642755383259092428e-01,7.424684636486472700e-01,4.519596234473315932e-01,7.166450530192658430e-01,4.716344444597542762e-01,2.060258995840680285e-01,4.072829927918780735e-01,6.451678547845134393e-01,7.924004558935245912e-01,7.284781023873345696e-01,5.710693447605114104e-01,4.268106764948081389e-01,7.948368469895308319e-01,3.831361047878570902e-01,4.847204287917971643e-01,7.097738977785998937e-01,3.579229054708484847e-01,5.644151974851208120e-01,4.315111147967541916e-01,4.900310266457361119e-01,6.298147958367706911e-01
-5.802282662154083503e-01,-5.524235157786202555e-01,-8.986838290356944370e-01,-2.264144337096958282e-01,-7.831754743324964574e-01,-5.664667212684149078e-02,-5.040662949737729770e-01,1.000000000000000000e+00,-6.044918708244164662e-01,-5.829731890024620888e-01,-2.764959942678226756e-01,-2.703304815450647824e-01,-2.447434104806839872e-01,-5.651864698994367719e-01,-3.942816188319089865e-01,-5.548594306051004565e-01,-9.995256548603739799e-02,-4.340934466138691716e-01,-6.044840159487494535e-01,-3.472351443812005667e-01,-6.348639745853159599e-01,-6.397957548051173005e-01,-4.606443513030982762e-01,-3.679280506872345535e-01,-4.351015752137279424e-01,-5.758808519129162695e-01,-5.094045135991593920e-01,-6.271081684532228140e-01,-5.982168252744233250e-01,-5.944920899130432534e-01,-6.575738535470214696e-01,-2.135666084421700972e-01,-7.191816772394635793e-01,-7.382176681528158646e-01,-5.019379972086885910e-01,-6.635311875129601411e-01,-5.539579410441217711e-01,-5.453077712631101415e-01,-4.875437040396915500e-01
6.691777292001427346e-01,6.541564714373800937e-01,6.902854826434341451e-01,3.568408547331318181e-01,7.919193063788582121e-01,5.569087504663109561e-02,7.319691705670111626e-01,-6.044918708244164662e-01,1.000000000000000000e+00,6.725388452175931064e-01,4.001201126362261551e-01,5.024226142245786786e-01,2.052754995812755834e-01,7.403627616376027287e-01,7.176820534217442926e-01,6.798389477656150426e-01,1.066672618135063311e-01,7.124939939456802485e-01,7.072294909097858184e-01,5.532879693953591804e-01,2.895442016534067742e-01,5.332352477457924511e-01,4.303768676184416275e-01,3.709214862745203178e-01,5.203098043272950113e-01,7.490701658092279169e-01,7.295922499056710642e-01,7.435874448862560548e-01,6.636982817527931067e-01,6.386112502322615070e-01,7.982210812629468855e-01,2.397687811362988197e-01,5.855935150633930775e-01,7.841184132256153738e-01,5.013474099388709471e-01,6.454148472832136330e-01,5.340887148736751522e-01,6.491494198049299058e-01,7.629498766072126958e-01
2.935073591805469340e-01,3.086543148788747915e-01,5.865690122036900656e-01,2.444429571464324380e-01,6.597912962257049818e-01,-2.221463219813237244e-01,5.595728168111018253e-01,-5.829731890024620888e-01,6.725388452175931064e-01,1.000000000000000000e+00,3.933542915349573788e-01,5.295462595504798475e-01,4.099191556783378654e-01,6.143165758272088883e-01,5.651861015426120627e-01,8.130969654260542523e-01,-1.145177539498419134e-01,6.085287169505645410e-01,7.318235926045116857e-01,3.653002179408199046e-01,2.885338351286371172e-01,4.462123229259916668e-01,4.600908105824842997e-01,3.152735093483759465e-01,2.515095678384161038e-01,3.242770460565406188e-01,6.009775733782251050e-01,4.983568368407454985e-01,2.974110228003927769e-01,7.769727855741688227e-01,7.121869774698438293e-01,5.994016397688874953e-01,4.720334094525333590e-01,6.108359212249621084e-01,2.047459206257967734e-01,3.946711486709940653e-01,1.995000975094380624e-01,7.631605890135770842e-01,6.253561910010209113e-01
3.195903262576111903e-01,4.685715144744900251e-01,3.457853933599991381e-01,-3.917381585802647004e-02,4.177366560172137144e-01,4.402795207971177960e-01,4.679322100610148194e-01,-2.764959942678226756e-01,4.001201126362261551e-01,3.933542915349573788e-01,1.000000000000000000e+00,4.813668967751917882e-01,6.570774288658683959e-01,5.359162896883161720e-01,4.874124723779263424e-01,1.597840564185936951e-01,5.792636259066915594e-01,3.448142226733593718e-01,3.829405168585460206e-01,3.674343348176759561e-01,7.203230210296127090e-02,4.244354556399301814e-01,6.777034089271644079e-01,4.132424985001957318e-01,6.566464500257813697e-01,4.028688628628129265e-01,6.479105150660859902e-01,4.637701455540817475e-01,5.074386335091167766e-01,5.373392076043723847e-02,5.400867356899797800e-01,3.410306302060732708e-01,3.889220367910309339e-01,2.974448470008888568e-01,3.960673362419972476e-01,2.786265240606913829e-01,4.531350327373973030e-01,4.411943514594974802e-01,5.517393872642695207e-01
9.124172114243761511e-02,3.963623767779089202e-01,3.494421378810475542e-01,5.294217783532053634e-01,5.336213922362385009e-01,-3.159131501613626769e-01,6.665816247299388708e-01,-2.703304815450647824e-01,5.024226142245786786e-01,5.295462595504798475e-01,4.813668967751917882e-01,1.000000000000000000e+00,6.404785352277913013e-01,5.757993760091648650e-01,8.106346277539447920e-01,3.239827348114719952e-01,-2.239425483163423602e-01,6.555490033563345920e-01,5.092745194878016690e-01,6.512263038117243052e-01,1.632514192893866900e-01,5.931348184401807888e-01,2.778031957694652720e-01,3.066127402474932429e-01,2.050508643749487103e-01,2.888932219886181096e-01,6.882399394059415254e-01,3.760005254322850154e-01,2.911084713117221279e-01,2.097119158386400450e-01,6.258373167387979441e-01,4.670155865692999231e-01,2.054374669121940833e-01,4.491502506888481183e-01,1.109363757456868771e-01,5.708683855429158571e-02,1.439433559288443576e-01,5.033313352511444849e-01,5.287973749634067300e-01
8.143555796913416744e-02,3.271490055840222122e-01,3.505102141041105401e-01,3.306329673317787154e-01,3.749030750350097474e-01,-8.986019984532653271e-02,5.108674830417072599e-01,-2.447434104806839872e-01,2.052754995812755834e-01,4.099191556783378654e-01,6.570774288658683959e-01,6.404785352277913013e-01,1.000000000000000000e+00,4.282563989764153756e-01,4.484269103632316789e-01,9.210243488550248769e-02,5.372998070496660949e-02,3.944426409193078076e-01,3.879787917022897714e-01,4.682904320609868054e-01,3.196541913958428349e-01,6.101638164386340435e-01,5.441369447585930885e-01,2.610859070500186063e-01,2.391668298815391169e-01,1.308838832953546638e-01,5.610038404997336192e-01,3.093467627152801658e-01,1.916629157572958264e-01,8.209846511379380318e-02,4.998660544160773989e-01,6.246869537259597260e-01,3.083538963252435705e-01,3.056059787077182177e-01,1.286563199428328585e-01,6.017705041436126334e-02,1.429049978647258523e-01,4.161814889108802484e-01,3.188290997146249750e-01
5.112433858452082314e-01,6.190398660991620616e-01,6.820255967399851960e-01,2.898556406450711886e-01,8.153104115882227054e-01,1.253869331750898652e-01,6.423660216032155423e-01,-5.651864698994367719e-01,7.403627616376027287e-01,6.143165758272088883e-01,5.359162896883161720e-01,5.757993760091648650e-01,4.282563989764153756e-01,1.000000000000000000e+00,6.360990789858588235e-01,5.370116412253803651e-01,1.397179987832682657e-01,7.004929468292195871e-01,7.427694246137976908e-01,5.622175665834087122e-01,3.396704461436548250e-01,6.624263316277573255e-01,5.839152788762412838e-01,6.321422889995951255e-01,6.286063220647878369e-01,5.643644822700042418e-01,6.077484404800753692e-01,6.982789993876296064e-01,6.001173246923884319e-01,5.035979394861392899e-01,7.797514819427829869e-01,2.181122644295757362e-01,7.554281985789806919e-01,6.985668656529944176e-01,5.916958754994480207e-01,5.158474119293249283e-01,5.650153468364320641e-01,6.904551667197509346e-01,7.069895687133783690e-01
3.447913889841561219e-01,4.914607360445893414e-01,4.793077380135833954e-01,4.314374899124818197e-01,6.220230173894256698e-01,-1.662248284467249260e-01,6.962460743880896086e-01,-3.942816188319089865e-01,7.176820534217442926e-01,5.651861015426120627e-01,4.874124723779263424e-01,8.106346277539447920e-01,4.484269103632316789e-01,6.360990789858588235e-01,1.000000000000000000e+00,4.949263807538757387e-01,-2.173948169775476516e-02,6.849035072852138750e-01,5.722501574463318974e-01,6.243266373483075116e-01,1.868359313425692336e-01,5.791381730020556118e-01,3.362753775977470605e-01,3.451154601070846595e-01,3.768816808015731379e-01,5.271609259114065082e-01,7.553520811209335495e-01,5.583691198480426054e-01,5.113290459759980422e-01,3.626023072723170149e-01,6.943236736834250689e-01,3.445860388372521954e-01,3.252951691194811978e-01,5.800137397284539365e-01,2.317092255983390636e-01,2.652082325016425490e-01,2.811980473302856387e-01,6.234589395471432649e-01,6.543740125782175898e-01
3.352211453984226264e-01,2.209882366516072727e-01,5.446419478751443055e-01,1.885472399639068763e-01,5.909512236091827297e-01,-2.163948673656971300e-01,4.420512410470880393e-01,-5.548594306051004565e-01,6.798389477656150426e-01,8.130969654260542523e-01,1.597840564185936951e-01,3.239827348114719952e-01,9.210243488550248769e-02,5.370116412253803651e-01,4.949263807538757387e-01,1.000000000000000000e+00,-1.171349644393206574e-01,6.528007191895731642e-01,6.583821549841507581e-01,2.285955852178725156e-01,2.299398168061104752e-01,2.752777978282197613e-01,2.448020963132248318e-01,2.189448864288732477e-01,1.928906958151397621e-01,3.566347090065445924e-01,4.380209635836226911e-01,5.354798902834824181e-01,2.751814389914862824e-01,8.624092494860186031e-01,5.711722683636392128e-01,3.827062683871109150e-01,4.295370901737690650e-01,5.525098978263880412e-01,1.820394526714489980e-01,3.848182706037143186e-01,1.756956373112965042e-01,6.598592092457639113e-01,5.039737891818841797e-01
4.173241695502994952e-01,3.036336457871248173e-01,1.319051778585432766e-01,-4.355886089653185911e-01,5.335556557049361132e-02,8.583579076673850672e-01,-1.524405577850582519e-02,-9.995256548603739799e-02,1.066672618135063311e-01,-1.145177539498419134e-01,5.792636259066915594e-01,-2.239425483163423602e-01,5.372998070496660949e-02,1.397179987832682657e-01,-2.173948169775476516e-02,-1.171349644393206574e-01,1.000000000000000000e+00,-1.155612842946327351e-01,-2.845660377012929065e-02,-9.258803633419217249e-02,-8.368231929638945965e-02,2.310304954561540405e-02,5.017372563536255381e-01,1.751109144295975029e-01,6.774101137409245244e-01,3.591687051674106179e-01,1.619005003779780683e-01,2.808817964842492687e-01,4.306780155303817081e-01,-1.844967100211639954e-01,8.402622308326811174e-02,-2.708565980992976296e-01,2.905886656962768932e-01,2.427467125118205719e-03,4.164308625692230148e-01,3.350590968725754015e-01,4.817380412974248682e-01,3.236802025337538052e-02,2.117936747216516424e-01
3.562244139962572609e-01,4.566889097396260033e-01,5.912706481181336793e-01,5.626843174325082408e-01,6.912584689861824838e-01,-1.464816219391947283e-01,7.457436817889586678e-01,-4.340934466138691716e-01,7.124939939456802485e-01,6.085287169505645410e-01,3.448142226733593718e-01,6.555490033563345920e-01,3.944426409193078076e-01,7.004929468292195871e-01,6.849035072852138750e-01,6.528007191895731642e-01,-1.155612842946327351e-01,1.000000000000000000e+00,7.947775724535689479e-01,5.819862083984266299e-01,3.660632960311806516e-01,6.181791886376112322e-01,3.496519482628510089e-01,2.981928164893749011e-01,3.566873239266494799e-01,4.844221041820378493e-01,5.960412232797152043e-01,6.971339179008334552e-01,3.388587722481693487e-01,5.272626365795438641e-01,7.014446206533957451e-01,3.308850704487369954e-01,4.747674652615534452e-01,5.652988997053003395e-01,2.681779050191531732e-01,3.463182128378629598e-01,2.819848185281955133e-01,5.390318091342800599e-01,5.587730297881363661e-01
4.099924780779337641e-01,4.430205047120887030e-01,7.277502792780223828e-01,3.864544850775849527e-01,8.179036581030084685e-01,-5.673293274775085410e-02,6.642755383259092428e-01,-6.044840159487494535e-01,7.072294909097858184e-01,7.318235926045116857e-01,3.829405168585460206e-01,5.092745194878016690e-01,3.879787917022897714e-01,7.427694246137976908e-01,5.722501574463318974e-01,6.583821549841507581e-01,-2.845660377012929065e-02,7.947775724535689479e-01,1.000000000000000000e+00,4.784753777480351689e-01,4.443842194513758503e-01,6.368913519060859230e-01,5.601128308271050571e-01,4.760403978065707031e-01,5.040397973996700864e-01,4.908417472644723278e-01,5.419099883280047436e-01,7.542826110372812254e-01,4.390424403754570326e-01,6.201197859881418806e-01,7.769281309313210704e-01,3.226622816009845351e-01,6.653745313552411611e-01,6.801550097602987455e-01,4.325583730923054371e-01,5.198929330595009057e-01,4.287209037305804715e-01,7.247763841945218388e-01,6.896591215505535333e-01
3.447403466024843710e-01,5.581519175113087705e-01,4.935530867088390727e-01,6.058926857060304982e-01,5.351735814708675765e-01,-1.152176395340067522e-01,7.424684636486472700e-01,-3.472351443812005667e-01,5.532879693953591804e-01,3.653002179408199046e-01,3.674343348176759561e-01,6.512263038117243052e-01,4.682904320609868054e-01,5.622175665834087122e-01,6.243266373483075116e-01,2.285955852178725156e-01,-9.258803633419217249e-02,5.819862083984266299e-01,4.784753777480351689e-01,1.000000000000000000e+00,4.214716089650958342e-01,6.957335978802345888e-01,3.656386076125393014e-01,1.424945649864506059e-01,2.970035509135483531e-01,4.012841270129052784e-01,5.435911470349276131e-01,4.674915639790004906e-01,3.920871274422596531e-01,1.984125543059837848e-01,5.675960591281929979e-01,3.097624758589069827e-01,3.130561996374167100e-01,4.710179062484419199e-01,1.601313674063490899e-01,3.379083243114938129e-01,1.880807693813616177e-01,4.223888358787566966e-01,5.089140202958767345e-01
3.736568596438713530e-01,4.632273329864414757e-01,7.152447871237709309e-01,4.625018342576853736e-01,4.961920370896547028e-01,-9.614795016801183647e-02,4.519596234473315932e-01,-6.348639745853159599e-01,2.895442016534067742e-01,2.885338351286371172e-01,7.203230210296127090e-02,1.632514192893866900e-01,3.196541913958428349e-01,3.396704461436548250e-01,1.868359313425692336e-01,2.299398168061104752e-01,-8.368231929638945965e-02,3.660632960311806516e-01,4.443842194513758503e-01,4.214716089650958342e-01,1.000000000000000000e+00,7.531915324798263978e-01,3.855522498968545486e-01,1.377193376307974948e-01,2.199605814534784931e-01,3.323203143426822215e-01,2.587714378378051516e-01,4.733343326573852261e-01,2.547203882992962187e-01,3.550702883644383800e-01,4.394049109947998355e-01,2.390532347675640990e-01,5.482455088082760497e-01,4.753821717351136011e-01,2.428473728014611810e-01,5.089246126106855561e-01,2.280272664746531286e-01,2.573670267537030987e-01,1.711642906844791090e-01
4.533223965142888501e-01,6.430394498373028789e-01,7.807643925512633976e-01,5.608579516987590718e-01,7.126455172579310160e-01,-3.889997973983502777e-02,7.166450530192658430e-01,-6.397957548051173005e-01,5.332352477457924511e-01,4.462123229259916668e-01,4.244354556399301814e-01,5.931348184401807888e-01,6.101638164386340435e-01,6.624263316277573255e-01,5.791381730020556118e-01,2.752777978282197613e-01,2.310304954561540405e-02,6.181791886376112322e-01,6.368913519060859230e-01,6.957335978802345888e-01,7.531915324798263978e-01,1.000000000000000000e+00,6.063357824520233530e-01,3.649113399164060634e-01,4.786586524934439701e-01,4.943982836606609088e-01,5.874665853898715095e-01,6.378009547374705601e-01,4.751294717076586238e-01,3.041012485542040067e-01,7.140874309362293948e-01,2.918975773040839439e-01,6.496183102254875497e-01,6.370952142274265428e-01,3.772908422984225241e-01,5.084191317107942254e-01,3.985348715834574063e-01,4.866389395718926925e-01,4.966757079519129037e-01
4.378691891383985624e-01,4.993758307180177214e-01,5.829121116122195634e-01,1.014417873786953167e-01,5.573074537960894803e-01,3.952014907309601144e-01,4.716344444597542762e-01,-4.606443513030982762e-01,4.303768676184416275e-01,4.600908105824842997e-01,6.777034089271644079e-01,2.778031957694652720e-01,5.441369447585930885e-01,5.839152788762412838e-01,3.362753775977470605e-01,2.448020963132248318e-01,5.017372563536255381e-01,3.496519482628510089e-01,5.601128308271050571e-01,3.656386076125393014e-01,3.855522498968545486e-01,6.063357824520233530e-01,1.000000000000000000e+00,5.056057280703516454e-01,7.532619296723240820e-01,4.491100941731919760e-01,5.128404438846229096e-01,6.088916861327677843e-01,5.144072286996730359e-01,2.485465787614063171e-01,6.207653663399731458e-01,2.230967926183667904e-01,6.590139958170972978e-01,4.882379284532001318e-01,5.209591330812117782e-01,5.620925675015548961e-01,5.312112199248820721e-01,5.782016688499190815e-01,5.831718849243973102e-01
2.231534476443704784e-01,2.989977848941743344e-01,3.952033841807698344e-01,1.641287355188358540e-02,5.253219638771948752e-01,1.984860567436902423e-01,2.060258995840680285e-01,-3.679280506872345535e-01,3.709214862745203178e-01,3.152735093483759465e-01,4.132424985001957318e-01,3.066127402474932429e-01,2.610859070500186063e-01,6.321422889995951255e-01,3.451154601070846595e-01,2.189448864288732477e-01,1.751109144295975029e-01,2.981928164893749011e-01,4.760403978065707031e-01,1.424945649864506059e-01,1.377193376307974948e-01,3.649113399164060634e-01,5.056057280703516454e-01,1.000000000000000000e+00,5.419016308040635055e-01,3.143616129612529786e-01,3.168648752758184139e-01,3.906550097308001401e-01,4.301671246577807861e-01,2.138173196155442601e-01,4.352990577603612632e-01,7.563202535502208668e-02,5.524792781900121907e-01,4.124458912522112053e-01,6.370696899816825631e-01,2.221939512983889808e-01,5.675917360731262962e-01,5.107587937243336373e-01,4.679652349549739410e-01
5.709205650057495030e-01,6.017206565617605474e-01,5.415036348242276976e-01,-8.941354085822850184e-02,5.898393489745281659e-01,6.443952327789930212e-01,4.072829927918780735e-01,-4.351015752137279424e-01,5.203098043272950113e-01,2.515095678384161038e-01,6.566464500257813697e-01,2.050508643749487103e-01,2.391668298815391169e-01,6.286063220647878369e-01,3.768816808015731379e-01,1.928906958151397621e-01,6.774101137409245244e-01,3.566873239266494799e-01,5.040397973996700864e-01,2.970035509135483531e-01,2.199605814534784931e-01,4.786586524934439701e-01,7.532619296723240820e-01,5.419016308040635055e-01,1.000000000000000000e+00,6.483816708874764467e-01,4.749868975733058662e-01,6.987614275483314819e-01,7.049467076817214073e-01,1.247993744223142298e-01,5.810971484229967565e-01,-1.892549184978602750e-01,6.727984469389297617e-01,4.689456412741775937e-01,6.725543411535046534e-01,6.124194655441268509e-01,7.065900900432683374e-01,4.672125144164404054e-01,6.646806263673386006e-01
8.089422237563568263e-01,7.995939986963886970e-01,6.511797462022953509e-01,2.037377839309106875e-01,6.975420728570864703e-01,3.485395947605174349e-01,6.451678547845134393e-01,-5.758808519129162695e-01,7.490701658092279169e-01,3.242770460565406188e-01,4.028688628628129265e-01,2.888932219886181096e-01,1.308838832953546638e-01,5.643644822700042418e-01,5.271609259114065082e-01,3.566347090065445924e-01,3.591687051674106179e-01,4.844221041820378493e-01,4.908417472644723278e-01,4.012841270129052784e-01,3.323203143426822215e-01,4.943982836606609088e-01,4.491100941731919760e-01,3.143616129612529786e-01,6.483816708874764467e-01,1.000000000000000000e+00,7.223927223638584305e-01,8.065819846179225205e-01,8.292010536824415690e-01,3.629980280611278531e-01,7.105795966173312772e-01,-3.858279444986075640e-02,5.937532356845972581e-01,7.099175292671304760e-01,6.628110362779844333e-01,7.669846141003113793e-01,7.384420171593789606e-01,3.864644999208995402e-01,6.340005847622698365e-01
5.328429324272196954e-01,6.771371670146918431e-01,5.668939722973145301e-01,3.735506453020185358e-01,6.812068295015705210e-01,5.386598261024741485e-02,7.924004558935245912e-01,-5.094045135991593920e-01,7.295922499056710642e-01,6.009775733782251050e-01,6.479105150660859902e-01,6.882399394059415254e-01,5.610038404997336192e-01,6.077484404800753692e-01,7.553520811209335495e-01,4.380209635836226911e-01,1.619005003779780683e-01,5.960412232797152043e-01,5.419099883280047436e-01,5.435911470349276131e-01,2.587714378378051516e-01,5.874665853898715095e-01,5.128404438846229096e-01,3.168648752758184139e-01,4.749868975733058662e-01,7.223927223638584305e-01,1.000000000000000000e+00,6.636263319636460656e-01,6.715818762386797092e-01,3.720110008566003268e-01,8.261031219197479958e-01,4.448045341885236148e-01,4.286881684270595350e-01,6.675039056340574817e-01,4.324443762984104822e-01,5.023448715571597889e-01,5.130278477620094923e-01,5.250578912877629234e-01,6.576992092734478268e-01
6.866604932874832423e-01,6.933937860953712784e-01,7.606532668419235810e-01,2.737469787342892147e-01,8.113010326476106648e-01,2.372607210784605791e-01,7.284781023873345696e-01,-6.271081684532228140e-01,7.435874448862560548e-01,4.983568368407454985e-01,4.637701455540817475e-01,3.760005254322850154e-01,3.093467627152801658e-01,6.982789993876296064e-01,5.583691198480426054e-01,5.354798902834824181e-01,2.808817964842492687e-01,6.971339179008334552e-01,7.542826110372812254e-01,4.674915639790004906e-01,4.733343326573852261e-01,6.378009547374705601e-01,6.088916861327677843e-01,3.906550097308001401e-01,6.987614275483314819e-01,8.065819846179225205e-01,6.636263319636460656e-01,1.000000000000000000e+00,7.230430370521081507e-01,5.148400196686570007e-01,8.110796668778059715e-01,9.345700901140005512e-02,7.471474747574027298e-01,7.690709487521468768e-01,6.193697271940650229e-01,7.392199824639676953e-01,6.569644115706659848e-01,5.860728774808678931e-01,6.966152874532375305e-01
7.319078261426413823e-01,7.544948334210146434e-01,6.278459979183892425e-01,1.003200634488314175e-01,7.107027495644078208e-01,3.977710994032822578e-01,5.710693447605114104e-01,-5.982168252744233250e-01,6.636982817527931067e-01,2.974110228003927769e-01,5.074386335091167766e-01,2.911084713117221279e-01,1.916629157572958264e-01,6.001173246923884319e-01,5.113290459759980422e-01,2.751814389914862824e-01,4.306780155303817081e-01,3.388587722481693487e-01,4.390424403754570326e-01,3.920871274422596531e-01,2.547203882992962187e-01,4.751294717076586238e-01,5.144072286996730359e-01,4.301671246577807861e-01,7.049467076817214073e-01,8.292010536824415690e-01,6.715818762386797092e-01,7.230430370521081507e-01,1.000000000000000000e+00,2.753173345864494692e-01,6.849176034651199840e-01,-5.299179270287635024e-02,6.216183268844152066e-01,7.019187170049517865e-01,7.138663202176570577e-01,7.153510387339219179e-01,7.908597931247733914e-01,4.353186175491068899e-01,6.520309338100072072e-01
4.075519198848448488e-01,2.912579824326271272e-01,6.015893020033655780e-01,2.013074258348984125e-01,6.038254898299537654e-01,-2.322825727663860862e-01,4.268106764948081389e-01,-5.944920899130432534e-01,6.386112502322615070e-01,7.769727855741688227e-01,5.373392076043723847e-02,2.097119158386400450e-01,8.209846511379380318e-02,5.035979394861392899e-01,3.626023072723170149e-01,8.624092494860186031e-01,-1.844967100211639954e-01,5.272626365795438641e-01,6.201197859881418806e-01,1.984125543059837848e-01,3.550702883644383800e-01,3.041012485542040067e-01,2.485465787614063171e-01,2.138173196155442601e-01,1.247993744223142298e-01,3.629980280611278531e-01,3.720110008566003268e-01,5.148400196686570007e-01,2.753173345864494692e-01,1.000000000000000000e+00,5.509039015072900725e-01,3.865521412050456074e-01,5.232646624834366156e-01,6.365991528090683138e-01,2.551516365216958682e-01,5.038001996837271346e-01,2.270240600492511862e-01,6.221961170894289017e-01,4.662535741610300266e-01
5.724874207389731851e-01,6.876371841835221543e-01,7.508620834837349545e-01,3.872436320452030123e-01,8.683035054223834370e-01,1.747835011892396803e-02,7.948368469895308319e-01,-6.575738535470214696e-01,7.982210812629468855e-01,7.121869774698438293e-01,5.400867356899797800e-01,6.258373167387979441e-01,4.998660544160773989e-01,7.797514819427829869e-01,6.943236736834250689e-01,5.711722683636392128e-01,8.402622308326811174e-02,7.014446206533957451e-01,7.769281309313210704e-01,5.675960591281929979e-01,4.394049109947998355e-01,7.140874309362293948e-01,6.207653663399731458e-01,4.352990577603612632e-01,5.810971484229967565e-01,7.105795966173312772e-01,8.261031219197479958e-01,8.110796668778059715e-01,6.849176034651199840e-01,5.509039015072900725e-01,1.000000000000000000e+00,3.514971408012668164e-01,6.917999408514351467e-01,8.309205282861219510e-01,5.444241140364179943e-01,6.474368565315731239e-01,5.749378736749995999e-01,6.730237839093041741e-01,7.533060361493338908e-01
-4.062916493142032515e-02,4.926313417124601746e-02,2.247238781339669644e-01,3.864266215532423665e-01,2.085333995085584813e-01,-4.364863919409734394e-01,3.831361047878570902e-01,-2.135666084421700972e-01,2.397687811362988197e-01,5.994016397688874953e-01,3.410306302060732708e-01,4.670155865692999231e-01,6.246869537259597260e-01,2.181122644295757362e-01,3.445860388372521954e-01,3.827062683871109150e-01,-2.708565980992976296e-01,3.308850704487369954e-01,3.226622816009845351e-01,3.097624758589069827e-01,2.390532347675640990e-01,2.918975773040839439e-01,2.230967926183667904e-01,7.563202535502208668e-02,-1.892549184978602750e-01,-3.858279444986075640e-02,4.448045341885236148e-01,9.345700901140005512e-02,-5.299179270287635024e-02,3.865521412050456074e-01,3.514971408012668164e-01,1.000000000000000000e+00,3.282419572948130221e-02,2.242450437287389908e-01,-1.539441122962515451e-01,-2.423882183626518971e-02,-1.719217642311990646e-01,4.240121680745838617e-01,1.711451467847509289e-01
6.250339994092499740e-01,6.162068587108471274e-01,8.168868927325250162e-01,1.302075340347519650e-01,7.944441289895716185e-01,2.997850749909166668e-01,4.847204287917971643e-01,-7.191816772394635793e-01,5.855935150633930775e-01,4.720334094525333590e-01,3.889220367910309339e-01,2.054374669121940833e-01,3.083538963252435705e-01,7.554281985789806919e-01,3.252951691194811978e-01,4.295370901737690650e-01,2.905886656962768932e-01,4.747674652615534452e-01,6.653745313552411611e-01,3.130561996374167100e-01,5.482455088082760497e-01,6.496183102254875497e-01,6.590139958170972978e-01,5.524792781900121907e-01,6.727984469389297617e-01,5.937532356845972581e-01,4.286881684270595350e-01,7.471474747574027298e-01,6.216183268844152066e-01,5.232646624834366156e-01,6.917999408514351467e-01,3.282419572948130221e-02,1.000000000000000000e+00,7.582840989730741388e-01,6.965992927577087102e-01,7.053278443863064684e-01,6.828162971957746352e-01,5.525740197621563654e-01,5.578248304173410999e-01
6.386320225920338878e-01,6.708979606962632847e-01,8.059907803461793252e-01,3.847225585084632082e-01,8.684248696449764493e-01,-3.796938525084370825e-02,7.097738977785998937e-01,-7.382176681528158646e-01,7.841184132256153738e-01,6.108359212249621084e-01,2.974448470008888568e-01,4.491502506888481183e-01,3.056059787077182177e-01,6.985668656529944176e-01,5.800137397284539365e-01,5.525098978263880412e-01,2.427467125118205719e-03,5.652988997053003395e-01,6.801550097602987455e-01,4.710179062484419199e-01,4.753821717351136011e-01,6.370952142274265428e-01,4.882379284532001318e-01,4.124458912522112053e-01,4.689456412741775937e-01,7.099175292671304760e-01,6.675039056340574817e-01,7.690709487521468768e-01,7.019187170049517865e-01,6.365991528090683138e-01,8.309205282861219510e-01,2.242450437287389908e-01,7.582840989730741388e-01,1.000000000000000000e+00,5.942063405142451460e-01,7.132583551096096652e-01,6.170225578578169001e-01,6.200291661143348954e-01,6.741048162534222232e-01
6.329914108748080359e-01,6.419739800914324723e-01,5.544816383649692204e-01,2.224052581710135590e-02,6.214696541591595569e-01,4.561667409669630802e-01,3.579229054708484847e-01,-5.019379972086885910e-01,5.013474099388709471e-01,2.047459206257967734e-01,3.960673362419972476e-01,1.109363757456868771e-01,1.286563199428328585e-01,5.916958754994480207e-01,2.317092255983390636e-01,1.820394526714489980e-01,4.164308625692230148e-01,2.681779050191531732e-01,4.325583730923054371e-01,1.601313674063490899e-01,2.428473728014611810e-01,3.772908422984225241e-01,5.209591330812117782e-01,6.370696899816825631e-01,6.725543411535046534e-01,6.628110362779844333e-01,4.324443762984104822e-01,6.193697271940650229e-01,7.138663202176570577e-01,2.551516365216958682e-01,5.444241140364179943e-01,-1.539441122962515451e-01,6.965992927577087102e-01,5.942063405142451460e-01,1.000000000000000000e+00,6.381263076916032784e-01,9.070146097350998415e-01,2.956340074291612940e-01,4.614787426616539512e-01
7.952063251769015961e-01,7.322658875772047882e-01,7.438812419801945630e-01,1.856168988303674716e-01,6.740528859553848173e-01,3.441619973518251774e-01,5.644151974851208120e-01,-6.635311875129601411e-01,6.454148472832136330e-01,3.946711486709940653e-01,2.786265240606913829e-01,5.708683855429158571e-02,6.017705041436126334e-02,5.158474119293249283e-01,2.652082325016425490e-01,3.848182706037143186e-01,3.350590968725754015e-01,3.463182128378629598e-01,5.198929330595009057e-01,3.379083243114938129e-01,5.089246126106855561e-01,5.084191317107942254e-01,5.620925675015548961e-01,2.221939512983889808e-01,6.124194655441268509e-01,7.669846141003113793e-01,5.023448715571597889e-01,7.392199824639676953e-01,7.153510387339219179e-01,5.038001996837271346e-01,6.474368565315731239e-01,-2.423882183626518971e-02,7.053278443863064684e-01,7.132583551096096652e-01,6.381263076916032784e-01,1.000000000000000000e+00,6.741263449091134952e-01,4.034056615369286392e-01,5.821243980948743735e-01
6.794953032748973776e-01,6.856255951542864491e-01,5.915235618998984091e-01,3.847262067095919003e-02,6.420348241096122122e-01,5.174046861840381206e-01,4.315111147967541916e-01,-5.539579410441217711e-01,5.340887148736751522e-01,1.995000975094380624e-01,4.531350327373973030e-01,1.439433559288443576e-01,1.429049978647258523e-01,5.650153468364320641e-01,2.811980473302856387e-01,1.756956373112965042e-01,4.817380412974248682e-01,2.819848185281955133e-01,4.287209037305804715e-01,1.880807693813616177e-01,2.280272664746531286e-01,3.985348715834574063e-01,5.312112199248820721e-01,5.675917360731262962e-01,7.065900900432683374e-01,7.384420171593789606e-01,5.130278477620094923e-01,6.569644115706659848e-01,7.908597931247733914e-01,2.270240600492511862e-01,5.749378736749995999e-01,-1.719217642311990646e-01,6.828162971957746352e-01,6.170225578578169001e-01,9.070146097350998415e-01,6.741263449091134952e-01,1.000000000000000000e+00,2.728465876320823047e-01,4.765187326820795599e-01
3.350804731476541010e-01,3.302345376850451819e-01,5.893860795808280040e-01,1.521629376195581251e-01,6.847370164861540376e-01,-9.679921021011318738e-02,4.900310266457361119e-01,-5.453077712631101415e-01,6.491494198049299058e-01,7.631605890135770842e-01,4.411943514594974802e-01,5.033313352511444849e-01,4.161814889108802484e-01,6.904551667197509346e-01,6.234589395471432649e-01,6.598592092457639113e-01,3.236802025337538052e-02,5.390318091342800599e-01,7.247763841945218388e-01,4.223888358787566966e-01,2.573670267537030987e-01,4.866389395718926925e-01,5.782016688499190815e-01,5.107587937243336373e-01,4.672125144164404054e-01,3.864644999208995402e-01,5.250578912877629234e-01,5.860728774808678931e-01,4.353186175491068899e-01,6.221961170894289017e-01,6.730237839093041741e-01,4.240121680745838617e-01,5.525740197621563654e-01,6.200291661143348954e-01,2.956340074291612940e-01,4.034056615369286392e-01,2.728465876320823047e-01,1.000000000000000000e+00,7.709569987907308741e-01
5.439762337511757639e-01,5.942484628654581824e-01,5.813456885543486496e-01,1.600693988788415290e-01,7.314040769830364441e-01,1.612975557768285551e-01,6.298147958367706911e-01,-4.875437040396915500e-01,7.629498766072126958e-01,6.253561910010209113e-01,5.517393872642695207e-01,5.287973749634067300e-01,3.188290997146249750e-01,7.069895687133783690e-01,6.543740125782175898e-01,5.039737891818841797e-01,2.117936747216516424e-01,5.587730297881363661e-01,6.896591215505535333e-01,5.089140202958767345e-01,1.711642906844791090e-01,4.966757079519129037e-01,5.831718849243973102e-01,4.679652349549739410e-01,6.646806263673386006e-01,6.340005847622698365e-01,6.576992092734478268e-01,6.966152874532375305e-01,6.520309338100072072e-01,4.662535741610300266e-01,7.533060361493338908e-01,1.711451467847509289e-01,5.578248304173410999e-01,6.741048162534222232e-01,4.614787426616539512e-01,5.821243980948743735e-01,4.765187326820795599e-01,7.709569987907308741e-01,1.000000000000000000e+00
