1.000000000000000000e+00,7.647774327203250566e-01,3.419804821203268341e-01,-6.637765162295129751e-02,1.150029174365594792e-01,-1.965074156361195923e-01,3.418923282369297767e-01,-4.490357284762189760e-01,3.998335410407705681e-01,4.354052713689892107e-01,3.206104603749112547e-01,2.842144066164460914e-01,2.191314241198652757e-01,4.944019810334132625e-01,1.464982104766967552e-01,4.844394830466270396e-01,-4.330338120345855746e-01,1.799542245474651803e-01,1.277520407807657132e-02,3.227345471519372788e-01,3.196244410151529575e-02,3.051384393625272695e-01,2.693607603379012949e-01,1.432898942111486273e-01,3.859062570413939186e-01,1.312154728341782539e-01,5.081758594007811380e-01,-1.732489039095886640e-01,4.945799696888908414e-01,4.172545903530667788e-01,3.664816931724588223e-01,1.871621868452250093e-01,2.388207403614963364e-01,3.974863181884775165e-01,2.769385831129517750e-01,5.298728853022974805e-01,1.880379966567649608e-01,2.378542052912530624e-01,4.342217386786139666e-01
7.647774327203250566e-01,1.000000000000000000e+00,4.093483027395528606e-01,-2.260277859331847605e-01,1.347785084802604616e-01,-9.277556977123543880e-02,4.093966125296488179e-01,-4.820381874585047965e-01,6.910316063479388093e-01,5.373627396528943834e-01,4.733827917846986644e-01,5.572933889073961033e-01,2.889051894110606922e-01,6.227725818968209426e-01,4.658834808987217246e-01,5.204251211181762926e-01,-5.946071389241535110e-01,4.115592635211099970e-01,1.539754386854254586e-01,3.988159735001629569e-01,5.708992850735148533e-03,3.958408841514928223e-01,4.557735937056133224e-01,2.619045932311862002e-01,5.448681954620480106e-01,2.597101014077725714e-02,5.287611739194335581e-01,-3.825322848803928144e-01,6.203967362754806425e-01,5.899976133348934226e-01,4.988104244540877419e-01,2.993793155147209117e-01,3.894298862557518670e-01,6.030835051055132290e-01,3.421188587166777983e-01,3.893419648409947031e-01,2.912215583337959823e-01,3.316188865155119125e-01,6.955150685942520505e-01
3.419804821203268341e-01,4.093483027395528606e-01,1.000000000000000000e+00,9.718104978677340189e-02,4.820493237098563144e-01,-1.227510311717621150e-01,5.103489126348199623e-01,-8.576397109762217141e-01,5.418956043468101669e-01,6.367336309564892716e-01,3.825385767599433495e-01,5.175592421094028506e-01,5.486677569637640195e-01,4.281248749964651212e-01,4.576885437151397285e-01,5.519219558447712171e-01,-4.310607611073267731e-01,6.758338926676646929e-01,5.868558092312073926e-01,5.767812477736881105e-01,5.042834006634598909e-01,6.186241825246746595e-01,2.892090974602866682e-01,1.079696754114198437e-01,4.644287623318200109e-01,2.762071020621859052e-01,5.812227903779593197e-01,1.663955135176863609e-01,3.008014160896958500e-01,5.898402519480883122e-01,5.806797677027624172e-01,2.617725128815117652e-01,7.924483251838509990e-01,6.434789000042389073e-01,1.003028165212992567e-01,3.293551951706986669e-01,-3.805480118422541191e-02,3.787510108495247829e-01,4.858099760878090145e-01
-6.637765162295129751e-02,-2.260277859331847605e-01,9.718104978677340189e-02,1.000000000000000000e+00,4.871419951468312637e-01,1.123259929788632816e-01,3.954668636157420147e-01,2.004185152888963983e-02,-1.265726711885987454e-01,3.466772292722564153e-02,-1.862363774823560039e-02,-1.390172180863495921e-01,2.713884143456571918e-01,-2.335661603111623824e-02,-1.270726045901278412e-01,-2.702225312209303662e-02,3.528429015121491152e-02,7.595870226467067721e-02,1.216893531552692143e-01,1.891039852410187350e-01,2.958464993933668241e-01,2.370274959015440108e-01,-1.753872734773575803e-01,1.168330021250269662e-01,-1.396653868118877539e-01,2.093575007852069569e-01,1.462497998313510295e-01,5.101549434391579041e-01,-1.184535859585226919e-01,-2.050897509854849310e-01,1.038797122931405803e-01,2.000869293000812621e-01,1.133834974635827414e-01,5.101562426302887893e-02,-6.490137449945526660e-02,3.161849239485647889e-03,-1.027643042699602216e-01,-2.715995240962148505e-01,-2.538389596541844040e-01
1.150029174365594792e-01,1.347785084802604616e-01,4.820493237098563144e-01,4.871419951468312637e-01,1.000000000000000000e+00,1.955473624880167682e-02,3.397734680059513734e-01,-4.689906499007160945e-01,2.681834210765258741e-01,3.500755630674893815e-01,7.479000222654527685e-02,1.349899363175867673e-01,3.067577905450730169e-01,4.267487805417069513e-01,3.068414612510075301e-01,3.514609337361699337e-01,-1.028511378237162016e-01,4.680470358324182456e-01,4.446897611212433099e-01,1.259543741435293907e-01,2.484825326551991509e-01,2.665714607841030426e-01,1.728391495630817454e-01,7.405071971083754256e-03,1.500647348167661044e-01,3.416865635370504029e-01,3.299268834694964458e-01,4.666513638516356921e-01,1.819094613617950051e-01,2.929303482444513551e-01,3.857920803653785979e-01,3.305814699340686169e-01,4.358948563145176869e-01,3.847488241263148367e-01,6.852975144985680445e-02,2.612507565770045281e-01,2.389597118874068130e-02,3.586677655702480427e-01,6.851775225060252605e-02
-1.965074156361195923e-01,-9.277556977123543880e-02,-1.227510311717621150e-01,1.123259929788632816e-01,1.955473624880167682e-02,1.000000000000000000e+00,-1.673461837481351189e-01,2.174900466915240527e-01,-1.032204898380656849e-01,2.249175468047819385e-02,1.576137195048098461e-01,-2.183062384802947620e-01,-1.229485743676545645e-01,5.437772049463766855e-03,-1.406456716660975936e-01,-1.368588293496649511e-01,2.613850795796772153e-01,-5.403672284203281384e-02,4.819968791057877011e-02,-6.633942122170805034e-02,7.774516086598926012e-02,-3.214532874291392561e-02,2.696404692096680544e-01,4.074827980892181678e-01,1.374103638257924975e-01,2.241587187281524618e-01,-2.420372231297421295e-01,9.884629402165319434e-02,7.312790640614125204e-02,-6.626760715798106494e-02,-1.586142158202624719e-01,2.048671345450132075e-01,2.512260279133946006e-02,-2.219825373199327823e-01,3.235677427607938084e-01,-2.512237125064734622e-01,3.675120944919208488e-01,-1.703876752623140201e-01,-9.045639203170252607e-02
3.418923282369297767e-01,4.093966125296488179e-01,5.103489126348199623e-01,3.954668636157420147e-01,3.397734680059513734e-01,-1.673461837481351189e-01,1.000000000000000000e+00,-4.524951180809057560e-01,5.282771145153426495e-01,6.256050104438211079e-01,6.207186204330115142e-01,6.577096953857693995e-01,7.829212146442087183e-01,4.616051754194473444e-01,5.436504642540713750e-01,5.448067933621199010e-01,-6.584036846232363960e-01,6.167608364347766381e-01,4.653353129679693723e-01,7.629297640499301814e-01,5.233875713405878871e-01,7.837106345599362811e-01,2.398292702215927275e-01,3.841416036754168872e-01,5.020574077543263902e-01,-2.872865511488250680e-03,7.132774331046803917e-01,-4.895397677361713884e-02,3.329030969042602872e-01,4.380975449999912619e-01,6.084241136173302866e-01,1.297609789937987645e-01,5.025978823149328534e-01,5.990750699537237267e-01,1.921167266855081102e-01,2.445166787396713115e-01,9.874360829494342739e-02,-5.365794157726308522e-02,4.411393259678136891e-01
-4.490357284762189760e-01,-4.820381874585047965e-01,-8.576397109762217141e-01,2.004185152888963983e-02,-4.689906499007160945e-01,2.174900466915240527e-01,-4.524951180809057560e-01,1.000000000000000000e+00,-5.495045194176881864e-01,-6.108658284347684431e-01,-3.763099542941458764e-01,-4.998910526098409024e-01,-4.737558366754022754e-01,-5.861489982772981611e-01,-4.303284350485591658e-01,-5.468456839816582260e-01,4.260204071553941318e-01,-5.891135608552937608e-01,-4.595666551528451160e-01,-4.471769890576542394e-01,-3.241763077898821011e-01,-4.923212226960477222e-01,-3.360591713269884817e-01,-5.104212530871384684e-02,-5.007957241323204300e-01,-2.265403803414092476e-01,-6.171367382142637359e-01,-6.243723663513214839e-02,-4.331497279844229720e-01,-6.635551649269102459e-01,-6.014005225017486911e-01,-2.420827545979070683e-01,-6.593975662539569571e-01,-6.238214773317625195e-01,-2.106878825744373795e-01,-5.123968893854916606e-01,-8.362001766682010395e-02,-4.712177974712096762e-01,-4.817106508103573548e-01
3.998335410407705681e-01,6.910316063479388093e-01,5.418956043468101669e-01,-1.265726711885987454e-01,2.681834210765258741e-01,-1.032204898380656849e-01,5.282771145153426495e-01,-5.495045194176881864e-01,1.000000000000000000e+00,6.233940913046945864e-01,5.868747065967954146e-01,8.101122547280443786e-01,4.420815375140086934e-01,6.376666920645832626e-01,7.635183446763379456e-01,5.281401575881854438e-01,-7.241869326696159792e-01,6.784874197852267530e-01,4.376816067886410977e-01,5.695992140067890341e-01,2.206081460501227165e-01,5.971891839696584769e-01,5.530260145835275143e-01,2.917475266192893768e-01,5.835798831441771917e-01,-4.677083807870349892e-03,6.006556647332218501e-01,-3.126532229877502234e-01,6.391819223514092485e-01,6.752828881208901013e-01,7.030147895479677000e-01,4.090649233922145078e-01,6.027633547754817078e-01,8.534048866970066483e-01,2.188595483197455227e-01,2.878406837285951703e-01,1.747047434698247304e-01,5.009434550688306453e-01,8.539843983643646830e-01
4.354052713689892107e-01,5.373627396528943834e-01,6.367336309564892716e-01,3.466772292722564153e-02,3.500755630674893815e-01,2.249175468047819385e-02,6.256050104438211079e-01,-6.108658284347684431e-01,6.233940913046945864e-01,1.000000000000000000e+00,6.422718607362745136e-01,6.605981047710434151e-01,6.427926537089935222e-01,5.901522265154228730e-01,6.447373030949898887e-01,8.522560447081116708e-01,-6.141947510557961287e-01,7.961600222030248419e-01,6.462956129771697533e-01,6.289685356320566800e-01,4.957515328657463027e-01,6.652393825398154048e-01,5.789443951436963332e-01,3.353586758375001753e-01,7.460087390099447990e-01,2.739687281952203901e-01,6.562481479469453038e-01,5.095049951178490244e-02,4.772603433125224281e-01,7.706689310922861802e-01,7.559737305436917687e-01,3.285143118027025189e-01,6.800451508974477699e-01,5.711439208242504728e-01,3.115719396566175581e-01,3.607493711601991726e-01,1.387291029413385279e-01,4.130465512815859608e-01,6.098766184931998513e-01
3.206104603749112547e-01,4.733827917846986644e-01,3.825385767599433495e-01,-1.862363774823560039e-02,7.479000222654527685e-02,1.576137195048098461e-01,6.207186204330115142e-01,-3.763099542941458764e-01,5.868747065967954146e-01,6.422718607362745136e-01,1.000000000000000000e+00,6.417417580068423000e-01,5.674688906716237602e-01,4.119307514975289464e-01,5.005561309720103491e-01,5.191369825179732445e-01,-5.009408349644873804e-01,5.631680564299375025e-01,3.557176386638685184e-01,6.730386436692462615e-01,3.576719694706035901e-01,6.462067944329278335e-01,4.776071451532609702e-01,5.381782042334393168e-01,6.631320830217706241e-01,1.137269123338337413e-02,5.723397304306105937e-01,-2.890424482347436763e-01,4.635920408256287151e-01,5.521891179846045716e-01,5.935351463235331027e-01,2.683800603395534168e-01,3.986108337971971949e-01,4.870973082456527270e-01,2.661494353425222226e-01,1.191170900947767231e-01,2.575105035925342456e-01,1.158091381332878173e-01,6.239284849198259986e-01
2.842144066164460914e-01,5.572933889073961033e-01,5.175592421094028506e-01,-1.390172180863495921e-01,1.349899363175867673e-01,-2.183062384802947620e-01,6.577096953857693995e-01,-4.998910526098409024e-01,8.101122547280443786e-01,6.605981047710434151e-01,6.417417580068423000e-01,1.000000000000000000e+00,5.589155064104837090e-01,5.097670004923063880e-01,8.365422534548661027e-01,5.609251219052854287e-01,-7.782875798461231787e-01,7.185968426394953035e-01,4.839136096189158298e-01,6.937135477881433143e-01,3.155481264332849478e-01,6.963757221035032918e-01,4.178039731709144444e-01,3.208699995883811384e-01,5.860185470083594250e-01,-1.470060783496611179e-01,6.145487040089830932e-01,-3.849816469217133275e-01,4.316761998131791733e-01,6.161807554910490037e-01,7.027593003168839392e-01,2.399787534834094960e-01,5.122881696354654180e-01,7.348088790207125687e-01,1.220743226328023512e-01,1.914803399648467852e-01,2.990443519108703860e-02,3.320374570917355994e-01,8.036273521414839527e-01
2.191314241198652757e-01,2.889051894110606922e-01,5.486677569637640195e-01,2.713884143456571918e-01,3.067577905450730169e-01,-1.229485743676545645e-01,7.829212146442087183e-01,-4.737558366754022754e-01,4.420815375140086934e-01,6.427926537089935222e-01,5.674688906716237602e-01,5.589155064104837090e-01,1.000000000000000000e+00,3.672819406237142759e-01,4.840362193398493051e-01,5.989970605008858584e-01,-4.885284648750881642e-01,6.377107010862356207e-01,5.475898831613587037e-01,7.046268380896835160e-01,6.066769336613346830e-01,6.766798310918125114e-01,3.317880193286699697e-01,3.202098819493982007e-01,6.082781043459383197e-01,1.963017802159071346e-01,7.634091483677194478e-01,1.880269782196667405e-01,2.943079822888616248e-01,4.905348321190604599e-01,6.190986228831972804e-01,-2.684653786689720698e-02,6.211058489164019702e-01,5.464582417931901359e-01,3.342481681463531640e-01,2.055927169633693652e-01,2.082365981087499485e-01,4.816528419453908194e-02,3.250485371983052874e-01
4.944019810334132625e-01,6.227725818968209426e-01,4.281248749964651212e-01,-2.335661603111623824e-02,4.267487805417069513e-01,5.437772049463766855e-03,4.616051754194473444e-01,-5.861489982772981611e-01,6.376666920645832626e-01,5.901522265154228730e-01,4.119307514975289464e-01,5.097670004923063880e-01,3.672819406237142759e-01,1.000000000000000000e+00,4.867088972477088271e-01,5.399627456521828295e-01,-5.425818012674291646e-01,4.648286100872912052e-01,2.512315481901502001e-01,3.136636785866413479e-01,1.120055016574151852e-01,4.056296650271914994e-01,6.245794530047026338e-01,2.656925217715847554e-01,6.323002105148306518e-01,2.796612965317474622e-02,5.406956665194514455e-01,-1.650017509968965401e-01,7.206207698568574127e-01,6.390517071622449086e-01,5.617276483969062539e-01,2.934038686414437436e-01,4.955104023155515458e-01,6.459891173982357238e-01,5.163958929005169063e-01,5.311638869932575613e-01,4.472743912452210591e-01,3.829718176166083121e-01,5.116140939494904227e-01
1.464982104766967552e-01,4.658834808987217246e-01,4.576885437151397285e-01,-1.270726045901278412e-01,3.068414612510075301e-01,-1.406456716660975936e-01,5.436504642540713750e-01,-4.303284350485591658e-01,7.635183446763379456e-01,6.447373030949898887e-01,5.005561309720103491e-01,8.365422534548661027e-01,4.840362193398493051e-01,4.867088972477088271e-01,1.000000000000000000e+00,5.838910665942971256e-01,-6.810186201471546408e-01,8.102504752484168682e-01,6.289310609366226545e-01,5.197077020860836338e-01,2.668623642672076635e-01,5.595496795160008752e-01,4.357982014803504778e-01,1.996721418872642595e-01,5.188829112133207522e-01,-8.202714961337389740e-03,4.872222941550098385e-01,-1.977838157554455689e-01,3.537546137098008248e-01,6.351140209373299372e-01,6.245160162377821900e-01,2.299985951971333931e-01,5.048309423960433140e-01,6.447990635004831050e-01,9.514659848110136597e-02,1.298813766036922002e-01,1.021183899537899190e-02,4.318315479168929882e-01,6.606143799215118406e-01
4.844394830466270396e-01,5.204251211181762926e-01,5.519219558447712171e-01,-2.702225312209303662e-02,3.514609337361699337e-01,-1.368588293496649511e-01,5.448067933621199010e-01,-5.468456839816582260e-01,5.281401575881854438e-01,8.522560447081116708e-01,5.191369825179732445e-01,5.609251219052854287e-01,5.989970605008858584e-01,5.399627456521828295e-01,5.838910665942971256e-01,1.000000000000000000e+00,-5.640158449076306812e-01,7.378015147444174637e-01,5.541479102820555669e-01,5.240157604618370657e-01,4.415327218275684751e-01,5.892046470024285831e-01,5.440485007357483971e-01,1.966587198604508036e-01,6.832505689104966251e-01,2.499417653139447693e-01,6.031828102983102236e-01,1.086630857563705421e-01,4.075487731204951447e-01,7.584907011653393427e-01,6.768271994869906605e-01,1.665253100780057227e-01,5.977310270965897621e-01,5.162075199610431930e-01,2.786981104207181814e-01,4.622802853899921627e-01,9.399492154364397223e-02,4.893145560966956076e-01,5.335503352992494452e-01
-4.330338120345855746e-01,-5.946071389241535110e-01,-4.310607611073267731e-01,3.528429015121491152e-02,-1.028511378237162016e-01,2.613850795796772153e-01,-6.584036846232363960e-01,4.260204071553941318e-01,-7.241869326696159792e-01,-6.141947510557961287e-01,-5.009408349644873804e-01,-7.782875798461231787e-01,-4.885284648750881642e-01,-5.425818012674291646e-01,-6.810186201471546408e-01,-5.640158449076306812e-01,1.000000000000000000e+00,-6.092170107583814165e-01,-3.877271477197424820e-01,-6.450471247440129341e-01,-2.399172940484796679e-01,-6.293412722512606861e-01,-4.019041618592237852e-01,-2.820600365808547672e-01,-5.094242349344018095e-01,2.228145706013666683e-01,-5.573239641024457791e-01,3.819062912279501676e-01,-4.614140401984649920e-01,-5.722589571847005452e-01,-6.282781886298367535e-01,-1.259264684416427083e-01,-4.611660063965110079e-01,-6.924282079142209945e-01,-2.141305978913045360e-01,-2.561350975707386013e-01,-1.073158661424966215e-01,-2.210216261398660620e-01,-6.913104117235805424e-01
1.799542245474651803e-01,4.115592635211099970e-01,6.758338926676646929e-01,7.595870226467067721e-02,4.680470358324182456e-01,-5.403672284203281384e-02,6.167608364347766381e-01,-5.891135608552937608e-01,6.784874197852267530e-01,7.961600222030248419e-01,5.631680564299375025e-01,7.185968426394953035e-01,6.377107010862356207e-01,4.648286100872912052e-01,8.102504752484168682e-01,7.378015147444174637e-01,-6.092170107583814165e-01,1.000000000000000000e+00,8.219786246088267578e-01,6.088658778892563905e-01,4.483966909186789529e-01,6.635008297056937954e-01,4.299515365054830118e-01,2.303190510778772848e-01,5.725849013375156060e-01,1.622278814118985890e-01,5.427875144352658499e-01,6.069017177094736260e-02,2.951652788278469330e-01,7.039936147433319968e-01,6.869007841813536963e-01,2.857807628986195336e-01,6.825343992199047749e-01,6.158924840499427900e-01,9.904453049415773425e-02,1.889035879558027264e-01,-1.744318752537449280e-02,4.275783290642379275e-01,5.941118087528711733e-01
1.277520407807657132e-02,1.539754386854254586e-01,5.868558092312073926e-01,1.216893531552692143e-01,4.446897611212433099e-01,4.819968791057877011e-02,4.653353129679693723e-01,-4.595666551528451160e-01,4.376816067886410977e-01,6.462956129771697533e-01,3.557176386638685184e-01,4.839136096189158298e-01,5.475898831613587037e-01,2.512315481901502001e-01,6.289310609366226545e-01,5.541479102820555669e-01,-3.877271477197424820e-01,8.219786246088267578e-01,1.000000000000000000e+00,4.746883217373341624e-01,4.572950089549475128e-01,4.846962295318512082e-01,2.384151653330341125e-01,2.030485012116550469e-01,3.866201030161600105e-01,1.861372329421881189e-01,3.360720390334933083e-01,1.980064074783002004e-01,7.087977017037605520e-02,4.964392092179302773e-01,4.728888711188475313e-01,1.505577096263656656e-01,5.582245832346356407e-01,3.533896465442677437e-01,-1.075615747407376865e-02,4.050470199049083925e-02,-4.804204837137062561e-02,2.826084350232159204e-01,3.287186949407724934e-01
3.227345471519372788e-01,3.988159735001629569e-01,5.767812477736881105e-01,1.891039852410187350e-01,1.259543741435293907e-01,-6.633942122170805034e-02,7.629297640499301814e-01,-4.471769890576542394e-01,5.695992140067890341e-01,6.289685356320566800e-01,6.730386436692462615e-01,6.937135477881433143e-01,7.046268380896835160e-01,3.136636785866413479e-01,5.197077020860836338e-01,5.240157604618370657e-01,-6.450471247440129341e-01,6.088658778892563905e-01,4.746883217373341624e-01,1.000000000000000000e+00,5.516009368374125144e-01,8.069079833500416576e-01,2.642814624779105115e-01,5.163861570399876921e-01,5.177278823153450560e-01,-9.956185114493058472e-03,6.499448033829446914e-01,-1.332947115785947934e-01,3.192860592436002065e-01,4.584620423579758852e-01,5.763166553252411228e-01,1.488976740822506306e-01,5.271287395544022036e-01,5.826609824393020887e-01,1.423126546396470959e-01,1.231374007369326895e-01,5.699244514293895503e-02,5.585279558501843322e-02,5.896097296500639739e-01
3.196244410151529575e-02,5.708992850735148533e-03,5.042834006634598909e-01,2.958464993933668241e-01,2.484825326551991509e-01,7.774516086598926012e-02,5.233875713405878871e-01,-3.241763077898821011e-01,2.206081460501227165e-01,4.957515328657463027e-01,3.576719694706035901e-01,3.155481264332849478e-01,6.066769336613346830e-01,1.120055016574151852e-01,2.668623642672076635e-01,4.415327218275684751e-01,-2.399172940484796679e-01,4.483966909186789529e-01,4.572950089549475128e-01,5.516009368374125144e-01,1.000000000000000000e+00,6.656433623522403087e-01,2.168275435320937694e-01,2.752339386539939259e-01,4.067774350929107552e-01,2.598565101229725061e-01,4.129773639059933221e-01,3.373914892192635961e-01,1.066139037897897851e-01,3.705477454162200424e-01,3.405036355579412199e-01,-1.940572201274966269e-02,6.319319656991707612e-01,3.038473588613640475e-01,2.074176834911760636e-01,1.731212287154556551e-01,1.618892343387485014e-02,2.959767357111351901e-02,1.746165997772592127e-01
3.051384393625272695e-01,3.958408841514928223e-01,6.186241825246746595e-01,2.370274959015440108e-01,2.665714607841030426e-01,-3.214532874291392561e-02,7.837106345599362811e-01,-4.923212226960477222e-01,5.971891839696584769e-01,6.652393825398154048e-01,6.462067944329278335e-01,6.963757221035032918e-01,6.766798310918125114e-01,4.056296650271914994e-01,5.595496795160008752e-01,5.892046470024285831e-01,-6.293412722512606861e-01,6.635008297056937954e-01,4.846962295318512082e-01,8.069079833500416576e-01,6.656433623522403087e-01,1.000000000000000000e+00,3.528170870966279571e-01,4.359279560784538043e-01,5.436964597523918918e-01,2.212366340147122606e-02,6.087648458452913358e-01,-6.453487116427755743e-02,3.117874933884030586e-01,5.002446182005340081e-01,5.832208730118951800e-01,2.263089746361821586e-01,6.342238888404678754e-01,6.383316901856107561e-01,1.496409214388454145e-01,2.018297727511173811e-01,-1.983992042696206340e-02,1.021487280873984299e-01,6.128859161541315714e-01
2.693607603379012949e-01,4.557735937056133224e-01,2.892090974602866682e-01,-1.753872734773575803e-01,1.728391495630817454e-01,2.696404692096680544e-01,2.398292702215927275e-01,-3.360591713269884817e-01,5.530260145835275143e-01,5.789443951436963332e-01,4.776071451532609702e-01,4.178039731709144444e-01,3.317880193286699697e-01,6.245794530047026338e-01,4.357982014803504778e-01,5.440485007357483971e-01,-4.019041618592237852e-01,4.299515365054830118e-01,2.384151653330341125e-01,2.642814624779105115e-01,2.168275435320937694e-01,3.528170870966279571e-01,1.000000000000000000e+00,3.208986238204558084e-01,7.852037837736541848e-01,1.939471542658110226e-01,4.045337134317469885e-01,-4.517639761203375709e-02,6.734127998356069789e-01,6.200132555094141074e-01,5.154247370501922054e-01,2.181799600636047942e-01,5.020147944520425565e-01,5.065321953381829445e-01,5.522989730872891467e-01,3.108954913083500915e-01,4.724597523708544689e-01,4.440673511066612345e-01,5.006901083902225436e-01
1.432898942111486273e-01,2.619045932311862002e-01,1.079696754114198437e-01,1.168330021250269662e-01,7.405071971083754256e-03,4.074827980892181678e-01,3.841416036754168872e-01,-5.104212530871384684e-02,2.917475266192893768e-01,3.353586758375001753e-01,5.381782042334393168e-01,3.208699995883811384e-01,3.202098819493982007e-01,2.656925217715847554e-01,1.996721418872642595e-01,1.966587198604508036e-01,-2.820600365808547672e-01,2.303190510778772848e-01,2.030485012116550469e-01,5.163861570399876921e-01,2.752339386539939259e-01,4.359279560784538043e-01,3.208986238204558084e-01,1.000000000000000000e+00,4.025923170537565876e-01,-7.638226931084467208e-02,2.403860936856134223e-01,-1.893513139616793128e-01,3.575819252933932213e-01,2.011692433607703834e-01,2.418893921742086561e-01,1.592730632298999249e-01,1.631282745035960158e-01,1.900097703085412981e-01,3.016019441857112349e-01,-1.229741420496335835e-01,4.203017824173351236e-01,-8.100014840730637711e-02,3.548377446944733782e-01
3.859062570413939186e-01,5.448681954620480106e-01,4.644287623318200109e-01,-1.396653868118877539e-01,1.500647348167661044e-01,1.374103638257924975e-01,5.020574077543263902e-01,-5.007957241323204300e-01,5.835798831441771917e-01,7.460087390099447990e-01,6.631320830217706241e-01,5.860185470083594250e-01,6.082781043459383197e-01,6.323002105148306518e-01,5.188829112133207522e-01,6.832505689104966251e-01,-5.094242349344018095e-01,5.725849013375156060e-01,3.866201030161600105e-01,5.177278823153450560e-01,4.067774350929107552e-01,5.436964597523918918e-01,7.852037837736541848e-01,4.025923170537565876e-01,1.000000000000000000e+00,1.962750076057066528e-01,6.309190576025417441e-01,-6.955095068241125278e-02,6.162335605142404971e-01,7.118115452531956766e-01,6.524406773644222390e-01,1.498258758371840971e-01,6.096029300022132169e-01,5.544229675495757625e-01,5.942856507943751199e-01,3.672865008539081266e-01,4.529539093880456391e-01,3.238678525769194683e-01,5.609751503015308893e-01
1.312154728341782539e-01,2.597101014077725714e-02,2.762071020621859052e-01,2.093575007852069569e-01,3.416865635370504029e-01,2.241587187281524618e-01,-2.872865511488250680e-03,-2.265403803414092476e-01,-4.677083807870349892e-03,2.739687281952203901e-01,1.137269123338337413e-02,-1.470060783496611179e-01,1.963017802159071346e-01,2.796612965317474622e-02,-8.202714961337389740e-03,2.499417653139447693e-01,2.228145706013666683e-01,1.622278814118985890e-01,1.861372329421881189e-01,-9.956185114493058472e-03,2.598565101229725061e-01,2.212366340147122606e-02,1.939471542658110226e-01,-7.638226931084467208e-02,1.962750076057066528e-01,1.000000000000000000e+00,3.203343979545300590e-01,6.714453553995459734e-01,1.591250488441154909e-01,2.013876365836932414e-01,2.061484715746494112e-01,3.178050308202964302e-01,3.084632084428896581e-01,3.726497483914886083e-02,1.805368605306724439e-01,2.163300799752049808e-01,7.140612722137985868e-02,2.768283728772447105e-01,-1.046409626049878416e-01
5.081758594007811380e-01,5.287611739194335581e-01,5.812227903779593197e-01,1.462497998313510295e-01,3.299268834694964458e-01,-2.420372231297421295e-01,7.132774331046803917e-01,-6.171367382142637359e-01,6.006556647332218501e-01,6.562481479469453038e-01,5.723397304306105937e-01,6.145487040089830932e-01,7.634091483677194478e-01,5.406956665194514455e-01,4.872222941550098385e-01,6.031828102983102236e-01,-5.573239641024457791e-01,5.427875144352658499e-01,3.360720390334933083e-01,6.499448033829446914e-01,4.129773639059933221e-01,6.087648458452913358e-01,4.045337134317469885e-01,2.403860936856134223e-01,6.309190576025417441e-01,3.203343979545300590e-01,1.000000000000000000e+00,6.237952034206076246e-02,5.518998168128833592e-01,5.821867213429090526e-01,7.498664703099373607e-01,1.897499790142119502e-01,5.739012263253202573e-01,6.864799715531457736e-01,3.806165238734314227e-01,4.311562615408097709e-01,2.417983144264401751e-01,2.799906280071929321e-01,4.992868028043576656e-01
-1.732489039095886640e-01,-3.825322848803928144e-01,1.663955135176863609e-01,5.101549434391579041e-01,4.666513638516356921e-01,9.884629402165319434e-02,-4.895397677361713884e-02,-6.243723663513214839e-02,-3.126532229877502234e-01,5.095049951178490244e-02,-2.890424482347436763e-01,-3.849816469217133275e-01,1.880269782196667405e-01,-1.650017509968965401e-01,-1.977838157554455689e-01,1.086630857563705421e-01,3.819062912279501676e-01,6.069017177094736260e-02,1.980064074783002004e-01,-1.332947115785947934e-01,3.373914892192635961e-01,-6.453487116427755743e-02,-4.517639761203375709e-02,-1.893513139616793128e-01,-6.955095068241125278e-02,6.714453553995459734e-01,6.237952034206076246e-02,1.000000000000000000e+00,-1.808467696243788725e-01,-6.465694739655820922e-02,2.338031235266346472e-02,1.672177801305597955e-02,2.229447743998586584e-01,-1.278109353179314733e-01,6.161274446256106291e-03,1.099017935002085944e-01,-8.917838969627533974e-02,1.272652942038084156e-01,-4.496898645603132905e-01
4.945799696888908414e-01,6.203967362754806425e-01,3.008014160896958500e-01,-1.184535859585226919e-01,1.819094613617950051e-01,7.312790640614125204e-02,3.329030969042602872e-01,-4.331497279844229720e-01,6.391819223514092485e-01,4.772603433125224281e-01,4.635920408256287151e-01,4.316761998131791733e-01,2.943079822888616248e-01,7.206207698568574127e-01,3.537546137098008248e-01,4.075487731204951447e-01,-4.614140401984649920e-01,2.951652788278469330e-01,7.087977017037605520e-02,3.192860592436002065e-01,1.066139037897897851e-01,3.117874933884030586e-01,6.734127998356069789e-01,3.575819252933932213e-01,6.162335605142404971e-01,1.591250488441154909e-01,5.518998168128833592e-01,-1.808467696243788725e-01,1.000000000000000000e+00,5.821711579323012309e-01,5.312434321736800857e-01,3.582153772603519082e-01,4.288907533877114875e-01,5.968213773067486683e-01,5.246740452716852632e-01,4.488107082228666167e-01,5.861987028705842873e-01,4.595491548937624682e-01,5.564428455483664271e-01
4.172545903530667788e-01,5.899976133348934226e-01,5.898402519480883122e-01,-2.050897509854849310e-01,2.929303482444513551e-01,-6.626760715798106494e-02,4.380975449999912619e-01,-6.635551649269102459e-01,6.752828881208901013e-01,7.706689310922861802e-01,5.521891179846045716e-01,6.161807554910490037e-01,4.905348321190604599e-01,6.390517071622449086e-01,6.351140209373299372e-01,7.584907011653393427e-01,-5.722589571847005452e-01,7.039936147433319968e-01,4.964392092179302773e-01,4.584620423579758852e-01,3.705477454162200424e-01,5.002446182005340081e-01,6.200132555094141074e-01,2.011692433607703834e-01,7.118115452531956766e-01,2.013876365836932414e-01,5.821867213429090526e-01,-6.465694739655820922e-02,5.821711579323012309e-01,1.000000000000000000e+00,6.468850156156601416e-01,2.096442647464403786e-01,6.465990091832694020e-01,5.778489275990573715e-01,3.932617437745483113e-01,5.193983945243966227e-01,2.513035710997292282e-01,5.743224360550662766e-01,6.405363572702901243e-01
3.664816931724588223e-01,4.988104244540877419e-01,5.806797677027624172e-01,1.038797122931405803e-01,3.857920803653785979e-01,-1.586142158202624719e-01,6.084241136173302866e-01,-6.014005225017486911e-01,7.030147895479677000e-01,7.559737305436917687e-01,5.935351463235331027e-01,7.027593003168839392e-01,6.190986228831972804e-01,5.617276483969062539e-01,6.245160162377821900e-01,6.768271994869906605e-01,-6.282781886298367535e-01,6.869007841813536963e-01,4.728888711188475313e-01,5.763166553252411228e-01,3.405036355579412199e-01,5.832208730118951800e-01,5.154247370501922054e-01,2.418893921742086561e-01,6.524406773644222390e-01,2.061484715746494112e-01,7.498664703099373607e-01,2.338031235266346472e-02,5.312434321736800857e-01,6.468850156156601416e-01,1.000000000000000000e+00,3.451417555094715151e-01,6.003927289421722158e-01,7.212453014125330686e-01,2.577152169813006211e-01,3.690301349942647913e-01,1.397996747013453833e-01,5.001967583956791197e-01,6.501847392534562120e-01
1.871621868452250093e-01,2.993793155147209117e-01,2.617725128815117652e-01,2.000869293000812621e-01,3.305814699340686169e-01,2.048671345450132075e-01,1.297609789937987645e-01,-2.420827545979070683e-01,4.090649233922145078e-01,3.285143118027025189e-01,2.683800603395534168e-01,2.399787534834094960e-01,-2.684653786689720698e-02,2.934038686414437436e-01,2.299985951971333931e-01,1.665253100780057227e-01,-1.259264684416427083e-01,2.857807628986195336e-01,1.505577096263656656e-01,1.488976740822506306e-01,-1.940572201274966269e-02,2.263089746361821586e-01,2.181799600636047942e-01,1.592730632298999249e-01,1.498258758371840971e-01,3.178050308202964302e-01,1.897499790142119502e-01,1.672177801305597955e-02,3.582153772603519082e-01,2.096442647464403786e-01,3.451417555094715151e-01,1.000000000000000000e+00,2.532466469348033655e-01,3.283429144389335974e-01,-9.214954072585619660e-02,7.454213218007879616e-02,-6.630446457964228602e-02,3.313630236328231060e-01,4.304399626963760772e-01
2.388207403614963364e-01,3.894298862557518670e-01,7.924483251838509990e-01,1.133834974635827414e-01,4.358948563145176869e-01,2.512260279133946006e-02,5.025978823149328534e-01,-6.593975662539569571e-01,6.027633547754817078e-01,6.800451508974477699e-01,3.986108337971971949e-01,5.122881696354654180e-01,6.211058489164019702e-01,4.955104023155515458e-01,5.048309423960433140e-01,5.977310270965897621e-01,-4.611660063965110079e-01,6.825343992199047749e-01,5.582245832346356407e-01,5.271287395544022036e-01,6.319319656991707612e-01,6.342238888404678754e-01,5.020147944520425565e-01,1.631282745035960158e-01,6.096029300022132169e-01,3.084632084428896581e-01,5.739012263253202573e-01,2.229447743998586584e-01,4.288907533877114875e-01,6.465990091832694020e-01,6.003927289421722158e-01,2.532466469348033655e-01,1.000000000000000000e+00,6.858021133908273059e-01,3.223301760721464237e-01,2.938617012656383198e-01,1.343420755755237728e-01,3.645444963956749329e-01,4.918957668064676825e-01
3.974863181884775165e-01,6.030835051055132290e-01,6.434789000042389073e-01,5.101562426302887893e-02,3.847488241263148367e-01,-2.219825373199327823e-01,5.990750699537237267e-01,-6.238214773317625195e-01,8.534048866970066483e-01,5.711439208242504728e-01,4.870973082456527270e-01,7.348088790207125687e-01,5.464582417931901359e-01,6.459891173982357238e-01,6.447990635004831050e-01,5.162075199610431930e-01,-6.924282079142209945e-01,6.158924840499427900e-01,3.533896465442677437e-01,5.826609824393020887e-01,3.038473588613640475e-01,6.383316901856107561e-01,5.065321953381829445e-01,1.900097703085412981e-01,5.544229675495757625e-01,3.726497483914886083e-02,6.864799715531457736e-01,-1.278109353179314733e-01,5.968213773067486683e-01,5.778489275990573715e-01,7.212453014125330686e-01,3.283429144389335974e-01,6.858021133908273059e-01,1.000000000000000000e+00,2.099764251057880393e-01,3.485727489943251101e-01,1.216574687098497531e-01,4.341582904222617278e-01,7.157145912507354435e-01
2.769385831129517750e-01,3.421188587166777983e-01,1.003028165212992567e-01,-6.490137449945526660e-02,6.852975144985680445e-02,3.235677427607938084e-01,1.921167266855081102e-01,-2.106878825744373795e-01,2.188595483197455227e-01,3.115719396566175581e-01,2.661494353425222226e-01,1.220743226328023512e-01,3.342481681463531640e-01,5.163958929005169063e-01,9.514659848110136597e-02,2.786981104207181814e-01,-2.141305978913045360e-01,9.904453049415773425e-02,-1.075615747407376865e-02,1.423126546396470959e-01,2.074176834911760636e-01,1.496409214388454145e-01,5.522989730872891467e-01,3.016019441857112349e-01,5.942856507943751199e-01,1.805368605306724439e-01,3.806165238734314227e-01,6.161274446256106291e-03,5.246740452716852632e-01,3.932617437745483113e-01,2.577152169813006211e-01,-9.214954072585619660e-02,3.223301760721464237e-01,2.099764251057880393e-01,1.000000000000000000e+00,3.509686829656208928e-01,7.626582086616865430e-01,7.310141756178843708e-02,1.319268528524891737e-01
5.298728853022974805e-01,3.893419648409947031e-01,3.293551951706986669e-01,3.161849239485647889e-03,2.612507565770045281e-01,-2.512237125064734622e-01,2.445166787396713115e-01,-5.123968893854916606e-01,2.878406837285951703e-01,3.607493711601991726e-01,1.191170900947767231e-01,1.914803399648467852e-01,2.055927169633693652e-01,5.311638869932575613e-01,1.298813766036922002e-01,4.622802853899921627e-01,-2.561350975707386013e-01,1.889035879558027264e-01,4.050470199049083925e-02,1.231374007369326895e-01,1.731212287154556551e-01,2.018297727511173811e-01,3.108954913083500915e-01,-1.229741420496335835e-01,3.672865008539081266e-01,2.163300799752049808e-01,4.311562615408097709e-01,1.099017935002085944e-01,4.488107082228666167e-01,5.193983945243966227e-01,3.690301349942647913e-01,7.454213218007879616e-02,2.938617012656383198e-01,3.485727489943251101e-01,3.509686829656208928e-01,1.000000000000000000e+00,2.265541746776396081e-01,4.212263867800521977e-01,2.498859745095252660e-01
1.880379966567649608e-01,2.912215583337959823e-01,-3.805480118422541191e-02,-1.027643042699602216e-01,2.389597118874068130e-02,3.675120944919208488e-01,9.874360829494342739e-02,-8.362001766682010395e-02,1.747047434698247304e-01,1.387291029413385279e-01,2.575105035925342456e-01,2.990443519108703860e-02,2.082365981087499485e-01,4.472743912452210591e-01,1.021183899537899190e-02,9.399492154364397223e-02,-1.073158661424966215e-01,-1.744318752537449280e-02,-4.804204837137062561e-02,5.699244514293895503e-02,1.618892343387485014e-02,-1.983992042696206340e-02,4.724597523708544689e-01,4.203017824173351236e-01,4.529539093880456391e-01,7.140612722137985868e-02,2.417983144264401751e-01,-8.917838969627533974e-02,5.861987028705842873e-01,2.513035710997292282e-01,1.397996747013453833e-01,-6.630446457964228602e-02,1.343420755755237728e-01,1.216574687098497531e-01,7.626582086616865430e-01,2.265541746776396081e-01,1.000000000000000000e+00,3.936007416747199644e-02,6.938134407643983814e-02
2.378542052912530624e-01,3.316188865155119125e-01,3.787510108495247829e-01,-2.715995240962148505e-01,3.586677655702480427e-01,-1.703876752623140201e-01,-5.365794157726308522e-02,-4.712177974712096762e-01,5.009434550688306453e-01,4.130465512815859608e-01,1.158091381332878173e-01,3.320374570917355994e-01,4.816528419453908194e-02,3.829718176166083121e-01,4.318315479168929882e-01,4.893145560966956076e-01,-2.210216261398660620e-01,4.275783290642379275e-01,2.826084350232159204e-01,5.585279558501843322e-02,2.959767357111351901e-02,1.021487280873984299e-01,4.440673511066612345e-01,-8.100014840730637711e-02,3.238678525769194683e-01,2.768283728772447105e-01,2.799906280071929321e-01,1.272652942038084156e-01,4.595491548937624682e-01,5.743224360550662766e-01,5.001967583956791197e-01,3.313630236328231060e-01,3.645444963956749329e-01,4.341582904222617278e-01,7.310141756178843708e-02,4.212263867800521977e-01,3.936007416747199644e-02,1.000000000000000000e+00,4.882538737932451967e-01
4.342217386786139666e-01,6.955150685942520505e-01,4.858099760878090145e-01,-2.538389596541844040e-01,6.851775225060252605e-02,-9.045639203170252607e-02,4.411393259678136891e-01,-4.817106508103573548e-01,8.539843983643646830e-01,6.098766184931998513e-01,6.239284849198259986e-01,8.036273521414839527e-01,3.250485371983052874e-01,5.116140939494904227e-01,6.606143799215118406e-01,5.335503352992494452e-01,-6.913104117235805424e-01,5.941118087528711733e-01,3.287186949407724934e-01,5.896097296500639739e-01,1.746165997772592127e-01,6.128859161541315714e-01,5.006901083902225436e-01,3.548377446944733782e-01,5.609751503015308893e-01,-1.046409626049878416e-01,4.992868028043576656e-01,-4.496898645603132905e-01,5.564428455483664271e-01,6.405363572702901243e-01,6.501847392534562120e-01,4.304399626963760772e-01,4.918957668064676825e-01,7.157145912507354435e-01,1.319268528524891737e-01,2.498859745095252660e-01,6.938134407643983814e-02,4.882538737932451967e-01,1.000000000000000000e+00
