1.000000000000000000e+00,9.423430649125137393e-01,9.455185899819704698e-01,8.896596238241770704e-01,9.632599057985882229e-01,8.999668248409454785e-01,9.583401999290399598e-01,9.841360611945069170e-01,9.785410168684447463e-01,9.681886150894418730e-01,8.914656367553482896e-01,9.846837472524039292e-01,8.918648439290729479e-01,8.993574330832786456e-01,9.405401461377183026e-01,9.244689967968615640e-01,9.468093570960183225e-01,9.808431901417605792e-01,9.537729956092668715e-01,8.965815648154290551e-01,9.339760723365982953e-01,9.241163705178652155e-01,9.626550323722735669e-01,8.924196659679131116e-01,9.261848863594701609e-01,9.439995299537974338e-01,8.911712001903469016e-01,8.874655509321003333e-01,8.811728123541423541e-01,9.165377657890314556e-01,9.192743252938113674e-01,8.748558091608310550e-01,9.408376374252611640e-01,9.784856628988588545e-01,9.098386100569659796e-01,9.059716887090840665e-01,9.500959018921764088e-01,9.116333586759558516e-01,9.839338497298266706e-01
9.423430649125137393e-01,1.000000000000000000e+00,9.831267446626346107e-01,9.092712952481155630e-01,9.641677905125236592e-01,9.345743281354924603e-01,9.127286072277688289e-01,9.382384874772409233e-01,9.331469287577530691e-01,9.565182504493618953e-01,9.111515799695940609e-01,9.416727542181456689e-01,9.145569707305811757e-01,9.241646559093573687e-01,9.812607506089835452e-01,9.668295622004311474e-01,9.824562138379187015e-01,9.428123901726628286e-01,9.045954423716784376e-01,9.201916643294192344e-01,9.756337767898675128e-01,9.618334874668895695e-01,9.622025118254463605e-01,9.145067340284690482e-01,9.705815053131834347e-01,9.845710716629914039e-01,9.123471513782861475e-01,9.106038032093911605e-01,8.919113535875115018e-01,9.555523428360808147e-01,9.599639880396104719e-01,8.955065704855756925e-01,9.822822838107889698e-01,9.444563670073744532e-01,9.503795183275467462e-01,9.424216424974745099e-01,9.792832905958430700e-01,9.487616839164246807e-01,9.398220712121607701e-01
9.455185899819704698e-01,9.831267446626346107e-01,1.000000000000000000e+00,9.121931957190254625e-01,9.663051088682401701e-01,9.347334835125270525e-01,9.165982725530661401e-01,9.413469976843897857e-01,9.368988517944327743e-01,9.589750971283419467e-01,9.136177169337263981e-01,9.453867136772476920e-01,9.167582744035082110e-01,9.259710938969493155e-01,9.781013936858703461e-01,9.641537028830085010e-01,9.829788234126956015e-01,9.450199748638858921e-01,9.095120998383772193e-01,9.225411862305015198e-01,9.726799201509153114e-01,9.594730641948265859e-01,9.648627419448073672e-01,9.174760535852184429e-01,9.675855821329492068e-01,9.840931187279492454e-01,9.146144495084428394e-01,9.126051409398697745e-01,8.917456839932924595e-01,9.546007385361336972e-01,9.573744039424547658e-01,8.961878061775327975e-01,9.822991319763204610e-01,9.471674494535138322e-01,9.503241418883323632e-01,9.426702342138604251e-01,9.814386474159686458e-01,9.496314049807302871e-01,9.432875841457530885e-01
8.896596238241770704e-01,9.092712952481155630e-01,9.121931957190254625e-01,1.000000000000000000e+00,8.934952777656378631e-01,9.555845852721951417e-01,8.674917228355469856e-01,8.917463251633467314e-01,8.829473997414561959e-01,8.899110842049633430e-01,9.843542339018128695e-01,8.900474365701986912e-01,9.788756622415181186e-01,9.743333087933813141e-01,9.166861118672995357e-01,9.271391631813601375e-01,9.084040134141889711e-01,8.868801098650531678e-01,8.594759056191833002e-01,9.749043192001052294e-01,9.224582351766273947e-01,9.314188777239360562e-01,8.960025975679997146e-01,9.833724918448445429e-01,9.262755440810129803e-01,9.095262130531979183e-01,9.849406020439371856e-01,9.769819535319089754e-01,9.374540349365245717e-01,9.359622030608462095e-01,9.310745938432515301e-01,9.696420311074214204e-01,9.103673898750282989e-01,8.864259590597267646e-01,9.418414037149623885e-01,9.493709849971179171e-01,9.062591239439360402e-01,9.448608277031863567e-01,8.929138651596111309e-01
9.632599057985882229e-01,9.641677905125236592e-01,9.663051088682401701e-01,8.934952777656378631e-01,1.000000000000000000e+00,9.147390610241240561e-01,9.303825845296540553e-01,9.591731212949139440e-01,9.546669625729533593e-01,9.774337304030753515e-01,8.963254283801480593e-01,9.635286868335630750e-01,8.953357686545232452e-01,9.060002075658908360e-01,9.612287077002835689e-01,9.418277241397026156e-01,9.679345027220946918e-01,9.661976716280493704e-01,9.221813644312563119e-01,9.020976641568902998e-01,9.515186850494106174e-01,9.401096462341789195e-01,9.835279388797932842e-01,8.976876965215212500e-01,9.450614883780014130e-01,9.662276298223266835e-01,8.957463311123735616e-01,8.936637710243598987e-01,8.799955697172613389e-01,9.318003171498907555e-01,9.364280855450849428e-01,8.781120353125136946e-01,9.644388903477743025e-01,9.678762099574229616e-01,9.273132748285027871e-01,9.232575130730326096e-01,9.704447974914700570e-01,9.276098909453072139e-01,9.604823145577588983e-01
8.999668248409454785e-01,9.345743281354924603e-01,9.347334835125270525e-01,9.555845852721951417e-01,9.147390610241240561e-01,1.000000000000000000e+00,8.777318686483672749e-01,9.003719436195932735e-01,8.976004212724639775e-01,9.078340389864916204e-01,9.550860784477268606e-01,9.010313955665422148e-01,9.586912980586070887e-01,9.686160682623622398e-01,9.420128962116510740e-01,9.512938095500792501e-01,9.340289009783850904e-01,9.008170217415290004e-01,8.655945701557753447e-01,9.675769571618029197e-01,9.495329926766374884e-01,9.545169306284853050e-01,9.150995065172454757e-01,9.586621098803101981e-01,9.522786335996457074e-01,9.340143639748139659e-01,9.566626251823094895e-01,9.552822426293826608e-01,9.171909488619607309e-01,9.612537406434870091e-01,9.549529396819047555e-01,9.453934339782202878e-01,9.321520795684189453e-01,9.014894045772732234e-01,9.647819865706587228e-01,9.767187335378112456e-01,9.310852928474062651e-01,9.713260390106900344e-01,9.030734820650350159e-01
9.583401999290399598e-01,9.127286072277688289e-01,9.165982725530661401e-01,8.674917228355469856e-01,9.303825845296540553e-01,8.777318686483672749e-01,1.000000000000000000e+00,9.566491698108328112e-01,9.630496653534037499e-01,9.345265154579962541e-01,8.679815054809960628e-01,9.565395482987125719e-01,8.675806742656129167e-01,8.752818248200716633e-01,9.125288330436698292e-01,8.993318528924832966e-01,9.178050158868796826e-01,9.482852742268640389e-01,9.802891763869225894e-01,8.732165688649279334e-01,9.063859112911397675e-01,9.017839081115033295e-01,9.310892308787125371e-01,8.692586905013376386e-01,8.998914046997973371e-01,9.151256359128535633e-01,8.686939271101791205e-01,8.662300241820103386e-01,8.685146320180388013e-01,8.895584114384418317e-01,8.943547090121199972e-01,8.550853983997565022e-01,9.091370187331081487e-01,9.438055441651767019e-01,8.860194923513258214e-01,8.816116991545039916e-01,9.218979175168137141e-01,8.863557651283194838e-01,9.594136592194268953e-01
9.841360611945069170e-01,9.382384874772409233e-01,9.413469976843897857e-01,8.917463251633467314e-01,9.591731212949139440e-01,9.003719436195932735e-01,9.566491698108328112e-01,1.000000000000000000e+00,9.779892691717947395e-01,9.653366428575985703e-01,8.932271405602130177e-01,9.839250256476470557e-01,8.943229329931086102e-01,9.005456064746206746e-01,9.366707558600320116e-01,9.218581394588308831e-01,9.427231874143876533e-01,9.801463080761230184e-01,9.518053031640028028e-01,8.987707996908814723e-01,9.320965339916149617e-01,9.217177394982525307e-01,9.584943812806654417e-01,8.944586222231905026e-01,9.236457705811338403e-01,9.392540275565158803e-01,8.930403192307461158e-01,8.886448703140507055e-01,8.817987817109832482e-01,9.158922992707143607e-01,9.175910656903973894e-01,8.768326614738668479e-01,9.366545623926881836e-01,9.768500616665966030e-01,9.090908611568798703e-01,9.050404288995700375e-01,9.454994297074506004e-01,9.106851381632130593e-01,9.850200806762120509e-01
9.785410168684447463e-01,9.331469287577530691e-01,9.368988517944327743e-01,8.829473997414561959e-01,9.546669625729533593e-01,8.976004212724639775e-01,9.630496653534037499e-01,9.779892691717947395e-01,1.000000000000000000e+00,9.574585711833806245e-01,8.839846031644333912e-01,9.777665125937732293e-01,8.862196942741056294e-01,8.943723962985337117e-01,9.327566920209048318e-01,9.194443333236609339e-01,9.386003342268065541e-01,9.737690770076666835e-01,9.570778938312418660e-01,8.920850585454869197e-01,9.272237982345260532e-01,9.184526130029438962e-01,9.546627735293315986e-01,8.856366108992886899e-01,9.201877389626131887e-01,9.356796759919830953e-01,8.838235810314397645e-01,8.793196118051169741e-01,8.784712601437697499e-01,9.116698803466379841e-01,9.130962788834806609e-01,8.671366870560792695e-01,9.329387903986378072e-01,9.690643907574538751e-01,9.050741940610319558e-01,9.007561915093832416e-01,9.408891798749415836e-01,9.068032037630635589e-01,9.789568694852136543e-01
9.681886150894418730e-01,9.565182504493618953e-01,9.589750971283419467e-01,8.899110842049633430e-01,9.774337304030753515e-01,9.078340389864916204e-01,9.345265154579962541e-01,9.653366428575985703e-01,9.574585711833806245e-01,1.000000000000000000e+00,8.922466260589536624e-01,9.701227791916939847e-01,8.900261252425624159e-01,8.981728157869161011e-01,9.522097875226130936e-01,9.356100256898929324e-01,9.608068032977165052e-01,9.706403239644390002e-01,9.266824981702703745e-01,8.955946922612920691e-01,9.442750586189117001e-01,9.366009604028218138e-01,9.797614792428739339e-01,8.918691780986112150e-01,9.383982334278719861e-01,9.581801266461054123e-01,8.915300676308332006e-01,8.892746365569084155e-01,8.743336474587038998e-01,9.280478091298343113e-01,9.332623307608945984e-01,8.731621881374932448e-01,9.561583550705345935e-01,9.748575116860700440e-01,9.214327134540633013e-01,9.167764247140289813e-01,9.620334402883062852e-01,9.222283602769208999e-01,9.651694574810523175e-01
8.914656367553482896e-01,9.111515799695940609e-01,9.136177169337263981e-01,9.843542339018128695e-01,8.963254283801480593e-01,9.550860784477268606e-01,8.679815054809960628e-01,8.932271405602130177e-01,8.839846031644333912e-01,8.922466260589536624e-01,1.000000000000000000e+00,8.915196867073553744e-01,9.783679535960688733e-01,9.741797069535624853e-01,9.193599328919488389e-01,9.287409819136351885e-01,9.101009895383960213e-01,8.896705993928633038e-01,8.609769707316430321e-01,9.742383511043749555e-01,9.235647008375774680e-01,9.324111576560866199e-01,8.983660782216509322e-01,9.843325342535880207e-01,9.277118925351057754e-01,9.116897082917584383e-01,9.852829221062366916e-01,9.775059540890722598e-01,9.391467731730670510e-01,9.374317366872286783e-01,9.325665725037394216e-01,9.710402751577636993e-01,9.123182693071665295e-01,8.888575049718702159e-01,9.423912735310582267e-01,9.493425678841717064e-01,9.085457378213639412e-01,9.452370202468193261e-01,8.938279144386110930e-01
9.846837472524039292e-01,9.416727542181456689e-01,9.453867136772476920e-01,8.900474365701986912e-01,9.635286868335630750e-01,9.010313955665422148e-01,9.565395482987125719e-01,9.839250256476470557e-01,9.777665125937732293e-01,9.701227791916939847e-01,8.915196867073553744e-01,1.000000000000000000e+00,8.913011696196212474e-01,8.987681952734712931e-01,9.406120183360451303e-01,9.243602589972290673e-01,9.468921024521660401e-01,9.811897208870737908e-01,9.524391241886085435e-01,8.965554398524689939e-01,9.344077266365378165e-01,9.242019196601335418e-01,9.638208828566517949e-01,8.921525949612283402e-01,9.260319714373758115e-01,9.437692648137361306e-01,8.913265010289000978e-01,8.877590972574687100e-01,8.780467131821373394e-01,9.172777951895160209e-01,9.200261688259969706e-01,8.744229827783941422e-01,9.413079205168309871e-01,9.796751472357115853e-01,9.098872336676443462e-01,9.067786207197457982e-01,9.494951692905456708e-01,9.126341394080249581e-01,9.839380754443735055e-01
8.918648439290729479e-01,9.145569707305811757e-01,9.167582744035082110e-01,9.788756622415181186e-01,8.953357686545232452e-01,9.586912980586070887e-01,8.675806742656129167e-01,8.943229329931086102e-01,8.862196942741056294e-01,8.900261252425624159e-01,9.783679535960688733e-01,8.913011696196212474e-01,1.000000000000000000e+00,9.787479163260652815e-01,9.213551175946032012e-01,9.304373219060877442e-01,9.132785732274236734e-01,8.902348900916982055e-01,8.606120988066401356e-01,9.792087428667126670e-01,9.274312482430278060e-01,9.328483872152443235e-01,8.961522387583281679e-01,9.814088485599371525e-01,9.303179203312623713e-01,9.144716333817579645e-01,9.782518049044526265e-01,9.701673784406865675e-01,9.353243320349851064e-01,9.362633291244198963e-01,9.317719019212160614e-01,9.628532546609815945e-01,9.156551179123918471e-01,8.874679818385762253e-01,9.420271151421475420e-01,9.501416131790640929e-01,9.102462509717533790e-01,9.470902531577307659e-01,8.950345846701610597e-01
8.993574330832786456e-01,9.241646559093573687e-01,9.259710938969493155e-01,9.743333087933813141e-01,9.060002075658908360e-01,9.686160682623622398e-01,8.752818248200716633e-01,9.005456064746206746e-01,8.943723962985337117e-01,8.981728157869161011e-01,9.741797069535624853e-01,8.987681952734712931e-01,9.787479163260652815e-01,1.000000000000000000e+00,9.306421842285268475e-01,9.405681915281088878e-01,9.225445095860680400e-01,8.965144530180096938e-01,8.672004840181899432e-01,9.853385998859705008e-01,9.360788430522078984e-01,9.440656611523395858e-01,9.072282043210344593e-01,9.763289026273671567e-01,9.400540701252503295e-01,9.239448939970333896e-01,9.743950635599374355e-01,9.682267356890105203e-01,9.378941771384442516e-01,9.478139274356398580e-01,9.431897683480813255e-01,9.603905148433031780e-01,9.241202420787949512e-01,8.938924827344856272e-01,9.519346887246656896e-01,9.595498770751733630e-01,9.219058637376910115e-01,9.563212678874809525e-01,9.020741138984794683e-01
9.405401461377183026e-01,9.812607506089835452e-01,9.781013936858703461e-01,9.166861118672995357e-01,9.612287077002835689e-01,9.420128962116510740e-01,9.125288330436698292e-01,9.366707558600320116e-01,9.327566920209048318e-01,9.522097875226130936e-01,9.193599328919488389e-01,9.406120183360451303e-01,9.213551175946032012e-01,9.306421842285268475e-01,1.000000000000000000e+00,9.707478545146815962e-01,9.786049653103811030e-01,9.411679031980630938e-01,9.026438498241435848e-01,9.266330939668404598e-01,9.794022011085061763e-01,9.676815991216914936e-01,9.596874793158236550e-01,9.221396773616880038e-01,9.738473482209613064e-01,9.804658482416475085e-01,9.197339778412032540e-01,9.178603852377420491e-01,8.956334459889705446e-01,9.625333071471111612e-01,9.664395891571926356e-01,9.049572176312568050e-01,9.782592361111447365e-01,9.427805436211811330e-01,9.585976863347598353e-01,9.506538345657959965e-01,9.749104647210740104e-01,9.566306848051205902e-01,9.376827147894600811e-01
9.244689967968615640e-01,9.668295622004311474e-01,9.641537028830085010e-01,9.271391631813601375e-01,9.418277241397026156e-01,9.512938095500792501e-01,8.993318528924832966e-01,9.218581394588308831e-01,9.194443333236609339e-01,9.356100256898929324e-01,9.287409819136351885e-01,9.243602589972290673e-01,9.304373219060877442e-01,9.405681915281088878e-01,9.707478545146815962e-01,1.000000000000000000e+00,9.658995911389240963e-01,9.227829013725484808e-01,8.900564353654586425e-01,9.373387139300787263e-01,9.778787434526202693e-01,9.821935035316803342e-01,9.413972513946460285e-01,9.306958561012095288e-01,9.834685688153954608e-01,9.661062156091968500e-01,9.284145699089580983e-01,9.289265759422073998e-01,9.015953282415447578e-01,9.738551521643803444e-01,9.805168864192775890e-01,9.158234344563951357e-01,9.640533985678093609e-01,9.241949869070519297e-01,9.690195198204302196e-01,9.589735887179549056e-01,9.607808571860365632e-01,9.639088040584351536e-01,9.242046600640059228e-01
9.468093570960183225e-01,9.824562138379187015e-01,9.829788234126956015e-01,9.084040134141889711e-01,9.679345027220946918e-01,9.340289009783850904e-01,9.178050158868796826e-01,9.427231874143876533e-01,9.386003342268065541e-01,9.608068032977165052e-01,9.101009895383960213e-01,9.468921024521660401e-01,9.132785732274236734e-01,9.225445095860680400e-01,9.786049653103811030e-01,9.658995911389240963e-01,1.000000000000000000e+00,9.469341490662577243e-01,9.088866503414002596e-01,9.190356500146175112e-01,9.722236778737957108e-01,9.609189551499049964e-01,9.668138106883091831e-01,9.125061656290387457e-01,9.681065898960348193e-01,9.836916561020637717e-01,9.107422369718660704e-01,9.102232533830265648e-01,8.903679478740866848e-01,9.547419279947766402e-01,9.587527244141536009e-01,8.941728884950436163e-01,9.817763494584579309e-01,9.487222149439890062e-01,9.497159790898241916e-01,9.418264027304219521e-01,9.829193773677955548e-01,9.483471927830162684e-01,9.449168103382710182e-01
9.808431901417605792e-01,9.428123901726628286e-01,9.450199748638858921e-01,8.868801098650531678e-01,9.661976716280493704e-01,9.008170217415290004e-01,9.482852742268640389e-01,9.801463080761230184e-01,9.737690770076666835e-01,9.706403239644390002e-01,8.896705993928633038e-01,9.811897208870737908e-01,8.902348900916982055e-01,8.965144530180096938e-01,9.411679031980630938e-01,9.227829013725484808e-01,9.469341490662577243e-01,1.000000000000000000e+00,9.422312836459872942e-01,8.941538783941936908e-01,9.342199118745340147e-01,9.213387627948389502e-01,9.650303999287773715e-01,8.908443903286081822e-01,9.254724844915689363e-01,9.443189674298863023e-01,8.886928918130381216e-01,8.848967460391384821e-01,8.740532835707683912e-01,9.152556125793412933e-01,9.171288130364997349e-01,8.709609161604549010e-01,9.420050210447682426e-01,9.823531635366091752e-01,9.087944783339768628e-01,9.053353673182709116e-01,9.501343187993113171e-01,9.112730420535714027e-01,9.792348314319867519e-01
9.537729956092668715e-01,9.045954423716784376e-01,9.095120998383772193e-01,8.594759056191833002e-01,9.221813644312563119e-01,8.655945701557753447e-01,9.802891763869225894e-01,9.518053031640028028e-01,9.570778938312418660e-01,9.266824981702703745e-01,8.609769707316430321e-01,9.524391241886085435e-01,8.606120988066401356e-01,8.672004840181899432e-01,9.026438498241435848e-01,8.900564353654586425e-01,9.088866503414002596e-01,9.422312836459872942e-01,1.000000000000000000e+00,8.653923580675046967e-01,8.960984675788403742e-01,8.919597098337330721e-01,9.229105326425112166e-01,8.624724397708961598e-01,8.894399073850850490e-01,9.064320334464783802e-01,8.608283887886629682e-01,8.582249498759575435e-01,8.628915322539366661e-01,8.783703530740000209e-01,8.830330363551800454e-01,8.476749666381004911e-01,9.012764561940470598e-01,9.391283206303384645e-01,8.749764962568216120e-01,8.707722920676874701e-01,9.145914316792175258e-01,8.749706918854440740e-01,9.547185488220752969e-01
8.965815648154290551e-01,9.201916643294192344e-01,9.225411862305015198e-01,9.749043192001052294e-01,9.020976641568902998e-01,9.675769571618029197e-01,8.732165688649279334e-01,8.987707996908814723e-01,8.920850585454869197e-01,8.955946922612920691e-01,9.742383511043749555e-01,8.965554398524689939e-01,9.792087428667126670e-01,9.853385998859705008e-01,9.266330939668404598e-01,9.373387139300787263e-01,9.190356500146175112e-01,8.941538783941936908e-01,8.653923580675046967e-01,1.000000000000000000e+00,9.325764314147904077e-01,9.414724208508890024e-01,9.030322011906712909e-01,9.763771746191287626e-01,9.374853122116554305e-01,9.200298815693599419e-01,9.746061048089776913e-01,9.690707606392432449e-01,9.375868563025938629e-01,9.455230590840398852e-01,9.409284120497082293e-01,9.609819188636418152e-01,9.207050005662074099e-01,8.911746631185860634e-01,9.508580898987948338e-01,9.590265715832111404e-01,9.185920906507830663e-01,9.553370851000222430e-01,9.005762327646084087e-01
9.339760723365982953e-01,9.756337767898675128e-01,9.726799201509153114e-01,9.224582351766273947e-01,9.515186850494106174e-01,9.495329926766374884e-01,9.063859112911397675e-01,9.320965339916149617e-01,9.272237982345260532e-01,9.442750586189117001e-01,9.235647008375774680e-01,9.344077266365378165e-01,9.274312482430278060e-01,9.360788430522078984e-01,9.794022011085061763e-01,9.778787434526202693e-01,9.722236778737957108e-01,9.342199118745340147e-01,8.960984675788403742e-01,9.325764314147904077e-01,1.000000000000000000e+00,9.728103247783427276e-01,9.502714025119878283e-01,9.270310651594113605e-01,9.812352040858488555e-01,9.746768954679321251e-01,9.245424187421132922e-01,9.224108740908411042e-01,8.964769988121742417e-01,9.673126506832953053e-01,9.710402939631360697e-01,9.095714569564868901e-01,9.724774658774772984e-01,9.348173794168356254e-01,9.623560518846123735e-01,9.547189181487001353e-01,9.678151904411658180e-01,9.606709638819667108e-01,9.331731308482527076e-01
9.241163705178652155e-01,9.618334874668895695e-01,9.594730641948265859e-01,9.314188777239360562e-01,9.401096462341789195e-01,9.545169306284853050e-01,9.017839081115033295e-01,9.217177394982525307e-01,9.184526130029438962e-01,9.366009604028218138e-01,9.324111576560866199e-01,9.242019196601335418e-01,9.328483872152443235e-01,9.440656611523395858e-01,9.676815991216914936e-01,9.821935035316803342e-01,9.609189551499049964e-01,9.213387627948389502e-01,8.919597098337330721e-01,9.414724208508890024e-01,9.728103247783427276e-01,1.000000000000000000e+00,9.408290026840425702e-01,9.337851140669195527e-01,9.794684714937671455e-01,9.617054004348670748e-01,9.326102090654092569e-01,9.338723001854362105e-01,9.086335399428712156e-01,9.770455971098765957e-01,9.838295291965016842e-01,9.211843482829649155e-01,9.593479671378315476e-01,9.231462563636002594e-01,9.731225533324784349e-01,9.632320281791422190e-01,9.564473376108140190e-01,9.672449458532251798e-01,9.240168267759809595e-01
9.626550323722735669e-01,9.622025118254463605e-01,9.648627419448073672e-01,8.960025975679997146e-01,9.835279388797932842e-01,9.150995065172454757e-01,9.310892308787125371e-01,9.584943812806654417e-01,9.546627735293315986e-01,9.797614792428739339e-01,8.983660782216509322e-01,9.638208828566517949e-01,8.961522387583281679e-01,9.072282043210344593e-01,9.596874793158236550e-01,9.413972513946460285e-01,9.668138106883091831e-01,9.650303999287773715e-01,9.229105326425112166e-01,9.030322011906712909e-01,9.502714025119878283e-01,9.408290026840425702e-01,1.000000000000000000e+00,8.987341218048587876e-01,9.437427531825341998e-01,9.649084475724577503e-01,8.978670607804846160e-01,8.960468881418880427e-01,8.789774068201171575e-01,9.329578421990111226e-01,9.374562630008295150e-01,8.795034001424384407e-01,9.634632221333857549e-01,9.682676964903930150e-01,9.275573782132550127e-01,9.222109102263158498e-01,9.688679955773737973e-01,9.274298804617613357e-01,9.597384809045150789e-01
8.924196659679131116e-01,9.145067340284690482e-01,9.174760535852184429e-01,9.833724918448445429e-01,8.976876965215212500e-01,9.586621098803101981e-01,8.692586905013376386e-01,8.944586222231905026e-01,8.856366108992886899e-01,8.918691780986112150e-01,9.843325342535880207e-01,8.921525949612283402e-01,9.814088485599371525e-01,9.763289026273671567e-01,9.221396773616880038e-01,9.306958561012095288e-01,9.125061656290387457e-01,8.908443903286081822e-01,8.624724397708961598e-01,9.763771746191287626e-01,9.270310651594113605e-01,9.337851140669195527e-01,8.987341218048587876e-01,1.000000000000000000e+00,9.302831941964506690e-01,9.146558150168658807e-01,9.842741838944412125e-01,9.766061489111270699e-01,9.382461782257978111e-01,9.385443521767341535e-01,9.336541653333072510e-01,9.696445648094812464e-01,9.158993230570883215e-01,8.899640133365004369e-01,9.437844041392704497e-01,9.520844951273010892e-01,9.110559035982762621e-01,9.480906731703349077e-01,8.950107921529182331e-01
9.261848863594701609e-01,9.705815053131834347e-01,9.675855821329492068e-01,9.262755440810129803e-01,9.450614883780014130e-01,9.522786335996457074e-01,8.998914046997973371e-01,9.236457705811338403e-01,9.201877389626131887e-01,9.383982334278719861e-01,9.277118925351057754e-01,9.260319714373758115e-01,9.303179203312623713e-01,9.400540701252503295e-01,9.738473482209613064e-01,9.834685688153954608e-01,9.681065898960348193e-01,9.254724844915689363e-01,8.894399073850850490e-01,9.374853122116554305e-01,9.812352040858488555e-01,9.794684714937671455e-01,9.437427531825341998e-01,9.302831941964506690e-01,1.000000000000000000e+00,9.690130346364781433e-01,9.280755815499217576e-01,9.285763054306821473e-01,9.008008486607135268e-01,9.739738912532198700e-01,9.787390567260979557e-01,9.155526206724013960e-01,9.676230080875709572e-01,9.263254855602106597e-01,9.701952280825005825e-01,9.605275244027290382e-01,9.630938451135923062e-01,9.659761401001687453e-01,9.250334774630992740e-01
9.439995299537974338e-01,9.845710716629914039e-01,9.840931187279492454e-01,9.095262130531979183e-01,9.662276298223266835e-01,9.340143639748139659e-01,9.151256359128535633e-01,9.392540275565158803e-01,9.356796759919830953e-01,9.581801266461054123e-01,9.116897082917584383e-01,9.437692648137361306e-01,9.144716333817579645e-01,9.239448939970333896e-01,9.804658482416475085e-01,9.661062156091968500e-01,9.836916561020637717e-01,9.443189674298863023e-01,9.064320334464783802e-01,9.200298815693599419e-01,9.746768954679321251e-01,9.617054004348670748e-01,9.649084475724577503e-01,9.146558150168658807e-01,9.690130346364781433e-01,1.000000000000000000e+00,9.127027216421811362e-01,9.112211701498666994e-01,8.919598816652978268e-01,9.553270776065547754e-01,9.595511954629587503e-01,8.954150345433057323e-01,9.832736770581241847e-01,9.463101506055883183e-01,9.501756565326050508e-01,9.417964709319608385e-01,9.811015658174153664e-01,9.486243255413611131e-01,9.416155677250521716e-01
8.911712001903469016e-01,9.123471513782861475e-01,9.146144495084428394e-01,9.849406020439371856e-01,8.957463311123735616e-01,9.566626251823094895e-01,8.686939271101791205e-01,8.930403192307461158e-01,8.838235810314397645e-01,8.915300676308332006e-01,9.852829221062366916e-01,8.913265010289000978e-01,9.782518049044526265e-01,9.743950635599374355e-01,9.197339778412032540e-01,9.284145699089580983e-01,9.107422369718660704e-01,8.886928918130381216e-01,8.608283887886629682e-01,9.746061048089776913e-01,9.245424187421132922e-01,9.326102090654092569e-01,8.978670607804846160e-01,9.842741838944412125e-01,9.280755815499217576e-01,9.127027216421811362e-01,1.000000000000000000e+00,9.770266066181264586e-01,9.381429087128911881e-01,9.380753997977943071e-01,9.328655849469560390e-01,9.697960158825703614e-01,9.131899577629972731e-01,8.883548400908417575e-01,9.434115851510797013e-01,9.507647722350329733e-01,9.093875775902047209e-01,9.467664844097675170e-01,8.942110845195101465e-01
8.874655509321003333e-01,9.106038032093911605e-01,9.126051409398697745e-01,9.769819535319089754e-01,8.936637710243598987e-01,9.552822426293826608e-01,8.662300241820103386e-01,8.886448703140507055e-01,8.793196118051169741e-01,8.892746365569084155e-01,9.775059540890722598e-01,8.877590972574687100e-01,9.701673784406865675e-01,9.682267356890105203e-01,9.178603852377420491e-01,9.289265759422073998e-01,9.102232533830265648e-01,8.848967460391384821e-01,8.582249498759575435e-01,9.690707606392432449e-01,9.224108740908411042e-01,9.338723001854362105e-01,8.960468881418880427e-01,9.766061489111270699e-01,9.285763054306821473e-01,9.112211701498666994e-01,9.770266066181264586e-01,1.000000000000000000e+00,9.464411510365200453e-01,9.383551034938127922e-01,9.338400549329630707e-01,9.811158707874545470e-01,9.130171013392218704e-01,8.844620352571103128e-01,9.433156944356876350e-01,9.516552691050167434e-01,9.084496533678266816e-01,9.469760934048512269e-01,8.908324401890155286e-01
8.811728123541423541e-01,8.919113535875115018e-01,8.917456839932924595e-01,9.374540349365245717e-01,8.799955697172613389e-01,9.171909488619607309e-01,8.685146320180388013e-01,8.817987817109832482e-01,8.784712601437697499e-01,8.743336474587038998e-01,9.391467731730670510e-01,8.780467131821373394e-01,9.353243320349851064e-01,9.378941771384442516e-01,8.956334459889705446e-01,9.015953282415447578e-01,8.903679478740866848e-01,8.740532835707683912e-01,8.628915322539366661e-01,9.375868563025938629e-01,8.964769988121742417e-01,9.086335399428712156e-01,8.789774068201171575e-01,9.382461782257978111e-01,9.008008486607135268e-01,8.919598816652978268e-01,9.381429087128911881e-01,9.464411510365200453e-01,1.000000000000000000e+00,9.055114876352607922e-01,9.035513704067661411e-01,9.514763849461891354e-01,8.956912424051540755e-01,8.702194509798431010e-01,9.100945225578551678e-01,9.153962792619771971e-01,8.906389437185914248e-01,9.103068064574717511e-01,8.846526160523022764e-01
9.165377657890314556e-01,9.555523428360808147e-01,9.546007385361336972e-01,9.359622030608462095e-01,9.318003171498907555e-01,9.612537406434870091e-01,8.895584114384418317e-01,9.158922992707143607e-01,9.116698803466379841e-01,9.280478091298343113e-01,9.374317366872286783e-01,9.172777951895160209e-01,9.362633291244198963e-01,9.478139274356398580e-01,9.625333071471111612e-01,9.738551521643803444e-01,9.547419279947766402e-01,9.152556125793412933e-01,8.783703530740000209e-01,9.455230590840398852e-01,9.673126506832953053e-01,9.770455971098765957e-01,9.329578421990111226e-01,9.385443521767341535e-01,9.739738912532198700e-01,9.553270776065547754e-01,9.380753997977943071e-01,9.383551034938127922e-01,9.055114876352607922e-01,1.000000000000000000e+00,9.802847646962687955e-01,9.271895521299344800e-01,9.539204251592646733e-01,9.170112835925920969e-01,9.818423143982276668e-01,9.693623943674188892e-01,9.502049552706127722e-01,9.750414447238480165e-01,9.154620736122659475e-01
9.192743252938113674e-01,9.599639880396104719e-01,9.573744039424547658e-01,9.310745938432515301e-01,9.364280855450849428e-01,9.549529396819047555e-01,8.943547090121199972e-01,9.175910656903973894e-01,9.130962788834806609e-01,9.332623307608945984e-01,9.325665725037394216e-01,9.200261688259969706e-01,9.317719019212160614e-01,9.431897683480813255e-01,9.664395891571926356e-01,9.805168864192775890e-01,9.587527244141536009e-01,9.171288130364997349e-01,8.830330363551800454e-01,9.409284120497082293e-01,9.710402939631360697e-01,9.838295291965016842e-01,9.374562630008295150e-01,9.336541653333072510e-01,9.787390567260979557e-01,9.595511954629587503e-01,9.328655849469560390e-01,9.338400549329630707e-01,9.035513704067661411e-01,9.802847646962687955e-01,1.000000000000000000e+00,9.211874610484086512e-01,9.580932540416083887e-01,9.195211816831424523e-01,9.760754201934491725e-01,9.645609972240596353e-01,9.538009778490973423e-01,9.687340720880180944e-01,9.190804003404043909e-01
8.748558091608310550e-01,8.955065704855756925e-01,8.961878061775327975e-01,9.696420311074214204e-01,8.781120353125136946e-01,9.453934339782202878e-01,8.550853983997565022e-01,8.768326614738668479e-01,8.671366870560792695e-01,8.731621881374932448e-01,9.710402751577636993e-01,8.744229827783941422e-01,9.628532546609815945e-01,9.603905148433031780e-01,9.049572176312568050e-01,9.158234344563951357e-01,8.941728884950436163e-01,8.709609161604549010e-01,8.476749666381004911e-01,9.609819188636418152e-01,9.095714569564868901e-01,9.211843482829649155e-01,8.795034001424384407e-01,9.696445648094812464e-01,9.155526206724013960e-01,8.954150345433057323e-01,9.697960158825703614e-01,9.811158707874545470e-01,9.514763849461891354e-01,9.271895521299344800e-01,9.211874610484086512e-01,1.000000000000000000e+00,8.974404621682057215e-01,8.690047891528511759e-01,9.334750933492715896e-01,9.419453814610962983e-01,8.921460230596043317e-01,9.351614211004116717e-01,8.779870557363476102e-01
9.408376374252611640e-01,9.822822838107889698e-01,9.822991319763204610e-01,9.103673898750282989e-01,9.644388903477743025e-01,9.321520795684189453e-01,9.091370187331081487e-01,9.366545623926881836e-01,9.329387903986378072e-01,9.561583550705345935e-01,9.123182693071665295e-01,9.413079205168309871e-01,9.156551179123918471e-01,9.241202420787949512e-01,9.782592361111447365e-01,9.640533985678093609e-01,9.817763494584579309e-01,9.420050210447682426e-01,9.012764561940470598e-01,9.207050005662074099e-01,9.724774658774772984e-01,9.593479671378315476e-01,9.634632221333857549e-01,9.158993230570883215e-01,9.676230080875709572e-01,9.832736770581241847e-01,9.131899577629972731e-01,9.130171013392218704e-01,8.956912424051540755e-01,9.539204251592646733e-01,9.580932540416083887e-01,8.974404621682057215e-01,1.000000000000000000e+00,9.444771980130326483e-01,9.481793091649665106e-01,9.405248313461503917e-01,9.791070783221458296e-01,9.475800296993431848e-01,9.388568403889057112e-01
9.784856628988588545e-01,9.444563670073744532e-01,9.471674494535138322e-01,8.864259590597267646e-01,9.678762099574229616e-01,9.014894045772732234e-01,9.438055441651767019e-01,9.768500616665966030e-01,9.690643907574538751e-01,9.748575116860700440e-01,8.888575049718702159e-01,9.796751472357115853e-01,8.874679818385762253e-01,8.938924827344856272e-01,9.427805436211811330e-01,9.241949869070519297e-01,9.487222149439890062e-01,9.823531635366091752e-01,9.391283206303384645e-01,8.911746631185860634e-01,9.348173794168356254e-01,9.231462563636002594e-01,9.682676964903930150e-01,8.899640133365004369e-01,9.263254855602106597e-01,9.463101506055883183e-01,8.883548400908417575e-01,8.844620352571103128e-01,8.702194509798431010e-01,9.170112835925920969e-01,9.195211816831424523e-01,8.690047891528511759e-01,9.444771980130326483e-01,1.000000000000000000e+00,9.098212945988118916e-01,9.069907116352725618e-01,9.517602990419311570e-01,9.126063604630073600e-01,9.764036876629992312e-01
9.098386100569659796e-01,9.503795183275467462e-01,9.503241418883323632e-01,9.418414037149623885e-01,9.273132748285027871e-01,9.647819865706587228e-01,8.860194923513258214e-01,9.090908611568798703e-01,9.050741940610319558e-01,9.214327134540633013e-01,9.423912735310582267e-01,9.098872336676443462e-01,9.420271151421475420e-01,9.519346887246656896e-01,9.585976863347598353e-01,9.690195198204302196e-01,9.497159790898241916e-01,9.087944783339768628e-01,8.749764962568216120e-01,9.508580898987948338e-01,9.623560518846123735e-01,9.731225533324784349e-01,9.275573782132550127e-01,9.437844041392704497e-01,9.701952280825005825e-01,9.501756565326050508e-01,9.434115851510797013e-01,9.433156944356876350e-01,9.100945225578551678e-01,9.818423143982276668e-01,9.760754201934491725e-01,9.334750933492715896e-01,9.481793091649665106e-01,9.098212945988118916e-01,1.000000000000000000e+00,9.747839991767442980e-01,9.456979728723210465e-01,9.789039525158096389e-01,9.085767546335109524e-01
9.059716887090840665e-01,9.424216424974745099e-01,9.426702342138604251e-01,9.493709849971179171e-01,9.232575130730326096e-01,9.767187335378112456e-01,8.816116991545039916e-01,9.050404288995700375e-01,9.007561915093832416e-01,9.167764247140289813e-01,9.493425678841717064e-01,9.067786207197457982e-01,9.501416131790640929e-01,9.595498770751733630e-01,9.506538345657959965e-01,9.589735887179549056e-01,9.418264027304219521e-01,9.053353673182709116e-01,8.707722920676874701e-01,9.590265715832111404e-01,9.547189181487001353e-01,9.632320281791422190e-01,9.222109102263158498e-01,9.520844951273010892e-01,9.605275244027290382e-01,9.417964709319608385e-01,9.507647722350329733e-01,9.516552691050167434e-01,9.153962792619771971e-01,9.693623943674188892e-01,9.645609972240596353e-01,9.419453814610962983e-01,9.405248313461503917e-01,9.069907116352725618e-01,9.747839991767442980e-01,1.000000000000000000e+00,9.385769351990640441e-01,9.813668342127258581e-01,9.067008604648274517e-01
9.500959018921764088e-01,9.792832905958430700e-01,9.814386474159686458e-01,9.062591239439360402e-01,9.704447974914700570e-01,9.310852928474062651e-01,9.218979175168137141e-01,9.454994297074506004e-01,9.408891798749415836e-01,9.620334402883062852e-01,9.085457378213639412e-01,9.494951692905456708e-01,9.102462509717533790e-01,9.219058637376910115e-01,9.749104647210740104e-01,9.607808571860365632e-01,9.829193773677955548e-01,9.501343187993113171e-01,9.145914316792175258e-01,9.185920906507830663e-01,9.678151904411658180e-01,9.564473376108140190e-01,9.688679955773737973e-01,9.110559035982762621e-01,9.630938451135923062e-01,9.811015658174153664e-01,9.093875775902047209e-01,9.084496533678266816e-01,8.906389437185914248e-01,9.502049552706127722e-01,9.538009778490973423e-01,8.921460230596043317e-01,9.791070783221458296e-01,9.517602990419311570e-01,9.456979728723210465e-01,9.385769351990640441e-01,1.000000000000000000e+00,9.444476213470630599e-01,9.484032477360487823e-01
9.116333586759558516e-01,9.487616839164246807e-01,9.496314049807302871e-01,9.448608277031863567e-01,9.276098909453072139e-01,9.713260390106900344e-01,8.863557651283194838e-01,9.106851381632130593e-01,9.068032037630635589e-01,9.222283602769208999e-01,9.452370202468193261e-01,9.126341394080249581e-01,9.470902531577307659e-01,9.563212678874809525e-01,9.566306848051205902e-01,9.639088040584351536e-01,9.483471927830162684e-01,9.112730420535714027e-01,8.749706918854440740e-01,9.553370851000222430e-01,9.606709638819667108e-01,9.672449458532251798e-01,9.274298804617613357e-01,9.480906731703349077e-01,9.659761401001687453e-01,9.486243255413611131e-01,9.467664844097675170e-01,9.469760934048512269e-01,9.103068064574717511e-01,9.750414447238480165e-01,9.687340720880180944e-01,9.351614211004116717e-01,9.475800296993431848e-01,9.126063604630073600e-01,9.789039525158096389e-01,9.813668342127258581e-01,9.444476213470630599e-01,1.000000000000000000e+00,9.115015761692784046e-01
9.839338497298266706e-01,9.398220712121607701e-01,9.432875841457530885e-01,8.929138651596111309e-01,9.604823145577588983e-01,9.030734820650350159e-01,9.594136592194268953e-01,9.850200806762120509e-01,9.789568694852136543e-01,9.651694574810523175e-01,8.938279144386110930e-01,9.839380754443735055e-01,8.950345846701610597e-01,9.020741138984794683e-01,9.376827147894600811e-01,9.242046600640059228e-01,9.449168103382710182e-01,9.792348314319867519e-01,9.547185488220752969e-01,9.005762327646084087e-01,9.331731308482527076e-01,9.240168267759809595e-01,9.597384809045150789e-01,8.950107921529182331e-01,9.250334774630992740e-01,9.416155677250521716e-01,8.942110845195101465e-01,8.908324401890155286e-01,8.846526160523022764e-01,9.154620736122659475e-01,9.190804003404043909e-01,8.779870557363476102e-01,9.388568403889057112e-01,9.764036876629992312e-01,9.085767546335109524e-01,9.067008604648274517e-01,9.484032477360487823e-01,9.115015761692784046e-01,1.000000000000000000e+00
