1.000000000000000000e+00,5.933629938381369540e-01,6.511330554950718330e-01,-5.390430078490862087e-01,7.214844239740060283e-01,-5.467466417111484234e-02,-3.462417428804123731e-01,5.259126123767940593e-03,6.527135900563275639e-01,6.639094156823400761e-01,5.872677724433904567e-01,6.372065082824878157e-01,1.936279925692885873e-01,7.069731755261847717e-01,6.739230369568794954e-01,7.888144570570360115e-01,5.386782733824148073e-01,5.382424913618827356e-01,4.519975145750620982e-01,-5.425400009891705455e-01,4.219884288576731257e-01,3.765343712634268702e-01,5.092007045227538997e-01,4.127080724523893296e-01,7.407683506758314662e-01,6.871966445205692775e-01,4.019664173375283034e-01,4.682571343157636568e-01,6.759205557270745457e-01,4.540590205569993709e-01,2.672208507049577131e-01,4.210976686245850309e-01,6.028294136101953749e-01,5.406457616638127295e-01,9.239377209427469817e-02,6.198824678458368931e-01,2.131909854226035905e-01,8.292259807889570400e-01,6.018467626381962532e-01
5.933629938381369540e-01,1.000000000000000000e+00,6.140955726753055677e-01,-5.009758859570854206e-01,6.251744933893761402e-01,-2.967432405613814467e-02,-3.551355823788515109e-01,-2.043944250765592774e-01,6.800059995409560853e-01,7.505622086373341384e-01,4.322569493704548904e-01,5.690406365178715120e-01,2.702462913879945527e-01,5.776517061667233444e-01,5.846313866423362704e-01,7.597706863738918903e-01,4.016036972730464005e-01,5.138880100237369630e-01,5.540129507404611964e-01,-4.318695057741904764e-01,3.945547943566246607e-01,3.568914784256989603e-01,6.436905469818993142e-01,4.640508443288208773e-01,6.987214853297536443e-01,6.127220573554629235e-01,9.515497513417867093e-02,1.768851330214197826e-01,5.183437047125770691e-01,3.672998562596398453e-01,-1.158671637008197863e-01,6.669055927112541582e-01,5.324902938270049679e-01,5.279561042957719996e-01,-1.948389009855932552e-01,5.859188963334336364e-01,3.224835537781183814e-01,5.831781753730351792e-01,7.515203012450842879e-01
6.511330554950718330e-01,6.140955726753055677e-01,1.000000000000000000e+00,-5.319178707999532296e-01,5.905716923748163261e-01,-1.199046593175408237e-01,-4.115052186813452639e-01,-3.486774186223335348e-01,5.581108110068261352e-01,6.604687622978747674e-01,3.439098029210903573e-01,7.327552460003090573e-01,3.043609421685427030e-01,4.544829509709956139e-01,6.776917996465325889e-01,7.050414140408612917e-01,3.116533921563864884e-01,5.914074725763975859e-01,5.241137823652064487e-01,-4.896546822641167918e-01,7.149220063963657168e-01,5.999409315029925471e-01,5.885894443189236824e-01,5.089497578424510005e-01,5.564010098495245638e-01,5.633533867442636067e-01,3.211860935109540627e-01,4.862417969799014972e-01,6.595874194071431607e-01,2.798593773090151671e-01,1.237991970772959055e-01,6.281904345871268669e-01,5.903026934496435896e-01,5.886139011372999441e-01,-3.905958542682196888e-01,4.743469768169967793e-01,4.629988566222927315e-01,5.714925057163234845e-01,6.062288019498961456e-01
-5.390430078490862087e-01,-5.009758859570854206e-01,-5.319178707999532296e-01,1.000000000000000000e+00,-5.161010060096596908e-01,-6.307171345773440740e-02,6.300640455055137590e-01,3.646352267142337067e-01,-4.104831742694479146e-01,-6.190845240494310397e-01,-4.549902776965761286e-01,-6.008852920137607301e-01,-1.475692285613099952e-01,-4.706723687559046798e-01,-8.376296635334560259e-01,-6.486300870344372527e-01,-3.436566680106152294e-01,-6.036719901867265703e-01,-6.854799831914654140e-01,6.874182941480734277e-01,-2.388678634905229137e-01,-2.190671834682039743e-01,-6.133987838098539092e-01,-4.719586928574805995e-01,-5.321989948570118312e-01,-2.680227582805571607e-01,-2.841689166120628940e-01,-2.758033104648901501e-01,-6.184756539894000760e-01,-3.705744704757381047e-01,7.729732625225735343e-02,-4.604865496838756456e-01,-2.316825477836860214e-01,-5.749055835349315968e-01,1.998158150812957834e-01,-5.638008353767619552e-01,-4.132381623743254795e-01,-5.861237108135638474e-01,-3.610600481405135675e-01
7.214844239740060283e-01,6.251744933893761402e-01,5.905716923748163261e-01,-5.161010060096596908e-01,1.000000000000000000e+00,-2.092783829153029573e-01,-2.681925471435906427e-01,1.055954843307430335e-01,8.049772941339203847e-01,6.679087259927370956e-01,5.309289386851024917e-01,6.234594586938376759e-01,1.571276486252929649e-01,7.499773753324476822e-01,6.299768257479297917e-01,7.354829829043822986e-01,4.261492193092006331e-01,6.638265360928604641e-01,6.000310613255197545e-01,-5.072510102285385791e-01,3.926155642154736669e-01,3.301704852769976606e-01,4.499244956566494924e-01,2.270671480806357445e-01,6.828346763051047486e-01,7.397156201112220497e-01,1.418509228289855928e-01,4.139652828230142023e-01,4.517234280140173808e-01,5.579904630323885284e-01,1.138213970061041497e-01,3.913896235061606887e-01,6.497842608549820875e-01,6.466105290598359590e-01,5.676024697848157385e-02,6.753111410733850795e-01,2.218405079826813245e-02,7.690311041814437143e-01,6.542831284625486576e-01
-5.467466417111484234e-02,-2.967432405613814467e-02,-1.199046593175408237e-01,-6.307171345773440740e-02,-2.092783829153029573e-01,1.000000000000000000e+00,-3.762242108717554073e-02,-4.851079662791790148e-01,-3.721404259703773310e-01,-1.551236159866331288e-01,-1.019859610376088604e-01,-2.593400707873823041e-01,-1.449171043052772390e-01,-1.315339764572898973e-01,-2.945928197731608432e-03,-9.598782588873809585e-02,-1.462901769113211237e-01,-2.039592400619138213e-01,-7.185678185284107011e-02,-5.922945453483055567e-02,-3.440621519432915387e-01,-1.713446366789629360e-01,3.372985496245057280e-01,-8.853753664427257974e-02,-2.982163060725701725e-02,-1.648646909913743797e-01,4.974068162679061711e-01,-1.798838616446947480e-01,1.765557707361988249e-01,-2.305637547737010920e-02,-6.640257509089826649e-02,2.005198921631987652e-01,-4.647048893482598753e-01,-3.529422637340983715e-01,-6.755304164139711021e-02,8.054557016994985663e-03,5.141193661212546395e-01,-2.595493418111363693e-01,-3.136191418533490483e-01
-3.462417428804123731e-01,-3.551355823788515109e-01,-4.115052186813452639e-01,6.300640455055137590e-01,-2.681925471435906427e-01,-3.762242108717554073e-02,1.000000000000000000e+00,3.072536305028994441e-01,-2.080413352846883779e-01,-4.300126404878043540e-01,-3.489076556850933541e-01,-5.760637762380675930e-01,1.362330075870712143e-01,-2.743140576500391892e-01,-5.193573880141938437e-01,-4.063326123666265444e-01,-3.121780597306163529e-01,-2.807732242876825879e-01,-3.709139670730921545e-01,4.179122283810983163e-01,-9.941189416793751177e-02,-1.022480642673612855e-01,-4.709196542858691270e-01,-2.878334149369728978e-01,-3.160501608770597270e-01,-8.582095424359978408e-02,-1.929731034967633041e-01,1.036580149910328735e-02,-4.879988652339261601e-01,-1.756617620103695654e-01,2.103936841452893614e-01,-4.204248607552701911e-01,-9.029354684232231143e-02,-3.475270640940876787e-01,3.153501334539477452e-01,-3.670785176027324681e-01,-3.275070462846106367e-01,-4.191621602275655278e-01,-3.014555160519507560e-01
5.259126123767940593e-03,-2.043944250765592774e-01,-3.486774186223335348e-01,3.646352267142337067e-01,1.055954843307430335e-01,-4.851079662791790148e-01,3.072536305028994441e-01,1.000000000000000000e+00,2.605718497279223000e-01,-9.495203807128158036e-02,9.643154131200543100e-02,-1.273052941766838475e-01,-5.040503174429269290e-02,1.792620768070170290e-01,-3.125006200401851952e-01,-9.669528247306782842e-02,1.521971202381044719e-01,-3.098550037682858832e-02,-1.998826516197396153e-01,2.303252451936335377e-01,-9.621344813587971723e-03,-8.080971929380678653e-02,-4.928331962855236337e-01,-3.424517853839055270e-01,3.758826427771089912e-02,1.896099756402799263e-01,-4.037658364257010191e-01,5.627988788855892849e-02,-2.912737414430428551e-01,1.214165720857995068e-01,2.321315084433161757e-01,-5.562575526257063085e-01,3.619744143719175189e-01,1.835552729401359814e-02,4.921272020728385543e-01,-5.935462852939239059e-02,-8.233817660990289111e-01,1.257776879003261183e-01,7.758131815267914344e-02
6.527135900563275639e-01,6.800059995409560853e-01,5.581108110068261352e-01,-4.104831742694479146e-01,8.049772941339203847e-01,-3.721404259703773310e-01,-2.080413352846883779e-01,2.605718497279223000e-01,1.000000000000000000e+00,7.190576277824708429e-01,4.727126405648117702e-01,6.166424185544464587e-01,2.442048767323124758e-01,7.157275838526960809e-01,5.205463638404259630e-01,7.486810971312176655e-01,4.084872176408783084e-01,6.411316536269713318e-01,5.082051632854148737e-01,-3.687244304765734948e-01,5.269407346358429001e-01,4.425430163966073138e-01,4.006880587533483973e-01,3.026243713310174943e-01,7.437314989011818422e-01,7.965795003172644329e-01,-6.230489987804214980e-02,3.878527322321657644e-01,4.194788386235402400e-01,4.920634779705435058e-01,1.602452838652074218e-01,3.228233583483198776e-01,8.027619283611582279e-01,7.137894319501414397e-01,-1.372030574024503576e-02,5.895123319394163230e-01,-1.170330246553186460e-01,7.339208516744815114e-01,7.834292322569375022e-01
6.639094156823400761e-01,7.505622086373341384e-01,6.604687622978747674e-01,-6.190845240494310397e-01,6.679087259927370956e-01,-1.551236159866331288e-01,-4.300126404878043540e-01,-9.495203807128158036e-02,7.190576277824708429e-01,1.000000000000000000e+00,4.560707043811086936e-01,6.983189647538000644e-01,2.219282885250356829e-01,6.207371200218534391e-01,7.163770415762859001e-01,8.842850778592334926e-01,4.060353849220131872e-01,6.284131227877347570e-01,6.043505336299366260e-01,-5.567500337249012832e-01,4.979600164497202663e-01,4.697738149043373945e-01,5.831857570067978669e-01,4.597162673958242185e-01,7.365626651119416834e-01,5.878943352346626128e-01,1.052362060231968183e-01,3.886772465088674244e-01,5.566411327313234292e-01,4.030439053589731091e-01,-1.355961646353905266e-02,4.540866512864993321e-01,6.418804895995602333e-01,7.017834369919386805e-01,-1.386637754811139711e-01,6.327357252110518138e-01,2.428633812534059522e-01,7.316546024307285512e-01,7.067407947670779622e-01
5.872677724433904567e-01,4.322569493704548904e-01,3.439098029210903573e-01,-4.549902776965761286e-01,5.309289386851024917e-01,-1.019859610376088604e-01,-3.489076556850933541e-01,9.643154131200543100e-02,4.727126405648117702e-01,4.560707043811086936e-01,1.000000000000000000e+00,5.257533382246347697e-01,1.973854568100430751e-01,6.141029093783806347e-01,5.694003996029373127e-01,5.643334388216323383e-01,6.853137515352732967e-01,3.801423939895097193e-01,3.149402421555945186e-01,-4.811515052686038962e-01,2.779480458863430870e-01,1.401361223764056585e-01,2.888052600450052854e-01,1.198358565084052807e-01,5.174998332273191837e-01,4.248611784503099065e-01,1.097646532189194973e-01,2.412615058589926975e-01,5.746780441297737463e-01,5.271140616444538463e-01,2.126126943431413396e-01,2.753237348108556470e-01,5.211246075970014102e-01,3.686990945119448804e-01,1.890989896330014797e-01,6.187242629586583442e-01,3.740514542772478690e-02,6.751743087918323782e-01,4.503502274597568911e-01
6.372065082824878157e-01,5.690406365178715120e-01,7.327552460003090573e-01,-6.008852920137607301e-01,6.234594586938376759e-01,-2.593400707873823041e-01,-5.760637762380675930e-01,-1.273052941766838475e-01,6.166424185544464587e-01,6.983189647538000644e-01,5.257533382246347697e-01,1.000000000000000000e+00,2.621472878597894685e-01,6.197426150022449232e-01,7.336800643903950148e-01,7.399358395563904178e-01,4.178218724161051334e-01,5.401388353337466253e-01,4.968868954348442113e-01,-5.541575211110320032e-01,4.798774982527093114e-01,3.836714276127834999e-01,5.260455072499591322e-01,4.148813623268542972e-01,5.841767518130324133e-01,4.649648443200773418e-01,1.592698637452827637e-01,4.348467551501314365e-01,5.801252286939808656e-01,3.985435694737204382e-01,4.935487257570320835e-02,4.392871863052703607e-01,5.701341950853280327e-01,6.686529274096726372e-01,-2.134319981443912329e-01,6.439223725132602327e-01,1.962654870742539248e-01,7.201915935084129972e-01,6.912510830101421533e-01
1.936279925692885873e-01,2.702462913879945527e-01,3.043609421685427030e-01,-1.475692285613099952e-01,1.571276486252929649e-01,-1.449171043052772390e-01,1.362330075870712143e-01,-5.040503174429269290e-02,2.442048767323124758e-01,2.219282885250356829e-01,1.973854568100430751e-01,2.621472878597894685e-01,1.000000000000000000e+00,1.783494259331192267e-01,2.350729301297254104e-01,2.349721528494143619e-01,3.603824821667296618e-02,2.452384247346218460e-01,2.288425220891905920e-01,-1.160639118055474678e-01,3.380877155227288711e-01,3.350970719679080556e-01,2.039356436246257120e-01,2.649025104228994176e-01,2.059835188742537293e-01,2.514645105510177614e-01,4.465036191686540951e-02,3.693179714224411603e-01,1.876065145593566186e-01,3.422981539270446988e-02,1.667478988667894513e-01,1.861090282472410151e-01,3.112522748585898058e-01,2.064295584670949590e-01,-1.400432536753529467e-01,1.530154358401258630e-01,8.438552752597745787e-02,1.363892076267809728e-01,2.038237192236183881e-01
7.069731755261847717e-01,5.776517061667233444e-01,4.544829509709956139e-01,-4.706723687559046798e-01,7.499773753324476822e-01,-1.315339764572898973e-01,-2.743140576500391892e-01,1.792620768070170290e-01,7.157275838526960809e-01,6.207371200218534391e-01,6.141029093783806347e-01,6.197426150022449232e-01,1.783494259331192267e-01,1.000000000000000000e+00,5.698598966757693063e-01,7.417137526881548704e-01,4.449729739894953684e-01,4.912745514914010903e-01,3.971423203081120845e-01,-4.740335378397669830e-01,2.172742755956558192e-01,3.091044161947469893e-01,4.796321877851018045e-01,3.277350976930982207e-01,7.535515636682670326e-01,6.595111240241550155e-01,1.522997571740053457e-01,4.592293857298313520e-01,4.969411165198389102e-01,6.628122864866045072e-01,2.397638798472471744e-01,2.669717575758133732e-01,5.981167458768826828e-01,4.854076070268331100e-01,1.537240850257333147e-01,6.678808379736770329e-01,-2.838512037996728313e-02,7.546922042044096335e-01,6.157278457243192671e-01
6.739230369568794954e-01,5.846313866423362704e-01,6.776917996465325889e-01,-8.376296635334560259e-01,6.299768257479297917e-01,-2.945928197731608432e-03,-5.193573880141938437e-01,-3.125006200401851952e-01,5.205463638404259630e-01,7.163770415762859001e-01,5.694003996029373127e-01,7.336800643903950148e-01,2.350729301297254104e-01,5.698598966757693063e-01,1.000000000000000000e+00,7.744242560491718663e-01,3.800186895926616626e-01,7.380237444351782639e-01,7.510381203423727170e-01,-8.151831043637525198e-01,4.212961006494089222e-01,2.918362706364022729e-01,6.119802168786553365e-01,4.496519507370938529e-01,6.015519509447008195e-01,4.205495844033328434e-01,3.390157646302842109e-01,4.608280815754610127e-01,7.275735268550824753e-01,4.113403929770999001e-01,6.248380937088275633e-02,4.807114902192381467e-01,4.407561391061928791e-01,7.197806182613366577e-01,-1.852372560690294379e-01,6.700784899027273367e-01,4.139628766687015737e-01,6.814683989572344336e-01,4.665928668130289725e-01
7.888144570570360115e-01,7.597706863738918903e-01,7.050414140408612917e-01,-6.486300870344372527e-01,7.354829829043822986e-01,-9.598782588873809585e-02,-4.063326123666265444e-01,-9.669528247306782842e-02,7.486810971312176655e-01,8.842850778592334926e-01,5.643334388216323383e-01,7.399358395563904178e-01,2.349721528494143619e-01,7.417137526881548704e-01,7.744242560491718663e-01,1.000000000000000000e+00,4.791614616148425210e-01,6.600608775488892022e-01,6.072591179784398996e-01,-6.234817249184698706e-01,4.798747115278116926e-01,4.281834342357950796e-01,6.273064222997380979e-01,4.871451057465281398e-01,8.184053413488058260e-01,6.557085043057823137e-01,2.204692843313420525e-01,4.563232808671783269e-01,6.734219246066771580e-01,5.132344433646632842e-01,7.994553123518734206e-02,4.955993113389667304e-01,6.695261565194887687e-01,6.797987977180947050e-01,-7.166349723223472412e-02,7.045957462324918819e-01,2.651948307273984673e-01,7.954169615842584529e-01,7.121271811704028565e-01
5.386782733824148073e-01,4.016036972730464005e-01,3.116533921563864884e-01,-3.436566680106152294e-01,4.261492193092006331e-01,-1.462901769113211237e-01,-3.121780597306163529e-01,1.521971202381044719e-01,4.084872176408783084e-01,4.060353849220131872e-01,6.853137515352732967e-01,4.178218724161051334e-01,3.603824821667296618e-02,4.449729739894953684e-01,3.800186895926616626e-01,4.791614616148425210e-01,1.000000000000000000e+00,1.993715745617010149e-01,1.799840233586061100e-01,-3.105168019813834279e-01,2.706694151278049576e-01,1.066218459619235198e-01,1.152653365508263805e-01,2.056577056560166816e-01,4.662029958138732000e-01,4.038046756100836521e-01,8.724322737036144249e-02,1.031363443038464667e-01,5.220738053527884670e-01,3.551324576311358228e-01,1.285410113976274103e-02,2.817306543863201673e-01,4.884572082121852454e-01,2.244586008611883510e-01,6.658107639135156519e-02,4.689595264359605054e-01,-1.312373257336930076e-02,6.272175620612226998e-01,4.569673174986880193e-01
5.382424913618827356e-01,5.138880100237369630e-01,5.914074725763975859e-01,-6.036719901867265703e-01,6.638265360928604641e-01,-2.039592400619138213e-01,-2.807732242876825879e-01,-3.098550037682858832e-02,6.411316536269713318e-01,6.284131227877347570e-01,3.801423939895097193e-01,5.401388353337466253e-01,2.452384247346218460e-01,4.912745514914010903e-01,7.380237444351782639e-01,6.600608775488892022e-01,1.993715745617010149e-01,1.000000000000000000e+00,8.475691979599452308e-01,-6.919191722556121693e-01,4.730697426604033029e-01,3.381345949488610558e-01,3.725937865009279482e-01,3.302119948562833307e-01,5.275166966401663160e-01,5.374874309546738838e-01,1.918461168697535579e-01,4.701001672439421020e-01,5.183967934459171589e-01,3.113344022436497216e-01,1.214075971624332673e-01,3.337989971576501014e-01,5.521379028727944061e-01,7.967497576094197953e-01,-2.070700427674184163e-01,4.630993026155724168e-01,1.466507137893681423e-01,4.990611586786101728e-01,3.980340754561890737e-01
4.519975145750620982e-01,5.540129507404611964e-01,5.241137823652064487e-01,-6.854799831914654140e-01,6.000310613255197545e-01,-7.185678185284107011e-02,-3.709139670730921545e-01,-1.998826516197396153e-01,5.082051632854148737e-01,6.043505336299366260e-01,3.149402421555945186e-01,4.968868954348442113e-01,2.288425220891905920e-01,3.971423203081120845e-01,7.510381203423727170e-01,6.072591179784398996e-01,1.799840233586061100e-01,8.475691979599452308e-01,1.000000000000000000e+00,-7.150152029417804478e-01,2.994469267877166163e-01,1.508348328193252208e-01,4.369384861832978917e-01,3.061298358841918477e-01,4.211285869685304495e-01,3.432535105123180053e-01,1.969703682724346927e-01,2.497321628765237500e-01,4.842492453999713287e-01,2.432861587489854871e-01,-1.385637712150447343e-01,4.565375764419200566e-01,3.573625762546226436e-01,6.851458349104445622e-01,-2.824006396683692577e-01,4.706348532136995777e-01,2.494361224945943478e-01,4.409606263178914576e-01,3.180724738537620278e-01
-5.425400009891705455e-01,-4.318695057741904764e-01,-4.896546822641167918e-01,6.874182941480734277e-01,-5.072510102285385791e-01,-5.922945453483055567e-02,4.179122283810983163e-01,2.303252451936335377e-01,-3.687244304765734948e-01,-5.567500337249012832e-01,-4.811515052686038962e-01,-5.541575211110320032e-01,-1.160639118055474678e-01,-4.740335378397669830e-01,-8.151831043637525198e-01,-6.234817249184698706e-01,-3.105168019813834279e-01,-6.919191722556121693e-01,-7.150152029417804478e-01,1.000000000000000000e+00,-2.237661949679252693e-01,-9.946193382875243016e-02,-4.907973465329636409e-01,-3.213219652485843625e-01,-4.594184048916393204e-01,-2.708387899740152260e-01,-2.878047331847060630e-01,-3.555161191158263123e-01,-6.608264329941307968e-01,-4.057747829179023658e-01,3.527696984880037637e-03,-3.856024559760484194e-01,-2.922292428557621280e-01,-5.738469744000369577e-01,1.127098861619735132e-01,-5.865933966113706655e-01,-3.071223320245997646e-01,-5.141147038559996663e-01,-2.566304072013958493e-01
4.219884288576731257e-01,3.945547943566246607e-01,7.149220063963657168e-01,-2.388678634905229137e-01,3.926155642154736669e-01,-3.440621519432915387e-01,-9.941189416793751177e-02,-9.621344813587971723e-03,5.269407346358429001e-01,4.979600164497202663e-01,2.779480458863430870e-01,4.798774982527093114e-01,3.380877155227288711e-01,2.172742755956558192e-01,4.212961006494089222e-01,4.798747115278116926e-01,2.706694151278049576e-01,4.730697426604033029e-01,2.994469267877166163e-01,-2.237661949679252693e-01,1.000000000000000000e+00,6.041992440343589843e-01,2.041097246901373563e-01,2.468250378915402277e-01,3.396801290510595983e-01,5.183267053828957138e-01,-4.045261580764754621e-04,3.943216073597695104e-01,3.886869954346928724e-01,1.369989656343170159e-01,2.011740346555520587e-01,3.068351748693698422e-01,6.993607082664452523e-01,5.449097839146126443e-01,-2.441876412932944274e-01,2.496366622345263520e-01,1.342440164565337768e-01,4.059289072917345309e-01,5.329751226101212547e-01
3.765343712634268702e-01,3.568914784256989603e-01,5.999409315029925471e-01,-2.190671834682039743e-01,3.301704852769976606e-01,-1.713446366789629360e-01,-1.022480642673612855e-01,-8.080971929380678653e-02,4.425430163966073138e-01,4.697738149043373945e-01,1.401361223764056585e-01,3.836714276127834999e-01,3.350970719679080556e-01,3.091044161947469893e-01,2.918362706364022729e-01,4.281834342357950796e-01,1.066218459619235198e-01,3.381345949488610558e-01,1.508348328193252208e-01,-9.946193382875243016e-02,6.041992440343589843e-01,1.000000000000000000e+00,3.707863673931250936e-01,4.350582621239491576e-01,4.271469399404047573e-01,5.125151587754824822e-01,2.403480037037469819e-01,5.765955339378917577e-01,3.474420611674794435e-01,1.709950899817202219e-01,3.863691124534219812e-01,2.130861467667835296e-01,5.494225233651067741e-01,4.248611523799977752e-01,-1.625464189742942545e-01,1.664345994512793914e-01,2.354429640551354286e-01,3.318515252429904416e-01,4.022438460701743823e-01
5.092007045227538997e-01,6.436905469818993142e-01,5.885894443189236824e-01,-6.133987838098539092e-01,4.499244956566494924e-01,3.372985496245057280e-01,-4.709196542858691270e-01,-4.928331962855236337e-01,4.006880587533483973e-01,5.831857570067978669e-01,2.888052600450052854e-01,5.260455072499591322e-01,2.039356436246257120e-01,4.796321877851018045e-01,6.119802168786553365e-01,6.273064222997380979e-01,1.152653365508263805e-01,3.725937865009279482e-01,4.369384861832978917e-01,-4.907973465329636409e-01,2.041097246901373563e-01,3.707863673931250936e-01,1.000000000000000000e+00,4.556030702175268843e-01,6.088928410941431002e-01,3.913396933380332010e-01,3.900216471482062519e-01,2.876026468484429444e-01,6.103713917532159750e-01,3.680493791805518056e-01,3.084182793824206265e-02,6.697535625130404124e-01,2.207834155025314715e-01,3.745767050062616677e-01,-2.650561357625788039e-01,5.587193738214114580e-01,5.975389690675575460e-01,4.349668035831024127e-01,4.595817465300862659e-01
4.127080724523893296e-01,4.640508443288208773e-01,5.089497578424510005e-01,-4.719586928574805995e-01,2.270671480806357445e-01,-8.853753664427257974e-02,-2.878334149369728978e-01,-3.424517853839055270e-01,3.026243713310174943e-01,4.597162673958242185e-01,1.198358565084052807e-01,4.148813623268542972e-01,2.649025104228994176e-01,3.277350976930982207e-01,4.496519507370938529e-01,4.871451057465281398e-01,2.056577056560166816e-01,3.302119948562833307e-01,3.061298358841918477e-01,-3.213219652485843625e-01,2.468250378915402277e-01,4.350582621239491576e-01,4.556030702175268843e-01,1.000000000000000000e+00,5.480438383812346048e-01,3.083727603323749289e-01,3.178029354632065373e-01,3.943812563597487442e-01,4.786038590318853481e-01,2.934793892363261186e-02,8.590605235283023389e-02,4.312242823296030259e-01,2.406256863228591891e-01,3.622335226347227488e-01,-2.846723407788809279e-01,1.800762531852481696e-01,4.636629422258197741e-01,3.652897722142889880e-01,3.473688022458822910e-01
7.407683506758314662e-01,6.987214853297536443e-01,5.564010098495245638e-01,-5.321989948570118312e-01,6.828346763051047486e-01,-2.982163060725701725e-02,-3.160501608770597270e-01,3.758826427771089912e-02,7.437314989011818422e-01,7.365626651119416834e-01,5.174998332273191837e-01,5.841767518130324133e-01,2.059835188742537293e-01,7.535515636682670326e-01,6.015519509447008195e-01,8.184053413488058260e-01,4.662029958138732000e-01,5.275166966401663160e-01,4.211285869685304495e-01,-4.594184048916393204e-01,3.396801290510595983e-01,4.271469399404047573e-01,6.088928410941431002e-01,5.480438383812346048e-01,1.000000000000000000e+00,7.571654628386405017e-01,2.732842426055957508e-01,4.652563850990086292e-01,6.321675273423672525e-01,5.210690617329821750e-01,2.255454663958661454e-01,3.663042241431558321e-01,6.245837605712092344e-01,5.353024393622131116e-01,1.155086766501575192e-02,6.581209204002417268e-01,1.853697744398327130e-01,7.348882357603808702e-01,6.647387632775952904e-01
6.871966445205692775e-01,6.127220573554629235e-01,5.633533867442636067e-01,-2.680227582805571607e-01,7.397156201112220497e-01,-1.648646909913743797e-01,-8.582095424359978408e-02,1.896099756402799263e-01,7.965795003172644329e-01,5.878943352346626128e-01,4.248611784503099065e-01,4.649648443200773418e-01,2.514645105510177614e-01,6.595111240241550155e-01,4.205495844033328434e-01,6.557085043057823137e-01,4.038046756100836521e-01,5.374874309546738838e-01,3.432535105123180053e-01,-2.708387899740152260e-01,5.183267053828957138e-01,5.125151587754824822e-01,3.913396933380332010e-01,3.083727603323749289e-01,7.571654628386405017e-01,1.000000000000000000e+00,2.411354183498958248e-01,4.605803188652455860e-01,4.666550179747641636e-01,4.394993799442355464e-01,3.409519954987226820e-01,2.923283595126680567e-01,7.215817373266961710e-01,5.316279725204486883e-01,-4.163489826373738462e-04,4.871285914271875628e-01,-3.850058114611888509e-03,6.324748060295289909e-01,6.513085202887451963e-01
4.019664173375283034e-01,9.515497513417867093e-02,3.211860935109540627e-01,-2.841689166120628940e-01,1.418509228289855928e-01,4.974068162679061711e-01,-1.929731034967633041e-01,-4.037658364257010191e-01,-6.230489987804214980e-02,1.052362060231968183e-01,1.097646532189194973e-01,1.592698637452827637e-01,4.465036191686540951e-02,1.522997571740053457e-01,3.390157646302842109e-01,2.204692843313420525e-01,8.724322737036144249e-02,1.918461168697535579e-01,1.969703682724346927e-01,-2.878047331847060630e-01,-4.045261580764754621e-04,2.403480037037469819e-01,3.900216471482062519e-01,3.178029354632065373e-01,2.732842426055957508e-01,2.411354183498958248e-01,1.000000000000000000e+00,3.404817505424296842e-01,4.684087380201715223e-01,4.975972462312201056e-02,3.378578893857113741e-01,2.536121671241759468e-01,-7.540583085350507919e-02,8.697695345335153261e-02,-7.973319199925872625e-02,9.657562790404328190e-02,5.667838097684114729e-01,1.181350853748290436e-01,-1.348412459412033637e-01
4.682571343157636568e-01,1.768851330214197826e-01,4.862417969799014972e-01,-2.758033104648901501e-01,4.139652828230142023e-01,-1.798838616446947480e-01,1.036580149910328735e-02,5.627988788855892849e-02,3.878527322321657644e-01,3.886772465088674244e-01,2.412615058589926975e-01,4.348467551501314365e-01,3.693179714224411603e-01,4.592293857298313520e-01,4.608280815754610127e-01,4.563232808671783269e-01,1.031363443038464667e-01,4.701001672439421020e-01,2.497321628765237500e-01,-3.555161191158263123e-01,3.943216073597695104e-01,5.765955339378917577e-01,2.876026468484429444e-01,3.943812563597487442e-01,4.652563850990086292e-01,4.605803188652455860e-01,3.404817505424296842e-01,1.000000000000000000e+00,4.074585143053012226e-01,3.457394833060775108e-01,6.171069479038361338e-01,-3.156771695090328234e-02,4.838145081704772199e-01,5.065752479960191623e-01,3.847691316874812806e-02,3.050638231122106414e-01,1.001779972926667150e-01,4.180174965049611724e-01,2.252999140445761106e-01
6.759205557270745457e-01,5.183437047125770691e-01,6.595874194071431607e-01,-6.184756539894000760e-01,4.517234280140173808e-01,1.765557707361988249e-01,-4.879988652339261601e-01,-2.912737414430428551e-01,4.194788386235402400e-01,5.566411327313234292e-01,5.746780441297737463e-01,5.801252286939808656e-01,1.876065145593566186e-01,4.969411165198389102e-01,7.275735268550824753e-01,6.734219246066771580e-01,5.220738053527884670e-01,5.183967934459171589e-01,4.842492453999713287e-01,-6.608264329941307968e-01,3.886869954346928724e-01,3.474420611674794435e-01,6.103713917532159750e-01,4.786038590318853481e-01,6.321675273423672525e-01,4.666550179747641636e-01,4.684087380201715223e-01,4.074585143053012226e-01,1.000000000000000000e+00,3.880262331099127437e-01,1.894965850113915773e-01,5.396802898390713477e-01,4.527828203129375950e-01,4.518566020487206902e-01,-2.260336997186084551e-01,5.378904155250044949e-01,4.766750377825684781e-01,5.860456665988645897e-01,4.076011266222916429e-01
4.540590205569993709e-01,3.672998562596398453e-01,2.798593773090151671e-01,-3.705744704757381047e-01,5.579904630323885284e-01,-2.305637547737010920e-02,-1.756617620103695654e-01,1.214165720857995068e-01,4.920634779705435058e-01,4.030439053589731091e-01,5.271140616444538463e-01,3.985435694737204382e-01,3.422981539270446988e-02,6.628122864866045072e-01,4.113403929770999001e-01,5.132344433646632842e-01,3.551324576311358228e-01,3.113344022436497216e-01,2.432861587489854871e-01,-4.057747829179023658e-01,1.369989656343170159e-01,1.709950899817202219e-01,3.680493791805518056e-01,2.934793892363261186e-02,5.210690617329821750e-01,4.394993799442355464e-01,4.975972462312201056e-02,3.457394833060775108e-01,3.880262331099127437e-01,1.000000000000000000e+00,1.995383714037106682e-01,1.041622028803094874e-01,3.823172605398175716e-01,2.757345741811960682e-01,2.365030707992038239e-01,7.237327345061331796e-01,-5.412982163233608784e-02,5.551848271898411902e-01,3.776300544940196513e-01
2.672208507049577131e-01,-1.158671637008197863e-01,1.237991970772959055e-01,7.729732625225735343e-02,1.138213970061041497e-01,-6.640257509089826649e-02,2.103936841452893614e-01,2.321315084433161757e-01,1.602452838652074218e-01,-1.355961646353905266e-02,2.126126943431413396e-01,4.935487257570320835e-02,1.667478988667894513e-01,2.397638798472471744e-01,6.248380937088275633e-02,7.994553123518734206e-02,1.285410113976274103e-02,1.214075971624332673e-01,-1.385637712150447343e-01,3.527696984880037637e-03,2.011740346555520587e-01,3.863691124534219812e-01,3.084182793824206265e-02,8.590605235283023389e-02,2.255454663958661454e-01,3.409519954987226820e-01,3.378578893857113741e-01,6.171069479038361338e-01,1.894965850113915773e-01,1.995383714037106682e-01,1.000000000000000000e+00,-2.494371294685756302e-01,3.046714280135945918e-01,1.453275647850036933e-01,2.976615633280830231e-01,3.116265613640415919e-02,-4.430177691242048049e-02,1.573646366424230891e-01,-1.386555018566986569e-02
4.210976686245850309e-01,6.669055927112541582e-01,6.281904345871268669e-01,-4.604865496838756456e-01,3.913896235061606887e-01,2.005198921631987652e-01,-4.204248607552701911e-01,-5.562575526257063085e-01,3.228233583483198776e-01,4.540866512864993321e-01,2.753237348108556470e-01,4.392871863052703607e-01,1.861090282472410151e-01,2.669717575758133732e-01,4.807114902192381467e-01,4.955993113389667304e-01,2.817306543863201673e-01,3.337989971576501014e-01,4.565375764419200566e-01,-3.856024559760484194e-01,3.068351748693698422e-01,2.130861467667835296e-01,6.697535625130404124e-01,4.312242823296030259e-01,3.663042241431558321e-01,2.923283595126680567e-01,2.536121671241759468e-01,-3.156771695090328234e-02,5.396802898390713477e-01,1.041622028803094874e-01,-2.494371294685756302e-01,1.000000000000000000e+00,2.248345985294959160e-01,2.783552369812028471e-01,-4.137373370769650838e-01,3.373335042307654685e-01,6.387655339043935010e-01,3.200914263055280040e-01,4.626738458023396117e-01
6.028294136101953749e-01,5.324902938270049679e-01,5.903026934496435896e-01,-2.316825477836860214e-01,6.497842608549820875e-01,-4.647048893482598753e-01,-9.029354684232231143e-02,3.619744143719175189e-01,8.027619283611582279e-01,6.418804895995602333e-01,5.211246075970014102e-01,5.701341950853280327e-01,3.112522748585898058e-01,5.981167458768826828e-01,4.407561391061928791e-01,6.695261565194887687e-01,4.884572082121852454e-01,5.521379028727944061e-01,3.573625762546226436e-01,-2.922292428557621280e-01,6.993607082664452523e-01,5.494225233651067741e-01,2.207834155025314715e-01,2.406256863228591891e-01,6.245837605712092344e-01,7.215817373266961710e-01,-7.540583085350507919e-02,4.838145081704772199e-01,4.527828203129375950e-01,3.823172605398175716e-01,3.046714280135945918e-01,2.248345985294959160e-01,1.000000000000000000e+00,6.166730542458304098e-01,4.132923772230811393e-02,4.620756719867195605e-01,-1.562370199183285013e-01,6.751528849787792330e-01,6.951499405800739551e-01
5.406457616638127295e-01,5.279561042957719996e-01,5.886139011372999441e-01,-5.749055835349315968e-01,6.466105290598359590e-01,-3.529422637340983715e-01,-3.475270640940876787e-01,1.835552729401359814e-02,7.137894319501414397e-01,7.017834369919386805e-01,3.686990945119448804e-01,6.686529274096726372e-01,2.064295584670949590e-01,4.854076070268331100e-01,7.197806182613366577e-01,6.797987977180947050e-01,2.244586008611883510e-01,7.967497576094197953e-01,6.851458349104445622e-01,-5.738469744000369577e-01,5.449097839146126443e-01,4.248611523799977752e-01,3.745767050062616677e-01,3.622335226347227488e-01,5.353024393622131116e-01,5.316279725204486883e-01,8.697695345335153261e-02,5.065752479960191623e-01,4.518566020487206902e-01,2.757345741811960682e-01,1.453275647850036933e-01,2.783552369812028471e-01,6.166730542458304098e-01,1.000000000000000000e+00,-2.200356018911181488e-01,4.668029111642948981e-01,1.014790717062458575e-01,6.057421694140372459e-01,5.746622719626984788e-01
9.239377209427469817e-02,-1.948389009855932552e-01,-3.905958542682196888e-01,1.998158150812957834e-01,5.676024697848157385e-02,-6.755304164139711021e-02,3.153501334539477452e-01,4.921272020728385543e-01,-1.372030574024503576e-02,-1.386637754811139711e-01,1.890989896330014797e-01,-2.134319981443912329e-01,-1.400432536753529467e-01,1.537240850257333147e-01,-1.852372560690294379e-01,-7.166349723223472412e-02,6.658107639135156519e-02,-2.070700427674184163e-01,-2.824006396683692577e-01,1.127098861619735132e-01,-2.441876412932944274e-01,-1.625464189742942545e-01,-2.650561357625788039e-01,-2.846723407788809279e-01,1.155086766501575192e-02,-4.163489826373738462e-04,-7.973319199925872625e-02,3.847691316874812806e-02,-2.260336997186084551e-01,2.365030707992038239e-01,2.976615633280830231e-01,-4.137373370769650838e-01,4.132923772230811393e-02,-2.200356018911181488e-01,1.000000000000000000e+00,5.204616484164982515e-02,-3.902387206340828252e-01,1.223329217502643201e-01,-9.933603979751891300e-02
6.198824678458368931e-01,5.859188963334336364e-01,4.743469768169967793e-01,-5.638008353767619552e-01,6.753111410733850795e-01,8.054557016994985663e-03,-3.670785176027324681e-01,-5.935462852939239059e-02,5.895123319394163230e-01,6.327357252110518138e-01,6.187242629586583442e-01,6.439223725132602327e-01,1.530154358401258630e-01,6.678808379736770329e-01,6.700784899027273367e-01,7.045957462324918819e-01,4.689595264359605054e-01,4.630993026155724168e-01,4.706348532136995777e-01,-5.865933966113706655e-01,2.496366622345263520e-01,1.664345994512793914e-01,5.587193738214114580e-01,1.800762531852481696e-01,6.581209204002417268e-01,4.871285914271875628e-01,9.657562790404328190e-02,3.050638231122106414e-01,5.378904155250044949e-01,7.237327345061331796e-01,3.116265613640415919e-02,3.373335042307654685e-01,4.620756719867195605e-01,4.668029111642948981e-01,5.204616484164982515e-02,1.000000000000000000e+00,1.417548541245871874e-01,7.212225606422376645e-01,5.691565616169105279e-01
2.131909854226035905e-01,3.224835537781183814e-01,4.629988566222927315e-01,-4.132381623743254795e-01,2.218405079826813245e-02,5.141193661212546395e-01,-3.275070462846106367e-01,-8.233817660990289111e-01,-1.170330246553186460e-01,2.428633812534059522e-01,3.740514542772478690e-02,1.962654870742539248e-01,8.438552752597745787e-02,-2.838512037996728313e-02,4.139628766687015737e-01,2.651948307273984673e-01,-1.312373257336930076e-02,1.466507137893681423e-01,2.494361224945943478e-01,-3.071223320245997646e-01,1.342440164565337768e-01,2.354429640551354286e-01,5.975389690675575460e-01,4.636629422258197741e-01,1.853697744398327130e-01,-3.850058114611888509e-03,5.667838097684114729e-01,1.001779972926667150e-01,4.766750377825684781e-01,-5.412982163233608784e-02,-4.430177691242048049e-02,6.387655339043935010e-01,-1.562370199183285013e-01,1.014790717062458575e-01,-3.902387206340828252e-01,1.417548541245871874e-01,1.000000000000000000e+00,2.326349314886460087e-02,5.442397318855084209e-02
8.292259807889570400e-01,5.831781753730351792e-01,5.714925057163234845e-01,-5.861237108135638474e-01,7.690311041814437143e-01,-2.595493418111363693e-01,-4.191621602275655278e-01,1.257776879003261183e-01,7.339208516744815114e-01,7.316546024307285512e-01,6.751743087918323782e-01,7.201915935084129972e-01,1.363892076267809728e-01,7.546922042044096335e-01,6.814683989572344336e-01,7.954169615842584529e-01,6.272175620612226998e-01,4.990611586786101728e-01,4.409606263178914576e-01,-5.141147038559996663e-01,4.059289072917345309e-01,3.318515252429904416e-01,4.349668035831024127e-01,3.652897722142889880e-01,7.348882357603808702e-01,6.324748060295289909e-01,1.181350853748290436e-01,4.180174965049611724e-01,5.860456665988645897e-01,5.551848271898411902e-01,1.573646366424230891e-01,3.200914263055280040e-01,6.751528849787792330e-01,6.057421694140372459e-01,1.223329217502643201e-01,7.212225606422376645e-01,2.326349314886460087e-02,1.000000000000000000e+00,7.156719854849901141e-01
6.018467626381962532e-01,7.515203012450842879e-01,6.062288019498961456e-01,-3.610600481405135675e-01,6.542831284625486576e-01,-3.136191418533490483e-01,-3.014555160519507560e-01,7.758131815267914344e-02,7.834292322569375022e-01,7.067407947670779622e-01,4.503502274597568911e-01,6.912510830101421533e-01,2.038237192236183881e-01,6.157278457243192671e-01,4.665928668130289725e-01,7.121271811704028565e-01,4.569673174986880193e-01,3.980340754561890737e-01,3.180724738537620278e-01,-2.566304072013958493e-01,5.329751226101212547e-01,4.022438460701743823e-01,4.595817465300862659e-01,3.473688022458822910e-01,6.647387632775952904e-01,6.513085202887451963e-01,-1.348412459412033637e-01,2.252999140445761106e-01,4.076011266222916429e-01,3.776300544940196513e-01,-1.386555018566986569e-02,4.626738458023396117e-01,6.951499405800739551e-01,5.746622719626984788e-01,-9.933603979751891300e-02,5.691565616169105279e-01,5.442397318855084209e-02,7.156719854849901141e-01,1.000000000000000000e+00
