1.000000000000000000e+00,7.593569220876827952e-01,5.945865371551304346e-01,-7.605854100592876694e-04,6.100254702047487321e-01,2.171961698655512363e-01,1.539052071799669186e-01,-4.682126639545078350e-01,5.105135099364510598e-01,6.579159266673042517e-01,3.130188187421917290e-01,-3.816832966744775346e-01,-1.302982469317121583e-01,5.062472778614832691e-01,2.704399082346853889e-01,6.453664235740370625e-01,3.225846885521894136e-01,-4.003612962095386141e-02,-1.355764468451107485e-01,4.003300645178791140e-01,5.146467009875408394e-01,2.813789606043570757e-01,-5.605083009122229648e-02,3.922206808697387137e-01,5.345002091737238725e-01,3.841688805148539276e-01,3.449831383456188755e-02,4.199587094096158268e-01,4.748468245430800816e-01,6.922692631676692354e-01,2.427695701252284288e-01,3.911719219128079739e-01,3.814607190131767411e-01,3.569657986376606473e-01,3.591125658464581760e-01,4.190813444634122753e-01,4.138069356331550153e-01,2.771591984518109175e-01,-6.328970682283370508e-02
7.593569220876827952e-01,1.000000000000000000e+00,4.646534737919249536e-01,2.837765071044221488e-01,4.887252196833293261e-01,3.891856370687790112e-01,2.810117504836597835e-01,-3.606120292796178295e-01,2.686038856936589503e-01,6.772809589913493244e-01,4.800478850435889178e-01,-6.464362678093396042e-01,-1.796371447955580070e-01,3.760706372208014181e-01,3.712774800408544240e-01,4.581582969864240740e-01,4.790535784788953477e-01,8.432572599068363650e-02,-3.189340006415667950e-01,5.217529211990596938e-01,5.057760847570197393e-01,2.590720472613178837e-01,-3.958779855537893355e-01,4.545713559605403797e-01,5.564657836276534209e-01,4.527496628401910250e-01,-2.056999496899789004e-01,5.380021252118935005e-01,6.493494609875646306e-01,7.727612100267561290e-01,-2.328341825074943874e-02,4.892330652260487578e-01,2.919790243306003563e-01,8.191910999476162414e-02,5.352975489902960238e-01,2.739497193141757214e-01,5.301614590182147646e-01,1.634178804766710236e-01,-2.724422122796222312e-01
5.945865371551304346e-01,4.646534737919249536e-01,1.000000000000000000e+00,5.017476870022138241e-02,8.551477079075521237e-01,3.641070816653321218e-01,4.683644096379389887e-02,-7.909752319144485178e-01,5.462081516209498222e-01,7.058410559802054118e-01,3.994180831623965755e-01,-2.105532726210080641e-01,-7.177164192133836385e-02,5.365881434432714370e-01,3.700425004780554805e-01,5.878039394753112878e-01,4.864988799624591076e-01,1.773858127996125744e-01,1.790768108664578806e-01,3.468926538683298477e-01,6.690358254256454362e-01,4.620759320773534795e-01,-3.770087133865742540e-02,4.676160585202127074e-01,7.371955923525094212e-01,5.091368099699613570e-01,1.787072618436247040e-01,4.542832980117965658e-01,4.780685617301853596e-01,4.823139087032383143e-01,1.873042225596124599e-01,4.322046014245441437e-01,6.012763819540051236e-01,5.611049083189595388e-01,4.983449018671038955e-01,4.277241951292885536e-01,5.641951672643021887e-01,5.130304070799683869e-01,2.371887273117381789e-01
-7.605854100592876694e-04,2.837765071044221488e-01,5.017476870022138241e-02,1.000000000000000000e+00,8.432831769461535121e-02,1.903699253057707097e-01,4.980162259812997427e-01,-7.420418165451718451e-02,-1.143955832046990306e-01,2.702474855718620117e-01,4.678164727207650975e-01,-4.861930491669828047e-01,-1.182029861572894414e-01,-6.339388681901550471e-02,3.169565548958219736e-01,-1.838353402927516977e-01,4.195880062661280219e-01,4.615523328015193050e-01,4.003709010398642104e-02,4.934750012851115142e-01,3.707240326594178903e-01,2.657473751617531188e-01,-5.911229425548434335e-01,2.995722035040419562e-01,1.842011877709338330e-01,2.408321033100538910e-01,-3.481532498926682706e-01,5.040688294369016775e-01,5.550492200130382470e-01,3.840621839697718753e-01,-4.329135261121487832e-01,1.650350514031315996e-01,-5.012728668406140481e-02,-2.768848940781029055e-01,4.092850138186038822e-01,-2.455988024517211932e-01,2.336148685725750462e-01,1.359580252807490730e-01,-6.715561169010147990e-02
6.100254702047487321e-01,4.887252196833293261e-01,8.551477079075521237e-01,8.432831769461535121e-02,1.000000000000000000e+00,3.123044566644452846e-01,7.637911532706528894e-02,-6.934753802506149478e-01,6.430443135214055639e-01,6.807512262604150655e-01,3.704679521307139289e-01,-1.999003417011737116e-01,-9.620278142321204984e-02,5.552193699437693031e-01,3.246297804528620046e-01,5.373064708806167822e-01,4.425517261486257570e-01,1.939284522229476893e-01,1.443298333719155724e-01,3.421848015997408510e-01,5.806306738603587148e-01,3.348171053260869945e-01,-5.024478443668732586e-02,4.611791719375634702e-01,7.060457279121887808e-01,5.674455768447373982e-01,2.212837038651141452e-01,4.858566011701503928e-01,4.981741816493531205e-01,5.307832474142556434e-01,1.511144171346428533e-01,4.837432059058682787e-01,5.818329242707045434e-01,5.883430620741156858e-01,5.185139810825771800e-01,4.590083740939482349e-01,5.819702237471119366e-01,5.963539821830743382e-01,3.580353211111887979e-01
2.171961698655512363e-01,3.891856370687790112e-01,3.641070816653321218e-01,1.903699253057707097e-01,3.123044566644452846e-01,1.000000000000000000e+00,1.756777986675854830e-01,-2.675534195784889935e-01,1.043955678176912011e-01,3.151339034280102314e-01,3.035961444131865528e-01,-2.805459799487543537e-01,-2.543279982194042721e-01,2.940860920999634476e-01,2.185077018845941466e-01,2.168053322067297617e-01,4.912462286241036091e-01,1.757179290236934865e-01,-2.941250834065639239e-02,2.594353412994138477e-02,2.685411744373357168e-01,2.185815817548442119e-01,-1.606406871343679654e-01,3.095751880202018969e-01,5.027302203099274225e-01,2.258088481607181397e-01,1.185817962225398370e-01,2.415626880912531693e-01,3.100248848364601795e-01,2.563472490482345267e-01,9.702515405395933934e-02,5.283306446521710553e-01,2.229077015367698089e-01,-3.013208278344512662e-03,3.261786198456407271e-01,3.096569114228551745e-01,4.314946246629053350e-01,7.192455217803808698e-02,-7.130324147164529558e-02
1.539052071799669186e-01,2.810117504836597835e-01,4.683644096379389887e-02,4.980162259812997427e-01,7.637911532706528894e-02,1.756777986675854830e-01,1.000000000000000000e+00,5.819846797397858207e-02,5.431677260900800303e-02,1.065216732714807657e-01,2.125952864726921368e-02,-3.651223007765626027e-01,1.109475385534909267e-04,2.601411457618308942e-01,-1.712231708638897454e-01,1.541064558106439164e-01,3.799057310551402084e-02,-1.934679044241463530e-01,-2.309066068153682247e-02,4.107824650045562714e-02,3.986076567408107507e-02,-2.133557080579836021e-02,-4.412901206763523293e-02,2.826651835332391061e-01,1.013723593240214715e-01,-2.131717298163457175e-01,-1.553042823938614037e-01,1.413005514550818784e-02,1.256455532561822352e-01,1.700439813287416835e-01,1.357465363156431792e-01,1.706558827112064913e-01,-2.330883096482230452e-02,-1.073332203449730293e-01,1.536706500839407907e-01,-2.350228319872644384e-02,9.467962592712265979e-02,-2.717479576216955683e-01,-1.985982341751341140e-01
-4.682126639545078350e-01,-3.606120292796178295e-01,-7.909752319144485178e-01,-7.420418165451718451e-02,-6.934753802506149478e-01,-2.675534195784889935e-01,5.819846797397858207e-02,1.000000000000000000e+00,-3.176090153403210437e-01,-5.325622059095614924e-01,-3.111015359782433598e-01,2.562532311248477135e-01,6.445260173744338239e-02,-3.754847721514630310e-01,-2.977259629006864805e-01,-3.530720084413409565e-01,-4.301371627959575394e-01,-1.584348395060104775e-01,-5.150454694514641774e-02,-4.278173768421971168e-01,-6.182670073020265500e-01,-3.903836235664380205e-01,9.889068341584220101e-02,-3.410691646839619229e-01,-5.494199176281567842e-01,-4.511635266063370731e-01,-6.984496091240026405e-02,-4.015387632873483881e-01,-4.159291031379317438e-01,-4.139695518531619212e-01,-3.903464132712514828e-02,-3.001251239112838198e-01,-4.468235080765241007e-01,-3.784163186463200823e-01,-3.767835384410544997e-01,-3.075335865292537219e-01,-3.785619572566297220e-01,-4.471862982848515133e-01,-1.241681009970450611e-01
5.105135099364510598e-01,2.686038856936589503e-01,5.462081516209498222e-01,-1.143955832046990306e-01,6.430443135214055639e-01,1.043955678176912011e-01,5.431677260900800303e-02,-3.176090153403210437e-01,1.000000000000000000e+00,3.948015458915163922e-01,1.507418694252128932e-01,1.947960109596780509e-01,-6.804978012207577032e-02,6.018734774494008954e-01,1.805289327206951455e-01,4.972469545816052827e-01,2.382245659454957087e-01,3.245783664422727255e-02,2.883695328692835735e-01,2.056713000058196100e-02,2.645433180463553358e-01,2.059072564668512628e-01,2.974032972564242261e-01,3.947647828849444873e-01,4.276912880580456822e-01,3.062383294241209364e-01,4.411758187916119955e-01,1.869163971454588513e-01,1.296030956449258642e-01,2.419462157033058503e-01,4.127937644269789597e-01,2.749600257825523530e-01,5.920337041929173427e-01,6.761411754666438734e-01,1.324554500395937751e-01,4.912243433379736568e-01,2.511422819739453915e-01,4.851876043474923628e-01,4.595866430112275913e-01
6.579159266673042517e-01,6.772809589913493244e-01,7.058410559802054118e-01,2.702474855718620117e-01,6.807512262604150655e-01,3.151339034280102314e-01,1.065216732714807657e-01,-5.325622059095614924e-01,3.948015458915163922e-01,1.000000000000000000e+00,5.945518497620231324e-01,-4.419262464259408607e-01,-7.878866494100079942e-02,4.742893630260982540e-01,5.021563209787357485e-01,6.136020872822219863e-01,6.043083446056202179e-01,2.805198764760516439e-01,-4.002466386854572344e-02,5.673845068076739384e-01,7.129882768083886102e-01,4.803171612234261589e-01,-2.897431844870942408e-01,4.606214065618904341e-01,7.090533073651670293e-01,5.702131311220705046e-01,-3.304308917170371059e-03,6.416429774250904661e-01,6.777856676057358865e-01,7.094094986261958447e-01,-2.946549991230810669e-02,3.699415706633522594e-01,5.169045212853038418e-01,3.311044946122143617e-01,6.295829912919813642e-01,4.061568568144784397e-01,5.529042090892366534e-01,4.365455256458084521e-01,1.051839476968171455e-01
3.130188187421917290e-01,4.800478850435889178e-01,3.994180831623965755e-01,4.678164727207650975e-01,3.704679521307139289e-01,3.035961444131865528e-01,2.125952864726921368e-02,-3.111015359782433598e-01,1.507418694252128932e-01,5.945518497620231324e-01,1.000000000000000000e+00,-5.028737820949619186e-01,-6.810716665127948023e-03,1.647994185615315188e-01,7.629582752585039040e-01,4.711202167943445013e-02,8.136687258756216679e-01,5.715491665921280662e-01,-8.697403279934942666e-02,7.066578526035584007e-01,6.562441491705505170e-01,3.035807454329101929e-01,-6.312388381112091773e-01,4.488785292274143357e-01,4.863664676687691202e-01,6.155266673747047390e-01,-2.411889436370280027e-01,7.696601773332157892e-01,7.994989890731259985e-01,6.518816634349865469e-01,-3.662240754906285201e-01,3.920801535435279317e-01,3.219588355343509511e-01,-1.491693406480407678e-02,6.663946430846600100e-01,1.444893545629595370e-03,5.931107698163541331e-01,4.240813896290488438e-01,-1.320227158284560942e-01
-3.816832966744775346e-01,-6.464362678093396042e-01,-2.105532726210080641e-01,-4.861930491669828047e-01,-1.999003417011737116e-01,-2.805459799487543537e-01,-3.651223007765626027e-01,2.562532311248477135e-01,1.947960109596780509e-01,-4.419262464259408607e-01,-5.028737820949619186e-01,1.000000000000000000e+00,9.402911928483581594e-02,-4.245487721332788511e-02,-2.813019231984397739e-01,-6.039038839501464223e-02,-4.695711790609974345e-01,-1.392711089878183595e-01,5.027355283058085877e-01,-6.257823719875359458e-01,-4.570376572736915555e-01,-4.253674896518459120e-02,6.842108434811666751e-01,-3.613303540365045974e-01,-3.926726582790024955e-01,-3.490782120615959494e-01,5.484107187337200484e-01,-5.977449448896349216e-01,-6.791105245905683097e-01,-7.061104623232128397e-01,4.585805212384126972e-01,-3.328504650337424930e-01,-3.314333580114041389e-02,3.030804739951769022e-01,-5.784029372649243106e-01,9.285655402948872483e-02,-4.242823531195774045e-01,-1.568615764494854861e-02,5.183810947477190956e-01
-1.302982469317121583e-01,-1.796371447955580070e-01,-7.177164192133836385e-02,-1.182029861572894414e-01,-9.620278142321204984e-02,-2.543279982194042721e-01,1.109475385534909267e-04,6.445260173744338239e-02,-6.804978012207577032e-02,-7.878866494100079942e-02,-6.810716665127948023e-03,9.402911928483581594e-02,1.000000000000000000e+00,8.769493940540973309e-02,2.103706719136364325e-02,-1.850866901075486071e-01,-1.724906488975084806e-01,-1.600941106010219661e-01,-1.956406843764217640e-02,1.220587561738275401e-01,-1.218743091303350068e-01,-5.904513092738539193e-02,6.278481073798074241e-02,1.160554787889171990e-01,-5.162187580420399269e-02,-2.807712716308138345e-01,-2.289448975007037645e-01,-4.588593498154526495e-02,-8.413089401396799810e-03,-1.103282097294691483e-01,-4.495446139107753952e-02,-3.354583819038079451e-01,1.141289472736676247e-01,3.890608356367810522e-02,5.672689990755987177e-02,-1.213554779640813736e-02,1.794487657608450845e-02,-2.756247356640376678e-01,-1.292631661825786593e-01
5.062472778614832691e-01,3.760706372208014181e-01,5.365881434432714370e-01,-6.339388681901550471e-02,5.552193699437693031e-01,2.940860920999634476e-01,2.601411457618308942e-01,-3.754847721514630310e-01,6.018734774494008954e-01,4.742893630260982540e-01,1.647994185615315188e-01,-4.245487721332788511e-02,8.769493940540973309e-02,1.000000000000000000e+00,6.943794693820269648e-02,5.754985529982213910e-01,2.792209600739613551e-01,-2.728046252326666865e-01,-6.476457099012809804e-02,1.008379115066591336e-01,3.176227352516471369e-01,2.453860864744335790e-01,3.401197177703378371e-01,6.192522212325800579e-01,5.463432582580980412e-01,4.875874070942598504e-02,3.376367771260360695e-01,1.044178492419742393e-01,1.337606037409495852e-01,2.584534094383088010e-01,4.670193380857950993e-01,3.061968623064233452e-01,6.633097556368500181e-01,5.192702357920171430e-01,2.689217558170601818e-01,7.067129866461923093e-01,3.218782255020901095e-01,6.420255873862525109e-02,1.266078550421372573e-01
2.704399082346853889e-01,3.712774800408544240e-01,3.700425004780554805e-01,3.169565548958219736e-01,3.246297804528620046e-01,2.185077018845941466e-01,-1.712231708638897454e-01,-2.977259629006864805e-01,1.805289327206951455e-01,5.021563209787357485e-01,7.629582752585039040e-01,-2.813019231984397739e-01,2.103706719136364325e-02,6.943794693820269648e-02,1.000000000000000000e+00,3.578944743477080470e-02,6.829434072788159726e-01,6.051075598729511729e-01,5.658352585570353838e-02,6.296441759974967800e-01,5.790567405287965208e-01,3.523582439096147323e-01,-5.148464206057528081e-01,3.162698708677246229e-01,3.628119605630265587e-01,6.231729219108955720e-01,-1.957704999010322355e-01,6.743257244126009686e-01,6.832685006755058188e-01,5.281751496239557309e-01,-3.330647516837713651e-01,2.941430043010391238e-01,3.551239365698858896e-01,1.491433892910634940e-01,5.298280489269039384e-01,-6.808522947727583055e-03,5.048043902657456394e-01,5.198440528534710170e-01,-4.899447771164856802e-02
6.453664235740370625e-01,4.581582969864240740e-01,5.878039394753112878e-01,-1.838353402927516977e-01,5.373064708806167822e-01,2.168053322067297617e-01,1.541064558106439164e-01,-3.530720084413409565e-01,4.972469545816052827e-01,6.136020872822219863e-01,4.711202167943445013e-02,-6.039038839501464223e-02,-1.850866901075486071e-01,5.754985529982213910e-01,3.578944743477080470e-02,1.000000000000000000e+00,1.447684608327904909e-01,-2.093156053970978148e-01,-5.025377826911102234e-03,2.100395990164173263e-02,3.729259358233046884e-01,3.291203687492840757e-01,2.977041729010027060e-01,2.418022670306536892e-01,4.831102221378822947e-01,2.121988168382665241e-01,3.131228595251125957e-01,8.145235978799425514e-02,1.016124495548212520e-01,3.216239388865766435e-01,4.617487486880882952e-01,2.146657015606202867e-01,4.945869687961982342e-01,5.066359053647228050e-01,1.790186205748443005e-01,5.393674519135159828e-01,2.160658121528051256e-01,2.037225661262552501e-01,1.459674329399618109e-01
3.225846885521894136e-01,4.790535784788953477e-01,4.864988799624591076e-01,4.195880062661280219e-01,4.425517261486257570e-01,4.912462286241036091e-01,3.799057310551402084e-02,-4.301371627959575394e-01,2.382245659454957087e-01,6.043083446056202179e-01,8.136687258756216679e-01,-4.695711790609974345e-01,-1.724906488975084806e-01,2.792209600739613551e-01,6.829434072788159726e-01,1.447684608327904909e-01,1.000000000000000000e+00,5.187059495714052559e-01,-8.119846879177411436e-02,5.826150056584860071e-01,6.548799076715852152e-01,3.994778859934141613e-01,-4.834191035875518572e-01,4.772015460525738106e-01,5.960474286440001768e-01,6.476790684659347042e-01,-3.075977407755534423e-02,7.243469496475730685e-01,7.212404569154473588e-01,5.690146962911420969e-01,-2.330740643456541694e-01,4.988784336916455842e-01,4.464329651851497438e-01,5.547938292744897248e-02,6.352131481417235825e-01,1.836458762259604860e-01,5.906285155908533868e-01,4.936600553355808829e-01,-1.936985032140954577e-02
-4.003612962095386141e-02,8.432572599068363650e-02,1.773858127996125744e-01,4.615523328015193050e-01,1.939284522229476893e-01,1.757179290236934865e-01,-1.934679044241463530e-01,-1.584348395060104775e-01,3.245783664422727255e-02,2.805198764760516439e-01,5.715491665921280662e-01,-1.392711089878183595e-01,-1.600941106010219661e-01,-2.728046252326666865e-01,6.051075598729511729e-01,-2.093156053970978148e-01,5.187059495714052559e-01,1.000000000000000000e+00,3.460572713876953754e-01,4.327867883740801336e-01,3.968029986381424457e-01,2.391176494145104692e-01,-5.763238239091641457e-01,4.000123980070299096e-02,2.030546442446465594e-01,6.137127522846479444e-01,-1.218796468262168115e-01,5.855593184249228145e-01,5.371457693033844238e-01,3.472150363760931890e-01,-4.806525764139058521e-01,2.449056555319480966e-01,-1.640467238318965917e-02,-1.293498909139961239e-01,3.788898204767224276e-01,-2.153606007626068242e-01,3.184352990986212273e-01,5.951711299928720278e-01,2.169974604818124819e-01
-1.355764468451107485e-01,-3.189340006415667950e-01,1.790768108664578806e-01,4.003709010398642104e-02,1.443298333719155724e-01,-2.941250834065639239e-02,-2.309066068153682247e-02,-5.150454694514641774e-02,2.883695328692835735e-01,-4.002466386854572344e-02,-8.697403279934942666e-02,5.027355283058085877e-01,-1.956406843764217640e-02,-6.476457099012809804e-02,5.658352585570353838e-02,-5.025377826911102234e-03,-8.119846879177411436e-02,3.460572713876953754e-01,1.000000000000000000e+00,-2.053386538077888179e-01,2.092608682575705648e-02,1.681924399492150668e-01,2.509833697980651257e-01,-9.140446720270128944e-02,-3.150663402742616415e-02,1.844438568739222711e-02,2.492728965131031094e-01,-8.241267826527176599e-02,-1.320145756069892873e-01,-2.124409951954603637e-01,2.534158548127158905e-01,4.857653012210645660e-02,-5.421860579001666625e-02,2.113182504280332885e-01,-1.263460718613266809e-01,-7.738784615555713287e-02,-2.321500721431474581e-02,2.832366738434684006e-01,5.221370223154803147e-01
4.003300645178791140e-01,5.217529211990596938e-01,3.468926538683298477e-01,4.934750012851115142e-01,3.421848015997408510e-01,2.594353412994138477e-02,4.107824650045562714e-02,-4.278173768421971168e-01,2.056713000058196100e-02,5.673845068076739384e-01,7.066578526035584007e-01,-6.257823719875359458e-01,1.220587561738275401e-01,1.008379115066591336e-01,6.296441759974967800e-01,2.100395990164173263e-02,5.826150056584860071e-01,4.327867883740801336e-01,-2.053386538077888179e-01,1.000000000000000000e+00,6.493990621742540270e-01,2.687033954827841575e-01,-6.430356567386842359e-01,4.584520449087149396e-01,4.337360249986916272e-01,5.309394434413597930e-01,-4.500924567615284255e-01,7.672079255482798787e-01,8.050924340415858138e-01,7.217333450489235025e-01,-4.979061815849825656e-01,2.499642297884236142e-01,2.607023868514476428e-01,-4.587766271244012040e-02,6.675735701438083591e-01,-6.715156197292657114e-02,5.121051360610036074e-01,3.425715287359025196e-01,-2.079009629380662028e-01
5.146467009875408394e-01,5.057760847570197393e-01,6.690358254256454362e-01,3.707240326594178903e-01,5.806306738603587148e-01,2.685411744373357168e-01,3.986076567408107507e-02,-6.182670073020265500e-01,2.645433180463553358e-01,7.129882768083886102e-01,6.562441491705505170e-01,-4.570376572736915555e-01,-1.218743091303350068e-01,3.176227352516471369e-01,5.790567405287965208e-01,3.729259358233046884e-01,6.548799076715852152e-01,3.968029986381424457e-01,2.092608682575705648e-02,6.493990621742540270e-01,1.000000000000000000e+00,5.561231813630715948e-01,-3.692588099364219612e-01,4.066671131988247034e-01,6.351676808834383348e-01,5.892329186658613605e-01,-7.641764955491332778e-02,6.918463363412097333e-01,6.941165602997593220e-01,6.614726378535938922e-01,-1.497662560048555747e-01,3.739282323663075114e-01,4.620008801579374991e-01,2.592743737039196472e-01,6.350777116453290017e-01,2.676030308788294176e-01,5.376498611109709058e-01,5.119601280719241476e-01,5.164485406222648484e-02
2.813789606043570757e-01,2.590720472613178837e-01,4.620759320773534795e-01,2.657473751617531188e-01,3.348171053260869945e-01,2.185815817548442119e-01,-2.133557080579836021e-02,-3.903836235664380205e-01,2.059072564668512628e-01,4.803171612234261589e-01,3.035807454329101929e-01,-4.253674896518459120e-02,-5.904513092738539193e-02,2.453860864744335790e-01,3.523582439096147323e-01,3.291203687492840757e-01,3.994778859934141613e-01,2.391176494145104692e-01,1.681924399492150668e-01,2.687033954827841575e-01,5.561231813630715948e-01,1.000000000000000000e+00,-1.712919162554180086e-02,2.457949725972989607e-01,4.248723915889031089e-01,2.445439215949134493e-01,2.450894881550685078e-01,3.080420025396914396e-01,2.887675352959999109e-01,1.734037326282431013e-01,7.396116059899310313e-02,6.585758551140326322e-02,4.046818740809277060e-01,3.710670493815425575e-01,2.798819965877754057e-01,2.790921227310275143e-01,2.284372807957462392e-01,2.630218154594259339e-01,1.252721014974999547e-01
-5.605083009122229648e-02,-3.958779855537893355e-01,-3.770087133865742540e-02,-5.911229425548434335e-01,-5.024478443668732586e-02,-1.606406871343679654e-01,-4.412901206763523293e-02,9.889068341584220101e-02,2.974032972564242261e-01,-2.897431844870942408e-01,-6.312388381112091773e-01,6.842108434811666751e-01,6.278481073798074241e-02,3.401197177703378371e-01,-5.148464206057528081e-01,2.977041729010027060e-01,-4.834191035875518572e-01,-5.763238239091641457e-01,2.509833697980651257e-01,-6.430356567386842359e-01,-3.692588099364219612e-01,-1.712919162554180086e-02,1.000000000000000000e+00,-1.610622699183340001e-01,-1.830872162552598381e-01,-5.124946978141423637e-01,5.839468187671792432e-01,-6.822518128763170875e-01,-7.229482914245244363e-01,-5.597385566184847061e-01,7.375312196258133612e-01,-2.436531199814058746e-01,1.254864971062837065e-01,4.313206789312041822e-01,-5.405832875894337475e-01,4.088595979722087215e-01,-3.959877267760304465e-01,-2.221833762959797287e-01,3.167336698626031510e-01
3.922206808697387137e-01,4.545713559605403797e-01,4.676160585202127074e-01,2.995722035040419562e-01,4.611791719375634702e-01,3.095751880202018969e-01,2.826651835332391061e-01,-3.410691646839619229e-01,3.947647828849444873e-01,4.606214065618904341e-01,4.488785292274143357e-01,-3.613303540365045974e-01,1.160554787889171990e-01,6.192522212325800579e-01,3.162698708677246229e-01,2.418022670306536892e-01,4.772015460525738106e-01,4.000123980070299096e-02,-9.140446720270128944e-02,4.584520449087149396e-01,4.066671131988247034e-01,2.457949725972989607e-01,-1.610622699183340001e-01,1.000000000000000000e+00,6.241706448846627842e-01,1.863622142038955931e-01,-9.167625648246328918e-02,4.136207935319636264e-01,4.699058570966255233e-01,4.404061414506176275e-01,1.534229853277756066e-02,4.200767478135880029e-01,5.419336057406725082e-01,2.267020816395875771e-01,5.364242301383729261e-01,3.060955314350103373e-01,5.613008780896479033e-01,1.133194778555157156e-01,-8.188467078424295498e-02
5.345002091737238725e-01,5.564657836276534209e-01,7.371955923525094212e-01,1.842011877709338330e-01,7.060457279121887808e-01,5.027302203099274225e-01,1.013723593240214715e-01,-5.494199176281567842e-01,4.276912880580456822e-01,7.090533073651670293e-01,4.863664676687691202e-01,-3.926726582790024955e-01,-5.162187580420399269e-02,5.463432582580980412e-01,3.628119605630265587e-01,4.831102221378822947e-01,5.960474286440001768e-01,2.030546442446465594e-01,-3.150663402742616415e-02,4.337360249986916272e-01,6.351676808834383348e-01,4.248723915889031089e-01,-1.830872162552598381e-01,6.241706448846627842e-01,1.000000000000000000e+00,4.924988902999957174e-01,8.622412113466802752e-02,5.467991793556914448e-01,5.870076708500103768e-01,5.709886695831306591e-01,-4.282046612490223760e-03,5.371171143494645195e-01,5.999179997455907909e-01,3.616882188060884240e-01,6.556736320098288662e-01,4.865370936757096310e-01,6.883965656126355137e-01,3.911460283795925585e-01,1.290345023310689732e-01
3.841688805148539276e-01,4.527496628401910250e-01,5.091368099699613570e-01,2.408321033100538910e-01,5.674455768447373982e-01,2.258088481607181397e-01,-2.131717298163457175e-01,-4.511635266063370731e-01,3.062383294241209364e-01,5.702131311220705046e-01,6.155266673747047390e-01,-3.490782120615959494e-01,-2.807712716308138345e-01,4.875874070942598504e-02,6.231729219108955720e-01,2.121988168382665241e-01,6.476790684659347042e-01,6.137127522846479444e-01,1.844438568739222711e-02,5.309394434413597930e-01,5.892329186658613605e-01,2.445439215949134493e-01,-5.124946978141423637e-01,1.863622142038955931e-01,4.924988902999957174e-01,1.000000000000000000e+00,1.359797335505687037e-02,7.433438711666123799e-01,6.891829268792749597e-01,6.288456054705043874e-01,-3.286372404859044805e-01,4.665618300292185272e-01,3.712324523707459245e-01,1.892314137083243308e-01,5.845803623259505644e-01,4.354777093366243162e-02,5.534253922906317014e-01,7.937341468697283187e-01,1.927847785095026523e-01
3.449831383456188755e-02,-2.056999496899789004e-01,1.787072618436247040e-01,-3.481532498926682706e-01,2.212837038651141452e-01,1.185817962225398370e-01,-1.553042823938614037e-01,-6.984496091240026405e-02,4.411758187916119955e-01,-3.304308917170371059e-03,-2.411889436370280027e-01,5.484107187337200484e-01,-2.289448975007037645e-01,3.376367771260360695e-01,-1.957704999010322355e-01,3.131228595251125957e-01,-3.075977407755534423e-02,-1.218796468262168115e-01,2.492728965131031094e-01,-4.500924567615284255e-01,-7.641764955491332778e-02,2.450894881550685078e-01,5.839468187671792432e-01,-9.167625648246328918e-02,8.622412113466802752e-02,1.359797335505687037e-02,1.000000000000000000e+00,-2.547092505729939282e-01,-3.446436804563271505e-01,-3.310655308314222056e-01,5.455034652595288636e-01,1.414075153584539724e-01,3.096855871674067395e-01,4.431437449742502421e-01,-1.721575161015924949e-01,4.556385383011741230e-01,-8.599164873873463288e-02,2.284405543731237442e-01,5.816876783405655615e-01
4.199587094096158268e-01,5.380021252118935005e-01,4.542832980117965658e-01,5.040688294369016775e-01,4.858566011701503928e-01,2.415626880912531693e-01,1.413005514550818784e-02,-4.015387632873483881e-01,1.869163971454588513e-01,6.416429774250904661e-01,7.696601773332157892e-01,-5.977449448896349216e-01,-4.588593498154526495e-02,1.044178492419742393e-01,6.743257244126009686e-01,8.145235978799425514e-02,7.243469496475730685e-01,5.855593184249228145e-01,-8.241267826527176599e-02,7.672079255482798787e-01,6.918463363412097333e-01,3.080420025396914396e-01,-6.822518128763170875e-01,4.136207935319636264e-01,5.467991793556914448e-01,7.433438711666123799e-01,-2.547092505729939282e-01,1.000000000000000000e+00,8.713948800764739211e-01,7.671412078998534056e-01,-4.547493827529642263e-01,4.242637816881711932e-01,3.410842634012016261e-01,6.331490446107776449e-02,7.439508037358546488e-01,2.083188664207345081e-03,6.137232087088376753e-01,5.923072539576166307e-01,-2.473887476205019996e-03
4.748468245430800816e-01,6.493494609875646306e-01,4.780685617301853596e-01,5.550492200130382470e-01,4.981741816493531205e-01,3.100248848364601795e-01,1.256455532561822352e-01,-4.159291031379317438e-01,1.296030956449258642e-01,6.777856676057358865e-01,7.994989890731259985e-01,-6.791105245905683097e-01,-8.413089401396799810e-03,1.337606037409495852e-01,6.832685006755058188e-01,1.016124495548212520e-01,7.212404569154473588e-01,5.371457693033844238e-01,-1.320145756069892873e-01,8.050924340415858138e-01,6.941165602997593220e-01,2.887675352959999109e-01,-7.229482914245244363e-01,4.699058570966255233e-01,5.870076708500103768e-01,6.891829268792749597e-01,-3.446436804563271505e-01,8.713948800764739211e-01,1.000000000000000000e+00,8.150398670717123872e-01,-4.404548901404464201e-01,4.752050770144574665e-01,2.870239536167372152e-01,-1.192182138790087026e-02,7.919309831725159787e-01,1.393708045357182519e-02,6.890995319342310133e-01,4.609594366318528480e-01,-1.120193568771457732e-01
6.922692631676692354e-01,7.727612100267561290e-01,4.823139087032383143e-01,3.840621839697718753e-01,5.307832474142556434e-01,2.563472490482345267e-01,1.700439813287416835e-01,-4.139695518531619212e-01,2.419462157033058503e-01,7.094094986261958447e-01,6.518816634349865469e-01,-7.061104623232128397e-01,-1.103282097294691483e-01,2.584534094383088010e-01,5.281751496239557309e-01,3.216239388865766435e-01,5.690146962911420969e-01,3.472150363760931890e-01,-2.124409951954603637e-01,7.217333450489235025e-01,6.614726378535938922e-01,1.734037326282431013e-01,-5.597385566184847061e-01,4.404061414506176275e-01,5.709886695831306591e-01,6.288456054705043874e-01,-3.310655308314222056e-01,7.671412078998534056e-01,8.150398670717123872e-01,1.000000000000000000e+00,-2.868066328468000248e-01,4.405379355628377680e-01,2.865987923752517097e-01,4.259156122894185853e-02,6.686396521869413245e-01,1.553247321055279684e-01,5.746448263350217855e-01,4.008266317694788583e-01,-1.727819838568273592e-01
2.427695701252284288e-01,-2.328341825074943874e-02,1.873042225596124599e-01,-4.329135261121487832e-01,1.511144171346428533e-01,9.702515405395933934e-02,1.357465363156431792e-01,-3.903464132712514828e-02,4.127937644269789597e-01,-2.946549991230810669e-02,-3.662240754906285201e-01,4.585805212384126972e-01,-4.495446139107753952e-02,4.670193380857950993e-01,-3.330647516837713651e-01,4.617487486880882952e-01,-2.330740643456541694e-01,-4.806525764139058521e-01,2.534158548127158905e-01,-4.979061815849825656e-01,-1.497662560048555747e-01,7.396116059899310313e-02,7.375312196258133612e-01,1.534229853277756066e-02,-4.282046612490223760e-03,-3.286372404859044805e-01,5.455034652595288636e-01,-4.547493827529642263e-01,-4.404548901404464201e-01,-2.868066328468000248e-01,1.000000000000000000e+00,1.146823934187292393e-01,1.454810045283756181e-01,3.936266665711977142e-01,-3.074209465641555283e-01,4.439179933774855535e-01,-8.592309553579813297e-02,-1.738213156789426006e-01,1.952470059654839440e-01
3.911719219128079739e-01,4.892330652260487578e-01,4.322046014245441437e-01,1.650350514031315996e-01,4.837432059058682787e-01,5.283306446521710553e-01,1.706558827112064913e-01,-3.001251239112838198e-01,2.749600257825523530e-01,3.699415706633522594e-01,3.920801535435279317e-01,-3.328504650337424930e-01,-3.354583819038079451e-01,3.061968623064233452e-01,2.941430043010391238e-01,2.146657015606202867e-01,4.988784336916455842e-01,2.449056555319480966e-01,4.857653012210645660e-02,2.499642297884236142e-01,3.739282323663075114e-01,6.585758551140326322e-02,-2.436531199814058746e-01,4.200767478135880029e-01,5.371171143494645195e-01,4.665618300292185272e-01,1.414075153584539724e-01,4.242637816881711932e-01,4.752050770144574665e-01,4.405379355628377680e-01,1.146823934187292393e-01,1.000000000000000000e+00,2.195131585929684381e-01,1.058822385951802975e-01,5.533633281972274442e-01,1.959981695895645637e-01,7.127960739538962143e-01,3.274919032772396488e-01,5.364859274504331366e-02
3.814607190131767411e-01,2.919790243306003563e-01,6.012763819540051236e-01,-5.012728668406140481e-02,5.818329242707045434e-01,2.229077015367698089e-01,-2.330883096482230452e-02,-4.468235080765241007e-01,5.920337041929173427e-01,5.169045212853038418e-01,3.219588355343509511e-01,-3.314333580114041389e-02,1.141289472736676247e-01,6.633097556368500181e-01,3.551239365698858896e-01,4.945869687961982342e-01,4.464329651851497438e-01,-1.640467238318965917e-02,-5.421860579001666625e-02,2.607023868514476428e-01,4.620008801579374991e-01,4.046818740809277060e-01,1.254864971062837065e-01,5.419336057406725082e-01,5.999179997455907909e-01,3.712324523707459245e-01,3.096855871674067395e-01,3.410842634012016261e-01,2.870239536167372152e-01,2.865987923752517097e-01,1.454810045283756181e-01,2.195131585929684381e-01,1.000000000000000000e+00,6.489525227339196789e-01,4.224729536299620114e-01,5.433145098403650008e-01,3.981555165835296006e-01,4.131026323178014770e-01,2.377388063016702968e-01
3.569657986376606473e-01,8.191910999476162414e-02,5.611049083189595388e-01,-2.768848940781029055e-01,5.883430620741156858e-01,-3.013208278344512662e-03,-1.073332203449730293e-01,-3.784163186463200823e-01,6.761411754666438734e-01,3.311044946122143617e-01,-1.491693406480407678e-02,3.030804739951769022e-01,3.890608356367810522e-02,5.192702357920171430e-01,1.491433892910634940e-01,5.066359053647228050e-01,5.547938292744897248e-02,-1.293498909139961239e-01,2.113182504280332885e-01,-4.587766271244012040e-02,2.592743737039196472e-01,3.710670493815425575e-01,4.313206789312041822e-01,2.267020816395875771e-01,3.616882188060884240e-01,1.892314137083243308e-01,4.431437449742502421e-01,6.331490446107776449e-02,-1.192182138790087026e-02,4.259156122894185853e-02,3.936266665711977142e-01,1.058822385951802975e-01,6.489525227339196789e-01,1.000000000000000000e+00,1.038511730382505049e-01,4.849066686142218807e-01,1.956169352870409106e-01,4.145079016234192726e-01,4.044157181242081789e-01
3.591125658464581760e-01,5.352975489902960238e-01,4.983449018671038955e-01,4.092850138186038822e-01,5.185139810825771800e-01,3.261786198456407271e-01,1.536706500839407907e-01,-3.767835384410544997e-01,1.324554500395937751e-01,6.295829912919813642e-01,6.663946430846600100e-01,-5.784029372649243106e-01,5.672689990755987177e-02,2.689217558170601818e-01,5.298280489269039384e-01,1.790186205748443005e-01,6.352131481417235825e-01,3.788898204767224276e-01,-1.263460718613266809e-01,6.675735701438083591e-01,6.350777116453290017e-01,2.798819965877754057e-01,-5.405832875894337475e-01,5.364242301383729261e-01,6.556736320098288662e-01,5.845803623259505644e-01,-1.721575161015924949e-01,7.439508037358546488e-01,7.919309831725159787e-01,6.686396521869413245e-01,-3.074209465641555283e-01,5.533633281972274442e-01,4.224729536299620114e-01,1.038511730382505049e-01,1.000000000000000000e+00,1.391723126211484307e-01,7.828641270904359573e-01,3.852985392543826215e-01,-2.577538840614220644e-02
4.190813444634122753e-01,2.739497193141757214e-01,4.277241951292885536e-01,-2.455988024517211932e-01,4.590083740939482349e-01,3.096569114228551745e-01,-2.350228319872644384e-02,-3.075335865292537219e-01,4.912243433379736568e-01,4.061568568144784397e-01,1.444893545629595370e-03,9.285655402948872483e-02,-1.213554779640813736e-02,7.067129866461923093e-01,-6.808522947727583055e-03,5.393674519135159828e-01,1.836458762259604860e-01,-2.153606007626068242e-01,-7.738784615555713287e-02,-6.715156197292657114e-02,2.676030308788294176e-01,2.790921227310275143e-01,4.088595979722087215e-01,3.060955314350103373e-01,4.865370936757096310e-01,4.354777093366243162e-02,4.556385383011741230e-01,2.083188664207345081e-03,1.393708045357182519e-02,1.553247321055279684e-01,4.439179933774855535e-01,1.959981695895645637e-01,5.433145098403650008e-01,4.849066686142218807e-01,1.391723126211484307e-01,1.000000000000000000e+00,1.954278245184246643e-01,1.140451693519042020e-01,2.650658502664051119e-01
4.138069356331550153e-01,5.301614590182147646e-01,5.641951672643021887e-01,2.336148685725750462e-01,5.819702237471119366e-01,4.314946246629053350e-01,9.467962592712265979e-02,-3.785619572566297220e-01,2.511422819739453915e-01,5.529042090892366534e-01,5.931107698163541331e-01,-4.242823531195774045e-01,1.794487657608450845e-02,3.218782255020901095e-01,5.048043902657456394e-01,2.160658121528051256e-01,5.906285155908533868e-01,3.184352990986212273e-01,-2.321500721431474581e-02,5.121051360610036074e-01,5.376498611109709058e-01,2.284372807957462392e-01,-3.959877267760304465e-01,5.613008780896479033e-01,6.883965656126355137e-01,5.534253922906317014e-01,-8.599164873873463288e-02,6.137232087088376753e-01,6.890995319342310133e-01,5.746448263350217855e-01,-8.592309553579813297e-02,7.127960739538962143e-01,3.981555165835296006e-01,1.956169352870409106e-01,7.828641270904359573e-01,1.954278245184246643e-01,1.000000000000000000e+00,3.751944165377680829e-01,5.385962649178690186e-03
2.771591984518109175e-01,1.634178804766710236e-01,5.130304070799683869e-01,1.359580252807490730e-01,5.963539821830743382e-01,7.192455217803808698e-02,-2.717479576216955683e-01,-4.471862982848515133e-01,4.851876043474923628e-01,4.365455256458084521e-01,4.240813896290488438e-01,-1.568615764494854861e-02,-2.756247356640376678e-01,6.420255873862525109e-02,5.198440528534710170e-01,2.037225661262552501e-01,4.936600553355808829e-01,5.951711299928720278e-01,2.832366738434684006e-01,3.425715287359025196e-01,5.119601280719241476e-01,2.630218154594259339e-01,-2.221833762959797287e-01,1.133194778555157156e-01,3.911460283795925585e-01,7.937341468697283187e-01,2.284405543731237442e-01,5.923072539576166307e-01,4.609594366318528480e-01,4.008266317694788583e-01,-1.738213156789426006e-01,3.274919032772396488e-01,4.131026323178014770e-01,4.145079016234192726e-01,3.852985392543826215e-01,1.140451693519042020e-01,3.751944165377680829e-01,1.000000000000000000e+00,5.288247378934128884e-01
-6.328970682283370508e-02,-2.724422122796222312e-01,2.371887273117381789e-01,-6.715561169010147990e-02,3.580353211111887979e-01,-7.130324147164529558e-02,-1.985982341751341140e-01,-1.241681009970450611e-01,4.595866430112275913e-01,1.051839476968171455e-01,-1.320227158284560942e-01,5.183810947477190956e-01,-1.292631661825786593e-01,1.266078550421372573e-01,-4.899447771164856802e-02,1.459674329399618109e-01,-1.936985032140954577e-02,2.169974604818124819e-01,5.221370223154803147e-01,-2.079009629380662028e-01,5.164485406222648484e-02,1.252721014974999547e-01,3.167336698626031510e-01,-8.188467078424295498e-02,1.290345023310689732e-01,1.927847785095026523e-01,5.816876783405655615e-01,-2.473887476205019996e-03,-1.120193568771457732e-01,-1.727819838568273592e-01,1.952470059654839440e-01,5.364859274504331366e-02,2.377388063016702968e-01,4.044157181242081789e-01,-2.577538840614220644e-02,2.650658502664051119e-01,5.385962649178690186e-03,5.288247378934128884e-01,1.000000000000000000e+00
