1.000000000000000000e+00,8.212903933407911250e-01,5.334839932991538580e-01,5.533368515589992542e-01,5.558339152437450359e-01,2.752094133520495700e-01,5.615222736265911285e-01,-3.440082373819820516e-01,7.610454487798417045e-01,7.342524241809017527e-01,-2.019142416026296072e-01,6.040047409897181252e-01,-3.534329893125833233e-01,6.034103949212914486e-01,5.131804740228517181e-01,7.600504475874451105e-01,-8.601564394595960505e-02,7.137133633330110527e-01,6.744397187161581542e-01,4.289725234812142851e-01,2.736491956215021393e-01,4.343187773091065074e-01,5.357313419783606978e-01,2.847586870520643632e-01,3.693818616485711193e-01,8.327517859189360605e-01,5.741107183199916086e-01,5.140709499763025381e-01,-2.573372203338118447e-01,6.995978319630929976e-01,-1.261737273277013238e-01,-1.031903821955742866e-02,-4.802367993684497072e-01,4.494220011189504760e-01,-4.038524736619754710e-03,3.149504421194432302e-01,4.371777051369821199e-02,7.831355870731887547e-01,7.491905656777362310e-01
8.212903933407911250e-01,1.000000000000000000e+00,5.354881217448672626e-01,5.362371478135736780e-01,5.457178293898291566e-01,9.994468031421255283e-02,5.854190897140489902e-01,-3.046349982662248101e-01,7.441047250813459524e-01,7.187065963646298572e-01,-1.049802787511999458e-01,6.271359975767545336e-01,-3.414005187844123546e-01,5.806962223463990602e-01,4.878562121508175919e-01,7.135724827439031692e-01,-1.973302139587288229e-01,6.852531354725784896e-01,6.221918142989034672e-01,4.428785999610450608e-01,2.467212632137223971e-01,4.281236482364065288e-01,4.323403994302476572e-01,2.172548658882518247e-01,2.880022004864804530e-01,7.758411374278292305e-01,6.701830219162403512e-01,3.972178892150873830e-01,-3.182797012295695005e-01,7.027233719637761000e-01,-1.056326724170048720e-01,9.479655718262774977e-02,-4.241793685360515376e-01,5.107841927862809550e-01,-3.074098564648728230e-02,2.389397311455916106e-01,-2.151070937376741918e-02,7.275162195036081192e-01,7.258517521056563337e-01
5.334839932991538580e-01,5.354881217448672626e-01,1.000000000000000000e+00,6.501639270626483613e-01,6.861301385054378033e-01,3.145300976704975549e-01,5.851293958101471127e-01,-6.609436292898208665e-01,6.271536304274391016e-01,6.671857637857780965e-01,-9.432215449235537008e-02,5.399696657257114785e-01,3.649539986467802231e-03,6.238905401484207136e-01,3.772447528582049681e-01,5.784490724841250264e-01,-2.613918287835498844e-01,6.618848611449764663e-01,6.586064672651099627e-01,6.485786753501454616e-01,7.393018012269739758e-01,7.867744235831835020e-01,5.971934562169407545e-01,3.339553053342815825e-01,5.754738310760666442e-01,6.070589949652094308e-01,4.278399055836080156e-01,6.230722727629447455e-01,-2.553587792879055685e-01,5.388735105218639410e-01,9.843740976615801552e-02,-7.721793483837938177e-02,-1.645149012297866115e-02,4.431307117598299317e-01,-2.595435135797792212e-02,3.960906908016622041e-01,1.129076287328087680e-01,5.756712783960173940e-01,5.155585761700706149e-01
5.533368515589992542e-01,5.362371478135736780e-01,6.501639270626483613e-01,1.000000000000000000e+00,4.738046893271051774e-01,3.036192234741637574e-01,8.259753145150459108e-01,-1.502431827248366103e-01,7.180650082762540798e-01,7.454240358306507552e-01,-8.663004292410464435e-02,7.005412734666113250e-01,-1.381461401599033516e-02,4.827735956134800444e-01,5.982937743512904971e-01,6.988900334133588688e-01,-3.208487988423523452e-01,8.108403015599975339e-01,8.391267569083519229e-01,8.130295121198973796e-01,6.303376963524157661e-01,7.478703799267397700e-01,5.932428917083572006e-01,3.210453699624604695e-01,5.370779186558354290e-01,6.267067965546274655e-01,3.346253362122589281e-01,6.037324703983979468e-01,-5.058682578755562265e-01,6.048588104701118073e-01,-1.263803018532826117e-01,-2.291650413867552805e-01,-4.207864163744357566e-01,5.103374069185245832e-01,-2.237220549469962905e-01,3.080993882729320954e-01,-7.899437936637734858e-02,7.302227140099196712e-01,6.975446540867186185e-01
5.558339152437450359e-01,5.457178293898291566e-01,6.861301385054378033e-01,4.738046893271051774e-01,1.000000000000000000e+00,4.097239815317111900e-01,4.347798225158168162e-01,-4.768120827347626656e-01,5.849620302030569263e-01,6.672269745601088209e-01,-1.794538495263840738e-01,4.999848157950712579e-01,-6.508917761254276457e-02,6.563444467931389692e-01,3.254398099498578834e-01,6.299445616278138704e-01,1.008073096697204192e-02,5.483814793263849241e-01,5.226080353984423610e-01,4.417611240173562881e-01,3.520744158028443205e-01,4.650555825592298520e-01,5.861769345267887621e-01,4.221543650462539210e-01,4.942446797797703240e-01,6.506385050070823128e-01,5.661534705606010576e-01,6.423392529381615201e-01,-6.376495880343731326e-02,6.184006889491345804e-01,2.682193029499653769e-01,2.064151357411220244e-01,-1.556613954325677951e-01,4.141036106857380328e-01,1.486673340379230657e-01,4.083136201877065052e-01,2.744354902312895472e-01,5.407616654239089105e-01,5.094466937244152005e-01
2.752094133520495700e-01,9.994468031421255283e-02,3.145300976704975549e-01,3.036192234741637574e-01,4.097239815317111900e-01,1.000000000000000000e+00,3.463431235500783467e-01,-2.431062742971442509e-02,2.994674231831054301e-01,3.301319643483166533e-01,-5.372484743521193512e-02,3.033210308663585320e-01,2.937435495374842165e-01,5.476370517843519581e-01,4.064497197922464222e-01,2.814135570305082990e-01,4.111765153276962237e-01,2.990418877733128089e-01,3.795098169774667740e-01,4.082681237265706753e-01,3.953569431458972550e-01,4.247256495267919263e-01,6.630710517071950472e-01,6.960299139533193680e-01,6.905095232733613475e-01,4.124572903901466692e-01,6.830084500029673378e-02,6.186472245823783078e-01,4.326562208195754156e-02,1.611955360556861505e-01,1.171600380898549371e-01,-5.031866059744851544e-02,-2.406498929052985070e-01,1.969332857360364120e-01,3.798201821695194602e-01,3.835074889083223693e-01,5.777478508991051864e-01,3.465415374379853253e-01,2.831718688306768539e-01
5.615222736265911285e-01,5.854190897140489902e-01,5.851293958101471127e-01,8.259753145150459108e-01,4.347798225158168162e-01,3.463431235500783467e-01,1.000000000000000000e+00,-5.655319478779507331e-02,7.809131892245224638e-01,7.652474415869039426e-01,-4.507358765585819937e-02,7.916283778410374561e-01,-6.413997723019594643e-02,4.836630129120388366e-01,7.497195162911149957e-01,7.137952705603812786e-01,-2.871994838726797949e-01,8.222043603919959587e-01,8.471086876001366894e-01,8.330492056808673773e-01,5.732888650916668771e-01,7.414880687021593308e-01,5.746293000055586742e-01,3.366944528777670032e-01,5.023589506002469340e-01,6.821985381398041337e-01,4.192523369589942206e-01,5.748123485475316041e-01,-5.619049453369701075e-01,6.177413742175013045e-01,-2.670288756364229688e-01,-2.181951413099497694e-01,-5.655562050156832665e-01,6.250660960124649890e-01,-2.059112779335252885e-01,2.003237528519156707e-01,-6.997368874605658373e-02,7.899787357359159268e-01,7.948798503181512265e-01
-3.440082373819820516e-01,-3.046349982662248101e-01,-6.609436292898208665e-01,-1.502431827248366103e-01,-4.768120827347626656e-01,-2.431062742971442509e-02,-5.655319478779507331e-02,1.000000000000000000e+00,-2.506725281169748243e-01,-2.985622683873851990e-01,1.088128674458628403e-01,-8.473059426834034236e-02,1.135789901179986433e-01,-3.983448400803276668e-01,7.197645577078877477e-02,-2.473829914544808106e-01,6.917413274003705870e-02,-2.591914391343431157e-01,-2.126292773815651460e-01,-9.138028602882258822e-02,-4.183564361952855082e-01,-3.646425382401349280e-01,-2.681181517281810422e-01,-3.307969011075697491e-02,-1.941139653874738857e-01,-3.065658690631958283e-01,-3.250900261959325244e-01,-2.510762141131469005e-01,-4.449478369316771376e-02,-2.662653556157396628e-01,-2.372179797398112633e-01,-8.659147526572172349e-02,-3.160439567732422628e-01,-7.650265218325966177e-02,-8.160610421277877946e-02,-3.060722737008788052e-01,-1.128664269211590160e-01,-2.004355820781540398e-01,-1.408328178303266676e-01
7.610454487798417045e-01,7.441047250813459524e-01,6.271536304274391016e-01,7.180650082762540798e-01,5.849620302030569263e-01,2.994674231831054301e-01,7.809131892245224638e-01,-2.506725281169748243e-01,1.000000000000000000e+00,8.587936270717172471e-01,-1.093997794131817275e-01,8.259931699019070761e-01,-2.994484442666602853e-01,5.725555200436374115e-01,7.446581706831457703e-01,8.375639411755789743e-01,-2.546648492321448298e-01,8.529020939014995140e-01,8.189172884654529749e-01,6.812268853688767667e-01,4.343211827155076810e-01,6.070979301548774520e-01,5.611418935980226896e-01,3.358498691425289007e-01,4.713640505045212370e-01,8.313472393240820546e-01,5.779342816134149796e-01,5.447754522112359110e-01,-4.792570699139044876e-01,8.108413638929670153e-01,-2.902087050914389788e-01,-1.356409562248803158e-01,-5.822682589249958962e-01,7.224850693358758624e-01,-2.068209584448108818e-01,1.702017721444730736e-01,-7.750352247922830118e-02,8.958091838899805426e-01,8.867655452239234792e-01
7.342524241809017527e-01,7.187065963646298572e-01,6.671857637857780965e-01,7.454240358306507552e-01,6.672269745601088209e-01,3.301319643483166533e-01,7.652474415869039426e-01,-2.985622683873851990e-01,8.587936270717172471e-01,1.000000000000000000e+00,-1.265538384674582129e-01,7.649386162286845314e-01,-1.940651351835258331e-01,6.113187013670312586e-01,6.739625380331352167e-01,8.775114561769166155e-01,-2.137102514794538000e-01,8.100368773794731636e-01,8.419885829848900993e-01,6.730796724312774204e-01,4.577022332159834117e-01,6.168756950030902519e-01,5.984817241613036298e-01,3.165032339653775506e-01,5.120231658810220354e-01,8.111442058546187717e-01,5.957732669153099625e-01,6.352049664025241071e-01,-4.175784333376829638e-01,8.405820910249153233e-01,-6.733289325386047908e-02,-4.806148911426036396e-02,-5.055946293042274942e-01,6.256031436898480402e-01,-1.508178290329652838e-01,2.770113386838669034e-01,-2.807214630478484588e-02,8.417811198731254274e-01,8.278245708285676407e-01
-2.019142416026296072e-01,-1.049802787511999458e-01,-9.432215449235537008e-02,-8.663004292410464435e-02,-1.794538495263840738e-01,-5.372484743521193512e-02,-4.507358765585819937e-02,1.088128674458628403e-01,-1.093997794131817275e-01,-1.265538384674582129e-01,1.000000000000000000e+00,-2.571082721358557491e-02,1.803879137118205023e-01,-4.114270467817016802e-02,-3.658139296938273371e-04,-1.615611577141225774e-01,6.278469329673033728e-02,-1.231870783335379804e-01,-1.270127788206667496e-01,2.298805961343457910e-02,2.243786117780717168e-02,-1.091259774637204881e-02,-8.298014368761384707e-02,-1.137472835117220304e-02,-1.310480200013204588e-01,-1.345015042397147143e-01,-1.481033320705881784e-01,-8.405348971386689128e-02,4.808926092041898581e-02,-1.521641059998291856e-01,-4.651221859747813048e-02,-2.557930680886179656e-02,8.975216319923345898e-02,8.386481376179304170e-02,3.647873871266563844e-02,-7.471640142050789413e-02,8.757531752154698590e-02,-1.099843199152513856e-01,-1.321125950668785576e-01
6.040047409897181252e-01,6.271359975767545336e-01,5.399696657257114785e-01,7.005412734666113250e-01,4.999848157950712579e-01,3.033210308663585320e-01,7.916283778410374561e-01,-8.473059426834034236e-02,8.259931699019070761e-01,7.649386162286845314e-01,-2.571082721358557491e-02,1.000000000000000000e+00,-2.043407750104919429e-01,4.687429050465359293e-01,8.129582802168118238e-01,7.528732303705828466e-01,-2.535876987483177136e-01,7.660212809863973238e-01,7.517372795577516031e-01,7.535665420407784421e-01,4.203521283441118417e-01,6.234020570458815858e-01,5.099829145636570749e-01,3.781147884633113132e-01,4.451670516550685353e-01,7.272505435938633189e-01,4.681525099493387687e-01,5.494643607672127228e-01,-4.755057961871602679e-01,6.967304819123187887e-01,-3.275735769174457634e-01,-1.664219617098511017e-01,-6.296801224304636735e-01,7.631549587335536566e-01,-2.242348744558558538e-01,6.802809309722178399e-02,-6.251930726977669717e-02,8.012987130936864988e-01,8.231481550830582750e-01
-3.534329893125833233e-01,-3.414005187844123546e-01,3.649539986467802231e-03,-1.381461401599033516e-02,-6.508917761254276457e-02,2.937435495374842165e-01,-6.413997723019594643e-02,1.135789901179986433e-01,-2.994484442666602853e-01,-1.940651351835258331e-01,1.803879137118205023e-01,-2.043407750104919429e-01,1.000000000000000000e+00,1.479336178822703574e-01,-2.300448735621370699e-01,-3.469678463111687816e-01,2.730596796608579790e-01,-2.098906487766777629e-01,-9.978111058659284993e-02,1.211790890288114014e-01,2.359195441031523843e-01,1.052824946040191167e-01,1.944466420319025113e-01,3.041032007540520610e-01,3.184486142757654292e-01,-2.239059772677034488e-01,-1.923307364849225765e-01,2.064823469460243810e-01,3.360967212220865585e-01,-3.402002155017687102e-01,5.188746310564403830e-01,1.307159050450604210e-01,4.369033276465332238e-01,-1.745530693505037700e-01,4.327694865709983407e-01,3.482654570754036283e-01,5.225496496238569710e-01,-2.931029260080265653e-01,-3.488243051768624148e-01
6.034103949212914486e-01,5.806962223463990602e-01,6.238905401484207136e-01,4.827735956134800444e-01,6.563444467931389692e-01,5.476370517843519581e-01,4.836630129120388366e-01,-3.983448400803276668e-01,5.725555200436374115e-01,6.113187013670312586e-01,-4.114270467817016802e-02,4.687429050465359293e-01,1.479336178822703574e-01,1.000000000000000000e+00,3.456365017646396698e-01,5.298632427181401150e-01,1.739856610889015665e-01,5.403882532912988035e-01,5.463915072492099290e-01,4.774657082947145748e-01,4.700516782427837104e-01,5.237026230731138821e-01,7.195989546837402440e-01,5.681232847746925385e-01,6.336995473070859974e-01,6.824261746832915865e-01,4.672119892011257769e-01,6.497865543376625252e-01,2.715239207332700161e-02,4.987280960656654272e-01,2.468157464034794468e-01,1.474445245200783072e-01,-1.067860484184652431e-01,3.781950730835038632e-01,3.592309155747350213e-01,5.434767455902592692e-01,4.845922487493717346e-01,5.653533140519816369e-01,4.923909658064538064e-01
5.131804740228517181e-01,4.878562121508175919e-01,3.772447528582049681e-01,5.982937743512904971e-01,3.254398099498578834e-01,4.064497197922464222e-01,7.497195162911149957e-01,7.197645577078877477e-02,7.446581706831457703e-01,6.739625380331352167e-01,-3.658139296938273371e-04,8.129582802168118238e-01,-2.300448735621370699e-01,3.456365017646396698e-01,1.000000000000000000e+00,6.685434647546208975e-01,-2.159044563387358118e-01,6.579855266715740614e-01,6.982840227767004304e-01,7.007153479076861924e-01,3.800339118511066316e-01,5.565072583820479535e-01,4.529572213027058813e-01,3.750018875659297812e-01,4.384396010511663611e-01,6.239406412422344728e-01,3.001283634550965806e-01,4.272007672602911588e-01,-5.424115135689172584e-01,5.772164683273226515e-01,-4.775928959037066268e-01,-2.966651653321029092e-01,-7.293804484952525202e-01,7.246015868756651157e-01,-2.611504746845969005e-01,-6.920738676858545491e-02,-9.668204836703102323e-02,7.481954915179991339e-01,7.856772541418688416e-01
7.600504475874451105e-01,7.135724827439031692e-01,5.784490724841250264e-01,6.988900334133588688e-01,6.299445616278138704e-01,2.814135570305082990e-01,7.137952705603812786e-01,-2.473829914544808106e-01,8.375639411755789743e-01,8.775114561769166155e-01,-1.615611577141225774e-01,7.528732303705828466e-01,-3.469678463111687816e-01,5.298632427181401150e-01,6.685434647546208975e-01,1.000000000000000000e+00,-1.977231761461974435e-01,7.855722127599971127e-01,7.924200348667086446e-01,5.902008436473580311e-01,3.467921914721743271e-01,5.212484398618476567e-01,5.342473369258149418e-01,2.502176981934954858e-01,3.962326259819380359e-01,8.005742946992020492e-01,5.627184320499309944e-01,6.104113165199644975e-01,-4.130230962211816070e-01,8.576769650662071642e-01,-1.602046821768584317e-01,-6.233109425461278580e-02,-5.836421307147320325e-01,5.761174105972731718e-01,-2.149511417009980496e-01,1.876490801806821318e-01,-9.818432341089639026e-02,8.326782814903055385e-01,8.292244011933986858e-01
-8.601564394595960505e-02,-1.973302139587288229e-01,-2.613918287835498844e-01,-3.208487988423523452e-01,1.008073096697204192e-02,4.111765153276962237e-01,-2.871994838726797949e-01,6.917413274003705870e-02,-2.546648492321448298e-01,-2.137102514794538000e-01,6.278469329673033728e-02,-2.535876987483177136e-01,2.730596796608579790e-01,1.739856610889015665e-01,-2.159044563387358118e-01,-1.977231761461974435e-01,1.000000000000000000e+00,-2.768685300381683034e-01,-2.475802915142781002e-01,-3.244452371516907685e-01,-2.311531096402474894e-01,-2.727672439854968989e-01,1.933211926042955331e-01,2.158186573174813161e-01,2.106605572332035520e-02,-4.945532124080773140e-02,-2.361608734109092028e-02,1.107541866905120409e-01,5.173869423544178447e-01,-2.144102117762426707e-01,3.270622233322517669e-01,3.956359244088362148e-01,8.263964516132550620e-02,-2.838333518549440715e-01,4.780362221998376571e-01,1.969538366508407634e-01,5.479676948227885092e-01,-1.983954084100565673e-01,-2.254397006780625157e-01
7.137133633330110527e-01,6.852531354725784896e-01,6.618848611449764663e-01,8.108403015599975339e-01,5.483814793263849241e-01,2.990418877733128089e-01,8.222043603919959587e-01,-2.591914391343431157e-01,8.529020939014995140e-01,8.100368773794731636e-01,-1.231870783335379804e-01,7.660212809863973238e-01,-2.098906487766777629e-01,5.403882532912988035e-01,6.579855266715740614e-01,7.855722127599971127e-01,-2.768685300381683034e-01,1.000000000000000000e+00,8.611874215710271230e-01,7.323651062924607658e-01,5.432117994699184882e-01,7.025341086600509488e-01,6.088271036718299056e-01,3.429264109035002339e-01,4.842355387641454345e-01,7.937844789871638662e-01,5.271871025187602200e-01,5.659906807538150897e-01,-5.552512673401748255e-01,7.005190897146775786e-01,-2.466155243525777474e-01,-2.529915332400465844e-01,-5.225997998818603385e-01,5.527502271339448381e-01,-1.723920734875017957e-01,2.771304405550709116e-01,-5.562592560020788307e-02,8.732634912004310079e-01,8.464204545561244686e-01
6.744397187161581542e-01,6.221918142989034672e-01,6.586064672651099627e-01,8.391267569083519229e-01,5.226080353984423610e-01,3.795098169774667740e-01,8.471086876001366894e-01,-2.126292773815651460e-01,8.189172884654529749e-01,8.419885829848900993e-01,-1.270127788206667496e-01,7.517372795577516031e-01,-9.978111058659284993e-02,5.463915072492099290e-01,6.982840227767004304e-01,7.924200348667086446e-01,-2.475802915142781002e-01,8.611874215710271230e-01,1.000000000000000000e+00,7.670093616475399667e-01,5.885360345931336390e-01,7.404512325540980600e-01,6.130944563768940814e-01,3.405661929539576249e-01,5.533542424518531622e-01,7.590030468674240360e-01,4.662165226765629944e-01,6.666617809974589859e-01,-4.815666426619103491e-01,7.057828359674297447e-01,-1.595461695889088816e-01,-2.080091248661932735e-01,-5.176368571450825629e-01,5.485159149205381945e-01,-1.730702297816774371e-01,2.786865406670658851e-01,-4.709763044457366404e-02,8.403820898293573594e-01,8.100921764004052061e-01
4.289725234812142851e-01,4.428785999610450608e-01,6.485786753501454616e-01,8.130295121198973796e-01,4.417611240173562881e-01,4.082681237265706753e-01,8.330492056808673773e-01,-9.138028602882258822e-02,6.812268853688767667e-01,6.730796724312774204e-01,2.298805961343457910e-02,7.535665420407784421e-01,1.211790890288114014e-01,4.774657082947145748e-01,7.007153479076861924e-01,5.902008436473580311e-01,-3.244452371516907685e-01,7.323651062924607658e-01,7.670093616475399667e-01,1.000000000000000000e+00,7.057706903520111208e-01,8.144894186804930714e-01,5.924911204839764522e-01,4.339045599717364365e-01,5.942980093807396225e-01,5.787516029108207283e-01,2.804849523802803724e-01,6.121319680393689788e-01,-4.848520803288552949e-01,4.880065502022830626e-01,-1.873640536901184095e-01,-2.742880097089754332e-01,-4.022213066812104776e-01,6.335399336018694427e-01,-1.701751358711544038e-01,2.285418967542515722e-01,2.554960234420506487e-02,6.697411538083757332e-01,6.578935401018348728e-01
2.736491956215021393e-01,2.467212632137223971e-01,7.393018012269739758e-01,6.303376963524157661e-01,3.520744158028443205e-01,3.953569431458972550e-01,5.732888650916668771e-01,-4.183564361952855082e-01,4.343211827155076810e-01,4.577022332159834117e-01,2.243786117780717168e-02,4.203521283441118417e-01,2.359195441031523843e-01,4.700516782427837104e-01,3.800339118511066316e-01,3.467921914721743271e-01,-2.311531096402474894e-01,5.432117994699184882e-01,5.885360345931336390e-01,7.057706903520111208e-01,1.000000000000000000e+00,8.465767401055668273e-01,5.450882528796390236e-01,3.532614320787271223e-01,5.906746302923260306e-01,3.825243521770278488e-01,1.211598478166658333e-01,5.401349730899005497e-01,-2.719987296921535513e-01,2.402633170607386126e-01,4.237295273001634444e-02,-2.683971988484270543e-01,6.134539505523985137e-02,3.318452135868049102e-01,-1.192021008369816525e-02,3.815026114432385484e-01,1.630268994180832376e-01,4.314765093988467415e-01,3.558406138842030719e-01
4.343187773091065074e-01,4.281236482364065288e-01,7.867744235831835020e-01,7.478703799267397700e-01,4.650555825592298520e-01,4.247256495267919263e-01,7.414880687021593308e-01,-3.646425382401349280e-01,6.070979301548774520e-01,6.168756950030902519e-01,-1.091259774637204881e-02,6.234020570458815858e-01,1.052824946040191167e-01,5.237026230731138821e-01,5.565072583820479535e-01,5.212484398618476567e-01,-2.727672439854968989e-01,7.025341086600509488e-01,7.404512325540980600e-01,8.144894186804930714e-01,8.465767401055668273e-01,1.000000000000000000e+00,6.203757017012689889e-01,4.223363130387657316e-01,6.088334635289508467e-01,5.605383312219455183e-01,2.891947145271212549e-01,6.274125490230529900e-01,-3.863061555513856438e-01,4.124884875524331695e-01,-8.549007565438110356e-02,-2.606466136212172713e-01,-1.860379137018547124e-01,4.724595182374907720e-01,-7.404033397795375948e-02,3.322087020636046995e-01,8.576290983324996731e-02,6.132871934922025092e-01,5.569372567674367724e-01
5.357313419783606978e-01,4.323403994302476572e-01,5.971934562169407545e-01,5.932428917083572006e-01,5.861769345267887621e-01,6.630710517071950472e-01,5.746293000055586742e-01,-2.681181517281810422e-01,5.611418935980226896e-01,5.984817241613036298e-01,-8.298014368761384707e-02,5.099829145636570749e-01,1.944466420319025113e-01,7.195989546837402440e-01,4.529572213027058813e-01,5.342473369258149418e-01,1.933211926042955331e-01,6.088271036718299056e-01,6.130944563768940814e-01,5.924911204839764522e-01,5.450882528796390236e-01,6.203757017012689889e-01,1.000000000000000000e+00,6.362291367229045980e-01,7.168363685835846821e-01,6.542824618023225236e-01,3.658912242679500659e-01,6.690378171341627711e-01,-1.863055295478429907e-01,4.369453921397468132e-01,1.093397713369089613e-01,-1.161180942971019175e-01,-2.424524331113425968e-01,3.544012011293212749e-01,2.634600222716478313e-01,5.249521835516617330e-01,4.356113813774599719e-01,5.934191150454103392e-01,5.247086521208091936e-01
2.847586870520643632e-01,2.172548658882518247e-01,3.339553053342815825e-01,3.210453699624604695e-01,4.221543650462539210e-01,6.960299139533193680e-01,3.366944528777670032e-01,-3.307969011075697491e-02,3.358498691425289007e-01,3.165032339653775506e-01,-1.137472835117220304e-02,3.781147884633113132e-01,3.041032007540520610e-01,5.681232847746925385e-01,3.750018875659297812e-01,2.502176981934954858e-01,2.158186573174813161e-01,3.429264109035002339e-01,3.405661929539576249e-01,4.339045599717364365e-01,3.532614320787271223e-01,4.223363130387657316e-01,6.362291367229045980e-01,1.000000000000000000e+00,6.513936286433582579e-01,4.235738931765169468e-01,2.053324380847075803e-01,5.191671810907837470e-01,4.754555923523851729e-02,1.887073433115024068e-01,6.528778661738482425e-02,-5.748197187894790033e-02,-1.515161040731565767e-01,2.894530619752326284e-01,4.535739597833687853e-01,3.751824522266231643e-01,5.956807300842995589e-01,3.561717423434188623e-01,2.910535827500385087e-01
3.693818616485711193e-01,2.880022004864804530e-01,5.754738310760666442e-01,5.370779186558354290e-01,4.942446797797703240e-01,6.905095232733613475e-01,5.023589506002469340e-01,-1.941139653874738857e-01,4.713640505045212370e-01,5.120231658810220354e-01,-1.310480200013204588e-01,4.451670516550685353e-01,3.184486142757654292e-01,6.336995473070859974e-01,4.384396010511663611e-01,3.962326259819380359e-01,2.106605572332035520e-02,4.842355387641454345e-01,5.533542424518531622e-01,5.942980093807396225e-01,5.906746302923260306e-01,6.088334635289508467e-01,7.168363685835846821e-01,6.513936286433582579e-01,1.000000000000000000e+00,5.024487069811842677e-01,1.626109166612407231e-01,6.393162003121461989e-01,-1.732163502856101933e-01,3.361547766346859589e-01,1.533371030895486764e-01,-2.053603505721595390e-01,-1.154190645334057380e-01,3.631833533664772795e-01,2.360011252929129222e-01,4.479144805629800552e-01,3.947027608121289055e-01,4.686964338376203854e-01,3.943575189438432438e-01
8.327517859189360605e-01,7.758411374278292305e-01,6.070589949652094308e-01,6.267067965546274655e-01,6.506385050070823128e-01,4.124572903901466692e-01,6.821985381398041337e-01,-3.065658690631958283e-01,8.313472393240820546e-01,8.111442058546187717e-01,-1.345015042397147143e-01,7.272505435938633189e-01,-2.239059772677034488e-01,6.824261746832915865e-01,6.239406412422344728e-01,8.005742946992020492e-01,-4.945532124080773140e-02,7.937844789871638662e-01,7.590030468674240360e-01,5.787516029108207283e-01,3.825243521770278488e-01,5.605383312219455183e-01,6.542824618023225236e-01,4.235738931765169468e-01,5.024487069811842677e-01,1.000000000000000000e+00,6.909130982698057366e-01,6.406243813799415987e-01,-2.805411549777902525e-01,7.466544847525432571e-01,-1.119084862390874180e-01,-9.461001993030739368e-03,-5.213754471333804652e-01,5.369169046132289402e-01,5.421352013855580687e-02,3.653545472081761725e-01,1.303155102221041084e-01,8.456786246491475589e-01,8.121212026969616415e-01
5.741107183199916086e-01,6.701830219162403512e-01,4.278399055836080156e-01,3.346253362122589281e-01,5.661534705606010576e-01,6.830084500029673378e-02,4.192523369589942206e-01,-3.250900261959325244e-01,5.779342816134149796e-01,5.957732669153099625e-01,-1.481033320705881784e-01,4.681525099493387687e-01,-1.923307364849225765e-01,4.672119892011257769e-01,3.001283634550965806e-01,5.627184320499309944e-01,-2.361608734109092028e-02,5.271871025187602200e-01,4.662165226765629944e-01,2.804849523802803724e-01,1.211598478166658333e-01,2.891947145271212549e-01,3.658912242679500659e-01,2.053324380847075803e-01,1.626109166612407231e-01,6.909130982698057366e-01,1.000000000000000000e+00,3.613640024706227249e-01,-7.311373644322592680e-02,6.199506059187774865e-01,6.232316775299307637e-02,3.394872000841667736e-01,-2.842956406470099062e-01,3.414436058531065687e-01,1.475412277555071539e-01,3.295652035660697199e-01,7.320246118469972418e-02,5.570447077932795255e-01,5.628376276397060174e-01
5.140709499763025381e-01,3.972178892150873830e-01,6.230722727629447455e-01,6.037324703983979468e-01,6.423392529381615201e-01,6.186472245823783078e-01,5.748123485475316041e-01,-2.510762141131469005e-01,5.447754522112359110e-01,6.352049664025241071e-01,-8.405348971386689128e-02,5.494643607672127228e-01,2.064823469460243810e-01,6.497865543376625252e-01,4.272007672602911588e-01,6.104113165199644975e-01,1.107541866905120409e-01,5.659906807538150897e-01,6.666617809974589859e-01,6.121319680393689788e-01,5.401349730899005497e-01,6.274125490230529900e-01,6.690378171341627711e-01,5.191671810907837470e-01,6.393162003121461989e-01,6.406243813799415987e-01,3.613640024706227249e-01,1.000000000000000000e+00,3.718373509506720659e-02,5.150538581817896144e-01,2.319713009365257927e-01,6.997576794144054479e-02,-2.154151337009384548e-01,3.495836411458388970e-01,1.938488988570933047e-01,4.675367341271784438e-01,3.830225107991052647e-01,5.537645296400024453e-01,4.812115643675184962e-01
-2.573372203338118447e-01,-3.182797012295695005e-01,-2.553587792879055685e-01,-5.058682578755562265e-01,-6.376495880343731326e-02,4.326562208195754156e-02,-5.619049453369701075e-01,-4.449478369316771376e-02,-4.792570699139044876e-01,-4.175784333376829638e-01,4.808926092041898581e-02,-4.755057961871602679e-01,3.360967212220865585e-01,2.715239207332700161e-02,-5.424115135689172584e-01,-4.130230962211816070e-01,5.173869423544178447e-01,-5.552512673401748255e-01,-4.815666426619103491e-01,-4.848520803288552949e-01,-2.719987296921535513e-01,-3.863061555513856438e-01,-1.863055295478429907e-01,4.754555923523851729e-02,-1.732163502856101933e-01,-2.805411549777902525e-01,-7.311373644322592680e-02,3.718373509506720659e-02,1.000000000000000000e+00,-3.192188008519329379e-01,4.915404158582907801e-01,5.862676974286734621e-01,5.036201897765341107e-01,-3.958974859735243657e-01,4.588066215308291285e-01,1.917687443598211916e-01,4.408333768342299619e-01,-4.948461395085453907e-01,-5.523517729885708549e-01
6.995978319630929976e-01,7.027233719637761000e-01,5.388735105218639410e-01,6.048588104701118073e-01,6.184006889491345804e-01,1.611955360556861505e-01,6.177413742175013045e-01,-2.662653556157396628e-01,8.108413638929670153e-01,8.405820910249153233e-01,-1.521641059998291856e-01,6.967304819123187887e-01,-3.402002155017687102e-01,4.987280960656654272e-01,5.772164683273226515e-01,8.576769650662071642e-01,-2.144102117762426707e-01,7.005190897146775786e-01,7.057828359674297447e-01,4.880065502022830626e-01,2.402633170607386126e-01,4.124884875524331695e-01,4.369453921397468132e-01,1.887073433115024068e-01,3.361547766346859589e-01,7.466544847525432571e-01,6.199506059187774865e-01,5.150538581817896144e-01,-3.192188008519329379e-01,1.000000000000000000e+00,-1.145511669009121047e-01,5.053181045420217232e-02,-4.880489367190095074e-01,5.889093445547806116e-01,-2.249195177629131348e-01,1.335741725905968125e-01,-1.412798027085120922e-01,7.654000364431782222e-01,7.685278513392397315e-01
-1.261737273277013238e-01,-1.056326724170048720e-01,9.843740976615801552e-02,-1.263803018532826117e-01,2.682193029499653769e-01,1.171600380898549371e-01,-2.670288756364229688e-01,-2.372179797398112633e-01,-2.902087050914389788e-01,-6.733289325386047908e-02,-4.651221859747813048e-02,-3.275735769174457634e-01,5.188746310564403830e-01,2.468157464034794468e-01,-4.775928959037066268e-01,-1.602046821768584317e-01,3.270622233322517669e-01,-2.466155243525777474e-01,-1.595461695889088816e-01,-1.873640536901184095e-01,4.237295273001634444e-02,-8.549007565438110356e-02,1.093397713369089613e-01,6.528778661738482425e-02,1.533371030895486764e-01,-1.119084862390874180e-01,6.232316775299307637e-02,2.319713009365257927e-01,4.915404158582907801e-01,-1.145511669009121047e-01,1.000000000000000000e+00,4.467284338383905040e-01,5.401523610826634014e-01,-3.371090341276839486e-01,4.556088792420730504e-01,4.549960092222705699e-01,4.756243197069300321e-01,-3.002616850593515241e-01,-3.572815178185069218e-01
-1.031903821955742866e-02,9.479655718262774977e-02,-7.721793483837938177e-02,-2.291650413867552805e-01,2.064151357411220244e-01,-5.031866059744851544e-02,-2.181951413099497694e-01,-8.659147526572172349e-02,-1.356409562248803158e-01,-4.806148911426036396e-02,-2.557930680886179656e-02,-1.664219617098511017e-01,1.307159050450604210e-01,1.474445245200783072e-01,-2.966651653321029092e-01,-6.233109425461278580e-02,3.956359244088362148e-01,-2.529915332400465844e-01,-2.080091248661932735e-01,-2.742880097089754332e-01,-2.683971988484270543e-01,-2.606466136212172713e-01,-1.161180942971019175e-01,-5.748197187894790033e-02,-2.053603505721595390e-01,-9.461001993030739368e-03,3.394872000841667736e-01,6.997576794144054479e-02,5.862676974286734621e-01,5.053181045420217232e-02,4.467284338383905040e-01,1.000000000000000000e+00,2.093241057114308690e-01,-1.144951852025269112e-01,2.641488566994587006e-01,2.122524018026016868e-01,2.376399983634053248e-01,-1.895620512375660593e-01,-1.943373783621722417e-01
-4.802367993684497072e-01,-4.241793685360515376e-01,-1.645149012297866115e-02,-4.207864163744357566e-01,-1.556613954325677951e-01,-2.406498929052985070e-01,-5.655562050156832665e-01,-3.160439567732422628e-01,-5.822682589249958962e-01,-5.055946293042274942e-01,8.975216319923345898e-02,-6.296801224304636735e-01,4.369033276465332238e-01,-1.067860484184652431e-01,-7.293804484952525202e-01,-5.836421307147320325e-01,8.263964516132550620e-02,-5.225997998818603385e-01,-5.176368571450825629e-01,-4.022213066812104776e-01,6.134539505523985137e-02,-1.860379137018547124e-01,-2.424524331113425968e-01,-1.515161040731565767e-01,-1.154190645334057380e-01,-5.213754471333804652e-01,-2.842956406470099062e-01,-2.154151337009384548e-01,5.036201897765341107e-01,-4.880489367190095074e-01,5.401523610826634014e-01,2.093241057114308690e-01,1.000000000000000000e+00,-4.851653187509719078e-01,3.174693065838211092e-01,1.826152843310779594e-01,2.541258908604316358e-01,-6.289420824794399456e-01,-6.970442977860007439e-01
4.494220011189504760e-01,5.107841927862809550e-01,4.431307117598299317e-01,5.103374069185245832e-01,4.141036106857380328e-01,1.969332857360364120e-01,6.250660960124649890e-01,-7.650265218325966177e-02,7.224850693358758624e-01,6.256031436898480402e-01,8.386481376179304170e-02,7.631549587335536566e-01,-1.745530693505037700e-01,3.781950730835038632e-01,7.246015868756651157e-01,5.761174105972731718e-01,-2.838333518549440715e-01,5.527502271339448381e-01,5.485159149205381945e-01,6.335399336018694427e-01,3.318452135868049102e-01,4.724595182374907720e-01,3.544012011293212749e-01,2.894530619752326284e-01,3.631833533664772795e-01,5.369169046132289402e-01,3.414436058531065687e-01,3.495836411458388970e-01,-3.958974859735243657e-01,5.889093445547806116e-01,-3.371090341276839486e-01,-1.144951852025269112e-01,-4.851653187509719078e-01,1.000000000000000000e+00,-2.534846146239721487e-01,-1.387318361759541374e-01,-9.948288184482724505e-02,6.429920788408287624e-01,6.702131227136276514e-01
-4.038524736619754710e-03,-3.074098564648728230e-02,-2.595435135797792212e-02,-2.237220549469962905e-01,1.486673340379230657e-01,3.798201821695194602e-01,-2.059112779335252885e-01,-8.160610421277877946e-02,-2.068209584448108818e-01,-1.508178290329652838e-01,3.647873871266563844e-02,-2.242348744558558538e-01,4.327694865709983407e-01,3.592309155747350213e-01,-2.611504746845969005e-01,-2.149511417009980496e-01,4.780362221998376571e-01,-1.723920734875017957e-01,-1.730702297816774371e-01,-1.701751358711544038e-01,-1.192021008369816525e-02,-7.404033397795375948e-02,2.634600222716478313e-01,4.535739597833687853e-01,2.360011252929129222e-01,5.421352013855580687e-02,1.475412277555071539e-01,1.938488988570933047e-01,4.588066215308291285e-01,-2.249195177629131348e-01,4.556088792420730504e-01,2.641488566994587006e-01,3.174693065838211092e-01,-2.534846146239721487e-01,1.000000000000000000e+00,4.594243137300688673e-01,7.913557443779715150e-01,-1.615192427323241531e-01,-2.258112592348116010e-01
3.149504421194432302e-01,2.389397311455916106e-01,3.960906908016622041e-01,3.080993882729320954e-01,4.083136201877065052e-01,3.835074889083223693e-01,2.003237528519156707e-01,-3.060722737008788052e-01,1.702017721444730736e-01,2.770113386838669034e-01,-7.471640142050789413e-02,6.802809309722178399e-02,3.482654570754036283e-01,5.434767455902592692e-01,-6.920738676858545491e-02,1.876490801806821318e-01,1.969538366508407634e-01,2.771304405550709116e-01,2.786865406670658851e-01,2.285418967542515722e-01,3.815026114432385484e-01,3.322087020636046995e-01,5.249521835516617330e-01,3.751824522266231643e-01,4.479144805629800552e-01,3.653545472081761725e-01,3.295652035660697199e-01,4.675367341271784438e-01,1.917687443598211916e-01,1.335741725905968125e-01,4.549960092222705699e-01,2.122524018026016868e-01,1.826152843310779594e-01,-1.387318361759541374e-01,4.594243137300688673e-01,1.000000000000000000e+00,4.737992256525174195e-01,2.042411915662012412e-01,1.099043964921267852e-01
4.371777051369821199e-02,-2.151070937376741918e-02,1.129076287328087680e-01,-7.899437936637734858e-02,2.744354902312895472e-01,5.777478508991051864e-01,-6.997368874605658373e-02,-1.128664269211590160e-01,-7.750352247922830118e-02,-2.807214630478484588e-02,8.757531752154698590e-02,-6.251930726977669717e-02,5.225496496238569710e-01,4.845922487493717346e-01,-9.668204836703102323e-02,-9.818432341089639026e-02,5.479676948227885092e-01,-5.562592560020788307e-02,-4.709763044457366404e-02,2.554960234420506487e-02,1.630268994180832376e-01,8.576290983324996731e-02,4.356113813774599719e-01,5.956807300842995589e-01,3.947027608121289055e-01,1.303155102221041084e-01,7.320246118469972418e-02,3.830225107991052647e-01,4.408333768342299619e-01,-1.412798027085120922e-01,4.756243197069300321e-01,2.376399983634053248e-01,2.541258908604316358e-01,-9.948288184482724505e-02,7.913557443779715150e-01,4.737992256525174195e-01,1.000000000000000000e+00,-4.817221258634142578e-02,-1.208520658041561252e-01
7.831355870731887547e-01,7.275162195036081192e-01,5.756712783960173940e-01,7.302227140099196712e-01,5.407616654239089105e-01,3.465415374379853253e-01,7.899787357359159268e-01,-2.004355820781540398e-01,8.958091838899805426e-01,8.417811198731254274e-01,-1.099843199152513856e-01,8.012987130936864988e-01,-2.931029260080265653e-01,5.653533140519816369e-01,7.481954915179991339e-01,8.326782814903055385e-01,-1.983954084100565673e-01,8.732634912004310079e-01,8.403820898293573594e-01,6.697411538083757332e-01,4.314765093988467415e-01,6.132871934922025092e-01,5.934191150454103392e-01,3.561717423434188623e-01,4.686964338376203854e-01,8.456786246491475589e-01,5.570447077932795255e-01,5.537645296400024453e-01,-4.948461395085453907e-01,7.654000364431782222e-01,-3.002616850593515241e-01,-1.895620512375660593e-01,-6.289420824794399456e-01,6.429920788408287624e-01,-1.615192427323241531e-01,2.042411915662012412e-01,-4.817221258634142578e-02,1.000000000000000000e+00,8.966878869082640646e-01
7.491905656777362310e-01,7.258517521056563337e-01,5.155585761700706149e-01,6.975446540867186185e-01,5.094466937244152005e-01,2.831718688306768539e-01,7.948798503181512265e-01,-1.408328178303266676e-01,8.867655452239234792e-01,8.278245708285676407e-01,-1.321125950668785576e-01,8.231481550830582750e-01,-3.488243051768624148e-01,4.923909658064538064e-01,7.856772541418688416e-01,8.292244011933986858e-01,-2.254397006780625157e-01,8.464204545561244686e-01,8.100921764004052061e-01,6.578935401018348728e-01,3.558406138842030719e-01,5.569372567674367724e-01,5.247086521208091936e-01,2.910535827500385087e-01,3.943575189438432438e-01,8.121212026969616415e-01,5.628376276397060174e-01,4.812115643675184962e-01,-5.523517729885708549e-01,7.685278513392397315e-01,-3.572815178185069218e-01,-1.943373783621722417e-01,-6.970442977860007439e-01,6.702131227136276514e-01,-2.258112592348116010e-01,1.099043964921267852e-01,-1.208520658041561252e-01,8.966878869082640646e-01,1.000000000000000000e+00
