1.000000000000000000e+00,5.368975427358962937e-01,5.639520052429222163e-01,-2.357800547611478281e-01,4.655488437979284355e-01,2.995357270847446851e-01,5.539003718650792329e-01,6.321457706314954628e-01,5.034554048813109084e-01,6.719793136180379767e-01,5.397309107560572805e-01,-1.073893415391057038e-01,-6.086284629772175103e-01,6.777117806224582930e-01,4.877065010933097633e-01,7.085171033600695667e-01,6.421321771240484644e-01,9.941973139564637407e-02,-4.113874250929726029e-01,5.304706708008863902e-01,6.906616180712893405e-01,6.783453929332949883e-01,8.756329032752947772e-02,4.848579935285722287e-01,2.737062462155960274e-01,7.347506142242066218e-01,6.820365981852275494e-01,6.884806914326443428e-01,8.114196844019043731e-01,7.270043409216471186e-01,6.383173697090203103e-01,6.848958750121181271e-01,6.280039771379017921e-01,-1.450576301971372994e-01,7.851172792370744169e-01,1.372970997450449759e-01,7.344923088901058605e-01,2.292481647883055362e-01,-4.562579036949531708e-01
5.368975427358962937e-01,1.000000000000000000e+00,2.114331587545023039e-01,2.462080013988924287e-01,2.019980781535574144e-01,-1.942302909816464446e-02,2.403093134010041432e-01,-4.497894477343100661e-02,3.722244085518469636e-01,3.307729116593311480e-01,2.734703814059464277e-01,7.796090296251856344e-02,-4.407960503861050455e-02,1.714396646238554589e-01,-1.384376184210894811e-01,3.046623680954996805e-01,1.018902350504901771e-01,6.214083403468723121e-02,-9.494310961058231857e-02,-1.433836760787034377e-02,-2.690791798816174769e-03,2.983131603164036402e-02,3.418769533454805165e-01,3.591034425968490096e-01,3.669759949469783566e-01,9.145056135529679164e-02,2.213214030175403024e-01,2.085881797839635871e-03,1.544781229521710042e-01,6.586610558617191913e-01,5.806222009865887740e-02,3.063359645285873012e-01,1.037160920559906663e-01,2.785887671579712066e-01,2.231353639988285509e-01,3.262750247403760628e-01,1.553889054574736084e-01,-9.333885879711228961e-02,1.683015563325124253e-01
5.639520052429222163e-01,2.114331587545023039e-01,1.000000000000000000e+00,-2.353015169452634114e-01,7.567355145323121368e-01,2.095659209332715045e-01,4.899008555822583766e-01,4.586924876973710874e-01,6.499901509892579421e-01,7.261355045057674706e-01,4.181115645275507164e-01,1.050094697260746252e-01,-6.304338439479166833e-01,8.025930662020734907e-01,4.314507714747976563e-01,6.331157356021838156e-01,6.054326029886434313e-01,2.911753353016534041e-01,-3.210456280639857884e-01,5.129787688837742499e-01,6.665675788065368312e-01,6.858401337562707312e-01,2.088432537609687112e-01,6.112109912000057710e-01,4.250601323651044816e-01,6.417695268834273659e-01,6.816995366004943158e-01,7.018910598890728547e-01,6.333598958079649233e-01,6.562724680333327232e-01,7.101304737266800338e-01,5.918801993475596435e-01,7.300633312938492603e-01,2.442343539740340352e-01,6.795154687700858398e-01,1.609682166122581790e-02,6.265772695813066617e-01,3.465249398045403550e-01,-2.330661036878069470e-01
-2.357800547611478281e-01,2.462080013988924287e-01,-2.353015169452634114e-01,1.000000000000000000e+00,-1.223609243676784947e-01,-1.438688816047157815e-01,5.414609735805698404e-02,-6.488736524057697741e-01,-1.498879643537960327e-01,-3.021069593080939475e-01,-3.156906512091779970e-01,-2.331508243455746032e-01,6.093488508121363001e-01,-3.722361547587165753e-01,-6.663437892289414410e-01,-3.331582269531999096e-01,-5.471903308691146162e-01,-1.588916089286336597e-01,2.779665815965139952e-01,-3.533012981997618041e-01,-5.908427167711014505e-01,-5.915255549554979675e-01,1.505894931691481586e-01,-2.538187217026413589e-01,5.225450973557078786e-05,-6.075048435462815366e-01,-5.159775648076372345e-01,-6.274224715958488519e-01,-5.220631333382006467e-01,3.543781156505629391e-03,-6.335786974407621175e-01,-4.341982285683838594e-01,-5.535292615422898743e-01,2.790364020707118420e-01,-4.817397553581269087e-01,-1.533437536282133973e-02,-4.776273468650529264e-01,-5.761962847813603128e-01,3.897091774412220211e-01
4.655488437979284355e-01,2.019980781535574144e-01,7.567355145323121368e-01,-1.223609243676784947e-01,1.000000000000000000e+00,2.459974814734780524e-01,4.351266409780099598e-01,3.227366534263730324e-01,5.228345532707485699e-01,6.265778174712576254e-01,2.937680016961223828e-01,7.894544186131226271e-02,-5.441735680245446405e-01,7.322414548144545732e-01,3.052873113030354912e-01,5.259098401766609809e-01,5.168029853112671157e-01,1.081226187960293988e-01,-2.514151256037421844e-01,4.279019195021632194e-01,5.182773174122548010e-01,5.255461024398072611e-01,2.000934456919733762e-01,4.691298041833601440e-01,3.954839665157582895e-01,4.549005068518375272e-01,4.818987727901013485e-01,5.615499834453835382e-01,4.786081327175208400e-01,5.429738242446081609e-01,5.724429293277555342e-01,4.295283709330927624e-01,5.626909873636087855e-01,2.445492004355500348e-01,5.118347884694844918e-01,-4.035550229320838261e-02,5.020818582611581427e-01,2.334744499906107607e-01,-1.485221683291204908e-01
2.995357270847446851e-01,-1.942302909816464446e-02,2.095659209332715045e-01,-1.438688816047157815e-01,2.459974814734780524e-01,1.000000000000000000e+00,2.180756543332864617e-01,3.326826524049148470e-01,-6.456260276823602706e-02,1.308932504934201269e-01,4.926754609132045215e-01,-1.265365188363904402e-02,-4.034577473428619943e-01,3.687028400482643131e-01,8.700626444982957619e-02,1.733059291769481203e-01,4.927164238231185323e-01,-2.437339166290492520e-01,-3.135828184660807150e-01,3.160455581908744316e-01,3.643468377466270169e-01,3.698069376520362606e-01,-1.105090579912805515e-01,-3.020842856967146696e-03,-7.826284452481888088e-02,2.598724496478220236e-01,3.538127410108190540e-01,3.076814862347984070e-01,3.470114846996907310e-01,4.882354656590046776e-02,3.755258383117732190e-01,4.403484906231173168e-01,4.197034446846011346e-01,-3.060899246841408683e-01,4.432603888492066546e-01,4.560099416108271547e-02,5.157452416638257375e-01,-1.321427678414126457e-02,-2.841522323781039971e-01
5.539003718650792329e-01,2.403093134010041432e-01,4.899008555822583766e-01,5.414609735805698404e-02,4.351266409780099598e-01,2.180756543332864617e-01,1.000000000000000000e+00,4.353910655015235109e-01,3.539971369439074977e-01,6.012540267621250267e-01,1.918376476544095544e-01,-3.407400303041764889e-01,-4.411261066619818760e-01,5.315869573622501454e-01,2.529252906517594490e-01,5.695293802992410503e-01,4.028230505264264183e-01,-6.394885420326525648e-03,-3.794072950634879704e-01,5.757157790171024692e-01,5.109573542423857528e-01,5.149626781754992333e-01,-2.001288393548951439e-02,2.773891444864673428e-01,1.016731849272324156e-01,4.645522318356679059e-01,4.117465763201966222e-01,5.330402604205269901e-01,4.839799814214416074e-01,4.713718368121188607e-01,4.869885075391168217e-01,3.781132878757881843e-01,4.208889757251976782e-01,-7.863486423887085242e-02,5.141567635733773622e-01,-2.663562493878593104e-02,5.282356734944743115e-01,-5.425340607454748332e-02,-4.037057016981446256e-01
6.321457706314954628e-01,-4.497894477343100661e-02,4.586924876973710874e-01,-6.488736524057697741e-01,3.227366534263730324e-01,3.326826524049148470e-01,4.353910655015235109e-01,1.000000000000000000e+00,2.272687276580206139e-01,5.779648558755807741e-01,4.538383979476763863e-01,-1.063142712767164016e-01,-7.984760147646116080e-01,6.042453767182697222e-01,7.151481761124877101e-01,6.029120303395972824e-01,7.149080732579686792e-01,5.963147592202761027e-02,-5.742119950383627325e-01,6.570942708363639584e-01,9.025018848571344510e-01,8.916515609549797716e-01,-3.079551011104469382e-01,3.325885437842007186e-01,-4.550511177032651872e-02,8.160987636782051080e-01,7.276196786289373941e-01,8.657445800375825895e-01,8.320921171962085694e-01,2.908187879227041583e-01,8.241497877136756411e-01,6.233229315380870439e-01,7.411261438670615487e-01,-4.608855028383486707e-01,8.090008434702515849e-01,-6.135793820318773475e-03,8.323951433241415510e-01,3.276112062159747818e-01,-7.235587218448328306e-01
5.034554048813109084e-01,3.722244085518469636e-01,6.499901509892579421e-01,-1.498879643537960327e-01,5.228345532707485699e-01,-6.456260276823602706e-02,3.539971369439074977e-01,2.272687276580206139e-01,1.000000000000000000e+00,7.422281509768748897e-01,1.603460578183666663e-01,3.056051495641688431e-01,-4.218618952547347201e-01,5.885155559065696762e-01,4.354501073906270614e-01,7.115137873930610368e-01,4.093927918951259515e-01,6.232814029901466713e-01,1.208350618474832022e-01,3.054415352627422586e-01,3.615888661597016496e-01,3.784169094308667547e-01,5.850677264416872525e-01,6.892026935695062528e-01,6.558523651841468016e-01,5.322937507267531121e-01,5.106327642598101901e-01,5.078450506645566520e-01,4.193453398335056925e-01,7.052686272725957606e-01,4.748318731964402128e-01,4.375348726953257050e-01,4.897160587859727965e-01,4.740225365761379095e-01,4.700520898321723928e-01,-4.679157795469790493e-02,3.481408755531267274e-01,5.229990826135497706e-01,4.968678804642796126e-02
6.719793136180379767e-01,3.307729116593311480e-01,7.261355045057674706e-01,-3.021069593080939475e-01,6.265778174712576254e-01,1.308932504934201269e-01,6.012540267621250267e-01,5.779648558755807741e-01,7.422281509768748897e-01,1.000000000000000000e+00,3.014132383052223751e-01,2.359330680579581341e-02,-7.006315774220696069e-01,7.186966885036434327e-01,5.352282166236785876e-01,8.984489352386250127e-01,6.376862315522916491e-01,3.864651772295455423e-01,-2.364258298174015116e-01,5.960539189665817750e-01,6.867576845580783962e-01,7.042651739951920620e-01,3.452923941058975710e-01,6.846936680574454703e-01,5.545443335556810016e-01,7.262669961056652523e-01,6.739668068005234547e-01,7.585057136666578659e-01,6.633778405998411731e-01,7.150048539416147264e-01,7.442327204190040124e-01,5.795324235778223088e-01,6.588436674124825698e-01,8.210964653402054447e-02,6.959294082226904488e-01,-5.064392078233125039e-02,6.562170298160502346e-01,3.871603531847718771e-01,-3.074157679882092986e-01
5.397309107560572805e-01,2.734703814059464277e-01,4.181115645275507164e-01,-3.156906512091779970e-01,2.937680016961223828e-01,4.926754609132045215e-01,1.918376476544095544e-01,4.538383979476763863e-01,1.603460578183666663e-01,3.014132383052223751e-01,1.000000000000000000e+00,2.692265840983654526e-02,-5.331826213141014348e-01,4.654259537286986603e-01,1.401378436106297531e-01,2.862497250592688225e-01,5.676790362615045105e-01,-1.376787833019038620e-01,-4.620881593044802171e-01,2.266956903891872432e-01,5.310703905471710895e-01,5.197664083825525028e-01,-1.701901147248973956e-01,3.405499497362410866e-01,-2.713179116894708087e-02,5.094345189248077332e-01,6.700827750493584256e-01,4.377962250421224555e-01,5.524612540879413336e-01,3.532108863134446608e-01,5.417309441595117292e-01,7.697473700186500123e-01,4.177613542999555896e-01,-2.927753252805838091e-01,5.761715951358760135e-01,1.343932875899987722e-01,5.659408885532062339e-01,1.138764431572790309e-01,-2.932427141841710827e-01
-1.073893415391057038e-01,7.796090296251856344e-02,1.050094697260746252e-01,-2.331508243455746032e-01,7.894544186131226271e-02,-1.265365188363904402e-02,-3.407400303041764889e-01,-1.063142712767164016e-01,3.056051495641688431e-01,2.359330680579581341e-02,2.692265840983654526e-02,1.000000000000000000e+00,8.855512815895877398e-04,1.162549117318202041e-01,2.330631653981011242e-01,9.101415777047129618e-02,7.421626396455920094e-02,3.348548471339485300e-01,3.314122565974580992e-01,-8.628848180547633862e-02,-8.663278061963027021e-02,-4.837973422360842407e-02,2.907163132056727051e-01,2.999910608666717104e-01,3.194257230353095833e-01,1.343443212911725991e-02,2.096103438813838316e-01,-6.140418764418199664e-03,-4.805630974372802899e-02,5.089241341856625550e-02,2.997996519990426753e-02,2.134595109462842921e-01,1.394652392530714435e-01,3.970969420773593495e-01,1.430841868382147324e-02,1.630597082659868136e-01,-9.627459646006701621e-02,4.790304928882248015e-01,5.107729002655535533e-01
-6.086284629772175103e-01,-4.407960503861050455e-02,-6.304338439479166833e-01,6.093488508121363001e-01,-5.441735680245446405e-01,-4.034577473428619943e-01,-4.411261066619818760e-01,-7.984760147646116080e-01,-4.218618952547347201e-01,-7.006315774220696069e-01,-5.331826213141014348e-01,8.855512815895877398e-04,1.000000000000000000e+00,-7.030643772663929258e-01,-6.163969610432969981e-01,-6.714871136864837275e-01,-8.059045381708992428e-01,-1.279662904610582297e-01,4.649732545178656418e-01,-6.773825740199743706e-01,-8.622857581725567044e-01,-8.721723061339476946e-01,5.497063998093233012e-02,-5.645399665514254650e-01,-2.009858813462892801e-01,-7.995352955006186368e-01,-7.793494740247627339e-01,-8.637391566452913283e-01,-7.711039383597182439e-01,-3.868473805096784290e-01,-9.030224089101444029e-01,-7.092201071495839448e-01,-8.118655753070693759e-01,2.443785371289251829e-01,-7.867404633522783186e-01,-6.534066915612571358e-02,-8.174025013118043637e-01,-4.032611184017985684e-01,5.066310907649964612e-01
6.777117806224582930e-01,1.714396646238554589e-01,8.025930662020734907e-01,-3.722361547587165753e-01,7.322414548144545732e-01,3.687028400482643131e-01,5.315869573622501454e-01,6.042453767182697222e-01,5.885155559065696762e-01,7.186966885036434327e-01,4.654259537286986603e-01,1.162549117318202041e-01,-7.030643772663929258e-01,1.000000000000000000e+00,5.839164442774484876e-01,7.085531442680076397e-01,6.796980515063060224e-01,2.070713605722903916e-01,-3.293237010688969679e-01,5.999541093458133911e-01,7.501257157483655069e-01,7.491556360986814100e-01,1.543269344766540763e-01,5.600021676737514387e-01,3.544601427687775752e-01,7.263150214990741205e-01,7.135673843583177911e-01,7.860070181505888209e-01,7.450845990538832453e-01,5.969253783500366728e-01,7.839972987747985123e-01,6.572879526327698452e-01,7.856487491049533034e-01,9.261822166773736598e-02,7.761891627026050733e-01,5.160180871966536104e-02,7.372427804324216405e-01,3.386838973787605345e-01,-3.928493548200041041e-01
4.877065010933097633e-01,-1.384376184210894811e-01,4.314507714747976563e-01,-6.663437892289414410e-01,3.052873113030354912e-01,8.700626444982957619e-02,2.529252906517594490e-01,7.151481761124877101e-01,4.354501073906270614e-01,5.352282166236785876e-01,1.401378436106297531e-01,2.330631653981011242e-01,-6.163969610432969981e-01,5.839164442774484876e-01,1.000000000000000000e+00,6.082651473612714632e-01,6.286506071205313351e-01,4.076070896271770660e-01,-1.294568534542316074e-01,5.669841906499845097e-01,7.065307211463913717e-01,6.904925243770798637e-01,-3.612057207676980242e-02,4.060826175603816091e-01,1.776791262631982893e-01,7.642600444843742347e-01,5.817956627111431356e-01,7.748093099521615734e-01,7.395841924510238030e-01,2.913967582169293968e-01,6.474114008477517279e-01,4.521036181918087205e-01,6.521517212804763819e-01,-1.644081750547898846e-01,6.332265031611004069e-01,-7.342760260885186629e-02,5.839989362192125055e-01,6.727815012923262783e-01,-4.555895112136407743e-01
7.085171033600695667e-01,3.046623680954996805e-01,6.331157356021838156e-01,-3.331582269531999096e-01,5.259098401766609809e-01,1.733059291769481203e-01,5.695293802992410503e-01,6.029120303395972824e-01,7.115137873930610368e-01,8.984489352386250127e-01,2.862497250592688225e-01,9.101415777047129618e-02,-6.714871136864837275e-01,7.085531442680076397e-01,6.082651473612714632e-01,1.000000000000000000e+00,6.340040790203574916e-01,3.871521034759716207e-01,-1.904934074404888711e-01,5.778755012536915814e-01,6.790245340984484290e-01,6.902916506366024718e-01,3.415346163585205597e-01,6.391299208839542612e-01,4.888883846394069810e-01,7.557663412760650123e-01,6.629455059222635338e-01,7.485038958926558683e-01,6.795194682409256837e-01,6.644278486968364650e-01,7.110166689105595905e-01,5.757919574221109782e-01,6.496219824261051379e-01,1.971351379790269726e-02,6.929467893780706378e-01,-5.015582290190260042e-03,6.392482628590477889e-01,4.425939124983469530e-01,-3.405538917002951527e-01
6.421321771240484644e-01,1.018902350504901771e-01,6.054326029886434313e-01,-5.471903308691146162e-01,5.168029853112671157e-01,4.927164238231185323e-01,4.028230505264264183e-01,7.149080732579686792e-01,4.093927918951259515e-01,6.376862315522916491e-01,5.676790362615045105e-01,7.421626396455920094e-02,-8.059045381708992428e-01,6.796980515063060224e-01,6.286506071205313351e-01,6.340040790203574916e-01,1.000000000000000000e+00,2.119372390119347027e-01,-3.563821947900672749e-01,6.652351651659009768e-01,7.957175898549270210e-01,7.841846515121597694e-01,-2.213725339005223960e-02,5.457439426725115839e-01,1.915236528044894637e-01,7.653353327990289889e-01,7.340107162081386249e-01,8.073299693666980970e-01,7.916492552720507669e-01,4.462323597711764234e-01,7.928739946506458969e-01,7.274414499922470245e-01,7.445145061507909556e-01,-2.570664144368930426e-01,7.773982951033112654e-01,6.292486310662935567e-02,7.914398509365470069e-01,4.873278889826018201e-01,-4.271639295320808216e-01
9.941973139564637407e-02,6.214083403468723121e-02,2.911753353016534041e-01,-1.588916089286336597e-01,1.081226187960293988e-01,-2.437339166290492520e-01,-6.394885420326525648e-03,5.963147592202761027e-02,6.232814029901466713e-01,3.864651772295455423e-01,-1.376787833019038620e-01,3.348548471339485300e-01,-1.279662904610582297e-01,2.070713605722903916e-01,4.076070896271770660e-01,3.871521034759716207e-01,2.119372390119347027e-01,1.000000000000000000e+00,5.348539726175545184e-01,1.037511272698193598e-01,1.131767638005237858e-01,1.107476547900487912e-01,5.329839124635539216e-01,5.202690925291209023e-01,4.858621491882115784e-01,2.483472608684881289e-01,1.441922889978526912e-01,2.379107068018100346e-01,1.532228616392692089e-01,3.588836920164439892e-01,1.384307683769646635e-01,8.747130004360981204e-02,1.835348435439067560e-01,2.813506747023241661e-01,1.351927042523569100e-01,-1.012009490342790918e-01,6.316187129795888811e-02,5.121562448073343488e-01,7.234971749845102440e-02
-4.113874250929726029e-01,-9.494310961058231857e-02,-3.210456280639857884e-01,2.779665815965139952e-01,-2.514151256037421844e-01,-3.135828184660807150e-01,-3.794072950634879704e-01,-5.742119950383627325e-01,1.208350618474832022e-01,-2.364258298174015116e-01,-4.620881593044802171e-01,3.314122565974580992e-01,4.649732545178656418e-01,-3.293237010688969679e-01,-1.294568534542316074e-01,-1.904934074404888711e-01,-3.563821947900672749e-01,5.348539726175545184e-01,1.000000000000000000e+00,-2.906647555773985703e-01,-5.561099421820072664e-01,-5.728123143355352553e-01,4.630249878293848931e-01,2.710298640213313140e-02,2.538443204458432079e-01,-4.176478416821879369e-01,-4.969808138625840810e-01,-4.602190160991475598e-01,-4.789815830471350067e-01,-1.371117293114002267e-01,-5.330697452814563420e-01,-4.049988624302986451e-01,-4.703560111876434191e-01,2.978557555844583149e-01,-5.168898449875264367e-01,-1.061883936088072883e-01,-5.492586842947231318e-01,1.447357366936721790e-01,5.047901634662022019e-01
5.304706708008863902e-01,-1.433836760787034377e-02,5.129787688837742499e-01,-3.533012981997618041e-01,4.279019195021632194e-01,3.160455581908744316e-01,5.757157790171024692e-01,6.570942708363639584e-01,3.054415352627422586e-01,5.960539189665817750e-01,2.266956903891872432e-01,-8.628848180547633862e-02,-6.773825740199743706e-01,5.999541093458133911e-01,5.669841906499845097e-01,5.778755012536915814e-01,6.652351651659009768e-01,1.037511272698193598e-01,-2.906647555773985703e-01,1.000000000000000000e+00,7.034547979360743497e-01,6.985830514507026523e-01,-4.945903138178527753e-02,3.962589757992421302e-01,1.960219938012666419e-01,6.162189021947512835e-01,5.443970705976325375e-01,7.246899952813758983e-01,6.413339259219827948e-01,3.036670171871870272e-01,6.557925865230278539e-01,4.755093225827785042e-01,6.511170060785085312e-01,-2.080302925848978302e-01,6.333860642937149121e-01,1.014657951333268471e-01,6.624527066187857471e-01,2.902767826547036911e-01,-4.319420638676353397e-01
6.906616180712893405e-01,-2.690791798816174769e-03,6.665675788065368312e-01,-5.908427167711014505e-01,5.182773174122548010e-01,3.643468377466270169e-01,5.109573542423857528e-01,9.025018848571344510e-01,3.615888661597016496e-01,6.867576845580783962e-01,5.310703905471710895e-01,-8.663278061963027021e-02,-8.622857581725567044e-01,7.501257157483655069e-01,7.065307211463913717e-01,6.790245340984484290e-01,7.957175898549270210e-01,1.131767638005237858e-01,-5.561099421820072664e-01,7.034547979360743497e-01,1.000000000000000000e+00,9.524578188314662963e-01,-2.097102203517504093e-01,4.533914410997211819e-01,1.004529732895856342e-01,8.670141696730784275e-01,7.964173756592329845e-01,9.256930551176433264e-01,8.905588875180917574e-01,4.168144381142606103e-01,8.989190061189736847e-01,7.031078336946575691e-01,8.040804887373639298e-01,-3.594040939486947694e-01,8.456043494347426082e-01,-1.752613760566910581e-02,8.680005518668160169e-01,3.525152325719476676e-01,-6.767361876509061513e-01
6.783453929332949883e-01,2.983131603164036402e-02,6.858401337562707312e-01,-5.915255549554979675e-01,5.255461024398072611e-01,3.698069376520362606e-01,5.149626781754992333e-01,8.916515609549797716e-01,3.784169094308667547e-01,7.042651739951920620e-01,5.197664083825525028e-01,-4.837973422360842407e-02,-8.721723061339476946e-01,7.491556360986814100e-01,6.904925243770798637e-01,6.902916506366024718e-01,7.841846515121597694e-01,1.107476547900487912e-01,-5.728123143355352553e-01,6.985830514507026523e-01,9.524578188314662963e-01,1.000000000000000000e+00,-1.852386709039603729e-01,4.615400768809193588e-01,1.285046074995890297e-01,8.529291527449078814e-01,8.101704411419375917e-01,9.207320928989517483e-01,8.668523005540530457e-01,4.285208736172282928e-01,9.098741135612290476e-01,7.143925816761945713e-01,8.336475576819840638e-01,-3.092994641594231653e-01,8.425018906402296226e-01,1.078473828195755657e-02,8.675027040666578593e-01,3.535732978504856350e-01,-6.449045111427131882e-01
8.756329032752947772e-02,3.418769533454805165e-01,2.088432537609687112e-01,1.505894931691481586e-01,2.000934456919733762e-01,-1.105090579912805515e-01,-2.001288393548951439e-02,-3.079551011104469382e-01,5.850677264416872525e-01,3.452923941058975710e-01,-1.701901147248973956e-01,2.907163132056727051e-01,5.497063998093233012e-02,1.543269344766540763e-01,-3.612057207676980242e-02,3.415346163585205597e-01,-2.213725339005223960e-02,5.329839124635539216e-01,4.630249878293848931e-01,-4.945903138178527753e-02,-2.097102203517504093e-01,-1.852386709039603729e-01,1.000000000000000000e+00,4.134688800430508793e-01,7.803347256459421954e-01,-4.818567921061412546e-02,-2.911503621945295966e-02,-4.985350885055958581e-02,-1.309878579362249162e-01,3.973520200302387284e-01,-5.580196908927344962e-02,-3.137583504270108348e-02,4.892739050146906882e-02,5.856104558938244331e-01,-3.256401497498468550e-02,3.886327426952178310e-02,-1.294217424042036213e-01,2.541444790476524718e-01,4.038804446431691342e-01
4.848579935285722287e-01,3.591034425968490096e-01,6.112109912000057710e-01,-2.538187217026413589e-01,4.691298041833601440e-01,-3.020842856967146696e-03,2.773891444864673428e-01,3.325885437842007186e-01,6.892026935695062528e-01,6.846936680574454703e-01,3.405499497362410866e-01,2.999910608666717104e-01,-5.645399665514254650e-01,5.600021676737514387e-01,4.060826175603816091e-01,6.391299208839542612e-01,5.457439426725115839e-01,5.202690925291209023e-01,2.710298640213313140e-02,3.962589757992421302e-01,4.533914410997211819e-01,4.615400768809193588e-01,4.134688800430508793e-01,1.000000000000000000e+00,5.715342287139714150e-01,5.376393659288923876e-01,5.876767172542940454e-01,5.141190493891230062e-01,4.739998965296788880e-01,5.969153872125247950e-01,5.322984138387657493e-01,5.649870374359445835e-01,5.274910127759248057e-01,1.648431986954723427e-01,5.229370830233284195e-01,8.815055089262595345e-02,4.690911786510228998e-01,4.362804079246309086e-01,-1.385381180005807421e-02
2.737062462155960274e-01,3.669759949469783566e-01,4.250601323651044816e-01,5.225450973557078786e-05,3.954839665157582895e-01,-7.826284452481888088e-02,1.016731849272324156e-01,-4.550511177032651872e-02,6.558523651841468016e-01,5.545443335556810016e-01,-2.713179116894708087e-02,3.194257230353095833e-01,-2.009858813462892801e-01,3.544601427687775752e-01,1.776791262631982893e-01,4.888883846394069810e-01,1.915236528044894637e-01,4.858621491882115784e-01,2.538443204458432079e-01,1.960219938012666419e-01,1.004529732895856342e-01,1.285046074995890297e-01,7.803347256459421954e-01,5.715342287139714150e-01,1.000000000000000000e+00,1.972384773033693250e-01,2.519277006067324742e-01,2.217531697352326803e-01,1.563394304581799121e-01,5.221776012677039613e-01,2.195540067077264845e-01,1.903674947142443841e-01,2.684733704233915885e-01,4.532678969160868765e-01,1.779008545571548194e-01,1.480034708324599532e-02,1.124695955268693176e-01,3.369112816867392279e-01,2.876802224274582764e-01
7.347506142242066218e-01,9.145056135529679164e-02,6.417695268834273659e-01,-6.075048435462815366e-01,4.549005068518375272e-01,2.598724496478220236e-01,4.645522318356679059e-01,8.160987636782051080e-01,5.322937507267531121e-01,7.262669961056652523e-01,5.094345189248077332e-01,1.343443212911725991e-02,-7.995352955006186368e-01,7.263150214990741205e-01,7.642600444843742347e-01,7.557663412760650123e-01,7.653353327990289889e-01,2.483472608684881289e-01,-4.176478416821879369e-01,6.162189021947512835e-01,8.670141696730784275e-01,8.529291527449078814e-01,-4.818567921061412546e-02,5.376393659288923876e-01,1.972384773033693250e-01,1.000000000000000000e+00,8.324016162679152009e-01,8.958468030766204571e-01,8.865195687688116610e-01,5.213935309126362938e-01,8.472868034919126545e-01,7.312266455892234562e-01,7.499912089384181968e-01,-2.719636707647761220e-01,8.333206779961582766e-01,-2.978898826850251771e-02,7.923057881924658874e-01,5.617892168217123450e-01,-5.554959173847398013e-01
6.820365981852275494e-01,2.213214030175403024e-01,6.816995366004943158e-01,-5.159775648076372345e-01,4.818987727901013485e-01,3.538127410108190540e-01,4.117465763201966222e-01,7.276196786289373941e-01,5.106327642598101901e-01,6.739668068005234547e-01,6.700827750493584256e-01,2.096103438813838316e-01,-7.793494740247627339e-01,7.135673843583177911e-01,5.817956627111431356e-01,6.629455059222635338e-01,7.340107162081386249e-01,1.441922889978526912e-01,-4.969808138625840810e-01,5.443970705976325375e-01,7.964173756592329845e-01,8.101704411419375917e-01,-2.911503621945295966e-02,5.876767172542940454e-01,2.519277006067324742e-01,8.324016162679152009e-01,1.000000000000000000e+00,7.973860997322821387e-01,7.976160261895515191e-01,5.305775794676559354e-01,8.290549662333901448e-01,8.612649671655188133e-01,7.651657885450319219e-01,-1.555496161193753168e-01,8.313990255144597663e-01,9.439590040948249439e-02,7.745460335185443412e-01,4.891821646470506102e-01,-3.130915249628816177e-01
6.884806914326443428e-01,2.085881797839635871e-03,7.018910598890728547e-01,-6.274224715958488519e-01,5.615499834453835382e-01,3.076814862347984070e-01,5.330402604205269901e-01,8.657445800375825895e-01,5.078450506645566520e-01,7.585057136666578659e-01,4.377962250421224555e-01,-6.140418764418199664e-03,-8.637391566452913283e-01,7.860070181505888209e-01,7.748093099521615734e-01,7.485038958926558683e-01,8.073299693666980970e-01,2.379107068018100346e-01,-4.602190160991475598e-01,7.246899952813758983e-01,9.256930551176433264e-01,9.207320928989517483e-01,-4.985350885055958581e-02,5.141190493891230062e-01,2.217531697352326803e-01,8.958468030766204571e-01,7.973860997322821387e-01,1.000000000000000000e+00,8.774101785249892593e-01,4.650412756030324335e-01,9.103546459956273207e-01,6.767200879783157319e-01,8.427222317861167156e-01,-2.115110561299972658e-01,8.498365259820646056e-01,-4.316503830172890854e-02,8.432795993579761396e-01,4.968308263174254780e-01,-5.916879479537879849e-01
8.114196844019043731e-01,1.544781229521710042e-01,6.333598958079649233e-01,-5.220631333382006467e-01,4.786081327175208400e-01,3.470114846996907310e-01,4.839799814214416074e-01,8.320921171962085694e-01,4.193453398335056925e-01,6.633778405998411731e-01,5.524612540879413336e-01,-4.805630974372802899e-02,-7.711039383597182439e-01,7.450845990538832453e-01,7.395841924510238030e-01,6.795194682409256837e-01,7.916492552720507669e-01,1.532228616392692089e-01,-4.789815830471350067e-01,6.413339259219827948e-01,8.905588875180917574e-01,8.668523005540530457e-01,-1.309878579362249162e-01,4.739998965296788880e-01,1.563394304581799121e-01,8.865195687688116610e-01,7.976160261895515191e-01,8.774101785249892593e-01,1.000000000000000000e+00,5.479691212572691539e-01,8.121786153931191965e-01,7.289198017272450203e-01,7.627426104737202728e-01,-3.231535739366771520e-01,8.689422140015864438e-01,-8.163311263500633991e-03,8.535672186842596654e-01,4.271583470756493695e-01,-6.001792880870323588e-01
7.270043409216471186e-01,6.586610558617191913e-01,6.562724680333327232e-01,3.543781156505629391e-03,5.429738242446081609e-01,4.882354656590046776e-02,4.713718368121188607e-01,2.908187879227041583e-01,7.052686272725957606e-01,7.150048539416147264e-01,3.532108863134446608e-01,5.089241341856625550e-02,-3.868473805096784290e-01,5.969253783500366728e-01,2.913967582169293968e-01,6.644278486968364650e-01,4.462323597711764234e-01,3.588836920164439892e-01,-1.371117293114002267e-01,3.036670171871870272e-01,4.168144381142606103e-01,4.285208736172282928e-01,3.973520200302387284e-01,5.969153872125247950e-01,5.221776012677039613e-01,5.213935309126362938e-01,5.305775794676559354e-01,4.650412756030324335e-01,5.479691212572691539e-01,1.000000000000000000e+00,4.486592473416177729e-01,5.249138839274436474e-01,4.427573001870711011e-01,2.395369031310915775e-01,5.734356131128102163e-01,8.228979778604444961e-02,4.696704485723443567e-01,2.330483224015715837e-01,-1.070862070511960223e-01
6.383173697090203103e-01,5.806222009865887740e-02,7.101304737266800338e-01,-6.335786974407621175e-01,5.724429293277555342e-01,3.755258383117732190e-01,4.869885075391168217e-01,8.241497877136756411e-01,4.748318731964402128e-01,7.442327204190040124e-01,5.417309441595117292e-01,2.997996519990426753e-02,-9.030224089101444029e-01,7.839972987747985123e-01,6.474114008477517279e-01,7.110166689105595905e-01,7.928739946506458969e-01,1.384307683769646635e-01,-5.330697452814563420e-01,6.557925865230278539e-01,8.989190061189736847e-01,9.098741135612290476e-01,-5.580196908927344962e-02,5.322984138387657493e-01,2.195540067077264845e-01,8.472868034919126545e-01,8.290549662333901448e-01,9.103546459956273207e-01,8.121786153931191965e-01,4.486592473416177729e-01,1.000000000000000000e+00,7.166936438809647925e-01,8.611599310926790762e-01,-1.812029011983284366e-01,8.189541267157527393e-01,3.295230188330110221e-02,8.283386130728446206e-01,4.130127658086623077e-01,-5.372855018784155057e-01
6.848958750121181271e-01,3.063359645285873012e-01,5.918801993475596435e-01,-4.341982285683838594e-01,4.295283709330927624e-01,4.403484906231173168e-01,3.781132878757881843e-01,6.233229315380870439e-01,4.375348726953257050e-01,5.795324235778223088e-01,7.697473700186500123e-01,2.134595109462842921e-01,-7.092201071495839448e-01,6.572879526327698452e-01,4.521036181918087205e-01,5.757919574221109782e-01,7.274414499922470245e-01,8.747130004360981204e-02,-4.049988624302986451e-01,4.755093225827785042e-01,7.031078336946575691e-01,7.143925816761945713e-01,-3.137583504270108348e-02,5.649870374359445835e-01,1.903674947142443841e-01,7.312266455892234562e-01,8.612649671655188133e-01,6.767200879783157319e-01,7.289198017272450203e-01,5.249138839274436474e-01,7.166936438809647925e-01,1.000000000000000000e+00,6.608769766248639987e-01,-1.877708669705513700e-01,7.879104191859144235e-01,1.170077021657354860e-01,7.498735932933304760e-01,3.592741064370901238e-01,-2.848705575324923522e-01
6.280039771379017921e-01,1.037160920559906663e-01,7.300633312938492603e-01,-5.535292615422898743e-01,5.626909873636087855e-01,4.197034446846011346e-01,4.208889757251976782e-01,7.411261438670615487e-01,4.897160587859727965e-01,6.588436674124825698e-01,4.177613542999555896e-01,1.394652392530714435e-01,-8.118655753070693759e-01,7.856487491049533034e-01,6.521517212804763819e-01,6.496219824261051379e-01,7.445145061507909556e-01,1.835348435439067560e-01,-4.703560111876434191e-01,6.511170060785085312e-01,8.040804887373639298e-01,8.336475576819840638e-01,4.892739050146906882e-02,5.274910127759248057e-01,2.684733704233915885e-01,7.499912089384181968e-01,7.651657885450319219e-01,8.427222317861167156e-01,7.627426104737202728e-01,4.427573001870711011e-01,8.611599310926790762e-01,6.608769766248639987e-01,1.000000000000000000e+00,-5.054218501486610129e-03,8.251608308019250382e-01,1.245557339900786459e-01,8.216751976905414256e-01,4.241348150583633125e-01,-4.499902677098984172e-01
-1.450576301971372994e-01,2.785887671579712066e-01,2.442343539740340352e-01,2.790364020707118420e-01,2.445492004355500348e-01,-3.060899246841408683e-01,-7.863486423887085242e-02,-4.608855028383486707e-01,4.740225365761379095e-01,8.210964653402054447e-02,-2.927753252805838091e-01,3.970969420773593495e-01,2.443785371289251829e-01,9.261822166773736598e-02,-1.644081750547898846e-01,1.971351379790269726e-02,-2.570664144368930426e-01,2.813506747023241661e-01,2.978557555844583149e-01,-2.080302925848978302e-01,-3.594040939486947694e-01,-3.092994641594231653e-01,5.856104558938244331e-01,1.648431986954723427e-01,4.532678969160868765e-01,-2.719636707647761220e-01,-1.555496161193753168e-01,-2.115110561299972658e-01,-3.231535739366771520e-01,2.395369031310915775e-01,-1.812029011983284366e-01,-1.877708669705513700e-01,-5.054218501486610129e-03,1.000000000000000000e+00,-1.964370937443710441e-01,1.033575235626884303e-01,-3.233920759254336197e-01,6.066674105565003638e-02,5.468447029769272216e-01
7.851172792370744169e-01,2.231353639988285509e-01,6.795154687700858398e-01,-4.817397553581269087e-01,5.118347884694844918e-01,4.432603888492066546e-01,5.141567635733773622e-01,8.090008434702515849e-01,4.700520898321723928e-01,6.959294082226904488e-01,5.761715951358760135e-01,1.430841868382147324e-02,-7.867404633522783186e-01,7.761891627026050733e-01,6.332265031611004069e-01,6.929467893780706378e-01,7.773982951033112654e-01,1.351927042523569100e-01,-5.168898449875264367e-01,6.333860642937149121e-01,8.456043494347426082e-01,8.425018906402296226e-01,-3.256401497498468550e-02,5.229370830233284195e-01,1.779008545571548194e-01,8.333206779961582766e-01,8.313990255144597663e-01,8.498365259820646056e-01,8.689422140015864438e-01,5.734356131128102163e-01,8.189541267157527393e-01,7.879104191859144235e-01,8.251608308019250382e-01,-1.964370937443710441e-01,1.000000000000000000e+00,2.647004944166663973e-02,8.961477726562592228e-01,3.553793112663515830e-01,-5.353254142839879437e-01
1.372970997450449759e-01,3.262750247403760628e-01,1.609682166122581790e-02,-1.533437536282133973e-02,-4.035550229320838261e-02,4.560099416108271547e-02,-2.663562493878593104e-02,-6.135793820318773475e-03,-4.679157795469790493e-02,-5.064392078233125039e-02,1.343932875899987722e-01,1.630597082659868136e-01,-6.534066915612571358e-02,5.160180871966536104e-02,-7.342760260885186629e-02,-5.015582290190260042e-03,6.292486310662935567e-02,-1.012009490342790918e-01,-1.061883936088072883e-01,1.014657951333268471e-01,-1.752613760566910581e-02,1.078473828195755657e-02,3.886327426952178310e-02,8.815055089262595345e-02,1.480034708324599532e-02,-2.978898826850251771e-02,9.439590040948249439e-02,-4.316503830172890854e-02,-8.163311263500633991e-03,8.228979778604444961e-02,3.295230188330110221e-02,1.170077021657354860e-01,1.245557339900786459e-01,1.033575235626884303e-01,2.647004944166663973e-02,1.000000000000000000e+00,5.200921276347876543e-02,-1.034573700368780769e-02,1.626256338144978775e-01
7.344923088901058605e-01,1.553889054574736084e-01,6.265772695813066617e-01,-4.776273468650529264e-01,5.020818582611581427e-01,5.157452416638257375e-01,5.282356734944743115e-01,8.323951433241415510e-01,3.481408755531267274e-01,6.562170298160502346e-01,5.659408885532062339e-01,-9.627459646006701621e-02,-8.174025013118043637e-01,7.372427804324216405e-01,5.839989362192125055e-01,6.392482628590477889e-01,7.914398509365470069e-01,6.316187129795888811e-02,-5.492586842947231318e-01,6.624527066187857471e-01,8.680005518668160169e-01,8.675027040666578593e-01,-1.294217424042036213e-01,4.690911786510228998e-01,1.124695955268693176e-01,7.923057881924658874e-01,7.745460335185443412e-01,8.432795993579761396e-01,8.535672186842596654e-01,4.696704485723443567e-01,8.283386130728446206e-01,7.498735932933304760e-01,8.216751976905414256e-01,-3.233920759254336197e-01,8.961477726562592228e-01,5.200921276347876543e-02,1.000000000000000000e+00,2.650807416038136188e-01,-6.123180984668346039e-01
2.292481647883055362e-01,-9.333885879711228961e-02,3.465249398045403550e-01,-5.761962847813603128e-01,2.334744499906107607e-01,-1.321427678414126457e-02,-5.425340607454748332e-02,3.276112062159747818e-01,5.229990826135497706e-01,3.871603531847718771e-01,1.138764431572790309e-01,4.790304928882248015e-01,-4.032611184017985684e-01,3.386838973787605345e-01,6.727815012923262783e-01,4.425939124983469530e-01,4.873278889826018201e-01,5.121562448073343488e-01,1.447357366936721790e-01,2.902767826547036911e-01,3.525152325719476676e-01,3.535732978504856350e-01,2.541444790476524718e-01,4.362804079246309086e-01,3.369112816867392279e-01,5.617892168217123450e-01,4.891821646470506102e-01,4.968308263174254780e-01,4.271583470756493695e-01,2.330483224015715837e-01,4.130127658086623077e-01,3.592741064370901238e-01,4.241348150583633125e-01,6.066674105565003638e-02,3.553793112663515830e-01,-1.034573700368780769e-02,2.650807416038136188e-01,1.000000000000000000e+00,7.645521600504891213e-02
-4.562579036949531708e-01,1.683015563325124253e-01,-2.330661036878069470e-01,3.897091774412220211e-01,-1.485221683291204908e-01,-2.841522323781039971e-01,-4.037057016981446256e-01,-7.235587218448328306e-01,4.968678804642796126e-02,-3.074157679882092986e-01,-2.932427141841710827e-01,5.107729002655535533e-01,5.066310907649964612e-01,-3.928493548200041041e-01,-4.555895112136407743e-01,-3.405538917002951527e-01,-4.271639295320808216e-01,7.234971749845102440e-02,5.047901634662022019e-01,-4.319420638676353397e-01,-6.767361876509061513e-01,-6.449045111427131882e-01,4.038804446431691342e-01,-1.385381180005807421e-02,2.876802224274582764e-01,-5.554959173847398013e-01,-3.130915249628816177e-01,-5.916879479537879849e-01,-6.001792880870323588e-01,-1.070862070511960223e-01,-5.372855018784155057e-01,-2.848705575324923522e-01,-4.499902677098984172e-01,5.468447029769272216e-01,-5.353254142839879437e-01,1.626256338144978775e-01,-6.123180984668346039e-01,7.645521600504891213e-02,1.000000000000000000e+00
