1.000000000000000000e+00,5.637058899279914215e-01,2.252004867732931015e-01,-1.480128542385398573e-02,5.049063276702580039e-01,-5.645657902340296408e-01,5.121697533956911519e-01,-5.218360853941399202e-02,7.005116014280217129e-01,6.853111481423834750e-01,-1.224743710158654464e-01,1.227397908604040550e-01,-1.164715787775296024e-01,6.110965419511000807e-01,4.108130547394393539e-01,4.520601782208243935e-01,-9.827309674711265375e-02,3.249677825451403601e-01,1.099099610622260997e-01,4.998285772868349408e-01,1.640127279157194140e-01,6.474970415280839608e-02,2.902943119072255440e-01,6.100760797829456461e-01,6.511989062029386321e-01,5.670106455835167703e-01,9.245898525955124903e-02,6.366030802243891618e-01,7.008873442690543021e-01,7.821888588234271467e-01,-3.011487336474045762e-01,2.927367163563458496e-01,1.160817274175714175e-01,5.512274666345395868e-01,7.186983339107057001e-01,-1.495298854344559170e-01,2.014007532661440669e-01,4.562796792605719465e-01,3.844751751698830544e-01
5.637058899279914215e-01,1.000000000000000000e+00,1.574194855382747282e-01,2.657132663174961024e-02,3.068065629806749350e-01,-3.869971546790643840e-02,-9.613734636422083257e-02,-1.445166303222279180e-01,3.006282597837680592e-01,5.175572736539342245e-01,2.369023523199551839e-01,6.684056528194569358e-02,-1.390804668033773506e-01,1.712935110676621353e-01,-1.388442080944022605e-01,3.293585155409688436e-01,3.264311728389670403e-02,-1.851864109446390572e-01,1.658667849128834734e-02,-8.186353407258434300e-02,1.879058335463021645e-01,3.542823725144587654e-01,8.025632395455849222e-02,2.014685021917502206e-01,1.365664752461972220e-01,2.062649069049131423e-01,2.961981233721175388e-01,1.199013341842753155e-01,1.684731494889486481e-01,5.857285767850887170e-01,2.680077337716850749e-01,3.068202180416984004e-01,-8.516325353288096978e-02,1.287153787103514080e-01,2.648239505106280700e-01,2.528537764563180967e-02,3.903615724585344227e-01,-7.241768894455104244e-02,3.144975156473029942e-01
2.252004867732931015e-01,1.574194855382747282e-01,1.000000000000000000e+00,2.169038410105167403e-01,7.220179477806920598e-01,-3.461744479710199829e-01,2.187769792054463092e-01,-8.473050955811937124e-01,5.479802336482291203e-01,4.796140285081293420e-01,9.399325893832356782e-02,3.612790504147101456e-01,-3.218730490395400601e-01,5.468272602134067739e-01,2.664881393934169784e-01,5.609961296160165256e-01,8.603866383578040455e-02,3.681238205436884181e-01,2.914765332905918660e-01,3.341480108857351472e-01,5.959293208780043205e-01,4.730730014775560988e-01,3.282276208581382804e-01,4.663854752839079465e-01,4.558245179699261240e-01,3.944938820598012930e-01,3.647666568779250884e-01,3.553582406753389988e-01,2.917586459327584647e-01,4.001169853072208960e-01,2.576072186166516453e-01,2.386103654717446898e-01,5.880530478314327514e-01,5.981303002464288809e-01,3.438252632877331072e-01,-1.665042729558785239e-01,1.537003272789988773e-01,4.428535164014963388e-01,4.809936757499873039e-01
-1.480128542385398573e-02,2.657132663174961024e-02,2.169038410105167403e-01,1.000000000000000000e+00,1.163034136211841124e-01,-1.028258793313804875e-01,1.913610957294426818e-01,-1.237147197121765962e-01,1.071741143504680444e-01,-5.688868924568817043e-02,2.266082648524083698e-01,1.563479721314921245e-01,1.271680838837333516e-01,1.588860890991026231e-01,1.232944909803837183e-02,1.069620998917431842e-01,3.731408529630825949e-02,6.721893594195291199e-02,6.825838061941201518e-02,1.550200063517995219e-01,2.155149289390395906e-01,2.139814575497426818e-01,1.044370301014261732e-01,1.585435954806454772e-01,2.743830606885001508e-02,-5.386945824545840561e-02,-6.469412118006000190e-02,-1.295445647753676321e-02,8.443413098470937961e-02,6.644929602654822687e-02,1.187985231347502557e-01,1.749656736917375999e-01,7.257074697976102773e-02,1.941586903488589921e-01,-3.772419583802408966e-02,-1.039601284557477023e-01,-1.556053102597700910e-01,-4.792813494750599451e-02,-2.401638398898413296e-02
5.049063276702580039e-01,3.068065629806749350e-01,7.220179477806920598e-01,1.163034136211841124e-01,1.000000000000000000e+00,-4.315208400437698932e-01,3.381040061797183638e-01,-5.941732446766923026e-01,6.900276262448242770e-01,6.769930708733226110e-01,1.421748096850292652e-02,2.938184684737755181e-01,-1.889148642663683320e-01,6.680654351366274168e-01,3.539732513113998946e-01,6.248649901514861105e-01,4.080317868186102842e-03,3.677856067072752810e-01,2.902510539149411595e-01,3.962895400075968633e-01,4.342721146147369704e-01,3.634209766116535678e-01,4.224212497770298280e-01,5.843435830126821884e-01,6.485185507369113367e-01,5.434544363253692723e-01,3.886522647858327018e-01,5.400484506250978756e-01,4.503799851019851808e-01,5.965978291899475261e-01,7.191185761722274083e-02,2.089160433947537532e-01,4.451265423786296416e-01,7.453447735950319286e-01,5.213067106281364937e-01,-7.445979571927335838e-02,2.247139096650081491e-01,5.339338539256835992e-01,6.044625116240154306e-01
-5.645657902340296408e-01,-3.869971546790643840e-02,-3.461744479710199829e-01,-1.028258793313804875e-01,-4.315208400437698932e-01,1.000000000000000000e+00,-7.443373214337161148e-01,7.421596858324533419e-02,-6.190990626236126948e-01,-3.273082148649369971e-01,3.232326875764842677e-01,-2.738515839799376406e-01,1.219560061936334067e-01,-5.614634319225215719e-01,-6.922561421630073486e-01,-2.654998615391890859e-01,2.297285902274984470e-01,-5.943289703920798805e-01,-5.177900133315072734e-02,-7.651496403260290569e-01,-3.451618303143632049e-01,-4.037514980929313851e-02,-1.399845751335779820e-01,-5.407711115207880503e-01,-6.431205501814346581e-01,-5.248493960721902774e-01,1.380608373794021682e-01,-6.785631803860878719e-01,-7.205489585051455537e-01,-4.503525409910704713e-01,5.901197294432676266e-01,-1.369228606947592020e-01,-2.197985467775769308e-01,-6.197970534299325207e-01,-6.585051355896909264e-01,3.651606939196482271e-01,2.905709309727693701e-01,-6.648318656000427040e-01,-2.038303983691237276e-01
5.121697533956911519e-01,-9.613734636422083257e-02,2.187769792054463092e-01,1.913610957294426818e-01,3.381040061797183638e-01,-7.443373214337161148e-01,1.000000000000000000e+00,4.760266226755609231e-02,5.373691395322421904e-01,2.887432737230323787e-01,-2.768431563110538840e-01,1.529122909559802457e-01,5.802646756620011975e-02,5.443956237777615170e-01,7.160176365827533029e-01,2.192813996660197828e-01,-1.402757805271992175e-01,5.956065826262680885e-01,1.044542663918269360e-01,8.130413662511785100e-01,2.288359223315872826e-01,-1.192033215095845283e-01,1.124016447579469641e-01,5.285152656042644281e-01,6.553862960132155191e-01,5.106682983621019245e-01,-2.028998232979226657e-01,6.800463342913520837e-01,7.459374744933006118e-01,4.162461424682007416e-01,-6.619168415254468307e-01,2.075287710999647595e-01,1.407224806577151710e-01,5.327213811825113332e-01,6.122445313037809811e-01,-2.352468532949874291e-01,-2.686115842091887362e-01,6.379164372426864293e-01,1.050136066801900248e-01
-5.218360853941399202e-02,-1.445166303222279180e-01,-8.473050955811937124e-01,-1.237147197121765962e-01,-5.941732446766923026e-01,7.421596858324533419e-02,4.760266226755609231e-02,1.000000000000000000e+00,-3.200126196013666768e-01,-4.056829357260515745e-01,-7.423717469856425111e-02,-1.260096966562356813e-01,4.272863054729740262e-01,-3.226710422123257871e-01,3.068877915794913230e-02,-4.845934231159353955e-01,-1.356736298895781512e-01,-1.318367293738922086e-01,-2.331755056096093126e-01,-2.242070162268166439e-02,-3.957754844312156850e-01,-3.883409139614838468e-01,-2.567923999750011954e-01,-2.560306407308939880e-01,-2.033566200154109382e-01,-1.938756063676613794e-01,-3.739871516499485016e-01,-8.528897471065959024e-02,-3.119903651597650748e-02,-2.648525741371470232e-01,-4.783950072748637816e-01,-1.462288854689823558e-01,-4.718298447383668104e-01,-3.880662537478647978e-01,-1.193908535172693158e-01,1.113275790433026075e-01,-3.194450002702440838e-01,-2.132056542619305550e-01,-3.548723284308109016e-01
7.005116014280217129e-01,3.006282597837680592e-01,5.479802336482291203e-01,1.071741143504680444e-01,6.900276262448242770e-01,-6.190990626236126948e-01,5.373691395322421904e-01,-3.200126196013666768e-01,1.000000000000000000e+00,6.177633858650229959e-01,-1.809285219588273666e-02,4.422550996301195525e-01,-1.774178690937087965e-01,7.998209438373314883e-01,5.660880067852469555e-01,6.116941080413194065e-01,2.146586228567844840e-02,6.625349118513214064e-01,4.312818156901648270e-01,6.190194409536622366e-01,3.988155981365920644e-01,3.020142996310523076e-01,4.633857777745623019e-01,7.804185464940889272e-01,7.856464913174406872e-01,6.905334400320277677e-01,3.518531509519664535e-01,6.912384464670574546e-01,6.797281865531520362e-01,6.930026503153199346e-01,-2.148097446059885895e-01,3.358125312400913609e-01,4.985574073675102524e-01,7.046577286550792518e-01,6.855998561604260688e-01,-2.181146428215166577e-01,1.259494039556029454e-01,6.945600061587875462e-01,6.995317077255368554e-01
6.853111481423834750e-01,5.175572736539342245e-01,4.796140285081293420e-01,-5.688868924568817043e-02,6.769930708733226110e-01,-3.273082148649369971e-01,2.887432737230323787e-01,-4.056829357260515745e-01,6.177633858650229959e-01,1.000000000000000000e+00,-2.030579714494764806e-02,9.860308354389471508e-02,-1.806895209623409215e-01,5.463703562534627522e-01,2.137040581890502222e-01,7.443655306729396459e-01,8.495281493896869596e-02,2.673573268451658325e-01,1.756518381166854159e-01,3.290447506148595491e-01,2.451412241156077920e-01,2.029183132163799308e-01,4.269411176614356651e-01,5.136999004476424657e-01,6.261370784044746340e-01,5.530306574813995679e-01,3.889332833202844286e-01,5.570852937672003957e-01,4.540906803666352465e-01,7.654636117939002116e-01,6.976290032362925109e-02,1.851197349928074554e-01,3.030119419424978089e-01,5.297932001134804114e-01,5.733631712335043318e-01,4.621284212860516348e-03,3.994848916639170411e-01,4.989770810514369548e-01,5.254738359976641737e-01
-1.224743710158654464e-01,2.369023523199551839e-01,9.399325893832356782e-02,2.266082648524083698e-01,1.421748096850292652e-02,3.232326875764842677e-01,-2.768431563110538840e-01,-7.423717469856425111e-02,-1.809285219588273666e-02,-2.030579714494764806e-02,1.000000000000000000e+00,3.752085911826783526e-01,3.011990743028639672e-01,6.901915359471461064e-02,-5.189872322772515895e-02,-1.410112606804933381e-02,5.337334439020963162e-01,-1.015938793069056517e-01,2.613858866032952588e-01,-1.834165152846668201e-01,3.555257406491834082e-01,4.150475781620174276e-01,1.076535814834955751e-01,6.604518970775306863e-02,-9.224542608134093935e-02,1.074920298943515817e-01,4.097125506092673120e-01,-6.244385250811616828e-02,-1.069926621779790921e-01,-2.136251239377102984e-02,3.748772159137434001e-01,4.523900215940763747e-01,1.892697672922602492e-01,-1.079816533340009488e-01,-1.331646986130255172e-01,2.555840975225435741e-01,7.112359581088530114e-02,-2.066530496066899258e-01,2.067661371277373372e-01
1.227397908604040550e-01,6.684056528194569358e-02,3.612790504147101456e-01,1.563479721314921245e-01,2.938184684737755181e-01,-2.738515839799376406e-01,1.529122909559802457e-01,-1.260096966562356813e-01,4.422550996301195525e-01,9.860308354389471508e-02,3.752085911826783526e-01,1.000000000000000000e+00,1.741528464749680094e-01,4.683770310793423652e-01,5.457445483951236520e-01,2.190822649130480526e-01,1.578808108199579174e-01,5.158479594865176265e-01,3.665201194358375658e-01,4.081419020101995088e-01,6.037517192280230649e-01,4.818540982267770501e-01,2.523845162511991758e-01,3.884364070759402932e-01,3.958653789535046541e-01,5.085617711014591702e-01,4.181665360922851571e-01,4.337851219514139434e-01,3.031999702062453950e-01,1.423593530079764746e-01,-1.056382537668211358e-01,3.246588308940772660e-01,4.661779989105508393e-01,3.129320734268608573e-01,2.870348668262645564e-01,1.116835141227131151e-01,-2.026897480816827468e-01,4.067351088512967117e-01,5.232346821086195643e-01
-1.164715787775296024e-01,-1.390804668033773506e-01,-3.218730490395400601e-01,1.271680838837333516e-01,-1.889148642663683320e-01,1.219560061936334067e-01,5.802646756620011975e-02,4.272863054729740262e-01,-1.774178690937087965e-01,-1.806895209623409215e-01,3.011990743028639672e-01,1.741528464749680094e-01,1.000000000000000000e+00,-1.528033594003909146e-01,1.300783087167000085e-01,-1.511516549474895832e-01,-5.624071648839691628e-02,-4.891687586247041308e-02,-1.406496014891039925e-01,4.901706897520287376e-02,1.254726694202611126e-01,-5.492128127089217389e-03,-2.657624053540837833e-02,-2.030127800021096218e-01,1.421162559241843058e-02,-2.256703120934482054e-02,4.634836720405176996e-02,9.145648343616806508e-02,-8.499315625279633968e-02,-2.166318062350319762e-01,-2.607665144258022871e-01,-1.188704098396388964e-01,-2.002941308891667271e-01,-1.652717477939528445e-01,-1.840486801158930652e-01,3.347348329779428755e-01,-4.658355299723893617e-01,-6.591808734336121640e-03,-1.143791498269186718e-01
6.110965419511000807e-01,1.712935110676621353e-01,5.468272602134067739e-01,1.588860890991026231e-01,6.680654351366274168e-01,-5.614634319225215719e-01,5.443956237777615170e-01,-3.226710422123257871e-01,7.998209438373314883e-01,5.463703562534627522e-01,6.901915359471461064e-02,4.683770310793423652e-01,-1.528033594003909146e-01,1.000000000000000000e+00,6.305956975040801771e-01,4.873670323685230787e-01,1.476648689493192390e-01,6.034355148360328602e-01,4.216248901705111352e-01,6.473672971929899100e-01,3.950291677967643911e-01,2.030153628922043152e-01,4.975402301511876457e-01,8.222284487135641529e-01,7.761861912401024632e-01,6.934022922514745391e-01,2.370894121792956333e-01,6.791936803323059824e-01,7.306554264922680009e-01,5.983554252909816240e-01,-2.229107386001460689e-01,4.120066317651653875e-01,5.836617372823413863e-01,7.625687067395457985e-01,7.035631948262709434e-01,-1.667234512454346951e-01,1.011296275504718900e-01,6.041366642666732290e-01,5.520258728049453056e-01
4.108130547394393539e-01,-1.388442080944022605e-01,2.664881393934169784e-01,1.232944909803837183e-02,3.539732513113998946e-01,-6.922561421630073486e-01,7.160176365827533029e-01,3.068877915794913230e-02,5.660880067852469555e-01,2.137040581890502222e-01,-5.189872322772515895e-02,5.457445483951236520e-01,1.300783087167000085e-01,6.305956975040801771e-01,1.000000000000000000e+00,1.427344591095873194e-01,3.486869187944127702e-02,7.296191285176869545e-01,3.034452116779555730e-01,8.171824531682958526e-01,3.922100711901430614e-01,-4.187312180300817137e-03,1.357575232313570635e-01,5.396009338787086662e-01,6.822065121870743987e-01,6.889067756539237752e-01,3.072774183674384721e-02,7.283106244045478572e-01,7.323802203409565115e-01,3.199334064912510156e-01,-6.554025435106403119e-01,3.329133733584336841e-01,3.118366391788869874e-01,4.899495300785831620e-01,6.517805163573230365e-01,-4.029447188960134929e-02,-2.946568401880960697e-01,6.992975391108441352e-01,3.046886210241484538e-01
4.520601782208243935e-01,3.293585155409688436e-01,5.609961296160165256e-01,1.069620998917431842e-01,6.248649901514861105e-01,-2.654998615391890859e-01,2.192813996660197828e-01,-4.845934231159353955e-01,6.116941080413194065e-01,7.443655306729396459e-01,-1.410112606804933381e-02,2.190822649130480526e-01,-1.511516549474895832e-01,4.873670323685230787e-01,1.427344591095873194e-01,1.000000000000000000e+00,8.403376569461434853e-02,3.608693055356177459e-01,1.984001383656581741e-01,2.876364510113464945e-01,3.393356380083910606e-01,3.835924357449410627e-01,5.148783094329948407e-01,4.451323066513722115e-01,5.546094797264343734e-01,4.594815637281332021e-01,4.758549896036476379e-01,4.395449515478132008e-01,2.626564414282318016e-01,5.972325935559500421e-01,1.912182915909723668e-01,2.452110189923200137e-02,4.567941714284391441e-01,5.029045410254481263e-01,3.274589894067377882e-01,-6.257378298444653264e-02,2.603604496603987295e-01,5.649460578819101020e-01,5.906856508761185731e-01
-9.827309674711265375e-02,3.264311728389670403e-02,8.603866383578040455e-02,3.731408529630825949e-02,4.080317868186102842e-03,2.297285902274984470e-01,-1.402757805271992175e-01,-1.356736298895781512e-01,2.146586228567844840e-02,8.495281493896869596e-02,5.337334439020963162e-01,1.578808108199579174e-01,-5.624071648839691628e-02,1.476648689493192390e-01,3.486869187944127702e-02,8.403376569461434853e-02,1.000000000000000000e+00,1.078802304632667658e-01,3.600084351710408082e-01,-1.050876598880716023e-01,7.959684629680737963e-03,2.934897878746598604e-03,1.349534679023781936e-01,9.526096967784364322e-02,2.634699294335344361e-02,3.226166950095979979e-01,4.189412774391825245e-01,3.204932724228735930e-02,3.156274694721986074e-02,5.526748111908896116e-02,2.241414064480544699e-01,4.252133109668015942e-01,2.235454699514572430e-01,-1.188090867261026168e-01,1.401223450003733634e-02,1.830163320088561141e-01,3.197777861915677144e-01,4.320695871839649871e-02,1.733782272020128468e-01
3.249677825451403601e-01,-1.851864109446390572e-01,3.681238205436884181e-01,6.721893594195291199e-02,3.677856067072752810e-01,-5.943289703920798805e-01,5.956065826262680885e-01,-1.318367293738922086e-01,6.625349118513214064e-01,2.673573268451658325e-01,-1.015938793069056517e-01,5.158479594865176265e-01,-4.891687586247041308e-02,6.034355148360328602e-01,7.296191285176869545e-01,3.608693055356177459e-01,1.078802304632667658e-01,1.000000000000000000e+00,5.391238890707811260e-01,7.067987923241639825e-01,3.451116039959131188e-01,7.901007160826142850e-02,2.242806768982000543e-01,5.416902242715740945e-01,6.526251383193314437e-01,6.530475209852368845e-01,2.119610101466578578e-01,6.323820916117892654e-01,5.923032875156701849e-01,2.841353683878717340e-01,-4.822121329750320706e-01,2.637705495373935394e-01,4.216241218335651797e-01,4.051470978962782299e-01,5.159626370021896946e-01,-9.376226314840090115e-02,-1.949887507918609264e-01,7.659229177050802528e-01,4.987400149200265642e-01
1.099099610622260997e-01,1.658667849128834734e-02,2.914765332905918660e-01,6.825838061941201518e-02,2.902510539149411595e-01,-5.177900133315072734e-02,1.044542663918269360e-01,-2.331755056096093126e-01,4.312818156901648270e-01,1.756518381166854159e-01,2.613858866032952588e-01,3.665201194358375658e-01,-1.406496014891039925e-01,4.216248901705111352e-01,3.034452116779555730e-01,1.984001383656581741e-01,3.600084351710408082e-01,5.391238890707811260e-01,1.000000000000000000e+00,2.415721596796336357e-01,1.892542747659696212e-01,1.105001352315668484e-01,1.339581276511265795e-01,3.910019479456336988e-01,3.131324263427506804e-01,3.923171113138012589e-01,3.849165184216964963e-01,1.734385709094197203e-01,2.580581419018808664e-01,1.988887976141338609e-01,1.025493835942046286e-04,5.205215234733739926e-01,3.029597650815262222e-01,1.250277990439999376e-01,2.803959391955646030e-01,8.723958049986552110e-02,2.373257280928414981e-01,2.526680488842583117e-01,5.385578355991813559e-01
4.998285772868349408e-01,-8.186353407258434300e-02,3.341480108857351472e-01,1.550200063517995219e-01,3.962895400075968633e-01,-7.651496403260290569e-01,8.130413662511785100e-01,-2.242070162268166439e-02,6.190194409536622366e-01,3.290447506148595491e-01,-1.834165152846668201e-01,4.081419020101995088e-01,4.901706897520287376e-02,6.473672971929899100e-01,8.171824531682958526e-01,2.876364510113464945e-01,-1.050876598880716023e-01,7.067987923241639825e-01,2.415721596796336357e-01,1.000000000000000000e+00,3.935524366140220609e-01,-1.623239949999420338e-03,1.684597450031358745e-01,5.914954273519777983e-01,7.413094347092764602e-01,5.947645921472064501e-01,-6.284360923924904585e-02,7.274997166390538839e-01,7.948195821647791037e-01,4.493315849197495049e-01,-6.168001002220148132e-01,2.926065476040259905e-01,3.232531685294660062e-01,5.804437396165889052e-01,7.177968824517880764e-01,-1.623360611537562614e-01,-2.399954358876682514e-01,6.889514561115118729e-01,2.644160849309702410e-01
1.640127279157194140e-01,1.879058335463021645e-01,5.959293208780043205e-01,2.155149289390395906e-01,4.342721146147369704e-01,-3.451618303143632049e-01,2.288359223315872826e-01,-3.957754844312156850e-01,3.988155981365920644e-01,2.451412241156077920e-01,3.555257406491834082e-01,6.037517192280230649e-01,1.254726694202611126e-01,3.950291677967643911e-01,3.922100711901430614e-01,3.393356380083910606e-01,7.959684629680737963e-03,3.451116039959131188e-01,1.892542747659696212e-01,3.935524366140220609e-01,1.000000000000000000e+00,6.506464619025776885e-01,1.790290107854727863e-01,3.683634472455051823e-01,4.012056581827099233e-01,3.722473243360290840e-01,3.095835439438338610e-01,3.966360175121438902e-01,2.627116592371196990e-01,2.461749816665708690e-01,3.738074090139473227e-02,2.871818730809770903e-01,4.226530289621527325e-01,3.856419444494963433e-01,2.977248940847748715e-01,-2.230861292906727994e-02,-1.915862045029531890e-01,3.314027606546074978e-01,3.487909380466617248e-01
6.474970415280839608e-02,3.542823725144587654e-01,4.730730014775560988e-01,2.139814575497426818e-01,3.634209766116535678e-01,-4.037514980929313851e-02,-1.192033215095845283e-01,-3.883409139614838468e-01,3.020142996310523076e-01,2.029183132163799308e-01,4.150475781620174276e-01,4.818540982267770501e-01,-5.492128127089217389e-03,2.030153628922043152e-01,-4.187312180300817137e-03,3.835924357449410627e-01,2.934897878746598604e-03,7.901007160826142850e-02,1.105001352315668484e-01,-1.623239949999420338e-03,6.506464619025776885e-01,1.000000000000000000e+00,2.700637091150360214e-01,2.507803861527385103e-01,1.457975816521735468e-01,1.934864090956290583e-01,4.672732949386440571e-01,1.779206539754502880e-01,-7.971005620738388919e-02,1.853347184884079624e-01,3.727396404217060422e-01,1.404549819333425487e-01,3.567138270779497966e-01,2.277863964075353687e-01,-4.823146795571945505e-03,-1.584321152130190036e-02,1.588603691794591641e-02,9.543362821696424469e-02,4.668538344772465432e-01
2.902943119072255440e-01,8.025632395455849222e-02,3.282276208581382804e-01,1.044370301014261732e-01,4.224212497770298280e-01,-1.399845751335779820e-01,1.124016447579469641e-01,-2.567923999750011954e-01,4.633857777745623019e-01,4.269411176614356651e-01,1.076535814834955751e-01,2.523845162511991758e-01,-2.657624053540837833e-02,4.975402301511876457e-01,1.357575232313570635e-01,5.148783094329948407e-01,1.349534679023781936e-01,2.242806768982000543e-01,1.339581276511265795e-01,1.684597450031358745e-01,1.790290107854727863e-01,2.700637091150360214e-01,1.000000000000000000e+00,5.433535260032121839e-01,4.512012668600992593e-01,3.395822927914023959e-01,3.665650240630796697e-01,3.779957974545732902e-01,1.979897344803589476e-01,3.382621631069550605e-01,1.510118877179371100e-01,-7.873663888093343152e-03,5.593398110388199118e-01,5.068442850206278383e-01,2.511490214244022634e-01,-1.882541355970589747e-01,1.542667489752563015e-01,3.391516279827399560e-01,4.223765900854553057e-01
6.100760797829456461e-01,2.014685021917502206e-01,4.663854752839079465e-01,1.585435954806454772e-01,5.843435830126821884e-01,-5.407711115207880503e-01,5.285152656042644281e-01,-2.560306407308939880e-01,7.804185464940889272e-01,5.136999004476424657e-01,6.604518970775306863e-02,3.884364070759402932e-01,-2.030127800021096218e-01,8.222284487135641529e-01,5.396009338787086662e-01,4.451323066513722115e-01,9.526096967784364322e-02,5.416902242715740945e-01,3.910019479456336988e-01,5.914954273519777983e-01,3.683634472455051823e-01,2.507803861527385103e-01,5.433535260032121839e-01,1.000000000000000000e+00,7.094210859936267433e-01,6.112181949620366650e-01,2.119954177341291934e-01,6.309468428700923948e-01,6.693754065668133801e-01,6.048982935404454420e-01,-2.046200546038081380e-01,4.505070374444289927e-01,5.272654414059712025e-01,6.835056809454386206e-01,6.769527007462079471e-01,-2.633726999791005663e-01,1.551732549292324514e-01,5.088148664148951505e-01,5.148662561340628940e-01
6.511989062029386321e-01,1.365664752461972220e-01,4.558245179699261240e-01,2.743830606885001508e-02,6.485185507369113367e-01,-6.431205501814346581e-01,6.553862960132155191e-01,-2.033566200154109382e-01,7.856464913174406872e-01,6.261370784044746340e-01,-9.224542608134093935e-02,3.958653789535046541e-01,1.421162559241843058e-02,7.761861912401024632e-01,6.822065121870743987e-01,5.546094797264343734e-01,2.634699294335344361e-02,6.526251383193314437e-01,3.131324263427506804e-01,7.413094347092764602e-01,4.012056581827099233e-01,1.457975816521735468e-01,4.512012668600992593e-01,7.094210859936267433e-01,1.000000000000000000e+00,7.280868492322110086e-01,2.580026482440830327e-01,7.970605628176977708e-01,7.446022631813402626e-01,6.509892297432282593e-01,-3.966265825781762344e-01,2.591270955448389257e-01,4.435335033132868365e-01,7.106729515061043223e-01,7.573147917156191067e-01,-1.227960588814087373e-01,2.710240815022696773e-02,7.634605274119701246e-01,5.577851198089049944e-01
5.670106455835167703e-01,2.062649069049131423e-01,3.944938820598012930e-01,-5.386945824545840561e-02,5.434544363253692723e-01,-5.248493960721902774e-01,5.106682983621019245e-01,-1.938756063676613794e-01,6.905334400320277677e-01,5.530306574813995679e-01,1.074920298943515817e-01,5.085617711014591702e-01,-2.256703120934482054e-02,6.934022922514745391e-01,6.889067756539237752e-01,4.594815637281332021e-01,3.226166950095979979e-01,6.530475209852368845e-01,3.923171113138012589e-01,5.947645921472064501e-01,3.722473243360290840e-01,1.934864090956290583e-01,3.395822927914023959e-01,6.112181949620366650e-01,7.280868492322110086e-01,1.000000000000000000e+00,4.526385816477176971e-01,7.779646908437569675e-01,6.755973805959520906e-01,5.466626028003604976e-01,-3.535889192839373196e-01,4.584346268246692335e-01,4.289933211986355910e-01,5.046255717538057350e-01,6.492008397154127586e-01,1.311862414272287405e-02,9.946846322838287513e-02,7.166728456696461746e-01,5.768308818790830461e-01
9.245898525955124903e-02,2.961981233721175388e-01,3.647666568779250884e-01,-6.469412118006000190e-02,3.886522647858327018e-01,1.380608373794021682e-01,-2.028998232979226657e-01,-3.739871516499485016e-01,3.518531509519664535e-01,3.889332833202844286e-01,4.097125506092673120e-01,4.181665360922851571e-01,4.634836720405176996e-02,2.370894121792956333e-01,3.072774183674384721e-02,4.758549896036476379e-01,4.189412774391825245e-01,2.119610101466578578e-01,3.849165184216964963e-01,-6.284360923924904585e-02,3.095835439438338610e-01,4.672732949386440571e-01,3.665650240630796697e-01,2.119954177341291934e-01,2.580026482440830327e-01,4.526385816477176971e-01,1.000000000000000000e+00,2.331710411799350069e-01,-4.075691403992091205e-02,2.417173519569584261e-01,3.271830335147900559e-01,2.148120074091647846e-01,3.390065537548526131e-01,9.551275156178373749e-02,7.756731592222512739e-02,2.199679408267289915e-01,3.304460008185928777e-01,2.585859258052292664e-01,6.445014864336521265e-01
6.366030802243891618e-01,1.199013341842753155e-01,3.553582406753389988e-01,-1.295445647753676321e-02,5.400484506250978756e-01,-6.785631803860878719e-01,6.800463342913520837e-01,-8.528897471065959024e-02,6.912384464670574546e-01,5.570852937672003957e-01,-6.244385250811616828e-02,4.337851219514139434e-01,9.145648343616806508e-02,6.791936803323059824e-01,7.283106244045478572e-01,4.395449515478132008e-01,3.204932724228735930e-02,6.323820916117892654e-01,1.734385709094197203e-01,7.274997166390538839e-01,3.966360175121438902e-01,1.779206539754502880e-01,3.779957974545732902e-01,6.309468428700923948e-01,7.970605628176977708e-01,7.779646908437569675e-01,2.331710411799350069e-01,1.000000000000000000e+00,7.164466103734793423e-01,5.334578376524741206e-01,-4.853112901602042450e-01,2.151991468999750745e-01,3.748493403668223256e-01,6.337517387269347990e-01,7.044233638588071056e-01,-7.389315640690757858e-02,-1.192219280848699214e-01,7.607887823871647415e-01,4.510627958559969564e-01
7.008873442690543021e-01,1.684731494889486481e-01,2.917586459327584647e-01,8.443413098470937961e-02,4.503799851019851808e-01,-7.205489585051455537e-01,7.459374744933006118e-01,-3.119903651597650748e-02,6.797281865531520362e-01,4.540906803666352465e-01,-1.069926621779790921e-01,3.031999702062453950e-01,-8.499315625279633968e-02,7.306554264922680009e-01,7.323802203409565115e-01,2.626564414282318016e-01,3.156274694721986074e-02,5.923032875156701849e-01,2.580581419018808664e-01,7.948195821647791037e-01,2.627116592371196990e-01,-7.971005620738388919e-02,1.979897344803589476e-01,6.693754065668133801e-01,7.446022631813402626e-01,6.755973805959520906e-01,-4.075691403992091205e-02,7.164466103734793423e-01,1.000000000000000000e+00,6.228337510059018811e-01,-5.424595086393007026e-01,4.401065089439478717e-01,2.927438589898311849e-01,6.120141806722854128e-01,8.091571812026098209e-01,-2.039479509839095261e-01,-3.007234615707314596e-02,5.952514289260040226e-01,2.850817498709182218e-01
7.821888588234271467e-01,5.857285767850887170e-01,4.001169853072208960e-01,6.644929602654822687e-02,5.965978291899475261e-01,-4.503525409910704713e-01,4.162461424682007416e-01,-2.648525741371470232e-01,6.930026503153199346e-01,7.654636117939002116e-01,-2.136251239377102984e-02,1.423593530079764746e-01,-2.166318062350319762e-01,5.983554252909816240e-01,3.199334064912510156e-01,5.972325935559500421e-01,5.526748111908896116e-02,2.841353683878717340e-01,1.988887976141338609e-01,4.493315849197495049e-01,2.461749816665708690e-01,1.853347184884079624e-01,3.382621631069550605e-01,6.048982935404454420e-01,6.509892297432282593e-01,5.466626028003604976e-01,2.417173519569584261e-01,5.334578376524741206e-01,6.228337510059018811e-01,1.000000000000000000e+00,-6.535434286406077709e-02,3.469166206625572402e-01,2.104247865024301278e-01,5.562234438827858840e-01,6.687176879978763422e-01,-1.649627992324863290e-01,3.396078577399140319e-01,4.420596487569277144e-01,4.653057219198166727e-01
-3.011487336474045762e-01,2.680077337716850749e-01,2.576072186166516453e-01,1.187985231347502557e-01,7.191185761722274083e-02,5.901197294432676266e-01,-6.619168415254468307e-01,-4.783950072748637816e-01,-2.148097446059885895e-01,6.976290032362925109e-02,3.748772159137434001e-01,-1.056382537668211358e-01,-2.607665144258022871e-01,-2.229107386001460689e-01,-6.554025435106403119e-01,1.912182915909723668e-01,2.241414064480544699e-01,-4.822121329750320706e-01,1.025493835942046286e-04,-6.168001002220148132e-01,3.738074090139473227e-02,3.727396404217060422e-01,1.510118877179371100e-01,-2.046200546038081380e-01,-3.966265825781762344e-01,-3.535889192839373196e-01,3.271830335147900559e-01,-4.853112901602042450e-01,-5.424595086393007026e-01,-6.535434286406077709e-02,1.000000000000000000e+00,-5.944056698212006606e-02,1.694028066746274264e-01,-1.537125292877080662e-01,-4.153640716646370135e-01,7.082517071928209895e-02,4.462345015383100688e-01,-4.288944532368646478e-01,1.042268452877475882e-01
2.927367163563458496e-01,3.068202180416984004e-01,2.386103654717446898e-01,1.749656736917375999e-01,2.089160433947537532e-01,-1.369228606947592020e-01,2.075287710999647595e-01,-1.462288854689823558e-01,3.358125312400913609e-01,1.851197349928074554e-01,4.523900215940763747e-01,3.246588308940772660e-01,-1.188704098396388964e-01,4.120066317651653875e-01,3.329133733584336841e-01,2.452110189923200137e-02,4.252133109668015942e-01,2.637705495373935394e-01,5.205215234733739926e-01,2.926065476040259905e-01,2.871818730809770903e-01,1.404549819333425487e-01,-7.873663888093343152e-03,4.505070374444289927e-01,2.591270955448389257e-01,4.584346268246692335e-01,2.148120074091647846e-01,2.151991468999750745e-01,4.401065089439478717e-01,3.469166206625572402e-01,-5.944056698212006606e-02,1.000000000000000000e+00,1.685458315648931948e-01,1.441276230313787154e-01,4.087100723088533671e-01,2.566269217813196835e-02,2.973910470675679707e-01,4.337723189952902986e-02,2.680334939205664679e-01
1.160817274175714175e-01,-8.516325353288096978e-02,5.880530478314327514e-01,7.257074697976102773e-02,4.451265423786296416e-01,-2.197985467775769308e-01,1.407224806577151710e-01,-4.718298447383668104e-01,4.985574073675102524e-01,3.030119419424978089e-01,1.892697672922602492e-01,4.661779989105508393e-01,-2.002941308891667271e-01,5.836617372823413863e-01,3.118366391788869874e-01,4.567941714284391441e-01,2.235454699514572430e-01,4.216241218335651797e-01,3.029597650815262222e-01,3.232531685294660062e-01,4.226530289621527325e-01,3.567138270779497966e-01,5.593398110388199118e-01,5.272654414059712025e-01,4.435335033132868365e-01,4.289933211986355910e-01,3.390065537548526131e-01,3.748493403668223256e-01,2.927438589898311849e-01,2.104247865024301278e-01,1.694028066746274264e-01,1.685458315648931948e-01,1.000000000000000000e+00,5.434202787275436153e-01,3.143560957593473093e-01,-2.226549086627533092e-01,1.161833935202475770e-01,4.454098109055398824e-01,5.040472299637908105e-01
5.512274666345395868e-01,1.287153787103514080e-01,5.981303002464288809e-01,1.941586903488589921e-01,7.453447735950319286e-01,-6.197970534299325207e-01,5.327213811825113332e-01,-3.880662537478647978e-01,7.046577286550792518e-01,5.297932001134804114e-01,-1.079816533340009488e-01,3.129320734268608573e-01,-1.652717477939528445e-01,7.625687067395457985e-01,4.899495300785831620e-01,5.029045410254481263e-01,-1.188090867261026168e-01,4.051470978962782299e-01,1.250277990439999376e-01,5.804437396165889052e-01,3.856419444494963433e-01,2.277863964075353687e-01,5.068442850206278383e-01,6.835056809454386206e-01,7.106729515061043223e-01,5.046255717538057350e-01,9.551275156178373749e-02,6.337517387269347990e-01,6.120141806722854128e-01,5.562234438827858840e-01,-1.537125292877080662e-01,1.441276230313787154e-01,5.434202787275436153e-01,1.000000000000000000e+00,6.005742235263555884e-01,-3.216833182651971934e-01,-5.884152027198798467e-04,5.684441597049008088e-01,4.122050867646108174e-01
7.186983339107057001e-01,2.648239505106280700e-01,3.438252632877331072e-01,-3.772419583802408966e-02,5.213067106281364937e-01,-6.585051355896909264e-01,6.122445313037809811e-01,-1.193908535172693158e-01,6.855998561604260688e-01,5.733631712335043318e-01,-1.331646986130255172e-01,2.870348668262645564e-01,-1.840486801158930652e-01,7.035631948262709434e-01,6.517805163573230365e-01,3.274589894067377882e-01,1.401223450003733634e-02,5.159626370021896946e-01,2.803959391955646030e-01,7.177968824517880764e-01,2.977248940847748715e-01,-4.823146795571945505e-03,2.511490214244022634e-01,6.769527007462079471e-01,7.573147917156191067e-01,6.492008397154127586e-01,7.756731592222512739e-02,7.044233638588071056e-01,8.091571812026098209e-01,6.687176879978763422e-01,-4.153640716646370135e-01,4.087100723088533671e-01,3.143560957593473093e-01,6.005742235263555884e-01,1.000000000000000000e+00,-8.532084263278885694e-02,1.798714577713863005e-01,5.676465035863793585e-01,3.897717469855068728e-01
-1.495298854344559170e-01,2.528537764563180967e-02,-1.665042729558785239e-01,-1.039601284557477023e-01,-7.445979571927335838e-02,3.651606939196482271e-01,-2.352468532949874291e-01,1.113275790433026075e-01,-2.181146428215166577e-01,4.621284212860516348e-03,2.555840975225435741e-01,1.116835141227131151e-01,3.347348329779428755e-01,-1.667234512454346951e-01,-4.029447188960134929e-02,-6.257378298444653264e-02,1.830163320088561141e-01,-9.376226314840090115e-02,8.723958049986552110e-02,-1.623360611537562614e-01,-2.230861292906727994e-02,-1.584321152130190036e-02,-1.882541355970589747e-01,-2.633726999791005663e-01,-1.227960588814087373e-01,1.311862414272287405e-02,2.199679408267289915e-01,-7.389315640690757858e-02,-2.039479509839095261e-01,-1.649627992324863290e-01,7.082517071928209895e-02,2.566269217813196835e-02,-2.226549086627533092e-01,-3.216833182651971934e-01,-8.532084263278885694e-02,1.000000000000000000e+00,9.988851450019058109e-02,-1.091849880013400081e-01,4.950749290845713607e-02
2.014007532661440669e-01,3.903615724585344227e-01,1.537003272789988773e-01,-1.556053102597700910e-01,2.247139096650081491e-01,2.905709309727693701e-01,-2.686115842091887362e-01,-3.194450002702440838e-01,1.259494039556029454e-01,3.994848916639170411e-01,7.112359581088530114e-02,-2.026897480816827468e-01,-4.658355299723893617e-01,1.011296275504718900e-01,-2.946568401880960697e-01,2.603604496603987295e-01,3.197777861915677144e-01,-1.949887507918609264e-01,2.373257280928414981e-01,-2.399954358876682514e-01,-1.915862045029531890e-01,1.588603691794591641e-02,1.542667489752563015e-01,1.551732549292324514e-01,2.710240815022696773e-02,9.946846322838287513e-02,3.304460008185928777e-01,-1.192219280848699214e-01,-3.007234615707314596e-02,3.396078577399140319e-01,4.462345015383100688e-01,2.973910470675679707e-01,1.161833935202475770e-01,-5.884152027198798467e-04,1.798714577713863005e-01,9.988851450019058109e-02,1.000000000000000000e+00,-1.527294301807897159e-01,2.983902697485240618e-01
4.562796792605719465e-01,-7.241768894455104244e-02,4.428535164014963388e-01,-4.792813494750599451e-02,5.339338539256835992e-01,-6.648318656000427040e-01,6.379164372426864293e-01,-2.132056542619305550e-01,6.945600061587875462e-01,4.989770810514369548e-01,-2.066530496066899258e-01,4.067351088512967117e-01,-6.591808734336121640e-03,6.041366642666732290e-01,6.992975391108441352e-01,5.649460578819101020e-01,4.320695871839649871e-02,7.659229177050802528e-01,2.526680488842583117e-01,6.889514561115118729e-01,3.314027606546074978e-01,9.543362821696424469e-02,3.391516279827399560e-01,5.088148664148951505e-01,7.634605274119701246e-01,7.166728456696461746e-01,2.585859258052292664e-01,7.607887823871647415e-01,5.952514289260040226e-01,4.420596487569277144e-01,-4.288944532368646478e-01,4.337723189952902986e-02,4.454098109055398824e-01,5.684441597049008088e-01,5.676465035863793585e-01,-1.091849880013400081e-01,-1.527294301807897159e-01,1.000000000000000000e+00,5.294822504522890272e-01
3.844751751698830544e-01,3.144975156473029942e-01,4.809936757499873039e-01,-2.401638398898413296e-02,6.044625116240154306e-01,-2.038303983691237276e-01,1.050136066801900248e-01,-3.548723284308109016e-01,6.995317077255368554e-01,5.254738359976641737e-01,2.067661371277373372e-01,5.232346821086195643e-01,-1.143791498269186718e-01,5.520258728049453056e-01,3.046886210241484538e-01,5.906856508761185731e-01,1.733782272020128468e-01,4.987400149200265642e-01,5.385578355991813559e-01,2.644160849309702410e-01,3.487909380466617248e-01,4.668538344772465432e-01,4.223765900854553057e-01,5.148662561340628940e-01,5.577851198089049944e-01,5.768308818790830461e-01,6.445014864336521265e-01,4.510627958559969564e-01,2.850817498709182218e-01,4.653057219198166727e-01,1.042268452877475882e-01,2.680334939205664679e-01,5.040472299637908105e-01,4.122050867646108174e-01,3.897717469855068728e-01,4.950749290845713607e-02,2.983902697485240618e-01,5.294822504522890272e-01,1.000000000000000000e+00
