1.000000000000000000e+00,7.413521933534954478e-01,6.195293340013457994e-01,-8.645967035163754089e-02,7.236129960204137346e-01,3.782236547086224587e-01,1.452783087148947216e-01,-6.184299029178600415e-01,7.919721401307818764e-01,7.733554102057900170e-01,3.617518361096347390e-01,-6.115169661862566997e-02,-3.906837351310571416e-01,6.038687072435002801e-01,2.316907154101080224e-01,7.056093828614063979e-01,2.718038033846298385e-01,3.794406777765986227e-01,4.999899572614211474e-01,-5.281534752158023593e-02,9.924679581296390329e-02,-6.841330088377887975e-02,6.914509246672618792e-01,5.030591194231313068e-01,6.589051667858477623e-01,6.570938656256372079e-01,4.300170212888154153e-01,6.200248330507497352e-01,4.917465275688181481e-01,7.410534091113338828e-01,4.938642296581878810e-01,4.473087062487824950e-01,2.058166947903297961e-01,2.955646303585289236e-01,3.734815191272184420e-01,6.518197469461168847e-01,3.456574756296816875e-01,7.054179017523585227e-01,4.521244145381526081e-01
7.413521933534954478e-01,1.000000000000000000e+00,5.126577074045699511e-01,-2.235657267450300023e-01,7.030081877811507063e-01,3.675897551902675420e-01,3.441727002847432687e-02,-6.108157319042645250e-01,7.501015320874899750e-01,7.667632227356767638e-01,4.651652127510538803e-01,1.536550862334518652e-01,-3.244324609296257989e-01,7.200525438225842123e-01,-1.435725270692283541e-02,7.123846335242683958e-01,3.071280930836554623e-01,1.587308651245152302e-01,2.996522722565729269e-01,-3.224475063716084611e-01,-2.292236932176639208e-01,-2.426623684941797143e-01,7.028600438293711727e-01,5.191187862727827396e-01,5.473585964356898481e-01,4.894607253523358681e-01,4.929154291449095449e-01,3.429317432820102596e-01,4.008601128343201592e-01,6.046640628342141444e-01,5.634552813869777577e-01,5.816053892145769399e-01,-3.948340748563752139e-02,1.914774716111871389e-01,4.155176317130777064e-01,6.071892619387712076e-01,4.559216115045786610e-01,5.730026358572726242e-01,6.121868760861363112e-01
6.195293340013457994e-01,5.126577074045699511e-01,1.000000000000000000e+00,8.388286970893209238e-02,6.795724088523050765e-01,4.212131974506714421e-02,-5.635492049572290302e-02,-5.521716936226536143e-01,6.103216278906734571e-01,5.012496654802056639e-01,4.185249802286721277e-01,6.990883175902141977e-02,-2.167140818634435140e-01,4.570783975947816935e-01,1.490763361492916661e-01,4.011809967131708121e-01,4.654396397604012026e-01,2.845851250585365033e-01,3.701585465095508232e-01,-1.262981177840482583e-01,-2.200130525419779007e-02,1.876178875756298603e-01,4.080196894619038672e-01,3.572303534680598691e-01,3.345343029063739260e-01,5.940582544384104269e-01,4.882044393385892578e-01,6.412009448862071581e-01,3.322226142712831898e-01,4.160603993935289568e-01,6.076445864877343395e-01,3.856085125800270408e-01,4.253149518339310875e-01,2.518765552934749130e-01,2.457525421641746921e-01,4.460718562105154272e-01,3.412169760379352712e-01,4.480017850376542543e-01,3.289751688589983014e-01
-8.645967035163754089e-02,-2.235657267450300023e-01,8.388286970893209238e-02,1.000000000000000000e+00,-2.381569198618806171e-01,6.379056270033690856e-02,3.672137725274937647e-01,3.878844658108059340e-01,-1.451652200649863056e-01,-2.097620819161248595e-01,2.639964337795061566e-01,-4.417182011109910267e-01,4.782022997478413973e-01,2.612553640181615108e-02,-1.075670894742415395e-01,-3.697577986856657728e-01,6.642479239406243186e-02,-2.123036952668173327e-01,-3.383405156340267839e-01,3.574333621344551459e-01,-1.088637144969126502e-01,2.486091804263509397e-01,-2.801824742252298495e-01,1.674350460111400929e-01,-1.446726819910120199e-01,3.072863615080170252e-01,1.842524262562124371e-01,2.183398836575982938e-01,3.811258754614528788e-01,-1.938182088771293055e-01,1.945431494454314125e-01,1.752567137173750011e-01,4.161287434507124905e-01,-4.519362628481278232e-01,3.179689582486608934e-01,-3.472986804682891004e-01,3.502835075040056090e-01,-1.649868245695972624e-01,-4.933834011933377339e-01
7.236129960204137346e-01,7.030081877811507063e-01,6.795724088523050765e-01,-2.381569198618806171e-01,1.000000000000000000e+00,1.239858256701351219e-01,3.843202412536113333e-02,-7.723569263777585459e-01,6.982500779537871294e-01,6.895809406518872420e-01,2.581368550527853856e-01,2.472087414114741422e-01,-3.610210357869138575e-01,5.354050244541913584e-01,2.754194481978720632e-01,6.715233683739894044e-01,2.389870799303441540e-01,5.039623764738272449e-01,5.775962236165679276e-01,-2.383411356029233319e-01,4.980251477956768730e-02,-2.009516866044114003e-01,5.555851069635698858e-01,3.098840798768309202e-01,4.912258033042359306e-01,3.838352823953517512e-01,2.448902592487535168e-01,5.403758278753814093e-01,2.884023369039455664e-01,6.274878560532720639e-01,3.616214382016686435e-01,3.052541824506431745e-01,-1.282920392182534605e-02,5.307316799514625316e-01,2.194426651325918354e-01,7.200981315960371942e-01,2.052236458157651877e-01,5.595835240880850936e-01,5.705676527149469157e-01
3.782236547086224587e-01,3.675897551902675420e-01,4.212131974506714421e-02,6.379056270033690856e-02,1.239858256701351219e-01,1.000000000000000000e+00,8.890982478143602541e-02,-1.306503872293598989e-01,3.891848536724610286e-01,4.135783126039443425e-01,3.621489994277526381e-01,-5.142093415204733731e-01,-2.144055957089613107e-01,4.946088491588773728e-01,-2.000580765626293334e-01,2.234739502939219191e-01,-5.865406998452605408e-03,-1.484206017284938617e-01,-1.146537204673083871e-01,1.280791401002498789e-02,-5.273172834196230424e-02,-2.798349405257194444e-01,5.543351627181040131e-01,7.507847541012193648e-01,5.947373722506769100e-01,4.592697606281198053e-01,3.511662663661266892e-01,1.674182270824621233e-01,5.929013198233965554e-01,3.345272272189370732e-01,2.810033896853962876e-01,5.662280703285464956e-01,1.803725280841549372e-01,-3.465993903407844079e-01,5.870070021453941411e-01,1.435434548100884555e-01,5.110477308508845073e-01,3.567969685224874898e-01,-4.723118484326716687e-02
1.452783087148947216e-01,3.441727002847432687e-02,-5.635492049572290302e-02,3.672137725274937647e-01,3.843202412536113333e-02,8.890982478143602541e-02,1.000000000000000000e+00,2.654954953370477003e-02,1.816330130133647983e-02,1.409318935885403579e-01,-3.230170905744426252e-02,-3.215249247709529579e-01,1.720999062392356560e-01,1.265300635379328076e-01,3.045304504192247741e-01,1.229365596657884391e-01,-2.013987066296021311e-01,2.208907487010441373e-01,1.891228640246359061e-01,3.963275450264711619e-01,1.180632318167020162e-01,3.839462286318207074e-02,3.915458170768297552e-02,1.290956315424150735e-01,1.545356052117710655e-01,1.927584736393804510e-01,-1.644512636866496402e-01,2.355885532622080114e-01,3.043814956701373919e-01,2.541892907041036209e-01,-4.497252002951006300e-02,4.053697514806851171e-02,-6.765825145303920596e-02,8.195225393431770922e-02,2.722157578371339759e-01,1.744013525900357242e-01,1.949169679758268716e-03,2.076476217199030028e-01,-1.335264361047830139e-01
-6.184299029178600415e-01,-6.108157319042645250e-01,-5.521716936226536143e-01,3.878844658108059340e-01,-7.723569263777585459e-01,-1.306503872293598989e-01,2.654954953370477003e-02,1.000000000000000000e+00,-5.856056748081059915e-01,-6.378941250728782375e-01,-7.778299051915510409e-02,-2.268241415915724368e-01,5.361586821113969448e-01,-4.932894502602696019e-01,-2.435196835682312821e-01,-6.562675765506655878e-01,-1.613543517096861779e-02,-5.546125893429912912e-01,-5.712843195314123435e-01,2.787077324757593066e-01,-2.187165372447250067e-01,3.312032166368207853e-01,-4.978962068677515451e-01,-2.363696029387531150e-01,-4.509290548327622439e-01,-1.835915368884777910e-01,-6.801773456414957064e-02,-4.518631107520613699e-01,-1.787525917270522957e-01,-5.858482759175267507e-01,-1.821608469838828237e-01,-1.859433599970331807e-01,2.357842438312814648e-01,-6.155169002095778330e-01,-1.663068191111299332e-01,-7.383375279911597033e-01,-7.877301840015195344e-02,-4.555571543008888336e-01,-5.819040324556854493e-01
7.919721401307818764e-01,7.501015320874899750e-01,6.103216278906734571e-01,-1.451652200649863056e-01,6.982500779537871294e-01,3.891848536724610286e-01,1.816330130133647983e-02,-5.856056748081059915e-01,1.000000000000000000e+00,8.214498185848128076e-01,3.120893010501012421e-01,2.914710690536667301e-02,-3.899447060953067368e-01,5.230776751199139873e-01,1.294207443702597993e-01,7.590151396878134227e-01,3.719500755654953084e-01,3.028391690655076740e-01,4.627993315637083382e-01,-1.493333899045414526e-01,-1.343526838668941160e-02,-9.016357375793541962e-02,7.748508726365254118e-01,4.961884347193776801e-01,7.401998870101904604e-01,5.478150663417314936e-01,4.282912873303591494e-01,4.414555742940011185e-01,3.581123187197133850e-01,7.685971771430621935e-01,5.156385968338104142e-01,4.006787999635390563e-01,2.127524488359165411e-01,2.461311541227378663e-01,2.721465453108253829e-01,6.278653677870752459e-01,2.750691047670921763e-01,6.991740431497194264e-01,5.455292948839305378e-01
7.733554102057900170e-01,7.667632227356767638e-01,5.012496654802056639e-01,-2.097620819161248595e-01,6.895809406518872420e-01,4.135783126039443425e-01,1.409318935885403579e-01,-6.378941250728782375e-01,8.214498185848128076e-01,1.000000000000000000e+00,2.340515138200535694e-01,1.256654620528836579e-02,-3.607363909688221515e-01,6.035869968593394752e-01,1.968388371991266483e-01,8.388188839458101675e-01,1.742143499441048127e-01,3.486592877550263592e-01,4.881062473741445973e-01,-1.153520279314077801e-01,3.045123273978665029e-02,-1.581792455465719227e-01,7.754228625273154041e-01,5.117240588829775616e-01,7.603614826747234767e-01,4.688728366531078606e-01,2.732929030056119313e-01,4.171288414205912010e-01,3.989976574846413881e-01,7.733439319838358861e-01,4.185862963051436569e-01,3.736545955040980194e-01,2.754813403597521082e-02,3.116953363316329884e-01,3.673730499875728639e-01,7.290806717696048933e-01,2.508864531955703470e-01,7.145095911255247012e-01,5.375071516532613503e-01
3.617518361096347390e-01,4.651652127510538803e-01,4.185249802286721277e-01,2.639964337795061566e-01,2.581368550527853856e-01,3.621489994277526381e-01,-3.230170905744426252e-02,-7.778299051915510409e-02,3.120893010501012421e-01,2.340515138200535694e-01,1.000000000000000000e+00,-1.374142482339340554e-01,6.864884444987542911e-02,5.975405575455753349e-01,-3.924737350203870156e-01,2.899607006764044759e-02,5.506027361462231262e-01,-4.097697532358675065e-01,-2.492138884957839640e-01,-2.855138044997775348e-01,-5.055194523420691866e-01,-6.053371228731512128e-03,3.124684495314662969e-01,5.946216194315829817e-01,8.432768073700448730e-02,5.822311477752279973e-01,7.242105242823703160e-01,2.186122600461890830e-01,4.940828330418343128e-01,-1.990597233728103477e-03,7.313801250335399962e-01,7.786010481030020136e-01,3.233121594839533652e-01,-4.118830463038056777e-01,5.268892259039210657e-01,-5.897128575180160537e-02,7.713417272759811594e-01,2.204151950976605823e-01,1.325427559032608948e-01
-6.115169661862566997e-02,1.536550862334518652e-01,6.990883175902141977e-02,-4.417182011109910267e-01,2.472087414114741422e-01,-5.142093415204733731e-01,-3.215249247709529579e-01,-2.268241415915724368e-01,2.914710690536667301e-02,1.256654620528836579e-02,-1.374142482339340554e-01,1.000000000000000000e+00,-1.375621468373770251e-01,-1.441635171543494964e-01,3.621970145231236810e-02,2.041024802966786011e-01,1.902093772732943999e-01,1.176781535963487696e-01,2.634298766166409123e-01,-5.070517349872945001e-01,-2.186440892663699676e-01,-1.739777566040852097e-01,-2.000930825128548196e-02,-4.526555274687843466e-01,-2.335400040008087374e-01,-3.811066966977721959e-01,-4.330417562125204317e-02,-2.847807916804301342e-01,-5.649926525432313884e-01,-5.163064733371497406e-02,-8.995469986097149109e-03,-2.373298782575672949e-01,-3.957805512234505718e-01,4.069263176759817524e-01,-4.930083896177573921e-01,1.820664270857520750e-01,-3.026143964541506137e-01,1.954571157705134921e-04,6.136380543440598245e-01
-3.906837351310571416e-01,-3.244324609296257989e-01,-2.167140818634435140e-01,4.782022997478413973e-01,-3.610210357869138575e-01,-2.144055957089613107e-01,1.720999062392356560e-01,5.361586821113969448e-01,-3.899447060953067368e-01,-3.607363909688221515e-01,6.864884444987542911e-02,-1.375621468373770251e-01,1.000000000000000000e+00,-1.237365563016474823e-01,3.982044862493571910e-03,-4.149123768540275425e-01,-8.501224288470880797e-03,-2.741977985966950193e-01,-3.950660427595278912e-01,3.108344294788560336e-01,-2.450855583838965068e-01,2.864360307103178682e-01,-4.065263326013099920e-01,-1.214213255159504595e-01,-3.383295021455174356e-01,-7.139586577538259426e-02,-1.386433126383316561e-01,-1.801124814314302436e-01,1.188244424228541707e-01,-3.911942663608940496e-01,-7.533043782436221747e-02,-3.636320143706418817e-02,1.332377037424026800e-01,-3.573092223818634117e-01,1.548795715043971843e-01,-4.323987398567482598e-01,8.940041755708988402e-02,-2.898396722995810193e-01,-4.663963325428869267e-01
6.038687072435002801e-01,7.200525438225842123e-01,4.570783975947816935e-01,2.612553640181615108e-02,5.354050244541913584e-01,4.946088491588773728e-01,1.265300635379328076e-01,-4.932894502602696019e-01,5.230776751199139873e-01,6.035869968593394752e-01,5.975405575455753349e-01,-1.441635171543494964e-01,-1.237365563016474823e-01,1.000000000000000000e+00,-8.072303442522930916e-02,4.482954649229410338e-01,1.808717094640518719e-01,-2.704181035737563896e-02,3.207662752471765466e-02,-2.089658157015933104e-01,-2.517815440483031075e-01,-2.632140853807070635e-01,5.295894980288974319e-01,7.029407896150171586e-01,4.057476845482145267e-01,5.748743279010156693e-01,4.882273737839792349e-01,4.052732641660730106e-01,6.579428240706870490e-01,3.646653704032584153e-01,5.703883970939913617e-01,7.455893946099173553e-01,1.103081687875828720e-02,-4.330951603903517716e-02,7.288211496683457691e-01,4.353087683879460767e-01,6.969957727290306826e-01,4.271763204854473472e-01,2.703268859195477880e-01
2.316907154101080224e-01,-1.435725270692283541e-02,1.490763361492916661e-01,-1.075670894742415395e-01,2.754194481978720632e-01,-2.000580765626293334e-01,3.045304504192247741e-01,-2.435196835682312821e-01,1.294207443702597993e-01,1.968388371991266483e-01,-3.924737350203870156e-01,3.621970145231236810e-02,3.982044862493571910e-03,-8.072303442522930916e-02,1.000000000000000000e+00,3.050704961888351940e-01,-2.897395893239018139e-01,6.920127175058861102e-01,6.293520407730490707e-01,5.291299711719125165e-01,4.855059627355512997e-01,2.237121907317924374e-01,2.995628895260718863e-02,-2.315389362292565867e-01,2.372542639164322842e-01,1.120017280228277762e-01,-4.161552917792729067e-01,3.861780157093406274e-01,1.401743386199829078e-01,4.320158341203885755e-01,-2.684189155479979050e-01,-3.483422407640043850e-01,6.557425079785886637e-03,5.773078351589980839e-01,1.180430975057009634e-02,4.434136151966596162e-01,-4.005505215786239748e-01,3.625287077670774072e-01,-2.383869649071462815e-02
7.056093828614063979e-01,7.123846335242683958e-01,4.011809967131708121e-01,-3.697577986856657728e-01,6.715233683739894044e-01,2.234739502939219191e-01,1.229365596657884391e-01,-6.562675765506655878e-01,7.590151396878134227e-01,8.388188839458101675e-01,2.899607006764044759e-02,2.041024802966786011e-01,-4.149123768540275425e-01,4.482954649229410338e-01,3.050704961888351940e-01,1.000000000000000000e+00,1.023668109222489603e-01,4.655324955680659182e-01,6.045468310376298504e-01,-1.238610982957684820e-01,1.214211587802987713e-01,-1.687721731159638472e-01,7.235107091800495605e-01,2.824611688697281076e-01,6.922535218526776335e-01,2.781931867200229669e-01,1.088437982970459073e-01,3.212779507012992197e-01,1.777443029195312774e-01,7.901868201871216080e-01,2.647394157570824857e-01,1.603110489533138006e-01,-1.330313885922954353e-01,4.879969664787255912e-01,1.503141759919876530e-01,7.862429068797119891e-01,1.513098269924275422e-05,6.891437137999323337e-01,6.419619755420534757e-01
2.718038033846298385e-01,3.071280930836554623e-01,4.654396397604012026e-01,6.642479239406243186e-02,2.389870799303441540e-01,-5.865406998452605408e-03,-2.013987066296021311e-01,-1.613543517096861779e-02,3.719500755654953084e-01,1.742143499441048127e-01,5.506027361462231262e-01,1.902093772732943999e-01,-8.501224288470880797e-03,1.808717094640518719e-01,-2.897395893239018139e-01,1.023668109222489603e-01,1.000000000000000000e+00,-2.766165303051015822e-01,-4.828251461455339982e-02,-3.768529670471361670e-01,-3.983106531359376645e-01,1.586497388637637118e-01,3.201005976474169956e-01,2.406916672537079416e-01,7.859380862436377013e-02,3.508298780522731142e-01,5.998331282831186329e-01,9.631632898859007752e-02,-1.617972345987928745e-02,6.411709462172186791e-02,6.496641756783338995e-01,3.642333439667431727e-01,4.127809314372082317e-01,-1.974135092113420420e-01,-5.600761184473185966e-02,-3.302495457766876918e-02,3.036193598803073601e-01,2.690483913227060264e-01,3.346508605262659697e-01
3.794406777765986227e-01,1.587308651245152302e-01,2.845851250585365033e-01,-2.123036952668173327e-01,5.039623764738272449e-01,-1.484206017284938617e-01,2.208907487010441373e-01,-5.546125893429912912e-01,3.028391690655076740e-01,3.486592877550263592e-01,-4.097697532358675065e-01,1.176781535963487696e-01,-2.741977985966950193e-01,-2.704181035737563896e-02,6.920127175058861102e-01,4.655324955680659182e-01,-2.766165303051015822e-01,1.000000000000000000e+00,7.793330275849681410e-01,2.762669000567716804e-01,5.862857102153862243e-01,-3.834990902022177364e-03,1.550981253661182779e-01,-1.730533395329584001e-01,3.364323435109995986e-01,6.617353244986142781e-03,-3.799340700362183743e-01,4.563228768859116102e-01,2.345099989471479893e-02,5.659987141187183823e-01,-2.771244170577916721e-01,-3.381273887414428803e-01,-1.348106396092693948e-01,7.633041256143012765e-01,-1.256920360584880825e-01,5.974647990201629177e-01,-4.185970307898205234e-01,3.037812181135784440e-01,2.065130502177885963e-01
4.999899572614211474e-01,2.996522722565729269e-01,3.701585465095508232e-01,-3.383405156340267839e-01,5.775962236165679276e-01,-1.146537204673083871e-01,1.891228640246359061e-01,-5.712843195314123435e-01,4.627993315637083382e-01,4.881062473741445973e-01,-2.492138884957839640e-01,2.634298766166409123e-01,-3.950660427595278912e-01,3.207662752471765466e-02,6.293520407730490707e-01,6.045468310376298504e-01,-4.828251461455339982e-02,7.793330275849681410e-01,1.000000000000000000e+00,8.822295994201186098e-02,3.699616140532197006e-01,5.138338446198617571e-02,3.669158585041745746e-01,-1.091732041993290492e-01,4.113167440669480146e-01,1.146956711420380887e-01,-1.739498836113004265e-01,3.911735437191907749e-01,-3.946011130244336113e-02,6.345384396590679765e-01,-4.715969034202276838e-02,-2.174862086563406349e-01,-7.020380882595192440e-02,7.360610960903598565e-01,-1.761443596122810873e-01,6.278425954588867652e-01,-3.805242032604172486e-01,4.994831391306757684e-01,4.252021348231053710e-01
-5.281534752158023593e-02,-3.224475063716084611e-01,-1.262981177840482583e-01,3.574333621344551459e-01,-2.383411356029233319e-01,1.280791401002498789e-02,3.963275450264711619e-01,2.787077324757593066e-01,-1.493333899045414526e-01,-1.153520279314077801e-01,-2.855138044997775348e-01,-5.070517349872945001e-01,3.108344294788560336e-01,-2.089658157015933104e-01,5.291299711719125165e-01,-1.238610982957684820e-01,-3.768529670471361670e-01,2.762669000567716804e-01,8.822295994201186098e-02,1.000000000000000000e+00,4.654084043083566713e-01,4.348115077822672370e-01,-1.979813690149226646e-01,-6.508880048496404336e-02,1.082997680223709430e-01,1.656389483816255725e-01,-3.329185331551919313e-01,2.355960919530817321e-01,2.926674990490197859e-01,1.226150302514673746e-01,-2.698083016239289922e-01,-2.479447073126248569e-01,3.144144079791275637e-01,-1.184598349076675583e-03,1.757775785398892066e-01,-5.229870146205645859e-02,-2.018928618465612168e-01,2.821572899446069330e-02,-5.339724678428429128e-01
9.924679581296390329e-02,-2.292236932176639208e-01,-2.200130525419779007e-02,-1.088637144969126502e-01,4.980251477956768730e-02,-5.273172834196230424e-02,1.180632318167020162e-01,-2.187165372447250067e-01,-1.343526838668941160e-02,3.045123273978665029e-02,-5.055194523420691866e-01,-2.186440892663699676e-01,-2.450855583838965068e-01,-2.517815440483031075e-01,4.855059627355512997e-01,1.214211587802987713e-01,-3.983106531359376645e-01,5.862857102153862243e-01,3.699616140532197006e-01,4.654084043083566713e-01,1.000000000000000000e+00,5.796717908166416217e-02,-4.348310845531569435e-02,-1.810054044103587001e-01,2.057651805732013950e-01,-1.286881368434925621e-01,-5.032687675605278521e-01,3.139667375344251665e-01,-5.048656375398134777e-02,2.799049062381583908e-01,-4.549069639590502256e-01,-4.742286521882531636e-01,1.872440796509164396e-02,4.660402913936741442e-01,-1.715233148006942432e-01,2.448758644807066398e-01,-4.695451053418217002e-01,1.104837169548636144e-01,-1.158743810656132633e-01
-6.841330088377887975e-02,-2.426623684941797143e-01,1.876178875756298603e-01,2.486091804263509397e-01,-2.009516866044114003e-01,-2.798349405257194444e-01,3.839462286318207074e-02,3.312032166368207853e-01,-9.016357375793541962e-02,-1.581792455465719227e-01,-6.053371228731512128e-03,-1.739777566040852097e-01,2.864360307103178682e-01,-2.632140853807070635e-01,2.237121907317924374e-01,-1.687721731159638472e-01,1.586497388637637118e-01,-3.834990902022177364e-03,5.138338446198617571e-02,4.348115077822672370e-01,5.796717908166416217e-02,1.000000000000000000e+00,-1.810503425564187474e-01,-1.458726513524407631e-01,-1.164795786831677310e-01,2.342787542543885160e-01,7.166624162889319305e-02,1.763840462264816000e-01,9.933289781380385403e-03,-8.199234871404137426e-02,1.504916268330239726e-01,-1.480071749804301173e-01,5.581204586890161634e-01,-9.350893486978295588e-02,-9.287296291409159743e-02,-1.888609083886561013e-01,-1.448279288776257445e-01,-3.305004769044112001e-02,-2.993418830643356787e-01
6.914509246672618792e-01,7.028600438293711727e-01,4.080196894619038672e-01,-2.801824742252298495e-01,5.555851069635698858e-01,5.543351627181040131e-01,3.915458170768297552e-02,-4.978962068677515451e-01,7.748508726365254118e-01,7.754228625273154041e-01,3.124684495314662969e-01,-2.000930825128548196e-02,-4.065263326013099920e-01,5.295894980288974319e-01,2.995628895260718863e-02,7.235107091800495605e-01,3.201005976474169956e-01,1.550981253661182779e-01,3.669158585041745746e-01,-1.979813690149226646e-01,-4.348310845531569435e-02,-1.810503425564187474e-01,1.000000000000000000e+00,6.026524091635324654e-01,7.787391068541333894e-01,4.669829251172734619e-01,3.920525723207579638e-01,2.618481463844022361e-01,3.185014450945025111e-01,6.932986856633471806e-01,4.793867987943157272e-01,4.497925004570531016e-01,1.294960189057653144e-01,1.174772927886986867e-01,3.017866660333417550e-01,5.701587866460549048e-01,2.534190898449381057e-01,7.462413456099598053e-01,5.261732186235450470e-01
5.030591194231313068e-01,5.191187862727827396e-01,3.572303534680598691e-01,1.674350460111400929e-01,3.098840798768309202e-01,7.507847541012193648e-01,1.290956315424150735e-01,-2.363696029387531150e-01,4.961884347193776801e-01,5.117240588829775616e-01,5.946216194315829817e-01,-4.526555274687843466e-01,-1.214213255159504595e-01,7.029407896150171586e-01,-2.315389362292565867e-01,2.824611688697281076e-01,2.406916672537079416e-01,-1.730533395329584001e-01,-1.091732041993290492e-01,-6.508880048496404336e-02,-1.810054044103587001e-01,-1.458726513524407631e-01,6.026524091635324654e-01,1.000000000000000000e+00,5.467964460951841854e-01,6.372044500558331492e-01,5.390884790460822584e-01,3.358862530979743188e-01,6.793526544696503189e-01,3.265124646844903000e-01,5.684668927864753307e-01,7.433670986654010715e-01,3.184647428675436709e-01,-3.267772968968795655e-01,6.974229628635589817e-01,2.299651756419055781e-01,6.862513192380859106e-01,4.133375471278297186e-01,3.983594823127944301e-02
6.589051667858477623e-01,5.473585964356898481e-01,3.345343029063739260e-01,-1.446726819910120199e-01,4.912258033042359306e-01,5.947373722506769100e-01,1.545356052117710655e-01,-4.509290548327622439e-01,7.401998870101904604e-01,7.603614826747234767e-01,8.432768073700448730e-02,-2.335400040008087374e-01,-3.383295021455174356e-01,4.057476845482145267e-01,2.372542639164322842e-01,6.922535218526776335e-01,7.859380862436377013e-02,3.364323435109995986e-01,4.113167440669480146e-01,1.082997680223709430e-01,2.057651805732013950e-01,-1.164795786831677310e-01,7.787391068541333894e-01,5.467964460951841854e-01,1.000000000000000000e+00,4.555960698653480079e-01,1.703950369806004617e-01,3.744920289739070984e-01,4.210271628961929635e-01,7.749157580855501326e-01,2.549753935383483050e-01,2.612955030225134201e-01,1.884169092434980763e-01,1.792768078915389085e-01,3.336418735790124823e-01,5.917171019118833142e-01,1.415573043090757599e-01,7.025573295332766532e-01,3.119122466008822925e-01
6.570938656256372079e-01,4.894607253523358681e-01,5.940582544384104269e-01,3.072863615080170252e-01,3.838352823953517512e-01,4.592697606281198053e-01,1.927584736393804510e-01,-1.835915368884777910e-01,5.478150663417314936e-01,4.688728366531078606e-01,5.822311477752279973e-01,-3.811066966977721959e-01,-7.139586577538259426e-02,5.748743279010156693e-01,1.120017280228277762e-01,2.781931867200229669e-01,3.508298780522731142e-01,6.617353244986142781e-03,1.146956711420380887e-01,1.656389483816255725e-01,-1.286881368434925621e-01,2.342787542543885160e-01,4.669829251172734619e-01,6.372044500558331492e-01,4.555960698653480079e-01,1.000000000000000000e+00,6.455521356153411938e-01,6.024506321716662782e-01,7.127333484795218554e-01,4.169016745259132017e-01,6.516796257159619410e-01,6.446854261790005980e-01,5.811617802808599631e-01,-1.851135178664473635e-01,6.013149445929941717e-01,2.447231024973065550e-01,6.058471008544610292e-01,5.220617456665057610e-01,-2.268824826699003972e-03
4.300170212888154153e-01,4.929154291449095449e-01,4.882044393385892578e-01,1.842524262562124371e-01,2.448902592487535168e-01,3.511662663661266892e-01,-1.644512636866496402e-01,-6.801773456414957064e-02,4.282912873303591494e-01,2.732929030056119313e-01,7.242105242823703160e-01,-4.330417562125204317e-02,-1.386433126383316561e-01,4.882273737839792349e-01,-4.161552917792729067e-01,1.088437982970459073e-01,5.998331282831186329e-01,-3.799340700362183743e-01,-1.739498836113004265e-01,-3.329185331551919313e-01,-5.032687675605278521e-01,7.166624162889319305e-02,3.920525723207579638e-01,5.390884790460822584e-01,1.703950369806004617e-01,6.455521356153411938e-01,1.000000000000000000e+00,2.308723337764263528e-01,3.525003853662219133e-01,8.827087856937881893e-02,7.772185255728016884e-01,7.344137664466742210e-01,4.397202554303674127e-01,-3.955501165549801246e-01,3.380641937683085407e-01,-8.857960830611561961e-03,6.887091494233071876e-01,2.527527053677511848e-01,2.108538142397921866e-01
6.200248330507497352e-01,3.429317432820102596e-01,6.412009448862071581e-01,2.183398836575982938e-01,5.403758278753814093e-01,1.674182270824621233e-01,2.355885532622080114e-01,-4.518631107520613699e-01,4.414555742940011185e-01,4.171288414205912010e-01,2.186122600461890830e-01,-2.847807916804301342e-01,-1.801124814314302436e-01,4.052732641660730106e-01,3.861780157093406274e-01,3.212779507012992197e-01,9.631632898859007752e-02,4.563228768859116102e-01,3.911735437191907749e-01,2.355960919530817321e-01,3.139667375344251665e-01,1.763840462264816000e-01,2.618481463844022361e-01,3.358862530979743188e-01,3.744920289739070984e-01,6.024506321716662782e-01,2.308723337764263528e-01,1.000000000000000000e+00,5.349209007276815031e-01,4.747220967114964552e-01,2.984684825636257366e-01,2.692087775414240824e-01,3.669563215805730638e-01,3.172697690575873586e-01,3.785324171718449371e-01,4.794285535857216729e-01,2.754906090332776558e-01,3.922604937299927763e-01,-1.133830169959133480e-02
4.917465275688181481e-01,4.008601128343201592e-01,3.322226142712831898e-01,3.811258754614528788e-01,2.884023369039455664e-01,5.929013198233965554e-01,3.043814956701373919e-01,-1.787525917270522957e-01,3.581123187197133850e-01,3.989976574846413881e-01,4.940828330418343128e-01,-5.649926525432313884e-01,1.188244424228541707e-01,6.579428240706870490e-01,1.401743386199829078e-01,1.777443029195312774e-01,-1.617972345987928745e-02,2.345099989471479893e-02,-3.946011130244336113e-02,2.926674990490197859e-01,-5.048656375398134777e-02,9.933289781380385403e-03,3.185014450945025111e-01,6.793526544696503189e-01,4.210271628961929635e-01,7.127333484795218554e-01,3.525003853662219133e-01,5.349209007276815031e-01,1.000000000000000000e+00,3.332597692024047431e-01,3.917903789531340664e-01,6.319067214974101176e-01,3.153860020087085880e-01,-2.215726823709982529e-01,8.457257478038425758e-01,2.152741777277256408e-01,6.608114123572164100e-01,3.564139316813727532e-01,-2.294392817083082681e-01
7.410534091113338828e-01,6.046640628342141444e-01,4.160603993935289568e-01,-1.938182088771293055e-01,6.274878560532720639e-01,3.345272272189370732e-01,2.541892907041036209e-01,-5.858482759175267507e-01,7.685971771430621935e-01,7.733439319838358861e-01,-1.990597233728103477e-03,-5.163064733371497406e-02,-3.911942663608940496e-01,3.646653704032584153e-01,4.320158341203885755e-01,7.901868201871216080e-01,6.411709462172186791e-02,5.659987141187183823e-01,6.345384396590679765e-01,1.226150302514673746e-01,2.799049062381583908e-01,-8.199234871404137426e-02,6.932986856633471806e-01,3.265124646844903000e-01,7.749157580855501326e-01,4.169016745259132017e-01,8.827087856937881893e-02,4.747220967114964552e-01,3.332597692024047431e-01,1.000000000000000000e+00,1.950999527074630813e-01,1.457138599653688693e-01,6.155615287015345216e-02,4.463294358778031601e-01,2.060233518305763234e-01,7.189488878554727291e-01,-8.533060819182250109e-03,7.160208723904065709e-01,4.300207439495986050e-01
4.938642296581878810e-01,5.634552813869777577e-01,6.076445864877343395e-01,1.945431494454314125e-01,3.616214382016686435e-01,2.810033896853962876e-01,-4.497252002951006300e-02,-1.821608469838828237e-01,5.156385968338104142e-01,4.185862963051436569e-01,7.313801250335399962e-01,-8.995469986097149109e-03,-7.533043782436221747e-02,5.703883970939913617e-01,-2.684189155479979050e-01,2.647394157570824857e-01,6.496641756783338995e-01,-2.771244170577916721e-01,-4.715969034202276838e-02,-2.698083016239289922e-01,-4.549069639590502256e-01,1.504916268330239726e-01,4.793867987943157272e-01,5.684668927864753307e-01,2.549753935383483050e-01,6.516796257159619410e-01,7.772185255728016884e-01,2.984684825636257366e-01,3.917903789531340664e-01,1.950999527074630813e-01,1.000000000000000000e+00,6.947976712566610313e-01,4.569298714717503485e-01,-2.651742019832578068e-01,4.121622211747208442e-01,1.527303180887723821e-01,6.290809604619838069e-01,3.883006265984496053e-01,3.059616541376383170e-01
4.473087062487824950e-01,5.816053892145769399e-01,3.856085125800270408e-01,1.752567137173750011e-01,3.052541824506431745e-01,5.662280703285464956e-01,4.053697514806851171e-02,-1.859433599970331807e-01,4.006787999635390563e-01,3.736545955040980194e-01,7.786010481030020136e-01,-2.373298782575672949e-01,-3.636320143706418817e-02,7.455893946099173553e-01,-3.483422407640043850e-01,1.603110489533138006e-01,3.642333439667431727e-01,-3.381273887414428803e-01,-2.174862086563406349e-01,-2.479447073126248569e-01,-4.742286521882531636e-01,-1.480071749804301173e-01,4.497925004570531016e-01,7.433670986654010715e-01,2.612955030225134201e-01,6.446854261790005980e-01,7.344137664466742210e-01,2.692087775414240824e-01,6.319067214974101176e-01,1.457138599653688693e-01,6.947976712566610313e-01,1.000000000000000000e+00,2.288089620576068128e-01,-3.799240309631265466e-01,6.813569077711721933e-01,9.745106063288201670e-02,8.315451715644546216e-01,2.887661912048159474e-01,1.117127974964848003e-01
2.058166947903297961e-01,-3.948340748563752139e-02,4.253149518339310875e-01,4.161287434507124905e-01,-1.282920392182534605e-02,1.803725280841549372e-01,-6.765825145303920596e-02,2.357842438312814648e-01,2.127524488359165411e-01,2.754813403597521082e-02,3.233121594839533652e-01,-3.957805512234505718e-01,1.332377037424026800e-01,1.103081687875828720e-02,6.557425079785886637e-03,-1.330313885922954353e-01,4.127809314372082317e-01,-1.348106396092693948e-01,-7.020380882595192440e-02,3.144144079791275637e-01,1.872440796509164396e-02,5.581204586890161634e-01,1.294960189057653144e-01,3.184647428675436709e-01,1.884169092434980763e-01,5.811617802808599631e-01,4.397202554303674127e-01,3.669563215805730638e-01,3.153860020087085880e-01,6.155615287015345216e-02,4.569298714717503485e-01,2.288089620576068128e-01,1.000000000000000000e+00,-3.349958773651864341e-01,1.715344077288881441e-01,-1.701420480521419198e-01,2.648439046581181899e-01,1.909292137925087951e-01,-2.807460959437702019e-01
2.955646303585289236e-01,1.914774716111871389e-01,2.518765552934749130e-01,-4.519362628481278232e-01,5.307316799514625316e-01,-3.465993903407844079e-01,8.195225393431770922e-02,-6.155169002095778330e-01,2.461311541227378663e-01,3.116953363316329884e-01,-4.118830463038056777e-01,4.069263176759817524e-01,-3.573092223818634117e-01,-4.330951603903517716e-02,5.773078351589980839e-01,4.879969664787255912e-01,-1.974135092113420420e-01,7.633041256143012765e-01,7.360610960903598565e-01,-1.184598349076675583e-03,4.660402913936741442e-01,-9.350893486978295588e-02,1.174772927886986867e-01,-3.267772968968795655e-01,1.792768078915389085e-01,-1.851135178664473635e-01,-3.955501165549801246e-01,3.172697690575873586e-01,-2.215726823709982529e-01,4.463294358778031601e-01,-2.651742019832578068e-01,-3.799240309631265466e-01,-3.349958773651864341e-01,1.000000000000000000e+00,-2.907412308679974688e-01,6.187983550669239330e-01,-4.824042944615484219e-01,2.305522498066372439e-01,4.361220168738284553e-01
3.734815191272184420e-01,4.155176317130777064e-01,2.457525421641746921e-01,3.179689582486608934e-01,2.194426651325918354e-01,5.870070021453941411e-01,2.722157578371339759e-01,-1.663068191111299332e-01,2.721465453108253829e-01,3.673730499875728639e-01,5.268892259039210657e-01,-4.930083896177573921e-01,1.548795715043971843e-01,7.288211496683457691e-01,1.180430975057009634e-02,1.503141759919876530e-01,-5.600761184473185966e-02,-1.256920360584880825e-01,-1.761443596122810873e-01,1.757775785398892066e-01,-1.715233148006942432e-01,-9.287296291409159743e-02,3.017866660333417550e-01,6.974229628635589817e-01,3.336418735790124823e-01,6.013149445929941717e-01,3.380641937683085407e-01,3.785324171718449371e-01,8.457257478038425758e-01,2.060233518305763234e-01,4.121622211747208442e-01,6.813569077711721933e-01,1.715344077288881441e-01,-2.907412308679974688e-01,1.000000000000000000e+00,1.854392576194780762e-01,7.098434838876845898e-01,2.819752535837385388e-01,-1.843549613976364077e-01
6.518197469461168847e-01,6.071892619387712076e-01,4.460718562105154272e-01,-3.472986804682891004e-01,7.200981315960371942e-01,1.435434548100884555e-01,1.744013525900357242e-01,-7.383375279911597033e-01,6.278653677870752459e-01,7.290806717696048933e-01,-5.897128575180160537e-02,1.820664270857520750e-01,-4.323987398567482598e-01,4.353087683879460767e-01,4.434136151966596162e-01,7.862429068797119891e-01,-3.302495457766876918e-02,5.974647990201629177e-01,6.278425954588867652e-01,-5.229870146205645859e-02,2.448758644807066398e-01,-1.888609083886561013e-01,5.701587866460549048e-01,2.299651756419055781e-01,5.917171019118833142e-01,2.447231024973065550e-01,-8.857960830611561961e-03,4.794285535857216729e-01,2.152741777277256408e-01,7.189488878554727291e-01,1.527303180887723821e-01,9.745106063288201670e-02,-1.701420480521419198e-01,6.187983550669239330e-01,1.854392576194780762e-01,1.000000000000000000e+00,-2.654578043505304019e-02,5.991643558828907423e-01,5.238033118406651978e-01
3.456574756296816875e-01,4.559216115045786610e-01,3.412169760379352712e-01,3.502835075040056090e-01,2.052236458157651877e-01,5.110477308508845073e-01,1.949169679758268716e-03,-7.877301840015195344e-02,2.750691047670921763e-01,2.508864531955703470e-01,7.713417272759811594e-01,-3.026143964541506137e-01,8.940041755708988402e-02,6.969957727290306826e-01,-4.005505215786239748e-01,1.513098269924275422e-05,3.036193598803073601e-01,-4.185970307898205234e-01,-3.805242032604172486e-01,-2.018928618465612168e-01,-4.695451053418217002e-01,-1.448279288776257445e-01,2.534190898449381057e-01,6.862513192380859106e-01,1.415573043090757599e-01,6.058471008544610292e-01,6.887091494233071876e-01,2.754906090332776558e-01,6.608114123572164100e-01,-8.533060819182250109e-03,6.290809604619838069e-01,8.315451715644546216e-01,2.648439046581181899e-01,-4.824042944615484219e-01,7.098434838876845898e-01,-2.654578043505304019e-02,1.000000000000000000e+00,1.355200541120751834e-01,-4.464829107272075964e-02
7.054179017523585227e-01,5.730026358572726242e-01,4.480017850376542543e-01,-1.649868245695972624e-01,5.595835240880850936e-01,3.567969685224874898e-01,2.076476217199030028e-01,-4.555571543008888336e-01,6.991740431497194264e-01,7.145095911255247012e-01,2.204151950976605823e-01,1.954571157705134921e-04,-2.898396722995810193e-01,4.271763204854473472e-01,3.625287077670774072e-01,6.891437137999323337e-01,2.690483913227060264e-01,3.037812181135784440e-01,4.994831391306757684e-01,2.821572899446069330e-02,1.104837169548636144e-01,-3.305004769044112001e-02,7.462413456099598053e-01,4.133375471278297186e-01,7.025573295332766532e-01,5.220617456665057610e-01,2.527527053677511848e-01,3.922604937299927763e-01,3.564139316813727532e-01,7.160208723904065709e-01,3.883006265984496053e-01,2.887661912048159474e-01,1.909292137925087951e-01,2.305522498066372439e-01,2.819752535837385388e-01,5.991643558828907423e-01,1.355200541120751834e-01,1.000000000000000000e+00,4.536693838453875194e-01
4.521244145381526081e-01,6.121868760861363112e-01,3.289751688589983014e-01,-4.933834011933377339e-01,5.705676527149469157e-01,-4.723118484326716687e-02,-1.335264361047830139e-01,-5.819040324556854493e-01,5.455292948839305378e-01,5.375071516532613503e-01,1.325427559032608948e-01,6.136380543440598245e-01,-4.663963325428869267e-01,2.703268859195477880e-01,-2.383869649071462815e-02,6.419619755420534757e-01,3.346508605262659697e-01,2.065130502177885963e-01,4.252021348231053710e-01,-5.339724678428429128e-01,-1.158743810656132633e-01,-2.993418830643356787e-01,5.261732186235450470e-01,3.983594823127944301e-02,3.119122466008822925e-01,-2.268824826699003972e-03,2.108538142397921866e-01,-1.133830169959133480e-02,-2.294392817083082681e-01,4.300207439495986050e-01,3.059616541376383170e-01,1.117127974964848003e-01,-2.807460959437702019e-01,4.361220168738284553e-01,-1.843549613976364077e-01,5.238033118406651978e-01,-4.464829107272075964e-02,4.536693838453875194e-01,1.000000000000000000e+00
