1.000000000000000000e+00,8.963158579629283418e-01,9.529319413049890386e-01,9.537432894839829034e-01,8.772121540682371599e-01,8.886908863441917994e-01,9.814101184370263020e-01,8.720019671182391852e-01,9.654285759792767818e-01,9.536724342547213684e-01,9.165191526994391769e-01,8.875937899395246466e-01,9.817087339210517349e-01,9.777038786921918856e-01,9.755650517141067901e-01,9.054859175286058548e-01,8.933647570990636000e-01,8.851141472559612700e-01,8.996523159540974479e-01,8.715495718496286681e-01,9.076169922220824748e-01,9.010649231143683657e-01,8.950024320891667440e-01,8.899478387539474511e-01,9.125723511446777181e-01,9.209783317860203988e-01,8.710755868021186066e-01,8.758520710100865525e-01,9.735912603352272487e-01,9.049314282221964101e-01,8.930595745894635007e-01,8.691728110344009162e-01,9.472639616180823507e-01,9.411668313439817135e-01,8.862243750845071322e-01,9.228266969453291502e-01,8.694923043296571841e-01,9.786129197775573774e-01,8.856317618231507316e-01
8.963158579629283418e-01,1.000000000000000000e+00,8.765223051606175764e-01,8.747200057222839220e-01,9.628825471741983000e-01,9.692938093490836016e-01,9.029953711247379333e-01,9.555231215996008443e-01,8.890517524294632157e-01,9.216851518205816385e-01,9.469168460125524378e-01,9.737890319010649165e-01,8.974729494746908065e-01,9.014655279484874439e-01,9.002403118903676837e-01,9.564420968182097971e-01,9.818975017619206991e-01,9.710094269592569605e-01,9.745566474757947351e-01,9.559904100659772919e-01,9.572338586070394673e-01,9.767602424424171037e-01,9.840303866880090178e-01,9.728486624342942424e-01,9.484735261281775909e-01,9.457968626447548210e-01,9.590592782396779592e-01,9.603473448605472917e-01,9.016399348760645305e-01,9.593143946762863195e-01,9.843655428287144682e-01,9.537838589191149907e-01,8.758313371288255489e-01,9.315305093022864247e-01,9.728265380922518357e-01,9.461674943748773492e-01,9.545864258453388151e-01,8.972349877502401316e-01,9.721227184607150740e-01
9.529319413049890386e-01,8.765223051606175764e-01,1.000000000000000000e+00,9.815100288964674347e-01,8.601328232958800335e-01,8.694527724048870532e-01,9.594546922694374702e-01,8.546785753743747494e-01,9.727473605120251499e-01,9.230650416524053270e-01,8.954482688767106957e-01,8.680565774936442880e-01,9.505171425449033817e-01,9.603922598604370808e-01,9.423374211838185799e-01,8.790479436909526267e-01,8.719412403667394784e-01,8.645483985236163127e-01,8.762268811910132182e-01,8.547327537697285704e-01,8.830811486550809164e-01,8.792095275848158531e-01,8.755123437633746120e-01,8.702130817766327020e-01,8.889528193477600482e-01,8.991122058977175646e-01,8.528739416469929280e-01,8.566978306441501712e-01,9.400598930149651755e-01,8.767318490299996769e-01,8.721472673852876945e-01,8.520867532528517696e-01,9.820607160979560879e-01,9.127297468129168534e-01,8.651002024742496799e-01,9.006556667234751901e-01,8.526706880055657800e-01,9.450590473233672073e-01,8.654248755073411514e-01
9.537432894839829034e-01,8.747200057222839220e-01,9.815100288964674347e-01,1.000000000000000000e+00,8.562063407814168858e-01,8.668951605235778457e-01,9.594161840880973680e-01,8.499868189847078481e-01,9.755222944151162867e-01,9.221631288031661988e-01,8.949500621349061324e-01,8.636972090156703752e-01,9.524877188029191588e-01,9.622767396866138689e-01,9.444059725720751475e-01,8.781852042767452904e-01,8.689208165803160577e-01,8.611903456224871967e-01,8.751502234449678452e-01,8.486782787104193426e-01,8.819179149672794482e-01,8.783282919931189037e-01,8.735019990855548144e-01,8.671868164709642945e-01,8.889476692384591372e-01,8.977783530360281539e-01,8.485578857711669754e-01,8.522168056836078032e-01,9.421770632539315793e-01,8.764480202256893504e-01,8.697600909758533838e-01,8.454985654456729227e-01,9.772092456981218422e-01,9.122010693541445780e-01,8.614968504629491042e-01,8.999177999208769485e-01,8.463443245537471959e-01,9.470295453085664228e-01,8.624568895917623657e-01
8.772121540682371599e-01,9.628825471741983000e-01,8.601328232958800335e-01,8.562063407814168858e-01,1.000000000000000000e+00,9.778837777099743667e-01,8.846049671655097368e-01,9.794846819197879917e-01,8.705930413635075693e-01,8.930529326043712413e-01,9.244167410003271135e-01,9.700421703412244190e-01,8.777830105988535525e-01,8.797803626506442987e-01,8.763903919647408891e-01,9.338038622723711102e-01,9.656144229095301457e-01,9.758915497203523026e-01,9.493453464906606021e-01,9.792670933097530339e-01,9.352903134229110238e-01,9.541817370673204568e-01,9.593680793561485398e-01,9.705361044348380650e-01,9.273349326182042107e-01,9.219600331849243657e-01,9.832378372686548795e-01,9.837319175868066701e-01,8.802794820183140745e-01,9.357495922240374187e-01,9.617731997747183126e-01,9.778489465323847440e-01,8.590559790402474416e-01,9.034159657811074995e-01,9.715240441082588774e-01,9.209416765242750547e-01,9.788830384745346169e-01,8.740114419981496185e-01,9.708544994963287378e-01
8.886908863441917994e-01,9.692938093490836016e-01,8.694527724048870532e-01,8.668951605235778457e-01,9.778837777099743667e-01,1.000000000000000000e+00,8.936972522829229604e-01,9.708352443622352279e-01,8.803740089456163487e-01,9.073537292172861868e-01,9.376292017609613172e-01,9.754596583040657798e-01,8.892369684601629798e-01,8.901659698075496951e-01,8.924416954715104211e-01,9.444767730809363604e-01,9.703358819355963893e-01,9.832196129621931791e-01,9.591653685761627468e-01,9.695669623279847826e-01,9.472710215150553781e-01,9.618443725374279385e-01,9.662009973257763562e-01,9.771431883292559517e-01,9.400931444813761528e-01,9.348672837543093861e-01,9.749131892705421576e-01,9.753476014856442555e-01,8.942971254626578270e-01,9.473220057746605249e-01,9.679686318839730852e-01,9.678054944047407293e-01,8.681619430869058629e-01,9.175411562830740886e-01,9.782586484634566704e-01,9.347195921553358433e-01,9.691220655868844069e-01,8.883760341459204790e-01,9.776091386942306061e-01
9.814101184370263020e-01,9.029953711247379333e-01,9.594546922694374702e-01,9.594161840880973680e-01,8.846049671655097368e-01,8.936972522829229604e-01,1.000000000000000000e+00,8.792211158053647724e-01,9.702240860896086394e-01,9.508637172676356331e-01,9.191953132780963376e-01,8.932720764664140445e-01,9.770966887989854799e-01,9.815512627042559668e-01,9.707141239041369163e-01,9.100893445936060200e-01,8.989566391240392251e-01,8.891730531245567448e-01,9.028761400409099913e-01,8.789063141377261301e-01,9.119693976797090817e-01,9.059313429084140390e-01,9.022487074288387809e-01,8.944578103045847106e-01,9.160807620014157493e-01,9.241966904525977800e-01,8.783943001810108342e-01,8.830359660474025318e-01,9.704849952315293127e-01,9.082003114631406193e-01,8.990993028328381209e-01,8.769552159182838480e-01,9.548097083038058486e-01,9.396835338755591405e-01,8.912992515950867167e-01,9.261690868694185674e-01,8.777048292312703559e-01,9.738873354135715310e-01,8.904413740115573184e-01
8.720019671182391852e-01,9.555231215996008443e-01,8.546785753743747494e-01,8.499868189847078481e-01,9.794846819197879917e-01,9.708352443622352279e-01,8.792211158053647724e-01,1.000000000000000000e+00,8.646675447222285094e-01,8.878259018911148770e-01,9.221655574343969874e-01,9.651870986403155994e-01,8.726013075625792537e-01,8.739644643422254111e-01,8.717901014777078572e-01,9.282339557226022553e-01,9.588617792128245609e-01,9.701367255675457102e-01,9.410534917770614349e-01,9.849334197587025219e-01,9.302753839312740691e-01,9.470823993291835885e-01,9.510359754201750393e-01,9.665443705770506710e-01,9.250967800974266853e-01,9.208847733828943172e-01,9.821979967190753724e-01,9.820099973606550847e-01,8.764764184727206198e-01,9.300151293811452780e-01,9.559833071874008770e-01,9.831610460444245581e-01,8.539709097640864055e-01,8.982599985339152493e-01,9.670696737023295464e-01,9.188579727146136689e-01,9.830209704811930793e-01,8.699840383170677205e-01,9.653495755018659530e-01
9.654285759792767818e-01,8.890517524294632157e-01,9.727473605120251499e-01,9.755222944151162867e-01,8.705930413635075693e-01,8.803740089456163487e-01,9.702240860896086394e-01,8.646675447222285094e-01,1.000000000000000000e+00,9.346861140160797055e-01,9.082069972775020927e-01,8.785792491786931224e-01,9.614382285251599214e-01,9.736055566449015597e-01,9.533980492921124705e-01,8.936275578004961861e-01,8.852138150676853723e-01,8.749398844823756960e-01,8.896379043032488498e-01,8.639009388382214993e-01,8.962397756839816099e-01,8.919954296892400603e-01,8.876297555068780598e-01,8.806134152501372547e-01,9.034908367009938379e-01,9.097273999576780401e-01,8.630430909284332319e-01,8.675983152973666401e-01,9.520319330602734498e-01,8.912530010743260345e-01,8.857660456239978553e-01,8.621108256075593612e-01,9.687894500198893644e-01,9.275786923115811877e-01,8.759550023353664949e-01,9.125370783330223334e-01,8.622574734772641136e-01,9.561349143611770351e-01,8.762720702599174905e-01
9.536724342547213684e-01,9.216851518205816385e-01,9.230650416524053270e-01,9.221631288031661988e-01,8.930529326043712413e-01,9.073537292172861868e-01,9.508637172676356331e-01,8.878259018911148770e-01,9.346861140160797055e-01,1.000000000000000000e+00,9.472070717034325460e-01,9.063590225778598297e-01,9.558099386896896643e-01,9.479189811732694482e-01,9.596893366520844459e-01,9.405615004290355241e-01,9.154666716618772293e-01,9.040749894425009758e-01,9.284729624634795453e-01,8.912923175918407992e-01,9.422409044029855796e-01,9.292126072294784045e-01,9.210246415838547751e-01,9.069322633791675470e-01,9.438164561871396074e-01,9.505983142384510920e-01,8.890901192855515944e-01,8.926304583216586597e-01,9.608370763801400427e-01,9.388416323275167175e-01,9.165826391269876749e-01,8.882465050284484853e-01,9.179409437077897804e-01,9.740438030039805239e-01,9.044096025534678063e-01,9.531811597277354275e-01,8.882882964811000814e-01,9.570654126126939554e-01,9.039239904835908446e-01
9.165191526994391769e-01,9.469168460125524378e-01,8.954482688767106957e-01,8.949500621349061324e-01,9.244167410003271135e-01,9.376292017609613172e-01,9.191953132780963376e-01,9.221655574343969874e-01,9.082069972775020927e-01,9.472070717034325460e-01,1.000000000000000000e+00,9.347497448279863397e-01,9.173595954839672828e-01,9.179588042361064293e-01,9.212403995610204399e-01,9.702063566375657144e-01,9.394970594029011801e-01,9.342877497056987224e-01,9.530818943398593479e-01,9.233945962276458586e-01,9.744655842935976420e-01,9.534103992704742181e-01,9.462197655564162924e-01,9.350167094625999598e-01,9.822739798916763077e-01,9.827419383331944536e-01,9.232415495090215973e-01,9.253027615347924062e-01,9.247641976601037594e-01,9.703169958977516663e-01,9.435785401109545445e-01,9.212443929744889015e-01,8.913133541288663642e-01,9.587065647896906295e-01,9.343543601874727544e-01,9.819763426141964180e-01,9.208325962047134716e-01,9.180468625202382604e-01,9.325050675195476479e-01
8.875937899395246466e-01,9.737890319010649165e-01,8.680565774936442880e-01,8.636972090156703752e-01,9.700421703412244190e-01,9.754596583040657798e-01,8.932720764664140445e-01,9.651870986403155994e-01,8.785792491786931224e-01,9.063590225778598297e-01,9.347497448279863397e-01,1.000000000000000000e+00,8.878116383642011833e-01,8.905342513477367827e-01,8.901748415654933133e-01,9.425673642052371237e-01,9.775366946056810447e-01,9.806067922392943670e-01,9.605900439782494304e-01,9.647396592903552115e-01,9.448047355588816698e-01,9.641973190902081159e-01,9.724999282370194731e-01,9.830943366532651773e-01,9.357876749220888080e-01,9.321017839668548355e-01,9.682063954115601723e-01,9.689843989904537436e-01,8.900241532828316871e-01,9.466211062958396205e-01,9.754849450271891875e-01,9.622529929199153953e-01,8.674987037545470736e-01,9.160971213621207365e-01,9.834247362037650264e-01,9.315890204667363061e-01,9.636528306911795738e-01,8.860424698385909181e-01,9.829846796526405805e-01
9.817087339210517349e-01,8.974729494746908065e-01,9.505171425449033817e-01,9.524877188029191588e-01,8.777830105988535525e-01,8.892369684601629798e-01,9.770966887989854799e-01,8.726013075625792537e-01,9.614382285251599214e-01,9.558099386896896643e-01,9.173595954839672828e-01,8.878116383642011833e-01,1.000000000000000000e+00,9.727316985460131571e-01,9.789371815600678151e-01,9.054131727276405472e-01,8.945626071960688375e-01,8.860479626452180124e-01,9.023123691455512407e-01,8.724934405711545216e-01,9.081687631002243188e-01,9.033173050381073654e-01,8.957989819857832270e-01,8.900474488958981523e-01,9.140050421329289909e-01,9.221136644237609703e-01,8.726152784736279644e-01,8.769869343555213304e-01,9.775414526327768083e-01,9.048282181941421642e-01,8.941164710998712462e-01,8.690090647120308764e-01,9.459160891768261248e-01,9.453173093175731845e-01,8.860810185697544084e-01,9.248268054689458006e-01,8.699889564525418173e-01,9.820126211914318448e-01,8.860677569907324802e-01
9.777038786921918856e-01,9.014655279484874439e-01,9.603922598604370808e-01,9.622767396866138689e-01,8.797803626506442987e-01,8.901659698075496951e-01,9.815512627042559668e-01,8.739644643422254111e-01,9.736055566449015597e-01,9.479189811732694482e-01,9.179588042361064293e-01,8.905342513477367827e-01,9.727316985460131571e-01,1.000000000000000000e+00,9.672342998471999964e-01,9.090551297287846610e-01,8.981797697657686319e-01,8.858673559570010569e-01,9.038163287202355400e-01,8.735944430314861453e-01,9.101816274928125061e-01,9.064600466988679273e-01,9.017031822551145881e-01,8.915946300952903858e-01,9.146740669522784861e-01,9.223796820621256165e-01,8.732990144908436836e-01,8.788498278497247629e-01,9.661998035540533269e-01,9.074540468742444688e-01,8.990110646786024784e-01,8.727091013541924402e-01,9.549030732120281639e-01,9.368442229981062130e-01,8.877903158208289014e-01,9.235580590791930833e-01,8.731744104429868258e-01,9.695560491915536927e-01,8.874743886428233530e-01
9.755650517141067901e-01,9.002403118903676837e-01,9.423374211838185799e-01,9.444059725720751475e-01,8.763903919647408891e-01,8.924416954715104211e-01,9.707141239041369163e-01,8.717901014777078572e-01,9.533980492921124705e-01,9.596893366520844459e-01,9.212403995610204399e-01,8.901748415654933133e-01,9.789371815600678151e-01,9.672342998471999964e-01,1.000000000000000000e+00,9.106053107576578265e-01,8.963207534795957221e-01,8.889945463733004427e-01,9.063208571445482420e-01,8.727355203625871694e-01,9.121484233125091157e-01,9.052996128179077173e-01,8.978266818597909760e-01,8.924430214432234054e-01,9.169490453086364123e-01,9.261135010414481838e-01,8.727668381751975124e-01,8.767578761186279879e-01,9.818833963846465007e-01,9.102349834366074699e-01,8.966465461531547554e-01,8.683302287934520081e-01,9.391019211780203824e-01,9.491279514273327500e-01,8.886957705756770576e-01,9.289336858708643341e-01,8.702407680110377797e-01,9.829882694138150079e-01,8.882818051168159812e-01
9.054859175286058548e-01,9.564420968182097971e-01,8.790479436909526267e-01,8.781852042767452904e-01,9.338038622723711102e-01,9.444767730809363604e-01,9.100893445936060200e-01,9.282339557226022553e-01,8.936275578004961861e-01,9.405615004290355241e-01,9.702063566375657144e-01,9.425673642052371237e-01,9.054131727276405472e-01,9.090551297287846610e-01,9.106053107576578265e-01,1.000000000000000000e+00,9.503929457241345746e-01,9.425793128542697685e-01,9.654072118569881900e-01,9.285869766032092132e-01,9.830234742820698202e-01,9.654317058566385112e-01,9.565443349748377067e-01,9.424699244180989588e-01,9.736205179732699833e-01,9.666868111055957336e-01,9.308643570716768068e-01,9.332554357166021886e-01,9.156387812608848265e-01,9.834771612242880767e-01,9.536226493622275147e-01,9.266710673394907838e-01,8.735311465423472033e-01,9.468454943240203203e-01,9.424504723026699837e-01,9.670834186359922313e-01,9.265809906977602317e-01,9.077389097474621860e-01,9.409763497786087783e-01
8.933647570990636000e-01,9.818975017619206991e-01,8.719412403667394784e-01,8.689208165803160577e-01,9.656144229095301457e-01,9.703358819355963893e-01,8.989566391240392251e-01,9.588617792128245609e-01,8.852138150676853723e-01,9.154666716618772293e-01,9.394970594029011801e-01,9.775366946056810447e-01,8.945626071960688375e-01,8.981797697657686319e-01,8.963207534795957221e-01,9.503929457241345746e-01,1.000000000000000000e+00,9.736389083898926433e-01,9.701861581985379290e-01,9.588231075913919987e-01,9.507024242825179439e-01,9.721528391829440396e-01,9.792138155384191300e-01,9.757732468774884538e-01,9.419497786208972379e-01,9.387476714549759516e-01,9.621919562464582576e-01,9.637736680017923163e-01,8.978729402244018942e-01,9.532521870860204416e-01,9.833775471545319613e-01,9.567252686781666515e-01,8.715989223193809643e-01,9.258389974353350427e-01,9.757966298528740756e-01,9.386172833923720482e-01,9.577560248351003613e-01,8.930225398458929709e-01,9.745294760954127389e-01
8.851141472559612700e-01,9.710094269592569605e-01,8.645483985236163127e-01,8.611903456224871967e-01,9.758915497203523026e-01,9.832196129621931791e-01,8.891730531245567448e-01,9.701367255675457102e-01,8.749398844823756960e-01,9.040749894425009758e-01,9.342877497056987224e-01,9.806067922392943670e-01,8.860479626452180124e-01,8.858673559570010569e-01,8.889945463733004427e-01,9.425793128542697685e-01,9.736389083898926433e-01,1.000000000000000000e+00,9.601781142563932114e-01,9.681825218455156756e-01,9.445017086103328907e-01,9.637492162766186921e-01,9.689820884110396104e-01,9.825717455025596569e-01,9.366540139290099320e-01,9.314404631246149258e-01,9.726418390686785154e-01,9.731876495141047467e-01,8.899477811509470815e-01,9.469519831547600353e-01,9.717694092462308975e-01,9.660754137152770538e-01,8.628119809927372597e-01,9.140724891455473955e-01,9.834185699523712021e-01,9.306903473706678032e-01,9.674782700072197539e-01,8.849765867642596096e-01,9.829135767534253887e-01
8.996523159540974479e-01,9.745566474757947351e-01,8.762268811910132182e-01,8.751502234449678452e-01,9.493453464906606021e-01,9.591653685761627468e-01,9.028761400409099913e-01,9.410534917770614349e-01,8.896379043032488498e-01,9.284729624634795453e-01,9.530818943398593479e-01,9.605900439782494304e-01,9.023123691455512407e-01,9.038163287202355400e-01,9.063208571445482420e-01,9.654072118569881900e-01,9.701861581985379290e-01,9.601781142563932114e-01,1.000000000000000000e+00,9.422308734172929467e-01,9.646906919335438424e-01,9.831687717298629448e-01,9.765480094135895461e-01,9.599283971378924640e-01,9.548984001834268653e-01,9.511737168144823729e-01,9.451376226717936868e-01,9.464584812684243564e-01,9.078983728228851025e-01,9.676378932321156867e-01,9.733266064830272679e-01,9.398463751641554786e-01,8.729793503872159688e-01,9.353684350218200994e-01,9.596273677905721167e-01,9.510996042675753381e-01,9.409619873476092744e-01,9.037099889169004641e-01,9.594566010079437213e-01
8.715495718496286681e-01,9.559904100659772919e-01,8.547327537697285704e-01,8.486782787104193426e-01,9.792670933097530339e-01,9.695669623279847826e-01,8.789063141377261301e-01,9.849334197587025219e-01,8.639009388382214993e-01,8.912923175918407992e-01,9.233945962276458586e-01,9.647396592903552115e-01,8.724934405711545216e-01,8.735944430314861453e-01,8.727355203625871694e-01,9.285869766032092132e-01,9.588231075913919987e-01,9.681825218455156756e-01,9.422308734172929467e-01,1.000000000000000000e+00,9.308192879503356387e-01,9.473097550916519394e-01,9.514482177735532620e-01,9.648947215897764051e-01,9.258673040684866073e-01,9.222299814984153965e-01,9.824305826473208603e-01,9.823707067532456705e-01,8.763236025013764197e-01,9.300518091079630345e-01,9.563764471805139555e-01,9.850102355265740739e-01,8.539177859876535548e-01,9.020182245432335488e-01,9.653976377937921738e-01,9.208486521543947090e-01,9.851256810872838221e-01,8.699634029627616449e-01,9.635734551338943632e-01
9.076169922220824748e-01,9.572338586070394673e-01,8.830811486550809164e-01,8.819179149672794482e-01,9.352903134229110238e-01,9.472710215150553781e-01,9.119693976797090817e-01,9.302753839312740691e-01,8.962397756839816099e-01,9.422409044029855796e-01,9.744655842935976420e-01,9.448047355588816698e-01,9.081687631002243188e-01,9.101816274928125061e-01,9.121484233125091157e-01,9.830234742820698202e-01,9.507024242825179439e-01,9.445017086103328907e-01,9.646906919335438424e-01,9.308192879503356387e-01,1.000000000000000000e+00,9.648886962541927126e-01,9.568148424011515552e-01,9.448734618998503310e-01,9.775132955551594227e-01,9.711748827290859198e-01,9.328034014195385470e-01,9.348900294002255862e-01,9.166640313120871797e-01,9.816210471513404645e-01,9.536009889629083469e-01,9.289324477797066271e-01,8.779391104603958551e-01,9.494306579668821966e-01,9.450724628275684047e-01,9.719287064410692123e-01,9.288563431159464479e-01,9.101595726336128012e-01,9.433947203169609219e-01
9.010649231143683657e-01,9.767602424424171037e-01,8.792095275848158531e-01,8.783282919931189037e-01,9.541817370673204568e-01,9.618443725374279385e-01,9.059313429084140390e-01,9.470823993291835885e-01,8.919954296892400603e-01,9.292126072294784045e-01,9.534103992704742181e-01,9.641973190902081159e-01,9.033173050381073654e-01,9.064600466988679273e-01,9.052996128179077173e-01,9.654317058566385112e-01,9.721528391829440396e-01,9.637492162766186921e-01,9.831687717298629448e-01,9.473097550916519394e-01,9.648886962541927126e-01,1.000000000000000000e+00,9.784466309166780507e-01,9.640246054720262858e-01,9.545999883793586660e-01,9.514431757427962433e-01,9.499015547517771774e-01,9.514544714913825141e-01,9.081459488774683564e-01,9.675532565897824178e-01,9.757293000192147625e-01,9.456451106171031018e-01,8.766382013298730236e-01,9.353070751385824666e-01,9.636006667514634971e-01,9.513629834082044656e-01,9.466574053590292026e-01,9.029929927074695772e-01,9.634047140750594540e-01
8.950024320891667440e-01,9.840303866880090178e-01,8.755123437633746120e-01,8.735019990855548144e-01,9.593680793561485398e-01,9.662009973257763562e-01,9.022487074288387809e-01,9.510359754201750393e-01,8.876297555068780598e-01,9.210246415838547751e-01,9.462197655564162924e-01,9.724999282370194731e-01,8.957989819857832270e-01,9.017031822551145881e-01,8.978266818597909760e-01,9.565443349748377067e-01,9.792138155384191300e-01,9.689820884110396104e-01,9.765480094135895461e-01,9.514482177735532620e-01,9.568148424011515552e-01,9.784466309166780507e-01,1.000000000000000000e+00,9.707866176684267767e-01,9.476363181467932773e-01,9.450606963962846496e-01,9.547116905446675350e-01,9.558342664348110640e-01,8.997266705288551325e-01,9.593837105182159153e-01,9.827542705169362014e-01,9.499526946103805658e-01,8.743847410890362992e-01,9.293318714479059661e-01,9.702941161183923358e-01,9.452043971658660171e-01,9.509238201684003799e-01,8.954482551830086345e-01,9.698263942665367177e-01
8.899478387539474511e-01,9.728486624342942424e-01,8.702130817766327020e-01,8.671868164709642945e-01,9.705361044348380650e-01,9.771431883292559517e-01,8.944578103045847106e-01,9.665443705770506710e-01,8.806134152501372547e-01,9.069322633791675470e-01,9.350167094625999598e-01,9.830943366532651773e-01,8.900474488958981523e-01,8.915946300952903858e-01,8.924430214432234054e-01,9.424699244180989588e-01,9.757732468774884538e-01,9.825717455025596569e-01,9.599283971378924640e-01,9.648947215897764051e-01,9.448734618998503310e-01,9.640246054720262858e-01,9.707866176684267767e-01,1.000000000000000000e+00,9.363206962078375328e-01,9.328625958735132784e-01,9.679317433230939516e-01,9.685209737672663133e-01,8.922775957050371742e-01,9.471401208666897498e-01,9.744304539909729446e-01,9.621484767063746002e-01,8.697347927427083736e-01,9.151924865495518757e-01,9.857813140462423629e-01,9.324088784389068518e-01,9.628917271147677814e-01,8.882665711530257635e-01,9.852478696021584881e-01
9.125723511446777181e-01,9.484735261281775909e-01,8.889528193477600482e-01,8.889476692384591372e-01,9.273349326182042107e-01,9.400931444813761528e-01,9.160807620014157493e-01,9.250967800974266853e-01,9.034908367009938379e-01,9.438164561871396074e-01,9.822739798916763077e-01,9.357876749220888080e-01,9.140050421329289909e-01,9.146740669522784861e-01,9.169490453086364123e-01,9.736205179732699833e-01,9.419497786208972379e-01,9.366540139290099320e-01,9.548984001834268653e-01,9.258673040684866073e-01,9.775132955551594227e-01,9.545999883793586660e-01,9.476363181467932773e-01,9.363206962078375328e-01,1.000000000000000000e+00,9.793376361749199788e-01,9.261056894841086518e-01,9.279430290237467016e-01,9.216917559692964224e-01,9.728394056987422767e-01,9.456199839551400199e-01,9.243816913518382306e-01,8.836727997085599418e-01,9.549432978835739050e-01,9.363968451764065337e-01,9.789832856139312200e-01,9.234446129873132847e-01,9.155153933585457038e-01,9.340959353365896334e-01
9.209783317860203988e-01,9.457968626447548210e-01,8.991122058977175646e-01,8.977783530360281539e-01,9.219600331849243657e-01,9.348672837543093861e-01,9.241966904525977800e-01,9.208847733828943172e-01,9.097273999576780401e-01,9.505983142384510920e-01,9.827419383331944536e-01,9.321017839668548355e-01,9.221136644237609703e-01,9.223796820621256165e-01,9.261135010414481838e-01,9.666868111055957336e-01,9.387476714549759516e-01,9.314404631246149258e-01,9.511737168144823729e-01,9.222299814984153965e-01,9.711748827290859198e-01,9.514431757427962433e-01,9.450606963962846496e-01,9.328625958735132784e-01,9.793376361749199788e-01,1.000000000000000000e+00,9.208053100858840656e-01,9.230975072969247464e-01,9.307101264281379960e-01,9.667213330512174352e-01,9.420976676811810835e-01,9.203512539232804324e-01,8.948285799533748364e-01,9.616671894344206439e-01,9.319776836484889859e-01,9.844399267534178488e-01,9.198123443240674435e-01,9.239073314316028629e-01,9.294189836880105693e-01
8.710755868021186066e-01,9.590592782396779592e-01,8.528739416469929280e-01,8.485578857711669754e-01,9.832378372686548795e-01,9.749131892705421576e-01,8.783943001810108342e-01,9.821979967190753724e-01,8.630430909284332319e-01,8.890901192855515944e-01,9.232415495090215973e-01,9.682063954115601723e-01,8.726152784736279644e-01,8.732990144908436836e-01,8.727668381751975124e-01,9.308643570716768068e-01,9.621919562464582576e-01,9.726418390686785154e-01,9.451376226717936868e-01,9.824305826473208603e-01,9.328034014195385470e-01,9.499015547517771774e-01,9.547116905446675350e-01,9.679317433230939516e-01,9.261056894841086518e-01,9.208053100858840656e-01,1.000000000000000000e+00,9.860724992498882679e-01,8.765015571286907115e-01,9.319470623417297483e-01,9.582770745004128843e-01,9.811900210705770675e-01,8.517613013677333145e-01,8.995708298213554999e-01,9.691155634414184705e-01,9.195515808209636655e-01,9.820375679350398235e-01,8.699314121978588554e-01,9.683399684791172968e-01
8.758520710100865525e-01,9.603473448605472917e-01,8.566978306441501712e-01,8.522168056836078032e-01,9.837319175868066701e-01,9.753476014856442555e-01,8.830359660474025318e-01,9.820099973606550847e-01,8.675983152973666401e-01,8.926304583216586597e-01,9.253027615347924062e-01,9.689843989904537436e-01,8.769869343555213304e-01,8.788498278497247629e-01,8.767578761186279879e-01,9.332554357166021886e-01,9.637736680017923163e-01,9.731876495141047467e-01,9.464584812684243564e-01,9.823707067532456705e-01,9.348900294002255862e-01,9.514544714913825141e-01,9.558342664348110640e-01,9.685209737672663133e-01,9.279430290237467016e-01,9.230975072969247464e-01,9.860724992498882679e-01,1.000000000000000000e+00,8.807168302811314575e-01,9.343541971900732879e-01,9.598172843261659759e-01,9.812745521875194665e-01,8.554718319937204551e-01,9.030661786179381423e-01,9.694963701161160019e-01,9.219375930446540579e-01,9.819549736319808098e-01,8.741882347996002833e-01,9.685802001001062589e-01
9.735912603352272487e-01,9.016399348760645305e-01,9.400598930149651755e-01,9.421770632539315793e-01,8.802794820183140745e-01,8.942971254626578270e-01,9.704849952315293127e-01,8.764764184727206198e-01,9.520319330602734498e-01,9.608370763801400427e-01,9.247641976601037594e-01,8.900241532828316871e-01,9.775414526327768083e-01,9.661998035540533269e-01,9.818833963846465007e-01,9.156387812608848265e-01,8.978729402244018942e-01,8.899477811509470815e-01,9.078983728228851025e-01,8.763236025013764197e-01,9.166640313120871797e-01,9.081459488774683564e-01,8.997266705288551325e-01,8.922775957050371742e-01,9.216917559692964224e-01,9.307101264281379960e-01,8.765015571286907115e-01,8.807168302811314575e-01,1.000000000000000000e+00,9.135410584299706871e-01,8.983043663423184721e-01,8.724642446176464894e-01,9.368747077340950913e-01,9.513742918339158638e-01,8.890187792083961149e-01,9.328707306350553230e-01,8.736113102741688285e-01,9.820297309212669967e-01,8.883226042609989603e-01
9.049314282221964101e-01,9.593143946762863195e-01,8.767318490299996769e-01,8.764480202256893504e-01,9.357495922240374187e-01,9.473220057746605249e-01,9.082003114631406193e-01,9.300151293811452780e-01,8.912530010743260345e-01,9.388416323275167175e-01,9.703169958977516663e-01,9.466211062958396205e-01,9.048282181941421642e-01,9.074540468742444688e-01,9.102349834366074699e-01,9.834771612242880767e-01,9.532521870860204416e-01,9.469519831547600353e-01,9.676378932321156867e-01,9.300518091079630345e-01,9.816210471513404645e-01,9.675532565897824178e-01,9.593837105182159153e-01,9.471401208666897498e-01,9.728394056987422767e-01,9.667213330512174352e-01,9.319470623417297483e-01,9.343541971900732879e-01,9.135410584299706871e-01,1.000000000000000000e+00,9.562358650051950848e-01,9.276491791100753836e-01,8.711728716881640411e-01,9.469731269575882848e-01,9.466511076505793598e-01,9.666754676035470562e-01,9.278499456919772070e-01,9.076591470501746972e-01,9.455344021094068685e-01
8.930595745894635007e-01,9.843655428287144682e-01,8.721472673852876945e-01,8.697600909758533838e-01,9.617731997747183126e-01,9.679686318839730852e-01,8.990993028328381209e-01,9.559833071874008770e-01,8.857660456239978553e-01,9.165826391269876749e-01,9.435785401109545445e-01,9.754849450271891875e-01,8.941164710998712462e-01,8.990110646786024784e-01,8.966465461531547554e-01,9.536226493622275147e-01,9.833775471545319613e-01,9.717694092462308975e-01,9.733266064830272679e-01,9.563764471805139555e-01,9.536009889629083469e-01,9.757293000192147625e-01,9.827542705169362014e-01,9.744304539909729446e-01,9.456199839551400199e-01,9.420976676811810835e-01,9.582770745004128843e-01,9.598172843261659759e-01,8.983043663423184721e-01,9.562358650051950848e-01,1.000000000000000000e+00,9.547542343826441735e-01,8.724552276039656551e-01,9.271956910949460395e-01,9.745417118738617379e-01,9.421281507665917321e-01,9.554769735449905044e-01,8.935390184104412548e-01,9.731173008735042318e-01
8.691728110344009162e-01,9.537838589191149907e-01,8.520867532528517696e-01,8.454985654456729227e-01,9.778489465323847440e-01,9.678054944047407293e-01,8.769552159182838480e-01,9.831610460444245581e-01,8.621108256075593612e-01,8.882465050284484853e-01,9.212443929744889015e-01,9.622529929199153953e-01,8.690090647120308764e-01,8.727091013541924402e-01,8.683302287934520081e-01,9.266710673394907838e-01,9.567252686781666515e-01,9.660754137152770538e-01,9.398463751641554786e-01,9.850102355265740739e-01,9.289324477797066271e-01,9.456451106171031018e-01,9.499526946103805658e-01,9.621484767063746002e-01,9.243816913518382306e-01,9.203512539232804324e-01,9.811900210705770675e-01,9.812745521875194665e-01,8.724642446176464894e-01,9.276491791100753836e-01,9.547542343826441735e-01,1.000000000000000000e+00,8.510613703655866003e-01,8.989716992729991363e-01,9.629310690272874229e-01,9.183979892548606028e-01,9.859135842364397107e-01,8.661179733892772070e-01,9.611473892924959905e-01
9.472639616180823507e-01,8.758313371288255489e-01,9.820607160979560879e-01,9.772092456981218422e-01,8.590559790402474416e-01,8.681619430869058629e-01,9.548097083038058486e-01,8.539709097640864055e-01,9.687894500198893644e-01,9.179409437077897804e-01,8.913133541288663642e-01,8.674987037545470736e-01,9.459160891768261248e-01,9.549030732120281639e-01,9.391019211780203824e-01,8.735311465423472033e-01,8.715989223193809643e-01,8.628119809927372597e-01,8.729793503872159688e-01,8.539177859876535548e-01,8.779391104603958551e-01,8.766382013298730236e-01,8.743847410890362992e-01,8.697347927427083736e-01,8.836727997085599418e-01,8.948285799533748364e-01,8.517613013677333145e-01,8.554718319937204551e-01,9.368747077340950913e-01,8.711728716881640411e-01,8.724552276039656551e-01,8.510613703655866003e-01,1.000000000000000000e+00,9.095548129213348876e-01,8.648932871348926632e-01,8.966256414093151106e-01,8.519700546812826181e-01,9.414813846830061284e-01,8.650143362640748679e-01
9.411668313439817135e-01,9.315305093022864247e-01,9.127297468129168534e-01,9.122010693541445780e-01,9.034159657811074995e-01,9.175411562830740886e-01,9.396835338755591405e-01,8.982599985339152493e-01,9.275786923115811877e-01,9.740438030039805239e-01,9.587065647896906295e-01,9.160971213621207365e-01,9.453173093175731845e-01,9.368442229981062130e-01,9.491279514273327500e-01,9.468454943240203203e-01,9.258389974353350427e-01,9.140724891455473955e-01,9.353684350218200994e-01,9.020182245432335488e-01,9.494306579668821966e-01,9.353070751385824666e-01,9.293318714479059661e-01,9.151924865495518757e-01,9.549432978835739050e-01,9.616671894344206439e-01,8.995708298213554999e-01,9.030661786179381423e-01,9.513742918339158638e-01,9.469731269575882848e-01,9.271956910949460395e-01,8.989716992729991363e-01,9.095548129213348876e-01,1.000000000000000000e+00,9.137453092991739689e-01,9.642318892730643576e-01,8.991983069252516003e-01,9.465091708179345087e-01,9.121627512393339909e-01
8.862243750845071322e-01,9.728265380922518357e-01,8.651002024742496799e-01,8.614968504629491042e-01,9.715240441082588774e-01,9.782586484634566704e-01,8.912992515950867167e-01,9.670696737023295464e-01,8.759550023353664949e-01,9.044096025534678063e-01,9.343543601874727544e-01,9.834247362037650264e-01,8.860810185697544084e-01,8.877903158208289014e-01,8.886957705756770576e-01,9.424504723026699837e-01,9.757966298528740756e-01,9.834185699523712021e-01,9.596273677905721167e-01,9.653976377937921738e-01,9.450724628275684047e-01,9.636006667514634971e-01,9.702941161183923358e-01,9.857813140462423629e-01,9.363968451764065337e-01,9.319776836484889859e-01,9.691155634414184705e-01,9.694963701161160019e-01,8.890187792083961149e-01,9.466511076505793598e-01,9.745417118738617379e-01,9.629310690272874229e-01,8.648932871348926632e-01,9.137453092991739689e-01,1.000000000000000000e+00,9.311422638056946477e-01,9.639099451615829039e-01,8.845204271880483526e-01,9.856618363198372812e-01
9.228266969453291502e-01,9.461674943748773492e-01,9.006556667234751901e-01,8.999177999208769485e-01,9.209416765242750547e-01,9.347195921553358433e-01,9.261690868694185674e-01,9.188579727146136689e-01,9.125370783330223334e-01,9.531811597277354275e-01,9.819763426141964180e-01,9.315890204667363061e-01,9.248268054689458006e-01,9.235580590791930833e-01,9.289336858708643341e-01,9.670834186359922313e-01,9.386172833923720482e-01,9.306903473706678032e-01,9.510996042675753381e-01,9.208486521543947090e-01,9.719287064410692123e-01,9.513629834082044656e-01,9.452043971658660171e-01,9.324088784389068518e-01,9.789832856139312200e-01,9.844399267534178488e-01,9.195515808209636655e-01,9.219375930446540579e-01,9.328707306350553230e-01,9.666754676035470562e-01,9.421281507665917321e-01,9.183979892548606028e-01,8.966256414093151106e-01,9.642318892730643576e-01,9.311422638056946477e-01,1.000000000000000000e+00,9.181684488206914851e-01,9.264285993643703865e-01,9.287888171015372674e-01
8.694923043296571841e-01,9.545864258453388151e-01,8.526706880055657800e-01,8.463443245537471959e-01,9.788830384745346169e-01,9.691220655868844069e-01,8.777048292312703559e-01,9.830209704811930793e-01,8.622574734772641136e-01,8.882882964811000814e-01,9.208325962047134716e-01,9.636528306911795738e-01,8.699889564525418173e-01,8.731744104429868258e-01,8.702407680110377797e-01,9.265809906977602317e-01,9.577560248351003613e-01,9.674782700072197539e-01,9.409619873476092744e-01,9.851256810872838221e-01,9.288563431159464479e-01,9.466574053590292026e-01,9.509238201684003799e-01,9.628917271147677814e-01,9.234446129873132847e-01,9.198123443240674435e-01,9.820375679350398235e-01,9.819549736319808098e-01,8.736113102741688285e-01,9.278499456919772070e-01,9.554769735449905044e-01,9.859135842364397107e-01,8.519700546812826181e-01,8.991983069252516003e-01,9.639099451615829039e-01,9.181684488206914851e-01,1.000000000000000000e+00,8.673780622504355664e-01,9.620095306737633800e-01
9.786129197775573774e-01,8.972349877502401316e-01,9.450590473233672073e-01,9.470295453085664228e-01,8.740114419981496185e-01,8.883760341459204790e-01,9.738873354135715310e-01,8.699840383170677205e-01,9.561349143611770351e-01,9.570654126126939554e-01,9.180468625202382604e-01,8.860424698385909181e-01,9.820126211914318448e-01,9.695560491915536927e-01,9.829882694138150079e-01,9.077389097474621860e-01,8.930225398458929709e-01,8.849765867642596096e-01,9.037099889169004641e-01,8.699634029627616449e-01,9.101595726336128012e-01,9.029929927074695772e-01,8.954482551830086345e-01,8.882665711530257635e-01,9.155153933585457038e-01,9.239073314316028629e-01,8.699314121978588554e-01,8.741882347996002833e-01,9.820297309212669967e-01,9.076591470501746972e-01,8.935390184104412548e-01,8.661179733892772070e-01,9.414813846830061284e-01,9.465091708179345087e-01,8.845204271880483526e-01,9.264285993643703865e-01,8.673780622504355664e-01,1.000000000000000000e+00,8.841876540331946588e-01
8.856317618231507316e-01,9.721227184607150740e-01,8.654248755073411514e-01,8.624568895917623657e-01,9.708544994963287378e-01,9.776091386942306061e-01,8.904413740115573184e-01,9.653495755018659530e-01,8.762720702599174905e-01,9.039239904835908446e-01,9.325050675195476479e-01,9.829846796526405805e-01,8.860677569907324802e-01,8.874743886428233530e-01,8.882818051168159812e-01,9.409763497786087783e-01,9.745294760954127389e-01,9.829135767534253887e-01,9.594566010079437213e-01,9.635734551338943632e-01,9.433947203169609219e-01,9.634047140750594540e-01,9.698263942665367177e-01,9.852478696021584881e-01,9.340959353365896334e-01,9.294189836880105693e-01,9.683399684791172968e-01,9.685802001001062589e-01,8.883226042609989603e-01,9.455344021094068685e-01,9.731173008735042318e-01,9.611473892924959905e-01,8.650143362640748679e-01,9.121627512393339909e-01,9.856618363198372812e-01,9.287888171015372674e-01,9.620095306737633800e-01,8.841876540331946588e-01,1.000000000000000000e+00
