1.000000000000000000e+00,9.422676833386002260e-01,9.081357936352498772e-01,9.597212574697553400e-01,9.169096639644038760e-01,9.790982791339957192e-01,8.984766005910671538e-01,9.549932793875451909e-01,9.746043453921610089e-01,9.650306451442832723e-01,9.566080506481471346e-01,8.849931544473031986e-01,9.344866216190872432e-01,9.485627086942787223e-01,9.108493249542328751e-01,9.573027359460529739e-01,8.963157633103804312e-01,9.590607370996684367e-01,9.630046845565783942e-01,9.149997990736569164e-01,9.283912711974691145e-01,9.127560132526709724e-01,9.706374823731720447e-01,9.677622768768732175e-01,9.835921121628702357e-01,9.632641962134264046e-01,9.461611496913926445e-01,9.163426074264890975e-01,9.696564159437432995e-01,9.582520623878852950e-01,9.254856848149409787e-01,8.981437954531478196e-01,9.506244774893864991e-01,8.818862049175133500e-01,8.719794865210753754e-01,9.167236521228164792e-01,9.147930534861531404e-01,9.652910899352810103e-01,9.823532065056314044e-01
9.422676833386002260e-01,1.000000000000000000e+00,9.372213445158568135e-01,9.685348243467574170e-01,9.498280164573766893e-01,9.522466952343411339e-01,9.150150390845229742e-01,9.249488187058573230e-01,9.578730999002376123e-01,9.266153835743982103e-01,9.243409681632269725e-01,9.151916111559684763e-01,9.121321589033447585e-01,9.784816678860970285e-01,9.387043248190648503e-01,9.254124611798910660e-01,9.266019694918261607e-01,9.234146274371307639e-01,9.274038616231408128e-01,9.477321018727731250e-01,9.638195927312863676e-01,9.450330347897158978e-01,9.363283990690364211e-01,9.322299372114520866e-01,9.428105885701718591e-01,9.689089337344808373e-01,9.839626116871791339e-01,9.473214373466648519e-01,9.621378555647425168e-01,9.685544660228598834e-01,9.061208927359001297e-01,9.262645294954792163e-01,9.216223466504782635e-01,9.155149899235374145e-01,8.997882123499935103e-01,8.901620089613034859e-01,9.481008417636960228e-01,9.292463508149035878e-01,9.504808665035938686e-01
9.081357936352498772e-01,9.372213445158568135e-01,1.000000000000000000e+00,9.284368487837043604e-01,9.703494878120589862e-01,9.144833524316445805e-01,9.210450422260015868e-01,8.993007428822934468e-01,9.211057627035780238e-01,8.915794137447221601e-01,8.966036801667789380e-01,9.529561638142494129e-01,8.879894950195749148e-01,9.397070700624923223e-01,9.843290026442352847e-01,8.986290261053779815e-01,9.761656563675691345e-01,8.930947772315654953e-01,8.952199353922498659e-01,9.709867763670051444e-01,9.573701701998631464e-01,9.814257234829620868e-01,8.992805277221227467e-01,8.975696476132635215e-01,9.053703176870615543e-01,9.288570343526649786e-01,9.404485043809075462e-01,9.753826386561971207e-01,9.261024953046476105e-01,9.317036705071575220e-01,8.756577578232979109e-01,9.721334237344495532e-01,8.954425788274612552e-01,9.533855957505910084e-01,9.409506010863051273e-01,8.621183246258934396e-01,9.731035732205993716e-01,8.967060018718725489e-01,9.165796520936825287e-01
9.597212574697553400e-01,9.685348243467574170e-01,9.284368487837043604e-01,1.000000000000000000e+00,9.408763678458059720e-01,9.688412218751947247e-01,9.026295311409912037e-01,9.397351583583269941e-01,9.732390872112325342e-01,9.423276543381502446e-01,9.383756710678744506e-01,9.016519165749137255e-01,9.246353230500571341e-01,9.763944623188732796e-01,9.285803742650624582e-01,9.405752808656686614e-01,9.176271717133248629e-01,9.387483974570290934e-01,9.431075833269858544e-01,9.388807610512864832e-01,9.541899181101414218e-01,9.330440797765253702e-01,9.502861719621661374e-01,9.457501519421065428e-01,9.600907157649813950e-01,9.817486609089611793e-01,9.713657193381024513e-01,9.377382687104424130e-01,9.777849489791818893e-01,9.806376349162004846e-01,9.140581797869187231e-01,9.148928893406306218e-01,9.363672109765158735e-01,9.014787477609863542e-01,8.825405381265560845e-01,8.984131656065574845e-01,9.366844434558951882e-01,9.449110335248606107e-01,9.664758258997049323e-01
9.169096639644038760e-01,9.498280164573766893e-01,9.703494878120589862e-01,9.408763678458059720e-01,1.000000000000000000e+00,9.255694229695635711e-01,9.112477495265094429e-01,9.028093681143598559e-01,9.318171080995172328e-01,8.995283285567919895e-01,9.016601278484802640e-01,9.394415585229418664e-01,8.922475591384757543e-01,9.494937113576160659e-01,9.709796400986897558e-01,9.037537240965864971e-01,9.606226657591728779e-01,9.002722862578882435e-01,9.040203030559194053e-01,9.847309221285102110e-01,9.707149307587982223e-01,9.764982060806315367e-01,9.097084928252996416e-01,9.073403981538764596e-01,9.162682589834042490e-01,9.396625292658792317e-01,9.517512467975105528e-01,9.820068042477854142e-01,9.350292447662209572e-01,9.405362355174703426e-01,8.802022542431061636e-01,9.586842393488335112e-01,8.978206418603064121e-01,9.373595788432463882e-01,9.275751154953248978e-01,8.638957103012155914e-01,9.828953339931404409e-01,9.059359418523564855e-01,9.252452024759667548e-01
9.790982791339957192e-01,9.522466952343411339e-01,9.144833524316445805e-01,9.688412218751947247e-01,9.255694229695635711e-01,1.000000000000000000e+00,9.023550521138720137e-01,9.504086208688180548e-01,9.814928267687326180e-01,9.587070160884041403e-01,9.524994766473863228e-01,8.899118393661381576e-01,9.343527673342563178e-01,9.591599008143064653e-01,9.167521514506863367e-01,9.533767179118721735e-01,9.028970955478745619e-01,9.537322397579811595e-01,9.571921986561602314e-01,9.231889450728137936e-01,9.372076778501818861e-01,9.192519560705478820e-01,9.642317593638251028e-01,9.607517441481182585e-01,9.793176296919858803e-01,9.717334161623447653e-01,9.556287840417647672e-01,9.236041385512695490e-01,9.771212534527429217e-01,9.672845036726073209e-01,9.259514672980833083e-01,9.035489709586412843e-01,9.464116573328920090e-01,8.887099335220965957e-01,8.797494819143595324e-01,9.141944170718618867e-01,9.229393132923867649e-01,9.588475856481796233e-01,9.805473480048213508e-01
8.984766005910671538e-01,9.150150390845229742e-01,9.210450422260015868e-01,9.026295311409912037e-01,9.112477495265094429e-01,9.023550521138720137e-01,1.000000000000000000e+00,8.956725328427557198e-01,9.021593986975354751e-01,8.859673795154835441e-01,8.966117070559815883e-01,9.352520758420720393e-01,8.893718778470173225e-01,9.139948160397626253e-01,9.222093304339933351e-01,8.931314169765872668e-01,9.160186776255015983e-01,8.848397388386579632e-01,8.842723626248896185e-01,9.104072153887696750e-01,9.096924284314499287e-01,9.205768776189976466e-01,8.897237409391671736e-01,8.878635434264319226e-01,8.999014006574646007e-01,9.047031229755087001e-01,9.177502760767581869e-01,9.150774679729062333e-01,9.042123259199955632e-01,9.109431618120731322e-01,8.907041159647128836e-01,9.199433954693038151e-01,8.938768308945723717e-01,9.374151752143446981e-01,9.195474956049327631e-01,8.812632608859503058e-01,9.131092538871259379e-01,8.864021137844679821e-01,9.053945384466030033e-01
9.549932793875451909e-01,9.249488187058573230e-01,8.993007428822934468e-01,9.397351583583269941e-01,9.028093681143598559e-01,9.504086208688180548e-01,8.956725328427557198e-01,1.000000000000000000e+00,9.497928177642902536e-01,9.721193225478694799e-01,9.816906820676125633e-01,8.787260371136514925e-01,9.708093171312286440e-01,9.297289236378389887e-01,9.028836189649197541e-01,9.826080528289503624e-01,8.909498469866948822e-01,9.801820443865472132e-01,9.743024676218084990e-01,9.016936464027421883e-01,9.110297243309668502e-01,9.025075911352034019e-01,9.677399034323538318e-01,9.666241460640964123e-01,9.565753835633187263e-01,9.416232320896260610e-01,9.272869444939181305e-01,9.047314514569210209e-01,9.449309225148154745e-01,9.387519349437769556e-01,9.612794385669851671e-01,8.893225953353748325e-01,9.832681684387039045e-01,8.763462034972736570e-01,8.744878485948054392e-01,9.549318785993418102e-01,9.036292407033028606e-01,9.726460142160961997e-01,9.562024149117986926e-01
9.746043453921610089e-01,9.578730999002376123e-01,9.211057627035780238e-01,9.732390872112325342e-01,9.318171080995172328e-01,9.814928267687326180e-01,9.021593986975354751e-01,9.497928177642902536e-01,1.000000000000000000e+00,9.547496221975211306e-01,9.509675503252419393e-01,8.909100582859887929e-01,9.358951938723862884e-01,9.656032961737023301e-01,9.237991588118152908e-01,9.514556254601971297e-01,9.086941349378159227e-01,9.504549911555031372e-01,9.544710883755930242e-01,9.301838076775070796e-01,9.438586086727298596e-01,9.271609472504537264e-01,9.625449626526755287e-01,9.592874487187171839e-01,9.741600157647393177e-01,9.765800344247596021e-01,9.611807704361965410e-01,9.306094094314932841e-01,9.819064423425951649e-01,9.730218781193556987e-01,9.274142141126942018e-01,9.066147913205782061e-01,9.456046371286513930e-01,8.906222819544687974e-01,8.792270384702876029e-01,9.165802143285632919e-01,9.298525236656836057e-01,9.567165480747490403e-01,9.795165043183332587e-01
9.650306451442832723e-01,9.266153835743982103e-01,8.915794137447221601e-01,9.423276543381502446e-01,8.995283285567919895e-01,9.587070160884041403e-01,8.859673795154835441e-01,9.721193225478694799e-01,9.547496221975211306e-01,1.000000000000000000e+00,9.708278589285634919e-01,8.733697332673666658e-01,9.521530177533087391e-01,9.305427367042997666e-01,8.955051502615766212e-01,9.747632352804491696e-01,8.868979946889667954e-01,9.771373636810536389e-01,9.825700672541202163e-01,8.978895517343364885e-01,9.081863950537846231e-01,8.961227995863471074e-01,9.777917596754185370e-01,9.797400641283503520e-01,9.671043035115463038e-01,9.441299413753703185e-01,9.287276936826370788e-01,9.005649876821962829e-01,9.498802781255998307e-01,9.404979847117702629e-01,9.452823327973635115e-01,8.868315788985895454e-01,9.700385711597933058e-01,8.687271884161610336e-01,8.649562288394936349e-01,9.362119070407083354e-01,8.990656276666195712e-01,9.830940767801531477e-01,9.634191171933642606e-01
9.566080506481471346e-01,9.243409681632269725e-01,8.966036801667789380e-01,9.383756710678744506e-01,9.016601278484802640e-01,9.524994766473863228e-01,8.966117070559815883e-01,9.816906820676125633e-01,9.509675503252419393e-01,9.708278589285634919e-01,1.000000000000000000e+00,8.738209148517638303e-01,9.672701083032299030e-01,9.290739692900695790e-01,8.997416401308071521e-01,9.792497656745463575e-01,8.896433242870618319e-01,9.772422430135730975e-01,9.723173807921788869e-01,9.005319520910605169e-01,9.091454988249023650e-01,9.012147194091706393e-01,9.661361744339206359e-01,9.657112325366274952e-01,9.579491020183000805e-01,9.421850470609539618e-01,9.262989268278530863e-01,9.030861396335981839e-01,9.455248798204327620e-01,9.385414348249860872e-01,9.583469982375347751e-01,8.865315807232903023e-01,9.789305140896615853e-01,8.733197299027172233e-01,8.694577042296688374e-01,9.536567424545444593e-01,9.023499328921559259e-01,9.713880248384704208e-01,9.571737696813926721e-01
8.849931544473031986e-01,9.151916111559684763e-01,9.529561638142494129e-01,9.016519165749137255e-01,9.394415585229418664e-01,8.899118393661381576e-01,9.352520758420720393e-01,8.787260371136514925e-01,8.909100582859887929e-01,8.733697332673666658e-01,8.738209148517638303e-01,1.000000000000000000e+00,8.669088107833627932e-01,9.129696521236764228e-01,9.524301182602259441e-01,8.799237957922225739e-01,9.571060924505252476e-01,8.715910789817732374e-01,8.742431857081244262e-01,9.409988614762080372e-01,9.283608422855276210e-01,9.485361783491503829e-01,8.767686524624034305e-01,8.755361985104325173e-01,8.829441724083604282e-01,9.001991294625836248e-01,9.186009557864989183e-01,9.443178850399174262e-01,8.973738656031716721e-01,9.049869969206907339e-01,8.582009586576476723e-01,9.647745849831622644e-01,8.772346301991297279e-01,9.817711465932891235e-01,9.520663858771715171e-01,8.452414372668545228e-01,9.402736312791485362e-01,8.766646023438728896e-01,8.915686722780225004e-01
9.344866216190872432e-01,9.121321589033447585e-01,8.879894950195749148e-01,9.246353230500571341e-01,8.922475591384757543e-01,9.343527673342563178e-01,8.893718778470173225e-01,9.708093171312286440e-01,9.358951938723862884e-01,9.521530177533087391e-01,9.672701083032299030e-01,8.669088107833627932e-01,1.000000000000000000e+00,9.166083047446040855e-01,8.917365904643008712e-01,9.655010839660098654e-01,8.788427796261826241e-01,9.614726139664362403e-01,9.531079070462441516e-01,8.904532181966051674e-01,8.994299747806907552e-01,8.906248191882600862e-01,9.486459019470794285e-01,9.465497688740337479e-01,9.366430068097237882e-01,9.270657930072470077e-01,9.128528575367297337e-01,8.906838937607405304e-01,9.308133001100035164e-01,9.262423595825994838e-01,9.775833673326687068e-01,8.764204117585802090e-01,9.725841891628239644e-01,8.656525483341332983e-01,8.735851909051780551e-01,9.700316670278738007e-01,8.912350632046269761e-01,9.514670214360698708e-01,9.381670684238752056e-01
9.485627086942787223e-01,9.784816678860970285e-01,9.397070700624923223e-01,9.763944623188732796e-01,9.494937113576160659e-01,9.591599008143064653e-01,9.139948160397626253e-01,9.297289236378389887e-01,9.656032961737023301e-01,9.305427367042997666e-01,9.290739692900695790e-01,9.129696521236764228e-01,9.166083047446040855e-01,1.000000000000000000e+00,9.404738388078023315e-01,9.307391935628135382e-01,9.286981076235816257e-01,9.286693332176402249e-01,9.314534899378047461e-01,9.472786622386243360e-01,9.630175896885676545e-01,9.451969941602804681e-01,9.397573927116220638e-01,9.352658783970205780e-01,9.484941325500508835e-01,9.744191905794190589e-01,9.810842900287493062e-01,9.478473118163605049e-01,9.694356147506372201e-01,9.765946031867323018e-01,9.061779364842438289e-01,9.277663430819790280e-01,9.272866522716693982e-01,9.128876185591870973e-01,8.954914364064620047e-01,8.893714716325400449e-01,9.484064182078912886e-01,9.327141591305144752e-01,9.560720309232050296e-01
9.108493249542328751e-01,9.387043248190648503e-01,9.843290026442352847e-01,9.285803742650624582e-01,9.709796400986897558e-01,9.167521514506863367e-01,9.222093304339933351e-01,9.028836189649197541e-01,9.237991588118152908e-01,8.955051502615766212e-01,8.997416401308071521e-01,9.524301182602259441e-01,8.917365904643008712e-01,9.404738388078023315e-01,1.000000000000000000e+00,9.026923321446088666e-01,9.765319394531548625e-01,8.975952359355301446e-01,8.986592852129937636e-01,9.717030551798542248e-01,9.586451210724485916e-01,9.822283276339403013e-01,9.021616548158105653e-01,8.996768867447495488e-01,9.084956160150807758e-01,9.291045139017838350e-01,9.416554049800107684e-01,9.764223427455666071e-01,9.279035407354717657e-01,9.320449839675630788e-01,8.806627651279405056e-01,9.714007853968000816e-01,8.995325480166252996e-01,9.522205708179035666e-01,9.411732439156950125e-01,8.675417583997906412e-01,9.741933734059147199e-01,8.997715608800354037e-01,9.191406082451251125e-01
9.573027359460529739e-01,9.254124611798910660e-01,8.986290261053779815e-01,9.405752808656686614e-01,9.037537240965864971e-01,9.533767179118721735e-01,8.931314169765872668e-01,9.826080528289503624e-01,9.514556254601971297e-01,9.747632352804491696e-01,9.792497656745463575e-01,8.799237957922225739e-01,9.655010839660098654e-01,9.307391935628135382e-01,9.026923321446088666e-01,1.000000000000000000e+00,8.928727046034510284e-01,9.825706219604494196e-01,9.761917082214552899e-01,9.031578609182165929e-01,9.117582925705306485e-01,9.015370340836964536e-01,9.682967866531432266e-01,9.673571037700152697e-01,9.589339383363353342e-01,9.427428572609077850e-01,9.282058521991871647e-01,9.055424567980988604e-01,9.465189168376665352e-01,9.395596925666913624e-01,9.562327180939036442e-01,8.917121134468818378e-01,9.810170163255972353e-01,8.756583843824043978e-01,8.728041935775623372e-01,9.490239213315712075e-01,9.044853261130584299e-01,9.748602736126634749e-01,9.573380317377754301e-01
8.963157633103804312e-01,9.266019694918261607e-01,9.761656563675691345e-01,9.176271717133248629e-01,9.606226657591728779e-01,9.028970955478745619e-01,9.160186776255015983e-01,8.909498469866948822e-01,9.086941349378159227e-01,8.868979946889667954e-01,8.896433242870618319e-01,9.571060924505252476e-01,8.788427796261826241e-01,9.286981076235816257e-01,9.765319394531548625e-01,8.928727046034510284e-01,1.000000000000000000e+00,8.872478070961080654e-01,8.892921338692491018e-01,9.618660058424306492e-01,9.471794503516007824e-01,9.718109826323351186e-01,8.887493866738882531e-01,8.877720835894145068e-01,8.949833426071195364e-01,9.174253422167111260e-01,9.290938147038320105e-01,9.657832935816953457e-01,9.145912055903172577e-01,9.207263315094242895e-01,8.695872487838840481e-01,9.768667280344869308e-01,8.878652040669769985e-01,9.561490215248416025e-01,9.457085278532451067e-01,8.570316429967940186e-01,9.626600572646692999e-01,8.908374758545474226e-01,9.042958802685143738e-01
9.590607370996684367e-01,9.234146274371307639e-01,8.930947772315654953e-01,9.387483974570290934e-01,9.002722862578882435e-01,9.537322397579811595e-01,8.848397388386579632e-01,9.801820443865472132e-01,9.504549911555031372e-01,9.771373636810536389e-01,9.772422430135730975e-01,8.715910789817732374e-01,9.614726139664362403e-01,9.286693332176402249e-01,8.975952359355301446e-01,9.825706219604494196e-01,8.872478070961080654e-01,1.000000000000000000e+00,9.789521823285498581e-01,8.995626184778515722e-01,9.088823588812353638e-01,8.978949886224785182e-01,9.706595377971681815e-01,9.705969260919878883e-01,9.613413354721443982e-01,9.401615768406595963e-01,9.263446636979630888e-01,9.022534763615236431e-01,9.449107221249133381e-01,9.366965067067414275e-01,9.524316955504542603e-01,8.856482208659912647e-01,9.778833286403100233e-01,8.676714539479508659e-01,8.671842065430214186e-01,9.451564410333370692e-01,9.014260234034618957e-01,9.764960722094421230e-01,9.578724141392135349e-01
9.630046845565783942e-01,9.274038616231408128e-01,8.952199353922498659e-01,9.431075833269858544e-01,9.040203030559194053e-01,9.571921986561602314e-01,8.842723626248896185e-01,9.743024676218084990e-01,9.544710883755930242e-01,9.825700672541202163e-01,9.723173807921788869e-01,8.742431857081244262e-01,9.531079070462441516e-01,9.314534899378047461e-01,8.986592852129937636e-01,9.761917082214552899e-01,8.892921338692491018e-01,9.789521823285498581e-01,1.000000000000000000e+00,9.024226366180269077e-01,9.115052169753519173e-01,8.999271584935929491e-01,9.769502793375899330e-01,9.782561643604837931e-01,9.646184814258519369e-01,9.438558666829743871e-01,9.292445999452885186e-01,9.050987564873881341e-01,9.492646985296313566e-01,9.398033981666549241e-01,9.443831874837173013e-01,8.890279958531147608e-01,9.713262095116895756e-01,8.690984916691998352e-01,8.655650233008481687e-01,9.365506480897098918e-01,9.035911103720002391e-01,9.827800808582987102e-01,9.625742831071514294e-01
9.149997990736569164e-01,9.477321018727731250e-01,9.709867763670051444e-01,9.388807610512864832e-01,9.847309221285102110e-01,9.231889450728137936e-01,9.104072153887696750e-01,9.016936464027421883e-01,9.301838076775070796e-01,8.978895517343364885e-01,9.005319520910605169e-01,9.409988614762080372e-01,8.904532181966051674e-01,9.472786622386243360e-01,9.717030551798542248e-01,9.031578609182165929e-01,9.618660058424306492e-01,8.995626184778515722e-01,9.024226366180269077e-01,1.000000000000000000e+00,9.701863206660712446e-01,9.772121148273691382e-01,9.077594309093646174e-01,9.055017947186828620e-01,9.140060171967293590e-01,9.380777826490717120e-01,9.498340451627548253e-01,9.823087808107808794e-01,9.337557301927903453e-01,9.389649948172308358e-01,8.785868568119844513e-01,9.596787314710830685e-01,8.966840559418716161e-01,9.394670542026513083e-01,9.306981101375496612e-01,8.618346250119671703e-01,9.831217886248119209e-01,9.042519696757181924e-01,9.236282818639390824e-01
9.283912711974691145e-01,9.638195927312863676e-01,9.573701701998631464e-01,9.541899181101414218e-01,9.707149307587982223e-01,9.372076778501818861e-01,9.096924284314499287e-01,9.110297243309668502e-01,9.438586086727298596e-01,9.081863950537846231e-01,9.091454988249023650e-01,9.283608422855276210e-01,8.994299747806907552e-01,9.630175896885676545e-01,9.586451210724485916e-01,9.117582925705306485e-01,9.471794503516007824e-01,9.088823588812353638e-01,9.115052169753519173e-01,9.701863206660712446e-01,1.000000000000000000e+00,9.636748882178796105e-01,9.205883595063567570e-01,9.170806318588313744e-01,9.261978906656005428e-01,9.518398750442652601e-01,9.648077124709301122e-01,9.678754824524623546e-01,9.469468618972188834e-01,9.524761990804780920e-01,8.891958863923580259e-01,9.457733165117265806e-01,9.071342394880169691e-01,9.275738594788359714e-01,9.167985327690317821e-01,8.735262769398813854e-01,9.685458411384786359e-01,9.157565151207748277e-01,9.360766642730257159e-01
9.127560132526709724e-01,9.450330347897158978e-01,9.814257234829620868e-01,9.330440797765253702e-01,9.764982060806315367e-01,9.192519560705478820e-01,9.205768776189976466e-01,9.025075911352034019e-01,9.271609472504537264e-01,8.961227995863471074e-01,9.012147194091706393e-01,9.485361783491503829e-01,8.906248191882600862e-01,9.451969941602804681e-01,9.822283276339403013e-01,9.015370340836964536e-01,9.718109826323351186e-01,8.978949886224785182e-01,8.999271584935929491e-01,9.772121148273691382e-01,9.636748882178796105e-01,1.000000000000000000e+00,9.050355826879662446e-01,9.027360942290186818e-01,9.104278089755027947e-01,9.340184124861774517e-01,9.472686706674414703e-01,9.809797520360503675e-01,9.308745976099258579e-01,9.358888038092348927e-01,8.795933542291417551e-01,9.668056099179196394e-01,8.985756385859965389e-01,9.486722948202015449e-01,9.371757721868503310e-01,8.659351552409325636e-01,9.790038756286914001e-01,9.019698614713943519e-01,9.215948167118742651e-01
9.706374823731720447e-01,9.363283990690364211e-01,8.992805277221227467e-01,9.502861719621661374e-01,9.097084928252996416e-01,9.642317593638251028e-01,8.897237409391671736e-01,9.677399034323538318e-01,9.625449626526755287e-01,9.777917596754185370e-01,9.661361744339206359e-01,8.767686524624034305e-01,9.486459019470794285e-01,9.397573927116220638e-01,9.021616548158105653e-01,9.682967866531432266e-01,8.887493866738882531e-01,9.706595377971681815e-01,9.769502793375899330e-01,9.077594309093646174e-01,9.205883595063567570e-01,9.050355826879662446e-01,1.000000000000000000e+00,9.835788296620985305e-01,9.716221692739883675e-01,9.525101014310075609e-01,9.378214574621622779e-01,9.095689207295751810e-01,9.564894324264454628e-01,9.478920481459053304e-01,9.388539960380247740e-01,8.906172578485642699e-01,9.653479479668245489e-01,8.731279371207200102e-01,8.654564540201198364e-01,9.291692415897524482e-01,9.089234697243511185e-01,9.796303481477733888e-01,9.696708966124190088e-01
9.677622768768732175e-01,9.322299372114520866e-01,8.975696476132635215e-01,9.457501519421065428e-01,9.073403981538764596e-01,9.607517441481182585e-01,8.878635434264319226e-01,9.666241460640964123e-01,9.592874487187171839e-01,9.797400641283503520e-01,9.657112325366274952e-01,8.755361985104325173e-01,9.465497688740337479e-01,9.352658783970205780e-01,8.996768867447495488e-01,9.673571037700152697e-01,8.877720835894145068e-01,9.705969260919878883e-01,9.782561643604837931e-01,9.055017947186828620e-01,9.170806318588313744e-01,9.027360942290186818e-01,9.835788296620985305e-01,1.000000000000000000e+00,9.691994647331217960e-01,9.482557445973631705e-01,9.337008856991173555e-01,9.078485417605177688e-01,9.529729188412394691e-01,9.440666094294191124e-01,9.377376448102513473e-01,8.900254116418789829e-01,9.635288815239817506e-01,8.710948609037192369e-01,8.655996982986370325e-01,9.285727077651769745e-01,9.066265388875243136e-01,9.807685969247477153e-01,9.671380202367787504e-01
9.835921121628702357e-01,9.428105885701718591e-01,9.053703176870615543e-01,9.600907157649813950e-01,9.162682589834042490e-01,9.793176296919858803e-01,8.999014006574646007e-01,9.565753835633187263e-01,9.741600157647393177e-01,9.671043035115463038e-01,9.579491020183000805e-01,8.829441724083604282e-01,9.366430068097237882e-01,9.484941325500508835e-01,9.084956160150807758e-01,9.589339383363353342e-01,8.949833426071195364e-01,9.613413354721443982e-01,9.646184814258519369e-01,9.140060171967293590e-01,9.261978906656005428e-01,9.104278089755027947e-01,9.716221692739883675e-01,9.691994647331217960e-01,1.000000000000000000e+00,9.632887558999236877e-01,9.461402720160571045e-01,9.150982037123031043e-01,9.690936961967576702e-01,9.590877469566289060e-01,9.287034943766480088e-01,8.950729722017720658e-01,9.524347094232534783e-01,8.802242577083797537e-01,8.725836239604880529e-01,9.197466771133079311e-01,9.136563465359296421e-01,9.664661524698158201e-01,9.813601105468200414e-01
9.632641962134264046e-01,9.689089337344808373e-01,9.288570343526649786e-01,9.817486609089611793e-01,9.396625292658792317e-01,9.717334161623447653e-01,9.047031229755087001e-01,9.416232320896260610e-01,9.765800344247596021e-01,9.441299413753703185e-01,9.421850470609539618e-01,9.001991294625836248e-01,9.270657930072470077e-01,9.744191905794190589e-01,9.291045139017838350e-01,9.427428572609077850e-01,9.174253422167111260e-01,9.401615768406595963e-01,9.438558666829743871e-01,9.380777826490717120e-01,9.518398750442652601e-01,9.340184124861774517e-01,9.525101014310075609e-01,9.482557445973631705e-01,9.632887558999236877e-01,1.000000000000000000e+00,9.706298008455700455e-01,9.369579153767524371e-01,9.809165403957360585e-01,9.818801049100104317e-01,9.176549510197061776e-01,9.145310974781650781e-01,9.380781095711829831e-01,9.013157379605487574e-01,8.829732977841666663e-01,9.038752606543177803e-01,9.356555749513084663e-01,9.462164579526171071e-01,9.695850776637719992e-01
9.461611496913926445e-01,9.839626116871791339e-01,9.404485043809075462e-01,9.713657193381024513e-01,9.517512467975105528e-01,9.556287840417647672e-01,9.177502760767581869e-01,9.272869444939181305e-01,9.611807704361965410e-01,9.287276936826370788e-01,9.262989268278530863e-01,9.186009557864989183e-01,9.128528575367297337e-01,9.810842900287493062e-01,9.416554049800107684e-01,9.282058521991871647e-01,9.290938147038320105e-01,9.263446636979630888e-01,9.292445999452885186e-01,9.498340451627548253e-01,9.648077124709301122e-01,9.472686706674414703e-01,9.378214574621622779e-01,9.337008856991173555e-01,9.461402720160571045e-01,9.706298008455700455e-01,1.000000000000000000e+00,9.495246811159147038e-01,9.646313947828647484e-01,9.715473022543837933e-01,9.057566405698750378e-01,9.286029482097449828e-01,9.241288606146674800e-01,9.176637907780147430e-01,8.989905991123000595e-01,8.902456921619573693e-01,9.502397556367646603e-01,9.313993697533180516e-01,9.538103223246079398e-01
9.163426074264890975e-01,9.473214373466648519e-01,9.753826386561971207e-01,9.377382687104424130e-01,9.820068042477854142e-01,9.236041385512695490e-01,9.150774679729062333e-01,9.047314514569210209e-01,9.306094094314932841e-01,9.005649876821962829e-01,9.030861396335981839e-01,9.443178850399174262e-01,8.906838937607405304e-01,9.478473118163605049e-01,9.764223427455666071e-01,9.055424567980988604e-01,9.657832935816953457e-01,9.022534763615236431e-01,9.050987564873881341e-01,9.823087808107808794e-01,9.678754824524623546e-01,9.809797520360503675e-01,9.095689207295751810e-01,9.078485417605177688e-01,9.150982037123031043e-01,9.369579153767524371e-01,9.495246811159147038e-01,1.000000000000000000e+00,9.337228798236445471e-01,9.383203497043948182e-01,8.794774967258925935e-01,9.630688535714729825e-01,8.997140538779713204e-01,9.433006702282626943e-01,9.334806992488514643e-01,8.634325976851158213e-01,9.842509339804181856e-01,9.063054240244057258e-01,9.252960323818534283e-01
9.696564159437432995e-01,9.621378555647425168e-01,9.261024953046476105e-01,9.777849489791818893e-01,9.350292447662209572e-01,9.771212534527429217e-01,9.042123259199955632e-01,9.449309225148154745e-01,9.819064423425951649e-01,9.498802781255998307e-01,9.455248798204327620e-01,8.973738656031716721e-01,9.308133001100035164e-01,9.694356147506372201e-01,9.279035407354717657e-01,9.465189168376665352e-01,9.145912055903172577e-01,9.449107221249133381e-01,9.492646985296313566e-01,9.337557301927903453e-01,9.469468618972188834e-01,9.308745976099258579e-01,9.564894324264454628e-01,9.529729188412394691e-01,9.690936961967576702e-01,9.809165403957360585e-01,9.646313947828647484e-01,9.337228798236445471e-01,1.000000000000000000e+00,9.789198452503148351e-01,9.220843559673566059e-01,9.118143737053224784e-01,9.409883612888160220e-01,8.969078546706773514e-01,8.820806891954492412e-01,9.106512440837974953e-01,9.326844243658356515e-01,9.515902176012518421e-01,9.751517150688548963e-01
9.582520623878852950e-01,9.685544660228598834e-01,9.317036705071575220e-01,9.806376349162004846e-01,9.405362355174703426e-01,9.672845036726073209e-01,9.109431618120731322e-01,9.387519349437769556e-01,9.730218781193556987e-01,9.404979847117702629e-01,9.385414348249860872e-01,9.049869969206907339e-01,9.262423595825994838e-01,9.765946031867323018e-01,9.320449839675630788e-01,9.395596925666913624e-01,9.207263315094242895e-01,9.366965067067414275e-01,9.398033981666549241e-01,9.389649948172308358e-01,9.524761990804780920e-01,9.358888038092348927e-01,9.478920481459053304e-01,9.440666094294191124e-01,9.590877469566289060e-01,9.818801049100104317e-01,9.715473022543837933e-01,9.383203497043948182e-01,9.789198452503148351e-01,1.000000000000000000e+00,9.161757522920518371e-01,9.171208112027658954e-01,9.351973885368831674e-01,9.059990490669477259e-01,8.878583532366356446e-01,8.998438334467183664e-01,9.378415129080779344e-01,9.418787457908313066e-01,9.656190459508762203e-01
9.254856848149409787e-01,9.061208927359001297e-01,8.756577578232979109e-01,9.140581797869187231e-01,8.802022542431061636e-01,9.259514672980833083e-01,8.907041159647128836e-01,9.612794385669851671e-01,9.274142141126942018e-01,9.452823327973635115e-01,9.583469982375347751e-01,8.582009586576476723e-01,9.775833673326687068e-01,9.061779364842438289e-01,8.806627651279405056e-01,9.562327180939036442e-01,8.695872487838840481e-01,9.524316955504542603e-01,9.443831874837173013e-01,8.785868568119844513e-01,8.891958863923580259e-01,8.795933542291417551e-01,9.388539960380247740e-01,9.377376448102513473e-01,9.287034943766480088e-01,9.176549510197061776e-01,9.057566405698750378e-01,8.794774967258925935e-01,9.220843559673566059e-01,9.161757522920518371e-01,1.000000000000000000e+00,8.644540864963233817e-01,9.619142367354966972e-01,8.581490539872298484e-01,8.655112849215721438e-01,9.765970567669289837e-01,8.796741738832402069e-01,9.427576647311001201e-01,9.301609902994056878e-01
8.981437954531478196e-01,9.262645294954792163e-01,9.721334237344495532e-01,9.148928893406306218e-01,9.586842393488335112e-01,9.035489709586412843e-01,9.199433954693038151e-01,8.893225953353748325e-01,9.066147913205782061e-01,8.868315788985895454e-01,8.865315807232903023e-01,9.647745849831622644e-01,8.764204117585802090e-01,9.277663430819790280e-01,9.714007853968000816e-01,8.917121134468818378e-01,9.768667280344869308e-01,8.856482208659912647e-01,8.890279958531147608e-01,9.596787314710830685e-01,9.457733165117265806e-01,9.668056099179196394e-01,8.906172578485642699e-01,8.900254116418789829e-01,8.950729722017720658e-01,9.145310974781650781e-01,9.286029482097449828e-01,9.630688535714729825e-01,9.118143737053224784e-01,9.171208112027658954e-01,8.644540864963233817e-01,1.000000000000000000e+00,8.861712712903945244e-01,9.620771307195391531e-01,9.442243606323748040e-01,8.511238721124231299e-01,9.607043435242104135e-01,8.906220757938801968e-01,9.051579962052931361e-01
9.506244774893864991e-01,9.216223466504782635e-01,8.954425788274612552e-01,9.363672109765158735e-01,8.978206418603064121e-01,9.464116573328920090e-01,8.938768308945723717e-01,9.832681684387039045e-01,9.456046371286513930e-01,9.700385711597933058e-01,9.789305140896615853e-01,8.772346301991297279e-01,9.725841891628239644e-01,9.272866522716693982e-01,8.995325480166252996e-01,9.810170163255972353e-01,8.878652040669769985e-01,9.778833286403100233e-01,9.713262095116895756e-01,8.966840559418716161e-01,9.071342394880169691e-01,8.985756385859965389e-01,9.653479479668245489e-01,9.635288815239817506e-01,9.524347094232534783e-01,9.380781095711829831e-01,9.241288606146674800e-01,8.997140538779713204e-01,9.409883612888160220e-01,9.351973885368831674e-01,9.619142367354966972e-01,8.861712712903945244e-01,1.000000000000000000e+00,8.740220462008155833e-01,8.717998039388750176e-01,9.556547719583738942e-01,8.988513703332203786e-01,9.705815534925344990e-01,9.512516552918384161e-01
8.818862049175133500e-01,9.155149899235374145e-01,9.533855957505910084e-01,9.014787477609863542e-01,9.373595788432463882e-01,8.887099335220965957e-01,9.374151752143446981e-01,8.763462034972736570e-01,8.906222819544687974e-01,8.687271884161610336e-01,8.733197299027172233e-01,9.817711465932891235e-01,8.656525483341332983e-01,9.128876185591870973e-01,9.522205708179035666e-01,8.756583843824043978e-01,9.561490215248416025e-01,8.676714539479508659e-01,8.690984916691998352e-01,9.394670542026513083e-01,9.275738594788359714e-01,9.486722948202015449e-01,8.731279371207200102e-01,8.710948609037192369e-01,8.802242577083797537e-01,9.013157379605487574e-01,9.176637907780147430e-01,9.433006702282626943e-01,8.969078546706773514e-01,9.059990490669477259e-01,8.581490539872298484e-01,9.620771307195391531e-01,8.740220462008155833e-01,1.000000000000000000e+00,9.572470557282402037e-01,8.439563435690601301e-01,9.392523131471872677e-01,8.710546438299764382e-01,8.892896754732517728e-01
8.719794865210753754e-01,8.997882123499935103e-01,9.409506010863051273e-01,8.825405381265560845e-01,9.275751154953248978e-01,8.797494819143595324e-01,9.195474956049327631e-01,8.744878485948054392e-01,8.792270384702876029e-01,8.649562288394936349e-01,8.694577042296688374e-01,9.520663858771715171e-01,8.735851909051780551e-01,8.954914364064620047e-01,9.411732439156950125e-01,8.728041935775623372e-01,9.457085278532451067e-01,8.671842065430214186e-01,8.655650233008481687e-01,9.306981101375496612e-01,9.167985327690317821e-01,9.371757721868503310e-01,8.654564540201198364e-01,8.655996982986370325e-01,8.725836239604880529e-01,8.829732977841666663e-01,8.989905991123000595e-01,9.334806992488514643e-01,8.820806891954492412e-01,8.878583532366356446e-01,8.655112849215721438e-01,9.442243606323748040e-01,8.717998039388750176e-01,9.572470557282402037e-01,1.000000000000000000e+00,8.546479376920531612e-01,9.315326385140570986e-01,8.645164484029717045e-01,8.793946191776422783e-01
9.167236521228164792e-01,8.901620089613034859e-01,8.621183246258934396e-01,8.984131656065574845e-01,8.638957103012155914e-01,9.141944170718618867e-01,8.812632608859503058e-01,9.549318785993418102e-01,9.165802143285632919e-01,9.362119070407083354e-01,9.536567424545444593e-01,8.452414372668545228e-01,9.700316670278738007e-01,8.893714716325400449e-01,8.675417583997906412e-01,9.490239213315712075e-01,8.570316429967940186e-01,9.451564410333370692e-01,9.365506480897098918e-01,8.618346250119671703e-01,8.735262769398813854e-01,8.659351552409325636e-01,9.291692415897524482e-01,9.285727077651769745e-01,9.197466771133079311e-01,9.038752606543177803e-01,8.902456921619573693e-01,8.634325976851158213e-01,9.106512440837974953e-01,8.998438334467183664e-01,9.765970567669289837e-01,8.511238721124231299e-01,9.556547719583738942e-01,8.439563435690601301e-01,8.546479376920531612e-01,1.000000000000000000e+00,8.628562204960787962e-01,9.355973671091930566e-01,9.210443159209693587e-01
9.147930534861531404e-01,9.481008417636960228e-01,9.731035732205993716e-01,9.366844434558951882e-01,9.828953339931404409e-01,9.229393132923867649e-01,9.131092538871259379e-01,9.036292407033028606e-01,9.298525236656836057e-01,8.990656276666195712e-01,9.023499328921559259e-01,9.402736312791485362e-01,8.912350632046269761e-01,9.484064182078912886e-01,9.741933734059147199e-01,9.044853261130584299e-01,9.626600572646692999e-01,9.014260234034618957e-01,9.035911103720002391e-01,9.831217886248119209e-01,9.685458411384786359e-01,9.790038756286914001e-01,9.089234697243511185e-01,9.066265388875243136e-01,9.136563465359296421e-01,9.356555749513084663e-01,9.502397556367646603e-01,9.842509339804181856e-01,9.326844243658356515e-01,9.378415129080779344e-01,8.796741738832402069e-01,9.607043435242104135e-01,8.988513703332203786e-01,9.392523131471872677e-01,9.315326385140570986e-01,8.628562204960787962e-01,1.000000000000000000e+00,9.048013252235251880e-01,9.234823520729504853e-01
9.652910899352810103e-01,9.292463508149035878e-01,8.967060018718725489e-01,9.449110335248606107e-01,9.059359418523564855e-01,9.588475856481796233e-01,8.864021137844679821e-01,9.726460142160961997e-01,9.567165480747490403e-01,9.830940767801531477e-01,9.713880248384704208e-01,8.766646023438728896e-01,9.514670214360698708e-01,9.327141591305144752e-01,8.997715608800354037e-01,9.748602736126634749e-01,8.908374758545474226e-01,9.764960722094421230e-01,9.827800808582987102e-01,9.042519696757181924e-01,9.157565151207748277e-01,9.019698614713943519e-01,9.796303481477733888e-01,9.807685969247477153e-01,9.664661524698158201e-01,9.462164579526171071e-01,9.313993697533180516e-01,9.063054240244057258e-01,9.515902176012518421e-01,9.418787457908313066e-01,9.427576647311001201e-01,8.906220757938801968e-01,9.705815534925344990e-01,8.710546438299764382e-01,8.645164484029717045e-01,9.355973671091930566e-01,9.048013252235251880e-01,1.000000000000000000e+00,9.647534572349165671e-01
9.823532065056314044e-01,9.504808665035938686e-01,9.165796520936825287e-01,9.664758258997049323e-01,9.252452024759667548e-01,9.805473480048213508e-01,9.053945384466030033e-01,9.562024149117986926e-01,9.795165043183332587e-01,9.634191171933642606e-01,9.571737696813926721e-01,8.915686722780225004e-01,9.381670684238752056e-01,9.560720309232050296e-01,9.191406082451251125e-01,9.573380317377754301e-01,9.042958802685143738e-01,9.578724141392135349e-01,9.625742831071514294e-01,9.236282818639390824e-01,9.360766642730257159e-01,9.215948167118742651e-01,9.696708966124190088e-01,9.671380202367787504e-01,9.813601105468200414e-01,9.695850776637719992e-01,9.538103223246079398e-01,9.252960323818534283e-01,9.751517150688548963e-01,9.656190459508762203e-01,9.301609902994056878e-01,9.051579962052931361e-01,9.512516552918384161e-01,8.892896754732517728e-01,8.793946191776422783e-01,9.210443159209693587e-01,9.234823520729504853e-01,9.647534572349165671e-01,1.000000000000000000e+00
