1.000000000000000000e+00,7.541089024428010434e-01,3.128931893329874869e-01,1.187450460509187206e-01,4.288871239636415367e-01,-2.172173006363068426e-01,6.402289691148411316e-03,-2.506453438433680070e-01,6.000040937022775855e-01,6.983086130465694374e-01,-2.416903868752711959e-01,4.644215119832137972e-01,-3.320103603296656325e-01,5.511223715894582043e-01,3.435348882851580465e-01,6.806216046492256089e-01,-3.149437493024984797e-02,7.376781246534062919e-02,8.072625957054437029e-02,3.000374373035632480e-01,-6.503419565858847839e-02,-6.202655345658014859e-03,3.431213962560195063e-01,-1.326110177095459752e-01,3.647319406900098038e-01,4.611716479519328837e-01,3.050908270399223521e-01,6.996594402035319349e-02,1.994188950482496947e-01,6.889341588460100585e-01,6.634881550963724894e-01,3.766934682044852795e-02,9.657480098184825779e-02,5.441786330015527806e-01,8.030780027343437794e-03,2.754805877546941395e-01,-2.038896894596275433e-01,5.488431645158354799e-01,5.365205298247229804e-01
7.541089024428010434e-01,1.000000000000000000e+00,4.201982849428947953e-01,3.692881544620713608e-01,3.705053967712115814e-01,-1.502472059582022623e-01,-1.294598543335953936e-02,-3.361951218024755161e-01,7.316977131464384998e-01,6.985364225582820774e-01,-2.914604756669726959e-01,5.466859604720980537e-01,-5.047564859402146054e-01,5.778234859825193137e-01,3.905957651332247482e-01,7.562929582103737891e-01,-1.964676198678014241e-01,2.037892916714375002e-01,1.329908991324040002e-01,4.409492227254471763e-01,-1.755726707067868098e-01,-2.617079445352281097e-01,3.945940279225259029e-01,-9.716036221818631635e-02,4.454319880395962161e-01,4.121679084343061739e-01,1.661103766443142171e-01,-1.686251707185162929e-01,-1.392617020429502174e-02,5.127573156259264131e-01,7.137144451041572690e-01,3.622303995438699159e-02,-1.720436142669289348e-01,6.444136698893213611e-01,-1.873904286222249083e-01,4.495455542649493541e-01,-2.713706876428058634e-01,3.728096616934351015e-01,5.571387045158917584e-01
3.128931893329874869e-01,4.201982849428947953e-01,1.000000000000000000e+00,4.014333815704785313e-01,5.730489038981039229e-01,-1.373936050311518331e-01,-4.676968603628862964e-02,-7.768817742791480629e-01,5.204348111075642880e-01,4.963851670243284997e-01,-3.273929140773809698e-01,4.267592411405184971e-01,-5.359871712562866986e-01,4.318665368878864541e-01,4.937320019377783864e-01,5.045283662517172640e-01,-2.838288984191081332e-01,4.302855776516921749e-01,4.724506405032246614e-01,3.271918480721409672e-01,1.357228751670712941e-01,-2.872099163310227188e-01,2.491639637755121428e-01,-1.433830491311240962e-01,4.066469480112016588e-01,1.178474470394414858e-01,-3.370802144713700571e-02,-3.203084980200349152e-01,-2.650488949271980754e-01,2.761736224578351662e-01,4.883237312540233965e-01,-1.141192468979426861e-01,-8.104258976786453406e-02,5.785098719594954364e-01,-2.995014353619506187e-01,3.969998625208949750e-01,-3.112179558992781980e-01,1.523900135737750183e-01,5.274788459529504703e-01
1.187450460509187206e-01,3.692881544620713608e-01,4.014333815704785313e-01,1.000000000000000000e+00,-7.191151762253469859e-02,1.551757258925620490e-02,-1.841698286155806497e-01,-3.806198209401816523e-01,5.894482032445838016e-01,2.924639496339717648e-01,-3.082004124387763833e-01,4.875821182604939685e-01,-6.707900617104715080e-01,1.982791797908817488e-01,4.740830383835998307e-01,4.534649120978753167e-01,-6.815177112900802081e-01,7.291130785941248860e-01,3.457354008971783577e-01,5.597678400666629139e-01,-2.457485762071399682e-01,-7.867837648285210816e-01,2.294989848901707319e-01,-2.617271917403551362e-01,4.678903501099959672e-01,-8.748228538712986280e-02,-3.611485018255011226e-01,-7.660422517383019825e-01,-6.426047729441248801e-01,1.309082837577492733e-02,1.461018651822569847e-01,-8.671169883644068432e-02,-7.659798214265499672e-01,2.739437085443770514e-01,-7.290827158498661698e-01,5.624331023825211995e-01,-3.689517828569404689e-01,-2.944620335448597803e-01,3.426743327941091932e-01
4.288871239636415367e-01,3.705053967712115814e-01,5.730489038981039229e-01,-7.191151762253469859e-02,1.000000000000000000e+00,-1.808510314007088227e-01,1.114106952634184682e-02,-3.859431131735836518e-01,4.167304008390181336e-01,5.299837601575294599e-01,-1.387234922513114477e-01,3.971303669075501586e-01,-1.814609201628961388e-01,5.746451541638941674e-01,3.717136142866692139e-01,4.297350357762445006e-01,8.633392852888766011e-02,6.299163864265018564e-02,3.611655421745189054e-01,1.670990030508741342e-01,2.563469284531470493e-01,1.545096661739568666e-01,2.748178553771830623e-01,1.062944685328664172e-02,3.090151240291111323e-01,4.925504015940584956e-01,4.640305528507333022e-01,2.035970220551726606e-01,1.742118662592041234e-01,3.616360576081137923e-01,6.073276185080732636e-01,9.695410336794216266e-02,3.748567556004555601e-01,5.954588448310389470e-01,8.544071121363171206e-02,1.640361645682426595e-01,-1.047107820162667818e-01,5.125962425094007235e-01,5.496363255792884317e-01
-2.172173006363068426e-01,-1.502472059582022623e-01,-1.373936050311518331e-01,1.551757258925620490e-02,-1.808510314007088227e-01,1.000000000000000000e+00,-7.349683877382741370e-02,1.751692822459381127e-01,-1.506864109765536919e-01,-2.513941626216729675e-01,7.493322189770041941e-01,-2.633383403010343127e-01,2.153974993452389963e-01,-1.583986545059842266e-01,-3.338291799484370270e-01,-1.969420746560824331e-01,3.650677678272807869e-01,-1.136941150541507378e-01,-1.792049733170801573e-01,1.181155052584334231e-01,4.050599079769100497e-01,5.591795875889363221e-02,4.336416281477395440e-01,6.823363237148221128e-01,3.323328284252893838e-01,-8.122525526449575484e-02,-8.196941271153878120e-03,1.289831026338764119e-01,2.298876125057656150e-01,-1.738747016813561586e-01,-2.316636906712550847e-01,5.786534421737273837e-01,2.280421993583060455e-02,-3.820700699234195752e-01,2.472208854765549357e-01,-4.276970442815126727e-01,7.008374539349954135e-01,-3.546277873013370385e-01,-2.811364618862704501e-01
6.402289691148411316e-03,-1.294598543335953936e-02,-4.676968603628862964e-02,-1.841698286155806497e-01,1.114106952634184682e-02,-7.349683877382741370e-02,1.000000000000000000e+00,1.431833575956611287e-02,-1.599335514594740493e-01,-4.604127153608825879e-02,2.715375310100750714e-02,-2.140322116476000291e-01,1.064968264545495397e-01,2.552980248081810899e-01,-2.087105939018672196e-01,-1.345572441306787659e-01,1.766258939683419960e-01,-2.279546094628356889e-01,-1.721372571682212860e-01,9.338680476768600192e-02,9.403988001215317361e-02,2.925845814054585103e-01,-1.061515340949564373e-01,7.918543568568545132e-02,-1.653519340187136755e-01,-8.098964767048495716e-02,-5.896835734945796506e-03,1.629823507310725339e-01,1.517101873238605458e-01,9.680024630629696647e-02,6.190086193491796396e-02,4.229093499954421354e-02,2.262982525333857298e-01,4.254188775136759360e-02,2.246540637361357506e-01,-8.969373003594722712e-03,-8.771485079147689143e-03,-7.371618472664509536e-02,-1.431638169661791360e-01
-2.506453438433680070e-01,-3.361951218024755161e-01,-7.768817742791480629e-01,-3.806198209401816523e-01,-3.859431131735836518e-01,1.751692822459381127e-01,1.431833575956611287e-02,1.000000000000000000e+00,-4.661292901168203606e-01,-4.209416179454919527e-01,3.527899138881997465e-01,-3.256879994318480076e-01,4.914124980538191467e-01,-3.190145444916457906e-01,-4.102664660861247148e-01,-4.247225224828168888e-01,3.565012960032145073e-01,-4.422054561975338749e-01,-4.004085272572421861e-01,-2.730945915867346585e-01,-1.948577425054213996e-02,2.978321719671714329e-01,-1.299982664764801898e-01,2.381815429705079756e-01,-2.818270950097906957e-01,-3.177665895738987500e-02,1.280408516946968944e-01,3.801038049999370672e-01,2.461359210111060125e-01,-2.395793911155450762e-01,-2.943243480421117719e-01,1.661878407772426347e-01,1.809494208924523340e-01,-3.866286809939051272e-01,3.057799874120604167e-01,-3.315667459076050982e-01,3.638562317147389091e-01,-9.423552911051370773e-02,-4.400927830659525641e-01
6.000040937022775855e-01,7.316977131464384998e-01,5.204348111075642880e-01,5.894482032445838016e-01,4.167304008390181336e-01,-1.506864109765536919e-01,-1.599335514594740493e-01,-4.661292901168203606e-01,1.000000000000000000e+00,7.120498901353889964e-01,-3.777468275949457666e-01,6.565617239292148577e-01,-6.034952562280162525e-01,5.297489432561592881e-01,5.748716191337328585e-01,7.778266674018734506e-01,-4.416145299037658178e-01,5.180210024288841586e-01,4.078749555085692258e-01,5.096154672691405318e-01,-9.479813548510981902e-02,-4.524621435086547683e-01,3.896523174550891033e-01,-2.108583409746782045e-01,5.301209850562083048e-01,3.658360712034787743e-01,9.315553110316915353e-02,-3.573300013175654821e-01,-2.505796897337619344e-01,4.102378591663880525e-01,6.159599969183215951e-01,-1.357155521951045225e-02,-3.354482141149174312e-01,5.818469177691766303e-01,-4.307830306007731647e-01,5.586774986427098799e-01,-3.534868224567954131e-01,3.167476306471650460e-01,6.703767930368841332e-01
6.983086130465694374e-01,6.985364225582820774e-01,4.963851670243284997e-01,2.924639496339717648e-01,5.299837601575294599e-01,-2.513941626216729675e-01,-4.604127153608825879e-02,-4.209416179454919527e-01,7.120498901353889964e-01,1.000000000000000000e+00,-4.089464579502813391e-01,6.078327159645575684e-01,-5.325436863105940111e-01,5.781212398181589940e-01,5.541137295044203936e-01,8.085589166988828014e-01,-2.217354255383587325e-01,3.714088211119579985e-01,4.521160990021472204e-01,4.519462252478080311e-01,-5.663535071219993194e-02,-1.808958264612953171e-01,4.197933248374897675e-01,-2.001141599322825426e-01,5.078423362814669106e-01,4.142053435824299967e-01,2.232716089396991344e-01,-1.302338027176197233e-01,-3.223309045166806996e-02,5.610586469344732707e-01,7.165872578624465916e-01,-8.689436065246557150e-02,-5.996589279257752425e-02,6.170820392032607682e-01,-2.016741039782850020e-01,4.349439914154704101e-01,-3.404542630805371117e-01,5.246616124694764016e-01,7.774401047718322300e-01
-2.416903868752711959e-01,-2.914604756669726959e-01,-3.273929140773809698e-01,-3.082004124387763833e-01,-1.387234922513114477e-01,7.493322189770041941e-01,2.715375310100750714e-02,3.527899138881997465e-01,-3.777468275949457666e-01,-4.089464579502813391e-01,1.000000000000000000e+00,-3.472353575858995733e-01,5.312229774516640246e-01,-1.695229666793935941e-01,-4.969725611525958597e-01,-3.693140175582896867e-01,5.897623474861451998e-01,-4.181808927704201984e-01,-3.715452994449044422e-01,-8.969532996276236014e-02,4.550976840465554285e-01,3.949022053165390789e-01,2.593194526251735299e-01,6.818540508290662494e-01,6.044555677417669942e-02,7.996584470827350355e-02,2.733085899515051431e-01,4.271505881993182818e-01,4.441661992226955125e-01,-1.720617674988485224e-01,-2.862393236382877459e-01,6.975355926977286902e-01,3.264893558072738955e-01,-4.746878193515148836e-01,4.711298409334121473e-01,-5.401863986406946205e-01,8.025501764618353517e-01,-3.040781177503356081e-01,-4.475350983505159141e-01
4.644215119832137972e-01,5.466859604720980537e-01,4.267592411405184971e-01,4.875821182604939685e-01,3.971303669075501586e-01,-2.633383403010343127e-01,-2.140322116476000291e-01,-3.256879994318480076e-01,6.565617239292148577e-01,6.078327159645575684e-01,-3.472353575858995733e-01,1.000000000000000000e+00,-4.909356325229758955e-01,4.607205439116103252e-01,7.505481072707536061e-01,6.563749872007760278e-01,-3.267199213494252907e-01,5.131558352413092550e-01,4.919951121061667543e-01,4.271763572349572824e-01,-2.189632867025188279e-01,-3.618260200662548609e-01,4.411686320165376096e-01,-1.888125473774977248e-01,4.657638000169104786e-01,4.328492501598644737e-01,2.442096154124713814e-01,-3.049836164406931061e-01,-1.834824269148743192e-01,2.132994190916574495e-01,5.580584561073718142e-01,5.748980440839346340e-02,-2.714750344802695503e-01,6.032190830937361747e-01,-3.812009504210898680e-01,5.379366595026937592e-01,-3.329086211935959327e-01,2.993403581837034144e-01,6.867860450302648578e-01
-3.320103603296656325e-01,-5.047564859402146054e-01,-5.359871712562866986e-01,-6.707900617104715080e-01,-1.814609201628961388e-01,2.153974993452389963e-01,1.064968264545495397e-01,4.914124980538191467e-01,-6.034952562280162525e-01,-5.325436863105940111e-01,5.312229774516640246e-01,-4.909356325229758955e-01,1.000000000000000000e+00,-3.071182505250373285e-01,-5.791087815210345102e-01,-5.293849590509336345e-01,5.182300198078771958e-01,-6.437844683103715049e-01,-4.578937207952172295e-01,-4.820779592108812017e-01,3.878173628288253960e-01,6.653753582748010986e-01,-2.695619407904243925e-01,3.693123916398138862e-01,-4.675356397505776029e-01,8.111936496952981690e-02,3.665053932441946771e-01,6.519051363925162379e-01,4.931826766375992932e-01,-3.106543696504047714e-01,-4.606988064866365806e-01,3.822416498966930143e-01,5.961672940087189287e-01,-5.280626057274470098e-01,5.432337308105573692e-01,-5.183869029795339367e-01,5.909631376655186674e-01,-9.222965921491460550e-02,-5.867628613400382998e-01
5.511223715894582043e-01,5.778234859825193137e-01,4.318665368878864541e-01,1.982791797908817488e-01,5.746451541638941674e-01,-1.583986545059842266e-01,2.552980248081810899e-01,-3.190145444916457906e-01,5.297489432561592881e-01,5.781212398181589940e-01,-1.695229666793935941e-01,4.607205439116103252e-01,-3.071182505250373285e-01,1.000000000000000000e+00,3.339984273476714893e-01,6.028117043441542089e-01,-6.531635321290492346e-02,1.210240522276595648e-01,1.485489113181766019e-01,3.792864748618749449e-01,2.580201912007061560e-02,-4.259749377053427544e-02,3.493015108784039979e-01,2.127318955695668007e-02,3.675282178583288983e-01,4.194662730352067270e-01,3.267409080847142877e-01,2.120104917535220804e-02,1.060667312221277719e-01,4.282852838806223139e-01,6.465085220904052132e-01,1.841664404814280509e-01,8.040895926907602742e-02,6.403022458537779293e-01,1.709592010048668290e-03,3.433758651564863817e-01,-1.163294820317532646e-01,3.233136898579361818e-01,4.710700261790415344e-01
3.435348882851580465e-01,3.905957651332247482e-01,4.937320019377783864e-01,4.740830383835998307e-01,3.717136142866692139e-01,-3.338291799484370270e-01,-2.087105939018672196e-01,-4.102664660861247148e-01,5.748716191337328585e-01,5.541137295044203936e-01,-4.969725611525958597e-01,7.505481072707536061e-01,-5.791087815210345102e-01,3.339984273476714893e-01,1.000000000000000000e+00,5.411496381516995857e-01,-4.145958324452415633e-01,6.833113156163355129e-01,6.836457620121918488e-01,3.355491745875486265e-01,-2.483616793418281510e-01,-4.475672413244637382e-01,3.396618078325774892e-01,-2.896034048826199858e-01,4.658442843672106481e-01,2.510956717411211847e-01,-7.876286418055336580e-03,-3.501759854186923815e-01,-2.940801130165341948e-01,1.836189894281317625e-01,4.476013492122536963e-01,-1.909366409503624462e-01,-3.133500373584616749e-01,5.559859634065975609e-01,-4.329566202365814909e-01,5.341863863128490930e-01,-4.346540755400294387e-01,3.301795218630587669e-01,6.810830963192916476e-01
6.806216046492256089e-01,7.562929582103737891e-01,5.045283662517172640e-01,4.534649120978753167e-01,4.297350357762445006e-01,-1.969420746560824331e-01,-1.345572441306787659e-01,-4.247225224828168888e-01,7.778266674018734506e-01,8.085589166988828014e-01,-3.693140175582896867e-01,6.563749872007760278e-01,-5.293849590509336345e-01,6.028117043441542089e-01,5.411496381516995857e-01,1.000000000000000000e+00,-3.608130291709852888e-01,4.334256843169476681e-01,3.434921457827036506e-01,5.015009961277387962e-01,-1.114682428304343415e-01,-3.254711700524872686e-01,4.287804059194916806e-01,-1.851228515510039141e-01,5.293465728402557691e-01,4.198281150616940405e-01,2.111148558415830712e-01,-2.626841437368444554e-01,-1.386278827845427164e-01,5.333581204623515370e-01,6.541516582560448212e-01,3.609746587480994022e-03,-2.058309440162555681e-01,6.009191768941301026e-01,-3.334592664819184815e-01,5.180556017057952323e-01,-3.240136409695013042e-01,3.929051538231521645e-01,6.998275313346167259e-01
-3.149437493024984797e-02,-1.964676198678014241e-01,-2.838288984191081332e-01,-6.815177112900802081e-01,8.633392852888766011e-02,3.650677678272807869e-01,1.766258939683419960e-01,3.565012960032145073e-01,-4.416145299037658178e-01,-2.217354255383587325e-01,5.897623474861451998e-01,-3.267199213494252907e-01,5.182300198078771958e-01,-6.531635321290492346e-02,-4.145958324452415633e-01,-3.608130291709852888e-01,1.000000000000000000e+00,-6.348208657705117774e-01,-3.053677713859728193e-01,-3.913428664799621370e-01,3.287866954969902999e-01,6.581445063976056886e-01,2.269163436027102076e-01,5.744059109847040601e-01,-1.358774575203909873e-01,1.631492754943896784e-01,3.636537345419685319e-01,6.966982778754784444e-01,7.749405837171506883e-01,1.503536016323517473e-02,4.880313453318824851e-02,4.443890493593066759e-01,6.700909021749160699e-01,-2.222695585267970286e-01,8.219550916063526058e-01,-5.948998397408498118e-01,6.110084015205438090e-01,1.693097200594401719e-01,-3.023235756292745324e-01
7.376781246534062919e-02,2.037892916714375002e-01,4.302855776516921749e-01,7.291130785941248860e-01,6.299163864265018564e-02,-1.136941150541507378e-01,-2.279546094628356889e-01,-4.422054561975338749e-01,5.180210024288841586e-01,3.714088211119579985e-01,-4.181808927704201984e-01,5.131558352413092550e-01,-6.437844683103715049e-01,1.210240522276595648e-01,6.833113156163355129e-01,4.334256843169476681e-01,-6.348208657705117774e-01,1.000000000000000000e+00,7.108470727815485724e-01,4.361075706385905137e-01,-2.182104641295918579e-01,-6.823190200169391151e-01,2.448047051084984438e-01,-3.174366406564773091e-01,4.588513292988903869e-01,-9.803456118510112116e-02,-2.949267591271619304e-01,-6.819813551909835736e-01,-6.101793605418717181e-01,1.630939735365527499e-02,1.611815641881511607e-01,-2.147224927239950454e-01,-6.177343397659971203e-01,2.152165050173123761e-01,-6.755712975739611714e-01,5.054035514537610352e-01,-4.238992000752333511e-01,-1.049033813613958893e-01,5.201153410958553325e-01
8.072625957054437029e-02,1.329908991324040002e-01,4.724506405032246614e-01,3.457354008971783577e-01,3.611655421745189054e-01,-1.792049733170801573e-01,-1.721372571682212860e-01,-4.004085272572421861e-01,4.078749555085692258e-01,4.521160990021472204e-01,-3.715452994449044422e-01,4.919951121061667543e-01,-4.578937207952172295e-01,1.485489113181766019e-01,6.836457620121918488e-01,3.434921457827036506e-01,-3.053677713859728193e-01,7.108470727815485724e-01,1.000000000000000000e+00,2.479062604506689915e-01,-2.592602958744563701e-02,-3.301985056671464802e-01,2.649650499683668392e-01,-2.336002344275129872e-01,3.419578943891863343e-01,3.221897848807253606e-02,-6.081396800829043381e-02,-3.521507708596105513e-01,-3.342772141442620915e-01,3.779977058982025330e-03,3.327011382815452389e-01,-2.170955571178540267e-01,-2.162727137423119672e-01,2.508730083262502575e-01,-3.782042535714043030e-01,3.489446819101846842e-01,-3.060672724411754309e-01,1.524072107451316105e-01,6.408691796738320567e-01
3.000374373035632480e-01,4.409492227254471763e-01,3.271918480721409672e-01,5.597678400666629139e-01,1.670990030508741342e-01,1.181155052584334231e-01,9.338680476768600192e-02,-2.730945915867346585e-01,5.096154672691405318e-01,4.519462252478080311e-01,-8.969532996276236014e-02,4.271763572349572824e-01,-4.820779592108812017e-01,3.792864748618749449e-01,3.355491745875486265e-01,5.015009961277387962e-01,-3.913428664799621370e-01,4.361075706385905137e-01,2.479062604506689915e-01,1.000000000000000000e+00,2.902476066606537314e-02,-3.514927563448809744e-01,3.387405482172987092e-01,-5.535853238547963628e-02,5.353580072203590889e-01,1.847584011638001567e-01,-4.395217577870107889e-02,-3.266554288825430086e-01,-3.113277241603618073e-01,2.436807834738564382e-01,2.737421897392782189e-01,8.608789496503405081e-02,-3.965733661232329066e-01,3.276855782447906096e-01,-4.121745857579776073e-01,4.026853600000717681e-01,-1.888091546874320625e-01,-2.460914398679191900e-02,4.210921915611045008e-01
-6.503419565858847839e-02,-1.755726707067868098e-01,1.357228751670712941e-01,-2.457485762071399682e-01,2.563469284531470493e-01,4.050599079769100497e-01,9.403988001215317361e-02,-1.948577425054213996e-02,-9.479813548510981902e-02,-5.663535071219993194e-02,4.550976840465554285e-01,-2.189632867025188279e-01,3.878173628288253960e-01,2.580201912007061560e-02,-2.483616793418281510e-01,-1.114682428304343415e-01,3.287866954969902999e-01,-2.182104641295918579e-01,-2.592602958744563701e-02,2.902476066606537314e-02,1.000000000000000000e+00,5.216450765666538203e-01,4.200933764451190294e-02,3.489812003678601227e-01,4.317257017901580951e-02,2.333513848700505544e-01,3.211656487715753849e-01,4.374183476142292082e-01,2.811315279277427082e-01,7.198920182332128881e-02,-5.376676072916540539e-02,3.646434683804913313e-01,5.210957597123782037e-01,-1.988018870377965541e-01,2.864690918589914981e-01,-1.915593062282682779e-01,4.308727067829045687e-01,-2.749051097291858869e-02,-1.580637996822117364e-01
-6.202655345658014859e-03,-2.617079445352281097e-01,-2.872099163310227188e-01,-7.867837648285210816e-01,1.545096661739568666e-01,5.591795875889363221e-02,2.925845814054585103e-01,2.978321719671714329e-01,-4.524621435086547683e-01,-1.808958264612953171e-01,3.949022053165390789e-01,-3.618260200662548609e-01,6.653753582748010986e-01,-4.259749377053427544e-02,-4.475672413244637382e-01,-3.254711700524872686e-01,6.581445063976056886e-01,-6.823190200169391151e-01,-3.301985056671464802e-01,-3.514927563448809744e-01,5.216450765666538203e-01,1.000000000000000000e+00,-1.557033697024539920e-01,2.955953601521553176e-01,-3.758821154188093927e-01,2.634903941893986246e-01,4.952655942552741108e-01,7.852929005364943649e-01,6.456786931884478387e-01,1.158859470444889017e-01,-5.783527757554426940e-02,2.416069786729206637e-01,8.134880854819092066e-01,-2.426122696848907467e-01,6.853205230572070317e-01,-4.086516659740542790e-01,4.045764725246506766e-01,2.407453708513931367e-01,-3.135791115473801627e-01
3.431213962560195063e-01,3.945940279225259029e-01,2.491639637755121428e-01,2.294989848901707319e-01,2.748178553771830623e-01,4.336416281477395440e-01,-1.061515340949564373e-01,-1.299982664764801898e-01,3.896523174550891033e-01,4.197933248374897675e-01,2.593194526251735299e-01,4.411686320165376096e-01,-2.695619407904243925e-01,3.493015108784039979e-01,3.396618078325774892e-01,4.287804059194916806e-01,2.269163436027102076e-01,2.448047051084984438e-01,2.649650499683668392e-01,3.387405482172987092e-01,4.200933764451190294e-02,-1.557033697024539920e-01,1.000000000000000000e+00,4.798779782928539461e-01,7.468227120833131893e-01,2.687567249804353464e-01,2.149004302049079829e-01,-2.977714259208891559e-02,2.361200549605256827e-01,2.032853177094210706e-01,4.515748527495543896e-01,4.740918870036017196e-01,-5.566535327975803693e-02,3.151704883653727585e-01,1.225789451337719604e-01,-2.145240191349887665e-02,2.644065040031593483e-01,1.980710703145676099e-01,4.225460454586780767e-01
-1.326110177095459752e-01,-9.716036221818631635e-02,-1.433830491311240962e-01,-2.617271917403551362e-01,1.062944685328664172e-02,6.823363237148221128e-01,7.918543568568545132e-02,2.381815429705079756e-01,-2.108583409746782045e-01,-2.001141599322825426e-01,6.818540508290662494e-01,-1.888125473774977248e-01,3.693123916398138862e-01,2.127318955695668007e-02,-2.896034048826199858e-01,-1.851228515510039141e-01,5.744059109847040601e-01,-3.174366406564773091e-01,-2.336002344275129872e-01,-5.535853238547963628e-02,3.489812003678601227e-01,2.955953601521553176e-01,4.798779782928539461e-01,1.000000000000000000e+00,2.790800197507020686e-01,8.298662440289027165e-02,2.361347175790529385e-01,3.980766013930475689e-01,4.744184574507124830e-01,-1.386030842658335371e-01,-9.061514539282027048e-02,6.322577465306782329e-01,3.432158915501222207e-01,-1.778787523151181826e-01,4.924743403304067124e-01,-4.699586595862529359e-01,6.877220060124015211e-01,-9.176347715675797767e-02,-2.451247994096878990e-01
3.647319406900098038e-01,4.454319880395962161e-01,4.066469480112016588e-01,4.678903501099959672e-01,3.090151240291111323e-01,3.323328284252893838e-01,-1.653519340187136755e-01,-2.818270950097906957e-01,5.301209850562083048e-01,5.078423362814669106e-01,6.044555677417669942e-02,4.657638000169104786e-01,-4.675356397505776029e-01,3.675282178583288983e-01,4.658442843672106481e-01,5.293465728402557691e-01,-1.358774575203909873e-01,4.588513292988903869e-01,3.419578943891863343e-01,5.353580072203590889e-01,4.317257017901580951e-02,-3.758821154188093927e-01,7.468227120833131893e-01,2.790800197507020686e-01,1.000000000000000000e+00,1.859020294611662405e-01,1.213043237973885149e-02,-2.466370042704532362e-01,-4.752822238224860274e-02,2.943203593950717845e-01,3.527545025863316197e-01,2.654274502855384910e-01,-2.417183596203898166e-01,4.131465890539042785e-01,-1.979450221718187519e-01,2.224757502457936631e-01,4.015350955491151647e-02,1.669339801575152882e-01,5.279797744065911624e-01
4.611716479519328837e-01,4.121679084343061739e-01,1.178474470394414858e-01,-8.748228538712986280e-02,4.925504015940584956e-01,-8.122525526449575484e-02,-8.098964767048495716e-02,-3.177665895738987500e-02,3.658360712034787743e-01,4.142053435824299967e-01,7.996584470827350355e-02,4.328492501598644737e-01,8.111936496952981690e-02,4.194662730352067270e-01,2.510956717411211847e-01,4.198281150616940405e-01,1.631492754943896784e-01,-9.803456118510112116e-02,3.221897848807253606e-02,1.847584011638001567e-01,2.333513848700505544e-01,2.634903941893986246e-01,2.687567249804353464e-01,8.298662440289027165e-02,1.859020294611662405e-01,1.000000000000000000e+00,7.153476414214789969e-01,4.099865345058792410e-01,3.797328456921897355e-01,3.349185163619421424e-01,4.394554618885395669e-01,4.041141585306770034e-01,3.358259911722685231e-01,3.501942763748571164e-01,1.820650714901057288e-01,1.249443662498159746e-01,7.981653496706718476e-02,3.837404488237577405e-01,2.343712552253999770e-01
3.050908270399223521e-01,1.661103766443142171e-01,-3.370802144713700571e-02,-3.611485018255011226e-01,4.640305528507333022e-01,-8.196941271153878120e-03,-5.896835734945796506e-03,1.280408516946968944e-01,9.315553110316915353e-02,2.232716089396991344e-01,2.733085899515051431e-01,2.442096154124713814e-01,3.665053932441946771e-01,3.267409080847142877e-01,-7.876286418055336580e-03,2.111148558415830712e-01,3.636537345419685319e-01,-2.949267591271619304e-01,-6.081396800829043381e-02,-4.395217577870107889e-02,3.211656487715753849e-01,4.952655942552741108e-01,2.149004302049079829e-01,2.361347175790529385e-01,1.213043237973885149e-02,7.153476414214789969e-01,1.000000000000000000e+00,5.498771364386232374e-01,4.674004639874510536e-01,1.576661175893738775e-01,3.413318943721074805e-01,5.196812196445811383e-01,5.560652229319400508e-01,1.413502419840441116e-01,3.761522475736009397e-01,-1.600047580909864098e-01,2.827409183836908646e-01,3.104761786701525361e-01,9.150558568199380904e-02
6.996594402035319349e-02,-1.686251707185162929e-01,-3.203084980200349152e-01,-7.660422517383019825e-01,2.035970220551726606e-01,1.289831026338764119e-01,1.629823507310725339e-01,3.801038049999370672e-01,-3.573300013175654821e-01,-1.302338027176197233e-01,4.271505881993182818e-01,-3.049836164406931061e-01,6.519051363925162379e-01,2.120104917535220804e-02,-3.501759854186923815e-01,-2.626841437368444554e-01,6.966982778754784444e-01,-6.819813551909835736e-01,-3.521507708596105513e-01,-3.266554288825430086e-01,4.374183476142292082e-01,7.852929005364943649e-01,-2.977714259208891559e-02,3.980766013930475689e-01,-2.466370042704532362e-01,4.099865345058792410e-01,5.498771364386232374e-01,1.000000000000000000e+00,7.180036456719517401e-01,9.249144676051831993e-02,7.186690424247584030e-03,3.420998838975841672e-01,7.986009777515742369e-01,-1.304164644385917005e-01,7.423742639674197896e-01,-4.906436297211045350e-01,4.966603854956036512e-01,3.668634704747437136e-01,-2.857391839146233847e-01
1.994188950482496947e-01,-1.392617020429502174e-02,-2.650488949271980754e-01,-6.426047729441248801e-01,1.742118662592041234e-01,2.298876125057656150e-01,1.517101873238605458e-01,2.461359210111060125e-01,-2.505796897337619344e-01,-3.223309045166806996e-02,4.441661992226955125e-01,-1.834824269148743192e-01,4.931826766375992932e-01,1.060667312221277719e-01,-2.940801130165341948e-01,-1.386278827845427164e-01,7.749405837171506883e-01,-6.101793605418717181e-01,-3.342772141442620915e-01,-3.113277241603618073e-01,2.811315279277427082e-01,6.456786931884478387e-01,2.361200549605256827e-01,4.744184574507124830e-01,-4.752822238224860274e-02,3.797328456921897355e-01,4.674004639874510536e-01,7.180036456719517401e-01,1.000000000000000000e+00,1.974143566028881691e-01,1.133816277907856718e-01,4.595486464996948461e-01,6.703569365183291717e-01,-1.001106540789844374e-01,8.097028189668271647e-01,-4.898346979482427477e-01,4.946839048224999091e-01,3.671573131828517189e-01,-1.821150894080012517e-01
6.889341588460100585e-01,5.127573156259264131e-01,2.761736224578351662e-01,1.309082837577492733e-02,3.616360576081137923e-01,-1.738747016813561586e-01,9.680024630629696647e-02,-2.395793911155450762e-01,4.102378591663880525e-01,5.610586469344732707e-01,-1.720617674988485224e-01,2.132994190916574495e-01,-3.106543696504047714e-01,4.282852838806223139e-01,1.836189894281317625e-01,5.333581204623515370e-01,1.503536016323517473e-02,1.630939735365527499e-02,3.779977058982025330e-03,2.436807834738564382e-01,7.198920182332128881e-02,1.158859470444889017e-01,2.032853177094210706e-01,-1.386030842658335371e-01,2.943203593950717845e-01,3.349185163619421424e-01,1.576661175893738775e-01,9.249144676051831993e-02,1.974143566028881691e-01,1.000000000000000000e+00,4.738990897503917443e-01,-9.431186706408724307e-02,1.612569056387243294e-01,3.960846914373297167e-01,3.292841868537311339e-02,2.655171090872474049e-01,-2.424238909648561979e-01,4.782400347190454704e-01,4.011162855579089581e-01
6.634881550963724894e-01,7.137144451041572690e-01,4.883237312540233965e-01,1.461018651822569847e-01,6.073276185080732636e-01,-2.316636906712550847e-01,6.190086193491796396e-02,-2.943243480421117719e-01,6.159599969183215951e-01,7.165872578624465916e-01,-2.862393236382877459e-01,5.580584561073718142e-01,-4.606988064866365806e-01,6.465085220904052132e-01,4.476013492122536963e-01,6.541516582560448212e-01,4.880313453318824851e-02,1.611815641881511607e-01,3.327011382815452389e-01,2.737421897392782189e-01,-5.376676072916540539e-02,-5.783527757554426940e-02,4.515748527495543896e-01,-9.061514539282027048e-02,3.527545025863316197e-01,4.394554618885395669e-01,3.413318943721074805e-01,7.186690424247584030e-03,1.133816277907856718e-01,4.738990897503917443e-01,1.000000000000000000e+00,2.959294034387833019e-02,7.882797986196343754e-02,6.978726083012848358e-01,1.523107100118497800e-02,3.185392562850344889e-01,-2.421492202309882824e-01,5.104005992441580375e-01,6.326730351766749472e-01
3.766934682044852795e-02,3.622303995438699159e-02,-1.141192468979426861e-01,-8.671169883644068432e-02,9.695410336794216266e-02,5.786534421737273837e-01,4.229093499954421354e-02,1.661878407772426347e-01,-1.357155521951045225e-02,-8.689436065246557150e-02,6.975355926977286902e-01,5.748980440839346340e-02,3.822416498966930143e-01,1.841664404814280509e-01,-1.909366409503624462e-01,3.609746587480994022e-03,4.443890493593066759e-01,-2.147224927239950454e-01,-2.170955571178540267e-01,8.608789496503405081e-02,3.646434683804913313e-01,2.416069786729206637e-01,4.740918870036017196e-01,6.322577465306782329e-01,2.654274502855384910e-01,4.041141585306770034e-01,5.196812196445811383e-01,3.420998838975841672e-01,4.595486464996948461e-01,-9.431186706408724307e-02,2.959294034387833019e-02,1.000000000000000000e+00,2.645584082696783024e-01,-1.353475099032492579e-01,3.821872708468634361e-01,-3.428835862224444697e-01,6.940812582325092128e-01,-1.554637854605126768e-01,-1.874790200168319487e-01
9.657480098184825779e-02,-1.720436142669289348e-01,-8.104258976786453406e-02,-7.659798214265499672e-01,3.748567556004555601e-01,2.280421993583060455e-02,2.262982525333857298e-01,1.809494208924523340e-01,-3.354482141149174312e-01,-5.996589279257752425e-02,3.264893558072738955e-01,-2.714750344802695503e-01,5.961672940087189287e-01,8.040895926907602742e-02,-3.133500373584616749e-01,-2.058309440162555681e-01,6.700909021749160699e-01,-6.177343397659971203e-01,-2.162727137423119672e-01,-3.965733661232329066e-01,5.210957597123782037e-01,8.134880854819092066e-01,-5.566535327975803693e-02,3.432158915501222207e-01,-2.417183596203898166e-01,3.358259911722685231e-01,5.560652229319400508e-01,7.986009777515742369e-01,6.703569365183291717e-01,1.612569056387243294e-01,7.882797986196343754e-02,2.645584082696783024e-01,1.000000000000000000e+00,-5.981486144683061806e-02,6.927095673298636624e-01,-4.227444469731460042e-01,3.928166006411135114e-01,3.589707605276618585e-01,-1.705613176066782810e-01
5.441786330015527806e-01,6.444136698893213611e-01,5.785098719594954364e-01,2.739437085443770514e-01,5.954588448310389470e-01,-3.820700699234195752e-01,4.254188775136759360e-02,-3.866286809939051272e-01,5.818469177691766303e-01,6.170820392032607682e-01,-4.746878193515148836e-01,6.032190830937361747e-01,-5.280626057274470098e-01,6.403022458537779293e-01,5.559859634065975609e-01,6.009191768941301026e-01,-2.222695585267970286e-01,2.152165050173123761e-01,2.508730083262502575e-01,3.276855782447906096e-01,-1.988018870377965541e-01,-2.426122696848907467e-01,3.151704883653727585e-01,-1.778787523151181826e-01,4.131465890539042785e-01,3.501942763748571164e-01,1.413502419840441116e-01,-1.304164644385917005e-01,-1.001106540789844374e-01,3.960846914373297167e-01,6.978726083012848358e-01,-1.353475099032492579e-01,-5.981486144683061806e-02,1.000000000000000000e+00,-1.893839682553288828e-01,4.851690192209401342e-01,-4.154757108256903475e-01,4.821084320251236566e-01,6.144030203593141559e-01
8.030780027343437794e-03,-1.873904286222249083e-01,-2.995014353619506187e-01,-7.290827158498661698e-01,8.544071121363171206e-02,2.472208854765549357e-01,2.246540637361357506e-01,3.057799874120604167e-01,-4.307830306007731647e-01,-2.016741039782850020e-01,4.711298409334121473e-01,-3.812009504210898680e-01,5.432337308105573692e-01,1.709592010048668290e-03,-4.329566202365814909e-01,-3.334592664819184815e-01,8.219550916063526058e-01,-6.755712975739611714e-01,-3.782042535714043030e-01,-4.121745857579776073e-01,2.864690918589914981e-01,6.853205230572070317e-01,1.225789451337719604e-01,4.924743403304067124e-01,-1.979450221718187519e-01,1.820650714901057288e-01,3.761522475736009397e-01,7.423742639674197896e-01,8.097028189668271647e-01,3.292841868537311339e-02,1.523107100118497800e-02,3.821872708468634361e-01,6.927095673298636624e-01,-1.893839682553288828e-01,1.000000000000000000e+00,-6.088047716788106412e-01,5.478309555006045661e-01,2.645467931291798913e-01,-3.243982413213767346e-01
2.754805877546941395e-01,4.495455542649493541e-01,3.969998625208949750e-01,5.624331023825211995e-01,1.640361645682426595e-01,-4.276970442815126727e-01,-8.969373003594722712e-03,-3.315667459076050982e-01,5.586774986427098799e-01,4.349439914154704101e-01,-5.401863986406946205e-01,5.379366595026937592e-01,-5.183869029795339367e-01,3.433758651564863817e-01,5.341863863128490930e-01,5.180556017057952323e-01,-5.948998397408498118e-01,5.054035514537610352e-01,3.489446819101846842e-01,4.026853600000717681e-01,-1.915593062282682779e-01,-4.086516659740542790e-01,-2.145240191349887665e-02,-4.699586595862529359e-01,2.224757502457936631e-01,1.249443662498159746e-01,-1.600047580909864098e-01,-4.906436297211045350e-01,-4.898346979482427477e-01,2.655171090872474049e-01,3.185392562850344889e-01,-3.428835862224444697e-01,-4.227444469731460042e-01,4.851690192209401342e-01,-6.088047716788106412e-01,1.000000000000000000e+00,-5.863576071309835047e-01,1.115669523302307287e-01,4.841129790138256617e-01
-2.038896894596275433e-01,-2.713706876428058634e-01,-3.112179558992781980e-01,-3.689517828569404689e-01,-1.047107820162667818e-01,7.008374539349954135e-01,-8.771485079147689143e-03,3.638562317147389091e-01,-3.534868224567954131e-01,-3.404542630805371117e-01,8.025501764618353517e-01,-3.329086211935959327e-01,5.909631376655186674e-01,-1.163294820317532646e-01,-4.346540755400294387e-01,-3.240136409695013042e-01,6.110084015205438090e-01,-4.238992000752333511e-01,-3.060672724411754309e-01,-1.888091546874320625e-01,4.308727067829045687e-01,4.045764725246506766e-01,2.644065040031593483e-01,6.877220060124015211e-01,4.015350955491151647e-02,7.981653496706718476e-02,2.827409183836908646e-01,4.966603854956036512e-01,4.946839048224999091e-01,-2.424238909648561979e-01,-2.421492202309882824e-01,6.940812582325092128e-01,3.928166006411135114e-01,-4.154757108256903475e-01,5.478309555006045661e-01,-5.863576071309835047e-01,1.000000000000000000e+00,-1.790558658159079886e-01,-4.014539306075952108e-01
5.488431645158354799e-01,3.728096616934351015e-01,1.523900135737750183e-01,-2.944620335448597803e-01,5.125962425094007235e-01,-3.546277873013370385e-01,-7.371618472664509536e-02,-9.423552911051370773e-02,3.167476306471650460e-01,5.246616124694764016e-01,-3.040781177503356081e-01,2.993403581837034144e-01,-9.222965921491460550e-02,3.233136898579361818e-01,3.301795218630587669e-01,3.929051538231521645e-01,1.693097200594401719e-01,-1.049033813613958893e-01,1.524072107451316105e-01,-2.460914398679191900e-02,-2.749051097291858869e-02,2.407453708513931367e-01,1.980710703145676099e-01,-9.176347715675797767e-02,1.669339801575152882e-01,3.837404488237577405e-01,3.104761786701525361e-01,3.668634704747437136e-01,3.671573131828517189e-01,4.782400347190454704e-01,5.104005992441580375e-01,-1.554637854605126768e-01,3.589707605276618585e-01,4.821084320251236566e-01,2.645467931291798913e-01,1.115669523302307287e-01,-1.790558658159079886e-01,1.000000000000000000e+00,5.243259650704417130e-01
5.365205298247229804e-01,5.571387045158917584e-01,5.274788459529504703e-01,3.426743327941091932e-01,5.496363255792884317e-01,-2.811364618862704501e-01,-1.431638169661791360e-01,-4.400927830659525641e-01,6.703767930368841332e-01,7.774401047718322300e-01,-4.475350983505159141e-01,6.867860450302648578e-01,-5.867628613400382998e-01,4.710700261790415344e-01,6.810830963192916476e-01,6.998275313346167259e-01,-3.023235756292745324e-01,5.201153410958553325e-01,6.408691796738320567e-01,4.210921915611045008e-01,-1.580637996822117364e-01,-3.135791115473801627e-01,4.225460454586780767e-01,-2.451247994096878990e-01,5.279797744065911624e-01,2.343712552253999770e-01,9.150558568199380904e-02,-2.857391839146233847e-01,-1.821150894080012517e-01,4.011162855579089581e-01,6.326730351766749472e-01,-1.874790200168319487e-01,-1.705613176066782810e-01,6.144030203593141559e-01,-3.243982413213767346e-01,4.841129790138256617e-01,-4.014539306075952108e-01,5.243259650704417130e-01,1.000000000000000000e+00
