1.000000000000000000e+00,7.525998419657904392e-01,5.326873261095042000e-01,-3.602008822952190159e-01,5.131593643633216573e-01,-3.794767283517399420e-02,-1.020171741321165559e-01,-5.357373719457176886e-01,6.006375410236333146e-01,7.430494159717649927e-01,4.655235578396829665e-01,1.403864742076401106e-01,-2.376553928462943610e-01,6.899944944686029480e-01,2.496368461485042045e-01,7.276554149318985587e-01,4.539977489449373294e-01,1.192281608909253193e-01,3.095185497685652432e-01,-5.958448960283328072e-02,2.294967657683190110e-01,1.681538526291477542e-01,6.398180352582367725e-01,3.725146212016121061e-01,5.743745275234581893e-01,6.190218561498171956e-01,5.410099842997669883e-01,5.336715187474946331e-01,4.756554835668537762e-01,7.192657262845929544e-01,3.915296523394631301e-01,3.527187008468348761e-01,3.959599124834514150e-01,4.248672546882615864e-01,1.597237367485488668e-01,2.123846787199627772e-01,3.151169260251174831e-01,5.551241649060227878e-01,3.453700252933646908e-01
7.525998419657904392e-01,1.000000000000000000e+00,4.835498633973659977e-01,-2.429325424829575919e-01,5.434076873169599864e-01,-2.631300674100465753e-01,8.951960058444966006e-03,-4.623664238516717595e-01,7.024923777232551236e-01,7.313512681235443402e-01,3.510740219240710558e-01,3.666052956456989920e-01,-1.979995534428935500e-01,5.609208288180935753e-01,4.044384992656196443e-01,7.517777318324667668e-01,2.103616226321129989e-01,1.523752752991756054e-01,3.987657551931342859e-01,-1.032891733502014076e-01,2.921902122808121005e-01,3.373923757260660072e-01,6.723038907080987059e-01,1.999099670988383481e-01,5.711877987409723634e-01,4.911987381872492953e-01,4.858334119069280810e-01,4.325207156849222856e-01,2.722606141313820838e-01,7.115229373427978121e-01,3.703010684835425503e-01,2.471288884166806255e-01,3.069626135501170583e-01,5.496291052925561527e-01,-3.055939580829724472e-02,2.929591253921304816e-01,1.127238570068250650e-01,6.629885109279355371e-01,6.216785240280890967e-01
5.326873261095042000e-01,4.835498633973659977e-01,1.000000000000000000e+00,-1.620600642043398265e-01,6.979795858372797035e-01,-2.260660502329082666e-01,-2.649884278332230100e-02,-9.133902942587408536e-01,6.786973850129849328e-01,6.038136417247654819e-01,2.322004806210387073e-01,3.413693734523624013e-01,-5.158080227456715017e-01,4.307864123884770358e-01,2.993322930465456277e-01,6.084158879506259554e-01,1.556477171951317628e-01,2.815759519537464062e-02,4.578041388380857390e-01,2.367794736950782075e-01,5.726159029645101484e-01,1.721467382768187837e-01,4.240796971176089003e-01,2.171364753640397660e-01,4.190137176464034385e-01,4.599733977203250834e-01,6.166165919087824854e-01,6.674520128846012090e-01,2.744851966397694465e-01,6.052793244989327359e-01,6.311419686779567995e-01,1.719118935205393439e-01,4.040735782227328765e-01,6.546303263697182961e-01,7.406255073999901128e-02,2.380008340106577747e-01,1.984422347099628614e-01,5.042996252321340078e-01,3.352165142066504955e-01
-3.602008822952190159e-01,-2.429325424829575919e-01,-1.620600642043398265e-01,1.000000000000000000e+00,-1.897202792830394447e-01,-9.760852693889200682e-02,4.146623523216116936e-01,1.557135823422550192e-01,-2.261870445983470979e-01,-2.607173663515122697e-01,-1.863081816848161099e-01,2.013419780226103906e-01,6.486903541694329089e-02,-2.539958412302462665e-01,-5.319652003431143972e-02,-2.116423215232575983e-01,-2.017235470419936061e-01,-1.640499291204463028e-01,-2.166909015529588922e-01,3.113638281811105801e-01,7.270259565271176838e-02,1.651636866597555320e-01,-1.088172376388833601e-01,-1.896731452573801879e-01,-1.844527272641112992e-01,-2.225218766014253613e-01,-1.273529373588038471e-01,-1.089413188452153930e-01,-1.841650969413617389e-01,-2.463681333983589739e-01,-1.290223360266243569e-01,-3.768392018839294977e-02,-2.646779228249556137e-01,-7.965896276574467583e-02,5.498587808866015059e-03,-3.636451100693360861e-02,-1.110171256744961754e-01,-1.273543397250589682e-01,2.901849773182060225e-03
5.131593643633216573e-01,5.434076873169599864e-01,6.979795858372797035e-01,-1.897202792830394447e-01,1.000000000000000000e+00,-2.527144888192753847e-01,3.781963026188332744e-02,-6.402346220963305301e-01,6.943645092853961698e-01,5.351357972696541010e-01,2.320467671790694131e-01,3.727638512545829452e-01,-2.192511999786449228e-01,3.695087311867120694e-01,3.887165573147883801e-01,5.547537456874729322e-01,4.911885047297945457e-03,2.383768090722246658e-01,5.993009645169179445e-01,-1.484530669470121023e-01,3.879931718665119988e-01,2.268181178661165254e-01,3.960710207552275430e-01,3.092223274086676466e-02,3.870099647825656630e-01,2.500039889546461502e-01,3.868173257917033592e-01,3.521717879312197264e-01,9.578950438530081657e-02,5.240437065024265983e-01,3.687317318823960521e-01,-1.802224130755767859e-02,2.932409730283968563e-01,7.216654057546013634e-01,-2.070237957515110305e-01,7.024586232515524220e-02,-4.741460916910029966e-02,5.239067844003616470e-01,5.007081310630209225e-01
-3.794767283517399420e-02,-2.631300674100465753e-01,-2.260660502329082666e-01,-9.760852693889200682e-02,-2.527144888192753847e-01,1.000000000000000000e+00,-1.781329463228990273e-01,2.111933171132686637e-01,-3.442822847499669159e-01,-2.196345127896084659e-01,3.332415257595272018e-01,-4.377369802700621371e-01,-1.578419971054875748e-01,7.815300372713104848e-02,-2.320304449045224870e-01,-4.110251398357452901e-01,5.796124248947577273e-01,1.851956754684070949e-01,-1.735416716114962787e-01,3.942476007770850249e-02,-5.880098542035810949e-01,-3.603789152341850821e-01,5.034734709681067122e-02,6.035304489649552240e-01,1.976971065404572458e-01,1.298146984151845318e-01,4.091850140900790689e-02,-1.494701236867367923e-02,5.215882913662934772e-01,-2.562543821666546373e-01,2.014621258886380509e-02,3.706995970130320117e-01,2.343835591931695550e-01,-3.732094804497857465e-01,5.155450750105990965e-01,-3.813653741458128410e-01,5.693970176244972370e-01,-2.422036008996356904e-01,-3.470956407751205619e-01
-1.020171741321165559e-01,8.951960058444966006e-03,-2.649884278332230100e-02,4.146623523216116936e-01,3.781963026188332744e-02,-1.781329463228990273e-01,1.000000000000000000e+00,5.405466071227366803e-02,-6.766272126785038976e-02,-8.626828437063038812e-02,-2.617945095564249147e-01,-5.482256375627196643e-02,1.331729071082387028e-01,-1.978272686368432176e-01,-1.381516856065842513e-01,-1.446628078620948617e-02,-2.819998921818026583e-01,-1.705578518255366216e-01,-1.611195476827829987e-01,-1.236039235541271653e-01,-8.008919510080828030e-02,3.831126878836832450e-01,-1.273779222534675570e-01,-9.689684057026887176e-02,-1.858342287079165767e-01,-2.483342773972180284e-01,-8.933385835967855293e-02,-2.528884735344495427e-01,-2.762043293496918572e-01,-8.648101080177650335e-02,-1.110868136567330355e-01,-1.762814646362338700e-01,4.318798284492756170e-03,6.454672697401209192e-02,-1.478766726715811941e-01,1.405292943592818533e-01,-2.289620106787401133e-01,-3.837301630526716856e-02,3.719133573984848007e-02
-5.357373719457176886e-01,-4.623664238516717595e-01,-9.133902942587408536e-01,1.557135823422550192e-01,-6.402346220963305301e-01,2.111933171132686637e-01,5.405466071227366803e-02,1.000000000000000000e+00,-6.434960098006637930e-01,-6.199595930455914505e-01,-2.556173410265674129e-01,-3.166395583248826640e-01,5.368302428773534807e-01,-4.770657062095737810e-01,-2.677320448650401530e-01,-6.047572961010897474e-01,-2.123428187569414427e-01,5.689116654573107834e-02,-4.079928620970281750e-01,-2.746382812150908181e-01,-5.918481667562548454e-01,-1.439097738897597567e-01,-4.243748777175925802e-01,-2.376431860567688736e-01,-4.006926340279551302e-01,-5.186096538567046554e-01,-6.457954448793185032e-01,-7.061434714480785413e-01,-3.128104751117469218e-01,-5.978686218630180349e-01,-6.444663759605709918e-01,-2.351848531295343270e-01,-3.750233298386037584e-01,-6.103352200885219236e-01,-1.449939220905895887e-01,-2.399879465732222550e-01,-2.407497679735066398e-01,-4.951552770677622450e-01,-2.844844628237263584e-01
6.006375410236333146e-01,7.024923777232551236e-01,6.786973850129849328e-01,-2.261870445983470979e-01,6.943645092853961698e-01,-3.442822847499669159e-01,-6.766272126785038976e-02,-6.434960098006637930e-01,1.000000000000000000e+00,6.249188178829000462e-01,2.760370477652182575e-01,4.568230679187426646e-01,-3.156630559782862555e-01,4.666198919368600428e-01,4.732239900138990873e-01,6.721382294733344587e-01,1.343625751977700067e-01,1.409780047495242938e-01,5.764460629502423661e-01,-7.745678978893673350e-02,4.505089613368365997e-01,2.404051112937602985e-01,6.199284985461533948e-01,8.720111175543047988e-02,5.197339947565305929e-01,4.439893111897944000e-01,5.809914744955402277e-01,5.286901728195674277e-01,2.066846825707038260e-01,7.091017229100500252e-01,4.736875224010438368e-01,2.283152019620408590e-01,3.089432556516211181e-01,7.333811856946700347e-01,-1.032685738726011743e-01,2.223848688094641479e-01,6.217215582791035117e-02,7.371667273039128609e-01,6.734562143595176353e-01
7.430494159717649927e-01,7.313512681235443402e-01,6.038136417247654819e-01,-2.607173663515122697e-01,5.351357972696541010e-01,-2.196345127896084659e-01,-8.626828437063038812e-02,-6.199595930455914505e-01,6.249188178829000462e-01,1.000000000000000000e+00,3.673837202783247768e-01,3.215676374168381924e-01,-3.480447154990126690e-01,7.015792476079709683e-01,3.358338479998738690e-01,8.534898123565330952e-01,3.075070515565972440e-01,-5.837621110805142621e-02,3.288027256043023483e-01,1.139255998740282966e-01,3.965963745194930334e-01,2.839976809828168025e-01,5.811326813136132863e-01,2.857874125380758801e-01,4.842571619107948200e-01,5.693702945120993064e-01,5.337681068736440659e-01,5.980470541871941714e-01,3.119065536070344535e-01,7.682196489210105783e-01,4.974503666573519278e-01,3.244444359253407240e-01,3.295505703355341987e-01,5.312969274520183971e-01,1.424098581717050949e-01,3.956398417755632169e-01,2.406670035829366061e-01,5.017354556717226188e-01,3.707426487005608950e-01
4.655235578396829665e-01,3.510740219240710558e-01,2.322004806210387073e-01,-1.863081816848161099e-01,2.320467671790694131e-01,3.332415257595272018e-01,-2.617945095564249147e-01,-2.556173410265674129e-01,2.760370477652182575e-01,3.673837202783247768e-01,1.000000000000000000e+00,5.947610453569459471e-02,-3.834909410241619798e-01,5.426422178859849899e-01,1.708408153396526741e-01,2.455792864424399535e-01,6.911384770795685473e-01,1.978920147019497255e-01,1.425943496398807964e-01,4.950175970326980979e-02,-1.997180377106231447e-02,-6.975754364720686274e-02,4.107669075099914524e-01,4.999066599007774281e-01,4.483225034553355859e-01,5.740385018118886462e-01,5.425858042727895736e-01,4.230408562436696607e-01,5.632966135970886024e-01,2.648131056683230011e-01,4.584818273808916600e-01,4.184220112109136580e-01,4.185970153917766279e-01,1.763182125740667683e-01,2.651897537554140372e-01,-5.088557188210517113e-02,4.741642885069583535e-01,3.949440530204010313e-01,2.611811224681788168e-01
1.403864742076401106e-01,3.666052956456989920e-01,3.413693734523624013e-01,2.013419780226103906e-01,3.727638512545829452e-01,-4.377369802700621371e-01,-5.482256375627196643e-02,-3.166395583248826640e-01,4.568230679187426646e-01,3.215676374168381924e-01,5.947610453569459471e-02,1.000000000000000000e+00,-1.886214624757145408e-01,2.035606886562321138e-01,6.984004800788137235e-01,3.845215002391160763e-01,-9.011362942047937419e-02,7.454461908398761494e-02,4.561189228047621835e-01,1.718337834053037250e-01,5.625202040566251727e-01,5.238328740403968009e-01,3.687700700850523039e-01,-1.937822120886433519e-01,5.226761688714979398e-02,1.502261155959959682e-01,2.226023404076953871e-01,2.447452711218928156e-01,-1.370783740229268022e-01,3.443059818014929108e-01,2.187604284870252047e-01,9.453117096121145535e-02,-3.761733741147744309e-02,6.456442233410498721e-01,-1.477107426985193872e-01,2.178926863151466053e-01,-2.134601409816867246e-01,4.324695184344599652e-01,6.604716599072972816e-01
-2.376553928462943610e-01,-1.979995534428935500e-01,-5.158080227456715017e-01,6.486903541694329089e-02,-2.192511999786449228e-01,-1.578419971054875748e-01,1.331729071082387028e-01,5.368302428773534807e-01,-3.156630559782862555e-01,-3.480447154990126690e-01,-3.834909410241619798e-01,-1.886214624757145408e-01,1.000000000000000000e+00,-4.210131393336054573e-01,-2.713334111352476152e-01,-2.618146176709479356e-01,-3.953459570707476556e-01,2.169267408672090336e-02,-1.343924487829524679e-02,-3.272730693072710695e-01,-1.422916409060518694e-01,-6.347055888614212826e-02,-2.844815026386102175e-01,-5.384507365213825336e-01,-3.186628734067347146e-01,-4.995138180492734170e-01,-6.589279983059908030e-01,-6.000990595033038888e-01,-3.900028203275069938e-01,-3.526208758828078826e-01,-8.094719808345539613e-01,-3.144497189757238242e-01,-6.295438681631524425e-01,-4.224731756992612941e-01,-3.154965839870006450e-01,-2.017259364048826220e-01,-4.570152344211322881e-01,-3.184213954882602060e-01,-1.957316233080542700e-01
6.899944944686029480e-01,5.609208288180935753e-01,4.307864123884770358e-01,-2.539958412302462665e-01,3.695087311867120694e-01,7.815300372713104848e-02,-1.978272686368432176e-01,-4.770657062095737810e-01,4.666198919368600428e-01,7.015792476079709683e-01,5.426422178859849899e-01,2.035606886562321138e-01,-4.210131393336054573e-01,1.000000000000000000e+00,3.225226993986762269e-01,6.043054405553108799e-01,5.876418365811723055e-01,6.560651430490713198e-02,2.744685696672157782e-01,7.497185237836244409e-02,2.204611266565507655e-01,1.751018008587233998e-01,5.793473998371316824e-01,5.438954844961010338e-01,4.713268439678222066e-01,7.467571783045452438e-01,6.155445645590449377e-01,6.458335178551102285e-01,5.622345664328334269e-01,6.093325916984898560e-01,5.235329618001415275e-01,5.272483118562111271e-01,3.794451543231686097e-01,3.753523713544003049e-01,4.211720678705939691e-01,2.901276184041203243e-01,5.019456446375029079e-01,5.009449429670068676e-01,3.243974780267195324e-01
2.496368461485042045e-01,4.044384992656196443e-01,2.993322930465456277e-01,-5.319652003431143972e-02,3.887165573147883801e-01,-2.320304449045224870e-01,-1.381516856065842513e-01,-2.677320448650401530e-01,4.732239900138990873e-01,3.358338479998738690e-01,1.708408153396526741e-01,6.984004800788137235e-01,-2.713334111352476152e-01,3.225226993986762269e-01,1.000000000000000000e+00,3.674129487406778694e-01,8.184417075570095401e-02,2.722860695198577874e-01,4.494450737992157219e-01,-4.358760896644395949e-02,3.085592067707305652e-01,4.646417060292681867e-01,4.691220031274159763e-01,5.793921734722818490e-02,1.366785110725303731e-01,3.569634006380137947e-01,2.857819030166042773e-01,3.144990938434216177e-01,3.279348444324540340e-02,3.726198312402864143e-01,3.069388476405262023e-01,1.456955762818775146e-01,2.377684262120113301e-01,6.514016241020353926e-01,-6.691563148448070875e-02,2.294912721571835124e-01,-6.511428548111068693e-02,6.350367925288877835e-01,7.029968650635746164e-01
7.276554149318985587e-01,7.517777318324667668e-01,6.084158879506259554e-01,-2.116423215232575983e-01,5.547537456874729322e-01,-4.110251398357452901e-01,-1.446628078620948617e-02,-6.047572961010897474e-01,6.721382294733344587e-01,8.534898123565330952e-01,2.455792864424399535e-01,3.845215002391160763e-01,-2.618146176709479356e-01,6.043054405553108799e-01,3.674129487406778694e-01,1.000000000000000000e+00,9.843864873892342604e-02,-2.331146960091491985e-02,3.210073940066185960e-01,5.441531663275223085e-02,4.911615786176302678e-01,3.158215160786644882e-01,5.365287757347466657e-01,1.264022740889038654e-01,4.440942008716228240e-01,4.545701507660517282e-01,4.564449523419875088e-01,5.443173912297368799e-01,1.345896015738976270e-01,7.991995735340008400e-01,4.409735443322465032e-01,1.105095328444855030e-01,2.802974394048228235e-01,5.867854007567419039e-01,-6.072668139772310902e-02,4.980333116974877683e-01,4.743443166955990664e-02,5.348834384332372682e-01,4.431944567075354335e-01
4.539977489449373294e-01,2.103616226321129989e-01,1.556477171951317628e-01,-2.017235470419936061e-01,4.911885047297945457e-03,5.796124248947577273e-01,-2.819998921818026583e-01,-2.123428187569414427e-01,1.343625751977700067e-01,3.075070515565972440e-01,6.911384770795685473e-01,-9.011362942047937419e-02,-3.953459570707476556e-01,5.876418365811723055e-01,8.184417075570095401e-02,9.843864873892342604e-02,1.000000000000000000e+00,1.352784202963779325e-01,7.523547312667622222e-02,1.559256576542516759e-01,-1.836542958935728498e-01,-9.581107287701651209e-02,4.581989183818914180e-01,6.950114685272901216e-01,4.052792931251394393e-01,6.793381484881398924e-01,5.131574784242891596e-01,4.641522885372952878e-01,7.946938097948997859e-01,1.983038866112994403e-01,3.408417629596596776e-01,7.170773374206835804e-01,3.398989274358915069e-01,-1.883396600447573982e-02,6.372539624918702739e-01,-9.646034297601668861e-02,7.140791743094055954e-01,2.744570724142948448e-01,1.383648014793836638e-02
1.192281608909253193e-01,1.523752752991756054e-01,2.815759519537464062e-02,-1.640499291204463028e-01,2.383768090722246658e-01,1.851956754684070949e-01,-1.705578518255366216e-01,5.689116654573107834e-02,1.409780047495242938e-01,-5.837621110805142621e-02,1.978920147019497255e-01,7.454461908398761494e-02,2.169267408672090336e-02,6.560651430490713198e-02,2.722860695198577874e-01,-2.331146960091491985e-02,1.352784202963779325e-01,1.000000000000000000e+00,4.206792960375762558e-01,-1.873158062174348493e-01,-2.606805944492845417e-01,-1.838175199324018280e-02,1.550218447015488665e-01,2.414192417239957034e-01,2.155898512556380653e-01,1.002505192887766933e-01,-5.053720621399586388e-02,9.778515967027896500e-05,2.221464523709374139e-01,7.615259015178937885e-02,-4.756006054129033322e-02,-8.308568904160258672e-02,1.895098072371889097e-01,6.061491381032806797e-02,-5.080460968111481790e-02,3.256591088218433599e-02,1.383823321496774894e-01,1.820281509511950668e-01,2.713904373205825449e-01
3.095185497685652432e-01,3.987657551931342859e-01,4.578041388380857390e-01,-2.166909015529588922e-01,5.993009645169179445e-01,-1.735416716114962787e-01,-1.611195476827829987e-01,-4.079928620970281750e-01,5.764460629502423661e-01,3.288027256043023483e-01,1.425943496398807964e-01,4.561189228047621835e-01,-1.343924487829524679e-02,2.744685696672157782e-01,4.494450737992157219e-01,3.210073940066185960e-01,7.523547312667622222e-02,4.206792960375762558e-01,1.000000000000000000e+00,-7.660538042386462465e-02,2.939795321357354108e-01,1.967730026861362613e-01,4.300401617113833175e-01,-2.297883532203091623e-03,2.818047425427855357e-01,2.647608266065884508e-01,2.648951106378957809e-01,2.901216181625660417e-01,1.679405532729452977e-01,3.433391784746462339e-01,1.142779069397791974e-01,1.767233498715490014e-01,3.425832350457520825e-02,4.615167816878479323e-01,-3.466134317762530753e-02,4.417529353047293383e-02,2.865867188330994270e-02,4.464564690702222949e-01,5.230961044625214162e-01
-5.958448960283328072e-02,-1.032891733502014076e-01,2.367794736950782075e-01,3.113638281811105801e-01,-1.484530669470121023e-01,3.942476007770850249e-02,-1.236039235541271653e-01,-2.746382812150908181e-01,-7.745678978893673350e-02,1.139255998740282966e-01,4.950175970326980979e-02,1.718337834053037250e-01,-3.272730693072710695e-01,7.497185237836244409e-02,-4.358760896644395949e-02,5.441531663275223085e-02,1.559256576542516759e-01,-1.873158062174348493e-01,-7.660538042386462465e-02,1.000000000000000000e+00,2.802201921030975651e-01,2.208138085738730466e-02,4.995372644721829403e-02,1.432502490698080999e-01,2.355397042033031962e-02,2.300455437925432722e-01,1.950531372850539680e-01,4.241688289609399920e-01,2.501749070721988599e-01,7.150128770929571609e-02,2.563079754620501971e-01,2.622680398820555481e-01,-4.097450120456314765e-02,-8.014623695467631981e-02,3.872532766543938521e-01,9.133741636112421847e-02,3.275016379243027020e-01,-8.915659904962573712e-02,-1.889299664917233890e-01
2.294967657683190110e-01,2.921902122808121005e-01,5.726159029645101484e-01,7.270259565271176838e-02,3.879931718665119988e-01,-5.880098542035810949e-01,-8.008919510080828030e-02,-5.918481667562548454e-01,4.505089613368365997e-01,3.965963745194930334e-01,-1.997180377106231447e-02,5.625202040566251727e-01,-1.422916409060518694e-01,2.204611266565507655e-01,3.085592067707305652e-01,4.911615786176302678e-01,-1.836542958935728498e-01,-2.606805944492845417e-01,2.939795321357354108e-01,2.802201921030975651e-01,1.000000000000000000e+00,2.637614449838859287e-01,1.991941087910227559e-01,-3.104642700133452560e-01,1.116125005471276140e-02,1.868688337795363363e-01,2.694262507292094488e-01,4.179144250493518897e-01,-1.211451190370144287e-01,3.991603551359785840e-01,3.188909687572568097e-01,-2.198569395573565267e-03,-4.243158030039791834e-02,5.191794407514642717e-01,-1.234703764092758144e-01,2.416889881623951464e-01,-2.214163451180671816e-01,3.719534099233890445e-01,3.346261403605400586e-01
1.681538526291477542e-01,3.373923757260660072e-01,1.721467382768187837e-01,1.651636866597555320e-01,2.268181178661165254e-01,-3.603789152341850821e-01,3.831126878836832450e-01,-1.439097738897597567e-01,2.404051112937602985e-01,2.839976809828168025e-01,-6.975754364720686274e-02,5.238328740403968009e-01,-6.347055888614212826e-02,1.751018008587233998e-01,4.646417060292681867e-01,3.158215160786644882e-01,-9.581107287701651209e-02,-1.838175199324018280e-02,1.967730026861362613e-01,2.208138085738730466e-02,2.637614449838859287e-01,1.000000000000000000e+00,2.269673876856175276e-01,-5.073227035186262529e-02,-7.220873089640121589e-02,6.400454358403513677e-02,1.327257692577607229e-01,-3.093033472222283219e-03,-1.705777885375231451e-01,2.362085645837041226e-01,1.209182136338395191e-01,6.406736620154088180e-02,1.581389224799683857e-01,4.535828806941872848e-01,-9.818193871312320964e-02,2.914289096815528279e-01,-1.677789199132676823e-01,2.975443349366898027e-01,4.725421364643174194e-01
6.398180352582367725e-01,6.723038907080987059e-01,4.240796971176089003e-01,-1.088172376388833601e-01,3.960710207552275430e-01,5.034734709681067122e-02,-1.273779222534675570e-01,-4.243748777175925802e-01,6.199284985461533948e-01,5.811326813136132863e-01,4.107669075099914524e-01,3.687700700850523039e-01,-2.844815026386102175e-01,5.793473998371316824e-01,4.691220031274159763e-01,5.365287757347466657e-01,4.581989183818914180e-01,1.550218447015488665e-01,4.300401617113833175e-01,4.995372644721829403e-02,1.991941087910227559e-01,2.269673876856175276e-01,1.000000000000000000e+00,3.854895695522708721e-01,7.203867810563574503e-01,5.764565180689432689e-01,5.346391625300285222e-01,5.221804978947635067e-01,4.830758946189376846e-01,6.332942801129080035e-01,3.695131153798594803e-01,5.501564339745247390e-01,2.644054021544030575e-01,4.709879591468528193e-01,2.511471495649791330e-01,1.052161250466855380e-01,3.422547025948186605e-01,6.423764504491934479e-01,5.473804472131540422e-01
3.725146212016121061e-01,1.999099670988383481e-01,2.171364753640397660e-01,-1.896731452573801879e-01,3.092223274086676466e-02,6.035304489649552240e-01,-9.689684057026887176e-02,-2.376431860567688736e-01,8.720111175543047988e-02,2.857874125380758801e-01,4.999066599007774281e-01,-1.937822120886433519e-01,-5.384507365213825336e-01,5.438954844961010338e-01,5.793921734722818490e-02,1.264022740889038654e-01,6.950114685272901216e-01,2.414192417239957034e-01,-2.297883532203091623e-03,1.432502490698080999e-01,-3.104642700133452560e-01,-5.073227035186262529e-02,3.854895695522708721e-01,1.000000000000000000e+00,5.063803968859649229e-01,5.604158535747153502e-01,5.163937055516545360e-01,4.412606207481578613e-01,6.822348580343009505e-01,2.724961247396536224e-01,4.899190878191145848e-01,5.036533975452174294e-01,5.871422388821493366e-01,1.729212355739177115e-02,5.956878312487497995e-01,1.153548212930260580e-01,7.536322126438981250e-01,1.738456656900296549e-01,-6.388620507598185942e-03
5.743745275234581893e-01,5.711877987409723634e-01,4.190137176464034385e-01,-1.844527272641112992e-01,3.870099647825656630e-01,1.976971065404572458e-01,-1.858342287079165767e-01,-4.006926340279551302e-01,5.197339947565305929e-01,4.842571619107948200e-01,4.483225034553355859e-01,5.226761688714979398e-02,-3.186628734067347146e-01,4.713268439678222066e-01,1.366785110725303731e-01,4.440942008716228240e-01,4.052792931251394393e-01,2.155898512556380653e-01,2.818047425427855357e-01,2.355397042033031962e-02,1.116125005471276140e-02,-7.220873089640121589e-02,7.203867810563574503e-01,5.063803968859649229e-01,1.000000000000000000e+00,4.113361653323841516e-01,5.112771139662379838e-01,4.789479698442249966e-01,4.917030456074752975e-01,5.437924526457441621e-01,4.265246314704522757e-01,3.378456329789468193e-01,3.627782676274021734e-01,3.047143623932615508e-01,1.970415282571924831e-01,4.550226006857809730e-02,4.518547137299203653e-01,3.904673257461693248e-01,3.058220121798712055e-01
6.190218561498171956e-01,4.911987381872492953e-01,4.599733977203250834e-01,-2.225218766014253613e-01,2.500039889546461502e-01,1.298146984151845318e-01,-2.483342773972180284e-01,-5.186096538567046554e-01,4.439893111897944000e-01,5.693702945120993064e-01,5.740385018118886462e-01,1.502261155959959682e-01,-4.995138180492734170e-01,7.467571783045452438e-01,3.569634006380137947e-01,4.545701507660517282e-01,6.793381484881398924e-01,1.002505192887766933e-01,2.647608266065884508e-01,2.300455437925432722e-01,1.868688337795363363e-01,6.400454358403513677e-02,5.764565180689432689e-01,5.604158535747153502e-01,4.113361653323841516e-01,1.000000000000000000e+00,7.205438508380627161e-01,7.458861806420110652e-01,7.050852249559192986e-01,5.180027919263395786e-01,5.555010546723547771e-01,6.235855347658079140e-01,3.799702759387082462e-01,2.837278022621513296e-01,5.250095000304577653e-01,2.216198727259757750e-01,5.951636474434711666e-01,6.274975844126945423e-01,3.024216092041206450e-01
5.410099842997669883e-01,4.858334119069280810e-01,6.166165919087824854e-01,-1.273529373588038471e-01,3.868173257917033592e-01,4.091850140900790689e-02,-8.933385835967855293e-02,-6.457954448793185032e-01,5.809914744955402277e-01,5.337681068736440659e-01,5.425858042727895736e-01,2.226023404076953871e-01,-6.589279983059908030e-01,6.155445645590449377e-01,2.857819030166042773e-01,4.564449523419875088e-01,5.131574784242891596e-01,-5.053720621399586388e-02,2.648951106378957809e-01,1.950531372850539680e-01,2.694262507292094488e-01,1.327257692577607229e-01,5.346391625300285222e-01,5.163937055516545360e-01,5.112771139662379838e-01,7.205438508380627161e-01,1.000000000000000000e+00,7.175013157796893415e-01,5.355242700901616804e-01,5.089967102316880210e-01,7.602609244809451772e-01,5.157769498052547918e-01,5.353570164378628204e-01,4.790262862843456260e-01,3.626586597442493787e-01,1.435126185230126694e-01,5.106410028749122088e-01,5.928685004431027972e-01,3.855612177584942235e-01
5.336715187474946331e-01,4.325207156849222856e-01,6.674520128846012090e-01,-1.089413188452153930e-01,3.521717879312197264e-01,-1.494701236867367923e-02,-2.528884735344495427e-01,-7.061434714480785413e-01,5.286901728195674277e-01,5.980470541871941714e-01,4.230408562436696607e-01,2.447452711218928156e-01,-6.000990595033038888e-01,6.458335178551102285e-01,3.144990938434216177e-01,5.443173912297368799e-01,4.641522885372952878e-01,9.778515967027896500e-05,2.901216181625660417e-01,4.241688289609399920e-01,4.179144250493518897e-01,-3.093033472222283219e-03,5.221804978947635067e-01,4.412606207481578613e-01,4.789479698442249966e-01,7.458861806420110652e-01,7.175013157796893415e-01,1.000000000000000000e+00,5.614699606244594188e-01,6.113910010102497905e-01,6.961401377535322288e-01,4.792268859714894913e-01,3.835999126437732998e-01,4.171465980178732935e-01,4.467502790350341701e-01,2.750162279389817277e-01,5.346059489071049997e-01,5.213723488704360420e-01,2.471829841329244992e-01
4.756554835668537762e-01,2.722606141313820838e-01,2.744851966397694465e-01,-1.841650969413617389e-01,9.578950438530081657e-02,5.215882913662934772e-01,-2.762043293496918572e-01,-3.128104751117469218e-01,2.066846825707038260e-01,3.119065536070344535e-01,5.632966135970886024e-01,-1.370783740229268022e-01,-3.900028203275069938e-01,5.622345664328334269e-01,3.279348444324540340e-02,1.345896015738976270e-01,7.946938097948997859e-01,2.221464523709374139e-01,1.679405532729452977e-01,2.501749070721988599e-01,-1.211451190370144287e-01,-1.705777885375231451e-01,4.830758946189376846e-01,6.822348580343009505e-01,4.917030456074752975e-01,7.050852249559192986e-01,5.355242700901616804e-01,5.614699606244594188e-01,1.000000000000000000e+00,2.580523009337465368e-01,3.886024971143280382e-01,7.356316252043985093e-01,3.613007448728118298e-01,-2.319914495368915683e-02,7.168747664093485517e-01,-9.309670542923313696e-02,8.172651437512583605e-01,3.419099389813042289e-01,3.685046772411153249e-02
7.192657262845929544e-01,7.115229373427978121e-01,6.052793244989327359e-01,-2.463681333983589739e-01,5.240437065024265983e-01,-2.562543821666546373e-01,-8.648101080177650335e-02,-5.978686218630180349e-01,7.091017229100500252e-01,7.682196489210105783e-01,2.648131056683230011e-01,3.443059818014929108e-01,-3.526208758828078826e-01,6.093325916984898560e-01,3.726198312402864143e-01,7.991995735340008400e-01,1.983038866112994403e-01,7.615259015178937885e-02,3.433391784746462339e-01,7.150128770929571609e-02,3.991603551359785840e-01,2.362085645837041226e-01,6.332942801129080035e-01,2.724961247396536224e-01,5.437924526457441621e-01,5.180027919263395786e-01,5.089967102316880210e-01,6.113910010102497905e-01,2.580523009337465368e-01,1.000000000000000000e+00,4.995264873606838907e-01,2.398066199827587064e-01,3.765713652892502816e-01,5.988105600351252278e-01,7.285899139339196973e-02,4.369100384848590979e-01,2.069208733330078764e-01,5.707345029034720518e-01,4.612613697065369722e-01
3.915296523394631301e-01,3.703010684835425503e-01,6.311419686779567995e-01,-1.290223360266243569e-01,3.687317318823960521e-01,2.014621258886380509e-02,-1.110868136567330355e-01,-6.444663759605709918e-01,4.736875224010438368e-01,4.974503666573519278e-01,4.584818273808916600e-01,2.187604284870252047e-01,-8.094719808345539613e-01,5.235329618001415275e-01,3.069388476405262023e-01,4.409735443322465032e-01,3.408417629596596776e-01,-4.756006054129033322e-02,1.142779069397791974e-01,2.563079754620501971e-01,3.188909687572568097e-01,1.209182136338395191e-01,3.695131153798594803e-01,4.899190878191145848e-01,4.265246314704522757e-01,5.555010546723547771e-01,7.602609244809451772e-01,6.961401377535322288e-01,3.886024971143280382e-01,4.995264873606838907e-01,1.000000000000000000e+00,3.004775796408309385e-01,7.027370186473769209e-01,5.394816399727809797e-01,2.756742280686230173e-01,2.454975930155605945e-01,4.574271235338306374e-01,4.623041629528127361e-01,3.273895409438415394e-01
3.527187008468348761e-01,2.471288884166806255e-01,1.719118935205393439e-01,-3.768392018839294977e-02,-1.802224130755767859e-02,3.706995970130320117e-01,-1.762814646362338700e-01,-2.351848531295343270e-01,2.283152019620408590e-01,3.244444359253407240e-01,4.184220112109136580e-01,9.453117096121145535e-02,-3.144497189757238242e-01,5.272483118562111271e-01,1.456955762818775146e-01,1.105095328444855030e-01,7.170773374206835804e-01,-8.308568904160258672e-02,1.767233498715490014e-01,2.622680398820555481e-01,-2.198569395573565267e-03,6.406736620154088180e-02,5.501564339745247390e-01,5.036533975452174294e-01,3.378456329789468193e-01,6.235855347658079140e-01,5.157769498052547918e-01,4.792268859714894913e-01,7.356316252043985093e-01,2.398066199827587064e-01,3.004775796408309385e-01,1.000000000000000000e+00,1.685606044753585886e-01,5.365329976540915424e-02,7.316854904138957449e-01,-1.175062702930387420e-01,6.802502740885890686e-01,3.488228608257082364e-01,1.469276295751928418e-01
3.959599124834514150e-01,3.069626135501170583e-01,4.040735782227328765e-01,-2.646779228249556137e-01,2.932409730283968563e-01,2.343835591931695550e-01,4.318798284492756170e-03,-3.750233298386037584e-01,3.089432556516211181e-01,3.295505703355341987e-01,4.185970153917766279e-01,-3.761733741147744309e-02,-6.295438681631524425e-01,3.794451543231686097e-01,2.377684262120113301e-01,2.802974394048228235e-01,3.398989274358915069e-01,1.895098072371889097e-01,3.425832350457520825e-02,-4.097450120456314765e-02,-4.243158030039791834e-02,1.581389224799683857e-01,2.644054021544030575e-01,5.871422388821493366e-01,3.627782676274021734e-01,3.799702759387082462e-01,5.353570164378628204e-01,3.835999126437732998e-01,3.613007448728118298e-01,3.765713652892502816e-01,7.027370186473769209e-01,1.685606044753585886e-01,1.000000000000000000e+00,3.844386827944332730e-01,1.890631146408700003e-01,1.580423649137200626e-01,4.141690711552194482e-01,3.402356294184204488e-01,2.464833050720646179e-01
4.248672546882615864e-01,5.496291052925561527e-01,6.546303263697182961e-01,-7.965896276574467583e-02,7.216654057546013634e-01,-3.732094804497857465e-01,6.454672697401209192e-02,-6.103352200885219236e-01,7.333811856946700347e-01,5.312969274520183971e-01,1.763182125740667683e-01,6.456442233410498721e-01,-4.224731756992612941e-01,3.753523713544003049e-01,6.514016241020353926e-01,5.867854007567419039e-01,-1.883396600447573982e-02,6.061491381032806797e-02,4.615167816878479323e-01,-8.014623695467631981e-02,5.191794407514642717e-01,4.535828806941872848e-01,4.709879591468528193e-01,1.729212355739177115e-02,3.047143623932615508e-01,2.837278022621513296e-01,4.790262862843456260e-01,4.171465980178732935e-01,-2.319914495368915683e-02,5.988105600351252278e-01,5.394816399727809797e-01,5.365329976540915424e-02,3.844386827944332730e-01,1.000000000000000000e+00,-1.855550642004785422e-01,2.446346526701422830e-01,-1.021354280446838958e-01,6.300669914232839286e-01,6.972163804133406639e-01
1.597237367485488668e-01,-3.055939580829724472e-02,7.406255073999901128e-02,5.498587808866015059e-03,-2.070237957515110305e-01,5.155450750105990965e-01,-1.478766726715811941e-01,-1.449939220905895887e-01,-1.032685738726011743e-01,1.424098581717050949e-01,2.651897537554140372e-01,-1.477107426985193872e-01,-3.154965839870006450e-01,4.211720678705939691e-01,-6.691563148448070875e-02,-6.072668139772310902e-02,6.372539624918702739e-01,-5.080460968111481790e-02,-3.466134317762530753e-02,3.872532766543938521e-01,-1.234703764092758144e-01,-9.818193871312320964e-02,2.511471495649791330e-01,5.956878312487497995e-01,1.970415282571924831e-01,5.250095000304577653e-01,3.626586597442493787e-01,4.467502790350341701e-01,7.168747664093485517e-01,7.285899139339196973e-02,2.756742280686230173e-01,7.316854904138957449e-01,1.890631146408700003e-01,-1.855550642004785422e-01,1.000000000000000000e+00,-4.945239727679749675e-02,8.051868674719484531e-01,4.495279713209621164e-02,-2.080569858684939433e-01
2.123846787199627772e-01,2.929591253921304816e-01,2.380008340106577747e-01,-3.636451100693360861e-02,7.024586232515524220e-02,-3.813653741458128410e-01,1.405292943592818533e-01,-2.399879465732222550e-01,2.223848688094641479e-01,3.956398417755632169e-01,-5.088557188210517113e-02,2.178926863151466053e-01,-2.017259364048826220e-01,2.901276184041203243e-01,2.294912721571835124e-01,4.980333116974877683e-01,-9.646034297601668861e-02,3.256591088218433599e-02,4.417529353047293383e-02,9.133741636112421847e-02,2.416889881623951464e-01,2.914289096815528279e-01,1.052161250466855380e-01,1.153548212930260580e-01,4.550226006857809730e-02,2.216198727259757750e-01,1.435126185230126694e-01,2.750162279389817277e-01,-9.309670542923313696e-02,4.369100384848590979e-01,2.454975930155605945e-01,-1.175062702930387420e-01,1.580423649137200626e-01,2.446346526701422830e-01,-4.945239727679749675e-02,1.000000000000000000e+00,-2.016427991754410690e-02,1.994072260947396258e-01,2.358495687425478382e-01
3.151169260251174831e-01,1.127238570068250650e-01,1.984422347099628614e-01,-1.110171256744961754e-01,-4.741460916910029966e-02,5.693970176244972370e-01,-2.289620106787401133e-01,-2.407497679735066398e-01,6.217215582791035117e-02,2.406670035829366061e-01,4.741642885069583535e-01,-2.134601409816867246e-01,-4.570152344211322881e-01,5.019456446375029079e-01,-6.511428548111068693e-02,4.743443166955990664e-02,7.140791743094055954e-01,1.383823321496774894e-01,2.865867188330994270e-02,3.275016379243027020e-01,-2.214163451180671816e-01,-1.677789199132676823e-01,3.422547025948186605e-01,7.536322126438981250e-01,4.518547137299203653e-01,5.951636474434711666e-01,5.106410028749122088e-01,5.346059489071049997e-01,8.172651437512583605e-01,2.069208733330078764e-01,4.574271235338306374e-01,6.802502740885890686e-01,4.141690711552194482e-01,-1.021354280446838958e-01,8.051868674719484531e-01,-2.016427991754410690e-02,1.000000000000000000e+00,1.358870818681244819e-01,-1.037189505147827762e-01
5.551241649060227878e-01,6.629885109279355371e-01,5.042996252321340078e-01,-1.273543397250589682e-01,5.239067844003616470e-01,-2.422036008996356904e-01,-3.837301630526716856e-02,-4.951552770677622450e-01,7.371667273039128609e-01,5.017354556717226188e-01,3.949440530204010313e-01,4.324695184344599652e-01,-3.184213954882602060e-01,5.009449429670068676e-01,6.350367925288877835e-01,5.348834384332372682e-01,2.744570724142948448e-01,1.820281509511950668e-01,4.464564690702222949e-01,-8.915659904962573712e-02,3.719534099233890445e-01,2.975443349366898027e-01,6.423764504491934479e-01,1.738456656900296549e-01,3.904673257461693248e-01,6.274975844126945423e-01,5.928685004431027972e-01,5.213723488704360420e-01,3.419099389813042289e-01,5.707345029034720518e-01,4.623041629528127361e-01,3.488228608257082364e-01,3.402356294184204488e-01,6.300669914232839286e-01,4.495279713209621164e-02,1.994072260947396258e-01,1.358870818681244819e-01,1.000000000000000000e+00,7.498755582193263880e-01
3.453700252933646908e-01,6.216785240280890967e-01,3.352165142066504955e-01,2.901849773182060225e-03,5.007081310630209225e-01,-3.470956407751205619e-01,3.719133573984848007e-02,-2.844844628237263584e-01,6.734562143595176353e-01,3.707426487005608950e-01,2.611811224681788168e-01,6.604716599072972816e-01,-1.957316233080542700e-01,3.243974780267195324e-01,7.029968650635746164e-01,4.431944567075354335e-01,1.383648014793836638e-02,2.713904373205825449e-01,5.230961044625214162e-01,-1.889299664917233890e-01,3.346261403605400586e-01,4.725421364643174194e-01,5.473804472131540422e-01,-6.388620507598185942e-03,3.058220121798712055e-01,3.024216092041206450e-01,3.855612177584942235e-01,2.471829841329244992e-01,3.685046772411153249e-02,4.612613697065369722e-01,3.273895409438415394e-01,1.469276295751928418e-01,2.464833050720646179e-01,6.972163804133406639e-01,-2.080569858684939433e-01,2.358495687425478382e-01,-1.037189505147827762e-01,7.498755582193263880e-01,1.000000000000000000e+00
