1.000000000000000000e+00,4.324908811038125633e-01,3.102845513104744990e-01,-1.977990603206657705e-01,5.540720450898319882e-01,8.181245342799875475e-02,-7.539494296586751743e-02,-2.359404050742356096e-01,3.900048857075543163e-01,4.422215560057886630e-01,1.629202301898141081e-01,-1.083629236225397835e-01,-1.494875227145680274e-01,4.327344245192784600e-01,-7.956863389591187219e-02,5.516571113759793921e-01,2.970666372696250113e-01,-3.395488986590697311e-02,2.766332485074527447e-01,6.808514124630724029e-02,-5.456966933986991813e-02,3.484319365301689897e-02,3.998262779822387980e-01,5.924776484811757893e-01,4.381137521552539438e-01,8.253697119108714952e-01,3.985632896374474710e-01,5.522380993928944770e-01,5.031396241519778822e-01,6.106060070503269710e-01,2.233966649182403397e-01,1.743335757146794729e-01,4.945409969348810164e-01,2.927116872615693199e-01,3.489612308976866029e-01,4.748138442172517570e-01,3.826884992368531080e-01,3.325777402272389605e-01,2.458726802426042593e-02
4.324908811038125633e-01,1.000000000000000000e+00,3.214956504069789167e-01,2.083642546489576641e-01,4.919651488860163902e-01,-4.951252154737770250e-02,1.014287979198936346e-01,-2.976553467126444863e-01,7.038654400053248050e-01,4.368161291618500308e-01,3.849600796805247027e-02,-1.533958122430028048e-01,3.516912783562994860e-02,3.090686618909671557e-01,-1.596706206676213879e-01,4.553265551746026318e-01,1.803469044276554689e-01,9.696014045999135078e-02,4.173139210325728099e-01,-7.021744453690173526e-02,5.545553614491772337e-02,1.486723677220348205e-01,4.377074424010684028e-01,5.463934044781674215e-01,3.704825894564697797e-01,3.286709293412364286e-01,5.299738994385346791e-01,-1.216243064673908914e-01,2.346620057856703134e-01,5.344464262348533889e-01,3.957443175894549969e-01,1.754790143913899092e-01,9.914818590717976166e-02,1.574533237740059488e-01,2.536062842732084155e-01,3.082619577424343116e-01,6.829056467747930681e-02,2.970130690735072743e-01,5.325980256714488714e-01
3.102845513104744990e-01,3.214956504069789167e-01,1.000000000000000000e+00,2.354418041104675563e-01,6.440236616693729710e-01,-4.467227527707200441e-01,3.460295092869040134e-01,-9.188368402879273367e-01,4.791915815196838291e-01,3.267896969971216259e-01,-3.342176754949857109e-01,-3.598131799479431514e-01,2.521795431451522296e-01,-2.466565149064301604e-02,-4.355850321959298110e-01,2.992885841514063006e-01,-2.460362240768351749e-01,5.031481665773570588e-01,7.152583347092140720e-01,-4.844157393651052357e-01,5.486102437604208903e-01,5.629692314833646405e-01,7.471746733856975131e-02,2.437767499656557368e-01,7.215773957069351874e-02,3.746093823307427018e-01,1.512146323915246060e-01,1.232291744230393400e-02,-1.466011004944215157e-01,5.297052133730315582e-01,9.625985240103594742e-02,-3.202514066977890095e-01,1.322856019081378454e-01,-2.323684392104604646e-01,-2.144411137001325240e-01,1.690692014806860488e-01,-2.649073921513233620e-01,8.457901917661462751e-03,4.531996830617144867e-01
-1.977990603206657705e-01,2.083642546489576641e-01,2.354418041104675563e-01,1.000000000000000000e+00,-6.644796201657285351e-02,-5.946769208726336853e-01,4.994163312108285679e-01,-2.808694432063799096e-01,2.275178564657331093e-01,1.014244726885353554e-01,-4.650368919045457794e-01,-2.864116690030293344e-01,3.627469037646456895e-01,-4.126942778134453649e-01,-6.371178531781028775e-01,-4.026830819483034896e-02,-4.018459877137200986e-01,6.120281713152939673e-01,4.104289831685593581e-01,-5.562637195851543037e-01,5.642068092134945312e-01,5.652844495200368691e-01,-2.767571226054817424e-01,-1.001208656306131345e-01,-3.238033153345677428e-01,-2.844307590915979289e-01,-1.727910024871168460e-01,-6.677094921546860018e-01,-5.314262780407394970e-01,1.241042279851295310e-01,-3.010338581288400372e-01,-4.553933999034794344e-01,-4.869775431301213153e-01,-5.552593299855647091e-01,-4.379272407079582430e-01,-8.237814767731727050e-02,-6.139222124945340475e-01,-1.613717180183219524e-01,5.591090635072797355e-01
5.540720450898319882e-01,4.919651488860163902e-01,6.440236616693729710e-01,-6.644796201657285351e-02,1.000000000000000000e+00,1.390967005759093794e-02,7.215220523746770920e-02,-5.824398706119369162e-01,6.182520053930334880e-01,5.226249378256416778e-01,1.556406160684514206e-01,-2.064599346968197247e-01,-1.941995269221396814e-01,4.429144613993779012e-01,-7.083057668800166184e-02,6.191797056594664506e-01,2.379834750515744390e-01,3.529313522650484591e-02,4.838401419391503144e-01,-6.004239890462040319e-02,4.280329930005538630e-02,1.468020341013546726e-01,4.078509568314350187e-01,4.532101292753415445e-01,3.577178031508177480e-01,6.581395762834985064e-01,4.916982218448058828e-01,2.893303435808067259e-01,3.751173807083210687e-01,6.680152566686700100e-01,4.069011746502259053e-01,1.665728267635106785e-01,3.942793999436617347e-01,2.776666187975985189e-01,1.945988925647307299e-01,4.457648983526829589e-01,2.429548916109116052e-01,2.853176801058737722e-01,2.521813726116105547e-01
8.181245342799875475e-02,-4.951252154737770250e-02,-4.467227527707200441e-01,-5.946769208726336853e-01,1.390967005759093794e-02,1.000000000000000000e+00,-5.911805882322297423e-01,5.176315801722954912e-01,-3.386466761236692907e-02,-4.029143084978564771e-02,8.143244258907146316e-01,4.284294940285846010e-01,-4.536771859555983610e-01,7.019586222219109661e-01,7.419801933096338287e-01,1.224279056306450814e-01,7.736103458476710770e-01,-8.024223447176340729e-01,-5.176258494979204539e-01,8.739862737817514216e-01,-8.888323521452798914e-01,-8.110171623830756404e-01,5.912400028611258795e-01,1.529411358595266501e-01,5.500564795007796270e-01,1.480289825099452283e-01,3.786045422795348836e-01,4.809654822338871316e-01,7.034537074873334905e-01,-2.265385446101630951e-01,6.030285994784457815e-01,7.989052410284216421e-01,5.726737703272831714e-01,8.435629146862644312e-01,6.916837919565023141e-01,1.479350939337007453e-01,8.068653469513831222e-01,5.075717410496739523e-01,-3.691076464063672846e-01
-7.539494296586751743e-02,1.014287979198936346e-01,3.460295092869040134e-01,4.994163312108285679e-01,7.215220523746770920e-02,-5.911805882322297423e-01,1.000000000000000000e+00,-3.859323049775865155e-01,6.538848323861978784e-02,1.517638460177683779e-01,-5.241538931780276300e-01,-5.449066522251496680e-01,3.503164061312893374e-01,-4.244278471440073308e-01,-5.338380093625714196e-01,1.690647225915146296e-02,-4.772052788445491078e-01,5.754967700850762702e-01,4.428545590498166873e-01,-6.084357208785002857e-01,5.827187779790037325e-01,5.614815642740954571e-01,-3.472256882994531058e-01,-7.109704276738321171e-02,-3.557626455696507040e-01,-5.692035103286050002e-02,-1.253045524776763286e-01,-3.691831296095537396e-01,-4.311466058437008475e-01,1.804297931421955936e-01,-2.894836892943486450e-01,-4.980278830361733466e-01,-4.405015308411842079e-01,-5.617108745175610762e-01,-4.767228306654336389e-01,-2.876598657111265056e-02,-5.246705565290026296e-01,-2.558747491849094891e-01,3.450320814721796192e-01
-2.359404050742356096e-01,-2.976553467126444863e-01,-9.188368402879273367e-01,-2.808694432063799096e-01,-5.824398706119369162e-01,5.176315801722954912e-01,-3.859323049775865155e-01,1.000000000000000000e+00,-4.412440590373742366e-01,-2.778980934001656355e-01,3.999774682819439708e-01,3.664859555163986760e-01,-2.775978969741577651e-01,1.214441171582766460e-01,4.691555934183826992e-01,-2.285482994143683555e-01,3.313252754093270469e-01,-5.541498376001002812e-01,-7.021516953927345872e-01,5.494551686391493384e-01,-6.040282433733772383e-01,-6.043274340544243506e-01,-3.797731142485152086e-03,-1.832044211249793941e-01,-1.188361836168228339e-02,-2.793273849149717769e-01,-7.995555687928616873e-02,7.498233820253244475e-02,2.449892595863295275e-01,-4.808834782530331253e-01,-3.581108968440894352e-02,4.048478810636678138e-01,-3.315982464710082178e-02,3.137248714200277511e-01,3.051375977868890921e-01,-9.070408600507810781e-02,3.610102466694088963e-01,6.758799105837635934e-02,-4.637116252761716573e-01
3.900048857075543163e-01,7.038654400053248050e-01,4.791915815196838291e-01,2.275178564657331093e-01,6.182520053930334880e-01,-3.386466761236692907e-02,6.538848323861978784e-02,-4.412440590373742366e-01,1.000000000000000000e+00,4.105344390716642589e-01,6.808685599408809130e-02,-1.494177402938270394e-01,2.812283014345344154e-02,3.962791267957715968e-01,-2.525141309976751125e-01,4.573632799926491965e-01,2.192447090736782955e-01,2.164130067207093722e-01,5.994586243507414869e-01,-6.972355008303582347e-02,9.608042082303644427e-02,2.281109401927053915e-01,4.384127250711969404e-01,4.702747465288802386e-01,3.643501686316021893e-01,3.402277051477052838e-01,4.793466911252043383e-01,-6.128810453222065247e-02,1.713341988112623837e-01,6.524798150146821074e-01,3.795398505818847190e-01,1.842472087343300369e-01,2.434363569906582148e-01,1.974922360737079441e-01,1.740675912198044184e-01,3.412717117040126591e-01,4.254940122688614240e-02,4.460597053447782345e-01,5.848033095479002741e-01
4.422215560057886630e-01,4.368161291618500308e-01,3.267896969971216259e-01,1.014244726885353554e-01,5.226249378256416778e-01,-4.029143084978564771e-02,1.517638460177683779e-01,-2.778980934001656355e-01,4.105344390716642589e-01,1.000000000000000000e+00,8.827028280817114658e-02,-1.972056329040370870e-01,-1.203723799886500662e-01,2.467857050216213377e-01,-2.071512626842462734e-01,8.130683341201823122e-01,2.376418831476400928e-01,1.517646162836986667e-01,3.339408986740899365e-01,-4.553021679608217770e-02,6.592573906871278255e-02,1.788955662371134459e-01,3.089400075140787960e-01,4.246390384699580411e-01,2.304962464110122122e-01,5.307640114095865114e-01,4.163862899140395313e-01,2.039562281243486597e-01,3.390889050573649977e-01,6.436935848538732907e-01,2.985669896724165717e-01,2.154856709017577698e-01,1.536346972827873636e-01,9.611096733367879841e-02,2.456204628514137844e-01,6.872777328905556038e-01,2.483134291453424070e-01,2.156139900948497723e-01,2.033261900801409949e-01
1.629202301898141081e-01,3.849600796805247027e-02,-3.342176754949857109e-01,-4.650368919045457794e-01,1.556406160684514206e-01,8.143244258907146316e-01,-5.241538931780276300e-01,3.999774682819439708e-01,6.808685599408809130e-02,8.827028280817114658e-02,1.000000000000000000e+00,2.863394237774593010e-01,-5.436118404706055118e-01,6.783625474350993834e-01,6.680001577325025419e-01,2.220810148855516253e-01,8.435251221801850496e-01,-7.463546732549751761e-01,-4.132776561846272512e-01,7.383843186095404576e-01,-7.802629187226483021e-01,-6.976897076810532061e-01,5.922938304985768676e-01,2.439311144151926070e-01,5.158782689538518040e-01,1.859960873606337217e-01,3.420420424592582331e-01,3.857796816496667502e-01,6.803548847594543814e-01,-6.123811778430544861e-02,5.656138072554284246e-01,6.848364768038124328e-01,5.323897014629354052e-01,7.610042005125229325e-01,5.685141704902528792e-01,2.179629002399400273e-01,7.374225161958246622e-01,4.271254425192642090e-01,-2.529658655173458448e-01
-1.083629236225397835e-01,-1.533958122430028048e-01,-3.598131799479431514e-01,-2.864116690030293344e-01,-2.064599346968197247e-01,4.284294940285846010e-01,-5.449066522251496680e-01,3.664859555163986760e-01,-1.494177402938270394e-01,-1.972056329040370870e-01,2.863394237774593010e-01,1.000000000000000000e+00,-8.796108493467340306e-02,1.691119995249305563e-01,3.997265034789258542e-01,-1.078499108562351316e-01,2.295118082270247717e-01,-3.524535712059905235e-01,-5.658425120283342435e-01,4.591778193776214767e-01,-4.187194741171360035e-01,-3.919432446872087583e-01,1.657321123974430377e-01,-1.989851956985346504e-01,7.254342634727681260e-02,-1.554700019214151629e-01,-9.661461764328625745e-02,2.028810399401665132e-01,1.476622332161758311e-01,-2.771112015317478416e-01,9.494569316599171804e-02,3.050375492705428293e-01,1.860041479693977373e-01,3.811684261603652812e-01,2.620821640226655980e-01,-8.770817048120327364e-02,3.022400923078797375e-01,5.974227588676215422e-02,-4.311235637766724915e-01
-1.494875227145680274e-01,3.516912783562994860e-02,2.521795431451522296e-01,3.627469037646456895e-01,-1.941995269221396814e-01,-4.536771859555983610e-01,3.503164061312893374e-01,-2.775978969741577651e-01,2.812283014345344154e-02,-1.203723799886500662e-01,-5.436118404706055118e-01,-8.796108493467340306e-02,1.000000000000000000e+00,-3.859792214550362699e-01,-3.883904073601220919e-01,-2.978597035233755963e-01,-4.570469980972670099e-01,5.774459619219198814e-01,3.026681377686935570e-01,-4.164898848808998855e-01,5.760101537359246793e-01,5.815392523723978968e-01,-4.118117222247078546e-01,-2.060742104886930104e-01,-3.899974383460858562e-01,-2.077686985864041214e-01,-3.019304694328700522e-01,-2.309058303214590324e-01,-4.429159992584731365e-01,-8.070530753049424272e-03,-4.082439904582494949e-01,-3.724001253462455585e-01,-1.050051717739131085e-01,-4.892015195430988728e-01,-2.196055729553772762e-01,-7.213813691992901345e-02,-4.467770321567280378e-01,-2.158568900065030161e-01,2.742314520458556948e-01
4.327344245192784600e-01,3.090686618909671557e-01,-2.466565149064301604e-02,-4.126942778134453649e-01,4.429144613993779012e-01,7.019586222219109661e-01,-4.244278471440073308e-01,1.214441171582766460e-01,3.962791267957715968e-01,2.467857050216213377e-01,6.783625474350993834e-01,1.691119995249305563e-01,-3.859792214550362699e-01,1.000000000000000000e+00,4.123011688048136558e-01,4.391246510270329084e-01,7.335553902441726004e-01,-5.263890476852243205e-01,-3.631392068086876368e-02,6.244309933709449867e-01,-6.234030840365740733e-01,-5.122631072728864865e-01,6.949979124657609253e-01,5.359565949916204053e-01,6.756861394325640591e-01,4.747915771380199490e-01,5.638858849029633191e-01,5.140476759670493667e-01,7.835546160680298966e-01,2.574960140219900717e-01,6.839354697256868620e-01,7.273571958470396170e-01,6.804686711427838652e-01,7.681008504884622168e-01,7.080576344736317917e-01,3.556734323411205878e-01,7.618982857051816993e-01,6.607688258002094583e-01,-2.239726935404265373e-02
-7.956863389591187219e-02,-1.596706206676213879e-01,-4.355850321959298110e-01,-6.371178531781028775e-01,-7.083057668800166184e-02,7.419801933096338287e-01,-5.338380093625714196e-01,4.691555934183826992e-01,-2.525141309976751125e-01,-2.071512626842462734e-01,6.680001577325025419e-01,3.997265034789258542e-01,-3.883904073601220919e-01,4.123011688048136558e-01,1.000000000000000000e+00,-8.898365866495115684e-02,5.753414372596035165e-01,-8.135599538193756253e-01,-6.203981668204330280e-01,6.777230195993099171e-01,-7.265774530063936476e-01,-7.239933445276629520e-01,3.448285480786876800e-01,-3.923689619024552794e-02,2.706289234672848432e-01,2.459246466016082062e-04,1.594796349558636750e-01,3.582425849659121031e-01,5.055844124119505123e-01,-3.626982947219709041e-01,3.889497651896929309e-01,5.658527493865705971e-01,3.715162166701651003e-01,6.375573610466177543e-01,4.929522267342879571e-01,-2.146332073488623621e-02,6.027593361613650114e-01,1.199037930333392010e-01,-4.999012570395460209e-01
5.516571113759793921e-01,4.553265551746026318e-01,2.992885841514063006e-01,-4.026830819483034896e-02,6.191797056594664506e-01,1.224279056306450814e-01,1.690647225915146296e-02,-2.285482994143683555e-01,4.573632799926491965e-01,8.130683341201823122e-01,2.220810148855516253e-01,-1.078499108562351316e-01,-2.978597035233755963e-01,4.391246510270329084e-01,-8.898365866495115684e-02,1.000000000000000000e+00,3.544478539598627242e-01,-4.580671066318245388e-02,2.593684782760983798e-01,1.124125785438574998e-01,-1.092344065801457709e-01,-2.556645204169834262e-02,4.834214800428736636e-01,5.558046481693796892e-01,3.768614562142995617e-01,6.299005761494598232e-01,4.863951000847194783e-01,3.508649841602211605e-01,4.911591055987887811e-01,6.480350402447252467e-01,4.394498017957799707e-01,3.438457475742141001e-01,2.691531404002925343e-01,3.154082301849839287e-01,3.808684294779097756e-01,6.521155627000841948e-01,4.170312428371674707e-01,3.287638994697321682e-01,9.526422010910051696e-02
2.970666372696250113e-01,1.803469044276554689e-01,-2.460362240768351749e-01,-4.018459877137200986e-01,2.379834750515744390e-01,7.736103458476710770e-01,-4.772052788445491078e-01,3.313252754093270469e-01,2.192447090736782955e-01,2.376418831476400928e-01,8.435251221801850496e-01,2.295118082270247717e-01,-4.570469980972670099e-01,7.335553902441726004e-01,5.753414372596035165e-01,3.544478539598627242e-01,1.000000000000000000e+00,-6.526273074103333682e-01,-2.677033522963380707e-01,6.910659286028958403e-01,-7.152648183494224599e-01,-6.113291289668379980e-01,6.217545085732453236e-01,3.881613290533759142e-01,5.321734236247758210e-01,3.589247276314637136e-01,5.103174436696453764e-01,3.979127463674783649e-01,7.571427467749636264e-01,8.967682181799736807e-02,6.059175007958244041e-01,7.484805331171409115e-01,5.851736682019161861e-01,7.493921627725429468e-01,6.864579612451395807e-01,3.345514966845219429e-01,7.607786029232309621e-01,5.277332783597755705e-01,-1.587415159877059168e-01
-3.395488986590697311e-02,9.696014045999135078e-02,5.031481665773570588e-01,6.120281713152939673e-01,3.529313522650484591e-02,-8.024223447176340729e-01,5.754967700850762702e-01,-5.541498376001002812e-01,2.164130067207093722e-01,1.517646162836986667e-01,-7.463546732549751761e-01,-3.524535712059905235e-01,5.774459619219198814e-01,-5.263890476852243205e-01,-8.135599538193756253e-01,-4.580671066318245388e-02,-6.526273074103333682e-01,1.000000000000000000e+00,6.318288069401104545e-01,-7.280380273451336759e-01,8.258088792118538635e-01,8.182782742141840870e-01,-4.526509311750714359e-01,-1.118192421632793060e-01,-3.935084407019888153e-01,-7.649802437998046156e-02,-2.392632808444161985e-01,-3.811773963740717752e-01,-6.226477659270499565e-01,2.987654718341023474e-01,-4.552329273146196176e-01,-6.540737344437654865e-01,-3.968555268834380589e-01,-7.408882302057735458e-01,-5.774311890088189569e-01,-2.597368665677694029e-03,-7.119154879415258153e-01,-2.287093343582755067e-01,4.743330959520080659e-01
2.766332485074527447e-01,4.173139210325728099e-01,7.152583347092140720e-01,4.104289831685593581e-01,4.838401419391503144e-01,-5.176258494979204539e-01,4.428545590498166873e-01,-7.021516953927345872e-01,5.994586243507414869e-01,3.339408986740899365e-01,-4.132776561846272512e-01,-5.658425120283342435e-01,3.026681377686935570e-01,-3.631392068086876368e-02,-6.203981668204330280e-01,2.593684782760983798e-01,-2.677033522963380707e-01,6.318288069401104545e-01,1.000000000000000000e+00,-5.394082614570058221e-01,5.803914633090959674e-01,6.314336894644881903e-01,-3.821325750605227695e-02,2.847940638205089803e-01,6.858197440126627409e-02,3.014515095945347056e-01,2.148348826716692250e-01,-1.643858916479579158e-01,-1.922208322467257313e-01,5.751125221209932858e-01,-5.482641817187764409e-03,-3.092948984246697841e-01,3.385382852495690681e-02,-3.357451416357890572e-01,-2.364202946307038256e-01,1.905559380807151926e-01,-3.499732992238583362e-01,1.452679899504585315e-01,6.716883295190742009e-01
6.808514124630724029e-02,-7.021744453690173526e-02,-4.844157393651052357e-01,-5.562637195851543037e-01,-6.004239890462040319e-02,8.739862737817514216e-01,-6.084357208785002857e-01,5.494551686391493384e-01,-6.972355008303582347e-02,-4.553021679608217770e-02,7.383843186095404576e-01,4.591778193776214767e-01,-4.164898848808998855e-01,6.244309933709449867e-01,6.777230195993099171e-01,1.124125785438574998e-01,6.910659286028958403e-01,-7.280380273451336759e-01,-5.394082614570058221e-01,1.000000000000000000e+00,-8.688069717002040449e-01,-8.017843126837329581e-01,5.912350877825598428e-01,1.113222486215959678e-01,5.395205786019794392e-01,1.143109359996938162e-01,3.600604398641462089e-01,4.741439874297578849e-01,6.385898234229159254e-01,-2.671158611514150016e-01,5.496712547618832767e-01,7.636061974811895192e-01,5.176312409422105798e-01,7.979091087890103351e-01,6.448435157250309580e-01,1.274618490875866206e-01,7.617391599557787885e-01,5.242932628104666204e-01,-3.578526048601313736e-01
-5.456966933986991813e-02,5.545553614491772337e-02,5.486102437604208903e-01,5.642068092134945312e-01,4.280329930005538630e-02,-8.888323521452798914e-01,5.827187779790037325e-01,-6.040282433733772383e-01,9.608042082303644427e-02,6.592573906871278255e-02,-7.802629187226483021e-01,-4.187194741171360035e-01,5.760101537359246793e-01,-6.234030840365740733e-01,-7.265774530063936476e-01,-1.092344065801457709e-01,-7.152648183494224599e-01,8.258088792118538635e-01,5.803914633090959674e-01,-8.688069717002040449e-01,1.000000000000000000e+00,8.752112144391523962e-01,-5.739522022304941462e-01,-1.380031759773805988e-01,-5.246349137770521809e-01,-9.904346618675735625e-02,-3.821218955977047638e-01,-4.103147597855789086e-01,-6.537184096710407788e-01,2.729254630539230120e-01,-5.630315793925243506e-01,-7.675144291816097253e-01,-4.243621148358863726e-01,-8.249015484192731007e-01,-6.210395360646068230e-01,-7.819570978966713937e-02,-7.608244092868995390e-01,-4.686537138088776588e-01,3.863415900222108568e-01
3.484319365301689897e-02,1.486723677220348205e-01,5.629692314833646405e-01,5.652844495200368691e-01,1.468020341013546726e-01,-8.110171623830756404e-01,5.614815642740954571e-01,-6.043274340544243506e-01,2.281109401927053915e-01,1.788955662371134459e-01,-6.976897076810532061e-01,-3.919432446872087583e-01,5.815392523723978968e-01,-5.122631072728864865e-01,-7.239933445276629520e-01,-2.556645204169834262e-02,-6.113291289668379980e-01,8.182782742141840870e-01,6.314336894644881903e-01,-8.017843126837329581e-01,8.752112144391523962e-01,1.000000000000000000e+00,-4.830994679767142697e-01,-8.951817273298151578e-02,-4.242698635729417189e-01,-1.651224726663400380e-02,-2.769312605030000429e-01,-3.616366101771497088e-01,-5.572027314768951411e-01,3.676570585509659206e-01,-4.803395095039372786e-01,-6.659992983912615960e-01,-2.850966686935516026e-01,-7.240641968812036033e-01,-5.137719568994998376e-01,5.120876650706036870e-02,-6.693866465740813121e-01,-3.269477337406187512e-01,4.559045415758159470e-01
3.998262779822387980e-01,4.377074424010684028e-01,7.471746733856975131e-02,-2.767571226054817424e-01,4.078509568314350187e-01,5.912400028611258795e-01,-3.472256882994531058e-01,-3.797731142485152086e-03,4.384127250711969404e-01,3.089400075140787960e-01,5.922938304985768676e-01,1.657321123974430377e-01,-4.118117222247078546e-01,6.949979124657609253e-01,3.448285480786876800e-01,4.834214800428736636e-01,6.217545085732453236e-01,-4.526509311750714359e-01,-3.821325750605227695e-02,5.912350877825598428e-01,-5.739522022304941462e-01,-4.830994679767142697e-01,1.000000000000000000e+00,5.017727129858464696e-01,8.028230970095208141e-01,3.910271128924419082e-01,5.972610841245772351e-01,3.687717460611284470e-01,5.796905853527848373e-01,2.115002170432346007e-01,7.826795060632099066e-01,5.988212433833809412e-01,4.996693325479151238e-01,7.300308941912224681e-01,5.569638860544641190e-01,2.734553868336101479e-01,6.078229105503867302e-01,5.655311029639757958e-01,7.981144771808941496e-02
5.924776484811757893e-01,5.463934044781674215e-01,2.437767499656557368e-01,-1.001208656306131345e-01,4.532101292753415445e-01,1.529411358595266501e-01,-7.109704276738321171e-02,-1.832044211249793941e-01,4.702747465288802386e-01,4.246390384699580411e-01,2.439311144151926070e-01,-1.989851956985346504e-01,-2.060742104886930104e-01,5.359565949916204053e-01,-3.923689619024552794e-02,5.558046481693796892e-01,3.881613290533759142e-01,-1.118192421632793060e-01,2.847940638205089803e-01,1.113222486215959678e-01,-1.380031759773805988e-01,-8.951817273298151578e-02,5.017727129858464696e-01,1.000000000000000000e+00,4.973006188604463529e-01,5.405311032796253912e-01,4.966493737314739421e-01,2.925992128531228476e-01,4.917325957622642463e-01,5.710496858447635660e-01,4.032494081090259308e-01,2.975818728730230123e-01,3.226268129906285642e-01,3.205158830562935268e-01,3.972159711056058584e-01,2.471120056956400968e-01,3.758045164261875071e-01,4.298106619038886689e-01,2.617575957856015934e-01
4.381137521552539438e-01,3.704825894564697797e-01,7.215773957069351874e-02,-3.238033153345677428e-01,3.577178031508177480e-01,5.500564795007796270e-01,-3.557626455696507040e-01,-1.188361836168228339e-02,3.643501686316021893e-01,2.304962464110122122e-01,5.158782689538518040e-01,7.254342634727681260e-02,-3.899974383460858562e-01,6.756861394325640591e-01,2.706289234672848432e-01,3.768614562142995617e-01,5.321734236247758210e-01,-3.935084407019888153e-01,6.858197440126627409e-02,5.395205786019794392e-01,-5.246349137770521809e-01,-4.242698635729417189e-01,8.028230970095208141e-01,4.973006188604463529e-01,1.000000000000000000e+00,4.223273507048497244e-01,5.767172944480138952e-01,4.296981306226442254e-01,5.801336498759136484e-01,1.762774353148641726e-01,7.210716947528743592e-01,5.078441510604944087e-01,5.769757814892894077e-01,6.603756659968911258e-01,5.007041941605763213e-01,2.181684376997745367e-01,5.825174784837414688e-01,5.926876612125095978e-01,1.016593061257241998e-01
8.253697119108714952e-01,3.286709293412364286e-01,3.746093823307427018e-01,-2.844307590915979289e-01,6.581395762834985064e-01,1.480289825099452283e-01,-5.692035103286050002e-02,-2.793273849149717769e-01,3.402277051477052838e-01,5.307640114095865114e-01,1.859960873606337217e-01,-1.554700019214151629e-01,-2.077686985864041214e-01,4.747915771380199490e-01,2.459246466016082062e-04,6.299005761494598232e-01,3.589247276314637136e-01,-7.649802437998046156e-02,3.014515095945347056e-01,1.143109359996938162e-01,-9.904346618675735625e-02,-1.651224726663400380e-02,3.910271128924419082e-01,5.405311032796253912e-01,4.223273507048497244e-01,1.000000000000000000e+00,5.631667000852614846e-01,6.283540371442993822e-01,5.950147941276889840e-01,6.073619110037294933e-01,3.202516379531168966e-01,2.874136815225538100e-01,5.501215851996280604e-01,3.366709508493553327e-01,4.190853435857964104e-01,5.688786733172057630e-01,4.695712774081359786e-01,3.671068376597744765e-01,-3.793579025976410307e-02
3.985632896374474710e-01,5.299738994385346791e-01,1.512146323915246060e-01,-1.727910024871168460e-01,4.916982218448058828e-01,3.786045422795348836e-01,-1.253045524776763286e-01,-7.995555687928616873e-02,4.793466911252043383e-01,4.163862899140395313e-01,3.420420424592582331e-01,-9.661461764328625745e-02,-3.019304694328700522e-01,5.638858849029633191e-01,1.594796349558636750e-01,4.863951000847194783e-01,5.103174436696453764e-01,-2.392632808444161985e-01,2.148348826716692250e-01,3.600604398641462089e-01,-3.821218955977047638e-01,-2.769312605030000429e-01,5.972610841245772351e-01,4.966493737314739421e-01,5.767172944480138952e-01,5.631667000852614846e-01,1.000000000000000000e+00,2.226260279398276920e-01,5.980834334733741153e-01,3.734232818063804027e-01,6.708745104116037306e-01,5.710565264405814689e-01,3.975798488546828380e-01,4.955016213253504165e-01,5.219783635414572132e-01,4.070242905251098553e-01,4.514144921066209348e-01,6.271189520304076837e-01,2.787418242385332201e-01
5.522380993928944770e-01,-1.216243064673908914e-01,1.232291744230393400e-02,-6.677094921546860018e-01,2.893303435808067259e-01,4.809654822338871316e-01,-3.691831296095537396e-01,7.498233820253244475e-02,-6.128810453222065247e-02,2.039562281243486597e-01,3.857796816496667502e-01,2.028810399401665132e-01,-2.309058303214590324e-01,5.140476759670493667e-01,3.582425849659121031e-01,3.508649841602211605e-01,3.979127463674783649e-01,-3.811773963740717752e-01,-1.643858916479579158e-01,4.741439874297578849e-01,-4.103147597855789086e-01,-3.616366101771497088e-01,3.687717460611284470e-01,2.925992128531228476e-01,4.296981306226442254e-01,6.283540371442993822e-01,2.226260279398276920e-01,1.000000000000000000e+00,6.154618401868180433e-01,1.833445997929503690e-01,3.086801612361964597e-01,4.104107170177627717e-01,6.637432351197979363e-01,5.374193216864574518e-01,4.927873811991938524e-01,3.733317808814062277e-01,6.837334636590391979e-01,2.852065228144320952e-01,-5.061206726352299734e-01
5.031396241519778822e-01,2.346620057856703134e-01,-1.466011004944215157e-01,-5.314262780407394970e-01,3.751173807083210687e-01,7.034537074873334905e-01,-4.311466058437008475e-01,2.449892595863295275e-01,1.713341988112623837e-01,3.390889050573649977e-01,6.803548847594543814e-01,1.476622332161758311e-01,-4.429159992584731365e-01,7.835546160680298966e-01,5.055844124119505123e-01,4.911591055987887811e-01,7.571427467749636264e-01,-6.226477659270499565e-01,-1.922208322467257313e-01,6.385898234229159254e-01,-6.537184096710407788e-01,-5.572027314768951411e-01,5.796905853527848373e-01,4.917325957622642463e-01,5.801336498759136484e-01,5.950147941276889840e-01,5.980834334733741153e-01,6.154618401868180433e-01,1.000000000000000000e+00,2.399514276572375093e-01,5.946242884824074482e-01,7.713858998393156030e-01,6.515758327943602657e-01,7.344952297261964080e-01,7.754771114555258915e-01,4.626185810834928525e-01,8.600554994851324908e-01,5.563348137278512073e-01,-2.226480288997737811e-01
6.106060070503269710e-01,5.344464262348533889e-01,5.297052133730315582e-01,1.241042279851295310e-01,6.680152566686700100e-01,-2.265385446101630951e-01,1.804297931421955936e-01,-4.808834782530331253e-01,6.524798150146821074e-01,6.436935848538732907e-01,-6.123811778430544861e-02,-2.771112015317478416e-01,-8.070530753049424272e-03,2.574960140219900717e-01,-3.626982947219709041e-01,6.480350402447252467e-01,8.967682181799736807e-02,2.987654718341023474e-01,5.751125221209932858e-01,-2.671158611514150016e-01,2.729254630539230120e-01,3.676570585509659206e-01,2.115002170432346007e-01,5.710496858447635660e-01,1.762774353148641726e-01,6.073619110037294933e-01,3.734232818063804027e-01,1.833445997929503690e-01,2.399514276572375093e-01,1.000000000000000000e+00,1.232131591589567254e-01,2.397014775917746809e-02,2.211198726420735006e-01,-7.805327681792745449e-03,1.154850044228735717e-01,5.487585572116978616e-01,6.712642287917178208e-02,1.999283118068007903e-01,3.527510755545008592e-01
2.233966649182403397e-01,3.957443175894549969e-01,9.625985240103594742e-02,-3.010338581288400372e-01,4.069011746502259053e-01,6.030285994784457815e-01,-2.894836892943486450e-01,-3.581108968440894352e-02,3.795398505818847190e-01,2.985669896724165717e-01,5.656138072554284246e-01,9.494569316599171804e-02,-4.082439904582494949e-01,6.839354697256868620e-01,3.889497651896929309e-01,4.394498017957799707e-01,6.059175007958244041e-01,-4.552329273146196176e-01,-5.482641817187764409e-03,5.496712547618832767e-01,-5.630315793925243506e-01,-4.803395095039372786e-01,7.826795060632099066e-01,4.032494081090259308e-01,7.210716947528743592e-01,3.202516379531168966e-01,6.708745104116037306e-01,3.086801612361964597e-01,5.946242884824074482e-01,1.232131591589567254e-01,1.000000000000000000e+00,6.292991941864937155e-01,4.454614912580612263e-01,6.709410382222189551e-01,5.770196374437788212e-01,2.822058631075008983e-01,5.921856534741136713e-01,5.368314109270939660e-01,8.669698489426433397e-02
1.743335757146794729e-01,1.754790143913899092e-01,-3.202514066977890095e-01,-4.553933999034794344e-01,1.665728267635106785e-01,7.989052410284216421e-01,-4.980278830361733466e-01,4.048478810636678138e-01,1.842472087343300369e-01,2.154856709017577698e-01,6.848364768038124328e-01,3.050375492705428293e-01,-3.724001253462455585e-01,7.273571958470396170e-01,5.658527493865705971e-01,3.438457475742141001e-01,7.484805331171409115e-01,-6.540737344437654865e-01,-3.092948984246697841e-01,7.636061974811895192e-01,-7.675144291816097253e-01,-6.659992983912615960e-01,5.988212433833809412e-01,2.975818728730230123e-01,5.078441510604944087e-01,2.874136815225538100e-01,5.710565264405814689e-01,4.104107170177627717e-01,7.713858998393156030e-01,2.397014775917746809e-02,6.292991941864937155e-01,1.000000000000000000e+00,5.127572226496216468e-01,7.814674835319090906e-01,8.086921566697604646e-01,3.444044001644928077e-01,8.070357392169619226e-01,6.251806099867596167e-01,-1.487050444041823627e-01
4.945409969348810164e-01,9.914818590717976166e-02,1.322856019081378454e-01,-4.869775431301213153e-01,3.942793999436617347e-01,5.726737703272831714e-01,-4.405015308411842079e-01,-3.315982464710082178e-02,2.434363569906582148e-01,1.536346972827873636e-01,5.323897014629354052e-01,1.860041479693977373e-01,-1.050051717739131085e-01,6.804686711427838652e-01,3.715162166701651003e-01,2.691531404002925343e-01,5.851736682019161861e-01,-3.968555268834380589e-01,3.385382852495690681e-02,5.176312409422105798e-01,-4.243621148358863726e-01,-2.850966686935516026e-01,4.996693325479151238e-01,3.226268129906285642e-01,5.769757814892894077e-01,5.501215851996280604e-01,3.975798488546828380e-01,6.637432351197979363e-01,6.515758327943602657e-01,2.211198726420735006e-01,4.454614912580612263e-01,5.127572226496216468e-01,1.000000000000000000e+00,6.203520296482841756e-01,5.945289582472369494e-01,3.472920750682939595e-01,6.532421322465788993e-01,4.962397944711090525e-01,-1.194361935398698532e-01
2.927116872615693199e-01,1.574533237740059488e-01,-2.323684392104604646e-01,-5.552593299855647091e-01,2.776666187975985189e-01,8.435629146862644312e-01,-5.617108745175610762e-01,3.137248714200277511e-01,1.974922360737079441e-01,9.611096733367879841e-02,7.610042005125229325e-01,3.811684261603652812e-01,-4.892015195430988728e-01,7.681008504884622168e-01,6.375573610466177543e-01,3.154082301849839287e-01,7.493921627725429468e-01,-7.408882302057735458e-01,-3.357451416357890572e-01,7.979091087890103351e-01,-8.249015484192731007e-01,-7.240641968812036033e-01,7.300308941912224681e-01,3.205158830562935268e-01,6.603756659968911258e-01,3.366709508493553327e-01,4.955016213253504165e-01,5.374193216864574518e-01,7.344952297261964080e-01,-7.805327681792745449e-03,6.709410382222189551e-01,7.814674835319090906e-01,6.203520296482841756e-01,1.000000000000000000e+00,7.063443159968765261e-01,2.260758462050911077e-01,8.082308755248414078e-01,5.757493776660678186e-01,-2.656281349330184560e-01
3.489612308976866029e-01,2.536062842732084155e-01,-2.144411137001325240e-01,-4.379272407079582430e-01,1.945988925647307299e-01,6.916837919565023141e-01,-4.767228306654336389e-01,3.051375977868890921e-01,1.740675912198044184e-01,2.456204628514137844e-01,5.685141704902528792e-01,2.620821640226655980e-01,-2.196055729553772762e-01,7.080576344736317917e-01,4.929522267342879571e-01,3.808684294779097756e-01,6.864579612451395807e-01,-5.774311890088189569e-01,-2.364202946307038256e-01,6.448435157250309580e-01,-6.210395360646068230e-01,-5.137719568994998376e-01,5.569638860544641190e-01,3.972159711056058584e-01,5.007041941605763213e-01,4.190853435857964104e-01,5.219783635414572132e-01,4.927873811991938524e-01,7.754771114555258915e-01,1.154850044228735717e-01,5.770196374437788212e-01,8.086921566697604646e-01,5.945289582472369494e-01,7.063443159968765261e-01,1.000000000000000000e+00,3.993226959820838640e-01,8.002687825032075430e-01,4.997554534808567039e-01,-1.976355564415817889e-01
4.748138442172517570e-01,3.082619577424343116e-01,1.690692014806860488e-01,-8.237814767731727050e-02,4.457648983526829589e-01,1.479350939337007453e-01,-2.876598657111265056e-02,-9.070408600507810781e-02,3.412717117040126591e-01,6.872777328905556038e-01,2.179629002399400273e-01,-8.770817048120327364e-02,-7.213813691992901345e-02,3.556734323411205878e-01,-2.146332073488623621e-02,6.521155627000841948e-01,3.345514966845219429e-01,-2.597368665677694029e-03,1.905559380807151926e-01,1.274618490875866206e-01,-7.819570978966713937e-02,5.120876650706036870e-02,2.734553868336101479e-01,2.471120056956400968e-01,2.181684376997745367e-01,5.688786733172057630e-01,4.070242905251098553e-01,3.733317808814062277e-01,4.626185810834928525e-01,5.487585572116978616e-01,2.822058631075008983e-01,3.444044001644928077e-01,3.472920750682939595e-01,2.260758462050911077e-01,3.993226959820838640e-01,1.000000000000000000e+00,3.858817235450203720e-01,3.123039498819679682e-01,6.627180015327187312e-02
3.826884992368531080e-01,6.829056467747930681e-02,-2.649073921513233620e-01,-6.139222124945340475e-01,2.429548916109116052e-01,8.068653469513831222e-01,-5.246705565290026296e-01,3.610102466694088963e-01,4.254940122688614240e-02,2.483134291453424070e-01,7.374225161958246622e-01,3.022400923078797375e-01,-4.467770321567280378e-01,7.618982857051816993e-01,6.027593361613650114e-01,4.170312428371674707e-01,7.607786029232309621e-01,-7.119154879415258153e-01,-3.499732992238583362e-01,7.617391599557787885e-01,-7.608244092868995390e-01,-6.693866465740813121e-01,6.078229105503867302e-01,3.758045164261875071e-01,5.825174784837414688e-01,4.695712774081359786e-01,4.514144921066209348e-01,6.837334636590391979e-01,8.600554994851324908e-01,6.712642287917178208e-02,5.921856534741136713e-01,8.070357392169619226e-01,6.532421322465788993e-01,8.082308755248414078e-01,8.002687825032075430e-01,3.858817235450203720e-01,1.000000000000000000e+00,5.009240959448758579e-01,-3.800652341292356517e-01
3.325777402272389605e-01,2.970130690735072743e-01,8.457901917661462751e-03,-1.613717180183219524e-01,2.853176801058737722e-01,5.075717410496739523e-01,-2.558747491849094891e-01,6.758799105837635934e-02,4.460597053447782345e-01,2.156139900948497723e-01,4.271254425192642090e-01,5.974227588676215422e-02,-2.158568900065030161e-01,6.607688258002094583e-01,1.199037930333392010e-01,3.287638994697321682e-01,5.277332783597755705e-01,-2.287093343582755067e-01,1.452679899504585315e-01,5.242932628104666204e-01,-4.686537138088776588e-01,-3.269477337406187512e-01,5.655311029639757958e-01,4.298106619038886689e-01,5.926876612125095978e-01,3.671068376597744765e-01,6.271189520304076837e-01,2.852065228144320952e-01,5.563348137278512073e-01,1.999283118068007903e-01,5.368314109270939660e-01,6.251806099867596167e-01,4.962397944711090525e-01,5.757493776660678186e-01,4.997554534808567039e-01,3.123039498819679682e-01,5.009240959448758579e-01,1.000000000000000000e+00,2.999895871692153659e-01
2.458726802426042593e-02,5.325980256714488714e-01,4.531996830617144867e-01,5.591090635072797355e-01,2.521813726116105547e-01,-3.691076464063672846e-01,3.450320814721796192e-01,-4.637116252761716573e-01,5.848033095479002741e-01,2.033261900801409949e-01,-2.529658655173458448e-01,-4.311235637766724915e-01,2.742314520458556948e-01,-2.239726935404265373e-02,-4.999012570395460209e-01,9.526422010910051696e-02,-1.587415159877059168e-01,4.743330959520080659e-01,6.716883295190742009e-01,-3.578526048601313736e-01,3.863415900222108568e-01,4.559045415758159470e-01,7.981144771808941496e-02,2.617575957856015934e-01,1.016593061257241998e-01,-3.793579025976410307e-02,2.787418242385332201e-01,-5.061206726352299734e-01,-2.226480288997737811e-01,3.527510755545008592e-01,8.669698489426433397e-02,-1.487050444041823627e-01,-1.194361935398698532e-01,-2.656281349330184560e-01,-1.976355564415817889e-01,6.627180015327187312e-02,-3.800652341292356517e-01,2.999895871692153659e-01,1.000000000000000000e+00
