1.000000000000000000e+00,8.597129448980885824e-01,6.922895983942501941e-01,5.459102049371401533e-01,7.865442573015293259e-01,2.238009155452352350e-01,3.135373897015390765e-02,-5.960080158788856330e-01,8.278254021350619496e-01,7.710842505577788497e-01,5.172180572035850465e-01,6.227739105210874371e-01,6.308346154617187063e-01,8.218253114288234240e-01,5.529930254769115372e-01,8.473308401891864738e-01,5.853674620141403606e-01,7.116537407093478373e-01,7.094665716742825090e-01,7.056408759179673140e-01,4.318545859670948062e-01,6.361483228659446931e-01,8.012797619113256609e-01,3.136550509142099208e-01,7.378448143190994291e-01,8.717203778985895823e-01,8.444303497637977163e-01,8.236328057038045936e-01,6.314636686405930011e-01,6.267130073209723484e-01,8.328861213750556880e-01,5.958051822929455454e-01,6.729752044083547879e-01,6.488251607850467062e-01,7.403695792816784582e-01,7.099026725473916999e-01,8.389068186701457153e-01,5.906888109747174820e-01,6.928672385836649461e-01
8.597129448980885824e-01,1.000000000000000000e+00,5.684841166028032911e-01,4.467509063357667509e-01,6.669149606843608469e-01,3.442974851417139881e-01,1.148102576791343171e-01,-4.826426851524419637e-01,7.824719434094263848e-01,7.735773286140233962e-01,4.770365432176046916e-01,4.660952478639111551e-01,6.582060112258146800e-01,7.516267072963551676e-01,4.225560495302352337e-01,8.051897715765691244e-01,5.396046170197067449e-01,6.304029145195129136e-01,6.537086374847743686e-01,5.610517128965064604e-01,2.976925637247685441e-01,6.057944739476925911e-01,6.959395788308914144e-01,2.824586370382089484e-01,6.558655923794318721e-01,7.572502108484880923e-01,6.435115732398651867e-01,7.016262154422847619e-01,6.708924595102088162e-01,6.833760104612882635e-01,7.499876361454991258e-01,6.251606421445615736e-01,6.469488593436045765e-01,4.542079013545718413e-01,7.220473058692824520e-01,6.993915321688047859e-01,8.439667524400242815e-01,4.720390287606753277e-01,5.463609540757752292e-01
6.922895983942501941e-01,5.684841166028032911e-01,1.000000000000000000e+00,4.518526110365715942e-01,9.094285023712056493e-01,1.208332102753487264e-01,-1.884590183863899537e-01,-8.757555215932705250e-01,8.212133642408699918e-01,7.132849158651228816e-01,4.938887756217428815e-01,6.241505768309074664e-01,5.845236344651808524e-01,7.763684708458532535e-01,5.270639792454907546e-01,7.462454418632316067e-01,6.008235693850866310e-01,8.359635600537959066e-01,7.710293150983906774e-01,7.947428139839648464e-01,6.682060182335374243e-01,5.930847723084622380e-01,6.896465959264761469e-01,4.580981087327170020e-01,7.182013272000955517e-01,7.881603541998379869e-01,7.583585979634974716e-01,7.804541755749914156e-01,3.847652828127645641e-01,6.128798756237098244e-01,8.195309384054070279e-01,4.201120336059098181e-01,8.033467058046123155e-01,8.002870817019344107e-01,5.973457751193197440e-01,5.997670976121863839e-01,6.579235299175478779e-01,5.967871683675658456e-01,7.844560653798459127e-01
5.459102049371401533e-01,4.467509063357667509e-01,4.518526110365715942e-01,1.000000000000000000e+00,4.884073085898149591e-01,-7.231062855219280716e-02,2.901614851237999115e-01,-3.063921730296726986e-01,4.554043429572486312e-01,4.971947365176075939e-01,-4.310112655840721285e-02,5.858811526611938936e-01,3.125624917344664855e-01,5.975360808253380451e-01,5.990449478931147986e-01,5.981561163882188614e-01,5.868516545719330152e-02,4.194205445675716626e-01,5.884126086573067127e-01,6.770589237051238829e-01,8.306536738265936359e-02,5.843654733613335983e-01,6.113042178717658093e-01,2.717972888942518095e-01,5.239229484243155266e-01,4.609330490547583481e-01,5.376242366375462156e-01,6.701565710330358305e-01,5.180103821257582286e-01,2.386176725934288367e-01,3.877602107891472971e-01,5.456906592540391454e-01,5.460086915203091751e-01,5.492109473341528769e-01,4.765208280313965594e-01,4.814557737625217437e-01,5.183004316062541639e-01,1.319666052502917741e-01,3.758644479007345329e-01
7.865442573015293259e-01,6.669149606843608469e-01,9.094285023712056493e-01,4.884073085898149591e-01,1.000000000000000000e+00,1.485549054828416426e-01,-1.419292067522519574e-01,-8.397756232467972204e-01,8.501060359886261075e-01,7.042090067809780862e-01,5.520323601728795992e-01,6.562604947407802980e-01,5.664715919949209200e-01,8.203631085027158765e-01,5.648546313631174209e-01,7.558037602521929799e-01,6.187151019959935550e-01,8.507373593435276771e-01,7.971297482069108487e-01,7.925611279026786304e-01,5.994610627047807228e-01,5.943708788562827028e-01,7.268641838521138210e-01,4.255430079452743319e-01,7.116824235312317892e-01,8.428490053145892835e-01,8.027103400092475693e-01,8.153603516067281509e-01,4.403897311395371106e-01,5.887030427961689183e-01,8.686968292997713226e-01,4.749059901587447952e-01,7.689688249382076179e-01,8.133216196270162124e-01,6.401550465776288945e-01,6.151576379678311834e-01,7.217591560588862976e-01,6.246559224159839996e-01,7.966818578338934476e-01
2.238009155452352350e-01,3.442974851417139881e-01,1.208332102753487264e-01,-7.231062855219280716e-02,1.485549054828416426e-01,1.000000000000000000e+00,2.346707018498236097e-01,-2.117722409920628490e-01,2.496124289875718549e-01,4.002115906826681502e-01,6.254957867313519770e-01,-2.876878793293958791e-01,5.657320686916853525e-01,2.757830090304672077e-01,-3.432624300505326964e-01,1.938460455895522627e-01,5.498660380101918488e-01,8.107210834472684813e-02,7.232906046128269491e-03,-6.956098792443661527e-02,1.992022405097754745e-01,1.065261782349672531e-01,3.279427127264650244e-01,2.608597112577740740e-01,3.660912790505162495e-01,1.790646032445883107e-01,9.338292033510871282e-02,1.804163200154077981e-02,4.700887855111423042e-01,3.576231160372885798e-01,2.299237976130218408e-01,4.473786351747481294e-01,1.591878120484633008e-01,-2.347981423132037004e-01,4.782520954517075484e-01,1.845948823134852534e-01,4.641551606241687278e-01,9.329866991904864348e-02,8.529596838054700689e-03
3.135373897015390765e-02,1.148102576791343171e-01,-1.884590183863899537e-01,2.901614851237999115e-01,-1.419292067522519574e-01,2.346707018498236097e-01,1.000000000000000000e+00,1.560355160645643391e-01,-8.812949835777861285e-02,6.606209965012685426e-02,-1.295879553978368515e-01,-3.004905291148213253e-01,1.045784396097746843e-01,-7.094624202096751209e-02,-2.100489633797209266e-01,2.784171830987299326e-02,-2.044592073585125014e-01,-7.636885786985414537e-02,-1.241654150203950063e-01,7.677545702966895314e-02,-2.138896379680206572e-01,1.306318958254153451e-01,-6.674025175604009945e-04,-1.434738203727895511e-01,-2.877706372678158139e-02,-9.265907572017438587e-02,-1.326494826427855878e-01,2.316368667616233029e-02,1.713101673681277637e-01,-3.770281552099982031e-02,-1.258788759821220793e-01,1.264581238621857173e-01,-1.425669197202135974e-01,-3.035373802041172464e-01,1.503705458650108906e-01,1.745396369793813726e-02,7.993877379577372932e-02,-4.363468763574366860e-01,-3.692138603608153824e-01
-5.960080158788856330e-01,-4.826426851524419637e-01,-8.757555215932705250e-01,-3.063921730296726986e-01,-8.397756232467972204e-01,-2.117722409920628490e-01,1.560355160645643391e-01,1.000000000000000000e+00,-7.260602057808187570e-01,-5.858015656921387038e-01,-5.285542048863600684e-01,-3.844242723393401229e-01,-4.407674953736249734e-01,-6.477192844521395543e-01,-3.076065262040407755e-01,-5.988396756356160200e-01,-5.926557785222590358e-01,-7.408397640591679600e-01,-6.433347207052197980e-01,-6.422583922899350872e-01,-5.481402643596753332e-01,-3.424071405402123180e-01,-5.798730234044282561e-01,-4.201055397932445534e-01,-5.935794497919230084e-01,-6.590707285967840612e-01,-6.156781671561910585e-01,-5.836746788950495368e-01,-2.763312378725658047e-01,-5.537311691617214926e-01,-7.301864374759050591e-01,-3.589218529846618377e-01,-6.287130907001969859e-01,-6.074878482197636487e-01,-4.942580115662087437e-01,-4.233436901608769176e-01,-5.633994547332206171e-01,-4.614937546150418290e-01,-6.366609817483745992e-01
8.278254021350619496e-01,7.824719434094263848e-01,8.212133642408699918e-01,4.554043429572486312e-01,8.501060359886261075e-01,2.496124289875718549e-01,-8.812949835777861285e-02,-7.260602057808187570e-01,1.000000000000000000e+00,7.830064972819140712e-01,5.939021246869673476e-01,5.543775255300357196e-01,7.122331607846752455e-01,8.312998784409841857e-01,4.382145312033535189e-01,8.126593350043400665e-01,6.988239977007842940e-01,8.199470581897457810e-01,7.396098173246955509e-01,7.195052220529075671e-01,6.438039475362136166e-01,6.173694697478177007e-01,7.396699478647553727e-01,4.719879836382614990e-01,7.503977806833305175e-01,8.668438341766970812e-01,7.934468842446250614e-01,8.119996715803672327e-01,5.258115933468907599e-01,7.169886546387442827e-01,9.083202955085951658e-01,5.391370448217638334e-01,7.706915807951567610e-01,6.867577750580087237e-01,6.902266613046084132e-01,6.683563089636106458e-01,7.878765953559423441e-01,6.057850131707226415e-01,7.458621687665208944e-01
7.710842505577788497e-01,7.735773286140233962e-01,7.132849158651228816e-01,4.971947365176075939e-01,7.042090067809780862e-01,4.002115906826681502e-01,6.606209965012685426e-02,-5.858015656921387038e-01,7.830064972819140712e-01,1.000000000000000000e+00,4.786300992415004618e-01,4.837176350911780998e-01,7.963390470821430922e-01,7.912049835307123358e-01,3.995607581587423685e-01,9.002821360081316726e-01,5.750318865876710150e-01,6.872350785875213086e-01,6.895829046044911204e-01,6.449403834305509342e-01,4.654391218350497073e-01,6.763021716934762839e-01,8.199786063772679379e-01,4.531101948201269880e-01,8.189828939298019472e-01,7.643378116841440528e-01,7.111759437649373128e-01,7.380355576380362992e-01,6.482962271699495016e-01,8.014659952663392151e-01,7.432160426664866648e-01,6.434902517188548776e-01,7.172218528404885607e-01,5.138180384668481482e-01,7.387199665506131163e-01,8.168796034668307504e-01,8.299671102460524086e-01,5.432765521298863476e-01,6.577248992156616847e-01
5.172180572035850465e-01,4.770365432176046916e-01,4.938887756217428815e-01,-4.310112655840721285e-02,5.520323601728795992e-01,6.254957867313519770e-01,-1.295879553978368515e-01,-5.285542048863600684e-01,5.939021246869673476e-01,4.786300992415004618e-01,1.000000000000000000e+00,1.421005085841318960e-01,6.008191866483876264e-01,4.914659890321768088e-01,1.657662828144468000e-03,3.834327475433160770e-01,8.217179025310838991e-01,4.270882142817789551e-01,3.195325180001104548e-01,2.413972248551402855e-01,5.900087335331800631e-01,2.275592325411052164e-01,4.364492176391047140e-01,3.606565802136311172e-01,4.659651166249781373e-01,5.394966212677064776e-01,4.474011436782171502e-01,3.404350432798114445e-01,3.062854404451428869e-01,4.855349490012199620e-01,6.363058969034479651e-01,3.107574835084502274e-01,4.136046911381472402e-01,2.792046909703977953e-01,5.624342647181658217e-01,2.680997285927389506e-01,5.548799655041543044e-01,5.827804872425237370e-01,5.163283129811149230e-01
6.227739105210874371e-01,4.660952478639111551e-01,6.241505768309074664e-01,5.858811526611938936e-01,6.562604947407802980e-01,-2.876878793293958791e-01,-3.004905291148213253e-01,-3.844242723393401229e-01,5.543775255300357196e-01,4.837176350911780998e-01,1.421005085841318960e-01,1.000000000000000000e+00,2.964473882534242044e-01,6.784731067031850582e-01,9.078504961504152426e-01,6.400665919269933335e-01,2.607772552002468602e-01,5.789889564513523990e-01,7.279991267368952634e-01,7.150599672445320243e-01,3.566168601265884974e-01,6.903980916596507145e-01,6.378829329704114315e-01,3.245185212731284685e-01,5.682620589005160650e-01,6.656678460544389608e-01,7.241216483058415809e-01,7.698725750123694977e-01,3.520410296092632008e-01,2.809585082616237739e-01,5.809986131610525018e-01,3.668025044121504541e-01,6.975720027090911435e-01,8.684417619149705780e-01,4.368412711258928827e-01,5.596862529957103982e-01,5.067059977629675416e-01,6.558268165724590038e-01,7.618674682193973258e-01
6.308346154617187063e-01,6.582060112258146800e-01,5.845236344651808524e-01,3.125624917344664855e-01,5.664715919949209200e-01,5.657320686916853525e-01,1.045784396097746843e-01,-4.407674953736249734e-01,7.122331607846752455e-01,7.963390470821430922e-01,6.008191866483876264e-01,2.964473882534242044e-01,1.000000000000000000e+00,6.669046317638960275e-01,1.447645666421104316e-01,6.953229403192402458e-01,6.016164309691647283e-01,5.902974742345675763e-01,5.027920243528105626e-01,5.075076936714190134e-01,5.719186787603499633e-01,6.529403082318103735e-01,6.534373791142796817e-01,3.982259955160072362e-01,6.903067462504520746e-01,6.349418151641866848e-01,5.784443164815047389e-01,6.085059758791553364e-01,6.230597899356128400e-01,6.394121695849365183e-01,6.729076589103849537e-01,6.207138332793653568e-01,6.291953574569677521e-01,3.490062471110049747e-01,7.671562525522758191e-01,5.923668182360667389e-01,7.736710276877505343e-01,4.910040309538759029e-01,5.745260426093929951e-01
8.218253114288234240e-01,7.516267072963551676e-01,7.763684708458532535e-01,5.975360808253380451e-01,8.203631085027158765e-01,2.757830090304672077e-01,-7.094624202096751209e-02,-6.477192844521395543e-01,8.312998784409841857e-01,7.912049835307123358e-01,4.914659890321768088e-01,6.784731067031850582e-01,6.669046317638960275e-01,1.000000000000000000e+00,6.033717257773116849e-01,8.315104616709053653e-01,6.294890645620104808e-01,7.374285563264557641e-01,7.585966468269016438e-01,7.327065708149775869e-01,4.995288084970792575e-01,6.946441615707433792e-01,8.525449126910744635e-01,5.485904839153312729e-01,8.252121106583705235e-01,8.442485561651803527e-01,8.158600620698974737e-01,8.159334068427609443e-01,6.690061606630379742e-01,5.947854369277021380e-01,8.153845979662268650e-01,6.714906811469112391e-01,8.047012006490261715e-01,7.255883412489811946e-01,7.621805398254064556e-01,7.369670795593036283e-01,8.515901761438968709e-01,6.051431192530831726e-01,7.144687108400871178e-01
5.529930254769115372e-01,4.225560495302352337e-01,5.270639792454907546e-01,5.990449478931147986e-01,5.648546313631174209e-01,-3.432624300505326964e-01,-2.100489633797209266e-01,-3.076065262040407755e-01,4.382145312033535189e-01,3.995607581587423685e-01,1.657662828144468000e-03,9.078504961504152426e-01,1.447645666421104316e-01,6.033717257773116849e-01,1.000000000000000000e+00,5.759925839869328712e-01,1.772925303301562117e-01,4.809803888568825458e-01,6.778762744814438301e-01,6.531614547207561516e-01,1.930860608963264058e-01,6.138172241464139312e-01,5.721377652088875942e-01,2.486162980197755556e-01,4.846082236762277451e-01,6.009553732676240489e-01,6.287444245303662749e-01,7.183166454180454075e-01,3.359816186225067502e-01,2.332642172199233810e-01,4.576480653460243131e-01,3.311775905472442161e-01,6.412602112013078282e-01,8.019334105935731483e-01,3.512282890587848927e-01,5.249345857188446596e-01,4.282323675489016490e-01,5.556252353204770289e-01,6.191447618531423780e-01
8.473308401891864738e-01,8.051897715765691244e-01,7.462454418632316067e-01,5.981561163882188614e-01,7.558037602521929799e-01,1.938460455895522627e-01,2.784171830987299326e-02,-5.988396756356160200e-01,8.126593350043400665e-01,9.002821360081316726e-01,3.834327475433160770e-01,6.400665919269933335e-01,6.953229403192402458e-01,8.315104616709053653e-01,5.759925839869328712e-01,1.000000000000000000e+00,5.041792303315222323e-01,7.453670237692103795e-01,7.669486386239426912e-01,7.537119332641342151e-01,4.595595702394424942e-01,7.316937710217635837e-01,8.395969068372881594e-01,4.241457643736600835e-01,8.040290319622641624e-01,8.231043903508308279e-01,7.811329589510835891e-01,8.446441931914525636e-01,6.046240858120475181e-01,7.631079699422478324e-01,7.803322961502964228e-01,6.092034838226345617e-01,7.604287173129118393e-01,6.460002529587717257e-01,7.256952120744332158e-01,8.245181587657668398e-01,8.245232503485949715e-01,5.901520586910490307e-01,7.075872295612578577e-01
5.853674620141403606e-01,5.396046170197067449e-01,6.008235693850866310e-01,5.868516545719330152e-02,6.187151019959935550e-01,5.498660380101918488e-01,-2.044592073585125014e-01,-5.926557785222590358e-01,6.988239977007842940e-01,5.750318865876710150e-01,8.217179025310838991e-01,2.607772552002468602e-01,6.016164309691647283e-01,6.294890645620104808e-01,1.772925303301562117e-01,5.041792303315222323e-01,1.000000000000000000e+00,5.151800380857133321e-01,4.154470131099182173e-01,3.270659173347286175e-01,6.246522178172922990e-01,3.030893770853429481e-01,5.837838568929363259e-01,4.879769297273122142e-01,6.388167129463250271e-01,6.943845941692583512e-01,5.816897520326923532e-01,4.793818121355392092e-01,4.500359577468331929e-01,5.829875891335729587e-01,7.016589292935017097e-01,4.261411958505924025e-01,5.744548930461056413e-01,4.152877748710305794e-01,5.866730673126776541e-01,4.232368559574304356e-01,6.298885111748472321e-01,6.222817223694393496e-01,5.497608874799781997e-01
7.116537407093478373e-01,6.304029145195129136e-01,8.359635600537959066e-01,4.194205445675716626e-01,8.507373593435276771e-01,8.107210834472684813e-02,-7.636885786985414537e-02,-7.408397640591679600e-01,8.199470581897457810e-01,6.872350785875213086e-01,4.270882142817789551e-01,5.789889564513523990e-01,5.902974742345675763e-01,7.374285563264557641e-01,4.809803888568825458e-01,7.453670237692103795e-01,5.151800380857133321e-01,1.000000000000000000e+00,8.300855667871894772e-01,7.383547222926301057e-01,6.216790031495170732e-01,6.033470751618793537e-01,6.582648161369151207e-01,3.873095945797523365e-01,6.794304535327028161e-01,7.609853490558872169e-01,6.869823122994053177e-01,7.941142662138879205e-01,4.160071768333087339e-01,5.488416074069082384e-01,8.405199465239988621e-01,4.161244568137677513e-01,7.166919707341821155e-01,7.455297843126028612e-01,6.189325095492755890e-01,5.664570925964338421e-01,6.667925295703260868e-01,5.353478148801924519e-01,7.574121083635524387e-01
7.094665716742825090e-01,6.537086374847743686e-01,7.710293150983906774e-01,5.884126086573067127e-01,7.971297482069108487e-01,7.232906046128269491e-03,-1.241654150203950063e-01,-6.433347207052197980e-01,7.396098173246955509e-01,6.895829046044911204e-01,3.195325180001104548e-01,7.279991267368952634e-01,5.027920243528105626e-01,7.585966468269016438e-01,6.778762744814438301e-01,7.669486386239426912e-01,4.154470131099182173e-01,8.300855667871894772e-01,1.000000000000000000e+00,7.258598715614948960e-01,3.726697341759717674e-01,6.166777641005281030e-01,7.100085855823993208e-01,3.717972355078202895e-01,6.716037029398472802e-01,7.155079337136729389e-01,6.832665927375677350e-01,7.813273188512789291e-01,4.714800136494341487e-01,5.233218429171935249e-01,7.564337021193655586e-01,5.253013655963780781e-01,7.828889391922717600e-01,7.725507091715737573e-01,5.816215504088627641e-01,6.237787312865307188e-01,6.736522940367002388e-01,5.583814888624628603e-01,7.637918955956622957e-01
7.056408759179673140e-01,5.610517128965064604e-01,7.947428139839648464e-01,6.770589237051238829e-01,7.925611279026786304e-01,-6.956098792443661527e-02,7.677545702966895314e-02,-6.422583922899350872e-01,7.195052220529075671e-01,6.449403834305509342e-01,2.413972248551402855e-01,7.150599672445320243e-01,5.075076936714190134e-01,7.327065708149775869e-01,6.531614547207561516e-01,7.537119332641342151e-01,3.270659173347286175e-01,7.383547222926301057e-01,7.258598715614948960e-01,1.000000000000000000e+00,5.243570974718969602e-01,7.543293193006851416e-01,6.977136436539730369e-01,3.173179936540386215e-01,6.647438326153378707e-01,7.399907060868906594e-01,7.466531622296356252e-01,8.654666757789204468e-01,4.285966959984467972e-01,4.496096513192072153e-01,6.905528095664391630e-01,4.440341606281327791e-01,7.436183228806686474e-01,7.786287192535576995e-01,5.938376281603613416e-01,5.769862236690470603e-01,6.307459249103338772e-01,4.975323119346698464e-01,7.075694962305807412e-01
4.318545859670948062e-01,2.976925637247685441e-01,6.682060182335374243e-01,8.306536738265936359e-02,5.994610627047807228e-01,1.992022405097754745e-01,-2.138896379680206572e-01,-5.481402643596753332e-01,6.438039475362136166e-01,4.654391218350497073e-01,5.900087335331800631e-01,3.566168601265884974e-01,5.719186787603499633e-01,4.995288084970792575e-01,1.930860608963264058e-01,4.595595702394424942e-01,6.246522178172922990e-01,6.216790031495170732e-01,3.726697341759717674e-01,5.243570974718969602e-01,1.000000000000000000e+00,4.640800332532373229e-01,4.324563345126946068e-01,3.836532862682249245e-01,5.036216635945650610e-01,5.731646480516147113e-01,5.011077742305903859e-01,5.662269112691160622e-01,1.670330515992964060e-01,4.432139668330674076e-01,6.180981339995977875e-01,1.176779180213037013e-01,5.028303696645315402e-01,5.504744338647400426e-01,4.708664969721150229e-01,3.272471895589116886e-01,4.274606841230031429e-01,5.882186942482331427e-01,6.182753735497351633e-01
6.361483228659446931e-01,6.057944739476925911e-01,5.930847723084622380e-01,5.843654733613335983e-01,5.943708788562827028e-01,1.065261782349672531e-01,1.306318958254153451e-01,-3.424071405402123180e-01,6.173694697478177007e-01,6.763021716934762839e-01,2.275592325411052164e-01,6.903980916596507145e-01,6.529403082318103735e-01,6.946441615707433792e-01,6.138172241464139312e-01,7.316937710217635837e-01,3.030893770853429481e-01,6.033470751618793537e-01,6.166777641005281030e-01,7.543293193006851416e-01,4.640800332532373229e-01,1.000000000000000000e+00,6.786441701410376171e-01,3.322138176617684402e-01,6.516731898972188963e-01,6.527614438767597171e-01,6.328570587315104357e-01,7.817647792188781031e-01,5.911605796652625866e-01,4.596259339409186628e-01,5.574975974112990063e-01,5.550542140076661912e-01,7.570543776563122274e-01,6.055794257856262908e-01,6.889321284588942884e-01,6.575223132710708018e-01,6.898590658797075781e-01,4.834376236273504324e-01,5.977774036492569110e-01
8.012797619113256609e-01,6.959395788308914144e-01,6.896465959264761469e-01,6.113042178717658093e-01,7.268641838521138210e-01,3.279427127264650244e-01,-6.674025175604009945e-04,-5.798730234044282561e-01,7.396699478647553727e-01,8.199786063772679379e-01,4.364492176391047140e-01,6.378829329704114315e-01,6.534373791142796817e-01,8.525449126910744635e-01,5.721377652088875942e-01,8.395969068372881594e-01,5.837838568929363259e-01,6.582648161369151207e-01,7.100085855823993208e-01,6.977136436539730369e-01,4.324563345126946068e-01,6.786441701410376171e-01,1.000000000000000000e+00,5.326224174252466304e-01,8.816310690586979248e-01,8.019232684362703756e-01,8.005116785812349534e-01,7.810230184498648809e-01,6.869424869752017715e-01,5.916391920846207908e-01,7.136124871865430208e-01,7.234720148769643311e-01,7.173489826315401219e-01,6.251765757313050287e-01,7.299862000519937721e-01,7.201235186195428239e-01,8.314788968970613370e-01,5.860291857029154006e-01,6.781154046180656314e-01
3.136550509142099208e-01,2.824586370382089484e-01,4.580981087327170020e-01,2.717972888942518095e-01,4.255430079452743319e-01,2.608597112577740740e-01,-1.434738203727895511e-01,-4.201055397932445534e-01,4.719879836382614990e-01,4.531101948201269880e-01,3.606565802136311172e-01,3.245185212731284685e-01,3.982259955160072362e-01,5.485904839153312729e-01,2.486162980197755556e-01,4.241457643736600835e-01,4.879769297273122142e-01,3.873095945797523365e-01,3.717972355078202895e-01,3.173179936540386215e-01,3.836532862682249245e-01,3.322138176617684402e-01,5.326224174252466304e-01,1.000000000000000000e+00,6.071128489073560619e-01,4.082908906957354866e-01,3.911352192525712756e-01,3.695823507590295653e-01,3.718814807618588403e-01,3.591368302491771414e-01,4.117111578623736112e-01,3.683815349557639229e-01,5.196833768906410356e-01,3.817017285043742270e-01,4.989271870960308441e-01,4.156890349022389630e-01,4.509892773145066092e-01,3.160068641256725819e-01,4.302850399411126125e-01
7.378448143190994291e-01,6.558655923794318721e-01,7.182013272000955517e-01,5.239229484243155266e-01,7.116824235312317892e-01,3.660912790505162495e-01,-2.877706372678158139e-02,-5.935794497919230084e-01,7.503977806833305175e-01,8.189828939298019472e-01,4.659651166249781373e-01,5.682620589005160650e-01,6.903067462504520746e-01,8.252121106583705235e-01,4.846082236762277451e-01,8.040290319622641624e-01,6.388167129463250271e-01,6.794304535327028161e-01,6.716037029398472802e-01,6.647438326153378707e-01,5.036216635945650610e-01,6.516731898972188963e-01,8.816310690586979248e-01,6.071128489073560619e-01,1.000000000000000000e+00,7.739761453759449461e-01,7.560525460540264975e-01,7.466841730489743867e-01,6.375974022635697569e-01,6.118263999012433230e-01,7.322565396888265354e-01,6.342600263991968745e-01,7.498377698404826708e-01,6.169421641687935498e-01,7.612415532947296448e-01,7.136272108432916150e-01,8.081017617095608285e-01,5.493770362072140090e-01,6.794858649075428136e-01
8.717203778985895823e-01,7.572502108484880923e-01,7.881603541998379869e-01,4.609330490547583481e-01,8.428490053145892835e-01,1.790646032445883107e-01,-9.265907572017438587e-02,-6.590707285967840612e-01,8.668438341766970812e-01,7.643378116841440528e-01,5.394966212677064776e-01,6.656678460544389608e-01,6.349418151641866848e-01,8.442485561651803527e-01,6.009553732676240489e-01,8.231043903508308279e-01,6.943845941692583512e-01,7.609853490558872169e-01,7.155079337136729389e-01,7.399907060868906594e-01,5.731646480516147113e-01,6.527614438767597171e-01,8.019232684362703756e-01,4.082908906957354866e-01,7.739761453759449461e-01,1.000000000000000000e+00,8.954586915040728679e-01,8.525863096865851087e-01,5.609709227918275865e-01,6.488893544131283386e-01,8.676674343288787172e-01,5.385337462903945216e-01,7.585298726032176919e-01,7.424714635359255244e-01,6.755966427270624353e-01,7.151375849610227542e-01,7.866244214535833557e-01,6.948543582122176376e-01,7.501391688242706746e-01
8.444303497637977163e-01,6.435115732398651867e-01,7.583585979634974716e-01,5.376242366375462156e-01,8.027103400092475693e-01,9.338292033510871282e-02,-1.326494826427855878e-01,-6.156781671561910585e-01,7.934468842446250614e-01,7.111759437649373128e-01,4.474011436782171502e-01,7.241216483058415809e-01,5.784443164815047389e-01,8.158600620698974737e-01,6.287444245303662749e-01,7.811329589510835891e-01,5.816897520326923532e-01,6.869823122994053177e-01,6.832665927375677350e-01,7.466531622296356252e-01,5.011077742305903859e-01,6.328570587315104357e-01,8.005116785812349534e-01,3.911352192525712756e-01,7.560525460540264975e-01,8.954586915040728679e-01,1.000000000000000000e+00,8.290249183296406477e-01,5.287932289513431749e-01,5.264321271592069529e-01,8.134321366877195203e-01,5.412596066113638527e-01,7.057843716598434236e-01,7.712382810057084592e-01,6.214555357718752893e-01,6.816936136147121461e-01,7.193310643081999300e-01,6.483797118631600132e-01,7.488134319424162300e-01
8.236328057038045936e-01,7.016262154422847619e-01,7.804541755749914156e-01,6.701565710330358305e-01,8.153603516067281509e-01,1.804163200154077981e-02,2.316368667616233029e-02,-5.836746788950495368e-01,8.119996715803672327e-01,7.380355576380362992e-01,3.404350432798114445e-01,7.698725750123694977e-01,6.085059758791553364e-01,8.159334068427609443e-01,7.183166454180454075e-01,8.446441931914525636e-01,4.793818121355392092e-01,7.941142662138879205e-01,7.813273188512789291e-01,8.654666757789204468e-01,5.662269112691160622e-01,7.817647792188781031e-01,7.810230184498648809e-01,3.695823507590295653e-01,7.466841730489743867e-01,8.525863096865851087e-01,8.290249183296406477e-01,1.000000000000000000e+00,5.545998223180629294e-01,5.494986820689944373e-01,7.947955315047879887e-01,5.252798291196159042e-01,7.729962795109083240e-01,8.113411412727662420e-01,6.963675336941612670e-01,6.995119471572651682e-01,7.496511343529693727e-01,6.148288337329981257e-01,7.626996603500016958e-01
6.314636686405930011e-01,6.708924595102088162e-01,3.847652828127645641e-01,5.180103821257582286e-01,4.403897311395371106e-01,4.700887855111423042e-01,1.713101673681277637e-01,-2.763312378725658047e-01,5.258115933468907599e-01,6.482962271699495016e-01,3.062854404451428869e-01,3.520410296092632008e-01,6.230597899356128400e-01,6.690061606630379742e-01,3.359816186225067502e-01,6.046240858120475181e-01,4.500359577468331929e-01,4.160071768333087339e-01,4.714800136494341487e-01,4.285966959984467972e-01,1.670330515992964060e-01,5.911605796652625866e-01,6.869424869752017715e-01,3.718814807618588403e-01,6.375974022635697569e-01,5.609709227918275865e-01,5.287932289513431749e-01,5.545998223180629294e-01,1.000000000000000000e+00,4.068526551833817617e-01,4.736545498454361458e-01,8.212641857929847689e-01,5.709533905635554296e-01,2.989404055325231568e-01,7.212828665924860827e-01,5.616902018908590533e-01,7.718635810400222841e-01,2.379115244622743708e-01,3.424730510246989934e-01
6.267130073209723484e-01,6.833760104612882635e-01,6.128798756237098244e-01,2.386176725934288367e-01,5.887030427961689183e-01,3.576231160372885798e-01,-3.770281552099982031e-02,-5.537311691617214926e-01,7.169886546387442827e-01,8.014659952663392151e-01,4.855349490012199620e-01,2.809585082616237739e-01,6.394121695849365183e-01,5.947854369277021380e-01,2.332642172199233810e-01,7.631079699422478324e-01,5.829875891335729587e-01,5.488416074069082384e-01,5.233218429171935249e-01,4.496096513192072153e-01,4.432139668330674076e-01,4.596259339409186628e-01,5.916391920846207908e-01,3.591368302491771414e-01,6.118263999012433230e-01,6.488893544131283386e-01,5.264321271592069529e-01,5.494986820689944373e-01,4.068526551833817617e-01,1.000000000000000000e+00,6.434131846970706503e-01,4.151672535842506617e-01,5.963141750687938059e-01,3.527743564138670629e-01,5.057299591396184901e-01,7.557245110942830690e-01,6.306119950711428501e-01,4.803824769580142262e-01,4.984637391751144397e-01
8.328861213750556880e-01,7.499876361454991258e-01,8.195309384054070279e-01,3.877602107891472971e-01,8.686968292997713226e-01,2.299237976130218408e-01,-1.258788759821220793e-01,-7.301864374759050591e-01,9.083202955085951658e-01,7.432160426664866648e-01,6.363058969034479651e-01,5.809986131610525018e-01,6.729076589103849537e-01,8.153845979662268650e-01,4.576480653460243131e-01,7.803322961502964228e-01,7.016589292935017097e-01,8.405199465239988621e-01,7.564337021193655586e-01,6.905528095664391630e-01,6.180981339995977875e-01,5.574975974112990063e-01,7.136124871865430208e-01,4.117111578623736112e-01,7.322565396888265354e-01,8.676674343288787172e-01,8.134321366877195203e-01,7.947955315047879887e-01,4.736545498454361458e-01,6.434131846970706503e-01,1.000000000000000000e+00,4.730897979174569778e-01,7.183319475209065663e-01,7.212855415086627531e-01,6.778895794000088237e-01,6.210215246735915073e-01,7.608387122709150407e-01,6.665454119013834999e-01,7.973247993134040534e-01
5.958051822929455454e-01,6.251606421445615736e-01,4.201120336059098181e-01,5.456906592540391454e-01,4.749059901587447952e-01,4.473786351747481294e-01,1.264581238621857173e-01,-3.589218529846618377e-01,5.391370448217638334e-01,6.434902517188548776e-01,3.107574835084502274e-01,3.668025044121504541e-01,6.207138332793653568e-01,6.714906811469112391e-01,3.311775905472442161e-01,6.092034838226345617e-01,4.261411958505924025e-01,4.161244568137677513e-01,5.253013655963780781e-01,4.440341606281327791e-01,1.176779180213037013e-01,5.550542140076661912e-01,7.234720148769643311e-01,3.683815349557639229e-01,6.342600263991968745e-01,5.385337462903945216e-01,5.412596066113638527e-01,5.252798291196159042e-01,8.212641857929847689e-01,4.151672535842506617e-01,4.730897979174569778e-01,1.000000000000000000e+00,5.678954330836345488e-01,2.989516414880076800e-01,6.644448827405642355e-01,5.300052734980725822e-01,7.735876540805795010e-01,2.896431843939761275e-01,3.726142453838735547e-01
6.729752044083547879e-01,6.469488593436045765e-01,8.033467058046123155e-01,5.460086915203091751e-01,7.689688249382076179e-01,1.591878120484633008e-01,-1.425669197202135974e-01,-6.287130907001969859e-01,7.706915807951567610e-01,7.172218528404885607e-01,4.136046911381472402e-01,6.975720027090911435e-01,6.291953574569677521e-01,8.047012006490261715e-01,6.412602112013078282e-01,7.604287173129118393e-01,5.744548930461056413e-01,7.166919707341821155e-01,7.828889391922717600e-01,7.436183228806686474e-01,5.028303696645315402e-01,7.570543776563122274e-01,7.173489826315401219e-01,5.196833768906410356e-01,7.498377698404826708e-01,7.585298726032176919e-01,7.057843716598434236e-01,7.729962795109083240e-01,5.709533905635554296e-01,5.963141750687938059e-01,7.183319475209065663e-01,5.678954330836345488e-01,1.000000000000000000e+00,7.400089751273898342e-01,6.851259242641354330e-01,6.734867875866109577e-01,7.266553732889750039e-01,5.743605314489198532e-01,7.262467411593117594e-01
6.488251607850467062e-01,4.542079013545718413e-01,8.002870817019344107e-01,5.492109473341528769e-01,8.133216196270162124e-01,-2.347981423132037004e-01,-3.035373802041172464e-01,-6.074878482197636487e-01,6.867577750580087237e-01,5.138180384668481482e-01,2.792046909703977953e-01,8.684417619149705780e-01,3.490062471110049747e-01,7.255883412489811946e-01,8.019334105935731483e-01,6.460002529587717257e-01,4.152877748710305794e-01,7.455297843126028612e-01,7.725507091715737573e-01,7.786287192535576995e-01,5.504744338647400426e-01,6.055794257856262908e-01,6.251765757313050287e-01,3.817017285043742270e-01,6.169421641687935498e-01,7.424714635359255244e-01,7.712382810057084592e-01,8.113411412727662420e-01,2.989404055325231568e-01,3.527743564138670629e-01,7.212855415086627531e-01,2.989516414880076800e-01,7.400089751273898342e-01,1.000000000000000000e+00,4.588884996946514527e-01,5.309333002012199820e-01,5.114108691168812726e-01,6.369916940056887800e-01,8.083807296640442841e-01
7.403695792816784582e-01,7.220473058692824520e-01,5.973457751193197440e-01,4.765208280313965594e-01,6.401550465776288945e-01,4.782520954517075484e-01,1.503705458650108906e-01,-4.942580115662087437e-01,6.902266613046084132e-01,7.387199665506131163e-01,5.624342647181658217e-01,4.368412711258928827e-01,7.671562525522758191e-01,7.621805398254064556e-01,3.512282890587848927e-01,7.256952120744332158e-01,5.866730673126776541e-01,6.189325095492755890e-01,5.816215504088627641e-01,5.938376281603613416e-01,4.708664969721150229e-01,6.889321284588942884e-01,7.299862000519937721e-01,4.989271870960308441e-01,7.612415532947296448e-01,6.755966427270624353e-01,6.214555357718752893e-01,6.963675336941612670e-01,7.212828665924860827e-01,5.057299591396184901e-01,6.778895794000088237e-01,6.644448827405642355e-01,6.851259242641354330e-01,4.588884996946514527e-01,1.000000000000000000e+00,6.061338072346421635e-01,8.672147641019000153e-01,4.624554608803729816e-01,5.824375352377678672e-01
7.099026725473916999e-01,6.993915321688047859e-01,5.997670976121863839e-01,4.814557737625217437e-01,6.151576379678311834e-01,1.845948823134852534e-01,1.745396369793813726e-02,-4.233436901608769176e-01,6.683563089636106458e-01,8.168796034668307504e-01,2.680997285927389506e-01,5.596862529957103982e-01,5.923668182360667389e-01,7.369670795593036283e-01,5.249345857188446596e-01,8.245181587657668398e-01,4.232368559574304356e-01,5.664570925964338421e-01,6.237787312865307188e-01,5.769862236690470603e-01,3.272471895589116886e-01,6.575223132710708018e-01,7.201235186195428239e-01,4.156890349022389630e-01,7.136272108432916150e-01,7.151375849610227542e-01,6.816936136147121461e-01,6.995119471572651682e-01,5.616902018908590533e-01,7.557245110942830690e-01,6.210215246735915073e-01,5.300052734980725822e-01,6.734867875866109577e-01,5.309333002012199820e-01,6.061338072346421635e-01,1.000000000000000000e+00,7.089554988939092972e-01,4.466663623267082550e-01,5.298600597129266010e-01
8.389068186701457153e-01,8.439667524400242815e-01,6.579235299175478779e-01,5.183004316062541639e-01,7.217591560588862976e-01,4.641551606241687278e-01,7.993877379577372932e-02,-5.633994547332206171e-01,7.878765953559423441e-01,8.299671102460524086e-01,5.548799655041543044e-01,5.067059977629675416e-01,7.736710276877505343e-01,8.515901761438968709e-01,4.282323675489016490e-01,8.245232503485949715e-01,6.298885111748472321e-01,6.667925295703260868e-01,6.736522940367002388e-01,6.307459249103338772e-01,4.274606841230031429e-01,6.898590658797075781e-01,8.314788968970613370e-01,4.509892773145066092e-01,8.081017617095608285e-01,7.866244214535833557e-01,7.193310643081999300e-01,7.496511343529693727e-01,7.718635810400222841e-01,6.306119950711428501e-01,7.608387122709150407e-01,7.735876540805795010e-01,7.266553732889750039e-01,5.114108691168812726e-01,8.672147641019000153e-01,7.089554988939092972e-01,1.000000000000000000e+00,5.358199064413736723e-01,6.295727021549600844e-01
5.906888109747174820e-01,4.720390287606753277e-01,5.967871683675658456e-01,1.319666052502917741e-01,6.246559224159839996e-01,9.329866991904864348e-02,-4.363468763574366860e-01,-4.614937546150418290e-01,6.057850131707226415e-01,5.432765521298863476e-01,5.827804872425237370e-01,6.558268165724590038e-01,4.910040309538759029e-01,6.051431192530831726e-01,5.556252353204770289e-01,5.901520586910490307e-01,6.222817223694393496e-01,5.353478148801924519e-01,5.583814888624628603e-01,4.975323119346698464e-01,5.882186942482331427e-01,4.834376236273504324e-01,5.860291857029154006e-01,3.160068641256725819e-01,5.493770362072140090e-01,6.948543582122176376e-01,6.483797118631600132e-01,6.148288337329981257e-01,2.379115244622743708e-01,4.803824769580142262e-01,6.665454119013834999e-01,2.896431843939761275e-01,5.743605314489198532e-01,6.369916940056887800e-01,4.624554608803729816e-01,4.466663623267082550e-01,5.358199064413736723e-01,1.000000000000000000e+00,8.214961868669788947e-01
6.928672385836649461e-01,5.463609540757752292e-01,7.844560653798459127e-01,3.758644479007345329e-01,7.966818578338934476e-01,8.529596838054700689e-03,-3.692138603608153824e-01,-6.366609817483745992e-01,7.458621687665208944e-01,6.577248992156616847e-01,5.163283129811149230e-01,7.618674682193973258e-01,5.745260426093929951e-01,7.144687108400871178e-01,6.191447618531423780e-01,7.075872295612578577e-01,5.497608874799781997e-01,7.574121083635524387e-01,7.637918955956622957e-01,7.075694962305807412e-01,6.182753735497351633e-01,5.977774036492569110e-01,6.781154046180656314e-01,4.302850399411126125e-01,6.794858649075428136e-01,7.501391688242706746e-01,7.488134319424162300e-01,7.626996603500016958e-01,3.424730510246989934e-01,4.984637391751144397e-01,7.973247993134040534e-01,3.726142453838735547e-01,7.262467411593117594e-01,8.083807296640442841e-01,5.824375352377678672e-01,5.298600597129266010e-01,6.295727021549600844e-01,8.214961868669788947e-01,1.000000000000000000e+00
