1.000000000000000000e+00,4.393833556961489473e-01,3.266894707949165588e-01,-3.705706877981592151e-01,2.395388047544258492e-01,1.555624330117694742e-01,1.439815815569478463e-01,-3.264011242306375515e-01,3.010671530427513343e-01,2.361008562077188122e-01,2.026705495507314658e-01,-2.072870669876865080e-01,1.031714155362947055e-01,3.392835509217280165e-01,-2.122443172750371754e-01,2.829243571304900229e-01,1.947827525831077600e-01,-9.725936841437413105e-02,-8.877965353534675308e-02,-1.467653989553814875e-01,4.158853701305491035e-01,1.780238824929118724e-01,-2.093041365847838481e-02,3.238261019518903772e-02,4.743610442715465864e-02,3.834397251461701961e-01,3.024304239144989248e-01,4.020814864731284688e-01,3.783313098288393350e-01,3.653282810405976688e-01,4.797694551101269744e-01,1.772867067738707891e-01,2.113302343785948556e-01,-1.074937225387669754e-01,3.869891327493360511e-01,2.537867584099167684e-01,3.209294274977947947e-01,-1.429424045244970798e-01,9.974633143576784600e-02
4.393833556961489473e-01,1.000000000000000000e+00,3.846811221458873442e-01,-3.067786157772963151e-01,2.621928984964334575e-01,4.502216136466339891e-01,3.817541920560760804e-01,-3.824978698570236091e-01,2.724800110177847956e-01,5.525391828053387577e-01,4.635718437106685630e-01,-3.901592180470520588e-01,1.902213237203540241e-01,5.293974314497775779e-01,-3.517357864871133444e-01,5.119156519610386091e-01,4.374057046182778796e-01,-9.670714837556361465e-02,-1.843917202004355937e-01,-2.128530874194041467e-02,3.702352197757670105e-01,2.436789914773736243e-01,2.869207040368763617e-01,3.534440169622184991e-01,3.990616636331761891e-01,5.358797842069374928e-01,3.614481752459596658e-02,5.202677949981159289e-01,5.301047320912395389e-01,5.488910822109701604e-01,4.954100284684151423e-01,5.017502951915508991e-01,4.771503265584914888e-01,-2.643569062068247821e-01,4.978127051700100836e-01,1.549074721447663561e-01,5.818994688606579091e-01,-3.613738087377441066e-01,5.010714615563514537e-03
3.266894707949165588e-01,3.846811221458873442e-01,1.000000000000000000e+00,-3.666055501899266877e-01,4.939721945742365228e-01,2.578883741394704665e-01,1.469689620801234164e-01,-6.915866963939236722e-01,3.787282811357752244e-01,4.132087856238191304e-01,2.967528839257725370e-01,-1.124641730339173140e-01,6.584439108097159786e-03,5.028970237167611490e-01,-1.179053538322541034e-01,4.379055405521813382e-01,2.444162782753301622e-01,-2.000281974819710928e-01,8.195602209885462230e-02,6.364201919239183269e-02,3.679975225297043018e-01,2.739933100110117370e-01,1.738477121928793945e-01,2.058201762645386068e-01,2.599790403006735917e-01,4.413233900379258112e-01,1.958423143352201745e-01,5.987208688131847589e-01,3.410008101687826976e-01,3.467289719584100705e-01,4.655199636261569407e-01,2.904259739707749644e-01,3.876156338969005133e-01,2.794703505730800411e-02,3.399040176561151094e-01,2.769269386157777180e-01,3.946776956008870019e-01,-7.605204917930839803e-02,2.957066404513707392e-01
-3.705706877981592151e-01,-3.067786157772963151e-01,-3.666055501899266877e-01,1.000000000000000000e+00,-2.151801607056096910e-01,-2.275283557788269628e-01,-6.790396302424625552e-02,4.176246506343056497e-01,-2.346503944369770223e-01,-3.381447461983168035e-01,-2.448194850000848521e-01,1.831795181246922144e-01,-1.229070582788538701e-01,-3.292774901391968267e-01,1.485638699634082016e-01,-2.691360481189247755e-01,-2.121300944348155360e-01,1.740259398452426720e-01,-2.006717235226972845e-02,3.708391016207653323e-01,-4.849373822373152509e-01,-7.725356595755369926e-02,-1.060089349780845708e-01,-1.419305800998982292e-01,-1.799265440570689822e-01,-4.569549996293506000e-01,-1.578764628275459714e-01,-4.889503830561120479e-01,-3.571357479723088479e-01,-3.033585172811502084e-01,-4.645379852319223568e-01,-2.086748413603662367e-01,-3.258837367587283929e-01,1.975671949008326808e-02,-3.768060528099601014e-01,-1.231677638111346590e-01,-3.167899407864598338e-01,2.430676363825748920e-01,-1.042048203845977739e-01
2.395388047544258492e-01,2.621928984964334575e-01,4.939721945742365228e-01,-2.151801607056096910e-01,1.000000000000000000e+00,-4.293493573189856305e-02,3.721198103934766216e-02,-4.912922435000245391e-01,5.361255131240469929e-01,2.021659739583769044e-01,-1.141262775297380468e-02,5.628355077608493406e-02,-2.509132220547847236e-01,3.349079293357219989e-01,5.882000943914448415e-02,3.479076778280130178e-01,-6.366578314051708765e-02,-3.055370925138608529e-01,1.061418021733168543e-01,-2.036018141774205426e-02,2.420557161262929802e-01,9.690329630515727433e-03,-1.183683763046851876e-02,-1.857917418592671538e-02,2.924331961831174928e-02,2.137258987766013085e-01,2.064782322017668648e-01,4.093909073429260470e-01,1.009008695185761029e-01,3.650208336538295351e-01,3.091593537158696114e-01,5.107440347845897122e-02,1.095575118404204518e-01,2.494563725235056095e-01,1.120971430193017232e-01,2.856891166547799732e-01,1.249181689864322653e-01,-7.659342254030306052e-02,3.871727422109983441e-01
1.555624330117694742e-01,4.502216136466339891e-01,2.578883741394704665e-01,-2.275283557788269628e-01,-4.293493573189856305e-02,1.000000000000000000e+00,2.961166969170891394e-01,-2.708927647211756828e-01,-7.427011490852462872e-02,5.952263845376003504e-01,6.746619579095657349e-01,-3.460435997499373140e-01,4.350701838865031479e-01,4.548012180431300067e-01,-3.236464359323935613e-01,3.957782016998906416e-01,6.634580568669207201e-01,4.071785043687536909e-02,-1.363705074898261538e-01,4.622593665804648755e-02,1.791686716391616419e-01,3.312103335134390925e-01,5.368341577416887445e-01,6.006569116514814954e-01,6.224679839674822635e-01,5.200876604709359086e-01,-9.002814007467435653e-02,4.149709278674590940e-01,5.015066696370050758e-01,2.394945737838794497e-01,3.693219723962766765e-01,6.548033439578840875e-01,6.470506882625807199e-01,-3.439309465482967565e-01,4.311746230227719301e-01,-7.659215701724797487e-02,6.421611699173612742e-01,-1.982303362480062614e-01,-1.248001819265697893e-01
1.439815815569478463e-01,3.817541920560760804e-01,1.469689620801234164e-01,-6.790396302424625552e-02,3.721198103934766216e-02,2.961166969170891394e-01,1.000000000000000000e+00,-1.378478696435699313e-01,-1.004223367160530511e-01,2.847994123692543789e-01,2.732094370101244563e-01,-6.173121499280195268e-01,1.142045617502900623e-01,3.240529477759859223e-01,-5.234326990771311916e-01,7.699992165081538664e-02,3.223836620194455160e-01,1.807780965393981365e-01,-3.039362107723626583e-01,-6.666845094528109361e-02,3.920428687791008282e-01,7.114280343315455835e-02,3.722614011477534679e-02,1.488388100113773038e-01,1.522219617363693434e-01,2.867692892784549641e-01,-1.316811325962475021e-01,2.472937647363739611e-01,4.792156602848113289e-01,3.052039662558788113e-01,3.105534985886097554e-01,2.437811839643327372e-01,1.938202824943442981e-01,-5.282277319598616128e-01,4.925590121103681218e-01,2.974718868936876773e-02,3.408359676104988356e-01,-4.248898527522526614e-01,-3.440126604723061643e-01
-3.264011242306375515e-01,-3.824978698570236091e-01,-6.915866963939236722e-01,4.176246506343056497e-01,-4.912922435000245391e-01,-2.708927647211756828e-01,-1.378478696435699313e-01,1.000000000000000000e+00,-3.727601668465279627e-01,-4.244620882443480014e-01,-3.016792161061991884e-01,1.206052781139380220e-01,-1.681585897032027502e-02,-4.855904178459594656e-01,1.094576918367207996e-01,-4.412133111441530753e-01,-2.570464545649174259e-01,2.156148441546588412e-01,-6.177467430050728042e-02,1.974126476603387317e-02,-3.907697102549037016e-01,-2.683168499413361996e-01,-2.087977387020223397e-01,-2.351689905469235842e-01,-2.850254664505859070e-01,-4.487855183843322271e-01,-1.585176825109757826e-01,-6.031468554689903838e-01,-3.335628675974900981e-01,-3.578133108718011823e-01,-4.611140018035037036e-01,-3.080094041009501238e-01,-4.067361744068790919e-01,-4.594696825030336607e-02,-3.317024522856588664e-01,-2.263247088213000691e-01,-3.979100492401827505e-01,1.203008344986920691e-01,-2.694676039450038529e-01
3.010671530427513343e-01,2.724800110177847956e-01,3.787282811357752244e-01,-2.346503944369770223e-01,5.361255131240469929e-01,-7.427011490852462872e-02,-1.004223367160530511e-01,-3.727601668465279627e-01,1.000000000000000000e+00,1.805736059781900271e-01,-2.438136870645321932e-02,2.056567269224210681e-01,-1.699010601959291822e-01,2.983646015093755488e-01,2.050987151073372650e-01,4.282360403260749293e-01,-7.161740864463031486e-02,-2.267629953804913279e-01,2.216416919661977625e-01,3.114361845268689977e-02,1.605641739508577581e-01,6.173303780051172390e-02,5.583749901851048358e-02,2.897529218079233308e-03,5.045867600194443858e-02,2.421293266997915916e-01,2.537958056470267509e-01,3.817201492472619417e-01,8.182328550106355430e-04,4.093211400847712733e-01,2.783706118368811655e-01,4.890843311844689234e-02,1.100370930090140142e-01,3.640848221166831378e-01,2.486851556417596712e-02,3.492953922787588872e-01,8.741392081884101495e-02,4.299905532442499512e-02,4.414158676433813655e-01
2.361008562077188122e-01,5.525391828053387577e-01,4.132087856238191304e-01,-3.381447461983168035e-01,2.021659739583769044e-01,5.952263845376003504e-01,2.847994123692543789e-01,-4.244620882443480014e-01,1.805736059781900271e-01,1.000000000000000000e+00,5.902798410831696652e-01,-2.993455644595333642e-01,2.917378370191378578e-01,5.430742391594540752e-01,-2.780223954530552377e-01,5.608396717483458138e-01,5.457794623521966537e-01,-4.593873562870320199e-02,1.971316222844643473e-02,-2.254847665900411996e-02,3.116426162540235634e-01,3.473647319464172045e-01,4.971534058890098584e-01,5.437006697147962475e-01,5.975167201408108086e-01,6.078126971831193659e-01,3.117626427643705248e-02,5.549287487645112593e-01,5.049753708802459107e-01,4.509891658331175446e-01,4.833710338133938023e-01,6.201117766586556890e-01,6.253547042288337687e-01,-2.135020654717599831e-01,4.507713365204002454e-01,2.989905655963203540e-02,6.362829476993993039e-01,-2.522487731817288359e-01,1.179556005826974258e-01
2.026705495507314658e-01,4.635718437106685630e-01,2.967528839257725370e-01,-2.448194850000848521e-01,-1.141262775297380468e-02,6.746619579095657349e-01,2.732094370101244563e-01,-3.016792161061991884e-01,-2.438136870645321932e-02,5.902798410831696652e-01,1.000000000000000000e+00,-3.373172621069325250e-01,4.508558117329828918e-01,4.974422754833072724e-01,-3.133373791323268431e-01,4.135179865219117401e-01,6.732759099736578268e-01,2.102400219281732111e-02,-1.617339171348460003e-01,8.040235390714742247e-02,1.982393559052618992e-01,3.328189697945395098e-01,5.142553434559200554e-01,5.935407014604733300e-01,5.913000590950708846e-01,5.399386745381397068e-01,-1.574395927429728809e-02,4.503794583117551320e-01,5.158042661761083059e-01,2.558469188718247578e-01,4.099182246842905664e-01,6.489525707199939042e-01,6.532410767708615174e-01,-3.295364734847282540e-01,4.483077674281035763e-01,-4.399327654745761700e-03,6.506812092458789110e-01,-1.666063291250408085e-01,-8.896848352036701435e-02
-2.072870669876865080e-01,-3.901592180470520588e-01,-1.124641730339173140e-01,1.831795181246922144e-01,5.628355077608493406e-02,-3.460435997499373140e-01,-6.173121499280195268e-01,1.206052781139380220e-01,2.056567269224210681e-01,-2.993455644595333642e-01,-3.373172621069325250e-01,1.000000000000000000e+00,-2.267182814932787449e-01,-3.050844455591555371e-01,6.302160784206246591e-01,-2.552928724149003056e-02,-3.605154963572146931e-01,-9.073511131496346527e-02,4.161516176426650615e-01,1.750496653873182817e-01,-4.222108480819559140e-01,-9.272034744615603730e-02,-8.731321245054334684e-03,-1.416448139938427109e-01,-1.438045103900560950e-01,-3.044830100371693216e-01,1.671593527469461549e-01,-2.380551012381683096e-01,-5.581858131335620810e-01,-2.535024588909801646e-01,-3.370248037818648901e-01,-2.692206913840397564e-01,-2.374157427108334328e-01,6.219370493985404424e-01,-5.651163692258094340e-01,-1.741178515761095634e-03,-3.939621043774206299e-01,5.265788385570400187e-01,3.977253392812671318e-01
1.031714155362947055e-01,1.902213237203540241e-01,6.584439108097159786e-03,-1.229070582788538701e-01,-2.509132220547847236e-01,4.350701838865031479e-01,1.142045617502900623e-01,-1.681585897032027502e-02,-1.699010601959291822e-01,2.917378370191378578e-01,4.508558117329828918e-01,-2.267182814932787449e-01,1.000000000000000000e+00,1.649731019188373504e-01,-2.571592852432649234e-01,1.313411581558726893e-01,4.542027643651793678e-01,8.858267832687453935e-02,-1.744854182238476936e-01,-1.300463470117271814e-02,1.038793682367844945e-01,2.782782162090831068e-01,2.922778298294200772e-01,3.607449404633686352e-01,3.276002694172489571e-01,2.337457119169281672e-01,-1.055105313268653866e-01,1.630993076307586109e-01,3.156763221573148370e-01,1.321097832222080555e-02,1.601612997261802063e-01,3.469877046622544814e-01,4.106343552271697339e-01,-3.011287179893850641e-01,2.713870886191152021e-01,-1.226604593250083114e-01,3.661772068578085793e-01,-1.073335471570810162e-01,-1.834413132242541933e-01
3.392835509217280165e-01,5.293974314497775779e-01,5.028970237167611490e-01,-3.292774901391968267e-01,3.349079293357219989e-01,4.548012180431300067e-01,3.240529477759859223e-01,-4.855904178459594656e-01,2.983646015093755488e-01,5.430742391594540752e-01,4.974422754833072724e-01,-3.050844455591555371e-01,1.649731019188373504e-01,1.000000000000000000e+00,-2.881871229212709662e-01,4.861775871733660104e-01,4.414397758902883218e-01,-8.131236220731130615e-02,-1.560773154048891199e-02,6.709219351177446444e-02,3.507969842884873235e-01,1.738181756627477648e-01,2.580171482461727228e-01,3.398698544453057080e-01,3.662631882202666556e-01,5.792365075156447052e-01,1.718643861381997373e-01,5.917954649713346171e-01,5.438422382610414996e-01,3.956204050822804685e-01,5.672074713438980398e-01,4.563936045886941573e-01,4.904203991877564839e-01,-1.979899502026480351e-01,5.280429348763714392e-01,2.741017634600581010e-01,5.722772178837431944e-01,-1.812028833524405025e-01,1.198535638499807071e-01
-2.122443172750371754e-01,-3.517357864871133444e-01,-1.179053538322541034e-01,1.485638699634082016e-01,5.882000943914448415e-02,-3.236464359323935613e-01,-5.234326990771311916e-01,1.094576918367207996e-01,2.050987151073372650e-01,-2.780223954530552377e-01,-3.133373791323268431e-01,6.302160784206246591e-01,-2.571592852432649234e-01,-2.881871229212709662e-01,1.000000000000000000e+00,8.653842074104647897e-03,-3.157692724948262808e-01,-4.327441274071417571e-02,3.485817269889907588e-01,1.449098555510823227e-01,-3.967027193461862278e-01,-9.171816375047500691e-02,5.504291739451860205e-02,-5.699550845771372137e-02,-1.009173316186889602e-01,-2.475814188809252747e-01,1.598510829638159769e-01,-2.361471582636640310e-01,-5.600002380247837142e-01,-1.919914678575352085e-01,-3.228037085203415701e-01,-2.225494980284631885e-01,-2.124365330567995758e-01,6.365995534155449720e-01,-5.767726704038761421e-01,-8.939579011713552625e-02,-3.868731481996315336e-01,4.935375819033165912e-01,2.585671413842487998e-01
2.829243571304900229e-01,5.119156519610386091e-01,4.379055405521813382e-01,-2.691360481189247755e-01,3.479076778280130178e-01,3.957782016998906416e-01,7.699992165081538664e-02,-4.412133111441530753e-01,4.282360403260749293e-01,5.608396717483458138e-01,4.135179865219117401e-01,-2.552928724149003056e-02,1.313411581558726893e-01,4.861775871733660104e-01,8.653842074104647897e-03,1.000000000000000000e+00,3.675266554801185914e-01,-1.056371419358073244e-01,1.522842335770233091e-01,8.769441713535988669e-02,1.620063361509526678e-01,3.025757041994683316e-01,4.582315661367986070e-01,4.426878121088277940e-01,4.908541216600289525e-01,4.905021265266699682e-01,1.149166797205970897e-01,5.071293037210531374e-01,2.767836227663251214e-01,4.771915651584336948e-01,3.822405337017839022e-01,4.910502899532507293e-01,5.031704200772686431e-01,8.609004355530303076e-02,2.320541050042385367e-01,1.150128162036701401e-01,4.828879334276845459e-01,-8.181094802553290357e-02,2.725126542468520596e-01
1.947827525831077600e-01,4.374057046182778796e-01,2.444162782753301622e-01,-2.121300944348155360e-01,-6.366578314051708765e-02,6.634580568669207201e-01,3.223836620194455160e-01,-2.570464545649174259e-01,-7.161740864463031486e-02,5.457794623521966537e-01,6.732759099736578268e-01,-3.605154963572146931e-01,4.542027643651793678e-01,4.414397758902883218e-01,-3.157692724948262808e-01,3.675266554801185914e-01,1.000000000000000000e+00,1.021120763748749050e-01,-1.997906116695381540e-01,5.169502690402269507e-02,2.185583436022688064e-01,3.475317409667074142e-01,5.210643627556158508e-01,5.985957270239993244e-01,5.771943497011760016e-01,4.959083988205827409e-01,-6.576505848349341321e-02,4.010468825457459419e-01,4.930083073745855082e-01,2.598136612746365648e-01,3.742272930970862443e-01,6.344143509025544914e-01,6.240878847070667756e-01,-3.545116426175708435e-01,4.389152378882330563e-01,-6.706196315641957395e-02,6.183892204423010464e-01,-1.896331590431870051e-01,-1.757269881141103329e-01
-9.725936841437413105e-02,-9.670714837556361465e-02,-2.000281974819710928e-01,1.740259398452426720e-01,-3.055370925138608529e-01,4.071785043687536909e-02,1.807780965393981365e-01,2.156148441546588412e-01,-2.267629953804913279e-01,-4.593873562870320199e-02,2.102400219281732111e-02,-9.073511131496346527e-02,8.858267832687453935e-02,-8.131236220731130615e-02,-4.327441274071417571e-02,-1.056371419358073244e-01,1.021120763748749050e-01,1.000000000000000000e+00,6.041414207965198346e-02,4.041656328841606444e-02,7.066217022689186972e-03,4.008489083945346310e-02,2.961598305136873069e-02,5.528549721084315138e-02,2.021225593540137283e-02,-4.814686692621227178e-03,-1.096828049207108913e-02,-1.762109225831383907e-01,7.871953334993462767e-03,-4.860393043076572522e-02,-6.596309628304787565e-02,-2.342791095729126441e-04,-4.900515945703195347e-02,-2.277559020835090153e-01,4.888546792677399971e-02,-4.789460630104423744e-02,-4.430854039568110636e-02,1.507985753878376967e-01,-2.604817957018594199e-01
-8.877965353534675308e-02,-1.843917202004355937e-01,8.195602209885462230e-02,-2.006717235226972845e-02,1.061418021733168543e-01,-1.363705074898261538e-01,-3.039362107723626583e-01,-6.177467430050728042e-02,2.216416919661977625e-01,1.971316222844643473e-02,-1.617339171348460003e-01,4.161516176426650615e-01,-1.744854182238476936e-01,-1.560773154048891199e-02,3.485817269889907588e-01,1.522842335770233091e-01,-1.997906116695381540e-01,6.041414207965198346e-02,1.000000000000000000e+00,4.458975192011019328e-02,-1.106219312564416801e-01,3.789060965189576524e-02,2.810219392229290972e-02,-6.976406587420636018e-02,-8.930474190816344374e-03,-2.300071426852280838e-03,2.221744188823150112e-01,1.693964512626099442e-02,-2.301523106347727610e-01,-6.240259003980283548e-02,-2.855257816021114503e-02,-1.288270074332446835e-01,-8.926561905429593324e-02,3.692403283827837002e-01,-2.109719040857288286e-01,6.868288042228755386e-02,-1.568958352173690229e-01,3.548795814472497367e-01,4.659742034129258914e-01
-1.467653989553814875e-01,-2.128530874194041467e-02,6.364201919239183269e-02,3.708391016207653323e-01,-2.036018141774205426e-02,4.622593665804648755e-02,-6.666845094528109361e-02,1.974126476603387317e-02,3.114361845268689977e-02,-2.254847665900411996e-02,8.040235390714742247e-02,1.750496653873182817e-01,-1.300463470117271814e-02,6.709219351177446444e-02,1.449098555510823227e-01,8.769441713535988669e-02,5.169502690402269507e-02,4.041656328841606444e-02,4.458975192011019328e-02,1.000000000000000000e+00,-3.718070992700490129e-01,1.153711156915265823e-01,1.079895611494406937e-01,1.058586344746705044e-01,7.808864669622446464e-02,-7.677966962654260430e-02,4.073517498029079892e-02,-4.924597028993280695e-02,-1.267515786850178239e-01,-1.055716000826542461e-01,-1.298577209001413602e-01,6.942147820352012610e-02,4.587209206964280167e-02,4.456019701404497629e-02,-1.655433272310994630e-01,1.245506005676967065e-01,1.325851480677765586e-02,3.070374645322032081e-01,8.925721169339113914e-02
4.158853701305491035e-01,3.702352197757670105e-01,3.679975225297043018e-01,-4.849373822373152509e-01,2.420557161262929802e-01,1.791686716391616419e-01,3.920428687791008282e-01,-3.907697102549037016e-01,1.605641739508577581e-01,3.116426162540235634e-01,1.982393559052618992e-01,-4.222108480819559140e-01,1.038793682367844945e-01,3.507969842884873235e-01,-3.967027193461862278e-01,1.620063361509526678e-01,2.185583436022688064e-01,7.066217022689186972e-03,-1.106219312564416801e-01,-3.718070992700490129e-01,1.000000000000000000e+00,1.305598329268391755e-01,-5.624142381151857328e-02,2.859476530117430540e-02,6.014396113811696504e-02,4.093887055683547160e-01,9.372513581460865939e-02,4.669515923464231388e-01,4.823385799867656032e-01,3.909630170701131058e-01,5.317406576869109225e-01,1.458034688684301527e-01,2.183416225146308232e-01,-2.609997971934506222e-01,5.374546381635630921e-01,1.675767556617128173e-01,3.179787647056587785e-01,-3.793176497949414805e-01,-4.011260931177005294e-03
1.780238824929118724e-01,2.436789914773736243e-01,2.739933100110117370e-01,-7.725356595755369926e-02,9.690329630515727433e-03,3.312103335134390925e-01,7.114280343315455835e-02,-2.683168499413361996e-01,6.173303780051172390e-02,3.473647319464172045e-01,3.328189697945395098e-01,-9.272034744615603730e-02,2.782782162090831068e-01,1.738181756627477648e-01,-9.171816375047500691e-02,3.025757041994683316e-01,3.475317409667074142e-01,4.008489083945346310e-02,3.789060965189576524e-02,1.153711156915265823e-01,1.305598329268391755e-01,1.000000000000000000e+00,3.345390635405907642e-01,3.328460198164381878e-01,3.710347607159023009e-01,2.657833415903767538e-01,4.123442852876244187e-03,2.402035808705529352e-01,1.749446187493232663e-01,2.138984683617204674e-01,2.008708414538780407e-01,3.551976567959080899e-01,3.805760286414585636e-01,-7.705752757021315513e-02,1.405851808381108625e-01,-7.070365142362261546e-02,3.077118254634624850e-01,-4.343105084343665961e-02,5.804487793776304250e-02
-2.093041365847838481e-02,2.869207040368763617e-01,1.738477121928793945e-01,-1.060089349780845708e-01,-1.183683763046851876e-02,5.368341577416887445e-01,3.722614011477534679e-02,-2.087977387020223397e-01,5.583749901851048358e-02,4.971534058890098584e-01,5.142553434559200554e-01,-8.731321245054334684e-03,2.922778298294200772e-01,2.580171482461727228e-01,5.504291739451860205e-02,4.582315661367986070e-01,5.210643627556158508e-01,2.961598305136873069e-02,2.810219392229290972e-02,1.079895611494406937e-01,-5.624142381151857328e-02,3.345390635405907642e-01,1.000000000000000000e+00,6.648775485121261042e-01,6.574010969076330424e-01,3.610850611466801530e-01,-1.014935405143441299e-01,2.754156956845144055e-01,1.482168233491203968e-01,2.320260439967409827e-01,1.418662648323645581e-01,6.033867409717657004e-01,5.664737083018336339e-01,6.281706962967488483e-03,6.414075063326835080e-02,-2.095328147383085093e-01,4.430510029362420554e-01,-1.495007189886649220e-02,1.886457096625260982e-02
3.238261019518903772e-02,3.534440169622184991e-01,2.058201762645386068e-01,-1.419305800998982292e-01,-1.857917418592671538e-02,6.006569116514814954e-01,1.488388100113773038e-01,-2.351689905469235842e-01,2.897529218079233308e-03,5.437006697147962475e-01,5.935407014604733300e-01,-1.416448139938427109e-01,3.607449404633686352e-01,3.398698544453057080e-01,-5.699550845771372137e-02,4.426878121088277940e-01,5.985957270239993244e-01,5.528549721084315138e-02,-6.976406587420636018e-02,1.058586344746705044e-01,2.859476530117430540e-02,3.328460198164381878e-01,6.648775485121261042e-01,1.000000000000000000e+00,6.626619679074826630e-01,4.346204286177445808e-01,-8.228023377783003078e-02,3.279565540986415506e-01,2.778702212419084661e-01,2.342291020717909844e-01,2.273920130652534732e-01,6.463683934130486364e-01,6.145266668825302148e-01,-1.143450182350640304e-01,1.884940107750839866e-01,-1.870642491547299668e-01,5.217983757196222871e-01,-7.968389457148133959e-02,-6.714580101753045427e-02
4.743610442715465864e-02,3.990616636331761891e-01,2.599790403006735917e-01,-1.799265440570689822e-01,2.924331961831174928e-02,6.224679839674822635e-01,1.522219617363693434e-01,-2.850254664505859070e-01,5.045867600194443858e-02,5.975167201408108086e-01,5.913000590950708846e-01,-1.438045103900560950e-01,3.276002694172489571e-01,3.662631882202666556e-01,-1.009173316186889602e-01,4.908541216600289525e-01,5.771943497011760016e-01,2.021225593540137283e-02,-8.930474190816344374e-03,7.808864669622446464e-02,6.014396113811696504e-02,3.710347607159023009e-01,6.574010969076330424e-01,6.626619679074826630e-01,1.000000000000000000e+00,4.803274470214866088e-01,-1.019568098252482125e-01,3.830539018470817125e-01,3.148012051027966884e-01,2.741497010724661121e-01,2.577514074713510017e-01,6.588145546593207058e-01,6.414887748249321620e-01,-1.194958726221456158e-01,2.261665597512136916e-01,-1.300795976075887206e-01,5.568190595353237349e-01,-1.121352933002090768e-01,1.208088726574056693e-02
3.834397251461701961e-01,5.358797842069374928e-01,4.413233900379258112e-01,-4.569549996293506000e-01,2.137258987766013085e-01,5.200876604709359086e-01,2.867692892784549641e-01,-4.487855183843322271e-01,2.421293266997915916e-01,6.078126971831193659e-01,5.399386745381397068e-01,-3.044830100371693216e-01,2.337457119169281672e-01,5.792365075156447052e-01,-2.475814188809252747e-01,4.905021265266699682e-01,4.959083988205827409e-01,-4.814686692621227178e-03,-2.300071426852280838e-03,-7.677966962654260430e-02,4.093887055683547160e-01,2.657833415903767538e-01,3.610850611466801530e-01,4.346204286177445808e-01,4.803274470214866088e-01,1.000000000000000000e+00,1.793799392975381490e-01,6.000389107151251622e-01,5.447342959510078630e-01,4.228690671843196025e-01,5.883196652100404211e-01,5.251179279310467241e-01,5.669300631217584208e-01,-1.873793824719514611e-01,5.111724209534805885e-01,1.359651626035794092e-01,5.930298691183263360e-01,-1.729164804044279191e-01,7.398614893753287236e-02
3.024304239144989248e-01,3.614481752459596658e-02,1.958423143352201745e-01,-1.578764628275459714e-01,2.064782322017668648e-01,-9.002814007467435653e-02,-1.316811325962475021e-01,-1.585176825109757826e-01,2.537958056470267509e-01,3.117626427643705248e-02,-1.574395927429728809e-02,1.671593527469461549e-01,-1.055105313268653866e-01,1.718643861381997373e-01,1.598510829638159769e-01,1.149166797205970897e-01,-6.576505848349341321e-02,-1.096828049207108913e-02,2.221744188823150112e-01,4.073517498029079892e-02,9.372513581460865939e-02,4.123442852876244187e-03,-1.014935405143441299e-01,-8.228023377783003078e-02,-1.019568098252482125e-01,1.793799392975381490e-01,1.000000000000000000e+00,1.475803557177916836e-01,5.290415786201770748e-02,1.305311827537834202e-01,3.015785317389955700e-01,-4.619905140198764248e-02,-2.368922264289137838e-02,1.796438911335448141e-01,6.952077506718547240e-02,2.422933741060881163e-01,1.031641022843088167e-02,2.940481161525280163e-01,2.674596086309636300e-01
4.020814864731284688e-01,5.202677949981159289e-01,5.987208688131847589e-01,-4.889503830561120479e-01,4.093909073429260470e-01,4.149709278674590940e-01,2.472937647363739611e-01,-6.031468554689903838e-01,3.817201492472619417e-01,5.549287487645112593e-01,4.503794583117551320e-01,-2.380551012381683096e-01,1.630993076307586109e-01,5.917954649713346171e-01,-2.361471582636640310e-01,5.071293037210531374e-01,4.010468825457459419e-01,-1.762109225831383907e-01,1.693964512626099442e-02,-4.924597028993280695e-02,4.669515923464231388e-01,2.402035808705529352e-01,2.754156956845144055e-01,3.279565540986415506e-01,3.830539018470817125e-01,6.000389107151251622e-01,1.475803557177916836e-01,1.000000000000000000e+00,4.909539202653922518e-01,4.506605103728820172e-01,5.747156199176323144e-01,4.295088773693670481e-01,5.242392113219428440e-01,-8.719385949335760333e-02,4.810215209115195067e-01,2.672882185506737507e-01,5.402796712610329344e-01,-2.086151381757078982e-01,2.222982544760137846e-01
3.783313098288393350e-01,5.301047320912395389e-01,3.410008101687826976e-01,-3.571357479723088479e-01,1.009008695185761029e-01,5.015066696370050758e-01,4.792156602848113289e-01,-3.335628675974900981e-01,8.182328550106355430e-04,5.049753708802459107e-01,5.158042661761083059e-01,-5.581858131335620810e-01,3.156763221573148370e-01,5.438422382610414996e-01,-5.600002380247837142e-01,2.767836227663251214e-01,4.930083073745855082e-01,7.871953334993462767e-03,-2.301523106347727610e-01,-1.267515786850178239e-01,4.823385799867656032e-01,1.749446187493232663e-01,1.482168233491203968e-01,2.778702212419084661e-01,3.148012051027966884e-01,5.447342959510078630e-01,5.290415786201770748e-02,4.909539202653922518e-01,1.000000000000000000e+00,3.290022124769648726e-01,5.600390948622752108e-01,4.434546335767554637e-01,4.565515185165149314e-01,-4.998057766916688682e-01,6.813963382441873273e-01,1.452241401987660885e-01,6.056147661367441426e-01,-3.769245892968904332e-01,-1.222750571214463178e-01
3.653282810405976688e-01,5.488910822109701604e-01,3.467289719584100705e-01,-3.033585172811502084e-01,3.650208336538295351e-01,2.394945737838794497e-01,3.052039662558788113e-01,-3.578133108718011823e-01,4.093211400847712733e-01,4.509891658331175446e-01,2.558469188718247578e-01,-2.535024588909801646e-01,1.321097832222080555e-02,3.956204050822804685e-01,-1.919914678575352085e-01,4.771915651584336948e-01,2.598136612746365648e-01,-4.860393043076572522e-02,-6.240259003980283548e-02,-1.055716000826542461e-01,3.909630170701131058e-01,2.138984683617204674e-01,2.320260439967409827e-01,2.342291020717909844e-01,2.741497010724661121e-01,4.228690671843196025e-01,1.305311827537834202e-01,4.506605103728820172e-01,3.290022124769648726e-01,1.000000000000000000e+00,4.456708304520123343e-01,3.418387731262079177e-01,3.132852805366726501e-01,-9.342190310926712371e-02,3.509022342456289412e-01,1.516959716267450853e-01,3.761103324063591047e-01,-3.140298230731738971e-01,9.912474632690011778e-02
4.797694551101269744e-01,4.954100284684151423e-01,4.655199636261569407e-01,-4.645379852319223568e-01,3.091593537158696114e-01,3.693219723962766765e-01,3.105534985886097554e-01,-4.611140018035037036e-01,2.783706118368811655e-01,4.833710338133938023e-01,4.099182246842905664e-01,-3.370248037818648901e-01,1.601612997261802063e-01,5.672074713438980398e-01,-3.228037085203415701e-01,3.822405337017839022e-01,3.742272930970862443e-01,-6.596309628304787565e-02,-2.855257816021114503e-02,-1.298577209001413602e-01,5.317406576869109225e-01,2.008708414538780407e-01,1.418662648323645581e-01,2.273920130652534732e-01,2.577514074713510017e-01,5.883196652100404211e-01,3.015785317389955700e-01,5.747156199176323144e-01,5.600390948622752108e-01,4.456708304520123343e-01,1.000000000000000000e+00,3.612512309902635166e-01,4.170868885297592810e-01,-2.146312316607330573e-01,5.649714995279629948e-01,2.640715330721600251e-01,5.036299284263326959e-01,-2.202622674345869058e-01,1.188416544469475256e-01
1.772867067738707891e-01,5.017502951915508991e-01,2.904259739707749644e-01,-2.086748413603662367e-01,5.107440347845897122e-02,6.548033439578840875e-01,2.437811839643327372e-01,-3.080094041009501238e-01,4.890843311844689234e-02,6.201117766586556890e-01,6.489525707199939042e-01,-2.692206913840397564e-01,3.469877046622544814e-01,4.563936045886941573e-01,-2.225494980284631885e-01,4.910502899532507293e-01,6.344143509025544914e-01,-2.342791095729126441e-04,-1.288270074332446835e-01,6.942147820352012610e-02,1.458034688684301527e-01,3.551976567959080899e-01,6.033867409717657004e-01,6.463683934130486364e-01,6.588145546593207058e-01,5.251179279310467241e-01,-4.619905140198764248e-02,4.295088773693670481e-01,4.434546335767554637e-01,3.418387731262079177e-01,3.612512309902635166e-01,1.000000000000000000e+00,6.536050021399479881e-01,-2.322214922885112165e-01,3.594369168521520108e-01,-7.553631936929849910e-02,6.419176627795564194e-01,-1.928334150502034050e-01,-4.582052721629040204e-02
2.113302343785948556e-01,4.771503265584914888e-01,3.876156338969005133e-01,-3.258837367587283929e-01,1.095575118404204518e-01,6.470506882625807199e-01,1.938202824943442981e-01,-4.067361744068790919e-01,1.100370930090140142e-01,6.253547042288337687e-01,6.532410767708615174e-01,-2.374157427108334328e-01,4.106343552271697339e-01,4.904203991877564839e-01,-2.124365330567995758e-01,5.031704200772686431e-01,6.240878847070667756e-01,-4.900515945703195347e-02,-8.926561905429593324e-02,4.587209206964280167e-02,2.183416225146308232e-01,3.805760286414585636e-01,5.664737083018336339e-01,6.145266668825302148e-01,6.414887748249321620e-01,5.669300631217584208e-01,-2.368922264289137838e-02,5.242392113219428440e-01,4.565515185165149314e-01,3.132852805366726501e-01,4.170868885297592810e-01,6.536050021399479881e-01,1.000000000000000000e+00,-1.835203249651182755e-01,3.827557161330624180e-01,-6.639254226862819144e-03,6.377854129480688972e-01,-1.686339062113789700e-01,2.305411565407219573e-02
-1.074937225387669754e-01,-2.643569062068247821e-01,2.794703505730800411e-02,1.975671949008326808e-02,2.494563725235056095e-01,-3.439309465482967565e-01,-5.282277319598616128e-01,-4.594696825030336607e-02,3.640848221166831378e-01,-2.135020654717599831e-01,-3.295364734847282540e-01,6.219370493985404424e-01,-3.011287179893850641e-01,-1.979899502026480351e-01,6.365995534155449720e-01,8.609004355530303076e-02,-3.545116426175708435e-01,-2.277559020835090153e-01,3.692403283827837002e-01,4.456019701404497629e-02,-2.609997971934506222e-01,-7.705752757021315513e-02,6.281706962967488483e-03,-1.143450182350640304e-01,-1.194958726221456158e-01,-1.873793824719514611e-01,1.796438911335448141e-01,-8.719385949335760333e-02,-4.998057766916688682e-01,-9.342190310926712371e-02,-2.146312316607330573e-01,-2.322214922885112165e-01,-1.835203249651182755e-01,1.000000000000000000e+00,-5.027108374097079002e-01,-1.355241373688835342e-02,-3.442804591051953911e-01,3.820645308742239288e-01,4.021668726078260758e-01
3.869891327493360511e-01,4.978127051700100836e-01,3.399040176561151094e-01,-3.768060528099601014e-01,1.120971430193017232e-01,4.311746230227719301e-01,4.925590121103681218e-01,-3.317024522856588664e-01,2.486851556417596712e-02,4.507713365204002454e-01,4.483077674281035763e-01,-5.651163692258094340e-01,2.713870886191152021e-01,5.280429348763714392e-01,-5.767726704038761421e-01,2.320541050042385367e-01,4.389152378882330563e-01,4.888546792677399971e-02,-2.109719040857288286e-01,-1.655433272310994630e-01,5.374546381635630921e-01,1.405851808381108625e-01,6.414075063326835080e-02,1.884940107750839866e-01,2.261665597512136916e-01,5.111724209534805885e-01,6.952077506718547240e-02,4.810215209115195067e-01,6.813963382441873273e-01,3.509022342456289412e-01,5.649714995279629948e-01,3.594369168521520108e-01,3.827557161330624180e-01,-5.027108374097079002e-01,1.000000000000000000e+00,1.965123084622392713e-01,5.453913444236959673e-01,-3.857332364081712539e-01,-1.236555931339902437e-01
2.537867584099167684e-01,1.549074721447663561e-01,2.769269386157777180e-01,-1.231677638111346590e-01,2.856891166547799732e-01,-7.659215701724797487e-02,2.974718868936876773e-02,-2.263247088213000691e-01,3.492953922787588872e-01,2.989905655963203540e-02,-4.399327654745761700e-03,-1.741178515761095634e-03,-1.226604593250083114e-01,2.741017634600581010e-01,-8.939579011713552625e-02,1.150128162036701401e-01,-6.706196315641957395e-02,-4.789460630104423744e-02,6.868288042228755386e-02,1.245506005676967065e-01,1.675767556617128173e-01,-7.070365142362261546e-02,-2.095328147383085093e-01,-1.870642491547299668e-01,-1.300795976075887206e-01,1.359651626035794092e-01,2.422933741060881163e-01,2.672882185506737507e-01,1.452241401987660885e-01,1.516959716267450853e-01,2.640715330721600251e-01,-7.553631936929849910e-02,-6.639254226862819144e-03,-1.355241373688835342e-02,1.965123084622392713e-01,1.000000000000000000e+00,6.432932858259916842e-02,8.172808295653102850e-02,2.566465519469205425e-01
3.209294274977947947e-01,5.818994688606579091e-01,3.946776956008870019e-01,-3.167899407864598338e-01,1.249181689864322653e-01,6.421611699173612742e-01,3.408359676104988356e-01,-3.979100492401827505e-01,8.741392081884101495e-02,6.362829476993993039e-01,6.506812092458789110e-01,-3.939621043774206299e-01,3.661772068578085793e-01,5.722772178837431944e-01,-3.868731481996315336e-01,4.828879334276845459e-01,6.183892204423010464e-01,-4.430854039568110636e-02,-1.568958352173690229e-01,1.325851480677765586e-02,3.179787647056587785e-01,3.077118254634624850e-01,4.430510029362420554e-01,5.217983757196222871e-01,5.568190595353237349e-01,5.930298691183263360e-01,1.031641022843088167e-02,5.402796712610329344e-01,6.056147661367441426e-01,3.761103324063591047e-01,5.036299284263326959e-01,6.419176627795564194e-01,6.377854129480688972e-01,-3.442804591051953911e-01,5.453913444236959673e-01,6.432932858259916842e-02,1.000000000000000000e+00,-2.786239501027711341e-01,-2.093917928741864665e-02
-1.429424045244970798e-01,-3.613738087377441066e-01,-7.605204917930839803e-02,2.430676363825748920e-01,-7.659342254030306052e-02,-1.982303362480062614e-01,-4.248898527522526614e-01,1.203008344986920691e-01,4.299905532442499512e-02,-2.522487731817288359e-01,-1.666063291250408085e-01,5.265788385570400187e-01,-1.073335471570810162e-01,-1.812028833524405025e-01,4.935375819033165912e-01,-8.181094802553290357e-02,-1.896331590431870051e-01,1.507985753878376967e-01,3.548795814472497367e-01,3.070374645322032081e-01,-3.793176497949414805e-01,-4.343105084343665961e-02,-1.495007189886649220e-02,-7.968389457148133959e-02,-1.121352933002090768e-01,-1.729164804044279191e-01,2.940481161525280163e-01,-2.086151381757078982e-01,-3.769245892968904332e-01,-3.140298230731738971e-01,-2.202622674345869058e-01,-1.928334150502034050e-01,-1.686339062113789700e-01,3.820645308742239288e-01,-3.857332364081712539e-01,8.172808295653102850e-02,-2.786239501027711341e-01,1.000000000000000000e+00,2.362660399786680465e-01
9.974633143576784600e-02,5.010714615563514537e-03,2.957066404513707392e-01,-1.042048203845977739e-01,3.871727422109983441e-01,-1.248001819265697893e-01,-3.440126604723061643e-01,-2.694676039450038529e-01,4.414158676433813655e-01,1.179556005826974258e-01,-8.896848352036701435e-02,3.977253392812671318e-01,-1.834413132242541933e-01,1.198535638499807071e-01,2.585671413842487998e-01,2.725126542468520596e-01,-1.757269881141103329e-01,-2.604817957018594199e-01,4.659742034129258914e-01,8.925721169339113914e-02,-4.011260931177005294e-03,5.804487793776304250e-02,1.886457096625260982e-02,-6.714580101753045427e-02,1.208088726574056693e-02,7.398614893753287236e-02,2.674596086309636300e-01,2.222982544760137846e-01,-1.222750571214463178e-01,9.912474632690011778e-02,1.188416544469475256e-01,-4.582052721629040204e-02,2.305411565407219573e-02,4.021668726078260758e-01,-1.236555931339902437e-01,2.566465519469205425e-01,-2.093917928741864665e-02,2.362660399786680465e-01,1.000000000000000000e+00
