1.000000000000000000e+00,8.053900278634341658e-01,6.249575630895163464e-02,-8.375681896014780525e-01,-2.620587619452911521e-01,8.513855967787934409e-01,-4.864882098503261476e-01,-2.595943236202145621e-01,-7.235555632436578843e-01,7.948577165059955707e-01,3.820526974494134476e-01,-6.172226625768568731e-01,-2.363029849033819740e-01,6.855283855244544977e-01,7.862485315258210816e-01,7.180713442624248044e-01,8.387357332987666059e-01,-4.297099687055673245e-01,-6.669386566767224744e-01,6.248961348128065363e-02,8.544443018562580816e-01,5.032011181251213605e-01,1.279601054522413461e-01,-1.153168707763993217e-01,6.951248973869342818e-01,8.428688499099653564e-01,5.773749603807026842e-01,8.542342773752442664e-01,8.587357958213266418e-01,6.443980108045666011e-01,7.827687901006875615e-01,7.766087907471164176e-01,8.419302030289999017e-01,3.910874989017465442e-01,8.395398756439471644e-01,6.054352611933396799e-01,8.721234054808609804e-01,-7.531649195322338564e-01,-7.752530773749161108e-01
8.053900278634341658e-01,1.000000000000000000e+00,2.257805985578521801e-01,-6.427997535421372532e-01,3.166053937851759370e-02,6.269386148104389989e-01,-4.465677117505669758e-01,-3.752932879246038134e-01,-4.352221877485046853e-01,8.200236938871831027e-01,5.327670395761046063e-01,-6.687503360531453778e-01,-5.415647442195901107e-01,6.131491833133538849e-01,5.367288145975142033e-01,8.195011318579609183e-01,6.166235537691039381e-01,-1.618389341870732634e-01,-4.383056300906411629e-01,6.817426492712709563e-02,6.216443775400255500e-01,4.027876787903690303e-01,7.790414039860478479e-02,-3.812350018335167179e-02,6.408156090672711969e-01,7.659953220729964762e-01,6.721991951833434786e-01,6.864956692334074351e-01,5.979109500776866870e-01,7.957301223233929077e-01,8.213531757574751291e-01,8.052277892870332021e-01,7.730081199207428089e-01,4.396684336721881636e-01,6.751603960893290957e-01,5.248140720049849772e-01,6.974791021131621083e-01,-5.554278379319385062e-01,-4.951158330023773813e-01
6.249575630895163464e-02,2.257805985578521801e-01,1.000000000000000000e+00,1.104541637531363529e-01,7.379399033956144383e-01,-8.794537614661403213e-02,3.017547215401368832e-01,-9.128378955624526503e-01,3.587433503131348123e-01,1.489068043654195317e-01,6.846541171235343004e-02,7.475640137600021717e-02,-3.663617525005473663e-01,2.556289304482922131e-01,-2.296582715201118674e-01,3.190689163089593383e-01,-1.682121005112306444e-01,4.927849230059865304e-01,4.146676300249624303e-01,5.585378443674441362e-01,4.613171286911305069e-02,4.966997509518598641e-01,2.444406520460903343e-01,-2.065028228584606662e-01,2.478378840968988861e-01,3.298447480426576206e-01,3.462082132465490458e-01,2.479309506966978216e-01,-2.182428344883471927e-02,4.007048692244484789e-01,2.929581488957150870e-01,1.961642410577258411e-01,2.440704708373762910e-01,3.081501546639940359e-01,-2.648911494671766717e-02,6.566745417928082640e-02,3.730783694490909762e-03,3.305208165697838263e-01,3.311154577052242143e-01
-8.375681896014780525e-01,-6.427997535421372532e-01,1.104541637531363529e-01,1.000000000000000000e+00,3.986051074225215873e-01,-9.045841165838550690e-01,5.557215086562172779e-01,1.010083865728382130e-01,8.503793877385212863e-01,-7.120577994436448899e-01,-3.618204359484812893e-01,6.657759479351651466e-01,1.299270490489577989e-01,-6.219570495718586001e-01,-8.880610267730546514e-01,-5.377997728818082468e-01,-8.996482590741042840e-01,5.359706866530098424e-01,7.699909231617698691e-01,1.168473308938633576e-01,-8.425983821294411591e-01,-3.899982794746310044e-01,-1.843043471330636784e-02,1.490592020815970642e-01,-5.855265531274242985e-01,-7.125705366632444360e-01,-5.293074010372570415e-01,-7.780203740774980226e-01,-8.245476472574294613e-01,-4.118713316513779032e-01,-7.309795212986432977e-01,-7.499279129486714490e-01,-8.190411857586757938e-01,-3.447134499082730730e-01,-8.703793176681999810e-01,-5.211427462736780702e-01,-8.839657194813791419e-01,8.523736737655662754e-01,8.272671398125333031e-01
-2.620587619452911521e-01,3.166053937851759370e-02,7.379399033956144383e-01,3.986051074225215873e-01,1.000000000000000000e+00,-4.377916401564708737e-01,3.703141488945748128e-01,-6.442199772695303972e-01,6.637175057916288035e-01,-8.691206979065020655e-02,2.504464343868905707e-01,1.330872677691979644e-01,-3.450327849726280149e-01,1.360693507800799784e-01,-5.334995633475566601e-01,1.203633911605739848e-01,-4.466104850864480169e-01,6.917940710778357483e-01,6.581389786914314532e-01,2.519987086909042384e-01,-3.771014035898147543e-01,3.682350786740383464e-02,1.849326325114632463e-01,1.328189570511677936e-02,5.402996367238038777e-02,-5.550705145820721692e-02,1.513740181512123195e-01,-2.047233677830678222e-01,-3.854150076419814996e-01,2.274789932680637838e-01,8.027051549906811384e-03,-2.781664117667927150e-02,-7.901038490965062167e-02,3.416901785505566669e-01,-2.971672353081008522e-01,-1.256240584593801835e-01,-3.322520182215940032e-01,5.899484708114300924e-01,6.689837509566168849e-01
8.513855967787934409e-01,6.269386148104389989e-01,-8.794537614661403213e-02,-9.045841165838550690e-01,-4.377916401564708737e-01,1.000000000000000000e+00,-5.603693549861197276e-01,-1.057989198411144194e-01,-8.812421557308028897e-01,7.461783898193390385e-01,2.642319992687002794e-01,-6.521654226007975730e-01,-9.973080886501599351e-02,6.589757193120665546e-01,8.726008939712716073e-01,5.746117451076895311e-01,9.278389121293756370e-01,-5.435247383249136588e-01,-7.597208117389974147e-01,-6.565181642407215412e-02,8.919091812043741241e-01,4.416385433979516661e-01,1.451334504603633280e-01,-1.024693486657527047e-01,6.110746222113028203e-01,7.409425300062658648e-01,5.439024619112807768e-01,8.375674051746625492e-01,8.775562072017119020e-01,3.978640316592145787e-01,7.318326970962778510e-01,7.428417187264375610e-01,8.381285399399158731e-01,2.473396878315207159e-01,9.115927215224375324e-01,5.394294338133472921e-01,9.214776144018677062e-01,-8.670756702466607679e-01,-8.594548174701007737e-01
-4.864882098503261476e-01,-4.465677117505669758e-01,3.017547215401368832e-01,5.557215086562172779e-01,3.703141488945748128e-01,-5.603693549861197276e-01,1.000000000000000000e+00,-1.544640481080657990e-01,6.069021318941089094e-01,-4.398474973294076995e-01,-2.528666360369936639e-01,4.276478408275377063e-01,1.816841607538593473e-01,-3.267780017305685347e-01,-6.004076681875178956e-01,-3.858602008759816071e-01,-5.676014248091290071e-01,5.500746689729719696e-01,7.090163677567861145e-01,1.293125707668475177e-01,-4.355481186880779676e-01,-4.882375751321860191e-02,9.954301339703713891e-02,5.177100970256279244e-02,-1.225576702601805512e-01,-3.115076079522141050e-01,-2.826919616027354643e-01,-3.735865268086607793e-01,-4.170852071335346967e-01,-2.768371678280612258e-01,-4.557343466817553312e-01,-4.468802394203934547e-01,-4.949663869078353984e-01,-2.743721637649978451e-01,-5.226045277941603340e-01,-5.501124611572408840e-01,-5.018974482637439394e-01,6.731205081494232578e-01,6.192935157055351469e-01
-2.595943236202145621e-01,-3.752932879246038134e-01,-9.128378955624526503e-01,1.010083865728382130e-01,-6.442199772695303972e-01,-1.057989198411144194e-01,-1.544640481080657990e-01,1.000000000000000000e+00,-1.527467803462220219e-01,-2.754810562869421942e-01,-1.840547142073906961e-01,8.176988413256602861e-02,3.890264227442964962e-01,-3.704339430028459335e-01,-8.524744486500953570e-04,-4.155104232632856331e-01,-3.406602797237817670e-02,-3.538498863206167577e-01,-2.027718858800689194e-01,-5.661625173211002338e-01,-2.259546631115817161e-01,-5.620654569701228898e-01,-1.713040981823576447e-01,3.254247344879821480e-01,-3.473295433035932245e-01,-4.740923865865102060e-01,-4.198160904230663348e-01,-4.061277928643685087e-01,-1.487266181812229582e-01,-5.217571997580189302e-01,-4.538824292767543178e-01,-3.517585970179321064e-01,-4.376815739352560297e-01,-4.543372286777863089e-01,-1.445110706900051833e-01,-2.134485600667416494e-01,-1.892614658379060399e-01,-1.242637563417592905e-01,-1.310791080016636412e-01
-7.235555632436578843e-01,-4.352221877485046853e-01,3.587433503131348123e-01,8.503793877385212863e-01,6.637175057916288035e-01,-8.812421557308028897e-01,6.069021318941089094e-01,-1.527467803462220219e-01,1.000000000000000000e+00,-5.659403312732339542e-01,-1.748365161475287921e-01,5.786201002323286824e-01,-5.633453601891666440e-02,-4.388105735586608214e-01,-9.018247515190628283e-01,-3.539353581301476481e-01,-8.729052879476590920e-01,6.790612174682546520e-01,8.674969716895999383e-01,1.545276008458525974e-01,-8.088396651032938589e-01,-3.180048589472720399e-01,5.482127472126806927e-02,1.696615975786791020e-01,-4.086445538691356183e-01,-5.393540932575784375e-01,-3.185295599888188223e-01,-6.754033915008521571e-01,-7.785265341656307791e-01,-2.026989337544679859e-01,-5.579756056811063791e-01,-5.589454572488977702e-01,-6.835503928778943195e-01,-1.461665566146803374e-01,-7.861486213634437670e-01,-4.904926222112900303e-01,-8.056170866179064305e-01,9.032970381875193855e-01,8.988406796186195757e-01
7.948577165059955707e-01,8.200236938871831027e-01,1.489068043654195317e-01,-7.120577994436448899e-01,-8.691206979065020655e-02,7.461783898193390385e-01,-4.398474973294076995e-01,-2.754810562869421942e-01,-5.659403312732339542e-01,1.000000000000000000e+00,4.666669334792264423e-01,-7.082906126724232143e-01,-3.982216191341727551e-01,7.238469481074167877e-01,5.614310345475312936e-01,8.673811280428449511e-01,7.351197115968558515e-01,-1.438877260130204672e-01,-4.309486673070532237e-01,-4.602869465583846881e-02,7.324562888908437985e-01,3.974300894738160839e-01,2.433166619964239052e-01,1.597827966442482428e-01,7.816480154018654591e-01,7.814453506380373282e-01,7.600143375673107382e-01,7.773727296602903625e-01,7.212974052727498808e-01,7.073538784007796787e-01,8.075619603773920296e-01,8.075134751235309993e-01,8.168703900549698638e-01,2.386449099078847280e-01,8.061408846013110585e-01,4.646310470305351492e-01,7.997267968530435978e-01,-6.076884667802143758e-01,-5.727518375433607867e-01
3.820526974494134476e-01,5.327670395761046063e-01,6.846541171235343004e-02,-3.618204359484812893e-01,2.504464343868905707e-01,2.642319992687002794e-01,-2.528666360369936639e-01,-1.840547142073906961e-01,-1.748365161475287921e-01,4.666669334792264423e-01,1.000000000000000000e+00,-6.353591692464147789e-01,-5.176329733753606277e-01,4.210513330677624899e-01,2.610060485410904962e-01,4.323528342734578311e-01,3.585209234942010603e-01,1.492632964800135187e-01,-1.522867369030448670e-01,-3.042554995540840412e-01,2.178648774829203549e-01,-7.883694707859831285e-02,-1.311432712930538647e-01,3.096465599234458216e-02,4.461899700661576262e-01,3.333127465317313187e-01,4.959282802814645175e-01,1.782911698943120404e-01,2.264268704442631841e-01,4.152120270086536169e-01,5.200827962632453838e-01,5.941045493817527223e-01,4.343843921495447180e-01,5.240441529583611535e-01,3.424333074358321682e-01,2.699436193802416395e-01,3.282117713027248307e-01,-2.874478208241645905e-01,-1.226274212056263774e-01
-6.172226625768568731e-01,-6.687503360531453778e-01,7.475640137600021717e-02,6.657759479351651466e-01,1.330872677691979644e-01,-6.521654226007975730e-01,4.276478408275377063e-01,8.176988413256602861e-02,5.786201002323286824e-01,-7.082906126724232143e-01,-6.353591692464147789e-01,1.000000000000000000e+00,5.047530015460820474e-01,-5.195137920237528073e-01,-5.929529684331145134e-01,-5.586363849395070691e-01,-6.822255920604453072e-01,1.986525180285465264e-01,4.754657919915113995e-01,4.048686679731341442e-01,-5.635446112354707271e-01,-9.036389860131015250e-02,6.385193498528526912e-02,-9.850304582926346780e-03,-5.496031744644184203e-01,-5.003521963144513807e-01,-5.771189815526153177e-01,-4.717029628824370713e-01,-5.147519328334296818e-01,-4.408634795044652499e-01,-7.577137677103964464e-01,-7.352940045625411258e-01,-7.173814846918253885e-01,-2.986424569053090505e-01,-6.863661356730071939e-01,-3.118002871866498160e-01,-6.478765796500588481e-01,6.784394265259987566e-01,5.225914596441340043e-01
-2.363029849033819740e-01,-5.415647442195901107e-01,-3.663617525005473663e-01,1.299270490489577989e-01,-3.450327849726280149e-01,-9.973080886501599351e-02,1.816841607538593473e-01,3.890264227442964962e-01,-5.633453601891666440e-02,-3.982216191341727551e-01,-5.176329733753606277e-01,5.047530015460820474e-01,1.000000000000000000e+00,-1.331865817070344016e-01,-4.187575864802070558e-02,-4.608187883661624684e-01,-1.146529746752264350e-01,-2.003003435980182934e-01,-4.953714061476364484e-03,7.434973512195729162e-02,-1.376455273657626044e-01,-6.019190639765634177e-02,1.541540706317055809e-01,6.641025027450954410e-02,-1.790123891917348720e-01,-2.823170028414215826e-01,-5.541806368495759694e-01,-1.367541640356829680e-01,2.921135000537913081e-03,-4.594216846277463517e-01,-6.159640433701611961e-01,-4.990879658240821026e-01,-3.624349194476987335e-01,-3.242404074916692691e-01,-1.428970995241039543e-01,-1.825600525726565337e-01,-1.101126344710827848e-01,1.434425843445965576e-01,-1.393317471999522619e-02
6.855283855244544977e-01,6.131491833133538849e-01,2.556289304482922131e-01,-6.219570495718586001e-01,1.360693507800799784e-01,6.589757193120665546e-01,-3.267780017305685347e-01,-3.704339430028459335e-01,-4.388105735586608214e-01,7.238469481074167877e-01,4.210513330677624899e-01,-5.195137920237528073e-01,-1.331865817070344016e-01,1.000000000000000000e+00,4.577030607938533668e-01,7.115850918741453146e-01,6.297779310262303643e-01,-1.085472218890955048e-01,-3.138029162924021453e-01,1.472873966600013636e-02,5.906484082908965982e-01,3.522755553659697725e-01,5.142451235178530089e-01,2.018401288070383326e-01,7.344758952672295615e-01,6.710386097520717463e-01,5.405407611362393894e-01,6.878907713198982865e-01,6.672381557916592376e-01,5.353206712063178774e-01,6.065770180134534284e-01,6.210957578747923202e-01,7.406024895146913201e-01,4.634186917400722749e-01,7.855443732744682439e-01,4.913193349390696518e-01,7.254137667774089859e-01,-4.416245670111737520e-01,-4.297182352187733367e-01
7.862485315258210816e-01,5.367288145975142033e-01,-2.296582715201118674e-01,-8.880610267730546514e-01,-5.334995633475566601e-01,8.726008939712716073e-01,-6.004076681875178956e-01,-8.524744486500953570e-04,-9.018247515190628283e-01,5.614310345475312936e-01,2.610060485410904962e-01,-5.929529684331145134e-01,-4.187575864802070558e-02,4.577030607938533668e-01,1.000000000000000000e+00,3.704427432171272794e-01,8.749040887914557585e-01,-6.711985111149724181e-01,-8.581716293406050911e-01,-8.050663772714586330e-02,8.111304593978048150e-01,3.710773996550534859e-01,-1.177319324261223848e-01,-2.788788878264122917e-01,4.232654795879556286e-01,6.012662344854009522e-01,3.700296344975303464e-01,6.939964606447278639e-01,7.872424856866656606e-01,3.056226261087940932e-01,6.440524636587897644e-01,6.464358228153326280e-01,7.348332874764949008e-01,3.082833393347705897e-01,7.788231660884197272e-01,5.122427342048545551e-01,8.148498635604313201e-01,-9.023275056309010278e-01,-8.833505380420570985e-01
7.180713442624248044e-01,8.195011318579609183e-01,3.190689163089593383e-01,-5.377997728818082468e-01,1.203633911605739848e-01,5.746117451076895311e-01,-3.858602008759816071e-01,-4.155104232632856331e-01,-3.539353581301476481e-01,8.673811280428449511e-01,4.323528342734578311e-01,-5.586363849395070691e-01,-4.608187883661624684e-01,7.115850918741453146e-01,3.704427432171272794e-01,1.000000000000000000e+00,5.457388564079433957e-01,-1.151687356970898003e-02,-2.962554529099605816e-01,1.147071012277302848e-01,5.963954023948456751e-01,4.200111596233351285e-01,3.384499251858575919e-01,1.590445747123118980e-01,6.686276435905345039e-01,7.294020364523108313e-01,6.966089709134709596e-01,6.951362023020831726e-01,5.544053607586028054e-01,7.798614289060813443e-01,7.419064931937139340e-01,6.968448586816603507e-01,7.427578724544844357e-01,3.678459870341734828e-01,6.550275490960428826e-01,5.536828816476461190e-01,6.362118174229490775e-01,-4.229276768505043083e-01,-3.995076743829594768e-01
8.387357332987666059e-01,6.166235537691039381e-01,-1.682121005112306444e-01,-8.996482590741042840e-01,-4.466104850864480169e-01,9.278389121293756370e-01,-5.676014248091290071e-01,-3.406602797237817670e-02,-8.729052879476590920e-01,7.351197115968558515e-01,3.585209234942010603e-01,-6.822255920604453072e-01,-1.146529746752264350e-01,6.297779310262303643e-01,8.749040887914557585e-01,5.457388564079433957e-01,1.000000000000000000e+00,-5.295656248255609100e-01,-7.570867501665790034e-01,-1.589330318285717691e-01,8.659911850305699321e-01,3.474286929049158479e-01,7.889347955827356873e-02,-2.893642292576534270e-02,6.185140583653829793e-01,6.908598625610085087e-01,5.531107749738848334e-01,7.796462967051048798e-01,8.733100600785490553e-01,3.876840792001443603e-01,7.270391118099129857e-01,7.598170095235995403e-01,8.064281220453956012e-01,2.604026798062407111e-01,8.901956252302871686e-01,4.917836018608734983e-01,9.070771274769824366e-01,-8.787188299371403444e-01,-8.524287754503229175e-01
-4.297099687055673245e-01,-1.618389341870732634e-01,4.927849230059865304e-01,5.359706866530098424e-01,6.917940710778357483e-01,-5.435247383249136588e-01,5.500746689729719696e-01,-3.538498863206167577e-01,6.790612174682546520e-01,-1.438877260130204672e-01,1.492632964800135187e-01,1.986525180285465264e-01,-2.003003435980182934e-01,-1.085472218890955048e-01,-6.711985111149724181e-01,-1.151687356970898003e-02,-5.295656248255609100e-01,1.000000000000000000e+00,8.028992094665118318e-01,7.934247234447304453e-02,-4.719463961689978060e-01,-1.268622675663021171e-01,9.110212849224481879e-02,1.905985630201851855e-01,2.760128878308435937e-02,-1.775502147720733892e-01,1.233492209179304216e-01,-3.203984541996201529e-01,-4.736462050714604355e-01,2.772122195394616587e-02,-1.857944582665756461e-01,-1.546165401573198483e-01,-2.745504475009651335e-01,-5.981638085579525643e-02,-4.290371513990806629e-01,-3.542526044657723916e-01,-4.306981978365448382e-01,6.953381859053959779e-01,7.295963775792071448e-01
-6.669386566767224744e-01,-4.383056300906411629e-01,4.146676300249624303e-01,7.699909231617698691e-01,6.581389786914314532e-01,-7.597208117389974147e-01,7.090163677567861145e-01,-2.027718858800689194e-01,8.674969716895999383e-01,-4.309486673070532237e-01,-1.522867369030448670e-01,4.754657919915113995e-01,-4.953714061476364484e-03,-3.138029162924021453e-01,-8.581716293406050911e-01,-2.962554529099605816e-01,-7.570867501665790034e-01,8.028992094665118318e-01,1.000000000000000000e+00,9.378660472740567300e-02,-6.768536531249310650e-01,-2.231883492275850978e-01,1.604842323706553997e-01,2.384927855035995636e-01,-2.035453370615637747e-01,-4.351206730701557279e-01,-1.652079817298157394e-01,-5.439263832964412737e-01,-6.458048643239749920e-01,-2.075945491287578271e-01,-4.765955064555713605e-01,-4.602991054520907399e-01,-5.802919406150884862e-01,-2.565070104468086254e-01,-6.611793577404209143e-01,-5.429316609441592334e-01,-6.740095414167177612e-01,8.704877466536492525e-01,8.695813344548479762e-01
6.248961348128065363e-02,6.817426492712709563e-02,5.585378443674441362e-01,1.168473308938633576e-01,2.519987086909042384e-01,-6.565181642407215412e-02,1.293125707668475177e-01,-5.661625173211002338e-01,1.545276008458525974e-01,-4.602869465583846881e-02,-3.042554995540840412e-01,4.048686679731341442e-01,7.434973512195729162e-02,1.472873966600013636e-02,-8.050663772714586330e-02,1.147071012277302848e-01,-1.589330318285717691e-01,7.934247234447304453e-02,9.378660472740567300e-02,1.000000000000000000e+00,8.584052389647756076e-02,5.762824798577986796e-01,6.346150790567571531e-02,-3.336271541960262321e-01,-1.034473557893981696e-02,2.443536385238344877e-01,1.199252060746886124e-02,2.783178571863790807e-01,5.591812446479255821e-02,2.932315402636466173e-01,5.459578592001062408e-03,-6.650299271176547677e-02,5.566127469398490096e-02,1.721460959842156246e-01,-1.128797888317419063e-01,1.932725667027080096e-01,-1.181538650585588907e-02,2.166629297505743013e-01,6.928032027851729890e-02
8.544443018562580816e-01,6.216443775400255500e-01,4.613171286911305069e-02,-8.425983821294411591e-01,-3.771014035898147543e-01,8.919091812043741241e-01,-4.355481186880779676e-01,-2.259546631115817161e-01,-8.088396651032938589e-01,7.324562888908437985e-01,2.178648774829203549e-01,-5.635446112354707271e-01,-1.376455273657626044e-01,5.906484082908965982e-01,8.111304593978048150e-01,5.963954023948456751e-01,8.659911850305699321e-01,-4.719463961689978060e-01,-6.768536531249310650e-01,8.584052389647756076e-02,1.000000000000000000e+00,5.926783528565499060e-01,1.066220451263969055e-01,-1.487690756591706631e-01,6.142267263666461030e-01,7.860116589604234649e-01,5.702205491478576915e-01,8.797629585921514783e-01,8.668950985260843733e-01,4.724474411294438680e-01,7.506471320953348458e-01,7.252268991874020188e-01,8.201419180641321693e-01,2.369801657516252547e-01,8.384206063634643824e-01,5.077794161892664748e-01,8.767044240718157022e-01,-7.831279945188119873e-01,-8.124287967598905480e-01
5.032011181251213605e-01,4.027876787903690303e-01,4.966997509518598641e-01,-3.899982794746310044e-01,3.682350786740383464e-02,4.416385433979516661e-01,-4.882375751321860191e-02,-5.620654569701228898e-01,-3.180048589472720399e-01,3.974300894738160839e-01,-7.883694707859831285e-02,-9.036389860131015250e-02,-6.019190639765634177e-02,3.522755553659697725e-01,3.710773996550534859e-01,4.200111596233351285e-01,3.474286929049158479e-01,-1.268622675663021171e-01,-2.231883492275850978e-01,5.762824798577986796e-01,5.926783528565499060e-01,1.000000000000000000e+00,1.422161679386997890e-01,-3.166869460827635985e-01,3.434916747687293825e-01,5.905303852268314335e-01,3.652438920553400803e-01,6.525918443181557560e-01,4.844797658860727219e-01,4.711779754267720333e-01,4.858142781511262664e-01,3.871530292225709435e-01,5.407425855345523447e-01,2.580374486433604786e-01,3.847768065622569345e-01,3.472178072633291812e-01,4.696248587867389856e-01,-2.708738435377238685e-01,-3.287767279487365801e-01
1.279601054522413461e-01,7.790414039860478479e-02,2.444406520460903343e-01,-1.843043471330636784e-02,1.849326325114632463e-01,1.451334504603633280e-01,9.954301339703713891e-02,-1.713040981823576447e-01,5.482127472126806927e-02,2.433166619964239052e-01,-1.311432712930538647e-01,6.385193498528526912e-02,1.541540706317055809e-01,5.142451235178530089e-01,-1.177319324261223848e-01,3.384499251858575919e-01,7.889347955827356873e-02,9.110212849224481879e-02,1.604842323706553997e-01,6.346150790567571531e-02,1.066220451263969055e-01,1.422161679386997890e-01,1.000000000000000000e+00,4.853478441700114776e-01,3.187152188249453566e-01,1.628958445884054196e-01,4.671250011494652160e-02,2.371409084513812493e-01,2.235187172820458645e-01,7.385044442680295529e-02,2.194207635536353507e-02,3.258100140657656414e-03,1.416726970113781070e-01,-1.760196019779580387e-02,2.639665889069239824e-01,1.092764980471612746e-01,1.707325022786505830e-01,8.633476000660725291e-02,2.660831743919272324e-02
-1.153168707763993217e-01,-3.812350018335167179e-02,-2.065028228584606662e-01,1.490592020815970642e-01,1.328189570511677936e-02,-1.024693486657527047e-01,5.177100970256279244e-02,3.254247344879821480e-01,1.696615975786791020e-01,1.597827966442482428e-01,3.096465599234458216e-02,-9.850304582926346780e-03,6.641025027450954410e-02,2.018401288070383326e-01,-2.788788878264122917e-01,1.590445747123118980e-01,-2.893642292576534270e-02,1.905985630201851855e-01,2.384927855035995636e-01,-3.336271541960262321e-01,-1.487690756591706631e-01,-3.166869460827635985e-01,4.853478441700114776e-01,1.000000000000000000e+00,1.943699709359331396e-01,-8.137799118554894795e-02,1.163408283320828268e-01,-9.832083656450588127e-02,2.038941116414044394e-02,-8.293506604060772724e-02,-1.334527583944945528e-01,-2.692044420828372878e-02,-1.646592895196107853e-01,-3.308705783570750625e-01,6.949228989216346686e-02,-3.037926423386560493e-01,-1.365218445618344469e-02,1.317479751341761041e-01,1.173359779913651368e-01
6.951248973869342818e-01,6.408156090672711969e-01,2.478378840968988861e-01,-5.855265531274242985e-01,5.402996367238038777e-02,6.110746222113028203e-01,-1.225576702601805512e-01,-3.473295433035932245e-01,-4.086445538691356183e-01,7.816480154018654591e-01,4.461899700661576262e-01,-5.496031744644184203e-01,-1.790123891917348720e-01,7.344758952672295615e-01,4.232654795879556286e-01,6.686276435905345039e-01,6.185140583653829793e-01,2.760128878308435937e-02,-2.035453370615637747e-01,-1.034473557893981696e-02,6.142267263666461030e-01,3.434916747687293825e-01,3.187152188249453566e-01,1.943699709359331396e-01,1.000000000000000000e+00,7.486911721945118670e-01,6.561087165227709184e-01,7.162579599851687240e-01,7.105696980825936260e-01,5.702647748626521462e-01,6.196421663507126754e-01,6.779527504369190494e-01,6.645374760015971827e-01,1.924814043438110023e-01,6.991267168328553216e-01,2.760893497298579913e-01,7.260801252413723317e-01,-3.760746726287352293e-01,-3.862887326986491621e-01
8.428688499099653564e-01,7.659953220729964762e-01,3.298447480426576206e-01,-7.125705366632444360e-01,-5.550705145820721692e-02,7.409425300062658648e-01,-3.115076079522141050e-01,-4.740923865865102060e-01,-5.393540932575784375e-01,7.814453506380373282e-01,3.333127465317313187e-01,-5.003521963144513807e-01,-2.823170028414215826e-01,6.710386097520717463e-01,6.012662344854009522e-01,7.294020364523108313e-01,6.908598625610085087e-01,-1.775502147720733892e-01,-4.351206730701557279e-01,2.443536385238344877e-01,7.860116589604234649e-01,5.905303852268314335e-01,1.628958445884054196e-01,-8.137799118554894795e-02,7.486911721945118670e-01,1.000000000000000000e+00,7.262081085459939356e-01,8.898758031626825549e-01,7.832523771236988841e-01,6.361415800928790221e-01,7.519932863628951969e-01,7.960915483284061178e-01,7.918015848219339681e-01,3.030558947869722575e-01,7.569171490675830061e-01,4.803233801561828109e-01,8.159218876724469993e-01,-5.374910692373440213e-01,-5.906152435038728443e-01
5.773749603807026842e-01,6.721991951833434786e-01,3.462082132465490458e-01,-5.293074010372570415e-01,1.513740181512123195e-01,5.439024619112807768e-01,-2.826919616027354643e-01,-4.198160904230663348e-01,-3.185295599888188223e-01,7.600143375673107382e-01,4.959282802814645175e-01,-5.771189815526153177e-01,-5.541806368495759694e-01,5.405407611362393894e-01,3.700296344975303464e-01,6.966089709134709596e-01,5.531107749738848334e-01,1.233492209179304216e-01,-1.652079817298157394e-01,1.199252060746886124e-02,5.702205491478576915e-01,3.652438920553400803e-01,4.671250011494652160e-02,1.163408283320828268e-01,6.561087165227709184e-01,7.262081085459939356e-01,1.000000000000000000e+00,6.336552220535289770e-01,5.213464611381616320e-01,5.678150001386771395e-01,7.762503492911140279e-01,8.427163613117285568e-01,6.656266361325937631e-01,2.365902317552635303e-01,5.995680451408180733e-01,2.554760427741935014e-01,6.270948633649786608e-01,-3.999772489386610452e-01,-3.302730898146229443e-01
8.542342773752442664e-01,6.864956692334074351e-01,2.479309506966978216e-01,-7.780203740774980226e-01,-2.047233677830678222e-01,8.375674051746625492e-01,-3.735865268086607793e-01,-4.061277928643685087e-01,-6.754033915008521571e-01,7.773727296602903625e-01,1.782911698943120404e-01,-4.717029628824370713e-01,-1.367541640356829680e-01,6.878907713198982865e-01,6.939964606447278639e-01,6.951362023020831726e-01,7.796462967051048798e-01,-3.203984541996201529e-01,-5.439263832964412737e-01,2.783178571863790807e-01,8.797629585921514783e-01,6.525918443181557560e-01,2.371409084513812493e-01,-9.832083656450588127e-02,7.162579599851687240e-01,8.898758031626825549e-01,6.336552220535289770e-01,1.000000000000000000e+00,8.615108284989430043e-01,5.803703911820565775e-01,7.390245666631756194e-01,7.309114987818450260e-01,8.295873295658112712e-01,2.607344447779493812e-01,8.249967855361278746e-01,5.058239468440111075e-01,8.744543897590599801e-01,-6.391213501778491013e-01,-7.098357271800341817e-01
8.587357958213266418e-01,5.979109500776866870e-01,-2.182428344883471927e-02,-8.245476472574294613e-01,-3.854150076419814996e-01,8.775562072017119020e-01,-4.170852071335346967e-01,-1.487266181812229582e-01,-7.785265341656307791e-01,7.212974052727498808e-01,2.264268704442631841e-01,-5.147519328334296818e-01,2.921135000537913081e-03,6.672381557916592376e-01,7.872424856866656606e-01,5.544053607586028054e-01,8.733100600785490553e-01,-4.736462050714604355e-01,-6.458048643239749920e-01,5.591812446479255821e-02,8.668950985260843733e-01,4.844797658860727219e-01,2.235187172820458645e-01,2.038941116414044394e-02,7.105696980825936260e-01,7.832523771236988841e-01,5.213464611381616320e-01,8.615108284989430043e-01,1.000000000000000000e+00,4.291655553357068276e-01,6.509088515027575683e-01,7.014182725513767869e-01,7.552464688439669560e-01,1.739278015350432249e-01,8.536447074878851238e-01,4.444360800579668092e-01,9.053501495102457275e-01,-7.463314593514327466e-01,-8.087105314042597470e-01
6.443980108045666011e-01,7.957301223233929077e-01,4.007048692244484789e-01,-4.118713316513779032e-01,2.274789932680637838e-01,3.978640316592145787e-01,-2.768371678280612258e-01,-5.217571997580189302e-01,-2.026989337544679859e-01,7.073538784007796787e-01,4.152120270086536169e-01,-4.408634795044652499e-01,-4.594216846277463517e-01,5.353206712063178774e-01,3.056226261087940932e-01,7.798614289060813443e-01,3.876840792001443603e-01,2.772122195394616587e-02,-2.075945491287578271e-01,2.932315402636466173e-01,4.724474411294438680e-01,4.711779754267720333e-01,7.385044442680295529e-02,-8.293506604060772724e-02,5.702647748626521462e-01,6.361415800928790221e-01,5.678150001386771395e-01,5.803703911820565775e-01,4.291655553357068276e-01,1.000000000000000000e+00,6.818499087855542928e-01,6.048565076663768858e-01,6.529496786952064813e-01,4.445480551651912471e-01,4.564743363915880758e-01,4.770187314810358514e-01,4.949669684954122739e-01,-2.868564123724356985e-01,-2.795909554877966663e-01
7.827687901006875615e-01,8.213531757574751291e-01,2.929581488957150870e-01,-7.309795212986432977e-01,8.027051549906811384e-03,7.318326970962778510e-01,-4.557343466817553312e-01,-4.538824292767543178e-01,-5.579756056811063791e-01,8.075619603773920296e-01,5.200827962632453838e-01,-7.577137677103964464e-01,-6.159640433701611961e-01,6.065770180134534284e-01,6.440524636587897644e-01,7.419064931937139340e-01,7.270391118099129857e-01,-1.857944582665756461e-01,-4.765955064555713605e-01,5.459578592001062408e-03,7.506471320953348458e-01,4.858142781511262664e-01,2.194207635536353507e-02,-1.334527583944945528e-01,6.196421663507126754e-01,7.519932863628951969e-01,7.762503492911140279e-01,7.390245666631756194e-01,6.509088515027575683e-01,6.818499087855542928e-01,1.000000000000000000e+00,8.704180250902721072e-01,8.794690951012276159e-01,4.595176742618388155e-01,7.395355939608356799e-01,4.790546341770932082e-01,7.537394702266804192e-01,-6.661887793141046954e-01,-5.668582811163415114e-01
7.766087907471164176e-01,8.052277892870332021e-01,1.961642410577258411e-01,-7.499279129486714490e-01,-2.781664117667927150e-02,7.428417187264375610e-01,-4.468802394203934547e-01,-3.517585970179321064e-01,-5.589454572488977702e-01,8.075134751235309993e-01,5.941045493817527223e-01,-7.352940045625411258e-01,-4.990879658240821026e-01,6.210957578747923202e-01,6.464358228153326280e-01,6.968448586816603507e-01,7.598170095235995403e-01,-1.546165401573198483e-01,-4.602991054520907399e-01,-6.650299271176547677e-02,7.252268991874020188e-01,3.871530292225709435e-01,3.258100140657656414e-03,-2.692044420828372878e-02,6.779527504369190494e-01,7.960915483284061178e-01,8.427163613117285568e-01,7.309114987818450260e-01,7.014182725513767869e-01,6.048565076663768858e-01,8.704180250902721072e-01,1.000000000000000000e+00,8.112834392987232635e-01,3.612695671875292835e-01,7.666559407053209485e-01,3.925849283303139980e-01,8.028411445951204595e-01,-6.608352748681635136e-01,-5.807733198821156684e-01
8.419302030289999017e-01,7.730081199207428089e-01,2.440704708373762910e-01,-8.190411857586757938e-01,-7.901038490965062167e-02,8.381285399399158731e-01,-4.949663869078353984e-01,-4.376815739352560297e-01,-6.835503928778943195e-01,8.168703900549698638e-01,4.343843921495447180e-01,-7.173814846918253885e-01,-3.624349194476987335e-01,7.406024895146913201e-01,7.348332874764949008e-01,7.427578724544844357e-01,8.064281220453956012e-01,-2.745504475009651335e-01,-5.802919406150884862e-01,5.566127469398490096e-02,8.201419180641321693e-01,5.407425855345523447e-01,1.416726970113781070e-01,-1.646592895196107853e-01,6.645374760015971827e-01,7.918015848219339681e-01,6.656266361325937631e-01,8.295873295658112712e-01,7.552464688439669560e-01,6.529496786952064813e-01,8.794690951012276159e-01,8.112834392987232635e-01,1.000000000000000000e+00,4.961779306109121990e-01,8.474174826878052569e-01,5.702701548258820585e-01,8.522769624584375370e-01,-7.203927061101560447e-01,-6.670993850150020998e-01
3.910874989017465442e-01,4.396684336721881636e-01,3.081501546639940359e-01,-3.447134499082730730e-01,3.416901785505566669e-01,2.473396878315207159e-01,-2.743721637649978451e-01,-4.543372286777863089e-01,-1.461665566146803374e-01,2.386449099078847280e-01,5.240441529583611535e-01,-2.986424569053090505e-01,-3.242404074916692691e-01,4.634186917400722749e-01,3.082833393347705897e-01,3.678459870341734828e-01,2.604026798062407111e-01,-5.981638085579525643e-02,-2.565070104468086254e-01,1.721460959842156246e-01,2.369801657516252547e-01,2.580374486433604786e-01,-1.760196019779580387e-02,-3.308705783570750625e-01,1.924814043438110023e-01,3.030558947869722575e-01,2.365902317552635303e-01,2.607344447779493812e-01,1.739278015350432249e-01,4.445480551651912471e-01,4.595176742618388155e-01,3.612695671875292835e-01,4.961779306109121990e-01,1.000000000000000000e+00,2.927175732228488036e-01,4.999533784464103014e-01,2.672638846648343613e-01,-2.335381050471456998e-01,-1.472732167333990760e-01
8.395398756439471644e-01,6.751603960893290957e-01,-2.648911494671766717e-02,-8.703793176681999810e-01,-2.971672353081008522e-01,9.115927215224375324e-01,-5.226045277941603340e-01,-1.445110706900051833e-01,-7.861486213634437670e-01,8.061408846013110585e-01,3.424333074358321682e-01,-6.863661356730071939e-01,-1.428970995241039543e-01,7.855443732744682439e-01,7.788231660884197272e-01,6.550275490960428826e-01,8.901956252302871686e-01,-4.290371513990806629e-01,-6.611793577404209143e-01,-1.128797888317419063e-01,8.384206063634643824e-01,3.847768065622569345e-01,2.639665889069239824e-01,6.949228989216346686e-02,6.991267168328553216e-01,7.569171490675830061e-01,5.995680451408180733e-01,8.249967855361278746e-01,8.536447074878851238e-01,4.564743363915880758e-01,7.395355939608356799e-01,7.666559407053209485e-01,8.474174826878052569e-01,2.927175732228488036e-01,1.000000000000000000e+00,4.743267772660474946e-01,9.202350896549476023e-01,-7.912693835820905353e-01,-7.744536537420533273e-01
6.054352611933396799e-01,5.248140720049849772e-01,6.566745417928082640e-02,-5.211427462736780702e-01,-1.256240584593801835e-01,5.394294338133472921e-01,-5.501124611572408840e-01,-2.134485600667416494e-01,-4.904926222112900303e-01,4.646310470305351492e-01,2.699436193802416395e-01,-3.118002871866498160e-01,-1.825600525726565337e-01,4.913193349390696518e-01,5.122427342048545551e-01,5.536828816476461190e-01,4.917836018608734983e-01,-3.542526044657723916e-01,-5.429316609441592334e-01,1.932725667027080096e-01,5.077794161892664748e-01,3.472178072633291812e-01,1.092764980471612746e-01,-3.037926423386560493e-01,2.760893497298579913e-01,4.803233801561828109e-01,2.554760427741935014e-01,5.058239468440111075e-01,4.444360800579668092e-01,4.770187314810358514e-01,4.790546341770932082e-01,3.925849283303139980e-01,5.702701548258820585e-01,4.999533784464103014e-01,4.743267772660474946e-01,1.000000000000000000e+00,4.785684159837115814e-01,-4.829976810157903810e-01,-4.749543487607290615e-01
8.721234054808609804e-01,6.974791021131621083e-01,3.730783694490909762e-03,-8.839657194813791419e-01,-3.322520182215940032e-01,9.214776144018677062e-01,-5.018974482637439394e-01,-1.892614658379060399e-01,-8.056170866179064305e-01,7.997267968530435978e-01,3.282117713027248307e-01,-6.478765796500588481e-01,-1.101126344710827848e-01,7.254137667774089859e-01,8.148498635604313201e-01,6.362118174229490775e-01,9.070771274769824366e-01,-4.306981978365448382e-01,-6.740095414167177612e-01,-1.181538650585588907e-02,8.767044240718157022e-01,4.696248587867389856e-01,1.707325022786505830e-01,-1.365218445618344469e-02,7.260801252413723317e-01,8.159218876724469993e-01,6.270948633649786608e-01,8.744543897590599801e-01,9.053501495102457275e-01,4.949669684954122739e-01,7.537394702266804192e-01,8.028411445951204595e-01,8.522769624584375370e-01,2.672638846648343613e-01,9.202350896549476023e-01,4.785684159837115814e-01,1.000000000000000000e+00,-7.966699996698899389e-01,-7.999099704609193839e-01
-7.531649195322338564e-01,-5.554278379319385062e-01,3.305208165697838263e-01,8.523736737655662754e-01,5.899484708114300924e-01,-8.670756702466607679e-01,6.731205081494232578e-01,-1.242637563417592905e-01,9.032970381875193855e-01,-6.076884667802143758e-01,-2.874478208241645905e-01,6.784394265259987566e-01,1.434425843445965576e-01,-4.416245670111737520e-01,-9.023275056309010278e-01,-4.229276768505043083e-01,-8.787188299371403444e-01,6.953381859053959779e-01,8.704877466536492525e-01,2.166629297505743013e-01,-7.831279945188119873e-01,-2.708738435377238685e-01,8.633476000660725291e-02,1.317479751341761041e-01,-3.760746726287352293e-01,-5.374910692373440213e-01,-3.999772489386610452e-01,-6.391213501778491013e-01,-7.463314593514327466e-01,-2.868564123724356985e-01,-6.661887793141046954e-01,-6.608352748681635136e-01,-7.203927061101560447e-01,-2.335381050471456998e-01,-7.912693835820905353e-01,-4.829976810157903810e-01,-7.966699996698899389e-01,1.000000000000000000e+00,8.997977241508247070e-01
-7.752530773749161108e-01,-4.951158330023773813e-01,3.311154577052242143e-01,8.272671398125333031e-01,6.689837509566168849e-01,-8.594548174701007737e-01,6.192935157055351469e-01,-1.310791080016636412e-01,8.988406796186195757e-01,-5.727518375433607867e-01,-1.226274212056263774e-01,5.225914596441340043e-01,-1.393317471999522619e-02,-4.297182352187733367e-01,-8.833505380420570985e-01,-3.995076743829594768e-01,-8.524287754503229175e-01,7.295963775792071448e-01,8.695813344548479762e-01,6.928032027851729890e-02,-8.124287967598905480e-01,-3.287767279487365801e-01,2.660831743919272324e-02,1.173359779913651368e-01,-3.862887326986491621e-01,-5.906152435038728443e-01,-3.302730898146229443e-01,-7.098357271800341817e-01,-8.087105314042597470e-01,-2.795909554877966663e-01,-5.668582811163415114e-01,-5.807733198821156684e-01,-6.670993850150020998e-01,-1.472732167333990760e-01,-7.744536537420533273e-01,-4.749543487607290615e-01,-7.999099704609193839e-01,8.997977241508247070e-01,1.000000000000000000e+00
