1.000000000000000000e+00,3.092821981609893967e-01,3.331252533016523243e-01,9.771361347284859833e-02,4.652421536041764227e-01,-7.988308439462817045e-02,8.407092771376264984e-02,-3.403245181366287286e-01,4.899177833169027774e-01,6.873999296109261081e-01,1.781484404261251264e-01,-3.515047154829373799e-01,-2.413736237156622055e-01,4.067309297129819701e-01,4.321985149177140668e-03,6.756639523688486859e-01,1.939217509335733058e-01,3.481403860237880510e-01,3.348674394415233069e-01,-1.337044197623742624e-02,2.078020943800629461e-01,-3.911352097803955097e-02,5.932540981724834239e-01,3.577199717270843071e-01,5.190161656038075888e-01,2.840429536633447549e-01,1.916619367453305800e-01,1.597807709316597657e-01,3.865688413679992386e-01,6.828821822708253109e-01,2.504619809210247849e-01,-1.599758683619110361e-02,2.393156771765087565e-01,1.583294519975842751e-01,1.495398442909716685e-01,1.611535236305824681e-01,-8.400693141259574226e-03,3.929829480633277861e-01,5.552855280061665955e-01
3.092821981609893967e-01,1.000000000000000000e+00,-3.244374952782004828e-01,3.662787531645606554e-01,-5.247036006312875978e-02,6.675045576920770607e-01,-3.341607721456984342e-02,2.157740193762315017e-01,-1.484174850992197037e-01,1.343719099102617942e-01,8.185938570754540677e-01,-4.839776077197107708e-03,-6.658829026969503850e-01,2.980402319590998994e-01,-7.518063782565054254e-01,-5.960283502013103557e-02,3.765591645961025025e-01,3.151813500759010345e-01,3.797534342854284040e-01,-6.994302127768354804e-01,-6.158856089111854892e-01,-2.560394654810155823e-01,3.322833593361663174e-01,2.221003204674410203e-01,-7.749064673130322267e-02,-5.626752678587202405e-01,7.997524068078627479e-01,-6.334116833630256682e-01,1.234533017733658311e-01,2.105527555931089867e-01,6.406553353674294682e-01,5.591264571005286621e-01,7.031534561029983976e-02,-5.547000976134884853e-01,6.020060651625409598e-01,6.756091520538062278e-01,7.830844274930711668e-01,-5.234052919520633118e-01,3.772597797021062793e-01
3.331252533016523243e-01,-3.244374952782004828e-01,1.000000000000000000e+00,-3.791087485012640396e-02,7.048910635795148094e-01,-4.713681807165361892e-01,3.122434299156480741e-01,-9.013203130587296164e-01,6.351623785812490208e-01,4.315094651784201485e-01,-4.182586237532724960e-01,-8.472798512236008606e-02,2.152553238105729683e-01,3.192620306404438946e-01,5.486244556738023581e-01,5.055264961763259457e-01,-2.401799617957679767e-01,2.249943449332821033e-01,1.526867187897825162e-01,5.764860734340204740e-01,7.971689937123711545e-01,4.557527696905261938e-01,2.899836995187630717e-01,3.294084807091532952e-01,4.697273954050135147e-01,7.053703780029184633e-01,-1.608075828112085492e-01,7.700923605864309351e-01,3.400789991342991203e-01,3.954913914143872722e-01,1.786241434767708858e-02,-2.609781430835315663e-01,5.451773273525627461e-01,7.182121078757260912e-01,-3.443845390784652793e-02,-2.369985443220348487e-01,-3.981190116736822993e-01,6.385086022923416316e-01,3.116167306077564647e-01
9.771361347284859833e-02,3.662787531645606554e-01,-3.791087485012640396e-02,1.000000000000000000e+00,3.278866184757360802e-01,7.596758212459826798e-02,2.398758497343478693e-02,-1.412841500229463643e-01,3.150398696374637764e-01,1.695203294635292957e-01,1.994839802145703112e-01,4.383986051954725793e-01,-1.964270457707224804e-01,3.552217240371715046e-01,-1.472102409733848649e-01,8.502789207722542819e-02,9.415328615751972219e-02,7.649761050057310996e-01,6.529928807157580062e-01,-3.820946957436082148e-01,-3.317457935286114434e-01,-2.305978926377180438e-01,2.069976803174332636e-01,1.388823844021221110e-01,2.079362879541510889e-01,-2.826393249543865949e-01,1.508580134790056260e-01,-3.305657206859085595e-01,-4.413907300433674019e-02,3.423495121682539333e-01,6.573754317710285566e-02,-1.112483857686673294e-01,4.295580839447640797e-02,-2.596948372094087451e-02,2.954078343648157134e-01,2.333026338119588428e-01,1.541176970389616374e-01,-8.531272898056388443e-02,3.015684045659958734e-01
4.652421536041764227e-01,-5.247036006312875978e-02,7.048910635795148094e-01,3.278866184757360802e-01,1.000000000000000000e+00,-3.580591830965341171e-01,1.818353596183664711e-01,-7.726452281212828899e-01,7.494860644208117817e-01,6.000868059174303548e-01,-2.129424289758200806e-01,1.370310930651109232e-02,-1.847578640444556136e-02,5.455751402630564240e-01,3.576394882782351070e-01,6.118331450810362560e-01,-6.766159896376416905e-02,6.089550509591575844e-01,4.323315056347523666e-01,2.173359270990739833e-01,4.945866096013101232e-01,1.221911009905826684e-01,3.924877623101161728e-01,3.177312267526576917e-01,5.617420285221975673e-01,4.555729838988375469e-01,-9.264402968345858413e-02,4.461699181691312077e-01,2.045722867542461298e-01,5.962061088549549526e-01,1.054750927829527785e-01,-3.480328652043132021e-01,4.444680922980959736e-01,5.964483068758847928e-01,1.031718376176890689e-01,-2.436765923946915529e-03,-3.080085752600874027e-01,5.384464191478237627e-01,4.581674816691949093e-01
-7.988308439462817045e-02,6.675045576920770607e-01,-4.713681807165361892e-01,7.596758212459826798e-02,-3.580591830965341171e-01,1.000000000000000000e+00,5.084977458627828496e-03,3.959457929392875553e-01,-4.974002593621311141e-01,-3.200196390944555214e-01,7.786975365358986823e-01,-2.940085970706615009e-02,-4.933709996782759122e-01,1.385277103742377225e-01,-7.741172940962077753e-01,-3.892604201466077218e-01,4.946721140999967292e-01,-1.009869848173602785e-01,2.063366998738548272e-02,-6.587864240931858850e-01,-6.554570243582170663e-01,-3.396516637620763390e-01,8.036904002855348172e-02,1.792532630578906327e-01,-4.649120837825064800e-01,-6.002740305406657484e-01,6.594355038333025165e-01,-6.472323454190284098e-01,8.304692495445933909e-02,-2.165992049686906729e-01,5.721460116698431353e-01,7.576812454033080568e-01,3.869253965378337268e-02,-6.999227648548890235e-01,5.899963483475911818e-01,6.258229006499014258e-01,8.280294593428356720e-01,-6.081752937623936539e-01,8.959627962004801383e-02
8.407092771376264984e-02,-3.341607721456984342e-02,3.122434299156480741e-01,2.398758497343478693e-02,1.818353596183664711e-01,5.084977458627828496e-03,1.000000000000000000e+00,-3.501588300200658699e-01,1.685001467573513101e-01,2.294843336096560188e-02,-1.050557896979797262e-01,1.460675916950363584e-01,9.583633558073689773e-02,1.854990930231776303e-01,1.254863887812978085e-01,1.328060399801523073e-01,-1.253684995225234217e-02,7.782630582525890822e-03,8.255524345509270001e-02,2.650955321255166752e-01,2.183602996929511209e-01,2.834202072190701860e-01,1.163527204803322113e-01,3.866832159701901750e-01,4.187835850840191526e-02,2.379089029394024779e-01,4.264603597683913616e-02,2.237063725409811077e-01,1.783257416368010106e-01,1.234276502664724134e-01,1.602053386749543729e-01,2.221880257317011276e-01,3.059721345574663576e-01,1.936706985902776623e-01,1.358540742440228488e-01,-1.336897487334528511e-01,-2.023411492437902567e-02,1.762172798378165151e-01,2.123108649123792713e-01
-3.403245181366287286e-01,2.157740193762315017e-01,-9.013203130587296164e-01,-1.412841500229463643e-01,-7.726452281212828899e-01,3.959457929392875553e-01,-3.501588300200658699e-01,1.000000000000000000e+00,-6.845200379847780070e-01,-4.358919337482055623e-01,3.440792934630937938e-01,-1.370630968959849275e-02,-1.165577557864494879e-01,-3.820313022678993309e-01,-4.726996706566942152e-01,-5.040749713477636895e-01,2.062566923207923564e-01,-3.808144822051670597e-01,-2.750833152026233019e-01,-4.376546281668270422e-01,-6.835498258207250988e-01,-3.646293586313817947e-01,-3.354216512318651255e-01,-3.552353009259708871e-01,-4.923340019494356623e-01,-6.155673292357537463e-01,1.046842893742505609e-01,-6.470659607934681201e-01,-2.957723860212747580e-01,-4.332089502903996858e-01,-9.704581694334421527e-02,2.465066429789531388e-01,-5.725029576700293443e-01,-6.772959593165355230e-01,-8.206040767911865208e-02,1.311607564141960558e-01,3.353954628114697023e-01,-6.053262626875161034e-01,-3.953778766590390625e-01
4.899177833169027774e-01,-1.484174850992197037e-01,6.351623785812490208e-01,3.150398696374637764e-01,7.494860644208117817e-01,-4.974002593621311141e-01,1.685001467573513101e-01,-6.845200379847780070e-01,1.000000000000000000e+00,5.976779753203297352e-01,-3.505588865948824906e-01,1.020115174042150463e-01,1.114144679084889539e-01,4.650855286717215931e-01,5.579727845017792287e-01,6.422066184596886274e-01,-1.700193234865681469e-01,6.309012730127344648e-01,5.613967214760511304e-01,3.142390090514878831e-01,5.250158685592577479e-01,1.681936570561970157e-01,4.634991858474620252e-01,2.996135189383539732e-01,7.208743190063084949e-01,5.631686075432943417e-01,-1.931339681809535191e-01,5.028762705548666112e-01,2.554185295404068357e-01,6.383430480719290978e-01,-2.051590525102251275e-02,-4.031051999468537317e-01,5.011754212031066524e-01,7.124214733899632002e-01,3.917588803362553190e-02,-2.368783242702482972e-01,-4.254816016842112858e-01,7.270864412652243702e-01,5.878041372536063625e-01
6.873999296109261081e-01,1.343719099102617942e-01,4.315094651784201485e-01,1.695203294635292957e-01,6.000868059174303548e-01,-3.200196390944555214e-01,2.294843336096560188e-02,-4.358919337482055623e-01,5.976779753203297352e-01,1.000000000000000000e+00,3.436586082255038005e-02,-3.577390807424114527e-01,-2.641847713991980484e-01,3.811406919500027746e-01,1.240519804932763426e-01,7.798918537652809180e-01,1.253131988649473505e-01,4.577086614755607741e-01,3.314600578678965626e-01,5.266601073786484483e-02,3.546047876424920919e-01,-6.321552561552681859e-02,5.627190959406984661e-01,2.489453931781357710e-01,6.526403917560007484e-01,2.746387812255881578e-01,1.937775800366620116e-02,2.765155958665114211e-01,2.264652024989442791e-01,7.879550831299343416e-01,1.767544955626047798e-01,-3.590957618925957329e-01,1.433310702718444407e-01,2.877643295740963669e-01,2.355590690550453392e-02,6.313434749899923815e-02,-2.127425040532421319e-01,3.750731247257388379e-01,3.472073912541267515e-01
1.781484404261251264e-01,8.185938570754540677e-01,-4.182586237532724960e-01,1.994839802145703112e-01,-2.129424289758200806e-01,7.786975365358986823e-01,-1.050557896979797262e-01,3.440792934630937938e-01,-3.505588865948824906e-01,3.436586082255038005e-02,1.000000000000000000e+00,-1.851223705263419783e-01,-7.095854256252868142e-01,1.348355319806034680e-01,-8.330366390962273826e-01,-1.715996951410196925e-01,5.882711091965919792e-01,9.061199477236854538e-02,1.735068367208955631e-01,-7.499391795189378485e-01,-6.517819548205947555e-01,-3.933728076491603276e-01,2.128334103198635807e-01,1.701491471963338942e-01,-2.611439515225887908e-01,-6.685197448470419079e-01,7.726043664840147596e-01,-6.743052035680863199e-01,9.371956292249954135e-03,6.391461205186059480e-02,6.372204930488775121e-01,5.893355256389962715e-01,-8.833878892254035109e-02,-7.067593448636135811e-01,5.098894183096048804e-01,6.553399687638165050e-01,8.161718346214238418e-01,-6.027440435373633276e-01,1.985811564322749745e-01
-3.515047154829373799e-01,-4.839776077197107708e-03,-8.472798512236008606e-02,4.383986051954725793e-01,1.370310930651109232e-02,-2.940085970706615009e-02,1.460675916950363584e-01,-1.370630968959849275e-02,1.020115174042150463e-01,-3.577390807424114527e-01,-1.851223705263419783e-01,1.000000000000000000e+00,3.034723337581358149e-01,8.891045929126578651e-02,1.804105195372752712e-01,-3.045415606495314176e-01,-2.423706384202252706e-01,2.602962603972331923e-01,3.145867807392727644e-01,2.980413349175100104e-02,-1.981120271096399044e-01,2.190858774473903037e-01,-1.196174993937325765e-01,2.475058640619774708e-02,-2.798994192420642055e-02,-1.002863598029766351e-01,-5.738128704296931865e-02,-1.435859191298993753e-01,-2.190607351865686905e-02,-1.590351839774908904e-01,-2.016713185206647496e-01,6.451454057302699607e-02,1.405371018698383101e-01,2.073063976647438744e-01,1.044978598832195793e-01,-1.477512262922279773e-01,2.504729552287847036e-02,-7.331044047281359832e-02,1.288750232399531737e-01
-2.413736237156622055e-01,-6.658829026969503850e-01,2.152553238105729683e-01,-1.964270457707224804e-01,-1.847578640444556136e-02,-4.933709996782759122e-01,9.583633558073689773e-02,-1.165577557864494879e-01,1.114144679084889539e-01,-2.641847713991980484e-01,-7.095854256252868142e-01,3.034723337581358149e-01,1.000000000000000000e+00,-1.616655569065021114e-01,6.818306235761381062e-01,-9.022683646839592397e-02,-4.596446344313811494e-01,-1.724998575275299428e-01,-1.958451723517384280e-01,6.707111274595239925e-01,4.227730824375433571e-01,4.077206513767724916e-01,-2.772737724887613942e-01,-1.499907053484797470e-01,5.018716322266862390e-04,5.280993648939859009e-01,-6.251730690263872514e-01,5.135444793700491006e-01,1.480437961476300246e-01,-1.791532128439915772e-01,-7.140522266176453359e-01,-2.547872802672213055e-01,6.023849267890953735e-02,5.090115231275719188e-01,-4.530566831659774141e-01,-6.299047689770621572e-01,-5.544929907565228078e-01,3.965969879511085372e-01,-2.143943992854413783e-01
4.067309297129819701e-01,2.980402319590998994e-01,3.192620306404438946e-01,3.552217240371715046e-01,5.455751402630564240e-01,1.385277103742377225e-01,1.854990930231776303e-01,-3.820313022678993309e-01,4.650855286717215931e-01,3.811406919500027746e-01,1.348355319806034680e-01,8.891045929126578651e-02,-1.616655569065021114e-01,1.000000000000000000e+00,1.151985037678329889e-02,3.711825461538347248e-01,2.554366584786553762e-01,5.164503473375859910e-01,5.528306719445492678e-01,-7.748444147138661142e-02,1.348094365930392891e-01,-9.564560341553797473e-02,4.642921210045163893e-01,5.713150231559314118e-01,3.877548584817783195e-01,1.885486711460482301e-01,1.881970869722066897e-01,1.153691418285354015e-01,4.792653082940490639e-01,5.381554594754114351e-01,2.631532839327760387e-01,1.238715113226482312e-01,4.256886753254771616e-01,2.183292541609113124e-01,4.577895600125517217e-01,2.421629139897829297e-01,1.651896181497649885e-01,2.451840775780264603e-01,5.546650576799071475e-01
4.321985149177140668e-03,-7.518063782565054254e-01,5.486244556738023581e-01,-1.472102409733848649e-01,3.576394882782351070e-01,-7.741172940962077753e-01,1.254863887812978085e-01,-4.726996706566942152e-01,5.579727845017792287e-01,1.240519804932763426e-01,-8.330366390962273826e-01,1.804105195372752712e-01,6.818306235761381062e-01,1.151985037678329889e-02,1.000000000000000000e+00,2.612487059203998929e-01,-4.514613444949127641e-01,6.372842630667939490e-02,1.701803069838674770e-02,7.822322911629780995e-01,7.284952546033498511e-01,4.323630145896695809e-01,-9.089125372815441695e-02,-3.154612520811823223e-02,4.298766554737757928e-01,7.669875252440109259e-01,-7.003746971611535255e-01,7.664072567877404651e-01,1.512563908107129318e-01,1.240615423105299597e-01,-6.012796409389784547e-01,-5.649146208322142204e-01,2.469185219840893120e-01,8.295153563711545885e-01,-4.748598738438108979e-01,-7.141956072731943106e-01,-7.858954617093348860e-01,7.494653329814767728e-01,4.037177362949912612e-02
6.756639523688486859e-01,-5.960283502013103557e-02,5.055264961763259457e-01,8.502789207722542819e-02,6.118331450810362560e-01,-3.892604201466077218e-01,1.328060399801523073e-01,-5.040749713477636895e-01,6.422066184596886274e-01,7.798918537652809180e-01,-1.715996951410196925e-01,-3.045415606495314176e-01,-9.022683646839592397e-02,3.711825461538347248e-01,2.612487059203998929e-01,1.000000000000000000e+00,2.658673273487554764e-02,3.514664805513764145e-01,2.697579474266416089e-01,1.964535453727021264e-01,4.557209065392831548e-01,1.008579818790311840e-02,5.709746298886969607e-01,2.683334756292971579e-01,5.595432813507570380e-01,4.030503135285364302e-01,-1.266407397770517307e-01,3.595118091278973749e-01,1.530483457047994711e-01,7.115817896810135990e-01,1.283307403329790319e-01,-3.477242359414552952e-01,1.912672230987647326e-01,3.983515111957240951e-01,1.956857165680098154e-02,3.050990514938709680e-02,-3.568469879017246993e-01,5.426383525441235145e-01,3.792483047510797900e-01
1.939217509335733058e-01,3.765591645961025025e-01,-2.401799617957679767e-01,9.415328615751972219e-02,-6.766159896376416905e-02,4.946721140999967292e-01,-1.253684995225234217e-02,2.062566923207923564e-01,-1.700193234865681469e-01,1.253131988649473505e-01,5.882711091965919792e-01,-2.423706384202252706e-01,-4.596446344313811494e-01,2.554366584786553762e-01,-4.514613444949127641e-01,2.658673273487554764e-02,1.000000000000000000e+00,8.638141655294551483e-03,7.703909175925338637e-02,-4.608800132568713348e-01,-2.929769845877477352e-01,-4.787873692205112386e-01,2.489625564237202549e-01,3.236615266809680369e-01,-2.142794583027363912e-04,-3.326419484186625697e-01,3.232150919471531991e-01,-3.428790472399163569e-01,7.296439571095780785e-02,1.692191596194768943e-01,3.728886780475156315e-01,2.519796851949687166e-01,-6.777953625629846990e-02,-4.190190711118380595e-01,2.436037728501083410e-01,3.638650445662346411e-01,3.822212762122251251e-01,-2.059764368413821989e-01,1.190216446929201338e-01
3.481403860237880510e-01,3.151813500759010345e-01,2.249943449332821033e-01,7.649761050057310996e-01,6.089550509591575844e-01,-1.009869848173602785e-01,7.782630582525890822e-03,-3.808144822051670597e-01,6.309012730127344648e-01,4.577086614755607741e-01,9.061199477236854538e-02,2.602962603972331923e-01,-1.724998575275299428e-01,5.164503473375859910e-01,6.372842630667939490e-02,3.514664805513764145e-01,8.638141655294551483e-03,1.000000000000000000e+00,7.566556356528333360e-01,-2.246449644717911087e-01,-5.612296533950031363e-02,-1.394554761151286792e-01,3.814027772938495819e-01,1.986842479339887557e-01,4.590393038081542199e-01,1.265266749915105494e-02,1.151187414448989477e-01,-5.394399573717684193e-02,1.158173384906791559e-01,5.847348975718325015e-01,9.021144891755855655e-02,-2.188193412176675789e-01,2.758508594670428526e-01,2.262403202030920379e-01,2.784296515956191653e-01,1.375116781801341559e-01,1.002621122273457052e-02,1.909086687566859397e-01,4.911853427974106623e-01
3.348674394415233069e-01,3.797534342854284040e-01,1.526867187897825162e-01,6.529928807157580062e-01,4.323315056347523666e-01,2.063366998738548272e-02,8.255524345509270001e-02,-2.750833152026233019e-01,5.613967214760511304e-01,3.314600578678965626e-01,1.735068367208955631e-01,3.145867807392727644e-01,-1.958451723517384280e-01,5.528306719445492678e-01,1.701803069838674770e-02,2.697579474266416089e-01,7.703909175925338637e-02,7.566556356528333360e-01,1.000000000000000000e+00,-2.566667733089337822e-01,-1.069210906187025439e-01,-9.837843474399671218e-02,4.832868557636780804e-01,3.179387530007229401e-01,4.414460024508390368e-01,-3.772176673724383228e-02,2.588756583551420909e-01,-1.150848261688383056e-01,2.059918818135908769e-01,5.040239436176957577e-01,1.773798078574005399e-01,-1.388130282031313327e-02,2.929008267438024671e-01,1.382255198877682667e-01,3.828735147126274829e-01,1.364669954642459826e-01,1.621347625735004572e-01,1.590988619743450849e-01,6.619634898181883109e-01
-1.337044197623742624e-02,-6.994302127768354804e-01,5.764860734340204740e-01,-3.820946957436082148e-01,2.173359270990739833e-01,-6.587864240931858850e-01,2.650955321255166752e-01,-4.376546281668270422e-01,3.142390090514878831e-01,5.266601073786484483e-02,-7.499391795189378485e-01,2.980413349175100104e-02,6.707111274595239925e-01,-7.748444147138661142e-02,7.822322911629780995e-01,1.964535453727021264e-01,-4.608800132568713348e-01,-2.246449644717911087e-01,-2.566667733089337822e-01,1.000000000000000000e+00,7.714180351475954378e-01,6.485383094489970413e-01,-1.831810541993192931e-01,2.968559850852078052e-05,1.999308488468749812e-01,7.628022256880575558e-01,-5.385173337857024345e-01,8.334856902638813070e-01,1.894036857400011320e-01,3.362177770749316674e-02,-4.919493845890126615e-01,-3.522381767988540524e-01,2.290443919898260683e-01,7.194846171182808225e-01,-4.839103145897412084e-01,-6.406359855948460247e-01,-6.488225617322458394e-01,5.786566768139765893e-01,-1.112544175714352407e-01
2.078020943800629461e-01,-6.158856089111854892e-01,7.971689937123711545e-01,-3.317457935286114434e-01,4.945866096013101232e-01,-6.554570243582170663e-01,2.183602996929511209e-01,-6.835498258207250988e-01,5.250158685592577479e-01,3.546047876424920919e-01,-6.517819548205947555e-01,-1.981120271096399044e-01,4.227730824375433571e-01,1.348094365930392891e-01,7.284952546033498511e-01,4.557209065392831548e-01,-2.929769845877477352e-01,-5.612296533950031363e-02,-1.069210906187025439e-01,7.714180351475954378e-01,1.000000000000000000e+00,4.245765106971670089e-01,1.093493098960069271e-01,1.700425556120627735e-01,4.431246686984726124e-01,8.383900845083718245e-01,-4.683960108792658561e-01,9.021734934598297784e-01,2.880624992292357134e-01,2.650934276351411545e-01,-2.538396501177720421e-01,-4.330812441732572737e-01,3.664551892906605102e-01,7.481796658274116885e-01,-3.509396540545852705e-01,-4.871950382210774588e-01,-6.535810539158657395e-01,7.276678663950405523e-01,5.137576358143276789e-02
-3.911352097803955097e-02,-2.560394654810155823e-01,4.557527696905261938e-01,-2.305978926377180438e-01,1.221911009905826684e-01,-3.396516637620763390e-01,2.834202072190701860e-01,-3.646293586313817947e-01,1.681936570561970157e-01,-6.321552561552681859e-02,-3.933728076491603276e-01,2.190858774473903037e-01,4.077206513767724916e-01,-9.564560341553797473e-02,4.323630145896695809e-01,1.008579818790311840e-02,-4.787873692205112386e-01,-1.394554761151286792e-01,-9.837843474399671218e-02,6.485383094489970413e-01,4.245765106971670089e-01,1.000000000000000000e+00,-1.186178615633992767e-01,3.904228557084091222e-02,6.712192982951156739e-03,4.305624456724121418e-01,-1.870805934490178332e-02,5.091127661109909885e-01,1.570790941954113840e-01,-6.838647746784240478e-02,-1.349328759365088781e-01,3.355124208388220869e-02,3.019200621176652000e-01,4.990656356122611381e-01,-1.398100265508704643e-01,-3.430719321167967628e-01,-1.836031512433162483e-01,2.320143333132170527e-01,9.942206053965288448e-02
5.932540981724834239e-01,3.322833593361663174e-01,2.899836995187630717e-01,2.069976803174332636e-01,3.924877623101161728e-01,8.036904002855348172e-02,1.163527204803322113e-01,-3.354216512318651255e-01,4.634991858474620252e-01,5.627190959406984661e-01,2.128334103198635807e-01,-1.196174993937325765e-01,-2.772737724887613942e-01,4.642921210045163893e-01,-9.089125372815441695e-02,5.709746298886969607e-01,2.489625564237202549e-01,3.814027772938495819e-01,4.832868557636780804e-01,-1.831810541993192931e-01,1.093493098960069271e-01,-1.186178615633992767e-01,1.000000000000000000e+00,5.255337161087672015e-01,5.392343577196506699e-01,7.787940521315468712e-02,3.137490299213502865e-01,2.995835032577322254e-02,3.417042351899123309e-01,5.514256546431521855e-01,4.265919741591482350e-01,7.005059171906762028e-02,3.826433081111983436e-01,9.903938333296759267e-02,4.222114788778735806e-01,2.571693409653991735e-01,1.400001810887798737e-01,2.073444799388229065e-01,5.521043326924915950e-01
3.577199717270843071e-01,2.221003204674410203e-01,3.294084807091532952e-01,1.388823844021221110e-01,3.177312267526576917e-01,1.792532630578906327e-01,3.866832159701901750e-01,-3.552353009259708871e-01,2.996135189383539732e-01,2.489453931781357710e-01,1.701491471963338942e-01,2.475058640619774708e-02,-1.499907053484797470e-01,5.713150231559314118e-01,-3.154612520811823223e-02,2.683334756292971579e-01,3.236615266809680369e-01,1.986842479339887557e-01,3.179387530007229401e-01,2.968559850852078052e-05,1.700425556120627735e-01,3.904228557084091222e-02,5.255337161087672015e-01,1.000000000000000000e+00,3.362958971434621969e-01,1.732668016638004294e-01,2.755105500609257851e-01,1.322735492241298993e-01,4.044490413061065381e-01,3.154865018857899162e-01,3.369517511506852081e-01,2.563086487002845804e-01,4.312999531948390475e-01,1.279030667954552114e-01,3.722624525460945799e-01,5.212444119849645591e-02,1.870721020870937668e-01,1.907410967652143352e-01,4.698486222298404180e-01
5.190161656038075888e-01,-7.749064673130322267e-02,4.697273954050135147e-01,2.079362879541510889e-01,5.617420285221975673e-01,-4.649120837825064800e-01,4.187835850840191526e-02,-4.923340019494356623e-01,7.208743190063084949e-01,6.526403917560007484e-01,-2.611439515225887908e-01,-2.798994192420642055e-02,5.018716322266862390e-04,3.877548584817783195e-01,4.298766554737757928e-01,5.595432813507570380e-01,-2.142794583027363912e-04,4.590393038081542199e-01,4.414460024508390368e-01,1.999308488468749812e-01,4.431246686984726124e-01,6.712192982951156739e-03,5.392343577196506699e-01,3.362958971434621969e-01,1.000000000000000000e+00,4.256455132337648717e-01,-1.766733942762424570e-01,3.878629951381195040e-01,2.644640766028518719e-01,5.901193469700352079e-01,-5.511965392058841562e-02,-4.644461609901204269e-01,3.212829083052308743e-01,5.348687985287373658e-01,-5.155206348369884700e-02,-1.627007878890438519e-01,-3.907056347183075484e-01,5.720534884584798085e-01,4.583256573291677460e-01
2.840429536633447549e-01,-5.626752678587202405e-01,7.053703780029184633e-01,-2.826393249543865949e-01,4.555729838988375469e-01,-6.002740305406657484e-01,2.379089029394024779e-01,-6.155673292357537463e-01,5.631686075432943417e-01,2.746387812255881578e-01,-6.685197448470419079e-01,-1.002863598029766351e-01,5.280993648939859009e-01,1.885486711460482301e-01,7.669875252440109259e-01,4.030503135285364302e-01,-3.326419484186625697e-01,1.265266749915105494e-02,-3.772176673724383228e-02,7.628022256880575558e-01,8.383900845083718245e-01,4.305624456724121418e-01,7.787940521315468712e-02,1.732668016638004294e-01,4.256455132337648717e-01,1.000000000000000000e+00,-4.942232001346905657e-01,8.600021296526083603e-01,4.291372025731293727e-01,2.614971404008585854e-01,-3.394149897574172958e-01,-3.403817429296099872e-01,4.559723791283089023e-01,7.565047034868979114e-01,-2.685428385378210714e-01,-5.214597378109400161e-01,-6.233510287121402094e-01,7.965292614206550548e-01,1.501132042310949488e-01
1.916619367453305800e-01,7.997524068078627479e-01,-1.608075828112085492e-01,1.508580134790056260e-01,-9.264402968345858413e-02,6.594355038333025165e-01,4.264603597683913616e-02,1.046842893742505609e-01,-1.931339681809535191e-01,1.937775800366620116e-02,7.726043664840147596e-01,-5.738128704296931865e-02,-6.251730690263872514e-01,1.881970869722066897e-01,-7.003746971611535255e-01,-1.266407397770517307e-01,3.232150919471531991e-01,1.151187414448989477e-01,2.588756583551420909e-01,-5.385173337857024345e-01,-4.683960108792658561e-01,-1.870805934490178332e-02,3.137490299213502865e-01,2.755105500609257851e-01,-1.766733942762424570e-01,-4.942232001346905657e-01,1.000000000000000000e+00,-4.656946247015460449e-01,7.987114343793799698e-02,4.713210653576489079e-02,7.406343822620111705e-01,6.641198078129417759e-01,2.195861875444356792e-01,-4.712077361476006976e-01,6.035230958755368746e-01,6.203518549926390069e-01,8.336599298802455094e-01,-5.149493573998997764e-01,3.591778003284141763e-01
1.597807709316597657e-01,-6.334116833630256682e-01,7.700923605864309351e-01,-3.305657206859085595e-01,4.461699181691312077e-01,-6.472323454190284098e-01,2.237063725409811077e-01,-6.470659607934681201e-01,5.028762705548666112e-01,2.765155958665114211e-01,-6.743052035680863199e-01,-1.435859191298993753e-01,5.135444793700491006e-01,1.153691418285354015e-01,7.664072567877404651e-01,3.595118091278973749e-01,-3.428790472399163569e-01,-5.394399573717684193e-02,-1.150848261688383056e-01,8.334856902638813070e-01,9.021734934598297784e-01,5.091127661109909885e-01,2.995835032577322254e-02,1.322735492241298993e-01,3.878629951381195040e-01,8.600021296526083603e-01,-4.656946247015460449e-01,1.000000000000000000e+00,3.213994013197929989e-01,2.208770156586132571e-01,-3.249104967492485452e-01,-3.923097877676468004e-01,3.968179430243155004e-01,7.725587569910343788e-01,-3.563174829312769076e-01,-5.590407446563178118e-01,-6.293919179453030255e-01,7.072587830053995717e-01,2.139512670706087208e-02
3.865688413679992386e-01,1.234533017733658311e-01,3.400789991342991203e-01,-4.413907300433674019e-02,2.045722867542461298e-01,8.304692495445933909e-02,1.783257416368010106e-01,-2.957723860212747580e-01,2.554185295404068357e-01,2.264652024989442791e-01,9.371956292249954135e-03,-2.190607351865686905e-02,1.480437961476300246e-01,4.792653082940490639e-01,1.512563908107129318e-01,1.530483457047994711e-01,7.296439571095780785e-02,1.158173384906791559e-01,2.059918818135908769e-01,1.894036857400011320e-01,2.880624992292357134e-01,1.570790941954113840e-01,3.417042351899123309e-01,4.044490413061065381e-01,2.644640766028518719e-01,4.291372025731293727e-01,7.987114343793799698e-02,3.213994013197929989e-01,1.000000000000000000e+00,3.346504616745432648e-01,3.723679773841339496e-02,2.977517086695701254e-01,4.846448680226398964e-01,2.183456981831247701e-01,2.508358279696064064e-01,-4.540581444436843361e-02,1.142174136777768384e-01,2.856681406982241045e-01,3.675301627298520057e-01
6.828821822708253109e-01,2.105527555931089867e-01,3.954913914143872722e-01,3.423495121682539333e-01,5.962061088549549526e-01,-2.165992049686906729e-01,1.234276502664724134e-01,-4.332089502903996858e-01,6.383430480719290978e-01,7.879550831299343416e-01,6.391461205186059480e-02,-1.590351839774908904e-01,-1.791532128439915772e-01,5.381554594754114351e-01,1.240615423105299597e-01,7.115817896810135990e-01,1.692191596194768943e-01,5.847348975718325015e-01,5.040239436176957577e-01,3.362177770749316674e-02,2.650934276351411545e-01,-6.838647746784240478e-02,5.514256546431521855e-01,3.154865018857899162e-01,5.901193469700352079e-01,2.614971404008585854e-01,4.713210653576489079e-02,2.208770156586132571e-01,3.346504616745432648e-01,1.000000000000000000e+00,1.404477430605372834e-01,-2.190004761688349455e-01,2.109244949678341918e-01,2.740358939955583883e-01,1.626946736871775767e-01,9.697891294707026988e-02,-1.253739814307181788e-01,3.841127366556792433e-01,4.502561160364190740e-01
2.504619809210247849e-01,6.406553353674294682e-01,1.786241434767708858e-02,6.573754317710285566e-02,1.054750927829527785e-01,5.721460116698431353e-01,1.602053386749543729e-01,-9.704581694334421527e-02,-2.051590525102251275e-02,1.767544955626047798e-01,6.372204930488775121e-01,-2.016713185206647496e-01,-7.140522266176453359e-01,2.631532839327760387e-01,-6.012796409389784547e-01,1.283307403329790319e-01,3.728886780475156315e-01,9.021144891755855655e-02,1.773798078574005399e-01,-4.919493845890126615e-01,-2.538396501177720421e-01,-1.349328759365088781e-01,4.265919741591482350e-01,3.369517511506852081e-01,-5.511965392058841562e-02,-3.394149897574172958e-01,7.406343822620111705e-01,-3.249104967492485452e-01,3.723679773841339496e-02,1.404477430605372834e-01,1.000000000000000000e+00,5.143605645951713212e-01,2.957929600292175110e-01,-3.348754808600700184e-01,6.420818057520749633e-01,6.220769201003316651e-01,6.217224367338934909e-01,-2.901255273080498021e-01,3.756823988775980228e-01
-1.599758683619110361e-02,5.591264571005286621e-01,-2.609781430835315663e-01,-1.112483857686673294e-01,-3.480328652043132021e-01,7.576812454033080568e-01,2.221880257317011276e-01,2.465066429789531388e-01,-4.031051999468537317e-01,-3.590957618925957329e-01,5.893355256389962715e-01,6.451454057302699607e-02,-2.547872802672213055e-01,1.238715113226482312e-01,-5.649146208322142204e-01,-3.477242359414552952e-01,2.519796851949687166e-01,-2.188193412176675789e-01,-1.388130282031313327e-02,-3.522381767988540524e-01,-4.330812441732572737e-01,3.355124208388220869e-02,7.005059171906762028e-02,2.563086487002845804e-01,-4.644461609901204269e-01,-3.403817429296099872e-01,6.641198078129417759e-01,-3.923097877676468004e-01,2.977517086695701254e-01,-2.190004761688349455e-01,5.143605645951713212e-01,1.000000000000000000e+00,2.181884302712998602e-01,-4.674528443855733295e-01,5.501399125802021173e-01,4.098282885466056902e-01,7.769630093130956983e-01,-4.427488533655128955e-01,2.076333753753351885e-01
2.393156771765087565e-01,7.031534561029983976e-02,5.451773273525627461e-01,4.295580839447640797e-02,4.444680922980959736e-01,3.869253965378337268e-02,3.059721345574663576e-01,-5.725029576700293443e-01,5.011754212031066524e-01,1.433310702718444407e-01,-8.833878892254035109e-02,1.405371018698383101e-01,6.023849267890953735e-02,4.256886753254771616e-01,2.469185219840893120e-01,1.912672230987647326e-01,-6.777953625629846990e-02,2.758508594670428526e-01,2.929008267438024671e-01,2.290443919898260683e-01,3.664551892906605102e-01,3.019200621176652000e-01,3.826433081111983436e-01,4.312999531948390475e-01,3.212829083052308743e-01,4.559723791283089023e-01,2.195861875444356792e-01,3.968179430243155004e-01,4.846448680226398964e-01,2.109244949678341918e-01,2.957929600292175110e-01,2.181884302712998602e-01,1.000000000000000000e+00,4.534819149746887601e-01,3.925634003408414174e-01,2.095714959628859272e-02,6.997588176701305396e-02,3.797089026614345886e-01,4.983161783003607348e-01
1.583294519975842751e-01,-5.547000976134884853e-01,7.182121078757260912e-01,-2.596948372094087451e-02,5.964483068758847928e-01,-6.999227648548890235e-01,1.936706985902776623e-01,-6.772959593165355230e-01,7.124214733899632002e-01,2.877643295740963669e-01,-7.067593448636135811e-01,2.073063976647438744e-01,5.090115231275719188e-01,2.183292541609113124e-01,8.295153563711545885e-01,3.983515111957240951e-01,-4.190190711118380595e-01,2.262403202030920379e-01,1.382255198877682667e-01,7.194846171182808225e-01,7.481796658274116885e-01,4.990656356122611381e-01,9.903938333296759267e-02,1.279030667954552114e-01,5.348687985287373658e-01,7.565047034868979114e-01,-4.712077361476006976e-01,7.725587569910343788e-01,2.183456981831247701e-01,2.740358939955583883e-01,-3.348754808600700184e-01,-4.674528443855733295e-01,4.534819149746887601e-01,1.000000000000000000e+00,-2.716229081838413273e-01,-5.203727111788878368e-01,-6.555892973032003690e-01,7.504281670770458490e-01,2.506491748319794599e-01
1.495398442909716685e-01,6.020060651625409598e-01,-3.443845390784652793e-02,2.954078343648157134e-01,1.031718376176890689e-01,5.899963483475911818e-01,1.358540742440228488e-01,-8.206040767911865208e-02,3.917588803362553190e-02,2.355590690550453392e-02,5.098894183096048804e-01,1.044978598832195793e-01,-4.530566831659774141e-01,4.577895600125517217e-01,-4.748598738438108979e-01,1.956857165680098154e-02,2.436037728501083410e-01,2.784296515956191653e-01,3.828735147126274829e-01,-4.839103145897412084e-01,-3.509396540545852705e-01,-1.398100265508704643e-01,4.222114788778735806e-01,3.722624525460945799e-01,-5.155206348369884700e-02,-2.685428385378210714e-01,6.035230958755368746e-01,-3.563174829312769076e-01,2.508358279696064064e-01,1.626946736871775767e-01,6.420818057520749633e-01,5.501399125802021173e-01,3.925634003408414174e-01,-2.716229081838413273e-01,1.000000000000000000e+00,5.941717986641994464e-01,6.408263666778925005e-01,-2.370605017095609446e-01,4.329828021516818892e-01
1.611535236305824681e-01,6.756091520538062278e-01,-2.369985443220348487e-01,2.333026338119588428e-01,-2.436765923946915529e-03,6.258229006499014258e-01,-1.336897487334528511e-01,1.311607564141960558e-01,-2.368783242702482972e-01,6.313434749899923815e-02,6.553399687638165050e-01,-1.477512262922279773e-01,-6.299047689770621572e-01,2.421629139897829297e-01,-7.141956072731943106e-01,3.050990514938709680e-02,3.638650445662346411e-01,1.375116781801341559e-01,1.364669954642459826e-01,-6.406359855948460247e-01,-4.871950382210774588e-01,-3.430719321167967628e-01,2.571693409653991735e-01,5.212444119849645591e-02,-1.627007878890438519e-01,-5.214597378109400161e-01,6.203518549926390069e-01,-5.590407446563178118e-01,-4.540581444436843361e-02,9.697891294707026988e-02,6.220769201003316651e-01,4.098282885466056902e-01,2.095714959628859272e-02,-5.203727111788878368e-01,5.941717986641994464e-01,1.000000000000000000e+00,6.349239604719536523e-01,-4.509507947047626808e-01,2.065932376198647280e-01
-8.400693141259574226e-03,7.830844274930711668e-01,-3.981190116736822993e-01,1.541176970389616374e-01,-3.080085752600874027e-01,8.280294593428356720e-01,-2.023411492437902567e-02,3.353954628114697023e-01,-4.254816016842112858e-01,-2.127425040532421319e-01,8.161718346214238418e-01,2.504729552287847036e-02,-5.544929907565228078e-01,1.651896181497649885e-01,-7.858954617093348860e-01,-3.568469879017246993e-01,3.822212762122251251e-01,1.002621122273457052e-02,1.621347625735004572e-01,-6.488225617322458394e-01,-6.535810539158657395e-01,-1.836031512433162483e-01,1.400001810887798737e-01,1.870721020870937668e-01,-3.907056347183075484e-01,-6.233510287121402094e-01,8.336599298802455094e-01,-6.293919179453030255e-01,1.142174136777768384e-01,-1.253739814307181788e-01,6.217224367338934909e-01,7.769630093130956983e-01,6.997588176701305396e-02,-6.555892973032003690e-01,6.408263666778925005e-01,6.349239604719536523e-01,1.000000000000000000e+00,-6.631300346601504137e-01,1.885440007676791596e-01
3.929829480633277861e-01,-5.234052919520633118e-01,6.385086022923416316e-01,-8.531272898056388443e-02,5.384464191478237627e-01,-6.081752937623936539e-01,1.762172798378165151e-01,-6.053262626875161034e-01,7.270864412652243702e-01,3.750731247257388379e-01,-6.027440435373633276e-01,-7.331044047281359832e-02,3.965969879511085372e-01,2.451840775780264603e-01,7.494653329814767728e-01,5.426383525441235145e-01,-2.059764368413821989e-01,1.909086687566859397e-01,1.590988619743450849e-01,5.786566768139765893e-01,7.276678663950405523e-01,2.320143333132170527e-01,2.073444799388229065e-01,1.907410967652143352e-01,5.720534884584798085e-01,7.965292614206550548e-01,-5.149493573998997764e-01,7.072587830053995717e-01,2.856681406982241045e-01,3.841127366556792433e-01,-2.901255273080498021e-01,-4.427488533655128955e-01,3.797089026614345886e-01,7.504281670770458490e-01,-2.370605017095609446e-01,-4.509507947047626808e-01,-6.631300346601504137e-01,1.000000000000000000e+00,3.516491095870326045e-01
5.552855280061665955e-01,3.772597797021062793e-01,3.116167306077564647e-01,3.015684045659958734e-01,4.581674816691949093e-01,8.959627962004801383e-02,2.123108649123792713e-01,-3.953778766590390625e-01,5.878041372536063625e-01,3.472073912541267515e-01,1.985811564322749745e-01,1.288750232399531737e-01,-2.143943992854413783e-01,5.546650576799071475e-01,4.037177362949912612e-02,3.792483047510797900e-01,1.190216446929201338e-01,4.911853427974106623e-01,6.619634898181883109e-01,-1.112544175714352407e-01,5.137576358143276789e-02,9.942206053965288448e-02,5.521043326924915950e-01,4.698486222298404180e-01,4.583256573291677460e-01,1.501132042310949488e-01,3.591778003284141763e-01,2.139512670706087208e-02,3.675301627298520057e-01,4.502561160364190740e-01,3.756823988775980228e-01,2.076333753753351885e-01,4.983161783003607348e-01,2.506491748319794599e-01,4.329828021516818892e-01,2.065932376198647280e-01,1.885440007676791596e-01,3.516491095870326045e-01,1.000000000000000000e+00
