1.000000000000000000e+00,7.803328530024934429e-01,4.838915324756307701e-01,-5.481865815974440448e-01,7.110436838655473935e-01,-5.767039280391680345e-01,3.019586470467705563e-01,-4.731843185588727185e-01,7.937411887297012303e-01,7.286341421542658070e-01,-5.557289227582840052e-01,5.419357175105922186e-01,-2.975438090264559410e-01,-9.770361526693294163e-02,7.936625953096348995e-01,7.721061812342836506e-01,-6.411048048247108833e-01,3.040155118729969130e-01,2.867812897426559871e-01,6.772330004295827877e-01,2.806191841426432521e-01,-2.653030124538580115e-02,-6.405600030719728055e-01,-1.225853035324497575e-01,2.934103846403894877e-01,7.367566133803513662e-01,2.499602667138959844e-01,6.170241815463195501e-01,-2.692978794507207563e-01,8.044976100363759874e-01,1.687398064423447364e-01,-6.169767627531839473e-03,-3.758315309376806801e-01,5.170355636622451234e-01,7.270925835702639617e-01,6.840112510429848802e-01,4.617322309072641739e-01,7.910019019432622533e-01,4.701041260676886435e-01
7.803328530024934429e-01,1.000000000000000000e+00,6.201447076204210651e-01,-3.468542365820634354e-01,7.653045427123323918e-01,-3.532552566963931273e-01,5.068218072987779044e-01,-6.023289723994798006e-01,7.640288026110343411e-01,7.647288389332627112e-01,-3.291379778504046616e-01,6.077814915989013800e-01,-3.281527913438507249e-01,6.270745418174437230e-03,6.944715680967394889e-01,6.964015698342281846e-01,-5.240390511600209189e-01,3.660621616300502312e-01,4.141806213638878909e-01,7.016998014836079989e-01,3.967154074908290085e-01,2.107761089471832938e-01,-4.888739115317921047e-01,1.266236569163875225e-01,4.817776643120310065e-01,6.175804961995551290e-01,5.211366436805975333e-01,4.294524582106793997e-01,-2.225233958914459298e-01,7.204879575108680267e-01,4.656577208266033385e-01,3.124935390854847173e-01,-2.510216412550647092e-01,3.564325060848635984e-01,7.633796848577468763e-01,7.589536888681359672e-01,6.236304747659090486e-01,7.727427338567803838e-01,3.923425927188906592e-01
4.838915324756307701e-01,6.201447076204210651e-01,1.000000000000000000e+00,-3.467569941998574490e-01,7.670999283851932526e-01,-4.668112207145522913e-02,3.439923038820129064e-01,-8.742765295526718772e-01,5.824358141177296000e-01,5.934933625244781519e-01,-9.272364471253760621e-02,4.683156562493453468e-01,-2.301091557455372250e-01,2.768741003163164849e-01,4.238766830211356251e-01,4.954717830004615187e-01,-2.689679230012648192e-01,3.863427190570498104e-01,5.263447294667330523e-01,5.857946627729638811e-01,6.832372961668221611e-01,4.868023291038957590e-01,-1.293194710859382757e-01,4.151105674047554372e-01,6.405585931173829461e-01,4.817744243710502250e-01,7.054574144625697096e-01,4.486657222610332951e-01,1.596293668700195789e-01,4.585171179119374441e-01,6.383266980154616022e-01,5.308931719948593031e-01,3.146944243614813175e-01,-4.923846807479917084e-03,6.024609548917464474e-01,6.837989841727284412e-01,6.656912496132487700e-01,5.263485151826449160e-01,-1.214750461354393608e-02
-5.481865815974440448e-01,-3.468542365820634354e-01,-3.467569941998574490e-01,1.000000000000000000e+00,-4.253703287172568848e-01,3.509226466514525633e-01,3.556621689840976097e-02,3.428048293659742285e-01,-4.394977553931043168e-01,-3.383600149807002855e-01,4.166898237723422604e-01,-1.813328648347326544e-01,2.050231348798710329e-01,-1.507602799597850853e-02,-4.847970969412379039e-01,-4.375257752342192608e-01,3.053353792574317049e-01,-3.445386137814843847e-02,-7.001560668977453716e-02,-3.996196790153717093e-01,-2.946682063541503083e-01,1.656800980545928281e-01,3.207292546684907819e-01,1.426220482442513426e-01,-1.052558761277707089e-01,-6.439829180505849404e-01,-6.839767089280457402e-02,-8.201101546732266767e-01,-1.652208087918922430e-01,-4.437468715963797106e-01,5.892083848464360618e-02,1.492710843938821197e-01,1.223971150006815251e-01,-3.200737088532446539e-01,-4.079420140006905782e-01,-3.705536141460000765e-01,-2.907052485805509123e-01,-4.509472968081399968e-01,-7.897123049780298276e-02
7.110436838655473935e-01,7.653045427123323918e-01,7.670999283851932526e-01,-4.253703287172568848e-01,1.000000000000000000e+00,-2.897237901579311492e-01,4.110525293503945465e-01,-7.622624849769599198e-01,7.506270971635903289e-01,7.070294269588085490e-01,-2.890415318807982303e-01,5.456520561371775990e-01,-3.013510087553826766e-01,1.746122106822930731e-01,6.378521194708163256e-01,6.563286913687329527e-01,-4.550475312124399596e-01,3.593228958556086150e-01,4.368495329527768423e-01,6.834693014194396232e-01,5.006759969577395664e-01,2.526491990035895085e-01,-3.885062640348967977e-01,1.862211327910740788e-01,5.498412523449118794e-01,6.442254778809195503e-01,5.472377629600138071e-01,5.100724638695652846e-01,-7.486689856402610477e-02,6.713839341133350791e-01,4.508889240824591194e-01,3.452213456585190854e-01,-2.521365142837133852e-02,2.049798725237450547e-01,6.899653120463915545e-01,7.714388296327754357e-01,6.007190948454733670e-01,7.084122745099118434e-01,2.424882232704049512e-01
-5.767039280391680345e-01,-3.532552566963931273e-01,-4.668112207145522913e-02,3.509226466514525633e-01,-2.897237901579311492e-01,1.000000000000000000e+00,1.127913070769246962e-01,5.411669482287381067e-02,-5.494817919722322364e-01,-5.111668940702397412e-01,7.939624237649263172e-01,-3.486815876250640711e-01,-1.447361429707255120e-01,4.061255490042027239e-01,-5.649608576766961265e-01,-6.384275831216766894e-01,7.971854146642497474e-01,-3.602381599315927496e-01,-2.413575621138785432e-01,-2.473156675207075494e-01,3.254786439860488101e-02,1.540344783358074399e-01,7.956103773920372157e-01,4.244156093040100108e-01,1.125189474601136913e-01,-4.174734799486387038e-01,1.110307571997419807e-01,-4.303576345490084942e-01,4.186592380046670336e-01,-6.509603222000516221e-01,1.746012919005111297e-01,3.796161810463106745e-01,3.639852113046375126e-01,-4.498166474816264748e-01,-4.869734536548607773e-01,-2.701931767284440067e-01,-9.651992918245924646e-02,-4.150904625864043629e-01,-3.072813227365038813e-01
3.019586470467705563e-01,5.068218072987779044e-01,3.439923038820129064e-01,3.556621689840976097e-02,4.110525293503945465e-01,1.127913070769246962e-01,1.000000000000000000e+00,-3.227200839971000046e-01,2.747734862856398563e-01,2.742068304399563061e-01,1.396135271100687469e-01,1.415573833651837254e-01,-3.940207666146706145e-01,1.451418496680513814e-01,2.949984960314100957e-01,1.515985100817887066e-01,-5.926738854008746504e-02,-1.589061755264971343e-02,1.246525070723967094e-01,4.201261878436501895e-01,2.625930424422742160e-01,1.932835841280824973e-01,-3.016281027451166163e-02,1.449339748563630847e-01,3.274099966928110117e-01,1.938129727235978483e-01,3.315959764880996863e-01,-6.831021274175467541e-03,-1.927644189302498423e-01,1.893469045763778724e-01,3.776690781043198775e-01,3.346301083264031084e-01,-2.368946630294412048e-01,1.655858242091013399e-01,2.728471584261364380e-01,4.212983284929320282e-01,2.956132114810202105e-01,3.967507155524815921e-01,3.175422185825849120e-01
-4.731843185588727185e-01,-6.023289723994798006e-01,-8.742765295526718772e-01,3.428048293659742285e-01,-7.622624849769599198e-01,5.411669482287381067e-02,-3.227200839971000046e-01,1.000000000000000000e+00,-5.703666296532613478e-01,-5.785473328939859661e-01,8.930007649794047264e-02,-4.456160491984086369e-01,2.225891177062472859e-01,-2.816978968514861625e-01,-4.076125550259269703e-01,-4.851611916345219822e-01,2.719813918598951163e-01,-3.755532259657436978e-01,-5.159347647850721641e-01,-5.583724050415503903e-01,-6.704629082593629441e-01,-4.686627209549200646e-01,1.317100571664415465e-01,-4.057594024741719152e-01,-6.228691081289862153e-01,-4.805091872883420212e-01,-6.976357859921876736e-01,-4.390322500909960013e-01,-1.582454579898685265e-01,-4.494877738498726516e-01,-6.186261018340558637e-01,-5.254280682561960347e-01,-3.235895276799644060e-01,3.085711835403353795e-02,-5.896489544257285109e-01,-6.802418902779990839e-01,-6.509370529111208059e-01,-5.057375493766964603e-01,3.353306538857511038e-02
7.937411887297012303e-01,7.640288026110343411e-01,5.824358141177296000e-01,-4.394977553931043168e-01,7.506270971635903289e-01,-5.494817919722322364e-01,2.747734862856398563e-01,-5.703666296532613478e-01,1.000000000000000000e+00,8.336854079596923706e-01,-6.062346119725465776e-01,6.796571033729971179e-01,-7.613696517901792638e-02,-6.972763156656247574e-02,7.901304013123071623e-01,8.264625483995281519e-01,-6.513836107252124474e-01,5.411782096783196438e-01,5.121565473181218797e-01,7.013720051755835128e-01,3.962678127005475615e-01,2.358950879249769317e-01,-6.285694715621455986e-01,5.213443541366332562e-02,4.201447367875535965e-01,6.219645872643900786e-01,3.896510689070172284e-01,5.737284636332637966e-01,-1.990492955265166786e-01,8.477089437870224398e-01,3.388300345867025221e-01,1.037737135690877527e-01,-1.421937933591947423e-01,4.794898246552948273e-01,8.060589347632036716e-01,6.597024113675533652e-01,5.476478882152449046e-01,7.433124403076608600e-01,4.079866383712126843e-01
7.286341421542658070e-01,7.647288389332627112e-01,5.934933625244781519e-01,-3.383600149807002855e-01,7.070294269588085490e-01,-5.111668940702397412e-01,2.742068304399563061e-01,-5.785473328939859661e-01,8.336854079596923706e-01,1.000000000000000000e+00,-5.636971743254887146e-01,7.236843147094228490e-01,-1.223078974791672914e-02,-1.455994155291166492e-01,7.128637462567816163e-01,8.341438223216294245e-01,-6.759979296278879612e-01,6.272611073687774930e-01,6.176557652619049099e-01,6.454925971891951608e-01,4.370791784342827890e-01,3.866032492992668712e-01,-6.193908841874201654e-01,1.456164080414271145e-01,5.124425671949406347e-01,4.934914488901210872e-01,4.938615806695693666e-01,4.894145058242425628e-01,-1.815824413014213989e-01,8.139119945270855139e-01,4.877002580608755244e-01,2.235358602277602580e-01,-6.066897272507705552e-02,3.856065605874174351e-01,8.260427393238573002e-01,6.506682217467731899e-01,5.906570540455110541e-01,6.945043810733723122e-01,3.512471904507062925e-01
-5.557289227582840052e-01,-3.291379778504046616e-01,-9.272364471253760621e-02,4.166898237723422604e-01,-2.890415318807982303e-01,7.939624237649263172e-01,1.396135271100687469e-01,8.930007649794047264e-02,-6.062346119725465776e-01,-5.636971743254887146e-01,1.000000000000000000e+00,-4.553037809094438448e-01,-2.729575132114323011e-01,3.999181139796503248e-01,-6.359502432017051232e-01,-6.817837094697721811e-01,7.216721845296026894e-01,-4.844321340951288635e-01,-3.121150491151961637e-01,-3.593102159431909026e-01,-9.871401727890517785e-02,-1.994143548942301641e-03,7.389619968207021827e-01,3.316282552486996549e-01,3.716090911195425034e-02,-3.698794711650011391e-01,1.169090322949247057e-01,-5.177427843351347647e-01,3.170955759129948648e-01,-6.952787452116443445e-01,1.138854871035482330e-01,4.427286790505000069e-01,2.335164584114947650e-01,-5.378235812444689401e-01,-5.257547835075525589e-01,-2.033455260033815437e-01,-9.317490948405247886e-02,-4.344062103388122154e-01,-3.708264294944753625e-01
5.419357175105922186e-01,6.077814915989013800e-01,4.683156562493453468e-01,-1.813328648347326544e-01,5.456520561371775990e-01,-3.486815876250640711e-01,1.415573833651837254e-01,-4.456160491984086369e-01,6.796571033729971179e-01,7.236843147094228490e-01,-4.553037809094438448e-01,1.000000000000000000e+00,6.620087428060436596e-02,-1.227109091701283766e-01,5.990217543175407888e-01,6.661012890843621692e-01,-4.873147538567328962e-01,6.051961786815291955e-01,4.516673544195009549e-01,6.016987535547420052e-01,3.795656699448802240e-01,4.147833181045299522e-01,-4.742581019410141430e-01,1.460493983947918073e-01,4.007337767697967679e-01,2.950969749019553001e-01,3.912093642304326213e-01,3.265797036097803918e-01,-2.111803209549241167e-01,6.655912950493284574e-01,4.438035957182054347e-01,1.486129631050735478e-01,1.707864579974193234e-02,3.129862258207976589e-01,6.483471450400285496e-01,4.379620966150509220e-01,4.110925489599889238e-01,5.784246819273191065e-01,3.684039033829182852e-01
-2.975438090264559410e-01,-3.281527913438507249e-01,-2.301091557455372250e-01,2.050231348798710329e-01,-3.013510087553826766e-01,-1.447361429707255120e-01,-3.940207666146706145e-01,2.225891177062472859e-01,-7.613696517901792638e-02,-1.223078974791672914e-02,-2.729575132114323011e-01,6.620087428060436596e-02,1.000000000000000000e+00,-4.304671545743212757e-01,-1.244378900856268344e-01,-1.934506857619138973e-02,-8.328242356915843692e-02,3.525292741604390545e-01,2.218499081709942866e-01,-2.198320904805226572e-01,5.246131135465930545e-02,2.953590287453576879e-01,-1.616634580845427438e-01,-5.301478542059168131e-02,-1.499843469674804752e-01,-4.216251358340581956e-01,-1.805605369961524043e-01,-1.528140841591554833e-01,-7.160154056299661285e-02,-3.836545925922191236e-02,-1.492523081361599724e-01,-2.174150079261400748e-01,3.091118236683992881e-01,-2.637081434137436564e-02,-6.827569223336764359e-02,-3.447556375667491513e-01,-2.513768066851769234e-01,-2.837971714104618459e-01,-1.178777644997781870e-01
-9.770361526693294163e-02,6.270745418174437230e-03,2.768741003163164849e-01,-1.507602799597850853e-02,1.746122106822930731e-01,4.061255490042027239e-01,1.451418496680513814e-01,-2.816978968514861625e-01,-6.972763156656247574e-02,-1.455994155291166492e-01,3.999181139796503248e-01,-1.227109091701283766e-01,-4.304671545743212757e-01,1.000000000000000000e+00,-1.393703977343210554e-01,-1.908240838488724223e-01,3.916693874200109504e-01,-1.451878325803261927e-01,-1.066758373791223784e-03,8.020697505294648380e-03,5.525558377808896526e-02,-1.963231047945357063e-02,5.158266678632220659e-01,5.227227285974829218e-01,2.853057652616523554e-01,2.099417500889932953e-01,3.259432225329784716e-01,1.098673494747724744e-02,4.979819985184748554e-01,-1.913677010571929737e-01,2.201658433118376668e-01,3.299363505845493427e-01,3.082439181053296395e-01,-2.492589196382885008e-01,-4.128005069006973615e-02,1.447733704758858431e-01,3.115109246383677699e-01,-6.331785508757342695e-02,-2.963355161716879071e-01
7.936625953096348995e-01,6.944715680967394889e-01,4.238766830211356251e-01,-4.847970969412379039e-01,6.378521194708163256e-01,-5.649608576766961265e-01,2.949984960314100957e-01,-4.076125550259269703e-01,7.901304013123071623e-01,7.128637462567816163e-01,-6.359502432017051232e-01,5.990217543175407888e-01,-1.244378900856268344e-01,-1.393703977343210554e-01,1.000000000000000000e+00,7.406527134461875495e-01,-6.034890502141428970e-01,3.363583547650954020e-01,2.736863491396632764e-01,7.105403776446858055e-01,3.064106696765908078e-01,6.024324918983431365e-02,-6.423463075721126403e-01,-1.462018319138880806e-01,2.346786028603601026e-01,5.839369416278830105e-01,1.357124171529285328e-01,5.614800612123245216e-01,-3.293087993595998908e-01,7.976433584068557403e-01,1.368175574806478612e-01,-1.416358922702956880e-01,-3.441650053499059614e-01,6.632819616297983556e-01,6.882968700487979152e-01,5.230720431945006244e-01,3.326104384134699332e-01,7.683002540950798487e-01,5.851621215700549827e-01
7.721061812342836506e-01,6.964015698342281846e-01,4.954717830004615187e-01,-4.375257752342192608e-01,6.563286913687329527e-01,-6.384275831216766894e-01,1.515985100817887066e-01,-4.851611916345219822e-01,8.264625483995281519e-01,8.341438223216294245e-01,-6.817837094697721811e-01,6.661012890843621692e-01,-1.934506857619138973e-02,-1.908240838488724223e-01,7.406527134461875495e-01,1.000000000000000000e+00,-7.441056087876491976e-01,6.090467796439889003e-01,5.535979742705673390e-01,6.102806104429968626e-01,3.581061100172057698e-01,2.466094957835838208e-01,-6.750171943837963706e-01,2.016263198276370058e-02,4.160937922059670946e-01,5.702617101062161797e-01,3.392258878927643662e-01,5.872045558941892951e-01,-1.909913541073483267e-01,8.412330948498014660e-01,3.188560731450493790e-01,2.773818590731726846e-02,-1.323903638907635294e-01,4.402291409174191594e-01,7.844848802977841817e-01,6.184705493833120293e-01,4.948111950284323490e-01,6.868545253925381067e-01,3.705802498181410831e-01
-6.411048048247108833e-01,-5.240390511600209189e-01,-2.689679230012648192e-01,3.053353792574317049e-01,-4.550475312124399596e-01,7.971854146642497474e-01,-5.926738854008746504e-02,2.719813918598951163e-01,-6.513836107252124474e-01,-6.759979296278879612e-01,7.216721845296026894e-01,-4.873147538567328962e-01,-8.328242356915843692e-02,3.916693874200109504e-01,-6.034890502141428970e-01,-7.441056087876491976e-01,1.000000000000000000e+00,-5.022946054181168796e-01,-4.393664374946947837e-01,-3.694894896966401387e-01,-1.596125246688764321e-01,-9.363961418901242673e-02,7.875321258725621609e-01,2.613982115626132252e-01,-1.163683184338739351e-01,-4.130105929314147328e-01,-1.519363868169653631e-01,-4.298574942884496597e-01,4.173117053970903378e-01,-7.156375974315783983e-01,-1.250114300669787903e-01,1.164062955516558390e-01,2.733793790488243114e-01,-3.617346670496269789e-01,-6.188389586735388859e-01,-4.537328563037912321e-01,-2.835490699311860041e-01,-5.045460333517900464e-01,-2.989103298501553097e-01
3.040155118729969130e-01,3.660621616300502312e-01,3.863427190570498104e-01,-3.445386137814843847e-02,3.593228958556086150e-01,-3.602381599315927496e-01,-1.589061755264971343e-02,-3.755532259657436978e-01,5.411782096783196438e-01,6.272611073687774930e-01,-4.844321340951288635e-01,6.051961786815291955e-01,3.525292741604390545e-01,-1.451878325803261927e-01,3.363583547650954020e-01,6.090467796439889003e-01,-5.022946054181168796e-01,1.000000000000000000e+00,7.276788052480447355e-01,3.548042259344302840e-01,4.203872961498659744e-01,6.139091820810288480e-01,-3.555254752721278555e-01,2.962654674641486685e-01,4.519078074415360802e-01,1.340846032552023559e-01,4.276814594333704367e-01,2.521236368572296604e-01,-2.202230580784790212e-02,5.172731521126578969e-01,4.760415547421558147e-01,1.482263246104122412e-01,2.973025483087899379e-01,4.752736818804288721e-02,5.558956428119369297e-01,3.602549553311841235e-01,4.117510554774327924e-01,2.578529740115191871e-01,6.331062913786708601e-02
2.867812897426559871e-01,4.141806213638878909e-01,5.263447294667330523e-01,-7.001560668977453716e-02,4.368495329527768423e-01,-2.413575621138785432e-01,1.246525070723967094e-01,-5.159347647850721641e-01,5.121565473181218797e-01,6.176557652619049099e-01,-3.121150491151961637e-01,4.516673544195009549e-01,2.218499081709942866e-01,-1.066758373791223784e-03,2.736863491396632764e-01,5.535979742705673390e-01,-4.393664374946947837e-01,7.276788052480447355e-01,1.000000000000000000e+00,3.201515973336379606e-01,4.871412598754231715e-01,6.382596563665593470e-01,-2.344931095765384332e-01,4.533635801314334635e-01,5.945137011086867318e-01,1.904200908613309651e-01,6.164524325097291424e-01,2.709509505953077158e-01,1.562565407350609281e-01,4.373712096615107736e-01,6.237333886156285478e-01,4.012740336014152254e-01,3.789646241462941711e-01,-9.674113942398715948e-04,5.946066912505468816e-01,4.668272786835800936e-01,5.964262258917503168e-01,2.669501905042493406e-01,-1.091827940458220680e-01
6.772330004295827877e-01,7.016998014836079989e-01,5.857946627729638811e-01,-3.996196790153717093e-01,6.834693014194396232e-01,-2.473156675207075494e-01,4.201261878436501895e-01,-5.583724050415503903e-01,7.013720051755835128e-01,6.454925971891951608e-01,-3.593102159431909026e-01,6.016987535547420052e-01,-2.198320904805226572e-01,8.020697505294648380e-03,7.105403776446858055e-01,6.102806104429968626e-01,-3.694894896966401387e-01,3.548042259344302840e-01,3.201515973336379606e-01,1.000000000000000000e+00,5.303628021038054863e-01,2.844727557363732617e-01,-3.750134112914623730e-01,8.171082754191233422e-02,4.193319073909086980e-01,5.128478326699670298e-01,3.343040048904759587e-01,4.859257137971250140e-01,-2.084959444909736115e-01,6.413946427074875833e-01,3.580050310745021003e-01,1.208896697037333406e-01,-1.411876538431669770e-01,4.454271185253922960e-01,6.243891046423594160e-01,6.026959241173717174e-01,4.195741243440461732e-01,7.118762311952826494e-01,4.700735815354951108e-01
2.806191841426432521e-01,3.967154074908290085e-01,6.832372961668221611e-01,-2.946682063541503083e-01,5.006759969577395664e-01,3.254786439860488101e-02,2.625930424422742160e-01,-6.704629082593629441e-01,3.962678127005475615e-01,4.370791784342827890e-01,-9.871401727890517785e-02,3.795656699448802240e-01,5.246131135465930545e-02,5.525558377808896526e-02,3.064106696765908078e-01,3.581061100172057698e-01,-1.596125246688764321e-01,4.203872961498659744e-01,4.871412598754231715e-01,5.303628021038054863e-01,1.000000000000000000e+00,6.388148852065644867e-01,-6.506551633307336435e-02,3.633405718098028925e-01,5.559140093318812870e-01,2.170714457959934673e-01,5.145524694428015300e-01,3.875069952338614510e-01,1.328170466313485509e-01,2.711764389564335076e-01,5.262878486764318575e-01,3.587929386403341248e-01,4.088150197709999323e-01,7.816574391339259353e-03,4.192860853194480542e-01,5.051778146636352052e-01,4.270674992921397184e-01,3.505452307876540385e-01,-2.379638033441468931e-02
-2.653030124538580115e-02,2.107761089471832938e-01,4.868023291038957590e-01,1.656800980545928281e-01,2.526491990035895085e-01,1.540344783358074399e-01,1.932835841280824973e-01,-4.686627209549200646e-01,2.358950879249769317e-01,3.866032492992668712e-01,-1.994143548942301641e-03,4.147833181045299522e-01,2.953590287453576879e-01,-1.963231047945357063e-02,6.024324918983431365e-02,2.466094957835838208e-01,-9.363961418901242673e-02,6.139091820810288480e-01,6.382596563665593470e-01,2.844727557363732617e-01,6.388148852065644867e-01,1.000000000000000000e+00,5.836139683590082367e-02,5.317804406768142922e-01,5.804819911797535203e-01,-1.909047863683353830e-01,5.669489343699766204e-01,-4.114744337082402829e-03,1.378662603120422714e-01,1.243258964973239372e-01,7.029977802469998815e-01,4.746067432780238238e-01,5.517198219348522503e-01,-1.517982788264173877e-01,3.242165436103895404e-01,2.441972230741467909e-01,3.807211408706465683e-01,7.382368496396139734e-02,-9.633219377041478404e-02
-6.405600030719728055e-01,-4.888739115317921047e-01,-1.293194710859382757e-01,3.207292546684907819e-01,-3.885062640348967977e-01,7.956103773920372157e-01,-3.016281027451166163e-02,1.317100571664415465e-01,-6.285694715621455986e-01,-6.193908841874201654e-01,7.389619968207021827e-01,-4.742581019410141430e-01,-1.616634580845427438e-01,5.158266678632220659e-01,-6.423463075721126403e-01,-6.750171943837963706e-01,7.875321258725621609e-01,-3.555254752721278555e-01,-2.344931095765384332e-01,-3.750134112914623730e-01,-6.506551633307336435e-02,5.836139683590082367e-02,1.000000000000000000e+00,4.359351194718777411e-01,4.359792416157501349e-02,-3.632143891058449703e-01,4.943176864405208343e-02,-3.866136053785802495e-01,5.443146958281609438e-01,-7.208756014230398579e-01,7.850012454496081704e-02,2.551057426515507820e-01,4.152218010048260299e-01,-4.971143818764705569e-01,-5.498633361436613409e-01,-3.357814864997434312e-01,-1.149119109244556985e-01,-5.335997048884247862e-01,-4.589338018429158228e-01
-1.225853035324497575e-01,1.266236569163875225e-01,4.151105674047554372e-01,1.426220482442513426e-01,1.862211327910740788e-01,4.244156093040100108e-01,1.449339748563630847e-01,-4.057594024741719152e-01,5.213443541366332562e-02,1.456164080414271145e-01,3.316282552486996549e-01,1.460493983947918073e-01,-5.301478542059168131e-02,5.227227285974829218e-01,-1.462018319138880806e-01,2.016263198276370058e-02,2.613982115626132252e-01,2.962654674641486685e-01,4.533635801314334635e-01,8.171082754191233422e-02,3.633405718098028925e-01,5.317804406768142922e-01,4.359351194718777411e-01,1.000000000000000000e+00,6.522369998606808439e-01,6.966842774164072258e-03,6.388712273635598349e-01,-5.972233091331704408e-02,5.898501954549992821e-01,-8.668037724180342740e-02,6.079867420583972004e-01,6.190050308446610750e-01,5.741436287278250949e-01,-3.002229561598162566e-01,2.093156849342430181e-01,2.495191909707294986e-01,5.423453864513829714e-01,-5.324029917013609059e-02,-3.700933777117185741e-01
2.934103846403894877e-01,4.817776643120310065e-01,6.405585931173829461e-01,-1.052558761277707089e-01,5.498412523449118794e-01,1.125189474601136913e-01,3.274099966928110117e-01,-6.228691081289862153e-01,4.201447367875535965e-01,5.124425671949406347e-01,3.716090911195425034e-02,4.007337767697967679e-01,-1.499843469674804752e-01,2.853057652616523554e-01,2.346786028603601026e-01,4.160937922059670946e-01,-1.163683184338739351e-01,4.519078074415360802e-01,5.945137011086867318e-01,4.193319073909086980e-01,5.559140093318812870e-01,5.804819911797535203e-01,4.359792416157501349e-02,6.522369998606808439e-01,1.000000000000000000e+00,2.365913420281793855e-01,6.729331468212800260e-01,2.273769961675872198e-01,3.311207662074926450e-01,2.977048114743746643e-01,6.775382872492980990e-01,5.858421807951640359e-01,3.476399379631371356e-01,-5.574676441969159124e-02,4.994877382649388076e-01,5.626530586301152770e-01,6.295775355421594499e-01,3.456829422696800491e-01,-2.410261836441995875e-02
7.367566133803513662e-01,6.175804961995551290e-01,4.817744243710502250e-01,-6.439829180505849404e-01,6.442254778809195503e-01,-4.174734799486387038e-01,1.938129727235978483e-01,-4.805091872883420212e-01,6.219645872643900786e-01,4.934914488901210872e-01,-3.698794711650011391e-01,2.950969749019553001e-01,-4.216251358340581956e-01,2.099417500889932953e-01,5.839369416278830105e-01,5.702617101062161797e-01,-4.130105929314147328e-01,1.340846032552023559e-01,1.904200908613309651e-01,5.128478326699670298e-01,2.170714457959934673e-01,-1.909047863683353830e-01,-3.632143891058449703e-01,6.966842774164072258e-03,2.365913420281793855e-01,1.000000000000000000e+00,2.891519717670932854e-01,6.751969001346985744e-01,5.344625808441699766e-02,6.036950490238841560e-01,7.820592491608564789e-02,3.055405787219045086e-02,-2.263990014138773932e-01,3.103887837178707088e-01,5.787923182833620839e-01,6.350008442475737480e-01,5.235337579353003257e-01,6.260507583330107151e-01,1.436020278137280781e-01
2.499602667138959844e-01,5.211366436805975333e-01,7.054574144625697096e-01,-6.839767089280457402e-02,5.472377629600138071e-01,1.110307571997419807e-01,3.315959764880996863e-01,-6.976357859921876736e-01,3.896510689070172284e-01,4.938615806695693666e-01,1.169090322949247057e-01,3.912093642304326213e-01,-1.805605369961524043e-01,3.259432225329784716e-01,1.357124171529285328e-01,3.392258878927643662e-01,-1.519363868169653631e-01,4.276814594333704367e-01,6.164524325097291424e-01,3.343040048904759587e-01,5.145524694428015300e-01,5.669489343699766204e-01,4.943176864405208343e-02,6.388712273635598349e-01,6.729331468212800260e-01,2.891519717670932854e-01,1.000000000000000000e+00,1.797870615986359721e-01,2.900250333623378696e-01,2.586283714873343631e-01,7.888018824291416209e-01,7.432492107127648406e-01,3.888774734453142590e-01,-2.255961404068772547e-01,5.337543381137819232e-01,5.805259008413456989e-01,7.677102734143156360e-01,2.877027662297352850e-01,-2.607944549612552509e-01
6.170241815463195501e-01,4.294524582106793997e-01,4.486657222610332951e-01,-8.201101546732266767e-01,5.100724638695652846e-01,-4.303576345490084942e-01,-6.831021274175467541e-03,-4.390322500909960013e-01,5.737284636332637966e-01,4.894145058242425628e-01,-5.177427843351347647e-01,3.265797036097803918e-01,-1.528140841591554833e-01,1.098673494747724744e-02,5.614800612123245216e-01,5.872045558941892951e-01,-4.298574942884496597e-01,2.521236368572296604e-01,2.709509505953077158e-01,4.859257137971250140e-01,3.875069952338614510e-01,-4.114744337082402829e-03,-3.866136053785802495e-01,-5.972233091331704408e-02,2.273769961675872198e-01,6.751969001346985744e-01,1.797870615986359721e-01,1.000000000000000000e+00,1.729463265586471954e-01,5.662352275132156443e-01,8.281994117859990678e-02,-1.056027561102249185e-01,-3.266475677993564003e-02,3.515482566741060522e-01,5.262644352177224816e-01,4.545628827868208877e-01,3.910143385888282808e-01,5.265484573105773114e-01,1.111727932015064146e-01
-2.692978794507207563e-01,-2.225233958914459298e-01,1.596293668700195789e-01,-1.652208087918922430e-01,-7.486689856402610477e-02,4.186592380046670336e-01,-1.927644189302498423e-01,-1.582454579898685265e-01,-1.990492955265166786e-01,-1.815824413014213989e-01,3.170955759129948648e-01,-2.111803209549241167e-01,-7.160154056299661285e-02,4.979819985184748554e-01,-3.293087993595998908e-01,-1.909913541073483267e-01,4.173117053970903378e-01,-2.202230580784790212e-02,1.562565407350609281e-01,-2.084959444909736115e-01,1.328170466313485509e-01,1.378662603120422714e-01,5.443146958281609438e-01,5.898501954549992821e-01,3.311207662074926450e-01,5.344625808441699766e-02,2.900250333623378696e-01,1.729463265586471954e-01,1.000000000000000000e+00,-2.879156943323673001e-01,2.013275955144049334e-01,3.101225042563324208e-01,5.503178468272200696e-01,-3.367240925326857037e-01,-8.391172739028758543e-02,-4.885133537469722037e-02,2.933626019953217146e-01,-2.638890380317812645e-01,-5.541265694326190649e-01
8.044976100363759874e-01,7.204879575108680267e-01,4.585171179119374441e-01,-4.437468715963797106e-01,6.713839341133350791e-01,-6.509603222000516221e-01,1.893469045763778724e-01,-4.494877738498726516e-01,8.477089437870224398e-01,8.139119945270855139e-01,-6.952787452116443445e-01,6.655912950493284574e-01,-3.836545925922191236e-02,-1.913677010571929737e-01,7.976433584068557403e-01,8.412330948498014660e-01,-7.156375974315783983e-01,5.172731521126578969e-01,4.373712096615107736e-01,6.413946427074875833e-01,2.711764389564335076e-01,1.243258964973239372e-01,-7.208756014230398579e-01,-8.668037724180342740e-02,2.977048114743746643e-01,6.036950490238841560e-01,2.586283714873343631e-01,5.662352275132156443e-01,-2.879156943323673001e-01,1.000000000000000000e+00,2.218550557792334510e-01,-3.749251066013240680e-02,-2.439353529253993624e-01,5.106211819261960994e-01,7.690896213715407992e-01,5.800606933700246381e-01,4.393435793725936067e-01,7.386117947632806491e-01,4.664322505391225171e-01
1.687398064423447364e-01,4.656577208266033385e-01,6.383266980154616022e-01,5.892083848464360618e-02,4.508889240824591194e-01,1.746012919005111297e-01,3.776690781043198775e-01,-6.186261018340558637e-01,3.388300345867025221e-01,4.877002580608755244e-01,1.138854871035482330e-01,4.438035957182054347e-01,-1.492523081361599724e-01,2.201658433118376668e-01,1.368175574806478612e-01,3.188560731450493790e-01,-1.250114300669787903e-01,4.760415547421558147e-01,6.237333886156285478e-01,3.580050310745021003e-01,5.262878486764318575e-01,7.029977802469998815e-01,7.850012454496081704e-02,6.079867420583972004e-01,6.775382872492980990e-01,7.820592491608564789e-02,7.888018824291416209e-01,8.281994117859990678e-02,2.013275955144049334e-01,2.218550557792334510e-01,1.000000000000000000e+00,6.875543488568202077e-01,3.848827779864757992e-01,-1.590746080715073618e-01,4.734256135755674499e-01,4.543755954333337232e-01,6.438955358580602528e-01,2.650630077429528830e-01,-9.582307727678042453e-02
-6.169767627531839473e-03,3.124935390854847173e-01,5.308931719948593031e-01,1.492710843938821197e-01,3.452213456585190854e-01,3.796161810463106745e-01,3.346301083264031084e-01,-5.254280682561960347e-01,1.037737135690877527e-01,2.235358602277602580e-01,4.427286790505000069e-01,1.486129631050735478e-01,-2.174150079261400748e-01,3.299363505845493427e-01,-1.416358922702956880e-01,2.773818590731726846e-02,1.164062955516558390e-01,1.482263246104122412e-01,4.012740336014152254e-01,1.208896697037333406e-01,3.587929386403341248e-01,4.746067432780238238e-01,2.551057426515507820e-01,6.190050308446610750e-01,5.858421807951640359e-01,3.055405787219045086e-02,7.432492107127648406e-01,-1.056027561102249185e-01,3.101225042563324208e-01,-3.749251066013240680e-02,6.875543488568202077e-01,1.000000000000000000e+00,3.875677996237865131e-01,-3.836295240336001777e-01,2.428293715078498338e-01,4.119616210145298774e-01,5.976306062718387269e-01,6.199766793742246540e-02,-3.107214724205809575e-01
-3.758315309376806801e-01,-2.510216412550647092e-01,3.146944243614813175e-01,1.223971150006815251e-01,-2.521365142837133852e-02,3.639852113046375126e-01,-2.368946630294412048e-01,-3.235895276799644060e-01,-1.421937933591947423e-01,-6.066897272507705552e-02,2.335164584114947650e-01,1.707864579974193234e-02,3.091118236683992881e-01,3.082439181053296395e-01,-3.441650053499059614e-01,-1.323903638907635294e-01,2.733793790488243114e-01,2.973025483087899379e-01,3.789646241462941711e-01,-1.411876538431669770e-01,4.088150197709999323e-01,5.517198219348522503e-01,4.152218010048260299e-01,5.741436287278250949e-01,3.476399379631371356e-01,-2.263990014138773932e-01,3.888774734453142590e-01,-3.266475677993564003e-02,5.503178468272200696e-01,-2.439353529253993624e-01,3.848827779864757992e-01,3.875677996237865131e-01,1.000000000000000000e+00,-4.721733942839696496e-01,-5.610189954740459756e-02,-7.072566288011195024e-02,2.014538165979640194e-01,-3.034796946805931595e-01,-5.408668722289250441e-01
5.170355636622451234e-01,3.564325060848635984e-01,-4.923846807479917084e-03,-3.200737088532446539e-01,2.049798725237450547e-01,-4.498166474816264748e-01,1.655858242091013399e-01,3.085711835403353795e-02,4.794898246552948273e-01,3.856065605874174351e-01,-5.378235812444689401e-01,3.129862258207976589e-01,-2.637081434137436564e-02,-2.492589196382885008e-01,6.632819616297983556e-01,4.402291409174191594e-01,-3.617346670496269789e-01,4.752736818804288721e-02,-9.674113942398715948e-04,4.454271185253922960e-01,7.816574391339259353e-03,-1.517982788264173877e-01,-4.971143818764705569e-01,-3.002229561598162566e-01,-5.574676441969159124e-02,3.103887837178707088e-01,-2.255961404068772547e-01,3.515482566741060522e-01,-3.367240925326857037e-01,5.106211819261960994e-01,-1.590746080715073618e-01,-3.836295240336001777e-01,-4.721733942839696496e-01,1.000000000000000000e+00,3.912404404065396579e-01,1.148716869854477518e-01,2.232343038701847804e-02,5.118337914461923432e-01,6.205545020953424640e-01
7.270925835702639617e-01,7.633796848577468763e-01,6.024609548917464474e-01,-4.079420140006905782e-01,6.899653120463915545e-01,-4.869734536548607773e-01,2.728471584261364380e-01,-5.896489544257285109e-01,8.060589347632036716e-01,8.260427393238573002e-01,-5.257547835075525589e-01,6.483471450400285496e-01,-6.827569223336764359e-02,-4.128005069006973615e-02,6.882968700487979152e-01,7.844848802977841817e-01,-6.188389586735388859e-01,5.558956428119369297e-01,5.946066912505468816e-01,6.243891046423594160e-01,4.192860853194480542e-01,3.242165436103895404e-01,-5.498633361436613409e-01,2.093156849342430181e-01,4.994877382649388076e-01,5.787923182833620839e-01,5.337543381137819232e-01,5.262644352177224816e-01,-8.391172739028758543e-02,7.690896213715407992e-01,4.734256135755674499e-01,2.428293715078498338e-01,-5.610189954740459756e-02,3.912404404065396579e-01,1.000000000000000000e+00,6.572019543521258056e-01,6.813673945415045230e-01,6.786380900101862679e-01,2.529272381968361016e-01
6.840112510429848802e-01,7.589536888681359672e-01,6.837989841727284412e-01,-3.705536141460000765e-01,7.714388296327754357e-01,-2.701931767284440067e-01,4.212983284929320282e-01,-6.802418902779990839e-01,6.597024113675533652e-01,6.506682217467731899e-01,-2.033455260033815437e-01,4.379620966150509220e-01,-3.447556375667491513e-01,1.447733704758858431e-01,5.230720431945006244e-01,6.184705493833120293e-01,-4.537328563037912321e-01,3.602549553311841235e-01,4.668272786835800936e-01,6.026959241173717174e-01,5.051778146636352052e-01,2.441972230741467909e-01,-3.357814864997434312e-01,2.495191909707294986e-01,5.626530586301152770e-01,6.350008442475737480e-01,5.805259008413456989e-01,4.545628827868208877e-01,-4.885133537469722037e-02,5.800606933700246381e-01,4.543755954333337232e-01,4.119616210145298774e-01,-7.072566288011195024e-02,1.148716869854477518e-01,6.572019543521258056e-01,1.000000000000000000e+00,6.426263918946618636e-01,6.156712707787125316e-01,1.344324720137350104e-01
4.617322309072641739e-01,6.236304747659090486e-01,6.656912496132487700e-01,-2.907052485805509123e-01,6.007190948454733670e-01,-9.651992918245924646e-02,2.956132114810202105e-01,-6.509370529111208059e-01,5.476478882152449046e-01,5.906570540455110541e-01,-9.317490948405247886e-02,4.110925489599889238e-01,-2.513768066851769234e-01,3.115109246383677699e-01,3.326104384134699332e-01,4.948111950284323490e-01,-2.835490699311860041e-01,4.117510554774327924e-01,5.964262258917503168e-01,4.195741243440461732e-01,4.270674992921397184e-01,3.807211408706465683e-01,-1.149119109244556985e-01,5.423453864513829714e-01,6.295775355421594499e-01,5.235337579353003257e-01,7.677102734143156360e-01,3.910143385888282808e-01,2.933626019953217146e-01,4.393435793725936067e-01,6.438955358580602528e-01,5.976306062718387269e-01,2.014538165979640194e-01,2.232343038701847804e-02,6.813673945415045230e-01,6.426263918946618636e-01,1.000000000000000000e+00,4.313765394887411064e-01,-1.408685057699115284e-01
7.910019019432622533e-01,7.727427338567803838e-01,5.263485151826449160e-01,-4.509472968081399968e-01,7.084122745099118434e-01,-4.150904625864043629e-01,3.967507155524815921e-01,-5.057375493766964603e-01,7.433124403076608600e-01,6.945043810733723122e-01,-4.344062103388122154e-01,5.784246819273191065e-01,-2.837971714104618459e-01,-6.331785508757342695e-02,7.683002540950798487e-01,6.868545253925381067e-01,-5.045460333517900464e-01,2.578529740115191871e-01,2.669501905042493406e-01,7.118762311952826494e-01,3.505452307876540385e-01,7.382368496396139734e-02,-5.335997048884247862e-01,-5.324029917013609059e-02,3.456829422696800491e-01,6.260507583330107151e-01,2.877027662297352850e-01,5.265484573105773114e-01,-2.638890380317812645e-01,7.386117947632806491e-01,2.650630077429528830e-01,6.199766793742246540e-02,-3.034796946805931595e-01,5.118337914461923432e-01,6.786380900101862679e-01,6.156712707787125316e-01,4.313765394887411064e-01,1.000000000000000000e+00,5.260268447260080249e-01
4.701041260676886435e-01,3.923425927188906592e-01,-1.214750461354393608e-02,-7.897123049780298276e-02,2.424882232704049512e-01,-3.072813227365038813e-01,3.175422185825849120e-01,3.353306538857511038e-02,4.079866383712126843e-01,3.512471904507062925e-01,-3.708264294944753625e-01,3.684039033829182852e-01,-1.178777644997781870e-01,-2.963355161716879071e-01,5.851621215700549827e-01,3.705802498181410831e-01,-2.989103298501553097e-01,6.331062913786708601e-02,-1.091827940458220680e-01,4.700735815354951108e-01,-2.379638033441468931e-02,-9.633219377041478404e-02,-4.589338018429158228e-01,-3.700933777117185741e-01,-2.410261836441995875e-02,1.436020278137280781e-01,-2.607944549612552509e-01,1.111727932015064146e-01,-5.541265694326190649e-01,4.664322505391225171e-01,-9.582307727678042453e-02,-3.107214724205809575e-01,-5.408668722289250441e-01,6.205545020953424640e-01,2.529272381968361016e-01,1.344324720137350104e-01,-1.408685057699115284e-01,5.260268447260080249e-01,1.000000000000000000e+00
