1.000000000000000000e+00,5.392110243411846193e-01,5.039137438030518584e-02,-4.312948253968045265e-01,9.759013967742771745e-02,-2.803269976684126807e-01,-8.158625119008455773e-02,2.524686943569651523e-02,2.970463388069348176e-01,3.188228126352880554e-01,1.973709083678767684e-01,4.299846478117100301e-01,2.560024488475128868e-01,1.686807024137775279e-01,3.567962689160495415e-01,6.120845915295687334e-01,-1.179819626296198243e-01,-6.454948359944237546e-02,-2.268292790566854480e-03,1.235728345784398718e-01,4.784597869449450092e-01,2.951843963258898862e-01,-1.417953120642106990e-01,-1.691900389560721252e-01,-2.438375418184378640e-01,-3.359698759656075118e-01,-4.790488167481898318e-01,1.437240013396235416e-01,4.530029342152114835e-01,-1.056221154954176122e-01,-6.325548951321215661e-03,3.343535682359743966e-01,-3.773614866951578717e-02,7.379496812805004524e-02,-3.906358782434752874e-01,-1.495371373867663001e-01,-6.416796519263998078e-02,6.585388988565744617e-01,3.003447643939237133e-01
5.392110243411846193e-01,1.000000000000000000e+00,-9.243319265232328996e-02,-3.887733988833294574e-01,-7.845195080706712787e-02,-1.250043149409106992e-03,-6.334243287860148730e-02,1.167817736771248061e-01,2.138467679228836515e-01,3.151700622501493187e-01,1.223621244954555543e-01,2.865250697095522714e-01,3.333852465927521908e-02,2.669027676801301041e-01,1.577090271386313025e-01,3.903056830018535317e-01,7.854306893728099648e-02,-1.026698043119453341e-01,-1.326304999106618365e-01,-1.860240885688134449e-01,3.597066552335972389e-01,1.185919385344406524e-01,5.724744450745883340e-02,2.125844851088442844e-01,1.315730941079525651e-01,-1.248644275152326621e-01,-2.385516090876153850e-01,1.099577174661552914e-01,1.763932802084050289e-01,1.940879073149921405e-02,1.550671059798123808e-01,1.942986756267774118e-01,1.299487084787913638e-01,3.076291933877899065e-02,-6.449436417102284713e-02,-1.244674341636995557e-01,1.862929766020455791e-01,3.759893828376681402e-01,4.169752798061820420e-01
5.039137438030518584e-02,-9.243319265232328996e-02,1.000000000000000000e+00,3.394895249373572343e-01,6.471063156101337643e-01,-3.846959788698495197e-02,5.424414999237685553e-01,-8.460751606831701244e-01,4.066039667472066688e-01,2.102763036558540355e-01,-7.588485004625310226e-02,1.510003103634957079e-02,-1.496473445149087422e-01,1.527131737915453369e-01,1.675819691389712762e-01,9.096104969002567764e-02,-4.116298141679217149e-02,4.495372866153368729e-01,4.260106703009698403e-01,3.088520799937911621e-01,1.477729115956422368e-01,2.324268165072462811e-01,8.490842684680243238e-03,-1.825490031348897257e-01,-9.147198745145701526e-02,2.014307967734912108e-01,6.822490861356478309e-02,2.568321042902723117e-01,2.136363333795575359e-01,2.778581781579013144e-01,1.741894539634278594e-01,-1.299531118736623192e-01,-1.540635941758628780e-01,5.041300045783649875e-01,-3.211573044788189613e-01,3.597774209106912591e-01,-2.441408875589779481e-01,1.005407876694622282e-02,2.030679101077293991e-01
-4.312948253968045265e-01,-3.887733988833294574e-01,3.394895249373572343e-01,1.000000000000000000e+00,3.200449343802214686e-01,-4.542337427974725561e-02,5.026758360405415571e-01,-3.659980126874550210e-01,-9.175693132411767705e-02,7.881074657733054545e-02,-5.194636392811573244e-02,-1.901177495423750363e-01,-1.238566622284004853e-01,-2.208130445799570962e-01,-1.027578274737153685e-02,-1.787068558318508360e-01,1.043310206405043405e-01,5.214122157495301169e-01,5.161786064052098499e-01,2.239586056849382500e-01,-2.091526214193754896e-01,7.859076575330058156e-02,-3.055243116303714077e-02,-2.655835901396604859e-01,4.402248029482505078e-03,1.860574372683671818e-01,2.506339206571100431e-01,6.027831234921585124e-02,-2.670626954001625308e-01,2.189872939247403116e-01,-1.066643791334829783e-01,-2.471212434899313914e-01,-1.355271907966929534e-01,2.339347424772763584e-01,1.457056681974251873e-02,1.408600732383205045e-01,-1.531423876260002426e-01,-5.122268443963050588e-01,-2.112642788344431810e-01
9.759013967742771745e-02,-7.845195080706712787e-02,6.471063156101337643e-01,3.200449343802214686e-01,1.000000000000000000e+00,-1.583102224300863003e-01,4.918368642426748649e-01,-6.171736373365483974e-01,3.822632268843632053e-01,5.554056284147397549e-02,2.293721591240993618e-02,1.358387611820175978e-01,1.165194889060849892e-02,3.016171717511413608e-02,3.684239311650873705e-01,1.149124062701045446e-01,1.482834746504165142e-02,6.493330491314329711e-01,6.265483041305770495e-01,1.896311404168808390e-01,5.244421468923104318e-02,1.279677952633192228e-01,-1.578774270539877178e-01,-3.115381451624327225e-01,-2.755018920213613276e-01,-4.167033177911185632e-02,-1.818305751705333873e-01,8.000198100664325518e-02,3.440402838249502215e-01,2.286895286869405353e-01,-2.160719708970630648e-02,1.450908186185321212e-02,-1.963234273365563609e-01,7.581137064828472605e-01,-4.510361272073183381e-01,2.519142164490711377e-01,-2.821850564753929369e-01,-7.531652143285733070e-02,1.324009945974314040e-01
-2.803269976684126807e-01,-1.250043149409106992e-03,-3.846959788698495197e-02,-4.542337427974725561e-02,-1.583102224300863003e-01,1.000000000000000000e+00,-1.868604010698479145e-01,-4.599258629705230139e-02,-2.096104366770401919e-02,-3.589749441751592940e-01,-3.884928197031078945e-02,-2.183719273564146135e-01,-1.536241964614198652e-01,2.844942449769548576e-01,-2.607350552359776197e-01,-4.321518734543548512e-01,1.906370322638452075e-01,-2.061897118473739188e-01,-2.768171759372355378e-01,-1.685086210028089171e-01,-2.638217211791662326e-02,-5.035931307426879527e-02,4.692664669359311036e-01,5.030961669263133151e-01,4.203993889100768877e-01,4.457234879327547916e-01,4.748240112426807547e-01,2.332170028493430955e-02,-5.158278565933682031e-02,1.393839636777196855e-01,1.047855245819353381e-01,-2.320882402829471947e-01,-9.115268543610215157e-02,-1.696676028132899083e-01,4.196512838241811538e-01,8.231432207762396161e-03,2.791735761486180967e-01,-1.290040243035793510e-01,6.889861066953680002e-02
-8.158625119008455773e-02,-6.334243287860148730e-02,5.424414999237685553e-01,5.026758360405415571e-01,4.918368642426748649e-01,-1.868604010698479145e-01,1.000000000000000000e+00,-5.409294787450055209e-01,1.694166919124174830e-01,3.504018517524848386e-01,-1.940214898780958860e-02,-1.788981018753592889e-01,-2.443809266991286422e-01,-5.481714674126192746e-03,1.133216028889266758e-01,7.847021501877214644e-02,6.029784352636156919e-02,5.312607873028138972e-01,5.159552022337181576e-01,8.991539770769738094e-02,-8.570509886128927640e-03,-5.082165538758315337e-03,4.972340745499782833e-02,-1.791104682633672951e-01,7.252520582562663187e-02,2.090497047778181738e-01,6.212028674277293022e-02,1.823612528235650232e-01,2.176252364698192526e-02,2.245518875086166544e-01,1.649036723912762903e-01,-1.862996413277657193e-01,-1.259423545537311229e-01,4.723937016352643958e-01,-1.363923146116059193e-01,2.855031397740773191e-01,-1.986125984226910224e-01,-2.271808824382271497e-01,1.112974113157899209e-01
2.524686943569651523e-02,1.167817736771248061e-01,-8.460751606831701244e-01,-3.659980126874550210e-01,-6.171736373365483974e-01,-4.599258629705230139e-02,-5.409294787450055209e-01,1.000000000000000000e+00,-3.467749178837618018e-01,-1.746646775977514776e-01,1.461256811519928422e-01,1.111946054122792404e-01,2.138809252624985224e-01,-1.837539231204324552e-01,-5.191420714212654358e-02,-5.101033444809888239e-05,3.926063227269319111e-02,-3.992574185078311411e-01,-3.560724767442530747e-01,-2.313634884799588565e-01,-1.517781350475876645e-01,-1.912077765458722323e-01,-5.607205070173203881e-02,1.058469981796045511e-01,3.880324049902743322e-02,-3.198881239678792454e-01,-1.793926448482819347e-01,-3.069975847996406215e-01,-1.541486632155518177e-01,-3.277898721778467195e-01,-2.332128591522542593e-01,2.652391436510174727e-01,2.071719962645062751e-01,-4.556242043873294789e-01,2.456613493283768823e-01,-3.492771181301657091e-01,2.784681535926454288e-01,5.215596162738293795e-02,-2.049348088249055289e-01
2.970463388069348176e-01,2.138467679228836515e-01,4.066039667472066688e-01,-9.175693132411767705e-02,3.822632268843632053e-01,-2.096104366770401919e-02,1.694166919124174830e-01,-3.467749178837618018e-01,1.000000000000000000e+00,1.164714026757649318e-01,1.788956892264926823e-01,4.341505429093954205e-01,-1.414585538730812669e-03,1.656738796681074821e-01,4.765844539965754523e-01,2.714244465650644811e-01,6.370916257632952551e-02,2.771753228183690410e-01,3.094294505815199381e-01,1.059167290910873055e-01,1.075500536104301852e-01,1.107889215021487656e-01,-5.694684782881124369e-02,-8.445254203363945777e-02,-1.581118244245680038e-01,-1.991509191834531234e-01,-3.447405048841333808e-01,-1.335242025986768388e-01,4.702211956387862823e-01,2.852876656362336449e-01,8.818199537184760739e-02,2.833835483796816046e-01,1.739658975866624213e-01,4.868625949497006333e-01,-2.684421317977967458e-01,4.370028862864120955e-01,1.137798033368699752e-01,2.685712190222533935e-01,3.480352347378059541e-01
3.188228126352880554e-01,3.151700622501493187e-01,2.102763036558540355e-01,7.881074657733054545e-02,5.554056284147397549e-02,-3.589749441751592940e-01,3.504018517524848386e-01,-1.746646775977514776e-01,1.164714026757649318e-01,1.000000000000000000e+00,9.517301997871248365e-02,7.011727420405418354e-02,9.105479202532316962e-02,-2.522248167425292231e-02,2.030029091095752192e-01,6.315694029715088753e-01,1.347051211834568996e-01,1.451110663067015916e-01,1.269993876919422171e-01,1.592734996385665736e-01,3.228156355009008660e-01,2.572314438285742688e-01,7.279651980652726562e-02,-2.138797155663638427e-01,1.513648865671812227e-01,1.750817924220795033e-02,-7.636230125654193401e-02,2.831575444918427720e-01,-4.328708090074779441e-02,1.105785467591719751e-01,3.033150242578745368e-02,1.676194233034376466e-02,-1.588369431263842932e-02,2.982741030432612891e-02,-1.639044211014220043e-01,6.369183400694894415e-02,-1.393841478260512967e-01,2.199984453708871412e-01,2.466103020252480571e-01
1.973709083678767684e-01,1.223621244954555543e-01,-7.588485004625310226e-02,-5.194636392811573244e-02,2.293721591240993618e-02,-3.884928197031078945e-02,-1.940214898780958860e-02,1.461256811519928422e-01,1.788956892264926823e-01,9.517301997871248365e-02,1.000000000000000000e+00,2.950613758008315823e-01,2.711010664903531486e-01,-7.107436722892680747e-02,3.351395986559834728e-01,2.801522752166297758e-01,4.403605144965068163e-01,1.659557119144819959e-01,2.244609919760982564e-01,4.348052836720470854e-02,-4.214442604421159491e-03,6.042993434711693007e-02,2.521393847738790384e-01,-1.155651151435950208e-01,2.189894531103149244e-01,-2.548727465517856561e-01,-2.397016827297061281e-01,-2.131662091965290384e-01,1.924544270560509251e-01,-4.303333648717156540e-02,-2.018299504077207263e-01,3.139180747186123277e-01,5.821394108401803380e-02,6.910060095281282677e-02,-4.610552629719713580e-02,3.753864469474409854e-02,1.591570418329990300e-01,1.207308217830497382e-01,3.196083225515674447e-02
4.299846478117100301e-01,2.865250697095522714e-01,1.510003103634957079e-02,-1.901177495423750363e-01,1.358387611820175978e-01,-2.183719273564146135e-01,-1.788981018753592889e-01,1.111946054122792404e-01,4.341505429093954205e-01,7.011727420405418354e-02,2.950613758008315823e-01,1.000000000000000000e+00,2.944439162838209390e-01,-3.181749019992025779e-02,5.826748778076837887e-01,4.191571884254822189e-01,2.266060413476436372e-02,1.451433897833132591e-01,2.303819829619065673e-01,2.366746014773380147e-01,6.323943890681717195e-02,2.474246205483050520e-01,-1.987814557340648047e-01,-2.182061160397627819e-01,-3.056239368678837498e-01,-6.018842608559137330e-01,-4.820479113133800952e-01,-1.742071136939711551e-01,2.939332592584150139e-01,-5.337676136720895248e-02,-2.275067939236234960e-01,5.404182705211219018e-01,2.026709107585792646e-01,2.423911124784434712e-01,-3.849625896838821948e-01,4.447087095489417330e-02,1.136217141364015415e-01,3.498542995549512313e-01,2.395333980189503775e-01
2.560024488475128868e-01,3.333852465927521908e-02,-1.496473445149087422e-01,-1.238566622284004853e-01,1.165194889060849892e-02,-1.536241964614198652e-01,-2.443809266991286422e-01,2.138809252624985224e-01,-1.414585538730812669e-03,9.105479202532316962e-02,2.711010664903531486e-01,2.944439162838209390e-01,1.000000000000000000e+00,-2.231184033290938840e-01,3.207467889180552478e-01,2.751148726915300102e-01,8.051384420482911308e-02,2.396255859268045865e-02,6.095290303456236958e-02,1.705838377927905158e-01,-5.044480468976693041e-03,4.524468766562251415e-02,-6.481238306181631714e-02,-2.882822624012665313e-01,-1.734414127011317808e-01,-3.023117626636163680e-01,-3.320755929703161913e-01,-1.628040187301741937e-01,3.991758393627769380e-02,-2.050051245480792039e-01,-6.199791301929746812e-01,2.334211683659245529e-01,-1.712770192947054848e-01,-2.746146177294789964e-02,-2.453972950011414078e-01,-2.180230832708286715e-01,-1.368057473064170637e-01,3.163124769418964033e-01,2.255498941780035085e-02
1.686807024137775279e-01,2.669027676801301041e-01,1.527131737915453369e-01,-2.208130445799570962e-01,3.016171717511413608e-02,2.844942449769548576e-01,-5.481714674126192746e-03,-1.837539231204324552e-01,1.656738796681074821e-01,-2.522248167425292231e-02,-7.107436722892680747e-02,-3.181749019992025779e-02,-2.231184033290938840e-01,1.000000000000000000e+00,-1.496362438816798146e-01,-6.882905831539823036e-03,5.935580890896029194e-02,-1.903348091993646296e-01,-1.973948389949429782e-01,-2.181038663973837166e-01,3.707467032747249758e-01,1.847344656448849931e-01,1.626102776009561435e-01,4.948674155418895104e-01,2.068076592226618104e-01,2.222675491240606871e-01,1.871178393931266226e-01,2.344418400950393777e-01,2.247942783427227531e-01,7.240591794077212706e-02,4.759829906972412594e-01,4.440278214024045988e-02,1.818423194308000090e-01,-4.219182876411945761e-03,1.049403512258613169e-01,7.432029113434354683e-02,2.399912240743256042e-01,1.120771885290043207e-01,1.222591052119426785e-01
3.567962689160495415e-01,1.577090271386313025e-01,1.675819691389712762e-01,-1.027578274737153685e-02,3.684239311650873705e-01,-2.607350552359776197e-01,1.133216028889266758e-01,-5.191420714212654358e-02,4.765844539965754523e-01,2.030029091095752192e-01,3.351395986559834728e-01,5.826748778076837887e-01,3.207467889180552478e-01,-1.496362438816798146e-01,1.000000000000000000e+00,4.586482082618341116e-01,1.761894996501911781e-01,4.011870927327704783e-01,4.961370915440749818e-01,2.614700183380550547e-01,3.985807776673316004e-03,1.158204911360633110e-01,-1.507299033080974626e-01,-3.865500017250119713e-01,-2.768128364769446570e-01,-3.531570765097864495e-01,-5.308795724758326173e-01,-2.096206211390357066e-01,4.085027737660642533e-01,1.321131675396269023e-01,-3.634205316781812800e-01,4.628913593822627792e-01,-1.214430750467463890e-02,5.009505421634170563e-01,-4.026559194349006443e-01,6.302704851229215532e-02,-3.836710225395090212e-02,3.259427086320256239e-01,1.783655433615983221e-01
6.120845915295687334e-01,3.903056830018535317e-01,9.096104969002567764e-02,-1.787068558318508360e-01,1.149124062701045446e-01,-4.321518734543548512e-01,7.847021501877214644e-02,-5.101033444809888239e-05,2.714244465650644811e-01,6.315694029715088753e-01,2.801522752166297758e-01,4.191571884254822189e-01,2.751148726915300102e-01,-6.882905831539823036e-03,4.586482082618341116e-01,1.000000000000000000e+00,8.523932986555202151e-02,1.279022347073326127e-01,1.844822310801869092e-01,2.284866176408344995e-01,4.005528752291041550e-01,3.857974516869537296e-01,-4.376208729280720716e-02,-2.924509181725796769e-01,-1.245182879150324717e-01,-3.587387337155599765e-01,-4.146027582252240218e-01,1.209853742879535426e-01,2.467632139103532463e-01,8.015210589323985835e-02,-6.495956309979254717e-02,3.632816815278749889e-01,9.161396703346222359e-02,9.409352242972575386e-02,-2.968247213082244595e-01,1.657188458395631239e-02,-4.561597786120348552e-02,4.865076675810207640e-01,2.323970642126712560e-01
-1.179819626296198243e-01,7.854306893728099648e-02,-4.116298141679217149e-02,1.043310206405043405e-01,1.482834746504165142e-02,1.906370322638452075e-01,6.029784352636156919e-02,3.926063227269319111e-02,6.370916257632952551e-02,1.347051211834568996e-01,4.403605144965068163e-01,2.266060413476436372e-02,8.051384420482911308e-02,5.935580890896029194e-02,1.761894996501911781e-01,8.523932986555202151e-02,1.000000000000000000e+00,5.862139878967352613e-02,5.218426937021601597e-02,-6.410693666006900097e-03,-1.987834606526314805e-03,2.437666558568633846e-02,4.622943709211568830e-01,8.033751651779857950e-02,5.174236688358280212e-01,1.354344314282531214e-01,1.211931993359336435e-01,-5.783054462395171430e-02,-1.372829963223298755e-01,1.280383205155325721e-01,-1.160141776013243337e-01,1.557250461763125607e-02,-1.769852247586918906e-02,7.613916135881594605e-02,2.270893890741679244e-01,5.653972070875837308e-02,1.295653540217765465e-01,-3.615833342815596985e-02,1.225139164499849248e-01
-6.454948359944237546e-02,-1.026698043119453341e-01,4.495372866153368729e-01,5.214122157495301169e-01,6.493330491314329711e-01,-2.061897118473739188e-01,5.312607873028138972e-01,-3.992574185078311411e-01,2.771753228183690410e-01,1.451110663067015916e-01,1.659557119144819959e-01,1.451433897833132591e-01,2.396255859268045865e-02,-1.903348091993646296e-01,4.011870927327704783e-01,1.279022347073326127e-01,5.862139878967352613e-02,1.000000000000000000e+00,8.137014341830304254e-01,1.503867606801158607e-01,-1.581713679694264074e-01,-2.016861839944122069e-03,-1.464582516295020453e-01,-3.278959993275939455e-01,-2.121411420879975307e-01,-1.163337674766973528e-01,-2.207687261773003951e-01,-1.234008946711973448e-01,2.071907949691693118e-01,1.744304163955794074e-01,-1.517796602778994086e-01,8.532084579069995622e-02,-9.543914956822713291e-02,6.352899826459442734e-01,-3.128700990366889978e-01,2.368473175779137740e-01,-1.535811615558218546e-01,-3.060176204510468012e-01,-5.356522202196853377e-02
-2.268292790566854480e-03,-1.326304999106618365e-01,4.260106703009698403e-01,5.161786064052098499e-01,6.265483041305770495e-01,-2.768171759372355378e-01,5.159552022337181576e-01,-3.560724767442530747e-01,3.094294505815199381e-01,1.269993876919422171e-01,2.244609919760982564e-01,2.303819829619065673e-01,6.095290303456236958e-02,-1.973948389949429782e-01,4.961370915440749818e-01,1.844822310801869092e-01,5.218426937021601597e-02,8.137014341830304254e-01,1.000000000000000000e+00,2.317241401839357506e-01,-1.505173639355446569e-01,5.968105312742525564e-02,-1.896140666675154018e-01,-4.006453713069300648e-01,-2.826388894275615460e-01,-2.118270113450581027e-01,-2.940870278335392385e-01,-1.468672281866544860e-01,2.296423764214103602e-01,1.413316746377037969e-01,-1.827305520339251310e-01,1.824410751326573377e-01,-3.854060816183439014e-02,6.241790969827856195e-01,-3.409736684012157348e-01,2.138072766441481420e-01,-1.301731578464692396e-01,-2.337958992805873049e-01,-1.228157701506779331e-01
1.235728345784398718e-01,-1.860240885688134449e-01,3.088520799937911621e-01,2.239586056849382500e-01,1.896311404168808390e-01,-1.685086210028089171e-01,8.991539770769738094e-02,-2.313634884799588565e-01,1.059167290910873055e-01,1.592734996385665736e-01,4.348052836720470854e-02,2.366746014773380147e-01,1.705838377927905158e-01,-2.181038663973837166e-01,2.614700183380550547e-01,2.284866176408344995e-01,-6.410693666006900097e-03,1.503867606801158607e-01,2.317241401839357506e-01,1.000000000000000000e+00,1.798193712811052558e-02,4.322379486883000665e-01,-7.932180459083246205e-02,-4.277336629768405674e-01,-2.058568696718602042e-01,-1.032062006695059625e-01,-6.818361252313737131e-02,1.308511846896230069e-01,-2.180043994383893541e-02,7.634938498256026163e-02,-3.221080713957286679e-01,9.864187580039758541e-02,-2.080348787095616936e-01,8.408629394894166775e-02,-2.780007357863783501e-01,-1.973343604361948794e-04,-1.869826588517334853e-01,1.998093190591333779e-01,-2.716672787376985670e-02
4.784597869449450092e-01,3.597066552335972389e-01,1.477729115956422368e-01,-2.091526214193754896e-01,5.244421468923104318e-02,-2.638217211791662326e-02,-8.570509886128927640e-03,-1.517781350475876645e-01,1.075500536104301852e-01,3.228156355009008660e-01,-4.214442604421159491e-03,6.323943890681717195e-02,-5.044480468976693041e-03,3.707467032747249758e-01,3.985807776673316004e-03,4.005528752291041550e-01,-1.987834606526314805e-03,-1.581713679694264074e-01,-1.505173639355446569e-01,1.798193712811052558e-02,1.000000000000000000e+00,6.268054349844712769e-01,5.267211391946460125e-02,1.456592012457317009e-01,7.727760983372124193e-02,1.126569043669614217e-01,1.345449252117718875e-01,6.198096773873243981e-01,1.479807472499738152e-01,7.552049729624676910e-02,3.195105894946274616e-01,6.492241569065705653e-02,1.996409872651200984e-02,-7.094327918084390727e-02,-9.646005304059054875e-02,-2.181278565917650625e-01,-3.700325312806783395e-02,3.301897547714086056e-01,2.442227634609684950e-01
2.951843963258898862e-01,1.185919385344406524e-01,2.324268165072462811e-01,7.859076575330058156e-02,1.279677952633192228e-01,-5.035931307426879527e-02,-5.082165538758315337e-03,-1.912077765458722323e-01,1.107889215021487656e-01,2.572314438285742688e-01,6.042993434711693007e-02,2.474246205483050520e-01,4.524468766562251415e-02,1.847344656448849931e-01,1.158204911360633110e-01,3.857974516869537296e-01,2.437666558568633846e-02,-2.016861839944122069e-03,5.968105312742525564e-02,4.322379486883000665e-01,6.268054349844712769e-01,1.000000000000000000e+00,1.346619182638963443e-02,-9.038748706837404501e-02,-2.275378231463834420e-03,-8.522634116346229638e-02,1.369876602046849190e-01,5.031166779126683419e-01,2.270288977787277701e-02,1.594663858850890459e-01,9.485999396132741013e-02,2.266806115189770598e-01,4.420857082704118812e-02,-3.193308562140913937e-02,-1.227477817174883468e-01,-1.106900499640124796e-01,4.713690365570941815e-02,2.102311223611915414e-01,1.071377539432664394e-01
-1.417953120642106990e-01,5.724744450745883340e-02,8.490842684680243238e-03,-3.055243116303714077e-02,-1.578774270539877178e-01,4.692664669359311036e-01,4.972340745499782833e-02,-5.607205070173203881e-02,-5.694684782881124369e-02,7.279651980652726562e-02,2.521393847738790384e-01,-1.987814557340648047e-01,-6.481238306181631714e-02,1.626102776009561435e-01,-1.507299033080974626e-01,-4.376208729280720716e-02,4.622943709211568830e-01,-1.464582516295020453e-01,-1.896140666675154018e-01,-7.932180459083246205e-02,5.267211391946460125e-02,1.346619182638963443e-02,1.000000000000000000e+00,2.705881172670618340e-01,6.815456233648714557e-01,4.276737335835576470e-01,3.746130084882846045e-01,1.571973355395802074e-01,-1.380679484859008155e-01,7.396610681286623634e-02,8.167869709705546932e-02,-2.565844204140122486e-01,-1.040775825300492008e-01,-1.671786141045001062e-01,3.148083710072472896e-01,6.857253184512343558e-02,1.047770459467257248e-01,6.415318411980690597e-03,9.344451535049118351e-02
-1.691900389560721252e-01,2.125844851088442844e-01,-1.825490031348897257e-01,-2.655835901396604859e-01,-3.115381451624327225e-01,5.030961669263133151e-01,-1.791104682633672951e-01,1.058469981796045511e-01,-8.445254203363945777e-02,-2.138797155663638427e-01,-1.155651151435950208e-01,-2.182061160397627819e-01,-2.882822624012665313e-01,4.948674155418895104e-01,-3.865500017250119713e-01,-2.924509181725796769e-01,8.033751651779857950e-02,-3.278959993275939455e-01,-4.006453713069300648e-01,-4.277336629768405674e-01,1.456592012457317009e-01,-9.038748706837404501e-02,2.705881172670618340e-01,1.000000000000000000e+00,3.813219970607635845e-01,3.478316238052024389e-01,4.104571945113902331e-01,8.688155415372217361e-02,-1.118968340085043506e-01,4.505921046719130879e-02,4.080708849833973306e-01,-1.026604427286874899e-01,2.232560109279291827e-01,-2.314682878676097844e-01,5.107386116337570003e-01,-6.318564855823093074e-02,3.884093111252634456e-01,-1.307860192825809342e-01,4.847504385325220738e-02
-2.438375418184378640e-01,1.315730941079525651e-01,-9.147198745145701526e-02,4.402248029482505078e-03,-2.755018920213613276e-01,4.203993889100768877e-01,7.252520582562663187e-02,3.880324049902743322e-02,-1.581118244245680038e-01,1.513648865671812227e-01,2.189894531103149244e-01,-3.056239368678837498e-01,-1.734414127011317808e-01,2.068076592226618104e-01,-2.768128364769446570e-01,-1.245182879150324717e-01,5.174236688358280212e-01,-2.121411420879975307e-01,-2.826388894275615460e-01,-2.058568696718602042e-01,7.727760983372124193e-02,-2.275378231463834420e-03,6.815456233648714557e-01,3.813219970607635845e-01,1.000000000000000000e+00,4.451683669414462363e-01,4.768168826550556183e-01,1.817893769409867077e-01,-2.723867325803573936e-01,2.531887345003493855e-02,1.632656185614599631e-01,-1.986978265878271699e-01,2.405177948609850402e-02,-2.493868535437650524e-01,4.742728790745723289e-01,2.657071104946105711e-02,2.545541136357473144e-01,-1.248187055959206204e-01,1.252351232600575903e-01
-3.359698759656075118e-01,-1.248644275152326621e-01,2.014307967734912108e-01,1.860574372683671818e-01,-4.167033177911185632e-02,4.457234879327547916e-01,2.090497047778181738e-01,-3.198881239678792454e-01,-1.991509191834531234e-01,1.750817924220795033e-02,-2.548727465517856561e-01,-6.018842608559137330e-01,-3.023117626636163680e-01,2.222675491240606871e-01,-3.531570765097864495e-01,-3.587387337155599765e-01,1.354344314282531214e-01,-1.163337674766973528e-01,-2.118270113450581027e-01,-1.032062006695059625e-01,1.126569043669614217e-01,-8.522634116346229638e-02,4.276737335835576470e-01,3.478316238052024389e-01,4.451683669414462363e-01,1.000000000000000000e+00,6.555207147880548479e-01,3.676110943160910138e-01,-2.244916411163543624e-01,1.731682008732499944e-01,2.175298284157867190e-01,-5.606412871722186164e-01,-2.613736715976575087e-01,-8.604856829349029346e-02,3.138234703628376976e-01,-5.199494380487951206e-02,-1.286076608249153153e-01,-1.701567792017988356e-01,2.133252463843352681e-02
-4.790488167481898318e-01,-2.385516090876153850e-01,6.822490861356478309e-02,2.506339206571100431e-01,-1.818305751705333873e-01,4.748240112426807547e-01,6.212028674277293022e-02,-1.793926448482819347e-01,-3.447405048841333808e-01,-7.636230125654193401e-02,-2.397016827297061281e-01,-4.820479113133800952e-01,-3.320755929703161913e-01,1.871178393931266226e-01,-5.308795724758326173e-01,-4.146027582252240218e-01,1.211931993359336435e-01,-2.207687261773003951e-01,-2.940870278335392385e-01,-6.818361252313737131e-02,1.345449252117718875e-01,1.369876602046849190e-01,3.746130084882846045e-01,4.104571945113902331e-01,4.768168826550556183e-01,6.555207147880548479e-01,1.000000000000000000e+00,4.468254155173554953e-01,-4.759799249242420704e-01,1.028517537921423836e-01,2.556302317672690116e-01,-4.780174123388865604e-01,-7.345770523808166363e-02,-2.718778909234364494e-01,4.574817791332113082e-01,-5.371046594833025351e-02,-3.301534835748681589e-04,-3.296421211048534139e-01,-5.876808464847127489e-02
1.437240013396235416e-01,1.099577174661552914e-01,2.568321042902723117e-01,6.027831234921585124e-02,8.000198100664325518e-02,2.332170028493430955e-02,1.823612528235650232e-01,-3.069975847996406215e-01,-1.335242025986768388e-01,2.831575444918427720e-01,-2.131662091965290384e-01,-1.742071136939711551e-01,-1.628040187301741937e-01,2.344418400950393777e-01,-2.096206211390357066e-01,1.209853742879535426e-01,-5.783054462395171430e-02,-1.234008946711973448e-01,-1.468672281866544860e-01,1.308511846896230069e-01,6.198096773873243981e-01,5.031166779126683419e-01,1.571973355395802074e-01,8.688155415372217361e-02,1.817893769409867077e-01,3.676110943160910138e-01,4.468254155173554953e-01,1.000000000000000000e+00,-2.058885268483353903e-01,5.598092040910090939e-02,2.590347939965285673e-01,-3.183448631059279110e-01,-1.718813528918433919e-01,-6.919186942588059774e-02,-4.960626425082965280e-02,-2.138238736031820020e-01,-2.848592979490665589e-01,9.749681561300543864e-02,1.683680111062956508e-01
4.530029342152114835e-01,1.763932802084050289e-01,2.136363333795575359e-01,-2.670626954001625308e-01,3.440402838249502215e-01,-5.158278565933682031e-02,2.176252364698192526e-02,-1.541486632155518177e-01,4.702211956387862823e-01,-4.328708090074779441e-02,1.924544270560509251e-01,2.939332592584150139e-01,3.991758393627769380e-02,2.247942783427227531e-01,4.085027737660642533e-01,2.467632139103532463e-01,-1.372829963223298755e-01,2.071907949691693118e-01,2.296423764214103602e-01,-2.180043994383893541e-02,1.479807472499738152e-01,2.270288977787277701e-02,-1.380679484859008155e-01,-1.118968340085043506e-01,-2.723867325803573936e-01,-2.244916411163543624e-01,-4.759799249242420704e-01,-2.058885268483353903e-01,1.000000000000000000e+00,7.337665622925010345e-02,7.843538886750461847e-02,3.938764547513919356e-01,9.049607801629577786e-02,3.266802460592283519e-01,-3.943663090234136859e-01,1.581887284938971738e-01,1.201779755185427845e-01,3.342439140330048519e-01,1.554160258595191912e-01
-1.056221154954176122e-01,1.940879073149921405e-02,2.778581781579013144e-01,2.189872939247403116e-01,2.286895286869405353e-01,1.393839636777196855e-01,2.245518875086166544e-01,-3.277898721778467195e-01,2.852876656362336449e-01,1.105785467591719751e-01,-4.303333648717156540e-02,-5.337676136720895248e-02,-2.050051245480792039e-01,7.240591794077212706e-02,1.321131675396269023e-01,8.015210589323985835e-02,1.280383205155325721e-01,1.744304163955794074e-01,1.413316746377037969e-01,7.634938498256026163e-02,7.552049729624676910e-02,1.594663858850890459e-01,7.396610681286623634e-02,4.505921046719130879e-02,2.531887345003493855e-02,1.731682008732499944e-01,1.028517537921423836e-01,5.598092040910090939e-02,7.337665622925010345e-02,1.000000000000000000e+00,1.452372004352937285e-01,-9.834985406922000517e-02,4.405501301574213380e-02,2.091617015780599664e-01,5.356170375421469287e-02,2.573440407815325570e-01,3.220860126912455934e-02,-1.016034711003968027e-01,2.272561382970320065e-01
-6.325548951321215661e-03,1.550671059798123808e-01,1.741894539634278594e-01,-1.066643791334829783e-01,-2.160719708970630648e-02,1.047855245819353381e-01,1.649036723912762903e-01,-2.332128591522542593e-01,8.818199537184760739e-02,3.033150242578745368e-02,-2.018299504077207263e-01,-2.275067939236234960e-01,-6.199791301929746812e-01,4.759829906972412594e-01,-3.634205316781812800e-01,-6.495956309979254717e-02,-1.160141776013243337e-01,-1.517796602778994086e-01,-1.827305520339251310e-01,-3.221080713957286679e-01,3.195105894946274616e-01,9.485999396132741013e-02,8.167869709705546932e-02,4.080708849833973306e-01,1.632656185614599631e-01,2.175298284157867190e-01,2.556302317672690116e-01,2.590347939965285673e-01,7.843538886750461847e-02,1.452372004352937285e-01,1.000000000000000000e+00,-1.414461389357450360e-01,3.443267794760226375e-01,-3.980216293694828489e-02,2.235332942512346932e-01,1.549232150784125850e-01,2.087450528695563579e-01,-1.642865748375525736e-01,4.979867152179791312e-02
3.343535682359743966e-01,1.942986756267774118e-01,-1.299531118736623192e-01,-2.471212434899313914e-01,1.450908186185321212e-02,-2.320882402829471947e-01,-1.862996413277657193e-01,2.652391436510174727e-01,2.833835483796816046e-01,1.676194233034376466e-02,3.139180747186123277e-01,5.404182705211219018e-01,2.334211683659245529e-01,4.440278214024045988e-02,4.628913593822627792e-01,3.632816815278749889e-01,1.557250461763125607e-02,8.532084579069995622e-02,1.824410751326573377e-01,9.864187580039758541e-02,6.492241569065705653e-02,2.266806115189770598e-01,-2.565844204140122486e-01,-1.026604427286874899e-01,-1.986978265878271699e-01,-5.606412871722186164e-01,-4.780174123388865604e-01,-3.183448631059279110e-01,3.938764547513919356e-01,-9.834985406922000517e-02,-1.414461389357450360e-01,1.000000000000000000e+00,3.744441610197663528e-01,1.025291167390224578e-01,-1.720471561806864724e-01,-1.117147232068018727e-02,4.269268119515344795e-01,2.843052222123549910e-01,-1.251687994210802686e-03
-3.773614866951578717e-02,1.299487084787913638e-01,-1.540635941758628780e-01,-1.355271907966929534e-01,-1.963234273365563609e-01,-9.115268543610215157e-02,-1.259423545537311229e-01,2.071719962645062751e-01,1.739658975866624213e-01,-1.588369431263842932e-02,5.821394108401803380e-02,2.026709107585792646e-01,-1.712770192947054848e-01,1.818423194308000090e-01,-1.214430750467463890e-02,9.161396703346222359e-02,-1.769852247586918906e-02,-9.543914956822713291e-02,-3.854060816183439014e-02,-2.080348787095616936e-01,1.996409872651200984e-02,4.420857082704118812e-02,-1.040775825300492008e-01,2.232560109279291827e-01,2.405177948609850402e-02,-2.613736715976575087e-01,-7.345770523808166363e-02,-1.718813528918433919e-01,9.049607801629577786e-02,4.405501301574213380e-02,3.443267794760226375e-01,3.744441610197663528e-01,1.000000000000000000e+00,-1.085212937759010149e-01,2.389481231009754902e-01,1.763786625408098885e-01,5.167447568719617523e-01,-7.440515739448924637e-02,-8.682822908264664630e-02
7.379496812805004524e-02,3.076291933877899065e-02,5.041300045783649875e-01,2.339347424772763584e-01,7.581137064828472605e-01,-1.696676028132899083e-01,4.723937016352643958e-01,-4.556242043873294789e-01,4.868625949497006333e-01,2.982741030432612891e-02,6.910060095281282677e-02,2.423911124784434712e-01,-2.746146177294789964e-02,-4.219182876411945761e-03,5.009505421634170563e-01,9.409352242972575386e-02,7.613916135881594605e-02,6.352899826459442734e-01,6.241790969827856195e-01,8.408629394894166775e-02,-7.094327918084390727e-02,-3.193308562140913937e-02,-1.671786141045001062e-01,-2.314682878676097844e-01,-2.493868535437650524e-01,-8.604856829349029346e-02,-2.718778909234364494e-01,-6.919186942588059774e-02,3.266802460592283519e-01,2.091617015780599664e-01,-3.980216293694828489e-02,1.025291167390224578e-01,-1.085212937759010149e-01,1.000000000000000000e+00,-3.822115894911378708e-01,2.546179261567163010e-01,-1.446914202725404219e-01,-7.705817871748270320e-02,1.840889457645504268e-01
-3.906358782434752874e-01,-6.449436417102284713e-02,-3.211573044788189613e-01,1.457056681974251873e-02,-4.510361272073183381e-01,4.196512838241811538e-01,-1.363923146116059193e-01,2.456613493283768823e-01,-2.684421317977967458e-01,-1.639044211014220043e-01,-4.610552629719713580e-02,-3.849625896838821948e-01,-2.453972950011414078e-01,1.049403512258613169e-01,-4.026559194349006443e-01,-2.968247213082244595e-01,2.270893890741679244e-01,-3.128700990366889978e-01,-3.409736684012157348e-01,-2.780007357863783501e-01,-9.646005304059054875e-02,-1.227477817174883468e-01,3.148083710072472896e-01,5.107386116337570003e-01,4.742728790745723289e-01,3.138234703628376976e-01,4.574817791332113082e-01,-4.960626425082965280e-02,-3.943663090234136859e-01,5.356170375421469287e-02,2.235332942512346932e-01,-1.720471561806864724e-01,2.389481231009754902e-01,-3.822115894911378708e-01,1.000000000000000000e+00,-2.637948090348859326e-02,4.212312384140670662e-01,-2.925781669591190348e-01,-1.651772301447912705e-01
-1.495371373867663001e-01,-1.244674341636995557e-01,3.597774209106912591e-01,1.408600732383205045e-01,2.519142164490711377e-01,8.231432207762396161e-03,2.855031397740773191e-01,-3.492771181301657091e-01,4.370028862864120955e-01,6.369183400694894415e-02,3.753864469474409854e-02,4.447087095489417330e-02,-2.180230832708286715e-01,7.432029113434354683e-02,6.302704851229215532e-02,1.657188458395631239e-02,5.653972070875837308e-02,2.368473175779137740e-01,2.138072766441481420e-01,-1.973343604361948794e-04,-2.181278565917650625e-01,-1.106900499640124796e-01,6.857253184512343558e-02,-6.318564855823093074e-02,2.657071104946105711e-02,-5.199494380487951206e-02,-5.371046594833025351e-02,-2.138238736031820020e-01,1.581887284938971738e-01,2.573440407815325570e-01,1.549232150784125850e-01,-1.117147232068018727e-02,1.763786625408098885e-01,2.546179261567163010e-01,-2.637948090348859326e-02,1.000000000000000000e+00,4.813757150696393317e-02,-9.369674031129067437e-02,1.347403758899114734e-01
-6.416796519263998078e-02,1.862929766020455791e-01,-2.441408875589779481e-01,-1.531423876260002426e-01,-2.821850564753929369e-01,2.791735761486180967e-01,-1.986125984226910224e-01,2.784681535926454288e-01,1.137798033368699752e-01,-1.393841478260512967e-01,1.591570418329990300e-01,1.136217141364015415e-01,-1.368057473064170637e-01,2.399912240743256042e-01,-3.836710225395090212e-02,-4.561597786120348552e-02,1.295653540217765465e-01,-1.535811615558218546e-01,-1.301731578464692396e-01,-1.869826588517334853e-01,-3.700325312806783395e-02,4.713690365570941815e-02,1.047770459467257248e-01,3.884093111252634456e-01,2.545541136357473144e-01,-1.286076608249153153e-01,-3.301534835748681589e-04,-2.848592979490665589e-01,1.201779755185427845e-01,3.220860126912455934e-02,2.087450528695563579e-01,4.269268119515344795e-01,5.167447568719617523e-01,-1.446914202725404219e-01,4.212312384140670662e-01,4.813757150696393317e-02,1.000000000000000000e+00,-6.770464937715992004e-02,-5.722045055963148608e-02
6.585388988565744617e-01,3.759893828376681402e-01,1.005407876694622282e-02,-5.122268443963050588e-01,-7.531652143285733070e-02,-1.290040243035793510e-01,-2.271808824382271497e-01,5.215596162738293795e-02,2.685712190222533935e-01,2.199984453708871412e-01,1.207308217830497382e-01,3.498542995549512313e-01,3.163124769418964033e-01,1.120771885290043207e-01,3.259427086320256239e-01,4.865076675810207640e-01,-3.615833342815596985e-02,-3.060176204510468012e-01,-2.337958992805873049e-01,1.998093190591333779e-01,3.301897547714086056e-01,2.102311223611915414e-01,6.415318411980690597e-03,-1.307860192825809342e-01,-1.248187055959206204e-01,-1.701567792017988356e-01,-3.296421211048534139e-01,9.749681561300543864e-02,3.342439140330048519e-01,-1.016034711003968027e-01,-1.642865748375525736e-01,2.843052222123549910e-01,-7.440515739448924637e-02,-7.705817871748270320e-02,-2.925781669591190348e-01,-9.369674031129067437e-02,-6.770464937715992004e-02,1.000000000000000000e+00,4.087234178167968301e-01
3.003447643939237133e-01,4.169752798061820420e-01,2.030679101077293991e-01,-2.112642788344431810e-01,1.324009945974314040e-01,6.889861066953680002e-02,1.112974113157899209e-01,-2.049348088249055289e-01,3.480352347378059541e-01,2.466103020252480571e-01,3.196083225515674447e-02,2.395333980189503775e-01,2.255498941780035085e-02,1.222591052119426785e-01,1.783655433615983221e-01,2.323970642126712560e-01,1.225139164499849248e-01,-5.356522202196853377e-02,-1.228157701506779331e-01,-2.716672787376985670e-02,2.442227634609684950e-01,1.071377539432664394e-01,9.344451535049118351e-02,4.847504385325220738e-02,1.252351232600575903e-01,2.133252463843352681e-02,-5.876808464847127489e-02,1.683680111062956508e-01,1.554160258595191912e-01,2.272561382970320065e-01,4.979867152179791312e-02,-1.251687994210802686e-03,-8.682822908264664630e-02,1.840889457645504268e-01,-1.651772301447912705e-01,1.347403758899114734e-01,-5.722045055963148608e-02,4.087234178167968301e-01,1.000000000000000000e+00
