1.000000000000000000e+00,9.263334017029397627e-01,8.133460868305381064e-01,-1.534584848296493553e-01,7.553938486942027852e-01,-1.041128143816688750e-01,6.791175288663373610e-01,-7.550992027768026471e-01,8.552390371088686161e-01,8.116776106992000805e-01,6.196054365282032128e-01,2.880194425141674452e-01,7.764177179367925952e-01,5.528667156427470308e-01,-2.620673491473316311e-02,7.850015106579028012e-01,6.924356354172758188e-01,5.936343605031324522e-01,8.373895183528866637e-01,4.895057451097934442e-01,6.115198218394241048e-01,5.366979293208151702e-01,6.792306341969585048e-01,3.103968607891411935e-01,7.451219616763659070e-01,8.525153026839168424e-01,7.960960930028108118e-01,8.212070239847237829e-01,8.584576313353211585e-01,8.577447618852180877e-01,8.506063219982392676e-01,8.086388017389929406e-01,7.254709378919310669e-01,4.353123095289261890e-01,6.829374182011397343e-01,8.607718325064936948e-01,7.076671973498273038e-01,4.620316030137740504e-01,4.406200783786480280e-01
9.263334017029397627e-01,1.000000000000000000e+00,8.336733444567612228e-01,-1.864719442968905128e-01,7.588055834085000173e-01,2.170278877814988197e-02,7.364394224590374849e-01,-7.667328569816574957e-01,8.385476382723170419e-01,8.294748749373763719e-01,7.262992554134010126e-01,1.714322566385169389e-01,7.938156225852048831e-01,4.923140257278442178e-01,-1.391588012557148091e-01,7.824773045194221011e-01,7.681609271622286128e-01,5.668210873430353791e-01,8.457219846037111743e-01,3.850892472893841512e-01,6.270903291738205709e-01,5.195809133840234573e-01,6.091777827447201199e-01,2.795166918281165036e-01,7.254070853094659599e-01,8.655082182414626235e-01,7.863991637709638605e-01,7.917243263745900039e-01,8.983063595608226093e-01,8.088555601398710326e-01,9.004985337499434861e-01,8.805423534242600159e-01,7.725745725049828483e-01,3.880089250004060686e-01,7.218893263149355199e-01,8.647172415515338439e-01,7.540881402597940930e-01,3.343566054943971633e-01,3.325363458826581242e-01
8.133460868305381064e-01,8.336733444567612228e-01,1.000000000000000000e+00,-7.465498848897524076e-02,8.271454300641547519e-01,7.822516419210399918e-02,6.879457765437871908e-01,-9.409903942069908211e-01,7.741662102128182843e-01,8.175080602502358129e-01,6.690320182633953117e-01,1.930374309485998474e-01,7.115742652685772551e-01,4.660031020777487543e-01,-7.222422524543134492e-02,8.083556302306542651e-01,7.326021263613671231e-01,6.582511550511749299e-01,8.608969701802130503e-01,4.555581332748349643e-01,8.348214360355595831e-01,7.169179814527359973e-01,6.661090941878438088e-01,3.627076971227588542e-01,6.747676566241558316e-01,8.415362133357979779e-01,7.874373171499452484e-01,7.979456604272749942e-01,8.100982397433119653e-01,7.244753004170159105e-01,8.934383326884359766e-01,8.106809581078208149e-01,8.565480004864287622e-01,3.893557254251890365e-01,5.838259699875055775e-01,8.028775565423060812e-01,6.397352856983427039e-01,2.245545255903148851e-01,1.867516129897786592e-01
-1.534584848296493553e-01,-1.864719442968905128e-01,-7.465498848897524076e-02,1.000000000000000000e+00,2.972127603660332934e-02,-2.419974477326075346e-01,-1.411305503918197368e-01,6.246790201655037789e-02,-7.464653390408973466e-02,-3.968102220042814959e-02,-2.734932820819434562e-01,4.135756077274313491e-01,-1.831754604470698933e-01,1.865387055156438878e-01,1.283037963312708418e-01,7.392355613954802729e-02,-2.485153820859785923e-01,2.765461005736503663e-01,-1.317158029723916428e-02,2.918930803828739262e-01,-1.165905754622905549e-01,1.901082655559474532e-01,8.043163807160098877e-02,1.000925848084042481e-02,2.670993217580816190e-02,-9.560716559672428894e-02,-2.164175832788177781e-02,1.125668265263205826e-02,-1.233838290231233231e-01,4.702164748011350773e-03,-1.427600420157653649e-01,-1.400063559297924365e-01,-8.654605398431435004e-02,9.239949399777779016e-02,-1.661884341482063043e-01,-5.053339847105181581e-02,-2.326152895649376551e-01,1.323467142284306952e-01,2.291813410591873601e-01
7.553938486942027852e-01,7.588055834085000173e-01,8.271454300641547519e-01,2.972127603660332934e-02,1.000000000000000000e+00,-3.960381375015089959e-03,5.031174401968747656e-01,-7.504666067843593913e-01,7.841016902660445931e-01,7.072276113936574182e-01,6.665450880683706503e-01,4.806999922502229183e-01,7.509146061018270313e-01,7.197939526818878386e-01,-4.505195793286886734e-03,7.173340724767548471e-01,7.408840638024443148e-01,7.551970438457338286e-01,7.379494838938396306e-01,4.365580355178683702e-01,5.707757896055917213e-01,6.958500257922275445e-01,7.257467227495290052e-01,5.380980136382764734e-01,8.029055990823531497e-01,7.907146328884391284e-01,8.149606030181377747e-01,8.649119925398399689e-01,7.823803795187991295e-01,7.457572001094928682e-01,7.879986903990489067e-01,7.581026656532817709e-01,8.457105011928868210e-01,5.869573427868739479e-01,6.489746357914371044e-01,6.727842406251740570e-01,6.218018455818447032e-01,5.010361525213192779e-01,4.494927049992277768e-01
-1.041128143816688750e-01,2.170278877814988197e-02,7.822516419210399918e-02,-2.419974477326075346e-01,-3.960381375015089959e-03,1.000000000000000000e+00,3.093614752059221928e-02,-3.197244205007333806e-02,-2.078429132237457622e-01,-8.752255763272512312e-02,3.414429743539890705e-01,-5.463939244252014049e-01,2.091452861653777043e-02,-2.764691900826331539e-01,-5.362443168026163054e-01,-1.688405543478315174e-01,2.650487374567098153e-01,-7.797384155227354841e-02,-1.353156045681342123e-01,-5.220667879049541993e-01,9.080446427518598651e-02,-1.501603150655085317e-01,-2.183899737525453189e-01,-1.670842545563209214e-01,-1.395011289650594510e-01,-6.578075310234747508e-02,-4.101994329660377248e-02,-1.475951776054299502e-01,7.396598615690121170e-02,-2.486971854327079678e-01,2.607123161555760862e-02,2.158906887491932880e-01,9.829906360704378232e-02,-4.075613044343112668e-01,1.907781404485862087e-01,4.147268058902790766e-02,2.009424379446463349e-01,-4.685738836578548505e-01,-5.106228006989798063e-01
6.791175288663373610e-01,7.364394224590374849e-01,6.879457765437871908e-01,-1.411305503918197368e-01,5.031174401968747656e-01,3.093614752059221928e-02,1.000000000000000000e+00,-6.962887310960639287e-01,6.325679300119063653e-01,6.171192864248921106e-01,4.811830284538721747e-01,-3.036079734464248309e-02,4.825518974100588276e-01,2.701193636712581614e-01,5.071520866977261011e-02,6.481913254464000129e-01,5.278336080019562226e-01,3.640399429994596314e-01,7.913007451045088736e-01,4.644144134412321878e-01,6.400822253908270421e-01,4.855331545405840443e-01,4.561514767554461502e-01,1.368351074082825858e-01,4.539816545613485355e-01,6.871725118046112524e-01,5.533249136093915110e-01,6.129041647979572849e-01,6.970981834786296183e-01,5.833785592395644981e-01,7.349257032720709626e-01,6.983372413493187381e-01,4.852171058072955456e-01,2.708773275141874159e-01,4.600288945029271104e-01,6.920331421223747670e-01,6.022810049231892560e-01,3.090334595900284115e-02,1.131464407795524929e-01
-7.550992027768026471e-01,-7.667328569816574957e-01,-9.409903942069908211e-01,6.246790201655037789e-02,-7.504666067843593913e-01,-3.197244205007333806e-02,-6.962887310960639287e-01,1.000000000000000000e+00,-7.339345080524803944e-01,-7.547632879943425577e-01,-5.558888124787229046e-01,-1.309183996124491656e-01,-6.397307494335772171e-01,-3.894295517223408942e-01,1.485741601102432731e-02,-7.633612265767137917e-01,-6.344808185274202206e-01,-6.055942337126457575e-01,-8.507784918179168709e-01,-4.925702991226064698e-01,-8.346001737688394373e-01,-6.885853524465365139e-01,-6.442273350599164727e-01,-3.294504940496995604e-01,-6.058099796303600959e-01,-7.898487674592712393e-01,-7.054903193137693762e-01,-7.389997656649226476e-01,-7.299744697789291026e-01,-6.796208516869005622e-01,-8.481131073931259534e-01,-7.267873965520558199e-01,-7.747895305645953190e-01,-3.560832966076521999e-01,-4.914563938666144938e-01,-7.459815771096454107e-01,-5.966912090824096904e-01,-1.515321533044686475e-01,-1.350970275710038082e-01
8.552390371088686161e-01,8.385476382723170419e-01,7.741662102128182843e-01,-7.464653390408973466e-02,7.841016902660445931e-01,-2.078429132237457622e-01,6.325679300119063653e-01,-7.339345080524803944e-01,1.000000000000000000e+00,7.238135672157645084e-01,5.856408620684523392e-01,3.821172349600093221e-01,7.513903931724875696e-01,6.592343904709175861e-01,7.318861223758885148e-02,7.215741000067380506e-01,6.761953075375758404e-01,6.273246480521951218e-01,8.131001749487772878e-01,5.184507636236097561e-01,5.793722736438132737e-01,5.940141200368594943e-01,6.829744649701328107e-01,4.248544832062848275e-01,7.406324218493104405e-01,7.967878151318816826e-01,7.297471330794377264e-01,7.993729136319543960e-01,7.814563586458822542e-01,8.263782805352825056e-01,7.937586185984629727e-01,7.327453899541226390e-01,7.582374775352113128e-01,6.108260761426974605e-01,5.851309649987631589e-01,7.577602150873388176e-01,6.579258874771070076e-01,5.010978019857561527e-01,5.080346041668009072e-01
8.116776106992000805e-01,8.294748749373763719e-01,8.175080602502358129e-01,-3.968102220042814959e-02,7.072276113936574182e-01,-8.752255763272512312e-02,6.171192864248921106e-01,-7.547632879943425577e-01,7.238135672157645084e-01,1.000000000000000000e+00,6.156321562010860227e-01,2.985397766252423923e-01,6.859761067049652272e-01,4.419608800136381466e-01,-2.973276112399255572e-02,9.166056235978413680e-01,6.646271508409640205e-01,5.952959540250623016e-01,8.175784121152227524e-01,4.579694142971897919e-01,6.974057121319384711e-01,6.129550998946915463e-01,6.879190298611821408e-01,3.651659397750502967e-01,7.359688840359018824e-01,8.504721683103895202e-01,8.182737129881686444e-01,7.834659781697552727e-01,7.525446984051092914e-01,8.032177507986687504e-01,8.527279992450376156e-01,7.321382540224214974e-01,7.493372928222824525e-01,3.935077500564174158e-01,5.409283575679469935e-01,7.772595666240780243e-01,5.056978015960812423e-01,3.041229485240324881e-01,2.814045974750832291e-01
6.196054365282032128e-01,7.262992554134010126e-01,6.690320182633953117e-01,-2.734932820819434562e-01,6.665450880683706503e-01,3.414429743539890705e-01,4.811830284538721747e-01,-5.558888124787229046e-01,5.856408620684523392e-01,6.156321562010860227e-01,1.000000000000000000e+00,-3.367704248658938502e-03,7.294717507269675716e-01,3.265345655614766418e-01,-3.494420063893595163e-01,4.931823214876968065e-01,9.194198637884821723e-01,4.080400018748755464e-01,5.512472262848343574e-01,-4.006229303901997357e-03,4.408082160897213164e-01,3.388216137337130007e-01,3.349704254784855451e-01,2.559123655179822432e-01,5.908775402432284718e-01,7.037370805237016524e-01,7.083740644411226084e-01,5.802851398274073702e-01,8.015628125766309786e-01,4.892705947117357845e-01,7.413799317207930839e-01,8.414887873984302491e-01,7.426757424121136486e-01,2.768562030584409972e-01,7.131885455554235476e-01,5.642287676154784659e-01,6.361320094118970703e-01,1.005992090257015747e-01,7.557436587176337428e-02
2.880194425141674452e-01,1.714322566385169389e-01,1.930374309485998474e-01,4.135756077274313491e-01,4.806999922502229183e-01,-5.463939244252014049e-01,-3.036079734464248309e-02,-1.309183996124491656e-01,3.821172349600093221e-01,2.985397766252423923e-01,-3.367704248658938502e-03,1.000000000000000000e+00,2.613306390211488361e-01,7.150169388047954433e-01,5.013109437607331520e-01,4.339158455891025667e-01,7.451629710873287904e-02,5.109300787230239838e-01,2.591648538520133216e-01,5.822912626289167282e-01,4.749618305752670300e-03,4.638350972600951416e-01,5.980033557761577079e-01,5.414865578741466789e-01,5.403951763991604595e-01,3.382295484861412849e-01,4.516905184074647139e-01,5.523748188352197719e-01,2.023973855090946961e-01,4.766811347175893276e-01,1.771051713522275861e-01,1.111850074518786896e-01,2.729938408988007437e-01,6.756850255389308391e-01,1.605164473810842818e-01,1.647724985972930933e-01,6.092913381276848089e-02,7.771488702124499381e-01,7.548183016919564059e-01
7.764177179367925952e-01,7.938156225852048831e-01,7.115742652685772551e-01,-1.831754604470698933e-01,7.509146061018270313e-01,2.091452861653777043e-02,4.825518974100588276e-01,-6.397307494335772171e-01,7.513903931724875696e-01,6.859761067049652272e-01,7.294717507269675716e-01,2.613306390211488361e-01,1.000000000000000000e+00,5.356602397288439121e-01,-1.402831063129632017e-01,5.982386814066154024e-01,7.646694054349556513e-01,5.306767630327455798e-01,6.548190785260008528e-01,2.865966106944831115e-01,4.675995045122006144e-01,4.209624027842723826e-01,5.660101938983255199e-01,3.360989157165304442e-01,7.370969153819059150e-01,7.615310014788126969e-01,7.640446426832800952e-01,7.718262242428438613e-01,7.960590092526719230e-01,6.902895200296464973e-01,7.573244515015983280e-01,7.737180641643460755e-01,7.741132543407436284e-01,4.824345266318265102e-01,7.569080846086225778e-01,6.093189479318841251e-01,6.639911393355024671e-01,4.047023991007476229e-01,3.916634958004149292e-01
5.528667156427470308e-01,4.923140257278442178e-01,4.660031020777487543e-01,1.865387055156438878e-01,7.197939526818878386e-01,-2.764691900826331539e-01,2.701193636712581614e-01,-3.894295517223408942e-01,6.592343904709175861e-01,4.419608800136381466e-01,3.265345655614766418e-01,7.150169388047954433e-01,5.356602397288439121e-01,1.000000000000000000e+00,2.512500641539188173e-01,5.108902890169159106e-01,4.482614823024793083e-01,6.014443739702901581e-01,4.824420726073984644e-01,4.807543864612949802e-01,1.847065958717822864e-01,5.492481034846286025e-01,7.313617319895935331e-01,6.768465906036977842e-01,7.464663653988828917e-01,5.307624219744875305e-01,5.823446937297829251e-01,7.006172508019637979e-01,5.343162817658594355e-01,6.933384006162519597e-01,4.613589868976229469e-01,4.599331018016105666e-01,5.452254934133062836e-01,6.880764786894618679e-01,4.594089189719936517e-01,4.395345763097429082e-01,4.036656157152189728e-01,7.011469686631142118e-01,7.207528899485594609e-01
-2.620673491473316311e-02,-1.391588012557148091e-01,-7.222422524543134492e-02,1.283037963312708418e-01,-4.505195793286886734e-03,-5.362443168026163054e-01,5.071520866977261011e-02,1.485741601102432731e-02,7.318861223758885148e-02,-2.973276112399255572e-02,-3.494420063893595163e-01,5.013109437607331520e-01,-1.402831063129632017e-01,2.512500641539188173e-01,1.000000000000000000e+00,1.250236575991791332e-01,-2.497827447573452431e-01,-5.955849312042803267e-02,8.507968226805905088e-02,5.482939971294801262e-01,-2.234756695292499165e-02,2.226057254419832043e-01,2.879342602119125960e-01,3.315141231164501767e-01,8.148629639421473003e-02,3.362318926646914313e-02,2.737927409425220185e-02,1.519096152504518793e-01,-1.378711332081276886e-01,1.549202000124971779e-01,-7.328147253564383512e-02,-2.286474000890957869e-01,-1.921647443892958718e-01,4.852344430866730729e-01,-2.485155959149923377e-01,-1.260788521516470195e-01,-1.845927519297391739e-01,3.268749190674965499e-01,3.153612717059731119e-01
7.850015106579028012e-01,7.824773045194221011e-01,8.083556302306542651e-01,7.392355613954802729e-02,7.173340724767548471e-01,-1.688405543478315174e-01,6.481913254464000129e-01,-7.633612265767137917e-01,7.215741000067380506e-01,9.166056235978413680e-01,4.931823214876968065e-01,4.339158455891025667e-01,5.982386814066154024e-01,5.108902890169159106e-01,1.250236575991791332e-01,1.000000000000000000e+00,5.643343814664629754e-01,6.453550781982035911e-01,8.399165212017113413e-01,5.794700658457084819e-01,6.975579806744743872e-01,7.116607174763720511e-01,7.630730797162388335e-01,4.136758172107121712e-01,7.173219343515186974e-01,8.447564896727340900e-01,8.059896540076147975e-01,8.229774131366054402e-01,7.038696730685802816e-01,8.036625022261056905e-01,8.127019679301966670e-01,6.750940604534282352e-01,7.081806300430473211e-01,4.529407673842498205e-01,4.543551150277757023e-01,7.648037724624847655e-01,4.669614474778477353e-01,3.593399733387162009e-01,3.329183228776925740e-01
6.924356354172758188e-01,7.681609271622286128e-01,7.326021263613671231e-01,-2.485153820859785923e-01,7.408840638024443148e-01,2.650487374567098153e-01,5.278336080019562226e-01,-6.344808185274202206e-01,6.761953075375758404e-01,6.646271508409640205e-01,9.194198637884821723e-01,7.451629710873287904e-02,7.646694054349556513e-01,4.482614823024793083e-01,-2.497827447573452431e-01,5.643343814664629754e-01,1.000000000000000000e+00,4.557399513013631331e-01,6.171933921506993492e-01,9.838347814454982687e-02,4.929315789603677667e-01,4.005022797388836375e-01,4.662644404123289510e-01,4.049872674328396371e-01,6.725157905011238668e-01,7.521588991492651477e-01,7.296526981056336014e-01,6.765697268329108338e-01,8.396794230408297643e-01,5.970534958694770911e-01,7.836471168555411149e-01,8.476721123618686793e-01,7.909579423929058439e-01,4.017240830625634640e-01,6.971757291312502547e-01,5.802573253155897115e-01,6.429602679708927848e-01,2.063580006377532527e-01,1.533716815485691443e-01
5.936343605031324522e-01,5.668210873430353791e-01,6.582511550511749299e-01,2.765461005736503663e-01,7.551970438457338286e-01,-7.797384155227354841e-02,3.640399429994596314e-01,-6.055942337126457575e-01,6.273246480521951218e-01,5.952959540250623016e-01,4.080400018748755464e-01,5.109300787230239838e-01,5.306767630327455798e-01,6.014443739702901581e-01,-5.955849312042803267e-02,6.453550781982035911e-01,4.557399513013631331e-01,1.000000000000000000e+00,6.852893322078018601e-01,4.673456825287243266e-01,4.507468530403917484e-01,5.858584055288782455e-01,6.562878062363179943e-01,3.719103164883236223e-01,6.380807668452347370e-01,6.825624764270360467e-01,6.919744777498233468e-01,7.410380279531094683e-01,6.069561414506644548e-01,6.212828120745901295e-01,6.107503190329341969e-01,5.795229628652800447e-01,6.329418181487392880e-01,2.840909020554773234e-01,4.539649207774760220e-01,6.141052044558110712e-01,4.601898424469831883e-01,4.492622632389601800e-01,4.793814890960924058e-01
8.373895183528866637e-01,8.457219846037111743e-01,8.608969701802130503e-01,-1.317158029723916428e-02,7.379494838938396306e-01,-1.353156045681342123e-01,7.913007451045088736e-01,-8.507784918179168709e-01,8.131001749487772878e-01,8.175784121152227524e-01,5.512472262848343574e-01,2.591648538520133216e-01,6.548190785260008528e-01,4.824420726073984644e-01,8.507968226805905088e-02,8.399165212017113413e-01,6.171933921506993492e-01,6.852893322078018601e-01,1.000000000000000000e+00,6.088784112472895860e-01,7.468221779294104135e-01,6.681839017211558263e-01,6.811796169276203017e-01,2.830005018573986675e-01,6.836864645027844745e-01,8.604289247131200469e-01,7.603142307998365101e-01,8.033561607436604524e-01,8.082468810871793474e-01,7.944147881295527958e-01,8.729630760139572843e-01,7.621793813398437534e-01,7.114105754467497933e-01,3.860378410477451894e-01,5.398059041273014502e-01,8.340702776311822442e-01,6.355676603685874726e-01,2.641459246696076235e-01,3.173839024047023782e-01
4.895057451097934442e-01,3.850892472893841512e-01,4.555581332748349643e-01,2.918930803828739262e-01,4.365580355178683702e-01,-5.220667879049541993e-01,4.644144134412321878e-01,-4.925702991226064698e-01,5.184507636236097561e-01,4.579694142971897919e-01,-4.006229303901997357e-03,5.822912626289167282e-01,2.865966106944831115e-01,4.807543864612949802e-01,5.482939971294801262e-01,5.794700658457084819e-01,9.838347814454982687e-02,4.673456825287243266e-01,6.088784112472895860e-01,1.000000000000000000e+00,3.976513173593398398e-01,5.471488479728648935e-01,6.263455981908054859e-01,3.277747566428392823e-01,4.804082870591603327e-01,4.792883485758559492e-01,4.485317830709636966e-01,5.892946013435120811e-01,3.632467769561990023e-01,5.915562039161225139e-01,4.144435981443994055e-01,2.577226685896771841e-01,2.509275368505168302e-01,5.565456606541835383e-01,1.450383138182178011e-01,4.350693248793924828e-01,2.718925884038554952e-01,5.087515127767430201e-01,5.271447028519125055e-01
6.115198218394241048e-01,6.270903291738205709e-01,8.348214360355595831e-01,-1.165905754622905549e-01,5.707757896055917213e-01,9.080446427518598651e-02,6.400822253908270421e-01,-8.346001737688394373e-01,5.793722736438132737e-01,6.974057121319384711e-01,4.408082160897213164e-01,4.749618305752670300e-03,4.675995045122006144e-01,1.847065958717822864e-01,-2.234756695292499165e-02,6.975579806744743872e-01,4.929315789603677667e-01,4.507468530403917484e-01,7.468221779294104135e-01,3.976513173593398398e-01,1.000000000000000000e+00,7.215655041519613011e-01,4.790415384851686165e-01,2.400349005176051764e-01,3.982236896726935038e-01,6.465599626277959144e-01,5.534373080632052355e-01,5.667662393528211107e-01,5.722552088467525166e-01,5.161166792006195436e-01,7.179585655211151440e-01,5.840628634807247810e-01,6.881033545756747305e-01,2.085776549047086981e-01,3.541782871744081906e-01,6.723993523781849335e-01,4.523056419101321168e-01,-2.638310515266750755e-02,-6.438186342620948188e-02
5.366979293208151702e-01,5.195809133840234573e-01,7.169179814527359973e-01,1.901082655559474532e-01,6.958500257922275445e-01,-1.501603150655085317e-01,4.855331545405840443e-01,-6.885853524465365139e-01,5.940141200368594943e-01,6.129550998946915463e-01,3.388216137337130007e-01,4.638350972600951416e-01,4.209624027842723826e-01,5.492481034846286025e-01,2.226057254419832043e-01,7.116607174763720511e-01,4.005022797388836375e-01,5.858584055288782455e-01,6.681839017211558263e-01,5.471488479728648935e-01,7.215655041519613011e-01,1.000000000000000000e+00,6.713947233123693792e-01,4.817909542476380702e-01,5.694951502823187850e-01,5.968502262299927308e-01,5.898642123239754564e-01,6.552046101001273160e-01,5.193349472953918688e-01,5.504750416532018242e-01,5.954769395008292499e-01,4.922161575431661107e-01,6.967389243320539771e-01,4.832333010449459398e-01,3.334273865077478360e-01,5.625286347365928696e-01,3.756289989359391512e-01,2.588779449819613721e-01,2.439378400054588447e-01
6.792306341969585048e-01,6.091777827447201199e-01,6.661090941878438088e-01,8.043163807160098877e-02,7.257467227495290052e-01,-2.183899737525453189e-01,4.561514767554461502e-01,-6.442273350599164727e-01,6.829744649701328107e-01,6.879190298611821408e-01,3.349704254784855451e-01,5.980033557761577079e-01,5.660101938983255199e-01,7.313617319895935331e-01,2.879342602119125960e-01,7.630730797162388335e-01,4.662644404123289510e-01,6.562878062363179943e-01,6.811796169276203017e-01,6.263455981908054859e-01,4.790415384851686165e-01,6.713947233123693792e-01,1.000000000000000000e+00,6.538843342373347189e-01,8.179234076274456422e-01,7.026385760320601470e-01,7.256185077234399428e-01,7.936777881703869220e-01,5.840310763471319166e-01,7.747065703237357992e-01,6.459352745307711530e-01,5.115761629049172532e-01,6.077956304071829852e-01,5.593941272533637932e-01,3.683031321760813492e-01,5.599998602426321526e-01,4.064805522579180708e-01,5.410120607782697988e-01,5.320008717913113916e-01
3.103968607891411935e-01,2.795166918281165036e-01,3.627076971227588542e-01,1.000925848084042481e-02,5.380980136382764734e-01,-1.670842545563209214e-01,1.368351074082825858e-01,-3.294504940496995604e-01,4.248544832062848275e-01,3.651659397750502967e-01,2.559123655179822432e-01,5.414865578741466789e-01,3.360989157165304442e-01,6.768465906036977842e-01,3.315141231164501767e-01,4.136758172107121712e-01,4.049872674328396371e-01,3.719103164883236223e-01,2.830005018573986675e-01,3.277747566428392823e-01,2.400349005176051764e-01,4.817909542476380702e-01,6.538843342373347189e-01,1.000000000000000000e+00,5.811307605195222825e-01,4.000322386326599644e-01,4.361020453897580529e-01,5.340534074587427460e-01,3.167171115232605971e-01,4.673196326837695813e-01,3.506126172269553587e-01,2.632413822925964708e-01,4.251734536719053992e-01,6.097814170652355870e-01,1.515458527767861441e-01,1.146841865111758035e-01,1.355216260921336124e-01,4.865013675498679468e-01,4.110111867945573372e-01
7.451219616763659070e-01,7.254070853094659599e-01,6.747676566241558316e-01,2.670993217580816190e-02,8.029055990823531497e-01,-1.395011289650594510e-01,4.539816545613485355e-01,-6.058099796303600959e-01,7.406324218493104405e-01,7.359688840359018824e-01,5.908775402432284718e-01,5.403951763991604595e-01,7.370969153819059150e-01,7.464663653988828917e-01,8.148629639421473003e-02,7.173219343515186974e-01,6.725157905011238668e-01,6.380807668452347370e-01,6.836864645027844745e-01,4.804082870591603327e-01,3.982236896726935038e-01,5.694951502823187850e-01,8.179234076274456422e-01,5.811307605195222825e-01,1.000000000000000000e+00,7.622273113834855396e-01,8.101958605627840315e-01,8.249445459032626049e-01,7.311801894208682651e-01,8.202462981070777204e-01,7.071142180148203282e-01,6.751550693592663910e-01,7.212578709895238749e-01,6.159916814375903105e-01,6.116098915895988863e-01,6.109700980276921989e-01,5.488633474682516056e-01,5.623482948677734905e-01,5.875865269676218139e-01
8.525153026839168424e-01,8.655082182414626235e-01,8.415362133357979779e-01,-9.560716559672428894e-02,7.907146328884391284e-01,-6.578075310234747508e-02,6.871725118046112524e-01,-7.898487674592712393e-01,7.967878151318816826e-01,8.504721683103895202e-01,7.037370805237016524e-01,3.382295484861412849e-01,7.615310014788126969e-01,5.307624219744875305e-01,3.362318926646914313e-02,8.447564896727340900e-01,7.521588991492651477e-01,6.825624764270360467e-01,8.604289247131200469e-01,4.792883485758559492e-01,6.465599626277959144e-01,5.968502262299927308e-01,7.026385760320601470e-01,4.000322386326599644e-01,7.622273113834855396e-01,1.000000000000000000e+00,9.178414097032453478e-01,8.792752981113542976e-01,8.701809044490130818e-01,8.004312561912775292e-01,9.019641562912046329e-01,8.402458664074483607e-01,7.561233848452769690e-01,4.644062635567838826e-01,6.741183069589242738e-01,7.640372596740058198e-01,6.730682379961753226e-01,3.544353553555170122e-01,3.535839019208008027e-01
7.960960930028108118e-01,7.863991637709638605e-01,7.874373171499452484e-01,-2.164175832788177781e-02,8.149606030181377747e-01,-4.101994329660377248e-02,5.533249136093915110e-01,-7.054903193137693762e-01,7.297471330794377264e-01,8.182737129881686444e-01,7.083740644411226084e-01,4.516905184074647139e-01,7.640446426832800952e-01,5.823446937297829251e-01,2.737927409425220185e-02,8.059896540076147975e-01,7.296526981056336014e-01,6.919744777498233468e-01,7.603142307998365101e-01,4.485317830709636966e-01,5.534373080632052355e-01,5.898642123239754564e-01,7.256185077234399428e-01,4.361020453897580529e-01,8.101958605627840315e-01,9.178414097032453478e-01,1.000000000000000000e+00,8.733682539619747054e-01,8.219665806428759769e-01,7.510753032701105170e-01,8.442902500310481839e-01,8.058646164944908152e-01,7.409507811642289665e-01,4.944285838727127680e-01,6.818033656600696046e-01,6.961618058716612101e-01,6.062796238495591350e-01,4.145659949327465954e-01,4.099585163019898171e-01
8.212070239847237829e-01,7.917243263745900039e-01,7.979456604272749942e-01,1.125668265263205826e-02,8.649119925398399689e-01,-1.475951776054299502e-01,6.129041647979572849e-01,-7.389997656649226476e-01,7.993729136319543960e-01,7.834659781697552727e-01,5.802851398274073702e-01,5.523748188352197719e-01,7.718262242428438613e-01,7.006172508019637979e-01,1.519096152504518793e-01,8.229774131366054402e-01,6.765697268329108338e-01,7.410380279531094683e-01,8.033561607436604524e-01,5.892946013435120811e-01,5.667662393528211107e-01,6.552046101001273160e-01,7.936777881703869220e-01,5.340534074587427460e-01,8.249445459032626049e-01,8.792752981113542976e-01,8.733682539619747054e-01,1.000000000000000000e+00,7.964350327188940426e-01,8.185056262381007475e-01,8.092367648163617533e-01,7.393728890821826827e-01,7.409433816385826432e-01,6.204370982612313901e-01,6.244003228336396649e-01,6.983615493758269510e-01,6.103806825452398055e-01,5.490055924430301548e-01,5.146207025084634790e-01
8.584576313353211585e-01,8.983063595608226093e-01,8.100982397433119653e-01,-1.233838290231233231e-01,7.823803795187991295e-01,7.396598615690121170e-02,6.970981834786296183e-01,-7.299744697789291026e-01,7.814563586458822542e-01,7.525446984051092914e-01,8.015628125766309786e-01,2.023973855090946961e-01,7.960590092526719230e-01,5.343162817658594355e-01,-1.378711332081276886e-01,7.038696730685802816e-01,8.396794230408297643e-01,6.069561414506644548e-01,8.082468810871793474e-01,3.632467769561990023e-01,5.722552088467525166e-01,5.193349472953918688e-01,5.840310763471319166e-01,3.167171115232605971e-01,7.311801894208682651e-01,8.701809044490130818e-01,8.219665806428759769e-01,7.964350327188940426e-01,1.000000000000000000e+00,7.418038883756183921e-01,8.871146552623874193e-01,9.314638616516988101e-01,7.687436561434877191e-01,3.982176166246992888e-01,7.768348037617903712e-01,7.950234234106905440e-01,7.992483303094179981e-01,2.951292612132628834e-01,3.153378267351067410e-01
8.577447618852180877e-01,8.088555601398710326e-01,7.244753004170159105e-01,4.702164748011350773e-03,7.457572001094928682e-01,-2.486971854327079678e-01,5.833785592395644981e-01,-6.796208516869005622e-01,8.263782805352825056e-01,8.032177507986687504e-01,4.892705947117357845e-01,4.766811347175893276e-01,6.902895200296464973e-01,6.933384006162519597e-01,1.549202000124971779e-01,8.036625022261056905e-01,5.970534958694770911e-01,6.212828120745901295e-01,7.944147881295527958e-01,5.915562039161225139e-01,5.161166792006195436e-01,5.504750416532018242e-01,7.747065703237357992e-01,4.673196326837695813e-01,8.202462981070777204e-01,8.004312561912775292e-01,7.510753032701105170e-01,8.185056262381007475e-01,7.418038883756183921e-01,1.000000000000000000e+00,7.414187957217498459e-01,6.718860274455284998e-01,6.762362881379909707e-01,5.713571301223371313e-01,5.741312791136389260e-01,7.690813633458020160e-01,5.792186363311215835e-01,5.891853172531543725e-01,6.026835062599501525e-01
8.506063219982392676e-01,9.004985337499434861e-01,8.934383326884359766e-01,-1.427600420157653649e-01,7.879986903990489067e-01,2.607123161555760862e-02,7.349257032720709626e-01,-8.481131073931259534e-01,7.937586185984629727e-01,8.527279992450376156e-01,7.413799317207930839e-01,1.771051713522275861e-01,7.573244515015983280e-01,4.613589868976229469e-01,-7.328147253564383512e-02,8.127019679301966670e-01,7.836471168555411149e-01,6.107503190329341969e-01,8.729630760139572843e-01,4.144435981443994055e-01,7.179585655211151440e-01,5.954769395008292499e-01,6.459352745307711530e-01,3.506126172269553587e-01,7.071142180148203282e-01,9.019641562912046329e-01,8.442902500310481839e-01,8.092367648163617533e-01,8.871146552623874193e-01,7.414187957217498459e-01,1.000000000000000000e+00,8.714593794682607975e-01,7.879314279661429055e-01,4.008739867282191671e-01,6.494276695771171726e-01,8.056768964277282175e-01,6.920106943004091793e-01,2.297487843320053236e-01,2.317224190288773022e-01
8.086388017389929406e-01,8.805423534242600159e-01,8.106809581078208149e-01,-1.400063559297924365e-01,7.581026656532817709e-01,2.158906887491932880e-01,6.983372413493187381e-01,-7.267873965520558199e-01,7.327453899541226390e-01,7.321382540224214974e-01,8.414887873984302491e-01,1.111850074518786896e-01,7.737180641643460755e-01,4.599331018016105666e-01,-2.286474000890957869e-01,6.750940604534282352e-01,8.476721123618686793e-01,5.795229628652800447e-01,7.621793813398437534e-01,2.577226685896771841e-01,5.840628634807247810e-01,4.922161575431661107e-01,5.115761629049172532e-01,2.632413822925964708e-01,6.751550693592663910e-01,8.402458664074483607e-01,8.058646164944908152e-01,7.393728890821826827e-01,9.314638616516988101e-01,6.718860274455284998e-01,8.714593794682607975e-01,1.000000000000000000e+00,7.768762108768481056e-01,3.280246632879883495e-01,7.894213294764228506e-01,7.816512662756156526e-01,7.861837001153915150e-01,2.075631340211095133e-01,2.331106625624611295e-01
7.254709378919310669e-01,7.725745725049828483e-01,8.565480004864287622e-01,-8.654605398431435004e-02,8.457105011928868210e-01,9.829906360704378232e-02,4.852171058072955456e-01,-7.747895305645953190e-01,7.582374775352113128e-01,7.493372928222824525e-01,7.426757424121136486e-01,2.729938408988007437e-01,7.741132543407436284e-01,5.452254934133062836e-01,-1.921647443892958718e-01,7.081806300430473211e-01,7.909579423929058439e-01,6.329418181487392880e-01,7.114105754467497933e-01,2.509275368505168302e-01,6.881033545756747305e-01,6.967389243320539771e-01,6.077956304071829852e-01,4.251734536719053992e-01,7.212578709895238749e-01,7.561233848452769690e-01,7.409507811642289665e-01,7.409433816385826432e-01,7.687436561434877191e-01,6.762362881379909707e-01,7.879314279661429055e-01,7.768762108768481056e-01,1.000000000000000000e+00,4.704313717825131524e-01,6.559731354894624555e-01,6.718169467689715235e-01,6.121794844338868113e-01,3.047887242596363788e-01,2.519586811830822892e-01
4.353123095289261890e-01,3.880089250004060686e-01,3.893557254251890365e-01,9.239949399777779016e-02,5.869573427868739479e-01,-4.075613044343112668e-01,2.708773275141874159e-01,-3.560832966076521999e-01,6.108260761426974605e-01,3.935077500564174158e-01,2.768562030584409972e-01,6.756850255389308391e-01,4.824345266318265102e-01,6.880764786894618679e-01,4.852344430866730729e-01,4.529407673842498205e-01,4.017240830625634640e-01,2.840909020554773234e-01,3.860378410477451894e-01,5.565456606541835383e-01,2.085776549047086981e-01,4.832333010449459398e-01,5.593941272533637932e-01,6.097814170652355870e-01,6.159916814375903105e-01,4.644062635567838826e-01,4.944285838727127680e-01,6.204370982612313901e-01,3.982176166246992888e-01,5.713571301223371313e-01,4.008739867282191671e-01,3.280246632879883495e-01,4.704313717825131524e-01,1.000000000000000000e+00,3.000607171622942659e-01,2.304695810899016206e-01,2.732730223022771798e-01,6.563870697758737993e-01,5.889934123580141678e-01
6.829374182011397343e-01,7.218893263149355199e-01,5.838259699875055775e-01,-1.661884341482063043e-01,6.489746357914371044e-01,1.907781404485862087e-01,4.600288945029271104e-01,-4.914563938666144938e-01,5.851309649987631589e-01,5.409283575679469935e-01,7.131885455554235476e-01,1.605164473810842818e-01,7.569080846086225778e-01,4.594089189719936517e-01,-2.485155959149923377e-01,4.543551150277757023e-01,6.971757291312502547e-01,4.539649207774760220e-01,5.398059041273014502e-01,1.450383138182178011e-01,3.541782871744081906e-01,3.334273865077478360e-01,3.683031321760813492e-01,1.515458527767861441e-01,6.116098915895988863e-01,6.741183069589242738e-01,6.818033656600696046e-01,6.244003228336396649e-01,7.768348037617903712e-01,5.741312791136389260e-01,6.494276695771171726e-01,7.894213294764228506e-01,6.559731354894624555e-01,3.000607171622942659e-01,1.000000000000000000e+00,6.344591413129364588e-01,8.317265277034997517e-01,2.825852334350190675e-01,3.305119923800349246e-01
8.607718325064936948e-01,8.647172415515338439e-01,8.028775565423060812e-01,-5.053339847105181581e-02,6.727842406251740570e-01,4.147268058902790766e-02,6.920331421223747670e-01,-7.459815771096454107e-01,7.577602150873388176e-01,7.772595666240780243e-01,5.642287676154784659e-01,1.647724985972930933e-01,6.093189479318841251e-01,4.395345763097429082e-01,-1.260788521516470195e-01,7.648037724624847655e-01,5.802573253155897115e-01,6.141052044558110712e-01,8.340702776311822442e-01,4.350693248793924828e-01,6.723993523781849335e-01,5.625286347365928696e-01,5.599998602426321526e-01,1.146841865111758035e-01,6.109700980276921989e-01,7.640372596740058198e-01,6.961618058716612101e-01,6.983615493758269510e-01,7.950234234106905440e-01,7.690813633458020160e-01,8.056768964277282175e-01,7.816512662756156526e-01,6.718169467689715235e-01,2.304695810899016206e-01,6.344591413129364588e-01,1.000000000000000000e+00,7.082223281524394620e-01,2.716880451219182979e-01,2.995658335460652522e-01
7.076671973498273038e-01,7.540881402597940930e-01,6.397352856983427039e-01,-2.326152895649376551e-01,6.218018455818447032e-01,2.009424379446463349e-01,6.022810049231892560e-01,-5.966912090824096904e-01,6.579258874771070076e-01,5.056978015960812423e-01,6.361320094118970703e-01,6.092913381276848089e-02,6.639911393355024671e-01,4.036656157152189728e-01,-1.845927519297391739e-01,4.669614474778477353e-01,6.429602679708927848e-01,4.601898424469831883e-01,6.355676603685874726e-01,2.718925884038554952e-01,4.523056419101321168e-01,3.756289989359391512e-01,4.064805522579180708e-01,1.355216260921336124e-01,5.488633474682516056e-01,6.730682379961753226e-01,6.062796238495591350e-01,6.103806825452398055e-01,7.992483303094179981e-01,5.792186363311215835e-01,6.920106943004091793e-01,7.861837001153915150e-01,6.121794844338868113e-01,2.732730223022771798e-01,8.317265277034997517e-01,7.082223281524394620e-01,1.000000000000000000e+00,1.965476786524905650e-01,2.301601667198092949e-01
4.620316030137740504e-01,3.343566054943971633e-01,2.245545255903148851e-01,1.323467142284306952e-01,5.010361525213192779e-01,-4.685738836578548505e-01,3.090334595900284115e-02,-1.515321533044686475e-01,5.010978019857561527e-01,3.041229485240324881e-01,1.005992090257015747e-01,7.771488702124499381e-01,4.047023991007476229e-01,7.011469686631142118e-01,3.268749190674965499e-01,3.593399733387162009e-01,2.063580006377532527e-01,4.492622632389601800e-01,2.641459246696076235e-01,5.087515127767430201e-01,-2.638310515266750755e-02,2.588779449819613721e-01,5.410120607782697988e-01,4.865013675498679468e-01,5.623482948677734905e-01,3.544353553555170122e-01,4.145659949327465954e-01,5.490055924430301548e-01,2.951292612132628834e-01,5.891853172531543725e-01,2.297487843320053236e-01,2.075631340211095133e-01,3.047887242596363788e-01,6.563870697758737993e-01,2.825852334350190675e-01,2.716880451219182979e-01,1.965476786524905650e-01,1.000000000000000000e+00,8.802020228770627286e-01
4.406200783786480280e-01,3.325363458826581242e-01,1.867516129897786592e-01,2.291813410591873601e-01,4.494927049992277768e-01,-5.106228006989798063e-01,1.131464407795524929e-01,-1.350970275710038082e-01,5.080346041668009072e-01,2.814045974750832291e-01,7.557436587176337428e-02,7.548183016919564059e-01,3.916634958004149292e-01,7.207528899485594609e-01,3.153612717059731119e-01,3.329183228776925740e-01,1.533716815485691443e-01,4.793814890960924058e-01,3.173839024047023782e-01,5.271447028519125055e-01,-6.438186342620948188e-02,2.439378400054588447e-01,5.320008717913113916e-01,4.110111867945573372e-01,5.875865269676218139e-01,3.535839019208008027e-01,4.099585163019898171e-01,5.146207025084634790e-01,3.153378267351067410e-01,6.026835062599501525e-01,2.317224190288773022e-01,2.331106625624611295e-01,2.519586811830822892e-01,5.889934123580141678e-01,3.305119923800349246e-01,2.995658335460652522e-01,2.301601667198092949e-01,8.802020228770627286e-01,1.000000000000000000e+00
