1.000000000000000000e+00,7.787628929238312736e-01,4.447574749306573150e-01,1.013346303412053333e-02,3.181107417372654456e-01,-1.341137113631122035e-01,-1.415831364955630889e-01,-4.529305649241547882e-01,6.392815954107523568e-01,7.889456193715034260e-01,2.754967073573086345e-01,4.823665595416341545e-01,-4.446888635701222170e-01,5.933419309030332212e-01,7.516376879626551766e-02,5.971797930998322679e-01,5.792083781851801172e-01,5.402914405075764925e-01,5.828279843616682721e-01,2.299609595525001493e-01,3.994981855547548033e-01,1.810090765612927810e-01,2.938656708013715479e-01,5.184201306357665295e-01,4.834919707433089631e-01,6.459746817353667625e-01,5.369932584661250008e-01,5.472498936333620723e-01,5.843114945760056189e-01,6.610676078663871857e-01,6.667353226373910757e-02,5.437727723819714143e-01,2.478702957527647577e-01,6.021014173352811083e-01,5.392095102967610354e-02,1.570118207754119255e-01,5.048111659605389878e-01,7.505415736435214757e-01,5.621972120867849698e-01
7.787628929238312736e-01,1.000000000000000000e+00,4.251726962527794251e-01,-2.903669622407934608e-02,2.483699816841051788e-01,6.693884191856502852e-02,-2.661160331212139019e-01,-4.028666342016486990e-01,7.178345620417500017e-01,7.278220906707218996e-01,2.136770944908824854e-01,6.225442694476889249e-01,-3.662965648291974241e-01,5.671456278772191162e-01,2.710910063916508253e-02,6.778299449749114469e-01,5.529570895312363454e-01,3.628323168206579186e-01,5.079366023399671803e-01,2.277844714269372794e-01,4.412791476546824576e-01,3.689654049439020089e-01,4.185454580499606836e-01,4.940544572514530830e-01,5.987273305883289432e-01,5.240213334716286031e-01,6.144413096916573336e-01,6.059278453903558237e-01,4.299824995895386581e-01,7.134270773106307084e-01,8.509404026696888723e-02,6.902241880319872624e-01,3.559797235501908630e-01,5.858235715719282144e-01,-9.544796116728782032e-02,3.448115618491042755e-01,6.485844313804405292e-01,7.009067192768825283e-01,7.466576342907711439e-01
4.447574749306573150e-01,4.251726962527794251e-01,1.000000000000000000e+00,1.360848105234118144e-01,7.477256514710890478e-01,4.969075836237245997e-02,-5.701934354345756378e-02,-9.262847094130219894e-01,4.997874160932765375e-01,4.817656393366575585e-01,5.025519707669469094e-01,3.994693319041258683e-01,-6.286621543738076801e-01,6.551388756250179357e-01,6.716194977614377282e-02,4.564108522521889699e-01,4.927695759999322078e-01,5.719255155109338462e-01,5.773373451422767477e-01,2.466216178649484614e-01,5.736141409338106900e-01,5.615501832924778280e-02,2.857297557440522384e-01,5.180758701577689029e-01,4.247981667233003411e-01,5.264210204419632610e-01,5.939309731655773028e-01,6.530871311961305992e-01,4.055509412746272635e-01,4.030642785167219411e-01,6.023357614420005168e-01,4.459819723749458564e-01,4.703087794355116924e-01,6.069553745158918767e-01,5.854220088262911126e-02,4.710538342561322867e-01,4.428006268082903540e-01,3.459853337838137421e-01,4.278173170238344092e-01
1.013346303412053333e-02,-2.903669622407934608e-02,1.360848105234118144e-01,1.000000000000000000e+00,6.619084547168570254e-02,-4.772790982037092983e-02,5.582799680639172202e-01,-1.448156729846675206e-01,-1.178360126284305615e-01,5.723511134368084591e-02,2.103005114645418311e-02,-9.942647046926708003e-05,8.040813734554930203e-02,-5.830133102789616939e-02,-2.197442501575842810e-01,-5.722575457899176793e-02,-2.390965482562278088e-02,1.999064266746820306e-01,2.323534120509006540e-01,1.706747491865035771e-01,1.831815843124542376e-01,-1.489751741745126874e-02,-1.984771184902125729e-01,-6.153892874619949077e-02,-1.550502982577425248e-01,-1.116686356496401772e-01,6.460174189738497608e-02,3.002453226077334558e-01,-1.792970596713339138e-01,-1.392235927296380654e-02,-1.574749985219188742e-01,1.060619842356920195e-01,4.253330268339371861e-02,1.631298051530684357e-02,-3.485500266412576154e-01,-8.679941956951711668e-02,1.190125268850109053e-01,2.886787255004924849e-02,1.045685529361603389e-01
3.181107417372654456e-01,2.483699816841051788e-01,7.477256514710890478e-01,6.619084547168570254e-02,1.000000000000000000e+00,9.621210854862154854e-03,-3.903749799892433647e-02,-6.987583312170473349e-01,4.691891541928222553e-01,3.418260714567025738e-01,3.666116283869322312e-01,3.530950853350612317e-01,-4.390227779346938530e-01,5.570951102416452638e-01,8.535568362827790703e-03,3.624325296837884181e-01,3.865367043434593808e-01,5.337574831746553228e-01,5.491332317872985591e-01,1.062485934027673773e-01,2.919216480864987306e-01,-9.849023903122330892e-02,4.307949727559799435e-01,4.462047305288305843e-01,4.657736930512643703e-01,4.825965167452948568e-01,4.909756839756028168e-01,4.270265016429593552e-01,2.630873495239218762e-01,3.609636985037085743e-01,5.652682030597476759e-01,2.309746005940861713e-01,3.697666783495410225e-01,6.364255670596782322e-01,4.778718539358481343e-02,4.799068758633384113e-01,2.173194149380138496e-01,1.811096779327488471e-01,3.217330751244796283e-01
-1.341137113631122035e-01,6.693884191856502852e-02,4.969075836237245997e-02,-4.772790982037092983e-02,9.621210854862154854e-03,1.000000000000000000e+00,-2.642001075965992318e-01,-3.468381056241843369e-02,4.962697956949983780e-02,-1.604152642544580953e-01,1.349388420694383750e-01,1.321645569427290778e-01,-1.097800222011418303e-01,9.945264972559605954e-02,1.717010603344456543e-01,-1.400622261743912078e-01,-3.166962342750076487e-02,9.322778025363985532e-02,5.783618292220545770e-02,1.924393466479670800e-01,2.974813965136510197e-01,6.763635884017809956e-03,2.231183819693538795e-01,1.013401657783035287e-01,1.057500437253126868e-01,-1.401723418193393245e-01,-8.415409754235721185e-02,6.506151037352894684e-02,1.823055319899266613e-01,-1.018425561758442288e-01,-1.003502996974585254e-01,3.848884280185214668e-01,4.218987467393541246e-01,-4.727406005510725179e-02,2.805727789730779187e-01,8.139527239440280670e-02,3.633284290614933187e-01,5.034076708746307999e-02,1.539111020216058501e-01
-1.415831364955630889e-01,-2.661160331212139019e-01,-5.701934354345756378e-02,5.582799680639172202e-01,-3.903749799892433647e-02,-2.642001075965992318e-01,1.000000000000000000e+00,4.027862919752824705e-02,-2.814312501021277724e-01,-1.513082715087285535e-01,-3.579736581083392804e-03,-3.886882616934786983e-01,2.905993917952194860e-01,-3.632740824737852869e-01,-4.136016408664199839e-01,-1.564506567861329855e-01,-1.431108551514895799e-01,-7.243571712541281571e-02,-2.338246746437615958e-02,-4.964818432910327040e-02,-1.688965585811932624e-01,2.511340497291233639e-02,-3.012365112992826943e-01,-3.652145030617172661e-01,-2.597001019481103845e-01,-5.245655216916180613e-02,-7.949843583626398091e-02,1.195224661928781379e-01,-3.473911344232523124e-01,-1.103271070334378851e-01,-3.946715559954134395e-02,-3.565867293923103420e-01,-2.979482204419737768e-01,-2.132892203190719094e-01,-2.558312747334904325e-01,-1.577631678161893203e-01,-3.439042436988214990e-01,-1.794593617875946956e-01,-2.272179319232720818e-01
-4.529305649241547882e-01,-4.028666342016486990e-01,-9.262847094130219894e-01,-1.448156729846675206e-01,-6.987583312170473349e-01,-3.468381056241843369e-02,4.027862919752824705e-02,1.000000000000000000e+00,-4.398866021623985545e-01,-4.742059703426156347e-01,-5.200794281010955311e-01,-3.290874818295196347e-01,6.626115813237740682e-01,-6.223958650571320694e-01,-7.032255395017276978e-02,-3.779361931428988353e-01,-4.893321327924852748e-01,-6.043334518327417859e-01,-5.568662586941894865e-01,-2.557936636586761181e-01,-6.051886174897058712e-01,-5.319277964879711579e-02,-2.003160070778054191e-01,-4.997146831112698750e-01,-3.652057904636015206e-01,-5.178676692868068310e-01,-5.258404550637276742e-01,-6.432245936888163484e-01,-4.356317262842653859e-01,-3.314064235938912750e-01,-5.458297983431995570e-01,-4.442769723538988469e-01,-4.290634237915189053e-01,-5.655141525565802185e-01,-1.156570579019442768e-01,-3.767091332368455170e-01,-4.441055676298750199e-01,-3.404001619063130590e-01,-3.717098548220485466e-01
6.392815954107523568e-01,7.178345620417500017e-01,4.997874160932765375e-01,-1.178360126284305615e-01,4.691891541928222553e-01,4.962697956949983780e-02,-2.814312501021277724e-01,-4.398866021623985545e-01,1.000000000000000000e+00,7.112335715999796859e-01,2.005982099159285270e-01,6.397231199262866097e-01,-3.212568204801600769e-01,6.525672883872950525e-01,2.149979016945396670e-01,6.661047527505714605e-01,3.968241302763243494e-01,4.235389038985472587e-01,5.924215830446383224e-01,1.339325232722147208e-01,3.134866742819401586e-01,1.139368068169937936e-01,6.863594830138094460e-01,5.699270196155252766e-01,7.403661249135090605e-01,6.789714705128123695e-01,7.594848169625147971e-01,4.868380665234144367e-01,3.526871082370321986e-01,7.809879350935515774e-01,3.079980924342537452e-01,4.547378379898685541e-01,3.280267493011335689e-01,6.488148325534237593e-01,-8.830228543680991799e-04,4.063134754394857051e-01,4.200860418492855519e-01,5.917106285151485512e-01,6.565258472704087467e-01
7.889456193715034260e-01,7.278220906707218996e-01,4.817656393366575585e-01,5.723511134368084591e-02,3.418260714567025738e-01,-1.604152642544580953e-01,-1.513082715087285535e-01,-4.742059703426156347e-01,7.112335715999796859e-01,1.000000000000000000e+00,1.960235612950897710e-01,6.573394477591263385e-01,-3.729680679817645728e-01,6.759788183384402016e-01,2.198973419268273610e-01,7.056699477203796089e-01,3.531685906068444125e-01,4.776607414903220605e-01,5.980452118769312708e-01,3.268885656673735651e-01,4.375390971248389604e-01,1.919108033980496952e-01,4.050921487518492903e-01,5.868673398682048292e-01,5.565637064617448004e-01,5.301197118544990206e-01,6.599379711120432201e-01,6.158673282350130007e-01,3.616142287026299362e-01,7.414839312069460009e-01,1.250834077044354342e-01,5.022758890947334187e-01,3.222788900862126882e-01,5.709192883307574462e-01,-8.339053564766747695e-02,2.607407567863265774e-01,5.031876540999407066e-01,6.436777637565889165e-01,6.620228206182280362e-01
2.754967073573086345e-01,2.136770944908824854e-01,5.025519707669469094e-01,2.103005114645418311e-02,3.666116283869322312e-01,1.349388420694383750e-01,-3.579736581083392804e-03,-5.200794281010955311e-01,2.005982099159285270e-01,1.960235612950897710e-01,1.000000000000000000e+00,1.132721628668912350e-01,-3.574304825500028149e-01,4.018123482170612437e-01,1.915159264867445366e-01,1.216924530476868188e-01,5.312108636852455046e-01,4.233194507256179406e-01,2.525347823490897703e-01,1.748643699974519461e-01,3.039873382891848386e-01,6.927569235399926029e-02,3.776882805653013209e-02,3.855089106057613679e-01,2.511406144555025644e-01,3.932762206470133415e-01,1.010761651625409485e-01,3.709419413243331132e-01,4.333029467139991042e-01,1.150811756581019835e-01,2.809492072502128845e-01,2.962573296716402571e-01,2.029998796571680919e-01,3.057511592648172738e-01,2.918894337161143104e-01,1.729352079458092994e-01,1.922830688512280617e-01,3.949579651350929588e-01,2.549315987550386242e-01
4.823665595416341545e-01,6.225442694476889249e-01,3.994693319041258683e-01,-9.942647046926708003e-05,3.530950853350612317e-01,1.321645569427290778e-01,-3.886882616934786983e-01,-3.290874818295196347e-01,6.397231199262866097e-01,6.573394477591263385e-01,1.132721628668912350e-01,1.000000000000000000e+00,-3.037648920070867842e-01,7.109358754422018256e-01,3.983224830246311909e-01,6.988822743532783210e-01,2.582358991784309277e-01,2.619119315905167333e-01,4.807334703931989139e-01,4.241608069675046888e-01,4.392964162577894238e-01,2.448759688279819047e-01,5.021417448857169452e-01,6.087042200037083850e-01,5.136755020667382876e-01,2.048291520508436214e-01,6.019377458149627325e-01,5.886410657338196906e-01,2.286669983930392225e-01,6.284092401938250472e-01,1.542075393377857206e-01,6.473400612608262161e-01,5.558693445874938188e-01,5.083422594743453038e-01,-1.783857297978263534e-01,5.392893173407459217e-01,6.472632993135514212e-01,5.683700751036602217e-01,8.065540684417309425e-01
-4.446888635701222170e-01,-3.662965648291974241e-01,-6.286621543738076801e-01,8.040813734554930203e-02,-4.390227779346938530e-01,-1.097800222011418303e-01,2.905993917952194860e-01,6.626115813237740682e-01,-3.212568204801600769e-01,-3.729680679817645728e-01,-3.574304825500028149e-01,-3.037648920070867842e-01,1.000000000000000000e+00,-5.448713106710046938e-01,-2.328235553007098613e-01,-2.741667730545476189e-01,-3.670518977011217876e-01,-5.497795932931464069e-01,-3.665673220670345733e-01,-2.330556097195628229e-01,-5.272493847576982251e-01,7.234310134672379544e-02,-7.316670386166082563e-02,-3.929477779982586960e-01,-2.092676400396451253e-01,-4.155100980453905191e-01,-2.806150859312289692e-01,-3.776756150742012763e-01,-6.460851103174345411e-01,-1.747031958473836410e-01,-4.023719910866652705e-01,-4.969127195669515440e-01,-3.478879544113004374e-01,-4.641932432731601943e-01,-4.063192545720034632e-01,-3.160008510520314062e-01,-5.308260110600915294e-01,-3.282031295825206252e-01,-2.844048471316344417e-01
5.933419309030332212e-01,5.671456278772191162e-01,6.551388756250179357e-01,-5.830133102789616939e-02,5.570951102416452638e-01,9.945264972559605954e-02,-3.632740824737852869e-01,-6.223958650571320694e-01,6.525672883872950525e-01,6.759788183384402016e-01,4.018123482170612437e-01,7.109358754422018256e-01,-5.448713106710046938e-01,1.000000000000000000e+00,4.145838634397524536e-01,6.115172362336229739e-01,4.338912481568063528e-01,5.270257834813735220e-01,5.783831602483417988e-01,3.504052788102370863e-01,5.293261397912579769e-01,1.098003313562975064e-01,5.026749914604715652e-01,7.956189878854890152e-01,5.598412308651141700e-01,4.510826971783849504e-01,5.769882361784449687e-01,6.008968311944514751e-01,5.108221162112311919e-01,5.477944029615071653e-01,3.249490788904793592e-01,6.266358035770230872e-01,5.600131926613072242e-01,5.580443519509328265e-01,8.511017432815763673e-02,4.591213786268347752e-01,5.992703489953349338e-01,5.876645335886783172e-01,6.658560135643522004e-01
7.516376879626551766e-02,2.710910063916508253e-02,6.716194977614377282e-02,-2.197442501575842810e-01,8.535568362827790703e-03,1.717010603344456543e-01,-4.136016408664199839e-01,-7.032255395017276978e-02,2.149979016945396670e-01,2.198973419268273610e-01,1.915159264867445366e-01,3.983224830246311909e-01,-2.328235553007098613e-01,4.145838634397524536e-01,1.000000000000000000e+00,1.010330709281697381e-01,-1.267994905847329851e-02,6.085638722612676799e-02,-5.555673233914413395e-02,2.304578037491439024e-01,1.216281665643970389e-01,-1.151141416492220820e-01,2.300872489229296713e-01,4.152576802238700515e-01,1.875731890201700058e-01,7.989706369532113828e-02,-1.810039683216739526e-02,-2.003820147208731223e-02,2.777441555008799967e-01,1.566439888790646107e-01,7.049603175422326784e-02,1.830589517118878795e-01,1.436307523644900219e-01,3.572666954453639077e-02,3.629813437482108385e-01,1.512638041394205324e-01,1.515015602563365982e-01,3.292645636751342919e-01,2.376796121937876372e-01
5.971797930998322679e-01,6.778299449749114469e-01,4.564108522521889699e-01,-5.722575457899176793e-02,3.624325296837884181e-01,-1.400622261743912078e-01,-1.564506567861329855e-01,-3.779361931428988353e-01,6.661047527505714605e-01,7.056699477203796089e-01,1.216924530476868188e-01,6.988822743532783210e-01,-2.741667730545476189e-01,6.115172362336229739e-01,1.010330709281697381e-01,1.000000000000000000e+00,3.372524673902096426e-01,1.798368499614520499e-01,4.335392119472029626e-01,1.805605572722434604e-01,2.495979230658086911e-01,2.315773197649933779e-01,4.261838290859253364e-01,4.720704648279048232e-01,5.576913363596814888e-01,4.590403513715429207e-01,7.583050070267541853e-01,5.845775876511123403e-01,2.593197423210371055e-01,8.044856793124606220e-01,3.732517854617576902e-01,4.016894691300901266e-01,3.562309920356223070e-01,5.835152424918136349e-01,-2.430130507718857857e-01,5.529855943289755382e-01,4.197981608400667697e-01,5.284619010846770548e-01,6.872933164888532787e-01
5.792083781851801172e-01,5.529570895312363454e-01,4.927695759999322078e-01,-2.390965482562278088e-02,3.865367043434593808e-01,-3.166962342750076487e-02,-1.431108551514895799e-01,-4.893321327924852748e-01,3.968241302763243494e-01,3.531685906068444125e-01,5.312108636852455046e-01,2.582358991784309277e-01,-3.670518977011217876e-01,4.338912481568063528e-01,-1.267994905847329851e-02,3.372524673902096426e-01,1.000000000000000000e+00,3.992293444713421180e-01,3.767644632490125822e-01,4.052976256148251716e-02,2.844119361372211552e-01,2.193067557441996385e-01,1.695489535585877616e-01,4.137403537979745805e-01,4.145208919622735411e-01,4.890713521231416228e-01,3.300616445232998353e-01,4.173468473193012729e-01,4.941449375891045492e-01,3.715825676106160880e-01,2.415287684134676816e-01,4.856582164202566387e-01,1.971237634055176546e-01,5.132142703640659720e-01,1.224102816463806809e-02,2.225980135547529770e-01,3.332065330379269663e-01,5.984053071176225203e-01,4.128658518874860350e-01
5.402914405075764925e-01,3.628323168206579186e-01,5.719255155109338462e-01,1.999064266746820306e-01,5.337574831746553228e-01,9.322778025363985532e-02,-7.243571712541281571e-02,-6.043334518327417859e-01,4.235389038985472587e-01,4.776607414903220605e-01,4.233194507256179406e-01,2.619119315905167333e-01,-5.497795932931464069e-01,5.270257834813735220e-01,6.085638722612676799e-02,1.798368499614520499e-01,3.992293444713421180e-01,1.000000000000000000e+00,7.387169299915748999e-01,1.832530008960615575e-01,4.884150199479295740e-01,-1.431589608687674486e-01,2.075409181577870521e-01,4.598889458992664325e-01,2.969361586696478983e-01,4.703155761606244156e-01,2.792445429507120491e-01,4.204740010004450190e-01,5.607760399718660915e-01,2.349091072534513769e-01,7.535598907583172801e-02,4.952049852802316576e-01,2.791704981304226618e-01,4.933762049328252464e-01,2.742947719737180434e-01,3.366413123699957266e-02,4.670943189793650419e-01,4.347799478773666793e-01,3.856163310237354924e-01
5.828279843616682721e-01,5.079366023399671803e-01,5.773373451422767477e-01,2.323534120509006540e-01,5.491332317872985591e-01,5.783618292220545770e-02,-2.338246746437615958e-02,-5.568662586941894865e-01,5.924215830446383224e-01,5.980452118769312708e-01,2.525347823490897703e-01,4.807334703931989139e-01,-3.665673220670345733e-01,5.783831602483417988e-01,-5.555673233914413395e-02,4.335392119472029626e-01,3.767644632490125822e-01,7.387169299915748999e-01,1.000000000000000000e+00,2.655617941357931167e-01,4.349455277656829044e-01,3.885781269388984688e-02,4.064778686655817763e-01,5.058109217593094176e-01,4.285672634448626228e-01,4.324175917001782943e-01,5.976615256351077710e-01,6.101188788764464466e-01,3.453385062498878777e-01,4.485746365318059037e-01,1.174309438072301537e-01,5.309418482907342085e-01,4.051747345505734010e-01,5.115570576407987291e-01,-8.751825320213996173e-02,2.218525109975359733e-01,5.168436860438468949e-01,4.654700397092923492e-01,5.433631691610861791e-01
2.299609595525001493e-01,2.277844714269372794e-01,2.466216178649484614e-01,1.706747491865035771e-01,1.062485934027673773e-01,1.924393466479670800e-01,-4.964818432910327040e-02,-2.557936636586761181e-01,1.339325232722147208e-01,3.268885656673735651e-01,1.748643699974519461e-01,4.241608069675046888e-01,-2.330556097195628229e-01,3.504052788102370863e-01,2.304578037491439024e-01,1.805605572722434604e-01,4.052976256148251716e-02,1.832530008960615575e-01,2.655617941357931167e-01,1.000000000000000000e+00,5.380607941268484851e-01,3.111268112413430043e-01,-2.430947302256429229e-03,1.800230042240184847e-01,-1.756064605227795287e-03,-6.222495363279307440e-02,1.212296663358719828e-01,4.851574355954731410e-01,1.779671771897533283e-01,1.307139206329514525e-01,-1.564500645364655662e-01,4.717990327229762970e-01,4.316906522878288244e-01,4.112898879434685739e-02,1.405486874597912036e-02,5.332892041592858512e-02,5.032406826047135517e-01,3.336273650956093073e-01,3.554968812585957427e-01
3.994981855547548033e-01,4.412791476546824576e-01,5.736141409338106900e-01,1.831815843124542376e-01,2.919216480864987306e-01,2.974813965136510197e-01,-1.688965585811932624e-01,-6.051886174897058712e-01,3.134866742819401586e-01,4.375390971248389604e-01,3.039873382891848386e-01,4.392964162577894238e-01,-5.272493847576982251e-01,5.293261397912579769e-01,1.216281665643970389e-01,2.495979230658086911e-01,2.844119361372211552e-01,4.884150199479295740e-01,4.349455277656829044e-01,5.380607941268484851e-01,1.000000000000000000e+00,3.052293057993391012e-01,9.121830393812961624e-02,3.885734459907889682e-01,1.428885734842973154e-01,1.773804820869647192e-01,3.157715067017770050e-01,6.505740282931896656e-01,4.104618650930610402e-01,1.937231546884250477e-01,4.443536111993614396e-02,6.847971266344712316e-01,6.091821408505012636e-01,3.185655351875396057e-01,1.266494716693229994e-01,1.403883922254320904e-01,7.274511396405539676e-01,4.022708791071921697e-01,4.222007359242915259e-01
1.810090765612927810e-01,3.689654049439020089e-01,5.615501832924778280e-02,-1.489751741745126874e-02,-9.849023903122330892e-02,6.763635884017809956e-03,2.511340497291233639e-02,-5.319277964879711579e-02,1.139368068169937936e-01,1.919108033980496952e-01,6.927569235399926029e-02,2.448759688279819047e-01,7.234310134672379544e-02,1.098003313562975064e-01,-1.151141416492220820e-01,2.315773197649933779e-01,2.193067557441996385e-01,-1.431589608687674486e-01,3.885781269388984688e-02,3.111268112413430043e-01,3.052293057993391012e-01,1.000000000000000000e+00,1.249090292259074850e-02,9.034333487643760041e-02,7.805600072682211676e-02,-3.262248205873196499e-02,1.911199678666208601e-01,4.179154743190275911e-01,-1.163354757727257105e-01,1.302908038709974514e-01,-1.387184385223428629e-01,3.245680372548406800e-01,2.287397696297671368e-01,-1.477865666425632989e-02,-2.518000847074462478e-01,7.458689596937811972e-02,3.079593398181224018e-01,2.407161997727514657e-01,3.046815887837792669e-01
2.938656708013715479e-01,4.185454580499606836e-01,2.857297557440522384e-01,-1.984771184902125729e-01,4.307949727559799435e-01,2.231183819693538795e-01,-3.012365112992826943e-01,-2.003160070778054191e-01,6.863594830138094460e-01,4.050921487518492903e-01,3.776882805653013209e-02,5.021417448857169452e-01,-7.316670386166082563e-02,5.026749914604715652e-01,2.300872489229296713e-01,4.261838290859253364e-01,1.695489535585877616e-01,2.075409181577870521e-01,4.064778686655817763e-01,-2.430947302256429229e-03,9.121830393812961624e-02,1.249090292259074850e-02,1.000000000000000000e+00,5.411539453414723200e-01,7.684415937130005814e-01,3.397108059288733162e-01,4.817848017506646818e-01,2.245959427497903060e-01,1.022659050100096084e-01,5.339626340738543586e-01,2.267912885447400106e-01,2.721692805267475479e-01,3.743167211887222234e-01,3.295659215317014445e-01,-9.654829512440256389e-02,4.551047031042490532e-01,2.306889159072139928e-01,2.610232032679552505e-01,4.754156785205728153e-01
5.184201306357665295e-01,4.940544572514530830e-01,5.180758701577689029e-01,-6.153892874619949077e-02,4.462047305288305843e-01,1.013401657783035287e-01,-3.652145030617172661e-01,-4.997146831112698750e-01,5.699270196155252766e-01,5.868673398682048292e-01,3.855089106057613679e-01,6.087042200037083850e-01,-3.929477779982586960e-01,7.956189878854890152e-01,4.152576802238700515e-01,4.720704648279048232e-01,4.137403537979745805e-01,4.598889458992664325e-01,5.058109217593094176e-01,1.800230042240184847e-01,3.885734459907889682e-01,9.034333487643760041e-02,5.411539453414723200e-01,1.000000000000000000e+00,5.551904245181560338e-01,3.827456444629622756e-01,4.848349114901663315e-01,4.679774991215762681e-01,4.123070622619664505e-01,4.226196038101970309e-01,2.403862845718145180e-01,5.342724280384120172e-01,4.052284385735505090e-01,4.270650110229536334e-01,4.467684796010609749e-02,3.270715937547897245e-01,4.726765748809285683e-01,4.874765418762538882e-01,5.616730310603301746e-01
4.834919707433089631e-01,5.987273305883289432e-01,4.247981667233003411e-01,-1.550502982577425248e-01,4.657736930512643703e-01,1.057500437253126868e-01,-2.597001019481103845e-01,-3.652057904636015206e-01,7.403661249135090605e-01,5.565637064617448004e-01,2.511406144555025644e-01,5.136755020667382876e-01,-2.092676400396451253e-01,5.598412308651141700e-01,1.875731890201700058e-01,5.576913363596814888e-01,4.145208919622735411e-01,2.969361586696478983e-01,4.285672634448626228e-01,-1.756064605227795287e-03,1.428885734842973154e-01,7.805600072682211676e-02,7.684415937130005814e-01,5.551904245181560338e-01,1.000000000000000000e+00,4.780119723216908478e-01,5.477495253809155917e-01,3.470725591354039685e-01,2.480542319691133868e-01,6.847611468021330694e-01,2.862971374399151947e-01,3.511116643757779543e-01,3.340963147193242166e-01,4.840089425923680966e-01,-1.198410970213332483e-01,5.206768234052234767e-01,2.698852752993926574e-01,4.281626601843592783e-01,6.057797234001082165e-01
6.459746817353667625e-01,5.240213334716286031e-01,5.264210204419632610e-01,-1.116686356496401772e-01,4.825965167452948568e-01,-1.401723418193393245e-01,-5.245655216916180613e-02,-5.178676692868068310e-01,6.789714705128123695e-01,5.301197118544990206e-01,3.932762206470133415e-01,2.048291520508436214e-01,-4.155100980453905191e-01,4.510826971783849504e-01,7.989706369532113828e-02,4.590403513715429207e-01,4.890713521231416228e-01,4.703155761606244156e-01,4.324175917001782943e-01,-6.222495363279307440e-02,1.773804820869647192e-01,-3.262248205873196499e-02,3.397108059288733162e-01,3.827456444629622756e-01,4.780119723216908478e-01,1.000000000000000000e+00,5.793021020625386264e-01,3.377246379308317392e-01,5.272409310864412113e-01,5.888798299572132189e-01,4.721961879489097180e-01,1.683320934687968506e-01,3.028556739523782446e-02,6.516337689852420567e-01,3.123422801434546092e-01,1.920415229796012813e-01,1.371970443552534558e-01,4.701573683244135715e-01,2.667331448051759035e-01
5.369932584661250008e-01,6.144413096916573336e-01,5.939309731655773028e-01,6.460174189738497608e-02,4.909756839756028168e-01,-8.415409754235721185e-02,-7.949843583626398091e-02,-5.258404550637276742e-01,7.594848169625147971e-01,6.599379711120432201e-01,1.010761651625409485e-01,6.019377458149627325e-01,-2.806150859312289692e-01,5.769882361784449687e-01,-1.810039683216739526e-02,7.583050070267541853e-01,3.300616445232998353e-01,2.792445429507120491e-01,5.976615256351077710e-01,1.212296663358719828e-01,3.157715067017770050e-01,1.911199678666208601e-01,4.817848017506646818e-01,4.848349114901663315e-01,5.477495253809155917e-01,5.793021020625386264e-01,1.000000000000000000e+00,6.251376105076102974e-01,1.916326089406843458e-01,7.083960732782526026e-01,4.467827795723066653e-01,3.632294211603109280e-01,3.912366613222478251e-01,6.379304853148571874e-01,-2.449221697380684626e-01,4.601551246699085440e-01,3.887033857130005599e-01,4.022796563913397794e-01,5.472007944487263797e-01
5.472498936333620723e-01,6.059278453903558237e-01,6.530871311961305992e-01,3.002453226077334558e-01,4.270265016429593552e-01,6.506151037352894684e-02,1.195224661928781379e-01,-6.432245936888163484e-01,4.868380665234144367e-01,6.158673282350130007e-01,3.709419413243331132e-01,5.886410657338196906e-01,-3.776756150742012763e-01,6.008968311944514751e-01,-2.003820147208731223e-02,5.845775876511123403e-01,4.173468473193012729e-01,4.204740010004450190e-01,6.101188788764464466e-01,4.851574355954731410e-01,6.505740282931896656e-01,4.179154743190275911e-01,2.245959427497903060e-01,4.679774991215762681e-01,3.470725591354039685e-01,3.377246379308317392e-01,6.251376105076102974e-01,1.000000000000000000e+00,2.378895508642022982e-01,4.767816103228714741e-01,2.091907700395393144e-01,6.320109217166268722e-01,5.582720860618503034e-01,4.637897515953277039e-01,-2.091790388973003567e-01,3.623240062530397876e-01,6.465289122392122723e-01,5.186514061939864195e-01,6.538276403551963600e-01
5.843114945760056189e-01,4.299824995895386581e-01,4.055509412746272635e-01,-1.792970596713339138e-01,2.630873495239218762e-01,1.823055319899266613e-01,-3.473911344232523124e-01,-4.356317262842653859e-01,3.526871082370321986e-01,3.616142287026299362e-01,4.333029467139991042e-01,2.286669983930392225e-01,-6.460851103174345411e-01,5.108221162112311919e-01,2.777441555008799967e-01,2.593197423210371055e-01,4.941449375891045492e-01,5.607760399718660915e-01,3.453385062498878777e-01,1.779671771897533283e-01,4.104618650930610402e-01,-1.163354757727257105e-01,1.022659050100096084e-01,4.123070622619664505e-01,2.480542319691133868e-01,5.272409310864412113e-01,1.916326089406843458e-01,2.378895508642022982e-01,1.000000000000000000e+00,2.534391246233228534e-01,1.136062685012829976e-01,5.274237402353390003e-01,2.697710982503331856e-01,4.139065466542828919e-01,5.623067166868834788e-01,5.816253504292202836e-02,4.968229276963145313e-01,5.570446816478252794e-01,2.506136706307511286e-01
6.610676078663871857e-01,7.134270773106307084e-01,4.030642785167219411e-01,-1.392235927296380654e-02,3.609636985037085743e-01,-1.018425561758442288e-01,-1.103271070334378851e-01,-3.314064235938912750e-01,7.809879350935515774e-01,7.414839312069460009e-01,1.150811756581019835e-01,6.284092401938250472e-01,-1.747031958473836410e-01,5.477944029615071653e-01,1.566439888790646107e-01,8.044856793124606220e-01,3.715825676106160880e-01,2.349091072534513769e-01,4.485746365318059037e-01,1.307139206329514525e-01,1.937231546884250477e-01,1.302908038709974514e-01,5.339626340738543586e-01,4.226196038101970309e-01,6.847611468021330694e-01,5.888798299572132189e-01,7.083960732782526026e-01,4.767816103228714741e-01,2.534391246233228534e-01,1.000000000000000000e+00,2.921228867430821219e-01,3.414802664270906174e-01,2.398668615117755532e-01,6.187633699814528709e-01,-1.709231836519087833e-01,4.564885338494554246e-01,3.103656959076641630e-01,6.086556892388041984e-01,6.674494455787033376e-01
6.667353226373910757e-02,8.509404026696888723e-02,6.023357614420005168e-01,-1.574749985219188742e-01,5.652682030597476759e-01,-1.003502996974585254e-01,-3.946715559954134395e-02,-5.458297983431995570e-01,3.079980924342537452e-01,1.250834077044354342e-01,2.809492072502128845e-01,1.542075393377857206e-01,-4.023719910866652705e-01,3.249490788904793592e-01,7.049603175422326784e-02,3.732517854617576902e-01,2.415287684134676816e-01,7.535598907583172801e-02,1.174309438072301537e-01,-1.564500645364655662e-01,4.443536111993614396e-02,-1.387184385223428629e-01,2.267912885447400106e-01,2.403862845718145180e-01,2.862971374399151947e-01,4.721961879489097180e-01,4.467827795723066653e-01,2.091907700395393144e-01,1.136062685012829976e-01,2.921228867430821219e-01,1.000000000000000000e+00,-1.072035074960621115e-01,9.766010139954296732e-02,4.803406756808746847e-01,7.214477779746993058e-02,5.655658884707160938e-01,-1.120874779436665108e-01,-3.864531522926011042e-02,6.617139331777957545e-02
5.437727723819714143e-01,6.902241880319872624e-01,4.459819723749458564e-01,1.060619842356920195e-01,2.309746005940861713e-01,3.848884280185214668e-01,-3.565867293923103420e-01,-4.442769723538988469e-01,4.547378379898685541e-01,5.022758890947334187e-01,2.962573296716402571e-01,6.473400612608262161e-01,-4.969127195669515440e-01,6.266358035770230872e-01,1.830589517118878795e-01,4.016894691300901266e-01,4.856582164202566387e-01,4.952049852802316576e-01,5.309418482907342085e-01,4.717990327229762970e-01,6.847971266344712316e-01,3.245680372548406800e-01,2.721692805267475479e-01,5.342724280384120172e-01,3.511116643757779543e-01,1.683320934687968506e-01,3.632294211603109280e-01,6.320109217166268722e-01,5.274237402353390003e-01,3.414802664270906174e-01,-1.072035074960621115e-01,1.000000000000000000e+00,6.356288244990262459e-01,3.759726742452478843e-01,3.481917076191877458e-02,2.592107186817029230e-01,8.950571647186940094e-01,6.434798331032168806e-01,7.218328528505472130e-01
2.478702957527647577e-01,3.559797235501908630e-01,4.703087794355116924e-01,4.253330268339371861e-02,3.697666783495410225e-01,4.218987467393541246e-01,-2.979482204419737768e-01,-4.290634237915189053e-01,3.280267493011335689e-01,3.222788900862126882e-01,2.029998796571680919e-01,5.558693445874938188e-01,-3.478879544113004374e-01,5.600131926613072242e-01,1.436307523644900219e-01,3.562309920356223070e-01,1.971237634055176546e-01,2.791704981304226618e-01,4.051747345505734010e-01,4.316906522878288244e-01,6.091821408505012636e-01,2.287397696297671368e-01,3.743167211887222234e-01,4.052284385735505090e-01,3.340963147193242166e-01,3.028556739523782446e-02,3.912366613222478251e-01,5.582720860618503034e-01,2.697710982503331856e-01,2.398668615117755532e-01,9.766010139954296732e-02,6.356288244990262459e-01,1.000000000000000000e+00,3.155933467430272477e-01,-6.683952782759984557e-02,4.127420007617916831e-01,6.497295156732542099e-01,2.776917148426220061e-01,4.927050694911994100e-01
6.021014173352811083e-01,5.858235715719282144e-01,6.069553745158918767e-01,1.631298051530684357e-02,6.364255670596782322e-01,-4.727406005510725179e-02,-2.132892203190719094e-01,-5.655141525565802185e-01,6.488148325534237593e-01,5.709192883307574462e-01,3.057511592648172738e-01,5.083422594743453038e-01,-4.641932432731601943e-01,5.580443519509328265e-01,3.572666954453639077e-02,5.835152424918136349e-01,5.132142703640659720e-01,4.933762049328252464e-01,5.115570576407987291e-01,4.112898879434685739e-02,3.185655351875396057e-01,-1.477865666425632989e-02,3.295659215317014445e-01,4.270650110229536334e-01,4.840089425923680966e-01,6.516337689852420567e-01,6.379304853148571874e-01,4.637897515953277039e-01,4.139065466542828919e-01,6.187633699814528709e-01,4.803406756808746847e-01,3.759726742452478843e-01,3.155933467430272477e-01,1.000000000000000000e+00,3.961426459883900936e-02,3.978998018092217426e-01,3.423820714365145568e-01,4.774958844857047913e-01,4.942578715504401532e-01
5.392095102967610354e-02,-9.544796116728782032e-02,5.854220088262911126e-02,-3.485500266412576154e-01,4.778718539358481343e-02,2.805727789730779187e-01,-2.558312747334904325e-01,-1.156570579019442768e-01,-8.830228543680991799e-04,-8.339053564766747695e-02,2.918894337161143104e-01,-1.783857297978263534e-01,-4.063192545720034632e-01,8.511017432815763673e-02,3.629813437482108385e-01,-2.430130507718857857e-01,1.224102816463806809e-02,2.742947719737180434e-01,-8.751825320213996173e-02,1.405486874597912036e-02,1.266494716693229994e-01,-2.518000847074462478e-01,-9.654829512440256389e-02,4.467684796010609749e-02,-1.198410970213332483e-01,3.123422801434546092e-01,-2.449221697380684626e-01,-2.091790388973003567e-01,5.623067166868834788e-01,-1.709231836519087833e-01,7.214477779746993058e-02,3.481917076191877458e-02,-6.683952782759984557e-02,3.961426459883900936e-02,1.000000000000000000e+00,-1.535748623009293434e-01,6.314365761813921230e-02,6.792174939823142354e-02,-2.268831078349679009e-01
1.570118207754119255e-01,3.448115618491042755e-01,4.710538342561322867e-01,-8.679941956951711668e-02,4.799068758633384113e-01,8.139527239440280670e-02,-1.577631678161893203e-01,-3.767091332368455170e-01,4.063134754394857051e-01,2.607407567863265774e-01,1.729352079458092994e-01,5.392893173407459217e-01,-3.160008510520314062e-01,4.591213786268347752e-01,1.512638041394205324e-01,5.529855943289755382e-01,2.225980135547529770e-01,3.366413123699957266e-02,2.218525109975359733e-01,5.332892041592858512e-02,1.403883922254320904e-01,7.458689596937811972e-02,4.551047031042490532e-01,3.270715937547897245e-01,5.206768234052234767e-01,1.920415229796012813e-01,4.601551246699085440e-01,3.623240062530397876e-01,5.816253504292202836e-02,4.564885338494554246e-01,5.655658884707160938e-01,2.592107186817029230e-01,4.127420007617916831e-01,3.978998018092217426e-01,-1.535748623009293434e-01,1.000000000000000000e+00,2.640416899211388002e-01,1.674185023844547149e-01,5.037270777242370823e-01
5.048111659605389878e-01,6.485844313804405292e-01,4.428006268082903540e-01,1.190125268850109053e-01,2.173194149380138496e-01,3.633284290614933187e-01,-3.439042436988214990e-01,-4.441055676298750199e-01,4.200860418492855519e-01,5.031876540999407066e-01,1.922830688512280617e-01,6.472632993135514212e-01,-5.308260110600915294e-01,5.992703489953349338e-01,1.515015602563365982e-01,4.197981608400667697e-01,3.332065330379269663e-01,4.670943189793650419e-01,5.168436860438468949e-01,5.032406826047135517e-01,7.274511396405539676e-01,3.079593398181224018e-01,2.306889159072139928e-01,4.726765748809285683e-01,2.698852752993926574e-01,1.371970443552534558e-01,3.887033857130005599e-01,6.465289122392122723e-01,4.968229276963145313e-01,3.103656959076641630e-01,-1.120874779436665108e-01,8.950571647186940094e-01,6.497295156732542099e-01,3.423820714365145568e-01,6.314365761813921230e-02,2.640416899211388002e-01,1.000000000000000000e+00,5.340240930656587892e-01,6.657694914213505566e-01
7.505415736435214757e-01,7.009067192768825283e-01,3.459853337838137421e-01,2.886787255004924849e-02,1.811096779327488471e-01,5.034076708746307999e-02,-1.794593617875946956e-01,-3.404001619063130590e-01,5.917106285151485512e-01,6.436777637565889165e-01,3.949579651350929588e-01,5.683700751036602217e-01,-3.282031295825206252e-01,5.876645335886783172e-01,3.292645636751342919e-01,5.284619010846770548e-01,5.984053071176225203e-01,4.347799478773666793e-01,4.654700397092923492e-01,3.336273650956093073e-01,4.022708791071921697e-01,2.407161997727514657e-01,2.610232032679552505e-01,4.874765418762538882e-01,4.281626601843592783e-01,4.701573683244135715e-01,4.022796563913397794e-01,5.186514061939864195e-01,5.570446816478252794e-01,6.086556892388041984e-01,-3.864531522926011042e-02,6.434798331032168806e-01,2.776917148426220061e-01,4.774958844857047913e-01,6.792174939823142354e-02,1.674185023844547149e-01,5.340240930656587892e-01,1.000000000000000000e+00,6.764151875351208654e-01
5.621972120867849698e-01,7.466576342907711439e-01,4.278173170238344092e-01,1.045685529361603389e-01,3.217330751244796283e-01,1.539111020216058501e-01,-2.272179319232720818e-01,-3.717098548220485466e-01,6.565258472704087467e-01,6.620228206182280362e-01,2.549315987550386242e-01,8.065540684417309425e-01,-2.844048471316344417e-01,6.658560135643522004e-01,2.376796121937876372e-01,6.872933164888532787e-01,4.128658518874860350e-01,3.856163310237354924e-01,5.433631691610861791e-01,3.554968812585957427e-01,4.222007359242915259e-01,3.046815887837792669e-01,4.754156785205728153e-01,5.616730310603301746e-01,6.057797234001082165e-01,2.667331448051759035e-01,5.472007944487263797e-01,6.538276403551963600e-01,2.506136706307511286e-01,6.674494455787033376e-01,6.617139331777957545e-02,7.218328528505472130e-01,4.927050694911994100e-01,4.942578715504401532e-01,-2.268831078349679009e-01,5.037270777242370823e-01,6.657694914213505566e-01,6.764151875351208654e-01,1.000000000000000000e+00
