1.000000000000000000e+00,7.424618744667303982e-01,9.229073628617041891e-02,1.877220410267126938e-01,5.772140526214364353e-01,1.088185363731157956e-01,2.279321399123857839e-01,-8.478020574376866902e-02,5.432211067931130843e-01,6.981096654820155845e-01,3.962416331528792468e-01,-9.259841521780357021e-02,-1.601805769869791563e-01,5.495586756670857165e-01,-4.058870950886539486e-01,7.107783716830203824e-01,2.202251751443512762e-01,3.947224479279511367e-01,2.634833903300773383e-01,4.175404966266309525e-01,2.833862407697254060e-01,2.685608446761411083e-01,5.243696674265788671e-01,1.073958962928679706e-01,4.580482739319620134e-01,7.104942036019111784e-01,4.964600387470682330e-01,2.111772699433610567e-01,4.504455435174369304e-01,6.191037898110499649e-01,2.417234357809630585e-01,3.837977004948552873e-01,1.846863050815868157e-01,4.466994158593710074e-01,2.575771923043800316e-01,4.956360841624758984e-01,1.861912339818614093e-01,7.094016061726533540e-01,2.857633545429233979e-01
7.424618744667303982e-01,1.000000000000000000e+00,2.044000341313147451e-01,2.072120875496823444e-01,4.817101399604508671e-01,9.164723552388077607e-03,3.085309871708205587e-01,-2.033311837878322426e-01,6.524881928605098524e-01,6.090508453081115992e-01,2.947090774893346143e-01,-1.259738099807023448e-01,-1.643945041812571173e-01,5.323788243600392489e-01,-4.134870122069392862e-01,6.228261632333811360e-01,9.881015181077261456e-02,4.466924192740008293e-01,3.384513347015290496e-01,3.967204393083689773e-01,3.396726251349176384e-01,3.064698626708876050e-01,6.741607102473640145e-01,4.242546309145697192e-01,5.724750957033858390e-01,5.214367320525479244e-01,3.944035804298371417e-01,2.075752311732581845e-01,2.674978758049401661e-01,5.721227890779225778e-01,2.711189716041761399e-01,1.521380689193786717e-01,1.652798978256845436e-02,3.549663765619801570e-01,1.927098243537310462e-01,3.675703062407185140e-01,5.866390237457153045e-02,6.893245351564134538e-01,4.327832419624121907e-01
9.229073628617041891e-02,2.044000341313147451e-01,1.000000000000000000e+00,-5.798855281498822567e-01,8.891753582276096246e-02,2.201571794672993465e-01,-3.618294193614733922e-01,-9.072947560456897653e-01,-7.776007283707959961e-02,3.846539225108544513e-01,3.104026213005470214e-01,4.706144905620399110e-01,-4.626617031383278289e-01,3.587666765134319147e-01,4.094592033919705054e-01,3.044675507816547722e-01,8.516520971539462415e-02,-3.981065710264283797e-01,-4.969652037187471949e-01,1.595098150341648160e-02,6.529529361177127678e-01,1.347724103399188800e-01,1.781672031978394077e-01,3.694842183687058745e-01,3.396758052513384474e-01,4.183252472204799788e-01,5.419911717611703983e-01,7.401121314291524422e-01,2.371195329448970990e-01,3.189762996164680064e-01,5.375884109640306496e-01,2.186597313165165590e-01,4.591262722538343999e-01,4.492326177827808409e-01,6.780471312062583689e-01,4.779363355881281472e-01,4.548404873983802887e-01,-1.861764854301828365e-01,-4.245336197560638514e-01
1.877220410267126938e-01,2.072120875496823444e-01,-5.798855281498822567e-01,1.000000000000000000e+00,2.949214451488295086e-01,-4.022787798694324457e-01,5.963640487211573360e-01,5.765964295979156828e-01,5.919298431633204238e-01,-8.963817960103873106e-02,-2.958225819203990636e-01,-6.228261121974594250e-01,2.987081630381203667e-01,-1.774344762378006202e-01,-6.478629299492719706e-01,2.822056163446004518e-02,-3.545549837564185847e-01,7.145608841699572222e-01,7.168095521203978748e-01,2.268191347465171315e-01,-2.227912545879859318e-01,2.144645215802080951e-01,2.808419016577022309e-01,-8.137426567475329608e-02,-1.450180391086718645e-01,-2.554125609644129491e-01,-3.188969840535573197e-01,-6.570840976445055936e-01,-3.509164788203598118e-01,8.984844003710777682e-02,-2.306494065448563002e-01,-2.932599362163759160e-01,-4.866724645057747267e-01,-2.066533495997860403e-01,-5.951872345192487090e-01,-2.504025925166050714e-01,-5.869675787157817570e-01,5.615466077123248967e-01,7.252794668483133478e-01
5.772140526214364353e-01,4.817101399604508671e-01,8.891753582276096246e-02,2.949214451488295086e-01,1.000000000000000000e+00,2.575244946892724651e-01,2.808177718899356190e-01,-8.521373137769809591e-02,6.311178160026199579e-01,5.368961653032844339e-01,4.558947181783271629e-01,-2.614761771767045717e-01,-4.367505002620183374e-01,5.461994061291083336e-01,-5.446855709763273046e-01,6.024417369547888645e-01,1.021721456081239737e-01,5.782308702035588999e-01,3.507374933953141816e-01,3.217551953380757834e-01,2.225791948018358002e-01,1.893229364248170954e-01,4.875533298069925081e-01,3.014928868163751011e-02,4.128564981124985267e-01,4.826886655736109533e-01,5.350032976831575748e-01,1.742073261976217688e-02,3.152094520351437779e-01,5.408688679637376762e-01,5.104786645250053434e-01,4.315999839527669413e-01,2.575769717219998922e-01,2.851171213212588817e-01,2.382933307878706275e-01,5.397508291166587258e-01,2.138435053212960346e-01,5.986363281532637304e-01,2.762674769115519013e-01
1.088185363731157956e-01,9.164723552388077607e-03,2.201571794672993465e-01,-4.022787798694324457e-01,2.575244946892724651e-01,1.000000000000000000e+00,-2.607288473723871070e-01,-2.246305341978715175e-01,-1.959176347350765623e-01,1.583674962180658952e-01,6.643949490459323259e-01,2.407862987374947139e-01,-5.266407746292157688e-01,4.795362097113523014e-01,4.411396797739434994e-02,9.038496934954638740e-02,5.752980597712364919e-01,-1.779075835956689666e-01,-2.322504206895495138e-01,-2.018218476146643181e-01,-7.201637067988056473e-02,-3.938956466396794642e-01,-1.069091195002176281e-01,4.011955202395528497e-02,4.089376413290896628e-01,3.329152345091810350e-01,5.601889742525827387e-01,3.478219716812438467e-01,6.484306676927542590e-01,-4.178191055159003603e-02,4.449325691204781830e-01,6.574254984172426264e-01,6.959128788849957559e-01,2.050003055613234537e-01,6.001701215442108994e-01,5.274152086851351395e-01,7.546830910097128697e-01,-1.768133034858216934e-01,-4.766217904273110650e-01
2.279321399123857839e-01,3.085309871708205587e-01,-3.618294193614733922e-01,5.963640487211573360e-01,2.808177718899356190e-01,-2.607288473723871070e-01,1.000000000000000000e+00,3.532872132727083447e-01,5.382693694571892840e-01,5.416980921501317152e-03,-1.582276732940141595e-01,-6.044025044107599332e-01,1.769100174285317129e-01,1.271363752873491508e-02,-5.166032475369595200e-01,8.818479341537624472e-02,-2.272502427078818554e-01,5.475119836543393959e-01,6.554634360933404569e-01,2.093012949558612501e-01,-8.777212122318892029e-02,1.350321335091672348e-01,3.699504934546120616e-01,1.555812190702014208e-01,4.622384283172038116e-02,-1.766656866090040023e-01,-2.097683733310645171e-01,-4.728110229589833624e-01,-2.662389749405462691e-01,1.949204192572109307e-01,-1.070640415211151497e-01,-2.662386589069288267e-01,-3.473900633502094992e-01,-1.661152625503988789e-01,-4.139218590860462288e-01,-1.400275523919480847e-01,-4.686758928989023243e-01,5.018336676550045894e-01,6.038252419793307402e-01
-8.478020574376866902e-02,-2.033311837878322426e-01,-9.072947560456897653e-01,5.765964295979156828e-01,-8.521373137769809591e-02,-2.246305341978715175e-01,3.532872132727083447e-01,1.000000000000000000e+00,6.695820634800349336e-02,-3.719736411715865998e-01,-3.029646458521276231e-01,-4.745895015815299045e-01,4.603543127438466942e-01,-3.586887740420671711e-01,-3.936794054271236520e-01,-2.879876772119785433e-01,-7.860007837910759632e-02,3.933381204606433146e-01,4.874980625430763714e-01,2.794849590422819868e-03,-6.482122005875400328e-01,-1.097626054419968411e-01,-1.804823800990676963e-01,-3.930042877797333412e-01,-3.467429316057402122e-01,-3.983532469907795082e-01,-5.273780219436761119e-01,-7.281002809546609500e-01,-2.277395388288833977e-01,-3.079533508256250274e-01,-5.325044600782042892e-01,-2.011705040106007425e-01,-4.668520455096815125e-01,-4.368504201154156386e-01,-6.650602539289477422e-01,-4.741676500111767778e-01,-4.436409676930649915e-01,1.883035051100890034e-01,4.129270209168104389e-01
5.432211067931130843e-01,6.524881928605098524e-01,-7.776007283707959961e-02,5.919298431633204238e-01,6.311178160026199579e-01,-1.959176347350765623e-01,5.382693694571892840e-01,6.695820634800349336e-02,1.000000000000000000e+00,3.472127191590371198e-01,7.799473437374351836e-02,-4.261673180317591125e-01,-1.325634315420530784e-01,3.657917115978662759e-01,-6.894368284702403482e-01,4.454070937119037343e-01,-1.820032545831964665e-01,7.495313770473668313e-01,6.059151437328833545e-01,3.556855260536945784e-01,1.802258827210698466e-01,2.520802644958631822e-01,6.818238685008521927e-01,3.220307844636248196e-01,3.735516341553648534e-01,1.945329160212114494e-01,1.503152439106148486e-01,-2.185006596209015939e-01,-7.554372174959828046e-02,5.052623788183855380e-01,2.491737598889905425e-01,-7.060567171263743003e-02,-2.062453425347463287e-01,1.368598001496081629e-01,-1.936115196320853937e-01,1.838913562181505590e-01,-3.087689047588657587e-01,7.953932917957674542e-01,7.106588634519480641e-01
6.981096654820155845e-01,6.090508453081115992e-01,3.846539225108544513e-01,-8.963817960103873106e-02,5.368961653032844339e-01,1.583674962180658952e-01,5.416980921501317152e-03,-3.719736411715865998e-01,3.472127191590371198e-01,1.000000000000000000e+00,4.370682941876720684e-01,8.583754957316380718e-02,-2.835793035671952400e-01,6.066335663312317772e-01,-1.108711144927741754e-01,8.684739717039525742e-01,2.175131197797241789e-01,1.696877776040239816e-01,-2.934890740593238106e-03,5.161544906477134598e-01,4.458031172823547772e-01,4.250116944750552128e-01,4.908389623496419718e-01,8.802777321991039905e-02,5.168975232795964825e-01,7.720319311583671018e-01,6.163639421373807714e-01,4.915101540395859225e-01,5.222519444861953852e-01,6.953775736878682334e-01,3.651854975723585750e-01,4.424769321450773840e-01,3.309729300903066496e-01,5.497875466316072268e-01,4.953320466590802607e-01,5.945846556943122918e-01,3.413036225388431100e-01,4.861810105689230999e-01,5.091905555059636490e-02
3.962416331528792468e-01,2.947090774893346143e-01,3.104026213005470214e-01,-2.958225819203990636e-01,4.558947181783271629e-01,6.643949490459323259e-01,-1.582276732940141595e-01,-3.029646458521276231e-01,7.799473437374351836e-02,4.370682941876720684e-01,1.000000000000000000e+00,1.435320630761590943e-01,-6.741767959264397536e-01,6.334005168684789799e-01,-5.187958051945204541e-02,4.253609775785250346e-01,6.379385836321361802e-01,-3.767256997041652008e-03,-1.450455677379112462e-01,1.888624275693628722e-03,1.101624384132092599e-01,-1.590684089794912048e-01,1.013539373597656390e-01,9.024804299213466663e-02,5.386013119817191219e-01,5.583223038455108478e-01,7.027662233920706214e-01,3.713131842558540785e-01,6.320888315019169701e-01,3.199330784991304966e-01,6.355212033086311552e-01,7.726382063819619006e-01,5.313661783794924043e-01,2.242508315833910693e-01,6.189554258305802747e-01,6.423655307575441009e-01,7.006920276717918394e-01,9.616829254460497467e-02,-3.435927348436826345e-01
-9.259841521780357021e-02,-1.259738099807023448e-01,4.706144905620399110e-01,-6.228261121974594250e-01,-2.614761771767045717e-01,2.407862987374947139e-01,-6.044025044107599332e-01,-4.745895015815299045e-01,-4.261673180317591125e-01,8.583754957316380718e-02,1.435320630761590943e-01,1.000000000000000000e+00,-1.691329159493815959e-01,1.532050393513649800e-01,5.237243808756834040e-01,-7.816604878224917702e-03,2.269296384511738096e-01,-5.257825585669052559e-01,-6.390612412089481387e-01,-1.133669088980882866e-01,1.783755575933575477e-01,-7.859269635402224563e-02,-1.310349496790278179e-01,6.450646243847293904e-02,1.110934461702656473e-01,2.079492705878324688e-01,2.120598431541156903e-01,5.314790931814123986e-01,3.210067097155421267e-01,-1.301242403756160404e-01,1.170334251197665959e-01,1.642078516479993922e-01,3.905877295966677654e-01,3.274182199650291780e-01,4.494617372232556085e-01,1.572350205597349837e-01,4.160425399814992597e-01,-3.803565374010045019e-01,-5.084525363735770132e-01
-1.601805769869791563e-01,-1.643945041812571173e-01,-4.626617031383278289e-01,2.987081630381203667e-01,-4.367505002620183374e-01,-5.266407746292157688e-01,1.769100174285317129e-01,4.603543127438466942e-01,-1.325634315420530784e-01,-2.835793035671952400e-01,-6.741767959264397536e-01,-1.691329159493815959e-01,1.000000000000000000e+00,-4.951414783791779350e-01,-1.838662201717190803e-02,-2.966025288815147265e-01,-2.907147471692895779e-01,7.334760409957841176e-02,2.594692771101021478e-01,8.371454757144433656e-02,-2.243777822280635381e-01,1.339090617767603186e-01,-9.738180555903182267e-02,-1.790319724982365746e-01,-4.212912152933119270e-01,-3.865582154955094496e-01,-6.850708706526065228e-01,-3.786603694358567362e-01,-3.164467376893562167e-01,-3.062252587251096947e-01,-8.589827711900828167e-01,-5.934169213414697275e-01,-3.883073086318354350e-01,-1.843391260256741215e-01,-5.590085765878520796e-01,-6.190398024346521755e-01,-5.567750026846916001e-01,1.252171620722881268e-02,3.323786105361544174e-01
5.495586756670857165e-01,5.323788243600392489e-01,3.587666765134319147e-01,-1.774344762378006202e-01,5.461994061291083336e-01,4.795362097113523014e-01,1.271363752873491508e-02,-3.586887740420671711e-01,3.657917115978662759e-01,6.066335663312317772e-01,6.334005168684789799e-01,1.532050393513649800e-01,-4.951414783791779350e-01,1.000000000000000000e+00,-2.090583164437509189e-01,6.031477561150108135e-01,4.278026087684055900e-01,2.156302467977349591e-01,8.129435962525394244e-02,2.519957806930512856e-01,1.608116368851414402e-01,2.980165082372982291e-02,5.479079924829923787e-01,3.705639943243289047e-01,7.338418057321640653e-01,6.033960582526127769e-01,5.956810931141471865e-01,3.909480076272577320e-01,6.316372404558612264e-01,4.695924974810233854e-01,5.263269321716351756e-01,4.808426837826504374e-01,4.216947894513549122e-01,4.251257998071963917e-01,5.177274468818161557e-01,5.110749391301998568e-01,4.589899608031278166e-01,3.708394061517132356e-01,5.143136627119546112e-02
-4.058870950886539486e-01,-4.134870122069392862e-01,4.094592033919705054e-01,-6.478629299492719706e-01,-5.446855709763273046e-01,4.411396797739434994e-02,-5.166032475369595200e-01,-3.936794054271236520e-01,-6.894368284702403482e-01,-1.108711144927741754e-01,-5.187958051945204541e-02,5.237243808756834040e-01,-1.838662201717190803e-02,-2.090583164437509189e-01,1.000000000000000000e+00,-2.153672412566154104e-01,9.281721128706586776e-02,-7.975907675034746847e-01,-6.841705082050495434e-01,-1.767213092467106450e-01,1.566685278803517656e-01,-3.812748013425981165e-03,-4.100377494101064002e-01,-9.587810907560734286e-02,-2.337384775689851091e-01,-3.426838682981318829e-02,2.361604728164923284e-02,4.536116345058233690e-01,1.474568606940420551e-02,-2.299795690440836760e-01,-1.430520640171836257e-02,8.167506960394341903e-03,1.686455398966925368e-01,1.391328880264727508e-01,3.243008078552486184e-01,-5.607571014307309587e-02,2.542745925495529802e-01,-6.306062489087295164e-01,-6.395435750796426566e-01
7.107783716830203824e-01,6.228261632333811360e-01,3.044675507816547722e-01,2.822056163446004518e-02,6.024417369547888645e-01,9.038496934954638740e-02,8.818479341537624472e-02,-2.879876772119785433e-01,4.454070937119037343e-01,8.684739717039525742e-01,4.253609775785250346e-01,-7.816604878224917702e-03,-2.966025288815147265e-01,6.031477561150108135e-01,-2.153672412566154104e-01,1.000000000000000000e+00,1.568351378520191630e-01,2.869129490346071232e-01,1.011804589120057080e-01,5.244569794131717089e-01,4.079642557505149814e-01,4.365145725803564192e-01,5.241805465911264506e-01,4.704435485570152703e-02,4.939227603532274080e-01,7.335385520280426341e-01,5.761337399027961492e-01,3.907851382503705895e-01,4.473504214957503278e-01,7.360349938434823658e-01,3.826260099615849675e-01,4.357338926751715968e-01,2.393157881015736121e-01,4.518256488175113605e-01,4.037974572415542474e-01,5.630188145468908445e-01,2.570066285713547005e-01,5.704177353791182181e-01,1.547451738776061403e-01
2.202251751443512762e-01,9.881015181077261456e-02,8.516520971539462415e-02,-3.545549837564185847e-01,1.021721456081239737e-01,5.752980597712364919e-01,-2.272502427078818554e-01,-7.860007837910759632e-02,-1.820032545831964665e-01,2.175131197797241789e-01,6.379385836321361802e-01,2.269296384511738096e-01,-2.907147471692895779e-01,4.278026087684055900e-01,9.281721128706586776e-02,1.568351378520191630e-01,1.000000000000000000e+00,-1.518192665673868957e-01,-2.135622866959214494e-01,-1.825605236544470752e-02,-1.458101385272372319e-01,-1.798332157544896559e-01,-1.121399581392218264e-01,-2.888624185019881066e-02,3.209692129497574431e-01,4.019171627173088179e-01,3.489393177819987701e-01,3.067910603169719530e-01,6.588435889111730059e-01,-2.055912629117775947e-02,2.161835622698111692e-01,5.677064698598693893e-01,3.891544435949156888e-01,2.322117484987767655e-01,4.001586309758803361e-01,2.912371978712990361e-01,5.948824502729898045e-01,-2.001703528367123480e-02,-3.368895884589138134e-01
3.947224479279511367e-01,4.466924192740008293e-01,-3.981065710264283797e-01,7.145608841699572222e-01,5.782308702035588999e-01,-1.779075835956689666e-01,5.475119836543393959e-01,3.933381204606433146e-01,7.495313770473668313e-01,1.696877776040239816e-01,-3.767256997041652008e-03,-5.257825585669052559e-01,7.334760409957841176e-02,2.156302467977349591e-01,-7.975907675034746847e-01,2.869129490346071232e-01,-1.518192665673868957e-01,1.000000000000000000e+00,7.555351049330117919e-01,3.304934851545892061e-01,-1.445117504267641184e-01,1.845095257577887282e-01,5.076144767285331039e-01,7.119369641267640769e-02,1.930035492617103998e-01,2.230342433254593054e-02,-4.676093729124400356e-02,-4.814476111422673621e-01,-5.062421596183061534e-02,2.656408852152791211e-01,-7.619847228327798414e-03,-6.770536554889605707e-02,-2.653605559465081476e-01,-1.032943397350663955e-01,-3.658196782487150300e-01,-3.142673814140830441e-02,-3.378991183799778253e-01,6.967452033978999149e-01,7.314820737532684580e-01
2.634833903300773383e-01,3.384513347015290496e-01,-4.969652037187471949e-01,7.168095521203978748e-01,3.507374933953141816e-01,-2.322504206895495138e-01,6.554634360933404569e-01,4.874980625430763714e-01,6.059151437328833545e-01,-2.934890740593238106e-03,-1.450455677379112462e-01,-6.390612412089481387e-01,2.594692771101021478e-01,8.129435962525394244e-02,-6.841705082050495434e-01,1.011804589120057080e-01,-2.135622866959214494e-01,7.555351049330117919e-01,1.000000000000000000e+00,2.164714707043544351e-01,-2.125779677633865827e-01,1.160736300056380566e-01,4.048559629084692579e-01,1.259030491499999738e-01,7.547229803299518314e-02,-1.871598169957323921e-01,-2.606604438703583604e-01,-5.771319644123641401e-01,-1.644923632799432656e-01,1.299372304279372281e-01,-1.822599148045097317e-01,-2.450712399184666601e-01,-3.634766130740519907e-01,-2.737845467156884149e-01,-4.762070332633707714e-01,-2.369929549655293566e-01,-4.505837215136597185e-01,5.553923425344567955e-01,7.261792484305822359e-01
4.175404966266309525e-01,3.967204393083689773e-01,1.595098150341648160e-02,2.268191347465171315e-01,3.217551953380757834e-01,-2.018218476146643181e-01,2.093012949558612501e-01,2.794849590422819868e-03,3.556855260536945784e-01,5.161544906477134598e-01,1.888624275693628722e-03,-1.133669088980882866e-01,8.371454757144433656e-02,2.519957806930512856e-01,-1.767213092467106450e-01,5.244569794131717089e-01,-1.825605236544470752e-02,3.304934851545892061e-01,2.164714707043544351e-01,1.000000000000000000e+00,1.896895968669317090e-01,5.503113642865639088e-01,4.411415747488258710e-01,-7.699600845236789781e-02,1.725837449450798033e-01,3.463916575759702909e-01,1.223975036221264245e-01,1.121954525157519283e-01,1.858934309270471041e-01,4.049121382083279430e-01,-4.605948396063454936e-03,3.603300640091405480e-03,-1.474246273640628935e-01,3.043836431731185566e-01,4.577964348806794204e-02,1.375077552231337708e-01,-1.120059749706677210e-01,5.275116530199952525e-01,3.423213604383689712e-01
2.833862407697254060e-01,3.396726251349176384e-01,6.529529361177127678e-01,-2.227912545879859318e-01,2.225791948018358002e-01,-7.201637067988056473e-02,-8.777212122318892029e-02,-6.482122005875400328e-01,1.802258827210698466e-01,4.458031172823547772e-01,1.101624384132092599e-01,1.783755575933575477e-01,-2.243777822280635381e-01,1.608116368851414402e-01,1.566685278803517656e-01,4.079642557505149814e-01,-1.458101385272372319e-01,-1.445117504267641184e-01,-2.125779677633865827e-01,1.896895968669317090e-01,1.000000000000000000e+00,3.342403114947460896e-01,2.846159301747607784e-01,2.452101350150235892e-01,2.077554841478584102e-01,4.332878903514151836e-01,4.174504734354494984e-01,5.225916128254923798e-01,7.779378632581659958e-02,4.235173194103524219e-01,3.418877385818373527e-01,7.594106552072375782e-02,2.295140137840778471e-01,4.308573202749659270e-01,4.409384738332804421e-01,4.247752976598010988e-01,1.791392961256854099e-01,1.374315720302214938e-01,-1.318155948619944562e-01
2.685608446761411083e-01,3.064698626708876050e-01,1.347724103399188800e-01,2.144645215802080951e-01,1.893229364248170954e-01,-3.938956466396794642e-01,1.350321335091672348e-01,-1.097626054419968411e-01,2.520802644958631822e-01,4.250116944750552128e-01,-1.590684089794912048e-01,-7.859269635402224563e-02,1.339090617767603186e-01,2.980165082372982291e-02,-3.812748013425981165e-03,4.365145725803564192e-01,-1.798332157544896559e-01,1.845095257577887282e-01,1.160736300056380566e-01,5.503113642865639088e-01,3.342403114947460896e-01,1.000000000000000000e+00,3.232684557060646058e-01,-7.497733363636441273e-02,-7.874982755487203168e-03,2.474697191938375340e-01,6.306835158228472904e-02,1.504267541175826339e-01,-2.375004973431459748e-02,3.812610726127533267e-01,9.019486695522405464e-03,-1.047634761791411406e-01,-2.084753367858591944e-01,2.784108856927748898e-01,-2.620609104657639198e-03,1.688576854067778965e-02,-1.823847920290090907e-01,3.723164853125789375e-01,2.819961874152330239e-01
5.243696674265788671e-01,6.741607102473640145e-01,1.781672031978394077e-01,2.808419016577022309e-01,4.875533298069925081e-01,-1.069091195002176281e-01,3.699504934546120616e-01,-1.804823800990676963e-01,6.818238685008521927e-01,4.908389623496419718e-01,1.013539373597656390e-01,-1.310349496790278179e-01,-9.738180555903182267e-02,5.479079924829923787e-01,-4.100377494101064002e-01,5.241805465911264506e-01,-1.121399581392218264e-01,5.076144767285331039e-01,4.048559629084692579e-01,4.411415747488258710e-01,2.846159301747607784e-01,3.232684557060646058e-01,1.000000000000000000e+00,5.340762892321014865e-01,6.306724657662330369e-01,3.169353294160873191e-01,2.188032653513910242e-01,8.403206471841061231e-02,1.153501625719527135e-01,4.352090171282509967e-01,2.169459667610826314e-01,-1.108643382414756656e-01,-3.640335296567278472e-02,3.294550986809100523e-01,9.713666653533925555e-02,1.352695337984697876e-01,-1.476688755547300724e-01,6.127553344226961407e-01,5.181787971334561593e-01
1.073958962928679706e-01,4.242546309145697192e-01,3.694842183687058745e-01,-8.137426567475329608e-02,3.014928868163751011e-02,4.011955202395528497e-02,1.555812190702014208e-01,-3.930042877797333412e-01,3.220307844636248196e-01,8.802777321991039905e-02,9.024804299213466663e-02,6.450646243847293904e-02,-1.790319724982365746e-01,3.705639943243289047e-01,-9.587810907560734286e-02,4.704435485570152703e-02,-2.888624185019881066e-02,7.119369641267640769e-02,1.259030491499999738e-01,-7.699600845236789781e-02,2.452101350150235892e-01,-7.497733363636441273e-02,5.340762892321014865e-01,1.000000000000000000e+00,5.198365097720446526e-01,-2.098057247712464650e-03,7.518041423247801003e-02,1.601043844877443334e-01,-4.922186505082195435e-02,1.724486301020153045e-01,2.428764342970844980e-01,-2.371052592245094237e-01,3.414525511991775564e-02,1.413192281887153123e-01,1.175337306817609284e-01,3.721648863608281038e-02,-5.332273118091263031e-02,9.558705345899495831e-02,1.741147670754539523e-01
4.580482739319620134e-01,5.724750957033858390e-01,3.396758052513384474e-01,-1.450180391086718645e-01,4.128564981124985267e-01,4.089376413290896628e-01,4.622384283172038116e-02,-3.467429316057402122e-01,3.735516341553648534e-01,5.168975232795964825e-01,5.386013119817191219e-01,1.110934461702656473e-01,-4.212912152933119270e-01,7.338418057321640653e-01,-2.337384775689851091e-01,4.939227603532274080e-01,3.209692129497574431e-01,1.930035492617103998e-01,7.547229803299518314e-02,1.725837449450798033e-01,2.077554841478584102e-01,-7.874982755487203168e-03,6.306724657662330369e-01,5.198365097720446526e-01,1.000000000000000000e+00,4.968672648511885948e-01,4.979029764513041023e-01,3.990179492950253759e-01,5.159620446143382555e-01,3.293911587489401493e-01,4.331915425732398850e-01,3.052752628173694971e-01,3.821742695563532521e-01,3.381413019508727191e-01,4.867161339665194153e-01,4.016909445596512640e-01,3.745463905442072972e-01,3.211174265054209664e-01,7.699426536193280934e-02
7.104942036019111784e-01,5.214367320525479244e-01,4.183252472204799788e-01,-2.554125609644129491e-01,4.826886655736109533e-01,3.329152345091810350e-01,-1.766656866090040023e-01,-3.983532469907795082e-01,1.945329160212114494e-01,7.720319311583671018e-01,5.583223038455108478e-01,2.079492705878324688e-01,-3.865582154955094496e-01,6.033960582526127769e-01,-3.426838682981318829e-02,7.335385520280426341e-01,4.019171627173088179e-01,2.230342433254593054e-02,-1.871598169957323921e-01,3.463916575759702909e-01,4.332878903514151836e-01,2.474697191938375340e-01,3.169353294160873191e-01,-2.098057247712464650e-03,4.968672648511885948e-01,1.000000000000000000e+00,7.419306919582233650e-01,6.076767127363221777e-01,6.771697469815266546e-01,5.261788379679068761e-01,4.229496477247209896e-01,6.184128777756218165e-01,4.561973643274853663e-01,5.882482584449113538e-01,6.310788988585332993e-01,6.376501005538394162e-01,5.617263424281432327e-01,3.901623616391380889e-01,-1.564845962707381855e-01
4.964600387470682330e-01,3.944035804298371417e-01,5.419911717611703983e-01,-3.188969840535573197e-01,5.350032976831575748e-01,5.601889742525827387e-01,-2.097683733310645171e-01,-5.273780219436761119e-01,1.503152439106148486e-01,6.163639421373807714e-01,7.027662233920706214e-01,2.120598431541156903e-01,-6.850708706526065228e-01,5.956810931141471865e-01,2.361604728164923284e-02,5.761337399027961492e-01,3.489393177819987701e-01,-4.676093729124400356e-02,-2.606604438703583604e-01,1.223975036221264245e-01,4.174504734354494984e-01,6.306835158228472904e-02,2.188032653513910242e-01,7.518041423247801003e-02,4.979029764513041023e-01,7.419306919582233650e-01,1.000000000000000000e+00,5.921800855227304927e-01,5.864983438371402791e-01,4.487327357716485721e-01,7.089098997061901164e-01,7.311976046870246604e-01,6.053183707748115427e-01,4.951113756530490795e-01,7.522429355462449951e-01,7.833578311166770058e-01,7.000818408274315230e-01,1.712841376133199534e-01,-3.368408025332345068e-01
2.111772699433610567e-01,2.075752311732581845e-01,7.401121314291524422e-01,-6.570840976445055936e-01,1.742073261976217688e-02,3.478219716812438467e-01,-4.728110229589833624e-01,-7.281002809546609500e-01,-2.185006596209015939e-01,4.915101540395859225e-01,3.713131842558540785e-01,5.314790931814123986e-01,-3.786603694358567362e-01,3.909480076272577320e-01,4.536116345058233690e-01,3.907851382503705895e-01,3.067910603169719530e-01,-4.814476111422673621e-01,-5.771319644123641401e-01,1.121954525157519283e-01,5.225916128254923798e-01,1.504267541175826339e-01,8.403206471841061231e-02,1.601043844877443334e-01,3.990179492950253759e-01,6.076767127363221777e-01,5.921800855227304927e-01,1.000000000000000000e+00,5.138552292461624482e-01,2.565791453970546754e-01,4.046691246294322752e-01,3.879591398608012165e-01,5.340647469811971026e-01,5.356628144056845287e-01,7.677954828225452832e-01,4.977260312269126130e-01,6.119654527205873329e-01,-1.484836501023239497e-01,-4.972889723823363806e-01
4.504455435174369304e-01,2.674978758049401661e-01,2.371195329448970990e-01,-3.509164788203598118e-01,3.152094520351437779e-01,6.484306676927542590e-01,-2.662389749405462691e-01,-2.277395388288833977e-01,-7.554372174959828046e-02,5.222519444861953852e-01,6.320888315019169701e-01,3.210067097155421267e-01,-3.164467376893562167e-01,6.316372404558612264e-01,1.474568606940420551e-02,4.473504214957503278e-01,6.588435889111730059e-01,-5.062421596183061534e-02,-1.644923632799432656e-01,1.858934309270471041e-01,7.779378632581659958e-02,-2.375004973431459748e-02,1.153501625719527135e-01,-4.922186505082195435e-02,5.159620446143382555e-01,6.771697469815266546e-01,5.864983438371402791e-01,5.138552292461624482e-01,1.000000000000000000e+00,1.460271971702499783e-01,2.752432919331431194e-01,6.693292784340288959e-01,6.297652312720993795e-01,4.581395316419631936e-01,6.550242080410845213e-01,4.842570818005033084e-01,7.340697008011549674e-01,1.162089207810495101e-01,-2.908447868198640873e-01
6.191037898110499649e-01,5.721227890779225778e-01,3.189762996164680064e-01,8.984844003710777682e-02,5.408688679637376762e-01,-4.178191055159003603e-02,1.949204192572109307e-01,-3.079533508256250274e-01,5.052623788183855380e-01,6.953775736878682334e-01,3.199330784991304966e-01,-1.301242403756160404e-01,-3.062252587251096947e-01,4.695924974810233854e-01,-2.299795690440836760e-01,7.360349938434823658e-01,-2.055912629117775947e-02,2.656408852152791211e-01,1.299372304279372281e-01,4.049121382083279430e-01,4.235173194103524219e-01,3.812610726127533267e-01,4.352090171282509967e-01,1.724486301020153045e-01,3.293911587489401493e-01,5.261788379679068761e-01,4.487327357716485721e-01,2.565791453970546754e-01,1.460271971702499783e-01,1.000000000000000000e+00,4.172554041434184402e-01,2.727584778257644560e-01,9.196438623363789588e-02,3.178899530365721926e-01,2.461710473978637181e-01,5.737687427560428377e-01,6.307082265191922554e-02,5.263244167370864091e-01,2.139739258067922256e-01
2.417234357809630585e-01,2.711189716041761399e-01,5.375884109640306496e-01,-2.306494065448563002e-01,5.104786645250053434e-01,4.449325691204781830e-01,-1.070640415211151497e-01,-5.325044600782042892e-01,2.491737598889905425e-01,3.651854975723585750e-01,6.355212033086311552e-01,1.170334251197665959e-01,-8.589827711900828167e-01,5.263269321716351756e-01,-1.430520640171836257e-02,3.826260099615849675e-01,2.161835622698111692e-01,-7.619847228327798414e-03,-1.822599148045097317e-01,-4.605948396063454936e-03,3.418877385818373527e-01,9.019486695522405464e-03,2.169459667610826314e-01,2.428764342970844980e-01,4.331915425732398850e-01,4.229496477247209896e-01,7.089098997061901164e-01,4.046691246294322752e-01,2.752432919331431194e-01,4.172554041434184402e-01,1.000000000000000000e+00,5.425225191014098058e-01,3.896327028917258017e-01,2.755563865022966907e-01,5.496283246521019850e-01,6.422127960814710823e-01,4.957437256098602418e-01,9.345106743362857626e-02,-2.363606587615253163e-01
3.837977004948552873e-01,1.521380689193786717e-01,2.186597313165165590e-01,-2.932599362163759160e-01,4.315999839527669413e-01,6.574254984172426264e-01,-2.662386589069288267e-01,-2.011705040106007425e-01,-7.060567171263743003e-02,4.424769321450773840e-01,7.726382063819619006e-01,1.642078516479993922e-01,-5.934169213414697275e-01,4.808426837826504374e-01,8.167506960394341903e-03,4.357338926751715968e-01,5.677064698598693893e-01,-6.770536554889605707e-02,-2.450712399184666601e-01,3.603300640091405480e-03,7.594106552072375782e-02,-1.047634761791411406e-01,-1.108643382414756656e-01,-2.371052592245094237e-01,3.052752628173694971e-01,6.184128777756218165e-01,7.311976046870246604e-01,3.879591398608012165e-01,6.693292784340288959e-01,2.727584778257644560e-01,5.425225191014098058e-01,1.000000000000000000e+00,5.825672624757223250e-01,2.557962374942694406e-01,6.197269846191735265e-01,6.601512259191355536e-01,7.743026636832536225e-01,4.388722641714156575e-02,-4.164824178048530112e-01
1.846863050815868157e-01,1.652798978256845436e-02,4.591262722538343999e-01,-4.866724645057747267e-01,2.575769717219998922e-01,6.959128788849957559e-01,-3.473900633502094992e-01,-4.668520455096815125e-01,-2.062453425347463287e-01,3.309729300903066496e-01,5.313661783794924043e-01,3.905877295966677654e-01,-3.883073086318354350e-01,4.216947894513549122e-01,1.686455398966925368e-01,2.393157881015736121e-01,3.891544435949156888e-01,-2.653605559465081476e-01,-3.634766130740519907e-01,-1.474246273640628935e-01,2.295140137840778471e-01,-2.084753367858591944e-01,-3.640335296567278472e-02,3.414525511991775564e-02,3.821742695563532521e-01,4.561973643274853663e-01,6.053183707748115427e-01,5.340647469811971026e-01,6.297652312720993795e-01,9.196438623363789588e-02,3.896327028917258017e-01,5.825672624757223250e-01,1.000000000000000000e+00,3.879884861932478279e-01,7.124112622952230023e-01,6.006582174644387040e-01,7.398560478379088146e-01,-1.998112189249563186e-01,-5.347102627666050489e-01
4.466994158593710074e-01,3.549663765619801570e-01,4.492326177827808409e-01,-2.066533495997860403e-01,2.851171213212588817e-01,2.050003055613234537e-01,-1.661152625503988789e-01,-4.368504201154156386e-01,1.368598001496081629e-01,5.497875466316072268e-01,2.242508315833910693e-01,3.274182199650291780e-01,-1.843391260256741215e-01,4.251257998071963917e-01,1.391328880264727508e-01,4.518256488175113605e-01,2.322117484987767655e-01,-1.032943397350663955e-01,-2.737845467156884149e-01,3.043836431731185566e-01,4.308573202749659270e-01,2.784108856927748898e-01,3.294550986809100523e-01,1.413192281887153123e-01,3.381413019508727191e-01,5.882482584449113538e-01,4.951113756530490795e-01,5.356628144056845287e-01,4.581395316419631936e-01,3.178899530365721926e-01,2.755563865022966907e-01,2.557962374942694406e-01,3.879884861932478279e-01,1.000000000000000000e+00,4.664906148014947296e-01,4.370531076269520976e-01,3.229361250267510086e-01,2.538222757912648175e-01,-1.105262032999277527e-01
2.575771923043800316e-01,1.927098243537310462e-01,6.780471312062583689e-01,-5.951872345192487090e-01,2.382933307878706275e-01,6.001701215442108994e-01,-4.139218590860462288e-01,-6.650602539289477422e-01,-1.936115196320853937e-01,4.953320466590802607e-01,6.189554258305802747e-01,4.494617372232556085e-01,-5.590085765878520796e-01,5.177274468818161557e-01,3.243008078552486184e-01,4.037974572415542474e-01,4.001586309758803361e-01,-3.658196782487150300e-01,-4.762070332633707714e-01,4.577964348806794204e-02,4.409384738332804421e-01,-2.620609104657639198e-03,9.713666653533925555e-02,1.175337306817609284e-01,4.867161339665194153e-01,6.310788988585332993e-01,7.522429355462449951e-01,7.677954828225452832e-01,6.550242080410845213e-01,2.461710473978637181e-01,5.496283246521019850e-01,6.197269846191735265e-01,7.124112622952230023e-01,4.664906148014947296e-01,1.000000000000000000e+00,6.547706064444264173e-01,8.000116835807201676e-01,-1.625345711087508582e-01,-5.754598484374185974e-01
4.956360841624758984e-01,3.675703062407185140e-01,4.779363355881281472e-01,-2.504025925166050714e-01,5.397508291166587258e-01,5.274152086851351395e-01,-1.400275523919480847e-01,-4.741676500111767778e-01,1.838913562181505590e-01,5.945846556943122918e-01,6.423655307575441009e-01,1.572350205597349837e-01,-6.190398024346521755e-01,5.110749391301998568e-01,-5.607571014307309587e-02,5.630188145468908445e-01,2.912371978712990361e-01,-3.142673814140830441e-02,-2.369929549655293566e-01,1.375077552231337708e-01,4.247752976598010988e-01,1.688576854067778965e-02,1.352695337984697876e-01,3.721648863608281038e-02,4.016909445596512640e-01,6.376501005538394162e-01,7.833578311166770058e-01,4.977260312269126130e-01,4.842570818005033084e-01,5.737687427560428377e-01,6.422127960814710823e-01,6.601512259191355536e-01,6.006582174644387040e-01,4.370531076269520976e-01,6.547706064444264173e-01,1.000000000000000000e+00,5.952368645843433281e-01,1.981065186409611545e-01,-2.942428041456044974e-01
1.861912339818614093e-01,5.866390237457153045e-02,4.548404873983802887e-01,-5.869675787157817570e-01,2.138435053212960346e-01,7.546830910097128697e-01,-4.686758928989023243e-01,-4.436409676930649915e-01,-3.087689047588657587e-01,3.413036225388431100e-01,7.006920276717918394e-01,4.160425399814992597e-01,-5.567750026846916001e-01,4.589899608031278166e-01,2.542745925495529802e-01,2.570066285713547005e-01,5.948824502729898045e-01,-3.378991183799778253e-01,-4.505837215136597185e-01,-1.120059749706677210e-01,1.791392961256854099e-01,-1.823847920290090907e-01,-1.476688755547300724e-01,-5.332273118091263031e-02,3.745463905442072972e-01,5.617263424281432327e-01,7.000818408274315230e-01,6.119654527205873329e-01,7.340697008011549674e-01,6.307082265191922554e-02,4.957437256098602418e-01,7.743026636832536225e-01,7.398560478379088146e-01,3.229361250267510086e-01,8.000116835807201676e-01,5.952368645843433281e-01,1.000000000000000000e+00,-2.448053518811995066e-01,-6.382373732372246256e-01
7.094016061726533540e-01,6.893245351564134538e-01,-1.861764854301828365e-01,5.615466077123248967e-01,5.986363281532637304e-01,-1.768133034858216934e-01,5.018336676550045894e-01,1.883035051100890034e-01,7.953932917957674542e-01,4.861810105689230999e-01,9.616829254460497467e-02,-3.803565374010045019e-01,1.252171620722881268e-02,3.708394061517132356e-01,-6.306062489087295164e-01,5.704177353791182181e-01,-2.001703528367123480e-02,6.967452033978999149e-01,5.553923425344567955e-01,5.275116530199952525e-01,1.374315720302214938e-01,3.723164853125789375e-01,6.127553344226961407e-01,9.558705345899495831e-02,3.211174265054209664e-01,3.901623616391380889e-01,1.712841376133199534e-01,-1.484836501023239497e-01,1.162089207810495101e-01,5.263244167370864091e-01,9.345106743362857626e-02,4.388722641714156575e-02,-1.998112189249563186e-01,2.538222757912648175e-01,-1.625345711087508582e-01,1.981065186409611545e-01,-2.448053518811995066e-01,1.000000000000000000e+00,6.836634200957825147e-01
2.857633545429233979e-01,4.327832419624121907e-01,-4.245336197560638514e-01,7.252794668483133478e-01,2.762674769115519013e-01,-4.766217904273110650e-01,6.038252419793307402e-01,4.129270209168104389e-01,7.106588634519480641e-01,5.091905555059636490e-02,-3.435927348436826345e-01,-5.084525363735770132e-01,3.323786105361544174e-01,5.143136627119546112e-02,-6.395435750796426566e-01,1.547451738776061403e-01,-3.368895884589138134e-01,7.314820737532684580e-01,7.261792484305822359e-01,3.423213604383689712e-01,-1.318155948619944562e-01,2.819961874152330239e-01,5.181787971334561593e-01,1.741147670754539523e-01,7.699426536193280934e-02,-1.564845962707381855e-01,-3.368408025332345068e-01,-4.972889723823363806e-01,-2.908447868198640873e-01,2.139739258067922256e-01,-2.363606587615253163e-01,-4.164824178048530112e-01,-5.347102627666050489e-01,-1.105262032999277527e-01,-5.754598484374185974e-01,-2.942428041456044974e-01,-6.382373732372246256e-01,6.836634200957825147e-01,1.000000000000000000e+00
