1.000000000000000000e+00,9.526960432606380591e-01,9.242940375442479928e-01,9.756104783146465342e-01,9.369068630026956557e-01,9.717767020264724831e-01,8.872778774280686287e-01,8.979305980756390193e-01,9.719302013262663964e-01,9.390726759852943140e-01,8.706364923860980820e-01,8.887614184993235522e-01,9.276254769929803690e-01,9.807500846417180895e-01,9.066508986088828159e-01,8.743893071822508301e-01,9.267009646233648201e-01,9.094355686438646558e-01,8.898559675639792221e-01,9.338027196365441540e-01,9.651710924762987309e-01,9.766107688814138488e-01,9.561733540808955434e-01,9.126799176034134931e-01,8.739865844119726335e-01,9.515023346443899355e-01,9.780258794407947764e-01,9.071723763366110749e-01,9.160033050709464053e-01,9.827695753997297556e-01,8.893093778789568082e-01,9.262887362853878814e-01,8.859256392962048254e-01,8.893473275705612302e-01,9.396908675787185583e-01,8.923336829481595123e-01,9.631667653949392838e-01,9.658898968155809062e-01,9.642863322634971368e-01
9.526960432606380591e-01,1.000000000000000000e+00,9.579329701742443914e-01,9.606434754757112726e-01,9.700988948703386239e-01,9.403235765101588539e-01,9.153010828954702971e-01,9.298964043429011062e-01,9.393768529289762137e-01,9.170155401067021650e-01,9.024972929345398409e-01,9.128859903855985891e-01,9.600796304872577513e-01,9.474961238981846057e-01,9.354079804033407219e-01,9.026682751552609352e-01,9.021984753829475068e-01,8.897539557862550463e-01,9.144849280039611950e-01,9.642649141742914987e-01,9.739183856283334384e-01,9.580905414739647741e-01,9.310388109990704875e-01,8.965636321731882408e-01,9.022873939092773687e-01,9.839716959932439666e-01,9.483750674943960401e-01,9.376847429749143314e-01,9.506584325502906996e-01,9.551062460533119580e-01,9.143971256999190445e-01,9.596424815405685260e-01,9.122368396365404530e-01,9.120073564119972609e-01,9.181535381247309946e-01,9.172093413508864979e-01,9.739706043002311908e-01,9.397582590226180033e-01,9.743746689734498201e-01
9.242940375442479928e-01,9.579329701742443914e-01,1.000000000000000000e+00,9.315389071892025141e-01,9.739734083786559804e-01,9.136934057663641529e-01,9.412036911642700510e-01,9.555115118274186692e-01,9.119584035889041207e-01,8.908359429323708945e-01,9.338145456285467105e-01,9.437872695431485104e-01,9.810571550762807735e-01,9.194161441070546337e-01,9.631770754317182659e-01,9.298459729562529308e-01,8.768034074013273393e-01,8.736810562033463512e-01,9.420805702861675401e-01,9.761830920661179745e-01,9.469178746812220160e-01,9.271969133099586813e-01,9.076742798882300178e-01,8.829565671975844188e-01,9.315706723528657252e-01,9.595595086457616718e-01,9.200518128785520888e-01,9.644729822085904569e-01,9.818190498629701946e-01,9.277730748114432213e-01,9.441605356305557972e-01,9.836098018411082444e-01,9.441045309788163031e-01,9.413206264903164477e-01,8.932096970592454666e-01,9.436947816439431591e-01,9.475842979385964426e-01,9.157424776535422195e-01,9.476448813487213796e-01
9.756104783146465342e-01,9.606434754757112726e-01,9.315389071892025141e-01,1.000000000000000000e+00,9.448625163129692472e-01,9.642823967830563836e-01,8.940200308591222944e-01,9.068077265022423950e-01,9.624094260853417460e-01,9.315226271285165227e-01,8.799836452865702485e-01,8.933757361539258479e-01,9.334973990177951597e-01,9.709216062511352163e-01,9.149169357385164014e-01,8.826306258930129989e-01,9.171575120194189745e-01,9.020703192410504112e-01,8.960250603284293236e-01,9.388118394188683657e-01,9.726855406218235522e-01,9.835995479539171304e-01,9.498980184745041688e-01,9.083376586173004252e-01,8.818836111094272567e-01,9.586183984406196901e-01,9.695364338316844188e-01,9.155392414515898247e-01,9.232849905165202431e-01,9.808009695149743079e-01,8.953860967684974526e-01,9.331847453244641599e-01,8.924424684030658472e-01,8.949243442510195212e-01,9.316960715750839395e-01,8.982113194960555935e-01,9.720730771840576656e-01,9.580327959832285467e-01,9.716281002387513466e-01
9.369068630026956557e-01,9.700988948703386239e-01,9.739734083786559804e-01,9.448625163129692472e-01,1.000000000000000000e+00,9.260586852206394992e-01,9.302764214335589310e-01,9.444053889914117983e-01,9.255505285540969185e-01,9.047889037917792310e-01,9.218807323268254361e-01,9.309736052688853958e-01,9.762877327562454743e-01,9.353843404261061867e-01,9.505320297483926817e-01,9.198606736499559400e-01,8.913055563830843964e-01,8.844042372970698507e-01,9.308811644682567499e-01,9.817396668844520224e-01,9.577960030669245839e-01,9.409830944304296008e-01,9.196649594698859120e-01,8.910972428213204122e-01,9.213496171997569428e-01,9.715958229515632150e-01,9.360262997159680687e-01,9.527203971708140262e-01,9.659557352331724633e-01,9.403693977012674843e-01,9.316319315156127434e-01,9.750318614731775524e-01,9.296549361716950344e-01,9.287827868229241446e-01,9.066635280546450071e-01,9.314688860853669317e-01,9.594336947337989141e-01,9.289630523601137835e-01,9.592765080605696326e-01
9.717767020264724831e-01,9.403235765101588539e-01,9.136934057663641529e-01,9.642823967830563836e-01,9.260586852206394992e-01,1.000000000000000000e+00,8.857793552499311218e-01,8.936414340708863646e-01,9.818546137030799148e-01,9.553675667177057296e-01,8.682708090594699613e-01,8.846619275547514816e-01,9.164577217226015371e-01,9.760784268228931415e-01,8.992780684644613443e-01,8.698698423547595038e-01,9.410664232581058553e-01,9.251584445282964309e-01,8.860824501565222056e-01,9.221237154728370022e-01,9.524331780712683715e-01,9.654068637197382730e-01,9.710675429095496636e-01,9.288252419163077755e-01,8.699678589195127820e-01,9.405639258641932399e-01,9.774517051845330595e-01,9.002082853391866202e-01,9.054165630798884923e-01,9.690267304258437520e-01,8.845179063654516893e-01,9.152750047910921394e-01,8.821723577578338693e-01,8.858700321060490879e-01,9.559657626182955781e-01,8.897875350266971628e-01,9.503242913090452770e-01,9.800424186462397547e-01,9.521909676688400381e-01
8.872778774280686287e-01,9.153010828954702971e-01,9.412036911642700510e-01,8.940200308591222944e-01,9.302764214335589310e-01,8.857793552499311218e-01,1.000000000000000000e+00,9.757437980486377560e-01,8.878790750948276633e-01,8.765526722336935972e-01,9.645921823536898199e-01,9.783347067840032496e-01,9.369150125662212281e-01,8.862301964060111947e-01,9.618661786279444348e-01,9.580580957795813424e-01,8.628474706876467781e-01,8.644700009686073772e-01,9.806513142866125632e-01,9.287675871875500366e-01,9.094392951306840001e-01,8.898708865160767090e-01,8.889923904631306106e-01,8.693703245199698726e-01,9.618362948245463562e-01,9.188170149477645765e-01,8.905880775927165205e-01,9.611583232636858876e-01,9.426533266924150833e-01,8.899385748739782054e-01,9.779378808752541286e-01,9.392067805662890345e-01,9.768170016896001728e-01,9.798684399685607671e-01,8.752187447572831180e-01,9.827424584263194651e-01,9.081766305036713671e-01,8.943848069370080589e-01,9.098392611464161117e-01
8.979305980756390193e-01,9.298964043429011062e-01,9.555115118274186692e-01,9.068077265022423950e-01,9.444053889914117983e-01,8.936414340708863646e-01,9.757437980486377560e-01,1.000000000000000000e+00,8.945676620339548801e-01,8.820248350733741471e-01,9.592701124569955606e-01,9.708192584896360167e-01,9.505688694197712563e-01,8.959034749455914159e-01,9.737882995353599469e-01,9.539430456184156970e-01,8.705779304115437434e-01,8.699051255608448718e-01,9.718308616954763890e-01,9.431073140538369648e-01,9.233981812357652252e-01,9.024777513639350435e-01,8.968954764206616970e-01,8.743411928836563041e-01,9.555402162233588292e-01,9.321699132532437204e-01,8.982471836170300428e-01,9.737309883679545752e-01,9.574452408346157961e-01,9.015434007253865234e-01,9.713232548450502213e-01,9.526859725484378982e-01,9.714873975009431506e-01,9.707973025173195492e-01,8.831027667196473807e-01,9.730400665886336231e-01,9.232300033847085086e-01,9.019909513431635384e-01,9.243315979424502338e-01
9.719302013262663964e-01,9.393768529289762137e-01,9.119584035889041207e-01,9.624094260853417460e-01,9.255505285540969185e-01,9.818546137030799148e-01,8.878790750948276633e-01,8.945676620339548801e-01,1.000000000000000000e+00,9.553467645648048290e-01,8.705800675380750420e-01,8.857902864334870063e-01,9.167829315422464376e-01,9.752384594436440679e-01,8.996193746118386070e-01,8.723058017180767010e-01,9.430180934621148481e-01,9.257089292033956474e-01,8.882045047885094302e-01,9.207458377115371739e-01,9.519231703331781924e-01,9.640739759806808973e-01,9.694256229416982062e-01,9.280335159796262445e-01,8.731225809040682462e-01,9.399833260174835781e-01,9.771528048786588538e-01,9.005985182413890344e-01,9.031421549891347489e-01,9.686853970787521195e-01,8.860176414518430299e-01,9.137108647075291579e-01,8.832799516204168366e-01,8.869871251692534875e-01,9.549752698393159100e-01,8.916334466800189817e-01,9.501253952323244212e-01,9.801615377628983827e-01,9.524608707096416937e-01
9.390726759852943140e-01,9.170155401067021650e-01,8.908359429323708945e-01,9.315226271285165227e-01,9.047889037917792310e-01,9.553675667177057296e-01,8.765526722336935972e-01,8.820248350733741471e-01,9.553467645648048290e-01,1.000000000000000000e+00,8.587252212676239616e-01,8.709388636766133285e-01,8.930132110472682738e-01,9.424084924531770380e-01,8.823640647615742516e-01,8.616066280112640863e-01,9.723943224769515670e-01,9.609055028662475406e-01,8.756883344528937352e-01,8.987169708131210744e-01,9.256443087469686803e-01,9.302875891503520345e-01,9.715183096326587275e-01,9.625513769211312409e-01,8.614926574115260305e-01,9.186729709890807394e-01,9.437894788405316593e-01,8.849254545061917554e-01,8.852520694192113071e-01,9.363723396315489778e-01,8.689741682050637905e-01,8.941735538525350524e-01,8.677882184788857645e-01,8.725734989273153941e-01,9.811877212133720549e-01,8.776109151557927035e-01,9.256708062271477022e-01,9.615766546496539169e-01,9.277790345004436334e-01
8.706364923860980820e-01,9.024972929345398409e-01,9.338145456285467105e-01,8.799836452865702485e-01,9.218807323268254361e-01,8.682708090594699613e-01,9.645921823536898199e-01,9.592701124569955606e-01,8.705800675380750420e-01,8.587252212676239616e-01,1.000000000000000000e+00,9.704033961088511795e-01,9.275493880528702384e-01,8.713291409651469088e-01,9.491862123413079555e-01,9.809252346412240531e-01,8.437303466878710578e-01,8.473961149339950261e-01,9.672793875694543075e-01,9.224387515867965570e-01,8.932604916199234912e-01,8.753594701944077405e-01,8.747868556514198923e-01,8.544171260387634081e-01,9.822840425563070799e-01,9.041990381857224479e-01,8.766573036085166803e-01,9.473164650684078314e-01,9.342059663230030120e-01,8.741048968814889575e-01,9.711351503277859676e-01,9.315788668049832522e-01,9.735356089409792357e-01,9.698629348432317165e-01,8.587206044300902397e-01,9.653092320982770147e-01,8.929775053342947633e-01,8.770357598942049027e-01,8.943683196172230732e-01
8.887614184993235522e-01,9.128859903855985891e-01,9.437872695431485104e-01,8.933757361539258479e-01,9.309736052688853958e-01,8.846619275547514816e-01,9.783347067840032496e-01,9.708192584896360167e-01,8.857902864334870063e-01,8.709388636766133285e-01,9.704033961088511795e-01,1.000000000000000000e+00,9.392501403956511341e-01,8.879098143326393799e-01,9.624261612634830154e-01,9.634744642153738603e-01,8.583212424346706726e-01,8.589975997997835178e-01,9.831082328861970865e-01,9.320958843145884520e-01,9.097257844188367804e-01,8.896368955181319649e-01,8.840421461133990411e-01,8.657825665704314000e-01,9.658056696976828892e-01,9.156936877156355292e-01,8.923055630821341566e-01,9.609627360427591691e-01,9.452981990516127198e-01,8.903353836484751982e-01,9.844133213976126173e-01,9.418227192917401069e-01,9.837540751645440507e-01,9.844757451228998146e-01,8.694450356382920075e-01,9.806970091402272827e-01,9.065874140069531961e-01,8.905181179037405803e-01,9.090712414889273729e-01
9.276254769929803690e-01,9.600796304872577513e-01,9.810571550762807735e-01,9.334973990177951597e-01,9.762877327562454743e-01,9.164577217226015371e-01,9.369150125662212281e-01,9.505688694197712563e-01,9.167829315422464376e-01,8.930132110472682738e-01,9.275493880528702384e-01,9.392501403956511341e-01,1.000000000000000000e+00,9.223539657781394396e-01,9.583669203526251623e-01,9.228129104647012637e-01,8.783451244446851547e-01,8.751135947468952070e-01,9.373107310080602828e-01,9.797847190314310506e-01,9.477614541910931445e-01,9.287447886964050880e-01,9.098376279140071299e-01,8.837539003900476420e-01,9.253036008812621782e-01,9.622492167227530979e-01,9.242093796918303683e-01,9.598752044070031353e-01,9.758991895904470804e-01,9.291643458978497971e-01,9.389053293956232116e-01,9.806687239138666135e-01,9.373256415934740904e-01,9.365708094340865486e-01,8.952295666391625328e-01,9.385191357059506911e-01,9.491660474781751233e-01,9.195388265696479158e-01,9.497797879538458776e-01
9.807500846417180895e-01,9.474961238981846057e-01,9.194161441070546337e-01,9.709216062511352163e-01,9.353843404261061867e-01,9.760784268228931415e-01,8.862301964060111947e-01,8.959034749455914159e-01,9.752384594436440679e-01,9.424084924531770380e-01,8.713291409651469088e-01,8.879098143326393799e-01,9.223539657781394396e-01,1.000000000000000000e+00,9.037415816825518089e-01,8.734491597816029795e-01,9.294504931726075281e-01,9.124235862715236456e-01,8.885126977558914785e-01,9.301386780646183627e-01,9.594309288979425698e-01,9.723234710315658003e-01,9.568889088635426088e-01,9.152006868866964240e-01,8.739176578928306016e-01,9.465798117766747177e-01,9.823691600782047395e-01,9.035682833934648439e-01,9.104436707596987866e-01,9.780113623941431023e-01,8.888803359060277742e-01,9.218735367996060415e-01,8.854466126249772584e-01,8.881779301366575785e-01,9.430105462244730008e-01,8.906435566685725336e-01,9.579809595079175066e-01,9.698313621070401291e-01,9.589683551398734407e-01
9.066508986088828159e-01,9.354079804033407219e-01,9.631770754317182659e-01,9.149169357385164014e-01,9.505320297483926817e-01,8.992780684644613443e-01,9.618661786279444348e-01,9.737882995353599469e-01,8.996193746118386070e-01,8.823640647615742516e-01,9.491862123413079555e-01,9.624261612634830154e-01,9.583669203526251623e-01,9.037415816825518089e-01,1.000000000000000000e+00,9.424962119772485325e-01,8.661766280568187204e-01,8.658666286646503618e-01,9.607155211495072011e-01,9.501264189067074595e-01,9.296284910078250752e-01,9.106108682315005032e-01,8.966697730775931019e-01,8.732360337345335122e-01,9.455019272817802856e-01,9.362055651574507920e-01,9.053606654797717868e-01,9.845418018297604767e-01,9.661647912469755184e-01,9.096689388404957111e-01,9.623091282622542320e-01,9.601698829604654595e-01,9.632120524492826519e-01,9.612465862480736867e-01,8.803993151721373200e-01,9.613672203847903885e-01,9.310503146917273876e-01,9.033443951456493481e-01,9.310591584694118961e-01
8.743893071822508301e-01,9.026682751552609352e-01,9.298459729562529308e-01,8.826306258930129989e-01,9.198606736499559400e-01,8.698698423547595038e-01,9.580580957795813424e-01,9.539430456184156970e-01,8.723058017180767010e-01,8.616066280112640863e-01,9.809252346412240531e-01,9.634744642153738603e-01,9.228129104647012637e-01,8.734491597816029795e-01,9.424962119772485325e-01,1.000000000000000000e+00,8.491695199858932952e-01,8.508293536244760924e-01,9.605343314427108314e-01,9.204681504097960154e-01,8.950907204920659499e-01,8.783446754719409499e-01,8.771566406591598808e-01,8.582812083763385891e-01,9.841610705108284618e-01,9.040032733098972706e-01,8.769576976514247280e-01,9.402627924262485504e-01,9.293462321729731856e-01,8.774514868970050285e-01,9.640331670081566662e-01,9.270753759048397935e-01,9.672004827217148826e-01,9.626127476628574264e-01,8.618476253192168812e-01,9.583239365101992036e-01,8.963197898173231870e-01,8.777181987642208583e-01,8.946087345308834093e-01
9.267009646233648201e-01,9.021984753829475068e-01,8.768034074013273393e-01,9.171575120194189745e-01,8.913055563830843964e-01,9.410664232581058553e-01,8.628474706876467781e-01,8.705779304115437434e-01,9.430180934621148481e-01,9.723943224769515670e-01,8.437303466878710578e-01,8.583212424346706726e-01,8.783451244446851547e-01,9.294504931726075281e-01,8.661766280568187204e-01,8.491695199858932952e-01,1.000000000000000000e+00,9.736962370232001840e-01,8.642726875824485733e-01,8.853286542122450475e-01,9.153438398431855694e-01,9.170461166240676532e-01,9.581723874097222149e-01,9.746271744711638707e-01,8.469500442698569831e-01,9.043266999224957026e-01,9.293582944815528268e-01,8.688265089030448030e-01,8.702013058623169206e-01,9.239296772733418539e-01,8.561010319078832254e-01,8.794052752815558760e-01,8.558851478350391062e-01,8.596815712032798151e-01,9.706242620260927545e-01,8.652040917152915567e-01,9.151605555668734793e-01,9.494211905243028493e-01,9.176758583843598327e-01
9.094355686438646558e-01,8.897539557862550463e-01,8.736810562033463512e-01,9.020703192410504112e-01,8.844042372970698507e-01,9.251584445282964309e-01,8.644700009686073772e-01,8.699051255608448718e-01,9.257089292033956474e-01,9.609055028662475406e-01,8.473961149339950261e-01,8.589975997997835178e-01,8.751135947468952070e-01,9.124235862715236456e-01,8.658666286646503618e-01,8.508293536244760924e-01,9.736962370232001840e-01,1.000000000000000000e+00,8.652950918824764415e-01,8.807005295624200647e-01,8.992730533034040130e-01,9.032264194540478019e-01,9.462849526795812372e-01,9.804977881285124042e-01,8.497795916453344534e-01,8.936466405262443180e-01,9.116162659447670791e-01,8.688232841650664895e-01,8.696737497157895902e-01,9.080553109493486597e-01,8.545241039204315436e-01,8.745409358819757895e-01,8.560378239577600690e-01,8.589835481902791114e-01,9.592540372589606346e-01,8.644162621048221418e-01,8.978762511462345941e-01,9.339176766372159211e-01,9.022712360737196180e-01
8.898559675639792221e-01,9.144849280039611950e-01,9.420805702861675401e-01,8.960250603284293236e-01,9.308811644682567499e-01,8.860824501565222056e-01,9.806513142866125632e-01,9.718308616954763890e-01,8.882045047885094302e-01,8.756883344528937352e-01,9.672793875694543075e-01,9.831082328861970865e-01,9.373107310080602828e-01,8.885126977558914785e-01,9.607155211495072011e-01,9.605343314427108314e-01,8.642726875824485733e-01,8.652950918824764415e-01,1.000000000000000000e+00,9.306261810014209157e-01,9.120705379041761374e-01,8.923816239466645373e-01,8.873280244957296725e-01,8.711030529626607732e-01,9.634978961656464058e-01,9.173528440098968062e-01,8.925483604386497127e-01,9.599151246062297416e-01,9.430156683294260711e-01,8.920324297276928105e-01,9.818450639285035697e-01,9.404029530264509384e-01,9.811804300545785562e-01,9.842177722978736609e-01,8.737980739714337197e-01,9.835433755225211350e-01,9.089510694614739705e-01,8.929390780898698310e-01,9.122309165926680841e-01
9.338027196365441540e-01,9.642649141742914987e-01,9.761830920661179745e-01,9.388118394188683657e-01,9.817396668844520224e-01,9.221237154728370022e-01,9.287675871875500366e-01,9.431073140538369648e-01,9.207458377115371739e-01,8.987169708131210744e-01,9.224387515867965570e-01,9.320958843145884520e-01,9.797847190314310506e-01,9.301386780646183627e-01,9.501264189067074595e-01,9.204681504097960154e-01,8.853286542122450475e-01,8.807005295624200647e-01,9.306261810014209157e-01,1.000000000000000000e+00,9.518239809865545187e-01,9.349743349987632568e-01,9.145186532305341620e-01,8.880169041655959772e-01,9.223071217721461323e-01,9.666456530100056010e-01,9.310495054504505097e-01,9.518759886425868233e-01,9.685923258970748906e-01,9.359688640061142317e-01,9.317159019236209705e-01,9.768995308358706664e-01,9.298106293499185382e-01,9.288079144043638324e-01,9.020133725723328277e-01,9.310599071678237193e-01,9.530804493357746265e-01,9.237511959901816283e-01,9.540504991658090850e-01
9.651710924762987309e-01,9.739183856283334384e-01,9.469178746812220160e-01,9.726855406218235522e-01,9.577960030669245839e-01,9.524331780712683715e-01,9.094392951306840001e-01,9.233981812357652252e-01,9.519231703331781924e-01,9.256443087469686803e-01,8.932604916199234912e-01,9.097257844188367804e-01,9.477614541910931445e-01,9.594309288979425698e-01,9.296284910078250752e-01,8.950907204920659499e-01,9.153438398431855694e-01,8.992730533034040130e-01,9.120705379041761374e-01,9.518239809865545187e-01,1.000000000000000000e+00,9.719380050123050951e-01,9.406118996751982042e-01,9.053973579503522551e-01,8.941004692128049491e-01,9.720798125756660024e-01,9.584044634907091798e-01,9.315348490974362239e-01,9.406412849537628684e-01,9.685772727156352069e-01,9.106482264313299213e-01,9.484926938786911732e-01,9.091886875261555589e-01,9.102461499702476644e-01,9.271293720642188596e-01,9.138844975503240819e-01,9.813679004746214130e-01,9.497915228315105818e-01,9.823452483113991329e-01
9.766107688814138488e-01,9.580905414739647741e-01,9.271969133099586813e-01,9.835995479539171304e-01,9.409830944304296008e-01,9.654068637197382730e-01,8.898708865160767090e-01,9.024777513639350435e-01,9.640739759806808973e-01,9.302875891503520345e-01,8.753594701944077405e-01,8.896368955181319649e-01,9.287447886964050880e-01,9.723234710315658003e-01,9.106108682315005032e-01,8.783446754719409499e-01,9.170461166240676532e-01,9.032264194540478019e-01,8.923816239466645373e-01,9.349743349987632568e-01,9.719380050123050951e-01,1.000000000000000000e+00,9.503861019725862169e-01,9.083186125921517418e-01,8.775286006605567124e-01,9.565501657776795952e-01,9.706008347772909772e-01,9.112101377767195531e-01,9.191682082817487220e-01,9.810846124920724609e-01,8.907887320545426757e-01,9.286906406867760921e-01,8.882432134732958229e-01,8.907595056858174098e-01,9.316236740527058524e-01,8.944005650359709847e-01,9.697373224350208654e-01,9.600435960056679097e-01,9.704353368839574445e-01
9.561733540808955434e-01,9.310388109990704875e-01,9.076742798882300178e-01,9.498980184745041688e-01,9.196649594698859120e-01,9.710675429095496636e-01,8.889923904631306106e-01,8.968954764206616970e-01,9.694256229416982062e-01,9.715183096326587275e-01,8.747868556514198923e-01,8.840421461133990411e-01,9.098376279140071299e-01,9.568889088635426088e-01,8.966697730775931019e-01,8.771566406591598808e-01,9.581723874097222149e-01,9.462849526795812372e-01,8.873280244957296725e-01,9.145186532305341620e-01,9.406118996751982042e-01,9.503861019725862169e-01,1.000000000000000000e+00,9.490095713948188960e-01,8.758148933719976936e-01,9.327568451650802839e-01,9.599714743033973541e-01,8.991456147078490391e-01,9.018352896630966731e-01,9.545793788484298048e-01,8.830646071552026299e-01,9.106371236714804196e-01,8.829498129949244767e-01,8.854364759960487996e-01,9.744011830118053386e-01,8.908253137197195137e-01,9.395018099979909332e-01,9.763303044056094171e-01,9.425571008434341369e-01
9.126799176034134931e-01,8.965636321731882408e-01,8.829565671975844188e-01,9.083376586173004252e-01,8.910972428213204122e-01,9.288252419163077755e-01,8.693703245199698726e-01,8.743411928836563041e-01,9.280335159796262445e-01,9.625513769211312409e-01,8.544171260387634081e-01,8.657825665704314000e-01,8.837539003900476420e-01,9.152006868866964240e-01,8.732360337345335122e-01,8.582812083763385891e-01,9.746271744711638707e-01,9.804977881285124042e-01,8.711030529626607732e-01,8.880169041655959772e-01,9.053973579503522551e-01,9.083186125921517418e-01,9.490095713948188960e-01,1.000000000000000000e+00,8.570071466493037748e-01,9.001669570443530111e-01,9.153134077838024352e-01,8.763440385709070357e-01,8.797813909457591341e-01,9.131010539019878136e-01,8.613278903051455604e-01,8.838040907005793034e-01,8.628853197393872021e-01,8.656261460152433473e-01,9.600585167641300099e-01,8.701863010936681242e-01,9.058197334028865733e-01,9.367470837355387214e-01,9.095754072245159083e-01
8.739865844119726335e-01,9.022873939092773687e-01,9.315706723528657252e-01,8.818836111094272567e-01,9.213496171997569428e-01,8.699678589195127820e-01,9.618362948245463562e-01,9.555402162233588292e-01,8.731225809040682462e-01,8.614926574115260305e-01,9.822840425563070799e-01,9.658056696976828892e-01,9.253036008812621782e-01,8.739176578928306016e-01,9.455019272817802856e-01,9.841610705108284618e-01,8.469500442698569831e-01,8.497795916453344534e-01,9.634978961656464058e-01,9.223071217721461323e-01,8.941004692128049491e-01,8.775286006605567124e-01,8.758148933719976936e-01,8.570071466493037748e-01,1.000000000000000000e+00,9.041675837650768877e-01,8.782099196067921776e-01,9.434811194367338505e-01,9.308330021172583901e-01,8.762466466962847145e-01,9.667976520967243026e-01,9.282520137302224805e-01,9.689851141185403804e-01,9.655506241751002916e-01,8.602970179402295026e-01,9.618408956414129518e-01,8.955883430812614510e-01,8.781798936802328592e-01,8.943687813278098364e-01
9.515023346443899355e-01,9.839716959932439666e-01,9.595595086457616718e-01,9.586183984406196901e-01,9.715958229515632150e-01,9.405639258641932399e-01,9.188170149477645765e-01,9.321699132532437204e-01,9.399833260174835781e-01,9.186729709890807394e-01,9.041990381857224479e-01,9.156936877156355292e-01,9.622492167227530979e-01,9.465798117766747177e-01,9.362055651574507920e-01,9.040032733098972706e-01,9.043266999224957026e-01,8.936466405262443180e-01,9.173528440098968062e-01,9.666456530100056010e-01,9.720798125756660024e-01,9.565501657776795952e-01,9.327568451650802839e-01,9.001669570443530111e-01,9.041675837650768877e-01,1.000000000000000000e+00,9.471270805108901181e-01,9.391579571851637054e-01,9.525894944025421474e-01,9.535446718641480413e-01,9.165963596864152851e-01,9.613564275636340417e-01,9.145151679433761727e-01,9.142574869318719211e-01,9.210439441926911996e-01,9.203934452174485914e-01,9.729692245561373243e-01,9.416391132031942668e-01,9.736827938341265920e-01
9.780258794407947764e-01,9.483750674943960401e-01,9.200518128785520888e-01,9.695364338316844188e-01,9.360262997159680687e-01,9.774517051845330595e-01,8.905880775927165205e-01,8.982471836170300428e-01,9.771528048786588538e-01,9.437894788405316593e-01,8.766573036085166803e-01,8.923055630821341566e-01,9.242093796918303683e-01,9.823691600782047395e-01,9.053606654797717868e-01,8.769576976514247280e-01,9.293582944815528268e-01,9.116162659447670791e-01,8.925483604386497127e-01,9.310495054504505097e-01,9.584044634907091798e-01,9.706008347772909772e-01,9.599714743033973541e-01,9.153134077838024352e-01,8.782099196067921776e-01,9.471270805108901181e-01,1.000000000000000000e+00,9.055552355624379990e-01,9.108339050264191439e-01,9.746650416640660897e-01,8.924251869303929663e-01,9.219872203729922999e-01,8.890621792270393398e-01,8.930364782338939822e-01,9.443201092391809714e-01,8.949739972879924288e-01,9.567646099131181803e-01,9.716213104200146500e-01,9.589747104919792431e-01
9.071723763366110749e-01,9.376847429749143314e-01,9.644729822085904569e-01,9.155392414515898247e-01,9.527203971708140262e-01,9.002082853391866202e-01,9.611583232636858876e-01,9.737309883679545752e-01,9.005985182413890344e-01,8.849254545061917554e-01,9.473164650684078314e-01,9.609627360427591691e-01,9.598752044070031353e-01,9.035682833934648439e-01,9.845418018297604767e-01,9.402627924262485504e-01,8.688265089030448030e-01,8.688232841650664895e-01,9.599151246062297416e-01,9.518759886425868233e-01,9.315348490974362239e-01,9.112101377767195531e-01,8.991456147078490391e-01,8.763440385709070357e-01,9.434811194367338505e-01,9.391579571851637054e-01,9.055552355624379990e-01,1.000000000000000000e+00,9.673808909678062173e-01,9.098485955165114270e-01,9.606107435792800020e-01,9.619329742055809929e-01,9.614191908271367826e-01,9.601752305938064946e-01,8.840142656032664581e-01,9.603524290907514693e-01,9.332000753603186816e-01,9.047179728459606718e-01,9.331684409601279651e-01
9.160033050709464053e-01,9.506584325502906996e-01,9.818190498629701946e-01,9.232849905165202431e-01,9.659557352331724633e-01,9.054165630798884923e-01,9.426533266924150833e-01,9.574452408346157961e-01,9.031421549891347489e-01,8.852520694192113071e-01,9.342059663230030120e-01,9.452981990516127198e-01,9.758991895904470804e-01,9.104436707596987866e-01,9.661647912469755184e-01,9.293462321729731856e-01,8.702013058623169206e-01,8.696737497157895902e-01,9.430156683294260711e-01,9.685923258970748906e-01,9.406412849537628684e-01,9.191682082817487220e-01,9.018352896630966731e-01,8.797813909457591341e-01,9.308330021172583901e-01,9.525894944025421474e-01,9.108339050264191439e-01,9.673808909678062173e-01,1.000000000000000000e+00,9.192590668093549855e-01,9.452066894742235936e-01,9.799531500241365212e-01,9.454575258874517996e-01,9.426766785304777629e-01,8.870949529970550973e-01,9.445002323451422432e-01,9.399593213867277752e-01,9.079054368663391772e-01,9.398942666123281109e-01
9.827695753997297556e-01,9.551062460533119580e-01,9.277730748114432213e-01,9.808009695149743079e-01,9.403693977012674843e-01,9.690267304258437520e-01,8.899385748739782054e-01,9.015434007253865234e-01,9.686853970787521195e-01,9.363723396315489778e-01,8.741048968814889575e-01,8.903353836484751982e-01,9.291643458978497971e-01,9.780113623941431023e-01,9.096689388404957111e-01,8.774514868970050285e-01,9.239296772733418539e-01,9.080553109493486597e-01,8.920324297276928105e-01,9.359688640061142317e-01,9.685772727156352069e-01,9.810846124920724609e-01,9.545793788484298048e-01,9.131010539019878136e-01,8.762466466962847145e-01,9.535446718641480413e-01,9.746650416640660897e-01,9.098485955165114270e-01,9.192590668093549855e-01,1.000000000000000000e+00,8.910927659470943007e-01,9.293958606300370962e-01,8.881481357038357727e-01,8.907304163077466308e-01,9.369536675485411470e-01,8.946208962063930681e-01,9.662828619439799427e-01,9.631914921759495707e-01,9.672997953706652385e-01
8.893093778789568082e-01,9.143971256999190445e-01,9.441605356305557972e-01,8.953860967684974526e-01,9.316319315156127434e-01,8.845179063654516893e-01,9.779378808752541286e-01,9.713232548450502213e-01,8.860176414518430299e-01,8.689741682050637905e-01,9.711351503277859676e-01,9.844133213976126173e-01,9.389053293956232116e-01,8.888803359060277742e-01,9.623091282622542320e-01,9.640331670081566662e-01,8.561010319078832254e-01,8.545241039204315436e-01,9.818450639285035697e-01,9.317159019236209705e-01,9.106482264313299213e-01,8.907887320545426757e-01,8.830646071552026299e-01,8.613278903051455604e-01,9.667976520967243026e-01,9.165963596864152851e-01,8.924251869303929663e-01,9.606107435792800020e-01,9.452066894742235936e-01,8.910927659470943007e-01,1.000000000000000000e+00,9.426991836537972347e-01,9.840893606771362601e-01,9.836148594587984517e-01,8.676459011849010361e-01,9.792168065660197263e-01,9.077521070108578449e-01,8.903382529908545617e-01,9.096308803690796863e-01
9.262887362853878814e-01,9.596424815405685260e-01,9.836098018411082444e-01,9.331847453244641599e-01,9.750318614731775524e-01,9.152750047910921394e-01,9.392067805662890345e-01,9.526859725484378982e-01,9.137108647075291579e-01,8.941735538525350524e-01,9.315788668049832522e-01,9.418227192917401069e-01,9.806687239138666135e-01,9.218735367996060415e-01,9.601698829604654595e-01,9.270753759048397935e-01,8.794052752815558760e-01,8.745409358819757895e-01,9.404029530264509384e-01,9.768995308358706664e-01,9.484926938786911732e-01,9.286906406867760921e-01,9.106371236714804196e-01,8.838040907005793034e-01,9.282520137302224805e-01,9.613564275636340417e-01,9.219872203729922999e-01,9.619329742055809929e-01,9.799531500241365212e-01,9.293958606300370962e-01,9.426991836537972347e-01,1.000000000000000000e+00,9.418480825877942886e-01,9.395412028214399358e-01,8.965587561501843217e-01,9.411112457242893914e-01,9.498257654849364684e-01,9.185693094369148382e-01,9.492226063714502837e-01
8.859256392962048254e-01,9.122368396365404530e-01,9.441045309788163031e-01,8.924424684030658472e-01,9.296549361716950344e-01,8.821723577578338693e-01,9.768170016896001728e-01,9.714873975009431506e-01,8.832799516204168366e-01,8.677882184788857645e-01,9.735356089409792357e-01,9.837540751645440507e-01,9.373256415934740904e-01,8.854466126249772584e-01,9.632120524492826519e-01,9.672004827217148826e-01,8.558851478350391062e-01,8.560378239577600690e-01,9.811804300545785562e-01,9.298106293499185382e-01,9.091886875261555589e-01,8.882432134732958229e-01,8.829498129949244767e-01,8.628853197393872021e-01,9.689851141185403804e-01,9.145151679433761727e-01,8.890621792270393398e-01,9.614191908271367826e-01,9.454575258874517996e-01,8.881481357038357727e-01,9.840893606771362601e-01,9.418480825877942886e-01,1.000000000000000000e+00,9.830659879424685776e-01,8.676722187761284344e-01,9.784877724509556396e-01,9.061607578306750677e-01,8.888274714037330826e-01,9.079103382982322001e-01
8.893473275705612302e-01,9.120073564119972609e-01,9.413206264903164477e-01,8.949243442510195212e-01,9.287827868229241446e-01,8.858700321060490879e-01,9.798684399685607671e-01,9.707973025173195492e-01,8.869871251692534875e-01,8.725734989273153941e-01,9.698629348432317165e-01,9.844757451228998146e-01,9.365708094340865486e-01,8.881779301366575785e-01,9.612465862480736867e-01,9.626127476628574264e-01,8.596815712032798151e-01,8.589835481902791114e-01,9.842177722978736609e-01,9.288079144043638324e-01,9.102461499702476644e-01,8.907595056858174098e-01,8.854364759960487996e-01,8.656261460152433473e-01,9.655506241751002916e-01,9.142574869318719211e-01,8.930364782338939822e-01,9.601752305938064946e-01,9.426766785304777629e-01,8.907304163077466308e-01,9.836148594587984517e-01,9.395412028214399358e-01,9.830659879424685776e-01,1.000000000000000000e+00,8.707767341045355991e-01,9.820659016591214430e-01,9.074025219612946724e-01,8.914493525931460605e-01,9.093978098020429890e-01
9.396908675787185583e-01,9.181535381247309946e-01,8.932096970592454666e-01,9.316960715750839395e-01,9.066635280546450071e-01,9.559657626182955781e-01,8.752187447572831180e-01,8.831027667196473807e-01,9.549752698393159100e-01,9.811877212133720549e-01,8.587206044300902397e-01,8.694450356382920075e-01,8.952295666391625328e-01,9.430105462244730008e-01,8.803993151721373200e-01,8.618476253192168812e-01,9.706242620260927545e-01,9.592540372589606346e-01,8.737980739714337197e-01,9.020133725723328277e-01,9.271293720642188596e-01,9.316236740527058524e-01,9.744011830118053386e-01,9.600585167641300099e-01,8.602970179402295026e-01,9.210439441926911996e-01,9.443201092391809714e-01,8.840142656032664581e-01,8.870949529970550973e-01,9.369536675485411470e-01,8.676459011849010361e-01,8.965587561501843217e-01,8.676722187761284344e-01,8.707767341045355991e-01,1.000000000000000000e+00,8.756893557970092390e-01,9.263593824375369046e-01,9.637701295907674659e-01,9.291023646093554689e-01
8.923336829481595123e-01,9.172093413508864979e-01,9.436947816439431591e-01,8.982113194960555935e-01,9.314688860853669317e-01,8.897875350266971628e-01,9.827424584263194651e-01,9.730400665886336231e-01,8.916334466800189817e-01,8.776109151557927035e-01,9.653092320982770147e-01,9.806970091402272827e-01,9.385191357059506911e-01,8.906435566685725336e-01,9.613672203847903885e-01,9.583239365101992036e-01,8.652040917152915567e-01,8.644162621048221418e-01,9.835433755225211350e-01,9.310599071678237193e-01,9.138844975503240819e-01,8.944005650359709847e-01,8.908253137197195137e-01,8.701863010936681242e-01,9.618408956414129518e-01,9.203934452174485914e-01,8.949739972879924288e-01,9.603524290907514693e-01,9.445002323451422432e-01,8.946208962063930681e-01,9.792168065660197263e-01,9.411112457242893914e-01,9.784877724509556396e-01,9.820659016591214430e-01,8.756893557970092390e-01,1.000000000000000000e+00,9.111916683695120422e-01,8.966387508432920317e-01,9.138401181620843250e-01
9.631667653949392838e-01,9.739706043002311908e-01,9.475842979385964426e-01,9.720730771840576656e-01,9.594336947337989141e-01,9.503242913090452770e-01,9.081766305036713671e-01,9.232300033847085086e-01,9.501253952323244212e-01,9.256708062271477022e-01,8.929775053342947633e-01,9.065874140069531961e-01,9.491660474781751233e-01,9.579809595079175066e-01,9.310503146917273876e-01,8.963197898173231870e-01,9.151605555668734793e-01,8.978762511462345941e-01,9.089510694614739705e-01,9.530804493357746265e-01,9.813679004746214130e-01,9.697373224350208654e-01,9.395018099979909332e-01,9.058197334028865733e-01,8.955883430812614510e-01,9.729692245561373243e-01,9.567646099131181803e-01,9.332000753603186816e-01,9.399593213867277752e-01,9.662828619439799427e-01,9.077521070108578449e-01,9.498257654849364684e-01,9.061607578306750677e-01,9.074025219612946724e-01,9.263593824375369046e-01,9.111916683695120422e-01,1.000000000000000000e+00,9.485240467769846529e-01,9.815140568198832405e-01
9.658898968155809062e-01,9.397582590226180033e-01,9.157424776535422195e-01,9.580327959832285467e-01,9.289630523601137835e-01,9.800424186462397547e-01,8.943848069370080589e-01,9.019909513431635384e-01,9.801615377628983827e-01,9.615766546496539169e-01,8.770357598942049027e-01,8.905181179037405803e-01,9.195388265696479158e-01,9.698313621070401291e-01,9.033443951456493481e-01,8.777181987642208583e-01,9.494211905243028493e-01,9.339176766372159211e-01,8.929390780898698310e-01,9.237511959901816283e-01,9.497915228315105818e-01,9.600435960056679097e-01,9.763303044056094171e-01,9.367470837355387214e-01,8.781798936802328592e-01,9.416391132031942668e-01,9.716213104200146500e-01,9.047179728459606718e-01,9.079054368663391772e-01,9.631914921759495707e-01,8.903382529908545617e-01,9.185693094369148382e-01,8.888274714037330826e-01,8.914493525931460605e-01,9.637701295907674659e-01,8.966387508432920317e-01,9.485240467769846529e-01,1.000000000000000000e+00,9.511075019323904645e-01
9.642863322634971368e-01,9.743746689734498201e-01,9.476448813487213796e-01,9.716281002387513466e-01,9.592765080605696326e-01,9.521909676688400381e-01,9.098392611464161117e-01,9.243315979424502338e-01,9.524608707096416937e-01,9.277790345004436334e-01,8.943683196172230732e-01,9.090712414889273729e-01,9.497797879538458776e-01,9.589683551398734407e-01,9.310591584694118961e-01,8.946087345308834093e-01,9.176758583843598327e-01,9.022712360737196180e-01,9.122309165926680841e-01,9.540504991658090850e-01,9.823452483113991329e-01,9.704353368839574445e-01,9.425571008434341369e-01,9.095754072245159083e-01,8.943687813278098364e-01,9.736827938341265920e-01,9.589747104919792431e-01,9.331684409601279651e-01,9.398942666123281109e-01,9.672997953706652385e-01,9.096308803690796863e-01,9.492226063714502837e-01,9.079103382982322001e-01,9.093978098020429890e-01,9.291023646093554689e-01,9.138401181620843250e-01,9.815140568198832405e-01,9.511075019323904645e-01,1.000000000000000000e+00
