1.000000000000000000e+00,6.671786229744994801e-01,2.782476195317760137e-01,6.554534497882714694e-01,5.012275551624311154e-01,2.335331455275146406e-01,3.587032025436485139e-01,-3.696412452446162233e-01,7.701637397026709353e-01,5.797225518093155339e-01,1.585662562865078340e-01,-3.901252967891650214e-01,4.465062198597815613e-01,4.551722877842973580e-01,-5.527779478221784837e-01,6.202712422855618524e-01,2.509412321898558951e-02,6.291516115231265971e-01,1.613195643485167974e-01,-1.129964272461516511e-01,-5.219726206219805764e-01,-4.784580293784804206e-01,3.706864704081793693e-01,2.407747935730318589e-01,3.045009281339585150e-01,4.036799597139684725e-01,-1.664532106909956122e-01,3.874720624486949032e-03,9.222294031685504545e-02,5.079593095648662349e-01,-6.005544703115435201e-01,-3.289781569839353992e-01,3.104702592309157572e-01,1.249507611225856435e-01,1.014408121055565548e-01,-2.071798977116741380e-01,1.235491011848496162e-01,7.935826278947555323e-01,1.088851415948550727e-01
6.671786229744994801e-01,1.000000000000000000e+00,2.090636307170898045e-01,5.403375166527397688e-01,4.785003526429111309e-01,3.956661339259636145e-01,3.492126784065099354e-01,-3.507065102571451654e-01,6.628821884996368707e-01,6.705278273511584564e-01,3.689947978191346900e-01,-5.096359713816898118e-01,4.405034195768955940e-01,5.014169397539137707e-01,-6.556134492125965663e-01,5.117777023567356975e-01,1.407723560851525391e-01,5.854804868253776773e-01,1.847459585655636671e-01,-3.300279578454192730e-01,-6.981351894986147499e-01,-6.185329104956581725e-01,4.966374872673509078e-01,3.127604070772129208e-01,3.492601661049989370e-01,4.426491272450915337e-01,-4.148536165427369610e-02,-2.341800837735069363e-01,2.517866863582812753e-01,4.768458349100725413e-01,-5.921180600323154852e-01,-2.696141934230040713e-02,3.097730246029364309e-01,-8.968595359073179563e-02,1.524724347836994842e-01,-1.800636509387253947e-01,3.270211671675779530e-01,6.859124220134861227e-01,1.490477208740522419e-01
2.782476195317760137e-01,2.090636307170898045e-01,1.000000000000000000e+00,2.027256843828572075e-01,5.494988249109381551e-01,2.294029078380211417e-01,1.787381505861542208e-01,-8.655266273166158930e-01,3.298636332747117428e-01,4.422651594343233739e-01,2.002283474557705889e-01,-1.695972218588382707e-01,-2.909170617879290321e-01,3.152396619195421690e-01,-1.648050195068990476e-01,4.840385537756854428e-01,7.918622560232629892e-02,1.930221785115401323e-01,2.346732350493888064e-01,4.135146932606657000e-01,7.814241448089155606e-02,1.630538637216902009e-01,3.378839835383213308e-01,2.882546119911857385e-01,3.723128516384400788e-01,3.339596688531289992e-01,2.679760361452563355e-01,5.467653869229690544e-01,1.005177127460268709e-02,5.189089428414197513e-01,1.332236635032121308e-01,-6.677532706145081209e-02,5.667379536251192507e-01,4.610301180497655693e-01,3.836651729237810504e-01,8.158378310369147901e-02,2.604143705722115620e-01,2.787986142589239380e-01,9.728839441380278397e-02
6.554534497882714694e-01,5.403375166527397688e-01,2.027256843828572075e-01,1.000000000000000000e+00,3.754431142770960905e-01,3.155466908360769485e-01,5.165755143948413952e-01,-3.170595008921759383e-01,6.558185477899222127e-01,4.005804376800801703e-01,2.367747420333718433e-01,-4.956822345724513079e-01,4.710304710537012718e-01,3.461697803905339210e-01,-6.603476873335899500e-01,3.850950180646185994e-01,5.470798583507858331e-02,6.881334747308448518e-01,3.150591609777585456e-01,-1.460965602760748994e-01,-5.725973816046853182e-01,-4.958903658150603522e-01,3.365120928896897512e-01,1.509795281435538927e-01,1.783314489315972196e-01,3.187294890832314542e-01,-1.802326241860580380e-01,-1.794486747743531951e-01,2.954824194948992705e-02,2.899197966921707725e-01,-5.965139038078982603e-01,-2.953675806205321441e-01,2.661514993634799819e-01,-1.026652565518016286e-01,-3.567245959916360426e-02,-2.330494826344026438e-01,1.420114359511849556e-01,7.263393438077925257e-01,1.963400165403955677e-01
5.012275551624311154e-01,4.785003526429111309e-01,5.494988249109381551e-01,3.754431142770960905e-01,1.000000000000000000e+00,3.302901504705089142e-01,3.209651911071028652e-01,-5.685333568055113140e-01,5.790945179839791512e-01,6.057704626994104835e-01,3.088142229211885414e-01,-3.028754122911183622e-01,-8.341470816134287369e-02,5.755822937463536126e-01,-3.994754735642073729e-01,6.033048368734844624e-01,2.190792560820678248e-01,3.597686397194710950e-01,1.945303950278531036e-01,-6.055183261439676251e-02,-2.629576591190884716e-01,-2.509662177396069782e-01,4.562413929015247116e-01,4.542347741046924847e-01,4.758981434992732851e-01,4.751984904834180012e-01,3.185605629967714902e-01,1.457139465089966612e-01,2.973087564504270919e-01,6.067353880596433324e-01,-1.257303685631337153e-01,8.087955474995285610e-02,5.245172120607437538e-01,4.504271372871394008e-01,3.863770405990497592e-01,5.516236807299747247e-02,3.737522476222382428e-01,5.342353808563836681e-01,2.463315508513813645e-01
2.335331455275146406e-01,3.956661339259636145e-01,2.294029078380211417e-01,3.155466908360769485e-01,3.302901504705089142e-01,1.000000000000000000e+00,1.539174563404604734e-01,-3.368933124095966347e-01,3.364871585708387181e-01,2.283977553395739046e-01,8.785455148006831028e-01,-2.840188353513789510e-01,6.010554564600097821e-02,6.760858244901508662e-01,-5.459089032789888885e-01,2.103491033837734392e-01,7.688252390353992327e-01,5.574047091768903339e-01,-1.722711289322259864e-01,-2.532986370605402882e-01,-5.170235920400809704e-01,-4.926579270253986231e-01,7.871351427956838620e-01,7.140666902687986539e-01,7.255128854694198326e-01,3.457758016427961989e-01,9.046673834963056549e-02,1.235770394816686560e-02,4.833690667911572647e-01,2.969418954392478160e-01,-3.353749278911691833e-01,3.565348993094663577e-01,7.096361873292569289e-01,-2.991640585184880963e-01,5.671960423692874453e-01,-4.493711591105429837e-01,8.129754053832887184e-01,4.583665944310408857e-01,-2.750801131295459445e-01
3.587032025436485139e-01,3.492126784065099354e-01,1.787381505861542208e-01,5.165755143948413952e-01,3.209651911071028652e-01,1.539174563404604734e-01,1.000000000000000000e+00,-2.328972069716485349e-01,4.877808950468547899e-01,3.247483130854190714e-01,1.457944973323679061e-01,-5.695493434015119760e-01,2.246896401071926119e-01,1.246871719609836254e-01,-4.211717615256735381e-01,2.630183140773465489e-01,-4.651232366566893789e-02,4.547261111502073905e-01,3.842210955395417016e-01,-4.871052534370313297e-02,-3.652141983484452625e-01,-2.608982412443345833e-01,1.318779483820808895e-01,6.660412558785429316e-02,3.536766492244831223e-02,1.582913792719184976e-01,-1.251411189201224183e-01,-1.289895559218620369e-01,-8.882469175210924717e-02,1.994376857206094922e-01,-3.081752003191834954e-01,-2.084101702489749575e-01,1.291583845765317262e-01,-4.872094668337630108e-02,-1.550835693561854467e-01,-3.541562622213233202e-02,1.956382649985069846e-02,4.114146160996403623e-01,1.903843945966774143e-01
-3.696412452446162233e-01,-3.507065102571451654e-01,-8.655266273166158930e-01,-3.170595008921759383e-01,-5.685333568055113140e-01,-3.368933124095966347e-01,-2.328972069716485349e-01,1.000000000000000000e+00,-4.166019476265910293e-01,-4.721723591667034148e-01,-3.108953941293481904e-01,3.055841508085937464e-01,1.249830539490266179e-01,-4.221360910680529432e-01,3.423309772264745421e-01,-4.806196171125274863e-01,-1.373524306386492144e-01,-3.312610877151962452e-01,-1.991930661341060060e-01,-2.577143648769262274e-01,1.259908646031403234e-01,4.123217167281788970e-02,-4.219576946615983815e-01,-3.527410243531347023e-01,-4.062032798747938211e-01,-3.655119199452145362e-01,-1.652752261522726085e-01,-4.025859298496748950e-01,-4.772723171815402426e-02,-4.939960096099120790e-01,6.114448641808195584e-02,7.970916624112930893e-02,-6.109087759919974436e-01,-3.306937435208950893e-01,-3.419478908256456950e-01,6.342713338618882757e-02,-3.112821134160506653e-01,-4.120892072547218121e-01,-9.502930504128251354e-02
7.701637397026709353e-01,6.628821884996368707e-01,3.298636332747117428e-01,6.558185477899222127e-01,5.790945179839791512e-01,3.364871585708387181e-01,4.877808950468547899e-01,-4.166019476265910293e-01,1.000000000000000000e+00,6.208908166220138414e-01,2.677440639912604392e-01,-5.445377530300502533e-01,3.556921558911639303e-01,4.693868216479443189e-01,-6.368151131805530607e-01,6.384617654017156196e-01,1.298068698237908047e-01,6.810449636571256349e-01,2.838686813188193159e-01,-1.472163407543232716e-01,-5.693758553998921057e-01,-4.878503697691254359e-01,4.263070626448415834e-01,2.808039185881465727e-01,3.294940671684178368e-01,4.726455644929109523e-01,-6.018216068264225366e-02,-5.238722618709842210e-02,2.024829839330592740e-01,5.327343890986918629e-01,-5.516313758261204292e-01,-1.986535268364937878e-01,3.968048674398774178e-01,1.501983503156680277e-01,1.460548621780887735e-01,-2.293183732772025030e-01,2.393412928038046728e-01,7.989713212997289205e-01,1.657387412765269907e-01
5.797225518093155339e-01,6.705278273511584564e-01,4.422651594343233739e-01,4.005804376800801703e-01,6.057704626994104835e-01,2.283977553395739046e-01,3.247483130854190714e-01,-4.721723591667034148e-01,6.208908166220138414e-01,1.000000000000000000e+00,1.878562554296266118e-01,-3.498098525033669914e-01,5.633229649907472991e-02,4.523471174820976048e-01,-4.061614236143382128e-01,8.032599439375561756e-01,7.117672983468199821e-02,3.885410597060540705e-01,3.058452649781301935e-01,-2.192997491377082081e-02,-3.486851281247125844e-01,-2.638605566118006340e-01,4.619207286260133549e-01,2.411164568126787366e-01,3.747185782463058890e-01,5.840040723354356089e-01,2.739853889620250671e-01,1.092027893026487756e-01,2.930662443288559738e-01,7.454617517128728776e-01,-2.101154009297332981e-01,7.172992446568637881e-02,3.336822868887353022e-01,2.836442930719110800e-01,3.167387106765233717e-01,1.873001439896501141e-01,3.169544772440165414e-01,5.252201077677041141e-01,2.132999301260697922e-01
1.585662562865078340e-01,3.689947978191346900e-01,2.002283474557705889e-01,2.367747420333718433e-01,3.088142229211885414e-01,8.785455148006831028e-01,1.457944973323679061e-01,-3.108953941293481904e-01,2.677440639912604392e-01,1.878562554296266118e-01,1.000000000000000000e+00,-2.921494844905863641e-01,4.933031325461570415e-02,6.492518178133730444e-01,-5.217075294165087751e-01,1.472374573187393010e-01,7.977163528630566436e-01,4.831305173929043573e-01,-2.593549383060357871e-01,-3.129779716100961617e-01,-5.109068292619565188e-01,-4.953641976044936279e-01,7.762747107959317994e-01,7.292334050491688924e-01,7.223824582258652205e-01,3.126673909586997202e-01,1.034164698928171366e-01,-3.853478571928958818e-02,5.017866720801507086e-01,2.406151948095780480e-01,-3.131829584652012777e-01,4.220938648832022189e-01,6.843630708944405949e-01,-3.179629195272714592e-01,5.432295184251995090e-01,-4.810255691919766985e-01,7.989380827801841889e-01,3.995595126296536681e-01,-2.743636318748963188e-01
-3.901252967891650214e-01,-5.096359713816898118e-01,-1.695972218588382707e-01,-4.956822345724513079e-01,-3.028754122911183622e-01,-2.840188353513789510e-01,-5.695493434015119760e-01,3.055841508085937464e-01,-5.445377530300502533e-01,-3.498098525033669914e-01,-2.921494844905863641e-01,1.000000000000000000e+00,-4.001060302825494852e-01,-2.938332877881092431e-01,6.903666572373028387e-01,-2.819781185148459435e-01,-8.037360277467685277e-02,-5.353572252792432318e-01,-3.310118949375510100e-01,2.813311062736510992e-01,5.785667297388032981e-01,4.822692724312671042e-01,-2.397315076268227985e-01,-1.674134849683737714e-01,-9.367139733080900865e-02,-2.660903092665388714e-01,1.390587367266101770e-01,3.133794332859638487e-01,-5.539133671616340571e-02,-1.379654929733807323e-01,5.001708673916747117e-01,1.698686729285919239e-01,-2.285962056158001021e-01,2.052798243814481227e-01,8.532813867395494523e-02,3.505436339631528009e-01,-1.277678490511093001e-01,-5.460442909659668498e-01,-2.887558923293736535e-01
4.465062198597815613e-01,4.405034195768955940e-01,-2.909170617879290321e-01,4.710304710537012718e-01,-8.341470816134287369e-02,6.010554564600097821e-02,2.246896401071926119e-01,1.249830539490266179e-01,3.556921558911639303e-01,5.633229649907472991e-02,4.933031325461570415e-02,-4.001060302825494852e-01,1.000000000000000000e+00,1.217780343547060218e-01,-4.890940393495814553e-01,-1.151446270583817919e-02,-1.000478671922630930e-01,4.473835875663416672e-01,1.892661160066275161e-02,-4.402498167713365662e-01,-6.320068727337897485e-01,-6.095956829080911854e-01,2.103586397399118471e-02,-5.133419118096082395e-02,-1.381044717523056686e-01,5.853519820073783964e-02,-4.608013310060742884e-01,-5.187429126176018590e-01,-5.451577825198165167e-02,-1.834359087301206670e-01,-7.845303756149919483e-01,-3.245083763832710688e-01,-1.579551214527233627e-01,-4.054783203716911255e-01,-3.346717511197919714e-01,-4.207710670213247184e-01,-1.403419559643244718e-01,4.791698866728252848e-01,5.649116403854638480e-02
4.551722877842973580e-01,5.014169397539137707e-01,3.152396619195421690e-01,3.461697803905339210e-01,5.755822937463536126e-01,6.760858244901508662e-01,1.246871719609836254e-01,-4.221360910680529432e-01,4.693868216479443189e-01,4.523471174820976048e-01,6.492518178133730444e-01,-2.938332877881092431e-01,1.217780343547060218e-01,1.000000000000000000e+00,-5.389522306156332432e-01,4.670811178362864746e-01,5.508883881697322904e-01,5.158221723601580377e-01,-1.426494680826522754e-01,-2.922201524618079360e-01,-4.747912366104926063e-01,-5.156587632614038075e-01,7.249642276760338566e-01,7.114889885608612907e-01,6.825827435646073527e-01,4.479066473524147551e-01,1.232117140431134572e-01,6.760902539672426770e-02,4.606721448040705380e-01,4.842962142993045283e-01,-3.483456107460725648e-01,2.839565289167401141e-01,6.691531124376282058e-01,-1.253897727865620031e-02,5.621825042624900570e-01,-2.677249711101291618e-01,6.973854840496375163e-01,5.480745090220158211e-01,-1.369997881566404896e-01
-5.527779478221784837e-01,-6.556134492125965663e-01,-1.648050195068990476e-01,-6.603476873335899500e-01,-3.994754735642073729e-01,-5.459089032789888885e-01,-4.211717615256735381e-01,3.423309772264745421e-01,-6.368151131805530607e-01,-4.061614236143382128e-01,-5.217075294165087751e-01,6.903666572373028387e-01,-4.890940393495814553e-01,-5.389522306156332432e-01,1.000000000000000000e+00,-3.304242192664522682e-01,-3.249207497275926060e-01,-7.578221849655093489e-01,-1.513871589603575651e-01,4.309846689791176910e-01,7.502173782997607621e-01,7.046720463832267800e-01,-5.143123420532059731e-01,-3.635971720065852009e-01,-3.297671520615542695e-01,-4.098678304838972997e-01,1.226473520332908851e-01,3.206440008069030290e-01,-2.500046151713984366e-01,-2.388988641820879999e-01,6.739253973785943597e-01,5.241640830186326816e-02,-4.197712325589549875e-01,2.900148393654046197e-01,-9.993173562994385473e-02,4.796756888329203328e-01,-3.681783590879678658e-01,-7.278796780179721537e-01,-1.288943288744012761e-01
6.202712422855618524e-01,5.117777023567356975e-01,4.840385537756854428e-01,3.850950180646185994e-01,6.033048368734844624e-01,2.103491033837734392e-01,2.630183140773465489e-01,-4.806196171125274863e-01,6.384617654017156196e-01,8.032599439375561756e-01,1.472374573187393010e-01,-2.819781185148459435e-01,-1.151446270583817919e-02,4.670811178362864746e-01,-3.304242192664522682e-01,1.000000000000000000e+00,1.014300561215049495e-01,3.912428482009022157e-01,2.576656968700775652e-01,1.099195011345874690e-01,-2.184840666170668189e-01,-1.531964948840185137e-01,4.470557340619338293e-01,2.772054240810081227e-01,4.052074195553263536e-01,6.148030679592794145e-01,2.953845844038555102e-01,2.858026698312943759e-01,2.958835824529016945e-01,7.836473091252511569e-01,-1.379466843221865135e-01,-1.327036189992909397e-03,4.029891437064960225e-01,3.711291366192171481e-01,4.270015642514304322e-01,1.644062427780952629e-01,3.029705263081253208e-01,5.257781655080249195e-01,1.274153807775731118e-01
2.509412321898558951e-02,1.407723560851525391e-01,7.918622560232629892e-02,5.470798583507858331e-02,2.190792560820678248e-01,7.688252390353992327e-01,-4.651232366566893789e-02,-1.373524306386492144e-01,1.298068698237908047e-01,7.117672983468199821e-02,7.977163528630566436e-01,-8.037360277467685277e-02,-1.000478671922630930e-01,5.508883881697322904e-01,-3.249207497275926060e-01,1.014300561215049495e-01,1.000000000000000000e+00,2.965330526993918414e-01,-3.959179635017355259e-01,-3.194224668847607251e-01,-3.083371199228834292e-01,-3.744833834516931859e-01,7.102986870969950628e-01,6.794426681707622651e-01,7.118295503806785218e-01,3.306236692300782987e-01,2.301097637043366118e-01,-3.292865231174509511e-03,6.471330632162647367e-01,2.011281829558024814e-01,-1.365625460242552158e-01,5.811336599190466412e-01,5.734489272216453104e-01,-2.277081555056752749e-01,6.154079876443342423e-01,-4.317116048641099768e-01,7.623688095922184216e-01,2.408224490762338743e-01,-2.859664707345934698e-01
6.291516115231265971e-01,5.854804868253776773e-01,1.930221785115401323e-01,6.881334747308448518e-01,3.597686397194710950e-01,5.574047091768903339e-01,4.547261111502073905e-01,-3.312610877151962452e-01,6.810449636571256349e-01,3.885410597060540705e-01,4.831305173929043573e-01,-5.353572252792432318e-01,4.473835875663416672e-01,5.158221723601580377e-01,-7.578221849655093489e-01,3.912428482009022157e-01,2.965330526993918414e-01,1.000000000000000000e+00,2.555890525045324546e-01,-2.193931730909313149e-01,-6.643185866630716419e-01,-5.825065772615589665e-01,4.972271862854447666e-01,3.392142052390456075e-01,3.282084701825215278e-01,4.804237315424740307e-01,-1.132255986273171533e-01,-9.199677552824093996e-02,2.273796184092258532e-01,2.690751678407069525e-01,-6.427941225811785175e-01,-1.346504984448594067e-01,4.575036802814827497e-01,-2.760268295825477614e-01,1.769711266468602939e-01,-3.750659441946501693e-01,3.873798278802458306e-01,7.536653961317894002e-01,-1.967401792527223928e-02
1.613195643485167974e-01,1.847459585655636671e-01,2.346732350493888064e-01,3.150591609777585456e-01,1.945303950278531036e-01,-1.722711289322259864e-01,3.842210955395417016e-01,-1.991930661341060060e-01,2.838686813188193159e-01,3.058452649781301935e-01,-2.593549383060357871e-01,-3.310118949375510100e-01,1.892661160066275161e-02,-1.426494680826522754e-01,-1.513871589603575651e-01,2.576656968700775652e-01,-3.959179635017355259e-01,2.555890525045324546e-01,1.000000000000000000e+00,2.770395492848130026e-01,2.390107298355631515e-02,1.639405081040089529e-01,-1.781127636120675983e-01,-2.451275041935359333e-01,-2.582462770681988595e-01,2.177364829600364482e-01,1.707343212225042595e-01,6.401835901865228495e-02,-1.904181562176638642e-01,1.536743470133316858e-01,4.447225339580083980e-02,-2.965956983225832566e-01,-8.323466766466949829e-02,1.390184302519714143e-01,-1.163385741763070247e-01,3.289398395161518551e-01,-1.538697145433192137e-01,1.661802225544161127e-01,4.968822533316030743e-01
-1.129964272461516511e-01,-3.300279578454192730e-01,4.135146932606657000e-01,-1.460965602760748994e-01,-6.055183261439676251e-02,-2.532986370605402882e-01,-4.871052534370313297e-02,-2.577143648769262274e-01,-1.472163407543232716e-01,-2.192997491377082081e-02,-3.129779716100961617e-01,2.813311062736510992e-01,-4.402498167713365662e-01,-2.922201524618079360e-01,4.309846689791176910e-01,1.099195011345874690e-01,-3.194224668847607251e-01,-2.193931730909313149e-01,2.770395492848130026e-01,1.000000000000000000e+00,5.826818593948387415e-01,6.754975857006508821e-01,-2.034164198405075397e-01,-1.979139824513321544e-01,-1.071178637014071899e-01,-9.410435108119069580e-02,1.399916234810846538e-01,6.740757721655740164e-01,-3.546002399577958819e-01,1.701423741056431738e-01,4.905688184940995566e-01,-2.670629386724823195e-01,7.190043200318756156e-02,3.696522083070289399e-01,1.116973883321211169e-01,3.808904684892284176e-01,-1.627224195921370964e-01,-2.527444668747215184e-01,-9.354469641313968575e-02
-5.219726206219805764e-01,-6.981351894986147499e-01,7.814241448089155606e-02,-5.725973816046853182e-01,-2.629576591190884716e-01,-5.170235920400809704e-01,-3.652141983484452625e-01,1.259908646031403234e-01,-5.693758553998921057e-01,-3.486851281247125844e-01,-5.109068292619565188e-01,5.785667297388032981e-01,-6.320068727337897485e-01,-4.747912366104926063e-01,7.502173782997607621e-01,-2.184840666170668189e-01,-3.083371199228834292e-01,-6.643185866630716419e-01,2.390107298355631515e-02,5.826818593948387415e-01,1.000000000000000000e+00,8.321438873798712166e-01,-4.620234779865924346e-01,-3.133320483043505189e-01,-2.714648400543913653e-01,-2.930054426955505109e-01,2.872110652116616758e-01,5.123765722384868715e-01,-3.014818612822408039e-01,-1.421827582305553173e-01,8.043727431532040617e-01,1.915183131306092898e-02,-2.422617050468675315e-01,4.195123651322648084e-01,2.169500494565149498e-02,4.882015601739859156e-01,-3.247780751590031989e-01,-6.633916581975799476e-01,2.107667967171847692e-02
-4.784580293784804206e-01,-6.185329104956581725e-01,1.630538637216902009e-01,-4.958903658150603522e-01,-2.509662177396069782e-01,-4.926579270253986231e-01,-2.608982412443345833e-01,4.123217167281788970e-02,-4.878503697691254359e-01,-2.638605566118006340e-01,-4.953641976044936279e-01,4.822692724312671042e-01,-6.095956829080911854e-01,-5.156587632614038075e-01,7.046720463832267800e-01,-1.531964948840185137e-01,-3.744833834516931859e-01,-5.825065772615589665e-01,1.639405081040089529e-01,6.754975857006508821e-01,8.321438873798712166e-01,1.000000000000000000e+00,-4.629643929168775207e-01,-3.472791473330962275e-01,-2.893990638453254327e-01,-2.596479003301215283e-01,2.887375706225669414e-01,5.452204103652978917e-01,-3.372077855380086198e-01,-8.988097620528232023e-02,7.717370519537077866e-01,-5.170760177472490809e-02,-2.001967446754729096e-01,4.038330803371264488e-01,1.251524223473157033e-02,5.080254594770632348e-01,-3.222645940676731602e-01,-6.135773057399086516e-01,2.789682057989324726e-02
3.706864704081793693e-01,4.966374872673509078e-01,3.378839835383213308e-01,3.365120928896897512e-01,4.562413929015247116e-01,7.871351427956838620e-01,1.318779483820808895e-01,-4.219576946615983815e-01,4.263070626448415834e-01,4.619207286260133549e-01,7.762747107959317994e-01,-2.397315076268227985e-01,2.103586397399118471e-02,7.249642276760338566e-01,-5.143123420532059731e-01,4.470557340619338293e-01,7.102986870969950628e-01,4.972271862854447666e-01,-1.781127636120675983e-01,-2.034164198405075397e-01,-4.620234779865924346e-01,-4.629643929168775207e-01,1.000000000000000000e+00,7.315786826041241753e-01,8.123892152678242606e-01,5.338949880984976692e-01,2.609062011459459818e-01,9.889707360276327186e-02,5.613476805406237835e-01,5.058899170381458976e-01,-2.829703030017656773e-01,3.838184685110067051e-01,7.098277280689175850e-01,-7.146613166838214348e-02,6.537068566219198518e-01,-3.574856584884724131e-01,7.896250111115307169e-01,5.287356712783251034e-01,-1.683825996670246239e-01
2.407747935730318589e-01,3.127604070772129208e-01,2.882546119911857385e-01,1.509795281435538927e-01,4.542347741046924847e-01,7.140666902687986539e-01,6.660412558785429316e-02,-3.527410243531347023e-01,2.808039185881465727e-01,2.411164568126787366e-01,7.292334050491688924e-01,-1.674134849683737714e-01,-5.133419118096082395e-02,7.114889885608612907e-01,-3.635971720065852009e-01,2.772054240810081227e-01,6.794426681707622651e-01,3.392142052390456075e-01,-2.451275041935359333e-01,-1.979139824513321544e-01,-3.133320483043505189e-01,-3.472791473330962275e-01,7.315786826041241753e-01,1.000000000000000000e+00,7.807693885820466972e-01,3.009101579243446123e-01,2.152632721805174676e-01,1.148030685346211610e-01,4.449221060236419611e-01,3.472189978224989315e-01,-1.751802410386857356e-01,3.554029921429919248e-01,6.935970993411545438e-01,-2.014553110882014164e-02,6.172441986343726317e-01,-4.049825719945018832e-01,7.201161229393853169e-01,3.890721242204810415e-01,-1.596888847038109016e-01
3.045009281339585150e-01,3.492601661049989370e-01,3.723128516384400788e-01,1.783314489315972196e-01,4.758981434992732851e-01,7.255128854694198326e-01,3.536766492244831223e-02,-4.062032798747938211e-01,3.294940671684178368e-01,3.747185782463058890e-01,7.223824582258652205e-01,-9.367139733080900865e-02,-1.381044717523056686e-01,6.825827435646073527e-01,-3.297671520615542695e-01,4.052074195553263536e-01,7.118295503806785218e-01,3.282084701825215278e-01,-2.582462770681988595e-01,-1.071178637014071899e-01,-2.714648400543913653e-01,-2.893990638453254327e-01,8.123892152678242606e-01,7.807693885820466972e-01,1.000000000000000000e+00,3.793838654769358665e-01,2.897905098949147273e-01,2.194891077359200360e-01,5.025291278045167509e-01,5.231231872269378469e-01,-1.186104450218750800e-01,3.926052746386896053e-01,7.259719800813899671e-01,8.170042695441930014e-02,6.917423800856691285e-01,-3.106557696784121858e-01,7.471582529251055149e-01,4.098718509966315371e-01,-1.567916220138095840e-01
4.036799597139684725e-01,4.426491272450915337e-01,3.339596688531289992e-01,3.187294890832314542e-01,4.751984904834180012e-01,3.457758016427961989e-01,1.582913792719184976e-01,-3.655119199452145362e-01,4.726455644929109523e-01,5.840040723354356089e-01,3.126673909586997202e-01,-2.660903092665388714e-01,5.853519820073783964e-02,4.479066473524147551e-01,-4.098678304838972997e-01,6.148030679592794145e-01,3.306236692300782987e-01,4.804237315424740307e-01,2.177364829600364482e-01,-9.410435108119069580e-02,-2.930054426955505109e-01,-2.596479003301215283e-01,5.338949880984976692e-01,3.009101579243446123e-01,3.793838654769358665e-01,1.000000000000000000e+00,5.210969427719506220e-01,1.217679103189182738e-01,5.918739628834670530e-01,4.684526746361019067e-01,-1.863330167168696649e-01,2.504853090489622680e-01,3.957768199130723974e-01,1.128116184036969533e-01,4.980917089324076730e-01,-2.232131535986044135e-02,4.523957569784015087e-01,4.879755976707450538e-01,1.519549199706609621e-01
-1.664532106909956122e-01,-4.148536165427369610e-02,2.679760361452563355e-01,-1.802326241860580380e-01,3.185605629967714902e-01,9.046673834963056549e-02,-1.251411189201224183e-01,-1.652752261522726085e-01,-6.018216068264225366e-02,2.739853889620250671e-01,1.034164698928171366e-01,1.390587367266101770e-01,-4.608013310060742884e-01,1.232117140431134572e-01,1.226473520332908851e-01,2.953845844038555102e-01,2.301097637043366118e-01,-1.132255986273171533e-01,1.707343212225042595e-01,1.399916234810846538e-01,2.872110652116616758e-01,2.887375706225669414e-01,2.609062011459459818e-01,2.152632721805174676e-01,2.897905098949147273e-01,5.210969427719506220e-01,1.000000000000000000e+00,2.857313739171982725e-01,4.038937309278788912e-01,2.850659447207997688e-01,4.678686366667577645e-01,4.631420953984956568e-01,2.512039678749231064e-01,3.510532909955756398e-01,5.583583855357951986e-01,3.158555657400646255e-01,3.375602417820538492e-01,-9.266586685549639546e-02,2.288480900926531947e-01
3.874720624486949032e-03,-2.341800837735069363e-01,5.467653869229690544e-01,-1.794486747743531951e-01,1.457139465089966612e-01,1.235770394816686560e-02,-1.289895559218620369e-01,-4.025859298496748950e-01,-5.238722618709842210e-02,1.092027893026487756e-01,-3.853478571928958818e-02,3.133794332859638487e-01,-5.187429126176018590e-01,6.760902539672426770e-02,3.206440008069030290e-01,2.858026698312943759e-01,-3.292865231174509511e-03,-9.199677552824093996e-02,6.401835901865228495e-02,6.740757721655740164e-01,5.123765722384868715e-01,5.452204103652978917e-01,9.889707360276327186e-02,1.148030685346211610e-01,2.194891077359200360e-01,1.217679103189182738e-01,2.857313739171982725e-01,1.000000000000000000e+00,-9.456587990285211798e-02,3.175454948358104046e-01,4.931868161708860554e-01,1.363036339287380591e-02,3.642136310399960442e-01,4.545725110404544300e-01,4.178590330760203475e-01,2.531693363334251989e-01,1.486874859059819087e-01,-1.183112247155696795e-01,-2.082318472026588874e-01
9.222294031685504545e-02,2.517866863582812753e-01,1.005177127460268709e-02,2.954824194948992705e-02,2.973087564504270919e-01,4.833690667911572647e-01,-8.882469175210924717e-02,-4.772723171815402426e-02,2.024829839330592740e-01,2.930662443288559738e-01,5.017866720801507086e-01,-5.539133671616340571e-02,-5.451577825198165167e-02,4.606721448040705380e-01,-2.500046151713984366e-01,2.958835824529016945e-01,6.471330632162647367e-01,2.273796184092258532e-01,-1.904181562176638642e-01,-3.546002399577958819e-01,-3.014818612822408039e-01,-3.372077855380086198e-01,5.613476805406237835e-01,4.449221060236419611e-01,5.025291278045167509e-01,5.918739628834670530e-01,4.038937309278788912e-01,-9.456587990285211798e-02,1.000000000000000000e+00,2.953345668994488138e-01,-1.175407716102434413e-01,6.165343702797601022e-01,2.976605866637604958e-01,-8.517267499912964390e-02,5.595322092953454174e-01,-1.753307259049871059e-01,6.203370885472678786e-01,2.144878510260144755e-01,-7.999613279294723323e-02
5.079593095648662349e-01,4.768458349100725413e-01,5.189089428414197513e-01,2.899197966921707725e-01,6.067353880596433324e-01,2.969418954392478160e-01,1.994376857206094922e-01,-4.939960096099120790e-01,5.327343890986918629e-01,7.454617517128728776e-01,2.406151948095780480e-01,-1.379654929733807323e-01,-1.834359087301206670e-01,4.842962142993045283e-01,-2.388988641820879999e-01,7.836473091252511569e-01,2.011281829558024814e-01,2.690751678407069525e-01,1.536743470133316858e-01,1.701423741056431738e-01,-1.421827582305553173e-01,-8.988097620528232023e-02,5.058899170381458976e-01,3.472189978224989315e-01,5.231231872269378469e-01,4.684526746361019067e-01,2.850659447207997688e-01,3.175454948358104046e-01,2.953345668994488138e-01,1.000000000000000000e+00,-9.415586756423552361e-03,1.257664922877989866e-01,4.802931476962999380e-01,3.825397942747485458e-01,5.050992586357316849e-01,2.366662354065181550e-01,4.038891720323963264e-01,4.171271574570653562e-01,5.474054907438311718e-02
-6.005544703115435201e-01,-5.921180600323154852e-01,1.332236635032121308e-01,-5.965139038078982603e-01,-1.257303685631337153e-01,-3.353749278911691833e-01,-3.081752003191834954e-01,6.114448641808195584e-02,-5.516313758261204292e-01,-2.101154009297332981e-01,-3.131829584652012777e-01,5.001708673916747117e-01,-7.845303756149919483e-01,-3.483456107460725648e-01,6.739253973785943597e-01,-1.379466843221865135e-01,-1.365625460242552158e-01,-6.427941225811785175e-01,4.447225339580083980e-02,4.905688184940995566e-01,8.043727431532040617e-01,7.717370519537077866e-01,-2.829703030017656773e-01,-1.751802410386857356e-01,-1.186104450218750800e-01,-1.863330167168696649e-01,4.678686366667577645e-01,4.931868161708860554e-01,-1.175407716102434413e-01,-9.415586756423552361e-03,1.000000000000000000e+00,2.664896313871998879e-01,-1.083839275866603363e-01,4.185069632111411142e-01,1.755158586327898729e-01,5.333150420297918526e-01,-1.049504726849570940e-01,-6.773348045122656869e-01,3.802587858698871365e-02
-3.289781569839353992e-01,-2.696141934230040713e-02,-6.677532706145081209e-02,-2.953675806205321441e-01,8.087955474995285610e-02,3.565348993094663577e-01,-2.084101702489749575e-01,7.970916624112930893e-02,-1.986535268364937878e-01,7.172992446568637881e-02,4.220938648832022189e-01,1.698686729285919239e-01,-3.245083763832710688e-01,2.839565289167401141e-01,5.241640830186326816e-02,-1.327036189992909397e-03,5.811336599190466412e-01,-1.346504984448594067e-01,-2.965956983225832566e-01,-2.670629386724823195e-01,1.915183131306092898e-02,-5.170760177472490809e-02,3.838184685110067051e-01,3.554029921429919248e-01,3.926052746386896053e-01,2.504853090489622680e-01,4.631420953984956568e-01,1.363036339287380591e-02,6.165343702797601022e-01,1.257664922877989866e-01,2.664896313871998879e-01,1.000000000000000000e+00,1.989019261195288935e-01,-4.113080334930347554e-02,4.714687936617773523e-01,1.297840228770466391e-02,5.545467254991044426e-01,-2.026492923054960260e-01,-1.566590142746883685e-01
3.104702592309157572e-01,3.097730246029364309e-01,5.667379536251192507e-01,2.661514993634799819e-01,5.245172120607437538e-01,7.096361873292569289e-01,1.291583845765317262e-01,-6.109087759919974436e-01,3.968048674398774178e-01,3.336822868887353022e-01,6.843630708944405949e-01,-2.285962056158001021e-01,-1.579551214527233627e-01,6.691531124376282058e-01,-4.197712325589549875e-01,4.029891437064960225e-01,5.734489272216453104e-01,4.575036802814827497e-01,-8.323466766466949829e-02,7.190043200318756156e-02,-2.422617050468675315e-01,-2.001967446754729096e-01,7.098277280689175850e-01,6.935970993411545438e-01,7.259719800813899671e-01,3.957768199130723974e-01,2.512039678749231064e-01,3.642136310399960442e-01,2.976605866637604958e-01,4.802931476962999380e-01,-1.083839275866603363e-01,1.989019261195288935e-01,1.000000000000000000e+00,9.319715096136728383e-02,6.317233529133799985e-01,-2.882460508297440827e-01,6.863091521481344826e-01,4.674680148611022323e-01,-1.744336215167704152e-01
1.249507611225856435e-01,-8.968595359073179563e-02,4.610301180497655693e-01,-1.026652565518016286e-01,4.504271372871394008e-01,-2.991640585184880963e-01,-4.872094668337630108e-02,-3.306937435208950893e-01,1.501983503156680277e-01,2.836442930719110800e-01,-3.179629195272714592e-01,2.052798243814481227e-01,-4.054783203716911255e-01,-1.253897727865620031e-02,2.900148393654046197e-01,3.711291366192171481e-01,-2.277081555056752749e-01,-2.760268295825477614e-01,1.390184302519714143e-01,3.696522083070289399e-01,4.195123651322648084e-01,4.038330803371264488e-01,-7.146613166838214348e-02,-2.014553110882014164e-02,8.170042695441930014e-02,1.128116184036969533e-01,3.510532909955756398e-01,4.545725110404544300e-01,-8.517267499912964390e-02,3.825397942747485458e-01,4.185069632111411142e-01,-4.113080334930347554e-02,9.319715096136728383e-02,1.000000000000000000e+00,1.411715699474042907e-01,3.602730900943719172e-01,-1.492454890554101576e-01,-8.424628188399667372e-03,3.072323912540252944e-01
1.014408121055565548e-01,1.524724347836994842e-01,3.836651729237810504e-01,-3.567245959916360426e-02,3.863770405990497592e-01,5.671960423692874453e-01,-1.550835693561854467e-01,-3.419478908256456950e-01,1.460548621780887735e-01,3.167387106765233717e-01,5.432295184251995090e-01,8.532813867395494523e-02,-3.346717511197919714e-01,5.621825042624900570e-01,-9.993173562994385473e-02,4.270015642514304322e-01,6.154079876443342423e-01,1.769711266468602939e-01,-1.163385741763070247e-01,1.116973883321211169e-01,2.169500494565149498e-02,1.251524223473157033e-02,6.537068566219198518e-01,6.172441986343726317e-01,6.917423800856691285e-01,4.980917089324076730e-01,5.583583855357951986e-01,4.178590330760203475e-01,5.595322092953454174e-01,5.050992586357316849e-01,1.755158586327898729e-01,4.714687936617773523e-01,6.317233529133799985e-01,1.411715699474042907e-01,1.000000000000000000e+00,-1.595387755428010054e-03,7.454681062850869733e-01,1.643730918361173687e-01,-2.348107025155526661e-01
-2.071798977116741380e-01,-1.800636509387253947e-01,8.158378310369147901e-02,-2.330494826344026438e-01,5.516236807299747247e-02,-4.493711591105429837e-01,-3.541562622213233202e-02,6.342713338618882757e-02,-2.293183732772025030e-01,1.873001439896501141e-01,-4.810255691919766985e-01,3.505436339631528009e-01,-4.207710670213247184e-01,-2.677249711101291618e-01,4.796756888329203328e-01,1.644062427780952629e-01,-4.317116048641099768e-01,-3.750659441946501693e-01,3.289398395161518551e-01,3.808904684892284176e-01,4.882015601739859156e-01,5.080254594770632348e-01,-3.574856584884724131e-01,-4.049825719945018832e-01,-3.106557696784121858e-01,-2.232131535986044135e-02,3.158555657400646255e-01,2.531693363334251989e-01,-1.753307259049871059e-01,2.366662354065181550e-01,5.333150420297918526e-01,1.297840228770466391e-02,-2.882460508297440827e-01,3.602730900943719172e-01,-1.595387755428010054e-03,1.000000000000000000e+00,-2.331349644463054926e-01,-4.045123279954846440e-01,1.329985086054163712e-01
1.235491011848496162e-01,3.270211671675779530e-01,2.604143705722115620e-01,1.420114359511849556e-01,3.737522476222382428e-01,8.129754053832887184e-01,1.956382649985069846e-02,-3.112821134160506653e-01,2.393412928038046728e-01,3.169544772440165414e-01,7.989380827801841889e-01,-1.277678490511093001e-01,-1.403419559643244718e-01,6.973854840496375163e-01,-3.681783590879678658e-01,3.029705263081253208e-01,7.623688095922184216e-01,3.873798278802458306e-01,-1.538697145433192137e-01,-1.627224195921370964e-01,-3.247780751590031989e-01,-3.222645940676731602e-01,7.896250111115307169e-01,7.201161229393853169e-01,7.471582529251055149e-01,4.523957569784015087e-01,3.375602417820538492e-01,1.486874859059819087e-01,6.203370885472678786e-01,4.038891720323963264e-01,-1.049504726849570940e-01,5.545467254991044426e-01,6.863091521481344826e-01,-1.492454890554101576e-01,7.454681062850869733e-01,-2.331349644463054926e-01,1.000000000000000000e+00,3.071370673660566153e-01,-2.701288200237212389e-01
7.935826278947555323e-01,6.859124220134861227e-01,2.787986142589239380e-01,7.263393438077925257e-01,5.342353808563836681e-01,4.583665944310408857e-01,4.114146160996403623e-01,-4.120892072547218121e-01,7.989713212997289205e-01,5.252201077677041141e-01,3.995595126296536681e-01,-5.460442909659668498e-01,4.791698866728252848e-01,5.480745090220158211e-01,-7.278796780179721537e-01,5.257781655080249195e-01,2.408224490762338743e-01,7.536653961317894002e-01,1.661802225544161127e-01,-2.527444668747215184e-01,-6.633916581975799476e-01,-6.135773057399086516e-01,5.287356712783251034e-01,3.890721242204810415e-01,4.098718509966315371e-01,4.879755976707450538e-01,-9.266586685549639546e-02,-1.183112247155696795e-01,2.144878510260144755e-01,4.171271574570653562e-01,-6.773348045122656869e-01,-2.026492923054960260e-01,4.674680148611022323e-01,-8.424628188399667372e-03,1.643730918361173687e-01,-4.045123279954846440e-01,3.071370673660566153e-01,1.000000000000000000e+00,1.820472151780651859e-01
1.088851415948550727e-01,1.490477208740522419e-01,9.728839441380278397e-02,1.963400165403955677e-01,2.463315508513813645e-01,-2.750801131295459445e-01,1.903843945966774143e-01,-9.502930504128251354e-02,1.657387412765269907e-01,2.132999301260697922e-01,-2.743636318748963188e-01,-2.887558923293736535e-01,5.649116403854638480e-02,-1.369997881566404896e-01,-1.288943288744012761e-01,1.274153807775731118e-01,-2.859664707345934698e-01,-1.967401792527223928e-02,4.968822533316030743e-01,-9.354469641313968575e-02,2.107667967171847692e-02,2.789682057989324726e-02,-1.683825996670246239e-01,-1.596888847038109016e-01,-1.567916220138095840e-01,1.519549199706609621e-01,2.288480900926531947e-01,-2.082318472026588874e-01,-7.999613279294723323e-02,5.474054907438311718e-02,3.802587858698871365e-02,-1.566590142746883685e-01,-1.744336215167704152e-01,3.072323912540252944e-01,-2.348107025155526661e-01,1.329985086054163712e-01,-2.701288200237212389e-01,1.820472151780651859e-01,1.000000000000000000e+00
