1.000000000000000000e+00,8.639462806313964460e-01,9.574011796298451671e-01,8.556732271064028117e-01,8.534669697256244136e-01,8.680626940392174307e-01,9.235401771308531238e-01,8.731289007042338790e-01,9.768244971896200557e-01,8.858515790182519556e-01,8.807020638611854357e-01,8.702983455185940853e-01,8.708216116818455754e-01,9.224718256405267658e-01,8.585849134806639027e-01,8.751517626052317533e-01,9.639721284927857958e-01,8.694252636582098237e-01,8.682460149085459156e-01,8.663797660091646646e-01,8.531973323236007323e-01,9.843285697438879378e-01,8.703103855151076429e-01,8.611187894417373645e-01,8.718189194296130928e-01,9.154753401461105389e-01,9.633945572728928042e-01,8.611653087072210777e-01,8.507634423537737689e-01,8.755215572601657836e-01,8.536188501200807632e-01,9.768759272251911208e-01,8.928086212812859079e-01,8.692225370338162449e-01,8.642636110509306357e-01,8.689309764940851277e-01,9.832075719355102272e-01,9.582490806171766184e-01,8.849440972748400247e-01
8.639462806313964460e-01,1.000000000000000000e+00,8.816078997412798435e-01,9.747437586204332760e-01,9.703206468776394145e-01,9.719155862459063489e-01,8.913351218533959175e-01,9.421481341857271818e-01,8.592560737206398347e-01,9.297025281268098684e-01,9.322546153996914553e-01,9.798160540132799801e-01,9.430226065123162860e-01,8.909788034930031797e-01,9.785952934265094161e-01,9.419860956105668981e-01,8.703944183507843491e-01,9.540813078999045294e-01,9.514491636519200046e-01,9.225595072712388101e-01,9.735809774072777811e-01,8.629478275229960360e-01,9.481156294806960538e-01,9.844277556459177791e-01,9.593466852966114899e-01,9.002779304199082233e-01,8.758474472135733269e-01,9.802075705834351060e-01,9.660998690059030558e-01,9.403159689110418551e-01,9.734171778906631767e-01,8.646900179676778597e-01,9.229173224554233501e-01,9.418254649371107234e-01,9.664890920507900329e-01,9.671376921973160457e-01,8.608398671841583916e-01,8.812114547554528166e-01,9.315091448899920357e-01
9.574011796298451671e-01,8.816078997412798435e-01,1.000000000000000000e+00,8.744341349947187814e-01,8.730785935909971540e-01,8.890531816788984631e-01,9.468903908056389707e-01,9.032481844501849544e-01,9.643969940004272212e-01,9.143785721355509599e-01,9.066211516438229534e-01,8.864810047344091615e-01,8.995497526835971591e-01,9.471853853700609172e-01,8.743652810001117937e-01,9.058546519735337643e-01,9.761283969871770161e-01,8.951167223014949714e-01,8.952732062207027219e-01,8.754394303350269135e-01,8.735062087043738988e-01,9.564758522146495912e-01,8.968923587002445297e-01,8.766212192180220519e-01,8.993267482122082601e-01,9.378897166970805443e-01,9.800471944948345726e-01,8.788041123456693526e-01,8.701470802199079424e-01,9.035270404520073795e-01,8.751856681139316141e-01,9.670334886438943789e-01,9.203912721660428842e-01,8.745909490925790619e-01,8.897344445162095328e-01,8.923908150117050297e-01,9.577961728187966983e-01,9.828601861153887231e-01,8.853228747435634149e-01
8.556732271064028117e-01,9.747437586204332760e-01,8.744341349947187814e-01,1.000000000000000000e+00,9.817621653422193839e-01,9.659673277242109002e-01,8.881107018007859955e-01,9.397903126272857399e-01,8.539996399472919997e-01,9.235077425501082571e-01,9.303415848495197871e-01,9.696476911405873533e-01,9.397082629422277567e-01,8.871410026182742214e-01,9.815185249415755431e-01,9.404588402712050765e-01,8.652190940011381670e-01,9.503254331021488976e-01,9.483953597931972235e-01,9.329202196953324533e-01,9.846259984549456945e-01,8.552836354020693088e-01,9.448021523429096513e-01,9.709145022417572379e-01,9.532331876230026868e-01,8.963992541313692275e-01,8.696725419388735556e-01,9.783049961282772600e-01,9.790091003959611182e-01,9.403048496706749582e-01,9.845795954519984683e-01,8.583859960394979449e-01,9.151079955260773557e-01,9.521224779339918509e-01,9.610087476683388807e-01,9.624213348608673391e-01,8.534860906661780877e-01,8.749646563764612583e-01,9.283224322249635785e-01
8.534669697256244136e-01,9.703206468776394145e-01,8.730785935909971540e-01,9.817621653422193839e-01,1.000000000000000000e+00,9.600520076953095172e-01,8.814934341213387370e-01,9.364681246481151300e-01,8.527454161540357624e-01,9.209842250784113782e-01,9.275332049245639254e-01,9.647262381481870319e-01,9.360687447991389298e-01,8.808906479758807917e-01,9.775255742123764024e-01,9.372795127910544810e-01,8.636977644514648444e-01,9.451241780082710875e-01,9.432238976239586403e-01,9.371079859084873176e-01,9.824060510503718202e-01,8.535243397717938718e-01,9.397147190556900398e-01,9.663989467078646367e-01,9.479459077045732096e-01,8.913079098361884611e-01,8.685958000251920996e-01,9.735897418576549001e-01,9.834941835174910718e-01,9.366786448179794666e-01,9.811521469106995186e-01,8.577037082696068460e-01,9.114325026882599268e-01,9.557505634773345582e-01,9.546402844148372813e-01,9.562918148063274115e-01,8.515811016020157220e-01,8.735056412239372570e-01,9.292738948591854342e-01
8.680626940392174307e-01,9.719155862459063489e-01,8.890531816788984631e-01,9.659673277242109002e-01,9.600520076953095172e-01,1.000000000000000000e+00,9.042229241903121384e-01,9.533965063764819892e-01,8.654884070614030644e-01,9.406340230602689978e-01,9.443363440244962881e-01,9.754259531628812763e-01,9.535513117243560322e-01,9.026220036682148784e-01,9.656147450963199486e-01,9.537757503617678712e-01,8.769161714108401062e-01,9.659099340045186333e-01,9.646401209043696801e-01,9.245545745333063614e-01,9.648928471314816013e-01,8.658635122706810350e-01,9.599187706982280632e-01,9.706439114305981386e-01,9.711475662609541093e-01,9.119205459997385965e-01,8.817919030343585041e-01,9.673991327352065017e-01,9.565986677942621697e-01,9.520408430869810035e-01,9.641210995928759520e-01,8.706333537178395643e-01,9.333989798538000482e-01,9.382094830485456782e-01,9.794423582024648356e-01,9.812169937167726230e-01,8.639090364701910163e-01,8.893543130520371598e-01,9.242069019926041351e-01
9.235401771308531238e-01,8.913351218533959175e-01,9.468903908056389707e-01,8.881107018007859955e-01,8.814934341213387370e-01,9.042229241903121384e-01,1.000000000000000000e+00,9.231198466771969313e-01,9.287173646341240207e-01,9.401487550774051405e-01,9.318035287431034597e-01,8.959159114279663383e-01,9.241251512011381397e-01,9.835803907206073227e-01,8.886841581720316130e-01,9.263461964964290196e-01,9.394889098641926450e-01,9.158797696369174179e-01,9.156403267630164322e-01,8.786566380885337813e-01,8.854271285665299418e-01,9.223412520360493305e-01,9.201087691077285413e-01,8.867866174743940233e-01,9.164363383775083749e-01,9.720429987004446382e-01,9.420254271805059698e-01,8.904893820674808502e-01,8.777099195978899093e-01,9.267748135286270061e-01,8.893152743010735994e-01,9.310210175620901030e-01,9.473399661464294574e-01,8.774814839981376347e-01,9.051645029904433759e-01,9.095661075202893242e-01,9.220031627691176457e-01,9.458823209622920780e-01,8.794791325295385764e-01
8.731289007042338790e-01,9.421481341857271818e-01,9.032481844501849544e-01,9.397903126272857399e-01,9.364681246481151300e-01,9.533965063764819892e-01,9.231198466771969313e-01,1.000000000000000000e+00,8.743886721444751320e-01,9.697211374023742003e-01,9.781566699431212264e-01,9.481209632119870223e-01,9.842969296793275813e-01,9.216142221094809628e-01,9.402181919047292169e-01,9.846689689362564391e-01,8.918214949912128819e-01,9.749559017462666732e-01,9.753932286746272995e-01,9.081513938446050815e-01,9.405298146969726103e-01,8.714639918803001040e-01,9.786397971992467637e-01,9.376836178025872437e-01,9.705520426357098218e-01,9.302104504937627194e-01,8.986247134975402506e-01,9.415249990166431049e-01,9.332832974855850283e-01,9.821627038853966152e-01,9.403443681675273114e-01,8.804742192706507264e-01,9.596871292756762317e-01,9.219486611555580691e-01,9.587750746767890186e-01,9.588331989998722937e-01,8.706382294479547701e-01,9.014624213029365229e-01,9.022237134437024464e-01
9.768244971896200557e-01,8.592560737206398347e-01,9.643969940004272212e-01,8.539996399472919997e-01,8.527454161540357624e-01,8.654884070614030644e-01,9.287173646341240207e-01,8.743886721444751320e-01,1.000000000000000000e+00,8.865600560027590005e-01,8.825778691144460231e-01,8.649148563139883450e-01,8.707276070371758880e-01,9.279670014832737124e-01,8.566262402047387647e-01,8.768561629053618356e-01,9.714682171424979806e-01,8.696587429097861754e-01,8.688224386065069860e-01,8.613088465745303290e-01,8.518508904482231525e-01,9.761637821847096719e-01,8.692625631040987733e-01,8.549751445614089951e-01,8.713022571823872964e-01,9.187405317622339140e-01,9.708573864517521246e-01,8.615286474546531847e-01,8.494112259136943344e-01,8.758989116460583757e-01,8.526786968695508895e-01,9.830011320771747663e-01,8.943249385477425317e-01,8.605096614057110571e-01,8.630581359551311449e-01,8.674702753433172209e-01,9.794597159321548618e-01,9.654115801072706837e-01,8.752951223445895046e-01
8.858515790182519556e-01,9.297025281268098684e-01,9.143785721355509599e-01,9.235077425501082571e-01,9.209842250784113782e-01,9.406340230602689978e-01,9.401487550774051405e-01,9.697211374023742003e-01,8.865600560027590005e-01,1.000000000000000000e+00,9.752412118484871106e-01,9.356616549094407542e-01,9.714333798403955722e-01,9.383123507376883721e-01,9.241883122656595617e-01,9.718669135953691418e-01,9.051981736587219052e-01,9.589799669275113070e-01,9.603175699713066837e-01,9.002802415165345185e-01,9.245617465487147024e-01,8.843177745846484417e-01,9.651015968654914623e-01,9.258233554118869835e-01,9.562184473172221644e-01,9.512517934475015480e-01,9.106802418550798972e-01,9.260292831115846113e-01,9.184931783982902553e-01,9.737607039529891928e-01,9.251766308426924157e-01,8.933557956965518798e-01,9.794438273773401482e-01,9.103933118762127519e-01,9.447502931647079327e-01,9.448475867794426941e-01,8.833721894824821952e-01,9.137629034789880311e-01,8.937011390095466190e-01
8.807020638611854357e-01,9.322546153996914553e-01,9.066211516438229534e-01,9.303415848495197871e-01,9.275332049245639254e-01,9.443363440244962881e-01,9.318035287431034597e-01,9.781566699431212264e-01,8.825778691144460231e-01,9.752412118484871106e-01,1.000000000000000000e+00,9.392303941003748990e-01,9.786640654100188241e-01,9.308892519445669533e-01,9.303340668234929556e-01,9.785432660117826531e-01,8.961047507446312510e-01,9.656417047984419133e-01,9.672576512658108694e-01,9.076825240873160894e-01,9.309196167145721290e-01,8.788389359459451988e-01,9.708315722046294560e-01,9.280902702531547144e-01,9.605919972695386999e-01,9.397194375656090504e-01,9.026156982846892385e-01,9.311854065857427809e-01,9.248254059965788088e-01,9.804870306101632904e-01,9.308099328531392880e-01,8.874591291474202004e-01,9.673125072321651086e-01,9.195100505206810215e-01,9.503871538522068452e-01,9.504586559064275297e-01,8.783142160835264445e-01,9.056177853373846842e-01,8.989874152144579078e-01
8.702983455185940853e-01,9.798160540132799801e-01,8.864810047344091615e-01,9.696476911405873533e-01,9.647262381481870319e-01,9.754259531628812763e-01,8.959159114279663383e-01,9.481209632119870223e-01,8.649148563139883450e-01,9.356616549094407542e-01,9.392303941003748990e-01,1.000000000000000000e+00,9.485476080240305974e-01,8.948416649873974782e-01,9.734146000943740829e-01,9.481819725456372971e-01,8.749318869584520320e-01,9.578872356458224546e-01,9.561174180186906568e-01,9.264147379483456124e-01,9.692138320023212517e-01,8.680582345691181256e-01,9.527896737007752748e-01,9.808185104915020380e-01,9.628846911230026784e-01,9.074878025835069195e-01,8.805868378909685878e-01,9.753794082919483577e-01,9.620453418639829390e-01,9.473928163261404745e-01,9.684266110087336177e-01,8.706906175957989102e-01,9.284664362327557097e-01,9.431356837821650574e-01,9.699586904403701970e-01,9.705322031192237242e-01,8.658010707010664886e-01,8.866736522680279675e-01,9.325063690801036476e-01
8.708216116818455754e-01,9.430226065123162860e-01,8.995497526835971591e-01,9.397082629422277567e-01,9.360687447991389298e-01,9.535513117243560322e-01,9.241251512011381397e-01,9.842969296793275813e-01,8.707276070371758880e-01,9.714333798403955722e-01,9.786640654100188241e-01,9.485476080240305974e-01,1.000000000000000000e+00,9.226042553654585365e-01,9.405160653733136700e-01,9.845541990694791634e-01,8.881147159707903915e-01,9.749084768085010122e-01,9.758457423168742650e-01,9.076863110414403746e-01,9.401994572086213031e-01,8.693101960208183820e-01,9.792767210029478253e-01,9.387152036296536606e-01,9.710605998383592397e-01,9.334133256398251532e-01,8.947627663192742054e-01,9.416663235185586123e-01,9.329277732591747530e-01,9.823545869124548080e-01,9.404095647731994800e-01,8.765470267869561738e-01,9.620733736040374406e-01,9.214920874032186404e-01,9.597663890578091994e-01,9.596236081279687635e-01,8.677162081236881042e-01,8.976100223890656205e-01,8.997845256756731303e-01
9.224718256405267658e-01,8.909788034930031797e-01,9.471853853700609172e-01,8.871410026182742214e-01,8.808906479758807917e-01,9.026220036682148784e-01,9.835803907206073227e-01,9.216142221094809628e-01,9.279670014832737124e-01,9.383123507376883721e-01,9.308892519445669533e-01,8.948416649873974782e-01,9.226042553654585365e-01,1.000000000000000000e+00,8.878129710974153044e-01,9.250747881948219176e-01,9.408497404666418262e-01,9.149659993561426452e-01,9.149202048114510877e-01,8.768187817073304080e-01,8.846729329418263621e-01,9.201567390878886421e-01,9.197044087978981652e-01,8.866381476310539744e-01,9.153671955368767321e-01,9.707652860951673235e-01,9.417959247353332453e-01,8.895518974050145022e-01,8.772605994062543378e-01,9.256812838561612189e-01,8.885902649861849856e-01,9.303207684115045728e-01,9.456019459868211241e-01,8.739534525003547216e-01,9.044946358906983397e-01,9.078571928092514787e-01,9.201612773782352761e-01,9.462469110999033317e-01,8.786098771214482239e-01
8.585849134806639027e-01,9.785952934265094161e-01,8.743652810001117937e-01,9.815185249415755431e-01,9.775255742123764024e-01,9.656147450963199486e-01,8.886841581720316130e-01,9.402181919047292169e-01,8.566262402047387647e-01,9.241883122656595617e-01,9.303340668234929556e-01,9.734146000943740829e-01,9.405160653733136700e-01,8.878129710974153044e-01,1.000000000000000000e+00,9.404452385757545718e-01,8.664374870659169448e-01,9.500623199682585174e-01,9.476153682976412584e-01,9.288046559788213363e-01,9.807247928585732799e-01,8.581862925896245331e-01,9.435693727403641207e-01,9.753361971595939650e-01,9.537683417776887662e-01,8.972007293527974880e-01,8.702749599867729557e-01,9.839779996253239513e-01,9.732734248553321921e-01,9.391622000252075608e-01,9.803742590210386965e-01,8.606256592697719698e-01,9.159805009011874333e-01,9.475235396311308955e-01,9.610414711018552270e-01,9.614870865428357671e-01,8.559621239038597285e-01,8.741079046638415839e-01,9.294461638965428874e-01
8.751517626052317533e-01,9.419860956105668981e-01,9.058546519735337643e-01,9.404588402712050765e-01,9.372795127910544810e-01,9.537757503617678712e-01,9.263461964964290196e-01,9.846689689362564391e-01,8.768561629053618356e-01,9.718669135953691418e-01,9.785432660117826531e-01,9.481819725456372971e-01,9.845541990694791634e-01,9.250747881948219176e-01,9.404452385757545718e-01,1.000000000000000000e+00,8.948024486320305115e-01,9.757676136813031587e-01,9.762944024307100843e-01,9.112029665855330141e-01,9.411693958793861947e-01,8.739403472602429446e-01,9.791566713278196943e-01,9.377800920478959190e-01,9.716053553574535151e-01,9.348949897171404677e-01,9.009910562892919916e-01,9.416980520984972181e-01,9.337202983389424338e-01,9.820954528317359378e-01,9.409828439930212340e-01,8.824526199579577623e-01,9.626093725508833021e-01,9.229161774556765563e-01,9.602872392968397897e-01,9.595727836453520343e-01,8.728978816767433146e-01,9.042315744656893584e-01,9.006302662597738262e-01
9.639721284927857958e-01,8.703944183507843491e-01,9.761283969871770161e-01,8.652190940011381670e-01,8.636977644514648444e-01,8.769161714108401062e-01,9.394889098641926450e-01,8.918214949912128819e-01,9.714682171424979806e-01,9.051981736587219052e-01,8.961047507446312510e-01,8.749318869584520320e-01,8.881147159707903915e-01,9.408497404666418262e-01,8.664374870659169448e-01,8.948024486320305115e-01,1.000000000000000000e+00,8.843520737533975273e-01,8.836263819852665513e-01,8.681074111919637737e-01,8.636715301977323511e-01,9.635313499871340781e-01,8.869242966890149571e-01,8.648552966521090291e-01,8.875981066712040901e-01,9.339358583531289781e-01,9.798393915586449676e-01,8.711608857705454012e-01,8.596235134769013575e-01,8.931636595039530446e-01,8.652681762323750636e-01,9.731035769948294112e-01,9.098178754513746025e-01,8.656882283323863447e-01,8.771768860319867356e-01,8.804748191622967513e-01,9.647975350674278250e-01,9.740682091871973869e-01,8.826132558824022478e-01
8.694252636582098237e-01,9.540813078999045294e-01,8.951167223014949714e-01,9.503254331021488976e-01,9.451241780082710875e-01,9.659099340045186333e-01,9.158797696369174179e-01,9.749559017462666732e-01,8.696587429097861754e-01,9.589799669275113070e-01,9.656417047984419133e-01,9.578872356458224546e-01,9.749084768085010122e-01,9.149659993561426452e-01,9.500623199682585174e-01,9.757676136813031587e-01,8.843520737533975273e-01,1.000000000000000000e+00,9.856006919943892663e-01,9.137754419999477573e-01,9.499264809318825886e-01,8.678161426999099204e-01,9.813844781274968510e-01,9.508239727514928852e-01,9.813849325634154130e-01,9.260469497018131158e-01,8.898738768948069033e-01,9.519534293184045426e-01,9.417723117912598640e-01,9.713220821844014141e-01,9.504533422248400143e-01,8.741437589823426446e-01,9.509682888975246051e-01,9.262607241903995092e-01,9.726561866526793887e-01,9.714788789321155971e-01,8.666363860639375583e-01,8.942348765014861423e-01,9.067357378170124438e-01
8.682460149085459156e-01,9.514491636519200046e-01,8.952732062207027219e-01,9.483953597931972235e-01,9.432238976239586403e-01,9.646401209043696801e-01,9.156403267630164322e-01,9.753932286746272995e-01,8.688224386065069860e-01,9.603175699713066837e-01,9.672576512658108694e-01,9.561174180186906568e-01,9.758457423168742650e-01,9.149202048114510877e-01,9.476153682976412584e-01,9.762944024307100843e-01,8.836263819852665513e-01,9.856006919943892663e-01,1.000000000000000000e+00,9.127906445997532314e-01,9.482102931634460719e-01,8.661728732010438581e-01,9.815834399045185732e-01,9.485278576366683589e-01,9.815035925749873158e-01,9.259759178807820401e-01,8.896804346639014538e-01,9.496791429561191045e-01,9.402925586203759734e-01,9.723514498389431715e-01,9.486594376565357090e-01,8.729872518561528905e-01,9.527748392452396464e-01,9.255149719339001990e-01,9.714655558298623816e-01,9.704630252780094279e-01,8.652708882897621745e-01,8.942702101966306660e-01,9.049685932486195572e-01
8.663797660091646646e-01,9.225595072712388101e-01,8.754394303350269135e-01,9.329202196953324533e-01,9.371079859084873176e-01,9.245545745333063614e-01,8.786566380885337813e-01,9.081513938446050815e-01,8.613088465745303290e-01,9.002802415165345185e-01,9.076825240873160894e-01,9.264147379483456124e-01,9.076863110414403746e-01,8.768187817073304080e-01,9.288046559788213363e-01,9.112029665855330141e-01,8.681074111919637737e-01,9.137754419999477573e-01,9.127906445997532314e-01,1.000000000000000000e+00,9.331384979730807938e-01,8.656853738413869959e-01,9.079187817853452414e-01,9.210802605376328112e-01,9.164575308358495764e-01,8.880766993233889517e-01,8.710900300110367978e-01,9.248013271113038059e-01,9.391082222420797931e-01,9.136107403762731005e-01,9.322846073682469203e-01,8.678741559146267992e-01,8.952066028564430455e-01,9.472518087540729992e-01,9.226412651719412272e-01,9.211321161759574716e-01,8.631983741571978008e-01,8.756421973851880036e-01,9.007276663428792629e-01
8.531973323236007323e-01,9.735809774072777811e-01,8.735062087043738988e-01,9.846259984549456945e-01,9.824060510503718202e-01,9.648928471314816013e-01,8.854271285665299418e-01,9.405298146969726103e-01,8.518508904482231525e-01,9.245617465487147024e-01,9.309196167145721290e-01,9.692138320023212517e-01,9.401994572086213031e-01,8.846729329418263621e-01,9.807247928585732799e-01,9.411693958793861947e-01,8.636715301977323511e-01,9.499264809318825886e-01,9.482102931634460719e-01,9.331384979730807938e-01,1.000000000000000000e+00,8.527705488311048132e-01,9.445888581744550372e-01,9.701302040245980418e-01,9.533171875711224930e-01,8.956340116185178557e-01,8.679610786259764899e-01,9.768988367401346684e-01,9.795320891463923374e-01,9.409993535289553623e-01,9.847218526139788208e-01,8.566444555174633768e-01,9.154500810254007082e-01,9.524613665024703746e-01,9.603002497594580467e-01,9.616798398963589678e-01,8.505354682170194192e-01,8.739552711681315422e-01,9.282082602179061448e-01
9.843285697438879378e-01,8.629478275229960360e-01,9.564758522146495912e-01,8.552836354020693088e-01,8.535243397717938718e-01,8.658635122706810350e-01,9.223412520360493305e-01,8.714639918803001040e-01,9.761637821847096719e-01,8.843177745846484417e-01,8.788389359459451988e-01,8.680582345691181256e-01,8.693101960208183820e-01,9.201567390878886421e-01,8.581862925896245331e-01,8.739403472602429446e-01,9.635313499871340781e-01,8.678161426999099204e-01,8.661728732010438581e-01,8.656853738413869959e-01,8.527705488311048132e-01,1.000000000000000000e+00,8.682501724014730637e-01,8.596147736622049562e-01,8.699827060045327576e-01,9.137522895945381363e-01,9.622693785935388933e-01,8.611960504075426570e-01,8.503865445984946092e-01,8.735039623292500943e-01,8.533176331244729518e-01,9.764178486794696799e-01,8.908469020728948529e-01,8.699230495395515739e-01,8.624774677842149684e-01,8.674018028933938584e-01,9.838465201557984319e-01,9.573417438094747878e-01,8.846553678308622937e-01
8.703103855151076429e-01,9.481156294806960538e-01,8.968923587002445297e-01,9.448021523429096513e-01,9.397147190556900398e-01,9.599187706982280632e-01,9.201087691077285413e-01,9.786397971992467637e-01,8.692625631040987733e-01,9.651015968654914623e-01,9.708315722046294560e-01,9.527896737007752748e-01,9.792767210029478253e-01,9.197044087978981652e-01,9.435693727403641207e-01,9.791566713278196943e-01,8.869242966890149571e-01,9.813844781274968510e-01,9.815834399045185732e-01,9.079187817853452414e-01,9.445888581744550372e-01,8.682501724014730637e-01,1.000000000000000000e+00,9.440558931998668246e-01,9.771509865901722991e-01,9.298359573889045659e-01,8.921428919380529621e-01,9.448539739788317515e-01,9.368200979935906725e-01,9.757718643191886088e-01,9.457677627599195835e-01,8.746437399959265946e-01,9.566555419800742976e-01,9.223437451756124617e-01,9.656071929210604532e-01,9.655157303130733615e-01,8.668898476448750889e-01,8.956896628247869030e-01,9.017148260733878207e-01
8.611187894417373645e-01,9.844277556459177791e-01,8.766212192180220519e-01,9.709145022417572379e-01,9.663989467078646367e-01,9.706439114305981386e-01,8.867866174743940233e-01,9.376836178025872437e-01,8.549751445614089951e-01,9.258233554118869835e-01,9.280902702531547144e-01,9.808185104915020380e-01,9.387152036296536606e-01,8.866381476310539744e-01,9.753361971595939650e-01,9.377800920478959190e-01,8.648552966521090291e-01,9.508239727514928852e-01,9.485278576366683589e-01,9.210802605376328112e-01,9.701302040245980418e-01,8.596147736622049562e-01,9.440558931998668246e-01,1.000000000000000000e+00,9.564001432308361084e-01,8.966053651186824958e-01,8.713410232897258467e-01,9.775922540675049399e-01,9.624161392939302173e-01,9.361983678620771077e-01,9.694751858080299378e-01,8.612466634420232747e-01,9.188813586399716682e-01,9.401204786077053122e-01,9.640034564999613309e-01,9.643470582117109613e-01,8.571964757188622608e-01,8.778538424626950443e-01,9.302485492774088538e-01
8.718189194296130928e-01,9.593466852966114899e-01,8.993267482122082601e-01,9.532331876230026868e-01,9.479459077045732096e-01,9.711475662609541093e-01,9.164363383775083749e-01,9.705520426357098218e-01,8.713022571823872964e-01,9.562184473172221644e-01,9.605919972695386999e-01,9.628846911230026784e-01,9.710605998383592397e-01,9.153671955368767321e-01,9.537683417776887662e-01,9.716053553574535151e-01,8.875981066712040901e-01,9.813849325634154130e-01,9.815035925749873158e-01,9.164575308358495764e-01,9.533171875711224930e-01,8.699827060045327576e-01,9.771509865901722991e-01,9.564001432308361084e-01,1.000000000000000000e+00,9.268305784191003260e-01,8.919248256213992976e-01,9.555695610363111880e-01,9.443711288854439445e-01,9.677548852337329865e-01,9.531655807688058646e-01,8.762676889981095840e-01,9.502841478251076168e-01,9.275608553482040941e-01,9.774832629644691906e-01,9.766209606946072430e-01,8.690746628342033153e-01,8.971485990119102416e-01,9.169456382211468304e-01
9.154753401461105389e-01,9.002779304199082233e-01,9.378897166970805443e-01,8.963992541313692275e-01,8.913079098361884611e-01,9.119205459997385965e-01,9.720429987004446382e-01,9.302104504937627194e-01,9.187405317622339140e-01,9.512517934475015480e-01,9.397194375656090504e-01,9.074878025835069195e-01,9.334133256398251532e-01,9.707652860951673235e-01,8.972007293527974880e-01,9.348949897171404677e-01,9.339358583531289781e-01,9.260469497018131158e-01,9.259759178807820401e-01,8.880766993233889517e-01,8.956340116185178557e-01,9.137522895945381363e-01,9.298359573889045659e-01,8.966053651186824958e-01,9.268305784191003260e-01,1.000000000000000000e+00,9.342023256928599917e-01,8.987728078151191458e-01,8.878610182194206502e-01,9.381123964673322435e-01,8.972426058705914587e-01,9.215009176469948216e-01,9.589103055870742409e-01,8.910511816417371334e-01,9.152575544711696320e-01,9.165089516106679213e-01,9.126357150793913409e-01,9.376012704585373614e-01,8.886445280181211048e-01
9.633945572728928042e-01,8.758474472135733269e-01,9.800471944948345726e-01,8.696725419388735556e-01,8.685958000251920996e-01,8.817919030343585041e-01,9.420254271805059698e-01,8.986247134975402506e-01,9.708573864517521246e-01,9.106802418550798972e-01,9.026156982846892385e-01,8.805868378909685878e-01,8.947627663192742054e-01,9.417959247353332453e-01,8.702749599867729557e-01,9.009910562892919916e-01,9.798393915586449676e-01,8.898738768948069033e-01,8.896804346639014538e-01,8.710900300110367978e-01,8.679610786259764899e-01,9.622693785935388933e-01,8.921428919380529621e-01,8.713410232897258467e-01,8.919248256213992976e-01,9.342023256928599917e-01,1.000000000000000000e+00,8.739392630206761492e-01,8.650888109647971724e-01,8.993673346939696778e-01,8.697087941163995639e-01,9.732383473506511784e-01,9.156978122092476191e-01,8.705949404674513392e-01,8.821601276178302475e-01,8.851498554192697155e-01,9.642618274887521101e-01,9.812921567938588385e-01,8.864761366074702664e-01
8.611653087072210777e-01,9.802075705834351060e-01,8.788041123456693526e-01,9.783049961282772600e-01,9.735897418576549001e-01,9.673991327352065017e-01,8.904893820674808502e-01,9.415249990166431049e-01,8.615286474546531847e-01,9.260292831115846113e-01,9.311854065857427809e-01,9.753794082919483577e-01,9.416663235185586123e-01,8.895518974050145022e-01,9.839779996253239513e-01,9.416980520984972181e-01,8.711608857705454012e-01,9.519534293184045426e-01,9.496791429561191045e-01,9.248013271113038059e-01,9.768988367401346684e-01,8.611960504075426570e-01,9.448539739788317515e-01,9.775922540675049399e-01,9.555695610363111880e-01,8.987728078151191458e-01,8.739392630206761492e-01,1.000000000000000000e+00,9.687921796836834742e-01,9.399165450393335286e-01,9.766472341263822132e-01,8.649695894595766932e-01,9.185145183141267822e-01,9.466451338262812376e-01,9.621878664896806876e-01,9.627412930525794943e-01,8.598163052719444144e-01,8.780513738033389748e-01,9.282978543615167943e-01
8.507634423537737689e-01,9.660998690059030558e-01,8.701470802199079424e-01,9.790091003959611182e-01,9.834941835174910718e-01,9.565986677942621697e-01,8.777099195978899093e-01,9.332832974855850283e-01,8.494112259136943344e-01,9.184931783982902553e-01,9.248254059965788088e-01,9.620453418639829390e-01,9.329277732591747530e-01,8.772605994062543378e-01,9.732734248553321921e-01,9.337202983389424338e-01,8.596235134769013575e-01,9.417723117912598640e-01,9.402925586203759734e-01,9.391082222420797931e-01,9.795320891463923374e-01,8.503865445984946092e-01,9.368200979935906725e-01,9.624161392939302173e-01,9.443711288854439445e-01,8.878610182194206502e-01,8.650888109647971724e-01,9.687921796836834742e-01,1.000000000000000000e+00,9.334116729287951220e-01,9.784105032748484643e-01,8.540423560594408992e-01,9.100621282590409811e-01,9.576509231199527017e-01,9.513590334665604775e-01,9.526652572885783155e-01,8.481920124182995568e-01,8.701943728551293500e-01,9.285525690815676914e-01
8.755215572601657836e-01,9.403159689110418551e-01,9.035270404520073795e-01,9.403048496706749582e-01,9.366786448179794666e-01,9.520408430869810035e-01,9.267748135286270061e-01,9.821627038853966152e-01,8.758989116460583757e-01,9.737607039529891928e-01,9.804870306101632904e-01,9.473928163261404745e-01,9.823545869124548080e-01,9.256812838561612189e-01,9.391622000252075608e-01,9.820954528317359378e-01,8.931636595039530446e-01,9.713220821844014141e-01,9.723514498389431715e-01,9.136107403762731005e-01,9.409993535289553623e-01,8.735039623292500943e-01,9.757718643191886088e-01,9.361983678620771077e-01,9.677548852337329865e-01,9.381123964673322435e-01,8.993673346939696778e-01,9.399165450393335286e-01,9.334116729287951220e-01,1.000000000000000000e+00,9.413817839310293367e-01,8.816382650590718351e-01,9.642784019170008714e-01,9.246840762981741735e-01,9.579772614501889105e-01,9.579209338727282530e-01,8.724441280452945868e-01,9.023387525796795483e-01,9.029882691965664954e-01
8.536188501200807632e-01,9.734171778906631767e-01,8.751856681139316141e-01,9.845795954519984683e-01,9.811521469106995186e-01,9.641210995928759520e-01,8.893152743010735994e-01,9.403443681675273114e-01,8.526786968695508895e-01,9.251766308426924157e-01,9.308099328531392880e-01,9.684266110087336177e-01,9.404095647731994800e-01,8.885902649861849856e-01,9.803742590210386965e-01,9.409828439930212340e-01,8.652681762323750636e-01,9.504533422248400143e-01,9.486594376565357090e-01,9.322846073682469203e-01,9.847218526139788208e-01,8.533176331244729518e-01,9.457677627599195835e-01,9.694751858080299378e-01,9.531655807688058646e-01,8.972426058705914587e-01,8.697087941163995639e-01,9.766472341263822132e-01,9.784105032748484643e-01,9.413817839310293367e-01,1.000000000000000000e+00,8.573786419892406307e-01,9.170179351527018019e-01,9.504176445896909131e-01,9.594322578274672164e-01,9.612542344103278680e-01,8.513386906611494220e-01,8.753014338342968159e-01,9.257332086433367468e-01
9.768759272251911208e-01,8.646900179676778597e-01,9.670334886438943789e-01,8.583859960394979449e-01,8.577037082696068460e-01,8.706333537178395643e-01,9.310210175620901030e-01,8.804742192706507264e-01,9.830011320771747663e-01,8.933557956965518798e-01,8.874591291474202004e-01,8.706906175957989102e-01,8.765470267869561738e-01,9.303207684115045728e-01,8.606256592697719698e-01,8.824526199579577623e-01,9.731035769948294112e-01,8.741437589823426446e-01,8.729872518561528905e-01,8.678741559146267992e-01,8.566444555174633768e-01,9.764178486794696799e-01,8.746437399959265946e-01,8.612466634420232747e-01,8.762676889981095840e-01,9.215009176469948216e-01,9.732383473506511784e-01,8.649695894595766932e-01,8.540423560594408992e-01,8.816382650590718351e-01,8.573786419892406307e-01,1.000000000000000000e+00,8.993270357319876895e-01,8.666827826332110796e-01,8.675113572582173749e-01,8.720194619910652811e-01,9.791250073179301738e-01,9.684984247592171025e-01,8.819723792074507518e-01
8.928086212812859079e-01,9.229173224554233501e-01,9.203912721660428842e-01,9.151079955260773557e-01,9.114325026882599268e-01,9.333989798538000482e-01,9.473399661464294574e-01,9.596871292756762317e-01,8.943249385477425317e-01,9.794438273773401482e-01,9.673125072321651086e-01,9.284664362327557097e-01,9.620733736040374406e-01,9.456019459868211241e-01,9.159805009011874333e-01,9.626093725508833021e-01,9.098178754513746025e-01,9.509682888975246051e-01,9.527748392452396464e-01,8.952066028564430455e-01,9.154500810254007082e-01,8.908469020728948529e-01,9.566555419800742976e-01,9.188813586399716682e-01,9.502841478251076168e-01,9.589103055870742409e-01,9.156978122092476191e-01,9.185145183141267822e-01,9.100621282590409811e-01,9.642784019170008714e-01,9.170179351527018019e-01,8.993270357319876895e-01,1.000000000000000000e+00,9.052411175248156194e-01,9.386357160223164353e-01,9.387950204859116798e-01,8.891889950622405836e-01,9.195109684485909263e-01,8.914506827651672571e-01
8.692225370338162449e-01,9.418254649371107234e-01,8.745909490925790619e-01,9.521224779339918509e-01,9.557505634773345582e-01,9.382094830485456782e-01,8.774814839981376347e-01,9.219486611555580691e-01,8.605096614057110571e-01,9.103933118762127519e-01,9.195100505206810215e-01,9.431356837821650574e-01,9.214920874032186404e-01,8.739534525003547216e-01,9.475235396311308955e-01,9.229161774556765563e-01,8.656882283323863447e-01,9.262607241903995092e-01,9.255149719339001990e-01,9.472518087540729992e-01,9.524613665024703746e-01,8.699230495395515739e-01,9.223437451756124617e-01,9.401204786077053122e-01,9.275608553482040941e-01,8.910511816417371334e-01,8.705949404674513392e-01,9.466451338262812376e-01,9.576509231199527017e-01,9.246840762981741735e-01,9.504176445896909131e-01,8.666827826332110796e-01,9.052411175248156194e-01,1.000000000000000000e+00,9.324972528200006217e-01,9.343787514486630030e-01,8.650608734542248879e-01,8.761942648075663476e-01,9.289308206628830167e-01
8.642636110509306357e-01,9.664890920507900329e-01,8.897344445162095328e-01,9.610087476683388807e-01,9.546402844148372813e-01,9.794423582024648356e-01,9.051645029904433759e-01,9.587750746767890186e-01,8.630581359551311449e-01,9.447502931647079327e-01,9.503871538522068452e-01,9.699586904403701970e-01,9.597663890578091994e-01,9.044946358906983397e-01,9.610414711018552270e-01,9.602872392968397897e-01,8.771768860319867356e-01,9.726561866526793887e-01,9.714655558298623816e-01,9.226412651719412272e-01,9.603002497594580467e-01,8.624774677842149684e-01,9.656071929210604532e-01,9.640034564999613309e-01,9.774832629644691906e-01,9.152575544711696320e-01,8.821601276178302475e-01,9.621878664896806876e-01,9.513590334665604775e-01,9.579772614501889105e-01,9.594322578274672164e-01,8.675113572582173749e-01,9.386357160223164353e-01,9.324972528200006217e-01,1.000000000000000000e+00,9.841498282538784226e-01,8.606553357476571797e-01,8.891020788518827489e-01,9.219457621372638689e-01
8.689309764940851277e-01,9.671376921973160457e-01,8.923908150117050297e-01,9.624213348608673391e-01,9.562918148063274115e-01,9.812169937167726230e-01,9.095661075202893242e-01,9.588331989998722937e-01,8.674702753433172209e-01,9.448475867794426941e-01,9.504586559064275297e-01,9.705322031192237242e-01,9.596236081279687635e-01,9.078571928092514787e-01,9.614870865428357671e-01,9.595727836453520343e-01,8.804748191622967513e-01,9.714788789321155971e-01,9.704630252780094279e-01,9.211321161759574716e-01,9.616798398963589678e-01,8.674018028933938584e-01,9.655157303130733615e-01,9.643470582117109613e-01,9.766209606946072430e-01,9.165089516106679213e-01,8.851498554192697155e-01,9.627412930525794943e-01,9.526652572885783155e-01,9.579209338727282530e-01,9.612542344103278680e-01,8.720194619910652811e-01,9.387950204859116798e-01,9.343787514486630030e-01,9.841498282538784226e-01,1.000000000000000000e+00,8.657766584849417857e-01,8.915173850964569491e-01,9.250053829459372601e-01
9.832075719355102272e-01,8.608398671841583916e-01,9.577961728187966983e-01,8.534860906661780877e-01,8.515811016020157220e-01,8.639090364701910163e-01,9.220031627691176457e-01,8.706382294479547701e-01,9.794597159321548618e-01,8.833721894824821952e-01,8.783142160835264445e-01,8.658010707010664886e-01,8.677162081236881042e-01,9.201612773782352761e-01,8.559621239038597285e-01,8.728978816767433146e-01,9.647975350674278250e-01,8.666363860639375583e-01,8.652708882897621745e-01,8.631983741571978008e-01,8.505354682170194192e-01,9.838465201557984319e-01,8.668898476448750889e-01,8.571964757188622608e-01,8.690746628342033153e-01,9.126357150793913409e-01,9.642618274887521101e-01,8.598163052719444144e-01,8.481920124182995568e-01,8.724441280452945868e-01,8.513386906611494220e-01,9.791250073179301738e-01,8.891889950622405836e-01,8.650608734542248879e-01,8.606553357476571797e-01,8.657766584849417857e-01,1.000000000000000000e+00,9.587110069674291690e-01,8.817433134625395352e-01
9.582490806171766184e-01,8.812114547554528166e-01,9.828601861153887231e-01,8.749646563764612583e-01,8.735056412239372570e-01,8.893543130520371598e-01,9.458823209622920780e-01,9.014624213029365229e-01,9.654115801072706837e-01,9.137629034789880311e-01,9.056177853373846842e-01,8.866736522680279675e-01,8.976100223890656205e-01,9.462469110999033317e-01,8.741079046638415839e-01,9.042315744656893584e-01,9.740682091871973869e-01,8.942348765014861423e-01,8.942702101966306660e-01,8.756421973851880036e-01,8.739552711681315422e-01,9.573417438094747878e-01,8.956896628247869030e-01,8.778538424626950443e-01,8.971485990119102416e-01,9.376012704585373614e-01,9.812921567938588385e-01,8.780513738033389748e-01,8.701943728551293500e-01,9.023387525796795483e-01,8.753014338342968159e-01,9.684984247592171025e-01,9.195109684485909263e-01,8.761942648075663476e-01,8.891020788518827489e-01,8.915173850964569491e-01,9.587110069674291690e-01,1.000000000000000000e+00,8.901359421311988429e-01
8.849440972748400247e-01,9.315091448899920357e-01,8.853228747435634149e-01,9.283224322249635785e-01,9.292738948591854342e-01,9.242069019926041351e-01,8.794791325295385764e-01,9.022237134437024464e-01,8.752951223445895046e-01,8.937011390095466190e-01,8.989874152144579078e-01,9.325063690801036476e-01,8.997845256756731303e-01,8.786098771214482239e-01,9.294461638965428874e-01,9.006302662597738262e-01,8.826132558824022478e-01,9.067357378170124438e-01,9.049685932486195572e-01,9.007276663428792629e-01,9.282082602179061448e-01,8.846553678308622937e-01,9.017148260733878207e-01,9.302485492774088538e-01,9.169456382211468304e-01,8.886445280181211048e-01,8.864761366074702664e-01,9.282978543615167943e-01,9.285525690815676914e-01,9.029882691965664954e-01,9.257332086433367468e-01,8.819723792074507518e-01,8.914506827651672571e-01,9.289308206628830167e-01,9.219457621372638689e-01,9.250053829459372601e-01,8.817433134625395352e-01,8.901359421311988429e-01,1.000000000000000000e+00
