1.000000000000000000e+00,6.561624601951416835e-01,3.271857909647653551e-01,4.426735861592603211e-02,4.020380691398591222e-01,2.876307137265912695e-01,2.123708013382810400e-01,-3.381946794419918856e-01,3.194495026396906301e-01,4.035573010619624146e-01,2.690262905929621251e-01,3.045430250824776586e-01,2.903921813622027948e-01,4.048697325061604846e-01,-1.796594616291082580e-01,3.517096983321729153e-01,3.101948263856954546e-01,2.579062070053269595e-01,3.917862008571087462e-01,-1.887839678392956300e-01,2.472772200899067685e-02,9.257393645808641158e-02,8.676869431022136633e-03,2.929869076823306551e-01,1.230906186903518440e-01,4.477212466408146407e-01,4.158911107312650568e-01,2.897832344229415158e-01,4.250743848947624581e-01,2.749090378191850204e-01,4.257161048527237091e-01,5.425114461354628714e-01,2.783035577706463037e-01,9.722993372106126381e-03,3.293155735892748792e-01,4.700344560434958630e-01,4.902346398074360345e-01,2.573142938637699717e-01,3.602540202232369371e-01
6.561624601951416835e-01,1.000000000000000000e+00,2.555883489751207827e-01,5.473428939647970171e-02,3.428144142586138088e-01,2.593142591891609561e-01,2.029978245987356655e-01,-3.428480281672711127e-01,2.586902282075362325e-01,3.803703962845977338e-01,2.270936933646836020e-01,2.530454480524102490e-01,2.071080445582105245e-01,3.056635949685431730e-01,-1.958866437604939170e-01,2.913174755993072074e-01,3.019962639596102671e-01,2.216447001798611816e-01,3.969612757232988121e-01,-3.439218473921303865e-01,-4.276766867881928030e-02,1.535620953445947755e-02,-4.420929064411735498e-02,3.113368032959435983e-01,6.123858875952169906e-02,3.818399385483622344e-01,3.956725178128312481e-01,2.930215217947306217e-01,2.977538964295478596e-01,3.264567603258683448e-01,4.686156111241249200e-01,5.013576093991403138e-01,2.584776462330574676e-01,-8.358409130887291261e-02,3.046196284838710300e-01,3.939724431100166124e-01,4.256773371480464530e-01,1.886396734175161960e-01,3.369103269507677800e-01
3.271857909647653551e-01,2.555883489751207827e-01,1.000000000000000000e+00,2.657612434160864789e-01,6.781257643949213376e-01,4.508519129082553256e-01,3.695991156976082825e-01,-6.791342938842882537e-01,4.101543238405990222e-01,5.294608590035038143e-01,4.615858914736209462e-01,1.932122506980426258e-01,5.913471907909934044e-01,5.207665197452314709e-01,-4.686985428715362834e-01,5.394106159068968731e-01,4.069950987483685889e-01,4.116519326517606436e-01,5.162737896719002961e-01,-2.695612892995442045e-01,4.843905198960763991e-01,4.564122219277637060e-01,3.133359240595084971e-01,2.847156741096222854e-01,4.130384708276929606e-01,2.742758404830367702e-01,4.525401387121976149e-01,2.037736824439044248e-01,4.270902811504685981e-01,3.443159633397411823e-01,3.271653855818505430e-01,5.241230118854127706e-01,6.011071057989404443e-01,3.748840311878816056e-01,4.251828634271178492e-02,3.848335290617682647e-01,2.615206342719025301e-01,1.530447128456038919e-01,4.386269353792590087e-01
4.426735861592603211e-02,5.473428939647970171e-02,2.657612434160864789e-01,1.000000000000000000e+00,1.596797153380909440e-01,1.178045709164758370e-01,3.606171754469174595e-01,-2.511951361357091517e-01,3.290698109983977715e-01,2.222485717820474049e-01,3.760901177939964674e-02,6.754404338349802306e-02,2.904425030084570314e-01,2.581404135392918464e-01,-3.206980651856233266e-01,2.411049145158990215e-01,1.054226305538310815e-01,4.126575827976567967e-01,3.753817961691518490e-01,-1.142949180850225399e-01,3.192807999439745692e-01,4.179819374632643969e-01,2.187192561335649932e-01,1.464394819261310432e-01,1.709398185710092610e-01,4.311562475363228675e-02,3.204721412367612654e-01,8.729053835044817133e-02,9.134244170739751201e-02,2.594839386546867743e-01,-4.919983755835493494e-02,1.346527346926202351e-01,2.556092189421528271e-01,4.798602993935389971e-02,1.367829141264819692e-01,7.397830096185531445e-02,6.901582665025325636e-02,-2.285269501165144643e-02,9.924899363554445797e-02
4.020380691398591222e-01,3.428144142586138088e-01,6.781257643949213376e-01,1.596797153380909440e-01,1.000000000000000000e+00,4.386637615011048652e-01,3.105848196305490694e-01,-6.546425468901918565e-01,4.699409126089451605e-01,5.821183856112041033e-01,4.813185459628899765e-01,2.916888700541581114e-01,5.694082537728016868e-01,5.393573119155019580e-01,-4.206178531055916880e-01,5.948348639632544677e-01,4.983120252323098298e-01,4.389914846190572928e-01,5.273047693499851585e-01,-3.003174827709846895e-01,4.403798688338748657e-01,3.463278039003996889e-01,3.056504010997283527e-01,3.217376913055033927e-01,4.012826531560612087e-01,3.546715918774270837e-01,4.962475483443795077e-01,3.189054811552790025e-01,4.460356478024867233e-01,3.877897569610190276e-01,4.577369429729983286e-01,5.681615151856225232e-01,6.107436495244608077e-01,3.796020999471345081e-01,4.804176577959276551e-02,3.834687476879908852e-01,3.136046513088403542e-01,2.300968065319311806e-01,4.491678117235897716e-01
2.876307137265912695e-01,2.593142591891609561e-01,4.508519129082553256e-01,1.178045709164758370e-01,4.386637615011048652e-01,1.000000000000000000e+00,4.166358131753250538e-01,-3.535280629575776046e-01,2.330362325222743169e-01,4.392526960168733896e-01,5.699125590658304930e-01,7.347837703329777870e-02,4.058285430302935315e-01,5.343804005630821141e-01,-4.478844120348198232e-01,4.886207783732757215e-01,5.749175720750167029e-01,2.842558669478780775e-01,4.473112831320235627e-01,-1.540931116285282620e-01,3.012994371075684019e-01,3.867732659202644530e-01,4.164436907880122996e-01,3.578516902542697720e-01,5.307712378927742503e-01,1.299911194912608814e-01,2.591811388776570912e-01,4.118906665264911449e-01,3.823680291630560668e-01,3.235210624351478881e-01,3.008607669310550681e-01,4.852348555315788015e-01,4.095309022766084328e-01,-4.065221112387096963e-02,-2.416100245594523729e-02,3.813254595825009696e-01,2.354271348790249463e-01,8.097828917715925445e-02,2.665014184133879804e-01
2.123708013382810400e-01,2.029978245987356655e-01,3.695991156976082825e-01,3.606171754469174595e-01,3.105848196305490694e-01,4.166358131753250538e-01,1.000000000000000000e+00,-3.067101538779938297e-01,2.592812359762947660e-01,5.067903107909035310e-01,1.526446101210166550e-01,3.866374982762579848e-01,5.328492702376393941e-01,3.496186763906141692e-01,-3.616035007743640395e-01,3.757628798838924533e-01,2.510500275076724686e-01,3.546107417211731283e-01,4.869518743648324488e-01,-1.658764307849483199e-01,1.699519937769640721e-01,2.823158824182219195e-01,2.142784922331696651e-01,2.562511239621126369e-01,2.120509350118757741e-01,2.506133786997620863e-02,3.699860572454869434e-01,2.961925169551136716e-01,2.746379451336535826e-01,4.280743134647582160e-01,2.516132972020356240e-01,2.827766551515717430e-01,3.601080482186160836e-01,-1.004095826731951357e-01,2.478833760582485057e-01,9.961683703983785498e-02,2.494549047229313310e-01,-1.853684771243814533e-01,-2.333294044838856232e-02
-3.381946794419918856e-01,-3.428480281672711127e-01,-6.791342938842882537e-01,-2.511951361357091517e-01,-6.546425468901918565e-01,-3.535280629575776046e-01,-3.067101538779938297e-01,1.000000000000000000e+00,-4.232494983726681759e-01,-5.193379842512092504e-01,-3.585809663287508608e-01,-2.113529022075273933e-01,-4.905468186854423096e-01,-4.666757745358381948e-01,3.825263532752440909e-01,-5.245283213296654257e-01,-3.747735407199617175e-01,-4.239526790041493465e-01,-5.307116164725328433e-01,3.558366807363463891e-01,-3.993273196857283769e-01,-3.491780267772976454e-01,-2.694388161490181566e-01,-3.000409705452289910e-01,-3.182654922947845688e-01,-2.911341206639518342e-01,-4.599980293291382472e-01,-2.055430314082243859e-01,-3.628953956712651086e-01,-4.008828598668423560e-01,-4.211976895207474869e-01,-4.905857271850713186e-01,-5.470637826808348869e-01,-3.245423300596257388e-01,-9.285095528725031966e-02,-3.738369143913362058e-01,-2.772828397108582088e-01,-1.812762572313112164e-01,-4.627793001252377136e-01
3.194495026396906301e-01,2.586902282075362325e-01,4.101543238405990222e-01,3.290698109983977715e-01,4.699409126089451605e-01,2.330362325222743169e-01,2.592812359762947660e-01,-4.232494983726681759e-01,1.000000000000000000e+00,4.612303063956003091e-01,2.350349061459378885e-01,3.805886899547547553e-01,3.440342748100503889e-01,4.715823029580985537e-01,-1.783676142427616518e-01,4.983003297270246490e-01,4.097489101901179431e-01,5.823556358268336952e-01,5.289877989916869083e-01,-1.644004771565936718e-01,3.561666050518385584e-01,3.359733755017301760e-01,2.084656823172294782e-01,2.499663275080037661e-01,2.096219504505276998e-01,3.327456984907625759e-01,4.131241700415345108e-01,3.759595811267794074e-01,3.241317653126661313e-01,4.395350005563189444e-01,3.366161945068117944e-01,4.241295614364548050e-01,4.326221896585742965e-01,2.949552895942515462e-01,1.216296512077650466e-01,1.689925872670911822e-01,2.770953642794505845e-01,3.083931686275498962e-01,3.519996620111962016e-01
4.035573010619624146e-01,3.803703962845977338e-01,5.294608590035038143e-01,2.222485717820474049e-01,5.821183856112041033e-01,4.392526960168733896e-01,5.067903107909035310e-01,-5.193379842512092504e-01,4.612303063956003091e-01,1.000000000000000000e+00,3.805310424297256855e-01,4.270713976670285073e-01,5.358798514420288761e-01,4.952349123595085056e-01,-3.673371267144200369e-01,6.417741456586596449e-01,5.121802706585107945e-01,4.796803636755894162e-01,5.900679009294742539e-01,-3.361527165149693630e-01,2.916312880987437794e-01,2.875925331827984821e-01,2.916043929458653206e-01,4.181951098923190058e-01,3.532405881613139842e-01,2.639712401199373337e-01,5.335972425940747055e-01,4.445078965085529910e-01,4.434978319243026990e-01,5.913439507666605754e-01,5.643859813847530438e-01,5.560023772143934950e-01,5.280743238536098616e-01,6.147243953349658396e-02,1.100580792525832907e-01,3.109493523888431366e-01,3.117040443260981064e-01,7.006404950312952740e-02,2.526704532499047251e-01
2.690262905929621251e-01,2.270936933646836020e-01,4.615858914736209462e-01,3.760901177939964674e-02,4.813185459628899765e-01,5.699125590658304930e-01,1.526446101210166550e-01,-3.585809663287508608e-01,2.350349061459378885e-01,3.805310424297256855e-01,1.000000000000000000e+00,-4.684559595241363783e-02,3.710172844527591107e-01,4.368813410937661401e-01,-5.346665688361287305e-01,4.286010689178684774e-01,5.324104866452216145e-01,1.274459882833100799e-01,2.945584814250003514e-01,-3.179895068198376751e-01,4.731808589266335296e-01,4.421269204933955810e-01,2.305699050794578764e-01,1.902507399643806607e-01,4.486996771577501097e-01,8.201293210026554259e-02,1.823875271482373328e-01,2.365265127921054034e-01,2.874198964968339154e-01,1.935459373178148867e-01,2.169669183228536968e-01,5.261861788234124537e-01,5.323448883498421713e-01,1.771264628625613680e-01,-2.226617021274736874e-01,3.392887663865423176e-01,7.405291496308029353e-02,7.968836357233180512e-02,2.969330618755094409e-01
3.045430250824776586e-01,2.530454480524102490e-01,1.932122506980426258e-01,6.754404338349802306e-02,2.916888700541581114e-01,7.347837703329777870e-02,3.866374982762579848e-01,-2.113529022075273933e-01,3.805886899547547553e-01,4.270713976670285073e-01,-4.684559595241363783e-02,1.000000000000000000e+00,3.246888408235052981e-01,3.015725768910830218e-01,5.734945683946076483e-02,2.792384756157424430e-01,1.620175130103208017e-01,3.296315226596803760e-01,3.247409234913367082e-01,-1.092507034011894473e-01,-1.167497040399262109e-01,-1.499608959132147923e-01,1.029850471103332249e-01,3.059395210695254330e-01,6.156000124686928504e-02,3.387657024175331766e-01,4.334984737497717400e-01,2.406497935577109060e-01,3.587192720237915022e-01,3.569923122775887081e-01,3.217608619883299825e-01,2.910080932295786571e-01,2.096385651577867548e-01,3.462085808317364594e-02,3.236366072489899604e-01,7.121875057204357651e-02,4.247824144539685820e-01,1.381872230591852102e-01,6.114007625234647164e-02
2.903921813622027948e-01,2.071080445582105245e-01,5.913471907909934044e-01,2.904425030084570314e-01,5.694082537728016868e-01,4.058285430302935315e-01,5.328492702376393941e-01,-4.905468186854423096e-01,3.440342748100503889e-01,5.358798514420288761e-01,3.710172844527591107e-01,3.246888408235052981e-01,1.000000000000000000e+00,4.223979345187932610e-01,-5.291267499946429309e-01,4.859473119736185120e-01,3.091143426442186648e-01,3.236547017294346129e-01,4.515718970671547261e-01,-2.708840082037129449e-01,4.465062761143082093e-01,3.978326270732351344e-01,2.415957892291153153e-01,2.535771330945782998e-01,2.967809767357580397e-01,1.549821598869887129e-01,4.734511896192593050e-01,2.093324725226929084e-01,3.131693761793983288e-01,3.700453937138364346e-01,2.493082103381682180e-01,4.466087796465471604e-01,5.971480329668916731e-01,2.818667229399644536e-01,1.671154820344447345e-01,1.744753814894518806e-01,2.702462114608498722e-01,-1.194818759079966791e-01,1.119611884370404903e-01
4.048697325061604846e-01,3.056635949685431730e-01,5.207665197452314709e-01,2.581404135392918464e-01,5.393573119155019580e-01,5.343804005630821141e-01,3.496186763906141692e-01,-4.666757745358381948e-01,4.715823029580985537e-01,4.952349123595085056e-01,4.368813410937661401e-01,3.015725768910830218e-01,4.223979345187932610e-01,1.000000000000000000e+00,-2.702504800198230472e-01,5.815554546154637627e-01,5.515072165552743488e-01,5.243715659148997510e-01,5.691255540930789669e-01,-4.749912399297144538e-02,2.866304743636952646e-01,3.079878740694355077e-01,4.863432031539491329e-01,4.980204702959478702e-01,5.408413671120680943e-01,4.416296885311097320e-01,5.009745058318655353e-01,4.509693524398599718e-01,5.519348283239591257e-01,3.379688660438817105e-01,3.572981166984877666e-01,5.917015780873452480e-01,4.060034702871974654e-01,7.081774479422925372e-02,1.834401913786800897e-01,5.052831073867803946e-01,4.626344133724363261e-01,3.709638558236132422e-01,4.535037903751333865e-01
-1.796594616291082580e-01,-1.958866437604939170e-01,-4.686985428715362834e-01,-3.206980651856233266e-01,-4.206178531055916880e-01,-4.478844120348198232e-01,-3.616035007743640395e-01,3.825263532752440909e-01,-1.783676142427616518e-01,-3.673371267144200369e-01,-5.346665688361287305e-01,5.734945683946076483e-02,-5.291267499946429309e-01,-2.702504800198230472e-01,1.000000000000000000e+00,-3.577894937476900350e-01,-3.192957336084268349e-01,-1.219310614716353075e-01,-3.072958799553168197e-01,4.459840451610511125e-01,-5.293783955342253877e-01,-5.311927892791455941e-01,-9.633104503713785238e-02,-2.012188707122365694e-02,-2.405336560459822304e-01,1.388869700217640057e-01,-1.940166673997065494e-01,-1.016640504843704662e-01,-6.292763392671021916e-02,-2.353323570300588363e-01,-1.175691051481114330e-01,-3.396021691136618115e-01,-5.792548370249794853e-01,-2.061906782250877146e-01,1.253093484779147782e-01,-1.011433187039504356e-01,5.405646163537207449e-02,2.487977365484289605e-01,-5.540067677688062520e-02
3.517096983321729153e-01,2.913174755993072074e-01,5.394106159068968731e-01,2.411049145158990215e-01,5.948348639632544677e-01,4.886207783732757215e-01,3.757628798838924533e-01,-5.245283213296654257e-01,4.983003297270246490e-01,6.417741456586596449e-01,4.286010689178684774e-01,2.792384756157424430e-01,4.859473119736185120e-01,5.815554546154637627e-01,-3.577894937476900350e-01,1.000000000000000000e+00,6.065281718207838901e-01,5.356761044460731647e-01,5.735947170534778650e-01,-2.004443595492594599e-01,3.912590430986763179e-01,3.829865089520402832e-01,4.564326367183264010e-01,4.526446989525876319e-01,4.504632971798652186e-01,2.964905605030164204e-01,5.153457754802254209e-01,5.326540670313887338e-01,3.958902434246084900e-01,5.614177694204147695e-01,5.455592947961238615e-01,5.368619619218480965e-01,4.926774461347875333e-01,1.178672426141588875e-01,1.283735266587187063e-01,4.007872535828277405e-01,3.212043351375786782e-01,1.690139517860387297e-01,3.183980983097891015e-01
3.101948263856954546e-01,3.019962639596102671e-01,4.069950987483685889e-01,1.054226305538310815e-01,4.983120252323098298e-01,5.749175720750167029e-01,2.510500275076724686e-01,-3.747735407199617175e-01,4.097489101901179431e-01,5.121802706585107945e-01,5.324104866452216145e-01,1.620175130103208017e-01,3.091143426442186648e-01,5.515072165552743488e-01,-3.192957336084268349e-01,6.065281718207838901e-01,1.000000000000000000e+00,4.130915448150812574e-01,4.585577187166208213e-01,-2.062233326485608531e-01,3.060256575589432870e-01,3.002066770529974171e-01,4.224284429545900332e-01,4.264421429578671985e-01,4.968976473826120510e-01,2.406637173470187463e-01,3.685513157763217751e-01,5.601471077020004907e-01,3.223000850297687014e-01,4.763770659395697993e-01,5.014254275800599236e-01,5.131268223262985817e-01,4.351067551149893631e-01,4.810230431247736194e-02,-4.335064934433160294e-02,3.758351281754082063e-01,2.102775193586987612e-01,2.166502267999450004e-01,3.219109530360412808e-01
2.579062070053269595e-01,2.216447001798611816e-01,4.116519326517606436e-01,4.126575827976567967e-01,4.389914846190572928e-01,2.842558669478780775e-01,3.546107417211731283e-01,-4.239526790041493465e-01,5.823556358268336952e-01,4.796803636755894162e-01,1.274459882833100799e-01,3.296315226596803760e-01,3.236547017294346129e-01,5.243715659148997510e-01,-1.219310614716353075e-01,5.356761044460731647e-01,4.130915448150812574e-01,1.000000000000000000e+00,6.491322568636685997e-01,2.409546129526823205e-02,2.175915107517859548e-01,2.631407512558615602e-01,4.522141277587924946e-01,4.004133650621381491e-01,3.567836404727791622e-01,4.152114898207262539e-01,4.992341887967184366e-01,4.754373151024359201e-01,4.342921642529216641e-01,4.251746877831836802e-01,3.930523205149164534e-01,3.669785454886986820e-01,2.669528838083870537e-01,1.109248573649248421e-01,1.654616299520409173e-01,3.046847381462265969e-01,3.115337393900253216e-01,3.758023124816360916e-01,4.115131309877411714e-01
3.917862008571087462e-01,3.969612757232988121e-01,5.162737896719002961e-01,3.753817961691518490e-01,5.273047693499851585e-01,4.473112831320235627e-01,4.869518743648324488e-01,-5.307116164725328433e-01,5.289877989916869083e-01,5.900679009294742539e-01,2.945584814250003514e-01,3.247409234913367082e-01,4.515718970671547261e-01,5.691255540930789669e-01,-3.072958799553168197e-01,5.735947170534778650e-01,4.585577187166208213e-01,6.491322568636685997e-01,1.000000000000000000e+00,-1.740058336272235218e-01,2.628609547904025012e-01,3.249663790545307962e-01,3.976272084183499755e-01,4.311545117083171452e-01,3.756664463859727965e-01,3.689166377525736062e-01,5.236112368450821508e-01,4.723267307297391304e-01,4.838020606366622012e-01,4.756939943844127883e-01,4.680390591219507068e-01,5.119362018909278111e-01,3.977483286867271595e-01,3.091920726299472733e-02,1.796387535450147122e-01,3.778722310085956826e-01,3.669478762160874874e-01,2.588273261350679255e-01,4.175565314927995320e-01
-1.887839678392956300e-01,-3.439218473921303865e-01,-2.695612892995442045e-01,-1.142949180850225399e-01,-3.003174827709846895e-01,-1.540931116285282620e-01,-1.658764307849483199e-01,3.558366807363463891e-01,-1.644004771565936718e-01,-3.361527165149693630e-01,-3.179895068198376751e-01,-1.092507034011894473e-01,-2.708840082037129449e-01,-4.749912399297144538e-02,4.459840451610511125e-01,-2.004443595492594599e-01,-2.062233326485608531e-01,2.409546129526823205e-02,-1.740058336272235218e-01,1.000000000000000000e+00,-2.531000837092932665e-01,-1.748330054345776929e-01,1.676515872995237022e-01,-1.616568790637426534e-02,6.874949893844585491e-02,1.412842780847858859e-01,-1.536549308379936418e-01,3.088760028414665876e-02,7.679216444460479352e-02,-3.603034621643542157e-01,-2.704150980242458480e-01,-2.711462782847899877e-01,-4.560900107713234952e-01,-8.453899080018995038e-02,1.302209807113344497e-01,6.461646577973294281e-02,6.321831956648855944e-02,2.547977031711560758e-01,-4.611247113658168773e-04
2.472772200899067685e-02,-4.276766867881928030e-02,4.843905198960763991e-01,3.192807999439745692e-01,4.403798688338748657e-01,3.012994371075684019e-01,1.699519937769640721e-01,-3.993273196857283769e-01,3.561666050518385584e-01,2.916312880987437794e-01,4.731808589266335296e-01,-1.167497040399262109e-01,4.465062761143082093e-01,2.866304743636952646e-01,-5.293783955342253877e-01,3.912590430986763179e-01,3.060256575589432870e-01,2.175915107517859548e-01,2.628609547904025012e-01,-2.531000837092932665e-01,1.000000000000000000e+00,6.282780774425387182e-01,1.656033021716688813e-01,-2.609147875401620579e-03,2.527098067464729203e-01,-7.303300832652648289e-02,1.911626613000822206e-01,1.066538038639452401e-01,5.096704428147940530e-02,2.175557285288379494e-01,4.608526019825043979e-02,2.829728461232822179e-01,5.705936802361171178e-01,3.971123948974812912e-01,-1.501857980899272971e-01,5.960161963477614983e-02,-5.645008171011398762e-02,-8.106287036349890673e-02,1.585595373197996316e-01
9.257393645808641158e-02,1.535620953445947755e-02,4.564122219277637060e-01,4.179819374632643969e-01,3.463278039003996889e-01,3.867732659202644530e-01,2.823158824182219195e-01,-3.491780267772976454e-01,3.359733755017301760e-01,2.875925331827984821e-01,4.421269204933955810e-01,-1.499608959132147923e-01,3.978326270732351344e-01,3.079878740694355077e-01,-5.311927892791455941e-01,3.829865089520402832e-01,3.002066770529974171e-01,2.631407512558615602e-01,3.249663790545307962e-01,-1.748330054345776929e-01,6.282780774425387182e-01,1.000000000000000000e+00,1.728187180810797918e-01,1.611626880330413111e-02,2.537362266959322099e-01,-9.155419970845055100e-02,1.662080410785725937e-01,1.649899337134785038e-01,8.935251061284771312e-02,2.378415339727342759e-01,3.511299742437033050e-02,2.773187399260301778e-01,4.761702991010441921e-01,2.405240392266062566e-01,-6.735725552042381992e-02,1.696512731989604506e-01,-2.502799644007153851e-02,-7.943286601604858388e-02,1.807269066146678926e-01
8.676869431022136633e-03,-4.420929064411735498e-02,3.133359240595084971e-01,2.187192561335649932e-01,3.056504010997283527e-01,4.164436907880122996e-01,2.142784922331696651e-01,-2.694388161490181566e-01,2.084656823172294782e-01,2.916043929458653206e-01,2.305699050794578764e-01,1.029850471103332249e-01,2.415957892291153153e-01,4.863432031539491329e-01,-9.633104503713785238e-02,4.564326367183264010e-01,4.224284429545900332e-01,4.522141277587924946e-01,3.976272084183499755e-01,1.676515872995237022e-01,1.656033021716688813e-01,1.728187180810797918e-01,1.000000000000000000e+00,5.169051081268246639e-01,6.067645253095664826e-01,2.998570163853011006e-01,3.599948552907262789e-01,3.737206290418449983e-01,3.839303068397934005e-01,2.654184165757076386e-01,2.034989239435533170e-01,2.811849826991230095e-01,1.298757318428961360e-01,-3.280804950171409273e-02,3.901585733625843877e-02,3.736758145184157498e-01,2.446168611321753728e-01,2.603235049901653775e-01,2.654525851333113806e-01
2.929869076823306551e-01,3.113368032959435983e-01,2.847156741096222854e-01,1.464394819261310432e-01,3.217376913055033927e-01,3.578516902542697720e-01,2.562511239621126369e-01,-3.000409705452289910e-01,2.499663275080037661e-01,4.181951098923190058e-01,1.902507399643806607e-01,3.059395210695254330e-01,2.535771330945782998e-01,4.980204702959478702e-01,-2.012188707122365694e-02,4.526446989525876319e-01,4.264421429578671985e-01,4.004133650621381491e-01,4.311545117083171452e-01,-1.616568790637426534e-02,-2.609147875401620579e-03,1.611626880330413111e-02,5.169051081268246639e-01,1.000000000000000000e+00,5.010047245681118477e-01,5.141835766832064669e-01,5.802024646697920840e-01,4.439894380321249279e-01,4.530448665035528566e-01,4.266096532673536168e-01,3.746527956143859139e-01,5.135505538050776364e-01,1.841617882823118613e-01,-1.621025263456497278e-01,3.159327351851686227e-01,4.677784546119301279e-01,5.252716109668946753e-01,2.766623795313867817e-01,3.291255182681119829e-01
1.230906186903518440e-01,6.123858875952169906e-02,4.130384708276929606e-01,1.709398185710092610e-01,4.012826531560612087e-01,5.307712378927742503e-01,2.120509350118757741e-01,-3.182654922947845688e-01,2.096219504505276998e-01,3.532405881613139842e-01,4.486996771577501097e-01,6.156000124686928504e-02,2.967809767357580397e-01,5.408413671120680943e-01,-2.405336560459822304e-01,4.504632971798652186e-01,4.968976473826120510e-01,3.567836404727791622e-01,3.756664463859727965e-01,6.874949893844585491e-02,2.527098067464729203e-01,2.537362266959322099e-01,6.067645253095664826e-01,5.010047245681118477e-01,1.000000000000000000e+00,3.262657518602068984e-01,3.559842806735445397e-01,3.564071019648788474e-01,4.767317303685800756e-01,1.973048307874950003e-01,1.757990038711141900e-01,4.576543346910117438e-01,3.142680336130559415e-01,7.989473265431346061e-02,-7.801003825881906717e-02,4.569212205512578895e-01,2.275805981133225131e-01,2.900517489638226865e-01,3.691255954472760781e-01
4.477212466408146407e-01,3.818399385483622344e-01,2.742758404830367702e-01,4.311562475363228675e-02,3.546715918774270837e-01,1.299911194912608814e-01,2.506133786997620863e-02,-2.911341206639518342e-01,3.327456984907625759e-01,2.639712401199373337e-01,8.201293210026554259e-02,3.387657024175331766e-01,1.549821598869887129e-01,4.416296885311097320e-01,1.388869700217640057e-01,2.964905605030164204e-01,2.406637173470187463e-01,4.152114898207262539e-01,3.689166377525736062e-01,1.412842780847858859e-01,-7.303300832652648289e-02,-9.155419970845055100e-02,2.998570163853011006e-01,5.141835766832064669e-01,3.262657518602068984e-01,1.000000000000000000e+00,5.159892710855733533e-01,2.923605514636853364e-01,5.525485175657118830e-01,1.442878401070722960e-01,2.831853080434258985e-01,4.755073088888778221e-01,9.466628567887587498e-02,1.036559849728249799e-01,3.410925916395697866e-01,5.077514552747186549e-01,5.863445292255816677e-01,5.810475760210246365e-01,5.500360822354818380e-01
4.158911107312650568e-01,3.956725178128312481e-01,4.525401387121976149e-01,3.204721412367612654e-01,4.962475483443795077e-01,2.591811388776570912e-01,3.699860572454869434e-01,-4.599980293291382472e-01,4.131241700415345108e-01,5.335972425940747055e-01,1.823875271482373328e-01,4.334984737497717400e-01,4.734511896192593050e-01,5.009745058318655353e-01,-1.940166673997065494e-01,5.153457754802254209e-01,3.685513157763217751e-01,4.992341887967184366e-01,5.236112368450821508e-01,-1.536549308379936418e-01,1.911626613000822206e-01,1.662080410785725937e-01,3.599948552907262789e-01,5.802024646697920840e-01,3.559842806735445397e-01,5.159892710855733533e-01,1.000000000000000000e+00,4.087081042586374613e-01,4.252097780026796725e-01,4.878291106849112491e-01,4.130248773160139497e-01,5.452281450848132094e-01,4.013011937987390199e-01,8.459684837552439163e-02,3.944606998934527264e-01,3.902044337660612872e-01,5.313119798421555018e-01,2.041525368814531838e-01,3.337368168299891802e-01
2.897832344229415158e-01,2.930215217947306217e-01,2.037736824439044248e-01,8.729053835044817133e-02,3.189054811552790025e-01,4.118906665264911449e-01,2.961925169551136716e-01,-2.055430314082243859e-01,3.759595811267794074e-01,4.445078965085529910e-01,2.365265127921054034e-01,2.406497935577109060e-01,2.093324725226929084e-01,4.509693524398599718e-01,-1.016640504843704662e-01,5.326540670313887338e-01,5.601471077020004907e-01,4.754373151024359201e-01,4.723267307297391304e-01,3.088760028414665876e-02,1.066538038639452401e-01,1.649899337134785038e-01,3.737206290418449983e-01,4.439894380321249279e-01,3.564071019648788474e-01,2.923605514636853364e-01,4.087081042586374613e-01,1.000000000000000000e+00,2.580867150960966527e-01,4.554374654503363651e-01,5.263895108849245830e-01,3.811553297470142154e-01,2.207286199408133587e-01,-1.153023794997595775e-01,2.151728355755879174e-01,3.121501349937071956e-01,3.222459840136164266e-01,2.107057633531238261e-01,2.152963432457461190e-01
4.250743848947624581e-01,2.977538964295478596e-01,4.270902811504685981e-01,9.134244170739751201e-02,4.460356478024867233e-01,3.823680291630560668e-01,2.746379451336535826e-01,-3.628953956712651086e-01,3.241317653126661313e-01,4.434978319243026990e-01,2.874198964968339154e-01,3.587192720237915022e-01,3.131693761793983288e-01,5.519348283239591257e-01,-6.292763392671021916e-02,3.958902434246084900e-01,3.223000850297687014e-01,4.342921642529216641e-01,4.838020606366622012e-01,7.679216444460479352e-02,5.096704428147940530e-02,8.935251061284771312e-02,3.839303068397934005e-01,4.530448665035528566e-01,4.767317303685800756e-01,5.525485175657118830e-01,4.252097780026796725e-01,2.580867150960966527e-01,1.000000000000000000e+00,1.707043065311021346e-01,2.767780573111810472e-01,5.310405193193352691e-01,2.159421118573066900e-01,3.153428178587464742e-02,1.212195550489580109e-01,5.235150049961273533e-01,4.816367258358043579e-01,4.771400508029145504e-01,5.105966167519019328e-01
2.749090378191850204e-01,3.264567603258683448e-01,3.443159633397411823e-01,2.594839386546867743e-01,3.877897569610190276e-01,3.235210624351478881e-01,4.280743134647582160e-01,-4.008828598668423560e-01,4.395350005563189444e-01,5.913439507666605754e-01,1.935459373178148867e-01,3.569923122775887081e-01,3.700453937138364346e-01,3.379688660438817105e-01,-2.353323570300588363e-01,5.614177694204147695e-01,4.763770659395697993e-01,4.251746877831836802e-01,4.756939943844127883e-01,-3.603034621643542157e-01,2.175557285288379494e-01,2.378415339727342759e-01,2.654184165757076386e-01,4.266096532673536168e-01,1.973048307874950003e-01,1.442878401070722960e-01,4.878291106849112491e-01,4.554374654503363651e-01,1.707043065311021346e-01,1.000000000000000000e+00,5.419873475852119427e-01,3.883914178047881971e-01,3.959989152824179848e-01,-5.664060275317797655e-02,1.884598567415552151e-01,1.446043755640719908e-01,2.494876942062391467e-01,-6.742718127162580788e-02,8.929287420898555927e-02
4.257161048527237091e-01,4.686156111241249200e-01,3.271653855818505430e-01,-4.919983755835493494e-02,4.577369429729983286e-01,3.008607669310550681e-01,2.516132972020356240e-01,-4.211976895207474869e-01,3.366161945068117944e-01,5.643859813847530438e-01,2.169669183228536968e-01,3.217608619883299825e-01,2.493082103381682180e-01,3.572981166984877666e-01,-1.175691051481114330e-01,5.455592947961238615e-01,5.014254275800599236e-01,3.930523205149164534e-01,4.680390591219507068e-01,-2.704150980242458480e-01,4.608526019825043979e-02,3.511299742437033050e-02,2.034989239435533170e-01,3.746527956143859139e-01,1.757990038711141900e-01,2.831853080434258985e-01,4.130248773160139497e-01,5.263895108849245830e-01,2.767780573111810472e-01,5.419873475852119427e-01,1.000000000000000000e+00,4.118665202931350300e-01,2.851689975447554426e-01,-4.500459587199710093e-02,1.532440652128864433e-01,3.213164795427710940e-01,2.875748257679900943e-01,1.595864455350543276e-01,2.609343761189807376e-01
5.425114461354628714e-01,5.013576093991403138e-01,5.241230118854127706e-01,1.346527346926202351e-01,5.681615151856225232e-01,4.852348555315788015e-01,2.827766551515717430e-01,-4.905857271850713186e-01,4.241295614364548050e-01,5.560023772143934950e-01,5.261861788234124537e-01,2.910080932295786571e-01,4.466087796465471604e-01,5.917015780873452480e-01,-3.396021691136618115e-01,5.368619619218480965e-01,5.131268223262985817e-01,3.669785454886986820e-01,5.119362018909278111e-01,-2.711462782847899877e-01,2.829728461232822179e-01,2.773187399260301778e-01,2.811849826991230095e-01,5.135505538050776364e-01,4.576543346910117438e-01,4.755073088888778221e-01,5.452281450848132094e-01,3.811553297470142154e-01,5.310405193193352691e-01,3.883914178047881971e-01,4.118665202931350300e-01,1.000000000000000000e+00,5.098883794118349577e-01,1.038663135836378620e-01,1.730955036902525335e-01,5.186712201164820346e-01,4.775854159104901964e-01,2.803520709974863800e-01,4.671120471519290551e-01
2.783035577706463037e-01,2.584776462330574676e-01,6.011071057989404443e-01,2.556092189421528271e-01,6.107436495244608077e-01,4.095309022766084328e-01,3.601080482186160836e-01,-5.470637826808348869e-01,4.326221896585742965e-01,5.280743238536098616e-01,5.323448883498421713e-01,2.096385651577867548e-01,5.971480329668916731e-01,4.060034702871974654e-01,-5.792548370249794853e-01,4.926774461347875333e-01,4.351067551149893631e-01,2.669528838083870537e-01,3.977483286867271595e-01,-4.560900107713234952e-01,5.705936802361171178e-01,4.761702991010441921e-01,1.298757318428961360e-01,1.841617882823118613e-01,3.142680336130559415e-01,9.466628567887587498e-02,4.013011937987390199e-01,2.207286199408133587e-01,2.159421118573066900e-01,3.959989152824179848e-01,2.851689975447554426e-01,5.098883794118349577e-01,1.000000000000000000e+00,3.937059345749723827e-01,-2.741881628712487459e-02,1.655452028890518068e-01,1.318364413591507356e-01,-5.835557435583607622e-02,2.150697817240481979e-01
9.722993372106126381e-03,-8.358409130887291261e-02,3.748840311878816056e-01,4.798602993935389971e-02,3.796020999471345081e-01,-4.065221112387096963e-02,-1.004095826731951357e-01,-3.245423300596257388e-01,2.949552895942515462e-01,6.147243953349658396e-02,1.771264628625613680e-01,3.462085808317364594e-02,2.818667229399644536e-01,7.081774479422925372e-02,-2.061906782250877146e-01,1.178672426141588875e-01,4.810230431247736194e-02,1.109248573649248421e-01,3.091920726299472733e-02,-8.453899080018995038e-02,3.971123948974812912e-01,2.405240392266062566e-01,-3.280804950171409273e-02,-1.621025263456497278e-01,7.989473265431346061e-02,1.036559849728249799e-01,8.459684837552439163e-02,-1.153023794997595775e-01,3.153428178587464742e-02,-5.664060275317797655e-02,-4.500459587199710093e-02,1.038663135836378620e-01,3.937059345749723827e-01,1.000000000000000000e+00,-1.527711513504305951e-01,-2.881258657468619561e-02,-9.394546409823156807e-02,1.228229268295992632e-01,2.139778253683349840e-01
3.293155735892748792e-01,3.046196284838710300e-01,4.251828634271178492e-02,1.367829141264819692e-01,4.804176577959276551e-02,-2.416100245594523729e-02,2.478833760582485057e-01,-9.285095528725031966e-02,1.216296512077650466e-01,1.100580792525832907e-01,-2.226617021274736874e-01,3.236366072489899604e-01,1.671154820344447345e-01,1.834401913786800897e-01,1.253093484779147782e-01,1.283735266587187063e-01,-4.335064934433160294e-02,1.654616299520409173e-01,1.796387535450147122e-01,1.302209807113344497e-01,-1.501857980899272971e-01,-6.735725552042381992e-02,3.901585733625843877e-02,3.159327351851686227e-01,-7.801003825881906717e-02,3.410925916395697866e-01,3.944606998934527264e-01,2.151728355755879174e-01,1.212195550489580109e-01,1.884598567415552151e-01,1.532440652128864433e-01,1.730955036902525335e-01,-2.741881628712487459e-02,-1.527711513504305951e-01,1.000000000000000000e+00,2.416553984634868257e-01,5.709384814942576325e-01,6.047402569487107804e-02,5.429292535132285852e-02
4.700344560434958630e-01,3.939724431100166124e-01,3.848335290617682647e-01,7.397830096185531445e-02,3.834687476879908852e-01,3.813254595825009696e-01,9.961683703983785498e-02,-3.738369143913362058e-01,1.689925872670911822e-01,3.109493523888431366e-01,3.392887663865423176e-01,7.121875057204357651e-02,1.744753814894518806e-01,5.052831073867803946e-01,-1.011433187039504356e-01,4.007872535828277405e-01,3.758351281754082063e-01,3.046847381462265969e-01,3.778722310085956826e-01,6.461646577973294281e-02,5.960161963477614983e-02,1.696512731989604506e-01,3.736758145184157498e-01,4.677784546119301279e-01,4.569212205512578895e-01,5.077514552747186549e-01,3.902044337660612872e-01,3.121501349937071956e-01,5.235150049961273533e-01,1.446043755640719908e-01,3.213164795427710940e-01,5.186712201164820346e-01,1.655452028890518068e-01,-2.881258657468619561e-02,2.416553984634868257e-01,1.000000000000000000e+00,4.661414500821156048e-01,4.385872353021360026e-01,5.478380585975682893e-01
4.902346398074360345e-01,4.256773371480464530e-01,2.615206342719025301e-01,6.901582665025325636e-02,3.136046513088403542e-01,2.354271348790249463e-01,2.494549047229313310e-01,-2.772828397108582088e-01,2.770953642794505845e-01,3.117040443260981064e-01,7.405291496308029353e-02,4.247824144539685820e-01,2.702462114608498722e-01,4.626344133724363261e-01,5.405646163537207449e-02,3.212043351375786782e-01,2.102775193586987612e-01,3.115337393900253216e-01,3.669478762160874874e-01,6.321831956648855944e-02,-5.645008171011398762e-02,-2.502799644007153851e-02,2.446168611321753728e-01,5.252716109668946753e-01,2.275805981133225131e-01,5.863445292255816677e-01,5.313119798421555018e-01,3.222459840136164266e-01,4.816367258358043579e-01,2.494876942062391467e-01,2.875748257679900943e-01,4.775854159104901964e-01,1.318364413591507356e-01,-9.394546409823156807e-02,5.709384814942576325e-01,4.661414500821156048e-01,1.000000000000000000e+00,3.447947418437392608e-01,3.614471402602985051e-01
2.573142938637699717e-01,1.886396734175161960e-01,1.530447128456038919e-01,-2.285269501165144643e-02,2.300968065319311806e-01,8.097828917715925445e-02,-1.853684771243814533e-01,-1.812762572313112164e-01,3.083931686275498962e-01,7.006404950312952740e-02,7.968836357233180512e-02,1.381872230591852102e-01,-1.194818759079966791e-01,3.709638558236132422e-01,2.487977365484289605e-01,1.690139517860387297e-01,2.166502267999450004e-01,3.758023124816360916e-01,2.588273261350679255e-01,2.547977031711560758e-01,-8.106287036349890673e-02,-7.943286601604858388e-02,2.603235049901653775e-01,2.766623795313867817e-01,2.900517489638226865e-01,5.810475760210246365e-01,2.041525368814531838e-01,2.107057633531238261e-01,4.771400508029145504e-01,-6.742718127162580788e-02,1.595864455350543276e-01,2.803520709974863800e-01,-5.835557435583607622e-02,1.228229268295992632e-01,6.047402569487107804e-02,4.385872353021360026e-01,3.447947418437392608e-01,1.000000000000000000e+00,6.099906914577774009e-01
3.602540202232369371e-01,3.369103269507677800e-01,4.386269353792590087e-01,9.924899363554445797e-02,4.491678117235897716e-01,2.665014184133879804e-01,-2.333294044838856232e-02,-4.627793001252377136e-01,3.519996620111962016e-01,2.526704532499047251e-01,2.969330618755094409e-01,6.114007625234647164e-02,1.119611884370404903e-01,4.535037903751333865e-01,-5.540067677688062520e-02,3.183980983097891015e-01,3.219109530360412808e-01,4.115131309877411714e-01,4.175565314927995320e-01,-4.611247113658168773e-04,1.585595373197996316e-01,1.807269066146678926e-01,2.654525851333113806e-01,3.291255182681119829e-01,3.691255954472760781e-01,5.500360822354818380e-01,3.337368168299891802e-01,2.152963432457461190e-01,5.105966167519019328e-01,8.929287420898555927e-02,2.609343761189807376e-01,4.671120471519290551e-01,2.150697817240481979e-01,2.139778253683349840e-01,5.429292535132285852e-02,5.478380585975682893e-01,3.614471402602985051e-01,6.099906914577774009e-01,1.000000000000000000e+00
