1.000000000000000000e+00,4.583782286738667944e-01,6.193061200305343128e-01,4.920615407597471735e-01,6.180655219786813648e-01,-3.593026694229984885e-01,1.804895160412860536e-02,-6.449428410077751028e-01,7.008265714326084028e-01,4.954370617969823254e-01,-4.806382008185284271e-01,3.658731998071806379e-01,3.405638991411881755e-01,7.665490556492949858e-01,3.563433829746489589e-01,5.514613614197583225e-01,-2.966426022272228846e-01,3.305404988058866511e-01,4.821479732051993095e-01,4.188656628152663819e-01,-4.536592890521770616e-01,3.273988116884695154e-01,5.128907535533119844e-02,-2.866640492143506247e-01,-2.137577017383401334e-01,4.704670315306683226e-01,4.741079495994462989e-01,-4.007249797302130379e-01,-7.591170180718824489e-02,4.199289761245437735e-01,1.451973060147762895e-01,-4.032134262237278000e-01,4.141597471573100764e-01,4.268024019360287524e-01,-1.258805232896489101e-01,5.623778650349263719e-01,-2.275500883975190847e-01,1.579879714110397348e-01,6.288493861314609079e-01
4.583782286738667944e-01,1.000000000000000000e+00,4.047123083986725045e-01,2.331383436019821564e-01,5.143938575150802661e-01,-5.891348099885191508e-03,1.064809540741927379e-01,-4.414377444912164772e-01,5.264284858103087661e-01,5.294166552394259373e-01,-7.132508586985394916e-02,3.196342176523349066e-01,3.676213249069495981e-01,5.468130218059398251e-01,-2.663120296887318550e-01,2.822171075644842597e-01,-1.102698421125934136e-01,3.981333430127013268e-02,3.426356931149089902e-01,1.311533745720920852e-01,-1.715524533837580190e-01,4.531489174633849260e-01,3.461343807010701656e-01,-9.121540758386408390e-03,4.409568178059457971e-02,-6.260286128605598022e-02,4.887544457504752193e-01,1.230645819097496291e-01,-1.614510399805392793e-01,3.070999753891993644e-01,1.356021685416092248e-01,4.111912634412879797e-01,4.405425855370709298e-01,2.651686496233346957e-01,-1.136302808739103609e-01,3.291736027570766332e-01,5.165105878619401514e-01,-8.833837143607750630e-02,4.467883030353696494e-01
6.193061200305343128e-01,4.047123083986725045e-01,1.000000000000000000e+00,8.625704016332578217e-01,4.967999888836855948e-01,-7.587931203647144685e-01,4.605925215000246098e-01,-9.283831462869269746e-01,6.610415463903873690e-01,1.625715398788135924e-01,-7.680534655986717141e-01,6.961638156165592672e-01,4.419616474746461687e-01,7.265137634821301482e-01,3.815085218011283752e-01,3.873277756829337504e-01,-7.557609096211229671e-01,6.055421165458200194e-01,8.314259077789794006e-01,8.266509504100562067e-01,-7.985356612321310443e-01,6.877300299288235941e-01,-4.017050250893690055e-01,-6.939121660651090817e-01,-6.225318807708491997e-01,1.666258696345332413e-01,8.651179094786171087e-01,-4.555645205706072010e-01,-5.929911952516716545e-01,-5.164813528142694898e-02,-2.955461339663531528e-01,-2.652368410082090455e-01,6.396976012759926222e-01,4.732315388091751784e-01,-5.972266123265885795e-01,7.125624296947639102e-01,2.576232572505960088e-03,-2.779498997538580318e-01,7.662720582657104318e-01
4.920615407597471735e-01,2.331383436019821564e-01,8.625704016332578217e-01,1.000000000000000000e+00,3.199528768606363371e-01,-8.289866223474072759e-01,5.089299335326303853e-01,-8.336159206968305480e-01,4.883656044393592244e-01,-7.144967978260660657e-02,-7.989870431790074834e-01,6.904649400235327583e-01,4.378717520665289520e-01,5.518801855565357295e-01,3.750151070090568806e-01,2.970450986794717085e-01,-8.085442148287121933e-01,6.777704634271989326e-01,8.006383547182508442e-01,8.957196211240787687e-01,-8.536657925664664637e-01,6.342202410771660137e-01,-5.669627446656687608e-01,-7.642739285822046647e-01,-7.100245469244910179e-01,1.630375290466286597e-01,8.389276040155239089e-01,-5.916100754028583708e-01,-6.354055544032023439e-01,-2.613847483111838010e-01,-4.432363922929202227e-01,-3.371518801242518459e-01,6.163597273296234080e-01,3.147107041732226662e-01,-6.405844165905971721e-01,5.875572145047743833e-01,-5.610620667811400120e-02,-3.813399120147300536e-01,6.788432202575046537e-01
6.180655219786813648e-01,5.143938575150802661e-01,4.967999888836855948e-01,3.199528768606363371e-01,1.000000000000000000e+00,-2.872119831171425219e-01,-9.030992761832167936e-04,-5.140680611128530808e-01,7.563077660419381676e-01,4.872313593107295282e-01,-3.337899386581408279e-01,5.127923673549704686e-01,2.813332423412149841e-01,6.971099234169229053e-01,2.587471913409938318e-01,5.674735867912834575e-01,-3.202397008467043893e-01,4.484535994677997794e-01,5.541956769610765221e-01,2.911915879712985711e-01,-3.196041626496776145e-01,1.956546682224330758e-01,-6.757988699768602801e-03,-2.090701472012626294e-01,-1.573695439696313203e-01,8.831130176699687750e-02,4.622351360272258791e-01,1.861467879244386309e-02,-2.747972173727150080e-01,4.742817204817472154e-01,7.544198480988041633e-02,-1.156630047194374677e-01,2.147438581298962146e-01,7.102072884055996571e-01,-2.912911316999878819e-01,6.080122144423431019e-01,-1.635168963248781124e-02,1.978136778998191569e-01,6.361721054178596235e-01
-3.593026694229984885e-01,-5.891348099885191508e-03,-7.587931203647144685e-01,-8.289866223474072759e-01,-2.872119831171425219e-01,1.000000000000000000e+00,-4.966266766164795232e-01,6.957214183369324623e-01,-4.408715864714514154e-01,1.980105336838280938e-01,8.824928507009157652e-01,-7.715808817522452623e-01,-4.243740573869638211e-01,-4.411054966395808741e-01,-5.593355188506210496e-01,-2.050189768233143806e-01,9.104558509802646027e-01,-7.141601961834325163e-01,-8.144739181288482843e-01,-8.900896718782888017e-01,8.832098910439705186e-01,-5.057423605288383639e-01,7.705322757262955680e-01,8.936181724454701492e-01,8.607565743976473005e-01,5.793725030369684115e-02,-7.414747496475352362e-01,6.056707893299240197e-01,7.822100990551128508e-01,3.992554253423508670e-01,6.401001282800024006e-01,4.873900070160279707e-01,-2.943839209017006797e-01,-4.902250407062495596e-01,8.002363073352563028e-01,-6.685435483950996627e-01,2.731578577402010155e-01,2.503256648460017719e-01,-7.031231522608664131e-01
1.804895160412860536e-02,1.064809540741927379e-01,4.605925215000246098e-01,5.089299335326303853e-01,-9.030992761832167936e-04,-4.966266766164795232e-01,1.000000000000000000e+00,-4.357021661023180448e-01,1.357075320629617665e-01,-1.527342197582077510e-01,-4.405617088075898802e-01,3.473298176414863492e-01,1.387261755452711964e-01,7.179145011712999291e-02,1.355032643362520106e-01,-1.739494948582031575e-01,-5.177633284652115586e-01,3.051597398074773482e-01,5.017009972025634479e-01,5.163493685491625795e-01,-4.405624279299656942e-01,5.562969791921176244e-01,-3.439479529728146634e-01,-5.282897399760666524e-01,-4.675607076147590413e-01,-1.990960754561126311e-01,4.953862311614838920e-01,-1.350515974016682497e-01,-4.821240934248957055e-01,-4.095901561505015387e-01,-4.574129191737663080e-01,5.450143572054359786e-02,3.446445288185451261e-01,1.388509483354917196e-01,-4.455589217428334026e-01,3.231765769675308819e-01,1.851077034811441369e-01,-2.770060944810088799e-01,2.526115875657778953e-01
-6.449428410077751028e-01,-4.414377444912164772e-01,-9.283831462869269746e-01,-8.336159206968305480e-01,-5.140680611128530808e-01,6.957214183369324623e-01,-4.357021661023180448e-01,1.000000000000000000e+00,-6.726164797941525109e-01,-2.258136606419164361e-01,7.102331478786390040e-01,-6.402307654126915271e-01,-4.084263839303426402e-01,-7.487040014319941150e-01,-3.542236367471066627e-01,-4.125735098787244870e-01,6.885380552995293835e-01,-5.693520932804451151e-01,-7.926591400265839971e-01,-7.803354958263862828e-01,7.396466364588850650e-01,-6.827981548314543403e-01,3.207378185792433833e-01,6.205038874631394474e-01,5.415461766131910437e-01,-2.291076697244527061e-01,-8.392708143819856970e-01,4.066284234424486499e-01,5.163877925690525394e-01,-2.961664474725315271e-02,2.086373984874597409e-01,2.290878987118994958e-01,-6.828640622974363472e-01,-4.474452690126457521e-01,5.219229132963040252e-01,-6.874906023509719244e-01,-3.824341788347922211e-02,2.529420259222545098e-01,-7.328914095380689719e-01
7.008265714326084028e-01,5.264284858103087661e-01,6.610415463903873690e-01,4.883656044393592244e-01,7.563077660419381676e-01,-4.408715864714514154e-01,1.357075320629617665e-01,-6.726164797941525109e-01,1.000000000000000000e+00,5.494788346421056735e-01,-5.187001086341633815e-01,5.781686736652773551e-01,4.041145546072430483e-01,7.920963977131901812e-01,3.790033500009429290e-01,5.030734486839079089e-01,-4.533044302647129542e-01,3.899488868680217046e-01,6.308521799491102477e-01,4.593364508216870035e-01,-4.976787242072034934e-01,4.002778940939931696e-01,-4.535701803033013318e-02,-3.814142278613045778e-01,-2.910015752958876600e-01,1.610328855501257372e-01,5.993089127880038003e-01,-2.160430265977822950e-01,-3.459772084847937967e-01,3.579369275773935932e-01,-4.700549065041274149e-02,-2.042172442266655397e-01,3.588594490307622231e-01,6.956579189386296047e-01,-3.531428117469287420e-01,7.344305873181866673e-01,-5.047936698551447332e-02,9.036818797997708819e-02,7.248609780039991790e-01
4.954370617969823254e-01,5.294166552394259373e-01,1.625715398788135924e-01,-7.144967978260660657e-02,4.872313593107295282e-01,1.980105336838280938e-01,-1.527342197582077510e-01,-2.258136606419164361e-01,5.494788346421056735e-01,1.000000000000000000e+00,6.856093024907614075e-02,1.840772832636911396e-02,1.058089391310675087e-01,5.382152559729154184e-01,8.349223348848722193e-02,5.295002598489556567e-01,1.855381683165813478e-01,-6.830022425808821018e-02,7.063308477623067572e-02,-1.241521730301438642e-01,1.452375031974643127e-01,1.119222393859270193e-01,5.456704668402725389e-01,2.503118695698239859e-01,3.258017752393578270e-01,2.370839722590155074e-01,7.009460822373972388e-02,2.051529554437337699e-01,2.304243195653113419e-01,7.274148338673329661e-01,4.225095869538545434e-01,5.518219472453642777e-02,2.178523043813788973e-01,3.078195057383596445e-01,2.036877810052003523e-01,3.696934178596369969e-01,6.850491346903353485e-02,2.662041458259513660e-01,2.512197866620556885e-01
-4.806382008185284271e-01,-7.132508586985394916e-02,-7.680534655986717141e-01,-7.989870431790074834e-01,-3.337899386581408279e-01,8.824928507009157652e-01,-4.405617088075898802e-01,7.102331478786390040e-01,-5.187001086341633815e-01,6.856093024907614075e-02,1.000000000000000000e+00,-7.562698821901244761e-01,-5.113713344280913509e-01,-5.396120967301377691e-01,-5.401673141705798376e-01,-2.269936516177856189e-01,8.611883553815153913e-01,-5.975930527088226807e-01,-8.225061937695801184e-01,-8.345750519356348596e-01,8.806568936804595182e-01,-5.371557835102922507e-01,6.165887817924478043e-01,8.834033681647318614e-01,8.579056341257983442e-01,3.366404542833869445e-02,-7.345954256569411367e-01,6.881982018870413942e-01,7.130696140967363039e-01,3.222533757304911761e-01,5.281144341303414258e-01,5.602678414733124335e-01,-2.640823130687388054e-01,-5.410781726713465023e-01,7.329885764653593094e-01,-7.403042655011146111e-01,3.556954313613984175e-01,2.803751493732551392e-01,-7.710790218236330817e-01
3.658731998071806379e-01,3.196342176523349066e-01,6.961638156165592672e-01,6.904649400235327583e-01,5.127923673549704686e-01,-7.715808817522452623e-01,3.473298176414863492e-01,-6.402307654126915271e-01,5.781686736652773551e-01,1.840772832636911396e-02,-7.562698821901244761e-01,1.000000000000000000e+00,5.383986295160178015e-01,5.265483671431963053e-01,3.855590399627252252e-01,3.227964498247251068e-01,-8.346260930574569414e-01,6.275446848858071691e-01,8.498581346370912559e-01,7.367626102832733892e-01,-7.882728111220085321e-01,5.100206694389737283e-01,-5.565144280389692222e-01,-7.735763856140817074e-01,-7.561801457433495743e-01,-3.027199884699534049e-01,7.855447806752369200e-01,-4.216300965446411197e-01,-8.262266696431548318e-01,-2.063818148826367660e-01,-5.274719783883868862e-01,-2.544345195539688409e-01,2.391199030809389170e-01,6.653111589020408445e-01,-8.375920364907932791e-01,7.363241842901905310e-01,-9.430097420552573106e-02,-2.453485841338392259e-01,8.395449372864306481e-01
3.405638991411881755e-01,3.676213249069495981e-01,4.419616474746461687e-01,4.378717520665289520e-01,2.813332423412149841e-01,-4.243740573869638211e-01,1.387261755452711964e-01,-4.084263839303426402e-01,4.041145546072430483e-01,1.058089391310675087e-01,-5.113713344280913509e-01,5.383986295160178015e-01,1.000000000000000000e+00,3.723149646628308718e-01,1.186863028217285260e-01,1.166044633069849984e-01,-4.789707888985492712e-01,1.898420909904613429e-01,5.210763669611020443e-01,4.678102409431981190e-01,-5.209596621154934937e-01,5.400309008510165709e-01,-1.220924210062983711e-01,-4.990819440396172535e-01,-4.727908359989974052e-01,-2.445055037109297724e-01,5.240414891775241335e-01,-3.959350452957717259e-01,-4.886360926230114976e-01,-2.054386964481225986e-01,-4.523374275203963513e-01,-9.420948772983429864e-02,1.687034558226956638e-01,3.590208640149489816e-01,-4.735325063383072353e-01,4.814567178455221863e-01,1.867677855791538555e-02,-3.306094758864848715e-01,5.896760072818600928e-01
7.665490556492949858e-01,5.468130218059398251e-01,7.265137634821301482e-01,5.518801855565357295e-01,6.971099234169229053e-01,-4.411054966395808741e-01,7.179145011712999291e-02,-7.487040014319941150e-01,7.920963977131901812e-01,5.382152559729154184e-01,-5.396120967301377691e-01,5.265483671431963053e-01,3.723149646628308718e-01,1.000000000000000000e+00,2.988541110457461625e-01,5.514388264125652528e-01,-4.270588205415920546e-01,3.876136493623136281e-01,6.170038994452525793e-01,4.827351700574967208e-01,-5.245357188262272929e-01,4.376891397421255880e-01,-2.306355933172333020e-02,-3.550254116272402727e-01,-3.010535834308524228e-01,2.923295661248543342e-01,6.242111338830529377e-01,-3.300165497844503304e-01,-2.693762171983332121e-01,3.665045746480307121e-01,9.058542868708509277e-02,-2.820999105933624795e-01,4.546684861704741176e-01,5.761878736044406812e-01,-2.936166423947005333e-01,7.098500123799814654e-01,-9.386345442845579756e-02,-2.429182419464339868e-02,7.239910019351575299e-01
3.563433829746489589e-01,-2.663120296887318550e-01,3.815085218011283752e-01,3.750151070090568806e-01,2.587471913409938318e-01,-5.593355188506210496e-01,1.355032643362520106e-01,-3.542236367471066627e-01,3.790033500009429290e-01,8.349223348848722193e-02,-5.401673141705798376e-01,3.855590399627252252e-01,1.186863028217285260e-01,2.988541110457461625e-01,1.000000000000000000e+00,4.149603976753916124e-01,-4.731325776300518982e-01,5.364026858811753451e-01,4.071523816724088585e-01,5.048994371953727800e-01,-4.077990895726874565e-01,7.021115459492653643e-02,-4.753833480796190170e-01,-4.719046043323242845e-01,-4.039893697988790611e-01,2.429435083867932110e-01,2.021148270082403775e-01,-3.206111083990905719e-01,-3.076543887399708632e-01,6.952419765730735723e-02,-3.312534621122408818e-01,-6.626269632970827050e-01,4.703017115710105694e-02,5.064903132316304069e-01,-4.264550963991933785e-01,4.982364019645477149e-01,-6.204486534191705482e-01,3.298463321369274337e-01,4.130870005049023241e-01
5.514613614197583225e-01,2.822171075644842597e-01,3.873277756829337504e-01,2.970450986794717085e-01,5.674735867912834575e-01,-2.050189768233143806e-01,-1.739494948582031575e-01,-4.125735098787244870e-01,5.030734486839079089e-01,5.295002598489556567e-01,-2.269936516177856189e-01,3.227964498247251068e-01,1.166044633069849984e-01,5.514388264125652528e-01,4.149603976753916124e-01,1.000000000000000000e+00,-1.924637039787127080e-01,4.899381253459170749e-01,3.193075848113246518e-01,2.866641530197455157e-01,-2.028834977959767250e-01,1.405124720738839920e-02,-3.846185581993513680e-02,-5.234245243403861519e-02,-8.199512960352111149e-03,3.759741644582321185e-01,2.954907878993828785e-01,-3.176706122622331707e-02,-8.610475978263237851e-02,6.043765776354463881e-01,1.653594660887555412e-01,-3.004876000604504438e-01,3.770412812678669012e-01,3.121238091526302161e-01,-1.871324962294943217e-01,4.469063588011074617e-01,-2.262485687495710274e-01,2.292268310709385248e-01,4.824265998668414435e-01
-2.966426022272228846e-01,-1.102698421125934136e-01,-7.557609096211229671e-01,-8.085442148287121933e-01,-3.202397008467043893e-01,9.104558509802646027e-01,-5.177633284652115586e-01,6.885380552995293835e-01,-4.533044302647129542e-01,1.855381683165813478e-01,8.611883553815153913e-01,-8.346260930574569414e-01,-4.789707888985492712e-01,-4.270588205415920546e-01,-4.731325776300518982e-01,-1.924637039787127080e-01,1.000000000000000000e+00,-6.951977055429604535e-01,-8.476036050246481546e-01,-8.754098916923129803e-01,8.782687752960591787e-01,-5.464690675444709989e-01,7.448652382293048380e-01,8.964249999490458976e-01,8.690579609830721974e-01,2.111154314807395516e-01,-7.939387358678419160e-01,5.184716529731402401e-01,8.687759368553448214e-01,4.217562318496626550e-01,6.785377608721280263e-01,3.497377503548363409e-01,-2.864238320947871674e-01,-5.257903114337523220e-01,8.696549394681736267e-01,-6.900558854525241648e-01,1.501763576660855026e-01,3.041173622020849621e-01,-7.416481963503464003e-01
3.305404988058866511e-01,3.981333430127013268e-02,6.055421165458200194e-01,6.777704634271989326e-01,4.484535994677997794e-01,-7.141601961834325163e-01,3.051597398074773482e-01,-5.693520932804451151e-01,3.899488868680217046e-01,-6.830022425808821018e-02,-5.975930527088226807e-01,6.275446848858071691e-01,1.898420909904613429e-01,3.876136493623136281e-01,5.364026858811753451e-01,4.899381253459170749e-01,-6.951977055429604535e-01,1.000000000000000000e+00,6.788218046189214983e-01,7.241876167779999207e-01,-6.286083332597637297e-01,2.112152993491848152e-01,-6.627810628554658967e-01,-5.760447542198946502e-01,-5.377352008327231925e-01,1.192634176111910110e-01,5.777841851438295651e-01,-2.784069528915192882e-01,-5.878590075059278997e-01,-7.905536767192511416e-02,-4.368308645561316261e-01,-3.697903960374512855e-01,3.228383381688373910e-01,4.315637175578544982e-01,-6.299653426326315975e-01,4.800783692054135798e-01,-2.033027056596269089e-01,-5.578357193006314857e-02,5.500247832857730890e-01
4.821479732051993095e-01,3.426356931149089902e-01,8.314259077789794006e-01,8.006383547182508442e-01,5.541956769610765221e-01,-8.144739181288482843e-01,5.017009972025634479e-01,-7.926591400265839971e-01,6.308521799491102477e-01,7.063308477623067572e-02,-8.225061937695801184e-01,8.498581346370912559e-01,5.210763669611020443e-01,6.170038994452525793e-01,4.071523816724088585e-01,3.193075848113246518e-01,-8.476036050246481546e-01,6.788218046189214983e-01,1.000000000000000000e+00,8.145050274324325823e-01,-8.291736173217714168e-01,6.371837273717471106e-01,-5.075644041971149045e-01,-7.998372141494269894e-01,-7.580321499998695645e-01,-1.399055600778700836e-01,8.516892599543249842e-01,-4.265695584291734899e-01,-7.736303525735490627e-01,-1.848459293583725738e-01,-4.850505747701659431e-01,-2.802150125156074867e-01,3.954195108754076649e-01,6.398080403700111551e-01,-7.795290866661724882e-01,7.729129485062702365e-01,-6.566425489675969951e-02,-2.974782698693628769e-01,8.335742294359410609e-01
4.188656628152663819e-01,1.311533745720920852e-01,8.266509504100562067e-01,8.957196211240787687e-01,2.911915879712985711e-01,-8.900896718782888017e-01,5.163493685491625795e-01,-7.803354958263862828e-01,4.593364508216870035e-01,-1.241521730301438642e-01,-8.345750519356348596e-01,7.367626102832733892e-01,4.678102409431981190e-01,4.827351700574967208e-01,5.048994371953727800e-01,2.866641530197455157e-01,-8.754098916923129803e-01,7.241876167779999207e-01,8.145050274324325823e-01,1.000000000000000000e+00,-8.721777199779431333e-01,6.012112520060227672e-01,-6.765420181544341549e-01,-8.292937963951427793e-01,-7.772401959710716346e-01,5.108074481095160185e-02,8.029056968388318394e-01,-5.688035537512782236e-01,-7.316067090868045852e-01,-3.306744742500671852e-01,-5.897284887356771810e-01,-3.830198802381964973e-01,4.955442439229685303e-01,3.889807308451900814e-01,-7.457950210521241408e-01,6.249971064922894559e-01,-1.352233484024148724e-01,-3.027569591987280817e-01,6.982715999249619054e-01
-4.536592890521770616e-01,-1.715524533837580190e-01,-7.985356612321310443e-01,-8.536657925664664637e-01,-3.196041626496776145e-01,8.832098910439705186e-01,-4.405624279299656942e-01,7.396466364588850650e-01,-4.976787242072034934e-01,1.452375031974643127e-01,8.806568936804595182e-01,-7.882728111220085321e-01,-5.209596621154934937e-01,-5.245357188262272929e-01,-4.077990895726874565e-01,-2.028834977959767250e-01,8.782687752960591787e-01,-6.286083332597637297e-01,-8.291736173217714168e-01,-8.721777199779431333e-01,1.000000000000000000e+00,-5.723917620477926294e-01,6.473437866621325476e-01,8.710169920593987536e-01,8.457199500660140812e-01,4.609956293296414709e-02,-8.125709522120743156e-01,6.784319023697631401e-01,7.557127199917612614e-01,3.822239705071553972e-01,5.729231830225494093e-01,4.359943703505274604e-01,-3.447061818570305580e-01,-4.468208746893095329e-01,7.619533906979255589e-01,-6.700382241347991874e-01,2.040158630968266495e-01,3.481349146616537493e-01,-7.720941623996422365e-01
3.273988116884695154e-01,4.531489174633849260e-01,6.877300299288235941e-01,6.342202410771660137e-01,1.956546682224330758e-01,-5.057423605288383639e-01,5.562969791921176244e-01,-6.827981548314543403e-01,4.002778940939931696e-01,1.119222393859270193e-01,-5.371557835102922507e-01,5.100206694389737283e-01,5.400309008510165709e-01,4.376891397421255880e-01,7.021115459492653643e-02,1.405124720738839920e-02,-5.464690675444709989e-01,2.112152993491848152e-01,6.371837273717471106e-01,6.012112520060227672e-01,-5.723917620477926294e-01,1.000000000000000000e+00,-1.131525104594792996e-01,-5.350981971811301641e-01,-4.701582342986395102e-01,-1.168845302755002757e-01,7.299411639865914792e-01,-3.006299106055473347e-01,-4.935211122004637962e-01,-2.405018491951578519e-01,-3.589345720212440138e-01,1.087197976986474524e-01,5.963769544509710530e-01,2.269328415506034757e-01,-4.604165289574539965e-01,4.691165261011348564e-01,3.153957741579745955e-01,-4.895020923399617252e-01,5.351889775465316079e-01
5.128907535533119844e-02,3.461343807010701656e-01,-4.017050250893690055e-01,-5.669627446656687608e-01,-6.757988699768602801e-03,7.705322757262955680e-01,-3.439479529728146634e-01,3.207378185792433833e-01,-4.535701803033013318e-02,5.456704668402725389e-01,6.165887817924478043e-01,-5.565144280389692222e-01,-1.220924210062983711e-01,-2.306355933172333020e-02,-4.753833480796190170e-01,-3.846185581993513680e-02,7.448652382293048380e-01,-6.627810628554658967e-01,-5.075644041971149045e-01,-6.765420181544341549e-01,6.473437866621325476e-01,-1.131525104594792996e-01,1.000000000000000000e+00,7.236254079539365947e-01,7.389649412451172461e-01,1.548683097237983086e-01,-4.196481776276897446e-01,4.301700831842978912e-01,6.958809806461254688e-01,5.484894386805586608e-01,6.786330027477274207e-01,4.344168529887509900e-01,-1.647495491139359253e-02,-2.579448129436590631e-01,7.147211820253719372e-01,-3.229291479967407730e-01,3.097533103621611383e-01,1.614719874488809437e-01,-3.541747249641715722e-01
-2.866640492143506247e-01,-9.121540758386408390e-03,-6.939121660651090817e-01,-7.642739285822046647e-01,-2.090701472012626294e-01,8.936181724454701492e-01,-5.282897399760666524e-01,6.205038874631394474e-01,-3.814142278613045778e-01,2.503118695698239859e-01,8.834033681647318614e-01,-7.735763856140817074e-01,-4.990819440396172535e-01,-3.550254116272402727e-01,-4.719046043323242845e-01,-5.234245243403861519e-02,8.964249999490458976e-01,-5.760447542198946502e-01,-7.998372141494269894e-01,-8.292937963951427793e-01,8.710169920593987536e-01,-5.350981971811301641e-01,7.236254079539365947e-01,1.000000000000000000e+00,9.134017588588867476e-01,2.264974497145549326e-01,-7.164517555796295900e-01,6.260285396501444888e-01,8.131377987315915323e-01,5.118091983322478056e-01,6.863407745783276503e-01,4.441023666204180209e-01,-1.856836663446546631e-01,-4.891575108742226563e-01,8.220923787772257407e-01,-6.654329080722295453e-01,2.546994222104266847e-01,3.221978461987701214e-01,-6.974970482586704268e-01
-2.137577017383401334e-01,4.409568178059457971e-02,-6.225318807708491997e-01,-7.100245469244910179e-01,-1.573695439696313203e-01,8.607565743976473005e-01,-4.675607076147590413e-01,5.415461766131910437e-01,-2.910015752958876600e-01,3.258017752393578270e-01,8.579056341257983442e-01,-7.561801457433495743e-01,-4.727908359989974052e-01,-3.010535834308524228e-01,-4.039893697988790611e-01,-8.199512960352111149e-03,8.690579609830721974e-01,-5.377352008327231925e-01,-7.580321499998695645e-01,-7.772401959710716346e-01,8.457199500660140812e-01,-4.701582342986395102e-01,7.389649412451172461e-01,9.134017588588867476e-01,1.000000000000000000e+00,2.942347911654750736e-01,-6.626846663896744927e-01,6.381607316500828020e-01,8.133075571793250136e-01,5.688632748971056419e-01,6.723718618970982996e-01,4.557570484547630585e-01,-9.612317523547565801e-02,-4.508814666522939496e-01,8.149257325728086476e-01,-6.144666719629183760e-01,2.832987394244014800e-01,3.672392795848869462e-01,-6.599019693318005642e-01
4.704670315306683226e-01,-6.260286128605598022e-02,1.666258696345332413e-01,1.630375290466286597e-01,8.831130176699687750e-02,5.793725030369684115e-02,-1.990960754561126311e-01,-2.291076697244527061e-01,1.610328855501257372e-01,2.370839722590155074e-01,3.366404542833869445e-02,-3.027199884699534049e-01,-2.445055037109297724e-01,2.923295661248543342e-01,2.429435083867932110e-01,3.759741644582321185e-01,2.111154314807395516e-01,1.192634176111910110e-01,-1.399055600778700836e-01,5.108074481095160185e-02,4.609956293296414709e-02,-1.168845302755002757e-01,1.548683097237983086e-01,2.264974497145549326e-01,2.942347911654750736e-01,1.000000000000000000e+00,-7.274327470314212452e-02,-1.893726066009644715e-01,4.944487806576343125e-01,4.611897159499090404e-01,4.374154944749141793e-01,-3.463388145310848376e-01,4.161280898246030868e-01,-2.035946672930152579e-01,4.328993411202030628e-01,-1.068285427892157191e-01,-2.393516636322438051e-01,2.256052454484938907e-01,-1.058327995162958307e-01
4.741079495994462989e-01,4.887544457504752193e-01,8.651179094786171087e-01,8.389276040155239089e-01,4.622351360272258791e-01,-7.414747496475352362e-01,4.953862311614838920e-01,-8.392708143819856970e-01,5.993089127880038003e-01,7.009460822373972388e-02,-7.345954256569411367e-01,7.855447806752369200e-01,5.240414891775241335e-01,6.242111338830529377e-01,2.021148270082403775e-01,2.954907878993828785e-01,-7.939387358678419160e-01,5.777841851438295651e-01,8.516892599543249842e-01,8.029056968388318394e-01,-8.125709522120743156e-01,7.299411639865914792e-01,-4.196481776276897446e-01,-7.164517555796295900e-01,-6.626846663896744927e-01,-7.274327470314212452e-02,1.000000000000000000e+00,-4.014403818468062490e-01,-7.198523429422288844e-01,-1.852607421579560987e-01,-4.179513369367903741e-01,-7.776652159508445905e-02,5.942130347833171067e-01,4.381291318426860371e-01,-6.951695565243406483e-01,6.642902835424813190e-01,1.715440762581696421e-01,-4.096340191034936740e-01,7.783924750287130045e-01
-4.007249797302130379e-01,1.230645819097496291e-01,-4.555645205706072010e-01,-5.916100754028583708e-01,1.861467879244386309e-02,6.056707893299240197e-01,-1.350515974016682497e-01,4.066284234424486499e-01,-2.160430265977822950e-01,2.051529554437337699e-01,6.881982018870413942e-01,-4.216300965446411197e-01,-3.959350452957717259e-01,-3.300165497844503304e-01,-3.206111083990905719e-01,-3.176706122622331707e-02,5.184716529731402401e-01,-2.784069528915192882e-01,-4.265695584291734899e-01,-5.688035537512782236e-01,6.784319023697631401e-01,-3.006299106055473347e-01,4.301700831842978912e-01,6.260285396501444888e-01,6.381607316500828020e-01,-1.893726066009644715e-01,-4.014403818468062490e-01,1.000000000000000000e+00,3.118231372148767555e-01,3.638383888455066772e-01,2.937396755864140618e-01,6.614611940083514607e-01,-1.412232915257684573e-01,-1.283559559871467193e-01,3.465176245956865797e-01,-3.764141274861557140e-01,4.837228595988295465e-01,3.161910793873979331e-01,-4.585906215393041885e-01
-7.591170180718824489e-02,-1.614510399805392793e-01,-5.929911952516716545e-01,-6.354055544032023439e-01,-2.747972173727150080e-01,7.822100990551128508e-01,-4.821240934248957055e-01,5.163877925690525394e-01,-3.459772084847937967e-01,2.304243195653113419e-01,7.130696140967363039e-01,-8.262266696431548318e-01,-4.886360926230114976e-01,-2.693762171983332121e-01,-3.076543887399708632e-01,-8.610475978263237851e-02,8.687759368553448214e-01,-5.878590075059278997e-01,-7.736303525735490627e-01,-7.316067090868045852e-01,7.557127199917612614e-01,-4.935211122004637962e-01,6.958809806461254688e-01,8.131377987315915323e-01,8.133075571793250136e-01,4.944487806576343125e-01,-7.198523429422288844e-01,3.118231372148767555e-01,1.000000000000000000e+00,4.899957992221254943e-01,7.423289789832760999e-01,1.271155955567125906e-01,-1.306629472318696084e-01,-5.209670066080025475e-01,9.094705041201150975e-01,-6.095443694894933095e-01,-6.433921822488478798e-03,3.365220917980533133e-01,-6.662479373273165750e-01
4.199289761245437735e-01,3.070999753891993644e-01,-5.164813528142694898e-02,-2.613847483111838010e-01,4.742817204817472154e-01,3.992554253423508670e-01,-4.095901561505015387e-01,-2.961664474725315271e-02,3.579369275773935932e-01,7.274148338673329661e-01,3.222533757304911761e-01,-2.063818148826367660e-01,-2.054386964481225986e-01,3.665045746480307121e-01,6.952419765730735723e-02,6.043765776354463881e-01,4.217562318496626550e-01,-7.905536767192511416e-02,-1.848459293583725738e-01,-3.306744742500671852e-01,3.822239705071553972e-01,-2.405018491951578519e-01,5.484894386805586608e-01,5.118091983322478056e-01,5.688632748971056419e-01,4.611897159499090404e-01,-1.852607421579560987e-01,3.638383888455066772e-01,4.899957992221254943e-01,1.000000000000000000e+00,6.633005621802218199e-01,3.190985451802340334e-02,1.563041886939822711e-01,1.405771427438248233e-01,4.309478437748212043e-01,7.710884121995106866e-02,-1.478291186593973759e-02,4.861626342270424228e-01,1.495417343615629627e-02
1.451973060147762895e-01,1.356021685416092248e-01,-2.955461339663531528e-01,-4.432363922929202227e-01,7.544198480988041633e-02,6.401001282800024006e-01,-4.574129191737663080e-01,2.086373984874597409e-01,-4.700549065041274149e-02,4.225095869538545434e-01,5.281144341303414258e-01,-5.274719783883868862e-01,-4.523374275203963513e-01,9.058542868708509277e-02,-3.312534621122408818e-01,1.653594660887555412e-01,6.785377608721280263e-01,-4.368308645561316261e-01,-4.850505747701659431e-01,-5.897284887356771810e-01,5.729231830225494093e-01,-3.589345720212440138e-01,6.786330027477274207e-01,6.863407745783276503e-01,6.723718618970982996e-01,4.374154944749141793e-01,-4.179513369367903741e-01,2.937396755864140618e-01,7.423289789832760999e-01,6.633005621802218199e-01,1.000000000000000000e+00,1.336899400726354048e-01,4.393842410088304173e-02,-2.398333040890996137e-01,7.325679971117573519e-01,-2.986394736643447345e-01,6.178243183797210020e-02,2.228224227791983092e-01,-3.398830535207197912e-01
-4.032134262237278000e-01,4.111912634412879797e-01,-2.652368410082090455e-01,-3.371518801242518459e-01,-1.156630047194374677e-01,4.873900070160279707e-01,5.450143572054359786e-02,2.290878987118994958e-01,-2.042172442266655397e-01,5.518219472453642777e-02,5.602678414733124335e-01,-2.544345195539688409e-01,-9.420948772983429864e-02,-2.820999105933624795e-01,-6.626269632970827050e-01,-3.004876000604504438e-01,3.497377503548363409e-01,-3.697903960374512855e-01,-2.802150125156074867e-01,-3.830198802381964973e-01,4.359943703505274604e-01,1.087197976986474524e-01,4.344168529887509900e-01,4.441023666204180209e-01,4.557570484547630585e-01,-3.463388145310848376e-01,-7.776652159508445905e-02,6.614611940083514607e-01,1.271155955567125906e-01,3.190985451802340334e-02,1.336899400726354048e-01,1.000000000000000000e+00,1.324655505904204500e-01,-2.919012455337594569e-01,2.371438091665966086e-01,-3.938819393088322518e-01,8.655296736445858841e-01,-1.357881695727923832e-01,-3.460466205140164675e-01
4.141597471573100764e-01,4.405425855370709298e-01,6.396976012759926222e-01,6.163597273296234080e-01,2.147438581298962146e-01,-2.943839209017006797e-01,3.446445288185451261e-01,-6.828640622974363472e-01,3.588594490307622231e-01,2.178523043813788973e-01,-2.640823130687388054e-01,2.391199030809389170e-01,1.687034558226956638e-01,4.546684861704741176e-01,4.703017115710105694e-02,3.770412812678669012e-01,-2.864238320947871674e-01,3.228383381688373910e-01,3.954195108754076649e-01,4.955442439229685303e-01,-3.447061818570305580e-01,5.963769544509710530e-01,-1.647495491139359253e-02,-1.856836663446546631e-01,-9.612317523547565801e-02,4.161280898246030868e-01,5.942130347833171067e-01,-1.412232915257684573e-01,-1.306629472318696084e-01,1.563041886939822711e-01,4.393842410088304173e-02,1.324655505904204500e-01,1.000000000000000000e+00,-7.393693965452409478e-02,-1.224405218720936162e-01,2.253779600551681084e-01,3.797805211204680620e-01,-2.838409411258758785e-01,3.094498755469703433e-01
4.268024019360287524e-01,2.651686496233346957e-01,4.732315388091751784e-01,3.147107041732226662e-01,7.102072884055996571e-01,-4.902250407062495596e-01,1.388509483354917196e-01,-4.474452690126457521e-01,6.956579189386296047e-01,3.078195057383596445e-01,-5.410781726713465023e-01,6.653111589020408445e-01,3.590208640149489816e-01,5.761878736044406812e-01,5.064903132316304069e-01,3.121238091526302161e-01,-5.257903114337523220e-01,4.315637175578544982e-01,6.398080403700111551e-01,3.889807308451900814e-01,-4.468208746893095329e-01,2.269328415506034757e-01,-2.579448129436590631e-01,-4.891575108742226563e-01,-4.508814666522939496e-01,-2.035946672930152579e-01,4.381291318426860371e-01,-1.283559559871467193e-01,-5.209670066080025475e-01,1.405771427438248233e-01,-2.398333040890996137e-01,-2.919012455337594569e-01,-7.393693965452409478e-02,1.000000000000000000e+00,-5.433541686453630115e-01,7.314697757717101290e-01,-2.506655844002631528e-01,1.362654836516796752e-01,6.742171756805517280e-01
-1.258805232896489101e-01,-1.136302808739103609e-01,-5.972266123265885795e-01,-6.405844165905971721e-01,-2.912911316999878819e-01,8.002363073352563028e-01,-4.455589217428334026e-01,5.219229132963040252e-01,-3.531428117469287420e-01,2.036877810052003523e-01,7.329885764653593094e-01,-8.375920364907932791e-01,-4.735325063383072353e-01,-2.936166423947005333e-01,-4.264550963991933785e-01,-1.871324962294943217e-01,8.696549394681736267e-01,-6.299653426326315975e-01,-7.795290866661724882e-01,-7.457950210521241408e-01,7.619533906979255589e-01,-4.604165289574539965e-01,7.147211820253719372e-01,8.220923787772257407e-01,8.149257325728086476e-01,4.328993411202030628e-01,-6.951695565243406483e-01,3.465176245956865797e-01,9.094705041201150975e-01,4.309478437748212043e-01,7.325679971117573519e-01,2.371438091665966086e-01,-1.224405218720936162e-01,-5.433541686453630115e-01,1.000000000000000000e+00,-6.438824636127108425e-01,1.229643134511693991e-01,2.605927443440418378e-01,-7.017053678328583066e-01
5.623778650349263719e-01,3.291736027570766332e-01,7.125624296947639102e-01,5.875572145047743833e-01,6.080122144423431019e-01,-6.685435483950996627e-01,3.231765769675308819e-01,-6.874906023509719244e-01,7.344305873181866673e-01,3.696934178596369969e-01,-7.403042655011146111e-01,7.363241842901905310e-01,4.814567178455221863e-01,7.098500123799814654e-01,4.982364019645477149e-01,4.469063588011074617e-01,-6.900558854525241648e-01,4.800783692054135798e-01,7.729129485062702365e-01,6.249971064922894559e-01,-6.700382241347991874e-01,4.691165261011348564e-01,-3.229291479967407730e-01,-6.654329080722295453e-01,-6.144666719629183760e-01,-1.068285427892157191e-01,6.642902835424813190e-01,-3.764141274861557140e-01,-6.095443694894933095e-01,7.710884121995106866e-02,-2.986394736643447345e-01,-3.938819393088322518e-01,2.253779600551681084e-01,7.314697757717101290e-01,-6.438824636127108425e-01,1.000000000000000000e+00,-2.397987172254018584e-01,-4.327452183519518020e-02,8.254947487280493990e-01
-2.275500883975190847e-01,5.165105878619401514e-01,2.576232572505960088e-03,-5.610620667811400120e-02,-1.635168963248781124e-02,2.731578577402010155e-01,1.851077034811441369e-01,-3.824341788347922211e-02,-5.047936698551447332e-02,6.850491346903353485e-02,3.556954313613984175e-01,-9.430097420552573106e-02,1.867677855791538555e-02,-9.386345442845579756e-02,-6.204486534191705482e-01,-2.262485687495710274e-01,1.501763576660855026e-01,-2.033027056596269089e-01,-6.566425489675969951e-02,-1.352233484024148724e-01,2.040158630968266495e-01,3.153957741579745955e-01,3.097533103621611383e-01,2.546994222104266847e-01,2.832987394244014800e-01,-2.393516636322438051e-01,1.715440762581696421e-01,4.837228595988295465e-01,-6.433921822488478798e-03,-1.478291186593973759e-02,6.178243183797210020e-02,8.655296736445858841e-01,3.797805211204680620e-01,-2.506655844002631528e-01,1.229643134511693991e-01,-2.397987172254018584e-01,1.000000000000000000e+00,-2.662726545901686337e-01,-1.788093397545106045e-01
1.579879714110397348e-01,-8.833837143607750630e-02,-2.779498997538580318e-01,-3.813399120147300536e-01,1.978136778998191569e-01,2.503256648460017719e-01,-2.770060944810088799e-01,2.529420259222545098e-01,9.036818797997708819e-02,2.662041458259513660e-01,2.803751493732551392e-01,-2.453485841338392259e-01,-3.306094758864848715e-01,-2.429182419464339868e-02,3.298463321369274337e-01,2.292268310709385248e-01,3.041173622020849621e-01,-5.578357193006314857e-02,-2.974782698693628769e-01,-3.027569591987280817e-01,3.481349146616537493e-01,-4.895020923399617252e-01,1.614719874488809437e-01,3.221978461987701214e-01,3.672392795848869462e-01,2.256052454484938907e-01,-4.096340191034936740e-01,3.161910793873979331e-01,3.365220917980533133e-01,4.861626342270424228e-01,2.228224227791983092e-01,-1.357881695727923832e-01,-2.838409411258758785e-01,1.362654836516796752e-01,2.605927443440418378e-01,-4.327452183519518020e-02,-2.662726545901686337e-01,1.000000000000000000e+00,-1.217959287293639559e-01
6.288493861314609079e-01,4.467883030353696494e-01,7.662720582657104318e-01,6.788432202575046537e-01,6.361721054178596235e-01,-7.031231522608664131e-01,2.526115875657778953e-01,-7.328914095380689719e-01,7.248609780039991790e-01,2.512197866620556885e-01,-7.710790218236330817e-01,8.395449372864306481e-01,5.896760072818600928e-01,7.239910019351575299e-01,4.130870005049023241e-01,4.824265998668414435e-01,-7.416481963503464003e-01,5.500247832857730890e-01,8.335742294359410609e-01,6.982715999249619054e-01,-7.720941623996422365e-01,5.351889775465316079e-01,-3.541747249641715722e-01,-6.974970482586704268e-01,-6.599019693318005642e-01,-1.058327995162958307e-01,7.783924750287130045e-01,-4.585906215393041885e-01,-6.662479373273165750e-01,1.495417343615629627e-02,-3.398830535207197912e-01,-3.460466205140164675e-01,3.094498755469703433e-01,6.742171756805517280e-01,-7.017053678328583066e-01,8.254947487280493990e-01,-1.788093397545106045e-01,-1.217959287293639559e-01,1.000000000000000000e+00
