1.000000000000000000e+00,6.024716208536045059e-01,4.243715099592730300e-01,1.053073248885812163e-01,3.480941868116012028e-01,4.022000910087488723e-01,-1.597265516727766899e-01,-4.520666529105329401e-01,5.232463533362781138e-01,4.700551027552877792e-01,-1.736345237506149164e-01,2.116845972826404132e-01,-9.261875885718029444e-03,3.405970558970280448e-01,7.369566631902163545e-02,4.453941142937588027e-01,1.359960198071856752e-01,2.801555224985795567e-01,2.720713766918826937e-01,1.252749928890008468e-01,3.362844668025165573e-01,3.043145880011460802e-01,4.798763409168609884e-01,3.510812378254962174e-01,4.911481238629223922e-01,3.558340829592344101e-01,2.686016886050716646e-01,4.423626373938184808e-01,5.371303559429988495e-01,4.612084792757888407e-01,3.374634177837189108e-01,3.106077056974197448e-01,2.936174689793272785e-01,5.393472694188630179e-01,4.277944692949279260e-01,-2.120971869424993772e-01,3.870970505012031326e-01,6.333431434905747448e-01,5.469472057504003448e-01
6.024716208536045059e-01,1.000000000000000000e+00,7.307491198261898413e-01,5.208268695926062675e-01,1.565074651342411582e-01,8.414364355131646045e-01,-4.133596859753438379e-01,-7.205471378403015548e-01,6.840251862443266218e-01,6.938443089485416548e-01,1.181473808554706767e-01,7.043775061995382059e-01,-5.546699087656225408e-02,5.825252435553889274e-01,-5.094446885867613961e-01,7.193914753804991902e-01,2.352165601610135270e-01,-9.138872237703163717e-03,4.011269163289380990e-01,3.911255847769781191e-01,8.302069999929428956e-01,5.791463405995075364e-01,8.674871293794921279e-01,7.466584672974452275e-01,8.293893665557240391e-01,4.216153753352975403e-02,7.940993553413862038e-01,6.283329118799021451e-01,4.182759738263641669e-01,7.450476333160693798e-01,7.452341698063159603e-01,6.723732730121828594e-01,8.024506783510844121e-01,2.479087721959052082e-01,8.073865312745721612e-01,-3.848130809430166388e-01,8.782724756332747074e-01,2.165639633533831265e-01,8.780426223229259586e-01
4.243715099592730300e-01,7.307491198261898413e-01,1.000000000000000000e+00,5.441669300943895449e-01,4.489912171285931342e-01,6.972349101718853248e-01,-3.372365745003857995e-01,-9.440598934733460679e-01,6.640265241024098097e-01,5.382472451874723562e-01,2.554792498931144906e-01,6.093941245063787537e-01,-1.881109585676226936e-01,7.076545083916897516e-01,-4.021531669564291644e-01,5.870517136786577161e-01,3.515404142860641401e-01,2.261933324849859095e-01,5.698039655711819584e-01,1.349802319336195489e-01,7.488149584301760919e-01,4.564682113959486198e-01,7.735315028848371854e-01,7.551771690016357841e-01,7.604702669941471038e-01,4.123495523282276753e-01,7.867952463029542765e-01,7.259222796543304268e-01,3.986501943966805350e-01,7.361395505653717253e-01,7.773606375967790916e-01,6.212732741535621495e-01,7.735045984404498309e-01,2.337067999439441102e-01,7.567773764027139194e-01,4.752784856602651486e-02,7.553244250607821231e-01,7.408649197967483169e-02,6.431075405695898528e-01
1.053073248885812163e-01,5.208268695926062675e-01,5.441669300943895449e-01,1.000000000000000000e+00,6.311820597577149326e-03,5.619287472551960372e-01,-1.124121312666321315e-01,-5.283212843751451393e-01,3.757703233039529911e-01,3.071532025782776065e-01,5.031501760069559959e-01,6.288169998969100893e-01,-7.405311976428002874e-02,4.624699760697592033e-01,-4.881600886306294851e-01,4.710998035107778481e-01,3.765816961856466860e-01,-6.801205428972258160e-02,1.747066362923015981e-01,1.511070459348745343e-01,6.754346136259838929e-01,2.927845004933901096e-01,5.732204189668511640e-01,5.076497135674912231e-01,5.217825273431672128e-01,-9.162859268218428999e-02,5.999824737970073096e-01,4.709319354973219851e-01,2.016272143566003594e-01,5.367123698963865985e-01,6.087165030217021044e-01,4.803080100917254125e-01,6.670627148979333398e-01,-1.237882738258218041e-01,6.247067263353283106e-01,-2.848383996065910195e-01,6.086085682709359013e-01,-8.285926825391989881e-02,5.034450374231771441e-01
3.480941868116012028e-01,1.565074651342411582e-01,4.489912171285931342e-01,6.311820597577149326e-03,1.000000000000000000e+00,1.946193082799003299e-02,-9.257936942819577908e-02,-4.661512465071316891e-01,5.467927841041150261e-01,3.330638912599223067e-01,1.195258952909451639e-01,4.439426462018274816e-02,-1.733429677671765590e-01,4.685117991306834151e-01,2.633403380040173491e-01,2.900150571052673709e-01,2.987285591668564777e-01,6.318223122265398395e-01,6.529150780530456055e-01,-3.383110783174321234e-01,1.819028825182093453e-02,-6.579867612724113468e-02,2.189968677313145762e-01,2.800699119270954607e-01,2.712572869506585937e-01,5.600284334016946142e-01,1.752831356043416666e-01,2.399918774008031608e-01,4.808023596740738925e-02,3.390600067323737421e-01,2.523979823831428160e-01,9.985951052936842265e-02,9.674843336225756596e-02,7.192081431005268310e-01,9.856146732323835258e-02,5.317155076788421253e-01,4.120355712940984572e-02,3.188789724845549345e-01,2.001803388206229717e-01
4.022000910087488723e-01,8.414364355131646045e-01,6.972349101718853248e-01,5.619287472551960372e-01,1.946193082799003299e-02,1.000000000000000000e+00,-3.613849544378487932e-01,-6.668451810664935975e-01,5.886641100701009988e-01,6.124193159594791824e-01,1.394006290491497102e-01,5.811950874225632058e-01,5.801506407643961666e-02,4.489405327003457291e-01,-5.502152816140792879e-01,6.348922228861781925e-01,3.025017707995923399e-01,-6.613641762343734631e-02,4.101589197503536788e-01,4.735493605968187358e-01,8.630472141213838544e-01,5.650051461589400414e-01,8.590402819536188117e-01,6.968005204769094352e-01,8.154353604003937717e-01,-6.858082356108269328e-02,7.522299563263254996e-01,5.729869168564846182e-01,4.560986317680085778e-01,6.548409474911209838e-01,7.031221016178944572e-01,6.936210338735141478e-01,8.190743075907306325e-01,1.164613718497021083e-01,8.597430121659678237e-01,-3.965078084606588060e-01,9.015715175215889277e-01,7.232396685816992743e-02,7.681321575070383378e-01
-1.597265516727766899e-01,-4.133596859753438379e-01,-3.372365745003857995e-01,-1.124121312666321315e-01,-9.257936942819577908e-02,-3.613849544378487932e-01,1.000000000000000000e+00,3.098840259922336915e-01,-4.756049158194650683e-01,-2.302822521396316879e-01,-1.226047466853127516e-01,-4.150580408526993725e-01,2.418339621663753158e-01,-3.686091482323022306e-01,4.439649009008241887e-01,-3.030511489072641451e-01,-1.264301723765256791e-01,-4.353626317078596736e-02,-3.550038803524927511e-01,-1.882234034081936222e-02,-4.251210905710075538e-01,-3.112373291278625609e-01,-4.295818780593172459e-01,-4.857402952946492936e-01,-4.410030394575220614e-01,5.784795863583803294e-02,-5.605828886084407436e-01,-2.289472209369600442e-01,-1.707041842747405169e-01,-2.435696846735575793e-01,-4.576851764171234183e-01,-4.194733128162518310e-01,-4.412492497222439969e-01,-8.630688723928682526e-02,-4.360465411783991940e-01,9.636623494349837171e-02,-4.475880746191518433e-01,-8.355721097903121009e-02,-3.969604907483407219e-01
-4.520666529105329401e-01,-7.205471378403015548e-01,-9.440598934733460679e-01,-5.283212843751451393e-01,-4.661512465071316891e-01,-6.668451810664935975e-01,3.098840259922336915e-01,1.000000000000000000e+00,-6.755847134420407407e-01,-5.551053892011356128e-01,-2.658885365014857505e-01,-5.988550004518493619e-01,2.003143376814834897e-01,-7.202936357423741498e-01,3.516280911099257667e-01,-6.030332686111218310e-01,-3.371235803071340742e-01,-2.560726980960406074e-01,-5.620293958613575835e-01,-1.129224326325472122e-01,-7.296408009002388617e-01,-4.285424876400399929e-01,-7.584196351446652606e-01,-7.468912647565703056e-01,-7.610758244119045779e-01,-4.346035646618813253e-01,-7.517517680079115472e-01,-7.403993458355965229e-01,-4.047197471503525823e-01,-7.469421494706679487e-01,-7.729623118799731074e-01,-5.828289454184486518e-01,-7.534986265296002017e-01,-2.634617940474814901e-01,-7.433717590353176030e-01,-6.765649441013679710e-02,-7.230508648944788952e-01,-1.310226404338367401e-01,-6.287820540426756200e-01
5.232463533362781138e-01,6.840251862443266218e-01,6.640265241024098097e-01,3.757703233039529911e-01,5.467927841041150261e-01,5.886641100701009988e-01,-4.756049158194650683e-01,-6.755847134420407407e-01,1.000000000000000000e+00,7.185064433924605032e-01,2.187846357011814236e-01,4.905959471659207538e-01,-8.264492599291210773e-02,6.633662062228971035e-01,-1.728046734316874278e-01,7.346832781339677210e-01,2.980099566165585467e-01,4.124548414452209322e-01,6.524024761765321312e-01,1.031379548617608437e-02,5.870847740745861465e-01,3.546066750333284334e-01,7.384171648678408140e-01,6.700520607501898596e-01,7.500183704333878154e-01,2.167186993249123061e-01,6.398728129844846180e-01,5.808827772954193724e-01,2.752361662908334172e-01,7.184446844753651362e-01,5.921054165090916532e-01,4.454887719640582278e-01,6.394794379851290733e-01,5.447442826621645695e-01,6.212970698254290935e-01,1.485475364122128099e-02,6.096326562311265018e-01,4.074943458930539997e-01,7.303442363704992779e-01
4.700551027552877792e-01,6.938443089485416548e-01,5.382472451874723562e-01,3.071532025782776065e-01,3.330638912599223067e-01,6.124193159594791824e-01,-2.302822521396316879e-01,-5.551053892011356128e-01,7.185064433924605032e-01,1.000000000000000000e+00,5.293852940844456789e-02,5.021138657964712149e-01,8.134362790626652184e-02,5.136657356723719481e-01,-1.464133707773173920e-01,8.361669200065485752e-01,1.207684836130336892e-01,2.256748575785318400e-01,4.715964084276987878e-01,2.173127457644302429e-01,5.740485365502432380e-01,3.936132426646564708e-01,7.043518107919497506e-01,5.572707266670284820e-01,7.023598998678497463e-01,6.203428296653199642e-02,5.016765791013488851e-01,5.276449952001152077e-01,1.097977884760970579e-01,6.992594809632461939e-01,4.686774848160331630e-01,3.194127495159963526e-01,5.973538869235722748e-01,4.629602746364570032e-01,5.357974723016091234e-01,-1.174235839462385717e-01,6.029748951520907951e-01,4.046096012710645451e-01,7.759384400774278490e-01
-1.736345237506149164e-01,1.181473808554706767e-01,2.554792498931144906e-01,5.031501760069559959e-01,1.195258952909451639e-01,1.394006290491497102e-01,-1.226047466853127516e-01,-2.658885365014857505e-01,2.187846357011814236e-01,5.293852940844456789e-02,1.000000000000000000e+00,3.503516393646515792e-01,-2.168934015365994381e-02,2.751591035942739238e-01,-3.244110393471816844e-01,8.744124255970132931e-02,5.925368580568325383e-01,1.317461010496634617e-02,9.533383835868050604e-02,-2.186961547271348283e-01,2.497066300671123285e-01,1.233750903614490996e-01,1.928194606041947479e-01,2.134792306057574640e-01,1.355046675123958710e-01,1.057759633448423359e-02,3.194356438623992545e-01,1.641013268619038734e-01,3.080119953656911339e-02,1.944454899499918066e-01,3.695350519033696601e-01,3.885796955960177934e-01,2.665024468162208171e-01,-1.044870461768455522e-01,2.448556612926280629e-01,1.793165535768997260e-02,1.967500943847675932e-01,-2.030619569371963085e-01,1.230680559965580123e-01
2.116845972826404132e-01,7.043775061995382059e-01,6.093941245063787537e-01,6.288169998969100893e-01,4.439426462018274816e-02,5.811950874225632058e-01,-4.150580408526993725e-01,-5.988550004518493619e-01,4.905959471659207538e-01,5.021138657964712149e-01,3.503516393646515792e-01,1.000000000000000000e+00,-2.480834018954154174e-01,5.425383804388513864e-01,-5.752517015944630385e-01,5.891242022121004895e-01,2.314190616961419866e-01,-1.446385137109343078e-01,2.015636358145870277e-01,2.570291074064534609e-01,6.977741900538627640e-01,5.040016632235998495e-01,6.205536364365578095e-01,5.979420587309981494e-01,5.721957183956709603e-01,-6.054710284476112064e-02,7.806728044464925631e-01,4.822401372758615135e-01,1.030709757220016204e-01,5.918309210348952076e-01,6.987782067397758645e-01,5.585885573205311427e-01,7.120445585093433394e-01,-5.309679301131524538e-03,6.023644789883275674e-01,-3.190897163752535737e-01,6.959530297325423609e-01,4.931719474637648185e-04,7.142475288444586345e-01
-9.261875885718029444e-03,-5.546699087656225408e-02,-1.881109585676226936e-01,-7.405311976428002874e-02,-1.733429677671765590e-01,5.801506407643961666e-02,2.418339621663753158e-01,2.003143376814834897e-01,-8.264492599291210773e-02,8.134362790626652184e-02,-2.168934015365994381e-02,-2.480834018954154174e-01,1.000000000000000000e+00,-1.962706124881834491e-01,1.736707292256864377e-01,-2.915090600116251895e-04,1.699836358527186120e-02,-3.952622366812072463e-02,-1.566743242714661311e-01,2.450176064010462784e-01,-3.669025562735930834e-02,-1.508020703220470243e-02,1.658633721522164350e-03,-1.342826592262859886e-01,-7.510505694659921905e-02,-1.668911681505030054e-01,-2.532461333098196543e-01,3.382968829104342212e-02,9.015236800129238295e-03,-8.386901818795582109e-02,-3.133828461924805242e-01,-1.262369221236371020e-01,-3.921074178169328683e-02,8.241314136674141033e-02,-6.208185376344392548e-02,-2.352512177790771208e-01,-2.698473461331269557e-02,8.880863412930431466e-02,1.099743232729473311e-03
3.405970558970280448e-01,5.825252435553889274e-01,7.076545083916897516e-01,4.624699760697592033e-01,4.685117991306834151e-01,4.489405327003457291e-01,-3.686091482323022306e-01,-7.202936357423741498e-01,6.633662062228971035e-01,5.136657356723719481e-01,2.751591035942739238e-01,5.425383804388513864e-01,-1.962706124881834491e-01,1.000000000000000000e+00,-2.968665156044660858e-01,6.326296999467762028e-01,1.747245262985126502e-01,2.721112385245988419e-01,5.011098509583145066e-01,2.053274453628860241e-02,5.702052835467584790e-01,2.842780472509586209e-01,6.752940343903722775e-01,7.974624826698885061e-01,6.707929622718487028e-01,4.112759151801919089e-01,6.554077180384766388e-01,6.320442114148182577e-01,1.481060488918874152e-01,7.272866623636602412e-01,6.416853503973189987e-01,3.622898948724962986e-01,6.724581664504060141e-01,2.022417175198694961e-01,5.512225536207667753e-01,1.084989454077249782e-01,5.785353904248058399e-01,1.839836780586664167e-01,5.761903471336667915e-01
7.369566631902163545e-02,-5.094446885867613961e-01,-4.021531669564291644e-01,-4.881600886306294851e-01,2.633403380040173491e-01,-5.502152816140792879e-01,4.439649009008241887e-01,3.516280911099257667e-01,-1.728046734316874278e-01,-1.464133707773173920e-01,-3.244110393471816844e-01,-5.752517015944630385e-01,1.736707292256864377e-01,-2.968665156044660858e-01,1.000000000000000000e+00,-2.212698655994857488e-01,-2.716068384159907589e-01,5.266435178069259759e-01,-1.781822417634260428e-02,-3.003360785526640320e-01,-5.927994157494704819e-01,-3.892708876805354157e-01,-5.130769094155580579e-01,-4.849839873863905360e-01,-4.137704482888699964e-01,2.611955987494821718e-01,-6.790514366501378962e-01,-1.666543138986173456e-01,-1.984282824146086366e-01,-2.803458432052689520e-01,-6.242409598530725967e-01,-6.381177437372843597e-01,-5.650440022854116284e-01,4.275406850233543499e-01,-5.654194386822005702e-01,3.201252697064474462e-01,-6.244165995267698666e-01,4.222189649797991606e-01,-4.010212940469964904e-01
4.453941142937588027e-01,7.193914753804991902e-01,5.870517136786577161e-01,4.710998035107778481e-01,2.900150571052673709e-01,6.348922228861781925e-01,-3.030511489072641451e-01,-6.030332686111218310e-01,7.346832781339677210e-01,8.361669200065485752e-01,8.744124255970132931e-02,5.891242022121004895e-01,-2.915090600116251895e-04,6.326296999467762028e-01,-2.212698655994857488e-01,1.000000000000000000e+00,6.042056648457420215e-02,2.534602310378346601e-01,5.030844601956069306e-01,2.208643277270399274e-01,6.857364828191905293e-01,3.687847958869062692e-01,7.571640981447048668e-01,6.428196112005296614e-01,7.939747959291729718e-01,-1.718406085634802821e-02,5.759551383790326717e-01,6.074646989557974663e-01,1.704102574260725478e-01,7.861112590775164444e-01,5.575164906827663192e-01,3.129160782456915646e-01,7.275393541423149646e-01,3.662184498408887490e-01,6.559219247864194191e-01,-1.337838120920665508e-01,6.542015528832944016e-01,3.768855509326925479e-01,7.603781357265676499e-01
1.359960198071856752e-01,2.352165601610135270e-01,3.515404142860641401e-01,3.765816961856466860e-01,2.987285591668564777e-01,3.025017707995923399e-01,-1.264301723765256791e-01,-3.371235803071340742e-01,2.980099566165585467e-01,1.207684836130336892e-01,5.925368580568325383e-01,2.314190616961419866e-01,1.699836358527186120e-02,1.747245262985126502e-01,-2.716068384159907589e-01,6.042056648457420215e-02,1.000000000000000000e+00,6.166860023411857572e-02,2.139862395514469939e-01,-1.387057132949529314e-01,2.406109507792043023e-01,8.327878760279899817e-02,2.933519633159452633e-01,1.960007703389079758e-01,1.784849669935147098e-01,1.282282050675432050e-01,2.852111891818556177e-01,8.018996337982015055e-02,3.793453370472600894e-01,1.620218187566933032e-01,4.423729929764900759e-01,6.126759410180273591e-01,1.899377015863723539e-01,1.778359945728220648e-01,3.579339160755428684e-01,4.555481751596088952e-02,2.700520438421232794e-01,-7.187951375321902092e-02,2.122440445056365810e-01
2.801555224985795567e-01,-9.138872237703163717e-03,2.261933324849859095e-01,-6.801205428972258160e-02,6.318223122265398395e-01,-6.613641762343734631e-02,-4.353626317078596736e-02,-2.560726980960406074e-01,4.124548414452209322e-01,2.256748575785318400e-01,1.317461010496634617e-02,-1.446385137109343078e-01,-3.952622366812072463e-02,2.721112385245988419e-01,5.266435178069259759e-01,2.534602310378346601e-01,6.166860023411857572e-02,1.000000000000000000e+00,6.352798281465663610e-01,-3.831780239572361579e-01,-4.319013467717791599e-02,-6.306262486596987682e-02,5.120039660460811576e-02,9.735109842710018557e-02,1.381915424618475607e-01,3.391436737146369396e-01,-2.588551404276464435e-02,2.592613511905173529e-01,3.904038095057232871e-02,2.493189370576190667e-01,4.271747042022498025e-02,-9.750578133177449647e-02,-5.305956235503572066e-03,5.602901276495179106e-01,5.598896334253947865e-02,4.496649764429532792e-01,-8.292812638165161787e-02,3.378149584182338905e-01,4.106255704226517006e-02
2.720713766918826937e-01,4.011269163289380990e-01,5.698039655711819584e-01,1.747066362923015981e-01,6.529150780530456055e-01,4.101589197503536788e-01,-3.550038803524927511e-01,-5.620293958613575835e-01,6.524024761765321312e-01,4.715964084276987878e-01,9.533383835868050604e-02,2.015636358145870277e-01,-1.566743242714661311e-01,5.011098509583145066e-01,-1.781822417634260428e-02,5.030844601956069306e-01,2.139862395514469939e-01,6.352798281465663610e-01,1.000000000000000000e+00,-1.372748676154681158e-01,3.681215206946584773e-01,7.074286131218872342e-02,4.807364509498551763e-01,4.637712109072072431e-01,5.444188888070042864e-01,2.201213501481497914e-01,4.711974339434744641e-01,2.992215242260592989e-01,1.681495520779174857e-01,5.006848774562181470e-01,5.155467024397520914e-01,3.377712346141831801e-01,4.153202882521463413e-01,5.414885892717385962e-01,4.324457943432483686e-01,3.215187075475798295e-01,3.785915129813854918e-01,2.240275560424083157e-01,4.163137631331471078e-01
1.252749928890008468e-01,3.911255847769781191e-01,1.349802319336195489e-01,1.511070459348745343e-01,-3.383110783174321234e-01,4.735493605968187358e-01,-1.882234034081936222e-02,-1.129224326325472122e-01,1.031379548617608437e-02,2.173127457644302429e-01,-2.186961547271348283e-01,2.570291074064534609e-01,2.450176064010462784e-01,2.053274453628860241e-02,-3.003360785526640320e-01,2.208643277270399274e-01,-1.387057132949529314e-01,-3.831780239572361579e-01,-1.372748676154681158e-01,1.000000000000000000e+00,4.062519593775436033e-01,4.921414240142817365e-01,3.447268024298515976e-01,2.548509233383636219e-01,3.118317413581201403e-01,-1.752715004651868858e-01,2.366936965732965858e-01,2.800661088771054241e-01,8.479905999944865880e-02,1.615382821550418180e-01,9.436315162334560358e-02,1.518429618693824812e-01,3.450773949326095824e-01,-1.841533869516518152e-01,3.162951544893036759e-01,-4.315731874457760520e-01,4.554343787811413469e-01,-4.343075703072590832e-02,3.397422975016511915e-01
3.362844668025165573e-01,8.302069999929428956e-01,7.488149584301760919e-01,6.754346136259838929e-01,1.819028825182093453e-02,8.630472141213838544e-01,-4.251210905710075538e-01,-7.296408009002388617e-01,5.870847740745861465e-01,5.740485365502432380e-01,2.497066300671123285e-01,6.977741900538627640e-01,-3.669025562735930834e-02,5.702052835467584790e-01,-5.927994157494704819e-01,6.857364828191905293e-01,2.406109507792043023e-01,-4.319013467717791599e-02,3.681215206946584773e-01,4.062519593775436033e-01,1.000000000000000000e+00,5.685631492535807574e-01,8.510682834415621567e-01,7.459643506215608566e-01,8.165929995797324148e-01,-3.493095640323023998e-02,8.138613012170380356e-01,6.992632740064529395e-01,4.157031189669430082e-01,7.157448108547057597e-01,7.527735366929362293e-01,6.474614761970471921e-01,8.996754800908819405e-01,1.163043829963209506e-02,8.798288764152858432e-01,-3.117072145089780366e-01,8.966242834496293002e-01,4.185866984639376870e-02,7.460337577776198215e-01
3.043145880011460802e-01,5.791463405995075364e-01,4.564682113959486198e-01,2.927845004933901096e-01,-6.579867612724113468e-02,5.650051461589400414e-01,-3.112373291278625609e-01,-4.285424876400399929e-01,3.546066750333284334e-01,3.936132426646564708e-01,1.233750903614490996e-01,5.040016632235998495e-01,-1.508020703220470243e-02,2.842780472509586209e-01,-3.892708876805354157e-01,3.687847958869062692e-01,8.327878760279899817e-02,-6.306262486596987682e-02,7.074286131218872342e-02,4.921414240142817365e-01,5.685631492535807574e-01,1.000000000000000000e+00,5.351161672888499199e-01,4.898913882715560386e-01,4.719248417578121857e-01,-3.899333012313302665e-04,5.726778606901093971e-01,5.352919266814685217e-01,1.799710689727556656e-01,4.065789955711809345e-01,3.741307826219900656e-01,4.745242378051341969e-01,5.528661158560440603e-01,-5.624641835184377575e-02,5.289574838932193934e-01,-3.063821416231352068e-01,6.266820956656340424e-01,-2.648259742360006830e-02,5.357377958892689529e-01
4.798763409168609884e-01,8.674871293794921279e-01,7.735315028848371854e-01,5.732204189668511640e-01,2.189968677313145762e-01,8.590402819536188117e-01,-4.295818780593172459e-01,-7.584196351446652606e-01,7.384171648678408140e-01,7.043518107919497506e-01,1.928194606041947479e-01,6.205536364365578095e-01,1.658633721522164350e-03,6.752940343903722775e-01,-5.130769094155580579e-01,7.571640981447048668e-01,2.933519633159452633e-01,5.120039660460811576e-02,4.807364509498551763e-01,3.447268024298515976e-01,8.510682834415621567e-01,5.351161672888499199e-01,1.000000000000000000e+00,8.428226778196260538e-01,8.966337487837446885e-01,9.483214122761930709e-02,8.025774489321760852e-01,6.719213117706509530e-01,3.737945605773673186e-01,7.805819309032575593e-01,7.480507564518160679e-01,6.491621508782532413e-01,8.645333318736039274e-01,2.038578727507807664e-01,8.484310685170863842e-01,-2.556009472896733636e-01,8.912543595148831876e-01,1.566386239323480090e-01,8.219484695437948574e-01
3.510812378254962174e-01,7.466584672974452275e-01,7.551771690016357841e-01,5.076497135674912231e-01,2.800699119270954607e-01,6.968005204769094352e-01,-4.857402952946492936e-01,-7.468912647565703056e-01,6.700520607501898596e-01,5.572707266670284820e-01,2.134792306057574640e-01,5.979420587309981494e-01,-1.342826592262859886e-01,7.974624826698885061e-01,-4.849839873863905360e-01,6.428196112005296614e-01,1.960007703389079758e-01,9.735109842710018557e-02,4.637712109072072431e-01,2.548509233383636219e-01,7.459643506215608566e-01,4.898913882715560386e-01,8.428226778196260538e-01,1.000000000000000000e+00,7.931648887316253838e-01,2.159583144322365367e-01,7.890222766018745171e-01,6.660632519249198857e-01,2.205936200793127966e-01,7.204153349245788762e-01,6.978173544782948490e-01,5.512812262314503720e-01,8.065197604518802299e-01,1.429031739163549863e-01,7.396031423393215620e-01,-1.161553767336535453e-01,8.096949231564818383e-01,4.755898674884165983e-02,6.991588447043978194e-01
4.911481238629223922e-01,8.293893665557240391e-01,7.604702669941471038e-01,5.217825273431672128e-01,2.712572869506585937e-01,8.154353604003937717e-01,-4.410030394575220614e-01,-7.610758244119045779e-01,7.500183704333878154e-01,7.023598998678497463e-01,1.355046675123958710e-01,5.721957183956709603e-01,-7.510505694659921905e-02,6.707929622718487028e-01,-4.137704482888699964e-01,7.939747959291729718e-01,1.784849669935147098e-01,1.381915424618475607e-01,5.444188888070042864e-01,3.118317413581201403e-01,8.165929995797324148e-01,4.719248417578121857e-01,8.966337487837446885e-01,7.931648887316253838e-01,1.000000000000000000e+00,1.402045666191594209e-01,7.364905477113287136e-01,6.909191438455216661e-01,3.780413238871844217e-01,8.200193272140434697e-01,7.187639856388347015e-01,5.332799151710601038e-01,8.561083755248982685e-01,2.753292542404015553e-01,8.294584350696829755e-01,-1.646720527072104701e-01,8.206711440431896376e-01,2.708916047270004679e-01,7.678882335450034624e-01
3.558340829592344101e-01,4.216153753352975403e-02,4.123495523282276753e-01,-9.162859268218428999e-02,5.600284334016946142e-01,-6.858082356108269328e-02,5.784795863583803294e-02,-4.346035646618813253e-01,2.167186993249123061e-01,6.203428296653199642e-02,1.057759633448423359e-02,-6.054710284476112064e-02,-1.668911681505030054e-01,4.112759151801919089e-01,2.611955987494821718e-01,-1.718406085634802821e-02,1.282282050675432050e-01,3.391436737146369396e-01,2.201213501481497914e-01,-1.752715004651868858e-01,-3.493095640323023998e-02,-3.899333012313302665e-04,9.483214122761930709e-02,2.159583144322365367e-01,1.402045666191594209e-01,1.000000000000000000e+00,4.907751604317081573e-02,3.702855798392902242e-01,1.614529398589331644e-01,2.002521222186648964e-01,9.381676028018712254e-02,-1.792342027749060929e-02,3.607843099845400164e-02,2.733169995368937566e-01,-9.274810263177543646e-03,4.126143300349255361e-01,-2.546065895230231746e-02,2.907589818479413557e-01,5.102256304368097892e-03
2.686016886050716646e-01,7.940993553413862038e-01,7.867952463029542765e-01,5.999824737970073096e-01,1.752831356043416666e-01,7.522299563263254996e-01,-5.605828886084407436e-01,-7.517517680079115472e-01,6.398728129844846180e-01,5.016765791013488851e-01,3.194356438623992545e-01,7.806728044464925631e-01,-2.532461333098196543e-01,6.554077180384766388e-01,-6.790514366501378962e-01,5.759551383790326717e-01,2.852111891818556177e-01,-2.588551404276464435e-02,4.711974339434744641e-01,2.366936965732965858e-01,8.138613012170380356e-01,5.726778606901093971e-01,8.025774489321760852e-01,7.890222766018745171e-01,7.364905477113287136e-01,4.907751604317081573e-02,1.000000000000000000e+00,5.851607159929126389e-01,2.728863165421557824e-01,6.656267367596963025e-01,8.344290368437052852e-01,7.194082465202558119e-01,8.358723549919720996e-01,2.477890530787413281e-02,7.737901834834529646e-01,-2.012185604404670980e-01,8.507612850020245254e-01,-6.957315006757255893e-02,7.441028093881385530e-01
4.423626373938184808e-01,6.283329118799021451e-01,7.259222796543304268e-01,4.709319354973219851e-01,2.399918774008031608e-01,5.729869168564846182e-01,-2.289472209369600442e-01,-7.403993458355965229e-01,5.808827772954193724e-01,5.276449952001152077e-01,1.641013268619038734e-01,4.822401372758615135e-01,3.382968829104342212e-02,6.320442114148182577e-01,-1.666543138986173456e-01,6.074646989557974663e-01,8.018996337982015055e-02,2.592613511905173529e-01,2.992215242260592989e-01,2.800661088771054241e-01,6.992632740064529395e-01,5.352919266814685217e-01,6.719213117706509530e-01,6.660632519249198857e-01,6.909191438455216661e-01,3.702855798392902242e-01,5.851607159929126389e-01,1.000000000000000000e+00,3.292858507791398548e-01,6.884442899545705208e-01,4.510143808954047984e-01,3.023643341592965328e-01,7.337557121004517624e-01,1.359671760330733725e-01,6.362194639242630956e-01,-6.738369528605439585e-02,6.587630690550586587e-01,2.376427696969430348e-01,5.859996294734296507e-01
5.371303559429988495e-01,4.182759738263641669e-01,3.986501943966805350e-01,2.016272143566003594e-01,4.808023596740738925e-02,4.560986317680085778e-01,-1.707041842747405169e-01,-4.047197471503525823e-01,2.752361662908334172e-01,1.097977884760970579e-01,3.080119953656911339e-02,1.030709757220016204e-01,9.015236800129238295e-03,1.481060488918874152e-01,-1.984282824146086366e-01,1.704102574260725478e-01,3.793453370472600894e-01,3.904038095057232871e-02,1.681495520779174857e-01,8.479905999944865880e-02,4.157031189669430082e-01,1.799710689727556656e-01,3.737945605773673186e-01,2.205936200793127966e-01,3.780413238871844217e-01,1.614529398589331644e-01,2.728863165421557824e-01,3.292858507791398548e-01,1.000000000000000000e+00,2.816062932141596420e-01,4.370075630778241793e-01,5.440652813782157482e-01,3.230289145118870886e-01,1.210516689139290447e-01,5.851258468129403312e-01,-1.188591558824347166e-01,4.010088971343697128e-01,2.323954296474548542e-01,2.466411575337027762e-01
4.612084792757888407e-01,7.450476333160693798e-01,7.361395505653717253e-01,5.367123698963865985e-01,3.390600067323737421e-01,6.548409474911209838e-01,-2.435696846735575793e-01,-7.469421494706679487e-01,7.184446844753651362e-01,6.992594809632461939e-01,1.944454899499918066e-01,5.918309210348952076e-01,-8.386901818795582109e-02,7.272866623636602412e-01,-2.803458432052689520e-01,7.861112590775164444e-01,1.620218187566933032e-01,2.493189370576190667e-01,5.006848774562181470e-01,1.615382821550418180e-01,7.157448108547057597e-01,4.065789955711809345e-01,7.805819309032575593e-01,7.204153349245788762e-01,8.200193272140434697e-01,2.002521222186648964e-01,6.656267367596963025e-01,6.884442899545705208e-01,2.816062932141596420e-01,1.000000000000000000e+00,6.571751202689087856e-01,4.455258208791831320e-01,7.663993033004032895e-01,2.908541687096045103e-01,7.233095696161790933e-01,-6.713012005920698799e-02,7.074016958628458474e-01,3.120701319850139877e-01,7.371675097325931514e-01
3.374634177837189108e-01,7.452341698063159603e-01,7.773606375967790916e-01,6.087165030217021044e-01,2.523979823831428160e-01,7.031221016178944572e-01,-4.576851764171234183e-01,-7.729623118799731074e-01,5.921054165090916532e-01,4.686774848160331630e-01,3.695350519033696601e-01,6.987782067397758645e-01,-3.133828461924805242e-01,6.416853503973189987e-01,-6.242409598530725967e-01,5.575164906827663192e-01,4.423729929764900759e-01,4.271747042022498025e-02,5.155467024397520914e-01,9.436315162334560358e-02,7.527735366929362293e-01,3.741307826219900656e-01,7.480507564518160679e-01,6.978173544782948490e-01,7.187639856388347015e-01,9.381676028018712254e-02,8.344290368437052852e-01,4.510143808954047984e-01,4.370075630778241793e-01,6.571751202689087856e-01,1.000000000000000000e+00,7.668124178735989949e-01,7.402898107105680969e-01,1.144407188379878426e-01,7.941884261012940316e-01,-1.002681455648014863e-01,7.487830310806417033e-01,-2.253985230876200119e-02,6.429480134769373079e-01
3.106077056974197448e-01,6.723732730121828594e-01,6.212732741535621495e-01,4.803080100917254125e-01,9.985951052936842265e-02,6.936210338735141478e-01,-4.194733128162518310e-01,-5.828289454184486518e-01,4.454887719640582278e-01,3.194127495159963526e-01,3.885796955960177934e-01,5.585885573205311427e-01,-1.262369221236371020e-01,3.622898948724962986e-01,-6.381177437372843597e-01,3.129160782456915646e-01,6.126759410180273591e-01,-9.750578133177449647e-02,3.377712346141831801e-01,1.518429618693824812e-01,6.474614761970471921e-01,4.745242378051341969e-01,6.491621508782532413e-01,5.512812262314503720e-01,5.332799151710601038e-01,-1.792342027749060929e-02,7.194082465202558119e-01,3.023643341592965328e-01,5.440652813782157482e-01,4.455258208791831320e-01,7.668124178735989949e-01,1.000000000000000000e+00,5.800653594438411886e-01,4.886839679061405484e-02,7.230962467306899510e-01,-2.553973139970359685e-01,7.237622759598081323e-01,-1.376132101290256371e-01,5.606446669653302184e-01
2.936174689793272785e-01,8.024506783510844121e-01,7.735045984404498309e-01,6.670627148979333398e-01,9.674843336225756596e-02,8.190743075907306325e-01,-4.412492497222439969e-01,-7.534986265296002017e-01,6.394794379851290733e-01,5.973538869235722748e-01,2.665024468162208171e-01,7.120445585093433394e-01,-3.921074178169328683e-02,6.724581664504060141e-01,-5.650440022854116284e-01,7.275393541423149646e-01,1.899377015863723539e-01,-5.305956235503572066e-03,4.153202882521463413e-01,3.450773949326095824e-01,8.996754800908819405e-01,5.528661158560440603e-01,8.645333318736039274e-01,8.065197604518802299e-01,8.561083755248982685e-01,3.607843099845400164e-02,8.358723549919720996e-01,7.337557121004517624e-01,3.230289145118870886e-01,7.663993033004032895e-01,7.402898107105680969e-01,5.800653594438411886e-01,1.000000000000000000e+00,2.543792776131264394e-02,8.420146416405761558e-01,-2.449071569922473823e-01,8.868419935142892729e-01,6.547217269034986964e-02,7.597675944539236115e-01
5.393472694188630179e-01,2.479087721959052082e-01,2.337067999439441102e-01,-1.237882738258218041e-01,7.192081431005268310e-01,1.164613718497021083e-01,-8.630688723928682526e-02,-2.634617940474814901e-01,5.447442826621645695e-01,4.629602746364570032e-01,-1.044870461768455522e-01,-5.309679301131524538e-03,8.241314136674141033e-02,2.022417175198694961e-01,4.275406850233543499e-01,3.662184498408887490e-01,1.778359945728220648e-01,5.602901276495179106e-01,5.414885892717385962e-01,-1.841533869516518152e-01,1.163043829963209506e-02,-5.624641835184377575e-02,2.038578727507807664e-01,1.429031739163549863e-01,2.753292542404015553e-01,2.733169995368937566e-01,2.477890530787413281e-02,1.359671760330733725e-01,1.210516689139290447e-01,2.908541687096045103e-01,1.144407188379878426e-01,4.886839679061405484e-02,2.543792776131264394e-02,1.000000000000000000e+00,8.309960293051812941e-02,1.897978058760843578e-01,4.662280393525795180e-02,5.817265381463099239e-01,3.262499009753044299e-01
4.277944692949279260e-01,8.073865312745721612e-01,7.567773764027139194e-01,6.247067263353283106e-01,9.856146732323835258e-02,8.597430121659678237e-01,-4.360465411783991940e-01,-7.433717590353176030e-01,6.212970698254290935e-01,5.357974723016091234e-01,2.448556612926280629e-01,6.023644789883275674e-01,-6.208185376344392548e-02,5.512225536207667753e-01,-5.654194386822005702e-01,6.559219247864194191e-01,3.579339160755428684e-01,5.598896334253947865e-02,4.324457943432483686e-01,3.162951544893036759e-01,8.798288764152858432e-01,5.289574838932193934e-01,8.484310685170863842e-01,7.396031423393215620e-01,8.294584350696829755e-01,-9.274810263177543646e-03,7.737901834834529646e-01,6.362194639242630956e-01,5.851258468129403312e-01,7.233095696161790933e-01,7.941884261012940316e-01,7.230962467306899510e-01,8.420146416405761558e-01,8.309960293051812941e-02,1.000000000000000000e+00,-2.513678604674454697e-01,8.740514466597362198e-01,7.389410888023610624e-02,6.913295558023359044e-01
-2.120971869424993772e-01,-3.848130809430166388e-01,4.752784856602651486e-02,-2.848383996065910195e-01,5.317155076788421253e-01,-3.965078084606588060e-01,9.636623494349837171e-02,-6.765649441013679710e-02,1.485475364122128099e-02,-1.174235839462385717e-01,1.793165535768997260e-02,-3.190897163752535737e-01,-2.352512177790771208e-01,1.084989454077249782e-01,3.201252697064474462e-01,-1.337838120920665508e-01,4.555481751596088952e-02,4.496649764429532792e-01,3.215187075475798295e-01,-4.315731874457760520e-01,-3.117072145089780366e-01,-3.063821416231352068e-01,-2.556009472896733636e-01,-1.161553767336535453e-01,-1.646720527072104701e-01,4.126143300349255361e-01,-2.012185604404670980e-01,-6.738369528605439585e-02,-1.188591558824347166e-01,-6.713012005920698799e-02,-1.002681455648014863e-01,-2.553973139970359685e-01,-2.449071569922473823e-01,1.897978058760843578e-01,-2.513678604674454697e-01,1.000000000000000000e+00,-3.676737230432628456e-01,-4.606688759787148923e-02,-3.835085158777692960e-01
3.870970505012031326e-01,8.782724756332747074e-01,7.553244250607821231e-01,6.086085682709359013e-01,4.120355712940984572e-02,9.015715175215889277e-01,-4.475880746191518433e-01,-7.230508648944788952e-01,6.096326562311265018e-01,6.029748951520907951e-01,1.967500943847675932e-01,6.959530297325423609e-01,-2.698473461331269557e-02,5.785353904248058399e-01,-6.244165995267698666e-01,6.542015528832944016e-01,2.700520438421232794e-01,-8.292812638165161787e-02,3.785915129813854918e-01,4.554343787811413469e-01,8.966242834496293002e-01,6.266820956656340424e-01,8.912543595148831876e-01,8.096949231564818383e-01,8.206711440431896376e-01,-2.546065895230231746e-02,8.507612850020245254e-01,6.587630690550586587e-01,4.010088971343697128e-01,7.074016958628458474e-01,7.487830310806417033e-01,7.237622759598081323e-01,8.868419935142892729e-01,4.662280393525795180e-02,8.740514466597362198e-01,-3.676737230432628456e-01,1.000000000000000000e+00,1.311840774351926905e-02,8.144378777143532755e-01
6.333431434905747448e-01,2.165639633533831265e-01,7.408649197967483169e-02,-8.285926825391989881e-02,3.188789724845549345e-01,7.232396685816992743e-02,-8.355721097903121009e-02,-1.310226404338367401e-01,4.074943458930539997e-01,4.046096012710645451e-01,-2.030619569371963085e-01,4.931719474637648185e-04,8.880863412930431466e-02,1.839836780586664167e-01,4.222189649797991606e-01,3.768855509326925479e-01,-7.187951375321902092e-02,3.378149584182338905e-01,2.240275560424083157e-01,-4.343075703072590832e-02,4.185866984639376870e-02,-2.648259742360006830e-02,1.566386239323480090e-01,4.755898674884165983e-02,2.708916047270004679e-01,2.907589818479413557e-01,-6.957315006757255893e-02,2.376427696969430348e-01,2.323954296474548542e-01,3.120701319850139877e-01,-2.253985230876200119e-02,-1.376132101290256371e-01,6.547217269034986964e-02,5.817265381463099239e-01,7.389410888023610624e-02,-4.606688759787148923e-02,1.311840774351926905e-02,1.000000000000000000e+00,3.349750050052550665e-01
5.469472057504003448e-01,8.780426223229259586e-01,6.431075405695898528e-01,5.034450374231771441e-01,2.001803388206229717e-01,7.681321575070383378e-01,-3.969604907483407219e-01,-6.287820540426756200e-01,7.303442363704992779e-01,7.759384400774278490e-01,1.230680559965580123e-01,7.142475288444586345e-01,1.099743232729473311e-03,5.761903471336667915e-01,-4.010212940469964904e-01,7.603781357265676499e-01,2.122440445056365810e-01,4.106255704226517006e-02,4.163137631331471078e-01,3.397422975016511915e-01,7.460337577776198215e-01,5.357377958892689529e-01,8.219484695437948574e-01,6.991588447043978194e-01,7.678882335450034624e-01,5.102256304368097892e-03,7.441028093881385530e-01,5.859996294734296507e-01,2.466411575337027762e-01,7.371675097325931514e-01,6.429480134769373079e-01,5.606446669653302184e-01,7.597675944539236115e-01,3.262499009753044299e-01,6.913295558023359044e-01,-3.835085158777692960e-01,8.144378777143532755e-01,3.349750050052550665e-01,1.000000000000000000e+00
