1.000000000000000000e+00,6.785839131276049097e-01,7.944038236356412708e-02,-4.168645870270267229e-01,3.246567711283088742e-01,3.835262159200499288e-01,2.523571416337091478e-01,-3.465108743158371585e-01,-6.027957246073407244e-02,6.496811885414373045e-01,6.513130864216158944e-01,-2.914478882121847580e-01,4.886258002410586165e-01,3.753337583502535657e-01,-3.190967809709101544e-01,5.842080967067937447e-01,5.860171968682592603e-01,1.511992491379288983e-01,9.528211104106168450e-02,-2.204493265701808480e-01,2.625567236894561438e-02,-1.623341701463811293e-01,-1.645733309091700070e-01,-1.464808907257905968e-01,1.095692474942606270e-01,7.089711763969178682e-01,6.177696029854410353e-01,6.830464689253429311e-01,3.746640718658063585e-01,5.589446226330174738e-01,7.264564389298630021e-01,6.760399309361704301e-01,4.573095403581100560e-01,-8.301555035395735693e-02,6.824263722561227929e-01,6.196578381398359925e-01,5.385192388252982854e-01,9.667885644351574548e-02,-6.057489293242780681e-02
6.785839131276049097e-01,1.000000000000000000e+00,4.071896186962084552e-01,5.409207228728672712e-02,3.468562087403849747e-01,4.459958204341897270e-01,2.351520616090521931e-01,-4.751376226179042372e-02,3.800173027863044672e-01,7.038177523841518957e-01,4.385339639539921341e-01,-3.946998222765356681e-03,-3.644846966608904226e-02,5.761336353572321656e-01,-1.110153644325021817e-02,5.971303490460709851e-01,4.814606856938629109e-01,2.529230362434592427e-01,-1.978365817590853337e-02,3.776833503446098694e-01,4.829515054462774071e-01,2.950961387566847782e-01,1.444391754470182587e-01,9.772864093066120639e-02,5.486979696332044965e-01,4.297228044548512815e-01,2.318654920452461743e-01,1.573164951530340860e-01,7.455239694058539701e-01,7.494362205750906281e-01,3.573016471209133349e-01,8.099350545723925654e-01,-1.189887806083390065e-01,1.247849235927021988e-01,4.015396080949629742e-01,5.549402120450060982e-01,7.571277543675503097e-01,1.349075320812655465e-01,1.798126784214721663e-01
7.944038236356412708e-02,4.071896186962084552e-01,1.000000000000000000e+00,5.005983024574857110e-01,7.405389572947349563e-01,3.903417437913785093e-02,2.050889186843999346e-01,-4.426485746040579872e-01,7.903037657741092126e-01,2.210761195385494426e-01,-8.637009063493202021e-02,6.226048583820761317e-01,-3.802077986817409272e-01,7.123699526948243932e-01,6.010575814332482780e-01,2.674290516077909019e-01,8.284685947862299726e-02,5.604744472902858377e-01,3.254732123210296035e-01,6.054452938047572008e-01,8.515595074042295876e-01,6.986229362590439251e-01,6.839889699736790840e-01,6.517115816098475456e-01,7.423929100256747571e-01,9.742105971947273568e-02,-6.847230514178547119e-03,-1.742490300330767627e-01,4.835090759480945022e-01,4.423404558651818919e-01,1.234972135137809846e-01,4.689431451667829265e-01,-2.052960208629859562e-01,7.785736536055610779e-01,-2.840281380962539903e-01,-4.448392573808895162e-02,3.014564091591735440e-01,5.228835257679408377e-01,7.095001070079619554e-01
-4.168645870270267229e-01,5.409207228728672712e-02,5.005983024574857110e-01,1.000000000000000000e+00,2.168194428345196767e-01,-4.128003012845991582e-01,2.487800482816556191e-01,1.409275552989925906e-01,7.362905926585784355e-01,-2.836009649857966775e-01,-6.838009750909318507e-01,7.530413684873084046e-01,-7.869070359614813714e-01,2.118166622927356024e-01,7.589429883691661827e-01,-2.126359141039118050e-01,-4.352566299347494505e-01,3.136441685743642238e-01,2.070418878174050958e-01,6.963620002313695156e-01,4.700178831163625559e-01,6.715507772232626182e-01,7.433101801539931941e-01,5.866878317668569043e-01,4.699455464494825541e-01,-3.750473163628540441e-01,-4.291455237580178439e-01,-5.917379797322462887e-01,2.069632833397023752e-01,1.506730452720702121e-02,-4.843121653814188021e-01,-6.282488822550021286e-03,-6.736814279109456516e-01,5.474360489268178531e-01,-7.368791239635060775e-01,-2.143938328914975766e-01,-8.438498196698344944e-02,3.496356045180665229e-01,6.261036914141892007e-01
3.246567711283088742e-01,3.468562087403849747e-01,7.405389572947349563e-01,2.168194428345196767e-01,1.000000000000000000e+00,-5.150594773331810400e-02,1.691588522937194083e-01,-6.858296824239777933e-01,6.115096350200461828e-01,2.203967896230905610e-01,9.949410103900310776e-02,5.088218503288759464e-01,-2.152049338396420756e-03,6.367719227859226505e-01,4.676772033676679374e-01,2.814776899862679316e-01,1.828221217127388165e-01,4.870426611029523567e-01,4.552246645717888951e-01,1.530891582635379444e-01,5.257692529703019702e-01,3.476593718710148662e-01,5.464558571622127880e-01,5.228426256876792522e-01,4.415069158465360077e-01,4.361646585216744643e-01,3.486750465447555070e-01,2.326206188273203246e-01,2.692251252470463929e-01,4.178807226045768708e-01,4.631545579117946621e-01,5.659190818544612700e-01,2.501723005007803757e-01,7.805762642150326780e-01,-6.582300566010865217e-02,1.352501727165271728e-01,2.050489133207385739e-01,6.579308351219305129e-01,6.956952514303671453e-01
3.835262159200499288e-01,4.459958204341897270e-01,3.903417437913785093e-02,-4.128003012845991582e-01,-5.150594773331810400e-02,1.000000000000000000e+00,-3.919472437231547729e-02,1.530043815579505695e-01,-2.253718571162205975e-01,6.678558531954544852e-01,7.303454249853313929e-01,-4.679422107388631624e-01,2.884119878347315979e-01,4.078406000430685463e-01,-4.836763229160001010e-01,5.245265169739889988e-01,6.420060309853493630e-01,-1.437044692127541733e-02,-3.494565022487599593e-01,1.140525311113005646e-01,2.566870970020092013e-01,2.312299694778004178e-02,-4.035923190608733391e-01,-2.334200892039559605e-01,3.285767001767522233e-01,2.178194835417721353e-01,2.048749109298328430e-01,9.916638891144186063e-02,5.299260788098999475e-01,4.796260042904477161e-01,2.450305015885312632e-01,4.018918546945318138e-01,4.684062297250024542e-02,-3.349094625817534143e-01,6.775010953111813006e-01,2.249873617231261114e-01,7.119695660328553277e-01,-3.095619866844870338e-01,-3.044859082987340093e-01
2.523571416337091478e-01,2.351520616090521931e-01,2.050889186843999346e-01,2.487800482816556191e-01,1.691588522937194083e-01,-3.919472437231547729e-02,1.000000000000000000e+00,-1.762053792830900190e-01,2.105981079004775047e-01,1.147786753664138404e-01,-8.104972156468825961e-02,9.758041039836506947e-02,-9.706885522555880330e-02,2.665250665473730129e-01,1.125425667482158748e-01,1.100678673075967673e-01,6.561800222538885334e-03,1.270116196157199395e-01,1.926066057217035443e-01,1.255241839676304316e-01,1.772313190951090300e-01,2.995514082998286809e-01,2.287835410421044935e-01,1.844016122396667234e-01,2.133834921116196381e-01,7.563633777961911719e-02,1.579925896720852652e-01,1.849284639954102416e-01,1.530727706648319086e-01,1.340665671165202633e-01,1.646991001559393319e-01,2.177659189220460534e-01,1.399260812207068008e-02,1.016457788392160777e-01,-5.974157311827084024e-03,1.723716225764906906e-01,1.177843085184927391e-01,-7.472388745509519516e-03,9.089872735737082599e-02
-3.465108743158371585e-01,-4.751376226179042372e-02,-4.426485746040579872e-01,1.409275552989925906e-01,-6.858296824239777933e-01,1.530043815579505695e-01,-1.762053792830900190e-01,1.000000000000000000e+00,-1.455966874546496814e-01,-9.422255943411146639e-02,-9.936868491450903673e-02,-1.718078870472567465e-01,-3.132116239544286418e-01,-3.062539218806951680e-01,-1.311316114262212063e-01,-1.498077404988898409e-01,-1.157877435209650335e-01,-2.894742387511675119e-01,-4.505378208441815358e-01,3.174214477539847867e-01,-1.845474989820957146e-01,-4.342701970300597708e-02,-2.251897061569182457e-01,-1.840873751709616313e-01,-3.127652061971712694e-02,-3.946003910883254528e-01,-4.126166358064794482e-01,-5.021232100836272583e-01,1.548189269484314123e-01,-7.155134616715939921e-02,-5.669228919335098649e-01,-2.143307121338571819e-01,-6.043647564321137367e-01,-4.746583828977977704e-01,-5.576773571813462005e-02,-5.532167461579354933e-02,1.128205584872492701e-01,-4.447709030189211932e-01,-3.300337313518544868e-01
-6.027957246073407244e-02,3.800173027863044672e-01,7.903037657741092126e-01,7.362905926585784355e-01,6.115096350200461828e-01,-2.253718571162205975e-01,2.105981079004775047e-01,-1.455966874546496814e-01,1.000000000000000000e+00,2.322640820937979175e-02,-3.240378855396071067e-01,8.051094975418956468e-01,-5.953722638198549744e-01,5.613931598980406168e-01,8.023294996780145905e-01,1.117221825571604876e-01,-7.686841177827322125e-02,5.109282426627289597e-01,3.477594793325376465e-01,7.083156956310622254e-01,6.982489204025243978e-01,7.163186171161521898e-01,8.333286488086595334e-01,7.488715139416544098e-01,6.777465764205283794e-01,2.608525658072889317e-02,-1.088595643316920963e-01,-3.179995104324048749e-01,4.577111077229988889e-01,3.897839761504389156e-01,-8.050949065797116666e-02,4.314537804645354746e-01,-4.476359521002113984e-01,7.963562313052382491e-01,-5.012920704145976680e-01,-8.031609705122219611e-03,1.898223039093926146e-01,5.721889106958726323e-01,8.065990959789319792e-01
6.496811885414373045e-01,7.038177523841518957e-01,2.210761195385494426e-01,-2.836009649857966775e-01,2.203967896230905610e-01,6.678558531954544852e-01,1.147786753664138404e-01,-9.422255943411146639e-02,2.322640820937979175e-02,1.000000000000000000e+00,6.797696024747550414e-01,-2.528625447802080872e-01,3.395243932903032058e-01,5.702792847861759551e-01,-2.859200409619228611e-01,8.353349722668873545e-01,6.770361710869832184e-01,3.227726764634618606e-01,4.645699262846041122e-02,1.317569909510889203e-01,3.432766463589895789e-01,1.366063730931486031e-01,-1.567600145268131517e-01,-1.087749704593472672e-01,4.320712640793823445e-01,4.805272098231092581e-01,3.758421458956167083e-01,3.162784337371882804e-01,5.783493752277174549e-01,7.295419671989651356e-01,5.168644715526792277e-01,6.380066938494360906e-01,1.661442100291323498e-01,-9.492630897730476580e-02,6.481173714021175591e-01,4.221606763120274719e-01,7.535350578504954600e-01,1.315413110136870178e-01,2.384112172153659073e-02
6.513130864216158944e-01,4.385339639539921341e-01,-8.637009063493202021e-02,-6.838009750909318507e-01,9.949410103900310776e-02,7.303454249853313929e-01,-8.104972156468825961e-02,-9.936868491450903673e-02,-3.240378855396071067e-01,6.797696024747550414e-01,1.000000000000000000e+00,-5.285583767003818600e-01,6.123438946253452198e-01,3.120569937176764785e-01,-5.538759930854565416e-01,6.216541814514886521e-01,7.921202787379791888e-01,-1.348707391257207219e-02,-1.778288785451829779e-01,-2.397253573536955729e-01,8.656388651603090165e-03,-2.596102130565255406e-01,-4.971567442152745597e-01,-2.831849012020676848e-01,2.345118784922725977e-02,5.887485250090566113e-01,5.413173498726370214e-01,5.536005504330788751e-01,3.441899735043441044e-01,5.238604696712197972e-01,6.220767761578895882e-01,5.313998810642053261e-01,4.503106698375358152e-01,-2.900346433075371988e-01,8.474592191547586362e-01,4.152563078234213778e-01,5.948482638220814467e-01,-1.398540156899654163e-01,-3.296348531050578012e-01
-2.914478882121847580e-01,-3.946998222765356681e-03,6.226048583820761317e-01,7.530413684873084046e-01,5.088218503288759464e-01,-4.679422107388631624e-01,9.758041039836506947e-02,-1.718078870472567465e-01,8.051094975418956468e-01,-2.528625447802080872e-01,-5.285583767003818600e-01,1.000000000000000000e+00,-5.238531387557781027e-01,3.754769732610279132e-01,9.276829205442411741e-01,-6.728449410116538187e-02,-2.462932688203223197e-01,5.188987019544971657e-01,5.079600467468295966e-01,5.376374494436335638e-01,4.421308506367097602e-01,6.169936830048606824e-01,8.270665006069801706e-01,7.408237319457715575e-01,4.212255414811255649e-01,-2.075715764801851215e-02,-4.347671711771117914e-02,-2.815423546886707262e-01,1.606153310621297459e-01,8.956798800158165264e-02,-1.785036970031162462e-01,1.305036891586321135e-01,-3.638755963709877639e-01,7.708446897366192374e-01,-6.812001714840805189e-01,-1.465589381460148388e-01,-1.320538140408424044e-01,6.440146440936544980e-01,8.387723236966863061e-01
4.886258002410586165e-01,-3.644846966608904226e-02,-3.802077986817409272e-01,-7.869070359614813714e-01,-2.152049338396420756e-03,2.884119878347315979e-01,-9.706885522555880330e-02,-3.132116239544286418e-01,-5.953722638198549744e-01,3.395243932903032058e-01,6.123438946253452198e-01,-5.238531387557781027e-01,1.000000000000000000e+00,-6.874604784918771083e-02,-5.618005197514113203e-01,3.286669083250772228e-01,4.431343494698731234e-01,-3.474728727114687749e-02,1.073201910877190218e-01,-7.030515102965668728e-01,-4.454744481906656728e-01,-5.663835233731338015e-01,-5.747305966229590002e-01,-4.406066283860330390e-01,-3.934336920967164142e-01,5.120472706314300737e-01,6.076680657038144862e-01,7.190616095189600321e-01,-2.196415220059974027e-01,5.732395055012950991e-02,6.119050379361655745e-01,6.202960064392289141e-02,8.050812112872686166e-01,-3.792914000500645644e-01,6.874320616766380621e-01,2.529495261847933274e-01,6.023795060371409799e-02,-7.284100099618251445e-02,-3.835424346976001320e-01
3.753337583502535657e-01,5.761336353572321656e-01,7.123699526948243932e-01,2.118166622927356024e-01,6.367719227859226505e-01,4.078406000430685463e-01,2.665250665473730129e-01,-3.062539218806951680e-01,5.613931598980406168e-01,5.702792847861759551e-01,3.120569937176764785e-01,3.754769732610279132e-01,-6.874604784918771083e-02,1.000000000000000000e+00,3.483360869557231565e-01,5.996002076832704919e-01,4.374089844600388410e-01,5.894230256175722049e-01,2.850603673266619009e-01,4.494316483922992655e-01,6.885525240054379825e-01,5.554647823324402323e-01,4.372905674394120257e-01,5.376472045696562008e-01,7.190771154236862417e-01,4.051138119339951493e-01,3.470166386217841681e-01,1.218337450346669154e-01,6.593162437436507206e-01,6.651708236630543558e-01,3.991510487176700428e-01,6.899909779800721399e-01,-2.776497174645762428e-03,5.005961783092702788e-01,1.436229160805466698e-01,1.908980414553119176e-01,5.977538674411395636e-01,4.346184404463530604e-01,5.225667574163915807e-01
-3.190967809709101544e-01,-1.110153644325021817e-02,6.010575814332482780e-01,7.589429883691661827e-01,4.676772033676679374e-01,-4.836763229160001010e-01,1.125425667482158748e-01,-1.311316114262212063e-01,8.023294996780145905e-01,-2.859200409619228611e-01,-5.538759930854565416e-01,9.276829205442411741e-01,-5.618005197514113203e-01,3.483360869557231565e-01,1.000000000000000000e+00,-9.280988241415664974e-02,-2.580436647945795747e-01,4.831873921983388387e-01,4.882746466227351201e-01,5.471807286843668461e-01,4.290129329900452260e-01,6.184045712484624868e-01,8.283796609522543486e-01,7.461288878848351125e-01,4.063359865188431730e-01,-4.784626386065761461e-02,-7.718926073980424130e-02,-3.158561281331180859e-01,1.592493010538183762e-01,9.560058250288192006e-02,-2.374500615211040111e-01,1.147978513283212515e-01,-3.971890522398922041e-01,7.496299444766446607e-01,-7.067389945381113980e-01,-1.403633654759910143e-01,-1.525479359948503921e-01,6.062495332549875382e-01,8.065406605818361552e-01
5.842080967067937447e-01,5.971303490460709851e-01,2.674290516077909019e-01,-2.126359141039118050e-01,2.814776899862679316e-01,5.245265169739889988e-01,1.100678673075967673e-01,-1.498077404988898409e-01,1.117221825571604876e-01,8.353349722668873545e-01,6.216541814514886521e-01,-6.728449410116538187e-02,3.286669083250772228e-01,5.996002076832704919e-01,-9.280988241415664974e-02,1.000000000000000000e+00,6.955401431465597639e-01,5.065821119946906093e-01,2.134948964003539895e-01,1.510536839057688152e-01,3.192247374723564679e-01,2.556208521523499200e-01,-3.119916854892897801e-02,2.697906150275222043e-02,3.906972774739781995e-01,5.721330553486559944e-01,4.666091082949972990e-01,3.898180011022682190e-01,5.062624072328075764e-01,7.476253016141773955e-01,5.205320414360243841e-01,6.134766119603254353e-01,1.614990700265629131e-01,1.644160039344208513e-02,5.275076015177821986e-01,4.006412489598851212e-01,6.545185322893767310e-01,3.158877585789880982e-01,1.356653913589465077e-01
5.860171968682592603e-01,4.814606856938629109e-01,8.284685947862299726e-02,-4.352566299347494505e-01,1.828221217127388165e-01,6.420060309853493630e-01,6.561800222538885334e-03,-1.157877435209650335e-01,-7.686841177827322125e-02,6.770361710869832184e-01,7.921202787379791888e-01,-2.462932688203223197e-01,4.431343494698731234e-01,4.374089844600388410e-01,-2.580436647945795747e-01,6.955401431465597639e-01,1.000000000000000000e+00,1.334226817951175426e-01,-2.107256757617989237e-02,-4.942735177497360743e-02,1.369163088498397129e-01,2.326662365880404620e-02,-2.292485083277913671e-01,-8.006191135147554261e-02,1.863532034546666050e-01,6.487954191818424698e-01,5.421211103189481628e-01,4.426790739609463010e-01,4.164191074631262701e-01,6.390650095844854217e-01,4.886153342916944031e-01,5.734703667778472402e-01,2.592184116411906381e-01,-1.252138964161956247e-01,6.497332737504430966e-01,4.472193777217129962e-01,6.074713101766410217e-01,7.685006835802581093e-02,-6.606636994912844230e-02
1.511992491379288983e-01,2.529230362434592427e-01,5.604744472902858377e-01,3.136441685743642238e-01,4.870426611029523567e-01,-1.437044692127541733e-02,1.270116196157199395e-01,-2.894742387511675119e-01,5.109282426627289597e-01,3.227726764634618606e-01,-1.348707391257207219e-02,5.188987019544971657e-01,-3.474728727114687749e-02,5.894230256175722049e-01,4.831873921983388387e-01,5.065821119946906093e-01,1.334226817951175426e-01,1.000000000000000000e+00,6.637024815449752424e-01,3.476904700585957131e-01,4.753018337832162765e-01,4.607578056870923477e-01,4.508148735447039535e-01,4.993802283854674728e-01,4.956932499288896343e-01,1.795428809895025790e-01,1.530028666180729136e-01,9.200552865176896133e-02,3.114589133893113648e-01,4.156370539862808688e-01,2.495575310066116548e-01,2.871215930353797074e-01,-2.697131906232809809e-02,4.835809591582785338e-01,-1.164869326572942621e-01,-1.094186940018659904e-01,2.557494885530850470e-01,6.882630011537020920e-01,5.937097004425461177e-01
9.528211104106168450e-02,-1.978365817590853337e-02,3.254732123210296035e-01,2.070418878174050958e-01,4.552246645717888951e-01,-3.494565022487599593e-01,1.926066057217035443e-01,-4.505378208441815358e-01,3.477594793325376465e-01,4.645699262846041122e-02,-1.778288785451829779e-01,5.079600467468295966e-01,1.073201910877190218e-01,2.850603673266619009e-01,4.882746466227351201e-01,2.134948964003539895e-01,-2.107256757617989237e-02,6.637024815449752424e-01,1.000000000000000000e+00,-3.414608430132929501e-02,1.303114764148573523e-01,1.963745266988991267e-01,4.099611886817011164e-01,3.462754598123428673e-01,1.393416681443280791e-01,2.643781752320533696e-01,3.096244297142876079e-01,2.521017706764345778e-01,-3.954562676322103537e-02,1.286719581224885500e-01,2.735505490342566848e-01,1.290606909751600695e-01,2.329238420413828614e-01,4.346889982401491714e-01,-2.065011222599603957e-01,-7.960917326083397777e-03,-1.088638060555703613e-01,6.842450534755829539e-01,5.500691891818526580e-01
-2.204493265701808480e-01,3.776833503446098694e-01,6.054452938047572008e-01,6.963620002313695156e-01,1.530891582635379444e-01,1.140525311113005646e-01,1.255241839676304316e-01,3.174214477539847867e-01,7.083156956310622254e-01,1.317569909510889203e-01,-2.397253573536955729e-01,5.376374494436335638e-01,-7.030515102965668728e-01,4.494316483922992655e-01,5.471807286843668461e-01,1.510536839057688152e-01,-4.942735177497360743e-02,3.476904700585957131e-01,-3.414608430132929501e-02,1.000000000000000000e+00,7.236848672961918583e-01,7.527774876703537954e-01,5.318383009865059741e-01,5.261672675125960152e-01,7.268687501332856682e-01,-2.608400527545267078e-01,-3.608368355739731137e-01,-5.965482610138418407e-01,6.159099718996156048e-01,3.781050144975186544e-01,-3.853438603394702677e-01,2.672049455937108298e-01,-7.763737540260539083e-01,3.864961024834581149e-01,-3.889102572045707862e-01,-1.143387114927774811e-01,3.732830063083718009e-01,1.591625991138850560e-01,4.625235492247261604e-01
2.625567236894561438e-02,4.829515054462774071e-01,8.515595074042295876e-01,4.700178831163625559e-01,5.257692529703019702e-01,2.566870970020092013e-01,1.772313190951090300e-01,-1.845474989820957146e-01,6.982489204025243978e-01,3.432766463589895789e-01,8.656388651603090165e-03,4.421308506367097602e-01,-4.454744481906656728e-01,6.885525240054379825e-01,4.290129329900452260e-01,3.192247374723564679e-01,1.369163088498397129e-01,4.753018337832162765e-01,1.303114764148573523e-01,7.236848672961918583e-01,1.000000000000000000e+00,7.220137108218673827e-01,5.348673925720630606e-01,5.552054938475839974e-01,8.280575424197961221e-01,-5.573195257448499557e-02,-1.764642245150900013e-01,-3.111862434045827297e-01,5.916712929362939466e-01,5.047077775851432913e-01,2.321219188789270388e-02,4.500075809445790442e-01,-3.653276064766386444e-01,5.847825170615702506e-01,-1.813904949102000674e-01,-1.126108073413525229e-01,4.591024226796122099e-01,3.395501303993250786e-01,5.331014830592502030e-01
-1.623341701463811293e-01,2.950961387566847782e-01,6.986229362590439251e-01,6.715507772232626182e-01,3.476593718710148662e-01,2.312299694778004178e-02,2.995514082998286809e-01,-4.342701970300597708e-02,7.163186171161521898e-01,1.366063730931486031e-01,-2.596102130565255406e-01,6.169936830048606824e-01,-5.663835233731338015e-01,5.554647823324402323e-01,6.184045712484624868e-01,2.556208521523499200e-01,2.326662365880404620e-02,4.607578056870923477e-01,1.963745266988991267e-01,7.527774876703537954e-01,7.220137108218673827e-01,1.000000000000000000e+00,6.266010660949071776e-01,6.058180337877274724e-01,6.773123610249508486e-01,-1.256411466536182797e-01,-1.791408677363297286e-01,-3.735726103643788321e-01,4.471116440762860633e-01,3.412726041840186686e-01,-1.886713068782256142e-01,2.754481027679637206e-01,-5.470659870994816210e-01,5.416835176364848126e-01,-4.237434450085650339e-01,-1.260303409658063978e-01,2.564778770166655786e-01,3.270807484697547673e-01,5.699639027063010399e-01
-1.645733309091700070e-01,1.444391754470182587e-01,6.839889699736790840e-01,7.433101801539931941e-01,5.464558571622127880e-01,-4.035923190608733391e-01,2.287835410421044935e-01,-2.251897061569182457e-01,8.333286488086595334e-01,-1.567600145268131517e-01,-4.971567442152745597e-01,8.270665006069801706e-01,-5.747305966229590002e-01,4.372905674394120257e-01,8.283796609522543486e-01,-3.119916854892897801e-02,-2.292485083277913671e-01,4.508148735447039535e-01,4.099611886817011164e-01,5.318383009865059741e-01,5.348673925720630606e-01,6.266010660949071776e-01,1.000000000000000000e+00,7.413820818769122356e-01,5.672889936888197981e-01,-3.327215123869436270e-02,-1.143141035004091727e-01,-2.963220978673969941e-01,2.198692935190732223e-01,1.906978607964461558e-01,-1.202082335971101090e-01,2.315062397813114625e-01,-3.544214323812379663e-01,7.814118825355343967e-01,-6.200691974294235687e-01,-6.679866895889417788e-02,-4.365546552727379154e-02,5.921354268985070668e-01,8.000348349846038154e-01
-1.464808907257905968e-01,9.772864093066120639e-02,6.517115816098475456e-01,5.866878317668569043e-01,5.228426256876792522e-01,-2.334200892039559605e-01,1.844016122396667234e-01,-1.840873751709616313e-01,7.488715139416544098e-01,-1.087749704593472672e-01,-2.831849012020676848e-01,7.408237319457715575e-01,-4.406066283860330390e-01,5.376472045696562008e-01,7.461288878848351125e-01,2.697906150275222043e-02,-8.006191135147554261e-02,4.993802283854674728e-01,3.462754598123428673e-01,5.261672675125960152e-01,5.552054938475839974e-01,6.058180337877274724e-01,7.413820818769122356e-01,1.000000000000000000e+00,5.449728662744394159e-01,3.852199323438500102e-03,-1.082430981748883948e-02,-1.843377701619113573e-01,2.919539002352081747e-01,2.514700734105463908e-01,-3.735903476952639329e-02,2.563237718394482112e-01,-2.628761795535687340e-01,7.092293645751919229e-01,-4.766708403406120786e-01,-2.456675291100512970e-01,3.926711384449801945e-02,4.942533614889864091e-01,6.869706378273338077e-01
1.095692474942606270e-01,5.486979696332044965e-01,7.423929100256747571e-01,4.699455464494825541e-01,4.415069158465360077e-01,3.285767001767522233e-01,2.133834921116196381e-01,-3.127652061971712694e-02,6.777465764205283794e-01,4.320712640793823445e-01,2.345118784922725977e-02,4.212255414811255649e-01,-3.934336920967164142e-01,7.190771154236862417e-01,4.063359865188431730e-01,3.906972774739781995e-01,1.863532034546666050e-01,4.956932499288896343e-01,1.393416681443280791e-01,7.268687501332856682e-01,8.280575424197961221e-01,6.773123610249508486e-01,5.672889936888197981e-01,5.449728662744394159e-01,1.000000000000000000e+00,1.518950128066870117e-02,-9.081102128228016324e-02,-3.165462150550443776e-01,6.910338138647558193e-01,5.733920491570722033e-01,9.116020502577606988e-03,4.909226834775504700e-01,-4.019021691865897750e-01,4.765274478473813247e-01,-9.561502868221560814e-02,-1.004701010871769662e-02,5.480975964142775769e-01,3.217722755127254142e-01,5.309747517890930357e-01
7.089711763969178682e-01,4.297228044548512815e-01,9.742105971947273568e-02,-3.750473163628540441e-01,4.361646585216744643e-01,2.178194835417721353e-01,7.563633777961911719e-02,-3.946003910883254528e-01,2.608525658072889317e-02,4.805272098231092581e-01,5.887485250090566113e-01,-2.075715764801851215e-02,5.120472706314300737e-01,4.051138119339951493e-01,-4.784626386065761461e-02,5.721330553486559944e-01,6.487954191818424698e-01,1.795428809895025790e-01,2.643781752320533696e-01,-2.608400527545267078e-01,-5.573195257448499557e-02,-1.256411466536182797e-01,-3.327215123869436270e-02,3.852199323438500102e-03,1.518950128066870117e-02,1.000000000000000000e+00,8.357238236487712912e-01,7.228247206271939396e-01,2.697476228777350715e-01,5.117985145688421778e-01,6.910012747744034289e-01,6.269626744045440070e-01,5.130768577563527000e-01,8.902624673287115598e-02,5.237449872807345974e-01,6.063039225012903932e-01,3.632473002283583829e-01,3.436628452048949844e-01,1.420364445663048480e-01
6.177696029854410353e-01,2.318654920452461743e-01,-6.847230514178547119e-03,-4.291455237580178439e-01,3.486750465447555070e-01,2.048749109298328430e-01,1.579925896720852652e-01,-4.126166358064794482e-01,-1.088595643316920963e-01,3.758421458956167083e-01,5.413173498726370214e-01,-4.347671711771117914e-02,6.076680657038144862e-01,3.470166386217841681e-01,-7.718926073980424130e-02,4.666091082949972990e-01,5.421211103189481628e-01,1.530028666180729136e-01,3.096244297142876079e-01,-3.608368355739731137e-01,-1.764642245150900013e-01,-1.791408677363297286e-01,-1.143141035004091727e-01,-1.082430981748883948e-02,-9.081102128228016324e-02,8.357238236487712912e-01,1.000000000000000000e+00,7.727373692563201946e-01,1.683381833690161811e-01,3.206855600127206940e-01,7.049138937529978444e-01,4.794388689998125286e-01,6.156021224884135057e-01,1.455808045481178647e-02,5.012544882012840430e-01,4.956785807761778240e-01,2.452763230229957903e-01,2.015774034671702908e-01,5.541106272518551285e-02
6.830464689253429311e-01,1.573164951530340860e-01,-1.742490300330767627e-01,-5.917379797322462887e-01,2.326206188273203246e-01,9.916638891144186063e-02,1.849284639954102416e-01,-5.021232100836272583e-01,-3.179995104324048749e-01,3.162784337371882804e-01,5.536005504330788751e-01,-2.815423546886707262e-01,7.190616095189600321e-01,1.218337450346669154e-01,-3.158561281331180859e-01,3.898180011022682190e-01,4.426790739609463010e-01,9.200552865176896133e-02,2.521017706764345778e-01,-5.965482610138418407e-01,-3.111862434045827297e-01,-3.735726103643788321e-01,-2.963220978673969941e-01,-1.843377701619113573e-01,-3.165462150550443776e-01,7.228247206271939396e-01,7.727373692563201946e-01,1.000000000000000000e+00,-9.670632213078612927e-02,1.768723208650404000e-01,8.209899035419968572e-01,3.216466157415856508e-01,7.716045002776784623e-01,-1.141366976917728010e-01,5.799331078205640644e-01,3.723294335178286563e-01,9.300057033942316087e-02,1.332353385782626687e-01,-1.640679358538015553e-01
3.746640718658063585e-01,7.455239694058539701e-01,4.835090759480945022e-01,2.069632833397023752e-01,2.692251252470463929e-01,5.299260788098999475e-01,1.530727706648319086e-01,1.548189269484314123e-01,4.577111077229988889e-01,5.783493752277174549e-01,3.441899735043441044e-01,1.606153310621297459e-01,-2.196415220059974027e-01,6.593162437436507206e-01,1.592493010538183762e-01,5.062624072328075764e-01,4.164191074631262701e-01,3.114589133893113648e-01,-3.954562676322103537e-02,6.159099718996156048e-01,5.916712929362939466e-01,4.471116440762860633e-01,2.198692935190732223e-01,2.919539002352081747e-01,6.910338138647558193e-01,2.697476228777350715e-01,1.683381833690161811e-01,-9.670632213078612927e-02,1.000000000000000000e+00,6.929435899777482977e-01,1.315566673170366074e-01,7.212442720169116583e-01,-3.422130932640453094e-01,1.729669711377816443e-01,2.363410306598771049e-01,2.955467103653063865e-01,8.149475089139985862e-01,7.255404930476520853e-02,2.435960311741325046e-01
5.589446226330174738e-01,7.494362205750906281e-01,4.423404558651818919e-01,1.506730452720702121e-02,4.178807226045768708e-01,4.796260042904477161e-01,1.340665671165202633e-01,-7.155134616715939921e-02,3.897839761504389156e-01,7.295419671989651356e-01,5.238604696712197972e-01,8.956798800158165264e-02,5.732395055012950991e-02,6.651708236630543558e-01,9.560058250288192006e-02,7.476253016141773955e-01,6.390650095844854217e-01,4.156370539862808688e-01,1.286719581224885500e-01,3.781050144975186544e-01,5.047077775851432913e-01,3.412726041840186686e-01,1.906978607964461558e-01,2.514700734105463908e-01,5.733920491570722033e-01,5.117985145688421778e-01,3.206855600127206940e-01,1.768723208650404000e-01,6.929435899777482977e-01,1.000000000000000000e+00,3.634980462671184021e-01,7.735385238376005779e-01,-5.480816469964400889e-02,2.025899267837308615e-01,3.774797059877289529e-01,4.442302384861918640e-01,7.317756285973723296e-01,3.325360293202689332e-01,2.907904455777532426e-01
7.264564389298630021e-01,3.573016471209133349e-01,1.234972135137809846e-01,-4.843121653814188021e-01,4.631545579117946621e-01,2.450305015885312632e-01,1.646991001559393319e-01,-5.669228919335098649e-01,-8.050949065797116666e-02,5.168644715526792277e-01,6.220767761578895882e-01,-1.785036970031162462e-01,6.119050379361655745e-01,3.991510487176700428e-01,-2.374500615211040111e-01,5.205320414360243841e-01,4.886153342916944031e-01,2.495575310066116548e-01,2.735505490342566848e-01,-3.853438603394702677e-01,2.321219188789270388e-02,-1.886713068782256142e-01,-1.202082335971101090e-01,-3.735903476952639329e-02,9.116020502577606988e-03,6.910012747744034289e-01,7.049138937529978444e-01,8.209899035419968572e-01,1.315566673170366074e-01,3.634980462671184021e-01,1.000000000000000000e+00,5.355263910912342329e-01,7.129991846407557343e-01,1.293302737998429930e-01,5.738732866442237679e-01,3.189009583254930336e-01,3.140095922777980664e-01,2.520969334429828401e-01,4.361319220744692277e-02
6.760399309361704301e-01,8.099350545723925654e-01,4.689431451667829265e-01,-6.282488822550021286e-03,5.659190818544612700e-01,4.018918546945318138e-01,2.177659189220460534e-01,-2.143307121338571819e-01,4.314537804645354746e-01,6.380066938494360906e-01,5.313998810642053261e-01,1.305036891586321135e-01,6.202960064392289141e-02,6.899909779800721399e-01,1.147978513283212515e-01,6.134766119603254353e-01,5.734703667778472402e-01,2.871215930353797074e-01,1.290606909751600695e-01,2.672049455937108298e-01,4.500075809445790442e-01,2.754481027679637206e-01,2.315062397813114625e-01,2.563237718394482112e-01,4.909226834775504700e-01,6.269626744045440070e-01,4.794388689998125286e-01,3.216466157415856508e-01,7.212442720169116583e-01,7.735385238376005779e-01,5.355263910912342329e-01,1.000000000000000000e+00,6.981836049761852570e-02,3.165668274789312786e-01,4.025843422478622147e-01,5.656784465681539142e-01,7.203331689136271976e-01,2.753418051698360292e-01,3.173013717077095563e-01
4.573095403581100560e-01,-1.189887806083390065e-01,-2.052960208629859562e-01,-6.736814279109456516e-01,2.501723005007803757e-01,4.684062297250024542e-02,1.399260812207068008e-02,-6.043647564321137367e-01,-4.476359521002113984e-01,1.661442100291323498e-01,4.503106698375358152e-01,-3.638755963709877639e-01,8.050812112872686166e-01,-2.776497174645762428e-03,-3.971890522398922041e-01,1.614990700265629131e-01,2.592184116411906381e-01,-2.697131906232809809e-02,2.329238420413828614e-01,-7.763737540260539083e-01,-3.653276064766386444e-01,-5.470659870994816210e-01,-3.544214323812379663e-01,-2.628761795535687340e-01,-4.019021691865897750e-01,5.130768577563527000e-01,6.156021224884135057e-01,7.716045002776784623e-01,-3.422130932640453094e-01,-5.480816469964400889e-02,7.129991846407557343e-01,6.981836049761852570e-02,1.000000000000000000e+00,-8.495757242726849345e-02,4.969852933645119708e-01,1.662753191947644593e-01,-1.235581037325498011e-01,8.532556569746760355e-02,-2.018314672661823406e-01
-8.301555035395735693e-02,1.247849235927021988e-01,7.785736536055610779e-01,5.474360489268178531e-01,7.805762642150326780e-01,-3.349094625817534143e-01,1.016457788392160777e-01,-4.746583828977977704e-01,7.963562313052382491e-01,-9.492630897730476580e-02,-2.900346433075371988e-01,7.708446897366192374e-01,-3.792914000500645644e-01,5.005961783092702788e-01,7.496299444766446607e-01,1.644160039344208513e-02,-1.252138964161956247e-01,4.835809591582785338e-01,4.346889982401491714e-01,3.864961024834581149e-01,5.847825170615702506e-01,5.416835176364848126e-01,7.814118825355343967e-01,7.092293645751919229e-01,4.765274478473813247e-01,8.902624673287115598e-02,1.455808045481178647e-02,-1.141366976917728010e-01,1.729669711377816443e-01,2.025899267837308615e-01,1.293302737998429930e-01,3.165668274789312786e-01,-8.495757242726849345e-02,1.000000000000000000e+00,-4.921705851442247370e-01,-1.444974932992517391e-01,-3.003116184829745031e-02,6.767656646966658807e-01,8.223606942150837318e-01
6.824263722561227929e-01,4.015396080949629742e-01,-2.840281380962539903e-01,-7.368791239635060775e-01,-6.582300566010865217e-02,6.775010953111813006e-01,-5.974157311827084024e-03,-5.576773571813462005e-02,-5.012920704145976680e-01,6.481173714021175591e-01,8.474592191547586362e-01,-6.812001714840805189e-01,6.874320616766380621e-01,1.436229160805466698e-01,-7.067389945381113980e-01,5.275076015177821986e-01,6.497332737504430966e-01,-1.164869326572942621e-01,-2.065011222599603957e-01,-3.889102572045707862e-01,-1.813904949102000674e-01,-4.237434450085650339e-01,-6.200691974294235687e-01,-4.766708403406120786e-01,-9.561502868221560814e-02,5.237449872807345974e-01,5.012544882012840430e-01,5.799331078205640644e-01,2.363410306598771049e-01,3.774797059877289529e-01,5.738732866442237679e-01,4.025843422478622147e-01,4.969852933645119708e-01,-4.921705851442247370e-01,1.000000000000000000e+00,4.644383171248286368e-01,5.442793137636298129e-01,-2.535819613798749872e-01,-4.805393423641347028e-01
6.196578381398359925e-01,5.549402120450060982e-01,-4.448392573808895162e-02,-2.143938328914975766e-01,1.352501727165271728e-01,2.249873617231261114e-01,1.723716225764906906e-01,-5.532167461579354933e-02,-8.031609705122219611e-03,4.221606763120274719e-01,4.152563078234213778e-01,-1.465589381460148388e-01,2.529495261847933274e-01,1.908980414553119176e-01,-1.403633654759910143e-01,4.006412489598851212e-01,4.472193777217129962e-01,-1.094186940018659904e-01,-7.960917326083397777e-03,-1.143387114927774811e-01,-1.126108073413525229e-01,-1.260303409658063978e-01,-6.679866895889417788e-02,-2.456675291100512970e-01,-1.004701010871769662e-02,6.063039225012903932e-01,4.956785807761778240e-01,3.723294335178286563e-01,2.955467103653063865e-01,4.442302384861918640e-01,3.189009583254930336e-01,5.656784465681539142e-01,1.662753191947644593e-01,-1.444974932992517391e-01,4.644383171248286368e-01,1.000000000000000000e+00,3.768529078923474329e-01,1.417125726458479291e-02,-4.090274904621909319e-02
5.385192388252982854e-01,7.571277543675503097e-01,3.014564091591735440e-01,-8.438498196698344944e-02,2.050489133207385739e-01,7.119695660328553277e-01,1.177843085184927391e-01,1.128205584872492701e-01,1.898223039093926146e-01,7.535350578504954600e-01,5.948482638220814467e-01,-1.320538140408424044e-01,6.023795060371409799e-02,5.977538674411395636e-01,-1.525479359948503921e-01,6.545185322893767310e-01,6.074713101766410217e-01,2.557494885530850470e-01,-1.088638060555703613e-01,3.732830063083718009e-01,4.591024226796122099e-01,2.564778770166655786e-01,-4.365546552727379154e-02,3.926711384449801945e-02,5.480975964142775769e-01,3.632473002283583829e-01,2.452763230229957903e-01,9.300057033942316087e-02,8.149475089139985862e-01,7.317756285973723296e-01,3.140095922777980664e-01,7.203331689136271976e-01,-1.235581037325498011e-01,-3.003116184829745031e-02,5.442793137636298129e-01,3.768529078923474329e-01,1.000000000000000000e+00,2.036641632058982035e-02,5.128137302395733427e-02
9.667885644351574548e-02,1.349075320812655465e-01,5.228835257679408377e-01,3.496356045180665229e-01,6.579308351219305129e-01,-3.095619866844870338e-01,-7.472388745509519516e-03,-4.447709030189211932e-01,5.721889106958726323e-01,1.315413110136870178e-01,-1.398540156899654163e-01,6.440146440936544980e-01,-7.284100099618251445e-02,4.346184404463530604e-01,6.062495332549875382e-01,3.158877585789880982e-01,7.685006835802581093e-02,6.882630011537020920e-01,6.842450534755829539e-01,1.591625991138850560e-01,3.395501303993250786e-01,3.270807484697547673e-01,5.921354268985070668e-01,4.942533614889864091e-01,3.217722755127254142e-01,3.436628452048949844e-01,2.015774034671702908e-01,1.332353385782626687e-01,7.255404930476520853e-02,3.325360293202689332e-01,2.520969334429828401e-01,2.753418051698360292e-01,8.532556569746760355e-02,6.767656646966658807e-01,-2.535819613798749872e-01,1.417125726458479291e-02,2.036641632058982035e-02,1.000000000000000000e+00,7.967877767433216851e-01
-6.057489293242780681e-02,1.798126784214721663e-01,7.095001070079619554e-01,6.261036914141892007e-01,6.956952514303671453e-01,-3.044859082987340093e-01,9.089872735737082599e-02,-3.300337313518544868e-01,8.065990959789319792e-01,2.384112172153659073e-02,-3.296348531050578012e-01,8.387723236966863061e-01,-3.835424346976001320e-01,5.225667574163915807e-01,8.065406605818361552e-01,1.356653913589465077e-01,-6.606636994912844230e-02,5.937097004425461177e-01,5.500691891818526580e-01,4.625235492247261604e-01,5.331014830592502030e-01,5.699639027063010399e-01,8.000348349846038154e-01,6.869706378273338077e-01,5.309747517890930357e-01,1.420364445663048480e-01,5.541106272518551285e-02,-1.640679358538015553e-01,2.435960311741325046e-01,2.907904455777532426e-01,4.361319220744692277e-02,3.173013717077095563e-01,-2.018314672661823406e-01,8.223606942150837318e-01,-4.805393423641347028e-01,-4.090274904621909319e-02,5.128137302395733427e-02,7.967877767433216851e-01,1.000000000000000000e+00
