1.000000000000000000e+00,7.738747482944349221e-01,2.075067765322284596e-01,-1.612864804089669465e-02,2.157910135092225845e-01,-4.094233886821861956e-01,-4.345194636839670999e-01,-2.491458351836867424e-01,6.283201453593916241e-01,7.187048908541918690e-01,-1.561654264881147669e-01,4.474681161248115213e-01,-3.328968357459253236e-01,2.718270472033755825e-01,2.508266718307138321e-01,6.951210074518145987e-01,-1.151087246489677501e-01,2.169254845101281359e-01,3.424366250601036943e-01,2.098370663693859828e-01,3.141604390991432211e-02,-1.145469241976859870e-01,1.446324385401607515e-01,4.485905876798669811e-01,2.656502184194317051e-01,6.927487773136041804e-01,3.494203475415287308e-01,2.019972839409590326e-01,4.483573164852287518e-01,7.845219729248097407e-01,1.665613189409340666e-01,1.288203608164314451e-01,2.161353614399421363e-01,4.204450677058366170e-01,-2.444798405470170743e-01,5.210665220415728882e-01,3.525831258934786612e-05,3.667133260627067903e-01,5.688506971019176017e-01
7.738747482944349221e-01,1.000000000000000000e+00,1.361068177992063033e-01,-7.202399364739490994e-02,1.251759314770920506e-01,-1.833028522830455753e-01,-2.710780103102628513e-01,-2.083021474197680467e-01,4.040932444060053585e-01,7.712206300574481199e-01,1.017422652534586136e-01,1.251081871363853293e-01,-4.574247833712891120e-01,2.509595476126265656e-01,-4.552799446392381821e-02,7.574885633092663939e-01,1.331071091132168538e-01,-1.510571437250393320e-02,2.066839457158280158e-01,-1.555841689907985249e-02,1.774743977644170634e-01,1.814889106464000201e-02,1.988504425380949736e-01,3.969253941316598921e-01,1.460861249477065082e-01,4.848101579512034687e-01,3.030053840187004188e-01,-7.299626605343582583e-03,3.025691235687879010e-01,7.192814013110199189e-01,3.807750990400254887e-01,2.359025821637129872e-01,1.887264420622651873e-01,1.239709627450456958e-01,-1.330055802057875103e-01,4.524075539582504968e-01,9.531564603283296244e-02,6.550280406029382330e-02,3.113559707751868966e-01
2.075067765322284596e-01,1.361068177992063033e-01,1.000000000000000000e+00,2.193515164003325135e-01,7.045406802597110607e-01,-3.432774895560344319e-01,-1.168193171207172198e-01,-8.949127960540418369e-01,5.203782780005806741e-01,3.056344629939844459e-01,-3.555829146802568785e-01,4.222174492278140123e-01,-3.000645206203488846e-01,4.437691612819417153e-01,4.196410048497471457e-01,2.154188331935553424e-01,-2.568618639066316822e-01,3.840990045255783802e-01,3.486638277504980343e-01,3.803765334514900842e-01,4.739767851474305238e-01,3.817353395807769889e-01,-4.277274888569211619e-02,2.316246865319770976e-01,1.806984117295564185e-01,4.094503883972480662e-01,-1.235769329338566869e-01,5.137416151780538343e-01,4.036581079586859522e-01,3.330539876510804076e-01,-1.212669002763387960e-01,-4.486128631733784372e-02,3.272136944378727930e-01,5.367409070816169248e-01,-1.660332650177397812e-02,1.351793723348589937e-01,-1.891533029462655335e-01,3.742285388704230109e-01,2.675982344161715321e-01
-1.612864804089669465e-02,-7.202399364739490994e-02,2.193515164003325135e-01,1.000000000000000000e+00,2.279052222231489344e-01,-4.160312791286257528e-01,2.009945178115107034e-01,-1.131102263996465879e-01,4.021327983555222918e-01,-7.672344163491252866e-02,-4.656774262743325066e-01,4.557299000375240605e-01,7.781932970984289932e-02,8.292021058426275737e-02,4.713678876985025190e-01,-1.484001465980492040e-01,-4.927740841373746128e-01,5.299379834169023473e-01,2.777421866192016364e-01,6.879571822681555815e-02,-2.212868781774088578e-01,-3.698231576487030769e-02,-3.754003068658058329e-01,-8.870243178268889805e-02,1.327732610506623390e-01,5.837081058487800928e-02,-4.533347109534354158e-01,1.885393474607134356e-01,2.181459492031398439e-01,-2.599424494203165376e-02,-5.107129057987775944e-01,-3.218431280691398388e-01,-3.746161382559828890e-01,4.472378518641719758e-01,-2.379346564430061262e-01,-4.590158466121371794e-02,-3.301648736479796398e-01,3.976941990967922669e-01,1.869919557766382412e-01
2.157910135092225845e-01,1.251759314770920506e-01,7.045406802597110607e-01,2.279052222231489344e-01,1.000000000000000000e+00,-2.537187447111945993e-01,-1.074032673509906916e-01,-6.545694702859645719e-01,4.507545987017463340e-01,2.256383178997602157e-01,-2.268785732892871221e-01,3.476110443560162522e-01,-2.950939290178911656e-01,4.883789765960174223e-01,2.729842434463736756e-01,2.090682882452073177e-01,-1.201690811623744165e-01,2.527155489248922859e-01,2.044415475205921540e-01,1.888724443878040671e-01,2.319743417953356313e-01,2.674340900754719197e-01,3.883485410881455657e-02,2.153639964755309499e-01,1.499887205833459192e-01,3.701133045625250584e-01,2.727338921267212848e-02,3.041544356130927440e-01,3.742935618506419981e-01,2.576907342884169894e-01,-5.827478370284679826e-02,7.969293839269932234e-02,2.724335762665334171e-01,4.831427644559463941e-01,-1.008334191761926096e-02,1.264657966256841071e-01,-1.370932086162648944e-01,2.958672221010609782e-01,3.094117031829894393e-01
-4.094233886821861956e-01,-1.833028522830455753e-01,-3.432774895560344319e-01,-4.160312791286257528e-01,-2.537187447111945993e-01,1.000000000000000000e+00,8.300979708902021803e-02,2.838349345400196233e-01,-7.686295156257277883e-01,-2.660608373239855551e-01,7.339108628946181545e-01,-6.870698363802920650e-01,-1.901668993021310428e-02,7.587830418656953124e-02,-7.121945245521693613e-01,-2.512447089160975144e-01,7.006014999769384355e-01,-7.085944273787522230e-01,-6.275485947727065250e-01,-5.102581261288617887e-01,1.396252622647479180e-01,1.195018172525368627e-01,3.491101909957569083e-01,-1.240045633492220176e-02,-9.420394973017860718e-02,-5.145773227145233886e-01,3.809327208831277956e-01,-4.990381696808497969e-01,-3.339871143910870255e-01,-3.571501606619005842e-01,5.261988647408726294e-01,5.693912270039286350e-01,1.882528534714339175e-01,-7.006974515638109136e-01,5.781700288717812608e-01,-8.581731603214451387e-02,5.891380373443313445e-01,-7.662535777351626720e-01,-4.758046638451851051e-01
-4.345194636839670999e-01,-2.710780103102628513e-01,-1.168193171207172198e-01,2.009945178115107034e-01,-1.074032673509906916e-01,8.300979708902021803e-02,1.000000000000000000e+00,1.436369692273549992e-01,-2.628948901538913918e-01,-3.133944375216872191e-01,9.602754408541682926e-04,-2.947581160476329676e-01,1.324752047760743845e-01,-2.401362381150891900e-01,-1.199232634971226646e-01,-3.327305884162843896e-01,-5.750080553869162114e-02,1.724906675041434564e-02,-7.299780275590815604e-02,-5.717425995792972671e-02,-1.214842878490755285e-01,6.065643395008018385e-02,-3.195143024271795973e-01,-3.742590320827410277e-01,-2.440489960252746893e-01,-3.366797413870196154e-01,-4.074042773424484398e-01,-6.570197583357341442e-02,-1.834365181963981406e-01,-4.570972588282108950e-01,-1.376121850275982827e-01,-2.159292013532896626e-01,-3.707909146798151201e-01,-2.306044022155422091e-01,-3.595302406586484145e-02,-2.362646955938192128e-01,-9.217635198110497863e-02,-1.543662522376413604e-01,-4.426416443630104003e-01
-2.491458351836867424e-01,-2.083021474197680467e-01,-8.949127960540418369e-01,-1.131102263996465879e-01,-6.545694702859645719e-01,2.838349345400196233e-01,1.436369692273549992e-01,1.000000000000000000e+00,-4.644545691310196789e-01,-3.379583063017030931e-01,2.416370379108302158e-01,-3.134920980446165850e-01,3.548931978028079803e-01,-4.005812725563978605e-01,-2.880696002078414475e-01,-2.792939540138945076e-01,1.306100939722915077e-01,-2.576258367822931716e-01,-3.090367742608021162e-01,-3.528774364292917576e-01,-5.036448173925626159e-01,-4.042963178324868734e-01,-3.425582081541193175e-02,-2.564439606248239967e-01,-1.891480757363749599e-01,-3.983699918705586596e-01,3.748199608069296973e-02,-3.798382387043922059e-01,-3.406634551177804004e-01,-3.772510871990956138e-01,2.816028836692855558e-03,-3.708449269131967180e-02,-3.252129113204169641e-01,-4.282918312362484214e-01,1.115586632426656191e-02,-1.726424077524258971e-01,1.229333444114688867e-01,-2.875795662439964984e-01,-2.658916019908332262e-01
6.283201453593916241e-01,4.040932444060053585e-01,5.203782780005806741e-01,4.021327983555222918e-01,4.507545987017463340e-01,-7.686295156257277883e-01,-2.628948901538913918e-01,-4.644545691310196789e-01,1.000000000000000000e+00,4.974467534100579513e-01,-6.242918830094014160e-01,7.752970300983683671e-01,-1.338072256778747582e-01,2.267556636873278852e-01,7.029053439519726831e-01,4.001157512178750153e-01,-5.909482427572914087e-01,6.782797483383002923e-01,6.439076446794105291e-01,4.719107587133259951e-01,1.484802069447360533e-02,-3.501174235826417982e-03,-1.675833754806647369e-01,2.131901059168307966e-01,2.844620058477535518e-01,6.851063824015118930e-01,-1.691651961147023209e-01,5.732647813635503020e-01,5.374906344470846697e-01,5.693166138211427363e-01,-3.642140606670159486e-01,-2.967361939875919341e-01,6.694900292493356775e-02,8.150932540471830245e-01,-3.466306279907430676e-01,2.976966438293708328e-01,-3.640262890252900507e-01,7.534250965576554382e-01,6.536509186677862404e-01
7.187048908541918690e-01,7.712206300574481199e-01,3.056344629939844459e-01,-7.672344163491252866e-02,2.256383178997602157e-01,-2.660608373239855551e-01,-3.133944375216872191e-01,-3.379583063017030931e-01,4.974467534100579513e-01,1.000000000000000000e+00,-3.673897691918777408e-02,2.316475198406563463e-01,-4.037041882957740357e-01,2.111497741321829436e-01,8.776143138847442016e-02,8.335660746849531400e-01,2.561238588974391189e-02,6.801951371848466432e-02,3.636863603586486526e-01,1.239813150507113604e-01,2.942862232805958933e-01,1.261148033655289102e-01,2.479283088322034589e-01,4.026115407239800326e-01,2.993565298391394625e-01,5.223613262962408799e-01,2.315981168769423726e-01,2.152822205099097497e-01,2.142398241916534940e-01,7.441942610029173011e-01,3.787908917115973551e-01,6.337086499200021705e-02,3.725443347068880251e-01,2.889035172331498313e-01,-1.996499763185234089e-01,3.246282041222312564e-01,2.237953035841103860e-02,1.951323159844607635e-01,4.552189620784761748e-01
-1.561654264881147669e-01,1.017422652534586136e-01,-3.555829146802568785e-01,-4.656774262743325066e-01,-2.268785732892871221e-01,7.339108628946181545e-01,9.602754408541682926e-04,2.416370379108302158e-01,-6.242918830094014160e-01,-3.673897691918777408e-02,1.000000000000000000e+00,-7.483163855882315474e-01,-2.220305451138728514e-01,1.610927290565753248e-02,-8.515600134435117319e-01,6.941180925017348402e-02,8.522517162915291822e-01,-7.651595501979545633e-01,-4.882033858824930683e-01,-5.688801934415698147e-01,1.732970481347847480e-01,1.463732355961576692e-01,4.097635358864141208e-01,1.155078008628622338e-01,-1.811288077740769997e-01,-2.375337896925364400e-01,5.257894211184553912e-01,-5.515072389830494304e-01,-2.277442752223187428e-01,-1.185427900934337558e-01,7.198065470359604756e-01,6.381752260205235672e-01,2.706099976224608517e-01,-7.561785768222931692e-01,5.130543923560915154e-01,-1.209021577849668100e-01,6.138498575241199129e-01,-6.971021251724780488e-01,-3.583140416558043273e-01
4.474681161248115213e-01,1.251081871363853293e-01,4.222174492278140123e-01,4.557299000375240605e-01,3.476110443560162522e-01,-6.870698363802920650e-01,-2.947581160476329676e-01,-3.134920980446165850e-01,7.752970300983683671e-01,2.316475198406563463e-01,-7.483163855882315474e-01,1.000000000000000000e+00,7.071536644121899362e-02,1.987144169116839276e-01,8.526512665503731547e-01,1.172688268299168779e-01,-7.306681130117221867e-01,7.991589209414524664e-01,5.302043730018383139e-01,5.197788240424854322e-01,-1.219799630683910813e-01,-1.192276631514021523e-01,-3.633359720957904937e-01,1.305471770239173823e-01,2.258846564545023972e-01,5.150164556908638502e-01,-1.778431317692117930e-01,5.767178363039661138e-01,4.827676362774383501e-01,3.807158399807735183e-01,-5.652363795520272127e-01,-3.617630030784207973e-01,-6.307983074729552053e-02,8.292545425291375505e-01,-3.787230614312508958e-01,3.215522662486147709e-01,-4.513583312973771244e-01,7.716207826146838089e-01,5.839336108444440621e-01
-3.328968357459253236e-01,-4.574247833712891120e-01,-3.000645206203488846e-01,7.781932970984289932e-02,-2.950939290178911656e-01,-1.901668993021310428e-02,1.324752047760743845e-01,3.548931978028079803e-01,-1.338072256778747582e-01,-4.037041882957740357e-01,-2.220305451138728514e-01,7.071536644121899362e-02,1.000000000000000000e+00,-2.581850831143865932e-01,1.550742365211827678e-01,-3.706446733225853829e-01,-2.538829416217412982e-01,1.530630001722838862e-01,1.432552478273440288e-01,-2.197421502029953816e-02,-3.749448391803367753e-01,-3.570320190690053352e-01,-1.412336049530964754e-01,-2.625318993236412934e-01,1.817274727323297048e-02,-2.371812598715933029e-01,-3.213432042397637023e-01,3.071916397716220604e-02,-2.446210623690296959e-01,-3.870841607342861979e-01,-4.306823143167853307e-01,-3.912199596969579418e-01,-1.932524879222262126e-01,-5.110437593310874355e-02,-1.217327804785799800e-01,-1.920906114134942055e-01,-1.303907297628963680e-01,7.648552896373196630e-02,-5.730440532152204086e-02
2.718270472033755825e-01,2.509595476126265656e-01,4.437691612819417153e-01,8.292021058426275737e-02,4.883789765960174223e-01,7.587830418656953124e-02,-2.401362381150891900e-01,-4.005812725563978605e-01,2.267556636873278852e-01,2.111497741321829436e-01,1.610927290565753248e-02,1.987144169116839276e-01,-2.581850831143865932e-01,1.000000000000000000e+00,1.029953884752626697e-01,1.648138523916382325e-01,7.710319573453379427e-02,9.837078963962928024e-02,5.167520359795524376e-02,-1.151445932467381472e-01,1.999768306945459984e-01,5.590848192345907602e-02,2.050093180041328289e-01,4.415939967739353489e-01,2.057037461319326521e-01,2.206441129109980859e-01,1.674948049413617357e-01,1.697419084765500463e-01,4.286787393457908157e-01,3.423982212569601224e-01,7.920365975294893501e-02,4.035661125654936843e-01,3.266171215498675506e-01,2.778734164119166516e-01,3.893677420372978482e-01,2.406881678867851537e-01,2.765760420590328006e-01,-2.828687663211984157e-02,1.003344831665027165e-01
2.508266718307138321e-01,-4.552799446392381821e-02,4.196410048497471457e-01,4.713678876985025190e-01,2.729842434463736756e-01,-7.121945245521693613e-01,-1.199232634971226646e-01,-2.880696002078414475e-01,7.029053439519726831e-01,8.776143138847442016e-02,-8.515600134435117319e-01,8.526512665503731547e-01,1.550742365211827678e-01,1.029953884752626697e-01,1.000000000000000000e+00,-6.100038506554302659e-02,-8.532801807094673174e-01,8.200650557670882135e-01,4.989983354230917434e-01,6.101354033254363651e-01,-1.208155676866466410e-01,-7.821592780072718354e-02,-4.321521864056848128e-01,-2.902463519615066517e-02,1.866859713480474858e-01,3.540427245953311486e-01,-3.958837167394990142e-01,6.452436003959761690e-01,4.081365267084258175e-01,1.941380132099121969e-01,-7.104193797785958164e-01,-5.141153337083057551e-01,-1.524970561622567278e-01,8.121144544642426855e-01,-3.827136099525899060e-01,1.947816509208113445e-01,-5.202861863025515232e-01,7.662153766084238704e-01,4.413344281028824256e-01
6.951210074518145987e-01,7.574885633092663939e-01,2.154188331935553424e-01,-1.484001465980492040e-01,2.090682882452073177e-01,-2.512447089160975144e-01,-3.327305884162843896e-01,-2.792939540138945076e-01,4.001157512178750153e-01,8.335660746849531400e-01,6.941180925017348402e-02,1.172688268299168779e-01,-3.706446733225853829e-01,1.648138523916382325e-01,-6.100038506554302659e-02,1.000000000000000000e+00,1.611112947811814133e-01,-4.305330052075191649e-02,3.460134594698234811e-01,1.362148474619045806e-02,2.292361219799383121e-01,2.064745037592488272e-02,3.342275148540516660e-01,4.748795368455616117e-01,1.859255400860718721e-01,5.115786573963255757e-01,3.029550991525564729e-01,3.334369214226338973e-02,1.452672835107409743e-01,7.363678227541508026e-01,4.501605096061589428e-01,8.078030443163224106e-02,3.459180076502753609e-01,1.387194433090673529e-01,-2.415115730255864568e-01,2.663562226164154501e-01,2.438367352349495726e-02,1.475398133215247154e-01,4.034303860215840976e-01
-1.151087246489677501e-01,1.331071091132168538e-01,-2.568618639066316822e-01,-4.927740841373746128e-01,-1.201690811623744165e-01,7.006014999769384355e-01,-5.750080553869162114e-02,1.306100939722915077e-01,-5.909482427572914087e-01,2.561238588974391189e-02,8.522517162915291822e-01,-7.306681130117221867e-01,-2.538829416217412982e-01,7.710319573453379427e-02,-8.532801807094673174e-01,1.611112947811814133e-01,1.000000000000000000e+00,-7.955312149628180896e-01,-4.635341212642438702e-01,-6.081259487060199920e-01,1.959703000977296161e-01,1.405475173674907430e-01,5.140906787069440265e-01,1.698294394914652283e-01,-1.261431569729586089e-01,-1.756541068373314307e-01,5.609904093991233687e-01,-6.216828564571140747e-01,-2.584250598142550648e-01,-3.232990759997485947e-02,7.592611706612832911e-01,6.692704635148175596e-01,3.178834056532923724e-01,-7.062340011368034576e-01,4.655846750429819547e-01,-1.194450702477774101e-01,5.600225715149933503e-01,-6.799916169934054899e-01,-3.079265935843889523e-01
2.169254845101281359e-01,-1.510571437250393320e-02,3.840990045255783802e-01,5.299379834169023473e-01,2.527155489248922859e-01,-7.085944273787522230e-01,1.724906675041434564e-02,-2.576258367822931716e-01,6.782797483383002923e-01,6.801951371848466432e-02,-7.651595501979545633e-01,7.991589209414524664e-01,1.530630001722838862e-01,9.837078963962928024e-02,8.200650557670882135e-01,-4.305330052075191649e-02,-7.955312149628180896e-01,1.000000000000000000e+00,6.283050773295205671e-01,5.661438247752756947e-01,-1.294690776597244852e-01,-1.065652412213061173e-01,-5.882656884274062303e-01,-1.630030252824216444e-02,5.472537995385944737e-02,3.867617354249831552e-01,-4.634572349298646810e-01,6.507676197221825554e-01,4.437090449911483825e-01,1.721299104336610486e-01,-6.827115352298176454e-01,-5.243555291729412593e-01,-2.362927363057512609e-01,7.035579586052166379e-01,-4.052027898892656688e-01,2.039504680540064341e-01,-5.703628210474763760e-01,7.257929354427996582e-01,2.773356034079658694e-01
3.424366250601036943e-01,2.066839457158280158e-01,3.486638277504980343e-01,2.777421866192016364e-01,2.044415475205921540e-01,-6.275485947727065250e-01,-7.299780275590815604e-02,-3.090367742608021162e-01,6.439076446794105291e-01,3.636863603586486526e-01,-4.882033858824930683e-01,5.302043730018383139e-01,1.432552478273440288e-01,5.167520359795524376e-02,4.989983354230917434e-01,3.460134594698234811e-01,-4.635341212642438702e-01,6.283050773295205671e-01,1.000000000000000000e+00,3.463484937281780529e-01,-2.295866628056292616e-02,-1.174959122980599735e-01,-2.118556240471412000e-01,2.223359397853797437e-01,2.081856277419703583e-01,4.276483660921515106e-01,-3.106273625378292436e-01,4.987966447982438156e-01,2.163226038895413872e-01,3.563294170465378663e-01,-2.424340793271746453e-01,-4.694744116685902191e-01,7.818356317833700941e-02,4.797757758572075426e-01,-3.791751363423592203e-01,4.550197928661814384e-02,-3.026732311657437391e-01,5.522863537445794613e-01,4.209754739900695708e-01
2.098370663693859828e-01,-1.555841689907985249e-02,3.803765334514900842e-01,6.879571822681555815e-02,1.888724443878040671e-01,-5.102581261288617887e-01,-5.717425995792972671e-02,-3.528774364292917576e-01,4.719107587133259951e-01,1.239813150507113604e-01,-5.688801934415698147e-01,5.197788240424854322e-01,-2.197421502029953816e-02,-1.151445932467381472e-01,6.101354033254363651e-01,1.362148474619045806e-02,-6.081259487060199920e-01,5.661438247752756947e-01,3.463484937281780529e-01,1.000000000000000000e+00,2.324230315574933869e-01,2.534402207406173946e-01,-4.046095310439526416e-01,-1.377858650792758155e-01,1.768961804289815188e-03,2.732498365189895972e-01,-2.586195815946115695e-01,5.680671103377610276e-01,2.398814063159621646e-01,1.619282122205007168e-01,-4.146868600822806727e-01,-4.209769981940101879e-01,-8.576361449709965501e-02,5.141024199289810914e-01,-3.552036279355499371e-01,2.304991891455385467e-01,-4.513190204461896005e-01,5.361013669053730224e-01,2.093980485745925435e-01
3.141604390991432211e-02,1.774743977644170634e-01,4.739767851474305238e-01,-2.212868781774088578e-01,2.319743417953356313e-01,1.396252622647479180e-01,-1.214842878490755285e-01,-5.036448173925626159e-01,1.484802069447360533e-02,2.942862232805958933e-01,1.732970481347847480e-01,-1.219799630683910813e-01,-3.749448391803367753e-01,1.999768306945459984e-01,-1.208155676866466410e-01,2.292361219799383121e-01,1.959703000977296161e-01,-1.294690776597244852e-01,-2.295866628056292616e-02,2.324230315574933869e-01,1.000000000000000000e+00,5.899056452189833655e-01,1.901841635374398043e-01,1.635958406700120937e-01,-2.921687867090784138e-02,1.548676900981857119e-01,1.510789686853415137e-01,2.685136664441690191e-01,1.077708494377148940e-01,1.738204108516412105e-01,3.528293207892632677e-01,2.302543906433388021e-01,4.296644407357063655e-01,-2.611312871352713602e-02,2.828745264981594731e-01,-1.074195860464941150e-02,1.882316112180439927e-01,-9.026445568903103400e-02,-9.776514735565837444e-02
-1.145469241976859870e-01,1.814889106464000201e-02,3.817353395807769889e-01,-3.698231576487030769e-02,2.674340900754719197e-01,1.195018172525368627e-01,6.065643395008018385e-02,-4.042963178324868734e-01,-3.501174235826417982e-03,1.261148033655289102e-01,1.463732355961576692e-01,-1.192276631514021523e-01,-3.570320190690053352e-01,5.590848192345907602e-02,-7.821592780072718354e-02,2.064745037592488272e-02,1.405475173674907430e-01,-1.065652412213061173e-01,-1.174959122980599735e-01,2.534402207406173946e-01,5.899056452189833655e-01,1.000000000000000000e+00,7.590821365763195973e-03,-1.064313198718543074e-01,5.194979564047589628e-03,-1.849069401696747106e-02,-2.202099639647512209e-04,5.723534671100837662e-02,-3.815644691921842024e-02,3.671170189780124937e-02,1.761187637041539966e-01,1.017028962781069135e-01,1.664722991684540188e-01,2.610596298594288628e-02,1.594905984369648089e-01,-1.077807090076448315e-01,1.911976998370503583e-02,-8.098682582341193426e-02,-4.744410075160933327e-02
1.446324385401607515e-01,1.988504425380949736e-01,-4.277274888569211619e-02,-3.754003068658058329e-01,3.883485410881455657e-02,3.491101909957569083e-01,-3.195143024271795973e-01,-3.425582081541193175e-02,-1.675833754806647369e-01,2.479283088322034589e-01,4.097635358864141208e-01,-3.633359720957904937e-01,-1.412336049530964754e-01,2.050093180041328289e-01,-4.321521864056848128e-01,3.342275148540516660e-01,5.140906787069440265e-01,-5.882656884274062303e-01,-2.118556240471412000e-01,-4.046095310439526416e-01,1.901841635374398043e-01,7.590821365763195973e-03,1.000000000000000000e+00,3.755924628772639995e-01,4.340811001569284677e-01,2.013276310568526406e-02,4.010498337048506445e-01,-2.834583333993185850e-01,-2.032211600276987162e-01,2.557843593163257601e-01,5.287505573995121555e-01,3.629460408299012841e-01,5.237668338090969433e-01,-2.014079185405700245e-01,3.065635494892584023e-01,-9.613747576964226660e-02,4.860996974103486967e-01,-2.899643861077401685e-01,1.821701340925435120e-01
4.485905876798669811e-01,3.969253941316598921e-01,2.316246865319770976e-01,-8.870243178268889805e-02,2.153639964755309499e-01,-1.240045633492220176e-02,-3.742590320827410277e-01,-2.564439606248239967e-01,2.131901059168307966e-01,4.026115407239800326e-01,1.155078008628622338e-01,1.305471770239173823e-01,-2.625318993236412934e-01,4.415939967739353489e-01,-2.902463519615066517e-02,4.748795368455616117e-01,1.698294394914652283e-01,-1.630030252824216444e-02,2.223359397853797437e-01,-1.377858650792758155e-01,1.635958406700120937e-01,-1.064313198718543074e-01,3.755924628772639995e-01,1.000000000000000000e+00,3.733445027262494165e-01,3.773675708091083214e-01,3.361730929791910127e-01,8.101755530188671506e-02,2.323198359411501046e-01,4.154913119335980620e-01,3.457968926948822297e-01,2.158989061500828921e-01,4.889780397018256841e-01,1.129615080598801308e-01,5.371743819123690061e-02,1.236263908485227131e-01,2.214497902431535603e-01,6.046878027919529164e-02,2.769883415646420266e-01
2.656502184194317051e-01,1.460861249477065082e-01,1.806984117295564185e-01,1.327732610506623390e-01,1.499887205833459192e-01,-9.420394973017860718e-02,-2.440489960252746893e-01,-1.891480757363749599e-01,2.844620058477535518e-01,2.993565298391394625e-01,-1.811288077740769997e-01,2.258846564545023972e-01,1.817274727323297048e-02,2.057037461319326521e-01,1.866859713480474858e-01,1.859255400860718721e-01,-1.261431569729586089e-01,5.472537995385944737e-02,2.081856277419703583e-01,1.768961804289815188e-03,-2.921687867090784138e-02,5.194979564047589628e-03,4.340811001569284677e-01,3.733445027262494165e-01,1.000000000000000000e+00,9.392030901617236249e-02,2.524501044863076971e-02,7.307277794985458930e-02,-7.167006352588109475e-02,2.556485342934980420e-01,3.573656734908793597e-02,-8.857271005492492466e-02,2.843700463793958355e-01,3.563419193385796158e-01,-9.356002936209162346e-02,7.499424890180514391e-02,1.190867507524632218e-01,1.320994310352395507e-01,5.129720186048098984e-01
6.927487773136041804e-01,4.848101579512034687e-01,4.094503883972480662e-01,5.837081058487800928e-02,3.701133045625250584e-01,-5.145773227145233886e-01,-3.366797413870196154e-01,-3.983699918705586596e-01,6.851063824015118930e-01,5.223613262962408799e-01,-2.375337896925364400e-01,5.150164556908638502e-01,-2.371812598715933029e-01,2.206441129109980859e-01,3.540427245953311486e-01,5.115786573963255757e-01,-1.756541068373314307e-01,3.867617354249831552e-01,4.276483660921515106e-01,2.732498365189895972e-01,1.548676900981857119e-01,-1.849069401696747106e-02,2.013276310568526406e-02,3.773675708091083214e-01,9.392030901617236249e-02,1.000000000000000000e+00,2.936023184631967875e-01,4.362842510945558194e-01,6.654253434872861028e-01,5.997929224732180264e-01,1.023417326711262851e-03,8.209952107111001540e-02,3.363306469406425747e-01,4.773776006415520468e-01,-1.347513349512799719e-01,3.622348639258529679e-01,-1.339506564933727883e-01,6.200636817437850112e-01,5.089903802272220945e-01
3.494203475415287308e-01,3.030053840187004188e-01,-1.235769329338566869e-01,-4.533347109534354158e-01,2.727338921267212848e-02,3.809327208831277956e-01,-4.074042773424484398e-01,3.748199608069296973e-02,-1.691651961147023209e-01,2.315981168769423726e-01,5.257894211184553912e-01,-1.778431317692117930e-01,-3.213432042397637023e-01,1.674948049413617357e-01,-3.958837167394990142e-01,3.029550991525564729e-01,5.609904093991233687e-01,-4.634572349298646810e-01,-3.106273625378292436e-01,-2.586195815946115695e-01,1.510789686853415137e-01,-2.202099639647512209e-04,4.010498337048506445e-01,3.361730929791910127e-01,2.524501044863076971e-02,2.936023184631967875e-01,1.000000000000000000e+00,-2.720228804561656832e-01,1.459321474268955310e-01,2.595347152328452700e-01,6.273038631553427003e-01,6.756699356258534239e-01,4.362367991631994069e-01,-2.810413305722886945e-01,3.019648335710651277e-01,2.879002397170827288e-01,4.844442296044008112e-01,-1.905704873352591644e-01,1.867055826758661219e-01
2.019972839409590326e-01,-7.299626605343582583e-03,5.137416151780538343e-01,1.885393474607134356e-01,3.041544356130927440e-01,-4.990381696808497969e-01,-6.570197583357341442e-02,-3.798382387043922059e-01,5.732647813635503020e-01,2.152822205099097497e-01,-5.515072389830494304e-01,5.767178363039661138e-01,3.071916397716220604e-02,1.697419084765500463e-01,6.452436003959761690e-01,3.334369214226338973e-02,-6.216828564571140747e-01,6.507676197221825554e-01,4.987966447982438156e-01,5.680671103377610276e-01,2.685136664441690191e-01,5.723534671100837662e-02,-2.834583333993185850e-01,8.101755530188671506e-02,7.307277794985458930e-02,4.362842510945558194e-01,-2.720228804561656832e-01,1.000000000000000000e+00,4.658639777844716390e-01,1.504209573858307503e-01,-3.538260238584973738e-01,-3.337361894871386236e-01,2.597857936441285709e-01,6.083073785542674194e-01,-1.100162985226125906e-01,1.154260485891270976e-01,-2.509587220667017782e-01,5.743111112370652416e-01,2.435206675805604293e-01
4.483573164852287518e-01,3.025691235687879010e-01,4.036581079586859522e-01,2.181459492031398439e-01,3.742935618506419981e-01,-3.339871143910870255e-01,-1.834365181963981406e-01,-3.406634551177804004e-01,5.374906344470846697e-01,2.142398241916534940e-01,-2.277442752223187428e-01,4.827676362774383501e-01,-2.446210623690296959e-01,4.286787393457908157e-01,4.081365267084258175e-01,1.452672835107409743e-01,-2.584250598142550648e-01,4.437090449911483825e-01,2.163226038895413872e-01,2.398814063159621646e-01,1.077708494377148940e-01,-3.815644691921842024e-02,-2.032211600276987162e-01,2.323198359411501046e-01,-7.167006352588109475e-02,6.654253434872861028e-01,1.459321474268955310e-01,4.658639777844716390e-01,1.000000000000000000e+00,3.179037752936026417e-01,-2.129929858340386117e-01,2.473671045651551492e-01,1.824213987503022216e-01,4.143915971118881658e-01,1.502163822690630590e-01,4.068908652049046393e-01,-3.942537407913910413e-02,5.137898568030259128e-01,2.351266891028291339e-01
7.845219729248097407e-01,7.192814013110199189e-01,3.330539876510804076e-01,-2.599424494203165376e-02,2.576907342884169894e-01,-3.571501606619005842e-01,-4.570972588282108950e-01,-3.772510871990956138e-01,5.693166138211427363e-01,7.441942610029173011e-01,-1.185427900934337558e-01,3.807158399807735183e-01,-3.870841607342861979e-01,3.423982212569601224e-01,1.941380132099121969e-01,7.363678227541508026e-01,-3.232990759997485947e-02,1.721299104336610486e-01,3.563294170465378663e-01,1.619282122205007168e-01,1.738204108516412105e-01,3.671170189780124937e-02,2.557843593163257601e-01,4.154913119335980620e-01,2.556485342934980420e-01,5.997929224732180264e-01,2.595347152328452700e-01,1.504209573858307503e-01,3.179037752936026417e-01,1.000000000000000000e+00,2.007608234834225291e-01,9.984042722990817131e-02,2.795614372568170913e-01,4.004649499993063189e-01,-1.869963895829489520e-01,3.833523780785244583e-01,-2.915684750298049369e-02,2.919716043270515482e-01,4.916770405247127829e-01
1.665613189409340666e-01,3.807750990400254887e-01,-1.212669002763387960e-01,-5.107129057987775944e-01,-5.827478370284679826e-02,5.261988647408726294e-01,-1.376121850275982827e-01,2.816028836692855558e-03,-3.642140606670159486e-01,3.787908917115973551e-01,7.198065470359604756e-01,-5.652363795520272127e-01,-4.306823143167853307e-01,7.920365975294893501e-02,-7.104193797785958164e-01,4.501605096061589428e-01,7.592611706612832911e-01,-6.827115352298176454e-01,-2.424340793271746453e-01,-4.146868600822806727e-01,3.528293207892632677e-01,1.761187637041539966e-01,5.287505573995121555e-01,3.457968926948822297e-01,3.573656734908793597e-02,1.023417326711262851e-03,6.273038631553427003e-01,-3.538260238584973738e-01,-2.129929858340386117e-01,2.007608234834225291e-01,1.000000000000000000e+00,5.646120474796316735e-01,4.754747510668506094e-01,-5.157906753471593886e-01,3.042404722174680276e-01,-1.656552366234348775e-02,5.855832039723821714e-01,-5.392440140767399415e-01,-7.201611349464219491e-02
1.288203608164314451e-01,2.359025821637129872e-01,-4.486128631733784372e-02,-3.218431280691398388e-01,7.969293839269932234e-02,5.693912270039286350e-01,-2.159292013532896626e-01,-3.708449269131967180e-02,-2.967361939875919341e-01,6.337086499200021705e-02,6.381752260205235672e-01,-3.617630030784207973e-01,-3.912199596969579418e-01,4.035661125654936843e-01,-5.141153337083057551e-01,8.078030443163224106e-02,6.692704635148175596e-01,-5.243555291729412593e-01,-4.694744116685902191e-01,-4.209769981940101879e-01,2.302543906433388021e-01,1.017028962781069135e-01,3.629460408299012841e-01,2.158989061500828921e-01,-8.857271005492492466e-02,8.209952107111001540e-02,6.756699356258534239e-01,-3.337361894871386236e-01,2.473671045651551492e-01,9.984042722990817131e-02,5.646120474796316735e-01,1.000000000000000000e+00,3.398609983832801551e-01,-3.650770339286988353e-01,6.494767081941826836e-01,1.987815539554458610e-01,6.333082889662378090e-01,-4.394627400506168069e-01,-1.358369083984168335e-01
2.161353614399421363e-01,1.887264420622651873e-01,3.272136944378727930e-01,-3.746161382559828890e-01,2.724335762665334171e-01,1.882528534714339175e-01,-3.707909146798151201e-01,-3.252129113204169641e-01,6.694900292493356775e-02,3.725443347068880251e-01,2.706099976224608517e-01,-6.307983074729552053e-02,-1.932524879222262126e-01,3.266171215498675506e-01,-1.524970561622567278e-01,3.459180076502753609e-01,3.178834056532923724e-01,-2.362927363057512609e-01,7.818356317833700941e-02,-8.576361449709965501e-02,4.296644407357063655e-01,1.664722991684540188e-01,5.237668338090969433e-01,4.889780397018256841e-01,2.843700463793958355e-01,3.363306469406425747e-01,4.362367991631994069e-01,2.597857936441285709e-01,1.824213987503022216e-01,2.795614372568170913e-01,4.754747510668506094e-01,3.398609983832801551e-01,1.000000000000000000e+00,2.122722639856150159e-02,3.639961465994897005e-01,-5.853710357883814414e-02,4.194070166421330903e-01,-3.505847892877887728e-02,2.442927555931950212e-01
4.204450677058366170e-01,1.239709627450456958e-01,5.367409070816169248e-01,4.472378518641719758e-01,4.831427644559463941e-01,-7.006974515638109136e-01,-2.306044022155422091e-01,-4.282918312362484214e-01,8.150932540471830245e-01,2.889035172331498313e-01,-7.561785768222931692e-01,8.292545425291375505e-01,-5.110437593310874355e-02,2.778734164119166516e-01,8.121144544642426855e-01,1.387194433090673529e-01,-7.062340011368034576e-01,7.035579586052166379e-01,4.797757758572075426e-01,5.141024199289810914e-01,-2.611312871352713602e-02,2.610596298594288628e-02,-2.014079185405700245e-01,1.129615080598801308e-01,3.563419193385796158e-01,4.773776006415520468e-01,-2.810413305722886945e-01,6.083073785542674194e-01,4.143915971118881658e-01,4.004649499993063189e-01,-5.157906753471593886e-01,-3.650770339286988353e-01,2.122722639856150159e-02,1.000000000000000000e+00,-3.278812985004133651e-01,1.840511383237865284e-01,-4.239625630304807991e-01,6.957024809935821175e-01,5.777751304189936432e-01
-2.444798405470170743e-01,-1.330055802057875103e-01,-1.660332650177397812e-02,-2.379346564430061262e-01,-1.008334191761926096e-02,5.781700288717812608e-01,-3.595302406586484145e-02,1.115586632426656191e-02,-3.466306279907430676e-01,-1.996499763185234089e-01,5.130543923560915154e-01,-3.787230614312508958e-01,-1.217327804785799800e-01,3.893677420372978482e-01,-3.827136099525899060e-01,-2.415115730255864568e-01,4.655846750429819547e-01,-4.052027898892656688e-01,-3.791751363423592203e-01,-3.552036279355499371e-01,2.828745264981594731e-01,1.594905984369648089e-01,3.065635494892584023e-01,5.371743819123690061e-02,-9.356002936209162346e-02,-1.347513349512799719e-01,3.019648335710651277e-01,-1.100162985226125906e-01,1.502163822690630590e-01,-1.869963895829489520e-01,3.042404722174680276e-01,6.494767081941826836e-01,3.639961465994897005e-01,-3.278812985004133651e-01,1.000000000000000000e+00,-1.275791478938820833e-01,6.958129621447703972e-01,-4.147342663101544202e-01,-2.744451990446118428e-01
5.210665220415728882e-01,4.524075539582504968e-01,1.351793723348589937e-01,-4.590158466121371794e-02,1.264657966256841071e-01,-8.581731603214451387e-02,-2.362646955938192128e-01,-1.726424077524258971e-01,2.976966438293708328e-01,3.246282041222312564e-01,-1.209021577849668100e-01,3.215522662486147709e-01,-1.920906114134942055e-01,2.406881678867851537e-01,1.947816509208113445e-01,2.663562226164154501e-01,-1.194450702477774101e-01,2.039504680540064341e-01,4.550197928661814384e-02,2.304991891455385467e-01,-1.074195860464941150e-02,-1.077807090076448315e-01,-9.613747576964226660e-02,1.236263908485227131e-01,7.499424890180514391e-02,3.622348639258529679e-01,2.879002397170827288e-01,1.154260485891270976e-01,4.068908652049046393e-01,3.833523780785244583e-01,-1.656552366234348775e-02,1.987815539554458610e-01,-5.853710357883814414e-02,1.840511383237865284e-01,-1.275791478938820833e-01,1.000000000000000000e+00,-6.354253972924529814e-02,2.027107291959842905e-01,2.017576726349138427e-01
3.525831258934786612e-05,9.531564603283296244e-02,-1.891533029462655335e-01,-3.301648736479796398e-01,-1.370932086162648944e-01,5.891380373443313445e-01,-9.217635198110497863e-02,1.229333444114688867e-01,-3.640262890252900507e-01,2.237953035841103860e-02,6.138498575241199129e-01,-4.513583312973771244e-01,-1.303907297628963680e-01,2.765760420590328006e-01,-5.202861863025515232e-01,2.438367352349495726e-02,5.600225715149933503e-01,-5.703628210474763760e-01,-3.026732311657437391e-01,-4.513190204461896005e-01,1.882316112180439927e-01,1.911976998370503583e-02,4.860996974103486967e-01,2.214497902431535603e-01,1.190867507524632218e-01,-1.339506564933727883e-01,4.844442296044008112e-01,-2.509587220667017782e-01,-3.942537407913910413e-02,-2.915684750298049369e-02,5.855832039723821714e-01,6.333082889662378090e-01,4.194070166421330903e-01,-4.239625630304807991e-01,6.958129621447703972e-01,-6.354253972924529814e-02,1.000000000000000000e+00,-4.847791846173306052e-01,-4.666232033316805583e-02
3.667133260627067903e-01,6.550280406029382330e-02,3.742285388704230109e-01,3.976941990967922669e-01,2.958672221010609782e-01,-7.662535777351626720e-01,-1.543662522376413604e-01,-2.875795662439964984e-01,7.534250965576554382e-01,1.951323159844607635e-01,-6.971021251724780488e-01,7.716207826146838089e-01,7.648552896373196630e-02,-2.828687663211984157e-02,7.662153766084238704e-01,1.475398133215247154e-01,-6.799916169934054899e-01,7.257929354427996582e-01,5.522863537445794613e-01,5.361013669053730224e-01,-9.026445568903103400e-02,-8.098682582341193426e-02,-2.899643861077401685e-01,6.046878027919529164e-02,1.320994310352395507e-01,6.200636817437850112e-01,-1.905704873352591644e-01,5.743111112370652416e-01,5.137898568030259128e-01,2.919716043270515482e-01,-5.392440140767399415e-01,-4.394627400506168069e-01,-3.505847892877887728e-02,6.957024809935821175e-01,-4.147342663101544202e-01,2.027107291959842905e-01,-4.847791846173306052e-01,1.000000000000000000e+00,5.857544359848022575e-01
5.688506971019176017e-01,3.113559707751868966e-01,2.675982344161715321e-01,1.869919557766382412e-01,3.094117031829894393e-01,-4.758046638451851051e-01,-4.426416443630104003e-01,-2.658916019908332262e-01,6.536509186677862404e-01,4.552189620784761748e-01,-3.583140416558043273e-01,5.839336108444440621e-01,-5.730440532152204086e-02,1.003344831665027165e-01,4.413344281028824256e-01,4.034303860215840976e-01,-3.079265935843889523e-01,2.773356034079658694e-01,4.209754739900695708e-01,2.093980485745925435e-01,-9.776514735565837444e-02,-4.744410075160933327e-02,1.821701340925435120e-01,2.769883415646420266e-01,5.129720186048098984e-01,5.089903802272220945e-01,1.867055826758661219e-01,2.435206675805604293e-01,2.351266891028291339e-01,4.916770405247127829e-01,-7.201611349464219491e-02,-1.358369083984168335e-01,2.442927555931950212e-01,5.777751304189936432e-01,-2.744451990446118428e-01,2.017576726349138427e-01,-4.666232033316805583e-02,5.857544359848022575e-01,1.000000000000000000e+00
