1.000000000000000000e+00,6.035967687678400750e-01,2.910641700204023019e-01,6.534281479817170835e-02,2.987083098166027906e-01,-8.737221751161873551e-02,-1.758709446034924240e-01,-2.858312224002610979e-01,3.658101785491168489e-01,4.085864125906827349e-01,1.065700754733343580e-01,2.518829269678720117e-01,1.502053951372936402e-01,3.478672362909053239e-01,4.995187582468932352e-01,5.183584578515441077e-01,4.560445448434576332e-01,3.475457981999412471e-01,2.895377877782788212e-01,7.251054143681731623e-02,1.788879153735934424e-01,-1.283997002973791095e-02,3.872218886158625417e-01,2.461297169703198506e-01,3.618822772081684569e-01,5.247113239469034518e-01,2.808388116735667239e-01,4.490498638744918614e-01,8.985200852394016613e-02,3.079631168892796866e-01,-2.079891763379775049e-02,4.317641535361108063e-01,-6.776178660061689396e-02,5.074220343215767315e-01,-1.881845242585321876e-01,4.226666575747001220e-01,2.189596276723390356e-01,6.174397055850273652e-01,4.201588823423274555e-01
6.035967687678400750e-01,1.000000000000000000e+00,2.875161832186555189e-01,7.894557241864268160e-02,3.416501234051622649e-01,3.228888198293858314e-02,-6.151160357918381699e-02,-2.464199319178744241e-01,4.586813643133760277e-01,5.458930709458692521e-01,2.120215492749884245e-01,3.231334820166363864e-01,3.997002601383971288e-02,4.162150677425904277e-01,3.642149727042467422e-01,6.241297586269366482e-01,3.890252081396577410e-01,3.043717345591958057e-01,3.129472625342863967e-01,1.250596227440329833e-01,2.185506554520867950e-01,1.239628899325855016e-01,4.526766580589967615e-01,3.682798147823282964e-01,4.619902258536044970e-01,4.651056788312989410e-01,4.105475117074836588e-01,3.698690932908748619e-01,1.299981099624868963e-01,4.495054495103265046e-01,6.719171653381510179e-02,5.523471083963363837e-01,8.912788545089454784e-02,4.938125419138180150e-01,-7.319419714167009483e-02,4.878493452364268124e-01,3.130234138758693496e-01,5.028440088457508672e-01,4.559814755593724067e-01
2.910641700204023019e-01,2.875161832186555189e-01,1.000000000000000000e+00,-1.100637188751513867e-01,4.442382809626058693e-01,2.006913580763456176e-02,-2.643957205750951389e-01,-5.995660128620978746e-01,4.246684547950240751e-01,1.687694004885421650e-01,2.430807446057579313e-01,3.646423056024636900e-01,-2.422254903817907257e-01,5.232539050701403571e-01,6.247345669659380707e-02,2.661354395975248921e-01,2.919391763396068651e-01,5.222706341410270070e-02,2.436836446349515128e-01,-3.879168540499906837e-02,3.396883142128584443e-01,-1.376313145787207981e-01,2.534190851642616482e-01,2.552310089605051013e-01,2.695754457546782890e-01,4.693162145547190578e-01,3.943260737827330997e-01,5.363622840478715625e-01,2.144590116788091527e-01,1.713413787497962970e-01,4.720923401389775509e-01,2.598644408877757161e-01,2.311392280080516726e-01,5.604556519872271325e-01,5.873411576516023025e-02,4.191018492803697537e-01,2.448897964646982450e-01,2.829235810716305144e-01,4.091992867749918439e-01
6.534281479817170835e-02,7.894557241864268160e-02,-1.100637188751513867e-01,1.000000000000000000e+00,4.330536662976151169e-02,-1.149744170124369913e-01,3.036566711831445997e-01,9.235385236376840445e-02,-1.238957630439832258e-01,2.690077699380525322e-01,-1.332232268577896728e-01,2.334706198745052919e-01,1.636898184251686927e-01,-1.175794157424423642e-01,1.557865168087191055e-01,1.881494926863881700e-01,2.965910767416227861e-02,3.759542824239973657e-01,3.372725614941489147e-01,8.349502252010687631e-02,-1.833831742549598687e-01,1.188503698469922376e-01,1.481751337495841314e-01,1.481483786530988535e-02,5.090732286617309643e-02,-5.220578425380897197e-02,8.054688598403722533e-02,-2.973054826420492430e-02,-1.878541464119610482e-01,5.522187477473401024e-02,-1.712771704562896791e-01,1.979615154792580545e-01,-1.105775802890842652e-01,5.509049141683750733e-02,-2.057384327307914262e-01,6.638160785717196755e-02,9.520305337365379816e-02,-4.007390312036777230e-02,-5.211936965359690102e-03
2.987083098166027906e-01,3.416501234051622649e-01,4.442382809626058693e-01,4.330536662976151169e-02,1.000000000000000000e+00,1.589343666934204813e-01,-1.745915427926878205e-01,-5.230754289221737352e-01,4.325588181362546858e-01,2.259539705426632239e-01,1.994690820401010534e-01,3.127022980014918518e-01,-1.445756219483460836e-01,5.413786703777266895e-01,1.241102275467683824e-03,2.999271688081606713e-01,1.798264245504169745e-01,8.422661005103584952e-02,2.480415033778712586e-01,-1.158445915044215846e-01,-1.043181068179562312e-02,5.363854508361162558e-03,1.835220747386201723e-01,1.605877599045604787e-01,2.037551801785282002e-01,3.728627871448781939e-01,4.436238731592209161e-01,3.542039085738466486e-01,2.976606236846177644e-01,1.183081734010983932e-01,2.842677085707295825e-01,3.044051875718180034e-01,9.438370610916141379e-02,4.568387925929522364e-01,5.498037724862463171e-02,3.141421360775513150e-01,2.612144864935702637e-01,2.241042363660177561e-01,4.888003450983827158e-01
-8.737221751161873551e-02,3.228888198293858314e-02,2.006913580763456176e-02,-1.149744170124369913e-01,1.589343666934204813e-01,1.000000000000000000e+00,2.267161624876868342e-01,-1.696311798066949816e-01,7.417307762785461944e-02,-1.814317107044497238e-02,1.261532934016372787e-01,-1.879832795507792309e-02,-3.374576038898554620e-01,2.221792239150921222e-01,-1.429424815393433579e-01,3.559743841421200705e-03,-2.534581477313664344e-01,-1.868270022752888393e-01,-1.850144902653731438e-01,-2.896929851453673432e-01,6.855466197991248734e-02,3.010629823941243233e-01,-1.265619235237907050e-02,1.798735096475134743e-01,3.162193240542329753e-02,-8.467986041961847454e-02,2.334091506987726883e-01,1.129001180117583658e-02,4.497618152365144284e-01,1.345183038033263279e-01,2.826683903935319209e-01,1.681169325184568297e-01,3.989493983232697549e-01,-1.586026510823458635e-01,3.278072387761634121e-01,1.082773768941566878e-01,3.501930026112050065e-01,-5.147950505330500109e-02,1.427747678051065894e-01
-1.758709446034924240e-01,-6.151160357918381699e-02,-2.643957205750951389e-01,3.036566711831445997e-01,-1.745915427926878205e-01,2.267161624876868342e-01,1.000000000000000000e+00,2.674001830547505509e-01,-3.067312367476658919e-01,2.024845521181001529e-01,9.659748905156430310e-02,-1.753723726168065211e-01,8.219435861307086699e-02,-2.567950054931108506e-01,-1.018178718164760438e-01,9.166176271834655664e-02,-7.167892928616120818e-02,1.038956890150919687e-01,7.610464245518720749e-02,1.361722597401282819e-01,3.263283390629365815e-02,2.100578196205229176e-01,1.523750554463313700e-01,1.979624278487188693e-01,1.430403626337756473e-01,-2.774658823755523640e-01,-1.503923169168294993e-01,-2.639957731114330741e-01,-1.503702103083519037e-01,1.433071783026598489e-01,-2.008236099019168053e-01,2.122792232828088835e-02,2.123306709645946533e-01,-3.306145410167029564e-01,-8.182219718704085085e-03,3.663012368452150253e-02,-2.026507713669539745e-02,-1.461928665304829955e-01,-2.696982552423956569e-01
-2.858312224002610979e-01,-2.464199319178744241e-01,-5.995660128620978746e-01,9.235385236376840445e-02,-5.230754289221737352e-01,-1.696311798066949816e-01,2.674001830547505509e-01,1.000000000000000000e+00,-3.645239201098114390e-01,-1.146499720217550589e-01,-1.056964221930709602e-01,-3.486689448780899703e-01,3.190094094711256045e-01,-5.320580371366775418e-01,-1.157082606614832088e-01,-1.673269529243915921e-01,-1.501548370394227838e-01,4.588809808733232409e-02,-1.593158505176072437e-01,2.334269466452810748e-01,-5.286679134575024419e-02,-1.881853287817641246e-02,-1.432907493720620984e-01,-1.315670323963882837e-01,-1.356728964363001222e-01,-3.752013883107758740e-01,-4.331669441449376712e-01,-5.607175447990252470e-01,-2.855978167140932333e-01,-4.332878875806028124e-02,-4.871172927535169506e-01,-2.710426218310831858e-01,-5.205884905878111618e-02,-4.992451491626028193e-01,1.409295924289092304e-02,-3.375977302663633606e-01,-3.734584803354027427e-01,-2.646766932269108974e-01,-4.701729007507517988e-01
3.658101785491168489e-01,4.586813643133760277e-01,4.246684547950240751e-01,-1.238957630439832258e-01,4.325588181362546858e-01,7.417307762785461944e-02,-3.067312367476658919e-01,-3.645239201098114390e-01,1.000000000000000000e+00,1.918405422824654705e-01,1.028464287717045650e-01,3.098029469546634274e-01,-2.124680163031021363e-01,5.903874480499371469e-01,8.095128896489237058e-02,3.211516867075399073e-01,1.343948769767589480e-01,5.678047232890397200e-02,9.013934031527573443e-02,-1.259225253406147382e-01,1.645732820856689038e-01,-8.056623642875687663e-02,1.374961966061445107e-01,1.435324276642710450e-01,2.046252052208630545e-01,4.886471690118509015e-01,4.775210138883060895e-01,3.528330673789320526e-01,4.068337387598908728e-01,3.908780115025528579e-01,3.531418299385978843e-01,3.452174900477764097e-01,1.416706012238625745e-01,4.845114873165348723e-01,2.431191874101919781e-01,4.099382143384386334e-01,3.568012150541323146e-01,3.744222080440792744e-01,5.664901155842536618e-01
4.085864125906827349e-01,5.458930709458692521e-01,1.687694004885421650e-01,2.690077699380525322e-01,2.259539705426632239e-01,-1.814317107044497238e-02,2.024845521181001529e-01,-1.146499720217550589e-01,1.918405422824654705e-01,1.000000000000000000e+00,2.836675915168161977e-01,3.192342748589520607e-01,1.085769054131479755e-01,2.145951759072637077e-01,2.647402740081714612e-01,6.603014881849795792e-01,4.164381417549998243e-01,3.966963605831933526e-01,4.351067154266753390e-01,3.419243940848412655e-01,2.307705670893919203e-01,2.505997634068866109e-01,5.999444180418487260e-01,5.327114040884574075e-01,5.975605365697506111e-01,2.091348892605778553e-01,2.881163764808837846e-01,2.349385366315386026e-01,-1.629122242823944078e-01,4.627989969245160373e-01,-5.361027022715250667e-02,5.300623238219228650e-01,1.730271173691612929e-01,3.451353611946090805e-01,-2.695122288789073561e-01,4.914187014486134930e-01,2.280639737687033264e-01,2.543101511249475366e-01,2.279399504271402144e-01
1.065700754733343580e-01,2.120215492749884245e-01,2.430807446057579313e-01,-1.332232268577896728e-01,1.994690820401010534e-01,1.261532934016372787e-01,9.659748905156430310e-02,-1.056964221930709602e-01,1.028464287717045650e-01,2.836675915168161977e-01,1.000000000000000000e+00,1.486472291442452083e-02,5.930014347248879075e-02,1.770180073929869535e-01,-2.199036848677326794e-01,3.440699071350348248e-01,4.799592399164633316e-01,-1.690327749224286857e-01,1.624655319058703959e-02,3.293417422599285160e-01,4.456241096868689411e-01,1.429162356643833842e-01,4.586801824312403686e-01,5.480483192833561779e-01,5.066339248374357451e-01,9.133403193784923879e-02,1.299810170878144822e-01,2.935735065305758451e-02,-8.635709043410316754e-02,1.562762210814687136e-01,2.600048027370339271e-02,1.798034297867086573e-01,4.368028667296460221e-01,6.605366945262514111e-02,-8.023965433369015243e-02,3.188789721831189472e-01,-1.186280305365397525e-01,1.355641433451893196e-01,1.168624112536684329e-01
2.518829269678720117e-01,3.231334820166363864e-01,3.646423056024636900e-01,2.334706198745052919e-01,3.127022980014918518e-01,-1.879832795507792309e-02,-1.753723726168065211e-01,-3.486689448780899703e-01,3.098029469546634274e-01,3.192342748589520607e-01,1.486472291442452083e-02,1.000000000000000000e+00,-1.244608290816350965e-01,3.491752724288446075e-01,2.229781332661181781e-01,3.439413955052120775e-01,1.838279822303187649e-01,2.592438444647038320e-01,3.346473363536317525e-01,-2.989099566348382524e-03,5.970045313640274381e-02,1.994164269256700761e-01,3.175746250012054794e-01,1.833086235840782896e-01,2.317282501424744456e-01,1.846114106771933605e-01,6.096466329845662280e-01,4.801223606706213620e-01,4.567774326700284153e-03,1.429436181010491913e-01,3.531698725005436024e-01,5.086135198387148337e-01,1.362588419706092790e-01,4.804099035944856544e-01,-2.393096249945680931e-01,3.093374664839830812e-01,4.471543207554589117e-01,1.245299508891130197e-01,4.192082939857115220e-01
1.502053951372936402e-01,3.997002601383971288e-02,-2.422254903817907257e-01,1.636898184251686927e-01,-1.445756219483460836e-01,-3.374576038898554620e-01,8.219435861307086699e-02,3.190094094711256045e-01,-2.124680163031021363e-01,1.085769054131479755e-01,5.930014347248879075e-02,-1.244608290816350965e-01,1.000000000000000000e+00,-3.227347599897146257e-01,1.637228556038232419e-01,1.257976221394459804e-01,2.804702838294997891e-01,2.436440719210555272e-01,5.098344276088354055e-02,2.019979736160867900e-01,5.696261312337131538e-02,-1.979317837773000507e-02,1.367334127371692687e-01,-2.117761578348555801e-02,1.382504787724566364e-01,-1.709061828959393056e-02,-2.628275604687309031e-01,-1.249793368377515312e-01,-3.955740225507731744e-01,-1.416043237694404877e-01,-5.893330783710709619e-01,-1.469642567254025589e-01,-1.897397014249253000e-01,-9.270603081331443840e-02,-3.564274764988620836e-01,-6.770349094523607503e-02,-3.850255420086725056e-01,1.350137363905697385e-01,-1.061693728149548654e-01
3.478672362909053239e-01,4.162150677425904277e-01,5.232539050701403571e-01,-1.175794157424423642e-01,5.413786703777266895e-01,2.221792239150921222e-01,-2.567950054931108506e-01,-5.320580371366775418e-01,5.903874480499371469e-01,2.145951759072637077e-01,1.770180073929869535e-01,3.491752724288446075e-01,-3.227347599897146257e-01,1.000000000000000000e+00,3.994275597740978151e-02,3.322568590257192755e-01,1.399758919440071414e-01,5.087556752171689539e-02,1.673372894957799173e-01,-1.558794411590584128e-01,1.895743760699815372e-01,-1.509803610566278279e-02,2.102090529360201854e-01,2.622565767809692527e-01,2.500252991193442909e-01,4.377789869222454833e-01,5.283737870093633271e-01,4.420071509547856548e-01,4.553067560950120329e-01,3.215621441211709564e-01,4.608315810349986053e-01,4.197825914340980735e-01,2.390881747417065439e-01,5.016533366929130100e-01,2.124585491785779545e-01,4.412910350953219707e-01,4.605464015089860697e-01,2.859967300989774142e-01,5.304346036727165536e-01
4.995187582468932352e-01,3.642149727042467422e-01,6.247345669659380707e-02,1.557865168087191055e-01,1.241102275467683824e-03,-1.429424815393433579e-01,-1.018178718164760438e-01,-1.157082606614832088e-01,8.095128896489237058e-02,2.647402740081714612e-01,-2.199036848677326794e-01,2.229781332661181781e-01,1.637228556038232419e-01,3.994275597740978151e-02,1.000000000000000000e+00,2.705314686230145815e-01,1.724447489189588067e-01,4.078103196649014994e-01,2.015733203589580580e-01,4.175454831799364774e-02,-2.615837094722293921e-02,6.660588462236179119e-02,2.318496494278562692e-01,4.069508403543829755e-02,1.432900262331022190e-01,2.608088872021151472e-01,8.864272339386108923e-02,3.242362603801283716e-01,-6.769370018884508788e-02,1.758137216479515319e-01,-1.263106427849349234e-01,2.848550179856043085e-01,-2.524592759324519875e-01,3.405199317262881942e-01,-2.804229630311683152e-01,2.422812222459903020e-01,1.852364158125406890e-01,4.360078516819378414e-01,1.873940076454112535e-01
5.183584578515441077e-01,6.241297586269366482e-01,2.661354395975248921e-01,1.881494926863881700e-01,2.999271688081606713e-01,3.559743841421200705e-03,9.166176271834655664e-02,-1.673269529243915921e-01,3.211516867075399073e-01,6.603014881849795792e-01,3.440699071350348248e-01,3.439413955052120775e-01,1.257976221394459804e-01,3.322568590257192755e-01,2.705314686230145815e-01,1.000000000000000000e+00,4.901305653781374838e-01,3.872294420814867966e-01,4.140986055708851254e-01,3.129428080348994334e-01,3.265209480756222082e-01,1.743183344784931810e-01,6.175364537802815468e-01,5.411880417256361708e-01,6.084237167428288018e-01,3.480329022537020367e-01,3.667493088874551610e-01,3.044838367103731014e-01,-4.185363031112954851e-02,4.745290341758762742e-01,-8.411514309564072436e-03,5.673112324850478894e-01,2.327248597749367598e-01,4.245477860169559747e-01,-1.934917286288066474e-01,5.346752568118582349e-01,2.408025014692453114e-01,3.692828042863098847e-01,3.219621407588263984e-01
4.560445448434576332e-01,3.890252081396577410e-01,2.919391763396068651e-01,2.965910767416227861e-02,1.798264245504169745e-01,-2.534581477313664344e-01,-7.167892928616120818e-02,-1.501548370394227838e-01,1.343948769767589480e-01,4.164381417549998243e-01,4.799592399164633316e-01,1.838279822303187649e-01,2.804702838294997891e-01,1.399758919440071414e-01,1.724447489189588067e-01,4.901305653781374838e-01,1.000000000000000000e+00,1.385901974488404631e-01,2.576603049702329562e-01,4.015349772582215704e-01,3.691020247571438762e-01,2.636741498541366260e-02,5.454047690981292940e-01,4.375493839959669895e-01,5.228075114292088932e-01,3.246834365117307053e-01,1.442455681630074316e-01,2.769099369876993344e-01,-2.793815344707197834e-01,1.488840154779645930e-01,-9.869097625613408586e-02,2.816770240613110654e-01,1.108061073517516287e-01,3.330663565843133833e-01,-3.687002973864884070e-01,3.507312261598224956e-01,-1.093187227475141410e-01,4.026680468735797658e-01,1.836919421269188613e-01
3.475457981999412471e-01,3.043717345591958057e-01,5.222706341410270070e-02,3.759542824239973657e-01,8.422661005103584952e-02,-1.868270022752888393e-01,1.038956890150919687e-01,4.588809808733232409e-02,5.678047232890397200e-02,3.966963605831933526e-01,-1.690327749224286857e-01,2.592438444647038320e-01,2.436440719210555272e-01,5.087556752171689539e-02,4.078103196649014994e-01,3.872294420814867966e-01,1.385901974488404631e-01,1.000000000000000000e+00,5.376628351130930961e-01,1.419880433169556921e-01,8.489359637878758635e-02,-8.021292745827351967e-02,2.783740188653104353e-01,1.375884349286450592e-01,2.263585987155591894e-01,1.977992213214854744e-01,8.788375928703665019e-02,1.838615520377276935e-01,-1.327010479039372470e-01,3.128370277099028485e-01,-1.689070265440950347e-01,3.004029753456657348e-01,-5.860900780355713519e-02,3.123363818375317624e-01,-1.750577465702166102e-01,2.225996429099315332e-01,1.314112223329575169e-01,1.169707214683233659e-01,3.019719179482513449e-02
2.895377877782788212e-01,3.129472625342863967e-01,2.436836446349515128e-01,3.372725614941489147e-01,2.480415033778712586e-01,-1.850144902653731438e-01,7.610464245518720749e-02,-1.593158505176072437e-01,9.013934031527573443e-02,4.351067154266753390e-01,1.624655319058703959e-02,3.346473363536317525e-01,5.098344276088354055e-02,1.673372894957799173e-01,2.015733203589580580e-01,4.140986055708851254e-01,2.576603049702329562e-01,5.376628351130930961e-01,1.000000000000000000e+00,2.148041203003212551e-01,6.922784194399426994e-02,-1.071828566694111029e-01,3.420181689055332708e-01,2.222625298896196699e-01,2.478284704842242669e-01,2.236960367620153267e-01,1.959927021078067544e-01,2.443772023883113709e-01,-1.526597384100462085e-01,2.750447678157323383e-01,6.052821790755766318e-02,3.547741426893162853e-01,-2.477621365894297836e-02,4.170357817403842482e-01,-1.836746774713396979e-01,2.137144329950191324e-01,1.503166105484272930e-01,4.127629412385235702e-02,2.538466288540495996e-02
7.251054143681731623e-02,1.250596227440329833e-01,-3.879168540499906837e-02,8.349502252010687631e-02,-1.158445915044215846e-01,-2.896929851453673432e-01,1.361722597401282819e-01,2.334269466452810748e-01,-1.259225253406147382e-01,3.419243940848412655e-01,3.293417422599285160e-01,-2.989099566348382524e-03,2.019979736160867900e-01,-1.558794411590584128e-01,4.175454831799364774e-02,3.129428080348994334e-01,4.015349772582215704e-01,1.419880433169556921e-01,2.148041203003212551e-01,1.000000000000000000e+00,2.433647196607437724e-01,8.715457328540093807e-02,4.345623393613124441e-01,3.755257876154234342e-01,4.058519290756348874e-01,-4.390289582768035909e-02,-1.450600941433559388e-01,-1.421909824118733623e-01,-4.065654282908184314e-01,1.704368276249585978e-01,-2.505732640490819785e-01,1.133477838970110008e-01,1.383666054027088976e-01,2.810281481033828285e-02,-2.656409015229647119e-01,1.938405766543505604e-01,-2.331023150124392207e-01,2.526141938326670333e-02,-1.807659986878167868e-01
1.788879153735934424e-01,2.185506554520867950e-01,3.396883142128584443e-01,-1.833831742549598687e-01,-1.043181068179562312e-02,6.855466197991248734e-02,3.263283390629365815e-02,-5.286679134575024419e-02,1.645732820856689038e-01,2.307705670893919203e-01,4.456241096868689411e-01,5.970045313640274381e-02,5.696261312337131538e-02,1.895743760699815372e-01,-2.615837094722293921e-02,3.265209480756222082e-01,3.691020247571438762e-01,8.489359637878758635e-02,6.922784194399426994e-02,2.433647196607437724e-01,1.000000000000000000e+00,-1.932708687366020001e-02,3.912568863968248212e-01,4.849811947589545147e-01,4.676336999198532074e-01,2.297434198083799506e-01,9.984929851128641898e-02,1.925010031609191985e-01,-1.118226074789502138e-02,3.039098954791530915e-01,9.639450100086122131e-02,1.607246829972205360e-01,5.083757920941804898e-01,1.501318768700944106e-01,4.975714671693677593e-02,3.499337909024493598e-01,-7.155903750125599573e-04,1.795929467280251157e-01,5.705482874900390244e-02
-1.283997002973791095e-02,1.239628899325855016e-01,-1.376313145787207981e-01,1.188503698469922376e-01,5.363854508361162558e-03,3.010629823941243233e-01,2.100578196205229176e-01,-1.881853287817641246e-02,-8.056623642875687663e-02,2.505997634068866109e-01,1.429162356643833842e-01,1.994164269256700761e-01,-1.979317837773000507e-02,-1.509803610566278279e-02,6.660588462236179119e-02,1.743183344784931810e-01,2.636741498541366260e-02,-8.021292745827351967e-02,-1.071828566694111029e-01,8.715457328540093807e-02,-1.932708687366020001e-02,1.000000000000000000e+00,2.501480139787587986e-01,2.314874272057804716e-01,2.370784658993297100e-01,-1.694375916813168625e-01,2.563007907656255080e-01,2.123446635896707874e-02,-8.263479859129047034e-02,2.259905809714166103e-02,-2.170525017767760759e-02,2.838192100691200870e-01,2.164744686146851949e-01,-1.179461235567838412e-01,-1.897109959713978167e-01,1.362649873870192818e-01,2.498907682419972964e-01,-3.479856445044947431e-03,1.396691129714448532e-01
3.872218886158625417e-01,4.526766580589967615e-01,2.534190851642616482e-01,1.481751337495841314e-01,1.835220747386201723e-01,-1.265619235237907050e-02,1.523750554463313700e-01,-1.432907493720620984e-01,1.374961966061445107e-01,5.999444180418487260e-01,4.586801824312403686e-01,3.175746250012054794e-01,1.367334127371692687e-01,2.102090529360201854e-01,2.318496494278562692e-01,6.175364537802815468e-01,5.454047690981292940e-01,2.783740188653104353e-01,3.420181689055332708e-01,4.345623393613124441e-01,3.912568863968248212e-01,2.501480139787587986e-01,1.000000000000000000e+00,6.300829097061835249e-01,6.644798932465675323e-01,2.047346955192975992e-01,2.771026603803680710e-01,2.460085702734148283e-01,-2.208193665376671500e-01,3.854462968436498937e-01,-2.344442776813281809e-02,4.995618748797321929e-01,3.235837955898196450e-01,3.107755348911288018e-01,-3.124633139345617816e-01,5.386400393762273975e-01,1.614035695786509017e-01,2.948267412696017886e-01,2.093594227129624008e-01
2.461297169703198506e-01,3.682798147823282964e-01,2.552310089605051013e-01,1.481483786530988535e-02,1.605877599045604787e-01,1.798735096475134743e-01,1.979624278487188693e-01,-1.315670323963882837e-01,1.435324276642710450e-01,5.327114040884574075e-01,5.480483192833561779e-01,1.833086235840782896e-01,-2.117761578348555801e-02,2.622565767809692527e-01,4.069508403543829755e-02,5.411880417256361708e-01,4.375493839959669895e-01,1.375884349286450592e-01,2.222625298896196699e-01,3.755257876154234342e-01,4.849811947589545147e-01,2.314874272057804716e-01,6.300829097061835249e-01,1.000000000000000000e+00,6.549484827682343635e-01,1.329111331769106397e-01,2.320993968543307029e-01,1.665554689741371719e-01,-5.486018181642964009e-02,4.315944274839223493e-01,7.842952103559554244e-02,4.361075101860496517e-01,4.750609718690929628e-01,1.984114786038451150e-01,-1.090731196653065421e-01,5.262245364891466881e-01,1.680378735988977412e-01,1.790766127791226514e-01,1.461739645906487695e-01
3.618822772081684569e-01,4.619902258536044970e-01,2.695754457546782890e-01,5.090732286617309643e-02,2.037551801785282002e-01,3.162193240542329753e-02,1.430403626337756473e-01,-1.356728964363001222e-01,2.046252052208630545e-01,5.975605365697506111e-01,5.066339248374357451e-01,2.317282501424744456e-01,1.382504787724566364e-01,2.500252991193442909e-01,1.432900262331022190e-01,6.084237167428288018e-01,5.228075114292088932e-01,2.263585987155591894e-01,2.478284704842242669e-01,4.058519290756348874e-01,4.676336999198532074e-01,2.370784658993297100e-01,6.644798932465675323e-01,6.549484827682343635e-01,1.000000000000000000e+00,2.134132529428560410e-01,2.375298985025753595e-01,2.371631841688427444e-01,-1.352402697869930503e-01,4.185357627211423459e-01,-3.942528437502464816e-02,4.205561110326463958e-01,3.719864033038998152e-01,2.919277702588691792e-01,-2.396881559003708195e-01,5.735812285627097662e-01,1.222588604008556373e-01,2.932496750580345091e-01,2.427091334439774595e-01
5.247113239469034518e-01,4.651056788312989410e-01,4.693162145547190578e-01,-5.220578425380897197e-02,3.728627871448781939e-01,-8.467986041961847454e-02,-2.774658823755523640e-01,-3.752013883107758740e-01,4.886471690118509015e-01,2.091348892605778553e-01,9.133403193784923879e-02,1.846114106771933605e-01,-1.709061828959393056e-02,4.377789869222454833e-01,2.608088872021151472e-01,3.480329022537020367e-01,3.246834365117307053e-01,1.977992213214854744e-01,2.236960367620153267e-01,-4.390289582768035909e-02,2.297434198083799506e-01,-1.694375916813168625e-01,2.047346955192975992e-01,1.329111331769106397e-01,2.134132529428560410e-01,1.000000000000000000e+00,2.848336065620984403e-01,4.078230659895550891e-01,2.156173469779227581e-01,2.663810092656823669e-01,1.709475720708277802e-01,2.466644154316758042e-01,1.539507355531001022e-02,5.243711609748917812e-01,1.329732896922973251e-01,3.476323901893622059e-01,1.593882308001219605e-01,5.038860621702386799e-01,4.259292211632608738e-01
2.808388116735667239e-01,4.105475117074836588e-01,3.943260737827330997e-01,8.054688598403722533e-02,4.436238731592209161e-01,2.334091506987726883e-01,-1.503923169168294993e-01,-4.331669441449376712e-01,4.775210138883060895e-01,2.881163764808837846e-01,1.299810170878144822e-01,6.096466329845662280e-01,-2.628275604687309031e-01,5.283737870093633271e-01,8.864272339386108923e-02,3.667493088874551610e-01,1.442455681630074316e-01,8.788375928703665019e-02,1.959927021078067544e-01,-1.450600941433559388e-01,9.984929851128641898e-02,2.563007907656255080e-01,2.771026603803680710e-01,2.320993968543307029e-01,2.375298985025753595e-01,2.848336065620984403e-01,1.000000000000000000e+00,4.655372967732237521e-01,2.518538242290243034e-01,2.204952391778320919e-01,4.614968160523413854e-01,5.565467912671956396e-01,2.671018979181796205e-01,4.385256287312351287e-01,-2.916449079898056698e-03,3.484000687033627086e-01,5.374222344801975471e-01,2.057655040543514557e-01,5.475252384038875597e-01
4.490498638744918614e-01,3.698690932908748619e-01,5.363622840478715625e-01,-2.973054826420492430e-02,3.542039085738466486e-01,1.129001180117583658e-02,-2.639957731114330741e-01,-5.607175447990252470e-01,3.528330673789320526e-01,2.349385366315386026e-01,2.935735065305758451e-02,4.801223606706213620e-01,-1.249793368377515312e-01,4.420071509547856548e-01,3.242362603801283716e-01,3.044838367103731014e-01,2.769099369876993344e-01,1.838615520377276935e-01,2.443772023883113709e-01,-1.421909824118733623e-01,1.925010031609191985e-01,2.123446635896707874e-02,2.460085702734148283e-01,1.665554689741371719e-01,2.371631841688427444e-01,4.078230659895550891e-01,4.655372967732237521e-01,1.000000000000000000e+00,1.480183190077884181e-01,9.209141428504109828e-02,3.781072763542889237e-01,3.699518112109214107e-01,4.002900604139895263e-02,5.693779858663785554e-01,-1.999919136064060299e-01,3.563649604535047977e-01,3.994223754932544335e-01,3.628455126874093883e-01,4.532759106007542838e-01
8.985200852394016613e-02,1.299981099624868963e-01,2.144590116788091527e-01,-1.878541464119610482e-01,2.976606236846177644e-01,4.497618152365144284e-01,-1.503702103083519037e-01,-2.855978167140932333e-01,4.068337387598908728e-01,-1.629122242823944078e-01,-8.635709043410316754e-02,4.567774326700284153e-03,-3.955740225507731744e-01,4.553067560950120329e-01,-6.769370018884508788e-02,-4.185363031112954851e-02,-2.793815344707197834e-01,-1.327010479039372470e-01,-1.526597384100462085e-01,-4.065654282908184314e-01,-1.118226074789502138e-02,-8.263479859129047034e-02,-2.208193665376671500e-01,-5.486018181642964009e-02,-1.352402697869930503e-01,2.156173469779227581e-01,2.518538242290243034e-01,1.480183190077884181e-01,1.000000000000000000e+00,1.722888020927939023e-01,3.810305661298044599e-01,1.019400270289023830e-01,1.597344470171138120e-01,1.139945889230735698e-01,5.233398197772447524e-01,1.285483133355926622e-01,3.651679254863369195e-01,1.364678320554566227e-01,3.176906364425282070e-01
3.079631168892796866e-01,4.495054495103265046e-01,1.713413787497962970e-01,5.522187477473401024e-02,1.183081734010983932e-01,1.345183038033263279e-01,1.433071783026598489e-01,-4.332878875806028124e-02,3.908780115025528579e-01,4.627989969245160373e-01,1.562762210814687136e-01,1.429436181010491913e-01,-1.416043237694404877e-01,3.215621441211709564e-01,1.758137216479515319e-01,4.745290341758762742e-01,1.488840154779645930e-01,3.128370277099028485e-01,2.750447678157323383e-01,1.704368276249585978e-01,3.039098954791530915e-01,2.259905809714166103e-02,3.854462968436498937e-01,4.315944274839223493e-01,4.185357627211423459e-01,2.663810092656823669e-01,2.204952391778320919e-01,9.209141428504109828e-02,1.722888020927939023e-01,1.000000000000000000e+00,1.317499094799267911e-01,4.257254230442482634e-01,2.950508339953543113e-01,2.465162506824853661e-01,1.878176274088473319e-01,4.857059192213767362e-01,3.075482917858834986e-01,2.370473068740688860e-01,1.821204596666487485e-01
-2.079891763379775049e-02,6.719171653381510179e-02,4.720923401389775509e-01,-1.712771704562896791e-01,2.842677085707295825e-01,2.826683903935319209e-01,-2.008236099019168053e-01,-4.871172927535169506e-01,3.531418299385978843e-01,-5.361027022715250667e-02,2.600048027370339271e-02,3.531698725005436024e-01,-5.893330783710709619e-01,4.608315810349986053e-01,-1.263106427849349234e-01,-8.411514309564072436e-03,-9.869097625613408586e-02,-1.689070265440950347e-01,6.052821790755766318e-02,-2.505732640490819785e-01,9.639450100086122131e-02,-2.170525017767760759e-02,-2.344442776813281809e-02,7.842952103559554244e-02,-3.942528437502464816e-02,1.709475720708277802e-01,4.614968160523413854e-01,3.781072763542889237e-01,3.810305661298044599e-01,1.317499094799267911e-01,1.000000000000000000e+00,2.489442832928141780e-01,2.689830550431418499e-01,2.904084048032522514e-01,2.660965387497893908e-01,1.661204003291470999e-01,4.538637177577634629e-01,-2.232250759319404435e-02,2.685327329729680912e-01
4.317641535361108063e-01,5.523471083963363837e-01,2.598644408877757161e-01,1.979615154792580545e-01,3.044051875718180034e-01,1.681169325184568297e-01,2.122792232828088835e-02,-2.710426218310831858e-01,3.452174900477764097e-01,5.300623238219228650e-01,1.798034297867086573e-01,5.086135198387148337e-01,-1.469642567254025589e-01,4.197825914340980735e-01,2.848550179856043085e-01,5.673112324850478894e-01,2.816770240613110654e-01,3.004029753456657348e-01,3.547741426893162853e-01,1.133477838970110008e-01,1.607246829972205360e-01,2.838192100691200870e-01,4.995618748797321929e-01,4.361075101860496517e-01,4.205561110326463958e-01,2.466644154316758042e-01,5.565467912671956396e-01,3.699518112109214107e-01,1.019400270289023830e-01,4.257254230442482634e-01,2.489442832928141780e-01,1.000000000000000000e+00,2.429727344006214762e-01,4.199406074080432871e-01,-1.031369304647228868e-01,4.890070848237391687e-01,5.322981777122296476e-01,2.838398278987487866e-01,3.996734808886250878e-01
-6.776178660061689396e-02,8.912788545089454784e-02,2.311392280080516726e-01,-1.105775802890842652e-01,9.438370610916141379e-02,3.989493983232697549e-01,2.123306709645946533e-01,-5.205884905878111618e-02,1.416706012238625745e-01,1.730271173691612929e-01,4.368028667296460221e-01,1.362588419706092790e-01,-1.897397014249253000e-01,2.390881747417065439e-01,-2.524592759324519875e-01,2.327248597749367598e-01,1.108061073517516287e-01,-5.860900780355713519e-02,-2.477621365894297836e-02,1.383666054027088976e-01,5.083757920941804898e-01,2.164744686146851949e-01,3.235837955898196450e-01,4.750609718690929628e-01,3.719864033038998152e-01,1.539507355531001022e-02,2.671018979181796205e-01,4.002900604139895263e-02,1.597344470171138120e-01,2.950508339953543113e-01,2.689830550431418499e-01,2.429727344006214762e-01,1.000000000000000000e+00,-3.862893728767000795e-02,2.194838170349631412e-01,3.072430743836516154e-01,2.004148192155443264e-01,-4.853363126051815635e-02,9.377383099607775052e-02
5.074220343215767315e-01,4.938125419138180150e-01,5.604556519872271325e-01,5.509049141683750733e-02,4.568387925929522364e-01,-1.586026510823458635e-01,-3.306145410167029564e-01,-4.992451491626028193e-01,4.845114873165348723e-01,3.451353611946090805e-01,6.605366945262514111e-02,4.804099035944856544e-01,-9.270603081331443840e-02,5.016533366929130100e-01,3.405199317262881942e-01,4.245477860169559747e-01,3.330663565843133833e-01,3.123363818375317624e-01,4.170357817403842482e-01,2.810281481033828285e-02,1.501318768700944106e-01,-1.179461235567838412e-01,3.107755348911288018e-01,1.984114786038451150e-01,2.919277702588691792e-01,5.243711609748917812e-01,4.385256287312351287e-01,5.693779858663785554e-01,1.139945889230735698e-01,2.465162506824853661e-01,2.904084048032522514e-01,4.199406074080432871e-01,-3.862893728767000795e-02,1.000000000000000000e+00,-1.205966557740978384e-01,4.417800836029916467e-01,2.992149719500096228e-01,3.840122036288017848e-01,4.794083342336222797e-01
-1.881845242585321876e-01,-7.319419714167009483e-02,5.873411576516023025e-02,-2.057384327307914262e-01,5.498037724862463171e-02,3.278072387761634121e-01,-8.182219718704085085e-03,1.409295924289092304e-02,2.431191874101919781e-01,-2.695122288789073561e-01,-8.023965433369015243e-02,-2.393096249945680931e-01,-3.564274764988620836e-01,2.124585491785779545e-01,-2.804229630311683152e-01,-1.934917286288066474e-01,-3.687002973864884070e-01,-1.750577465702166102e-01,-1.836746774713396979e-01,-2.656409015229647119e-01,4.975714671693677593e-02,-1.897109959713978167e-01,-3.124633139345617816e-01,-1.090731196653065421e-01,-2.396881559003708195e-01,1.329732896922973251e-01,-2.916449079898056698e-03,-1.999919136064060299e-01,5.233398197772447524e-01,1.878176274088473319e-01,2.660965387497893908e-01,-1.031369304647228868e-01,2.194838170349631412e-01,-1.205966557740978384e-01,1.000000000000000000e+00,-5.650895425224759794e-02,1.115976883134985609e-01,-8.702377670966468526e-02,7.393650153582286520e-03
4.226666575747001220e-01,4.878493452364268124e-01,4.191018492803697537e-01,6.638160785717196755e-02,3.141421360775513150e-01,1.082773768941566878e-01,3.663012368452150253e-02,-3.375977302663633606e-01,4.099382143384386334e-01,4.914187014486134930e-01,3.188789721831189472e-01,3.093374664839830812e-01,-6.770349094523607503e-02,4.412910350953219707e-01,2.422812222459903020e-01,5.346752568118582349e-01,3.507312261598224956e-01,2.225996429099315332e-01,2.137144329950191324e-01,1.938405766543505604e-01,3.499337909024493598e-01,1.362649873870192818e-01,5.386400393762273975e-01,5.262245364891466881e-01,5.735812285627097662e-01,3.476323901893622059e-01,3.484000687033627086e-01,3.563649604535047977e-01,1.285483133355926622e-01,4.857059192213767362e-01,1.661204003291470999e-01,4.890070848237391687e-01,3.072430743836516154e-01,4.417800836029916467e-01,-5.650895425224759794e-02,1.000000000000000000e+00,3.548824810168840771e-01,4.150981302899370284e-01,4.290135697403396620e-01
2.189596276723390356e-01,3.130234138758693496e-01,2.448897964646982450e-01,9.520305337365379816e-02,2.612144864935702637e-01,3.501930026112050065e-01,-2.026507713669539745e-02,-3.734584803354027427e-01,3.568012150541323146e-01,2.280639737687033264e-01,-1.186280305365397525e-01,4.471543207554589117e-01,-3.850255420086725056e-01,4.605464015089860697e-01,1.852364158125406890e-01,2.408025014692453114e-01,-1.093187227475141410e-01,1.314112223329575169e-01,1.503166105484272930e-01,-2.331023150124392207e-01,-7.155903750125599573e-04,2.498907682419972964e-01,1.614035695786509017e-01,1.680378735988977412e-01,1.222588604008556373e-01,1.593882308001219605e-01,5.374222344801975471e-01,3.994223754932544335e-01,3.651679254863369195e-01,3.075482917858834986e-01,4.538637177577634629e-01,5.322981777122296476e-01,2.004148192155443264e-01,2.992149719500096228e-01,1.115976883134985609e-01,3.548824810168840771e-01,1.000000000000000000e+00,1.407627413360642288e-01,3.959277730888928759e-01
6.174397055850273652e-01,5.028440088457508672e-01,2.829235810716305144e-01,-4.007390312036777230e-02,2.241042363660177561e-01,-5.147950505330500109e-02,-1.461928665304829955e-01,-2.646766932269108974e-01,3.744222080440792744e-01,2.543101511249475366e-01,1.355641433451893196e-01,1.245299508891130197e-01,1.350137363905697385e-01,2.859967300989774142e-01,4.360078516819378414e-01,3.692828042863098847e-01,4.026680468735797658e-01,1.169707214683233659e-01,4.127629412385235702e-02,2.526141938326670333e-02,1.795929467280251157e-01,-3.479856445044947431e-03,2.948267412696017886e-01,1.790766127791226514e-01,2.932496750580345091e-01,5.038860621702386799e-01,2.057655040543514557e-01,3.628455126874093883e-01,1.364678320554566227e-01,2.370473068740688860e-01,-2.232250759319404435e-02,2.838398278987487866e-01,-4.853363126051815635e-02,3.840122036288017848e-01,-8.702377670966468526e-02,4.150981302899370284e-01,1.407627413360642288e-01,1.000000000000000000e+00,4.562857317846490957e-01
4.201588823423274555e-01,4.559814755593724067e-01,4.091992867749918439e-01,-5.211936965359690102e-03,4.888003450983827158e-01,1.427747678051065894e-01,-2.696982552423956569e-01,-4.701729007507517988e-01,5.664901155842536618e-01,2.279399504271402144e-01,1.168624112536684329e-01,4.192082939857115220e-01,-1.061693728149548654e-01,5.304346036727165536e-01,1.873940076454112535e-01,3.219621407588263984e-01,1.836919421269188613e-01,3.019719179482513449e-02,2.538466288540495996e-02,-1.807659986878167868e-01,5.705482874900390244e-02,1.396691129714448532e-01,2.093594227129624008e-01,1.461739645906487695e-01,2.427091334439774595e-01,4.259292211632608738e-01,5.475252384038875597e-01,4.532759106007542838e-01,3.176906364425282070e-01,1.821204596666487485e-01,2.685327329729680912e-01,3.996734808886250878e-01,9.377383099607775052e-02,4.794083342336222797e-01,7.393650153582286520e-03,4.290135697403396620e-01,3.959277730888928759e-01,4.562857317846490957e-01,1.000000000000000000e+00
