1.000000000000000000e+00,-5.739532999003964520e-01,5.428653045004555588e-01,8.155150470697162257e-01,5.418026196153237217e-01,-7.330980663332957725e-01,-7.852225866020439149e-01,1.103171699146707069e-01,8.507946295663603165e-01,-5.184343873787973234e-01,-7.829252350843722841e-01,5.217953273018396398e-01,7.625936223707996398e-01,3.926760993530180044e-01,7.898993780514559360e-01,-3.949064373501182112e-01,3.314062060802930310e-01,8.578635310009455894e-01,8.394644124149801545e-01,7.592259692550040739e-01,-5.743768108680490370e-01,-7.898303590036227506e-01,-1.938180565631505634e-02,2.015347460021802706e-01,5.929776421603596415e-01,-5.197440154526335176e-02,-8.446883430353108180e-01,4.414900848624201957e-01,4.585394676114615264e-01,4.759007563425883824e-01,-8.196380233359646938e-01,-7.371170856349206213e-01,-6.926374579941745324e-01,6.591069375212929016e-01,-7.382651441547787297e-01,-6.195465547717686761e-01,-6.916015448323148407e-01,8.921366963574267617e-01,3.237714969173600688e-01
-5.739532999003964520e-01,1.000000000000000000e+00,-2.526660249091995936e-01,-8.313442776930314304e-01,-1.814798450114095685e-01,8.143587737518978020e-01,7.442137899550483882e-01,-5.190182054247809429e-01,-7.601033048266828684e-01,8.622349689541120021e-01,8.565647724762454063e-01,-7.218262165132967034e-01,-6.545950023432914877e-01,7.997005704620345490e-02,-7.738897345501843938e-01,8.063487344524215006e-01,1.501843898627664153e-01,-7.986325600977119965e-01,-7.996773376564624281e-01,-7.398058112734009484e-01,6.827073945747013095e-01,7.616143919374485094e-01,4.879650754424907366e-01,2.488692113891005087e-01,-1.577779857804096908e-01,5.586866060718030935e-01,8.133095537892036653e-01,3.948263174003140835e-02,2.106100119010811678e-01,1.283776757197764018e-01,8.227162299642430954e-01,8.440040100628185549e-01,7.745240529171751875e-01,-7.090871124722359919e-01,8.592715734978444431e-01,8.750303946459465632e-01,8.489488074841712306e-01,-7.692959877610853203e-01,-3.190631099272112636e-01
5.428653045004555588e-01,-2.526660249091995936e-01,1.000000000000000000e+00,4.487197222521893680e-01,8.547943805583332333e-01,-4.112205256543601251e-01,-3.484485676719231151e-01,-2.129433513798979494e-01,5.803773894939920908e-01,-8.010698352421646851e-02,-4.508823833180925500e-01,5.029416486236627515e-01,2.417926344711842923e-01,5.527787359253543142e-01,5.368859518511345241e-01,7.218854631497276242e-02,1.375390908569645333e-02,5.528238398855489510e-01,5.526994181532826067e-01,5.831546852485417487e-01,-4.805231997419910639e-03,-2.059746611277617767e-01,2.437534975690119343e-01,3.364739891062864530e-01,5.470456788954266569e-01,2.642746687478311207e-01,-3.409963073552640944e-01,6.143982975595523310e-01,3.500369542407572587e-01,6.681079827498872525e-01,-2.972779589930917843e-01,-2.954199546912173457e-01,-1.038092489863896156e-01,5.135280743130196113e-01,-3.322360669503061081e-01,-2.685396574865458463e-01,-2.943007353329266107e-01,5.868992164602263584e-01,6.086498930785200212e-01
8.155150470697162257e-01,-8.313442776930314304e-01,4.487197222521893680e-01,1.000000000000000000e+00,4.038834415335349481e-01,-9.040885758941468175e-01,-7.952348474304997694e-01,3.928302918218625761e-01,9.163933467158880131e-01,-7.898555531738221669e-01,-9.246843324540428011e-01,7.698783763121855861e-01,7.858973407895313290e-01,1.616068377589887917e-01,8.602578607033632974e-01,-6.771920729295108909e-01,2.946678146616067695e-02,9.285122835987046352e-01,9.217587913394431620e-01,8.774079889326891202e-01,-7.156878032465433526e-01,-8.550707173100066116e-01,-2.660601488121009939e-01,-7.247944377093816504e-02,4.173137284248397139e-01,-4.413209327770503121e-01,-9.092957239572347916e-01,1.556233660300025967e-01,1.379951692132912189e-02,1.792285337080832819e-01,-9.167076828721431037e-01,-8.756568734027925238e-01,-8.405222041566406954e-01,8.273683281934459677e-01,-9.161744762646135687e-01,-8.450053217594448718e-01,-8.711086950146808006e-01,9.138556973993542387e-01,4.469074714964116901e-01
5.418026196153237217e-01,-1.814798450114095685e-01,8.547943805583332333e-01,4.038834415335349481e-01,1.000000000000000000e+00,-4.317984271118878170e-01,-3.501467609375259471e-01,-3.288281222895194089e-01,5.901917083753491777e-01,-7.941585513688217968e-02,-4.022800997858362870e-01,4.953635713433299781e-01,2.656404962754963517e-01,7.430254030369350948e-01,4.966920277401172812e-01,1.218901665959919584e-01,1.519237795480789799e-01,5.237953808226908370e-01,5.501571250619164966e-01,4.748057512760537890e-01,-1.563560960461591598e-01,-2.759106061124663167e-01,3.185195698832135047e-01,3.587905380589574977e-01,5.612745476684115609e-01,1.847012885515949276e-01,-3.327250531452762283e-01,4.517413755965241640e-01,3.595584230193357156e-01,5.950314512737903128e-01,-3.034334616035714860e-01,-2.804870571030713133e-01,-1.178130249206977148e-01,5.326972901628934665e-01,-3.435914838433857255e-01,-2.695080647483504843e-01,-3.170587314445590943e-01,5.608933396292107298e-01,6.977696695798126791e-01
-7.330980663332957725e-01,8.143587737518978020e-01,-4.112205256543601251e-01,-9.040885758941468175e-01,-4.317984271118878170e-01,1.000000000000000000e+00,7.484718894330074646e-01,-3.201837067595103559e-01,-8.998419509013148021e-01,8.305977784005407205e-01,9.132759332138032926e-01,-8.119371170096533197e-01,-7.570107392719724881e-01,-1.905957523950167765e-01,-8.651300902650725932e-01,6.716613013031257351e-01,2.684028528011635564e-02,-8.811748707058332242e-01,-8.907918183176829485e-01,-8.162806946948398812e-01,7.574255504246817372e-01,8.237092594128599954e-01,2.355276241022672412e-01,8.696718585648986755e-02,-3.673819263086709475e-01,5.259480511714642592e-01,8.567631955934608134e-01,-3.347388898265386825e-02,1.378148708759232288e-01,-9.007250965982870061e-02,8.804627031622414002e-01,8.837188318306700152e-01,8.267690419578679339e-01,-8.526819825201615854e-01,9.372863803307390773e-01,8.930941204335708372e-01,9.152988443724744405e-01,-8.690667445604632890e-01,-5.587555515051222388e-01
-7.852225866020439149e-01,7.442137899550483882e-01,-3.484485676719231151e-01,-7.952348474304997694e-01,-3.501467609375259471e-01,7.484718894330074646e-01,1.000000000000000000e+00,-1.719915416073707626e-01,-7.971014352187081320e-01,6.666634455950959381e-01,7.570328807727215725e-01,-5.650391421619510579e-01,-7.765804576619970145e-01,-2.159489988329757193e-01,-7.178752467969173878e-01,5.786332857221588855e-01,-2.651994433561409292e-01,-7.988084141487655776e-01,-8.014155987448960961e-01,-6.465615182434224506e-01,6.622843112409357857e-01,8.018537557376788083e-01,1.647539000942024323e-01,-9.730576334862346688e-02,-4.012822767511061151e-01,2.476468968544750238e-01,8.225388167462297506e-01,-1.778711624511725986e-01,-2.082223555488099398e-01,-1.449264107540696456e-01,8.172323593801786856e-01,7.741222266333509516e-01,7.142146559531279415e-01,-6.472223494010356237e-01,7.733580882681858615e-01,7.241732593398618745e-01,7.469164067818339081e-01,-8.271345539744819897e-01,-3.133787458648857882e-01
1.103171699146707069e-01,-5.190182054247809429e-01,-2.129433513798979494e-01,3.928302918218625761e-01,-3.288281222895194089e-01,-3.201837067595103559e-01,-1.719915416073707626e-01,1.000000000000000000e+00,2.638005435445306968e-01,-4.716466780256675095e-01,-4.466613107007688654e-01,4.343090330060432325e-01,2.056214257071516949e-01,-4.325759304183574572e-01,3.414967126054505031e-01,-5.178901018136418122e-01,-4.666774542109211055e-01,3.393490726685550740e-01,2.909800804335289093e-01,4.516566530291805104e-01,-2.828515914002840970e-01,-3.148602070229861161e-01,-4.710941616849853020e-01,-3.892481753235204622e-01,-1.882700499542704423e-02,-5.318177141682149944e-01,-3.378998359521332984e-01,-1.900185190619124997e-01,-4.013353535908241732e-01,-2.103137857181338055e-01,-3.827830443674097305e-01,-3.404623744690679632e-01,-4.536163011918784016e-01,3.650614041005093013e-01,-3.997257788208667395e-01,-4.147803052414765212e-01,-3.564023652093792349e-01,2.584701848335173580e-01,-3.041142125146310826e-02
8.507946295663603165e-01,-7.601033048266828684e-01,5.803773894939920908e-01,9.163933467158880131e-01,5.901917083753491777e-01,-8.998419509013148021e-01,-7.971014352187081320e-01,2.638005435445306968e-01,1.000000000000000000e+00,-7.099735415438689357e-01,-9.001714467458854507e-01,8.163791029996335658e-01,7.608994428722977155e-01,3.591877947268927729e-01,8.862916877912515590e-01,-5.475513151151203406e-01,8.105989437969814138e-02,9.457738547247726002e-01,9.501072677338570083e-01,8.663065185830571835e-01,-7.048857968251420747e-01,-8.339356981355121601e-01,-9.836682680156098868e-02,5.302593301796797859e-02,5.547578283523149079e-01,-3.582345485142160446e-01,-8.718887567253990056e-01,1.995982627174740509e-01,1.006331542457363643e-01,3.080576414541661423e-01,-8.817978097580750907e-01,-8.313591553211145957e-01,-7.772093061270024528e-01,8.828140583729046087e-01,-8.912068194231625995e-01,-8.167947718677297519e-01,-8.508899942163147267e-01,9.408037544367801042e-01,5.982954892705154570e-01
-5.184343873787973234e-01,8.622349689541120021e-01,-8.010698352421646851e-02,-7.898555531738221669e-01,-7.941585513688217968e-02,8.305977784005407205e-01,6.666634455950959381e-01,-4.716466780256675095e-01,-7.099735415438689357e-01,1.000000000000000000e+00,8.047024042246634368e-01,-6.682901255035732513e-01,-6.896496574013141201e-01,1.119517388969806237e-01,-7.285751048860946710e-01,8.945373679340866691e-01,1.118297153476987410e-01,-7.242472543990953193e-01,-7.295030208511990022e-01,-6.482580259310450899e-01,7.668126149191765162e-01,7.725375293976489699e-01,4.929881802034571936e-01,3.061998198272068428e-01,-5.594530816796366296e-02,6.803001457611175251e-01,7.823405273445097619e-01,1.985731403677970242e-01,3.350876079834401167e-01,2.881207468510650904e-01,8.120507360841765498e-01,8.370620013944434223e-01,8.070220686608374772e-01,-6.905649589961374568e-01,8.661087793334938389e-01,9.002468463862347559e-01,8.596591667196606945e-01,-6.830392809975526225e-01,-2.764142626692733806e-01
-7.829252350843722841e-01,8.565647724762454063e-01,-4.508823833180925500e-01,-9.246843324540428011e-01,-4.022800997858362870e-01,9.132759332138032926e-01,7.570328807727215725e-01,-4.466613107007688654e-01,-9.001714467458854507e-01,8.047024042246634368e-01,1.000000000000000000e+00,-7.983691455412449400e-01,-7.433426208017399617e-01,-1.316131752807564170e-01,-8.976042932505361449e-01,6.769938530221204509e-01,1.168429688525506743e-01,-9.186526286482257220e-01,-9.073863754897778522e-01,-8.840630040792938349e-01,6.821138387700776962e-01,8.153126313576024575e-01,3.273433752947271236e-01,1.226167331867809990e-01,-3.701476764399838082e-01,4.458566338548616836e-01,8.887817997223148581e-01,-1.664214555757740910e-01,4.092466154287194985e-02,-1.669754313184079186e-01,8.941685485663307675e-01,8.778938773280456909e-01,8.237537402655363827e-01,-8.281749460210262592e-01,9.160258342360911854e-01,8.645230466769162625e-01,8.770858423187629649e-01,-9.039829195052393462e-01,-4.557293266056364756e-01
5.217953273018396398e-01,-7.218262165132967034e-01,5.029416486236627515e-01,7.698783763121855861e-01,4.953635713433299781e-01,-8.119371170096533197e-01,-5.650391421619510579e-01,4.343090330060432325e-01,8.163791029996335658e-01,-6.682901255035732513e-01,-7.983691455412449400e-01,1.000000000000000000e+00,4.965414775555960780e-01,2.183630273403481814e-01,7.545461421527328572e-01,-4.864661889577700515e-01,-3.037772133059097324e-01,7.894300865113953458e-01,7.990768741657752194e-01,7.971625090828501348e-01,-5.610983072188536758e-01,-5.927494571675505641e-01,-1.227199243524347144e-01,-7.553726280092235013e-02,4.146609666832773988e-01,-5.023129676759492401e-01,-6.234598091040097767e-01,-1.104544337179923404e-02,-2.701673760874471752e-01,1.194218253842371513e-01,-6.731296786436735680e-01,-6.588019038837789054e-01,-6.195098065165872692e-01,8.976369629017234564e-01,-7.802685127861865855e-01,-7.666565085103063115e-01,-7.424874449334406545e-01,7.523754262220386790e-01,7.670651550499000271e-01
7.625936223707996398e-01,-6.545950023432914877e-01,2.417926344711842923e-01,7.858973407895313290e-01,2.656404962754963517e-01,-7.570107392719724881e-01,-7.765804576619970145e-01,2.056214257071516949e-01,7.608994428722977155e-01,-6.896496574013141201e-01,-7.433426208017399617e-01,4.965414775555960780e-01,1.000000000000000000e+00,2.263634816340761857e-01,7.165410317408563712e-01,-6.060629351312422086e-01,2.438033997153228882e-01,7.712405350264768256e-01,7.629389157958098577e-01,6.193787534473936818e-01,-7.409045229241068009e-01,-8.398280014665004956e-01,-1.245991657860510138e-01,4.991396024330885250e-02,4.050346471949489158e-01,-4.084232701230743334e-01,-8.344694677535819949e-01,9.883117570622380887e-02,1.237306592317174575e-01,1.197059765705282275e-01,-8.508572593607067747e-01,-7.429034657429535171e-01,-7.869653211606607579e-01,6.535105052372631729e-01,-7.895717823618788600e-01,-7.140423140318321593e-01,-7.320374174032006076e-01,7.585851229150885056e-01,2.120471841617301845e-01
3.926760993530180044e-01,7.997005704620345490e-02,5.527787359253543142e-01,1.616068377589887917e-01,7.430254030369350948e-01,-1.905957523950167765e-01,-2.159489988329757193e-01,-4.325759304183574572e-01,3.591877947268927729e-01,1.119517388969806237e-01,-1.316131752807564170e-01,2.183630273403481814e-01,2.263634816340761857e-01,1.000000000000000000e+00,2.225474407991862302e-01,2.663840786387657311e-01,2.900060748947128619e-01,2.818341571180263960e-01,3.102994321634667263e-01,1.479555889358383225e-01,-1.417061291992890992e-01,-1.887193608541776479e-01,5.077647100703592820e-01,5.310029471402353263e-01,5.587384418906818917e-01,2.224368412478346935e-01,-1.477973268795687023e-01,2.801941829203758449e-01,4.503416118175533334e-01,4.860406907166179291e-01,-1.429319098711202274e-01,5.416796493931342639e-03,4.371743477157417727e-03,3.252392438646345973e-01,-1.175284359793470901e-01,-3.200890051377867224e-02,-4.291093921912270126e-02,3.135196027624719273e-01,4.571162623639387079e-01
7.898993780514559360e-01,-7.738897345501843938e-01,5.368859518511345241e-01,8.602578607033632974e-01,4.966920277401172812e-01,-8.651300902650725932e-01,-7.178752467969173878e-01,3.414967126054505031e-01,8.862916877912515590e-01,-7.285751048860946710e-01,-8.976042932505361449e-01,7.545461421527328572e-01,7.165410317408563712e-01,2.225474407991862302e-01,1.000000000000000000e+00,-5.898877721067044000e-01,-4.006919259614394324e-02,8.903058531121277319e-01,8.796825669420813565e-01,8.701365311080899723e-01,-6.226112154785691244e-01,-7.629033073235214069e-01,-1.971345955381443027e-01,-9.810734613523624040e-03,4.412056235318851383e-01,-3.439713465949483240e-01,-8.344265582543418658e-01,2.287429831979241046e-01,3.705434714743043034e-02,2.626639305807587643e-01,-8.369162050935176067e-01,-8.241832660044582370e-01,-7.352774837108572159e-01,8.274154317183519680e-01,-8.580163341906427155e-01,-8.253588907220986703e-01,-8.320862039697970447e-01,8.819171118613896576e-01,4.789919789454269439e-01
-3.949064373501182112e-01,8.063487344524215006e-01,7.218854631497276242e-02,-6.771920729295108909e-01,1.218901665959919584e-01,6.716613013031257351e-01,5.786332857221588855e-01,-5.178901018136418122e-01,-5.475513151151203406e-01,8.945373679340866691e-01,6.769938530221204509e-01,-4.864661889577700515e-01,-6.060629351312422086e-01,2.663840786387657311e-01,-5.898877721067044000e-01,1.000000000000000000e+00,1.295992666418354644e-01,-5.899228153213512682e-01,-5.848994646532352792e-01,-5.248087642554607468e-01,6.678408557152559766e-01,6.821715336335574253e-01,6.188617888458136651e-01,4.099019217880703891e-01,7.659870715044592160e-02,6.568540712332004983e-01,6.992672744346508651e-01,2.222225239645299610e-01,3.444442022041114826e-01,3.761899997837438447e-01,7.145772477135089451e-01,7.522082509758798441e-01,7.263452476608157626e-01,-5.162465913105013238e-01,7.312191850670707316e-01,7.929693512602113969e-01,7.410588334028048729e-01,-5.352785736126134397e-01,-4.165532840189081765e-02
3.314062060802930310e-01,1.501843898627664153e-01,1.375390908569645333e-02,2.946678146616067695e-02,1.519237795480789799e-01,2.684028528011635564e-02,-2.651994433561409292e-01,-4.666774542109211055e-01,8.105989437969814138e-02,1.118297153476987410e-01,1.168429688525506743e-01,-3.037772133059097324e-01,2.438033997153228882e-01,2.900060748947128619e-01,-4.006919259614394324e-02,1.295992666418354644e-01,1.000000000000000000e+00,6.091615444573297844e-02,7.217078312046740218e-02,-1.299732159449371593e-01,-1.942509102612264560e-01,-2.476571781077602785e-01,3.597715280616854971e-01,4.281143805751593256e-01,3.044716012306680764e-01,2.642460126846190582e-01,-1.765093484601916451e-01,1.537102327331235641e-01,5.754723287649090580e-01,2.042459318604595564e-01,-1.376434925304633461e-01,-8.100064138446025352e-02,-6.994163323488369888e-02,-1.241655263390165354e-01,-1.937016797276498031e-02,7.546643580923814709e-02,-4.488321438404097724e-02,1.189763228027364977e-01,-1.673003591943228174e-01
8.578635310009455894e-01,-7.986325600977119965e-01,5.528238398855489510e-01,9.285122835987046352e-01,5.237953808226908370e-01,-8.811748707058332242e-01,-7.988084141487655776e-01,3.393490726685550740e-01,9.457738547247726002e-01,-7.242472543990953193e-01,-9.186526286482257220e-01,7.894300865113953458e-01,7.712405350264768256e-01,2.818341571180263960e-01,8.903058531121277319e-01,-5.899228153213512682e-01,6.091615444573297844e-02,1.000000000000000000e+00,9.527791004155296006e-01,8.840106333818255058e-01,-6.997843887650737615e-01,-8.488134237385362990e-01,-1.646690296409791809e-01,1.320229242512804824e-02,5.221685721101091415e-01,-3.603057976635450355e-01,-8.981894898574003250e-01,2.250145960021076308e-01,1.133536717335260763e-01,2.915282968511310191e-01,-9.037537752487440068e-01,-8.498997599659411373e-01,-8.047556310906802679e-01,8.464380266561855048e-01,-8.954453582553171254e-01,-8.138503179633197471e-01,-8.529306818379732702e-01,9.465582919619368596e-01,5.088248824529992831e-01
8.394644124149801545e-01,-7.996773376564624281e-01,5.526994181532826067e-01,9.217587913394431620e-01,5.501571250619164966e-01,-8.907918183176829485e-01,-8.014155987448960961e-01,2.909800804335289093e-01,9.501072677338570083e-01,-7.295030208511990022e-01,-9.073863754897778522e-01,7.990768741657752194e-01,7.629389157958098577e-01,3.102994321634667263e-01,8.796825669420813565e-01,-5.848994646532352792e-01,7.217078312046740218e-02,9.527791004155296006e-01,1.000000000000000000e+00,8.560665978764557815e-01,-7.348912312906292765e-01,-8.596479876438554157e-01,-1.507496033471713570e-01,-3.782047937090325228e-03,5.171126090697402145e-01,-3.942796141126126419e-01,-8.953175782572607710e-01,1.611648555790125836e-01,8.548589734786597727e-02,2.646338520031368824e-01,-9.022167983014465209e-01,-8.510757630964409515e-01,-8.027810790217996262e-01,8.498566003350693787e-01,-9.017381880912330727e-01,-8.253088720980860105e-01,-8.648208423797331124e-01,9.399974459508165792e-01,5.528241571100547258e-01
7.592259692550040739e-01,-7.398058112734009484e-01,5.831546852485417487e-01,8.774079889326891202e-01,4.748057512760537890e-01,-8.162806946948398812e-01,-6.465615182434224506e-01,4.516566530291805104e-01,8.663065185830571835e-01,-6.482580259310450899e-01,-8.840630040792938349e-01,7.971625090828501348e-01,6.193787534473936818e-01,1.479555889358383225e-01,8.701365311080899723e-01,-5.248087642554607468e-01,-1.299732159449371593e-01,8.840106333818255058e-01,8.560665978764557815e-01,1.000000000000000000e+00,-4.951154331130952491e-01,-6.774130638402451332e-01,-1.979106228198796724e-01,-3.455019135879216358e-02,4.764956404898407771e-01,-2.956495147486767894e-01,-7.845197504148903045e-01,3.205288869534793084e-01,3.324449511652750877e-02,3.362203345530921927e-01,-7.846694204524626848e-01,-7.711862454429725400e-01,-6.877804294857126077e-01,8.250710785468021724e-01,-8.049955236494126254e-01,-7.451507393570977467e-01,-7.676885607463993511e-01,8.706839849548271282e-01,5.058447040936209227e-01
-5.743768108680490370e-01,6.827073945747013095e-01,-4.805231997419910639e-03,-7.156878032465433526e-01,-1.563560960461591598e-01,7.574255504246817372e-01,6.622843112409357857e-01,-2.828515914002840970e-01,-7.048857968251420747e-01,7.668126149191765162e-01,6.821138387700776962e-01,-5.610983072188536758e-01,-7.409045229241068009e-01,-1.417061291992890992e-01,-6.226112154785691244e-01,6.678408557152559766e-01,-1.942509102612264560e-01,-6.997843887650737615e-01,-7.348912312906292765e-01,-4.951154331130952491e-01,1.000000000000000000e+00,8.951035386479911926e-01,2.031391243428665450e-01,1.559056732343056528e-01,-2.740883666064838353e-01,7.067780348589699502e-01,7.819441750732192276e-01,3.760067927993202552e-01,1.593693456478660619e-01,1.658180437558097742e-01,8.343073729916876680e-01,7.497907199314846061e-01,8.586317586877149077e-01,-6.423987591609974235e-01,8.169274947225649841e-01,7.594519363849875360e-01,8.030886542710873321e-01,-6.543083943331058361e-01,-3.127764727040133752e-01
-7.898303590036227506e-01,7.616143919374485094e-01,-2.059746611277617767e-01,-8.550707173100066116e-01,-2.759106061124663167e-01,8.237092594128599954e-01,8.018537557376788083e-01,-3.148602070229861161e-01,-8.339356981355121601e-01,7.725375293976489699e-01,8.153126313576024575e-01,-5.927494571675505641e-01,-8.398280014665004956e-01,-1.887193608541776479e-01,-7.629033073235214069e-01,6.821715336335574253e-01,-2.476571781077602785e-01,-8.488134237385362990e-01,-8.596479876438554157e-01,-6.774130638402451332e-01,8.951035386479911926e-01,1.000000000000000000e+00,2.297429836441400031e-01,7.127089819996422493e-02,-3.980928150052753245e-01,5.340534817008698587e-01,9.180879552397180898e-01,6.833306470047832704e-02,-6.610128921037698724e-02,-5.415351501997110045e-02,9.379263675925364474e-01,8.469525529895796101e-01,9.022780986975476036e-01,-7.031010952386622659e-01,8.835402756237512589e-01,7.946749913202474369e-01,8.514070558156663360e-01,-8.259121286574628851e-01,-2.836158571721835164e-01
-1.938180565631505634e-02,4.879650754424907366e-01,2.437534975690119343e-01,-2.660601488121009939e-01,3.185195698832135047e-01,2.355276241022672412e-01,1.647539000942024323e-01,-4.710941616849853020e-01,-9.836682680156098868e-02,4.929881802034571936e-01,3.273433752947271236e-01,-1.227199243524347144e-01,-1.245991657860510138e-01,5.077647100703592820e-01,-1.971345955381443027e-01,6.188617888458136651e-01,3.597715280616854971e-01,-1.646690296409791809e-01,-1.507496033471713570e-01,-1.979106228198796724e-01,2.031391243428665450e-01,2.297429836441400031e-01,1.000000000000000000e+00,6.681243198990857168e-01,5.645744493348840987e-01,3.855810742632141963e-01,3.025336181012974746e-01,1.332028925924977070e-01,3.165911406552058827e-01,4.274188736048045167e-01,2.703016104246122597e-01,4.139680735190464089e-01,3.247743849376781289e-01,-5.031063341101590924e-02,2.932957857537322743e-01,3.392680190716185762e-01,3.364648742577130425e-01,-1.244506249946823323e-01,2.750049936085534608e-01
2.015347460021802706e-01,2.488692113891005087e-01,3.364739891062864530e-01,-7.247944377093816504e-02,3.587905380589574977e-01,8.696718585648986755e-02,-9.730576334862346688e-02,-3.892481753235204622e-01,5.302593301796797859e-02,3.061998198272068428e-01,1.226167331867809990e-01,-7.553726280092235013e-02,4.991396024330885250e-02,5.310029471402353263e-01,-9.810734613523624040e-03,4.099019217880703891e-01,4.281143805751593256e-01,1.320229242512804824e-02,-3.782047937090325228e-03,-3.455019135879216358e-02,1.559056732343056528e-01,7.127089819996422493e-02,6.681243198990857168e-01,1.000000000000000000e+00,5.534888702947727834e-01,4.693167016059525132e-01,8.412849548450131165e-02,3.589059776416374525e-01,5.164983370170556087e-01,4.930074848213251149e-01,9.725810505019233387e-02,2.300292489393852835e-01,2.083410301387544350e-01,2.640891464615410193e-03,1.459451569368286350e-01,1.450936859212648700e-01,2.067738924027854586e-01,6.774283414708529016e-02,1.143710616547302383e-01
5.929776421603596415e-01,-1.577779857804096908e-01,5.470456788954266569e-01,4.173137284248397139e-01,5.612745476684115609e-01,-3.673819263086709475e-01,-4.012822767511061151e-01,-1.882700499542704423e-02,5.547578283523149079e-01,-5.594530816796366296e-02,-3.701476764399838082e-01,4.146609666832773988e-01,4.050346471949489158e-01,5.587384418906818917e-01,4.412056235318851383e-01,7.659870715044592160e-02,3.044716012306680764e-01,5.221685721101091415e-01,5.171126090697402145e-01,4.764956404898407771e-01,-2.740883666064838353e-01,-3.980928150052753245e-01,5.645744493348840987e-01,5.534888702947727834e-01,1.000000000000000000e+00,6.360889170295340456e-02,-3.980617383021756162e-01,2.884421092317627222e-01,4.186550511302458144e-01,6.478625438203754472e-01,-4.112333862402697271e-01,-2.415795705876175037e-01,-2.751173177779644430e-01,5.205685675170103055e-01,-3.445872184648635095e-01,-2.607323926964810190e-01,-2.840885185648118760e-01,5.466647652694865966e-01,4.711318470902917110e-01
-5.197440154526335176e-02,5.586866060718030935e-01,2.642746687478311207e-01,-4.413209327770503121e-01,1.847012885515949276e-01,5.259480511714642592e-01,2.476468968544750238e-01,-5.318177141682149944e-01,-3.582345485142160446e-01,6.803001457611175251e-01,4.458566338548616836e-01,-5.023129676759492401e-01,-4.084232701230743334e-01,2.224368412478346935e-01,-3.439713465949483240e-01,6.568540712332004983e-01,2.642460126846190582e-01,-3.603057976635450355e-01,-3.942796141126126419e-01,-2.956495147486767894e-01,7.067780348589699502e-01,5.340534817008698587e-01,3.855810742632141963e-01,4.693167016059525132e-01,6.360889170295340456e-02,1.000000000000000000e+00,4.372920623119683214e-01,6.658871120806597599e-01,6.843359341178092414e-01,4.952902166319124166e-01,5.147546873850612492e-01,4.867599029471882388e-01,6.287125666905891697e-01,-4.766162413806560583e-01,5.883255468171557645e-01,6.064516413988396693e-01,5.837148077804303892e-01,-2.569244812557021640e-01,-2.053231094710408211e-01
-8.446883430353108180e-01,8.133095537892036653e-01,-3.409963073552640944e-01,-9.092957239572347916e-01,-3.327250531452762283e-01,8.567631955934608134e-01,8.225388167462297506e-01,-3.378998359521332984e-01,-8.718887567253990056e-01,7.823405273445097619e-01,8.887817997223148581e-01,-6.234598091040097767e-01,-8.344694677535819949e-01,-1.477973268795687023e-01,-8.344265582543418658e-01,6.992672744346508651e-01,-1.765093484601916451e-01,-8.981894898574003250e-01,-8.953175782572607710e-01,-7.845197504148903045e-01,7.819441750732192276e-01,9.180879552397180898e-01,3.025336181012974746e-01,8.412849548450131165e-02,-3.980617383021756162e-01,4.372920623119683214e-01,1.000000000000000000e+00,-1.233532946668509517e-01,-1.148504954138853396e-01,-1.498332578633477519e-01,9.475885532508557807e-01,8.996247664819295720e-01,8.711195537224709629e-01,-7.251132288814519100e-01,9.005954887642653173e-01,8.213356847889103918e-01,8.706168829292920686e-01,-8.893018369125328393e-01,-2.772441118210821620e-01
4.414900848624201957e-01,3.948263174003140835e-02,6.143982975595523310e-01,1.556233660300025967e-01,4.517413755965241640e-01,-3.347388898265386825e-02,-1.778711624511725986e-01,-1.900185190619124997e-01,1.995982627174740509e-01,1.985731403677970242e-01,-1.664214555757740910e-01,-1.104544337179923404e-02,9.883117570622380887e-02,2.801941829203758449e-01,2.287429831979241046e-01,2.222225239645299610e-01,1.537102327331235641e-01,2.250145960021076308e-01,1.611648555790125836e-01,3.205288869534793084e-01,3.760067927993202552e-01,6.833306470047832704e-02,1.332028925924977070e-01,3.589059776416374525e-01,2.884421092317627222e-01,6.658871120806597599e-01,-1.233532946668509517e-01,1.000000000000000000e+00,6.441554316216957510e-01,6.522977221436431217e-01,-3.411945455346539202e-02,-5.181057336956778475e-02,1.177847364547950082e-01,4.662028866676871941e-02,2.110794478044832057e-02,8.910578876373105583e-02,6.211117977350793379e-02,2.977566432049605916e-01,1.063655950312725716e-02
4.585394676114615264e-01,2.106100119010811678e-01,3.500369542407572587e-01,1.379951692132912189e-02,3.595584230193357156e-01,1.378148708759232288e-01,-2.082223555488099398e-01,-4.013353535908241732e-01,1.006331542457363643e-01,3.350876079834401167e-01,4.092466154287194985e-02,-2.701673760874471752e-01,1.237306592317174575e-01,4.503416118175533334e-01,3.705434714743043034e-02,3.444442022041114826e-01,5.754723287649090580e-01,1.133536717335260763e-01,8.548589734786597727e-02,3.324449511652750877e-02,1.593693456478660619e-01,-6.610128921037698724e-02,3.165911406552058827e-01,5.164983370170556087e-01,4.186550511302458144e-01,6.843359341178092414e-01,-1.148504954138853396e-01,6.441554316216957510e-01,1.000000000000000000e+00,6.388731694799052452e-01,-3.773806796382932899e-02,6.896912951359666921e-02,1.102111268862295407e-01,-1.374414692134000304e-01,1.404284707512013508e-01,2.552492676482834844e-01,1.726650310313659620e-01,2.051708943920456107e-01,-1.593150989790968475e-01
4.759007563425883824e-01,1.283776757197764018e-01,6.681079827498872525e-01,1.792285337080832819e-01,5.950314512737903128e-01,-9.007250965982870061e-02,-1.449264107540696456e-01,-2.103137857181338055e-01,3.080576414541661423e-01,2.881207468510650904e-01,-1.669754313184079186e-01,1.194218253842371513e-01,1.197059765705282275e-01,4.860406907166179291e-01,2.626639305807587643e-01,3.761899997837438447e-01,2.042459318604595564e-01,2.915282968511310191e-01,2.646338520031368824e-01,3.362203345530921927e-01,1.658180437558097742e-01,-5.415351501997110045e-02,4.274188736048045167e-01,4.930074848213251149e-01,6.478625438203754472e-01,4.952902166319124166e-01,-1.498332578633477519e-01,6.522977221436431217e-01,6.388731694799052452e-01,1.000000000000000000e+00,-1.054821883983056569e-01,-2.431322133880252020e-02,4.497945502242373800e-02,1.889678170823916314e-01,-2.174537203293878257e-02,1.166760130126188455e-01,2.089644767241973303e-02,3.452588625248780296e-01,2.668526559487583993e-01
-8.196380233359646938e-01,8.227162299642430954e-01,-2.972779589930917843e-01,-9.167076828721431037e-01,-3.034334616035714860e-01,8.804627031622414002e-01,8.172323593801786856e-01,-3.827830443674097305e-01,-8.817978097580750907e-01,8.120507360841765498e-01,8.941685485663307675e-01,-6.731296786436735680e-01,-8.508572593607067747e-01,-1.429319098711202274e-01,-8.369162050935176067e-01,7.145772477135089451e-01,-1.376434925304633461e-01,-9.037537752487440068e-01,-9.022167983014465209e-01,-7.846694204524626848e-01,8.343073729916876680e-01,9.379263675925364474e-01,2.703016104246122597e-01,9.725810505019233387e-02,-4.112333862402697271e-01,5.147546873850612492e-01,9.475885532508557807e-01,-3.411945455346539202e-02,-3.773806796382932899e-02,-1.054821883983056569e-01,1.000000000000000000e+00,8.944651480898724305e-01,9.095270941046258439e-01,-7.653743981020960652e-01,9.253082976589802611e-01,8.416167796422134861e-01,8.889601612118993579e-01,-8.844037832518842901e-01,-3.285165623987884587e-01
-7.371170856349206213e-01,8.440040100628185549e-01,-2.954199546912173457e-01,-8.756568734027925238e-01,-2.804870571030713133e-01,8.837188318306700152e-01,7.741222266333509516e-01,-3.404623744690679632e-01,-8.313591553211145957e-01,8.370620013944434223e-01,8.778938773280456909e-01,-6.588019038837789054e-01,-7.429034657429535171e-01,5.416796493931342639e-03,-8.241832660044582370e-01,7.522082509758798441e-01,-8.100064138446025352e-02,-8.498997599659411373e-01,-8.510757630964409515e-01,-7.711862454429725400e-01,7.497907199314846061e-01,8.469525529895796101e-01,4.139680735190464089e-01,2.300292489393852835e-01,-2.415795705876175037e-01,4.867599029471882388e-01,8.996247664819295720e-01,-5.181057336956778475e-02,6.896912951359666921e-02,-2.431322133880252020e-02,8.944651480898724305e-01,1.000000000000000000e+00,8.432406620070278525e-01,-7.168747506921507862e-01,9.096414333273283859e-01,8.669886576781935528e-01,9.328567187183089970e-01,-8.389782392732449967e-01,-3.364047676347123872e-01
-6.926374579941745324e-01,7.745240529171751875e-01,-1.038092489863896156e-01,-8.405222041566406954e-01,-1.178130249206977148e-01,8.267690419578679339e-01,7.142146559531279415e-01,-4.536163011918784016e-01,-7.772093061270024528e-01,8.070220686608374772e-01,8.237537402655363827e-01,-6.195098065165872692e-01,-7.869653211606607579e-01,4.371743477157417727e-03,-7.352774837108572159e-01,7.263452476608157626e-01,-6.994163323488369888e-02,-8.047556310906802679e-01,-8.027810790217996262e-01,-6.877804294857126077e-01,8.586317586877149077e-01,9.022780986975476036e-01,3.247743849376781289e-01,2.083410301387544350e-01,-2.751173177779644430e-01,6.287125666905891697e-01,8.711195537224709629e-01,1.177847364547950082e-01,1.102111268862295407e-01,4.497945502242373800e-02,9.095270941046258439e-01,8.432406620070278525e-01,1.000000000000000000e+00,-6.866003084673206747e-01,8.830004502285304646e-01,7.992971023053677682e-01,8.539761324626344852e-01,-7.653247392319744158e-01,-2.487229309737188920e-01
6.591069375212929016e-01,-7.090871124722359919e-01,5.135280743130196113e-01,8.273683281934459677e-01,5.326972901628934665e-01,-8.526819825201615854e-01,-6.472223494010356237e-01,3.650614041005093013e-01,8.828140583729046087e-01,-6.905649589961374568e-01,-8.281749460210262592e-01,8.976369629017234564e-01,6.535105052372631729e-01,3.252392438646345973e-01,8.274154317183519680e-01,-5.162465913105013238e-01,-1.241655263390165354e-01,8.464380266561855048e-01,8.498566003350693787e-01,8.250710785468021724e-01,-6.423987591609974235e-01,-7.031010952386622659e-01,-5.031063341101590924e-02,2.640891464615410193e-03,5.205685675170103055e-01,-4.766162413806560583e-01,-7.251132288814519100e-01,4.662028866676871941e-02,-1.374414692134000304e-01,1.889678170823916314e-01,-7.653743981020960652e-01,-7.168747506921507862e-01,-6.866003084673206747e-01,1.000000000000000000e+00,-8.285397236942801946e-01,-7.993590405859661852e-01,-7.827450312074923922e-01,8.193399048253701134e-01,7.004070275329992157e-01
-7.382651441547787297e-01,8.592715734978444431e-01,-3.322360669503061081e-01,-9.161744762646135687e-01,-3.435914838433857255e-01,9.372863803307390773e-01,7.733580882681858615e-01,-3.997257788208667395e-01,-8.912068194231625995e-01,8.661087793334938389e-01,9.160258342360911854e-01,-7.802685127861865855e-01,-7.895717823618788600e-01,-1.175284359793470901e-01,-8.580163341906427155e-01,7.312191850670707316e-01,-1.937016797276498031e-02,-8.954453582553171254e-01,-9.017381880912330727e-01,-8.049955236494126254e-01,8.169274947225649841e-01,8.835402756237512589e-01,2.932957857537322743e-01,1.459451569368286350e-01,-3.445872184648635095e-01,5.883255468171557645e-01,9.005954887642653173e-01,2.110794478044832057e-02,1.404284707512013508e-01,-2.174537203293878257e-02,9.253082976589802611e-01,9.096414333273283859e-01,8.830004502285304646e-01,-8.285397236942801946e-01,1.000000000000000000e+00,9.051529447241741799e-01,9.360888004309690924e-01,-8.687401295624419539e-01,-4.615666174527486287e-01
-6.195465547717686761e-01,8.750303946459465632e-01,-2.685396574865458463e-01,-8.450053217594448718e-01,-2.695080647483504843e-01,8.930941204335708372e-01,7.241732593398618745e-01,-4.147803052414765212e-01,-8.167947718677297519e-01,9.002468463862347559e-01,8.645230466769162625e-01,-7.666565085103063115e-01,-7.140423140318321593e-01,-3.200890051377867224e-02,-8.253588907220986703e-01,7.929693512602113969e-01,7.546643580923814709e-02,-8.138503179633197471e-01,-8.253088720980860105e-01,-7.451507393570977467e-01,7.594519363849875360e-01,7.946749913202474369e-01,3.392680190716185762e-01,1.450936859212648700e-01,-2.607323926964810190e-01,6.064516413988396693e-01,8.213356847889103918e-01,8.910578876373105583e-02,2.552492676482834844e-01,1.166760130126188455e-01,8.416167796422134861e-01,8.669886576781935528e-01,7.992971023053677682e-01,-7.993590405859661852e-01,9.051529447241741799e-01,1.000000000000000000e+00,9.042142027902920765e-01,-7.815965260719236474e-01,-4.315293843084921921e-01
-6.916015448323148407e-01,8.489488074841712306e-01,-2.943007353329266107e-01,-8.711086950146808006e-01,-3.170587314445590943e-01,9.152988443724744405e-01,7.469164067818339081e-01,-3.564023652093792349e-01,-8.508899942163147267e-01,8.596591667196606945e-01,8.770858423187629649e-01,-7.424874449334406545e-01,-7.320374174032006076e-01,-4.291093921912270126e-02,-8.320862039697970447e-01,7.410588334028048729e-01,-4.488321438404097724e-02,-8.529306818379732702e-01,-8.648208423797331124e-01,-7.676885607463993511e-01,8.030886542710873321e-01,8.514070558156663360e-01,3.364648742577130425e-01,2.067738924027854586e-01,-2.840885185648118760e-01,5.837148077804303892e-01,8.706168829292920686e-01,6.211117977350793379e-02,1.726650310313659620e-01,2.089644767241973303e-02,8.889601612118993579e-01,9.328567187183089970e-01,8.539761324626344852e-01,-7.827450312074923922e-01,9.360888004309690924e-01,9.042142027902920765e-01,1.000000000000000000e+00,-8.304492224750057439e-01,-4.483045814245089078e-01
8.921366963574267617e-01,-7.692959877610853203e-01,5.868992164602263584e-01,9.138556973993542387e-01,5.608933396292107298e-01,-8.690667445604632890e-01,-8.271345539744819897e-01,2.584701848335173580e-01,9.408037544367801042e-01,-6.830392809975526225e-01,-9.039829195052393462e-01,7.523754262220386790e-01,7.585851229150885056e-01,3.135196027624719273e-01,8.819171118613896576e-01,-5.352785736126134397e-01,1.189763228027364977e-01,9.465582919619368596e-01,9.399974459508165792e-01,8.706839849548271282e-01,-6.543083943331058361e-01,-8.259121286574628851e-01,-1.244506249946823323e-01,6.774283414708529016e-02,5.466647652694865966e-01,-2.569244812557021640e-01,-8.893018369125328393e-01,2.977566432049605916e-01,2.051708943920456107e-01,3.452588625248780296e-01,-8.844037832518842901e-01,-8.389782392732449967e-01,-7.653247392319744158e-01,8.193399048253701134e-01,-8.687401295624419539e-01,-7.815965260719236474e-01,-8.304492224750057439e-01,1.000000000000000000e+00,5.151710485552556396e-01
3.237714969173600688e-01,-3.190631099272112636e-01,6.086498930785200212e-01,4.469074714964116901e-01,6.977696695798126791e-01,-5.587555515051222388e-01,-3.133787458648857882e-01,-3.041142125146310826e-02,5.982954892705154570e-01,-2.764142626692733806e-01,-4.557293266056364756e-01,7.670651550499000271e-01,2.120471841617301845e-01,4.571162623639387079e-01,4.789919789454269439e-01,-4.165532840189081765e-02,-1.673003591943228174e-01,5.088248824529992831e-01,5.528241571100547258e-01,5.058447040936209227e-01,-3.127764727040133752e-01,-2.836158571721835164e-01,2.750049936085534608e-01,1.143710616547302383e-01,4.711318470902917110e-01,-2.053231094710408211e-01,-2.772441118210821620e-01,1.063655950312725716e-02,-1.593150989790968475e-01,2.668526559487583993e-01,-3.285165623987884587e-01,-3.364047676347123872e-01,-2.487229309737188920e-01,7.004070275329992157e-01,-4.615666174527486287e-01,-4.315293843084921921e-01,-4.483045814245089078e-01,5.151710485552556396e-01,1.000000000000000000e+00
