1.000000000000000000e+00,5.804707910727684439e-01,4.708816680810015698e-01,8.669231313173654530e-02,3.834580065673987570e-01,5.895449104913458305e-01,3.744989405127739923e-01,-6.603389545499022129e-01,2.449639141909716600e-01,4.338336367458363596e-01,-3.819429368316997614e-02,-3.020325309077036002e-01,4.527160858285917966e-01,4.143368158066022544e-01,-7.866118614947702203e-02,4.268228711976787548e-01,-5.363949020608999030e-01,4.968756494189028317e-01,8.229925593971827713e-02,-3.165033982441274873e-01,5.889374056786947920e-01,2.962173688646290159e-01,6.065685078768565663e-01,5.740091018864339478e-01,7.115571106494370524e-01,3.623551570679765521e-01,-3.787166093941796152e-01,6.079166460718709031e-01,6.505199689693123011e-01,5.803609374435141355e-01,5.754032231355972193e-01,1.428073545715323744e-01,5.684944790271342363e-01,4.036949040928901056e-01,5.736963668744861078e-01,-8.329862028795712026e-02,5.237302563831136570e-01,6.139023262986058604e-01,5.517549623435985540e-01
5.804707910727684439e-01,1.000000000000000000e+00,3.336087807222726243e-01,2.055397400979368239e-02,3.161190537733967187e-01,3.393015332884292135e-01,1.600615250090465236e-01,-3.693549681164621790e-01,3.490721640154618721e-01,6.022980143668739128e-01,-1.028177491541319016e-01,-1.040354450820441395e-01,2.675842545233355629e-01,3.378024940184023439e-01,6.449543721221495142e-03,4.350185814356752334e-01,-2.262619706563893940e-01,2.499896614819785423e-01,1.204832043100303729e-01,-1.831325658400864975e-01,2.406820044893568378e-01,1.729555103341257338e-01,4.330818775136850429e-01,2.881554761716413338e-01,4.787149613157801742e-01,2.994559571365172923e-01,-2.085516518780656803e-01,3.328906648574294080e-01,3.153155061531821568e-01,4.937343534880320184e-01,3.970878366198407616e-01,1.917586908825056891e-01,2.601578160325754285e-01,4.085333073729455755e-01,3.060248044999798744e-01,2.644889023063607403e-01,3.139139567775986461e-01,5.641376512379269181e-01,6.047064097989253151e-01
4.708816680810015698e-01,3.336087807222726243e-01,1.000000000000000000e+00,2.022966424669192242e-01,6.217750429675457102e-01,2.658566522653591502e-01,1.193001254879599571e-01,-7.828027798952412741e-01,4.994926611709686326e-01,5.526744061009826181e-01,-1.571918189260674281e-01,-2.022289162505283566e-02,1.469014052152552707e-01,6.205022386770531195e-01,1.042924059629075639e-01,4.441524553133773812e-01,-2.240698830987042089e-01,4.261953109801809858e-01,5.344194337705926445e-01,-4.173459323721080971e-01,2.110732019818692684e-01,6.855937609768375518e-02,3.771674309243324696e-01,2.901784295628844768e-01,5.640381672943769464e-01,4.405815751914289313e-01,9.324092127538254060e-02,3.985629979609878748e-01,2.767025769924530421e-01,5.727505394423334506e-01,3.976471333792673257e-01,9.607965404820782707e-02,2.281763838639566944e-01,6.566161221736623865e-01,2.789084696686678355e-01,3.184159938100085130e-01,2.602792912460652475e-01,3.449287207328425864e-01,3.557764696667619075e-01
8.669231313173654530e-02,2.055397400979368239e-02,2.022966424669192242e-01,1.000000000000000000e+00,4.618445888608460614e-01,3.674106744856457385e-01,6.240204172648415870e-01,-3.646553816891455191e-01,1.094942072451797338e-01,1.907010692795534923e-01,1.322430514726515294e-01,-5.900047684056463071e-01,3.710722524315608339e-01,3.471234722525892713e-01,-6.550724531434652942e-01,2.585776426281154450e-01,-2.462009202228229165e-01,7.040921228026312262e-01,5.174743569614868033e-01,-1.808986200982793668e-01,3.178129049753799507e-01,3.017218818562018012e-01,3.294897666232244338e-01,3.965811847986629446e-01,2.505004548655115904e-01,1.255177424329111113e-01,-1.505241083107663469e-01,4.082675033731636982e-01,3.365563807926255646e-01,3.933922368667392422e-01,3.487170913685355700e-01,2.374074553748237726e-01,4.032812447428927860e-01,2.223630176963934391e-01,3.892075209921488366e-01,-2.297266264783822121e-01,3.548449041087034517e-01,-3.700797372250955730e-01,-2.508681639972747957e-01
3.834580065673987570e-01,3.161190537733967187e-01,6.217750429675457102e-01,4.618445888608460614e-01,1.000000000000000000e+00,3.893842964925940953e-01,3.506000168289467034e-01,-5.863836555626821267e-01,4.385452124663279938e-01,5.083771218794849167e-01,1.495914842046999482e-01,-3.309256412281152415e-01,2.928715617884397604e-01,5.737179021733223028e-01,-2.488360487190261205e-01,4.362540914783694657e-01,-1.964912823368221984e-01,5.257328319528772331e-01,5.808542888601381238e-01,-2.275334401707453935e-01,2.631652578004810006e-01,1.903936180429062763e-01,4.591585608688806830e-01,4.010432872775865354e-01,4.613838183542183224e-01,4.024319065122010652e-01,2.535284397700809586e-02,4.418548060688325396e-01,3.694561390912990961e-01,5.627065319369931595e-01,3.894907118248764899e-01,2.988370569344319105e-01,3.283144410351399589e-01,7.248251192632264583e-01,3.815188647479464956e-01,9.797991662140657920e-02,3.613298590531626719e-01,5.230565316407718296e-02,1.146294328444480703e-01
5.895449104913458305e-01,3.393015332884292135e-01,2.658566522653591502e-01,3.674106744856457385e-01,3.893842964925940953e-01,1.000000000000000000e+00,8.097814089197858944e-01,-7.014475111664117968e-01,1.401091955707694237e-01,1.414847177429378045e-01,2.970390699491534114e-01,-7.604282892171372321e-01,8.673167317641736762e-01,5.394639365501883166e-01,-6.389283591997705347e-01,2.339332708374876335e-01,-6.024391578292032090e-01,6.993440405149269345e-01,-7.463664949127682413e-02,-2.562526336779463176e-01,7.449963534002741472e-01,7.345972067465377231e-01,9.033722138971770343e-01,9.129997484903459304e-01,6.879861855985872632e-01,4.459894138205427461e-01,-4.966383787382770421e-01,8.544580853312065960e-01,9.266394285062466984e-01,6.438635265059653445e-01,8.304151209022068159e-01,6.286971075302749679e-01,8.765649340340428974e-01,5.676812449510967862e-02,9.327119569129856957e-01,-6.076415997652516721e-01,8.973314683085769072e-01,7.998162224384873509e-02,3.318181312412759598e-01
3.744989405127739923e-01,1.600615250090465236e-01,1.193001254879599571e-01,6.240204172648415870e-01,3.506000168289467034e-01,8.097814089197858944e-01,1.000000000000000000e+00,-5.614050560714971549e-01,2.976530247290877854e-02,7.150265393674819225e-02,3.514894889508605180e-01,-8.825600061696327048e-01,8.279797993051639660e-01,4.153685830329474360e-01,-8.243305493210009161e-01,2.592357523141394227e-01,-5.619401728040791522e-01,7.233640295396599473e-01,5.105689375712441774e-02,-2.111418850468355923e-01,6.940768033564216344e-01,7.186123079275019698e-01,7.561827304513509818e-01,8.023062107016477595e-01,5.647603518615503804e-01,1.966084887599404973e-01,-5.559790138450330099e-01,7.529339057360701082e-01,7.714774415149959763e-01,5.759840417601471696e-01,6.846713759917207875e-01,5.223929581691590940e-01,8.289005255612817979e-01,2.193859779858674947e-02,8.020555215347876521e-01,-6.012331405808895024e-01,7.350006147191116002e-01,-9.989576936743281566e-02,6.042789352830734567e-02
-6.603389545499022129e-01,-3.693549681164621790e-01,-7.828027798952412741e-01,-3.646553816891455191e-01,-5.863836555626821267e-01,-7.014475111664117968e-01,-5.614050560714971549e-01,1.000000000000000000e+00,-3.379527397836018521e-01,-4.364594212897573433e-01,-1.386483108999928167e-02,4.563016873304766019e-01,-6.000789154922177016e-01,-6.688169592190625901e-01,3.258777440641890122e-01,-4.992275976872249665e-01,5.713656446623454066e-01,-7.297129437625589077e-01,-3.209731586301102779e-01,5.024309968836460083e-01,-6.577809596461271502e-01,-4.520438184146459148e-01,-7.210217255526562008e-01,-7.287576862560634083e-01,-8.167485913256796737e-01,-4.123355279420988229e-01,3.367988889807775887e-01,-7.382280154474190059e-01,-7.088780193877269875e-01,-7.546455508320213390e-01,-7.236365733366518782e-01,-2.986503022516565631e-01,-6.812506363342865079e-01,-4.678778139697042371e-01,-7.081979305637821076e-01,1.537942053431878286e-01,-6.410540831770755732e-01,-2.767469781952014429e-01,-4.358661047267525235e-01
2.449639141909716600e-01,3.490721640154618721e-01,4.994926611709686326e-01,1.094942072451797338e-01,4.385452124663279938e-01,1.401091955707694237e-01,2.976530247290877854e-02,-3.379527397836018521e-01,1.000000000000000000e+00,6.458117125214458687e-01,-6.875606634785795535e-02,1.333806662501983709e-01,8.245309139009127097e-02,4.481407751346501156e-01,2.143432385177629629e-01,3.983217303259164455e-01,-6.009844611354767108e-02,2.289455722910415381e-01,4.145240658034102244e-01,-5.807240057353597190e-02,-4.077304131633636280e-02,4.613743708081804312e-02,3.169989217416201432e-01,1.459121959863338425e-01,2.736789049242473459e-01,5.402934580585881941e-01,3.671063932766826521e-01,2.763128776982589629e-01,1.377626922394384335e-01,5.501108621219845674e-01,2.338364973371980515e-01,2.250023723494911365e-01,1.277867982057427354e-01,6.000275323438991615e-01,1.795938632505326149e-01,3.766425735749088788e-01,2.123657440210793002e-01,2.703132443008088304e-01,4.053445167034384622e-01
4.338336367458363596e-01,6.022980143668739128e-01,5.526744061009826181e-01,1.907010692795534923e-01,5.083771218794849167e-01,1.414847177429378045e-01,7.150265393674819225e-02,-4.364594212897573433e-01,6.458117125214458687e-01,1.000000000000000000e+00,-2.005648047551297497e-01,3.245331535264844164e-02,8.286342316863183621e-02,4.642223611815231021e-01,8.942115146419522820e-02,7.711680350383051108e-01,-2.508127925666811531e-01,2.575775673793579967e-01,4.037242345617302330e-01,-1.844199177924684130e-01,1.452321806618648015e-01,1.468070782716504423e-02,2.626155249820533166e-01,1.628063513674066209e-01,4.495425241529982241e-01,2.558619597756662256e-01,4.242316642593261383e-02,2.912075540234114746e-01,1.287050968743685408e-01,5.989524516066468962e-01,2.412425112662603677e-01,1.211281405794921613e-02,1.806195232716628074e-01,7.246000807677854816e-01,1.590057277822416459e-01,4.415108990236950026e-01,1.201052804789535244e-01,4.258086829440380638e-01,4.431294912372784611e-01
-3.819429368316997614e-02,-1.028177491541319016e-01,-1.571918189260674281e-01,1.322430514726515294e-01,1.495914842046999482e-01,2.970390699491534114e-01,3.514894889508605180e-01,-1.386483108999928167e-02,-6.875606634785795535e-02,-2.005648047551297497e-01,1.000000000000000000e+00,-4.515533970351063853e-01,3.438265454365288520e-01,1.782907995512034438e-01,-4.320024805016517422e-01,-1.212292074260650915e-01,1.933627288231805352e-01,4.603312373344840142e-02,-2.316322296775372436e-01,1.358503476833968771e-01,1.395636263067122629e-01,5.348722900526888813e-01,2.587368928553879233e-01,2.684350902199120759e-01,-4.555654544879835649e-02,1.782811278147639344e-01,-4.761953684856624902e-02,2.547492076180142284e-01,3.151103071087451579e-01,7.210070449877920007e-02,1.520037715182108728e-01,5.679838924764888386e-01,2.731829855142716146e-01,-2.244354772047506275e-01,2.784829960384805347e-01,-4.302266830358509320e-01,2.912272272477399726e-01,-2.181040834916542770e-01,-2.334989724009708112e-01
-3.020325309077036002e-01,-1.040354450820441395e-01,-2.022289162505283566e-02,-5.900047684056463071e-01,-3.309256412281152415e-01,-7.604282892171372321e-01,-8.825600061696327048e-01,4.563016873304766019e-01,1.333806662501983709e-01,3.245331535264844164e-02,-4.515533970351063853e-01,1.000000000000000000e+00,-7.732884556212578087e-01,-3.320009504741706641e-01,8.807807927888036126e-01,-1.717465036388251820e-01,4.187699217222051740e-01,-6.292948144364962637e-01,2.792422053264016074e-02,1.304786543282782096e-01,-6.071195436197869277e-01,-6.856709244940408787e-01,-6.930175081820274530e-01,-7.316056074282346611e-01,-4.682873881755788559e-01,-1.407691476304561429e-01,5.429872306421148487e-01,-6.669047828821279555e-01,-7.153758788256048273e-01,-4.551507367100689483e-01,-5.983602800361619289e-01,-5.533826830704882127e-01,-7.325861973915656078e-01,9.833321487242607795e-02,-7.308096139272792779e-01,6.762118713757904187e-01,-6.835294634271993353e-01,1.789105667455492543e-01,7.261800634883977534e-02
4.527160858285917966e-01,2.675842545233355629e-01,1.469014052152552707e-01,3.710722524315608339e-01,2.928715617884397604e-01,8.673167317641736762e-01,8.279797993051639660e-01,-6.000789154922177016e-01,8.245309139009127097e-02,8.286342316863183621e-02,3.438265454365288520e-01,-7.732884556212578087e-01,1.000000000000000000e+00,4.697272833590600549e-01,-7.055817534490922416e-01,2.060406755379984023e-01,-5.892536149299408832e-01,6.428130723513717504e-01,-1.085020416465283244e-01,-1.968245013771663110e-01,7.383566393239088255e-01,7.766183996193589678e-01,8.304554487104941485e-01,8.590729508518493152e-01,6.368243209057904419e-01,2.779749821029968704e-01,-5.933423759527134411e-01,7.835800042127561982e-01,8.424214033008003977e-01,5.813650297828085733e-01,6.921226743194738296e-01,5.790587192268391581e-01,8.596696348739760740e-01,-1.219429924266910749e-02,8.494430213148633779e-01,-6.010812840063814999e-01,7.832120231505073082e-01,4.336126189016818039e-02,2.446273786424393859e-01
4.143368158066022544e-01,3.378024940184023439e-01,6.205022386770531195e-01,3.471234722525892713e-01,5.737179021733223028e-01,5.394639365501883166e-01,4.153685830329474360e-01,-6.688169592190625901e-01,4.481407751346501156e-01,4.642223611815231021e-01,1.782907995512034438e-01,-3.320009504741706641e-01,4.697272833590600549e-01,1.000000000000000000e+00,-2.469637279645876538e-01,2.958215849610121295e-01,-2.501231196847411575e-01,4.679795496376502606e-01,2.616860225143961549e-01,-3.193636499393994743e-01,2.826478537679723013e-01,3.648535533294398059e-01,6.164039589009691067e-01,5.728502185171832073e-01,5.208810377067285557e-01,6.237403142933422018e-01,3.255253799478371318e-02,5.996110679244195385e-01,5.533172417855710679e-01,6.085146873048833394e-01,6.025056061790003969e-01,5.369426750229083778e-01,4.580742269364835306e-01,3.821126871119514545e-01,5.826200831800154578e-01,-4.472709944990609088e-02,5.932531831676846057e-01,1.413391890456681954e-01,2.722881783079157403e-01
-7.866118614947702203e-02,6.449543721221495142e-03,1.042924059629075639e-01,-6.550724531434652942e-01,-2.488360487190261205e-01,-6.389283591997705347e-01,-8.243305493210009161e-01,3.258777440641890122e-01,2.143432385177629629e-01,8.942115146419522820e-02,-4.320024805016517422e-01,8.807807927888036126e-01,-7.055817534490922416e-01,-2.469637279645876538e-01,1.000000000000000000e+00,-1.546168796196818185e-01,3.735918336452023758e-01,-5.779121633358457188e-01,4.246021960571737947e-02,1.288587509873098114e-01,-5.625437813891450700e-01,-6.387741289205384199e-01,-5.437738871261471596e-01,-6.444687392442807194e-01,-3.143757602626941483e-01,7.785904822394701559e-03,5.432669908743521514e-01,-5.480981464120829871e-01,-5.860104620520031338e-01,-3.554792248649632502e-01,-5.072272500881065405e-01,-4.608212341632597631e-01,-6.578965898878311735e-01,1.856481540292909405e-01,-6.271196417029863968e-01,6.892828838011725301e-01,-5.585752632058382794e-01,4.047786899629484125e-01,2.239734723318063669e-01
4.268228711976787548e-01,4.350185814356752334e-01,4.441524553133773812e-01,2.585776426281154450e-01,4.362540914783694657e-01,2.339332708374876335e-01,2.592357523141394227e-01,-4.992275976872249665e-01,3.983217303259164455e-01,7.711680350383051108e-01,-1.212292074260650915e-01,-1.717465036388251820e-01,2.060406755379984023e-01,2.958215849610121295e-01,-1.546168796196818185e-01,1.000000000000000000e+00,-4.580296037054514269e-01,3.768211419473587176e-01,3.198680913197962661e-01,-2.853539489416097030e-01,4.395579872770641883e-01,1.483759816547708665e-01,2.820736413680396959e-01,2.802483762504314746e-01,5.654576330578708898e-01,-5.618892987966984248e-02,-2.886289863839622827e-01,3.505454713249140375e-01,2.174632547721368214e-01,6.177971374342176025e-01,2.866348329158878161e-01,-1.293615484119828019e-01,3.736678180458940512e-01,6.180581586203661715e-01,2.332424703666884092e-01,1.929462941022868361e-01,1.156816004703857953e-01,3.203208790389091010e-01,3.614002442341685550e-01
-5.363949020608999030e-01,-2.262619706563893940e-01,-2.240698830987042089e-01,-2.462009202228229165e-01,-1.964912823368221984e-01,-6.024391578292032090e-01,-5.619401728040791522e-01,5.713656446623454066e-01,-6.009844611354767108e-02,-2.508127925666811531e-01,1.933627288231805352e-01,4.187699217222051740e-01,-5.892536149299408832e-01,-2.501231196847411575e-01,3.735918336452023758e-01,-4.580296037054514269e-01,1.000000000000000000e+00,-5.497212067957379933e-01,1.220942790834812384e-03,2.175307018188720465e-01,-7.400964479192561063e-01,-3.980968799593823104e-01,-5.356139689400671866e-01,-6.310490579414966827e-01,-6.638283914097345972e-01,2.569900318518552815e-02,6.182426059396569640e-01,-5.805264606452792409e-01,-5.924863308618260049e-01,-4.686732906583720992e-01,-5.317710643404093274e-01,6.297331748094880943e-03,-7.143034864695620989e-01,-2.062981637952168434e-01,-5.891647734050245999e-01,3.177548379761231945e-01,-4.600603089631014608e-01,-2.339761879026741043e-01,-3.586696288351766682e-01
4.968756494189028317e-01,2.499896614819785423e-01,4.261953109801809858e-01,7.040921228026312262e-01,5.257328319528772331e-01,6.993440405149269345e-01,7.233640295396599473e-01,-7.297129437625589077e-01,2.289455722910415381e-01,2.575775673793579967e-01,4.603312373344840142e-02,-6.292948144364962637e-01,6.428130723513717504e-01,4.679795496376502606e-01,-5.779121633358457188e-01,3.768211419473587176e-01,-5.497212067957379933e-01,1.000000000000000000e+00,4.359536214095310336e-01,-3.573033307479585585e-01,6.912044368100612735e-01,4.842084237779880063e-01,6.557719381101876355e-01,7.316963423685701740e-01,6.486398053620293647e-01,3.253240656177824319e-01,-4.095495824109985361e-01,7.008448774828647254e-01,7.130636680561364127e-01,6.475810042297700519e-01,6.823836710376777193e-01,2.962899104768297320e-01,7.232511532736584092e-01,3.116993451472557242e-01,7.209571522437889790e-01,-3.376955505248188105e-01,6.567990250291817489e-01,-8.123602807100116507e-02,1.882060624884911992e-01
8.229925593971827713e-02,1.204832043100303729e-01,5.344194337705926445e-01,5.174743569614868033e-01,5.808542888601381238e-01,-7.463664949127682413e-02,5.105689375712441774e-02,-3.209731586301102779e-01,4.145240658034102244e-01,4.037242345617302330e-01,-2.316322296775372436e-01,2.792422053264016074e-02,-1.085020416465283244e-01,2.616860225143961549e-01,4.246021960571737947e-02,3.198680913197962661e-01,1.220942790834812384e-03,4.359536214095310336e-01,1.000000000000000000e+00,-2.229546785775170792e-01,-4.899853258631407110e-02,-2.386773036792016189e-01,2.024649764005857430e-02,-4.795942134171771870e-02,1.888954737951676621e-01,1.103454274161612958e-01,1.920092177765725105e-01,1.090947024769437168e-04,-8.343616249531199403e-02,2.651091088401189011e-01,3.018224980471172561e-02,-1.469000246315451952e-01,-7.273499618984555215e-02,6.605393355600752692e-01,-7.370839878900597997e-02,4.427193221100730325e-01,-9.394089350703765939e-02,-3.261461356594084343e-02,-8.773763595325527465e-02
-3.165033982441274873e-01,-1.831325658400864975e-01,-4.173459323721080971e-01,-1.808986200982793668e-01,-2.275334401707453935e-01,-2.562526336779463176e-01,-2.111418850468355923e-01,5.024309968836460083e-01,-5.807240057353597190e-02,-1.844199177924684130e-01,1.358503476833968771e-01,1.304786543282782096e-01,-1.968245013771663110e-01,-3.193636499393994743e-01,1.288587509873098114e-01,-2.853539489416097030e-01,2.175307018188720465e-01,-3.573033307479585585e-01,-2.229546785775170792e-01,1.000000000000000000e+00,-3.437095781200463773e-01,-6.688536051448768123e-03,-2.538664764615276570e-01,-2.974861727287245183e-01,-3.963458279081499835e-01,-3.759283312833831825e-02,2.274528497386170967e-01,-2.483065037409855902e-01,-2.687517101846251255e-01,-3.504383234221328247e-01,-3.152606717488772303e-01,1.421937432418207865e-02,-2.361738391986125118e-01,-2.228064551414951633e-01,-2.518713602219080916e-01,-3.157757344278518119e-02,-2.056738306398243898e-01,-1.655033276723863189e-01,-1.604012716373094394e-01
5.889374056786947920e-01,2.406820044893568378e-01,2.110732019818692684e-01,3.178129049753799507e-01,2.631652578004810006e-01,7.449963534002741472e-01,6.940768033564216344e-01,-6.577809596461271502e-01,-4.077304131633636280e-02,1.452321806618648015e-01,1.395636263067122629e-01,-6.071195436197869277e-01,7.383566393239088255e-01,2.826478537679723013e-01,-5.625437813891450700e-01,4.395579872770641883e-01,-7.400964479192561063e-01,6.912044368100612735e-01,-4.899853258631407110e-02,-3.437095781200463773e-01,1.000000000000000000e+00,6.104421297849876860e-01,6.381898927297775526e-01,7.789718492703939789e-01,7.065980098668137588e-01,2.897167938035484849e-02,-7.364973254047536555e-01,7.200001160134481548e-01,7.732823080374350289e-01,5.191271302854364444e-01,6.388938753181842012e-01,1.691963031915447169e-01,8.602615986844404095e-01,1.267535249829117860e-01,7.366251879779073253e-01,-5.116498403158608044e-01,5.994253286693831395e-01,1.034040650675890211e-01,3.067683758639323521e-01
2.962173688646290159e-01,1.729555103341257338e-01,6.855937609768375518e-02,3.017218818562018012e-01,1.903936180429062763e-01,7.345972067465377231e-01,7.186123079275019698e-01,-4.520438184146459148e-01,4.613743708081804312e-02,1.468070782716504423e-02,5.348722900526888813e-01,-6.856709244940408787e-01,7.766183996193589678e-01,3.648535533294398059e-01,-6.387741289205384199e-01,1.483759816547708665e-01,-3.980968799593823104e-01,4.842084237779880063e-01,-2.386773036792016189e-01,-6.688536051448768123e-03,6.104421297849876860e-01,1.000000000000000000e+00,6.966961261861404076e-01,7.074755504061747136e-01,4.152934316226845057e-01,3.008316094341502711e-01,-4.292327392903742544e-01,7.387642796627075237e-01,7.177115564905642842e-01,4.645385771778788309e-01,6.155650948677524603e-01,6.076035421976107020e-01,7.566749644535742947e-01,-1.219357471130678161e-01,7.299639398536227342e-01,-5.852879687929710695e-01,6.828111873557062284e-01,-5.291651084844115754e-02,1.373921705212907962e-01
6.065685078768565663e-01,4.330818775136850429e-01,3.771674309243324696e-01,3.294897666232244338e-01,4.591585608688806830e-01,9.033722138971770343e-01,7.561827304513509818e-01,-7.210217255526562008e-01,3.169989217416201432e-01,2.626155249820533166e-01,2.587368928553879233e-01,-6.930175081820274530e-01,8.304554487104941485e-01,6.164039589009691067e-01,-5.437738871261471596e-01,2.820736413680396959e-01,-5.356139689400671866e-01,6.557719381101876355e-01,2.024649764005857430e-02,-2.538664764615276570e-01,6.381898927297775526e-01,6.966961261861404076e-01,1.000000000000000000e+00,8.750317708712573861e-01,7.331877399940718298e-01,5.355208033235488996e-01,-3.885486698248571957e-01,8.442315600579590740e-01,8.787000380044855952e-01,7.144372919812533862e-01,8.153285271931349776e-01,6.544850387972009909e-01,8.173774082431335408e-01,1.775583354484993603e-01,8.812376721202443974e-01,-4.472523118851517987e-01,8.639980536507356756e-01,2.075188764139790643e-01,3.948948092324420789e-01
5.740091018864339478e-01,2.881554761716413338e-01,2.901784295628844768e-01,3.965811847986629446e-01,4.010432872775865354e-01,9.129997484903459304e-01,8.023062107016477595e-01,-7.287576862560634083e-01,1.459121959863338425e-01,1.628063513674066209e-01,2.684350902199120759e-01,-7.316056074282346611e-01,8.590729508518493152e-01,5.728502185171832073e-01,-6.444687392442807194e-01,2.802483762504314746e-01,-6.310490579414966827e-01,7.316963423685701740e-01,-4.795942134171771870e-02,-2.974861727287245183e-01,7.789718492703939789e-01,7.074755504061747136e-01,8.750317708712573861e-01,1.000000000000000000e+00,7.309451207557982055e-01,4.051779050792092551e-01,-5.073879285615312540e-01,8.595675620444749310e-01,9.264870495482625534e-01,6.711162726152166691e-01,8.136792170656510503e-01,5.817548239550697220e-01,8.948266899025695276e-01,8.114999327171810994e-02,9.332558564499342513e-01,-6.090575346206774654e-01,8.844699618121621976e-01,4.976123037489299517e-02,3.263321775168540051e-01
7.115571106494370524e-01,4.787149613157801742e-01,5.640381672943769464e-01,2.505004548655115904e-01,4.613838183542183224e-01,6.879861855985872632e-01,5.647603518615503804e-01,-8.167485913256796737e-01,2.736789049242473459e-01,4.495425241529982241e-01,-4.555654544879835649e-02,-4.682873881755788559e-01,6.368243209057904419e-01,5.208810377067285557e-01,-3.143757602626941483e-01,5.654576330578708898e-01,-6.638283914097345972e-01,6.486398053620293647e-01,1.888954737951676621e-01,-3.963458279081499835e-01,7.065980098668137588e-01,4.152934316226845057e-01,7.331877399940718298e-01,7.309451207557982055e-01,1.000000000000000000e+00,2.239534700065082262e-01,-4.969362355674400988e-01,6.879666903014893808e-01,7.076196394078239083e-01,7.080176472261416887e-01,6.237406948929757888e-01,2.109804499624785834e-01,7.117303897018051329e-01,4.311488218558530150e-01,6.709515189698597171e-01,-1.605127756569889041e-01,5.852866597552472960e-01,4.367281635447838872e-01,5.695858770562930440e-01
3.623551570679765521e-01,2.994559571365172923e-01,4.405815751914289313e-01,1.255177424329111113e-01,4.024319065122010652e-01,4.459894138205427461e-01,1.966084887599404973e-01,-4.123355279420988229e-01,5.402934580585881941e-01,2.558619597756662256e-01,1.782811278147639344e-01,-1.407691476304561429e-01,2.779749821029968704e-01,6.237403142933422018e-01,7.785904822394701559e-03,-5.618892987966984248e-02,2.569900318518552815e-02,3.253240656177824319e-01,1.103454274161612958e-01,-3.759283312833831825e-02,2.897167938035484849e-02,3.008316094341502711e-01,5.355208033235488996e-01,4.051779050792092551e-01,2.239534700065082262e-01,1.000000000000000000e+00,3.894776021828227908e-01,5.130706196736207758e-01,4.656217974693509509e-01,4.384906751851563311e-01,5.411240072679799340e-01,6.435220404665284999e-01,2.868351104433394250e-01,1.750738019440473692e-01,5.036756421747190515e-01,-7.860246568845122295e-02,6.207122956012315340e-01,1.233950613881393266e-01,2.819244906566030773e-01
-3.787166093941796152e-01,-2.085516518780656803e-01,9.324092127538254060e-02,-1.505241083107663469e-01,2.535284397700809586e-02,-4.966383787382770421e-01,-5.559790138450330099e-01,3.367988889807775887e-01,3.671063932766826521e-01,4.242316642593261383e-02,-4.761953684856624902e-02,5.429872306421148487e-01,-5.933423759527134411e-01,3.255253799478371318e-02,5.432669908743521514e-01,-2.886289863839622827e-01,6.182426059396569640e-01,-4.095495824109985361e-01,1.920092177765725105e-01,2.274528497386170967e-01,-7.364973254047536555e-01,-4.292327392903742544e-01,-3.885486698248571957e-01,-5.073879285615312540e-01,-4.969362355674400988e-01,3.894776021828227908e-01,1.000000000000000000e+00,-3.734131918582764831e-01,-4.967275649016540950e-01,-2.570468196511047076e-01,-3.716827879977620541e-01,6.255057166081234854e-02,-5.843854191087793915e-01,7.667175504430102928e-02,-4.410124202415752759e-01,4.231231244715227269e-01,-2.781196169065929258e-01,-1.284717941971818267e-01,-1.640493650751692900e-01
6.079166460718709031e-01,3.328906648574294080e-01,3.985629979609878748e-01,4.082675033731636982e-01,4.418548060688325396e-01,8.544580853312065960e-01,7.529339057360701082e-01,-7.382280154474190059e-01,2.763128776982589629e-01,2.912075540234114746e-01,2.547492076180142284e-01,-6.669047828821279555e-01,7.835800042127561982e-01,5.996110679244195385e-01,-5.480981464120829871e-01,3.505454713249140375e-01,-5.805264606452792409e-01,7.008448774828647254e-01,1.090947024769437168e-04,-2.483065037409855902e-01,7.200001160134481548e-01,7.387642796627075237e-01,8.442315600579590740e-01,8.595675620444749310e-01,6.879666903014893808e-01,5.130706196736207758e-01,-3.734131918582764831e-01,1.000000000000000000e+00,8.626101022735630508e-01,7.031326677386079416e-01,8.051063247955811963e-01,5.595345013989037053e-01,8.773599742325338680e-01,1.759409750153815566e-01,8.793493646801948671e-01,-4.613549236043120172e-01,8.331939660114672241e-01,1.181649414911353363e-01,3.467275163983764008e-01
6.505199689693123011e-01,3.153155061531821568e-01,2.767025769924530421e-01,3.365563807926255646e-01,3.694561390912990961e-01,9.266394285062466984e-01,7.714774415149959763e-01,-7.088780193877269875e-01,1.377626922394384335e-01,1.287050968743685408e-01,3.151103071087451579e-01,-7.153758788256048273e-01,8.424214033008003977e-01,5.533172417855710679e-01,-5.860104620520031338e-01,2.174632547721368214e-01,-5.924863308618260049e-01,7.130636680561364127e-01,-8.343616249531199403e-02,-2.687517101846251255e-01,7.732823080374350289e-01,7.177115564905642842e-01,8.787000380044855952e-01,9.264870495482625534e-01,7.076196394078239083e-01,4.656217974693509509e-01,-4.967275649016540950e-01,8.626101022735630508e-01,1.000000000000000000e+00,6.337066538476520128e-01,8.173267928479026612e-01,5.900308928580281220e-01,8.844948533997257778e-01,5.547784054573928064e-02,9.316926747611687931e-01,-6.028008684903364278e-01,8.904015976860922832e-01,1.094513723542302752e-01,3.356905605362297540e-01
5.803609374435141355e-01,4.937343534880320184e-01,5.727505394423334506e-01,3.933922368667392422e-01,5.627065319369931595e-01,6.438635265059653445e-01,5.759840417601471696e-01,-7.546455508320213390e-01,5.501108621219845674e-01,5.989524516066468962e-01,7.210070449877920007e-02,-4.551507367100689483e-01,5.813650297828085733e-01,6.085146873048833394e-01,-3.554792248649632502e-01,6.177971374342176025e-01,-4.686732906583720992e-01,6.475810042297700519e-01,2.651091088401189011e-01,-3.504383234221328247e-01,5.191271302854364444e-01,4.645385771778788309e-01,7.144372919812533862e-01,6.711162726152166691e-01,7.080176472261416887e-01,4.384906751851563311e-01,-2.570468196511047076e-01,7.031326677386079416e-01,6.337066538476520128e-01,1.000000000000000000e+00,6.881234450169203543e-01,3.946697997470220431e-01,6.294745180800785933e-01,4.828248149803476830e-01,6.635402382186864623e-01,-7.588615645500654261e-02,6.223378905859476840e-01,2.999476171190392226e-01,4.601827942208878697e-01
5.754032231355972193e-01,3.970878366198407616e-01,3.976471333792673257e-01,3.487170913685355700e-01,3.894907118248764899e-01,8.304151209022068159e-01,6.846713759917207875e-01,-7.236365733366518782e-01,2.338364973371980515e-01,2.412425112662603677e-01,1.520037715182108728e-01,-5.983602800361619289e-01,6.921226743194738296e-01,6.025056061790003969e-01,-5.072272500881065405e-01,2.866348329158878161e-01,-5.317710643404093274e-01,6.823836710376777193e-01,3.018224980471172561e-02,-3.152606717488772303e-01,6.388938753181842012e-01,6.155650948677524603e-01,8.153285271931349776e-01,8.136792170656510503e-01,6.237406948929757888e-01,5.411240072679799340e-01,-3.716827879977620541e-01,8.051063247955811963e-01,8.173267928479026612e-01,6.881234450169203543e-01,1.000000000000000000e+00,5.258609859653968766e-01,7.694178591508572529e-01,1.291001824924954688e-01,8.484402271671479534e-01,-4.364558562552908749e-01,8.158608084444618491e-01,1.347920791541989405e-01,3.461249200544670446e-01
1.428073545715323744e-01,1.917586908825056891e-01,9.607965404820782707e-02,2.374074553748237726e-01,2.988370569344319105e-01,6.286971075302749679e-01,5.223929581691590940e-01,-2.986503022516565631e-01,2.250023723494911365e-01,1.211281405794921613e-02,5.679838924764888386e-01,-5.533826830704882127e-01,5.790587192268391581e-01,5.369426750229083778e-01,-4.608212341632597631e-01,-1.293615484119828019e-01,6.297331748094880943e-03,2.962899104768297320e-01,-1.469000246315451952e-01,1.421937432418207865e-02,1.691963031915447169e-01,6.076035421976107020e-01,6.544850387972009909e-01,5.817548239550697220e-01,2.109804499624785834e-01,6.435220404665284999e-01,6.255057166081234854e-02,5.595345013989037053e-01,5.900308928580281220e-01,3.946697997470220431e-01,5.258609859653968766e-01,1.000000000000000000e+00,4.627660187942690961e-01,-1.432876220424865177e-01,6.411188157534383203e-01,-4.709651085621562872e-01,7.484117301417465562e-01,-1.263623715284235005e-01,7.713776948282387302e-02
5.684944790271342363e-01,2.601578160325754285e-01,2.281763838639566944e-01,4.032812447428927860e-01,3.283144410351399589e-01,8.765649340340428974e-01,8.289005255612817979e-01,-6.812506363342865079e-01,1.277867982057427354e-01,1.806195232716628074e-01,2.731829855142716146e-01,-7.325861973915656078e-01,8.596696348739760740e-01,4.580742269364835306e-01,-6.578965898878311735e-01,3.736678180458940512e-01,-7.143034864695620989e-01,7.232511532736584092e-01,-7.273499618984555215e-02,-2.361738391986125118e-01,8.602615986844404095e-01,7.566749644535742947e-01,8.173774082431335408e-01,8.948266899025695276e-01,7.117303897018051329e-01,2.868351104433394250e-01,-5.843854191087793915e-01,8.773599742325338680e-01,8.844948533997257778e-01,6.294745180800785933e-01,7.694178591508572529e-01,4.627660187942690961e-01,1.000000000000000000e+00,8.334001510632869925e-02,8.838832501033599964e-01,-5.986888495401240240e-01,7.938123495308060384e-01,6.136020091498047696e-02,3.075646860060590737e-01
4.036949040928901056e-01,4.085333073729455755e-01,6.566161221736623865e-01,2.223630176963934391e-01,7.248251192632264583e-01,5.676812449510967862e-02,2.193859779858674947e-02,-4.678778139697042371e-01,6.000275323438991615e-01,7.246000807677854816e-01,-2.244354772047506275e-01,9.833321487242607795e-02,-1.219429924266910749e-02,3.821126871119514545e-01,1.856481540292909405e-01,6.180581586203661715e-01,-2.062981637952168434e-01,3.116993451472557242e-01,6.605393355600752692e-01,-2.228064551414951633e-01,1.267535249829117860e-01,-1.219357471130678161e-01,1.775583354484993603e-01,8.114999327171810994e-02,4.311488218558530150e-01,1.750738019440473692e-01,7.667175504430102928e-02,1.759409750153815566e-01,5.547784054573928064e-02,4.828248149803476830e-01,1.291001824924954688e-01,-1.432876220424865177e-01,8.334001510632869925e-02,1.000000000000000000e+00,5.584702869663657476e-02,5.294856494736870367e-01,-2.254821796664302404e-03,3.450109337625769657e-01,3.225887592235411327e-01
5.736963668744861078e-01,3.060248044999798744e-01,2.789084696686678355e-01,3.892075209921488366e-01,3.815188647479464956e-01,9.327119569129856957e-01,8.020555215347876521e-01,-7.081979305637821076e-01,1.795938632505326149e-01,1.590057277822416459e-01,2.784829960384805347e-01,-7.308096139272792779e-01,8.494430213148633779e-01,5.826200831800154578e-01,-6.271196417029863968e-01,2.332424703666884092e-01,-5.891647734050245999e-01,7.209571522437889790e-01,-7.370839878900597997e-02,-2.518713602219080916e-01,7.366251879779073253e-01,7.299639398536227342e-01,8.812376721202443974e-01,9.332558564499342513e-01,6.709515189698597171e-01,5.036756421747190515e-01,-4.410124202415752759e-01,8.793493646801948671e-01,9.316926747611687931e-01,6.635402382186864623e-01,8.484402271671479534e-01,6.411188157534383203e-01,8.838832501033599964e-01,5.584702869663657476e-02,1.000000000000000000e+00,-6.151002771609556108e-01,9.283315972655074022e-01,3.618997940527043239e-02,3.260402787223515286e-01
-8.329862028795712026e-02,2.644889023063607403e-01,3.184159938100085130e-01,-2.297266264783822121e-01,9.797991662140657920e-02,-6.076415997652516721e-01,-6.012331405808895024e-01,1.537942053431878286e-01,3.766425735749088788e-01,4.415108990236950026e-01,-4.302266830358509320e-01,6.762118713757904187e-01,-6.010812840063814999e-01,-4.472709944990609088e-02,6.892828838011725301e-01,1.929462941022868361e-01,3.177548379761231945e-01,-3.376955505248188105e-01,4.427193221100730325e-01,-3.157757344278518119e-02,-5.116498403158608044e-01,-5.852879687929710695e-01,-4.472523118851517987e-01,-6.090575346206774654e-01,-1.605127756569889041e-01,-7.860246568845122295e-02,4.231231244715227269e-01,-4.613549236043120172e-01,-6.028008684903364278e-01,-7.588615645500654261e-02,-4.364558562552908749e-01,-4.709651085621562872e-01,-5.986888495401240240e-01,5.294856494736870367e-01,-6.151002771609556108e-01,1.000000000000000000e+00,-5.981857210091440225e-01,3.690118671580363552e-01,1.489977682907447365e-01
5.237302563831136570e-01,3.139139567775986461e-01,2.602792912460652475e-01,3.548449041087034517e-01,3.613298590531626719e-01,8.973314683085769072e-01,7.350006147191116002e-01,-6.410540831770755732e-01,2.123657440210793002e-01,1.201052804789535244e-01,2.912272272477399726e-01,-6.835294634271993353e-01,7.832120231505073082e-01,5.932531831676846057e-01,-5.585752632058382794e-01,1.156816004703857953e-01,-4.600603089631014608e-01,6.567990250291817489e-01,-9.394089350703765939e-02,-2.056738306398243898e-01,5.994253286693831395e-01,6.828111873557062284e-01,8.639980536507356756e-01,8.844699618121621976e-01,5.852866597552472960e-01,6.207122956012315340e-01,-2.781196169065929258e-01,8.331939660114672241e-01,8.904015976860922832e-01,6.223378905859476840e-01,8.158608084444618491e-01,7.484117301417465562e-01,7.938123495308060384e-01,-2.254821796664302404e-03,9.283315972655074022e-01,-5.981857210091440225e-01,1.000000000000000000e+00,2.187171453043951219e-02,3.316839086102553180e-01
6.139023262986058604e-01,5.641376512379269181e-01,3.449287207328425864e-01,-3.700797372250955730e-01,5.230565316407718296e-02,7.998162224384873509e-02,-9.989576936743281566e-02,-2.767469781952014429e-01,2.703132443008088304e-01,4.258086829440380638e-01,-2.181040834916542770e-01,1.789105667455492543e-01,4.336126189016818039e-02,1.413391890456681954e-01,4.047786899629484125e-01,3.203208790389091010e-01,-2.339761879026741043e-01,-8.123602807100116507e-02,-3.261461356594084343e-02,-1.655033276723863189e-01,1.034040650675890211e-01,-5.291651084844115754e-02,2.075188764139790643e-01,4.976123037489299517e-02,4.367281635447838872e-01,1.233950613881393266e-01,-1.284717941971818267e-01,1.181649414911353363e-01,1.094513723542302752e-01,2.999476171190392226e-01,1.347920791541989405e-01,-1.263623715284235005e-01,6.136020091498047696e-02,3.450109337625769657e-01,3.618997940527043239e-02,3.690118671580363552e-01,2.187171453043951219e-02,1.000000000000000000e+00,6.341295062893638201e-01
5.517549623435985540e-01,6.047064097989253151e-01,3.557764696667619075e-01,-2.508681639972747957e-01,1.146294328444480703e-01,3.318181312412759598e-01,6.042789352830734567e-02,-4.358661047267525235e-01,4.053445167034384622e-01,4.431294912372784611e-01,-2.334989724009708112e-01,7.261800634883977534e-02,2.446273786424393859e-01,2.722881783079157403e-01,2.239734723318063669e-01,3.614002442341685550e-01,-3.586696288351766682e-01,1.882060624884911992e-01,-8.773763595325527465e-02,-1.604012716373094394e-01,3.067683758639323521e-01,1.373921705212907962e-01,3.948948092324420789e-01,3.263321775168540051e-01,5.695858770562930440e-01,2.819244906566030773e-01,-1.640493650751692900e-01,3.467275163983764008e-01,3.356905605362297540e-01,4.601827942208878697e-01,3.461249200544670446e-01,7.713776948282387302e-02,3.075646860060590737e-01,3.225887592235411327e-01,3.260402787223515286e-01,1.489977682907447365e-01,3.316839086102553180e-01,6.341295062893638201e-01,1.000000000000000000e+00
