1.000000000000000000e+00,9.636955385655414652e-01,9.551922729012182200e-01,9.736211697733956338e-01,9.452344914238225426e-01,8.834798679481467021e-01,8.934204459073806781e-01,9.034632202631021070e-01,9.440168443374833407e-01,8.974985655416205521e-01,9.608174167287505396e-01,8.662137061033244878e-01,9.526612522822820450e-01,9.699492935554966389e-01,8.727721150383340731e-01,9.540036468894216304e-01,9.428444392016823716e-01,9.013261212711078940e-01,9.048155112680581480e-01,9.694107576998780562e-01,9.571356366853538411e-01,9.681893513714517896e-01,9.353455030614469257e-01,9.829254538158205268e-01,9.534317516579609020e-01,9.337070797237659869e-01,9.365105811531448943e-01,9.812743855410466232e-01,9.532970128628320827e-01,9.195351403214396813e-01,9.775785547454821645e-01,9.608997128457662518e-01,8.661143287300757665e-01,8.652442124890398212e-01,9.187466271724775702e-01,9.519763509972770654e-01,9.396380585820102160e-01,8.614316019505932065e-01,8.889729013283337311e-01
9.636955385655414652e-01,1.000000000000000000e+00,9.744406446270535982e-01,9.736017385564228466e-01,9.623059393389662430e-01,8.833178055624733016e-01,9.092292276363966863e-01,9.190896700974613420e-01,9.274397838487242751e-01,9.130704997778829046e-01,9.816027472287482958e-01,8.833355495956691783e-01,9.669077367977084725e-01,9.495456465601512797e-01,8.872910759090628652e-01,9.694894041189886513e-01,9.250171792794434911e-01,9.158413572934447355e-01,9.223147162685383371e-01,9.789722346640159500e-01,9.750336313410480349e-01,9.491840462160707759e-01,9.229383774601889190e-01,9.616687960372222177e-01,9.350056304390031992e-01,9.212324776474624111e-01,9.211099463232667039e-01,9.680334341410662402e-01,9.349474063648786082e-01,9.379140256748573767e-01,9.548106257770476724e-01,9.818455739848765962e-01,8.808192947319882782e-01,8.807787705650719223e-01,9.383699893763747246e-01,9.358690208239912600e-01,9.540317876590533874e-01,8.764812930610986763e-01,9.074480892042832147e-01
9.551922729012182200e-01,9.744406446270535982e-01,1.000000000000000000e+00,9.649002080713451335e-01,9.751372909652492593e-01,8.752675300959720239e-01,9.160637133671748478e-01,9.268492110380549542e-01,9.172560286073281333e-01,9.174759361939993640e-01,9.750638479089237531e-01,8.849179316773609916e-01,9.796580696502302787e-01,9.390252543937130936e-01,8.843261622776190656e-01,9.826351339871960411e-01,9.151026569393979626e-01,9.217774413386436994e-01,9.264469612549185440e-01,9.694436545811747630e-01,9.834393132265589754e-01,9.392673350908800067e-01,9.110643035519925270e-01,9.537786896668832837e-01,9.269265725505101416e-01,9.092341905462344442e-01,9.099621423463492009e-01,9.582213338487965970e-01,9.263300423239025916e-01,9.432802069805131806e-01,9.473910341734536056e-01,9.772010654064329227e-01,8.832494655108708015e-01,8.822985387980282201e-01,9.478266933471035660e-01,9.236609873858859787e-01,9.661462166032024346e-01,8.790203419174561494e-01,9.133135917912416080e-01
9.736211697733956338e-01,9.736017385564228466e-01,9.649002080713451335e-01,1.000000000000000000e+00,9.533357163621339891e-01,8.826689541999812594e-01,8.987026317039125134e-01,9.078137374294847906e-01,9.373152298531906013e-01,9.036147025474118299e-01,9.726419218606345840e-01,8.738026235885588688e-01,9.595214394881522724e-01,9.565092630860786427e-01,8.786974218680876358e-01,9.623617225063116898e-01,9.361898819434137931e-01,9.068548688837582139e-01,9.098859828052285881e-01,9.802518225487349968e-01,9.668706654069371131e-01,9.554336235250460163e-01,9.319554496686065503e-01,9.717294839655699068e-01,9.429329280556801862e-01,9.303617257734503321e-01,9.308056844022288834e-01,9.787942266481103326e-01,9.440379871795741007e-01,9.242862197352244014e-01,9.641614939760081437e-01,9.692940117990654914e-01,8.696896914082590246e-01,8.688498985944125286e-01,9.253491041414995122e-01,9.443089262546711105e-01,9.457198888396455283e-01,8.642681355353429851e-01,8.972627437878677448e-01
9.452344914238225426e-01,9.623059393389662430e-01,9.751372909652492593e-01,9.533357163621339891e-01,1.000000000000000000e+00,8.764439479830918867e-01,9.252708521105821315e-01,9.384522262671454174e-01,9.076126954049258400e-01,9.267416021203587206e-01,9.638289404496807045e-01,8.903270892162975514e-01,9.807953109031622985e-01,9.306285728280795366e-01,8.905204507780207779e-01,9.780017858349748794e-01,9.059352444178283559e-01,9.292566628068867907e-01,9.353019199332085476e-01,9.565485317323201286e-01,9.727587319616159967e-01,9.313683838510712354e-01,9.048682832711235635e-01,9.440630850983976474e-01,9.195329942459418149e-01,9.039498942372876655e-01,9.020761309599001354e-01,9.492202299217150641e-01,9.200764872544534567e-01,9.565915462162610794e-01,9.365789707900141758e-01,9.662386431201523962e-01,8.926315254778440789e-01,8.928622517792090818e-01,9.602816839499701551e-01,9.151509493250790106e-01,9.754421813985029166e-01,8.887143307199196762e-01,9.214078755207070204e-01
8.834798679481467021e-01,8.833178055624733016e-01,8.752675300959720239e-01,8.826689541999812594e-01,8.764439479830918867e-01,1.000000000000000000e+00,9.046686109797255071e-01,9.021035386515073862e-01,8.967178942989262325e-01,9.065913901943847275e-01,8.828194037975496400e-01,8.723290331011768206e-01,8.780549151573956435e-01,8.931996584139703099e-01,9.284088057505190950e-01,8.771881979202317270e-01,8.942337910476770846e-01,9.067135647690014455e-01,9.014565246277727040e-01,8.796808107295103207e-01,8.743883057644863399e-01,8.950047750301759475e-01,8.969422204936948750e-01,8.838953196251227995e-01,8.986587150516475164e-01,9.016381937256841006e-01,8.917986540709138543e-01,8.782266345429476928e-01,9.002201224914958555e-01,8.850580852880423066e-01,8.829417691346888031e-01,8.866823272712011095e-01,9.132294288347418965e-01,9.135549263293056832e-01,8.808742475178059639e-01,8.993146681744689230e-01,8.902629376336319567e-01,9.163743748375536846e-01,9.068657511851326847e-01
8.934204459073806781e-01,9.092292276363966863e-01,9.160637133671748478e-01,8.987026317039125134e-01,9.252708521105821315e-01,9.046686109797255071e-01,1.000000000000000000e+00,9.656578344598665264e-01,8.687022077244502816e-01,9.815358159539265825e-01,9.088971527755588253e-01,9.169589641646065381e-01,9.239835865776353518e-01,8.898414633658696671e-01,9.356378672751337611e-01,9.212313220683041592e-01,8.662191158016060433e-01,9.805455057407002073e-01,9.724010493148241840e-01,9.012147853693367461e-01,9.123856930373279717e-01,8.898348446713104654e-01,8.603025189253767913e-01,8.965813266871418552e-01,8.797987333373932239e-01,8.627794650804154752e-01,8.587367237831154965e-01,8.958470284439459252e-01,8.800088532634424698e-01,9.447115147272027169e-01,8.936618236132409798e-01,9.104043419382104041e-01,9.535731777506297746e-01,9.537575253133907527e-01,9.422315706085375719e-01,8.757043578564627229e-01,9.355976838658378592e-01,9.479933666105107015e-01,9.820243779177243448e-01
9.034632202631021070e-01,9.190896700974613420e-01,9.268492110380549542e-01,9.078137374294847906e-01,9.384522262671454174e-01,9.021035386515073862e-01,9.656578344598665264e-01,1.000000000000000000e+00,8.789699514624812471e-01,9.692708483517883389e-01,9.155659027836041686e-01,9.017441264271439660e-01,9.357492242987758280e-01,8.980326929276047920e-01,9.192985680137508719e-01,9.328137557219419174e-01,8.761690527806285100e-01,9.698266902949417290e-01,9.775184815757779200e-01,9.099592184778206860e-01,9.236370161460399908e-01,8.979425047390682257e-01,8.723551647368019690e-01,9.041472714877617500e-01,8.910536055212202600e-01,8.736795418779377265e-01,8.721436079359058402e-01,9.051427845461436084e-01,8.904883916900994123e-01,9.653867682208515655e-01,9.013434492928924513e-01,9.199357921933605242e-01,9.355157946775006783e-01,9.366144322312491832e-01,9.605084711848157486e-01,8.881751945963946016e-01,9.496859625977278618e-01,9.299230434699968795e-01,9.603700690336569590e-01
9.440168443374833407e-01,9.274397838487242751e-01,9.172560286073281333e-01,9.373152298531906013e-01,9.076126954049258400e-01,8.967178942989262325e-01,8.687022077244502816e-01,8.789699514624812471e-01,1.000000000000000000e+00,8.732039664237624121e-01,9.279819270777506235e-01,8.777437639177751993e-01,9.119597164835590020e-01,9.589497774231281468e-01,8.711613922596329607e-01,9.158642126320803989e-01,9.845501859129507372e-01,8.781580078717724502e-01,8.807279791855640028e-01,9.334274989855604332e-01,9.213062629804598114e-01,9.607494039737550784e-01,9.745579382173481520e-01,9.450828057399458526e-01,9.675352178149280169e-01,9.722653602562180142e-01,9.778275937743449164e-01,9.429523437308873213e-01,9.659798730678669232e-01,8.816148218491368649e-01,9.502077711634440149e-01,9.262049309841260403e-01,8.518811813528265331e-01,8.544280801894090782e-01,8.862052621999543245e-01,9.800603137269514598e-01,9.035558479799055132e-01,8.550961676585322468e-01,8.686947444281883923e-01
8.974985655416205521e-01,9.130704997778829046e-01,9.174759361939993640e-01,9.036147025474118299e-01,9.267416021203587206e-01,9.065913901943847275e-01,9.815358159539265825e-01,9.692708483517883389e-01,8.732039664237624121e-01,1.000000000000000000e+00,9.111166835343675885e-01,9.156997332720074878e-01,9.265513503256038730e-01,8.937375085424127397e-01,9.325473344824604105e-01,9.240598101176747958e-01,8.711978988774418120e-01,9.827400043753156123e-01,9.749633653251738030e-01,9.058277615874471556e-01,9.139971737834139409e-01,8.935941277994389198e-01,8.683986004303732020e-01,9.005884614474236605e-01,8.831840030708385525e-01,8.708236044815780286e-01,8.665793322542806321e-01,9.011299248629345282e-01,8.838353390937323528e-01,9.493524027349381500e-01,8.966429435456861885e-01,9.133186073297004937e-01,9.501466021710083254e-01,9.518401621306408211e-01,9.451116467758231554e-01,8.796367137252552038e-01,9.368702105747388487e-01,9.447850308413663356e-01,9.790064985824620258e-01
9.608174167287505396e-01,9.816027472287482958e-01,9.750638479089237531e-01,9.726419218606345840e-01,9.638289404496807045e-01,8.828194037975496400e-01,9.088971527755588253e-01,9.155659027836041686e-01,9.279819270777506235e-01,9.111166835343675885e-01,1.000000000000000000e+00,8.891623007366150633e-01,9.674300527302546193e-01,9.471570725949269853e-01,8.898045843610211669e-01,9.700939392078534729e-01,9.253046202201832271e-01,9.153660664546204861e-01,9.194803624648847373e-01,9.769924423697404769e-01,9.759421573036570763e-01,9.463080863661179620e-01,9.227505852765907068e-01,9.591027131799160221e-01,9.348605802314240432e-01,9.210763493858183937e-01,9.195611953683772155e-01,9.651110894339940405e-01,9.348556498343643106e-01,9.333654174105482371e-01,9.514782350904192887e-01,9.821969209140953838e-01,8.832860623796913169e-01,8.821822363732811922e-01,9.355771065589770785e-01,9.358948328287712837e-01,9.531830025687895169e-01,8.784558357640337434e-01,9.074604928802590953e-01
8.662137061033244878e-01,8.833355495956691783e-01,8.849179316773609916e-01,8.738026235885588688e-01,8.903270892162975514e-01,8.723290331011768206e-01,9.169589641646065381e-01,9.017441264271439660e-01,8.777437639177751993e-01,9.156997332720074878e-01,8.891623007366150633e-01,1.000000000000000000e+00,8.890407620617338802e-01,8.740079110216237845e-01,9.207870861408614660e-01,8.898080012611137013e-01,8.796229074286899818e-01,9.166213142971353367e-01,9.155185930337149669e-01,8.749979305081639902e-01,8.834919180188964827e-01,8.742227204259304107e-01,8.803140104857287707e-01,8.680823332478493359e-01,8.760179760088311340e-01,8.819118091989507358e-01,8.766718078688651161e-01,8.751650348916528710e-01,8.778928549801110481e-01,8.939727446647826037e-01,8.676875785836224431e-01,8.876402636634257437e-01,9.415418567952640316e-01,9.395944827534815635e-01,9.024643860359051750e-01,8.813484440831276245e-01,8.937145777977805183e-01,9.384177139908606025e-01,9.190314391163716401e-01
9.526612522822820450e-01,9.669077367977084725e-01,9.796580696502302787e-01,9.595214394881522724e-01,9.807953109031622985e-01,8.780549151573956435e-01,9.239835865776353518e-01,9.357492242987758280e-01,9.119597164835590020e-01,9.265513503256038730e-01,9.674300527302546193e-01,8.890407620617338802e-01,1.000000000000000000e+00,9.380917374845625378e-01,8.867832619624494983e-01,9.833043935469311103e-01,9.106172566372753296e-01,9.298851047625047439e-01,9.343806891415661342e-01,9.626871255621843870e-01,9.779732544092898383e-01,9.385699352354457403e-01,9.082105546564818166e-01,9.511394969460955640e-01,9.255435374019621575e-01,9.075606296674803009e-01,9.068022623694037554e-01,9.554011018201805649e-01,9.261482226228162640e-01,9.528501255599542974e-01,9.448916885342373284e-01,9.700180595479299672e-01,8.897808161749399813e-01,8.893676052950127975e-01,9.563481309626009619e-01,9.193175754031750468e-01,9.715215090830194855e-01,8.856020485826009425e-01,9.198080798317236351e-01
9.699492935554966389e-01,9.495456465601512797e-01,9.390252543937130936e-01,9.565092630860786427e-01,9.306285728280795366e-01,8.931996584139703099e-01,8.898414633658696671e-01,8.980326929276047920e-01,9.589497774231281468e-01,8.937375085424127397e-01,9.471570725949269853e-01,8.740079110216237845e-01,9.380917374845625378e-01,1.000000000000000000e+00,8.744924208195462567e-01,9.386027446788104411e-01,9.587591515184692437e-01,8.983537791946702988e-01,9.010703398341247672e-01,9.537758448722118976e-01,9.416119186126555851e-01,9.847039580005870762e-01,9.511473738743632111e-01,9.705163823191028660e-01,9.730786042598252861e-01,9.500142755072796819e-01,9.524247750288636905e-01,9.656621757230133829e-01,9.719924863877869026e-01,9.089832366770584926e-01,9.774986193414038071e-01,9.476122012674356165e-01,8.689322055812070955e-01,8.689982451447226808e-01,9.115301579008783239e-01,9.668413938008038055e-01,9.264592964867968128e-01,8.671876982180344307e-01,8.866029313838583725e-01
8.727721150383340731e-01,8.872910759090628652e-01,8.843261622776190656e-01,8.786974218680876358e-01,8.905204507780207779e-01,9.284088057505190950e-01,9.356378672751337611e-01,9.192985680137508719e-01,8.711613922596329607e-01,9.325473344824604105e-01,8.898045843610211669e-01,9.207870861408614660e-01,8.867832619624494983e-01,8.744924208195462567e-01,1.000000000000000000e+00,8.856434883511881129e-01,8.680177449415975577e-01,9.292132808964510549e-01,9.226340886194228652e-01,8.792089680948644848e-01,8.820532953473847471e-01,8.739545440523177611e-01,8.646364383662700215e-01,8.738669441844610919e-01,8.742153289662468740e-01,8.667561850870155737e-01,8.583675093668945433e-01,8.758576150372848756e-01,8.776655089275925414e-01,9.044627701209135839e-01,8.717682817927918659e-01,8.894111221667874156e-01,9.548700599398222133e-01,9.531478073015621222e-01,9.037825274109555496e-01,8.772451304015886908e-01,9.033216926874958475e-01,9.515261704911017748e-01,9.378106707850847323e-01
9.540036468894216304e-01,9.694894041189886513e-01,9.826351339871960411e-01,9.623617225063116898e-01,9.780017858349748794e-01,8.771881979202317270e-01,9.212313220683041592e-01,9.328137557219419174e-01,9.158642126320803989e-01,9.240598101176747958e-01,9.700939392078534729e-01,8.898080012611137013e-01,9.833043935469311103e-01,9.386027446788104411e-01,8.856434883511881129e-01,1.000000000000000000e+00,9.145009102676538992e-01,9.277636699358053907e-01,9.322215476301177750e-01,9.649512761814835748e-01,9.811508965288721074e-01,9.390115398770164656e-01,9.108299318814765400e-01,9.528817320306396388e-01,9.271993634935203898e-01,9.101368898993211776e-01,9.100465601133176374e-01,9.573316605444223137e-01,9.274045026996113883e-01,9.479317869126283602e-01,9.468564147334879166e-01,9.732519494743808730e-01,8.881759709709866613e-01,8.884839942378301991e-01,9.526535715826579542e-01,9.226040186290717093e-01,9.689198106303045233e-01,8.848148351939428835e-01,9.172834303188684979e-01
9.428444392016823716e-01,9.250171792794434911e-01,9.151026569393979626e-01,9.361898819434137931e-01,9.059352444178283559e-01,8.942337910476770846e-01,8.662191158016060433e-01,8.761690527806285100e-01,9.845501859129507372e-01,8.711978988774418120e-01,9.253046202201832271e-01,8.796229074286899818e-01,9.106172566372753296e-01,9.587591515184692437e-01,8.680177449415975577e-01,9.145009102676538992e-01,1.000000000000000000e+00,8.760388118195424623e-01,8.785543133315371067e-01,9.313791458550392255e-01,9.192613122053618913e-01,9.606837349346440957e-01,9.759387491058733044e-01,9.446254073856381606e-01,9.673627984801462798e-01,9.737777324384069288e-01,9.792783472823848312e-01,9.422444756637524677e-01,9.664263321431986187e-01,8.783964281845350053e-01,9.506547272183636377e-01,9.241698776345435018e-01,8.508344759517790790e-01,8.532423929528329953e-01,8.836417686247763914e-01,9.784027285801181195e-01,9.003871497417477165e-01,8.534081463839827686e-01,8.659518298854897989e-01
9.013261212711078940e-01,9.158413572934447355e-01,9.217774413386436994e-01,9.068548688837582139e-01,9.292566628068867907e-01,9.067135647690014455e-01,9.805455057407002073e-01,9.698266902949417290e-01,8.781580078717724502e-01,9.827400043753156123e-01,9.153660664546204861e-01,9.166213142971353367e-01,9.298851047625047439e-01,8.983537791946702988e-01,9.292132808964510549e-01,9.277636699358053907e-01,8.760388118195424623e-01,1.000000000000000000e+00,9.768317705352366209e-01,9.080236655006941326e-01,9.199608343043516046e-01,8.975611358383469573e-01,8.727096665801002962e-01,9.046534712550362567e-01,8.889050990990596812e-01,8.746633463984189172e-01,8.706527252403138961e-01,9.041781661306935725e-01,8.893181205719229432e-01,9.498919138875888679e-01,9.009962905404994560e-01,9.167056623180392938e-01,9.475438446100564738e-01,9.481922231925788980e-01,9.459478964211421870e-01,8.854768984137139087e-01,9.390631926592741818e-01,9.411344967504065018e-01,9.769750815542657119e-01
9.048155112680581480e-01,9.223147162685383371e-01,9.264469612549185440e-01,9.098859828052285881e-01,9.353019199332085476e-01,9.014565246277727040e-01,9.724010493148241840e-01,9.775184815757779200e-01,8.807279791855640028e-01,9.749633653251738030e-01,9.194803624648847373e-01,9.155185930337149669e-01,9.343806891415661342e-01,9.010703398341247672e-01,9.226340886194228652e-01,9.322215476301177750e-01,8.785543133315371067e-01,9.768317705352366209e-01,1.000000000000000000e+00,9.133299704862203328e-01,9.244462659258929627e-01,9.011110572754910120e-01,8.759691881893593157e-01,9.072512771986067648e-01,8.929865193971293635e-01,8.775680363856458444e-01,8.745651943370185144e-01,9.076679096412412218e-01,8.920362587541119659e-01,9.581673553729027626e-01,9.039585919519748103e-01,9.229930175338934006e-01,9.404986240227716232e-01,9.422010091147871025e-01,9.545226912886636272e-01,8.890469169471495459e-01,9.436648511762151248e-01,9.359723012161542677e-01,9.669105247244031975e-01
9.694107576998780562e-01,9.789722346640159500e-01,9.694436545811747630e-01,9.802518225487349968e-01,9.565485317323201286e-01,8.796808107295103207e-01,9.012147853693367461e-01,9.099592184778206860e-01,9.334274989855604332e-01,9.058277615874471556e-01,9.769924423697404769e-01,8.749979305081639902e-01,9.626871255621843870e-01,9.537758448722118976e-01,8.792089680948644848e-01,9.649512761814835748e-01,9.313791458550392255e-01,9.080236655006941326e-01,9.133299704862203328e-01,1.000000000000000000e+00,9.707733764508659213e-01,9.534340074354370476e-01,9.282850267311875125e-01,9.684099931151780583e-01,9.400914357074916516e-01,9.260458507885469537e-01,9.266020409710796768e-01,9.736521483065798677e-01,9.413180119089585851e-01,9.283679921967897819e-01,9.598248547372864037e-01,9.748515715492697131e-01,8.708740251538870103e-01,8.702916587246584124e-01,9.289512745932225757e-01,9.409163663262495314e-01,9.483645130423020708e-01,8.651621269322887775e-01,8.998938141948344960e-01
9.571356366853538411e-01,9.750336313410480349e-01,9.834393132265589754e-01,9.668706654069371131e-01,9.727587319616159967e-01,8.743883057644863399e-01,9.123856930373279717e-01,9.236370161460399908e-01,9.213062629804598114e-01,9.139971737834139409e-01,9.759421573036570763e-01,8.834919180188964827e-01,9.779732544092898383e-01,9.416119186126555851e-01,8.820532953473847471e-01,9.811508965288721074e-01,9.192613122053618913e-01,9.199608343043516046e-01,9.244462659258929627e-01,9.707733764508659213e-01,1.000000000000000000e+00,9.420551474075008480e-01,9.155104883562436013e-01,9.562924352208586054e-01,9.307094675639532300e-01,9.129701858556766858e-01,9.145503428021243275e-01,9.607272620535473040e-01,9.304116341658228428e-01,9.409403816979823310e-01,9.492711085564323747e-01,9.786026384748742757e-01,8.784532724353030231e-01,8.781821749878975236e-01,9.449299489243228045e-01,9.282197013694778454e-01,9.639844376053797737e-01,8.740913733140400765e-01,9.093620550952280501e-01
9.681893513714517896e-01,9.491840462160707759e-01,9.392673350908800067e-01,9.554336235250460163e-01,9.313683838510712354e-01,8.950047750301759475e-01,8.898348446713104654e-01,8.979425047390682257e-01,9.607494039737550784e-01,8.935941277994389198e-01,9.463080863661179620e-01,8.742227204259304107e-01,9.385699352354457403e-01,9.847039580005870762e-01,8.739545440523177611e-01,9.390115398770164656e-01,9.606837349346440957e-01,8.975611358383469573e-01,9.011110572754910120e-01,9.534340074354370476e-01,9.420551474075008480e-01,1.000000000000000000e+00,9.538632403485567401e-01,9.696473480689489222e-01,9.742010229336465210e-01,9.526350618712680074e-01,9.552977523625811873e-01,9.635192069211376831e-01,9.728327007015609151e-01,9.096186806163619742e-01,9.763127645320818226e-01,9.475671418309223881e-01,8.674260564339468793e-01,8.682672705545777525e-01,9.123932173122994982e-01,9.674563649500010909e-01,9.274657472516829593e-01,8.666948144411457111e-01,8.867347700017893519e-01
9.353455030614469257e-01,9.229383774601889190e-01,9.110643035519925270e-01,9.319554496686065503e-01,9.048682832711235635e-01,8.969422204936948750e-01,8.603025189253767913e-01,8.723551647368019690e-01,9.745579382173481520e-01,8.683986004303732020e-01,9.227505852765907068e-01,8.803140104857287707e-01,9.082105546564818166e-01,9.511473738743632111e-01,8.646364383662700215e-01,9.108299318814765400e-01,9.759387491058733044e-01,8.727096665801002962e-01,8.759691881893593157e-01,9.282850267311875125e-01,9.155104883562436013e-01,9.538632403485567401e-01,1.000000000000000000e+00,9.383021858057281062e-01,9.601480727760046685e-01,9.849163154604212433e-01,9.819184712137385418e-01,9.357578179891837822e-01,9.601308449366396935e-01,8.784842601722903099e-01,9.412907324845735113e-01,9.215291735968487163e-01,8.456225021286480903e-01,8.479183156252173559e-01,8.850712767305485285e-01,9.695960993052660237e-01,8.989778801059191693e-01,8.474227386826689301e-01,8.601816701092911410e-01
9.829254538158205268e-01,9.616687960372222177e-01,9.537786896668832837e-01,9.717294839655699068e-01,9.440630850983976474e-01,8.838953196251227995e-01,8.965813266871418552e-01,9.041472714877617500e-01,9.450828057399458526e-01,9.005884614474236605e-01,9.591027131799160221e-01,8.680823332478493359e-01,9.511394969460955640e-01,9.705163823191028660e-01,8.738669441844610919e-01,9.528817320306396388e-01,9.446254073856381606e-01,9.046534712550362567e-01,9.072512771986067648e-01,9.684099931151780583e-01,9.562924352208586054e-01,9.696473480689489222e-01,9.383021858057281062e-01,1.000000000000000000e+00,9.554323183900015337e-01,9.372018711901953791e-01,9.393086264605213787e-01,9.785642149464194306e-01,9.549789645475481592e-01,9.188702838223546943e-01,9.797908041495572151e-01,9.594018566193150965e-01,8.677431776101587335e-01,8.669992149319225572e-01,9.189347229826164698e-01,9.536494488467315289e-01,9.389693522603359543e-01,8.638936052297296886e-01,8.915887727497562310e-01
9.534317516579609020e-01,9.350056304390031992e-01,9.269265725505101416e-01,9.429329280556801862e-01,9.195329942459418149e-01,8.986587150516475164e-01,8.797987333373932239e-01,8.910536055212202600e-01,9.675352178149280169e-01,8.831840030708385525e-01,9.348605802314240432e-01,8.760179760088311340e-01,9.255435374019621575e-01,9.730786042598252861e-01,8.742153289662468740e-01,9.271993634935203898e-01,9.673627984801462798e-01,8.889050990990596812e-01,8.929865193971293635e-01,9.400914357074916516e-01,9.307094675639532300e-01,9.742010229336465210e-01,9.601480727760046685e-01,9.554323183900015337e-01,1.000000000000000000e+00,9.578345744358542913e-01,9.627837928448708116e-01,9.504705711219724185e-01,9.846327687502411941e-01,8.965951723613690971e-01,9.629830367639811151e-01,9.343532417878641638e-01,8.642651501772559142e-01,8.663906788184158048e-01,8.983250384199131799e-01,9.742266254357626609e-01,9.133352292974382669e-01,8.643852967760902173e-01,8.784601819002635370e-01
9.337070797237659869e-01,9.212324776474624111e-01,9.092341905462344442e-01,9.303617257734503321e-01,9.039498942372876655e-01,9.016381937256841006e-01,8.627794650804154752e-01,8.736795418779377265e-01,9.722653602562180142e-01,8.708236044815780286e-01,9.210763493858183937e-01,8.819118091989507358e-01,9.075606296674803009e-01,9.500142755072796819e-01,8.667561850870155737e-01,9.101368898993211776e-01,9.737777324384069288e-01,8.746633463984189172e-01,8.775680363856458444e-01,9.260458507885469537e-01,9.129701858556766858e-01,9.526350618712680074e-01,9.849163154604212433e-01,9.372018711901953791e-01,9.578345744358542913e-01,1.000000000000000000e+00,9.805385577116159102e-01,9.340410126692120230e-01,9.576995224255373529e-01,8.779995035832472983e-01,9.400800304525115392e-01,9.203107988671368478e-01,8.491203612560881409e-01,8.510505030355894895e-01,8.846789858702318599e-01,9.673718293455371153e-01,8.984430215754336535e-01,8.515767656252135609e-01,8.623765621597692110e-01
9.365105811531448943e-01,9.211099463232667039e-01,9.099621423463492009e-01,9.308056844022288834e-01,9.020761309599001354e-01,8.917986540709138543e-01,8.587367237831154965e-01,8.721436079359058402e-01,9.778275937743449164e-01,8.665793322542806321e-01,9.195611953683772155e-01,8.766718078688651161e-01,9.068022623694037554e-01,9.524247750288636905e-01,8.583675093668945433e-01,9.100465601133176374e-01,9.792783472823848312e-01,8.706527252403138961e-01,8.745651943370185144e-01,9.266020409710796768e-01,9.145503428021243275e-01,9.552977523625811873e-01,9.819184712137385418e-01,9.393086264605213787e-01,9.627837928448708116e-01,9.805385577116159102e-01,1.000000000000000000e+00,9.356963133192084392e-01,9.619200847055106030e-01,8.751511886795602102e-01,9.435871698984263922e-01,9.198874782230902492e-01,8.412842830547686557e-01,8.443791607418752454e-01,8.808249562496609508e-01,9.729226916686100068e-01,8.958008003291296761e-01,8.431969876840172962e-01,8.587563921086956986e-01
9.812743855410466232e-01,9.680334341410662402e-01,9.582213338487965970e-01,9.787942266481103326e-01,9.492202299217150641e-01,8.782266345429476928e-01,8.958470284439459252e-01,9.051427845461436084e-01,9.429523437308873213e-01,9.011299248629345282e-01,9.651110894339940405e-01,8.751650348916528710e-01,9.554011018201805649e-01,9.656621757230133829e-01,8.758576150372848756e-01,9.573316605444223137e-01,9.422444756637524677e-01,9.041781661306935725e-01,9.076679096412412218e-01,9.736521483065798677e-01,9.607272620535473040e-01,9.635192069211376831e-01,9.357578179891837822e-01,9.785642149464194306e-01,9.504705711219724185e-01,9.340410126692120230e-01,9.356963133192084392e-01,1.000000000000000000e+00,9.510437225268953965e-01,9.231713117940549829e-01,9.721866325587418256e-01,9.642110902821949825e-01,8.681755397375231498e-01,8.681369229210140759e-01,9.238611916124549461e-01,9.500789024918891990e-01,9.431405993387460551e-01,8.643288993294101497e-01,8.920846661709566083e-01
9.532970128628320827e-01,9.349474063648786082e-01,9.263300423239025916e-01,9.440379871795741007e-01,9.200764872544534567e-01,9.002201224914958555e-01,8.800088532634424698e-01,8.904883916900994123e-01,9.659798730678669232e-01,8.838353390937323528e-01,9.348556498343643106e-01,8.778928549801110481e-01,9.261482226228162640e-01,9.719924863877869026e-01,8.776655089275925414e-01,9.274045026996113883e-01,9.664263321431986187e-01,8.893181205719229432e-01,8.920362587541119659e-01,9.413180119089585851e-01,9.304116341658228428e-01,9.728327007015609151e-01,9.601308449366396935e-01,9.549789645475481592e-01,9.846327687502411941e-01,9.576995224255373529e-01,9.619200847055106030e-01,9.510437225268953965e-01,1.000000000000000000e+00,8.967158926547185160e-01,9.622524897382607190e-01,9.342320824396084245e-01,8.661033546674082872e-01,8.676760968228838244e-01,8.980919295391072144e-01,9.726767615034758174e-01,9.132536500836700988e-01,8.657227410376410193e-01,8.791622773474381258e-01
9.195351403214396813e-01,9.379140256748573767e-01,9.432802069805131806e-01,9.242862197352244014e-01,9.565915462162610794e-01,8.850580852880423066e-01,9.447115147272027169e-01,9.653867682208515655e-01,8.816148218491368649e-01,9.493524027349381500e-01,9.333654174105482371e-01,8.939727446647826037e-01,9.528501255599542974e-01,9.089832366770584926e-01,9.044627701209135839e-01,9.479317869126283602e-01,8.783964281845350053e-01,9.498919138875888679e-01,9.581673553729027626e-01,9.283679921967897819e-01,9.409403816979823310e-01,9.096186806163619742e-01,8.784842601722903099e-01,9.188702838223546943e-01,8.965951723613690971e-01,8.779995035832472983e-01,8.751511886795602102e-01,9.231713117940549829e-01,8.967158926547185160e-01,1.000000000000000000e+00,9.134298523732929942e-01,9.388850145894829247e-01,9.155786554712945779e-01,9.161715520122343248e-01,9.811989042850007836e-01,8.940772709040401001e-01,9.685577242212730642e-01,9.064940427674555989e-01,9.399134660524617324e-01
9.775785547454821645e-01,9.548106257770476724e-01,9.473910341734536056e-01,9.641614939760081437e-01,9.365789707900141758e-01,8.829417691346888031e-01,8.936618236132409798e-01,9.013434492928924513e-01,9.502077711634440149e-01,8.966429435456861885e-01,9.514782350904192887e-01,8.676875785836224431e-01,9.448916885342373284e-01,9.774986193414038071e-01,8.717682817927918659e-01,9.468564147334879166e-01,9.506547272183636377e-01,9.009962905404994560e-01,9.039585919519748103e-01,9.598248547372864037e-01,9.492711085564323747e-01,9.763127645320818226e-01,9.412907324845735113e-01,9.797908041495572151e-01,9.629830367639811151e-01,9.400800304525115392e-01,9.435871698984263922e-01,9.721866325587418256e-01,9.622524897382607190e-01,9.134298523732929942e-01,1.000000000000000000e+00,9.531360867661718972e-01,8.674266037454202438e-01,8.665693980013384756e-01,9.145482041731811673e-01,9.592359642948521392e-01,9.314944326753437087e-01,8.638370952100528077e-01,8.895000124050896906e-01
9.608997128457662518e-01,9.818455739848765962e-01,9.772010654064329227e-01,9.692940117990654914e-01,9.662386431201523962e-01,8.866823272712011095e-01,9.104043419382104041e-01,9.199357921933605242e-01,9.262049309841260403e-01,9.133186073297004937e-01,9.821969209140953838e-01,8.876402636634257437e-01,9.700180595479299672e-01,9.476122012674356165e-01,8.894111221667874156e-01,9.732519494743808730e-01,9.241698776345435018e-01,9.167056623180392938e-01,9.229930175338934006e-01,9.748515715492697131e-01,9.786026384748742757e-01,9.475671418309223881e-01,9.215291735968487163e-01,9.594018566193150965e-01,9.343532417878641638e-01,9.203107988671368478e-01,9.198874782230902492e-01,9.642110902821949825e-01,9.342320824396084245e-01,9.388850145894829247e-01,9.531360867661718972e-01,1.000000000000000000e+00,8.831313647602068162e-01,8.836368805191866516e-01,9.398995969621478652e-01,9.341117009961182882e-01,9.573450408307909720e-01,8.794217943504087920e-01,9.086114929994029144e-01
8.661143287300757665e-01,8.808192947319882782e-01,8.832494655108708015e-01,8.696896914082590246e-01,8.926315254778440789e-01,9.132294288347418965e-01,9.535731777506297746e-01,9.355157946775006783e-01,8.518811813528265331e-01,9.501466021710083254e-01,8.832860623796913169e-01,9.415418567952640316e-01,8.897808161749399813e-01,8.689322055812070955e-01,9.548700599398222133e-01,8.881759709709866613e-01,8.508344759517790790e-01,9.475438446100564738e-01,9.404986240227716232e-01,8.708740251538870103e-01,8.784532724353030231e-01,8.674260564339468793e-01,8.456225021286480903e-01,8.677431776101587335e-01,8.642651501772559142e-01,8.491203612560881409e-01,8.412842830547686557e-01,8.681755397375231498e-01,8.661033546674082872e-01,9.155786554712945779e-01,8.674266037454202438e-01,8.831313647602068162e-01,1.000000000000000000e+00,9.832619385198888562e-01,9.130547342411886591e-01,8.598569921097998225e-01,9.068187301987817861e-01,9.776703771963801692e-01,9.562224751741633666e-01
8.652442124890398212e-01,8.807787705650719223e-01,8.822985387980282201e-01,8.688498985944125286e-01,8.928622517792090818e-01,9.135549263293056832e-01,9.537575253133907527e-01,9.366144322312491832e-01,8.544280801894090782e-01,9.518401621306408211e-01,8.821822363732811922e-01,9.395944827534815635e-01,8.893676052950127975e-01,8.689982451447226808e-01,9.531478073015621222e-01,8.884839942378301991e-01,8.532423929528329953e-01,9.481922231925788980e-01,9.422010091147871025e-01,8.702916587246584124e-01,8.781821749878975236e-01,8.682672705545777525e-01,8.479183156252173559e-01,8.669992149319225572e-01,8.663906788184158048e-01,8.510505030355894895e-01,8.443791607418752454e-01,8.681369229210140759e-01,8.676760968228838244e-01,9.161715520122343248e-01,8.665693980013384756e-01,8.836368805191866516e-01,9.832619385198888562e-01,1.000000000000000000e+00,9.129816960777691337e-01,8.618492126992033375e-01,9.067938102724725224e-01,9.774971392314859564e-01,9.563035449674447408e-01
9.187466271724775702e-01,9.383699893763747246e-01,9.478266933471035660e-01,9.253491041414995122e-01,9.602816839499701551e-01,8.808742475178059639e-01,9.422315706085375719e-01,9.605084711848157486e-01,8.862052621999543245e-01,9.451116467758231554e-01,9.355771065589770785e-01,9.024643860359051750e-01,9.563481309626009619e-01,9.115301579008783239e-01,9.037825274109555496e-01,9.526535715826579542e-01,8.836417686247763914e-01,9.459478964211421870e-01,9.545226912886636272e-01,9.289512745932225757e-01,9.449299489243228045e-01,9.123932173122994982e-01,8.850712767305485285e-01,9.189347229826164698e-01,8.983250384199131799e-01,8.846789858702318599e-01,8.808249562496609508e-01,9.238611916124549461e-01,8.980919295391072144e-01,9.811989042850007836e-01,9.145482041731811673e-01,9.398995969621478652e-01,9.130547342411886591e-01,9.129816960777691337e-01,1.000000000000000000e+00,8.973795808827821352e-01,9.712674879650186055e-01,9.058031644333401911e-01,9.354283286120134155e-01
9.519763509972770654e-01,9.358690208239912600e-01,9.236609873858859787e-01,9.443089262546711105e-01,9.151509493250790106e-01,8.993146681744689230e-01,8.757043578564627229e-01,8.881751945963946016e-01,9.800603137269514598e-01,8.796367137252552038e-01,9.358948328287712837e-01,8.813484440831276245e-01,9.193175754031750468e-01,9.668413938008038055e-01,8.772451304015886908e-01,9.226040186290717093e-01,9.784027285801181195e-01,8.854768984137139087e-01,8.890469169471495459e-01,9.409163663262495314e-01,9.282197013694778454e-01,9.674563649500010909e-01,9.695960993052660237e-01,9.536494488467315289e-01,9.742266254357626609e-01,9.673718293455371153e-01,9.729226916686100068e-01,9.500789024918891990e-01,9.726767615034758174e-01,8.940772709040401001e-01,9.592359642948521392e-01,9.341117009961182882e-01,8.598569921097998225e-01,8.618492126992033375e-01,8.973795808827821352e-01,1.000000000000000000e+00,9.114379528649683149e-01,8.604780060697768684e-01,8.744384969232966709e-01
9.396380585820102160e-01,9.540317876590533874e-01,9.661462166032024346e-01,9.457198888396455283e-01,9.754421813985029166e-01,8.902629376336319567e-01,9.355976838658378592e-01,9.496859625977278618e-01,9.035558479799055132e-01,9.368702105747388487e-01,9.531830025687895169e-01,8.937145777977805183e-01,9.715215090830194855e-01,9.264592964867968128e-01,9.033216926874958475e-01,9.689198106303045233e-01,9.003871497417477165e-01,9.390631926592741818e-01,9.436648511762151248e-01,9.483645130423020708e-01,9.639844376053797737e-01,9.274657472516829593e-01,8.989778801059191693e-01,9.389693522603359543e-01,9.133352292974382669e-01,8.984430215754336535e-01,8.958008003291296761e-01,9.431405993387460551e-01,9.132536500836700988e-01,9.685577242212730642e-01,9.314944326753437087e-01,9.573450408307909720e-01,9.068187301987817861e-01,9.067938102724725224e-01,9.712674879650186055e-01,9.114379528649683149e-01,1.000000000000000000e+00,9.021426074005675089e-01,9.317664615189442667e-01
8.614316019505932065e-01,8.764812930610986763e-01,8.790203419174561494e-01,8.642681355353429851e-01,8.887143307199196762e-01,9.163743748375536846e-01,9.479933666105107015e-01,9.299230434699968795e-01,8.550961676585322468e-01,9.447850308413663356e-01,8.784558357640337434e-01,9.384177139908606025e-01,8.856020485826009425e-01,8.671876982180344307e-01,9.515261704911017748e-01,8.848148351939428835e-01,8.534081463839827686e-01,9.411344967504065018e-01,9.359723012161542677e-01,8.651621269322887775e-01,8.740913733140400765e-01,8.666948144411457111e-01,8.474227386826689301e-01,8.638936052297296886e-01,8.643852967760902173e-01,8.515767656252135609e-01,8.431969876840172962e-01,8.643288993294101497e-01,8.657227410376410193e-01,9.064940427674555989e-01,8.638370952100528077e-01,8.794217943504087920e-01,9.776703771963801692e-01,9.774971392314859564e-01,9.058031644333401911e-01,8.604780060697768684e-01,9.021426074005675089e-01,1.000000000000000000e+00,9.510711441866097626e-01
8.889729013283337311e-01,9.074480892042832147e-01,9.133135917912416080e-01,8.972627437878677448e-01,9.214078755207070204e-01,9.068657511851326847e-01,9.820243779177243448e-01,9.603700690336569590e-01,8.686947444281883923e-01,9.790064985824620258e-01,9.074604928802590953e-01,9.190314391163716401e-01,9.198080798317236351e-01,8.866029313838583725e-01,9.378106707850847323e-01,9.172834303188684979e-01,8.659518298854897989e-01,9.769750815542657119e-01,9.669105247244031975e-01,8.998938141948344960e-01,9.093620550952280501e-01,8.867347700017893519e-01,8.601816701092911410e-01,8.915887727497562310e-01,8.784601819002635370e-01,8.623765621597692110e-01,8.587563921086956986e-01,8.920846661709566083e-01,8.791622773474381258e-01,9.399134660524617324e-01,8.895000124050896906e-01,9.086114929994029144e-01,9.562224751741633666e-01,9.563035449674447408e-01,9.354283286120134155e-01,8.744384969232966709e-01,9.317664615189442667e-01,9.510711441866097626e-01,1.000000000000000000e+00
