1.000000000000000000e+00,2.529669930416750812e-01,1.516474533283538317e-01,6.745722773545165252e-02,4.623307699013437522e-01,1.774643574185925665e-01,9.798948603552350145e-02,2.075119180405367025e-01,6.210627100446953763e-01,1.932112079001875871e-01,3.598056140403374514e-01,-1.990649160770912030e-01,4.370204851624270859e-02,4.715683313612790695e-01,2.138724646826008768e-01,2.752784154809203021e-01,1.416159222019892916e-01,4.035262433826223294e-01,2.055676251467043192e-01,1.269032700176962042e-02,3.832677287716585446e-01,1.591536546385385331e-01,4.478219044890492939e-01,2.821668472924170334e-01,3.307398581076619326e-01,3.587477305141393291e-01,3.440567150793517603e-01,4.215656537828931794e-01,4.314519523347443153e-01,6.602553655004792521e-01,2.927463886673329144e-02,8.043024279795418785e-02,1.995890897942287079e-01,-7.729254967049666546e-03,3.882485009188683667e-01,2.393902691642577074e-01,1.050796495530881558e-01,5.696076753308987328e-01,1.715653140535973453e-02
2.529669930416750812e-01,1.000000000000000000e+00,5.661781183953052965e-01,-3.729237078418783935e-01,3.395884826120719180e-01,5.981336490368431846e-01,5.818406821711292753e-01,5.102726191947690726e-01,3.750514699870741708e-01,4.143145524619355480e-01,3.389185378052513298e-01,1.890905833431191438e-02,4.709755224195942835e-01,5.644273323650402796e-01,8.393861458278317755e-02,-1.410355913536183448e-01,-2.865068001941281084e-01,-1.456998560003434084e-01,4.683794279894948343e-01,-3.776947990733293264e-02,2.088110372045223484e-01,6.237244402286304945e-01,3.803393877302811421e-01,6.323570150354311803e-01,7.480526536266506321e-01,2.471640280255195665e-01,7.420991384147576087e-01,3.060933405890690212e-02,2.239566306371838234e-01,2.680060183889126368e-01,5.637214002902402044e-01,7.556211074441078202e-01,6.257877710264592164e-01,4.184345232437771123e-01,3.005446017470886910e-01,-9.648294734606570333e-02,7.456235830119960495e-01,1.778165166862743507e-01,7.885776308506182719e-01
1.516474533283538317e-01,5.661781183953052965e-01,1.000000000000000000e+00,-6.549433119337390030e-01,-7.526546329400597701e-02,8.401143922318093926e-01,3.162475395814270951e-01,7.407932958303585780e-01,-3.425975221195263348e-02,2.490717764245380800e-02,5.435889291634803389e-01,4.193799242312237774e-01,5.923642603629659664e-01,2.666758890417843531e-01,3.929427420544116534e-01,-4.753969670267202408e-01,-4.765288478003051886e-01,-4.928968447697841815e-01,4.754622033178387136e-02,4.990881676026104885e-01,5.966180521730215514e-01,8.916734089511846317e-01,2.022319655908672575e-01,8.575278455274715217e-01,7.840804160287060398e-01,1.971772421693246055e-02,4.607363676153032883e-01,2.800722404092912399e-01,5.831140246926920234e-01,-5.947517276490202516e-03,4.834926711023729839e-01,8.262404471529313232e-01,8.970462106491658982e-01,2.698966721012787673e-01,5.881382126285034095e-01,-5.569983251060643958e-01,8.241361268473237356e-01,1.381520593288761145e-01,2.719186641908246660e-01
6.745722773545165252e-02,-3.729237078418783935e-01,-6.549433119337390030e-01,1.000000000000000000e+00,-5.234540420238120717e-02,-5.597133256691141368e-01,-5.380835558237628130e-02,-4.982302852336365495e-01,-3.908820820510575111e-02,-1.504336125791202183e-01,-3.886873349400024602e-01,-4.789140661580360003e-01,-4.620870590507044628e-01,-2.303465865615988706e-01,-6.899852333997188447e-01,1.541121287887781965e-01,1.340566330252962179e-01,4.914612971341130732e-01,3.319973678908219594e-01,-4.808207256018180442e-01,-4.555526368775715262e-01,-6.669510417281701020e-01,-3.716937410602079161e-01,-6.139879589613228550e-01,-6.264009427232749561e-01,-3.344916042494417430e-01,-1.002456122430996771e-01,-3.925741010547086907e-01,-2.826357663130262265e-01,4.837875868427644194e-02,1.018138572062415349e-02,-5.841366323242965786e-01,-6.138372794091230267e-01,-4.482953024128550901e-01,-1.850003434819750270e-01,3.552301331984273891e-01,-5.899332252549330802e-01,-4.214435036611888230e-01,-1.537675865495608529e-01
4.623307699013437522e-01,3.395884826120719180e-01,-7.526546329400597701e-02,-5.234540420238120717e-02,1.000000000000000000e+00,-1.519574272914924196e-01,4.091309727810900632e-01,1.845473646447893801e-01,6.920590556869633536e-01,4.246809892871870606e-01,9.803973959259575099e-02,-3.956243337037888552e-01,3.383379785039089538e-02,5.882480029522655363e-01,2.780137223756314335e-01,5.072582015175494119e-01,4.751501619394905562e-01,5.889083789091920096e-01,3.831115820221464019e-01,-3.178666717298312405e-01,2.709431390761902203e-01,4.912417762440675351e-02,6.095940710794278683e-01,-6.815930029599782253e-03,2.131870603354344695e-01,8.090048214884667521e-01,4.232639012102049070e-01,3.949112727498534370e-01,-2.011151117585435744e-01,5.821739974634386749e-01,-8.974314585494090613e-02,-1.857850586551778455e-02,-2.731008633963919255e-02,3.495903405198594882e-01,-2.107547936244227038e-01,6.323596993262020627e-01,-1.265082706229370829e-02,5.417079429644867661e-01,3.489265429208625591e-01
1.774643574185925665e-01,5.981336490368431846e-01,8.401143922318093926e-01,-5.597133256691141368e-01,-1.519574272914924196e-01,1.000000000000000000e+00,1.880427251743587991e-01,5.980778569202493955e-01,-5.397584236798649154e-02,-5.507994165978919582e-02,5.983611638843108205e-01,4.046082933702958018e-01,4.357051236920746473e-01,3.490840255565691441e-01,1.944119156618940025e-01,-6.013420756642556819e-01,-5.793858509225225939e-01,-5.667601652529955514e-01,-3.660288965505820863e-02,4.611947325348248472e-01,3.803035762339385117e-01,8.106975583090689774e-01,1.749172290672756092e-01,8.983904348902950199e-01,7.747413523982648043e-01,-7.725098721664891421e-02,5.058316119361921936e-01,1.254088932815467516e-01,7.096926795356556239e-01,-2.031901076283599769e-02,5.887330734276673416e-01,8.729539163104458321e-01,8.541244160099162874e-01,1.531904851771596909e-01,7.190410409434421224e-01,-6.175629934092590201e-01,8.712200897514100761e-01,2.964146235854520084e-02,2.400565828065292506e-01
9.798948603552350145e-02,5.818406821711292753e-01,3.162475395814270951e-01,-5.380835558237628130e-02,4.091309727810900632e-01,1.880427251743587991e-01,1.000000000000000000e+00,6.257468590999428759e-01,1.460552287737110211e-01,1.164789904053744884e-01,7.511936688973734622e-02,-4.692442089698561358e-01,4.508024361156635074e-01,2.455287499734120638e-01,9.561038333710247805e-02,-1.016544888436686916e-01,3.976040442336492564e-02,1.908613760548729388e-01,6.859776898949562218e-01,-2.002536971740306315e-01,3.502516231708942551e-01,4.024449269687362940e-01,1.176099416623135746e-01,2.232981150722133379e-01,3.107975724155797037e-01,3.425523487155960889e-01,6.627946385632381698e-01,2.038722875889237285e-01,-1.624272161707736584e-01,2.366550642088654718e-02,3.073598918714689487e-01,4.058278979417058174e-01,3.281883669407508752e-01,8.096757505602417138e-02,-3.716624791188446325e-02,-6.997806414757857911e-03,4.033108488460651619e-01,-5.084917574694382963e-02,5.446061112360638390e-01
2.075119180405367025e-01,5.102726191947690726e-01,7.407932958303585780e-01,-4.982302852336365495e-01,1.845473646447893801e-01,5.980778569202493955e-01,6.257468590999428759e-01,1.000000000000000000e+00,1.410320857265519832e-02,-8.841564864419927672e-02,4.480147873749941723e-01,-2.709085311930905376e-02,5.190808691781725326e-01,1.986642220484964583e-01,4.859748145277885678e-01,-3.384324483386225713e-01,-1.288406519396475547e-01,-1.672285070847471522e-01,2.238620383707571326e-01,3.933409889298984941e-01,7.366818320847853263e-01,7.666045632791710362e-01,1.966626508160270181e-01,6.176368746162758105e-01,5.670721905723337120e-01,3.047321588704083872e-01,5.377538987338931209e-01,5.264228287324782540e-01,3.079760428829071417e-01,-6.895403634636337875e-02,2.640927321511838954e-01,6.415318430628326185e-01,6.835822072577997233e-01,1.100498425690518145e-01,3.298956331545180864e-01,-3.986740671442062234e-01,6.461892537340535592e-01,1.505031833054035484e-01,2.144014915945834376e-01
6.210627100446953763e-01,3.750514699870741708e-01,-3.425975221195263348e-02,-3.908820820510575111e-02,6.920590556869633536e-01,-5.397584236798649154e-02,1.460552287737110211e-01,1.410320857265519832e-02,1.000000000000000000e+00,5.846867827897863634e-01,9.478411051689972222e-02,-1.693306844080194329e-01,5.850649223079780470e-02,6.239989603748563596e-01,2.274453103650093400e-01,5.628863203584272279e-01,2.651396723104809672e-01,5.060817254326809289e-01,2.896064873741823198e-01,-2.919440980489402260e-01,1.187325949451409485e-01,2.632157095475435096e-02,6.396423978161112078e-01,8.733801479898904707e-02,3.313676575879705988e-01,5.323615480499337416e-01,2.673444651135076233e-01,2.202644308350669988e-01,2.265450303791564923e-02,7.732671943873529186e-01,-7.235274752513770613e-02,5.959028638517393367e-03,2.632979475025261709e-02,5.166343049236510332e-01,8.977664023880924798e-03,5.507735913540107164e-01,2.725838566777110186e-02,6.956498322060323813e-01,3.853134664869218851e-01
1.932112079001875871e-01,4.143145524619355480e-01,2.490717764245380800e-02,-1.504336125791202183e-01,4.246809892871870606e-01,-5.507994165978919582e-02,1.164789904053744884e-01,-8.841564864419927672e-02,5.846867827897863634e-01,1.000000000000000000e+00,-1.128399822856480661e-01,1.369152291679620326e-01,2.133203013188736119e-01,4.437213400921340978e-01,1.021351922866023526e-01,5.690595664881937799e-01,3.900377363917543333e-02,1.790984930513222495e-01,2.421093778721094547e-01,-2.640241034078685822e-01,-1.196076145428145859e-01,6.718427449391932427e-02,4.937417524891559717e-01,7.549299838528467088e-02,3.836453530634113540e-01,2.731936145000579130e-01,7.225920211502133428e-02,-1.327363800625586954e-01,-1.528178773907417076e-01,5.944085763686932644e-01,5.454702237228151868e-02,8.885239965517693905e-02,6.506515841398964606e-02,6.013319694382809333e-01,-1.267565581554943588e-01,4.547973950163815005e-01,9.288136178697603551e-02,4.545124339605481900e-01,5.828024210002528127e-01
3.598056140403374514e-01,3.389185378052513298e-01,5.435889291634803389e-01,-3.886873349400024602e-01,9.803973959259575099e-02,5.983611638843108205e-01,7.511936688973734622e-02,4.480147873749941723e-01,9.478411051689972222e-02,-1.128399822856480661e-01,1.000000000000000000e+00,2.042902867698113967e-01,3.216852574667897757e-01,3.114765293996908935e-01,2.487735588284993304e-01,-2.431382766728298894e-01,-7.315670982412590673e-02,-2.424973565153321908e-01,-9.405301870610009718e-02,4.469510252191831734e-01,4.792683214164396022e-01,5.101811677360843511e-01,4.079630262164721244e-01,6.473702418432101258e-01,4.930832483102312036e-01,1.837231319932013385e-01,4.383289909885029201e-01,4.098968536806144036e-01,6.129483619025662966e-01,1.673798376015491751e-01,3.285196474061422012e-01,5.418790157245855221e-01,5.241315867168292453e-01,-5.921314902344088776e-02,5.427533831783883933e-01,-2.900925849477337115e-01,5.034178151424282266e-01,1.969566697235680397e-01,-3.223236914136242554e-02
-1.990649160770912030e-01,1.890905833431191438e-02,4.193799242312237774e-01,-4.789140661580360003e-01,-3.956243337037888552e-01,4.046082933702958018e-01,-4.692442089698561358e-01,-2.709085311930905376e-02,-1.693306844080194329e-01,1.369152291679620326e-01,2.042902867698113967e-01,1.000000000000000000e+00,2.269484436977586006e-01,-6.216068295747653044e-02,7.295484879811892087e-02,-2.327320248196448060e-01,-4.019600803049880322e-01,-6.783510715906285737e-01,-5.018470414881558428e-01,4.552884018568039148e-01,-5.289536889216862880e-02,3.195891912672270130e-01,6.890438510433883994e-03,3.652051447214820779e-01,3.103186898345323685e-01,-3.331194999796010525e-01,-2.267452437564546064e-01,-2.203607377228882780e-01,3.301561423000537454e-01,-6.681672743778695189e-02,2.319816809951814052e-01,3.163994607502069178e-01,3.277959815643795571e-01,3.369821527272314210e-01,2.728011196421470386e-01,-3.390410509601112232e-01,2.923619816958121231e-01,5.456791411875741571e-02,-3.974432761092017499e-03
4.370204851624270859e-02,4.709755224195942835e-01,5.923642603629659664e-01,-4.620870590507044628e-01,3.383379785039089538e-02,4.357051236920746473e-01,4.508024361156635074e-01,5.190808691781725326e-01,5.850649223079780470e-02,2.133203013188736119e-01,3.216852574667897757e-01,2.269484436977586006e-01,1.000000000000000000e+00,1.004265141075329215e-01,2.474091005416294009e-01,-1.765817486856452179e-01,-1.427052836041313721e-01,-3.039203284969272389e-01,1.420455352851832664e-01,1.612437553097603726e-01,3.789048285925289972e-01,5.853835396632152133e-01,1.857567786519302711e-01,4.970262676595725848e-01,5.089485147574452917e-01,9.846291280260581480e-02,3.649321144563699715e-01,1.574681626772780896e-01,1.487019651434816070e-01,3.227375065627833411e-02,2.415944098539374030e-01,5.603872245316272593e-01,5.120617134078454535e-01,2.315168946805909178e-01,1.701197641502139590e-01,-3.097826409686821325e-01,5.243902057341348621e-01,1.207657897250928314e-01,3.519899660388954854e-01
4.715683313612790695e-01,5.644273323650402796e-01,2.666758890417843531e-01,-2.303465865615988706e-01,5.882480029522655363e-01,3.490840255565691441e-01,2.455287499734120638e-01,1.986642220484964583e-01,6.239989603748563596e-01,4.437213400921340978e-01,3.114765293996908935e-01,-6.216068295747653044e-02,1.004265141075329215e-01,1.000000000000000000e+00,1.742677670889222208e-01,1.414324372783864470e-01,-1.130482003784026579e-01,1.760542896474254215e-01,2.835215900272996525e-01,-1.621306246533142648e-01,1.507923338887978693e-01,2.995785425355969589e-01,5.725061116329808186e-01,4.609797332789202229e-01,5.757911148771316379e-01,4.473450605350881570e-01,5.448465474119132956e-01,1.606596912009444766e-01,3.549102256630454200e-01,6.061081783067875373e-01,3.226853266158805633e-01,4.149623496080361296e-01,3.659781005455370884e-01,3.987259629176765907e-01,3.973780787205338227e-01,2.538711222300541470e-01,4.609296196446200922e-01,4.283887764135560494e-01,4.214172886651088579e-01
2.138724646826008768e-01,8.393861458278317755e-02,3.929427420544116534e-01,-6.899852333997188447e-01,2.780137223756314335e-01,1.944119156618940025e-01,9.561038333710247805e-02,4.859748145277885678e-01,2.274453103650093400e-01,1.021351922866023526e-01,2.487735588284993304e-01,7.295484879811892087e-02,2.474091005416294009e-01,1.742677670889222208e-01,1.000000000000000000e+00,2.072414208899718280e-01,2.376605127265083439e-01,1.594098149087074326e-02,-2.436189257975424904e-01,4.058712347170542745e-01,6.586436990340468478e-01,4.229913019464511814e-01,4.133875129067174359e-01,3.219985026181918508e-01,3.827721940399370082e-01,5.643837076579044654e-01,-9.271534905659874204e-02,7.496859975120574449e-01,1.853373602214891114e-01,1.430329478089764073e-01,-4.194465654887222228e-01,1.782703627590949136e-01,3.583547124675418027e-01,3.057440613556530185e-01,5.753606403175586664e-02,-9.301202492802078392e-02,2.211345787048887845e-01,6.806350741087586753e-01,-1.219399518138024052e-01
2.752784154809203021e-01,-1.410355913536183448e-01,-4.753969670267202408e-01,1.541121287887781965e-01,5.072582015175494119e-01,-6.013420756642556819e-01,-1.016544888436686916e-01,-3.384324483386225713e-01,5.628863203584272279e-01,5.690595664881937799e-01,-2.431382766728298894e-01,-2.327320248196448060e-01,-1.765817486856452179e-01,1.414324372783864470e-01,2.072414208899718280e-01,1.000000000000000000e+00,5.575526240421374569e-01,5.847037484390811279e-01,5.854980474901922555e-02,-3.036770114524925401e-01,-7.728205014084638114e-02,-4.136570454936487340e-01,4.116320833852129546e-01,-4.487505483099548664e-01,-1.810204225672680522e-01,4.478918731831834088e-01,-2.688492207354378216e-01,1.903860756443574720e-01,-3.942991450351890914e-01,5.499266368655383319e-01,-5.170586527637048846e-01,-5.353898044248019961e-01,-4.786435056582113989e-01,2.522800224888285259e-01,-4.492935363238466651e-01,7.416413781389455950e-01,-5.177889609908633561e-01,5.563208550190913426e-01,4.845211324467425806e-02
1.416159222019892916e-01,-2.865068001941281084e-01,-4.765288478003051886e-01,1.340566330252962179e-01,4.751501619394905562e-01,-5.793858509225225939e-01,3.976040442336492564e-02,-1.288406519396475547e-01,2.651396723104809672e-01,3.900377363917543333e-02,-7.315670982412590673e-02,-4.019600803049880322e-01,-1.427052836041313721e-01,-1.130482003784026579e-01,2.376605127265083439e-01,5.575526240421374569e-01,1.000000000000000000e+00,5.015615108200183192e-01,-8.603269055966666912e-02,-1.822647991912332288e-01,1.291462496000830573e-01,-3.804868815388024461e-01,2.906649926720304422e-01,-4.879598820591002917e-01,-3.820720962200221948e-01,5.862453956471413985e-01,-1.811371404067658175e-01,3.956416992609191330e-01,-5.110321421122913099e-01,1.087663284405713388e-01,-6.182608121539054924e-01,-4.974306760467422928e-01,-5.049278273542450179e-01,-1.250480619300174678e-01,-5.807771594428313700e-01,4.572196179838823871e-01,-5.313561144047010965e-01,3.344798282072810047e-01,-2.203605420740154808e-01
4.035262433826223294e-01,-1.456998560003434084e-01,-4.928968447697841815e-01,4.914612971341130732e-01,5.889083789091920096e-01,-5.667601652529955514e-01,1.908613760548729388e-01,-1.672285070847471522e-01,5.060817254326809289e-01,1.790984930513222495e-01,-2.424973565153321908e-01,-6.783510715906285737e-01,-3.039203284969272389e-01,1.760542896474254215e-01,1.594098149087074326e-02,5.847037484390811279e-01,5.015615108200183192e-01,1.000000000000000000e+00,4.725821477687076611e-01,-5.050469729585462808e-01,5.060089205474980339e-02,-4.304276789872261699e-01,2.232336848847050748e-01,-4.558664838213438153e-01,-2.901006148552139341e-01,3.949183266783577451e-01,3.184491413722462944e-02,1.987641096962918241e-01,-3.247880526409755442e-01,4.763844420653235434e-01,-3.223568125840840515e-01,-5.304766641795599647e-01,-4.534662715839967162e-01,-2.142304587777034419e-02,-3.043175936863045661e-01,7.060464868988961529e-01,-5.088570991648098119e-01,2.559282192662410971e-01,1.854059600956592293e-04
2.055676251467043192e-01,4.683794279894948343e-01,4.754622033178387136e-02,3.319973678908219594e-01,3.831115820221464019e-01,-3.660288965505820863e-02,6.859776898949562218e-01,2.238620383707571326e-01,2.896064873741823198e-01,2.421093778721094547e-01,-9.405301870610009718e-02,-5.018470414881558428e-01,1.420455352851832664e-01,2.835215900272996525e-01,-2.436189257975424904e-01,5.854980474901922555e-02,-8.603269055966666912e-02,4.725821477687076611e-01,1.000000000000000000e+00,-4.879527045189908097e-01,4.920396170143371412e-02,6.466932389140432613e-02,5.149778189908039983e-02,9.077460948356380274e-03,1.421499509801339156e-01,7.810376585499137492e-02,5.768961265001565364e-01,-1.092527958474085042e-01,-1.783281895357306246e-01,2.749089842698036468e-01,4.184649755768835577e-01,1.370929123697366414e-01,1.105315751195747875e-01,1.082050372905133812e-01,-1.509107453501584359e-02,2.907922727853590183e-01,1.415200562310567622e-01,-1.227160546692093041e-01,6.042912127070300121e-01
1.269032700176962042e-02,-3.776947990733293264e-02,4.990881676026104885e-01,-4.808207256018180442e-01,-3.178666717298312405e-01,4.611947325348248472e-01,-2.002536971740306315e-01,3.933409889298984941e-01,-2.919440980489402260e-01,-2.640241034078685822e-01,4.469510252191831734e-01,4.552884018568039148e-01,1.612437553097603726e-01,-1.621306246533142648e-01,4.058712347170542745e-01,-3.036770114524925401e-01,-1.822647991912332288e-01,-5.050469729585462808e-01,-4.879527045189908097e-01,1.000000000000000000e+00,4.212103219244639485e-01,4.372419457315319113e-01,3.780690876078359602e-02,4.351211549262424816e-01,2.618890705788307627e-01,-6.771047023537353493e-02,-9.537711978889776288e-02,3.509743726757316717e-01,4.682047559873946385e-01,-2.426562147851326900e-01,-3.676473048852862274e-02,3.138609239553693531e-01,4.059077059438366830e-01,-7.980395073859775090e-02,3.533350074387249240e-01,-5.073104778688678484e-01,3.103387938816509761e-01,1.053777740089201637e-01,-3.363932413043594916e-01
3.832677287716585446e-01,2.088110372045223484e-01,5.966180521730215514e-01,-4.555526368775715262e-01,2.709431390761902203e-01,3.803035762339385117e-01,3.502516231708942551e-01,7.366818320847853263e-01,1.187325949451409485e-01,-1.196076145428145859e-01,4.792683214164396022e-01,-5.289536889216862880e-02,3.789048285925289972e-01,1.507923338887978693e-01,6.586436990340468478e-01,-7.728205014084638114e-02,1.291462496000830573e-01,5.060089205474980339e-02,4.920396170143371412e-02,4.212103219244639485e-01,1.000000000000000000e+00,6.189546572504552868e-01,3.658175850773404125e-01,4.744570831899997954e-01,4.481065331717244415e-01,4.372709125725929846e-01,3.151348422789418402e-01,7.499916035453426666e-01,3.257133968378913558e-01,1.174301522465432679e-01,-4.452090136030684153e-02,3.393589743548905968e-01,5.391675513332873093e-01,4.320293655846351583e-02,2.791642334984523188e-01,-2.127529433094322298e-01,3.446261252573222800e-01,3.952716113044806856e-01,-9.091500046467819451e-02
1.591536546385385331e-01,6.237244402286304945e-01,8.916734089511846317e-01,-6.669510417281701020e-01,4.912417762440675351e-02,8.106975583090689774e-01,4.024449269687362940e-01,7.666045632791710362e-01,2.632157095475435096e-02,6.718427449391932427e-02,5.101811677360843511e-01,3.195891912672270130e-01,5.853835396632152133e-01,2.995785425355969589e-01,4.229913019464511814e-01,-4.136570454936487340e-01,-3.804868815388024461e-01,-4.304276789872261699e-01,6.466932389140432613e-02,4.372419457315319113e-01,6.189546572504552868e-01,1.000000000000000000e+00,3.028309366141612724e-01,8.212477801258750709e-01,8.054020038669650328e-01,1.683826071459835205e-01,4.951650712764126827e-01,3.109982702155335010e-01,4.746459299581271551e-01,1.472635544216834187e-02,4.290304906553082387e-01,8.170314731890037097e-01,8.671943771386592115e-01,2.884458786681985409e-01,4.802949187550717425e-01,-4.901529102076762068e-01,8.106879398562911732e-01,1.908208155721884958e-01,3.294250979393247847e-01
4.478219044890492939e-01,3.803393877302811421e-01,2.022319655908672575e-01,-3.716937410602079161e-01,6.095940710794278683e-01,1.749172290672756092e-01,1.176099416623135746e-01,1.966626508160270181e-01,6.396423978161112078e-01,4.937417524891559717e-01,4.079630262164721244e-01,6.890438510433883994e-03,1.857567786519302711e-01,5.725061116329808186e-01,4.133875129067174359e-01,4.116320833852129546e-01,2.906649926720304422e-01,2.232336848847050748e-01,5.149778189908039983e-02,3.780690876078359602e-02,3.658175850773404125e-01,3.028309366141612724e-01,1.000000000000000000e+00,3.173250745439414322e-01,5.087317687031633895e-01,6.222472995851371369e-01,2.895356236751476242e-01,3.598075267619705309e-01,1.186495538063330885e-01,6.355122317231691742e-01,-4.873646489088103578e-02,2.032968761351204579e-01,2.242658340705622477e-01,4.281236426331324063e-01,5.289487121528784613e-02,3.542687668055167216e-01,1.898596393568773577e-01,6.515098830972237964e-01,2.642413822816243596e-01
2.821668472924170334e-01,6.323570150354311803e-01,8.575278455274715217e-01,-6.139879589613228550e-01,-6.815930029599782253e-03,8.983904348902950199e-01,2.232981150722133379e-01,6.176368746162758105e-01,8.733801479898904707e-02,7.549299838528467088e-02,6.473702418432101258e-01,3.652051447214820779e-01,4.970262676595725848e-01,4.609797332789202229e-01,3.219985026181918508e-01,-4.487505483099548664e-01,-4.879598820591002917e-01,-4.558664838213438153e-01,9.077460948356380274e-03,4.351211549262424816e-01,4.744570831899997954e-01,8.212477801258750709e-01,3.173250745439414322e-01,1.000000000000000000e+00,8.460571970248288443e-01,5.910420054733944023e-02,5.248714009564574567e-01,2.512031151517738481e-01,7.277342583890535899e-01,1.380553268066443129e-01,5.265670018360729676e-01,8.610191833773196413e-01,8.737197447802155237e-01,2.338957044576908118e-01,7.208662631565798673e-01,-5.114130156659004722e-01,8.642115998601145321e-01,1.930671722090453735e-01,2.641114796912437113e-01
3.307398581076619326e-01,7.480526536266506321e-01,7.840804160287060398e-01,-6.264009427232749561e-01,2.131870603354344695e-01,7.747413523982648043e-01,3.107975724155797037e-01,5.670721905723337120e-01,3.313676575879705988e-01,3.836453530634113540e-01,4.930832483102312036e-01,3.103186898345323685e-01,5.089485147574452917e-01,5.757911148771316379e-01,3.827721940399370082e-01,-1.810204225672680522e-01,-3.820720962200221948e-01,-2.901006148552139341e-01,1.421499509801339156e-01,2.618890705788307627e-01,4.481065331717244415e-01,8.054020038669650328e-01,5.087317687031633895e-01,8.460571970248288443e-01,1.000000000000000000e+00,2.385760607330024707e-01,5.301922038615213273e-01,2.259357877009557092e-01,5.338668002085498188e-01,3.481373536380610867e-01,4.452646895965600704e-01,7.955726898777105704e-01,8.207740616911671783e-01,4.583693061609080410e-01,5.378162240706988451e-01,-2.550588026438252998e-01,8.055298493708079599e-01,3.772829494883455093e-01,4.875769819548286255e-01
3.587477305141393291e-01,2.471640280255195665e-01,1.971772421693246055e-02,-3.344916042494417430e-01,8.090048214884667521e-01,-7.725098721664891421e-02,3.425523487155960889e-01,3.047321588704083872e-01,5.323615480499337416e-01,2.731936145000579130e-01,1.837231319932013385e-01,-3.331194999796010525e-01,9.846291280260581480e-02,4.473450605350881570e-01,5.643837076579044654e-01,4.478918731831834088e-01,5.862453956471413985e-01,3.949183266783577451e-01,7.810376585499137492e-02,-6.771047023537353493e-02,4.372709125725929846e-01,1.683826071459835205e-01,6.222472995851371369e-01,5.910420054733944023e-02,2.385760607330024707e-01,1.000000000000000000e+00,2.707681561101604184e-01,6.388312400186587636e-01,-1.921199426024483292e-01,3.722344013166846710e-01,-3.345746632654382213e-01,2.417528487513613197e-02,5.411975686459798152e-02,2.669014055470526614e-01,-2.712447864922287177e-01,4.154408165275137454e-01,3.674246851468018771e-02,6.395700979752779736e-01,1.416477850515487913e-01
3.440567150793517603e-01,7.420991384147576087e-01,4.607363676153032883e-01,-1.002456122430996771e-01,4.232639012102049070e-01,5.058316119361921936e-01,6.627946385632381698e-01,5.377538987338931209e-01,2.673444651135076233e-01,7.225920211502133428e-02,4.383289909885029201e-01,-2.267452437564546064e-01,3.649321144563699715e-01,5.448465474119132956e-01,-9.271534905659874204e-02,-2.688492207354378216e-01,-1.811371404067658175e-01,3.184491413722462944e-02,5.768961265001565364e-01,-9.537711978889776288e-02,3.151348422789418402e-01,4.951650712764126827e-01,2.895356236751476242e-01,5.248714009564574567e-01,5.301922038615213273e-01,2.707681561101604184e-01,1.000000000000000000e+00,1.387269341572753834e-01,2.428931673491099286e-01,2.089401233839035255e-01,6.281532506736504651e-01,6.292829054810287204e-01,5.074338080591596079e-01,1.091185767719398680e-01,3.519133779206530810e-01,-4.395035073192297970e-02,6.139115214244174057e-01,-3.069390383869730413e-02,5.491950371671612263e-01
4.215656537828931794e-01,3.060933405890690212e-02,2.800722404092912399e-01,-3.925741010547086907e-01,3.949112727498534370e-01,1.254088932815467516e-01,2.038722875889237285e-01,5.264228287324782540e-01,2.202644308350669988e-01,-1.327363800625586954e-01,4.098968536806144036e-01,-2.203607377228882780e-01,1.574681626772780896e-01,1.606596912009444766e-01,7.496859975120574449e-01,1.903860756443574720e-01,3.956416992609191330e-01,1.987641096962918241e-01,-1.092527958474085042e-01,3.509743726757316717e-01,7.499916035453426666e-01,3.109982702155335010e-01,3.598075267619705309e-01,2.512031151517738481e-01,2.259357877009557092e-01,6.388312400186587636e-01,1.387269341572753834e-01,1.000000000000000000e+00,2.141295199615450562e-01,1.534914870702815126e-01,-3.655606738376523390e-01,8.364364770782600766e-02,2.607589594592202853e-01,-2.654939603234481027e-02,9.947271826196506239e-02,-2.335123908137607188e-02,1.141880338735102446e-01,5.616901081141785212e-01,-2.748291455721865728e-01
4.314519523347443153e-01,2.239566306371838234e-01,5.831140246926920234e-01,-2.826357663130262265e-01,-2.011151117585435744e-01,7.096926795356556239e-01,-1.624272161707736584e-01,3.079760428829071417e-01,2.265450303791564923e-02,-1.528178773907417076e-01,6.129483619025662966e-01,3.301561423000537454e-01,1.487019651434816070e-01,3.549102256630454200e-01,1.853373602214891114e-01,-3.942991450351890914e-01,-5.110321421122913099e-01,-3.247880526409755442e-01,-1.783281895357306246e-01,4.682047559873946385e-01,3.257133968378913558e-01,4.746459299581271551e-01,1.186495538063330885e-01,7.277342583890535899e-01,5.338668002085498188e-01,-1.921199426024483292e-01,2.428931673491099286e-01,2.141295199615450562e-01,1.000000000000000000e+00,1.761329449395085955e-01,3.753743891912261765e-01,5.292646909701108626e-01,6.021831034367819413e-01,-6.001826756022220211e-02,9.000175545687697509e-01,-4.699289163705890893e-01,5.588766122231840772e-01,1.376116454606603479e-01,-1.670176866001831795e-01
6.602553655004792521e-01,2.680060183889126368e-01,-5.947517276490202516e-03,4.837875868427644194e-02,5.821739974634386749e-01,-2.031901076283599769e-02,2.366550642088654718e-02,-6.895403634636337875e-02,7.732671943873529186e-01,5.944085763686932644e-01,1.673798376015491751e-01,-6.681672743778695189e-02,3.227375065627833411e-02,6.061081783067875373e-01,1.430329478089764073e-01,5.499266368655383319e-01,1.087663284405713388e-01,4.763844420653235434e-01,2.749089842698036468e-01,-2.426562147851326900e-01,1.174301522465432679e-01,1.472635544216834187e-02,6.355122317231691742e-01,1.380553268066443129e-01,3.481373536380610867e-01,3.722344013166846710e-01,2.089401233839035255e-01,1.534914870702815126e-01,1.761329449395085955e-01,1.000000000000000000e+00,5.434603401934894051e-02,-3.681707655673311513e-02,4.046912905894745061e-02,3.639325746770982195e-01,1.522819110828963207e-01,5.868389767177601968e-01,-1.686244590640738339e-02,5.949383638766649884e-01,2.776168775270915767e-01
2.927463886673329144e-02,5.637214002902402044e-01,4.834926711023729839e-01,1.018138572062415349e-02,-8.974314585494090613e-02,5.887330734276673416e-01,3.073598918714689487e-01,2.640927321511838954e-01,-7.235274752513770613e-02,5.454702237228151868e-02,3.285196474061422012e-01,2.319816809951814052e-01,2.415944098539374030e-01,3.226853266158805633e-01,-4.194465654887222228e-01,-5.170586527637048846e-01,-6.182608121539054924e-01,-3.223568125840840515e-01,4.184649755768835577e-01,-3.676473048852862274e-02,-4.452090136030684153e-02,4.290304906553082387e-01,-4.873646489088103578e-02,5.265670018360729676e-01,4.452646895965600704e-01,-3.345746632654382213e-01,6.281532506736504651e-01,-3.655606738376523390e-01,3.753743891912261765e-01,5.434603401934894051e-02,1.000000000000000000e+00,6.334902227141193665e-01,5.131720979648991543e-01,9.443914143786953652e-02,5.174622532949597620e-01,-2.716419960804742906e-01,6.056917991079653341e-01,-3.740156779585660507e-01,5.086641120047379339e-01
8.043024279795418785e-02,7.556211074441078202e-01,8.262404471529313232e-01,-5.841366323242965786e-01,-1.857850586551778455e-02,8.729539163104458321e-01,4.058278979417058174e-01,6.415318430628326185e-01,5.959028638517393367e-03,8.885239965517693905e-02,5.418790157245855221e-01,3.163994607502069178e-01,5.603872245316272593e-01,4.149623496080361296e-01,1.782703627590949136e-01,-5.353898044248019961e-01,-4.974306760467422928e-01,-5.304766641795599647e-01,1.370929123697366414e-01,3.138609239553693531e-01,3.393589743548905968e-01,8.170314731890037097e-01,2.032968761351204579e-01,8.610191833773196413e-01,7.955726898777105704e-01,2.417528487513613197e-02,6.292829054810287204e-01,8.364364770782600766e-02,5.292646909701108626e-01,-3.681707655673311513e-02,6.334902227141193665e-01,1.000000000000000000e+00,8.430665251846679586e-01,2.609833945768454400e-01,5.823641837050999026e-01,-5.404970082273601317e-01,9.305939790718509297e-01,9.348351203441900015e-03,4.671761201724400903e-01
1.995890897942287079e-01,6.257877710264592164e-01,8.970462106491658982e-01,-6.138372794091230267e-01,-2.731008633963919255e-02,8.541244160099162874e-01,3.281883669407508752e-01,6.835822072577997233e-01,2.632979475025261709e-02,6.506515841398964606e-02,5.241315867168292453e-01,3.277959815643795571e-01,5.120617134078454535e-01,3.659781005455370884e-01,3.583547124675418027e-01,-4.786435056582113989e-01,-5.049278273542450179e-01,-4.534662715839967162e-01,1.105315751195747875e-01,4.059077059438366830e-01,5.391675513332873093e-01,8.671943771386592115e-01,2.242658340705622477e-01,8.737197447802155237e-01,8.207740616911671783e-01,5.411975686459798152e-02,5.074338080591596079e-01,2.607589594592202853e-01,6.021831034367819413e-01,4.046912905894745061e-02,5.131720979648991543e-01,8.430665251846679586e-01,1.000000000000000000e+00,2.723515043003019720e-01,6.154904508402586627e-01,-5.424434909503873525e-01,8.548777266238306582e-01,1.730855079812403940e-01,3.221333194947607614e-01
-7.729254967049666546e-03,4.184345232437771123e-01,2.698966721012787673e-01,-4.482953024128550901e-01,3.495903405198594882e-01,1.531904851771596909e-01,8.096757505602417138e-02,1.100498425690518145e-01,5.166343049236510332e-01,6.013319694382809333e-01,-5.921314902344088776e-02,3.369821527272314210e-01,2.315168946805909178e-01,3.987259629176765907e-01,3.057440613556530185e-01,2.522800224888285259e-01,-1.250480619300174678e-01,-2.142304587777034419e-02,1.082050372905133812e-01,-7.980395073859775090e-02,4.320293655846351583e-02,2.884458786681985409e-01,4.281236426331324063e-01,2.338957044576908118e-01,4.583693061609080410e-01,2.669014055470526614e-01,1.091185767719398680e-01,-2.654939603234481027e-02,-6.001826756022220211e-02,3.639325746770982195e-01,9.443914143786953652e-02,2.609833945768454400e-01,2.723515043003019720e-01,1.000000000000000000e+00,-5.570177220486088182e-02,2.169069739241973049e-01,2.782189703639297296e-01,4.706106182559363638e-01,5.571102497775068940e-01
3.882485009188683667e-01,3.005446017470886910e-01,5.881382126285034095e-01,-1.850003434819750270e-01,-2.107547936244227038e-01,7.190410409434421224e-01,-3.716624791188446325e-02,3.298956331545180864e-01,8.977664023880924798e-03,-1.267565581554943588e-01,5.427533831783883933e-01,2.728011196421470386e-01,1.701197641502139590e-01,3.973780787205338227e-01,5.753606403175586664e-02,-4.492935363238466651e-01,-5.807771594428313700e-01,-3.043175936863045661e-01,-1.509107453501584359e-02,3.533350074387249240e-01,2.791642334984523188e-01,4.802949187550717425e-01,5.289487121528784613e-02,7.208662631565798673e-01,5.378162240706988451e-01,-2.712447864922287177e-01,3.519133779206530810e-01,9.947271826196506239e-02,9.000175545687697509e-01,1.522819110828963207e-01,5.174622532949597620e-01,5.823641837050999026e-01,6.154904508402586627e-01,-5.570177220486088182e-02,1.000000000000000000e+00,-4.870392123659506023e-01,6.179051911570527800e-01,1.346708470754169260e-02,-5.045763985901423332e-02
2.393902691642577074e-01,-9.648294734606570333e-02,-5.569983251060643958e-01,3.552301331984273891e-01,6.323596993262020627e-01,-6.175629934092590201e-01,-6.997806414757857911e-03,-3.986740671442062234e-01,5.507735913540107164e-01,4.547973950163815005e-01,-2.900925849477337115e-01,-3.390410509601112232e-01,-3.097826409686821325e-01,2.538711222300541470e-01,-9.301202492802078392e-02,7.416413781389455950e-01,4.572196179838823871e-01,7.060464868988961529e-01,2.907922727853590183e-01,-5.073104778688678484e-01,-2.127529433094322298e-01,-4.901529102076762068e-01,3.542687668055167216e-01,-5.114130156659004722e-01,-2.550588026438252998e-01,4.154408165275137454e-01,-4.395035073192297970e-02,-2.335123908137607188e-02,-4.699289163705890893e-01,5.868389767177601968e-01,-2.716419960804742906e-01,-5.404970082273601317e-01,-5.424434909503873525e-01,2.169069739241973049e-01,-4.870392123659506023e-01,1.000000000000000000e+00,-5.388259017064842560e-01,3.020991293013840506e-01,1.717198047411714334e-01
1.050796495530881558e-01,7.456235830119960495e-01,8.241361268473237356e-01,-5.899332252549330802e-01,-1.265082706229370829e-02,8.712200897514100761e-01,4.033108488460651619e-01,6.461892537340535592e-01,2.725838566777110186e-02,9.288136178697603551e-02,5.034178151424282266e-01,2.923619816958121231e-01,5.243902057341348621e-01,4.609296196446200922e-01,2.211345787048887845e-01,-5.177889609908633561e-01,-5.313561144047010965e-01,-5.088570991648098119e-01,1.415200562310567622e-01,3.103387938816509761e-01,3.446261252573222800e-01,8.106879398562911732e-01,1.898596393568773577e-01,8.642115998601145321e-01,8.055298493708079599e-01,3.674246851468018771e-02,6.139115214244174057e-01,1.141880338735102446e-01,5.588766122231840772e-01,-1.686244590640738339e-02,6.056917991079653341e-01,9.305939790718509297e-01,8.548777266238306582e-01,2.782189703639297296e-01,6.179051911570527800e-01,-5.388259017064842560e-01,1.000000000000000000e+00,4.743481936475891364e-02,4.488138281865889923e-01
5.696076753308987328e-01,1.778165166862743507e-01,1.381520593288761145e-01,-4.214435036611888230e-01,5.417079429644867661e-01,2.964146235854520084e-02,-5.084917574694382963e-02,1.505031833054035484e-01,6.956498322060323813e-01,4.545124339605481900e-01,1.969566697235680397e-01,5.456791411875741571e-02,1.207657897250928314e-01,4.283887764135560494e-01,6.806350741087586753e-01,5.563208550190913426e-01,3.344798282072810047e-01,2.559282192662410971e-01,-1.227160546692093041e-01,1.053777740089201637e-01,3.952716113044806856e-01,1.908208155721884958e-01,6.515098830972237964e-01,1.930671722090453735e-01,3.772829494883455093e-01,6.395700979752779736e-01,-3.069390383869730413e-02,5.616901081141785212e-01,1.376116454606603479e-01,5.949383638766649884e-01,-3.740156779585660507e-01,9.348351203441900015e-03,1.730855079812403940e-01,4.706106182559363638e-01,1.346708470754169260e-02,3.020991293013840506e-01,4.743481936475891364e-02,1.000000000000000000e+00,6.736079697197643046e-02
1.715653140535973453e-02,7.885776308506182719e-01,2.719186641908246660e-01,-1.537675865495608529e-01,3.489265429208625591e-01,2.400565828065292506e-01,5.446061112360638390e-01,2.144014915945834376e-01,3.853134664869218851e-01,5.828024210002528127e-01,-3.223236914136242554e-02,-3.974432761092017499e-03,3.519899660388954854e-01,4.214172886651088579e-01,-1.219399518138024052e-01,4.845211324467425806e-02,-2.203605420740154808e-01,1.854059600956592293e-04,6.042912127070300121e-01,-3.363932413043594916e-01,-9.091500046467819451e-02,3.294250979393247847e-01,2.642413822816243596e-01,2.641114796912437113e-01,4.875769819548286255e-01,1.416477850515487913e-01,5.491950371671612263e-01,-2.748291455721865728e-01,-1.670176866001831795e-01,2.776168775270915767e-01,5.086641120047379339e-01,4.671761201724400903e-01,3.221333194947607614e-01,5.571102497775068940e-01,-5.045763985901423332e-02,1.717198047411714334e-01,4.488138281865889923e-01,6.736079697197643046e-02,1.000000000000000000e+00
