1.000000000000000000e+00,4.114951928004290660e-01,1.109506662672878063e-01,-2.481604256742191497e-02,2.086945025827652567e-01,1.448264523555034267e-01,-1.921784516045268662e-02,-1.274793474626362555e-01,4.549225188066262637e-01,3.065269051616386076e-01,-5.662103245777756755e-02,1.221458601438014102e-01,2.531870568127412291e-01,1.461088196624683033e-01,5.473863678312479442e-01,5.526682507712293857e-01,1.567247214598883887e-02,2.065645735037595909e-01,2.060166654576743583e-01,2.378710258896808150e-01,2.574626791459827535e-01,-7.863122716202566864e-02,1.294980200490045974e-01,-1.316719326891771791e-01,4.304534633353800793e-02,2.245171944799226327e-01,-2.891285870408165648e-01,4.225720827050251094e-01,5.075540912183118536e-01,5.170662558196859049e-01,-9.571413966838986098e-02,-3.730582217044636079e-02,-3.526327506688704816e-02,3.138886728747207200e-01,2.417918811813331639e-02,3.625421778070880841e-01,-9.720979134263309229e-02,5.592609370628036647e-01,3.729713129483923084e-01
4.114951928004290660e-01,1.000000000000000000e+00,2.938728911894703533e-01,6.937345668476617433e-02,1.051360537628270586e-01,8.157543736937562795e-02,-6.738662333256695280e-02,-2.868775511636058040e-01,2.736868731917992403e-01,3.562019919814848334e-01,6.396189109124356120e-02,2.574187221875400278e-01,-2.258617556534397997e-01,9.281239628943487030e-02,5.659577085390157108e-02,3.659377105324315149e-01,1.326906686565465787e-01,-2.163623529353808986e-03,-7.783783572885097368e-02,9.181578966439149503e-02,2.895344054441472692e-01,1.592356566436552712e-01,2.043875586013920442e-01,-6.453528302683254891e-02,1.450537580386473957e-01,1.856361850329211471e-01,-1.093646882343106072e-02,6.909901183555745841e-02,5.709346726351310908e-02,2.543098061440913771e-01,2.500752281941293620e-01,8.620195746430753259e-02,1.169008179019564303e-01,1.883001933203680700e-01,3.856569841510392588e-02,1.679734375777884314e-01,1.928569937814029744e-01,2.060099667813396762e-01,4.002253837128403324e-01
1.109506662672878063e-01,2.938728911894703533e-01,1.000000000000000000e+00,2.195744434008781720e-01,5.312557371282392582e-01,3.969233289329835990e-01,7.157103678281026560e-02,-8.388910661003445846e-01,3.924688953339224295e-01,3.853281487560076823e-01,-1.512628600889472374e-01,8.104158227166875783e-02,-5.139384750208941810e-01,3.408706015206236506e-01,-2.024591839025445539e-01,1.845291754999540124e-01,-9.401660309678765148e-02,4.047303666985673787e-01,3.094643995786359181e-01,-2.861580487840927334e-01,3.512217531373460488e-01,1.923080853282786717e-01,1.639513186605946471e-01,2.247816573605137258e-01,-5.944698973470473324e-02,5.157616796645499990e-01,4.241875577292915089e-01,-1.424176409478429030e-02,-3.288121407469192514e-02,1.682429939091588944e-01,6.091039546366011637e-01,-7.884967270085350977e-02,3.665748013236443392e-01,4.202741304537965239e-01,3.794625196730723182e-01,1.104066221455063945e-01,3.825809677697240563e-01,1.409615965625046763e-01,2.507013537261065794e-01
-2.481604256742191497e-02,6.937345668476617433e-02,2.195744434008781720e-01,1.000000000000000000e+00,-6.709827015279255964e-03,6.065229163173027627e-02,1.431062895874392060e-01,-1.855072497946393673e-01,-2.310931900647106643e-02,1.331031640956318318e-01,-8.797931597098056222e-02,-1.501175757148243417e-01,-1.782131821068111688e-01,3.284052959256120868e-02,-2.842376270984692810e-01,-5.315432458595435034e-02,9.924444545141318519e-02,3.501966920744765122e-01,2.027830787664317014e-01,3.022138880354807711e-01,1.572299928384131851e-01,1.943721436871035380e-01,1.415197599757356539e-01,1.248429883289885745e-01,4.987117341571616763e-02,3.283494900188619336e-01,3.903961970747093502e-01,-4.011635916470325525e-02,-4.295350279461366411e-02,2.666744212499748759e-02,1.682018169787490025e-01,1.371265484031575776e-01,1.629643894091863388e-01,-4.426834816156857005e-02,1.584369397180078742e-01,-9.864490788204338667e-02,1.494116684417791385e-01,-1.973607076191899734e-01,-6.008136246666983399e-02
2.086945025827652567e-01,1.051360537628270586e-01,5.312557371282392582e-01,-6.709827015279255964e-03,1.000000000000000000e+00,3.850672185464023012e-01,-9.122501982688847877e-02,-5.645331198167593545e-01,4.129537367770194645e-01,3.388033284363790032e-01,-2.657820649769959132e-01,2.471769443498101904e-01,-2.040350376374516217e-01,3.878490096906403450e-01,1.648423514238789855e-01,3.668565947837484909e-01,-2.206601298928021759e-01,3.055423716576460835e-01,2.638367888015549223e-01,-2.228406022984819879e-01,3.012344684520832511e-02,-2.513894248874568374e-02,-1.402487941237149163e-02,1.941287351039063802e-01,-1.369375785882332164e-01,2.289881834808816796e-01,-2.320154710233471307e-02,2.446521436313528752e-01,2.339367012628454090e-01,3.781020747122154080e-01,4.376835394752132680e-01,-1.128145023155202181e-01,2.258575910964632505e-01,7.479624960799997613e-01,1.342840296818518797e-01,1.901008653400306780e-01,1.973795826112407781e-01,2.856038373236154948e-01,1.544251105473476438e-01
1.448264523555034267e-01,8.157543736937562795e-02,3.969233289329835990e-01,6.065229163173027627e-02,3.850672185464023012e-01,1.000000000000000000e+00,-8.755866938280712497e-02,-3.938931387452034305e-01,2.396942178069340068e-01,4.921940814577450279e-02,-3.068867971948767703e-01,1.537941413259347467e-01,-1.503287066768058122e-01,3.779571454971525912e-01,1.582664884895758697e-02,2.400563583693054483e-03,-1.063224646811975066e-01,2.431905621981502452e-01,1.787876582745694665e-01,-1.199442827704560316e-01,5.066601214575332940e-02,1.153373859573043753e-01,2.449535186911154863e-02,4.779843031115884044e-01,-1.481874891571778041e-01,1.795954172193628129e-01,1.248102474148666818e-01,-6.073749726717111996e-02,2.908950556595588099e-01,1.191987994765503073e-01,2.341977869483338193e-01,-8.129298027463663368e-03,1.753225534132202834e-01,3.489371904094548671e-01,4.310570913849445795e-01,-4.054341286209662415e-02,5.304186965364940942e-01,9.289150827483109996e-02,1.498895987619777714e-01
-1.921784516045268662e-02,-6.738662333256695280e-02,7.157103678281026560e-02,1.431062895874392060e-01,-9.122501982688847877e-02,-8.755866938280712497e-02,1.000000000000000000e+00,-6.411468997965891203e-02,-1.057768648953717056e-01,6.753171365515500679e-02,1.252320438177937159e-02,-5.137465390790311170e-01,3.473284335298815889e-02,-2.705476590131864478e-01,-2.092640510924880237e-01,-6.590904918077693589e-03,4.826829867917764062e-03,1.976760729847275300e-01,2.934559523474203346e-01,-8.850215164755395603e-02,1.622235884394461758e-01,-5.320841635207788911e-02,6.421695761961988824e-02,-6.789400997182325204e-02,5.324376769963262701e-02,8.174338606244177519e-02,1.555469413253312838e-01,9.133287230572133264e-02,-1.718235951320570484e-02,2.831209319108830141e-02,-1.186649409679797207e-01,1.536606461519075262e-01,-6.501302611474769899e-02,-2.222485781545825712e-01,-9.945936873097026374e-04,-6.556469311278242951e-02,-6.966734407555590092e-02,-1.746611422570585326e-01,-2.136545870959927762e-01
-1.274793474626362555e-01,-2.868775511636058040e-01,-8.388910661003445846e-01,-1.855072497946393673e-01,-5.645331198167593545e-01,-3.938931387452034305e-01,-6.411468997965891203e-02,1.000000000000000000e+00,-4.134138040895335431e-01,-3.848512365030019589e-01,1.626038819316784900e-01,-1.001938441714952666e-01,5.033387460421333559e-01,-3.495082675237503600e-01,1.769209580828904893e-01,-2.061128471981666099e-01,1.192528912106595868e-01,-4.101650234127446337e-01,-3.258573670340434991e-01,3.190930439707965194e-01,-3.308938379199616864e-01,-1.632421579910171006e-01,-1.361285404341605332e-01,-1.944592567812455097e-01,6.703523520961816862e-02,-4.842904338910456463e-01,-3.783660813197063377e-01,-1.381070486779462092e-02,5.224380242902114911e-03,-2.013589393765628233e-01,-6.136804434020904919e-01,7.405801102270331837e-02,-3.716709427448179337e-01,-4.500843963389175029e-01,-3.439380633257435593e-01,-1.198430943681632194e-01,-3.652745820849014891e-01,-1.490054806549031829e-01,-2.465121090108788049e-01
4.549225188066262637e-01,2.736868731917992403e-01,3.924688953339224295e-01,-2.310931900647106643e-02,4.129537367770194645e-01,2.396942178069340068e-01,-1.057768648953717056e-01,-4.134138040895335431e-01,1.000000000000000000e+00,4.547415335058061503e-01,-8.744578776942099618e-02,1.739225869909649669e-01,-2.970021327155435847e-02,3.533784485310845769e-01,2.271784289609929952e-01,4.693983327320555010e-01,-1.493501172514126452e-01,3.439287786799255509e-01,3.225679435822838004e-01,-6.173564473378657241e-02,3.512972654091220948e-01,1.116051768227302732e-01,1.061404620255059078e-01,-5.670750410971386185e-02,1.182137875370873302e-02,3.456308903645772257e-01,1.685025978649919154e-02,1.343629282899053146e-01,3.136671030516311465e-01,4.176472662850354012e-01,1.517493560104117012e-01,-1.059920863210707248e-01,1.708435223301948136e-01,4.948779953549846677e-01,1.380257765423228977e-01,2.157313713540968680e-01,7.727768635553246279e-02,4.115933758117661934e-01,4.710960798941031813e-01
3.065269051616386076e-01,3.562019919814848334e-01,3.853281487560076823e-01,1.331031640956318318e-01,3.388033284363790032e-01,4.921940814577450279e-02,6.753171365515500679e-02,-3.848512365030019589e-01,4.547415335058061503e-01,1.000000000000000000e+00,-5.275196022863899020e-02,1.026108554879036350e-01,-1.608233208029933581e-01,2.492493607184559368e-01,9.536787350091113780e-02,6.051722677358681857e-01,6.413691534280155371e-02,3.971743052141764596e-01,3.100741980268053033e-01,-1.280638218552380145e-03,2.374493935866428818e-01,1.311789262324909028e-02,2.071587320116033970e-01,2.539339376153568629e-03,1.605385347725755696e-01,4.256647448690099034e-01,1.546659767724263834e-01,1.337308687502424820e-01,7.707311713576570078e-02,4.982036149149320914e-01,2.268041405336893301e-01,-1.162386067919152569e-02,1.627199346255271128e-01,3.727154786509798146e-01,6.860574525135505752e-02,2.239110273826465658e-01,7.458854581446533287e-03,2.221167639911122982e-01,3.533204481946010111e-01
-5.662103245777756755e-02,6.396189109124356120e-02,-1.512628600889472374e-01,-8.797931597098056222e-02,-2.657820649769959132e-01,-3.068867971948767703e-01,1.252320438177937159e-02,1.626038819316784900e-01,-8.744578776942099618e-02,-5.275196022863899020e-02,1.000000000000000000e+00,-4.386741420749781795e-02,1.036291910465367699e-01,-1.381557424388078770e-01,-5.825370427280141677e-02,-7.635069086923741699e-02,1.854157320676276255e-01,-5.511333151644538103e-02,-3.911092256213052204e-02,1.919420233314055035e-02,1.130972444099652245e-02,-2.882585949209887782e-03,5.113767911490417761e-01,-1.702014165614575969e-01,6.109216722600497862e-01,-3.652238157526647294e-02,-1.877455708500656850e-02,-3.775186206139457407e-02,-1.530158623867574619e-01,-1.727902624946478505e-01,-1.417518604209077604e-01,8.489329216115036603e-02,-2.479784472641333799e-04,-2.149701972017599438e-01,-9.762596795088503143e-02,-1.762358870404450448e-03,-1.030137275634893934e-01,-9.039124400976539242e-02,1.048097869270108243e-02
1.221458601438014102e-01,2.574187221875400278e-01,8.104158227166875783e-02,-1.501175757148243417e-01,2.471769443498101904e-01,1.537941413259347467e-01,-5.137465390790311170e-01,-1.001938441714952666e-01,1.739225869909649669e-01,1.026108554879036350e-01,-4.386741420749781795e-02,1.000000000000000000e+00,-4.357257625816080004e-02,8.973152141735384058e-02,3.308042219608882673e-01,1.718025811807175895e-01,-6.792928547203846978e-02,-9.532733432545141550e-02,-1.388265120615489179e-01,1.345006985821514851e-02,-1.764929349619347165e-01,-8.191715908718019690e-02,-4.749420228268397964e-02,-8.020823648303751496e-02,-5.422330708315095671e-02,-7.105035907050999411e-02,-7.169609628532075396e-02,1.056715508485446264e-01,-1.309725579742927921e-02,1.484342150847858810e-01,1.232110113334409229e-01,-1.393895358027633646e-01,1.358852660366484943e-01,4.007400434683059953e-01,-1.465583634812507863e-01,8.442762745472129349e-02,9.931237987613421303e-02,2.260695819939784468e-01,4.107192301415111824e-01
2.531870568127412291e-01,-2.258617556534397997e-01,-5.139384750208941810e-01,-1.782131821068111688e-01,-2.040350376374516217e-01,-1.503287066768058122e-01,3.473284335298815889e-02,5.033387460421333559e-01,-2.970021327155435847e-02,-1.608233208029933581e-01,1.036291910465367699e-01,-4.357257625816080004e-02,1.000000000000000000e+00,-2.302163530191839724e-01,4.392291144977344408e-01,4.295757893694784890e-02,9.545949046152463549e-03,-1.012656408270510948e-02,8.201927424031313363e-02,2.623013921204342402e-01,-1.740949035400133071e-01,-3.277156089961564822e-01,-1.846998989035988914e-02,-1.511775405001934136e-01,9.844190991325064977e-02,-2.165561186726987497e-01,-3.568132889855724077e-01,2.328045913233911524e-01,3.976129828357015117e-01,6.482704588613688590e-02,-6.533734713921397486e-01,1.731951146320067636e-01,-3.374936843394247821e-01,-1.333027283242994299e-01,-2.512616342677803649e-01,1.689920412227932656e-01,-3.028763599044863031e-01,1.863152299196302042e-01,1.556791904848265837e-02
1.461088196624683033e-01,9.281239628943487030e-02,3.408706015206236506e-01,3.284052959256120868e-02,3.878490096906403450e-01,3.779571454971525912e-01,-2.705476590131864478e-01,-3.495082675237503600e-01,3.533784485310845769e-01,2.492493607184559368e-01,-1.381557424388078770e-01,8.973152141735384058e-02,-2.302163530191839724e-01,1.000000000000000000e+00,-1.236680352928782450e-02,1.766570697593332073e-01,-9.549163532349681793e-02,1.704430360151090729e-01,1.141599889373091370e-01,-1.256514702115291704e-01,1.929254947919535335e-01,1.619048047363496612e-01,1.343149483828927904e-01,5.069107061518343116e-01,4.887333477080137156e-02,1.832726303345327268e-01,9.817541584613977135e-02,-1.057038793729337262e-01,2.103783879828377001e-01,1.727132914399171770e-01,3.784736285718061644e-01,-1.018087755891807916e-01,3.618606225395232245e-01,3.713785094022237221e-01,4.420546609301986285e-01,1.850483711371944673e-01,3.436965792113921281e-01,1.311039366776730053e-01,1.474622010720012810e-01
5.473863678312479442e-01,5.659577085390157108e-02,-2.024591839025445539e-01,-2.842376270984692810e-01,1.648423514238789855e-01,1.582664884895758697e-02,-2.092640510924880237e-01,1.769209580828904893e-01,2.271784289609929952e-01,9.536787350091113780e-02,-5.825370427280141677e-02,3.308042219608882673e-01,4.392291144977344408e-01,-1.236680352928782450e-02,1.000000000000000000e+00,4.525853693823576607e-01,-6.015309964516839247e-02,8.617557347271334600e-03,3.617290959843144638e-02,3.306115406768839193e-01,-7.953062539313161816e-02,-3.291181779020240783e-01,-5.185905959136925814e-02,-2.494553083208044530e-01,-3.387508029576754426e-02,7.982804892423035780e-05,-5.165080126222035828e-01,5.588790484419126070e-01,4.896170968064658680e-01,4.690565540782284937e-01,-2.849535305343394720e-01,-1.363421256610872767e-01,-1.597889353118928102e-01,3.164666367675513792e-01,-2.243773642104283650e-01,3.426497090921177824e-01,-3.132127042068850176e-01,6.003788065047362954e-01,2.994321104130195921e-01
5.526682507712293857e-01,3.659377105324315149e-01,1.845291754999540124e-01,-5.315432458595435034e-02,3.668565947837484909e-01,2.400563583693054483e-03,-6.590904918077693589e-03,-2.061128471981666099e-01,4.693983327320555010e-01,6.051722677358681857e-01,-7.635069086923741699e-02,1.718025811807175895e-01,4.295757893694784890e-02,1.766570697593332073e-01,4.525853693823576607e-01,1.000000000000000000e+00,9.250625067008820535e-03,2.740934707502594159e-01,2.502249339402041195e-01,7.714258372463111968e-02,1.293714152307112453e-01,-1.776812312550003492e-01,1.339972830328905185e-01,-1.664620966472696861e-01,1.020457054519086082e-01,3.030476514096082652e-01,-2.194210812411581668e-01,4.247985022637618679e-01,2.693598122941274209e-01,6.860082792951792685e-01,8.966673330482474724e-02,-1.412365681523252980e-01,3.477119804038988037e-03,4.833078770433607563e-01,-1.046134459961201163e-01,3.537556809872870467e-01,-2.564056721797596250e-01,5.220897728031715923e-01,2.812811764401962344e-01
1.567247214598883887e-02,1.326906686565465787e-01,-9.401660309678765148e-02,9.924444545141318519e-02,-2.206601298928021759e-01,-1.063224646811975066e-01,4.826829867917764062e-03,1.192528912106595868e-01,-1.493501172514126452e-01,6.413691534280155371e-02,1.854157320676276255e-01,-6.792928547203846978e-02,9.545949046152463549e-03,-9.549163532349681793e-02,-6.015309964516839247e-02,9.250625067008820535e-03,1.000000000000000000e+00,-1.659045457983781072e-02,-7.771434581927523511e-02,6.751140269664922255e-02,-5.231535513903900342e-02,-1.182062421696529197e-01,4.088039863095059845e-01,-1.429137732949004730e-02,4.015157780208310490e-01,2.416768427966450861e-02,1.150687461115671231e-02,-7.645073923377865288e-02,-1.782544638232964607e-01,-3.629838554756194269e-02,-3.908984227297753605e-02,2.376854579614224583e-01,-1.153557433537582555e-01,-1.607517911800689092e-01,1.203143151574909281e-01,2.981203970630779201e-02,-5.262410716894977414e-02,-3.532301328178287340e-03,-5.393902739955700777e-03
2.065645735037595909e-01,-2.163623529353808986e-03,4.047303666985673787e-01,3.501966920744765122e-01,3.055423716576460835e-01,2.431905621981502452e-01,1.976760729847275300e-01,-4.101650234127446337e-01,3.439287786799255509e-01,3.971743052141764596e-01,-5.511333151644538103e-02,-9.532733432545141550e-02,-1.012656408270510948e-02,1.704430360151090729e-01,8.617557347271334600e-03,2.740934707502594159e-01,-1.659045457983781072e-02,1.000000000000000000e+00,7.385788086148850073e-01,-4.129102640205906116e-02,7.730128652708381787e-02,-1.130621102545367740e-01,1.479999848337505419e-01,9.769098625666101932e-02,8.545889849640335434e-02,4.426653643754768219e-01,2.226329529325534184e-01,9.937232532365586346e-02,2.089215816517210333e-01,2.885600099951705078e-01,1.117949276226518490e-01,-2.170591148770414924e-02,1.837838369997398247e-01,2.793330198673162346e-01,2.006267255039755615e-01,9.358169233383023533e-02,5.902350369709755129e-02,5.315362929523120838e-02,3.491745046137305353e-02
2.060166654576743583e-01,-7.783783572885097368e-02,3.094643995786359181e-01,2.027830787664317014e-01,2.638367888015549223e-01,1.787876582745694665e-01,2.934559523474203346e-01,-3.258573670340434991e-01,3.225679435822838004e-01,3.100741980268053033e-01,-3.911092256213052204e-02,-1.388265120615489179e-01,8.201927424031313363e-02,1.141599889373091370e-01,3.617290959843144638e-02,2.502249339402041195e-01,-7.771434581927523511e-02,7.385788086148850073e-01,1.000000000000000000e+00,-9.341075397120736368e-02,5.866311411108317969e-02,-1.366579440602908868e-01,1.326264719047665075e-01,8.611390946771274590e-02,9.077686618161802390e-02,3.472277111295825613e-01,1.976892475790505976e-01,6.434807694107169684e-02,1.819936956174674769e-01,2.873336423164626341e-01,-2.168300900777522799e-02,-3.563110302519210959e-02,1.650928758745307534e-01,2.311950016435068700e-01,1.372532360561867504e-01,1.190756598545755496e-01,-5.608884017772737020e-03,6.025053043723935242e-02,-6.322252061926571243e-02
2.378710258896808150e-01,9.181578966439149503e-02,-2.861580487840927334e-01,3.022138880354807711e-01,-2.228406022984819879e-01,-1.199442827704560316e-01,-8.850215164755395603e-02,3.190930439707965194e-01,-6.173564473378657241e-02,-1.280638218552380145e-03,1.919420233314055035e-02,1.345006985821514851e-02,2.623013921204342402e-01,-1.256514702115291704e-01,3.306115406768839193e-01,7.714258372463111968e-02,6.751140269664922255e-02,-4.129102640205906116e-02,-9.341075397120736368e-02,1.000000000000000000e+00,1.216347668914814356e-01,1.476836887284918298e-01,1.962947582007727038e-02,-1.301026151790590224e-01,5.400032322125695311e-02,5.184279356495066771e-02,-1.375117090614342563e-01,1.992153247918019843e-01,2.334242734877768899e-01,1.537925960907815248e-01,-2.661107694941463042e-01,-6.975120489250205037e-03,3.422565498555692198e-02,-1.479407679372526097e-01,-1.146995415874062368e-01,5.200394936887322433e-02,-1.314599551093405816e-01,1.125332569522697057e-01,6.762722679955986138e-02
2.574626791459827535e-01,2.895344054441472692e-01,3.512217531373460488e-01,1.572299928384131851e-01,3.012344684520832511e-02,5.066601214575332940e-02,1.622235884394461758e-01,-3.308938379199616864e-01,3.512972654091220948e-01,2.374493935866428818e-01,1.130972444099652245e-02,-1.764929349619347165e-01,-1.740949035400133071e-01,1.929254947919535335e-01,-7.953062539313161816e-02,1.293714152307112453e-01,-5.231535513903900342e-02,7.730128652708381787e-02,5.866311411108317969e-02,1.216347668914814356e-01,1.000000000000000000e+00,4.562524586501324197e-01,1.786318875853602217e-01,5.687801168241465172e-02,-1.443600925140432062e-02,3.837978536450867284e-01,2.253014191686973366e-01,-5.679779627045297014e-02,4.508530036513991313e-02,9.872408897460349664e-02,1.414786267452511903e-01,-9.578887831430595717e-03,3.733446045374030908e-01,-3.179146514639574761e-02,3.386867979925839434e-01,1.109677640711152907e-01,1.991483397700210545e-01,1.789301670669590227e-01,2.978698258608107330e-01
-7.863122716202566864e-02,1.592356566436552712e-01,1.923080853282786717e-01,1.943721436871035380e-01,-2.513894248874568374e-02,1.153373859573043753e-01,-5.320841635207788911e-02,-1.632421579910171006e-01,1.116051768227302732e-01,1.311789262324909028e-02,-2.882585949209887782e-03,-8.191715908718019690e-02,-3.277156089961564822e-01,1.619048047363496612e-01,-3.291181779020240783e-01,-1.776812312550003492e-01,-1.182062421696529197e-01,-1.130621102545367740e-01,-1.366579440602908868e-01,1.476836887284918298e-01,4.562524586501324197e-01,1.000000000000000000e+00,3.801529542255725064e-02,2.562992605179323369e-01,-6.904029097254493763e-02,2.043122823647045005e-01,3.229367225871669911e-01,-3.364242273981138953e-01,-1.361016643627110945e-01,-2.045102790232060097e-01,1.825712775074570526e-01,-7.683582661229640398e-02,3.019949351287963824e-01,-8.705911030798853256e-02,2.571621845951558294e-01,-2.071004035594132264e-01,3.105168832340947094e-01,-1.776275569800251364e-01,-1.709460680070264485e-02
1.294980200490045974e-01,2.043875586013920442e-01,1.639513186605946471e-01,1.415197599757356539e-01,-1.402487941237149163e-02,2.449535186911154863e-02,6.421695761961988824e-02,-1.361285404341605332e-01,1.061404620255059078e-01,2.071587320116033970e-01,5.113767911490417761e-01,-4.749420228268397964e-02,-1.846998989035988914e-02,1.343149483828927904e-01,-5.185905959136925814e-02,1.339972830328905185e-01,4.088039863095059845e-01,1.479999848337505419e-01,1.326264719047665075e-01,1.962947582007727038e-02,1.786318875853602217e-01,3.801529542255725064e-02,1.000000000000000000e+00,7.812353297394654394e-02,7.026577553708740487e-01,2.863990183222550612e-01,1.659718147439878666e-01,-1.257776739183351540e-02,-1.738725465217383012e-02,1.329200520336490110e-01,9.803694543627813895e-02,2.145649596247952151e-01,9.803233574782142801e-02,1.610054828441048053e-02,1.883389532655370402e-01,9.095886644755736550e-02,1.246705937125842378e-01,1.075406258697866879e-01,1.315899128096817972e-01
-1.316719326891771791e-01,-6.453528302683254891e-02,2.247816573605137258e-01,1.248429883289885745e-01,1.941287351039063802e-01,4.779843031115884044e-01,-6.789400997182325204e-02,-1.944592567812455097e-01,-5.670750410971386185e-02,2.539339376153568629e-03,-1.702014165614575969e-01,-8.020823648303751496e-02,-1.511775405001934136e-01,5.069107061518343116e-01,-2.494553083208044530e-01,-1.664620966472696861e-01,-1.429137732949004730e-02,9.769098625666101932e-02,8.611390946771274590e-02,-1.301026151790590224e-01,5.687801168241465172e-02,2.562992605179323369e-01,7.812353297394654394e-02,1.000000000000000000e+00,-2.882903663218026186e-02,1.150619409053504349e-01,2.765630086677842714e-01,-3.372896679887816274e-01,1.340416511391760712e-02,-1.707547892756213492e-01,1.863191580593744900e-01,5.852621845795784317e-02,2.317214193688142410e-01,1.207714432433462937e-01,5.500765442122278470e-01,5.668102264360549460e-03,4.855393081544036038e-01,-1.669330056309337174e-01,-1.326341273798015974e-01
4.304534633353800793e-02,1.450537580386473957e-01,-5.944698973470473324e-02,4.987117341571616763e-02,-1.369375785882332164e-01,-1.481874891571778041e-01,5.324376769963262701e-02,6.703523520961816862e-02,1.182137875370873302e-02,1.605385347725755696e-01,6.109216722600497862e-01,-5.422330708315095671e-02,9.844190991325064977e-02,4.887333477080137156e-02,-3.387508029576754426e-02,1.020457054519086082e-01,4.015157780208310490e-01,8.545889849640335434e-02,9.077686618161802390e-02,5.400032322125695311e-02,-1.443600925140432062e-02,-6.904029097254493763e-02,7.026577553708740487e-01,-2.882903663218026186e-02,1.000000000000000000e+00,7.172162059617596952e-02,2.572197626734396350e-02,1.610688372646630617e-02,-5.503584291962211605e-02,1.055658051223099803e-01,-3.836661153492364196e-02,1.771028430065398063e-01,4.477071054763602509e-02,-9.331170455204675085e-02,3.126630203357889243e-02,9.687100182608432419e-02,-5.591084017620961966e-02,-7.353763932469334352e-02,-7.367120000834447534e-03
2.245171944799226327e-01,1.856361850329211471e-01,5.157616796645499990e-01,3.283494900188619336e-01,2.289881834808816796e-01,1.795954172193628129e-01,8.174338606244177519e-02,-4.842904338910456463e-01,3.456308903645772257e-01,4.256647448690099034e-01,-3.652238157526647294e-02,-7.105035907050999411e-02,-2.165561186726987497e-01,1.832726303345327268e-01,7.982804892423035780e-05,3.030476514096082652e-01,2.416768427966450861e-02,4.426653643754768219e-01,3.472277111295825613e-01,5.184279356495066771e-02,3.837978536450867284e-01,2.043122823647045005e-01,2.863990183222550612e-01,1.150619409053504349e-01,7.172162059617596952e-02,1.000000000000000000e+00,4.956073077494307921e-01,5.967308024713947889e-02,6.906070646026769844e-02,2.537208773820424090e-01,3.119037898405922493e-01,-6.728818685006630884e-02,1.941411510846296484e-01,2.393734055805837313e-01,2.526959362997496794e-01,9.662720731163107479e-02,1.103637724762838168e-01,2.629369910414888212e-01,2.092339984653177332e-01
-2.891285870408165648e-01,-1.093646882343106072e-02,4.241875577292915089e-01,3.903961970747093502e-01,-2.320154710233471307e-02,1.248102474148666818e-01,1.555469413253312838e-01,-3.783660813197063377e-01,1.685025978649919154e-02,1.546659767724263834e-01,-1.877455708500656850e-02,-7.169609628532075396e-02,-3.568132889855724077e-01,9.817541584613977135e-02,-5.165080126222035828e-01,-2.194210812411581668e-01,1.150687461115671231e-02,2.226329529325534184e-01,1.976892475790505976e-01,-1.375117090614342563e-01,2.253014191686973366e-01,3.229367225871669911e-01,1.659718147439878666e-01,2.765630086677842714e-01,2.572197626734396350e-02,4.956073077494307921e-01,1.000000000000000000e+00,-4.197177657883570667e-01,-3.319006714574760930e-01,-2.159385409881626472e-01,3.092787556071430188e-01,3.499245451668169665e-02,2.988101549004518742e-01,-8.533894154722422576e-02,2.685168468044829559e-01,-2.134003297788713283e-01,3.156139723564714838e-01,-2.783993549802472045e-01,-3.860007344519323161e-03
4.225720827050251094e-01,6.909901183555745841e-02,-1.424176409478429030e-02,-4.011635916470325525e-02,2.446521436313528752e-01,-6.073749726717111996e-02,9.133287230572133264e-02,-1.381070486779462092e-02,1.343629282899053146e-01,1.337308687502424820e-01,-3.775186206139457407e-02,1.056715508485446264e-01,2.328045913233911524e-01,-1.057038793729337262e-01,5.588790484419126070e-01,4.247985022637618679e-01,-7.645073923377865288e-02,9.937232532365586346e-02,6.434807694107169684e-02,1.992153247918019843e-01,-5.679779627045297014e-02,-3.364242273981138953e-01,-1.257776739183351540e-02,-3.372896679887816274e-01,1.610688372646630617e-02,5.967308024713947889e-02,-4.197177657883570667e-01,1.000000000000000000e+00,4.109107946064691208e-01,4.779316153769139763e-01,-1.315339821557537023e-02,-7.827950763613761298e-02,-2.023896165496247568e-01,2.627347085522641068e-01,-2.883546039925530824e-01,3.311246873011094993e-01,-3.834952273055550198e-01,3.689175245010732906e-01,1.072899910992785727e-01
5.075540912183118536e-01,5.709346726351310908e-02,-3.288121407469192514e-02,-4.295350279461366411e-02,2.339367012628454090e-01,2.908950556595588099e-01,-1.718235951320570484e-02,5.224380242902114911e-03,3.136671030516311465e-01,7.707311713576570078e-02,-1.530158623867574619e-01,-1.309725579742927921e-02,3.976129828357015117e-01,2.103783879828377001e-01,4.896170968064658680e-01,2.693598122941274209e-01,-1.782544638232964607e-01,2.089215816517210333e-01,1.819936956174674769e-01,2.334242734877768899e-01,4.508530036513991313e-02,-1.361016643627110945e-01,-1.738725465217383012e-02,1.340416511391760712e-02,-5.503584291962211605e-02,6.906070646026769844e-02,-3.319006714574760930e-01,4.109107946064691208e-01,1.000000000000000000e+00,3.138220560689968242e-01,-1.254014333251889657e-01,2.511533232494799206e-01,-1.306574204838078512e-01,2.106479597735531617e-01,-4.602575831991962546e-02,1.272941307101119746e-01,3.402875528735865851e-02,3.663101869312561099e-01,1.843441740530570305e-01
5.170662558196859049e-01,2.543098061440913771e-01,1.682429939091588944e-01,2.666744212499748759e-02,3.781020747122154080e-01,1.191987994765503073e-01,2.831209319108830141e-02,-2.013589393765628233e-01,4.176472662850354012e-01,4.982036149149320914e-01,-1.727902624946478505e-01,1.484342150847858810e-01,6.482704588613688590e-02,1.727132914399171770e-01,4.690565540782284937e-01,6.860082792951792685e-01,-3.629838554756194269e-02,2.885600099951705078e-01,2.873336423164626341e-01,1.537925960907815248e-01,9.872408897460349664e-02,-2.045102790232060097e-01,1.329200520336490110e-01,-1.707547892756213492e-01,1.055658051223099803e-01,2.537208773820424090e-01,-2.159385409881626472e-01,4.779316153769139763e-01,3.138220560689968242e-01,1.000000000000000000e+00,9.446300676793756290e-02,-1.518079459509029949e-01,7.935220289798911031e-02,4.634834697914903545e-01,-6.073339215069561980e-02,3.852121989648131239e-01,-1.995647359984567271e-01,4.567471675683893451e-01,2.259900017113883886e-01
-9.571413966838986098e-02,2.500752281941293620e-01,6.091039546366011637e-01,1.682018169787490025e-01,4.376835394752132680e-01,2.341977869483338193e-01,-1.186649409679797207e-01,-6.136804434020904919e-01,1.517493560104117012e-01,2.268041405336893301e-01,-1.417518604209077604e-01,1.232110113334409229e-01,-6.533734713921397486e-01,3.784736285718061644e-01,-2.849535305343394720e-01,8.966673330482474724e-02,-3.908984227297753605e-02,1.117949276226518490e-01,-2.168300900777522799e-02,-2.661107694941463042e-01,1.414786267452511903e-01,1.825712775074570526e-01,9.803694543627813895e-02,1.863191580593744900e-01,-3.836661153492364196e-02,3.119037898405922493e-01,3.092787556071430188e-01,-1.315339821557537023e-02,-1.254014333251889657e-01,9.446300676793756290e-02,1.000000000000000000e+00,-5.985690892932956503e-02,3.146206206495086311e-01,3.557614920994087160e-01,2.159992891115910252e-01,-4.960778815997358981e-02,2.903183253426578347e-01,-7.867909206580633863e-03,3.871615514748990433e-02
-3.730582217044636079e-02,8.620195746430753259e-02,-7.884967270085350977e-02,1.371265484031575776e-01,-1.128145023155202181e-01,-8.129298027463663368e-03,1.536606461519075262e-01,7.405801102270331837e-02,-1.059920863210707248e-01,-1.162386067919152569e-02,8.489329216115036603e-02,-1.393895358027633646e-01,1.731951146320067636e-01,-1.018087755891807916e-01,-1.363421256610872767e-01,-1.412365681523252980e-01,2.376854579614224583e-01,-2.170591148770414924e-02,-3.563110302519210959e-02,-6.975120489250205037e-03,-9.578887831430595717e-03,-7.683582661229640398e-02,2.145649596247952151e-01,5.852621845795784317e-02,1.771028430065398063e-01,-6.728818685006630884e-02,3.499245451668169665e-02,-7.827950763613761298e-02,2.511533232494799206e-01,-1.518079459509029949e-01,-5.985690892932956503e-02,1.000000000000000000e+00,-1.700123261108339168e-01,-1.661497942890532986e-01,-1.168664291319149312e-01,-1.306728516594019840e-01,1.541207576940655799e-01,-1.277313826322448997e-01,-1.128640011503161643e-02
-3.526327506688704816e-02,1.169008179019564303e-01,3.665748013236443392e-01,1.629643894091863388e-01,2.258575910964632505e-01,1.753225534132202834e-01,-6.501302611474769899e-02,-3.716709427448179337e-01,1.708435223301948136e-01,1.627199346255271128e-01,-2.479784472641333799e-04,1.358852660366484943e-01,-3.374936843394247821e-01,3.618606225395232245e-01,-1.597889353118928102e-01,3.477119804038988037e-03,-1.153557433537582555e-01,1.837838369997398247e-01,1.650928758745307534e-01,3.422565498555692198e-02,3.733446045374030908e-01,3.019949351287963824e-01,9.803233574782142801e-02,2.317214193688142410e-01,4.477071054763602509e-02,1.941411510846296484e-01,2.988101549004518742e-01,-2.023896165496247568e-01,-1.306574204838078512e-01,7.935220289798911031e-02,3.146206206495086311e-01,-1.700123261108339168e-01,1.000000000000000000e+00,1.450701166748448734e-01,3.937572070264167001e-01,3.870810765487143340e-02,3.835252834314654136e-01,-6.507158845103530598e-02,1.500670075949930848e-01
3.138886728747207200e-01,1.883001933203680700e-01,4.202741304537965239e-01,-4.426834816156857005e-02,7.479624960799997613e-01,3.489371904094548671e-01,-2.222485781545825712e-01,-4.500843963389175029e-01,4.948779953549846677e-01,3.727154786509798146e-01,-2.149701972017599438e-01,4.007400434683059953e-01,-1.333027283242994299e-01,3.713785094022237221e-01,3.164666367675513792e-01,4.833078770433607563e-01,-1.607517911800689092e-01,2.793330198673162346e-01,2.311950016435068700e-01,-1.479407679372526097e-01,-3.179146514639574761e-02,-8.705911030798853256e-02,1.610054828441048053e-02,1.207714432433462937e-01,-9.331170455204675085e-02,2.393734055805837313e-01,-8.533894154722422576e-02,2.627347085522641068e-01,2.106479597735531617e-01,4.634834697914903545e-01,3.557614920994087160e-01,-1.661497942890532986e-01,1.450701166748448734e-01,1.000000000000000000e+00,7.210925195376595431e-02,2.321119275154533979e-01,9.715036331147687554e-02,4.005213764069250892e-01,2.782368597991484171e-01
2.417918811813331639e-02,3.856569841510392588e-02,3.794625196730723182e-01,1.584369397180078742e-01,1.342840296818518797e-01,4.310570913849445795e-01,-9.945936873097026374e-04,-3.439380633257435593e-01,1.380257765423228977e-01,6.860574525135505752e-02,-9.762596795088503143e-02,-1.465583634812507863e-01,-2.512616342677803649e-01,4.420546609301986285e-01,-2.243773642104283650e-01,-1.046134459961201163e-01,1.203143151574909281e-01,2.006267255039755615e-01,1.372532360561867504e-01,-1.146995415874062368e-01,3.386867979925839434e-01,2.571621845951558294e-01,1.883389532655370402e-01,5.500765442122278470e-01,3.126630203357889243e-02,2.526959362997496794e-01,2.685168468044829559e-01,-2.883546039925530824e-01,-4.602575831991962546e-02,-6.073339215069561980e-02,2.159992891115910252e-01,-1.168664291319149312e-01,3.937572070264167001e-01,7.210925195376595431e-02,1.000000000000000000e+00,7.712555269878655639e-02,5.454073951928407604e-01,3.595231570240729757e-02,1.418290545511655398e-01
3.625421778070880841e-01,1.679734375777884314e-01,1.104066221455063945e-01,-9.864490788204338667e-02,1.901008653400306780e-01,-4.054341286209662415e-02,-6.556469311278242951e-02,-1.198430943681632194e-01,2.157313713540968680e-01,2.239110273826465658e-01,-1.762358870404450448e-03,8.442762745472129349e-02,1.689920412227932656e-01,1.850483711371944673e-01,3.426497090921177824e-01,3.537556809872870467e-01,2.981203970630779201e-02,9.358169233383023533e-02,1.190756598545755496e-01,5.200394936887322433e-02,1.109677640711152907e-01,-2.071004035594132264e-01,9.095886644755736550e-02,5.668102264360549460e-03,9.687100182608432419e-02,9.662720731163107479e-02,-2.134003297788713283e-01,3.311246873011094993e-01,1.272941307101119746e-01,3.852121989648131239e-01,-4.960778815997358981e-02,-1.306728516594019840e-01,3.870810765487143340e-02,2.321119275154533979e-01,7.712555269878655639e-02,1.000000000000000000e+00,-1.509291668513351448e-01,3.727745509646929190e-01,1.963530532779400317e-01
-9.720979134263309229e-02,1.928569937814029744e-01,3.825809677697240563e-01,1.494116684417791385e-01,1.973795826112407781e-01,5.304186965364940942e-01,-6.966734407555590092e-02,-3.652745820849014891e-01,7.727768635553246279e-02,7.458854581446533287e-03,-1.030137275634893934e-01,9.931237987613421303e-02,-3.028763599044863031e-01,3.436965792113921281e-01,-3.132127042068850176e-01,-2.564056721797596250e-01,-5.262410716894977414e-02,5.902350369709755129e-02,-5.608884017772737020e-03,-1.314599551093405816e-01,1.991483397700210545e-01,3.105168832340947094e-01,1.246705937125842378e-01,4.855393081544036038e-01,-5.591084017620961966e-02,1.103637724762838168e-01,3.156139723564714838e-01,-3.834952273055550198e-01,3.402875528735865851e-02,-1.995647359984567271e-01,2.903183253426578347e-01,1.541207576940655799e-01,3.835252834314654136e-01,9.715036331147687554e-02,5.454073951928407604e-01,-1.509291668513351448e-01,1.000000000000000000e+00,-1.055389365321496437e-01,2.483458480917932198e-01
5.592609370628036647e-01,2.060099667813396762e-01,1.409615965625046763e-01,-1.973607076191899734e-01,2.856038373236154948e-01,9.289150827483109996e-02,-1.746611422570585326e-01,-1.490054806549031829e-01,4.115933758117661934e-01,2.221167639911122982e-01,-9.039124400976539242e-02,2.260695819939784468e-01,1.863152299196302042e-01,1.311039366776730053e-01,6.003788065047362954e-01,5.220897728031715923e-01,-3.532301328178287340e-03,5.315362929523120838e-02,6.025053043723935242e-02,1.125332569522697057e-01,1.789301670669590227e-01,-1.776275569800251364e-01,1.075406258697866879e-01,-1.669330056309337174e-01,-7.353763932469334352e-02,2.629369910414888212e-01,-2.783993549802472045e-01,3.689175245010732906e-01,3.663101869312561099e-01,4.567471675683893451e-01,-7.867909206580633863e-03,-1.277313826322448997e-01,-6.507158845103530598e-02,4.005213764069250892e-01,3.595231570240729757e-02,3.727745509646929190e-01,-1.055389365321496437e-01,1.000000000000000000e+00,4.813387848053133911e-01
3.729713129483923084e-01,4.002253837128403324e-01,2.507013537261065794e-01,-6.008136246666983399e-02,1.544251105473476438e-01,1.498895987619777714e-01,-2.136545870959927762e-01,-2.465121090108788049e-01,4.710960798941031813e-01,3.533204481946010111e-01,1.048097869270108243e-02,4.107192301415111824e-01,1.556791904848265837e-02,1.474622010720012810e-01,2.994321104130195921e-01,2.812811764401962344e-01,-5.393902739955700777e-03,3.491745046137305353e-02,-6.322252061926571243e-02,6.762722679955986138e-02,2.978698258608107330e-01,-1.709460680070264485e-02,1.315899128096817972e-01,-1.326341273798015974e-01,-7.367120000834447534e-03,2.092339984653177332e-01,-3.860007344519323161e-03,1.072899910992785727e-01,1.843441740530570305e-01,2.259900017113883886e-01,3.871615514748990433e-02,-1.128640011503161643e-02,1.500670075949930848e-01,2.782368597991484171e-01,1.418290545511655398e-01,1.963530532779400317e-01,2.483458480917932198e-01,4.813387848053133911e-01,1.000000000000000000e+00
