1.000000000000000000e+00,7.746260835996396921e-01,7.050811699056456217e-01,-2.385452366768303356e-01,7.039285638261582045e-01,5.182156123631444233e-02,1.760263856295389839e-01,-7.129609030312864526e-01,6.123703856929623157e-01,6.400680970021029870e-01,7.637029319080916867e-01,-2.348287385771323510e-01,6.414583873517817891e-02,6.220818373601104678e-01,6.629970093985213531e-01,7.329155863506033874e-01,4.349590045113143622e-01,-3.554331253195086582e-01,-2.935992268697181773e-01,9.919290286899462572e-02,5.644073142132920440e-01,-5.286094845255866481e-01,2.867054844009850889e-01,4.452894497958945208e-02,1.977387243968643515e-01,7.496568569990400555e-01,7.084694247779406151e-01,7.177014047742927838e-01,6.537662176959267990e-01,7.954916254541671838e-01,3.897553886752515018e-01,4.128051974778885191e-01,5.364891728166306661e-01,1.081068415887560946e-01,-4.656214782923717710e-01,5.972818792754622796e-01,3.447635095647511583e-01,7.785661202234753775e-01,6.048779252890092994e-01
7.746260835996396921e-01,1.000000000000000000e+00,5.354938406435492126e-01,-1.569230853638617362e-01,5.985750991166300938e-01,2.234867137467656528e-01,1.884451533714580074e-01,-5.515055339949777036e-01,6.156688003877959225e-01,6.454868049361238702e-01,6.861199395671407908e-01,-2.672849790933252700e-01,3.692978154119292561e-02,3.920513619318188314e-01,4.715713479615508685e-01,6.168399904590230465e-01,1.624624196886188254e-01,-2.589389737225384902e-01,-2.377495645072726371e-01,3.158370455591247294e-01,3.235849959564283673e-01,-3.078584575833182568e-01,4.838167802835812159e-01,2.525676806698706200e-01,4.437405482257947842e-01,5.543902926985251334e-01,6.153202097543905014e-01,5.307862977808297522e-01,6.233767484396357528e-01,7.176193237371395472e-01,1.503266694133973680e-01,4.930263230868066615e-01,3.378078377749847983e-01,1.797089348517835750e-01,-4.841879302758910764e-01,6.280177748884944178e-01,1.092509218648650277e-01,7.086855642095831742e-01,5.586936544003839877e-01
7.050811699056456217e-01,5.354938406435492126e-01,1.000000000000000000e+00,-3.866104048953565853e-01,6.986843671597621208e-01,-2.785847480427203759e-01,5.115844623268488850e-02,-9.386843099027220028e-01,3.831647248426204855e-01,4.638786924737490214e-01,6.862124205529984700e-01,-1.652258804442175710e-01,7.563287274107023672e-03,8.824879075523137661e-01,8.745640276053463502e-01,4.620074372970107701e-01,6.665205146844287443e-01,-5.312465894543982881e-01,-3.361107821447717470e-01,-5.013736108156688354e-02,8.184565700389322407e-01,-7.830594833817512423e-01,-1.307728601176728067e-01,-3.275890642679098463e-01,-2.352844037673605115e-01,9.069382623856574455e-01,8.485907893284946324e-01,8.585292489724077880e-01,6.058058561362267280e-01,6.750266289975056511e-01,1.614878568435847150e-01,1.963900774484231559e-01,8.004742436587610754e-01,1.689562661464446072e-02,-4.319541755355631452e-01,5.015033207692602968e-01,6.192766695101944441e-01,5.691269596186547819e-01,6.481973437014282302e-01
-2.385452366768303356e-01,-1.569230853638617362e-01,-3.866104048953565853e-01,1.000000000000000000e+00,-4.571251974310623356e-01,2.455107975965268030e-01,4.328326286049689053e-01,3.815524038976048637e-01,-4.606214231595717190e-01,-4.631781673304274927e-01,-1.301564359420122052e-01,-4.377729265464268271e-02,8.925501296074939139e-02,-4.137985231624150551e-01,-5.395754158051458971e-01,-3.650987123974112070e-01,-3.171980184463156216e-01,2.434995468979605227e-01,5.414373839149502765e-02,3.491793865360406923e-01,-2.748173384475905423e-01,2.983775889038154938e-01,1.944331265819665977e-01,3.667624399803549040e-01,2.230216342445112410e-01,-3.310204901604870131e-01,-3.221806534501084895e-01,-2.706087930807783426e-01,9.778316797433050586e-03,-4.309876227326077669e-01,-7.349281263380159912e-02,2.477910171853041632e-01,-2.439205618179152435e-01,-3.962504951072982062e-01,-1.110371908208008934e-01,-3.783564483941465051e-01,-3.189097321499924642e-01,-4.394785552287637787e-01,-5.228723425867093377e-01
7.039285638261582045e-01,5.985750991166300938e-01,6.986843671597621208e-01,-4.571251974310623356e-01,1.000000000000000000e+00,-1.883839954915021708e-01,-7.956201779304380994e-02,-6.695150171908039738e-01,7.573488982246029400e-01,6.912630989568179229e-01,5.319228543762244410e-01,-1.065681786363682076e-02,-1.087566239943356522e-01,6.420133000693298841e-01,7.278751926012618778e-01,7.083715746849735817e-01,4.010947070774338874e-01,-1.533013007101445835e-01,-6.415097118959622868e-02,-2.180665820953107403e-01,4.958052618454574234e-01,-4.707086852620933071e-01,6.156774218356454720e-02,-1.703575673520820455e-01,2.280710726752280607e-02,6.373443278299057990e-01,6.631560419050394062e-01,6.044054927474895589e-01,3.452959561054615434e-01,7.932757236924312672e-01,2.980170522448669090e-01,1.286957560705602743e-01,4.453038467318908844e-01,5.352237778266089041e-01,-2.487918694645130935e-01,6.750645982338098205e-01,3.295659352530287411e-01,7.956614406439316278e-01,7.659607315079441925e-01
5.182156123631444233e-02,2.234867137467656528e-01,-2.785847480427203759e-01,2.455107975965268030e-01,-1.883839954915021708e-01,1.000000000000000000e+00,2.611482408028580893e-01,2.477976953639695890e-01,-1.740234614654500439e-02,-5.012094707660676163e-02,7.986423122185833112e-02,-4.445357025710731103e-01,1.481617121923861913e-01,-4.369092956921916127e-01,-3.845250399404539499e-01,5.602414297268459853e-02,-4.643743128634337802e-01,-7.159145681271809891e-02,-1.946755532046637316e-01,4.305573454845372239e-01,-4.351189054857604877e-01,3.086029834259533811e-01,7.403214932492047096e-01,7.629197816090966811e-01,7.311143155156415441e-01,-1.772692341272752714e-01,-2.197369158735362205e-01,-2.786052906291397457e-01,2.401510569424054331e-01,-6.774993035905364780e-02,1.368979737679163443e-02,3.892316627696015274e-01,-3.938760598213533748e-01,-1.387162912237323298e-01,-2.247203865045402649e-01,1.677554065405957862e-01,-3.810533436265271523e-01,-2.683394665008037756e-03,-3.766976028723650338e-01
1.760263856295389839e-01,1.884451533714580074e-01,5.115844623268488850e-02,4.328326286049689053e-01,-7.956201779304380994e-02,2.611482408028580893e-01,1.000000000000000000e+00,-8.172307855623366091e-02,-1.707748401981891984e-01,-6.814962565908706804e-02,9.524918306421825687e-02,-4.340890936083245388e-01,6.723902574389542530e-02,-8.728508077471087978e-02,-1.233365892944102427e-01,5.603362542808957431e-02,-1.277115576112892170e-01,-2.219160532193922286e-01,-3.426856363022446894e-01,3.126910201901127451e-01,1.283159151800063354e-02,-1.124701531261628473e-01,3.172297150579273528e-01,3.257475905038315078e-01,2.818888036243077377e-01,1.183698036551603938e-01,6.407655718070445761e-02,1.637770545724498705e-01,3.073906357142804358e-01,7.190954923885328753e-02,-1.019026530071488607e-01,3.634932585475903477e-01,-7.930482306150021116e-03,-3.426894856469505646e-01,-3.402346388597424776e-01,-3.428696344163128379e-02,-1.187170208911996622e-01,3.947546984818912919e-02,-1.899478735288244458e-01
-7.129609030312864526e-01,-5.515055339949777036e-01,-9.386843099027220028e-01,3.815524038976048637e-01,-6.695150171908039738e-01,2.477976953639695890e-01,-8.172307855623366091e-02,1.000000000000000000e+00,-3.640308325951507329e-01,-4.590277429932688724e-01,-6.921401857458330253e-01,2.310336533465614794e-01,-2.646121817362769718e-02,-8.651587392736735938e-01,-8.640750184743689610e-01,-4.576480236178352978e-01,-6.428324053389401493e-01,5.878816291974425789e-01,3.983355407900833756e-01,1.485873154010816308e-02,-8.106238013708912948e-01,7.956304282317026022e-01,8.899740528689736863e-02,2.925193466864181024e-01,2.035864321760170181e-01,-9.194341063058848462e-01,-8.659570646055680943e-01,-8.641831724507267332e-01,-6.338955561993142584e-01,-6.815837514705308520e-01,-1.221941314804819850e-01,-2.127982079018250483e-01,-7.847605026955485341e-01,2.963924810127627901e-02,4.469268228057200476e-01,-4.884332531867419669e-01,-6.081747466076692366e-01,-5.548682693168986990e-01,-6.225622665876484607e-01
6.123703856929623157e-01,6.156688003877959225e-01,3.831647248426204855e-01,-4.606214231595717190e-01,7.573488982246029400e-01,-1.740234614654500439e-02,-1.707748401981891984e-01,-3.640308325951507329e-01,1.000000000000000000e+00,7.612400273774011517e-01,3.569921922296999672e-01,9.949284766928415125e-02,-8.640527295187598600e-02,3.495869916172880676e-01,5.154412045792668984e-01,7.396736574739204428e-01,2.072610831969060319e-01,4.609014489196672920e-02,8.076680800201299637e-02,-1.895430454651243213e-01,1.939672901735834121e-01,-1.565978367605941335e-01,2.014285090374830500e-01,-4.274455091207930019e-02,2.000782490964252147e-01,3.441246931924233365e-01,3.975591217760759966e-01,3.695005403836870150e-01,1.424114093721136065e-01,7.555376114718471703e-01,3.287089739909502262e-01,7.554945907317320297e-02,1.714053123603422324e-01,6.597211766156974022e-01,-6.270476718642317704e-02,6.772104414832555985e-01,9.158707801606293109e-02,8.153432640955654565e-01,7.354771136053557257e-01
6.400680970021029870e-01,6.454868049361238702e-01,4.638786924737490214e-01,-4.631781673304274927e-01,6.912630989568179229e-01,-5.012094707660676163e-02,-6.814962565908706804e-02,-4.590277429932688724e-01,7.612400273774011517e-01,1.000000000000000000e+00,4.524334122993046159e-01,1.115059007343793818e-01,-4.826456233364680160e-02,4.159021413436730930e-01,5.735655742927447953e-01,8.204835850751380777e-01,2.877529167330313831e-01,-2.559518593289498989e-02,8.813934307046560057e-02,-5.856089599437128146e-02,2.513694824076215806e-01,-1.969439153128478281e-01,2.354176739672171059e-01,-4.653255329899793485e-02,2.330782531782263634e-01,4.134851498311515328e-01,5.464527643939798285e-01,4.781134670394083797e-01,2.794670555361017938e-01,8.317450463357928259e-01,2.205313068583183433e-01,1.547994056423166731e-01,2.598986594263554828e-01,5.840181883040440614e-01,-1.343920049671900874e-01,6.688464613637705725e-01,1.497076544334601800e-01,7.500244923684479259e-01,7.871811873547061023e-01
7.637029319080916867e-01,6.861199395671407908e-01,6.862124205529984700e-01,-1.301564359420122052e-01,5.319228543762244410e-01,7.986423122185833112e-02,9.524918306421825687e-02,-6.921401857458330253e-01,3.569921922296999672e-01,4.524334122993046159e-01,1.000000000000000000e+00,-2.317080273253447065e-01,1.220304758680427759e-01,6.386528434047024083e-01,5.983856709260423345e-01,5.184604085617953162e-01,4.926156372090384483e-01,-4.378210636118261001e-01,-3.447928684097574248e-01,2.326491008258156079e-01,5.900308966799711063e-01,-5.369666419199385921e-01,2.602909533232255490e-01,4.742960961880452603e-02,1.873532031290353894e-01,7.252455630452608881e-01,7.116087166862579139e-01,6.807027238792621171e-01,7.339128214488039870e-01,6.106045974475236005e-01,2.587219506895994670e-01,5.015309414554458556e-01,6.116294510297725084e-01,-8.098453647615937168e-02,-5.601675449643194193e-01,4.978332194841327274e-01,3.997424536070907086e-01,5.775231965056597527e-01,4.897419883472305391e-01
-2.348287385771323510e-01,-2.672849790933252700e-01,-1.652258804442175710e-01,-4.377729265464268271e-02,-1.065681786363682076e-02,-4.445357025710731103e-01,-4.340890936083245388e-01,2.310336533465614794e-01,9.949284766928415125e-02,1.115059007343793818e-01,-2.317080273253447065e-01,1.000000000000000000e+00,4.228372273507360890e-02,-1.082683876667252590e-02,3.838394218330481306e-02,-1.002997578563238068e-01,2.673492230893882438e-01,6.330559903226322671e-01,7.446145684019026545e-01,-3.219216609000939977e-01,-1.832247363322141512e-02,3.421593614766225144e-01,-4.964446747304810392e-01,-4.858086012024594447e-01,-3.895365975302113593e-01,-3.392102784292043705e-01,-2.517868551937402222e-01,-1.326377044842687036e-01,-4.604977104429467949e-01,-7.989546300429829773e-02,3.235165095894537712e-01,-4.062992675999052006e-01,2.776591866739989978e-02,4.586159357542130555e-01,5.107845720715253890e-01,-2.393396008393462726e-01,1.026045064265874440e-01,-7.392402728604262341e-02,3.067310303156353668e-01
6.414583873517817891e-02,3.692978154119292561e-02,7.563287274107023672e-03,8.925501296074939139e-02,-1.087566239943356522e-01,1.481617121923861913e-01,6.723902574389542530e-02,-2.646121817362769718e-02,-8.640527295187598600e-02,-4.826456233364680160e-02,1.220304758680427759e-01,4.228372273507360890e-02,1.000000000000000000e+00,6.669201789943331182e-02,6.560573746924078242e-02,-3.387908858212101970e-02,2.507538969630761505e-01,-1.452516886945927344e-01,-1.680820522172001841e-01,-3.677226088769853379e-02,2.211419705626495036e-01,-8.169281930403231307e-02,-1.310314790917708194e-01,-1.301813398404935429e-01,-1.315707333194695849e-01,7.857895465565757631e-02,-6.451312895509998813e-02,2.005843868919972295e-01,1.159149179978966882e-01,3.747648918984361477e-02,7.669204802428211676e-02,5.371779340461400182e-02,1.860736099752438311e-01,-2.136792591977000888e-01,4.070628791220802511e-02,-1.571737497224512947e-01,2.624796016659307063e-01,-1.996625799763291839e-02,3.819857781729101009e-02
6.220818373601104678e-01,3.920513619318188314e-01,8.824879075523137661e-01,-4.137985231624150551e-01,6.420133000693298841e-01,-4.369092956921916127e-01,-8.728508077471087978e-02,-8.651587392736735938e-01,3.495869916172880676e-01,4.159021413436730930e-01,6.386528434047024083e-01,-1.082683876667252590e-02,6.669201789943331182e-02,1.000000000000000000e+00,8.740439082244521041e-01,4.000211044366229207e-01,7.833537109047680191e-01,-4.840994939246930362e-01,-2.744885433436936029e-01,-2.456609532825184683e-01,8.648750722042282124e-01,-7.967866612715763797e-01,-3.414607595935919560e-01,-5.335474999290487075e-01,-4.289123886683041120e-01,8.512665215317286593e-01,7.662970280373949672e-01,8.415295667632954890e-01,4.654381132667800847e-01,6.068432895824228401e-01,2.314402722720723393e-01,4.405443326331368731e-02,8.392713005387995029e-01,1.668605435639232762e-02,-2.729186834738203116e-01,4.232490958511178070e-01,7.233770769456930871e-01,5.318147461322201286e-01,6.770780381545860038e-01
6.629970093985213531e-01,4.715713479615508685e-01,8.745640276053463502e-01,-5.395754158051458971e-01,7.278751926012618778e-01,-3.845250399404539499e-01,-1.233365892944102427e-01,-8.640750184743689610e-01,5.154412045792668984e-01,5.735655742927447953e-01,5.983856709260423345e-01,3.838394218330481306e-02,6.560573746924078242e-02,8.740439082244521041e-01,1.000000000000000000e+00,5.208044383182511838e-01,7.373565281993265108e-01,-4.244848852278692575e-01,-2.006740894665732522e-01,-2.077058462867087674e-01,7.997484848052724971e-01,-7.248748594064501338e-01,-2.547363278395017305e-01,-4.866804158991568929e-01,-3.400806422933210782e-01,8.236587958537781029e-01,7.745609344230048876e-01,8.390756200290679923e-01,4.356721981165116442e-01,7.360630961075290690e-01,2.320664522845946043e-01,1.547539904228032587e-02,7.628236882916905603e-01,2.228839685553979655e-01,-2.332609404007830456e-01,4.805393024637301114e-01,6.492120021595815249e-01,6.291095145593355031e-01,7.870254403708877300e-01
7.329155863506033874e-01,6.168399904590230465e-01,4.620074372970107701e-01,-3.650987123974112070e-01,7.083715746849735817e-01,5.602414297268459853e-02,5.603362542808957431e-02,-4.576480236178352978e-01,7.396736574739204428e-01,8.204835850751380777e-01,5.184604085617953162e-01,-1.002997578563238068e-01,-3.387908858212101970e-02,4.000211044366229207e-01,5.208044383182511838e-01,1.000000000000000000e+00,2.508171125465648021e-01,-8.321653009009030710e-02,-7.098424430391316042e-02,-5.471654679047571052e-02,2.684293731696615337e-01,-2.680699533929019607e-01,3.202867426952787366e-01,7.208716163718398295e-02,3.017649750804836661e-01,4.767338579692684264e-01,5.477262331268727413e-01,4.893830528408966152e-01,3.272630306170019043e-01,8.123086277709232750e-01,2.774864295131739822e-01,2.841266526724033348e-01,2.159681071344397574e-01,4.401849404377413122e-01,-2.450635581326362777e-01,7.094377128305162650e-01,1.097580576175959249e-01,7.754093017089475071e-01,6.465531821341724550e-01
4.349590045113143622e-01,1.624624196886188254e-01,6.665205146844287443e-01,-3.171980184463156216e-01,4.010947070774338874e-01,-4.643743128634337802e-01,-1.277115576112892170e-01,-6.428324053389401493e-01,2.072610831969060319e-01,2.877529167330313831e-01,4.926156372090384483e-01,2.673492230893882438e-01,2.507538969630761505e-01,7.833537109047680191e-01,7.373565281993265108e-01,2.508171125465648021e-01,1.000000000000000000e+00,-2.830381053646351952e-01,-7.830392084285994758e-02,-3.594537173103783956e-01,8.088807814282069630e-01,-5.903296081324024280e-01,-5.144057516814286579e-01,-6.973625351865254673e-01,-5.522461129769649091e-01,6.193467049141287983e-01,4.843327919501353995e-01,7.320943428119809360e-01,2.914902608948687357e-01,4.205484173170471185e-01,3.040625131640752876e-01,-9.744089653230693371e-02,8.070988887960764968e-01,-4.615086209484371010e-02,2.267994918775165236e-02,1.265041271058522931e-01,8.420391849846594612e-01,3.449996124347062265e-01,5.949137691833354946e-01
-3.554331253195086582e-01,-2.589389737225384902e-01,-5.312465894543982881e-01,2.434995468979605227e-01,-1.533013007101445835e-01,-7.159145681271809891e-02,-2.219160532193922286e-01,5.878816291974425789e-01,4.609014489196672920e-02,-2.559518593289498989e-02,-4.378210636118261001e-01,6.330559903226322671e-01,-1.452516886945927344e-01,-4.840994939246930362e-01,-4.244848852278692575e-01,-8.321653009009030710e-02,-2.830381053646351952e-01,1.000000000000000000e+00,8.124871239914168708e-01,-1.244588022796193072e-01,-4.740156640892734252e-01,6.762477583270338766e-01,-5.119885839292420693e-02,5.350943528569734181e-02,8.486977649512639221e-02,-6.454111266813824521e-01,-4.967807952817192008e-01,-4.941529556185800254e-01,-5.081669249234669339e-01,-2.702288393414795653e-01,1.239388221287552050e-01,-1.533556770356931664e-01,-4.063934187119151442e-01,4.337030214035488829e-01,3.979374307141003153e-01,-2.610664844003239837e-01,-4.046522976433693519e-01,-2.322547100338993864e-01,-4.962759923620899127e-02
-2.935992268697181773e-01,-2.377495645072726371e-01,-3.361107821447717470e-01,5.414373839149502765e-02,-6.415097118959622868e-02,-1.946755532046637316e-01,-3.426856363022446894e-01,3.983355407900833756e-01,8.076680800201299637e-02,8.813934307046560057e-02,-3.447928684097574248e-01,7.446145684019026545e-01,-1.680820522172001841e-01,-2.744885433436936029e-01,-2.006740894665732522e-01,-7.098424430391316042e-02,-7.830392084285994758e-02,8.124871239914168708e-01,1.000000000000000000e+00,-1.420909785185990315e-01,-3.273058150861777316e-01,5.565903712197610709e-01,-1.685878790798849003e-01,-1.406025952617873387e-01,-5.814149592139502415e-02,-4.906039712931778984e-01,-3.331245556798544949e-01,-3.477803228265780588e-01,-4.466345509474647923e-01,-1.452737703762933263e-01,1.780730263382682976e-01,-2.478413475234785002e-01,-2.407485391712174960e-01,5.070397092410796613e-01,4.214667327046160428e-01,-1.713511912154682959e-01,-2.133876936165830240e-01,-1.823963592053523264e-01,1.197524393600875176e-01
9.919290286899462572e-02,3.158370455591247294e-01,-5.013736108156688354e-02,3.491793865360406923e-01,-2.180665820953107403e-01,4.305573454845372239e-01,3.126910201901127451e-01,1.485873154010816308e-02,-1.895430454651243213e-01,-5.856089599437128146e-02,2.326491008258156079e-01,-3.219216609000939977e-01,-3.677226088769853379e-02,-2.456609532825184683e-01,-2.077058462867087674e-01,-5.471654679047571052e-02,-3.594537173103783956e-01,-1.244588022796193072e-01,-1.420909785185990315e-01,1.000000000000000000e+00,-2.218215429199746902e-01,1.542599108983006007e-01,5.759519045888086275e-01,6.043961094926914024e-01,5.572367939878339893e-01,5.467509099477248441e-04,9.393090992660342586e-02,-6.425258810089463923e-02,4.081297345615086947e-01,-5.886871786986273836e-02,-1.634306678947251290e-01,5.686240696267733652e-01,-1.500427819900325421e-01,-2.593950289015140021e-01,-5.212638767489782277e-01,3.793895568199575491e-02,-3.841728653501880197e-01,-1.002744447297713726e-01,-2.667182397870894728e-01
5.644073142132920440e-01,3.235849959564283673e-01,8.184565700389322407e-01,-2.748173384475905423e-01,4.958052618454574234e-01,-4.351189054857604877e-01,1.283159151800063354e-02,-8.106238013708912948e-01,1.939672901735834121e-01,2.513694824076215806e-01,5.900308966799711063e-01,-1.832247363322141512e-02,2.211419705626495036e-01,8.648750722042282124e-01,7.997484848052724971e-01,2.684293731696615337e-01,8.088807814282069630e-01,-4.740156640892734252e-01,-3.273058150861777316e-01,-2.218215429199746902e-01,1.000000000000000000e+00,-7.814182229384097900e-01,-4.149585040885281906e-01,-5.644110448630959009e-01,-5.010166857956135367e-01,8.059389183375808008e-01,6.668351410957737979e-01,8.396467507472831215e-01,4.933210198531054469e-01,4.849803818804056532e-01,2.067561220648543030e-01,4.990628248597996086e-02,8.885437731873649936e-01,-1.731981511429714626e-01,-2.598361515584014514e-01,2.016830817162837686e-01,7.730747060492915157e-01,3.879894451501515462e-01,5.616676392858968025e-01
-5.286094845255866481e-01,-3.078584575833182568e-01,-7.830594833817512423e-01,2.983775889038154938e-01,-4.707086852620933071e-01,3.086029834259533811e-01,-1.124701531261628473e-01,7.956304282317026022e-01,-1.565978367605941335e-01,-1.969439153128478281e-01,-5.369666419199385921e-01,3.421593614766225144e-01,-8.169281930403231307e-02,-7.967866612715763797e-01,-7.248748594064501338e-01,-2.680699533929019607e-01,-5.903296081324024280e-01,6.762477583270338766e-01,5.565903712197610709e-01,1.542599108983006007e-01,-7.814182229384097900e-01,1.000000000000000000e+00,2.459413011237595592e-01,3.706680896011050885e-01,3.727110520128805171e-01,-8.318863560038126659e-01,-6.812655106821356998e-01,-7.507627917185347721e-01,-4.992716175856152794e-01,-4.680446985949842653e-01,-8.224013961710098519e-02,-8.189169896834476436e-02,-7.092332535183349940e-01,2.340620521376700069e-01,4.104270334207488213e-01,-3.465779589301206665e-01,-5.954602842271905505e-01,-3.649371427567080217e-01,-4.108416381469557344e-01
2.867054844009850889e-01,4.838167802835812159e-01,-1.307728601176728067e-01,1.944331265819665977e-01,6.156774218356454720e-02,7.403214932492047096e-01,3.172297150579273528e-01,8.899740528689736863e-02,2.014285090374830500e-01,2.354176739672171059e-01,2.602909533232255490e-01,-4.964446747304810392e-01,-1.310314790917708194e-01,-3.414607595935919560e-01,-2.547363278395017305e-01,3.202867426952787366e-01,-5.144057516814286579e-01,-5.119885839292420693e-02,-1.685878790798849003e-01,5.759519045888086275e-01,-4.149585040885281906e-01,2.459413011237595592e-01,1.000000000000000000e+00,8.656595246796952026e-01,9.099539683630973874e-01,-3.819169900410580853e-02,7.242960983589968871e-02,-1.562888055491443162e-01,3.827567412670414004e-01,1.949077661280687324e-01,-4.170172022045902371e-02,5.476153058870527612e-01,-3.643314509212519092e-01,4.166359555249916913e-02,-4.210216164088340096e-01,3.528003702439719835e-01,-5.132000026236929191e-01,2.174840260572075967e-01,-1.619911021203232493e-01
4.452894497958945208e-02,2.525676806698706200e-01,-3.275890642679098463e-01,3.667624399803549040e-01,-1.703575673520820455e-01,7.629197816090966811e-01,3.257475905038315078e-01,2.925193466864181024e-01,-4.274455091207930019e-02,-4.653255329899793485e-02,4.742960961880452603e-02,-4.858086012024594447e-01,-1.301813398404935429e-01,-5.335474999290487075e-01,-4.866804158991568929e-01,7.208716163718398295e-02,-6.973625351865254673e-01,5.350943528569734181e-02,-1.406025952617873387e-01,6.043961094926914024e-01,-5.644110448630959009e-01,3.706680896011050885e-01,8.656595246796952026e-01,1.000000000000000000e+00,8.489852047906363275e-01,-2.335310097583446765e-01,-1.354614124132308139e-01,-3.710614528921714061e-01,2.490597094315755711e-01,-9.387729569742350733e-02,-9.986510100830250924e-02,5.207929443582367535e-01,-5.087678826535909637e-01,-8.811782262773973362e-02,-4.031751890142361572e-01,1.277582765032610479e-01,-6.662992725127013793e-01,-4.550270201183542751e-02,-4.298717627599656366e-01
1.977387243968643515e-01,4.437405482257947842e-01,-2.352844037673605115e-01,2.230216342445112410e-01,2.280710726752280607e-02,7.311143155156415441e-01,2.818888036243077377e-01,2.035864321760170181e-01,2.000782490964252147e-01,2.330782531782263634e-01,1.873532031290353894e-01,-3.895365975302113593e-01,-1.315707333194695849e-01,-4.289123886683041120e-01,-3.400806422933210782e-01,3.017649750804836661e-01,-5.522461129769649091e-01,8.486977649512639221e-02,-5.814149592139502415e-02,5.572367939878339893e-01,-5.010166857956135367e-01,3.727110520128805171e-01,9.099539683630973874e-01,8.489852047906363275e-01,1.000000000000000000e+00,-1.670342185878631591e-01,-2.159565011356570294e-02,-2.464526322399716862e-01,2.523603943782044556e-01,1.457854062734159351e-01,-8.410440228069930579e-02,5.155100817491631293e-01,-4.502877862534137576e-01,1.175341716291876948e-01,-3.210018251192511274e-01,3.009939816262999779e-01,-5.386015620866387854e-01,1.848397375018021871e-01,-1.681392305098347029e-01
7.496568569990400555e-01,5.543902926985251334e-01,9.069382623856574455e-01,-3.310204901604870131e-01,6.373443278299057990e-01,-1.772692341272752714e-01,1.183698036551603938e-01,-9.194341063058848462e-01,3.441246931924233365e-01,4.134851498311515328e-01,7.252455630452608881e-01,-3.392102784292043705e-01,7.857895465565757631e-02,8.512665215317286593e-01,8.236587958537781029e-01,4.767338579692684264e-01,6.193467049141287983e-01,-6.454111266813824521e-01,-4.906039712931778984e-01,5.467509099477248441e-04,8.059389183375808008e-01,-8.318863560038126659e-01,-3.819169900410580853e-02,-2.335310097583446765e-01,-1.670342185878631591e-01,1.000000000000000000e+00,8.392835233843495280e-01,8.630262465181938181e-01,6.870086306155607225e-01,6.634055641112612811e-01,1.542468561803652105e-01,2.853964798982948081e-01,7.706252442673093839e-01,-1.208415455496313767e-01,-5.181240518481933233e-01,5.034430800935557615e-01,5.947539886881335613e-01,5.538408562177502548e-01,5.523636081004432707e-01
7.084694247779406151e-01,6.153202097543905014e-01,8.485907893284946324e-01,-3.221806534501084895e-01,6.631560419050394062e-01,-2.197369158735362205e-01,6.407655718070445761e-02,-8.659570646055680943e-01,3.975591217760759966e-01,5.464527643939798285e-01,7.116087166862579139e-01,-2.517868551937402222e-01,-6.451312895509998813e-02,7.662970280373949672e-01,7.745609344230048876e-01,5.477262331268727413e-01,4.843327919501353995e-01,-4.967807952817192008e-01,-3.331245556798544949e-01,9.393090992660342586e-02,6.668351410957737979e-01,-6.812655106821356998e-01,7.242960983589968871e-02,-1.354614124132308139e-01,-2.159565011356570294e-02,8.392835233843495280e-01,1.000000000000000000e+00,7.897537410413072445e-01,6.456840849607856647e-01,7.195412319374299148e-01,2.971458513945131850e-03,3.409683719352697429e-01,6.494129056154822610e-01,5.933737021409087042e-02,-5.026001405923727905e-01,5.408000945861957121e-01,3.928113471218658836e-01,5.552958609581180038e-01,6.192899823377393531e-01
7.177014047742927838e-01,5.307862977808297522e-01,8.585292489724077880e-01,-2.706087930807783426e-01,6.044054927474895589e-01,-2.786052906291397457e-01,1.637770545724498705e-01,-8.641831724507267332e-01,3.695005403836870150e-01,4.781134670394083797e-01,6.807027238792621171e-01,-1.326377044842687036e-01,2.005843868919972295e-01,8.415295667632954890e-01,8.390756200290679923e-01,4.893830528408966152e-01,7.320943428119809360e-01,-4.941529556185800254e-01,-3.477803228265780588e-01,-6.425258810089463923e-02,8.396467507472831215e-01,-7.507627917185347721e-01,-1.562888055491443162e-01,-3.710614528921714061e-01,-2.464526322399716862e-01,8.630262465181938181e-01,7.897537410413072445e-01,1.000000000000000000e+00,6.090396563053612766e-01,6.930206217033358929e-01,1.852054508844122593e-01,2.507801944088720036e-01,8.107732916302812232e-01,-4.622582050255893971e-02,-3.774284660488790299e-01,3.956607493230125394e-01,6.420239434562319270e-01,5.678736873133815033e-01,6.557011164184550767e-01
6.537662176959267990e-01,6.233767484396357528e-01,6.058058561362267280e-01,9.778316797433050586e-03,3.452959561054615434e-01,2.401510569424054331e-01,3.073906357142804358e-01,-6.338955561993142584e-01,1.424114093721136065e-01,2.794670555361017938e-01,7.339128214488039870e-01,-4.604977104429467949e-01,1.159149179978966882e-01,4.654381132667800847e-01,4.356721981165116442e-01,3.272630306170019043e-01,2.914902608948687357e-01,-5.081669249234669339e-01,-4.466345509474647923e-01,4.081297345615086947e-01,4.933210198531054469e-01,-4.992716175856152794e-01,3.827567412670414004e-01,2.490597094315755711e-01,2.523603943782044556e-01,6.870086306155607225e-01,6.456840849607856647e-01,6.090396563053612766e-01,1.000000000000000000e+00,4.400955961267421501e-01,1.550570276866909680e-01,6.967651301336825753e-01,5.409202571528594072e-01,-3.024125689639209913e-01,-7.602937241026495041e-01,3.668423611195179568e-01,2.219104487548972660e-01,3.549142979531748066e-01,2.332918941824762282e-01
7.954916254541671838e-01,7.176193237371395472e-01,6.750266289975056511e-01,-4.309876227326077669e-01,7.932757236924312672e-01,-6.774993035905364780e-02,7.190954923885328753e-02,-6.815837514705308520e-01,7.555376114718471703e-01,8.317450463357928259e-01,6.106045974475236005e-01,-7.989546300429829773e-02,3.747648918984361477e-02,6.068432895824228401e-01,7.360630961075290690e-01,8.123086277709232750e-01,4.205484173170471185e-01,-2.702288393414795653e-01,-1.452737703762933263e-01,-5.886871786986273836e-02,4.849803818804056532e-01,-4.680446985949842653e-01,1.949077661280687324e-01,-9.387729569742350733e-02,1.457854062734159351e-01,6.634055641112612811e-01,7.195412319374299148e-01,6.930206217033358929e-01,4.400955961267421501e-01,1.000000000000000000e+00,2.475327366000564244e-01,2.123203345180993129e-01,4.454111473293101420e-01,4.138363049123606752e-01,-2.855351274381526805e-01,6.959210480546675903e-01,3.015447416913886181e-01,8.240189986238676267e-01,8.008666368765445798e-01
3.897553886752515018e-01,1.503266694133973680e-01,1.614878568435847150e-01,-7.349281263380159912e-02,2.980170522448669090e-01,1.368979737679163443e-02,-1.019026530071488607e-01,-1.221941314804819850e-01,3.287089739909502262e-01,2.205313068583183433e-01,2.587219506895994670e-01,3.235165095894537712e-01,7.669204802428211676e-02,2.314402722720723393e-01,2.320664522845946043e-01,2.774864295131739822e-01,3.040625131640752876e-01,1.239388221287552050e-01,1.780730263382682976e-01,-1.634306678947251290e-01,2.067561220648543030e-01,-8.224013961710098519e-02,-4.170172022045902371e-02,-9.986510100830250924e-02,-8.410440228069930579e-02,1.542468561803652105e-01,2.971458513945131850e-03,1.852054508844122593e-01,1.550570276866909680e-01,2.475327366000564244e-01,1.000000000000000000e+00,4.163325075382597051e-02,1.614211772413314261e-01,1.926381873667757372e-01,-5.655578761077653671e-02,1.756929618376050772e-01,1.607109515717394799e-01,3.569213876960878884e-01,2.695358298398627950e-01
4.128051974778885191e-01,4.930263230868066615e-01,1.963900774484231559e-01,2.477910171853041632e-01,1.286957560705602743e-01,3.892316627696015274e-01,3.634932585475903477e-01,-2.127982079018250483e-01,7.554945907317320297e-02,1.547994056423166731e-01,5.015309414554458556e-01,-4.062992675999052006e-01,5.371779340461400182e-02,4.405443326331368731e-02,1.547539904228032587e-02,2.841266526724033348e-01,-9.744089653230693371e-02,-1.533556770356931664e-01,-2.478413475234785002e-01,5.686240696267733652e-01,4.990628248597996086e-02,-8.189169896834476436e-02,5.476153058870527612e-01,5.207929443582367535e-01,5.155100817491631293e-01,2.853964798982948081e-01,3.409683719352697429e-01,2.507801944088720036e-01,6.967651301336825753e-01,2.123203345180993129e-01,4.163325075382597051e-02,1.000000000000000000e+00,1.218475170964748722e-01,-2.074888295399922589e-01,-7.391995326370761621e-01,2.594949339618950468e-01,-1.926592979194348410e-01,2.051927324497645755e-01,-8.828179788032346209e-03
5.364891728166306661e-01,3.378078377749847983e-01,8.004742436587610754e-01,-2.439205618179152435e-01,4.453038467318908844e-01,-3.938760598213533748e-01,-7.930482306150021116e-03,-7.847605026955485341e-01,1.714053123603422324e-01,2.598986594263554828e-01,6.116294510297725084e-01,2.776591866739989978e-02,1.860736099752438311e-01,8.392713005387995029e-01,7.628236882916905603e-01,2.159681071344397574e-01,8.070988887960764968e-01,-4.063934187119151442e-01,-2.407485391712174960e-01,-1.500427819900325421e-01,8.885437731873649936e-01,-7.092332535183349940e-01,-3.643314509212519092e-01,-5.087678826535909637e-01,-4.502877862534137576e-01,7.706252442673093839e-01,6.494129056154822610e-01,8.107732916302812232e-01,5.409202571528594072e-01,4.454111473293101420e-01,1.614211772413314261e-01,1.218475170964748722e-01,1.000000000000000000e+00,-1.747687991079045766e-01,-2.801181919148998944e-01,1.847225712111703610e-01,7.643804685241959440e-01,3.464866895000160429e-01,5.575520097443420475e-01
1.081068415887560946e-01,1.797089348517835750e-01,1.689562661464446072e-02,-3.962504951072982062e-01,5.352237778266089041e-01,-1.387162912237323298e-01,-3.426894856469505646e-01,2.963924810127627901e-02,6.597211766156974022e-01,5.840181883040440614e-01,-8.098453647615937168e-02,4.586159357542130555e-01,-2.136792591977000888e-01,1.668605435639232762e-02,2.228839685553979655e-01,4.401849404377413122e-01,-4.615086209484371010e-02,4.337030214035488829e-01,5.070397092410796613e-01,-2.593950289015140021e-01,-1.731981511429714626e-01,2.340620521376700069e-01,4.166359555249916913e-02,-8.811782262773973362e-02,1.175341716291876948e-01,-1.208415455496313767e-01,5.933737021409087042e-02,-4.622582050255893971e-02,-3.024125689639209913e-01,4.138363049123606752e-01,1.926381873667757372e-01,-2.074888295399922589e-01,-1.747687991079045766e-01,1.000000000000000000e+00,2.605933230442978310e-01,3.635791260199079944e-01,-1.547474974076901433e-01,4.520390239001874089e-01,5.453698089638033819e-01
-4.656214782923717710e-01,-4.841879302758910764e-01,-4.319541755355631452e-01,-1.110371908208008934e-01,-2.487918694645130935e-01,-2.247203865045402649e-01,-3.402346388597424776e-01,4.469268228057200476e-01,-6.270476718642317704e-02,-1.343920049671900874e-01,-5.601675449643194193e-01,5.107845720715253890e-01,4.070628791220802511e-02,-2.729186834738203116e-01,-2.332609404007830456e-01,-2.450635581326362777e-01,2.267994918775165236e-02,3.979374307141003153e-01,4.214667327046160428e-01,-5.212638767489782277e-01,-2.598361515584014514e-01,4.104270334207488213e-01,-4.210216164088340096e-01,-4.031751890142361572e-01,-3.210018251192511274e-01,-5.181240518481933233e-01,-5.026001405923727905e-01,-3.774284660488790299e-01,-7.602937241026495041e-01,-2.855351274381526805e-01,-5.655578761077653671e-02,-7.391995326370761621e-01,-2.801181919148998944e-01,2.605933230442978310e-01,1.000000000000000000e+00,-3.684862766463917749e-01,1.109769210529279321e-01,-2.341993767866882015e-01,-5.063053515775534780e-02
5.972818792754622796e-01,6.280177748884944178e-01,5.015033207692602968e-01,-3.783564483941465051e-01,6.750645982338098205e-01,1.677554065405957862e-01,-3.428696344163128379e-02,-4.884332531867419669e-01,6.772104414832555985e-01,6.688464613637705725e-01,4.978332194841327274e-01,-2.393396008393462726e-01,-1.571737497224512947e-01,4.232490958511178070e-01,4.805393024637301114e-01,7.094377128305162650e-01,1.265041271058522931e-01,-2.610664844003239837e-01,-1.713511912154682959e-01,3.793895568199575491e-02,2.016830817162837686e-01,-3.465779589301206665e-01,3.528003702439719835e-01,1.277582765032610479e-01,3.009939816262999779e-01,5.034430800935557615e-01,5.408000945861957121e-01,3.956607493230125394e-01,3.668423611195179568e-01,6.959210480546675903e-01,1.756929618376050772e-01,2.594949339618950468e-01,1.847225712111703610e-01,3.635791260199079944e-01,-3.684862766463917749e-01,1.000000000000000000e+00,5.487022882032926985e-02,7.048000482876973782e-01,5.463455796838165845e-01
3.447635095647511583e-01,1.092509218648650277e-01,6.192766695101944441e-01,-3.189097321499924642e-01,3.295659352530287411e-01,-3.810533436265271523e-01,-1.187170208911996622e-01,-6.081747466076692366e-01,9.158707801606293109e-02,1.497076544334601800e-01,3.997424536070907086e-01,1.026045064265874440e-01,2.624796016659307063e-01,7.233770769456930871e-01,6.492120021595815249e-01,1.097580576175959249e-01,8.420391849846594612e-01,-4.046522976433693519e-01,-2.133876936165830240e-01,-3.841728653501880197e-01,7.730747060492915157e-01,-5.954602842271905505e-01,-5.132000026236929191e-01,-6.662992725127013793e-01,-5.386015620866387854e-01,5.947539886881335613e-01,3.928113471218658836e-01,6.420239434562319270e-01,2.219104487548972660e-01,3.015447416913886181e-01,1.607109515717394799e-01,-1.926592979194348410e-01,7.643804685241959440e-01,-1.547474974076901433e-01,1.109769210529279321e-01,5.487022882032926985e-02,1.000000000000000000e+00,2.563117681191001140e-01,4.489552652762203167e-01
7.785661202234753775e-01,7.086855642095831742e-01,5.691269596186547819e-01,-4.394785552287637787e-01,7.956614406439316278e-01,-2.683394665008037756e-03,3.947546984818912919e-02,-5.548682693168986990e-01,8.153432640955654565e-01,7.500244923684479259e-01,5.775231965056597527e-01,-7.392402728604262341e-02,-1.996625799763291839e-02,5.318147461322201286e-01,6.291095145593355031e-01,7.754093017089475071e-01,3.449996124347062265e-01,-2.322547100338993864e-01,-1.823963592053523264e-01,-1.002744447297713726e-01,3.879894451501515462e-01,-3.649371427567080217e-01,2.174840260572075967e-01,-4.550270201183542751e-02,1.848397375018021871e-01,5.538408562177502548e-01,5.552958609581180038e-01,5.678736873133815033e-01,3.549142979531748066e-01,8.240189986238676267e-01,3.569213876960878884e-01,2.051927324497645755e-01,3.464866895000160429e-01,4.520390239001874089e-01,-2.341993767866882015e-01,7.048000482876973782e-01,2.563117681191001140e-01,1.000000000000000000e+00,7.199032682621072654e-01
6.048779252890092994e-01,5.586936544003839877e-01,6.481973437014282302e-01,-5.228723425867093377e-01,7.659607315079441925e-01,-3.766976028723650338e-01,-1.899478735288244458e-01,-6.225622665876484607e-01,7.354771136053557257e-01,7.871811873547061023e-01,4.897419883472305391e-01,3.067310303156353668e-01,3.819857781729101009e-02,6.770780381545860038e-01,7.870254403708877300e-01,6.465531821341724550e-01,5.949137691833354946e-01,-4.962759923620899127e-02,1.197524393600875176e-01,-2.667182397870894728e-01,5.616676392858968025e-01,-4.108416381469557344e-01,-1.619911021203232493e-01,-4.298717627599656366e-01,-1.681392305098347029e-01,5.523636081004432707e-01,6.192899823377393531e-01,6.557011164184550767e-01,2.332918941824762282e-01,8.008666368765445798e-01,2.695358298398627950e-01,-8.828179788032346209e-03,5.575520097443420475e-01,5.453698089638033819e-01,-5.063053515775534780e-02,5.463455796838165845e-01,4.489552652762203167e-01,7.199032682621072654e-01,1.000000000000000000e+00
