1.000000000000000000e+00,-8.905716367427014557e-01,-4.032165440337070472e-01,-3.862181213637009281e-01,-4.482613841003613847e-02,-3.860325483682533476e-01,-2.659645692367472725e-01,4.372891482460997126e-01,4.863984484337808278e-01,6.035385205804443681e-02,-7.937526902300617859e-01,-7.499755328843259461e-01,7.115037075379710974e-01,4.889998196340791248e-01,-1.455354550364062471e-01,-5.618097795911992653e-01,5.078862819644978099e-01,5.678753786923632640e-01,5.345860865194198425e-02,7.278091983372425577e-01,-1.852758852117434296e-01,-8.032814782841856127e-01,-9.041582306007671377e-02,5.584875848710637442e-02,7.922106568791518200e-01,8.730839081773963395e-01,-8.520236695627755319e-01,7.946235610984349051e-01,6.060209162118456172e-01,2.527871603082155194e-01,-8.627299230173689493e-01,-9.059634288021837234e-01,-6.754598388823160882e-01,3.409596111032602295e-01,-7.759057840045626708e-01,-6.877458505274277600e-01,-3.655963858917744558e-01,8.259862298587939966e-01,-6.885027803455743278e-01
-8.905716367427014557e-01,1.000000000000000000e+00,5.307655295539281948e-01,3.815505576941948807e-01,2.300199039144948387e-01,3.263543732623593319e-01,4.211499422040397844e-01,-5.609603109547031119e-01,-3.471708198812601398e-01,1.051884762268234519e-01,7.189345667594954081e-01,7.575355582649790920e-01,-7.965311768277567595e-01,-3.482187727845831304e-01,3.039136487933276690e-02,6.753408072927593597e-01,-5.438807988010001537e-01,-4.472640415063701136e-01,7.582428892332672421e-02,-6.427214203248716728e-01,3.160434005912433064e-01,8.561291104766808324e-01,2.432255590617238838e-01,1.083452465469389586e-01,-6.679543389170868872e-01,-7.914925241791781474e-01,9.134265288128725624e-01,-7.184750106209156773e-01,-5.312806585041311980e-01,-5.257659140193693403e-02,9.066301541436520006e-01,8.856590472859060537e-01,7.278139837023643866e-01,-1.962506726307295113e-01,7.538405978876110414e-01,6.528261845468544822e-01,4.166616952058618262e-01,-7.342538112594364508e-01,7.781273498338785455e-01
-4.032165440337070472e-01,5.307655295539281948e-01,1.000000000000000000e+00,2.107739377954573889e-01,7.794176407215327451e-01,-3.701177798415404563e-02,5.324021993606290470e-01,-9.343051436842049196e-01,2.369894899992635584e-01,2.619152549333566005e-01,6.605292222262984514e-02,6.344015541769832955e-01,-6.395015154924579281e-01,-2.046740314703777708e-01,-6.058673266929077705e-01,4.801655836876094763e-01,-5.696199817645932750e-01,3.163570872722809013e-01,5.877056904775450619e-01,-1.200947090226894831e-01,8.441701935164848125e-01,6.666198228658334335e-01,2.875172544805630892e-01,2.711325049537705034e-01,-2.046790863676269112e-01,-1.391287163429323348e-01,6.622785987774701955e-01,3.790186747962907398e-03,-2.968326573226399145e-01,2.789467210502488137e-01,6.586543216565334813e-01,3.194443950533935594e-01,7.554549168004311976e-01,4.026101264874898944e-01,2.236022087327593222e-01,1.217433984869634583e-01,1.534002996059596058e-01,-3.199467411182582710e-02,7.449790862774668954e-01
-3.862181213637009281e-01,3.815505576941948807e-01,2.107739377954573889e-01,1.000000000000000000e+00,3.115979947952150497e-01,-2.002799496398477430e-01,4.419035705493328803e-01,-2.058667898359978488e-01,2.735006948781713021e-01,-3.519519231361447065e-01,2.903528617057662964e-01,4.553685690608432202e-01,-9.283619549274521598e-02,-1.234966012118975387e-01,-2.864068431662100678e-01,1.692085784691978456e-01,-6.261892633364366523e-01,6.750417034746333811e-02,5.094377606712477968e-01,-4.594890110292851326e-01,-1.706556491679587229e-01,3.425438571872654325e-01,3.928251811391112458e-01,3.749151826186784831e-02,-3.875724501031920233e-01,-4.750939612618940711e-01,4.127886570088772911e-01,-5.325352100680276202e-01,-5.614532035686592426e-01,-2.531210827902569682e-01,3.187194982296056578e-01,3.827288181272206491e-01,2.275760556183366312e-02,2.457201719405147089e-01,9.368747282175506064e-02,-9.973047683514252304e-02,-3.781736505377515933e-01,-1.706416685473193529e-01,5.663209785248085604e-01
-4.482613841003613847e-02,2.300199039144948387e-01,7.794176407215327451e-01,3.115979947952150497e-01,1.000000000000000000e+00,-3.024578744143155418e-01,6.043033698466182546e-01,-7.496438656509890608e-01,6.396612246593972317e-01,2.151423065555066738e-01,-2.431847794299493715e-01,3.887895712216519195e-01,-3.117601300186068070e-01,9.261690953124772363e-02,-7.884703322867946396e-01,2.457731177870574046e-01,-5.112360703022035269e-01,6.557941876818524918e-01,8.283020555801329232e-01,8.941181431730732543e-02,6.570830498132013142e-01,3.711333921554804682e-01,4.596693528036379650e-01,3.554978490247400202e-01,1.512274102476152404e-01,1.319801615160391128e-01,3.775969322273106110e-01,2.046027519401627526e-01,-1.757812203902068271e-01,3.239882839563004158e-01,3.167172153709239546e-01,-1.754834555498337861e-02,3.780783064523290937e-01,7.579396213095417334e-01,-1.605536853035644806e-01,-2.902582390832361692e-01,-1.955614246838456582e-01,3.513853407817614793e-01,6.104561088331673657e-01
-3.860325483682533476e-01,3.263543732623593319e-01,-3.701177798415404563e-02,-2.002799496398477430e-01,-3.024578744143155418e-01,1.000000000000000000e+00,-3.464906216707235864e-01,4.426020035036039302e-02,-7.204351098815373611e-01,2.508414765514865308e-01,6.788797107006073750e-01,3.119707904033880777e-02,-1.596054951314986314e-01,1.010291242243701454e-01,4.081283329539528992e-01,4.222515174629485335e-01,4.192363827938463405e-01,-5.742068058875600123e-01,-4.744137233468366244e-01,-5.083009914766345450e-01,2.029837068306233894e-02,1.269626936456924038e-01,-9.468695365946816489e-02,9.785786756389609764e-02,-2.095868991839043294e-01,-3.985052465789090115e-01,2.302535253600067611e-01,-3.342537917895884725e-01,2.420547742705692618e-01,-8.229256681029417653e-02,2.805158395373108515e-01,4.843378042039330200e-01,4.253243501293190731e-01,-4.316095203386118295e-01,7.098536559095046661e-01,5.668594347880236972e-01,6.573158185637050233e-01,-5.945075630372972375e-01,-8.652611182521786903e-02
-2.659645692367472725e-01,4.211499422040397844e-01,5.324021993606290470e-01,4.419035705493328803e-01,6.043033698466182546e-01,-3.464906216707235864e-01,1.000000000000000000e+00,-5.523932590748692473e-01,4.048901083097216635e-01,1.524982488892400456e-01,8.465742553375990489e-04,3.503186770236887404e-01,-4.848887712356916291e-01,-1.157873013032287013e-01,-4.079726844402252195e-01,3.604785812749928264e-01,-5.678217542815894303e-01,2.391912418217176650e-01,5.401332274158636704e-01,2.278474908819816055e-02,3.448659813815893038e-01,5.562038761855244706e-01,5.576732687084027251e-01,3.235755144820903761e-01,-6.120454327786881837e-02,-1.350118225266435934e-01,5.052019950135528958e-01,-1.603041033429291884e-01,-3.406298246517641681e-01,2.544664023250641227e-01,4.442062899320202152e-01,2.536499917343397192e-01,2.316599061747889876e-01,3.570696320710325944e-01,1.951595969790071577e-02,-7.025418857619387947e-02,-1.629915501767365826e-01,3.102264657163462599e-02,6.870536051389156684e-01
4.372891482460997126e-01,-5.609603109547031119e-01,-9.343051436842049196e-01,-2.058667898359978488e-01,-7.496438656509890608e-01,4.426020035036039302e-02,-5.523932590748692473e-01,1.000000000000000000e+00,-2.011326623046152950e-01,-2.650143972475345611e-01,-8.698884965332474850e-02,-6.456430905511533203e-01,6.832862308627273285e-01,2.516651328232140661e-01,5.659278675255525748e-01,-5.048979703213823944e-01,5.801360186371519179e-01,-2.670414059722600042e-01,-5.476190849819669859e-01,1.190077164953160099e-01,-8.406846937998423419e-01,-7.012264269006776019e-01,-2.828438489664718003e-01,-2.657009415094336302e-01,2.391060482908864138e-01,1.639193364239081574e-01,-6.882629698194426826e-01,2.210967455572943399e-02,3.205074373348902328e-01,-2.884514693409441222e-01,-6.892761225246041290e-01,-3.510903661831955014e-01,-7.689592951640349394e-01,-3.485857920301050350e-01,-2.457307944621119344e-01,-1.627484875688393617e-01,-1.753857271592318134e-01,7.221102506452546643e-02,-7.597079899961919347e-01
4.863984484337808278e-01,-3.471708198812601398e-01,2.369894899992635584e-01,2.735006948781713021e-01,6.396612246593972317e-01,-7.204351098815373611e-01,4.048901083097216635e-01,-2.011326623046152950e-01,1.000000000000000000e+00,-1.653094416509168912e-02,-6.852839579566024630e-01,-5.882200072192982770e-02,2.700686522463989214e-01,2.730454816092307002e-01,-6.788143264156888401e-01,-2.747616802733384711e-01,-3.179775209479488995e-01,8.554407014521728803e-01,7.830575151501458775e-01,4.532524872639236424e-01,1.546672762203332163e-01,-1.714179333627834922e-01,3.854166511490558777e-01,2.416478641800036409e-01,4.881625075887178755e-01,5.035761144442649773e-01,-2.163734299731775446e-01,4.666882293084033684e-01,-3.209807504636695563e-03,2.504538425921909450e-01,-3.052400257146309914e-01,-5.350334720708295189e-01,-3.251183868747374306e-01,8.222266631170181972e-01,-6.905353775111900960e-01,-7.564347284837236174e-01,-6.371983613113147982e-01,7.734583593991999351e-01,1.528282382625010538e-01
6.035385205804443681e-02,1.051884762268234519e-01,2.619152549333566005e-01,-3.519519231361447065e-01,2.151423065555066738e-01,2.508414765514865308e-01,1.524982488892400456e-01,-2.650143972475345611e-01,-1.653094416509168912e-02,1.000000000000000000e+00,-4.319790807738380090e-02,-8.570083540520080645e-02,-2.539772142497238594e-01,3.597518997305157451e-01,7.487314998219145486e-03,5.656201683951639358e-01,2.636779796364843720e-01,2.883026428897083465e-02,-5.280629746093518095e-02,2.257614404493581417e-01,4.087390924487800947e-01,1.927498060391572565e-01,3.163256267557437718e-01,6.120330234914168610e-01,4.104486230546463554e-01,2.255502231714540951e-01,1.018752722237112468e-01,2.750749508645990993e-01,4.763723642818787907e-01,7.179407016417680421e-01,1.159051406407946572e-01,1.612673394744886315e-02,3.070567860959566020e-01,1.432278280999323694e-01,2.135135033129726412e-01,2.382122526915279315e-01,5.356212415054836251e-01,4.567744666140430287e-02,4.900487183702777888e-02
-7.937526902300617859e-01,7.189345667594954081e-01,6.605292222262984514e-02,2.903528617057662964e-01,-2.431847794299493715e-01,6.788797107006073750e-01,8.465742553375990489e-04,-8.698884965332474850e-02,-6.852839579566024630e-01,-4.319790807738380090e-02,1.000000000000000000e+00,4.336024764279370336e-01,-4.342945633833902863e-01,-2.055484278005546839e-01,4.178568685199721133e-01,5.222974219419610487e-01,-1.250666066333716298e-01,-7.482929932775795878e-01,-3.143540996499861184e-01,-8.137712837730485260e-01,-1.104219146859088119e-01,5.089582007903169503e-01,3.296026271339633912e-02,-5.919071699697446565e-02,-6.732633528230085318e-01,-8.398415873739455417e-01,6.247486109472939475e-01,-8.200032372725616359e-01,-3.257270663581865455e-01,-3.096097762961501076e-01,6.327951109792309126e-01,8.648762334550806896e-01,4.764802208428794428e-01,-5.044871648302295952e-01,8.468994737621694524e-01,6.947951662337125134e-01,4.714257426004272444e-01,-8.832976457281823679e-01,3.601436745019348518e-01
-7.499755328843259461e-01,7.575355582649790920e-01,6.344015541769832955e-01,4.553685690608432202e-01,3.887895712216519195e-01,3.119707904033880777e-02,3.503186770236887404e-01,-6.456430905511533203e-01,-5.882200072192982770e-02,-8.570083540520080645e-02,4.336024764279370336e-01,1.000000000000000000e+00,-6.505249438022887576e-01,-4.604354995552170093e-01,-2.460433614608596442e-01,4.458040481647809194e-01,-7.555975941359254211e-01,-1.204051809541557688e-01,3.455382624648704604e-01,-5.035511088463286988e-01,3.897811935802472094e-01,7.888482816419174481e-01,1.989092285056890397e-01,3.333250337401905128e-02,-6.277810543924926545e-01,-6.465842360006535117e-01,8.056014248419693935e-01,-5.468170048841585196e-01,-6.471402886125569021e-01,-1.457736093635642605e-01,7.924820863684405303e-01,6.568240954040283075e-01,6.622980509440272723e-01,5.076504911389615599e-02,4.783436659681438718e-01,3.912358612000589875e-01,8.087524335542101150e-02,-4.660625784292916629e-01,8.091354364688562173e-01
7.115037075379710974e-01,-7.965311768277567595e-01,-6.395015154924579281e-01,-9.283619549274521598e-02,-3.117601300186068070e-01,-1.596054951314986314e-01,-4.848887712356916291e-01,6.832862308627273285e-01,2.700686522463989214e-01,-2.539772142497238594e-01,-4.342945633833902863e-01,-6.505249438022887576e-01,1.000000000000000000e+00,4.096524174414993835e-01,7.348908153040939473e-02,-6.345605839682442184e-01,4.750238839014169767e-01,3.055148982027565685e-01,-3.411684848123561903e-02,2.842865918335475417e-01,-5.782983800707115485e-01,-8.344683474473572060e-01,-1.913823459544933547e-01,-1.529443083941231796e-01,4.700042974478370050e-01,4.804323708618761790e-01,-8.182303170041819174e-01,3.944459540932001573e-01,3.971425459677438430e-01,-1.889562225137519647e-01,-8.587548973516059281e-01,-6.627377790284394443e-01,-7.705339574700861283e-01,1.742521202823787696e-01,-5.851499915320819145e-01,-5.891268294991903742e-01,-4.574799060067651912e-01,5.293070479729000688e-01,-7.078946270916763872e-01
4.889998196340791248e-01,-3.482187727845831304e-01,-2.046740314703777708e-01,-1.234966012118975387e-01,9.261690953124772363e-02,1.010291242243701454e-01,-1.157873013032287013e-01,2.516651328232140661e-01,2.730454816092307002e-01,3.597518997305157451e-01,-2.055484278005546839e-01,-4.604354995552170093e-01,4.096524174414993835e-01,1.000000000000000000e+00,-4.327249195533678511e-02,1.298646200138900246e-02,4.395620609599726891e-01,2.644241164956899204e-01,8.890073261899764101e-02,2.155082071536942034e-01,-1.322023508227468391e-01,-4.177873243872211595e-01,3.479864749581756400e-01,4.819945570009924740e-01,6.283811198466668912e-01,4.085465365433363916e-01,-3.569487443143231631e-01,3.236275381304370424e-01,6.522603633614998397e-01,3.105863844149646114e-01,-4.206531739222000854e-01,-3.248636300201242499e-01,-3.134729682887577584e-01,3.233219867224016442e-01,-1.583063668731417295e-01,-3.604431388506768030e-01,1.102498089647550722e-01,3.818748016428628045e-01,-3.228787640974959405e-01
-1.455354550364062471e-01,3.039136487933276690e-02,-6.058673266929077705e-01,-2.864068431662100678e-01,-7.884703322867946396e-01,4.081283329539528992e-01,-4.079726844402252195e-01,5.659278675255525748e-01,-6.788143264156888401e-01,7.487314998219145486e-03,4.178568685199721133e-01,-2.460433614608596442e-01,7.348908153040939473e-02,-4.327249195533678511e-02,1.000000000000000000e+00,2.064137738125349994e-02,4.388142564182783145e-01,-7.643087952132014973e-01,-7.814646028814548062e-01,-2.032070550439258050e-01,-5.414910687502776376e-01,-1.282208505211203664e-01,-2.962312528262737166e-01,-1.978420938601255785e-01,-2.115215281682538973e-01,-2.805586520334933387e-01,-1.166698978708512330e-01,-3.455747799435793244e-01,1.341547593604177080e-01,-1.872564834818482848e-01,-7.521272184820487761e-02,2.360352409475478808e-01,-1.683045637414828655e-01,-7.044070170132166187e-01,3.589243509241395458e-01,4.496876434625318164e-01,3.648196274721164922e-01,-5.122109971975221665e-01,-3.909592757455798151e-01
-5.618097795911992653e-01,6.753408072927593597e-01,4.801655836876094763e-01,1.692085784691978456e-01,2.457731177870574046e-01,4.222515174629485335e-01,3.604785812749928264e-01,-5.048979703213823944e-01,-2.747616802733384711e-01,5.656201683951639358e-01,5.222974219419610487e-01,4.458040481647809194e-01,-6.345605839682442184e-01,1.298646200138900246e-02,2.064137738125349994e-02,1.000000000000000000e+00,-1.824922832144649232e-01,-3.183480727910166785e-01,4.739993002110354930e-03,-3.405009910705805165e-01,3.894177917155959845e-01,6.584269410619756346e-01,4.829217297010277576e-01,5.111509464275675318e-01,-2.149114022596407270e-01,-4.185331691616238081e-01,6.661515265294464250e-01,-3.646181110158862593e-01,1.509602365267050626e-03,4.501409436939861619e-01,6.650889914591499030e-01,6.383901168614917188e-01,6.448382396063763178e-01,-1.334367435531364776e-01,6.721721906561805016e-01,5.567086069250355429e-01,5.589865149984846182e-01,-4.976771623276139422e-01,5.388544358857789707e-01
5.078862819644978099e-01,-5.438807988010001537e-01,-5.696199817645932750e-01,-6.261892633364366523e-01,-5.112360703022035269e-01,4.192363827938463405e-01,-5.678217542815894303e-01,5.801360186371519179e-01,-3.179775209479488995e-01,2.636779796364843720e-01,-1.250666066333716298e-01,-7.555975941359254211e-01,4.750238839014169767e-01,4.395620609599726891e-01,4.388142564182783145e-01,-1.824922832144649232e-01,1.000000000000000000e+00,-1.611411776922391792e-01,-5.931801921937215338e-01,3.109619602729697951e-01,-2.805455638690117492e-01,-6.333241760518644181e-01,-2.594816763884650324e-01,8.786079255450239545e-02,5.042200994823283766e-01,4.354021114678047200e-01,-6.352775481127500568e-01,4.048161045969972394e-01,7.626167696487266001e-01,1.549464046083290913e-01,-5.852611478805761491e-01,-3.967173738216772105e-01,-3.365789926636278961e-01,-2.815144462739554432e-01,-9.688320022158529443e-02,-4.370878542525355459e-02,3.059855780566092531e-01,1.509063231581117825e-01,-8.015964001225157620e-01
5.678753786923632640e-01,-4.472640415063701136e-01,3.163570872722809013e-01,6.750417034746333811e-02,6.557941876818524918e-01,-5.742068058875600123e-01,2.391912418217176650e-01,-2.670414059722600042e-01,8.554407014521728803e-01,2.883026428897083465e-02,-7.482929932775795878e-01,-1.204051809541557688e-01,3.055148982027565685e-01,2.644241164956899204e-01,-7.643087952132014973e-01,-3.183480727910166785e-01,-1.611411776922391792e-01,1.000000000000000000e+00,7.388141635809936103e-01,5.249664885943204906e-01,3.366118411460191084e-01,-2.552517053768660338e-01,2.058013319568627875e-01,1.914805586744677823e-01,5.503287427674917742e-01,6.349973741410118722e-01,-3.033064198996925920e-01,6.561812592548169620e-01,1.354643664555607030e-01,2.566217992409983162e-01,-3.562809893854977372e-01,-6.380652214961254343e-01,-2.055508509914692472e-01,8.179936796984211833e-01,-7.044928257593719989e-01,-7.413689846737060440e-01,-5.330846120581363978e-01,8.408705310783564091e-01,2.490628599989071906e-02
5.345860865194198425e-02,7.582428892332672421e-02,5.877056904775450619e-01,5.094377606712477968e-01,8.283020555801329232e-01,-4.744137233468366244e-01,5.401332274158636704e-01,-5.476190849819669859e-01,7.830575151501458775e-01,-5.280629746093518095e-02,-3.143540996499861184e-01,3.455382624648704604e-01,-3.411684848123561903e-02,8.890073261899764101e-02,-7.814646028814548062e-01,4.739993002110354930e-03,-5.931801921937215338e-01,7.388141635809936103e-01,1.000000000000000000e+00,4.889265245842932400e-02,3.799830376807997179e-01,2.052951036844296306e-01,4.206289999581516725e-01,2.206734089269259402e-01,1.150897266473233094e-01,1.158581674490001406e-01,2.223277339011260900e-01,1.465662809280487977e-01,-2.738891626934885082e-01,1.128353405844057938e-01,1.314351557973314488e-01,-1.188590331745428968e-01,9.996417188033968060e-02,8.162270423671186270e-01,-3.261099161875578023e-01,-4.946569745498549109e-01,-4.869206814119066973e-01,4.508524646411341541e-01,5.350288758844125026e-01
7.278091983372425577e-01,-6.427214203248716728e-01,-1.200947090226894831e-01,-4.594890110292851326e-01,8.941181431730732543e-02,-5.083009914766345450e-01,2.278474908819816055e-02,1.190077164953160099e-01,4.532524872639236424e-01,2.257614404493581417e-01,-8.137712837730485260e-01,-5.035511088463286988e-01,2.842865918335475417e-01,2.155082071536942034e-01,-2.032070550439258050e-01,-3.405009910705805165e-01,3.109619602729697951e-01,5.249664885943204906e-01,4.889265245842932400e-02,1.000000000000000000e+00,1.257196332730227684e-01,-4.178032464563485315e-01,8.578160817554856751e-03,2.079250281258774036e-01,6.988805673891873571e-01,8.180609651593633291e-01,-5.844995853131608188e-01,7.893718320728269067e-01,4.721799595645085335e-01,4.122444395237781500e-01,-5.679182094781314305e-01,-7.564123565448274134e-01,-4.051690057270974643e-01,2.649006169610413908e-01,-6.923078784615670500e-01,-5.257962115671425130e-01,-2.216878858356739201e-01,7.262694915799622342e-01,-4.105624665562402353e-01
-1.852758852117434296e-01,3.160434005912433064e-01,8.441701935164848125e-01,-1.706556491679587229e-01,6.570830498132013142e-01,2.029837068306233894e-02,3.448659813815893038e-01,-8.406846937998423419e-01,1.546672762203332163e-01,4.087390924487800947e-01,-1.104219146859088119e-01,3.897811935802472094e-01,-5.782983800707115485e-01,-1.322023508227468391e-01,-5.414910687502776376e-01,3.894177917155959845e-01,-2.805455638690117492e-01,3.366118411460191084e-01,3.799830376807997179e-01,1.257196332730227684e-01,1.000000000000000000e+00,4.820120174117621392e-01,1.232495228759345890e-01,2.676554515400432765e-01,1.070617121106215083e-02,1.271253549596309818e-01,4.380026489216363172e-01,2.911593738441412560e-01,-2.624866615694632435e-02,4.289857897338440473e-01,4.808988482648318685e-01,1.007027429579933769e-01,7.189298525591655276e-01,3.140658817479213827e-01,1.378783017318213899e-01,1.185474001781770537e-01,2.974469134804709203e-01,9.838364352534498258e-02,4.710418731615452770e-01
-8.032814782841856127e-01,8.561291104766808324e-01,6.666198228658334335e-01,3.425438571872654325e-01,3.711333921554804682e-01,1.269626936456924038e-01,5.562038761855244706e-01,-7.012264269006776019e-01,-1.714179333627834922e-01,1.927498060391572565e-01,5.089582007903169503e-01,7.888482816419174481e-01,-8.344683474473572060e-01,-4.177873243872211595e-01,-1.282208505211203664e-01,6.584269410619756346e-01,-6.333241760518644181e-01,-2.552517053768660338e-01,2.052951036844296306e-01,-4.178032464563485315e-01,4.820120174117621392e-01,1.000000000000000000e+00,3.008997387091567610e-01,1.820960393641701536e-01,-5.611273574714433776e-01,-6.261618541863133158e-01,8.825873841325658775e-01,-5.324085079181329894e-01,-5.384090448010919738e-01,6.181598451123718890e-02,8.826859558696580343e-01,7.499335295097314669e-01,7.373096638828149363e-01,-5.236216703851215293e-02,5.996359727985998145e-01,5.392654163339359874e-01,3.111384046574637852e-01,-5.543582465969010276e-01,8.407591139620745890e-01
-9.041582306007671377e-02,2.432255590617238838e-01,2.875172544805630892e-01,3.928251811391112458e-01,4.596693528036379650e-01,-9.468695365946816489e-02,5.576732687084027251e-01,-2.828438489664718003e-01,3.854166511490558777e-01,3.163256267557437718e-01,3.296026271339633912e-02,1.989092285056890397e-01,-1.913823459544933547e-01,3.479864749581756400e-01,-2.962312528262737166e-01,4.829217297010277576e-01,-2.594816763884650324e-01,2.058013319568627875e-01,4.206289999581516725e-01,8.578160817554856751e-03,1.232495228759345890e-01,3.008997387091567610e-01,1.000000000000000000e+00,7.105956431063875645e-01,2.781360613055586795e-01,-5.106951605620057427e-02,3.004569454027075648e-01,-1.085632644796125923e-01,9.499405372518537893e-02,3.725921355552905823e-01,2.078038657279922541e-01,1.618385604735509964e-01,5.261494891679871500e-02,3.507641780142127796e-01,5.655635275846314369e-02,-2.157252077183333672e-01,-7.113950638343921606e-02,8.807081497139988835e-02,4.486114317473164359e-01
5.584875848710637442e-02,1.083452465469389586e-01,2.711325049537705034e-01,3.749151826186784831e-02,3.554978490247400202e-01,9.785786756389609764e-02,3.235755144820903761e-01,-2.657009415094336302e-01,2.416478641800036409e-01,6.120330234914168610e-01,-5.919071699697446565e-02,3.333250337401905128e-02,-1.529443083941231796e-01,4.819945570009924740e-01,-1.978420938601255785e-01,5.111509464275675318e-01,8.786079255450239545e-02,1.914805586744677823e-01,2.206734089269259402e-01,2.079250281258774036e-01,2.676554515400432765e-01,1.820960393641701536e-01,7.105956431063875645e-01,1.000000000000000000e+00,4.419892107799357484e-01,1.579550421358028034e-01,1.430534717245439957e-01,1.562344524414233105e-01,4.177621379330386797e-01,6.043031279433299652e-01,9.606537109833662713e-02,3.203676030024796978e-02,1.530120659562843877e-01,2.680333613421635452e-01,9.313866530411812894e-02,-1.293562727377390864e-01,2.314042551289058891e-01,1.510477120047555299e-01,2.091193364918256803e-01
7.922106568791518200e-01,-6.679543389170868872e-01,-2.046790863676269112e-01,-3.875724501031920233e-01,1.512274102476152404e-01,-2.095868991839043294e-01,-6.120454327786881837e-02,2.391060482908864138e-01,4.881625075887178755e-01,4.104486230546463554e-01,-6.732633528230085318e-01,-6.277810543924926545e-01,4.700042974478370050e-01,6.283811198466668912e-01,-2.115215281682538973e-01,-2.149114022596407270e-01,5.042200994823283766e-01,5.503287427674917742e-01,1.150897266473233094e-01,6.988805673891873571e-01,1.070617121106215083e-02,-5.611273574714433776e-01,2.781360613055586795e-01,4.419892107799357484e-01,1.000000000000000000e+00,7.981444688955499078e-01,-6.323561891939749602e-01,7.406746614648315186e-01,7.083114039611216883e-01,4.944701664791128493e-01,-6.534711485912902962e-01,-7.373449433549413845e-01,-4.607504066212201321e-01,4.344270376709039039e-01,-5.785196209536528356e-01,-5.884225521486825539e-01,-1.639050066200090361e-01,7.412576373903705385e-01,-4.786016077417633019e-01
8.730839081773963395e-01,-7.914925241791781474e-01,-1.391287163429323348e-01,-4.750939612618940711e-01,1.319801615160391128e-01,-3.985052465789090115e-01,-1.350118225266435934e-01,1.639193364239081574e-01,5.035761144442649773e-01,2.255502231714540951e-01,-8.398415873739455417e-01,-6.465842360006535117e-01,4.804323708618761790e-01,4.085465365433363916e-01,-2.805586520334933387e-01,-4.185331691616238081e-01,4.354021114678047200e-01,6.349973741410118722e-01,1.158581674490001406e-01,8.180609651593633291e-01,1.271253549596309818e-01,-6.261618541863133158e-01,-5.106951605620057427e-02,1.579550421358028034e-01,7.981444688955499078e-01,1.000000000000000000e+00,-7.113307124993906161e-01,9.061828984543609522e-01,6.076388828450880464e-01,4.234183726738303122e-01,-6.988938945441790507e-01,-8.743462536908496174e-01,-4.409016884550182036e-01,3.871121943163201018e-01,-7.310669665807196793e-01,-6.281963436266240208e-01,-2.365517668489049985e-01,8.434283608226096352e-01,-5.438984004385850612e-01
-8.520236695627755319e-01,9.134265288128725624e-01,6.622785987774701955e-01,4.127886570088772911e-01,3.775969322273106110e-01,2.302535253600067611e-01,5.052019950135528958e-01,-6.882629698194426826e-01,-2.163734299731775446e-01,1.018752722237112468e-01,6.247486109472939475e-01,8.056014248419693935e-01,-8.182303170041819174e-01,-3.569487443143231631e-01,-1.166698978708512330e-01,6.661515265294464250e-01,-6.352775481127500568e-01,-3.033064198996925920e-01,2.223277339011260900e-01,-5.844995853131608188e-01,4.380026489216363172e-01,8.825873841325658775e-01,3.004569454027075648e-01,1.430534717245439957e-01,-6.323561891939749602e-01,-7.113307124993906161e-01,1.000000000000000000e+00,-6.310721094793906305e-01,-5.495653014262016356e-01,-1.233029634440092372e-02,9.250598595985477512e-01,8.268703001575773426e-01,7.680082725806726129e-01,-7.107895301151000156e-02,6.741954684032155365e-01,5.514387548747948786e-01,3.332597284438219010e-01,-6.251154919493118189e-01,8.537349787734075379e-01
7.946235610984349051e-01,-7.184750106209156773e-01,3.790186747962907398e-03,-5.325352100680276202e-01,2.046027519401627526e-01,-3.342537917895884725e-01,-1.603041033429291884e-01,2.210967455572943399e-02,4.666882293084033684e-01,2.750749508645990993e-01,-8.200032372725616359e-01,-5.468170048841585196e-01,3.944459540932001573e-01,3.236275381304370424e-01,-3.455747799435793244e-01,-3.646181110158862593e-01,4.048161045969972394e-01,6.561812592548169620e-01,1.465662809280487977e-01,7.893718320728269067e-01,2.911593738441412560e-01,-5.324085079181329894e-01,-1.085632644796125923e-01,1.562344524414233105e-01,7.406746614648315186e-01,9.061828984543609522e-01,-6.310721094793906305e-01,1.000000000000000000e+00,5.720521270559699722e-01,4.409222467760839925e-01,-6.038238479572317630e-01,-8.286027995628176823e-01,-2.749234212776550668e-01,4.039584220576027951e-01,-6.733027431962461673e-01,-5.545041940631442179e-01,-1.556514809997303628e-01,8.106873354473590476e-01,-4.783620439899765042e-01
6.060209162118456172e-01,-5.312806585041311980e-01,-2.968326573226399145e-01,-5.614532035686592426e-01,-1.757812203902068271e-01,2.420547742705692618e-01,-3.406298246517641681e-01,3.205074373348902328e-01,-3.209807504636695563e-03,4.763723642818787907e-01,-3.257270663581865455e-01,-6.471402886125569021e-01,3.971425459677438430e-01,6.522603633614998397e-01,1.341547593604177080e-01,1.509602365267050626e-03,7.626167696487266001e-01,1.354643664555607030e-01,-2.738891626934885082e-01,4.721799595645085335e-01,-2.624866615694632435e-02,-5.384090448010919738e-01,9.499405372518537893e-02,4.177621379330386797e-01,7.083114039611216883e-01,6.076388828450880464e-01,-5.495653014262016356e-01,5.720521270559699722e-01,1.000000000000000000e+00,4.602824153105563587e-01,-5.311488961830315159e-01,-4.721939594979351340e-01,-2.559907927762955504e-01,6.352004171043539212e-03,-1.590831401236080522e-01,-2.210462916113704879e-01,3.063621609486155140e-01,3.778487796333051540e-01,-6.081856961477776213e-01
2.527871603082155194e-01,-5.257659140193693403e-02,2.789467210502488137e-01,-2.531210827902569682e-01,3.239882839563004158e-01,-8.229256681029417653e-02,2.544664023250641227e-01,-2.884514693409441222e-01,2.504538425921909450e-01,7.179407016417680421e-01,-3.096097762961501076e-01,-1.457736093635642605e-01,-1.889562225137519647e-01,3.105863844149646114e-01,-1.872564834818482848e-01,4.501409436939861619e-01,1.549464046083290913e-01,2.566217992409983162e-01,1.128353405844057938e-01,4.122444395237781500e-01,4.289857897338440473e-01,6.181598451123718890e-02,3.725921355552905823e-01,6.043031279433299652e-01,4.944701664791128493e-01,4.234183726738303122e-01,-1.233029634440092372e-02,4.409222467760839925e-01,4.602824153105563587e-01,1.000000000000000000e+00,-5.562905292616452269e-04,-1.935768052583069776e-01,1.565405686452876755e-01,2.196849080728709436e-01,-5.848047285605018075e-02,-1.822298362799299257e-02,2.742897822611009562e-01,2.971465476514619231e-01,3.673400476016423083e-02
-8.627299230173689493e-01,9.066301541436520006e-01,6.586543216565334813e-01,3.187194982296056578e-01,3.167172153709239546e-01,2.805158395373108515e-01,4.442062899320202152e-01,-6.892761225246041290e-01,-3.052400257146309914e-01,1.159051406407946572e-01,6.327951109792309126e-01,7.924820863684405303e-01,-8.587548973516059281e-01,-4.206531739222000854e-01,-7.521272184820487761e-02,6.650889914591499030e-01,-5.852611478805761491e-01,-3.562809893854977372e-01,1.314351557973314488e-01,-5.679182094781314305e-01,4.808988482648318685e-01,8.826859558696580343e-01,2.078038657279922541e-01,9.606537109833662713e-02,-6.534711485912902962e-01,-6.988938945441790507e-01,9.250598595985477512e-01,-6.038238479572317630e-01,-5.311488961830315159e-01,-5.562905292616452269e-04,1.000000000000000000e+00,8.259449735470341114e-01,8.156248338764222616e-01,-1.514913140167005456e-01,7.108639035124023620e-01,6.196923361567802102e-01,3.998459702589078901e-01,-6.600139385251004853e-01,8.071076244800710064e-01
-9.059634288021837234e-01,8.856590472859060537e-01,3.194443950533935594e-01,3.827288181272206491e-01,-1.754834555498337861e-02,4.843378042039330200e-01,2.536499917343397192e-01,-3.510903661831955014e-01,-5.350334720708295189e-01,1.612673394744886315e-02,8.648762334550806896e-01,6.568240954040283075e-01,-6.627377790284394443e-01,-3.248636300201242499e-01,2.360352409475478808e-01,6.383901168614917188e-01,-3.967173738216772105e-01,-6.380652214961254343e-01,-1.188590331745428968e-01,-7.564123565448274134e-01,1.007027429579933769e-01,7.499335295097314669e-01,1.618385604735509964e-01,3.203676030024796978e-02,-7.373449433549413845e-01,-8.743462536908496174e-01,8.268703001575773426e-01,-8.286027995628176823e-01,-4.721939594979351340e-01,-1.935768052583069776e-01,8.259449735470341114e-01,1.000000000000000000e+00,6.282584145479638282e-01,-3.865866794265875317e-01,8.443062515627391962e-01,7.112388770594447740e-01,4.574256999755063613e-01,-8.603827032385257256e-01,6.283375183035144751e-01
-6.754598388823160882e-01,7.278139837023643866e-01,7.554549168004311976e-01,2.275760556183366312e-02,3.780783064523290937e-01,4.253243501293190731e-01,2.316599061747889876e-01,-7.689592951640349394e-01,-3.251183868747374306e-01,3.070567860959566020e-01,4.764802208428794428e-01,6.622980509440272723e-01,-7.705339574700861283e-01,-3.134729682887577584e-01,-1.683045637414828655e-01,6.448382396063763178e-01,-3.365789926636278961e-01,-2.055508509914692472e-01,9.996417188033968060e-02,-4.051690057270974643e-01,7.189298525591655276e-01,7.373096638828149363e-01,5.261494891679871500e-02,1.530120659562843877e-01,-4.607504066212201321e-01,-4.409016884550182036e-01,7.680082725806726129e-01,-2.749234212776550668e-01,-2.559907927762955504e-01,1.565405686452876755e-01,8.156248338764222616e-01,6.282584145479638282e-01,1.000000000000000000e+00,-7.447387730912187476e-02,6.502121362942266947e-01,5.900818961613425451e-01,5.580340403503184499e-01,-4.930368408986192108e-01,6.183553219998911832e-01
3.409596111032602295e-01,-1.962506726307295113e-01,4.026101264874898944e-01,2.457201719405147089e-01,7.579396213095417334e-01,-4.316095203386118295e-01,3.570696320710325944e-01,-3.485857920301050350e-01,8.222266631170181972e-01,1.432278280999323694e-01,-5.044871648302295952e-01,5.076504911389615599e-02,1.742521202823787696e-01,3.233219867224016442e-01,-7.044070170132166187e-01,-1.334367435531364776e-01,-2.815144462739554432e-01,8.179936796984211833e-01,8.162270423671186270e-01,2.649006169610413908e-01,3.140658817479213827e-01,-5.236216703851215293e-02,3.507641780142127796e-01,2.680333613421635452e-01,4.344270376709039039e-01,3.871121943163201018e-01,-7.107895301151000156e-02,4.039584220576027951e-01,6.352004171043539212e-03,2.196849080728709436e-01,-1.514913140167005456e-01,-3.865866794265875317e-01,-7.447387730912187476e-02,1.000000000000000000e+00,-4.782413684496136241e-01,-5.966679556691687480e-01,-4.477221825267644340e-01,6.431093102129928907e-01,2.384917520366906241e-01
-7.759057840045626708e-01,7.538405978876110414e-01,2.236022087327593222e-01,9.368747282175506064e-02,-1.605536853035644806e-01,7.098536559095046661e-01,1.951595969790071577e-02,-2.457307944621119344e-01,-6.905353775111900960e-01,2.135135033129726412e-01,8.468994737621694524e-01,4.783436659681438718e-01,-5.851499915320819145e-01,-1.583063668731417295e-01,3.589243509241395458e-01,6.721721906561805016e-01,-9.688320022158529443e-02,-7.044928257593719989e-01,-3.261099161875578023e-01,-6.923078784615670500e-01,1.378783017318213899e-01,5.996359727985998145e-01,5.655635275846314369e-02,9.313866530411812894e-02,-5.785196209536528356e-01,-7.310669665807196793e-01,6.741954684032155365e-01,-6.733027431962461673e-01,-1.590831401236080522e-01,-5.848047285605018075e-02,7.108639035124023620e-01,8.443062515627391962e-01,6.502121362942266947e-01,-4.782413684496136241e-01,1.000000000000000000e+00,7.965469662985426025e-01,6.824925407192631299e-01,-8.442981843396415442e-01,3.924772974952150384e-01
-6.877458505274277600e-01,6.528261845468544822e-01,1.217433984869634583e-01,-9.973047683514252304e-02,-2.902582390832361692e-01,5.668594347880236972e-01,-7.025418857619387947e-02,-1.627484875688393617e-01,-7.564347284837236174e-01,2.382122526915279315e-01,6.947951662337125134e-01,3.912358612000589875e-01,-5.891268294991903742e-01,-3.604431388506768030e-01,4.496876434625318164e-01,5.567086069250355429e-01,-4.370878542525355459e-02,-7.413689846737060440e-01,-4.946569745498549109e-01,-5.257962115671425130e-01,1.185474001781770537e-01,5.392654163339359874e-01,-2.157252077183333672e-01,-1.293562727377390864e-01,-5.884225521486825539e-01,-6.281963436266240208e-01,5.514387548747948786e-01,-5.545041940631442179e-01,-2.210462916113704879e-01,-1.822298362799299257e-02,6.196923361567802102e-01,7.112388770594447740e-01,5.900818961613425451e-01,-5.966679556691687480e-01,7.965469662985426025e-01,1.000000000000000000e+00,6.710689387537036588e-01,-8.090577208433226142e-01,2.446376980245219823e-01
-3.655963858917744558e-01,4.166616952058618262e-01,1.534002996059596058e-01,-3.781736505377515933e-01,-1.955614246838456582e-01,6.573158185637050233e-01,-1.629915501767365826e-01,-1.753857271592318134e-01,-6.371983613113147982e-01,5.356212415054836251e-01,4.714257426004272444e-01,8.087524335542101150e-02,-4.574799060067651912e-01,1.102498089647550722e-01,3.648196274721164922e-01,5.589865149984846182e-01,3.059855780566092531e-01,-5.330846120581363978e-01,-4.869206814119066973e-01,-2.216878858356739201e-01,2.974469134804709203e-01,3.111384046574637852e-01,-7.113950638343921606e-02,2.314042551289058891e-01,-1.639050066200090361e-01,-2.365517668489049985e-01,3.332597284438219010e-01,-1.556514809997303628e-01,3.063621609486155140e-01,2.742897822611009562e-01,3.998459702589078901e-01,4.574256999755063613e-01,5.580340403503184499e-01,-4.477221825267644340e-01,6.824925407192631299e-01,6.710689387537036588e-01,1.000000000000000000e+00,-5.197512312027482428e-01,3.216455874673673082e-02
8.259862298587939966e-01,-7.342538112594364508e-01,-3.199467411182582710e-02,-1.706416685473193529e-01,3.513853407817614793e-01,-5.945075630372972375e-01,3.102264657163462599e-02,7.221102506452546643e-02,7.734583593991999351e-01,4.567744666140430287e-02,-8.832976457281823679e-01,-4.660625784292916629e-01,5.293070479729000688e-01,3.818748016428628045e-01,-5.122109971975221665e-01,-4.976771623276139422e-01,1.509063231581117825e-01,8.408705310783564091e-01,4.508524646411341541e-01,7.262694915799622342e-01,9.838364352534498258e-02,-5.543582465969010276e-01,8.807081497139988835e-02,1.510477120047555299e-01,7.412576373903705385e-01,8.434283608226096352e-01,-6.251154919493118189e-01,8.106873354473590476e-01,3.778487796333051540e-01,2.971465476514619231e-01,-6.600139385251004853e-01,-8.603827032385257256e-01,-4.930368408986192108e-01,6.431093102129928907e-01,-8.442981843396415442e-01,-8.090577208433226142e-01,-5.197512312027482428e-01,1.000000000000000000e+00,-3.344807127131599889e-01
-6.885027803455743278e-01,7.781273498338785455e-01,7.449790862774668954e-01,5.663209785248085604e-01,6.104561088331673657e-01,-8.652611182521786903e-02,6.870536051389156684e-01,-7.597079899961919347e-01,1.528282382625010538e-01,4.900487183702777888e-02,3.601436745019348518e-01,8.091354364688562173e-01,-7.078946270916763872e-01,-3.228787640974959405e-01,-3.909592757455798151e-01,5.388544358857789707e-01,-8.015964001225157620e-01,2.490628599989071906e-02,5.350288758844125026e-01,-4.105624665562402353e-01,4.710418731615452770e-01,8.407591139620745890e-01,4.486114317473164359e-01,2.091193364918256803e-01,-4.786016077417633019e-01,-5.438984004385850612e-01,8.537349787734075379e-01,-4.783620439899765042e-01,-6.081856961477776213e-01,3.673400476016423083e-02,8.071076244800710064e-01,6.283375183035144751e-01,6.183553219998911832e-01,2.384917520366906241e-01,3.924772974952150384e-01,2.446376980245219823e-01,3.216455874673673082e-02,-3.344807127131599889e-01,1.000000000000000000e+00
