1.000000000000000000e+00,6.307599195272979298e-01,4.078690485136997612e-01,1.370135410208204660e-02,1.077250646619490465e-01,-3.557588541545037009e-01,-5.188217493598190622e-02,-1.935134656073983495e-01,2.709587435766083741e-01,4.932538061037654020e-01,3.248922221907525609e-02,8.621972607907053832e-02,4.048812736817234553e-02,2.841555991589232999e-01,1.672543705882297838e-01,4.716861468783370426e-01,-2.149046328344472179e-01,7.259034792295777916e-02,2.232396962042637323e-01,3.254656879115986334e-01,2.298791003753670736e-01,3.482819204130642166e-01,8.461580337432120236e-02,-2.297039459087546198e-01,1.966168606888106518e-01,2.263737810467020550e-01,-1.605640218150213294e-01,3.027234368429423395e-01,3.152933708577974614e-01,1.928019243939416150e-01,9.688987580690516799e-02,-1.906023725082492126e-01,-5.942157923405715775e-02,-3.344091353456825344e-02,-1.433657345905038627e-01,1.378959576567403422e-01,1.336867702214094011e-01,5.560144584677083612e-01,1.144327523425285598e-01
6.307599195272979298e-01,1.000000000000000000e+00,3.509837449484147220e-01,5.350904583865342262e-02,2.596315912549759242e-01,-2.675917648956727124e-01,-4.680590940439682129e-02,-1.404851224074724347e-01,3.106894120977975460e-01,6.470227689165157781e-01,-2.033082602342768108e-01,2.686359563554271412e-01,3.142169394310461716e-01,2.609891992527332838e-01,2.477341209514590525e-01,4.300397501257017252e-01,-4.952322694679870962e-01,1.979144599052290732e-01,1.245992125533529615e-01,4.597910017501731228e-01,1.424962321933013476e-01,2.616830390243155002e-01,2.161943197570216635e-01,-1.228970770472285062e-01,2.964042431345598194e-01,3.567554674470334031e-01,-2.798615081607888078e-01,3.509670087114942771e-01,3.027339320210086226e-01,1.369146407014034117e-01,-1.444968921749433810e-01,-4.370343533914706757e-01,-9.451300202943235806e-02,1.144625225599198159e-01,-4.192949262442833419e-02,-1.586996444725844585e-02,2.034263560385492497e-01,4.566665334519430242e-01,3.362235050585260510e-01
4.078690485136997612e-01,3.509837449484147220e-01,1.000000000000000000e+00,4.110390172105293227e-01,-2.019757675869894575e-02,-6.059838783215772129e-02,1.781655572279955135e-01,-6.956261476511421682e-01,1.645268280976353303e-01,3.053743183287067064e-01,9.196369343262836282e-02,2.780333789575638592e-01,3.401397120541084229e-01,4.345776517836903996e-01,3.645364404628763100e-01,3.405969876290622644e-01,-3.777201186191643800e-01,2.954909324810010562e-01,4.562860550588496156e-01,4.476367780366867777e-01,3.520946213195733088e-01,6.219578465403691192e-01,2.309019767277231960e-01,1.415918190163335290e-02,2.027899498900660458e-01,1.440075190582883191e-01,4.091025529566255647e-02,3.790225306982264453e-01,3.062197770193781921e-01,3.522241149719292364e-01,2.846161522702713165e-01,1.709260562433325692e-01,6.465929997704106258e-02,3.878738824973606419e-02,-1.022985545521124112e-01,-8.845953425731434283e-02,3.205469938041340949e-01,2.888902648087596226e-01,-4.769068663788746804e-02
1.370135410208204660e-02,5.350904583865342262e-02,4.110390172105293227e-01,1.000000000000000000e+00,1.176970323291042231e-01,2.495169307295084238e-01,9.494484593025843966e-02,-3.864226535204822177e-01,1.596345424803654878e-01,4.884466375157305723e-02,-7.714196696223120375e-02,1.471188508353475088e-01,2.472727254160423938e-01,2.901214871742958112e-01,5.871263694135962774e-02,2.497558734318607206e-03,-1.721133977755613387e-01,2.148493938042412010e-01,2.612094886121795745e-01,2.607851643422570143e-01,-9.227731398652722072e-02,2.291746994057610176e-01,4.247638723520880677e-01,2.838053926399556337e-01,2.432940932940275414e-01,2.899932397236911208e-01,1.257680539278071274e-01,-5.083064686463553000e-02,1.990126252134902518e-01,2.642862058642996281e-01,6.929738061116351086e-03,2.168556046045168328e-02,-2.308656097022031006e-01,1.208451357101942014e-01,1.884163576323880651e-01,1.392009886100295524e-01,3.069966082334405488e-01,-2.997264910453125569e-02,-1.295103985620336406e-01
1.077250646619490465e-01,2.596315912549759242e-01,-2.019757675869894575e-02,1.176970323291042231e-01,1.000000000000000000e+00,-3.588380175731848420e-01,-1.421547882495317050e-01,1.614127645948152112e-01,6.449458353782997477e-01,4.497332534816321781e-01,-1.116765414201128653e-01,3.028807475839765950e-01,-1.085746670320592577e-01,3.754997124143174547e-01,4.917266633749150517e-01,4.922259980645577460e-01,8.577153041692357760e-02,5.851287166953014207e-01,3.413052201291337795e-01,2.542503651427882594e-01,1.300767840794693486e-01,2.419080831358573491e-01,3.693220832219030331e-02,-2.847154338177194099e-01,1.007355051528701917e-01,6.994483539234421787e-01,3.709054651051152951e-01,3.081593450109761378e-01,-3.413940818984345909e-03,1.352340102750656248e-01,1.946493128825527441e-01,-9.500592978488416052e-02,-1.099989960171177811e-01,7.572050119284289282e-01,-3.978640921358384541e-01,4.528177419676275850e-01,-2.823203713243513935e-01,4.002972153521759946e-01,4.909444598703340268e-01
-3.557588541545037009e-01,-2.675917648956727124e-01,-6.059838783215772129e-02,2.495169307295084238e-01,-3.588380175731848420e-01,1.000000000000000000e+00,4.991039218114207143e-02,-3.954294438867131944e-01,-3.390075535967073117e-01,-4.588598277360310673e-01,-8.915846278948405534e-02,-3.639536341355116278e-01,2.603741121947043546e-01,-3.010285076305746488e-01,-5.787582843695984192e-01,-5.500166955674694602e-01,-1.123933021092193840e-01,-4.166109005955401789e-01,-3.598845264663494414e-01,-4.948051492618585900e-01,-4.703757545973925591e-01,-5.091836377749171527e-01,5.375984674014796516e-01,8.303571201905980415e-01,3.599914276547899195e-01,-7.888437157160241298e-02,-8.052980988467871304e-02,-5.495069783560929677e-01,3.442109078877280126e-01,-1.141966348272745180e-01,-4.601093064400614829e-01,2.083458568614525996e-01,1.594376268822710833e-03,-3.348183114736471566e-01,6.795293215204600834e-01,-3.565606685645508755e-02,3.459814172963651679e-01,-5.522147387286389097e-01,-4.363423323574581736e-01
-5.188217493598190622e-02,-4.680590940439682129e-02,1.781655572279955135e-01,9.494484593025843966e-02,-1.421547882495317050e-01,4.991039218114207143e-02,1.000000000000000000e+00,-2.820174118593867241e-01,-1.945493914738634089e-01,-6.851164428255457350e-02,3.857429317500806754e-01,-1.178662127278956410e-02,1.046120555160057544e-02,1.347711979916847991e-01,-2.946083832380572490e-02,-1.345347289876656083e-01,-4.706807671082866712e-02,3.040450360726825937e-02,-5.275620344425556441e-02,1.912272546430983378e-01,-3.274880571001328317e-02,6.526856723133142579e-02,-1.203218637318564377e-01,5.691495656142420839e-02,-1.912573558371059579e-01,-1.561580837646298348e-01,-2.885095043832123229e-01,-2.050395545358331406e-01,2.697313770248445982e-03,4.209837342052328291e-01,9.602696646238651976e-03,5.326898305646211862e-02,-2.202459883536723173e-01,-1.331493941566918859e-01,3.679861542023186993e-02,-2.822312449660045464e-01,3.243897518652189005e-01,8.469544518856401971e-02,-6.238751856466684398e-02
-1.935134656073983495e-01,-1.404851224074724347e-01,-6.956261476511421682e-01,-3.864226535204822177e-01,1.614127645948152112e-01,-3.954294438867131944e-01,-2.820174118593867241e-01,1.000000000000000000e+00,5.719821148436268765e-02,-3.565307046054219664e-02,-1.450373248522236203e-01,4.243715047301593185e-02,-2.947491068520646795e-01,-1.387237739657159741e-01,3.462831168244693419e-02,-4.166764395963734602e-02,2.724529377870416602e-01,-2.414616634000844170e-02,-1.811458444101517462e-01,-6.380246885594401639e-03,-1.544831401775746856e-02,-1.819179115555894510e-01,-3.724701516974226467e-01,-4.362020288469797280e-01,-2.684425747963193332e-01,-6.229405431841474050e-02,6.937046349365628972e-02,9.460458794302889496e-02,-4.075309858637953808e-01,-3.126639225032397107e-01,-1.748589224863455333e-02,-3.646331998786664363e-01,-9.328185134277501567e-02,1.224899449601620227e-01,-2.184729490891780535e-01,3.859758265533676930e-02,-4.155175241722017798e-01,1.148780020687337547e-02,2.111396144825593013e-01
2.709587435766083741e-01,3.106894120977975460e-01,1.645268280976353303e-01,1.596345424803654878e-01,6.449458353782997477e-01,-3.390075535967073117e-01,-1.945493914738634089e-01,5.719821148436268765e-02,1.000000000000000000e+00,6.253418032595251530e-01,-8.976656562322196664e-02,5.265828155057827864e-01,6.406164904430418361e-03,4.847399732559417029e-01,6.094812627133506799e-01,6.010382402044298633e-01,4.278807803513078045e-02,6.155209543443450615e-01,4.448201877745582844e-01,3.883155968294824123e-01,1.258544608551965260e-01,3.827884666764190258e-01,1.646243768581494571e-01,-2.394051627163978624e-01,2.139959434776672331e-01,5.768408833580410677e-01,3.009419227914374440e-01,3.849496404205624001e-01,6.141488212669557467e-02,3.305333249171040211e-01,2.862496517481344371e-01,-1.252402611162828638e-01,-1.738166472791698725e-01,7.213123086533388406e-01,-3.868868379655861500e-01,3.311050068787116940e-01,-2.299885520590594923e-01,6.473154552235542702e-01,6.276884073843325140e-01
4.932538061037654020e-01,6.470227689165157781e-01,3.053743183287067064e-01,4.884466375157305723e-02,4.497332534816321781e-01,-4.588598277360310673e-01,-6.851164428255457350e-02,-3.565307046054219664e-02,6.253418032595251530e-01,1.000000000000000000e+00,-1.421238960111734784e-01,4.258214062607560413e-01,1.430601423727495825e-01,3.745992706204573364e-01,5.615080294252519089e-01,7.498507149701902907e-01,-2.110078382830182786e-01,5.207656215781260034e-01,4.214771638993469183e-01,4.807136044690653587e-01,3.078292205711218865e-01,4.357792901071170233e-01,3.867553335718203200e-02,-3.315525520158550954e-01,1.345623067871225542e-01,3.633236871276641633e-01,-4.037619130083747870e-02,4.672664759298713610e-01,2.534158334866637788e-02,3.137840523282622862e-01,1.642245544794178058e-01,-2.797576016636692531e-01,-9.264280748102510232e-02,4.809543373061578309e-01,-3.841034207914865717e-01,6.936747761118396138e-02,-6.111801122164702699e-02,6.340795855476366594e-01,6.360524577050374884e-01
3.248922221907525609e-02,-2.033082602342768108e-01,9.196369343262836282e-02,-7.714196696223120375e-02,-1.116765414201128653e-01,-8.915846278948405534e-02,3.857429317500806754e-01,-1.450373248522236203e-01,-8.976656562322196664e-02,-1.421238960111734784e-01,1.000000000000000000e+00,-7.108961976541049166e-02,-1.114506167493544558e-01,1.744027169187311321e-01,-4.714288889036089003e-02,-8.443470569790607894e-02,3.459607508207376281e-01,-2.064280546147590281e-02,7.470910345222420146e-02,-4.021004875328297590e-02,1.139916301983114879e-03,-2.910995525782441098e-02,-2.389554498705107055e-01,-8.559029803064097108e-02,-9.495599337195599621e-02,-1.808196387980621211e-01,-5.327979655295298628e-02,-1.931822890880433297e-01,-7.391851055040994656e-02,2.843586926620925714e-01,4.966629095112914255e-02,1.362528858273125143e-01,-8.591072353357229185e-02,-1.232118234948780394e-01,-5.779055263265184261e-02,-5.264935122783510890e-03,-8.554371197165855367e-02,9.776442652420899715e-02,-1.086982779333431903e-01
8.621972607907053832e-02,2.686359563554271412e-01,2.780333789575638592e-01,1.471188508353475088e-01,3.028807475839765950e-01,-3.639536341355116278e-01,-1.178662127278956410e-02,4.243715047301593185e-02,5.265828155057827864e-01,4.258214062607560413e-01,-7.108961976541049166e-02,1.000000000000000000e+00,3.124083919284165733e-01,6.310885380850140836e-01,6.160096758366320202e-01,3.170568678118091954e-01,-1.255399451656554199e-01,5.758426500323080566e-01,3.363720894874214218e-01,6.394378247420765549e-01,7.236911020350166035e-02,4.063695195787130343e-01,3.197928870029280446e-02,-2.984903221447882116e-01,1.082929509024883608e-01,2.298161867366317057e-01,1.561104459490792948e-02,3.511061281153059488e-01,-2.825292679606869473e-02,2.828650229042841135e-01,2.994903022994913067e-01,-1.816079808534186435e-01,-1.142830624800354883e-01,4.841927403789910156e-01,-3.514544828850424962e-01,-7.949022884165043989e-02,-2.901517814452960961e-02,4.738567417985072305e-01,4.748706541464037256e-01
4.048812736817234553e-02,3.142169394310461716e-01,3.401397120541084229e-01,2.472727254160423938e-01,-1.085746670320592577e-01,2.603741121947043546e-01,1.046120555160057544e-02,-2.947491068520646795e-01,6.406164904430418361e-03,1.430601423727495825e-01,-1.114506167493544558e-01,3.124083919284165733e-01,1.000000000000000000e+00,3.851411702047462526e-01,5.769947649955708274e-02,-1.000926672151452451e-01,-4.190407296885069743e-01,5.682181418546150553e-02,1.553920297604896757e-02,2.182351150085183322e-01,-9.818948555088592711e-02,7.399833857916567059e-02,4.596811235996102196e-01,2.995339066943808470e-01,4.192745627895816396e-01,7.894973550198024215e-02,-1.780474323009867132e-01,8.071840152132138402e-02,3.296061579803544195e-01,9.249773190667467948e-02,-2.895090536856746999e-01,-1.975172455805006000e-01,-9.897551428545443841e-02,-5.647024088321416641e-02,2.270376601436113473e-01,-3.010261545829220342e-01,3.090040878216362419e-01,-1.276464307352286921e-02,-6.630070868174402221e-02
2.841555991589232999e-01,2.609891992527332838e-01,4.345776517836903996e-01,2.901214871742958112e-01,3.754997124143174547e-01,-3.010285076305746488e-01,1.347711979916847991e-01,-1.387237739657159741e-01,4.847399732559417029e-01,3.745992706204573364e-01,1.744027169187311321e-01,6.310885380850140836e-01,3.851411702047462526e-01,1.000000000000000000e+00,5.087539949250229343e-01,2.921118906355255618e-01,-9.088963657653310879e-02,5.153170711598500375e-01,3.935412325893543062e-01,5.820193185265777336e-01,3.750863550212875375e-02,4.683262081460545234e-01,1.837260416923348350e-01,-2.023888849259263822e-01,2.620142064316612895e-01,4.054676324826110845e-01,1.359794806684885560e-01,2.779288070465620875e-01,2.210081952568643815e-01,4.497018185278353064e-01,3.033718504522625592e-01,-1.539884568216587368e-01,-2.954255511067382933e-01,3.851916973807285594e-01,-2.593986174335732864e-01,3.519016507170014130e-02,6.202776844720740007e-02,5.371449955836020695e-01,1.732163139171330191e-01
1.672543705882297838e-01,2.477341209514590525e-01,3.645364404628763100e-01,5.871263694135962774e-02,4.917266633749150517e-01,-5.787582843695984192e-01,-2.946083832380572490e-02,3.462831168244693419e-02,6.094812627133506799e-01,5.615080294252519089e-01,-4.714288889036089003e-02,6.160096758366320202e-01,5.769947649955708274e-02,5.087539949250229343e-01,1.000000000000000000e+00,6.421045174912237696e-01,-4.797979771540355348e-02,7.815967130865576484e-01,6.415569392628804879e-01,5.884838073748108744e-01,4.791513828942351449e-01,6.843847629261275989e-01,-1.998546715116425176e-01,-5.507682741657851100e-01,-7.853408208158468851e-02,3.056729627742078570e-01,2.158237461714571370e-01,6.169497999121937859e-01,-1.598882493963104667e-01,2.459153912657113250e-01,4.833718173701308518e-01,1.118492759494325861e-02,-2.574980904175747792e-02,6.881656286757057428e-01,-6.769225060784263004e-01,-6.432305115228795396e-03,-1.927222252798303226e-01,5.856696176959833577e-01,5.542604963629694792e-01
4.716861468783370426e-01,4.300397501257017252e-01,3.405969876290622644e-01,2.497558734318607206e-03,4.922259980645577460e-01,-5.500166955674694602e-01,-1.345347289876656083e-01,-4.166764395963734602e-02,6.010382402044298633e-01,7.498507149701902907e-01,-8.443470569790607894e-02,3.170568678118091954e-01,-1.000926672151452451e-01,2.921118906355255618e-01,6.421045174912237696e-01,1.000000000000000000e+00,-3.226705650416549637e-02,5.868357421725929335e-01,5.956438301461967066e-01,3.680579433595181360e-01,4.983133381243752269e-01,5.824660258143239400e-01,-1.555639263243873971e-01,-4.814501659623153240e-01,-1.637798360499714834e-02,2.916569178933531292e-01,1.423689247326800911e-01,5.819699790240295822e-01,-5.997753168031351445e-02,2.548766524911592057e-01,4.045950335153929989e-01,4.194220062799661197e-02,1.460380962093786039e-01,5.404244409383228698e-01,-6.031942152332422369e-01,2.783973620861818210e-01,-2.116079482875951601e-01,5.651959961420677248e-01,5.725783602962571939e-01
-2.149046328344472179e-01,-4.952322694679870962e-01,-3.777201186191643800e-01,-1.721133977755613387e-01,8.577153041692357760e-02,-1.123933021092193840e-01,-4.706807671082866712e-02,2.724529377870416602e-01,4.278807803513078045e-02,-2.110078382830182786e-01,3.459607508207376281e-01,-1.255399451656554199e-01,-4.190407296885069743e-01,-9.088963657653310879e-02,-4.797979771540355348e-02,-3.226705650416549637e-02,1.000000000000000000e+00,8.256401972986365106e-03,4.342442159129643320e-02,-3.153633250348408801e-01,-8.304733435366168370e-02,-2.036817330593155562e-01,-4.083335464112959334e-01,-1.951033388687402059e-01,-3.266298226566518026e-01,-1.778262446438459710e-01,8.563190083295407762e-02,-2.465953934619540822e-01,-3.597575370968367214e-01,-1.820593734231221519e-02,1.265764387390851953e-01,1.794727831892310721e-01,5.252710957084967547e-02,1.489158426807158098e-01,-2.435797284979895339e-01,2.839401040335573501e-01,-3.704862246162063388e-01,-4.070923190236544476e-02,1.055047089607202976e-01
7.259034792295777916e-02,1.979144599052290732e-01,2.954909324810010562e-01,2.148493938042412010e-01,5.851287166953014207e-01,-4.166109005955401789e-01,3.040450360726825937e-02,-2.414616634000844170e-02,6.155209543443450615e-01,5.207656215781260034e-01,-2.064280546147590281e-02,5.758426500323080566e-01,5.682181418546150553e-02,5.153170711598500375e-01,7.815967130865576484e-01,5.868357421725929335e-01,8.256401972986365106e-03,1.000000000000000000e+00,7.148605318247341911e-01,5.035982382538596314e-01,3.060527405745225304e-01,5.259448009897723653e-01,-9.731150281789043011e-02,-3.888128922640766705e-01,-5.303203253021715816e-03,4.092494173563515081e-01,2.236751329276965017e-01,4.265335097750243554e-01,-7.996287967793228035e-02,2.984903958274355840e-01,3.949219319585403620e-01,3.144329171925867167e-02,-3.521946509911740020e-02,7.270993378419827735e-01,-5.713934268282452322e-01,1.847265944642101365e-01,-1.539049948608842699e-01,4.618437973750902370e-01,5.459881595785603947e-01
2.232396962042637323e-01,1.245992125533529615e-01,4.562860550588496156e-01,2.612094886121795745e-01,3.413052201291337795e-01,-3.598845264663494414e-01,-5.275620344425556441e-02,-1.811458444101517462e-01,4.448201877745582844e-01,4.214771638993469183e-01,7.470910345222420146e-02,3.363720894874214218e-01,1.553920297604896757e-02,3.935412325893543062e-01,6.415569392628804879e-01,5.956438301461967066e-01,4.342442159129643320e-02,7.148605318247341911e-01,1.000000000000000000e+00,3.833314989043860588e-01,4.140753315010410329e-01,5.775737159406887367e-01,-1.252360285272993146e-01,-3.547860577792584236e-01,-3.725087938334496751e-02,2.193618369583747452e-01,2.136866494346934542e-01,4.153742660332365721e-01,-7.560454981191676305e-02,3.007534714726685654e-01,4.622198224634304631e-01,1.735186351315801678e-01,1.423336831417762460e-01,4.917059441077689663e-01,-5.243299234650451446e-01,2.540998262460754109e-01,-1.411590490061722103e-01,3.726437783354357158e-01,3.273195905016153540e-01
3.254656879115986334e-01,4.597910017501731228e-01,4.476367780366867777e-01,2.607851643422570143e-01,2.542503651427882594e-01,-4.948051492618585900e-01,1.912272546430983378e-01,-6.380246885594401639e-03,3.883155968294824123e-01,4.807136044690653587e-01,-4.021004875328297590e-02,6.394378247420765549e-01,2.182351150085183322e-01,5.820193185265777336e-01,5.884838073748108744e-01,3.680579433595181360e-01,-3.153633250348408801e-01,5.035982382538596314e-01,3.833314989043860588e-01,1.000000000000000000e+00,2.457342700960964132e-01,6.045146339826513726e-01,-3.047327756866975018e-02,-4.247470118895931290e-01,2.671970723582491741e-02,2.691793288193904954e-01,-1.493363051114492308e-02,4.892239597265007900e-01,1.899066889638414404e-03,3.243380482174150758e-01,2.880998845155375299e-01,-3.240748544791008934e-01,-2.398755565351810837e-01,2.825011399814608692e-01,-3.160381605229918289e-01,-1.353733995638385368e-01,8.146264759170437908e-02,5.611264570599316936e-01,3.214574722870911505e-01
2.298791003753670736e-01,1.424962321933013476e-01,3.520946213195733088e-01,-9.227731398652722072e-02,1.300767840794693486e-01,-4.703757545973925591e-01,-3.274880571001328317e-02,-1.544831401775746856e-02,1.258544608551965260e-01,3.078292205711218865e-01,1.139916301983114879e-03,7.236911020350166035e-02,-9.818948555088592711e-02,3.750863550212875375e-02,4.791513828942351449e-01,4.983133381243752269e-01,-8.304733435366168370e-02,3.060527405745225304e-01,4.140753315010410329e-01,2.457342700960964132e-01,1.000000000000000000e+00,5.861475708903323145e-01,-3.616011641121289477e-01,-5.199167497662512405e-01,-3.284473969706995233e-01,-3.984284749670017473e-02,2.560241222755096357e-01,6.556591916199426828e-01,-2.224668730699961294e-01,-1.448466624128509628e-01,3.600209882977236098e-01,1.198972628454334083e-01,2.049250676662150716e-01,1.739861918351991166e-01,-5.542200968230054370e-01,-3.924548894738939808e-02,-2.232973042815332154e-01,1.878864563822518208e-01,1.734601073047895570e-01
3.482819204130642166e-01,2.616830390243155002e-01,6.219578465403691192e-01,2.291746994057610176e-01,2.419080831358573491e-01,-5.091836377749171527e-01,6.526856723133142579e-02,-1.819179115555894510e-01,3.827884666764190258e-01,4.357792901071170233e-01,-2.910995525782441098e-02,4.063695195787130343e-01,7.399833857916567059e-02,4.683262081460545234e-01,6.843847629261275989e-01,5.824660258143239400e-01,-2.036817330593155562e-01,5.259448009897723653e-01,5.775737159406887367e-01,6.045146339826513726e-01,5.861475708903323145e-01,1.000000000000000000e+00,-1.211955216072249653e-01,-4.956206448168193890e-01,-9.013434381519946914e-02,1.467253308862913330e-01,2.078711837158058184e-01,6.819607217038988756e-01,-5.565771155186605840e-02,2.766984414086551824e-01,5.510541301588570695e-01,9.463333862034069288e-02,2.478778995085826470e-02,3.339378601754064979e-01,-5.530710927244125719e-01,-2.110764817944577390e-02,1.119133264868633904e-02,4.728560404022590924e-01,2.094831951054575980e-01
8.461580337432120236e-02,2.161943197570216635e-01,2.309019767277231960e-01,4.247638723520880677e-01,3.693220832219030331e-02,5.375984674014796516e-01,-1.203218637318564377e-01,-3.724701516974226467e-01,1.646243768581494571e-01,3.867553335718203200e-02,-2.389554498705107055e-01,3.197928870029280446e-02,4.596811235996102196e-01,1.837260416923348350e-01,-1.998546715116425176e-01,-1.555639263243873971e-01,-4.083335464112959334e-01,-9.731150281789043011e-02,-1.252360285272993146e-01,-3.047327756866975018e-02,-3.616011641121289477e-01,-1.211955216072249653e-01,1.000000000000000000e+00,6.689086291578721921e-01,7.287694256086513223e-01,4.337249989635207359e-01,9.744967804110954424e-02,-1.205201582073129329e-01,6.273441614892953933e-01,1.265707944904647664e-01,-3.479691510674665089e-01,-9.311675770908084404e-02,-1.684930222847982884e-01,-3.133843429286100463e-02,5.686952277847746595e-01,8.217789309316959889e-02,3.853266215182134524e-01,-5.569001365016251065e-02,-2.043133733554108600e-01
-2.297039459087546198e-01,-1.228970770472285062e-01,1.415918190163335290e-02,2.838053926399556337e-01,-2.847154338177194099e-01,8.303571201905980415e-01,5.691495656142420839e-02,-4.362020288469797280e-01,-2.394051627163978624e-01,-3.315525520158550954e-01,-8.559029803064097108e-02,-2.984903221447882116e-01,2.995339066943808470e-01,-2.023888849259263822e-01,-5.507682741657851100e-01,-4.814501659623153240e-01,-1.951033388687402059e-01,-3.888128922640766705e-01,-3.547860577792584236e-01,-4.247470118895931290e-01,-5.199167497662512405e-01,-4.956206448168193890e-01,6.689086291578721921e-01,1.000000000000000000e+00,4.806905724177176764e-01,7.505894832883441836e-02,-7.322207018369031317e-02,-5.274079012921261134e-01,4.714282147637716136e-01,3.449360879702341454e-02,-5.172406164101398529e-01,1.059295150985124084e-01,-5.357823692892406398e-02,-3.025349097078393057e-01,7.569786804959257598e-01,-5.403302995253295854e-02,3.958302462565258528e-01,-4.210863358300626635e-01,-3.820638480164708639e-01
1.966168606888106518e-01,2.964042431345598194e-01,2.027899498900660458e-01,2.432940932940275414e-01,1.007355051528701917e-01,3.599914276547899195e-01,-1.912573558371059579e-01,-2.684425747963193332e-01,2.139959434776672331e-01,1.345623067871225542e-01,-9.495599337195599621e-02,1.082929509024883608e-01,4.192745627895816396e-01,2.620142064316612895e-01,-7.853408208158468851e-02,-1.637798360499714834e-02,-3.266298226566518026e-01,-5.303203253021715816e-03,-3.725087938334496751e-02,2.671970723582491741e-02,-3.284473969706995233e-01,-9.013434381519946914e-02,7.287694256086513223e-01,4.806905724177176764e-01,1.000000000000000000e+00,4.252993846534161015e-01,7.273487280154795898e-02,-6.873562183681607152e-02,5.669161777847998573e-01,1.262944722877861192e-01,-2.480892696386779728e-01,-4.244378033868715511e-02,-4.980074536019264003e-02,3.615179739869072567e-02,3.949725585984834586e-01,1.446462629194708305e-01,3.373838271317184390e-01,8.571757736923620030e-02,-8.605037063220094540e-02
2.263737810467020550e-01,3.567554674470334031e-01,1.440075190582883191e-01,2.899932397236911208e-01,6.994483539234421787e-01,-7.888437157160241298e-02,-1.561580837646298348e-01,-6.229405431841474050e-02,5.768408833580410677e-01,3.633236871276641633e-01,-1.808196387980621211e-01,2.298161867366317057e-01,7.894973550198024215e-02,4.054676324826110845e-01,3.056729627742078570e-01,2.916569178933531292e-01,-1.778262446438459710e-01,4.092494173563515081e-01,2.193618369583747452e-01,2.691793288193904954e-01,-3.984284749670017473e-02,1.467253308862913330e-01,4.337249989635207359e-01,7.505894832883441836e-02,4.252993846534161015e-01,1.000000000000000000e+00,4.398514272361562227e-01,1.978218900139229741e-01,3.523070035550468493e-01,1.593557062302129457e-01,-1.387141739512927525e-02,-2.016834505140139566e-01,-2.757224828117191273e-01,5.141665818633083251e-01,-5.795410150937226230e-03,3.498769075858533251e-01,-5.400067089255032593e-02,3.796504910829026636e-01,2.264412503275974042e-01
-1.605640218150213294e-01,-2.798615081607888078e-01,4.091025529566255647e-02,1.257680539278071274e-01,3.709054651051152951e-01,-8.052980988467871304e-02,-2.885095043832123229e-01,6.937046349365628972e-02,3.009419227914374440e-01,-4.037619130083747870e-02,-5.327979655295298628e-02,1.561104459490792948e-02,-1.780474323009867132e-01,1.359794806684885560e-01,2.158237461714571370e-01,1.423689247326800911e-01,8.563190083295407762e-02,2.236751329276965017e-01,2.136866494346934542e-01,-1.493363051114492308e-02,2.560241222755096357e-01,2.078711837158058184e-01,9.744967804110954424e-02,-7.322207018369031317e-02,7.273487280154795898e-02,4.398514272361562227e-01,1.000000000000000000e+00,3.042946422339020685e-01,-7.695972318571212001e-02,-9.865979675500827217e-02,3.310589212592081609e-01,1.689677676781246862e-01,-3.310473703209308033e-02,3.073157787592515344e-01,-1.637519500534224959e-01,3.478339464478343301e-01,-3.893339885128209721e-01,2.023934361148927927e-02,-3.168709206468352246e-02
3.027234368429423395e-01,3.509670087114942771e-01,3.790225306982264453e-01,-5.083064686463553000e-02,3.081593450109761378e-01,-5.495069783560929677e-01,-2.050395545358331406e-01,9.460458794302889496e-02,3.849496404205624001e-01,4.672664759298713610e-01,-1.931822890880433297e-01,3.511061281153059488e-01,8.071840152132138402e-02,2.779288070465620875e-01,6.169497999121937859e-01,5.819699790240295822e-01,-2.465953934619540822e-01,4.265335097750243554e-01,4.153742660332365721e-01,4.892239597265007900e-01,6.556591916199426828e-01,6.819607217038988756e-01,-1.205201582073129329e-01,-5.274079012921261134e-01,-6.873562183681607152e-02,1.978218900139229741e-01,3.042946422339020685e-01,1.000000000000000000e+00,-7.287614854432256095e-02,-5.134822543198983014e-03,3.972989394302305910e-01,-1.203325477567327995e-01,1.007640841568711310e-01,3.336851775258814490e-01,-5.024658936177297530e-01,3.817113676717998755e-02,-2.081869447996145261e-01,3.933500719812053070e-01,2.896946093268192857e-01
3.152933708577974614e-01,3.027339320210086226e-01,3.062197770193781921e-01,1.990126252134902518e-01,-3.413940818984345909e-03,3.442109078877280126e-01,2.697313770248445982e-03,-4.075309858637953808e-01,6.141488212669557467e-02,2.534158334866637788e-02,-7.391851055040994656e-02,-2.825292679606869473e-02,3.296061579803544195e-01,2.210081952568643815e-01,-1.598882493963104667e-01,-5.997753168031351445e-02,-3.597575370968367214e-01,-7.996287967793228035e-02,-7.560454981191676305e-02,1.899066889638414404e-03,-2.224668730699961294e-01,-5.565771155186605840e-02,6.273441614892953933e-01,4.714282147637716136e-01,5.669161777847998573e-01,3.523070035550468493e-01,-7.695972318571212001e-02,-7.287614854432256095e-02,1.000000000000000000e+00,9.967189230029599445e-02,-2.563571380923236886e-01,3.355675555642318592e-02,7.296780561682096773e-03,-1.304493002814569313e-01,4.023367062363917834e-01,7.959704175755218103e-02,4.145986790334061367e-01,7.032008100878288370e-02,-2.452114912414116721e-01
1.928019243939416150e-01,1.369146407014034117e-01,3.522241149719292364e-01,2.642862058642996281e-01,1.352340102750656248e-01,-1.141966348272745180e-01,4.209837342052328291e-01,-3.126639225032397107e-01,3.305333249171040211e-01,3.137840523282622862e-01,2.843586926620925714e-01,2.828650229042841135e-01,9.249773190667467948e-02,4.497018185278353064e-01,2.459153912657113250e-01,2.548766524911592057e-01,-1.820593734231221519e-02,2.984903958274355840e-01,3.007534714726685654e-01,3.243380482174150758e-01,-1.448466624128509628e-01,2.766984414086551824e-01,1.265707944904647664e-01,3.449360879702341454e-02,1.262944722877861192e-01,1.593557062302129457e-01,-9.865979675500827217e-02,-5.134822543198983014e-03,9.967189230029599445e-02,1.000000000000000000e+00,1.816176067665618565e-01,-2.961813521797477394e-02,-2.268562367295592352e-01,2.189119188993733645e-01,-5.444375618051083138e-02,5.211559613649652950e-02,1.941050594694200271e-01,4.436551491693827565e-01,2.091444066391532353e-01
9.688987580690516799e-02,-1.444968921749433810e-01,2.846161522702713165e-01,6.929738061116351086e-03,1.946493128825527441e-01,-4.601093064400614829e-01,9.602696646238651976e-03,-1.748589224863455333e-02,2.862496517481344371e-01,1.642245544794178058e-01,4.966629095112914255e-02,2.994903022994913067e-01,-2.895090536856746999e-01,3.033718504522625592e-01,4.833718173701308518e-01,4.045950335153929989e-01,1.265764387390851953e-01,3.949219319585403620e-01,4.622198224634304631e-01,2.880998845155375299e-01,3.600209882977236098e-01,5.510541301588570695e-01,-3.479691510674665089e-01,-5.172406164101398529e-01,-2.480892696386779728e-01,-1.387141739512927525e-02,3.310589212592081609e-01,3.972989394302305910e-01,-2.563571380923236886e-01,1.816176067665618565e-01,1.000000000000000000e+00,2.857365914044676103e-01,1.414949610547248937e-01,3.232738272535553570e-01,-5.983747169308023528e-01,1.676528970783963957e-01,-2.048240431285837382e-01,3.109278835072048497e-01,1.693097989143155235e-01
-1.906023725082492126e-01,-4.370343533914706757e-01,1.709260562433325692e-01,2.168556046045168328e-02,-9.500592978488416052e-02,2.083458568614525996e-01,5.326898305646211862e-02,-3.646331998786664363e-01,-1.252402611162828638e-01,-2.797576016636692531e-01,1.362528858273125143e-01,-1.816079808534186435e-01,-1.975172455805006000e-01,-1.539884568216587368e-01,1.118492759494325861e-02,4.194220062799661197e-02,1.794727831892310721e-01,3.144329171925867167e-02,1.735186351315801678e-01,-3.240748544791008934e-01,1.198972628454334083e-01,9.463333862034069288e-02,-9.311675770908084404e-02,1.059295150985124084e-01,-4.244378033868715511e-02,-2.016834505140139566e-01,1.689677676781246862e-01,-1.203325477567327995e-01,3.355675555642318592e-02,-2.961813521797477394e-02,2.857365914044676103e-01,1.000000000000000000e+00,4.806339869183438585e-01,5.475832135172477994e-02,-1.774755197112648786e-01,1.793998570356551137e-01,2.958079446869238058e-02,-2.451387026580060247e-01,-1.455727654463271348e-01
-5.942157923405715775e-02,-9.451300202943235806e-02,6.465929997704106258e-02,-2.308656097022031006e-01,-1.099989960171177811e-01,1.594376268822710833e-03,-2.202459883536723173e-01,-9.328185134277501567e-02,-1.738166472791698725e-01,-9.264280748102510232e-02,-8.591072353357229185e-02,-1.142830624800354883e-01,-9.897551428545443841e-02,-2.954255511067382933e-01,-2.574980904175747792e-02,1.460380962093786039e-01,5.252710957084967547e-02,-3.521946509911740020e-02,1.423336831417762460e-01,-2.398755565351810837e-01,2.049250676662150716e-01,2.478778995085826470e-02,-1.684930222847982884e-01,-5.357823692892406398e-02,-4.980074536019264003e-02,-2.757224828117191273e-01,-3.310473703209308033e-02,1.007640841568711310e-01,7.296780561682096773e-03,-2.268562367295592352e-01,1.414949610547248937e-01,4.806339869183438585e-01,1.000000000000000000e+00,-4.083821142910910862e-02,-1.999772992571801911e-01,1.743111175930189549e-01,-7.564967215339568618e-02,-2.306527675031574409e-01,5.007407663548520821e-02
-3.344091353456825344e-02,1.144625225599198159e-01,3.878738824973606419e-02,1.208451357101942014e-01,7.572050119284289282e-01,-3.348183114736471566e-01,-1.331493941566918859e-01,1.224899449601620227e-01,7.213123086533388406e-01,4.809543373061578309e-01,-1.232118234948780394e-01,4.841927403789910156e-01,-5.647024088321416641e-02,3.851916973807285594e-01,6.881656286757057428e-01,5.404244409383228698e-01,1.489158426807158098e-01,7.270993378419827735e-01,4.917059441077689663e-01,2.825011399814608692e-01,1.739861918351991166e-01,3.339378601754064979e-01,-3.133843429286100463e-02,-3.025349097078393057e-01,3.615179739869072567e-02,5.141665818633083251e-01,3.073157787592515344e-01,3.336851775258814490e-01,-1.304493002814569313e-01,2.189119188993733645e-01,3.232738272535553570e-01,5.475832135172477994e-02,-4.083821142910910862e-02,1.000000000000000000e+00,-5.190342145664891271e-01,3.015877371746651381e-01,-2.801365258532772518e-01,4.314759185104949379e-01,6.198764803061398432e-01
-1.433657345905038627e-01,-4.192949262442833419e-02,-1.022985545521124112e-01,1.884163576323880651e-01,-3.978640921358384541e-01,6.795293215204600834e-01,3.679861542023186993e-02,-2.184729490891780535e-01,-3.868868379655861500e-01,-3.841034207914865717e-01,-5.779055263265184261e-02,-3.514544828850424962e-01,2.270376601436113473e-01,-2.593986174335732864e-01,-6.769225060784263004e-01,-6.031942152332422369e-01,-2.435797284979895339e-01,-5.713934268282452322e-01,-5.243299234650451446e-01,-3.160381605229918289e-01,-5.542200968230054370e-01,-5.530710927244125719e-01,5.686952277847746595e-01,7.569786804959257598e-01,3.949725585984834586e-01,-5.795410150937226230e-03,-1.637519500534224959e-01,-5.024658936177297530e-01,4.023367062363917834e-01,-5.444375618051083138e-02,-5.983747169308023528e-01,-1.774755197112648786e-01,-1.999772992571801911e-01,-5.190342145664891271e-01,1.000000000000000000e+00,-1.312942285251656183e-01,3.917725301453467979e-01,-4.282544052809589274e-01,-4.955807846659064375e-01
1.378959576567403422e-01,-1.586996444725844585e-02,-8.845953425731434283e-02,1.392009886100295524e-01,4.528177419676275850e-01,-3.565606685645508755e-02,-2.822312449660045464e-01,3.859758265533676930e-02,3.311050068787116940e-01,6.936747761118396138e-02,-5.264935122783510890e-03,-7.949022884165043989e-02,-3.010261545829220342e-01,3.519016507170014130e-02,-6.432305115228795396e-03,2.783973620861818210e-01,2.839401040335573501e-01,1.847265944642101365e-01,2.540998262460754109e-01,-1.353733995638385368e-01,-3.924548894738939808e-02,-2.110764817944577390e-02,8.217789309316959889e-02,-5.403302995253295854e-02,1.446462629194708305e-01,3.498769075858533251e-01,3.478339464478343301e-01,3.817113676717998755e-02,7.959704175755218103e-02,5.211559613649652950e-02,1.676528970783963957e-01,1.793998570356551137e-01,1.743111175930189549e-01,3.015877371746651381e-01,-1.312942285251656183e-01,1.000000000000000000e+00,-3.010757738840609821e-01,5.930872987660833207e-02,1.468084713899447669e-01
1.336867702214094011e-01,2.034263560385492497e-01,3.205469938041340949e-01,3.069966082334405488e-01,-2.823203713243513935e-01,3.459814172963651679e-01,3.243897518652189005e-01,-4.155175241722017798e-01,-2.299885520590594923e-01,-6.111801122164702699e-02,-8.554371197165855367e-02,-2.901517814452960961e-02,3.090040878216362419e-01,6.202776844720740007e-02,-1.927222252798303226e-01,-2.116079482875951601e-01,-3.704862246162063388e-01,-1.539049948608842699e-01,-1.411590490061722103e-01,8.146264759170437908e-02,-2.232973042815332154e-01,1.119133264868633904e-02,3.853266215182134524e-01,3.958302462565258528e-01,3.373838271317184390e-01,-5.400067089255032593e-02,-3.893339885128209721e-01,-2.081869447996145261e-01,4.145986790334061367e-01,1.941050594694200271e-01,-2.048240431285837382e-01,2.958079446869238058e-02,-7.564967215339568618e-02,-2.801365258532772518e-01,3.917725301453467979e-01,-3.010757738840609821e-01,1.000000000000000000e+00,-6.437674679933641508e-02,-3.047501831948075668e-01
5.560144584677083612e-01,4.566665334519430242e-01,2.888902648087596226e-01,-2.997264910453125569e-02,4.002972153521759946e-01,-5.522147387286389097e-01,8.469544518856401971e-02,1.148780020687337547e-02,6.473154552235542702e-01,6.340795855476366594e-01,9.776442652420899715e-02,4.738567417985072305e-01,-1.276464307352286921e-02,5.371449955836020695e-01,5.856696176959833577e-01,5.651959961420677248e-01,-4.070923190236544476e-02,4.618437973750902370e-01,3.726437783354357158e-01,5.611264570599316936e-01,1.878864563822518208e-01,4.728560404022590924e-01,-5.569001365016251065e-02,-4.210863358300626635e-01,8.571757736923620030e-02,3.796504910829026636e-01,2.023934361148927927e-02,3.933500719812053070e-01,7.032008100878288370e-02,4.436551491693827565e-01,3.109278835072048497e-01,-2.451387026580060247e-01,-2.306527675031574409e-01,4.314759185104949379e-01,-4.282544052809589274e-01,5.930872987660833207e-02,-6.437674679933641508e-02,1.000000000000000000e+00,5.267341847931577004e-01
1.144327523425285598e-01,3.362235050585260510e-01,-4.769068663788746804e-02,-1.295103985620336406e-01,4.909444598703340268e-01,-4.363423323574581736e-01,-6.238751856466684398e-02,2.111396144825593013e-01,6.276884073843325140e-01,6.360524577050374884e-01,-1.086982779333431903e-01,4.748706541464037256e-01,-6.630070868174402221e-02,1.732163139171330191e-01,5.542604963629694792e-01,5.725783602962571939e-01,1.055047089607202976e-01,5.459881595785603947e-01,3.273195905016153540e-01,3.214574722870911505e-01,1.734601073047895570e-01,2.094831951054575980e-01,-2.043133733554108600e-01,-3.820638480164708639e-01,-8.605037063220094540e-02,2.264412503275974042e-01,-3.168709206468352246e-02,2.896946093268192857e-01,-2.452114912414116721e-01,2.091444066391532353e-01,1.693097989143155235e-01,-1.455727654463271348e-01,5.007407663548520821e-02,6.198764803061398432e-01,-4.955807846659064375e-01,1.468084713899447669e-01,-3.047501831948075668e-01,5.267341847931577004e-01,1.000000000000000000e+00
