1.000000000000000000e+00,5.234205621957195298e-01,-2.152972186124537616e-03,7.643241653286134141e-02,2.899058274184612150e-01,-2.928068862194637204e-02,-2.244944785986023247e-02,-3.928637524340888865e-01,2.456440520336404532e-01,4.929783413244082091e-01,6.573167987875909446e-02,-7.384640982616254463e-03,2.373370393118957589e-01,-3.463603303875986000e-02,3.069111738069589257e-01,6.122682802847355665e-01,-9.658745354707364006e-02,3.752103406425995047e-01,2.778126400945573060e-01,-4.860433778926209064e-02,1.131365702570739512e-01,1.489225031378204056e-01,1.297789470087902242e-01,-2.921772610305785334e-02,8.657927773839646512e-02,1.509991720294922082e-02,-3.109183763529763111e-01,2.383913334610978096e-01,1.695531548260758026e-01,3.470241137514136764e-01,-2.093009425561615511e-01,-2.696791563413530324e-01,-1.289668791425802041e-01,3.194116667415848321e-01,-1.353547739264591432e-01,2.786610931228962196e-01,-1.848840765677526865e-01,4.138697345593067012e-01,2.232320021828909373e-01
5.234205621957195298e-01,1.000000000000000000e+00,6.169986340112481454e-02,6.386873609276558228e-02,2.629792104329229385e-01,2.321260916222322723e-01,1.198705449399854045e-02,-2.826691644409320414e-01,3.798192954892011808e-01,6.466048690431307477e-01,2.110557936335503426e-01,1.870493061352219710e-01,1.390445131801550105e-01,1.537623872556115878e-01,1.769367548684890323e-01,6.363272879914378954e-01,1.078922816607755519e-01,1.917425186507402401e-01,1.690511697023150406e-01,-8.958657514142547018e-02,4.309110188612806647e-02,1.809166137682201025e-01,2.966711304100212998e-01,1.408818052611264249e-01,3.810967331586936901e-01,2.594314581490307636e-02,-2.675430626710960727e-02,1.499258319325816047e-01,2.144400292815932807e-01,4.258363986624258968e-01,5.094739885292468018e-02,8.012130476937535939e-02,-4.400206634630388774e-02,1.915540581093197747e-01,4.227679240950372314e-02,3.759211577227219436e-01,1.301921136232891130e-01,2.957495701365628893e-01,4.711530881383927394e-01
-2.152972186124537616e-03,6.169986340112481454e-02,1.000000000000000000e+00,-9.767955374928193046e-02,3.293189455240727592e-01,3.821806311462793704e-01,4.304710363250986993e-01,4.026134820767452438e-01,5.709787637930201498e-01,7.859175975844434614e-02,5.256006818650134083e-01,-3.822708842270717833e-01,-6.029610664813628285e-01,5.667029237026613986e-01,8.713292389604965216e-02,2.846186168896386315e-01,3.688010498830443518e-01,-3.368022825644980123e-01,-2.169524468345444823e-01,3.820398226910675654e-01,3.965823974341263769e-01,4.349177372651526485e-01,4.610425785031058710e-01,5.133390415051173328e-01,3.938097682498827856e-01,6.345671882918417772e-01,6.394701166793844704e-01,6.863758344712689308e-01,4.604169490991695257e-01,4.545960592590166938e-01,6.133283279204533311e-01,5.216300463419601963e-01,7.102830790285750151e-01,-3.679549309232568177e-01,5.564439730322040534e-01,9.683810659505636895e-03,5.687857424074226342e-01,3.456886370715903101e-01,1.975071534393968709e-01
7.643241653286134141e-02,6.386873609276558228e-02,-9.767955374928193046e-02,1.000000000000000000e+00,-2.313118147576187500e-02,-2.390521642425406934e-01,3.203314523108092837e-01,-4.848307941778568497e-01,-1.759874116474402783e-01,2.039742697351472067e-01,-1.962057958662500046e-01,4.211224380561640057e-01,4.053827122460752497e-01,-3.488825088243947548e-01,9.673594102172403120e-02,8.607450825353581136e-02,-3.292965781177896734e-01,5.023711346506634090e-01,5.568845609353911819e-01,-1.099968798826221061e-01,1.216906980774906666e-01,7.072518264023340551e-02,-2.339136959143353900e-01,-2.572344440408228516e-01,-8.707096457053714600e-02,-3.987302912796799603e-01,-3.309844341500183806e-01,-1.974346861410982146e-01,-3.068258926208911608e-01,1.716843691966740693e-02,-2.576281833610891137e-01,-3.411399657052193723e-01,-3.062481999453738335e-01,4.197799081840689062e-01,-3.752765201347872948e-01,4.250898716667108057e-01,-3.332244654687869789e-01,-2.991083375757644935e-01,-1.506899190657898790e-01
2.899058274184612150e-01,2.629792104329229385e-01,3.293189455240727592e-01,-2.313118147576187500e-02,1.000000000000000000e+00,2.691824663867500300e-01,3.991708874494501180e-01,-3.031478043698202993e-02,5.342717915972010623e-01,3.264290747057762010e-01,3.946290069061528238e-01,-3.148896668071677341e-01,-1.175548639653242328e-01,4.913651273315871593e-01,-1.703507272645184700e-01,4.201577862276816844e-01,3.729875299231152908e-01,-2.035086994996619381e-01,-5.922135551319804292e-02,-2.113966814032968433e-01,-2.220760625297496516e-01,-5.209616496851597611e-02,4.475064478427416836e-01,3.390343577415534937e-01,3.747641466326072091e-01,3.988653854223149775e-01,2.452037679486812338e-01,3.182596498496143567e-01,4.904125836287487883e-01,3.941627101592656279e-01,3.149091758454833356e-01,2.746435912995954798e-01,2.578464931701080487e-01,-1.244704766079075126e-01,3.480946123721168073e-01,-6.868331948334158166e-02,3.155639692724270251e-01,4.723599250329803545e-01,4.913789927908506772e-01
-2.928068862194637204e-02,2.321260916222322723e-01,3.821806311462793704e-01,-2.390521642425406934e-01,2.691824663867500300e-01,1.000000000000000000e+00,3.311635002746653456e-01,3.549779860202070259e-01,5.538808346504805469e-01,1.839647076422353256e-01,6.308646471473629003e-01,-4.107601238201871174e-01,-3.693158314177528712e-01,6.526762822323631807e-01,1.129712221993590671e-01,2.976195538357505610e-01,5.645227565378706513e-01,-4.595659581122373827e-01,-4.592431512578726838e-01,2.517671391274740600e-01,2.087682243920097325e-01,2.852094646819319235e-01,7.831751299804683430e-01,7.747988658324002076e-01,7.640128571016077119e-01,6.340269861353221570e-01,6.071175608720034145e-01,5.245771374642127505e-01,7.061332928100509942e-01,5.087726233852880586e-01,6.057768315523230918e-01,7.071643126734928897e-01,5.318722833625568747e-01,-5.390896316713420511e-01,6.934591176142331781e-01,-2.405592638928244209e-01,7.076540523236874991e-01,4.164283492992508218e-01,2.894199209292971919e-01
-2.244944785986023247e-02,1.198705449399854045e-02,4.304710363250986993e-01,3.203314523108092837e-01,3.991708874494501180e-01,3.311635002746653456e-01,1.000000000000000000e+00,1.104257142597208918e-01,3.960808666714892290e-01,2.179865743657711519e-01,3.972662494987279080e-01,-2.212100939179560966e-01,-1.865298301189914632e-01,4.158796668801758578e-01,-8.230234445503464835e-02,2.430882516534109139e-01,3.839625237979246708e-01,-1.598023939167148300e-01,-3.141113909998246526e-03,1.930138214259408125e-01,1.156883288471880211e-01,2.376412074394509411e-01,4.135531630942748671e-01,4.017530289294842238e-01,4.142911159374274011e-01,3.774431566977139996e-01,3.556536270211622108e-01,3.427462202802232238e-01,4.036483306643124935e-01,4.194043693532122363e-01,4.322489943059764084e-01,3.409629156338405132e-01,3.616372438606033635e-01,-2.536311361761885430e-01,4.118114352295716984e-01,-1.886378978640614046e-03,3.724945690943162191e-01,1.614260282379041678e-01,1.865698017838733069e-01
-3.928637524340888865e-01,-2.826691644409320414e-01,4.026134820767452438e-01,-4.848307941778568497e-01,-3.031478043698202993e-02,3.549779860202070259e-01,1.104257142597208918e-01,1.000000000000000000e+00,2.352023731604898915e-01,-3.228241411410838202e-01,3.953597839508762868e-01,-5.288435290605227879e-01,-6.735607401261205496e-01,5.471607259191459960e-01,-3.521784232008381282e-02,-1.952042035980832424e-01,4.469382218264284501e-01,-7.133835861137954870e-01,-7.251273003235809700e-01,3.668204717253805702e-01,3.373906004709251172e-02,5.946277707572196480e-02,3.040747466293689527e-01,4.016285171727146386e-01,1.827167466708311261e-01,5.820833608290671979e-01,6.476397645562184113e-01,3.373407229814829877e-01,3.876823353486927304e-01,1.250251641987707718e-01,5.352802315552678269e-01,5.763313577638451424e-01,6.347425181828166840e-01,-7.342309693701366546e-01,6.299833101789016343e-01,-4.272032312638074369e-01,5.920198242902227070e-01,2.093993893455758093e-01,3.088643866980704533e-02
2.456440520336404532e-01,3.798192954892011808e-01,5.709787637930201498e-01,-1.759874116474402783e-01,5.342717915972010623e-01,5.538808346504805469e-01,3.960808666714892290e-01,2.352023731604898915e-01,1.000000000000000000e+00,4.735008275035936798e-01,5.988184431232229654e-01,-3.344028160334922006e-01,-3.324416670764555604e-01,6.763394196262838554e-01,1.182390298324905026e-01,6.207218388684290211e-01,5.269601656530372713e-01,-3.254277603615033931e-01,-2.354757892598287605e-01,1.705146370773374942e-01,1.474726315589914849e-01,2.867299526504941132e-01,6.882058567604653065e-01,6.044054046253101165e-01,6.556567435682084666e-01,6.221684671208373985e-01,5.429519527533379630e-01,6.060234883910173842e-01,6.615130703718280492e-01,6.731510200224397611e-01,5.731303574820142410e-01,5.447032556694095806e-01,5.315598420808266278e-01,-3.308551760346270521e-01,6.188683088272850519e-01,3.030544779121440574e-02,6.220444630421920751e-01,5.624221268107624239e-01,5.589536451505872083e-01
4.929783413244082091e-01,6.466048690431307477e-01,7.859175975844434614e-02,2.039742697351472067e-01,3.264290747057762010e-01,1.839647076422353256e-01,2.179865743657711519e-01,-3.228241411410838202e-01,4.735008275035936798e-01,1.000000000000000000e+00,1.850159022931044117e-01,1.841793397467307025e-01,2.530727176625733876e-01,1.565390968640053004e-01,2.621305608745214122e-01,7.455818157206661745e-01,1.354713368456787748e-01,2.797863236505175877e-01,3.022059597890269789e-01,-1.218716279387195289e-01,-1.594179202902264864e-02,1.197231796800038300e-01,3.284451591280398985e-01,1.279953926574370626e-01,4.475567318924075777e-01,1.629035419859778053e-02,-8.679938463773123614e-02,1.329257352662515379e-01,2.539648465956607093e-01,5.971558004879554682e-01,5.413791556423048351e-02,-8.292233941674734266e-03,-1.255942037013193235e-01,2.063969762963006604e-01,8.246591418342411051e-02,4.986252089522992814e-01,9.340798720833420887e-02,2.399077161805867331e-01,3.728288248615325151e-01
6.573167987875909446e-02,2.110557936335503426e-01,5.256006818650134083e-01,-1.962057958662500046e-01,3.946290069061528238e-01,6.308646471473629003e-01,3.972662494987279080e-01,3.953597839508762868e-01,5.988184431232229654e-01,1.850159022931044117e-01,1.000000000000000000e+00,-4.173938153965414677e-01,-4.400783480978578410e-01,6.826329582146416497e-01,1.222813478169323814e-01,3.514219546528660199e-01,6.222264747865532408e-01,-4.434931803215419466e-01,-3.947936582555067742e-01,3.204704763081527297e-01,1.711673032285311591e-01,2.514718265978163059e-01,6.719678258898280632e-01,6.725583962461213483e-01,6.326747258369878057e-01,6.397767803221963145e-01,6.043095168240286696e-01,5.636626300691902625e-01,6.567743155645334729e-01,5.057528734063710951e-01,6.186042331457308752e-01,6.263673080827648620e-01,5.773804807078865009e-01,-4.699814324712839886e-01,6.559476621672425400e-01,-9.596286532415784776e-02,6.581620661063544153e-01,5.112018813182610533e-01,3.860697667563949831e-01
-7.384640982616254463e-03,1.870493061352219710e-01,-3.822708842270717833e-01,4.211224380561640057e-01,-3.148896668071677341e-01,-4.107601238201871174e-01,-2.212100939179560966e-01,-5.288435290605227879e-01,-3.344028160334922006e-01,1.841793397467307025e-01,-4.173938153965414677e-01,1.000000000000000000e+00,5.023104490762791974e-01,-5.621769333053167061e-01,5.890703526636437842e-02,-4.126717400270337593e-02,-3.612806702949084570e-01,6.365297188697968123e-01,5.907497057353500169e-01,-8.999076838793775013e-02,2.346171593922601398e-02,8.208617134353897449e-02,-4.792954628662808858e-01,-4.713420188886039419e-01,-2.797091235057694858e-01,-6.828553092067072283e-01,-4.596599969284229092e-01,-4.749376814710284944e-01,-5.682659205503798328e-01,-2.707498114803699174e-01,-4.229112894592707006e-01,-4.365112704804971488e-01,-5.480211904642366960e-01,6.435064720335990085e-01,-5.931911095736206452e-01,5.351340756574156643e-01,-4.581297388459207864e-01,-5.343605084254651194e-01,-7.423358209400852947e-02
2.373370393118957589e-01,1.390445131801550105e-01,-6.029610664813628285e-01,4.053827122460752497e-01,-1.175548639653242328e-01,-3.693158314177528712e-01,-1.865298301189914632e-01,-6.735607401261205496e-01,-3.324416670764555604e-01,2.530727176625733876e-01,-4.400783480978578410e-01,5.023104490762791974e-01,1.000000000000000000e+00,-5.757807429550804157e-01,1.770719330626824572e-01,8.033939729814790209e-02,-4.416120310202504839e-01,6.218965977144316204e-01,5.869192512737362311e-01,-3.479021317316542961e-01,-1.669837587476591945e-01,-2.284750178026004053e-01,-3.752924294476807643e-01,-4.650964365887544361e-01,-2.415864205039216228e-01,-6.381971058787341278e-01,-7.026718823084212584e-01,-5.002970911584317948e-01,-4.172230727260632377e-01,-1.977570910377697555e-01,-6.086445663094974812e-01,-6.118404982612725140e-01,-7.059265813455564142e-01,6.190322493630078249e-01,-6.072864323416969912e-01,3.256708426502063491e-01,-6.131542663575776375e-01,-2.389314521865044394e-01,-1.215874743208965880e-01
-3.463603303875986000e-02,1.537623872556115878e-01,5.667029237026613986e-01,-3.488825088243947548e-01,4.913651273315871593e-01,6.526762822323631807e-01,4.158796668801758578e-01,5.471607259191459960e-01,6.763394196262838554e-01,1.565390968640053004e-01,6.826329582146416497e-01,-5.621769333053167061e-01,-5.757807429550804157e-01,1.000000000000000000e+00,-5.733838423424128528e-02,3.171945472301101465e-01,6.915340811514776309e-01,-6.647497397548531861e-01,-5.852244418350822652e-01,2.072248717338839585e-01,2.019141642196659384e-02,1.624010097539352604e-01,7.389599223376904780e-01,7.306619888750819358e-01,6.419188214829337769e-01,7.820093063726394345e-01,7.413969999085641138e-01,5.940812686508051277e-01,7.694606346274821540e-01,5.288463440309799646e-01,7.641981706072316083e-01,7.610625583492752755e-01,6.999865868487757936e-01,-6.637478806639606210e-01,8.140396288410846060e-01,-2.509036411545651490e-01,8.000290035362832564e-01,5.379713962940138039e-01,4.592833440410021839e-01
3.069111738069589257e-01,1.769367548684890323e-01,8.713292389604965216e-02,9.673594102172403120e-02,-1.703507272645184700e-01,1.129712221993590671e-01,-8.230234445503464835e-02,-3.521784232008381282e-02,1.182390298324905026e-01,2.621305608745214122e-01,1.222813478169323814e-01,5.890703526636437842e-02,1.770719330626824572e-01,-5.733838423424128528e-02,1.000000000000000000e+00,3.108849249527036451e-01,-1.547644777882037914e-01,2.710980926984302708e-01,1.216895004749504738e-01,2.736427551724804341e-01,3.941191398414473079e-01,2.345417402543643615e-01,7.546652765480323100e-02,7.463698544924338152e-02,1.142335961408212364e-01,3.785373658753626164e-02,-1.280741421516375933e-01,2.421417469327393213e-01,8.112073415138772170e-02,3.235377016041575682e-01,-6.242636521260167687e-02,-1.224322400343442890e-01,1.919462545663673178e-02,1.060550991148744709e-01,1.530441951111175284e-03,2.767123667540289933e-01,-4.011743186188119342e-02,2.535486899857921084e-01,-1.885871061190066700e-01
6.122682802847355665e-01,6.363272879914378954e-01,2.846186168896386315e-01,8.607450825353581136e-02,4.201577862276816844e-01,2.976195538357505610e-01,2.430882516534109139e-01,-1.952042035980832424e-01,6.207218388684290211e-01,7.455818157206661745e-01,3.514219546528660199e-01,-4.126717400270337593e-02,8.033939729814790209e-02,3.171945472301101465e-01,3.108849249527036451e-01,1.000000000000000000e+00,2.026130987171324283e-01,1.385771747315860392e-01,1.420444217539671983e-01,1.244825589412821946e-02,1.356199794424575444e-01,2.248503051786433782e-01,4.731329801403824642e-01,2.887287462942764171e-01,5.009249900874863659e-01,2.556545684370539195e-01,7.472256568240619179e-02,3.988542115392638698e-01,4.200933383144114797e-01,6.828137584882895128e-01,1.763189255718678738e-01,1.182624638204243239e-01,1.132026314991205207e-01,6.590387627549947058e-02,2.253106669009612428e-01,3.865743086510941007e-01,2.255276596622509955e-01,4.738450548427029507e-01,4.134225177810809670e-01
-9.658745354707364006e-02,1.078922816607755519e-01,3.688010498830443518e-01,-3.292965781177896734e-01,3.729875299231152908e-01,5.645227565378706513e-01,3.839625237979246708e-01,4.469382218264284501e-01,5.269601656530372713e-01,1.354713368456787748e-01,6.222264747865532408e-01,-3.612806702949084570e-01,-4.416120310202504839e-01,6.915340811514776309e-01,-1.547644777882037914e-01,2.026130987171324283e-01,1.000000000000000000e+00,-5.509848922493573165e-01,-4.962048610483368871e-01,2.420246645412103548e-01,-4.634264378837846948e-02,2.206355721354001931e-01,6.239485028773950059e-01,6.035004653913357275e-01,5.730264115333868480e-01,5.835740017991828399e-01,6.034622205211415125e-01,3.946353106962572910e-01,6.050434896238753302e-01,3.324169091965655798e-01,6.505566029793518057e-01,6.618389798377586342e-01,5.344930101002483003e-01,-5.295597352580652117e-01,6.413942497981501845e-01,-2.053723290282143676e-01,6.571743413733287520e-01,3.970275391683049104e-01,5.009314772959854167e-01
3.752103406425995047e-01,1.917425186507402401e-01,-3.368022825644980123e-01,5.023711346506634090e-01,-2.035086994996619381e-01,-4.595659581122373827e-01,-1.598023939167148300e-01,-7.133835861137954870e-01,-3.254277603615033931e-01,2.797863236505175877e-01,-4.434931803215419466e-01,6.365297188697968123e-01,6.218965977144316204e-01,-6.647497397548531861e-01,2.710980926984302708e-01,1.385771747315860392e-01,-5.509848922493573165e-01,1.000000000000000000e+00,7.756810245705029194e-01,-1.275253561762908772e-01,1.590923743944930024e-01,1.166050527967013167e-01,-4.588061929724087107e-01,-5.127504931521820186e-01,-3.207291488128763413e-01,-6.348788179494626593e-01,-6.829732291537222721e-01,-3.100352599302675927e-01,-5.114965246326449444e-01,-1.297691329091063273e-01,-6.184844405732302652e-01,-6.768000546594201694e-01,-5.976440009234451622e-01,7.803026453823576070e-01,-6.861542972636265336e-01,5.475257914963415073e-01,-6.544142841608397987e-01,-3.217980473075527370e-01,-2.407289510186041426e-01
2.778126400945573060e-01,1.690511697023150406e-01,-2.169524468345444823e-01,5.568845609353911819e-01,-5.922135551319804292e-02,-4.592431512578726838e-01,-3.141113909998246526e-03,-7.251273003235809700e-01,-2.354757892598287605e-01,3.022059597890269789e-01,-3.947936582555067742e-01,5.907497057353500169e-01,5.869192512737362311e-01,-5.852244418350822652e-01,1.216895004749504738e-01,1.420444217539671983e-01,-4.962048610483368871e-01,7.756810245705029194e-01,1.000000000000000000e+00,-2.195240803060844459e-01,8.885270493550359583e-02,7.968322538957947621e-02,-4.229527651641082908e-01,-4.664260438880116766e-01,-2.675343063061772497e-01,-6.019293091155052400e-01,-5.873314804795701782e-01,-2.973778725619719010e-01,-4.915439553557812702e-01,-1.158098493133231655e-01,-4.943242602559350662e-01,-5.884626629343511217e-01,-5.327704610931977003e-01,7.709082226546054573e-01,-6.221673388060851018e-01,5.183555444118204125e-01,-5.764552130250051309e-01,-3.492405933489304837e-01,-1.896837733343862131e-01
-4.860433778926209064e-02,-8.958657514142547018e-02,3.820398226910675654e-01,-1.099968798826221061e-01,-2.113966814032968433e-01,2.517671391274740600e-01,1.930138214259408125e-01,3.668204717253805702e-01,1.705146370773374942e-01,-1.218716279387195289e-01,3.204704763081527297e-01,-8.999076838793775013e-02,-3.479021317316542961e-01,2.072248717338839585e-01,2.736427551724804341e-01,1.244825589412821946e-02,2.420246645412103548e-01,-1.275253561762908772e-01,-2.195240803060844459e-01,1.000000000000000000e+00,5.471973196530864891e-01,5.449924648954563855e-01,1.815733153457655680e-01,3.474185798977150741e-01,1.543857201514774458e-01,3.342667169237752978e-01,3.692846178737305696e-01,4.327302325109698700e-01,1.949645285329613675e-01,1.466753442146818132e-01,2.830923645232559238e-01,2.973077943186626659e-01,4.358644339920675348e-01,-2.569076781881930449e-01,2.863162548703846455e-01,-1.333752389628627133e-02,3.076666058299034612e-01,1.049965186253019045e-01,-4.127213282623725527e-02
1.131365702570739512e-01,4.309110188612806647e-02,3.965823974341263769e-01,1.216906980774906666e-01,-2.220760625297496516e-01,2.087682243920097325e-01,1.156883288471880211e-01,3.373906004709251172e-02,1.474726315589914849e-01,-1.594179202902264864e-02,1.711673032285311591e-01,2.346171593922601398e-02,-1.669837587476591945e-01,2.019141642196659384e-02,3.941191398414473079e-01,1.356199794424575444e-01,-4.634264378837846948e-02,1.590923743944930024e-01,8.885270493550359583e-02,5.471973196530864891e-01,1.000000000000000000e+00,6.698125945168620365e-01,1.571442885549159674e-01,2.806350889462567166e-01,1.676707500083625124e-01,2.001469050006127459e-01,1.934693438415591438e-01,5.117524360493562741e-01,1.086338015238244442e-01,1.449328702289760795e-01,1.497764546796939988e-01,1.362539584547355076e-01,3.590284534116230386e-01,2.890435182668567651e-02,9.096334909347464359e-02,1.389078467102264069e-01,1.342314627955388529e-01,9.000173186500579070e-02,-1.270708711873578811e-01
1.489225031378204056e-01,1.809166137682201025e-01,4.349177372651526485e-01,7.072518264023340551e-02,-5.209616496851597611e-02,2.852094646819319235e-01,2.376412074394509411e-01,5.946277707572196480e-02,2.867299526504941132e-01,1.197231796800038300e-01,2.514718265978163059e-01,8.208617134353897449e-02,-2.284750178026004053e-01,1.624010097539352604e-01,2.345417402543643615e-01,2.248503051786433782e-01,2.206355721354001931e-01,1.166050527967013167e-01,7.968322538957947621e-02,5.449924648954563855e-01,6.698125945168620365e-01,1.000000000000000000e+00,2.765180299839662403e-01,3.747095545300122565e-01,2.902622111301174090e-01,2.716358753223593325e-01,2.957399496195957100e-01,5.313176814770098622e-01,2.264872958100032918e-01,2.134391091439693244e-01,2.980527595343359648e-01,2.763158043387740626e-01,4.274975703881488953e-01,-1.434933076855418772e-02,1.883954110796959569e-01,1.211294065576153378e-01,2.754110159091557319e-01,1.349059378846046708e-01,1.065983216977022252e-01
1.297789470087902242e-01,2.966711304100212998e-01,4.610425785031058710e-01,-2.339136959143353900e-01,4.475064478427416836e-01,7.831751299804683430e-01,4.135531630942748671e-01,3.040747466293689527e-01,6.882058567604653065e-01,3.284451591280398985e-01,6.719678258898280632e-01,-4.792954628662808858e-01,-3.752924294476807643e-01,7.389599223376904780e-01,7.546652765480323100e-02,4.731329801403824642e-01,6.239485028773950059e-01,-4.588061929724087107e-01,-4.229527651641082908e-01,1.815733153457655680e-01,1.571442885549159674e-01,2.765180299839662403e-01,1.000000000000000000e+00,7.890692943602204412e-01,7.992828104742787376e-01,7.085596136677635437e-01,6.029409758801845820e-01,6.177813957273162737e-01,7.934238950882860353e-01,6.223494712140067442e-01,6.490030055832802791e-01,6.841310120257200200e-01,5.627149925633930794e-01,-5.211407161418053491e-01,7.278414898153345858e-01,-1.678742482085649468e-01,7.108471937414352348e-01,5.503755436377947285e-01,4.402069760420555533e-01
-2.921772610305785334e-02,1.408818052611264249e-01,5.133390415051173328e-01,-2.572344440408228516e-01,3.390343577415534937e-01,7.747988658324002076e-01,4.017530289294842238e-01,4.016285171727146386e-01,6.044054046253101165e-01,1.279953926574370626e-01,6.725583962461213483e-01,-4.713420188886039419e-01,-4.650964365887544361e-01,7.306619888750819358e-01,7.463698544924338152e-02,2.887287462942764171e-01,6.035004653913357275e-01,-5.127504931521820186e-01,-4.664260438880116766e-01,3.474185798977150741e-01,2.806350889462567166e-01,3.747095545300122565e-01,7.890692943602204412e-01,1.000000000000000000e+00,7.323368623188140081e-01,7.320219948166994950e-01,7.006634269168946494e-01,6.589696054883051879e-01,7.540480098113516716e-01,4.956188202217391980e-01,7.172587413544042612e-01,7.507138399877794077e-01,6.586430135740894976e-01,-5.743186940377194016e-01,7.458064255998554382e-01,-2.549201405101830242e-01,7.517684570033472680e-01,4.569451033911019477e-01,3.277007155947022632e-01
8.657927773839646512e-02,3.810967331586936901e-01,3.938097682498827856e-01,-8.707096457053714600e-02,3.747641466326072091e-01,7.640128571016077119e-01,4.142911159374274011e-01,1.827167466708311261e-01,6.556567435682084666e-01,4.475567318924075777e-01,6.326747258369878057e-01,-2.797091235057694858e-01,-2.415864205039216228e-01,6.419188214829337769e-01,1.142335961408212364e-01,5.009249900874863659e-01,5.730264115333868480e-01,-3.207291488128763413e-01,-2.675343063061772497e-01,1.543857201514774458e-01,1.676707500083625124e-01,2.902622111301174090e-01,7.992828104742787376e-01,7.323368623188140081e-01,1.000000000000000000e+00,5.506868401214710662e-01,5.309944285778726014e-01,4.982301468937300193e-01,6.880440756445254102e-01,6.176489295267963975e-01,5.916819211070946105e-01,6.360304451696106032e-01,4.381136821453820440e-01,-3.817402579673413454e-01,6.311997474949382347e-01,1.101283946193875977e-02,6.630371893375764936e-01,4.121396302254787813e-01,4.354585774984993662e-01
1.509991720294922082e-02,2.594314581490307636e-02,6.345671882918417772e-01,-3.987302912796799603e-01,3.988653854223149775e-01,6.340269861353221570e-01,3.774431566977139996e-01,5.820833608290671979e-01,6.221684671208373985e-01,1.629035419859778053e-02,6.397767803221963145e-01,-6.828553092067072283e-01,-6.381971058787341278e-01,7.820093063726394345e-01,3.785373658753626164e-02,2.556545684370539195e-01,5.835740017991828399e-01,-6.348788179494626593e-01,-6.019293091155052400e-01,3.342667169237752978e-01,2.001469050006127459e-01,2.716358753223593325e-01,7.085596136677635437e-01,7.320219948166994950e-01,5.506868401214710662e-01,1.000000000000000000e+00,7.263708360493036365e-01,7.238107644888895909e-01,7.635958185119141595e-01,4.974877961315046782e-01,7.021614946784540123e-01,6.970710011681712226e-01,7.675882218273757385e-01,-6.844921612809643507e-01,7.929577791961044397e-01,-3.584407337439964869e-01,7.348777419948891998e-01,5.871269066854150065e-01,3.100818479976183428e-01
-3.109183763529763111e-01,-2.675430626710960727e-02,6.394701166793844704e-01,-3.309844341500183806e-01,2.452037679486812338e-01,6.071175608720034145e-01,3.556536270211622108e-01,6.476397645562184113e-01,5.429519527533379630e-01,-8.679938463773123614e-02,6.043095168240286696e-01,-4.596599969284229092e-01,-7.026718823084212584e-01,7.413969999085641138e-01,-1.280741421516375933e-01,7.472256568240619179e-02,6.034622205211415125e-01,-6.829732291537222721e-01,-5.873314804795701782e-01,3.692846178737305696e-01,1.934693438415591438e-01,2.957399496195957100e-01,6.029409758801845820e-01,7.006634269168946494e-01,5.309944285778726014e-01,7.263708360493036365e-01,1.000000000000000000e+00,5.776886308664342939e-01,5.962811396043792289e-01,3.520703397831477233e-01,7.813390595652022208e-01,8.124004605124763856e-01,7.703532595754462031e-01,-6.842860925018963147e-01,7.638336678790075274e-01,-2.959642529157426871e-01,8.068671951820175492e-01,2.943558783856693450e-01,3.110757101048843287e-01
2.383913334610978096e-01,1.499258319325816047e-01,6.863758344712689308e-01,-1.974346861410982146e-01,3.182596498496143567e-01,5.245771374642127505e-01,3.427462202802232238e-01,3.373407229814829877e-01,6.060234883910173842e-01,1.329257352662515379e-01,5.636626300691902625e-01,-4.749376814710284944e-01,-5.002970911584317948e-01,5.940812686508051277e-01,2.421417469327393213e-01,3.988542115392638698e-01,3.946353106962572910e-01,-3.100352599302675927e-01,-2.973778725619719010e-01,4.327302325109698700e-01,5.117524360493562741e-01,5.313176814770098622e-01,6.177813957273162737e-01,6.589696054883051879e-01,4.982301468937300193e-01,7.238107644888895909e-01,5.776886308664342939e-01,1.000000000000000000e+00,6.554649306922459839e-01,5.286687506582249396e-01,5.913510904162779802e-01,5.275527860278066417e-01,7.133631473285378943e-01,-4.008565599562551873e-01,6.001672768970982563e-01,-1.348629787764207000e-01,5.767569472906733941e-01,5.383986895897471259e-01,2.419612241865539692e-01
1.695531548260758026e-01,2.144400292815932807e-01,4.604169490991695257e-01,-3.068258926208911608e-01,4.904125836287487883e-01,7.061332928100509942e-01,4.036483306643124935e-01,3.876823353486927304e-01,6.615130703718280492e-01,2.539648465956607093e-01,6.567743155645334729e-01,-5.682659205503798328e-01,-4.172230727260632377e-01,7.694606346274821540e-01,8.112073415138772170e-02,4.200933383144114797e-01,6.050434896238753302e-01,-5.114965246326449444e-01,-4.915439553557812702e-01,1.949645285329613675e-01,1.086338015238244442e-01,2.264872958100032918e-01,7.934238950882860353e-01,7.540480098113516716e-01,6.880440756445254102e-01,7.635958185119141595e-01,5.962811396043792289e-01,6.554649306922459839e-01,1.000000000000000000e+00,6.048552748300976001e-01,6.529653346860917473e-01,6.544136501152930663e-01,5.981506575461323916e-01,-5.827932945622260608e-01,7.638344818663848068e-01,-2.727049002722491400e-01,7.057443579268761757e-01,6.074228095431524199e-01,3.935099747624496436e-01
3.470241137514136764e-01,4.258363986624258968e-01,4.545960592590166938e-01,1.716843691966740693e-02,3.941627101592656279e-01,5.087726233852880586e-01,4.194043693532122363e-01,1.250251641987707718e-01,6.731510200224397611e-01,5.971558004879554682e-01,5.057528734063710951e-01,-2.707498114803699174e-01,-1.977570910377697555e-01,5.288463440309799646e-01,3.235377016041575682e-01,6.828137584882895128e-01,3.324169091965655798e-01,-1.297691329091063273e-01,-1.158098493133231655e-01,1.466753442146818132e-01,1.449328702289760795e-01,2.134391091439693244e-01,6.223494712140067442e-01,4.956188202217391980e-01,6.176489295267963975e-01,4.974877961315046782e-01,3.520703397831477233e-01,5.286687506582249396e-01,6.048552748300976001e-01,1.000000000000000000e+00,4.330103081216120642e-01,3.632167492739211689e-01,3.453422054418834319e-01,-2.730882851342035789e-01,5.278503780308246851e-01,1.927913287352300276e-01,4.764223911403982492e-01,4.339804920912474495e-01,2.767401889170797991e-01
-2.093009425561615511e-01,5.094739885292468018e-02,6.133283279204533311e-01,-2.576281833610891137e-01,3.149091758454833356e-01,6.057768315523230918e-01,4.322489943059764084e-01,5.352802315552678269e-01,5.731303574820142410e-01,5.413791556423048351e-02,6.186042331457308752e-01,-4.229112894592707006e-01,-6.086445663094974812e-01,7.641981706072316083e-01,-6.242636521260167687e-02,1.763189255718678738e-01,6.505566029793518057e-01,-6.184844405732302652e-01,-4.943242602559350662e-01,2.830923645232559238e-01,1.497764546796939988e-01,2.980527595343359648e-01,6.490030055832802791e-01,7.172587413544042612e-01,5.916819211070946105e-01,7.021614946784540123e-01,7.813390595652022208e-01,5.913510904162779802e-01,6.529653346860917473e-01,4.330103081216120642e-01,1.000000000000000000e+00,7.722414060492325261e-01,7.252449840819926719e-01,-6.186535607887559962e-01,7.619429731631001124e-01,-2.174039166325197336e-01,7.849795438855573515e-01,3.358550567053502078e-01,3.503330966969265825e-01
-2.696791563413530324e-01,8.012130476937535939e-02,5.216300463419601963e-01,-3.411399657052193723e-01,2.746435912995954798e-01,7.071643126734928897e-01,3.409629156338405132e-01,5.763313577638451424e-01,5.447032556694095806e-01,-8.292233941674734266e-03,6.263673080827648620e-01,-4.365112704804971488e-01,-6.118404982612725140e-01,7.610625583492752755e-01,-1.224322400343442890e-01,1.182624638204243239e-01,6.618389798377586342e-01,-6.768000546594201694e-01,-5.884626629343511217e-01,2.973077943186626659e-01,1.362539584547355076e-01,2.763158043387740626e-01,6.841310120257200200e-01,7.507138399877794077e-01,6.360304451696106032e-01,6.970710011681712226e-01,8.124004605124763856e-01,5.275527860278066417e-01,6.544136501152930663e-01,3.632167492739211689e-01,7.722414060492325261e-01,1.000000000000000000e+00,7.117586715479978787e-01,-6.750292313930633670e-01,7.767399093878405436e-01,-3.255239948839209752e-01,8.376702343465348699e-01,3.418865951826774441e-01,3.631052304345717685e-01
-1.289668791425802041e-01,-4.400206634630388774e-02,7.102830790285750151e-01,-3.062481999453738335e-01,2.578464931701080487e-01,5.318722833625568747e-01,3.616372438606033635e-01,6.347425181828166840e-01,5.315598420808266278e-01,-1.255942037013193235e-01,5.773804807078865009e-01,-5.480211904642366960e-01,-7.059265813455564142e-01,6.999865868487757936e-01,1.919462545663673178e-02,1.132026314991205207e-01,5.344930101002483003e-01,-5.976440009234451622e-01,-5.327704610931977003e-01,4.358644339920675348e-01,3.590284534116230386e-01,4.274975703881488953e-01,5.627149925633930794e-01,6.586430135740894976e-01,4.381136821453820440e-01,7.675882218273757385e-01,7.703532595754462031e-01,7.133631473285378943e-01,5.981506575461323916e-01,3.453422054418834319e-01,7.252449840819926719e-01,7.117586715479978787e-01,1.000000000000000000e+00,-6.185016429266316784e-01,7.157417304112668743e-01,-3.111700967557587960e-01,7.255094758992496340e-01,4.333016997473321807e-01,2.456742256424996884e-01
3.194116667415848321e-01,1.915540581093197747e-01,-3.679549309232568177e-01,4.197799081840689062e-01,-1.244704766079075126e-01,-5.390896316713420511e-01,-2.536311361761885430e-01,-7.342309693701366546e-01,-3.308551760346270521e-01,2.063969762963006604e-01,-4.699814324712839886e-01,6.435064720335990085e-01,6.190322493630078249e-01,-6.637478806639606210e-01,1.060550991148744709e-01,6.590387627549947058e-02,-5.295597352580652117e-01,7.803026453823576070e-01,7.709082226546054573e-01,-2.569076781881930449e-01,2.890435182668567651e-02,-1.434933076855418772e-02,-5.211407161418053491e-01,-5.743186940377194016e-01,-3.817402579673413454e-01,-6.844921612809643507e-01,-6.842860925018963147e-01,-4.008565599562551873e-01,-5.827932945622260608e-01,-2.730882851342035789e-01,-6.186535607887559962e-01,-6.750292313930633670e-01,-6.185016429266316784e-01,1.000000000000000000e+00,-7.405681438376690018e-01,5.227128204186509697e-01,-6.799485450594188185e-01,-3.172899675275795417e-01,-1.048078654253672692e-01
-1.353547739264591432e-01,4.227679240950372314e-02,5.564439730322040534e-01,-3.752765201347872948e-01,3.480946123721168073e-01,6.934591176142331781e-01,4.118114352295716984e-01,6.299833101789016343e-01,6.188683088272850519e-01,8.246591418342411051e-02,6.559476621672425400e-01,-5.931911095736206452e-01,-6.072864323416969912e-01,8.140396288410846060e-01,1.530441951111175284e-03,2.253106669009612428e-01,6.413942497981501845e-01,-6.861542972636265336e-01,-6.221673388060851018e-01,2.863162548703846455e-01,9.096334909347464359e-02,1.883954110796959569e-01,7.278414898153345858e-01,7.458064255998554382e-01,6.311997474949382347e-01,7.929577791961044397e-01,7.638336678790075274e-01,6.001672768970982563e-01,7.638344818663848068e-01,5.278503780308246851e-01,7.619429731631001124e-01,7.767399093878405436e-01,7.157417304112668743e-01,-7.405681438376690018e-01,1.000000000000000000e+00,-3.487285996255955478e-01,8.158480587542538132e-01,4.599875996994359229e-01,2.983844924267741727e-01
2.786610931228962196e-01,3.759211577227219436e-01,9.683810659505636895e-03,4.250898716667108057e-01,-6.868331948334158166e-02,-2.405592638928244209e-01,-1.886378978640614046e-03,-4.272032312638074369e-01,3.030544779121440574e-02,4.986252089522992814e-01,-9.596286532415784776e-02,5.351340756574156643e-01,3.256708426502063491e-01,-2.509036411545651490e-01,2.767123667540289933e-01,3.865743086510941007e-01,-2.053723290282143676e-01,5.475257914963415073e-01,5.183555444118204125e-01,-1.333752389628627133e-02,1.389078467102264069e-01,1.211294065576153378e-01,-1.678742482085649468e-01,-2.549201405101830242e-01,1.101283946193875977e-02,-3.584407337439964869e-01,-2.959642529157426871e-01,-1.348629787764207000e-01,-2.727049002722491400e-01,1.927913287352300276e-01,-2.174039166325197336e-01,-3.255239948839209752e-01,-3.111700967557587960e-01,5.227128204186509697e-01,-3.487285996255955478e-01,1.000000000000000000e+00,-2.686201675998486915e-01,-1.584943947339093606e-01,8.435128580527496978e-02
-1.848840765677526865e-01,1.301921136232891130e-01,5.687857424074226342e-01,-3.332244654687869789e-01,3.155639692724270251e-01,7.076540523236874991e-01,3.724945690943162191e-01,5.920198242902227070e-01,6.220444630421920751e-01,9.340798720833420887e-02,6.581620661063544153e-01,-4.581297388459207864e-01,-6.131542663575776375e-01,8.000290035362832564e-01,-4.011743186188119342e-02,2.255276596622509955e-01,6.571743413733287520e-01,-6.544142841608397987e-01,-5.764552130250051309e-01,3.076666058299034612e-01,1.342314627955388529e-01,2.754110159091557319e-01,7.108471937414352348e-01,7.517684570033472680e-01,6.630371893375764936e-01,7.348777419948891998e-01,8.068671951820175492e-01,5.767569472906733941e-01,7.057443579268761757e-01,4.764223911403982492e-01,7.849795438855573515e-01,8.376702343465348699e-01,7.255094758992496340e-01,-6.799485450594188185e-01,8.158480587542538132e-01,-2.686201675998486915e-01,1.000000000000000000e+00,4.019876620005649603e-01,3.730291179421306169e-01
4.138697345593067012e-01,2.957495701365628893e-01,3.456886370715903101e-01,-2.991083375757644935e-01,4.723599250329803545e-01,4.164283492992508218e-01,1.614260282379041678e-01,2.093993893455758093e-01,5.624221268107624239e-01,2.399077161805867331e-01,5.112018813182610533e-01,-5.343605084254651194e-01,-2.389314521865044394e-01,5.379713962940138039e-01,2.535486899857921084e-01,4.738450548427029507e-01,3.970275391683049104e-01,-3.217980473075527370e-01,-3.492405933489304837e-01,1.049965186253019045e-01,9.000173186500579070e-02,1.349059378846046708e-01,5.503755436377947285e-01,4.569451033911019477e-01,4.121396302254787813e-01,5.871269066854150065e-01,2.943558783856693450e-01,5.383986895897471259e-01,6.074228095431524199e-01,4.339804920912474495e-01,3.358550567053502078e-01,3.418865951826774441e-01,4.333016997473321807e-01,-3.172899675275795417e-01,4.599875996994359229e-01,-1.584943947339093606e-01,4.019876620005649603e-01,1.000000000000000000e+00,4.515388000618148490e-01
2.232320021828909373e-01,4.711530881383927394e-01,1.975071534393968709e-01,-1.506899190657898790e-01,4.913789927908506772e-01,2.894199209292971919e-01,1.865698017838733069e-01,3.088643866980704533e-02,5.589536451505872083e-01,3.728288248615325151e-01,3.860697667563949831e-01,-7.423358209400852947e-02,-1.215874743208965880e-01,4.592833440410021839e-01,-1.885871061190066700e-01,4.134225177810809670e-01,5.009314772959854167e-01,-2.407289510186041426e-01,-1.896837733343862131e-01,-4.127213282623725527e-02,-1.270708711873578811e-01,1.065983216977022252e-01,4.402069760420555533e-01,3.277007155947022632e-01,4.354585774984993662e-01,3.100818479976183428e-01,3.110757101048843287e-01,2.419612241865539692e-01,3.935099747624496436e-01,2.767401889170797991e-01,3.503330966969265825e-01,3.631052304345717685e-01,2.456742256424996884e-01,-1.048078654253672692e-01,2.983844924267741727e-01,8.435128580527496978e-02,3.730291179421306169e-01,4.515388000618148490e-01,1.000000000000000000e+00
