1.000000000000000000e+00,1.857269387605938182e-01,3.392522882675557683e-01,-8.416467171393005042e-02,3.133625722773837885e-01,-3.208794692105058216e-02,-2.024862513408326736e-01,-5.114188575950996407e-01,3.664736294570862807e-01,-2.336185927675482055e-01,-2.847781024434626329e-01,-5.012047028077468713e-01,-8.130528283969803982e-03,2.321011992456720185e-02,3.333272869098467123e-02,3.144355197772132349e-01,2.611020583147674046e-01,1.053951380509286634e-01,5.175333758176006022e-02,1.239563220068241323e-01,2.307773735565148421e-01,-2.364949289800253318e-01,1.395420605839027550e-01,-4.428732776409990274e-02,2.307865558177268350e-01,7.961789367610652146e-01,-1.220518803124186619e-01,5.502524815638488720e-01,6.487505114242193560e-01,-3.134238781893298326e-02,-1.689974335497242686e-01,1.018541394350770263e-01,1.571423556433851065e-01,2.639150645050603906e-03,1.653254396234438983e-01,5.114721612459703914e-01,2.613818197545362820e-01,5.222077769200264008e-01,-1.287254047066493934e-01
1.857269387605938182e-01,1.000000000000000000e+00,5.992682763252662470e-01,4.351148749457086629e-01,4.788492557104804814e-01,2.931519752106876431e-01,4.403552349129636889e-01,-4.222199624605757484e-01,7.506135452239247607e-01,6.183167041777275497e-01,2.300063806071740713e-01,4.988566462438382421e-01,-5.084325506538588391e-01,3.650267771107899573e-01,-2.306783203042724884e-01,1.080336878346045415e-01,-2.579924263452375577e-01,4.753850279246438215e-01,6.108486840697130438e-01,4.456466056797018793e-01,2.267201432159512420e-01,5.355845779376582350e-01,4.671609703029429017e-01,2.655778915905189219e-01,2.186113187343902420e-01,3.709924511599144714e-01,6.426414218047306059e-01,-2.872493171413952329e-01,-2.840671803778599402e-01,5.526597472301607583e-01,6.764348513481260872e-01,8.096435604438309008e-01,2.228443289913603909e-01,3.355405029463685018e-01,6.325919162905423443e-01,5.340377326484553322e-01,7.274439941234509543e-01,6.435441155745024178e-01,7.146674035319541263e-01
3.392522882675557683e-01,5.992682763252662470e-01,1.000000000000000000e+00,5.878392874847321314e-01,7.996384653748144222e-01,2.381848980881105249e-01,4.518636755133071947e-01,-8.351757694258413744e-01,8.163876755738020963e-01,6.061095550086769146e-01,3.072668097470729887e-01,3.202208420084639573e-01,-4.661923459138199721e-01,6.448564023256221356e-01,-1.073663819669858493e-01,4.839955942481480311e-01,9.950324363828998153e-02,7.199026241014504501e-01,7.247892421881751979e-01,6.781724397362891565e-01,4.750937958442265074e-01,6.665137077311490410e-01,6.518639586469646696e-01,5.281485253530854296e-01,6.023353395896916540e-01,5.352584947608716170e-01,5.659526736137924230e-01,8.766890217561337795e-02,2.681608305511344256e-02,6.467445782245503372e-01,5.886679068095980183e-01,6.378945634312930268e-01,6.246614862157617853e-01,5.618806615410963934e-01,6.548229544866420726e-01,6.934273802889960869e-01,7.410089017709783343e-01,6.864922233351027359e-01,6.874859954362348979e-01
-8.416467171393005042e-02,4.351148749457086629e-01,5.878392874847321314e-01,1.000000000000000000e+00,4.967601769418917845e-01,2.571377723797202974e-01,5.315007598039043213e-01,-2.859709390524794448e-01,5.127587986329890102e-01,7.399328436235470541e-01,4.652400893069665311e-01,6.126725332657390055e-01,-3.086101838176645851e-01,5.368050334150218372e-01,-9.689290062563193917e-02,4.795191092502316677e-01,6.108262706320472663e-02,8.488871703511808864e-01,7.581583168322396649e-01,6.933772397523401132e-01,3.163643410271871903e-01,7.227111451428026578e-01,4.452618643664561504e-01,3.881799119122979480e-01,3.919850016705527795e-01,8.097469832395985667e-02,6.334026375227694849e-01,-1.181120664785836744e-01,-3.491626266486917429e-01,5.873348839834139357e-01,5.821912027884225127e-01,5.041348870118920189e-01,3.380656152301858008e-01,2.943289579457240568e-01,4.203247395888562998e-01,2.831427386951181346e-01,4.295847852938700084e-01,3.923511296683367955e-01,6.804838720699299959e-01
3.133625722773837885e-01,4.788492557104804814e-01,7.996384653748144222e-01,4.967601769418917845e-01,1.000000000000000000e+00,2.974511500359768856e-01,2.833350459962734047e-01,-7.341247019022310027e-01,7.406548035405302599e-01,5.245668690087198494e-01,4.178357755931232931e-01,1.318070086383446582e-01,-4.833158829052888739e-01,7.447214954623952998e-01,-2.256793949897541451e-01,6.294058352093517827e-01,3.308664650958433873e-01,6.519627122307126710e-01,5.228216748152620941e-01,4.852707703615776191e-01,5.235430447648222740e-01,6.186031885360904203e-01,7.192255456074009290e-01,6.212927384215812809e-01,7.527944434936055806e-01,5.853602342694783633e-01,5.150134291002111953e-01,2.781396250083764676e-01,1.949966679761045707e-01,7.127652099793942986e-01,5.632469533198182221e-01,5.756283791750198553e-01,7.785528896051457926e-01,6.374917738658507638e-01,6.001594494583790684e-01,8.096643332762236689e-01,7.187986403355114406e-01,5.203200994672086965e-01,6.344268569424974524e-01
-3.208794692105058216e-02,2.931519752106876431e-01,2.381848980881105249e-01,2.571377723797202974e-01,2.974511500359768856e-01,1.000000000000000000e+00,7.945279919298500748e-02,-1.834430004170507222e-01,2.323861091572807513e-01,1.718521383936234270e-01,3.167401195234030853e-01,1.251285126032929684e-01,-3.885185412523162185e-01,3.455747346960340582e-01,-2.071807816359705068e-01,6.922418437273181180e-02,4.582798422052458687e-02,1.297476316376451055e-01,1.654221033699767307e-01,1.539181478212330867e-01,1.592263229490915033e-01,2.738629992202433194e-01,2.196844996943277950e-01,1.917105066459049156e-01,1.414510826474075500e-01,1.497312282261151484e-01,2.153232785272564676e-01,1.372390831809680301e-01,5.274104056215414560e-02,2.877285322629792863e-01,3.304801937192011208e-01,4.768992483912283809e-01,2.660896088214192989e-01,1.072867736844985431e-01,2.218029166443432343e-01,1.651185924142515860e-01,4.024393435647542483e-01,1.024910471998617123e-01,1.892129131432661593e-01
-2.024862513408326736e-01,4.403552349129636889e-01,4.518636755133071947e-01,5.315007598039043213e-01,2.833350459962734047e-01,7.945279919298500748e-02,1.000000000000000000e+00,-1.794814312186094329e-01,4.183184009392886815e-01,6.203450347507051266e-01,2.534834313694400709e-01,5.697326338111313726e-01,-3.071082494990770018e-01,3.108896560595246217e-01,-1.132806006988606590e-01,1.557436015301553178e-01,-1.960238187645300945e-01,4.755789757592761569e-01,5.604959338904926813e-01,5.266596155446645611e-01,1.431526358383755915e-01,6.102439266048160782e-01,3.065862755866679001e-01,1.946535537401314353e-01,2.047488525945880267e-01,-2.688313977685749534e-02,5.082788913685925003e-01,-3.048622253968730766e-01,-4.552009053906410641e-01,4.460605456114676848e-01,5.586652584696489843e-01,4.089587159490806201e-01,2.192150525635105096e-01,3.741724922382354546e-01,3.766096263317006976e-01,1.610884664213184658e-01,3.625903563996794032e-01,3.371208645211267729e-01,6.108352033474765408e-01
-5.114188575950996407e-01,-4.222199624605757484e-01,-8.351757694258413744e-01,-2.859709390524794448e-01,-7.341247019022310027e-01,-1.834430004170507222e-01,-1.794814312186094329e-01,1.000000000000000000e+00,-6.844970803810013216e-01,-3.224404407621774826e-01,-1.049525059995099902e-01,2.532494809643575859e-02,3.778675555479292236e-01,-4.594785377886743682e-01,1.521584021368053985e-01,-4.648572462548052342e-01,-1.667817201435356778e-01,-4.654362437347865922e-01,-4.364150513630448702e-01,-4.394431035526492058e-01,-3.817189303297202074e-01,-3.351778391896366727e-01,-5.040798655570065678e-01,-4.257841588026342605e-01,-5.108901753800373369e-01,-6.254901772759620115e-01,-2.814038450922085044e-01,-2.437640699794690058e-01,-2.852637879980061131e-01,-4.755948045357756837e-01,-3.037084311848416984e-01,-4.589657888011983711e-01,-5.484843620036373713e-01,-4.793915009089325663e-01,-5.362542697931731439e-01,-6.899565364393955846e-01,-6.208787736058959394e-01,-6.324152642587694828e-01,-4.067706222701253926e-01
3.664736294570862807e-01,7.506135452239247607e-01,8.163876755738020963e-01,5.127587986329890102e-01,7.406548035405302599e-01,2.323861091572807513e-01,4.183184009392886815e-01,-6.844970803810013216e-01,1.000000000000000000e+00,6.306511158875750533e-01,1.758675412224447177e-01,3.831737394537590435e-01,-3.952499660699126949e-01,5.680826295201264475e-01,-5.275333747248818483e-02,4.416528410734978372e-01,-7.760993006715401210e-02,6.445916999436316353e-01,6.773636900970316788e-01,5.773872302380064214e-01,2.823863192932914434e-01,5.938645129447907012e-01,5.501421383850906288e-01,4.252245043299104910e-01,4.132664919735071218e-01,5.446020046782915625e-01,5.607353743602011553e-01,-1.644285750966434020e-02,-2.579787548657585389e-02,7.494549669747069265e-01,5.671172927913192829e-01,7.259212890217244807e-01,5.289105744151347821e-01,6.331277672004593793e-01,6.575134561984372628e-01,6.934635932917529999e-01,7.406532150777547230e-01,7.796078175040653813e-01,7.166200048199919959e-01
-2.336185927675482055e-01,6.183167041777275497e-01,6.061095550086769146e-01,7.399328436235470541e-01,5.245668690087198494e-01,1.718521383936234270e-01,6.203450347507051266e-01,-3.224404407621774826e-01,6.306511158875750533e-01,1.000000000000000000e+00,5.020986287190009056e-01,7.697834411690372969e-01,-4.049357303501508465e-01,5.270209691239114980e-01,-2.523521347704646423e-01,3.952209880489372384e-01,-1.450064113574014713e-01,7.503552506047983517e-01,7.764743849411330778e-01,5.540342362345057614e-01,2.223258134657049856e-01,7.935188484843448409e-01,4.487745622451579930e-01,4.703256945765478814e-01,3.273924934989605462e-01,3.519200364206664239e-02,8.232357887246158912e-01,-3.748306594161917582e-01,-5.564509621765879599e-01,7.341002336731485833e-01,7.840433355686803329e-01,6.567966890558672999e-01,3.372909914869271497e-01,4.404088972247347522e-01,5.775191339095178122e-01,3.193436869622952035e-01,5.600864470553944541e-01,4.307066322761641253e-01,8.764723370250306900e-01
-2.847781024434626329e-01,2.300063806071740713e-01,3.072668097470729887e-01,4.652400893069665311e-01,4.178357755931232931e-01,3.167401195234030853e-01,2.534834313694400709e-01,-1.049525059995099902e-01,1.758675412224447177e-01,5.020986287190009056e-01,1.000000000000000000e+00,3.030580281915511986e-01,-3.864717678280236712e-01,5.848212116544558858e-01,-3.862455296721524212e-01,3.258646428140870577e-01,4.333326843932303607e-01,4.343463877449959543e-01,3.023890678035140445e-01,2.122807570597215754e-01,5.084673632676086630e-01,6.373607190421486379e-01,5.170145319470808021e-01,4.565924402502200552e-01,5.351691559008584509e-01,-9.146832628338746191e-03,5.388955936637522814e-01,-9.828068011339594762e-03,-1.354580481641242395e-01,4.358704213877649392e-01,5.830612693293902860e-01,4.186808621168912614e-01,5.010199036151082863e-01,2.440478215141564378e-01,3.169323137683977554e-01,2.736201990834440934e-01,3.640064484815384582e-01,3.223799320614829239e-02,5.124612860863484443e-01
-5.012047028077468713e-01,4.988566462438382421e-01,3.202208420084639573e-01,6.126725332657390055e-01,1.318070086383446582e-01,1.251285126032929684e-01,5.697326338111313726e-01,2.532494809643575859e-02,3.831737394537590435e-01,7.697834411690372969e-01,3.030580281915511986e-01,1.000000000000000000e+00,-2.093130569659152895e-01,2.885425057480565103e-01,4.645525088225468252e-02,-1.061018843596078093e-02,-4.206170372925830958e-01,5.274131862113911051e-01,6.579373109054379443e-01,4.484323282998299853e-01,-5.697579114861495153e-02,6.794835462007460247e-01,2.185602041409533958e-01,2.716307454204812122e-01,-3.165945911010624447e-02,-3.120560315108124039e-01,6.497226044985410232e-01,-6.309727769390796048e-01,-7.646560280619129069e-01,5.036170560283451669e-01,6.144089264284822161e-01,4.809624551339045651e-01,4.389353582065755321e-02,2.755228333104191019e-01,3.871362868333021456e-01,-5.867024692418543186e-02,3.202398754992113461e-01,1.779948024243538096e-01,6.977269050719542287e-01
-8.130528283969803982e-03,-5.084325506538588391e-01,-4.661923459138199721e-01,-3.086101838176645851e-01,-4.833158829052888739e-01,-3.885185412523162185e-01,-3.071082494990770018e-01,3.778675555479292236e-01,-3.952499660699126949e-01,-4.049357303501508465e-01,-3.864717678280236712e-01,-2.093130569659152895e-01,1.000000000000000000e+00,-3.146996671474414087e-01,3.950878726948849895e-01,-3.778034289935166407e-02,-4.470637849516612139e-02,-2.879710387991778475e-01,-3.360185423320061759e-01,-1.567476157102595802e-01,-3.962004153295130560e-01,-4.238801107770998611e-01,-5.225557724501798118e-01,-2.441272765738246864e-01,-4.378154137768368037e-01,-1.882692823768398471e-01,-4.943490468307862318e-01,1.578310684510415007e-01,1.640543354344347338e-01,-3.717131227350258249e-01,-6.350408882622252671e-01,-4.884343981678544999e-01,-3.473864273032128414e-01,-1.737599306969176138e-01,-3.466376149488237246e-01,-4.771130155695459951e-01,-5.157299050829687870e-01,-2.463000538414416296e-01,-5.273300379849858999e-01
2.321011992456720185e-02,3.650267771107899573e-01,6.448564023256221356e-01,5.368050334150218372e-01,7.447214954623952998e-01,3.455747346960340582e-01,3.108896560595246217e-01,-4.594785377886743682e-01,5.680826295201264475e-01,5.270209691239114980e-01,5.848212116544558858e-01,2.885425057480565103e-01,-3.146996671474414087e-01,1.000000000000000000e+00,-1.288663881369017938e-01,5.626789527351662157e-01,3.935292940905050774e-01,5.969123240790608076e-01,4.679138701648891674e-01,3.889270867529049935e-01,4.568634432430099257e-01,7.273772189213179029e-01,7.670411845317721689e-01,7.606017593745916239e-01,7.115940112901334436e-01,3.530532159686304849e-01,5.095415600634904951e-01,1.345750572083458385e-01,5.716731230030437649e-02,7.025598691277575858e-01,5.019989001871892897e-01,5.017832829801488481e-01,8.012627750931525794e-01,6.583647327117422288e-01,6.005075793743408497e-01,6.150139557613386598e-01,6.279652180696830843e-01,3.349896481883448685e-01,5.832113266355619663e-01
3.333272869098467123e-02,-2.306783203042724884e-01,-1.073663819669858493e-01,-9.689290062563193917e-02,-2.256793949897541451e-01,-2.071807816359705068e-01,-1.132806006988606590e-01,1.521584021368053985e-01,-5.275333747248818483e-02,-2.523521347704646423e-01,-3.862455296721524212e-01,4.645525088225468252e-02,3.950878726948849895e-01,-1.288663881369017938e-01,1.000000000000000000e+00,-1.351059158439593122e-01,-1.072801886779647246e-01,-1.293623004975361368e-01,-4.550350100691807204e-02,9.579391253946460683e-02,-2.749510035182147760e-01,-1.277787722800188819e-01,-1.319015359806950671e-01,-1.679785104855466837e-01,-1.953673528061053433e-01,-1.082756157347026932e-01,-2.944977995924836778e-01,-8.446733768745377574e-04,3.692532274370324830e-02,-1.012002710945927308e-01,-3.745366808728951558e-01,-3.316567421198409749e-01,-1.279481608946937965e-01,8.052494663317855128e-02,-2.389801741776016453e-01,-2.232357357974297241e-01,-3.103962240130060946e-01,-1.588698031633187929e-02,-2.292806353754068271e-01
3.144355197772132349e-01,1.080336878346045415e-01,4.839955942481480311e-01,4.795191092502316677e-01,6.294058352093517827e-01,6.922418437273181180e-02,1.557436015301553178e-01,-4.648572462548052342e-01,4.416528410734978372e-01,3.952209880489372384e-01,3.258646428140870577e-01,-1.061018843596078093e-02,-3.778034289935166407e-02,5.626789527351662157e-01,-1.351059158439593122e-01,1.000000000000000000e+00,5.014421435795022308e-01,6.245730541110082745e-01,3.680893353722873296e-01,3.752482435600124067e-01,3.453225781707778830e-01,3.676335562595975937e-01,4.505455247794265539e-01,5.287103512848936315e-01,5.732584411103830435e-01,4.938869264507457224e-01,2.361051491337497477e-01,4.429722441187788906e-01,2.780614828588304221e-01,6.016740908415080247e-01,1.635657130946160109e-01,2.386094720527119906e-01,5.652163161510231904e-01,4.154238139348965797e-01,3.303175659971860911e-01,5.004579004810738585e-01,3.429083364731556616e-01,4.404558073265624207e-01,3.380155029333224426e-01
2.611020583147674046e-01,-2.579924263452375577e-01,9.950324363828998153e-02,6.108262706320472663e-02,3.308664650958433873e-01,4.582798422052458687e-02,-1.960238187645300945e-01,-1.667817201435356778e-01,-7.760993006715401210e-02,-1.450064113574014713e-01,4.333326843932303607e-01,-4.206170372925830958e-01,-4.470637849516612139e-02,3.935292940905050774e-01,-1.072801886779647246e-01,5.014421435795022308e-01,1.000000000000000000e+00,1.440220757560929377e-01,-1.419685431497325068e-01,-3.860427176444914538e-02,4.355472392757784861e-01,5.660830739817170054e-02,4.038417493397097879e-01,3.026998826067544557e-01,6.455226932775538495e-01,3.207091950358543220e-01,-8.015489764830023567e-02,5.669010470308372129e-01,5.501486231820389428e-01,5.164117151770002134e-02,-9.373771778664785614e-02,-1.269634460017153021e-01,4.751624131637756654e-01,1.003233702162285856e-01,5.221940215583256717e-02,3.744705069041442957e-01,9.704007587290842951e-02,-6.044095554186150465e-02,-9.386004520100134363e-02
1.053951380509286634e-01,4.753850279246438215e-01,7.199026241014504501e-01,8.488871703511808864e-01,6.519627122307126710e-01,1.297476316376451055e-01,4.755789757592761569e-01,-4.654362437347865922e-01,6.445916999436316353e-01,7.503552506047983517e-01,4.343463877449959543e-01,5.274131862113911051e-01,-2.879710387991778475e-01,5.969123240790608076e-01,-1.293623004975361368e-01,6.245730541110082745e-01,1.440220757560929377e-01,1.000000000000000000e+00,8.520200408423466154e-01,7.310771403856703987e-01,3.720978193203033357e-01,7.042324773337400590e-01,5.395794988342133003e-01,5.087336851862166442e-01,5.347553010455513567e-01,3.258881935935221685e-01,6.932260782656453069e-01,2.318364384227494107e-02,-2.085853657151925666e-01,6.438008023095228571e-01,6.021737315369187771e-01,5.461099219843933428e-01,4.305473045136139487e-01,3.707238982668001337e-01,5.296157561312854201e-01,4.562481048526683125e-01,5.604452250773123145e-01,5.189504308833957635e-01,7.366757883497235815e-01
5.175333758176006022e-02,6.108486840697130438e-01,7.247892421881751979e-01,7.581583168322396649e-01,5.228216748152620941e-01,1.654221033699767307e-01,5.604959338904926813e-01,-4.364150513630448702e-01,6.773636900970316788e-01,7.764743849411330778e-01,3.023890678035140445e-01,6.579373109054379443e-01,-3.360185423320061759e-01,4.679138701648891674e-01,-4.550350100691807204e-02,3.680893353722873296e-01,-1.419685431497325068e-01,8.520200408423466154e-01,1.000000000000000000e+00,7.520456287841544851e-01,2.426290824344595753e-01,6.885999584953029773e-01,4.514459676028068080e-01,3.779680723063476577e-01,3.426448807708682431e-01,2.574896218392542790e-01,7.628730943929373787e-01,-1.777068356037332930e-01,-3.863597889161632937e-01,5.578128382777641781e-01,6.737777590789996163e-01,6.321332380626789593e-01,2.474910005494231346e-01,2.980374786488970695e-01,5.340712014257605889e-01,3.314267305837226840e-01,5.966592741962666313e-01,5.424029548558001457e-01,7.642925120842083420e-01
1.239563220068241323e-01,4.456466056797018793e-01,6.781724397362891565e-01,6.933772397523401132e-01,4.852707703615776191e-01,1.539181478212330867e-01,5.266596155446645611e-01,-4.394431035526492058e-01,5.773872302380064214e-01,5.540342362345057614e-01,2.122807570597215754e-01,4.484323282998299853e-01,-1.567476157102595802e-01,3.889270867529049935e-01,9.579391253946460683e-02,3.752482435600124067e-01,-3.860427176444914538e-02,7.310771403856703987e-01,7.520456287841544851e-01,1.000000000000000000e+00,2.950863724331167504e-01,5.923384052067679484e-01,3.513208828987288701e-01,2.468026767199600902e-01,3.399874892385916780e-01,2.984221253157833820e-01,4.874691077783762649e-01,5.692301511203270992e-02,-1.860265295444012146e-01,4.364209082915168070e-01,4.790415579876963204e-01,4.795086673325181237e-01,2.867355020485870543e-01,3.780203726934929787e-01,3.651611658357672985e-01,3.366938520717617789e-01,4.435001085483258332e-01,5.149650612297917984e-01,5.538235041655066304e-01
2.307773735565148421e-01,2.267201432159512420e-01,4.750937958442265074e-01,3.163643410271871903e-01,5.235430447648222740e-01,1.592263229490915033e-01,1.431526358383755915e-01,-3.817189303297202074e-01,2.823863192932914434e-01,2.223258134657049856e-01,5.084673632676086630e-01,-5.697579114861495153e-02,-3.962004153295130560e-01,4.568634432430099257e-01,-2.749510035182147760e-01,3.453225781707778830e-01,4.355472392757784861e-01,3.720978193203033357e-01,2.426290824344595753e-01,2.950863724331167504e-01,1.000000000000000000e+00,4.791770374279128442e-01,5.793161910951777349e-01,4.047398446705244290e-01,6.541780988146678188e-01,3.473194337115012575e-01,3.100506799522850243e-01,2.775992320230586397e-01,1.977884066094462712e-01,2.841774088741791382e-01,4.263659807656302592e-01,2.413387969587724724e-01,5.584917938471586352e-01,1.252937213789780679e-01,2.670184633131441609e-01,5.168274391979897908e-01,3.523724647302693413e-01,2.473995319278769478e-01,3.593019134431136297e-01
-2.364949289800253318e-01,5.355845779376582350e-01,6.665137077311490410e-01,7.227111451428026578e-01,6.186031885360904203e-01,2.738629992202433194e-01,6.102439266048160782e-01,-3.351778391896366727e-01,5.938645129447907012e-01,7.935188484843448409e-01,6.373607190421486379e-01,6.794835462007460247e-01,-4.238801107770998611e-01,7.273772189213179029e-01,-1.277787722800188819e-01,3.676335562595975937e-01,5.660830739817170054e-02,7.042324773337400590e-01,6.885999584953029773e-01,5.923384052067679484e-01,4.791770374279128442e-01,1.000000000000000000e+00,6.569117295721110805e-01,5.869004784704375810e-01,5.223917594008193888e-01,6.004961756879867441e-02,7.151590826243786614e-01,-2.081411758827884095e-01,-3.734412784355966020e-01,7.344509981090282524e-01,7.816189149922155854e-01,6.112853213673883346e-01,6.208564773435449879e-01,5.536673242536789274e-01,5.634738834863248780e-01,4.275448638784624666e-01,5.900773219718644658e-01,3.395926276695517276e-01,8.215463404031816408e-01
1.395420605839027550e-01,4.671609703029429017e-01,6.518639586469646696e-01,4.452618643664561504e-01,7.192255456074009290e-01,2.196844996943277950e-01,3.065862755866679001e-01,-5.040798655570065678e-01,5.501421383850906288e-01,4.487745622451579930e-01,5.170145319470808021e-01,2.185602041409533958e-01,-5.225557724501798118e-01,7.670411845317721689e-01,-1.319015359806950671e-01,4.505455247794265539e-01,4.038417493397097879e-01,5.395794988342133003e-01,4.514459676028068080e-01,3.513208828987288701e-01,5.793161910951777349e-01,6.569117295721110805e-01,1.000000000000000000e+00,7.196937510563605755e-01,8.025115659378837529e-01,4.025221203934642444e-01,4.722144723708848746e-01,1.795178869148701716e-03,3.486164457436870950e-02,6.197238751405617085e-01,5.179884567642375481e-01,4.422623372344336445e-01,7.017460296210269455e-01,5.169714920379309131e-01,5.951763257289129916e-01,6.683947145101680753e-01,6.247595997128267964e-01,4.604327405977197141e-01,6.244115065461882663e-01
-4.428732776409990274e-02,2.655778915905189219e-01,5.281485253530854296e-01,3.881799119122979480e-01,6.212927384215812809e-01,1.917105066459049156e-01,1.946535537401314353e-01,-4.257841588026342605e-01,4.252245043299104910e-01,4.703256945765478814e-01,4.565924402502200552e-01,2.716307454204812122e-01,-2.441272765738246864e-01,7.606017593745916239e-01,-1.679785104855466837e-01,5.287103512848936315e-01,3.026998826067544557e-01,5.087336851862166442e-01,3.779680723063476577e-01,2.468026767199600902e-01,4.047398446705244290e-01,5.869004784704375810e-01,7.196937510563605755e-01,1.000000000000000000e+00,6.472789254142706783e-01,2.727415997095300471e-01,4.115659908729719096e-01,4.667429961581423710e-03,2.369485115706174410e-03,6.541760392202708996e-01,4.008967238608036054e-01,3.567927857672545944e-01,6.690358537041620757e-01,5.547012771880096560e-01,5.857077658663620845e-01,4.692771298627109733e-01,5.369138865406316574e-01,3.104450083950517914e-01,5.501551948221243826e-01
2.307865558177268350e-01,2.186113187343902420e-01,6.023353395896916540e-01,3.919850016705527795e-01,7.527944434936055806e-01,1.414510826474075500e-01,2.047488525945880267e-01,-5.108901753800373369e-01,4.132664919735071218e-01,3.273924934989605462e-01,5.351691559008584509e-01,-3.165945911010624447e-02,-4.378154137768368037e-01,7.115940112901334436e-01,-1.953673528061053433e-01,5.732584411103830435e-01,6.455226932775538495e-01,5.347553010455513567e-01,3.426448807708682431e-01,3.399874892385916780e-01,6.541780988146678188e-01,5.223917594008193888e-01,8.025115659378837529e-01,6.472789254142706783e-01,1.000000000000000000e+00,4.791794447362465736e-01,3.690115117736227912e-01,3.240209843727011596e-01,2.575811700016722439e-01,4.693709301118462185e-01,4.261858122875833987e-01,2.825100276903268481e-01,7.372446611328451471e-01,4.414646543728174000e-01,4.747985508009096023e-01,7.071758215617556242e-01,5.483553012913505720e-01,3.138704333632706400e-01,4.834838544831346896e-01
7.961789367610652146e-01,3.709924511599144714e-01,5.352584947608716170e-01,8.097469832395985667e-02,5.853602342694783633e-01,1.497312282261151484e-01,-2.688313977685749534e-02,-6.254901772759620115e-01,5.446020046782915625e-01,3.519200364206664239e-02,-9.146832628338746191e-03,-3.120560315108124039e-01,-1.882692823768398471e-01,3.530532159686304849e-01,-1.082756157347026932e-01,4.938869264507457224e-01,3.207091950358543220e-01,3.258881935935221685e-01,2.574896218392542790e-01,2.984221253157833820e-01,3.473194337115012575e-01,6.004961756879867441e-02,4.025221203934642444e-01,2.727415997095300471e-01,4.791794447362465736e-01,1.000000000000000000e+00,1.915946844060591736e-01,5.704492249349586430e-01,5.573884962991286773e-01,2.550714333567257741e-01,1.466417160337968317e-01,3.671832004665590010e-01,4.163526032498552354e-01,2.726928913256329023e-01,4.172525123187432738e-01,7.109039954006531881e-01,5.702444671004601728e-01,5.892213030662356577e-01,1.612843504762953295e-01
-1.220518803124186619e-01,6.426414218047306059e-01,5.659526736137924230e-01,6.334026375227694849e-01,5.150134291002111953e-01,2.153232785272564676e-01,5.082788913685925003e-01,-2.814038450922085044e-01,5.607353743602011553e-01,8.232357887246158912e-01,5.388955936637522814e-01,6.497226044985410232e-01,-4.943490468307862318e-01,5.095415600634904951e-01,-2.944977995924836778e-01,2.361051491337497477e-01,-8.015489764830023567e-02,6.932260782656453069e-01,7.628730943929373787e-01,4.874691077783762649e-01,3.100506799522850243e-01,7.151590826243786614e-01,4.722144723708848746e-01,4.115659908729719096e-01,3.690115117736227912e-01,1.915946844060591736e-01,1.000000000000000000e+00,-2.651334901817997691e-01,-4.715668607668178081e-01,5.425100049076834186e-01,8.589302957252220594e-01,6.773042235259099098e-01,2.856651928614390989e-01,2.783930546461410027e-01,5.589398566367429488e-01,3.721635702079807428e-01,6.177100720623055485e-01,3.313081964484154707e-01,8.053550660350671242e-01
5.502524815638488720e-01,-2.872493171413952329e-01,8.766890217561337795e-02,-1.181120664785836744e-01,2.781396250083764676e-01,1.372390831809680301e-01,-3.048622253968730766e-01,-2.437640699794690058e-01,-1.644285750966434020e-02,-3.748306594161917582e-01,-9.828068011339594762e-03,-6.309727769390796048e-01,1.578310684510415007e-01,1.345750572083458385e-01,-8.446733768745377574e-04,4.429722441187788906e-01,5.669010470308372129e-01,2.318364384227494107e-02,-1.777068356037332930e-01,5.692301511203270992e-02,2.775992320230586397e-01,-2.081411758827884095e-01,1.795178869148701716e-03,4.667429961581423710e-03,3.240209843727011596e-01,5.704492249349586430e-01,-2.651334901817997691e-01,1.000000000000000000e+00,8.011998053548485821e-01,-1.052511824786022399e-01,-2.312307619075890108e-01,-1.139405920841340680e-01,3.250063014763797109e-01,8.366023164931726472e-03,-9.497969206224246563e-02,3.384614911259000158e-01,7.692220834235870275e-02,-2.705566958877069720e-04,-3.439049121518858443e-01
6.487505114242193560e-01,-2.840671803778599402e-01,2.681608305511344256e-02,-3.491626266486917429e-01,1.949966679761045707e-01,5.274104056215414560e-02,-4.552009053906410641e-01,-2.852637879980061131e-01,-2.579787548657585389e-02,-5.564509621765879599e-01,-1.354580481641242395e-01,-7.646560280619129069e-01,1.640543354344347338e-01,5.716731230030437649e-02,3.692532274370324830e-02,2.780614828588304221e-01,5.501486231820389428e-01,-2.085853657151925666e-01,-3.863597889161632937e-01,-1.860265295444012146e-01,1.977884066094462712e-01,-3.734412784355966020e-01,3.486164457436870950e-02,2.369485115706174410e-03,2.575811700016722439e-01,5.573884962991286773e-01,-4.715668607668178081e-01,8.011998053548485821e-01,1.000000000000000000e+00,-1.511036208317035057e-01,-4.210346412179662989e-01,-1.912405712326398777e-01,3.009610829543007959e-01,2.110738866233510813e-02,-4.171447149539912053e-02,3.508907100962863623e-01,3.307871447897031691e-02,5.399836764267602895e-02,-4.495266742780880120e-01
-3.134238781893298326e-02,5.526597472301607583e-01,6.467445782245503372e-01,5.873348839834139357e-01,7.127652099793942986e-01,2.877285322629792863e-01,4.460605456114676848e-01,-4.755948045357756837e-01,7.494549669747069265e-01,7.341002336731485833e-01,4.358704213877649392e-01,5.036170560283451669e-01,-3.717131227350258249e-01,7.025598691277575858e-01,-1.012002710945927308e-01,6.016740908415080247e-01,5.164117151770002134e-02,6.438008023095228571e-01,5.578128382777641781e-01,4.364209082915168070e-01,2.841774088741791382e-01,7.344509981090282524e-01,6.197238751405617085e-01,6.541760392202708996e-01,4.693709301118462185e-01,2.550714333567257741e-01,5.425100049076834186e-01,-1.052511824786022399e-01,-1.511036208317035057e-01,1.000000000000000000e+00,5.657737817168392302e-01,6.132291361476418512e-01,6.506774745552219574e-01,7.045911573420456930e-01,5.999267935913155103e-01,5.483382295927969885e-01,5.919939593938136069e-01,5.434623861102229059e-01,7.606764159399976855e-01
-1.689974335497242686e-01,6.764348513481260872e-01,5.886679068095980183e-01,5.821912027884225127e-01,5.632469533198182221e-01,3.304801937192011208e-01,5.586652584696489843e-01,-3.037084311848416984e-01,5.671172927913192829e-01,7.840433355686803329e-01,5.830612693293902860e-01,6.144089264284822161e-01,-6.350408882622252671e-01,5.019989001871892897e-01,-3.745366808728951558e-01,1.635657130946160109e-01,-9.373771778664785614e-02,6.021737315369187771e-01,6.737777590789996163e-01,4.790415579876963204e-01,4.263659807656302592e-01,7.816189149922155854e-01,5.179884567642375481e-01,4.008967238608036054e-01,4.261858122875833987e-01,1.466417160337968317e-01,8.589302957252220594e-01,-2.312307619075890108e-01,-4.210346412179662989e-01,5.657737817168392302e-01,1.000000000000000000e+00,7.138821280047279449e-01,4.079979829046204709e-01,3.259887754545966465e-01,5.603422912548917667e-01,4.443510273333207694e-01,6.704740346769355597e-01,3.156071404044825668e-01,8.287681108855846634e-01
1.018541394350770263e-01,8.096435604438309008e-01,6.378945634312930268e-01,5.041348870118920189e-01,5.756283791750198553e-01,4.768992483912283809e-01,4.089587159490806201e-01,-4.589657888011983711e-01,7.259212890217244807e-01,6.567966890558672999e-01,4.186808621168912614e-01,4.809624551339045651e-01,-4.884343981678544999e-01,5.017832829801488481e-01,-3.316567421198409749e-01,2.386094720527119906e-01,-1.269634460017153021e-01,5.461099219843933428e-01,6.321332380626789593e-01,4.795086673325181237e-01,2.413387969587724724e-01,6.112853213673883346e-01,4.422623372344336445e-01,3.567927857672545944e-01,2.825100276903268481e-01,3.671832004665590010e-01,6.773042235259099098e-01,-1.139405920841340680e-01,-1.912405712326398777e-01,6.132291361476418512e-01,7.138821280047279449e-01,1.000000000000000000e+00,3.734077839441005131e-01,4.004781077909858045e-01,6.201551242614109505e-01,4.987269654922928397e-01,7.840301780584394420e-01,5.033003212642513935e-01,6.925908996588552302e-01
1.571423556433851065e-01,2.228443289913603909e-01,6.246614862157617853e-01,3.380656152301858008e-01,7.785528896051457926e-01,2.660896088214192989e-01,2.192150525635105096e-01,-5.484843620036373713e-01,5.289105744151347821e-01,3.372909914869271497e-01,5.010199036151082863e-01,4.389353582065755321e-02,-3.473864273032128414e-01,8.012627750931525794e-01,-1.279481608946937965e-01,5.652163161510231904e-01,4.751624131637756654e-01,4.305473045136139487e-01,2.474910005494231346e-01,2.867355020485870543e-01,5.584917938471586352e-01,6.208564773435449879e-01,7.017460296210269455e-01,6.690358537041620757e-01,7.372446611328451471e-01,4.163526032498552354e-01,2.856651928614390989e-01,3.250063014763797109e-01,3.009610829543007959e-01,6.506774745552219574e-01,4.079979829046204709e-01,3.734077839441005131e-01,1.000000000000000000e+00,6.981793704892454988e-01,4.851232314896619102e-01,6.911855673716746917e-01,5.575021704631960562e-01,3.035211729357951693e-01,4.347207279822082882e-01
2.639150645050603906e-03,3.355405029463685018e-01,5.618806615410963934e-01,2.943289579457240568e-01,6.374917738658507638e-01,1.072867736844985431e-01,3.741724922382354546e-01,-4.793915009089325663e-01,6.331277672004593793e-01,4.404088972247347522e-01,2.440478215141564378e-01,2.755228333104191019e-01,-1.737599306969176138e-01,6.583647327117422288e-01,8.052494663317855128e-02,4.154238139348965797e-01,1.003233702162285856e-01,3.707238982668001337e-01,2.980374786488970695e-01,3.780203726934929787e-01,1.252937213789780679e-01,5.536673242536789274e-01,5.169714920379309131e-01,5.547012771880096560e-01,4.414646543728174000e-01,2.726928913256329023e-01,2.783930546461410027e-01,8.366023164931726472e-03,2.110738866233510813e-02,7.045911573420456930e-01,3.259887754545966465e-01,4.004781077909858045e-01,6.981793704892454988e-01,1.000000000000000000e+00,5.019597356266886079e-01,5.314021394877158633e-01,4.847614114241734495e-01,4.008304791737821171e-01,4.976934478077267854e-01
1.653254396234438983e-01,6.325919162905423443e-01,6.548229544866420726e-01,4.203247395888562998e-01,6.001594494583790684e-01,2.218029166443432343e-01,3.766096263317006976e-01,-5.362542697931731439e-01,6.575134561984372628e-01,5.775191339095178122e-01,3.169323137683977554e-01,3.871362868333021456e-01,-3.466376149488237246e-01,6.005075793743408497e-01,-2.389801741776016453e-01,3.303175659971860911e-01,5.221940215583256717e-02,5.296157561312854201e-01,5.340712014257605889e-01,3.651611658357672985e-01,2.670184633131441609e-01,5.634738834863248780e-01,5.951763257289129916e-01,5.857077658663620845e-01,4.747985508009096023e-01,4.172525123187432738e-01,5.589398566367429488e-01,-9.497969206224246563e-02,-4.171447149539912053e-02,5.999267935913155103e-01,5.603422912548917667e-01,6.201551242614109505e-01,4.851232314896619102e-01,5.019597356266886079e-01,1.000000000000000000e+00,6.097839341465692842e-01,8.172020974216450684e-01,5.228322599485167865e-01,6.468667774361274159e-01
5.114721612459703914e-01,5.340377326484553322e-01,6.934273802889960869e-01,2.831427386951181346e-01,8.096643332762236689e-01,1.651185924142515860e-01,1.610884664213184658e-01,-6.899565364393955846e-01,6.934635932917529999e-01,3.193436869622952035e-01,2.736201990834440934e-01,-5.867024692418543186e-02,-4.771130155695459951e-01,6.150139557613386598e-01,-2.232357357974297241e-01,5.004579004810738585e-01,3.744705069041442957e-01,4.562481048526683125e-01,3.314267305837226840e-01,3.366938520717617789e-01,5.168274391979897908e-01,4.275448638784624666e-01,6.683947145101680753e-01,4.692771298627109733e-01,7.071758215617556242e-01,7.109039954006531881e-01,3.721635702079807428e-01,3.384614911259000158e-01,3.508907100962863623e-01,5.483382295927969885e-01,4.443510273333207694e-01,4.987269654922928397e-01,6.911855673716746917e-01,5.314021394877158633e-01,6.097839341465692842e-01,1.000000000000000000e+00,7.148438630366682478e-01,5.430602128939854278e-01,4.814512242373076290e-01
2.613818197545362820e-01,7.274439941234509543e-01,7.410089017709783343e-01,4.295847852938700084e-01,7.187986403355114406e-01,4.024393435647542483e-01,3.625903563996794032e-01,-6.208787736058959394e-01,7.406532150777547230e-01,5.600864470553944541e-01,3.640064484815384582e-01,3.202398754992113461e-01,-5.157299050829687870e-01,6.279652180696830843e-01,-3.103962240130060946e-01,3.429083364731556616e-01,9.704007587290842951e-02,5.604452250773123145e-01,5.966592741962666313e-01,4.435001085483258332e-01,3.523724647302693413e-01,5.900773219718644658e-01,6.247595997128267964e-01,5.369138865406316574e-01,5.483553012913505720e-01,5.702444671004601728e-01,6.177100720623055485e-01,7.692220834235870275e-02,3.307871447897031691e-02,5.919939593938136069e-01,6.704740346769355597e-01,7.840301780584394420e-01,5.575021704631960562e-01,4.847614114241734495e-01,8.172020974216450684e-01,7.148438630366682478e-01,1.000000000000000000e+00,5.379225285603725926e-01,6.663027175860313234e-01
5.222077769200264008e-01,6.435441155745024178e-01,6.864922233351027359e-01,3.923511296683367955e-01,5.203200994672086965e-01,1.024910471998617123e-01,3.371208645211267729e-01,-6.324152642587694828e-01,7.796078175040653813e-01,4.307066322761641253e-01,3.223799320614829239e-02,1.779948024243538096e-01,-2.463000538414416296e-01,3.349896481883448685e-01,-1.588698031633187929e-02,4.404558073265624207e-01,-6.044095554186150465e-02,5.189504308833957635e-01,5.424029548558001457e-01,5.149650612297917984e-01,2.473995319278769478e-01,3.395926276695517276e-01,4.604327405977197141e-01,3.104450083950517914e-01,3.138704333632706400e-01,5.892213030662356577e-01,3.313081964484154707e-01,-2.705566958877069720e-04,5.399836764267602895e-02,5.434623861102229059e-01,3.156071404044825668e-01,5.033003212642513935e-01,3.035211729357951693e-01,4.008304791737821171e-01,5.228322599485167865e-01,5.430602128939854278e-01,5.379225285603725926e-01,1.000000000000000000e+00,5.350193000674792199e-01
-1.287254047066493934e-01,7.146674035319541263e-01,6.874859954362348979e-01,6.804838720699299959e-01,6.344268569424974524e-01,1.892129131432661593e-01,6.108352033474765408e-01,-4.067706222701253926e-01,7.166200048199919959e-01,8.764723370250306900e-01,5.124612860863484443e-01,6.977269050719542287e-01,-5.273300379849858999e-01,5.832113266355619663e-01,-2.292806353754068271e-01,3.380155029333224426e-01,-9.386004520100134363e-02,7.366757883497235815e-01,7.642925120842083420e-01,5.538235041655066304e-01,3.593019134431136297e-01,8.215463404031816408e-01,6.244115065461882663e-01,5.501551948221243826e-01,4.834838544831346896e-01,1.612843504762953295e-01,8.053550660350671242e-01,-3.439049121518858443e-01,-4.495266742780880120e-01,7.606764159399976855e-01,8.287681108855846634e-01,6.925908996588552302e-01,4.347207279822082882e-01,4.976934478077267854e-01,6.468667774361274159e-01,4.814512242373076290e-01,6.663027175860313234e-01,5.350193000674792199e-01,1.000000000000000000e+00
