1.000000000000000000e+00,9.632184126322634876e-01,9.131404016989623784e-01,9.370334828306720043e-01,9.204169990585341354e-01,9.322932358811735210e-01,9.085146526632221775e-01,9.019452788530688547e-01,9.082370317913929236e-01,9.756720711711494021e-01,9.574658939484238518e-01,9.170292002454750735e-01,9.116754837652919496e-01,9.531576307331686149e-01,9.131774593337156354e-01,9.698411171276287712e-01,8.959585964975768091e-01,9.688649778486344566e-01,9.641642958082322634e-01,9.329860413672441677e-01,9.316829931538257448e-01,9.529652511735009490e-01,9.484974795715094276e-01,9.606847430093610196e-01,9.740116226343682460e-01,9.779529671126182544e-01,9.661875626025667740e-01,9.199588219963247271e-01,9.677025354897754728e-01,9.589655356511067597e-01,8.931334703627727967e-01,9.108527672011681453e-01,9.669525957360866064e-01,9.507962750715258649e-01,9.190478589982346014e-01,9.539318484682296484e-01,9.318401214322004078e-01,9.546989272922614678e-01,9.253043967602350151e-01
9.632184126322634876e-01,1.000000000000000000e+00,9.347725581346548740e-01,9.608882994499514663e-01,9.416626836510217924e-01,9.569661892428826810e-01,9.277727378343939568e-01,9.175057887227063835e-01,9.281542944433026632e-01,9.556932362178737206e-01,9.393130086085966779e-01,9.001013848431864695e-01,9.326238807396463049e-01,9.780453913564042256e-01,8.959392133295196459e-01,9.488756625250849286e-01,9.008368624005906877e-01,9.477743296387375338e-01,9.456877332093084343e-01,9.588071011640135755e-01,9.571480517477951588e-01,9.772018801315262015e-01,9.702447181455849945e-01,9.843955133924336964e-01,9.770983890346963685e-01,9.744432445657956743e-01,9.475636468782364652e-01,9.429084532282531184e-01,9.831246797762034362e-01,9.818315874349009542e-01,9.109568463860675536e-01,9.318240497148492230e-01,9.468800931377990837e-01,9.717670494440020512e-01,8.993009204882241869e-01,9.371474022183073904e-01,9.561474594640291258e-01,9.787877577008020635e-01,9.497259203273846762e-01
9.131404016989623784e-01,9.347725581346548740e-01,1.000000000000000000e+00,9.542589336402267364e-01,9.766840814487408595e-01,9.597091607848390327e-01,9.761145241957811525e-01,9.669553274066912119e-01,9.779630519695882152e-01,9.091899910624212655e-01,9.002110635297231322e-01,8.697767977832313591e-01,9.805171781950553500e-01,9.402088921257029108e-01,8.655540857922339182e-01,9.023408316303650478e-01,9.391741387769674265e-01,8.995389192202936091e-01,9.010828297722033309e-01,9.578718127273166960e-01,9.600815515979650439e-01,9.427230399071543365e-01,9.471078146229916506e-01,9.344864111550434949e-01,9.269451074518185729e-01,9.269666739541729816e-01,9.001497406727686501e-01,9.773345767221858216e-01,9.330411714506534615e-01,9.369010450942477641e-01,9.586851788646909567e-01,9.820571562412913069e-01,9.020615963886368105e-01,9.451720516796856542e-01,8.706511861027198540e-01,8.998492881471955585e-01,9.618439084462132582e-01,9.407836701064626883e-01,9.724466136970044694e-01
9.370334828306720043e-01,9.608882994499514663e-01,9.542589336402267364e-01,1.000000000000000000e+00,9.610132900782910603e-01,9.788386906898579598e-01,9.457725229665991939e-01,9.407250722769091578e-01,9.464966320269021516e-01,9.270387793729848447e-01,9.136959928526799946e-01,8.805784724263524543e-01,9.511372536505565689e-01,9.692846830571133498e-01,8.737023789583645561e-01,9.224444546858117100e-01,9.198222221918771480e-01,9.199687827216544989e-01,9.183209601172491743e-01,9.825754956293091258e-01,9.808452987407638712e-01,9.717475472503031009e-01,9.758079181544224712e-01,9.637693736948929057e-01,9.492798807015609963e-01,9.480817214272577731e-01,9.205942970346329135e-01,9.612473329148086831e-01,9.580759221338396303e-01,9.644023285703243742e-01,9.367891713984282109e-01,9.526770188805206985e-01,9.202261750767959381e-01,9.741062499307489020e-01,8.797155300739120110e-01,9.109611864647371160e-01,9.787738993207553140e-01,9.694901502847467212e-01,9.699870354578611353e-01
9.204169990585341354e-01,9.416626836510217924e-01,9.766840814487408595e-01,9.610132900782910603e-01,1.000000000000000000e+00,9.656486097190420947e-01,9.657481316054004061e-01,9.600247586059783567e-01,9.667411113187240890e-01,9.144261125380849231e-01,9.027579100638185583e-01,8.684854750526100897e-01,9.692393996970322112e-01,9.458959969082217922e-01,8.649235519335185529e-01,9.086832201506789275e-01,9.349044863332832689e-01,9.059036567125278161e-01,9.075857279456451820e-01,9.643042009530938818e-01,9.659131979594540729e-01,9.474687214871114760e-01,9.519432772305258528e-01,9.423488506314242619e-01,9.321741204831286431e-01,9.325183217724365425e-01,9.060867016235408800e-01,9.850298318501887751e-01,9.400811592602202893e-01,9.439245164543333955e-01,9.499619455002199508e-01,9.713751320381959209e-01,9.086391175465994285e-01,9.501714358605711785e-01,8.698573878068265319e-01,9.006170588060270488e-01,9.672751563259727181e-01,9.470469614483951748e-01,9.803966527230448813e-01
9.322932358811735210e-01,9.569661892428826810e-01,9.597091607848390327e-01,9.788386906898579598e-01,9.656486097190420947e-01,1.000000000000000000e+00,9.496622291268648208e-01,9.430619514254675595e-01,9.503940529847980656e-01,9.258365836510460412e-01,9.104716759871156473e-01,8.744881619081681379e-01,9.543701034580899245e-01,9.628505776801907778e-01,8.689796850922890670e-01,9.198000662874959987e-01,9.154471114016511368e-01,9.183195235839378689e-01,9.160788522551033264e-01,9.829816885246838165e-01,9.846739614475463753e-01,9.655460058023425107e-01,9.671204049722461615e-01,9.592205427066956558e-01,9.457878460196799120e-01,9.457936402637587836e-01,9.177149689604596761e-01,9.664785783649868511e-01,9.538109771101522805e-01,9.595695679864932881e-01,9.369964737857816583e-01,9.566796849760028643e-01,9.181398157459123022e-01,9.657202091750822781e-01,8.742591109897894786e-01,9.086317298892668815e-01,9.851258000100870937e-01,9.632956738212551384e-01,9.757006321714850605e-01
9.085146526632221775e-01,9.277727378343939568e-01,9.761145241957811525e-01,9.457725229665991939e-01,9.657481316054004061e-01,9.496622291268648208e-01,1.000000000000000000e+00,9.732849863782770949e-01,9.841035056162120709e-01,9.022196122865393519e-01,8.968026110447745447e-01,8.653928710660536705e-01,9.827767532623553626e-01,9.341145076113293033e-01,8.606466408690501835e-01,8.958679834232877726e-01,9.397216386735977034e-01,8.934342889569448776e-01,8.968572421320732957e-01,9.494391753512825272e-01,9.503902368135992429e-01,9.373518682062600416e-01,9.391541780986549792e-01,9.273822997369710608e-01,9.217574071325345120e-01,9.192497214382845394e-01,8.960812344771681426e-01,9.657221710779244628e-01,9.269647719713171030e-01,9.301362360159722842e-01,9.662046919717675042e-01,9.812997612675191661e-01,8.968720687793805268e-01,9.374808978481328214e-01,8.655426644538519731e-01,8.967318749556439927e-01,9.517408017510627927e-01,9.346906450187658644e-01,9.622057986244784145e-01
9.019452788530688547e-01,9.175057887227063835e-01,9.669553274066912119e-01,9.407250722769091578e-01,9.600247586059783567e-01,9.430619514254675595e-01,9.732849863782770949e-01,1.000000000000000000e+00,9.721030043237645080e-01,8.974432370985391261e-01,8.915881510943032273e-01,8.609416296421522619e-01,9.718933895009592705e-01,9.254621183291544817e-01,8.546263399065473498e-01,8.942355495617406724e-01,9.444039051092315562e-01,8.904691046355408535e-01,8.940728643490489791e-01,9.437247508204381630e-01,9.448767144101274384e-01,9.292105162181760747e-01,9.323214360199102435e-01,9.179973184408022346e-01,9.105347004150124990e-01,9.107169109589141609e-01,8.936537226367722297e-01,9.603107893382449856e-01,9.180292686088469267e-01,9.205104289652029648e-01,9.780499520830655547e-01,9.711800464516809894e-01,8.961882016167929121e-01,9.292599616103573990e-01,8.618285896335169394e-01,8.888089426681440308e-01,9.459228336278413529e-01,9.254432810953023836e-01,9.583938377494504168e-01
9.082370317913929236e-01,9.281542944433026632e-01,9.779630519695882152e-01,9.464966320269021516e-01,9.667411113187240890e-01,9.503940529847980656e-01,9.841035056162120709e-01,9.721030043237645080e-01,1.000000000000000000e+00,9.016616906355180427e-01,8.975371145174385612e-01,8.674523881208677789e-01,9.841884910357364680e-01,9.341278212007593229e-01,8.638847063822662209e-01,8.958441913568363502e-01,9.398539673061554467e-01,8.934946610041788473e-01,8.973129939407455957e-01,9.500509763946926034e-01,9.510192761317162180e-01,9.375274945467758636e-01,9.394521226003951231e-01,9.273625920156730595e-01,9.211348973045647703e-01,9.189304576748996700e-01,8.954069504762559584e-01,9.670346158306378781e-01,9.264014225525905033e-01,9.296429107034722694e-01,9.660878208105906362e-01,9.821788171601922857e-01,8.965033905157547833e-01,9.377033434020898284e-01,8.672510320308284282e-01,8.971512544172084436e-01,9.524239420255276034e-01,9.342291527215405011e-01,9.637330193039280735e-01
9.756720711711494021e-01,9.556932362178737206e-01,9.091899910624212655e-01,9.270387793729848447e-01,9.144261125380849231e-01,9.258365836510460412e-01,9.022196122865393519e-01,8.974432370985391261e-01,9.016616906355180427e-01,1.000000000000000000e+00,9.632537319008261933e-01,9.209039285851872148e-01,9.053398739821093555e-01,9.442451671870618624e-01,9.157152738818925553e-01,9.799247656277575436e-01,8.874659783004741342e-01,9.811861806850594725e-01,9.734776387057869629e-01,9.238799923500164990e-01,9.238855515166838339e-01,9.443578259158920130e-01,9.426597833228246293e-01,9.525682902490679727e-01,9.662255452640432507e-01,9.692006732465143770e-01,9.756905089398433262e-01,9.150740579474623271e-01,9.601378597174382579e-01,9.515987840918698204e-01,8.831832836494715178e-01,9.050920495869539950e-01,9.768656139937708094e-01,9.434103218084372022e-01,9.232601492541837596e-01,9.607797892694528441e-01,9.248548037661078469e-01,9.458654586566104250e-01,9.192875267847971932e-01
9.574658939484238518e-01,9.393130086085966779e-01,9.002110635297231322e-01,9.136959928526799946e-01,9.027579100638185583e-01,9.104716759871156473e-01,8.968026110447745447e-01,8.915881510943032273e-01,8.975371145174385612e-01,9.632537319008261933e-01,1.000000000000000000e+00,9.469247658164263726e-01,8.999563090815354549e-01,9.294290250787173857e-01,9.406590459925064929e-01,9.697467430668785804e-01,8.951110781172674224e-01,9.672388602067311103e-01,9.742003062400982349e-01,9.109464467661039233e-01,9.090428009268730625e-01,9.308367714917114011e-01,9.260495281719779426e-01,9.368450969891438662e-01,9.459493901884979961e-01,9.497177474253122309e-01,9.710203893495562566e-01,9.044886415048580819e-01,9.428141313542149904e-01,9.354782939702354083e-01,8.836853718032389171e-01,8.981380595718726489e-01,9.701210875273112988e-01,9.263734011668751656e-01,9.477339821412811283e-01,9.818148949722994567e-01,9.099337493071734118e-01,9.316889843855495901e-01,9.063239013703823233e-01
9.170292002454750735e-01,9.001013848431864695e-01,8.697767977832313591e-01,8.805784724263524543e-01,8.684854750526100897e-01,8.744881619081681379e-01,8.653928710660536705e-01,8.609416296421522619e-01,8.674523881208677789e-01,9.209039285851872148e-01,9.469247658164263726e-01,1.000000000000000000e+00,8.704361867896656113e-01,8.882644810818883796e-01,9.788871581289949608e-01,9.291953661686980226e-01,8.689092117975053542e-01,9.279902867144903533e-01,9.321395659003821610e-01,8.775850435400909255e-01,8.756504304954363382e-01,8.920447905247131937e-01,8.946161977542006483e-01,8.969746019523694436e-01,9.104886324786336527e-01,9.147304692130752146e-01,9.290992563573471363e-01,8.696789576833467983e-01,9.043208755692947465e-01,8.950186230896842732e-01,8.589886165101023874e-01,8.681767955190283770e-01,9.288186620393363846e-01,8.940237891769963197e-01,9.839932730651211878e-01,9.480216702025086040e-01,8.753755531993304695e-01,8.917161431599686106e-01,8.714440077054785849e-01
9.116754837652919496e-01,9.326238807396463049e-01,9.805171781950553500e-01,9.511372536505565689e-01,9.692393996970322112e-01,9.543701034580899245e-01,9.827767532623553626e-01,9.718933895009592705e-01,9.841884910357364680e-01,9.053398739821093555e-01,8.999563090815354549e-01,8.704361867896656113e-01,1.000000000000000000e+00,9.386477678292753923e-01,8.662074480410127952e-01,8.987466023617535216e-01,9.397598731914471593e-01,8.965812747847831110e-01,8.990639953106980276e-01,9.542042177150582560e-01,9.548904759431917633e-01,9.421389313979291469e-01,9.446373600250591585e-01,9.321298083934126399e-01,9.253168854657385367e-01,9.240509450321707785e-01,8.976416078400282217e-01,9.701107691531012378e-01,9.313364830574152320e-01,9.348096757864996498e-01,9.657648291296632159e-01,9.845816335105086470e-01,8.992837432724145597e-01,9.424931382925337831e-01,8.702362520833264448e-01,9.000909693126231126e-01,9.562934068654876940e-01,9.390057842940069399e-01,9.664567225046386545e-01
9.531576307331686149e-01,9.780453913564042256e-01,9.402088921257029108e-01,9.692846830571133498e-01,9.458959969082217922e-01,9.628505776801907778e-01,9.341145076113293033e-01,9.254621183291544817e-01,9.341278212007593229e-01,9.442451671870618624e-01,9.294290250787173857e-01,8.882644810818883796e-01,9.386477678292753923e-01,1.000000000000000000e+00,8.825717376702111316e-01,9.390512886017393646e-01,9.045802904637276765e-01,9.360699998400818789e-01,9.359892375556356781e-01,9.666688020378536583e-01,9.644164907345058602e-01,9.854876225398310208e-01,9.770083583906019609e-01,9.810275777442237777e-01,9.679955630259298172e-01,9.652447778294005465e-01,9.369319915273092159e-01,9.477347493204431039e-01,9.743706415981580049e-01,9.824877129180257240e-01,9.195919540718371366e-01,9.379325385857133490e-01,9.372594323416337803e-01,9.788480567286484968e-01,8.882917817499854651e-01,9.270069101751777785e-01,9.620140785756613466e-01,9.852091562814216941e-01,9.542440936827532028e-01
9.131774593337156354e-01,8.959392133295196459e-01,8.655540857922339182e-01,8.737023789583645561e-01,8.649235519335185529e-01,8.689796850922890670e-01,8.606466408690501835e-01,8.546263399065473498e-01,8.638847063822662209e-01,9.157152738818925553e-01,9.406590459925064929e-01,9.788871581289949608e-01,8.662074480410127952e-01,8.825717376702111316e-01,1.000000000000000000e+00,9.228202852678806245e-01,8.682812671339809052e-01,9.226512487596222334e-01,9.267484436087529698e-01,8.714500226835479868e-01,8.701236450135173550e-01,8.863279218155387662e-01,8.873275042268272683e-01,8.920788031094120107e-01,9.046128068138168388e-01,9.088749832054956457e-01,9.235509504039695061e-01,8.663508616286074160e-01,8.985192268366045676e-01,8.886526360362272392e-01,8.540517276625693155e-01,8.637316478048873147e-01,9.230159249950232736e-01,8.873479908268231409e-01,9.795462614824610448e-01,9.445780348283588923e-01,8.694428114756559411e-01,8.855601639673085224e-01,8.674220753357431146e-01
9.698411171276287712e-01,9.488756625250849286e-01,9.023408316303650478e-01,9.224444546858117100e-01,9.086832201506789275e-01,9.198000662874959987e-01,8.958679834232877726e-01,8.942355495617406724e-01,8.958441913568363502e-01,9.799247656277575436e-01,9.697467430668785804e-01,9.291953661686980226e-01,8.987466023617535216e-01,9.390512886017393646e-01,9.228202852678806245e-01,1.000000000000000000e+00,8.879172247033724208e-01,9.842161111877779645e-01,9.809298407316384694e-01,9.189842442230696795e-01,9.177051881796886024e-01,9.397949696072956938e-01,9.382953279931369739e-01,9.459889318277022729e-01,9.592366430273111533e-01,9.630467644183360321e-01,9.833467645327106377e-01,9.101411234364505942e-01,9.536955047595724322e-01,9.446001543015090096e-01,8.807871158855421490e-01,8.982564621460039644e-01,9.842442564049187492e-01,9.384844190784215057e-01,9.310280761918091619e-01,9.660036630653838774e-01,9.191030155300891069e-01,9.403572243091087302e-01,9.128146282908380371e-01
8.959585964975768091e-01,9.008368624005906877e-01,9.391741387769674265e-01,9.198222221918771480e-01,9.349044863332832689e-01,9.154471114016511368e-01,9.397216386735977034e-01,9.444039051092315562e-01,9.398539673061554467e-01,8.874659783004741342e-01,8.951110781172674224e-01,8.689092117975053542e-01,9.397598731914471593e-01,9.045802904637276765e-01,8.682812671339809052e-01,8.879172247033724208e-01,1.000000000000000000e+00,8.869805171211905259e-01,8.900496297881803631e-01,9.177639977757812151e-01,9.177599534161758887e-01,9.079184749636275420e-01,9.112992872767190500e-01,8.997266525146615512e-01,8.921372538820943054e-01,8.927159620534872442e-01,8.887541963982102944e-01,9.352666303251851998e-01,8.981775985950004593e-01,9.041698586540464211e-01,9.501687578242411503e-01,9.398043453662896507e-01,8.898774669731706055e-01,9.095721263614520158e-01,8.711716115790129056e-01,8.929901155560437953e-01,9.197415240295003791e-01,9.055716184859826656e-01,9.304918519460644299e-01
9.688649778486344566e-01,9.477743296387375338e-01,8.995389192202936091e-01,9.199687827216544989e-01,9.059036567125278161e-01,9.183195235839378689e-01,8.934342889569448776e-01,8.904691046355408535e-01,8.934946610041788473e-01,9.811861806850594725e-01,9.672388602067311103e-01,9.279902867144903533e-01,8.965812747847831110e-01,9.360699998400818789e-01,9.226512487596222334e-01,9.842161111877779645e-01,8.869805171211905259e-01,1.000000000000000000e+00,9.788359332077429809e-01,9.166841570395578565e-01,9.158329107976467265e-01,9.366551674661622862e-01,9.367100005658787198e-01,9.444726489707565564e-01,9.581018736455924056e-01,9.612948856512613105e-01,9.807350092481879056e-01,9.075793152463234037e-01,9.527051039248953801e-01,9.428396517135898547e-01,8.762123823900306308e-01,8.961670220634704309e-01,9.818932281389297634e-01,9.361037458766906516e-01,9.302494714415195931e-01,9.649913126597570168e-01,9.171832936981747508e-01,9.374707795711428870e-01,9.108288570962544961e-01
9.641642958082322634e-01,9.456877332093084343e-01,9.010828297722033309e-01,9.183209601172491743e-01,9.075857279456451820e-01,9.160788522551033264e-01,8.968572421320732957e-01,8.940728643490489791e-01,8.973129939407455957e-01,9.734776387057869629e-01,9.742003062400982349e-01,9.321395659003821610e-01,8.990639953106980276e-01,9.359892375556356781e-01,9.267484436087529698e-01,9.809298407316384694e-01,8.900496297881803631e-01,9.788359332077429809e-01,1.000000000000000000e+00,9.149107291419669163e-01,9.139503758155723689e-01,9.370565626517880498e-01,9.315798884829545878e-01,9.430389429997736439e-01,9.542928336456646399e-01,9.580070852898374678e-01,9.821394470047370984e-01,9.089809796104895145e-01,9.494830712868609357e-01,9.412406972500279023e-01,8.800486336502538753e-01,8.981224554243013580e-01,9.829951573907391715e-01,9.315093128237488251e-01,9.338773575226440027e-01,9.712659276893332860e-01,9.148776110020354624e-01,9.374481707903868921e-01,9.132389868570500724e-01
9.329860413672441677e-01,9.588071011640135755e-01,9.578718127273166960e-01,9.825754956293091258e-01,9.643042009530938818e-01,9.829816885246838165e-01,9.494391753512825272e-01,9.437247508204381630e-01,9.500509763946926034e-01,9.238799923500164990e-01,9.109464467661039233e-01,8.775850435400909255e-01,9.542042177150582560e-01,9.666688020378536583e-01,8.714500226835479868e-01,9.189842442230696795e-01,9.177639977757812151e-01,9.166841570395578565e-01,9.149107291419669163e-01,1.000000000000000000e+00,9.844831967462268629e-01,9.690045788426724371e-01,9.715901230547565604e-01,9.618419929315285000e-01,9.472789047300509413e-01,9.467520062765162336e-01,9.175609010095564511e-01,9.653752677645613955e-01,9.559707219150271884e-01,9.616630701375951107e-01,9.386645028519097211e-01,9.562991028227350032e-01,9.173200819504342407e-01,9.701431052185509607e-01,8.773960661206786638e-01,9.090101265410762688e-01,9.821372096683207431e-01,9.669073381539218248e-01,9.738908771729261060e-01
9.316829931538257448e-01,9.571480517477951588e-01,9.600815515979650439e-01,9.808452987407638712e-01,9.659131979594540729e-01,9.846739614475463753e-01,9.503902368135992429e-01,9.448767144101274384e-01,9.510192761317162180e-01,9.238855515166838339e-01,9.090428009268730625e-01,8.756504304954363382e-01,9.548904759431917633e-01,9.644164907345058602e-01,8.701236450135173550e-01,9.177051881796886024e-01,9.177599534161758887e-01,9.158329107976467265e-01,9.139503758155723689e-01,9.844831967462268629e-01,1.000000000000000000e+00,9.667763776757861693e-01,9.692653868036457121e-01,9.596245666201732583e-01,9.452653986790616747e-01,9.453432502652261427e-01,9.157467029495325317e-01,9.667384177145631474e-01,9.538821411323321620e-01,9.596610916152328308e-01,9.392566218158131530e-01,9.577812375692480451e-01,9.159112979973028645e-01,9.676531622765559559e-01,8.754460307807075958e-01,9.066924514014739200e-01,9.843647182664893025e-01,9.645237497991445696e-01,9.756029721391141774e-01
9.529652511735009490e-01,9.772018801315262015e-01,9.427230399071543365e-01,9.717475472503031009e-01,9.474687214871114760e-01,9.655460058023425107e-01,9.373518682062600416e-01,9.292105162181760747e-01,9.375274945467758636e-01,9.443578259158920130e-01,9.308367714917114011e-01,8.920447905247131937e-01,9.421389313979291469e-01,9.854876225398310208e-01,8.863279218155387662e-01,9.397949696072956938e-01,9.079184749636275420e-01,9.366551674661622862e-01,9.370565626517880498e-01,9.690045788426724371e-01,9.667763776757861693e-01,1.000000000000000000e+00,9.785156203706324440e-01,9.797096842830811392e-01,9.674320090585365461e-01,9.649285106514496890e-01,9.383708155873825563e-01,9.491945016226646104e-01,9.734232785324026249e-01,9.813994840917600326e-01,9.242575143080079547e-01,9.412436367475759402e-01,9.382638408042379696e-01,9.802601731934194040e-01,8.914862215820295033e-01,9.286075934897198847e-01,9.646583684128257064e-01,9.848717986185120399e-01,9.564074097195743862e-01
9.484974795715094276e-01,9.702447181455849945e-01,9.471078146229916506e-01,9.758079181544224712e-01,9.519432772305258528e-01,9.671204049722461615e-01,9.391541780986549792e-01,9.323214360199102435e-01,9.394521226003951231e-01,9.426597833228246293e-01,9.260495281719779426e-01,8.946161977542006483e-01,9.446373600250591585e-01,9.770083583906019609e-01,8.873275042268272683e-01,9.382953279931369739e-01,9.112992872767190500e-01,9.367100005658787198e-01,9.315798884829545878e-01,9.715901230547565604e-01,9.692653868036457121e-01,9.785156203706324440e-01,1.000000000000000000e+00,9.721464475845780218e-01,9.604478314552205021e-01,9.589586108700772771e-01,9.353116419243043822e-01,9.530818194471428750e-01,9.683933949403253916e-01,9.736275984799418470e-01,9.258030633044396218e-01,9.445090653805416903e-01,9.349746671824736843e-01,9.844387598971821030e-01,8.944745554129837073e-01,9.231528249114656637e-01,9.670002704385941561e-01,9.769933804619873596e-01,9.589778962599022627e-01
9.606847430093610196e-01,9.843955133924336964e-01,9.344864111550434949e-01,9.637693736948929057e-01,9.423488506314242619e-01,9.592205427066956558e-01,9.273822997369710608e-01,9.179973184408022346e-01,9.273625920156730595e-01,9.525682902490679727e-01,9.368450969891438662e-01,8.969746019523694436e-01,9.321298083934126399e-01,9.810275777442237777e-01,8.920788031094120107e-01,9.459889318277022729e-01,8.997266525146615512e-01,9.444726489707565564e-01,9.430389429997736439e-01,9.618419929315285000e-01,9.596245666201732583e-01,9.797096842830811392e-01,9.721464475845780218e-01,1.000000000000000000e+00,9.751364020538670907e-01,9.723445638890840792e-01,9.443244360952752769e-01,9.437578366555727793e-01,9.815126551408179800e-01,9.840368298896514654e-01,9.109892615341655953e-01,9.319110813179743991e-01,9.438853282135378775e-01,9.735044925089016976e-01,8.964267082404426823e-01,9.340998939789344480e-01,9.587443048967323467e-01,9.817734275888476692e-01,9.507288538770076736e-01
9.740116226343682460e-01,9.770983890346963685e-01,9.269451074518185729e-01,9.492798807015609963e-01,9.321741204831286431e-01,9.457878460196799120e-01,9.217574071325345120e-01,9.105347004150124990e-01,9.211348973045647703e-01,9.662255452640432507e-01,9.459493901884979961e-01,9.104886324786336527e-01,9.253168854657385367e-01,9.679955630259298172e-01,9.046128068138168388e-01,9.592366430273111533e-01,8.921372538820943054e-01,9.581018736455924056e-01,9.542928336456646399e-01,9.472789047300509413e-01,9.452653986790616747e-01,9.674320090585365461e-01,9.604478314552205021e-01,9.751364020538670907e-01,1.000000000000000000e+00,9.831881288810481179e-01,9.553449690790914994e-01,9.332203167290344936e-01,9.801907757460187609e-01,9.736882180994708147e-01,9.017271475695481930e-01,9.237752339229157172e-01,9.565765348915024058e-01,9.629612763163043487e-01,9.101777858352855244e-01,9.448839651723364153e-01,9.451069702385321847e-01,9.693085241548421438e-01,9.382966774067243998e-01
9.779529671126182544e-01,9.744432445657956743e-01,9.269666739541729816e-01,9.480817214272577731e-01,9.325183217724365425e-01,9.457936402637587836e-01,9.192497214382845394e-01,9.107169109589141609e-01,9.189304576748996700e-01,9.692006732465143770e-01,9.497177474253122309e-01,9.147304692130752146e-01,9.240509450321707785e-01,9.652447778294005465e-01,9.088749832054956457e-01,9.630467644183360321e-01,8.927159620534872442e-01,9.612948856512613105e-01,9.580070852898374678e-01,9.467520062765162336e-01,9.453432502652261427e-01,9.649285106514496890e-01,9.589586108700772771e-01,9.723445638890840792e-01,9.831881288810481179e-01,1.000000000000000000e+00,9.598105045216587250e-01,9.334867297552950083e-01,9.775877166340292135e-01,9.705615689546328584e-01,9.005725702611594441e-01,9.238433132040629880e-01,9.609092783922670300e-01,9.609168208535103783e-01,9.152372689235402925e-01,9.473189646068225223e-01,9.452549323927790237e-01,9.667740626168668250e-01,9.381334413847246534e-01
9.661875626025667740e-01,9.475636468782364652e-01,9.001497406727686501e-01,9.205942970346329135e-01,9.060867016235408800e-01,9.177149689604596761e-01,8.960812344771681426e-01,8.936537226367722297e-01,8.954069504762559584e-01,9.756905089398433262e-01,9.710203893495562566e-01,9.290992563573471363e-01,8.976416078400282217e-01,9.369319915273092159e-01,9.235509504039695061e-01,9.833467645327106377e-01,8.887541963982102944e-01,9.807350092481879056e-01,9.821394470047370984e-01,9.175609010095564511e-01,9.157467029495325317e-01,9.383708155873825563e-01,9.353116419243043822e-01,9.443244360952752769e-01,9.553449690790914994e-01,9.598105045216587250e-01,1.000000000000000000e+00,9.075669283838428969e-01,9.509796670767971527e-01,9.419689446447089276e-01,8.819370913168220749e-01,8.974664928132595199e-01,9.848976694798179388e-01,9.362288859282790199e-01,9.306993790520743381e-01,9.670593399238505139e-01,9.170750527833717580e-01,9.383877410266505681e-01,9.112899760177889386e-01
9.199588219963247271e-01,9.429084532282531184e-01,9.773345767221858216e-01,9.612473329148086831e-01,9.850298318501887751e-01,9.664785783649868511e-01,9.657221710779244628e-01,9.603107893382449856e-01,9.670346158306378781e-01,9.150740579474623271e-01,9.044886415048580819e-01,8.696789576833467983e-01,9.701107691531012378e-01,9.477347493204431039e-01,8.663508616286074160e-01,9.101411234364505942e-01,9.352666303251851998e-01,9.075793152463234037e-01,9.089809796104895145e-01,9.653752677645613955e-01,9.667384177145631474e-01,9.491945016226646104e-01,9.530818194471428750e-01,9.437578366555727793e-01,9.332203167290344936e-01,9.334867297552950083e-01,9.075669283838428969e-01,1.000000000000000000e+00,9.404131900258669852e-01,9.451252263439455792e-01,9.500185713474343929e-01,9.722505855567395994e-01,9.100902885234090078e-01,9.508505270645886132e-01,8.707898278582530960e-01,9.028937741022512453e-01,9.677024365141712048e-01,9.482798372903826767e-01,9.801895923223389318e-01
9.677025354897754728e-01,9.831246797762034362e-01,9.330411714506534615e-01,9.580759221338396303e-01,9.400811592602202893e-01,9.538109771101522805e-01,9.269647719713171030e-01,9.180292686088469267e-01,9.264014225525905033e-01,9.601378597174382579e-01,9.428141313542149904e-01,9.043208755692947465e-01,9.313364830574152320e-01,9.743706415981580049e-01,8.985192268366045676e-01,9.536955047595724322e-01,8.981775985950004593e-01,9.527051039248953801e-01,9.494830712868609357e-01,9.559707219150271884e-01,9.538821411323321620e-01,9.734232785324026249e-01,9.683933949403253916e-01,9.815126551408179800e-01,9.801907757460187609e-01,9.775877166340292135e-01,9.509796670767971527e-01,9.404131900258669852e-01,1.000000000000000000e+00,9.793074816910507518e-01,9.097135708160355438e-01,9.300047719228918819e-01,9.516798940787636329e-01,9.694908702278147716e-01,9.041876925632131856e-01,9.412684230438698174e-01,9.533719159051975423e-01,9.758117614798278439e-01,9.464325756915525911e-01
9.589655356511067597e-01,9.818315874349009542e-01,9.369010450942477641e-01,9.644023285703243742e-01,9.439245164543333955e-01,9.595695679864932881e-01,9.301362360159722842e-01,9.205104289652029648e-01,9.296429107034722694e-01,9.515987840918698204e-01,9.354782939702354083e-01,8.950186230896842732e-01,9.348096757864996498e-01,9.824877129180257240e-01,8.886526360362272392e-01,9.446001543015090096e-01,9.041698586540464211e-01,9.428396517135898547e-01,9.412406972500279023e-01,9.616630701375951107e-01,9.596610916152328308e-01,9.813994840917600326e-01,9.736275984799418470e-01,9.840368298896514654e-01,9.736882180994708147e-01,9.705615689546328584e-01,9.419689446447089276e-01,9.451252263439455792e-01,9.793074816910507518e-01,1.000000000000000000e+00,9.139249423760739122e-01,9.334941649413299736e-01,9.425092126324908781e-01,9.749212367552584357e-01,8.947854781872630614e-01,9.325476182560392679e-01,9.590994698686112763e-01,9.830156297573504620e-01,9.517256576388835043e-01
8.931334703627727967e-01,9.109568463860675536e-01,9.586851788646909567e-01,9.367891713984282109e-01,9.499619455002199508e-01,9.369964737857816583e-01,9.662046919717675042e-01,9.780499520830655547e-01,9.660878208105906362e-01,8.831832836494715178e-01,8.836853718032389171e-01,8.589886165101023874e-01,9.657648291296632159e-01,9.195919540718371366e-01,8.540517276625693155e-01,8.807871158855421490e-01,9.501687578242411503e-01,8.762123823900306308e-01,8.800486336502538753e-01,9.386645028519097211e-01,9.392566218158131530e-01,9.242575143080079547e-01,9.258030633044396218e-01,9.109892615341655953e-01,9.017271475695481930e-01,9.005725702611594441e-01,8.819370913168220749e-01,9.500185713474343929e-01,9.097135708160355438e-01,9.139249423760739122e-01,1.000000000000000000e+00,9.638064431650407160e-01,8.824929119483243545e-01,9.239962681361315600e-01,8.581011002004185206e-01,8.798926285044114115e-01,9.402710054873080203e-01,9.194993645081654954e-01,9.490733839590347332e-01
9.108527672011681453e-01,9.318240497148492230e-01,9.820571562412913069e-01,9.526770188805206985e-01,9.713751320381959209e-01,9.566796849760028643e-01,9.812997612675191661e-01,9.711800464516809894e-01,9.821788171601922857e-01,9.050920495869539950e-01,8.981380595718726489e-01,8.681767955190283770e-01,9.845816335105086470e-01,9.379325385857133490e-01,8.637316478048873147e-01,8.982564621460039644e-01,9.398043453662896507e-01,8.961670220634704309e-01,8.981224554243013580e-01,9.562991028227350032e-01,9.577812375692480451e-01,9.412436367475759402e-01,9.445090653805416903e-01,9.319110813179743991e-01,9.237752339229157172e-01,9.238433132040629880e-01,8.974664928132595199e-01,9.722505855567395994e-01,9.300047719228918819e-01,9.334941649413299736e-01,9.638064431650407160e-01,1.000000000000000000e+00,8.986653074471938618e-01,9.426129808213959960e-01,8.681959888948901360e-01,8.971242857875121324e-01,9.590140410245578950e-01,9.389093521336986381e-01,9.691525139770977848e-01
9.669525957360866064e-01,9.468800931377990837e-01,9.020615963886368105e-01,9.202261750767959381e-01,9.086391175465994285e-01,9.181398157459123022e-01,8.968720687793805268e-01,8.961882016167929121e-01,8.965033905157547833e-01,9.768656139937708094e-01,9.701210875273112988e-01,9.288186620393363846e-01,8.992837432724145597e-01,9.372594323416337803e-01,9.230159249950232736e-01,9.842442564049187492e-01,8.898774669731706055e-01,9.818932281389297634e-01,9.829951573907391715e-01,9.173200819504342407e-01,9.159112979973028645e-01,9.382638408042379696e-01,9.349746671824736843e-01,9.438853282135378775e-01,9.565765348915024058e-01,9.609092783922670300e-01,9.848976694798179388e-01,9.100902885234090078e-01,9.516798940787636329e-01,9.425092126324908781e-01,8.824929119483243545e-01,8.986653074471938618e-01,1.000000000000000000e+00,9.356489019901198523e-01,9.308556383217903019e-01,9.662555603040534624e-01,9.175563944547820983e-01,9.388183331597179659e-01,9.129275362296429552e-01
9.507962750715258649e-01,9.717670494440020512e-01,9.451720516796856542e-01,9.741062499307489020e-01,9.501714358605711785e-01,9.657202091750822781e-01,9.374808978481328214e-01,9.292599616103573990e-01,9.377033434020898284e-01,9.434103218084372022e-01,9.263734011668751656e-01,8.940237891769963197e-01,9.424931382925337831e-01,9.788480567286484968e-01,8.873479908268231409e-01,9.384844190784215057e-01,9.095721263614520158e-01,9.361037458766906516e-01,9.315093128237488251e-01,9.701431052185509607e-01,9.676531622765559559e-01,9.802601731934194040e-01,9.844387598971821030e-01,9.735044925089016976e-01,9.629612763163043487e-01,9.609168208535103783e-01,9.362288859282790199e-01,9.508505270645886132e-01,9.694908702278147716e-01,9.749212367552584357e-01,9.239962681361315600e-01,9.426129808213959960e-01,9.356489019901198523e-01,1.000000000000000000e+00,8.941161369778926060e-01,9.230634458477537940e-01,9.654437217090033885e-01,9.790221463735251373e-01,9.568072418629645082e-01
9.190478589982346014e-01,8.993009204882241869e-01,8.706511861027198540e-01,8.797155300739120110e-01,8.698573878068265319e-01,8.742591109897894786e-01,8.655426644538519731e-01,8.618285896335169394e-01,8.672510320308284282e-01,9.232601492541837596e-01,9.477339821412811283e-01,9.839932730651211878e-01,8.702362520833264448e-01,8.882917817499854651e-01,9.795462614824610448e-01,9.310280761918091619e-01,8.711716115790129056e-01,9.302494714415195931e-01,9.338773575226440027e-01,8.773960661206786638e-01,8.754460307807075958e-01,8.914862215820295033e-01,8.944745554129837073e-01,8.964267082404426823e-01,9.101777858352855244e-01,9.152372689235402925e-01,9.306993790520743381e-01,8.707898278582530960e-01,9.041876925632131856e-01,8.947854781872630614e-01,8.581011002004185206e-01,8.681959888948901360e-01,9.308556383217903019e-01,8.941161369778926060e-01,1.000000000000000000e+00,9.494146489295732794e-01,8.746287822138278933e-01,8.917881742038787918e-01,8.720735292855567033e-01
9.539318484682296484e-01,9.371474022183073904e-01,8.998492881471955585e-01,9.109611864647371160e-01,9.006170588060270488e-01,9.086317298892668815e-01,8.967318749556439927e-01,8.888089426681440308e-01,8.971512544172084436e-01,9.607797892694528441e-01,9.818148949722994567e-01,9.480216702025086040e-01,9.000909693126231126e-01,9.270069101751777785e-01,9.445780348283588923e-01,9.660036630653838774e-01,8.929901155560437953e-01,9.649913126597570168e-01,9.712659276893332860e-01,9.090101265410762688e-01,9.066924514014739200e-01,9.286075934897198847e-01,9.231528249114656637e-01,9.340998939789344480e-01,9.448839651723364153e-01,9.473189646068225223e-01,9.670593399238505139e-01,9.028937741022512453e-01,9.412684230438698174e-01,9.325476182560392679e-01,8.798926285044114115e-01,8.971242857875121324e-01,9.662555603040534624e-01,9.230634458477537940e-01,9.494146489295732794e-01,1.000000000000000000e+00,9.071068722614951119e-01,9.291856715981851034e-01,9.049411784470748898e-01
9.318401214322004078e-01,9.561474594640291258e-01,9.618439084462132582e-01,9.787738993207553140e-01,9.672751563259727181e-01,9.851258000100870937e-01,9.517408017510627927e-01,9.459228336278413529e-01,9.524239420255276034e-01,9.248548037661078469e-01,9.099337493071734118e-01,8.753755531993304695e-01,9.562934068654876940e-01,9.620140785756613466e-01,8.694428114756559411e-01,9.191030155300891069e-01,9.197415240295003791e-01,9.171832936981747508e-01,9.148776110020354624e-01,9.821372096683207431e-01,9.843647182664893025e-01,9.646583684128257064e-01,9.670002704385941561e-01,9.587443048967323467e-01,9.451069702385321847e-01,9.452549323927790237e-01,9.170750527833717580e-01,9.677024365141712048e-01,9.533719159051975423e-01,9.590994698686112763e-01,9.402710054873080203e-01,9.590140410245578950e-01,9.175563944547820983e-01,9.654437217090033885e-01,8.746287822138278933e-01,9.071068722614951119e-01,1.000000000000000000e+00,9.628505570466046048e-01,9.764357791091717864e-01
9.546989272922614678e-01,9.787877577008020635e-01,9.407836701064626883e-01,9.694901502847467212e-01,9.470469614483951748e-01,9.632956738212551384e-01,9.346906450187658644e-01,9.254432810953023836e-01,9.342291527215405011e-01,9.458654586566104250e-01,9.316889843855495901e-01,8.917161431599686106e-01,9.390057842940069399e-01,9.852091562814216941e-01,8.855601639673085224e-01,9.403572243091087302e-01,9.055716184859826656e-01,9.374707795711428870e-01,9.374481707903868921e-01,9.669073381539218248e-01,9.645237497991445696e-01,9.848717986185120399e-01,9.769933804619873596e-01,9.817734275888476692e-01,9.693085241548421438e-01,9.667740626168668250e-01,9.383877410266505681e-01,9.482798372903826767e-01,9.758117614798278439e-01,9.830156297573504620e-01,9.194993645081654954e-01,9.389093521336986381e-01,9.388183331597179659e-01,9.790221463735251373e-01,8.917881742038787918e-01,9.291856715981851034e-01,9.628505570466046048e-01,1.000000000000000000e+00,9.553369160902673851e-01
9.253043967602350151e-01,9.497259203273846762e-01,9.724466136970044694e-01,9.699870354578611353e-01,9.803966527230448813e-01,9.757006321714850605e-01,9.622057986244784145e-01,9.583938377494504168e-01,9.637330193039280735e-01,9.192875267847971932e-01,9.063239013703823233e-01,8.714440077054785849e-01,9.664567225046386545e-01,9.542440936827532028e-01,8.674220753357431146e-01,9.128146282908380371e-01,9.304918519460644299e-01,9.108288570962544961e-01,9.132389868570500724e-01,9.738908771729261060e-01,9.756029721391141774e-01,9.564074097195743862e-01,9.589778962599022627e-01,9.507288538770076736e-01,9.382966774067243998e-01,9.381334413847246534e-01,9.112899760177889386e-01,9.801895923223389318e-01,9.464325756915525911e-01,9.517256576388835043e-01,9.490733839590347332e-01,9.691525139770977848e-01,9.129275362296429552e-01,9.568072418629645082e-01,8.720735292855567033e-01,9.049411784470748898e-01,9.764357791091717864e-01,9.553369160902673851e-01,1.000000000000000000e+00
