1.000000000000000000e+00,7.866803513752329557e-01,5.738706952937469019e-01,1.002589362065522093e-02,6.557650288579099929e-01,1.331928586118188811e-02,-2.222597211529251382e-01,-6.330840404509681107e-01,6.717756433181711895e-01,6.421822849409276612e-01,1.422606774532609100e-02,3.184595530166714483e-01,-2.765393948835506710e-01,6.221861772635354226e-01,3.484910381838143834e-01,8.404055391449479773e-01,1.572787010805855590e-01,3.771472768436029410e-01,2.069187972573157119e-01,1.829172842532214294e-01,3.792427508937917247e-01,4.150281384394935436e-01,7.360733070598682870e-01,5.764795434326208667e-01,5.810451376882630470e-01,6.979406968859824811e-01,2.917344070132301681e-01,5.104965772093084109e-01,3.184006390069689107e-01,7.252036305192330889e-01,1.371107415077315317e-01,2.601369642651790715e-01,1.616031906389047978e-01,5.466291373622432781e-01,3.866118878200461295e-02,6.751569918933488790e-01,2.485911178833487625e-02,7.025994499518812830e-01,6.923525766819890181e-01
7.866803513752329557e-01,1.000000000000000000e+00,5.904181409206853415e-01,1.585274409987481870e-02,5.624324571494716540e-01,2.060658719130157857e-01,6.804149275837429074e-03,-6.483430900333538860e-01,4.535000371827509480e-01,5.980221906473318638e-01,2.460883200266712756e-01,2.165415888351047285e-02,-3.119369364887579765e-01,6.814451426698699965e-01,3.638903189903696517e-02,7.904338106972486067e-01,3.933441400956868561e-01,1.182787564105337585e-01,-5.900579591473975594e-02,-2.489704518812250328e-02,1.694152627214143281e-01,3.541880713152342763e-01,5.339742076495719303e-01,6.143699506032046509e-01,5.094704259656439582e-01,6.766059814297056274e-01,2.718659614219990917e-01,4.968876686894224126e-01,4.782298896528398013e-01,6.294948537747574457e-01,3.097653149355931168e-01,4.565639591916810791e-01,2.834176862104311745e-01,3.268700617694454413e-01,2.427477130443214115e-01,6.506219062730950187e-01,2.191422448109524856e-01,4.685618473743276002e-01,4.461753644956090170e-01
5.738706952937469019e-01,5.904181409206853415e-01,1.000000000000000000e+00,4.662335662305299167e-01,5.725113514407186299e-01,2.800446906622495735e-01,2.530511542414478066e-01,-9.319618368730466784e-01,3.751425512998374789e-01,5.870169248355155966e-01,2.670099668771053758e-01,1.419467853782662714e-01,-3.720486282283384516e-01,6.925392650583324095e-01,-8.300397379586647861e-03,6.495352806824514769e-01,3.292468890030444961e-01,2.982519581761977623e-01,1.113368189073862952e-01,-1.190362976951463564e-01,4.032018520300175157e-01,5.261575326099532379e-01,3.575595772367318181e-01,6.353372742585027266e-01,4.697243045218608137e-01,7.165617820333568533e-01,4.645850512203069660e-01,8.661448991127349561e-01,5.137735767941051801e-01,6.077853921740601351e-01,5.650466212734582827e-01,4.306679836050077981e-01,5.770010473406783635e-01,3.145237484778122261e-01,3.796079524613574785e-01,6.202784011612940684e-01,3.312526179506535273e-01,2.939893738478402407e-01,3.209450722011649160e-01
1.002589362065522093e-02,1.585274409987481870e-02,4.662335662305299167e-01,1.000000000000000000e+00,9.649089101835783833e-02,2.035241668357794798e-01,3.681544596896296762e-01,-3.463703047855897221e-01,-9.386259607661832927e-02,1.495678184742552652e-01,5.752368210047759806e-02,8.506316234579706925e-02,-1.327474702595752565e-01,7.771401494999011228e-02,-1.902021136168993154e-01,1.712523877698235164e-01,3.574961535673324559e-02,2.392790803838739100e-01,2.560603122027961809e-01,-3.278907589577060439e-02,1.705371770075987670e-01,3.319194361445440555e-01,-6.494856148752771452e-02,1.076407089782964316e-01,3.681985046853990945e-02,1.800475699487776304e-01,2.389059186383034050e-01,5.245826442365523201e-01,1.789763446484801956e-01,2.250491969956511240e-01,3.512707568824484095e-01,1.591454210947108594e-01,3.939097246641150574e-01,-9.758387283584227245e-02,2.860469758155263498e-01,1.465266112436726387e-01,2.567109307392929640e-01,-1.586808709367817649e-01,-7.881474164883289779e-02
6.557650288579099929e-01,5.624324571494716540e-01,5.725113514407186299e-01,9.649089101835783833e-02,1.000000000000000000e+00,-2.091781480636639434e-01,-3.440629725976991904e-01,-6.474305485395948079e-01,7.509682523662214448e-01,5.607123294094482624e-01,-2.060025298527545234e-01,5.226887326462613670e-01,-9.738573909860211153e-02,4.808257813966362870e-01,5.528766463776226825e-01,6.092704558640773538e-01,-1.083925325650474669e-01,6.510839383481480391e-01,3.270563216357992853e-01,2.617508188567662653e-01,4.811625147288443038e-01,2.744575120158028736e-01,6.867242547582284029e-01,4.623132285299836330e-01,5.397528329873511055e-01,4.257366356688294662e-01,5.604029338945438338e-02,4.844431979804535437e-01,4.590749592651495459e-02,5.183019199276767131e-01,-8.069801580909942429e-02,-3.534310591265382717e-02,2.209575751723488399e-02,8.030071760702303107e-01,-2.252235603364926564e-01,5.210924128157804480e-01,-2.236923403698262425e-01,6.628163720429794958e-01,7.543551028217048149e-01
1.331928586118188811e-02,2.060658719130157857e-01,2.800446906622495735e-01,2.035241668357794798e-01,-2.091781480636639434e-01,1.000000000000000000e+00,4.935162233289884792e-01,-1.952434737166078849e-01,-4.323319430382223660e-01,2.647713650271318886e-01,7.597955078171487742e-01,-6.706248591257413239e-01,-4.211378150487704031e-01,4.881749779383662835e-01,-6.417725462752039700e-01,1.980102415574878094e-01,7.723108386814253601e-01,-4.768008124419185756e-01,-3.722280829779537892e-01,-4.476573083685869148e-01,-1.081247018152111800e-01,2.503743366695824757e-01,-2.711717248835632810e-01,4.404436365041157209e-01,2.246892155542765668e-01,4.771155768391162622e-01,6.012820257060338403e-01,3.573308959721341882e-01,7.987742975059315409e-01,2.800399779475795659e-01,7.317729680405945514e-01,7.934530529191573534e-01,7.118050248319613971e-01,-5.471960478041374420e-01,8.907000425085916939e-01,1.751092041980492897e-01,8.649121143646906207e-01,-2.887935740003707008e-01,-4.737823831647632322e-01
-2.222597211529251382e-01,6.804149275837429074e-03,2.530511542414478066e-01,3.681544596896296762e-01,-3.440629725976991904e-01,4.935162233289884792e-01,1.000000000000000000e+00,-1.452599647664760962e-01,-4.640636846641352231e-01,-9.356337500156390596e-02,4.298889294713154063e-01,-5.158635702661862332e-01,-1.599425471061136916e-01,1.712880510631391018e-01,-6.075423511811665067e-01,-1.023246468559116523e-01,4.134755679244321858e-01,-3.660918070900727739e-01,-2.852084564869510341e-01,-2.533359980678792645e-01,-1.576458543687124514e-01,1.709254292620097926e-01,-4.173786777315657837e-01,5.563523494979591422e-02,-1.708587838941521830e-01,1.359595592162634869e-01,2.478610610519925428e-01,3.045467394880185807e-01,4.623872392404871912e-01,-3.566815564327864563e-02,5.832084169376308136e-01,4.743391184173493258e-01,5.576037471992065786e-01,-5.372839362051935463e-01,6.110224339838077334e-01,3.067687060990662712e-02,5.835700988868774974e-01,-5.372288134208687005e-01,-5.452179060878847849e-01
-6.330840404509681107e-01,-6.483430900333538860e-01,-9.319618368730466784e-01,-3.463703047855897221e-01,-6.474305485395948079e-01,-1.952434737166078849e-01,-1.452599647664760962e-01,1.000000000000000000e+00,-4.609453949733386957e-01,-5.988846667063287832e-01,-2.318659453326275544e-01,-1.706696514473707016e-01,3.606257013945502465e-01,-7.081093231340738203e-01,-5.347956738093865431e-02,-6.741979572405848442e-01,-3.104855606361500153e-01,-3.099658160036017907e-01,-6.804612163956957893e-02,9.527780847180822299e-02,-3.940184352461464923e-01,-4.969229275819349034e-01,-4.367202998347894938e-01,-6.703149755805725141e-01,-5.197590271421281827e-01,-7.189238933268722320e-01,-4.067932364121392141e-01,-8.167272822664217724e-01,-4.663108039873886668e-01,-6.085828864029343421e-01,-4.712820812036723761e-01,-3.773869426372815084e-01,-4.767267584418546922e-01,-4.103940100729329132e-01,-2.884931176220100202e-01,-6.420705154916448443e-01,-2.347546683529311562e-01,-3.723528264424146861e-01,-3.994938889680760830e-01
6.717756433181711895e-01,4.535000371827509480e-01,3.751425512998374789e-01,-9.386259607661832927e-02,7.509682523662214448e-01,-4.323319430382223660e-01,-4.640636846641352231e-01,-4.609453949733386957e-01,1.000000000000000000e+00,4.613769794399666946e-01,-4.792051887643423713e-01,6.983740549794323904e-01,-7.060585338832432722e-02,3.097806511163821996e-01,7.633326780908588072e-01,5.386260468617409813e-01,-3.520006145359326766e-01,6.849987763223258641e-01,4.946027568596402801e-01,5.103781527663417972e-01,5.433738837913656416e-01,2.664960668212761896e-01,7.643877894643292814e-01,3.050597636923068068e-01,5.161304889481777014e-01,3.421364241960189179e-01,-7.841579935403815427e-02,2.947794802138917758e-01,-1.413260753988817287e-01,5.803247558093180825e-01,-2.513563522576610643e-01,-2.405540353359733596e-01,-1.487276708103134615e-01,8.548965857888812803e-01,-4.481317686420236424e-01,5.037436364062281013e-01,-4.437626885072276650e-01,7.459382854507369265e-01,8.749753413678013070e-01
6.421822849409276612e-01,5.980221906473318638e-01,5.870169248355155966e-01,1.495678184742552652e-01,5.607123294094482624e-01,2.647713650271318886e-01,-9.356337500156390596e-02,-5.988846667063287832e-01,4.613769794399666946e-01,1.000000000000000000e+00,1.860857911371784079e-01,1.516627463027601375e-01,-4.458478013289736419e-02,6.903630497668837851e-01,1.772884444224845091e-01,7.629500728778345620e-01,2.134347512470410602e-01,2.724261839273471320e-01,7.718030471653686275e-02,1.969864279059164655e-02,3.160236394820211681e-01,3.037555099022237748e-01,4.491439335765714524e-01,6.410421957476192256e-01,6.862846021205704083e-01,6.647051133068987427e-01,3.250743346647608223e-01,5.745211858897689705e-01,4.276103807530958756e-01,6.735760537530081082e-01,2.325796746799163317e-01,2.142448391651738115e-01,2.985059641059678581e-01,3.544776513928723505e-01,2.498307340812279953e-01,5.987623263762569259e-01,1.952386119561913547e-01,4.708458362204955838e-01,4.706440246880816414e-01
1.422606774532609100e-02,2.460883200266712756e-01,2.670099668771053758e-01,5.752368210047759806e-02,-2.060025298527545234e-01,7.597955078171487742e-01,4.298889294713154063e-01,-2.318659453326275544e-01,-4.792051887643423713e-01,1.860857911371784079e-01,1.000000000000000000e+00,-6.921821816040751862e-01,-1.873128507484746463e-01,4.469503996199656881e-01,-7.417695034434949042e-01,1.315789243856514967e-01,8.579312377567021031e-01,-5.847875140418213880e-01,-5.411554184670619438e-01,-5.843296365399902603e-01,-2.553370950807450912e-01,7.753761991889417116e-02,-2.741357176910808602e-01,4.364041050214650386e-01,8.382117477249620419e-02,4.205199283539866051e-01,5.761113289972371598e-01,2.146002770578188945e-01,6.923975119611630591e-01,7.813244889871483190e-02,6.731207176242020029e-01,7.121639251880049759e-01,5.690880134733367068e-01,-5.604413046024812051e-01,7.653379569627862811e-01,9.813186605704135590e-02,7.435711160944898923e-01,-3.233077763420909023e-01,-4.626650189878609432e-01
3.184595530166714483e-01,2.165415888351047285e-02,1.419467853782662714e-01,8.506316234579706925e-02,5.226887326462613670e-01,-6.706248591257413239e-01,-5.158635702661862332e-01,-1.706696514473707016e-01,6.983740549794323904e-01,1.516627463027601375e-01,-6.921821816040751862e-01,1.000000000000000000e+00,2.070579836250885930e-01,-1.238363045465358248e-01,8.236287885191422298e-01,2.274658638599246219e-01,-7.055213833536728707e-01,8.153735344268050467e-01,7.719416055525357701e-01,4.972087973546626127e-01,4.227543068836054352e-01,1.026772230865210384e-01,5.630537425517719852e-01,-1.058276565620340504e-01,1.578894092715760200e-01,-1.080178519262032927e-01,-2.251082432489662499e-01,5.771965105701361981e-02,-5.249772177509258730e-01,1.852869082568520398e-01,-4.194129296053742406e-01,-5.628512838432637722e-01,-3.901339333187540670e-01,7.549344876156477424e-01,-6.844670984342607900e-01,1.978834204729323643e-01,-6.266927152684729219e-01,5.555696664697087339e-01,7.586165186999241916e-01
-2.765393948835506710e-01,-3.119369364887579765e-01,-3.720486282283384516e-01,-1.327474702595752565e-01,-9.738573909860211153e-02,-4.211378150487704031e-01,-1.599425471061136916e-01,3.606257013945502465e-01,-7.060585338832432722e-02,-4.458478013289736419e-02,-1.873128507484746463e-01,2.070579836250885930e-01,1.000000000000000000e+00,-3.274144683481846618e-01,1.854752072716093214e-01,-2.915828579417457100e-01,-3.416949220162595058e-01,9.392183627281402991e-02,5.855691596649307412e-02,1.384661374743064999e-01,-1.503356437194402206e-01,-3.925858824584587126e-01,-9.788671667656144437e-02,-3.809211227536840050e-01,-2.683968327995647773e-01,-4.718793742380273937e-01,-4.997272868764173204e-01,-3.696774483338067241e-01,-4.679279799644971427e-01,-3.945916468456853177e-01,-5.210888954766886849e-01,-5.902599835640038872e-01,-4.480504793015629983e-01,2.676128626598863608e-02,-4.209819930880572825e-01,-2.654902455564997488e-01,-4.470120722898311416e-01,-8.169195036383959663e-02,2.617436626746854136e-02
6.221861772635354226e-01,6.814451426698699965e-01,6.925392650583324095e-01,7.771401494999011228e-02,4.808257813966362870e-01,4.881749779383662835e-01,1.712880510631391018e-01,-7.081093231340738203e-01,3.097806511163821996e-01,6.903630497668837851e-01,4.469503996199656881e-01,-1.238363045465358248e-01,-3.274144683481846618e-01,1.000000000000000000e+00,-1.103173293375589725e-01,6.655053296619669601e-01,5.501966617532260129e-01,2.177293161852923709e-03,-1.551021706976063175e-01,-1.456111123820770792e-01,2.180215126510640922e-01,4.224417640002395835e-01,3.533517189648719969e-01,7.720073774212626860e-01,5.852391089870629948e-01,7.759551793230137218e-01,5.330652177738003372e-01,6.382301704625025218e-01,6.963692329289987715e-01,6.269686870622461772e-01,5.345164249841252158e-01,5.667259116260877638e-01,5.077979301117622191e-01,1.874144805547460213e-01,5.168527494752527263e-01,6.726692752406553399e-01,4.836244498000786263e-01,3.130970391029001543e-01,2.667025916331544066e-01
3.484910381838143834e-01,3.638903189903696517e-02,-8.300397379586647861e-03,-1.902021136168993154e-01,5.528766463776226825e-01,-6.417725462752039700e-01,-6.075423511811665067e-01,-5.347956738093865431e-02,7.633326780908588072e-01,1.772884444224845091e-01,-7.417695034434949042e-01,8.236287885191422298e-01,1.854752072716093214e-01,-1.103173293375589725e-01,1.000000000000000000e+00,1.951510254568091796e-01,-6.736870511697740094e-01,7.630080212148305785e-01,6.460234422876838245e-01,6.506526823566580742e-01,5.287402579074873543e-01,4.948816196505884113e-02,5.800326639869290979e-01,-7.297912229893173397e-02,2.351976723176048834e-01,-7.923136213850208442e-02,-3.842964102047441433e-01,-8.952126811839726875e-03,-4.712747883419795003e-01,2.071130824977863716e-01,-5.814245451490538397e-01,-5.785797893048455487e-01,-4.078490395588893480e-01,8.231359502894896041e-01,-7.029038424877265268e-01,1.678244313430267420e-01,-6.900368389499955679e-01,6.679361786688400304e-01,7.770761239993225766e-01
8.404055391449479773e-01,7.904338106972486067e-01,6.495352806824514769e-01,1.712523877698235164e-01,6.092704558640773538e-01,1.980102415574878094e-01,-1.023246468559116523e-01,-6.741979572405848442e-01,5.386260468617409813e-01,7.629500728778345620e-01,1.315789243856514967e-01,2.274658638599246219e-01,-2.915828579417457100e-01,6.655053296619669601e-01,1.951510254568091796e-01,1.000000000000000000e+00,2.127534139661304002e-01,3.624668252175434757e-01,1.994340121605366889e-01,5.749157181179716941e-02,3.265023457557282294e-01,4.436096657031574075e-01,6.568139970457104182e-01,6.509292598377587336e-01,6.728060772693711389e-01,7.150787683511927728e-01,3.973064022387040595e-01,5.843411058285643556e-01,4.149808405501455022e-01,7.703639639041407472e-01,3.094191145719524250e-01,3.553740726990879950e-01,3.004773965006754533e-01,3.994910781366257657e-01,1.996478021247295176e-01,6.879013753552999377e-01,2.144681183900896404e-01,5.679688258206720963e-01,5.435368826783053553e-01
1.572787010805855590e-01,3.933441400956868561e-01,3.292468890030444961e-01,3.574961535673324559e-02,-1.083925325650474669e-01,7.723108386814253601e-01,4.134755679244321858e-01,-3.104855606361500153e-01,-3.520006145359326766e-01,2.134347512470410602e-01,8.579312377567021031e-01,-7.055213833536728707e-01,-3.416949220162595058e-01,5.501966617532260129e-01,-6.736870511697740094e-01,2.127534139661304002e-01,1.000000000000000000e+00,-5.617973144126087170e-01,-5.546258606686224057e-01,-5.230977005732506679e-01,-2.079524294050668354e-01,1.656393782277988946e-01,-1.621119165866820033e-01,5.089201547582176133e-01,1.310885634557637514e-01,5.614281762781588858e-01,5.144157012025931675e-01,3.151673358166601213e-01,7.838378506018096603e-01,2.163245105451380434e-01,6.478513647354781080e-01,7.865578616805501966e-01,5.738760679826404587e-01,-4.605622939423726359e-01,7.805085144102640315e-01,1.881906873331069818e-01,7.038298651330939792e-01,-1.475911626256394549e-01,-3.685438595945234042e-01
3.771472768436029410e-01,1.182787564105337585e-01,2.982519581761977623e-01,2.392790803838739100e-01,6.510839383481480391e-01,-4.768008124419185756e-01,-3.660918070900727739e-01,-3.099658160036017907e-01,6.849987763223258641e-01,2.724261839273471320e-01,-5.847875140418213880e-01,8.153735344268050467e-01,9.392183627281402991e-02,2.177293161852923709e-03,7.630080212148305785e-01,3.624668252175434757e-01,-5.617973144126087170e-01,1.000000000000000000e+00,7.490278713360272178e-01,5.351465992217830925e-01,5.646539621240845852e-01,1.957573607609204291e-01,5.845890156730684240e-01,4.537824525087602590e-02,3.001029530776987420e-01,5.772751164973354693e-02,-1.695969696290424711e-01,2.613254052118999526e-01,-3.149269638755701761e-01,3.620666928566959042e-01,-2.850979039525367575e-01,-4.107766713136211667e-01,-1.301178748357361137e-01,7.093681297381531081e-01,-5.019052846189541173e-01,2.863804157179611343e-01,-4.631638152309863754e-01,5.776743504812695829e-01,6.825437470555347774e-01
2.069187972573157119e-01,-5.900579591473975594e-02,1.113368189073862952e-01,2.560603122027961809e-01,3.270563216357992853e-01,-3.722280829779537892e-01,-2.852084564869510341e-01,-6.804612163956957893e-02,4.946027568596402801e-01,7.718030471653686275e-02,-5.411554184670619438e-01,7.719416055525357701e-01,5.855691596649307412e-02,-1.551021706976063175e-01,6.460234422876838245e-01,1.994340121605366889e-01,-5.546258606686224057e-01,7.490278713360272178e-01,1.000000000000000000e+00,4.842889470378327066e-01,4.282491311017513347e-01,1.874647235635899523e-01,4.110763970587623661e-01,-1.077910613803041151e-01,1.282936673419082241e-01,-6.847972392610178483e-02,-6.403395639287856600e-02,8.396773204427886161e-02,-3.163536563641993760e-01,2.712712306163739817e-01,-1.730361129613090521e-01,-3.061147583764681768e-01,-1.214885195107832522e-01,4.573383242171980556e-01,-4.137361778811413648e-01,1.793483842291644093e-01,-3.304593483583278535e-01,4.219583893885527348e-01,5.475237081370144532e-01
1.829172842532214294e-01,-2.489704518812250328e-02,-1.190362976951463564e-01,-3.278907589577060439e-02,2.617508188567662653e-01,-4.476573083685869148e-01,-2.533359980678792645e-01,9.527780847180822299e-02,5.103781527663417972e-01,1.969864279059164655e-02,-5.843296365399902603e-01,4.972087973546626127e-01,1.384661374743064999e-01,-1.456111123820770792e-01,6.506526823566580742e-01,5.749157181179716941e-02,-5.230977005732506679e-01,5.351465992217830925e-01,4.842889470378327066e-01,1.000000000000000000e+00,5.594638061089649561e-01,2.036403111080398454e-01,3.898759585925226090e-01,-1.126731547729643013e-01,2.230332044389002621e-01,-1.112616241331700617e-01,-3.646712955814719326e-01,-8.199221836130819729e-02,-2.991763674864552636e-01,1.761627038125650468e-01,-4.566527884363097978e-01,-4.385220507636225507e-01,-2.077371898781294746e-01,4.973778233872008236e-01,-4.668244763444338030e-01,1.610995670069742536e-01,-4.832284100468700050e-01,3.724466804455615621e-01,4.765728523608159239e-01
3.792427508937917247e-01,1.694152627214143281e-01,4.032018520300175157e-01,1.705371770075987670e-01,4.811625147288443038e-01,-1.081247018152111800e-01,-1.576458543687124514e-01,-3.940184352461464923e-01,5.433738837913656416e-01,3.160236394820211681e-01,-2.553370950807450912e-01,4.227543068836054352e-01,-1.503356437194402206e-01,2.180215126510640922e-01,5.287402579074873543e-01,3.265023457557282294e-01,-2.079524294050668354e-01,5.646539621240845852e-01,4.282491311017513347e-01,5.594638061089649561e-01,1.000000000000000000e+00,5.038785862955852402e-01,3.879935392261742999e-01,2.678938512932463323e-01,4.134101456675192132e-01,2.934118593783685003e-01,-3.935871695642577037e-03,4.306693456747824333e-01,6.313302154622030260e-02,4.247433635633774407e-01,-4.083517912867044852e-02,-9.048693564506174458e-02,2.987010500361411691e-01,5.321227761197708794e-01,-1.232550131901286872e-01,3.111321232489248079e-01,-1.691867077518704465e-01,4.180478205774746381e-01,4.804245468310749390e-01
4.150281384394935436e-01,3.541880713152342763e-01,5.261575326099532379e-01,3.319194361445440555e-01,2.744575120158028736e-01,2.503743366695824757e-01,1.709254292620097926e-01,-4.969229275819349034e-01,2.664960668212761896e-01,3.037555099022237748e-01,7.753761991889417116e-02,1.026772230865210384e-01,-3.925858824584587126e-01,4.224417640002395835e-01,4.948816196505884113e-02,4.436096657031574075e-01,1.656393782277988946e-01,1.957573607609204291e-01,1.874647235635899523e-01,2.036403111080398454e-01,5.038785862955852402e-01,1.000000000000000000e+00,2.870641133774770037e-01,4.126169702597414224e-01,4.586571176855148146e-01,5.005898655429561472e-01,3.238950950745939084e-01,4.797973020511590025e-01,3.874664764818408491e-01,4.797974614107304858e-01,3.474875919531611457e-01,3.086219845761782321e-01,4.051795033789342693e-01,1.825293623646507268e-01,2.784079170993987162e-01,4.365515337981697996e-01,2.504010387464239984e-01,2.042655102780887300e-01,2.132579126260961966e-01
7.360733070598682870e-01,5.339742076495719303e-01,3.575595772367318181e-01,-6.494856148752771452e-02,6.867242547582284029e-01,-2.711717248835632810e-01,-4.173786777315657837e-01,-4.367202998347894938e-01,7.643877894643292814e-01,4.491439335765714524e-01,-2.741357176910808602e-01,5.630537425517719852e-01,-9.788671667656144437e-02,3.533517189648719969e-01,5.800326639869290979e-01,6.568139970457104182e-01,-1.621119165866820033e-01,5.845890156730684240e-01,4.110763970587623661e-01,3.898759585925226090e-01,3.879935392261742999e-01,2.870641133774770037e-01,1.000000000000000000e+00,3.532042578152470025e-01,5.939102441360656348e-01,3.416370486851623700e-01,1.838121014580492568e-02,2.519926326147968187e-01,-7.575198298153885956e-02,5.810273164158158421e-01,-1.650700734459429608e-01,-6.716897985291554740e-02,-1.244004129661478164e-01,6.887115614184300405e-01,-3.477570178607449214e-01,5.290192215415455701e-01,-2.866718508091839479e-01,7.232264393983703910e-01,7.702059682046765721e-01
5.764795434326208667e-01,6.143699506032046509e-01,6.353372742585027266e-01,1.076407089782964316e-01,4.623132285299836330e-01,4.404436365041157209e-01,5.563523494979591422e-02,-6.703149755805725141e-01,3.050597636923068068e-01,6.410421957476192256e-01,4.364041050214650386e-01,-1.058276565620340504e-01,-3.809211227536840050e-01,7.720073774212626860e-01,-7.297912229893173397e-02,6.509292598377587336e-01,5.089201547582176133e-01,4.537824525087602590e-02,-1.077910613803041151e-01,-1.126731547729643013e-01,2.678938512932463323e-01,4.126169702597414224e-01,3.532042578152470025e-01,1.000000000000000000e+00,6.739571994190285409e-01,7.332393892915507472e-01,5.023197979627025411e-01,5.753456097311058226e-01,6.307272863420086972e-01,5.847733469697176112e-01,4.597136167986994315e-01,5.174609652648315405e-01,4.748486614576997167e-01,2.016871200927093932e-01,4.475748748936339005e-01,6.772997802915741161e-01,4.117875204467665307e-01,3.251623029778987206e-01,2.600873228631396250e-01
5.810451376882630470e-01,5.094704259656439582e-01,4.697243045218608137e-01,3.681985046853990945e-02,5.397528329873511055e-01,2.246892155542765668e-01,-1.708587838941521830e-01,-5.197590271421281827e-01,5.161304889481777014e-01,6.862846021205704083e-01,8.382117477249620419e-02,1.578894092715760200e-01,-2.683968327995647773e-01,5.852391089870629948e-01,2.351976723176048834e-01,6.728060772693711389e-01,1.310885634557637514e-01,3.001029530776987420e-01,1.282936673419082241e-01,2.230332044389002621e-01,4.134101456675192132e-01,4.586571176855148146e-01,5.939102441360656348e-01,6.739571994190285409e-01,1.000000000000000000e+00,5.412556978329591262e-01,3.009288814169863158e-01,4.252719508260591197e-01,3.182996529154659693e-01,6.318276081640890052e-01,1.433197097112293428e-01,1.891292210578744970e-01,2.565540012948246962e-01,4.173553616508271502e-01,1.286191307681785190e-01,6.117568354659477237e-01,1.185239974009896224e-01,4.541867601339207861e-01,4.431708860826948926e-01
6.979406968859824811e-01,6.766059814297056274e-01,7.165617820333568533e-01,1.800475699487776304e-01,4.257366356688294662e-01,4.771155768391162622e-01,1.359595592162634869e-01,-7.189238933268722320e-01,3.421364241960189179e-01,6.647051133068987427e-01,4.205199283539866051e-01,-1.080178519262032927e-01,-4.718793742380273937e-01,7.759551793230137218e-01,-7.923136213850208442e-02,7.150787683511927728e-01,5.614281762781588858e-01,5.772751164973354693e-02,-6.847972392610178483e-02,-1.112616241331700617e-01,2.934118593783685003e-01,5.005898655429561472e-01,3.416370486851623700e-01,7.332393892915507472e-01,5.412556978329591262e-01,1.000000000000000000e+00,5.913681831762521712e-01,7.093580327489861226e-01,7.219308148384457891e-01,7.370045773970048675e-01,5.495817220845780060e-01,5.918504577036687309e-01,5.509839747894373918e-01,1.602004243496908398e-01,5.335993958325726538e-01,5.763482870539169411e-01,4.503532018655938551e-01,4.192135746088336279e-01,2.847861343366212550e-01
2.917344070132301681e-01,2.718659614219990917e-01,4.645850512203069660e-01,2.389059186383034050e-01,5.604029338945438338e-02,6.012820257060338403e-01,2.478610610519925428e-01,-4.067932364121392141e-01,-7.841579935403815427e-02,3.250743346647608223e-01,5.761113289972371598e-01,-2.251082432489662499e-01,-4.997272868764173204e-01,5.330652177738003372e-01,-3.842964102047441433e-01,3.973064022387040595e-01,5.144157012025931675e-01,-1.695969696290424711e-01,-6.403395639287856600e-02,-3.646712955814719326e-01,-3.935871695642577037e-03,3.238950950745939084e-01,1.838121014580492568e-02,5.023197979627025411e-01,3.009288814169863158e-01,5.913681831762521712e-01,1.000000000000000000e+00,3.989946258705658888e-01,5.827626554969808081e-01,3.812078432604810163e-01,7.460205334605037875e-01,6.828932427852051346e-01,5.509804864672386282e-01,-2.171179468118154543e-01,6.190210558866797719e-01,3.581511380813292011e-01,6.982260896723494481e-01,-4.355449082448485665e-02,-5.049920242558497002e-02
5.104965772093084109e-01,4.968876686894224126e-01,8.661448991127349561e-01,5.245826442365523201e-01,4.844431979804535437e-01,3.573308959721341882e-01,3.045467394880185807e-01,-8.167272822664217724e-01,2.947794802138917758e-01,5.745211858897689705e-01,2.146002770578188945e-01,5.771965105701361981e-02,-3.696774483338067241e-01,6.382301704625025218e-01,-8.952126811839726875e-03,5.843411058285643556e-01,3.151673358166601213e-01,2.613254052118999526e-01,8.396773204427886161e-02,-8.199221836130819729e-02,4.306693456747824333e-01,4.797973020511590025e-01,2.519926326147968187e-01,5.753456097311058226e-01,4.252719508260591197e-01,7.093580327489861226e-01,3.989946258705658888e-01,1.000000000000000000e+00,5.600116958134296885e-01,6.068597501819626983e-01,5.361586659441838210e-01,4.342052475375239307e-01,6.449264275131936230e-01,2.402533149424939396e-01,4.581537046689800330e-01,5.618069229511103435e-01,3.548439866452364200e-01,2.551281230006957057e-01,2.338563098314696276e-01
3.184006390069689107e-01,4.782298896528398013e-01,5.137735767941051801e-01,1.789763446484801956e-01,4.590749592651495459e-02,7.987742975059315409e-01,4.623872392404871912e-01,-4.663108039873886668e-01,-1.413260753988817287e-01,4.276103807530958756e-01,6.923975119611630591e-01,-5.249772177509258730e-01,-4.679279799644971427e-01,6.963692329289987715e-01,-4.712747883419795003e-01,4.149808405501455022e-01,7.838378506018096603e-01,-3.149269638755701761e-01,-3.163536563641993760e-01,-2.991763674864552636e-01,6.313302154622030260e-02,3.874664764818408491e-01,-7.575198298153885956e-02,6.307272863420086972e-01,3.182996529154659693e-01,7.219308148384457891e-01,5.827626554969808081e-01,5.600116958134296885e-01,1.000000000000000000e+00,4.683414792170348395e-01,7.409178242278861015e-01,8.120557041812646037e-01,7.351695176216987981e-01,-2.900022807704473737e-01,8.595391575007105267e-01,4.093688728099511009e-01,7.667622251030461467e-01,-6.765781758674919120e-03,-1.849129835465595506e-01
7.252036305192330889e-01,6.294948537747574457e-01,6.077853921740601351e-01,2.250491969956511240e-01,5.183019199276767131e-01,2.800399779475795659e-01,-3.566815564327864563e-02,-6.085828864029343421e-01,5.803247558093180825e-01,6.735760537530081082e-01,7.813244889871483190e-02,1.852869082568520398e-01,-3.945916468456853177e-01,6.269686870622461772e-01,2.071130824977863716e-01,7.703639639041407472e-01,2.163245105451380434e-01,3.620666928566959042e-01,2.712712306163739817e-01,1.761627038125650468e-01,4.247433635633774407e-01,4.797974614107304858e-01,5.810273164158158421e-01,5.847733469697176112e-01,6.318276081640890052e-01,7.370045773970048675e-01,3.812078432604810163e-01,6.068597501819626983e-01,4.683414792170348395e-01,1.000000000000000000e+00,3.421292610194444639e-01,3.764914479239896417e-01,3.998583268030628801e-01,3.309968633261470838e-01,2.603726683973353051e-01,6.348587984530627004e-01,2.479484357039702380e-01,5.114813804326063806e-01,4.796961914006371841e-01
1.371107415077315317e-01,3.097653149355931168e-01,5.650466212734582827e-01,3.512707568824484095e-01,-8.069801580909942429e-02,7.317729680405945514e-01,5.832084169376308136e-01,-4.712820812036723761e-01,-2.513563522576610643e-01,2.325796746799163317e-01,6.731207176242020029e-01,-4.194129296053742406e-01,-5.210888954766886849e-01,5.345164249841252158e-01,-5.814245451490538397e-01,3.094191145719524250e-01,6.478513647354781080e-01,-2.850979039525367575e-01,-1.730361129613090521e-01,-4.566527884363097978e-01,-4.083517912867044852e-02,3.474875919531611457e-01,-1.650700734459429608e-01,4.597136167986994315e-01,1.433197097112293428e-01,5.495817220845780060e-01,7.460205334605037875e-01,5.361586659441838210e-01,7.409178242278861015e-01,3.421292610194444639e-01,1.000000000000000000e+00,8.070591661148045493e-01,8.000564252695079315e-01,-4.098244900990700712e-01,8.096925290253634833e-01,3.366983913983732091e-01,8.483598596548233006e-01,-2.657526309900181127e-01,-3.068909677357476995e-01
2.601369642651790715e-01,4.565639591916810791e-01,4.306679836050077981e-01,1.591454210947108594e-01,-3.534310591265382717e-02,7.934530529191573534e-01,4.743391184173493258e-01,-3.773869426372815084e-01,-2.405540353359733596e-01,2.142448391651738115e-01,7.121639251880049759e-01,-5.628512838432637722e-01,-5.902599835640038872e-01,5.667259116260877638e-01,-5.785797893048455487e-01,3.553740726990879950e-01,7.865578616805501966e-01,-4.107766713136211667e-01,-3.061147583764681768e-01,-4.385220507636225507e-01,-9.048693564506174458e-02,3.086219845761782321e-01,-6.716897985291554740e-02,5.174609652648315405e-01,1.891292210578744970e-01,5.918504577036687309e-01,6.828932427852051346e-01,4.342052475375239307e-01,8.120557041812646037e-01,3.764914479239896417e-01,8.070591661148045493e-01,1.000000000000000000e+00,6.971737942836947477e-01,-3.843225924866803256e-01,8.214246934853176585e-01,3.326600640356685568e-01,8.440822040501532175e-01,-1.354395895363255664e-01,-2.635429236292894384e-01
1.616031906389047978e-01,2.834176862104311745e-01,5.770010473406783635e-01,3.939097246641150574e-01,2.209575751723488399e-02,7.118050248319613971e-01,5.576037471992065786e-01,-4.767267584418546922e-01,-1.487276708103134615e-01,2.985059641059678581e-01,5.690880134733367068e-01,-3.901339333187540670e-01,-4.480504793015629983e-01,5.077979301117622191e-01,-4.078490395588893480e-01,3.004773965006754533e-01,5.738760679826404587e-01,-1.301178748357361137e-01,-1.214885195107832522e-01,-2.077371898781294746e-01,2.987010500361411691e-01,4.051795033789342693e-01,-1.244004129661478164e-01,4.748486614576997167e-01,2.565540012948246962e-01,5.509839747894373918e-01,5.509804864672386282e-01,6.449264275131936230e-01,7.351695176216987981e-01,3.998583268030628801e-01,8.000564252695079315e-01,6.971737942836947477e-01,1.000000000000000000e+00,-2.940715623625873021e-01,7.573923683766051740e-01,3.257620544038160593e-01,7.335186579502260829e-01,-1.806177445840046747e-01,-2.479570563662839844e-01
5.466291373622432781e-01,3.268700617694454413e-01,3.145237484778122261e-01,-9.758387283584227245e-02,8.030071760702303107e-01,-5.471960478041374420e-01,-5.372839362051935463e-01,-4.103940100729329132e-01,8.548965857888812803e-01,3.544776513928723505e-01,-5.604413046024812051e-01,7.549344876156477424e-01,2.676128626598863608e-02,1.874144805547460213e-01,8.231359502894896041e-01,3.994910781366257657e-01,-4.605622939423726359e-01,7.093681297381531081e-01,4.573383242171980556e-01,4.973778233872008236e-01,5.321227761197708794e-01,1.825293623646507268e-01,6.887115614184300405e-01,2.016871200927093932e-01,4.173553616508271502e-01,1.602004243496908398e-01,-2.171179468118154543e-01,2.402533149424939396e-01,-2.900022807704473737e-01,3.309968633261470838e-01,-4.098244900990700712e-01,-3.843225924866803256e-01,-2.940715623625873021e-01,1.000000000000000000e+00,-5.652167190412172859e-01,3.723914872151223854e-01,-5.749150456877384352e-01,7.035976664180939588e-01,8.622895266732297781e-01
3.866118878200461295e-02,2.427477130443214115e-01,3.796079524613574785e-01,2.860469758155263498e-01,-2.252235603364926564e-01,8.907000425085916939e-01,6.110224339838077334e-01,-2.884931176220100202e-01,-4.481317686420236424e-01,2.498307340812279953e-01,7.653379569627862811e-01,-6.844670984342607900e-01,-4.209819930880572825e-01,5.168527494752527263e-01,-7.029038424877265268e-01,1.996478021247295176e-01,7.805085144102640315e-01,-5.019052846189541173e-01,-4.137361778811413648e-01,-4.668244763444338030e-01,-1.232550131901286872e-01,2.784079170993987162e-01,-3.477570178607449214e-01,4.475748748936339005e-01,1.286191307681785190e-01,5.335993958325726538e-01,6.190210558866797719e-01,4.581537046689800330e-01,8.595391575007105267e-01,2.603726683973353051e-01,8.096925290253634833e-01,8.214246934853176585e-01,7.573923683766051740e-01,-5.652167190412172859e-01,1.000000000000000000e+00,2.131000513923245188e-01,8.875848317043639746e-01,-3.212112396502603828e-01,-4.823199818483100976e-01
6.751569918933488790e-01,6.506219062730950187e-01,6.202784011612940684e-01,1.465266112436726387e-01,5.210924128157804480e-01,1.751092041980492897e-01,3.067687060990662712e-02,-6.420705154916448443e-01,5.037436364062281013e-01,5.987623263762569259e-01,9.813186605704135590e-02,1.978834204729323643e-01,-2.654902455564997488e-01,6.726692752406553399e-01,1.678244313430267420e-01,6.879013753552999377e-01,1.881906873331069818e-01,2.863804157179611343e-01,1.793483842291644093e-01,1.610995670069742536e-01,3.111321232489248079e-01,4.365515337981697996e-01,5.290192215415455701e-01,6.772997802915741161e-01,6.117568354659477237e-01,5.763482870539169411e-01,3.581511380813292011e-01,5.618069229511103435e-01,4.093688728099511009e-01,6.348587984530627004e-01,3.366983913983732091e-01,3.326600640356685568e-01,3.257620544038160593e-01,3.723914872151223854e-01,2.131000513923245188e-01,1.000000000000000000e+00,2.377111939566091681e-01,4.106809966277049639e-01,4.601006857002889472e-01
2.485911178833487625e-02,2.191422448109524856e-01,3.312526179506535273e-01,2.567109307392929640e-01,-2.236923403698262425e-01,8.649121143646906207e-01,5.835700988868774974e-01,-2.347546683529311562e-01,-4.437626885072276650e-01,1.952386119561913547e-01,7.435711160944898923e-01,-6.266927152684729219e-01,-4.470120722898311416e-01,4.836244498000786263e-01,-6.900368389499955679e-01,2.144681183900896404e-01,7.038298651330939792e-01,-4.631638152309863754e-01,-3.304593483583278535e-01,-4.832284100468700050e-01,-1.691867077518704465e-01,2.504010387464239984e-01,-2.866718508091839479e-01,4.117875204467665307e-01,1.185239974009896224e-01,4.503532018655938551e-01,6.982260896723494481e-01,3.548439866452364200e-01,7.667622251030461467e-01,2.479484357039702380e-01,8.483598596548233006e-01,8.440822040501532175e-01,7.335186579502260829e-01,-5.749150456877384352e-01,8.875848317043639746e-01,2.377111939566091681e-01,1.000000000000000000e+00,-3.749432078750508657e-01,-4.772649837517272120e-01
7.025994499518812830e-01,4.685618473743276002e-01,2.939893738478402407e-01,-1.586808709367817649e-01,6.628163720429794958e-01,-2.887935740003707008e-01,-5.372288134208687005e-01,-3.723528264424146861e-01,7.459382854507369265e-01,4.708458362204955838e-01,-3.233077763420909023e-01,5.555696664697087339e-01,-8.169195036383959663e-02,3.130970391029001543e-01,6.679361786688400304e-01,5.679688258206720963e-01,-1.475911626256394549e-01,5.776743504812695829e-01,4.219583893885527348e-01,3.724466804455615621e-01,4.180478205774746381e-01,2.042655102780887300e-01,7.232264393983703910e-01,3.251623029778987206e-01,4.541867601339207861e-01,4.192135746088336279e-01,-4.355449082448485665e-02,2.551281230006957057e-01,-6.765781758674919120e-03,5.114813804326063806e-01,-2.657526309900181127e-01,-1.354395895363255664e-01,-1.806177445840046747e-01,7.035976664180939588e-01,-3.212112396502603828e-01,4.106809966277049639e-01,-3.749432078750508657e-01,1.000000000000000000e+00,7.922012956772082060e-01
6.923525766819890181e-01,4.461753644956090170e-01,3.209450722011649160e-01,-7.881474164883289779e-02,7.543551028217048149e-01,-4.737823831647632322e-01,-5.452179060878847849e-01,-3.994938889680760830e-01,8.749753413678013070e-01,4.706440246880816414e-01,-4.626650189878609432e-01,7.586165186999241916e-01,2.617436626746854136e-02,2.667025916331544066e-01,7.770761239993225766e-01,5.435368826783053553e-01,-3.685438595945234042e-01,6.825437470555347774e-01,5.475237081370144532e-01,4.765728523608159239e-01,4.804245468310749390e-01,2.132579126260961966e-01,7.702059682046765721e-01,2.600873228631396250e-01,4.431708860826948926e-01,2.847861343366212550e-01,-5.049920242558497002e-02,2.338563098314696276e-01,-1.849129835465595506e-01,4.796961914006371841e-01,-3.068909677357476995e-01,-2.635429236292894384e-01,-2.479570563662839844e-01,8.622895266732297781e-01,-4.823199818483100976e-01,4.601006857002889472e-01,-4.772649837517272120e-01,7.922012956772082060e-01,1.000000000000000000e+00
