1.000000000000000000e+00,5.655809199394460363e-01,2.455400639357468440e-01,-4.264405586405082271e-01,5.028688163061268979e-01,5.473818401545681445e-01,-1.609562276420972715e-01,-8.110245600511387098e-02,5.836001286879732852e-01,5.630844514796058409e-01,2.693659249148303569e-01,3.191416974161713771e-01,3.298438351914262379e-01,5.271095594843424603e-01,2.682733937066182350e-01,6.673295433230540530e-01,3.592815303766383472e-01,2.627989114801239090e-01,5.747844939037859424e-01,2.401395879834558600e-01,-1.950810736744860441e-01,-1.887538576039728480e-02,4.890335403561388294e-01,3.470465528147450573e-01,4.870386089306281141e-01,7.867052776786715995e-01,5.613172806594891595e-01,5.747919555885734333e-01,5.424957704550515958e-01,6.231340153632376477e-01,2.794649248065277369e-01,4.120600240402539360e-01,-1.598369345998342794e-01,4.260707132670627506e-01,7.470647715909571607e-02,6.288331125184378756e-01,4.689865149351997720e-01,5.060840859561065441e-01,3.239006115942504316e-01
5.655809199394460363e-01,1.000000000000000000e+00,4.618393614569914485e-01,-5.757570489622502174e-01,4.647704705673065817e-01,5.263944447313935182e-01,-1.917303008460768954e-01,-2.857293013102970569e-01,6.767423146778946963e-01,7.392978249398042268e-01,4.776997433952394623e-01,4.621011343089435619e-01,3.088049302184597833e-01,5.604897456209142481e-01,4.546259682884450370e-01,6.323675154518468844e-01,2.954492033718851274e-01,4.518960218085362190e-01,6.567097084557275144e-01,1.354771778993627551e-01,-3.561470405238127412e-01,1.043370439417338341e-01,6.242305264109678786e-01,5.755696702490546990e-01,6.849309490702414349e-01,3.290553867914212671e-01,4.290833112720650599e-01,6.422011100332757350e-01,4.772670467819470908e-01,5.801882103959267178e-01,6.736622902490924103e-01,5.209898592749057089e-01,-2.899921511951956132e-01,5.298558670733186649e-01,3.478761166881257361e-01,3.593759089283500852e-01,5.504672036871065544e-01,4.172603851978092804e-01,5.012857626274065392e-01
2.455400639357468440e-01,4.618393614569914485e-01,1.000000000000000000e+00,-4.135192524384960211e-01,7.333876201257074623e-01,4.615298500454569908e-01,-1.914958060701715259e-01,-8.959283488882205937e-01,5.591567787193598704e-01,5.526162118526970479e-01,5.666376642476764758e-01,3.237054754532768808e-01,6.821175720330449610e-02,5.028933015682809371e-01,2.844694803010612283e-01,4.572246884421886093e-01,4.006722237937191400e-01,3.155372019830473551e-01,3.353438011483548808e-01,-3.856332852348021145e-02,-1.789997786307731265e-01,-6.257754177569767318e-02,5.876524035554033798e-01,4.414892073824479013e-01,5.730147609445428447e-01,9.197275146933596435e-02,2.374260555171070763e-01,5.904614882368770523e-01,2.275403883722872111e-01,4.344245082786741263e-01,5.269674548476374065e-01,1.996311527871904301e-01,2.779022307637727951e-01,3.516247959914952648e-01,1.514102452699455370e-01,-6.624413475530686879e-02,3.233945912631739361e-01,3.078218625876469328e-01,3.042514329056718592e-01
-4.264405586405082271e-01,-5.757570489622502174e-01,-4.135192524384960211e-01,1.000000000000000000e+00,-4.544931594853265366e-01,-4.235053251926990669e-01,2.440818916716675779e-01,2.558653127978178787e-01,-5.485791799425626669e-01,-5.275056919640450648e-01,-3.419335697679036778e-01,-3.894724937189513736e-01,-2.783922399616062249e-01,-4.667371245830936322e-01,-5.689356432332546287e-01,-4.947386139645720271e-01,-2.558008193779072181e-01,-2.192562932458921032e-01,-4.684661265926686746e-01,-6.164577046906143803e-02,3.049414061310693480e-01,-1.169910328395966509e-01,-5.316658976180581586e-01,-4.818576478412301967e-01,-5.741364715336577662e-01,-2.896360608653996138e-01,-2.805114283532717523e-01,-5.322407074086094037e-01,-3.016506677873856956e-01,-4.560278951983062767e-01,-4.937852648765236885e-01,-2.398552017834082728e-01,1.979184526111900100e-01,-3.090551909636503614e-01,-1.979778774179958012e-01,-1.629531652396092600e-01,-3.650921076423488398e-01,-4.249918501878529042e-01,-3.979741589775189214e-01
5.028688163061268979e-01,4.647704705673065817e-01,7.333876201257074623e-01,-4.544931594853265366e-01,1.000000000000000000e+00,5.926493626269253578e-01,-1.092560788712190895e-01,-6.135915709783299476e-01,7.240824535771205328e-01,5.991986805665810989e-01,5.171241116157053730e-01,2.820501917025791117e-01,3.067102873654311002e-01,7.031474206589197751e-01,3.472851460697121140e-01,5.616890214620428035e-01,4.666927300764484032e-01,2.730010117414944926e-01,4.937430405648407516e-01,5.601458225223492765e-02,-2.434278982632259447e-01,-1.881361358575307785e-02,6.925618286709727123e-01,4.430700581560360618e-01,6.878584349316917423e-01,3.320793745437826128e-01,3.227572176703323303e-01,5.949891208517926744e-01,3.034012453963445544e-01,5.660077671236372066e-01,4.254603257735901090e-01,2.749778351996380321e-01,1.818136100147779155e-01,4.609915435061498479e-01,1.093399354013339098e-01,1.410381683698025135e-01,4.071380823728044107e-01,5.516319045239329588e-01,4.396072456208037771e-01
5.473818401545681445e-01,5.263944447313935182e-01,4.615298500454569908e-01,-4.235053251926990669e-01,5.926493626269253578e-01,1.000000000000000000e+00,-2.359223886671244497e-01,-2.926997052745470840e-01,6.608675751062383918e-01,5.768549000833776974e-01,6.297813087782673236e-01,4.532975558923632575e-01,3.200335610160793265e-01,7.619813441234296603e-01,3.471039528151491638e-01,5.863596328794549173e-01,6.684073148463743896e-01,4.931815858036319167e-01,5.821729276981059131e-01,2.516184628682955893e-01,-4.004103117241894494e-01,-4.868788954156486742e-02,7.057658812087073130e-01,3.332518542215705537e-01,5.893558249987056463e-01,4.323571366668471638e-01,3.410199907238514183e-01,5.927936337299072322e-01,5.205339446434715800e-01,6.053993336527664360e-01,4.964991459305568289e-01,5.263187649759888398e-01,-1.715522324983660973e-01,2.934416050703389511e-01,2.580384462120317579e-01,2.570071003117911368e-01,5.523347901540041072e-01,4.928048938257962863e-01,4.445994957481477217e-01
-1.609562276420972715e-01,-1.917303008460768954e-01,-1.914958060701715259e-01,2.440818916716675779e-01,-1.092560788712190895e-01,-2.359223886671244497e-01,1.000000000000000000e+00,1.483736594673966125e-01,-2.235117479525086104e-01,-1.243422638710007522e-01,-1.696522399210972087e-01,-4.836725455647897798e-01,-9.954481249278135380e-02,-1.652489411936040598e-01,-1.136953307647848854e-01,-1.951836181177796226e-01,-9.719018162250958603e-02,-1.457478019447000506e-01,-9.172336504149225522e-02,-1.630913499551153722e-01,2.076109654007722294e-01,2.324906970178051979e-02,-1.271437039538391434e-01,-1.134658575457425309e-02,-9.723469392418548907e-02,-1.515741039687067311e-02,-1.335558197985378670e-02,-1.476799669424959938e-01,-1.200896412162896915e-01,-1.376605678698470669e-01,-1.137280818949076289e-01,-1.447951357958898733e-01,1.893538556969950604e-01,-7.759332722664401272e-02,-5.538162459092121209e-02,-7.208477859492408435e-02,-1.323413834593339389e-01,-8.269108973555322484e-02,-1.074469272491599958e-01
-8.110245600511387098e-02,-2.857293013102970569e-01,-8.959283488882205937e-01,2.558653127978178787e-01,-6.135915709783299476e-01,-2.926997052745470840e-01,1.483736594673966125e-01,1.000000000000000000e+00,-3.759639230325938497e-01,-3.810392109794980553e-01,-4.943991391028144111e-01,-1.898208928668394524e-01,1.093821756815040874e-01,-3.372765795462324689e-01,-1.173677331112957800e-01,-2.932681754694629883e-01,-3.326488584998502640e-01,-1.592186450959014454e-01,-1.204761734541456297e-01,1.359674304497527630e-01,1.127108315932034803e-02,1.001008760600308467e-01,-3.964509915426464581e-01,-3.135750541991147999e-01,-3.789652099644190142e-01,5.448866471138320844e-02,-1.490482437996311360e-01,-4.436163862848545025e-01,-1.309150479734494665e-01,-2.762525384954128693e-01,-3.904573126696089247e-01,-1.072927193437110127e-01,-4.533149408600398167e-01,-2.907856390846014771e-01,-5.673539280857008843e-02,1.766967301519117572e-01,-1.605775632463810609e-01,-1.023611886126836595e-01,-1.085730803076390277e-01
5.836001286879732852e-01,6.767423146778946963e-01,5.591567787193598704e-01,-5.485791799425626669e-01,7.240824535771205328e-01,6.608675751062383918e-01,-2.235117479525086104e-01,-3.759639230325938497e-01,1.000000000000000000e+00,7.851496737488024014e-01,5.112554581339394666e-01,5.191401284719799891e-01,4.466643481293885998e-01,8.162648614582410644e-01,4.638205450896897841e-01,7.256923896226823434e-01,5.148950019582533288e-01,3.217666028738608297e-01,6.452577184494134865e-01,2.402022269680243183e-01,-4.315203873473529850e-01,1.040075838819243398e-01,7.825056689858156389e-01,5.687593309074565617e-01,7.964271955245583179e-01,3.909345387191839882e-01,2.704224874115364607e-01,6.780410873449904674e-01,4.335299364201776195e-01,7.812821736299440101e-01,5.626892853044815901e-01,4.959923767851769361e-01,-1.864419015833545801e-01,6.768024270001936626e-01,1.804606531223244270e-01,2.689789816847063531e-01,5.370384087049786537e-01,6.929679650424266368e-01,6.406106411860644778e-01
5.630844514796058409e-01,7.392978249398042268e-01,5.526162118526970479e-01,-5.275056919640450648e-01,5.991986805665810989e-01,5.768549000833776974e-01,-1.243422638710007522e-01,-3.810392109794980553e-01,7.851496737488024014e-01,1.000000000000000000e+00,5.713942151844300099e-01,4.458311247085093298e-01,3.622344475540730802e-01,6.907774610165834384e-01,3.907691084658212466e-01,8.583613439809710810e-01,5.043677086037834378e-01,3.892803830419153122e-01,5.901096729762642656e-01,1.748957793676143291e-01,-3.356859230987715992e-01,5.895581455917209279e-02,7.287071873499746388e-01,5.868404888335005953e-01,7.279658693531808611e-01,3.875665835792306280e-01,3.081174892167183876e-01,6.980236000300393817e-01,5.923882513565018604e-01,8.353384114848425579e-01,6.003972224440932148e-01,6.132348438220155407e-01,-1.747734334274715362e-01,5.914371395204545134e-01,3.754766397921727172e-01,3.834502071820404256e-01,6.257165966953079916e-01,5.137661375839968070e-01,4.688723434823552916e-01
2.693659249148303569e-01,4.776997433952394623e-01,5.666376642476764758e-01,-3.419335697679036778e-01,5.171241116157053730e-01,6.297813087782673236e-01,-1.696522399210972087e-01,-4.943991391028144111e-01,5.112554581339394666e-01,5.713942151844300099e-01,1.000000000000000000e+00,2.942215391763091659e-01,1.998007533285752479e-01,5.562206717922768551e-01,1.836272341635329930e-01,4.287001840738904335e-01,7.553155634339842051e-01,2.788395153179802910e-01,3.876378594648493547e-01,8.989989070924012116e-02,-1.618369059155187473e-01,-1.848170933475856426e-01,5.545673374363939701e-01,1.901621781324999705e-01,5.328387875109014127e-01,5.831934875058499695e-02,2.689684645674713104e-01,4.566127660221420137e-01,4.336789274149482898e-01,4.720788789931065210e-01,3.606913256856338901e-01,4.341125682569536015e-01,1.015097498776594276e-01,3.162846722405771027e-01,2.138627409737501872e-01,4.017892031616653037e-02,3.099430056908017428e-01,2.083903911443406032e-01,2.214698194847698198e-01
3.191416974161713771e-01,4.621011343089435619e-01,3.237054754532768808e-01,-3.894724937189513736e-01,2.820501917025791117e-01,4.532975558923632575e-01,-4.836725455647897798e-01,-1.898208928668394524e-01,5.191401284719799891e-01,4.458311247085093298e-01,2.942215391763091659e-01,1.000000000000000000e+00,3.485131730129832350e-01,5.122308157676230822e-01,3.730679068316484770e-01,4.446050569063156876e-01,2.407990735291197504e-01,3.061064272828449839e-01,3.082316084580192239e-01,2.106675185153503993e-01,-4.270314178833615748e-01,1.187076679791550099e-01,4.867438882914029707e-01,3.086281293586911612e-01,3.836301678976569152e-01,1.748340468534081704e-01,3.108308939021374451e-02,3.717848604868127516e-01,1.949584774749633098e-01,4.166728351719776735e-01,4.152619148868854082e-01,3.703492015828954154e-01,-3.474370111417240392e-01,2.570951819767247071e-01,4.875695638679544697e-02,1.585819922703967932e-01,2.254107312203652291e-01,4.082185819427019968e-01,4.349476526902275042e-01
3.298438351914262379e-01,3.088049302184597833e-01,6.821175720330449610e-02,-2.783922399616062249e-01,3.067102873654311002e-01,3.200335610160793265e-01,-9.954481249278135380e-02,1.093821756815040874e-01,4.466643481293885998e-01,3.622344475540730802e-01,1.998007533285752479e-01,3.485131730129832350e-01,1.000000000000000000e+00,3.462250117129118121e-01,3.410371706782433510e-01,3.889920850749567505e-01,1.324224305515639688e-01,2.301244540636735725e-01,4.298092995963724294e-01,2.009979663152646201e-01,-4.532470979261800648e-01,5.593957712767587409e-02,3.946275527619700907e-01,2.087383236281396270e-01,4.039704573340167637e-01,1.509487924148825433e-01,9.023708810776365219e-02,1.943990940926694222e-01,1.135350427809503904e-01,3.412503265440874345e-01,2.365023385070879128e-02,9.185120292387037588e-02,-3.291481123723861701e-01,2.361846195004360383e-01,5.306549381810876653e-02,2.637451031465521400e-01,1.849775770645501194e-01,3.677052275189707231e-01,3.450869473709506918e-01
5.271095594843424603e-01,5.604897456209142481e-01,5.028933015682809371e-01,-4.667371245830936322e-01,7.031474206589197751e-01,7.619813441234296603e-01,-1.652489411936040598e-01,-3.372765795462324689e-01,8.162648614582410644e-01,6.907774610165834384e-01,5.562206717922768551e-01,5.122308157676230822e-01,3.462250117129118121e-01,1.000000000000000000e+00,4.328741746823616676e-01,6.535164711917357261e-01,6.414584022209021130e-01,3.739053867253007146e-01,6.046163899670105035e-01,2.109206848244986054e-01,-4.017211221631060702e-01,4.060573810621276314e-02,7.777188898820378560e-01,4.510478372086575427e-01,7.107636727807047361e-01,4.085189631760731133e-01,2.318558217867824900e-01,6.114637877645485720e-01,4.646961639596535742e-01,7.044417963502046520e-01,5.535302178925368688e-01,5.861847282574708107e-01,-1.853425417689011367e-01,4.827910463437626865e-01,1.188249794783654695e-01,2.076944082603014441e-01,5.065602265830602136e-01,6.951667074483445230e-01,6.486850081236787968e-01
2.682733937066182350e-01,4.546259682884450370e-01,2.844694803010612283e-01,-5.689356432332546287e-01,3.472851460697121140e-01,3.471039528151491638e-01,-1.136953307647848854e-01,-1.173677331112957800e-01,4.638205450896897841e-01,3.907691084658212466e-01,1.836272341635329930e-01,3.730679068316484770e-01,3.410371706782433510e-01,4.328741746823616676e-01,1.000000000000000000e+00,3.297979003190413261e-01,1.568432172004414760e-01,8.863193254526767484e-02,4.538738495313947574e-01,8.270905320922021520e-02,-4.716976802452332862e-01,4.269328320714078223e-02,4.945570843495533664e-01,3.599423677346232919e-01,5.182020676215733923e-01,2.275553613263394392e-01,1.251187634015272776e-01,3.258366618347482979e-01,1.443225659248490444e-01,3.347811911333646862e-01,4.490909049888858751e-01,1.989314841530319677e-01,-3.555663776098706430e-01,1.962768481635642215e-01,2.004825075614466434e-01,1.280854547530070331e-01,2.495070971773294677e-01,5.464020484642897468e-01,5.714028466175267162e-01
6.673295433230540530e-01,6.323675154518468844e-01,4.572246884421886093e-01,-4.947386139645720271e-01,5.616890214620428035e-01,5.863596328794549173e-01,-1.951836181177796226e-01,-2.932681754694629883e-01,7.256923896226823434e-01,8.583613439809710810e-01,4.287001840738904335e-01,4.446050569063156876e-01,3.889920850749567505e-01,6.535164711917357261e-01,3.297979003190413261e-01,1.000000000000000000e+00,4.576797505887310602e-01,3.897690118339828258e-01,5.481016895998148675e-01,1.772947889816943734e-01,-2.674735529766605335e-01,4.387389983713513297e-02,6.781264255030449162e-01,5.217605988904638892e-01,6.128767370785125346e-01,5.259620392729288385e-01,3.218482650775876808e-01,7.127370088543163451e-01,6.667799604439901273e-01,8.487376755265929607e-01,4.779837694359427291e-01,6.138504249410208224e-01,-1.335930135668945418e-01,5.758554702142438808e-01,3.656629257710256042e-01,4.929063390462143923e-01,6.503224190453299469e-01,4.577253623597228316e-01,3.374491989216413246e-01
3.592815303766383472e-01,2.954492033718851274e-01,4.006722237937191400e-01,-2.558008193779072181e-01,4.666927300764484032e-01,6.684073148463743896e-01,-9.719018162250958603e-02,-3.326488584998502640e-01,5.148950019582533288e-01,5.043677086037834378e-01,7.553155634339842051e-01,2.407990735291197504e-01,1.324224305515639688e-01,6.414584022209021130e-01,1.568432172004414760e-01,4.576797505887310602e-01,1.000000000000000000e+00,1.719544907792849853e-01,3.127599325177456979e-01,1.644172244200690636e-01,-1.668628250091091225e-01,-1.761634647927636799e-01,5.449231560636146332e-01,1.108371655152961266e-01,4.792859227346495943e-01,2.158337177027568887e-01,1.206449105176487652e-01,4.170313315760084683e-01,4.869210702301224880e-01,5.389193056213967825e-01,2.991470312699878176e-01,5.481518139035568282e-01,2.303070466115808568e-02,3.392604608797568089e-01,1.314315382580466818e-01,7.858450796080961032e-02,3.461714549691720100e-01,3.555581054859502377e-01,3.079171501898005925e-01
2.627989114801239090e-01,4.518960218085362190e-01,3.155372019830473551e-01,-2.192562932458921032e-01,2.730010117414944926e-01,4.931815858036319167e-01,-1.457478019447000506e-01,-1.592186450959014454e-01,3.217666028738608297e-01,3.892803830419153122e-01,2.788395153179802910e-01,3.061064272828449839e-01,2.301244540636735725e-01,3.739053867253007146e-01,8.863193254526767484e-02,3.897690118339828258e-01,1.719544907792849853e-01,1.000000000000000000e+00,5.095816523872276349e-01,9.007502033044646750e-02,-3.750551680685063616e-01,1.394971594832120354e-01,4.720852925222430163e-01,2.643322092161405901e-01,3.544841955521526033e-01,2.009544880442929171e-01,2.575935971767117638e-01,4.286220117808898777e-01,3.008914086646110042e-01,3.067971174883512564e-01,4.641638238219560342e-01,2.725790930853795313e-01,-2.876835450236873148e-01,2.074499335174955286e-02,2.516775592263858496e-01,1.619648572187221414e-01,4.789766252840109706e-01,2.152203673673265261e-01,3.119840895109874390e-01
5.747844939037859424e-01,6.567097084557275144e-01,3.353438011483548808e-01,-4.684661265926686746e-01,4.937430405648407516e-01,5.821729276981059131e-01,-9.172336504149225522e-02,-1.204761734541456297e-01,6.452577184494134865e-01,5.901096729762642656e-01,3.876378594648493547e-01,3.082316084580192239e-01,4.298092995963724294e-01,6.046163899670105035e-01,4.538738495313947574e-01,5.481016895998148675e-01,3.127599325177456979e-01,5.095816523872276349e-01,1.000000000000000000e+00,2.153344847852329269e-01,-3.843099135779746711e-01,1.104364384458509790e-01,5.925179235765593022e-01,4.357184931671412853e-01,6.151408915271185940e-01,4.784242037096281264e-01,5.327316516615038244e-01,5.861565712346569201e-01,4.408791912922255807e-01,5.190233036621425544e-01,5.094868524650981723e-01,3.836965416918694527e-01,-3.237808409231368034e-01,3.076092927580992287e-01,1.916117134651367793e-01,3.105060756341728734e-01,4.801188879690856393e-01,5.512337479537927631e-01,5.258835358531025461e-01
2.401395879834558600e-01,1.354771778993627551e-01,-3.856332852348021145e-02,-6.164577046906143803e-02,5.601458225223492765e-02,2.516184628682955893e-01,-1.630913499551153722e-01,1.359674304497527630e-01,2.402022269680243183e-01,1.748957793676143291e-01,8.989989070924012116e-02,2.106675185153503993e-01,2.009979663152646201e-01,2.109206848244986054e-01,8.270905320922021520e-02,1.772947889816943734e-01,1.644172244200690636e-01,9.007502033044646750e-02,2.153344847852329269e-01,1.000000000000000000e+00,-2.168878834956687041e-01,1.373314144843913454e-01,2.003535579314849324e-01,8.799401370184174731e-02,2.174520162392932221e-01,2.084371048612606581e-01,1.031874321803551431e-01,3.230821886585581726e-02,1.530733258384710249e-01,2.015044325119773605e-01,5.276776629077149089e-02,1.557821717311616283e-01,-2.963682874702293635e-01,1.075447477141365377e-01,1.030292251267267561e-01,1.120114142561324105e-01,1.388142605734189461e-01,2.297321993360610937e-01,1.967602015772779434e-01
-1.950810736744860441e-01,-3.561470405238127412e-01,-1.789997786307731265e-01,3.049414061310693480e-01,-2.434278982632259447e-01,-4.004103117241894494e-01,2.076109654007722294e-01,1.127108315932034803e-02,-4.315203873473529850e-01,-3.356859230987715992e-01,-1.618369059155187473e-01,-4.270314178833615748e-01,-4.532470979261800648e-01,-4.017211221631060702e-01,-4.716976802452332862e-01,-2.674735529766605335e-01,-1.668628250091091225e-01,-3.750551680685063616e-01,-3.843099135779746711e-01,-2.168878834956687041e-01,1.000000000000000000e+00,-9.220816124220222731e-02,-5.038656727778588751e-01,-3.401713490975644683e-01,-4.755085879288860617e-01,-1.248397039387961205e-01,1.417988053285806210e-02,-1.583704540370033109e-01,-1.433308646748305236e-02,-3.010191094384200849e-01,-4.299279044767507774e-01,-1.175192241075827121e-01,6.217526042764019989e-01,-3.707414386536030115e-02,-5.971446439625736208e-02,-9.492014150042270282e-02,-2.654516889174027283e-01,-5.314089718372175808e-01,-6.121252187957884061e-01
-1.887538576039728480e-02,1.043370439417338341e-01,-6.257754177569767318e-02,-1.169910328395966509e-01,-1.881361358575307785e-02,-4.868788954156486742e-02,2.324906970178051979e-02,1.001008760600308467e-01,1.040075838819243398e-01,5.895581455917209279e-02,-1.848170933475856426e-01,1.187076679791550099e-01,5.593957712767587409e-02,4.060573810621276314e-02,4.269328320714078223e-02,4.387389983713513297e-02,-1.761634647927636799e-01,1.394971594832120354e-01,1.104364384458509790e-01,1.373314144843913454e-01,-9.220816124220222731e-02,1.000000000000000000e+00,9.553581661779890488e-02,2.445642976489656728e-01,7.720571970166324738e-02,-3.664487986427481664e-02,-7.747106026744804419e-02,1.623597905046707604e-02,-1.036707280036062856e-01,3.151257662677253019e-02,1.831688335768715536e-01,6.078755148189009250e-02,-2.119351303601095249e-01,3.466018449437713311e-02,3.665535216724897377e-02,-3.945057645746054276e-02,4.180976362851560740e-02,1.580565487601430785e-01,2.189754580636698034e-01
4.890335403561388294e-01,6.242305264109678786e-01,5.876524035554033798e-01,-5.316658976180581586e-01,6.925618286709727123e-01,7.057658812087073130e-01,-1.271437039538391434e-01,-3.964509915426464581e-01,7.825056689858156389e-01,7.287071873499746388e-01,5.545673374363939701e-01,4.867438882914029707e-01,3.946275527619700907e-01,7.777188898820378560e-01,4.945570843495533664e-01,6.781264255030449162e-01,5.449231560636146332e-01,4.720852925222430163e-01,5.925179235765593022e-01,2.003535579314849324e-01,-5.038656727778588751e-01,9.553581661779890488e-02,1.000000000000000000e+00,6.276422050807268782e-01,8.196081371887022904e-01,3.713530867919356826e-01,2.874464293301396411e-01,6.714857522380586197e-01,3.792268724950783598e-01,6.502672299420153568e-01,6.529161586825148467e-01,4.116493683058473629e-01,-1.715117291843402392e-01,4.644411992957993562e-01,2.480650012343268707e-01,1.399666175404509771e-01,5.214999473857108159e-01,6.650397252268002157e-01,6.279963513886900328e-01
3.470465528147450573e-01,5.755696702490546990e-01,4.414892073824479013e-01,-4.818576478412301967e-01,4.430700581560360618e-01,3.332518542215705537e-01,-1.134658575457425309e-02,-3.135750541991147999e-01,5.687593309074565617e-01,5.868404888335005953e-01,1.901621781324999705e-01,3.086281293586911612e-01,2.087383236281396270e-01,4.510478372086575427e-01,3.599423677346232919e-01,5.217605988904638892e-01,1.108371655152961266e-01,2.643322092161405901e-01,4.357184931671412853e-01,8.799401370184174731e-02,-3.401713490975644683e-01,2.445642976489656728e-01,6.276422050807268782e-01,1.000000000000000000e+00,6.615586145366709747e-01,3.034302537645020559e-01,3.266828257873816699e-01,5.659377038711232988e-01,1.890769195255631863e-01,4.805036387207335946e-01,6.328356957709414532e-01,2.026600850745864657e-01,-9.351839478808439410e-02,3.818221507928638014e-01,2.673018104940683703e-01,7.016516010074498599e-02,4.154914895637318861e-01,4.862960939561736806e-01,4.406148643460346959e-01
4.870386089306281141e-01,6.849309490702414349e-01,5.730147609445428447e-01,-5.741364715336577662e-01,6.878584349316917423e-01,5.893558249987056463e-01,-9.723469392418548907e-02,-3.789652099644190142e-01,7.964271955245583179e-01,7.279658693531808611e-01,5.328387875109014127e-01,3.836301678976569152e-01,4.039704573340167637e-01,7.107636727807047361e-01,5.182020676215733923e-01,6.128767370785125346e-01,4.792859227346495943e-01,3.544841955521526033e-01,6.151408915271185940e-01,2.174520162392932221e-01,-4.755085879288860617e-01,7.720571970166324738e-02,8.196081371887022904e-01,6.615586145366709747e-01,1.000000000000000000e+00,3.310548419230045503e-01,3.518161926266062944e-01,6.291758503831140770e-01,3.728920611264949780e-01,6.333213523792573518e-01,6.214098775460857871e-01,3.698422088315213019e-01,-1.556936271482475820e-01,5.070868891637977383e-01,2.709789361048794976e-01,1.544445988941277326e-01,4.940154427472429055e-01,6.641299413597480106e-01,6.528591702902670768e-01
7.867052776786715995e-01,3.290553867914212671e-01,9.197275146933596435e-02,-2.896360608653996138e-01,3.320793745437826128e-01,4.323571366668471638e-01,-1.515741039687067311e-02,5.448866471138320844e-02,3.909345387191839882e-01,3.875665835792306280e-01,5.831934875058499695e-02,1.748340468534081704e-01,1.509487924148825433e-01,4.085189631760731133e-01,2.275553613263394392e-01,5.259620392729288385e-01,2.158337177027568887e-01,2.009544880442929171e-01,4.784242037096281264e-01,2.084371048612606581e-01,-1.248397039387961205e-01,-3.664487986427481664e-02,3.713530867919356826e-01,3.034302537645020559e-01,3.310548419230045503e-01,1.000000000000000000e+00,6.185417240270302264e-01,4.846352426601547858e-01,5.018180171780948218e-01,5.237854896275841998e-01,2.450655645440946440e-01,2.708773685594682012e-01,-1.282998368001772027e-01,1.954180974586571251e-01,8.920669948975028241e-02,5.908598772191850923e-01,4.116704391357160486e-01,4.846934347260909992e-01,2.683660466008679357e-01
5.613172806594891595e-01,4.290833112720650599e-01,2.374260555171070763e-01,-2.805114283532717523e-01,3.227572176703323303e-01,3.410199907238514183e-01,-1.335558197985378670e-02,-1.490482437996311360e-01,2.704224874115364607e-01,3.081174892167183876e-01,2.689684645674713104e-01,3.108308939021374451e-02,9.023708810776365219e-02,2.318558217867824900e-01,1.251187634015272776e-01,3.218482650775876808e-01,1.206449105176487652e-01,2.575935971767117638e-01,5.327316516615038244e-01,1.031874321803551431e-01,1.417988053285806210e-02,-7.747106026744804419e-02,2.874464293301396411e-01,3.266828257873816699e-01,3.518161926266062944e-01,6.185417240270302264e-01,1.000000000000000000e+00,4.894837561719307395e-01,4.181035365832938555e-01,2.913822915704325500e-01,2.574096243446977739e-01,8.768953379971561324e-02,1.223152586897707367e-01,1.411620022177953737e-01,1.090211574438203351e-01,3.776973794258584038e-01,2.715295510703701898e-01,1.640195018004377836e-01,4.508093715106059607e-02
5.747919555885734333e-01,6.422011100332757350e-01,5.904614882368770523e-01,-5.322407074086094037e-01,5.949891208517926744e-01,5.927936337299072322e-01,-1.476799669424959938e-01,-4.436163862848545025e-01,6.780410873449904674e-01,6.980236000300393817e-01,4.566127660221420137e-01,3.717848604868127516e-01,1.943990940926694222e-01,6.114637877645485720e-01,3.258366618347482979e-01,7.127370088543163451e-01,4.170313315760084683e-01,4.286220117808898777e-01,5.861565712346569201e-01,3.230821886585581726e-02,-1.583704540370033109e-01,1.623597905046707604e-02,6.714857522380586197e-01,5.659377038711232988e-01,6.291758503831140770e-01,4.846352426601547858e-01,4.894837561719307395e-01,1.000000000000000000e+00,5.698455011978048601e-01,6.391934804504023626e-01,6.361046276836637148e-01,4.664050182102424946e-01,5.324651395631810336e-02,5.171313630997470545e-01,3.084126688795680860e-01,2.605786243228561672e-01,5.751940361024361348e-01,4.438566941947219568e-01,3.528681226172875607e-01
5.424957704550515958e-01,4.772670467819470908e-01,2.275403883722872111e-01,-3.016506677873856956e-01,3.034012453963445544e-01,5.205339446434715800e-01,-1.200896412162896915e-01,-1.309150479734494665e-01,4.335299364201776195e-01,5.923882513565018604e-01,4.336789274149482898e-01,1.949584774749633098e-01,1.135350427809503904e-01,4.646961639596535742e-01,1.443225659248490444e-01,6.667799604439901273e-01,4.869210702301224880e-01,3.008914086646110042e-01,4.408791912922255807e-01,1.530733258384710249e-01,-1.433308646748305236e-02,-1.036707280036062856e-01,3.792268724950783598e-01,1.890769195255631863e-01,3.728920611264949780e-01,5.018180171780948218e-01,4.181035365832938555e-01,5.698455011978048601e-01,1.000000000000000000e+00,6.242826499588034483e-01,3.470293381678659639e-01,7.553593494191985780e-01,-4.883370769263001981e-02,3.316711582132356173e-01,3.939383962259496719e-01,4.530789917242331044e-01,6.468532744690868030e-01,2.051420935003900603e-01,1.248297024949049233e-01
6.231340153632376477e-01,5.801882103959267178e-01,4.344245082786741263e-01,-4.560278951983062767e-01,5.660077671236372066e-01,6.053993336527664360e-01,-1.376605678698470669e-01,-2.762525384954128693e-01,7.812821736299440101e-01,8.353384114848425579e-01,4.720788789931065210e-01,4.166728351719776735e-01,3.412503265440874345e-01,7.044417963502046520e-01,3.347811911333646862e-01,8.487376755265929607e-01,5.389193056213967825e-01,3.067971174883512564e-01,5.190233036621425544e-01,2.015044325119773605e-01,-3.010191094384200849e-01,3.151257662677253019e-02,6.502672299420153568e-01,4.805036387207335946e-01,6.333213523792573518e-01,5.237854896275841998e-01,2.913822915704325500e-01,6.391934804504023626e-01,6.242826499588034483e-01,1.000000000000000000e+00,4.679598597717847808e-01,6.136314893144187987e-01,-1.722991902007464660e-01,5.572915978841906925e-01,3.648305094807949289e-01,5.479707892296052929e-01,6.403295731660303414e-01,5.446872624622909331e-01,4.506162706160868336e-01
2.794649248065277369e-01,6.736622902490924103e-01,5.269674548476374065e-01,-4.937852648765236885e-01,4.254603257735901090e-01,4.964991459305568289e-01,-1.137280818949076289e-01,-3.904573126696089247e-01,5.626892853044815901e-01,6.003972224440932148e-01,3.606913256856338901e-01,4.152619148868854082e-01,2.365023385070879128e-02,5.535302178925368688e-01,4.490909049888858751e-01,4.779837694359427291e-01,2.991470312699878176e-01,4.641638238219560342e-01,5.094868524650981723e-01,5.276776629077149089e-02,-4.299279044767507774e-01,1.831688335768715536e-01,6.529161586825148467e-01,6.328356957709414532e-01,6.214098775460857871e-01,2.450655645440946440e-01,2.574096243446977739e-01,6.361046276836637148e-01,3.470293381678659639e-01,4.679598597717847808e-01,1.000000000000000000e+00,4.516543136073070674e-01,-2.824967057896468070e-01,2.794063060640156748e-01,3.569758358671895060e-01,8.951877529460208760e-02,5.449297848529887078e-01,5.234608214824055805e-01,6.200578842022441695e-01
4.120600240402539360e-01,5.209898592749057089e-01,1.996311527871904301e-01,-2.398552017834082728e-01,2.749778351996380321e-01,5.263187649759888398e-01,-1.447951357958898733e-01,-1.072927193437110127e-01,4.959923767851769361e-01,6.132348438220155407e-01,4.341125682569536015e-01,3.703492015828954154e-01,9.185120292387037588e-02,5.861847282574708107e-01,1.989314841530319677e-01,6.138504249410208224e-01,5.481518139035568282e-01,2.725790930853795313e-01,3.836965416918694527e-01,1.557821717311616283e-01,-1.175192241075827121e-01,6.078755148189009250e-02,4.116493683058473629e-01,2.026600850745864657e-01,3.698422088315213019e-01,2.708773685594682012e-01,8.768953379971561324e-02,4.664050182102424946e-01,7.553593494191985780e-01,6.136314893144187987e-01,4.516543136073070674e-01,1.000000000000000000e+00,-2.320874015331804152e-01,3.944052508316691630e-01,3.682768948909576068e-01,3.538685679706596865e-01,6.156076160353359805e-01,3.291448202343634222e-01,3.401606308400179079e-01
-1.598369345998342794e-01,-2.899921511951956132e-01,2.779022307637727951e-01,1.979184526111900100e-01,1.818136100147779155e-01,-1.715522324983660973e-01,1.893538556969950604e-01,-4.533149408600398167e-01,-1.864419015833545801e-01,-1.747734334274715362e-01,1.015097498776594276e-01,-3.474370111417240392e-01,-3.291481123723861701e-01,-1.853425417689011367e-01,-3.555663776098706430e-01,-1.335930135668945418e-01,2.303070466115808568e-02,-2.876835450236873148e-01,-3.237808409231368034e-01,-2.963682874702293635e-01,6.217526042764019989e-01,-2.119351303601095249e-01,-1.715117291843402392e-01,-9.351839478808439410e-02,-1.556936271482475820e-01,-1.282998368001772027e-01,1.223152586897707367e-01,5.324651395631810336e-02,-4.883370769263001981e-02,-1.722991902007464660e-01,-2.824967057896468070e-01,-2.320874015331804152e-01,1.000000000000000000e+00,1.096551642854933090e-01,-9.692563344070860565e-02,-2.535971581155228582e-01,-2.373096108837343399e-01,-4.160232303005497179e-01,-5.329948245571685117e-01
4.260707132670627506e-01,5.298558670733186649e-01,3.516247959914952648e-01,-3.090551909636503614e-01,4.609915435061498479e-01,2.934416050703389511e-01,-7.759332722664401272e-02,-2.907856390846014771e-01,6.768024270001936626e-01,5.914371395204545134e-01,3.162846722405771027e-01,2.570951819767247071e-01,2.361846195004360383e-01,4.827910463437626865e-01,1.962768481635642215e-01,5.758554702142438808e-01,3.392604608797568089e-01,2.074499335174955286e-02,3.076092927580992287e-01,1.075447477141365377e-01,-3.707414386536030115e-02,3.466018449437713311e-02,4.644411992957993562e-01,3.818221507928638014e-01,5.070868891637977383e-01,1.954180974586571251e-01,1.411620022177953737e-01,5.171313630997470545e-01,3.316711582132356173e-01,5.572915978841906925e-01,2.794063060640156748e-01,3.944052508316691630e-01,1.096551642854933090e-01,1.000000000000000000e+00,1.457738264384111082e-01,1.837272827984458845e-01,3.303907359290830792e-01,2.536433377503094500e-01,2.215955393957687036e-01
7.470647715909571607e-02,3.478761166881257361e-01,1.514102452699455370e-01,-1.979778774179958012e-01,1.093399354013339098e-01,2.580384462120317579e-01,-5.538162459092121209e-02,-5.673539280857008843e-02,1.804606531223244270e-01,3.754766397921727172e-01,2.138627409737501872e-01,4.875695638679544697e-02,5.306549381810876653e-02,1.188249794783654695e-01,2.004825075614466434e-01,3.656629257710256042e-01,1.314315382580466818e-01,2.516775592263858496e-01,1.916117134651367793e-01,1.030292251267267561e-01,-5.971446439625736208e-02,3.665535216724897377e-02,2.480650012343268707e-01,2.673018104940683703e-01,2.709789361048794976e-01,8.920669948975028241e-02,1.090211574438203351e-01,3.084126688795680860e-01,3.939383962259496719e-01,3.648305094807949289e-01,3.569758358671895060e-01,3.682768948909576068e-01,-9.692563344070860565e-02,1.457738264384111082e-01,1.000000000000000000e+00,2.981758752879862251e-01,6.121741832323435162e-01,-4.125507813338874161e-03,8.901350373046390541e-02
6.288331125184378756e-01,3.593759089283500852e-01,-6.624413475530686879e-02,-1.629531652396092600e-01,1.410381683698025135e-01,2.570071003117911368e-01,-7.208477859492408435e-02,1.766967301519117572e-01,2.689789816847063531e-01,3.834502071820404256e-01,4.017892031616653037e-02,1.585819922703967932e-01,2.637451031465521400e-01,2.076944082603014441e-01,1.280854547530070331e-01,4.929063390462143923e-01,7.858450796080961032e-02,1.619648572187221414e-01,3.105060756341728734e-01,1.120114142561324105e-01,-9.492014150042270282e-02,-3.945057645746054276e-02,1.399666175404509771e-01,7.016516010074498599e-02,1.544445988941277326e-01,5.908598772191850923e-01,3.776973794258584038e-01,2.605786243228561672e-01,4.530789917242331044e-01,5.479707892296052929e-01,8.951877529460208760e-02,3.538685679706596865e-01,-2.535971581155228582e-01,1.837272827984458845e-01,2.981758752879862251e-01,1.000000000000000000e+00,3.907862862678199711e-01,2.315493613026790298e-01,1.596121420852077144e-01
4.689865149351997720e-01,5.504672036871065544e-01,3.233945912631739361e-01,-3.650921076423488398e-01,4.071380823728044107e-01,5.523347901540041072e-01,-1.323413834593339389e-01,-1.605775632463810609e-01,5.370384087049786537e-01,6.257165966953079916e-01,3.099430056908017428e-01,2.254107312203652291e-01,1.849775770645501194e-01,5.065602265830602136e-01,2.495070971773294677e-01,6.503224190453299469e-01,3.461714549691720100e-01,4.789766252840109706e-01,4.801188879690856393e-01,1.388142605734189461e-01,-2.654516889174027283e-01,4.180976362851560740e-02,5.214999473857108159e-01,4.154914895637318861e-01,4.940154427472429055e-01,4.116704391357160486e-01,2.715295510703701898e-01,5.751940361024361348e-01,6.468532744690868030e-01,6.403295731660303414e-01,5.449297848529887078e-01,6.156076160353359805e-01,-2.373096108837343399e-01,3.303907359290830792e-01,6.121741832323435162e-01,3.907862862678199711e-01,1.000000000000000000e+00,3.662654904790643151e-01,3.470327635618312145e-01
5.060840859561065441e-01,4.172603851978092804e-01,3.078218625876469328e-01,-4.249918501878529042e-01,5.516319045239329588e-01,4.928048938257962863e-01,-8.269108973555322484e-02,-1.023611886126836595e-01,6.929679650424266368e-01,5.137661375839968070e-01,2.083903911443406032e-01,4.082185819427019968e-01,3.677052275189707231e-01,6.951667074483445230e-01,5.464020484642897468e-01,4.577253623597228316e-01,3.555581054859502377e-01,2.152203673673265261e-01,5.512337479537927631e-01,2.297321993360610937e-01,-5.314089718372175808e-01,1.580565487601430785e-01,6.650397252268002157e-01,4.862960939561736806e-01,6.641299413597480106e-01,4.846934347260909992e-01,1.640195018004377836e-01,4.438566941947219568e-01,2.051420935003900603e-01,5.446872624622909331e-01,5.234608214824055805e-01,3.291448202343634222e-01,-4.160232303005497179e-01,2.536433377503094500e-01,-4.125507813338874161e-03,2.315493613026790298e-01,3.662654904790643151e-01,1.000000000000000000e+00,8.462690640367706019e-01
3.239006115942504316e-01,5.012857626274065392e-01,3.042514329056718592e-01,-3.979741589775189214e-01,4.396072456208037771e-01,4.445994957481477217e-01,-1.074469272491599958e-01,-1.085730803076390277e-01,6.406106411860644778e-01,4.688723434823552916e-01,2.214698194847698198e-01,4.349476526902275042e-01,3.450869473709506918e-01,6.486850081236787968e-01,5.714028466175267162e-01,3.374491989216413246e-01,3.079171501898005925e-01,3.119840895109874390e-01,5.258835358531025461e-01,1.967602015772779434e-01,-6.121252187957884061e-01,2.189754580636698034e-01,6.279963513886900328e-01,4.406148643460346959e-01,6.528591702902670768e-01,2.683660466008679357e-01,4.508093715106059607e-02,3.528681226172875607e-01,1.248297024949049233e-01,4.506162706160868336e-01,6.200578842022441695e-01,3.401606308400179079e-01,-5.329948245571685117e-01,2.215955393957687036e-01,8.901350373046390541e-02,1.596121420852077144e-01,3.470327635618312145e-01,8.462690640367706019e-01,1.000000000000000000e+00
