1.000000000000000000e+00,5.939915659456681402e-02,5.466016472337136278e-01,2.658348603107600350e-01,6.056663637363759456e-01,-2.880016193852806272e-01,-1.518428003523218106e-01,-5.266668086428527573e-01,7.375209939220801481e-01,5.854443388025176720e-01,-1.091450905844584263e-01,3.223643766684853307e-01,-2.125975011983754492e-01,4.554741831869103530e-01,7.463938901849839214e-01,7.845587536249017946e-01,5.221897317781759584e-01,6.938035384440207620e-01,2.249139494113359949e-01,8.313421871382020711e-01,6.050191228395604970e-01,5.310410209733311682e-01,6.044892090000349993e-01,1.471156960487535192e-01,5.455393200894229633e-01,7.623134761340746302e-01,-5.641661468496347309e-01,7.857366297815637779e-01,2.129437468870486183e-01,7.922207342517244566e-01,-1.826503744860412115e-01,-2.979117636508746836e-01,7.777356903685119782e-01,6.309349544135709476e-01,-4.539127751993887044e-02,5.208166427254600217e-01,-4.204617367677902506e-01,7.393823137573102278e-01,2.023498946932892339e-01
5.939915659456681402e-02,1.000000000000000000e+00,-1.144354810925576477e-01,-1.036208963271948169e-01,-5.572404979930196955e-02,-1.515250266556806003e-01,2.666120001597641620e-01,1.511960774138803865e-01,8.452577884583685475e-02,2.478823987222159297e-01,3.595820326387802468e-01,3.075332039017164010e-01,5.713686229197662003e-02,-1.412334570444438164e-01,-7.028809184882843508e-02,1.438860165276786285e-01,-1.153080690988305540e-01,2.759981284007151370e-02,2.904528272993893157e-01,-1.711566290694712111e-01,-1.941330186725237772e-01,6.981797193454006289e-02,4.293836241296510731e-02,-1.876658407846714949e-01,-1.297435388442004511e-01,-2.787984119722831111e-01,1.507767395216439987e-01,-2.559280289276542608e-01,-4.057097003085715081e-01,-8.447091002826942474e-02,1.094927841254191153e-01,1.682167381972430320e-01,-3.735978233208230720e-02,1.218313819387814301e-01,-3.487041774973519970e-01,2.073269361779145337e-01,-4.925863727837723194e-02,-2.081462786587105762e-01,3.455851434384385468e-01
5.466016472337136278e-01,-1.144354810925576477e-01,1.000000000000000000e+00,4.156405015312655271e-01,8.051481002631957207e-01,-2.187807706944303598e-01,-8.685992516863798307e-02,-9.362486931903514220e-01,5.696689209525673814e-01,4.792830793976025072e-01,-1.270630152831392357e-01,9.102356210493407762e-02,-3.454511330755536402e-01,3.570305359907323117e-01,3.892476011503478994e-01,4.434715083423556581e-01,1.344322947421325298e-01,6.505572591291750584e-01,1.689254919008578715e-01,5.691479012389178971e-01,5.880358603521695926e-01,3.795994553000772709e-01,4.386881054913606692e-01,3.504604791874835895e-02,4.243442264036508815e-01,6.621664371020822282e-01,-5.446226672522126028e-02,6.814667931826158265e-01,1.109285511828703580e-01,5.968543577803173683e-01,2.848380923554652555e-01,-3.041081062130639445e-01,3.958115022020458063e-01,5.791140417709981225e-01,1.660856599336509726e-02,2.605527158658230702e-01,-2.727403822459653071e-01,4.305672953097803846e-01,1.524536143606536054e-01
2.658348603107600350e-01,-1.036208963271948169e-01,4.156405015312655271e-01,1.000000000000000000e+00,4.301707071876572641e-01,-3.924450908428572249e-01,9.102141491952955854e-02,-4.060219981166124370e-01,3.570503534255966560e-01,3.485331779293838195e-01,-8.189445018521433750e-02,2.595435283396437323e-02,7.253745105211842348e-02,2.009635118768251238e-01,3.966015835339097712e-02,3.979906714942920698e-01,-2.027468927144034441e-02,3.390694966330769500e-01,1.432581460657023353e-01,3.921252083287178336e-01,2.906446427346366934e-01,2.871366710918111242e-01,1.429680455103092274e-01,-1.581821301861240092e-01,1.375169771086469928e-01,2.504697152629030699e-01,-2.279680597675937392e-01,3.171550466949497049e-01,-6.168197144051131703e-02,4.965441454530219456e-01,-6.840515914012600986e-03,-1.823081643253186834e-01,2.924249167348477174e-01,2.630288915865634514e-01,-9.539307820653537828e-02,9.208348928172965797e-02,-2.577911686825743454e-01,9.805498177186812436e-02,3.980528445717731317e-02
6.056663637363759456e-01,-5.572404979930196955e-02,8.051481002631957207e-01,4.301707071876572641e-01,1.000000000000000000e+00,-2.459244749390206985e-01,-9.547258500050233299e-02,-8.219244561638847646e-01,6.809856754483285535e-01,5.907025726932685350e-01,-1.576605803227610070e-01,2.130575698320345546e-01,-3.327541970125861837e-01,3.767606494053263866e-01,4.955394654436202639e-01,5.616626724390122449e-01,2.223993740176809786e-01,7.511679644320041760e-01,2.803001103655859971e-01,5.967265206451237702e-01,4.828447252801439937e-01,2.767340107976231089e-01,4.596364415122715652e-01,-2.522736688929285917e-02,4.158654775297662143e-01,6.651253778617706169e-01,-2.039756808199597038e-01,6.606748742734714908e-01,5.603791903584212641e-02,6.140387438839760570e-01,1.188608721819288255e-01,-2.903114205287838923e-01,4.494558392027157012e-01,6.372554538655857970e-01,-7.584180822753813778e-02,3.152523754151443924e-01,-3.067050142141468649e-01,5.116774125269558660e-01,2.261283392933297887e-01
-2.880016193852806272e-01,-1.515250266556806003e-01,-2.187807706944303598e-01,-3.924450908428572249e-01,-2.459244749390206985e-01,1.000000000000000000e+00,-2.774203077652753202e-01,1.455387590112278973e-01,-5.266899524166595015e-01,-4.037188247990857737e-01,1.506701049198409803e-01,-6.485110890595436883e-01,5.682164754055964336e-03,-4.011305996022477421e-02,-3.541019972522954085e-01,-5.086322641087857033e-01,2.473029108747053229e-01,-5.264268783781517191e-01,-5.654982653364497569e-01,-3.254739099460010054e-01,-1.546232524597579983e-01,-5.017386059408941446e-01,-3.002676809505815392e-01,5.695587534018393683e-01,-1.696727051368886741e-01,-1.481170793432415658e-02,2.625489963983299591e-01,-7.440422227622960072e-02,6.010548280027298018e-01,-4.358247316725781806e-01,-3.445429444192189827e-03,6.505429774663715747e-01,-4.803253045057033765e-01,-6.517021836548544389e-01,7.395510339160580315e-01,-5.839605777686766030e-01,7.965776458206245136e-01,-2.626994562820363366e-01,-6.970870801148407736e-01
-1.518428003523218106e-01,2.666120001597641620e-01,-8.685992516863798307e-02,9.102141491952955854e-02,-9.547258500050233299e-02,-2.774203077652753202e-01,1.000000000000000000e+00,1.451017308328053645e-01,4.121435566881749557e-02,5.892460403340576275e-02,-2.184038455623704134e-01,2.947895967693082153e-01,-1.466273726560654023e-01,-2.095617771302811516e-01,-6.327182835641140257e-02,5.826527031738639589e-02,-4.405870681589789672e-01,8.454353592171934273e-02,5.597846522017443371e-01,-1.272882040168395179e-01,-1.370331027603310069e-02,1.564534489322031430e-01,6.541496315476366674e-02,-4.931865071282351409e-01,-6.242189930258456448e-02,-3.633359761086895623e-01,2.059103056386731578e-01,-3.128695522959512032e-01,-5.089492373736872466e-01,-1.232987649443928746e-01,3.084352928202008792e-01,-2.676841714164654440e-01,2.576767031595081359e-02,1.160738389615335181e-01,-3.869606018390107649e-01,1.201481319109019841e-01,-2.132682054824204532e-01,-1.784481189533234646e-01,4.532025810573548363e-01
-5.266668086428527573e-01,1.511960774138803865e-01,-9.362486931903514220e-01,-4.060219981166124370e-01,-8.219244561638847646e-01,1.455387590112278973e-01,1.451017308328053645e-01,1.000000000000000000e+00,-5.349345450159136428e-01,-4.738950018996135327e-01,1.055191021628756193e-01,-1.028002044811527488e-02,3.891537489387328352e-01,-3.799561277390574587e-01,-3.585936389784382672e-01,-4.045315373856087637e-01,-1.733328615237327841e-01,-6.046081400757974400e-01,-9.825489643716855959e-02,-5.363218091233007412e-01,-5.521649169097906373e-01,-3.013016246571924572e-01,-4.421513431174502462e-01,-1.058311819766709488e-01,-4.654743496631111865e-01,-6.839048916043977133e-01,5.559002221260105764e-02,-6.919029308947307610e-01,-1.881546530431390807e-01,-5.847589950891880495e-01,-3.004092621765485083e-01,2.263503343982816995e-01,-3.460913521334567644e-01,-5.265537088229458318e-01,-7.896858663337784356e-02,-2.074000720002499853e-01,1.975910210976240533e-01,-4.321445508169446392e-01,-7.735079419722720728e-02
7.375209939220801481e-01,8.452577884583685475e-02,5.696689209525673814e-01,3.570503534255966560e-01,6.809856754483285535e-01,-5.266899524166595015e-01,4.121435566881749557e-02,-5.349345450159136428e-01,1.000000000000000000e+00,7.791896738225250196e-01,-1.217123948797537436e-01,5.590302150351160737e-01,-2.809679630619401070e-01,3.652787986133966269e-01,7.049069295667367285e-01,8.370830476139625720e-01,2.808518258658064259e-01,8.499195077037833279e-01,4.844248699932788282e-01,7.402416423566945403e-01,4.753118960639446389e-01,6.042439749266020899e-01,6.766545624009380200e-01,-1.640867635981982930e-01,5.588804362638657430e-01,6.343666517115588155e-01,-3.158205441474309372e-01,6.468619948662188701e-01,-1.154410041065557641e-01,7.634424828765197235e-01,6.163023248059953767e-03,-3.940499351184265087e-01,7.786906035842020568e-01,8.265309633951591906e-01,-3.428360282933637926e-01,5.713189017513915502e-01,-5.617460972025364319e-01,6.552483717673059926e-01,5.017959145407264732e-01
5.854443388025176720e-01,2.478823987222159297e-01,4.792830793976025072e-01,3.485331779293838195e-01,5.907025726932685350e-01,-4.037188247990857737e-01,5.892460403340576275e-02,-4.738950018996135327e-01,7.791896738225250196e-01,1.000000000000000000e+00,-1.384206604334698720e-01,4.926795449483538647e-01,-3.071640288550278597e-01,3.066577894025914186e-01,4.285807355271210040e-01,7.507348276147498556e-01,8.776919310191245993e-02,6.399838954432865989e-01,4.683368103284878958e-01,4.920836761470317455e-01,2.908599314819352855e-01,4.662131509351986058e-01,6.605938019855560617e-01,-1.080939327826157398e-01,5.892073183728205876e-01,4.355820993964283350e-01,-5.054809969228121758e-02,4.687173429584301498e-01,-1.998245295777319186e-01,6.116615678603115613e-01,1.499000205123781349e-01,-2.593825447876948465e-01,5.595129844181553347e-01,6.893236004310889786e-01,-3.213904299045114432e-01,5.073289947251071741e-01,-3.995145448467991023e-01,3.958022176096381850e-01,4.755595615672882914e-01
-1.091450905844584263e-01,3.595820326387802468e-01,-1.270630152831392357e-01,-8.189445018521433750e-02,-1.576605803227610070e-01,1.506701049198409803e-01,-2.184038455623704134e-01,1.055191021628756193e-01,-1.217123948797537436e-01,-1.384206604334698720e-01,1.000000000000000000e+00,-1.527141410404160293e-01,2.763115751277797072e-01,-4.512077801357957177e-03,-6.480946404494339341e-02,-9.645202405577654736e-02,3.254141545049432649e-01,-1.483566170072568302e-01,-2.416124106853393128e-01,-1.151558903330099776e-01,-2.015651715103385366e-01,-1.138205955865895513e-01,-1.512563756045470498e-01,1.219760582899736823e-01,-2.253672407585946280e-01,-1.037905752526334900e-02,3.178145995764120740e-02,-3.126939220511642387e-02,1.449553139137769175e-01,-1.287892592808709546e-01,-1.690986403068927557e-01,6.011719621618084597e-01,-1.023590390079042733e-01,-1.659187246908278845e-01,1.129369080935796604e-01,-1.913624584183080402e-01,3.172314007374359979e-01,-3.599406991394098893e-02,-1.614246705611261101e-01
3.223643766684853307e-01,3.075332039017164010e-01,9.102356210493407762e-02,2.595435283396437323e-02,2.130575698320345546e-01,-6.485110890595436883e-01,2.947895967693082153e-01,-1.028002044811527488e-02,5.590302150351160737e-01,4.926795449483538647e-01,-1.527141410404160293e-01,1.000000000000000000e+00,-9.658002545361378532e-02,-7.408462619534517124e-02,5.481445298232229257e-01,5.985412696859493398e-01,-1.064108871604622225e-01,5.811449056780224609e-01,7.745925915099579617e-01,3.176968176604600402e-01,1.164515406841857836e-01,5.818348759065606890e-01,3.585538746295544033e-01,-5.530960312013354363e-01,1.690323896912745982e-01,4.015396395350463374e-03,-1.394318401549252684e-01,4.858073731310912774e-02,-6.334684206441724141e-01,2.763906964220612106e-01,-7.021804959341461372e-02,-4.736833848978388439e-01,5.478357878586134211e-01,7.273055245725632556e-01,-7.460353306450573374e-01,6.177092670645718542e-01,-7.004046290000562891e-01,3.334801964962305632e-01,8.558491072661472687e-01
-2.125975011983754492e-01,5.713686229197662003e-02,-3.454511330755536402e-01,7.253745105211842348e-02,-3.327541970125861837e-01,5.682164754055964336e-03,-1.466273726560654023e-01,3.891537489387328352e-01,-2.809679630619401070e-01,-3.071640288550278597e-01,2.763115751277797072e-01,-9.658002545361378532e-02,1.000000000000000000e+00,-1.316994767708689895e-01,-2.405419032596904094e-01,-1.921443576938555442e-01,4.693315545462210803e-02,-2.984911559879712128e-01,-2.356598195443451726e-01,-1.253411145633495094e-01,-2.707183479531601322e-01,-2.948661275229365678e-02,-3.109694723663538052e-01,-1.453085262057842060e-02,-3.075019863905252282e-01,-2.803782085594858087e-01,-8.241682780476275449e-02,-2.507115883513800214e-01,1.821125062971344286e-02,-2.273796532362399037e-01,-5.173343644866457147e-01,2.409340681523189920e-01,-1.103327619131308085e-01,-3.706249538763287110e-01,1.159726034808726824e-01,-2.197778277957816162e-01,1.187489201267450389e-01,-1.917144746563712865e-01,-1.244823850565745377e-01
4.554741831869103530e-01,-1.412334570444438164e-01,3.570305359907323117e-01,2.009635118768251238e-01,3.767606494053263866e-01,-4.011305996022477421e-02,-2.095617771302811516e-01,-3.799561277390574587e-01,3.652787986133966269e-01,3.066577894025914186e-01,-4.512077801357957177e-03,-7.408462619534517124e-02,-1.316994767708689895e-01,1.000000000000000000e+00,3.195307490702389841e-01,3.620308694170706332e-01,3.966409025986024073e-01,2.951940844224193450e-01,-4.626607567934680476e-02,4.577225547880230394e-01,3.579474006913567208e-01,1.998265365900944723e-01,3.710057393357094058e-01,5.249691961873839130e-01,4.118512661533949570e-01,5.219446425173123183e-01,-2.536618354282423327e-01,5.185260174965029556e-01,4.183661970926260132e-01,4.465420404954333899e-01,3.311613013016493495e-02,-3.940266932910370390e-02,3.830714228445620262e-01,2.110160269582829762e-01,2.745274110429867798e-01,3.461501350652369524e-01,3.794593947448339499e-02,4.032453038312071580e-01,-1.143753039537151184e-01
7.463938901849839214e-01,-7.028809184882843508e-02,3.892476011503478994e-01,3.966015835339097712e-02,4.955394654436202639e-01,-3.541019972522954085e-01,-6.327182835641140257e-02,-3.585936389784382672e-01,7.049069295667367285e-01,4.285807355271210040e-01,-6.480946404494339341e-02,5.481445298232229257e-01,-2.405419032596904094e-01,3.195307490702389841e-01,1.000000000000000000e+00,7.285031582095901070e-01,4.970109849030787674e-01,7.749869313312515162e-01,4.559088742166499952e-01,7.710601150383599167e-01,4.898845690005488307e-01,5.601881740998292392e-01,5.463973491003922822e-01,-1.067393046684918523e-01,4.584115680299139517e-01,6.594888707568639097e-01,-5.592175091211285531e-01,6.583870968311373861e-01,3.764525504614639473e-02,6.102912226171446353e-01,-2.872857615735513459e-01,-3.452657416813134650e-01,8.096380836099124068e-01,7.276194983869560540e-01,-2.489085468806067070e-01,5.735838395561070335e-01,-5.297339048989034849e-01,8.705356175386261830e-01,4.367309274483427428e-01
7.845587536249017946e-01,1.438860165276786285e-01,4.434715083423556581e-01,3.979906714942920698e-01,5.616626724390122449e-01,-5.086322641087857033e-01,5.826527031738639589e-02,-4.045315373856087637e-01,8.370830476139625720e-01,7.507348276147498556e-01,-9.645202405577654736e-02,5.985412696859493398e-01,-1.921443576938555442e-01,3.620308694170706332e-01,7.285031582095901070e-01,1.000000000000000000e+00,2.951052772806173619e-01,7.778250735402261196e-01,5.069326682991025512e-01,7.514961773321122696e-01,4.251777304471801022e-01,5.977380076182909896e-01,6.685437354235527208e-01,-1.269050776991130225e-01,5.216588836365296800e-01,5.755237456319881595e-01,-4.809644010125130875e-01,6.184162833695139305e-01,-1.351690912361990515e-01,7.667790523418238635e-01,-1.889839393097408338e-01,-3.592826123312898301e-01,8.058486506688733453e-01,7.820530479186950101e-01,-3.548389023808271037e-01,6.322947703690430243e-01,-5.801358783490614401e-01,6.563197673676480770e-01,4.838969857287268028e-01
5.221897317781759584e-01,-1.153080690988305540e-01,1.344322947421325298e-01,-2.027468927144034441e-02,2.223993740176809786e-01,2.473029108747053229e-01,-4.405870681589789672e-01,-1.733328615237327841e-01,2.808518258658064259e-01,8.776919310191245993e-02,3.254141545049432649e-01,-1.064108871604622225e-01,4.693315545462210803e-02,3.966409025986024073e-01,4.970109849030787674e-01,2.951052772806173619e-01,1.000000000000000000e+00,2.309222279072438710e-01,-2.066315871987619568e-01,5.538714475661444814e-01,2.716320668695197393e-01,2.106310530295055217e-01,1.951913905206012489e-01,4.632130800621877542e-01,2.377280513187783606e-01,6.234948360297379866e-01,-4.867477066043560119e-01,6.117803720967853742e-01,6.182600652179632839e-01,3.657600515098550775e-01,-4.390239572449276539e-01,3.706684973166720631e-01,4.448444248754639951e-01,6.900218560899780418e-02,3.742968485300659509e-01,3.110898364410161210e-02,1.642708163389144382e-01,5.803039735250817843e-01,-2.798267021181545244e-01
6.938035384440207620e-01,2.759981284007151370e-02,6.505572591291750584e-01,3.390694966330769500e-01,7.511679644320041760e-01,-5.264268783781517191e-01,8.454353592171934273e-02,-6.046081400757974400e-01,8.499195077037833279e-01,6.399838954432865989e-01,-1.483566170072568302e-01,5.811449056780224609e-01,-2.984911559879712128e-01,2.951940844224193450e-01,7.749869313312515162e-01,7.778250735402261196e-01,2.309222279072438710e-01,1.000000000000000000e+00,5.749648135659374271e-01,7.434523803608649173e-01,5.064854484924086186e-01,6.181416687002905253e-01,5.646837545400797964e-01,-2.551152031658512898e-01,4.354169448173502710e-01,6.309094444683347458e-01,-3.300139821926780237e-01,6.353693238411398658e-01,-1.730492358500330119e-01,6.677875068926079072e-01,-1.214253134221859529e-03,-4.766441405168806988e-01,7.363737680953695852e-01,8.552233084689639941e-01,-3.958942571174988712e-01,5.469180227316322584e-01,-6.186932702542696783e-01,6.867498059142527200e-01,5.508345044041794702e-01
2.249139494113359949e-01,2.904528272993893157e-01,1.689254919008578715e-01,1.432581460657023353e-01,2.803001103655859971e-01,-5.654982653364497569e-01,5.597846522017443371e-01,-9.825489643716855959e-02,4.844248699932788282e-01,4.683368103284878958e-01,-2.416124106853393128e-01,7.745925915099579617e-01,-2.356598195443451726e-01,-4.626607567934680476e-02,4.559088742166499952e-01,5.069326682991025512e-01,-2.066315871987619568e-01,5.749648135659374271e-01,1.000000000000000000e+00,2.583370794114866476e-01,8.280618377166945598e-02,4.731587761261846770e-01,3.578065709086332702e-01,-5.774337407848181281e-01,1.490189422626623517e-01,-4.397436387086714471e-02,-2.796884659654774383e-02,1.371781485129247927e-02,-6.528481040097005028e-01,2.259965275304351429e-01,4.373423527472238698e-02,-4.889965577968908295e-01,4.457076459910427335e-01,6.295809592272910704e-01,-6.778139170923437318e-01,5.698966463189891751e-01,-5.945373137416648524e-01,2.414317496243356120e-01,8.164181170847960578e-01
8.313421871382020711e-01,-1.711566290694712111e-01,5.691479012389178971e-01,3.921252083287178336e-01,5.967265206451237702e-01,-3.254739099460010054e-01,-1.272882040168395179e-01,-5.363218091233007412e-01,7.402416423566945403e-01,4.920836761470317455e-01,-1.151558903330099776e-01,3.176968176604600402e-01,-1.253411145633495094e-01,4.577225547880230394e-01,7.710601150383599167e-01,7.514961773321122696e-01,5.538714475661444814e-01,7.434523803608649173e-01,2.583370794114866476e-01,1.000000000000000000e+00,6.697460990642284395e-01,6.602255426333373256e-01,5.576262298545986429e-01,7.603797236696431538e-02,5.276682262950695979e-01,7.689383965266317622e-01,-5.821237982942735201e-01,8.307249672462847512e-01,2.571801506722226072e-01,7.764261902138260840e-01,-2.134560183038136660e-01,-2.702423330214175357e-01,8.551578881850416813e-01,6.193693430008265777e-01,-2.012267884743629276e-02,4.557558968694452317e-01,-4.073950275279540345e-01,7.797107533052193284e-01,1.978052394241693601e-01
6.050191228395604970e-01,-1.941330186725237772e-01,5.880358603521695926e-01,2.906446427346366934e-01,4.828447252801439937e-01,-1.546232524597579983e-01,-1.370331027603310069e-02,-5.521649169097906373e-01,4.753118960639446389e-01,2.908599314819352855e-01,-2.015651715103385366e-01,1.164515406841857836e-01,-2.707183479531601322e-01,3.579474006913567208e-01,4.898845690005488307e-01,4.251777304471801022e-01,2.716320668695197393e-01,5.064854484924086186e-01,8.280618377166945598e-02,6.697460990642284395e-01,1.000000000000000000e+00,4.772693041376933065e-01,3.048530461358738286e-01,1.209721362590028271e-01,3.444282607146602615e-01,5.952013328111441792e-01,-3.103234385963443143e-01,6.257961528690956232e-01,2.926504220088401165e-01,5.462730524876877602e-01,1.491122361892597281e-01,-2.901450739378800825e-01,5.570158857163411970e-01,4.237882456999885195e-01,1.407222431583732003e-01,2.618609795470892565e-01,-2.602179195236657416e-01,4.813465138618474581e-01,3.196544582050294542e-02
5.310410209733311682e-01,6.981797193454006289e-02,3.795994553000772709e-01,2.871366710918111242e-01,2.767340107976231089e-01,-5.017386059408941446e-01,1.564534489322031430e-01,-3.013016246571924572e-01,6.042439749266020899e-01,4.662131509351986058e-01,-1.138205955865895513e-01,5.818348759065606890e-01,-2.948661275229365678e-02,1.998265365900944723e-01,5.601881740998292392e-01,5.977380076182909896e-01,2.106310530295055217e-01,6.181416687002905253e-01,4.731587761261846770e-01,6.602255426333373256e-01,4.772693041376933065e-01,1.000000000000000000e+00,4.325422888203679372e-01,-1.650259898384005552e-01,3.927963804167838857e-01,3.569543338188337911e-01,-2.229266986270101170e-01,4.451893778158131365e-01,-1.247390859593525692e-01,5.100601437403377014e-01,1.524981002480053178e-03,-3.057985756175586323e-01,7.205389314516608135e-01,6.094276349808964710e-01,-3.222122441502986989e-01,4.834868074412996264e-01,-4.934685076342895660e-01,4.889820313190351153e-01,4.972278753459060119e-01
6.044892090000349993e-01,4.293836241296510731e-02,4.386881054913606692e-01,1.429680455103092274e-01,4.596364415122715652e-01,-3.002676809505815392e-01,6.541496315476366674e-02,-4.421513431174502462e-01,6.766545624009380200e-01,6.605938019855560617e-01,-1.512563756045470498e-01,3.585538746295544033e-01,-3.109694723663538052e-01,3.710057393357094058e-01,5.463973491003922822e-01,6.685437354235527208e-01,1.951913905206012489e-01,5.646837545400797964e-01,3.578065709086332702e-01,5.576262298545986429e-01,3.048530461358738286e-01,4.325422888203679372e-01,1.000000000000000000e+00,5.292724763743244382e-03,8.090489228034073443e-01,5.158055510722460157e-01,-2.299931655567915567e-01,5.491306690044875927e-01,2.870967779667385825e-02,6.671727314507681639e-01,1.055716430519773458e-01,-2.477485483369909203e-01,6.464435534905893510e-01,5.804979132254022289e-01,-1.449739229375648919e-01,5.181532751641994006e-01,-3.120594996398372012e-01,5.780333189633256596e-01,3.667062706352416934e-01
1.471156960487535192e-01,-1.876658407846714949e-01,3.504604791874835895e-02,-1.581821301861240092e-01,-2.522736688929285917e-02,5.695587534018393683e-01,-4.931865071282351409e-01,-1.058311819766709488e-01,-1.640867635981982930e-01,-1.080939327826157398e-01,1.219760582899736823e-01,-5.530960312013354363e-01,-1.453085262057842060e-02,5.249691961873839130e-01,-1.067393046684918523e-01,-1.269050776991130225e-01,4.632130800621877542e-01,-2.551152031658512898e-01,-5.774337407848181281e-01,7.603797236696431538e-02,1.209721362590028271e-01,-1.650259898384005552e-01,5.292724763743244382e-03,1.000000000000000000e+00,1.657170383221435728e-01,3.464132945800526553e-01,-5.628099245217981633e-02,3.165641599322906452e-01,7.783966870059396692e-01,7.479196217880973441e-02,-8.437048125604637572e-02,4.495376897839107877e-01,-9.347160461556415501e-02,-3.727764756163738924e-01,7.250430106477631087e-01,-1.350599744546265579e-01,5.868236485743719699e-01,3.678286928927688298e-02,-6.523162890715389350e-01
5.455393200894229633e-01,-1.297435388442004511e-01,4.243442264036508815e-01,1.375169771086469928e-01,4.158654775297662143e-01,-1.696727051368886741e-01,-6.242189930258456448e-02,-4.654743496631111865e-01,5.588804362638657430e-01,5.892073183728205876e-01,-2.253672407585946280e-01,1.690323896912745982e-01,-3.075019863905252282e-01,4.118512661533949570e-01,4.584115680299139517e-01,5.216588836365296800e-01,2.377280513187783606e-01,4.354169448173502710e-01,1.490189422626623517e-01,5.276682262950695979e-01,3.444282607146602615e-01,3.927963804167838857e-01,8.090489228034073443e-01,1.657170383221435728e-01,1.000000000000000000e+00,5.462846047283301809e-01,-2.165017079350056717e-01,5.887618825247918908e-01,2.402479244956589044e-01,6.221473228959325530e-01,1.259766239983929337e-01,-1.722166639350355688e-01,5.706847100427379083e-01,4.507229310179415860e-01,5.546402847752111148e-02,4.070736408745458390e-01,-1.790248365737776015e-01,5.620244697569296566e-01,1.967775819810887727e-01
7.623134761340746302e-01,-2.787984119722831111e-01,6.621664371020822282e-01,2.504697152629030699e-01,6.651253778617706169e-01,-1.481170793432415658e-02,-3.633359761086895623e-01,-6.839048916043977133e-01,6.343666517115588155e-01,4.355820993964283350e-01,-1.037905752526334900e-02,4.015396395350463374e-03,-2.803782085594858087e-01,5.219446425173123183e-01,6.594888707568639097e-01,5.755237456319881595e-01,6.234948360297379866e-01,6.309094444683347458e-01,-4.397436387086714471e-02,7.689383965266317622e-01,5.952013328111441792e-01,3.569543338188337911e-01,5.158055510722460157e-01,3.464132945800526553e-01,5.462846047283301809e-01,1.000000000000000000e+00,-4.068259091031654062e-01,8.984653657209311639e-01,4.996471088504232938e-01,6.931584045588252696e-01,-1.124855533098251120e-01,-8.200094741561748946e-02,6.010903060255184949e-01,4.837898323316162097e-01,2.414642597684335257e-01,2.568775293343849575e-01,-1.517574424800914035e-01,7.435429631539127726e-01,-9.223038793282045678e-02
-5.641661468496347309e-01,1.507767395216439987e-01,-5.446226672522126028e-02,-2.279680597675937392e-01,-2.039756808199597038e-01,2.625489963983299591e-01,2.059103056386731578e-01,5.559002221260105764e-02,-3.158205441474309372e-01,-5.054809969228121758e-02,3.178145995764120740e-02,-1.394318401549252684e-01,-8.241682780476275449e-02,-2.536618354282423327e-01,-5.592175091211285531e-01,-4.809644010125130875e-01,-4.867477066043560119e-01,-3.300139821926780237e-01,-2.796884659654774383e-02,-5.821237982942735201e-01,-3.103234385963443143e-01,-2.229266986270101170e-01,-2.299931655567915567e-01,-5.628099245217981633e-02,-2.165017079350056717e-01,-4.068259091031654062e-01,1.000000000000000000e+00,-4.590591200697615171e-01,-2.461736834502325499e-01,-5.449762772365585040e-01,5.542811561678766541e-01,1.658389958634106098e-01,-5.500114544238338121e-01,-2.471553563718966728e-01,1.427862439765552501e-02,-3.524210102289402902e-01,3.369811618782116991e-01,-5.536745158193184801e-01,4.030878319100407448e-02
7.857366297815637779e-01,-2.559280289276542608e-01,6.814667931826158265e-01,3.171550466949497049e-01,6.606748742734714908e-01,-7.440422227622960072e-02,-3.128695522959512032e-01,-6.919029308947307610e-01,6.468619948662188701e-01,4.687173429584301498e-01,-3.126939220511642387e-02,4.858073731310912774e-02,-2.507115883513800214e-01,5.185260174965029556e-01,6.583870968311373861e-01,6.184162833695139305e-01,6.117803720967853742e-01,6.353693238411398658e-01,1.371781485129247927e-02,8.307249672462847512e-01,6.257961528690956232e-01,4.451893778158131365e-01,5.491306690044875927e-01,3.165641599322906452e-01,5.887618825247918908e-01,8.984653657209311639e-01,-4.590591200697615171e-01,1.000000000000000000e+00,4.808714507046751852e-01,7.474446187570141786e-01,-1.165978780567961115e-01,-9.795228235958658436e-02,6.899661880643037648e-01,5.022297837329314785e-01,2.299642528656765661e-01,3.066921640336867649e-01,-1.684666805490484809e-01,7.430589934622315873e-01,-3.553778592956768206e-02
2.129437468870486183e-01,-4.057097003085715081e-01,1.109285511828703580e-01,-6.168197144051131703e-02,5.603791903584212641e-02,6.010548280027298018e-01,-5.089492373736872466e-01,-1.881546530431390807e-01,-1.154410041065557641e-01,-1.998245295777319186e-01,1.449553139137769175e-01,-6.334684206441724141e-01,1.821125062971344286e-02,4.183661970926260132e-01,3.764525504614639473e-02,-1.351690912361990515e-01,6.182600652179632839e-01,-1.730492358500330119e-01,-6.528481040097005028e-01,2.571801506722226072e-01,2.926504220088401165e-01,-1.247390859593525692e-01,2.870967779667385825e-02,7.783966870059396692e-01,2.402479244956589044e-01,4.996471088504232938e-01,-2.461736834502325499e-01,4.808714507046751852e-01,1.000000000000000000e+00,1.440666692840927854e-01,-1.298438352454187317e-01,4.756417895270904639e-01,4.733431819378154659e-02,-3.677459379771941816e-01,8.325056505981208721e-01,-2.966847646842357689e-01,5.767398363325647592e-01,2.368412302377895795e-01,-7.346043232744852158e-01
7.922207342517244566e-01,-8.447091002826942474e-02,5.968543577803173683e-01,4.965441454530219456e-01,6.140387438839760570e-01,-4.358247316725781806e-01,-1.232987649443928746e-01,-5.847589950891880495e-01,7.634424828765197235e-01,6.116615678603115613e-01,-1.287892592808709546e-01,2.763906964220612106e-01,-2.273796532362399037e-01,4.465420404954333899e-01,6.102912226171446353e-01,7.667790523418238635e-01,3.657600515098550775e-01,6.677875068926079072e-01,2.259965275304351429e-01,7.764261902138260840e-01,5.462730524876877602e-01,5.100601437403377014e-01,6.671727314507681639e-01,7.479196217880973441e-02,6.221473228959325530e-01,6.931584045588252696e-01,-5.449762772365585040e-01,7.474446187570141786e-01,1.440666692840927854e-01,1.000000000000000000e+00,-1.175122796687061433e-01,-3.396365457962561285e-01,7.362319012086904202e-01,6.365838843027099569e-01,-8.074782662438884095e-02,5.166612142392807971e-01,-4.314655097241355541e-01,6.271196361366841998e-01,1.850235403595394956e-01
-1.826503744860412115e-01,1.094927841254191153e-01,2.848380923554652555e-01,-6.840515914012600986e-03,1.188608721819288255e-01,-3.445429444192189827e-03,3.084352928202008792e-01,-3.004092621765485083e-01,6.163023248059953767e-03,1.499000205123781349e-01,-1.690986403068927557e-01,-7.021804959341461372e-02,-5.173343644866457147e-01,3.311613013016493495e-02,-2.872857615735513459e-01,-1.889839393097408338e-01,-4.390239572449276539e-01,-1.214253134221859529e-03,4.373423527472238698e-02,-2.134560183038136660e-01,1.491122361892597281e-01,1.524981002480053178e-03,1.055716430519773458e-01,-8.437048125604637572e-02,1.259766239983929337e-01,-1.124855533098251120e-01,5.542811561678766541e-01,-1.165978780567961115e-01,-1.298438352454187317e-01,-1.175122796687061433e-01,1.000000000000000000e+00,-9.545244207276865067e-02,-2.111838020962179541e-01,7.492118361827118656e-02,-5.912419094629711713e-02,-1.029828892978131710e-01,8.559235646566744349e-02,-2.801008670624383079e-01,8.033179106105234335e-02
-2.979117636508746836e-01,1.682167381972430320e-01,-3.041081062130639445e-01,-1.823081643253186834e-01,-2.903114205287838923e-01,6.505429774663715747e-01,-2.676841714164654440e-01,2.263503343982816995e-01,-3.940499351184265087e-01,-2.593825447876948465e-01,6.011719621618084597e-01,-4.736833848978388439e-01,2.409340681523189920e-01,-3.940266932910370390e-02,-3.452657416813134650e-01,-3.592826123312898301e-01,3.706684973166720631e-01,-4.766441405168806988e-01,-4.889965577968908295e-01,-2.702423330214175357e-01,-2.901450739378800825e-01,-3.057985756175586323e-01,-2.477485483369909203e-01,4.495376897839107877e-01,-1.722166639350355688e-01,-8.200094741561748946e-02,1.658389958634106098e-01,-9.795228235958658436e-02,4.756417895270904639e-01,-3.396365457962561285e-01,-9.545244207276865067e-02,1.000000000000000000e+00,-3.354419890410237359e-01,-5.555198097129944168e-01,5.216299049141229771e-01,-4.501714161599658648e-01,7.654459538076892056e-01,-2.396761565774243874e-01,-5.350360250352758085e-01
7.777356903685119782e-01,-3.735978233208230720e-02,3.958115022020458063e-01,2.924249167348477174e-01,4.494558392027157012e-01,-4.803253045057033765e-01,2.576767031595081359e-02,-3.460913521334567644e-01,7.786906035842020568e-01,5.595129844181553347e-01,-1.023590390079042733e-01,5.478357878586134211e-01,-1.103327619131308085e-01,3.830714228445620262e-01,8.096380836099124068e-01,8.058486506688733453e-01,4.448444248754639951e-01,7.363737680953695852e-01,4.457076459910427335e-01,8.551578881850416813e-01,5.570158857163411970e-01,7.205389314516608135e-01,6.464435534905893510e-01,-9.347160461556415501e-02,5.706847100427379083e-01,6.010903060255184949e-01,-5.500114544238338121e-01,6.899661880643037648e-01,4.733431819378154659e-02,7.362319012086904202e-01,-2.111838020962179541e-01,-3.354419890410237359e-01,1.000000000000000000e+00,7.028807062603504852e-01,-2.203991781110566095e-01,6.002190545192823690e-01,-5.162849946401288914e-01,7.691957670510792822e-01,4.368458864486981508e-01
6.309349544135709476e-01,1.218313819387814301e-01,5.791140417709981225e-01,2.630288915865634514e-01,6.372554538655857970e-01,-6.517021836548544389e-01,1.160738389615335181e-01,-5.265537088229458318e-01,8.265309633951591906e-01,6.893236004310889786e-01,-1.659187246908278845e-01,7.273055245725632556e-01,-3.706249538763287110e-01,2.110160269582829762e-01,7.276194983869560540e-01,7.820530479186950101e-01,6.900218560899780418e-02,8.552233084689639941e-01,6.295809592272910704e-01,6.193693430008265777e-01,4.237882456999885195e-01,6.094276349808964710e-01,5.804979132254022289e-01,-3.727764756163738924e-01,4.507229310179415860e-01,4.837898323316162097e-01,-2.471553563718966728e-01,5.022297837329314785e-01,-3.677459379771941816e-01,6.365838843027099569e-01,7.492118361827118656e-02,-5.555198097129944168e-01,7.028807062603504852e-01,1.000000000000000000e+00,-5.791107765940096685e-01,6.551045213995797534e-01,-7.391844187731335669e-01,5.914949804232190189e-01,6.958383645466856837e-01
-4.539127751993887044e-02,-3.487041774973519970e-01,1.660856599336509726e-02,-9.539307820653537828e-02,-7.584180822753813778e-02,7.395510339160580315e-01,-3.869606018390107649e-01,-7.896858663337784356e-02,-3.428360282933637926e-01,-3.213904299045114432e-01,1.129369080935796604e-01,-7.460353306450573374e-01,1.159726034808726824e-01,2.745274110429867798e-01,-2.489085468806067070e-01,-3.548389023808271037e-01,3.742968485300659509e-01,-3.958942571174988712e-01,-6.778139170923437318e-01,-2.012267884743629276e-02,1.407222431583732003e-01,-3.222122441502986989e-01,-1.449739229375648919e-01,7.250430106477631087e-01,5.546402847752111148e-02,2.414642597684335257e-01,1.427862439765552501e-02,2.299642528656765661e-01,8.325056505981208721e-01,-8.074782662438884095e-02,-5.912419094629711713e-02,5.216299049141229771e-01,-2.203991781110566095e-01,-5.791107765940096685e-01,1.000000000000000000e+00,-4.153942015346211436e-01,7.483111444599818141e-01,-4.362010115807280625e-02,-7.822693638596048826e-01
5.208166427254600217e-01,2.073269361779145337e-01,2.605527158658230702e-01,9.208348928172965797e-02,3.152523754151443924e-01,-5.839605777686766030e-01,1.201481319109019841e-01,-2.074000720002499853e-01,5.713189017513915502e-01,5.073289947251071741e-01,-1.913624584183080402e-01,6.177092670645718542e-01,-2.197778277957816162e-01,3.461501350652369524e-01,5.735838395561070335e-01,6.322947703690430243e-01,3.110898364410161210e-02,5.469180227316322584e-01,5.698966463189891751e-01,4.557558968694452317e-01,2.618609795470892565e-01,4.834868074412996264e-01,5.181532751641994006e-01,-1.350599744546265579e-01,4.070736408745458390e-01,2.568775293343849575e-01,-3.524210102289402902e-01,3.066921640336867649e-01,-2.966847646842357689e-01,5.166612142392807971e-01,-1.029828892978131710e-01,-4.501714161599658648e-01,6.002190545192823690e-01,6.551045213995797534e-01,-4.153942015346211436e-01,1.000000000000000000e+00,-5.285170473279670045e-01,4.686718816991631842e-01,5.842400277052736124e-01
-4.204617367677902506e-01,-4.925863727837723194e-02,-2.727403822459653071e-01,-2.577911686825743454e-01,-3.067050142141468649e-01,7.965776458206245136e-01,-2.132682054824204532e-01,1.975910210976240533e-01,-5.617460972025364319e-01,-3.995145448467991023e-01,3.172314007374359979e-01,-7.004046290000562891e-01,1.187489201267450389e-01,3.794593947448339499e-02,-5.297339048989034849e-01,-5.801358783490614401e-01,1.642708163389144382e-01,-6.186932702542696783e-01,-5.945373137416648524e-01,-4.073950275279540345e-01,-2.602179195236657416e-01,-4.934685076342895660e-01,-3.120594996398372012e-01,5.868236485743719699e-01,-1.790248365737776015e-01,-1.517574424800914035e-01,3.369811618782116991e-01,-1.684666805490484809e-01,5.767398363325647592e-01,-4.314655097241355541e-01,8.559235646566744349e-02,7.654459538076892056e-01,-5.162849946401288914e-01,-7.391844187731335669e-01,7.483111444599818141e-01,-5.285170473279670045e-01,1.000000000000000000e+00,-3.736488985129806650e-01,-6.864118147852167340e-01
7.393823137573102278e-01,-2.081462786587105762e-01,4.305672953097803846e-01,9.805498177186812436e-02,5.116774125269558660e-01,-2.626994562820363366e-01,-1.784481189533234646e-01,-4.321445508169446392e-01,6.552483717673059926e-01,3.958022176096381850e-01,-3.599406991394098893e-02,3.334801964962305632e-01,-1.917144746563712865e-01,4.032453038312071580e-01,8.705356175386261830e-01,6.563197673676480770e-01,5.803039735250817843e-01,6.867498059142527200e-01,2.414317496243356120e-01,7.797107533052193284e-01,4.813465138618474581e-01,4.889820313190351153e-01,5.780333189633256596e-01,3.678286928927688298e-02,5.620244697569296566e-01,7.435429631539127726e-01,-5.536745158193184801e-01,7.430589934622315873e-01,2.368412302377895795e-01,6.271196361366841998e-01,-2.801008670624383079e-01,-2.396761565774243874e-01,7.691957670510792822e-01,5.914949804232190189e-01,-4.362010115807280625e-02,4.686718816991631842e-01,-3.736488985129806650e-01,1.000000000000000000e+00,2.775982441235864684e-01
2.023498946932892339e-01,3.455851434384385468e-01,1.524536143606536054e-01,3.980528445717731317e-02,2.261283392933297887e-01,-6.970870801148407736e-01,4.532025810573548363e-01,-7.735079419722720728e-02,5.017959145407264732e-01,4.755595615672882914e-01,-1.614246705611261101e-01,8.558491072661472687e-01,-1.244823850565745377e-01,-1.143753039537151184e-01,4.367309274483427428e-01,4.838969857287268028e-01,-2.798267021181545244e-01,5.508345044041794702e-01,8.164181170847960578e-01,1.978052394241693601e-01,3.196544582050294542e-02,4.972278753459060119e-01,3.667062706352416934e-01,-6.523162890715389350e-01,1.967775819810887727e-01,-9.223038793282045678e-02,4.030878319100407448e-02,-3.553778592956768206e-02,-7.346043232744852158e-01,1.850235403595394956e-01,8.033179106105234335e-02,-5.350360250352758085e-01,4.368458864486981508e-01,6.958383645466856837e-01,-7.822693638596048826e-01,5.842400277052736124e-01,-6.864118147852167340e-01,2.775982441235864684e-01,1.000000000000000000e+00
