1.000000000000000000e+00,8.207227797139797776e-01,5.729566812608666293e-01,8.127936598623672348e-02,5.319748918218040190e-01,-2.654686604478179168e-02,1.590923725174868686e-01,-6.317550909642210000e-01,5.613721702510818812e-01,5.528814003044408842e-01,4.772941069079206788e-01,3.622553433333691730e-02,-1.226796149022831156e-01,5.546334545324017595e-01,-8.340669105364434399e-02,3.386000809456376492e-01,4.343548108572888311e-01,2.819675886756047856e-01,3.712329507371250892e-01,2.200959145062720557e-01,2.970723354992035881e-01,2.657457468459986996e-02,2.915717158601043302e-01,1.927807795321710427e-01,4.861153429575582607e-01,6.302284575027983227e-01,2.980521849070490448e-01,5.045873407516424658e-01,7.173883126766933405e-01,6.510564376518147567e-01,5.711884041892704156e-01,2.447423768727320648e-02,3.131413850948384092e-01,3.373646995022115402e-01,2.487628181311072606e-01,3.227374478133734348e-01,2.901515792840808627e-01,3.649091974080387879e-01,8.362191959014467213e-02
8.207227797139797776e-01,1.000000000000000000e+00,5.238900054585891031e-01,-5.081804140965738570e-02,4.685520236375326220e-01,2.004375100875418342e-03,2.258493861377673662e-01,-5.509758105166373543e-01,4.904925151159519325e-01,5.985665217084957801e-01,3.789952213639627421e-01,1.191552606671361786e-01,4.761101103845409577e-02,5.266865345724480729e-01,-2.729583686038547855e-03,3.662911856407230493e-01,4.180685115306452815e-01,2.067982819374300230e-01,3.057769307877843401e-01,1.303038072218945520e-01,2.236602636523575272e-01,1.079511656866482955e-01,3.464478418560693052e-01,2.223343836673913609e-01,4.098991252847719036e-01,5.320421170385554177e-01,2.902072960423903170e-01,3.958442396152017095e-01,6.008956216198729772e-01,5.815892378671727592e-01,5.723383120619023323e-01,1.681986454962449695e-01,3.306565006546149377e-01,3.791329500930701313e-01,3.252191589578007913e-01,3.324372611027089364e-01,2.675747133273731482e-01,2.740757883039062759e-01,1.655939899282585503e-01
5.729566812608666293e-01,5.238900054585891031e-01,1.000000000000000000e+00,2.738548395645983291e-01,7.485370111073942345e-01,6.551033330587884007e-02,4.326502081099224406e-01,-8.670917191921412304e-01,5.400202149826974773e-01,5.201778294792682722e-01,3.933377673862157864e-01,3.936142122462862880e-01,6.574934207164074250e-03,7.353080893885183267e-01,2.948518108505321922e-01,5.439133639441241508e-01,4.620324676790345531e-01,5.180394909102360446e-01,6.696398973289605649e-01,4.699324981707415083e-01,5.969033767072069452e-01,4.066252443139721229e-01,5.228245281645135245e-01,3.449902373665696409e-01,5.495467850997770576e-01,4.951658636225153010e-01,4.523513563240090241e-01,5.316022870445732407e-01,5.141408902973316764e-01,6.856209336160044021e-01,6.465256519520221623e-01,1.898727178596229248e-01,5.117664567931022868e-01,3.144056761435686798e-01,1.922982209345101556e-01,1.946103184620801285e-01,2.184569601180075815e-01,4.896474427228164061e-01,3.616832184836274444e-01
8.127936598623672348e-02,-5.081804140965738570e-02,2.738548395645983291e-01,1.000000000000000000e+00,1.386685248056276354e-01,-1.461806125531611156e-01,4.306031502306216230e-01,-1.946568251766112589e-01,2.053743825552471203e-01,9.688551821356808369e-02,-1.285058618931083363e-01,2.469797729430737443e-01,2.323999861941928105e-02,1.235791997022756272e-01,2.662708516973088038e-02,1.948514170830116521e-01,-2.673316799961525381e-01,3.460382192407038260e-01,4.720000493460648205e-01,6.003039760988297946e-01,4.398540767911583438e-01,4.192386221992611683e-01,-7.142148382883257984e-02,-6.999604045235406635e-02,1.815800866723744911e-01,-2.376729065674006158e-02,7.092609620351512933e-02,1.562267533367431849e-01,-6.021073417429072955e-02,2.316625329569934888e-01,1.936153127636797422e-01,-3.060761264095117618e-01,5.926661972772204884e-02,-1.986841318737984641e-01,-1.050663143335075905e-01,1.527770273191982886e-01,-1.404859608361128109e-01,3.220556103395129655e-01,2.159726182469439426e-01
5.319748918218040190e-01,4.685520236375326220e-01,7.485370111073942345e-01,1.386685248056276354e-01,1.000000000000000000e+00,-1.726415394048323726e-01,9.744865012923999148e-02,-7.865649977031825557e-01,6.173503663786406026e-01,5.087442377999830123e-01,4.562640733560353601e-01,3.381610610813299278e-01,-2.400631944878617585e-01,8.339643213703966662e-01,2.611163895883407138e-01,5.088190585811112054e-01,4.866229337277030442e-01,6.828717619713525755e-01,7.067619519620572666e-01,1.939942344309059929e-01,3.327658991946730871e-01,8.070670492281378783e-02,5.431280579653244844e-01,2.874702724367083628e-01,6.213220435288088206e-01,5.176305337577257193e-01,5.941287015284709705e-01,5.641360287092269665e-01,4.689183209992960899e-01,7.019052260844934610e-01,5.851366686453476351e-01,1.135515536439162254e-01,4.681743223493818884e-01,2.153390650340884505e-01,-2.219722290925635680e-02,5.593353087192578371e-02,1.705843554345428392e-01,6.497785393075160565e-01,5.463554165702627641e-01
-2.654686604478179168e-02,2.004375100875418342e-03,6.551033330587884007e-02,-1.461806125531611156e-01,-1.726415394048323726e-01,1.000000000000000000e+00,1.875864689673705510e-01,7.177806463196889641e-02,-1.698113152023052741e-01,-3.686646016491671590e-02,1.990927226047678744e-01,-1.037425064693058147e-01,3.856539610439645438e-01,-1.504354766999536075e-01,-1.868922190148026435e-02,-1.233586663224901514e-01,5.490252658417291154e-02,-2.640936559314219778e-01,-2.346813891274434904e-01,1.673063391919749343e-01,1.405461110658242918e-01,2.144652378253694980e-01,1.081942404088269832e-01,3.032821752659182746e-01,-3.336216357063698235e-02,7.773003360262825331e-03,4.213797637520569350e-02,-1.482482130298930917e-02,8.974984954633287437e-02,-1.108636065812854538e-01,5.093784568079103015e-02,5.436340861423549775e-01,-8.454133994668576457e-02,1.869866874892832376e-02,3.126580439528304223e-01,-1.074078854138232064e-01,3.107275086465955960e-01,-3.090334332444685805e-01,-2.640777302432807949e-01
1.590923725174868686e-01,2.258493861377673662e-01,4.326502081099224406e-01,4.306031502306216230e-01,9.744865012923999148e-02,1.875864689673705510e-01,1.000000000000000000e+00,-2.729817693844312498e-01,1.510123310262432850e-01,6.668341860840694413e-02,-1.430891159257313694e-01,3.465247918524544390e-01,3.637434997926297098e-01,9.603859739033318577e-02,1.951713608429300195e-01,2.154135321994321561e-01,-1.135410049290408625e-02,3.728403710572136820e-02,3.859099496269779994e-01,5.358330668681913211e-01,5.194513917764261857e-01,7.106243162096904653e-01,7.402367777324775355e-02,5.288101075421699354e-02,-3.551498071315355859e-02,-9.177088215773861191e-02,6.353895173762770521e-02,-9.267042027165902848e-03,-7.894652973613434932e-02,2.431155958614179269e-01,3.623325907247645916e-01,3.093586898859290724e-01,1.489112699984532773e-01,1.293658279795445454e-01,2.327651240569648949e-01,2.498119573718302344e-01,-5.650127154126142331e-02,-1.934657707395173731e-02,1.295383475898041759e-01
-6.317550909642210000e-01,-5.509758105166373543e-01,-8.670917191921412304e-01,-1.946568251766112589e-01,-7.865649977031825557e-01,7.177806463196889641e-02,-2.729817693844312498e-01,1.000000000000000000e+00,-6.036196319923560205e-01,-5.187725692026564639e-01,-4.320234152613055545e-01,-2.679667317891679112e-01,1.770689070362133077e-01,-7.629780925327965813e-01,-1.505926542110656297e-01,-5.103931500343169558e-01,-5.090379768763091395e-01,-5.473189935970204090e-01,-6.698610321941652623e-01,-3.147364760327541200e-01,-4.736352680069850218e-01,-1.733517431627415450e-01,-4.984777530534541534e-01,-2.760325759435701687e-01,-5.843250003543506432e-01,-5.357674234083507070e-01,-4.198818493502416982e-01,-5.315078667825965386e-01,-5.683952303484157698e-01,-7.112427180395869408e-01,-6.342204763631666964e-01,-6.508109336156814306e-02,-4.878028442958086686e-01,-3.147300251459707598e-01,-9.153930777590837953e-02,-1.616322430344656336e-01,-1.765645635439776207e-01,-5.558827582583572013e-01,-3.744745080149378680e-01
5.613721702510818812e-01,4.904925151159519325e-01,5.400202149826974773e-01,2.053743825552471203e-01,6.173503663786406026e-01,-1.698113152023052741e-01,1.510123310262432850e-01,-6.036196319923560205e-01,1.000000000000000000e+00,1.982556301557385769e-01,2.423548203734994244e-01,8.991074335967285183e-04,-4.752421518582619075e-01,5.377690554711740401e-01,-1.059708420681388236e-01,2.619801788617744931e-01,4.535968877304790148e-01,5.506424782171017718e-01,6.105006364098775062e-01,2.406304968101975195e-01,6.656930857144927050e-02,-9.601134489288250251e-02,2.001910098085855350e-01,3.140861984665205969e-02,2.868564156018298950e-01,4.695126964396349467e-01,2.546444953836071723e-01,2.908544289528617877e-01,2.357079313144925525e-01,5.381221402961550160e-01,3.737837568020472290e-01,-6.663230434312239492e-02,-3.879511515617936612e-02,-1.349450794974801082e-01,-3.231889939012080326e-01,4.935613767765294202e-02,-1.230745822553510199e-01,6.031619922493967056e-01,4.304905902158976394e-01
5.528814003044408842e-01,5.985665217084957801e-01,5.201778294792682722e-01,9.688551821356808369e-02,5.087442377999830123e-01,-3.686646016491671590e-02,6.668341860840694413e-02,-5.187725692026564639e-01,1.982556301557385769e-01,1.000000000000000000e+00,3.287585340988572469e-01,3.793887444206554549e-01,2.074548048420591095e-01,6.065029376157622387e-01,2.404410917580077633e-01,6.881766297283125056e-01,3.169067082692006987e-01,4.644754452859916061e-01,3.484656530711147671e-01,1.579073350645390228e-01,4.460246096208850819e-01,1.982829859139227935e-01,6.425452795598586286e-01,4.872468288382898471e-01,6.702518607581068322e-01,5.263795355318904301e-01,4.423213984112200903e-01,5.978394263946834597e-01,5.918969396329804011e-01,6.676470347002606553e-01,6.168072571859251063e-01,4.201177839362944810e-02,6.152083118653277616e-01,2.949470025246621052e-01,3.590849341912455972e-01,3.550584160468004957e-01,4.303462693651798898e-01,4.713683480436318685e-01,3.565163732775324390e-01
4.772941069079206788e-01,3.789952213639627421e-01,3.933377673862157864e-01,-1.285058618931083363e-01,4.562640733560353601e-01,1.990927226047678744e-01,-1.430891159257313694e-01,-4.320234152613055545e-01,2.423548203734994244e-01,3.287585340988572469e-01,1.000000000000000000e+00,-2.041784843960183296e-02,-1.163743506468504496e-01,4.854339982637954631e-01,8.536998700591225120e-02,1.098415745202450944e-01,4.427741743643781591e-01,1.417238285867058190e-01,1.403249920595739386e-01,1.032069097926542611e-01,1.709121601051291073e-01,-1.159330547308682485e-01,2.752493568741964935e-01,3.278573883808702516e-01,5.761299138748531279e-01,6.008842994309492314e-01,4.689298630095057319e-01,5.479176840818832384e-01,6.777516134923395885e-01,3.396917642698927264e-01,3.287302557129387348e-01,2.046778264602197306e-01,3.524333338100448798e-01,4.110992474390184892e-01,2.828316011321226342e-01,3.423476133387445830e-02,4.753253986855623392e-01,2.009680445739693011e-01,-5.791922510856414852e-02
3.622553433333691730e-02,1.191552606671361786e-01,3.936142122462862880e-01,2.469797729430737443e-01,3.381610610813299278e-01,-1.037425064693058147e-01,3.465247918524544390e-01,-2.679667317891679112e-01,8.991074335967285183e-04,3.793887444206554549e-01,-2.041784843960183296e-02,1.000000000000000000e+00,4.225494625645527247e-01,3.686177784737239005e-01,7.034074532497587295e-01,4.939291109663681012e-01,3.353525110398618975e-02,2.633656317437990668e-01,3.170276125183456029e-01,3.233129650304329417e-01,5.268922898704002655e-01,6.386915109563529036e-01,4.264701208320482717e-01,1.278970164395340503e-01,3.343733330943035043e-01,1.529881391397472923e-01,3.955989318354227180e-01,3.264602835288049620e-01,9.476001911106232689e-02,2.486150297079521565e-01,3.588816265466752697e-01,2.555464382404768475e-01,5.290824397749998020e-01,3.464908837389463758e-01,2.596099618080481841e-01,6.866839691744022756e-02,6.191101618201391710e-02,2.465496115789606313e-01,3.740420347029764225e-01
-1.226796149022831156e-01,4.761101103845409577e-02,6.574934207164074250e-03,2.323999861941928105e-02,-2.400631944878617585e-01,3.856539610439645438e-01,3.637434997926297098e-01,1.770689070362133077e-01,-4.752421518582619075e-01,2.074548048420591095e-01,-1.163743506468504496e-01,4.225494625645527247e-01,1.000000000000000000e+00,-1.616535533338211983e-01,3.646645771209592879e-01,1.410163769776843212e-01,-1.864256014013346285e-01,-2.862520107576778106e-01,-2.438054177222557239e-01,1.811199285355606925e-01,4.073199628331491406e-01,5.941239433972602679e-01,1.239610259670493597e-01,1.586419848794119181e-01,-6.006927536429133851e-02,-1.418946111821508538e-01,6.171986105687164020e-02,4.788454962186305952e-02,8.845580186646018542e-03,-1.425125607660440163e-01,1.499801530394117566e-01,3.935137838956004330e-01,3.541010274266478963e-01,3.496706573106355131e-01,5.771123567292892886e-01,1.143880269108137199e-01,2.763580616806875501e-01,-3.305344348940105204e-01,-1.690772641400518639e-01
5.546334545324017595e-01,5.266865345724480729e-01,7.353080893885183267e-01,1.235791997022756272e-01,8.339643213703966662e-01,-1.504354766999536075e-01,9.603859739033318577e-02,-7.629780925327965813e-01,5.377690554711740401e-01,6.065029376157622387e-01,4.854339982637954631e-01,3.686177784737239005e-01,-1.616535533338211983e-01,1.000000000000000000e+00,3.062770344542220524e-01,5.878037089904933898e-01,4.825388381727242493e-01,6.259245701809678097e-01,6.465813870949643771e-01,1.827994352654375154e-01,3.587130213903330644e-01,1.406816059880059144e-01,6.076394420405529795e-01,3.664336318390767899e-01,7.036056830372353632e-01,5.068473935977323430e-01,5.442410175424419183e-01,6.189281172011401599e-01,5.494535876382550255e-01,7.000366051140023416e-01,5.956847192979527472e-01,7.737609419432925351e-02,5.635031064594113737e-01,3.049152522765553597e-01,1.044807276125868795e-01,1.838269277251167455e-01,2.705220177861192288e-01,6.112620363213223662e-01,4.879440919162801871e-01
-8.340669105364434399e-02,-2.729583686038547855e-03,2.948518108505321922e-01,2.662708516973088038e-02,2.611163895883407138e-01,-1.868922190148026435e-02,1.951713608429300195e-01,-1.505926542110656297e-01,-1.059708420681388236e-01,2.404410917580077633e-01,8.536998700591225120e-02,7.034074532497587295e-01,3.646645771209592879e-01,3.062770344542220524e-01,1.000000000000000000e+00,3.950992406334702944e-01,5.202194540818706747e-02,1.674334657921978109e-01,1.371176716936211848e-01,2.146960870375428931e-01,3.789644787427594586e-01,5.064652429718141669e-01,3.766265230792506524e-01,2.071539626189968231e-01,2.648092413604196671e-01,1.836090464285350665e-01,3.082971235796782561e-01,3.112442059953608453e-01,1.247056489073821994e-01,1.121206188326874104e-01,1.711055612112822311e-01,2.688690960695450660e-01,4.221656055187667511e-01,2.854894905560381169e-01,2.749359386338879330e-01,1.640067822520609175e-02,1.698257905028797976e-01,1.142623284004462142e-01,1.608058216998501933e-01
3.386000809456376492e-01,3.662911856407230493e-01,5.439133639441241508e-01,1.948514170830116521e-01,5.088190585811112054e-01,-1.233586663224901514e-01,2.154135321994321561e-01,-5.103931500343169558e-01,2.619801788617744931e-01,6.881766297283125056e-01,1.098415745202450944e-01,4.939291109663681012e-01,1.410163769776843212e-01,5.878037089904933898e-01,3.950992406334702944e-01,1.000000000000000000e+00,2.974093152753505276e-01,6.122698654010565456e-01,4.528551335761843988e-01,1.766768159623500478e-01,4.692931985288476548e-01,2.934953881907712003e-01,6.809040314339965816e-01,3.450395277291094520e-01,5.239292956246460742e-01,4.183772131299736130e-01,2.700039836581462627e-01,4.819631720437057010e-01,3.244080306035997951e-01,6.557851514247481362e-01,5.489354418101745070e-01,-7.631685324514272256e-03,4.776082367265098161e-01,1.534221967921703955e-01,1.207148502817958352e-01,3.184938484271384040e-01,2.217506098368023926e-01,5.998563627894664130e-01,4.144732513575490329e-01
4.343548108572888311e-01,4.180685115306452815e-01,4.620324676790345531e-01,-2.673316799961525381e-01,4.866229337277030442e-01,5.490252658417291154e-02,-1.135410049290408625e-02,-5.090379768763091395e-01,4.535968877304790148e-01,3.169067082692006987e-01,4.427741743643781591e-01,3.353525110398618975e-02,-1.864256014013346285e-01,4.825388381727242493e-01,5.202194540818706747e-02,2.974093152753505276e-01,1.000000000000000000e+00,2.428976714335835674e-01,2.395697507573978646e-01,-8.247788635021674475e-02,1.111647518317783745e-01,-1.292370595747651951e-01,4.245395003891914154e-01,2.034508542503583595e-01,2.844941173125947187e-01,4.673328145164235559e-01,1.925432295119487991e-01,3.394537922946643804e-01,4.521744733395269278e-01,4.222466965672013184e-01,3.995636216603788426e-01,1.571711137719080387e-01,2.500219787477904188e-01,2.353421197567349965e-01,5.629888757954537581e-02,8.168816263391942556e-02,1.457751718638050364e-01,2.815924399598834227e-01,1.119933555570030714e-01
2.819675886756047856e-01,2.067982819374300230e-01,5.180394909102360446e-01,3.460382192407038260e-01,6.828717619713525755e-01,-2.640936559314219778e-01,3.728403710572136820e-02,-5.473189935970204090e-01,5.506424782171017718e-01,4.644754452859916061e-01,1.417238285867058190e-01,2.633656317437990668e-01,-2.862520107576778106e-01,6.259245701809678097e-01,1.674334657921978109e-01,6.122698654010565456e-01,2.428976714335835674e-01,1.000000000000000000e+00,7.197781116912311816e-01,1.723404106837460315e-01,3.070449316988032584e-01,3.594415419410751378e-02,5.058578464959361254e-01,2.320852886028287876e-01,5.419111637634257406e-01,3.646506621267057158e-01,3.704657708277838690e-01,4.217580645214937252e-01,1.832566287254955850e-01,6.721954596064674270e-01,5.057245427114583913e-01,-1.332592171141551707e-01,2.558675577231153131e-01,-2.065860040143244480e-01,-2.855445211763909530e-01,5.362301358224831616e-02,8.935762818079617809e-02,8.477373677931300255e-01,6.835710317687122561e-01
3.712329507371250892e-01,3.057769307877843401e-01,6.696398973289605649e-01,4.720000493460648205e-01,7.067619519620572666e-01,-2.346813891274434904e-01,3.859099496269779994e-01,-6.698610321941652623e-01,6.105006364098775062e-01,3.484656530711147671e-01,1.403249920595739386e-01,3.170276125183456029e-01,-2.438054177222557239e-01,6.465813870949643771e-01,1.371176716936211848e-01,4.528551335761843988e-01,2.395697507573978646e-01,7.197781116912311816e-01,1.000000000000000000e+00,3.714712650294637042e-01,4.207659430064580319e-01,2.600560699659767439e-01,3.697205610784287111e-01,1.750455382544229554e-01,4.577695755954378498e-01,2.267389545806238194e-01,3.698922947678176532e-01,3.289923304227853618e-01,1.691989428310049226e-01,6.457141166651626518e-01,5.768794219408102109e-01,-7.291392059271629760e-04,2.957552669066233486e-01,-5.802535801662556114e-02,-1.353455843286624494e-01,1.113993046481654009e-01,-2.354240209408788032e-02,6.243864146637096990e-01,5.872891039350272013e-01
2.200959145062720557e-01,1.303038072218945520e-01,4.699324981707415083e-01,6.003039760988297946e-01,1.939942344309059929e-01,1.673063391919749343e-01,5.358330668681913211e-01,-3.147364760327541200e-01,2.406304968101975195e-01,1.579073350645390228e-01,1.032069097926542611e-01,3.233129650304329417e-01,1.811199285355606925e-01,1.827994352654375154e-01,2.146960870375428931e-01,1.766768159623500478e-01,-8.247788635021674475e-02,1.723404106837460315e-01,3.714712650294637042e-01,1.000000000000000000e+00,5.432975077579297318e-01,5.877348849899552974e-01,3.173908436862467319e-02,1.557371911254219476e-01,2.396654917421773001e-01,2.465249671374684648e-01,2.813179060795695241e-01,3.953436542412483434e-01,1.490136731605318787e-01,1.971289920031136511e-01,2.028410180263089668e-01,3.700365203863678620e-02,1.300316128310141095e-01,2.255389411577803961e-03,1.638390451711732865e-01,1.909116322241431185e-01,1.282819055422378951e-01,1.948879554088706612e-01,8.812803901256041628e-02
2.970723354992035881e-01,2.236602636523575272e-01,5.969033767072069452e-01,4.398540767911583438e-01,3.327658991946730871e-01,1.405461110658242918e-01,5.194513917764261857e-01,-4.736352680069850218e-01,6.656930857144927050e-02,4.460246096208850819e-01,1.709121601051291073e-01,5.268922898704002655e-01,4.073199628331491406e-01,3.587130213903330644e-01,3.789644787427594586e-01,4.692931985288476548e-01,1.111647518317783745e-01,3.070449316988032584e-01,4.207659430064580319e-01,5.432975077579297318e-01,1.000000000000000000e+00,6.639585863751635841e-01,3.934688029492413586e-01,3.130158868537848971e-01,4.107551669820534435e-01,2.382901554757383689e-01,2.460344885904574286e-01,4.184250362460409378e-01,3.545241305033244861e-01,4.321568362551313491e-01,5.856844985820243155e-01,1.534130199474000866e-01,6.161592438885339362e-01,3.534899147774213657e-01,4.316810613159483556e-01,2.167155891053658134e-01,3.214914609429975756e-01,2.321197481233653326e-01,1.021986500872171244e-01
2.657457468459986996e-02,1.079511656866482955e-01,4.066252443139721229e-01,4.192386221992611683e-01,8.070670492281378783e-02,2.144652378253694980e-01,7.106243162096904653e-01,-1.733517431627415450e-01,-9.601134489288250251e-02,1.982829859139227935e-01,-1.159330547308682485e-01,6.386915109563529036e-01,5.941239433972602679e-01,1.406816059880059144e-01,5.064652429718141669e-01,2.934953881907712003e-01,-1.292370595747651951e-01,3.594415419410751378e-02,2.600560699659767439e-01,5.877348849899552974e-01,6.639585863751635841e-01,1.000000000000000000e+00,2.106617204184303149e-01,1.211486996735071792e-01,1.081883308927460985e-01,-5.763967253161231957e-02,1.806595556770112798e-01,1.545750743270688232e-01,-6.883689589757685523e-03,1.533183405057096660e-01,2.990625891061381991e-01,3.173997218283933774e-01,3.769206709009222944e-01,2.578211351902847115e-01,4.106920965266654955e-01,2.009289474752889160e-01,6.957511331093593765e-02,-4.594839712606171162e-02,1.388613727467046255e-01
2.915717158601043302e-01,3.464478418560693052e-01,5.228245281645135245e-01,-7.142148382883257984e-02,5.431280579653244844e-01,1.081942404088269832e-01,7.402367777324775355e-02,-4.984777530534541534e-01,2.001910098085855350e-01,6.425452795598586286e-01,2.752493568741964935e-01,4.264701208320482717e-01,1.239610259670493597e-01,6.076394420405529795e-01,3.766265230792506524e-01,6.809040314339965816e-01,4.245395003891914154e-01,5.058578464959361254e-01,3.697205610784287111e-01,3.173908436862467319e-02,3.934688029492413586e-01,2.106617204184303149e-01,1.000000000000000000e+00,4.993269032634229387e-01,6.586831184031631814e-01,4.304405680658308087e-01,4.018750097914103314e-01,4.505680503425455452e-01,4.079859279310210085e-01,5.616483676540893200e-01,5.217370808859175257e-01,2.548565387823757966e-01,5.515940856990393382e-01,2.367266805915921313e-01,1.993630836379707838e-01,1.595816464041425672e-02,3.476256212721051120e-01,4.786685876658936523e-01,4.030971521887664055e-01
1.927807795321710427e-01,2.223343836673913609e-01,3.449902373665696409e-01,-6.999604045235406635e-02,2.874702724367083628e-01,3.032821752659182746e-01,5.288101075421699354e-02,-2.760325759435701687e-01,3.140861984665205969e-02,4.872468288382898471e-01,3.278573883808702516e-01,1.278970164395340503e-01,1.586419848794119181e-01,3.664336318390767899e-01,2.071539626189968231e-01,3.450395277291094520e-01,2.034508542503583595e-01,2.320852886028287876e-01,1.750455382544229554e-01,1.557371911254219476e-01,3.130158868537848971e-01,1.211486996735071792e-01,4.993269032634229387e-01,1.000000000000000000e+00,4.404014207887654297e-01,3.106820900052155165e-01,3.110215045561410263e-01,3.155602084363883231e-01,3.692770795244127990e-01,3.210463405741150189e-01,2.867408966935444670e-01,3.163573995027192387e-01,3.627816154346903410e-01,1.032554441109613114e-01,3.414897297083724914e-01,5.870416004063089971e-02,5.293282470514801830e-01,1.537657144069826121e-01,9.436521572220955834e-02
4.861153429575582607e-01,4.098991252847719036e-01,5.495467850997770576e-01,1.815800866723744911e-01,6.213220435288088206e-01,-3.336216357063698235e-02,-3.551498071315355859e-02,-5.843250003543506432e-01,2.868564156018298950e-01,6.702518607581068322e-01,5.761299138748531279e-01,3.343733330943035043e-01,-6.006927536429133851e-02,7.036056830372353632e-01,2.648092413604196671e-01,5.239292956246460742e-01,2.844941173125947187e-01,5.419111637634257406e-01,4.577695755954378498e-01,2.396654917421773001e-01,4.107551669820534435e-01,1.081883308927460985e-01,6.586831184031631814e-01,4.404014207887654297e-01,1.000000000000000000e+00,6.018814772371472444e-01,5.916462452739751354e-01,6.822741698335674787e-01,6.435500981068358328e-01,6.059062400258723446e-01,5.211831393821617642e-01,2.799836413353886527e-02,5.654750200744675936e-01,2.881660803254500469e-01,2.116169523618362802e-01,7.647282108574925130e-02,4.260493369898530336e-01,5.764909005930116681e-01,3.612794425335169590e-01
6.302284575027983227e-01,5.320421170385554177e-01,4.951658636225153010e-01,-2.376729065674006158e-02,5.176305337577257193e-01,7.773003360262825331e-03,-9.177088215773861191e-02,-5.357674234083507070e-01,4.695126964396349467e-01,5.263795355318904301e-01,6.008842994309492314e-01,1.529881391397472923e-01,-1.418946111821508538e-01,5.068473935977323430e-01,1.836090464285350665e-01,4.183772131299736130e-01,4.673328145164235559e-01,3.646506621267057158e-01,2.267389545806238194e-01,2.465249671374684648e-01,2.382901554757383689e-01,-5.763967253161231957e-02,4.304405680658308087e-01,3.106820900052155165e-01,6.018814772371472444e-01,1.000000000000000000e+00,4.605181805371171833e-01,7.114656733083200013e-01,7.031027166229723013e-01,4.887419314450785479e-01,3.650045862172775490e-01,-1.481408211670996516e-03,3.128727907131498842e-01,2.430391793147093915e-01,1.563722531817138828e-01,9.274525466340315105e-02,3.525469197911602071e-01,4.972771972566468190e-01,1.051403759506757546e-01
2.980521849070490448e-01,2.902072960423903170e-01,4.523513563240090241e-01,7.092609620351512933e-02,5.941287015284709705e-01,4.213797637520569350e-02,6.353895173762770521e-02,-4.198818493502416982e-01,2.546444953836071723e-01,4.423213984112200903e-01,4.689298630095057319e-01,3.955989318354227180e-01,6.171986105687164020e-02,5.442410175424419183e-01,3.082971235796782561e-01,2.700039836581462627e-01,1.925432295119487991e-01,3.704657708277838690e-01,3.698922947678176532e-01,2.813179060795695241e-01,2.460344885904574286e-01,1.806595556770112798e-01,4.018750097914103314e-01,3.110215045561410263e-01,5.916462452739751354e-01,4.605181805371171833e-01,1.000000000000000000e+00,5.827351916772756102e-01,3.709127573079907814e-01,3.547255399148007138e-01,3.557070042220630834e-01,3.641114911729055326e-01,4.101705496063671186e-01,2.244177602272182936e-01,1.507430761676870623e-01,4.908047193925176716e-02,3.233884119093319853e-01,3.819710483925971012e-01,4.569961215522039821e-01
5.045873407516424658e-01,3.958442396152017095e-01,5.316022870445732407e-01,1.562267533367431849e-01,5.641360287092269665e-01,-1.482482130298930917e-02,-9.267042027165902848e-03,-5.315078667825965386e-01,2.908544289528617877e-01,5.978394263946834597e-01,5.479176840818832384e-01,3.264602835288049620e-01,4.788454962186305952e-02,6.189281172011401599e-01,3.112442059953608453e-01,4.819631720437057010e-01,3.394537922946643804e-01,4.217580645214937252e-01,3.289923304227853618e-01,3.953436542412483434e-01,4.184250362460409378e-01,1.545750743270688232e-01,4.505680503425455452e-01,3.155602084363883231e-01,6.822741698335674787e-01,7.114656733083200013e-01,5.827351916772756102e-01,1.000000000000000000e+00,6.706318567361070349e-01,4.412709193303711586e-01,4.201214896990300152e-01,-5.959615098161554630e-02,5.292247412598843903e-01,3.039069046482609782e-01,2.783172239543744708e-01,1.935155330754075864e-01,4.203703982201714151e-01,5.272803438210614813e-01,1.683799761552545460e-01
7.173883126766933405e-01,6.008956216198729772e-01,5.141408902973316764e-01,-6.021073417429072955e-02,4.689183209992960899e-01,8.974984954633287437e-02,-7.894652973613434932e-02,-5.683952303484157698e-01,2.357079313144925525e-01,5.918969396329804011e-01,6.777516134923395885e-01,9.476001911106232689e-02,8.845580186646018542e-03,5.494535876382550255e-01,1.247056489073821994e-01,3.244080306035997951e-01,4.521744733395269278e-01,1.832566287254955850e-01,1.691989428310049226e-01,1.490136731605318787e-01,3.545241305033244861e-01,-6.883689589757685523e-03,4.079859279310210085e-01,3.692770795244127990e-01,6.435500981068358328e-01,7.031027166229723013e-01,3.709127573079907814e-01,6.706318567361070349e-01,1.000000000000000000e+00,5.000096065134498335e-01,4.700688758793135635e-01,4.639240054335130176e-02,5.263912024520179811e-01,5.173927936219916424e-01,4.895429728849943207e-01,2.341464210183851480e-01,5.634533279868642053e-01,2.556236893885083239e-01,-1.327488186747417531e-01
6.510564376518147567e-01,5.815892378671727592e-01,6.856209336160044021e-01,2.316625329569934888e-01,7.019052260844934610e-01,-1.108636065812854538e-01,2.431155958614179269e-01,-7.112427180395869408e-01,5.381221402961550160e-01,6.676470347002606553e-01,3.396917642698927264e-01,2.486150297079521565e-01,-1.425125607660440163e-01,7.000366051140023416e-01,1.121206188326874104e-01,6.557851514247481362e-01,4.222466965672013184e-01,6.721954596064674270e-01,6.457141166651626518e-01,1.971289920031136511e-01,4.321568362551313491e-01,1.533183405057096660e-01,5.616483676540893200e-01,3.210463405741150189e-01,6.059062400258723446e-01,4.887419314450785479e-01,3.547255399148007138e-01,4.412709193303711586e-01,5.000096065134498335e-01,1.000000000000000000e+00,6.892296300775905271e-01,3.627146575766886788e-02,4.128226361796289434e-01,1.558149816398354259e-01,7.780046780323802980e-02,3.626036765628271041e-01,2.427108914396244876e-01,6.137981804624436100e-01,4.714242427825106052e-01
5.711884041892704156e-01,5.723383120619023323e-01,6.465256519520221623e-01,1.936153127636797422e-01,5.851366686453476351e-01,5.093784568079103015e-02,3.623325907247645916e-01,-6.342204763631666964e-01,3.737837568020472290e-01,6.168072571859251063e-01,3.287302557129387348e-01,3.588816265466752697e-01,1.499801530394117566e-01,5.956847192979527472e-01,1.711055612112822311e-01,5.489354418101745070e-01,3.995636216603788426e-01,5.057245427114583913e-01,5.768794219408102109e-01,2.028410180263089668e-01,5.856844985820243155e-01,2.990625891061381991e-01,5.217370808859175257e-01,2.867408966935444670e-01,5.211831393821617642e-01,3.650045862172775490e-01,3.557070042220630834e-01,4.201214896990300152e-01,4.700688758793135635e-01,6.892296300775905271e-01,1.000000000000000000e+00,2.257560693114374073e-01,5.409209229344640324e-01,3.551705888151661106e-01,3.005878333971380711e-01,1.881481148365712064e-01,3.709007288862876672e-01,4.657812011567584731e-01,3.367976763781299621e-01
2.447423768727320648e-02,1.681986454962449695e-01,1.898727178596229248e-01,-3.060761264095117618e-01,1.135515536439162254e-01,5.436340861423549775e-01,3.093586898859290724e-01,-6.508109336156814306e-02,-6.663230434312239492e-02,4.201177839362944810e-02,2.046778264602197306e-01,2.555464382404768475e-01,3.935137838956004330e-01,7.737609419432925351e-02,2.688690960695450660e-01,-7.631685324514272256e-03,1.571711137719080387e-01,-1.332592171141551707e-01,-7.291392059271629760e-04,3.700365203863678620e-02,1.534130199474000866e-01,3.173997218283933774e-01,2.548565387823757966e-01,3.163573995027192387e-01,2.799836413353886527e-02,-1.481408211670996516e-03,3.641114911729055326e-01,-5.959615098161554630e-02,4.639240054335130176e-02,3.627146575766886788e-02,2.257560693114374073e-01,1.000000000000000000e+00,1.446621703254028501e-01,2.610088260014556405e-01,3.563029175451564723e-01,-1.176974059711721754e-01,3.267114751813130491e-01,-2.198482314258640435e-01,7.538264482792683685e-02
3.131413850948384092e-01,3.306565006546149377e-01,5.117664567931022868e-01,5.926661972772204884e-02,4.681743223493818884e-01,-8.454133994668576457e-02,1.489112699984532773e-01,-4.878028442958086686e-01,-3.879511515617936612e-02,6.152083118653277616e-01,3.524333338100448798e-01,5.290824397749998020e-01,3.541010274266478963e-01,5.635031064594113737e-01,4.221656055187667511e-01,4.776082367265098161e-01,2.500219787477904188e-01,2.558675577231153131e-01,2.957552669066233486e-01,1.300316128310141095e-01,6.161592438885339362e-01,3.769206709009222944e-01,5.515940856990393382e-01,3.627816154346903410e-01,5.654750200744675936e-01,3.128727907131498842e-01,4.101705496063671186e-01,5.292247412598843903e-01,5.263912024520179811e-01,4.128226361796289434e-01,5.409209229344640324e-01,1.446621703254028501e-01,1.000000000000000000e+00,6.249121810462290316e-01,5.245211417804549470e-01,1.561941225475137196e-01,4.248446885048607347e-01,2.246333971124326589e-01,1.569260269733325219e-01
3.373646995022115402e-01,3.791329500930701313e-01,3.144056761435686798e-01,-1.986841318737984641e-01,2.153390650340884505e-01,1.869866874892832376e-02,1.293658279795445454e-01,-3.147300251459707598e-01,-1.349450794974801082e-01,2.949470025246621052e-01,4.110992474390184892e-01,3.464908837389463758e-01,3.496706573106355131e-01,3.049152522765553597e-01,2.854894905560381169e-01,1.534221967921703955e-01,2.353421197567349965e-01,-2.065860040143244480e-01,-5.802535801662556114e-02,2.255389411577803961e-03,3.534899147774213657e-01,2.578211351902847115e-01,2.367266805915921313e-01,1.032554441109613114e-01,2.881660803254500469e-01,2.430391793147093915e-01,2.244177602272182936e-01,3.039069046482609782e-01,5.173927936219916424e-01,1.558149816398354259e-01,3.551705888151661106e-01,2.610088260014556405e-01,6.249121810462290316e-01,1.000000000000000000e+00,5.911415484664398479e-01,1.449552754206850647e-01,3.466432176910833607e-01,-1.483963600262956650e-01,-2.216125073719943106e-01
2.487628181311072606e-01,3.252191589578007913e-01,1.922982209345101556e-01,-1.050663143335075905e-01,-2.219722290925635680e-02,3.126580439528304223e-01,2.327651240569648949e-01,-9.153930777590837953e-02,-3.231889939012080326e-01,3.590849341912455972e-01,2.828316011321226342e-01,2.596099618080481841e-01,5.771123567292892886e-01,1.044807276125868795e-01,2.749359386338879330e-01,1.207148502817958352e-01,5.629888757954537581e-02,-2.855445211763909530e-01,-1.353455843286624494e-01,1.638390451711732865e-01,4.316810613159483556e-01,4.106920965266654955e-01,1.993630836379707838e-01,3.414897297083724914e-01,2.116169523618362802e-01,1.563722531817138828e-01,1.507430761676870623e-01,2.783172239543744708e-01,4.895429728849943207e-01,7.780046780323802980e-02,3.005878333971380711e-01,3.563029175451564723e-01,5.245211417804549470e-01,5.911415484664398479e-01,1.000000000000000000e+00,2.825304930752622901e-01,6.108725037591454798e-01,-3.244533324410801001e-01,-3.642970169285033588e-01
3.227374478133734348e-01,3.324372611027089364e-01,1.946103184620801285e-01,1.527770273191982886e-01,5.593353087192578371e-02,-1.074078854138232064e-01,2.498119573718302344e-01,-1.616322430344656336e-01,4.935613767765294202e-02,3.550584160468004957e-01,3.423476133387445830e-02,6.866839691744022756e-02,1.143880269108137199e-01,1.838269277251167455e-01,1.640067822520609175e-02,3.184938484271384040e-01,8.168816263391942556e-02,5.362301358224831616e-02,1.113993046481654009e-01,1.909116322241431185e-01,2.167155891053658134e-01,2.009289474752889160e-01,1.595816464041425672e-02,5.870416004063089971e-02,7.647282108574925130e-02,9.274525466340315105e-02,4.908047193925176716e-02,1.935155330754075864e-01,2.341464210183851480e-01,3.626036765628271041e-01,1.881481148365712064e-01,-1.176974059711721754e-01,1.561941225475137196e-01,1.449552754206850647e-01,2.825304930752622901e-01,1.000000000000000000e+00,2.059563016013336301e-01,1.603828042911543614e-02,-1.922044742702842465e-02
2.901515792840808627e-01,2.675747133273731482e-01,2.184569601180075815e-01,-1.404859608361128109e-01,1.705843554345428392e-01,3.107275086465955960e-01,-5.650127154126142331e-02,-1.765645635439776207e-01,-1.230745822553510199e-01,4.303462693651798898e-01,4.753253986855623392e-01,6.191101618201391710e-02,2.763580616806875501e-01,2.705220177861192288e-01,1.698257905028797976e-01,2.217506098368023926e-01,1.457751718638050364e-01,8.935762818079617809e-02,-2.354240209408788032e-02,1.282819055422378951e-01,3.214914609429975756e-01,6.957511331093593765e-02,3.476256212721051120e-01,5.293282470514801830e-01,4.260493369898530336e-01,3.525469197911602071e-01,3.233884119093319853e-01,4.203703982201714151e-01,5.634533279868642053e-01,2.427108914396244876e-01,3.709007288862876672e-01,3.267114751813130491e-01,4.248446885048607347e-01,3.466432176910833607e-01,6.108725037591454798e-01,2.059563016013336301e-01,1.000000000000000000e+00,4.435449744781130854e-02,-1.861430235402437294e-01
3.649091974080387879e-01,2.740757883039062759e-01,4.896474427228164061e-01,3.220556103395129655e-01,6.497785393075160565e-01,-3.090334332444685805e-01,-1.934657707395173731e-02,-5.558827582583572013e-01,6.031619922493967056e-01,4.713683480436318685e-01,2.009680445739693011e-01,2.465496115789606313e-01,-3.305344348940105204e-01,6.112620363213223662e-01,1.142623284004462142e-01,5.998563627894664130e-01,2.815924399598834227e-01,8.477373677931300255e-01,6.243864146637096990e-01,1.948879554088706612e-01,2.321197481233653326e-01,-4.594839712606171162e-02,4.786685876658936523e-01,1.537657144069826121e-01,5.764909005930116681e-01,4.972771972566468190e-01,3.819710483925971012e-01,5.272803438210614813e-01,2.556236893885083239e-01,6.137981804624436100e-01,4.657812011567584731e-01,-2.198482314258640435e-01,2.246333971124326589e-01,-1.483963600262956650e-01,-3.244533324410801001e-01,1.603828042911543614e-02,4.435449744781130854e-02,1.000000000000000000e+00,6.441291824998409687e-01
8.362191959014467213e-02,1.655939899282585503e-01,3.616832184836274444e-01,2.159726182469439426e-01,5.463554165702627641e-01,-2.640777302432807949e-01,1.295383475898041759e-01,-3.744745080149378680e-01,4.304905902158976394e-01,3.565163732775324390e-01,-5.791922510856414852e-02,3.740420347029764225e-01,-1.690772641400518639e-01,4.879440919162801871e-01,1.608058216998501933e-01,4.144732513575490329e-01,1.119933555570030714e-01,6.835710317687122561e-01,5.872891039350272013e-01,8.812803901256041628e-02,1.021986500872171244e-01,1.388613727467046255e-01,4.030971521887664055e-01,9.436521572220955834e-02,3.612794425335169590e-01,1.051403759506757546e-01,4.569961215522039821e-01,1.683799761552545460e-01,-1.327488186747417531e-01,4.714242427825106052e-01,3.367976763781299621e-01,7.538264482792683685e-02,1.569260269733325219e-01,-2.216125073719943106e-01,-3.642970169285033588e-01,-1.922044742702842465e-02,-1.861430235402437294e-01,6.441291824998409687e-01,1.000000000000000000e+00
