1.000000000000000000e+00,2.331336196473453581e-01,4.015965853277827513e-01,9.677947955137737243e-03,3.877739303149029815e-01,8.213673918133154728e-02,-7.716129547325103165e-03,-4.317936892661172199e-01,4.007153439504599485e-02,-6.105795515302778892e-02,-3.478549817916645488e-03,-2.527245187591924958e-01,7.752087151997995307e-02,5.462369515953315879e-01,2.322197759299594877e-01,3.121112370810795733e-01,2.946307025747644248e-01,1.404906323433049720e-01,-1.552431225511178257e-02,4.076554557835881942e-01,3.637902010922312024e-01,-3.299410286297276701e-02,9.745448215005800274e-02,-1.655366102802638059e-02,4.977827704189208974e-02,5.238877448091849853e-01,4.697865615769498127e-01,4.812266422935429500e-01,4.495967409453783814e-01,5.595304269003662651e-02,4.293175391809999075e-01,7.007371267649533698e-03,3.349610466953029664e-01,1.216759802428733217e-01,4.565252731278910958e-01,3.641020825456479093e-01,3.749447889162872416e-01,5.302132944294000172e-01,-9.367300765698290121e-02
2.331336196473453581e-01,1.000000000000000000e+00,-1.722403975733490314e-02,-1.082291286096917077e-01,-1.500577396791031859e-01,-2.609616945539077193e-01,3.321491257730845303e-01,2.643365710338789198e-01,4.793959888065665309e-01,4.986519865617225489e-01,-2.204358258017843353e-01,5.034223730156364152e-01,1.007974030438736970e-02,-2.539919411589922627e-01,1.584825097759994805e-01,2.754567070503964876e-01,-2.465906759856687780e-01,1.738479929503743693e-01,1.235936826788765347e-01,-2.281068273523914613e-01,-3.504153091999853697e-01,2.118044483817402290e-01,-3.400609782867415887e-01,-3.278006357043078967e-01,-3.820830874126134868e-01,-1.604313184949364701e-01,1.800925305939492793e-01,-2.042102446103619962e-01,-2.880704342097508142e-01,4.825310796569891592e-01,-2.666326846613946422e-02,3.315258543349461906e-01,-2.525611804785143355e-01,2.790801108976812550e-01,-1.507799519128956434e-01,-6.849554622156120431e-02,-3.239546692513415455e-02,4.435533447878439728e-02,4.622124040691880653e-01
4.015965853277827513e-01,-1.722403975733490314e-02,1.000000000000000000e+00,2.199404152116118949e-01,7.666750022665853592e-01,7.462394819479718777e-02,3.292439830968468817e-01,-5.141650037803930928e-01,1.464104983673506499e-01,3.084667914671425093e-01,-6.293990860862549996e-02,-5.469368596638581048e-02,2.522442356811887068e-02,5.040764572023720413e-01,5.414517364182916959e-01,5.835178528015011468e-01,1.740399008286538651e-01,5.969244142151928223e-01,5.063657980137860060e-01,4.664667428265686366e-01,6.225163587747968297e-01,3.446034346585131747e-01,2.682965109900570799e-01,1.322193506610812030e-01,2.620416586517347879e-01,4.079930505337509561e-01,3.004130927418056096e-01,4.204083903290111168e-01,2.256498290521675720e-01,2.936623361417413647e-01,4.452806565928609239e-01,5.858209599634461862e-02,6.422677183742347973e-01,1.814420855648927466e-01,2.574728843454160976e-01,5.832755592916472054e-01,1.906055994748654947e-01,3.639176348785537196e-01,-1.355304706586004347e-02
9.677947955137737243e-03,-1.082291286096917077e-01,2.199404152116118949e-01,1.000000000000000000e+00,2.352330786417021757e-01,-5.232523371723063477e-01,3.969766312594029678e-01,-2.193150966653189815e-01,1.151460850247791462e-01,2.377187942589174818e-01,-7.209645725057871601e-01,8.737917663996497275e-02,-2.046287162231258672e-01,-5.348829215342052606e-02,2.289065642926329802e-01,5.319409772035368356e-01,-3.808510668631957530e-01,4.086833965720889084e-01,3.998520418192187398e-01,5.655317201643847991e-01,2.905459404908226628e-01,2.684431456071098010e-01,-4.185185491572684935e-01,-5.285848488233034839e-03,-4.022771553902461661e-01,1.943842313207343186e-01,-9.292186011116559952e-02,3.861962979985210653e-01,6.716927733399959133e-02,4.080162814958174788e-01,-1.876666239016177573e-01,-6.720030003663285401e-01,4.409473083513899827e-02,3.972038605716377013e-01,-9.272953793968037595e-02,-1.178461016981596776e-01,-3.438051383981454712e-01,4.912677077477352050e-01,-9.419100962765311613e-02
3.877739303149029815e-01,-1.500577396791031859e-01,7.666750022665853592e-01,2.352330786417021757e-01,1.000000000000000000e+00,8.256339384819223054e-03,2.972408016096628747e-01,-6.385754075315003275e-01,-2.090071244451863902e-02,1.700077566143452790e-01,-1.145257285535083713e-01,-2.275957378740137427e-01,1.750301173486324968e-01,6.113990117829048998e-01,4.809952467967069656e-01,5.036317853730356564e-01,2.583750457100778553e-01,4.803367233445118845e-01,3.704301287273750187e-01,4.519577643033702574e-01,5.505148783571582882e-01,2.365892484272122120e-01,2.492109616113611648e-01,2.627928937066692505e-01,2.038544837370249163e-01,5.621305283929064478e-01,4.291557946882776364e-01,5.788379498772916465e-01,4.141163235343761628e-01,2.256319066375189197e-01,5.876460125474308738e-01,1.658132620197707088e-02,6.961285158241097282e-01,2.404111016663868783e-01,3.683046490879001156e-01,4.883357051765309653e-01,2.525428284698836845e-01,4.453624905433841707e-01,-2.024701139564281105e-01
8.213673918133154728e-02,-2.609616945539077193e-01,7.462394819479718777e-02,-5.232523371723063477e-01,8.256339384819223054e-03,1.000000000000000000e+00,-3.185966679380548561e-01,4.138463964009726770e-02,-2.691712103437260417e-01,-3.950873805525322302e-01,7.233549771720444443e-01,-2.592598729449162587e-01,-1.246509745326435936e-01,3.664802597333989276e-01,-1.175666175582902734e-01,-3.292998694862496745e-01,4.563210497872857152e-01,-2.900413564575797798e-01,-3.095166753293226436e-01,-1.541883266574777256e-01,1.646846520017964943e-01,-1.645976199450775723e-01,7.637950841181647688e-01,3.445089775368223584e-01,7.712376503186927357e-01,-4.927294155956873922e-02,-1.172534810969336344e-01,-1.129095119662806429e-01,1.156916417488437626e-01,-4.903059355406682585e-01,2.537162300845314244e-01,4.129787792728620843e-01,2.146228376748399169e-01,-4.121532369221070358e-01,3.166628564483640607e-01,3.628218926764398278e-01,4.914133320734473398e-01,-3.612401630595415969e-01,-1.683955878157434027e-01
-7.716129547325103165e-03,3.321491257730845303e-01,3.292439830968468817e-01,3.969766312594029678e-01,2.972408016096628747e-01,-3.185966679380548561e-01,1.000000000000000000e+00,-6.936936940439739074e-02,3.199237287257085116e-01,6.085498777778938218e-01,-4.015892759731317652e-01,4.164425589982717613e-01,1.076731515695316665e-01,-2.190796831232606073e-02,3.681050143778156758e-01,5.134484902392019157e-01,-3.381853211340837828e-01,5.578018537559992218e-01,5.681441557739985715e-01,1.184346832055957754e-01,4.826822776969598612e-03,5.937275120006590967e-01,-1.952576227180055080e-01,-9.959966367848034630e-02,-1.786917512691549859e-01,-4.930594205016120696e-02,5.931428616480362986e-02,3.028050034375116481e-02,-2.430639482575041588e-01,5.325932154598669310e-01,6.274070294683040117e-02,-2.817782482183073950e-02,8.384680050503677540e-02,3.121507193397669022e-01,-1.673400973481752319e-01,1.778656572664848445e-01,-1.853091238891259873e-01,1.609484747774811431e-01,2.138208268884544960e-01
-4.317936892661172199e-01,2.643365710338789198e-01,-5.141650037803930928e-01,-2.193150966653189815e-01,-6.385754075315003275e-01,4.138463964009726770e-02,-6.936936940439739074e-02,1.000000000000000000e+00,4.841351334696312736e-01,2.236952126910407568e-01,5.703333524639921798e-02,6.503837392415117158e-01,-3.798126500176144393e-01,-6.980676916736332505e-01,-6.733026180147388962e-02,-2.681390455803668305e-01,-5.738380263153626260e-01,-6.028139451169099022e-02,9.052986472458043887e-03,-4.927098681656719714e-01,-6.334611671831912316e-01,-7.121517260562078289e-02,-6.159012973912519895e-02,-2.281617467192804949e-02,1.219669638227169339e-02,-8.345511374028619089e-01,-5.768112384219629130e-01,-7.911158084116004519e-01,-7.429919654708029286e-01,6.453171679039849951e-02,-6.281829933395773891e-01,8.027557630333836958e-02,-7.609105993458608053e-01,1.620709832338593226e-01,-5.696571326242977351e-01,-3.374879412182204552e-01,-3.969701199580532025e-01,-2.568546486079568703e-01,6.105830411103784217e-01
4.007153439504599485e-02,4.793959888065665309e-01,1.464104983673506499e-01,1.151460850247791462e-01,-2.090071244451863902e-02,-2.691712103437260417e-01,3.199237287257085116e-01,4.841351334696312736e-01,1.000000000000000000e+00,7.020197853001044486e-01,-3.774152044539746398e-01,7.789788690232199997e-01,-4.456006758739401441e-01,-4.326129242454767598e-01,5.198636388003361475e-01,4.572926531101363934e-01,-6.094909389109647302e-01,5.890609766031409400e-01,4.812601207794645619e-01,-3.753804239998478898e-02,-3.939642652406810108e-01,1.003938437549969781e-01,-2.488856530164004210e-01,-6.228680484926992639e-02,-2.043495247314517371e-01,-4.810340079106180111e-01,-2.648458341962596219e-01,-3.602189503886142341e-01,-6.304977521142233199e-01,6.828182297251920163e-01,-3.551601791474052194e-01,-5.647243188191448243e-02,-4.399923194250057179e-01,6.451504908029146446e-01,-5.531860592362900508e-01,-3.541338166747896865e-02,-5.071573571292861127e-01,3.999185889754380829e-01,7.774666953858886398e-01
-6.105795515302778892e-02,4.986519865617225489e-01,3.084667914671425093e-01,2.377187942589174818e-01,1.700077566143452790e-01,-3.950873805525322302e-01,6.085498777778938218e-01,2.236952126910407568e-01,7.020197853001044486e-01,1.000000000000000000e+00,-4.371604148104413223e-01,7.463859905060308275e-01,-1.471575540759419987e-01,-3.380227053405923110e-01,6.223434961326442805e-01,6.407879119702374338e-01,-4.831620508659257851e-01,6.635500204883181263e-01,7.407041460330241467e-01,-9.838879129346506103e-02,-2.290309909190952897e-01,3.591583385780747206e-01,-3.225571782845879087e-01,-1.873492762533993661e-01,-2.832200119255689486e-01,-2.756500598667280810e-01,-8.101314491810235330e-02,-1.802742605990940994e-01,-5.501629357906714368e-01,7.842881013103164545e-01,-1.494232623267625626e-01,2.987653816770100695e-02,-1.710440276986998909e-01,5.022338154691444734e-01,-4.702584963990200650e-01,3.942630666939349326e-02,-4.502661467238603388e-01,2.640979272157120694e-01,6.375281290350407470e-01
-3.478549817916645488e-03,-2.204358258017843353e-01,-6.293990860862549996e-02,-7.209645725057871601e-01,-1.145257285535083713e-01,7.233549771720444443e-01,-4.015892759731317652e-01,5.703333524639921798e-02,-3.774152044539746398e-01,-4.371604148104413223e-01,1.000000000000000000e+00,-3.120204868666132114e-01,2.340031502287017451e-01,2.694722420311204680e-01,-2.630692402637140881e-01,-6.012700572233743435e-01,5.206308065505250715e-01,-4.189990177191175169e-01,-3.529622390208259630e-01,-3.634013292247861848e-01,3.952134756070593835e-02,-1.382565746465656276e-01,6.844266691441716066e-01,1.274053805745495038e-01,7.017506581895458506e-01,-8.285008558215917196e-02,4.565626890664553628e-02,-2.739652369928593512e-01,9.547702275012291684e-02,-6.849477972583296603e-01,2.082523434267406215e-01,5.398569315971742943e-01,1.820640846253651912e-01,-6.202093157130571521e-01,3.028593913004835603e-01,2.649069829293940193e-01,4.937007472752211190e-01,-5.205373369097440195e-01,-9.935971744422439356e-02
-2.527245187591924958e-01,5.034223730156364152e-01,-5.469368596638581048e-02,8.737917663996497275e-02,-2.275957378740137427e-01,-2.592598729449162587e-01,4.164425589982717613e-01,6.503837392415117158e-01,7.789788690232199997e-01,7.463859905060308275e-01,-3.120204868666132114e-01,1.000000000000000000e+00,-3.857162894783571772e-01,-6.034559815787309267e-01,4.105013955710363760e-01,3.214733701040837777e-01,-6.709572845940426911e-01,4.166609050772742129e-01,4.918272835848859770e-01,-2.949548903146840817e-01,-5.294474299417012420e-01,1.762048727439708695e-01,-2.722651605578669254e-01,-1.158035972829012938e-01,-2.123995566864807505e-01,-6.406956368785059475e-01,-4.040165285474594525e-01,-5.357333053081908547e-01,-7.807913924180099885e-01,6.052173766018938972e-01,-4.696400418643625896e-01,-3.897457767975488546e-04,-5.690495720499213483e-01,5.142817541445591223e-01,-6.364668284819442468e-01,-1.997851428491344561e-01,-5.475196017009206217e-01,6.682727859079122534e-02,7.496021557009713288e-01
7.752087151997995307e-02,1.007974030438736970e-02,2.522442356811887068e-02,-2.046287162231258672e-01,1.750301173486324968e-01,-1.246509745326435936e-01,1.076731515695316665e-01,-3.798126500176144393e-01,-4.456006758739401441e-01,-1.471575540759419987e-01,2.340031502287017451e-01,-3.857162894783571772e-01,1.000000000000000000e+00,3.162501230698291921e-01,-1.926563650347459522e-01,-2.324395983548201983e-01,3.828460494342854625e-01,-1.522876972932640238e-01,-8.554853972226907077e-02,-7.314171624069025490e-02,2.027285648183120292e-01,3.025559698610943982e-01,-6.667329180919154274e-03,-2.161356114373302328e-01,-5.318724558219108806e-02,3.770385016014321522e-01,6.213967619583445900e-01,2.090003021503236136e-01,3.519221452459959654e-01,-2.908249216167793083e-01,4.545083639424238875e-01,3.158103471844108112e-01,3.827886971525544246e-01,-3.800724026561861923e-01,3.626114773230434407e-01,1.737270263422103778e-01,3.289639861365888374e-01,-1.665453269697647065e-01,-2.216745410083570400e-01
5.462369515953315879e-01,-2.539919411589922627e-01,5.040764572023720413e-01,-5.348829215342052606e-02,6.113990117829048998e-01,3.664802597333989276e-01,-2.190796831232606073e-02,-6.980676916736332505e-01,-4.326129242454767598e-01,-3.380227053405923110e-01,2.694722420311204680e-01,-6.034559815787309267e-01,3.162501230698291921e-01,1.000000000000000000e+00,1.316864826794094667e-01,1.451985226052995293e-01,6.501272459419332739e-01,-4.515806993083851945e-03,-1.024571765005102691e-01,4.008128683700104555e-01,6.178021348744212604e-01,4.768282584599842916e-02,4.733193254168002739e-01,2.676801918237523004e-01,4.062460122298350851e-01,7.097080498071306476e-01,5.075969554205211898e-01,6.345292538782296710e-01,6.810876487718119376e-01,-2.404360212136199548e-01,7.345487352407383819e-01,1.129830608042464574e-01,7.481369407384974579e-01,-1.999784946565194288e-01,7.042307301548373921e-01,5.624420674978561907e-01,6.095801054392779861e-01,1.632734881062660459e-01,-5.145700111347698558e-01
2.322197759299594877e-01,1.584825097759994805e-01,5.414517364182916959e-01,2.289065642926329802e-01,4.809952467967069656e-01,-1.175666175582902734e-01,3.681050143778156758e-01,-6.733026180147388962e-02,5.198636388003361475e-01,6.223434961326442805e-01,-2.630692402637140881e-01,4.105013955710363760e-01,-1.926563650347459522e-01,1.316864826794094667e-01,1.000000000000000000e+00,7.147697616974157953e-01,-1.157026686800714244e-01,6.020692658739467129e-01,6.946415815497629653e-01,2.588729121836441660e-01,1.162082719574943357e-01,1.272015228563654343e-01,-1.858729521031131024e-02,1.510943916662743358e-01,2.005295370828771503e-02,9.723548547684270071e-02,-2.214777841439131284e-02,2.219183545795033741e-01,-1.583054253352330076e-01,5.773900284299301466e-01,1.459925604559459966e-01,-1.177097587354927893e-01,1.528378436401339191e-01,5.107408097994141638e-01,-1.439403183533886077e-01,1.470208481206984608e-01,-1.572915826411889484e-01,4.597080242051235777e-01,3.133476601576551390e-01
3.121112370810795733e-01,2.754567070503964876e-01,5.835178528015011468e-01,5.319409772035368356e-01,5.036317853730356564e-01,-3.292998694862496745e-01,5.134484902392019157e-01,-2.681390455803668305e-01,4.572926531101363934e-01,6.407879119702374338e-01,-6.012700572233743435e-01,3.214733701040837777e-01,-2.324395983548201983e-01,1.451985226052995293e-01,7.147697616974157953e-01,1.000000000000000000e+00,-1.829607525997422601e-01,6.624732238280797159e-01,6.154329955550466025e-01,4.060085023006655969e-01,2.203848117972860288e-01,2.266171858149174101e-01,-2.492260883901055712e-01,1.642662056458736933e-02,-2.673765109542760032e-01,2.678700894078553940e-01,1.002889648643606052e-01,4.227716424497376946e-01,-3.187007429809495668e-02,7.731065154657285055e-01,1.777551531446390221e-01,-2.600076968807297217e-01,2.111756317597099364e-01,5.501594319862561644e-01,-8.512381448167619102e-02,1.852890941084215648e-01,-1.960128846703429184e-01,5.605509012676433978e-01,1.592015278371802789e-01
2.946307025747644248e-01,-2.465906759856687780e-01,1.740399008286538651e-01,-3.808510668631957530e-01,2.583750457100778553e-01,4.563210497872857152e-01,-3.381853211340837828e-01,-5.738380263153626260e-01,-6.094909389109647302e-01,-4.831620508659257851e-01,5.206308065505250715e-01,-6.709572845940426911e-01,3.828460494342854625e-01,6.501272459419332739e-01,-1.157026686800714244e-01,-1.829607525997422601e-01,1.000000000000000000e+00,-4.101357795768562076e-01,-3.674370713893113649e-01,4.588432418216844416e-02,3.942472374503109833e-01,-1.990483325240078594e-01,3.429617892188557282e-01,5.405897084538150571e-02,2.902707118205914982e-01,6.048205694187259729e-01,4.425742172014513476e-01,4.670512060071279614e-01,6.498035596331163122e-01,-4.345462095197619723e-01,6.290624902674266661e-01,3.102346388759922857e-01,6.174030503755482124e-01,-5.230669703265089510e-01,5.693509310737850937e-01,2.484939159178748136e-01,6.053717596764156550e-01,-2.245652093907612723e-01,-5.615784793314234635e-01
1.404906323433049720e-01,1.738479929503743693e-01,5.969244142151928223e-01,4.086833965720889084e-01,4.803367233445118845e-01,-2.900413564575797798e-01,5.578018537559992218e-01,-6.028139451169099022e-02,5.890609766031409400e-01,6.635500204883181263e-01,-4.189990177191175169e-01,4.166609050772742129e-01,-1.522876972932640238e-01,-4.515806993083851945e-03,6.020692658739467129e-01,6.624732238280797159e-01,-4.101357795768562076e-01,1.000000000000000000e+00,7.209822655947782932e-01,3.077497798809977203e-01,1.387697303338508159e-01,4.465053968787193739e-01,-5.157411561325439542e-02,3.983384098485624053e-02,-4.562556970443182314e-02,-5.954046966032876254e-02,4.802857292944619910e-02,5.014754813183381482e-02,-2.375164259063669847e-01,6.332031616544661068e-01,1.911038945943301787e-02,-1.154070542221232454e-01,1.506253969210387123e-01,4.804632154332084681e-01,-2.055345245995706949e-01,3.311404772515473827e-01,-2.953698369019346348e-01,5.194156858016589773e-01,4.459889143728495986e-01
-1.552431225511178257e-02,1.235936826788765347e-01,5.063657980137860060e-01,3.998520418192187398e-01,3.704301287273750187e-01,-3.095166753293226436e-01,5.681441557739985715e-01,9.052986472458043887e-03,4.812601207794645619e-01,7.407041460330241467e-01,-3.529622390208259630e-01,4.918272835848859770e-01,-8.554853972226907077e-02,-1.024571765005102691e-01,6.946415815497629653e-01,6.154329955550466025e-01,-3.674370713893113649e-01,7.209822655947782932e-01,1.000000000000000000e+00,2.254929760913161607e-01,1.262232398796902244e-01,4.042686078769760494e-01,-1.269383094492522734e-01,3.706217139012025780e-03,-5.834960506836059380e-02,-6.317864102123536829e-02,-8.462200759302435094e-02,3.409672663776848467e-02,-3.129218245655664976e-01,5.690927982319182732e-01,-4.730355948409211558e-02,-1.302945125941322724e-01,5.976010857641025215e-02,3.823802028250148366e-01,-2.704040984342390708e-01,1.416050666134411329e-01,-3.248358543512713248e-01,3.091154123883650406e-01,3.992004094423855509e-01
4.076554557835881942e-01,-2.281068273523914613e-01,4.664667428265686366e-01,5.655317201643847991e-01,4.519577643033702574e-01,-1.541883266574777256e-01,1.184346832055957754e-01,-4.927098681656719714e-01,-3.753804239998478898e-02,-9.838879129346506103e-02,-3.634013292247861848e-01,-2.949548903146840817e-01,-7.314171624069025490e-02,4.008128683700104555e-01,2.588729121836441660e-01,4.060085023006655969e-01,4.588432418216844416e-02,3.077497798809977203e-01,2.254929760913161607e-01,1.000000000000000000e+00,6.055754636140516789e-01,1.132422717699522047e-01,-7.110930207417141824e-02,1.199472797595223655e-01,-7.747349698687093500e-02,5.209930320524683856e-01,1.573139950392244413e-01,6.316909142237440156e-01,4.584401992001046477e-01,1.096852754014523978e-01,1.669734707680986530e-01,-4.751051741206248624e-01,3.382474631183187141e-01,2.250554913546579383e-01,2.922515568888660042e-01,1.178099935476352444e-01,8.029398768195111780e-02,5.678151048277448876e-01,-2.933360881903631645e-01
3.637902010922312024e-01,-3.504153091999853697e-01,6.225163587747968297e-01,2.905459404908226628e-01,5.505148783571582882e-01,1.646846520017964943e-01,4.826822776969598612e-03,-6.334611671831912316e-01,-3.939642652406810108e-01,-2.290309909190952897e-01,3.952134756070593835e-02,-5.294474299417012420e-01,2.027285648183120292e-01,6.178021348744212604e-01,1.162082719574943357e-01,2.203848117972860288e-01,3.942472374503109833e-01,1.387697303338508159e-01,1.262232398796902244e-01,6.055754636140516789e-01,1.000000000000000000e+00,2.489998938621576507e-01,2.577133942086244356e-01,1.053962731715920031e-01,2.570488110879732280e-01,6.220065824927158982e-01,3.254733472881773948e-01,6.138725094931996029e-01,5.827282486233484882e-01,-1.985718234323746723e-01,4.284217406084490642e-01,-1.393575561633661197e-01,6.957801227297808477e-01,-1.771797612113706066e-01,5.161268684192861222e-01,4.361322144639864229e-01,3.795255190512959453e-01,2.154602331101987955e-01,-4.586952335082687959e-01
-3.299410286297276701e-02,2.118044483817402290e-01,3.446034346585131747e-01,2.684431456071098010e-01,2.365892484272122120e-01,-1.645976199450775723e-01,5.937275120006590967e-01,-7.121517260562078289e-02,1.003938437549969781e-01,3.591583385780747206e-01,-1.382565746465656276e-01,1.762048727439708695e-01,3.025559698610943982e-01,4.768282584599842916e-02,1.272015228563654343e-01,2.266171858149174101e-01,-1.990483325240078594e-01,4.465053968787193739e-01,4.042686078769760494e-01,1.132422717699522047e-01,2.489998938621576507e-01,1.000000000000000000e+00,2.139337488722624359e-02,-5.379229843011487655e-02,2.587337713602852127e-02,-1.613314717061400949e-02,2.217519430459596874e-01,-5.411239436774218509e-02,-7.369825589360803897e-02,1.811189211652548259e-01,1.394644685375595883e-01,1.876855484933335205e-01,2.764392777931613532e-01,2.917171739854524520e-02,1.265850959173290061e-03,3.596875223558567702e-01,1.122406535365830758e-02,4.469855671809482706e-02,2.075540985817633244e-01
9.745448215005800274e-02,-3.400609782867415887e-01,2.682965109900570799e-01,-4.185185491572684935e-01,2.492109616113611648e-01,7.637950841181647688e-01,-1.952576227180055080e-01,-6.159012973912519895e-02,-2.488856530164004210e-01,-3.225571782845879087e-01,6.844266691441716066e-01,-2.722651605578669254e-01,-6.667329180919154274e-03,4.733193254168002739e-01,-1.858729521031131024e-02,-2.492260883901055712e-01,3.429617892188557282e-01,-5.157411561325439542e-02,-1.269383094492522734e-01,-7.110930207417141824e-02,2.577133942086244356e-01,2.139337488722624359e-02,1.000000000000000000e+00,5.230082344216222534e-01,8.920964658945873538e-01,4.887356407243404616e-03,-7.850896734418806588e-03,-1.081084474065226453e-01,1.689808870779712924e-01,-4.779850300022164822e-01,3.401000797483764715e-01,4.211472662902168707e-01,3.493723650212174903e-01,-3.384149542394460086e-01,4.221057029658025761e-01,5.456626437443841127e-01,5.347562420827203233e-01,-2.271142819248794520e-01,-1.419269607426474344e-01
-1.655366102802638059e-02,-3.278006357043078967e-01,1.322193506610812030e-01,-5.285848488233034839e-03,2.627928937066692505e-01,3.445089775368223584e-01,-9.959966367848034630e-02,-2.281617467192804949e-02,-6.228680484926992639e-02,-1.873492762533993661e-01,1.274053805745495038e-01,-1.158035972829012938e-01,-2.161356114373302328e-01,2.676801918237523004e-01,1.510943916662743358e-01,1.642662056458736933e-02,5.405897084538150571e-02,3.983384098485624053e-02,3.706217139012025780e-03,1.199472797595223655e-01,1.053962731715920031e-01,-5.379229843011487655e-02,5.230082344216222534e-01,1.000000000000000000e+00,4.794710446249001445e-01,2.368865391245415092e-02,-1.863705246886128153e-01,3.176303195457973183e-02,1.526688393337621297e-01,-1.339717224969397547e-01,1.871012161054028955e-01,6.811453870169623115e-02,1.533076546562588682e-01,6.311534123189900536e-02,1.701314758811816596e-01,1.402213251553058038e-01,2.726721735603278574e-01,5.562560722528114149e-02,-1.662054304615512013e-01
4.977827704189208974e-02,-3.820830874126134868e-01,2.620416586517347879e-01,-4.022771553902461661e-01,2.038544837370249163e-01,7.712376503186927357e-01,-1.786917512691549859e-01,1.219669638227169339e-02,-2.043495247314517371e-01,-2.832200119255689486e-01,7.017506581895458506e-01,-2.123995566864807505e-01,-5.318724558219108806e-02,4.062460122298350851e-01,2.005295370828771503e-02,-2.673765109542760032e-01,2.902707118205914982e-01,-4.562556970443182314e-02,-5.834960506836059380e-02,-7.747349698687093500e-02,2.570488110879732280e-01,2.587337713602852127e-02,8.920964658945873538e-01,4.794710446249001445e-01,1.000000000000000000e+00,-8.224567019911221966e-02,-1.101925771573792900e-01,-1.760743047417623608e-01,6.205111544770369747e-02,-4.859177072819247933e-01,2.397076976903547707e-01,3.535886703868069136e-01,3.011283028864754630e-01,-3.508391230529629978e-01,3.171759778941966035e-01,5.172719284635036718e-01,4.530292263849539647e-01,-2.451557378446165836e-01,-7.666012157528540039e-02
5.238877448091849853e-01,-1.604313184949364701e-01,4.079930505337509561e-01,1.943842313207343186e-01,5.621305283929064478e-01,-4.927294155956873922e-02,-4.930594205016120696e-02,-8.345511374028619089e-01,-4.810340079106180111e-01,-2.756500598667280810e-01,-8.285008558215917196e-02,-6.406956368785059475e-01,3.770385016014321522e-01,7.097080498071306476e-01,9.723548547684270071e-02,2.678700894078553940e-01,6.048205694187259729e-01,-5.954046966032876254e-02,-6.317864102123536829e-02,5.209930320524683856e-01,6.220065824927158982e-01,-1.613314717061400949e-02,4.887356407243404616e-03,2.368865391245415092e-02,-8.224567019911221966e-02,1.000000000000000000e+00,6.508555658164170143e-01,8.669728548120750888e-01,8.056973476745031837e-01,-8.069039159486940394e-02,6.821223519624642906e-01,-1.046996157966028490e-01,6.785654954366411307e-01,-1.012835478488826324e-01,6.266399101003327088e-01,2.265752381465759024e-01,4.494937748596152804e-01,2.781616583312471191e-01,-6.340430046639803363e-01
4.697865615769498127e-01,1.800925305939492793e-01,3.004130927418056096e-01,-9.292186011116559952e-02,4.291557946882776364e-01,-1.172534810969336344e-01,5.931428616480362986e-02,-5.768112384219629130e-01,-2.648458341962596219e-01,-8.101314491810235330e-02,4.565626890664553628e-02,-4.040165285474594525e-01,6.213967619583445900e-01,5.075969554205211898e-01,-2.214777841439131284e-02,1.002889648643606052e-01,4.425742172014513476e-01,4.802857292944619910e-02,-8.462200759302435094e-02,1.573139950392244413e-01,3.254733472881773948e-01,2.217519430459596874e-01,-7.850896734418806588e-03,-1.863705246886128153e-01,-1.101925771573792900e-01,6.508555658164170143e-01,1.000000000000000000e+00,4.878050914020521378e-01,5.286290100196687769e-01,-3.903764867328485960e-02,6.804542581270525137e-01,2.742633605997613633e-01,5.319323988258222169e-01,-1.057939883419079657e-01,4.987144764650613959e-01,3.625763055309057514e-01,3.579418343004965863e-01,2.011127640920741533e-01,-2.113316777093976473e-01
4.812266422935429500e-01,-2.042102446103619962e-01,4.204083903290111168e-01,3.861962979985210653e-01,5.788379498772916465e-01,-1.129095119662806429e-01,3.028050034375116481e-02,-7.911158084116004519e-01,-3.602189503886142341e-01,-1.802742605990940994e-01,-2.739652369928593512e-01,-5.357333053081908547e-01,2.090003021503236136e-01,6.345292538782296710e-01,2.219183545795033741e-01,4.227716424497376946e-01,4.670512060071279614e-01,5.014754813183381482e-02,3.409672663776848467e-02,6.316909142237440156e-01,6.138725094931996029e-01,-5.411239436774218509e-02,-1.081084474065226453e-01,3.176303195457973183e-02,-1.760743047417623608e-01,8.669728548120750888e-01,4.878050914020521378e-01,1.000000000000000000e+00,7.198144514681334982e-01,7.582869696397298576e-02,5.586107604728842713e-01,-3.052992782179461684e-01,5.968235899317241300e-01,8.268283136599889616e-02,5.201311790281868408e-01,1.345218800486630839e-01,2.918118455131975542e-01,4.088436125551070943e-01,-6.054843808357595059e-01
4.495967409453783814e-01,-2.880704342097508142e-01,2.256498290521675720e-01,6.716927733399959133e-02,4.141163235343761628e-01,1.156916417488437626e-01,-2.430639482575041588e-01,-7.429919654708029286e-01,-6.304977521142233199e-01,-5.501629357906714368e-01,9.547702275012291684e-02,-7.807913924180099885e-01,3.519221452459959654e-01,6.810876487718119376e-01,-1.583054253352330076e-01,-3.187007429809495668e-02,6.498035596331163122e-01,-2.375164259063669847e-01,-3.129218245655664976e-01,4.584401992001046477e-01,5.827282486233484882e-01,-7.369825589360803897e-02,1.689808870779712924e-01,1.526688393337621297e-01,6.205111544770369747e-02,8.056973476745031837e-01,5.286290100196687769e-01,7.198144514681334982e-01,1.000000000000000000e+00,-3.462317229336221991e-01,5.761410233408030823e-01,2.418422402005634877e-03,6.342804825187503548e-01,-2.406227595537948905e-01,7.320868608878219330e-01,2.100862245914048299e-01,6.286585395840051937e-01,1.549927284392468574e-01,-7.131934202456786664e-01
5.595304269003662651e-02,4.825310796569891592e-01,2.936623361417413647e-01,4.080162814958174788e-01,2.256319066375189197e-01,-4.903059355406682585e-01,5.325932154598669310e-01,6.453171679039849951e-02,6.828182297251920163e-01,7.842881013103164545e-01,-6.849477972583296603e-01,6.052173766018938972e-01,-2.908249216167793083e-01,-2.404360212136199548e-01,5.773900284299301466e-01,7.731065154657285055e-01,-4.345462095197619723e-01,6.332031616544661068e-01,5.690927982319182732e-01,1.096852754014523978e-01,-1.985718234323746723e-01,1.811189211652548259e-01,-4.779850300022164822e-01,-1.339717224969397547e-01,-4.859177072819247933e-01,-8.069039159486940394e-02,-3.903764867328485960e-02,7.582869696397298576e-02,-3.462317229336221991e-01,1.000000000000000000e+00,-7.892622723968668874e-02,-1.622773602906725510e-01,-1.186790733909226375e-01,6.557628782434093972e-01,-4.023748712388384163e-01,-2.479187799016828800e-02,-4.566526920836342374e-01,4.296912141056279943e-01,4.324365413726197205e-01
4.293175391809999075e-01,-2.666326846613946422e-02,4.452806565928609239e-01,-1.876666239016177573e-01,5.876460125474308738e-01,2.537162300845314244e-01,6.274070294683040117e-02,-6.281829933395773891e-01,-3.551601791474052194e-01,-1.494232623267625626e-01,2.082523434267406215e-01,-4.696400418643625896e-01,4.545083639424238875e-01,7.345487352407383819e-01,1.459925604559459966e-01,1.777551531446390221e-01,6.290624902674266661e-01,1.911038945943301787e-02,-4.730355948409211558e-02,1.669734707680986530e-01,4.284217406084490642e-01,1.394644685375595883e-01,3.401000797483764715e-01,1.871012161054028955e-01,2.397076976903547707e-01,6.821223519624642906e-01,6.804542581270525137e-01,5.586107604728842713e-01,5.761410233408030823e-01,-7.892622723968668874e-02,1.000000000000000000e+00,3.539287570746523226e-01,7.149412445423692919e-01,-1.794050795261007969e-01,5.529170577706735701e-01,4.740859869500006485e-01,5.410856702333126655e-01,4.644867064939281476e-02,-4.094703187702111724e-01
7.007371267649533698e-03,3.315258543349461906e-01,5.858209599634461862e-02,-6.720030003663285401e-01,1.658132620197707088e-02,4.129787792728620843e-01,-2.817782482183073950e-02,8.027557630333836958e-02,-5.647243188191448243e-02,2.987653816770100695e-02,5.398569315971742943e-01,-3.897457767975488546e-04,3.158103471844108112e-01,1.129830608042464574e-01,-1.177097587354927893e-01,-2.600076968807297217e-01,3.102346388759922857e-01,-1.154070542221232454e-01,-1.302945125941322724e-01,-4.751051741206248624e-01,-1.393575561633661197e-01,1.876855484933335205e-01,4.211472662902168707e-01,6.811453870169623115e-02,3.535886703868069136e-01,-1.046996157966028490e-01,2.742633605997613633e-01,-3.052992782179461684e-01,2.418422402005634877e-03,-1.622773602906725510e-01,3.539287570746523226e-01,1.000000000000000000e+00,1.850547924723661697e-01,-3.226002387109220826e-01,2.008095731923781047e-01,3.611125057985983267e-01,4.606188327469542543e-01,-4.221978078655835298e-01,1.606713041349509818e-01
3.349610466953029664e-01,-2.525611804785143355e-01,6.422677183742347973e-01,4.409473083513899827e-02,6.961285158241097282e-01,2.146228376748399169e-01,8.384680050503677540e-02,-7.609105993458608053e-01,-4.399923194250057179e-01,-1.710440276986998909e-01,1.820640846253651912e-01,-5.690495720499213483e-01,3.827886971525544246e-01,7.481369407384974579e-01,1.528378436401339191e-01,2.111756317597099364e-01,6.174030503755482124e-01,1.506253969210387123e-01,5.976010857641025215e-02,3.382474631183187141e-01,6.957801227297808477e-01,2.764392777931613532e-01,3.493723650212174903e-01,1.533076546562588682e-01,3.011283028864754630e-01,6.785654954366411307e-01,5.319323988258222169e-01,5.968235899317241300e-01,6.342804825187503548e-01,-1.186790733909226375e-01,7.149412445423692919e-01,1.850547924723661697e-01,1.000000000000000000e+00,-2.490129478218686132e-01,5.564915628892888044e-01,5.493955339926114290e-01,5.057309036948935965e-01,7.966777230790973718e-02,-4.763703252437643809e-01
1.216759802428733217e-01,2.790801108976812550e-01,1.814420855648927466e-01,3.972038605716377013e-01,2.404111016663868783e-01,-4.121532369221070358e-01,3.121507193397669022e-01,1.620709832338593226e-01,6.451504908029146446e-01,5.022338154691444734e-01,-6.202093157130571521e-01,5.142817541445591223e-01,-3.800724026561861923e-01,-1.999784946565194288e-01,5.107408097994141638e-01,5.501594319862561644e-01,-5.230669703265089510e-01,4.804632154332084681e-01,3.823802028250148366e-01,2.250554913546579383e-01,-1.771797612113706066e-01,2.917171739854524520e-02,-3.384149542394460086e-01,6.311534123189900536e-02,-3.508391230529629978e-01,-1.012835478488826324e-01,-1.057939883419079657e-01,8.268283136599889616e-02,-2.406227595537948905e-01,6.557628782434093972e-01,-1.794050795261007969e-01,-3.226002387109220826e-01,-2.490129478218686132e-01,1.000000000000000000e+00,-3.130096813077041795e-01,-1.309444260818794781e-01,-3.940367588300380253e-01,5.777466576757961381e-01,3.536318952457571108e-01
4.565252731278910958e-01,-1.507799519128956434e-01,2.574728843454160976e-01,-9.272953793968037595e-02,3.683046490879001156e-01,3.166628564483640607e-01,-1.673400973481752319e-01,-5.696571326242977351e-01,-5.531860592362900508e-01,-4.702584963990200650e-01,3.028593913004835603e-01,-6.364668284819442468e-01,3.626114773230434407e-01,7.042307301548373921e-01,-1.439403183533886077e-01,-8.512381448167619102e-02,5.693509310737850937e-01,-2.055345245995706949e-01,-2.704040984342390708e-01,2.922515568888660042e-01,5.161268684192861222e-01,1.265850959173290061e-03,4.221057029658025761e-01,1.701314758811816596e-01,3.171759778941966035e-01,6.266399101003327088e-01,4.987144764650613959e-01,5.201311790281868408e-01,7.320868608878219330e-01,-4.023748712388384163e-01,5.529170577706735701e-01,2.008095731923781047e-01,5.564915628892888044e-01,-3.130096813077041795e-01,1.000000000000000000e+00,3.753615814778609727e-01,7.759830233890356865e-01,4.719422082459592827e-02,-5.441176277434910391e-01
3.641020825456479093e-01,-6.849554622156120431e-02,5.832755592916472054e-01,-1.178461016981596776e-01,4.883357051765309653e-01,3.628218926764398278e-01,1.778656572664848445e-01,-3.374879412182204552e-01,-3.541338166747896865e-02,3.942630666939349326e-02,2.649069829293940193e-01,-1.997851428491344561e-01,1.737270263422103778e-01,5.624420674978561907e-01,1.470208481206984608e-01,1.852890941084215648e-01,2.484939159178748136e-01,3.311404772515473827e-01,1.416050666134411329e-01,1.178099935476352444e-01,4.361322144639864229e-01,3.596875223558567702e-01,5.456626437443841127e-01,1.402213251553058038e-01,5.172719284635036718e-01,2.265752381465759024e-01,3.625763055309057514e-01,1.345218800486630839e-01,2.100862245914048299e-01,-2.479187799016828800e-02,4.740859869500006485e-01,3.611125057985983267e-01,5.493955339926114290e-01,-1.309444260818794781e-01,3.753615814778609727e-01,1.000000000000000000e+00,3.462139454724376120e-01,1.238526706490335610e-01,1.936265747228481035e-02
3.749447889162872416e-01,-3.239546692513415455e-02,1.906055994748654947e-01,-3.438051383981454712e-01,2.525428284698836845e-01,4.914133320734473398e-01,-1.853091238891259873e-01,-3.969701199580532025e-01,-5.071573571292861127e-01,-4.502661467238603388e-01,4.937007472752211190e-01,-5.475196017009206217e-01,3.289639861365888374e-01,6.095801054392779861e-01,-1.572915826411889484e-01,-1.960128846703429184e-01,6.053717596764156550e-01,-2.953698369019346348e-01,-3.248358543512713248e-01,8.029398768195111780e-02,3.795255190512959453e-01,1.122406535365830758e-02,5.347562420827203233e-01,2.726721735603278574e-01,4.530292263849539647e-01,4.494937748596152804e-01,3.579418343004965863e-01,2.918118455131975542e-01,6.286585395840051937e-01,-4.566526920836342374e-01,5.410856702333126655e-01,4.606188327469542543e-01,5.057309036948935965e-01,-3.940367588300380253e-01,7.759830233890356865e-01,3.462139454724376120e-01,1.000000000000000000e+00,-1.782071480218769821e-01,-4.683877546709325768e-01
5.302132944294000172e-01,4.435533447878439728e-02,3.639176348785537196e-01,4.912677077477352050e-01,4.453624905433841707e-01,-3.612401630595415969e-01,1.609484747774811431e-01,-2.568546486079568703e-01,3.999185889754380829e-01,2.640979272157120694e-01,-5.205373369097440195e-01,6.682727859079122534e-02,-1.665453269697647065e-01,1.632734881062660459e-01,4.597080242051235777e-01,5.605509012676433978e-01,-2.245652093907612723e-01,5.194156858016589773e-01,3.091154123883650406e-01,5.678151048277448876e-01,2.154602331101987955e-01,4.469855671809482706e-02,-2.271142819248794520e-01,5.562560722528114149e-02,-2.451557378446165836e-01,2.781616583312471191e-01,2.011127640920741533e-01,4.088436125551070943e-01,1.549927284392468574e-01,4.296912141056279943e-01,4.644867064939281476e-02,-4.221978078655835298e-01,7.966777230790973718e-02,5.777466576757961381e-01,4.719422082459592827e-02,1.238526706490335610e-01,-1.782071480218769821e-01,1.000000000000000000e+00,1.867920364404556943e-01
-9.367300765698290121e-02,4.622124040691880653e-01,-1.355304706586004347e-02,-9.419100962765311613e-02,-2.024701139564281105e-01,-1.683955878157434027e-01,2.138208268884544960e-01,6.105830411103784217e-01,7.774666953858886398e-01,6.375281290350407470e-01,-9.935971744422439356e-02,7.496021557009713288e-01,-2.216745410083570400e-01,-5.145700111347698558e-01,3.133476601576551390e-01,1.592015278371802789e-01,-5.615784793314234635e-01,4.459889143728495986e-01,3.992004094423855509e-01,-2.933360881903631645e-01,-4.586952335082687959e-01,2.075540985817633244e-01,-1.419269607426474344e-01,-1.662054304615512013e-01,-7.666012157528540039e-02,-6.340430046639803363e-01,-2.113316777093976473e-01,-6.054843808357595059e-01,-7.131934202456786664e-01,4.324365413726197205e-01,-4.094703187702111724e-01,1.606713041349509818e-01,-4.763703252437643809e-01,3.536318952457571108e-01,-5.441176277434910391e-01,1.936265747228481035e-02,-4.683877546709325768e-01,1.867920364404556943e-01,1.000000000000000000e+00
