1.000000000000000000e+00,8.761466646799168645e-01,7.267595729104832092e-01,-1.125448969157290396e-01,7.942633602428599282e-01,1.003054497637032583e-01,2.683249900910265606e-01,-7.025588796279790271e-01,5.819945694152013349e-01,6.795509802278103528e-01,3.315162063627220546e-01,2.123096915207538793e-01,9.508242922123745500e-02,2.971154684790166534e-01,4.662595220196446427e-02,7.353267200249236080e-01,2.887283319900814660e-01,1.816088903806567789e-01,3.660636971651684557e-01,3.858780146887666462e-01,6.105552199313987183e-01,5.723452204758671114e-01,3.656930701245640347e-01,1.575905920849055286e-01,4.298851737554675867e-01,6.960109331292011481e-01,4.253038297573925597e-01,6.279171530663694156e-01,3.791796323351829257e-01,7.405724566432526634e-01,6.987584806238293922e-01,7.105342240569496592e-01,6.565400514803951815e-01,5.120089184978690033e-01,6.740026504393590301e-01,6.924768798774134648e-01,6.605725188966378170e-01,1.700624469194629285e-01,1.022191530732554088e-01
8.761466646799168645e-01,1.000000000000000000e+00,7.540384498191837759e-01,-7.022351264067934647e-03,8.363876868460842218e-01,-7.106143435610741410e-02,4.323872216788552936e-01,-7.027084349304509869e-01,6.025414838059299782e-01,7.920666399176840011e-01,3.153306421237341839e-01,3.874960843528451604e-01,3.084498851798542218e-01,2.923644649355037761e-01,1.855821719339607323e-01,8.108766133927117759e-01,2.229999786966264941e-01,1.952318428286546337e-01,4.741470472476733700e-01,5.294434698647152437e-01,6.610478838679528790e-01,6.790095434023120102e-01,5.110365323815633243e-01,2.109520631776064525e-01,5.207600986270913834e-01,7.266190889347428072e-01,6.079849954978303606e-01,7.484463387500355225e-01,3.352579204779544408e-01,7.149297181400090517e-01,7.611663230317851081e-01,7.344968110819591889e-01,6.728136412199527960e-01,5.885243625445992777e-01,6.915076240278579256e-01,6.411112047497321553e-01,6.655636929112213052e-01,3.574230849206536109e-01,2.852939277353516712e-01
7.267595729104832092e-01,7.540384498191837759e-01,1.000000000000000000e+00,-2.011601436295716583e-02,8.838982090969917937e-01,1.395654627924677871e-01,3.844191711637716113e-01,-9.486008220988311201e-01,6.917729274966346598e-01,7.144798317323690640e-01,4.766226752968925617e-01,2.841899778346428929e-01,1.628193888752853813e-01,4.987825974305749588e-01,7.066867657804616620e-02,7.302384666136839675e-01,3.875860287513706037e-01,3.411071238586004251e-01,4.585114202957500940e-01,5.644694449003483383e-01,8.394016924645530953e-01,7.529999859919697114e-01,5.147487023963434050e-01,1.007171625225223022e-01,5.884828049090643498e-01,7.466801892172069133e-01,5.986134303891033070e-01,6.931700976181229823e-01,4.224549765628018982e-01,7.332752786360153818e-01,7.431481363849886668e-01,7.425076842405398114e-01,8.295501594350794816e-01,6.440005634302209403e-01,6.710658978437002986e-01,7.540566817509791742e-01,6.744532030480014928e-01,1.961645215631294126e-01,1.709403531789097375e-01
-1.125448969157290396e-01,-7.022351264067934647e-03,-2.011601436295716583e-02,1.000000000000000000e+00,4.821141193431703609e-02,-1.668994581161781232e-01,3.346526700481561867e-01,5.726150062582149175e-02,2.477141922287914855e-01,1.826424150800551038e-01,2.980181910679974289e-01,6.834710442148986820e-01,7.047791137954770857e-01,2.344323259903285939e-01,5.303928329995426516e-01,1.733881767090693082e-01,3.317627971127743436e-01,-7.893950934203076975e-02,8.715980011714506703e-02,5.772147647682195348e-01,1.307888909592690163e-01,4.404159429884207944e-01,4.606045977697720839e-01,1.750873124999355601e-01,1.417770860350595352e-01,-2.386039892001516893e-01,1.808471107616676232e-01,-5.784121878622316276e-02,-1.208213049026578625e-02,-7.991606285143460983e-03,-5.362931949214323063e-03,6.018250200311855980e-02,-1.554262488577707879e-01,3.664493188275262936e-01,-1.995079028489590289e-01,-2.121609938867785039e-01,-2.777594613293956072e-01,6.688038438875207881e-01,6.669092297065084551e-01
7.942633602428599282e-01,8.363876868460842218e-01,8.838982090969917937e-01,4.821141193431703609e-02,1.000000000000000000e+00,1.358386101385251621e-01,4.120908981766892021e-01,-8.647044058214039541e-01,7.644226001923060121e-01,7.100435143154534279e-01,4.550405779327511557e-01,3.426022337802335782e-01,2.517106889570374095e-01,5.284131599291783665e-01,1.328300418336657851e-01,7.421924678166518241e-01,3.899717931845881891e-01,2.824668788013897647e-01,4.639262659381491738e-01,5.807329150905388149e-01,7.290750525561150441e-01,7.601727221833984860e-01,5.245813391186934238e-01,1.275711682934830837e-01,5.306088376613684598e-01,6.962213531468142147e-01,5.329752707524668676e-01,6.790503393721103453e-01,3.598696327899290615e-01,7.804454503504626439e-01,7.035788212730882396e-01,7.017912257652334507e-01,7.498348522975932795e-01,6.757457158451258827e-01,6.235648960909480065e-01,6.969594336276329072e-01,6.018212716560478182e-01,3.179924830232319088e-01,2.568182123671467476e-01
1.003054497637032583e-01,-7.106143435610741410e-02,1.395654627924677871e-01,-1.668994581161781232e-01,1.358386101385251621e-01,1.000000000000000000e+00,-3.816888706862658354e-01,-2.188497904874309452e-01,3.025543896594738991e-01,-2.735403545125601465e-01,3.731250405167585438e-01,-2.879227202607897995e-01,-3.679182132493906687e-01,3.772431534516658691e-01,-2.493462788464305135e-01,-2.265960160637849885e-01,4.218978638754307120e-01,-2.886599996121840331e-02,-1.925164289584125332e-01,-1.231431892871826111e-01,4.165368931786111312e-02,-1.362343888730464803e-02,-2.501969048974302945e-01,-2.316795406325273810e-01,-2.382417534156840433e-01,-2.976824778538849844e-02,-3.485792134275272902e-01,-2.303450973301161275e-01,1.944672162342266919e-01,2.041867004122199514e-01,-1.237711564824648530e-01,3.635457992176959613e-02,1.440256655408205522e-01,1.022994383160060056e-01,-9.114799396335376835e-02,1.240022720964894659e-01,-6.771948712287205463e-02,-3.365178497792369328e-01,-3.297482689031162040e-01
2.683249900910265606e-01,4.323872216788552936e-01,3.844191711637716113e-01,3.346526700481561867e-01,4.120908981766892021e-01,-3.816888706862658354e-01,1.000000000000000000e+00,-3.082638761765015278e-01,2.720435578952097311e-01,6.234482663867471075e-01,1.722355530485295549e-01,4.450421397395871725e-01,5.605869657349661361e-01,1.794190388212732745e-01,3.796879350050351709e-01,5.886123541102379342e-01,1.386737000771632311e-01,2.628498308814332662e-01,4.285436063149496988e-01,5.748562546274936791e-01,4.052097188856974563e-01,5.515360741181396520e-01,6.027387371959715967e-01,1.387675725431079254e-01,5.357294902025898642e-01,3.633357675793335573e-01,5.944571336604701495e-01,5.059409339283412743e-01,1.059026240474117420e-01,3.969424286903641130e-01,4.333033105577920874e-01,4.013320716233607088e-01,2.432509900289000493e-01,3.852062027214168127e-01,3.826481001300335860e-01,3.189725215695982108e-01,3.317983184497547700e-01,5.351288293060475487e-01,5.381325062135485782e-01
-7.025588796279790271e-01,-7.027084349304509869e-01,-9.486008220988311201e-01,5.726150062582149175e-02,-8.647044058214039541e-01,-2.188497904874309452e-01,-3.082638761765015278e-01,1.000000000000000000e+00,-7.009866137694850119e-01,-6.472170687796506838e-01,-4.982363545606088295e-01,-2.137026398297125485e-01,-8.880485566863800806e-02,-4.979533207852984145e-01,-8.454535372666509632e-03,-6.699175328076872882e-01,-4.201682123451753181e-01,-3.241326807663191256e-01,-4.059432802785993277e-01,-5.015957640863570877e-01,-8.114425967568837939e-01,-7.045481991052985338e-01,-4.445795296019509069e-01,-4.795556070452686170e-02,-5.292044955823922425e-01,-7.096272065305799792e-01,-5.261287014750380964e-01,-6.256332458154353349e-01,-4.136184536715382665e-01,-7.300978686775576598e-01,-7.026705104794342960e-01,-6.976124099503558940e-01,-8.127291769166471447e-01,-6.374197977978072194e-01,-6.145239092012622084e-01,-7.577698317491841085e-01,-6.232748305954400880e-01,-1.328899003168976523e-01,-1.154365959168271866e-01
5.819945694152013349e-01,6.025414838059299782e-01,6.917729274966346598e-01,2.477141922287914855e-01,7.644226001923060121e-01,3.025543896594738991e-01,2.720435578952097311e-01,-7.009866137694850119e-01,1.000000000000000000e+00,5.600289965830842487e-01,6.261119251671483088e-01,4.269890552174898657e-01,3.485874742251044989e-01,6.121508495010767881e-01,1.488380290378405468e-01,5.785494725423194762e-01,6.603969045744175759e-01,1.283578979331820302e-01,2.194077644490347867e-01,5.822682584499062619e-01,5.609517368499694623e-01,7.222003967121758405e-01,4.697765697386234174e-01,-1.981131318514578465e-02,2.729907513520208329e-01,4.552212839579035664e-01,3.711169795630124280e-01,4.501407841439365454e-01,4.297660358957610671e-01,6.567409977725303660e-01,4.715278148068799968e-01,6.168708580428732269e-01,5.261337404007757623e-01,8.455245902794782387e-01,2.913528493193282554e-01,5.770465219717196836e-01,3.033872879519397547e-01,3.841088426089269148e-01,3.793369879409602685e-01
6.795509802278103528e-01,7.920666399176840011e-01,7.144798317323690640e-01,1.826424150800551038e-01,7.100435143154534279e-01,-2.735403545125601465e-01,6.234482663867471075e-01,-6.472170687796506838e-01,5.600289965830842487e-01,1.000000000000000000e+00,3.897683474357721556e-01,5.949577352259677321e-01,4.868191999444099194e-01,2.811357873624095727e-01,3.174234750278818185e-01,9.302108699208265774e-01,3.270339855787900429e-01,2.297523577879482248e-01,4.639573433876071906e-01,7.041264852741175861e-01,6.946223399804850596e-01,7.602457286344955767e-01,7.146367564938550521e-01,2.364671138572878861e-01,6.640387872936472924e-01,6.666639927234753182e-01,8.099821934423905301e-01,7.805588556405039791e-01,3.566214519439714903e-01,6.128517412926586250e-01,7.620395296273556607e-01,7.234220132043660545e-01,5.833449276289544017e-01,6.339604939586003240e-01,5.980705894600799599e-01,6.075508967209347633e-01,5.880341782330364975e-01,5.169151967106261347e-01,4.883668191635335276e-01
3.315162063627220546e-01,3.153306421237341839e-01,4.766226752968925617e-01,2.980181910679974289e-01,4.550405779327511557e-01,3.731250405167585438e-01,1.722355530485295549e-01,-4.982363545606088295e-01,6.261119251671483088e-01,3.897683474357721556e-01,1.000000000000000000e+00,4.082116078945647319e-01,2.456324424374667081e-01,5.104112782894938416e-01,1.511577593930570340e-01,4.376127017504555239e-01,8.582111482177668949e-01,6.261073879187945002e-02,7.986539789109974030e-02,5.185537876927257539e-01,4.979277888023080356e-01,5.777587592642680070e-01,4.243836360132478003e-01,5.543481124355797290e-02,3.497095699865219176e-01,3.238524274938185399e-01,4.037475589046835012e-01,2.929112459017504388e-01,2.620409051603800887e-01,4.475025723272729739e-01,3.632948308987818398e-01,4.447223231555331724e-01,3.802245296508761641e-01,6.735853928667528967e-01,6.320151312584727787e-02,4.044294872286279818e-01,1.317003109237726843e-01,3.518113653449596034e-01,3.925246989471109504e-01
2.123096915207538793e-01,3.874960843528451604e-01,2.841899778346428929e-01,6.834710442148986820e-01,3.426022337802335782e-01,-2.879227202607897995e-01,4.450421397395871725e-01,-2.137026398297125485e-01,4.269890552174898657e-01,5.949577352259677321e-01,4.082116078945647319e-01,1.000000000000000000e+00,8.133949260787174396e-01,2.603475971047303772e-01,6.808494448501065666e-01,5.604995193317729996e-01,3.723545105855688986e-01,-6.241188899094606002e-02,2.733264063945720634e-01,8.081565922800152402e-01,4.002587345744735292e-01,6.888923879110628867e-01,6.846158463425561225e-01,2.157499628625276777e-01,4.070653896612148603e-01,1.183120048294566962e-01,5.774163982224613800e-01,3.943681112591897464e-01,1.085029822780963077e-01,2.131090945328986130e-01,3.716391174231108985e-01,3.408819396310333039e-01,1.431217067299996870e-01,5.657901298739501650e-01,7.042174853242508248e-02,8.795107361773678301e-02,2.390981187081970757e-02,7.781713521205410045e-01,7.706142631798750253e-01
9.508242922123745500e-02,3.084498851798542218e-01,1.628193888752853813e-01,7.047791137954770857e-01,2.517106889570374095e-01,-3.679182132493906687e-01,5.605869657349661361e-01,-8.880485566863800806e-02,3.485874742251044989e-01,4.868191999444099194e-01,2.456324424374667081e-01,8.133949260787174396e-01,1.000000000000000000e+00,1.830058552677828743e-01,6.549596994928473803e-01,4.206163205346231115e-01,2.246443670585180907e-01,-2.905671612400314435e-02,2.791219057801965220e-01,7.458530796823263920e-01,2.281057900470008226e-01,6.236221114794492371e-01,6.137421054945247922e-01,1.464397848150824910e-01,3.047000774960567648e-01,1.836086397551850435e-02,4.826089291609666487e-01,3.164990183555657088e-01,3.676995830254928266e-02,1.503122381974168198e-01,2.094216545528864437e-01,2.303118020711017455e-01,4.162626563330310003e-02,4.926692930705861562e-01,1.919642366255372434e-02,-2.102199639017327242e-03,-3.785913747994549411e-02,8.000687449556499464e-01,7.936868029247263756e-01
2.971154684790166534e-01,2.923644649355037761e-01,4.987825974305749588e-01,2.344323259903285939e-01,5.284131599291783665e-01,3.772431534516658691e-01,1.794190388212732745e-01,-4.979533207852984145e-01,6.121508495010767881e-01,2.811357873624095727e-01,5.104112782894938416e-01,2.603475971047303772e-01,1.830058552677828743e-01,1.000000000000000000e+00,-1.867624613365237440e-02,3.276924217589791688e-01,4.820951986452761129e-01,3.679031947474147857e-01,8.978037862551276060e-02,4.224405316910218033e-01,4.428736764032478179e-01,5.858571028958233784e-01,4.847356754661475420e-01,2.628660315670297565e-01,3.778670150070886913e-01,3.875871132402946562e-01,2.537728464296729047e-01,2.971026440009995606e-01,3.912795737781962213e-01,4.313654218715736732e-01,1.983945985708852333e-01,4.726179297747897246e-01,5.275711759273886692e-01,5.057217208457036595e-01,3.118865479219523618e-01,2.643000373021131555e-01,3.191940465940547034e-01,2.419866322936313208e-01,2.389409109568424172e-01
4.662595220196446427e-02,1.855821719339607323e-01,7.066867657804616620e-02,5.303928329995426516e-01,1.328300418336657851e-01,-2.493462788464305135e-01,3.796879350050351709e-01,-8.454535372666509632e-03,1.488380290378405468e-01,3.174234750278818185e-01,1.511577593930570340e-01,6.808494448501065666e-01,6.549596994928473803e-01,-1.867624613365237440e-02,1.000000000000000000e+00,2.671864069104299411e-01,1.481711886563414349e-01,-3.815161743080860424e-01,3.405372080898442788e-01,6.059874965384042245e-01,1.922293717427740189e-01,4.267270904223728900e-01,3.625730876612958120e-01,8.706898013631993172e-02,1.314529660465098559e-01,-1.689963364038440385e-01,2.939765305376320081e-01,1.197008787179157513e-01,-7.574991225648622373e-02,3.929112247757819004e-02,1.557862851640885449e-01,5.526595521197313898e-02,-6.604214527809017243e-02,2.191000738089837196e-01,-6.221794487931386203e-02,-7.221701784840334204e-02,-1.387438025628478233e-01,5.477048870536285197e-01,5.313236967034902225e-01
7.353267200249236080e-01,8.108766133927117759e-01,7.302384666136839675e-01,1.733881767090693082e-01,7.421924678166518241e-01,-2.265960160637849885e-01,5.886123541102379342e-01,-6.699175328076872882e-01,5.785494725423194762e-01,9.302108699208265774e-01,4.376127017504555239e-01,5.604995193317729996e-01,4.206163205346231115e-01,3.276924217589791688e-01,2.671864069104299411e-01,1.000000000000000000e+00,3.703639217568997499e-01,2.446057590676762317e-01,4.444517070067970921e-01,6.792534906249581006e-01,7.272850066004058478e-01,7.633121790237266113e-01,6.987990415482794315e-01,2.680641967430926753e-01,6.718003486347212672e-01,6.999298793958338427e-01,7.830595880636376238e-01,7.820155879698790224e-01,3.345960252939583213e-01,6.481556730497962659e-01,7.694160260587395994e-01,7.426168286373053817e-01,6.304874104790939571e-01,6.508708926937143424e-01,6.137479956454090502e-01,6.312311308601294968e-01,6.100358047323444222e-01,5.036673850541600883e-01,4.620206249003357968e-01
2.887283319900814660e-01,2.229999786966264941e-01,3.875860287513706037e-01,3.317627971127743436e-01,3.899717931845881891e-01,4.218978638754307120e-01,1.386737000771632311e-01,-4.201682123451753181e-01,6.603969045744175759e-01,3.270339855787900429e-01,8.582111482177668949e-01,3.723545105855688986e-01,2.246443670585180907e-01,4.820951986452761129e-01,1.481711886563414349e-01,3.703639217568997499e-01,1.000000000000000000e+00,-5.792804065245733651e-03,1.575399343779930114e-02,4.778316064305133670e-01,4.010011959467563170e-01,5.027129397171333780e-01,3.304561413849809726e-01,4.914405965949562860e-02,1.881489907236027215e-01,1.845394442738274021e-01,2.398836729529527922e-01,1.620255061428057253e-01,3.373057358989615118e-01,3.649890188212123188e-01,2.785233790454260117e-01,4.181900596234787160e-01,2.596131208563833837e-01,6.885722008765470248e-01,-1.134807158188156327e-02,3.525392670176459298e-01,4.081250223984200787e-02,2.851861601943440627e-01,3.259473888816295517e-01
1.816088903806567789e-01,1.952318428286546337e-01,3.411071238586004251e-01,-7.893950934203076975e-02,2.824668788013897647e-01,-2.886599996121840331e-02,2.628498308814332662e-01,-3.241326807663191256e-01,1.283578979331820302e-01,2.297523577879482248e-01,6.261073879187945002e-02,-6.241188899094606002e-02,-2.905671612400314435e-02,3.679031947474147857e-01,-3.815161743080860424e-01,2.446057590676762317e-01,-5.792804065245733651e-03,1.000000000000000000e+00,1.371312265341181058e-01,9.029837064156895354e-02,2.534866607384400061e-01,2.332034063743112506e-01,3.448896065186385917e-01,1.393522042740993061e-01,4.439331255460644554e-01,4.926228333146489002e-01,3.020400103840135686e-01,3.821130663561663754e-01,2.194734999192316516e-01,2.425101816873907190e-01,3.016294077394094941e-01,3.302626221340869139e-01,3.616106435890815152e-01,2.005470261905652751e-01,4.399127560161552042e-01,3.356330371147427383e-01,4.449400594675097520e-01,-9.282789519515681834e-03,3.169885100505345082e-02
3.660636971651684557e-01,4.741470472476733700e-01,4.585114202957500940e-01,8.715980011714506703e-02,4.639262659381491738e-01,-1.925164289584125332e-01,4.285436063149496988e-01,-4.059432802785993277e-01,2.194077644490347867e-01,4.639573433876071906e-01,7.986539789109974030e-02,2.733264063945720634e-01,2.791219057801965220e-01,8.978037862551276060e-02,3.405372080898442788e-01,4.444517070067970921e-01,1.575399343779930114e-02,1.371312265341181058e-01,1.000000000000000000e+00,4.472786588722091894e-01,4.680191360632934838e-01,4.193982890088299165e-01,2.614895935893607470e-01,1.477050144149224531e-01,2.801555379223434894e-01,3.934512605040058064e-01,4.336638497043696083e-01,4.535563956987157530e-01,2.424295752815860960e-01,3.067643605592634826e-01,4.451427234330685434e-01,4.324157813199559497e-01,3.735601291602106411e-01,2.068737200411456256e-01,4.878137854786893102e-01,3.461962823776046361e-01,4.525595618263316133e-01,1.186993493851326853e-01,3.305383449225742648e-02
3.858780146887666462e-01,5.294434698647152437e-01,5.644694449003483383e-01,5.772147647682195348e-01,5.807329150905388149e-01,-1.231431892871826111e-01,5.748562546274936791e-01,-5.015957640863570877e-01,5.822682584499062619e-01,7.041264852741175861e-01,5.185537876927257539e-01,8.081565922800152402e-01,7.458530796823263920e-01,4.224405316910218033e-01,6.059874965384042245e-01,6.792534906249581006e-01,4.778316064305133670e-01,9.029837064156895354e-02,4.472786588722091894e-01,1.000000000000000000e+00,6.220289686259138362e-01,8.646465521211317284e-01,7.619992656178702362e-01,1.995817008311416285e-01,5.535148350620664459e-01,3.471157365510416648e-01,6.608215691230630018e-01,5.968770467009620884e-01,2.488375067774352689e-01,3.989106174949209604e-01,5.264313933440364357e-01,5.289561722600177873e-01,4.069546271023188888e-01,6.879041618022275761e-01,3.072765555204341470e-01,3.364503875693586332e-01,2.605576471568363806e-01,7.024723018233308691e-01,6.852406034356064435e-01
6.105552199313987183e-01,6.610478838679528790e-01,8.394016924645530953e-01,1.307888909592690163e-01,7.290750525561150441e-01,4.165368931786111312e-02,4.052097188856974563e-01,-8.114425967568837939e-01,5.609517368499694623e-01,6.946223399804850596e-01,4.979277888023080356e-01,4.002587345744735292e-01,2.281057900470008226e-01,4.428736764032478179e-01,1.922293717427740189e-01,7.272850066004058478e-01,4.010011959467563170e-01,2.534866607384400061e-01,4.680191360632934838e-01,6.220289686259138362e-01,1.000000000000000000e+00,7.555659416246435223e-01,5.367024919480779532e-01,2.883772616676109624e-01,6.082412010368066779e-01,6.319867898385423954e-01,6.233100551663494082e-01,6.480331642697917394e-01,3.958761107561256654e-01,5.377787100649858987e-01,7.034577763660869731e-01,7.191950825493674815e-01,7.844385132722693221e-01,5.779575033622024183e-01,6.428127326785086915e-01,5.738382455419119843e-01,6.256939817851540075e-01,2.712799240240609255e-01,2.583209045517232960e-01
5.723452204758671114e-01,6.790095434023120102e-01,7.529999859919697114e-01,4.404159429884207944e-01,7.601727221833984860e-01,-1.362343888730464803e-02,5.515360741181396520e-01,-7.045481991052985338e-01,7.222003967121758405e-01,7.602457286344955767e-01,5.777587592642680070e-01,6.888923879110628867e-01,6.236221114794492371e-01,5.858571028958233784e-01,4.267270904223728900e-01,7.633121790237266113e-01,5.027129397171333780e-01,2.332034063743112506e-01,4.193982890088299165e-01,8.646465521211317284e-01,7.555659416246435223e-01,1.000000000000000000e+00,7.620080222379048696e-01,1.794373480780980523e-01,6.230849851395924288e-01,5.356267987741848424e-01,6.721471439732488173e-01,6.749088294015294087e-01,3.261631588879350674e-01,6.052239195943619476e-01,6.083335255127129138e-01,6.576686622680790739e-01,6.585314733517390051e-01,7.649077867885203386e-01,4.650771442041296555e-01,5.023774598764882970e-01,4.406730652720475261e-01,6.168732418874438572e-01,6.047050197257224369e-01
3.656930701245640347e-01,5.110365323815633243e-01,5.147487023963434050e-01,4.606045977697720839e-01,5.245813391186934238e-01,-2.501969048974302945e-01,6.027387371959715967e-01,-4.445795296019509069e-01,4.697765697386234174e-01,7.146367564938550521e-01,4.243836360132478003e-01,6.846158463425561225e-01,6.137421054945247922e-01,4.847356754661475420e-01,3.625730876612958120e-01,6.987990415482794315e-01,3.304561413849809726e-01,3.448896065186385917e-01,2.614895935893607470e-01,7.619992656178702362e-01,5.367024919480779532e-01,7.620080222379048696e-01,1.000000000000000000e+00,3.069586756432188257e-01,7.762347707604173586e-01,4.541065579923308504e-01,7.265939928729054920e-01,6.346564136956245328e-01,1.998842859446140763e-01,4.006526736165026414e-01,5.936284546797988559e-01,5.100260724177533289e-01,4.089395335922488828e-01,6.115888729407866764e-01,3.726833251064682329e-01,3.094284387087580801e-01,3.436163212879126960e-01,7.100363172230131914e-01,7.072246678078252247e-01
1.575905920849055286e-01,2.109520631776064525e-01,1.007171625225223022e-01,1.750873124999355601e-01,1.275711682934830837e-01,-2.316795406325273810e-01,1.387675725431079254e-01,-4.795556070452686170e-02,-1.981131318514578465e-02,2.364671138572878861e-01,5.543481124355797290e-02,2.157499628625276777e-01,1.464397848150824910e-01,2.628660315670297565e-01,8.706898013631993172e-02,2.680641967430926753e-01,4.914405965949562860e-02,1.393522042740993061e-01,1.477050144149224531e-01,1.995817008311416285e-01,2.883772616676109624e-01,1.794373480780980523e-01,3.069586756432188257e-01,1.000000000000000000e+00,3.442804134969710828e-01,1.702386702680740993e-01,1.839986535413238311e-01,1.877048954447428086e-01,2.824153698199161622e-01,-1.220786491633898962e-01,2.477265307008297002e-01,3.348146254357040053e-01,2.263272564967861444e-01,4.333753690363565531e-02,3.840232596955864830e-01,-1.682850244210667423e-01,3.452854324848264600e-01,1.890519797886265896e-01,1.336240604127000020e-01
4.298851737554675867e-01,5.207600986270913834e-01,5.884828049090643498e-01,1.417770860350595352e-01,5.306088376613684598e-01,-2.382417534156840433e-01,5.357294902025898642e-01,-5.292044955823922425e-01,2.729907513520208329e-01,6.640387872936472924e-01,3.497095699865219176e-01,4.070653896612148603e-01,3.047000774960567648e-01,3.778670150070886913e-01,1.314529660465098559e-01,6.718003486347212672e-01,1.881489907236027215e-01,4.439331255460644554e-01,2.801555379223434894e-01,5.535148350620664459e-01,6.082412010368066779e-01,6.230849851395924288e-01,7.762347707604173586e-01,3.442804134969710828e-01,1.000000000000000000e+00,5.793464124921677838e-01,7.269082795440775513e-01,6.703320717544078988e-01,1.266196053199993843e-01,4.096960598824849753e-01,6.790538387771299922e-01,4.982745354592874598e-01,5.373309232989633699e-01,3.993494055231213702e-01,5.396188618321057229e-01,4.132268732817900303e-01,5.322907391208532291e-01,4.440933758622711003e-01,4.634472530669045964e-01
6.960109331292011481e-01,7.266190889347428072e-01,7.466801892172069133e-01,-2.386039892001516893e-01,6.962213531468142147e-01,-2.976824778538849844e-02,3.633357675793335573e-01,-7.096272065305799792e-01,4.552212839579035664e-01,6.666639927234753182e-01,3.238524274938185399e-01,1.183120048294566962e-01,1.836086397551850435e-02,3.875871132402946562e-01,-1.689963364038440385e-01,6.999298793958338427e-01,1.845394442738274021e-01,4.926228333146489002e-01,3.934512605040058064e-01,3.471157365510416648e-01,6.319867898385423954e-01,5.356267987741848424e-01,4.541065579923308504e-01,1.702386702680740993e-01,5.793464124921677838e-01,1.000000000000000000e+00,6.669497093310416957e-01,8.193965182663830449e-01,4.447247521032657303e-01,6.099853000262724922e-01,6.929849491969882758e-01,7.612389965904289291e-01,7.455753637007018764e-01,4.645199818139819636e-01,7.631190329561825525e-01,7.174931303427591889e-01,8.277522587881176452e-01,7.428471916032330924e-02,5.348750761352571298e-02
4.253038297573925597e-01,6.079849954978303606e-01,5.986134303891033070e-01,1.808471107616676232e-01,5.329752707524668676e-01,-3.485792134275272902e-01,5.944571336604701495e-01,-5.261287014750380964e-01,3.711169795630124280e-01,8.099821934423905301e-01,4.037475589046835012e-01,5.774163982224613800e-01,4.826089291609666487e-01,2.537728464296729047e-01,2.939765305376320081e-01,7.830595880636376238e-01,2.398836729529527922e-01,3.020400103840135686e-01,4.336638497043696083e-01,6.608215691230630018e-01,6.233100551663494082e-01,6.721471439732488173e-01,7.265939928729054920e-01,1.839986535413238311e-01,7.269082795440775513e-01,6.669497093310416957e-01,1.000000000000000000e+00,7.875205795172922629e-01,1.700196468408089467e-01,4.413352534470325050e-01,7.157907254981157319e-01,5.943680748378211698e-01,5.066734361967706324e-01,5.444468378982360024e-01,4.774847019559688710e-01,5.024274619948483345e-01,5.110777652075787492e-01,5.053393636305306691e-01,5.231526613753707533e-01
6.279171530663694156e-01,7.484463387500355225e-01,6.931700976181229823e-01,-5.784121878622316276e-02,6.790503393721103453e-01,-2.303450973301161275e-01,5.059409339283412743e-01,-6.256332458154353349e-01,4.501407841439365454e-01,7.805588556405039791e-01,2.929112459017504388e-01,3.943681112591897464e-01,3.164990183555657088e-01,2.971026440009995606e-01,1.197008787179157513e-01,7.820155879698790224e-01,1.620255061428057253e-01,3.821130663561663754e-01,4.535563956987157530e-01,5.968770467009620884e-01,6.480331642697917394e-01,6.749088294015294087e-01,6.346564136956245328e-01,1.877048954447428086e-01,6.703320717544078988e-01,8.193965182663830449e-01,7.875205795172922629e-01,1.000000000000000000e+00,3.157665189916893378e-01,4.977014176115463484e-01,7.607315124997509059e-01,6.728494582618668174e-01,6.824670009557036732e-01,5.179070028998152830e-01,6.544449452535958667e-01,6.024949021319710996e-01,6.841714090387682745e-01,3.512251655781891690e-01,3.201659917578008607e-01
3.791796323351829257e-01,3.352579204779544408e-01,4.224549765628018982e-01,-1.208213049026578625e-02,3.598696327899290615e-01,1.944672162342266919e-01,1.059026240474117420e-01,-4.136184536715382665e-01,4.297660358957610671e-01,3.566214519439714903e-01,2.620409051603800887e-01,1.085029822780963077e-01,3.676995830254928266e-02,3.912795737781962213e-01,-7.574991225648622373e-02,3.345960252939583213e-01,3.373057358989615118e-01,2.194734999192316516e-01,2.424295752815860960e-01,2.488375067774352689e-01,3.958761107561256654e-01,3.261631588879350674e-01,1.998842859446140763e-01,2.824153698199161622e-01,1.266196053199993843e-01,4.447247521032657303e-01,1.700196468408089467e-01,3.157665189916893378e-01,1.000000000000000000e+00,1.839869367966866509e-01,3.256679556351637084e-01,7.249400571296080731e-01,4.523644910979481848e-01,2.975799804092420509e-01,5.027150826056758781e-01,3.169457985429773861e-01,5.299511581967409901e-01,-1.112206640308998629e-01,-1.117496000682441232e-01
7.405724566432526634e-01,7.149297181400090517e-01,7.332752786360153818e-01,-7.991606285143460983e-03,7.804454503504626439e-01,2.041867004122199514e-01,3.969424286903641130e-01,-7.300978686775576598e-01,6.567409977725303660e-01,6.128517412926586250e-01,4.475025723272729739e-01,2.131090945328986130e-01,1.503122381974168198e-01,4.313654218715736732e-01,3.929112247757819004e-02,6.481556730497962659e-01,3.649890188212123188e-01,2.425101816873907190e-01,3.067643605592634826e-01,3.989106174949209604e-01,5.377787100649858987e-01,6.052239195943619476e-01,4.006526736165026414e-01,-1.220786491633898962e-01,4.096960598824849753e-01,6.099853000262724922e-01,4.413352534470325050e-01,4.977014176115463484e-01,1.839869367966866509e-01,1.000000000000000000e+00,5.430621260014195650e-01,5.555715455027345762e-01,5.493294953569881622e-01,5.895881475086810486e-01,4.727893858960023343e-01,7.732118127117183493e-01,4.716959520184626498e-01,2.527149929890807334e-01,2.356931223844452028e-01
6.987584806238293922e-01,7.611663230317851081e-01,7.431481363849886668e-01,-5.362931949214323063e-03,7.035788212730882396e-01,-1.237711564824648530e-01,4.333033105577920874e-01,-7.026705104794342960e-01,4.715278148068799968e-01,7.620395296273556607e-01,3.632948308987818398e-01,3.716391174231108985e-01,2.094216545528864437e-01,1.983945985708852333e-01,1.557862851640885449e-01,7.694160260587395994e-01,2.785233790454260117e-01,3.016294077394094941e-01,4.451427234330685434e-01,5.264313933440364357e-01,7.034577763660869731e-01,6.083335255127129138e-01,5.936284546797988559e-01,2.477265307008297002e-01,6.790538387771299922e-01,6.929849491969882758e-01,7.157907254981157319e-01,7.607315124997509059e-01,3.256679556351637084e-01,5.430621260014195650e-01,1.000000000000000000e+00,6.977538693231510880e-01,6.063879384455496124e-01,5.640655171955486491e-01,6.212368662295346677e-01,6.497728417110582022e-01,6.286213425345867911e-01,2.900555053463164112e-01,2.673121242273361342e-01
7.105342240569496592e-01,7.344968110819591889e-01,7.425076842405398114e-01,6.018250200311855980e-02,7.017912257652334507e-01,3.635457992176959613e-02,4.013320716233607088e-01,-6.976124099503558940e-01,6.168708580428732269e-01,7.234220132043660545e-01,4.447223231555331724e-01,3.408819396310333039e-01,2.303118020711017455e-01,4.726179297747897246e-01,5.526595521197313898e-02,7.426168286373053817e-01,4.181900596234787160e-01,3.302626221340869139e-01,4.324157813199559497e-01,5.289561722600177873e-01,7.191950825493674815e-01,6.576686622680790739e-01,5.100260724177533289e-01,3.348146254357040053e-01,4.982745354592874598e-01,7.612389965904289291e-01,5.943680748378211698e-01,6.728494582618668174e-01,7.249400571296080731e-01,5.555715455027345762e-01,6.977538693231510880e-01,1.000000000000000000e+00,7.034940737422965551e-01,5.993326594171975996e-01,7.513235405408834611e-01,6.233888134662742830e-01,7.810697835211908302e-01,1.841219067220621619e-01,1.611150718203205878e-01
6.565400514803951815e-01,6.728136412199527960e-01,8.295501594350794816e-01,-1.554262488577707879e-01,7.498348522975932795e-01,1.440256655408205522e-01,2.432509900289000493e-01,-8.127291769166471447e-01,5.261337404007757623e-01,5.833449276289544017e-01,3.802245296508761641e-01,1.431217067299996870e-01,4.162626563330310003e-02,5.275711759273886692e-01,-6.604214527809017243e-02,6.304874104790939571e-01,2.596131208563833837e-01,3.616106435890815152e-01,3.735601291602106411e-01,4.069546271023188888e-01,7.844385132722693221e-01,6.585314733517390051e-01,4.089395335922488828e-01,2.263272564967861444e-01,5.373309232989633699e-01,7.455753637007018764e-01,5.066734361967706324e-01,6.824670009557036732e-01,4.523644910979481848e-01,5.493294953569881622e-01,6.063879384455496124e-01,7.034940737422965551e-01,1.000000000000000000e+00,4.653391787575739125e-01,7.125499801171942815e-01,5.957585224203679752e-01,7.475266614825051281e-01,6.038482317753979950e-02,1.909620978044413234e-02
5.120089184978690033e-01,5.885243625445992777e-01,6.440005634302209403e-01,3.664493188275262936e-01,6.757457158451258827e-01,1.022994383160060056e-01,3.852062027214168127e-01,-6.374197977978072194e-01,8.455245902794782387e-01,6.339604939586003240e-01,6.735853928667528967e-01,5.657901298739501650e-01,4.926692930705861562e-01,5.057217208457036595e-01,2.191000738089837196e-01,6.508708926937143424e-01,6.885722008765470248e-01,2.005470261905652751e-01,2.068737200411456256e-01,6.879041618022275761e-01,5.779575033622024183e-01,7.649077867885203386e-01,6.115888729407866764e-01,4.333753690363565531e-02,3.993494055231213702e-01,4.645199818139819636e-01,5.444468378982360024e-01,5.179070028998152830e-01,2.975799804092420509e-01,5.895881475086810486e-01,5.640655171955486491e-01,5.993326594171975996e-01,4.653391787575739125e-01,1.000000000000000000e+00,2.573384225424822369e-01,5.614000715862136337e-01,2.786550657043742607e-01,5.499002976878776261e-01,5.655300797869399210e-01
6.740026504393590301e-01,6.915076240278579256e-01,6.710658978437002986e-01,-1.995079028489590289e-01,6.235648960909480065e-01,-9.114799396335376835e-02,3.826481001300335860e-01,-6.145239092012622084e-01,2.913528493193282554e-01,5.980705894600799599e-01,6.320151312584727787e-02,7.042174853242508248e-02,1.919642366255372434e-02,3.118865479219523618e-01,-6.221794487931386203e-02,6.137479956454090502e-01,-1.134807158188156327e-02,4.399127560161552042e-01,4.878137854786893102e-01,3.072765555204341470e-01,6.428127326785086915e-01,4.650771442041296555e-01,3.726833251064682329e-01,3.840232596955864830e-01,5.396188618321057229e-01,7.631190329561825525e-01,4.774847019559688710e-01,6.544449452535958667e-01,5.027150826056758781e-01,4.727893858960023343e-01,6.212368662295346677e-01,7.513235405408834611e-01,7.125499801171942815e-01,2.573384225424822369e-01,1.000000000000000000e+00,5.755983147522293342e-01,9.119809771675132515e-01,-3.313252101860351961e-02,-6.977254203843921698e-02
6.924768798774134648e-01,6.411112047497321553e-01,7.540566817509791742e-01,-2.121609938867785039e-01,6.969594336276329072e-01,1.240022720964894659e-01,3.189725215695982108e-01,-7.577698317491841085e-01,5.770465219717196836e-01,6.075508967209347633e-01,4.044294872286279818e-01,8.795107361773678301e-02,-2.102199639017327242e-03,2.643000373021131555e-01,-7.221701784840334204e-02,6.312311308601294968e-01,3.525392670176459298e-01,3.356330371147427383e-01,3.461962823776046361e-01,3.364503875693586332e-01,5.738382455419119843e-01,5.023774598764882970e-01,3.094284387087580801e-01,-1.682850244210667423e-01,4.132268732817900303e-01,7.174931303427591889e-01,5.024274619948483345e-01,6.024949021319710996e-01,3.169457985429773861e-01,7.732118127117183493e-01,6.497728417110582022e-01,6.233888134662742830e-01,5.957585224203679752e-01,5.614000715862136337e-01,5.755983147522293342e-01,1.000000000000000000e+00,6.165676719233187386e-01,7.512468489563790125e-03,3.072422969011910296e-02
6.605725188966378170e-01,6.655636929112213052e-01,6.744532030480014928e-01,-2.777594613293956072e-01,6.018212716560478182e-01,-6.771948712287205463e-02,3.317983184497547700e-01,-6.232748305954400880e-01,3.033872879519397547e-01,5.880341782330364975e-01,1.317003109237726843e-01,2.390981187081970757e-02,-3.785913747994549411e-02,3.191940465940547034e-01,-1.387438025628478233e-01,6.100358047323444222e-01,4.081250223984200787e-02,4.449400594675097520e-01,4.525595618263316133e-01,2.605576471568363806e-01,6.256939817851540075e-01,4.406730652720475261e-01,3.436163212879126960e-01,3.452854324848264600e-01,5.322907391208532291e-01,8.277522587881176452e-01,5.110777652075787492e-01,6.841714090387682745e-01,5.299511581967409901e-01,4.716959520184626498e-01,6.286213425345867911e-01,7.810697835211908302e-01,7.475266614825051281e-01,2.786550657043742607e-01,9.119809771675132515e-01,6.165676719233187386e-01,1.000000000000000000e+00,-7.895437820486614355e-02,-1.203959870220476791e-01
1.700624469194629285e-01,3.574230849206536109e-01,1.961645215631294126e-01,6.688038438875207881e-01,3.179924830232319088e-01,-3.365178497792369328e-01,5.351288293060475487e-01,-1.328899003168976523e-01,3.841088426089269148e-01,5.169151967106261347e-01,3.518113653449596034e-01,7.781713521205410045e-01,8.000687449556499464e-01,2.419866322936313208e-01,5.477048870536285197e-01,5.036673850541600883e-01,2.851861601943440627e-01,-9.282789519515681834e-03,1.186993493851326853e-01,7.024723018233308691e-01,2.712799240240609255e-01,6.168732418874438572e-01,7.100363172230131914e-01,1.890519797886265896e-01,4.440933758622711003e-01,7.428471916032330924e-02,5.053393636305306691e-01,3.512251655781891690e-01,-1.112206640308998629e-01,2.527149929890807334e-01,2.900555053463164112e-01,1.841219067220621619e-01,6.038482317753979950e-02,5.499002976878776261e-01,-3.313252101860351961e-02,7.512468489563790125e-03,-7.895437820486614355e-02,1.000000000000000000e+00,9.098520649344218336e-01
1.022191530732554088e-01,2.852939277353516712e-01,1.709403531789097375e-01,6.669092297065084551e-01,2.568182123671467476e-01,-3.297482689031162040e-01,5.381325062135485782e-01,-1.154365959168271866e-01,3.793369879409602685e-01,4.883668191635335276e-01,3.925246989471109504e-01,7.706142631798750253e-01,7.936868029247263756e-01,2.389409109568424172e-01,5.313236967034902225e-01,4.620206249003357968e-01,3.259473888816295517e-01,3.169885100505345082e-02,3.305383449225742648e-02,6.852406034356064435e-01,2.583209045517232960e-01,6.047050197257224369e-01,7.072246678078252247e-01,1.336240604127000020e-01,4.634472530669045964e-01,5.348750761352571298e-02,5.231526613753707533e-01,3.201659917578008607e-01,-1.117496000682441232e-01,2.356931223844452028e-01,2.673121242273361342e-01,1.611150718203205878e-01,1.909620978044413234e-02,5.655300797869399210e-01,-6.977254203843921698e-02,3.072422969011910296e-02,-1.203959870220476791e-01,9.098520649344218336e-01,1.000000000000000000e+00
