1.000000000000000000e+00,1.857374368595838265e-01,2.144949567146752223e-01,1.278764184769919932e-01,1.974183151406866399e-01,-2.187535492258842890e-02,-1.258389564049732789e-01,-3.465598955157579431e-01,1.733296831544147432e-01,1.718622137363827115e-02,-1.285184071391449745e-01,2.284002890409029748e-02,-2.430989015321518565e-01,1.937635890228661117e-01,-3.516981903139553695e-02,2.432622872120807633e-01,-2.947744077566298235e-02,2.084557712706867072e-01,1.221146882981698906e-01,1.081331309423803622e-01,1.314851498588326950e-01,4.292658448647601599e-02,3.027287565885224407e-01,7.084509219680790171e-02,7.339750483131891878e-02,5.585372411939131254e-01,-3.740517233637905004e-02,3.937434180363355574e-01,2.462984424808510875e-01,4.734826695394906415e-01,3.052282695817974401e-01,3.007438005872884249e-02,6.374643025209923708e-02,3.528270884280238634e-02,2.702483394709823128e-01,2.171747141520441460e-01,2.108942399263026846e-01,4.956675999249847142e-01,9.715641391641571811e-02
1.857374368595838265e-01,1.000000000000000000e+00,4.836025367754164250e-01,7.654018776508803024e-01,5.885280123154998932e-01,-6.885476775293153384e-01,7.694394812302721709e-01,-4.912394011526228788e-01,8.310731207904751283e-01,-8.166130584285478944e-02,-6.297284141048017370e-01,7.685039870822402142e-01,7.282754080415997366e-01,4.387163512555892209e-01,1.692988380876011278e-01,2.375027570790411435e-01,1.233464899734026086e-02,7.006051540514417475e-01,6.976600673711513823e-01,6.646612104937196230e-01,-1.943260422763545270e-01,7.483242817175019823e-01,5.639113588414895739e-01,4.390177242073841635e-01,4.641492778789804707e-01,-1.578696361821242122e-01,7.376396041916314372e-01,-2.192208606509667423e-01,-7.207214258016534369e-01,1.267728372515044555e-01,3.140135501882959090e-01,5.044843725867808049e-01,-1.521537028300333216e-01,4.208674912687682124e-01,1.037272542548047100e-01,2.630247399766902361e-01,1.066193926894215549e-01,7.192812956569136773e-01,8.540578345786863368e-01
2.144949567146752223e-01,4.836025367754164250e-01,1.000000000000000000e+00,3.908640224150785603e-01,7.421522598408484273e-01,-2.482736626805119584e-01,3.588309617475345381e-01,-7.671477699320331523e-01,5.407989450975345669e-01,2.795145153422193274e-01,-1.397000904987254488e-01,3.973781415808137485e-01,4.932068099240817238e-01,5.659770925389421281e-01,-1.040851463997233134e-01,4.586549190593123271e-01,2.439890113799097204e-01,4.067919706704742899e-01,4.631424188411681353e-01,4.349768578976590527e-01,1.796760507537644436e-01,6.383118086357779664e-01,5.138048661049403609e-01,3.112048672157016194e-01,4.696207552584794054e-01,1.271245649368887842e-01,3.581651662216638332e-01,9.322702886680532541e-02,-2.253084076757327081e-01,3.983079455843654415e-01,3.184246274925657816e-01,4.309768503713952148e-01,5.471287286453668797e-01,5.476086203447554368e-01,2.493951891230805629e-01,2.542463575843831314e-01,2.784318458096188276e-01,5.211513665403345597e-01,4.213476899990710733e-01
1.278764184769919932e-01,7.654018776508803024e-01,3.908640224150785603e-01,1.000000000000000000e+00,4.746275379742028178e-01,-7.393140705110204935e-01,8.411909870741609563e-01,-4.084807003100040523e-01,8.483790700486271152e-01,-2.507073364291974582e-01,-7.301869365827411418e-01,8.801358921545601177e-01,5.610186580080391838e-01,3.436429857285272504e-01,3.698922201903864782e-01,1.494408179400031622e-01,-2.523657821761726705e-02,8.148401686019824952e-01,7.574829423487118296e-01,7.768360222044683461e-01,-3.628052356117630883e-01,6.737479085754206620e-01,3.802557225703833144e-01,4.774312123070013070e-01,3.274271662978987529e-01,-3.535616166714544706e-01,4.985977489492504078e-01,-2.791096584809080183e-01,-7.723228198450884374e-01,1.867219263122529560e-01,-9.153477093156796307e-02,4.553622272785819436e-01,-3.436436071537296022e-01,4.206315295603650362e-01,-1.914867999931745834e-01,-5.306842892604861535e-03,-1.270067666647114180e-01,7.330730949722704670e-01,8.665724982706102253e-01
1.974183151406866399e-01,5.885280123154998932e-01,7.421522598408484273e-01,4.746275379742028178e-01,1.000000000000000000e+00,-2.458232574416319982e-01,4.607502938152711613e-01,-6.372036794232546209e-01,6.352749872503096196e-01,1.989139716951399961e-01,-1.833517553059258176e-01,4.914633833265550922e-01,5.814405047654939152e-01,6.764705284579207722e-01,-8.104950382204588813e-03,3.903265973467451300e-01,3.407905083577170147e-01,3.795482515744056928e-01,4.727959320188819814e-01,5.069099037255955231e-01,1.234832724690243522e-01,6.647910859237723402e-01,6.367460839720473498e-01,4.491650500194208639e-01,4.918307027805859932e-01,7.930617355554114845e-02,4.758749734745844062e-01,3.907945106847149352e-02,-3.329680839021614824e-01,3.878427740375863797e-01,2.937454784326729018e-01,5.103306910350716707e-01,3.444274275049306611e-01,6.471438600421937082e-01,1.936061720395352848e-01,1.980375579628503580e-01,2.448261568578845027e-01,5.598812598377022054e-01,4.918912060607881220e-01
-2.187535492258842890e-02,-6.885476775293153384e-01,-2.482736626805119584e-01,-7.393140705110204935e-01,-2.458232574416319982e-01,1.000000000000000000e+00,-7.099405018776057119e-01,2.562948117511878454e-01,-6.578129378920856141e-01,1.943394444126884668e-01,8.513291473601207748e-01,-7.254992716492650873e-01,-4.722644338038998746e-01,-1.376754153453909613e-01,-4.475594394979567903e-01,-1.471719299225653921e-01,1.364256785804787431e-01,-6.267697166816114107e-01,-5.858440742021432390e-01,-6.281132346076535589e-01,3.480445429926229961e-01,-5.190975838808158382e-01,-1.727667712645807041e-01,-4.713885448205197282e-01,-3.103120629935951502e-01,3.673376048126342219e-01,-5.382462503200522441e-01,3.623054459544439720e-01,7.752464584431194572e-01,-6.728891712453792008e-03,-2.029896856640850747e-02,-2.669174203203666385e-01,3.724870670018889940e-01,-3.018327872774735354e-01,2.417568929758390772e-01,-5.324989855805751376e-02,2.171873872899939828e-01,-5.635528465094468142e-01,-7.662723030285912840e-01
-1.258389564049732789e-01,7.694394812302721709e-01,3.588309617475345381e-01,8.411909870741609563e-01,4.607502938152711613e-01,-7.099405018776057119e-01,1.000000000000000000e+00,-3.045386245840480677e-01,8.030323611754222046e-01,-9.572590397175180510e-02,-6.309413819139765289e-01,8.510135988259642792e-01,7.310615955621743156e-01,3.228035078492920706e-01,2.884122810444114671e-01,1.674623215351122851e-01,7.408086105487930728e-02,7.162097165816262434e-01,7.029342038198644893e-01,7.038628717386248290e-01,-3.516408716610538443e-01,6.965406002299914245e-01,3.468348447328460926e-01,4.174414323687192785e-01,3.467809312209056416e-01,-4.544207466382416682e-01,6.266594177807556232e-01,-3.256330356644795976e-01,-8.597310233911602539e-01,2.409563651029722475e-02,-3.408702308875167369e-02,4.153927429963281681e-01,-2.923857565365647337e-01,3.640824761908390550e-01,-1.749751965770872109e-01,6.709165154796542518e-02,-1.069827361660441456e-01,5.866698697364473025e-01,8.331308202364555715e-01
-3.465598955157579431e-01,-4.912394011526228788e-01,-7.671477699320331523e-01,-4.084807003100040523e-01,-6.372036794232546209e-01,2.562948117511878454e-01,-3.045386245840480677e-01,1.000000000000000000e+00,-5.077341091772462622e-01,-8.498384383972153178e-02,1.958666842868533875e-01,-4.508746396256350097e-01,-3.224224855387338162e-01,-5.158551289557854469e-01,5.920258449391305189e-02,-2.344619937454150704e-01,-9.333151554880740608e-02,-4.506801637565246987e-01,-4.511414385874333854e-01,-4.559197835941821153e-01,3.034165011506784193e-02,-5.003006492668786720e-01,-4.555652341465145083e-01,-2.716818438813560777e-01,-3.966756190036418439e-01,-1.164065080916419220e-01,-3.726653064322218989e-01,4.937234570987633457e-03,2.206902385991541538e-01,-2.524747447284010349e-01,-3.258523219500359391e-01,-3.650632567187250266e-01,-2.566792601161002607e-01,-3.997119628518188139e-01,-1.118803530041809491e-01,-2.009723172863646379e-01,-8.624878000600511019e-02,-5.359933007530213178e-01,-4.459395750725795859e-01
1.733296831544147432e-01,8.310731207904751283e-01,5.407989450975345669e-01,8.483790700486271152e-01,6.352749872503096196e-01,-6.578129378920856141e-01,8.030323611754222046e-01,-5.077341091772462622e-01,1.000000000000000000e+00,-1.914030142719489180e-01,-6.218388038029956100e-01,8.316330774610998233e-01,6.656268022698348386e-01,5.144167942936744842e-01,3.184794213246577854e-01,1.856209496595227215e-01,7.260983001649573554e-02,7.317250139698660005e-01,7.499472898201337001e-01,7.794076356117741744e-01,-2.594415336284519591e-01,7.349355491196483126e-01,5.148956591937756677e-01,5.844916456381610281e-01,4.814801282336211297e-01,-1.597490320541018749e-01,6.301052556591357767e-01,-2.239181812422187112e-01,-6.802099392306408809e-01,2.311821284024366541e-01,1.547729854786225878e-01,5.838870903816709701e-01,-1.730910344159930780e-01,5.771902013021473765e-01,-4.540221275171105186e-02,1.100048561039072698e-01,4.358862500991055738e-02,8.087108405564483737e-01,8.741701525089645708e-01
1.718622137363827115e-02,-8.166130584285478944e-02,2.795145153422193274e-01,-2.507073364291974582e-01,1.989139716951399961e-01,1.943394444126884668e-01,-9.572590397175180510e-02,-8.498384383972153178e-02,-1.914030142719489180e-01,1.000000000000000000e+00,2.993750616874676918e-01,-2.416839548057250486e-01,1.930466158369165963e-01,8.826279818952378897e-02,-4.057226080413985358e-01,6.861561994132996389e-01,3.383118998581483017e-01,-1.082429819865680654e-01,-2.239375585345511344e-02,-2.154743505757405753e-01,5.073024312930614066e-01,1.521174274095419832e-01,1.512965166081342572e-01,-1.925097742073054174e-01,3.967201530973601953e-02,2.126128781765459219e-01,2.277027028765315000e-02,4.489095003108592441e-01,1.721357224510170481e-01,3.387245554469789921e-01,2.185161963129529650e-01,-7.159781282669692992e-02,5.787630935857600578e-01,-5.960881837272116041e-02,3.726272359528623457e-01,4.117977301935479284e-01,2.924065321614183199e-01,-1.348517933268704450e-01,-2.137047091243137187e-01
-1.285184071391449745e-01,-6.297284141048017370e-01,-1.397000904987254488e-01,-7.301869365827411418e-01,-1.833517553059258176e-01,8.513291473601207748e-01,-6.309413819139765289e-01,1.958666842868533875e-01,-6.218388038029956100e-01,2.993750616874676918e-01,1.000000000000000000e+00,-6.900555476419618639e-01,-3.663186040966631696e-01,-8.883454145087557596e-02,-5.131201010013652919e-01,-7.710931185513923702e-02,3.050713921861529787e-01,-5.979485044598771282e-01,-5.141646782782316460e-01,-5.760893339371050414e-01,3.932688394556764777e-01,-4.342043176505441804e-01,-1.712817169101646386e-01,-4.291864995634976365e-01,-2.435532394106613430e-01,2.778844025215021496e-01,-4.854837677430293152e-01,3.026926570305110142e-01,6.789271485414957175e-01,-7.367688478339668064e-03,-1.182458166365579419e-02,-3.251990518938714936e-01,4.458362822061185948e-01,-2.758545328081953296e-01,1.549522034509459023e-01,5.984443628232169292e-03,1.393668414134994482e-01,-5.963404409113569615e-01,-7.006487839049618804e-01
2.284002890409029748e-02,7.685039870822402142e-01,3.973781415808137485e-01,8.801358921545601177e-01,4.914633833265550922e-01,-7.254992716492650873e-01,8.510135988259642792e-01,-4.508746396256350097e-01,8.316330774610998233e-01,-2.416839548057250486e-01,-6.900555476419618639e-01,1.000000000000000000e+00,6.253924778744487378e-01,4.030847704408329069e-01,3.662741875483991882e-01,4.519629940508672339e-02,1.853088547874114436e-02,7.395725515566836661e-01,6.869629240917398683e-01,7.284771213688583380e-01,-4.621812146391214293e-01,6.325255463024975766e-01,3.772413996728403163e-01,5.179967099965566701e-01,4.085804842028141204e-01,-3.711856093656121791e-01,6.162082805686158737e-01,-3.598570072615046578e-01,-8.058646740626218552e-01,7.053326713307203621e-02,-3.168523775237571533e-02,4.670863056184632600e-01,-3.480095691359645360e-01,4.522576895745328285e-01,-2.204903635908458670e-01,-1.049197397564539426e-02,-1.691956894917872045e-01,6.786969857792128913e-01,8.616136112272365644e-01
-2.430989015321518565e-01,7.282754080415997366e-01,4.932068099240817238e-01,5.610186580080391838e-01,5.814405047654939152e-01,-4.722644338038998746e-01,7.310615955621743156e-01,-3.224224855387338162e-01,6.656268022698348386e-01,1.930466158369165963e-01,-3.663186040966631696e-01,6.253924778744487378e-01,1.000000000000000000e+00,4.240167950397312757e-01,-2.384554727549852496e-03,2.752638532858933673e-01,9.844632517084643542e-02,5.167337722992797477e-01,5.975167129312383141e-01,4.526203985282186149e-01,-5.263826278970018535e-02,7.316097029254433615e-01,4.924230209954103543e-01,3.294629635995365291e-01,4.759136207947590180e-01,-2.574539140818040694e-01,7.451885618675868628e-01,-1.746426477130712529e-01,-6.841967755464838374e-01,-1.153672416571976467e-03,2.593186561543111557e-01,4.790117941728447293e-01,8.539119450807358680e-02,3.996961520485913799e-01,1.918102460490989924e-01,1.941443202790488765e-01,2.086749593932027413e-01,4.408605940217341090e-01,6.648167675529738085e-01
1.937635890228661117e-01,4.387163512555892209e-01,5.659770925389421281e-01,3.436429857285272504e-01,6.764705284579207722e-01,-1.376754153453909613e-01,3.228035078492920706e-01,-5.158551289557854469e-01,5.144167942936744842e-01,8.826279818952378897e-02,-8.883454145087557596e-02,4.030847704408329069e-01,4.240167950397312757e-01,1.000000000000000000e+00,-1.127774622968123197e-01,2.463529052039226397e-01,3.857088516491501973e-01,2.857884221659923729e-01,2.953378066356565079e-01,2.878197703907029448e-01,-2.597798689072652531e-02,3.852361895475420184e-01,5.564852865951461780e-01,5.519227108016517835e-01,6.248840428681626813e-01,9.442888067778359984e-02,4.213094717060161809e-01,-1.404571534289666135e-01,-2.533936387757344533e-01,3.124667614167786489e-01,3.141537313479138005e-01,2.952667608313834235e-01,2.760759192757031855e-01,4.990105880425221851e-01,7.102859429535746116e-02,1.452401084604440229e-01,1.358516164120716352e-01,4.892864599958537397e-01,4.025818529631393083e-01
-3.516981903139553695e-02,1.692988380876011278e-01,-1.040851463997233134e-01,3.698922201903864782e-01,-8.104950382204588813e-03,-4.475594394979567903e-01,2.884122810444114671e-01,5.920258449391305189e-02,3.184794213246577854e-01,-4.057226080413985358e-01,-5.131201010013652919e-01,3.662741875483991882e-01,-2.384554727549852496e-03,-1.127774622968123197e-01,1.000000000000000000e+00,-2.213372906950989982e-01,-1.476935592146134679e-01,5.575426421119991649e-02,1.019160258818930104e-01,4.281613294693363270e-01,-3.004044565516289511e-01,1.555245899377870333e-01,-1.860647836166468283e-01,3.804143434872483964e-01,-7.842375843875555586e-02,-2.464433773571636788e-01,6.997458013019873524e-02,-2.187013997524147046e-01,-2.897060956682678823e-01,-1.178401214162902097e-02,-2.297822916656578063e-01,2.832336772686719906e-01,-4.301753583110351498e-01,4.083531058169341255e-01,-4.063458216124295475e-01,-2.299652841545170578e-01,-3.082594408333839686e-01,2.321896038366004500e-01,3.124897076813764052e-01
2.432622872120807633e-01,2.375027570790411435e-01,4.586549190593123271e-01,1.494408179400031622e-01,3.903265973467451300e-01,-1.471719299225653921e-01,1.674623215351122851e-01,-2.344619937454150704e-01,1.856209496595227215e-01,6.861561994132996389e-01,-7.710931185513923702e-02,4.519629940508672339e-02,2.752638532858933673e-01,2.463529052039226397e-01,-2.213372906950989982e-01,1.000000000000000000e+00,3.230290438353103366e-01,2.739384333994234200e-01,2.706546898000820045e-01,1.328260766260857262e-01,3.798708596118603453e-01,4.301478681682242566e-01,3.841676775998905669e-01,7.231902919648083850e-02,1.696878249184376741e-01,1.665006330315839944e-01,8.573406820118138760e-02,4.310262583205916043e-01,-5.889942665621342166e-02,6.794139462408798069e-01,1.725551318879763318e-01,1.642368315392287725e-01,4.925557327918853034e-01,1.927587674921171779e-01,3.401354517087347151e-01,4.144084810318328094e-01,3.257859942216461691e-01,2.732512763437892067e-01,1.426219841306488323e-01
-2.947744077566298235e-02,1.233464899734026086e-02,2.439890113799097204e-01,-2.523657821761726705e-02,3.407905083577170147e-01,1.364256785804787431e-01,7.408086105487930728e-02,-9.333151554880740608e-02,7.260983001649573554e-02,3.383118998581483017e-01,3.050713921861529787e-01,1.853088547874114436e-02,9.844632517084643542e-02,3.857088516491501973e-01,-1.476935592146134679e-01,3.230290438353103366e-01,1.000000000000000000e+00,-1.363403157965396018e-01,-1.213890923820129530e-01,9.726238648843181511e-02,7.526807721618015978e-02,7.669561612355178803e-02,1.571696272648833714e-01,3.022665652620131205e-01,6.490461367211848576e-02,-8.902667831811966054e-03,1.078607229253342355e-02,1.120776974308414081e-01,2.186023609539534951e-02,4.315378768071210791e-01,1.450768457912068876e-02,6.768726612519522512e-02,2.512953777245189313e-01,3.109778402800491004e-01,-1.001847868109373846e-01,5.047110118511972249e-02,-7.705365744003529749e-02,-6.396751335178990638e-02,-5.251186425615308323e-02
2.084557712706867072e-01,7.006051540514417475e-01,4.067919706704742899e-01,8.148401686019824952e-01,3.795482515744056928e-01,-6.267697166816114107e-01,7.162097165816262434e-01,-4.506801637565246987e-01,7.317250139698660005e-01,-1.082429819865680654e-01,-5.979485044598771282e-01,7.395725515566836661e-01,5.167337722992797477e-01,2.857884221659923729e-01,5.575426421119991649e-02,2.739384333994234200e-01,-1.363403157965396018e-01,1.000000000000000000e+00,8.187737941982460299e-01,6.177524032947775412e-01,-2.792692468536517869e-01,5.983431728298919117e-01,4.199905826571179723e-01,2.612539006999139435e-01,3.517825370727775680e-01,-2.204924587935564451e-01,4.216985469901626815e-01,-1.054250111958545816e-01,-6.475919848030565751e-01,2.120251192792431127e-01,-2.780741129523731092e-02,3.088802392552866816e-01,-2.233411892300116997e-01,1.645291524790529203e-01,-1.091304496384791489e-02,6.826385196443679471e-02,1.661507170703973441e-02,6.850621145529026679e-01,7.748743437534598710e-01
1.221146882981698906e-01,6.976600673711513823e-01,4.631424188411681353e-01,7.574829423487118296e-01,4.727959320188819814e-01,-5.858440742021432390e-01,7.029342038198644893e-01,-4.511414385874333854e-01,7.499472898201337001e-01,-2.239375585345511344e-02,-5.141646782782316460e-01,6.869629240917398683e-01,5.975167129312383141e-01,2.953378066356565079e-01,1.019160258818930104e-01,2.706546898000820045e-01,-1.213890923820129530e-01,8.187737941982460299e-01,1.000000000000000000e+00,6.635656812712154018e-01,-9.643421004652216744e-02,7.091930936479842185e-01,4.394832394210140825e-01,2.879131533617434457e-01,3.913635431748445637e-01,-2.506984614444190407e-01,4.130501699364058643e-01,-1.674446393519577192e-01,-6.240472573286061087e-01,1.867902434340082407e-01,-2.445567495686113563e-02,4.091333561865977408e-01,-1.118400916076395940e-01,2.580470525284386252e-01,-1.643662076073938716e-02,1.410294707042005768e-01,3.277157588493143092e-02,6.665737304870767987e-01,7.966862795115748908e-01
1.081331309423803622e-01,6.646612104937196230e-01,4.349768578976590527e-01,7.768360222044683461e-01,5.069099037255955231e-01,-6.281132346076535589e-01,7.038628717386248290e-01,-4.559197835941821153e-01,7.794076356117741744e-01,-2.154743505757405753e-01,-5.760893339371050414e-01,7.284771213688583380e-01,4.526203985282186149e-01,2.878197703907029448e-01,4.281613294693363270e-01,1.328260766260857262e-01,9.726238648843181511e-02,6.177524032947775412e-01,6.635656812712154018e-01,1.000000000000000000e+00,-2.311781886139749331e-01,6.982339222442375259e-01,3.822249122789884157e-01,4.652533485162911875e-01,2.549759956447917308e-01,-2.929809689311650422e-01,3.656339667079622213e-01,-2.931580501237277536e-01,-5.883834684403854709e-01,1.906639778144804398e-01,-9.599902726664261143e-02,5.720402614709959588e-01,-2.529214539352601654e-01,5.419066757465427209e-01,-1.936637345506788399e-01,1.253521991877324382e-01,-8.790052481266494300e-02,6.296896017764476161e-01,7.618930407609663114e-01
1.314851498588326950e-01,-1.943260422763545270e-01,1.796760507537644436e-01,-3.628052356117630883e-01,1.234832724690243522e-01,3.480445429926229961e-01,-3.516408716610538443e-01,3.034165011506784193e-02,-2.594415336284519591e-01,5.073024312930614066e-01,3.932688394556764777e-01,-4.621812146391214293e-01,-5.263826278970018535e-02,-2.597798689072652531e-02,-3.004044565516289511e-01,3.798708596118603453e-01,7.526807721618015978e-02,-2.792692468536517869e-01,-9.643421004652216744e-02,-2.311781886139749331e-01,1.000000000000000000e+00,1.606833124364873688e-01,7.144258312662567223e-02,-2.256087188453218262e-01,-7.518027591746448413e-02,3.201046271730718651e-01,-2.341830484253645817e-01,3.815060838089767703e-01,4.012505005951518267e-01,2.156712783545758350e-01,1.632404583755202032e-01,-7.548044218055066645e-02,6.597705858097498988e-01,-6.099607477908555730e-02,3.311235641063010604e-01,3.838030727879621629e-01,3.411946774316573228e-01,-1.501565450149688341e-01,-3.445257193146505359e-01
4.292658448647601599e-02,7.483242817175019823e-01,6.383118086357779664e-01,6.737479085754206620e-01,6.647910859237723402e-01,-5.190975838808158382e-01,6.965406002299914245e-01,-5.003006492668786720e-01,7.349355491196483126e-01,1.521174274095419832e-01,-4.342043176505441804e-01,6.325255463024975766e-01,7.316097029254433615e-01,3.852361895475420184e-01,1.555245899377870333e-01,4.301478681682242566e-01,7.669561612355178803e-02,5.983431728298919117e-01,7.091930936479842185e-01,6.982339222442375259e-01,1.606833124364873688e-01,1.000000000000000000e+00,5.602835474030697371e-01,3.541812496941310617e-01,3.451536498100934991e-01,-2.353765828735177867e-01,4.879731140775938614e-01,-1.262426730679992726e-01,-5.775206459090910238e-01,2.625750940542722622e-01,9.925389555706196076e-02,6.359080972919792796e-01,1.740750180034814354e-01,5.303088289103584652e-01,1.425068546259306013e-01,3.512761106542764966e-01,2.061127606034058035e-01,6.030185060479473780e-01,7.198963806409984789e-01
3.027287565885224407e-01,5.639113588414895739e-01,5.138048661049403609e-01,3.802557225703833144e-01,6.367460839720473498e-01,-1.727667712645807041e-01,3.468348447328460926e-01,-4.555652341465145083e-01,5.148956591937756677e-01,1.512965166081342572e-01,-1.712817169101646386e-01,3.772413996728403163e-01,4.924230209954103543e-01,5.564852865951461780e-01,-1.860647836166468283e-01,3.841676775998905669e-01,1.571696272648833714e-01,4.199905826571179723e-01,4.394832394210140825e-01,3.822249122789884157e-01,7.144258312662567223e-02,5.602835474030697371e-01,1.000000000000000000e+00,2.740898682253417040e-01,5.408940764857876893e-01,1.703019400751460688e-01,4.148457421459271766e-01,4.463238189953655510e-02,-2.391660755539394001e-01,3.413308621466931703e-01,3.385240440688205843e-01,4.459621477047492344e-01,2.179668116869828698e-01,4.492134895863227895e-01,4.097877482420766437e-01,2.353204848876013777e-01,4.633916027885811584e-01,5.672393114702730665e-01,4.689229308880213387e-01
7.084509219680790171e-02,4.390177242073841635e-01,3.112048672157016194e-01,4.774312123070013070e-01,4.491650500194208639e-01,-4.713885448205197282e-01,4.174414323687192785e-01,-2.716818438813560777e-01,5.844916456381610281e-01,-1.925097742073054174e-01,-4.291864995634976365e-01,5.179967099965566701e-01,3.294629635995365291e-01,5.519227108016517835e-01,3.804143434872483964e-01,7.231902919648083850e-02,3.022665652620131205e-01,2.612539006999139435e-01,2.879131533617434457e-01,4.652533485162911875e-01,-2.256087188453218262e-01,3.541812496941310617e-01,2.740898682253417040e-01,1.000000000000000000e+00,4.825614540439064348e-01,-1.419728823750772972e-01,3.792413910070770444e-01,-2.829806511122909263e-01,-4.110375547349205405e-01,2.369371441469882433e-01,9.500601995571782143e-02,4.155437833764233369e-01,-8.862694347711692899e-02,6.386582590774350088e-01,-2.645854266818324918e-01,-1.801895332998824095e-01,-1.912117156346499758e-01,4.984291341098703310e-01,5.101607462593416020e-01
7.339750483131891878e-02,4.641492778789804707e-01,4.696207552584794054e-01,3.274271662978987529e-01,4.918307027805859932e-01,-3.103120629935951502e-01,3.467809312209056416e-01,-3.966756190036418439e-01,4.814801282336211297e-01,3.967201530973601953e-02,-2.435532394106613430e-01,4.085804842028141204e-01,4.759136207947590180e-01,6.248840428681626813e-01,-7.842375843875555586e-02,1.696878249184376741e-01,6.490461367211848576e-02,3.517825370727775680e-01,3.913635431748445637e-01,2.549759956447917308e-01,-7.518027591746448413e-02,3.451536498100934991e-01,5.408940764857876893e-01,4.825614540439064348e-01,1.000000000000000000e+00,6.324405888146383825e-02,5.199927132140120811e-01,-2.259657527236074159e-01,-3.689990760158559091e-01,7.788789630986045487e-02,3.485212680762483917e-01,1.697319733453101220e-01,1.899321084129936554e-01,4.101894207464185094e-01,7.298142555812800469e-02,1.541539378872869293e-02,1.750206775730550057e-01,4.621375943843472056e-01,4.411180938008191221e-01
5.585372411939131254e-01,-1.578696361821242122e-01,1.271245649368887842e-01,-3.535616166714544706e-01,7.930617355554114845e-02,3.673376048126342219e-01,-4.544207466382416682e-01,-1.164065080916419220e-01,-1.597490320541018749e-01,2.126128781765459219e-01,2.778844025215021496e-01,-3.711856093656121791e-01,-2.574539140818040694e-01,9.442888067778359984e-02,-2.464433773571636788e-01,1.665006330315839944e-01,-8.902667831811966054e-03,-2.204924587935564451e-01,-2.506984614444190407e-01,-2.929809689311650422e-01,3.201046271730718651e-01,-2.353765828735177867e-01,1.703019400751460688e-01,-1.419728823750772972e-01,6.324405888146383825e-02,1.000000000000000000e+00,1.120122691753818421e-02,5.833026944683996629e-01,5.855622561346465194e-01,2.788084900624231421e-01,5.310753307487794395e-01,-1.286583102822352331e-01,3.361616878925233198e-01,-4.294510499674868143e-02,4.731456796408965992e-01,1.950313827034476644e-01,4.523565845766052140e-01,1.047190560907412804e-01,-3.299374352419180978e-01
-3.740517233637905004e-02,7.376396041916314372e-01,3.581651662216638332e-01,4.985977489492504078e-01,4.758749734745844062e-01,-5.382462503200522441e-01,6.266594177807556232e-01,-3.726653064322218989e-01,6.301052556591357767e-01,2.277027028765315000e-02,-4.854837677430293152e-01,6.162082805686158737e-01,7.451885618675868628e-01,4.213094717060161809e-01,6.997458013019873524e-02,8.573406820118138760e-02,1.078607229253342355e-02,4.216985469901626815e-01,4.130501699364058643e-01,3.656339667079622213e-01,-2.341830484253645817e-01,4.879731140775938614e-01,4.148457421459271766e-01,3.792413910070770444e-01,5.199927132140120811e-01,1.120122691753818421e-02,1.000000000000000000e+00,-2.152991665722794046e-01,-6.205326833353552729e-01,-1.178845633995523196e-01,5.087253232838039319e-01,3.082144315646330734e-01,-1.182891018085719392e-01,2.992322752253542828e-01,1.066484484669118771e-01,1.896570182413520600e-01,8.378897777110030920e-02,4.966245810712204278e-01,6.207889408245831353e-01
3.937434180363355574e-01,-2.192208606509667423e-01,9.322702886680532541e-02,-2.791096584809080183e-01,3.907945106847149352e-02,3.623054459544439720e-01,-3.256330356644795976e-01,4.937234570987633457e-03,-2.239181812422187112e-01,4.489095003108592441e-01,3.026926570305110142e-01,-3.598570072615046578e-01,-1.746426477130712529e-01,-1.404571534289666135e-01,-2.187013997524147046e-01,4.310262583205916043e-01,1.120776974308414081e-01,-1.054250111958545816e-01,-1.674446393519577192e-01,-2.931580501237277536e-01,3.815060838089767703e-01,-1.262426730679992726e-01,4.463238189953655510e-02,-2.829806511122909263e-01,-2.259657527236074159e-01,5.833026944683996629e-01,-2.152991665722794046e-01,1.000000000000000000e+00,4.815039935284314843e-01,4.787108881922894632e-01,2.732996680942381129e-01,-1.121679301585577493e-01,3.777330656938736042e-01,-1.130491411015182301e-01,4.064052330888917042e-01,9.034432560477766161e-02,3.857359744448493055e-01,-1.734209574159933931e-02,-3.600843345027138209e-01
2.462984424808510875e-01,-7.207214258016534369e-01,-2.253084076757327081e-01,-7.723228198450884374e-01,-3.329680839021614824e-01,7.752464584431194572e-01,-8.597310233911602539e-01,2.206902385991541538e-01,-6.802099392306408809e-01,1.721357224510170481e-01,6.789271485414957175e-01,-8.058646740626218552e-01,-6.841967755464838374e-01,-2.533936387757344533e-01,-2.897060956682678823e-01,-5.889942665621342166e-02,2.186023609539534951e-02,-6.475919848030565751e-01,-6.240472573286061087e-01,-5.883834684403854709e-01,4.012505005951518267e-01,-5.775206459090910238e-01,-2.391660755539394001e-01,-4.110375547349205405e-01,-3.689990760158559091e-01,5.855622561346465194e-01,-6.205326833353552729e-01,4.815039935284314843e-01,1.000000000000000000e+00,1.327979602801630521e-01,7.975067862631959881e-02,-2.560662555837539545e-01,3.616058135221736358e-01,-2.536095841339823798e-01,2.822812178570998087e-01,4.103960316848237477e-02,2.547212546474718065e-01,-4.473008949935985412e-01,-7.837693730937788095e-01
4.734826695394906415e-01,1.267728372515044555e-01,3.983079455843654415e-01,1.867219263122529560e-01,3.878427740375863797e-01,-6.728891712453792008e-03,2.409563651029722475e-02,-2.524747447284010349e-01,2.311821284024366541e-01,3.387245554469789921e-01,-7.367688478339668064e-03,7.053326713307203621e-02,-1.153672416571976467e-03,3.124667614167786489e-01,-1.178401214162902097e-02,6.794139462408798069e-01,4.315378768071210791e-01,2.120251192792431127e-01,1.867902434340082407e-01,1.906639778144804398e-01,2.156712783545758350e-01,2.625750940542722622e-01,3.413308621466931703e-01,2.369371441469882433e-01,7.788789630986045487e-02,2.788084900624231421e-01,-1.178845633995523196e-01,4.787108881922894632e-01,1.327979602801630521e-01,1.000000000000000000e+00,5.049305563923776191e-02,2.525059627274973129e-01,3.304868337969812386e-01,3.550601800713232281e-01,1.741001429497297803e-01,1.932805278886063904e-01,2.080447181680972202e-01,3.565344276529465173e-01,1.128427338718317602e-01
3.052282695817974401e-01,3.140135501882959090e-01,3.184246274925657816e-01,-9.153477093156796307e-02,2.937454784326729018e-01,-2.029896856640850747e-02,-3.408702308875167369e-02,-3.258523219500359391e-01,1.547729854786225878e-01,2.185161963129529650e-01,-1.182458166365579419e-02,-3.168523775237571533e-02,2.593186561543111557e-01,3.141537313479138005e-01,-2.297822916656578063e-01,1.725551318879763318e-01,1.450768457912068876e-02,-2.780741129523731092e-02,-2.445567495686113563e-02,-9.599902726664261143e-02,1.632404583755202032e-01,9.925389555706196076e-02,3.385240440688205843e-01,9.500601995571782143e-02,3.485212680762483917e-01,5.310753307487794395e-01,5.087253232838039319e-01,2.732996680942381129e-01,7.975067862631959881e-02,5.049305563923776191e-02,1.000000000000000000e+00,8.861895683368614662e-02,2.820226711811638087e-01,1.148574309303464908e-01,4.456674692667136339e-01,3.723693611341149512e-01,4.068918392515003535e-01,2.626234112160757417e-01,6.516977817015055796e-02
3.007438005872884249e-02,5.044843725867808049e-01,4.309768503713952148e-01,4.553622272785819436e-01,5.103306910350716707e-01,-2.669174203203666385e-01,4.153927429963281681e-01,-3.650632567187250266e-01,5.838870903816709701e-01,-7.159781282669692992e-02,-3.251990518938714936e-01,4.670863056184632600e-01,4.790117941728447293e-01,2.952667608313834235e-01,2.832336772686719906e-01,1.642368315392287725e-01,6.768726612519522512e-02,3.088802392552866816e-01,4.091333561865977408e-01,5.720402614709959588e-01,-7.548044218055066645e-02,6.359080972919792796e-01,4.459621477047492344e-01,4.155437833764233369e-01,1.697319733453101220e-01,-1.286583102822352331e-01,3.082144315646330734e-01,-1.121679301585577493e-01,-2.560662555837539545e-01,2.525059627274973129e-01,8.861895683368614662e-02,1.000000000000000000e+00,3.257998985036299894e-02,6.437210541864299973e-01,2.204315559793432744e-01,2.050133566135796948e-01,2.948026338820688430e-01,4.697739662920962234e-01,5.185927542806356705e-01
6.374643025209923708e-02,-1.521537028300333216e-01,5.471287286453668797e-01,-3.436436071537296022e-01,3.444274275049306611e-01,3.724870670018889940e-01,-2.923857565365647337e-01,-2.566792601161002607e-01,-1.730910344159930780e-01,5.787630935857600578e-01,4.458362822061185948e-01,-3.480095691359645360e-01,8.539119450807358680e-02,2.760759192757031855e-01,-4.301753583110351498e-01,4.925557327918853034e-01,2.512953777245189313e-01,-2.233411892300116997e-01,-1.118400916076395940e-01,-2.529214539352601654e-01,6.597705858097498988e-01,1.740750180034814354e-01,2.179668116869828698e-01,-8.862694347711692899e-02,1.899321084129936554e-01,3.361616878925233198e-01,-1.182891018085719392e-01,3.777330656938736042e-01,3.616058135221736358e-01,3.304868337969812386e-01,2.820226711811638087e-01,3.257998985036299894e-02,1.000000000000000000e+00,1.699559552472772739e-01,3.894275900159966941e-01,2.696337795956217920e-01,3.889803190833467927e-01,-6.306864287636958222e-02,-2.961899801359184070e-01
3.528270884280238634e-02,4.208674912687682124e-01,5.476086203447554368e-01,4.206315295603650362e-01,6.471438600421937082e-01,-3.018327872774735354e-01,3.640824761908390550e-01,-3.997119628518188139e-01,5.771902013021473765e-01,-5.960881837272116041e-02,-2.758545328081953296e-01,4.522576895745328285e-01,3.996961520485913799e-01,4.990105880425221851e-01,4.083531058169341255e-01,1.927587674921171779e-01,3.109778402800491004e-01,1.645291524790529203e-01,2.580470525284386252e-01,5.419066757465427209e-01,-6.099607477908555730e-02,5.303088289103584652e-01,4.492134895863227895e-01,6.386582590774350088e-01,4.101894207464185094e-01,-4.294510499674868143e-02,2.992322752253542828e-01,-1.130491411015182301e-01,-2.536095841339823798e-01,3.550601800713232281e-01,1.148574309303464908e-01,6.437210541864299973e-01,1.699559552472772739e-01,1.000000000000000000e+00,-1.204291719548302060e-02,-3.784877055007777186e-02,1.329876796607675771e-01,4.841131585661520575e-01,4.437377035694485272e-01
2.702483394709823128e-01,1.037272542548047100e-01,2.493951891230805629e-01,-1.914867999931745834e-01,1.936061720395352848e-01,2.417568929758390772e-01,-1.749751965770872109e-01,-1.118803530041809491e-01,-4.540221275171105186e-02,3.726272359528623457e-01,1.549522034509459023e-01,-2.204903635908458670e-01,1.918102460490989924e-01,7.102859429535746116e-02,-4.063458216124295475e-01,3.401354517087347151e-01,-1.001847868109373846e-01,-1.091304496384791489e-02,-1.643662076073938716e-02,-1.936637345506788399e-01,3.311235641063010604e-01,1.425068546259306013e-01,4.097877482420766437e-01,-2.645854266818324918e-01,7.298142555812800469e-02,4.731456796408965992e-01,1.066484484669118771e-01,4.064052330888917042e-01,2.822812178570998087e-01,1.741001429497297803e-01,4.456674692667136339e-01,2.204315559793432744e-01,3.894275900159966941e-01,-1.204291719548302060e-02,1.000000000000000000e+00,3.612414577765090118e-01,8.430827674622977108e-01,5.830259795696704495e-02,-1.182711068399870530e-01
2.171747141520441460e-01,2.630247399766902361e-01,2.542463575843831314e-01,-5.306842892604861535e-03,1.980375579628503580e-01,-5.324989855805751376e-02,6.709165154796542518e-02,-2.009723172863646379e-01,1.100048561039072698e-01,4.117977301935479284e-01,5.984443628232169292e-03,-1.049197397564539426e-02,1.941443202790488765e-01,1.452401084604440229e-01,-2.299652841545170578e-01,4.144084810318328094e-01,5.047110118511972249e-02,6.826385196443679471e-02,1.410294707042005768e-01,1.253521991877324382e-01,3.838030727879621629e-01,3.512761106542764966e-01,2.353204848876013777e-01,-1.801895332998824095e-01,1.541539378872869293e-02,1.950313827034476644e-01,1.896570182413520600e-01,9.034432560477766161e-02,4.103960316848237477e-02,1.932805278886063904e-01,3.723693611341149512e-01,2.050133566135796948e-01,2.696337795956217920e-01,-3.784877055007777186e-02,3.612414577765090118e-01,1.000000000000000000e+00,3.274371796194107120e-01,1.629247699995498566e-01,1.334756802576193557e-01
2.108942399263026846e-01,1.066193926894215549e-01,2.784318458096188276e-01,-1.270067666647114180e-01,2.448261568578845027e-01,2.171873872899939828e-01,-1.069827361660441456e-01,-8.624878000600511019e-02,4.358862500991055738e-02,2.924065321614183199e-01,1.393668414134994482e-01,-1.691956894917872045e-01,2.086749593932027413e-01,1.358516164120716352e-01,-3.082594408333839686e-01,3.257859942216461691e-01,-7.705365744003529749e-02,1.661507170703973441e-02,3.277157588493143092e-02,-8.790052481266494300e-02,3.411946774316573228e-01,2.061127606034058035e-01,4.633916027885811584e-01,-1.912117156346499758e-01,1.750206775730550057e-01,4.523565845766052140e-01,8.378897777110030920e-02,3.857359744448493055e-01,2.547212546474718065e-01,2.080447181680972202e-01,4.068918392515003535e-01,2.948026338820688430e-01,3.889803190833467927e-01,1.329876796607675771e-01,8.430827674622977108e-01,3.274371796194107120e-01,1.000000000000000000e+00,1.270942484044534915e-01,-6.109449990387001012e-02
4.956675999249847142e-01,7.192812956569136773e-01,5.211513665403345597e-01,7.330730949722704670e-01,5.598812598377022054e-01,-5.635528465094468142e-01,5.866698697364473025e-01,-5.359933007530213178e-01,8.087108405564483737e-01,-1.348517933268704450e-01,-5.963404409113569615e-01,6.786969857792128913e-01,4.408605940217341090e-01,4.892864599958537397e-01,2.321896038366004500e-01,2.732512763437892067e-01,-6.396751335178990638e-02,6.850621145529026679e-01,6.665737304870767987e-01,6.296896017764476161e-01,-1.501565450149688341e-01,6.030185060479473780e-01,5.672393114702730665e-01,4.984291341098703310e-01,4.621375943843472056e-01,1.047190560907412804e-01,4.966245810712204278e-01,-1.734209574159933931e-02,-4.473008949935985412e-01,3.565344276529465173e-01,2.626234112160757417e-01,4.697739662920962234e-01,-6.306864287636958222e-02,4.841131585661520575e-01,5.830259795696704495e-02,1.629247699995498566e-01,1.270942484044534915e-01,1.000000000000000000e+00,7.628790654597388254e-01
9.715641391641571811e-02,8.540578345786863368e-01,4.213476899990710733e-01,8.665724982706102253e-01,4.918912060607881220e-01,-7.662723030285912840e-01,8.331308202364555715e-01,-4.459395750725795859e-01,8.741701525089645708e-01,-2.137047091243137187e-01,-7.006487839049618804e-01,8.616136112272365644e-01,6.648167675529738085e-01,4.025818529631393083e-01,3.124897076813764052e-01,1.426219841306488323e-01,-5.251186425615308323e-02,7.748743437534598710e-01,7.966862795115748908e-01,7.618930407609663114e-01,-3.445257193146505359e-01,7.198963806409984789e-01,4.689229308880213387e-01,5.101607462593416020e-01,4.411180938008191221e-01,-3.299374352419180978e-01,6.207889408245831353e-01,-3.600843345027138209e-01,-7.837693730937788095e-01,1.128427338718317602e-01,6.516977817015055796e-02,5.185927542806356705e-01,-2.961899801359184070e-01,4.437377035694485272e-01,-1.182711068399870530e-01,1.334756802576193557e-01,-6.109449990387001012e-02,7.628790654597388254e-01,1.000000000000000000e+00
