1.000000000000000000e+00,9.842217637180757928e-01,8.962051809085942455e-01,9.106943358251771148e-01,8.989579929232376365e-01,9.543035014882662592e-01,8.939942167698969877e-01,9.814491602606767451e-01,9.138223575203801019e-01,8.733211773872211481e-01,8.780159938951955789e-01,8.719296721357334690e-01,8.958445713149897349e-01,9.547798390061413842e-01,8.718612741809315114e-01,8.731607133478858085e-01,8.992417945603483620e-01,9.814962608604363981e-01,9.602766686541156504e-01,8.986882381966115885e-01,9.013707965334335492e-01,9.014521496556910929e-01,8.889724476755394011e-01,8.910978097713208035e-01,8.714748740219699918e-01,9.612824159529032020e-01,9.832003862832903174e-01,8.996207119629354709e-01,9.612019873300717832e-01,9.716428225016108255e-01,8.757447398157880425e-01,9.336360083008040656e-01,9.785513381715594816e-01,9.628738763385560340e-01,8.934136927568034903e-01,8.716014378983744093e-01,9.598261894528338223e-01,9.582279737095371619e-01,9.357979245257883605e-01
9.842217637180757928e-01,1.000000000000000000e+00,8.966509670527468279e-01,9.099875714816709760e-01,8.995989220060907066e-01,9.537617670925162550e-01,8.932539466638765857e-01,9.794765122313826566e-01,9.136726817837733661e-01,8.747867785133996987e-01,8.792538643737817239e-01,8.723926615492153536e-01,8.965805144833357554e-01,9.555661434243994945e-01,8.732425016564565601e-01,8.734196142543724228e-01,9.007651071996165548e-01,9.836171429286304502e-01,9.608757804201176755e-01,9.002097239165205433e-01,9.022756227522642503e-01,9.032558004712382127e-01,8.920445684714255474e-01,8.895703309118485613e-01,8.728491908712098235e-01,9.618435330275978412e-01,9.836603902066906047e-01,9.010377570995550256e-01,9.609152361282380372e-01,9.743895988025788046e-01,8.768143956240594949e-01,9.350096089072726935e-01,9.806262530944506173e-01,9.632859405468267022e-01,8.950894862180311939e-01,8.730854670859168332e-01,9.607412921916717030e-01,9.591429343774420246e-01,9.368817416526676878e-01
8.962051809085942455e-01,8.966509670527468279e-01,1.000000000000000000e+00,9.535836432434966481e-01,9.822409697538529993e-01,8.731406964382488756e-01,9.259773548173487745e-01,8.951998162292444938e-01,9.473301477511267832e-01,9.562431178600704351e-01,9.625449858277176363e-01,9.525498318426290911e-01,9.815847528438824687e-01,9.118470761073844688e-01,9.544200985242190516e-01,9.533369006713181548e-01,9.796503772312841196e-01,8.988742575985474437e-01,9.028235426355577520e-01,9.806499358768909769e-01,9.692479290268531944e-01,9.737995939329779915e-01,9.293160356291532143e-01,9.425700165064095915e-01,9.551831660665938140e-01,8.995155611918641547e-01,8.934301669681949942e-01,9.751326339073376204e-01,8.736820000541927200e-01,8.948187743193780630e-01,9.599247088445523879e-01,9.311914102861372777e-01,8.908018496956923160e-01,9.009071651220821320e-01,9.739480226496290971e-01,9.560246493340771590e-01,9.042421173646261190e-01,9.102141037763146203e-01,9.281230886342891617e-01
9.106943358251771148e-01,9.099875714816709760e-01,9.535836432434966481e-01,1.000000000000000000e+00,9.563812516614187409e-01,8.825369770480818721e-01,9.246037206164697819e-01,9.073998780312416690e-01,9.816370670304227497e-01,9.346282989272116648e-01,9.394342607305107284e-01,9.290156655931662844e-01,9.517750027386427947e-01,9.329137653186239110e-01,9.313413670131438504e-01,9.294695159989702082e-01,9.615078353855539550e-01,9.118447476652618011e-01,9.265685634002306381e-01,9.606266741963974676e-01,9.694296017639145724e-01,9.635252826687097372e-01,9.163548902043947564e-01,9.300068711928428655e-01,9.320694719669689876e-01,9.221779512404368884e-01,9.098015742354664814e-01,9.642757009959911363e-01,8.875111694191606393e-01,9.145015620520200450e-01,9.365465020410729258e-01,9.598533455527731295e-01,9.088697108154417670e-01,9.234724944367627142e-01,9.474300299886784238e-01,9.306135416126759541e-01,9.261014558597819857e-01,9.309055740188305617e-01,9.583470178960246111e-01
8.989579929232376365e-01,8.995989220060907066e-01,9.822409697538529993e-01,9.563812516614187409e-01,1.000000000000000000e+00,8.770410983009673256e-01,9.243327498585977020e-01,8.987433757973423143e-01,9.518885286225672315e-01,9.525610572999090309e-01,9.605094109642640099e-01,9.491499957331693826e-01,9.784850407374859893e-01,9.152881972819493228e-01,9.501990088412280988e-01,9.498452563783895686e-01,9.830623333838737210e-01,9.011899928523688930e-01,9.080824229928557978e-01,9.841296595094469746e-01,9.740072063494579213e-01,9.784499752040208831e-01,9.272919931060805698e-01,9.399801389322425260e-01,9.516682086988464961e-01,9.049056071598483575e-01,8.964367745222748818e-01,9.794405813147536444e-01,8.769836661121541699e-01,8.978717991242334273e-01,9.569940629482739380e-01,9.356864554105033260e-01,8.940834496294316480e-01,9.053652183651624830e-01,9.714649199618016207e-01,9.521284425766758375e-01,9.090704275623610053e-01,9.142209605929677574e-01,9.333275469948139058e-01
9.543035014882662592e-01,9.537617670925162550e-01,8.731406964382488756e-01,8.825369770480818721e-01,8.770410983009673256e-01,1.000000000000000000e+00,8.867437813498076915e-01,9.568267176806006802e-01,8.845519435914334094e-01,8.517140872432227283e-01,8.609310308828874714e-01,8.542345204067148812e-01,8.747615720736563460e-01,9.195450084900020915e-01,8.523856567890198965e-01,8.544614581786628138e-01,8.783381256242728252e-01,9.511036611331039614e-01,9.264401928606788017e-01,8.772283188986607083e-01,8.780680065997754635e-01,8.783948884208421237e-01,8.757491310626054348e-01,8.751278039552790045e-01,8.504129767990261657e-01,9.242020165113999930e-01,9.514555902042713953e-01,8.766881764662191046e-01,9.776415257382126134e-01,9.367722756020023800e-01,8.561460442973601870e-01,9.000043797411124702e-01,9.473739047103153510e-01,9.268443784242772487e-01,8.764732888982362802e-01,8.511160677775183592e-01,9.255268456428987767e-01,9.230342188943445603e-01,9.017787911267737266e-01
8.939942167698969877e-01,8.932539466638765857e-01,9.259773548173487745e-01,9.246037206164697819e-01,9.243327498585977020e-01,8.867437813498076915e-01,1.000000000000000000e+00,8.981087376324351501e-01,9.230746819105785095e-01,9.384997653960794883e-01,9.363170255239657847e-01,9.415928846667253049e-01,9.258722979078881643e-01,9.002326895656218575e-01,9.380399091760560637e-01,9.411666025652390966e-01,9.267117871823169484e-01,8.927301653610246746e-01,8.931171410264777677e-01,9.258629723749326468e-01,9.268186106606459695e-01,9.206808063683470378e-01,9.226672771351107638e-01,9.241018790302669705e-01,9.365199485444002381e-01,8.872401836183326784e-01,8.935219303185520934e-01,9.227175654793883242e-01,8.862481307234103545e-01,8.851771932519252317e-01,9.373916030049274095e-01,9.129691097464119887e-01,8.867733336520831067e-01,8.902497883715878579e-01,9.274961975366722289e-01,9.390996049621964659e-01,8.951870615026140676e-01,8.976263641837902707e-01,9.105592935214699146e-01
9.814491602606767451e-01,9.794765122313826566e-01,8.951998162292444938e-01,9.073998780312416690e-01,8.987433757973423143e-01,9.568267176806006802e-01,8.981087376324351501e-01,1.000000000000000000e+00,9.108076176966601878e-01,8.741602456124514253e-01,8.771058946803317324e-01,8.762898141974637678e-01,8.939080394721361511e-01,9.463429961415045222e-01,8.741480179622106439e-01,8.764774387961862256e-01,8.985656402791566411e-01,9.764149505400626650e-01,9.519740223855320815e-01,8.989757495462070702e-01,8.997768299972350725e-01,9.002237221132740608e-01,8.896826510599885607e-01,8.914269696300374246e-01,8.719417328519594168e-01,9.527969040007532309e-01,9.791088044020259673e-01,8.981359940629266569e-01,9.654062945800914175e-01,9.645151286952791114e-01,8.754047452368514115e-01,9.293086807947223971e-01,9.717349819142903078e-01,9.551525413938537490e-01,8.903534364062393180e-01,8.738207015008421230e-01,9.521929188637680008e-01,9.497627495072129555e-01,9.304563115379665961e-01
9.138223575203801019e-01,9.136726817837733661e-01,9.473301477511267832e-01,9.816370670304227497e-01,9.518885286225672315e-01,8.845519435914334094e-01,9.230746819105785095e-01,9.108076176966601878e-01,1.000000000000000000e+00,9.297229045742692044e-01,9.334499914662344189e-01,9.238866693397781438e-01,9.453474870049710654e-01,9.387628223320308996e-01,9.263613618230557289e-01,9.243387773975706434e-01,9.562538592077495236e-01,9.152474070432677911e-01,9.308118962115140560e-01,9.561036476355192493e-01,9.657558909851259310e-01,9.594348456368297917e-01,9.126714251243970288e-01,9.246387400815391233e-01,9.268627757588276950e-01,9.266235296901819130e-01,9.130374863746573144e-01,9.595658546356757856e-01,8.899117614028571044e-01,9.197256698396825136e-01,9.299042112340218935e-01,9.656363702828928419e-01,9.137356745644568123e-01,9.283584838723999422e-01,9.421168490340525725e-01,9.253676474407873664e-01,9.301769475415738730e-01,9.362326153707387633e-01,9.643365935876290207e-01
8.733211773872211481e-01,8.747867785133996987e-01,9.562431178600704351e-01,9.346282989272116648e-01,9.525610572999090309e-01,8.517140872432227283e-01,9.384997653960794883e-01,8.741602456124514253e-01,9.297229045742692044e-01,1.000000000000000000e+00,9.785053594945878341e-01,9.800156348880223467e-01,9.581253084005088017e-01,8.888640736819216626e-01,9.847476414260728506e-01,9.809673762917366924e-01,9.531461618493834997e-01,8.767772640471284129e-01,8.805044375745166851e-01,9.528584214488811099e-01,9.445959963591631370e-01,9.454431425703593295e-01,9.472072096338752800e-01,9.562120500182775817e-01,9.858235327602491438e-01,8.750267091144051657e-01,8.744240029387541080e-01,9.489699033929339667e-01,8.521433876119827167e-01,8.749490558717157862e-01,9.817282889168595927e-01,9.082143879974512446e-01,8.711837251905405477e-01,8.773778935056942840e-01,9.672115115445399924e-01,9.839554920008272143e-01,8.815213668645673906e-01,8.867439993727221914e-01,9.058274421260048559e-01
8.780159938951955789e-01,8.792538643737817239e-01,9.625449858277176363e-01,9.394342607305107284e-01,9.605094109642640099e-01,8.609310308828874714e-01,9.363170255239657847e-01,8.771058946803317324e-01,9.334499914662344189e-01,9.785053594945878341e-01,1.000000000000000000e+00,9.714532945749809745e-01,9.641220358223813180e-01,8.921089486953378556e-01,9.764460707024289476e-01,9.727035837056203782e-01,9.599123287510450409e-01,8.807200504640090299e-01,8.840794589030035455e-01,9.598445090008665970e-01,9.508560687484272078e-01,9.523232632945505260e-01,9.413957479099331893e-01,9.574892891197183120e-01,9.790291469177886396e-01,8.783697610447132043e-01,8.791464752193018928e-01,9.559524745007430546e-01,8.598405756623218599e-01,8.782120086466749243e-01,9.831654788516501764e-01,9.127531155529116091e-01,8.758727471466843939e-01,8.809329697758938593e-01,9.724944177611275498e-01,9.765794410285368876e-01,8.840602074711729763e-01,8.906147660917790310e-01,9.100563462837547579e-01
8.719296721357334690e-01,8.723926615492153536e-01,9.525498318426290911e-01,9.290156655931662844e-01,9.491499957331693826e-01,8.542345204067148812e-01,9.415928846667253049e-01,8.762898141974637678e-01,9.238866693397781438e-01,9.800156348880223467e-01,9.714532945749809745e-01,1.000000000000000000e+00,9.544900032542087409e-01,8.867442712377394676e-01,9.823626635076851965e-01,9.859489048708699466e-01,9.485924002247179132e-01,8.739727973584242582e-01,8.776316082342099367e-01,9.485226110051278026e-01,9.395314217264478795e-01,9.402208384801501451e-01,9.484673098171666483e-01,9.614505153368463342e-01,9.791024505987383497e-01,8.717805644059783976e-01,8.730010596206444484e-01,9.438663147298368417e-01,8.550678312946817794e-01,8.698510028221269064e-01,9.746769956828904569e-01,9.047067156203791871e-01,8.673615594815536900e-01,8.744406480670584569e-01,9.592937211920091745e-01,9.822603156600876462e-01,8.790304401799220457e-01,8.839010711196140235e-01,9.023394102604416211e-01
8.958445713149897349e-01,8.965805144833357554e-01,9.815847528438824687e-01,9.517750027386427947e-01,9.784850407374859893e-01,8.747615720736563460e-01,9.258722979078881643e-01,8.939080394721361511e-01,9.453474870049710654e-01,9.581253084005088017e-01,9.641220358223813180e-01,9.544900032542087409e-01,1.000000000000000000e+00,9.102633288738337658e-01,9.572543050303541357e-01,9.559564389945568452e-01,9.762140428871710629e-01,8.993729173233098173e-01,9.018817993717405113e-01,9.771070814977501628e-01,9.667308665590680361e-01,9.702582801261752099e-01,9.320259828713330919e-01,9.421805958397211356e-01,9.575448800149717332e-01,8.981593489344126269e-01,8.943011074620387246e-01,9.713631266709702450e-01,8.740636648292300359e-01,8.973338954491718589e-01,9.627530545304798792e-01,9.285039114735094135e-01,8.931869919431840721e-01,9.002584846897671023e-01,9.762377831441444442e-01,9.582625409348428658e-01,9.035924788334205315e-01,9.084488450671904802e-01,9.270977319287146967e-01
9.547798390061413842e-01,9.555661434243994945e-01,9.118470761073844688e-01,9.329137653186239110e-01,9.152881972819493228e-01,9.195450084900020915e-01,9.002326895656218575e-01,9.463429961415045222e-01,9.387628223320308996e-01,8.888640736819216626e-01,8.921089486953378556e-01,8.867442712377394676e-01,9.102633288738337658e-01,1.000000000000000000e+00,8.859677684840707723e-01,8.877621318548566398e-01,9.179714441077481135e-01,9.577432272030839133e-01,9.806212982677909862e-01,9.171237409400100349e-01,9.222068741173167217e-01,9.203554155938992176e-01,8.953823518947782167e-01,9.001326459751789466e-01,8.855118916122065587e-01,9.759913048263315627e-01,9.547001696021859551e-01,9.198570777887794536e-01,9.245507700197654888e-01,9.650353430132886379e-01,8.875316527335721517e-01,9.619653986822535030e-01,9.602615300401092790e-01,9.778504869804558464e-01,9.065942164808379333e-01,8.858242216375029621e-01,9.797024938988992959e-01,9.846430477076899557e-01,9.614768762720184991e-01
8.718612741809315114e-01,8.732425016564565601e-01,9.544200985242190516e-01,9.313413670131438504e-01,9.501990088412280988e-01,8.523856567890198965e-01,9.380399091760560637e-01,8.741480179622106439e-01,9.263613618230557289e-01,9.847476414260728506e-01,9.764460707024289476e-01,9.823626635076851965e-01,9.572543050303541357e-01,8.859677684840707723e-01,1.000000000000000000e+00,9.833607152593673018e-01,9.508725460838648447e-01,8.752957842309645464e-01,8.774239999514383825e-01,9.506903664409153132e-01,9.418622558300636660e-01,9.424565555702996145e-01,9.501958290412292341e-01,9.581611402913413622e-01,9.842159627525616239e-01,8.714434207522649967e-01,8.733034669709260900e-01,9.458502357914184699e-01,8.526177344672933867e-01,8.723881724449807917e-01,9.798267825025229749e-01,9.034174158771047791e-01,8.692981331470827078e-01,8.746325536155200586e-01,9.646366667265169337e-01,9.853826229732851605e-01,8.788411955111624652e-01,8.836570489185390231e-01,9.014943472307163086e-01
8.731607133478858085e-01,8.734196142543724228e-01,9.533369006713181548e-01,9.294695159989702082e-01,9.498452563783895686e-01,8.544614581786628138e-01,9.411666025652390966e-01,8.764774387961862256e-01,9.243387773975706434e-01,9.809673762917366924e-01,9.727035837056203782e-01,9.859489048708699466e-01,9.559564389945568452e-01,8.877621318548566398e-01,9.833607152593673018e-01,1.000000000000000000e+00,9.493640426225196105e-01,8.749541570808203605e-01,8.788698631198547107e-01,9.492717240304828774e-01,9.402233878826944391e-01,9.407119409918074382e-01,9.498586628354795947e-01,9.619237851967721298e-01,9.800368270118092751e-01,8.729243005716033066e-01,8.741035207440037702e-01,9.443134378714437283e-01,8.542968652821937292e-01,8.710420301721683023e-01,9.759367939745589027e-01,9.049466214677210907e-01,8.687692669552289360e-01,8.755788906698959151e-01,9.613315424272595999e-01,9.832794808133102915e-01,8.802224829264907457e-01,8.848537731039252119e-01,9.028174842817857648e-01
8.992417945603483620e-01,9.007651071996165548e-01,9.796503772312841196e-01,9.615078353855539550e-01,9.830623333838737210e-01,8.783381256242728252e-01,9.267117871823169484e-01,8.985656402791566411e-01,9.562538592077495236e-01,9.531461618493834997e-01,9.599123287510450409e-01,9.485924002247179132e-01,9.762140428871710629e-01,9.179714441077481135e-01,9.508725460838648447e-01,9.493640426225196105e-01,1.000000000000000000e+00,9.038793992456374271e-01,9.108881253004471601e-01,9.854781561874729201e-01,9.775515863908131875e-01,9.824762193132203780e-01,9.314785881243242693e-01,9.407117536205933384e-01,9.517686925201238601e-01,9.080517319608651938e-01,8.978023169243384283e-01,9.833594175857480746e-01,8.794733838084302091e-01,9.033072409273125158e-01,9.570722343253871278e-01,9.377436840600336110e-01,8.973075570201248796e-01,9.090506751193343504e-01,9.703974800261266909e-01,9.523257043457411530e-01,9.120778929048941608e-01,9.162562128195292921e-01,9.352471092523588769e-01
9.814962608604363981e-01,9.836171429286304502e-01,8.988742575985474437e-01,9.118447476652618011e-01,9.011899928523688930e-01,9.511036611331039614e-01,8.927301653610246746e-01,9.764149505400626650e-01,9.152474070432677911e-01,8.767772640471284129e-01,8.807200504640090299e-01,8.739727973584242582e-01,8.993729173233098173e-01,9.577432272030839133e-01,8.752957842309645464e-01,8.749541570808203605e-01,9.038793992456374271e-01,1.000000000000000000e+00,9.619448610352792084e-01,9.025096106122602047e-01,9.054154480584543085e-01,9.066203509829395824e-01,8.944670842822213253e-01,8.891172561279774289e-01,8.746278319998939121e-01,9.634820118506066677e-01,9.819732637726049651e-01,9.045055076961007190e-01,9.582422970451879296e-01,9.760542278893428181e-01,8.785760414894169257e-01,9.356972121542603826e-01,9.828404808932523773e-01,9.648869762962259955e-01,8.971407889919520429e-01,8.747710851832783963e-01,9.620396217087477941e-01,9.608841776328582718e-01,9.379109767154840682e-01
9.602766686541156504e-01,9.608757804201176755e-01,9.028235426355577520e-01,9.265685634002306381e-01,9.080824229928557978e-01,9.264401928606788017e-01,8.931171410264777677e-01,9.519740223855320815e-01,9.308118962115140560e-01,8.805044375745166851e-01,8.840794589030035455e-01,8.776316082342099367e-01,9.018817993717405113e-01,9.806212982677909862e-01,8.774239999514383825e-01,8.788698631198547107e-01,9.108881253004471601e-01,9.619448610352792084e-01,1.000000000000000000e+00,9.102939232284553706e-01,9.143625658764483743e-01,9.132198673932444555e-01,8.897735570992647558e-01,8.946018937989459463e-01,8.774166608484825769e-01,9.811176743199548911e-01,9.594461733213773824e-01,9.134076765957827027e-01,9.301956053873062791e-01,9.691583864269128767e-01,8.785238539705610972e-01,9.540801325187271420e-01,9.649499248343866853e-01,9.833083501436291618e-01,8.996531449536155911e-01,8.766515544807667037e-01,9.847986521348812694e-01,9.828517433744009546e-01,9.550792220201075322e-01
8.986882381966115885e-01,9.002097239165205433e-01,9.806499358768909769e-01,9.606266741963974676e-01,9.841296595094469746e-01,8.772283188986607083e-01,9.258629723749326468e-01,8.989757495462070702e-01,9.561036476355192493e-01,9.528584214488811099e-01,9.598445090008665970e-01,9.485226110051278026e-01,9.771070814977501628e-01,9.171237409400100349e-01,9.506903664409153132e-01,9.492717240304828774e-01,9.854781561874729201e-01,9.025096106122602047e-01,9.102939232284553706e-01,1.000000000000000000e+00,9.762783457131720688e-01,9.809488897290900011e-01,9.298413962780082143e-01,9.392931706738766318e-01,9.518357206311832686e-01,9.078934183344929965e-01,8.970551976796182769e-01,9.819046731130345318e-01,8.777678860606370481e-01,9.024836823609687642e-01,9.566251865628551121e-01,9.376289983232645175e-01,8.961335348415403468e-01,9.087953216487859587e-01,9.703947507922178195e-01,9.523028695863804405e-01,9.120872097361194530e-01,9.154751340193902909e-01,9.353287518677213530e-01
9.013707965334335492e-01,9.022756227522642503e-01,9.692479290268531944e-01,9.694296017639145724e-01,9.740072063494579213e-01,8.780680065997754635e-01,9.268186106606459695e-01,8.997768299972350725e-01,9.657558909851259310e-01,9.445959963591631370e-01,9.508560687484272078e-01,9.395314217264478795e-01,9.667308665590680361e-01,9.222068741173167217e-01,9.418622558300636660e-01,9.402233878826944391e-01,9.775515863908131875e-01,9.054154480584543085e-01,9.143625658764483743e-01,9.762783457131720688e-01,1.000000000000000000e+00,9.811409982682380848e-01,9.290236885963534252e-01,9.316286139680204359e-01,9.432211309247959807e-01,9.114635652486067219e-01,8.997326731995270999e-01,9.805722534414992309e-01,8.797672616827336700e-01,9.064300304724962620e-01,9.478133559094878979e-01,9.481451727682854713e-01,8.999570516141551790e-01,9.117868907392787658e-01,9.598145409704098574e-01,9.431104068524204243e-01,9.145592553494352739e-01,9.201392342247803890e-01,9.462467285096144431e-01
9.014521496556910929e-01,9.032558004712382127e-01,9.737995939329779915e-01,9.635252826687097372e-01,9.784499752040208831e-01,8.783948884208421237e-01,9.206808063683470378e-01,9.002237221132740608e-01,9.594348456368297917e-01,9.454431425703593295e-01,9.523232632945505260e-01,9.402208384801501451e-01,9.702582801261752099e-01,9.203554155938992176e-01,9.424565555702996145e-01,9.407119409918074382e-01,9.824762193132203780e-01,9.066203509829395824e-01,9.132198673932444555e-01,9.809488897290900011e-01,9.811409982682380848e-01,1.000000000000000000e+00,9.267258650515051155e-01,9.318227029833513475e-01,9.438495664470016866e-01,9.106684626320258324e-01,9.001958787227097858e-01,9.856277978841145870e-01,8.812381466949494868e-01,9.065049697319786937e-01,9.491024075454790321e-01,9.427465055344963485e-01,9.004270592516472327e-01,9.115783608813831096e-01,9.631664442039140628e-01,9.436768676544907697e-01,9.136234768212490032e-01,9.190661394557699815e-01,9.405260728589762698e-01
8.889724476755394011e-01,8.920445684714255474e-01,9.293160356291532143e-01,9.163548902043947564e-01,9.272919931060805698e-01,8.757491310626054348e-01,9.226672771351107638e-01,8.896826510599885607e-01,9.126714251243970288e-01,9.472072096338752800e-01,9.413957479099331893e-01,9.484673098171666483e-01,9.320259828713330919e-01,8.953823518947782167e-01,9.501958290412292341e-01,9.498586628354795947e-01,9.314785881243242693e-01,8.944670842822213253e-01,8.897735570992647558e-01,9.298413962780082143e-01,9.290236885963534252e-01,9.267258650515051155e-01,1.000000000000000000e+00,9.451847423018037153e-01,9.451805950096114906e-01,8.855937820535469962e-01,8.917348475970485744e-01,9.265366862081874100e-01,8.764166653933058715e-01,8.957713502632163038e-01,9.426019611821178090e-01,8.960259882791471453e-01,8.934309415321317616e-01,8.884094151306933806e-01,9.376686777105635029e-01,9.479791716822781877e-01,8.921760147658418516e-01,8.944109074107895463e-01,8.947791288827772194e-01
8.910978097713208035e-01,8.895703309118485613e-01,9.425700165064095915e-01,9.300068711928428655e-01,9.399801389322425260e-01,8.751278039552790045e-01,9.241018790302669705e-01,8.914269696300374246e-01,9.246387400815391233e-01,9.562120500182775817e-01,9.574892891197183120e-01,9.614505153368463342e-01,9.421805958397211356e-01,9.001326459751789466e-01,9.581611402913413622e-01,9.619237851967721298e-01,9.407117536205933384e-01,8.891172561279774289e-01,8.946018937989459463e-01,9.392931706738766318e-01,9.316286139680204359e-01,9.318227029833513475e-01,9.451847423018037153e-01,1.000000000000000000e+00,9.537877437297921368e-01,8.888395805727973276e-01,8.921161942326250038e-01,9.351618981149900645e-01,8.750301925207002451e-01,8.886087290247198789e-01,9.552099225829354667e-01,9.093679663107617772e-01,8.875919670739920164e-01,8.904195214682721904e-01,9.480305356444078679e-01,9.575003209545912553e-01,8.937131137493247168e-01,8.989320565798235574e-01,9.069228341487413081e-01
8.714748740219699918e-01,8.728491908712098235e-01,9.551831660665938140e-01,9.320694719669689876e-01,9.516682086988464961e-01,8.504129767990261657e-01,9.365199485444002381e-01,8.719417328519594168e-01,9.268627757588276950e-01,9.858235327602491438e-01,9.790291469177886396e-01,9.791024505987383497e-01,9.575448800149717332e-01,8.855118916122065587e-01,9.842159627525616239e-01,9.800368270118092751e-01,9.517686925201238601e-01,8.746278319998939121e-01,8.774166608484825769e-01,9.518357206311832686e-01,9.432211309247959807e-01,9.438495664470016866e-01,9.451805950096114906e-01,9.537877437297921368e-01,1.000000000000000000e+00,8.723482889643675575e-01,8.723655077042331563e-01,9.473968299396330339e-01,8.501671897309378556e-01,8.728312623479430599e-01,9.822841067592332776e-01,9.051380085359497230e-01,8.690043671161798988e-01,8.745722000371822791e-01,9.665240153950210855e-01,9.833234145823838146e-01,8.783114634534210374e-01,8.837261872761310588e-01,9.027443594105407643e-01
9.612824159529032020e-01,9.618435330275978412e-01,8.995155611918641547e-01,9.221779512404368884e-01,9.049056071598483575e-01,9.242020165113999930e-01,8.872401836183326784e-01,9.527969040007532309e-01,9.266235296901819130e-01,8.750267091144051657e-01,8.783697610447132043e-01,8.717805644059783976e-01,8.981593489344126269e-01,9.759913048263315627e-01,8.714434207522649967e-01,8.729243005716033066e-01,9.080517319608651938e-01,9.634820118506066677e-01,9.811176743199548911e-01,9.078934183344929965e-01,9.114635652486067219e-01,9.106684626320258324e-01,8.855937820535469962e-01,8.888395805727973276e-01,8.723482889643675575e-01,1.000000000000000000e+00,9.619311225228943663e-01,9.105328100720657680e-01,9.286226806041855131e-01,9.735109676392920131e-01,8.727367925017113226e-01,9.489976147568667253e-01,9.672511908694904070e-01,9.843287291704716502e-01,8.947752098139745147e-01,8.715900154299107694e-01,9.825582094976387237e-01,9.784199768508852202e-01,9.495542909892352723e-01
9.832003862832903174e-01,9.836603902066906047e-01,8.934301669681949942e-01,9.098015742354664814e-01,8.964367745222748818e-01,9.514555902042713953e-01,8.935219303185520934e-01,9.791088044020259673e-01,9.130374863746573144e-01,8.744240029387541080e-01,8.791464752193018928e-01,8.730010596206444484e-01,8.943011074620387246e-01,9.547001696021859551e-01,8.733034669709260900e-01,8.741035207440037702e-01,8.978023169243384283e-01,9.819732637726049651e-01,9.594461733213773824e-01,8.970551976796182769e-01,8.997326731995270999e-01,9.001958787227097858e-01,8.917348475970485744e-01,8.921161942326250038e-01,8.723655077042331563e-01,9.619311225228943663e-01,1.000000000000000000e+00,8.983584809600995147e-01,9.596622050969880746e-01,9.746390032956957494e-01,8.772014332851940654e-01,9.332630020559365969e-01,9.796315254225291813e-01,9.632775536905631153e-01,8.925245307036611120e-01,8.733638445889709834e-01,9.594179848989201620e-01,9.580825283553764393e-01,9.348548949651821482e-01
8.996207119629354709e-01,9.010377570995550256e-01,9.751326339073376204e-01,9.642757009959911363e-01,9.794405813147536444e-01,8.766881764662191046e-01,9.227175654793883242e-01,8.981359940629266569e-01,9.595658546356757856e-01,9.489699033929339667e-01,9.559524745007430546e-01,9.438663147298368417e-01,9.713631266709702450e-01,9.198570777887794536e-01,9.458502357914184699e-01,9.443134378714437283e-01,9.833594175857480746e-01,9.045055076961007190e-01,9.134076765957827027e-01,9.819046731130345318e-01,9.805722534414992309e-01,9.856277978841145870e-01,9.265366862081874100e-01,9.351618981149900645e-01,9.473968299396330339e-01,9.105328100720657680e-01,8.983584809600995147e-01,1.000000000000000000e+00,8.788664209168852715e-01,9.046616463417584963e-01,9.525027643487283813e-01,9.411165267626637743e-01,8.984555505829177058e-01,9.116660945065999666e-01,9.651763158388667607e-01,9.474616855611540656e-01,9.138117115367792032e-01,9.187792335016021772e-01,9.390064061661241857e-01
9.612019873300717832e-01,9.609152361282380372e-01,8.736820000541927200e-01,8.875111694191606393e-01,8.769836661121541699e-01,9.776415257382126134e-01,8.862481307234103545e-01,9.654062945800914175e-01,8.899117614028571044e-01,8.521433876119827167e-01,8.598405756623218599e-01,8.550678312946817794e-01,8.740636648292300359e-01,9.245507700197654888e-01,8.526177344672933867e-01,8.542968652821937292e-01,8.794733838084302091e-01,9.582422970451879296e-01,9.301956053873062791e-01,8.777678860606370481e-01,8.797672616827336700e-01,8.812381466949494868e-01,8.764166653933058715e-01,8.750301925207002451e-01,8.501671897309378556e-01,9.286226806041855131e-01,9.596622050969880746e-01,8.788664209168852715e-01,1.000000000000000000e+00,9.425306974370329938e-01,8.569806455781567855e-01,9.068548355988930165e-01,9.524442431099350292e-01,9.320382862833572757e-01,8.739225636322768276e-01,8.511566303260618138e-01,9.292768591744081652e-01,9.275410964647290424e-01,9.080269244966259201e-01
9.716428225016108255e-01,9.743895988025788046e-01,8.948187743193780630e-01,9.145015620520200450e-01,8.978717991242334273e-01,9.367722756020023800e-01,8.851771932519252317e-01,9.645151286952791114e-01,9.197256698396825136e-01,8.749490558717157862e-01,8.782120086466749243e-01,8.698510028221269064e-01,8.973338954491718589e-01,9.650353430132886379e-01,8.723881724449807917e-01,8.710420301721683023e-01,9.033072409273125158e-01,9.760542278893428181e-01,9.691583864269128767e-01,9.024836823609687642e-01,9.064300304724962620e-01,9.065049697319786937e-01,8.957713502632163038e-01,8.886087290247198789e-01,8.728312623479430599e-01,9.735109676392920131e-01,9.746390032956957494e-01,9.046616463417584963e-01,9.425306974370329938e-01,1.000000000000000000e+00,8.746456029873151961e-01,9.387344179468621874e-01,9.800980696730875463e-01,9.734085474920625147e-01,8.938652447052325423e-01,8.721232369324380951e-01,9.695519116640983759e-01,9.672138954509347242e-01,9.399294379622189499e-01
8.757447398157880425e-01,8.768143956240594949e-01,9.599247088445523879e-01,9.365465020410729258e-01,9.569940629482739380e-01,8.561460442973601870e-01,9.373916030049274095e-01,8.754047452368514115e-01,9.299042112340218935e-01,9.817282889168595927e-01,9.831654788516501764e-01,9.746769956828904569e-01,9.627530545304798792e-01,8.875316527335721517e-01,9.798267825025229749e-01,9.759367939745589027e-01,9.570722343253871278e-01,8.785760414894169257e-01,8.785238539705610972e-01,9.566251865628551121e-01,9.478133559094878979e-01,9.491024075454790321e-01,9.426019611821178090e-01,9.552099225829354667e-01,9.822841067592332776e-01,8.727367925017113226e-01,8.772014332851940654e-01,9.525027643487283813e-01,8.569806455781567855e-01,8.746456029873151961e-01,1.000000000000000000e+00,9.088962261126304343e-01,8.719002691032745611e-01,8.755396592579898218e-01,9.702614809266214557e-01,9.798780352979242769e-01,8.785754157890351967e-01,8.854342698657937660e-01,9.066602303144626340e-01
9.336360083008040656e-01,9.350096089072726935e-01,9.311914102861372777e-01,9.598533455527731295e-01,9.356864554105033260e-01,9.000043797411124702e-01,9.129691097464119887e-01,9.293086807947223971e-01,9.656363702828928419e-01,9.082143879974512446e-01,9.127531155529116091e-01,9.047067156203791871e-01,9.285039114735094135e-01,9.619653986822535030e-01,9.034174158771047791e-01,9.049466214677210907e-01,9.377436840600336110e-01,9.356972121542603826e-01,9.540801325187271420e-01,9.376289983232645175e-01,9.481451727682854713e-01,9.427465055344963485e-01,8.960259882791471453e-01,9.093679663107617772e-01,9.051380085359497230e-01,9.489976147568667253e-01,9.332630020559365969e-01,9.411165267626637743e-01,9.068548355988930165e-01,9.387344179468621874e-01,9.088962261126304343e-01,1.000000000000000000e+00,9.338557412591860230e-01,9.512460966023639219e-01,9.256708266772253335e-01,9.036419608784702628e-01,9.532844864933143203e-01,9.603595731650744760e-01,9.847152451525281736e-01
9.785513381715594816e-01,9.806262530944506173e-01,8.908018496956923160e-01,9.088697108154417670e-01,8.940834496294316480e-01,9.473739047103153510e-01,8.867733336520831067e-01,9.717349819142903078e-01,9.137356745644568123e-01,8.711837251905405477e-01,8.758727471466843939e-01,8.673615594815536900e-01,8.931869919431840721e-01,9.602615300401092790e-01,8.692981331470827078e-01,8.687692669552289360e-01,8.973075570201248796e-01,9.828404808932523773e-01,9.649499248343866853e-01,8.961335348415403468e-01,8.999570516141551790e-01,9.004270592516472327e-01,8.934309415321317616e-01,8.875919670739920164e-01,8.690043671161798988e-01,9.672511908694904070e-01,9.796315254225291813e-01,8.984555505829177058e-01,9.524442431099350292e-01,9.800980696730875463e-01,8.719002691032745611e-01,9.338557412591860230e-01,1.000000000000000000e+00,9.679368994401252868e-01,8.915601421580918728e-01,8.685556983886477678e-01,9.648571047831029368e-01,9.634081187242947708e-01,9.358746737019254525e-01
9.628738763385560340e-01,9.632859405468267022e-01,9.009071651220821320e-01,9.234724944367627142e-01,9.053652183651624830e-01,9.268443784242772487e-01,8.902497883715878579e-01,9.551525413938537490e-01,9.283584838723999422e-01,8.773778935056942840e-01,8.809329697758938593e-01,8.744406480670584569e-01,9.002584846897671023e-01,9.778504869804558464e-01,8.746325536155200586e-01,8.755788906698959151e-01,9.090506751193343504e-01,9.648869762962259955e-01,9.833083501436291618e-01,9.087953216487859587e-01,9.117868907392787658e-01,9.115783608813831096e-01,8.884094151306933806e-01,8.904195214682721904e-01,8.745722000371822791e-01,9.843287291704716502e-01,9.632775536905631153e-01,9.116660945065999666e-01,9.320382862833572757e-01,9.734085474920625147e-01,8.755396592579898218e-01,9.512460966023639219e-01,9.679368994401252868e-01,1.000000000000000000e+00,8.972784713787117505e-01,8.742744558984695269e-01,9.838453421285496825e-01,9.801000376187818386e-01,9.521629951262525760e-01
8.934136927568034903e-01,8.950894862180311939e-01,9.739480226496290971e-01,9.474300299886784238e-01,9.714649199618016207e-01,8.764732888982362802e-01,9.274961975366722289e-01,8.903534364062393180e-01,9.421168490340525725e-01,9.672115115445399924e-01,9.724944177611275498e-01,9.592937211920091745e-01,9.762377831441444442e-01,9.065942164808379333e-01,9.646366667265169337e-01,9.613315424272595999e-01,9.703974800261266909e-01,8.971407889919520429e-01,8.996531449536155911e-01,9.703947507922178195e-01,9.598145409704098574e-01,9.631664442039140628e-01,9.376686777105635029e-01,9.480305356444078679e-01,9.665240153950210855e-01,8.947752098139745147e-01,8.925245307036611120e-01,9.651763158388667607e-01,8.739225636322768276e-01,8.938652447052325423e-01,9.702614809266214557e-01,9.256708266772253335e-01,8.915601421580918728e-01,8.972784713787117505e-01,1.000000000000000000e+00,9.645118716563506611e-01,8.996210950845184851e-01,9.052439419763005368e-01,9.236658117603181450e-01
8.716014378983744093e-01,8.730854670859168332e-01,9.560246493340771590e-01,9.306135416126759541e-01,9.521284425766758375e-01,8.511160677775183592e-01,9.390996049621964659e-01,8.738207015008421230e-01,9.253676474407873664e-01,9.839554920008272143e-01,9.765794410285368876e-01,9.822603156600876462e-01,9.582625409348428658e-01,8.858242216375029621e-01,9.853826229732851605e-01,9.832794808133102915e-01,9.523257043457411530e-01,8.747710851832783963e-01,8.766515544807667037e-01,9.523028695863804405e-01,9.431104068524204243e-01,9.436768676544907697e-01,9.479791716822781877e-01,9.575003209545912553e-01,9.833234145823838146e-01,8.715900154299107694e-01,8.733638445889709834e-01,9.474616855611540656e-01,8.511566303260618138e-01,8.721232369324380951e-01,9.798780352979242769e-01,9.036419608784702628e-01,8.685556983886477678e-01,8.742744558984695269e-01,9.645118716563506611e-01,1.000000000000000000e+00,8.784534491051412264e-01,8.833800368563372585e-01,9.013958108792915480e-01
9.598261894528338223e-01,9.607412921916717030e-01,9.042421173646261190e-01,9.261014558597819857e-01,9.090704275623610053e-01,9.255268456428987767e-01,8.951870615026140676e-01,9.521929188637680008e-01,9.301769475415738730e-01,8.815213668645673906e-01,8.840602074711729763e-01,8.790304401799220457e-01,9.035924788334205315e-01,9.797024938988992959e-01,8.788411955111624652e-01,8.802224829264907457e-01,9.120778929048941608e-01,9.620396217087477941e-01,9.847986521348812694e-01,9.120872097361194530e-01,9.145592553494352739e-01,9.136234768212490032e-01,8.921760147658418516e-01,8.937131137493247168e-01,8.783114634534210374e-01,9.825582094976387237e-01,9.594179848989201620e-01,9.138117115367792032e-01,9.292768591744081652e-01,9.695519116640983759e-01,8.785754157890351967e-01,9.532844864933143203e-01,9.648571047831029368e-01,9.838453421285496825e-01,8.996210950845184851e-01,8.784534491051412264e-01,1.000000000000000000e+00,9.821313192074445642e-01,9.543189204508195633e-01
9.582279737095371619e-01,9.591429343774420246e-01,9.102141037763146203e-01,9.309055740188305617e-01,9.142209605929677574e-01,9.230342188943445603e-01,8.976263641837902707e-01,9.497627495072129555e-01,9.362326153707387633e-01,8.867439993727221914e-01,8.906147660917790310e-01,8.839010711196140235e-01,9.084488450671904802e-01,9.846430477076899557e-01,8.836570489185390231e-01,8.848537731039252119e-01,9.162562128195292921e-01,9.608841776328582718e-01,9.828517433744009546e-01,9.154751340193902909e-01,9.201392342247803890e-01,9.190661394557699815e-01,8.944109074107895463e-01,8.989320565798235574e-01,8.837261872761310588e-01,9.784199768508852202e-01,9.580825283553764393e-01,9.187792335016021772e-01,9.275410964647290424e-01,9.672138954509347242e-01,8.854342698657937660e-01,9.603595731650744760e-01,9.634081187242947708e-01,9.801000376187818386e-01,9.052439419763005368e-01,8.833800368563372585e-01,9.821313192074445642e-01,1.000000000000000000e+00,9.601697747845880926e-01
9.357979245257883605e-01,9.368817416526676878e-01,9.281230886342891617e-01,9.583470178960246111e-01,9.333275469948139058e-01,9.017787911267737266e-01,9.105592935214699146e-01,9.304563115379665961e-01,9.643365935876290207e-01,9.058274421260048559e-01,9.100563462837547579e-01,9.023394102604416211e-01,9.270977319287146967e-01,9.614768762720184991e-01,9.014943472307163086e-01,9.028174842817857648e-01,9.352471092523588769e-01,9.379109767154840682e-01,9.550792220201075322e-01,9.353287518677213530e-01,9.462467285096144431e-01,9.405260728589762698e-01,8.947791288827772194e-01,9.069228341487413081e-01,9.027443594105407643e-01,9.495542909892352723e-01,9.348548949651821482e-01,9.390064061661241857e-01,9.080269244966259201e-01,9.399294379622189499e-01,9.066602303144626340e-01,9.847152451525281736e-01,9.358746737019254525e-01,9.521629951262525760e-01,9.236658117603181450e-01,9.013958108792915480e-01,9.543189204508195633e-01,9.601697747845880926e-01,1.000000000000000000e+00
