1.000000000000000000e+00,5.134209855409749279e-01,6.028466361354937186e-01,-2.359603866854396992e-02,7.497934423424549299e-01,2.581317786466673647e-01,3.691958230126561324e-01,-3.935493150055401901e-01,7.147521082962975392e-01,7.462069497733703205e-01,5.349761931783901803e-01,2.246542115418473928e-01,1.938698164032483517e-01,6.051017539652555621e-01,-3.034805433709846789e-01,8.082672887007750218e-01,7.008004199533832690e-01,7.473865427218447932e-01,6.636855168438791086e-01,3.211603610054309388e-01,5.731390424942623962e-01,6.158788655943754353e-01,7.115221031616207892e-01,7.322218126106506686e-01,6.951013895226483275e-01,6.732789383077563139e-01,7.401646729346527120e-01,6.685262604293432664e-01,5.027709765705090650e-01,5.545499696484993413e-01,4.487334128928020527e-01,6.471708059760180598e-01,5.952976898830631969e-01,7.905784764405798803e-02,5.854332209952159971e-01,6.273426653331841685e-01,4.482543106434665470e-01,6.997194477437594928e-01,7.546620226238504037e-01
5.134209855409749279e-01,1.000000000000000000e+00,4.487254775134765228e-01,-6.385679264367896679e-02,5.164150559847381361e-01,2.829350725814976930e-01,-4.989335057806190687e-02,-6.099523075718406018e-01,6.664571252890437725e-01,5.801191517187732627e-01,3.220507560270828851e-01,-9.873178856260343694e-02,-1.397140740231738176e-01,4.216632037215771178e-01,-3.438939924173268214e-01,5.500611952648842840e-01,4.094911010669710638e-01,4.554608617533102977e-01,3.490481415738423965e-01,-1.851121068693064448e-02,1.989898329399291677e-01,2.241085045647067120e-01,3.658515841831411763e-01,4.324374198804747382e-01,2.622013323338454605e-01,4.277410508339079542e-01,3.569229420977736433e-01,2.359462733162694947e-01,4.433764717588484783e-01,7.356481099239443600e-01,5.876216377103322258e-02,3.105017118813799826e-01,1.823715642018573779e-01,-5.603848085515068106e-02,3.297732695073556930e-01,3.308201131273248996e-01,3.238235505727196650e-01,3.419444585625647792e-01,4.370786803478790006e-01
6.028466361354937186e-01,4.487254775134765228e-01,1.000000000000000000e+00,9.376862842410024768e-02,8.032916550518056642e-01,-1.417139342340933365e-03,2.001280954673526347e-01,-6.858146231143571470e-01,7.228904087984565630e-01,6.048981366140091520e-01,3.523217468875253777e-01,3.715932773819123347e-01,1.272578832219823097e-01,6.675677590332262934e-01,-6.693410730183953217e-02,5.591415037700265822e-01,5.332660091039044259e-01,5.344923603148178382e-01,5.058342655366419027e-01,3.826164708381940560e-01,8.156378302943676495e-01,6.820271688573918967e-01,6.318956114191255358e-01,6.372846781942840266e-01,6.198996097279547701e-01,4.673646965149229060e-01,4.644735456414447183e-01,5.469975720277798770e-01,4.495472195268792603e-01,5.520264788193303129e-01,3.455997078652007781e-01,4.346918543327535911e-01,6.986433978253711041e-01,4.192580240793459811e-01,2.995206674940309455e-01,3.210516438430511821e-01,3.015524444940165805e-01,5.590693879881517558e-01,4.027172736553745191e-01
-2.359603866854396992e-02,-6.385679264367896679e-02,9.376862842410024768e-02,1.000000000000000000e+00,-2.762487199086842080e-02,-1.585828579745943434e-01,-1.641726879229900640e-02,-6.533886608957351072e-02,4.379752148414088608e-02,-6.776551754316788301e-02,-1.870632612991239840e-01,4.603529375673516832e-01,3.877020256547007437e-01,-3.061674167327044921e-02,3.312283203038614010e-01,-3.622988222124350760e-02,-3.141984428986564770e-02,1.000331392372132283e-01,6.132656330177715248e-02,4.767182709977591526e-01,2.083448476298974464e-02,1.796815031535619056e-01,-4.042707375849587115e-03,-1.190763771479047724e-02,-4.875947141527478546e-02,-1.168647215136207479e-01,-2.229361248138621576e-01,-2.634710683024429553e-02,-8.757038074839743752e-03,-3.431719869072142465e-02,-2.607092865823672501e-01,-1.532672192776172171e-01,-7.562673296509518639e-02,-9.271253717007957307e-02,-1.068128308480280758e-01,-1.664201366243499014e-01,3.011742062032514780e-02,2.067435843112398752e-01,-1.685090828024786436e-02
7.497934423424549299e-01,5.164150559847381361e-01,8.032916550518056642e-01,-2.762487199086842080e-02,1.000000000000000000e+00,1.902425259797481116e-01,3.085394563990849770e-01,-5.648479906882158952e-01,8.234889093013090244e-01,8.047614761470742728e-01,5.463577985770385892e-01,2.347569285485374690e-01,1.179153382630637042e-01,7.851817042362684296e-01,-2.604347371401291023e-01,7.342694883578677612e-01,6.425585668197200118e-01,7.504488247308053195e-01,7.136422927925748505e-01,2.806163619866999248e-01,7.232045089961418594e-01,6.070719681809643165e-01,6.900753959276554328e-01,7.347136201728822202e-01,7.172506870726809147e-01,6.475134838622181865e-01,6.104353009684005960e-01,6.184351399906415914e-01,5.508286810767767383e-01,6.678597077476678967e-01,3.995965426043280866e-01,5.891967496377672475e-01,6.781984857628398089e-01,3.740110355071769588e-01,4.023790056853721597e-01,4.053261042711597262e-01,3.826453559440842755e-01,7.148351569908546477e-01,5.638499660661369095e-01
2.581317786466673647e-01,2.829350725814976930e-01,-1.417139342340933365e-03,-1.585828579745943434e-01,1.902425259797481116e-01,1.000000000000000000e+00,3.930683889523922114e-01,1.304841711150204753e-01,1.916215815672149547e-01,2.608892447595192454e-01,5.444509517061065784e-01,-5.297861465442263440e-02,8.461904510129383827e-02,2.788533685977441223e-01,-8.542680442036387767e-02,4.366278728150758126e-01,4.750175152221900454e-01,3.893219638751128087e-01,1.093040557137623797e-01,9.526424146762567380e-02,-2.052132154786470708e-02,6.622774680119516977e-02,2.386007509302912333e-01,1.080550938805703992e-01,1.290730044932310028e-01,5.930732987989172367e-01,4.512147644372551114e-01,4.387424804880653562e-01,4.683049727039682031e-01,3.193646000812106478e-01,3.408497979068499384e-01,4.248531477282920243e-01,2.059207475300565693e-01,-3.492643860618134810e-01,3.911020940017695957e-01,5.166589497172399126e-01,4.178003145866883150e-01,1.350099355127858392e-01,-1.686385222483217927e-02
3.691958230126561324e-01,-4.989335057806190687e-02,2.001280954673526347e-01,-1.641726879229900640e-02,3.085394563990849770e-01,3.930683889523922114e-01,1.000000000000000000e+00,3.069945158350323444e-01,1.619245382178249593e-01,3.147542629452209084e-01,6.469940153144542183e-01,4.962842413181929868e-01,4.973282465598544699e-01,4.670911393069623885e-01,1.930672949696259355e-01,4.521050144918624669e-01,6.003916759711125373e-01,4.456471898831442791e-01,3.525116512530676594e-01,4.989304413117642278e-01,3.842757754646987656e-01,4.911469417605089927e-01,4.722689891307431109e-01,3.532287734087959374e-01,4.659173630862186166e-01,6.124808732544639867e-01,5.989270923264458091e-01,6.975299972461929121e-01,4.403738168527704944e-01,1.066003048984171800e-03,6.949784973205929139e-01,5.544536237803706635e-01,6.564356744463728521e-01,6.957751079015550566e-02,5.313988472706681065e-01,6.483613039236781894e-01,5.703177769702995059e-01,3.037575182978826116e-01,8.585915224243718946e-02
-3.935493150055401901e-01,-6.099523075718406018e-01,-6.858146231143571470e-01,-6.533886608957351072e-02,-5.648479906882158952e-01,1.304841711150204753e-01,3.069945158350323444e-01,1.000000000000000000e+00,-5.951389464647047767e-01,-4.703457333283193598e-01,-1.587430906177473428e-02,-1.730981398719298736e-02,2.142684626144893134e-01,-2.784912840583828042e-01,2.206343586477176044e-01,-3.271391331544997727e-01,-2.044505167475980101e-01,-3.017052044144586387e-01,-2.903327805399948391e-01,-6.131773348971098631e-02,-4.071877068774090169e-01,-3.308556272200341430e-01,-2.510423553795040341e-01,-3.544529559685020148e-01,-1.995788094608554608e-01,-1.338703254053153213e-01,-9.817035948087983466e-02,-1.034517132159531866e-01,-1.460787403301214149e-01,-6.527790893724727539e-01,9.617647849315423547e-02,-5.466770435736072187e-02,-1.597845669797365309e-01,-2.445103850297569714e-01,3.369209752617068065e-02,2.931686696835465733e-02,3.109108161319352331e-02,-3.672906342266124557e-01,-4.434140467080749382e-01
7.147521082962975392e-01,6.664571252890437725e-01,7.228904087984565630e-01,4.379752148414088608e-02,8.234889093013090244e-01,1.916215815672149547e-01,1.619245382178249593e-01,-5.951389464647047767e-01,1.000000000000000000e+00,7.508290177103842389e-01,4.769338555439618377e-01,1.724803728230173694e-01,1.135589176616368379e-01,7.301232695103470061e-01,-3.287559834678455140e-01,6.967675084913372840e-01,5.876749116418831242e-01,6.768073734888877535e-01,6.029806488274361831e-01,2.012319725027562622e-01,5.688696930080441305e-01,5.257992981234242968e-01,6.207196999927100389e-01,7.069196390111363026e-01,6.238493667132440912e-01,6.292441600764806520e-01,5.568094648932410129e-01,5.406336841292888051e-01,5.629864192509480558e-01,7.897723323407046525e-01,2.392016345922395593e-01,5.232361357430675985e-01,5.285554849903300045e-01,3.283705505050857898e-01,3.980703486763709220e-01,3.553735850394896811e-01,3.324748970633324974e-01,7.072072527469208669e-01,5.985898682878051380e-01
7.462069497733703205e-01,5.801191517187732627e-01,6.048981366140091520e-01,-6.776551754316788301e-02,8.047614761470742728e-01,2.608892447595192454e-01,3.147542629452209084e-01,-4.703457333283193598e-01,7.508290177103842389e-01,1.000000000000000000e+00,5.731168070900868328e-01,1.099625718389131979e-01,8.949729729600723604e-02,6.601333175532638764e-01,-4.783062313649992237e-01,8.082664475727596720e-01,6.305271132948178092e-01,8.089536176592616590e-01,8.047831137647778466e-01,1.257455823161937325e-01,5.358382079223590333e-01,4.811424914587312807e-01,6.276191218092778135e-01,7.093438855331710702e-01,6.305701114665945850e-01,6.313987426904346112e-01,6.237812125463777502e-01,5.259278123286409423e-01,4.452642133134231961e-01,6.917636298681226759e-01,4.573160122814604600e-01,5.855615885836356060e-01,5.314786528398747212e-01,1.025264251669588955e-01,4.126179412549054737e-01,4.818344310348412485e-01,3.605139086501512602e-01,6.536573526684593682e-01,6.248916685504033453e-01
5.349761931783901803e-01,3.220507560270828851e-01,3.523217468875253777e-01,-1.870632612991239840e-01,5.463577985770385892e-01,5.444509517061065784e-01,6.469940153144542183e-01,-1.587430906177473428e-02,4.769338555439618377e-01,5.731168070900868328e-01,1.000000000000000000e+00,2.563844514372646266e-01,2.149962103866231988e-01,6.933719907511267655e-01,-9.254913843731492340e-02,6.205714943862041810e-01,7.499129083328749390e-01,5.850811652580764077e-01,4.901944731634650942e-01,2.989645008392849412e-01,3.897529703937229750e-01,4.460562516874129191e-01,5.934844906576840495e-01,5.308782346311842204e-01,5.706793335927863309e-01,7.410800607349560254e-01,7.279804160601458518e-01,6.864181878899066058e-01,6.538029703016425831e-01,4.013072641844673827e-01,6.758266130083976364e-01,7.699507992868583894e-01,6.204314025948101108e-01,1.201339168874152180e-01,6.197577694595933773e-01,6.473731363409355177e-01,6.233942201213668044e-01,4.178536004678573001e-01,2.788426425692727140e-01
2.246542115418473928e-01,-9.873178856260343694e-02,3.715932773819123347e-01,4.603529375673516832e-01,2.347569285485374690e-01,-5.297861465442263440e-02,4.962842413181929868e-01,-1.730981398719298736e-02,1.724803728230173694e-01,1.099625718389131979e-01,2.563844514372646266e-01,1.000000000000000000e+00,6.376255689560857975e-01,3.270570555905072951e-01,5.619120407931817995e-01,2.444618539875806351e-01,3.227534087067526758e-01,2.666891486581324799e-01,1.640464661092634613e-01,7.385770871670627180e-01,3.982531221187118886e-01,5.960665929105046779e-01,4.153413726030116826e-01,2.437125727150711574e-01,3.650185588851008744e-01,3.111110684998699139e-01,2.316997458870051207e-01,5.239438343535647302e-01,2.223691579917151662e-01,-1.139010781999875641e-02,3.143329849119544384e-01,2.038748852874305573e-01,4.692467859775780181e-01,2.422880076091639967e-01,2.007474009368963863e-01,2.838468722305791392e-01,3.285339490020453557e-01,3.379963287272496619e-01,1.350367661825168375e-01
1.938698164032483517e-01,-1.397140740231738176e-01,1.272578832219823097e-01,3.877020256547007437e-01,1.179153382630637042e-01,8.461904510129383827e-02,4.973282465598544699e-01,2.142684626144893134e-01,1.135589176616368379e-01,8.949729729600723604e-02,2.149962103866231988e-01,6.376255689560857975e-01,1.000000000000000000e+00,2.128330764597913538e-01,3.817152788439812650e-01,1.512618329770640535e-01,2.512816420396519201e-01,3.105636383903180309e-01,2.636900284067858480e-01,5.528457863224265356e-01,2.543729904047470902e-01,3.558684681804074601e-01,2.127039079331752292e-01,1.957472649789904207e-01,2.275380597671199101e-01,2.972700494809283889e-01,1.599090231887098645e-01,4.366798021373722305e-01,2.433622054258330336e-01,-1.282912083463973452e-01,1.907547914368804276e-01,1.558894812983662170e-01,2.907941997471390483e-01,3.363557048773536950e-02,2.488075983820175197e-01,1.919934609222074262e-01,2.777098557651876964e-01,3.696894917518310786e-01,1.265869565575601097e-01
6.051017539652555621e-01,4.216632037215771178e-01,6.675677590332262934e-01,-3.061674167327044921e-02,7.851817042362684296e-01,2.788533685977441223e-01,4.670911393069623885e-01,-2.784912840583828042e-01,7.301232695103470061e-01,6.601333175532638764e-01,6.933719907511267655e-01,3.270570555905072951e-01,2.128330764597913538e-01,1.000000000000000000e+00,-1.170024040262584442e-01,6.734195116151766580e-01,6.538452719629522791e-01,6.575305629544064834e-01,6.006666034261468612e-01,3.373816587607803563e-01,6.413897644291618461e-01,5.930077782175854351e-01,7.718935621251703516e-01,7.636713560234180687e-01,7.844109409016173373e-01,7.036504650384766135e-01,6.621344394156136737e-01,6.715915123030350431e-01,6.869129209012565518e-01,5.437094540007185728e-01,5.169739579582063316e-01,7.139210176596312296e-01,7.434612700592255763e-01,3.991437249443869906e-01,5.409999343190262655e-01,4.851084229575843842e-01,5.332359138016327105e-01,5.736377454280170429e-01,3.596411125260718378e-01
-3.034805433709846789e-01,-3.438939924173268214e-01,-6.693410730183953217e-02,3.312283203038614010e-01,-2.604347371401291023e-01,-8.542680442036387767e-02,1.930672949696259355e-01,2.206343586477176044e-01,-3.287559834678455140e-01,-4.783062313649992237e-01,-9.254913843731492340e-02,5.619120407931817995e-01,3.817152788439812650e-01,-1.170024040262584442e-01,1.000000000000000000e+00,-2.937587121067407048e-01,-8.380854636834382532e-02,-3.154738029327879278e-01,-4.040646653131839128e-01,5.603355524895451412e-01,-4.471938805962658026e-02,1.545696292943694594e-01,-6.992769883548563548e-02,-2.612425061911116675e-01,-1.343060823400382409e-01,-9.493621805660804047e-02,-2.239787299962111566e-01,1.023955708958188132e-01,-4.805798052019007172e-02,-3.294939898805190337e-01,-6.032293411090507845e-02,-2.177333020908232830e-01,2.542596916322374320e-02,1.517258612490102465e-01,-1.333379002166777128e-01,-8.057743490416893750e-02,3.603059387209536085e-02,-1.320654980175390569e-01,-3.581047276597599804e-01
8.082672887007750218e-01,5.500611952648842840e-01,5.591415037700265822e-01,-3.622988222124350760e-02,7.342694883578677612e-01,4.366278728150758126e-01,4.521050144918624669e-01,-3.271391331544997727e-01,6.967675084913372840e-01,8.082664475727596720e-01,6.205714943862041810e-01,2.444618539875806351e-01,1.512618329770640535e-01,6.734195116151766580e-01,-2.937587121067407048e-01,1.000000000000000000e+00,7.192993992417782145e-01,8.132503552657948109e-01,6.338355274706323206e-01,3.043615887463103076e-01,5.150596183109089621e-01,5.972001167494140894e-01,7.718401939511355669e-01,6.984086789960274322e-01,7.052200412609465063e-01,7.853141443724136472e-01,7.429457195584997509e-01,7.226823035468880052e-01,4.903619477908453539e-01,6.413932765619382304e-01,5.285840257698877220e-01,6.614155177944244235e-01,6.225463969934189601e-01,2.206072790041691337e-02,5.264708728241299651e-01,6.726465533176254619e-01,4.740431496836978731e-01,6.289575640725225680e-01,5.547513303380323668e-01
7.008004199533832690e-01,4.094911010669710638e-01,5.332660091039044259e-01,-3.141984428986564770e-02,6.425585668197200118e-01,4.750175152221900454e-01,6.003916759711125373e-01,-2.044505167475980101e-01,5.876749116418831242e-01,6.305271132948178092e-01,7.499129083328749390e-01,3.227534087067526758e-01,2.512816420396519201e-01,6.538452719629522791e-01,-8.380854636834382532e-02,7.192993992417782145e-01,1.000000000000000000e+00,7.001953692327582690e-01,5.599709713839347014e-01,4.401336508344652620e-01,5.133958373950181509e-01,5.739674410216611955e-01,6.594544702761623300e-01,6.159909097379538956e-01,5.771674351809017445e-01,7.827811253320493545e-01,7.327998143349295779e-01,7.642729868228347323e-01,7.197963213916415137e-01,4.919828006879052307e-01,5.962238418395017225e-01,7.291204471842962498e-01,6.586761140043884133e-01,3.951056550495454095e-02,6.479167023290096639e-01,6.955280222573869686e-01,6.485436771453325644e-01,6.023432943871107614e-01,3.985743434598912893e-01
7.473865427218447932e-01,4.554608617533102977e-01,5.344923603148178382e-01,1.000331392372132283e-01,7.504488247308053195e-01,3.893219638751128087e-01,4.456471898831442791e-01,-3.017052044144586387e-01,6.768073734888877535e-01,8.089536176592616590e-01,5.850811652580764077e-01,2.666891486581324799e-01,3.105636383903180309e-01,6.575305629544064834e-01,-3.154738029327879278e-01,8.132503552657948109e-01,7.001953692327582690e-01,1.000000000000000000e+00,7.952263236046265282e-01,3.131768077232733871e-01,5.069126838310560323e-01,4.886649192423382360e-01,6.418757166004935844e-01,6.777343442425871611e-01,6.142154155845253038e-01,7.328005436457486477e-01,6.269360463195329247e-01,6.548831222193223223e-01,5.360388949426034833e-01,5.666011374478808760e-01,4.302109078240273221e-01,5.830803816540152118e-01,5.381514780893588146e-01,-4.590240728577726220e-02,4.546858748709621811e-01,5.134150611598866654e-01,4.575560581189007103e-01,7.597332617952728961e-01,5.109609684509708316e-01
6.636855168438791086e-01,3.490481415738423965e-01,5.058342655366419027e-01,6.132656330177715248e-02,7.136422927925748505e-01,1.093040557137623797e-01,3.525116512530676594e-01,-2.903327805399948391e-01,6.029806488274361831e-01,8.047831137647778466e-01,4.901944731634650942e-01,1.640464661092634613e-01,2.636900284067858480e-01,6.006666034261468612e-01,-4.040646653131839128e-01,6.338355274706323206e-01,5.599709713839347014e-01,7.952263236046265282e-01,1.000000000000000000e+00,1.544339650289734966e-01,5.285550769921388836e-01,4.099572314838818565e-01,5.009848738793698519e-01,6.593333015268624253e-01,5.708725800018840113e-01,4.859631886906297660e-01,4.842645653540290085e-01,4.239680469847455502e-01,4.141480208184983303e-01,4.428002244922936148e-01,3.704461862035351438e-01,5.232940602627620397e-01,4.640495130762432030e-01,7.245648157097754616e-02,3.570024981524740348e-01,3.409815134545433613e-01,3.412197150602198636e-01,7.124683914613363367e-01,5.398861148682150279e-01
3.211603610054309388e-01,-1.851121068693064448e-02,3.826164708381940560e-01,4.767182709977591526e-01,2.806163619866999248e-01,9.526424146762567380e-02,4.989304413117642278e-01,-6.131773348971098631e-02,2.012319725027562622e-01,1.257455823161937325e-01,2.989645008392849412e-01,7.385770871670627180e-01,5.528457863224265356e-01,3.373816587607803563e-01,5.603355524895451412e-01,3.043615887463103076e-01,4.401336508344652620e-01,3.131768077232733871e-01,1.544339650289734966e-01,1.000000000000000000e+00,4.070274363881896118e-01,6.622746700268085096e-01,4.497189937183831421e-01,2.616605461240352759e-01,3.437322006753399939e-01,3.750427587499168824e-01,3.197095700376183514e-01,6.111440272087154124e-01,3.028118204939805880e-01,3.756201516737144724e-02,3.170808519632249967e-01,2.487552963649632132e-01,4.994401057683710565e-01,1.167320032750504832e-01,2.448046840896109522e-01,3.827051893115189229e-01,3.222452135569385812e-01,3.455569930884526131e-01,1.368900771188897303e-01
5.731390424942623962e-01,1.989898329399291677e-01,8.156378302943676495e-01,2.083448476298974464e-02,7.232045089961418594e-01,-2.052132154786470708e-02,3.842757754646987656e-01,-4.071877068774090169e-01,5.688696930080441305e-01,5.358382079223590333e-01,3.897529703937229750e-01,3.982531221187118886e-01,2.543729904047470902e-01,6.413897644291618461e-01,-4.471938805962658026e-02,5.150596183109089621e-01,5.133958373950181509e-01,5.069126838310560323e-01,5.285550769921388836e-01,4.070274363881896118e-01,1.000000000000000000e+00,7.660955393068040742e-01,6.160154055769443415e-01,5.990019462881931434e-01,6.761545648709442746e-01,4.510690009366502551e-01,5.130180200759100195e-01,5.880127285063763143e-01,3.989492064967802287e-01,3.256757281229536449e-01,5.046526717614102653e-01,4.635929988159302462e-01,8.101500536212981052e-01,4.438090638067360150e-01,3.379110608957528461e-01,3.994471793416171645e-01,2.884625112809233172e-01,5.067125754962712447e-01,3.502052581310968193e-01
6.158788655943754353e-01,2.241085045647067120e-01,6.820271688573918967e-01,1.796815031535619056e-01,6.070719681809643165e-01,6.622774680119516977e-02,4.911469417605089927e-01,-3.308556272200341430e-01,5.257992981234242968e-01,4.811424914587312807e-01,4.460562516874129191e-01,5.960665929105046779e-01,3.558684681804074601e-01,5.930077782175854351e-01,1.545696292943694594e-01,5.972001167494140894e-01,5.739674410216611955e-01,4.886649192423382360e-01,4.099572314838818565e-01,6.622746700268085096e-01,7.660955393068040742e-01,1.000000000000000000e+00,6.835513555053194246e-01,5.338319013912812272e-01,6.586844565868775758e-01,5.216263859357818111e-01,5.821934568743972749e-01,7.000695462767670962e-01,3.710246945120945217e-01,3.390457890199624624e-01,5.171948588057768692e-01,4.648564518762878794e-01,7.597896565996521412e-01,4.026459810390803362e-01,3.856374176376758389e-01,5.357832750071855887e-01,3.184174872935676692e-01,4.858379836463768142e-01,4.504409932528440907e-01
7.115221031616207892e-01,3.658515841831411763e-01,6.318956114191255358e-01,-4.042707375849587115e-03,6.900753959276554328e-01,2.386007509302912333e-01,4.722689891307431109e-01,-2.510423553795040341e-01,6.207196999927100389e-01,6.276191218092778135e-01,5.934844906576840495e-01,4.153413726030116826e-01,2.127039079331752292e-01,7.718935621251703516e-01,-6.992769883548563548e-02,7.718401939511355669e-01,6.594544702761623300e-01,6.418757166004935844e-01,5.009848738793698519e-01,4.497189937183831421e-01,6.160154055769443415e-01,6.835513555053194246e-01,1.000000000000000000e+00,7.832681597055639600e-01,8.563324226137987161e-01,7.072354579986713796e-01,7.514487728492262875e-01,7.449373798181412321e-01,5.091076953531885607e-01,4.492826198021588890e-01,6.022274624048534752e-01,6.834971061635426448e-01,7.439636995220758608e-01,2.343808085511555894e-01,5.630494224685195226e-01,6.329823852040241672e-01,5.170797098769693845e-01,5.097674748649843046e-01,4.559875558602510814e-01
7.322218126106506686e-01,4.324374198804747382e-01,6.372846781942840266e-01,-1.190763771479047724e-02,7.347136201728822202e-01,1.080550938805703992e-01,3.532287734087959374e-01,-3.544529559685020148e-01,7.069196390111363026e-01,7.093438855331710702e-01,5.308782346311842204e-01,2.437125727150711574e-01,1.957472649789904207e-01,7.636713560234180687e-01,-2.612425061911116675e-01,6.984086789960274322e-01,6.159909097379538956e-01,6.777343442425871611e-01,6.593333015268624253e-01,2.616605461240352759e-01,5.990019462881931434e-01,5.338319013912812272e-01,7.832681597055639600e-01,1.000000000000000000e+00,7.896789716385098634e-01,6.019939368675978342e-01,6.432739898905890374e-01,5.905667829960192794e-01,5.508899788457767288e-01,5.244565278860950919e-01,4.854501174671451702e-01,6.550526635130717867e-01,6.291090536031567204e-01,2.200079463521872059e-01,5.903522653722993452e-01,4.655091449507544610e-01,5.067735745773086498e-01,6.086211370558449740e-01,5.544791169561444910e-01
6.951013895226483275e-01,2.622013323338454605e-01,6.198996097279547701e-01,-4.875947141527478546e-02,7.172506870726809147e-01,1.290730044932310028e-01,4.659173630862186166e-01,-1.995788094608554608e-01,6.238493667132440912e-01,6.305701114665945850e-01,5.706793335927863309e-01,3.650185588851008744e-01,2.275380597671199101e-01,7.844109409016173373e-01,-1.343060823400382409e-01,7.052200412609465063e-01,5.771674351809017445e-01,6.142154155845253038e-01,5.708725800018840113e-01,3.437322006753399939e-01,6.761545648709442746e-01,6.586844565868775758e-01,8.563324226137987161e-01,7.896789716385098634e-01,1.000000000000000000e+00,6.389286795844606459e-01,7.146516458758367385e-01,6.680081517702493032e-01,4.650554143836228560e-01,4.017305755506391240e-01,5.743678552640348878e-01,6.538017063411759588e-01,7.469177113663052481e-01,3.823588558501695434e-01,5.195746700073403668e-01,5.305268556171962580e-01,4.387782950838782225e-01,5.274155364607203689e-01,4.974436393416921676e-01
6.732789383077563139e-01,4.277410508339079542e-01,4.673646965149229060e-01,-1.168647215136207479e-01,6.475134838622181865e-01,5.930732987989172367e-01,6.124808732544639867e-01,-1.338703254053153213e-01,6.292441600764806520e-01,6.313987426904346112e-01,7.410800607349560254e-01,3.111110684998699139e-01,2.972700494809283889e-01,7.036504650384766135e-01,-9.493621805660804047e-02,7.853141443724136472e-01,7.827811253320493545e-01,7.328005436457486477e-01,4.859631886906297660e-01,3.750427587499168824e-01,4.510690009366502551e-01,5.216263859357818111e-01,7.072354579986713796e-01,6.019939368675978342e-01,6.389286795844606459e-01,1.000000000000000000e+00,7.819905514118394851e-01,8.402587262534858548e-01,6.648060454589231894e-01,5.536926473653208669e-01,5.854705685219154798e-01,6.721402208552198498e-01,6.387268609604535019e-01,7.968291403424966612e-02,6.241799984016861425e-01,6.739274723930441802e-01,5.998697703338866649e-01,6.043688381292848799e-01,3.581904265831220568e-01
7.401646729346527120e-01,3.569229420977736433e-01,4.644735456414447183e-01,-2.229361248138621576e-01,6.104353009684005960e-01,4.512147644372551114e-01,5.989270923264458091e-01,-9.817035948087983466e-02,5.568094648932410129e-01,6.237812125463777502e-01,7.279804160601458518e-01,2.316997458870051207e-01,1.599090231887098645e-01,6.621344394156136737e-01,-2.239787299962111566e-01,7.429457195584997509e-01,7.327998143349295779e-01,6.269360463195329247e-01,4.842645653540290085e-01,3.197095700376183514e-01,5.130180200759100195e-01,5.821934568743972749e-01,7.514487728492262875e-01,6.432739898905890374e-01,7.146516458758367385e-01,7.819905514118394851e-01,1.000000000000000000e+00,7.771562744468638595e-01,5.917860397646711457e-01,4.008217268051172399e-01,7.427624733307410798e-01,7.921328878394893191e-01,7.264664745802119628e-01,8.063019685648474544e-02,7.273471731727815248e-01,7.866755884700551427e-01,5.835831371361653863e-01,4.169255617857984819e-01,4.849588744204662016e-01
6.685262604293432664e-01,2.359462733162694947e-01,5.469975720277798770e-01,-2.634710683024429553e-02,6.184351399906415914e-01,4.387424804880653562e-01,6.975299972461929121e-01,-1.034517132159531866e-01,5.406336841292888051e-01,5.259278123286409423e-01,6.864181878899066058e-01,5.239438343535647302e-01,4.366798021373722305e-01,6.715915123030350431e-01,1.023955708958188132e-01,7.226823035468880052e-01,7.642729868228347323e-01,6.548831222193223223e-01,4.239680469847455502e-01,6.111440272087154124e-01,5.880127285063763143e-01,7.000695462767670962e-01,7.449373798181412321e-01,5.905667829960192794e-01,6.680081517702493032e-01,8.402587262534858548e-01,7.771562744468638595e-01,1.000000000000000000e+00,6.078925985203972315e-01,3.597965480848893671e-01,6.687735808149615213e-01,6.638370895293921325e-01,7.809050974534922362e-01,1.689589565389741366e-01,6.077634179428232919e-01,7.116693864600223129e-01,5.716586572160528013e-01,5.576501855792223017e-01,3.522137753703986074e-01
5.027709765705090650e-01,4.433764717588484783e-01,4.495472195268792603e-01,-8.757038074839743752e-03,5.508286810767767383e-01,4.683049727039682031e-01,4.403738168527704944e-01,-1.460787403301214149e-01,5.629864192509480558e-01,4.452642133134231961e-01,6.538029703016425831e-01,2.223691579917151662e-01,2.433622054258330336e-01,6.869129209012565518e-01,-4.805798052019007172e-02,4.903619477908453539e-01,7.197963213916415137e-01,5.360388949426034833e-01,4.141480208184983303e-01,3.028118204939805880e-01,3.989492064967802287e-01,3.710246945120945217e-01,5.091076953531885607e-01,5.508899788457767288e-01,4.650554143836228560e-01,6.648060454589231894e-01,5.917860397646711457e-01,6.078925985203972315e-01,1.000000000000000000e+00,4.195115541384031310e-01,4.353226795221857848e-01,6.997922441865490617e-01,5.459331911815616944e-01,8.239894421519862455e-02,7.092451364138238068e-01,5.099256883572316212e-01,7.199736596050887449e-01,4.170564657765323258e-01,2.601265572349674704e-01
5.545499696484993413e-01,7.356481099239443600e-01,5.520264788193303129e-01,-3.431719869072142465e-02,6.678597077476678967e-01,3.193646000812106478e-01,1.066003048984171800e-03,-6.527790893724727539e-01,7.897723323407046525e-01,6.917636298681226759e-01,4.013072641844673827e-01,-1.139010781999875641e-02,-1.282912083463973452e-01,5.437094540007185728e-01,-3.294939898805190337e-01,6.413932765619382304e-01,4.919828006879052307e-01,5.666011374478808760e-01,4.428002244922936148e-01,3.756201516737144724e-02,3.256757281229536449e-01,3.390457890199624624e-01,4.492826198021588890e-01,5.244565278860950919e-01,4.017305755506391240e-01,5.536926473653208669e-01,4.008217268051172399e-01,3.597965480848893671e-01,4.195115541384031310e-01,1.000000000000000000e+00,9.387514958783060859e-02,3.566031507181616211e-01,2.642785954406430271e-01,1.581578055354786738e-01,2.387798673787909498e-01,2.868456262553676361e-01,2.432423256770586961e-01,5.489906925769243440e-01,4.870618095196425634e-01
4.487334128928020527e-01,5.876216377103322258e-02,3.455997078652007781e-01,-2.607092865823672501e-01,3.995965426043280866e-01,3.408497979068499384e-01,6.949784973205929139e-01,9.617647849315423547e-02,2.392016345922395593e-01,4.573160122814604600e-01,6.758266130083976364e-01,3.143329849119544384e-01,1.907547914368804276e-01,5.169739579582063316e-01,-6.032293411090507845e-02,5.285840257698877220e-01,5.962238418395017225e-01,4.302109078240273221e-01,3.704461862035351438e-01,3.170808519632249967e-01,5.046526717614102653e-01,5.171948588057768692e-01,6.022274624048534752e-01,4.854501174671451702e-01,5.743678552640348878e-01,5.854705685219154798e-01,7.427624733307410798e-01,6.687735808149615213e-01,4.353226795221857848e-01,9.387514958783060859e-02,1.000000000000000000e+00,6.807905762470504163e-01,7.299769397958147943e-01,7.618189724118805406e-02,6.192423588009207114e-01,7.131413070333741944e-01,5.389101699985259231e-01,1.594155457531740983e-01,1.937372955094094629e-01
6.471708059760180598e-01,3.105017118813799826e-01,4.346918543327535911e-01,-1.532672192776172171e-01,5.891967496377672475e-01,4.248531477282920243e-01,5.544536237803706635e-01,-5.466770435736072187e-02,5.232361357430675985e-01,5.855615885836356060e-01,7.699507992868583894e-01,2.038748852874305573e-01,1.558894812983662170e-01,7.139210176596312296e-01,-2.177333020908232830e-01,6.614155177944244235e-01,7.291204471842962498e-01,5.830803816540152118e-01,5.232940602627620397e-01,2.487552963649632132e-01,4.635929988159302462e-01,4.648564518762878794e-01,6.834971061635426448e-01,6.550526635130717867e-01,6.538017063411759588e-01,6.721402208552198498e-01,7.921328878394893191e-01,6.638370895293921325e-01,6.997922441865490617e-01,3.566031507181616211e-01,6.807905762470504163e-01,1.000000000000000000e+00,6.784540779726669912e-01,1.074522014090387445e-01,7.353793397633102691e-01,6.718572183173413537e-01,6.920471373342108601e-01,4.090904643134713470e-01,4.104641134488534182e-01
5.952976898830631969e-01,1.823715642018573779e-01,6.986433978253711041e-01,-7.562673296509518639e-02,6.781984857628398089e-01,2.059207475300565693e-01,6.564356744463728521e-01,-1.597845669797365309e-01,5.285554849903300045e-01,5.314786528398747212e-01,6.204314025948101108e-01,4.692467859775780181e-01,2.907941997471390483e-01,7.434612700592255763e-01,2.542596916322374320e-02,6.225463969934189601e-01,6.586761140043884133e-01,5.381514780893588146e-01,4.640495130762432030e-01,4.994401057683710565e-01,8.101500536212981052e-01,7.597896565996521412e-01,7.439636995220758608e-01,6.291090536031567204e-01,7.469177113663052481e-01,6.387268609604535019e-01,7.264664745802119628e-01,7.809050974534922362e-01,5.459331911815616944e-01,2.642785954406430271e-01,7.299769397958147943e-01,6.784540779726669912e-01,1.000000000000000000e+00,3.689859437353998906e-01,5.647433372330669110e-01,6.516320556760085703e-01,5.230964340818816671e-01,4.212170138677976405e-01,2.781688913149250042e-01
7.905784764405798803e-02,-5.603848085515068106e-02,4.192580240793459811e-01,-9.271253717007957307e-02,3.740110355071769588e-01,-3.492643860618134810e-01,6.957751079015550566e-02,-2.445103850297569714e-01,3.283705505050857898e-01,1.025264251669588955e-01,1.201339168874152180e-01,2.422880076091639967e-01,3.363557048773536950e-02,3.991437249443869906e-01,1.517258612490102465e-01,2.206072790041691337e-02,3.951056550495454095e-02,-4.590240728577726220e-02,7.245648157097754616e-02,1.167320032750504832e-01,4.438090638067360150e-01,4.026459810390803362e-01,2.343808085511555894e-01,2.200079463521872059e-01,3.823588558501695434e-01,7.968291403424966612e-02,8.063019685648474544e-02,1.689589565389741366e-01,8.239894421519862455e-02,1.581578055354786738e-01,7.618189724118805406e-02,1.074522014090387445e-01,3.689859437353998906e-01,1.000000000000000000e+00,-4.649918091242902229e-02,-1.274030700429608087e-01,-5.569972513436841077e-02,2.048613141942326743e-01,1.587096669747706801e-01
5.854332209952159971e-01,3.297732695073556930e-01,2.995206674940309455e-01,-1.068128308480280758e-01,4.023790056853721597e-01,3.911020940017695957e-01,5.313988472706681065e-01,3.369209752617068065e-02,3.980703486763709220e-01,4.126179412549054737e-01,6.197577694595933773e-01,2.007474009368963863e-01,2.488075983820175197e-01,5.409999343190262655e-01,-1.333379002166777128e-01,5.264708728241299651e-01,6.479167023290096639e-01,4.546858748709621811e-01,3.570024981524740348e-01,2.448046840896109522e-01,3.379110608957528461e-01,3.856374176376758389e-01,5.630494224685195226e-01,5.903522653722993452e-01,5.195746700073403668e-01,6.241799984016861425e-01,7.273471731727815248e-01,6.077634179428232919e-01,7.092451364138238068e-01,2.387798673787909498e-01,6.192423588009207114e-01,7.353793397633102691e-01,5.647433372330669110e-01,-4.649918091242902229e-02,1.000000000000000000e+00,6.842355188029137780e-01,7.925460972129849679e-01,2.754969851824145555e-01,3.512414433054418250e-01
6.273426653331841685e-01,3.308201131273248996e-01,3.210516438430511821e-01,-1.664201366243499014e-01,4.053261042711597262e-01,5.166589497172399126e-01,6.483613039236781894e-01,2.931686696835465733e-02,3.553735850394896811e-01,4.818344310348412485e-01,6.473731363409355177e-01,2.838468722305791392e-01,1.919934609222074262e-01,4.851084229575843842e-01,-8.057743490416893750e-02,6.726465533176254619e-01,6.955280222573869686e-01,5.134150611598866654e-01,3.409815134545433613e-01,3.827051893115189229e-01,3.994471793416171645e-01,5.357832750071855887e-01,6.329823852040241672e-01,4.655091449507544610e-01,5.305268556171962580e-01,6.739274723930441802e-01,7.866755884700551427e-01,7.116693864600223129e-01,5.099256883572316212e-01,2.868456262553676361e-01,7.131413070333741944e-01,6.718572183173413537e-01,6.516320556760085703e-01,-1.274030700429608087e-01,6.842355188029137780e-01,1.000000000000000000e+00,5.894796790598382241e-01,2.701401716223750249e-01,3.510335376811777874e-01
4.482543106434665470e-01,3.238235505727196650e-01,3.015524444940165805e-01,3.011742062032514780e-02,3.826453559440842755e-01,4.178003145866883150e-01,5.703177769702995059e-01,3.109108161319352331e-02,3.324748970633324974e-01,3.605139086501512602e-01,6.233942201213668044e-01,3.285339490020453557e-01,2.777098557651876964e-01,5.332359138016327105e-01,3.603059387209536085e-02,4.740431496836978731e-01,6.485436771453325644e-01,4.575560581189007103e-01,3.412197150602198636e-01,3.222452135569385812e-01,2.884625112809233172e-01,3.184174872935676692e-01,5.170797098769693845e-01,5.067735745773086498e-01,4.387782950838782225e-01,5.998697703338866649e-01,5.835831371361653863e-01,5.716586572160528013e-01,7.199736596050887449e-01,2.432423256770586961e-01,5.389101699985259231e-01,6.920471373342108601e-01,5.230964340818816671e-01,-5.569972513436841077e-02,7.925460972129849679e-01,5.894796790598382241e-01,1.000000000000000000e+00,2.866661250926756943e-01,1.990414417569598970e-01
6.997194477437594928e-01,3.419444585625647792e-01,5.590693879881517558e-01,2.067435843112398752e-01,7.148351569908546477e-01,1.350099355127858392e-01,3.037575182978826116e-01,-3.672906342266124557e-01,7.072072527469208669e-01,6.536573526684593682e-01,4.178536004678573001e-01,3.379963287272496619e-01,3.696894917518310786e-01,5.736377454280170429e-01,-1.320654980175390569e-01,6.289575640725225680e-01,6.023432943871107614e-01,7.597332617952728961e-01,7.124683914613363367e-01,3.455569930884526131e-01,5.067125754962712447e-01,4.858379836463768142e-01,5.097674748649843046e-01,6.086211370558449740e-01,5.274155364607203689e-01,6.043688381292848799e-01,4.169255617857984819e-01,5.576501855792223017e-01,4.170564657765323258e-01,5.489906925769243440e-01,1.594155457531740983e-01,4.090904643134713470e-01,4.212170138677976405e-01,2.048613141942326743e-01,2.754969851824145555e-01,2.701401716223750249e-01,2.866661250926756943e-01,1.000000000000000000e+00,5.212202306557510711e-01
7.546620226238504037e-01,4.370786803478790006e-01,4.027172736553745191e-01,-1.685090828024786436e-02,5.638499660661369095e-01,-1.686385222483217927e-02,8.585915224243718946e-02,-4.434140467080749382e-01,5.985898682878051380e-01,6.248916685504033453e-01,2.788426425692727140e-01,1.350367661825168375e-01,1.265869565575601097e-01,3.596411125260718378e-01,-3.581047276597599804e-01,5.547513303380323668e-01,3.985743434598912893e-01,5.109609684509708316e-01,5.398861148682150279e-01,1.368900771188897303e-01,3.502052581310968193e-01,4.504409932528440907e-01,4.559875558602510814e-01,5.544791169561444910e-01,4.974436393416921676e-01,3.581904265831220568e-01,4.849588744204662016e-01,3.522137753703986074e-01,2.601265572349674704e-01,4.870618095196425634e-01,1.937372955094094629e-01,4.104641134488534182e-01,2.781688913149250042e-01,1.587096669747706801e-01,3.512414433054418250e-01,3.510335376811777874e-01,1.990414417569598970e-01,5.212202306557510711e-01,1.000000000000000000e+00
