1.000000000000000000e+00,8.671421638252400088e-01,3.905616038552379155e-01,6.213207942765174019e-02,3.571141831297311997e-01,1.568533222108508818e-01,7.970133911425092421e-02,-4.014464115968148228e-01,2.353668324516848265e-01,8.050608174548817830e-01,2.225971436876091059e-01,-2.534805024065582835e-01,3.114076853436055781e-01,6.784781988682444531e-01,-3.631543199676237621e-02,7.911757091370754669e-01,2.751965328118196052e-01,2.332884285396129020e-01,2.570882792803228512e-01,-3.487593153852128897e-02,1.927634395174606385e-01,4.959550159777522116e-01,6.323601406687628934e-01,3.964495575442528175e-01,6.382501761510427363e-01,4.484641850453653933e-01,-1.919106635173300004e-02,-1.165895837165856486e-01,6.852668107650529139e-01,8.081812860955528421e-01,2.600935637456389463e-02,5.779571173203240653e-01,2.059374340227435873e-01,5.008078382970055503e-02,5.120521276227907315e-01,4.237218235393430121e-01,5.375066188033393866e-01,2.259656445578963613e-01,-2.037997825772356608e-01
8.671421638252400088e-01,1.000000000000000000e+00,3.496091026609746688e-01,4.071580686387252235e-02,2.993344063045458858e-01,2.834356261103428976e-01,1.264837934399226094e-01,-3.405597586137961708e-01,1.492167534361811820e-01,7.901716710884089112e-01,3.267217216013426073e-01,-3.560154332398494104e-01,3.013491401227415545e-01,6.816096400312862125e-01,-1.569725976739937412e-01,7.465026198972167792e-01,3.855740352517053604e-01,1.080601670174011208e-01,1.997853264134287765e-01,-2.006665703429577619e-02,1.622467226684407293e-01,4.323677007970036512e-01,6.289977004114417625e-01,3.271809879330607740e-01,6.878374083306667552e-01,5.219109941882099646e-01,4.957046183878915935e-02,-4.660158036138752763e-02,7.493353724129482307e-01,7.893261353475042874e-01,7.425681613030933603e-02,6.550512072587669765e-01,3.286282242589610436e-01,-7.439586162729600050e-02,6.060527922472600526e-01,4.424649643834184243e-01,6.178190531375286065e-01,1.917333425133957714e-01,-2.773905495075819627e-01
3.905616038552379155e-01,3.496091026609746688e-01,1.000000000000000000e+00,-1.344973220587553087e-01,7.494037304195656501e-01,2.224178851485596187e-01,-8.652650937664430053e-02,-8.900321464906997271e-01,5.933244044931916816e-01,5.059586504025775922e-01,2.625388625869608528e-01,-2.402024073229908074e-02,-1.891484226170020433e-01,5.831376674997788001e-01,1.489784680850824578e-02,4.996238629882908677e-01,2.321610329764183800e-01,2.308074519543606151e-01,2.652857458887445952e-01,-2.563035348086676324e-01,1.817760755991625343e-01,1.636558482431852979e-01,4.118344680376545552e-01,2.126173226780553593e-01,4.273120078082853213e-01,4.151929783488493286e-01,3.278286816800944914e-01,3.715078824924878398e-01,3.024542209705274320e-01,5.064189173799198418e-01,4.933871813148970054e-01,4.858515755340677145e-01,4.270724285872072312e-01,2.939623762539249063e-01,3.135305613485804832e-01,1.244846786704827540e-01,3.757685607734436162e-01,3.084490307214127203e-01,2.364980137395605031e-01
6.213207942765174019e-02,4.071580686387252235e-02,-1.344973220587553087e-01,1.000000000000000000e+00,1.082498206567532734e-01,-4.430246462540367580e-01,-2.087495977872337594e-01,4.655322555677594842e-02,1.110671122604906386e-01,-4.091728975064035101e-02,-4.417928907157247509e-01,3.884801598575921555e-01,5.575652989638938545e-02,-2.346072215537698957e-01,2.403935838375478862e-01,-6.463295212192175787e-02,-3.888304310583809986e-01,3.758697443658166604e-01,5.307895483695413974e-01,1.914227851119643942e-01,8.204004752624987490e-03,2.685733888328277474e-02,-1.374373595392439640e-01,-9.893585366314522345e-02,-1.307128425798369242e-01,-3.323759651296851469e-01,-3.298131516594525747e-01,-3.845935587665191280e-01,-7.131778550429802854e-02,1.240468338440182117e-01,-3.269588920318663439e-01,-2.458912578680772509e-01,-3.123237332187392412e-01,2.578460990647979956e-01,-2.254856966303635246e-01,-1.054021389551667576e-01,-3.037020559166240252e-01,-4.751863585253427447e-01,8.363155019108146904e-02
3.571141831297311997e-01,2.993344063045458858e-01,7.494037304195656501e-01,1.082498206567532734e-01,1.000000000000000000e+00,-1.012910768606380268e-01,-2.445877794848975717e-01,-7.900378007278027193e-01,7.426203232965397083e-01,4.162165399486130735e-01,-6.568150541183209734e-02,2.191990665819579243e-01,-8.436277410041892466e-02,4.612029493355746523e-01,2.179204682463084519e-01,3.666012666557998401e-01,-8.353055288363638031e-02,5.111726710176143218e-01,5.033685209505216474e-01,-3.249935314391234620e-01,2.090806820666544219e-01,1.689356806651429732e-01,3.191975214685917051e-01,1.222781891459224640e-01,2.931554921191817931e-01,9.824701542141929533e-02,2.421353354307421643e-02,5.038907940497708987e-02,3.316972834097206557e-01,5.394269540367251370e-01,1.642347629098178108e-01,2.838261856141592321e-01,7.758551291192271326e-02,5.874022862417926927e-01,7.349750477199845644e-02,2.171537041826604453e-02,1.011515292040220254e-01,3.339483305905167898e-02,3.632069016856758759e-01
1.568533222108508818e-01,2.834356261103428976e-01,2.224178851485596187e-01,-4.430246462540367580e-01,-1.012910768606380268e-01,1.000000000000000000e+00,4.845371345899695537e-01,-6.960982030360456096e-02,-3.085961784639348893e-01,3.180441391870772461e-01,8.503555789037006152e-01,-7.175153801407344600e-01,-1.483700368550070481e-01,4.616812755900540632e-01,-6.979601290555178528e-01,3.016052150863667292e-01,8.303281370286550445e-01,-5.267852441993259305e-01,-3.350776318019059730e-01,6.394051659496782780e-02,-2.595600105696244716e-03,4.680652731182392834e-02,3.770745515991487662e-01,9.743643062160400881e-02,5.058567833906821853e-01,6.520137570050384968e-01,5.737314156436347234e-01,5.807934502672023047e-01,2.810254976227228862e-01,1.210666495564620138e-01,6.570474701890407498e-01,6.703496731583452606e-01,7.354872004668090435e-01,-6.582788869992413083e-01,7.073900655873708310e-01,2.560692938032278487e-01,7.364218050789906878e-01,3.314934171891525949e-01,-4.494920851272647955e-01
7.970133911425092421e-02,1.264837934399226094e-01,-8.652650937664430053e-02,-2.087495977872337594e-01,-2.445877794848975717e-01,4.845371345899695537e-01,1.000000000000000000e+00,1.190582500699672031e-01,-4.977747541831155087e-01,1.740903736843726624e-01,5.819864040377322745e-01,-7.166246293872438056e-01,1.034892982137100709e-01,2.310521950594460194e-01,-6.584457243898562684e-01,1.725138114209139040e-01,5.581512908285219954e-01,-2.637632269024229315e-01,-1.538320894864280697e-01,2.051396500765128583e-01,1.816182579201662539e-01,2.528623992048029678e-01,4.039069884294151785e-02,-6.449588600154818052e-02,1.536305475746091442e-01,2.022841843574801624e-01,1.073123693474662549e-01,1.211696214521252729e-01,6.932538872199121849e-02,-1.904347759506216584e-02,2.414879938674903692e-01,3.116133755360365187e-01,2.236012610775984510e-01,-5.828741406977981931e-01,4.083049087931404642e-01,3.450545770353879438e-01,4.824573063222116209e-01,1.239725663993263977e-01,-5.277795311765283159e-01
-4.014464115968148228e-01,-3.405597586137961708e-01,-8.900321464906997271e-01,4.655322555677594842e-02,-7.900378007278027193e-01,-6.960982030360456096e-02,1.190582500699672031e-01,1.000000000000000000e+00,-6.666358052981832261e-01,-4.812131579273478121e-01,-1.154365042571484784e-01,-7.299970684500532714e-02,6.775453585514765176e-02,-5.565517480428036068e-01,-1.237281126074863957e-01,-4.722306170469988684e-01,-9.384152649262073043e-02,-4.311685833744885454e-01,-3.415547166905139598e-01,2.126939292067309695e-01,-3.573483026539309160e-01,-3.089879836799385160e-01,-3.584016881650851638e-01,-2.180339705497333080e-01,-3.877372248407237043e-01,-2.416498716670803515e-01,-1.350871480495844934e-01,-1.682767590195538843e-01,-3.000415358788114384e-01,-5.241087332858587189e-01,-3.072766111509837028e-01,-3.942620896073484316e-01,-2.650803063043183916e-01,-4.389622709991510829e-01,-2.076317813268463153e-01,-1.311017717214539302e-01,-3.025766493124379952e-01,-2.603471618697755785e-01,-3.342651880766320249e-01
2.353668324516848265e-01,1.492167534361811820e-01,5.933244044931916816e-01,1.110671122604906386e-01,7.426203232965397083e-01,-3.085961784639348893e-01,-4.977747541831155087e-01,-6.666358052981832261e-01,1.000000000000000000e+00,2.829876189284648014e-01,-3.499985578774261197e-01,4.577299128863213662e-01,-6.679463095727708466e-02,3.558103257260279428e-01,5.344528396609579124e-01,2.844655975679904469e-01,-3.692030937694461001e-01,5.963914345933105654e-01,4.294982916021546915e-01,-2.784121653061541468e-01,1.969766761195586580e-01,1.363666220229263204e-01,2.999673769204305174e-01,2.551828216751069189e-01,2.113518400839602129e-01,-6.846790556753865054e-02,-1.338738395295176464e-01,-8.520019979085460826e-02,2.177210046813971567e-01,4.380700187654117395e-01,-1.990440039111593395e-02,7.566607984869784531e-02,-1.140784129378247524e-01,7.507288292542946273e-01,-1.357741070829183994e-01,-6.414704013658328874e-02,-6.138741895205060417e-02,1.993805891262847019e-01,6.015709151940832333e-01
8.050608174548817830e-01,7.901716710884089112e-01,5.059586504025775922e-01,-4.091728975064035101e-02,4.162165399486130735e-01,3.180441391870772461e-01,1.740903736843726624e-01,-4.812131579273478121e-01,2.829876189284648014e-01,1.000000000000000000e+00,3.621824885490467216e-01,-3.647327728658783519e-01,2.302851884543046512e-01,7.987015458155991565e-01,-1.440914591825423197e-01,8.603143805269274358e-01,3.993774234523993494e-01,1.248343999359804168e-01,2.524031036484074009e-01,-6.486657841838448790e-02,1.351951182541393237e-01,4.283234742622221147e-01,6.490384896663207170e-01,3.564750174508845570e-01,7.074592800343219023e-01,5.665269997779851519e-01,1.389241550386059176e-01,7.860611241155185391e-02,6.595073938852986650e-01,8.214744057790210885e-01,2.227617085489371485e-01,6.860344309247380368e-01,3.333350301921019221e-01,-2.679057361195396128e-02,6.385942864497409222e-01,4.448771178827131689e-01,6.335525366811589620e-01,3.099856029870993179e-01,-2.137896752089271935e-01
2.225971436876091059e-01,3.267217216013426073e-01,2.625388625869608528e-01,-4.417928907157247509e-01,-6.568150541183209734e-02,8.503555789037006152e-01,5.819864040377322745e-01,-1.154365042571484784e-01,-3.499985578774261197e-01,3.621824885490467216e-01,1.000000000000000000e+00,-7.955304031822507671e-01,-1.280849064382613145e-01,4.437162187443605688e-01,-7.763292554430960557e-01,3.344458317004848635e-01,9.042130170675640732e-01,-5.066490715865403782e-01,-2.871972174919883991e-01,-1.612563021516258757e-02,2.051319890423539821e-02,1.338124512964133928e-01,2.960863212625232666e-01,3.888254175101511084e-02,4.548335734157353816e-01,6.673352027629037009e-01,5.547459853600245072e-01,5.411386559666871987e-01,2.770652382775349865e-01,1.519660431594203887e-01,6.642427812399749332e-01,6.736657688914216013e-01,7.489867809749074512e-01,-6.817616851173069481e-01,7.188924368320104286e-01,2.310201995584470480e-01,7.311863299831459218e-01,2.828705543206653239e-01,-5.267951825184417070e-01
-2.534805024065582835e-01,-3.560154332398494104e-01,-2.402024073229908074e-02,3.884801598575921555e-01,2.191990665819579243e-01,-7.175153801407344600e-01,-7.166246293872438056e-01,-7.299970684500532714e-02,4.577299128863213662e-01,-3.647327728658783519e-01,-7.955304031822507671e-01,1.000000000000000000e+00,-1.350320656566471045e-01,-3.948733439488764652e-01,7.904761535935526107e-01,-3.597614733483806004e-01,-8.085221263589246199e-01,5.068638221330834526e-01,2.948569832548380565e-01,-4.502593875161279430e-03,-2.448190193821047494e-02,-2.500799870126156899e-01,-2.788082886057678400e-01,-1.000074837707911196e-01,-4.689782377059845131e-01,-5.625863022036862171e-01,-2.765186526132211720e-01,-2.952234760216340126e-01,-3.207653739571617590e-01,-1.516955247104510851e-01,-4.127379881951784291e-01,-5.739269398399986510e-01,-5.630278147377009157e-01,7.229882375143363848e-01,-6.845526024506195517e-01,-2.303207254948327898e-01,-6.925789132439797990e-01,-2.610969493673317432e-01,7.003864382600250016e-01
3.114076853436055781e-01,3.013491401227415545e-01,-1.891484226170020433e-01,5.575652989638938545e-02,-8.436277410041892466e-02,-1.483700368550070481e-01,1.034892982137100709e-01,6.775453585514765176e-02,-6.679463095727708466e-02,2.302851884543046512e-01,-1.280849064382613145e-01,-1.350320656566471045e-01,1.000000000000000000e+00,1.575978607114359720e-01,1.466683092689533563e-01,2.134359445976156955e-01,-3.006556494847030872e-02,2.118161164854944767e-01,1.892363516328643067e-02,2.310446524352594844e-01,2.926864794062217778e-01,5.607067703410800741e-01,1.219597901344648544e-01,1.612615659721442496e-01,2.742599873802067378e-01,-5.872550110222195946e-02,-5.091941541899713819e-01,-4.911760707460268160e-01,3.295616621260271106e-01,2.861137188044794444e-01,-5.773981107993196860e-01,2.874429355016611121e-02,-1.644004144869606054e-01,6.410927486023834665e-02,1.597595377657319848e-01,2.129100769785787495e-01,1.359572028832294888e-01,8.133781259135849581e-03,-1.925310690745027087e-01
6.784781988682444531e-01,6.816096400312862125e-01,5.831376674997788001e-01,-2.346072215537698957e-01,4.612029493355746523e-01,4.616812755900540632e-01,2.310521950594460194e-01,-5.565517480428036068e-01,3.558103257260279428e-01,7.987015458155991565e-01,4.437162187443605688e-01,-3.948733439488764652e-01,1.575978607114359720e-01,1.000000000000000000e+00,-1.661581258922327220e-01,7.590380802622953560e-01,4.659978039903274749e-01,1.297248033724928140e-01,1.563993289982058832e-01,-6.029172059091773839e-02,2.871521934554860933e-01,4.348287758577325524e-01,6.879888204892857795e-01,4.281823935028119532e-01,7.312150367587192390e-01,5.644768164818080303e-01,1.911126903737137284e-01,2.011054017041660757e-01,6.533205455847579390e-01,7.261473199807969570e-01,3.242694144238235654e-01,7.451745648243945919e-01,4.084460755241654528e-01,1.663343072912674449e-03,6.618241094377992351e-01,4.208810177036770850e-01,7.268063063140960400e-01,4.346934288478689346e-01,-1.175629140366359626e-01
-3.631543199676237621e-02,-1.569725976739937412e-01,1.489784680850824578e-02,2.403935838375478862e-01,2.179204682463084519e-01,-6.979601290555178528e-01,-6.584457243898562684e-01,-1.237281126074863957e-01,5.344528396609579124e-01,-1.440914591825423197e-01,-7.763292554430960557e-01,7.904761535935526107e-01,1.466683092689533563e-01,-1.661581258922327220e-01,1.000000000000000000e+00,-1.101160383782064239e-01,-7.471346349975966916e-01,5.336369781829024550e-01,2.251369614325980650e-01,-3.263460499867040093e-02,-7.236918337680988810e-04,-2.166388501755262333e-02,-6.806525688667124097e-02,5.612524392811890639e-02,-2.436748668056001321e-01,-4.097414273523642958e-01,-4.451244544389520996e-01,-3.834095859834129039e-01,-1.352486774258312152e-01,6.420102108631270399e-02,-5.454106837517054274e-01,-4.596648338385374566e-01,-5.692545421838354214e-01,7.465715635210189438e-01,-5.021686147629067509e-01,-1.139743579636996879e-01,-5.301411538604799967e-01,7.674326564930466534e-03,6.414265677128034859e-01
7.911757091370754669e-01,7.465026198972167792e-01,4.996238629882908677e-01,-6.463295212192175787e-02,3.666012666557998401e-01,3.016052150863667292e-01,1.725138114209139040e-01,-4.722306170469988684e-01,2.844655975679904469e-01,8.603143805269274358e-01,3.344458317004848635e-01,-3.597614733483806004e-01,2.134359445976156955e-01,7.590380802622953560e-01,-1.101160383782064239e-01,1.000000000000000000e+00,3.783541425233039601e-01,1.175096692544990440e-01,2.053259128701623304e-01,-5.477156378233640627e-02,1.352500838204851730e-01,4.453670214451551090e-01,6.843707423382163757e-01,3.884062674226205214e-01,7.303571934127187637e-01,5.542998059423239754e-01,9.090031705617769575e-02,6.186515253557568761e-02,5.451199011931661120e-01,7.811132682296456631e-01,2.313666342956958999e-01,6.153818668007073889e-01,3.272913535882110425e-01,-3.388563874504445239e-02,6.054726614127307061e-01,3.740474097740711379e-01,6.142444269371187815e-01,4.020485356694713519e-01,-2.068191633840766874e-01
2.751965328118196052e-01,3.855740352517053604e-01,2.321610329764183800e-01,-3.888304310583809986e-01,-8.353055288363638031e-02,8.303281370286550445e-01,5.581512908285219954e-01,-9.384152649262073043e-02,-3.692030937694461001e-01,3.993774234523993494e-01,9.042130170675640732e-01,-8.085221263589246199e-01,-3.006556494847030872e-02,4.659978039903274749e-01,-7.471346349975966916e-01,3.783541425233039601e-01,1.000000000000000000e+00,-4.959379594974516747e-01,-2.436734457415279664e-01,-1.294809658266062209e-02,2.637036856621741143e-02,2.153083266664946593e-01,3.119552886870761155e-01,6.820711961773462395e-02,5.131497003955818315e-01,6.907074818053412502e-01,4.858772520846532106e-01,4.698107368962011754e-01,3.284706765431633646e-01,2.197608540544861155e-01,5.998539619702678571e-01,6.882091762686015635e-01,7.522191548367682667e-01,-6.916238075326038848e-01,7.683891707383596614e-01,1.959494391701554483e-01,7.458882458029176821e-01,2.738817296591768424e-01,-5.838713693485244605e-01
2.332884285396129020e-01,1.080601670174011208e-01,2.308074519543606151e-01,3.758697443658166604e-01,5.111726710176143218e-01,-5.267852441993259305e-01,-2.637632269024229315e-01,-4.311685833744885454e-01,5.963914345933105654e-01,1.248343999359804168e-01,-5.066490715865403782e-01,5.068638221330834526e-01,2.118161164854944767e-01,1.297248033724928140e-01,5.336369781829024550e-01,1.175096692544990440e-01,-4.959379594974516747e-01,1.000000000000000000e+00,5.028058490359345045e-01,1.312310360759886760e-02,5.547126618158002564e-01,4.375576762698382693e-01,9.562797932205902018e-02,1.091812750184426861e-01,-5.044926023373073366e-03,-5.147095084213039184e-01,-5.688040246085755980e-01,-6.074257879693972795e-01,1.333841454282673200e-01,3.148712834498860746e-01,-4.485255009923231340e-01,-1.582928135977401674e-01,-4.813074747715995194e-01,7.346602659155841986e-01,-2.920163499075211777e-01,9.378704405130249000e-02,-2.060343623876543795e-01,-4.513537167557628293e-02,4.937196046527651538e-01
2.570882792803228512e-01,1.997853264134287765e-01,2.652857458887445952e-01,5.307895483695413974e-01,5.033685209505216474e-01,-3.350776318019059730e-01,-1.538320894864280697e-01,-3.415547166905139598e-01,4.294982916021546915e-01,2.524031036484074009e-01,-2.871972174919883991e-01,2.948569832548380565e-01,1.892363516328643067e-02,1.563993289982058832e-01,2.251369614325980650e-01,2.053259128701623304e-01,-2.436734457415279664e-01,5.028058490359345045e-01,1.000000000000000000e+00,-8.761237365307340819e-02,8.831287395224844683e-02,1.083352619362665109e-01,1.969544137273462545e-02,7.062067903371441191e-02,4.017711472370410347e-02,-1.361693679552706537e-01,-1.489907108826453996e-01,-2.072852610362504178e-01,1.684421364720652958e-01,4.061594990335020139e-01,-1.266972439756959834e-01,4.850742719626194993e-02,-1.991785327562044239e-01,3.715120138513450243e-01,-8.019592746529567717e-02,-1.644468834434623383e-01,-1.031855352411125137e-01,-3.176955624798415978e-01,9.144597846896133919e-02
-3.487593153852128897e-02,-2.006665703429577619e-02,-2.563035348086676324e-01,1.914227851119643942e-01,-3.249935314391234620e-01,6.394051659496782780e-02,2.051396500765128583e-01,2.126939292067309695e-01,-2.784121653061541468e-01,-6.486657841838448790e-02,-1.612563021516258757e-02,-4.502593875161279430e-03,2.310446524352594844e-01,-6.029172059091773839e-02,-3.263460499867040093e-02,-5.477156378233640627e-02,-1.294809658266062209e-02,1.312310360759886760e-02,-8.761237365307340819e-02,1.000000000000000000e+00,3.370212980617637299e-01,1.790323162403155144e-01,-6.910978072515279458e-02,6.523342709607252848e-03,-7.213482221018004126e-02,-7.020982426523816877e-02,-3.804893232347543279e-03,-5.598132443507687628e-02,-1.653815173363294699e-01,-1.299186540469372264e-01,-1.688854831568548376e-01,-1.294516296853657211e-01,-5.290982821596926233e-02,-1.642380179476291280e-01,-2.452002804328801133e-02,2.684014461981795718e-01,4.402611096858420614e-02,-1.023179334929657097e-01,-4.608673059796317834e-02
1.927634395174606385e-01,1.622467226684407293e-01,1.817760755991625343e-01,8.204004752624987490e-03,2.090806820666544219e-01,-2.595600105696244716e-03,1.816182579201662539e-01,-3.573483026539309160e-01,1.969766761195586580e-01,1.351951182541393237e-01,2.051319890423539821e-02,-2.448190193821047494e-02,2.926864794062217778e-01,2.871521934554860933e-01,-7.236918337680988810e-04,1.352500838204851730e-01,2.637036856621741143e-02,5.547126618158002564e-01,8.831287395224844683e-02,3.370212980617637299e-01,1.000000000000000000e+00,6.769174877395668366e-01,1.026172424491661461e-01,1.829053178924189837e-01,1.779226927370979872e-01,-2.288783681687203975e-01,-2.946539768035348339e-01,-3.468417619890548087e-01,1.533128570736054241e-01,1.700792348633759499e-01,-1.920634275109195377e-01,1.107928033580378724e-01,-4.977837931523457909e-02,2.416383658366455522e-01,9.009660992076529498e-03,2.425475832920941099e-01,2.259536930330448556e-01,1.132068178820448412e-01,2.167257351527473175e-01
4.959550159777522116e-01,4.323677007970036512e-01,1.636558482431852979e-01,2.685733888328277474e-02,1.689356806651429732e-01,4.680652731182392834e-02,2.528623992048029678e-01,-3.089879836799385160e-01,1.363666220229263204e-01,4.283234742622221147e-01,1.338124512964133928e-01,-2.500799870126156899e-01,5.607067703410800741e-01,4.348287758577325524e-01,-2.166388501755262333e-02,4.453670214451551090e-01,2.153083266664946593e-01,4.375576762698382693e-01,1.083352619362665109e-01,1.790323162403155144e-01,6.769174877395668366e-01,1.000000000000000000e+00,2.649046812759373593e-01,2.529737037294845781e-01,4.558120400836416231e-01,2.540949349373183841e-02,-3.825167244893445950e-01,-4.415730427682820758e-01,3.766550437448496491e-01,4.646333563692161550e-01,-2.319971528737018451e-01,3.038638568627911041e-01,4.387317275058240373e-02,1.047860654807447750e-01,2.961072444738654941e-01,2.485962530695325357e-01,3.880537999868170496e-01,2.023596140915026043e-01,-5.588728721605127486e-02
6.323601406687628934e-01,6.289977004114417625e-01,4.118344680376545552e-01,-1.374373595392439640e-01,3.191975214685917051e-01,3.770745515991487662e-01,4.039069884294151785e-02,-3.584016881650851638e-01,2.999673769204305174e-01,6.490384896663207170e-01,2.960863212625232666e-01,-2.788082886057678400e-01,1.219597901344648544e-01,6.879888204892857795e-01,-6.806525688667124097e-02,6.843707423382163757e-01,3.119552886870761155e-01,9.562797932205902018e-02,1.969544137273462545e-02,-6.910978072515279458e-02,1.026172424491661461e-01,2.649046812759373593e-01,1.000000000000000000e+00,4.921864483833671700e-01,7.556140544623755062e-01,4.302583654758948550e-01,6.379088906094534939e-02,7.288259976889285841e-02,5.566758533690235877e-01,6.122612771152117217e-01,1.818087363837922465e-01,5.654074270312320349e-01,2.765299817384801462e-01,4.729543903519599357e-02,5.484021462272343772e-01,3.684839410287074624e-01,5.657831428722032152e-01,3.732580347661885734e-01,-1.488830307405183406e-01
3.964495575442528175e-01,3.271809879330607740e-01,2.126173226780553593e-01,-9.893585366314522345e-02,1.222781891459224640e-01,9.743643062160400881e-02,-6.449588600154818052e-02,-2.180339705497333080e-01,2.551828216751069189e-01,3.564750174508845570e-01,3.888254175101511084e-02,-1.000074837707911196e-01,1.612615659721442496e-01,4.281823935028119532e-01,5.612524392811890639e-02,3.884062674226205214e-01,6.820711961773462395e-02,1.091812750184426861e-01,7.062067903371441191e-02,6.523342709607252848e-03,1.829053178924189837e-01,2.529737037294845781e-01,4.921864483833671700e-01,1.000000000000000000e+00,4.362494572504919121e-01,2.509591607491280518e-01,5.480695128870233940e-02,3.296893785858585196e-02,2.759098204103417884e-01,3.142644285892577383e-01,2.468326877588098225e-02,2.454461734993206856e-01,1.318736963248567373e-01,8.444978965562376094e-02,1.435227173877947349e-01,1.517816425297891132e-02,2.755608381111619432e-01,2.793339999849190347e-01,-3.917276133152963052e-02
6.382501761510427363e-01,6.878374083306667552e-01,4.273120078082853213e-01,-1.307128425798369242e-01,2.931554921191817931e-01,5.058567833906821853e-01,1.536305475746091442e-01,-3.877372248407237043e-01,2.113518400839602129e-01,7.074592800343219023e-01,4.548335734157353816e-01,-4.689782377059845131e-01,2.742599873802067378e-01,7.312150367587192390e-01,-2.436748668056001321e-01,7.303571934127187637e-01,5.131497003955818315e-01,-5.044926023373073366e-03,4.017711472370410347e-02,-7.213482221018004126e-02,1.779226927370979872e-01,4.558120400836416231e-01,7.556140544623755062e-01,4.362494572504919121e-01,1.000000000000000000e+00,5.618047445806485518e-01,1.018370658802330575e-01,1.048586314936004460e-01,6.439161636803242272e-01,6.762262085488683905e-01,2.628389574454780830e-01,7.069875026388542372e-01,5.140742030141621788e-01,-1.225350062243520666e-01,7.094243921803062847e-01,2.865070921376167701e-01,7.283640645162074989e-01,3.544148068225793646e-01,-2.582611320054782333e-01
4.484641850453653933e-01,5.219109941882099646e-01,4.151929783488493286e-01,-3.323759651296851469e-01,9.824701542141929533e-02,6.520137570050384968e-01,2.022841843574801624e-01,-2.416498716670803515e-01,-6.846790556753865054e-02,5.665269997779851519e-01,6.673352027629037009e-01,-5.625863022036862171e-01,-5.872550110222195946e-02,5.644768164818080303e-01,-4.097414273523642958e-01,5.542998059423239754e-01,6.907074818053412502e-01,-5.147095084213039184e-01,-1.361693679552706537e-01,-7.020982426523816877e-02,-2.288783681687203975e-01,2.540949349373183841e-02,4.302583654758948550e-01,2.509591607491280518e-01,5.618047445806485518e-01,1.000000000000000000e+00,6.223345512688654990e-01,6.435730259361539529e-01,3.910942347006604036e-01,4.195973393418477304e-01,5.961792868340171081e-01,6.612942148724575420e-01,7.389920756993356710e-01,-4.557355836438711782e-01,6.642198625513628940e-01,1.874947113186915260e-01,6.419530408829148271e-01,3.649050993330495429e-01,-3.570754321297849310e-01
-1.919106635173300004e-02,4.957046183878915935e-02,3.278286816800944914e-01,-3.298131516594525747e-01,2.421353354307421643e-02,5.737314156436347234e-01,1.073123693474662549e-01,-1.350871480495844934e-01,-1.338738395295176464e-01,1.389241550386059176e-01,5.547459853600245072e-01,-2.765186526132211720e-01,-5.091941541899713819e-01,1.911126903737137284e-01,-4.451244544389520996e-01,9.090031705617769575e-02,4.858772520846532106e-01,-5.688040246085755980e-01,-1.489907108826453996e-01,-3.804893232347543279e-03,-2.946539768035348339e-01,-3.825167244893445950e-01,6.379088906094534939e-02,5.480695128870233940e-02,1.018370658802330575e-01,6.223345512688654990e-01,1.000000000000000000e+00,8.472857559465619692e-01,-4.947130073087866592e-02,-4.437334303151890813e-02,7.836600772991346719e-01,3.753548390168878757e-01,6.413770779164811309e-01,-4.249650624833791190e-01,2.843143958309519714e-01,1.658803906287486390e-02,3.077605207883852834e-01,8.244491262683510679e-02,-1.483720554770077693e-01
-1.165895837165856486e-01,-4.660158036138752763e-02,3.715078824924878398e-01,-3.845935587665191280e-01,5.038907940497708987e-02,5.807934502672023047e-01,1.211696214521252729e-01,-1.682767590195538843e-01,-8.520019979085460826e-02,7.860611241155185391e-02,5.411386559666871987e-01,-2.952234760216340126e-01,-4.911760707460268160e-01,2.011054017041660757e-01,-3.834095859834129039e-01,6.186515253557568761e-02,4.698107368962011754e-01,-6.074257879693972795e-01,-2.072852610362504178e-01,-5.598132443507687628e-02,-3.468417619890548087e-01,-4.415730427682820758e-01,7.288259976889285841e-02,3.296893785858585196e-02,1.048586314936004460e-01,6.435730259361539529e-01,8.472857559465619692e-01,1.000000000000000000e+00,-8.348733094830934620e-02,-8.952841337415351486e-02,7.750855180348337203e-01,3.484626016889995626e-01,6.379021846157874043e-01,-3.996729696229555651e-01,2.947583539092329952e-01,-3.773717031855058912e-02,3.112999829378347849e-01,1.944644586674715847e-01,-1.131976635674549619e-01
6.852668107650529139e-01,7.493353724129482307e-01,3.024542209705274320e-01,-7.131778550429802854e-02,3.316972834097206557e-01,2.810254976227228862e-01,6.932538872199121849e-02,-3.000415358788114384e-01,2.177210046813971567e-01,6.595073938852986650e-01,2.770652382775349865e-01,-3.207653739571617590e-01,3.295616621260271106e-01,6.533205455847579390e-01,-1.352486774258312152e-01,5.451199011931661120e-01,3.284706765431633646e-01,1.333841454282673200e-01,1.684421364720652958e-01,-1.653815173363294699e-01,1.533128570736054241e-01,3.766550437448496491e-01,5.566758533690235877e-01,2.759098204103417884e-01,6.439161636803242272e-01,3.910942347006604036e-01,-4.947130073087866592e-02,-8.348733094830934620e-02,1.000000000000000000e+00,7.108252707414368654e-01,2.671081511289400551e-02,6.616851927116000898e-01,2.948641216733969284e-01,-4.754721818780915411e-03,5.812922047784155888e-01,3.494213428563602286e-01,5.424405075132092691e-01,2.151946872474887196e-01,-2.359224626219587062e-01
8.081812860955528421e-01,7.893261353475042874e-01,5.064189173799198418e-01,1.240468338440182117e-01,5.394269540367251370e-01,1.210666495564620138e-01,-1.904347759506216584e-02,-5.241087332858587189e-01,4.380700187654117395e-01,8.214744057790210885e-01,1.519660431594203887e-01,-1.516955247104510851e-01,2.861137188044794444e-01,7.261473199807969570e-01,6.420102108631270399e-02,7.811132682296456631e-01,2.197608540544861155e-01,3.148712834498860746e-01,4.061594990335020139e-01,-1.299186540469372264e-01,1.700792348633759499e-01,4.646333563692161550e-01,6.122612771152117217e-01,3.142644285892577383e-01,6.762262085488683905e-01,4.195973393418477304e-01,-4.437334303151890813e-02,-8.952841337415351486e-02,7.108252707414368654e-01,1.000000000000000000e+00,5.409920064833940306e-02,5.683004610453273875e-01,2.052137452580000132e-01,1.861554792269603797e-01,5.178555541317280131e-01,3.587443746968995151e-01,4.684352343298143206e-01,2.313110654956072876e-01,-6.849728210396396899e-02
2.600935637456389463e-02,7.425681613030933603e-02,4.933871813148970054e-01,-3.269588920318663439e-01,1.642347629098178108e-01,6.570474701890407498e-01,2.414879938674903692e-01,-3.072766111509837028e-01,-1.990440039111593395e-02,2.227617085489371485e-01,6.642427812399749332e-01,-4.127379881951784291e-01,-5.773981107993196860e-01,3.242694144238235654e-01,-5.454106837517054274e-01,2.313666342956958999e-01,5.998539619702678571e-01,-4.485255009923231340e-01,-1.266972439756959834e-01,-1.688854831568548376e-01,-1.920634275109195377e-01,-2.319971528737018451e-01,1.818087363837922465e-01,2.468326877588098225e-02,2.628389574454780830e-01,5.961792868340171081e-01,7.836600772991346719e-01,7.750855180348337203e-01,2.671081511289400551e-02,5.409920064833940306e-02,1.000000000000000000e+00,5.032901447900917091e-01,7.206224468717375986e-01,-4.072743025023227714e-01,4.292744030484907936e-01,2.168550914376257688e-02,4.599056913636142552e-01,2.671793055571973219e-01,-1.636504570965596761e-01
5.779571173203240653e-01,6.550512072587669765e-01,4.858515755340677145e-01,-2.458912578680772509e-01,2.838261856141592321e-01,6.703496731583452606e-01,3.116133755360365187e-01,-3.942620896073484316e-01,7.566607984869784531e-02,6.860344309247380368e-01,6.736657688914216013e-01,-5.739269398399986510e-01,2.874429355016611121e-02,7.451745648243945919e-01,-4.596648338385374566e-01,6.153818668007073889e-01,6.882091762686015635e-01,-1.582928135977401674e-01,4.850742719626194993e-02,-1.294516296853657211e-01,1.107928033580378724e-01,3.038638568627911041e-01,5.654074270312320349e-01,2.454461734993206856e-01,7.069875026388542372e-01,6.612942148724575420e-01,3.753548390168878757e-01,3.484626016889995626e-01,6.616851927116000898e-01,5.683004610453273875e-01,5.032901447900917091e-01,1.000000000000000000e+00,6.603773238140907553e-01,-3.176835785679594237e-01,7.779304211803460545e-01,2.980244090430796411e-01,8.262054409618709849e-01,2.938956594458503879e-01,-3.322915812473993258e-01
2.059374340227435873e-01,3.286282242589610436e-01,4.270724285872072312e-01,-3.123237332187392412e-01,7.758551291192271326e-02,7.354872004668090435e-01,2.236012610775984510e-01,-2.650803063043183916e-01,-1.140784129378247524e-01,3.333350301921019221e-01,7.489867809749074512e-01,-5.630278147377009157e-01,-1.644004144869606054e-01,4.084460755241654528e-01,-5.692545421838354214e-01,3.272913535882110425e-01,7.522191548367682667e-01,-4.813074747715995194e-01,-1.991785327562044239e-01,-5.290982821596926233e-02,-4.977837931523457909e-02,4.387317275058240373e-02,2.765299817384801462e-01,1.318736963248567373e-01,5.140742030141621788e-01,7.389920756993356710e-01,6.413770779164811309e-01,6.379021846157874043e-01,2.948641216733969284e-01,2.052137452580000132e-01,7.206224468717375986e-01,6.603773238140907553e-01,1.000000000000000000e+00,-5.130227772572308886e-01,6.247006640529203514e-01,4.673463171264635035e-02,6.507525309876592834e-01,2.577511253396275182e-01,-3.316786929238244030e-01
5.008078382970055503e-02,-7.439586162729600050e-02,2.939623762539249063e-01,2.578460990647979956e-01,5.874022862417926927e-01,-6.582788869992413083e-01,-5.828741406977981931e-01,-4.389622709991510829e-01,7.507288292542946273e-01,-2.679057361195396128e-02,-6.817616851173069481e-01,7.229882375143363848e-01,6.410927486023834665e-02,1.663343072912674449e-03,7.465715635210189438e-01,-3.388563874504445239e-02,-6.916238075326038848e-01,7.346602659155841986e-01,3.715120138513450243e-01,-1.642380179476291280e-01,2.416383658366455522e-01,1.047860654807447750e-01,4.729543903519599357e-02,8.444978965562376094e-02,-1.225350062243520666e-01,-4.557355836438711782e-01,-4.249650624833791190e-01,-3.996729696229555651e-01,-4.754721818780915411e-03,1.861554792269603797e-01,-4.072743025023227714e-01,-3.176835785679594237e-01,-5.130227772572308886e-01,1.000000000000000000e+00,-4.719205258208617471e-01,-9.444123078085735201e-02,-4.317767054145744132e-01,-8.290951121113766809e-02,6.956206489805255577e-01
5.120521276227907315e-01,6.060527922472600526e-01,3.135305613485804832e-01,-2.254856966303635246e-01,7.349750477199845644e-02,7.073900655873708310e-01,4.083049087931404642e-01,-2.076317813268463153e-01,-1.357741070829183994e-01,6.385942864497409222e-01,7.188924368320104286e-01,-6.845526024506195517e-01,1.597595377657319848e-01,6.618241094377992351e-01,-5.021686147629067509e-01,6.054726614127307061e-01,7.683891707383596614e-01,-2.920163499075211777e-01,-8.019592746529567717e-02,-2.452002804328801133e-02,9.009660992076529498e-03,2.961072444738654941e-01,5.484021462272343772e-01,1.435227173877947349e-01,7.094243921803062847e-01,6.642198625513628940e-01,2.843143958309519714e-01,2.947583539092329952e-01,5.812922047784155888e-01,5.178555541317280131e-01,4.292744030484907936e-01,7.779304211803460545e-01,6.247006640529203514e-01,-4.719205258208617471e-01,1.000000000000000000e+00,3.286330571001348511e-01,7.975970140518083840e-01,2.871066407426369760e-01,-5.229651195464267710e-01
4.237218235393430121e-01,4.424649643834184243e-01,1.244846786704827540e-01,-1.054021389551667576e-01,2.171537041826604453e-02,2.560692938032278487e-01,3.450545770353879438e-01,-1.311017717214539302e-01,-6.414704013658328874e-02,4.448771178827131689e-01,2.310201995584470480e-01,-2.303207254948327898e-01,2.129100769785787495e-01,4.208810177036770850e-01,-1.139743579636996879e-01,3.740474097740711379e-01,1.959494391701554483e-01,9.378704405130249000e-02,-1.644468834434623383e-01,2.684014461981795718e-01,2.425475832920941099e-01,2.485962530695325357e-01,3.684839410287074624e-01,1.517816425297891132e-02,2.865070921376167701e-01,1.874947113186915260e-01,1.658803906287486390e-02,-3.773717031855058912e-02,3.494213428563602286e-01,3.587443746968995151e-01,2.168550914376257688e-02,2.980244090430796411e-01,4.673463171264635035e-02,-9.444123078085735201e-02,3.286330571001348511e-01,1.000000000000000000e+00,4.107903713112007194e-01,3.138851975314724263e-01,-2.626165039297874426e-02
5.375066188033393866e-01,6.178190531375286065e-01,3.757685607734436162e-01,-3.037020559166240252e-01,1.011515292040220254e-01,7.364218050789906878e-01,4.824573063222116209e-01,-3.025766493124379952e-01,-6.138741895205060417e-02,6.335525366811589620e-01,7.311863299831459218e-01,-6.925789132439797990e-01,1.359572028832294888e-01,7.268063063140960400e-01,-5.301411538604799967e-01,6.142444269371187815e-01,7.458882458029176821e-01,-2.060343623876543795e-01,-1.031855352411125137e-01,4.402611096858420614e-02,2.259536930330448556e-01,3.880537999868170496e-01,5.657831428722032152e-01,2.755608381111619432e-01,7.283640645162074989e-01,6.419530408829148271e-01,3.077605207883852834e-01,3.112999829378347849e-01,5.424405075132092691e-01,4.684352343298143206e-01,4.599056913636142552e-01,8.262054409618709849e-01,6.507525309876592834e-01,-4.317767054145744132e-01,7.975970140518083840e-01,4.107903713112007194e-01,1.000000000000000000e+00,4.191046662520273025e-01,-3.753681120449663955e-01
2.259656445578963613e-01,1.917333425133957714e-01,3.084490307214127203e-01,-4.751863585253427447e-01,3.339483305905167898e-02,3.314934171891525949e-01,1.239725663993263977e-01,-2.603471618697755785e-01,1.993805891262847019e-01,3.099856029870993179e-01,2.828705543206653239e-01,-2.610969493673317432e-01,8.133781259135849581e-03,4.346934288478689346e-01,7.674326564930466534e-03,4.020485356694713519e-01,2.738817296591768424e-01,-4.513537167557628293e-02,-3.176955624798415978e-01,-1.023179334929657097e-01,1.132068178820448412e-01,2.023596140915026043e-01,3.732580347661885734e-01,2.793339999849190347e-01,3.544148068225793646e-01,3.649050993330495429e-01,8.244491262683510679e-02,1.944644586674715847e-01,2.151946872474887196e-01,2.313110654956072876e-01,2.671793055571973219e-01,2.938956594458503879e-01,2.577511253396275182e-01,-8.290951121113766809e-02,2.871066407426369760e-01,3.138851975314724263e-01,4.191046662520273025e-01,1.000000000000000000e+00,1.251916845190208794e-01
-2.037997825772356608e-01,-2.773905495075819627e-01,2.364980137395605031e-01,8.363155019108146904e-02,3.632069016856758759e-01,-4.494920851272647955e-01,-5.277795311765283159e-01,-3.342651880766320249e-01,6.015709151940832333e-01,-2.137896752089271935e-01,-5.267951825184417070e-01,7.003864382600250016e-01,-1.925310690745027087e-01,-1.175629140366359626e-01,6.414265677128034859e-01,-2.068191633840766874e-01,-5.838713693485244605e-01,4.937196046527651538e-01,9.144597846896133919e-02,-4.608673059796317834e-02,2.167257351527473175e-01,-5.588728721605127486e-02,-1.488830307405183406e-01,-3.917276133152963052e-02,-2.582611320054782333e-01,-3.570754321297849310e-01,-1.483720554770077693e-01,-1.131976635674549619e-01,-2.359224626219587062e-01,-6.849728210396396899e-02,-1.636504570965596761e-01,-3.322915812473993258e-01,-3.316786929238244030e-01,6.956206489805255577e-01,-5.229651195464267710e-01,-2.626165039297874426e-02,-3.753681120449663955e-01,1.251916845190208794e-01,1.000000000000000000e+00
