1.000000000000000000e+00,8.465352234534949671e-01,4.892685948142092567e-01,2.723335767728018997e-01,1.936893048783066285e-01,4.685913195742559822e-01,2.800009526232685730e-01,-4.540941399185402516e-01,7.414081870321638235e-01,4.218086389572165418e-01,4.678606499053776790e-01,3.537555896985277171e-01,-4.527817713251336973e-01,5.468906458522840852e-01,1.820136585104960292e-01,5.921918273406028277e-01,4.577830870499851046e-01,3.478876645052075278e-01,1.308463699023847404e-01,3.784824437535369568e-01,-3.565870476254952570e-01,1.905221509757292486e-01,6.572249755290807682e-01,3.655363457674559169e-01,5.781261922685982935e-01,5.261533942570068012e-01,6.350387116995407366e-01,5.845237945245480571e-01,7.814676351570293278e-01,5.942301452027820563e-01,6.398568339837172880e-01,7.793994482388769685e-01,4.306758646107867183e-01,4.766619140770209095e-01,6.212493220754081724e-01,7.460553886818439562e-01,7.482580003517329548e-01,3.389152312189709915e-01,1.949426873403157789e-01
8.465352234534949671e-01,1.000000000000000000e+00,5.549539103043331645e-01,3.927773726422473799e-01,1.626981952396358844e-01,5.009179728558101896e-01,4.778151499994700568e-01,-5.098638990179624741e-01,8.486056316289359858e-01,4.518311141872463077e-01,5.507853327626625051e-01,4.041013320150345645e-01,-4.486207953357463918e-01,6.461124375696282174e-01,2.871539999939803911e-01,6.681899025404134385e-01,5.091924031695025388e-01,4.372040263967439944e-01,1.776204061254784694e-01,4.270611965587719494e-01,-4.529214398692497645e-01,1.813259454176742169e-01,7.020609359346632328e-01,5.073363141162958723e-01,6.446292983899518658e-01,6.334677905301048240e-01,6.449782555741687684e-01,5.115981264820735896e-01,8.448695073106201603e-01,5.702652755380965832e-01,6.682066303694065290e-01,8.056691085703754363e-01,4.713944895519690537e-01,5.380168013450647990e-01,6.034777445455791201e-01,6.623031186176756568e-01,8.346573357258758596e-01,3.301650778425900268e-01,2.217080071827052246e-01
4.892685948142092567e-01,5.549539103043331645e-01,1.000000000000000000e+00,4.775598750244362534e-01,5.550699274273441786e-01,2.629925732405435923e-01,5.105395560908725372e-01,-9.040070286803396638e-01,6.480329826075261757e-01,7.168475103441634966e-01,3.381610526365431135e-01,3.835414927561779375e-01,-3.980876899650153677e-01,6.883437151370914719e-01,2.059468533399940460e-01,7.750303896086468969e-01,4.032943145486677650e-01,6.464166469815023630e-01,4.777081677313807506e-01,3.501675603418902272e-01,-1.192237566326801862e-01,3.812855532095333344e-01,6.629866350665476471e-01,4.703569480051029705e-01,6.589637459539613440e-01,5.715291199670563538e-01,3.770931084657201393e-01,5.626396241889606298e-01,4.977168759046526336e-01,6.684833869582881283e-01,5.509544828555787976e-01,5.583162228822026174e-01,7.622822585316442190e-01,7.470934998669539473e-01,3.041344398764419532e-01,2.374792357278748545e-01,4.931715333845400617e-01,5.118251873073227376e-01,4.255321086302784606e-01
2.723335767728018997e-01,3.927773726422473799e-01,4.775598750244362534e-01,1.000000000000000000e+00,2.921712590935424680e-01,5.009502187472658630e-01,6.006885252805309605e-01,-3.555982385975324789e-01,5.975619481544487410e-01,3.838469395066289036e-01,4.532224578843351837e-01,6.189345331760643942e-01,-5.406038342100024652e-01,6.926949123779256867e-01,5.543561690275143894e-01,5.992272508417855192e-01,3.301069578784489589e-01,6.164506545926742298e-01,2.970669848950484027e-01,5.121139983763148829e-01,-4.991122532947345203e-01,6.001560596141727877e-02,5.569093328937307907e-01,6.092560103881368150e-01,5.541533730916136102e-01,5.255633107433391737e-01,2.640472410622611843e-01,7.915587129755294327e-02,4.233684507615794179e-01,4.203236151361953166e-01,1.979711442083285644e-01,3.749347425974902115e-01,4.955180398717290435e-01,5.384605266139949054e-01,2.339416227861774999e-01,1.365071553384727965e-02,4.913664736877022543e-01,3.883170578212699064e-01,2.838783928853496619e-01
1.936893048783066285e-01,1.626981952396358844e-01,5.550699274273441786e-01,2.921712590935424680e-01,1.000000000000000000e+00,7.823302904170700844e-02,1.654167669823473352e-01,-4.793400753187559427e-01,3.114807375603295125e-01,6.707769111876644708e-01,-1.234975284808331741e-01,2.501430629598089816e-01,-1.935980006974657719e-01,4.263432935880310803e-01,7.985748259131274229e-02,5.597552189297225755e-01,6.529458527122701528e-02,6.485159108611862067e-01,7.243859365042052412e-01,-7.180088160666595054e-02,3.827880673037536291e-02,4.044184840973621270e-02,4.637798574592145728e-01,1.674227583349661430e-01,5.322084019783743791e-01,2.001179015614766854e-01,-5.524980470460044008e-02,3.571495842428576428e-01,8.957880241886491401e-02,5.707298614719487073e-01,9.785215665638578864e-02,1.852228062812361908e-01,6.026448056643654017e-01,5.643020627729065097e-01,3.429001117057124681e-02,6.530564702358764018e-02,1.355436264379095146e-01,6.526353022701379958e-01,7.049660124926062643e-01
4.685913195742559822e-01,5.009179728558101896e-01,2.629925732405435923e-01,5.009502187472658630e-01,7.823302904170700844e-02,1.000000000000000000e+00,2.256026483054228149e-01,-1.675742903129015526e-01,5.538987188155182206e-01,1.805945081121775320e-01,6.535469146452869138e-01,4.362645540103431419e-01,-4.603685939387834325e-01,6.201627266127220928e-01,4.840802815792819569e-01,3.735756509836908323e-01,5.723840345474886515e-01,3.598861223276264565e-01,5.590753606235761980e-02,2.977293529625610335e-01,-5.826190198388268016e-01,-2.559709780594751627e-01,5.665435821453568277e-01,5.790862386692533503e-01,5.275569618471228628e-01,5.668629655503522047e-01,4.321465059390045549e-01,2.176999500133633414e-01,6.227497826976244877e-01,3.692970085093318366e-01,2.981225468539909218e-01,4.709305714552239341e-01,3.894892222924865033e-01,2.795432172349047728e-01,5.400632579472253170e-01,2.950101859226684220e-01,6.440901022957002953e-01,2.028314041276699231e-01,1.405116323072514439e-01
2.800009526232685730e-01,4.778151499994700568e-01,5.105395560908725372e-01,6.006885252805309605e-01,1.654167669823473352e-01,2.256026483054228149e-01,1.000000000000000000e+00,-4.453330225021338018e-01,5.456741631799362224e-01,3.316709346683479609e-01,3.069404978785899019e-01,3.070115327325239063e-01,-3.572551584873608910e-01,5.413305701351310839e-01,3.044299602110220881e-01,5.311517227031445909e-01,1.919610189934063960e-01,4.285205087967334792e-01,2.594938871573862493e-01,5.184293931650958420e-01,-3.475966270737775865e-01,2.871042156868405804e-01,4.065720806561746725e-01,4.901249611100924053e-01,4.370149324062257978e-01,3.183543572980996883e-01,1.479218603489323158e-01,1.164322692141743082e-01,3.967945707433068181e-01,3.236527102284603163e-01,2.096731857041984892e-01,3.113239616512438190e-01,3.161646992658544431e-01,4.357848325490042973e-01,1.369755532362552652e-01,1.788100876017278268e-02,4.812016885093339247e-01,1.757986855123563341e-01,1.797267085242463813e-01
-4.540941399185402516e-01,-5.098638990179624741e-01,-9.040070286803396638e-01,-3.555982385975324789e-01,-4.793400753187559427e-01,-1.675742903129015526e-01,-4.453330225021338018e-01,1.000000000000000000e+00,-5.487721456734538927e-01,-6.097270073449556627e-01,-2.508082829261756852e-01,-2.335278872831814123e-01,2.635053137763279096e-01,-5.633242711565784600e-01,-5.043744798081039454e-02,-6.521458557099939490e-01,-3.394807311864518895e-01,-4.951489219788067775e-01,-3.582808127123577324e-01,-3.073234452614920786e-01,-8.946960755444403543e-03,-4.455076589578709223e-01,-5.572268825718011964e-01,-3.670197633862424258e-01,-5.353451062239026337e-01,-4.646361085746371633e-01,-3.374080919802279199e-01,-5.566043481351226063e-01,-4.399591319855872262e-01,-5.728612673375766962e-01,-5.536503667622697522e-01,-5.100679529247618138e-01,-6.214226921034763373e-01,-6.779537017704797552e-01,-2.486913185509327939e-01,-2.451475169892360639e-01,-4.118843642051390197e-01,-4.055223932801616527e-01,-2.928703638012726262e-01
7.414081870321638235e-01,8.486056316289359858e-01,6.480329826075261757e-01,5.975619481544487410e-01,3.114807375603295125e-01,5.538987188155182206e-01,5.456741631799362224e-01,-5.487721456734538927e-01,1.000000000000000000e+00,5.795794993481424573e-01,5.846895274557923905e-01,6.336269940343915996e-01,-6.725406202480750384e-01,7.898751115274952328e-01,5.183964028508599720e-01,7.842036120757459594e-01,5.440305576869329807e-01,6.772546913791500645e-01,3.824111038029772147e-01,5.271342740713182984e-01,-5.677854994388051857e-01,1.444444684857737193e-01,8.047186250959050824e-01,6.210956360963207912e-01,7.891158099030954887e-01,7.284454094646289901e-01,5.893814369422701871e-01,4.886764252310972223e-01,8.207340930791757749e-01,6.512266266484295629e-01,5.841741097224713020e-01,7.814863918199679294e-01,6.550883753441903989e-01,6.773631527195604907e-01,5.649570527974712153e-01,4.759473718838346801e-01,8.258446834036942130e-01,4.983280364381263983e-01,4.261458396423332129e-01
4.218086389572165418e-01,4.518311141872463077e-01,7.168475103441634966e-01,3.838469395066289036e-01,6.707769111876644708e-01,1.805945081121775320e-01,3.316709346683479609e-01,-6.097270073449556627e-01,5.795794993481424573e-01,1.000000000000000000e+00,2.507208229999971505e-01,4.578800622768149364e-01,-4.475244387670350155e-01,5.876988837381257325e-01,1.991755528791885332e-01,8.171351330983546157e-01,3.324981553025819214e-01,7.436549962611168629e-01,7.690115150546662504e-01,2.785978285622944250e-01,-1.384365534520607954e-01,2.529422409115432147e-01,6.674532510662822826e-01,3.286501280093124810e-01,7.634476868059457688e-01,4.787662230938312113e-01,2.792272575093307507e-01,4.961599129247225570e-01,3.711855417628285303e-01,7.455376346346571648e-01,4.036460690393745554e-01,4.653837199951337267e-01,7.450900873373843547e-01,6.151143672103241977e-01,2.926547395545351926e-01,2.578719202865805138e-01,4.060413754497278482e-01,6.425224969579144130e-01,7.165035289885280934e-01
4.678606499053776790e-01,5.507853327626625051e-01,3.381610526365431135e-01,4.532224578843351837e-01,-1.234975284808331741e-01,6.535469146452869138e-01,3.069404978785899019e-01,-2.508082829261756852e-01,5.846895274557923905e-01,2.507208229999971505e-01,1.000000000000000000e+00,4.106190292791786489e-01,-4.057947817048017658e-01,5.876895364054347537e-01,4.025697354867092126e-01,4.086772143725185269e-01,7.678905626899522607e-01,3.007488792924702392e-01,-1.199925721624660498e-02,4.251253066303407047e-01,-4.789638136233242416e-01,4.985457386464535283e-03,4.975174771318469080e-01,5.879261337395731424e-01,4.358925930306467578e-01,6.713388557828522396e-01,5.994596942133085804e-01,2.054276677492463676e-01,6.907172344592280577e-01,3.481317336893100522e-01,4.436718537183063082e-01,6.224786521545966345e-01,3.770239019920491041e-01,2.395187005210014930e-01,4.857436752791752244e-01,3.376044088031155410e-01,6.463334772090022495e-01,1.236989712391383667e-01,2.050628545481870957e-02
3.537555896985277171e-01,4.041013320150345645e-01,3.835414927561779375e-01,6.189345331760643942e-01,2.501430629598089816e-01,4.362645540103431419e-01,3.070115327325239063e-01,-2.335278872831814123e-01,6.336269940343915996e-01,4.578800622768149364e-01,4.106190292791786489e-01,1.000000000000000000e+00,-6.223865735750215844e-01,5.669108711146343405e-01,7.448150638841538607e-01,5.955091438854328567e-01,2.608333631241391282e-01,7.170614285203721350e-01,4.188365639676265850e-01,5.453501741630619737e-01,-5.960979804661976633e-01,6.729222686873559400e-02,5.706712332977224023e-01,4.528834699900919358e-01,5.994189596154357869e-01,5.615736962909002594e-01,2.793831044085837156e-01,1.100321132157193321e-01,4.211712970046873616e-01,3.967541740198360922e-01,1.687872363858522462e-01,3.234472087017981057e-01,5.041118809107029142e-01,4.510866516271762050e-01,2.133093568244223970e-01,8.953120192429232793e-02,4.504600994808785619e-01,5.877071672767436583e-01,4.332900517082481362e-01
-4.527817713251336973e-01,-4.486207953357463918e-01,-3.980876899650153677e-01,-5.406038342100024652e-01,-1.935980006974657719e-01,-4.603685939387834325e-01,-3.572551584873608910e-01,2.635053137763279096e-01,-6.725406202480750384e-01,-4.475244387670350155e-01,-4.057947817048017658e-01,-6.223865735750215844e-01,1.000000000000000000e+00,-6.225147060718450032e-01,-5.992392364384334646e-01,-5.407123283584731599e-01,-3.218512915396230523e-01,-5.398201429388628236e-01,-3.502233596441986507e-01,-5.931023115885536434e-01,6.516012519815492787e-01,4.095441164025623998e-02,-5.757619184231738130e-01,-4.143897164048404025e-01,-6.624336237467982613e-01,-5.068878246598961246e-01,-3.351538355709705042e-01,-2.496239254774783589e-01,-5.176000994684384349e-01,-4.270755048238062401e-01,-2.735735039930231594e-01,-4.602870445550685252e-01,-5.260053776510243972e-01,-4.682075085048888474e-01,-4.052311006809698468e-01,-1.437944291242294892e-01,-5.521088317451905425e-01,-3.058249965971292506e-01,-3.996608917671287675e-01
5.468906458522840852e-01,6.461124375696282174e-01,6.883437151370914719e-01,6.926949123779256867e-01,4.263432935880310803e-01,6.201627266127220928e-01,5.413305701351310839e-01,-5.633242711565784600e-01,7.898751115274952328e-01,5.876988837381257325e-01,5.876895364054347537e-01,5.669108711146343405e-01,-6.225147060718450032e-01,1.000000000000000000e+00,5.790038790961926640e-01,7.629577824434407018e-01,5.421623467608787106e-01,6.670836757565407060e-01,4.109115781435389581e-01,4.176769932260668283e-01,-5.593770772789834478e-01,1.154900583957899768e-02,8.160817269132498719e-01,7.917359779287237442e-01,8.000169852749592359e-01,6.863545211803478985e-01,4.910818721816072596e-01,3.229756580131514787e-01,6.651532195769795930e-01,6.728217834624484750e-01,4.680114381254932288e-01,6.262895554478514759e-01,7.551448996576577422e-01,7.131534604074021289e-01,4.375107839694912792e-01,2.692456291746914698e-01,6.869049264959805612e-01,4.909083191780982958e-01,4.501084487904103981e-01
1.820136585104960292e-01,2.871539999939803911e-01,2.059468533399940460e-01,5.543561690275143894e-01,7.985748259131274229e-02,4.840802815792819569e-01,3.044299602110220881e-01,-5.043744798081039454e-02,5.183964028508599720e-01,1.991755528791885332e-01,4.025697354867092126e-01,7.448150638841538607e-01,-5.992392364384334646e-01,5.790038790961926640e-01,1.000000000000000000e+00,4.240005226900546154e-01,2.386785793859269034e-01,5.253354317306986321e-01,2.174912688667766381e-01,3.927145331975869791e-01,-6.590334785581959398e-01,-1.301680799747267914e-01,4.456744817346836030e-01,5.509638853629502675e-01,4.672620175936901266e-01,5.229940215102545364e-01,2.135096752826917132e-01,-1.043569888548223357e-01,3.382789116888733627e-01,2.382569724849792625e-01,5.329633763834727006e-02,2.286109924852064157e-01,4.227170494338273743e-01,3.739653788558740533e-01,1.338112875159547244e-01,-1.197719130330919535e-03,3.824716325770007863e-01,3.701094077718878328e-01,2.920909077675629129e-01
5.921918273406028277e-01,6.681899025404134385e-01,7.750303896086468969e-01,5.992272508417855192e-01,5.597552189297225755e-01,3.735756509836908323e-01,5.311517227031445909e-01,-6.521458557099939490e-01,7.842036120757459594e-01,8.171351330983546157e-01,4.086772143725185269e-01,5.955091438854328567e-01,-5.407123283584731599e-01,7.629577824434407018e-01,4.240005226900546154e-01,1.000000000000000000e+00,3.987123241610535107e-01,8.074277741153075283e-01,5.943093899581460837e-01,4.181493347789871917e-01,-3.550914700492897036e-01,2.707080354834545122e-01,8.027331822817321827e-01,5.390368665792916181e-01,8.068698181025549809e-01,6.787457893565249645e-01,4.479527669483630015e-01,5.039679777217493939e-01,5.876693592379148567e-01,8.133173057606385425e-01,5.054885914922322421e-01,6.118345490007695009e-01,7.630531654676236952e-01,6.979364970821505532e-01,3.887606632460306466e-01,3.849617778132022328e-01,6.203954666563589182e-01,6.826688183607951821e-01,5.661619768265047092e-01
4.577830870499851046e-01,5.091924031695025388e-01,4.032943145486677650e-01,3.301069578784489589e-01,6.529458527122701528e-02,5.723840345474886515e-01,1.919610189934063960e-01,-3.394807311864518895e-01,5.440305576869329807e-01,3.324981553025819214e-01,7.678905626899522607e-01,2.608333631241391282e-01,-3.218512915396230523e-01,5.421623467608787106e-01,2.386785793859269034e-01,3.987123241610535107e-01,1.000000000000000000e+00,3.036657881500502976e-01,5.123114823031914289e-02,2.517270703142427402e-01,-2.055173025215607518e-01,7.363224952043186111e-02,4.897015354460015901e-01,5.132710981002145401e-01,4.458265144008510816e-01,5.929519367070398284e-01,5.438595564166974761e-01,4.365262424840895550e-01,6.289886364242297523e-01,4.070683840696663891e-01,5.302756722024134506e-01,6.991122972664163271e-01,4.938945996930131921e-01,3.895009745006966506e-01,4.747640820829723829e-01,3.697719174507275719e-01,5.529281916363876226e-01,1.755227561415549087e-01,1.215224815951301413e-01
3.478876645052075278e-01,4.372040263967439944e-01,6.464166469815023630e-01,6.164506545926742298e-01,6.485159108611862067e-01,3.598861223276264565e-01,4.285205087967334792e-01,-4.951489219788067775e-01,6.772546913791500645e-01,7.436549962611168629e-01,3.007488792924702392e-01,7.170614285203721350e-01,-5.398201429388628236e-01,6.670836757565407060e-01,5.253354317306986321e-01,8.074277741153075283e-01,3.036657881500502976e-01,1.000000000000000000e+00,7.569390364014961792e-01,3.591946378824374952e-01,-3.892998425772107307e-01,7.396293491613417648e-02,7.100326677641702888e-01,4.828708934347819004e-01,7.278466992094121402e-01,5.961259170627449810e-01,2.085217927669592575e-01,3.465001101117674009e-01,4.413457958537175263e-01,6.573007991752830570e-01,2.364800176536268062e-01,4.048962553352845606e-01,7.267095401786876074e-01,5.807485602831687910e-01,2.327245478597397277e-01,1.141760454355147808e-01,4.934064134994264328e-01,7.741500137888457367e-01,7.037314429157686124e-01
1.308463699023847404e-01,1.776204061254784694e-01,4.777081677313807506e-01,2.970669848950484027e-01,7.243859365042052412e-01,5.590753606235761980e-02,2.594938871573862493e-01,-3.582808127123577324e-01,3.824111038029772147e-01,7.690115150546662504e-01,-1.199925721624660498e-02,4.188365639676265850e-01,-3.502233596441986507e-01,4.109115781435389581e-01,2.174912688667766381e-01,5.943093899581460837e-01,5.123114823031914289e-02,7.569390364014961792e-01,1.000000000000000000e+00,1.341298089076732591e-01,-1.823639984682416670e-01,-1.058785479317576536e-02,4.862309797129650835e-01,2.264463850148002166e-01,5.964119026547282099e-01,2.095573965707679676e-01,-1.004611937460754556e-01,1.933938317118341910e-01,1.295329056198419038e-01,5.268790287176399190e-01,-1.543671987603479658e-02,1.267167198751565360e-01,5.659529388469796141e-01,4.206928801245100047e-01,4.259329792002695264e-02,-4.344179259039211011e-02,2.046074387071113998e-01,6.268895963477912892e-01,8.868287709657685092e-01
3.784824437535369568e-01,4.270611965587719494e-01,3.501675603418902272e-01,5.121139983763148829e-01,-7.180088160666595054e-02,2.977293529625610335e-01,5.184293931650958420e-01,-3.073234452614920786e-01,5.271342740713182984e-01,2.785978285622944250e-01,4.251253066303407047e-01,5.453501741630619737e-01,-5.931023115885536434e-01,4.176769932260668283e-01,3.927145331975869791e-01,4.181493347789871917e-01,2.517270703142427402e-01,3.591946378824374952e-01,1.341298089076732591e-01,1.000000000000000000e+00,-4.556007135122174256e-01,3.566442048613479021e-01,3.651618807207597794e-01,3.488344570488414731e-01,4.226780852385050857e-01,3.126978856267506046e-01,1.776103025462164309e-01,1.559890874608273470e-01,4.467621000866585090e-01,2.356676955401761087e-01,2.107629765594810078e-01,3.292554853035878915e-01,2.104111858856576034e-01,2.566128258569289056e-01,2.530007504292241527e-01,9.687700352572138629e-02,4.537278721756407007e-01,1.058655636913240355e-01,6.051861717849612438e-02
-3.565870476254952570e-01,-4.529214398692497645e-01,-1.192237566326801862e-01,-4.991122532947345203e-01,3.827880673037536291e-02,-5.826190198388268016e-01,-3.475966270737775865e-01,-8.946960755444403543e-03,-5.677854994388051857e-01,-1.384365534520607954e-01,-4.789638136233242416e-01,-5.960979804661976633e-01,6.516012519815492787e-01,-5.593770772789834478e-01,-6.590334785581959398e-01,-3.550914700492897036e-01,-2.055173025215607518e-01,-3.892998425772107307e-01,-1.823639984682416670e-01,-4.556007135122174256e-01,1.000000000000000000e+00,3.802876663323045969e-01,-4.627169508653817820e-01,-5.219977363497155798e-01,-5.441268071626337299e-01,-4.379492419997767505e-01,-2.608219401112864544e-01,1.778912424736592002e-01,-4.915797161572270091e-01,-2.294212547067334129e-01,4.755109073680341761e-03,-2.657491107505257077e-01,-2.198426614390536493e-01,-1.794531238626920489e-01,-2.347193450844093365e-01,-9.579971543104227882e-02,-5.236493748694910355e-01,-1.428745353591088230e-01,-2.533816252486276732e-01
1.905221509757292486e-01,1.813259454176742169e-01,3.812855532095333344e-01,6.001560596141727877e-02,4.044184840973621270e-02,-2.559709780594751627e-01,2.871042156868405804e-01,-4.455076589578709223e-01,1.444444684857737193e-01,2.529422409115432147e-01,4.985457386464535283e-03,6.729222686873559400e-02,4.095441164025623998e-02,1.154900583957899768e-02,-1.301680799747267914e-01,2.707080354834545122e-01,7.363224952043186111e-02,7.396293491613417648e-02,-1.058785479317576536e-02,3.566442048613479021e-01,3.802876663323045969e-01,1.000000000000000000e+00,3.687298215156163683e-02,-8.627827922277975237e-02,2.964915217564989200e-02,5.626761847470932582e-02,1.422778009281690237e-01,3.868811014424868300e-01,6.949885664441265987e-02,1.874031987818786937e-01,3.799357573939013411e-01,2.174931105909487794e-01,1.426400150171678316e-01,3.073371761139450098e-01,3.444512825007131455e-03,1.964220095209942007e-01,2.692759428182930903e-02,8.649124233976764053e-02,-1.153205936449771679e-01
6.572249755290807682e-01,7.020609359346632328e-01,6.629866350665476471e-01,5.569093328937307907e-01,4.637798574592145728e-01,5.665435821453568277e-01,4.065720806561746725e-01,-5.572268825718011964e-01,8.047186250959050824e-01,6.674532510662822826e-01,4.975174771318469080e-01,5.706712332977224023e-01,-5.757619184231738130e-01,8.160817269132498719e-01,4.456744817346836030e-01,8.027331822817321827e-01,4.897015354460015901e-01,7.100326677641702888e-01,4.862309797129650835e-01,3.651618807207597794e-01,-4.627169508653817820e-01,3.687298215156163683e-02,1.000000000000000000e+00,6.529171396741164646e-01,8.337656391061928352e-01,6.715993749902908760e-01,5.170728402892916797e-01,4.389251262803370301e-01,7.002066901231152052e-01,7.823557462740073909e-01,5.152463281933249428e-01,6.573315761800609947e-01,7.384899894691360211e-01,6.818123220291248954e-01,5.925931394478296532e-01,4.141382033663545403e-01,7.438883462930286905e-01,6.408981250450831446e-01,5.338505597994769314e-01
3.655363457674559169e-01,5.073363141162958723e-01,4.703569480051029705e-01,6.092560103881368150e-01,1.674227583349661430e-01,5.790862386692533503e-01,4.901249611100924053e-01,-3.670197633862424258e-01,6.210956360963207912e-01,3.286501280093124810e-01,5.879261337395731424e-01,4.528834699900919358e-01,-4.143897164048404025e-01,7.917359779287237442e-01,5.509638853629502675e-01,5.390368665792916181e-01,5.132710981002145401e-01,4.828708934347819004e-01,2.264463850148002166e-01,3.488344570488414731e-01,-5.219977363497155798e-01,-8.627827922277975237e-02,6.529171396741164646e-01,1.000000000000000000e+00,5.847780495718294391e-01,5.865442046584176117e-01,4.182155728629018965e-01,1.587704732142134478e-01,5.842648374455480242e-01,4.707740711464223349e-01,3.602176216479007209e-01,4.902438292853898982e-01,5.855588346242800446e-01,5.242102587394005253e-01,3.915194448616903800e-01,9.731438784846661860e-02,5.965536716200022793e-01,3.156275031479550686e-01,2.673172371608153464e-01
5.781261922685982935e-01,6.446292983899518658e-01,6.589637459539613440e-01,5.541533730916136102e-01,5.322084019783743791e-01,5.275569618471228628e-01,4.370149324062257978e-01,-5.353451062239026337e-01,7.891158099030954887e-01,7.634476868059457688e-01,4.358925930306467578e-01,5.994189596154357869e-01,-6.624336237467982613e-01,8.000169852749592359e-01,4.672620175936901266e-01,8.068698181025549809e-01,4.458265144008510816e-01,7.278466992094121402e-01,5.964119026547282099e-01,4.226780852385050857e-01,-5.441268071626337299e-01,2.964915217564989200e-02,8.337656391061928352e-01,5.847780495718294391e-01,1.000000000000000000e+00,6.065781536552684594e-01,3.817734492029506432e-01,3.921444258957976770e-01,5.860595480251745704e-01,7.229105842499473633e-01,4.027288991879940383e-01,5.654124989572197890e-01,7.453724284759497554e-01,6.931854566379185290e-01,4.389773451042587316e-01,2.837625227019404672e-01,6.418972537804334966e-01,5.548760308933957663e-01,6.444512975517630027e-01
5.261533942570068012e-01,6.334677905301048240e-01,5.715291199670563538e-01,5.255633107433391737e-01,2.001179015614766854e-01,5.668629655503522047e-01,3.183543572980996883e-01,-4.646361085746371633e-01,7.284454094646289901e-01,4.787662230938312113e-01,6.713388557828522396e-01,5.615736962909002594e-01,-5.068878246598961246e-01,6.863545211803478985e-01,5.229940215102545364e-01,6.787457893565249645e-01,5.929519367070398284e-01,5.961259170627449810e-01,2.095573965707679676e-01,3.126978856267506046e-01,-4.379492419997767505e-01,5.626761847470932582e-02,6.715993749902908760e-01,5.865442046584176117e-01,6.065781536552684594e-01,1.000000000000000000e+00,7.201281224164302053e-01,4.430960576272663931e-01,7.198429806369552875e-01,5.918865950205709492e-01,6.086855594929647673e-01,7.051480075860095953e-01,6.502709267112268821e-01,5.029345724691784980e-01,5.031574076674911744e-01,3.981074321043029385e-01,6.786547331599276367e-01,4.686361569563708973e-01,2.217170409934192676e-01
6.350387116995407366e-01,6.449782555741687684e-01,3.770931084657201393e-01,2.640472410622611843e-01,-5.524980470460044008e-02,4.321465059390045549e-01,1.479218603489323158e-01,-3.374080919802279199e-01,5.893814369422701871e-01,2.792272575093307507e-01,5.994596942133085804e-01,2.793831044085837156e-01,-3.351538355709705042e-01,4.910818721816072596e-01,2.135096752826917132e-01,4.479527669483630015e-01,5.438595564166974761e-01,2.085217927669592575e-01,-1.004611937460754556e-01,1.776103025462164309e-01,-2.608219401112864544e-01,1.422778009281690237e-01,5.170728402892916797e-01,4.182155728629018965e-01,3.817734492029506432e-01,7.201281224164302053e-01,1.000000000000000000e+00,4.899625942107341814e-01,7.192016924014527079e-01,4.793677121081394987e-01,8.070624334482989770e-01,7.858355487498775993e-01,4.458235576070034289e-01,3.837942360653285312e-01,6.551901449483613638e-01,6.144099741379005497e-01,6.267676033903233357e-01,2.231894082217097952e-01,-6.420151371449292488e-02
5.845237945245480571e-01,5.115981264820735896e-01,5.626396241889606298e-01,7.915587129755294327e-02,3.571495842428576428e-01,2.176999500133633414e-01,1.164322692141743082e-01,-5.566043481351226063e-01,4.886764252310972223e-01,4.961599129247225570e-01,2.054276677492463676e-01,1.100321132157193321e-01,-2.496239254774783589e-01,3.229756580131514787e-01,-1.043569888548223357e-01,5.039679777217493939e-01,4.365262424840895550e-01,3.465001101117674009e-01,1.933938317118341910e-01,1.559890874608273470e-01,1.778912424736592002e-01,3.868811014424868300e-01,4.389251262803370301e-01,1.587704732142134478e-01,3.921444258957976770e-01,4.430960576272663931e-01,4.899625942107341814e-01,1.000000000000000000e+00,5.104511168500249774e-01,5.460318444317951991e-01,7.307002935970614566e-01,6.529224479801027936e-01,5.315833509451148853e-01,4.635488120593551642e-01,5.281638976023067533e-01,4.686666264893099010e-01,4.405694001218486977e-01,3.688535638596039390e-01,1.776329196613158357e-01
7.814676351570293278e-01,8.448695073106201603e-01,4.977168759046526336e-01,4.233684507615794179e-01,8.957880241886491401e-02,6.227497826976244877e-01,3.967945707433068181e-01,-4.399591319855872262e-01,8.207340930791757749e-01,3.711855417628285303e-01,6.907172344592280577e-01,4.211712970046873616e-01,-5.176000994684384349e-01,6.651532195769795930e-01,3.382789116888733627e-01,5.876693592379148567e-01,6.289886364242297523e-01,4.413457958537175263e-01,1.295329056198419038e-01,4.467621000866585090e-01,-4.915797161572270091e-01,6.949885664441265987e-02,7.002066901231152052e-01,5.842648374455480242e-01,5.860595480251745704e-01,7.198429806369552875e-01,7.192016924014527079e-01,5.104511168500249774e-01,1.000000000000000000e+00,5.383270370025429186e-01,6.619452676421947457e-01,8.554696980289265840e-01,4.964573079944416545e-01,4.280737631948194344e-01,6.993313729129846390e-01,5.875824719307187749e-01,8.968178551009309274e-01,2.863434918960697795e-01,1.487869371499979110e-01
5.942301452027820563e-01,5.702652755380965832e-01,6.684833869582881283e-01,4.203236151361953166e-01,5.707298614719487073e-01,3.692970085093318366e-01,3.236527102284603163e-01,-5.728612673375766962e-01,6.512266266484295629e-01,7.455376346346571648e-01,3.481317336893100522e-01,3.967541740198360922e-01,-4.270755048238062401e-01,6.728217834624484750e-01,2.382569724849792625e-01,8.133173057606385425e-01,4.070683840696663891e-01,6.573007991752830570e-01,5.268790287176399190e-01,2.356676955401761087e-01,-2.294212547067334129e-01,1.874031987818786937e-01,7.823557462740073909e-01,4.707740711464223349e-01,7.229105842499473633e-01,5.918865950205709492e-01,4.793677121081394987e-01,5.460318444317951991e-01,5.383270370025429186e-01,1.000000000000000000e+00,5.046539065499792143e-01,6.176723803794754719e-01,7.089832746064416158e-01,5.935259805686479151e-01,4.417112133702323917e-01,4.780920203815837155e-01,5.380718193813119887e-01,6.390178856643583538e-01,5.209927763632443698e-01
6.398568339837172880e-01,6.682066303694065290e-01,5.509544828555787976e-01,1.979711442083285644e-01,9.785215665638578864e-02,2.981225468539909218e-01,2.096731857041984892e-01,-5.536503667622697522e-01,5.841741097224713020e-01,4.036460690393745554e-01,4.436718537183063082e-01,1.687872363858522462e-01,-2.735735039930231594e-01,4.680114381254932288e-01,5.329633763834727006e-02,5.054885914922322421e-01,5.302756722024134506e-01,2.364800176536268062e-01,-1.543671987603479658e-02,2.107629765594810078e-01,4.755109073680341761e-03,3.799357573939013411e-01,5.152463281933249428e-01,3.602176216479007209e-01,4.027288991879940383e-01,6.086855594929647673e-01,8.070624334482989770e-01,7.307002935970614566e-01,6.619452676421947457e-01,5.046539065499792143e-01,1.000000000000000000e+00,7.927395876061612556e-01,5.381280587400307791e-01,5.339446565494072594e-01,6.437773001281347218e-01,5.943939165338214536e-01,5.921563857761293903e-01,2.533459867040511737e-01,-5.974221235640361435e-03
7.793994482388769685e-01,8.056691085703754363e-01,5.583162228822026174e-01,3.749347425974902115e-01,1.852228062812361908e-01,4.709305714552239341e-01,3.113239616512438190e-01,-5.100679529247618138e-01,7.814863918199679294e-01,4.653837199951337267e-01,6.224786521545966345e-01,3.234472087017981057e-01,-4.602870445550685252e-01,6.262895554478514759e-01,2.286109924852064157e-01,6.118345490007695009e-01,6.991122972664163271e-01,4.048962553352845606e-01,1.267167198751565360e-01,3.292554853035878915e-01,-2.657491107505257077e-01,2.174931105909487794e-01,6.573315761800609947e-01,4.902438292853898982e-01,5.654124989572197890e-01,7.051480075860095953e-01,7.858355487498775993e-01,6.529224479801027936e-01,8.554696980289265840e-01,6.176723803794754719e-01,7.927395876061612556e-01,1.000000000000000000e+00,5.826359903909454907e-01,5.462217701559802796e-01,6.710864125886550902e-01,6.488479571383424238e-01,7.824086679257211685e-01,3.104168544476332836e-01,1.612402772711716836e-01
4.306758646107867183e-01,4.713944895519690537e-01,7.622822585316442190e-01,4.955180398717290435e-01,6.026448056643654017e-01,3.894892222924865033e-01,3.161646992658544431e-01,-6.214226921034763373e-01,6.550883753441903989e-01,7.450900873373843547e-01,3.770239019920491041e-01,5.041118809107029142e-01,-5.260053776510243972e-01,7.551448996576577422e-01,4.227170494338273743e-01,7.630531654676236952e-01,4.938945996930131921e-01,7.267095401786876074e-01,5.659529388469796141e-01,2.104111858856576034e-01,-2.198426614390536493e-01,1.426400150171678316e-01,7.384899894691360211e-01,5.855588346242800446e-01,7.453724284759497554e-01,6.502709267112268821e-01,4.458235576070034289e-01,5.315833509451148853e-01,4.964573079944416545e-01,7.089832746064416158e-01,5.381280587400307791e-01,5.826359903909454907e-01,1.000000000000000000e+00,7.894541251364869394e-01,4.333904217873612574e-01,1.918824200519725354e-01,5.110792799517932528e-01,6.113752337610568466e-01,5.881764549922053886e-01
4.766619140770209095e-01,5.380168013450647990e-01,7.470934998669539473e-01,5.384605266139949054e-01,5.643020627729065097e-01,2.795432172349047728e-01,4.357848325490042973e-01,-6.779537017704797552e-01,6.773631527195604907e-01,6.151143672103241977e-01,2.395187005210014930e-01,4.510866516271762050e-01,-4.682075085048888474e-01,7.131534604074021289e-01,3.739653788558740533e-01,6.979364970821505532e-01,3.895009745006966506e-01,5.807485602831687910e-01,4.206928801245100047e-01,2.566128258569289056e-01,-1.794531238626920489e-01,3.073371761139450098e-01,6.818123220291248954e-01,5.242102587394005253e-01,6.931854566379185290e-01,5.029345724691784980e-01,3.837942360653285312e-01,4.635488120593551642e-01,4.280737631948194344e-01,5.935259805686479151e-01,5.339446565494072594e-01,5.462217701559802796e-01,7.894541251364869394e-01,1.000000000000000000e+00,3.342282233924508406e-01,2.211492564301095198e-01,4.515361280763042218e-01,5.609199319157635033e-01,5.031897333094137448e-01
6.212493220754081724e-01,6.034777445455791201e-01,3.041344398764419532e-01,2.339416227861774999e-01,3.429001117057124681e-02,5.400632579472253170e-01,1.369755532362552652e-01,-2.486913185509327939e-01,5.649570527974712153e-01,2.926547395545351926e-01,4.857436752791752244e-01,2.133093568244223970e-01,-4.052311006809698468e-01,4.375107839694912792e-01,1.338112875159547244e-01,3.887606632460306466e-01,4.747640820829723829e-01,2.327245478597397277e-01,4.259329792002695264e-02,2.530007504292241527e-01,-2.347193450844093365e-01,3.444512825007131455e-03,5.925931394478296532e-01,3.915194448616903800e-01,4.389773451042587316e-01,5.031574076674911744e-01,6.551901449483613638e-01,5.281638976023067533e-01,6.993313729129846390e-01,4.417112133702323917e-01,6.437773001281347218e-01,6.710864125886550902e-01,4.333904217873612574e-01,3.342282233924508406e-01,1.000000000000000000e+00,5.383435419773444641e-01,7.306631610874081417e-01,2.250514178071986171e-01,8.702745973776865318e-02
7.460553886818439562e-01,6.623031186176756568e-01,2.374792357278748545e-01,1.365071553384727965e-02,6.530564702358764018e-02,2.950101859226684220e-01,1.788100876017278268e-02,-2.451475169892360639e-01,4.759473718838346801e-01,2.578719202865805138e-01,3.376044088031155410e-01,8.953120192429232793e-02,-1.437944291242294892e-01,2.692456291746914698e-01,-1.197719130330919535e-03,3.849617778132022328e-01,3.697719174507275719e-01,1.141760454355147808e-01,-4.344179259039211011e-02,9.687700352572138629e-02,-9.579971543104227882e-02,1.964220095209942007e-01,4.141382033663545403e-01,9.731438784846661860e-02,2.837625227019404672e-01,3.981074321043029385e-01,6.144099741379005497e-01,4.686666264893099010e-01,5.875824719307187749e-01,4.780920203815837155e-01,5.943939165338214536e-01,6.488479571383424238e-01,1.918824200519725354e-01,2.211492564301095198e-01,5.383435419773444641e-01,1.000000000000000000e+00,5.391848547427884331e-01,1.972434888107377493e-01,1.742371749293598893e-03
7.482580003517329548e-01,8.346573357258758596e-01,4.931715333845400617e-01,4.913664736877022543e-01,1.355436264379095146e-01,6.440901022957002953e-01,4.812016885093339247e-01,-4.118843642051390197e-01,8.258446834036942130e-01,4.060413754497278482e-01,6.463334772090022495e-01,4.504600994808785619e-01,-5.521088317451905425e-01,6.869049264959805612e-01,3.824716325770007863e-01,6.203954666563589182e-01,5.529281916363876226e-01,4.934064134994264328e-01,2.046074387071113998e-01,4.537278721756407007e-01,-5.236493748694910355e-01,2.692759428182930903e-02,7.438883462930286905e-01,5.965536716200022793e-01,6.418972537804334966e-01,6.786547331599276367e-01,6.267676033903233357e-01,4.405694001218486977e-01,8.968178551009309274e-01,5.380718193813119887e-01,5.921563857761293903e-01,7.824086679257211685e-01,5.110792799517932528e-01,4.515361280763042218e-01,7.306631610874081417e-01,5.391848547427884331e-01,1.000000000000000000e+00,3.060120350509588638e-01,2.264851398051570264e-01
3.389152312189709915e-01,3.301650778425900268e-01,5.118251873073227376e-01,3.883170578212699064e-01,6.526353022701379958e-01,2.028314041276699231e-01,1.757986855123563341e-01,-4.055223932801616527e-01,4.983280364381263983e-01,6.425224969579144130e-01,1.236989712391383667e-01,5.877071672767436583e-01,-3.058249965971292506e-01,4.909083191780982958e-01,3.701094077718878328e-01,6.826688183607951821e-01,1.755227561415549087e-01,7.741500137888457367e-01,6.268895963477912892e-01,1.058655636913240355e-01,-1.428745353591088230e-01,8.649124233976764053e-02,6.408981250450831446e-01,3.156275031479550686e-01,5.548760308933957663e-01,4.686361569563708973e-01,2.231894082217097952e-01,3.688535638596039390e-01,2.863434918960697795e-01,6.390178856643583538e-01,2.533459867040511737e-01,3.104168544476332836e-01,6.113752337610568466e-01,5.609199319157635033e-01,2.250514178071986171e-01,1.972434888107377493e-01,3.060120350509588638e-01,1.000000000000000000e+00,6.570609378806889778e-01
1.949426873403157789e-01,2.217080071827052246e-01,4.255321086302784606e-01,2.838783928853496619e-01,7.049660124926062643e-01,1.405116323072514439e-01,1.797267085242463813e-01,-2.928703638012726262e-01,4.261458396423332129e-01,7.165035289885280934e-01,2.050628545481870957e-02,4.332900517082481362e-01,-3.996608917671287675e-01,4.501084487904103981e-01,2.920909077675629129e-01,5.661619768265047092e-01,1.215224815951301413e-01,7.037314429157686124e-01,8.868287709657685092e-01,6.051861717849612438e-02,-2.533816252486276732e-01,-1.153205936449771679e-01,5.338505597994769314e-01,2.673172371608153464e-01,6.444512975517630027e-01,2.217170409934192676e-01,-6.420151371449292488e-02,1.776329196613158357e-01,1.487869371499979110e-01,5.209927763632443698e-01,-5.974221235640361435e-03,1.612402772711716836e-01,5.881764549922053886e-01,5.031897333094137448e-01,8.702745973776865318e-02,1.742371749293598893e-03,2.264851398051570264e-01,6.570609378806889778e-01,1.000000000000000000e+00
