1.000000000000000000e+00,9.743546953208714889e-01,9.430607547775742283e-01,9.437849904701398618e-01,9.348818432361258868e-01,9.370831266164533213e-01,9.761821571664989206e-01,9.579106400462025217e-01,9.837026335972335334e-01,9.329382722142713913e-01,9.152385867296981559e-01,9.839717054428320786e-01,8.793470861410292994e-01,9.838976646048213093e-01,9.620633274277790026e-01,8.949832438326346118e-01,9.832952478169156851e-01,8.708107040434587276e-01,8.909421049474823828e-01,9.363052804118537908e-01,9.314839752242431992e-01,9.317327113755627943e-01,8.863578024749526607e-01,9.177370329333732757e-01,9.381863607793852200e-01,8.858850216274614109e-01,9.827980503074119634e-01,9.615877760317690370e-01,9.703245787905018238e-01,9.164747658528812346e-01,9.473209616374923536e-01,8.908018721330097645e-01,9.446103044081239908e-01,9.726979798327983762e-01,8.985107442116350152e-01,9.075130824883884673e-01,9.839524545728171034e-01,8.921549640407624437e-01,8.763199400425475405e-01
9.743546953208714889e-01,1.000000000000000000e+00,9.337602495892772803e-01,9.351558216989932504e-01,9.239568180389169383e-01,9.268050987881735203e-01,9.638583718302042858e-01,9.448329793273277932e-01,9.708475307690446199e-01,9.206410270492216830e-01,9.037383024485725613e-01,9.715016072569314654e-01,8.697446640404505880e-01,9.770037926854098220e-01,9.483640747089363554e-01,8.767465857534336715e-01,9.732808265710947149e-01,8.606459692239744053e-01,8.741807197883660896e-01,9.243920937232652513e-01,9.208064835489070399e-01,9.212429697161197417e-01,8.722492493356783783e-01,9.073212834656179115e-01,9.270124405879901497e-01,8.765845278809710761e-01,9.692208148749635876e-01,9.474738617876392599e-01,9.576550274758569570e-01,9.057848664333840727e-01,9.342460034727776419e-01,8.877012907664432184e-01,9.498030542899608131e-01,9.825895768584936851e-01,8.836047951426455604e-01,8.951935646479514119e-01,9.704842416688197471e-01,8.930156322354928511e-01,8.748523887993914228e-01
9.430607547775742283e-01,9.337602495892772803e-01,1.000000000000000000e+00,9.847292063015152808e-01,9.756496513635855017e-01,9.766060553927589094e-01,9.427393764806192289e-01,9.732923493859447772e-01,9.430677087737228126e-01,9.742427920603240477e-01,9.503735677502344048e-01,9.430942511260007599e-01,9.025504134276933765e-01,9.426828493723277136e-01,9.642541839164309181e-01,9.200373582526975014e-01,9.441271946367780776e-01,8.937473055324852700e-01,9.116693269874205363e-01,9.794609452908521474e-01,9.709803034635815511e-01,9.707517311924609427e-01,9.070371371934138338e-01,9.580879272500693045e-01,9.787687967268777767e-01,9.041455956417029372e-01,9.433636245622468719e-01,9.644779965507712660e-01,9.571984012497336547e-01,9.605793093893816303e-01,9.798700336024669388e-01,8.871646769670495924e-01,9.156533696478982298e-01,9.321081754614861659e-01,9.285292867480799961e-01,9.392365097124922846e-01,9.424347616766085567e-01,8.818295764946908477e-01,8.626904048165979777e-01
9.437849904701398618e-01,9.351558216989932504e-01,9.847292063015152808e-01,1.000000000000000000e+00,9.764357887527755908e-01,9.777860276160799113e-01,9.416998296093920251e-01,9.717530934422825561e-01,9.435363853977286608e-01,9.747984504106723680e-01,9.532756805417516022e-01,9.440235254823085009e-01,9.048822084031200585e-01,9.438223151991527171e-01,9.634855721417754371e-01,9.238276700748140335e-01,9.454593607680170653e-01,8.949635099671844340e-01,9.155871113521091287e-01,9.801272374506269092e-01,9.718183402675996119e-01,9.719216352539142845e-01,9.111286598285960325e-01,9.602866263006187841e-01,9.790509983277841943e-01,9.060911017764768927e-01,9.437825140170440497e-01,9.636748887040638145e-01,9.569773604798265110e-01,9.611009342232331720e-01,9.793156955632248417e-01,8.887018437149238892e-01,9.159132306383480637e-01,9.331688986114556883e-01,9.322053283281929170e-01,9.424487560736442004e-01,9.429849555501573777e-01,8.867449732638538196e-01,8.677752104654755660e-01
9.348818432361258868e-01,9.239568180389169383e-01,9.756496513635855017e-01,9.764357887527755908e-01,1.000000000000000000e+00,9.817875414523697941e-01,9.315244415490531171e-01,9.607975391597783910e-01,9.354807834899659946e-01,9.828213420215390350e-01,9.548238536313674585e-01,9.365022430633671569e-01,9.133465929313053788e-01,9.339776238596579905e-01,9.519443669807087227e-01,9.312182483291396862e-01,9.359785205097782557e-01,9.056691313092661844e-01,9.244982746047302191e-01,9.834089266871358648e-01,9.782548615216595245e-01,9.764256550518832789e-01,9.209097501615097769e-01,9.625402924126910120e-01,9.832175939713624357e-01,9.128772762696812926e-01,9.358352764344652908e-01,9.529049441452166480e-01,9.479258524990611390e-01,9.637425610085131877e-01,9.695651571665044877e-01,8.934085721611721986e-01,9.081331726576288288e-01,9.223412988579041683e-01,9.410242948181636313e-01,9.471211547794131658e-01,9.347102033123431131e-01,8.879761602529204767e-01,8.701431844530631565e-01
9.370831266164533213e-01,9.268050987881735203e-01,9.766060553927589094e-01,9.777860276160799113e-01,9.817875414523697941e-01,1.000000000000000000e+00,9.341399924717174175e-01,9.622488150145944719e-01,9.381000549269125077e-01,9.803281066293998425e-01,9.576276522369649991e-01,9.391542575928031322e-01,9.139907032825023148e-01,9.356910132175351169e-01,9.538901595231582542e-01,9.339345206674620758e-01,9.385818980064301043e-01,9.044016285877257699e-01,9.263305392153475815e-01,9.825022510795115016e-01,9.774264188728541969e-01,9.766045634071615078e-01,9.220221546162137294e-01,9.634784696233371637e-01,9.817798742281058644e-01,9.147319924195613794e-01,9.386905830437067833e-01,9.544947738580659147e-01,9.488533056157576473e-01,9.652342917957817958e-01,9.700264908798278407e-01,8.941164194233238716e-01,9.119065874577823028e-01,9.264441491420478680e-01,9.422885069413373671e-01,9.492321862247563580e-01,9.379218970352783957e-01,8.883566191186178518e-01,8.730999925556071073e-01
9.761821571664989206e-01,9.638583718302042858e-01,9.427393764806192289e-01,9.416998296093920251e-01,9.315244415490531171e-01,9.341399924717174175e-01,1.000000000000000000e+00,9.593737516959732758e-01,9.782448049117645761e-01,9.296560081951754650e-01,9.157811362208784223e-01,9.777557327165917744e-01,8.787946596531537313e-01,9.725416893724228018e-01,9.642782612623322924e-01,8.913921542073938165e-01,9.764034732998895239e-01,8.686614211902439209e-01,8.892924493705409716e-01,9.346202280373426818e-01,9.312302626292814356e-01,9.321513653411392930e-01,8.845594395792431008e-01,9.200866512826895161e-01,9.362966172880087257e-01,8.841462074215711286e-01,9.779227503393213006e-01,9.647632883903616285e-01,9.747159962521959597e-01,9.191111955183637328e-01,9.454222856457272783e-01,8.807730282483446915e-01,9.385576830558179928e-01,9.616862466176182567e-01,8.931299414810062176e-01,9.057039182078590045e-01,9.771990546103702657e-01,8.903491518188884069e-01,8.757685388075515664e-01
9.579106400462025217e-01,9.448329793273277932e-01,9.732923493859447772e-01,9.717530934422825561e-01,9.607975391597783910e-01,9.622488150145944719e-01,9.593737516959732758e-01,1.000000000000000000e+00,9.577265430059570539e-01,9.612729039998780811e-01,9.410807178555561370e-01,9.567997305601080305e-01,8.983696306556596678e-01,9.543961302084230658e-01,9.770148174905962657e-01,9.151479663775088369e-01,9.586950383977260737e-01,8.869022499444332297e-01,9.086545848492594279e-01,9.639085889383635086e-01,9.580052129613353395e-01,9.581913608905116009e-01,9.042109802763089732e-01,9.477888695878237124e-01,9.635247693133376368e-01,9.030625902915190295e-01,9.585097322514570806e-01,9.779967090804158047e-01,9.708764502031381749e-01,9.470608416171666377e-01,9.778639797697288305e-01,8.788156512074871696e-01,9.267581562898061787e-01,9.423053126306060179e-01,9.202520836985351727e-01,9.314097764353242992e-01,9.581670207946516582e-01,8.833164003177418344e-01,8.609429671263523209e-01
9.837026335972335334e-01,9.708475307690446199e-01,9.430677087737228126e-01,9.435363853977286608e-01,9.354807834899659946e-01,9.381000549269125077e-01,9.782448049117645761e-01,9.577265430059570539e-01,1.000000000000000000e+00,9.337478099825685662e-01,9.145474723767573755e-01,9.854223694448825954e-01,8.801721633694740143e-01,9.812364725509233887e-01,9.629973797166601068e-01,8.965301827835964188e-01,9.832183787209616277e-01,8.714844992674567470e-01,8.938558082773824243e-01,9.369717562538366629e-01,9.322490128802974896e-01,9.314168350499378857e-01,8.890299468578123365e-01,9.177244357504116268e-01,9.392565024264165618e-01,8.863869769815042599e-01,9.850008227723474619e-01,9.621117108852733635e-01,9.721201612381175083e-01,9.150011978317307282e-01,9.457408591630527273e-01,8.849727984641602152e-01,9.409595941421672327e-01,9.698936618593501091e-01,8.968808669947816448e-01,9.070539274387480200e-01,9.852015590377162235e-01,8.867535941872777272e-01,8.718144092321984395e-01
9.329382722142713913e-01,9.206410270492216830e-01,9.742427920603240477e-01,9.747984504106723680e-01,9.828213420215390350e-01,9.803281066293998425e-01,9.296560081951754650e-01,9.612729039998780811e-01,9.337478099825685662e-01,1.000000000000000000e+00,9.570744094228964549e-01,9.342769043973910836e-01,9.139794311586190156e-01,9.312435842908621808e-01,9.510090394457789698e-01,9.333309100117180845e-01,9.330894749096056984e-01,9.058103543367258537e-01,9.268811330956260308e-01,9.812337535094479701e-01,9.781343254612308025e-01,9.771743444077621854e-01,9.220876039439134253e-01,9.650027440140463986e-01,9.823306615993104840e-01,9.127947105412618223e-01,9.336162271690792158e-01,9.513289794370348718e-01,9.456841750496842725e-01,9.671604912385475261e-01,9.695696967531037824e-01,8.909457066924105773e-01,9.078378093579444474e-01,9.188869414927508528e-01,9.428736553811019050e-01,9.501293020580686699e-01,9.325827771507189112e-01,8.867032136933507003e-01,8.662945725766701965e-01
9.152385867296981559e-01,9.037383024485725613e-01,9.503735677502344048e-01,9.532756805417516022e-01,9.548238536313674585e-01,9.576276522369649991e-01,9.157811362208784223e-01,9.410807178555561370e-01,9.145474723767573755e-01,9.570744094228964549e-01,1.000000000000000000e+00,9.155216338476747095e-01,9.378982551037828852e-01,9.110704769219898358e-01,9.361709759346334980e-01,9.583856815397897577e-01,9.139224354069744871e-01,9.249492980042421930e-01,9.515985126253270199e-01,9.535033024490277009e-01,9.648482587470939009e-01,9.661146497695144442e-01,9.504217961153833549e-01,9.797722133611130868e-01,9.548040898312867286e-01,9.374495233596067401e-01,9.140649077041825832e-01,9.368626980496963519e-01,9.264417642722366786e-01,9.707970484360219920e-01,9.476190650679929828e-01,9.000613431190428448e-01,8.946516251356614324e-01,8.961399838904765547e-01,9.691130270734016339e-01,9.764452280835630438e-01,9.134129274953276534e-01,9.052270721993137537e-01,8.935914768259052288e-01
9.839717054428320786e-01,9.715016072569314654e-01,9.430942511260007599e-01,9.440235254823085009e-01,9.365022430633671569e-01,9.391542575928031322e-01,9.777557327165917744e-01,9.567997305601080305e-01,9.854223694448825954e-01,9.342769043973910836e-01,9.155216338476747095e-01,1.000000000000000000e+00,8.787318735124474145e-01,9.822303097458534582e-01,9.623178608731578487e-01,8.959859378267469587e-01,9.833991731346883869e-01,8.711786085747681430e-01,8.906348848833820497e-01,9.378455923486062051e-01,9.325916927776946030e-01,9.321427933920437559e-01,8.866789978976914455e-01,9.187062102776459849e-01,9.400815164863255413e-01,8.854709414771275711e-01,9.838231166055722010e-01,9.610516254283567594e-01,9.712556270729703067e-01,9.160460885794017294e-01,9.458680280905192861e-01,8.880281854976396216e-01,9.420825264959369338e-01,9.698434987451467482e-01,8.973831847558649821e-01,9.076764369823421275e-01,9.840963768271456802e-01,8.891935336255061273e-01,8.753615380627727260e-01
8.793470861410292994e-01,8.697446640404505880e-01,9.025504134276933765e-01,9.048822084031200585e-01,9.133465929313053788e-01,9.139907032825023148e-01,8.787946596531537313e-01,8.983696306556596678e-01,8.801721633694740143e-01,9.139794311586190156e-01,9.378982551037828852e-01,8.787318735124474145e-01,1.000000000000000000e+00,8.759332912654579362e-01,8.950067157661037998e-01,9.512384022059541255e-01,8.774566566202982587e-01,9.735977843026482059e-01,9.585151326448237974e-01,9.078667858936255719e-01,9.205589151249484736e-01,9.182639525595127639e-01,9.651517762822783286e-01,9.297408470756087784e-01,9.112906873645650885e-01,9.818676898461372593e-01,8.773404428169293556e-01,8.937265827524056849e-01,8.880877783125112890e-01,9.252386285330416182e-01,8.982620606111348938e-01,9.142627909966272171e-01,8.771057746713407655e-01,8.651990588059293996e-01,9.462350724616535036e-01,9.424334161636377383e-01,8.776387383485458882e-01,9.200993645139325938e-01,9.051088792866300858e-01
9.838976646048213093e-01,9.770037926854098220e-01,9.426828493723277136e-01,9.438223151991527171e-01,9.339776238596579905e-01,9.356910132175351169e-01,9.725416893724228018e-01,9.543961302084230658e-01,9.812364725509233887e-01,9.312435842908621808e-01,9.110704769219898358e-01,9.822303097458534582e-01,8.759332912654579362e-01,1.000000000000000000e+00,9.601296134991655906e-01,8.910240814914274221e-01,9.828527186641580204e-01,8.682854712080869675e-01,8.855353975310551462e-01,9.350400363013940952e-01,9.294711754738086418e-01,9.288988251799896734e-01,8.821289341174515242e-01,9.146288849518758868e-01,9.373187006610255168e-01,8.828005759534440777e-01,9.800622715227214066e-01,9.591091241994118555e-01,9.669340351258829402e-01,9.140861825156100240e-01,9.448039184869551077e-01,8.917105343651348104e-01,9.481507444068404400e-01,9.754141641092767268e-01,8.929978473392511384e-01,9.033367500914586401e-01,9.809244598940631832e-01,8.870768063408880355e-01,8.753849110613425299e-01
9.620633274277790026e-01,9.483640747089363554e-01,9.642541839164309181e-01,9.634855721417754371e-01,9.519443669807087227e-01,9.538901595231582542e-01,9.642782612623322924e-01,9.770148174905962657e-01,9.629973797166601068e-01,9.510090394457789698e-01,9.361709759346334980e-01,9.623178608731578487e-01,8.950067157661037998e-01,9.601296134991655906e-01,1.000000000000000000e+00,9.117624372156801771e-01,9.638615242626178414e-01,8.844387435159681843e-01,9.056783745092634730e-01,9.557457075650436229e-01,9.511169395496474888e-01,9.501648301091282223e-01,9.022303178246972033e-01,9.390508211758381574e-01,9.541938401674399106e-01,8.999811773612516053e-01,9.629993846887167086e-01,9.849146636865685478e-01,9.755761481791176415e-01,9.382460095641179665e-01,9.672413710752731930e-01,8.761483142722268358e-01,9.243274300353040429e-01,9.447124125313853815e-01,9.157880679627953269e-01,9.266941643678612284e-01,9.623091447599553261e-01,8.871719068642137662e-01,8.620554608224224591e-01
8.949832438326346118e-01,8.767465857534336715e-01,9.200373582526975014e-01,9.238276700748140335e-01,9.312182483291396862e-01,9.339345206674620758e-01,8.913921542073938165e-01,9.151479663775088369e-01,8.965301827835964188e-01,9.333309100117180845e-01,9.583856815397897577e-01,8.959859378267469587e-01,9.512384022059541255e-01,8.910240814914274221e-01,9.117624372156801771e-01,1.000000000000000000e+00,8.936510429993980154e-01,9.362428833355835867e-01,9.772039096318358986e-01,9.286957813952068097e-01,9.382893157761594827e-01,9.368829448285868056e-01,9.731419384521059479e-01,9.519951772870339779e-01,9.281690225327922095e-01,9.496521043605417045e-01,8.932830458024613174e-01,9.110352787525639595e-01,9.015065730538029953e-01,9.426995274139861047e-01,9.204125853697211479e-01,8.918882695646580538e-01,8.807291207090448548e-01,8.731737924890584646e-01,9.780580271680331395e-01,9.688955570396330375e-01,8.940772381242025890e-01,8.947212520511739209e-01,8.886806730395223619e-01
9.832952478169156851e-01,9.732808265710947149e-01,9.441271946367780776e-01,9.454593607680170653e-01,9.359785205097782557e-01,9.385818980064301043e-01,9.764034732998895239e-01,9.586950383977260737e-01,9.832183787209616277e-01,9.330894749096056984e-01,9.139224354069744871e-01,9.833991731346883869e-01,8.774566566202982587e-01,9.828527186641580204e-01,9.638615242626178414e-01,8.936510429993980154e-01,1.000000000000000000e+00,8.678298572471270234e-01,8.901470646028993849e-01,9.374190241687136993e-01,9.321212331104358206e-01,9.319411899061554871e-01,8.857254108558483274e-01,9.171577848234285790e-01,9.393741003154896241e-01,8.835649942177712379e-01,9.813700692797745484e-01,9.629199982812395309e-01,9.713518142252280940e-01,9.147833338204481857e-01,9.476020412230179435e-01,8.879219404115998859e-01,9.448621342583813920e-01,9.715491460837187843e-01,8.943763830427710060e-01,9.050594884609218793e-01,9.822823359563790380e-01,8.886648767247206093e-01,8.719504884958583224e-01
8.708107040434587276e-01,8.606459692239744053e-01,8.937473055324852700e-01,8.949635099671844340e-01,9.056691313092661844e-01,9.044016285877257699e-01,8.686614211902439209e-01,8.869022499444332297e-01,8.714844992674567470e-01,9.058103543367258537e-01,9.249492980042421930e-01,8.711786085747681430e-01,9.735977843026482059e-01,8.682854712080869675e-01,8.844387435159681843e-01,9.362428833355835867e-01,8.678298572471270234e-01,1.000000000000000000e+00,9.459384678392747103e-01,8.983821761282426710e-01,9.100437518433402984e-01,9.056969228216673606e-01,9.513117324372076800e-01,9.165217233080524828e-01,9.027438956153401861e-01,9.762839848224832418e-01,8.672947441197448315e-01,8.832537365083535930e-01,8.784011519498995391e-01,9.137568706799206186e-01,8.881806718154713343e-01,9.204901462765744391e-01,8.729593078499763292e-01,8.565541023802990539e-01,9.325646492520526243e-01,9.294058332234299558e-01,8.679459968741574105e-01,9.213301988839981416e-01,9.143207312995801361e-01
8.909421049474823828e-01,8.741807197883660896e-01,9.116693269874205363e-01,9.155871113521091287e-01,9.244982746047302191e-01,9.263305392153475815e-01,8.892924493705409716e-01,9.086545848492594279e-01,8.938558082773824243e-01,9.268811330956260308e-01,9.515985126253270199e-01,8.906348848833820497e-01,9.585151326448237974e-01,8.855353975310551462e-01,9.056783745092634730e-01,9.772039096318358986e-01,8.901470646028993849e-01,9.459384678392747103e-01,1.000000000000000000e+00,9.205253858348294571e-01,9.327998631385582273e-01,9.315741299466210323e-01,9.806090202997197469e-01,9.435757721687253463e-01,9.212274007144121146e-01,9.572870867581140253e-01,8.892654439606657579e-01,9.050532555206868279e-01,8.974409098152771325e-01,9.359040722381838373e-01,9.115567276864781077e-01,8.909480665390002718e-01,8.757223705672347869e-01,8.705830980441120470e-01,9.683220006198535179e-01,9.625328174624925293e-01,8.894771292655471173e-01,8.986606145183589911e-01,8.868480408140471116e-01
9.363052804118537908e-01,9.243920937232652513e-01,9.794609452908521474e-01,9.801272374506269092e-01,9.834089266871358648e-01,9.825022510795115016e-01,9.346202280373426818e-01,9.639085889383635086e-01,9.369717562538366629e-01,9.812337535094479701e-01,9.535033024490277009e-01,9.378455923486062051e-01,9.078667858936255719e-01,9.350400363013940952e-01,9.557457075650436229e-01,9.286957813952068097e-01,9.374190241687136993e-01,8.983821761282426710e-01,9.205253858348294571e-01,1.000000000000000000e+00,9.765126153049991098e-01,9.753123227036009091e-01,9.166692850446266361e-01,9.616156317808430831e-01,9.838495428520579456e-01,9.073521702238754871e-01,9.372424163370556283e-01,9.561411165010806901e-01,9.506953926691912304e-01,9.627019832949240685e-01,9.727245420658001684e-01,8.881546068105902192e-01,9.075606732216325856e-01,9.237180086456991956e-01,9.377976939523977595e-01,9.447384735082327012e-01,9.364526705810425344e-01,8.854264128492957964e-01,8.687092071583183417e-01
9.314839752242431992e-01,9.208064835489070399e-01,9.709803034635815511e-01,9.718183402675996119e-01,9.782548615216595245e-01,9.774264188728541969e-01,9.312302626292814356e-01,9.580052129613353395e-01,9.322490128802974896e-01,9.781343254612308025e-01,9.648482587470939009e-01,9.325916927776946030e-01,9.205589151249484736e-01,9.294711754738086418e-01,9.511169395496474888e-01,9.382893157761594827e-01,9.321212331104358206e-01,9.100437518433402984e-01,9.327998631385582273e-01,9.765126153049991098e-01,1.000000000000000000e+00,9.839809097681513350e-01,9.305073161090829936e-01,9.708848926024831183e-01,9.776184280357034240e-01,9.203472033951261011e-01,9.319713320718431282e-01,9.519752014388610517e-01,9.458156795852907806e-01,9.725896972824642495e-01,9.667017533399798745e-01,8.940605414283568919e-01,9.078081047633207445e-01,9.170750108779643917e-01,9.484266800005519693e-01,9.577555312885501770e-01,9.309136241554292202e-01,8.913870022102530211e-01,8.764961533487313217e-01
9.317327113755627943e-01,9.212429697161197417e-01,9.707517311924609427e-01,9.719216352539142845e-01,9.764256550518832789e-01,9.766045634071615078e-01,9.321513653411392930e-01,9.581913608905116009e-01,9.314168350499378857e-01,9.771743444077621854e-01,9.661146497695144442e-01,9.321427933920437559e-01,9.182639525595127639e-01,9.288988251799896734e-01,9.501648301091282223e-01,9.368829448285868056e-01,9.319411899061554871e-01,9.056969228216673606e-01,9.315741299466210323e-01,9.753123227036009091e-01,9.839809097681513350e-01,1.000000000000000000e+00,9.281214626505206455e-01,9.732225895841892793e-01,9.765345279025183789e-01,9.183189672251809155e-01,9.314868792314796586e-01,9.512131147233553463e-01,9.449590565284329280e-01,9.755731300546651719e-01,9.665073702342521500e-01,8.910994353108386834e-01,9.042900127578376024e-01,9.162772809375747673e-01,9.478206656141876518e-01,9.581259054058011149e-01,9.302731159596817623e-01,8.929676336488431287e-01,8.726525546334960026e-01
8.863578024749526607e-01,8.722492493356783783e-01,9.070371371934138338e-01,9.111286598285960325e-01,9.209097501615097769e-01,9.220221546162137294e-01,8.845594395792431008e-01,9.042109802763089732e-01,8.890299468578123365e-01,9.220876039439134253e-01,9.504217961153833549e-01,8.866789978976914455e-01,9.651517762822783286e-01,8.821289341174515242e-01,9.022303178246972033e-01,9.731419384521059479e-01,8.857254108558483274e-01,9.513117324372076800e-01,9.806090202997197469e-01,9.166692850446266361e-01,9.305073161090829936e-01,9.281214626505206455e-01,1.000000000000000000e+00,9.422386747488116221e-01,9.173119632668643719e-01,9.617668149414966283e-01,8.841355522675208300e-01,9.023880907831635101e-01,8.939381092397348239e-01,9.339483784493874952e-01,9.060238113542710137e-01,8.935142104303701593e-01,8.730362584797300984e-01,8.665101866784578055e-01,9.649343110604362561e-01,9.606558709274154451e-01,8.844685007928438925e-01,9.047225594038459384e-01,8.923085178531304784e-01
9.177370329333732757e-01,9.073212834656179115e-01,9.580879272500693045e-01,9.602866263006187841e-01,9.625402924126910120e-01,9.634784696233371637e-01,9.200866512826895161e-01,9.477888695878237124e-01,9.177244357504116268e-01,9.650027440140463986e-01,9.797722133611130868e-01,9.187062102776459849e-01,9.297408470756087784e-01,9.146288849518758868e-01,9.390508211758381574e-01,9.519951772870339779e-01,9.171577848234285790e-01,9.165217233080524828e-01,9.435757721687253463e-01,9.616156317808430831e-01,9.708848926024831183e-01,9.732225895841892793e-01,9.422386747488116221e-01,1.000000000000000000e+00,9.631537010242662289e-01,9.279777500560599801e-01,9.178813299930062009e-01,9.404306131653875633e-01,9.314466257864262300e-01,9.752169486437141099e-01,9.559441927897340818e-01,8.883238594191779081e-01,8.960172028155833912e-01,9.008850520526112682e-01,9.628697107083999951e-01,9.707118578990102664e-01,9.166793608598700072e-01,8.994936483401122507e-01,8.824695041660953754e-01
9.381863607793852200e-01,9.270124405879901497e-01,9.787687967268777767e-01,9.790509983277841943e-01,9.832175939713624357e-01,9.817798742281058644e-01,9.362966172880087257e-01,9.635247693133376368e-01,9.392565024264165618e-01,9.823306615993104840e-01,9.548040898312867286e-01,9.400815164863255413e-01,9.112906873645650885e-01,9.373187006610255168e-01,9.541938401674399106e-01,9.281690225327922095e-01,9.393741003154896241e-01,9.027438956153401861e-01,9.212274007144121146e-01,9.838495428520579456e-01,9.776184280357034240e-01,9.765345279025183789e-01,9.173119632668643719e-01,9.631537010242662289e-01,1.000000000000000000e+00,9.108661293066884213e-01,9.394361668892107220e-01,9.542288657788826622e-01,9.511674414283781687e-01,9.650545827862595516e-01,9.727058391663953030e-01,8.926798908423672074e-01,9.105671518984072010e-01,9.260228267743432218e-01,9.376190290672959948e-01,9.444615926618721291e-01,9.388940986569311864e-01,8.877972400450622192e-01,8.716051687024645167e-01
8.858850216274614109e-01,8.765845278809710761e-01,9.041455956417029372e-01,9.060911017764768927e-01,9.128772762696812926e-01,9.147319924195613794e-01,8.841462074215711286e-01,9.030625902915190295e-01,8.863869769815042599e-01,9.127947105412618223e-01,9.374495233596067401e-01,8.854709414771275711e-01,9.818676898461372593e-01,8.828005759534440777e-01,8.999811773612516053e-01,9.496521043605417045e-01,8.835649942177712379e-01,9.762839848224832418e-01,9.572870867581140253e-01,9.073521702238754871e-01,9.203472033951261011e-01,9.183189672251809155e-01,9.617668149414966283e-01,9.279777500560599801e-01,9.108661293066884213e-01,1.000000000000000000e+00,8.837865572603565978e-01,8.983633496701681764e-01,8.942371038435908970e-01,9.233450229780777452e-01,9.008072962761962676e-01,9.173484584640719808e-01,8.862510038305945193e-01,8.730668311182870900e-01,9.439162715777577040e-01,9.409029032576278206e-01,8.839717576852071934e-01,9.213433730130896615e-01,9.122059122738233050e-01
9.827980503074119634e-01,9.692208148749635876e-01,9.433636245622468719e-01,9.437825140170440497e-01,9.358352764344652908e-01,9.386905830437067833e-01,9.779227503393213006e-01,9.585097322514570806e-01,9.850008227723474619e-01,9.336162271690792158e-01,9.140649077041825832e-01,9.838231166055722010e-01,8.773404428169293556e-01,9.800622715227214066e-01,9.629993846887167086e-01,8.932830458024613174e-01,9.813700692797745484e-01,8.672947441197448315e-01,8.892654439606657579e-01,9.372424163370556283e-01,9.319713320718431282e-01,9.314868792314796586e-01,8.841355522675208300e-01,9.178813299930062009e-01,9.394361668892107220e-01,8.837865572603565978e-01,1.000000000000000000e+00,9.631421205828541998e-01,9.728027135389167857e-01,9.144323624895345226e-01,9.462996627420853235e-01,8.857637784638813239e-01,9.404576387424238293e-01,9.683828896836871314e-01,8.948523785701406608e-01,9.057492258099815174e-01,9.857366239422488130e-01,8.877176051460382578e-01,8.724878882727685747e-01
9.615877760317690370e-01,9.474738617876392599e-01,9.644779965507712660e-01,9.636748887040638145e-01,9.529049441452166480e-01,9.544947738580659147e-01,9.647632883903616285e-01,9.779967090804158047e-01,9.621117108852733635e-01,9.513289794370348718e-01,9.368626980496963519e-01,9.610516254283567594e-01,8.937265827524056849e-01,9.591091241994118555e-01,9.849146636865685478e-01,9.110352787525639595e-01,9.629199982812395309e-01,8.832537365083535930e-01,9.050532555206868279e-01,9.561411165010806901e-01,9.519752014388610517e-01,9.512131147233553463e-01,9.023880907831635101e-01,9.404306131653875633e-01,9.542288657788826622e-01,8.983633496701681764e-01,9.631421205828541998e-01,1.000000000000000000e+00,9.751026617410307740e-01,9.395973101897421298e-01,9.671182260396442576e-01,8.762591249764765111e-01,9.236103500747390171e-01,9.433476639896968274e-01,9.153872764429348274e-01,9.268466095471933341e-01,9.619580503767019009e-01,8.872622832748914279e-01,8.610996569466140560e-01
9.703245787905018238e-01,9.576550274758569570e-01,9.571984012497336547e-01,9.569773604798265110e-01,9.479258524990611390e-01,9.488533056157576473e-01,9.747159962521959597e-01,9.708764502031381749e-01,9.721201612381175083e-01,9.456841750496842725e-01,9.264417642722366786e-01,9.712556270729703067e-01,8.880877783125112890e-01,9.669340351258829402e-01,9.755761481791176415e-01,9.015065730538029953e-01,9.713518142252280940e-01,8.784011519498995391e-01,8.974409098152771325e-01,9.506953926691912304e-01,9.458156795852907806e-01,9.449590565284329280e-01,8.939381092397348239e-01,9.314466257864262300e-01,9.511674414283781687e-01,8.942371038435908970e-01,9.728027135389167857e-01,9.751026617410307740e-01,1.000000000000000000e+00,9.289448586218124193e-01,9.601323404531160177e-01,8.834302663905587716e-01,9.351754286451245957e-01,9.545102924523133359e-01,9.058997648617301834e-01,9.180701974021792111e-01,9.721113586581473509e-01,8.907746710794711698e-01,8.721476942534988064e-01
9.164747658528812346e-01,9.057848664333840727e-01,9.605793093893816303e-01,9.611009342232331720e-01,9.637425610085131877e-01,9.652342917957817958e-01,9.191111955183637328e-01,9.470608416171666377e-01,9.150011978317307282e-01,9.671604912385475261e-01,9.707970484360219920e-01,9.160460885794017294e-01,9.252386285330416182e-01,9.140861825156100240e-01,9.382460095641179665e-01,9.426995274139861047e-01,9.147833338204481857e-01,9.137568706799206186e-01,9.359040722381838373e-01,9.627019832949240685e-01,9.725896972824642495e-01,9.755731300546651719e-01,9.339483784493874952e-01,9.752169486437141099e-01,9.650545827862595516e-01,9.233450229780777452e-01,9.144323624895345226e-01,9.395973101897421298e-01,9.289448586218124193e-01,1.000000000000000000e+00,9.561458860204807841e-01,8.874741065519152761e-01,8.939110702877414161e-01,9.012586177346388894e-01,9.516138668507909681e-01,9.612024530812672829e-01,9.138723780110387107e-01,8.928918588799062972e-01,8.745322108668940331e-01
9.473209616374923536e-01,9.342460034727776419e-01,9.798700336024669388e-01,9.793156955632248417e-01,9.695651571665044877e-01,9.700264908798278407e-01,9.454222856457272783e-01,9.778639797697288305e-01,9.457408591630527273e-01,9.695696967531037824e-01,9.476190650679929828e-01,9.458680280905192861e-01,8.982620606111348938e-01,9.448039184869551077e-01,9.672413710752731930e-01,9.204125853697211479e-01,9.476020412230179435e-01,8.881806718154713343e-01,9.115567276864781077e-01,9.727245420658001684e-01,9.667017533399798745e-01,9.665073702342521500e-01,9.060238113542710137e-01,9.559441927897340818e-01,9.727058391663953030e-01,9.008072962761962676e-01,9.462996627420853235e-01,9.671182260396442576e-01,9.601323404531160177e-01,9.561458860204807841e-01,1.000000000000000000e+00,8.821726610550583159e-01,9.151190377743174675e-01,9.315549954139706879e-01,9.289218890482363600e-01,9.374877190611847766e-01,9.463894180854041105e-01,8.837201848398030801e-01,8.620158300995365286e-01
8.908018721330097645e-01,8.877012907664432184e-01,8.871646769670495924e-01,8.887018437149238892e-01,8.934085721611721986e-01,8.941164194233238716e-01,8.807730282483446915e-01,8.788156512074871696e-01,8.849727984641602152e-01,8.909457066924105773e-01,9.000613431190428448e-01,8.880281854976396216e-01,9.142627909966272171e-01,8.917105343651348104e-01,8.761483142722268358e-01,8.918882695646580538e-01,8.879219404115998859e-01,9.204901462765744391e-01,8.909480665390002718e-01,8.881546068105902192e-01,8.940605414283568919e-01,8.910994353108386834e-01,8.935142104303701593e-01,8.883238594191779081e-01,8.926798908423672074e-01,9.173484584640719808e-01,8.857637784638813239e-01,8.762591249764765111e-01,8.834302663905587716e-01,8.874741065519152761e-01,8.821726610550583159e-01,1.000000000000000000e+00,9.160059205603435784e-01,8.868775977545058087e-01,8.969735952218159669e-01,8.996711205719950533e-01,8.859435545783036492e-01,9.256648188904081920e-01,9.229035519798233222e-01
9.446103044081239908e-01,9.498030542899608131e-01,9.156533696478982298e-01,9.159132306383480637e-01,9.081331726576288288e-01,9.119065874577823028e-01,9.385576830558179928e-01,9.267581562898061787e-01,9.409595941421672327e-01,9.078378093579444474e-01,8.946516251356614324e-01,9.420825264959369338e-01,8.771057746713407655e-01,9.481507444068404400e-01,9.243274300353040429e-01,8.807291207090448548e-01,9.448621342583813920e-01,8.729593078499763292e-01,8.757223705672347869e-01,9.075606732216325856e-01,9.078081047633207445e-01,9.042900127578376024e-01,8.730362584797300984e-01,8.960172028155833912e-01,9.105671518984072010e-01,8.862510038305945193e-01,9.404576387424238293e-01,9.236103500747390171e-01,9.351754286451245957e-01,8.939110702877414161e-01,9.151190377743174675e-01,9.160059205603435784e-01,1.000000000000000000e+00,9.525948268951832665e-01,8.809447601507429670e-01,8.887580635677013730e-01,9.408838654623765674e-01,8.961972334186641964e-01,8.980419790844286210e-01
9.726979798327983762e-01,9.825895768584936851e-01,9.321081754614861659e-01,9.331688986114556883e-01,9.223412988579041683e-01,9.264441491420478680e-01,9.616862466176182567e-01,9.423053126306060179e-01,9.698936618593501091e-01,9.188869414927508528e-01,8.961399838904765547e-01,9.698434987451467482e-01,8.651990588059293996e-01,9.754141641092767268e-01,9.447124125313853815e-01,8.731737924890584646e-01,9.715491460837187843e-01,8.565541023802990539e-01,8.705830980441120470e-01,9.237180086456991956e-01,9.170750108779643917e-01,9.162772809375747673e-01,8.665101866784578055e-01,9.008850520526112682e-01,9.260228267743432218e-01,8.730668311182870900e-01,9.683828896836871314e-01,9.433476639896968274e-01,9.545102924523133359e-01,9.012586177346388894e-01,9.315549954139706879e-01,8.868775977545058087e-01,9.525948268951832665e-01,1.000000000000000000e+00,8.773696027105470918e-01,8.878323130276193353e-01,9.700548798730854738e-01,8.883578730691753522e-01,8.726614057337873653e-01
8.985107442116350152e-01,8.836047951426455604e-01,9.285292867480799961e-01,9.322053283281929170e-01,9.410242948181636313e-01,9.422885069413373671e-01,8.931299414810062176e-01,9.202520836985351727e-01,8.968808669947816448e-01,9.428736553811019050e-01,9.691130270734016339e-01,8.973831847558649821e-01,9.462350724616535036e-01,8.929978473392511384e-01,9.157880679627953269e-01,9.780580271680331395e-01,8.943763830427710060e-01,9.325646492520526243e-01,9.683220006198535179e-01,9.377976939523977595e-01,9.484266800005519693e-01,9.478206656141876518e-01,9.649343110604362561e-01,9.628697107083999951e-01,9.376190290672959948e-01,9.439162715777577040e-01,8.948523785701406608e-01,9.153872764429348274e-01,9.058997648617301834e-01,9.516138668507909681e-01,9.289218890482363600e-01,8.969735952218159669e-01,8.809447601507429670e-01,8.773696027105470918e-01,1.000000000000000000e+00,9.763617996293392221e-01,8.952670108215536882e-01,9.009384245254177248e-01,8.905911016109293588e-01
9.075130824883884673e-01,8.951935646479514119e-01,9.392365097124922846e-01,9.424487560736442004e-01,9.471211547794131658e-01,9.492321862247563580e-01,9.057039182078590045e-01,9.314097764353242992e-01,9.070539274387480200e-01,9.501293020580686699e-01,9.764452280835630438e-01,9.076764369823421275e-01,9.424334161636377383e-01,9.033367500914586401e-01,9.266941643678612284e-01,9.688955570396330375e-01,9.050594884609218793e-01,9.294058332234299558e-01,9.625328174624925293e-01,9.447384735082327012e-01,9.577555312885501770e-01,9.581259054058011149e-01,9.606558709274154451e-01,9.707118578990102664e-01,9.444615926618721291e-01,9.409029032576278206e-01,9.057492258099815174e-01,9.268466095471933341e-01,9.180701974021792111e-01,9.612024530812672829e-01,9.374877190611847766e-01,8.996711205719950533e-01,8.887580635677013730e-01,8.878323130276193353e-01,9.763617996293392221e-01,1.000000000000000000e+00,9.051428291808144566e-01,9.036269012549079660e-01,8.900203837758997594e-01
9.839524545728171034e-01,9.704842416688197471e-01,9.424347616766085567e-01,9.429849555501573777e-01,9.347102033123431131e-01,9.379218970352783957e-01,9.771990546103702657e-01,9.581670207946516582e-01,9.852015590377162235e-01,9.325827771507189112e-01,9.134129274953276534e-01,9.840963768271456802e-01,8.776387383485458882e-01,9.809244598940631832e-01,9.623091447599553261e-01,8.940772381242025890e-01,9.822823359563790380e-01,8.679459968741574105e-01,8.894771292655471173e-01,9.364526705810425344e-01,9.309136241554292202e-01,9.302731159596817623e-01,8.844685007928438925e-01,9.166793608598700072e-01,9.388940986569311864e-01,8.839717576852071934e-01,9.857366239422488130e-01,9.619580503767019009e-01,9.721113586581473509e-01,9.138723780110387107e-01,9.463894180854041105e-01,8.859435545783036492e-01,9.408838654623765674e-01,9.700548798730854738e-01,8.952670108215536882e-01,9.051428291808144566e-01,1.000000000000000000e+00,8.866819095526722316e-01,8.733275198285822549e-01
8.921549640407624437e-01,8.930156322354928511e-01,8.818295764946908477e-01,8.867449732638538196e-01,8.879761602529204767e-01,8.883566191186178518e-01,8.903491518188884069e-01,8.833164003177418344e-01,8.867535941872777272e-01,8.867032136933507003e-01,9.052270721993137537e-01,8.891935336255061273e-01,9.200993645139325938e-01,8.870768063408880355e-01,8.871719068642137662e-01,8.947212520511739209e-01,8.886648767247206093e-01,9.213301988839981416e-01,8.986606145183589911e-01,8.854264128492957964e-01,8.913870022102530211e-01,8.929676336488431287e-01,9.047225594038459384e-01,8.994936483401122507e-01,8.877972400450622192e-01,9.213433730130896615e-01,8.877176051460382578e-01,8.872622832748914279e-01,8.907746710794711698e-01,8.928918588799062972e-01,8.837201848398030801e-01,9.256648188904081920e-01,8.961972334186641964e-01,8.883578730691753522e-01,9.009384245254177248e-01,9.036269012549079660e-01,8.866819095526722316e-01,1.000000000000000000e+00,9.362205979377727916e-01
8.763199400425475405e-01,8.748523887993914228e-01,8.626904048165979777e-01,8.677752104654755660e-01,8.701431844530631565e-01,8.730999925556071073e-01,8.757685388075515664e-01,8.609429671263523209e-01,8.718144092321984395e-01,8.662945725766701965e-01,8.935914768259052288e-01,8.753615380627727260e-01,9.051088792866300858e-01,8.753849110613425299e-01,8.620554608224224591e-01,8.886806730395223619e-01,8.719504884958583224e-01,9.143207312995801361e-01,8.868480408140471116e-01,8.687092071583183417e-01,8.764961533487313217e-01,8.726525546334960026e-01,8.923085178531304784e-01,8.824695041660953754e-01,8.716051687024645167e-01,9.122059122738233050e-01,8.724878882727685747e-01,8.610996569466140560e-01,8.721476942534988064e-01,8.745322108668940331e-01,8.620158300995365286e-01,9.229035519798233222e-01,8.980419790844286210e-01,8.726614057337873653e-01,8.905911016109293588e-01,8.900203837758997594e-01,8.733275198285822549e-01,9.362205979377727916e-01,1.000000000000000000e+00
