1.000000000000000000e+00,2.562163170432347203e-01,1.631182124928964583e-01,1.784548317511382848e-02,1.461851912182688951e-01,1.561133334784165216e-01,1.848056555323273342e-01,-2.429846911023462730e-01,6.578957640866014978e-02,5.055557033749521478e-01,1.163632384526792213e-01,-1.990615521634855611e-01,-8.913113142396364430e-02,3.972157729324277131e-01,-8.033794733122361087e-02,4.835080652673904300e-01,1.922265421834713495e-01,2.521952194996089358e-01,-1.980107178420877946e-03,1.237148771682520659e-01,1.854236507963000491e-01,1.809910237787126508e-01,5.005803265355326381e-01,3.260024868113100549e-01,4.829711291328724343e-01,2.643575933172787606e-01,6.037076168495023043e-02,2.207046428954904105e-01,4.346232328585248328e-01,5.848338803250093809e-01,4.216152818074360709e-01,3.217724007064813874e-01,1.776992320451464547e-01,4.629566092021793200e-02,4.430377010595403786e-01,3.460140095225618939e-01,3.003934611339967309e-01,3.542192637022121837e-01,8.625951099176573655e-02
2.562163170432347203e-01,1.000000000000000000e+00,-1.581765582645965063e-01,-5.323693361804949786e-01,-1.115195498461461904e-01,-5.544016849605313269e-01,-5.672644267985341854e-02,-1.454083386597856790e-02,6.855058041202460872e-01,-3.575506636892352708e-01,2.486633581132635940e-01,5.431635504483165455e-01,-1.531436651489606893e-01,4.799582826598013108e-02,2.368184333530576058e-01,-2.409045140900663851e-01,-2.621469343129853025e-01,1.873894763986903578e-01,2.173225189697011173e-01,-4.988504604007315546e-01,-5.850606879931933291e-01,-4.904821842810302424e-01,1.792832278556093506e-01,1.990714248637215633e-01,1.010442226928032899e-01,-2.744201880428270290e-01,5.286684970049702059e-01,-5.179252046837196088e-01,-1.102421245016313722e-01,4.705438464848274993e-01,-4.686173450787364803e-01,-3.497531060513495160e-01,-5.320714763556910754e-01,4.040806766289316010e-01,-4.384931157904881083e-02,-4.277788559535503077e-01,-5.597542461172601014e-01,7.576072545496220778e-02,6.541764254592340455e-01
1.631182124928964583e-01,-1.581765582645965063e-01,1.000000000000000000e+00,4.052714449423945320e-01,7.211933775696892646e-01,1.845740995368848891e-01,3.564210194679096055e-01,-6.321780669787208096e-01,1.481735121199630467e-01,4.807308288032481336e-01,-1.265523489674828250e-01,2.492236319701205197e-02,1.522134819431294195e-01,4.697565485406563490e-01,2.365996641437164150e-01,4.132384193504413106e-01,1.045277424544799605e-01,5.031192756394915477e-01,2.705895192951779382e-01,6.129200911026768672e-01,6.241464612404800105e-01,4.984844304420483763e-01,3.646172305035851324e-01,2.266854724042062230e-01,4.177864927507859982e-01,3.098245535414316243e-01,-1.151424388207237560e-02,5.151877227105396972e-01,3.570770789336598638e-01,2.467952868718491788e-01,3.980160579425311984e-01,4.155694377016684871e-01,5.484249367985594148e-01,4.085637800238620665e-01,7.485599615256262329e-02,1.533761227295460938e-01,3.089527592158934910e-01,4.029997817259359238e-01,2.064810482839156136e-01
1.784548317511382848e-02,-5.323693361804949786e-01,4.052714449423945320e-01,1.000000000000000000e+00,2.498115239706804880e-01,4.838199824585592834e-01,5.487568425679940631e-01,4.934490719342940479e-02,-3.592163183076962363e-01,6.240441272675253392e-01,-4.483334860581405512e-01,-2.930288979120242443e-01,3.948559539594698187e-01,2.047223261870892153e-01,2.522487228894070704e-02,4.528743760026978649e-01,5.732656804459323324e-02,2.344438307525665288e-01,9.608231001697144225e-02,8.031799466853133396e-01,7.286706755091119092e-01,7.618522925559909620e-01,1.254666312361475411e-01,4.998855896875134541e-02,1.860261871683382973e-01,4.770776820179636890e-01,-3.488224573177783339e-01,7.338055117416870665e-01,4.994738852215047098e-01,-1.185350269984826177e-01,5.843479020038274685e-01,5.498087106649323097e-01,6.027250428803987425e-01,-1.282588191488111540e-01,2.720530820663536464e-01,4.635783041667778104e-01,6.617607581610345235e-01,1.699478273211044166e-01,-3.495897740130524123e-01
1.461851912182688951e-01,-1.115195498461461904e-01,7.211933775696892646e-01,2.498115239706804880e-01,1.000000000000000000e+00,2.376760135759901638e-01,2.061416986489861825e-01,-4.468188181668413805e-01,2.403498230861574603e-01,3.635515053584920109e-01,1.751106974072926536e-01,1.267934834287187951e-01,1.160108060152213599e-01,5.924390376659686153e-01,3.564485005265763951e-01,4.145006059915960495e-01,3.384911644516317430e-01,4.411817672005487467e-01,2.658150881545568445e-01,4.899971909490538069e-01,4.411421291349476026e-01,3.286327293816506123e-01,4.192644418556521480e-01,3.344140781246952021e-01,4.118976026476088848e-01,4.353224176013795743e-01,9.352753644919678533e-02,5.224618431164903543e-01,2.765334444743163811e-01,2.870648839224502757e-01,3.547744828645020831e-01,4.577482100174330437e-01,4.161398199526815667e-01,5.669979888119788258e-01,7.724097539311998439e-02,4.957268608390029245e-03,2.427363634227318601e-01,4.636529198198143242e-01,1.587282240256655819e-01
1.561133334784165216e-01,-5.544016849605313269e-01,1.845740995368848891e-01,4.838199824585592834e-01,2.376760135759901638e-01,1.000000000000000000e+00,1.244458821931265502e-01,-5.030348202117779915e-02,-6.043691820892630462e-01,5.169453009772632113e-01,-1.837135097014223617e-01,-5.168459410519234964e-01,3.004922286251102692e-01,3.841287074553944580e-01,-3.590761225430366133e-01,4.457055901540366016e-01,5.736568176286334086e-01,-1.811006484791746474e-01,-3.651628207641892110e-01,4.906978731603278132e-01,5.261182801178730939e-01,5.176422528829167646e-01,1.441613448804575093e-01,1.214347567316213794e-01,5.310960750579810097e-02,3.844863568686567867e-01,-4.857891997493914982e-01,5.527632728184870281e-01,4.308072214028599300e-01,-1.439283614087503160e-01,5.600868777628250639e-01,6.802897417716222694e-01,4.837304179268840931e-01,-2.670581843084979812e-01,5.011943850880981044e-01,5.746412149081966403e-01,7.346978114094853130e-01,-1.507057251159793221e-01,-5.824869024602790102e-01
1.848056555323273342e-01,-5.672644267985341854e-02,3.564210194679096055e-01,5.487568425679940631e-01,2.061416986489861825e-01,1.244458821931265502e-01,1.000000000000000000e+00,1.408803410449133986e-01,3.397028459479272539e-02,5.050821493560997411e-01,-2.812789460956230392e-01,1.994026280185350053e-02,3.647356071026992552e-01,2.684537539666996264e-01,2.300726684616033468e-01,2.953497935328227020e-01,-1.787211602200327321e-01,5.629614016259650855e-01,4.854786683391734137e-01,5.763965858652334573e-01,4.744863131058837391e-01,6.027633471617201977e-01,3.164304257550318855e-01,8.518563951433481829e-02,4.210090138893085032e-01,2.425377510599893705e-01,-4.028618060857350712e-03,3.937094600264679500e-01,4.487165870580777094e-01,1.788812979016804194e-01,3.829465124759045547e-01,3.369323858713145214e-01,3.372684757607652406e-01,6.444031798119222165e-02,2.337719580622079907e-01,2.824452789156980947e-01,2.932311526988969352e-01,2.339916482178645285e-01,1.938290137738906960e-01
-2.429846911023462730e-01,-1.454083386597856790e-02,-6.321780669787208096e-01,4.934490719342940479e-02,-4.468188181668413805e-01,-5.030348202117779915e-02,1.408803410449133986e-01,1.000000000000000000e+00,-1.016762438259680990e-01,-1.875907115805472147e-01,-2.736604189782865584e-02,1.584800240918500802e-01,1.839574456261661994e-01,-3.242303275106241944e-01,7.731082326631082136e-02,-2.482688524863641000e-01,-9.077341861521341648e-02,-1.384245161115918443e-01,8.527255800701423472e-02,-1.263725787549230539e-01,-2.548864456495175679e-01,-1.013165404116909696e-01,-2.213979542593082495e-01,-1.727961856078158998e-01,-2.127856502777892012e-01,-9.691250818668506462e-02,-2.411655819558587363e-02,-1.727369889337483089e-01,-1.343233656447461455e-01,-2.700836102971380659e-01,-1.710019558699505948e-01,-2.076410015553503685e-01,-2.861340636615007926e-01,-2.023025108478012923e-01,-4.335242156768959187e-02,-8.239984546142589683e-02,-1.082818479209696760e-01,-2.355432235753668890e-01,-1.867514982735589690e-01
6.578957640866014978e-02,6.855058041202460872e-01,1.481735121199630467e-01,-3.592163183076962363e-01,2.403498230861574603e-01,-6.043691820892630462e-01,3.397028459479272539e-02,-1.016762438259680990e-01,1.000000000000000000e+00,-3.009759257858833914e-01,3.204011410560779205e-01,7.137961618798668306e-01,-1.786745825368802054e-01,1.178790126141561062e-01,6.705889375705118560e-01,-1.534826260139216525e-01,-2.507647022904394563e-01,5.425136011854497786e-01,6.014604710421098677e-01,-2.695285384117314664e-01,-3.935906011970448093e-01,-4.021796443368478857e-01,1.912184558896087849e-01,1.908996947516848897e-01,2.490991071304868298e-01,-1.128271668045813803e-01,6.243106024518485508e-01,-2.619364574034480087e-01,-1.370262827814099360e-01,4.527831926077047209e-01,-4.192109482617652483e-01,-3.575003976692451846e-01,-4.176682115998583966e-01,6.959278198418886729e-01,-3.570806556988755931e-01,-6.167790345939980767e-01,-5.995450065866386735e-01,3.950851547454202195e-01,7.140750273930520642e-01
5.055557033749521478e-01,-3.575506636892352708e-01,4.807308288032481336e-01,6.240441272675253392e-01,3.635515053584920109e-01,5.169453009772632113e-01,5.050821493560997411e-01,-1.875907115805472147e-01,-3.009759257858833914e-01,1.000000000000000000e+00,-2.257237195932147167e-01,-4.261846366989170409e-01,2.155982438905329479e-01,4.436741750845880072e-01,-2.983627820234230690e-02,7.500756803949193419e-01,2.313305351276550015e-01,3.417717555030567178e-01,6.492666581875415621e-02,7.151050367039639699e-01,7.594114329868311142e-01,7.354842079658138188e-01,4.271392790445787124e-01,1.941396600854236321e-01,5.263411372025761370e-01,5.570699109241709079e-01,-2.148303146582083989e-01,7.198149252203713822e-01,6.509922793339849578e-01,2.987634756593096630e-01,7.789882621074011304e-01,7.025816240079738595e-01,6.574381242362037359e-01,-7.010805661682589784e-02,5.050890315087407378e-01,6.288923618138975158e-01,7.317484688389407355e-01,3.635520642334880148e-01,-2.444688196451489659e-01
1.163632384526792213e-01,2.486633581132635940e-01,-1.265523489674828250e-01,-4.483334860581405512e-01,1.751106974072926536e-01,-1.837135097014223617e-01,-2.812789460956230392e-01,-2.736604189782865584e-02,3.204011410560779205e-01,-2.257237195932147167e-01,1.000000000000000000e+00,2.956377919373119334e-01,-2.319866275851358017e-01,1.841027045081232716e-01,1.403382834377548682e-01,-1.092828636633596529e-01,3.762705467141794768e-01,2.147728388149567139e-02,1.396725843557698188e-01,-4.122800091746580686e-01,-3.080432631618594819e-01,-3.367076258451219828e-01,9.063636527708375176e-03,1.584211794024626696e-01,7.591898102552181726e-02,1.567491222393865846e-01,4.909938035590766803e-01,-1.967161759053100145e-01,-2.938926161216607325e-01,2.822867503185311211e-01,-2.575752542550346358e-01,-9.469866121444249496e-02,-1.744442873700298713e-01,1.982230743550372487e-01,-1.705687973198832252e-01,-3.109739663715444524e-01,-3.816631782997004230e-01,6.784626577193775265e-02,1.954376332085210333e-01
-1.990615521634855611e-01,5.431635504483165455e-01,2.492236319701205197e-02,-2.930288979120242443e-01,1.267934834287187951e-01,-5.168459410519234964e-01,1.994026280185350053e-02,1.584800240918500802e-01,7.137961618798668306e-01,-4.261846366989170409e-01,2.956377919373119334e-01,1.000000000000000000e+00,-9.166222754755806723e-02,-2.733479694416408867e-02,5.925443089060425939e-01,-3.491409471421444977e-01,-1.662836572234916155e-01,3.513110716912302700e-01,5.527980712197146929e-01,-2.686417580626535573e-01,-4.656066878543940746e-01,-4.041828935771744069e-01,7.510585064937488724e-03,8.679556499002268055e-02,1.128033143736794364e-01,-1.619299490897388727e-01,6.163531742088215193e-01,-3.550067286991383519e-01,-2.461220135765783412e-01,1.568882278453330448e-01,-4.725088436836396566e-01,-4.114041284878213744e-01,-4.510658636410974642e-01,5.112075197643450863e-01,-4.221172431540460845e-01,-6.101903437040667733e-01,-6.144375425193925322e-01,1.188291892046056258e-01,6.417301827531958214e-01
-8.913113142396364430e-02,-1.531436651489606893e-01,1.522134819431294195e-01,3.948559539594698187e-01,1.160108060152213599e-01,3.004922286251102692e-01,3.647356071026992552e-01,1.839574456261661994e-01,-1.786745825368802054e-01,2.155982438905329479e-01,-2.319866275851358017e-01,-9.166222754755806723e-02,1.000000000000000000e+00,2.083414113086661662e-02,-9.551940302205454147e-02,-3.696806499849211464e-03,7.436833077897275768e-02,6.581115276080740095e-02,-1.154026634535009095e-02,3.064943210823986020e-01,3.442701229432367227e-01,4.831330717179661005e-01,-6.133177672725768220e-02,-6.620267733994790460e-02,-1.990890213511349316e-01,6.484587986882225930e-02,-2.454554552813250912e-01,2.363811663432210108e-01,5.491899426637574660e-02,-2.219001237105822644e-01,1.415712788788751064e-01,1.821324175451196348e-01,4.540734256340127617e-01,3.289852267519650323e-03,2.246831222885412038e-01,2.493257278567112822e-01,2.025421737012911005e-01,-1.149846003566891012e-01,-4.338083415126980924e-02
3.972157729324277131e-01,4.799582826598013108e-02,4.697565485406563490e-01,2.047223261870892153e-01,5.924390376659686153e-01,3.841287074553944580e-01,2.684537539666996264e-01,-3.242303275106241944e-01,1.178790126141561062e-01,4.436741750845880072e-01,1.841027045081232716e-01,-2.733479694416408867e-02,2.083414113086661662e-02,1.000000000000000000e+00,8.033193142273765963e-02,5.090271040149514370e-01,4.099880990836629047e-01,2.580553848996595123e-01,8.905566371355480570e-02,3.576377722630874056e-01,3.356164074075360104e-01,3.238090024552082724e-01,4.724422407163256787e-01,6.572965376883990185e-01,4.424865361673953612e-01,4.896404556541564257e-01,1.313377406196264696e-01,4.455401875083371266e-01,4.704950818907336907e-01,4.260388361246452149e-01,3.568358501193488186e-01,5.986657612120435124e-01,2.950559071432468650e-01,3.276745431163097244e-01,3.932119589831378770e-01,1.646646066838315103e-01,3.288589603378432313e-01,1.835182874943334930e-01,3.030419968149677956e-02
-8.033794733122361087e-02,2.368184333530576058e-01,2.365996641437164150e-01,2.522487228894070704e-02,3.564485005265763951e-01,-3.590761225430366133e-01,2.300726684616033468e-01,7.731082326631082136e-02,6.705889375705118560e-01,-2.983627820234230690e-02,1.403382834377548682e-01,5.925443089060425939e-01,-9.551940302205454147e-02,8.033193142273765963e-02,1.000000000000000000e+00,7.722531174743028914e-02,-1.296255741249719984e-01,7.112245244925277099e-01,7.395385394017950365e-01,1.376051735991337954e-01,-7.607814622314865161e-02,-1.273163366093520710e-01,2.104907636867324461e-01,2.322928266165048827e-02,4.138363071035809360e-01,2.039767829597026738e-01,4.081765712213947239e-01,1.466527994674802493e-01,7.000553128214510867e-02,2.521571570229799164e-01,-1.597412381214655119e-01,-1.330710097331006259e-01,-2.071388843324598605e-01,5.487354025886316267e-01,-3.988554063944226291e-01,-4.686445286689689960e-01,-2.694512433860690725e-01,5.737611011167323971e-01,3.649674121531175652e-01
4.835080652673904300e-01,-2.409045140900663851e-01,4.132384193504413106e-01,4.528743760026978649e-01,4.145006059915960495e-01,4.457055901540366016e-01,2.953497935328227020e-01,-2.482688524863641000e-01,-1.534826260139216525e-01,7.500756803949193419e-01,-1.092828636633596529e-01,-3.491409471421444977e-01,-3.696806499849211464e-03,5.090271040149514370e-01,7.722531174743028914e-02,1.000000000000000000e+00,3.692166451667486249e-01,3.098318913696475052e-01,-3.576908950315270657e-03,5.729456262802452571e-01,5.503184801945580906e-01,4.789749686255318495e-01,4.627510179835400139e-01,3.063833243924641292e-01,4.829192034720401483e-01,6.323551593923076863e-01,-1.316210393251925070e-01,6.856867032301171561e-01,5.556160454474580179e-01,4.242615079994475624e-01,6.275800342459506576e-01,6.282400087467097105e-01,4.104397937793982098e-01,1.673161585239164861e-02,4.305218088050767888e-01,5.189029829742521915e-01,6.093295350293403967e-01,4.180156988228842518e-01,-2.478216273669122949e-01
1.922265421834713495e-01,-2.621469343129853025e-01,1.045277424544799605e-01,5.732656804459323324e-02,3.384911644516317430e-01,5.736568176286334086e-01,-1.787211602200327321e-01,-9.077341861521341648e-02,-2.507647022904394563e-01,2.313305351276550015e-01,3.762705467141794768e-01,-1.662836572234916155e-01,7.436833077897275768e-02,4.099880990836629047e-01,-1.296255741249719984e-01,3.692166451667486249e-01,1.000000000000000000e+00,-1.137985804727760786e-01,-2.695100516657459311e-01,1.370915360697188279e-01,1.709257340612128084e-01,1.252994865590509044e-01,1.198420590999834667e-01,2.123576199920459429e-01,2.863978666287287853e-02,4.451399537824827779e-01,-9.525992737711459768e-02,3.616117924769305381e-01,1.330599778907710362e-01,1.359265030412646902e-01,2.747835566985568079e-01,4.216375253033508574e-01,2.490306429736059424e-01,-6.454043331203582201e-02,2.476284569178503203e-01,2.598703415018370766e-01,3.495102511039847037e-01,4.652408081374762028e-02,-3.276323791056199308e-01
2.521952194996089358e-01,1.873894763986903578e-01,5.031192756394915477e-01,2.344438307525665288e-01,4.411817672005487467e-01,-1.811006484791746474e-01,5.629614016259650855e-01,-1.384245161115918443e-01,5.425136011854497786e-01,3.417717555030567178e-01,2.147728388149567139e-02,3.513110716912302700e-01,6.581115276080740095e-02,2.580553848996595123e-01,7.112245244925277099e-01,3.098318913696475052e-01,-1.137985804727760786e-01,1.000000000000000000e+00,7.876914534559713577e-01,3.615387356983940093e-01,2.590055523149028538e-01,2.371477361808115025e-01,3.941913745748786280e-01,1.008264730495135181e-01,5.803206310365315312e-01,2.749748814907438943e-01,2.761739340579970059e-01,3.160975490287965539e-01,2.837128543735679687e-01,4.397800338245872465e-01,1.301424738348770094e-01,9.821722879415108187e-02,1.413333214129702531e-01,4.283956551223542797e-01,-9.194658513976101955e-02,-1.417264146101478994e-01,-2.504229455345405655e-02,6.628530242970274156e-01,4.636126792822495291e-01
-1.980107178420877946e-03,2.173225189697011173e-01,2.705895192951779382e-01,9.608231001697144225e-02,2.658150881545568445e-01,-3.651628207641892110e-01,4.854786683391734137e-01,8.527255800701423472e-02,6.014604710421098677e-01,6.492666581875415621e-02,1.396725843557698188e-01,5.527980712197146929e-01,-1.154026634535009095e-02,8.905566371355480570e-02,7.395385394017950365e-01,-3.576908950315270657e-03,-2.695100516657459311e-01,7.876914534559713577e-01,1.000000000000000000e+00,1.326910615783988834e-01,-3.553061880663282036e-03,1.790992306054010538e-02,2.014156803805119689e-01,-9.756700869845976593e-03,4.563723321822915624e-01,7.981413625463426587e-02,4.613536091813298934e-01,3.790947769637460080e-02,9.413148476040174295e-02,2.432142726385092546e-01,-1.330120655728688206e-01,-1.420625509967373690e-01,-1.113705015432932821e-01,3.761511136902871977e-01,-2.817406554825845899e-01,-3.959473452355219969e-01,-3.003406393145936493e-01,4.597331875921928934e-01,5.165570990970116405e-01
1.237148771682520659e-01,-4.988504604007315546e-01,6.129200911026768672e-01,8.031799466853133396e-01,4.899971909490538069e-01,4.906978731603278132e-01,5.763965858652334573e-01,-1.263725787549230539e-01,-2.695285384117314664e-01,7.151050367039639699e-01,-4.122800091746580686e-01,-2.686417580626535573e-01,3.064943210823986020e-01,3.576377722630874056e-01,1.376051735991337954e-01,5.729456262802452571e-01,1.370915360697188279e-01,3.615387356983940093e-01,1.326910615783988834e-01,1.000000000000000000e+00,8.204712578446865523e-01,7.946277947052073909e-01,3.322098337546161018e-01,1.543461216692979532e-01,3.815857085551390138e-01,5.319475979072662009e-01,-3.039119973470618130e-01,8.155559524518427583e-01,5.682759470337938046e-01,6.833084066521507606e-03,7.109355077972668857e-01,6.367203427105471158e-01,6.432107740223852455e-01,6.776168786252773080e-02,2.658560270999678621e-01,4.833633506763178600e-01,7.069855105334229561e-01,3.018779071517761481e-01,-2.423247008927434665e-01
1.854236507963000491e-01,-5.850606879931933291e-01,6.241464612404800105e-01,7.286706755091119092e-01,4.411421291349476026e-01,5.261182801178730939e-01,4.744863131058837391e-01,-2.548864456495175679e-01,-3.935906011970448093e-01,7.594114329868311142e-01,-3.080432631618594819e-01,-4.656066878543940746e-01,3.442701229432367227e-01,3.356164074075360104e-01,-7.607814622314865161e-02,5.503184801945580906e-01,1.709257340612128084e-01,2.590055523149028538e-01,-3.553061880663282036e-03,8.204712578446865523e-01,1.000000000000000000e+00,8.625411915896680215e-01,2.722597756275843550e-01,8.821934401286792016e-02,2.970865755378976902e-01,5.215435893442814663e-01,-3.735947858750429673e-01,7.815675750565055369e-01,4.432286807754968749e-01,-3.377356440620132849e-02,7.397030660879375663e-01,6.514064568080049078e-01,8.364903802509583430e-01,-3.136714697008834152e-02,3.321642760156506280e-01,5.623139135806245470e-01,7.110707842370328491e-01,2.290547778392473255e-01,-3.171320997768329319e-01
1.809910237787126508e-01,-4.904821842810302424e-01,4.984844304420483763e-01,7.618522925559909620e-01,3.286327293816506123e-01,5.176422528829167646e-01,6.027633471617201977e-01,-1.013165404116909696e-01,-4.021796443368478857e-01,7.354842079658138188e-01,-3.367076258451219828e-01,-4.041828935771744069e-01,4.831330717179661005e-01,3.238090024552082724e-01,-1.273163366093520710e-01,4.789749686255318495e-01,1.252994865590509044e-01,2.371477361808115025e-01,1.790992306054010538e-02,7.946277947052073909e-01,8.625411915896680215e-01,1.000000000000000000e+00,2.645177563842591728e-01,1.425816546950469388e-01,2.661989205858641405e-01,5.029929170709046549e-01,-3.221327816353952711e-01,7.241094273340386023e-01,4.553523107209614951e-01,-3.907210530970708917e-02,7.236589068277017311e-01,6.243203655831812693e-01,8.168444618387307177e-01,-9.117657306358119274e-02,4.133027213859666316e-01,6.046846741814144721e-01,6.871782356208697706e-01,1.223382385731374145e-01,-2.401248359436017332e-01
5.005803265355326381e-01,1.792832278556093506e-01,3.646172305035851324e-01,1.254666312361475411e-01,4.192644418556521480e-01,1.441613448804575093e-01,3.164304257550318855e-01,-2.213979542593082495e-01,1.912184558896087849e-01,4.271392790445787124e-01,9.063636527708375176e-03,7.510585064937488724e-03,-6.133177672725768220e-02,4.724422407163256787e-01,2.104907636867324461e-01,4.627510179835400139e-01,1.198420590999834667e-01,3.941913745748786280e-01,2.014156803805119689e-01,3.322098337546161018e-01,2.722597756275843550e-01,2.645177563842591728e-01,1.000000000000000000e+00,4.557418835206925589e-01,6.837983787876616981e-01,3.797877652622719813e-01,2.135236077297505142e-01,3.701594738933359219e-01,4.838945297948620827e-01,5.065827124948294458e-01,3.819936160118133639e-01,4.050543354498515325e-01,1.453644745429198692e-01,2.926888533972100137e-01,4.063514733145239810e-01,1.705182363300011550e-01,2.574017237496672994e-01,4.408142292285450736e-01,1.843169567968543088e-01
3.260024868113100549e-01,1.990714248637215633e-01,2.266854724042062230e-01,4.998855896875134541e-02,3.344140781246952021e-01,1.214347567316213794e-01,8.518563951433481829e-02,-1.727961856078158998e-01,1.908996947516848897e-01,1.941396600854236321e-01,1.584211794024626696e-01,8.679556499002268055e-02,-6.620267733994790460e-02,6.572965376883990185e-01,2.322928266165048827e-02,3.063833243924641292e-01,2.123576199920459429e-01,1.008264730495135181e-01,-9.756700869845976593e-03,1.543461216692979532e-01,8.821934401286792016e-02,1.425816546950469388e-01,4.557418835206925589e-01,1.000000000000000000e+00,3.083735710820729170e-01,3.491771634420077208e-01,2.602580955691820019e-01,2.122401198886140206e-01,2.824244018638130127e-01,3.931063287877288870e-01,1.869140855451804084e-01,3.283548665162741576e-01,8.452048799626818432e-02,2.626395072896610117e-01,3.131457673800728259e-01,4.798631634063538903e-02,1.467896141151991407e-01,1.022117006743413492e-01,1.318932396133217777e-01
4.829711291328724343e-01,1.010442226928032899e-01,4.177864927507859982e-01,1.860261871683382973e-01,4.118976026476088848e-01,5.310960750579810097e-02,4.210090138893085032e-01,-2.127856502777892012e-01,2.490991071304868298e-01,5.263411372025761370e-01,7.591898102552181726e-02,1.128033143736794364e-01,-1.990890213511349316e-01,4.424865361673953612e-01,4.138363071035809360e-01,4.829192034720401483e-01,2.863978666287287853e-02,5.803206310365315312e-01,4.563723321822915624e-01,3.815857085551390138e-01,2.970865755378976902e-01,2.661989205858641405e-01,6.837983787876616981e-01,3.083735710820729170e-01,1.000000000000000000e+00,4.077084803637578414e-01,3.065097887163193424e-01,3.540262769387407804e-01,5.260318320120120905e-01,4.918782701039869920e-01,3.682227168696711739e-01,3.453823264623226419e-01,1.436605532683282449e-01,2.742384156828746034e-01,2.046732783109367626e-01,5.715887286153664010e-02,2.142898129239590166e-01,5.700722477254120957e-01,2.019536295776899748e-01
2.643575933172787606e-01,-2.744201880428270290e-01,3.098245535414316243e-01,4.770776820179636890e-01,4.353224176013795743e-01,3.844863568686567867e-01,2.425377510599893705e-01,-9.691250818668506462e-02,-1.128271668045813803e-01,5.570699109241709079e-01,1.567491222393865846e-01,-1.619299490897388727e-01,6.484587986882225930e-02,4.896404556541564257e-01,2.039767829597026738e-01,6.323551593923076863e-01,4.451399537824827779e-01,2.749748814907438943e-01,7.981413625463426587e-02,5.319475979072662009e-01,5.215435893442814663e-01,5.029929170709046549e-01,3.797877652622719813e-01,3.491771634420077208e-01,4.077084803637578414e-01,1.000000000000000000e+00,1.044403207264473638e-01,7.329019521592812225e-01,4.205379798319262563e-01,2.372270741351178436e-01,5.348069346619582776e-01,6.512904701929622675e-01,4.611917516378594151e-01,5.047471215150711038e-02,2.933864538183419968e-01,3.300551753334846072e-01,5.056197158516767542e-01,3.567313928116686017e-01,-2.600765945399275969e-01
6.037076168495023043e-02,5.286684970049702059e-01,-1.151424388207237560e-02,-3.488224573177783339e-01,9.352753644919678533e-02,-4.857891997493914982e-01,-4.028618060857350712e-03,-2.411655819558587363e-02,6.243106024518485508e-01,-2.148303146582083989e-01,4.909938035590766803e-01,6.163531742088215193e-01,-2.454554552813250912e-01,1.313377406196264696e-01,4.081765712213947239e-01,-1.316210393251925070e-01,-9.525992737711459768e-02,2.761739340579970059e-01,4.613536091813298934e-01,-3.039119973470618130e-01,-3.735947858750429673e-01,-3.221327816353952711e-01,2.135236077297505142e-01,2.602580955691820019e-01,3.065097887163193424e-01,1.044403207264473638e-01,1.000000000000000000e+00,-2.470614613688210670e-01,-8.603127438726572429e-02,3.227128408195408804e-01,-2.522571276994826084e-01,-1.774979134415136661e-01,-3.793055000273117261e-01,3.376375724428546943e-01,-1.576750756651702778e-01,-4.020899512656885277e-01,-5.014735023178542583e-01,2.135797308255602822e-01,5.600255214292209072e-01
2.207046428954904105e-01,-5.179252046837196088e-01,5.151877227105396972e-01,7.338055117416870665e-01,5.224618431164903543e-01,5.527632728184870281e-01,3.937094600264679500e-01,-1.727369889337483089e-01,-2.619364574034480087e-01,7.198149252203713822e-01,-1.967161759053100145e-01,-3.550067286991383519e-01,2.363811663432210108e-01,4.455401875083371266e-01,1.466527994674802493e-01,6.856867032301171561e-01,3.616117924769305381e-01,3.160975490287965539e-01,3.790947769637460080e-02,8.155559524518427583e-01,7.815675750565055369e-01,7.241094273340386023e-01,3.701594738933359219e-01,2.122401198886140206e-01,3.540262769387407804e-01,7.329019521592812225e-01,-2.470614613688210670e-01,1.000000000000000000e+00,5.259324380446314118e-01,9.766237515424498750e-02,7.416523167309619913e-01,6.996128634045762906e-01,6.567902683003632447e-01,4.831402221163482585e-02,3.069710711737478337e-01,5.123782912778637177e-01,7.282357499091093311e-01,3.924145569252069365e-01,-3.696552479255477142e-01
4.346232328585248328e-01,-1.102421245016313722e-01,3.570770789336598638e-01,4.994738852215047098e-01,2.765334444743163811e-01,4.308072214028599300e-01,4.487165870580777094e-01,-1.343233656447461455e-01,-1.370262827814099360e-01,6.509922793339849578e-01,-2.938926161216607325e-01,-2.461220135765783412e-01,5.491899426637574660e-02,4.704950818907336907e-01,7.000553128214510867e-02,5.556160454474580179e-01,1.330599778907710362e-01,2.837128543735679687e-01,9.413148476040174295e-02,5.682759470337938046e-01,4.432286807754968749e-01,4.553523107209614951e-01,4.838945297948620827e-01,2.824244018638130127e-01,5.260318320120120905e-01,4.205379798319262563e-01,-8.603127438726572429e-02,5.259324380446314118e-01,1.000000000000000000e+00,3.200226230043100029e-01,5.351134642340793501e-01,6.441191180379334247e-01,2.649810594838291622e-01,1.347569411581635117e-02,5.570540907935698227e-01,3.984269756463953982e-01,6.545986151332646719e-01,3.098142179123839490e-01,-1.783076450344116826e-01
5.848338803250093809e-01,4.705438464848274993e-01,2.467952868718491788e-01,-1.185350269984826177e-01,2.870648839224502757e-01,-1.439283614087503160e-01,1.788812979016804194e-01,-2.700836102971380659e-01,4.527831926077047209e-01,2.987634756593096630e-01,2.822867503185311211e-01,1.568882278453330448e-01,-2.219001237105822644e-01,4.260388361246452149e-01,2.521571570229799164e-01,4.242615079994475624e-01,1.359265030412646902e-01,4.397800338245872465e-01,2.432142726385092546e-01,6.833084066521507606e-03,-3.377356440620132849e-02,-3.907210530970708917e-02,5.065827124948294458e-01,3.931063287877288870e-01,4.918782701039869920e-01,2.372270741351178436e-01,3.227128408195408804e-01,9.766237515424498750e-02,3.200226230043100029e-01,1.000000000000000000e+00,7.491436155480045433e-02,1.847573801506918745e-01,-4.963373168194776947e-02,3.402472316612103476e-01,2.136414258838112701e-01,6.192176274403409647e-02,-2.042782782644490813e-02,4.826038535725566958e-01,3.951402411232173284e-01
4.216152818074360709e-01,-4.686173450787364803e-01,3.980160579425311984e-01,5.843479020038274685e-01,3.547744828645020831e-01,5.600868777628250639e-01,3.829465124759045547e-01,-1.710019558699505948e-01,-4.192109482617652483e-01,7.789882621074011304e-01,-2.575752542550346358e-01,-4.725088436836396566e-01,1.415712788788751064e-01,3.568358501193488186e-01,-1.597412381214655119e-01,6.275800342459506576e-01,2.747835566985568079e-01,1.301424738348770094e-01,-1.330120655728688206e-01,7.109355077972668857e-01,7.397030660879375663e-01,7.236589068277017311e-01,3.819936160118133639e-01,1.869140855451804084e-01,3.682227168696711739e-01,5.348069346619582776e-01,-2.522571276994826084e-01,7.416523167309619913e-01,5.351134642340793501e-01,7.491436155480045433e-02,1.000000000000000000e+00,6.711187287122560852e-01,6.601438096530208854e-01,-9.391356815607125597e-02,4.851797436572042876e-01,6.857271128713945396e-01,7.991766403964922771e-01,2.633380466852314750e-01,-3.159917624676216730e-01
3.217724007064813874e-01,-3.497531060513495160e-01,4.155694377016684871e-01,5.498087106649323097e-01,4.577482100174330437e-01,6.802897417716222694e-01,3.369323858713145214e-01,-2.076410015553503685e-01,-3.575003976692451846e-01,7.025816240079738595e-01,-9.469866121444249496e-02,-4.114041284878213744e-01,1.821324175451196348e-01,5.986657612120435124e-01,-1.330710097331006259e-01,6.282400087467097105e-01,4.216375253033508574e-01,9.821722879415108187e-02,-1.420625509967373690e-01,6.367203427105471158e-01,6.514064568080049078e-01,6.243203655831812693e-01,4.050543354498515325e-01,3.283548665162741576e-01,3.453823264623226419e-01,6.512904701929622675e-01,-1.774979134415136661e-01,6.996128634045762906e-01,6.441191180379334247e-01,1.847573801506918745e-01,6.711187287122560852e-01,1.000000000000000000e+00,5.640620180223351321e-01,-4.237553078634467840e-02,6.108612451891974882e-01,5.616522290794774275e-01,7.538277437074504261e-01,1.312505310119947977e-01,-3.393501607139077780e-01
1.776992320451464547e-01,-5.320714763556910754e-01,5.484249367985594148e-01,6.027250428803987425e-01,4.161398199526815667e-01,4.837304179268840931e-01,3.372684757607652406e-01,-2.861340636615007926e-01,-4.176682115998583966e-01,6.574381242362037359e-01,-1.744442873700298713e-01,-4.510658636410974642e-01,4.540734256340127617e-01,2.950559071432468650e-01,-2.071388843324598605e-01,4.104397937793982098e-01,2.490306429736059424e-01,1.413333214129702531e-01,-1.113705015432932821e-01,6.432107740223852455e-01,8.364903802509583430e-01,8.168444618387307177e-01,1.453644745429198692e-01,8.452048799626818432e-02,1.436605532683282449e-01,4.611917516378594151e-01,-3.793055000273117261e-01,6.567902683003632447e-01,2.649810594838291622e-01,-4.963373168194776947e-02,6.601438096530208854e-01,5.640620180223351321e-01,1.000000000000000000e+00,-3.998283203549430481e-02,3.459254790884762620e-01,5.273322660290542530e-01,6.218896277807407502e-01,1.385857986309704803e-01,-2.481759701332736379e-01
4.629566092021793200e-02,4.040806766289316010e-01,4.085637800238620665e-01,-1.282588191488111540e-01,5.669979888119788258e-01,-2.670581843084979812e-01,6.444031798119222165e-02,-2.023025108478012923e-01,6.959278198418886729e-01,-7.010805661682589784e-02,1.982230743550372487e-01,5.112075197643450863e-01,3.289852267519650323e-03,3.276745431163097244e-01,5.487354025886316267e-01,1.673161585239164861e-02,-6.454043331203582201e-02,4.283956551223542797e-01,3.761511136902871977e-01,6.776168786252773080e-02,-3.136714697008834152e-02,-9.117657306358119274e-02,2.926888533972100137e-01,2.626395072896610117e-01,2.742384156828746034e-01,5.047471215150711038e-02,3.376375724428546943e-01,4.831402221163482585e-02,1.347569411581635117e-02,3.402472316612103476e-01,-9.391356815607125597e-02,-4.237553078634467840e-02,-3.998283203549430481e-02,1.000000000000000000e+00,-1.502061563050859916e-01,-4.461454989835909601e-01,-2.389896195408504342e-01,3.567258039312776186e-01,4.516939079436731452e-01
4.430377010595403786e-01,-4.384931157904881083e-02,7.485599615256262329e-02,2.720530820663536464e-01,7.724097539311998439e-02,5.011943850880981044e-01,2.337719580622079907e-01,-4.335242156768959187e-02,-3.570806556988755931e-01,5.050890315087407378e-01,-1.705687973198832252e-01,-4.221172431540460845e-01,2.246831222885412038e-01,3.932119589831378770e-01,-3.988554063944226291e-01,4.305218088050767888e-01,2.476284569178503203e-01,-9.194658513976101955e-02,-2.817406554825845899e-01,2.658560270999678621e-01,3.321642760156506280e-01,4.133027213859666316e-01,4.063514733145239810e-01,3.131457673800728259e-01,2.046732783109367626e-01,2.933864538183419968e-01,-1.576750756651702778e-01,3.069710711737478337e-01,5.570540907935698227e-01,2.136414258838112701e-01,4.851797436572042876e-01,6.108612451891974882e-01,3.459254790884762620e-01,-1.502061563050859916e-01,1.000000000000000000e+00,5.163458193669054896e-01,5.927638090244508051e-01,-2.393095325121686809e-02,-2.228978060623176549e-01
3.460140095225618939e-01,-4.277788559535503077e-01,1.533761227295460938e-01,4.635783041667778104e-01,4.957268608390029245e-03,5.746412149081966403e-01,2.824452789156980947e-01,-8.239984546142589683e-02,-6.167790345939980767e-01,6.288923618138975158e-01,-3.109739663715444524e-01,-6.101903437040667733e-01,2.493257278567112822e-01,1.646646066838315103e-01,-4.686445286689689960e-01,5.189029829742521915e-01,2.598703415018370766e-01,-1.417264146101478994e-01,-3.959473452355219969e-01,4.833633506763178600e-01,5.623139135806245470e-01,6.046846741814144721e-01,1.705182363300011550e-01,4.798631634063538903e-02,5.715887286153664010e-02,3.300551753334846072e-01,-4.020899512656885277e-01,5.123782912778637177e-01,3.984269756463953982e-01,6.192176274403409647e-02,6.857271128713945396e-01,5.616522290794774275e-01,5.273322660290542530e-01,-4.461454989835909601e-01,5.163458193669054896e-01,1.000000000000000000e+00,7.042126702725959309e-01,-5.811630564099640878e-02,-3.880631537197048453e-01
3.003934611339967309e-01,-5.597542461172601014e-01,3.089527592158934910e-01,6.617607581610345235e-01,2.427363634227318601e-01,7.346978114094853130e-01,2.932311526988969352e-01,-1.082818479209696760e-01,-5.995450065866386735e-01,7.317484688389407355e-01,-3.816631782997004230e-01,-6.144375425193925322e-01,2.025421737012911005e-01,3.288589603378432313e-01,-2.694512433860690725e-01,6.093295350293403967e-01,3.495102511039847037e-01,-2.504229455345405655e-02,-3.003406393145936493e-01,7.069855105334229561e-01,7.110707842370328491e-01,6.871782356208697706e-01,2.574017237496672994e-01,1.467896141151991407e-01,2.142898129239590166e-01,5.056197158516767542e-01,-5.014735023178542583e-01,7.282357499091093311e-01,6.545986151332646719e-01,-2.042782782644490813e-02,7.991766403964922771e-01,7.538277437074504261e-01,6.218896277807407502e-01,-2.389896195408504342e-01,5.927638090244508051e-01,7.042126702725959309e-01,1.000000000000000000e+00,1.040614419311838984e-01,-5.504477310273974133e-01
3.542192637022121837e-01,7.576072545496220778e-02,4.029997817259359238e-01,1.699478273211044166e-01,4.636529198198143242e-01,-1.507057251159793221e-01,2.339916482178645285e-01,-2.355432235753668890e-01,3.950851547454202195e-01,3.635520642334880148e-01,6.784626577193775265e-02,1.188291892046056258e-01,-1.149846003566891012e-01,1.835182874943334930e-01,5.737611011167323971e-01,4.180156988228842518e-01,4.652408081374762028e-02,6.628530242970274156e-01,4.597331875921928934e-01,3.018779071517761481e-01,2.290547778392473255e-01,1.223382385731374145e-01,4.408142292285450736e-01,1.022117006743413492e-01,5.700722477254120957e-01,3.567313928116686017e-01,2.135797308255602822e-01,3.924145569252069365e-01,3.098142179123839490e-01,4.826038535725566958e-01,2.633380466852314750e-01,1.312505310119947977e-01,1.385857986309704803e-01,3.567258039312776186e-01,-2.393095325121686809e-02,-5.811630564099640878e-02,1.040614419311838984e-01,1.000000000000000000e+00,2.597907630725586059e-01
8.625951099176573655e-02,6.541764254592340455e-01,2.064810482839156136e-01,-3.495897740130524123e-01,1.587282240256655819e-01,-5.824869024602790102e-01,1.938290137738906960e-01,-1.867514982735589690e-01,7.140750273930520642e-01,-2.444688196451489659e-01,1.954376332085210333e-01,6.417301827531958214e-01,-4.338083415126980924e-02,3.030419968149677956e-02,3.649674121531175652e-01,-2.478216273669122949e-01,-3.276323791056199308e-01,4.636126792822495291e-01,5.165570990970116405e-01,-2.423247008927434665e-01,-3.171320997768329319e-01,-2.401248359436017332e-01,1.843169567968543088e-01,1.318932396133217777e-01,2.019536295776899748e-01,-2.600765945399275969e-01,5.600255214292209072e-01,-3.696552479255477142e-01,-1.783076450344116826e-01,3.951402411232173284e-01,-3.159917624676216730e-01,-3.393501607139077780e-01,-2.481759701332736379e-01,4.516939079436731452e-01,-2.228978060623176549e-01,-3.880631537197048453e-01,-5.504477310273974133e-01,2.597907630725586059e-01,1.000000000000000000e+00
