1.000000000000000000e+00,8.233493791333879042e-01,3.723540870577984330e-01,-1.877489479531519179e-01,7.208705051588759627e-01,1.511199421368264184e-01,-3.206699538336339472e-01,-3.013524670988935728e-01,7.389653360126926529e-01,8.288757359870059238e-01,4.052311562604719031e-01,4.086985711471122218e-01,-6.167204633697173088e-01,7.535026141533102129e-01,2.520721592527928601e-01,7.753595113708697806e-01,5.356908591335470815e-01,3.931944651346571118e-01,3.508088633603929085e-01,-4.272625785200249819e-03,2.946700637614561580e-01,2.512138354551369801e-01,4.282077207520021966e-01,2.495597755806106821e-01,3.546876430945120617e-01,8.009883341672103807e-01,7.321037792915997544e-01,6.631735493571727647e-01,7.623669682401761349e-01,8.640611234151966968e-01,6.089494279407101640e-01,6.499330373483419576e-01,2.570910413348893031e-01,6.942675738826317167e-01,5.066830745076067455e-01,5.669192757410611572e-01,4.492720367066752596e-01,4.283801959516131408e-01,4.570694104895799414e-01
8.233493791333879042e-01,1.000000000000000000e+00,5.172901216874621344e-01,-1.829521857863780354e-01,7.406158181684548980e-01,4.134836441452461875e-01,-2.062245565024134197e-01,-4.612762231478331199e-01,7.887187693190460536e-01,7.239394075167302489e-01,3.902532991499067516e-01,4.791477775163440755e-01,-6.187944101195052005e-01,8.237152677466030859e-01,9.448524178468952969e-03,6.425008905533750037e-01,5.126747249940047935e-01,1.537531508823644089e-01,3.278870316229685056e-01,1.522898801372630541e-02,3.232613719859660506e-01,3.167814783015454605e-01,5.504645992833051560e-01,3.753412128046895169e-01,5.635632193990589567e-01,6.298597923424340550e-01,7.041320799812864628e-01,4.660175243169438208e-01,7.206839823672408496e-01,8.541753613580800319e-01,6.740725814664478843e-01,7.366171744960234857e-01,4.040498802935759137e-01,6.687224458012656081e-01,6.755003186248600411e-01,5.368160871276288493e-01,6.367075214141947326e-01,2.967054015860837168e-01,5.871160856510693193e-01
3.723540870577984330e-01,5.172901216874621344e-01,1.000000000000000000e+00,-3.816120872925068269e-02,7.463247581073918502e-01,3.016292383801855714e-01,1.568184360213157325e-01,-9.347562471886956548e-01,6.479628347215129480e-01,3.230650971742277111e-01,6.934306003883587699e-02,4.526127179285588387e-01,-6.234420419144506287e-01,6.791875890948967376e-01,4.620107582231045701e-02,3.494719412078763354e-01,2.252634003492770265e-01,-1.416547264579867960e-01,1.965950083503433254e-01,1.366606171026244800e-02,4.809271648610189409e-01,5.477268533326563604e-01,6.224774364046796737e-01,5.141131072440960903e-01,6.472140723202504109e-01,2.706511656099334084e-01,3.957720595693992038e-01,3.565226207859704677e-01,3.509129985794569029e-01,5.567063501031558337e-01,7.310739247010801245e-01,5.364881845642905933e-01,6.299833010912700981e-01,7.325214647313706973e-01,5.992541985963618645e-01,1.025878337673116897e-01,6.445369153288416086e-01,3.411979357878841546e-01,5.070674415011160452e-01
-1.877489479531519179e-01,-1.829521857863780354e-01,-3.816120872925068269e-02,1.000000000000000000e+00,-1.334567719247587436e-01,-1.366253625047075537e-01,2.396943586818437444e-01,7.368676346756290740e-02,-7.898967612183571685e-02,-1.315487887759085039e-01,-1.652924302909117849e-01,1.822197424452980108e-01,1.587339724532458307e-01,-1.548569731641913638e-01,1.661077630581340170e-01,-8.006258910677926943e-02,-2.693886475341518705e-01,1.978803398797248370e-01,1.585173787286412728e-01,-7.396922742716909027e-02,-3.473002522015676274e-01,-2.550485419159706155e-02,-8.297458800113567678e-02,-1.642288881170677062e-01,-6.451805537031146676e-02,-2.093535394313771891e-01,-2.112558392661638695e-01,-2.350806024185724818e-01,-2.367296940814287987e-01,-9.490590551348233872e-02,-1.596371897589237698e-01,-1.392973481300876781e-01,-3.673231372746052492e-01,-3.509226351989401527e-02,-1.844168107609610585e-01,-5.729076457583515136e-02,-8.844791630713594310e-02,-7.368859658355397801e-02,-2.270197569969200843e-02
7.208705051588759627e-01,7.406158181684548980e-01,7.463247581073918502e-01,-1.334567719247587436e-01,1.000000000000000000e+00,3.031523032725827460e-01,-1.200430124062075027e-01,-6.875802400030558426e-01,8.481710905687801505e-01,6.398819606399079873e-01,2.926427052166246101e-01,4.685684747112026649e-01,-7.999583108113703656e-01,8.599239992295435453e-01,1.018612188735477514e-01,6.181692167271441996e-01,4.843389414186674014e-01,1.487258835042205296e-01,3.103542184821114214e-01,-3.090215570147177709e-02,3.567883878819859134e-01,4.601093966743778352e-01,6.315326152550352345e-01,4.660520473146350096e-01,5.450144112909337535e-01,6.228076877420369861e-01,6.675472694796278361e-01,5.809393652239486228e-01,6.497143719479395729e-01,7.853426709640966008e-01,8.602291592081747762e-01,7.121460525215131954e-01,4.835648918574538824e-01,8.695538172953563016e-01,6.361616081110544885e-01,3.005747161808050572e-01,6.591919400237025162e-01,4.432578329194378775e-01,5.493970205939414653e-01
1.511199421368264184e-01,4.134836441452461875e-01,3.016292383801855714e-01,-1.366253625047075537e-01,3.031523032725827460e-01,1.000000000000000000e+00,1.834986096386495222e-02,-2.668218909267120464e-01,4.784592183605643201e-01,2.273617430671998896e-01,2.357741246503241017e-01,1.749864140275761426e-01,-2.691338546349074656e-01,4.219846949501852018e-01,-6.488915640421277775e-01,2.378091514834211606e-01,3.845048890584165102e-01,-2.108239092551229266e-01,2.608859632117178640e-01,7.635943159194638445e-03,-8.064002268302652987e-02,7.738118605145187512e-02,5.707631120792662216e-01,2.879508273521768080e-01,6.237818723078938365e-01,-7.271395587792053861e-02,3.491817296738836118e-01,-1.864720160477064126e-01,1.901817785492646851e-01,3.391791769539658219e-01,4.173044359331794517e-01,4.045628591905873761e-01,2.548863862671676417e-01,1.382190083277029247e-01,5.195383120918859454e-01,1.232689415275552980e-01,5.769932596316144080e-01,-1.377257051140466093e-01,3.205596613978073939e-01
-3.206699538336339472e-01,-2.062245565024134197e-01,1.568184360213157325e-01,2.396943586818437444e-01,-1.200430124062075027e-01,1.834986096386495222e-02,1.000000000000000000e+00,-2.173333705193654375e-01,-1.007842502822885872e-01,-2.757406900255522375e-01,-5.910070379729900208e-02,-9.810804033667766544e-02,1.539519324736063621e-01,-1.343581735324183291e-01,-1.555155379302963214e-01,-2.334011028642049845e-01,-1.693689487659686965e-01,-2.048925849781517983e-01,1.061224674918796601e-01,1.248201687317290615e-01,-2.907708121898353038e-02,1.558163470444171306e-01,-4.454322475513208812e-02,-4.884252094751916073e-02,8.705983547976933745e-02,-3.462771793155111633e-01,-2.853415624935227157e-01,-2.573157958142517354e-01,-2.811158068529663878e-01,-1.900469834503061561e-01,-6.799902535278302962e-02,-1.079195736494393959e-01,-2.177507902017460431e-02,-1.436333605397619728e-01,1.399976084493871620e-02,-1.179237671128820636e-01,4.838362270443682944e-02,-1.427461212899838461e-01,-3.440493874488304710e-02
-3.013524670988935728e-01,-4.612762231478331199e-01,-9.347562471886956548e-01,7.368676346756290740e-02,-6.875802400030558426e-01,-2.668218909267120464e-01,-2.173333705193654375e-01,1.000000000000000000e+00,-5.727090761843962596e-01,-2.479159262929911678e-01,-2.320196809078104924e-02,-3.821338099598953209e-01,5.680982813459003467e-01,-6.139200366928398989e-01,-3.276703427061537083e-02,-2.764447709746949422e-01,-1.675325856170497840e-01,2.297026967896467486e-01,-1.239347963983997852e-01,-3.267518291646346468e-02,-5.222212158421568606e-01,-5.485563125592819445e-01,-5.776640273653984581e-01,-5.243290835004035255e-01,-6.311930911585919013e-01,-2.076670945054168160e-01,-3.196122399215485799e-01,-3.082002350763904386e-01,-2.833844210617336712e-01,-4.829180731450607444e-01,-6.666796127872917088e-01,-4.629585523805185288e-01,-6.421266531262034283e-01,-6.703528465020548444e-01,-5.495921413252935483e-01,-5.837621618993154432e-02,-5.874464775605771072e-01,-3.277341263240255431e-01,-4.607707817272970185e-01
7.389653360126926529e-01,7.887187693190460536e-01,6.479628347215129480e-01,-7.898967612183571685e-02,8.481710905687801505e-01,4.784592183605643201e-01,-1.007842502822885872e-01,-5.727090761843962596e-01,1.000000000000000000e+00,7.224457297601905026e-01,3.551770424200741405e-01,5.304136026846910656e-01,-7.460834234466434678e-01,8.394147002207678065e-01,-6.538983106474320628e-02,7.057509398575629866e-01,4.918915590689519890e-01,2.308110018046382328e-01,5.004724930814261619e-01,-3.424852660662570242e-02,1.877905342298893665e-01,3.959030527168025948e-01,6.664460917127289497e-01,4.072406800558205364e-01,6.542998886153224003e-01,5.544606893039523143e-01,7.525177226574615297e-01,4.138145060795879737e-01,6.230129252317988531e-01,8.524299126027276019e-01,8.256611378962566139e-01,7.304896412429713326e-01,3.950006617362378791e-01,7.929141850414944681e-01,6.279474097272064181e-01,3.498078848342064950e-01,6.655328482445436178e-01,3.941859345499500455e-01,6.526987490122454494e-01
8.288757359870059238e-01,7.239394075167302489e-01,3.230650971742277111e-01,-1.315487887759085039e-01,6.398819606399079873e-01,2.273617430671998896e-01,-2.757406900255522375e-01,-2.479159262929911678e-01,7.224457297601905026e-01,1.000000000000000000e+00,3.329006596921605388e-01,4.497107717551137029e-01,-6.257445760397158940e-01,6.538579672466106052e-01,1.496637831283996189e-01,8.678599903512892455e-01,4.742022681217057944e-01,4.697160520507923098e-01,4.647506241259828363e-01,4.847445651648001064e-02,2.175794287392308901e-01,2.654474258659791364e-01,4.795671694172274346e-01,2.874803143678458239e-01,4.014968570897072264e-01,7.213206540498420249e-01,7.655226476929861690e-01,5.361062397907265797e-01,5.811200130568260347e-01,8.155268600302965076e-01,5.758566141853149745e-01,5.055455299459503671e-01,1.337556875474185114e-01,6.139572649556280792e-01,3.631501633537716489e-01,5.899922475051906368e-01,3.142636707314567790e-01,4.304619282473405861e-01,5.136859242190530139e-01
4.052311562604719031e-01,3.902532991499067516e-01,6.934306003883587699e-02,-1.652924302909117849e-01,2.926427052166246101e-01,2.357741246503241017e-01,-5.910070379729900208e-02,-2.320196809078104924e-02,3.551770424200741405e-01,3.329006596921605388e-01,1.000000000000000000e+00,2.477854838627007242e-02,-1.976306067324638538e-01,3.291116171801055090e-01,-1.113833558224797404e-01,2.145033012711933251e-01,6.570535309608248609e-01,3.340920126790439260e-01,2.211529342003070442e-01,-1.336675112237357688e-01,-4.125092123748258510e-02,-1.175601732026598373e-01,1.138576105274931860e-01,-5.846297436167473965e-03,6.934433109013964092e-02,4.570236283808180588e-01,3.675802459109114850e-01,3.293129895113341976e-01,5.571654042846074795e-01,3.617972229926807448e-01,3.428651132774490073e-01,5.006484110338628168e-01,1.255451451499262072e-01,1.755792153270399336e-01,3.824286876468875884e-01,1.824840969284146075e-01,3.462300375986556156e-01,1.297665767062602116e-01,1.587325889025316406e-01
4.086985711471122218e-01,4.791477775163440755e-01,4.526127179285588387e-01,1.822197424452980108e-01,4.685684747112026649e-01,1.749864140275761426e-01,-9.810804033667766544e-02,-3.821338099598953209e-01,5.304136026846910656e-01,4.497107717551137029e-01,2.477854838627007242e-02,1.000000000000000000e+00,-4.365137769500704867e-01,4.523892391914199895e-01,2.225267806823430783e-01,4.630714818129789689e-01,4.051236838616713298e-02,3.174248738120897251e-01,4.886065458306975140e-01,1.901353104238111547e-01,1.999386133730922943e-01,5.129208516067398360e-01,3.765385016627493253e-01,2.116348834514293897e-01,3.317680537640724792e-01,2.601766029069306208e-01,5.271203747230729375e-01,1.955820497943504266e-01,2.791612799879921170e-01,5.352632196154671895e-01,4.331522833851931820e-01,4.853972361626227028e-01,2.983370534445337618e-01,6.189597948371876601e-01,3.868020962247705197e-01,3.892807145112815448e-01,3.517795281107681804e-01,2.090991214639744689e-01,6.826303631295234098e-01
-6.167204633697173088e-01,-6.187944101195052005e-01,-6.234420419144506287e-01,1.587339724532458307e-01,-7.999583108113703656e-01,-2.691338546349074656e-01,1.539519324736063621e-01,5.680982813459003467e-01,-7.460834234466434678e-01,-6.257445760397158940e-01,-1.976306067324638538e-01,-4.365137769500704867e-01,1.000000000000000000e+00,-6.828088223616064489e-01,-4.268933291533651836e-02,-6.245133016517224744e-01,-4.380875786361467794e-01,-1.096115522463932818e-01,-2.505535431861939943e-01,3.524798509831978538e-02,-2.298520483465604780e-01,-4.885349117140335151e-01,-5.714949066482992723e-01,-4.003606733803715123e-01,-4.530658623361963344e-01,-5.338762492902996426e-01,-6.562553771543705450e-01,-4.464971294363708210e-01,-4.438025677711590067e-01,-6.745282235632734658e-01,-8.507619753929140938e-01,-5.716999040848370628e-01,-2.997095268332881091e-01,-7.694994793334463123e-01,-4.416365487687184399e-01,-3.061108615561142776e-01,-4.555616913268160650e-01,-3.742036068102861934e-01,-5.244578139947385642e-01
7.535026141533102129e-01,8.237152677466030859e-01,6.791875890948967376e-01,-1.548569731641913638e-01,8.599239992295435453e-01,4.219846949501852018e-01,-1.343581735324183291e-01,-6.139200366928398989e-01,8.394147002207678065e-01,6.538579672466106052e-01,3.291116171801055090e-01,4.523892391914199895e-01,-6.828088223616064489e-01,1.000000000000000000e+00,1.714570645800684440e-02,6.148466040611595407e-01,5.458110503240647393e-01,1.316344753545826418e-01,3.260415212973135635e-01,-5.165725685088947555e-02,3.209136025595468178e-01,3.548815553234498932e-01,6.860556827240302802e-01,4.878768954178122064e-01,6.278955906996104286e-01,5.923227561592830925e-01,6.607557362340353846e-01,5.283812851734407401e-01,7.203230444608137439e-01,8.264630295246963021e-01,7.971571615725571158e-01,7.469376642160404645e-01,5.033619903897257331e-01,7.832227222484047235e-01,7.505764633362329574e-01,3.632233762373803798e-01,7.477263080325198263e-01,3.425655091945530861e-01,5.306504699909507794e-01
2.520721592527928601e-01,9.448524178468952969e-03,4.620107582231045701e-02,1.661077630581340170e-01,1.018612188735477514e-01,-6.488915640421277775e-01,-1.555155379302963214e-01,-3.276703427061537083e-02,-6.538983106474320628e-02,1.496637831283996189e-01,-1.113833558224797404e-01,2.225267806823430783e-01,-4.268933291533651836e-02,1.714570645800684440e-02,1.000000000000000000e+00,1.630392661351573458e-01,-1.445781872179982830e-01,3.718384585579723178e-01,-3.926785599876739252e-02,1.462154974265328367e-01,3.432334312324343828e-01,2.088278294113710687e-01,-1.604529926608569412e-01,-7.228186666502786628e-02,-2.371216693766778350e-01,4.225902119962935966e-01,4.205039586408148428e-02,5.754338008927831760e-01,1.517804519411841135e-01,1.286627338436646950e-01,-7.327637859451220648e-02,-1.531288429192208429e-02,7.585723615515783946e-02,3.176529222518986728e-01,-8.335277702035163994e-02,2.454326472951664229e-01,-1.328147453257334798e-01,5.310484137222825085e-01,7.630181458825649465e-02
7.753595113708697806e-01,6.425008905533750037e-01,3.494719412078763354e-01,-8.006258910677926943e-02,6.181692167271441996e-01,2.378091514834211606e-01,-2.334011028642049845e-01,-2.764447709746949422e-01,7.057509398575629866e-01,8.678599903512892455e-01,2.145033012711933251e-01,4.630714818129789689e-01,-6.245133016517224744e-01,6.148466040611595407e-01,1.630392661351573458e-01,1.000000000000000000e+00,3.577507487621970905e-01,4.227881555358617427e-01,4.731951356577095980e-01,1.372516710173621590e-01,2.666878844962901618e-01,3.543796291676867272e-01,5.142976771888897458e-01,2.619807341357552333e-01,4.265824032171420810e-01,6.379481261745756360e-01,7.529531996494688295e-01,4.890783925057572978e-01,4.877266078725034926e-01,7.907894725830444393e-01,5.455622584148032139e-01,4.721619416029484428e-01,1.431459208616250867e-01,6.135940087865899839e-01,3.568162178414813757e-01,6.077895452830646139e-01,3.203434872532035516e-01,4.545037389422797447e-01,5.029497597724877922e-01
5.356908591335470815e-01,5.126747249940047935e-01,2.252634003492770265e-01,-2.693886475341518705e-01,4.843389414186674014e-01,3.845048890584165102e-01,-1.693689487659686965e-01,-1.675325856170497840e-01,4.918915590689519890e-01,4.742022681217057944e-01,6.570535309608248609e-01,4.051236838616713298e-02,-4.380875786361467794e-01,5.458110503240647393e-01,-1.445781872179982830e-01,3.577507487621970905e-01,1.000000000000000000e+00,1.817617404446718044e-01,2.133637490792644476e-01,-1.652092697545762545e-01,6.543523323587119300e-02,6.698431201779878746e-03,4.109366935197933945e-01,1.705377787735351813e-01,2.220590398954541966e-01,5.641975977076162385e-01,5.143583953689971899e-01,4.750201312423750766e-01,6.031596373984263737e-01,5.030669865148239550e-01,5.398672030904415609e-01,6.078578370521398044e-01,2.454458094421504422e-01,3.194482343244657296e-01,5.283031318241522278e-01,2.622230031504911851e-01,5.264868220752273453e-01,1.507954735945934988e-01,2.015684960087275601e-01
3.931944651346571118e-01,1.537531508823644089e-01,-1.416547264579867960e-01,1.978803398797248370e-01,1.487258835042205296e-01,-2.108239092551229266e-01,-2.048925849781517983e-01,2.297026967896467486e-01,2.308110018046382328e-01,4.697160520507923098e-01,3.340920126790439260e-01,3.174248738120897251e-01,-1.096115522463932818e-01,1.316344753545826418e-01,3.718384585579723178e-01,4.227881555358617427e-01,1.817617404446718044e-01,1.000000000000000000e+00,5.881017555397424212e-01,-1.290711236429664399e-01,-1.536864042777746908e-01,-1.097712969312778231e-01,-6.306295513035031775e-02,-1.425505527614806534e-01,-1.901382166644552674e-01,5.560424011589744087e-01,4.208989294947684257e-01,4.088463280185523074e-01,3.977659176393565366e-01,3.186545256748156696e-01,9.577829478108007555e-02,2.746101201027059679e-01,-2.156081079578613946e-01,2.047399570348214515e-01,1.367847456426291367e-02,2.723862059286561998e-01,-1.869135630478268445e-02,3.145004911711338780e-01,3.138706473845243594e-01
3.508088633603929085e-01,3.278870316229685056e-01,1.965950083503433254e-01,1.585173787286412728e-01,3.103542184821114214e-01,2.608859632117178640e-01,1.061224674918796601e-01,-1.239347963983997852e-01,5.004724930814261619e-01,4.647506241259828363e-01,2.211529342003070442e-01,4.886065458306975140e-01,-2.505535431861939943e-01,3.260415212973135635e-01,-3.926785599876739252e-02,4.731951356577095980e-01,2.133637490792644476e-01,5.881017555397424212e-01,1.000000000000000000e+00,-4.519752787576298420e-02,-3.583293167562083548e-02,1.469958515341533711e-01,2.384790400684358436e-01,-2.439404576939322930e-02,2.419233904202755248e-01,3.232537903274220192e-01,5.513639709906578146e-01,1.670000811892549675e-01,3.274225574617333767e-01,4.727312872784590891e-01,3.212000188054222050e-01,4.869335213434219933e-01,4.749796201805836504e-02,2.797716264374024431e-01,3.275440416630995832e-01,2.669284621865402052e-01,3.632882713051402979e-01,1.920573769261662289e-01,6.123040881583902140e-01
-4.272625785200249819e-03,1.522898801372630541e-02,1.366606171026244800e-02,-7.396922742716909027e-02,-3.090215570147177709e-02,7.635943159194638445e-03,1.248201687317290615e-01,-3.267518291646346468e-02,-3.424852660662570242e-02,4.847445651648001064e-02,-1.336675112237357688e-01,1.901353104238111547e-01,3.524798509831978538e-02,-5.165725685088947555e-02,1.462154974265328367e-01,1.372516710173621590e-01,-1.652092697545762545e-01,-1.290711236429664399e-01,-4.519752787576298420e-02,1.000000000000000000e+00,4.029453849596594806e-01,6.369555351482110161e-01,-1.202133853669537095e-01,-2.415565931689103440e-01,-2.172260283299798020e-02,-9.200455236487424526e-02,3.410900505289575502e-02,-6.685460993110838024e-02,-2.273937631003918880e-01,4.675704105471440580e-02,-1.520287010828097751e-01,-5.095171781492589813e-02,8.376169491495287500e-02,2.468050492574394919e-02,2.123894731442131645e-02,4.222874644153396528e-01,-3.774437468119976979e-04,1.290485063029712942e-01,9.660376101728709863e-02
2.946700637614561580e-01,3.232613719859660506e-01,4.809271648610189409e-01,-3.473002522015676274e-01,3.567883878819859134e-01,-8.064002268302652987e-02,-2.907708121898353038e-02,-5.222212158421568606e-01,1.877905342298893665e-01,2.175794287392308901e-01,-4.125092123748258510e-02,1.999386133730922943e-01,-2.298520483465604780e-01,3.209136025595468178e-01,3.432334312324343828e-01,2.666878844962901618e-01,6.543523323587119300e-02,-1.536864042777746908e-01,-3.583293167562083548e-02,4.029453849596594806e-01,1.000000000000000000e+00,5.337726557907954694e-01,1.676386220863721466e-01,1.883634414280936642e-01,2.148316372947718655e-01,3.423430835765151059e-01,2.533763855493859629e-01,4.549860714412402585e-01,2.470825427801268126e-01,3.441885124629402437e-01,2.171789687687142867e-01,2.563194641884903313e-01,6.107576224179337432e-01,3.623487671252449416e-01,3.462858474058463365e-01,3.437777577505288229e-01,2.774004686592441704e-01,4.213482706883847628e-01,2.635960503311481906e-01
2.512138354551369801e-01,3.167814783015454605e-01,5.477268533326563604e-01,-2.550485419159706155e-02,4.601093966743778352e-01,7.738118605145187512e-02,1.558163470444171306e-01,-5.485563125592819445e-01,3.959030527168025948e-01,2.654474258659791364e-01,-1.175601732026598373e-01,5.129208516067398360e-01,-4.885349117140335151e-01,3.548815553234498932e-01,2.088278294113710687e-01,3.543796291676867272e-01,6.698431201779878746e-03,-1.097712969312778231e-01,1.469958515341533711e-01,6.369555351482110161e-01,5.337726557907954694e-01,1.000000000000000000e+00,2.705288982869646364e-01,1.156520876286552535e-01,2.639218738882991300e-01,1.345182392869193611e-01,3.406529941516955318e-01,1.546056556213687705e-01,-8.232862319039867954e-03,3.879508446981476677e-01,3.747533903194744109e-01,3.136956402971771696e-01,3.780374498686109308e-01,5.356779535251997570e-01,3.184385377503093917e-01,4.270556113334665338e-01,3.141380960890260421e-01,3.623698821499913292e-01,4.877309456488632677e-01
4.282077207520021966e-01,5.504645992833051560e-01,6.224774364046796737e-01,-8.297458800113567678e-02,6.315326152550352345e-01,5.707631120792662216e-01,-4.454322475513208812e-02,-5.776640273653984581e-01,6.664460917127289497e-01,4.795671694172274346e-01,1.138576105274931860e-01,3.765385016627493253e-01,-5.714949066482992723e-01,6.860556827240302802e-01,-1.604529926608569412e-01,5.142976771888897458e-01,4.109366935197933945e-01,-6.306295513035031775e-02,2.384790400684358436e-01,-1.202133853669537095e-01,1.676386220863721466e-01,2.705288982869646364e-01,1.000000000000000000e+00,6.794057217484829048e-01,7.912546107666794670e-01,2.850408161525514461e-01,5.398435657735359827e-01,2.585336564555643091e-01,3.639314493334817602e-01,5.861838666627077199e-01,6.642971051440319519e-01,4.722975395905158469e-01,5.058234016311939918e-01,5.790219258738711350e-01,5.609053051428489756e-01,2.208717003748761620e-01,6.215045134161683027e-01,3.324841885943258246e-01,4.903741862477970503e-01
2.495597755806106821e-01,3.753412128046895169e-01,5.141131072440960903e-01,-1.642288881170677062e-01,4.660520473146350096e-01,2.879508273521768080e-01,-4.884252094751916073e-02,-5.243290835004035255e-01,4.072406800558205364e-01,2.874803143678458239e-01,-5.846297436167473965e-03,2.116348834514293897e-01,-4.003606733803715123e-01,4.878768954178122064e-01,-7.228186666502786628e-02,2.619807341357552333e-01,1.705377787735351813e-01,-1.425505527614806534e-01,-2.439404576939322930e-02,-2.415565931689103440e-01,1.883634414280936642e-01,1.156520876286552535e-01,6.794057217484829048e-01,1.000000000000000000e+00,5.811005337128440917e-01,1.652402661409212159e-01,2.674490490833429934e-01,1.773784719617675920e-01,2.340055258221243328e-01,2.954059218139646892e-01,4.594391379406876919e-01,1.855363094508747923e-01,4.544613734421348861e-01,4.379023549022519335e-01,3.222145273059671688e-01,-2.758756445072398436e-02,2.932860740572538205e-01,2.716518025007008119e-01,2.844956695250580592e-01
3.546876430945120617e-01,5.635632193990589567e-01,6.472140723202504109e-01,-6.451805537031146676e-02,5.450144112909337535e-01,6.237818723078938365e-01,8.705983547976933745e-02,-6.311930911585919013e-01,6.542998886153224003e-01,4.014968570897072264e-01,6.934433109013964092e-02,3.317680537640724792e-01,-4.530658623361963344e-01,6.278955906996104286e-01,-2.371216693766778350e-01,4.265824032171420810e-01,2.220590398954541966e-01,-1.901382166644552674e-01,2.419233904202755248e-01,-2.172260283299798020e-02,2.148316372947718655e-01,2.639218738882991300e-01,7.912546107666794670e-01,5.811005337128440917e-01,1.000000000000000000e+00,1.393970539443321888e-01,4.230761237580988876e-01,9.721212289654457273e-02,2.939510685441939497e-01,5.720448580092380997e-01,5.902197081679885216e-01,4.003060241576480438e-01,4.865643622929851642e-01,4.982674984383838601e-01,5.414157776964405588e-01,1.559631333267837150e-01,6.041993703292234397e-01,2.737640937515415929e-01,4.927569343574647598e-01
8.009883341672103807e-01,6.298597923424340550e-01,2.706511656099334084e-01,-2.093535394313771891e-01,6.228076877420369861e-01,-7.271395587792053861e-02,-3.462771793155111633e-01,-2.076670945054168160e-01,5.544606893039523143e-01,7.213206540498420249e-01,4.570236283808180588e-01,2.601766029069306208e-01,-5.338762492902996426e-01,5.923227561592830925e-01,4.225902119962935966e-01,6.379481261745756360e-01,5.641975977076162385e-01,5.560424011589744087e-01,3.232537903274220192e-01,-9.200455236487424526e-02,3.423430835765151059e-01,1.345182392869193611e-01,2.850408161525514461e-01,1.652402661409212159e-01,1.393970539443321888e-01,1.000000000000000000e+00,6.998948347392308644e-01,8.409943693287477151e-01,7.787850862539585917e-01,6.969746296718660750e-01,5.088118341212087836e-01,6.085387622697560062e-01,2.705459095442324102e-01,5.866614748579976890e-01,4.030495843983483151e-01,4.539508574253819373e-01,3.529771732554624064e-01,5.675844990449322447e-01,4.092226796145844725e-01
7.321037792915997544e-01,7.041320799812864628e-01,3.957720595693992038e-01,-2.112558392661638695e-01,6.675472694796278361e-01,3.491817296738836118e-01,-2.853415624935227157e-01,-3.196122399215485799e-01,7.525177226574615297e-01,7.655226476929861690e-01,3.675802459109114850e-01,5.271203747230729375e-01,-6.562553771543705450e-01,6.607557362340353846e-01,4.205039586408148428e-02,7.529531996494688295e-01,5.143583953689971899e-01,4.208989294947684257e-01,5.513639709906578146e-01,3.410900505289575502e-02,2.533763855493859629e-01,3.406529941516955318e-01,5.398435657735359827e-01,2.674490490833429934e-01,4.230761237580988876e-01,6.998948347392308644e-01,1.000000000000000000e+00,5.282364304420440471e-01,6.263827726609689783e-01,7.840559480984399254e-01,6.420139442010154296e-01,7.177491477862595337e-01,3.679584957847839566e-01,6.235088640940589233e-01,5.277091371774280670e-01,4.992324685290712161e-01,4.942210207046889292e-01,4.036889074283410150e-01,6.673996507708626069e-01
6.631735493571727647e-01,4.660175243169438208e-01,3.565226207859704677e-01,-2.350806024185724818e-01,5.809393652239486228e-01,-1.864720160477064126e-01,-2.573157958142517354e-01,-3.082002350763904386e-01,4.138145060795879737e-01,5.361062397907265797e-01,3.293129895113341976e-01,1.955820497943504266e-01,-4.464971294363708210e-01,5.283812851734407401e-01,5.754338008927831760e-01,4.890783925057572978e-01,4.750201312423750766e-01,4.088463280185523074e-01,1.670000811892549675e-01,-6.685460993110838024e-02,4.549860714412402585e-01,1.546056556213687705e-01,2.585336564555643091e-01,1.773784719617675920e-01,9.721212289654457273e-02,8.409943693287477151e-01,5.282364304420440471e-01,1.000000000000000000e+00,6.781419019606687026e-01,5.608236917663906862e-01,4.534128421138729492e-01,5.051598371938350596e-01,3.930409091107113229e-01,5.921164776302525468e-01,4.103971504734992282e-01,3.411248387793757719e-01,3.666728292330082017e-01,5.677376503539098840e-01,2.584221643278406533e-01
7.623669682401761349e-01,7.206839823672408496e-01,3.509129985794569029e-01,-2.367296940814287987e-01,6.497143719479395729e-01,1.901817785492646851e-01,-2.811158068529663878e-01,-2.833844210617336712e-01,6.230129252317988531e-01,5.811200130568260347e-01,5.571654042846074795e-01,2.791612799879921170e-01,-4.438025677711590067e-01,7.203230444608137439e-01,1.517804519411841135e-01,4.877266078725034926e-01,6.031596373984263737e-01,3.977659176393565366e-01,3.274225574617333767e-01,-2.273937631003918880e-01,2.470825427801268126e-01,-8.232862319039867954e-03,3.639314493334817602e-01,2.340055258221243328e-01,2.939510685441939497e-01,7.787850862539585917e-01,6.263827726609689783e-01,6.781419019606687026e-01,1.000000000000000000e+00,7.149306181380040703e-01,5.795182019827364028e-01,7.638562690748741391e-01,4.231382690771680055e-01,5.681269169525678953e-01,6.531039338728937826e-01,3.126743669459776109e-01,5.975067368271077539e-01,3.284499020996984875e-01,3.926116211467969297e-01
8.640611234151966968e-01,8.541753613580800319e-01,5.567063501031558337e-01,-9.490590551348233872e-02,7.853426709640966008e-01,3.391791769539658219e-01,-1.900469834503061561e-01,-4.829180731450607444e-01,8.524299126027276019e-01,8.155268600302965076e-01,3.617972229926807448e-01,5.352632196154671895e-01,-6.745282235632734658e-01,8.264630295246963021e-01,1.286627338436646950e-01,7.907894725830444393e-01,5.030669865148239550e-01,3.186545256748156696e-01,4.727312872784590891e-01,4.675704105471440580e-02,3.441885124629402437e-01,3.879508446981476677e-01,5.861838666627077199e-01,2.954059218139646892e-01,5.720448580092380997e-01,6.969746296718660750e-01,7.840559480984399254e-01,5.608236917663906862e-01,7.149306181380040703e-01,1.000000000000000000e+00,7.075131460791154181e-01,7.276787297111828590e-01,3.799337535613788730e-01,7.500921511265410402e-01,6.311638599443616382e-01,5.584618203184699148e-01,6.165809487721295445e-01,4.551585224174231059e-01,6.351837429976718852e-01
6.089494279407101640e-01,6.740725814664478843e-01,7.310739247010801245e-01,-1.596371897589237698e-01,8.602291592081747762e-01,4.173044359331794517e-01,-6.799902535278302962e-02,-6.666796127872917088e-01,8.256611378962566139e-01,5.758566141853149745e-01,3.428651132774490073e-01,4.331522833851931820e-01,-8.507619753929140938e-01,7.971571615725571158e-01,-7.327637859451220648e-02,5.455622584148032139e-01,5.398672030904415609e-01,9.577829478108007555e-02,3.212000188054222050e-01,-1.520287010828097751e-01,2.171789687687142867e-01,3.747533903194744109e-01,6.642971051440319519e-01,4.594391379406876919e-01,5.902197081679885216e-01,5.088118341212087836e-01,6.420139442010154296e-01,4.534128421138729492e-01,5.795182019827364028e-01,7.075131460791154181e-01,1.000000000000000000e+00,6.951934342957482027e-01,4.447654724718422825e-01,7.920514494652758364e-01,6.167496213388349302e-01,2.081873598245166657e-01,6.630379579333786078e-01,3.210546221869323702e-01,5.295985391568077683e-01
6.499330373483419576e-01,7.366171744960234857e-01,5.364881845642905933e-01,-1.392973481300876781e-01,7.121460525215131954e-01,4.045628591905873761e-01,-1.079195736494393959e-01,-4.629585523805185288e-01,7.304896412429713326e-01,5.055455299459503671e-01,5.006484110338628168e-01,4.853972361626227028e-01,-5.716999040848370628e-01,7.469376642160404645e-01,-1.531288429192208429e-02,4.721619416029484428e-01,6.078578370521398044e-01,2.746101201027059679e-01,4.869335213434219933e-01,-5.095171781492589813e-02,2.563194641884903313e-01,3.136956402971771696e-01,4.722975395905158469e-01,1.855363094508747923e-01,4.003060241576480438e-01,6.085387622697560062e-01,7.177491477862595337e-01,5.051598371938350596e-01,7.638562690748741391e-01,7.276787297111828590e-01,6.951934342957482027e-01,1.000000000000000000e+00,4.887631500262519246e-01,6.241935128388887977e-01,8.003316827678100820e-01,3.302724319525804919e-01,7.923301105420489376e-01,2.359376449280705945e-01,6.200586899193687440e-01
2.570910413348893031e-01,4.040498802935759137e-01,6.299833010912700981e-01,-3.673231372746052492e-01,4.835648918574538824e-01,2.548863862671676417e-01,-2.177507902017460431e-02,-6.421266531262034283e-01,3.950006617362378791e-01,1.337556875474185114e-01,1.255451451499262072e-01,2.983370534445337618e-01,-2.997095268332881091e-01,5.033619903897257331e-01,7.585723615515783946e-02,1.431459208616250867e-01,2.454458094421504422e-01,-2.156081079578613946e-01,4.749796201805836504e-02,8.376169491495287500e-02,6.107576224179337432e-01,3.780374498686109308e-01,5.058234016311939918e-01,4.544613734421348861e-01,4.865643622929851642e-01,2.705459095442324102e-01,3.679584957847839566e-01,3.930409091107113229e-01,4.231382690771680055e-01,3.799337535613788730e-01,4.447654724718422825e-01,4.887631500262519246e-01,1.000000000000000000e+00,4.846514402543935507e-01,6.286476874423975181e-01,9.212057256632390223e-02,5.934501166675094641e-01,3.786474483284629766e-01,4.331036234116605876e-01
6.942675738826317167e-01,6.687224458012656081e-01,7.325214647313706973e-01,-3.509226351989401527e-02,8.695538172953563016e-01,1.382190083277029247e-01,-1.436333605397619728e-01,-6.703528465020548444e-01,7.929141850414944681e-01,6.139572649556280792e-01,1.755792153270399336e-01,6.189597948371876601e-01,-7.694994793334463123e-01,7.832227222484047235e-01,3.176529222518986728e-01,6.135940087865899839e-01,3.194482343244657296e-01,2.047399570348214515e-01,2.797716264374024431e-01,2.468050492574394919e-02,3.623487671252449416e-01,5.356779535251997570e-01,5.790219258738711350e-01,4.379023549022519335e-01,4.982674984383838601e-01,5.866614748579976890e-01,6.235088640940589233e-01,5.921164776302525468e-01,5.681269169525678953e-01,7.500921511265410402e-01,7.920514494652758364e-01,6.241935128388887977e-01,4.846514402543935507e-01,1.000000000000000000e+00,5.473516388526312726e-01,3.152963844514104497e-01,5.518019655406420920e-01,5.050896619367993834e-01,5.780410315184931758e-01
5.066830745076067455e-01,6.755003186248600411e-01,5.992541985963618645e-01,-1.844168107609610585e-01,6.361616081110544885e-01,5.195383120918859454e-01,1.399976084493871620e-02,-5.495921413252935483e-01,6.279474097272064181e-01,3.631501633537716489e-01,3.824286876468875884e-01,3.868020962247705197e-01,-4.416365487687184399e-01,7.505764633362329574e-01,-8.335277702035163994e-02,3.568162178414813757e-01,5.283031318241522278e-01,1.367847456426291367e-02,3.275440416630995832e-01,2.123894731442131645e-02,3.462858474058463365e-01,3.184385377503093917e-01,5.609053051428489756e-01,3.222145273059671688e-01,5.414157776964405588e-01,4.030495843983483151e-01,5.277091371774280670e-01,4.103971504734992282e-01,6.531039338728937826e-01,6.311638599443616382e-01,6.167496213388349302e-01,8.003316827678100820e-01,6.286476874423975181e-01,5.473516388526312726e-01,1.000000000000000000e+00,2.887040953606941907e-01,8.536720563985457089e-01,1.839152886731408032e-01,5.220838582187474763e-01
5.669192757410611572e-01,5.368160871276288493e-01,1.025878337673116897e-01,-5.729076457583515136e-02,3.005747161808050572e-01,1.232689415275552980e-01,-1.179237671128820636e-01,-5.837621618993154432e-02,3.498078848342064950e-01,5.899922475051906368e-01,1.824840969284146075e-01,3.892807145112815448e-01,-3.061108615561142776e-01,3.632233762373803798e-01,2.454326472951664229e-01,6.077895452830646139e-01,2.622230031504911851e-01,2.723862059286561998e-01,2.669284621865402052e-01,4.222874644153396528e-01,3.437777577505288229e-01,4.270556113334665338e-01,2.208717003748761620e-01,-2.758756445072398436e-02,1.559631333267837150e-01,4.539508574253819373e-01,4.992324685290712161e-01,3.411248387793757719e-01,3.126743669459776109e-01,5.584618203184699148e-01,2.081873598245166657e-01,3.302724319525804919e-01,9.212057256632390223e-02,3.152963844514104497e-01,2.887040953606941907e-01,1.000000000000000000e+00,2.251768905760672401e-01,3.215198865653172144e-01,3.723537500684596657e-01
4.492720367066752596e-01,6.367075214141947326e-01,6.445369153288416086e-01,-8.844791630713594310e-02,6.591919400237025162e-01,5.769932596316144080e-01,4.838362270443682944e-02,-5.874464775605771072e-01,6.655328482445436178e-01,3.142636707314567790e-01,3.462300375986556156e-01,3.517795281107681804e-01,-4.555616913268160650e-01,7.477263080325198263e-01,-1.328147453257334798e-01,3.203434872532035516e-01,5.264868220752273453e-01,-1.869135630478268445e-02,3.632882713051402979e-01,-3.774437468119976979e-04,2.774004686592441704e-01,3.141380960890260421e-01,6.215045134161683027e-01,2.932860740572538205e-01,6.041993703292234397e-01,3.529771732554624064e-01,4.942210207046889292e-01,3.666728292330082017e-01,5.975067368271077539e-01,6.165809487721295445e-01,6.630379579333786078e-01,7.923301105420489376e-01,5.934501166675094641e-01,5.518019655406420920e-01,8.536720563985457089e-01,2.251768905760672401e-01,1.000000000000000000e+00,2.106908751717063155e-01,5.194103080881932177e-01
4.283801959516131408e-01,2.967054015860837168e-01,3.411979357878841546e-01,-7.368859658355397801e-02,4.432578329194378775e-01,-1.377257051140466093e-01,-1.427461212899838461e-01,-3.277341263240255431e-01,3.941859345499500455e-01,4.304619282473405861e-01,1.297665767062602116e-01,2.090991214639744689e-01,-3.742036068102861934e-01,3.425655091945530861e-01,5.310484137222825085e-01,4.545037389422797447e-01,1.507954735945934988e-01,3.145004911711338780e-01,1.920573769261662289e-01,1.290485063029712942e-01,4.213482706883847628e-01,3.623698821499913292e-01,3.324841885943258246e-01,2.716518025007008119e-01,2.737640937515415929e-01,5.675844990449322447e-01,4.036889074283410150e-01,5.677376503539098840e-01,3.284499020996984875e-01,4.551585224174231059e-01,3.210546221869323702e-01,2.359376449280705945e-01,3.786474483284629766e-01,5.050896619367993834e-01,1.839152886731408032e-01,3.215198865653172144e-01,2.106908751717063155e-01,1.000000000000000000e+00,4.895250017022360622e-01
4.570694104895799414e-01,5.871160856510693193e-01,5.070674415011160452e-01,-2.270197569969200843e-02,5.493970205939414653e-01,3.205596613978073939e-01,-3.440493874488304710e-02,-4.607707817272970185e-01,6.526987490122454494e-01,5.136859242190530139e-01,1.587325889025316406e-01,6.826303631295234098e-01,-5.244578139947385642e-01,5.306504699909507794e-01,7.630181458825649465e-02,5.029497597724877922e-01,2.015684960087275601e-01,3.138706473845243594e-01,6.123040881583902140e-01,9.660376101728709863e-02,2.635960503311481906e-01,4.877309456488632677e-01,4.903741862477970503e-01,2.844956695250580592e-01,4.927569343574647598e-01,4.092226796145844725e-01,6.673996507708626069e-01,2.584221643278406533e-01,3.926116211467969297e-01,6.351837429976718852e-01,5.295985391568077683e-01,6.200586899193687440e-01,4.331036234116605876e-01,5.780410315184931758e-01,5.220838582187474763e-01,3.723537500684596657e-01,5.194103080881932177e-01,4.895250017022360622e-01,1.000000000000000000e+00
