1.000000000000000000e+00,8.615459865643927684e-02,6.993119199307115119e-01,2.068616453722454673e-01,7.097734276505172080e-01,3.004520223564612902e-01,4.536153211612081182e-01,-7.464141093633688273e-01,7.614846241496140422e-01,2.159257009348290457e-01,2.668542101133307073e-02,-1.161195575707269362e-01,-5.509563151271360537e-01,7.437689149787446441e-01,6.020303374394937457e-01,4.762575747690497296e-01,-1.575038680391401547e-01,6.529627900653843797e-01,4.985914133172582585e-01,3.565945733911640714e-01,1.243243240113919706e-01,2.432240719267644291e-01,4.497380443393683702e-01,4.371367403744026436e-01,3.511109438596424215e-01,7.589009991272566147e-01,5.744806256665779820e-01,7.317373369953499296e-01,6.403276843644859495e-01,6.745942984255696162e-01,7.301554195975727968e-01,4.931500855385542170e-01,6.064115894894963610e-01,3.869852739893498428e-01,6.992505759631454376e-01,8.945590193230473774e-02,4.064379736860947445e-01,1.896437594158427720e-01,2.645520903003789615e-01
8.615459865643927684e-02,1.000000000000000000e+00,1.823555273437766078e-01,-1.084786567051026634e-01,-1.272932631552035343e-01,-1.844754917161737506e-01,-1.407402169034567274e-01,-1.078962707556256062e-01,1.211558836090095848e-01,-2.611102051232594423e-01,4.173124552832865319e-01,3.092402969225903075e-01,-3.173395331492131488e-01,1.369249941329284126e-01,1.216424573016883504e-01,-3.250639562440833519e-01,2.035300923104441939e-01,-2.439200163627085749e-01,-3.630802250143768672e-01,1.672746537349193152e-01,-3.399071994570928013e-01,-3.227418997647745202e-01,-2.302720641394321865e-01,-2.976325811382344311e-01,-2.408900039176584407e-01,4.433373783277790026e-02,1.051134691496371093e-01,-3.268213529138217638e-02,-2.476632402246605608e-02,-2.329740936254322825e-01,1.756477699670615511e-01,-1.543740813600538442e-01,-1.365513894808133011e-01,-2.612762087321746779e-02,9.092265398491522488e-02,1.184458770301241165e-01,1.526087587302129567e-01,-3.513821760089111956e-01,-8.382336449970016756e-02
6.993119199307115119e-01,1.823555273437766078e-01,1.000000000000000000e+00,1.276317422174578220e-01,6.012841459806922417e-01,1.208690509048546829e-01,3.417477725636456909e-01,-8.775174704029125028e-01,7.374374070286600080e-01,-3.088754341107452853e-02,2.209615400664256546e-01,2.580439944488716608e-01,-7.248226642977222411e-01,8.376740321591624738e-01,7.586792462615452592e-01,2.024896763478129247e-01,-1.144013417905661613e-02,6.121818900854607559e-01,3.885491845882146911e-01,5.934805616683334062e-01,-9.620986311786484946e-02,1.508182110825005418e-01,2.718232393041195016e-01,2.558203708556460176e-01,1.628166107961602771e-01,8.382435121353520868e-01,8.233608340592262209e-01,7.684550748496943307e-01,5.124809707181683383e-01,5.036993087091228283e-01,8.028783484525625624e-01,4.308420436693566336e-01,5.747538370457823120e-01,4.165302228451313038e-01,7.343326662080902345e-01,2.080415332024379282e-01,5.215967698056347412e-01,-1.994255648500843359e-01,-5.236764970404540059e-02
2.068616453722454673e-01,-1.084786567051026634e-01,1.276317422174578220e-01,1.000000000000000000e+00,3.784071807760524542e-01,7.419586834569457112e-01,5.593705627072377284e-01,-2.353431331409934490e-01,2.069784663231076238e-01,2.127863481555044289e-01,-5.233168461412160966e-01,-5.991984062584122528e-01,2.397206213090146143e-01,2.201987039420597037e-01,-2.861999125877353056e-01,2.171066478872638317e-01,-3.944510655767278218e-01,3.782714317760093592e-01,3.720761354318297132e-01,-4.260401481622658193e-01,6.743053196278510075e-01,6.585671741648975175e-01,7.254955158855391772e-01,7.117272211708418617e-01,7.451527590715847360e-01,1.771047487690693700e-01,2.086367507157227130e-01,4.071701057858254091e-01,5.077701792942067582e-01,4.003809641988255730e-01,5.325559826255093360e-02,6.173904708437151223e-01,6.102291780718239744e-01,-2.152749845249787020e-01,4.124878786754636595e-01,-4.591538327947934928e-01,6.076068182436460408e-01,4.578752667213108474e-01,2.295357913118189208e-01
7.097734276505172080e-01,-1.272932631552035343e-01,6.012841459806922417e-01,3.784071807760524542e-01,1.000000000000000000e+00,3.840863360501406421e-01,4.225724297597349688e-01,-6.764749402733960526e-01,7.068487595198690299e-01,3.486969009682827081e-01,-2.626818186888157935e-01,-1.626770834870800431e-01,-3.773835882271777131e-01,6.727625056645494261e-01,4.425037406156738240e-01,5.531550670503652123e-01,-2.593878744990424923e-01,8.239395988657627345e-01,7.240688809712406693e-01,2.354525575496593248e-01,2.714068366488007755e-01,3.777045246026551895e-01,5.345636054987756847e-01,5.700776594601519864e-01,4.536290272518538891e-01,6.941478151623652337e-01,5.835614880907454838e-01,7.154792096420912184e-01,5.633928437748824125e-01,7.176943596422563632e-01,6.432624707319125612e-01,5.760263224914300428e-01,6.768852669742680961e-01,4.990308643723655457e-01,5.960336657082446754e-01,1.333998681326227509e-02,3.751138308123379006e-01,3.859370781257916438e-01,4.347433731571203053e-01
3.004520223564612902e-01,-1.844754917161737506e-01,1.208690509048546829e-01,7.419586834569457112e-01,3.840863360501406421e-01,1.000000000000000000e+00,6.694786555458972499e-01,-2.616448899382111115e-01,3.324161994631544270e-01,1.453306978679280992e-01,-6.504194530297352506e-01,-6.989107804119163436e-01,2.659673481347806789e-01,2.660273071608597606e-01,-2.483653112031975196e-01,2.569006614513281161e-01,-5.910556502268041745e-01,4.172783868508459504e-01,3.807714131047488237e-01,-4.882269344532463307e-01,8.312687230995444709e-01,8.073226529196968482e-01,8.565042488856901004e-01,8.419023742428624058e-01,8.642459609831610878e-01,2.348954834068907038e-01,1.843969474042318202e-01,4.699824587992724734e-01,6.364538757623765530e-01,4.861264629793980441e-01,6.296629937381593989e-02,6.775850432634682452e-01,7.154233910370935146e-01,-3.040279595858098038e-01,5.159679165240815824e-01,-6.138971187125686901e-01,6.571948976817322263e-01,5.581620121192569783e-01,3.997600123908038317e-01
4.536153211612081182e-01,-1.407402169034567274e-01,3.417477725636456909e-01,5.593705627072377284e-01,4.225724297597349688e-01,6.694786555458972499e-01,1.000000000000000000e+00,-4.330169209926820750e-01,4.081113712751294198e-01,-4.143166009055057608e-02,-2.682887182441607288e-01,-5.495979394410448471e-01,-3.019122652265565643e-02,4.666691993474366695e-01,4.080374966174672019e-02,1.501446225689439529e-01,-4.147457936531728229e-01,4.293186566233607726e-01,2.834404518411026697e-01,-1.132875716760569362e-01,5.679234188200721345e-01,6.024919912148415380e-01,6.819685317572162786e-01,6.706394789034084702e-01,6.613158719006126951e-01,4.500684911430427038e-01,3.864096930876833591e-01,5.938371705835135961e-01,7.165259639667584945e-01,4.333044553999785276e-01,3.139277795256075199e-01,6.077422688156988162e-01,7.083573531759979058e-01,-2.630774778353381915e-01,6.713458457223175913e-01,-4.344647055154254867e-01,6.480818614796529653e-01,2.563054530551959198e-01,2.279841950999095812e-01
-7.464141093633688273e-01,-1.078962707556256062e-01,-8.775174704029125028e-01,-2.353431331409934490e-01,-6.764749402733960526e-01,-2.616448899382111115e-01,-4.330169209926820750e-01,1.000000000000000000e+00,-7.784750276297052185e-01,-3.368965522783305688e-02,-8.311789468647941270e-02,-1.151045753999664634e-01,6.623139832137033833e-01,-8.517368443544016676e-01,-7.047141167596183697e-01,-2.834420914488274823e-01,1.072270963118630988e-01,-6.855104687431847754e-01,-4.823373952815387944e-01,-4.982382017519971784e-01,-5.056077620249132404e-02,-2.825965673819366697e-01,-4.122158341813762505e-01,-3.976995980284410703e-01,-3.027307500963909437e-01,-8.586301592302544305e-01,-8.115234051861893727e-01,-8.240086057182602897e-01,-6.001514117850110797e-01,-5.979799586203866646e-01,-8.009157157473036914e-01,-5.372472482551865491e-01,-6.777944482093574141e-01,-3.881051007416929099e-01,-7.887059276106717087e-01,-1.164985313714800852e-01,-5.845097786296969966e-01,6.307860512031451816e-02,-4.355431362769988241e-02
7.614846241496140422e-01,1.211558836090095848e-01,7.374374070286600080e-01,2.069784663231076238e-01,7.068487595198690299e-01,3.324161994631544270e-01,4.081113712751294198e-01,-7.784750276297052185e-01,1.000000000000000000e+00,7.683234875623543014e-02,-1.179583835004720527e-01,-3.793853899022470427e-03,-5.342785727731393930e-01,7.423843701912541393e-01,6.116217732171209676e-01,3.150340536921865664e-01,-1.751389917807627539e-01,6.535100685231390871e-01,5.171375302956479070e-01,3.937371159733060733e-01,1.376852171944401015e-01,3.000625309880889935e-01,4.603352415205321235e-01,4.469484516721353717e-01,3.384910129250288668e-01,7.743512672131172003e-01,6.652321561805397687e-01,7.462887718344468624e-01,6.132761281446833523e-01,6.127245838661544708e-01,7.293398654287168714e-01,5.879880982517383670e-01,6.717040732668204672e-01,4.021020623282121065e-01,7.035196960830989443e-01,-5.124590947371681499e-02,4.794225630897971380e-01,2.119046614089761804e-01,3.799879067353501561e-01
2.159257009348290457e-01,-2.611102051232594423e-01,-3.088754341107452853e-02,2.127863481555044289e-01,3.486969009682827081e-01,1.453306978679280992e-01,-4.143166009055057608e-02,-3.368965522783305688e-02,7.683234875623543014e-02,1.000000000000000000e+00,-2.996108507342387650e-01,-2.119772275701420627e-01,6.804943040483941996e-02,6.003583947476225785e-02,-1.295375777165499835e-02,7.529535226158303729e-01,5.090983820374414548e-02,3.619380787477252115e-01,5.215627921422871793e-01,-1.053217960140713227e-01,1.529419948556393627e-01,1.896295029707047719e-01,2.836182563221547603e-01,2.975541872042757330e-01,2.688121938947711231e-01,8.746406008679245836e-02,-6.032771049746384756e-02,4.363692144878394963e-02,2.790653288851913799e-02,5.626687486769813562e-01,6.106857301320959414e-02,1.582314729758677319e-01,1.053650219202158511e-01,3.416147896692119934e-01,-6.512120807567818581e-02,3.502836084367293434e-01,-1.481941435793659168e-01,4.595884881820319068e-01,1.404881881643756658e-01
2.668542101133307073e-02,4.173124552832865319e-01,2.209615400664256546e-01,-5.233168461412160966e-01,-2.626818186888157935e-01,-6.504194530297352506e-01,-2.682887182441607288e-01,-8.311789468647941270e-02,-1.179583835004720527e-01,-2.996108507342387650e-01,1.000000000000000000e+00,5.731357773861006644e-01,-5.084586287585306508e-01,1.279818087577494490e-01,3.943852015816121104e-01,-2.864362076379512456e-01,4.664924346539751632e-01,-2.760651043336507793e-01,-4.678452233454077347e-01,5.301295885595532775e-01,-7.175697211923988128e-01,-6.688372136147205937e-01,-6.054947566560608951e-01,-6.321797468542722509e-01,-6.105615636059018581e-01,7.796320749382723569e-02,1.392877629319903554e-01,-1.133349981891779990e-01,-2.258472954247729980e-01,-3.512640476588429483e-01,2.195146955503799180e-01,-4.977941892335096541e-01,-4.051824722392357025e-01,7.856991467142525332e-02,-4.467053836688352625e-02,5.182857421744493376e-01,-2.127032262742165336e-01,-7.604456426800652036e-01,-5.207888125970512316e-01
-1.161195575707269362e-01,3.092402969225903075e-01,2.580439944488716608e-01,-5.991984062584122528e-01,-1.626770834870800431e-01,-6.989107804119163436e-01,-5.495979394410448471e-01,-1.151045753999664634e-01,-3.793853899022470427e-03,-2.119772275701420627e-01,5.731357773861006644e-01,1.000000000000000000e+00,-4.451263406032132663e-01,9.456570792806312520e-02,4.866186716314472860e-01,-2.264147662400537442e-01,4.352692045538681942e-01,-1.127526175784548806e-01,-2.118878718450145082e-01,6.285214280123054831e-01,-7.351944190366127563e-01,-5.682712660213075084e-01,-6.420575349952566402e-01,-6.303500224514549943e-01,-6.765324547807981537e-01,8.187134241477360408e-02,2.362050352139369591e-01,-1.315162774931628309e-01,-4.229793733151147594e-01,-2.730639458769358319e-01,1.566802539607136946e-01,-4.426005723782862611e-01,-3.992891367390231649e-01,4.373599392551265064e-01,-1.951772065115901789e-01,5.652618300285449093e-01,-2.914429851353957934e-01,-6.187406767731322699e-01,-3.816311953472363849e-01
-5.509563151271360537e-01,-3.173395331492131488e-01,-7.248226642977222411e-01,2.397206213090146143e-01,-3.773835882271777131e-01,2.659673481347806789e-01,-3.019122652265565643e-02,6.623139832137033833e-01,-5.342785727731393930e-01,6.804943040483941996e-02,-5.084586287585306508e-01,-4.451263406032132663e-01,1.000000000000000000e+00,-6.594821034752141875e-01,-7.771622061787195612e-01,-1.181943414960091171e-01,-2.108076689123057623e-01,-3.524192927318294810e-01,-1.364278198671513564e-01,-7.179401106227566443e-01,4.361262671624852594e-01,2.401879595333034911e-01,1.149134455586535986e-01,1.285695130811825571e-01,2.095093650841945154e-01,-6.792622459406950641e-01,-6.340918721408164149e-01,-5.083679696377757518e-01,-2.130116042844100999e-01,-2.648665744946083200e-01,-7.633217781219658882e-01,-9.310437371403990081e-02,-2.192428415602868108e-01,-4.265969496806061301e-01,-4.759009282180032829e-01,-4.890796725117925181e-01,-1.800154556362900393e-01,4.197322380183839963e-01,2.162520189095662737e-01
7.437689149787446441e-01,1.369249941329284126e-01,8.376740321591624738e-01,2.201987039420597037e-01,6.727625056645494261e-01,2.660273071608597606e-01,4.666691993474366695e-01,-8.517368443544016676e-01,7.423843701912541393e-01,6.003583947476225785e-02,1.279818087577494490e-01,9.456570792806312520e-02,-6.594821034752141875e-01,1.000000000000000000e+00,6.654368580636690345e-01,3.105182810215346700e-01,-1.331261855118977266e-01,6.927919079293572979e-01,4.333994402444982796e-01,4.632994851587333707e-01,6.777260758830869203e-02,2.816215238280737054e-01,4.163727837977759805e-01,4.042260771060491864e-01,3.267763345332969083e-01,8.536210635437024852e-01,8.216147742185032632e-01,8.059251497415274024e-01,6.043291573892606294e-01,5.830280677691466185e-01,7.805672202074825927e-01,4.929879993917157255e-01,6.694498438267608709e-01,3.194863442554357613e-01,7.933668577612315032e-01,1.314797913099130244e-01,5.784477856026170040e-01,-8.153573499455658846e-02,4.574885478290646734e-02
6.020303374394937457e-01,1.216424573016883504e-01,7.586792462615452592e-01,-2.861999125877353056e-01,4.425037406156738240e-01,-2.483653112031975196e-01,4.080374966174672019e-02,-7.047141167596183697e-01,6.116217732171209676e-01,-1.295375777165499835e-02,3.943852015816121104e-01,4.866186716314472860e-01,-7.771622061787195612e-01,6.654368580636690345e-01,1.000000000000000000e+00,1.814077220141185609e-01,2.583185636158255583e-01,4.469875715112770487e-01,3.288147202402161295e-01,7.982841051283487976e-01,-4.188767524853546642e-01,-1.611159646901868803e-01,-6.597943014481050250e-02,-7.579209399099848254e-02,-2.046999474338971614e-01,7.288595302773862583e-01,6.392826613911783973e-01,5.236108145090065946e-01,2.447917431193062932e-01,3.586937004671442719e-01,7.435020862520090867e-01,1.825268356534874847e-01,2.579033481718988052e-01,5.939864656645117424e-01,4.652852417341921121e-01,4.536956096873122624e-01,1.357747682465220707e-01,-3.052463030042704695e-01,-1.261954941398200358e-01
4.762575747690497296e-01,-3.250639562440833519e-01,2.024896763478129247e-01,2.171066478872638317e-01,5.531550670503652123e-01,2.569006614513281161e-01,1.501446225689439529e-01,-2.834420914488274823e-01,3.150340536921865664e-01,7.529535226158303729e-01,-2.864362076379512456e-01,-2.264147662400537442e-01,-1.181943414960091171e-01,3.105182810215346700e-01,1.814077220141185609e-01,1.000000000000000000e+00,-2.318424754785362030e-01,6.002610205983635039e-01,5.895725296223672807e-01,-8.430191845731982783e-03,2.756357366686440491e-01,3.309848608927153379e-01,4.143705032488101403e-01,4.546402561550804133e-01,4.084409335967358334e-01,3.346121905457363765e-01,1.978715336081244835e-01,3.595464588296499175e-01,2.083061031889222592e-01,7.440960425579129511e-01,2.304290243657803328e-01,2.456641222498144872e-01,3.335494687562184923e-01,3.919024154287719663e-01,2.067567341863773833e-01,3.077437256291108425e-01,2.392761303964434025e-02,4.429922444820057481e-01,1.758792427899235344e-01
-1.575038680391401547e-01,2.035300923104441939e-01,-1.144013417905661613e-02,-3.944510655767278218e-01,-2.593878744990424923e-01,-5.910556502268041745e-01,-4.147457936531728229e-01,1.072270963118630988e-01,-1.751389917807627539e-01,5.090983820374414548e-02,4.664924346539751632e-01,4.352692045538681942e-01,-2.108076689123057623e-01,-1.331261855118977266e-01,2.583185636158255583e-01,-2.318424754785362030e-01,1.000000000000000000e+00,-3.522378449347564056e-01,-8.146744521391635629e-02,4.532400314382986628e-01,-6.892235419554232356e-01,-5.659685926735860129e-01,-5.071305563777972480e-01,-5.794106834939716233e-01,-6.158205021450415817e-01,-8.200399550079989774e-02,-1.397597509953784900e-01,-3.624016933742158497e-01,-2.954191898186829812e-01,-3.220816641008461545e-01,9.335536448180244140e-02,-2.226104402790132775e-01,-4.538403414979174655e-01,2.688517777718092971e-01,-3.239896401117203228e-01,4.550107225822683787e-01,-4.024584001802142819e-01,-3.406747642907834162e-01,-3.073112251298798503e-01
6.529627900653843797e-01,-2.439200163627085749e-01,6.121818900854607559e-01,3.782714317760093592e-01,8.239395988657627345e-01,4.172783868508459504e-01,4.293186566233607726e-01,-6.855104687431847754e-01,6.535100685231390871e-01,3.619380787477252115e-01,-2.760651043336507793e-01,-1.127526175784548806e-01,-3.524192927318294810e-01,6.927919079293572979e-01,4.469875715112770487e-01,6.002610205983635039e-01,-3.522378449347564056e-01,1.000000000000000000e+00,7.164086975529455614e-01,2.218375210813596232e-01,3.309737103319810303e-01,4.771362282303973079e-01,5.676385252524870362e-01,6.130597609981502938e-01,5.103518401673619032e-01,7.142180008972703886e-01,6.517554373103305876e-01,7.477098466512910324e-01,5.452764269775347561e-01,7.743403220833475764e-01,5.773479376221694048e-01,5.605095270016592357e-01,7.058028389287632764e-01,4.349867855226969282e-01,6.183965652601552954e-01,5.455409256464079787e-02,4.259798481585217456e-01,2.992819938515335898e-01,2.799434201205149297e-01
4.985914133172582585e-01,-3.630802250143768672e-01,3.885491845882146911e-01,3.720761354318297132e-01,7.240688809712406693e-01,3.807714131047488237e-01,2.834404518411026697e-01,-4.823373952815387944e-01,5.171375302956479070e-01,5.215627921422871793e-01,-4.678452233454077347e-01,-2.118878718450145082e-01,-1.364278198671513564e-01,4.333994402444982796e-01,3.288147202402161295e-01,5.895725296223672807e-01,-8.146744521391635629e-02,7.164086975529455614e-01,1.000000000000000000e+00,1.246478716059046393e-01,3.015859932865563309e-01,4.721161989463885100e-01,5.408673788236876279e-01,5.505999598802454598e-01,4.250382719642213369e-01,5.153964284857205369e-01,3.459635049676720864e-01,4.924614498090572612e-01,4.083593967389684276e-01,7.038026702593956907e-01,4.304916951192130914e-01,6.137851923762875916e-01,5.599699917145648520e-01,5.417899466876301418e-01,3.713324602314898581e-01,3.592771750741799441e-02,2.360244927173053564e-01,5.166676835945434032e-01,3.505836581484040870e-01
3.565945733911640714e-01,1.672746537349193152e-01,5.934805616683334062e-01,-4.260401481622658193e-01,2.354525575496593248e-01,-4.882269344532463307e-01,-1.132875716760569362e-01,-4.982382017519971784e-01,3.937371159733060733e-01,-1.053217960140713227e-01,5.301295885595532775e-01,6.285214280123054831e-01,-7.179401106227566443e-01,4.632994851587333707e-01,7.982841051283487976e-01,-8.430191845731982783e-03,4.532400314382986628e-01,2.218375210813596232e-01,1.246478716059046393e-01,1.000000000000000000e+00,-6.252611376886690886e-01,-3.949999461654130628e-01,-3.338332319829856454e-01,-3.369784411134402746e-01,-4.535491909908820340e-01,5.338362292542921939e-01,5.096193719466448613e-01,2.946574701209510039e-01,3.299462087232347268e-02,9.329958954489563083e-02,5.968332932044574379e-01,-3.109189552622263972e-02,6.497258316893789534e-03,5.368436124201056980e-01,2.224914026693578240e-01,5.309209304932370754e-01,-8.160037716390818041e-02,-4.503175475963944185e-01,-2.296075157645263154e-01
1.243243240113919706e-01,-3.399071994570928013e-01,-9.620986311786484946e-02,6.743053196278510075e-01,2.714068366488007755e-01,8.312687230995444709e-01,5.679234188200721345e-01,-5.056077620249132404e-02,1.376852171944401015e-01,1.529419948556393627e-01,-7.175697211923988128e-01,-7.351944190366127563e-01,4.361262671624852594e-01,6.777260758830869203e-02,-4.188767524853546642e-01,2.756357366686440491e-01,-6.892235419554232356e-01,3.309737103319810303e-01,3.015859932865563309e-01,-6.252611376886690886e-01,1.000000000000000000e+00,8.071646905692170249e-01,7.633939610851010471e-01,7.788134687131651468e-01,8.237462929522360033e-01,3.592653733193149068e-02,2.005229222970515701e-02,3.142749730610555070e-01,4.388964245949799059e-01,3.862170927769029705e-01,-1.622870626356452128e-01,5.193029947096476917e-01,5.741807851892930525e-01,-3.653856027271862872e-01,3.192956313695495818e-01,-6.265041399708404235e-01,4.854993151863067347e-01,6.102872658722574561e-01,3.894962803309759414e-01
2.432240719267644291e-01,-3.227418997647745202e-01,1.508182110825005418e-01,6.585671741648975175e-01,3.777045246026551895e-01,8.073226529196968482e-01,6.024919912148415380e-01,-2.825965673819366697e-01,3.000625309880889935e-01,1.896295029707047719e-01,-6.688372136147205937e-01,-5.682712660213075084e-01,2.401879595333034911e-01,2.816215238280737054e-01,-1.611159646901868803e-01,3.309848608927153379e-01,-5.659685926735860129e-01,4.771362282303973079e-01,4.721161989463885100e-01,-3.949999461654130628e-01,8.071646905692170249e-01,1.000000000000000000e+00,7.984122937880500093e-01,7.969421807551240189e-01,8.073265203555277658e-01,2.701813141845917365e-01,2.618643992480392813e-01,4.766184008223969260e-01,4.938964322403085472e-01,5.197824312950147796e-01,2.761285573422622361e-02,6.458415844044128606e-01,6.981613183861219429e-01,-1.910980401949729512e-01,4.716397554575356699e-01,-4.712126504413581274e-01,6.055520059370365082e-01,5.099069584702161650e-01,2.571017896594064989e-01
4.497380443393683702e-01,-2.302720641394321865e-01,2.718232393041195016e-01,7.254955158855391772e-01,5.345636054987756847e-01,8.565042488856901004e-01,6.819685317572162786e-01,-4.122158341813762505e-01,4.603352415205321235e-01,2.836182563221547603e-01,-6.054947566560608951e-01,-6.420575349952566402e-01,1.149134455586535986e-01,4.163727837977759805e-01,-6.597943014481050250e-02,4.143705032488101403e-01,-5.071305563777972480e-01,5.676385252524870362e-01,5.408673788236876279e-01,-3.338332319829856454e-01,7.633939610851010471e-01,7.984122937880500093e-01,1.000000000000000000e+00,8.776618170768162308e-01,8.668406917554165592e-01,4.041134146803902483e-01,3.149745449077810955e-01,5.877378864990222551e-01,6.977841932175358197e-01,6.393993628275737029e-01,2.296813121681532677e-01,7.497482159633281906e-01,7.894767089346513833e-01,-1.346732872499222522e-01,6.056583099972518980e-01,-4.625787502987729893e-01,6.615520842066906493e-01,5.627283093404625847e-01,3.819295943251447834e-01
4.371367403744026436e-01,-2.976325811382344311e-01,2.558203708556460176e-01,7.117272211708418617e-01,5.700776594601519864e-01,8.419023742428624058e-01,6.706394789034084702e-01,-3.976995980284410703e-01,4.469484516721353717e-01,2.975541872042757330e-01,-6.321797468542722509e-01,-6.303500224514549943e-01,1.285695130811825571e-01,4.042260771060491864e-01,-7.579209399099848254e-02,4.546402561550804133e-01,-5.794106834939716233e-01,6.130597609981502938e-01,5.505999598802454598e-01,-3.369784411134402746e-01,7.788134687131651468e-01,7.969421807551240189e-01,8.776618170768162308e-01,1.000000000000000000e+00,8.689452649441774534e-01,3.984383115703784006e-01,3.258703371951440220e-01,5.998973844330105498e-01,6.765404846855119780e-01,6.578668523973354443e-01,2.142270769220772642e-01,7.253319834100768748e-01,7.918459401319493107e-01,-1.105174858358983769e-01,5.869596832413068732e-01,-4.513545518697469894e-01,6.272112386812402907e-01,5.809385082672060552e-01,4.127175584914770656e-01
3.511109438596424215e-01,-2.408900039176584407e-01,1.628166107961602771e-01,7.451527590715847360e-01,4.536290272518538891e-01,8.642459609831610878e-01,6.613158719006126951e-01,-3.027307500963909437e-01,3.384910129250288668e-01,2.688121938947711231e-01,-6.105615636059018581e-01,-6.765324547807981537e-01,2.095093650841945154e-01,3.267763345332969083e-01,-2.046999474338971614e-01,4.084409335967358334e-01,-6.158205021450415817e-01,5.103518401673619032e-01,4.250382719642213369e-01,-4.535491909908820340e-01,8.237462929522360033e-01,8.073265203555277658e-01,8.668406917554165592e-01,8.689452649441774534e-01,1.000000000000000000e+00,2.870714282842262710e-01,2.515645418237953956e-01,5.233564938260552024e-01,6.158785047840442672e-01,5.781771053695300422e-01,9.057971518332601224e-02,6.496487742516247055e-01,7.293424894164510786e-01,-2.458260312208769838e-01,5.322475888732900451e-01,-4.884730784649218283e-01,6.346157823913900486e-01,5.510033932758290343e-01,3.429894538487633926e-01
7.589009991272566147e-01,4.433373783277790026e-02,8.382435121353520868e-01,1.771047487690693700e-01,6.941478151623652337e-01,2.348954834068907038e-01,4.500684911430427038e-01,-8.586301592302544305e-01,7.743512672131172003e-01,8.746406008679245836e-02,7.796320749382723569e-02,8.187134241477360408e-02,-6.792622459406950641e-01,8.536210635437024852e-01,7.288595302773862583e-01,3.346121905457363765e-01,-8.200399550079989774e-02,7.142180008972703886e-01,5.153964284857205369e-01,5.338362292542921939e-01,3.592653733193149068e-02,2.701813141845917365e-01,4.041134146803902483e-01,3.984383115703784006e-01,2.870714282842262710e-01,1.000000000000000000e+00,8.011000223022887168e-01,8.163136579721977926e-01,6.096130154824717096e-01,6.343656337867312756e-01,8.178601612861262637e-01,5.543940045927282512e-01,6.812381108276847064e-01,3.800270726891479822e-01,7.839976241835344695e-01,1.612071942416985204e-01,5.261225203522379434e-01,-3.810775154636376200e-02,5.844382265295484241e-02
5.744806256665779820e-01,1.051134691496371093e-01,8.233608340592262209e-01,2.086367507157227130e-01,5.835614880907454838e-01,1.843969474042318202e-01,3.864096930876833591e-01,-8.115234051861893727e-01,6.652321561805397687e-01,-6.032771049746384756e-02,1.392877629319903554e-01,2.362050352139369591e-01,-6.340918721408164149e-01,8.216147742185032632e-01,6.392826613911783973e-01,1.978715336081244835e-01,-1.397597509953784900e-01,6.517554373103305876e-01,3.459635049676720864e-01,5.096193719466448613e-01,2.005229222970515701e-02,2.618643992480392813e-01,3.149745449077810955e-01,3.258703371951440220e-01,2.515645418237953956e-01,8.011000223022887168e-01,1.000000000000000000e+00,7.839126791501970226e-01,4.849715674504697649e-01,4.737334640825678345e-01,6.814701937684439770e-01,4.424528493815265140e-01,6.226826305827746211e-01,2.896017593313316985e-01,7.237986415237844806e-01,1.364613722237032201e-01,5.708138670789062452e-01,-1.943246117099155790e-01,-7.669848953165972483e-02
7.317373369953499296e-01,-3.268213529138217638e-02,7.684550748496943307e-01,4.071701057858254091e-01,7.154792096420912184e-01,4.699824587992724734e-01,5.938371705835135961e-01,-8.240086057182602897e-01,7.462887718344468624e-01,4.363692144878394963e-02,-1.133349981891779990e-01,-1.315162774931628309e-01,-5.083679696377757518e-01,8.059251497415274024e-01,5.236108145090065946e-01,3.595464588296499175e-01,-3.624016933742158497e-01,7.477098466512910324e-01,4.924614498090572612e-01,2.946574701209510039e-01,3.142749730610555070e-01,4.766184008223969260e-01,5.877378864990222551e-01,5.998973844330105498e-01,5.233564938260552024e-01,8.163136579721977926e-01,7.839126791501970226e-01,1.000000000000000000e+00,6.934556177958146606e-01,6.632026230387234600e-01,6.877552108081498305e-01,6.376843485015795121e-01,8.066026333705528240e-01,2.097705033894108895e-01,8.353992587788257040e-01,-7.236879187814641845e-02,6.707656347857107182e-01,1.055806658437566797e-01,1.379165993175090199e-01
6.403276843644859495e-01,-2.476632402246605608e-02,5.124809707181683383e-01,5.077701792942067582e-01,5.633928437748824125e-01,6.364538757623765530e-01,7.165259639667584945e-01,-6.001514117850110797e-01,6.132761281446833523e-01,2.790653288851913799e-02,-2.258472954247729980e-01,-4.229793733151147594e-01,-2.130116042844100999e-01,6.043291573892606294e-01,2.447917431193062932e-01,2.083061031889222592e-01,-2.954191898186829812e-01,5.452764269775347561e-01,4.083593967389684276e-01,3.299462087232347268e-02,4.388964245949799059e-01,4.938964322403085472e-01,6.977841932175358197e-01,6.765404846855119780e-01,6.158785047840442672e-01,6.096130154824717096e-01,4.849715674504697649e-01,6.934556177958146606e-01,1.000000000000000000e+00,5.407460381124868931e-01,5.348231607911698715e-01,7.121837224888749596e-01,7.686694586982292243e-01,-5.724352506860088535e-02,7.622407527367572877e-01,-3.592589965349464731e-01,6.625459693311385179e-01,2.636778573830604322e-01,3.550396990541799802e-01
6.745942984255696162e-01,-2.329740936254322825e-01,5.036993087091228283e-01,4.003809641988255730e-01,7.176943596422563632e-01,4.861264629793980441e-01,4.333044553999785276e-01,-5.979799586203866646e-01,6.127245838661544708e-01,5.626687486769813562e-01,-3.512640476588429483e-01,-2.730639458769358319e-01,-2.648665744946083200e-01,5.830280677691466185e-01,3.586937004671442719e-01,7.440960425579129511e-01,-3.220816641008461545e-01,7.743403220833475764e-01,7.038026702593956907e-01,9.329958954489563083e-02,3.862170927769029705e-01,5.197824312950147796e-01,6.393993628275737029e-01,6.578668523973354443e-01,5.781771053695300422e-01,6.343656337867312756e-01,4.737334640825678345e-01,6.632026230387234600e-01,5.407460381124868931e-01,1.000000000000000000e+00,4.960261303469458705e-01,5.671825753013782778e-01,6.669075092404650462e-01,3.559507409116653420e-01,5.755541602345694008e-01,1.108035065292660298e-01,4.050730337452791430e-01,4.066661589239400909e-01,2.343834113114726114e-01
7.301554195975727968e-01,1.756477699670615511e-01,8.028783484525625624e-01,5.325559826255093360e-02,6.432624707319125612e-01,6.296629937381593989e-02,3.139277795256075199e-01,-8.009157157473036914e-01,7.293398654287168714e-01,6.106857301320959414e-02,2.195146955503799180e-01,1.566802539607136946e-01,-7.633217781219658882e-01,7.805672202074825927e-01,7.435020862520090867e-01,2.304290243657803328e-01,9.335536448180244140e-02,5.773479376221694048e-01,4.304916951192130914e-01,5.968332932044574379e-01,-1.622870626356452128e-01,2.761285573422622361e-02,2.296813121681532677e-01,2.142270769220772642e-01,9.057971518332601224e-02,8.178601612861262637e-01,6.814701937684439770e-01,6.877552108081498305e-01,5.348231607911698715e-01,4.960261303469458705e-01,1.000000000000000000e+00,4.340339340580847138e-01,5.204018908890496453e-01,4.475529272535264114e-01,6.730524585106173463e-01,2.413563420824527961e-01,3.734917975575730575e-01,-1.066295665347209709e-01,9.672302525810652640e-02
4.931500855385542170e-01,-1.543740813600538442e-01,4.308420436693566336e-01,6.173904708437151223e-01,5.760263224914300428e-01,6.775850432634682452e-01,6.077422688156988162e-01,-5.372472482551865491e-01,5.879880982517383670e-01,1.582314729758677319e-01,-4.977941892335096541e-01,-4.426005723782862611e-01,-9.310437371403990081e-02,4.929879993917157255e-01,1.825268356534874847e-01,2.456641222498144872e-01,-2.226104402790132775e-01,5.605095270016592357e-01,6.137851923762875916e-01,-3.109189552622263972e-02,5.193029947096476917e-01,6.458415844044128606e-01,7.497482159633281906e-01,7.253319834100768748e-01,6.496487742516247055e-01,5.543940045927282512e-01,4.424528493815265140e-01,6.376843485015795121e-01,7.121837224888749596e-01,5.671825753013782778e-01,4.340339340580847138e-01,1.000000000000000000e+00,7.915012836636133864e-01,4.605776620956940348e-02,6.374347486450222533e-01,-3.790989290384648158e-01,6.356118356334991004e-01,4.644817991625796449e-01,3.580350537577693393e-01
6.064115894894963610e-01,-1.365513894808133011e-01,5.747538370457823120e-01,6.102291780718239744e-01,6.768852669742680961e-01,7.154233910370935146e-01,7.083573531759979058e-01,-6.777944482093574141e-01,6.717040732668204672e-01,1.053650219202158511e-01,-4.051824722392357025e-01,-3.992891367390231649e-01,-2.192428415602868108e-01,6.694498438267608709e-01,2.579033481718988052e-01,3.335494687562184923e-01,-4.538403414979174655e-01,7.058028389287632764e-01,5.599699917145648520e-01,6.497258316893789534e-03,5.741807851892930525e-01,6.981613183861219429e-01,7.894767089346513833e-01,7.918459401319493107e-01,7.293424894164510786e-01,6.812381108276847064e-01,6.226826305827746211e-01,8.066026333705528240e-01,7.686694586982292243e-01,6.669075092404650462e-01,5.204018908890496453e-01,7.915012836636133864e-01,1.000000000000000000e+00,2.151080932345256561e-02,7.987327132481882863e-01,-3.322938211634773320e-01,7.473826525392479603e-01,3.434717897196526426e-01,3.073410170953109199e-01
3.869852739893498428e-01,-2.612762087321746779e-02,4.165302228451313038e-01,-2.152749845249787020e-01,4.990308643723655457e-01,-3.040279595858098038e-01,-2.630774778353381915e-01,-3.881051007416929099e-01,4.021020623282121065e-01,3.416147896692119934e-01,7.856991467142525332e-02,4.373599392551265064e-01,-4.265969496806061301e-01,3.194863442554357613e-01,5.939864656645117424e-01,3.919024154287719663e-01,2.688517777718092971e-01,4.349867855226969282e-01,5.417899466876301418e-01,5.368436124201056980e-01,-3.653856027271862872e-01,-1.910980401949729512e-01,-1.346732872499222522e-01,-1.105174858358983769e-01,-2.458260312208769838e-01,3.800270726891479822e-01,2.896017593313316985e-01,2.097705033894108895e-01,-5.724352506860088535e-02,3.559507409116653420e-01,4.475529272535264114e-01,4.605776620956940348e-02,2.151080932345256561e-02,1.000000000000000000e+00,3.468498235660607415e-02,5.006078748688216340e-01,-2.069183264107569420e-01,6.998242692861207648e-02,1.273264701264837373e-01
6.992505759631454376e-01,9.092265398491522488e-02,7.343326662080902345e-01,4.124878786754636595e-01,5.960336657082446754e-01,5.159679165240815824e-01,6.713458457223175913e-01,-7.887059276106717087e-01,7.035196960830989443e-01,-6.512120807567818581e-02,-4.467053836688352625e-02,-1.951772065115901789e-01,-4.759009282180032829e-01,7.933668577612315032e-01,4.652852417341921121e-01,2.067567341863773833e-01,-3.239896401117203228e-01,6.183965652601552954e-01,3.713324602314898581e-01,2.224914026693578240e-01,3.192956313695495818e-01,4.716397554575356699e-01,6.056583099972518980e-01,5.869596832413068732e-01,5.322475888732900451e-01,7.839976241835344695e-01,7.237986415237844806e-01,8.353992587788257040e-01,7.622407527367572877e-01,5.755541602345694008e-01,6.730524585106173463e-01,6.374347486450222533e-01,7.987327132481882863e-01,3.468498235660607415e-02,1.000000000000000000e+00,-1.642608186102040013e-01,7.715408894262395512e-01,1.801444411975802046e-02,1.021550160946683716e-01
8.945590193230473774e-02,1.184458770301241165e-01,2.080415332024379282e-01,-4.591538327947934928e-01,1.333998681326227509e-02,-6.138971187125686901e-01,-4.344647055154254867e-01,-1.164985313714800852e-01,-5.124590947371681499e-02,3.502836084367293434e-01,5.182857421744493376e-01,5.652618300285449093e-01,-4.890796725117925181e-01,1.314797913099130244e-01,4.536956096873122624e-01,3.077437256291108425e-01,4.550107225822683787e-01,5.455409256464079787e-02,3.592771750741799441e-02,5.309209304932370754e-01,-6.265041399708404235e-01,-4.712126504413581274e-01,-4.625787502987729893e-01,-4.513545518697469894e-01,-4.884730784649218283e-01,1.612071942416985204e-01,1.364613722237032201e-01,-7.236879187814641845e-02,-3.592589965349464731e-01,1.108035065292660298e-01,2.413563420824527961e-01,-3.790989290384648158e-01,-3.322938211634773320e-01,5.006078748688216340e-01,-1.642608186102040013e-01,1.000000000000000000e+00,-3.706859122937838369e-01,-4.146395099967923326e-01,-4.780040405504364376e-01
4.064379736860947445e-01,1.526087587302129567e-01,5.215967698056347412e-01,6.076068182436460408e-01,3.751138308123379006e-01,6.571948976817322263e-01,6.480818614796529653e-01,-5.845097786296969966e-01,4.794225630897971380e-01,-1.481941435793659168e-01,-2.127032262742165336e-01,-2.914429851353957934e-01,-1.800154556362900393e-01,5.784477856026170040e-01,1.357747682465220707e-01,2.392761303964434025e-02,-4.024584001802142819e-01,4.259798481585217456e-01,2.360244927173053564e-01,-8.160037716390818041e-02,4.854993151863067347e-01,6.055520059370365082e-01,6.615520842066906493e-01,6.272112386812402907e-01,6.346157823913900486e-01,5.261225203522379434e-01,5.708138670789062452e-01,6.707656347857107182e-01,6.625459693311385179e-01,4.050730337452791430e-01,3.734917975575730575e-01,6.356118356334991004e-01,7.473826525392479603e-01,-2.069183264107569420e-01,7.715408894262395512e-01,-3.706859122937838369e-01,1.000000000000000000e+00,4.438576939612108585e-02,2.371390018452110629e-02
1.896437594158427720e-01,-3.513821760089111956e-01,-1.994255648500843359e-01,4.578752667213108474e-01,3.859370781257916438e-01,5.581620121192569783e-01,2.563054530551959198e-01,6.307860512031451816e-02,2.119046614089761804e-01,4.595884881820319068e-01,-7.604456426800652036e-01,-6.187406767731322699e-01,4.197322380183839963e-01,-8.153573499455658846e-02,-3.052463030042704695e-01,4.429922444820057481e-01,-3.406747642907834162e-01,2.992819938515335898e-01,5.166676835945434032e-01,-4.503175475963944185e-01,6.102872658722574561e-01,5.099069584702161650e-01,5.627283093404625847e-01,5.809385082672060552e-01,5.510033932758290343e-01,-3.810775154636376200e-02,-1.943246117099155790e-01,1.055806658437566797e-01,2.636778573830604322e-01,4.066661589239400909e-01,-1.066295665347209709e-01,4.644817991625796449e-01,3.434717897196526426e-01,6.998242692861207648e-02,1.801444411975802046e-02,-4.146395099967923326e-01,4.438576939612108585e-02,1.000000000000000000e+00,6.794431958999374022e-01
2.645520903003789615e-01,-8.382336449970016756e-02,-5.236764970404540059e-02,2.295357913118189208e-01,4.347433731571203053e-01,3.997600123908038317e-01,2.279841950999095812e-01,-4.355431362769988241e-02,3.799879067353501561e-01,1.404881881643756658e-01,-5.207888125970512316e-01,-3.816311953472363849e-01,2.162520189095662737e-01,4.574885478290646734e-02,-1.261954941398200358e-01,1.758792427899235344e-01,-3.073112251298798503e-01,2.799434201205149297e-01,3.505836581484040870e-01,-2.296075157645263154e-01,3.894962803309759414e-01,2.571017896594064989e-01,3.819295943251447834e-01,4.127175584914770656e-01,3.429894538487633926e-01,5.844382265295484241e-02,-7.669848953165972483e-02,1.379165993175090199e-01,3.550396990541799802e-01,2.343834113114726114e-01,9.672302525810652640e-02,3.580350537577693393e-01,3.073410170953109199e-01,1.273264701264837373e-01,1.021550160946683716e-01,-4.780040405504364376e-01,2.371390018452110629e-02,6.794431958999374022e-01,1.000000000000000000e+00
