1.000000000000000000e+00,3.387698881236240189e-01,4.538419666164897337e-01,-4.704115506131365532e-01,4.176571304935927098e-01,-1.735349016451903092e-01,1.520227117046832055e-01,-4.169193833696184237e-01,4.903629856148640775e-01,4.376609950530139237e-01,1.858787678271941746e-01,-4.069880675688725136e-01,-4.348528848764022792e-01,1.782826531559925098e-01,-1.344195266487740181e-01,7.686500143758472348e-01,2.690306253230426714e-01,1.045898013493103129e-01,2.936048361379767213e-01,5.235264777477639520e-01,4.163562419667546366e-01,8.937087435881783948e-02,-7.041869683046418638e-02,3.599136955578214891e-01,1.326693795902723072e-01,7.422794954683551438e-01,5.669268664899619614e-02,7.682979867214814185e-01,4.188195280223138695e-01,4.684286505150051516e-01,1.888572367304054977e-01,2.429469686640464698e-01,3.105720390827851340e-01,4.789687693705673155e-01,3.293241399898698685e-01,4.836721165545491141e-01,1.427217294677683990e-01,6.929512705591163169e-01,1.963916485479138829e-01
3.387698881236240189e-01,1.000000000000000000e+00,5.423640087177690194e-01,2.097595550549586629e-01,5.637721655109459995e-01,2.030734506527111516e-01,7.331785226119654775e-01,-5.610955977905687231e-01,6.813105225959706912e-01,8.395395694718961188e-01,6.873587051836717032e-01,-2.041079860794593401e-02,1.349102894052419954e-01,7.328858188644064020e-01,-3.528450946791515941e-01,5.579917763141766240e-01,3.052130078703705895e-01,6.224282308075068659e-01,6.946877603660135403e-01,4.762371668017162940e-01,8.314717709425979231e-04,4.327762213537266200e-01,6.863844890021710832e-01,6.194054146164047481e-01,4.649356680750402759e-01,2.802244127616930758e-01,7.513522532572853851e-01,1.069163007740402682e-01,1.113103028278133594e-01,7.898963962619087731e-01,7.894746512420841578e-01,7.483149193402853783e-01,1.268941549388273304e-01,5.575756987365898532e-01,4.198547403563819835e-01,5.344060275738869992e-01,6.455118748523172023e-01,5.432652771799298952e-01,7.805521157699759627e-01
4.538419666164897337e-01,5.423640087177690194e-01,1.000000000000000000e+00,-1.549015309238386817e-01,7.880398901247006593e-01,7.270468101847146758e-02,4.560981860540572752e-01,-8.876713711679047325e-01,6.156369078697939701e-01,5.942114576006851667e-01,4.061290175949418546e-01,-2.905430918115453620e-01,9.512550400374708559e-02,6.855922355788217626e-01,-3.189692164903426552e-01,6.104135965192591939e-01,3.414812100819759610e-01,3.806556043017518820e-01,5.064885643778719304e-01,5.510881744624177569e-01,5.442496890311601110e-01,6.071580590471805650e-01,3.953923927571748043e-01,5.531531471231211361e-01,4.946015521177380969e-01,5.167442558661435870e-01,4.317337003565868692e-01,4.938421919656658110e-01,3.885324555547500225e-01,6.637215106443625778e-01,5.214608224220831367e-01,4.360887382477906526e-01,6.622066815866649581e-01,6.526212059821724365e-01,4.185435763125926467e-01,5.946688697374042931e-01,3.967422155617020829e-01,4.875435839584695286e-01,4.105308127121565231e-01
-4.704115506131365532e-01,2.097595550549586629e-01,-1.549015309238386817e-01,1.000000000000000000e+00,-2.044382050449693178e-01,2.747724980819357121e-01,4.309165775560315770e-01,1.848176163875770162e-01,3.266294948869143816e-02,1.654836470628535949e-01,2.048659401394565260e-01,5.725698027092493980e-01,3.231653127004924242e-01,1.872117787269758915e-01,-2.559473228007738688e-01,-2.741719049675366282e-01,-2.447077459596951055e-01,4.366472565561002606e-01,3.077389737356718280e-01,3.653009338790608879e-02,-4.345501789512849489e-01,1.589094106042200083e-01,4.591213005303954597e-01,1.731545055045437959e-03,1.242867687897503959e-01,-4.716806965186570721e-01,3.728988267584995575e-01,-5.736011466492609845e-01,-4.564593352866286868e-01,6.329135093978151272e-02,2.599373443469640832e-01,2.559847674177117005e-01,-4.442441809566923805e-01,-2.142608251119582918e-01,-1.160147694125255036e-01,-2.950288909518411495e-01,2.822717744119473959e-01,-4.988988407303364403e-02,4.434315256293347995e-01
4.176571304935927098e-01,5.637721655109459995e-01,7.880398901247006593e-01,-2.044382050449693178e-01,1.000000000000000000e+00,7.195068639626912843e-02,4.223413319113125119e-01,-7.964244560108935111e-01,6.364184636519768512e-01,5.302179235003818825e-01,4.349370362970507164e-01,-3.570083943059775278e-01,2.553351867857990912e-02,6.658779342581946370e-01,-2.667457418071836894e-01,5.324951502768217049e-01,3.476915908255843735e-01,3.256370143253042304e-01,4.425014023074020919e-01,4.090110260968540801e-01,3.584814555437938477e-01,4.457463269661063876e-01,3.696703142355086125e-01,5.768278090172509476e-01,5.029474114361383030e-01,4.696042520952517507e-01,3.719118588290400984e-01,4.571654462859711110e-01,4.071797448343211223e-01,6.377722054678005570e-01,4.905872547978429865e-01,4.431042927292297429e-01,6.532429756878028737e-01,7.663754407196364804e-01,4.442559438717841314e-01,5.855775713497531898e-01,3.479787208467864934e-01,3.999674943358194068e-01,3.511170582599650869e-01
-1.735349016451903092e-01,2.030734506527111516e-01,7.270468101847146758e-02,2.747724980819357121e-01,7.195068639626912843e-02,1.000000000000000000e+00,1.217584383632768080e-01,-5.240239769797429975e-02,-1.126091704064239168e-01,1.226193831065928719e-01,5.495201195206850242e-01,7.539122616824846246e-02,1.847158419648689542e-01,2.753413096821042960e-01,-2.561540444785002091e-01,-4.415183748768911065e-02,4.799251270346372999e-01,1.911639111723037743e-01,9.960447622071150198e-02,-1.079994533393628803e-01,-1.254650084750016936e-02,1.446775179744902162e-01,5.433179819487106155e-01,3.402475351365229495e-01,5.402704747915009209e-01,2.967935517987045288e-02,3.470446529307509298e-01,-1.241880052499745590e-01,3.348003991004783186e-01,8.369426198281039453e-02,3.028354033081636087e-01,4.424110969365752655e-01,-4.049372155953822466e-02,-1.646098185307667272e-01,4.458851432743604626e-01,1.891847426544610300e-01,5.816978606623446346e-01,-1.250721870913486800e-01,8.705948979551900169e-02
1.520227117046832055e-01,7.331785226119654775e-01,4.560981860540572752e-01,4.309165775560315770e-01,4.223413319113125119e-01,1.217584383632768080e-01,1.000000000000000000e+00,-4.421691093596191169e-01,6.829361565703759851e-01,7.211755712303759003e-01,5.150435271800688497e-01,2.181729748496017418e-01,1.707884482254807268e-01,6.726152468653546768e-01,-3.695453680335997748e-01,3.891154809939469383e-01,8.219160247954940268e-02,7.725536259263884320e-01,7.735055134899684326e-01,4.852530488098336092e-01,-1.946516873335014941e-01,3.949887581562750438e-01,6.357465646453021035e-01,4.079855682148956220e-01,3.590550565639352154e-01,9.421318887871084347e-02,6.689999591295777703e-01,-5.393668410309049310e-02,-1.144228903342708881e-01,7.118860074218317235e-01,7.152995797483493456e-01,5.854007588997929279e-01,-6.923510797813769990e-02,4.595575726148050655e-01,1.918127869932714225e-01,2.121247379808904598e-01,4.934131035713099633e-01,5.516203864716782146e-01,8.410566353485455782e-01
-4.169193833696184237e-01,-5.610955977905687231e-01,-8.876713711679047325e-01,1.848176163875770162e-01,-7.964244560108935111e-01,-5.240239769797429975e-02,-4.421691093596191169e-01,1.000000000000000000e+00,-6.091177979680016952e-01,-5.936109068810950795e-01,-4.376340581550757225e-01,3.055296052847002453e-01,-9.145130461536755961e-02,-6.904359136165857391e-01,2.720867275092143656e-01,-5.888312311649933628e-01,-3.757813569786798702e-01,-3.541364856477919876e-01,-4.630706832355253599e-01,-4.687408865356733623e-01,-5.204139346857322712e-01,-5.695993944464502468e-01,-4.078011905651902635e-01,-5.955535165128307273e-01,-4.653886894949240127e-01,-4.784607841045472876e-01,-4.459917206043810256e-01,-4.371468061130937000e-01,-3.594357795468084427e-01,-6.687254020129711485e-01,-5.494652510649538080e-01,-4.370817886477970093e-01,-6.620708083068722605e-01,-6.673307343976261352e-01,-3.847069059968880600e-01,-5.904771090841663961e-01,-3.736648802417530391e-01,-4.411762592013964146e-01,-4.096999060044794194e-01
4.903629856148640775e-01,6.813105225959706912e-01,6.156369078697939701e-01,3.266294948869143816e-02,6.364184636519768512e-01,-1.126091704064239168e-01,6.829361565703759851e-01,-6.091177979680016952e-01,1.000000000000000000e+00,7.559614391967026670e-01,4.086548280716377213e-01,-1.798163179359734964e-01,-1.401277315363994025e-01,5.718607893299187950e-01,-3.782238896072702694e-01,7.124279958807322455e-01,2.052018959837391410e-01,5.562597689398491863e-01,7.671314992524685961e-01,6.416041947169248694e-01,9.461629253325240518e-02,3.958170998451234213e-01,3.937939602432085628e-01,5.240584802066389214e-01,2.462866455292859191e-01,4.496667297826134058e-01,4.889792701259862429e-01,3.457627016358761907e-01,8.170641768991709908e-02,8.215794295420089099e-01,5.435983383719410478e-01,5.336362935006937480e-01,2.316139110934353484e-01,7.505740859646455876e-01,2.281889770986001154e-01,3.758359500147930854e-01,3.373822769043179903e-01,7.575069084817318554e-01,6.967022289993890505e-01
4.376609950530139237e-01,8.395395694718961188e-01,5.942114576006851667e-01,1.654836470628535949e-01,5.302179235003818825e-01,1.226193831065928719e-01,7.211755712303759003e-01,-5.936109068810950795e-01,7.559614391967026670e-01,1.000000000000000000e+00,5.822522201541162623e-01,-4.715231446676315663e-02,8.797868983437890505e-03,6.627418960099857870e-01,-4.154330581168649283e-01,7.114355422596632117e-01,3.087541206365709279e-01,6.331016033788482433e-01,7.378457946720441418e-01,5.883112063757601762e-01,9.056990534567095630e-02,4.744610316780411008e-01,6.152487876485417395e-01,5.904320644264552387e-01,3.695317840945080423e-01,4.141342229300059574e-01,7.202000270086762468e-01,1.989512277536818197e-01,1.203060013113240040e-01,8.473079790709542314e-01,7.408203066626307676e-01,6.805290934766423661e-01,1.421491890253089863e-01,5.548876897507677430e-01,3.510559908453919631e-01,5.163770914459963057e-01,5.693504757456019361e-01,6.830059086307977978e-01,7.905475800736152525e-01
1.858787678271941746e-01,6.873587051836717032e-01,4.061290175949418546e-01,2.048659401394565260e-01,4.349370362970507164e-01,5.495201195206850242e-01,5.150435271800688497e-01,-4.376340581550757225e-01,4.086548280716377213e-01,5.822522201541162623e-01,1.000000000000000000e+00,-5.982428666183962906e-02,3.546268340072178393e-02,6.127923594172016708e-01,-3.202239104824043392e-01,3.649849519005685661e-01,5.970594780961568926e-01,4.542505739004422671e-01,5.124851934926473174e-01,2.101950170054065481e-01,9.245980581426539724e-03,2.440315417552267052e-01,6.970221559559602875e-01,6.642815458873321255e-01,5.774152554588877218e-01,2.137857357436801220e-01,5.952894803171271398e-01,-1.873348609114887809e-03,2.581356634323492272e-01,5.794264570282413596e-01,6.710242945682518556e-01,7.122298861248752555e-01,5.648595308516054375e-02,3.324425894745038357e-01,4.975460789827429453e-01,4.111487660139562794e-01,6.909530120010626275e-01,3.042249849727687305e-01,5.333565004923290775e-01
-4.069880675688725136e-01,-2.041079860794593401e-02,-2.905430918115453620e-01,5.725698027092493980e-01,-3.570083943059775278e-01,7.539122616824846246e-02,2.181729748496017418e-01,3.055296052847002453e-01,-1.798163179359734964e-01,-4.715231446676315663e-02,-5.982428666183962906e-02,1.000000000000000000e+00,2.887403772384553036e-01,-5.027325537571173363e-03,8.227676708769507408e-02,-3.492594908141978816e-01,-3.824588195366254162e-01,2.677836028851997563e-01,-3.066673442872781125e-02,-9.855026001278401060e-02,-4.122909659561202478e-01,-3.103127088150237425e-02,1.715504106278814833e-01,-2.028366204106015758e-01,-1.075812949935601448e-01,-4.703449949741954628e-01,1.058196812193279990e-01,-5.012323908391492777e-01,-4.347397883493884785e-01,-1.631072900316208329e-01,7.492270890501044611e-02,-6.423544821640564395e-02,-4.983292552372599604e-01,-3.280657252249216116e-01,-2.401383871239333168e-01,-3.876237808401586382e-01,7.646576904031573974e-02,-1.698586544041364443e-01,2.237105969091685298e-01
-4.348528848764022792e-01,1.349102894052419954e-01,9.512550400374708559e-02,3.231653127004924242e-01,2.553351867857990912e-02,1.847158419648689542e-01,1.707884482254807268e-01,-9.145130461536755961e-02,-1.401277315363994025e-01,8.797868983437890505e-03,3.546268340072178393e-02,2.887403772384553036e-01,1.000000000000000000e+00,2.871040212393688451e-01,1.674434966622445897e-01,-3.749323085521970023e-01,-1.958719356306330428e-01,7.043457781238131321e-02,5.538450429621277066e-02,6.307089782799719935e-02,9.204345183462288305e-02,5.665791388796451722e-01,4.009374266286783173e-01,4.159794215111853322e-02,2.533006240740651727e-01,-4.263005358519053600e-01,3.567137946163148610e-01,-2.355523792976051967e-01,-1.939127322688834476e-01,-7.870191493719572162e-02,1.509554408337771270e-01,9.988134876608785462e-02,1.774562779800406831e-01,-1.080594882481688591e-02,9.459693803882557317e-02,-2.114463255584329154e-02,2.305653195761282748e-01,-3.073284794097850825e-01,1.657052629142706512e-01
1.782826531559925098e-01,7.328858188644064020e-01,6.855922355788217626e-01,1.872117787269758915e-01,6.658779342581946370e-01,2.753413096821042960e-01,6.726152468653546768e-01,-6.904359136165857391e-01,5.718607893299187950e-01,6.627418960099857870e-01,6.127923594172016708e-01,-5.027325537571173363e-03,2.871040212393688451e-01,1.000000000000000000e+00,-3.698580629421880372e-01,4.203407517904180768e-01,3.280250853555780610e-01,6.323390978874050550e-01,5.905857844319752914e-01,3.902137804847981561e-01,1.426426897483757394e-01,5.300837643843366864e-01,6.877479322541900641e-01,6.283274727985228569e-01,5.810365858440531550e-01,2.662899424511525059e-01,6.827296990220660389e-01,1.195339938614125574e-01,2.479799853241068386e-01,6.968417207123833723e-01,7.501434182804189721e-01,6.340963798745707924e-01,3.647343182130386996e-01,5.263420351936908270e-01,4.546795540007345093e-01,5.043700962115720277e-01,6.226344326663274531e-01,3.530246431551022912e-01,6.217905401363964524e-01
-1.344195266487740181e-01,-3.528450946791515941e-01,-3.189692164903426552e-01,-2.559473228007738688e-01,-2.667457418071836894e-01,-2.561540444785002091e-01,-3.695453680335997748e-01,2.720867275092143656e-01,-3.782238896072702694e-01,-4.154330581168649283e-01,-3.202239104824043392e-01,8.227676708769507408e-02,1.674434966622445897e-01,-3.698580629421880372e-01,1.000000000000000000e+00,-3.744957856464328771e-01,-3.058196911946056140e-01,-5.773900084895111640e-01,-3.902395837061239936e-01,-1.817201896573798214e-01,4.976166293059521711e-02,-1.062642175765265429e-01,-3.116816298496842830e-01,-2.056128734730025831e-01,-1.752392963619859023e-01,-3.443246581474788681e-01,-3.899713792518919586e-01,-4.364819070897958675e-02,-1.507443271476531510e-01,-4.648407492617053771e-01,-4.556500405045114666e-01,-3.167873271651674982e-01,-1.512503517581386195e-02,-1.143128535020646597e-01,-1.183355254458499789e-01,-2.470983473062458857e-01,-2.767735559689470937e-01,-3.522522309405136665e-01,-3.645521694756527764e-01
7.686500143758472348e-01,5.579917763141766240e-01,6.104135965192591939e-01,-2.741719049675366282e-01,5.324951502768217049e-01,-4.415183748768911065e-02,3.891154809939469383e-01,-5.888312311649933628e-01,7.124279958807322455e-01,7.114355422596632117e-01,3.649849519005685661e-01,-3.492594908141978816e-01,-3.749323085521970023e-01,4.203407517904180768e-01,-3.744957856464328771e-01,1.000000000000000000e+00,4.125791214104318483e-01,3.742370713113398195e-01,5.303802505436739922e-01,5.915850869976291282e-01,3.450801998487734723e-01,2.573658317934738315e-01,2.191244363421416541e-01,5.058386151063281044e-01,2.091696467139073923e-01,7.609463516315001508e-01,3.516154624241209503e-01,5.909385992867156601e-01,3.875001612539087925e-01,7.385001329663193337e-01,4.634596011202179455e-01,4.564126645552868400e-01,3.074278305536201628e-01,5.743070154139356953e-01,3.632714606705445548e-01,5.832211287645714393e-01,3.367016408170365738e-01,7.874234244386705273e-01,4.520166284834600812e-01
2.690306253230426714e-01,3.052130078703705895e-01,3.414812100819759610e-01,-2.447077459596951055e-01,3.476915908255843735e-01,4.799251270346372999e-01,8.219160247954940268e-02,-3.757813569786798702e-01,2.052018959837391410e-01,3.087541206365709279e-01,5.970594780961568926e-01,-3.824588195366254162e-01,-1.958719356306330428e-01,3.280250853555780610e-01,-3.058196911946056140e-01,4.125791214104318483e-01,1.000000000000000000e+00,1.111999963087454829e-01,1.334000321607007322e-01,-1.878978282232358563e-02,2.035600414783529377e-01,6.604233493791457354e-02,3.293105432442901548e-01,5.052358940261302278e-01,3.705496894670651797e-01,5.077945175858613602e-01,3.080265082638479757e-01,2.387852416310995152e-01,5.299235263280722696e-01,3.966881235566078190e-01,3.762367182241898034e-01,3.900434558639515603e-01,2.561294821266210664e-01,1.915971793442702020e-01,4.154866732026445408e-01,4.652178286966189846e-01,3.675630788599730248e-01,2.239866150607962847e-01,1.032580908266041292e-01
1.045898013493103129e-01,6.224282308075068659e-01,3.806556043017518820e-01,4.366472565561002606e-01,3.256370143253042304e-01,1.911639111723037743e-01,7.725536259263884320e-01,-3.541364856477919876e-01,5.562597689398491863e-01,6.331016033788482433e-01,4.542505739004422671e-01,2.677836028851997563e-01,7.043457781238131321e-02,6.323390978874050550e-01,-5.773900084895111640e-01,3.742370713113398195e-01,1.111999963087454829e-01,1.000000000000000000e+00,6.658316786088960271e-01,3.260602719756615087e-01,-2.030381305464033781e-01,2.523139720238960493e-01,5.632174036761797842e-01,3.116486702105156770e-01,2.220272315527778151e-01,1.642454059138046540e-01,6.211719693093672445e-01,-1.019357648533943950e-01,-6.805644155591275557e-02,6.604036576320441165e-01,6.890271501739470006e-01,5.117830700663916765e-01,-1.301938418627107685e-01,2.319124674534912833e-01,1.471685859513398587e-01,1.832872329425366820e-01,4.628840228088432207e-01,4.757250172371991770e-01,7.364025853256210841e-01
2.936048361379767213e-01,6.946877603660135403e-01,5.064885643778719304e-01,3.077389737356718280e-01,4.425014023074020919e-01,9.960447622071150198e-02,7.735055134899684326e-01,-4.630706832355253599e-01,7.671314992524685961e-01,7.378457946720441418e-01,5.124851934926473174e-01,-3.066673442872781125e-02,5.538450429621277066e-02,5.905857844319752914e-01,-3.902395837061239936e-01,5.303802505436739922e-01,1.334000321607007322e-01,6.658316786088960271e-01,1.000000000000000000e+00,6.585335345221946524e-01,-2.647632180555504599e-03,4.699845119959715767e-01,5.827010929796868632e-01,4.799210966615911067e-01,3.391127140990741751e-01,2.327344080570893647e-01,5.940637695972178500e-01,1.435803504189771818e-01,-1.995642124243763790e-02,7.395585127424358918e-01,6.089849467845439568e-01,6.554006155181968385e-01,2.466571316894431223e-02,5.334362934469176754e-01,2.663863911906992898e-01,2.608409649405192821e-01,5.041363245700350992e-01,6.566405948464995035e-01,7.772741492165781141e-01
5.235264777477639520e-01,4.762371668017162940e-01,5.510881744624177569e-01,3.653009338790608879e-02,4.090110260968540801e-01,-1.079994533393628803e-01,4.852530488098336092e-01,-4.687408865356733623e-01,6.416041947169248694e-01,5.883112063757601762e-01,2.101950170054065481e-01,-9.855026001278401060e-02,6.307089782799719935e-02,3.902137804847981561e-01,-1.817201896573798214e-01,5.915850869976291282e-01,-1.878978282232358563e-02,3.260602719756615087e-01,6.585335345221946524e-01,1.000000000000000000e+00,3.563808257172006444e-01,5.746128779572579059e-01,2.856025122319765241e-01,3.681132965190030415e-01,2.533972963693210123e-01,3.821607819898007463e-01,3.479138300284460028e-01,4.880444953568249256e-01,1.007031091413778112e-01,5.357499145470263624e-01,3.275582508075020605e-01,4.246470398653993117e-01,2.567580140188228666e-01,5.460619408096629712e-01,3.213472333996382768e-01,3.342001296005902566e-01,3.713627143531983421e-01,6.714471091312761430e-01,5.091879135916982380e-01
4.163562419667546366e-01,8.314717709425979231e-04,5.442496890311601110e-01,-4.345501789512849489e-01,3.584814555437938477e-01,-1.254650084750016936e-02,-1.946516873335014941e-01,-5.204139346857322712e-01,9.461629253325240518e-02,9.056990534567095630e-02,9.245980581426539724e-03,-4.122909659561202478e-01,9.204345183462288305e-02,1.426426897483757394e-01,4.976166293059521711e-02,3.450801998487734723e-01,2.035600414783529377e-01,-2.030381305464033781e-01,-2.647632180555504599e-03,3.563808257172006444e-01,1.000000000000000000e+00,4.940215654016950619e-01,-3.093177915244979537e-02,2.758469457834800131e-01,2.217039817271680702e-01,4.223113333819399351e-01,1.149674679597468847e-03,6.284498256074978473e-01,4.197777555562314800e-01,1.076018604883835633e-01,-1.940696782562437162e-02,6.165438397737958709e-02,6.899657331278112871e-01,2.574435136609121155e-01,3.306997858843617744e-01,4.326660389606063473e-01,1.040537971871588752e-01,1.668626337851521479e-01,-1.546372956206706895e-01
8.937087435881783948e-02,4.327762213537266200e-01,6.071580590471805650e-01,1.589094106042200083e-01,4.457463269661063876e-01,1.446775179744902162e-01,3.949887581562750438e-01,-5.695993944464502468e-01,3.958170998451234213e-01,4.744610316780411008e-01,2.440315417552267052e-01,-3.103127088150237425e-02,5.665791388796451722e-01,5.300837643843366864e-01,-1.062642175765265429e-01,2.573658317934738315e-01,6.604233493791457354e-02,2.523139720238960493e-01,4.699845119959715767e-01,5.746128779572579059e-01,4.940215654016950619e-01,1.000000000000000000e+00,5.236710680151929198e-01,4.075244014037659457e-01,4.306959133933699890e-01,1.105691184687158934e-01,5.482983667287433249e-01,2.467392210700395661e-01,7.704133060926962595e-02,4.099613466288644092e-01,3.707081184100444737e-01,4.184707532216043191e-01,5.035843831177949648e-01,4.186753672892928324e-01,3.024221233881490556e-01,3.715051836603943669e-01,4.120581585280106984e-01,2.617339032458865788e-01,4.221843344589366609e-01
-7.041869683046418638e-02,6.863844890021710832e-01,3.953923927571748043e-01,4.591213005303954597e-01,3.696703142355086125e-01,5.433179819487106155e-01,6.357465646453021035e-01,-4.078011905651902635e-01,3.937939602432085628e-01,6.152487876485417395e-01,6.970221559559602875e-01,1.715504106278814833e-01,4.009374266286783173e-01,6.877479322541900641e-01,-3.116816298496842830e-01,2.191244363421416541e-01,3.293105432442901548e-01,5.632174036761797842e-01,5.827010929796868632e-01,2.856025122319765241e-01,-3.093177915244979537e-02,5.236710680151929198e-01,1.000000000000000000e+00,5.480396604279121897e-01,6.372628046091547427e-01,-3.539605809182941321e-02,7.244449198554034908e-01,-1.584027635403605916e-01,6.467265872354735490e-02,5.384275313183665146e-01,7.235927331546356811e-01,6.938471947050705024e-01,4.028947396878047871e-02,2.820622790011885206e-01,3.803746548432860863e-01,3.458914889899274980e-01,7.099064354936325261e-01,1.986595777955171560e-01,6.436666594520515927e-01
3.599136955578214891e-01,6.194054146164047481e-01,5.531531471231211361e-01,1.731545055045437959e-03,5.768278090172509476e-01,3.402475351365229495e-01,4.079855682148956220e-01,-5.955535165128307273e-01,5.240584802066389214e-01,5.904320644264552387e-01,6.642815458873321255e-01,-2.028366204106015758e-01,4.159794215111853322e-02,6.283274727985228569e-01,-2.056128734730025831e-01,5.058386151063281044e-01,5.052358940261302278e-01,3.116486702105156770e-01,4.799210966615911067e-01,3.681132965190030415e-01,2.758469457834800131e-01,4.075244014037659457e-01,5.480396604279121897e-01,1.000000000000000000e+00,5.037888041055501587e-01,3.813306866097680992e-01,5.110397438523046620e-01,2.993969149313721045e-01,3.665244800694137384e-01,6.055357364116871199e-01,5.409591820100498882e-01,6.476169598219125856e-01,3.440273365048763798e-01,5.258610001594636874e-01,5.730776070408939438e-01,4.777124059029380088e-01,5.966466874721083613e-01,3.885154622156619109e-01,4.479691906763799136e-01
1.326693795902723072e-01,4.649356680750402759e-01,4.946015521177380969e-01,1.242867687897503959e-01,5.029474114361383030e-01,5.402704747915009209e-01,3.590550565639352154e-01,-4.653886894949240127e-01,2.462866455292859191e-01,3.695317840945080423e-01,5.774152554588877218e-01,-1.075812949935601448e-01,2.533006240740651727e-01,5.810365858440531550e-01,-1.752392963619859023e-01,2.091696467139073923e-01,3.705496894670651797e-01,2.220272315527778151e-01,3.391127140990741751e-01,2.533972963693210123e-01,2.217039817271680702e-01,4.306959133933699890e-01,6.372628046091547427e-01,5.037888041055501587e-01,1.000000000000000000e+00,1.857985548902187922e-01,4.322841792175937670e-01,1.814517190050996542e-01,3.939921886873771206e-01,3.381505317415010592e-01,4.619233882436183380e-01,5.245393311781428869e-01,3.567086883373358219e-01,3.684984256463530450e-01,5.273687468210471740e-01,4.682143592512856278e-01,6.085666837963473741e-01,1.059150846078570629e-01,2.566025920518146264e-01
7.422794954683551438e-01,2.802244127616930758e-01,5.167442558661435870e-01,-4.716806965186570721e-01,4.696042520952517507e-01,2.967935517987045288e-02,9.421318887871084347e-02,-4.784607841045472876e-01,4.496667297826134058e-01,4.141342229300059574e-01,2.137857357436801220e-01,-4.703449949741954628e-01,-4.263005358519053600e-01,2.662899424511525059e-01,-3.443246581474788681e-01,7.609463516315001508e-01,5.077945175858613602e-01,1.642454059138046540e-01,2.327344080570893647e-01,3.821607819898007463e-01,4.223113333819399351e-01,1.105691184687158934e-01,-3.539605809182941321e-02,3.813306866097680992e-01,1.857985548902187922e-01,1.000000000000000000e+00,1.726492752542496123e-01,7.150467469310757274e-01,6.074112985451062263e-01,4.913636638598788964e-01,2.322766022054401358e-01,2.657456478104653352e-01,4.390948134194982422e-01,4.097896120944781173e-01,3.655776919365532618e-01,5.586584038043190814e-01,1.975285094064316849e-01,5.955396207427084976e-01,1.018894686564748159e-01
5.669268664899619614e-02,7.513522532572853851e-01,4.317337003565868692e-01,3.728988267584995575e-01,3.719118588290400984e-01,3.470446529307509298e-01,6.689999591295777703e-01,-4.459917206043810256e-01,4.889792701259862429e-01,7.202000270086762468e-01,5.952894803171271398e-01,1.058196812193279990e-01,3.567137946163148610e-01,6.827296990220660389e-01,-3.899713792518919586e-01,3.516154624241209503e-01,3.080265082638479757e-01,6.211719693093672445e-01,5.940637695972178500e-01,3.479138300284460028e-01,1.149674679597468847e-03,5.482983667287433249e-01,7.244449198554034908e-01,5.110397438523046620e-01,4.322841792175937670e-01,1.726492752542496123e-01,1.000000000000000000e+00,-5.325791841173647956e-02,2.148169444927491237e-03,6.487792185502819775e-01,7.386258668594252175e-01,6.724627280972037546e-01,9.349776989548883033e-02,2.979071635132146678e-01,3.260658189129704843e-01,4.055194871244643950e-01,6.283825270077211256e-01,3.813148250265583905e-01,7.135516194891049491e-01
7.682979867214814185e-01,1.069163007740402682e-01,4.938421919656658110e-01,-5.736011466492609845e-01,4.571654462859711110e-01,-1.241880052499745590e-01,-5.393668410309049310e-02,-4.371468061130937000e-01,3.457627016358761907e-01,1.989512277536818197e-01,-1.873348609114887809e-03,-5.012323908391492777e-01,-2.355523792976051967e-01,1.195339938614125574e-01,-4.364819070897958675e-02,5.909385992867156601e-01,2.387852416310995152e-01,-1.019357648533943950e-01,1.435803504189771818e-01,4.880444953568249256e-01,6.284498256074978473e-01,2.467392210700395661e-01,-1.584027635403605916e-01,2.993969149313721045e-01,1.814517190050996542e-01,7.150467469310757274e-01,-5.325791841173647956e-02,1.000000000000000000e+00,5.370143691819908582e-01,2.654333660138760709e-01,6.172525331252755147e-03,1.192142263296904342e-01,5.611699725203629363e-01,4.651687097070833499e-01,3.581704188681629764e-01,4.558406758981553564e-01,5.157092326844462532e-02,4.957788053991069588e-01,-5.680208403184398847e-02
4.188195280223138695e-01,1.113103028278133594e-01,3.885324555547500225e-01,-4.564593352866286868e-01,4.071797448343211223e-01,3.348003991004783186e-01,-1.144228903342708881e-01,-3.594357795468084427e-01,8.170641768991709908e-02,1.203060013113240040e-01,2.581356634323492272e-01,-4.347397883493884785e-01,-1.939127322688834476e-01,2.479799853241068386e-01,-1.507443271476531510e-01,3.875001612539087925e-01,5.299235263280722696e-01,-6.805644155591275557e-02,-1.995642124243763790e-02,1.007031091413778112e-01,4.197777555562314800e-01,7.704133060926962595e-02,6.467265872354735490e-02,3.665244800694137384e-01,3.939921886873771206e-01,6.074112985451062263e-01,2.148169444927491237e-03,5.370143691819908582e-01,1.000000000000000000e+00,1.633283132095615098e-01,1.475230274223288673e-01,2.725163131213640955e-01,4.667038636910552096e-01,2.478276291864968117e-01,6.358006523558547007e-01,6.089725938023582419e-01,3.489121246474456428e-01,1.046535410187701409e-01,-2.057953514043604493e-01
4.684286505150051516e-01,7.898963962619087731e-01,6.637215106443625778e-01,6.329135093978151272e-02,6.377722054678005570e-01,8.369426198281039453e-02,7.118860074218317235e-01,-6.687254020129711485e-01,8.215794295420089099e-01,8.473079790709542314e-01,5.794264570282413596e-01,-1.631072900316208329e-01,-7.870191493719572162e-02,6.968417207123833723e-01,-4.648407492617053771e-01,7.385001329663193337e-01,3.966881235566078190e-01,6.604036576320441165e-01,7.395585127424358918e-01,5.357499145470263624e-01,1.076018604883835633e-01,4.099613466288644092e-01,5.384275313183665146e-01,6.055357364116871199e-01,3.381505317415010592e-01,4.913636638598788964e-01,6.487792185502819775e-01,2.654333660138760709e-01,1.633283132095615098e-01,1.000000000000000000e+00,7.158284042101648037e-01,6.386490221130396439e-01,2.312087566343109801e-01,6.252257084697034895e-01,3.434898251121145107e-01,5.131370348052836095e-01,4.975630060621747397e-01,7.121307432361909662e-01,7.390097432306564906e-01
1.888572367304054977e-01,7.894746512420841578e-01,5.214608224220831367e-01,2.599373443469640832e-01,4.905872547978429865e-01,3.028354033081636087e-01,7.152995797483493456e-01,-5.494652510649538080e-01,5.435983383719410478e-01,7.408203066626307676e-01,6.710242945682518556e-01,7.492270890501044611e-02,1.509554408337771270e-01,7.501434182804189721e-01,-4.556500405045114666e-01,4.634596011202179455e-01,3.762367182241898034e-01,6.890271501739470006e-01,6.089849467845439568e-01,3.275582508075020605e-01,-1.940696782562437162e-02,3.707081184100444737e-01,7.235927331546356811e-01,5.409591820100498882e-01,4.619233882436183380e-01,2.322766022054401358e-01,7.386258668594252175e-01,6.172525331252755147e-03,1.475230274223288673e-01,7.158284042101648037e-01,1.000000000000000000e+00,6.693588214769439215e-01,8.110556444670892484e-02,3.914194272160028132e-01,3.790378101177775960e-01,4.869488581051144016e-01,6.427757600738824850e-01,4.093990436820436618e-01,6.971670903761953975e-01
2.429469686640464698e-01,7.483149193402853783e-01,4.360887382477906526e-01,2.559847674177117005e-01,4.431042927292297429e-01,4.424110969365752655e-01,5.854007588997929279e-01,-4.370817886477970093e-01,5.336362935006937480e-01,6.805290934766423661e-01,7.122298861248752555e-01,-6.423544821640564395e-02,9.988134876608785462e-02,6.340963798745707924e-01,-3.167873271651674982e-01,4.564126645552868400e-01,3.900434558639515603e-01,5.117830700663916765e-01,6.554006155181968385e-01,4.246470398653993117e-01,6.165438397737958709e-02,4.184707532216043191e-01,6.938471947050705024e-01,6.476169598219125856e-01,5.245393311781428869e-01,2.657456478104653352e-01,6.724627280972037546e-01,1.192142263296904342e-01,2.725163131213640955e-01,6.386490221130396439e-01,6.693588214769439215e-01,1.000000000000000000e+00,9.393172249226004744e-02,3.922591786315085538e-01,5.566878243694588502e-01,4.773983857786619489e-01,7.706310261836752940e-01,4.238167600829534920e-01,6.096289147234486006e-01
3.105720390827851340e-01,1.268941549388273304e-01,6.622066815866649581e-01,-4.442441809566923805e-01,6.532429756878028737e-01,-4.049372155953822466e-02,-6.923510797813769990e-02,-6.620708083068722605e-01,2.316139110934353484e-01,1.421491890253089863e-01,5.648595308516054375e-02,-4.983292552372599604e-01,1.774562779800406831e-01,3.647343182130386996e-01,-1.512503517581386195e-02,3.074278305536201628e-01,2.561294821266210664e-01,-1.301938418627107685e-01,2.466571316894431223e-02,2.567580140188228666e-01,6.899657331278112871e-01,5.035843831177949648e-01,4.028947396878047871e-02,3.440273365048763798e-01,3.567086883373358219e-01,4.390948134194982422e-01,9.349776989548883033e-02,5.611699725203629363e-01,4.667038636910552096e-01,2.312087566343109801e-01,8.110556444670892484e-02,9.393172249226004744e-02,1.000000000000000000e+00,5.197249781249322353e-01,3.083995284660133729e-01,4.840914110967317607e-01,6.916311419844498043e-02,1.014822115687317311e-01,-1.053418795485559778e-01
4.789687693705673155e-01,5.575756987365898532e-01,6.526212059821724365e-01,-2.142608251119582918e-01,7.663754407196364804e-01,-1.646098185307667272e-01,4.595575726148050655e-01,-6.673307343976261352e-01,7.505740859646455876e-01,5.548876897507677430e-01,3.324425894745038357e-01,-3.280657252249216116e-01,-1.080594882481688591e-02,5.263420351936908270e-01,-1.143128535020646597e-01,5.743070154139356953e-01,1.915971793442702020e-01,2.319124674534912833e-01,5.334362934469176754e-01,5.460619408096629712e-01,2.574435136609121155e-01,4.186753672892928324e-01,2.820622790011885206e-01,5.258610001594636874e-01,3.684984256463530450e-01,4.097896120944781173e-01,2.979071635132146678e-01,4.651687097070833499e-01,2.478276291864968117e-01,6.252257084697034895e-01,3.914194272160028132e-01,3.922591786315085538e-01,5.197249781249322353e-01,1.000000000000000000e+00,3.022945291439568805e-01,4.429167540155200533e-01,2.335023615046481482e-01,5.211301983310087094e-01,4.271565431867467288e-01
3.293241399898698685e-01,4.198547403563819835e-01,4.185435763125926467e-01,-1.160147694125255036e-01,4.442559438717841314e-01,4.458851432743604626e-01,1.918127869932714225e-01,-3.847069059968880600e-01,2.281889770986001154e-01,3.510559908453919631e-01,4.975460789827429453e-01,-2.401383871239333168e-01,9.459693803882557317e-02,4.546795540007345093e-01,-1.183355254458499789e-01,3.632714606705445548e-01,4.154866732026445408e-01,1.471685859513398587e-01,2.663863911906992898e-01,3.213472333996382768e-01,3.306997858843617744e-01,3.024221233881490556e-01,3.803746548432860863e-01,5.730776070408939438e-01,5.273687468210471740e-01,3.655776919365532618e-01,3.260658189129704843e-01,3.581704188681629764e-01,6.358006523558547007e-01,3.434898251121145107e-01,3.790378101177775960e-01,5.566878243694588502e-01,3.083995284660133729e-01,3.022945291439568805e-01,1.000000000000000000e+00,6.436949231327384613e-01,7.107369051793333004e-01,1.971259093836810472e-01,1.334270323203499697e-01
4.836721165545491141e-01,5.344060275738869992e-01,5.946688697374042931e-01,-2.950288909518411495e-01,5.855775713497531898e-01,1.891847426544610300e-01,2.121247379808904598e-01,-5.904771090841663961e-01,3.758359500147930854e-01,5.163770914459963057e-01,4.111487660139562794e-01,-3.876237808401586382e-01,-2.114463255584329154e-02,5.043700962115720277e-01,-2.470983473062458857e-01,5.832211287645714393e-01,4.652178286966189846e-01,1.832872329425366820e-01,2.608409649405192821e-01,3.342001296005902566e-01,4.326660389606063473e-01,3.715051836603943669e-01,3.458914889899274980e-01,4.777124059029380088e-01,4.682143592512856278e-01,5.586584038043190814e-01,4.055194871244643950e-01,4.558406758981553564e-01,6.089725938023582419e-01,5.131370348052836095e-01,4.869488581051144016e-01,4.773983857786619489e-01,4.840914110967317607e-01,4.429167540155200533e-01,6.436949231327384613e-01,1.000000000000000000e+00,5.104296409160676840e-01,3.123751583840164159e-01,1.937058867110319493e-01
1.427217294677683990e-01,6.455118748523172023e-01,3.967422155617020829e-01,2.822717744119473959e-01,3.479787208467864934e-01,5.816978606623446346e-01,4.934131035713099633e-01,-3.736648802417530391e-01,3.373822769043179903e-01,5.693504757456019361e-01,6.909530120010626275e-01,7.646576904031573974e-02,2.305653195761282748e-01,6.226344326663274531e-01,-2.767735559689470937e-01,3.367016408170365738e-01,3.675630788599730248e-01,4.628840228088432207e-01,5.041363245700350992e-01,3.713627143531983421e-01,1.040537971871588752e-01,4.120581585280106984e-01,7.099064354936325261e-01,5.966466874721083613e-01,6.085666837963473741e-01,1.975285094064316849e-01,6.283825270077211256e-01,5.157092326844462532e-02,3.489121246474456428e-01,4.975630060621747397e-01,6.427757600738824850e-01,7.706310261836752940e-01,6.916311419844498043e-02,2.335023615046481482e-01,7.107369051793333004e-01,5.104296409160676840e-01,1.000000000000000000e+00,2.684733147661200192e-01,4.788177565168105776e-01
6.929512705591163169e-01,5.432652771799298952e-01,4.875435839584695286e-01,-4.988988407303364403e-02,3.999674943358194068e-01,-1.250721870913486800e-01,5.516203864716782146e-01,-4.411762592013964146e-01,7.575069084817318554e-01,6.830059086307977978e-01,3.042249849727687305e-01,-1.698586544041364443e-01,-3.073284794097850825e-01,3.530246431551022912e-01,-3.522522309405136665e-01,7.874234244386705273e-01,2.239866150607962847e-01,4.757250172371991770e-01,6.566405948464995035e-01,6.714471091312761430e-01,1.668626337851521479e-01,2.617339032458865788e-01,1.986595777955171560e-01,3.885154622156619109e-01,1.059150846078570629e-01,5.955396207427084976e-01,3.813148250265583905e-01,4.957788053991069588e-01,1.046535410187701409e-01,7.121307432361909662e-01,4.093990436820436618e-01,4.238167600829534920e-01,1.014822115687317311e-01,5.211301983310087094e-01,1.971259093836810472e-01,3.123751583840164159e-01,2.684733147661200192e-01,1.000000000000000000e+00,6.127475274690719065e-01
1.963916485479138829e-01,7.805521157699759627e-01,4.105308127121565231e-01,4.434315256293347995e-01,3.511170582599650869e-01,8.705948979551900169e-02,8.410566353485455782e-01,-4.096999060044794194e-01,6.967022289993890505e-01,7.905475800736152525e-01,5.333565004923290775e-01,2.237105969091685298e-01,1.657052629142706512e-01,6.217905401363964524e-01,-3.645521694756527764e-01,4.520166284834600812e-01,1.032580908266041292e-01,7.364025853256210841e-01,7.772741492165781141e-01,5.091879135916982380e-01,-1.546372956206706895e-01,4.221843344589366609e-01,6.436666594520515927e-01,4.479691906763799136e-01,2.566025920518146264e-01,1.018894686564748159e-01,7.135516194891049491e-01,-5.680208403184398847e-02,-2.057953514043604493e-01,7.390097432306564906e-01,6.971670903761953975e-01,6.096289147234486006e-01,-1.053418795485559778e-01,4.271565431867467288e-01,1.334270323203499697e-01,1.937058867110319493e-01,4.788177565168105776e-01,6.127475274690719065e-01,1.000000000000000000e+00
