1.000000000000000000e+00,8.202651320730603990e-01,7.365936154009774528e-01,1.316805408667522381e-01,6.473409325794754476e-01,5.102136853985449472e-01,4.246883434694462278e-01,-2.900067299707224655e-01,6.737275686895671800e-01,6.324889318680599892e-01,4.747464212054414157e-01,6.384627921113418259e-01,3.419023437718252678e-01,6.650297160034753796e-01,4.237703127360269162e-02,7.777975219955873820e-01,6.815325795369990836e-01,7.080038492170995790e-01,6.425705408530310025e-01,3.599372572465582842e-01,3.110950968913935299e-01,6.544824775376697490e-01,5.674759666217182863e-01,6.359253007959679849e-01,5.544641872707128938e-01,7.732036071376126030e-01,6.348410251602008003e-01,6.251209931484642546e-01,6.793587038160635583e-01,6.801750908721769795e-01,7.032929777608408761e-01,6.891079147066291322e-01,4.477275692878628921e-01,1.392751242479562390e-01,6.002562438661366295e-01,6.662631891864164713e-01,5.241882702876985434e-01,5.842313491792130442e-01,7.260730945093822886e-01
8.202651320730603990e-01,1.000000000000000000e+00,7.391196891634018717e-01,-6.918679309942039890e-02,6.262058513448470753e-01,6.361261577240752141e-01,4.838024706010043419e-01,-2.562577231102484698e-01,6.016543387794034414e-01,7.274615593161402050e-01,5.972155900677582618e-01,5.974206999484742431e-01,5.330527726330167582e-01,6.487342980440732321e-01,-1.928083661931364601e-01,7.025850338384876936e-01,7.283455707394488332e-01,7.157930558445593228e-01,6.807505535365221405e-01,2.244843225861877234e-01,3.081359978958289059e-01,6.462247090181151288e-01,5.838103867241573042e-01,7.046317443895399046e-01,5.365396514731161082e-01,7.813720996531877683e-01,7.215514471388445594e-01,6.040558064317187448e-01,6.788398046478884007e-01,6.169521790609072687e-01,6.485520902825077094e-01,7.794897179572184420e-01,4.337971158083294698e-01,-5.852277350561325975e-02,6.584457004104669053e-01,7.284650404516221922e-01,6.322606662288821067e-01,4.824928006190234431e-01,6.960969749515821814e-01
7.365936154009774528e-01,7.391196891634018717e-01,1.000000000000000000e+00,1.510232792669304568e-02,8.130886266889730818e-01,5.631838467005241267e-01,5.996847178990764027e-01,-3.251661335482187720e-01,7.982025353655373134e-01,7.916718244438750718e-01,4.919510731124500658e-01,7.237417668665517834e-01,5.305124686576417892e-01,6.454163054115434894e-01,-1.059455049576914359e-01,7.264902685390245418e-01,5.781902213681732183e-01,7.880996832784359363e-01,8.087045546279902908e-01,2.239685475074658372e-01,2.750544544694999982e-01,6.292808747622472554e-01,5.452511683378924445e-01,7.252793609636586369e-01,5.350332079522127637e-01,7.275230997732892169e-01,7.358553294395098199e-01,5.403144078069231915e-01,5.425608933586345550e-01,7.617971718347265053e-01,6.523311617653257954e-01,6.929347560534778738e-01,4.809378571081586728e-01,6.451242033585308233e-02,5.060274024390852832e-01,6.302157969087602840e-01,4.703688987358374263e-01,5.757840555983814168e-01,7.422369025519521823e-01
1.316805408667522381e-01,-6.918679309942039890e-02,1.510232792669304568e-02,1.000000000000000000e+00,-1.073148660108100283e-02,-1.401439182776893604e-02,1.710026681966383411e-01,2.126653900133631397e-02,8.906871146987380139e-02,-1.664026787127438067e-01,-1.312425007456045345e-01,1.136370735128959530e-01,-3.612891445530117540e-01,1.562534017283223053e-01,2.975419462357139500e-01,1.052094164403691856e-01,-6.014451462312445790e-02,1.414641095656078151e-01,-5.671227799941775186e-03,6.288766577313882333e-01,-7.222633316128623804e-02,1.184779373807114122e-01,2.120598404935061521e-01,-1.370321138514483117e-01,2.418295838908539330e-01,1.741684745975700596e-02,-9.963315294695955504e-02,1.525803791664002117e-02,1.738890568963371575e-01,-1.645101555137795657e-02,-4.849551536578480815e-02,3.974833416596953301e-02,-1.052552067706531980e-01,2.338523867693583502e-01,1.170036769574871877e-01,-4.499395758447844590e-02,5.139229521582953236e-02,2.494673205020103979e-01,3.981048687243633061e-02
6.473409325794754476e-01,6.262058513448470753e-01,8.130886266889730818e-01,-1.073148660108100283e-02,1.000000000000000000e+00,5.797554453125733920e-01,5.301488575355893795e-01,-1.687958910845199778e-01,7.822889992126413894e-01,7.594168718910351279e-01,4.269301568983701056e-01,6.756406051491549158e-01,5.389512762526897927e-01,6.839714483364220943e-01,-1.867944411229229551e-01,7.408541892916042926e-01,5.366434236185803064e-01,7.516227952157036318e-01,6.973268654488480323e-01,1.981082096746478727e-01,3.978638955272602584e-01,5.757209648967767102e-01,5.424759884223445683e-01,7.133229534150498097e-01,5.463774444831600574e-01,6.777178900180067522e-01,6.572993948363168304e-01,6.242519930305113762e-01,5.379245003843758921e-01,7.660251758710112657e-01,6.202091197966178582e-01,5.720025767495824365e-01,5.961964877482620606e-01,2.855873488269515259e-01,3.882996805253543515e-01,6.199372942994944014e-01,3.400870111888129044e-01,3.857852172844859484e-01,6.039346022254862278e-01
5.102136853985449472e-01,6.361261577240752141e-01,5.631838467005241267e-01,-1.401439182776893604e-02,5.797554453125733920e-01,1.000000000000000000e+00,5.691033026721318278e-01,5.000055705087879526e-02,4.282244470156336691e-01,6.895200308978308712e-01,8.255110708188663216e-01,4.431283621515034743e-01,6.250256675812490004e-01,6.169011409091815779e-01,-3.422520362625701140e-01,4.767653709824352104e-01,6.896737627329779796e-01,6.204723910905336481e-01,5.650604649548789382e-01,3.001431580356304640e-01,3.160687652526285585e-01,5.623813639504572359e-01,6.401133214342766831e-01,6.497930644991382065e-01,6.220637717744256223e-01,6.207691315286147926e-01,6.683387331549670574e-01,5.682995310027388891e-01,6.358788824749707080e-01,3.968115533082625102e-01,4.814524407371026382e-01,6.871482891557348927e-01,3.622657978033829163e-01,-1.135436624047191922e-01,5.055255502975906090e-01,6.126511139116141980e-01,5.677248696925605298e-01,2.746333323487434863e-01,4.278180019689766245e-01
4.246883434694462278e-01,4.838024706010043419e-01,5.996847178990764027e-01,1.710026681966383411e-01,5.301488575355893795e-01,5.691033026721318278e-01,1.000000000000000000e+00,-2.668384445663945503e-01,5.696204066814147815e-01,6.104417900482741466e-01,4.524856861737135971e-01,5.920800267087160673e-01,3.712736771056384666e-01,3.162516806107356082e-01,-1.133346217507445186e-01,3.614340007965218815e-01,3.423491318997037292e-01,6.353776509287820673e-01,7.353312686332378334e-01,1.034880737306204251e-01,-1.564602568142968442e-01,3.061041174274407584e-01,3.230829193010777423e-01,4.283224270984675730e-01,2.949603611109734014e-01,3.350072168864767774e-01,4.464393775413288412e-01,1.437375347904376599e-01,2.532779959754714594e-01,5.012461174660400864e-01,2.915623574587432043e-01,4.734283636736419942e-01,-5.197273863386475679e-02,-2.849115292094455687e-01,3.288056320032839985e-01,2.263327168350435514e-01,3.301660129449057735e-01,6.728794691851651688e-01,6.423484703083179870e-01
-2.900067299707224655e-01,-2.562577231102484698e-01,-3.251661335482187720e-01,2.126653900133631397e-02,-1.687958910845199778e-01,5.000055705087879526e-02,-2.668384445663945503e-01,1.000000000000000000e+00,-3.077515199752306474e-01,-1.780074416553627803e-01,2.187521417243844073e-03,-2.955749718151531313e-01,1.350814982292654343e-01,-6.873720932061504196e-02,-1.974218164434115852e-01,-2.090174971834633244e-01,-8.593183502341143754e-02,-2.224817534793702978e-01,-2.952947503766273352e-01,3.999279122527209240e-02,3.847164706540915358e-01,9.925370449153797514e-02,3.971283479263550825e-02,-8.101363823057763924e-02,5.304688262463087139e-02,-1.831589361794425108e-01,-2.400794335905723498e-01,1.211223284232215563e-01,-1.482032686006656483e-02,-3.010460280942584554e-01,-3.261105315344180466e-01,-2.056115530675266534e-01,2.496402522230708187e-01,1.448492169821720965e-01,-1.477099802801774553e-01,-2.577405937181914686e-02,-9.776959264667696436e-02,-5.764035423430973193e-01,-4.758773612208712089e-01
6.737275686895671800e-01,6.016543387794034414e-01,7.982025353655373134e-01,8.906871146987380139e-02,7.822889992126413894e-01,4.282244470156336691e-01,5.696204066814147815e-01,-3.077515199752306474e-01,1.000000000000000000e+00,6.464080798932113625e-01,3.078488390334594982e-01,7.812862585962186968e-01,3.429051937724051369e-01,5.099542805142334156e-01,1.461436166528290170e-01,7.134904337361002158e-01,4.639178381502996884e-01,7.587968048102954333e-01,7.684438400784154855e-01,1.709672832422127753e-01,1.912266503283212016e-01,4.843181574637311360e-01,3.323795755893317327e-01,5.590397975420090537e-01,3.451225692154831215e-01,5.837643228668838447e-01,5.518994490728904578e-01,4.826668371453513573e-01,3.938316726980293225e-01,8.407224790741727460e-01,5.642655258128383977e-01,4.757106639279207183e-01,3.921165984835973117e-01,2.495764343215118586e-01,2.970473260733235699e-01,4.618250985118384500e-01,2.045698041766128572e-01,6.030798118259452778e-01,7.278666940590876600e-01
6.324889318680599892e-01,7.274615593161402050e-01,7.916718244438750718e-01,-1.664026787127438067e-01,7.594168718910351279e-01,6.895200308978308712e-01,6.104417900482741466e-01,-1.780074416553627803e-01,6.464080798932113625e-01,1.000000000000000000e+00,6.436831050423620360e-01,6.785202332662051417e-01,7.521645239597262167e-01,6.412758054175381472e-01,-3.277457358915257801e-01,6.964015100198914787e-01,6.128380975382716755e-01,7.688281810675167138e-01,7.438655398987605860e-01,5.949482005516315564e-02,3.587277450574761772e-01,5.951793326670700157e-01,6.009970466643234088e-01,7.671442964802560605e-01,5.807569494880844285e-01,7.325055333713659245e-01,8.114065784014049543e-01,5.851387116068512695e-01,5.440262576985034348e-01,6.876950915391030206e-01,6.332074100999736110e-01,6.940432514297908417e-01,5.023860954294254721e-01,-5.609108754306561806e-02,5.075130212363230253e-01,6.943876229399676969e-01,5.006953282564180485e-01,4.040884742990881739e-01,6.552220607153171894e-01
4.747464212054414157e-01,5.972155900677582618e-01,4.919510731124500658e-01,-1.312425007456045345e-01,4.269301568983701056e-01,8.255110708188663216e-01,4.524856861737135971e-01,2.187521417243844073e-03,3.078488390334594982e-01,6.436831050423620360e-01,1.000000000000000000e+00,3.709196767304906994e-01,6.490519054564732881e-01,5.206365459401252060e-01,-2.659600812650584900e-01,3.699831159223870292e-01,6.825214511324216859e-01,5.309040184960071018e-01,5.082989489363564095e-01,2.356897427938972889e-01,2.620772615840365471e-01,5.283966697485618091e-01,6.041446320774549461e-01,6.350746121692049106e-01,5.817389653593979526e-01,5.912508585147698836e-01,6.717830755121643183e-01,4.762634985237794161e-01,5.667319534919607049e-01,2.713453881902394005e-01,4.830744719270007037e-01,6.533306837736155837e-01,2.752828975092091457e-01,-2.348251757273910612e-01,5.064976116345754065e-01,5.575347617039017045e-01,5.893849898952037147e-01,2.589830786018557651e-01,3.989172351044075748e-01
6.384627921113418259e-01,5.974206999484742431e-01,7.237417668665517834e-01,1.136370735128959530e-01,6.756406051491549158e-01,4.431283621515034743e-01,5.920800267087160673e-01,-2.955749718151531313e-01,7.812862585962186968e-01,6.785202332662051417e-01,3.709196767304906994e-01,1.000000000000000000e+00,4.023326535551827177e-01,4.844079592441093984e-01,1.050247415744691298e-01,7.093647762075100394e-01,5.147002248537824176e-01,7.755567262586605670e-01,7.105052181923766641e-01,1.488301679793136711e-01,1.930251192162958651e-01,4.866363947449733884e-01,3.478846365043384292e-01,5.424774783005638090e-01,3.691616635914269917e-01,6.381553238849136944e-01,6.097073362665146323e-01,5.277073479009802837e-01,3.939357661200987848e-01,7.710049080321664805e-01,5.934365572042320514e-01,5.123455563142895741e-01,3.312430147853845930e-01,1.399422616469700731e-01,2.860057370375144181e-01,5.129682603812777408e-01,2.379380138460975291e-01,5.565108941097209883e-01,7.788260338631782798e-01
3.419023437718252678e-01,5.330527726330167582e-01,5.305124686576417892e-01,-3.612891445530117540e-01,5.389512762526897927e-01,6.250256675812490004e-01,3.712736771056384666e-01,1.350814982292654343e-01,3.429051937724051369e-01,7.521645239597262167e-01,6.490519054564732881e-01,4.023326535551827177e-01,1.000000000000000000e+00,4.731110093724730792e-01,-5.179602758345989155e-01,4.260747253789820554e-01,4.984564458002904708e-01,5.474306782634339452e-01,5.217212208534907081e-01,-6.247952731997841180e-02,4.295283492151972804e-01,4.729338175204362837e-01,5.055696331632199003e-01,7.015172945388191694e-01,4.583981746982151995e-01,5.556236551759958786e-01,6.865086427345864495e-01,4.925422027689922988e-01,3.977733635445615534e-01,4.026718908530266816e-01,3.912281580827975391e-01,5.390452286274803884e-01,4.925424454967190502e-01,-1.389491106021892020e-01,3.865211044356314796e-01,6.053146386302714621e-01,4.440786668224299683e-01,3.383697985909566580e-02,3.736065319881307634e-01
6.650297160034753796e-01,6.487342980440732321e-01,6.454163054115434894e-01,1.562534017283223053e-01,6.839714483364220943e-01,6.169011409091815779e-01,3.162516806107356082e-01,-6.873720932061504196e-02,5.099542805142334156e-01,6.412758054175381472e-01,5.206365459401252060e-01,4.844079592441093984e-01,4.731110093724730792e-01,1.000000000000000000e+00,-2.201016096254066468e-01,7.294190783496844466e-01,6.586772338577965291e-01,6.381359761228099226e-01,4.581168306456932515e-01,5.075859812635183932e-01,5.228025226411278092e-01,6.784953030753285708e-01,8.159484170491995148e-01,6.673075976705257206e-01,8.191335398835041248e-01,7.621666957630747197e-01,6.855986697256751805e-01,7.329188745998976851e-01,8.105896343589250597e-01,5.293140203460262594e-01,6.161306385585959555e-01,6.982037650066547085e-01,6.742810418067195499e-01,3.186052251377239908e-01,6.274162710626086659e-01,7.186334360211329431e-01,5.974093771669041208e-01,2.056065187662984017e-01,4.222602181914509867e-01
4.237703127360269162e-02,-1.928083661931364601e-01,-1.059455049576914359e-01,2.975419462357139500e-01,-1.867944411229229551e-01,-3.422520362625701140e-01,-1.133346217507445186e-01,-1.974218164434115852e-01,1.461436166528290170e-01,-3.277457358915257801e-01,-2.659600812650584900e-01,1.050247415744691298e-01,-5.179602758345989155e-01,-2.201016096254066468e-01,1.000000000000000000e+00,-9.257712959680651499e-02,-1.454410109436318210e-01,-1.707652777811346778e-01,-7.216921794438392601e-02,2.543316529235832291e-01,-1.900439335221258685e-01,-1.828016676655049716e-02,-2.689491059289709218e-01,-3.335796807416016585e-01,-2.306754206009863084e-01,-1.547918117596453758e-01,-2.707630002785076373e-01,-1.773853972836866855e-01,-1.496399871456908781e-01,3.368306880183181279e-03,-5.444548293990242316e-02,-2.527642576316680434e-01,-2.492207915641249105e-01,2.901556470035281388e-01,-1.872954079062655319e-01,-2.812764605797343775e-01,-2.559127852281524174e-01,2.629008788619152104e-01,6.547911748206831917e-02
7.777975219955873820e-01,7.025850338384876936e-01,7.264902685390245418e-01,1.052094164403691856e-01,7.408541892916042926e-01,4.767653709824352104e-01,3.614340007965218815e-01,-2.090174971834633244e-01,7.134904337361002158e-01,6.964015100198914787e-01,3.699831159223870292e-01,7.093647762075100394e-01,4.260747253789820554e-01,7.294190783496844466e-01,-9.257712959680651499e-02,1.000000000000000000e+00,6.583808458250163254e-01,7.878498650518672708e-01,5.887405866332129367e-01,2.905002931172155911e-01,4.848760080219645108e-01,6.120939214193615863e-01,5.846568861619347857e-01,6.382489143637910534e-01,5.735374719867709636e-01,7.951389752562565416e-01,6.857123206649761160e-01,7.835301026138624669e-01,6.555614997729019011e-01,7.952510738952682789e-01,7.351596429032837277e-01,6.085578226394815493e-01,6.434206277170614330e-01,3.246740881355032471e-01,4.790520857696327073e-01,7.288255869080472182e-01,3.706944143512698187e-01,3.921286670986308676e-01,6.343793018382517523e-01
6.815325795369990836e-01,7.283455707394488332e-01,5.781902213681732183e-01,-6.014451462312445790e-02,5.366434236185803064e-01,6.896737627329779796e-01,3.423491318997037292e-01,-8.593183502341143754e-02,4.639178381502996884e-01,6.128380975382716755e-01,6.825214511324216859e-01,5.147002248537824176e-01,4.984564458002904708e-01,6.586772338577965291e-01,-1.454410109436318210e-01,6.583808458250163254e-01,1.000000000000000000e+00,6.178455883847002728e-01,4.993467336380197907e-01,3.208672128545712043e-01,4.151132211652471260e-01,6.550281445527810220e-01,5.940655694010810173e-01,6.083239348343242314e-01,5.557581710600512093e-01,7.451628558497458421e-01,6.663575504607111011e-01,7.162215008663643800e-01,7.530103216528529764e-01,5.074371285926994046e-01,6.209134997981129445e-01,7.025784050400801783e-01,4.946569145800413514e-01,2.385307611897204139e-02,5.478439106309086482e-01,6.780252775490219763e-01,5.515450214053311262e-01,3.027194766885606403e-01,5.076862380589403090e-01
7.080038492170995790e-01,7.157930558445593228e-01,7.880996832784359363e-01,1.414641095656078151e-01,7.516227952157036318e-01,6.204723910905336481e-01,6.353776509287820673e-01,-2.224817534793702978e-01,7.587968048102954333e-01,7.688281810675167138e-01,5.309040184960071018e-01,7.755567262586605670e-01,5.474306782634339452e-01,6.381359761228099226e-01,-1.707652777811346778e-01,7.878498650518672708e-01,6.178455883847002728e-01,1.000000000000000000e+00,8.008737821150774261e-01,2.258358206597210205e-01,2.790104684434629445e-01,5.662451176174666534e-01,5.662949374301892158e-01,6.762375446777142418e-01,5.396441326283992757e-01,7.127101428954146778e-01,6.974361002019724420e-01,6.211209315952177512e-01,5.482249299161835454e-01,7.441274104187226568e-01,6.162755172320001362e-01,6.558016716275821834e-01,4.276744606340280308e-01,3.188983530127954130e-02,4.544272661430094340e-01,6.271468361020580140e-01,4.111298754076191386e-01,5.513069900943863288e-01,7.399288669843928634e-01
6.425705408530310025e-01,6.807505535365221405e-01,8.087045546279902908e-01,-5.671227799941775186e-03,6.973268654488480323e-01,5.650604649548789382e-01,7.353312686332378334e-01,-2.952947503766273352e-01,7.684438400784154855e-01,7.438655398987605860e-01,5.082989489363564095e-01,7.105052181923766641e-01,5.217212208534907081e-01,4.581168306456932515e-01,-7.216921794438392601e-02,5.887405866332129367e-01,4.993467336380197907e-01,8.008737821150774261e-01,1.000000000000000000e+00,8.181171548178965691e-02,1.008617058143510131e-01,5.173965744731058303e-01,3.832302104733462667e-01,6.366087358836552967e-01,3.762994929199335314e-01,5.493389972176171421e-01,6.014729158310444523e-01,3.608222902080714944e-01,3.815315235856147069e-01,6.761717396525233070e-01,4.841803697166369713e-01,5.960755681386780136e-01,2.456392692350148066e-01,-1.674696458292265766e-01,3.926061283937629653e-01,4.240545029058057080e-01,3.840890883942691403e-01,6.636839295371281811e-01,7.760897026107024255e-01
3.599372572465582842e-01,2.244843225861877234e-01,2.239685475074658372e-01,6.288766577313882333e-01,1.981082096746478727e-01,3.001431580356304640e-01,1.034880737306204251e-01,3.999279122527209240e-02,1.709672832422127753e-01,5.949482005516315564e-02,2.356897427938972889e-01,1.488301679793136711e-01,-6.247952731997841180e-02,5.075859812635183932e-01,2.543316529235832291e-01,2.905002931172155911e-01,3.208672128545712043e-01,2.258358206597210205e-01,8.181171548178965691e-02,1.000000000000000000e+00,2.663371687549618838e-01,4.712312707273372814e-01,5.515193497071200213e-01,1.716612727706949004e-01,5.668956856269656841e-01,3.610316985787760946e-01,2.229706934742008984e-01,3.702962588609624017e-01,5.627297450169285176e-01,7.621473691541524875e-02,2.280881110960200076e-01,3.567579802130235733e-01,2.425320120883656949e-01,3.909180385703432958e-01,4.335552345702087806e-01,3.230849397157120051e-01,3.914177263522221617e-01,1.395366520388717502e-01,8.333564962591742675e-02
3.110950968913935299e-01,3.081359978958289059e-01,2.750544544694999982e-01,-7.222633316128623804e-02,3.978638955272602584e-01,3.160687652526285585e-01,-1.564602568142968442e-01,3.847164706540915358e-01,1.912266503283212016e-01,3.587277450574761772e-01,2.620772615840365471e-01,1.930251192162958651e-01,4.295283492151972804e-01,5.228025226411278092e-01,-1.900439335221258685e-01,4.848760080219645108e-01,4.151132211652471260e-01,2.790104684434629445e-01,1.008617058143510131e-01,2.663371687549618838e-01,1.000000000000000000e+00,6.723021135275369931e-01,5.078267757348361444e-01,4.035773016274557534e-01,5.110382701795596061e-01,4.951686525804359640e-01,3.972404649377974106e-01,7.145808668024615784e-01,5.064167021365203469e-01,2.510412578584398369e-01,3.286136418068855702e-01,3.099352222145699831e-01,8.234744820165962320e-01,4.266442581380486265e-01,2.905898820776076641e-01,6.293180552399904037e-01,2.464915032479262358e-01,-3.419337180230008766e-01,-3.628326371779806714e-02
6.544824775376697490e-01,6.462247090181151288e-01,6.292808747622472554e-01,1.184779373807114122e-01,5.757209648967767102e-01,5.623813639504572359e-01,3.061041174274407584e-01,9.925370449153797514e-02,4.843181574637311360e-01,5.951793326670700157e-01,5.283966697485618091e-01,4.866363947449733884e-01,4.729338175204362837e-01,6.784953030753285708e-01,-1.828016676655049716e-02,6.120939214193615863e-01,6.550281445527810220e-01,5.662451176174666534e-01,5.173965744731058303e-01,4.712312707273372814e-01,6.723021135275369931e-01,1.000000000000000000e+00,6.852661604718497390e-01,5.798635259881275150e-01,6.780496914285084609e-01,6.814965610267343932e-01,5.971975749663872568e-01,6.832986008388579613e-01,7.001452288635717780e-01,4.390883638922573606e-01,4.892296923436130207e-01,6.178685621326045485e-01,6.596724192583048874e-01,2.158515222223517660e-01,5.544397379415305638e-01,6.911381364532666050e-01,5.231170523358376068e-01,2.055473400731713807e-01,3.899205225798860197e-01
5.674759666217182863e-01,5.838103867241573042e-01,5.452511683378924445e-01,2.120598404935061521e-01,5.424759884223445683e-01,6.401133214342766831e-01,3.230829193010777423e-01,3.971283479263550825e-02,3.323795755893317327e-01,6.009970466643234088e-01,6.041446320774549461e-01,3.478846365043384292e-01,5.055696331632199003e-01,8.159484170491995148e-01,-2.689491059289709218e-01,5.846568861619347857e-01,5.940655694010810173e-01,5.662949374301892158e-01,3.832302104733462667e-01,5.515193497071200213e-01,5.078267757348361444e-01,6.852661604718497390e-01,1.000000000000000000e+00,6.314457017974539621e-01,8.734297863230011671e-01,6.889332847216551592e-01,6.469288230227622227e-01,6.498484920002842724e-01,7.681137453551533101e-01,3.458904934381832330e-01,5.098509153194709098e-01,6.798267603024514827e-01,5.774037729746289704e-01,1.818925238152900858e-01,6.663671355437645882e-01,7.023786377439416029e-01,6.626845164967704038e-01,1.539475235235865935e-01,2.894663993865471685e-01
6.359253007959679849e-01,7.046317443895399046e-01,7.252793609636586369e-01,-1.370321138514483117e-01,7.133229534150498097e-01,6.497930644991382065e-01,4.283224270984675730e-01,-8.101363823057763924e-02,5.590397975420090537e-01,7.671442964802560605e-01,6.350746121692049106e-01,5.424774783005638090e-01,7.015172945388191694e-01,6.673075976705257206e-01,-3.335796807416016585e-01,6.382489143637910534e-01,6.083239348343242314e-01,6.762375446777142418e-01,6.366087358836552967e-01,1.716612727706949004e-01,4.035773016274557534e-01,5.798635259881275150e-01,6.314457017974539621e-01,1.000000000000000000e+00,6.174978666840373887e-01,7.631207697131175971e-01,7.775060238919229150e-01,5.987405343352982801e-01,6.352195999309385721e-01,5.648536250924131030e-01,6.755725868637111331e-01,7.324085170219920560e-01,5.325610708751877809e-01,1.267840086406979427e-02,5.945098192456195196e-01,6.991754456157438513e-01,6.015253637739531589e-01,2.907119742218867153e-01,5.670028395550099631e-01
5.544641872707128938e-01,5.365396514731161082e-01,5.350332079522127637e-01,2.418295838908539330e-01,5.463774444831600574e-01,6.220637717744256223e-01,2.949603611109734014e-01,5.304688262463087139e-02,3.451225692154831215e-01,5.807569494880844285e-01,5.817389653593979526e-01,3.691616635914269917e-01,4.583981746982151995e-01,8.191335398835041248e-01,-2.306754206009863084e-01,5.735374719867709636e-01,5.557581710600512093e-01,5.396441326283992757e-01,3.762994929199335314e-01,5.668956856269656841e-01,5.110382701795596061e-01,6.780496914285084609e-01,8.734297863230011671e-01,6.174978666840373887e-01,1.000000000000000000e+00,6.741399041121891589e-01,6.266003972687805845e-01,6.473483551103019762e-01,7.625580483244629448e-01,3.366414463650113653e-01,5.322909344600362802e-01,6.450123868900107249e-01,5.959629577956150337e-01,2.456052699349478841e-01,6.399220779234818801e-01,6.579884416205251663e-01,6.245534256723284106e-01,1.313866315163387533e-01,2.718007286102283593e-01
7.732036071376126030e-01,7.813720996531877683e-01,7.275230997732892169e-01,1.741684745975700596e-02,6.777178900180067522e-01,6.207691315286147926e-01,3.350072168864767774e-01,-1.831589361794425108e-01,5.837643228668838447e-01,7.325055333713659245e-01,5.912508585147698836e-01,6.381553238849136944e-01,5.556236551759958786e-01,7.621666957630747197e-01,-1.547918117596453758e-01,7.951389752562565416e-01,7.451628558497458421e-01,7.127101428954146778e-01,5.493389972176171421e-01,3.610316985787760946e-01,4.951686525804359640e-01,6.814965610267343932e-01,6.889332847216551592e-01,7.631207697131175971e-01,6.741399041121891589e-01,1.000000000000000000e+00,8.406243969022225704e-01,7.808422032710096161e-01,7.834781868131758253e-01,6.345203691078391550e-01,7.987206595606474169e-01,7.868831895180643521e-01,6.112865063530524834e-01,1.782407656046982591e-01,6.591381563538785127e-01,8.396600013940757057e-01,6.344841680304077469e-01,3.344246958890425558e-01,6.185435763881901305e-01
6.348410251602008003e-01,7.215514471388445594e-01,7.358553294395098199e-01,-9.963315294695955504e-02,6.572993948363168304e-01,6.683387331549670574e-01,4.464393775413288412e-01,-2.400794335905723498e-01,5.518994490728904578e-01,8.114065784014049543e-01,6.717830755121643183e-01,6.097073362665146323e-01,6.865086427345864495e-01,6.855986697256751805e-01,-2.707630002785076373e-01,6.857123206649761160e-01,6.663575504607111011e-01,6.974361002019724420e-01,6.014729158310444523e-01,2.229706934742008984e-01,3.972404649377974106e-01,5.971975749663872568e-01,6.469288230227622227e-01,7.775060238919229150e-01,6.266003972687805845e-01,8.406243969022225704e-01,1.000000000000000000e+00,6.447630662985701644e-01,6.518378679984976332e-01,5.992244026174258220e-01,7.439781502293109083e-01,7.522337193764518926e-01,5.075760960798345600e-01,-1.775865445075546249e-03,6.084152543263043889e-01,7.730300037702859672e-01,5.877802533737980228e-01,3.308687572952874745e-01,5.963446461965316026e-01
6.251209931484642546e-01,6.040558064317187448e-01,5.403144078069231915e-01,1.525803791664002117e-02,6.242519930305113762e-01,5.682995310027388891e-01,1.437375347904376599e-01,1.211223284232215563e-01,4.826668371453513573e-01,5.851387116068512695e-01,4.762634985237794161e-01,5.277073479009802837e-01,4.925422027689922988e-01,7.329188745998976851e-01,-1.773853972836866855e-01,7.835301026138624669e-01,7.162215008663643800e-01,6.211209315952177512e-01,3.608222902080714944e-01,3.702962588609624017e-01,7.145808668024615784e-01,6.832986008388579613e-01,6.498484920002842724e-01,5.987405343352982801e-01,6.473483551103019762e-01,7.808422032710096161e-01,6.447630662985701644e-01,1.000000000000000000e+00,7.292435954296314637e-01,5.670431417944898911e-01,6.560246452958832242e-01,5.794416749225438368e-01,7.870102629906473579e-01,4.023266920685380499e-01,4.744400210776443805e-01,8.060912046265134023e-01,4.127710572421025570e-01,3.167106145766718922e-02,3.436881503050179254e-01
6.793587038160635583e-01,6.788398046478884007e-01,5.425608933586345550e-01,1.738890568963371575e-01,5.379245003843758921e-01,6.358788824749707080e-01,2.532779959754714594e-01,-1.482032686006656483e-02,3.938316726980293225e-01,5.440262576985034348e-01,5.667319534919607049e-01,3.939357661200987848e-01,3.977733635445615534e-01,8.105896343589250597e-01,-1.496399871456908781e-01,6.555614997729019011e-01,7.530103216528529764e-01,5.482249299161835454e-01,3.815315235856147069e-01,5.627297450169285176e-01,5.064167021365203469e-01,7.001452288635717780e-01,7.681137453551533101e-01,6.352195999309385721e-01,7.625580483244629448e-01,7.834781868131758253e-01,6.518378679984976332e-01,7.292435954296314637e-01,1.000000000000000000e+00,4.066649166435992724e-01,6.093458516198039243e-01,7.668965338015417688e-01,5.801984452968699246e-01,2.279808219975131001e-01,7.404980371306174591e-01,7.219117745177738854e-01,7.108087055044152169e-01,2.043610599457876820e-01,3.903228774327218709e-01
6.801750908721769795e-01,6.169521790609072687e-01,7.617971718347265053e-01,-1.645101555137795657e-02,7.660251758710112657e-01,3.968115533082625102e-01,5.012461174660400864e-01,-3.010460280942584554e-01,8.407224790741727460e-01,6.876950915391030206e-01,2.713453881902394005e-01,7.710049080321664805e-01,4.026718908530266816e-01,5.293140203460262594e-01,3.368306880183181279e-03,7.952510738952682789e-01,5.074371285926994046e-01,7.441274104187226568e-01,6.761717396525233070e-01,7.621473691541524875e-02,2.510412578584398369e-01,4.390883638922573606e-01,3.458904934381832330e-01,5.648536250924131030e-01,3.366414463650113653e-01,6.345203691078391550e-01,5.992244026174258220e-01,5.670431417944898911e-01,4.066649166435992724e-01,1.000000000000000000e+00,6.244671130637871048e-01,4.788206490170723861e-01,4.593077645042141777e-01,2.656103501431332226e-01,3.027196002251799078e-01,5.403978501914009636e-01,1.945118857659106359e-01,5.296419488966601641e-01,7.226532732775575729e-01
7.032929777608408761e-01,6.485520902825077094e-01,6.523311617653257954e-01,-4.849551536578480815e-02,6.202091197966178582e-01,4.814524407371026382e-01,2.915623574587432043e-01,-3.261105315344180466e-01,5.642655258128383977e-01,6.332074100999736110e-01,4.830744719270007037e-01,5.934365572042320514e-01,3.912281580827975391e-01,6.161306385585959555e-01,-5.444548293990242316e-02,7.351596429032837277e-01,6.209134997981129445e-01,6.162755172320001362e-01,4.841803697166369713e-01,2.280881110960200076e-01,3.286136418068855702e-01,4.892296923436130207e-01,5.098509153194709098e-01,6.755725868637111331e-01,5.322909344600362802e-01,7.987206595606474169e-01,7.439781502293109083e-01,6.560246452958832242e-01,6.093458516198039243e-01,6.244671130637871048e-01,1.000000000000000000e+00,6.176477813116446614e-01,4.747094183588240757e-01,1.817316257281242631e-01,4.866297738439380738e-01,6.760382473307965379e-01,4.107512889916867804e-01,3.795482744359818250e-01,6.059934398195966354e-01
6.891079147066291322e-01,7.794897179572184420e-01,6.929347560534778738e-01,3.974833416596953301e-02,5.720025767495824365e-01,6.871482891557348927e-01,4.734283636736419942e-01,-2.056115530675266534e-01,4.757106639279207183e-01,6.940432514297908417e-01,6.533306837736155837e-01,5.123455563142895741e-01,5.390452286274803884e-01,6.982037650066547085e-01,-2.527642576316680434e-01,6.085578226394815493e-01,7.025784050400801783e-01,6.558016716275821834e-01,5.960755681386780136e-01,3.567579802130235733e-01,3.099352222145699831e-01,6.178685621326045485e-01,6.798267603024514827e-01,7.324085170219920560e-01,6.450123868900107249e-01,7.868831895180643521e-01,7.522337193764518926e-01,5.794416749225438368e-01,7.668965338015417688e-01,4.788206490170723861e-01,6.176477813116446614e-01,1.000000000000000000e+00,4.045877350690386676e-01,-8.369596049354761924e-02,7.471663906485791484e-01,7.103630898519501802e-01,8.007252007879408495e-01,3.986225814498971509e-01,5.873229575682116232e-01
4.477275692878628921e-01,4.337971158083294698e-01,4.809378571081586728e-01,-1.052552067706531980e-01,5.961964877482620606e-01,3.622657978033829163e-01,-5.197273863386475679e-02,2.496402522230708187e-01,3.921165984835973117e-01,5.023860954294254721e-01,2.752828975092091457e-01,3.312430147853845930e-01,4.925424454967190502e-01,6.742810418067195499e-01,-2.492207915641249105e-01,6.434206277170614330e-01,4.946569145800413514e-01,4.276744606340280308e-01,2.456392692350148066e-01,2.425320120883656949e-01,8.234744820165962320e-01,6.596724192583048874e-01,5.774037729746289704e-01,5.325610708751877809e-01,5.959629577956150337e-01,6.112865063530524834e-01,5.075760960798345600e-01,7.870102629906473579e-01,5.801984452968699246e-01,4.593077645042141777e-01,4.747094183588240757e-01,4.045877350690386676e-01,1.000000000000000000e+00,4.953909994995376320e-01,3.461722576323477130e-01,6.962435502511461483e-01,2.875889473602463164e-01,-2.052179147844777896e-01,1.312758641148824290e-01
1.392751242479562390e-01,-5.852277350561325975e-02,6.451242033585308233e-02,2.338523867693583502e-01,2.855873488269515259e-01,-1.135436624047191922e-01,-2.849115292094455687e-01,1.448492169821720965e-01,2.495764343215118586e-01,-5.609108754306561806e-02,-2.348251757273910612e-01,1.399422616469700731e-01,-1.389491106021892020e-01,3.186052251377239908e-01,2.901556470035281388e-01,3.246740881355032471e-01,2.385307611897204139e-02,3.188983530127954130e-02,-1.674696458292265766e-01,3.909180385703432958e-01,4.266442581380486265e-01,2.158515222223517660e-01,1.818925238152900858e-01,1.267840086406979427e-02,2.456052699349478841e-01,1.782407656046982591e-01,-1.775865445075546249e-03,4.023266920685380499e-01,2.279808219975131001e-01,2.656103501431332226e-01,1.817316257281242631e-01,-8.369596049354761924e-02,4.953909994995376320e-01,1.000000000000000000e+00,-2.095763215038313337e-02,2.236028320950657344e-01,-1.594212832734263618e-01,-2.133821992083286267e-01,-9.587482157877948163e-02
6.002562438661366295e-01,6.584457004104669053e-01,5.060274024390852832e-01,1.170036769574871877e-01,3.882996805253543515e-01,5.055255502975906090e-01,3.288056320032839985e-01,-1.477099802801774553e-01,2.970473260733235699e-01,5.075130212363230253e-01,5.064976116345754065e-01,2.860057370375144181e-01,3.865211044356314796e-01,6.274162710626086659e-01,-1.872954079062655319e-01,4.790520857696327073e-01,5.478439106309086482e-01,4.544272661430094340e-01,3.926061283937629653e-01,4.335552345702087806e-01,2.905898820776076641e-01,5.544397379415305638e-01,6.663671355437645882e-01,5.945098192456195196e-01,6.399220779234818801e-01,6.591381563538785127e-01,6.084152543263043889e-01,4.744400210776443805e-01,7.404980371306174591e-01,3.027196002251799078e-01,4.866297738439380738e-01,7.471663906485791484e-01,3.461722576323477130e-01,-2.095763215038313337e-02,1.000000000000000000e+00,5.848677980919955166e-01,8.294057497294398118e-01,2.729609690941694478e-01,3.765902724538126023e-01
6.662631891864164713e-01,7.284650404516221922e-01,6.302157969087602840e-01,-4.499395758447844590e-02,6.199372942994944014e-01,6.126511139116141980e-01,2.263327168350435514e-01,-2.577405937181914686e-02,4.618250985118384500e-01,6.943876229399676969e-01,5.575347617039017045e-01,5.129682603812777408e-01,6.053146386302714621e-01,7.186334360211329431e-01,-2.812764605797343775e-01,7.288255869080472182e-01,6.780252775490219763e-01,6.271468361020580140e-01,4.240545029058057080e-01,3.230849397157120051e-01,6.293180552399904037e-01,6.911381364532666050e-01,7.023786377439416029e-01,6.991754456157438513e-01,6.579884416205251663e-01,8.396600013940757057e-01,7.730300037702859672e-01,8.060912046265134023e-01,7.219117745177738854e-01,5.403978501914009636e-01,6.760382473307965379e-01,7.103630898519501802e-01,6.962435502511461483e-01,2.236028320950657344e-01,5.848677980919955166e-01,1.000000000000000000e+00,5.543461829513168793e-01,1.128379284613710981e-01,4.329844705029483043e-01
5.241882702876985434e-01,6.322606662288821067e-01,4.703688987358374263e-01,5.139229521582953236e-02,3.400870111888129044e-01,5.677248696925605298e-01,3.301660129449057735e-01,-9.776959264667696436e-02,2.045698041766128572e-01,5.006953282564180485e-01,5.893849898952037147e-01,2.379380138460975291e-01,4.440786668224299683e-01,5.974093771669041208e-01,-2.559127852281524174e-01,3.706944143512698187e-01,5.515450214053311262e-01,4.111298754076191386e-01,3.840890883942691403e-01,3.914177263522221617e-01,2.464915032479262358e-01,5.231170523358376068e-01,6.626845164967704038e-01,6.015253637739531589e-01,6.245534256723284106e-01,6.344841680304077469e-01,5.877802533737980228e-01,4.127710572421025570e-01,7.108087055044152169e-01,1.945118857659106359e-01,4.107512889916867804e-01,8.007252007879408495e-01,2.875889473602463164e-01,-1.594212832734263618e-01,8.294057497294398118e-01,5.543461829513168793e-01,1.000000000000000000e+00,2.407701905495116812e-01,3.567958334158043976e-01
5.842313491792130442e-01,4.824928006190234431e-01,5.757840555983814168e-01,2.494673205020103979e-01,3.857852172844859484e-01,2.746333323487434863e-01,6.728794691851651688e-01,-5.764035423430973193e-01,6.030798118259452778e-01,4.040884742990881739e-01,2.589830786018557651e-01,5.565108941097209883e-01,3.383697985909566580e-02,2.056065187662984017e-01,2.629008788619152104e-01,3.921286670986308676e-01,3.027194766885606403e-01,5.513069900943863288e-01,6.636839295371281811e-01,1.395366520388717502e-01,-3.419337180230008766e-01,2.055473400731713807e-01,1.539475235235865935e-01,2.907119742218867153e-01,1.313866315163387533e-01,3.344246958890425558e-01,3.308687572952874745e-01,3.167106145766718922e-02,2.043610599457876820e-01,5.296419488966601641e-01,3.795482744359818250e-01,3.986225814498971509e-01,-2.052179147844777896e-01,-2.133821992083286267e-01,2.729609690941694478e-01,1.128379284613710981e-01,2.407701905495116812e-01,1.000000000000000000e+00,7.651215384867446900e-01
7.260730945093822886e-01,6.960969749515821814e-01,7.422369025519521823e-01,3.981048687243633061e-02,6.039346022254862278e-01,4.278180019689766245e-01,6.423484703083179870e-01,-4.758773612208712089e-01,7.278666940590876600e-01,6.552220607153171894e-01,3.989172351044075748e-01,7.788260338631782798e-01,3.736065319881307634e-01,4.222602181914509867e-01,6.547911748206831917e-02,6.343793018382517523e-01,5.076862380589403090e-01,7.399288669843928634e-01,7.760897026107024255e-01,8.333564962591742675e-02,-3.628326371779806714e-02,3.899205225798860197e-01,2.894663993865471685e-01,5.670028395550099631e-01,2.718007286102283593e-01,6.185435763881901305e-01,5.963446461965316026e-01,3.436881503050179254e-01,3.903228774327218709e-01,7.226532732775575729e-01,6.059934398195966354e-01,5.873229575682116232e-01,1.312758641148824290e-01,-9.587482157877948163e-02,3.765902724538126023e-01,4.329844705029483043e-01,3.567958334158043976e-01,7.651215384867446900e-01,1.000000000000000000e+00
