1.000000000000000000e+00,8.812231339954141873e-01,9.011336403262560912e-01,9.052204648542505616e-01,9.086574974862233756e-01,9.068482920406176762e-01,8.783928735594153103e-01,9.462999985789654067e-01,9.523717627957357656e-01,8.993875603732081059e-01,9.090793047067372568e-01,8.976006976950031691e-01,9.093956972610253153e-01,9.850938516433175307e-01,8.817436866771005688e-01,8.882979069554063356e-01,8.977920692586789375e-01,9.753426759508879718e-01,9.666636065389232479e-01,8.863537564138506131e-01,9.055472652757400320e-01,9.055715117766035549e-01,8.809962291703923309e-01,8.827523799194216814e-01,8.980873759667239442e-01,9.320596495705428808e-01,9.661713598517409629e-01,8.931284070757529170e-01,9.434601900154813148e-01,8.868723521018251343e-01,8.993955415128985775e-01,9.730763084183196021e-01,9.700541933909426762e-01,8.799713706729290763e-01,8.806658015184271049e-01,9.036040309560791073e-01,9.625964637032273785e-01,9.799066870264144802e-01,9.432330958269374843e-01
8.812231339954141873e-01,1.000000000000000000e+00,9.507965882267446212e-01,9.515986069950514992e-01,9.306501735796096630e-01,9.026197139769156497e-01,9.813017588553398785e-01,8.950330643306120271e-01,8.466640541942693776e-01,9.541857497956161005e-01,9.254498774646191528e-01,9.541197753910318768e-01,9.406508493174225993e-01,8.800588810777554283e-01,9.713309054113189456e-01,9.667562699251779357e-01,9.590219421377895737e-01,8.695653509988250374e-01,8.695730869265756446e-01,9.676506863740674813e-01,9.443817573064507975e-01,9.391924009198082679e-01,9.806239919937469462e-01,9.703233029040612134e-01,9.571758683601243600e-01,9.106782728229555479e-01,8.624856363828973249e-01,9.575413000721278989e-01,8.988075507110704354e-01,9.384154067215414452e-01,9.527228056258246758e-01,8.705929685464454115e-01,8.658813277630101890e-01,9.706281829741242317e-01,9.710522032685265925e-01,9.496942715611744745e-01,8.606374581166182924e-01,8.722889287392486812e-01,8.455948913263423572e-01
9.011336403262560912e-01,9.507965882267446212e-01,1.000000000000000000e+00,9.845511103471362713e-01,9.568207093112701678e-01,8.813362586821370526e-01,9.510289127882622928e-01,9.211957723400651110e-01,8.624711998001870494e-01,9.828693339446543664e-01,9.531729210413184550e-01,9.767619037656114500e-01,9.685590022686055844e-01,8.996062260080880391e-01,9.611851850501127448e-01,9.670987849627310506e-01,9.763716500666391740e-01,8.934694565896668106e-01,8.872703838904975049e-01,9.643516659166593286e-01,9.770645815013937474e-01,9.661275275674714447e-01,9.515109426369511292e-01,9.616855140635095500e-01,9.748364871758640193e-01,9.342515559349816590e-01,8.806645448958957401e-01,9.723718969330997774e-01,9.242049868794347534e-01,9.147612881307305432e-01,9.798087238790164077e-01,8.948850626676569942e-01,8.822007560401488035e-01,9.607048659775461186e-01,9.600197251427080580e-01,9.843711170585807135e-01,8.775145171832801072e-01,8.971481993266887667e-01,8.577152463782358183e-01
9.052204648542505616e-01,9.515986069950514992e-01,9.845511103471362713e-01,1.000000000000000000e+00,9.554153358088308678e-01,8.809324733050425404e-01,9.519442422859119013e-01,9.225091808012134686e-01,8.666371910926303768e-01,9.822345886113351687e-01,9.514206348286803339e-01,9.774982780159524598e-01,9.669619031556441202e-01,9.037895500818579064e-01,9.612851661969554762e-01,9.665685802978212227e-01,9.773720174970850216e-01,8.968519362916260729e-01,8.909310426793701776e-01,9.644796965529449650e-01,9.756356880595346004e-01,9.652203676897841422e-01,9.522669255145771450e-01,9.620692064476863425e-01,9.753291977031967042e-01,9.333090086920426964e-01,8.837171979645479514e-01,9.730450875367139263e-01,9.250484206491917938e-01,9.189265680928726532e-01,9.802243787996065549e-01,8.979517480208132341e-01,8.853801822953232259e-01,9.610888152357272007e-01,9.599162733007043924e-01,9.822158728454742915e-01,8.815831863981545835e-01,9.009547303417876352e-01,8.619359912393182999e-01
9.086574974862233756e-01,9.306501735796096630e-01,9.568207093112701678e-01,9.554153358088308678e-01,1.000000000000000000e+00,8.780155494451118425e-01,9.280724238391931946e-01,9.413087650079325908e-01,8.702838208182723800e-01,9.546877000245252987e-01,9.792243032345560039e-01,9.465577432367499044e-01,9.758732000107525062e-01,9.088638915860736134e-01,9.379064438058632991e-01,9.436050050180723181e-01,9.487901379991596773e-01,9.085633417231340214e-01,8.927512704363782525e-01,9.417110284072317539e-01,9.656034086962046459e-01,9.787082364366228582e-01,9.279060824783724737e-01,9.388725791350787109e-01,9.471237702216359633e-01,9.586364715369464218e-01,8.884885710846890383e-01,9.445537658061643471e-01,9.455193520049303135e-01,8.889150826412955952e-01,9.481736859632922121e-01,9.099253688892281478e-01,8.931509595218026787e-01,9.377116008682657711e-01,9.382265210418726520e-01,9.585844606250321087e-01,8.868703280575516157e-01,9.090248729966250441e-01,8.624992821637701423e-01
9.068482920406176762e-01,9.026197139769156497e-01,8.813362586821370526e-01,8.809324733050425404e-01,8.780155494451118425e-01,1.000000000000000000e+00,8.973802007890808730e-01,8.990535563724412205e-01,9.108990220245470892e-01,8.853889275355775190e-01,8.758252397041503823e-01,8.823646167750641700e-01,8.814188150592014992e-01,9.074106263630261626e-01,8.909034856487255682e-01,8.874780187248747509e-01,8.863002695939460329e-01,8.967041883562298921e-01,9.126406230544399367e-01,8.895796128529610547e-01,8.833480613068735998e-01,8.773047475126753980e-01,9.023772025520416795e-01,8.909572727359617028e-01,8.888825043109993551e-01,8.928157486483117022e-01,9.117158851369596695e-01,8.848738865394542019e-01,9.002595940378979034e-01,8.908245730354670266e-01,8.814306094533919111e-01,8.905218532694412215e-01,9.067740435200853932e-01,8.890829880496010640e-01,8.919855717266372830e-01,8.844976876125277832e-01,9.108179397517616183e-01,8.995365053466736205e-01,9.187951883017662080e-01
8.783928735594153103e-01,9.813017588553398785e-01,9.510289127882622928e-01,9.519442422859119013e-01,9.280724238391931946e-01,8.973802007890808730e-01,1.000000000000000000e+00,8.917076658033701309e-01,8.413005907071448020e-01,9.555443670326756456e-01,9.215832918355184589e-01,9.553800860338498291e-01,9.368321451887787754e-01,8.766015219086858989e-01,9.747218108360028443e-01,9.695822129988997951e-01,9.602850059577835440e-01,8.682699374410097759e-01,8.649465197207381051e-01,9.710878853739798311e-01,9.438919539139780657e-01,9.367283961452695928e-01,9.834505830419372208e-01,9.741333425667263457e-01,9.585048663812814063e-01,9.037654586904000364e-01,8.579614417670866633e-01,9.610336550978768599e-01,8.931252928575460492e-01,9.378567365884602491e-01,9.537945856659170163e-01,8.690168546504660751e-01,8.613970586850141498e-01,9.748909416215166823e-01,9.752830902225890775e-01,9.508793784848134090e-01,8.558895318763606319e-01,8.707127632805617967e-01,8.396860820173389639e-01
9.462999985789654067e-01,8.950330643306120271e-01,9.211957723400651110e-01,9.225091808012134686e-01,9.413087650079325908e-01,8.990535563724412205e-01,8.917076658033701309e-01,1.000000000000000000e+00,9.160395320987961831e-01,9.160455014701636145e-01,9.407579735255959807e-01,9.090285429231912406e-01,9.358482017709098821e-01,9.500972640560145788e-01,8.963510598044586164e-01,9.038893198452253586e-01,9.120018869551446139e-01,9.561003804226373415e-01,9.301200203257193877e-01,9.033822922627371410e-01,9.304596151227734202e-01,9.340852654759489448e-01,8.932972878331767452e-01,8.981742420613956224e-01,9.125024563410294443e-01,9.642203015329052773e-01,9.286093517747084913e-01,9.069728705690731640e-01,9.770993961251626114e-01,8.727078951647641025e-01,9.138228120086892003e-01,9.569251943337945265e-01,9.310475539871048145e-01,8.956035548221803477e-01,8.962884950834488773e-01,9.240985365073488556e-01,9.264979884850864655e-01,9.524135491936979170e-01,9.075212274241701849e-01
9.523717627957357656e-01,8.466640541942693776e-01,8.624711998001870494e-01,8.666371910926303768e-01,8.702838208182723800e-01,9.108990220245470892e-01,8.413005907071448020e-01,9.160395320987961831e-01,1.000000000000000000e+00,8.643057171499795022e-01,8.734178488756603187e-01,8.606540877051455096e-01,8.720461575270044285e-01,9.542816198072854306e-01,8.495402149863016117e-01,8.543002584631731455e-01,8.619773380770537896e-01,9.425200836607912080e-01,9.767071110150636892e-01,8.538979413433693821e-01,8.711330045503482555e-01,8.694642686987149593e-01,8.468242123712640401e-01,8.503222569958447385e-01,8.634673828301930865e-01,8.944187886671632892e-01,9.739478550870833695e-01,8.590217846320532535e-01,9.105407732721743086e-01,8.651267069482616590e-01,8.617345258064701419e-01,9.359514630516944100e-01,9.685599300028278069e-01,8.465829230226717961e-01,8.484906872189008631e-01,8.665351490299338932e-01,9.760424335397154261e-01,9.473618431160302222e-01,9.799799254457883801e-01
8.993875603732081059e-01,9.541857497956161005e-01,9.828693339446543664e-01,9.822345886113351687e-01,9.546877000245252987e-01,8.853889275355775190e-01,9.555443670326756456e-01,9.160455014701636145e-01,8.643057171499795022e-01,1.000000000000000000e+00,9.504457532212835513e-01,9.795614021891919654e-01,9.650449357584579557e-01,8.973801716997271694e-01,9.645314990156397261e-01,9.698080700943606525e-01,9.794137207271833567e-01,8.898189322600030815e-01,8.874103326150319937e-01,9.673408751027089414e-01,9.740979380762737616e-01,9.642828917475252393e-01,9.557110922710142509e-01,9.650039698613960271e-01,9.790875085774612963e-01,9.305548530637842708e-01,8.798981457546932727e-01,9.765423386611707945e-01,9.208168100074819451e-01,9.183778026233095915e-01,9.829463465183407855e-01,8.906589180975962305e-01,8.815672439426202045e-01,9.644292294176901592e-01,9.637755372934455611e-01,9.825274842104160244e-01,8.778883905191489090e-01,8.945465321620373889e-01,8.599341063176679789e-01
9.090793047067372568e-01,9.254498774646191528e-01,9.531729210413184550e-01,9.514206348286803339e-01,9.792243032345560039e-01,8.758252397041503823e-01,9.215832918355184589e-01,9.407579735255959807e-01,8.734178488756603187e-01,9.504457532212835513e-01,1.000000000000000000e+00,9.431927638866033359e-01,9.730024201071297840e-01,9.091710448805135902e-01,9.320818454093137140e-01,9.388706513030242728e-01,9.449477288841322542e-01,9.079766862974756325e-01,8.961774476138935075e-01,9.364347328820981087e-01,9.609005677944187918e-01,9.741596856827571260e-01,9.215234389605760912e-01,9.329561495710344543e-01,9.425036223740994590e-01,9.621112611766639011e-01,8.914386082762062458e-01,9.410142440104368733e-01,9.489545502986362902e-01,8.869770600697652885e-01,9.446072110028387314e-01,9.108420310171482237e-01,8.952606309971626874e-01,9.314818427243184429e-01,9.324675461979101687e-01,9.546078867392810974e-01,8.882723146113257195e-01,9.089626966812802689e-01,8.640236344612972630e-01
8.976006976950031691e-01,9.541197753910318768e-01,9.767619037656114500e-01,9.774982780159524598e-01,9.465577432367499044e-01,8.823646167750641700e-01,9.553800860338498291e-01,9.090285429231912406e-01,8.606540877051455096e-01,9.795614021891919654e-01,9.431927638866033359e-01,1.000000000000000000e+00,9.584279363542228536e-01,8.951737292538086699e-01,9.671157503274422362e-01,9.724987052593784265e-01,9.827934120394539175e-01,8.891072548670686526e-01,8.845390049420911449e-01,9.698893391543461640e-01,9.666984930352608973e-01,9.572560650455850251e-01,9.548039054281574067e-01,9.672537171825928981e-01,9.840645856134138114e-01,9.248623442501510139e-01,8.769153145447533548e-01,9.807166318954999573e-01,9.149512899915434039e-01,9.216408538964917518e-01,9.820651489204605955e-01,8.914273994642242238e-01,8.783503641794221384e-01,9.672126312704094619e-01,9.658521532192365644e-01,9.745485594241078964e-01,8.746559836559788526e-01,8.939707461599091243e-01,8.573380567843601474e-01
9.093956972610253153e-01,9.406508493174225993e-01,9.685590022686055844e-01,9.669619031556441202e-01,9.758732000107525062e-01,8.814188150592014992e-01,9.368321451887787754e-01,9.358482017709098821e-01,8.720461575270044285e-01,9.650449357584579557e-01,9.730024201071297840e-01,9.584279363542228536e-01,1.000000000000000000e+00,9.089571096848400034e-01,9.470505465290616209e-01,9.531559471604074130e-01,9.587347468599176636e-01,9.083522932164843633e-01,8.953815134299565326e-01,9.499997312685874995e-01,9.773435322214686360e-01,9.833716559205947227e-01,9.366894056901604593e-01,9.477899362329319510e-01,9.568526515609175886e-01,9.535142557559668219e-01,8.911344309870351532e-01,9.537449435185465507e-01,9.415603906165341819e-01,9.045053883046819676e-01,9.601501228672395527e-01,9.089804759088394581e-01,8.948875571705204868e-01,9.463475380706478646e-01,9.462306554710030460e-01,9.696471036023265322e-01,8.886564053801575547e-01,9.088436722730036665e-01,8.638508121123287253e-01
9.850938516433175307e-01,8.800588810777554283e-01,8.996062260080880391e-01,9.037895500818579064e-01,9.088638915860736134e-01,9.074106263630261626e-01,8.766015219086858989e-01,9.500972640560145788e-01,9.542816198072854306e-01,8.973801716997271694e-01,9.091710448805135902e-01,8.951737292538086699e-01,9.089571096848400034e-01,1.000000000000000000e+00,8.796321099672317345e-01,8.868237285804859704e-01,8.963314085221533167e-01,9.765337551001518346e-01,9.667093206716131926e-01,8.847438147680902754e-01,9.049625322268494143e-01,9.053267882647937359e-01,8.795199880924967628e-01,8.807491089245965687e-01,8.965863081515057509e-01,9.335836496204619195e-01,9.666053057777976854e-01,8.911080731174685354e-01,9.461449123946261697e-01,8.850682749150322604e-01,8.971823539766559108e-01,9.741174676617621042e-01,9.700565164001706542e-01,8.776332246060031261e-01,8.785815307426012577e-01,9.018725170132295688e-01,9.627893089310725072e-01,9.804493617144687256e-01,9.453539309319975992e-01
8.817436866771005688e-01,9.713309054113189456e-01,9.611851850501127448e-01,9.612851661969554762e-01,9.379064438058632991e-01,8.909034856487255682e-01,9.747218108360028443e-01,8.963510598044586164e-01,8.495402149863016117e-01,9.645314990156397261e-01,9.320818454093137140e-01,9.671157503274422362e-01,9.470505465290616209e-01,8.796321099672317345e-01,1.000000000000000000e+00,9.811886788760525446e-01,9.705813910855813909e-01,8.731489445553601847e-01,8.724363406821488143e-01,9.834687745659801417e-01,9.537011007030254950e-01,9.477371556859559565e-01,9.734392407925138713e-01,9.851758657849228884e-01,9.678803529097168568e-01,9.120566892267316650e-01,8.643271798023096641e-01,9.712152815118506588e-01,8.994012877740050760e-01,9.267203355626204564e-01,9.634038460875822274e-01,8.749415889537858204e-01,8.656149007646899429e-01,9.853623862778375653e-01,9.855120765530490656e-01,9.600856599375721112e-01,8.638151026520421993e-01,8.763650232288141551e-01,8.461858252454635965e-01
8.882979069554063356e-01,9.667562699251779357e-01,9.670987849627310506e-01,9.665685802978212227e-01,9.436050050180723181e-01,8.874780187248747509e-01,9.695822129988997951e-01,9.038893198452253586e-01,8.543002584631731455e-01,9.698080700943606525e-01,9.388706513030242728e-01,9.724987052593784265e-01,9.531559471604074130e-01,8.868237285804859704e-01,9.811886788760525446e-01,1.000000000000000000e+00,9.756891632995442487e-01,8.825451700995262660e-01,8.766702691070250575e-01,9.842124674876002732e-01,9.609345428037066039e-01,9.531707721108609865e-01,9.672063049008895463e-01,9.820677391029072334e-01,9.733499963350683570e-01,9.174327470965658593e-01,8.690105338848687078e-01,9.765061482775052593e-01,9.080564933890182822e-01,9.256276940640967288e-01,9.692368443399174138e-01,8.841487309038151832e-01,8.708870696879272844e-01,9.811092969242758421e-01,9.807512889137103285e-01,9.663812921903766062e-01,8.681364007528945548e-01,8.833414636738227133e-01,8.511436514840075018e-01
8.977920692586789375e-01,9.590219421377895737e-01,9.763716500666391740e-01,9.773720174970850216e-01,9.487901379991596773e-01,8.863002695939460329e-01,9.602850059577835440e-01,9.120018869551446139e-01,8.619773380770537896e-01,9.794137207271833567e-01,9.449477288841322542e-01,9.827934120394539175e-01,9.587347468599176636e-01,8.963314085221533167e-01,9.705813910855813909e-01,9.756891632995442487e-01,1.000000000000000000e+00,8.906179520014726458e-01,8.853241303634620252e-01,9.730985930579193477e-01,9.668539921404429860e-01,9.576903743482367837e-01,9.596357596650714195e-01,9.713629927768056005e-01,9.830681219439609819e-01,9.272358657336993160e-01,8.778320664358570946e-01,9.814985947874254046e-01,9.168513394789935544e-01,9.230815644963261679e-01,9.802055529026312275e-01,8.927100949495878623e-01,8.794384773776663389e-01,9.702390975513826010e-01,9.694831221656173836e-01,9.739292394863843239e-01,8.758749803514506160e-01,8.949316424372130152e-01,8.586066182598542929e-01
9.753426759508879718e-01,8.695653509988250374e-01,8.934694565896668106e-01,8.968519362916260729e-01,9.085633417231340214e-01,8.967041883562298921e-01,8.682699374410097759e-01,9.561003804226373415e-01,9.425200836607912080e-01,8.898189322600030815e-01,9.079766862974756325e-01,8.891072548670686526e-01,9.083522932164843633e-01,9.765337551001518346e-01,8.731489445553601847e-01,8.825451700995262660e-01,8.906179520014726458e-01,1.000000000000000000e+00,9.544384981919880051e-01,8.795311368340177349e-01,9.026966890242262842e-01,9.055452965473637095e-01,8.698992598652445229e-01,8.746539861517602654e-01,8.895305316012884767e-01,9.346648878568029062e-01,9.526462659309996583e-01,8.857849686990226790e-01,9.490942529454932108e-01,8.757913487230488681e-01,8.907939528428565623e-01,9.829972501953173625e-01,9.582815255061806203e-01,8.719260913374765609e-01,8.717836079176984887e-01,8.966631609331869868e-01,9.514466016658689185e-01,9.820591184953445518e-01,9.335911636324368823e-01
9.666636065389232479e-01,8.695730869265756446e-01,8.872703838904975049e-01,8.909310426793701776e-01,8.927512704363782525e-01,9.126406230544399367e-01,8.649465197207381051e-01,9.301200203257193877e-01,9.767071110150636892e-01,8.874103326150319937e-01,8.961774476138935075e-01,8.845390049420911449e-01,8.953815134299565326e-01,9.667093206716131926e-01,8.724363406821488143e-01,8.766702691070250575e-01,8.853241303634620252e-01,9.544384981919880051e-01,1.000000000000000000e+00,8.761293954175937149e-01,8.942267505056348265e-01,8.916689371120167795e-01,8.686694734298374687e-01,8.728734724518665278e-01,8.863157935058232351e-01,9.159770405391578496e-01,9.817463213616879347e-01,8.812116296745627908e-01,9.269134762399342531e-01,8.778784594822327536e-01,8.858971944376076157e-01,9.504671475431893946e-01,9.797925878078111994e-01,8.696665565096998174e-01,8.707604546744617258e-01,8.906486676010560988e-01,9.814695166971885154e-01,9.602341633231250562e-01,9.678265789294987487e-01
8.863537564138506131e-01,9.676506863740674813e-01,9.643516659166593286e-01,9.644796965529449650e-01,9.417110284072317539e-01,8.895796128529610547e-01,9.710878853739798311e-01,9.033822922627371410e-01,8.538979413433693821e-01,9.673408751027089414e-01,9.364347328820981087e-01,9.698893391543461640e-01,9.499997312685874995e-01,8.847438147680902754e-01,9.834687745659801417e-01,9.842124674876002732e-01,9.730985930579193477e-01,8.795311368340177349e-01,8.761293954175937149e-01,1.000000000000000000e+00,9.578965966289675338e-01,9.506796701876902844e-01,9.688125361493991061e-01,9.846170517825515445e-01,9.704763843317006922e-01,9.161194710503711702e-01,8.676253965711390181e-01,9.739977256918811443e-01,9.069216372244577329e-01,9.268099991862231990e-01,9.662579812772923438e-01,8.814456849067040523e-01,8.693921726144752116e-01,9.834403945240244305e-01,9.831688822453705789e-01,9.635950227708927063e-01,8.673759651805857951e-01,8.818685050871659659e-01,8.506722850807391101e-01
9.055472652757400320e-01,9.443817573064507975e-01,9.770645815013937474e-01,9.756356880595346004e-01,9.656034086962046459e-01,8.833480613068735998e-01,9.438919539139780657e-01,9.304596151227734202e-01,8.711330045503482555e-01,9.740979380762737616e-01,9.609005677944187918e-01,9.666984930352608973e-01,9.773435322214686360e-01,9.049625322268494143e-01,9.537011007030254950e-01,9.609345428037066039e-01,9.668539921404429860e-01,9.026966890242262842e-01,8.942267505056348265e-01,9.578965966289675338e-01,1.000000000000000000e+00,9.748470099460014859e-01,9.433391625220182153e-01,9.548920237858531390e-01,9.663624898061492496e-01,9.424335372634373709e-01,8.872701606517293671e-01,9.631774283653521396e-01,9.333118035938705592e-01,9.090149272214574916e-01,9.693467012810477179e-01,9.038747848165084031e-01,8.900248350735519010e-01,9.531362300805797938e-01,9.531594787563383298e-01,9.776175941297172711e-01,8.865445873864178372e-01,9.047761048847198229e-01,8.634860068310928893e-01
9.055715117766035549e-01,9.391924009198082679e-01,9.661275275674714447e-01,9.652203676897841422e-01,9.787082364366228582e-01,8.773047475126753980e-01,9.367283961452695928e-01,9.340852654759489448e-01,8.694642686987149593e-01,9.642828917475252393e-01,9.741596856827571260e-01,9.572560650455850251e-01,9.833716559205947227e-01,9.053267882647937359e-01,9.477371556859559565e-01,9.531707721108609865e-01,9.576903743482367837e-01,9.055452965473637095e-01,8.916689371120167795e-01,9.506796701876902844e-01,9.748470099460014859e-01,1.000000000000000000e+00,9.369914623845837509e-01,9.480724698915551363e-01,9.569932275775316910e-01,9.519681709364702371e-01,8.863769389227617035e-01,9.547875335506900152e-01,9.398740203880574517e-01,9.018296833525483169e-01,9.583604675855390553e-01,9.062758375155925972e-01,8.903486581394064459e-01,9.474117658887409865e-01,9.470157274083772503e-01,9.678946446125555880e-01,8.846887721774350233e-01,9.055475926322117397e-01,8.609506316995558795e-01
8.809962291703923309e-01,9.806239919937469462e-01,9.515109426369511292e-01,9.522669255145771450e-01,9.279060824783724737e-01,9.023772025520416795e-01,9.834505830419372208e-01,8.932972878331767452e-01,8.468242123712640401e-01,9.557110922710142509e-01,9.215234389605760912e-01,9.548039054281574067e-01,9.366894056901604593e-01,8.795199880924967628e-01,9.734392407925138713e-01,9.672063049008895463e-01,9.596357596650714195e-01,8.698992598652445229e-01,8.686694734298374687e-01,9.688125361493991061e-01,9.433391625220182153e-01,9.369914623845837509e-01,1.000000000000000000e+00,9.718292637640274512e-01,9.579201390881121325e-01,9.054443621402353815e-01,8.626054628942319003e-01,9.595356332650801789e-01,8.953432497106086352e-01,9.388671303438133053e-01,9.537614008776843511e-01,8.706664029198790677e-01,8.644898814355737038e-01,9.727305762558239310e-01,9.735264476871796635e-01,9.501677884965907817e-01,8.594073660022574224e-01,8.730368317134682421e-01,8.464535056079874886e-01
8.827523799194216814e-01,9.703233029040612134e-01,9.616855140635095500e-01,9.620692064476863425e-01,9.388725791350787109e-01,8.909572727359617028e-01,9.741333425667263457e-01,8.981742420613956224e-01,8.503222569958447385e-01,9.650039698613960271e-01,9.329561495710344543e-01,9.672537171825928981e-01,9.477899362329319510e-01,8.807491089245965687e-01,9.851758657849228884e-01,9.820677391029072334e-01,9.713629927768056005e-01,8.746539861517602654e-01,8.728734724518665278e-01,9.846170517825515445e-01,9.548920237858531390e-01,9.480724698915551363e-01,9.718292637640274512e-01,1.000000000000000000e+00,9.680564669012133860e-01,9.137009638327020511e-01,8.644775287689110410e-01,9.720385070676176298e-01,9.022120114810555647e-01,9.270890414833694582e-01,9.636070077913421184e-01,8.762812646745414824e-01,8.664003991401064697e-01,9.853642377710672973e-01,9.852671877703491621e-01,9.606776966044703325e-01,8.642456968251992500e-01,8.780099706882729116e-01,8.479517212661541459e-01
8.980873759667239442e-01,9.571758683601243600e-01,9.748364871758640193e-01,9.753291977031967042e-01,9.471237702216359633e-01,8.888825043109993551e-01,9.585048663812814063e-01,9.125024563410294443e-01,8.634673828301930865e-01,9.790875085774612963e-01,9.425036223740994590e-01,9.840645856134138114e-01,9.568526515609175886e-01,8.965863081515057509e-01,9.678803529097168568e-01,9.733499963350683570e-01,9.830681219439609819e-01,8.895305316012884767e-01,8.863157935058232351e-01,9.704763843317006922e-01,9.663624898061492496e-01,9.569932275775316910e-01,9.579201390881121325e-01,9.680564669012133860e-01,1.000000000000000000e+00,9.260552280562395211e-01,8.788403215650607558e-01,9.813864832634866531e-01,9.162159271688053996e-01,9.231352887049134592e-01,9.808191756056667820e-01,8.913880320273740443e-01,8.805990619093869709e-01,9.673902996069854154e-01,9.669187677383004331e-01,9.731681427730963785e-01,8.773517871732918749e-01,8.939143817720934804e-01,8.591564254917046783e-01
9.320596495705428808e-01,9.106782728229555479e-01,9.342515559349816590e-01,9.333090086920426964e-01,9.586364715369464218e-01,8.928157486483117022e-01,9.037654586904000364e-01,9.642203015329052773e-01,8.944187886671632892e-01,9.305548530637842708e-01,9.621112611766639011e-01,9.248623442501510139e-01,9.535142557559668219e-01,9.335836496204619195e-01,9.120566892267316650e-01,9.174327470965658593e-01,9.272358657336993160e-01,9.346648878568029062e-01,9.159770405391578496e-01,9.161194710503711702e-01,9.424335372634373709e-01,9.519681709364702371e-01,9.054443621402353815e-01,9.137009638327020511e-01,9.260552280562395211e-01,1.000000000000000000e+00,9.133930849481312064e-01,9.218723048442403201e-01,9.753351500891623838e-01,8.799767050045766981e-01,9.260130387948768416e-01,9.360418987516090361e-01,9.177558116640718300e-01,9.114457432734889286e-01,9.121550410008408827e-01,9.340099900824269108e-01,9.090526562292003954e-01,9.347058499031694057e-01,8.842843202547768788e-01
9.661713598517409629e-01,8.624856363828973249e-01,8.806645448958957401e-01,8.837171979645479514e-01,8.884885710846890383e-01,9.117158851369596695e-01,8.579614417670866633e-01,9.286093517747084913e-01,9.739478550870833695e-01,8.798981457546932727e-01,8.914386082762062458e-01,8.769153145447533548e-01,8.911344309870351532e-01,9.666053057777976854e-01,8.643271798023096641e-01,8.690105338848687078e-01,8.778320664358570946e-01,9.526462659309996583e-01,9.817463213616879347e-01,8.676253965711390181e-01,8.872701606517293671e-01,8.863769389227617035e-01,8.626054628942319003e-01,8.644775287689110410e-01,8.788403215650607558e-01,9.133930849481312064e-01,1.000000000000000000e+00,8.724532720774945682e-01,9.257332982094985674e-01,8.719867971912648175e-01,8.787073654605406237e-01,9.489577405659110898e-01,9.801730203934286845e-01,8.613401293347883181e-01,8.626670773791313973e-01,8.842547404870165773e-01,9.830083016106809790e-01,9.583422152221939827e-01,9.647069269249749501e-01
8.931284070757529170e-01,9.575413000721278989e-01,9.723718969330997774e-01,9.730450875367139263e-01,9.445537658061643471e-01,8.848738865394542019e-01,9.610336550978768599e-01,9.069728705690731640e-01,8.590217846320532535e-01,9.765423386611707945e-01,9.410142440104368733e-01,9.807166318954999573e-01,9.537449435185465507e-01,8.911080731174685354e-01,9.712152815118506588e-01,9.765061482775052593e-01,9.814985947874254046e-01,8.857849686990226790e-01,8.812116296745627908e-01,9.739977256918811443e-01,9.631774283653521396e-01,9.547875335506900152e-01,9.595356332650801789e-01,9.720385070676176298e-01,9.813864832634866531e-01,9.218723048442403201e-01,8.724532720774945682e-01,1.000000000000000000e+00,9.118740199659292056e-01,9.233093948447632648e-01,9.768376498438152700e-01,8.868362067277038019e-01,8.740573800564007678e-01,9.713698264366672497e-01,9.705233616366574223e-01,9.714840094048303731e-01,8.705900254680949413e-01,8.899169900312325909e-01,8.556098169175838652e-01
9.434601900154813148e-01,8.988075507110704354e-01,9.242049868794347534e-01,9.250484206491917938e-01,9.455193520049303135e-01,9.002595940378979034e-01,8.931252928575460492e-01,9.770993961251626114e-01,9.105407732721743086e-01,9.208168100074819451e-01,9.489545502986362902e-01,9.149512899915434039e-01,9.415603906165341819e-01,9.461449123946261697e-01,8.994012877740050760e-01,9.080564933890182822e-01,9.168513394789935544e-01,9.490942529454932108e-01,9.269134762399342531e-01,9.069216372244577329e-01,9.333118035938705592e-01,9.398740203880574517e-01,8.953432497106086352e-01,9.022120114810555647e-01,9.162159271688053996e-01,9.753351500891623838e-01,9.257332982094985674e-01,9.118740199659292056e-01,1.000000000000000000e+00,8.775062499193092558e-01,9.184930831457007727e-01,9.505532216674180690e-01,9.285687450968564960e-01,8.998177751283066295e-01,8.998619613977089093e-01,9.256948937449568371e-01,9.214819274918306657e-01,9.470748833928943622e-01,9.029778313200746975e-01
8.868723521018251343e-01,9.384154067215414452e-01,9.147612881307305432e-01,9.189265680928726532e-01,8.889150826412955952e-01,8.908245730354670266e-01,9.378567365884602491e-01,8.727078951647641025e-01,8.651267069482616590e-01,9.183778026233095915e-01,8.869770600697652885e-01,9.216408538964917518e-01,9.045053883046819676e-01,8.850682749150322604e-01,9.267203355626204564e-01,9.256276940640967288e-01,9.230815644963261679e-01,8.757913487230488681e-01,8.778784594822327536e-01,9.268099991862231990e-01,9.090149272214574916e-01,9.018296833525483169e-01,9.388671303438133053e-01,9.270890414833694582e-01,9.231352887049134592e-01,8.799767050045766981e-01,8.719867971912648175e-01,9.233093948447632648e-01,8.775062499193092558e-01,1.000000000000000000e+00,9.182387362442325784e-01,8.710949242496373035e-01,8.757201559956048209e-01,9.259317831564917167e-01,9.240579684583383191e-01,9.137688629049227629e-01,8.699575482862799136e-01,8.806337722561733417e-01,8.676889024215195256e-01
8.993955415128985775e-01,9.527228056258246758e-01,9.798087238790164077e-01,9.802243787996065549e-01,9.481736859632922121e-01,8.814306094533919111e-01,9.537945856659170163e-01,9.138228120086892003e-01,8.617345258064701419e-01,9.829463465183407855e-01,9.446072110028387314e-01,9.820651489204605955e-01,9.601501228672395527e-01,8.971823539766559108e-01,9.634038460875822274e-01,9.692368443399174138e-01,9.802055529026312275e-01,8.907939528428565623e-01,8.858971944376076157e-01,9.662579812772923438e-01,9.693467012810477179e-01,9.583604675855390553e-01,9.537614008776843511e-01,9.636070077913421184e-01,9.808191756056667820e-01,9.260130387948768416e-01,8.787073654605406237e-01,9.768376498438152700e-01,9.184930831457007727e-01,9.182387362442325784e-01,1.000000000000000000e+00,8.926297046868270080e-01,8.795142538548407218e-01,9.634960687686979774e-01,9.623695518849419983e-01,9.785152378848884780e-01,8.762304719536244679e-01,8.954254252338976761e-01,8.572803745194871317e-01
9.730763084183196021e-01,8.705929685464454115e-01,8.948850626676569942e-01,8.979517480208132341e-01,9.099253688892281478e-01,8.905218532694412215e-01,8.690168546504660751e-01,9.569251943337945265e-01,9.359514630516944100e-01,8.906589180975962305e-01,9.108420310171482237e-01,8.914273994642242238e-01,9.089804759088394581e-01,9.741174676617621042e-01,8.749415889537858204e-01,8.841487309038151832e-01,8.927100949495878623e-01,9.829972501953173625e-01,9.504671475431893946e-01,8.814456849067040523e-01,9.038747848165084031e-01,9.062758375155925972e-01,8.706664029198790677e-01,8.762812646745414824e-01,8.913880320273740443e-01,9.360418987516090361e-01,9.489577405659110898e-01,8.868362067277038019e-01,9.505532216674180690e-01,8.710949242496373035e-01,8.926297046868270080e-01,1.000000000000000000e+00,9.539984828279690632e-01,8.736842762456012990e-01,8.738767640953415405e-01,8.979665860345584782e-01,9.471952998899378917e-01,9.801006102259466335e-01,9.268731592450308865e-01
9.700541933909426762e-01,8.658813277630101890e-01,8.822007560401488035e-01,8.853801822953232259e-01,8.931509595218026787e-01,9.067740435200853932e-01,8.613970586850141498e-01,9.310475539871048145e-01,9.685599300028278069e-01,8.815672439426202045e-01,8.952606309971626874e-01,8.783503641794221384e-01,8.948875571705204868e-01,9.700565164001706542e-01,8.656149007646899429e-01,8.708870696879272844e-01,8.794384773776663389e-01,9.582815255061806203e-01,9.797925878078111994e-01,8.693921726144752116e-01,8.900248350735519010e-01,8.903486581394064459e-01,8.644898814355737038e-01,8.664003991401064697e-01,8.805990619093869709e-01,9.177558116640718300e-01,9.801730203934286845e-01,8.740573800564007678e-01,9.285687450968564960e-01,8.757201559956048209e-01,8.795142538548407218e-01,9.539984828279690632e-01,1.000000000000000000e+00,8.632419845389727175e-01,8.647210714529902642e-01,8.859324774461919683e-01,9.786300049326228656e-01,9.638939828019806866e-01,9.588636014540935504e-01
8.799713706729290763e-01,9.706281829741242317e-01,9.607048659775461186e-01,9.610888152357272007e-01,9.377116008682657711e-01,8.890829880496010640e-01,9.748909416215166823e-01,8.956035548221803477e-01,8.465829230226717961e-01,9.644292294176901592e-01,9.314818427243184429e-01,9.672126312704094619e-01,9.463475380706478646e-01,8.776332246060031261e-01,9.853623862778375653e-01,9.811092969242758421e-01,9.702390975513826010e-01,8.719260913374765609e-01,8.696665565096998174e-01,9.834403945240244305e-01,9.531362300805797938e-01,9.474117658887409865e-01,9.727305762558239310e-01,9.853642377710672973e-01,9.673902996069854154e-01,9.114457432734889286e-01,8.613401293347883181e-01,9.713698264366672497e-01,8.998177751283066295e-01,9.259317831564917167e-01,9.634960687686979774e-01,8.736842762456012990e-01,8.632419845389727175e-01,1.000000000000000000e+00,9.855078564751692527e-01,9.597331474328447687e-01,8.605821315042471165e-01,8.749744948042418313e-01,8.439506592246316385e-01
8.806658015184271049e-01,9.710522032685265925e-01,9.600197251427080580e-01,9.599162733007043924e-01,9.382265210418726520e-01,8.919855717266372830e-01,9.752830902225890775e-01,8.962884950834488773e-01,8.484906872189008631e-01,9.637755372934455611e-01,9.324675461979101687e-01,9.658521532192365644e-01,9.462306554710030460e-01,8.785815307426012577e-01,9.855120765530490656e-01,9.807512889137103285e-01,9.694831221656173836e-01,8.717836079176984887e-01,8.707604546744617258e-01,9.831688822453705789e-01,9.531594787563383298e-01,9.470157274083772503e-01,9.735264476871796635e-01,9.852671877703491621e-01,9.669187677383004331e-01,9.121550410008408827e-01,8.626670773791313973e-01,9.705233616366574223e-01,8.998619613977089093e-01,9.240579684583383191e-01,9.623695518849419983e-01,8.738767640953415405e-01,8.647210714529902642e-01,9.855078564751692527e-01,1.000000000000000000e+00,9.595685917509567675e-01,8.621698327851010646e-01,8.753403196880122916e-01,8.460179027547116704e-01
9.036040309560791073e-01,9.496942715611744745e-01,9.843711170585807135e-01,9.822158728454742915e-01,9.585844606250321087e-01,8.844976876125277832e-01,9.508793784848134090e-01,9.240985365073488556e-01,8.665351490299338932e-01,9.825274842104160244e-01,9.546078867392810974e-01,9.745485594241078964e-01,9.696471036023265322e-01,9.018725170132295688e-01,9.600856599375721112e-01,9.663812921903766062e-01,9.739292394863843239e-01,8.966631609331869868e-01,8.906486676010560988e-01,9.635950227708927063e-01,9.776175941297172711e-01,9.678946446125555880e-01,9.501677884965907817e-01,9.606776966044703325e-01,9.731681427730963785e-01,9.340099900824269108e-01,8.842547404870165773e-01,9.714840094048303731e-01,9.256948937449568371e-01,9.137688629049227629e-01,9.785152378848884780e-01,8.979665860345584782e-01,8.859324774461919683e-01,9.597331474328447687e-01,9.595685917509567675e-01,1.000000000000000000e+00,8.819139197745550218e-01,8.997876310824214352e-01,8.613776863050049970e-01
9.625964637032273785e-01,8.606374581166182924e-01,8.775145171832801072e-01,8.815831863981545835e-01,8.868703280575516157e-01,9.108179397517616183e-01,8.558895318763606319e-01,9.264979884850864655e-01,9.760424335397154261e-01,8.778883905191489090e-01,8.882723146113257195e-01,8.746559836559788526e-01,8.886564053801575547e-01,9.627893089310725072e-01,8.638151026520421993e-01,8.681364007528945548e-01,8.758749803514506160e-01,9.514466016658689185e-01,9.814695166971885154e-01,8.673759651805857951e-01,8.865445873864178372e-01,8.846887721774350233e-01,8.594073660022574224e-01,8.642456968251992500e-01,8.773517871732918749e-01,9.090526562292003954e-01,9.830083016106809790e-01,8.705900254680949413e-01,9.214819274918306657e-01,8.699575482862799136e-01,8.762304719536244679e-01,9.471952998899378917e-01,9.786300049326228656e-01,8.605821315042471165e-01,8.621698327851010646e-01,8.819139197745550218e-01,1.000000000000000000e+00,9.570447913196042933e-01,9.673286508997328559e-01
9.799066870264144802e-01,8.722889287392486812e-01,8.971481993266887667e-01,9.009547303417876352e-01,9.090248729966250441e-01,8.995365053466736205e-01,8.707127632805617967e-01,9.524135491936979170e-01,9.473618431160302222e-01,8.945465321620373889e-01,9.089626966812802689e-01,8.939707461599091243e-01,9.088436722730036665e-01,9.804493617144687256e-01,8.763650232288141551e-01,8.833414636738227133e-01,8.949316424372130152e-01,9.820591184953445518e-01,9.602341633231250562e-01,8.818685050871659659e-01,9.047761048847198229e-01,9.055475926322117397e-01,8.730368317134682421e-01,8.780099706882729116e-01,8.939143817720934804e-01,9.347058499031694057e-01,9.583422152221939827e-01,8.899169900312325909e-01,9.470748833928943622e-01,8.806337722561733417e-01,8.954254252338976761e-01,9.801006102259466335e-01,9.638939828019806866e-01,8.749744948042418313e-01,8.753403196880122916e-01,8.997876310824214352e-01,9.570447913196042933e-01,1.000000000000000000e+00,9.384478071162507540e-01
9.432330958269374843e-01,8.455948913263423572e-01,8.577152463782358183e-01,8.619359912393182999e-01,8.624992821637701423e-01,9.187951883017662080e-01,8.396860820173389639e-01,9.075212274241701849e-01,9.799799254457883801e-01,8.599341063176679789e-01,8.640236344612972630e-01,8.573380567843601474e-01,8.638508121123287253e-01,9.453539309319975992e-01,8.461858252454635965e-01,8.511436514840075018e-01,8.586066182598542929e-01,9.335911636324368823e-01,9.678265789294987487e-01,8.506722850807391101e-01,8.634860068310928893e-01,8.609506316995558795e-01,8.464535056079874886e-01,8.479517212661541459e-01,8.591564254917046783e-01,8.842843202547768788e-01,9.647069269249749501e-01,8.556098169175838652e-01,9.029778313200746975e-01,8.676889024215195256e-01,8.572803745194871317e-01,9.268731592450308865e-01,9.588636014540935504e-01,8.439506592246316385e-01,8.460179027547116704e-01,8.613776863050049970e-01,9.673286508997328559e-01,9.384478071162507540e-01,1.000000000000000000e+00
