1.000000000000000000e+00,6.557415399749499940e-01,4.029708074544862129e-01,3.725971725692957537e-01,6.302451068368961629e-01,-1.037484687135321881e-01,2.960215297254422673e-01,-3.176420649176079358e-01,6.914513369675826526e-01,6.427171212244665588e-01,-4.601129508765895021e-02,-1.039329679834585518e-01,-3.188342277815467418e-01,5.898950884954862195e-01,-1.251395221690067561e-01,6.269164773092087417e-01,2.735894968777509151e-01,8.265497447004833964e-02,5.273461094558943296e-01,3.608905686184685213e-01,1.374086246466235950e-01,1.654074768862311973e-01,5.877366471919653890e-01,3.742998202840674415e-01,7.700714835401673009e-01,7.764919373746733688e-01,4.897947216461086550e-01,4.902279884732915205e-01,6.776512166861832220e-01,7.278500578085748129e-01,5.014611370455628325e-01,3.125797107391817820e-01,3.022423465770659456e-01,3.463393702627821091e-01,4.472452500711764367e-01,4.866626483173386863e-01,5.670346018280568723e-01,7.505152974026997326e-01,3.303205768805891895e-01
6.557415399749499940e-01,1.000000000000000000e+00,4.584643738339215235e-01,1.069668324789856406e-01,6.972740039657444600e-01,1.252095952068228157e-01,1.380539951091357687e-01,-3.910584807869532109e-01,6.407679267726112959e-01,8.163191652201255977e-01,2.632033663826276459e-01,2.437863773410055279e-02,-4.064300018775763856e-01,6.330670747743272209e-01,-4.025010230447582243e-02,8.146519121040670663e-01,2.776853129373427764e-01,-2.872087624219553728e-02,3.408784141144152180e-01,1.770725502516266869e-01,1.609499885903513117e-01,2.451628048462877185e-01,6.951256040671444092e-01,4.012483809527603307e-01,7.002873908227830180e-01,6.895563204902730448e-01,6.484714832953455410e-01,3.084345912882366370e-01,6.435306863368587260e-01,7.629903322122794096e-01,6.501652621268900756e-01,6.834437549321048522e-01,3.963444368292895481e-01,4.506637945918849919e-01,6.122693997573551705e-01,7.058641310523217083e-01,7.365131817850685270e-01,3.997814277681062123e-01,3.427773673739935023e-01
4.029708074544862129e-01,4.584643738339215235e-01,1.000000000000000000e+00,-2.265755506941164177e-01,6.842239080468835999e-01,1.216261738738175086e-01,-4.583313235507310845e-02,-8.928524308088812145e-01,4.743028227927600371e-01,5.576445114656483071e-01,3.183851280675495388e-01,2.945645970993842067e-01,-3.726965185286304494e-01,5.786132178269376425e-01,1.839775739255488374e-01,5.542329421593885641e-01,4.246401148131311865e-01,-3.033160630657752432e-01,1.366906166023426905e-01,1.168431422995670488e-01,6.403192729961270091e-01,3.874033473689303397e-01,5.787396079994001630e-01,4.480102740227774882e-01,5.259776624905527775e-01,5.065244238310232516e-01,5.292812117348314471e-01,3.826249818859566720e-01,2.598996854942723367e-01,5.761035517552594021e-01,6.491675194063999399e-01,4.658207825527766466e-01,6.627137615548704952e-01,6.424785708154733266e-01,5.397129194198221347e-01,4.224056890322901436e-01,4.475314871486250623e-01,3.342357975415859994e-01,2.339114913281689911e-01
3.725971725692957537e-01,1.069668324789856406e-01,-2.265755506941164177e-01,1.000000000000000000e+00,6.997839057308134769e-02,-8.365338634396855821e-02,2.256429962338019346e-01,2.482162710482765655e-01,2.046594738792200663e-01,9.799805409222479835e-02,-2.039557667065783897e-01,-3.024484128313746356e-01,2.846806496093681749e-02,9.543562092775155492e-02,-3.005735313227919092e-01,1.072913342666752118e-01,-3.374119556730025699e-02,2.704263476928169263e-01,2.328069384752413651e-01,2.107956115117768092e-01,-2.954460592682588982e-01,-1.394011972493746088e-01,9.035075933847216967e-02,1.708597054148880065e-02,2.592960941575822575e-01,1.573000921845580102e-01,-4.748738402392392588e-02,9.280918786460415348e-02,2.020864515673816697e-01,1.762791811191533609e-01,-7.568973223081450208e-02,-1.331340835438446224e-01,-3.000228756974172017e-01,-2.007673713714829278e-01,-5.793710652327904026e-02,7.132443202423481565e-02,-1.001604434707084254e-02,3.186025933084842832e-01,1.892054580824330534e-01
6.302451068368961629e-01,6.972740039657444600e-01,6.842239080468835999e-01,6.997839057308134769e-02,1.000000000000000000e+00,2.048652374656106667e-01,7.730317873439618293e-02,-6.095237685413069650e-01,7.726226384841897721e-01,7.232540991536553499e-01,3.008623433504363232e-01,8.307051885503495547e-02,-5.351093327575744407e-01,8.021928368130002429e-01,3.087936045562223938e-02,7.236304889370631654e-01,4.714134680122506471e-01,-1.532733734622269972e-01,3.296039787199666060e-01,7.088597957335313060e-02,2.635182232648961009e-01,1.604130567557333353e-01,7.144030831201109155e-01,5.214359516884876644e-01,7.414569790997166399e-01,7.231236716576840973e-01,6.208314605056571844e-01,3.879332134508705621e-01,5.518986338290776672e-01,7.507608065312704193e-01,7.574741807472942234e-01,6.263994059220296950e-01,6.262796492988805808e-01,5.891977790904047163e-01,6.511056354210607022e-01,5.835384542345852799e-01,6.486852621612150260e-01,5.511472855031493978e-01,4.047945345270390627e-01
-1.037484687135321881e-01,1.252095952068228157e-01,1.216261738738175086e-01,-8.365338634396855821e-02,2.048652374656106667e-01,1.000000000000000000e+00,1.073466053241403928e-01,-6.550503183809844310e-02,-7.630857910042821053e-03,2.311764705116508278e-01,7.556516101009820296e-01,-7.083164642333281136e-02,-1.173231475344171243e-01,1.809574654548070927e-01,2.982411605108970520e-01,1.703582461360239053e-01,6.563538285608184752e-01,1.984630468174888029e-01,1.872262298407122508e-02,-3.280037048723867532e-02,1.354780905617744280e-01,5.198126881283608725e-02,1.376488877454981052e-01,9.642909977702525393e-02,1.473003907851976324e-01,1.340351365682529716e-01,2.801982071747059488e-01,1.801907616706125981e-01,1.852340682165649066e-01,4.299571151618872267e-02,3.472642321702619217e-01,5.188544011408022794e-01,3.505207244782947429e-01,2.201346436158941600e-01,4.074120457689280883e-01,2.729596818574915318e-01,2.776666415325778625e-01,-1.671681271298484928e-01,1.552735597786013104e-02
2.960215297254422673e-01,1.380539951091357687e-01,-4.583313235507310845e-02,2.256429962338019346e-01,7.730317873439618293e-02,1.073466053241403928e-01,1.000000000000000000e+00,1.804937840358800671e-01,1.040597472347602470e-01,1.853255015209938072e-01,5.847889528793345087e-02,-1.887618174150582639e-01,3.593876186144163709e-01,9.483724279534337664e-02,3.631853567472319022e-01,1.404661828393243272e-01,1.921340639178108767e-01,4.252159456793448977e-01,4.340041772650944374e-01,3.549006178356604035e-01,-1.304024421451933646e-01,1.182270319425966637e-01,2.814770128488830112e-02,-1.280737038179997067e-01,1.542191307021780478e-01,2.721711791374454847e-01,2.120767272299247941e-01,5.007800572801182071e-01,2.172928759781511954e-01,9.222243546588357321e-02,6.954800445017968180e-02,3.970244916270904839e-02,4.069958038882646491e-03,2.838098364091776182e-01,3.730050429657961325e-02,1.585275649857907088e-01,8.870457998403889766e-02,2.502940537327563164e-01,4.408639865622793197e-02
-3.176420649176079358e-01,-3.910584807869532109e-01,-8.928524308088812145e-01,2.482162710482765655e-01,-6.095237685413069650e-01,-6.550503183809844310e-02,1.804937840358800671e-01,1.000000000000000000e+00,-4.113314765700599729e-01,-4.673576267153473074e-01,-2.718659152661833112e-01,-2.987425343414961132e-01,4.177200590365350852e-01,-4.987278204055787811e-01,-5.849588130212100834e-02,-4.825881633069679100e-01,-3.282967565039282554e-01,4.078225081358123338e-01,-1.401638364812820940e-02,-4.737469013630993264e-02,-6.775417363313398500e-01,-3.700348037404080914e-01,-5.419647608712424569e-01,-4.552268168252998071e-01,-4.499800059137019637e-01,-4.045573433618699366e-01,-4.620032402982065523e-01,-2.357772832272840846e-01,-1.618480268841547831e-01,-5.178530256735184301e-01,-5.837348084630405998e-01,-4.075855779641240351e-01,-6.053080837395528047e-01,-5.232948919397152343e-01,-4.674744273552369767e-01,-3.321334957762023254e-01,-3.673746771002148193e-01,-2.478677904885494554e-01,-2.333811667179847282e-01
6.914513369675826526e-01,6.407679267726112959e-01,4.743028227927600371e-01,2.046594738792200663e-01,7.726226384841897721e-01,-7.630857910042821053e-03,1.040597472347602470e-01,-4.113314765700599729e-01,1.000000000000000000e+00,5.803005109768012426e-01,7.278923993237891577e-02,8.793264238346679487e-03,-5.181668984566145664e-01,8.139452949497789636e-01,-1.012848671865986816e-01,6.209061081383943081e-01,3.268975789653574271e-01,-7.681620735015244616e-02,4.299657898072518081e-01,-3.603552872011379915e-02,1.361865328195851176e-02,-1.078291460484521458e-01,7.496634668687941483e-01,6.040162785187569439e-01,7.510874082711331834e-01,6.443943901794613183e-01,4.545129604061995399e-01,2.556218034202078493e-01,5.048072998188170013e-01,7.209941594735574943e-01,6.219383455495826052e-01,4.526410375362980854e-01,4.210042316686931629e-01,3.699304599915689273e-01,5.234848481126848085e-01,4.018000849124852558e-01,5.416259429497084499e-01,6.284750998169884584e-01,4.448420500877505179e-01
6.427171212244665588e-01,8.163191652201255977e-01,5.576445114656483071e-01,9.799805409222479835e-02,7.232540991536553499e-01,2.311764705116508278e-01,1.853255015209938072e-01,-4.673576267153473074e-01,5.803005109768012426e-01,1.000000000000000000e+00,3.452173251518381170e-01,-3.036084098946092297e-03,-3.878156726172996005e-01,6.018525482635789237e-01,4.195585407363658370e-02,8.992910059324089600e-01,4.164343538974305536e-01,2.595623458313120815e-02,4.206391609539911758e-01,2.765025091739756191e-01,2.939511986720442782e-01,3.419609058931009082e-01,6.479961895251276083e-01,3.000451010656860484e-01,6.777519991962408508e-01,7.574374589285073345e-01,6.846069965084167208e-01,4.290153654331707034e-01,6.706038120752753073e-01,8.124173293216382374e-01,6.782904146103366783e-01,6.987907382502714926e-01,4.029841882253744623e-01,4.789973864809807247e-01,6.697403217905398831e-01,8.125388753896535254e-01,7.392500062373061898e-01,4.867614418043127444e-01,3.622534874867794352e-01
-4.601129508765895021e-02,2.632033663826276459e-01,3.183851280675495388e-01,-2.039557667065783897e-01,3.008623433504363232e-01,7.556516101009820296e-01,5.847889528793345087e-02,-2.718659152661833112e-01,7.278923993237891577e-02,3.452173251518381170e-01,1.000000000000000000e+00,-5.026778684229681743e-02,-2.227923257887524100e-01,2.616956703472034795e-01,3.269122575770986305e-01,3.135761210957703771e-01,6.923550343417517183e-01,3.900278408421574416e-02,-3.370869955328716777e-02,-7.787401858513932906e-02,2.854935726602551016e-01,1.425183043617470335e-01,2.968209490184862132e-01,1.853783506495286781e-01,1.913056252384953970e-01,1.795443771235675501e-01,4.083697876656122716e-01,1.476090920727364530e-01,1.046218956231607933e-01,1.893414706938257031e-01,4.622363939871611538e-01,5.953970786354605416e-01,3.959440874893784268e-01,3.183582273174843658e-01,5.489828481430585327e-01,3.998375223172831450e-01,3.442306529466210296e-01,-9.800095600561070652e-02,2.306023616407705534e-01
-1.039329679834585518e-01,2.437863773410055279e-02,2.945645970993842067e-01,-3.024484128313746356e-01,8.307051885503495547e-02,-7.083164642333281136e-02,-1.887618174150582639e-01,-2.987425343414961132e-01,8.793264238346679487e-03,-3.036084098946092297e-03,-5.026778684229681743e-02,1.000000000000000000e+00,1.563270320933799473e-01,1.320439077295161023e-01,3.070626673407316765e-01,-1.272622525418310585e-02,7.149677004265865554e-02,-3.393339854663054295e-02,-1.780069065115358340e-01,-4.303070732131633949e-03,2.478839381251328466e-01,2.420976622165584291e-01,5.594820860278096331e-02,2.309476464043939969e-01,3.615551546357119450e-02,-1.110662571565679407e-01,-3.450883366612015474e-02,1.784554271056591479e-01,-1.582899692764384025e-01,5.507092488484436471e-02,7.567273654474963862e-02,-4.939958956776182436e-02,2.306364855206733400e-01,3.645379242531142094e-01,-9.171217294011270449e-02,-6.145745965999145632e-02,-1.199688396323113637e-01,-2.636215420427431844e-01,-3.091823129805538195e-01
-3.188342277815467418e-01,-4.064300018775763856e-01,-3.726965185286304494e-01,2.846806496093681749e-02,-5.351093327575744407e-01,-1.173231475344171243e-01,3.593876186144163709e-01,4.177200590365350852e-01,-5.181668984566145664e-01,-3.878156726172996005e-01,-2.227923257887524100e-01,1.563270320933799473e-01,1.000000000000000000e+00,-4.311342403380387656e-01,3.784878842558540568e-01,-4.264640281372606423e-01,-1.780637337848118007e-01,4.391677806853968025e-01,-1.018653376616629469e-01,2.142813415213827288e-01,-2.179836142227124240e-01,9.166790810686220592e-02,-4.927264029676391432e-01,-4.123313310234919538e-01,-4.122231018719130224e-01,-4.394633884538737822e-01,-3.714127560406396134e-01,1.726466919169138969e-01,-3.906189460553959880e-01,-4.726534251545095322e-01,-5.819165887379802449e-01,-5.230939846838479346e-01,-3.999308326609735675e-01,-1.316853693763066734e-02,-5.546149524110448592e-01,-3.136995575275360881e-01,-5.335783628886930918e-01,-3.526938704901309563e-01,-3.790994087241579269e-01
5.898950884954862195e-01,6.330670747743272209e-01,5.786132178269376425e-01,9.543562092775155492e-02,8.021928368130002429e-01,1.809574654548070927e-01,9.483724279534337664e-02,-4.987278204055787811e-01,8.139452949497789636e-01,6.018525482635789237e-01,2.616956703472034795e-01,1.320439077295161023e-01,-4.311342403380387656e-01,1.000000000000000000e+00,9.454672664561025730e-02,6.238194085075766671e-01,4.926678329061795480e-01,-6.613493259051662909e-02,3.825583449687953164e-01,-5.539785207241455789e-02,1.074322886214840456e-01,-5.942917388390456940e-02,7.833667454144930264e-01,6.938900446595900329e-01,7.599094740983894924e-01,5.706904774122091295e-01,4.497432718241903826e-01,2.816111886136719034e-01,4.331700739516300969e-01,7.064881991383148430e-01,6.385146651311063293e-01,5.329436702411420868e-01,5.404821099259840000e-01,5.430207343588208113e-01,5.776783599735680896e-01,4.450268888564095082e-01,5.397490683276361390e-01,4.949725839705643726e-01,3.834787576926063646e-01
-1.251395221690067561e-01,-4.025010230447582243e-02,1.839775739255488374e-01,-3.005735313227919092e-01,3.087936045562223938e-02,2.982411605108970520e-01,3.631853567472319022e-01,-5.849588130212100834e-02,-1.012848671865986816e-01,4.195585407363658370e-02,3.269122575770986305e-01,3.070626673407316765e-01,3.784878842558540568e-01,9.454672664561025730e-02,1.000000000000000000e+00,-2.628299686299333596e-02,3.703400307324137275e-01,1.958665008166328714e-01,1.820488991672149226e-01,1.782318331946969037e-01,1.700923519174874776e-01,2.523066498865715879e-01,-5.357755423395717254e-02,-9.924889317943799000e-03,-4.071016286970638443e-02,1.553532551600023126e-02,1.594183542091675287e-01,4.854717827123192220e-01,-7.933277319702446151e-02,-6.532611588933719127e-02,1.714745183200065970e-01,9.312030602567977766e-02,3.357373650340260141e-01,5.764325340226172933e-01,5.721939867320214451e-02,9.839894846888881663e-02,-3.275165635862973407e-02,-1.073511908053330494e-01,-1.277935777336902112e-01
6.269164773092087417e-01,8.146519121040670663e-01,5.542329421593885641e-01,1.072913342666752118e-01,7.236304889370631654e-01,1.703582461360239053e-01,1.404661828393243272e-01,-4.825881633069679100e-01,6.209061081383943081e-01,8.992910059324089600e-01,3.135761210957703771e-01,-1.272622525418310585e-02,-4.264640281372606423e-01,6.238194085075766671e-01,-2.628299686299333596e-02,1.000000000000000000e+00,3.596310406462707721e-01,-3.300744814671417726e-02,3.779390972560046635e-01,2.057629074730119856e-01,2.467778716227394809e-01,2.935439733762481573e-01,6.895857443772794859e-01,3.471697789483773056e-01,6.643041130948136308e-01,7.228257189602024235e-01,6.675450566218219528e-01,3.286920795916957183e-01,6.019082830865893907e-01,8.155054787824246310e-01,6.610066613286578185e-01,6.930740201211748053e-01,3.671955127332875990e-01,4.335795697475187116e-01,6.673772278537625224e-01,7.851867390588462836e-01,7.135583966379428489e-01,4.825432528736167126e-01,4.148446475906288344e-01
2.735894968777509151e-01,2.776853129373427764e-01,4.246401148131311865e-01,-3.374119556730025699e-02,4.714134680122506471e-01,6.563538285608184752e-01,1.921340639178108767e-01,-3.282967565039282554e-01,3.268975789653574271e-01,4.164343538974305536e-01,6.923550343417517183e-01,7.149677004265865554e-02,-1.780637337848118007e-01,4.926678329061795480e-01,3.703400307324137275e-01,3.596310406462707721e-01,1.000000000000000000e+00,2.456195476386231757e-01,2.737443155446437348e-01,5.261180814987698184e-02,3.155538311769884863e-01,9.084720150432000485e-02,4.014180841872110328e-01,3.553750886003361753e-01,4.603769601817090940e-01,3.844226387362967845e-01,3.784681830906632682e-01,4.689467146179072121e-01,2.978023238696853037e-01,3.807492095527055254e-01,5.255534597063510338e-01,4.805495177187513733e-01,4.851956173254891036e-01,4.420770562101961065e-01,5.205126072402500581e-01,3.663179188552198040e-01,3.352135032294784600e-01,2.145614790331263899e-01,2.047404002726083416e-01
8.265497447004833964e-02,-2.872087624219553728e-02,-3.033160630657752432e-01,2.704263476928169263e-01,-1.532733734622269972e-01,1.984630468174888029e-01,4.252159456793448977e-01,4.078225081358123338e-01,-7.681620735015244616e-02,2.595623458313120815e-02,3.900278408421574416e-02,-3.393339854663054295e-02,4.391677806853968025e-01,-6.613493259051662909e-02,1.958665008166328714e-01,-3.300744814671417726e-02,2.456195476386231757e-01,1.000000000000000000e+00,3.581150215550918947e-01,1.695719652561073487e-01,-2.517712952919112235e-01,-1.276223234142509141e-02,-1.884629194162480981e-01,-2.134422183008116147e-01,8.344697742995205170e-03,2.477691477768844634e-03,-9.763561986965538231e-02,3.344406931477018063e-01,9.700342769221086126e-02,-5.136035651537910335e-02,-1.537183534872543778e-01,-1.124088292064164135e-01,-2.533920552710024476e-01,-7.332392523156963660e-02,-1.415272228231852780e-01,4.348247233272949097e-02,-1.195247998485627489e-01,-6.940145996301802511e-02,-2.212298906390471886e-01
5.273461094558943296e-01,3.408784141144152180e-01,1.366906166023426905e-01,2.328069384752413651e-01,3.296039787199666060e-01,1.872262298407122508e-02,4.340041772650944374e-01,-1.401638364812820940e-02,4.299657898072518081e-01,4.206391609539911758e-01,-3.370869955328716777e-02,-1.780069065115358340e-01,-1.018653376616629469e-01,3.825583449687953164e-01,1.820488991672149226e-01,3.779390972560046635e-01,2.737443155446437348e-01,3.581150215550918947e-01,1.000000000000000000e+00,2.623678794993413166e-01,3.191077810221939343e-02,5.320719376523200955e-02,2.942634615756137273e-01,1.407860886592277871e-01,4.094285999762355965e-01,5.260773115026581292e-01,3.272800499696704724e-01,4.488221319722480729e-01,4.813967625558797092e-01,4.605686463198543912e-01,3.698042774309305836e-01,2.156387381425823313e-01,1.622323207215027041e-01,2.326350377111258139e-01,2.608295781744046082e-01,3.406905382892310152e-01,3.366091184760085508e-01,5.362174932510304082e-01,2.132193850789451395e-01
3.608905686184685213e-01,1.770725502516266869e-01,1.168431422995670488e-01,2.107956115117768092e-01,7.088597957335313060e-02,-3.280037048723867532e-02,3.549006178356604035e-01,-4.737469013630993264e-02,-3.603552872011379915e-02,2.765025091739756191e-01,-7.787401858513932906e-02,-4.303070732131633949e-03,2.142813415213827288e-01,-5.539785207241455789e-02,1.782318331946969037e-01,2.057629074730119856e-01,5.261180814987698184e-02,1.695719652561073487e-01,2.623678794993413166e-01,1.000000000000000000e+00,2.161798036476675067e-01,6.305944398548942731e-01,4.207419552560147380e-02,-4.765381220432469977e-02,2.012583230965119263e-01,3.876926897267313210e-01,3.461690356589429696e-01,5.373966015411077990e-01,3.685436487272918393e-01,2.048985667313487358e-01,1.305592350391830969e-01,2.925934492648734481e-02,1.278486771055259430e-01,2.904342511447666197e-01,7.237486804750926928e-02,2.187945699207810846e-01,2.223454559457589963e-01,2.786364706161907900e-01,-2.250719227388590649e-01
1.374086246466235950e-01,1.609499885903513117e-01,6.403192729961270091e-01,-2.954460592682588982e-01,2.635182232648961009e-01,1.354780905617744280e-01,-1.304024421451933646e-01,-6.775417363313398500e-01,1.361865328195851176e-02,2.939511986720442782e-01,2.854935726602551016e-01,2.478839381251328466e-01,-2.179836142227124240e-01,1.074322886214840456e-01,1.700923519174874776e-01,2.467778716227394809e-01,3.155538311769884863e-01,-2.517712952919112235e-01,3.191077810221939343e-02,2.161798036476675067e-01,1.000000000000000000e+00,5.195806095719808226e-01,1.838634001161386922e-01,1.922990360370964713e-01,2.005715395020922498e-01,3.172443015865823446e-01,4.231362927300624244e-01,3.270746337258095826e-01,1.599532962560343274e-01,2.840389614388449946e-01,4.301488009774732113e-01,2.706703450687730217e-01,5.143515533550107044e-01,3.735070768611375991e-01,2.932974410285851818e-01,2.311215127665479374e-01,2.478382438674699428e-01,8.968168353417867167e-02,1.036500469005119211e-02
1.654074768862311973e-01,2.451628048462877185e-01,3.874033473689303397e-01,-1.394011972493746088e-01,1.604130567557333353e-01,5.198126881283608725e-02,1.182270319425966637e-01,-3.700348037404080914e-01,-1.078291460484521458e-01,3.419609058931009082e-01,1.425183043617470335e-01,2.420976622165584291e-01,9.166790810686220592e-02,-5.942917388390456940e-02,2.523066498865715879e-01,2.935439733762481573e-01,9.084720150432000485e-02,-1.276223234142509141e-02,5.320719376523200955e-02,6.305944398548942731e-01,5.195806095719808226e-01,1.000000000000000000e+00,4.484480347662035682e-02,-1.922411382136954977e-02,1.120696055745544345e-01,3.077725948864551975e-01,4.890344208757461120e-01,4.742902458811182886e-01,1.465675313984102224e-01,2.358993524461991953e-01,3.063632110984006451e-01,1.851028614571253450e-01,2.960698817718720455e-01,4.414917725720805541e-01,1.617886967367964390e-01,3.328679956326524580e-01,1.969998152753477116e-01,4.002568903042182796e-02,-1.434612395406728858e-01
5.877366471919653890e-01,6.951256040671444092e-01,5.787396079994001630e-01,9.035075933847216967e-02,7.144030831201109155e-01,1.376488877454981052e-01,2.814770128488830112e-02,-5.419647608712424569e-01,7.496634668687941483e-01,6.479961895251276083e-01,2.968209490184862132e-01,5.594820860278096331e-02,-4.927264029676391432e-01,7.833667454144930264e-01,-5.357755423395717254e-02,6.895857443772794859e-01,4.014180841872110328e-01,-1.884629194162480981e-01,2.942634615756137273e-01,4.207419552560147380e-02,1.838634001161386922e-01,4.484480347662035682e-02,1.000000000000000000e+00,7.083115782745362798e-01,7.727397922189433999e-01,5.577718672024873925e-01,5.056518735583266366e-01,1.853919928208659640e-01,4.517692241063013259e-01,7.423554602320100448e-01,6.223391971102625320e-01,5.758670920816336691e-01,4.754918696230466257e-01,4.303177177007353471e-01,6.175631436586793699e-01,4.769957225012471658e-01,6.035236721810783855e-01,4.872755509182449818e-01,4.643781506880697019e-01
3.742998202840674415e-01,4.012483809527603307e-01,4.480102740227774882e-01,1.708597054148880065e-02,5.214359516884876644e-01,9.642909977702525393e-02,-1.280737038179997067e-01,-4.552268168252998071e-01,6.040162785187569439e-01,3.000451010656860484e-01,1.853783506495286781e-01,2.309476464043939969e-01,-4.123313310234919538e-01,6.938900446595900329e-01,-9.924889317943799000e-03,3.471697789483773056e-01,3.553750886003361753e-01,-2.134422183008116147e-01,1.407860886592277871e-01,-4.765381220432469977e-02,1.922990360370964713e-01,-1.922411382136954977e-02,7.083115782745362798e-01,1.000000000000000000e+00,6.191451212730723075e-01,3.255940169212196977e-01,3.374861631590453936e-01,6.502133071714423507e-02,2.334614361445272734e-01,4.842223241297337055e-01,4.795065548795569565e-01,3.568438518731149589e-01,5.179467529941650383e-01,3.512640371929658389e-01,4.266411229989362508e-01,1.254491963770290042e-01,3.690071523451147750e-01,2.993640689831603696e-01,2.673461836731909624e-01
7.700714835401673009e-01,7.002873908227830180e-01,5.259776624905527775e-01,2.592960941575822575e-01,7.414569790997166399e-01,1.473003907851976324e-01,1.542191307021780478e-01,-4.499800059137019637e-01,7.510874082711331834e-01,6.777519991962408508e-01,1.913056252384953970e-01,3.615551546357119450e-02,-4.122231018719130224e-01,7.599094740983894924e-01,-4.071016286970638443e-02,6.643041130948136308e-01,4.603769601817090940e-01,8.344697742995205170e-03,4.094285999762355965e-01,2.012583230965119263e-01,2.005715395020922498e-01,1.120696055745544345e-01,7.727397922189433999e-01,6.191451212730723075e-01,1.000000000000000000e+00,6.962444655546511374e-01,5.036347792411497437e-01,4.234525633210375894e-01,6.299904493058841037e-01,7.389323551616818753e-01,6.124984884626322179e-01,4.632947951686655630e-01,4.977826620796731993e-01,4.603608095299365210e-01,5.573743433052193996e-01,4.796549801481397868e-01,6.165065699373042385e-01,5.888625429682091683e-01,3.110517155092639707e-01
7.764919373746733688e-01,6.895563204902730448e-01,5.065244238310232516e-01,1.573000921845580102e-01,7.231236716576840973e-01,1.340351365682529716e-01,2.721711791374454847e-01,-4.045573433618699366e-01,6.443943901794613183e-01,7.574374589285073345e-01,1.795443771235675501e-01,-1.110662571565679407e-01,-4.394633884538737822e-01,5.706904774122091295e-01,1.553532551600023126e-02,7.228257189602024235e-01,3.844226387362967845e-01,2.477691477768844634e-03,5.260773115026581292e-01,3.876926897267313210e-01,3.172443015865823446e-01,3.077725948864551975e-01,5.577718672024873925e-01,3.255940169212196977e-01,6.962444655546511374e-01,1.000000000000000000e+00,7.404654173792365457e-01,5.608058548208828542e-01,7.948026413651795297e-01,7.408896859983875594e-01,7.212613141455566090e-01,5.976111678056051923e-01,5.229118096846603336e-01,4.800993673699477937e-01,6.598510182481712727e-01,6.445237382114354929e-01,7.706796562300733955e-01,7.049005791623179640e-01,2.943333232044307302e-01
4.897947216461086550e-01,6.484714832953455410e-01,5.292812117348314471e-01,-4.748738402392392588e-02,6.208314605056571844e-01,2.801982071747059488e-01,2.120767272299247941e-01,-4.620032402982065523e-01,4.545129604061995399e-01,6.846069965084167208e-01,4.083697876656122716e-01,-3.450883366612015474e-02,-3.714127560406396134e-01,4.497432718241903826e-01,1.594183542091675287e-01,6.675450566218219528e-01,3.784681830906632682e-01,-9.763561986965538231e-02,3.272800499696704724e-01,3.461690356589429696e-01,4.231362927300624244e-01,4.890344208757461120e-01,5.056518735583266366e-01,3.374861631590453936e-01,5.036347792411497437e-01,7.404654173792365457e-01,1.000000000000000000e+00,4.775214347126618963e-01,5.610192221649346056e-01,6.056811979197936902e-01,7.640017269709137304e-01,7.048855239522635596e-01,5.900232690691500359e-01,5.638028096386663579e-01,6.842719727875841151e-01,6.680554564294800546e-01,7.109171808274683535e-01,4.169334036935289367e-01,3.562825323202701289e-01
4.902279884732915205e-01,3.084345912882366370e-01,3.826249818859566720e-01,9.280918786460415348e-02,3.879332134508705621e-01,1.801907616706125981e-01,5.007800572801182071e-01,-2.357772832272840846e-01,2.556218034202078493e-01,4.290153654331707034e-01,1.476090920727364530e-01,1.784554271056591479e-01,1.726466919169138969e-01,2.816111886136719034e-01,4.854717827123192220e-01,3.286920795916957183e-01,4.689467146179072121e-01,3.344406931477018063e-01,4.488221319722480729e-01,5.373966015411077990e-01,3.270746337258095826e-01,4.742902458811182886e-01,1.853919928208659640e-01,6.502133071714423507e-02,4.234525633210375894e-01,5.608058548208828542e-01,4.775214347126618963e-01,1.000000000000000000e+00,4.221984286594927527e-01,3.774069059654290847e-01,4.240776901361373308e-01,1.826831650774852489e-01,4.022443375257986897e-01,6.389539554736843874e-01,2.584233816916122750e-01,3.648631112701009038e-01,2.912349316138037603e-01,4.053685961489762457e-01,1.153390737905702138e-02
6.776512166861832220e-01,6.435306863368587260e-01,2.598996854942723367e-01,2.020864515673816697e-01,5.518986338290776672e-01,1.852340682165649066e-01,2.172928759781511954e-01,-1.618480268841547831e-01,5.048072998188170013e-01,6.706038120752753073e-01,1.046218956231607933e-01,-1.582899692764384025e-01,-3.906189460553959880e-01,4.331700739516300969e-01,-7.933277319702446151e-02,6.019082830865893907e-01,2.978023238696853037e-01,9.700342769221086126e-02,4.813967625558797092e-01,3.685436487272918393e-01,1.599532962560343274e-01,1.465675313984102224e-01,4.517692241063013259e-01,2.334614361445272734e-01,6.299904493058841037e-01,7.948026413651795297e-01,5.610192221649346056e-01,4.221984286594927527e-01,1.000000000000000000e+00,6.134028952888010977e-01,5.474568210455772466e-01,5.682235468479258644e-01,3.779850099383801898e-01,2.734859103646838374e-01,5.424514123596680948e-01,5.612091143255769632e-01,7.797050270324725751e-01,5.609750278944556356e-01,1.200343370151436689e-01
7.278500578085748129e-01,7.629903322122794096e-01,5.761035517552594021e-01,1.762791811191533609e-01,7.507608065312704193e-01,4.299571151618872267e-02,9.222243546588357321e-02,-5.178530256735184301e-01,7.209941594735574943e-01,8.124173293216382374e-01,1.893414706938257031e-01,5.507092488484436471e-02,-4.726534251545095322e-01,7.064881991383148430e-01,-6.532611588933719127e-02,8.155054787824246310e-01,3.807492095527055254e-01,-5.136035651537910335e-02,4.605686463198543912e-01,2.048985667313487358e-01,2.840389614388449946e-01,2.358993524461991953e-01,7.423554602320100448e-01,4.842223241297337055e-01,7.389323551616818753e-01,7.408896859983875594e-01,6.056811979197936902e-01,3.774069059654290847e-01,6.134028952888010977e-01,1.000000000000000000e+00,6.597040337011217392e-01,5.698853682998830106e-01,3.841292885245969346e-01,4.349868110385777809e-01,5.985231731418634293e-01,7.104897208271402365e-01,6.424393152561165277e-01,5.980339627213335785e-01,4.249944056285600569e-01
5.014611370455628325e-01,6.501652621268900756e-01,6.491675194063999399e-01,-7.568973223081450208e-02,7.574741807472942234e-01,3.472642321702619217e-01,6.954800445017968180e-02,-5.837348084630405998e-01,6.219383455495826052e-01,6.782904146103366783e-01,4.622363939871611538e-01,7.567273654474963862e-02,-5.819165887379802449e-01,6.385146651311063293e-01,1.714745183200065970e-01,6.610066613286578185e-01,5.255534597063510338e-01,-1.537183534872543778e-01,3.698042774309305836e-01,1.305592350391830969e-01,4.301488009774732113e-01,3.063632110984006451e-01,6.223391971102625320e-01,4.795065548795569565e-01,6.124984884626322179e-01,7.212613141455566090e-01,7.640017269709137304e-01,4.240776901361373308e-01,5.474568210455772466e-01,6.597040337011217392e-01,1.000000000000000000e+00,7.441278529930706043e-01,7.156281317919166440e-01,5.939192269699580251e-01,7.518330265285819713e-01,6.019473523310505669e-01,7.086287284964122302e-01,4.370067646522460825e-01,3.753144365654050851e-01
3.125797107391817820e-01,6.834437549321048522e-01,4.658207825527766466e-01,-1.331340835438446224e-01,6.263994059220296950e-01,5.188544011408022794e-01,3.970244916270904839e-02,-4.075855779641240351e-01,4.526410375362980854e-01,6.987907382502714926e-01,5.953970786354605416e-01,-4.939958956776182436e-02,-5.230939846838479346e-01,5.329436702411420868e-01,9.312030602567977766e-02,6.930740201211748053e-01,4.805495177187513733e-01,-1.124088292064164135e-01,2.156387381425823313e-01,2.925934492648734481e-02,2.706703450687730217e-01,1.851028614571253450e-01,5.758670920816336691e-01,3.568438518731149589e-01,4.632947951686655630e-01,5.976111678056051923e-01,7.048855239522635596e-01,1.826831650774852489e-01,5.682235468479258644e-01,5.698853682998830106e-01,7.441278529930706043e-01,1.000000000000000000e+00,5.506125134030157575e-01,4.067161141613437891e-01,7.773710602949878146e-01,6.823955662489920027e-01,7.790562954176571964e-01,2.163381731795714913e-01,3.067125340333042294e-01
3.022423465770659456e-01,3.963444368292895481e-01,6.627137615548704952e-01,-3.000228756974172017e-01,6.262796492988805808e-01,3.505207244782947429e-01,4.069958038882646491e-03,-6.053080837395528047e-01,4.210042316686931629e-01,4.029841882253744623e-01,3.959440874893784268e-01,2.306364855206733400e-01,-3.999308326609735675e-01,5.404821099259840000e-01,3.357373650340260141e-01,3.671955127332875990e-01,4.851956173254891036e-01,-2.533920552710024476e-01,1.622323207215027041e-01,1.278486771055259430e-01,5.143515533550107044e-01,2.960698817718720455e-01,4.754918696230466257e-01,5.179467529941650383e-01,4.977826620796731993e-01,5.229118096846603336e-01,5.900232690691500359e-01,4.022443375257986897e-01,3.779850099383801898e-01,3.841292885245969346e-01,7.156281317919166440e-01,5.506125134030157575e-01,1.000000000000000000e+00,7.022221858220966118e-01,5.754038156704446294e-01,2.911652310442052194e-01,5.602650111820707268e-01,2.635376802289104425e-01,7.470602609729798393e-02
3.463393702627821091e-01,4.506637945918849919e-01,6.424785708154733266e-01,-2.007673713714829278e-01,5.891977790904047163e-01,2.201346436158941600e-01,2.838098364091776182e-01,-5.232948919397152343e-01,3.699304599915689273e-01,4.789973864809807247e-01,3.183582273174843658e-01,3.645379242531142094e-01,-1.316853693763066734e-02,5.430207343588208113e-01,5.764325340226172933e-01,4.335795697475187116e-01,4.420770562101961065e-01,-7.332392523156963660e-02,2.326350377111258139e-01,2.904342511447666197e-01,3.735070768611375991e-01,4.414917725720805541e-01,4.303177177007353471e-01,3.512640371929658389e-01,4.603608095299365210e-01,4.800993673699477937e-01,5.638028096386663579e-01,6.389539554736843874e-01,2.734859103646838374e-01,4.349868110385777809e-01,5.939192269699580251e-01,4.067161141613437891e-01,7.022221858220966118e-01,1.000000000000000000e+00,4.388992336450577847e-01,4.195754892606313735e-01,4.148147562765125973e-01,2.756903717483588645e-01,1.072086822862437783e-01
4.472452500711764367e-01,6.122693997573551705e-01,5.397129194198221347e-01,-5.793710652327904026e-02,6.511056354210607022e-01,4.074120457689280883e-01,3.730050429657961325e-02,-4.674744273552369767e-01,5.234848481126848085e-01,6.697403217905398831e-01,5.489828481430585327e-01,-9.171217294011270449e-02,-5.546149524110448592e-01,5.776783599735680896e-01,5.721939867320214451e-02,6.673772278537625224e-01,5.205126072402500581e-01,-1.415272228231852780e-01,2.608295781744046082e-01,7.237486804750926928e-02,2.932974410285851818e-01,1.617886967367964390e-01,6.175631436586793699e-01,4.266411229989362508e-01,5.573743433052193996e-01,6.598510182481712727e-01,6.842719727875841151e-01,2.584233816916122750e-01,5.424514123596680948e-01,5.985231731418634293e-01,7.518330265285819713e-01,7.773710602949878146e-01,5.754038156704446294e-01,4.388992336450577847e-01,1.000000000000000000e+00,6.446816254181344519e-01,7.889432456200157207e-01,4.395969232430045337e-01,3.972943104180856055e-01
4.866626483173386863e-01,7.058641310523217083e-01,4.224056890322901436e-01,7.132443202423481565e-02,5.835384542345852799e-01,2.729596818574915318e-01,1.585275649857907088e-01,-3.321334957762023254e-01,4.018000849124852558e-01,8.125388753896535254e-01,3.998375223172831450e-01,-6.145745965999145632e-02,-3.136995575275360881e-01,4.450268888564095082e-01,9.839894846888881663e-02,7.851867390588462836e-01,3.663179188552198040e-01,4.348247233272949097e-02,3.406905382892310152e-01,2.187945699207810846e-01,2.311215127665479374e-01,3.328679956326524580e-01,4.769957225012471658e-01,1.254491963770290042e-01,4.796549801481397868e-01,6.445237382114354929e-01,6.680554564294800546e-01,3.648631112701009038e-01,5.612091143255769632e-01,7.104897208271402365e-01,6.019473523310505669e-01,6.823955662489920027e-01,2.911652310442052194e-01,4.195754892606313735e-01,6.446816254181344519e-01,1.000000000000000000e+00,6.731963230276699628e-01,3.818299373082013060e-01,3.922880103281831676e-01
5.670346018280568723e-01,7.365131817850685270e-01,4.475314871486250623e-01,-1.001604434707084254e-02,6.486852621612150260e-01,2.776666415325778625e-01,8.870457998403889766e-02,-3.673746771002148193e-01,5.416259429497084499e-01,7.392500062373061898e-01,3.442306529466210296e-01,-1.199688396323113637e-01,-5.335783628886930918e-01,5.397490683276361390e-01,-3.275165635862973407e-02,7.135583966379428489e-01,3.352135032294784600e-01,-1.195247998485627489e-01,3.366091184760085508e-01,2.223454559457589963e-01,2.478382438674699428e-01,1.969998152753477116e-01,6.035236721810783855e-01,3.690071523451147750e-01,6.165065699373042385e-01,7.706796562300733955e-01,7.109171808274683535e-01,2.912349316138037603e-01,7.797050270324725751e-01,6.424393152561165277e-01,7.086287284964122302e-01,7.790562954176571964e-01,5.602650111820707268e-01,4.148147562765125973e-01,7.889432456200157207e-01,6.731963230276699628e-01,1.000000000000000000e+00,4.764763732391145701e-01,2.465183073793368040e-01
7.505152974026997326e-01,3.997814277681062123e-01,3.342357975415859994e-01,3.186025933084842832e-01,5.511472855031493978e-01,-1.671681271298484928e-01,2.502940537327563164e-01,-2.478677904885494554e-01,6.284750998169884584e-01,4.867614418043127444e-01,-9.800095600561070652e-02,-2.636215420427431844e-01,-3.526938704901309563e-01,4.949725839705643726e-01,-1.073511908053330494e-01,4.825432528736167126e-01,2.145614790331263899e-01,-6.940145996301802511e-02,5.362174932510304082e-01,2.786364706161907900e-01,8.968168353417867167e-02,4.002568903042182796e-02,4.872755509182449818e-01,2.993640689831603696e-01,5.888625429682091683e-01,7.049005791623179640e-01,4.169334036935289367e-01,4.053685961489762457e-01,5.609750278944556356e-01,5.980339627213335785e-01,4.370067646522460825e-01,2.163381731795714913e-01,2.635376802289104425e-01,2.756903717483588645e-01,4.395969232430045337e-01,3.818299373082013060e-01,4.764763732391145701e-01,1.000000000000000000e+00,4.753031045399426224e-01
3.303205768805891895e-01,3.427773673739935023e-01,2.339114913281689911e-01,1.892054580824330534e-01,4.047945345270390627e-01,1.552735597786013104e-02,4.408639865622793197e-02,-2.333811667179847282e-01,4.448420500877505179e-01,3.622534874867794352e-01,2.306023616407705534e-01,-3.091823129805538195e-01,-3.790994087241579269e-01,3.834787576926063646e-01,-1.277935777336902112e-01,4.148446475906288344e-01,2.047404002726083416e-01,-2.212298906390471886e-01,2.132193850789451395e-01,-2.250719227388590649e-01,1.036500469005119211e-02,-1.434612395406728858e-01,4.643781506880697019e-01,2.673461836731909624e-01,3.110517155092639707e-01,2.943333232044307302e-01,3.562825323202701289e-01,1.153390737905702138e-02,1.200343370151436689e-01,4.249944056285600569e-01,3.753144365654050851e-01,3.067125340333042294e-01,7.470602609729798393e-02,1.072086822862437783e-01,3.972943104180856055e-01,3.922880103281831676e-01,2.465183073793368040e-01,4.753031045399426224e-01,1.000000000000000000e+00
