1.000000000000000000e+00,9.771343009580393257e-01,8.638526675236101182e-01,8.642292751781803783e-01,8.700520650314709226e-01,9.738419527519197594e-01,9.671298194838087170e-01,9.282927366874258457e-01,9.657067761125064376e-01,8.616916609799515347e-01,9.204970575818398615e-01,8.582129683505529405e-01,8.548060357075472071e-01,9.500831746175977255e-01,8.614170232310545128e-01,8.600443130476949083e-01,8.996961965364738134e-01,8.886936007442408636e-01,8.925343648013369657e-01,8.624248377856731373e-01,8.908311771131239842e-01,8.643233167127869487e-01,8.640036515165541164e-01,8.551702237701385156e-01,8.454905410580494385e-01,9.493867856970926722e-01,9.358869850814974800e-01,8.694776541557949212e-01,9.628878458703683529e-01,8.647241201207223060e-01,8.502387378053087863e-01,8.677563352606315616e-01,9.763942113019434821e-01,9.413334362454911508e-01,8.684792630252770040e-01,8.655945723784796986e-01,8.977775366875383467e-01,9.707333563325075687e-01,8.471785891706418159e-01
9.771343009580393257e-01,1.000000000000000000e+00,8.716029380469970667e-01,8.716115741360982438e-01,8.789868723346605517e-01,9.809328903035130498e-01,9.769192076161150595e-01,9.350024575601113552e-01,9.752405592534385548e-01,8.691311925783977710e-01,9.298183243726358960e-01,8.652518986838477755e-01,8.623922030451660614e-01,9.581156798386479823e-01,8.682267048445029278e-01,8.672257771836737739e-01,9.086817883094020498e-01,9.018453521589214761e-01,9.052622939012900938e-01,8.680047190244468691e-01,9.041141519437246865e-01,8.709379049486115631e-01,8.709475458384848823e-01,8.625331658863329976e-01,8.520075328473053489e-01,9.577175144901174386e-01,9.445882130497995632e-01,8.801601669486234236e-01,9.550791394109671151e-01,8.718170347811975418e-01,8.580860463215270739e-01,8.775713123864207210e-01,9.653468034570865663e-01,9.315271979150477888e-01,8.757763741313937533e-01,8.723690973048863206e-01,9.089008381163632411e-01,9.611066972831090460e-01,8.544664949380690322e-01
8.638526675236101182e-01,8.716029380469970667e-01,1.000000000000000000e+00,9.831857961497553200e-01,9.690909581726584454e-01,8.737856742127936283e-01,8.802329045190127044e-01,8.888532268341072795e-01,8.800632132352286252e-01,9.832113601792896729e-01,8.992370375247726866e-01,9.758885935735548411e-01,9.696255101127211340e-01,8.941410142659099725e-01,9.767808215835113161e-01,9.847646145602045875e-01,9.180589838849601003e-01,9.289019505794746667e-01,9.265053525875787122e-01,9.804745866903057383e-01,9.245260450448055112e-01,9.828893111693702833e-01,9.851193334275895053e-01,9.706522408317479478e-01,9.551929348766893257e-01,8.950260186614910074e-01,8.938601418911533703e-01,9.568466910756673327e-01,8.628597154750843323e-01,9.851196885013283611e-01,9.687638008899307485e-01,9.654504179244226547e-01,8.563188463193176503e-01,8.709116787067215926e-01,9.755866417321860107e-01,9.804153563940463112e-01,9.244693851978255106e-01,8.630777120646534462e-01,9.540774804799975195e-01
8.642292751781803783e-01,8.716115741360982438e-01,9.831857961497553200e-01,1.000000000000000000e+00,9.662785705898943034e-01,8.735510000179074197e-01,8.799224111918702018e-01,8.865915041954850473e-01,8.796734005687731894e-01,9.808423984904638404e-01,8.982868698985803091e-01,9.781278734034384303e-01,9.720232591119647436e-01,8.926272122721192748e-01,9.789858677582764512e-01,9.820186303731561761e-01,9.153972827888742225e-01,9.257811715284127718e-01,9.222690716976801317e-01,9.833301242680766441e-01,9.211039509180363183e-01,9.853393733737927374e-01,9.831279537018875470e-01,9.730255860336320950e-01,9.575160218074252327e-01,8.934928493817753115e-01,8.909160994338816142e-01,9.540715058019239025e-01,8.621022556325977915e-01,9.831318129932833383e-01,9.709236654147838097e-01,9.626015797615479208e-01,8.545208839239876175e-01,8.692377005829653447e-01,9.738666520085709211e-01,9.788622120613497124e-01,9.211970014305029819e-01,8.613667859618127087e-01,9.566984053068423588e-01
8.700520650314709226e-01,8.789868723346605517e-01,9.690909581726584454e-01,9.662785705898943034e-01,1.000000000000000000e+00,8.796488235792970789e-01,8.877956491338938605e-01,9.023446619966201121e-01,8.877721117227661551e-01,9.681149996756519549e-01,9.130655928353247353e-01,9.639673812794762320e-01,9.565753972928621174e-01,9.035977393353095133e-01,9.651787678337492293e-01,9.696322249381005287e-01,9.290288385107096092e-01,9.390125492017676878e-01,9.362121547464454796e-01,9.645270020056343485e-01,9.348485065255126569e-01,9.670968931753638476e-01,9.692018507735933319e-01,9.588955260268374747e-01,9.423119779209366831e-01,9.039895343766999325e-01,9.034631792114996562e-01,9.716557646908848822e-01,8.627549371271642231e-01,9.686500119806680242e-01,9.545939407029662149e-01,9.818768372064674566e-01,8.616055806199982570e-01,8.688414950092174793e-01,9.796288447698506818e-01,9.726251560410111852e-01,9.351996875849321045e-01,8.653034167291611123e-01,9.410767519261499237e-01
9.738419527519197594e-01,9.809328903035130498e-01,8.737856742127936283e-01,8.735510000179074197e-01,8.796488235792970789e-01,1.000000000000000000e+00,9.763468436893011360e-01,9.331177925442755150e-01,9.754018743076664499e-01,8.711575893524214909e-01,9.264153264967013302e-01,8.665520212911953513e-01,8.653341112563489590e-01,9.554355626011451497e-01,8.693832986836034227e-01,8.698888046924920792e-01,9.123928480855020284e-01,9.055505609321061744e-01,9.086441298855597593e-01,8.688380460639661962e-01,9.085415864803733088e-01,8.723083092637394786e-01,8.739280787349744672e-01,8.654628426714340295e-01,8.594303828253980759e-01,9.565602839427641557e-01,9.432147437601907658e-01,8.824617120986849583e-01,9.524809609745064076e-01,8.746897734070235852e-01,8.626292051895771973e-01,8.788367576141875581e-01,9.625622564334125331e-01,9.352018530714536482e-01,8.781549943801549851e-01,8.755657801914831229e-01,9.136164591323580053e-01,9.584523813804750603e-01,8.615930108689758837e-01
9.671298194838087170e-01,9.769192076161150595e-01,8.802329045190127044e-01,8.799224111918702018e-01,8.877956491338938605e-01,9.763468436893011360e-01,1.000000000000000000e+00,9.461872211909265751e-01,9.836740708599192029e-01,8.796079052700334078e-01,9.386151588870702556e-01,8.728137582768035196e-01,8.686246847787184588e-01,9.674103323531773047e-01,8.759137965838169615e-01,8.770592036165194560e-01,9.227611895565881461e-01,9.169181669702552995e-01,9.195516517235010623e-01,8.754034009571685093e-01,9.188116508146333405e-01,8.798390207047187550e-01,8.807957009843568885e-01,8.689216223086377866e-01,8.604288696592690133e-01,9.675823306996079731e-01,9.564595017658025222e-01,8.925782610614734214e-01,9.459189433919660273e-01,8.811650929549093014e-01,8.651568300334778749e-01,8.884102595467621155e-01,9.552147665858650161e-01,9.228830224562627471e-01,8.880933781572976082e-01,8.829621007303610769e-01,9.227848438901669059e-01,9.508493131706674539e-01,8.623056458171067806e-01
9.282927366874258457e-01,9.350024575601113552e-01,8.888532268341072795e-01,8.865915041954850473e-01,9.023446619966201121e-01,9.331177925442755150e-01,9.461872211909265751e-01,1.000000000000000000e+00,9.448647439759957356e-01,8.894692190059750869e-01,9.699094690809761943e-01,8.885421353798498290e-01,8.787168462776970834e-01,9.686801884010441954e-01,8.902569294942250799e-01,8.873808547867988450e-01,9.513014301192329603e-01,9.385069736843347776e-01,9.415982892591290287e-01,8.897852089005017229e-01,9.417198456882437396e-01,8.905941212039780730e-01,8.901816962050387305e-01,8.798363885961612008e-01,8.674428921914105750e-01,9.695264056970429589e-01,9.781754191530180886e-01,9.126652603378189177e-01,9.101377981469397360e-01,8.892426797123276216e-01,8.734812163628820070e-01,9.065105009840175310e-01,9.147333696606965159e-01,8.894656911838667579e-01,8.979267764215155267e-01,8.911816753290903170e-01,9.457636822462824888e-01,9.099744992282955414e-01,8.696054027828984401e-01
9.657067761125064376e-01,9.752405592534385548e-01,8.800632132352286252e-01,8.796734005687731894e-01,8.877721117227661551e-01,9.754018743076664499e-01,9.836740708599192029e-01,9.448647439759957356e-01,1.000000000000000000e+00,8.788861136684759101e-01,9.365145035747539648e-01,8.739411040908973138e-01,8.703827229241634100e-01,9.685125468421399431e-01,8.765713374875606645e-01,8.762744506815923762e-01,9.213978836743470513e-01,9.149831993392526508e-01,9.174000723384011513e-01,8.750506428588913366e-01,9.169264597788451265e-01,8.792722325765386371e-01,8.801086167055902632e-01,8.705494092570325027e-01,8.620052366415464906e-01,9.689462338889534010e-01,9.554714120432150626e-01,8.922935457988676600e-01,9.434680590318452742e-01,8.803697555911549344e-01,8.664355019837827188e-01,8.885431477598948469e-01,9.528079873592373294e-01,9.235820549579329963e-01,8.867328880866067742e-01,8.827094968077264792e-01,9.215586534209062597e-01,9.494524188617144977e-01,8.641233613664700552e-01
8.616916609799515347e-01,8.691311925783977710e-01,9.832113601792896729e-01,9.808423984904638404e-01,9.681149996756519549e-01,8.711575893524214909e-01,8.796079052700334078e-01,8.894692190059750869e-01,8.788861136684759101e-01,1.000000000000000000e+00,8.994601113409025350e-01,9.723256260924258987e-01,9.650349724618764169e-01,8.948715105988753749e-01,9.733414792717525188e-01,9.839694925350638277e-01,9.175022493244500144e-01,9.280646538021413150e-01,9.248336831619184961e-01,9.775111872944980407e-01,9.231837678081966647e-01,9.803501755472926460e-01,9.829715620084478189e-01,9.662759871700483671e-01,9.506060255680348625e-01,8.957887372222111955e-01,8.951295564069727817e-01,9.548346434973261632e-01,8.599624962219005742e-01,9.827120325971635539e-01,9.642464016527871884e-01,9.647251108107154360e-01,8.540964743459505959e-01,8.683281252812292683e-01,9.762566115142193857e-01,9.824154083298642925e-01,9.227906909322715068e-01,8.608369129811608289e-01,9.494926399485192903e-01
9.204970575818398615e-01,9.298183243726358960e-01,8.992370375247726866e-01,8.982868698985803091e-01,9.130655928353247353e-01,9.264153264967013302e-01,9.386151588870702556e-01,9.699094690809761943e-01,9.365145035747539648e-01,8.994601113409025350e-01,1.000000000000000000e+00,8.979308950176128068e-01,8.898004836225620329e-01,9.567938508499834738e-01,8.994548266478062937e-01,8.974814784780997812e-01,9.653142214711871727e-01,9.530499620685537465e-01,9.557855479919338260e-01,8.995715122200698133e-01,9.561746164670755777e-01,9.013099920905028872e-01,9.001404900135551168e-01,8.917208491867976150e-01,8.820848767116893363e-01,9.574724073351102982e-01,9.644156556478413744e-01,9.261298194337339584e-01,9.092464001999205347e-01,8.993991239335896726e-01,8.847101168027406981e-01,9.165946012744503602e-01,9.072796920075972826e-01,8.873706445793755337e-01,9.099307495144316471e-01,9.032483385652517738e-01,9.583111425400909766e-01,9.042023164039447725e-01,8.835288716298385081e-01
8.582129683505529405e-01,8.652518986838477755e-01,9.758885935735548411e-01,9.781278734034384303e-01,9.639673812794762320e-01,8.665520212911953513e-01,8.728137582768035196e-01,8.885421353798498290e-01,8.739411040908973138e-01,9.723256260924258987e-01,8.979308950176128068e-01,1.000000000000000000e+00,9.801604651471308438e-01,8.895973977619925366e-01,9.855654839214045282e-01,9.737604275042148760e-01,9.125701810824246030e-01,9.228518936020185803e-01,9.184736972101498198e-01,9.809774685158147989e-01,9.177581885840232490e-01,9.783671747300408672e-01,9.754937921108149945e-01,9.809174954437819283e-01,9.625717715648398620e-01,8.929000673726086301e-01,8.904234196089195752e-01,9.532531600646008130e-01,8.586669687606534040e-01,9.746234518089698096e-01,9.778619921698493700e-01,9.619009618192888578e-01,8.476144655308234244e-01,8.669543423766972179e-01,9.692019692847833046e-01,9.726051488067646300e-01,9.174598887917854162e-01,8.538490191676758601e-01,9.621264153352270254e-01
8.548060357075472071e-01,8.623922030451660614e-01,9.696255101127211340e-01,9.720232591119647436e-01,9.565753972928621174e-01,8.653341112563489590e-01,8.686246847787184588e-01,8.787168462776970834e-01,8.703827229241634100e-01,9.650349724618764169e-01,8.898004836225620329e-01,9.801604651471308438e-01,1.000000000000000000e+00,8.828968310663271035e-01,9.801037209244990445e-01,9.673621978641946395e-01,9.047180994494808948e-01,9.173059358012506381e-01,9.128366141799338918e-01,9.731344533381413031e-01,9.129059633701905874e-01,9.715639408058955873e-01,9.693576436503945626e-01,9.854437623851742822e-01,9.696751771525863317e-01,8.864812459232672692e-01,8.796985791919963438e-01,9.462922792741015332e-01,8.592847655715738497e-01,9.688299940714775182e-01,9.835856180940443227e-01,9.543225047980439246e-01,8.453361791409221837e-01,8.707867715475813286e-01,9.620010869624889827e-01,9.664887029547797326e-01,9.114486405493748000e-01,8.520675928355028184e-01,9.696007714740721983e-01
9.500831746175977255e-01,9.581156798386479823e-01,8.941410142659099725e-01,8.926272122721192748e-01,9.035977393353095133e-01,9.554355626011451497e-01,9.674103323531773047e-01,9.686801884010441954e-01,9.685125468421399431e-01,8.948715105988753749e-01,9.567938508499834738e-01,8.895973977619925366e-01,8.828968310663271035e-01,1.000000000000000000e+00,8.919609625916642415e-01,8.922470956768584482e-01,9.397344094608246490e-01,9.302568522186185351e-01,9.338507257747523660e-01,8.920211756114289070e-01,9.323459250981579460e-01,8.950017985557034983e-01,8.945244741640641095e-01,8.833975673248257721e-01,8.717977500379909817e-01,9.841248488577294395e-01,9.762427570343886751e-01,9.087124616756698803e-01,9.319873134074646570e-01,8.943380563776806014e-01,8.788425639250030397e-01,9.053962555319930994e-01,9.392067907181371744e-01,9.135526581406421265e-01,9.013533871044985268e-01,8.973215818234455687e-01,9.378037499416305156e-01,9.357189621469614860e-01,8.724626691713067705e-01
8.614170232310545128e-01,8.682267048445029278e-01,9.767808215835113161e-01,9.789858677582764512e-01,9.651787678337492293e-01,8.693832986836034227e-01,8.759137965838169615e-01,8.902569294942250799e-01,8.765713374875606645e-01,9.733414792717525188e-01,8.994548266478062937e-01,9.855654839214045282e-01,9.801037209244990445e-01,8.919609625916642415e-01,1.000000000000000000e+00,9.748926791765115674e-01,9.146306408313146230e-01,9.244879665760055154e-01,9.204492588986020740e-01,9.813648843970083080e-01,9.197760586552541362e-01,9.792554798004202699e-01,9.767581643826581672e-01,9.809006444581724882e-01,9.628735191492476808e-01,8.946261712094243368e-01,8.925332988171174042e-01,9.541611785735053530e-01,8.608817372615619190e-01,9.758666308277887946e-01,9.777899571830273029e-01,9.633287941607898697e-01,8.509594731503211662e-01,8.682455796153631944e-01,9.701316671263983116e-01,9.732554742275768556e-01,9.193864774277777929e-01,8.571128169952509923e-01,9.622874753995037667e-01
8.600443130476949083e-01,8.672257771836737739e-01,9.847646145602045875e-01,9.820186303731561761e-01,9.696322249381005287e-01,8.698888046924920792e-01,8.770592036165194560e-01,8.873808547867988450e-01,8.762744506815923762e-01,9.839694925350638277e-01,8.974814784780997812e-01,9.737604275042148760e-01,9.673621978641946395e-01,8.922470956768584482e-01,9.748926791765115674e-01,1.000000000000000000e+00,9.170552911005095398e-01,9.270415248886455517e-01,9.248060193718122823e-01,9.791347643442822601e-01,9.227684677642677968e-01,9.816152925738960144e-01,9.848842245130594586e-01,9.686364700683688378e-01,9.532517921409174866e-01,8.931130351858515004e-01,8.924489610552815977e-01,9.565951770844250968e-01,8.582713348385822005e-01,9.844681681772484705e-01,9.664692444266282934e-01,9.658470936131897666e-01,8.528841952499289780e-01,8.678107360198670239e-01,9.765073915165757290e-01,9.808285652039787639e-01,9.230386542680207862e-01,8.602064578573961340e-01,9.520300041159494020e-01
8.996961965364738134e-01,9.086817883094020498e-01,9.180589838849601003e-01,9.153972827888742225e-01,9.290288385107096092e-01,9.123928480855020284e-01,9.227611895565881461e-01,9.513014301192329603e-01,9.213978836743470513e-01,9.175022493244500144e-01,9.653142214711871727e-01,9.125701810824246030e-01,9.047180994494808948e-01,9.397344094608246490e-01,9.146306408313146230e-01,9.170552911005095398e-01,1.000000000000000000e+00,9.765008648755586496e-01,9.780693711622437947e-01,9.148750204698744559e-01,9.784888912810509876e-01,9.179354896817669696e-01,9.183524887652255719e-01,9.078630668299442208e-01,8.973517063491643908e-01,9.397362948699915508e-01,9.480574577594607089e-01,9.439727958225245796e-01,8.975837284091954249e-01,9.175067764903233059e-01,9.019431835162499134e-01,9.320722987233993617e-01,8.874465810827953938e-01,8.844042764992774419e-01,9.284534912150866903e-01,9.220637903814156155e-01,9.815502949311903924e-01,8.858178947670858339e-01,8.975402080362617774e-01
8.886936007442408636e-01,9.018453521589214761e-01,9.289019505794746667e-01,9.257811715284127718e-01,9.390125492017676878e-01,9.055505609321061744e-01,9.169181669702552995e-01,9.385069736843347776e-01,9.149831993392526508e-01,9.280646538021413150e-01,9.530499620685537465e-01,9.228518936020185803e-01,9.173059358012506381e-01,9.302568522186185351e-01,9.244879665760055154e-01,9.270415248886455517e-01,9.765008648755586496e-01,1.000000000000000000e+00,9.846025624844055857e-01,9.239471096910732983e-01,9.839830847021744376e-01,9.276767310415069412e-01,9.277759690671282256e-01,9.196760624956302754e-01,9.074595038838265681e-01,9.314946493047617793e-01,9.357895583823288010e-01,9.553981247453061654e-01,8.892715927728666037e-01,9.276554383398251113e-01,9.147131731602186067e-01,9.434254746925290203e-01,8.764497273661692178e-01,8.782649862537422747e-01,9.391542331019347989e-01,9.310895434611777821e-01,9.808438939356003416e-01,8.754849278447214278e-01,9.075133141002312831e-01
8.925343648013369657e-01,9.052622939012900938e-01,9.265053525875787122e-01,9.222690716976801317e-01,9.362121547464454796e-01,9.086441298855597593e-01,9.195516517235010623e-01,9.415982892591290287e-01,9.174000723384011513e-01,9.248336831619184961e-01,9.557855479919338260e-01,9.184736972101498198e-01,9.128366141799338918e-01,9.338507257747523660e-01,9.204492588986020740e-01,9.248060193718122823e-01,9.780693711622437947e-01,9.846025624844055857e-01,1.000000000000000000e+00,9.203290061745951212e-01,9.843273219304613519e-01,9.246834139663094865e-01,9.253675141456283448e-01,9.151664535990884364e-01,9.021806838182422350e-01,9.343192755984653930e-01,9.395241071056104065e-01,9.534504038052763475e-01,8.921052925594324945e-01,9.253930172585347336e-01,9.101258050722148552e-01,9.405389973766454803e-01,8.815798744371119433e-01,8.792990784451905073e-01,9.357133965930389818e-01,9.271492780054559901e-01,9.822565614608596007e-01,8.798255563378232225e-01,9.021501587571449932e-01
8.624248377856731373e-01,8.680047190244468691e-01,9.804745866903057383e-01,9.833301242680766441e-01,9.645270020056343485e-01,8.688380460639661962e-01,8.754034009571685093e-01,8.897852089005017229e-01,8.750506428588913366e-01,9.775111872944980407e-01,8.995715122200698133e-01,9.809774685158147989e-01,9.731344533381413031e-01,8.920211756114289070e-01,9.813648843970083080e-01,9.791347643442822601e-01,9.148750204698744559e-01,9.239471096910732983e-01,9.203290061745951212e-01,1.000000000000000000e+00,9.189028915252249741e-01,9.839647824549052624e-01,9.803156163043328375e-01,9.742715633694566391e-01,9.568575828196871358e-01,8.929995276194478970e-01,8.914377988812637321e-01,9.521461365135985844e-01,8.588693455386977593e-01,9.800158333891092477e-01,9.717123038834293292e-01,9.605314975497628582e-01,8.517775433286440823e-01,8.660276832993254459e-01,9.713465554412943348e-01,9.757349421455222549e-01,9.192205302959460811e-01,8.573880223243840470e-01,9.563075423349443049e-01
8.908311771131239842e-01,9.041141519437246865e-01,9.245260450448055112e-01,9.211039509180363183e-01,9.348485065255126569e-01,9.085415864803733088e-01,9.188116508146333405e-01,9.417198456882437396e-01,9.169264597788451265e-01,9.231837678081966647e-01,9.561746164670755777e-01,9.177581885840232490e-01,9.129059633701905874e-01,9.323459250981579460e-01,9.197760586552541362e-01,9.227684677642677968e-01,9.784888912810509876e-01,9.839830847021744376e-01,9.843273219304613519e-01,9.189028915252249741e-01,1.000000000000000000e+00,9.230743670649838029e-01,9.235683653975159668e-01,9.151274199773942186e-01,9.022121472470077119e-01,9.332114252161771706e-01,9.382643650196081930e-01,9.521226566565035299e-01,8.897538127985785694e-01,9.235051917167120816e-01,9.102930096962676965e-01,9.400331275930688957e-01,8.788069895924398578e-01,8.760921132558631141e-01,9.343301372558662221e-01,9.267428498287296756e-01,9.826680806280195801e-01,8.772242937351673042e-01,9.024731094780006346e-01
8.643233167127869487e-01,8.709379049486115631e-01,9.828893111693702833e-01,9.853393733737927374e-01,9.670968931753638476e-01,8.723083092637394786e-01,8.798390207047187550e-01,8.905941212039780730e-01,8.792722325765386371e-01,9.803501755472926460e-01,9.013099920905028872e-01,9.783671747300408672e-01,9.715639408058955873e-01,8.950017985557034983e-01,9.792554798004202699e-01,9.816152925738960144e-01,9.179354896817669696e-01,9.276767310415069412e-01,9.246834139663094865e-01,9.839647824549052624e-01,9.230743670649838029e-01,1.000000000000000000e+00,9.827557684891448098e-01,9.724658210528320801e-01,9.571864443791591182e-01,8.953213832421751395e-01,8.942190735619492958e-01,9.547557974670789482e-01,8.615650195948514334e-01,9.824853910241405641e-01,9.702460512178361363e-01,9.634866388282994354e-01,8.540730101494952153e-01,8.681349963490595512e-01,9.743153177095610351e-01,9.779712659843190492e-01,9.237312931789595227e-01,8.600400167149419017e-01,9.562551839467994252e-01
8.640036515165541164e-01,8.709475458384848823e-01,9.851193334275895053e-01,9.831279537018875470e-01,9.692018507735933319e-01,8.739280787349744672e-01,8.807957009843568885e-01,8.901816962050387305e-01,8.801086167055902632e-01,9.829715620084478189e-01,9.001404900135551168e-01,9.754937921108149945e-01,9.693576436503945626e-01,8.945244741640641095e-01,9.767581643826581672e-01,9.848842245130594586e-01,9.183524887652255719e-01,9.277759690671282256e-01,9.253675141456283448e-01,9.803156163043328375e-01,9.235683653975159668e-01,9.827557684891448098e-01,1.000000000000000000e+00,9.704365587710738206e-01,9.548613169069424256e-01,8.953874157373798992e-01,8.951388589037934107e-01,9.560359132507446622e-01,8.620601588841414475e-01,9.854653935490940153e-01,9.685274216793849922e-01,9.658727068046015773e-01,8.577161840599371034e-01,8.699033718668088833e-01,9.761120382678127871e-01,9.805703078782441739e-01,9.239175396945046304e-01,8.644230474375255158e-01,9.537219786131903021e-01
8.551702237701385156e-01,8.625331658863329976e-01,9.706522408317479478e-01,9.730255860336320950e-01,9.588955260268374747e-01,8.654628426714340295e-01,8.689216223086377866e-01,8.798363885961612008e-01,8.705494092570325027e-01,9.662759871700483671e-01,8.917208491867976150e-01,9.809174954437819283e-01,9.854437623851742822e-01,8.833975673248257721e-01,9.809006444581724882e-01,9.686364700683688378e-01,9.078630668299442208e-01,9.196760624956302754e-01,9.151664535990884364e-01,9.742715633694566391e-01,9.151274199773942186e-01,9.724658210528320801e-01,9.704365587710738206e-01,1.000000000000000000e+00,9.683410730723540638e-01,8.871447284416975609e-01,8.809635470575747362e-01,9.476989736085327243e-01,8.597313382605589194e-01,9.700160007418217045e-01,9.833400980341999720e-01,9.561583661267054612e-01,8.455758837038946929e-01,8.715147266358542755e-01,9.636540930531558580e-01,9.678365572349572066e-01,9.138058907593028524e-01,8.519168605092157787e-01,9.682244745796179108e-01
8.454905410580494385e-01,8.520075328473053489e-01,9.551929348766893257e-01,9.575160218074252327e-01,9.423119779209366831e-01,8.594303828253980759e-01,8.604288696592690133e-01,8.674428921914105750e-01,8.620052366415464906e-01,9.506060255680348625e-01,8.820848767116893363e-01,9.625717715648398620e-01,9.696751771525863317e-01,8.717977500379909817e-01,9.628735191492476808e-01,9.532517921409174866e-01,8.973517063491643908e-01,9.074595038838265681e-01,9.021806838182422350e-01,9.568575828196871358e-01,9.022121472470077119e-01,9.571864443791591182e-01,9.548613169069424256e-01,9.683410730723540638e-01,1.000000000000000000e+00,8.762910903266765139e-01,8.673614179706071736e-01,9.336110178410783611e-01,8.594896270958042317e-01,9.540570107468056005e-01,9.717701443182881205e-01,9.388396489231728426e-01,8.379393444671674462e-01,8.750928261241492923e-01,9.506561720247712621e-01,9.553652459112507156e-01,9.027994908066573343e-01,8.467719746051524110e-01,9.854303921517164611e-01
9.493867856970926722e-01,9.577175144901174386e-01,8.950260186614910074e-01,8.934928493817753115e-01,9.039895343766999325e-01,9.565602839427641557e-01,9.675823306996079731e-01,9.695264056970429589e-01,9.689462338889534010e-01,8.957887372222111955e-01,9.574724073351102982e-01,8.929000673726086301e-01,8.864812459232672692e-01,9.841248488577294395e-01,8.946261712094243368e-01,8.931130351858515004e-01,9.397362948699915508e-01,9.314946493047617793e-01,9.343192755984653930e-01,8.929995276194478970e-01,9.332114252161771706e-01,8.953213832421751395e-01,8.953874157373798992e-01,8.871447284416975609e-01,8.762910903266765139e-01,1.000000000000000000e+00,9.766044522826399232e-01,9.098710778906806684e-01,9.324986940183483952e-01,8.952065193968453682e-01,8.820685424956641318e-01,9.062299262316240167e-01,9.393631062184799596e-01,9.172150132187084637e-01,9.018423125182610800e-01,8.978703316658490641e-01,9.375208510817106822e-01,9.365824673193129390e-01,8.772960897404934455e-01
9.358869850814974800e-01,9.445882130497995632e-01,8.938601418911533703e-01,8.909160994338816142e-01,9.034631792114996562e-01,9.432147437601907658e-01,9.564595017658025222e-01,9.781754191530180886e-01,9.554714120432150626e-01,8.951295564069727817e-01,9.644156556478413744e-01,8.904234196089195752e-01,8.796985791919963438e-01,9.762427570343886751e-01,8.925332988171174042e-01,8.924489610552815977e-01,9.480574577594607089e-01,9.357895583823288010e-01,9.395241071056104065e-01,8.914377988812637321e-01,9.382643650196081930e-01,8.942190735619492958e-01,8.951388589037934107e-01,8.809635470575747362e-01,8.673614179706071736e-01,9.766044522826399232e-01,1.000000000000000000e+00,9.114200391290380177e-01,9.157417661671578557e-01,8.940186945596759749e-01,8.757617822890040316e-01,9.059244626747412488e-01,9.224432712925012545e-01,8.946069376073838564e-01,9.009695164682850477e-01,8.966519465613201900e-01,9.425774954624523971e-01,9.183028427258981274e-01,8.686609247129365441e-01
8.694776541557949212e-01,8.801601669486234236e-01,9.568466910756673327e-01,9.540715058019239025e-01,9.716557646908848822e-01,8.824617120986849583e-01,8.925782610614734214e-01,9.126652603378189177e-01,8.922935457988676600e-01,9.548346434973261632e-01,9.261298194337339584e-01,9.532531600646008130e-01,9.462922792741015332e-01,9.087124616756698803e-01,9.541611785735053530e-01,9.565951770844250968e-01,9.439727958225245796e-01,9.553981247453061654e-01,9.534504038052763475e-01,9.521461365135985844e-01,9.521226566565035299e-01,9.547557974670789482e-01,9.560359132507446622e-01,9.476989736085327243e-01,9.336110178410783611e-01,9.098710778906806684e-01,9.114200391290380177e-01,1.000000000000000000e+00,8.631320554391070932e-01,9.554927012827392208e-01,9.444811648257946946e-01,9.756558842281288779e-01,8.598462414267886711e-01,8.662395997037569684e-01,9.661984364460668440e-01,9.597781578205955011e-01,9.517220339279688357e-01,8.627023176522090608e-01,9.332864159196757603e-01
9.628878458703683529e-01,9.550791394109671151e-01,8.628597154750843323e-01,8.621022556325977915e-01,8.627549371271642231e-01,9.524809609745064076e-01,9.459189433919660273e-01,9.101377981469397360e-01,9.434680590318452742e-01,8.599624962219005742e-01,9.092464001999205347e-01,8.586669687606534040e-01,8.592847655715738497e-01,9.319873134074646570e-01,8.608817372615619190e-01,8.582713348385822005e-01,8.975837284091954249e-01,8.892715927728666037e-01,8.921052925594324945e-01,8.588693455386977593e-01,8.897538127985785694e-01,8.615650195948514334e-01,8.620601588841414475e-01,8.597313382605589194e-01,8.594896270958042317e-01,9.324986940183483952e-01,9.157417661671578557e-01,8.631320554391070932e-01,1.000000000000000000e+00,8.646643167898112603e-01,8.560918200026698122e-01,8.601322528325934247e-01,9.679037581956270175e-01,9.668962196902574080e-01,8.654087442947870912e-01,8.640244327542515590e-01,8.976196242825738025e-01,9.669910704028363835e-01,8.599501828809278381e-01
8.647241201207223060e-01,8.718170347811975418e-01,9.851196885013283611e-01,9.831318129932833383e-01,9.686500119806680242e-01,8.746897734070235852e-01,8.811650929549093014e-01,8.892426797123276216e-01,8.803697555911549344e-01,9.827120325971635539e-01,8.993991239335896726e-01,9.746234518089698096e-01,9.688299940714775182e-01,8.943380563776806014e-01,9.758666308277887946e-01,9.844681681772484705e-01,9.175067764903233059e-01,9.276554383398251113e-01,9.253930172585347336e-01,9.800158333891092477e-01,9.235051917167120816e-01,9.824853910241405641e-01,9.854653935490940153e-01,9.700160007418217045e-01,9.540570107468056005e-01,8.952065193968453682e-01,8.940186945596759749e-01,9.554927012827392208e-01,8.646643167898112603e-01,1.000000000000000000e+00,9.681972966755862942e-01,9.649262636640698609e-01,8.587218699934835442e-01,8.717997171114937327e-01,9.752946826401593938e-01,9.799492990546667670e-01,9.238896006239269987e-01,8.651028820241615236e-01,9.529899457906890747e-01
8.502387378053087863e-01,8.580860463215270739e-01,9.687638008899307485e-01,9.709236654147838097e-01,9.545939407029662149e-01,8.626292051895771973e-01,8.651568300334778749e-01,8.734812163628820070e-01,8.664355019837827188e-01,9.642464016527871884e-01,8.847101168027406981e-01,9.778619921698493700e-01,9.835856180940443227e-01,8.788425639250030397e-01,9.777899571830273029e-01,9.664692444266282934e-01,9.019431835162499134e-01,9.147131731602186067e-01,9.101258050722148552e-01,9.717123038834293292e-01,9.102930096962676965e-01,9.702460512178361363e-01,9.685274216793849922e-01,9.833400980341999720e-01,9.717701443182881205e-01,8.820685424956641318e-01,8.757617822890040316e-01,9.444811648257946946e-01,8.560918200026698122e-01,9.681972966755862942e-01,1.000000000000000000e+00,9.520898584684654997e-01,8.413729008035020218e-01,8.702650440686859890e-01,9.608612843223237610e-01,9.653007617010656016e-01,9.092840284328749245e-01,8.478058851180156896e-01,9.714478147616210091e-01
8.677563352606315616e-01,8.775713123864207210e-01,9.654504179244226547e-01,9.626015797615479208e-01,9.818768372064674566e-01,8.788367576141875581e-01,8.884102595467621155e-01,9.065105009840175310e-01,8.885431477598948469e-01,9.647251108107154360e-01,9.165946012744503602e-01,9.619009618192888578e-01,9.543225047980439246e-01,9.053962555319930994e-01,9.633287941607898697e-01,9.658470936131897666e-01,9.320722987233993617e-01,9.434254746925290203e-01,9.405389973766454803e-01,9.605314975497628582e-01,9.400331275930688957e-01,9.634866388282994354e-01,9.658727068046015773e-01,9.561583661267054612e-01,9.388396489231728426e-01,9.062299262316240167e-01,9.059244626747412488e-01,9.756558842281288779e-01,8.601322528325934247e-01,9.649262636640698609e-01,9.520898584684654997e-01,1.000000000000000000e+00,8.596906812611806448e-01,8.671881128114929949e-01,9.754442150593305438e-01,9.682131885028221197e-01,9.397666124821996148e-01,8.635485834724252463e-01,9.377223108793232287e-01
9.763942113019434821e-01,9.653468034570865663e-01,8.563188463193176503e-01,8.545208839239876175e-01,8.616055806199982570e-01,9.625622564334125331e-01,9.552147665858650161e-01,9.147333696606965159e-01,9.528079873592373294e-01,8.540964743459505959e-01,9.072796920075972826e-01,8.476144655308234244e-01,8.453361791409221837e-01,9.392067907181371744e-01,8.509594731503211662e-01,8.528841952499289780e-01,8.874465810827953938e-01,8.764497273661692178e-01,8.815798744371119433e-01,8.517775433286440823e-01,8.788069895924398578e-01,8.540730101494952153e-01,8.577161840599371034e-01,8.455758837038946929e-01,8.379393444671674462e-01,9.393631062184799596e-01,9.224432712925012545e-01,8.598462414267886711e-01,9.679037581956270175e-01,8.587218699934835442e-01,8.413729008035020218e-01,8.596906812611806448e-01,1.000000000000000000e+00,9.495299300170848555e-01,8.585061893743592965e-01,8.565022703749395339e-01,8.866557279962554716e-01,9.815987743814372779e-01,8.388049922993384699e-01
9.413334362454911508e-01,9.315271979150477888e-01,8.709116787067215926e-01,8.692377005829653447e-01,8.688414950092174793e-01,9.352018530714536482e-01,9.228830224562627471e-01,8.894656911838667579e-01,9.235820549579329963e-01,8.683281252812292683e-01,8.873706445793755337e-01,8.669543423766972179e-01,8.707867715475813286e-01,9.135526581406421265e-01,8.682455796153631944e-01,8.678107360198670239e-01,8.844042764992774419e-01,8.782649862537422747e-01,8.792990784451905073e-01,8.660276832993254459e-01,8.760921132558631141e-01,8.681349963490595512e-01,8.699033718668088833e-01,8.715147266358542755e-01,8.750928261241492923e-01,9.172150132187084637e-01,8.946069376073838564e-01,8.662395997037569684e-01,9.668962196902574080e-01,8.717997171114937327e-01,8.702650440686859890e-01,8.671881128114929949e-01,9.495299300170848555e-01,1.000000000000000000e+00,8.718372880681632964e-01,8.720941261389245636e-01,8.870214565421453701e-01,9.555630880826541107e-01,8.753695046159921667e-01
8.684792630252770040e-01,8.757763741313937533e-01,9.755866417321860107e-01,9.738666520085709211e-01,9.796288447698506818e-01,8.781549943801549851e-01,8.880933781572976082e-01,8.979267764215155267e-01,8.867328880866067742e-01,9.762566115142193857e-01,9.099307495144316471e-01,9.692019692847833046e-01,9.620010869624889827e-01,9.013533871044985268e-01,9.701316671263983116e-01,9.765073915165757290e-01,9.284534912150866903e-01,9.391542331019347989e-01,9.357133965930389818e-01,9.713465554412943348e-01,9.343301372558662221e-01,9.743153177095610351e-01,9.761120382678127871e-01,9.636540930531558580e-01,9.506561720247712621e-01,9.018423125182610800e-01,9.009695164682850477e-01,9.661984364460668440e-01,8.654087442947870912e-01,9.752946826401593938e-01,9.608612843223237610e-01,9.754442150593305438e-01,8.585061893743592965e-01,8.718372880681632964e-01,1.000000000000000000e+00,9.802673649504024533e-01,9.342062233567615115e-01,8.640356718467228081e-01,9.494645658927346465e-01
8.655945723784796986e-01,8.723690973048863206e-01,9.804153563940463112e-01,9.788622120613497124e-01,9.726251560410111852e-01,8.755657801914831229e-01,8.829621007303610769e-01,8.911816753290903170e-01,8.827094968077264792e-01,9.824154083298642925e-01,9.032483385652517738e-01,9.726051488067646300e-01,9.664887029547797326e-01,8.973215818234455687e-01,9.732554742275768556e-01,9.808285652039787639e-01,9.220637903814156155e-01,9.310895434611777821e-01,9.271492780054559901e-01,9.757349421455222549e-01,9.267428498287296756e-01,9.779712659843190492e-01,9.805703078782441739e-01,9.678365572349572066e-01,9.553652459112507156e-01,8.978703316658490641e-01,8.966519465613201900e-01,9.597781578205955011e-01,8.640244327542515590e-01,9.799492990546667670e-01,9.653007617010656016e-01,9.682131885028221197e-01,8.565022703749395339e-01,8.720941261389245636e-01,9.802673649504024533e-01,1.000000000000000000e+00,9.261132786751017365e-01,8.626282697072480410e-01,9.540994671426441531e-01
8.977775366875383467e-01,9.089008381163632411e-01,9.244693851978255106e-01,9.211970014305029819e-01,9.351996875849321045e-01,9.136164591323580053e-01,9.227848438901669059e-01,9.457636822462824888e-01,9.215586534209062597e-01,9.227906909322715068e-01,9.583111425400909766e-01,9.174598887917854162e-01,9.114486405493748000e-01,9.378037499416305156e-01,9.193864774277777929e-01,9.230386542680207862e-01,9.815502949311903924e-01,9.808438939356003416e-01,9.822565614608596007e-01,9.192205302959460811e-01,9.826680806280195801e-01,9.237312931789595227e-01,9.239175396945046304e-01,9.138058907593028524e-01,9.027994908066573343e-01,9.375208510817106822e-01,9.425774954624523971e-01,9.517220339279688357e-01,8.976196242825738025e-01,9.238896006239269987e-01,9.092840284328749245e-01,9.397666124821996148e-01,8.866557279962554716e-01,8.870214565421453701e-01,9.342062233567615115e-01,9.261132786751017365e-01,1.000000000000000000e+00,8.852549008557508703e-01,9.027292802654638404e-01
9.707333563325075687e-01,9.611066972831090460e-01,8.630777120646534462e-01,8.613667859618127087e-01,8.653034167291611123e-01,9.584523813804750603e-01,9.508493131706674539e-01,9.099744992282955414e-01,9.494524188617144977e-01,8.608369129811608289e-01,9.042023164039447725e-01,8.538490191676758601e-01,8.520675928355028184e-01,9.357189621469614860e-01,8.571128169952509923e-01,8.602064578573961340e-01,8.858178947670858339e-01,8.754849278447214278e-01,8.798255563378232225e-01,8.573880223243840470e-01,8.772242937351673042e-01,8.600400167149419017e-01,8.644230474375255158e-01,8.519168605092157787e-01,8.467719746051524110e-01,9.365824673193129390e-01,9.183028427258981274e-01,8.627023176522090608e-01,9.669910704028363835e-01,8.651028820241615236e-01,8.478058851180156896e-01,8.635485834724252463e-01,9.815987743814372779e-01,9.555630880826541107e-01,8.640356718467228081e-01,8.626282697072480410e-01,8.852549008557508703e-01,1.000000000000000000e+00,8.481389381541984962e-01
8.471785891706418159e-01,8.544664949380690322e-01,9.540774804799975195e-01,9.566984053068423588e-01,9.410767519261499237e-01,8.615930108689758837e-01,8.623056458171067806e-01,8.696054027828984401e-01,8.641233613664700552e-01,9.494926399485192903e-01,8.835288716298385081e-01,9.621264153352270254e-01,9.696007714740721983e-01,8.724626691713067705e-01,9.622874753995037667e-01,9.520300041159494020e-01,8.975402080362617774e-01,9.075133141002312831e-01,9.021501587571449932e-01,9.563075423349443049e-01,9.024731094780006346e-01,9.562551839467994252e-01,9.537219786131903021e-01,9.682244745796179108e-01,9.854303921517164611e-01,8.772960897404934455e-01,8.686609247129365441e-01,9.332864159196757603e-01,8.599501828809278381e-01,9.529899457906890747e-01,9.714478147616210091e-01,9.377223108793232287e-01,8.388049922993384699e-01,8.753695046159921667e-01,9.494645658927346465e-01,9.540994671426441531e-01,9.027292802654638404e-01,8.481389381541984962e-01,1.000000000000000000e+00
