1.000000000000000000e+00,5.999486301157191948e-01,5.772435720384165858e-01,4.327895863870511728e-01,5.890948189667988277e-01,3.535672616840511429e-02,6.217799107240585821e-01,-5.278474546528511002e-01,6.612817046955112854e-01,6.805798138854168844e-01,-2.676422450178289059e-01,3.278414164245683216e-01,-2.467160720997397805e-01,5.679172585010797691e-01,4.765094182898875763e-01,6.434520463214971064e-01,-2.675884103524536761e-01,5.261841701341174460e-01,5.701794553190533410e-01,4.602763898155894928e-01,1.091494399300447643e-01,2.524903113443509040e-01,2.270556962433699644e-01,4.433714034831248707e-01,9.142271163320191130e-02,7.530358790551984205e-01,6.835055918396965025e-01,4.904778189174485159e-01,3.846052971737199400e-01,6.789859372901414503e-01,5.177269388483409784e-01,5.857246279701485703e-01,2.042202412586006932e-01,5.639361975262725535e-01,3.538185966006394678e-01,6.117831703788868536e-01,3.395313099924901490e-01,5.506195097732000665e-01,6.215638410415007531e-01
5.999486301157191948e-01,1.000000000000000000e+00,5.123066904698611035e-01,1.543372998905739035e-01,4.772479372632819072e-01,5.853609146931455509e-01,4.216490352783660023e-01,-5.489173912966761604e-01,2.006536349107092554e-01,2.667001705720506433e-01,3.224260067608034630e-01,-6.819557684036947620e-02,6.304730239103278552e-03,5.451095084883925690e-01,2.433855909900581663e-02,2.284661754752808360e-01,2.907001839783268649e-01,1.778806250039183245e-01,1.872642721843797153e-01,1.530697277935735012e-01,2.226276079069685054e-01,3.168954240271478762e-01,6.881935888142697300e-01,4.723684996113263201e-01,5.747375109065553378e-01,4.535289940211456594e-01,6.396886621899937619e-01,3.613164719135997793e-01,3.389942995409983562e-01,2.540300190252152701e-01,6.721828413793683454e-01,1.588971384023975808e-01,5.386797628259064608e-01,2.911456221316280346e-01,6.914040294669109299e-01,7.719201655213329127e-01,6.844147119550184621e-01,1.185913193562192040e-02,1.157946681731551186e-01
5.772435720384165858e-01,5.123066904698611035e-01,1.000000000000000000e+00,6.276732217265561520e-01,8.869028512844516765e-01,2.898098941045046048e-02,7.809009130970165913e-01,-8.855135068603591231e-01,6.875797847243100280e-01,6.483889387585023423e-01,-2.179742866188609518e-01,3.800084699370296915e-01,-9.048349829869616057e-02,7.893694707207722372e-01,5.706546787623270056e-01,6.919977606414936533e-01,-3.199837551184673834e-01,7.211640024392220738e-01,7.756414981628642069e-01,5.921440098121585338e-01,4.609974661537754037e-01,6.318150972476885840e-01,3.468527205191829776e-01,5.161081867876611273e-01,1.031817264990080307e-01,7.917512975975186107e-01,6.448089057540304925e-01,7.701927493190330321e-01,1.450028054844080573e-02,7.240986894286841613e-01,7.742776347719367847e-01,5.344554210233931624e-01,6.980906529007875339e-01,8.601580855833893535e-01,4.984852016110108974e-01,6.383015094592252581e-01,4.029126826854927401e-01,5.762943558083458706e-01,5.613429874665060160e-01
4.327895863870511728e-01,1.543372998905739035e-01,6.276732217265561520e-01,1.000000000000000000e+00,4.542277826552075237e-01,-4.204854071119263348e-01,7.146362114035361701e-01,-3.943351811221887937e-01,6.594379868633324371e-01,5.905189647569405453e-01,-6.070586367678394435e-01,7.944968027153025414e-01,4.887049654727674500e-04,4.957929854343118836e-01,8.361794526897650126e-01,6.732634187700158312e-01,-6.855790843123958922e-01,8.809229625189373136e-01,7.682300091806036901e-01,8.617584504397231004e-01,5.092555785938552848e-01,6.657594791580848659e-01,-7.118382590292460232e-02,3.384057487355414118e-01,-3.153441709477065591e-01,7.356746920511185728e-01,3.460977085422520250e-01,7.732039445437292047e-01,-2.976561920202027700e-01,6.442464186811236448e-01,3.272678447923511036e-01,7.367174266567240171e-01,1.664667059794036619e-01,6.499360617954271779e-01,2.696757884310820030e-03,9.213400184010192562e-02,-1.963964073645771691e-01,6.942958923505722080e-01,5.613885540579199862e-01
5.890948189667988277e-01,4.772479372632819072e-01,8.869028512844516765e-01,4.542277826552075237e-01,1.000000000000000000e+00,9.442798282081917016e-02,6.863422802847582993e-01,-8.679631740098251447e-01,7.010912095481497408e-01,6.730737704824005796e-01,-1.821749184837223035e-01,2.314384982736768792e-01,-2.546351996177516619e-01,7.822870738397033064e-01,4.551745713562881934e-01,6.983411614138083090e-01,-2.718675521760002822e-01,6.279710204021947684e-01,7.422221801840813704e-01,4.180641493476210391e-01,2.630739149888902673e-01,4.238566696363131325e-01,3.588841258556541569e-01,5.409515961957853669e-01,1.789063358833797301e-01,7.193121853580318747e-01,6.243177812175310093e-01,6.410516788373074037e-01,9.201886363764527621e-02,7.490548026268617487e-01,7.635339421095630463e-01,4.567768871486209692e-01,6.846259017922043943e-01,8.567714700969881747e-01,5.437999631703207548e-01,7.070136433782847618e-01,4.822164290025955369e-01,5.523007625084086492e-01,6.075955473278431551e-01
3.535672616840511429e-02,5.853609146931455509e-01,2.898098941045046048e-02,-4.204854071119263348e-01,9.442798282081917016e-02,1.000000000000000000e+00,-9.399946583222379415e-02,-1.571904599204506370e-01,-3.160568371853479386e-01,-2.294621698283578759e-01,8.157338153994179164e-01,-6.506199461545517648e-01,2.705342630718265626e-02,1.667900436236176842e-01,-5.677549942933751703e-01,-2.826105615133704951e-01,8.028251527828278444e-01,-3.943188772062904968e-01,-3.288547465624613308e-01,-4.601891067954720360e-01,-1.697272309295576598e-01,-1.562709704061431837e-01,7.688767394268228861e-01,2.952657667463703395e-01,8.682050379867035650e-01,-2.277221599330627733e-01,2.564354248186754837e-01,-2.555152212415356949e-01,2.835630666400490441e-01,-2.776333895772634675e-01,3.626232564443467310e-01,-4.158651879882898639e-01,4.417329394480082327e-01,-2.281729120014180934e-01,6.357396140169082610e-01,5.132888192922115955e-01,7.269092621189734427e-01,-5.185199460783818104e-01,-3.850611773964139339e-01
6.217799107240585821e-01,4.216490352783660023e-01,7.809009130970165913e-01,7.146362114035361701e-01,6.863422802847582993e-01,-9.399946583222379415e-02,1.000000000000000000e+00,-6.230050628409085078e-01,6.517598682801435395e-01,5.900068616819371670e-01,-3.402315362155395873e-01,5.090462544485390151e-01,1.579501199522044888e-02,6.170994089786918657e-01,6.257476407878682645e-01,6.066018125981255116e-01,-3.866220527160960097e-01,7.389840326016712257e-01,7.239465211558961943e-01,6.976350939200014478e-01,4.637673625510608799e-01,6.397647828165053951e-01,1.982800997910824370e-01,3.346515800609450864e-01,-5.322916036827463754e-02,8.033644195704311430e-01,6.110645262116958243e-01,7.731547219529610881e-01,-1.144964665486957259e-02,6.364611600866062480e-01,6.048948999831410545e-01,5.256546405871375116e-01,4.735162135111560255e-01,7.481010208972407316e-01,2.468270192738973579e-01,4.709934219239315101e-01,2.022341267483312166e-01,5.655578094589850391e-01,5.107555604679228090e-01
-5.278474546528511002e-01,-5.489173912966761604e-01,-8.855135068603591231e-01,-3.943351811221887937e-01,-8.679631740098251447e-01,-1.571904599204506370e-01,-6.230050628409085078e-01,1.000000000000000000e+00,-5.633095436846177195e-01,-5.606901627562532742e-01,8.623674883269483171e-02,-1.777065275725858984e-01,1.475106437958366434e-01,-7.402382078409047717e-01,-3.722336167384356909e-01,-5.817696076604544908e-01,1.717258740172048492e-01,-5.212225713649123460e-01,-6.049790717455487687e-01,-3.925801795272957917e-01,-3.530030364744857208e-01,-4.811267671077992247e-01,-3.757832460471158820e-01,-4.743317785850876822e-01,-1.752008176034004494e-01,-6.952047805778477363e-01,-6.496708764939894687e-01,-6.356594724473683122e-01,-1.130876055207872682e-01,-6.250258572521053546e-01,-7.834809190187236316e-01,-3.737611385354065452e-01,-7.267475349255406725e-01,-7.728258381252927078e-01,-6.013724066463702611e-01,-7.132144205555918104e-01,-5.463888042233818743e-01,-4.129096492608738123e-01,-4.443574162780927206e-01
6.612817046955112854e-01,2.006536349107092554e-01,6.875797847243100280e-01,6.594379868633324371e-01,7.010912095481497408e-01,-3.160568371853479386e-01,6.517598682801435395e-01,-5.633095436846177195e-01,1.000000000000000000e+00,8.808867376357402135e-01,-5.553171732557226070e-01,5.842636404526996285e-01,-4.646787201513552512e-01,6.000151093050889450e-01,8.068388055463646680e-01,9.120403096154969802e-01,-6.557941566349881901e-01,8.181190692576624235e-01,8.722663935030452453e-01,6.475825681303665204e-01,1.890033040560203104e-02,2.273758091979496965e-01,-3.206269089471526501e-02,4.875665830035278980e-01,-1.719143520959197091e-01,7.811637862053834036e-01,5.170534277729529338e-01,5.605464587663998577e-01,-8.324791961232129445e-02,9.104060703017757827e-01,4.279150177712121028e-01,7.547902876458970622e-01,1.644812040824372990e-01,8.052509867014303602e-01,1.597703902402166365e-01,3.333148630015101421e-01,4.553827268669190242e-02,8.557616020210799812e-01,8.688299173095012096e-01
6.805798138854168844e-01,2.667001705720506433e-01,6.483889387585023423e-01,5.905189647569405453e-01,6.730737704824005796e-01,-2.294621698283578759e-01,5.900068616819371670e-01,-5.606901627562532742e-01,8.808867376357402135e-01,1.000000000000000000e+00,-4.947139670887793494e-01,5.942587994520165395e-01,-3.810648322044978831e-01,6.539398141292975808e-01,7.574511609831829917e-01,9.235017178807318761e-01,-5.999804651090672181e-01,7.629819429742255021e-01,8.366116892260787585e-01,6.170765148133784406e-01,4.263814526644867098e-02,2.298732544513542309e-01,8.514430264138667104e-02,6.212028088142300675e-01,-7.681547851239295399e-02,7.500707795446608372e-01,5.160752963310373254e-01,5.376422027636489354e-01,2.838852564647830964e-02,9.143305051157818442e-01,4.450749248202234831e-01,7.695205848724661069e-01,1.530420456689260966e-01,7.177660119909804459e-01,2.134317126848186419e-01,3.794701135417110627e-01,1.085076018683055477e-01,8.338554273248455218e-01,8.749412899105118990e-01
-2.676422450178289059e-01,3.224260067608034630e-01,-2.179742866188609518e-01,-6.070586367678394435e-01,-1.821749184837223035e-01,8.157338153994179164e-01,-3.402315362155395873e-01,8.623674883269483171e-02,-5.553171732557226070e-01,-4.947139670887793494e-01,1.000000000000000000e+00,-7.181924381496024301e-01,2.037828677697448576e-01,-1.278280024086941302e-01,-7.100959704125153760e-01,-5.487647793994350209e-01,9.071060491262292746e-01,-6.124835273407279734e-01,-5.387397771243186417e-01,-5.942462970809724299e-01,-2.156436912629369484e-01,-2.401433928635646753e-01,6.193768711326973486e-01,-1.097813268051432180e-02,7.405150387036952830e-01,-5.301921519682085693e-01,-4.493866198791069549e-02,-4.786605086395320230e-01,2.212218410850156081e-01,-5.578970119384191184e-01,8.399446291214564264e-02,-5.687516111479856695e-01,2.693044735437080672e-01,-4.774908448885308854e-01,3.672116745095584389e-01,2.096249989947011338e-01,4.880321343682483826e-01,-6.609351634400417730e-01,-5.651002635570795407e-01
3.278414164245683216e-01,-6.819557684036947620e-02,3.800084699370296915e-01,7.944968027153025414e-01,2.314384982736768792e-01,-6.506199461545517648e-01,5.090462544485390151e-01,-1.777065275725858984e-01,5.842636404526996285e-01,5.942587994520165395e-01,-7.181924381496024301e-01,1.000000000000000000e+00,5.169051134296941824e-02,3.302159421263846095e-01,8.599246199616955577e-01,6.207758356553301216e-01,-7.940677401441320615e-01,7.806561035198446019e-01,6.581582482470303974e-01,8.474411537578698805e-01,3.939373490399203925e-01,5.189117913843898089e-01,-2.803305731702198100e-01,2.118271006446108828e-01,-5.523968105221672698e-01,6.155318677632212188e-01,1.185090567926943977e-01,6.471397404893285410e-01,-2.846718002067965547e-01,5.788317729903242892e-01,5.174837261295358454e-02,7.232824671112999537e-01,-1.178247664019970858e-01,4.813915441187026634e-01,-2.697123126088062373e-01,-1.648606859230696553e-01,-4.487707536755645710e-01,7.400347410180372343e-01,5.990779120358303844e-01
-2.467160720997397805e-01,6.304730239103278552e-03,-9.048349829869616057e-02,4.887049654727674500e-04,-2.546351996177516619e-01,2.705342630718265626e-02,1.579501199522044888e-02,1.475106437958366434e-01,-4.646787201513552512e-01,-3.810648322044978831e-01,2.037828677697448576e-01,5.169051134296941824e-02,1.000000000000000000e+00,-1.026684271337730547e-01,-1.668081305993303065e-01,-4.181822932228335676e-01,2.372212409813350409e-01,-1.588003460121966415e-01,-2.419705753792392167e-01,6.932633317982107857e-02,5.617543557429020007e-01,4.743490851730632341e-01,9.851626759863967020e-02,-2.132188277316195701e-01,-6.896692754522822100e-02,-1.314664279199241337e-01,-9.966168747742015777e-02,1.735606312705587351e-01,2.112790085867437273e-01,-4.055838807202448160e-01,-1.699461580256213938e-02,-9.834752124586737532e-02,1.385679309213495858e-01,-2.582933340614391171e-01,-1.162898739229481365e-01,-1.366796080079540621e-01,-8.698341485014224328e-02,-2.279793285608305575e-01,-4.297106610792351122e-01
5.679172585010797691e-01,5.451095084883925690e-01,7.893694707207722372e-01,4.957929854343118836e-01,7.822870738397033064e-01,1.667900436236176842e-01,6.170994089786918657e-01,-7.402382078409047717e-01,6.000151093050889450e-01,6.539398141292975808e-01,-1.278280024086941302e-01,3.302159421263846095e-01,-1.026684271337730547e-01,1.000000000000000000e+00,4.770602324967904151e-01,6.593978967530550461e-01,-2.212804461049960036e-01,6.074113531008478173e-01,6.563500588269540748e-01,4.944191514836210333e-01,3.628642424390940979e-01,5.033490647822331798e-01,4.702177156654012702e-01,7.282716282293035803e-01,2.517922869584046097e-01,6.793279299547240191e-01,5.028187432114950006e-01,6.722137147617657238e-01,1.752351269417054547e-01,6.894016211571232233e-01,6.976040756851605851e-01,5.011892432145431675e-01,6.743669603711447413e-01,7.086709371901156462e-01,5.978256318019016247e-01,6.722528921862621631e-01,4.825253992554799365e-01,5.519809961698172174e-01,5.715538654165818189e-01
4.765094182898875763e-01,2.433855909900581663e-02,5.706546787623270056e-01,8.361794526897650126e-01,4.551745713562881934e-01,-5.677549942933751703e-01,6.257476407878682645e-01,-3.722336167384356909e-01,8.068388055463646680e-01,7.574511609831829917e-01,-7.100959704125153760e-01,8.599246199616955577e-01,-1.668081305993303065e-01,4.770602324967904151e-01,1.000000000000000000e+00,8.079134647549711667e-01,-8.026958285589539388e-01,8.795490759622601740e-01,8.254893318186543594e-01,8.640916211370714972e-01,2.771309804926021525e-01,4.533248219202509754e-01,-1.996059752746074667e-01,3.623966571364555800e-01,-4.312753695853591696e-01,7.477049736419073556e-01,3.158782895767644483e-01,6.835452547631510889e-01,-2.466531131945676192e-01,7.722388018184606073e-01,2.356693216570459881e-01,8.107238972759287510e-01,1.552643728075194483e-02,6.826804736428743192e-01,-9.019181815124076296e-02,2.237406017027299479e-02,-2.721980231490497282e-01,8.731701288740659761e-01,7.601017270983168039e-01
6.434520463214971064e-01,2.284661754752808360e-01,6.919977606414936533e-01,6.732634187700158312e-01,6.983411614138083090e-01,-2.826105615133704951e-01,6.066018125981255116e-01,-5.817696076604544908e-01,9.120403096154969802e-01,9.235017178807318761e-01,-5.487647793994350209e-01,6.207758356553301216e-01,-4.181822932228335676e-01,6.593978967530550461e-01,8.079134647549711667e-01,1.000000000000000000e+00,-6.557691561573928407e-01,8.313743219265894435e-01,8.780072890812695707e-01,6.625374708131516188e-01,8.638595232949043690e-02,2.776918905326332121e-01,4.284527027455237863e-02,6.010153478962451112e-01,-1.179368131162516764e-01,7.681735390437915978e-01,4.844510953822557253e-01,5.931593785463270541e-01,-7.712925507670786995e-02,9.326047310051638339e-01,4.322453033274787360e-01,7.981941473393930897e-01,1.781653595070574747e-01,7.762034707416444190e-01,2.068190711845162288e-01,3.491540452265883276e-01,7.004865033122953388e-02,8.521205778472193959e-01,8.653894633693580696e-01
-2.675884103524536761e-01,2.907001839783268649e-01,-3.199837551184673834e-01,-6.855790843123958922e-01,-2.718675521760002822e-01,8.028251527828278444e-01,-3.866220527160960097e-01,1.717258740172048492e-01,-6.557941566349881901e-01,-5.999804651090672181e-01,9.071060491262292746e-01,-7.940677401441320615e-01,2.372212409813350409e-01,-2.212804461049960036e-01,-8.026958285589539388e-01,-6.557691561573928407e-01,1.000000000000000000e+00,-7.169039073362690750e-01,-6.552105932338385674e-01,-6.770682919216646223e-01,-1.977117460773095414e-01,-2.761907541768077734e-01,5.478284183097018589e-01,-1.055013907339813206e-01,7.019770128832500955e-01,-5.661349513035983660e-01,-5.341856987868141143e-02,-5.086888583311783840e-01,3.173957834730048444e-01,-6.471562380094575406e-01,3.336438576020793467e-02,-6.685673246227464839e-01,2.117936655539910118e-01,-5.522561679077953034e-01,3.305331123747046740e-01,2.050053494455344738e-01,4.826869127421097305e-01,-7.489649487415244167e-01,-6.612431264080610438e-01
5.261841701341174460e-01,1.778806250039183245e-01,7.211640024392220738e-01,8.809229625189373136e-01,6.279710204021947684e-01,-3.943188772062904968e-01,7.389840326016712257e-01,-5.212225713649123460e-01,8.181190692576624235e-01,7.629819429742255021e-01,-6.124835273407279734e-01,7.806561035198446019e-01,-1.588003460121966415e-01,6.074113531008478173e-01,8.795490759622601740e-01,8.313743219265894435e-01,-7.169039073362690750e-01,1.000000000000000000e+00,8.954602025948835697e-01,8.350444099244215268e-01,3.740008406708468791e-01,5.632127337892622876e-01,-3.582211352806567717e-02,4.337818354651910013e-01,-2.747586233660616051e-01,8.000370834606094217e-01,4.206099287378906038e-01,7.775952538846722106e-01,-2.772418028125444578e-01,8.027453296669279093e-01,4.109606705967322471e-01,7.888261678409659305e-01,2.229397081227543487e-01,7.709771351508888371e-01,6.388539873776678812e-02,1.980070195008662159e-01,-1.141959458259186877e-01,8.101735602664601466e-01,7.175156456864998367e-01
5.701794553190533410e-01,1.872642721843797153e-01,7.756414981628642069e-01,7.682300091806036901e-01,7.422221801840813704e-01,-3.288547465624613308e-01,7.239465211558961943e-01,-6.049790717455487687e-01,8.722663935030452453e-01,8.366116892260787585e-01,-5.387397771243186417e-01,6.581582482470303974e-01,-2.419705753792392167e-01,6.563500588269540748e-01,8.254893318186543594e-01,8.780072890812695707e-01,-6.552105932338385674e-01,8.954602025948835697e-01,1.000000000000000000e+00,7.308093724264395075e-01,2.820777368594662438e-01,4.776120667782939311e-01,3.700679424062809642e-02,4.997910898563788229e-01,-1.698288982345631248e-01,7.802587102817025722e-01,4.686781991635040057e-01,7.111580527810323904e-01,-1.520963862386873200e-01,8.710969877989785948e-01,5.041368379118179588e-01,7.646629668720417161e-01,2.954767401758926493e-01,8.260660030845404789e-01,1.639912935242824332e-01,3.195556500264115085e-01,1.819680830150789339e-02,8.454676959134129755e-01,8.136778698357517436e-01
4.602763898155894928e-01,1.530697277935735012e-01,5.921440098121585338e-01,8.617584504397231004e-01,4.180641493476210391e-01,-4.601891067954720360e-01,6.976350939200014478e-01,-3.925801795272957917e-01,6.475825681303665204e-01,6.170765148133784406e-01,-5.942462970809724299e-01,8.474411537578698805e-01,6.932633317982107857e-02,4.944191514836210333e-01,8.640916211370714972e-01,6.625374708131516188e-01,-6.770682919216646223e-01,8.350444099244215268e-01,7.308093724264395075e-01,1.000000000000000000e+00,4.857510589606046647e-01,6.467419059715198149e-01,-7.830425018131224879e-02,2.905559137188649110e-01,-3.733064273758735507e-01,7.393504076378106804e-01,2.903923427368489407e-01,7.785072410173362600e-01,-2.365903063004728968e-01,6.273106815863275232e-01,2.631287097515427331e-01,7.358299158253324146e-01,1.172028526422817934e-01,6.073753549082330228e-01,-6.829835103712227073e-02,7.132556249105688473e-02,-2.361653562099459147e-01,7.438253793001992076e-01,5.981354381211436699e-01
1.091494399300447643e-01,2.226276079069685054e-01,4.609974661537754037e-01,5.092555785938552848e-01,2.630739149888902673e-01,-1.697272309295576598e-01,4.637673625510608799e-01,-3.530030364744857208e-01,1.890033040560203104e-02,4.263814526644867098e-02,-2.156436912629369484e-01,3.939373490399203925e-01,5.617543557429020007e-01,3.628642424390940979e-01,2.771309804926021525e-01,8.638595232949043690e-02,-1.977117460773095414e-01,3.740008406708468791e-01,2.820777368594662438e-01,4.857510589606046647e-01,1.000000000000000000e+00,8.960565451134143711e-01,1.155800298491056755e-01,5.014871414741504940e-02,-1.677306725711818214e-01,4.051544249501190520e-01,1.662742969106497937e-01,7.069295360433950348e-01,-6.064187188564241007e-03,1.168689780021441582e-01,3.663681832265741067e-01,2.124766352838408645e-01,4.520666071200905023e-01,3.279057504271782886e-01,7.851440816767830955e-02,1.940398585985406155e-01,-1.506428926531853604e-02,1.675412941722007887e-01,1.575771180912613131e-02
2.524903113443509040e-01,3.168954240271478762e-01,6.318150972476885840e-01,6.657594791580848659e-01,4.238566696363131325e-01,-1.562709704061431837e-01,6.397647828165053951e-01,-4.811267671077992247e-01,2.273758091979496965e-01,2.298732544513542309e-01,-2.401433928635646753e-01,5.189117913843898089e-01,4.743490851730632341e-01,5.033490647822331798e-01,4.533248219202509754e-01,2.776918905326332121e-01,-2.761907541768077734e-01,5.632127337892622876e-01,4.776120667782939311e-01,6.467419059715198149e-01,8.960565451134143711e-01,1.000000000000000000e+00,2.053470203113839931e-01,1.917998000218199550e-01,-1.200465593564540578e-01,5.583249899919374704e-01,2.971992048325454716e-01,8.063799906379380822e-01,-7.513537486544458188e-02,2.942050810413636142e-01,4.814103135478968731e-01,3.673827515957023837e-01,5.198239088697227395e-01,4.904624159220796198e-01,1.489040835852187272e-01,2.624675120969778286e-01,3.089052396214225782e-02,3.325999780508406278e-01,1.829271548459353303e-01
2.270556962433699644e-01,6.881935888142697300e-01,3.468527205191829776e-01,-7.118382590292460232e-02,3.588841258556541569e-01,7.688767394268228861e-01,1.982800997910824370e-01,-3.757832460471158820e-01,-3.206269089471526501e-02,8.514430264138667104e-02,6.193768711326973486e-01,-2.803305731702198100e-01,9.851626759863967020e-02,4.702177156654012702e-01,-1.996059752746074667e-01,4.284527027455237863e-02,5.478284183097018589e-01,-3.582211352806567717e-02,3.700679424062809642e-02,-7.830425018131224879e-02,1.155800298491056755e-01,2.053470203113839931e-01,1.000000000000000000e+00,5.700398335144624129e-01,8.563788186851839512e-01,7.398610330335271545e-02,3.547094748059335667e-01,1.182453721828828491e-01,2.092181921320033222e-01,3.876902686786000418e-02,5.529101670834047910e-01,-8.805883267721328900e-02,6.091627573519268202e-01,8.944200019156547943e-02,6.945489664063991819e-01,6.310789938703332824e-01,7.099841498596256573e-01,-1.547291979095835324e-01,-5.189500192535041051e-02
4.433714034831248707e-01,4.723684996113263201e-01,5.161081867876611273e-01,3.384057487355414118e-01,5.409515961957853669e-01,2.952657667463703395e-01,3.346515800609450864e-01,-4.743317785850876822e-01,4.875665830035278980e-01,6.212028088142300675e-01,-1.097813268051432180e-02,2.118271006446108828e-01,-2.132188277316195701e-01,7.282716282293035803e-01,3.623966571364555800e-01,6.010153478962451112e-01,-1.055013907339813206e-01,4.337818354651910013e-01,4.997910898563788229e-01,2.905559137188649110e-01,5.014871414741504940e-02,1.917998000218199550e-01,5.700398335144624129e-01,1.000000000000000000e+00,4.446795261826755885e-01,4.414218746890156697e-01,4.069129775181485886e-01,3.575278548799961653e-01,1.543591805771509784e-01,5.865003894036026066e-01,5.256790871146372890e-01,4.559029832035034202e-01,4.165166692867647291e-01,4.548672199911062419e-01,6.174773292018725934e-01,4.986431317731558899e-01,5.004177501212664358e-01,4.192567637979444095e-01,4.949233994192626662e-01
9.142271163320191130e-02,5.747375109065553378e-01,1.031817264990080307e-01,-3.153441709477065591e-01,1.789063358833797301e-01,8.682050379867035650e-01,-5.322916036827463754e-02,-1.752008176034004494e-01,-1.719143520959197091e-01,-7.681547851239295399e-02,7.405150387036952830e-01,-5.523968105221672698e-01,-6.896692754522822100e-02,2.517922869584046097e-01,-4.312753695853591696e-01,-1.179368131162516764e-01,7.019770128832500955e-01,-2.747586233660616051e-01,-1.698288982345631248e-01,-3.733064273758735507e-01,-1.677306725711818214e-01,-1.200465593564540578e-01,8.563788186851839512e-01,4.446795261826755885e-01,1.000000000000000000e+00,-1.753536029132549967e-01,2.495240701837689312e-01,-2.000684881783837410e-01,2.158779856984123502e-01,-1.227917876877281517e-01,3.888249436534991776e-01,-2.688316820760865422e-01,4.389778986176628428e-01,-1.248086037076902438e-01,6.464173904783934166e-01,5.458280449536724310e-01,7.003104582975226977e-01,-3.490466648763173585e-01,-1.938797521889475128e-01
7.530358790551984205e-01,4.535289940211456594e-01,7.917512975975186107e-01,7.356746920511185728e-01,7.193121853580318747e-01,-2.277221599330627733e-01,8.033644195704311430e-01,-6.952047805778477363e-01,7.811637862053834036e-01,7.500707795446608372e-01,-5.301921519682085693e-01,6.155318677632212188e-01,-1.314664279199241337e-01,6.793279299547240191e-01,7.477049736419073556e-01,7.681735390437915978e-01,-5.661349513035983660e-01,8.000370834606094217e-01,7.802587102817025722e-01,7.393504076378106804e-01,4.051544249501190520e-01,5.583249899919374704e-01,7.398610330335271545e-02,4.414218746890156697e-01,-1.753536029132549967e-01,1.000000000000000000e+00,7.055822579263821837e-01,8.220431865551353079e-01,7.938235781758355702e-02,7.953813077005321697e-01,6.275212715208209335e-01,6.995379119303379856e-01,3.650480608131402849e-01,8.138469770302640960e-01,2.984323014561770515e-01,4.916763027207116665e-01,1.863450626917487196e-01,7.205335477595214977e-01,6.732709157223314422e-01
6.835055918396965025e-01,6.396886621899937619e-01,6.448089057540304925e-01,3.460977085422520250e-01,6.243177812175310093e-01,2.564354248186754837e-01,6.110645262116958243e-01,-6.496708764939894687e-01,5.170534277729529338e-01,5.160752963310373254e-01,-4.493866198791069549e-02,1.185090567926943977e-01,-9.966168747742015777e-02,5.028187432114950006e-01,3.158782895767644483e-01,4.844510953822557253e-01,-5.341856987868141143e-02,4.206099287378906038e-01,4.686781991635040057e-01,2.903923427368489407e-01,1.662742969106497937e-01,2.971992048325454716e-01,3.547094748059335667e-01,4.069129775181485886e-01,2.495240701837689312e-01,7.055822579263821837e-01,1.000000000000000000e+00,4.848694184108356953e-01,2.671964905862108108e-01,5.162096636157557095e-01,7.685900694976520731e-01,3.645958400341653416e-01,4.391889953978312944e-01,5.499058920776672688e-01,5.376868469607403167e-01,6.532962478131260076e-01,5.240973537799750170e-01,3.280493508050807971e-01,3.492719620558774052e-01
4.904778189174485159e-01,3.613164719135997793e-01,7.701927493190330321e-01,7.732039445437292047e-01,6.410516788373074037e-01,-2.555152212415356949e-01,7.731547219529610881e-01,-6.356594724473683122e-01,5.605464587663998577e-01,5.376422027636489354e-01,-4.786605086395320230e-01,6.471397404893285410e-01,1.735606312705587351e-01,6.722137147617657238e-01,6.835452547631510889e-01,5.931593785463270541e-01,-5.086888583311783840e-01,7.775952538846722106e-01,7.111580527810323904e-01,7.785072410173362600e-01,7.069295360433950348e-01,8.063799906379380822e-01,1.182453721828828491e-01,3.575278548799961653e-01,-2.000684881783837410e-01,8.220431865551353079e-01,4.848694184108356953e-01,1.000000000000000000e+00,-5.458905969617344062e-02,6.132341868003462482e-01,5.957035635484264624e-01,5.831908950432599381e-01,5.002039662700028533e-01,7.466950781270886850e-01,2.424969203571721021e-01,3.943318617691226602e-01,9.432022259134403841e-02,6.065380906867334776e-01,4.781728831054771200e-01
3.846052971737199400e-01,3.389942995409983562e-01,1.450028054844080573e-02,-2.976561920202027700e-01,9.201886363764527621e-02,2.835630666400490441e-01,-1.144964665486957259e-02,-1.130876055207872682e-01,-8.324791961232129445e-02,2.838852564647830964e-02,2.212218410850156081e-01,-2.846718002067965547e-01,2.112790085867437273e-01,1.752351269417054547e-01,-2.466531131945676192e-01,-7.712925507670786995e-02,3.173957834730048444e-01,-2.772418028125444578e-01,-1.520963862386873200e-01,-2.365903063004728968e-01,-6.064187188564241007e-03,-7.513537486544458188e-02,2.092181921320033222e-01,1.543591805771509784e-01,2.158779856984123502e-01,7.938235781758355702e-02,2.671964905862108108e-01,-5.458905969617344062e-02,1.000000000000000000e+00,1.488647400945084312e-02,1.903128023564594484e-01,2.943464697706203032e-02,1.370090730357134134e-01,-4.563013821753156285e-02,3.120084018305432916e-01,4.242118987230047988e-01,4.392547723251282732e-01,-3.722207974970605238e-02,3.399572223101356150e-02
6.789859372901414503e-01,2.540300190252152701e-01,7.240986894286841613e-01,6.442464186811236448e-01,7.490548026268617487e-01,-2.776333895772634675e-01,6.364611600866062480e-01,-6.250258572521053546e-01,9.104060703017757827e-01,9.143305051157818442e-01,-5.578970119384191184e-01,5.788317729903242892e-01,-4.055838807202448160e-01,6.894016211571232233e-01,7.722388018184606073e-01,9.326047310051638339e-01,-6.471562380094575406e-01,8.027453296669279093e-01,8.710969877989785948e-01,6.273106815863275232e-01,1.168689780021441582e-01,2.942050810413636142e-01,3.876902686786000418e-02,5.865003894036026066e-01,-1.227917876877281517e-01,7.953813077005321697e-01,5.162096636157557095e-01,6.132341868003462482e-01,1.488647400945084312e-02,1.000000000000000000e+00,4.830711513431253379e-01,7.687124749372068466e-01,2.477630443054334719e-01,8.255612830722920403e-01,2.475160728091230500e-01,4.208283863289286608e-01,1.319159448090769515e-01,8.400994378258950235e-01,8.699218012759187824e-01
5.177269388483409784e-01,6.721828413793683454e-01,7.742776347719367847e-01,3.272678447923511036e-01,7.635339421095630463e-01,3.626232564443467310e-01,6.048948999831410545e-01,-7.834809190187236316e-01,4.279150177712121028e-01,4.450749248202234831e-01,8.399446291214564264e-02,5.174837261295358454e-02,-1.699461580256213938e-02,6.976040756851605851e-01,2.356693216570459881e-01,4.322453033274787360e-01,3.336438576020793467e-02,4.109606705967322471e-01,5.041368379118179588e-01,2.631287097515427331e-01,3.663681832265741067e-01,4.814103135478968731e-01,5.529101670834047910e-01,5.256790871146372890e-01,3.888249436534991776e-01,6.275212715208209335e-01,7.685900694976520731e-01,5.957035635484264624e-01,1.903128023564594484e-01,4.830711513431253379e-01,1.000000000000000000e+00,2.235156687514633644e-01,7.655293709017252368e-01,6.389727264870929124e-01,6.941229409961797714e-01,7.686539576119968409e-01,6.413856953135013139e-01,2.775198511591928652e-01,3.220641589221006074e-01
5.857246279701485703e-01,1.588971384023975808e-01,5.344554210233931624e-01,7.367174266567240171e-01,4.567768871486209692e-01,-4.158651879882898639e-01,5.256546405871375116e-01,-3.737611385354065452e-01,7.547902876458970622e-01,7.695205848724661069e-01,-5.687516111479856695e-01,7.232824671112999537e-01,-9.834752124586737532e-02,5.011892432145431675e-01,8.107238972759287510e-01,7.981941473393930897e-01,-6.685673246227464839e-01,7.888261678409659305e-01,7.646629668720417161e-01,7.358299158253324146e-01,2.124766352838408645e-01,3.673827515957023837e-01,-8.805883267721328900e-02,4.559029832035034202e-01,-2.688316820760865422e-01,6.995379119303379856e-01,3.645958400341653416e-01,5.831908950432599381e-01,2.943464697706203032e-02,7.687124749372068466e-01,2.235156687514633644e-01,1.000000000000000000e+00,-1.527447372194818027e-02,5.835965900762302150e-01,1.773008054173268871e-02,1.374136886717728656e-01,-1.419354359153996992e-01,8.175746734190494358e-01,7.375025583575720578e-01
2.042202412586006932e-01,5.386797628259064608e-01,6.980906529007875339e-01,1.664667059794036619e-01,6.846259017922043943e-01,4.417329394480082327e-01,4.735162135111560255e-01,-7.267475349255406725e-01,1.644812040824372990e-01,1.530420456689260966e-01,2.693044735437080672e-01,-1.178247664019970858e-01,1.385679309213495858e-01,6.743669603711447413e-01,1.552643728075194483e-02,1.781653595070574747e-01,2.117936655539910118e-01,2.229397081227543487e-01,2.954767401758926493e-01,1.172028526422817934e-01,4.520666071200905023e-01,5.198239088697227395e-01,6.091627573519268202e-01,4.165166692867647291e-01,4.389778986176628428e-01,3.650480608131402849e-01,4.391889953978312944e-01,5.002039662700028533e-01,1.370090730357134134e-01,2.477630443054334719e-01,7.655293709017252368e-01,-1.527447372194818027e-02,1.000000000000000000e+00,5.407159338145514083e-01,6.686611350631086470e-01,6.858121531743498478e-01,6.440065230171382327e-01,4.794174302564679219e-02,5.768728154681323356e-02
5.639361975262725535e-01,2.911456221316280346e-01,8.601580855833893535e-01,6.499360617954271779e-01,8.567714700969881747e-01,-2.281729120014180934e-01,7.481010208972407316e-01,-7.728258381252927078e-01,8.052509867014303602e-01,7.177660119909804459e-01,-4.774908448885308854e-01,4.813915441187026634e-01,-2.582933340614391171e-01,7.086709371901156462e-01,6.826804736428743192e-01,7.762034707416444190e-01,-5.522561679077953034e-01,7.709771351508888371e-01,8.260660030845404789e-01,6.073753549082330228e-01,3.279057504271782886e-01,4.904624159220796198e-01,8.944200019156547943e-02,4.548672199911062419e-01,-1.248086037076902438e-01,8.138469770302640960e-01,5.499058920776672688e-01,7.466950781270886850e-01,-4.563013821753156285e-02,8.255612830722920403e-01,6.389727264870929124e-01,5.835965900762302150e-01,5.407159338145514083e-01,1.000000000000000000e+00,3.385641422206208673e-01,5.025735407632375695e-01,2.251464404947654541e-01,7.115813205497166782e-01,7.016736301614767690e-01
3.538185966006394678e-01,6.914040294669109299e-01,4.984852016110108974e-01,2.696757884310820030e-03,5.437999631703207548e-01,6.357396140169082610e-01,2.468270192738973579e-01,-6.013724066463702611e-01,1.597703902402166365e-01,2.134317126848186419e-01,3.672116745095584389e-01,-2.697123126088062373e-01,-1.162898739229481365e-01,5.978256318019016247e-01,-9.019181815124076296e-02,2.068190711845162288e-01,3.305331123747046740e-01,6.388539873776678812e-02,1.639912935242824332e-01,-6.829835103712227073e-02,7.851440816767830955e-02,1.489040835852187272e-01,6.945489664063991819e-01,6.174773292018725934e-01,6.464173904783934166e-01,2.984323014561770515e-01,5.376868469607403167e-01,2.424969203571721021e-01,3.120084018305432916e-01,2.475160728091230500e-01,6.941229409961797714e-01,1.773008054173268871e-02,6.686611350631086470e-01,3.385641422206208673e-01,1.000000000000000000e+00,7.632758559740460136e-01,8.771534013961858056e-01,-2.582650615486874537e-02,8.443198582090896687e-02
6.117831703788868536e-01,7.719201655213329127e-01,6.383015094592252581e-01,9.213400184010192562e-02,7.070136433782847618e-01,5.132888192922115955e-01,4.709934219239315101e-01,-7.132144205555918104e-01,3.333148630015101421e-01,3.794701135417110627e-01,2.096249989947011338e-01,-1.648606859230696553e-01,-1.366796080079540621e-01,6.722528921862621631e-01,2.237406017027299479e-02,3.491540452265883276e-01,2.050053494455344738e-01,1.980070195008662159e-01,3.195556500264115085e-01,7.132556249105688473e-02,1.940398585985406155e-01,2.624675120969778286e-01,6.310789938703332824e-01,4.986431317731558899e-01,5.458280449536724310e-01,4.916763027207116665e-01,6.532962478131260076e-01,3.943318617691226602e-01,4.242118987230047988e-01,4.208283863289286608e-01,7.686539576119968409e-01,1.374136886717728656e-01,6.858121531743498478e-01,5.025735407632375695e-01,7.632758559740460136e-01,1.000000000000000000e+00,7.845198444614972511e-01,1.491310732270917372e-01,2.814809075673824212e-01
3.395313099924901490e-01,6.844147119550184621e-01,4.029126826854927401e-01,-1.963964073645771691e-01,4.822164290025955369e-01,7.269092621189734427e-01,2.022341267483312166e-01,-5.463888042233818743e-01,4.553827268669190242e-02,1.085076018683055477e-01,4.880321343682483826e-01,-4.487707536755645710e-01,-8.698341485014224328e-02,4.825253992554799365e-01,-2.721980231490497282e-01,7.004865033122953388e-02,4.826869127421097305e-01,-1.141959458259186877e-01,1.819680830150789339e-02,-2.361653562099459147e-01,-1.506428926531853604e-02,3.089052396214225782e-02,7.099841498596256573e-01,5.004177501212664358e-01,7.003104582975226977e-01,1.863450626917487196e-01,5.240973537799750170e-01,9.432022259134403841e-02,4.392547723251282732e-01,1.319159448090769515e-01,6.413856953135013139e-01,-1.419354359153996992e-01,6.440065230171382327e-01,2.251464404947654541e-01,8.771534013961858056e-01,7.845198444614972511e-01,1.000000000000000000e+00,-1.743085013869659361e-01,-2.758171539668809180e-02
5.506195097732000665e-01,1.185913193562192040e-02,5.762943558083458706e-01,6.942958923505722080e-01,5.523007625084086492e-01,-5.185199460783818104e-01,5.655578094589850391e-01,-4.129096492608738123e-01,8.557616020210799812e-01,8.338554273248455218e-01,-6.609351634400417730e-01,7.400347410180372343e-01,-2.279793285608305575e-01,5.519809961698172174e-01,8.731701288740659761e-01,8.521205778472193959e-01,-7.489649487415244167e-01,8.101735602664601466e-01,8.454676959134129755e-01,7.438253793001992076e-01,1.675412941722007887e-01,3.325999780508406278e-01,-1.547291979095835324e-01,4.192567637979444095e-01,-3.490466648763173585e-01,7.205335477595214977e-01,3.280493508050807971e-01,6.065380906867334776e-01,-3.722207974970605238e-02,8.400994378258950235e-01,2.775198511591928652e-01,8.175746734190494358e-01,4.794174302564679219e-02,7.115813205497166782e-01,-2.582650615486874537e-02,1.491310732270917372e-01,-1.743085013869659361e-01,1.000000000000000000e+00,8.786549426301422105e-01
6.215638410415007531e-01,1.157946681731551186e-01,5.613429874665060160e-01,5.613885540579199862e-01,6.075955473278431551e-01,-3.850611773964139339e-01,5.107555604679228090e-01,-4.443574162780927206e-01,8.688299173095012096e-01,8.749412899105118990e-01,-5.651002635570795407e-01,5.990779120358303844e-01,-4.297106610792351122e-01,5.715538654165818189e-01,7.601017270983168039e-01,8.653894633693580696e-01,-6.612431264080610438e-01,7.175156456864998367e-01,8.136778698357517436e-01,5.981354381211436699e-01,1.575771180912613131e-02,1.829271548459353303e-01,-5.189500192535041051e-02,4.949233994192626662e-01,-1.938797521889475128e-01,6.732709157223314422e-01,3.492719620558774052e-01,4.781728831054771200e-01,3.399572223101356150e-02,8.699218012759187824e-01,3.220641589221006074e-01,7.375025583575720578e-01,5.768728154681323356e-02,7.016736301614767690e-01,8.443198582090896687e-02,2.814809075673824212e-01,-2.758171539668809180e-02,8.786549426301422105e-01,1.000000000000000000e+00
