1.000000000000000000e+00,1.114085979370889601e-01,6.229718114909721383e-01,-3.506781520338690950e-01,7.230842113684602390e-01,4.666463459276953274e-01,-3.345400462908607736e-02,-6.919124712007909128e-01,3.225691382329035073e-01,6.964160356663161300e-03,5.069665580065553234e-01,-3.192071096631354798e-01,-5.376604205310385742e-01,6.686456048288558218e-01,-8.337774969178254891e-02,8.167863374761128448e-01,6.088303802293529854e-01,-2.080595714327624635e-01,-1.110073484490399220e-01,4.417557487084676771e-01,4.635901341560967892e-01,4.418380000560586662e-01,5.006213302809671140e-01,5.896923870677804880e-01,6.145012466251690286e-01,7.158393315348575703e-01,7.129844661457558352e-01,5.971466044558654263e-01,5.790442728834899189e-01,4.692296474120298266e-01,7.348126828274353928e-01,2.782297849494574371e-01,6.333845878858090916e-01,1.539318483746435207e-01,5.997635993875023441e-01,6.141873893765302794e-01,6.553695955478725521e-01,5.224929198880965409e-01,-3.043199056965044114e-01
1.114085979370889601e-01,1.000000000000000000e+00,2.074570033176121875e-01,4.518403714664802617e-01,2.617745510328128855e-01,-1.128125726017602665e-01,2.756920527483106009e-01,1.146924876641821078e-01,7.025378954090548689e-01,8.049537521845915311e-01,-1.239247222926654624e-01,5.697718114868998152e-01,-2.020949585789480196e-01,-9.514131454379910757e-02,2.673956050634888615e-01,1.951560799380769873e-01,-4.193200598536896972e-01,2.852041786533672241e-01,6.734838554321697091e-01,-3.868973293194418184e-01,-3.791364417015361532e-01,-3.467786907969711563e-01,-2.319544631783400923e-01,-1.295342376958228403e-01,-2.503240969052248355e-01,-3.116711193031520000e-01,3.671826132384414798e-01,-4.594802777176317243e-01,-4.947973561930668063e-01,6.004845344140423702e-01,2.063093675200211585e-01,8.157307227319940957e-01,-5.807830613308462980e-02,4.429529126803095629e-01,-2.525568102700147533e-01,-1.737218433344820123e-01,-1.789425549542179167e-02,4.844725683954519968e-01,7.161295157026262848e-01
6.229718114909721383e-01,2.074570033176121875e-01,1.000000000000000000e+00,1.321130481679285568e-02,8.585929287889847439e-01,3.342138403514443024e-01,-9.197073028267516853e-03,-8.205881678596939066e-01,5.359135695420125245e-01,2.134376081679978110e-01,3.090092039266225110e-01,5.437341555616074379e-02,-4.128371179381046807e-01,7.233568679120963019e-01,2.227078955770271373e-01,6.797193613486639530e-01,3.211316920516173457e-01,-7.669006728275451490e-02,1.142379670348856180e-01,1.161633102412256979e-01,3.917869958328688562e-01,4.051805436392758586e-01,2.713685044806843916e-01,5.512407799801273267e-01,3.746969077515819313e-01,2.993863136409469217e-01,5.273070512371194063e-01,1.725893019031519149e-01,1.849481773421375042e-01,6.888503301083565011e-01,5.221089973097571280e-01,3.614074550040676792e-01,7.901449242343568935e-01,6.200881426388886730e-01,1.900869864205050885e-01,1.626495060267102721e-01,2.788321866004650484e-01,5.941367768134375726e-01,4.244946027073474848e-02
-3.506781520338690950e-01,4.518403714664802617e-01,1.321130481679285568e-02,1.000000000000000000e+00,-1.327981024022251433e-01,-5.562271952728617963e-01,-9.699447598355777356e-02,4.015375590187642563e-01,5.516562884536364564e-01,6.552436214000699755e-01,-5.877250108625673430e-01,8.284783698798637852e-01,1.175085922353178713e-01,-4.705658043441828808e-01,5.342951152654091818e-01,-1.000504564716210021e-01,-6.447112048170158261e-01,7.747865034433131237e-01,8.026775759324059623e-01,-3.178699963845643683e-01,-7.036152408677424086e-01,-7.230010337987905489e-01,-7.084146836279960890e-01,-6.024861895756752350e-01,-7.273822928984220448e-01,-7.251420375336611324e-01,-3.149034072814280716e-01,-7.932034334887242411e-01,-8.148681336619915117e-01,3.682600597918935792e-01,-5.203837646716070742e-01,2.872998951816514435e-01,-3.769644725041205180e-01,3.693584694188042361e-01,-6.800712790475782477e-01,-6.605437180485322912e-01,-5.727435266643894352e-01,3.911787396596554944e-01,7.137986055016120046e-01
7.230842113684602390e-01,2.617745510328128855e-01,8.585929287889847439e-01,-1.327981024022251433e-01,1.000000000000000000e+00,4.812931453587794839e-01,8.679468737001064249e-02,-7.990729240011035239e-01,4.989017249016664546e-01,1.781211584623166311e-01,4.406001789838500105e-01,-6.147887435567342407e-02,-5.022314555691775873e-01,7.899524409426423865e-01,5.672045993742480530e-02,7.660520938527813906e-01,4.427475008094617914e-01,-1.428650582785357392e-01,3.993491510855876753e-02,1.842323709163599943e-01,4.528092849050306956e-01,4.776713385806509726e-01,4.298692806254586496e-01,6.565336063261275612e-01,5.210771430893439415e-01,4.538941476288423926e-01,6.994857314960787331e-01,3.257936917763290530e-01,3.235037978268985315e-01,6.659840549759213912e-01,7.055714540849934435e-01,4.271172800498047040e-01,8.093201364283456600e-01,5.254118662091473713e-01,3.593181182348556546e-01,3.516867473656028475e-01,4.751288486077600570e-01,5.862248487493806337e-01,-1.308444354931785451e-02
4.666463459276953274e-01,-1.128125726017602665e-01,3.342138403514443024e-01,-5.562271952728617963e-01,4.812931453587794839e-01,1.000000000000000000e+00,3.482764330869994596e-01,-6.010537715238799539e-01,-2.403668593661570652e-01,-3.492817088170656059e-01,7.907363819802543103e-01,-5.926750254867392265e-01,-1.871557951888420668e-01,6.569909541795566632e-01,-6.221186011877584132e-01,3.178475921379048663e-01,6.809253057355523220e-01,-5.093883634265571336e-01,-5.046387089115393909e-01,3.063416695255696265e-01,7.108006565856946901e-01,7.430396452644492111e-01,8.309387443667917150e-01,7.212287016419861585e-01,8.180768361662107413e-01,7.314440489427782577e-01,6.352999966498116269e-01,6.781499748505194214e-01,6.842492103064227171e-01,-4.948044996540450213e-02,6.861797748643824191e-01,1.850400670599793018e-02,5.532217116325267581e-01,-1.408340982802357144e-01,7.241345602554360994e-01,7.526609897228002666e-01,7.203763463794851107e-01,-1.312732235680115211e-01,-3.888920921697971433e-01
-3.345400462908607736e-02,2.756920527483106009e-01,-9.197073028267516853e-03,-9.699447598355777356e-02,8.679468737001064249e-02,3.482764330869994596e-01,1.000000000000000000e+00,5.906831207969279358e-03,-1.377264482649355470e-01,-5.198779395092049255e-02,3.458907668879748210e-01,-1.901638631029594073e-01,4.680193602079633225e-02,1.284980753755857741e-01,-3.579114348248569333e-01,-1.357516563573833157e-01,5.427479974682686281e-02,-1.990066303887149113e-01,-1.004084636293705868e-01,-5.973691162763320774e-03,2.643504907775064972e-01,2.673347031492200876e-01,3.460156329833417033e-01,1.982893157004178286e-01,2.892009042529424812e-01,1.509193550079032664e-01,2.793382121806881058e-01,1.645654452849713845e-01,8.354915916410626808e-02,-1.500681470111029925e-01,2.846422002505165638e-01,9.786165629124776721e-02,8.574305382900000716e-02,-1.016082288462282629e-01,1.642336829736465442e-01,2.957182257033028616e-01,2.561552407178420698e-01,-2.080972017198577106e-01,4.609816357075147142e-02
-6.919124712007909128e-01,1.146924876641821078e-01,-8.205881678596939066e-01,4.015375590187642563e-01,-7.990729240011035239e-01,-6.010537715238799539e-01,5.906831207969279358e-03,1.000000000000000000e+00,-1.412511359654825271e-01,1.924447165776269342e-01,-5.831547345105746460e-01,3.786943314842534103e-01,3.686872176220867825e-01,-8.640077750706395276e-01,8.904837095447860895e-02,-6.407165775013698994e-01,-6.272367986392050065e-01,4.204617694314805587e-01,3.316861928079884447e-01,-3.304281519665422939e-01,-6.849721954960734660e-01,-6.989585645098947975e-01,-5.939408262738016253e-01,-7.688208879650045846e-01,-6.992902237517412134e-01,-6.405726240348567080e-01,-5.588704580778804942e-01,-5.428239422930362101e-01,-5.810167349726754749e-01,-3.781324163062895760e-01,-6.414790801271000875e-01,-9.012632085463175013e-02,-8.604490744451184225e-01,-3.340368020480788958e-01,-5.025938901194756392e-01,-4.641997888424936880e-01,-5.105286337421092169e-01,-3.089451926126093873e-01,3.452617524677943361e-01
3.225691382329035073e-01,7.025378954090548689e-01,5.359135695420125245e-01,5.516562884536364564e-01,4.989017249016664546e-01,-2.403668593661570652e-01,-1.377264482649355470e-01,-1.412511359654825271e-01,1.000000000000000000e+00,8.256113700026823654e-01,-2.566548002136047057e-01,6.852768042196006881e-01,-3.827318798622997842e-01,8.402489289888963320e-02,5.885394349476831266e-01,5.429928813091444706e-01,-3.097820259922355324e-01,4.552467425424610581e-01,7.680892425621840269e-01,-2.489376412148153195e-01,-3.604963954741618459e-01,-3.386908949722046147e-01,-3.508145839084316764e-01,-8.372291771394434201e-02,-3.005479044927974464e-01,-2.928723303005311696e-01,3.316093544309864916e-01,-4.441358035650824765e-01,-4.651667935784670749e-01,8.904417556043713322e-01,1.637007305732346985e-01,7.395361712347637839e-01,1.854891643727532846e-01,7.247081019287004988e-01,-3.260393888781161764e-01,-3.192003183226551633e-01,-1.364514309769242761e-01,8.381090620279774139e-01,6.440988016373963010e-01
6.964160356663161300e-03,8.049537521845915311e-01,2.134376081679978110e-01,6.552436214000699755e-01,1.781211584623166311e-01,-3.492817088170656059e-01,-5.198779395092049255e-02,1.924447165776269342e-01,8.256113700026823654e-01,1.000000000000000000e+00,-4.068838706015160400e-01,7.997459928867991508e-01,-1.973982784065724527e-01,-2.508655410755494808e-01,4.706160011473575766e-01,2.639287924537139784e-01,-5.631848279765907517e-01,5.503271079809057831e-01,8.635371431375166162e-01,-4.623012590925075216e-01,-5.790350824561090182e-01,-5.604089807258981759e-01,-5.059591321117443696e-01,-3.617198558858719104e-01,-5.062411579870926825e-01,-5.242391686792425842e-01,2.085458818679086501e-01,-6.479579890415145815e-01,-6.904262988387275257e-01,6.979319895430148302e-01,-2.538942900486228921e-02,7.813421716250397164e-01,-1.730625343106069192e-01,5.354710721049833477e-01,-4.797147752797062403e-01,-4.158817090688662343e-01,-2.874448387571396091e-01,6.208891033247924129e-01,8.484352417395685242e-01
5.069665580065553234e-01,-1.239247222926654624e-01,3.090092039266225110e-01,-5.877250108625673430e-01,4.406001789838500105e-01,7.907363819802543103e-01,3.458907668879748210e-01,-5.831547345105746460e-01,-2.566548002136047057e-01,-4.068838706015160400e-01,1.000000000000000000e+00,-6.525513676255222384e-01,-2.743726376488622720e-01,6.429581470953187328e-01,-5.333276623020515306e-01,3.283133472178701995e-01,7.745755039751986981e-01,-4.860901507208397754e-01,-4.901454463000790018e-01,3.916672676564114108e-01,6.731699117956845280e-01,7.099595900784165803e-01,7.778109318587209664e-01,6.312575300891326568e-01,8.354881506192026741e-01,7.476940907960603067e-01,5.750820206937363732e-01,7.105267364746561398e-01,6.992911248193239837e-01,-7.995965587733397384e-02,7.169431031273332255e-01,-5.130265568633756573e-03,5.951555760560286457e-01,-1.868890808319599306e-01,6.606881045217424253e-01,7.830287670870104133e-01,7.100454272318256210e-01,-6.621111734510767843e-02,-4.262921427785394957e-01
-3.192071096631354798e-01,5.697718114868998152e-01,5.437341555616074379e-02,8.284783698798637852e-01,-6.147887435567342407e-02,-5.926750254867392265e-01,-1.901638631029594073e-01,3.786943314842534103e-01,6.852768042196006881e-01,7.997459928867991508e-01,-6.525513676255222384e-01,1.000000000000000000e+00,3.164574490771591281e-02,-4.225668953036209596e-01,6.357672590654657174e-01,-2.565785624736568321e-02,-7.145214177514132015e-01,6.889877336504974803e-01,8.336361655252479963e-01,-4.605298201295411897e-01,-7.241073697914580665e-01,-6.895413599341966293e-01,-7.368627759938224386e-01,-5.621010410702919069e-01,-7.592768990339542334e-01,-7.878710569014553133e-01,-2.167810125994796000e-01,-8.438516498202531801e-01,-8.599831341419645891e-01,5.112029740241483822e-01,-4.238645918407066837e-01,4.864776322619071003e-01,-3.154195443740561156e-01,5.373284695111999465e-01,-7.330125708857445632e-01,-7.184517895530410092e-01,-5.962277626322335378e-01,4.797496121118614010e-01,8.294370173140784841e-01
-5.376604205310385742e-01,-2.020949585789480196e-01,-4.128371179381046807e-01,1.175085922353178713e-01,-5.022314555691775873e-01,-1.871557951888420668e-01,4.680193602079633225e-02,3.686872176220867825e-01,-3.827318798622997842e-01,-1.973982784065724527e-01,-2.743726376488622720e-01,3.164574490771591281e-02,1.000000000000000000e+00,-3.591614839917624535e-01,2.210407616953366863e-02,-5.627206046569479536e-01,-2.676030153726666194e-01,-1.689691190401118245e-02,-1.337904310124690133e-01,-1.521959472474848918e-01,-1.203605072418825472e-01,-1.599046933766793410e-01,-2.428241136533763056e-01,-1.949789371000637539e-01,-2.748676868731773082e-01,-2.968575365028852109e-01,-5.286467822211922130e-01,-2.344436292892699558e-01,-1.693769442198071185e-01,-4.308176612741917433e-01,-5.241060101190393450e-01,-3.627258397618882690e-01,-3.746094178334244407e-01,-2.346809465687612339e-01,-1.043872790742783746e-01,-3.035912238304231958e-01,-2.258928001792007423e-01,-4.236175295082493797e-01,1.544944527084937680e-02
6.686456048288558218e-01,-9.514131454379910757e-02,7.233568679120963019e-01,-4.705658043441828808e-01,7.899524409426423865e-01,6.569909541795566632e-01,1.284980753755857741e-01,-8.640077750706395276e-01,8.402489289888963320e-02,-2.508655410755494808e-01,6.429581470953187328e-01,-4.225668953036209596e-01,-3.591614839917624535e-01,1.000000000000000000e+00,-1.378425962318418629e-01,5.940515445165869268e-01,6.939315667484442507e-01,-4.843425672263800830e-01,-3.969873162117899534e-01,3.714448135067044410e-01,7.302682008986542961e-01,7.803436153348074500e-01,6.789735287339946357e-01,8.548684619259143691e-01,7.592369596096191220e-01,6.814431875903577129e-01,6.151337794619505805e-01,5.995157418095427015e-01,6.365677541838288267e-01,3.272376279938941090e-01,7.134523024057255469e-01,1.156624518865041473e-01,9.091938043945592129e-01,2.935853324453875368e-01,5.655308899077001739e-01,5.253428128599662017e-01,5.878651841437004810e-01,2.516229017342731522e-01,-3.799192866195562623e-01
-8.337774969178254891e-02,2.673956050634888615e-01,2.227078955770271373e-01,5.342951152654091818e-01,5.672045993742480530e-02,-6.221186011877584132e-01,-3.579114348248569333e-01,8.904837095447860895e-02,5.885394349476831266e-01,4.706160011473575766e-01,-5.333276623020515306e-01,6.357672590654657174e-01,2.210407616953366863e-02,-1.378425962318418629e-01,1.000000000000000000e+00,1.138359370658659081e-01,-4.469127457319838626e-01,3.696716368247607853e-01,5.371564643318547105e-01,-1.784601855712022178e-01,-4.583751779111858160e-01,-4.771885040463130223e-01,-6.618460471024203429e-01,-2.948105309718290212e-01,-5.567732174111748034e-01,-5.109563020474011674e-01,-2.865561045112367533e-01,-5.885381039775918754e-01,-5.206801532050050474e-01,4.893634746145323899e-01,-3.708964534228332832e-01,2.429965219305100232e-01,-3.176686987558255404e-02,5.948620841622687117e-01,-5.473993732333370943e-01,-6.613033507460831517e-01,-4.724924369105467648e-01,5.602846079657698430e-01,4.066037537741916119e-01
8.167863374761128448e-01,1.951560799380769873e-01,6.797193613486639530e-01,-1.000504564716210021e-01,7.660520938527813906e-01,3.178475921379048663e-01,-1.357516563573833157e-01,-6.407165775013698994e-01,5.429928813091444706e-01,2.639287924537139784e-01,3.283133472178701995e-01,-2.565785624736568321e-02,-5.627206046569479536e-01,5.940515445165869268e-01,1.138359370658659081e-01,1.000000000000000000e+00,4.628435833023996082e-01,4.929827199477909011e-02,1.392853159483281589e-01,3.164202147016021427e-01,2.700032700047438894e-01,2.636836425115762217e-01,2.969207034224478625e-01,4.405096436485282374e-01,4.046870473807783197e-01,4.838604094160503521e-01,6.582387571228274226e-01,3.665528810583545405e-01,3.279513269650842222e-01,6.832989154054170955e-01,6.006877540117075975e-01,4.093437373748574637e-01,5.965756018138753669e-01,3.952811581689147369e-01,3.335203878421027501e-01,3.664367794560176028e-01,4.142801544941118186e-01,7.388203003377448175e-01,-2.961894445382326838e-02
6.088303802293529854e-01,-4.193200598536896972e-01,3.211316920516173457e-01,-6.447112048170158261e-01,4.427475008094617914e-01,6.809253057355523220e-01,5.427479974682686281e-02,-6.272367986392050065e-01,-3.097820259922355324e-01,-5.631848279765907517e-01,7.745755039751986981e-01,-7.145214177514132015e-01,-2.676030153726666194e-01,6.939315667484442507e-01,-4.469127457319838626e-01,4.628435833023996082e-01,1.000000000000000000e+00,-4.140820678416616274e-01,-5.835872595391244921e-01,5.791022472938087695e-01,7.105295867780476726e-01,7.173698351101615023e-01,7.253790451585686583e-01,6.499943969360032492e-01,7.956816938903062963e-01,8.357403540289820576e-01,4.589985472795360955e-01,8.479796595623910749e-01,8.371849937668789376e-01,-1.138975909179014145e-01,5.989634761756037484e-01,-2.160799063508164197e-01,6.181747873701639584e-01,-2.597519708594729360e-01,7.260508309154029005e-01,7.694673699325397243e-01,6.856798725732824451e-01,-2.909139664762389402e-02,-6.743830762395237599e-01
-2.080595714327624635e-01,2.852041786533672241e-01,-7.669006728275451490e-02,7.747865034433131237e-01,-1.428650582785357392e-01,-5.093883634265571336e-01,-1.990066303887149113e-01,4.204617694314805587e-01,4.552467425424610581e-01,5.503271079809057831e-01,-4.860901507208397754e-01,6.889877336504974803e-01,-1.689691190401118245e-02,-4.843425672263800830e-01,3.696716368247607853e-01,4.929827199477909011e-02,-4.140820678416616274e-01,1.000000000000000000e+00,7.611548149426189402e-01,-1.188787503437306325e-01,-6.972986617584256974e-01,-7.342638077512302353e-01,-6.417179645639091712e-01,-6.613330592376744921e-01,-6.216391628324986485e-01,-5.446692582854881781e-01,-2.755081596496806728e-01,-5.609184175377913695e-01,-6.603293756270377513e-01,2.584379469668759421e-01,-4.601905855948885682e-01,1.550141450099405405e-01,-4.307340925477894933e-01,9.612747518933985325e-02,-5.401088034905734414e-01,-4.190116923673768978e-01,-4.467570139839923127e-01,3.869656614897438729e-01,5.705449932159829540e-01
-1.110073484490399220e-01,6.734838554321697091e-01,1.142379670348856180e-01,8.026775759324059623e-01,3.993491510855876753e-02,-5.046387089115393909e-01,-1.004084636293705868e-01,3.316861928079884447e-01,7.680892425621840269e-01,8.635371431375166162e-01,-4.901454463000790018e-01,8.336361655252479963e-01,-1.337904310124690133e-01,-3.969873162117899534e-01,5.371564643318547105e-01,1.392853159483281589e-01,-5.835872595391244921e-01,7.611548149426189402e-01,1.000000000000000000e+00,-3.752466276919499966e-01,-6.932619564760978959e-01,-7.016491524179824246e-01,-6.626157999392741083e-01,-5.566331219337242731e-01,-6.394356722518852454e-01,-6.301717193255388372e-01,-1.995455464411971871e-02,-7.150686138306558970e-01,-7.799814263555183702e-01,5.753931688595778082e-01,-2.239716133173380863e-01,5.933243712565645644e-01,-2.978076167406875641e-01,4.128286312221753906e-01,-6.044012892448867857e-01,-5.008113691663476086e-01,-4.088768424788475908e-01,5.855960870853444966e-01,8.090906490204549106e-01
4.417557487084676771e-01,-3.868973293194418184e-01,1.161633102412256979e-01,-3.178699963845643683e-01,1.842323709163599943e-01,3.063416695255696265e-01,-5.973691162763320774e-03,-3.304281519665422939e-01,-2.489376412148153195e-01,-4.623012590925075216e-01,3.916672676564114108e-01,-4.605298201295411897e-01,-1.521959472474848918e-01,3.714448135067044410e-01,-1.784601855712022178e-01,3.164202147016021427e-01,5.791022472938087695e-01,-1.188787503437306325e-01,-3.752466276919499966e-01,1.000000000000000000e+00,3.655821001042182106e-01,3.314391806064849733e-01,4.120914087803945192e-01,3.073353091664087211e-01,5.015411285459671076e-01,6.099611767402175477e-01,1.289525214386741392e-01,6.085960637355172231e-01,5.685988963471667601e-01,-1.334179471183570553e-01,2.057386924989351717e-01,-3.727663952207760922e-01,3.000955840952839182e-01,-2.324248386706337377e-01,4.554904440560390566e-01,4.945377993694475283e-01,3.830900127592993809e-01,9.786634931434233520e-02,-5.438531884525008575e-01
4.635901341560967892e-01,-3.791364417015361532e-01,3.917869958328688562e-01,-7.036152408677424086e-01,4.528092849050306956e-01,7.108006565856946901e-01,2.643504907775064972e-01,-6.849721954960734660e-01,-3.604963954741618459e-01,-5.790350824561090182e-01,6.731699117956845280e-01,-7.241073697914580665e-01,-1.203605072418825472e-01,7.302682008986542961e-01,-4.583751779111858160e-01,2.700032700047438894e-01,7.105295867780476726e-01,-6.972986617584256974e-01,-6.932619564760978959e-01,3.655821001042182106e-01,1.000000000000000000e+00,9.082607666114194123e-01,7.796363255037336293e-01,7.696177587356747285e-01,8.164815702117241836e-01,7.572889730773253447e-01,4.528911441089210066e-01,7.703361970493249888e-01,7.857881733021824244e-01,-1.437677996915325551e-01,6.222020878244418629e-01,-2.057747502639894754e-01,6.803855002434636701e-01,-1.145572848209976402e-01,6.690643349644710414e-01,6.672132580139583657e-01,5.975578860346485444e-01,-1.801789606722798420e-01,-6.421082808989664326e-01
4.418380000560586662e-01,-3.467786907969711563e-01,4.051805436392758586e-01,-7.230010337987905489e-01,4.776713385806509726e-01,7.430396452644492111e-01,2.673347031492200876e-01,-6.989585645098947975e-01,-3.386908949722046147e-01,-5.604089807258981759e-01,7.099595900784165803e-01,-6.895413599341966293e-01,-1.599046933766793410e-01,7.803436153348074500e-01,-4.771885040463130223e-01,2.636836425115762217e-01,7.173698351101615023e-01,-7.342638077512302353e-01,-7.016491524179824246e-01,3.314391806064849733e-01,9.082607666114194123e-01,1.000000000000000000e+00,8.155498377493843876e-01,8.190225996817829257e-01,8.280359242961764510e-01,7.244930277282322084e-01,4.722657470926641676e-01,7.447720601556108155e-01,7.793324547088187337e-01,-9.734560556743829252e-02,6.556046043298840997e-01,-1.343343613398500225e-01,7.474534826494682038e-01,-3.282696498616279740e-02,6.458319187124594851e-01,6.380229232056964239e-01,5.985027247099964365e-01,-1.848979303002015739e-01,-5.949004162589595079e-01
5.006213302809671140e-01,-2.319544631783400923e-01,2.713685044806843916e-01,-7.084146836279960890e-01,4.298692806254586496e-01,8.309387443667917150e-01,3.460156329833417033e-01,-5.939408262738016253e-01,-3.508145839084316764e-01,-5.059591321117443696e-01,7.778109318587209664e-01,-7.368627759938224386e-01,-2.428241136533763056e-01,6.789735287339946357e-01,-6.618460471024203429e-01,2.969207034224478625e-01,7.253790451585686583e-01,-6.417179645639091712e-01,-6.626157999392741083e-01,4.120914087803945192e-01,7.796363255037336293e-01,8.155498377493843876e-01,1.000000000000000000e+00,7.664619392103414475e-01,8.956572984949590088e-01,8.140592908453188059e-01,5.685422077811060904e-01,8.092756607036272198e-01,7.954782508863669221e-01,-1.388168390304456434e-01,7.033320822874505884e-01,-1.368451526911037275e-01,5.832695749695052667e-01,-1.757207322534425353e-01,7.771158331782801465e-01,7.815649373266104760e-01,7.100698638320532829e-01,-2.135712281742580820e-01,-5.588864076442872086e-01
5.896923870677804880e-01,-1.295342376958228403e-01,5.512407799801273267e-01,-6.024861895756752350e-01,6.565336063261275612e-01,7.212287016419861585e-01,1.982893157004178286e-01,-7.688208879650045846e-01,-8.372291771394434201e-02,-3.617198558858719104e-01,6.312575300891326568e-01,-5.621010410702919069e-01,-1.949789371000637539e-01,8.548684619259143691e-01,-2.948105309718290212e-01,4.405096436485282374e-01,6.499943969360032492e-01,-6.613330592376744921e-01,-5.566331219337242731e-01,3.073353091664087211e-01,7.696177587356747285e-01,8.190225996817829257e-01,7.664619392103414475e-01,1.000000000000000000e+00,7.899372656601226783e-01,7.212050318612170940e-01,5.717524083068423746e-01,6.572819695049494371e-01,7.305399630753742768e-01,1.775044592597731230e-01,6.984128753504985632e-01,3.372655584685819302e-02,7.935869812248391719e-01,1.754895779333830175e-01,6.938084666182025018e-01,5.393671889786930684e-01,6.617906057681736121e-01,4.739510772207743139e-02,-4.707176839240466704e-01
6.145012466251690286e-01,-2.503240969052248355e-01,3.746969077515819313e-01,-7.273822928984220448e-01,5.210771430893439415e-01,8.180768361662107413e-01,2.892009042529424812e-01,-6.992902237517412134e-01,-3.005479044927974464e-01,-5.062411579870926825e-01,8.354881506192026741e-01,-7.592768990339542334e-01,-2.748676868731773082e-01,7.592369596096191220e-01,-5.567732174111748034e-01,4.046870473807783197e-01,7.956816938903062963e-01,-6.216391628324986485e-01,-6.394356722518852454e-01,5.015411285459671076e-01,8.164815702117241836e-01,8.280359242961764510e-01,8.956572984949590088e-01,7.899372656601226783e-01,1.000000000000000000e+00,8.870681032870892935e-01,6.021965551727113120e-01,8.546433975200616873e-01,8.497639992433336786e-01,-8.024613990230880511e-02,7.478643005089778972e-01,-1.231387194529795365e-01,6.628017684432115919e-01,-1.629764251873936642e-01,8.033283126572381416e-01,8.299641031612415842e-01,7.691059741370278591e-01,-9.368381196298029845e-02,-5.866199695844955819e-01
7.158393315348575703e-01,-3.116711193031520000e-01,2.993863136409469217e-01,-7.251420375336611324e-01,4.538941476288423926e-01,7.314440489427782577e-01,1.509193550079032664e-01,-6.405726240348567080e-01,-2.928723303005311696e-01,-5.242391686792425842e-01,7.476940907960603067e-01,-7.878710569014553133e-01,-2.968575365028852109e-01,6.814431875903577129e-01,-5.109563020474011674e-01,4.838604094160503521e-01,8.357403540289820576e-01,-5.446692582854881781e-01,-6.301717193255388372e-01,6.099611767402175477e-01,7.572889730773253447e-01,7.244930277282322084e-01,8.140592908453188059e-01,7.212050318612170940e-01,8.870681032870892935e-01,1.000000000000000000e+00,5.774366396339645213e-01,9.091221053121222306e-01,9.010476539071490265e-01,-9.591312236114525602e-02,6.940140465809907511e-01,-1.734059590380052363e-01,5.636148147843510481e-01,-2.720467415531241939e-01,8.448859739819558623e-01,8.524704309658193147e-01,7.851291664322626040e-01,-3.635498889729146116e-02,-6.897309034608626321e-01
7.129844661457558352e-01,3.671826132384414798e-01,5.273070512371194063e-01,-3.149034072814280716e-01,6.994857314960787331e-01,6.352999966498116269e-01,2.793382121806881058e-01,-5.588704580778804942e-01,3.316093544309864916e-01,2.085458818679086501e-01,5.750820206937363732e-01,-2.167810125994796000e-01,-5.286467822211922130e-01,6.151337794619505805e-01,-2.865561045112367533e-01,6.582387571228274226e-01,4.589985472795360955e-01,-2.755081596496806728e-01,-1.995455464411971871e-02,1.289525214386741392e-01,4.528911441089210066e-01,4.722657470926641676e-01,5.685422077811060904e-01,5.717524083068423746e-01,6.021965551727113120e-01,5.774366396339645213e-01,1.000000000000000000e+00,4.517264647978600500e-01,4.019459518170039880e-01,4.560349305717220636e-01,8.752964323420143744e-01,5.606043728858182140e-01,5.580477781152933803e-01,1.863785957818281103e-01,5.225407434342975721e-01,6.173912413395370447e-01,6.449258617126895077e-01,3.671180412348617472e-01,-9.777553838878445466e-03
5.971466044558654263e-01,-4.594802777176317243e-01,1.725893019031519149e-01,-7.932034334887242411e-01,3.257936917763290530e-01,6.781499748505194214e-01,1.645654452849713845e-01,-5.428239422930362101e-01,-4.441358035650824765e-01,-6.479579890415145815e-01,7.105267364746561398e-01,-8.438516498202531801e-01,-2.344436292892699558e-01,5.995157418095427015e-01,-5.885381039775918754e-01,3.665528810583545405e-01,8.479796595623910749e-01,-5.609184175377913695e-01,-7.150686138306558970e-01,6.085960637355172231e-01,7.703361970493249888e-01,7.447720601556108155e-01,8.092756607036272198e-01,6.572819695049494371e-01,8.546433975200616873e-01,9.091221053121222306e-01,4.517264647978600500e-01,1.000000000000000000e+00,9.152131109201195880e-01,-2.529879043376273562e-01,6.110532580149294901e-01,-3.157506006853457725e-01,4.955065490079578749e-01,-3.775694135734186108e-01,8.131058003587132710e-01,8.396927063194886687e-01,7.195193125204191187e-01,-1.805418014432909057e-01,-7.753612359525058340e-01
5.790442728834899189e-01,-4.947973561930668063e-01,1.849481773421375042e-01,-8.148681336619915117e-01,3.235037978268985315e-01,6.842492103064227171e-01,8.354915916410626808e-02,-5.810167349726754749e-01,-4.651667935784670749e-01,-6.904262988387275257e-01,6.992911248193239837e-01,-8.599831341419645891e-01,-1.693769442198071185e-01,6.365677541838288267e-01,-5.206801532050050474e-01,3.279513269650842222e-01,8.371849937668789376e-01,-6.603293756270377513e-01,-7.799814263555183702e-01,5.685988963471667601e-01,7.857881733021824244e-01,7.793324547088187337e-01,7.954782508863669221e-01,7.305399630753742768e-01,8.497639992433336786e-01,9.010476539071490265e-01,4.019459518170039880e-01,9.152131109201195880e-01,1.000000000000000000e+00,-2.449626017931304800e-01,5.788843062917019555e-01,-3.242626496056389418e-01,5.343432661155240737e-01,-3.281501405054763065e-01,8.321868994546248732e-01,7.729450787363199016e-01,7.222419735676420816e-01,-1.985578263125731546e-01,-8.047751328147683125e-01
4.692296474120298266e-01,6.004845344140423702e-01,6.888503301083565011e-01,3.682600597918935792e-01,6.659840549759213912e-01,-4.948044996540450213e-02,-1.500681470111029925e-01,-3.781324163062895760e-01,8.904417556043713322e-01,6.979319895430148302e-01,-7.995965587733397384e-02,5.112029740241483822e-01,-4.308176612741917433e-01,3.272376279938941090e-01,4.893634746145323899e-01,6.832989154054170955e-01,-1.138975909179014145e-01,2.584379469668759421e-01,5.753931688595778082e-01,-1.334179471183570553e-01,-1.437677996915325551e-01,-9.734560556743829252e-02,-1.388168390304456434e-01,1.775044592597731230e-01,-8.024613990230880511e-02,-9.591312236114525602e-02,4.560349305717220636e-01,-2.529879043376273562e-01,-2.449626017931304800e-01,1.000000000000000000e+00,3.349063999935285030e-01,7.153180347271308470e-01,4.253329103292706748e-01,7.775541812451830515e-01,-1.408912947266260929e-01,-1.860379598029313353e-01,1.678046149024290529e-02,8.478038130582000731e-01,4.928825102238453826e-01
7.348126828274353928e-01,2.063093675200211585e-01,5.221089973097571280e-01,-5.203837646716070742e-01,7.055714540849934435e-01,6.861797748643824191e-01,2.846422002505165638e-01,-6.414790801271000875e-01,1.637007305732346985e-01,-2.538942900486228921e-02,7.169431031273332255e-01,-4.238645918407066837e-01,-5.241060101190393450e-01,7.134523024057255469e-01,-3.708964534228332832e-01,6.006877540117075975e-01,5.989634761756037484e-01,-4.601905855948885682e-01,-2.239716133173380863e-01,2.057386924989351717e-01,6.222020878244418629e-01,6.556046043298840997e-01,7.033320822874505884e-01,6.984128753504985632e-01,7.478643005089778972e-01,6.940140465809907511e-01,8.752964323420143744e-01,6.110532580149294901e-01,5.788843062917019555e-01,3.349063999935285030e-01,1.000000000000000000e+00,4.101156331467893379e-01,6.803235473589198667e-01,1.085475128391101135e-01,6.349306896505244602e-01,7.136984896259432887e-01,7.440658082842022125e-01,2.394969475124814340e-01,-2.117080531309949443e-01
2.782297849494574371e-01,8.157307227319940957e-01,3.614074550040676792e-01,2.872998951816514435e-01,4.271172800498047040e-01,1.850400670599793018e-02,9.786165629124776721e-02,-9.012632085463175013e-02,7.395361712347637839e-01,7.813421716250397164e-01,-5.130265568633756573e-03,4.864776322619071003e-01,-3.627258397618882690e-01,1.156624518865041473e-01,2.429965219305100232e-01,4.093437373748574637e-01,-2.160799063508164197e-01,1.550141450099405405e-01,5.933243712565645644e-01,-3.727663952207760922e-01,-2.057747502639894754e-01,-1.343343613398500225e-01,-1.368451526911037275e-01,3.372655584685819302e-02,-1.231387194529795365e-01,-1.734059590380052363e-01,5.606043728858182140e-01,-3.157506006853457725e-01,-3.242626496056389418e-01,7.153180347271308470e-01,4.101156331467893379e-01,1.000000000000000000e+00,1.777418226482289643e-01,5.069722804383827164e-01,-1.564761886762294496e-01,-6.959233405645053050e-02,8.178772494815959859e-02,5.821732099040581865e-01,6.159985210658760479e-01
6.333845878858090916e-01,-5.807830613308462980e-02,7.901449242343568935e-01,-3.769644725041205180e-01,8.093201364283456600e-01,5.532217116325267581e-01,8.574305382900000716e-02,-8.604490744451184225e-01,1.854891643727532846e-01,-1.730625343106069192e-01,5.951555760560286457e-01,-3.154195443740561156e-01,-3.746094178334244407e-01,9.091938043945592129e-01,-3.176686987558255404e-02,5.965756018138753669e-01,6.181747873701639584e-01,-4.307340925477894933e-01,-2.978076167406875641e-01,3.000955840952839182e-01,6.803855002434636701e-01,7.474534826494682038e-01,5.832695749695052667e-01,7.935869812248391719e-01,6.628017684432115919e-01,5.636148147843510481e-01,5.580477781152933803e-01,4.955065490079578749e-01,5.343432661155240737e-01,4.253329103292706748e-01,6.803235473589198667e-01,1.777418226482289643e-01,1.000000000000000000e+00,4.234585828847374223e-01,4.519149278319851692e-01,4.080454736020728279e-01,4.964642625928238351e-01,3.393516702467004875e-01,-2.966436203179565467e-01
1.539318483746435207e-01,4.429529126803095629e-01,6.200881426388886730e-01,3.693584694188042361e-01,5.254118662091473713e-01,-1.408340982802357144e-01,-1.016082288462282629e-01,-3.340368020480788958e-01,7.247081019287004988e-01,5.354710721049833477e-01,-1.868890808319599306e-01,5.373284695111999465e-01,-2.346809465687612339e-01,2.935853324453875368e-01,5.948620841622687117e-01,3.952811581689147369e-01,-2.597519708594729360e-01,9.612747518933985325e-02,4.128286312221753906e-01,-2.324248386706337377e-01,-1.145572848209976402e-01,-3.282696498616279740e-02,-1.757207322534425353e-01,1.754895779333830175e-01,-1.629764251873936642e-01,-2.720467415531241939e-01,1.863785957818281103e-01,-3.775694135734186108e-01,-3.281501405054763065e-01,7.775541812451830515e-01,1.085475128391101135e-01,5.069722804383827164e-01,4.234585828847374223e-01,1.000000000000000000e+00,-3.024047122511557828e-01,-4.265079268840615279e-01,-2.020763182429734517e-01,6.346011704502242390e-01,4.688716504057152124e-01
5.997635993875023441e-01,-2.525568102700147533e-01,1.900869864205050885e-01,-6.800712790475782477e-01,3.593181182348556546e-01,7.241345602554360994e-01,1.642336829736465442e-01,-5.025938901194756392e-01,-3.260393888781161764e-01,-4.797147752797062403e-01,6.606881045217424253e-01,-7.330125708857445632e-01,-1.043872790742783746e-01,5.655308899077001739e-01,-5.473993732333370943e-01,3.335203878421027501e-01,7.260508309154029005e-01,-5.401088034905734414e-01,-6.044012892448867857e-01,4.554904440560390566e-01,6.690643349644710414e-01,6.458319187124594851e-01,7.771158331782801465e-01,6.938084666182025018e-01,8.033283126572381416e-01,8.448859739819558623e-01,5.225407434342975721e-01,8.131058003587132710e-01,8.321868994546248732e-01,-1.408912947266260929e-01,6.349306896505244602e-01,-1.564761886762294496e-01,4.519149278319851692e-01,-3.024047122511557828e-01,1.000000000000000000e+00,8.019510683472487189e-01,8.814233267131308391e-01,-1.498751230618879104e-01,-6.009855102315408981e-01
6.141873893765302794e-01,-1.737218433344820123e-01,1.626495060267102721e-01,-6.605437180485322912e-01,3.516867473656028475e-01,7.526609897228002666e-01,2.957182257033028616e-01,-4.641997888424936880e-01,-3.192003183226551633e-01,-4.158817090688662343e-01,7.830287670870104133e-01,-7.184517895530410092e-01,-3.035912238304231958e-01,5.253428128599662017e-01,-6.613033507460831517e-01,3.664367794560176028e-01,7.694673699325397243e-01,-4.190116923673768978e-01,-5.008113691663476086e-01,4.945377993694475283e-01,6.672132580139583657e-01,6.380229232056964239e-01,7.815649373266104760e-01,5.393671889786930684e-01,8.299641031612415842e-01,8.524704309658193147e-01,6.173912413395370447e-01,8.396927063194886687e-01,7.729450787363199016e-01,-1.860379598029313353e-01,7.136984896259432887e-01,-6.959233405645053050e-02,4.080454736020728279e-01,-4.265079268840615279e-01,8.019510683472487189e-01,1.000000000000000000e+00,8.118299975910325816e-01,-1.300829147722331047e-01,-5.445996951771289174e-01
6.553695955478725521e-01,-1.789425549542179167e-02,2.788321866004650484e-01,-5.727435266643894352e-01,4.751288486077600570e-01,7.203763463794851107e-01,2.561552407178420698e-01,-5.105286337421092169e-01,-1.364514309769242761e-01,-2.874448387571396091e-01,7.100454272318256210e-01,-5.962277626322335378e-01,-2.258928001792007423e-01,5.878651841437004810e-01,-4.724924369105467648e-01,4.142801544941118186e-01,6.856798725732824451e-01,-4.467570139839923127e-01,-4.088768424788475908e-01,3.830900127592993809e-01,5.975578860346485444e-01,5.985027247099964365e-01,7.100698638320532829e-01,6.617906057681736121e-01,7.691059741370278591e-01,7.851291664322626040e-01,6.449258617126895077e-01,7.195193125204191187e-01,7.222419735676420816e-01,1.678046149024290529e-02,7.440658082842022125e-01,8.178772494815959859e-02,4.964642625928238351e-01,-2.020763182429734517e-01,8.814233267131308391e-01,8.118299975910325816e-01,1.000000000000000000e+00,1.291564687244714515e-02,-4.205895772429780743e-01
5.224929198880965409e-01,4.844725683954519968e-01,5.941367768134375726e-01,3.911787396596554944e-01,5.862248487493806337e-01,-1.312732235680115211e-01,-2.080972017198577106e-01,-3.089451926126093873e-01,8.381090620279774139e-01,6.208891033247924129e-01,-6.621111734510767843e-02,4.797496121118614010e-01,-4.236175295082493797e-01,2.516229017342731522e-01,5.602846079657698430e-01,7.388203003377448175e-01,-2.909139664762389402e-02,3.869656614897438729e-01,5.855960870853444966e-01,9.786634931434233520e-02,-1.801789606722798420e-01,-1.848979303002015739e-01,-2.135712281742580820e-01,4.739510772207743139e-02,-9.368381196298029845e-02,-3.635498889729146116e-02,3.671180412348617472e-01,-1.805418014432909057e-01,-1.985578263125731546e-01,8.478038130582000731e-01,2.394969475124814340e-01,5.821732099040581865e-01,3.393516702467004875e-01,6.346011704502242390e-01,-1.498751230618879104e-01,-1.300829147722331047e-01,1.291564687244714515e-02,1.000000000000000000e+00,4.069871121826987848e-01
-3.043199056965044114e-01,7.161295157026262848e-01,4.244946027073474848e-02,7.137986055016120046e-01,-1.308444354931785451e-02,-3.888920921697971433e-01,4.609816357075147142e-02,3.452617524677943361e-01,6.440988016373963010e-01,8.484352417395685242e-01,-4.262921427785394957e-01,8.294370173140784841e-01,1.544944527084937680e-02,-3.799192866195562623e-01,4.066037537741916119e-01,-2.961894445382326838e-02,-6.743830762395237599e-01,5.705449932159829540e-01,8.090906490204549106e-01,-5.438531884525008575e-01,-6.421082808989664326e-01,-5.949004162589595079e-01,-5.588864076442872086e-01,-4.707176839240466704e-01,-5.866199695844955819e-01,-6.897309034608626321e-01,-9.777553838878445466e-03,-7.753612359525058340e-01,-8.047751328147683125e-01,4.928825102238453826e-01,-2.117080531309949443e-01,6.159985210658760479e-01,-2.966436203179565467e-01,4.688716504057152124e-01,-6.009855102315408981e-01,-5.445996951771289174e-01,-4.205895772429780743e-01,4.069871121826987848e-01,1.000000000000000000e+00
