1.000000000000000000e+00,6.367297907486855202e-01,3.601393414051505260e-01,1.110402656361372253e-01,3.342175872676095838e-01,5.009308514480653729e-01,3.268824294255510687e-01,-3.268686824292278970e-01,3.000387681576096102e-03,7.228271759612904246e-01,5.352282325871013935e-01,-6.519995957651586460e-02,1.754555208296258162e-01,6.516529729868322240e-01,-1.316072208555988388e-01,7.368930020532266090e-01,5.598704222555682675e-01,1.193056343818316850e-01,-1.739182685248114590e-01,4.054270820539037645e-01,4.583311847100668412e-01,3.350800437292510980e-01,6.504817447252674301e-01,3.230825792323854806e-01,6.050808128163767119e-01,4.997771690961578805e-01,3.072879629717933381e-01,6.079173879030136396e-01,7.546263253382536895e-01,5.802942051322065309e-01,7.361049365464640282e-01,7.037535692462666415e-01,5.539724549472033743e-01,-9.225533150637581226e-02,7.126897658211590603e-01,7.063068814438513421e-01,6.993622859873646069e-01,2.903090686903124773e-01,-4.998857724181716977e-02
6.367297907486855202e-01,1.000000000000000000e+00,2.719095375011755800e-01,1.827512051342691235e-01,2.285696205004238979e-01,1.137398511428070746e-01,3.720358058316660110e-01,-1.992485277107083619e-01,2.811351579273113632e-01,3.509228827779400373e-01,1.789044562845525932e-01,1.927867088345529001e-01,1.583530882161318376e-01,3.687232640216900892e-01,-5.960120746791426616e-02,4.256211921496076966e-01,1.757552681701287922e-01,9.768742830415347300e-02,-1.163512211891954001e-01,2.680987310657557687e-01,8.744297629164482499e-02,1.814275536767628039e-01,3.707362931813519835e-01,2.070519582729737906e-01,3.148772671492697239e-01,2.586321479695689596e-01,2.311027310747631180e-01,2.975783364709608247e-01,5.111601876307622083e-01,4.869102946451887015e-01,4.608231069723207618e-01,3.963183124696575965e-01,2.017542446244826038e-01,1.647122289625356506e-01,4.598638755935518518e-01,3.383019402295628919e-01,3.188665129983582758e-01,1.930577011740089444e-01,3.227288103289586152e-01
3.601393414051505260e-01,2.719095375011755800e-01,1.000000000000000000e+00,1.104016070668193197e-02,5.940307046113433298e-01,1.613632745923213596e-01,3.752347704209847423e-01,-7.019879151486309032e-01,1.893645841365229621e-01,4.199405758662277943e-01,1.588447194192375012e-01,-6.217081771195608758e-02,2.347343273855919954e-01,4.239518246164513671e-01,-1.975928454960381442e-01,4.058255739306952936e-01,1.712030504110474971e-01,2.986492799243041785e-01,-8.823128487001702380e-02,4.525680342748922280e-01,5.425203217947338619e-01,4.181520188955962780e-01,3.003739857283931336e-01,1.707783954184698139e-01,3.931242906700703754e-01,6.279737176121644171e-02,-1.860015704551509080e-02,3.137363484931655622e-01,3.011704481323593807e-01,2.155735625268341837e-01,4.236187931646640537e-01,2.280974312554067684e-01,5.362584275882353868e-01,3.379407685803386685e-01,2.823991632906813209e-01,2.612769621766423689e-01,2.881674582866977086e-01,1.821613907023341972e-01,2.783134198753510757e-01
1.110402656361372253e-01,1.827512051342691235e-01,1.104016070668193197e-02,1.000000000000000000e+00,9.726430607172256368e-03,2.338009442754381273e-01,4.553533076910428745e-01,2.909006126446032070e-01,-2.533111414846004120e-02,2.157873086252804773e-01,-4.985608619609581404e-03,2.152102859612968211e-01,2.714278385707554198e-01,1.487855782246494118e-01,3.962938815494827099e-03,1.422392206406145887e-01,-6.820113273188105341e-02,1.877885917876874200e-01,2.426691476794586577e-01,2.569001656930375299e-01,2.335823031641303116e-01,3.506519237673005329e-01,7.117220154053222926e-03,-8.391368465004500621e-02,9.742152468810407395e-04,7.946856985067227153e-02,7.480610822581673647e-02,1.865425932795992670e-01,2.174736514545377586e-01,-3.593248858709448962e-02,1.086268073379077076e-01,1.887770978024528867e-01,1.482686540187231339e-01,-3.933857506043260399e-02,1.970953407045221151e-01,2.452973549026603028e-01,9.614571519791205445e-02,-1.517732446572101490e-01,-3.347926695816762221e-02
3.342175872676095838e-01,2.285696205004238979e-01,5.940307046113433298e-01,9.726430607172256368e-03,1.000000000000000000e+00,1.428821001830989923e-01,2.302874733833543963e-01,-5.308033571888731705e-01,3.177533079818621875e-01,3.891586300939864906e-01,3.727136612869705323e-01,2.890429416281289354e-01,2.509895003030685606e-02,5.790508101505642546e-01,3.183260279681890403e-01,4.632191784103177890e-01,2.700693140008864623e-01,2.497015801294214243e-01,1.533157964778082416e-01,2.824206526894840752e-01,2.264275273268540334e-01,7.639501754155726687e-02,5.643292856682344816e-01,3.894247158106159401e-01,5.619692889207226205e-01,3.896011329504971976e-01,3.130490240331472718e-01,5.629782987269246197e-01,4.028230480807327707e-01,3.891161180080541793e-01,4.604276819923056041e-01,4.303563318166912510e-01,3.891380943840587747e-01,4.185369953543239818e-01,3.010333500415664498e-01,1.976773574144864709e-01,2.901566532463210613e-01,4.336986633276440628e-01,2.033413075136395465e-01
5.009308514480653729e-01,1.137398511428070746e-01,1.613632745923213596e-01,2.338009442754381273e-01,1.428821001830989923e-01,1.000000000000000000e+00,1.938804054995734716e-01,-1.017522782747048021e-01,-3.919296637767825109e-01,5.878725029039759686e-01,6.347388287809200280e-01,-1.053399083730609254e-01,3.263863322450099025e-01,5.471128607874150562e-01,-2.273048470243887731e-01,5.545665934255514795e-01,7.471386956689274328e-01,-1.108085783765506704e-01,-2.595541234551263510e-01,4.720604252162768355e-01,5.014811453717965550e-01,4.602229037293767422e-01,4.112768758740503183e-01,1.945280265229159256e-01,3.977359897976155412e-01,5.435505143586415455e-01,3.420001564944503691e-01,5.905799115081388218e-01,6.030711066883017724e-01,1.322696637884540616e-01,4.693773913057940894e-01,6.915835547646490555e-01,5.640714624929268339e-01,-3.048018468611946030e-01,6.785609864893225041e-01,6.519621091211760255e-01,7.062101445981194825e-01,-2.021331156729420098e-01,-4.588210971222825285e-01
3.268824294255510687e-01,3.720358058316660110e-01,3.752347704209847423e-01,4.553533076910428745e-01,2.302874733833543963e-01,1.938804054995734716e-01,1.000000000000000000e+00,3.002120778551014765e-02,1.520361583442654263e-01,3.829979953750350941e-01,1.727001471027624080e-01,2.517231643803759522e-01,4.489563307393048541e-01,3.032350401372286841e-01,2.865467213278951458e-02,3.964914751489433398e-01,1.089206882970326778e-01,4.567424893874734160e-01,2.174231734995744070e-01,5.688226182751708881e-01,4.330518569485560798e-01,5.915441309690169236e-01,2.784899529556880138e-01,1.070645809288402472e-01,2.723614100140256955e-01,2.433605530074260392e-01,2.367751575845052914e-01,3.265457265961114186e-01,3.843400183584997354e-01,1.710947060756080607e-01,3.556050109536419979e-01,3.268147697153305220e-01,3.878426584530646481e-01,4.497207817806671976e-02,3.817046533943120323e-01,3.479037000907714283e-01,2.429699696580290003e-01,-5.912829628958165412e-02,2.844722252292026798e-01
-3.268686824292278970e-01,-1.992485277107083619e-01,-7.019879151486309032e-01,2.909006126446032070e-01,-5.308033571888731705e-01,-1.017522782747048021e-01,3.002120778551014765e-02,1.000000000000000000e+00,-8.472654523287311001e-02,-2.836744504652260468e-01,-2.619393731732074238e-01,3.354783000757999845e-01,1.190029075502310463e-01,-3.878024846067736897e-01,2.582503753035583216e-01,-3.380950370107461134e-01,-2.581941774613115137e-01,-4.739736432413042821e-02,3.314565929294581159e-01,-1.939367341579139037e-01,-2.633673368746310972e-01,-3.160627665918922663e-02,-2.498785895663357404e-01,-1.670134578668372449e-01,-3.235609585012448330e-01,-1.272644754685173796e-01,8.937175897574607675e-02,-3.348040826344561016e-01,-2.588258329204219388e-01,-2.443422483059977945e-01,-3.585704334822836792e-01,-2.267361252563424856e-01,-3.628187667988595488e-01,-1.756877077118292885e-01,-1.953045871308727033e-01,-2.126043024134894321e-01,-3.285024230480075857e-01,-2.776520035775651429e-01,-7.640034040356616374e-02
3.000387681576096102e-03,2.811351579273113632e-01,1.893645841365229621e-01,-2.533111414846004120e-02,3.177533079818621875e-01,-3.919296637767825109e-01,1.520361583442654263e-01,-8.472654523287311001e-02,1.000000000000000000e+00,-1.867445169880479761e-01,-2.279088302552076950e-01,4.409967741459500101e-01,-2.486341798123221369e-01,1.468032727759281848e-02,5.797046720140197618e-01,-1.284915421117285572e-01,-3.244514919174670831e-01,4.143843460194625017e-01,4.291143162635735475e-01,-2.419298084651718972e-01,-3.603925389995701889e-01,-3.029247772712390652e-01,1.538901721712791770e-01,2.124039517596956472e-01,1.018006075284965672e-01,-3.298411004947209013e-02,9.693526724739838507e-02,1.543571985643602505e-02,-1.001656735153950706e-01,3.346723704458776649e-01,-8.871015774146666366e-02,-1.344866090411257209e-01,-3.349346374625329914e-01,6.917792104343202242e-01,-1.820577799348726267e-01,-3.426912298928235234e-01,-3.754152770557471208e-01,5.649788567744505885e-01,6.115380870619063769e-01
7.228271759612904246e-01,3.509228827779400373e-01,4.199405758662277943e-01,2.157873086252804773e-01,3.891586300939864906e-01,5.878725029039759686e-01,3.829979953750350941e-01,-2.836744504652260468e-01,-1.867445169880479761e-01,1.000000000000000000e+00,5.980690494086458031e-01,-8.301611808545474036e-02,4.100714982635789152e-01,7.221389644206714920e-01,-1.515163612895723821e-01,8.455155764600918999e-01,5.848157722328759522e-01,1.783447447878453163e-01,-5.649633718729606124e-02,5.898142104721562085e-01,6.684660148708128080e-01,5.635623460726484346e-01,6.440138681224903960e-01,3.868368973814196865e-01,6.347232827656318355e-01,5.199302944336339216e-01,3.308152742495896748e-01,6.368536265709636712e-01,7.246528651081681760e-01,4.762703146813789257e-01,7.649407091487038235e-01,7.436505054456172825e-01,7.537256629813269271e-01,-1.764038435183765130e-01,7.729181926562332938e-01,7.724650490578505169e-01,7.531133660458184664e-01,9.858899498752837776e-02,-1.189947141853976570e-01
5.352282325871013935e-01,1.789044562845525932e-01,1.588447194192375012e-01,-4.985608619609581404e-03,3.727136612869705323e-01,6.347388287809200280e-01,1.727001471027624080e-01,-2.619393731732074238e-01,-2.279088302552076950e-01,5.980690494086458031e-01,1.000000000000000000e+00,5.075063025810898354e-02,2.001293832345257817e-01,6.341583122522189697e-01,-2.127658933078662926e-02,6.586876413207667369e-01,7.960753934297726264e-01,1.877210814667898756e-02,-1.172032712520673092e-01,3.412468721903841318e-01,3.623368203276257637e-01,3.012861116900410474e-01,5.538641182667776164e-01,3.891318594384047813e-01,4.771142589978085713e-01,7.105842560830144539e-01,5.363970003400769793e-01,6.596226076391894511e-01,6.082592800412048861e-01,2.621642943118152602e-01,4.946202189193193988e-01,7.619672596119149155e-01,5.652145044210076241e-01,-2.797824626406824611e-01,6.504413201726899629e-01,5.657126901071619640e-01,6.509932167150743743e-01,-4.412384905054216738e-02,-2.725259645447525303e-01
-6.519995957651586460e-02,1.927867088345529001e-01,-6.217081771195608758e-02,2.152102859612968211e-01,2.890429416281289354e-01,-1.053399083730609254e-01,2.517231643803759522e-01,3.354783000757999845e-01,4.409967741459500101e-01,-8.301611808545474036e-02,5.075063025810898354e-02,1.000000000000000000e+00,1.517899252241241559e-01,7.125316385551160037e-02,6.532423371689363156e-01,-4.163175769793855951e-02,-9.368156896029324054e-02,3.091213315693980279e-01,5.598181923606236898e-01,-4.104002018411476160e-02,-2.522309091430573469e-01,7.130229015466072948e-03,1.875042672442645553e-01,1.963229228652106362e-01,7.228111175069416861e-02,2.347435764886564025e-01,4.621996187193522787e-01,4.582374372973363474e-02,3.159816570935874286e-02,1.674925281423924328e-01,-1.038660639028482768e-01,7.470754510159381689e-02,-9.476148533947137409e-02,2.934988073492635907e-01,-3.047319640048667261e-02,-1.760344379770623635e-01,-2.444064512429567071e-01,1.107994124037007810e-01,4.364684490932793648e-01
1.754555208296258162e-01,1.583530882161318376e-01,2.347343273855919954e-01,2.714278385707554198e-01,2.509895003030685606e-02,3.263863322450099025e-01,4.489563307393048541e-01,1.190029075502310463e-01,-2.486341798123221369e-01,4.100714982635789152e-01,2.001293832345257817e-01,1.517899252241241559e-01,1.000000000000000000e+00,2.005930993318613409e-01,-2.319048930312788970e-01,3.091104519399066608e-01,2.023986967174792317e-01,1.420945691615753681e-01,4.731817370581832723e-03,5.495922596173987706e-01,5.603848171201813999e-01,7.470760558669770068e-01,9.130100350251504904e-02,7.335753951818473062e-02,1.217937873638392024e-02,9.728817816003330898e-02,1.461241705910120980e-01,8.506369277010111807e-02,1.791039521987803362e-01,-1.000433873080634611e-01,2.050993472364120718e-01,2.193318702856283386e-01,5.421302429456125171e-01,-5.490303187887621283e-02,4.194908174804434786e-01,2.842003183417598500e-01,2.746661979858501246e-01,-3.528805964855984967e-01,1.006112032820002528e-01
6.516529729868322240e-01,3.687232640216900892e-01,4.239518246164513671e-01,1.487855782246494118e-01,5.790508101505642546e-01,5.471128607874150562e-01,3.032350401372286841e-01,-3.878024846067736897e-01,1.468032727759281848e-02,7.221389644206714920e-01,6.341583122522189697e-01,7.125316385551160037e-02,2.005930993318613409e-01,1.000000000000000000e+00,3.605455325601248512e-02,7.886981022094244898e-01,6.179393885581164758e-01,9.962901799177317774e-02,-9.484480730694855311e-02,4.679355238867190514e-01,4.495907865422005822e-01,3.558667300059597527e-01,6.997899118804846719e-01,6.159929825832767269e-01,6.431264310277989837e-01,6.799619675946088071e-01,4.408624212225411010e-01,7.631053567980684571e-01,7.403125112697908072e-01,5.434180859384455387e-01,6.856275421159332417e-01,7.796997375684023845e-01,6.690987712422845624e-01,2.188449665275839923e-02,7.011795891951650983e-01,5.997583033326798763e-01,7.227006748055515573e-01,1.935370588825105487e-01,-1.364360214077539601e-01
-1.316072208555988388e-01,-5.960120746791426616e-02,-1.975928454960381442e-01,3.962938815494827099e-03,3.183260279681890403e-01,-2.273048470243887731e-01,2.865467213278951458e-02,2.582503753035583216e-01,5.797046720140197618e-01,-1.515163612895723821e-01,-2.127658933078662926e-02,6.532423371689363156e-01,-2.319048930312788970e-01,3.605455325601248512e-02,1.000000000000000000e+00,-9.453914448615874377e-02,-1.344607389513467199e-01,3.865377049804878395e-01,6.540405008308571855e-01,-2.847449368587621210e-01,-4.265520761833863084e-01,-3.772102464860979110e-01,2.534787903556161570e-01,2.622311698832825999e-01,1.818301118487241352e-01,2.221154366611886866e-01,2.982726222972645336e-01,1.292527837793867040e-01,-6.304032332156138396e-02,2.790350397124293225e-01,-1.148365103105293411e-01,1.193785588867376200e-02,-2.787510090518278139e-01,3.746792889277280048e-01,-1.705717595969093725e-01,-2.841408857114781639e-01,-3.105249788931377375e-01,4.861242895940228737e-01,3.246835191488484096e-01
7.368930020532266090e-01,4.256211921496076966e-01,4.058255739306952936e-01,1.422392206406145887e-01,4.632191784103177890e-01,5.545665934255514795e-01,3.964914751489433398e-01,-3.380950370107461134e-01,-1.284915421117285572e-01,8.455155764600918999e-01,6.586876413207667369e-01,-4.163175769793855951e-02,3.091104519399066608e-01,7.886981022094244898e-01,-9.453914448615874377e-02,1.000000000000000000e+00,6.644658225593680356e-01,1.152213771246932972e-01,-1.416351545120063393e-01,6.033128452290483779e-01,5.550102615777877668e-01,4.609532557815075871e-01,7.085701233795067555e-01,4.695615448003349623e-01,6.574952414742029072e-01,6.305053988342564919e-01,3.734363094008554262e-01,7.475364978649525760e-01,7.739769525978975606e-01,5.135940186592147239e-01,7.904460295819391025e-01,7.916244905527227704e-01,7.125473293104270800e-01,-1.307812511072692363e-01,7.853690550676918347e-01,7.179567303196133787e-01,7.911009447027188557e-01,1.268882883903582615e-01,-1.466714160336564932e-01
5.598704222555682675e-01,1.757552681701287922e-01,1.712030504110474971e-01,-6.820113273188105341e-02,2.700693140008864623e-01,7.471386956689274328e-01,1.089206882970326778e-01,-2.581941774613115137e-01,-3.244514919174670831e-01,5.848157722328759522e-01,7.960753934297726264e-01,-9.368156896029324054e-02,2.023986967174792317e-01,6.179393885581164758e-01,-1.344607389513467199e-01,6.644658225593680356e-01,1.000000000000000000e+00,-1.765430891062749197e-01,-3.558793981881120394e-01,4.678202517862782850e-01,3.758500033384017947e-01,3.103003159847653736e-01,5.559463704206339951e-01,4.243065364177892596e-01,4.780765590577629731e-01,6.499285536713176326e-01,3.969980894412564187e-01,6.727643393017457285e-01,6.572888657145647961e-01,3.044744499284789963e-01,5.733649355385750379e-01,7.515245656492836046e-01,5.720411612461970829e-01,-2.488395919557109259e-01,6.925772636571551066e-01,6.069549234998934395e-01,7.568392537391998021e-01,-3.188194103959426234e-02,-4.055871685020426276e-01
1.193056343818316850e-01,9.768742830415347300e-02,2.986492799243041785e-01,1.877885917876874200e-01,2.497015801294214243e-01,-1.108085783765506704e-01,4.567424893874734160e-01,-4.739736432413042821e-02,4.143843460194625017e-01,1.783447447878453163e-01,1.877210814667898756e-02,3.091213315693980279e-01,1.420945691615753681e-01,9.962901799177317774e-02,3.865377049804878395e-01,1.152213771246932972e-01,-1.765430891062749197e-01,1.000000000000000000e+00,6.773427858524001532e-01,-4.419558516138432855e-03,2.033748128088516405e-01,2.343889248619380750e-01,7.863123398678956155e-02,2.939761199270782277e-02,2.012452159551921804e-01,4.768371604012738157e-02,7.409250985467090433e-02,1.968072418685234623e-02,-5.431049751380474105e-02,8.923357247221598565e-02,7.349872084415667861e-02,-7.491761979900340984e-03,1.781265596658418437e-01,1.305133556800885941e-01,-6.496161048197133213e-03,4.652535060528569313e-03,-1.811504778626156498e-01,3.111620144299449553e-01,5.895341532084069636e-01
-1.739182685248114590e-01,-1.163512211891954001e-01,-8.823128487001702380e-02,2.426691476794586577e-01,1.533157964778082416e-01,-2.595541234551263510e-01,2.174231734995744070e-01,3.314565929294581159e-01,4.291143162635735475e-01,-5.649633718729606124e-02,-1.172032712520673092e-01,5.598181923606236898e-01,4.731817370581832723e-03,-9.484480730694855311e-02,6.540405008308571855e-01,-1.416351545120063393e-01,-3.558793981881120394e-01,6.773427858524001532e-01,1.000000000000000000e+00,-2.592062068595656354e-01,-1.186472898664684417e-01,-4.170981269390469648e-02,2.024283624956110805e-02,9.348925819361452935e-03,6.693646108397019456e-02,-8.416651230520598090e-03,1.943189748386119076e-01,-1.176629292671488580e-01,-2.039909056129893816e-01,3.201043912425390742e-02,-1.730240014042754293e-01,-1.324670181662014889e-01,-1.677224876958761102e-01,1.380020936358140604e-01,-2.501270299862340951e-01,-2.276667979574602263e-01,-4.395672738624208375e-01,2.240599540413106827e-01,4.812182050814060585e-01
4.054270820539037645e-01,2.680987310657557687e-01,4.525680342748922280e-01,2.569001656930375299e-01,2.824206526894840752e-01,4.720604252162768355e-01,5.688226182751708881e-01,-1.939367341579139037e-01,-2.419298084651718972e-01,5.898142104721562085e-01,3.412468721903841318e-01,-4.104002018411476160e-02,5.495922596173987706e-01,4.679355238867190514e-01,-2.847449368587621210e-01,6.033128452290483779e-01,4.678202517862782850e-01,-4.419558516138432855e-03,-2.592062068595656354e-01,1.000000000000000000e+00,5.955113551195665433e-01,6.288274828471245304e-01,4.070390891047959148e-01,2.752998517779461363e-01,4.306295906598479606e-01,3.044164379577035118e-01,1.563000530486045037e-01,4.710293914463893894e-01,5.896088372349446161e-01,1.861830605219252366e-01,5.502840191297675432e-01,4.967379553093108635e-01,5.868847531242437077e-01,-4.776494722899193163e-02,5.958602955397737100e-01,5.132397669397981144e-01,6.254969857463483773e-01,-2.074253257648244475e-01,-1.411137687703380994e-01
4.583311847100668412e-01,8.744297629164482499e-02,5.425203217947338619e-01,2.335823031641303116e-01,2.264275273268540334e-01,5.014811453717965550e-01,4.330518569485560798e-01,-2.633673368746310972e-01,-3.603925389995701889e-01,6.684660148708128080e-01,3.623368203276257637e-01,-2.522309091430573469e-01,5.603848171201813999e-01,4.495907865422005822e-01,-4.265520761833863084e-01,5.550102615777877668e-01,3.758500033384017947e-01,2.033748128088516405e-01,-1.186472898664684417e-01,5.955113551195665433e-01,1.000000000000000000e+00,7.960988826877040125e-01,2.745034167399083014e-01,6.807449019253586364e-02,3.436800799448803678e-01,2.087584223674591732e-01,1.058035900405454310e-01,3.756049662253001520e-01,4.032356545059973540e-01,3.237951702547917088e-02,4.739909344937334734e-01,4.015388334900928946e-01,7.887891764456792520e-01,-2.262027657601787534e-01,5.494025350395901341e-01,5.524619215110841974e-01,5.402824296050929842e-01,-1.513931195237710192e-01,-1.408901064314710405e-01
3.350800437292510980e-01,1.814275536767628039e-01,4.181520188955962780e-01,3.506519237673005329e-01,7.639501754155726687e-02,4.602229037293767422e-01,5.915441309690169236e-01,-3.160627665918922663e-02,-3.029247772712390652e-01,5.635623460726484346e-01,3.012861116900410474e-01,7.130229015466072948e-03,7.470760558669770068e-01,3.558667300059597527e-01,-3.772102464860979110e-01,4.609532557815075871e-01,3.103003159847653736e-01,2.343889248619380750e-01,-4.170981269390469648e-02,6.288274828471245304e-01,7.960988826877040125e-01,1.000000000000000000e+00,1.604699290781020082e-01,8.698063881723208657e-02,1.708988100368306895e-01,2.202471928166375992e-01,2.068019954556261364e-01,2.661890628122030589e-01,3.219156532602947540e-01,-7.186948748710252077e-03,3.647524497257242926e-01,3.430422187343043494e-01,7.271866492922391956e-01,-2.223411343957656661e-01,5.077363035233016797e-01,4.765512323699446773e-01,4.170853919532954146e-01,-3.155182078153902503e-01,4.471538971927378758e-02
6.504817447252674301e-01,3.707362931813519835e-01,3.003739857283931336e-01,7.117220154053222926e-03,5.643292856682344816e-01,4.112768758740503183e-01,2.784899529556880138e-01,-2.498785895663357404e-01,1.538901721712791770e-01,6.440138681224903960e-01,5.538641182667776164e-01,1.875042672442645553e-01,9.130100350251504904e-02,6.997899118804846719e-01,2.534787903556161570e-01,7.085701233795067555e-01,5.559463704206339951e-01,7.863123398678956155e-02,2.024283624956110805e-02,4.070390891047959148e-01,2.745034167399083014e-01,1.604699290781020082e-01,1.000000000000000000e+00,5.805397018549800503e-01,7.948633160654425822e-01,6.609413359517283260e-01,5.048225297687330970e-01,7.265439360466771079e-01,7.237154949313826524e-01,6.714380807757729386e-01,6.614703481313319866e-01,7.218285309012634210e-01,4.458001067663543426e-01,1.019347734448382142e-01,6.337144447013122184e-01,5.061673483310931143e-01,6.029361412106447604e-01,3.945661494457203822e-01,-2.312810609309014914e-02
3.230825792323854806e-01,2.070519582729737906e-01,1.707783954184698139e-01,-8.391368465004500621e-02,3.894247158106159401e-01,1.945280265229159256e-01,1.070645809288402472e-01,-1.670134578668372449e-01,2.124039517596956472e-01,3.868368973814196865e-01,3.891318594384047813e-01,1.963229228652106362e-01,7.335753951818473062e-02,6.159929825832767269e-01,2.622311698832825999e-01,4.695615448003349623e-01,4.243065364177892596e-01,2.939761199270782277e-02,9.348925819361452935e-03,2.752998517779461363e-01,6.807449019253586364e-02,8.698063881723208657e-02,5.805397018549800503e-01,1.000000000000000000e+00,4.635311170104491341e-01,4.889124534397997768e-01,4.048868262297992127e-01,4.723270885605142522e-01,4.245333119111002751e-01,5.271134273972297724e-01,4.220063159344233927e-01,4.841566353147205293e-01,3.087909650687277185e-01,2.332346877356960002e-01,4.393491024039231641e-01,1.607681788812628798e-01,3.972649165697439422e-01,2.408755022653221445e-01,-1.635177064366919938e-02
6.050808128163767119e-01,3.148772671492697239e-01,3.931242906700703754e-01,9.742152468810407395e-04,5.619692889207226205e-01,3.977359897976155412e-01,2.723614100140256955e-01,-3.235609585012448330e-01,1.018006075284965672e-01,6.347232827656318355e-01,4.771142589978085713e-01,7.228111175069416861e-02,1.217937873638392024e-02,6.431264310277989837e-01,1.818301118487241352e-01,6.574952414742029072e-01,4.780765590577629731e-01,2.012452159551921804e-01,6.693646108397019456e-02,4.306295906598479606e-01,3.436800799448803678e-01,1.708988100368306895e-01,7.948633160654425822e-01,4.635311170104491341e-01,1.000000000000000000e+00,5.295069741474668357e-01,3.608608255706924339e-01,6.326079118066630924e-01,6.727123033354258652e-01,6.057943121408247977e-01,6.489979002925649887e-01,6.212505408492264847e-01,4.538992201540787974e-01,5.413545964454428983e-02,5.467367505801729033e-01,5.031524350464954276e-01,5.648049087889649433e-01,3.830852094467014912e-01,9.757194699026736084e-03
4.997771690961578805e-01,2.586321479695689596e-01,6.279737176121644171e-02,7.946856985067227153e-02,3.896011329504971976e-01,5.435505143586415455e-01,2.433605530074260392e-01,-1.272644754685173796e-01,-3.298411004947209013e-02,5.199302944336339216e-01,7.105842560830144539e-01,2.347435764886564025e-01,9.728817816003330898e-02,6.799619675946088071e-01,2.221154366611886866e-01,6.305053988342564919e-01,6.499285536713176326e-01,4.768371604012738157e-02,-8.416651230520598090e-03,3.044164379577035118e-01,2.087584223674591732e-01,2.202471928166375992e-01,6.609413359517283260e-01,4.889124534397997768e-01,5.295069741474668357e-01,1.000000000000000000e+00,7.058812870327775268e-01,7.269519576311040954e-01,6.388165502132792106e-01,5.104894767101287867e-01,4.305845544997530805e-01,7.751425031836792767e-01,4.513306117937938011e-01,-2.071587415242788777e-01,6.111028165684339042e-01,5.048295303508040233e-01,5.622101893789731575e-01,1.294396729586864414e-01,-1.847783126465905312e-01
3.072879629717933381e-01,2.311027310747631180e-01,-1.860015704551509080e-02,7.480610822581673647e-02,3.130490240331472718e-01,3.420001564944503691e-01,2.367751575845052914e-01,8.937175897574607675e-02,9.693526724739838507e-02,3.308152742495896748e-01,5.363970003400769793e-01,4.621996187193522787e-01,1.461241705910120980e-01,4.408624212225411010e-01,2.982726222972645336e-01,3.734363094008554262e-01,3.969980894412564187e-01,7.409250985467090433e-02,1.943189748386119076e-01,1.563000530486045037e-01,1.058035900405454310e-01,2.068019954556261364e-01,5.048225297687330970e-01,4.048868262297992127e-01,3.608608255706924339e-01,7.058812870327775268e-01,1.000000000000000000e+00,4.699541724910249463e-01,4.255468448404794990e-01,3.609716892390543164e-01,2.528989353487978708e-01,5.461969050813713089e-01,2.121653329030299129e-01,-6.327157722743237400e-02,4.534545116855950853e-01,2.357998874621531071e-01,2.534173627584475619e-01,7.735262975520487694e-02,3.911966559255607850e-02
6.079173879030136396e-01,2.975783364709608247e-01,3.137363484931655622e-01,1.865425932795992670e-01,5.629782987269246197e-01,5.905799115081388218e-01,3.265457265961114186e-01,-3.348040826344561016e-01,1.543571985643602505e-02,6.368536265709636712e-01,6.596226076391894511e-01,4.582374372973363474e-02,8.506369277010111807e-02,7.631053567980684571e-01,1.292527837793867040e-01,7.475364978649525760e-01,6.727643393017457285e-01,1.968072418685234623e-02,-1.176629292671488580e-01,4.710293914463893894e-01,3.756049662253001520e-01,2.661890628122030589e-01,7.265439360466771079e-01,4.723270885605142522e-01,6.326079118066630924e-01,7.269519576311040954e-01,4.699541724910249463e-01,1.000000000000000000e+00,7.270537513192540935e-01,5.013762725321467828e-01,6.791627356122048598e-01,7.952118557332199522e-01,5.455995405838516277e-01,3.740056778223384022e-03,6.801961191753503888e-01,5.984917892547917395e-01,7.016259785884294553e-01,2.689433963218103019e-01,-2.024530535356873495e-01
7.546263253382536895e-01,5.111601876307622083e-01,3.011704481323593807e-01,2.174736514545377586e-01,4.028230480807327707e-01,6.030711066883017724e-01,3.843400183584997354e-01,-2.588258329204219388e-01,-1.001656735153950706e-01,7.246528651081681760e-01,6.082592800412048861e-01,3.159816570935874286e-02,1.791039521987803362e-01,7.403125112697908072e-01,-6.304032332156138396e-02,7.739769525978975606e-01,6.572888657145647961e-01,-5.431049751380474105e-02,-2.039909056129893816e-01,5.896088372349446161e-01,4.032356545059973540e-01,3.219156532602947540e-01,7.237154949313826524e-01,4.245333119111002751e-01,6.727123033354258652e-01,6.388165502132792106e-01,4.255468448404794990e-01,7.270537513192540935e-01,1.000000000000000000e+00,5.741191791432083136e-01,7.273029504096860665e-01,8.459146263839657509e-01,5.583540941995318585e-01,-1.076377723528812447e-01,7.787671974364317462e-01,6.979180707300637332e-01,7.990817772159528598e-01,9.482865410196149314e-02,-2.431048038660298949e-01
5.802942051322065309e-01,4.869102946451887015e-01,2.155735625268341837e-01,-3.593248858709448962e-02,3.891161180080541793e-01,1.322696637884540616e-01,1.710947060756080607e-01,-2.443422483059977945e-01,3.346723704458776649e-01,4.762703146813789257e-01,2.621642943118152602e-01,1.674925281423924328e-01,-1.000433873080634611e-01,5.434180859384455387e-01,2.790350397124293225e-01,5.135940186592147239e-01,3.044744499284789963e-01,8.923357247221598565e-02,3.201043912425390742e-02,1.861830605219252366e-01,3.237951702547917088e-02,-7.186948748710252077e-03,6.714380807757729386e-01,5.271134273972297724e-01,6.057943121408247977e-01,5.104894767101287867e-01,3.609716892390543164e-01,5.013762725321467828e-01,5.741191791432083136e-01,1.000000000000000000e+00,5.225933472976259653e-01,5.336783699996389130e-01,2.307938998474787229e-01,1.391281225004153688e-01,4.221077341193990584e-01,4.093745297136426875e-01,4.088588155157095727e-01,5.533788008547847470e-01,1.344275923635805114e-01
7.361049365464640282e-01,4.608231069723207618e-01,4.236187931646640537e-01,1.086268073379077076e-01,4.604276819923056041e-01,4.693773913057940894e-01,3.556050109536419979e-01,-3.585704334822836792e-01,-8.871015774146666366e-02,7.649407091487038235e-01,4.946202189193193988e-01,-1.038660639028482768e-01,2.050993472364120718e-01,6.856275421159332417e-01,-1.148365103105293411e-01,7.904460295819391025e-01,5.733649355385750379e-01,7.349872084415667861e-02,-1.730240014042754293e-01,5.502840191297675432e-01,4.739909344937334734e-01,3.647524497257242926e-01,6.614703481313319866e-01,4.220063159344233927e-01,6.489979002925649887e-01,4.305845544997530805e-01,2.528989353487978708e-01,6.791627356122048598e-01,7.273029504096860665e-01,5.225933472976259653e-01,1.000000000000000000e+00,6.740298848459209680e-01,6.271297659459907914e-01,-1.728220387719704796e-03,6.557919340340899739e-01,6.897622404270964402e-01,7.545340281834781448e-01,2.316144269403841993e-01,-4.600891390230937850e-02
7.037535692462666415e-01,3.963183124696575965e-01,2.280974312554067684e-01,1.887770978024528867e-01,4.303563318166912510e-01,6.915835547646490555e-01,3.268147697153305220e-01,-2.267361252563424856e-01,-1.344866090411257209e-01,7.436505054456172825e-01,7.619672596119149155e-01,7.470754510159381689e-02,2.193318702856283386e-01,7.796997375684023845e-01,1.193785588867376200e-02,7.916244905527227704e-01,7.515245656492836046e-01,-7.491761979900340984e-03,-1.324670181662014889e-01,4.967379553093108635e-01,4.015388334900928946e-01,3.430422187343043494e-01,7.218285309012634210e-01,4.841566353147205293e-01,6.212505408492264847e-01,7.751425031836792767e-01,5.461969050813713089e-01,7.952118557332199522e-01,8.459146263839657509e-01,5.336783699996389130e-01,6.740298848459209680e-01,1.000000000000000000e+00,6.066735624997527943e-01,-1.790387918652924792e-01,8.064672677341111484e-01,7.131540449050773889e-01,7.949803521763991743e-01,7.235931195231211366e-02,-2.768632979750975665e-01
5.539724549472033743e-01,2.017542446244826038e-01,5.362584275882353868e-01,1.482686540187231339e-01,3.891380943840587747e-01,5.640714624929268339e-01,3.878426584530646481e-01,-3.628187667988595488e-01,-3.349346374625329914e-01,7.537256629813269271e-01,5.652145044210076241e-01,-9.476148533947137409e-02,5.421302429456125171e-01,6.690987712422845624e-01,-2.787510090518278139e-01,7.125473293104270800e-01,5.720411612461970829e-01,1.781265596658418437e-01,-1.677224876958761102e-01,5.868847531242437077e-01,7.887891764456792520e-01,7.271866492922391956e-01,4.458001067663543426e-01,3.087909650687277185e-01,4.538992201540787974e-01,4.513306117937938011e-01,2.121653329030299129e-01,5.455995405838516277e-01,5.583540941995318585e-01,2.307938998474787229e-01,6.271297659459907914e-01,6.066735624997527943e-01,1.000000000000000000e+00,-1.931249511372815642e-01,6.569899753839220091e-01,6.518867457478880745e-01,7.050725906878000382e-01,-8.937571799263419048e-02,-1.193756828595079200e-01
-9.225533150637581226e-02,1.647122289625356506e-01,3.379407685803386685e-01,-3.933857506043260399e-02,4.185369953543239818e-01,-3.048018468611946030e-01,4.497207817806671976e-02,-1.756877077118292885e-01,6.917792104343202242e-01,-1.764038435183765130e-01,-2.797824626406824611e-01,2.934988073492635907e-01,-5.490303187887621283e-02,2.188449665275839923e-02,3.746792889277280048e-01,-1.307812511072692363e-01,-2.488395919557109259e-01,1.305133556800885941e-01,1.380020936358140604e-01,-4.776494722899193163e-02,-2.262027657601787534e-01,-2.223411343957656661e-01,1.019347734448382142e-01,2.332346877356960002e-01,5.413545964454428983e-02,-2.071587415242788777e-01,-6.327157722743237400e-02,3.740056778223384022e-03,-1.076377723528812447e-01,1.391281225004153688e-01,-1.728220387719704796e-03,-1.790387918652924792e-01,-1.931249511372815642e-01,1.000000000000000000e+00,-1.315156273885907945e-01,-3.848515919924290762e-01,-2.436246287794699150e-01,4.083761506387892926e-01,4.300506209914796152e-01
7.126897658211590603e-01,4.598638755935518518e-01,2.823991632906813209e-01,1.970953407045221151e-01,3.010333500415664498e-01,6.785609864893225041e-01,3.817046533943120323e-01,-1.953045871308727033e-01,-1.820577799348726267e-01,7.729181926562332938e-01,6.504413201726899629e-01,-3.047319640048667261e-02,4.194908174804434786e-01,7.011795891951650983e-01,-1.705717595969093725e-01,7.853690550676918347e-01,6.925772636571551066e-01,-6.496161048197133213e-03,-2.501270299862340951e-01,5.958602955397737100e-01,5.494025350395901341e-01,5.077363035233016797e-01,6.337144447013122184e-01,4.393491024039231641e-01,5.467367505801729033e-01,6.111028165684339042e-01,4.534545116855950853e-01,6.801961191753503888e-01,7.787671974364317462e-01,4.221077341193990584e-01,6.557919340340899739e-01,8.064672677341111484e-01,6.569899753839220091e-01,-1.315156273885907945e-01,1.000000000000000000e+00,6.771786180829855173e-01,7.934103193112794772e-01,1.208655311635756409e-02,-2.238766129234164570e-01
7.063068814438513421e-01,3.383019402295628919e-01,2.612769621766423689e-01,2.452973549026603028e-01,1.976773574144864709e-01,6.519621091211760255e-01,3.479037000907714283e-01,-2.126043024134894321e-01,-3.426912298928235234e-01,7.724650490578505169e-01,5.657126901071619640e-01,-1.760344379770623635e-01,2.842003183417598500e-01,5.997583033326798763e-01,-2.841408857114781639e-01,7.179567303196133787e-01,6.069549234998934395e-01,4.652535060528569313e-03,-2.276667979574602263e-01,5.132397669397981144e-01,5.524619215110841974e-01,4.765512323699446773e-01,5.061673483310931143e-01,1.607681788812628798e-01,5.031524350464954276e-01,5.048295303508040233e-01,2.357998874621531071e-01,5.984917892547917395e-01,6.979180707300637332e-01,4.093745297136426875e-01,6.897622404270964402e-01,7.131540449050773889e-01,6.518867457478880745e-01,-3.848515919924290762e-01,6.771786180829855173e-01,1.000000000000000000e+00,7.747320768939462976e-01,-4.211649470826290403e-02,-2.752397008412080237e-01
6.993622859873646069e-01,3.188665129983582758e-01,2.881674582866977086e-01,9.614571519791205445e-02,2.901566532463210613e-01,7.062101445981194825e-01,2.429699696580290003e-01,-3.285024230480075857e-01,-3.754152770557471208e-01,7.531133660458184664e-01,6.509932167150743743e-01,-2.444064512429567071e-01,2.746661979858501246e-01,7.227006748055515573e-01,-3.105249788931377375e-01,7.911009447027188557e-01,7.568392537391998021e-01,-1.811504778626156498e-01,-4.395672738624208375e-01,6.254969857463483773e-01,5.402824296050929842e-01,4.170853919532954146e-01,6.029361412106447604e-01,3.972649165697439422e-01,5.648049087889649433e-01,5.622101893789731575e-01,2.534173627584475619e-01,7.016259785884294553e-01,7.990817772159528598e-01,4.088588155157095727e-01,7.545340281834781448e-01,7.949803521763991743e-01,7.050725906878000382e-01,-2.436246287794699150e-01,7.934103193112794772e-01,7.747320768939462976e-01,1.000000000000000000e+00,-4.486187312257656351e-02,-4.340996506789039922e-01
2.903090686903124773e-01,1.930577011740089444e-01,1.821613907023341972e-01,-1.517732446572101490e-01,4.336986633276440628e-01,-2.021331156729420098e-01,-5.912829628958165412e-02,-2.776520035775651429e-01,5.649788567744505885e-01,9.858899498752837776e-02,-4.412384905054216738e-02,1.107994124037007810e-01,-3.528805964855984967e-01,1.935370588825105487e-01,4.861242895940228737e-01,1.268882883903582615e-01,-3.188194103959426234e-02,3.111620144299449553e-01,2.240599540413106827e-01,-2.074253257648244475e-01,-1.513931195237710192e-01,-3.155182078153902503e-01,3.945661494457203822e-01,2.408755022653221445e-01,3.830852094467014912e-01,1.294396729586864414e-01,7.735262975520487694e-02,2.689433963218103019e-01,9.482865410196149314e-02,5.533788008547847470e-01,2.316144269403841993e-01,7.235931195231211366e-02,-8.937571799263419048e-02,4.083761506387892926e-01,1.208655311635756409e-02,-4.211649470826290403e-02,-4.486187312257656351e-02,1.000000000000000000e+00,3.428558338661606975e-01
-4.998857724181716977e-02,3.227288103289586152e-01,2.783134198753510757e-01,-3.347926695816762221e-02,2.033413075136395465e-01,-4.588210971222825285e-01,2.844722252292026798e-01,-7.640034040356616374e-02,6.115380870619063769e-01,-1.189947141853976570e-01,-2.725259645447525303e-01,4.364684490932793648e-01,1.006112032820002528e-01,-1.364360214077539601e-01,3.246835191488484096e-01,-1.466714160336564932e-01,-4.055871685020426276e-01,5.895341532084069636e-01,4.812182050814060585e-01,-1.411137687703380994e-01,-1.408901064314710405e-01,4.471538971927378758e-02,-2.312810609309014914e-02,-1.635177064366919938e-02,9.757194699026736084e-03,-1.847783126465905312e-01,3.911966559255607850e-02,-2.024530535356873495e-01,-2.431048038660298949e-01,1.344275923635805114e-01,-4.600891390230937850e-02,-2.768632979750975665e-01,-1.193756828595079200e-01,4.300506209914796152e-01,-2.238766129234164570e-01,-2.752397008412080237e-01,-4.340996506789039922e-01,3.428558338661606975e-01,1.000000000000000000e+00
