1.000000000000000000e+00,2.150879632995391366e-01,2.857732939604287203e-01,-2.364393976955930787e-01,3.108084551849285004e-01,2.844031010903630419e-01,3.051184731382070373e-02,-2.517753099997154242e-01,2.982477533395280211e-01,4.343329219906727490e-01,4.204423106996533765e-01,-1.732426836536958836e-01,1.750059415792152434e-02,3.099195181993306680e-01,1.325210230638196318e-01,4.762121565577767668e-01,3.620417911940066458e-01,1.800722975078783150e-01,4.545571895837040993e-02,1.429372073805037779e-01,-1.208826686897933739e-01,-3.523761072500709163e-02,2.688301446939827533e-01,4.321114779526502581e-01,-7.372832485545555538e-04,6.601151533676502536e-01,4.019650653440186017e-01,3.859312842570231661e-01,4.177215638092685035e-01,5.287414948929202163e-01,2.118473703128580521e-01,2.828318348332747867e-01,3.047898869023854540e-01,2.254957037411990384e-01,4.532758342015963948e-01,4.163866954245624696e-01,2.931341010157155758e-01,1.873020527719716499e-01,3.711484886297199137e-02
2.150879632995391366e-01,1.000000000000000000e+00,6.733793393132901928e-01,9.402355436329044858e-02,4.775843216230585830e-01,-7.949790467208230071e-02,7.563777053719894505e-01,-6.802220795288934641e-01,6.785049773016560426e-01,5.054940051631748865e-01,1.544272727674469159e-01,-4.026171599602574452e-03,-4.972483238558659396e-02,5.510927168404543552e-01,6.318278787254916207e-01,7.481660884350093133e-01,-4.337342068463679867e-01,7.288163948907964151e-01,8.009099199574863936e-01,5.852576768527066875e-01,-2.332772290354184486e-01,6.473572973748191739e-01,8.405323181954076350e-01,4.605893168310410957e-01,7.545299957658192502e-01,-3.313428729262573279e-03,8.330585888877642953e-01,-3.813490869605294931e-01,-4.076947297015111049e-01,4.314411827533402577e-01,7.446912031647772157e-01,7.098639636884569448e-01,5.232699142624416266e-01,6.267563117975692988e-01,1.111327893612761852e-01,5.775494943650032464e-01,6.967406991642000058e-01,4.818831023989075257e-01,7.841221610924123953e-01
2.857732939604287203e-01,6.733793393132901928e-01,1.000000000000000000e+00,-1.691738035969361509e-01,6.563719340015214954e-01,1.216645204009367820e-01,7.387719592648245293e-01,-9.450579375972988361e-01,6.101983848312366732e-01,6.878939205883397578e-01,2.225494967876811003e-01,2.304060898917096450e-02,-1.168539007345777425e-01,5.921309142707180673e-01,7.038098547783233627e-01,7.375231491320938249e-01,-3.275452035990485955e-01,6.819474584698242969e-01,6.932691905443200131e-01,7.360051872782938931e-01,-6.285186970495787451e-01,5.119793082795006667e-01,7.251513972512428907e-01,5.649740277188056714e-01,7.404005304154048783e-01,3.634664373754973310e-01,8.123643569447063228e-01,6.644206963517450271e-02,-1.533787395703472556e-01,6.497640113183481558e-01,8.846866986132024824e-01,5.311858864043250694e-01,7.576764159001913024e-01,8.065313023922852098e-01,3.864769612732459336e-01,5.324432126020057776e-01,6.768333339459737807e-01,6.710652932884639821e-01,6.523556449816493297e-01
-2.364393976955930787e-01,9.402355436329044858e-02,-1.691738035969361509e-01,1.000000000000000000e+00,9.415399650219268696e-03,-4.761586847298980851e-01,3.970128920221237256e-02,1.763125468251817984e-01,2.065340310936339685e-01,-2.071899431401089953e-01,-3.283249514988570428e-01,1.391635377117403649e-01,1.531610027594197398e-01,3.624419603204343497e-03,-2.080603202067359270e-01,-1.203746119176604817e-01,-1.160866317531171893e-01,1.087510254147946026e-01,9.540185059871388040e-02,-1.461147260700779438e-01,4.035651208456274008e-01,1.187596043741123708e-01,2.135532378441763919e-03,-6.498528273810741385e-02,9.331745016262649184e-02,-3.716452684379911164e-01,-2.093032533619099828e-02,-4.953506807362857978e-01,-3.230735868283904355e-01,-2.624645201763761149e-01,-1.080545588113419053e-01,-2.879406726900823540e-02,-3.516691873180187167e-01,-8.672706800920131076e-02,-3.333120830901819542e-01,-2.072427625379474336e-01,-1.410810939374090023e-01,3.955586876489112363e-02,1.722796914861439710e-01
3.108084551849285004e-01,4.775843216230585830e-01,6.563719340015214954e-01,9.415399650219268696e-03,1.000000000000000000e+00,1.339236115927594784e-01,3.374840760559429942e-01,-5.924575080561389484e-01,7.530358409685293797e-01,7.311265397391526477e-01,3.279757911783501290e-01,9.097696770430001301e-02,-1.548440918138677125e-01,7.925614914533627431e-01,2.869090747534762675e-01,6.808147878160112354e-01,3.319311472783202654e-02,5.548873116087248425e-01,3.809521674171126304e-01,2.960955444950996163e-01,-1.907452296045352158e-01,2.156492441431235585e-01,6.457802096776612544e-01,5.614022572959506130e-01,5.750541127649774209e-01,4.857995601528162788e-01,5.716226683404942444e-01,1.561106580130844634e-01,6.205060995097508997e-02,6.570511689280671419e-01,5.405540674884921071e-01,5.314445691942076833e-01,5.336347392097031683e-01,6.173225720089262625e-01,3.629788734244413506e-01,3.957131361587022389e-01,5.133467644741075420e-01,3.435339238408277596e-01,3.663717860202984622e-01
2.844031010903630419e-01,-7.949790467208230071e-02,1.216645204009367820e-01,-4.761586847298980851e-01,1.339236115927594784e-01,1.000000000000000000e+00,-1.839430159517307928e-01,-9.451424313815627587e-02,-7.474455139224792100e-02,3.817362724967053866e-01,6.971906575425389496e-01,-7.735081912270171112e-02,-2.070858064159600276e-01,2.743911680990805402e-01,8.501474871521602639e-02,2.038989046020407703e-01,3.992852851609755560e-01,-4.363739871393482878e-02,-1.451807263555693617e-01,5.707217379967913923e-02,-2.400297151584767918e-01,-3.077183053016981362e-01,-2.114882188839559141e-02,1.519112969529871904e-01,-3.415639133039088948e-02,4.884553101899700711e-01,1.250563597385895634e-02,6.807763853140346155e-01,6.181837977495370229e-01,4.773865212660287072e-01,8.956304909471042575e-02,2.452341644909327156e-01,5.367568103181632466e-01,8.677482797023650107e-02,5.041384891006949198e-01,3.709325976449955875e-01,2.954050326260759252e-01,-8.688384163230687685e-02,-1.910259901565740381e-01
3.051184731382070373e-02,7.563777053719894505e-01,7.387719592648245293e-01,3.970128920221237256e-02,3.374840760559429942e-01,-1.839430159517307928e-01,1.000000000000000000e+00,-7.906130274894571652e-01,5.688332763689055716e-01,3.406367846431372359e-01,-1.088681851884807233e-01,-1.775297606493655145e-01,-8.183874780870981427e-03,3.054110067502738834e-01,8.089436283426429952e-01,5.425293444303942447e-01,-6.347800547143486183e-01,7.161158104106245537e-01,9.051330899575613653e-01,7.879605373044481498e-01,-5.226606686964879733e-01,7.270108863716674419e-01,7.113382894666340217e-01,2.601378223204964257e-01,7.713335083707665296e-01,-1.339334201955616477e-01,7.869857088176392956e-01,-4.162401573282433764e-01,-5.816325671932762731e-01,2.475305716152651492e-01,8.245974157531166249e-01,4.331649306949656442e-01,5.188192468694657888e-01,6.453125936249756167e-01,2.879263453354022687e-02,3.714981617876753628e-01,5.525098510442719713e-01,7.528229458698588727e-01,8.704408257710866126e-01
-2.517753099997154242e-01,-6.802220795288934641e-01,-9.450579375972988361e-01,1.763125468251817984e-01,-5.924575080561389484e-01,-9.451424313815627587e-02,-7.906130274894571652e-01,1.000000000000000000e+00,-5.792825970739752250e-01,-6.416580315660300737e-01,-1.745138889628992107e-01,1.606024921516064491e-02,1.180129623616237300e-01,-5.338041584844352982e-01,-7.507080853852396984e-01,-7.125962933670223487e-01,3.872238279134663230e-01,-6.829692535449322088e-01,-7.347479297189318803e-01,-7.821811039583391745e-01,6.704845552523175378e-01,-5.448757355226427901e-01,-7.186746880815665373e-01,-5.206493348780681929e-01,-7.463247066315389366e-01,-2.982302171016925074e-01,-8.193186492124577835e-01,-1.526059524375784036e-02,2.123892826234765607e-01,-6.022005026353302037e-01,-9.030418772900565827e-01,-5.071026730733038113e-01,-7.507901442952832349e-01,-8.054559953904688596e-01,-3.496398546609111313e-01,-5.199912256012643175e-01,-6.659311624544694830e-01,-7.093728442394824363e-01,-6.892695400806412298e-01
2.982477533395280211e-01,6.785049773016560426e-01,6.101983848312366732e-01,2.065340310936339685e-01,7.530358409685293797e-01,-7.474455139224792100e-02,5.688332763689055716e-01,-5.792825970739752250e-01,1.000000000000000000e+00,5.662190439700860445e-01,9.442318239549171710e-02,-1.322154648602734683e-01,-3.953787366732024883e-02,6.888482673393532263e-01,4.253933230489759243e-01,6.584525289370665169e-01,-2.009207776066772033e-01,7.346138288420780427e-01,6.621451928182611191e-01,4.298984881688983628e-01,-1.089303306693667622e-01,4.802015410168750664e-01,7.581908099260833422e-01,4.900112157180338546e-01,7.295349119115620562e-01,2.348379518476361449e-01,7.060698003496234110e-01,-2.235942765895562734e-01,-2.465519218156141945e-01,4.887721982411628030e-01,6.147095931917319067e-01,5.285949843212420785e-01,4.472824861320206513e-01,5.224904967966867986e-01,1.867080984795097542e-01,3.469737559023285400e-01,5.032465580725334897e-01,5.470174768737280369e-01,6.464106178530184543e-01
4.343329219906727490e-01,5.054940051631748865e-01,6.878939205883397578e-01,-2.071899431401089953e-01,7.311265397391526477e-01,3.817362724967053866e-01,3.406367846431372359e-01,-6.416580315660300737e-01,5.662190439700860445e-01,1.000000000000000000e+00,4.390291310216718479e-01,4.439682014324165815e-02,-2.127874187332310929e-01,6.812659200541940629e-01,3.780721475833811462e-01,8.229553362915578152e-01,8.895689998911751606e-02,5.469596328616851411e-01,3.306921831699865533e-01,4.276827170928823585e-01,-3.464844777532600784e-01,1.619891876724958713e-01,6.486787147803261266e-01,6.350775755615701845e-01,5.457639630766560890e-01,6.176677777847175976e-01,5.759362156267436861e-01,3.455785147614944819e-01,2.572771242821406124e-01,8.360422463708501173e-01,6.137482633631110573e-01,5.569034920292700308e-01,6.452176414207624333e-01,6.294679409884246235e-01,4.929985004583701258e-01,5.443374786268535548e-01,6.286979063682500701e-01,3.397038711953149770e-01,2.701063480469119704e-01
4.204423106996533765e-01,1.544272727674469159e-01,2.225494967876811003e-01,-3.283249514988570428e-01,3.279757911783501290e-01,6.971906575425389496e-01,-1.088681851884807233e-01,-1.745138889628992107e-01,9.442318239549171710e-02,4.390291310216718479e-01,1.000000000000000000e+00,1.295473377319500130e-01,-2.396437123892991294e-01,4.913522111825527339e-01,1.576748824048090081e-01,3.888655285082020518e-01,4.815012949012402177e-01,-6.216292134392226512e-03,-5.251767074194947996e-03,2.158292413047301073e-02,-3.993516495440823516e-02,-1.603645069257104150e-01,1.579065978126770187e-01,3.864344567699997124e-01,1.515054372527039825e-02,4.336780360847338756e-01,2.658407644392988267e-01,4.494755252132027756e-01,5.406516947010318042e-01,5.960278667094777161e-01,1.528280679501924921e-01,5.951168665838807437e-01,5.791838130897243309e-01,2.884401207511073650e-01,6.569381347133135263e-01,5.648660879931365342e-01,5.300817869032469210e-01,-9.268699710654464130e-02,6.392417684171118261e-03
-1.732426836536958836e-01,-4.026171599602574452e-03,2.304060898917096450e-02,1.391635377117403649e-01,9.097696770430001301e-02,-7.735081912270171112e-02,-1.775297606493655145e-01,1.606024921516064491e-02,-1.322154648602734683e-01,4.439682014324165815e-02,1.295473377319500130e-01,1.000000000000000000e+00,-1.286720058491055974e-01,2.165360728564601489e-01,-7.151157518001975688e-02,6.680281243845727357e-02,2.307845716854140528e-01,-1.928712769491432444e-01,-1.647387588165157568e-01,-1.494968631697775052e-01,2.265596704663552785e-01,-2.324937530155617507e-02,-4.558713301315739375e-02,2.219451530745907841e-01,-9.877245324936162474e-02,-4.442761484625987883e-02,-1.253348479614107766e-02,-3.338320705886241996e-02,1.087905905126574924e-01,1.647702146454129990e-01,-3.440611800592099923e-02,2.562343685305213947e-01,1.429087835089371894e-03,1.933279848085319996e-01,1.715341580858116555e-01,1.174044192094683137e-01,1.306071038494946990e-01,-1.333311492097789264e-01,-1.374663442430546778e-01
1.750059415792152434e-02,-4.972483238558659396e-02,-1.168539007345777425e-01,1.531610027594197398e-01,-1.548440918138677125e-01,-2.070858064159600276e-01,-8.183874780870981427e-03,1.180129623616237300e-01,-3.953787366732024883e-02,-2.127874187332310929e-01,-2.396437123892991294e-01,-1.286720058491055974e-01,1.000000000000000000e+00,-1.397749322072827094e-01,-6.746966037715958209e-02,-1.640241684888338047e-01,-1.414900395174475134e-01,5.223733953163045562e-02,-1.510246559412193115e-02,-1.329035415822906463e-01,1.823126269349107931e-01,1.785567878543419529e-01,-7.464459303770761001e-02,-2.073103564225886875e-01,-2.014324542150447428e-02,-2.245375892055950229e-01,-1.249378912833931654e-01,-1.283723099979813820e-01,-2.184791184343033710e-01,-2.339804674953890606e-01,-1.456732709411529547e-01,-2.372697697008531448e-01,-2.628202017933267687e-01,-1.915846669004138692e-01,-3.450899640664777390e-01,-2.182780320682857489e-01,-1.640123792624126609e-01,-8.604716978857557264e-02,-2.336015093887330862e-02
3.099195181993306680e-01,5.510927168404543552e-01,5.921309142707180673e-01,3.624419603204343497e-03,7.925614914533627431e-01,2.743911680990805402e-01,3.054110067502738834e-01,-5.338041584844352982e-01,6.888482673393532263e-01,6.812659200541940629e-01,4.913522111825527339e-01,2.165360728564601489e-01,-1.397749322072827094e-01,1.000000000000000000e+00,3.300427095858669557e-01,6.955928546205248919e-01,1.200500250753775699e-01,5.145322116729987849e-01,4.156750601940210621e-01,2.488518847925055844e-01,-6.455705544171161381e-02,2.718179030358042203e-01,6.546170081457042267e-01,6.387484663259340723e-01,5.685099046890714769e-01,3.761809923625640817e-01,5.919420787850577792e-01,9.916100860951526652e-02,1.392089749110224095e-01,6.828211505539684145e-01,5.147434517859661440e-01,6.858790924235471653e-01,5.907754344457265550e-01,5.633069168125004467e-01,4.325755666522372866e-01,5.071448230968382820e-01,6.429841049157783983e-01,3.153521686538577895e-01,3.891212996349585063e-01
1.325210230638196318e-01,6.318278787254916207e-01,7.038098547783233627e-01,-2.080603202067359270e-01,2.869090747534762675e-01,8.501474871521602639e-02,8.089436283426429952e-01,-7.507080853852396984e-01,4.253933230489759243e-01,3.780721475833811462e-01,1.576748824048090081e-01,-7.151157518001975688e-02,-6.746966037715958209e-02,3.300427095858669557e-01,1.000000000000000000e+00,5.315917052410343846e-01,-4.758978436287440994e-01,4.978955446814127273e-01,7.901109236753242060e-01,7.562641548211354037e-01,-5.562839581732232919e-01,5.981475067089943032e-01,5.729750085565862294e-01,3.120263901526793560e-01,6.323797313154505551e-01,-2.235419154418894980e-02,7.619686512233549980e-01,-1.988028283851302480e-01,-3.461919062110588308e-01,3.931717154087002730e-01,7.780143759756138477e-01,4.995244701294166423e-01,6.775211071990258072e-01,6.929032592107401411e-01,2.675576110648553163e-01,5.016522045157286724e-01,6.260260472606977711e-01,6.931148570152950716e-01,7.559138101897970863e-01
4.762121565577767668e-01,7.481660884350093133e-01,7.375231491320938249e-01,-1.203746119176604817e-01,6.808147878160112354e-01,2.038989046020407703e-01,5.425293444303942447e-01,-7.125962933670223487e-01,6.584525289370665169e-01,8.229553362915578152e-01,3.888655285082020518e-01,6.680281243845727357e-02,-1.640241684888338047e-01,6.955928546205248919e-01,5.315917052410343846e-01,1.000000000000000000e+00,-4.306586383350784891e-02,6.493691171462413481e-01,5.621663719058511699e-01,5.202895708050063739e-01,-2.984380898539650273e-01,4.079077031580763402e-01,8.030969078421038576e-01,6.587004578845159219e-01,6.240988735666573861e-01,4.194986214587149709e-01,7.707387380269929977e-01,4.707811240749962961e-02,1.828609273765186005e-02,7.958432628550290433e-01,7.004991599801024815e-01,7.381424699810030798e-01,6.290381956891997195e-01,7.226076810323656119e-01,4.027128568043172874e-01,6.838639677586526577e-01,7.391269572666221421e-01,4.502920956074580872e-01,5.024956825906109481e-01
3.620417911940066458e-01,-4.337342068463679867e-01,-3.275452035990485955e-01,-1.160866317531171893e-01,3.319311472783202654e-02,3.992852851609755560e-01,-6.347800547143486183e-01,3.872238279134663230e-01,-2.009207776066772033e-01,8.895689998911751606e-02,4.815012949012402177e-01,2.307845716854140528e-01,-1.414900395174475134e-01,1.200500250753775699e-01,-4.758978436287440994e-01,-4.306586383350784891e-02,1.000000000000000000e+00,-3.886125637580314929e-01,-5.931853534281983364e-01,-4.768852348779744621e-01,3.903556477721865647e-01,-5.514856366382049346e-01,-2.737558266372922544e-01,1.060216257238048160e-01,-5.090053371012407402e-01,4.464610789449880990e-01,-3.452929898789834917e-01,4.886530259356249295e-01,7.005472748181430509e-01,2.646492921473983517e-01,-4.447163988510230426e-01,5.839107479847087390e-02,-1.351070398402376138e-01,-2.380905530798608782e-01,3.759882053603401664e-01,-2.498627655756257421e-02,-1.145211871740709902e-01,-4.094419653813008431e-01,-6.018081336026001038e-01
1.800722975078783150e-01,7.288163948907964151e-01,6.819474584698242969e-01,1.087510254147946026e-01,5.548873116087248425e-01,-4.363739871393482878e-02,7.161158104106245537e-01,-6.829692535449322088e-01,7.346138288420780427e-01,5.469596328616851411e-01,-6.216292134392226512e-03,-1.928712769491432444e-01,5.223733953163045562e-02,5.145322116729987849e-01,4.978955446814127273e-01,6.493691171462413481e-01,-3.886125637580314929e-01,1.000000000000000000e+00,7.321984387590741994e-01,6.141217968471723854e-01,-3.707772741601185751e-01,5.495226655393575799e-01,7.626450754122083842e-01,3.071823544193084121e-01,7.289466185539223986e-01,1.090599587959027034e-01,6.949123923627765764e-01,-2.245850504031538797e-01,-3.931979025156942531e-01,3.714266333767290984e-01,6.959280426946892195e-01,4.595617394040772408e-01,4.813440348341139208e-01,5.057873675711042072e-01,-2.571468154545938564e-02,2.985082551836032994e-01,4.912837534318791333e-01,5.500151939344687380e-01,6.689618264470174047e-01
4.545571895837040993e-02,8.009099199574863936e-01,6.932691905443200131e-01,9.540185059871388040e-02,3.809521674171126304e-01,-1.451807263555693617e-01,9.051330899575613653e-01,-7.347479297189318803e-01,6.621451928182611191e-01,3.306921831699865533e-01,-5.251767074194947996e-03,-1.647387588165157568e-01,-1.510246559412193115e-02,4.156750601940210621e-01,7.901109236753242060e-01,5.621663719058511699e-01,-5.931853534281983364e-01,7.321984387590741994e-01,1.000000000000000000e+00,7.269784897015966196e-01,-3.975916239252087481e-01,7.377991282447708965e-01,7.083565717092239478e-01,3.044385557803988562e-01,7.817826385611111872e-01,-1.737729331393947640e-01,8.191042684519395101e-01,-4.634654803376614951e-01,-5.600302074830942889e-01,2.658132237125694353e-01,7.968092697857979134e-01,5.340403328964754559e-01,5.404800975603119007e-01,6.245010569745651496e-01,5.162552675230384913e-02,4.269396969658976748e-01,6.009692058351695509e-01,7.390119970832892404e-01,9.138731356544349538e-01
1.429372073805037779e-01,5.852576768527066875e-01,7.360051872782938931e-01,-1.461147260700779438e-01,2.960955444950996163e-01,5.707217379967913923e-02,7.879605373044481498e-01,-7.821811039583391745e-01,4.298984881688983628e-01,4.276827170928823585e-01,2.158292413047301073e-02,-1.494968631697775052e-01,-1.329035415822906463e-01,2.488518847925055844e-01,7.562641548211354037e-01,5.202895708050063739e-01,-4.768852348779744621e-01,6.141217968471723854e-01,7.269784897015966196e-01,1.000000000000000000e+00,-6.838991140500515487e-01,4.528646300137150194e-01,5.660268439615934177e-01,3.011997608759579004e-01,6.290362072953865624e-01,1.341872791637542806e-01,6.852091588695712332e-01,-1.008500349948487085e-01,-2.756575187111219294e-01,3.660116740023738879e-01,7.936511380663326953e-01,3.413476081690710040e-01,6.315569604950148630e-01,6.451275357758703421e-01,1.989138853585861733e-01,3.885688232776759454e-01,5.409968805531767400e-01,7.368554600647387876e-01,6.656546603539892359e-01
-1.208826686897933739e-01,-2.332772290354184486e-01,-6.285186970495787451e-01,4.035651208456274008e-01,-1.907452296045352158e-01,-2.400297151584767918e-01,-5.226606686964879733e-01,6.704845552523175378e-01,-1.089303306693667622e-01,-3.464844777532600784e-01,-3.993516495440823516e-02,2.265596704663552785e-01,1.823126269349107931e-01,-6.455705544171161381e-02,-5.562839581732232919e-01,-2.984380898539650273e-01,3.903556477721865647e-01,-3.707772741601185751e-01,-3.975916239252087481e-01,-6.838991140500515487e-01,1.000000000000000000e+00,-2.228772676564132749e-01,-2.710294948444125218e-01,-1.900443028978405779e-01,-3.639620142467349106e-01,-2.746136514141764851e-01,-4.050548031701941554e-01,-2.602193027024080618e-01,5.941713083565856174e-02,-2.888733849783068908e-01,-6.166456999797924610e-01,-6.003006171599915841e-02,-5.819286694580578789e-01,-4.893260267217064419e-01,-2.132107772506976751e-01,-2.583246715058768461e-01,-3.090477091981385094e-01,-5.038177616260226532e-01,-3.314634118838309940e-01
-3.523761072500709163e-02,6.473572973748191739e-01,5.119793082795006667e-01,1.187596043741123708e-01,2.156492441431235585e-01,-3.077183053016981362e-01,7.270108863716674419e-01,-5.448757355226427901e-01,4.802015410168750664e-01,1.619891876724958713e-01,-1.603645069257104150e-01,-2.324937530155617507e-02,1.785567878543419529e-01,2.718179030358042203e-01,5.981475067089943032e-01,4.079077031580763402e-01,-5.514856366382049346e-01,5.495226655393575799e-01,7.377991282447708965e-01,4.528646300137150194e-01,-2.228772676564132749e-01,1.000000000000000000e+00,5.548533956491460417e-01,2.059173798873683847e-01,6.244138331292189426e-01,-2.876778480519542325e-01,6.337059132902502778e-01,-4.920032640439941929e-01,-5.771999599389551205e-01,1.010663713451939311e-01,5.895163151196197715e-01,3.706411274741215345e-01,2.673898793296473064e-01,4.682187406346234315e-01,-8.435971541077191826e-02,3.041998762307672743e-01,4.287449208672717282e-01,5.462999836113768826e-01,7.318588617508183791e-01
2.688301446939827533e-01,8.405323181954076350e-01,7.251513972512428907e-01,2.135532378441763919e-03,6.457802096776612544e-01,-2.114882188839559141e-02,7.113382894666340217e-01,-7.186746880815665373e-01,7.581908099260833422e-01,6.486787147803261266e-01,1.579065978126770187e-01,-4.558713301315739375e-02,-7.464459303770761001e-02,6.546170081457042267e-01,5.729750085565862294e-01,8.030969078421038576e-01,-2.737558266372922544e-01,7.626450754122083842e-01,7.083565717092239478e-01,5.660268439615934177e-01,-2.710294948444125218e-01,5.548533956491460417e-01,1.000000000000000000e+00,4.922165265810623525e-01,7.935454472478162824e-01,1.908386754156893572e-01,7.757638121276878573e-01,-2.281115865650004959e-01,-2.913978885917542505e-01,5.452948704774026600e-01,7.315179839880711077e-01,6.627861348821878495e-01,5.436679957007781727e-01,6.457266832305508242e-01,2.333525450328316486e-01,4.917488208297315921e-01,6.781703985526449374e-01,5.068321939748959837e-01,6.732146951897317599e-01
4.321114779526502581e-01,4.605893168310410957e-01,5.649740277188056714e-01,-6.498528273810741385e-02,5.614022572959506130e-01,1.519112969529871904e-01,2.601378223204964257e-01,-5.206493348780681929e-01,4.900112157180338546e-01,6.350775755615701845e-01,3.864344567699997124e-01,2.219451530745907841e-01,-2.073103564225886875e-01,6.387484663259340723e-01,3.120263901526793560e-01,6.587004578845159219e-01,1.060216257238048160e-01,3.071823544193084121e-01,3.044385557803988562e-01,3.011997608759579004e-01,-1.900443028978405779e-01,2.059173798873683847e-01,4.922165265810623525e-01,1.000000000000000000e+00,4.256499867300376772e-01,4.473386426596755450e-01,5.554791000710860294e-01,1.626986579763980978e-01,2.770252913080749058e-01,6.824434469459323971e-01,4.939370796027990895e-01,5.566509395866695575e-01,4.822720048638994839e-01,6.088192294147174444e-01,5.282922962592839777e-01,4.956463970299051502e-01,6.262897798768752855e-01,3.548232188472923432e-01,2.872948686801881091e-01
-7.372832485545555538e-04,7.545299957658192502e-01,7.404005304154048783e-01,9.331745016262649184e-02,5.750541127649774209e-01,-3.415639133039088948e-02,7.713335083707665296e-01,-7.463247066315389366e-01,7.295349119115620562e-01,5.457639630766560890e-01,1.515054372527039825e-02,-9.877245324936162474e-02,-2.014324542150447428e-02,5.685099046890714769e-01,6.323797313154505551e-01,6.240988735666573861e-01,-5.090053371012407402e-01,7.289466185539223986e-01,7.817826385611111872e-01,6.290362072953865624e-01,-3.639620142467349106e-01,6.244138331292189426e-01,7.935454472478162824e-01,4.256499867300376772e-01,1.000000000000000000e+00,3.945055684975911497e-02,7.238069231939342485e-01,-2.703501314478127804e-01,-3.915264924172520145e-01,4.045205725217609904e-01,7.848590295746167289e-01,4.989941236289651694e-01,5.628452921467337333e-01,6.472324424018723876e-01,1.568370810189212983e-01,4.102243744591617114e-01,5.999656453495633146e-01,6.201148719077000937e-01,7.688244675589809285e-01
6.601151533676502536e-01,-3.313428729262573279e-03,3.634664373754973310e-01,-3.716452684379911164e-01,4.857995601528162788e-01,4.884553101899700711e-01,-1.339334201955616477e-01,-2.982302171016925074e-01,2.348379518476361449e-01,6.176677777847175976e-01,4.336780360847338756e-01,-4.442761484625987883e-02,-2.245375892055950229e-01,3.761809923625640817e-01,-2.235419154418894980e-02,4.194986214587149709e-01,4.464610789449880990e-01,1.090599587959027034e-01,-1.737729331393947640e-01,1.341872791637542806e-01,-2.746136514141764851e-01,-2.876778480519542325e-01,1.908386754156893572e-01,4.473386426596755450e-01,3.945055684975911497e-02,1.000000000000000000e+00,1.860872790668342269e-01,7.357462206248934766e-01,6.425286296968064637e-01,6.663488484389908928e-01,2.235999464281120397e-01,1.549578545467271418e-01,4.429025819228871175e-01,2.281848648188788686e-01,5.817487449167232372e-01,2.965538835664351947e-01,2.415536714886426239e-01,8.701679734340202199e-02,-2.170643992437304159e-01
4.019650653440186017e-01,8.330585888877642953e-01,8.123643569447063228e-01,-2.093032533619099828e-02,5.716226683404942444e-01,1.250563597385895634e-02,7.869857088176392956e-01,-8.193186492124577835e-01,7.060698003496234110e-01,5.759362156267436861e-01,2.658407644392988267e-01,-1.253348479614107766e-02,-1.249378912833931654e-01,5.919420787850577792e-01,7.619686512233549980e-01,7.707387380269929977e-01,-3.452929898789834917e-01,6.949123923627765764e-01,8.191042684519395101e-01,6.852091588695712332e-01,-4.050548031701941554e-01,6.337059132902502778e-01,7.757638121276878573e-01,5.554791000710860294e-01,7.238069231939342485e-01,1.860872790668342269e-01,1.000000000000000000e+00,-1.993777273319742582e-01,-2.673007502141910297e-01,5.741050527296676087e-01,8.426406353621357370e-01,6.972094573775704518e-01,6.927219252381279224e-01,7.614539357069198822e-01,3.521538902512630909e-01,6.425640793973609322e-01,7.418106794889889333e-01,6.891140678816733978e-01,8.144814359067575893e-01
3.859312842570231661e-01,-3.813490869605294931e-01,6.644206963517450271e-02,-4.953506807362857978e-01,1.561106580130844634e-01,6.807763853140346155e-01,-4.162401573282433764e-01,-1.526059524375784036e-02,-2.235942765895562734e-01,3.455785147614944819e-01,4.494755252132027756e-01,-3.338320705886241996e-02,-1.283723099979813820e-01,9.916100860951526652e-02,-1.988028283851302480e-01,4.707811240749962961e-02,4.886530259356249295e-01,-2.245850504031538797e-01,-4.634654803376614951e-01,-1.008500349948487085e-01,-2.602193027024080618e-01,-4.920032640439941929e-01,-2.281115865650004959e-01,1.626986579763980978e-01,-2.703501314478127804e-01,7.357462206248934766e-01,-1.993777273319742582e-01,1.000000000000000000e+00,7.728795730637866290e-01,4.030063931417678935e-01,-7.972110048775607472e-02,-1.120616390859721229e-01,2.807484821970615552e-01,-2.288225547029996282e-02,4.609088051295858190e-01,1.086724372690440060e-01,2.010697155131515451e-02,-1.799228810744961937e-01,-5.084694262868931780e-01
4.177215638092685035e-01,-4.076947297015111049e-01,-1.533787395703472556e-01,-3.230735868283904355e-01,6.205060995097508997e-02,6.181837977495370229e-01,-5.816325671932762731e-01,2.123892826234765607e-01,-2.465519218156141945e-01,2.572771242821406124e-01,5.406516947010318042e-01,1.087905905126574924e-01,-2.184791184343033710e-01,1.392089749110224095e-01,-3.461919062110588308e-01,1.828609273765186005e-02,7.005472748181430509e-01,-3.931979025156942531e-01,-5.600302074830942889e-01,-2.756575187111219294e-01,5.941713083565856174e-02,-5.771999599389551205e-01,-2.913978885917542505e-01,2.770252913080749058e-01,-3.915264924172520145e-01,6.425286296968064637e-01,-2.673007502141910297e-01,7.728795730637866290e-01,1.000000000000000000e+00,3.836626457186559924e-01,-2.625384719380945420e-01,3.124684929485079324e-02,1.385954664371407963e-01,-1.118642792265844288e-01,5.245465144333617546e-01,1.660083290102526143e-01,8.760002262623134417e-02,-2.950979283523424423e-01,-5.846562861870613359e-01
5.287414948929202163e-01,4.314411827533402577e-01,6.497640113183481558e-01,-2.624645201763761149e-01,6.570511689280671419e-01,4.773865212660287072e-01,2.475305716152651492e-01,-6.022005026353302037e-01,4.887721982411628030e-01,8.360422463708501173e-01,5.960278667094777161e-01,1.647702146454129990e-01,-2.339804674953890606e-01,6.828211505539684145e-01,3.931717154087002730e-01,7.958432628550290433e-01,2.646492921473983517e-01,3.714266333767290984e-01,2.658132237125694353e-01,3.660116740023738879e-01,-2.888733849783068908e-01,1.010663713451939311e-01,5.452948704774026600e-01,6.824434469459323971e-01,4.045205725217609904e-01,6.663488484389908928e-01,5.741050527296676087e-01,4.030063931417678935e-01,3.836626457186559924e-01,1.000000000000000000e+00,5.528235330885722387e-01,6.364561162056898702e-01,6.924160000876732335e-01,6.424190223450970683e-01,6.599064602268076563e-01,6.482329468639906889e-01,6.655388779172647373e-01,3.221792095090326158e-01,2.145766002156322960e-01
2.118473703128580521e-01,7.446912031647772157e-01,8.846866986132024824e-01,-1.080545588113419053e-01,5.405540674884921071e-01,8.956304909471042575e-02,8.245974157531166249e-01,-9.030418772900565827e-01,6.147095931917319067e-01,6.137482633631110573e-01,1.528280679501924921e-01,-3.440611800592099923e-02,-1.456732709411529547e-01,5.147434517859661440e-01,7.780143759756138477e-01,7.004991599801024815e-01,-4.447163988510230426e-01,6.959280426946892195e-01,7.968092697857979134e-01,7.936511380663326953e-01,-6.166456999797924610e-01,5.895163151196197715e-01,7.315179839880711077e-01,4.939370796027990895e-01,7.848590295746167289e-01,2.235999464281120397e-01,8.426406353621357370e-01,-7.972110048775607472e-02,-2.625384719380945420e-01,5.528235330885722387e-01,1.000000000000000000e+00,5.481218544938312176e-01,7.516357531522842583e-01,7.715007326291712930e-01,3.434135482353332658e-01,5.519746063937358560e-01,7.161113197957196252e-01,7.132808468947667846e-01,7.569362758510770339e-01
2.828318348332747867e-01,7.098639636884569448e-01,5.311858864043250694e-01,-2.879406726900823540e-02,5.314445691942076833e-01,2.452341644909327156e-01,4.331649306949656442e-01,-5.071026730733038113e-01,5.285949843212420785e-01,5.569034920292700308e-01,5.951168665838807437e-01,2.562343685305213947e-01,-2.372697697008531448e-01,6.858790924235471653e-01,4.995244701294166423e-01,7.381424699810030798e-01,5.839107479847087390e-02,4.595617394040772408e-01,5.340403328964754559e-01,3.413476081690710040e-01,-6.003006171599915841e-02,3.706411274741215345e-01,6.627861348821878495e-01,5.566509395866695575e-01,4.989941236289651694e-01,1.549578545467271418e-01,6.972094573775704518e-01,-1.120616390859721229e-01,3.124684929485079324e-02,6.364561162056898702e-01,5.481218544938312176e-01,1.000000000000000000e+00,6.204599255501757060e-01,6.089311205279648309e-01,4.836442665710923849e-01,7.025488323343573871e-01,8.288689687524382066e-01,2.568592060425606838e-01,5.276263430891917627e-01
3.047898869023854540e-01,5.232699142624416266e-01,7.576764159001913024e-01,-3.516691873180187167e-01,5.336347392097031683e-01,5.367568103181632466e-01,5.188192468694657888e-01,-7.507901442952832349e-01,4.472824861320206513e-01,6.452176414207624333e-01,5.791838130897243309e-01,1.429087835089371894e-03,-2.628202017933267687e-01,5.907754344457265550e-01,6.775211071990258072e-01,6.290381956891997195e-01,-1.351070398402376138e-01,4.813440348341139208e-01,5.404800975603119007e-01,6.315569604950148630e-01,-5.819286694580578789e-01,2.673898793296473064e-01,5.436679957007781727e-01,4.822720048638994839e-01,5.628452921467337333e-01,4.429025819228871175e-01,6.927219252381279224e-01,2.807484821970615552e-01,1.385954664371407963e-01,6.924160000876732335e-01,7.516357531522842583e-01,6.204599255501757060e-01,1.000000000000000000e+00,6.708326415824639177e-01,5.976463192741394703e-01,6.352837974182102831e-01,7.422611213583641954e-01,4.982701691720817783e-01,5.007880234390622576e-01
2.254957037411990384e-01,6.267563117975692988e-01,8.065313023922852098e-01,-8.672706800920131076e-02,6.173225720089262625e-01,8.677482797023650107e-02,6.453125936249756167e-01,-8.054559953904688596e-01,5.224904967966867986e-01,6.294679409884246235e-01,2.884401207511073650e-01,1.933279848085319996e-01,-1.915846669004138692e-01,5.633069168125004467e-01,6.929032592107401411e-01,7.226076810323656119e-01,-2.380905530798608782e-01,5.057873675711042072e-01,6.245010569745651496e-01,6.451275357758703421e-01,-4.893260267217064419e-01,4.682187406346234315e-01,6.457266832305508242e-01,6.088192294147174444e-01,6.472324424018723876e-01,2.281848648188788686e-01,7.614539357069198822e-01,-2.288225547029996282e-02,-1.118642792265844288e-01,6.424190223450970683e-01,7.715007326291712930e-01,6.089311205279648309e-01,6.708326415824639177e-01,1.000000000000000000e+00,4.237769394097402609e-01,6.040977866757046844e-01,7.059307126074833016e-01,6.087868147442003774e-01,6.111817248951016968e-01
4.532758342015963948e-01,1.111327893612761852e-01,3.864769612732459336e-01,-3.333120830901819542e-01,3.629788734244413506e-01,5.041384891006949198e-01,2.879263453354022687e-02,-3.496398546609111313e-01,1.867080984795097542e-01,4.929985004583701258e-01,6.569381347133135263e-01,1.715341580858116555e-01,-3.450899640664777390e-01,4.325755666522372866e-01,2.675576110648553163e-01,4.027128568043172874e-01,3.759882053603401664e-01,-2.571468154545938564e-02,5.162552675230384913e-02,1.989138853585861733e-01,-2.132107772506976751e-01,-8.435971541077191826e-02,2.333525450328316486e-01,5.282922962592839777e-01,1.568370810189212983e-01,5.817487449167232372e-01,3.521538902512630909e-01,4.609088051295858190e-01,5.245465144333617546e-01,6.599064602268076563e-01,3.434135482353332658e-01,4.836442665710923849e-01,5.976463192741394703e-01,4.237769394097402609e-01,1.000000000000000000e+00,5.224745466186406784e-01,5.573573527184093601e-01,2.006063605589133436e-01,5.210853537280453474e-02
4.163866954245624696e-01,5.775494943650032464e-01,5.324432126020057776e-01,-2.072427625379474336e-01,3.957131361587022389e-01,3.709325976449955875e-01,3.714981617876753628e-01,-5.199912256012643175e-01,3.469737559023285400e-01,5.443374786268535548e-01,5.648660879931365342e-01,1.174044192094683137e-01,-2.182780320682857489e-01,5.071448230968382820e-01,5.016522045157286724e-01,6.838639677586526577e-01,-2.498627655756257421e-02,2.985082551836032994e-01,4.269396969658976748e-01,3.885688232776759454e-01,-2.583246715058768461e-01,3.041998762307672743e-01,4.917488208297315921e-01,4.956463970299051502e-01,4.102243744591617114e-01,2.965538835664351947e-01,6.425640793973609322e-01,1.086724372690440060e-01,1.660083290102526143e-01,6.482329468639906889e-01,5.519746063937358560e-01,7.025488323343573871e-01,6.352837974182102831e-01,6.040977866757046844e-01,5.224745466186406784e-01,1.000000000000000000e+00,7.469106401274702156e-01,3.065378784761791375e-01,4.337766610621202057e-01
2.931341010157155758e-01,6.967406991642000058e-01,6.768333339459737807e-01,-1.410810939374090023e-01,5.133467644741075420e-01,2.954050326260759252e-01,5.525098510442719713e-01,-6.659311624544694830e-01,5.032465580725334897e-01,6.286979063682500701e-01,5.300817869032469210e-01,1.306071038494946990e-01,-1.640123792624126609e-01,6.429841049157783983e-01,6.260260472606977711e-01,7.391269572666221421e-01,-1.145211871740709902e-01,4.912837534318791333e-01,6.009692058351695509e-01,5.409968805531767400e-01,-3.090477091981385094e-01,4.287449208672717282e-01,6.781703985526449374e-01,6.262897798768752855e-01,5.999656453495633146e-01,2.415536714886426239e-01,7.418106794889889333e-01,2.010697155131515451e-02,8.760002262623134417e-02,6.655388779172647373e-01,7.161113197957196252e-01,8.288689687524382066e-01,7.422611213583641954e-01,7.059307126074833016e-01,5.573573527184093601e-01,7.469106401274702156e-01,1.000000000000000000e+00,4.271652696671164873e-01,5.732687033487527950e-01
1.873020527719716499e-01,4.818831023989075257e-01,6.710652932884639821e-01,3.955586876489112363e-02,3.435339238408277596e-01,-8.688384163230687685e-02,7.528229458698588727e-01,-7.093728442394824363e-01,5.470174768737280369e-01,3.397038711953149770e-01,-9.268699710654464130e-02,-1.333311492097789264e-01,-8.604716978857557264e-02,3.153521686538577895e-01,6.931148570152950716e-01,4.502920956074580872e-01,-4.094419653813008431e-01,5.500151939344687380e-01,7.390119970832892404e-01,7.368554600647387876e-01,-5.038177616260226532e-01,5.462999836113768826e-01,5.068321939748959837e-01,3.548232188472923432e-01,6.201148719077000937e-01,8.701679734340202199e-02,6.891140678816733978e-01,-1.799228810744961937e-01,-2.950979283523424423e-01,3.221792095090326158e-01,7.132808468947667846e-01,2.568592060425606838e-01,4.982701691720817783e-01,6.087868147442003774e-01,2.006063605589133436e-01,3.065378784761791375e-01,4.271652696671164873e-01,1.000000000000000000e+00,6.839961591404231100e-01
3.711484886297199137e-02,7.841221610924123953e-01,6.523556449816493297e-01,1.722796914861439710e-01,3.663717860202984622e-01,-1.910259901565740381e-01,8.704408257710866126e-01,-6.892695400806412298e-01,6.464106178530184543e-01,2.701063480469119704e-01,6.392417684171118261e-03,-1.374663442430546778e-01,-2.336015093887330862e-02,3.891212996349585063e-01,7.559138101897970863e-01,5.024956825906109481e-01,-6.018081336026001038e-01,6.689618264470174047e-01,9.138731356544349538e-01,6.656546603539892359e-01,-3.314634118838309940e-01,7.318588617508183791e-01,6.732146951897317599e-01,2.872948686801881091e-01,7.688244675589809285e-01,-2.170643992437304159e-01,8.144814359067575893e-01,-5.084694262868931780e-01,-5.846562861870613359e-01,2.145766002156322960e-01,7.569362758510770339e-01,5.276263430891917627e-01,5.007880234390622576e-01,6.111817248951016968e-01,5.210853537280453474e-02,4.337766610621202057e-01,5.732687033487527950e-01,6.839961591404231100e-01,1.000000000000000000e+00
