1.000000000000000000e+00,8.413656653211152303e-01,4.882606396679662342e-01,4.017758081834680306e-01,6.212776948747833483e-01,3.006248109795570111e-01,-3.332122360503466663e-01,-5.035893273210718668e-01,7.377421366741937492e-01,8.549984270388598651e-01,5.789978715986442426e-01,1.297672155563810437e-01,-1.236022160262677111e-01,7.773906661499599968e-01,4.575389147267102663e-01,8.684660071658969471e-01,6.093798971989726754e-01,6.776639957433652217e-01,7.137120117198170188e-01,9.834427028064671172e-02,-3.616780371417695206e-03,4.502014282402563156e-02,6.582122154453468044e-01,4.102463632168851237e-01,8.243508840406894578e-01,8.346895638594802325e-01,6.915860172103026615e-01,6.931185145288045746e-01,8.413339403756934232e-01,7.275846087308033283e-01,4.142024547730041029e-01,6.970445533853190101e-01,5.356710600002150269e-01,4.577623816028268400e-01,7.055607870764947220e-01,4.021398759631050202e-01,7.396416386883031269e-01,7.653963852089167297e-01,3.409060059707841317e-01
8.413656653211152303e-01,1.000000000000000000e+00,4.928441275601647131e-01,3.720575006979380261e-01,6.647881744337024168e-01,1.460250478848554856e-01,-2.424777077652033042e-01,-4.758060393798660970e-01,7.822698657010014323e-01,8.734148731844829650e-01,4.862656071294629290e-01,2.923958803104973470e-01,-2.723750164679243913e-01,7.774209129644514826e-01,3.207639678474694112e-01,8.229197683435579558e-01,4.191378979999093035e-01,6.675860896578554859e-01,6.987599656521460423e-01,9.454793618091286711e-02,7.683752805658096430e-02,1.630250925564068476e-01,6.796098817347803189e-01,3.965870578602689323e-01,6.917732831326436349e-01,7.161695063148387774e-01,7.431116608452628114e-01,5.858795952762070325e-01,8.218292310311801074e-01,7.992060872959753093e-01,5.639413713314835874e-01,7.607981690787548601e-01,4.880870694379069730e-01,4.817060971392095881e-01,5.542423594546574961e-01,5.778529409938786277e-01,6.834501970013127092e-01,6.121068723275402412e-01,4.629821835475956826e-01
4.882606396679662342e-01,4.928441275601647131e-01,1.000000000000000000e+00,5.052440736574900226e-01,8.318566232732645949e-01,-1.390451457857578010e-01,-3.450959268375251160e-02,-9.303987949647926081e-01,7.561403904780752416e-01,5.479356993588127001e-01,1.294500135078011649e-01,4.371697535263520118e-01,-4.649068722328117409e-01,7.466504197223488015e-01,2.995302412747079535e-01,5.616823675645302716e-01,1.715773162779330729e-01,7.299493191721085905e-01,4.515846627217739440e-01,4.486278875951265482e-02,5.496349952560095620e-01,3.483670450867921153e-01,7.264113937341215577e-01,6.805172765865981077e-01,5.424258618549641087e-01,4.892135681966784388e-01,6.884100425837209603e-01,5.701003498457264396e-01,5.195473971885710140e-01,7.023667058900894267e-01,6.633801426273726598e-01,5.487777332640303429e-01,7.918484415384423603e-01,8.468979071651604462e-01,2.712352782038484067e-01,2.377103380215882800e-01,3.525969071259774656e-01,4.842224550033398245e-01,5.334846639095279786e-01
4.017758081834680306e-01,3.720575006979380261e-01,5.052440736574900226e-01,1.000000000000000000e+00,5.264742544832878846e-01,-1.566923187516494342e-01,2.886137588480923721e-01,-5.041146588578673260e-01,5.811581563793050131e-01,3.541022462361655965e-01,-4.127595084435049799e-02,3.772357786709923944e-01,-1.782356796938426233e-02,5.408406469167579278e-01,3.028938321482789187e-01,3.921805657862095784e-01,4.304466793152470633e-02,6.884041992602615290e-01,4.350491622788269508e-01,3.179063147123954991e-01,3.388516719065446381e-01,2.585087589760637350e-01,5.385459296529940820e-01,3.161356525283032237e-01,4.841001848831185672e-01,2.995015347035218656e-01,3.243924374576039327e-01,3.198170240865127467e-01,3.992386066647376497e-01,3.678069796697419624e-01,2.446080228146338686e-01,2.175715997402571933e-01,4.409508831481610547e-01,5.721422395438667818e-01,2.721652053087822432e-01,1.871784062543232693e-02,2.208040425602841861e-01,3.264666851053970031e-01,3.356055438551828751e-01
6.212776948747833483e-01,6.647881744337024168e-01,8.318566232732645949e-01,5.264742544832878846e-01,1.000000000000000000e+00,6.501883364928195963e-02,-1.680232788178091519e-01,-7.999786772339375629e-01,8.407193795685884430e-01,6.775793660652704720e-01,3.819846548937373409e-01,3.736751047353089605e-01,-4.407799491073624010e-01,8.405932465739774928e-01,3.503347805218303690e-01,6.756576672919974991e-01,3.705945312659481572e-01,7.491465665750144387e-01,5.466182850750206379e-01,-5.898150157983483161e-02,3.203768120242296291e-01,1.727288030842280553e-01,7.196662819794424903e-01,6.452208699056385388e-01,6.390983295739550707e-01,6.527455117850828881e-01,7.742951373597208864e-01,6.321247698318396280e-01,7.116014760110114246e-01,7.916337178869835567e-01,6.580199541056820367e-01,7.399896709398320338e-01,8.064998363342721355e-01,8.638540735361911471e-01,4.573070876633160697e-01,3.630666600068462868e-01,5.795399186267409242e-01,5.776890700194197148e-01,4.952288173854146880e-01
3.006248109795570111e-01,1.460250478848554856e-01,-1.390451457857578010e-01,-1.566923187516494342e-01,6.501883364928195963e-02,1.000000000000000000e+00,-6.275839373389365816e-01,1.141384477923286234e-01,-4.001842652523737026e-02,2.106800912188357133e-01,8.026360012187329085e-01,-5.999524479224515039e-01,5.135888365947173517e-02,1.226404532981447137e-01,1.776635263631701905e-02,2.332962269044175363e-01,8.150134783888196566e-01,-4.510609467185163618e-02,1.181003972675705449e-01,-3.702161629722095504e-01,-6.731023020803159618e-01,-5.692199759650293789e-01,-2.231972452627673520e-01,-1.106840120393563914e-01,2.099016997219989300e-01,4.522575490462075187e-01,3.144595696212559160e-02,2.158745730612166014e-01,3.689120731906380124e-01,6.811311074485275341e-02,-2.159768614755010196e-01,3.749861894267669804e-01,4.480802558040294231e-02,-1.334314579611131091e-01,6.219045173487868228e-01,-8.260632753439715523e-03,6.069481691439601034e-01,1.910698932914101644e-01,-4.549557459791819247e-01
-3.332122360503466663e-01,-2.424777077652033042e-01,-3.450959268375251160e-02,2.886137588480923721e-01,-1.680232788178091519e-01,-6.275839373389365816e-01,1.000000000000000000e+00,4.516450706102621837e-02,-9.990919486606003597e-02,-2.951880985026913429e-01,-6.575874801376129231e-01,3.711849901418049491e-01,1.586148791160627292e-01,-2.067287342758019064e-01,1.151367098458881272e-01,-2.428826615240729792e-01,-6.445987775711288226e-01,4.735671817511187542e-02,-7.241419236831293793e-02,5.916396221657632681e-01,4.779123598375891735e-01,4.964189244570973436e-01,2.514385418651665996e-02,-1.979747795839979507e-01,-2.519330792697296872e-01,-3.290803126132124112e-01,-1.973401531758693928e-01,-1.046086785963055571e-01,-3.223601289144367166e-01,-2.710655459934123712e-01,-2.470711008682782792e-03,-4.233884965013180457e-01,-2.200859647987890577e-01,-6.192667602992323050e-02,-4.009925480302017897e-01,-6.601490774243584658e-02,-5.153750782087848092e-01,-2.076775852477010798e-01,1.445153294740126049e-01
-5.035893273210718668e-01,-4.758060393798660970e-01,-9.303987949647926081e-01,-5.041146588578673260e-01,-7.999786772339375629e-01,1.141384477923286234e-01,4.516450706102621837e-02,1.000000000000000000e+00,-7.073797776159779227e-01,-5.551993135868946716e-01,-1.326484442395022278e-01,-3.562939428698233546e-01,3.770409066991388669e-01,-7.456697833500930406e-01,-2.829990948772677650e-01,-5.798418679716688118e-01,-1.995068508508963667e-01,-7.138239815779641173e-01,-4.296643420582366146e-01,-5.392750813925323294e-02,-5.329933327188559611e-01,-2.997089817466775385e-01,-7.060901439730932205e-01,-6.534384099949600566e-01,-5.756913740159923520e-01,-4.984593352660040000e-01,-6.282116885333468570e-01,-5.638088104159925118e-01,-5.407546534406062477e-01,-6.617354980781314788e-01,-5.929720781525851248e-01,-5.097316279436030495e-01,-7.100037665121080588e-01,-7.878555243071737602e-01,-3.025978211731307210e-01,-1.976771947404057372e-01,-3.636184416619551163e-01,-4.869843344287652642e-01,-4.705308149848586585e-01
7.377421366741937492e-01,7.822698657010014323e-01,7.561403904780752416e-01,5.811581563793050131e-01,8.407193795685884430e-01,-4.001842652523737026e-02,-9.990919486606003597e-02,-7.073797776159779227e-01,1.000000000000000000e+00,7.785823787826733344e-01,3.073448795374291165e-01,5.146629735288253960e-01,-3.646654729365363945e-01,8.533613897601629583e-01,4.442897694768919714e-01,7.549458645056340567e-01,3.072295358007157140e-01,8.613194819563796401e-01,7.527725926081030305e-01,1.024829827195908039e-01,3.056645835982625403e-01,2.922213945051219119e-01,8.169564826655754119e-01,6.363248105711312164e-01,7.070345971482967506e-01,6.573118254363090607e-01,7.980158833002685137e-01,6.577524631805909960e-01,7.242287076958235925e-01,8.320618007191552534e-01,6.732648021254294957e-01,7.258607986396763412e-01,7.639813360113979490e-01,7.941232613776606497e-01,4.440979824844685786e-01,4.138455817159933936e-01,5.521016403837534225e-01,6.809844040554078326e-01,6.523924421675023622e-01
8.549984270388598651e-01,8.734148731844829650e-01,5.479356993588127001e-01,3.541022462361655965e-01,6.775793660652704720e-01,2.106800912188357133e-01,-2.951880985026913429e-01,-5.551993135868946716e-01,7.785823787826733344e-01,1.000000000000000000e+00,5.303016232999572255e-01,2.233829291708452347e-01,-3.036008262329517038e-01,8.025479957391165042e-01,3.227088815189310123e-01,9.150808725534012034e-01,4.792232924699518226e-01,7.001278596605158278e-01,7.241657582324441123e-01,8.771451823210046905e-02,1.431636230491737383e-01,1.801578294685112769e-01,6.918306962862776910e-01,4.194657335353449978e-01,7.333967939289514071e-01,7.609753564493386691e-01,7.480117740935645632e-01,6.961947606811634826e-01,8.027836238951773229e-01,8.335346343298867255e-01,6.249809804748215347e-01,7.441450212225890759e-01,5.041346978068135254e-01,5.061826255873860259e-01,5.828604872572458184e-01,5.660457904457182332e-01,6.636583219409382117e-01,6.442088677971609112e-01,4.151117909549003615e-01
5.789978715986442426e-01,4.862656071294629290e-01,1.294500135078011649e-01,-4.127595084435049799e-02,3.819846548937373409e-01,8.026360012187329085e-01,-6.575874801376129231e-01,-1.326484442395022278e-01,3.073448795374291165e-01,5.303016232999572255e-01,1.000000000000000000e+00,-3.690120220333748535e-01,-1.450046637793221127e-01,3.912603244874544028e-01,1.178548941140395295e-01,5.278355596064804311e-01,8.700821285072928291e-01,2.266434355104013920e-01,3.529623065794511572e-01,-3.210099852707831714e-01,-5.035055997913420178e-01,-3.783244758606484903e-01,7.567498840130434945e-02,9.101633318532129091e-02,4.063237445943111426e-01,6.983317175144638789e-01,4.110719216227007866e-01,4.601319747689189832e-01,6.183231139165507040e-01,4.068375738774791528e-01,1.095465016536485842e-01,6.748575394198794708e-01,3.335086514378783895e-01,1.475654091446106930e-01,7.127110019277591579e-01,2.710875392501242986e-01,7.789314618362442877e-01,4.480037050172266944e-01,-1.501637793948184252e-01
1.297672155563810437e-01,2.923958803104973470e-01,4.371697535263520118e-01,3.772357786709923944e-01,3.736751047353089605e-01,-5.999524479224515039e-01,3.711849901418049491e-01,-3.562939428698233546e-01,5.146629735288253960e-01,2.233829291708452347e-01,-3.690120220333748535e-01,1.000000000000000000e+00,-1.894325229307657898e-01,3.271268784285991105e-01,4.122636473254152611e-01,1.988820739972560203e-01,-3.916804223962601639e-01,4.690657064356584804e-01,4.045663560782674084e-01,4.223572050630238217e-01,6.172003919379428494e-01,5.714462744966076757e-01,6.060479201759584322e-01,3.904004002131765128e-01,2.224998709581127443e-01,3.872172834294217852e-02,4.716875454089295983e-01,2.520895815166501186e-01,8.326482652011299446e-02,3.666702971352446827e-01,5.242585785016654620e-01,1.482559166757161095e-01,3.373248940640810045e-01,5.045573940667734680e-01,-2.142517514290862291e-01,3.835857906725588795e-01,-1.188559042842260854e-01,3.101116027738393677e-01,8.198109680943046484e-01
-1.236022160262677111e-01,-2.723750164679243913e-01,-4.649068722328117409e-01,-1.782356796938426233e-02,-4.407799491073624010e-01,5.135888365947173517e-02,1.586148791160627292e-01,3.770409066991388669e-01,-3.646654729365363945e-01,-3.036008262329517038e-01,-1.450046637793221127e-01,-1.894325229307657898e-01,1.000000000000000000e+00,-2.888583563361895590e-01,2.676404584566296485e-01,-2.081479548147779357e-01,2.331266866921884173e-02,-2.326982971848511605e-01,-1.417382359325965457e-01,2.561797372030922282e-01,-3.208587407496125143e-01,-1.877054626727321929e-01,-2.623753688156472696e-01,-2.627675677449050062e-01,3.931248467748606895e-02,-1.397586758755039182e-01,-5.032127554775742695e-01,-1.922700773501997418e-01,-1.510726160360513493e-01,-4.717698869017569741e-01,-7.000903151156121496e-01,-3.943728102001305968e-01,-4.412119136271897557e-01,-4.164371224804004901e-01,-6.357238453581138225e-03,-3.092484635943422155e-01,-2.143445377459857748e-01,4.689266155344948978e-02,-3.000912046697919999e-01
7.773906661499599968e-01,7.774209129644514826e-01,7.466504197223488015e-01,5.408406469167579278e-01,8.405932465739774928e-01,1.226404532981447137e-01,-2.067287342758019064e-01,-7.456697833500930406e-01,8.533613897601629583e-01,8.025479957391165042e-01,3.912603244874544028e-01,3.271268784285991105e-01,-2.888583563361895590e-01,1.000000000000000000e+00,4.591777158041535634e-01,8.118055533939353419e-01,4.441363064509440406e-01,8.143008365255325343e-01,6.984203941283998462e-01,7.291846505176541315e-02,2.605640722624568140e-01,1.705403862256396896e-01,8.100446944228277824e-01,6.860487121082499140e-01,8.107892271962576780e-01,7.270101773401520528e-01,7.431785756906964524e-01,6.578522931010770680e-01,8.228830191736757893e-01,8.005672857792480723e-01,5.816170756515752771e-01,7.385521054402330865e-01,7.122307003866015229e-01,7.383476767998004009e-01,5.959273235192904528e-01,3.699562995162147816e-01,6.523998968576902868e-01,6.815202335725434324e-01,4.738903846569064715e-01
4.575389147267102663e-01,3.207639678474694112e-01,2.995302412747079535e-01,3.028938321482789187e-01,3.503347805218303690e-01,1.776635263631701905e-02,1.151367098458881272e-01,-2.829990948772677650e-01,4.442897694768919714e-01,3.227088815189310123e-01,1.178548941140395295e-01,4.122636473254152611e-01,2.676404584566296485e-01,4.591777158041535634e-01,1.000000000000000000e+00,4.415956302102564957e-01,2.718256217213695369e-01,5.075376491153903435e-01,5.723925389096673477e-01,4.614245169225205667e-01,1.354970523323670017e-01,1.480516770523442049e-01,4.876369129448631101e-01,3.400156358865081274e-01,5.922428325491309042e-01,5.407011970479098650e-01,3.857519659273953572e-01,5.727629011883237364e-01,4.348053961645633181e-01,2.470071117602994082e-01,1.036887671896498525e-01,2.602889420509769125e-01,3.818043324485259071e-01,3.714485377993531068e-01,3.767338890728680889e-01,1.586516019741621986e-01,2.549512530839896929e-01,7.456184452906575721e-01,3.603071387826272121e-01
8.684660071658969471e-01,8.229197683435579558e-01,5.616823675645302716e-01,3.921805657862095784e-01,6.756576672919974991e-01,2.332962269044175363e-01,-2.428826615240729792e-01,-5.798418679716688118e-01,7.549458645056340567e-01,9.150808725534012034e-01,5.278355596064804311e-01,1.988820739972560203e-01,-2.081479548147779357e-01,8.118055533939353419e-01,4.415956302102564957e-01,1.000000000000000000e+00,5.152807948401303406e-01,7.327307520961044984e-01,7.389185917282109495e-01,1.813786898510223455e-01,1.534787433318532401e-01,1.771247874198672578e-01,7.058210370394164546e-01,4.328808791225872143e-01,7.793743268554993442e-01,8.151434194258386778e-01,7.303987603906252346e-01,7.675591003908635024e-01,7.844041193117119448e-01,7.900188924166504645e-01,5.599962254486120505e-01,7.032172694284378744e-01,5.195082898913694347e-01,5.072438471490267053e-01,6.332136132415389085e-01,5.307585676059864976e-01,6.439692266033171242e-01,7.149289967503702492e-01,3.587514329439830396e-01
6.093798971989726754e-01,4.191378979999093035e-01,1.715773162779330729e-01,4.304466793152470633e-02,3.705945312659481572e-01,8.150134783888196566e-01,-6.445987775711288226e-01,-1.995068508508963667e-01,3.072295358007157140e-01,4.792232924699518226e-01,8.700821285072928291e-01,-3.916804223962601639e-01,2.331266866921884173e-02,4.441363064509440406e-01,2.718256217213695369e-01,5.152807948401303406e-01,1.000000000000000000e+00,2.770992121707587241e-01,3.643755154145097430e-01,-2.849127678883625059e-01,-5.293096371984432613e-01,-4.629625394684522277e-01,1.415782396663814446e-01,1.906514968071570115e-01,5.598971737588878117e-01,7.143764068285710644e-01,3.125765388175003046e-01,4.800674816837405823e-01,6.335283965616995694e-01,3.517544493720180521e-01,-2.856213801131221933e-02,5.980717225292213612e-01,3.609526007480627907e-01,1.789044347855978934e-01,7.817130538117118554e-01,6.645736954912638550e-02,7.718041615674005040e-01,5.483693372466901250e-01,-1.822635193298276779e-01
6.776639957433652217e-01,6.675860896578554859e-01,7.299493191721085905e-01,6.884041992602615290e-01,7.491465665750144387e-01,-4.510609467185163618e-02,4.735671817511187542e-02,-7.138239815779641173e-01,8.613194819563796401e-01,7.001278596605158278e-01,2.266434355104013920e-01,4.690657064356584804e-01,-2.326982971848511605e-01,8.143008365255325343e-01,5.075376491153903435e-01,7.327307520961044984e-01,2.770992121707587241e-01,1.000000000000000000e+00,8.070479229700998625e-01,2.479706838046513706e-01,3.357279407524519921e-01,3.422959959282562692e-01,7.614421411405614126e-01,5.443356321633068262e-01,6.846743634421580404e-01,6.654803554141368593e-01,6.929717660982466221e-01,6.955853347809296539e-01,6.657352846841209093e-01,6.713743077329678011e-01,5.588116792887937168e-01,6.025264359558658578e-01,6.622347672326419632e-01,6.921251667959743559e-01,4.838591485590152952e-01,3.166893795870445172e-01,4.969294910743861093e-01,6.678916964712531268e-01,5.485860666157281740e-01
7.137120117198170188e-01,6.987599656521460423e-01,4.515846627217739440e-01,4.350491622788269508e-01,5.466182850750206379e-01,1.181003972675705449e-01,-7.241419236831293793e-02,-4.296643420582366146e-01,7.527725926081030305e-01,7.241657582324441123e-01,3.529623065794511572e-01,4.045663560782674084e-01,-1.417382359325965457e-01,6.984203941283998462e-01,5.723925389096673477e-01,7.389185917282109495e-01,3.643755154145097430e-01,8.070479229700998625e-01,1.000000000000000000e+00,2.447178277514270861e-01,8.929209167595619778e-02,2.229336360144902884e-01,6.458725621154297603e-01,3.727143387377406247e-01,6.562020061997472231e-01,6.873221875759055743e-01,6.613298723137275292e-01,6.498232677645898736e-01,6.424087361247349248e-01,6.078986879185021008e-01,4.515867847734234553e-01,6.170748532706035183e-01,4.500219207096929908e-01,4.096742489858473113e-01,5.524951656370528097e-01,4.494055359940777872e-01,5.595872470812774946e-01,7.501789697677547775e-01,5.563897023142825304e-01
9.834427028064671172e-02,9.454793618091286711e-02,4.486278875951265482e-02,3.179063147123954991e-01,-5.898150157983483161e-02,-3.702161629722095504e-01,5.916396221657632681e-01,-5.392750813925323294e-02,1.024829827195908039e-01,8.771451823210046905e-02,-3.210099852707831714e-01,4.223572050630238217e-01,2.561797372030922282e-01,7.291846505176541315e-02,4.614245169225205667e-01,1.813786898510223455e-01,-2.849127678883625059e-01,2.479706838046513706e-01,2.447178277514270861e-01,1.000000000000000000e+00,3.900404185468238638e-01,5.090806519385733253e-01,2.412394943326348073e-01,-9.100066322459476886e-02,1.436558212402996582e-01,5.854349457017402059e-02,6.061307339692682122e-02,2.215463602362367779e-01,1.275625176997343714e-02,-3.506835440986965508e-02,4.258701712180255200e-02,-1.909219218516243766e-01,-1.100699133132925084e-01,5.564712830232633814e-03,-5.434111553539137246e-02,1.836453773331525041e-01,-1.944170826089247073e-01,2.050427471322108786e-01,2.246353427184673290e-01
-3.616780371417695206e-03,7.683752805658096430e-02,5.496349952560095620e-01,3.388516719065446381e-01,3.203768120242296291e-01,-6.731023020803159618e-01,4.779123598375891735e-01,-5.329933327188559611e-01,3.056645835982625403e-01,1.431636230491737383e-01,-5.035055997913420178e-01,6.172003919379428494e-01,-3.208587407496125143e-01,2.605640722624568140e-01,1.354970523323670017e-01,1.534787433318532401e-01,-5.293096371984432613e-01,3.357279407524519921e-01,8.929209167595619778e-02,3.900404185468238638e-01,1.000000000000000000e+00,7.098848991926870466e-01,4.897572018775509517e-01,3.166902934325049879e-01,6.278452084800034694e-02,-6.009238565810491595e-02,3.233518607071162454e-01,2.098159576824989436e-01,-3.479766927498030571e-02,2.649140416062749637e-01,5.554933563214949910e-01,-3.657200477402492572e-02,2.732425397984848403e-01,4.696420532299704353e-01,-2.969961052650105238e-01,2.000432647132696640e-01,-2.658494582184774968e-01,2.126409516639897468e-02,5.021622509605129236e-01
4.502014282402563156e-02,1.630250925564068476e-01,3.483670450867921153e-01,2.585087589760637350e-01,1.727288030842280553e-01,-5.692199759650293789e-01,4.964189244570973436e-01,-2.997089817466775385e-01,2.922213945051219119e-01,1.801578294685112769e-01,-3.783244758606484903e-01,5.714462744966076757e-01,-1.877054626727321929e-01,1.705403862256396896e-01,1.480516770523442049e-01,1.771247874198672578e-01,-4.629625394684522277e-01,3.422959959282562692e-01,2.229336360144902884e-01,5.090806519385733253e-01,7.098848991926870466e-01,1.000000000000000000e+00,3.459242496409010714e-01,9.262563163854087289e-02,-2.941657469432479646e-02,2.218313410924739604e-02,2.967842902682740203e-01,2.759924446397339359e-01,-3.334390951355086733e-03,1.940833724188309739e-01,4.646073707713701539e-01,4.570935155710533632e-02,1.312456059138497333e-01,2.713368096770877314e-01,-2.001538096982112824e-01,3.356298422008825444e-01,-1.927932306864865442e-01,1.919001611505769325e-02,4.125877606659090202e-01
6.582122154453468044e-01,6.796098817347803189e-01,7.264113937341215577e-01,5.385459296529940820e-01,7.196662819794424903e-01,-2.231972452627673520e-01,2.514385418651665996e-02,-7.060901439730932205e-01,8.169564826655754119e-01,6.918306962862776910e-01,7.567498840130434945e-02,6.060479201759584322e-01,-2.623753688156472696e-01,8.100446944228277824e-01,4.876369129448631101e-01,7.058210370394164546e-01,1.415782396663814446e-01,7.614421411405614126e-01,6.458725621154297603e-01,2.412394943326348073e-01,4.897572018775509517e-01,3.459242496409010714e-01,1.000000000000000000e+00,7.126498336908415610e-01,7.552179426442394705e-01,5.120958697666085913e-01,7.139745505692830507e-01,5.518232843678807509e-01,5.819197958363971912e-01,7.569121821846466203e-01,6.318605009889738389e-01,5.175453930017445137e-01,6.345748973829470341e-01,7.166200961434326944e-01,2.960380381157393659e-01,4.051102398410364458e-01,3.604724364886927601e-01,6.486505507228975675e-01,7.011762360842979103e-01
4.102463632168851237e-01,3.965870578602689323e-01,6.805172765865981077e-01,3.161356525283032237e-01,6.452208699056385388e-01,-1.106840120393563914e-01,-1.979747795839979507e-01,-6.534384099949600566e-01,6.363248105711312164e-01,4.194657335353449978e-01,9.101633318532129091e-02,3.904004002131765128e-01,-2.627675677449050062e-01,6.860487121082499140e-01,3.400156358865081274e-01,4.328808791225872143e-01,1.906514968071570115e-01,5.443356321633068262e-01,3.727143387377406247e-01,-9.100066322459476886e-02,3.166902934325049879e-01,9.262563163854087289e-02,7.126498336908415610e-01,1.000000000000000000e+00,6.040505984636047598e-01,3.529544180115671836e-01,5.399652752905649278e-01,3.561999153471529511e-01,4.317190413842214025e-01,5.922046662883743151e-01,4.557579016075317679e-01,4.557162808604426907e-01,7.033027364394079939e-01,7.172751853072399930e-01,1.959719414794185155e-01,6.498931917689894366e-02,2.758542444071022670e-01,4.912477694140277573e-01,5.058127843385870070e-01
8.243508840406894578e-01,6.917732831326436349e-01,5.424258618549641087e-01,4.841001848831185672e-01,6.390983295739550707e-01,2.099016997219989300e-01,-2.519330792697296872e-01,-5.756913740159923520e-01,7.070345971482967506e-01,7.333967939289514071e-01,4.063237445943111426e-01,2.224998709581127443e-01,3.931248467748606895e-02,8.107892271962576780e-01,5.922428325491309042e-01,7.793743268554993442e-01,5.598971737588878117e-01,6.846743634421580404e-01,6.562020061997472231e-01,1.436558212402996582e-01,6.278452084800034694e-02,-2.941657469432479646e-02,7.552179426442394705e-01,6.040505984636047598e-01,1.000000000000000000e+00,7.217940990690490111e-01,5.830558501357430146e-01,6.171968545875047285e-01,7.613795564160511509e-01,6.596481218726042428e-01,3.013378069860064290e-01,5.624567519419892969e-01,5.589606971917715494e-01,5.459095579784879471e-01,6.312118133238129314e-01,2.367454709230949195e-01,6.052957721793825741e-01,7.859810391613670788e-01,3.842654051669179838e-01
8.346895638594802325e-01,7.161695063148387774e-01,4.892135681966784388e-01,2.995015347035218656e-01,6.527455117850828881e-01,4.522575490462075187e-01,-3.290803126132124112e-01,-4.984593352660040000e-01,6.573118254363090607e-01,7.609753564493386691e-01,6.983317175144638789e-01,3.872172834294217852e-02,-1.397586758755039182e-01,7.270101773401520528e-01,5.407011970479098650e-01,8.151434194258386778e-01,7.143764068285710644e-01,6.654803554141368593e-01,6.873221875759055743e-01,5.854349457017402059e-02,-6.009238565810491595e-02,2.218313410924739604e-02,5.120958697666085913e-01,3.529544180115671836e-01,7.217940990690490111e-01,1.000000000000000000e+00,7.082857620518937525e-01,8.366600079888395491e-01,8.424967139142144346e-01,6.262690892503746110e-01,4.014117764191280080e-01,7.839021481126625668e-01,5.632986335228370445e-01,4.473561026272643848e-01,7.806245135739587893e-01,3.876961682490174810e-01,7.946376482336499070e-01,7.607618062253005409e-01,1.822828912072500529e-01
6.915860172103026615e-01,7.431116608452628114e-01,6.884100425837209603e-01,3.243924374576039327e-01,7.742951373597208864e-01,3.144595696212559160e-02,-1.973401531758693928e-01,-6.282116885333468570e-01,7.980158833002685137e-01,7.480117740935645632e-01,4.110719216227007866e-01,4.716875454089295983e-01,-5.032127554775742695e-01,7.431785756906964524e-01,3.857519659273953572e-01,7.303987603906252346e-01,3.125765388175003046e-01,6.929717660982466221e-01,6.613298723137275292e-01,6.061307339692682122e-02,3.233518607071162454e-01,2.967842902682740203e-01,7.139745505692830507e-01,5.399652752905649278e-01,5.830558501357430146e-01,7.082857620518937525e-01,1.000000000000000000e+00,6.816348268564781376e-01,6.759015794813595379e-01,7.897311785366114556e-01,7.383012636335750667e-01,7.830847012481259029e-01,6.966448014586616999e-01,6.606496567639560391e-01,4.167542382353663366e-01,5.973668574542730925e-01,5.813475329814956627e-01,6.315072275337011432e-01,6.224350200112155340e-01
6.931185145288045746e-01,5.858795952762070325e-01,5.701003498457264396e-01,3.198170240865127467e-01,6.321247698318396280e-01,2.158745730612166014e-01,-1.046086785963055571e-01,-5.638088104159925118e-01,6.577524631805909960e-01,6.961947606811634826e-01,4.601319747689189832e-01,2.520895815166501186e-01,-1.922700773501997418e-01,6.578522931010770680e-01,5.727629011883237364e-01,7.675591003908635024e-01,4.800674816837405823e-01,6.955853347809296539e-01,6.498232677645898736e-01,2.215463602362367779e-01,2.098159576824989436e-01,2.759924446397339359e-01,5.518232843678807509e-01,3.561999153471529511e-01,6.171968545875047285e-01,8.366600079888395491e-01,6.816348268564781376e-01,1.000000000000000000e+00,6.557533115975839877e-01,6.212383718921679066e-01,5.683896538524015885e-01,6.539864138987178110e-01,5.563667178126047164e-01,5.194241824581106171e-01,5.582978562287248536e-01,4.048281913477614902e-01,5.399677161721012641e-01,6.798399622411031018e-01,2.592116395853451549e-01
8.413339403756934232e-01,8.218292310311801074e-01,5.195473971885710140e-01,3.992386066647376497e-01,7.116014760110114246e-01,3.689120731906380124e-01,-3.223601289144367166e-01,-5.407546534406062477e-01,7.242287076958235925e-01,8.027836238951773229e-01,6.183231139165507040e-01,8.326482652011299446e-02,-1.510726160360513493e-01,8.228830191736757893e-01,4.348053961645633181e-01,7.844041193117119448e-01,6.335283965616995694e-01,6.657352846841209093e-01,6.424087361247349248e-01,1.275625176997343714e-02,-3.479766927498030571e-02,-3.334390951355086733e-03,5.819197958363971912e-01,4.317190413842214025e-01,7.613795564160511509e-01,8.424967139142144346e-01,6.759015794813595379e-01,6.557533115975839877e-01,1.000000000000000000e+00,6.949116062196766253e-01,3.994743363250436996e-01,7.972374897393547100e-01,5.565566666762790105e-01,5.201103310482664277e-01,7.392567566905902110e-01,3.819412629830448713e-01,8.212541907438770661e-01,6.769071578210721363e-01,2.602436091940675822e-01
7.275846087308033283e-01,7.992060872959753093e-01,7.023667058900894267e-01,3.678069796697419624e-01,7.916337178869835567e-01,6.811311074485275341e-02,-2.710655459934123712e-01,-6.617354980781314788e-01,8.320618007191552534e-01,8.335346343298867255e-01,4.068375738774791528e-01,3.666702971352446827e-01,-4.717698869017569741e-01,8.005672857792480723e-01,2.470071117602994082e-01,7.900188924166504645e-01,3.517544493720180521e-01,6.713743077329678011e-01,6.078986879185021008e-01,-3.506835440986965508e-02,2.649140416062749637e-01,1.940833724188309739e-01,7.569121821846466203e-01,5.922046662883743151e-01,6.596481218726042428e-01,6.262690892503746110e-01,7.897311785366114556e-01,6.212383718921679066e-01,6.949116062196766253e-01,1.000000000000000000e+00,7.589028975132472432e-01,7.545517253859221896e-01,6.722838908491550747e-01,6.957353442424040191e-01,4.286700409666731604e-01,5.416196131593044027e-01,5.665306259732433292e-01,5.605011586943454693e-01,5.291655953143207247e-01
4.142024547730041029e-01,5.639413713314835874e-01,6.633801426273726598e-01,2.446080228146338686e-01,6.580199541056820367e-01,-2.159768614755010196e-01,-2.470711008682782792e-03,-5.929720781525851248e-01,6.732648021254294957e-01,6.249809804748215347e-01,1.095465016536485842e-01,5.242585785016654620e-01,-7.000903151156121496e-01,5.816170756515752771e-01,1.036887671896498525e-01,5.599962254486120505e-01,-2.856213801131221933e-02,5.588116792887937168e-01,4.515867847734234553e-01,4.258701712180255200e-02,5.554933563214949910e-01,4.646073707713701539e-01,6.318605009889738389e-01,4.557579016075317679e-01,3.013378069860064290e-01,4.014117764191280080e-01,7.383012636335750667e-01,5.683896538524015885e-01,3.994743363250436996e-01,7.589028975132472432e-01,1.000000000000000000e+00,5.709818975442327860e-01,5.477359007891390297e-01,6.201451133642215119e-01,9.429138708738805941e-02,5.693957134525492458e-01,2.663533517742776024e-01,2.846880198305041243e-01,5.580759606172874809e-01
6.970445533853190101e-01,7.607981690787548601e-01,5.487777332640303429e-01,2.175715997402571933e-01,7.399896709398320338e-01,3.749861894267669804e-01,-4.233884965013180457e-01,-5.097316279436030495e-01,7.258607986396763412e-01,7.441450212225890759e-01,6.748575394198794708e-01,1.482559166757161095e-01,-3.943728102001305968e-01,7.385521054402330865e-01,2.602889420509769125e-01,7.032172694284378744e-01,5.980717225292213612e-01,6.025264359558658578e-01,6.170748532706035183e-01,-1.909219218516243766e-01,-3.657200477402492572e-02,4.570935155710533632e-02,5.175453930017445137e-01,4.557162808604426907e-01,5.624567519419892969e-01,7.839021481126625668e-01,7.830847012481259029e-01,6.539864138987178110e-01,7.972374897393547100e-01,7.545517253859221896e-01,5.709818975442327860e-01,1.000000000000000000e+00,6.309843558975058997e-01,5.487228375834117822e-01,6.393683439728519158e-01,4.706863399816456073e-01,7.959878224783253353e-01,5.658428976725190518e-01,3.180734189723300465e-01
5.356710600002150269e-01,4.880870694379069730e-01,7.918484415384423603e-01,4.409508831481610547e-01,8.064998363342721355e-01,4.480802558040294231e-02,-2.200859647987890577e-01,-7.100037665121080588e-01,7.639813360113979490e-01,5.041346978068135254e-01,3.335086514378783895e-01,3.373248940640810045e-01,-4.412119136271897557e-01,7.122307003866015229e-01,3.818043324485259071e-01,5.195082898913694347e-01,3.609526007480627907e-01,6.622347672326419632e-01,4.500219207096929908e-01,-1.100699133132925084e-01,2.732425397984848403e-01,1.312456059138497333e-01,6.345748973829470341e-01,7.033027364394079939e-01,5.589606971917715494e-01,5.632986335228370445e-01,6.966448014586616999e-01,5.563667178126047164e-01,5.565566666762790105e-01,6.722838908491550747e-01,5.477359007891390297e-01,6.309843558975058997e-01,1.000000000000000000e+00,8.578891994350845707e-01,3.692143690985386084e-01,1.459537103105392197e-01,4.564246839753525187e-01,5.614680574558266191e-01,4.466285894477648455e-01
4.577623816028268400e-01,4.817060971392095881e-01,8.468979071651604462e-01,5.721422395438667818e-01,8.638540735361911471e-01,-1.334314579611131091e-01,-6.192667602992323050e-02,-7.878555243071737602e-01,7.941232613776606497e-01,5.061826255873860259e-01,1.475654091446106930e-01,5.045573940667734680e-01,-4.164371224804004901e-01,7.383476767998004009e-01,3.714485377993531068e-01,5.072438471490267053e-01,1.789044347855978934e-01,6.921251667959743559e-01,4.096742489858473113e-01,5.564712830232633814e-03,4.696420532299704353e-01,2.713368096770877314e-01,7.166200961434326944e-01,7.172751853072399930e-01,5.459095579784879471e-01,4.473561026272643848e-01,6.606496567639560391e-01,5.194241824581106171e-01,5.201103310482664277e-01,6.957353442424040191e-01,6.201451133642215119e-01,5.487228375834117822e-01,8.578891994350845707e-01,1.000000000000000000e+00,2.369057530301216241e-01,1.919114112373013770e-01,3.352470439778868494e-01,4.838540284799635605e-01,5.411895683441528826e-01
7.055607870764947220e-01,5.542423594546574961e-01,2.712352782038484067e-01,2.721652053087822432e-01,4.573070876633160697e-01,6.219045173487868228e-01,-4.009925480302017897e-01,-3.025978211731307210e-01,4.440979824844685786e-01,5.828604872572458184e-01,7.127110019277591579e-01,-2.142517514290862291e-01,-6.357238453581138225e-03,5.959273235192904528e-01,3.767338890728680889e-01,6.332136132415389085e-01,7.817130538117118554e-01,4.838591485590152952e-01,5.524951656370528097e-01,-5.434111553539137246e-02,-2.969961052650105238e-01,-2.001538096982112824e-01,2.960380381157393659e-01,1.959719414794185155e-01,6.312118133238129314e-01,7.806245135739587893e-01,4.167542382353663366e-01,5.582978562287248536e-01,7.392567566905902110e-01,4.286700409666731604e-01,9.429138708738805941e-02,6.393683439728519158e-01,3.692143690985386084e-01,2.369057530301216241e-01,1.000000000000000000e+00,1.631411287974729174e-01,8.524490632990301409e-01,6.120359283208856027e-01,-3.181086049054197840e-02
4.021398759631050202e-01,5.778529409938786277e-01,2.377103380215882800e-01,1.871784062543232693e-02,3.630666600068462868e-01,-8.260632753439715523e-03,-6.601490774243584658e-02,-1.976771947404057372e-01,4.138455817159933936e-01,5.660457904457182332e-01,2.710875392501242986e-01,3.835857906725588795e-01,-3.092484635943422155e-01,3.699562995162147816e-01,1.586516019741621986e-01,5.307585676059864976e-01,6.645736954912638550e-02,3.166893795870445172e-01,4.494055359940777872e-01,1.836453773331525041e-01,2.000432647132696640e-01,3.356298422008825444e-01,4.051102398410364458e-01,6.498931917689894366e-02,2.367454709230949195e-01,3.876961682490174810e-01,5.973668574542730925e-01,4.048281913477614902e-01,3.819412629830448713e-01,5.416196131593044027e-01,5.693957134525492458e-01,4.706863399816456073e-01,1.459537103105392197e-01,1.919114112373013770e-01,1.631411287974729174e-01,1.000000000000000000e+00,3.143414484931542630e-01,3.030695421890409746e-01,4.211780954785246944e-01
7.396416386883031269e-01,6.834501970013127092e-01,3.525969071259774656e-01,2.208040425602841861e-01,5.795399186267409242e-01,6.069481691439601034e-01,-5.153750782087848092e-01,-3.636184416619551163e-01,5.521016403837534225e-01,6.636583219409382117e-01,7.789314618362442877e-01,-1.188559042842260854e-01,-2.143445377459857748e-01,6.523998968576902868e-01,2.549512530839896929e-01,6.439692266033171242e-01,7.718041615674005040e-01,4.969294910743861093e-01,5.595872470812774946e-01,-1.944170826089247073e-01,-2.658494582184774968e-01,-1.927932306864865442e-01,3.604724364886927601e-01,2.758542444071022670e-01,6.052957721793825741e-01,7.946376482336499070e-01,5.813475329814956627e-01,5.399677161721012641e-01,8.212541907438770661e-01,5.665306259732433292e-01,2.663533517742776024e-01,7.959878224783253353e-01,4.564246839753525187e-01,3.352470439778868494e-01,8.524490632990301409e-01,3.143414484931542630e-01,1.000000000000000000e+00,5.872928634885178356e-01,1.261484995273349230e-01
7.653963852089167297e-01,6.121068723275402412e-01,4.842224550033398245e-01,3.264666851053970031e-01,5.776890700194197148e-01,1.910698932914101644e-01,-2.076775852477010798e-01,-4.869843344287652642e-01,6.809844040554078326e-01,6.442088677971609112e-01,4.480037050172266944e-01,3.101116027738393677e-01,4.689266155344948978e-02,6.815202335725434324e-01,7.456184452906575721e-01,7.149289967503702492e-01,5.483693372466901250e-01,6.678916964712531268e-01,7.501789697677547775e-01,2.050427471322108786e-01,2.126409516639897468e-02,1.919001611505769325e-02,6.486505507228975675e-01,4.912477694140277573e-01,7.859810391613670788e-01,7.607618062253005409e-01,6.315072275337011432e-01,6.798399622411031018e-01,6.769071578210721363e-01,5.605011586943454693e-01,2.846880198305041243e-01,5.658428976725190518e-01,5.614680574558266191e-01,4.838540284799635605e-01,6.120359283208856027e-01,3.030695421890409746e-01,5.872928634885178356e-01,1.000000000000000000e+00,4.989257466655724338e-01
3.409060059707841317e-01,4.629821835475956826e-01,5.334846639095279786e-01,3.356055438551828751e-01,4.952288173854146880e-01,-4.549557459791819247e-01,1.445153294740126049e-01,-4.705308149848586585e-01,6.523924421675023622e-01,4.151117909549003615e-01,-1.501637793948184252e-01,8.198109680943046484e-01,-3.000912046697919999e-01,4.738903846569064715e-01,3.603071387826272121e-01,3.587514329439830396e-01,-1.822635193298276779e-01,5.485860666157281740e-01,5.563897023142825304e-01,2.246353427184673290e-01,5.021622509605129236e-01,4.125877606659090202e-01,7.011762360842979103e-01,5.058127843385870070e-01,3.842654051669179838e-01,1.822828912072500529e-01,6.224350200112155340e-01,2.592116395853451549e-01,2.602436091940675822e-01,5.291655953143207247e-01,5.580759606172874809e-01,3.180734189723300465e-01,4.466285894477648455e-01,5.411895683441528826e-01,-3.181086049054197840e-02,4.211780954785246944e-01,1.261484995273349230e-01,4.989257466655724338e-01,1.000000000000000000e+00
