1.000000000000000000e+00,6.799699228911798565e-01,1.308767920684854313e-01,1.206812382037506237e-01,8.875117185759161531e-01,7.353863415726740183e-01,7.205864231293668265e-01,-3.643839258377311041e-01,6.487205184886131182e-01,8.357298939490556133e-01,-6.939589604020279801e-01,-1.772786459522339708e-01,3.882132138871874361e-01,8.275070891449370913e-01,8.316062868930320651e-01,8.252445304356899047e-01,-2.649057756136146136e-01,8.328645323379494370e-01,8.226454955673240255e-01,-7.831719877948830622e-01,6.569373880832140022e-01,-7.964022778436209427e-01,4.874066040786424470e-01,4.488899935225524884e-01,6.490457657696063754e-01,8.479151884550342189e-01,6.362592970886842281e-01,2.918832573547406883e-01,-3.959636073084803476e-01,6.262245094356682085e-01,-7.358185679040585292e-02,-1.691452531557135208e-01,6.309887658751427431e-01,5.151981704458571398e-01,-4.212541786803926658e-01,6.260291182363770801e-01,-5.183726949980477228e-01,8.210084868289004856e-01,8.240151173661967032e-01
6.799699228911798565e-01,1.000000000000000000e+00,3.467449240618388114e-03,4.913649405116580771e-01,7.895131550913907503e-01,5.546084417983532244e-01,6.603739461940569822e-01,-2.871896394675710895e-01,2.833510347614317526e-01,8.142690249024681082e-01,-6.895857738718503827e-01,-2.356769188831786266e-01,2.060614135295034954e-01,8.484981544469579751e-01,5.652906956649653702e-01,8.609662242220914585e-01,-4.587333466912955626e-01,8.433861650219331985e-01,8.728198433760352426e-01,-8.494514376811922451e-01,5.203700077781474587e-01,-8.407401906691845950e-01,2.098857358217360303e-01,4.491722342171143856e-01,3.263242870436824372e-01,7.712194465584675251e-01,5.251816587753832533e-01,-2.124792204147310862e-02,-4.222150303944835481e-01,4.817829542817884669e-01,-4.302988989679230603e-01,-2.067671088169312776e-01,3.674353711141122858e-01,2.803992825607786177e-01,-6.206806722996609516e-01,6.448635941338122235e-01,-6.209770387581284856e-01,5.675466484671787271e-01,6.112496859134736171e-01
1.308767920684854313e-01,3.467449240618388114e-03,1.000000000000000000e+00,-4.716984575221361831e-01,9.247920218051888797e-02,2.956427720423095984e-01,5.182657166052359599e-03,-7.024368767646513856e-01,2.922772247901944120e-01,2.123004355624925343e-01,-1.276724428845915638e-01,2.180043674226440631e-01,1.813522469373911594e-01,-5.050866958548264063e-02,1.975588620553725139e-01,-1.578066641646577728e-02,1.742329529125895560e-01,-1.842572912936091267e-02,4.876428242613553565e-02,3.911174474182425170e-02,4.536360502583156040e-01,-7.988720770772938032e-03,5.820683483767943311e-01,-4.153906173552033287e-01,5.332308871676658679e-01,2.168164708935485796e-01,2.356443135171345793e-01,4.908986669578665474e-01,3.442272358973724050e-02,4.413379655391719975e-02,5.245049058764538197e-01,4.059278625231891868e-01,3.174614467438056087e-01,2.660226033357388498e-01,1.045250335951407664e-02,1.180889440526032563e-01,4.495908240567653841e-02,3.716472071858168968e-01,2.553800919389347945e-01
1.206812382037506237e-01,4.913649405116580771e-01,-4.716984575221361831e-01,1.000000000000000000e+00,2.236300329786531371e-01,-3.654820287916443755e-02,3.166600868896460863e-01,2.542784907832594810e-01,-2.083443859423263489e-01,1.549662966176859058e-01,-2.355783685168083008e-01,-4.756015466752758214e-01,-1.053246046240424770e-03,4.560843489032623266e-01,-6.832779976292992219e-02,4.382863713586124810e-01,-5.874050458114440376e-01,4.098038118094299853e-01,3.590324267440148098e-01,-4.914007723779754144e-01,-2.415464314596028617e-01,-3.620677810488181492e-01,-5.468231397397840254e-01,5.178633015466488354e-01,-4.562840022385671879e-01,1.404620215464037203e-01,-7.882584003360929362e-03,-6.796802508309797153e-01,-2.978937851102187451e-01,-1.713434353405627036e-03,-6.891642823324587441e-01,-4.687592198024373435e-01,-2.593811493949159663e-01,-2.218939247513692370e-01,-4.094821923543302544e-01,1.193245535848080352e-01,-3.168165778538495903e-01,-1.868768126475986724e-01,9.577228678772507775e-02
8.875117185759161531e-01,7.895131550913907503e-01,9.247920218051888797e-02,2.236300329786531371e-01,1.000000000000000000e+00,7.584731919720977267e-01,8.082705648318889713e-01,-3.980858986895600693e-01,4.720187914017889286e-01,9.189660536179624639e-01,-7.575472054146674683e-01,-1.871074823877691973e-01,3.712837407236265208e-01,8.925171096548573102e-01,8.584466905121034275e-01,8.987724804967317516e-01,-3.473363704375008187e-01,9.211622505165367736e-01,9.119471210578665721e-01,-8.631196983741807882e-01,7.188981184183338424e-01,-9.056344105171244552e-01,4.779401033949518540e-01,4.983767586228122770e-01,6.318293500069288582e-01,9.273948607118440712e-01,7.228981610982389006e-01,2.570298925441987792e-01,-4.510503913781647167e-01,5.252249013868814931e-01,-1.948336377359826121e-01,-2.008517078483264828e-01,6.101393947449849087e-01,4.197977297055468515e-01,-4.999627537107341202e-01,5.946263350623846033e-01,-6.344919421941709325e-01,7.864449651484847204e-01,7.512973895313901362e-01
7.353863415726740183e-01,5.546084417983532244e-01,2.956427720423095984e-01,-3.654820287916443755e-02,7.584731919720977267e-01,1.000000000000000000e+00,6.264990919831825433e-01,-3.893967370799887862e-01,4.581353943374462112e-01,7.807828987316599578e-01,-5.246921309741046091e-01,1.740546435366481862e-02,4.209764586272028430e-01,6.361071571254888202e-01,8.052570091730549828e-01,6.811319506070723229e-01,-1.417382140461660722e-01,7.048169124779389838e-01,6.974051671455623325e-01,-6.442085558936587741e-01,6.676408480038745763e-01,-7.013553207031854031e-01,5.624452439155867012e-01,7.643032896456350422e-02,6.947126583664999799e-01,7.827065923875495823e-01,6.507803077546612247e-01,4.102425342091938210e-01,-2.760290913326113316e-01,4.519463250908369312e-01,9.384345010881139926e-02,-1.789792111830321511e-02,6.169464491609558676e-01,4.831043783706972516e-01,-4.289924898057428382e-01,5.064787679149737043e-01,-5.009199363333162180e-01,7.415129442047739827e-01,5.781911239707355765e-01
7.205864231293668265e-01,6.603739461940569822e-01,5.182657166052359599e-03,3.166600868896460863e-01,8.082705648318889713e-01,6.264990919831825433e-01,1.000000000000000000e+00,-2.775090810784495154e-01,2.190221292814763243e-01,7.462107395849494340e-01,-6.714355790899997345e-01,-4.668205047653939954e-01,3.887049583876283632e-01,7.883866430957939819e-01,6.815333143302857444e-01,7.725707663050737084e-01,-3.819705081394824120e-01,8.151140468432728214e-01,7.881327128976507446e-01,-7.816941225798900161e-01,4.752607812068660453e-01,-8.012688672930343703e-01,2.256387458073017827e-01,5.471456921179185251e-01,4.072373463072471722e-01,7.953986007533041525e-01,5.892377889589904827e-01,1.761291740603557754e-01,-4.187315556764884539e-01,3.982573767412267984e-01,-3.161058043870159096e-01,-2.877773043979581225e-01,4.764424745126081828e-01,2.426245440327434721e-01,-4.549963992218135633e-01,4.162696511458891524e-01,-5.544480223256887941e-01,5.537727642411112150e-01,5.715173937866164788e-01
-3.643839258377311041e-01,-2.871896394675710895e-01,-7.024368767646513856e-01,2.542784907832594810e-01,-3.980858986895600693e-01,-3.893967370799887862e-01,-2.775090810784495154e-01,1.000000000000000000e+00,-3.449786881297766117e-01,-4.292322015948118463e-01,3.378223134407475903e-01,-3.668741131786271148e-02,-2.128128240669984739e-01,-2.617826736761028061e-01,-3.881546885962843252e-01,-2.918294960676087735e-01,1.087299694459402111e-01,-3.004750751322194380e-01,-3.401134774458023924e-01,2.424406536870691020e-01,-5.506152445974688003e-01,3.310194330375932359e-01,-5.565197960757268802e-01,8.901008881015172458e-02,-5.600543711541166036e-01,-4.504806356861522088e-01,-3.458826777753783444e-01,-3.976473149316043232e-01,1.775827080043447248e-01,-1.866561178669029764e-01,-2.469025166349688993e-01,-1.144697655451611118e-01,-4.116822110908366916e-01,-3.352298230759908071e-01,8.845694270624958333e-02,-2.922205870061025945e-01,1.888848055739360543e-01,-5.041676897716578232e-01,-4.525162985906381885e-01
6.487205184886131182e-01,2.833510347614317526e-01,2.922772247901944120e-01,-2.083443859423263489e-01,4.720187914017889286e-01,4.581353943374462112e-01,2.190221292814763243e-01,-3.449786881297766117e-01,1.000000000000000000e+00,4.557205464057245692e-01,-3.591189819528829430e-01,6.463826371458833431e-02,2.656925136223082240e-01,3.611403043612933517e-01,4.781668309155283070e-01,3.705127565858015171e-01,5.073637267011413265e-02,3.678547437613741700e-01,4.136770762239618815e-01,-3.259512608075137430e-01,4.533390036811262291e-01,-3.458736746386306682e-01,5.256562707248449984e-01,-4.043645769503031832e-03,5.566379778963037595e-01,4.199184595185380120e-01,2.506304761136228798e-01,3.052494801960898285e-01,-1.029271382882693819e-01,6.305088196276474877e-01,2.314264078276655479e-01,3.011461849063022667e-02,4.387708196075522649e-01,7.131090547657150669e-01,-7.036762153712616819e-02,5.565636653090235697e-01,-1.188531634601457804e-01,6.744631602164768980e-01,7.016377221784417806e-01
8.357298939490556133e-01,8.142690249024681082e-01,2.123004355624925343e-01,1.549662966176859058e-01,9.189660536179624639e-01,7.807828987316599578e-01,7.462107395849494340e-01,-4.292322015948118463e-01,4.557205464057245692e-01,1.000000000000000000e+00,-7.521277300607503991e-01,-1.003891192903051122e-01,3.368094372035241313e-01,8.564225425902742828e-01,8.369082507775734703e-01,8.814645750982905703e-01,-2.531621021915115288e-01,8.813489889062712246e-01,8.958843087167822627e-01,-8.303978712348762947e-01,7.952185345673469241e-01,-8.796554439653258006e-01,5.759586004388349556e-01,3.632791174993374450e-01,6.962092794124122852e-01,9.367539476260453579e-01,7.451950373541550432e-01,3.311017464050312609e-01,-4.080556175627104154e-01,5.287331757898441342e-01,-1.194125088711345400e-01,-6.360300999581980363e-02,6.558176419623082953e-01,4.097552882645542627e-01,-5.278443921655522342e-01,6.392907988877325476e-01,-6.277284829749861794e-01,8.169265045803315584e-01,7.027158646567618350e-01
-6.939589604020279801e-01,-6.895857738718503827e-01,-1.276724428845915638e-01,-2.355783685168083008e-01,-7.575472054146674683e-01,-5.246921309741046091e-01,-6.714355790899997345e-01,3.378223134407475903e-01,-3.591189819528829430e-01,-7.521277300607503991e-01,1.000000000000000000e+00,2.009954561728185818e-01,-3.171691934286208769e-01,-7.387266872769157056e-01,-6.578638021136187231e-01,-7.393166306421599110e-01,4.097835317064744132e-01,-7.651745216421285134e-01,-7.757995075153114595e-01,7.397888255632193433e-01,-5.682475073718409320e-01,7.563284198894116850e-01,-3.020623112415273814e-01,-4.613153691305885151e-01,-4.023544532601570634e-01,-7.524368718731540007e-01,-5.489817386500516205e-01,-1.246790295037929763e-01,2.911279400701409226e-01,-5.026798141729930114e-01,3.520477777615360071e-01,1.737259541044036959e-01,-3.444408177460954734e-01,-4.084643280376367147e-01,5.048516007376867565e-01,-5.494377439822402120e-01,5.153892816946906708e-01,-6.461755503172280646e-01,-5.777035611991804265e-01
-1.772786459522339708e-01,-2.356769188831786266e-01,2.180043674226440631e-01,-4.756015466752758214e-01,-1.871074823877691973e-01,1.740546435366481862e-02,-4.668205047653939954e-01,-3.668741131786271148e-02,6.463826371458833431e-02,-1.003891192903051122e-01,2.009954561728185818e-01,1.000000000000000000e+00,-1.637492799026860624e-01,-2.544580676533225172e-01,2.814175105990193021e-02,-2.529719328985223781e-01,3.045300182266397759e-01,-3.107470943705277766e-01,-2.917180981358131753e-01,3.488378671056092672e-01,1.829479291069745772e-01,2.798591159124161343e-01,2.663578444336360262e-01,-3.849026421135350873e-01,1.984888466771294879e-01,-1.308191853261019832e-01,6.230542272458550884e-02,3.474789742629517120e-01,1.172145309126438328e-01,-6.030347659150553374e-02,3.773372302543928081e-01,3.420386066350542542e-01,9.496364242151369983e-02,-5.060772752753120440e-02,2.921112399883890043e-01,-3.986001048713411904e-02,5.175119951283731895e-02,5.521234777718760089e-02,-1.284310748837746152e-01
3.882132138871874361e-01,2.060614135295034954e-01,1.813522469373911594e-01,-1.053246046240424770e-03,3.712837407236265208e-01,4.209764586272028430e-01,3.887049583876283632e-01,-2.128128240669984739e-01,2.656925136223082240e-01,3.368094372035241313e-01,-3.171691934286208769e-01,-1.637492799026860624e-01,1.000000000000000000e+00,3.141687987264408233e-01,3.992304671317970510e-01,2.883507883560070817e-01,-1.066008743489980232e-01,3.417205457784467937e-01,3.203319155541579089e-01,-2.830066834143764587e-01,2.780126375609139888e-01,-2.999577953709285372e-01,2.490858150168077378e-01,1.883083938730484852e-01,3.348365580199801350e-01,3.865111187396045311e-01,2.927228750830208059e-01,1.692859478098127091e-01,6.005755533614032249e-02,1.435601788592216488e-01,1.821839283354156208e-02,3.852070083847589435e-03,2.487963198111167173e-01,2.664967485736520203e-01,-3.751749635711053577e-01,1.583089645184974081e-01,-1.418413201071121732e-01,3.494235170137698909e-01,2.671372550556742054e-01
8.275070891449370913e-01,8.484981544469579751e-01,-5.050866958548264063e-02,4.560843489032623266e-01,8.925171096548573102e-01,6.361071571254888202e-01,7.883866430957939819e-01,-2.617826736761028061e-01,3.611403043612933517e-01,8.564225425902742828e-01,-7.387266872769157056e-01,-2.544580676533225172e-01,3.141687987264408233e-01,1.000000000000000000e+00,7.183805575446126079e-01,9.281774886871472230e-01,-4.742029721810856469e-01,9.158152310736806800e-01,8.918003600191013458e-01,-9.039447170959350464e-01,5.591486774120674186e-01,-8.790339663761059796e-01,2.547521513093323753e-01,6.101700395838483004e-01,4.236307761144738615e-01,8.609795448146512209e-01,6.478233297974677063e-01,6.552918697848983398e-02,-4.856729043229802700e-01,5.263694853038799470e-01,-3.708122018866072955e-01,-3.172016197941099347e-01,4.479919719980381965e-01,2.926277663097884285e-01,-5.777739792703460164e-01,6.003711219728669057e-01,-6.679942585344933459e-01,6.555109382489113790e-01,7.113628203803997740e-01
8.316062868930320651e-01,5.652906956649653702e-01,1.975588620553725139e-01,-6.832779976292992219e-02,8.584466905121034275e-01,8.052570091730549828e-01,6.815333143302857444e-01,-3.881546885962843252e-01,4.781668309155283070e-01,8.369082507775734703e-01,-6.578638021136187231e-01,2.814175105990193021e-02,3.992304671317970510e-01,7.183805575446126079e-01,1.000000000000000000e+00,7.438383763023602713e-01,-1.523050707196599851e-01,7.827659706789761307e-01,7.652135268140380919e-01,-6.841905629837625735e-01,7.632470709943781628e-01,-7.714285030497302076e-01,5.945339105790605760e-01,3.385604189427114386e-01,7.454741434356564334e-01,8.647937806064898147e-01,7.468863402795026252e-01,4.071866114173964268e-01,-3.236270236834226655e-01,4.660142493432850030e-01,5.654464654080996501e-03,-9.027524689768927357e-02,7.049873301328756225e-01,4.751253846066045838e-01,-4.141840504249044708e-01,4.442346576766501021e-01,-5.316008830287818343e-01,8.176801195860678995e-01,6.252631194929214598e-01
8.252445304356899047e-01,8.609662242220914585e-01,-1.578066641646577728e-02,4.382863713586124810e-01,8.987724804967317516e-01,6.811319506070723229e-01,7.725707663050737084e-01,-2.918294960676087735e-01,3.705127565858015171e-01,8.814645750982905703e-01,-7.393166306421599110e-01,-2.529719328985223781e-01,2.883507883560070817e-01,9.281774886871472230e-01,7.438383763023602713e-01,1.000000000000000000e+00,-4.562999104307222109e-01,9.305729826660142923e-01,9.105280007815185206e-01,-9.152206446644364224e-01,5.805014329380172589e-01,-8.966357148744042993e-01,3.068399604885865273e-01,5.459992452012610853e-01,4.526345793991357058e-01,8.705587457839277787e-01,6.545902674646418840e-01,6.190391527185467452e-02,-5.054481157541043101e-01,5.135395660150867680e-01,-3.531998857416422388e-01,-3.046234123995248955e-01,4.975557857963221475e-01,3.160959088902592362e-01,-5.931558025962798686e-01,5.935440741477417959e-01,-6.739433698199788214e-01,6.699029418418016579e-01,6.645177929274008743e-01
-2.649057756136146136e-01,-4.587333466912955626e-01,1.742329529125895560e-01,-5.874050458114440376e-01,-3.473363704375008187e-01,-1.417382140461660722e-01,-3.819705081394824120e-01,1.087299694459402111e-01,5.073637267011413265e-02,-2.531621021915115288e-01,4.097835317064744132e-01,3.045300182266397759e-01,-1.066008743489980232e-01,-4.742029721810856469e-01,-1.523050707196599851e-01,-4.562999104307222109e-01,1.000000000000000000e+00,-4.514275164071288038e-01,-4.086660991205333660e-01,5.251406598901888767e-01,2.757489511725276163e-02,4.426455892266153436e-01,3.052578563294509606e-01,-4.757838089853655417e-01,2.224168076298894681e-01,-2.768926377086357027e-01,-1.401979531290862835e-01,3.722810117043398037e-01,4.971501015397203349e-01,-1.496590176900251534e-01,6.044714629263443495e-01,4.419447355909912889e-01,1.696685328529287107e-01,-3.572083295957689808e-02,3.482273734635242257e-01,-1.587642212583350032e-01,4.111973689507078533e-01,-8.130197327588148393e-02,-2.572996924567161892e-01
8.328645323379494370e-01,8.433861650219331985e-01,-1.842572912936091267e-02,4.098038118094299853e-01,9.211622505165367736e-01,7.048169124779389838e-01,8.151140468432728214e-01,-3.004750751322194380e-01,3.678547437613741700e-01,8.813489889062712246e-01,-7.651745216421285134e-01,-3.107470943705277766e-01,3.417205457784467937e-01,9.158152310736806800e-01,7.827659706789761307e-01,9.305729826660142923e-01,-4.514275164071288038e-01,1.000000000000000000e+00,9.422713226213833559e-01,-9.302710796583463226e-01,5.962154497391042307e-01,-9.328445652841064195e-01,3.088687329075423538e-01,5.515089206957879409e-01,4.673861921050399548e-01,8.855076440402974702e-01,6.629047290349028287e-01,5.864783431608037306e-02,-4.646391435505489720e-01,5.100262198288245674e-01,-3.521575359396891258e-01,-3.069537337752331618e-01,5.071564222567350733e-01,3.851804740782361902e-01,-6.125812148956658598e-01,5.742249244531683061e-01,-6.658104024416654498e-01,6.932862474727599089e-01,6.728065736128338026e-01
8.226454955673240255e-01,8.728198433760352426e-01,4.876428242613553565e-02,3.590324267440148098e-01,9.119471210578665721e-01,6.974051671455623325e-01,7.881327128976507446e-01,-3.401134774458023924e-01,4.136770762239618815e-01,8.958843087167822627e-01,-7.757995075153114595e-01,-2.917180981358131753e-01,3.203319155541579089e-01,8.918003600191013458e-01,7.652135268140380919e-01,9.105280007815185206e-01,-4.086660991205333660e-01,9.422713226213833559e-01,1.000000000000000000e+00,-9.119250466790687071e-01,6.364467786706856645e-01,-9.345554440491898873e-01,3.693270467571730942e-01,4.760581085455505845e-01,4.982449646992794801e-01,8.800438515722839306e-01,6.658562558374108153e-01,9.207670496952641281e-02,-4.460940035694175854e-01,5.558333989799071340e-01,-3.270286322663847889e-01,-2.442066052548292343e-01,5.099262822043811871e-01,4.506764218926961885e-01,-6.144481189328745430e-01,6.217492836051127236e-01,-6.556707541090979197e-01,7.303351210610551369e-01,6.952718598440948972e-01
-7.831719877948830622e-01,-8.494514376811922451e-01,3.911174474182425170e-02,-4.914007723779754144e-01,-8.631196983741807882e-01,-6.442085558936587741e-01,-7.816941225798900161e-01,2.424406536870691020e-01,-3.259512608075137430e-01,-8.303978712348762947e-01,7.397888255632193433e-01,3.488378671056092672e-01,-2.830066834143764587e-01,-9.039447170959350464e-01,-6.841905629837625735e-01,-9.152206446644364224e-01,5.251406598901888767e-01,-9.302710796583463226e-01,-9.119250466790687071e-01,1.000000000000000000e+00,-5.128568919397898940e-01,9.025025492291657292e-01,-2.158026866205128291e-01,-5.562150360356677981e-01,-3.674950266934816634e-01,-8.263019006607292827e-01,-6.036062731207645360e-01,2.250922976266980097e-02,4.950918631871256692e-01,-4.815410949234106841e-01,4.013524525648307084e-01,3.230261944292782683e-01,-4.050877760962037222e-01,-3.348521633853632218e-01,6.127800726659538011e-01,-5.645235929321166246e-01,6.586035839701008809e-01,-6.292945414841809582e-01,-6.491347421246723703e-01
6.569373880832140022e-01,5.203700077781474587e-01,4.536360502583156040e-01,-2.415464314596028617e-01,7.188981184183338424e-01,6.676408480038745763e-01,4.752607812068660453e-01,-5.506152445974688003e-01,4.533390036811262291e-01,7.952185345673469241e-01,-5.682475073718409320e-01,1.829479291069745772e-01,2.780126375609139888e-01,5.591486774120674186e-01,7.632470709943781628e-01,5.805014329380172589e-01,2.757489511725276163e-02,5.962154497391042307e-01,6.364467786706856645e-01,-5.128568919397898940e-01,1.000000000000000000e+00,-6.160382360545946234e-01,7.928756877938724079e-01,1.033498564246868590e-01,8.406511476348609291e-01,7.761508065688065283e-01,6.699357194697773688e-01,5.756660128182337077e-01,-2.359392383370386148e-01,3.674611490356244348e-01,2.126022900833083595e-01,2.098712375037891098e-01,7.199903921859676093e-01,3.804036148699742048e-01,-2.506938969044052445e-01,4.984473805861153184e-01,-3.833988288708884973e-01,8.079266959836066686e-01,5.900536148177103479e-01
-7.964022778436209427e-01,-8.407401906691845950e-01,-7.988720770772938032e-03,-3.620677810488181492e-01,-9.056344105171244552e-01,-7.013553207031854031e-01,-8.012688672930343703e-01,3.310194330375932359e-01,-3.458736746386306682e-01,-8.796554439653258006e-01,7.563284198894116850e-01,2.798591159124161343e-01,-2.999577953709285372e-01,-8.790339663761059796e-01,-7.714285030497302076e-01,-8.966357148744042993e-01,4.426455892266153436e-01,-9.328445652841064195e-01,-9.345554440491898873e-01,9.025025492291657292e-01,-6.160382360545946234e-01,1.000000000000000000e+00,-3.402481852919473915e-01,-4.866837069174485553e-01,-4.771104713453950263e-01,-8.751106508466053313e-01,-6.553494760095869287e-01,-9.507541143307053633e-02,4.643174064551413016e-01,-5.098363731633307472e-01,3.496084776919153869e-01,2.606490244243148680e-01,-5.081401340324968041e-01,-3.826929138328451496e-01,5.894010145040190496e-01,-5.722118832034758240e-01,6.634088838449704317e-01,-7.005168489875184257e-01,-6.588763396494927704e-01
4.874066040786424470e-01,2.098857358217360303e-01,5.820683483767943311e-01,-5.468231397397840254e-01,4.779401033949518540e-01,5.624452439155867012e-01,2.256387458073017827e-01,-5.565197960757268802e-01,5.256562707248449984e-01,5.759586004388349556e-01,-3.020623112415273814e-01,2.663578444336360262e-01,2.490858150168077378e-01,2.547521513093323753e-01,5.945339105790605760e-01,3.068399604885865273e-01,3.052578563294509606e-01,3.088687329075423538e-01,3.693270467571730942e-01,-2.158026866205128291e-01,7.928756877938724079e-01,-3.402481852919473915e-01,1.000000000000000000e+00,-1.669939261867698088e-01,8.900284845462334005e-01,5.488655361581759040e-01,5.438150595373272278e-01,7.186180835736549755e-01,-7.619110132636081056e-02,3.144814714410031908e-01,5.167969350815769802e-01,3.722954882490646655e-01,7.008285310242007293e-01,4.719097080357243512e-01,-3.665174501853429162e-02,3.546709035794561871e-01,-1.731892979065823290e-01,7.351730736332410254e-01,4.678584188692073709e-01
4.488899935225524884e-01,4.491722342171143856e-01,-4.153906173552033287e-01,5.178633015466488354e-01,4.983767586228122770e-01,7.643032896456350422e-02,5.471456921179185251e-01,8.901008881015172458e-02,-4.043645769503031832e-03,3.632791174993374450e-01,-4.613153691305885151e-01,-3.849026421135350873e-01,1.883083938730484852e-01,6.101700395838483004e-01,3.385604189427114386e-01,5.459992452012610853e-01,-4.757838089853655417e-01,5.515089206957879409e-01,4.760581085455505845e-01,-5.562150360356677981e-01,1.033498564246868590e-01,-4.866837069174485553e-01,-1.669939261867698088e-01,1.000000000000000000e+00,-2.052067152896229485e-02,4.290865987119863445e-01,2.291637180190971290e-01,-2.221192845837803298e-01,-3.285521115963287997e-01,9.989481068240343986e-02,-5.077907584176308831e-01,-3.292312298038415075e-01,1.827626231573156734e-01,-6.271088951059293481e-02,-2.169546773806746709e-01,5.666132742476671924e-02,-3.087059052219817135e-01,1.629474467352583500e-01,3.420873079916771364e-01
6.490457657696063754e-01,3.263242870436824372e-01,5.332308871676658679e-01,-4.562840022385671879e-01,6.318293500069288582e-01,6.947126583664999799e-01,4.072373463072471722e-01,-5.600543711541166036e-01,5.566379778963037595e-01,6.962092794124122852e-01,-4.023544532601570634e-01,1.984888466771294879e-01,3.348365580199801350e-01,4.236307761144738615e-01,7.454741434356564334e-01,4.526345793991357058e-01,2.224168076298894681e-01,4.673861921050399548e-01,4.982449646992794801e-01,-3.674950266934816634e-01,8.406511476348609291e-01,-4.771104713453950263e-01,8.900284845462334005e-01,-2.052067152896229485e-02,1.000000000000000000e+00,6.995930732066212299e-01,6.389337596931033980e-01,7.282550053515514099e-01,-1.302194705121080542e-01,3.807531668373552169e-01,4.529820656888231545e-01,2.734457291331376383e-01,7.748147262087281550e-01,4.608006878571923592e-01,-1.482864182092794025e-01,4.214594145733787101e-01,-2.547626406366657603e-01,8.214916456754991492e-01,5.707706653780976191e-01
8.479151884550342189e-01,7.712194465584675251e-01,2.168164708935485796e-01,1.404620215464037203e-01,9.273948607118440712e-01,7.827065923875495823e-01,7.953986007533041525e-01,-4.504806356861522088e-01,4.199184595185380120e-01,9.367539476260453579e-01,-7.524368718731540007e-01,-1.308191853261019832e-01,3.865111187396045311e-01,8.609795448146512209e-01,8.647937806064898147e-01,8.705587457839277787e-01,-2.768926377086357027e-01,8.855076440402974702e-01,8.800438515722839306e-01,-8.263019006607292827e-01,7.761508065688065283e-01,-8.751106508466053313e-01,5.488655361581759040e-01,4.290865987119863445e-01,6.995930732066212299e-01,1.000000000000000000e+00,7.655704589047420683e-01,3.676242704417784779e-01,-3.940740883733105937e-01,4.955306783489107358e-01,-1.178165782073143791e-01,-8.171087503823162845e-02,6.630802484457856139e-01,3.752016407846049395e-01,-5.105540275844450138e-01,5.775339304340241231e-01,-6.238752439150745399e-01,8.145000439721511443e-01,7.016613759276890683e-01
6.362592970886842281e-01,5.251816587753832533e-01,2.356443135171345793e-01,-7.882584003360929362e-03,7.228981610982389006e-01,6.507803077546612247e-01,5.892377889589904827e-01,-3.458826777753783444e-01,2.506304761136228798e-01,7.451950373541550432e-01,-5.489817386500516205e-01,6.230542272458550884e-02,2.927228750830208059e-01,6.478233297974677063e-01,7.468863402795026252e-01,6.545902674646418840e-01,-1.401979531290862835e-01,6.629047290349028287e-01,6.658562558374108153e-01,-6.036062731207645360e-01,6.699357194697773688e-01,-6.553494760095869287e-01,5.438150595373272278e-01,2.291637180190971290e-01,6.389337596931033980e-01,7.655704589047420683e-01,1.000000000000000000e+00,3.822012101454728694e-01,-4.643579290507978685e-01,3.605811653780903181e-01,-2.018348363391136990e-02,-1.233074787552574658e-01,5.524788156459412569e-01,2.766830716466122109e-01,-4.007437988075120416e-01,3.493472240117482253e-01,-7.633132624164509217e-01,6.546127098831640012e-01,4.601216378415964869e-01
2.918832573547406883e-01,-2.124792204147310862e-02,4.908986669578665474e-01,-6.796802508309797153e-01,2.570298925441987792e-01,4.102425342091938210e-01,1.761291740603557754e-01,-3.976473149316043232e-01,3.052494801960898285e-01,3.311017464050312609e-01,-1.246790295037929763e-01,3.474789742629517120e-01,1.692859478098127091e-01,6.552918697848983398e-02,4.071866114173964268e-01,6.190391527185467452e-02,3.722810117043398037e-01,5.864783431608037306e-02,9.207670496952641281e-02,2.250922976266980097e-02,5.756660128182337077e-01,-9.507541143307053633e-02,7.186180835736549755e-01,-2.221192845837803298e-01,7.282550053515514099e-01,3.676242704417784779e-01,3.822012101454728694e-01,1.000000000000000000e+00,5.622976263123017487e-02,2.335599366428572354e-01,5.462215803529988367e-01,4.071474531700276511e-01,5.309947334971598654e-01,2.459961878160894233e-01,1.536782452291299839e-01,2.055781225583381833e-01,-5.359608914793110440e-02,5.352217243843122585e-01,2.782744275281340274e-01
-3.959636073084803476e-01,-4.222150303944835481e-01,3.442272358973724050e-02,-2.978937851102187451e-01,-4.510503913781647167e-01,-2.760290913326113316e-01,-4.187315556764884539e-01,1.775827080043447248e-01,-1.029271382882693819e-01,-4.080556175627104154e-01,2.911279400701409226e-01,1.172145309126438328e-01,6.005755533614032249e-02,-4.856729043229802700e-01,-3.236270236834226655e-01,-5.054481157541043101e-01,4.971501015397203349e-01,-4.646391435505489720e-01,-4.460940035694175854e-01,4.950918631871256692e-01,-2.359392383370386148e-01,4.643174064551413016e-01,-7.619110132636081056e-02,-3.285521115963287997e-01,-1.302194705121080542e-01,-3.940740883733105937e-01,-4.643579290507978685e-01,5.622976263123017487e-02,1.000000000000000000e+00,-1.469276330995352708e-01,2.575525313533323923e-01,2.326703916901083358e-01,-2.596444974753224777e-01,-4.543442729611365388e-02,5.535371862211045657e-02,-2.339536826255211588e-01,6.441951061272868095e-01,-2.418114108035230303e-01,-3.229829057077350796e-01
6.262245094356682085e-01,4.817829542817884669e-01,4.413379655391719975e-02,-1.713434353405627036e-03,5.252249013868814931e-01,4.519463250908369312e-01,3.982573767412267984e-01,-1.866561178669029764e-01,6.305088196276474877e-01,5.287331757898441342e-01,-5.026798141729930114e-01,-6.030347659150553374e-02,1.435601788592216488e-01,5.263694853038799470e-01,4.660142493432850030e-01,5.135395660150867680e-01,-1.496590176900251534e-01,5.100262198288245674e-01,5.558333989799071340e-01,-4.815410949234106841e-01,3.674611490356244348e-01,-5.098363731633307472e-01,3.144814714410031908e-01,9.989481068240343986e-02,3.807531668373552169e-01,4.955306783489107358e-01,3.605811653780903181e-01,2.335599366428572354e-01,-1.469276330995352708e-01,1.000000000000000000e+00,-1.151650049059994574e-01,-1.485772877836588624e-01,3.069050953936462434e-01,6.011213842255330730e-01,-3.155197461758919575e-01,6.562481561118826967e-01,-3.196268253126082759e-01,6.281035363766939161e-01,5.717568851134527952e-01
-7.358185679040585292e-02,-4.302988989679230603e-01,5.245049058764538197e-01,-6.891642823324587441e-01,-1.948336377359826121e-01,9.384345010881139926e-02,-3.161058043870159096e-01,-2.469025166349688993e-01,2.314264078276655479e-01,-1.194125088711345400e-01,3.520477777615360071e-01,3.773372302543928081e-01,1.821839283354156208e-02,-3.708122018866072955e-01,5.654464654080996501e-03,-3.531998857416422388e-01,6.044714629263443495e-01,-3.521575359396891258e-01,-3.270286322663847889e-01,4.013524525648307084e-01,2.126022900833083595e-01,3.496084776919153869e-01,5.167969350815769802e-01,-5.077907584176308831e-01,4.529820656888231545e-01,-1.178165782073143791e-01,-2.018348363391136990e-02,5.462215803529988367e-01,2.575525313533323923e-01,-1.151650049059994574e-01,1.000000000000000000e+00,5.172779131962481625e-01,2.923768750578129572e-01,9.568766222267481580e-02,3.953510537049483298e-01,-8.627806848291599828e-02,3.970584183080881902e-01,1.293238310309767769e-01,3.577353191534316662e-02
-1.691452531557135208e-01,-2.067671088169312776e-01,4.059278625231891868e-01,-4.687592198024373435e-01,-2.008517078483264828e-01,-1.789792111830321511e-02,-2.877773043979581225e-01,-1.144697655451611118e-01,3.011461849063022667e-02,-6.360300999581980363e-02,1.737259541044036959e-01,3.420386066350542542e-01,3.852070083847589435e-03,-3.172016197941099347e-01,-9.027524689768927357e-02,-3.046234123995248955e-01,4.419447355909912889e-01,-3.069537337752331618e-01,-2.442066052548292343e-01,3.230261944292782683e-01,2.098712375037891098e-01,2.606490244243148680e-01,3.722954882490646655e-01,-3.292312298038415075e-01,2.734457291331376383e-01,-8.171087503823162845e-02,-1.233074787552574658e-01,4.071474531700276511e-01,2.326703916901083358e-01,-1.485772877836588624e-01,5.172779131962481625e-01,1.000000000000000000e+00,2.041847338593426320e-01,-3.367243910346140456e-02,3.588779755669247451e-01,-1.679286110890999481e-02,3.896903332209457060e-01,7.367173752847985813e-02,-6.148624988404572528e-02
6.309887658751427431e-01,3.674353711141122858e-01,3.174614467438056087e-01,-2.593811493949159663e-01,6.101393947449849087e-01,6.169464491609558676e-01,4.764424745126081828e-01,-4.116822110908366916e-01,4.387708196075522649e-01,6.558176419623082953e-01,-3.444408177460954734e-01,9.496364242151369983e-02,2.487963198111167173e-01,4.479919719980381965e-01,7.049873301328756225e-01,4.975557857963221475e-01,1.696685328529287107e-01,5.071564222567350733e-01,5.099262822043811871e-01,-4.050877760962037222e-01,7.199903921859676093e-01,-5.081401340324968041e-01,7.008285310242007293e-01,1.827626231573156734e-01,7.748147262087281550e-01,6.630802484457856139e-01,5.524788156459412569e-01,5.309947334971598654e-01,-2.596444974753224777e-01,3.069050953936462434e-01,2.923768750578129572e-01,2.041847338593426320e-01,1.000000000000000000e+00,2.953352367696422953e-01,-1.182837659307788836e-01,3.688146343265359395e-01,-2.653167375850811749e-01,6.581303210093767397e-01,5.264380687711650575e-01
5.151981704458571398e-01,2.803992825607786177e-01,2.660226033357388498e-01,-2.218939247513692370e-01,4.197977297055468515e-01,4.831043783706972516e-01,2.426245440327434721e-01,-3.352298230759908071e-01,7.131090547657150669e-01,4.097552882645542627e-01,-4.084643280376367147e-01,-5.060772752753120440e-02,2.664967485736520203e-01,2.926277663097884285e-01,4.751253846066045838e-01,3.160959088902592362e-01,-3.572083295957689808e-02,3.851804740782361902e-01,4.506764218926961885e-01,-3.348521633853632218e-01,3.804036148699742048e-01,-3.826929138328451496e-01,4.719097080357243512e-01,-6.271088951059293481e-02,4.608006878571923592e-01,3.752016407846049395e-01,2.766830716466122109e-01,2.459961878160894233e-01,-4.543442729611365388e-02,6.011213842255330730e-01,9.568766222267481580e-02,-3.367243910346140456e-02,2.953352367696422953e-01,1.000000000000000000e+00,-2.049053867762007652e-01,4.035569824292041252e-01,-1.844455454589108978e-01,6.496935530662957259e-01,5.160159247069115995e-01
-4.212541786803926658e-01,-6.206806722996609516e-01,1.045250335951407664e-02,-4.094821923543302544e-01,-4.999627537107341202e-01,-4.289924898057428382e-01,-4.549963992218135633e-01,8.845694270624958333e-02,-7.036762153712616819e-02,-5.278443921655522342e-01,5.048516007376867565e-01,2.921112399883890043e-01,-3.751749635711053577e-01,-5.777739792703460164e-01,-4.141840504249044708e-01,-5.931558025962798686e-01,3.482273734635242257e-01,-6.125812148956658598e-01,-6.144481189328745430e-01,6.127800726659538011e-01,-2.506938969044052445e-01,5.894010145040190496e-01,-3.665174501853429162e-02,-2.169546773806746709e-01,-1.482864182092794025e-01,-5.105540275844450138e-01,-4.007437988075120416e-01,1.536782452291299839e-01,5.535371862211045657e-02,-3.155197461758919575e-01,3.953510537049483298e-01,3.588779755669247451e-01,-1.182837659307788836e-01,-2.049053867762007652e-01,1.000000000000000000e+00,-3.876512557717598506e-01,4.415600721119271044e-01,-3.532329070561692208e-01,-2.940130440210772522e-01
6.260291182363770801e-01,6.448635941338122235e-01,1.180889440526032563e-01,1.193245535848080352e-01,5.946263350623846033e-01,5.064787679149737043e-01,4.162696511458891524e-01,-2.922205870061025945e-01,5.565636653090235697e-01,6.392907988877325476e-01,-5.494377439822402120e-01,-3.986001048713411904e-02,1.583089645184974081e-01,6.003711219728669057e-01,4.442346576766501021e-01,5.935440741477417959e-01,-1.587642212583350032e-01,5.742249244531683061e-01,6.217492836051127236e-01,-5.645235929321166246e-01,4.984473805861153184e-01,-5.722118832034758240e-01,3.546709035794561871e-01,5.666132742476671924e-02,4.214594145733787101e-01,5.775339304340241231e-01,3.493472240117482253e-01,2.055781225583381833e-01,-2.339536826255211588e-01,6.562481561118826967e-01,-8.627806848291599828e-02,-1.679286110890999481e-02,3.688146343265359395e-01,4.035569824292041252e-01,-3.876512557717598506e-01,1.000000000000000000e+00,-3.232980282134274574e-01,6.231930624367550964e-01,6.243928326746446267e-01
-5.183726949980477228e-01,-6.209770387581284856e-01,4.495908240567653841e-02,-3.168165778538495903e-01,-6.344919421941709325e-01,-5.009199363333162180e-01,-5.544480223256887941e-01,1.888848055739360543e-01,-1.188531634601457804e-01,-6.277284829749861794e-01,5.153892816946906708e-01,5.175119951283731895e-02,-1.418413201071121732e-01,-6.679942585344933459e-01,-5.316008830287818343e-01,-6.739433698199788214e-01,4.111973689507078533e-01,-6.658104024416654498e-01,-6.556707541090979197e-01,6.586035839701008809e-01,-3.833988288708884973e-01,6.634088838449704317e-01,-1.731892979065823290e-01,-3.087059052219817135e-01,-2.547626406366657603e-01,-6.238752439150745399e-01,-7.633132624164509217e-01,-5.359608914793110440e-02,6.441951061272868095e-01,-3.196268253126082759e-01,3.970584183080881902e-01,3.896903332209457060e-01,-2.653167375850811749e-01,-1.844455454589108978e-01,4.415600721119271044e-01,-3.232980282134274574e-01,1.000000000000000000e+00,-4.290248834607162665e-01,-3.393803728217657523e-01
8.210084868289004856e-01,5.675466484671787271e-01,3.716472071858168968e-01,-1.868768126475986724e-01,7.864449651484847204e-01,7.415129442047739827e-01,5.537727642411112150e-01,-5.041676897716578232e-01,6.744631602164768980e-01,8.169265045803315584e-01,-6.461755503172280646e-01,5.521234777718760089e-02,3.494235170137698909e-01,6.555109382489113790e-01,8.176801195860678995e-01,6.699029418418016579e-01,-8.130197327588148393e-02,6.932862474727599089e-01,7.303351210610551369e-01,-6.292945414841809582e-01,8.079266959836066686e-01,-7.005168489875184257e-01,7.351730736332410254e-01,1.629474467352583500e-01,8.214916456754991492e-01,8.145000439721511443e-01,6.546127098831640012e-01,5.352217243843122585e-01,-2.418114108035230303e-01,6.281035363766939161e-01,1.293238310309767769e-01,7.367173752847985813e-02,6.581303210093767397e-01,6.496935530662957259e-01,-3.532329070561692208e-01,6.231930624367550964e-01,-4.290248834607162665e-01,1.000000000000000000e+00,7.433085515173226687e-01
8.240151173661967032e-01,6.112496859134736171e-01,2.553800919389347945e-01,9.577228678772507775e-02,7.512973895313901362e-01,5.781911239707355765e-01,5.715173937866164788e-01,-4.525162985906381885e-01,7.016377221784417806e-01,7.027158646567618350e-01,-5.777035611991804265e-01,-1.284310748837746152e-01,2.671372550556742054e-01,7.113628203803997740e-01,6.252631194929214598e-01,6.645177929274008743e-01,-2.572996924567161892e-01,6.728065736128338026e-01,6.952718598440948972e-01,-6.491347421246723703e-01,5.900536148177103479e-01,-6.588763396494927704e-01,4.678584188692073709e-01,3.420873079916771364e-01,5.707706653780976191e-01,7.016613759276890683e-01,4.601216378415964869e-01,2.782744275281340274e-01,-3.229829057077350796e-01,5.717568851134527952e-01,3.577353191534316662e-02,-6.148624988404572528e-02,5.264380687711650575e-01,5.160159247069115995e-01,-2.940130440210772522e-01,6.243928326746446267e-01,-3.393803728217657523e-01,7.433085515173226687e-01,1.000000000000000000e+00
