1.000000000000000000e+00,9.222035043620677719e-01,8.365960614386858119e-01,7.455701129210863254e-01,8.557741801140478222e-01,-6.686680820593230434e-01,-1.629958842358731064e-01,-8.251299476136940703e-01,8.979780140924503717e-01,8.941182589851350837e-01,-2.697725704131146984e-01,5.858892723148191317e-01,2.914041535359405688e-01,4.414227735138079312e-01,-7.014171945695594212e-01,9.010535992853261344e-01,-4.053269865914368303e-02,7.329109343304152091e-01,6.991557891685441506e-01,8.075916233020228319e-01,2.848290306246760717e-01,7.659149765957685707e-01,7.854014720836119956e-01,8.011840301615354987e-01,7.127829775932176259e-01,5.723742674814038534e-01,-1.817272445632421921e-02,5.341514179105788518e-01,-3.658131040505627762e-01,8.711111132746951480e-01,-2.690313339060724229e-01,7.065783881642215825e-01,-2.435077103787314234e-01,8.714428304501652400e-01,-5.319236021103759121e-02,-2.594961317360421904e-01,1.664814799380714971e-01,8.190866980649413875e-01,8.306745511974450435e-01
9.222035043620677719e-01,1.000000000000000000e+00,8.111661679743804587e-01,7.177628548131609332e-01,7.963629466195785156e-01,-6.275949667189384407e-01,-1.322667254352357935e-01,-8.041300895500195223e-01,8.778867991693219963e-01,8.945556620319394803e-01,-2.467966087489289473e-01,5.706363444619348968e-01,3.739314976465951679e-01,4.619249563879214149e-01,-6.282490621546672482e-01,8.709704215240905434e-01,-4.963423366460348318e-02,6.592462568118129251e-01,6.324575451372265178e-01,7.809106110725693162e-01,2.233701812224999084e-01,7.713421935213099490e-01,7.570720549822005374e-01,7.785906643925836201e-01,6.311201124887638736e-01,4.870544651678190284e-01,-3.389628574475950229e-02,4.854142775786463027e-01,-3.732997414033524808e-01,8.362170159613164788e-01,-2.451043570181723474e-01,7.751455844562968878e-01,-3.020327548472342416e-01,8.596414589727512379e-01,-5.732340081437285045e-02,-2.213031722217228825e-01,1.906351741835239089e-01,7.609294260300287771e-01,8.183221207440087852e-01
8.365960614386858119e-01,8.111661679743804587e-01,1.000000000000000000e+00,8.654321101262653082e-01,8.780227932728040807e-01,-7.507935071979020547e-01,-4.702855974658977367e-02,-9.591040062033793223e-01,9.067055792776939072e-01,8.455594911276277381e-01,-2.786444631147145801e-01,6.708636198661859229e-01,4.179904439517005965e-01,5.591371768386190766e-01,-7.620616145449775614e-01,8.827245886597450131e-01,-1.955975157072355197e-01,8.438790562411199181e-01,8.590895211292853828e-01,9.216468804749741173e-01,4.307317199727365709e-01,9.116759681139029459e-01,8.877284301242343023e-01,8.953981514820071874e-01,6.479214324330314634e-01,6.561217668543321002e-01,1.856351302904482858e-01,5.846092745201485474e-01,-5.566880523022119664e-01,8.913565360495471213e-01,-2.706069794637745440e-01,5.191249028485362960e-01,-2.023686904354166649e-01,9.038745020414882259e-01,-2.608384990665371106e-01,-4.307995325622158145e-01,2.759112871256934850e-03,8.744975442248714703e-01,8.930286855393069212e-01
7.455701129210863254e-01,7.177628548131609332e-01,8.654321101262653082e-01,1.000000000000000000e+00,7.906620594903173149e-01,-8.723156267084890558e-01,-1.537020123344173539e-01,-8.452785444989062702e-01,8.862073724186866341e-01,7.698984260243155742e-01,-4.138848838137159092e-01,6.679801071636766174e-01,3.983291669600028118e-01,3.114762098992041595e-01,-8.168422571362639051e-01,8.127868310509259731e-01,-3.736517901358508142e-01,8.588737846262042286e-01,8.752705484298745064e-01,8.898008095759838421e-01,3.397305605594633793e-01,8.336828346668700984e-01,8.136025942609311778e-01,8.256805734925397600e-01,5.442532680441520831e-01,5.711458402047250305e-01,1.244989568374195305e-01,4.664158284564071666e-01,-7.265559473203822005e-01,8.655587074607133946e-01,-4.282103028704600800e-01,3.649988821302701525e-01,-3.515798171340643874e-01,8.957086533122287086e-01,-4.479454337863518210e-01,-6.098774784087145351e-01,-2.214264818146507441e-01,9.109361666074304864e-01,9.087438179031669394e-01
8.557741801140478222e-01,7.963629466195785156e-01,8.780227932728040807e-01,7.906620594903173149e-01,1.000000000000000000e+00,-6.687835979418204069e-01,-7.932235164041574749e-02,-8.705635272130729518e-01,8.720919019611401701e-01,8.553426146691446297e-01,-2.493176130252403866e-01,5.750550476695425184e-01,2.339741030722150839e-01,5.736613589621782916e-01,-7.938809856759742045e-01,8.858733217605073706e-01,-8.475774693869282672e-02,8.579652803013742002e-01,7.905220934693922841e-01,8.133437122786681961e-01,3.895891763505208161e-01,7.858350583747290008e-01,8.532977268766869239e-01,8.316038430055444630e-01,7.515052328149779415e-01,6.773223068568274829e-01,1.674905279952107751e-01,5.603458529134860422e-01,-4.259266365250699571e-01,8.800725221203862247e-01,-2.034525268938647824e-01,5.675951248503320334e-01,-8.250802622483899285e-02,8.482894960649192129e-01,-1.727832783092253799e-01,-3.083538415722761328e-01,5.920840907788139235e-02,8.365326205872347654e-01,8.234560015663436872e-01
-6.686680820593230434e-01,-6.275949667189384407e-01,-7.507935071979020547e-01,-8.723156267084890558e-01,-6.687835979418204069e-01,1.000000000000000000e+00,2.557178235595553573e-01,7.254363757117244793e-01,-8.144841223402884411e-01,-6.865297315502992825e-01,4.982858660860655653e-01,-6.309733015039658000e-01,-3.689939962630401360e-01,-1.462931606145933261e-01,7.335485559064770511e-01,-7.262348530446190997e-01,4.524609870599508588e-01,-7.517572787761378494e-01,-7.970875412220289613e-01,-8.010581955208192495e-01,-2.276697967248053345e-01,-7.304170216008982752e-01,-6.833225340130515413e-01,-7.543002613068315876e-01,-4.659505415074825518e-01,-4.368905605083810428e-01,-3.617012840771319931e-02,-3.667497321072786254e-01,7.684443023246803062e-01,-7.971248041667775563e-01,5.069963976251190552e-01,-2.697356858119998035e-01,4.360847837709190822e-01,-8.199532377468808919e-01,5.014773823478986259e-01,6.875834402164680004e-01,3.250471862293407010e-01,-8.587608719747329422e-01,-8.425519968453598629e-01
-1.629958842358731064e-01,-1.322667254352357935e-01,-4.702855974658977367e-02,-1.537020123344173539e-01,-7.932235164041574749e-02,2.557178235595553573e-01,1.000000000000000000e+00,8.111659079161555319e-02,-1.915216254357186565e-01,-1.149488614509937418e-01,-2.043387191443949043e-03,-1.958023977228149151e-02,9.741561416576634269e-02,3.411817510850175261e-01,1.995482674089745501e-01,-1.612228975252738006e-01,-3.002239740531552695e-02,-4.319724887888379272e-02,-6.859507094481752387e-02,-3.120523556659115377e-02,5.046216774092281421e-01,4.465891042957370778e-03,3.058787360379189042e-03,-1.180151120017923494e-01,2.992462716874116219e-02,-1.519542138450918206e-02,2.987595377055296542e-01,2.134296167126228105e-01,2.217203905150016696e-01,-2.224424429081693910e-01,5.036323942837670486e-01,-5.282369629473931960e-02,5.652909954590618069e-01,-1.503968873977168941e-01,1.936524956005115927e-01,3.101160041038670268e-01,3.031798724667104095e-01,-1.848921080155667140e-01,-2.160453147653159933e-01
-8.251299476136940703e-01,-8.041300895500195223e-01,-9.591040062033793223e-01,-8.452785444989062702e-01,-8.705635272130729518e-01,7.254363757117244793e-01,8.111659079161555319e-02,1.000000000000000000e+00,-8.939506255749852803e-01,-8.384004672660425594e-01,2.401298280502513760e-01,-6.409285638930171114e-01,-4.367954990142268179e-01,-5.772548470413234600e-01,7.419099102632985554e-01,-8.750643181232238277e-01,1.722049920320989913e-01,-8.160609264881818481e-01,-8.351245571235961229e-01,-8.963772677971129088e-01,-3.858431893015871195e-01,-9.053949058071294465e-01,-8.785391751725174503e-01,-8.897952435292865170e-01,-6.320929527199002917e-01,-6.252180405112779393e-01,-1.566510691741573869e-01,-5.445007673508854840e-01,5.493149906435816909e-01,-8.796439444072480240e-01,2.888984192365889325e-01,-5.173893111948157930e-01,2.112094618786832523e-01,-8.847728487580023282e-01,2.560961911511789868e-01,4.146645981963569816e-01,4.676665369000472527e-03,-8.472230665853514031e-01,-8.770473928167853428e-01
8.979780140924503717e-01,8.778867991693219963e-01,9.067055792776939072e-01,8.862073724186866341e-01,8.720919019611401701e-01,-8.144841223402884411e-01,-1.915216254357186565e-01,-8.939506255749852803e-01,1.000000000000000000e+00,8.798936021180751021e-01,-3.425027011670171428e-01,6.555480931686735735e-01,3.629244260735132732e-01,4.096564737433818770e-01,-7.880578807672303787e-01,9.087121120624417347e-01,-1.987025140302587367e-01,8.324140521415309690e-01,8.308682731433032487e-01,8.919113847743763701e-01,2.691822644954161015e-01,8.357007144022142731e-01,8.344381505152224099e-01,8.786923413972891339e-01,6.330091882818602578e-01,5.939404247165791517e-01,2.518868450921726843e-02,4.965741153504267813e-01,-5.955330608689188843e-01,9.400112935665712044e-01,-4.203700608832273145e-01,5.869603598164173652e-01,-3.668332213020621402e-01,9.458988367084988358e-01,-2.766762879515212159e-01,-4.809474625268058690e-01,-5.158561749779107947e-02,9.095193102167946630e-01,9.262591973470305495e-01
8.941182589851350837e-01,8.945556620319394803e-01,8.455594911276277381e-01,7.698984260243155742e-01,8.553426146691446297e-01,-6.865297315502992825e-01,-1.149488614509937418e-01,-8.384004672660425594e-01,8.798936021180751021e-01,1.000000000000000000e+00,-2.365513515124043897e-01,5.205176511366900183e-01,3.121043785211776167e-01,4.786995351974466240e-01,-7.226279373608627266e-01,9.415575810041694194e-01,-8.945494541824397516e-02,7.314346768300161727e-01,7.312240140031042168e-01,8.048320563989145304e-01,3.038633521560902273e-01,7.913362489292703472e-01,8.549686820471477100e-01,8.323488231206224164e-01,7.504077751485441761e-01,5.385349490326869493e-01,1.887371838746203234e-02,4.766741335646795252e-01,-3.976961808251591179e-01,8.789670719878353022e-01,-2.446088981892628189e-01,7.266539569851494518e-01,-2.618387548002082399e-01,8.587289791518233351e-01,-7.223898065752869246e-02,-2.225311605805573856e-01,1.389259133106967858e-01,8.103771894967971567e-01,8.450629098596543765e-01
-2.697725704131146984e-01,-2.467966087489289473e-01,-2.786444631147145801e-01,-4.138848838137159092e-01,-2.493176130252403866e-01,4.982858660860655653e-01,-2.043387191443949043e-03,2.401298280502513760e-01,-3.425027011670171428e-01,-2.365513515124043897e-01,1.000000000000000000e+00,-4.450236599288465711e-01,-1.942288132482571095e-01,4.791340052829273777e-02,3.863432146832245229e-01,-2.252238130036635366e-01,7.536210066196877833e-01,-3.855708249011117195e-01,-3.456355558836745057e-01,-3.735777354490581459e-01,-2.963056792683829710e-01,-3.138130119290915010e-01,-2.658156599153498889e-01,-2.416624887623910201e-01,-2.081084301133186432e-01,-8.811867223944755412e-02,-1.893891965824801710e-02,-2.607076214865851060e-01,3.813505454807989969e-01,-2.428161294301103001e-01,9.387515944367230691e-02,-5.067377525807006955e-02,7.197764707952780672e-02,-3.939786777274209562e-01,2.241972159567856837e-01,2.986478538957253459e-01,1.174793057696518206e-01,-3.891157186611210461e-01,-3.441388115043144125e-01
5.858892723148191317e-01,5.706363444619348968e-01,6.708636198661859229e-01,6.679801071636766174e-01,5.750550476695425184e-01,-6.309733015039658000e-01,-1.958023977228149151e-02,-6.409285638930171114e-01,6.555480931686735735e-01,5.205176511366900183e-01,-4.450236599288465711e-01,1.000000000000000000e+00,4.412386724477779243e-01,4.006380029473623483e-01,-4.549775587677317157e-01,5.545502471838745784e-01,-3.614870154261011215e-01,6.216448523174800123e-01,5.671967628982093057e-01,7.324158629491142047e-01,4.459340024627687638e-01,6.909581271790694590e-01,5.863173645301051895e-01,5.632351523417623573e-01,2.918791101561661328e-01,3.726936193211526915e-01,2.176067228544250609e-01,5.829655409100228391e-01,-5.753185479574427497e-01,6.046420652665767115e-01,-1.115399570753656810e-01,2.391054004759674834e-01,-2.028604681564124754e-02,6.974628967478153641e-01,-3.162547433021195009e-01,-4.121659686566224168e-01,-6.828155512252218062e-02,6.582111567344630654e-01,6.451580911758106884e-01
2.914041535359405688e-01,3.739314976465951679e-01,4.179904439517005965e-01,3.983291669600028118e-01,2.339741030722150839e-01,-3.689939962630401360e-01,9.741561416576634269e-02,-4.367954990142268179e-01,3.629244260735132732e-01,3.121043785211776167e-01,-1.942288132482571095e-01,4.412386724477779243e-01,1.000000000000000000e+00,3.235555510337513319e-01,-1.273270819304637425e-01,2.911016589516683961e-01,-2.945747483141930578e-01,2.267869726394245722e-01,2.958281531184149826e-01,4.171187614491897455e-01,1.478721684076271525e-01,5.551479894342981058e-01,3.538052698517341610e-01,3.375151724693604693e-01,6.937787108636610245e-02,-2.929670219294759972e-02,-2.553678855765590186e-02,1.428629029382539328e-01,-4.030885477825014718e-01,2.787360214040304207e-01,-2.278122994097825094e-01,1.284073736076809802e-01,-1.452244631892748439e-01,3.516335648273357095e-01,-2.907566843314695615e-01,-2.585333882369896252e-01,-1.355070144253554543e-01,2.784434013406407726e-01,3.757547205065392970e-01
4.414227735138079312e-01,4.619249563879214149e-01,5.591371768386190766e-01,3.114762098992041595e-01,5.736613589621782916e-01,-1.462931606145933261e-01,3.411817510850175261e-01,-5.772548470413234600e-01,4.096564737433818770e-01,4.786995351974466240e-01,4.791340052829273777e-02,4.006380029473623483e-01,3.235555510337513319e-01,1.000000000000000000e+00,-2.859589336171352580e-01,4.584204932937981369e-01,6.178149151661998378e-02,4.266016223478448222e-01,3.658882725062929109e-01,4.333284008135692145e-01,4.478532063855110157e-01,5.732512951203196927e-01,5.681727287043090158e-01,5.256723246679498862e-01,4.734339469704051950e-01,3.182569915699273166e-01,2.794715452968557501e-01,4.680305414539338016e-01,-9.602316572935287731e-02,3.823696445996082049e-01,2.799438565193405060e-01,4.040922331187842831e-01,3.950415671917457683e-01,3.939069254573205892e-01,8.674880743726315346e-02,1.820817305920423845e-01,3.004131674656633222e-01,2.925922106441946613e-01,3.429545734913559407e-01
-7.014171945695594212e-01,-6.282490621546672482e-01,-7.620616145449775614e-01,-8.168422571362639051e-01,-7.938809856759742045e-01,7.335485559064770511e-01,1.995482674089745501e-01,7.419099102632985554e-01,-7.880578807672303787e-01,-7.226279373608627266e-01,3.863432146832245229e-01,-4.549775587677317157e-01,-1.273270819304637425e-01,-2.859589336171352580e-01,1.000000000000000000e+00,-7.756139126287696639e-01,2.603973958983998305e-01,-8.457949537048599087e-01,-7.630568758528667450e-01,-7.334202306614685529e-01,-2.827265859410942328e-01,-6.676569720448455314e-01,-7.665991385084726106e-01,-7.666982018990310399e-01,-6.659624038453711981e-01,-7.054616520842283967e-01,-2.017128702797894579e-01,-4.348476266157537129e-01,5.547805876395550673e-01,-8.042589706497151880e-01,3.073540831571289766e-01,-3.625276880245319466e-01,2.631090543939869630e-01,-7.844024519913730398e-01,3.246093160335067895e-01,4.210962274871348776e-01,1.256336505339379905e-01,-8.265358138165763702e-01,-7.967795933352286308e-01
9.010535992853261344e-01,8.709704215240905434e-01,8.827245886597450131e-01,8.127868310509259731e-01,8.858733217605073706e-01,-7.262348530446190997e-01,-1.612228975252738006e-01,-8.750643181232238277e-01,9.087121120624417347e-01,9.415575810041694194e-01,-2.252238130036635366e-01,5.545502471838745784e-01,2.911016589516683961e-01,4.584204932937981369e-01,-7.756139126287696639e-01,1.000000000000000000e+00,-8.022008206412303832e-02,7.927091637510241817e-01,7.939863922381247274e-01,8.441190756737424472e-01,2.968913279531444349e-01,8.141704730999242967e-01,8.632645124938274073e-01,8.604696848590311919e-01,7.307114638717818744e-01,6.116821602505962963e-01,6.684480591537932115e-02,4.939643054973788527e-01,-4.516895432211489037e-01,9.194035932749482498e-01,-3.019055237842046546e-01,6.660425722635940904e-01,-2.922323058090824377e-01,8.835501431550403240e-01,-1.309579893521173044e-01,-3.151488626648077385e-01,7.526487935360816339e-02,8.634222538111505640e-01,8.794212816340225558e-01
-4.053269865914368303e-02,-4.963423366460348318e-02,-1.955975157072355197e-01,-3.736517901358508142e-01,-8.475774693869282672e-02,4.524609870599508588e-01,-3.002239740531552695e-02,1.722049920320989913e-01,-1.987025140302587367e-01,-8.945494541824397516e-02,7.536210066196877833e-01,-3.614870154261011215e-01,-2.945747483141930578e-01,6.178149151661998378e-02,2.603973958983998305e-01,-8.022008206412303832e-02,1.000000000000000000e+00,-2.817615832829843403e-01,-2.973278040329438987e-01,-2.975068390249820949e-01,-2.427814042124838700e-01,-2.874527751650287621e-01,-2.397870315177428602e-01,-1.885796304851972693e-01,-5.284920151886091100e-02,2.033866715643135176e-02,-1.476275061905286401e-01,-7.570048314178430549e-02,5.094932317580603831e-01,-9.549796825155355828e-02,1.131829618334358467e-01,2.392615268276493401e-01,9.748551404445011948e-02,-2.674499749889020506e-01,4.427646043804894793e-01,3.918431732781250121e-01,3.257672665699092307e-01,-2.980716760688376654e-01,-2.986769918302235038e-01
7.329109343304152091e-01,6.592462568118129251e-01,8.438790562411199181e-01,8.588737846262042286e-01,8.579652803013742002e-01,-7.517572787761378494e-01,-4.319724887888379272e-02,-8.160609264881818481e-01,8.324140521415309690e-01,7.314346768300161727e-01,-3.855708249011117195e-01,6.216448523174800123e-01,2.267869726394245722e-01,4.266016223478448222e-01,-8.457949537048599087e-01,7.927091637510241817e-01,-2.817615832829843403e-01,1.000000000000000000e+00,8.818418294030171412e-01,8.424648521646223021e-01,4.634382105799987328e-01,7.816672978132800376e-01,8.088853370094358786e-01,8.116876730583356681e-01,6.417418000371416520e-01,7.711011465758252914e-01,3.543258086739004553e-01,5.949607371025250613e-01,-5.603462513919609256e-01,8.228675885521699040e-01,-2.001046159454938078e-01,3.526271538891506685e-01,-1.222755226632335213e-01,8.363724520382291860e-01,-3.373564230601299174e-01,-4.713320983111813911e-01,-1.061929847816149297e-01,8.849521148366205070e-01,8.467833559032429402e-01
6.991557891685441506e-01,6.324575451372265178e-01,8.590895211292853828e-01,8.752705484298745064e-01,7.905220934693922841e-01,-7.970875412220289613e-01,-6.859507094481752387e-02,-8.351245571235961229e-01,8.308682731433032487e-01,7.312240140031042168e-01,-3.456355558836745057e-01,5.671967628982093057e-01,2.958281531184149826e-01,3.658882725062929109e-01,-7.630568758528667450e-01,7.939863922381247274e-01,-2.973278040329438987e-01,8.818418294030171412e-01,1.000000000000000000e+00,8.609281874929463063e-01,4.024029810881941671e-01,8.104497016894686157e-01,8.091368207680365021e-01,8.439848935773103245e-01,5.848501422006244788e-01,6.579759894517744900e-01,2.245546477507399385e-01,4.648693041446014806e-01,-6.053831098052535609e-01,8.204318382100846963e-01,-3.424944407199758123e-01,3.243907569071847741e-01,-2.621048852928799522e-01,8.199611882171754518e-01,-3.443580598224525446e-01,-5.642103015271408006e-01,-1.680797732075878792e-01,8.699217158113370374e-01,8.519955128194625082e-01
8.075916233020228319e-01,7.809106110725693162e-01,9.216468804749741173e-01,8.898008095759838421e-01,8.133437122786681961e-01,-8.010581955208192495e-01,-3.120523556659115377e-02,-8.963772677971129088e-01,8.919113847743763701e-01,8.048320563989145304e-01,-3.735777354490581459e-01,7.324158629491142047e-01,4.171187614491897455e-01,4.333284008135692145e-01,-7.334202306614685529e-01,8.441190756737424472e-01,-2.975068390249820949e-01,8.424648521646223021e-01,8.609281874929463063e-01,1.000000000000000000e+00,4.744440053022973558e-01,8.969428893199641317e-01,8.415566013020914227e-01,8.508287602013759887e-01,5.917973748879791218e-01,6.433962271224318297e-01,2.093742019424521539e-01,6.284115318969926145e-01,-5.963432932604011416e-01,8.635019496008009554e-01,-2.721831905614580105e-01,4.628078515681484650e-01,-2.507568631831694206e-01,9.120783725086416549e-01,-3.121113125899069307e-01,-5.110638674654477409e-01,-3.955660026691515396e-02,9.045299382607410177e-01,9.014247156524457516e-01
2.848290306246760717e-01,2.233701812224999084e-01,4.307317199727365709e-01,3.397305605594633793e-01,3.895891763505208161e-01,-2.276697967248053345e-01,5.046216774092281421e-01,-3.858431893015871195e-01,2.691822644954161015e-01,3.038633521560902273e-01,-2.963056792683829710e-01,4.459340024627687638e-01,1.478721684076271525e-01,4.478532063855110157e-01,-2.827265859410942328e-01,2.968913279531444349e-01,-2.427814042124838700e-01,4.634382105799987328e-01,4.024029810881941671e-01,4.744440053022973558e-01,1.000000000000000000e+00,4.703692654258270212e-01,4.668343749275463694e-01,2.975212124657374835e-01,4.465549656376742171e-01,4.202295503372714958e-01,4.955838142030102311e-01,7.324654290271930268e-01,-2.488675583438417979e-02,2.163114781401028475e-01,4.640405532681624035e-01,1.602717698017984693e-01,5.641689494784446479e-01,3.372208702239143374e-01,5.572066705811203058e-02,5.392122322871262252e-02,3.027361146751471055e-01,3.557824316149232335e-01,2.626001787670541598e-01
7.659149765957685707e-01,7.713421935213099490e-01,9.116759681139029459e-01,8.336828346668700984e-01,7.858350583747290008e-01,-7.304170216008982752e-01,4.465891042957370778e-03,-9.053949058071294465e-01,8.357007144022142731e-01,7.913362489292703472e-01,-3.138130119290915010e-01,6.909581271790694590e-01,5.551479894342981058e-01,5.732512951203196927e-01,-6.676569720448455314e-01,8.141704730999242967e-01,-2.874527751650287621e-01,7.816672978132800376e-01,8.104497016894686157e-01,8.969428893199641317e-01,4.703692654258270212e-01,1.000000000000000000e+00,8.527089316584567369e-01,8.501752388133381189e-01,5.836919004035625580e-01,5.548899737392952725e-01,2.236312511456922669e-01,5.887798477284713616e-01,-5.611907800332071039e-01,7.936150121448664052e-01,-1.903135006221624848e-01,4.683229784232691428e-01,-1.809233239681083405e-01,8.508205007183086144e-01,-2.857749786402910552e-01,-3.999345329837979968e-01,-9.271129564131065995e-03,8.181189798445650530e-01,8.557971188440405275e-01
7.854014720836119956e-01,7.570720549822005374e-01,8.877284301242343023e-01,8.136025942609311778e-01,8.532977268766869239e-01,-6.833225340130515413e-01,3.058787360379189042e-03,-8.785391751725174503e-01,8.344381505152224099e-01,8.549686820471477100e-01,-2.658156599153498889e-01,5.863173645301051895e-01,3.538052698517341610e-01,5.681727287043090158e-01,-7.665991385084726106e-01,8.632645124938274073e-01,-2.397870315177428602e-01,8.088853370094358786e-01,8.091368207680365021e-01,8.415566013020914227e-01,4.668343749275463694e-01,8.527089316584567369e-01,1.000000000000000000e+00,8.613857352722261718e-01,7.645657518561723709e-01,6.131565347467834437e-01,1.966681127512768246e-01,5.143153170435202926e-01,-4.882330655596152647e-01,8.265701360905914896e-01,-1.707486714880142586e-01,4.800967448523291159e-01,-1.102277821125917379e-01,8.358099464609715090e-01,-2.280361276120290437e-01,-2.936802687424797109e-01,2.637204800553337447e-02,8.235247879254425918e-01,8.483742879321983787e-01
8.011840301615354987e-01,7.785906643925836201e-01,8.953981514820071874e-01,8.256805734925397600e-01,8.316038430055444630e-01,-7.543002613068315876e-01,-1.180151120017923494e-01,-8.897952435292865170e-01,8.786923413972891339e-01,8.323488231206224164e-01,-2.416624887623910201e-01,5.632351523417623573e-01,3.375151724693604693e-01,5.256723246679498862e-01,-7.666982018990310399e-01,8.604696848590311919e-01,-1.885796304851972693e-01,8.116876730583356681e-01,8.439848935773103245e-01,8.508287602013759887e-01,2.975212124657374835e-01,8.501752388133381189e-01,8.613857352722261718e-01,1.000000000000000000e+00,6.631214928956680188e-01,6.168259023048259237e-01,1.535998988996940817e-01,4.767069597036455719e-01,-5.701962576812639183e-01,8.734513713977977156e-01,-3.156961438695025657e-01,4.920561986431881141e-01,-2.959465593012277629e-01,8.693897115914906992e-01,-2.923196454120475796e-01,-4.484233164012426109e-01,-9.619537337858356796e-02,8.537831886863234132e-01,8.806565151020800952e-01
7.127829775932176259e-01,6.311201124887638736e-01,6.479214324330314634e-01,5.442532680441520831e-01,7.515052328149779415e-01,-4.659505415074825518e-01,2.992462716874116219e-02,-6.320929527199002917e-01,6.330091882818602578e-01,7.504077751485441761e-01,-2.081084301133186432e-01,2.918791101561661328e-01,6.937787108636610245e-02,4.734339469704051950e-01,-6.659624038453711981e-01,7.307114638717818744e-01,-5.284920151886091100e-02,6.417418000371416520e-01,5.848501422006244788e-01,5.917973748879791218e-01,4.465549656376742171e-01,5.836919004035625580e-01,7.645657518561723709e-01,6.631214928956680188e-01,1.000000000000000000e+00,5.475965758642028502e-01,1.107233955370641593e-01,4.520924012114077573e-01,-1.480438714195622674e-01,6.362409420436510032e-01,-1.059531856373648485e-03,4.959527066884265034e-01,6.151935531629328102e-02,6.218612943459566056e-01,4.328617410888558475e-02,-3.307563935600808108e-02,2.309299926907780742e-01,6.287423382119844417e-01,6.063519895741447119e-01
5.723742674814038534e-01,4.870544651678190284e-01,6.561217668543321002e-01,5.711458402047250305e-01,6.773223068568274829e-01,-4.368905605083810428e-01,-1.519542138450918206e-02,-6.252180405112779393e-01,5.939404247165791517e-01,5.385349490326869493e-01,-8.811867223944755412e-02,3.726936193211526915e-01,-2.929670219294759972e-02,3.182569915699273166e-01,-7.054616520842283967e-01,6.116821602505962963e-01,2.033866715643135176e-02,7.711011465758252914e-01,6.579759894517744900e-01,6.433962271224318297e-01,4.202295503372714958e-01,5.548899737392952725e-01,6.131565347467834437e-01,6.168259023048259237e-01,5.475965758642028502e-01,1.000000000000000000e+00,5.575767415943678751e-01,5.934015435665866978e-01,-2.344531995399397328e-01,6.322967519883848642e-01,2.163668758093919425e-02,3.453548577426012733e-01,-3.492752052451475464e-02,6.081650746006753705e-01,-1.506221600505266711e-01,-2.505145646215601873e-01,8.090962327699253998e-02,6.768624731806193173e-01,6.224057462280599973e-01
-1.817272445632421921e-02,-3.389628574475950229e-02,1.856351302904482858e-01,1.244989568374195305e-01,1.674905279952107751e-01,-3.617012840771319931e-02,2.987595377055296542e-01,-1.566510691741573869e-01,2.518868450921726843e-02,1.887371838746203234e-02,-1.893891965824801710e-02,2.176067228544250609e-01,-2.553678855765590186e-02,2.794715452968557501e-01,-2.017128702797894579e-01,6.684480591537932115e-02,-1.476275061905286401e-01,3.543258086739004553e-01,2.245546477507399385e-01,2.093742019424521539e-01,4.955838142030102311e-01,2.236312511456922669e-01,1.966681127512768246e-01,1.535998988996940817e-01,1.107233955370641593e-01,5.575767415943678751e-01,1.000000000000000000e+00,4.454094923011682750e-01,-6.124533389906267750e-02,2.158530853133633007e-02,5.440401066740809810e-01,-1.108267189623032972e-01,3.740608924420529835e-01,9.650235774556518986e-02,-1.348322570724823921e-01,-2.163363246401246807e-03,6.398401718782305292e-02,1.736545831280579266e-01,1.297180902009399950e-01
5.341514179105788518e-01,4.854142775786463027e-01,5.846092745201485474e-01,4.664158284564071666e-01,5.603458529134860422e-01,-3.667497321072786254e-01,2.134296167126228105e-01,-5.445007673508854840e-01,4.965741153504267813e-01,4.766741335646795252e-01,-2.607076214865851060e-01,5.829655409100228391e-01,1.428629029382539328e-01,4.680305414539338016e-01,-4.348476266157537129e-01,4.939643054973788527e-01,-7.570048314178430549e-02,5.949607371025250613e-01,4.648693041446014806e-01,6.284115318969926145e-01,7.324654290271930268e-01,5.887798477284713616e-01,5.143153170435202926e-01,4.767069597036455719e-01,4.520924012114077573e-01,5.934015435665866978e-01,4.454094923011682750e-01,1.000000000000000000e+00,-1.319521721487140475e-01,4.629833932271622543e-01,3.120533638993606140e-01,3.901347491708927473e-01,2.993173627083401400e-01,5.580709458650353616e-01,-1.715656472423230175e-02,-9.651236962822402898e-02,2.392010840344372113e-01,5.517311204590406026e-01,4.688033578148160241e-01
-3.658131040505627762e-01,-3.732997414033524808e-01,-5.566880523022119664e-01,-7.265559473203822005e-01,-4.259266365250699571e-01,7.684443023246803062e-01,2.217203905150016696e-01,5.493149906435816909e-01,-5.955330608689188843e-01,-3.976961808251591179e-01,3.813505454807989969e-01,-5.753185479574427497e-01,-4.030885477825014718e-01,-9.602316572935287731e-02,5.547805876395550673e-01,-4.516895432211489037e-01,5.094932317580603831e-01,-5.603462513919609256e-01,-6.053831098052535609e-01,-5.963432932604011416e-01,-2.488675583438417979e-02,-5.611907800332071039e-01,-4.882330655596152647e-01,-5.701962576812639183e-01,-1.480438714195622674e-01,-2.344531995399397328e-01,-6.124533389906267750e-02,-1.319521721487140475e-01,1.000000000000000000e+00,-5.780428336049775462e-01,5.491930225840682134e-01,8.545922318315159194e-02,4.535292613060100675e-01,-6.106897625375750094e-01,7.093527200605475036e-01,7.372581557360962101e-01,6.199703681113393205e-01,-6.449996268832335344e-01,-6.632226296484468042e-01
8.711111132746951480e-01,8.362170159613164788e-01,8.913565360495471213e-01,8.655587074607133946e-01,8.800725221203862247e-01,-7.971248041667775563e-01,-2.224424429081693910e-01,-8.796439444072480240e-01,9.400112935665712044e-01,8.789670719878353022e-01,-2.428161294301103001e-01,6.046420652665767115e-01,2.787360214040304207e-01,3.823696445996082049e-01,-8.042589706497151880e-01,9.194035932749482498e-01,-9.549796825155355828e-02,8.228675885521699040e-01,8.204318382100846963e-01,8.635019496008009554e-01,2.163114781401028475e-01,7.936150121448664052e-01,8.265701360905914896e-01,8.734513713977977156e-01,6.362409420436510032e-01,6.322967519883848642e-01,2.158530853133633007e-02,4.629833932271622543e-01,-5.780428336049775462e-01,1.000000000000000000e+00,-4.519297729349631143e-01,5.769482425323362307e-01,-3.934046993576917339e-01,9.164202628165671882e-01,-2.830071394096219106e-01,-4.829907844737150180e-01,-7.433177217837241835e-02,9.042551849651954132e-01,9.106619624119618450e-01
-2.690313339060724229e-01,-2.451043570181723474e-01,-2.706069794637745440e-01,-4.282103028704600800e-01,-2.034525268938647824e-01,5.069963976251190552e-01,5.036323942837670486e-01,2.888984192365889325e-01,-4.203700608832273145e-01,-2.446088981892628189e-01,9.387515944367230691e-02,-1.115399570753656810e-01,-2.278122994097825094e-01,2.799438565193405060e-01,3.073540831571289766e-01,-3.019055237842046546e-01,1.131829618334358467e-01,-2.001046159454938078e-01,-3.424944407199758123e-01,-2.721831905614580105e-01,4.640405532681624035e-01,-1.903135006221624848e-01,-1.707486714880142586e-01,-3.156961438695025657e-01,-1.059531856373648485e-03,2.163668758093919425e-02,5.440401066740809810e-01,3.120533638993606140e-01,5.491930225840682134e-01,-4.519297729349631143e-01,1.000000000000000000e+00,-1.429168910810066882e-02,7.551782788807762659e-01,-3.501743318427198437e-01,4.346478734309267566e-01,6.324173469595095742e-01,5.190949684249565044e-01,-3.876330241494998496e-01,-4.180714835792274653e-01
7.065783881642215825e-01,7.751455844562968878e-01,5.191249028485362960e-01,3.649988821302701525e-01,5.675951248503320334e-01,-2.697356858119998035e-01,-5.282369629473931960e-02,-5.173893111948157930e-01,5.869603598164173652e-01,7.266539569851494518e-01,-5.067377525807006955e-02,2.391054004759674834e-01,1.284073736076809802e-01,4.040922331187842831e-01,-3.625276880245319466e-01,6.660425722635940904e-01,2.392615268276493401e-01,3.526271538891506685e-01,3.243907569071847741e-01,4.628078515681484650e-01,1.602717698017984693e-01,4.683229784232691428e-01,4.800967448523291159e-01,4.920561986431881141e-01,4.959527066884265034e-01,3.453548577426012733e-01,-1.108267189623032972e-01,3.901347491708927473e-01,8.545922318315159194e-02,5.769482425323362307e-01,-1.429168910810066882e-02,1.000000000000000000e+00,-1.557996032463187797e-01,5.593020753534881928e-01,3.674614963793293443e-01,1.909889362721869932e-01,5.436548857364340570e-01,4.146506425996416834e-01,4.698558761665213579e-01
-2.435077103787314234e-01,-3.020327548472342416e-01,-2.023686904354166649e-01,-3.515798171340643874e-01,-8.250802622483899285e-02,4.360847837709190822e-01,5.652909954590618069e-01,2.112094618786832523e-01,-3.668332213020621402e-01,-2.618387548002082399e-01,7.197764707952780672e-02,-2.028604681564124754e-02,-1.452244631892748439e-01,3.950415671917457683e-01,2.631090543939869630e-01,-2.922323058090824377e-01,9.748551404445011948e-02,-1.222755226632335213e-01,-2.621048852928799522e-01,-2.507568631831694206e-01,5.641689494784446479e-01,-1.809233239681083405e-01,-1.102277821125917379e-01,-2.959465593012277629e-01,6.151935531629328102e-02,-3.492752052451475464e-02,3.740608924420529835e-01,2.993173627083401400e-01,4.535292613060100675e-01,-3.934046993576917339e-01,7.551782788807762659e-01,-1.557996032463187797e-01,1.000000000000000000e+00,-3.355327594434423522e-01,3.330212651655897749e-01,5.376195418422029526e-01,3.871022823875275853e-01,-3.463511143970262052e-01,-4.284791574455371066e-01
8.714428304501652400e-01,8.596414589727512379e-01,9.038745020414882259e-01,8.957086533122287086e-01,8.482894960649192129e-01,-8.199532377468808919e-01,-1.503968873977168941e-01,-8.847728487580023282e-01,9.458988367084988358e-01,8.587289791518233351e-01,-3.939786777274209562e-01,6.974628967478153641e-01,3.516335648273357095e-01,3.939069254573205892e-01,-7.844024519913730398e-01,8.835501431550403240e-01,-2.674499749889020506e-01,8.363724520382291860e-01,8.199611882171754518e-01,9.120783725086416549e-01,3.372208702239143374e-01,8.508205007183086144e-01,8.358099464609715090e-01,8.693897115914906992e-01,6.218612943459566056e-01,6.081650746006753705e-01,9.650235774556518986e-02,5.580709458650353616e-01,-6.106897625375750094e-01,9.164202628165671882e-01,-3.501743318427198437e-01,5.593020753534881928e-01,-3.355327594434423522e-01,1.000000000000000000e+00,-2.952502433810076377e-01,-4.959130111626564585e-01,-4.302693061723060486e-02,9.153285773068132736e-01,9.242938254207609949e-01
-5.319236021103759121e-02,-5.732340081437285045e-02,-2.608384990665371106e-01,-4.479454337863518210e-01,-1.727832783092253799e-01,5.014773823478986259e-01,1.936524956005115927e-01,2.560961911511789868e-01,-2.766762879515212159e-01,-7.223898065752869246e-02,2.241972159567856837e-01,-3.162547433021195009e-01,-2.907566843314695615e-01,8.674880743726315346e-02,3.246093160335067895e-01,-1.309579893521173044e-01,4.427646043804894793e-01,-3.373564230601299174e-01,-3.443580598224525446e-01,-3.121113125899069307e-01,5.572066705811203058e-02,-2.857749786402910552e-01,-2.280361276120290437e-01,-2.923196454120475796e-01,4.328617410888558475e-02,-1.506221600505266711e-01,-1.348322570724823921e-01,-1.715656472423230175e-02,7.093527200605475036e-01,-2.830071394096219106e-01,4.346478734309267566e-01,3.674614963793293443e-01,3.330212651655897749e-01,-2.952502433810076377e-01,1.000000000000000000e+00,6.942473582352785000e-01,8.030789159366048535e-01,-4.035255234699680060e-01,-3.968872941364348095e-01
-2.594961317360421904e-01,-2.213031722217228825e-01,-4.307995325622158145e-01,-6.098774784087145351e-01,-3.083538415722761328e-01,6.875834402164680004e-01,3.101160041038670268e-01,4.146645981963569816e-01,-4.809474625268058690e-01,-2.225311605805573856e-01,2.986478538957253459e-01,-4.121659686566224168e-01,-2.585333882369896252e-01,1.820817305920423845e-01,4.210962274871348776e-01,-3.151488626648077385e-01,3.918431732781250121e-01,-4.713320983111813911e-01,-5.642103015271408006e-01,-5.110638674654477409e-01,5.392122322871262252e-02,-3.999345329837979968e-01,-2.936802687424797109e-01,-4.484233164012426109e-01,-3.307563935600808108e-02,-2.505145646215601873e-01,-2.163363246401246807e-03,-9.651236962822402898e-02,7.372581557360962101e-01,-4.829907844737150180e-01,6.324173469595095742e-01,1.909889362721869932e-01,5.376195418422029526e-01,-4.959130111626564585e-01,6.942473582352785000e-01,1.000000000000000000e+00,6.339926501741085518e-01,-5.975099454094531248e-01,-5.606072458780138046e-01
1.664814799380714971e-01,1.906351741835239089e-01,2.759112871256934850e-03,-2.214264818146507441e-01,5.920840907788139235e-02,3.250471862293407010e-01,3.031798724667104095e-01,4.676665369000472527e-03,-5.158561749779107947e-02,1.389259133106967858e-01,1.174793057696518206e-01,-6.828155512252218062e-02,-1.355070144253554543e-01,3.004131674656633222e-01,1.256336505339379905e-01,7.526487935360816339e-02,3.257672665699092307e-01,-1.061929847816149297e-01,-1.680797732075878792e-01,-3.955660026691515396e-02,3.027361146751471055e-01,-9.271129564131065995e-03,2.637204800553337447e-02,-9.619537337858356796e-02,2.309299926907780742e-01,8.090962327699253998e-02,6.398401718782305292e-02,2.392010840344372113e-01,6.199703681113393205e-01,-7.433177217837241835e-02,5.190949684249565044e-01,5.436548857364340570e-01,3.871022823875275853e-01,-4.302693061723060486e-02,8.030789159366048535e-01,6.339926501741085518e-01,1.000000000000000000e+00,-1.754200973435931232e-01,-1.584872341437281729e-01
8.190866980649413875e-01,7.609294260300287771e-01,8.744975442248714703e-01,9.109361666074304864e-01,8.365326205872347654e-01,-8.587608719747329422e-01,-1.848921080155667140e-01,-8.472230665853514031e-01,9.095193102167946630e-01,8.103771894967971567e-01,-3.891157186611210461e-01,6.582111567344630654e-01,2.784434013406407726e-01,2.925922106441946613e-01,-8.265358138165763702e-01,8.634222538111505640e-01,-2.980716760688376654e-01,8.849521148366205070e-01,8.699217158113370374e-01,9.045299382607410177e-01,3.557824316149232335e-01,8.181189798445650530e-01,8.235247879254425918e-01,8.537831886863234132e-01,6.287423382119844417e-01,6.768624731806193173e-01,1.736545831280579266e-01,5.517311204590406026e-01,-6.449996268832335344e-01,9.042551849651954132e-01,-3.876330241494998496e-01,4.146506425996416834e-01,-3.463511143970262052e-01,9.153285773068132736e-01,-4.035255234699680060e-01,-5.975099454094531248e-01,-1.754200973435931232e-01,1.000000000000000000e+00,9.350229482883546384e-01
8.306745511974450435e-01,8.183221207440087852e-01,8.930286855393069212e-01,9.087438179031669394e-01,8.234560015663436872e-01,-8.425519968453598629e-01,-2.160453147653159933e-01,-8.770473928167853428e-01,9.262591973470305495e-01,8.450629098596543765e-01,-3.441388115043144125e-01,6.451580911758106884e-01,3.757547205065392970e-01,3.429545734913559407e-01,-7.967795933352286308e-01,8.794212816340225558e-01,-2.986769918302235038e-01,8.467833559032429402e-01,8.519955128194625082e-01,9.014247156524457516e-01,2.626001787670541598e-01,8.557971188440405275e-01,8.483742879321983787e-01,8.806565151020800952e-01,6.063519895741447119e-01,6.224057462280599973e-01,1.297180902009399950e-01,4.688033578148160241e-01,-6.632226296484468042e-01,9.106619624119618450e-01,-4.180714835792274653e-01,4.698558761665213579e-01,-4.284791574455371066e-01,9.242938254207609949e-01,-3.968872941364348095e-01,-5.606072458780138046e-01,-1.584872341437281729e-01,9.350229482883546384e-01,1.000000000000000000e+00
