1.000000000000000000e+00,8.674034049446405215e-01,5.616514354403483456e-01,-4.032070280573979981e-01,6.083982489333410459e-01,2.608250285682167102e-01,-2.222972422462943520e-01,-5.395285577284734124e-01,7.584264602327156490e-01,8.445729721757504471e-01,6.921814191680438766e-01,4.983297211241166091e-01,-3.871159832382701782e-01,6.808764607736010888e-01,2.979395497579627738e-01,6.432330913501144165e-01,5.202966017030311585e-01,5.790663101071941155e-01,3.928624670828383403e-01,-4.400936061555114215e-02,2.085892353443808689e-01,4.413015257028218286e-01,7.109263691087670534e-01,5.517809175820741485e-01,7.552384910428062703e-01,7.618332539886563115e-01,7.452643858702280300e-01,6.469964860327287459e-01,7.138841304710440427e-01,8.103511927242578183e-01,5.317691317754363878e-01,5.513468924530007254e-01,4.311401477667137772e-01,3.260627516639731938e-01,5.853509402857344224e-01,7.306709359271786053e-02,3.994291285275257120e-01,5.098004577204404697e-01,5.476890961398375168e-01
8.674034049446405215e-01,1.000000000000000000e+00,5.205449862096767077e-01,-2.968698342939743440e-01,5.468742846562456572e-01,3.545552567476774608e-01,-2.199314311288650958e-01,-4.909156960085210852e-01,7.520975164080618836e-01,8.187093355413839202e-01,5.925691596380671111e-01,4.286736114772893846e-01,-4.568831175760556529e-01,5.907795603989892674e-01,1.428393760577928995e-01,5.464890909293761423e-01,4.023762065809270427e-01,6.395831624386255632e-01,3.594627477467018384e-01,-1.061301587274394304e-02,1.675245625225422752e-01,3.995748576932255935e-01,6.974575826930420330e-01,6.064751032021987731e-01,7.023685156639773997e-01,6.785787063614452386e-01,7.521351258594848321e-01,6.523616421764343309e-01,6.742223517547937250e-01,7.991115445464180844e-01,5.581822602308518233e-01,6.388821228546976982e-01,4.696024018265146927e-01,2.345766558498162402e-01,5.010646419862148093e-01,-1.760900317564074308e-02,4.613388526043031845e-01,4.290540382278725251e-01,5.601123936541264614e-01
5.616514354403483456e-01,5.205449862096767077e-01,1.000000000000000000e+00,-6.389157155115146036e-01,7.190764585063508241e-01,3.257775510391060503e-01,-2.831315594785002721e-01,-9.236363801790239414e-01,5.955687447158836134e-01,6.263211630260907548e-01,3.933840058514432858e-01,4.150495872277337739e-01,-5.870519759441302776e-01,6.479363432151981073e-01,2.446821718524402334e-01,4.130899589446652143e-01,2.417574469305256712e-01,3.183966277588248239e-01,-4.474760979930132200e-03,6.085920142947963407e-02,4.880124340493700030e-01,3.718930698479673280e-01,6.727606887220448639e-01,5.701241123117459786e-01,5.053097278333702480e-01,5.214955559438385624e-01,6.925613776518386722e-01,7.937923139702768305e-01,5.854700168849157338e-01,6.636378946039560578e-01,7.686781928622279381e-01,5.651131312981274579e-01,6.625868522023069529e-01,4.465573114778044195e-01,5.630231136187079377e-01,2.481465103965007912e-01,5.225910050350405234e-01,3.514341409632121827e-01,4.167872166319359084e-01
-4.032070280573979981e-01,-2.968698342939743440e-01,-6.389157155115146036e-01,1.000000000000000000e+00,-5.663528566372436623e-01,4.938956416960862267e-02,4.754957008651728989e-01,6.421220351846954610e-01,-4.577544475802550750e-01,-5.068014112722174502e-01,-2.711981892055054244e-01,-5.667197317313898974e-01,4.776957861587661225e-01,-5.770125938316429393e-01,-5.629986346425602806e-01,-4.107265198531830364e-01,-1.659993113365863804e-01,-1.644528314747810693e-01,-6.339643910914198599e-02,3.447025441854496136e-02,-4.786047592545013551e-01,-3.314690674989599350e-01,-3.672869292419161935e-01,-2.439846089146050501e-01,-2.401797114526399990e-01,-5.642304681271710365e-01,-5.873157132328782337e-01,-5.318251227089456634e-01,-3.726525878861717267e-01,-4.728795299926941142e-01,-6.387133110817813098e-01,-2.849518993881118845e-01,-2.769735687581658112e-01,-5.724154922148085856e-01,-4.045842517810200323e-01,-1.955877074814729166e-01,-2.018661598294860526e-01,-4.706618104380669854e-01,-3.826213671238356540e-01
6.083982489333410459e-01,5.468742846562456572e-01,7.190764585063508241e-01,-5.663528566372436623e-01,1.000000000000000000e+00,1.250960129984242108e-01,-3.268531839402478711e-01,-7.109924652551110613e-01,7.609743217920722502e-01,6.639507787146524675e-01,3.837802068782420473e-01,4.962573154164254818e-01,-3.880900410604710693e-01,7.058102299593252971e-01,2.899746296981263183e-01,5.844583573167113633e-01,2.834584507074403570e-01,1.905800802153305440e-01,-6.502724794454398105e-02,-2.557691358960010874e-01,1.541027525415876176e-01,1.835804124375609858e-01,5.890673985698452464e-01,5.025433898482664086e-01,5.363341907834665578e-01,5.005713349612918028e-01,6.087370205828466219e-01,6.164373220607848314e-01,4.164928742925545491e-01,6.812286208766046292e-01,5.864171956490424886e-01,3.574837692998305005e-01,4.828585437203836705e-01,6.503358457825713090e-01,4.048565178101704021e-01,3.018867702930055352e-01,2.870442031469907507e-01,4.614461929483629210e-01,5.740333365609391336e-01
2.608250285682167102e-01,3.545552567476774608e-01,3.257775510391060503e-01,4.938956416960862267e-02,1.250960129984242108e-01,1.000000000000000000e+00,-3.598640495228170449e-02,-2.950562338882140034e-01,7.554334588937167139e-02,1.613362645310618404e-01,1.307417293951460002e-02,-3.066184019180098752e-01,-4.708566079210264044e-01,1.508125678180422258e-01,-5.591040715491324420e-01,-3.147482353900845076e-01,-1.986216983509000167e-01,3.460948842204569775e-01,-1.379293267283787372e-01,3.538994229669453206e-01,3.003665423342364860e-01,7.934414531004344018e-02,4.866870580739954266e-01,5.831906126312906835e-01,2.365746010222306572e-01,-5.579491590717716720e-02,3.205329196783784362e-01,5.739398121104019035e-01,5.092361784807843961e-01,3.566218503590668498e-01,4.054433699888304043e-01,6.460265241986962170e-01,7.018894082193106732e-01,-4.104435302395026963e-01,3.904307971165487112e-01,-3.307787055215742344e-01,6.839247001879051879e-01,-3.634413259052803880e-01,-1.591607712964676069e-01
-2.222972422462943520e-01,-2.199314311288650958e-01,-2.831315594785002721e-01,4.754957008651728989e-01,-3.268531839402478711e-01,-3.598640495228170449e-02,1.000000000000000000e+00,2.674405280042965738e-01,-2.841886625049132586e-01,-2.397788972560994381e-01,-3.214442405736956526e-02,-4.331971093238586867e-01,3.856640761154118691e-01,-2.976980317546857879e-01,-2.060352136261211775e-01,-1.644590989311821294e-01,9.887784795470049015e-02,-2.583897688837516471e-01,-3.309803471188965673e-02,1.492905805482026838e-01,-1.569282963494563199e-01,-1.874621502462881506e-01,-1.008399891017038308e-01,-2.137439270951487780e-01,-6.252086891001666646e-02,-1.973854246371411214e-01,-3.364737928208921813e-01,-1.881880837275778928e-01,-1.159231925074244163e-01,-3.563722585226087869e-01,-3.880702366159550221e-01,-2.110872585045944494e-01,-1.965726435002401462e-01,-2.713749298499228968e-01,-2.562840175000756157e-02,1.243726730551047849e-01,3.851523258219626596e-03,-1.728584304606162192e-01,-2.491234468694624726e-01
-5.395285577284734124e-01,-4.909156960085210852e-01,-9.236363801790239414e-01,6.421220351846954610e-01,-7.109924652551110613e-01,-2.950562338882140034e-01,2.674405280042965738e-01,1.000000000000000000e+00,-5.828741162188736391e-01,-6.071127341876049188e-01,-3.895473065780237776e-01,-4.140323856715740769e-01,5.657299809893299170e-01,-6.301003668305159566e-01,-2.665604229484133114e-01,-4.130525010814414810e-01,-2.492721377629048829e-01,-2.961010696154633970e-01,5.682496988248226730e-03,-4.963741573773278876e-02,-4.893852237507416159e-01,-3.583816514994845326e-01,-6.548807720536866661e-01,-5.375724322904202879e-01,-4.877200023932977690e-01,-5.198870653990986801e-01,-6.734156148224946792e-01,-7.756444042349932566e-01,-5.677138999033320976e-01,-6.406770349556049071e-01,-7.449767426562421413e-01,-5.349811785824342136e-01,-6.350847624446005479e-01,-4.552312600837318257e-01,-5.532578666067097251e-01,-2.630246791375910886e-01,-5.016668681622192816e-01,-3.646062107762023108e-01,-4.076612846664688927e-01
7.584264602327156490e-01,7.520975164080618836e-01,5.955687447158836134e-01,-4.577544475802550750e-01,7.609743217920722502e-01,7.554334588937167139e-02,-2.841886625049132586e-01,-5.828741162188736391e-01,1.000000000000000000e+00,7.971960897433126858e-01,4.707619359669364401e-01,5.171029393405310870e-01,-3.160923182513866170e-01,6.577933586491201412e-01,2.905516407970870629e-01,6.729934832857280558e-01,3.610679728953866130e-01,4.027579208010776401e-01,1.453423036549995884e-01,-2.965467882088290708e-01,5.226371433625215390e-02,2.233284517112903433e-01,5.813496940959930193e-01,4.830801567340499147e-01,6.157095361502191722e-01,6.249498270740165839e-01,6.722637574527543514e-01,5.859513309976981388e-01,4.337125312294743407e-01,7.662272733927072421e-01,5.435421938862536884e-01,3.599246598792870122e-01,3.551433297409541390e-01,6.104030592583233883e-01,3.528107226544551223e-01,1.608138279577034646e-01,2.367523217734217866e-01,6.145180583232511262e-01,6.883113711977061344e-01
8.445729721757504471e-01,8.187093355413839202e-01,6.263211630260907548e-01,-5.068014112722174502e-01,6.639507787146524675e-01,1.613362645310618404e-01,-2.397788972560994381e-01,-6.071127341876049188e-01,7.971960897433126858e-01,1.000000000000000000e+00,6.308469463723574977e-01,5.570905744940519710e-01,-4.372611964413458119e-01,7.328824872924502021e-01,3.526754063257474536e-01,7.150596011481440417e-01,5.129687166957369593e-01,4.578172351495070624e-01,3.060483228345627915e-01,-5.575991740329973995e-02,2.465444711628493046e-01,4.410103044021049801e-01,7.169322615868984894e-01,5.591602389831310527e-01,7.355473326222896624e-01,7.630314163289012575e-01,7.620750311619646222e-01,6.677273207837847169e-01,6.612007585668311371e-01,7.871098006893698651e-01,6.063240184072640204e-01,4.827488809230921496e-01,4.416382749038174627e-01,4.721765287783316056e-01,5.636815486475257320e-01,2.112683532989073076e-01,3.845289316518451517e-01,5.764732715103111360e-01,6.381615771867047426e-01
6.921814191680438766e-01,5.925691596380671111e-01,3.933840058514432858e-01,-2.711981892055054244e-01,3.837802068782420473e-01,1.307417293951460002e-02,-3.214442405736956526e-02,-3.895473065780237776e-01,4.707619359669364401e-01,6.308469463723574977e-01,1.000000000000000000e+00,5.492322108667213598e-01,-2.140049759035392574e-01,5.971060295361365622e-01,4.755050798873873830e-01,6.488370101962288583e-01,8.148873086588215298e-01,3.928853605852543063e-01,5.402725906923853127e-01,3.892736688615568846e-02,1.755203263815851566e-01,5.537754689422486054e-01,6.252251233263516061e-01,3.574971536246928094e-01,7.612169578515085577e-01,7.093690705822571774e-01,5.070563239872513117e-01,3.642857639287455651e-01,6.220575111574377924e-01,4.483310873084091486e-01,3.068187801524550062e-01,3.800266651927756700e-01,3.017598989523725961e-01,2.929803358307702110e-01,6.371137142843239509e-01,3.454508496714042698e-01,3.351861731866541128e-01,5.627988949628879300e-01,5.261310861758528024e-01
4.983297211241166091e-01,4.286736114772893846e-01,4.150495872277337739e-01,-5.667197317313898974e-01,4.962573154164254818e-01,-3.066184019180098752e-01,-4.331971093238586867e-01,-4.140323856715740769e-01,5.171029393405310870e-01,5.570905744940519710e-01,5.492322108667213598e-01,1.000000000000000000e+00,-3.141541849949646692e-01,5.258602478869708330e-01,7.570956569460998153e-01,7.014239895557288218e-01,5.542468589200589824e-01,2.415071738288531444e-01,4.445329336391382613e-01,-3.316718447190981217e-02,1.757079081423258693e-01,6.183254299443176061e-01,3.395489337131847307e-01,1.407340491306281749e-01,4.142297654378235827e-01,6.967997753511901982e-01,5.394137740278850401e-01,2.445053146778500552e-01,3.547697462640360122e-01,4.177093525859746914e-01,4.149275987340830252e-01,2.460583039352247925e-01,7.991331849734310822e-02,6.347954127409413116e-01,3.328183036418527196e-01,3.893505758835020258e-01,6.005844730419408750e-02,6.269996101436261515e-01,6.675833045701926594e-01
-3.871159832382701782e-01,-4.568831175760556529e-01,-5.870519759441302776e-01,4.776957861587661225e-01,-3.880900410604710693e-01,-4.708566079210264044e-01,3.856640761154118691e-01,5.657299809893299170e-01,-3.160923182513866170e-01,-4.372611964413458119e-01,-2.140049759035392574e-01,-3.141541849949646692e-01,1.000000000000000000e+00,-4.216042103993925538e-01,-3.460794821219867479e-02,-1.157893700522753810e-01,-2.701507575970904865e-02,-3.765606743589861027e-01,-1.116679841124960243e-01,-2.335119586441903872e-01,-4.838521521393856495e-01,-4.298780097936523714e-01,-4.837007893472728415e-01,-4.781552890419702440e-01,-2.441415910202954509e-01,-3.479569269706086487e-01,-6.422256132680059793e-01,-6.407779910235654741e-01,-5.178061621948031323e-01,-4.929066719584567213e-01,-7.494544847563415768e-01,-6.558474415530336499e-01,-5.950607660475448757e-01,-9.890576140023428497e-02,-4.399760380218286082e-01,7.903540728843141960e-02,-5.582088093416192054e-01,1.072288579030537814e-02,-2.112425028086730161e-01
6.808764607736010888e-01,5.907795603989892674e-01,6.479363432151981073e-01,-5.770125938316429393e-01,7.058102299593252971e-01,1.508125678180422258e-01,-2.976980317546857879e-01,-6.301003668305159566e-01,6.577933586491201412e-01,7.328824872924502021e-01,5.971060295361365622e-01,5.258602478869708330e-01,-4.216042103993925538e-01,1.000000000000000000e+00,3.708769808823872416e-01,6.550396736899090078e-01,4.916101279775209609e-01,2.994425172900448961e-01,1.685895217138424496e-01,-1.268874720026798852e-01,2.145542731594642927e-01,4.030441756023038224e-01,6.752684915896871587e-01,5.768286013057646322e-01,6.814075343434821130e-01,5.965985250000884754e-01,6.232549208730073786e-01,6.220578215596179739e-01,5.969746466488060621e-01,6.643809767371501307e-01,5.927173797099073438e-01,4.505404238261579430e-01,5.158649517622260205e-01,5.373262292195315482e-01,6.231660592699694856e-01,3.643164496733404811e-01,4.247284545718769677e-01,5.008430115472586319e-01,5.329640337196025479e-01
2.979395497579627738e-01,1.428393760577928995e-01,2.446821718524402334e-01,-5.629986346425602806e-01,2.899746296981263183e-01,-5.591040715491324420e-01,-2.060352136261211775e-01,-2.665604229484133114e-01,2.905516407970870629e-01,3.526754063257474536e-01,4.755050798873873830e-01,7.570956569460998153e-01,-3.460794821219867479e-02,3.708769808823872416e-01,1.000000000000000000e+00,6.065308152694605104e-01,5.528306013918675710e-01,4.380519456836420161e-02,4.719936748596830767e-01,-1.237935827798285551e-02,2.266982668760009201e-01,4.300148500170257182e-01,1.227972221459348867e-01,-1.587737845474498644e-01,2.450675221789269387e-01,6.433786912381086465e-01,2.895185727679167598e-01,2.559315849892540226e-02,2.002266582319888744e-01,1.575303470454058885e-01,1.599167031606127110e-01,-4.377470342244724200e-02,-2.038789744607654442e-01,5.913283163675118193e-01,2.694480720937121321e-01,4.476171229957516817e-01,-1.438240962986140348e-01,6.596238486006107404e-01,4.292730400946822567e-01
6.432330913501144165e-01,5.464890909293761423e-01,4.130899589446652143e-01,-4.107265198531830364e-01,5.844583573167113633e-01,-3.147482353900845076e-01,-1.644590989311821294e-01,-4.130525010814414810e-01,6.729934832857280558e-01,7.150596011481440417e-01,6.488370101962288583e-01,7.014239895557288218e-01,-1.157893700522753810e-01,6.550396736899090078e-01,6.065308152694605104e-01,1.000000000000000000e+00,6.661901833969114950e-01,2.155982774047686124e-01,3.626122509892337198e-01,-3.038897155236033876e-01,-8.392085592750271605e-02,3.939927868370758923e-01,4.257468498258807910e-01,2.060711032204692039e-01,6.011904529851227474e-01,6.879050558546919714e-01,4.827443241584588596e-01,2.889113959651625207e-01,3.521153613083969902e-01,5.033729533769281117e-01,2.976551475144042502e-01,1.099972839876283554e-01,1.093429704417308995e-01,6.645052166388603077e-01,3.388627336213551611e-01,4.728326487273651901e-01,1.521300245451842267e-02,6.970728045639019710e-01,7.030435898125955152e-01
5.202966017030311585e-01,4.023762065809270427e-01,2.417574469305256712e-01,-1.659993113365863804e-01,2.834584507074403570e-01,-1.986216983509000167e-01,9.887784795470049015e-02,-2.492721377629048829e-01,3.610679728953866130e-01,5.129687166957369593e-01,8.148873086588215298e-01,5.542468589200589824e-01,-2.701507575970904865e-02,4.916101279775209609e-01,5.528306013918675710e-01,6.661901833969114950e-01,1.000000000000000000e+00,1.760113520628864836e-01,5.038925434242668144e-01,6.624759719542765157e-02,8.103025782026908319e-02,5.328189846007787001e-01,4.722910952207217683e-01,1.639631232968634666e-01,6.926212911484586066e-01,6.282545734004325588e-01,3.032490300500902958e-01,1.694650533250451896e-01,4.655946501224388356e-01,2.346687616007075983e-01,8.622769500177844548e-02,1.274705599141538748e-01,1.064711396038172248e-01,3.655679962137717842e-01,5.418846738761289306e-01,5.403186419824484998e-01,1.767244110869590767e-01,5.826044643182431981e-01,5.185999516240580309e-01
5.790663101071941155e-01,6.395831624386255632e-01,3.183966277588248239e-01,-1.644528314747810693e-01,1.905800802153305440e-01,3.460948842204569775e-01,-2.583897688837516471e-01,-2.961010696154633970e-01,4.027579208010776401e-01,4.578172351495070624e-01,3.928853605852543063e-01,2.415071738288531444e-01,-3.765606743589861027e-01,2.994425172900448961e-01,4.380519456836420161e-02,2.155982774047686124e-01,1.760113520628864836e-01,1.000000000000000000e+00,5.566368147665343713e-01,1.029207049297773680e-01,1.856832800515274273e-01,3.575422182023043627e-01,3.893761903722109396e-01,3.845726542423181793e-01,3.495560133793258473e-01,4.962602439590949044e-01,6.121838925884138805e-01,4.513497729087352917e-01,5.437890512282532729e-01,5.649881117722677093e-01,4.090390765453031929e-01,5.731220997681901741e-01,2.904696567819143316e-01,-1.171457305188337711e-01,3.386004698135101076e-01,-3.255400680635802679e-01,3.053543966260944820e-01,1.997577871088585810e-01,2.095420514066383411e-01
3.928624670828383403e-01,3.594627477467018384e-01,-4.474760979930132200e-03,-6.339643910914198599e-02,-6.502724794454398105e-02,-1.379293267283787372e-01,-3.309803471188965673e-02,5.682496988248226730e-03,1.453423036549995884e-01,3.060483228345627915e-01,5.402725906923853127e-01,4.445329336391382613e-01,-1.116679841124960243e-01,1.685895217138424496e-01,4.719936748596830767e-01,3.626122509892337198e-01,5.038925434242668144e-01,5.566368147665343713e-01,1.000000000000000000e+00,2.053941385338223513e-01,1.422028061542394139e-01,4.913798348610022848e-01,1.844145720995798710e-01,1.008569498573130135e-02,3.040644459380374420e-01,5.710407277700135786e-01,3.333455689337506689e-01,2.075563224854580155e-02,4.023839357067126032e-01,2.072676174284784623e-01,4.933701900985362765e-02,2.288028875107203652e-01,-1.364397474077854167e-01,-5.461451495562405500e-02,2.760479153593429769e-01,-4.598542989914661803e-04,2.170195330335835879e-02,3.219380458985657834e-01,1.977419664158149570e-01
-4.400936061555114215e-02,-1.061301587274394304e-02,6.085920142947963407e-02,3.447025441854496136e-02,-2.557691358960010874e-01,3.538994229669453206e-01,1.492905805482026838e-01,-4.963741573773278876e-02,-2.965467882088290708e-01,-5.575991740329973995e-02,3.892736688615568846e-02,-3.316718447190981217e-02,-2.335119586441903872e-01,-1.268874720026798852e-01,-1.237935827798285551e-02,-3.038897155236033876e-01,6.624759719542765157e-02,1.029207049297773680e-01,2.053941385338223513e-01,1.000000000000000000e+00,5.328717235369152538e-01,3.664279586823558366e-01,2.051755533204346060e-01,1.313245473163658916e-01,3.223665773396237194e-02,9.346779679293361343e-02,6.963195502518251812e-02,1.424652639629675754e-01,3.552472372183355653e-01,-5.019718935843477114e-02,1.183157867276631026e-01,3.185524359846956810e-01,1.894014444042989576e-01,-3.584217050913844904e-01,3.373258811209289276e-01,4.435041468810919582e-03,4.008304918402607608e-01,-2.317837492780014386e-01,-2.730781757095006590e-01
2.085892353443808689e-01,1.675245625225422752e-01,4.880124340493700030e-01,-4.786047592545013551e-01,1.541027525415876176e-01,3.003665423342364860e-01,-1.569282963494563199e-01,-4.893852237507416159e-01,5.226371433625215390e-02,2.465444711628493046e-01,1.755203263815851566e-01,1.757079081423258693e-01,-4.838521521393856495e-01,2.145542731594642927e-01,2.266982668760009201e-01,-8.392085592750271605e-02,8.103025782026908319e-02,1.856832800515274273e-01,1.422028061542394139e-01,5.328717235369152538e-01,1.000000000000000000e+00,4.198412097091286377e-01,3.972195159254381935e-01,2.979485684073087670e-01,1.770627649163112327e-01,3.682699190112280752e-01,4.205207145470395980e-01,4.763787147205718053e-01,5.152454155903108957e-01,2.476820829442594463e-01,5.081261552007246829e-01,4.365325159916140785e-01,3.362334006087861482e-01,2.467835796404489399e-02,5.045178060470391079e-01,2.516506385284826564e-02,4.718368961935678341e-01,5.037912080253875019e-02,-8.010113963119204483e-02
4.413015257028218286e-01,3.995748576932255935e-01,3.718930698479673280e-01,-3.314690674989599350e-01,1.835804124375609858e-01,7.934414531004344018e-02,-1.874621502462881506e-01,-3.583816514994845326e-01,2.233284517112903433e-01,4.410103044021049801e-01,5.537754689422486054e-01,6.183254299443176061e-01,-4.298780097936523714e-01,4.030441756023038224e-01,4.300148500170257182e-01,3.939927868370758923e-01,5.328189846007787001e-01,3.575422182023043627e-01,4.913798348610022848e-01,3.664279586823558366e-01,4.198412097091286377e-01,1.000000000000000000e+00,4.435438189898445738e-01,2.708806254669284264e-01,4.274870727704642159e-01,5.593866143372018263e-01,4.905284234439191704e-01,3.541671675897369864e-01,5.746977703316329400e-01,3.108826858473673349e-01,4.203513149296645990e-01,4.492533619313536786e-01,2.443251980956672453e-01,1.837331169211505744e-01,5.608360160462175781e-01,2.071726013567455338e-01,3.699261485403010363e-01,2.991428501574842636e-01,3.809553257348965993e-01
7.109263691087670534e-01,6.974575826930420330e-01,6.727606887220448639e-01,-3.672869292419161935e-01,5.890673985698452464e-01,4.866870580739954266e-01,-1.008399891017038308e-01,-6.548807720536866661e-01,5.813496940959930193e-01,7.169322615868984894e-01,6.252251233263516061e-01,3.395489337131847307e-01,-4.837007893472728415e-01,6.752684915896871587e-01,1.227972221459348867e-01,4.257468498258807910e-01,4.722910952207217683e-01,3.893761903722109396e-01,1.844145720995798710e-01,2.051755533204346060e-01,3.972195159254381935e-01,4.435438189898445738e-01,1.000000000000000000e+00,7.524893895567801305e-01,7.658605293411422377e-01,5.778076378573193672e-01,6.592165519738500956e-01,7.457565351253473418e-01,7.830165249118030690e-01,6.539299547087147335e-01,5.975169938169512251e-01,6.502586235125484837e-01,6.877283069261918014e-01,2.334237611863654305e-01,7.323155785258075312e-01,2.774212563243191321e-01,6.866430830696258480e-01,3.683303565072468255e-01,4.612657878017059621e-01
5.517809175820741485e-01,6.064751032021987731e-01,5.701241123117459786e-01,-2.439846089146050501e-01,5.025433898482664086e-01,5.831906126312906835e-01,-2.137439270951487780e-01,-5.375724322904202879e-01,4.830801567340499147e-01,5.591602389831310527e-01,3.574971536246928094e-01,1.407340491306281749e-01,-4.781552890419702440e-01,5.768286013057646322e-01,-1.587737845474498644e-01,2.060711032204692039e-01,1.639631232968634666e-01,3.845726542423181793e-01,1.008569498573130135e-02,1.313245473163658916e-01,2.979485684073087670e-01,2.708806254669284264e-01,7.524893895567801305e-01,1.000000000000000000e+00,6.222961944991985961e-01,3.104919003290120827e-01,5.715776028057095726e-01,6.755131943794773219e-01,6.370962085832274635e-01,6.042977187465471411e-01,6.032015623645263780e-01,6.715714708916281639e-01,6.738779708833760873e-01,8.278014464761927760e-02,5.281572258848091783e-01,6.336796731211485900e-02,6.777530259444672911e-01,1.304244127417323595e-01,3.007235853323284580e-01
7.552384910428062703e-01,7.023685156639773997e-01,5.053097278333702480e-01,-2.401797114526399990e-01,5.363341907834665578e-01,2.365746010222306572e-01,-6.252086891001666646e-02,-4.877200023932977690e-01,6.157095361502191722e-01,7.355473326222896624e-01,7.612169578515085577e-01,4.142297654378235827e-01,-2.441415910202954509e-01,6.814075343434821130e-01,2.450675221789269387e-01,6.011904529851227474e-01,6.926212911484586066e-01,3.495560133793258473e-01,3.040644459380374420e-01,3.223665773396237194e-02,1.770627649163112327e-01,4.274870727704642159e-01,7.658605293411422377e-01,6.222961944991985961e-01,1.000000000000000000e+00,6.049298951925782264e-01,5.231051940531820099e-01,5.374287277221720949e-01,6.813212510642179254e-01,5.999443248781858307e-01,3.766329531596649960e-01,4.509024436991849183e-01,4.778872633890358657e-01,3.224992888215661990e-01,6.333243234940700850e-01,3.485138097251039291e-01,4.657744770651894295e-01,5.276981129577248408e-01,5.756119249599840337e-01
7.618332539886563115e-01,6.785787063614452386e-01,5.214955559438385624e-01,-5.642304681271710365e-01,5.005713349612918028e-01,-5.579491590717716720e-02,-1.973854246371411214e-01,-5.198870653990986801e-01,6.249498270740165839e-01,7.630314163289012575e-01,7.093690705822571774e-01,6.967997753511901982e-01,-3.479569269706086487e-01,5.965985250000884754e-01,6.433786912381086465e-01,6.879050558546919714e-01,6.282545734004325588e-01,4.962602439590949044e-01,5.710407277700135786e-01,9.346779679293361343e-02,3.682699190112280752e-01,5.593866143372018263e-01,5.778076378573193672e-01,3.104919003290120827e-01,6.049298951925782264e-01,1.000000000000000000e+00,7.414645922550365809e-01,5.116096028730979794e-01,6.501809253990411541e-01,6.138401378786260132e-01,5.003945687217533633e-01,4.188673047853813669e-01,2.015371466761212982e-01,4.429494830897605651e-01,5.742099783311057637e-01,2.367566540894200378e-01,2.708240209489987671e-01,6.456464173696561115e-01,5.395347830154079150e-01
7.452643858702280300e-01,7.521351258594848321e-01,6.925613776518386722e-01,-5.873157132328782337e-01,6.087370205828466219e-01,3.205329196783784362e-01,-3.364737928208921813e-01,-6.734156148224946792e-01,6.722637574527543514e-01,7.620750311619646222e-01,5.070563239872513117e-01,5.394137740278850401e-01,-6.422256132680059793e-01,6.232549208730073786e-01,2.895185727679167598e-01,4.827443241584588596e-01,3.032490300500902958e-01,6.121838925884138805e-01,3.333455689337506689e-01,6.963195502518251812e-02,4.205207145470395980e-01,4.905284234439191704e-01,6.592165519738500956e-01,5.715776028057095726e-01,5.231051940531820099e-01,7.414645922550365809e-01,1.000000000000000000e+00,7.571956152115005834e-01,7.126214118037084155e-01,7.492898770930648267e-01,7.882576017743092578e-01,6.930977094958841178e-01,4.946285459973118193e-01,3.370432987173460071e-01,5.764255615096122165e-01,-3.053672295055833222e-02,5.076965947408301760e-01,3.449354747969565760e-01,4.433588062023365306e-01
6.469964860327287459e-01,6.523616421764343309e-01,7.937923139702768305e-01,-5.318251227089456634e-01,6.164373220607848314e-01,5.739398121104019035e-01,-1.881880837275778928e-01,-7.756444042349932566e-01,5.859513309976981388e-01,6.677273207837847169e-01,3.642857639287455651e-01,2.445053146778500552e-01,-6.407779910235654741e-01,6.220578215596179739e-01,2.559315849892540226e-02,2.889113959651625207e-01,1.694650533250451896e-01,4.513497729087352917e-01,2.075563224854580155e-02,1.424652639629675754e-01,4.763787147205718053e-01,3.541671675897369864e-01,7.457565351253473418e-01,6.755131943794773219e-01,5.374287277221720949e-01,5.116096028730979794e-01,7.571956152115005834e-01,1.000000000000000000e+00,7.148270477426589276e-01,7.025653178929680553e-01,7.804779528816501166e-01,6.966584084209872518e-01,7.282188518498534657e-01,2.442906519362046946e-01,6.510102088487715877e-01,3.696193238238445339e-02,6.811247659831738410e-01,2.205447466231046927e-01,3.380221713138460982e-01
7.138841304710440427e-01,6.742223517547937250e-01,5.854700168849157338e-01,-3.726525878861717267e-01,4.164928742925545491e-01,5.092361784807843961e-01,-1.159231925074244163e-01,-5.677138999033320976e-01,4.337125312294743407e-01,6.612007585668311371e-01,6.220575111574377924e-01,3.547697462640360122e-01,-5.178061621948031323e-01,5.969746466488060621e-01,2.002266582319888744e-01,3.521153613083969902e-01,4.655946501224388356e-01,5.437890512282532729e-01,4.023839357067126032e-01,3.552472372183355653e-01,5.152454155903108957e-01,5.746977703316329400e-01,7.830165249118030690e-01,6.370962085832274635e-01,6.813212510642179254e-01,6.501809253990411541e-01,7.126214118037084155e-01,7.148270477426589276e-01,1.000000000000000000e+00,6.206790393563256236e-01,5.925988135733363249e-01,7.447311270518008897e-01,5.709377281511379687e-01,5.871338340871719297e-02,7.948412549802867932e-01,5.501348182707498785e-02,7.078879234210148086e-01,2.602021969074138075e-01,2.625704580849740344e-01
8.103511927242578183e-01,7.991115445464180844e-01,6.636378946039560578e-01,-4.728795299926941142e-01,6.812286208766046292e-01,3.566218503590668498e-01,-3.563722585226087869e-01,-6.406770349556049071e-01,7.662272733927072421e-01,7.871098006893698651e-01,4.483310873084091486e-01,4.177093525859746914e-01,-4.929066719584567213e-01,6.643809767371501307e-01,1.575303470454058885e-01,5.033729533769281117e-01,2.346687616007075983e-01,5.649881117722677093e-01,2.072676174284784623e-01,-5.019718935843477114e-02,2.476820829442594463e-01,3.108826858473673349e-01,6.539299547087147335e-01,6.042977187465471411e-01,5.999443248781858307e-01,6.138401378786260132e-01,7.492898770930648267e-01,7.025653178929680553e-01,6.206790393563256236e-01,1.000000000000000000e+00,6.224899658566260818e-01,5.814049812106190096e-01,5.000041134951239696e-01,3.005520902953160434e-01,4.504778504571178566e-01,-4.893505398842539628e-02,3.865266842436781425e-01,3.708173751098383653e-01,4.426795577529180625e-01
5.317691317754363878e-01,5.581822602308518233e-01,7.686781928622279381e-01,-6.387133110817813098e-01,5.864171956490424886e-01,4.054433699888304043e-01,-3.880702366159550221e-01,-7.449767426562421413e-01,5.435421938862536884e-01,6.063240184072640204e-01,3.068187801524550062e-01,4.149275987340830252e-01,-7.494544847563415768e-01,5.927173797099073438e-01,1.599167031606127110e-01,2.976551475144042502e-01,8.622769500177844548e-02,4.090390765453031929e-01,4.933701900985362765e-02,1.183157867276631026e-01,5.081261552007246829e-01,4.203513149296645990e-01,5.975169938169512251e-01,6.032015623645263780e-01,3.766329531596649960e-01,5.003945687217533633e-01,7.882576017743092578e-01,7.804779528816501166e-01,5.925988135733363249e-01,6.224899658566260818e-01,1.000000000000000000e+00,6.921734419402033600e-01,6.479374086028256707e-01,3.680911798645827848e-01,5.273101319334634329e-01,4.525692297902146610e-02,6.136460018667271310e-01,2.134628200511725082e-01,3.681735536956557420e-01
5.513468924530007254e-01,6.388821228546976982e-01,5.651131312981274579e-01,-2.849518993881118845e-01,3.574837692998305005e-01,6.460265241986962170e-01,-2.110872585045944494e-01,-5.349811785824342136e-01,3.599246598792870122e-01,4.827488809230921496e-01,3.800266651927756700e-01,2.460583039352247925e-01,-6.558474415530336499e-01,4.505404238261579430e-01,-4.377470342244724200e-02,1.099972839876283554e-01,1.274705599141538748e-01,5.731220997681901741e-01,2.288028875107203652e-01,3.185524359846956810e-01,4.365325159916140785e-01,4.492533619313536786e-01,6.502586235125484837e-01,6.715714708916281639e-01,4.509024436991849183e-01,4.188673047853813669e-01,6.930977094958841178e-01,6.966584084209872518e-01,7.447311270518008897e-01,5.814049812106190096e-01,6.921734419402033600e-01,1.000000000000000000e+00,6.197912050602393252e-01,-6.395285232387377949e-02,6.046371023956632618e-01,-1.451243396184527523e-01,7.943944643167201169e-01,3.937635996487546391e-02,2.065776964666494742e-01
4.311401477667137772e-01,4.696024018265146927e-01,6.625868522023069529e-01,-2.769735687581658112e-01,4.828585437203836705e-01,7.018894082193106732e-01,-1.965726435002401462e-01,-6.350847624446005479e-01,3.551433297409541390e-01,4.416382749038174627e-01,3.017598989523725961e-01,7.991331849734310822e-02,-5.950607660475448757e-01,5.158649517622260205e-01,-2.038789744607654442e-01,1.093429704417308995e-01,1.064711396038172248e-01,2.904696567819143316e-01,-1.364397474077854167e-01,1.894014444042989576e-01,3.362334006087861482e-01,2.443251980956672453e-01,6.877283069261918014e-01,6.738779708833760873e-01,4.778872633890358657e-01,2.015371466761212982e-01,4.946285459973118193e-01,7.282188518498534657e-01,5.709377281511379687e-01,5.000041134951239696e-01,6.479374086028256707e-01,6.197912050602393252e-01,1.000000000000000000e+00,7.542630203171474257e-02,5.471564483149787828e-01,1.281205474480937301e-01,6.772306316870259080e-01,1.253133645129124799e-02,2.299444892241468696e-01
3.260627516639731938e-01,2.345766558498162402e-01,4.465573114778044195e-01,-5.724154922148085856e-01,6.503358457825713090e-01,-4.104435302395026963e-01,-2.713749298499228968e-01,-4.552312600837318257e-01,6.104030592583233883e-01,4.721765287783316056e-01,2.929803358307702110e-01,6.347954127409413116e-01,-9.890576140023428497e-02,5.373262292195315482e-01,5.913283163675118193e-01,6.645052166388603077e-01,3.655679962137717842e-01,-1.171457305188337711e-01,-5.461451495562405500e-02,-3.584217050913844904e-01,2.467835796404489399e-02,1.837331169211505744e-01,2.334237611863654305e-01,8.278014464761927760e-02,3.224992888215661990e-01,4.429494830897605651e-01,3.370432987173460071e-01,2.442906519362046946e-01,5.871338340871719297e-02,3.005520902953160434e-01,3.680911798645827848e-01,-6.395285232387377949e-02,7.542630203171474257e-02,1.000000000000000000e+00,1.759635276559156913e-01,5.555309020131853348e-01,-5.485465783274931506e-02,6.511804707056327857e-01,6.621161495639183991e-01
5.853509402857344224e-01,5.010646419862148093e-01,5.630231136187079377e-01,-4.045842517810200323e-01,4.048565178101704021e-01,3.904307971165487112e-01,-2.562840175000756157e-02,-5.532578666067097251e-01,3.528107226544551223e-01,5.636815486475257320e-01,6.371137142843239509e-01,3.328183036418527196e-01,-4.399760380218286082e-01,6.231660592699694856e-01,2.694480720937121321e-01,3.388627336213551611e-01,5.418846738761289306e-01,3.386004698135101076e-01,2.760479153593429769e-01,3.373258811209289276e-01,5.045178060470391079e-01,5.608360160462175781e-01,7.323155785258075312e-01,5.281572258848091783e-01,6.333243234940700850e-01,5.742099783311057637e-01,5.764255615096122165e-01,6.510102088487715877e-01,7.948412549802867932e-01,4.504778504571178566e-01,5.273101319334634329e-01,6.046371023956632618e-01,5.471564483149787828e-01,1.759635276559156913e-01,1.000000000000000000e+00,2.473713549630629505e-01,7.067970808926333781e-01,3.173205882481235363e-01,2.689280099397819424e-01
7.306709359271786053e-02,-1.760900317564074308e-02,2.481465103965007912e-01,-1.955877074814729166e-01,3.018867702930055352e-01,-3.307787055215742344e-01,1.243726730551047849e-01,-2.630246791375910886e-01,1.608138279577034646e-01,2.112683532989073076e-01,3.454508496714042698e-01,3.893505758835020258e-01,7.903540728843141960e-02,3.643164496733404811e-01,4.476171229957516817e-01,4.728326487273651901e-01,5.403186419824484998e-01,-3.255400680635802679e-01,-4.598542989914661803e-04,4.435041468810919582e-03,2.516506385284826564e-02,2.071726013567455338e-01,2.774212563243191321e-01,6.336796731211485900e-02,3.485138097251039291e-01,2.367566540894200378e-01,-3.053672295055833222e-02,3.696193238238445339e-02,5.501348182707498785e-02,-4.893505398842539628e-02,4.525692297902146610e-02,-1.451243396184527523e-01,1.281205474480937301e-01,5.555309020131853348e-01,2.473713549630629505e-01,1.000000000000000000e+00,5.721389062325650532e-02,4.566303918136682127e-01,4.423641510702532864e-01
3.994291285275257120e-01,4.613388526043031845e-01,5.225910050350405234e-01,-2.018661598294860526e-01,2.870442031469907507e-01,6.839247001879051879e-01,3.851523258219626596e-03,-5.016668681622192816e-01,2.367523217734217866e-01,3.845289316518451517e-01,3.351861731866541128e-01,6.005844730419408750e-02,-5.582088093416192054e-01,4.247284545718769677e-01,-1.438240962986140348e-01,1.521300245451842267e-02,1.767244110869590767e-01,3.053543966260944820e-01,2.170195330335835879e-02,4.008304918402607608e-01,4.718368961935678341e-01,3.699261485403010363e-01,6.866430830696258480e-01,6.777530259444672911e-01,4.657744770651894295e-01,2.708240209489987671e-01,5.076965947408301760e-01,6.811247659831738410e-01,7.078879234210148086e-01,3.865266842436781425e-01,6.136460018667271310e-01,7.943944643167201169e-01,6.772306316870259080e-01,-5.485465783274931506e-02,7.067970808926333781e-01,5.721389062325650532e-02,1.000000000000000000e+00,3.961955088274140245e-03,1.354096254468186988e-01
5.098004577204404697e-01,4.290540382278725251e-01,3.514341409632121827e-01,-4.706618104380669854e-01,4.614461929483629210e-01,-3.634413259052803880e-01,-1.728584304606162192e-01,-3.646062107762023108e-01,6.145180583232511262e-01,5.764732715103111360e-01,5.627988949628879300e-01,6.269996101436261515e-01,1.072288579030537814e-02,5.008430115472586319e-01,6.596238486006107404e-01,6.970728045639019710e-01,5.826044643182431981e-01,1.997577871088585810e-01,3.219380458985657834e-01,-2.317837492780014386e-01,5.037912080253875019e-02,2.991428501574842636e-01,3.683303565072468255e-01,1.304244127417323595e-01,5.276981129577248408e-01,6.456464173696561115e-01,3.449354747969565760e-01,2.205447466231046927e-01,2.602021969074138075e-01,3.708173751098383653e-01,2.134628200511725082e-01,3.937635996487546391e-02,1.253133645129124799e-02,6.511804707056327857e-01,3.173205882481235363e-01,4.566303918136682127e-01,3.961955088274140245e-03,1.000000000000000000e+00,7.521135640857524729e-01
5.476890961398375168e-01,5.601123936541264614e-01,4.167872166319359084e-01,-3.826213671238356540e-01,5.740333365609391336e-01,-1.591607712964676069e-01,-2.491234468694624726e-01,-4.076612846664688927e-01,6.883113711977061344e-01,6.381615771867047426e-01,5.261310861758528024e-01,6.675833045701926594e-01,-2.112425028086730161e-01,5.329640337196025479e-01,4.292730400946822567e-01,7.030435898125955152e-01,5.185999516240580309e-01,2.095420514066383411e-01,1.977419664158149570e-01,-2.730781757095006590e-01,-8.010113963119204483e-02,3.809553257348965993e-01,4.612657878017059621e-01,3.007235853323284580e-01,5.756119249599840337e-01,5.395347830154079150e-01,4.433588062023365306e-01,3.380221713138460982e-01,2.625704580849740344e-01,4.426795577529180625e-01,3.681735536956557420e-01,2.065776964666494742e-01,2.299444892241468696e-01,6.621161495639183991e-01,2.689280099397819424e-01,4.423641510702532864e-01,1.354096254468186988e-01,7.521135640857524729e-01,1.000000000000000000e+00
