1.000000000000000000e+00,6.905658808397467929e-01,3.596998968625475523e-01,-3.933575359635182456e-01,5.312596284663874124e-01,1.872753468710253166e-01,3.683786169678783806e-01,-3.308435767411094242e-01,5.553966358254877056e-01,7.958590577692192802e-01,-6.193328157364621014e-03,-9.446590825228610988e-02,-2.096800612841375200e-01,6.873247158115783906e-01,6.095342869593203261e-01,6.955699939225643558e-01,5.486534283927305689e-01,5.557341497511032458e-01,2.088824190967555061e-01,3.775420214609893632e-01,5.500459110253561601e-01,3.205210852066906480e-01,4.447255840392837500e-01,5.280214800371204609e-01,6.756087823504062229e-01,7.089723268523866473e-01,-5.463181024148843629e-02,6.151068419026459733e-01,7.536922287873278892e-01,6.060062839288986591e-01,2.870031452823342266e-01,4.347355164541573114e-01,4.390017145111784758e-01,5.227283254014313263e-01,5.882465126839832026e-01,2.439848457943268045e-01,4.206106046240709051e-01,5.350619224987736011e-01,4.303107553692504805e-02
6.905658808397467929e-01,1.000000000000000000e+00,4.420300141362750179e-01,-3.128536482647153449e-01,4.490229697336071690e-01,6.251069621563994094e-02,2.263210620902067205e-01,-4.389817201225003629e-01,3.921483980260461744e-01,5.476290980283293752e-01,3.176953899123712843e-01,1.471888682159812889e-01,-4.841842134193529157e-01,4.784772993058325485e-01,2.765726422797109008e-01,5.045729607439183306e-01,3.117392115984086165e-01,3.674953910016607317e-01,4.171493329017518792e-01,9.181098762358123888e-02,3.965558060152099551e-01,1.034149034509336124e-01,3.244171098912341233e-01,5.105324016153600653e-01,3.549050297540708998e-01,5.876665312357693960e-01,3.551132380595649618e-01,3.343402654456295031e-01,4.798542260080299049e-01,3.715826613796210376e-01,5.800297392791655682e-01,4.118069327563951276e-01,4.541230558033854670e-01,4.704903000839784077e-01,5.273584000842155284e-01,2.608810990819693809e-01,4.285775315162166921e-01,3.143063623667697870e-01,4.783864873249972227e-01
3.596998968625475523e-01,4.420300141362750179e-01,1.000000000000000000e+00,-4.620750632237348166e-01,6.586191099971887564e-01,9.313461473551877534e-02,-4.636683617259058920e-02,-9.104543749887227255e-01,3.713245615572053349e-01,3.428572951529201274e-01,5.919585592294801524e-02,4.757208422975504059e-01,-4.899529471205224529e-01,4.560569610524585205e-01,4.713872287227355296e-01,2.857657816529621253e-01,2.197150041649482966e-01,6.416521355206986632e-01,7.219315699555539645e-01,2.192903370464177604e-01,6.917438151982067129e-01,1.101701552828760061e-01,1.983817469456443106e-01,5.796946730629017885e-01,2.268959842868032151e-01,6.548021547868819736e-01,5.873090956497920567e-01,5.811085286897065272e-01,3.982901651720939240e-01,1.669727285452330401e-01,6.981707572366677717e-01,5.095178911585738213e-01,8.271392114322323463e-01,5.667124968895552728e-01,4.984368132545240471e-01,8.363674481481025991e-02,5.665114869954727128e-01,3.207752459030993042e-01,5.137457813770383019e-01
-3.933575359635182456e-01,-3.128536482647153449e-01,-4.620750632237348166e-01,1.000000000000000000e+00,-2.663832488280442057e-01,1.165881241901179644e-01,-4.025861911938064669e-02,4.527598569259790873e-01,-2.539458653884748007e-01,-4.082297539039515533e-01,-1.957902215055719597e-01,-1.194995233312186045e-01,3.716007476346134264e-01,-3.467255710702140115e-01,-6.425485180096901505e-01,-3.278689504265117072e-01,-3.667278996925505408e-01,-4.441554382305675230e-01,-1.822551343534224988e-01,-1.187803984953194336e-01,-4.032992956792812445e-01,7.190804300979901365e-02,-2.601854225180881552e-02,-3.205789670871899144e-01,-2.146260232261507084e-01,-5.502524419052441385e-01,-1.450141410949677412e-01,-5.761051278458942937e-01,-4.559250114509609264e-01,-1.078956655468602255e-01,-3.866146590138420103e-01,-1.964907477208019670e-01,-5.430666706587516934e-01,-2.835693345638926610e-01,-4.832824177684618694e-01,2.772550925274361658e-02,-1.894223347465222862e-01,-4.394682396277131420e-01,-2.083861964561219138e-01
5.312596284663874124e-01,4.490229697336071690e-01,6.586191099971887564e-01,-2.663832488280442057e-01,1.000000000000000000e+00,4.465710221144044145e-01,1.030238192860890023e-01,-6.329282469816388534e-01,6.635278753988796963e-01,5.241265295159892590e-01,-7.903542679679756433e-02,1.680399777111868109e-01,-2.262507194402574584e-01,6.804256113638831316e-01,4.173838091569011532e-01,4.810969389044469913e-01,4.563296567352385091e-01,6.440873432647020724e-01,5.221849862659974084e-01,4.232980591740387322e-01,7.040464344309841360e-01,2.461578768789238203e-01,5.302764940258154480e-01,6.648678893028679981e-01,5.782324180328911600e-01,6.927787417506363621e-01,2.558013772992324131e-01,6.021968974959204246e-01,6.010905923137285223e-01,4.862935627371851588e-01,4.595683857057182853e-01,6.936083199835502144e-01,6.412412700656721087e-01,7.814300993979895749e-01,4.583097124290662627e-01,2.476986449306849414e-01,6.707105850386276824e-01,4.728641750647567532e-01,2.270699663449438910e-01
1.872753468710253166e-01,6.251069621563994094e-02,9.313461473551877534e-02,1.165881241901179644e-01,4.465710221144044145e-01,1.000000000000000000e+00,9.279373902322744783e-02,-5.571739005590571614e-02,5.862684859338125332e-01,2.369560400815193257e-01,-1.620131934216433589e-01,-3.239325089405729607e-01,1.094279518563469056e-01,4.747353253944517903e-01,8.289889697492783260e-02,3.291650716248363251e-01,5.528842132622354688e-01,3.873312319808498438e-01,-4.777879614189159407e-02,3.769673991378553191e-01,3.267340405163292605e-01,2.138065736421822516e-01,5.819816348496213987e-01,4.839142822082090345e-01,4.875499631882230234e-01,3.220860892692969379e-01,-1.888614042751939059e-01,3.305021842688755096e-01,3.779574457323576775e-01,3.558568085811587567e-01,-9.114916561145722240e-02,6.440602707575812103e-01,1.205465992623187405e-01,5.079270148813033181e-01,1.749530567134789383e-01,3.959043085137190499e-01,5.766401201752691108e-01,4.851916607514378255e-01,-1.400379925521170188e-01
3.683786169678783806e-01,2.263210620902067205e-01,-4.636683617259058920e-02,-4.025861911938064669e-02,1.030238192860890023e-01,9.279373902322744783e-02,1.000000000000000000e+00,8.122986879417275208e-02,2.012502348678283648e-01,2.649096017458063557e-01,4.718745917950770141e-02,-4.257552343931619854e-01,7.672410409154399591e-02,2.226040788261893777e-01,2.218444851208389856e-01,1.423736974524035526e-01,3.409989612240296730e-01,2.451940960396266911e-01,-1.024337314128928589e-01,2.448926867948518216e-01,2.435805700514202532e-01,1.343809184266685774e-01,-4.475622704849809008e-02,8.737159547462709785e-02,2.220368025449340477e-01,2.805800060433843446e-01,-2.652382359005183710e-01,3.172327576150820727e-01,3.839808240109715554e-01,9.621421910838835745e-02,2.032133335933445153e-02,7.613670213168238776e-02,1.627824145268786382e-01,1.235059788513266366e-01,2.728562371584588031e-01,1.146777091275718308e-01,-3.016742238378456592e-02,3.307783773345981393e-01,-9.539958959180006026e-02
-3.308435767411094242e-01,-4.389817201225003629e-01,-9.104543749887227255e-01,4.527598569259790873e-01,-6.329282469816388534e-01,-5.571739005590571614e-02,8.122986879417275208e-02,1.000000000000000000e+00,-3.395275602936920767e-01,-3.065706206121114330e-01,-8.448328348946015920e-02,-4.927043274018768071e-01,5.065093263998966533e-01,-4.159634156539235850e-01,-4.303694300521379579e-01,-2.596205859251739523e-01,-1.722269762057178910e-01,-5.961060365672232741e-01,-7.330198254125700474e-01,-1.679303809356149091e-01,-6.517566576633634368e-01,-8.231072558380761461e-02,-1.719996413634670707e-01,-5.556893097768906831e-01,-1.825966477751277406e-01,-6.161342323992290426e-01,-6.231570283782352782e-01,-5.362921971872964821e-01,-3.470827521409809990e-01,-1.372755946734326993e-01,-7.083661466515371874e-01,-4.771696479467411600e-01,-8.066261106238042933e-01,-5.459298923011544069e-01,-4.689986366692924791e-01,-7.994712063286409098e-02,-5.434693538246232469e-01,-2.724645580236693121e-01,-5.309530716224424296e-01
5.553966358254877056e-01,3.921483980260461744e-01,3.713245615572053349e-01,-2.539458653884748007e-01,6.635278753988796963e-01,5.862684859338125332e-01,2.012502348678283648e-01,-3.395275602936920767e-01,1.000000000000000000e+00,5.621651134511936876e-01,-3.069692754557291903e-02,-2.032846957566499524e-01,-1.371837663748484426e-01,6.768345931677346439e-01,4.201261399730122359e-01,6.123736473126620838e-01,6.308472539772055354e-01,5.576185888841748151e-01,1.258128417702280843e-01,3.409489512030783320e-01,5.929798073857932561e-01,2.890913123412850450e-01,6.434054140210979655e-01,6.456653361883101239e-01,6.681126848359651982e-01,6.387323128079718249e-01,-3.244817161039872250e-02,6.073035998021064641e-01,6.100932626187051122e-01,4.709120400871493195e-01,1.926823563127131322e-01,6.296069709511092904e-01,4.383996359351227667e-01,8.001129207948186606e-01,4.274809368027744361e-01,3.894608409729515275e-01,5.990018411610347204e-01,6.499372744201283858e-01,3.754413577225704235e-02
7.958590577692192802e-01,5.476290980283293752e-01,3.428572951529201274e-01,-4.082297539039515533e-01,5.241265295159892590e-01,2.369560400815193257e-01,2.649096017458063557e-01,-3.065706206121114330e-01,5.621651134511936876e-01,1.000000000000000000e+00,-8.030905048241065991e-02,-1.850719094824612720e-02,-1.118838940627625983e-01,7.495314601833867885e-01,6.540293612272398693e-01,8.152320841971120169e-01,5.797256173669820267e-01,6.102127025205236199e-01,1.351201692517136621e-01,4.362480950099374422e-01,5.478271245117166677e-01,3.577561123889133610e-01,5.554089813598458436e-01,5.886716344249679489e-01,7.387753854871231818e-01,7.095680003360240740e-01,-1.361159663054811453e-01,6.336625653708432004e-01,7.711827256873703407e-01,6.981138464456259074e-01,2.082318548034499117e-01,4.989647582635064471e-01,3.719372127491076263e-01,5.143564803521243345e-01,6.129669378471398478e-01,2.914417940553752362e-01,4.344791578737047799e-01,6.136959189412637405e-01,6.644022002863869680e-02
-6.193328157364621014e-03,3.176953899123712843e-01,5.919585592294801524e-02,-1.957902215055719597e-01,-7.903542679679756433e-02,-1.620131934216433589e-01,4.718745917950770141e-02,-8.448328348946015920e-02,-3.069692754557291903e-02,-8.030905048241065991e-02,1.000000000000000000e+00,1.662782623592704706e-02,-2.428189768198892318e-01,-7.062661746015935771e-02,-1.426002363911199333e-01,7.492464434153792673e-03,1.027235690785624628e-01,-1.279718022125485855e-01,1.120956287239505689e-01,-4.018834036087137185e-01,-1.300763076512898575e-01,-2.555760477182457135e-01,-1.758304848037831603e-01,7.343524179256120943e-02,-3.278631195068549276e-01,-9.375266400220870489e-03,3.300088649383716155e-01,-1.518995167509955557e-01,-1.355496224296635632e-01,-2.604076838311075726e-01,3.138491062841345935e-01,-8.734539407526663302e-02,1.020109510557771632e-01,2.791439122185436841e-02,7.062500796965229255e-02,8.740594341052491945e-02,-1.228240976039591537e-01,-2.926802132050711994e-03,4.269291104717463092e-01
-9.446590825228610988e-02,1.471888682159812889e-01,4.757208422975504059e-01,-1.194995233312186045e-01,1.680399777111868109e-01,-3.239325089405729607e-01,-4.257552343931619854e-01,-4.927043274018768071e-01,-2.032846957566499524e-01,-1.850719094824612720e-02,1.662782623592704706e-02,1.000000000000000000e+00,-2.192154478885565694e-01,-3.932620739964870493e-02,4.105575062635341554e-02,-6.664170067199765013e-02,-3.798266471075900652e-01,8.753936457357172629e-02,5.223238915434479379e-01,-7.196406461197199511e-02,1.592082711869066136e-01,-1.052371251409590404e-02,-4.483242182980385487e-02,1.067003510712939418e-01,-1.882290405503319053e-01,6.016394764708183490e-02,5.845067799931563668e-01,-7.497093726629806831e-02,-1.374381326159188621e-01,3.822276182215108425e-02,4.513783928224153752e-01,7.565300639929124771e-02,2.766814474417200187e-01,2.930465030661859663e-02,5.270377400307527105e-02,-2.155768268073091354e-01,1.197064917390864291e-01,-2.529314295746402652e-01,5.652956670124578142e-01
-2.096800612841375200e-01,-4.841842134193529157e-01,-4.899529471205224529e-01,3.716007476346134264e-01,-2.262507194402574584e-01,1.094279518563469056e-01,7.672410409154399591e-02,5.065093263998966533e-01,-1.371837663748484426e-01,-1.118838940627625983e-01,-2.428189768198892318e-01,-2.192154478885565694e-01,1.000000000000000000e+00,-1.026383604041922609e-01,-1.615544396545718075e-01,-1.152602621859779297e-01,-9.875686678589927145e-03,-1.882007464832896326e-01,-4.445871785928612874e-01,8.707730417811151979e-02,-2.185295716923373599e-01,1.641288214236373832e-01,6.578231051584383648e-02,-2.515729906224993262e-01,3.654831529904435661e-02,-3.217158655189780170e-01,-5.102463669781930333e-01,-1.877534405150224350e-01,-1.355770106200380465e-01,1.144493201145405925e-01,-6.866655909235022115e-01,-1.701742173938306235e-01,-4.637125960927522828e-01,-2.729802418830522548e-01,-3.137334097530988242e-01,-5.295985436999712387e-02,-2.317170768583249607e-01,-9.883866182629470754e-02,-5.134437834946606882e-01
6.873247158115783906e-01,4.784772993058325485e-01,4.560569610524585205e-01,-3.467255710702140115e-01,6.804256113638831316e-01,4.747353253944517903e-01,2.226040788261893777e-01,-4.159634156539235850e-01,6.768345931677346439e-01,7.495314601833867885e-01,-7.062661746015935771e-02,-3.932620739964870493e-02,-1.026383604041922609e-01,1.000000000000000000e+00,5.749233650457628020e-01,6.496943094837468458e-01,6.934580036561965866e-01,7.399200507321649356e-01,2.222999515499736178e-01,4.876103388326635257e-01,6.818189715721640898e-01,3.567554231881713833e-01,6.073905183239495242e-01,7.373748257857818400e-01,7.401915441673000418e-01,7.637493367093706187e-01,-5.289094135623761267e-02,6.955479822216377173e-01,7.915477311536300853e-01,6.363695453367226307e-01,2.839877349026825870e-01,7.121123484370230905e-01,5.186810894146816064e-01,6.559841724749985170e-01,6.320250940229832359e-01,3.056192436798575995e-01,6.411033398800742855e-01,6.996899905178793899e-01,1.180271055407865893e-01
6.095342869593203261e-01,2.765726422797109008e-01,4.713872287227355296e-01,-6.425485180096901505e-01,4.173838091569011532e-01,8.289889697492783260e-02,2.218444851208389856e-01,-4.303694300521379579e-01,4.201261399730122359e-01,6.540293612272398693e-01,-1.426002363911199333e-01,4.105575062635341554e-02,-1.615544396545718075e-01,5.749233650457628020e-01,1.000000000000000000e+00,5.346789837622631936e-01,5.653231326265159007e-01,6.647965504524045999e-01,9.761644596069189717e-02,4.762425238832514451e-01,6.488648165612656005e-01,2.041117370127592534e-01,2.256648835773167605e-01,4.489217850726577308e-01,5.327462909353403164e-01,6.971496522548574770e-01,-1.432155169987140153e-01,7.912375174643614395e-01,7.065197510927754276e-01,3.625488056178843843e-01,2.067124667929015891e-01,3.247047194230825995e-01,5.724174995583244385e-01,4.295648227284254439e-01,5.844347535253937576e-01,5.590907842484161422e-02,2.928942068258198472e-01,6.626811883609201592e-01,-3.185700665436111412e-02
6.955699939225643558e-01,5.045729607439183306e-01,2.857657816529621253e-01,-3.278689504265117072e-01,4.810969389044469913e-01,3.291650716248363251e-01,1.423736974524035526e-01,-2.596205859251739523e-01,6.123736473126620838e-01,8.152320841971120169e-01,7.492464434153792673e-03,-6.664170067199765013e-02,-1.152602621859779297e-01,6.496943094837468458e-01,5.346789837622631936e-01,1.000000000000000000e+00,5.335401883676178514e-01,4.638933271134641489e-01,1.163593198595679057e-01,3.149205913975074989e-01,4.017118220344454427e-01,2.322433777651506381e-01,6.397220422638776327e-01,6.167716377306622366e-01,6.995555835459832394e-01,5.867634215808352760e-01,-7.957802039294294139e-02,5.070992527004855033e-01,6.204596312523141810e-01,6.785289722976355353e-01,1.522154446809296235e-01,4.722934720126012453e-01,2.592008633668709261e-01,5.393870119957229203e-01,4.911692293588776903e-01,3.850541134655701137e-01,4.446719163538535580e-01,5.346458706091613555e-01,4.451559332410871123e-02
5.486534283927305689e-01,3.117392115984086165e-01,2.197150041649482966e-01,-3.667278996925505408e-01,4.563296567352385091e-01,5.528842132622354688e-01,3.409989612240296730e-01,-1.722269762057178910e-01,6.308472539772055354e-01,5.797256173669820267e-01,1.027235690785624628e-01,-3.798266471075900652e-01,-9.875686678589927145e-03,6.934580036561965866e-01,5.653231326265159007e-01,5.335401883676178514e-01,1.000000000000000000e+00,6.169160034816795202e-01,-1.146926755051096564e-01,4.610958680971686263e-01,5.437921506804181959e-01,2.018917636048937203e-01,4.391649492220937034e-01,5.840152040289079416e-01,6.013997480426014342e-01,6.626226684858192995e-01,-3.004622613745904780e-01,6.909506200003721066e-01,7.350515390121251658e-01,3.631435475313722350e-01,4.368895244543520573e-02,5.699852969678312897e-01,4.006685239979404511e-01,5.353403557495282072e-01,5.610833390208961324e-01,3.414590694959661055e-01,4.446669802298557905e-01,8.253433969800990644e-01,-1.048926430786628755e-01
5.557341497511032458e-01,3.674953910016607317e-01,6.416521355206986632e-01,-4.441554382305675230e-01,6.440873432647020724e-01,3.873312319808498438e-01,2.451940960396266911e-01,-5.961060365672232741e-01,5.576185888841748151e-01,6.102127025205236199e-01,-1.279718022125485855e-01,8.753936457357172629e-02,-1.882007464832896326e-01,7.399200507321649356e-01,6.647965504524045999e-01,4.638933271134641489e-01,6.169160034816795202e-01,1.000000000000000000e+00,3.621919282710775456e-01,5.398472011710038210e-01,8.353603899952759537e-01,3.871751378063023052e-01,4.158348000832367553e-01,6.362423440166949939e-01,5.601689144203993997e-01,8.342195526477750311e-01,6.843678413259041138e-02,8.109611219244764468e-01,7.636353903483453776e-01,4.066958317020720748e-01,3.650249401034752483e-01,7.027078807098516844e-01,7.026602231304973634e-01,5.769593376503042714e-01,7.024607242749111302e-01,1.659111878410493568e-01,6.548908836997098248e-01,7.183834350609810127e-01,2.325140794392752397e-01
2.088824190967555061e-01,4.171493329017518792e-01,7.219315699555539645e-01,-1.822551343534224988e-01,5.221849862659974084e-01,-4.777879614189159407e-02,-1.024337314128928589e-01,-7.330198254125700474e-01,1.258128417702280843e-01,1.351201692517136621e-01,1.120956287239505689e-01,5.223238915434479379e-01,-4.445871785928612874e-01,2.222999515499736178e-01,9.761644596069189717e-02,1.163593198595679057e-01,-1.146926755051096564e-01,3.621919282710775456e-01,1.000000000000000000e+00,-3.618860789027018854e-02,4.072658218191906321e-01,3.452928064794175828e-02,8.262225296822349463e-02,3.358953183580229984e-01,3.594876329649692587e-02,3.622794684374644469e-01,7.220316436604606869e-01,2.076314333735006790e-01,1.237876624001759129e-01,1.107191904179361530e-01,6.970631282471358992e-01,3.138931469097610005e-01,6.065049010756602410e-01,3.017822298352520471e-01,2.528453020515227800e-01,-1.057761233009141266e-01,4.153808594369765017e-01,-9.261054386313141706e-02,5.380857032890494773e-01
3.775420214609893632e-01,9.181098762358123888e-02,2.192903370464177604e-01,-1.187803984953194336e-01,4.232980591740387322e-01,3.769673991378553191e-01,2.448926867948518216e-01,-1.679303809356149091e-01,3.409489512030783320e-01,4.362480950099374422e-01,-4.018834036087137185e-01,-7.196406461197199511e-02,8.707730417811151979e-02,4.876103388326635257e-01,4.762425238832514451e-01,3.149205913975074989e-01,4.610958680971686263e-01,5.398472011710038210e-01,-3.618860789027018854e-02,1.000000000000000000e+00,5.465035353677635266e-01,3.224432955546654989e-01,3.247739793059487567e-01,3.579019674630253278e-01,5.304771610545826466e-01,4.785593702699325602e-01,-3.140941124639478055e-01,5.396416016565626084e-01,5.552264541598127545e-01,3.705000916631780439e-01,-5.690389340407183555e-02,4.290513636091580763e-01,3.050775046984416927e-01,3.589377165881151299e-01,3.148840739613524287e-01,1.713089074924732391e-01,3.431632166272263751e-01,5.252101888725667633e-01,-1.689522922669944305e-01
5.500459110253561601e-01,3.965558060152099551e-01,6.917438151982067129e-01,-4.032992956792812445e-01,7.040464344309841360e-01,3.267340405163292605e-01,2.435805700514202532e-01,-6.517566576633634368e-01,5.929798073857932561e-01,5.478271245117166677e-01,-1.300763076512898575e-01,1.592082711869066136e-01,-2.185295716923373599e-01,6.818189715721640898e-01,6.488648165612656005e-01,4.017118220344454427e-01,5.437921506804181959e-01,8.353603899952759537e-01,4.072658218191906321e-01,5.465035353677635266e-01,1.000000000000000000e+00,3.878203411686521052e-01,3.932380937987235980e-01,6.407115774967071520e-01,5.321663370235433232e-01,8.062052626525363364e-01,1.494580440381672315e-01,7.852036653543585931e-01,7.097238795475766526e-01,3.476693768268465656e-01,4.376611022891898073e-01,6.429088655837565947e-01,7.673373060589704364e-01,6.561128809172573906e-01,6.338375531620705772e-01,1.661113664611338081e-01,6.104951743320613522e-01,6.538223500167998914e-01,2.484989173187599210e-01
3.205210852066906480e-01,1.034149034509336124e-01,1.101701552828760061e-01,7.190804300979901365e-02,2.461578768789238203e-01,2.138065736421822516e-01,1.343809184266685774e-01,-8.231072558380761461e-02,2.890913123412850450e-01,3.577561123889133610e-01,-2.555760477182457135e-01,-1.052371251409590404e-02,1.641288214236373832e-01,3.567554231881713833e-01,2.041117370127592534e-01,2.322433777651506381e-01,2.018917636048937203e-01,3.871751378063023052e-01,3.452928064794175828e-02,3.224432955546654989e-01,3.878203411686521052e-01,1.000000000000000000e+00,3.835780414876176492e-01,2.225619385012075069e-01,3.842443796987081162e-01,3.027162072800376191e-01,-1.035284515797480070e-01,2.598683217960777725e-01,3.564346018264183957e-01,3.421177357874147229e-01,-2.700647786588903157e-02,3.303048420167136734e-01,9.532662868633699771e-02,2.611128692970288712e-01,2.471367557182826691e-01,6.449459381161652682e-02,2.321937066069553190e-01,2.870370767472703033e-01,-1.696823122057214070e-02
4.447255840392837500e-01,3.244171098912341233e-01,1.983817469456443106e-01,-2.601854225180881552e-02,5.302764940258154480e-01,5.819816348496213987e-01,-4.475622704849809008e-02,-1.719996413634670707e-01,6.434054140210979655e-01,5.554089813598458436e-01,-1.758304848037831603e-01,-4.483242182980385487e-02,6.578231051584383648e-02,6.073905183239495242e-01,2.256648835773167605e-01,6.397220422638776327e-01,4.391649492220937034e-01,4.158348000832367553e-01,8.262225296822349463e-02,3.247739793059487567e-01,3.932380937987235980e-01,3.835780414876176492e-01,1.000000000000000000e+00,6.259851740965503009e-01,7.432331882013530899e-01,4.499337134485343337e-01,-7.320832987181778717e-02,3.456384453319421568e-01,4.736234805874893761e-01,6.429441286703068137e-01,1.378640182661185036e-02,6.116178857011116410e-01,1.128061279807234807e-01,5.634940032474604621e-01,3.144172051229057185e-01,4.976658273363626095e-01,5.973188614981844724e-01,4.647174626414422582e-01,4.184228382164888876e-02
5.280214800371204609e-01,5.105324016153600653e-01,5.796946730629017885e-01,-3.205789670871899144e-01,6.648678893028679981e-01,4.839142822082090345e-01,8.737159547462709785e-02,-5.556893097768906831e-01,6.456653361883101239e-01,5.886716344249679489e-01,7.343524179256120943e-02,1.067003510712939418e-01,-2.515729906224993262e-01,7.373748257857818400e-01,4.489217850726577308e-01,6.167716377306622366e-01,5.840152040289079416e-01,6.362423440166949939e-01,3.358953183580229984e-01,3.579019674630253278e-01,6.407115774967071520e-01,2.225619385012075069e-01,6.259851740965503009e-01,1.000000000000000000e+00,5.888676889079530463e-01,6.869196407915920677e-01,2.009904732417547302e-01,5.786444526582087411e-01,5.913722598254292917e-01,4.761160039771760166e-01,4.031653580588721586e-01,6.978855811600588321e-01,5.534276482522492158e-01,6.906964011448024632e-01,5.519250065548282347e-01,4.418877276485667638e-01,6.566008325991349315e-01,6.012009672331513066e-01,3.225384450432690620e-01
6.756087823504062229e-01,3.549050297540708998e-01,2.268959842868032151e-01,-2.146260232261507084e-01,5.782324180328911600e-01,4.875499631882230234e-01,2.220368025449340477e-01,-1.825966477751277406e-01,6.681126848359651982e-01,7.387753854871231818e-01,-3.278631195068549276e-01,-1.882290405503319053e-01,3.654831529904435661e-02,7.401915441673000418e-01,5.327462909353403164e-01,6.995555835459832394e-01,6.013997480426014342e-01,5.601689144203993997e-01,3.594876329649692587e-02,5.304771610545826466e-01,5.321663370235433232e-01,3.842443796987081162e-01,7.432331882013530899e-01,5.888676889079530463e-01,1.000000000000000000e+00,6.085400618231905367e-01,-2.869478581512760473e-01,6.044962646897059644e-01,7.218883514372937960e-01,7.120922220243111056e-01,8.141246542677688797e-03,5.565978804382415435e-01,2.653157054857248065e-01,5.509105043780007094e-01,4.704943307705674038e-01,3.731830464508605338e-01,5.211418574095654233e-01,6.006604646507373024e-01,-1.805910109576955302e-01
7.089723268523866473e-01,5.876665312357693960e-01,6.548021547868819736e-01,-5.502524419052441385e-01,6.927787417506363621e-01,3.220860892692969379e-01,2.805800060433843446e-01,-6.161342323992290426e-01,6.387323128079718249e-01,7.095680003360240740e-01,-9.375266400220870489e-03,6.016394764708183490e-02,-3.217158655189780170e-01,7.637493367093706187e-01,6.971496522548574770e-01,5.867634215808352760e-01,6.626226684858192995e-01,8.342195526477750311e-01,3.622794684374644469e-01,4.785593702699325602e-01,8.062052626525363364e-01,3.027162072800376191e-01,4.499337134485343337e-01,6.869196407915920677e-01,6.085400618231905367e-01,1.000000000000000000e+00,1.405181883058760073e-01,8.307304806199536928e-01,8.249167620285201563e-01,4.571738796321586085e-01,4.794565720220286820e-01,6.890603982789097470e-01,7.373383600791099113e-01,6.718704475444946533e-01,7.457067425718399978e-01,2.221589144031757279e-01,6.496052219540993100e-01,7.390854779685097631e-01,2.739113276013276921e-01
-5.463181024148843629e-02,3.551132380595649618e-01,5.873090956497920567e-01,-1.450141410949677412e-01,2.558013772992324131e-01,-1.888614042751939059e-01,-2.652382359005183710e-01,-6.231570283782352782e-01,-3.244817161039872250e-02,-1.361159663054811453e-01,3.300088649383716155e-01,5.845067799931563668e-01,-5.102463669781930333e-01,-5.289094135623761267e-02,-1.432155169987140153e-01,-7.957802039294294139e-02,-3.004622613745904780e-01,6.843678413259041138e-02,7.220316436604606869e-01,-3.140941124639478055e-01,1.494580440381672315e-01,-1.035284515797480070e-01,-7.320832987181778717e-02,2.009904732417547302e-01,-2.869478581512760473e-01,1.405181883058760073e-01,1.000000000000000000e+00,-5.852646490668725332e-02,-1.707694712925505731e-01,-1.413394981935269523e-01,6.987943337033225566e-01,1.529844491876386769e-01,4.424025657513928622e-01,1.993379468707200952e-01,1.121598935283499576e-01,-6.507320145223738361e-02,2.482635686347452741e-01,-2.508531036827105765e-01,6.986096453594040634e-01
6.151068419026459733e-01,3.343402654456295031e-01,5.811085286897065272e-01,-5.761051278458942937e-01,6.021968974959204246e-01,3.305021842688755096e-01,3.172327576150820727e-01,-5.362921971872964821e-01,6.073035998021064641e-01,6.336625653708432004e-01,-1.518995167509955557e-01,-7.497093726629806831e-02,-1.877534405150224350e-01,6.955479822216377173e-01,7.912375174643614395e-01,5.070992527004855033e-01,6.909506200003721066e-01,8.109611219244764468e-01,2.076314333735006790e-01,5.396416016565626084e-01,7.852036653543585931e-01,2.598683217960777725e-01,3.456384453319421568e-01,5.786444526582087411e-01,6.044962646897059644e-01,8.307304806199536928e-01,-5.852646490668725332e-02,1.000000000000000000e+00,7.880704873023669510e-01,3.510139975771583432e-01,2.760803875715682754e-01,5.525360561418490857e-01,7.102777013128170891e-01,5.987091559177351030e-01,6.680998468174881300e-01,1.555029648869944159e-01,5.225127720161376610e-01,7.585426144928094638e-01,2.229563197456124052e-02
7.536922287873278892e-01,4.798542260080299049e-01,3.982901651720939240e-01,-4.559250114509609264e-01,6.010905923137285223e-01,3.779574457323576775e-01,3.839808240109715554e-01,-3.470827521409809990e-01,6.100932626187051122e-01,7.711827256873703407e-01,-1.355496224296635632e-01,-1.374381326159188621e-01,-1.355770106200380465e-01,7.915477311536300853e-01,7.065197510927754276e-01,6.204596312523141810e-01,7.350515390121251658e-01,7.636353903483453776e-01,1.237876624001759129e-01,5.552264541598127545e-01,7.097238795475766526e-01,3.564346018264183957e-01,4.736234805874893761e-01,5.913722598254292917e-01,7.218883514372937960e-01,8.249167620285201563e-01,-1.707694712925505731e-01,7.880704873023669510e-01,1.000000000000000000e+00,5.688423073767308047e-01,2.641199134309301644e-01,6.413471659753257059e-01,5.351157087806922563e-01,5.581355145397165485e-01,7.025666982290449392e-01,2.109614076079313338e-01,5.417131877340247703e-01,7.657720821804787636e-01,1.702161935839267143e-02
6.060062839288986591e-01,3.715826613796210376e-01,1.669727285452330401e-01,-1.078956655468602255e-01,4.862935627371851588e-01,3.558568085811587567e-01,9.621421910838835745e-02,-1.372755946734326993e-01,4.709120400871493195e-01,6.981138464456259074e-01,-2.604076838311075726e-01,3.822276182215108425e-02,1.144493201145405925e-01,6.363695453367226307e-01,3.625488056178843843e-01,6.785289722976355353e-01,3.631435475313722350e-01,4.066958317020720748e-01,1.107191904179361530e-01,3.705000916631780439e-01,3.476693768268465656e-01,3.421177357874147229e-01,6.429441286703068137e-01,4.761160039771760166e-01,7.120922220243111056e-01,4.571738796321586085e-01,-1.413394981935269523e-01,3.510139975771583432e-01,5.688423073767308047e-01,1.000000000000000000e+00,6.664234644779765127e-02,5.214951415449010641e-01,1.055901052249217792e-01,4.326976341905890977e-01,3.949316451934687389e-01,2.988516497891499646e-01,4.837009271986101311e-01,3.749961113458436524e-01,-3.145173680453292736e-02
2.870031452823342266e-01,5.800297392791655682e-01,6.981707572366677717e-01,-3.866146590138420103e-01,4.595683857057182853e-01,-9.114916561145722240e-02,2.032133335933445153e-02,-7.083661466515371874e-01,1.926823563127131322e-01,2.082318548034499117e-01,3.138491062841345935e-01,4.513783928224153752e-01,-6.866655909235022115e-01,2.839877349026825870e-01,2.067124667929015891e-01,1.522154446809296235e-01,4.368895244543520573e-02,3.650249401034752483e-01,6.970631282471358992e-01,-5.690389340407183555e-02,4.376611022891898073e-01,-2.700647786588903157e-02,1.378640182661185036e-02,4.031653580588721586e-01,8.141246542677688797e-03,4.794565720220286820e-01,6.987943337033225566e-01,2.760803875715682754e-01,2.641199134309301644e-01,6.664234644779765127e-02,1.000000000000000000e+00,3.542187709834297982e-01,6.663250818173009904e-01,4.011132058257342869e-01,4.277345074351519560e-01,4.957798048467581750e-03,3.574563603239273024e-01,1.217335580010434348e-01,6.909230723941487406e-01
4.347355164541573114e-01,4.118069327563951276e-01,5.095178911585738213e-01,-1.964907477208019670e-01,6.936083199835502144e-01,6.440602707575812103e-01,7.613670213168238776e-02,-4.771696479467411600e-01,6.296069709511092904e-01,4.989647582635064471e-01,-8.734539407526663302e-02,7.565300639929124771e-02,-1.701742173938306235e-01,7.121123484370230905e-01,3.247047194230825995e-01,4.722934720126012453e-01,5.699852969678312897e-01,7.027078807098516844e-01,3.138931469097610005e-01,4.290513636091580763e-01,6.429088655837565947e-01,3.303048420167136734e-01,6.116178857011116410e-01,6.978855811600588321e-01,5.565978804382415435e-01,6.890603982789097470e-01,1.529844491876386769e-01,5.525360561418490857e-01,6.413471659753257059e-01,5.214951415449010641e-01,3.542187709834297982e-01,1.000000000000000000e+00,4.819200068230302669e-01,6.670564053325008791e-01,5.880469778788122159e-01,3.364144350274278494e-01,8.396258416763489052e-01,6.124191397050060548e-01,3.007187083531527860e-01
4.390017145111784758e-01,4.541230558033854670e-01,8.271392114322323463e-01,-5.430666706587516934e-01,6.412412700656721087e-01,1.205465992623187405e-01,1.627824145268786382e-01,-8.066261106238042933e-01,4.383996359351227667e-01,3.719372127491076263e-01,1.020109510557771632e-01,2.766814474417200187e-01,-4.637125960927522828e-01,5.186810894146816064e-01,5.724174995583244385e-01,2.592008633668709261e-01,4.006685239979404511e-01,7.026602231304973634e-01,6.065049010756602410e-01,3.050775046984416927e-01,7.673373060589704364e-01,9.532662868633699771e-02,1.128061279807234807e-01,5.534276482522492158e-01,2.653157054857248065e-01,7.373383600791099113e-01,4.424025657513928622e-01,7.102777013128170891e-01,5.351157087806922563e-01,1.055901052249217792e-01,6.663250818173009904e-01,4.819200068230302669e-01,1.000000000000000000e+00,5.623431424739617768e-01,5.659609737064409396e-01,1.258100732747126360e-02,4.937499790405972533e-01,4.590698283068515573e-01,4.111997283900620248e-01
5.227283254014313263e-01,4.704903000839784077e-01,5.667124968895552728e-01,-2.835693345638926610e-01,7.814300993979895749e-01,5.079270148813033181e-01,1.235059788513266366e-01,-5.459298923011544069e-01,8.001129207948186606e-01,5.143564803521243345e-01,2.791439122185436841e-02,2.930465030661859663e-02,-2.729802418830522548e-01,6.559841724749985170e-01,4.295648227284254439e-01,5.393870119957229203e-01,5.353403557495282072e-01,5.769593376503042714e-01,3.017822298352520471e-01,3.589377165881151299e-01,6.561128809172573906e-01,2.611128692970288712e-01,5.634940032474604621e-01,6.906964011448024632e-01,5.509105043780007094e-01,6.718704475444946533e-01,1.993379468707200952e-01,5.987091559177351030e-01,5.581355145397165485e-01,4.326976341905890977e-01,4.011132058257342869e-01,6.670564053325008791e-01,5.623431424739617768e-01,1.000000000000000000e+00,4.693217818298546229e-01,3.873195638279251507e-01,6.347037091889763394e-01,5.993712330051383930e-01,2.332236436696782100e-01
5.882465126839832026e-01,5.273584000842155284e-01,4.984368132545240471e-01,-4.832824177684618694e-01,4.583097124290662627e-01,1.749530567134789383e-01,2.728562371584588031e-01,-4.689986366692924791e-01,4.274809368027744361e-01,6.129669378471398478e-01,7.062500796965229255e-02,5.270377400307527105e-02,-3.137334097530988242e-01,6.320250940229832359e-01,5.844347535253937576e-01,4.911692293588776903e-01,5.610833390208961324e-01,7.024607242749111302e-01,2.528453020515227800e-01,3.148840739613524287e-01,6.338375531620705772e-01,2.471367557182826691e-01,3.144172051229057185e-01,5.519250065548282347e-01,4.704943307705674038e-01,7.457067425718399978e-01,1.121598935283499576e-01,6.680998468174881300e-01,7.025666982290449392e-01,3.949316451934687389e-01,4.277345074351519560e-01,5.880469778788122159e-01,5.659609737064409396e-01,4.693217818298546229e-01,1.000000000000000000e+00,1.624887954243142141e-01,5.459586103489315612e-01,6.344899260231210425e-01,3.151796918246559387e-01
2.439848457943268045e-01,2.608810990819693809e-01,8.363674481481025991e-02,2.772550925274361658e-02,2.476986449306849414e-01,3.959043085137190499e-01,1.146777091275718308e-01,-7.994712063286409098e-02,3.894608409729515275e-01,2.914417940553752362e-01,8.740594341052491945e-02,-2.155768268073091354e-01,-5.295985436999712387e-02,3.056192436798575995e-01,5.590907842484161422e-02,3.850541134655701137e-01,3.414590694959661055e-01,1.659111878410493568e-01,-1.057761233009141266e-01,1.713089074924732391e-01,1.661113664611338081e-01,6.449459381161652682e-02,4.976658273363626095e-01,4.418877276485667638e-01,3.731830464508605338e-01,2.221589144031757279e-01,-6.507320145223738361e-02,1.555029648869944159e-01,2.109614076079313338e-01,2.988516497891499646e-01,4.957798048467581750e-03,3.364144350274278494e-01,1.258100732747126360e-02,3.873195638279251507e-01,1.624887954243142141e-01,1.000000000000000000e+00,3.326348111008547992e-01,3.545646343142925261e-01,6.854714484085336346e-02
4.206106046240709051e-01,4.285775315162166921e-01,5.665114869954727128e-01,-1.894223347465222862e-01,6.707105850386276824e-01,5.766401201752691108e-01,-3.016742238378456592e-02,-5.434693538246232469e-01,5.990018411610347204e-01,4.344791578737047799e-01,-1.228240976039591537e-01,1.197064917390864291e-01,-2.317170768583249607e-01,6.411033398800742855e-01,2.928942068258198472e-01,4.446719163538535580e-01,4.446669802298557905e-01,6.548908836997098248e-01,4.153808594369765017e-01,3.431632166272263751e-01,6.104951743320613522e-01,2.321937066069553190e-01,5.973188614981844724e-01,6.566008325991349315e-01,5.211418574095654233e-01,6.496052219540993100e-01,2.482635686347452741e-01,5.225127720161376610e-01,5.417131877340247703e-01,4.837009271986101311e-01,3.574563603239273024e-01,8.396258416763489052e-01,4.937499790405972533e-01,6.347037091889763394e-01,5.459586103489315612e-01,3.326348111008547992e-01,1.000000000000000000e+00,4.945358921154960896e-01,3.019568842982486290e-01
5.350619224987736011e-01,3.143063623667697870e-01,3.207752459030993042e-01,-4.394682396277131420e-01,4.728641750647567532e-01,4.851916607514378255e-01,3.307783773345981393e-01,-2.724645580236693121e-01,6.499372744201283858e-01,6.136959189412637405e-01,-2.926802132050711994e-03,-2.529314295746402652e-01,-9.883866182629470754e-02,6.996899905178793899e-01,6.626811883609201592e-01,5.346458706091613555e-01,8.253433969800990644e-01,7.183834350609810127e-01,-9.261054386313141706e-02,5.252101888725667633e-01,6.538223500167998914e-01,2.870370767472703033e-01,4.647174626414422582e-01,6.012009672331513066e-01,6.006604646507373024e-01,7.390854779685097631e-01,-2.508531036827105765e-01,7.585426144928094638e-01,7.657720821804787636e-01,3.749961113458436524e-01,1.217335580010434348e-01,6.124191397050060548e-01,4.590698283068515573e-01,5.993712330051383930e-01,6.344899260231210425e-01,3.545646343142925261e-01,4.945358921154960896e-01,1.000000000000000000e+00,4.392450382869568515e-02
4.303107553692504805e-02,4.783864873249972227e-01,5.137457813770383019e-01,-2.083861964561219138e-01,2.270699663449438910e-01,-1.400379925521170188e-01,-9.539958959180006026e-02,-5.309530716224424296e-01,3.754413577225704235e-02,6.644022002863869680e-02,4.269291104717463092e-01,5.652956670124578142e-01,-5.134437834946606882e-01,1.180271055407865893e-01,-3.185700665436111412e-02,4.451559332410871123e-02,-1.048926430786628755e-01,2.325140794392752397e-01,5.380857032890494773e-01,-1.689522922669944305e-01,2.484989173187599210e-01,-1.696823122057214070e-02,4.184228382164888876e-02,3.225384450432690620e-01,-1.805910109576955302e-01,2.739113276013276921e-01,6.986096453594040634e-01,2.229563197456124052e-02,1.702161935839267143e-02,-3.145173680453292736e-02,6.909230723941487406e-01,3.007187083531527860e-01,4.111997283900620248e-01,2.332236436696782100e-01,3.151796918246559387e-01,6.854714484085336346e-02,3.019568842982486290e-01,4.392450382869568515e-02,1.000000000000000000e+00
