1.000000000000000000e+00,8.781962275531516315e-01,8.175646434157798348e-01,1.712916256799912329e-02,7.158734960227264299e-01,7.739732005705048934e-01,3.848936646099440084e-01,-8.085831624134320883e-01,8.188720547011074657e-01,7.432891291193597372e-01,7.730930347350858378e-01,2.089960416900561030e-02,7.554832344734804250e-01,3.093373783068678606e-01,-9.420068245536038221e-02,7.893152795830744584e-01,8.981976841688305013e-01,6.729496442053867211e-01,7.228608558678868423e-01,2.733981917337354947e-02,6.017763824204407364e-01,7.271749856689760927e-01,7.066956104425016205e-01,6.956814607148155138e-01,7.481775774642605015e-01,8.745086806417168290e-01,8.392384938368400160e-01,7.475852189838928519e-01,8.992579952891998074e-01,7.507279618050762826e-01,8.516966868828176329e-01,8.743929446436902175e-01,6.623879936132618385e-01,3.752026718683063033e-01,8.496810272948688292e-01,8.796779160463638059e-01,8.763557253532648916e-01,4.315065961007759077e-01,6.520907122077276297e-01
8.781962275531516315e-01,1.000000000000000000e+00,5.908335170142507975e-01,-2.357085579795817065e-01,4.221966730335788287e-01,7.417711547507508385e-01,9.889557158332946962e-02,-6.869330045431102372e-01,5.897211716260589709e-01,4.736855016808608210e-01,7.781261786788584711e-01,-2.225322598050483158e-01,5.028881548984233119e-01,-9.717231701071691805e-03,-1.432512318608238633e-01,5.283262467402910501e-01,8.177617861888365480e-01,3.569654055034856555e-01,4.272840291595856876e-01,-2.001845101353222911e-01,2.870294542099189328e-01,4.622036445495719681e-01,5.552063625470742281e-01,5.856187689949770014e-01,6.461939158685586770e-01,7.553815699213353163e-01,6.730001844213563400e-01,4.906045759426502784e-01,7.477405670979450081e-01,5.027983234744173302e-01,7.149344817636612559e-01,7.253277327325288182e-01,3.605346839148291793e-01,5.180175382478976326e-02,8.419433600937794582e-01,6.867141705857829903e-01,8.442399892417251639e-01,7.901567151649724341e-02,3.434138667110270271e-01
8.175646434157798348e-01,5.908335170142507975e-01,1.000000000000000000e+00,2.280825706707385325e-01,9.172671128310021516e-01,6.832098714514343030e-01,6.032346646378716759e-01,-8.825935665440396427e-01,9.415929540025828048e-01,8.879053267012633199e-01,6.608186679802847685e-01,2.334362478287250187e-01,8.608671382403959571e-01,6.266182336477559289e-01,-2.623489477296306761e-03,8.976944546120091406e-01,8.079434916313610326e-01,8.666205279647802850e-01,8.988822608723483487e-01,2.241806850036444365e-01,8.574153637319085197e-01,9.159639484199098014e-01,7.541828479322759682e-01,7.043774463569254518e-01,7.344168786662410575e-01,8.465205836468860934e-01,8.842389529695434680e-01,8.441598054658474570e-01,8.507199509193003051e-01,8.869190781933565804e-01,8.418470233741098818e-01,8.466757090444548828e-01,8.988435035799988704e-01,6.907930771023704786e-01,6.724953289445898541e-01,9.070844983337232881e-01,7.237645972843650410e-01,6.948879805796699394e-01,8.450893457751390558e-01
1.712916256799912329e-02,-2.357085579795817065e-01,2.280825706707385325e-01,1.000000000000000000e+00,2.758219740820787580e-01,-1.777439015172029013e-01,7.528834220719035075e-01,-3.214829228711580528e-02,2.268553614621809933e-01,3.764182602750527629e-01,-3.159409093452186790e-01,6.029662010203810096e-01,2.127248842766995829e-01,2.798529630699426729e-01,1.206268031985041900e-01,2.449703813584937773e-01,-8.861694686486806805e-02,4.270564214057970265e-01,4.371647553939874697e-01,8.782402872891840184e-01,4.193515026030322224e-01,2.893292393949960517e-01,-8.873544274926599418e-02,-1.600471345651235666e-01,-1.873949852033237606e-01,1.894797027681271173e-01,2.051662347593165292e-01,4.700028150943429406e-01,4.220570229905055981e-02,1.907586613789523933e-01,1.363024860002028105e-01,3.736404164765195351e-02,2.671164293405146051e-01,3.282135661328873244e-01,-6.199407216670734661e-02,2.349342042619968485e-01,1.933592507179376116e-04,7.053467169397660275e-01,3.770479278602796858e-01
7.158734960227264299e-01,4.221966730335788287e-01,9.172671128310021516e-01,2.758219740820787580e-01,1.000000000000000000e+00,5.977539347015240478e-01,6.245534170883420000e-01,-7.790505345261053982e-01,9.164561583675648881e-01,9.124148135490227629e-01,5.674307588452023321e-01,3.322863188418993530e-01,8.927011610250400464e-01,7.468008193444545251e-01,3.665252653353208434e-02,9.311301232278710316e-01,7.342485176152035997e-01,9.265406014229428111e-01,9.231154974984975281e-01,2.412675242184115498e-01,8.512889571695699820e-01,8.912289503009358516e-01,7.585020056355828988e-01,6.832921320330598292e-01,7.109881867265760436e-01,7.638513691683080920e-01,8.267337735527090503e-01,8.444624046602234868e-01,7.926875124591971078e-01,9.133891099171179695e-01,7.817519731005611039e-01,8.041212157572449337e-01,9.211274594287919282e-01,7.932090325028771094e-01,5.249879106357049352e-01,8.569066813534231830e-01,5.892386824660430511e-01,7.750814981559464023e-01,9.143987074305368612e-01
7.739732005705048934e-01,7.417711547507508385e-01,6.832098714514343030e-01,-1.777439015172029013e-01,5.977539347015240478e-01,1.000000000000000000e+00,2.295979605816496627e-01,-7.275031863399473719e-01,6.685793809915554498e-01,6.307157406659853471e-01,8.331999264324126964e-01,-4.076501584864933997e-02,6.701951128600773799e-01,3.005466345691642505e-01,-8.309731033560097124e-02,6.693853948438598378e-01,8.323033604541069108e-01,5.347906717320289882e-01,5.763694575801466824e-01,-1.139051397232982987e-01,4.713833815476331512e-01,5.979742853853414752e-01,7.847925871136065545e-01,8.061482689063482754e-01,8.452687141341175270e-01,7.310219836736346899e-01,7.206366619608951529e-01,5.855038608101528208e-01,7.730687142577465920e-01,6.059224266211626908e-01,7.648193248928419896e-01,8.265672386902466195e-01,5.535536425205560551e-01,2.583092144627510134e-01,7.484725444303498287e-01,6.924056985047505330e-01,7.818030224823502294e-01,2.432008610870401988e-01,5.081562145317475299e-01
3.848936646099440084e-01,9.889557158332946962e-02,6.032346646378716759e-01,7.528834220719035075e-01,6.245534170883420000e-01,2.295979605816496627e-01,1.000000000000000000e+00,-4.047894101987187798e-01,5.760742331628443402e-01,6.793138137084356876e-01,1.438451484208553288e-01,6.325220152020617492e-01,6.547827747270404952e-01,5.337663101631463514e-01,1.405099191430742855e-01,5.846243577769069111e-01,3.330091578211092918e-01,7.024055018960493335e-01,7.436356536583942356e-01,7.236023139296899886e-01,7.136855637466771318e-01,6.484173877712964273e-01,3.487412302090679428e-01,2.367114272537561848e-01,2.787530492513952685e-01,5.711532006999683331e-01,6.299105906599016258e-01,7.747450054590708790e-01,4.290673577760729662e-01,5.148243370767497940e-01,5.550841721458457112e-01,4.746004525831291065e-01,6.160966159949556875e-01,5.489002664501788642e-01,2.873044707320296931e-01,5.844051393321320065e-01,3.439160300045335239e-01,8.239460605872370724e-01,7.070359026380654832e-01
-8.085831624134320883e-01,-6.869330045431102372e-01,-8.825935665440396427e-01,-3.214829228711580528e-02,-7.790505345261053982e-01,-7.275031863399473719e-01,-4.047894101987187798e-01,1.000000000000000000e+00,-8.597101840276515361e-01,-7.810962255618627559e-01,-6.800819433899601973e-01,-6.855134920355407391e-02,-7.167003188983144257e-01,-4.291615442909911815e-01,8.961419468446368830e-02,-7.895691549628193195e-01,-7.891146200684477918e-01,-6.822634787508390364e-01,-7.329209698702422449e-01,-4.252641542783285739e-02,-6.771590334312881376e-01,-7.785108154432444083e-01,-6.975776521486490855e-01,-6.930957834064299661e-01,-7.110523245509950963e-01,-8.117951575551906052e-01,-8.132367112205480808e-01,-6.962038139015608307e-01,-7.911226428548299161e-01,-7.770282170782384368e-01,-8.157972592297508818e-01,-7.783953057458615765e-01,-7.315324148116220115e-01,-4.926699057904037615e-01,-7.236438932352946551e-01,-8.257626248477473174e-01,-7.626084982140031165e-01,-4.982696456742348179e-01,-6.712420201310901335e-01
8.188720547011074657e-01,5.897211716260589709e-01,9.415929540025828048e-01,2.268553614621809933e-01,9.164561583675648881e-01,6.685793809915554498e-01,5.760742331628443402e-01,-8.597101840276515361e-01,1.000000000000000000e+00,9.069316337556827534e-01,6.387941684725439995e-01,2.747148558978597666e-01,8.455663302155650429e-01,6.436782685401835069e-01,3.411348210541298442e-02,9.179905036111632999e-01,8.081965279884999465e-01,8.766109060477035309e-01,8.927528536848569063e-01,1.833130235765099147e-01,8.131384077950557510e-01,8.820194462295053439e-01,7.447311425582355815e-01,7.050005286879041932e-01,7.140577418350715355e-01,8.336290337919982640e-01,8.607394493489272103e-01,8.340259796929677671e-01,8.394054231002864297e-01,9.217858327344549130e-01,8.191791252413630486e-01,8.451675669382059386e-01,8.760985579301936443e-01,6.891740105114806392e-01,6.374967338976962328e-01,9.015414467392216524e-01,7.008242632278455231e-01,7.091062282183823173e-01,8.669209183037517308e-01
7.432891291193597372e-01,4.736855016808608210e-01,8.879053267012633199e-01,3.764182602750527629e-01,9.124148135490227629e-01,6.307157406659853471e-01,6.793138137084356876e-01,-7.810962255618627559e-01,9.069316337556827534e-01,1.000000000000000000e+00,5.510592939737372076e-01,3.789744152478011774e-01,8.651879670423821000e-01,6.764861447124520533e-01,7.581105090856854467e-02,9.406132182650382978e-01,7.414475291829181192e-01,9.221961343470901351e-01,9.303686162457267539e-01,3.300328899651039927e-01,8.037298384739067769e-01,8.453070048602048248e-01,7.045939527749018882e-01,6.447155048912392994e-01,6.723437680242172476e-01,8.093253013072667645e-01,8.368771728890177508e-01,8.885676078619513252e-01,7.826652664638681367e-01,9.072356867944322278e-01,8.199503685747290271e-01,8.176911219851522583e-01,8.525656767403919645e-01,6.838232087793785219e-01,5.482046993479664510e-01,8.712981865128276437e-01,6.336237103708773910e-01,8.124693486048334412e-01,9.071468905915676118e-01
7.730930347350858378e-01,7.781261786788584711e-01,6.608186679802847685e-01,-3.159409093452186790e-01,5.674307588452023321e-01,8.331999264324126964e-01,1.438451484208553288e-01,-6.800819433899601973e-01,6.387941684725439995e-01,5.510592939737372076e-01,1.000000000000000000e+00,-7.727086834563548501e-02,6.513172728874437878e-01,2.917859702890095441e-01,1.946329545588280571e-02,6.132946110710090215e-01,8.630244092846434123e-01,4.871747049386410122e-01,5.298276571733471219e-01,-2.417186394366762636e-01,4.240941253201188643e-01,5.849814009001199633e-01,7.990896925544509477e-01,7.592925594466752859e-01,8.789983359851191169e-01,7.048557373234753953e-01,7.012585231792873852e-01,5.153555046943484319e-01,7.575650627138409421e-01,5.796479794068574165e-01,7.009266614776661353e-01,8.090478337597407643e-01,5.352190351829895221e-01,2.505738744621580083e-01,7.327655187588592023e-01,6.635432928952368359e-01,7.351085039523501674e-01,1.486110666919411849e-01,5.115375188241823023e-01
2.089960416900561030e-02,-2.225322598050483158e-01,2.334362478287250187e-01,6.029662010203810096e-01,3.322863188418993530e-01,-4.076501584864933997e-02,6.325220152020617492e-01,-6.855134920355407391e-02,2.747148558978597666e-01,3.789744152478011774e-01,-7.727086834563548501e-02,1.000000000000000000e+00,3.295014472882218381e-01,5.764239969971725053e-01,6.262789356804601137e-01,2.983553237570773509e-01,-1.004281952320710885e-03,4.247519373364856410e-01,4.003362376567119463e-01,5.668282678748051140e-01,4.160898910379037807e-01,3.636293148455940760e-01,2.556495211753035957e-01,1.041393709591438704e-01,1.244030435536404716e-01,1.610465459429153423e-01,1.745453479790071150e-01,4.199715991104229218e-01,1.286907744075246329e-01,1.999089910433059780e-01,1.130051985303849038e-01,1.448118972516654890e-01,3.455993770375562768e-01,4.074317509535532178e-01,-7.277855701923921505e-02,1.316585532176376694e-01,1.778323632390828649e-02,6.764700493641530032e-01,5.147960547362280259e-01
7.554832344734804250e-01,5.028881548984233119e-01,8.608671382403959571e-01,2.127248842766995829e-01,8.927011610250400464e-01,6.701951128600773799e-01,6.547827747270404952e-01,-7.167003188983144257e-01,8.455663302155650429e-01,8.651879670423821000e-01,6.513172728874437878e-01,3.295014472882218381e-01,1.000000000000000000e+00,6.263365372666416242e-01,4.187968597072186383e-02,9.021057160127512464e-01,8.053223841151672113e-01,8.777141370055627778e-01,8.883402882931940026e-01,2.255787176513404657e-01,7.771615073687320185e-01,8.270754999732710111e-01,7.801653240121344535e-01,6.625511127145459200e-01,7.566044379622121063e-01,8.309326120171822705e-01,8.784248442323131512e-01,8.973396465864119653e-01,8.178795056117410534e-01,8.239672553600210225e-01,8.605765388285310236e-01,8.567386240880846549e-01,8.433311498621212099e-01,6.519227931741787829e-01,5.903756675820214239e-01,8.510259740118376603e-01,6.502624114155394208e-01,6.884650381077496162e-01,8.666178048303153636e-01
3.093373783068678606e-01,-9.717231701071691805e-03,6.266182336477559289e-01,2.798529630699426729e-01,7.468008193444545251e-01,3.005466345691642505e-01,5.337663101631463514e-01,-4.291615442909911815e-01,6.436782685401835069e-01,6.764861447124520533e-01,2.917859702890095441e-01,5.764239969971725053e-01,6.263365372666416242e-01,1.000000000000000000e+00,3.580435476668551997e-01,6.606874509627010950e-01,3.617918433095220210e-01,7.189108899010867582e-01,6.774026673800519482e-01,2.626361269091730399e-01,7.372611114011219380e-01,7.261563067566961793e-01,6.268904074382124492e-01,5.702629832762159401e-01,5.129200854096402917e-01,3.571431058223275556e-01,4.547303641500332061e-01,5.493467277610317723e-01,4.745702528204728265e-01,6.760628953700659194e-01,3.622427440342234073e-01,5.222857054692661150e-01,7.935304086425563064e-01,8.210088616363167002e-01,1.292861082532211769e-01,4.614205197422977522e-01,2.100195160780593540e-01,7.282307254530282492e-01,7.943599711605818792e-01
-9.420068245536038221e-02,-1.432512318608238633e-01,-2.623489477296306761e-03,1.206268031985041900e-01,3.665252653353208434e-02,-8.309731033560097124e-02,1.405099191430742855e-01,8.961419468446368830e-02,3.411348210541298442e-02,7.581105090856854467e-02,1.946329545588280571e-02,6.262789356804601137e-01,4.187968597072186383e-02,3.580435476668551997e-01,1.000000000000000000e+00,2.405515407558137669e-02,-5.056023293827794501e-02,6.781869699733131251e-02,6.059444617391374771e-02,1.697319029719126515e-01,5.866099574809784112e-02,1.018885885229091764e-01,2.096526751460991711e-01,4.300614810561115275e-02,1.070675365272309582e-01,-5.767578319118512459e-02,-8.228091552651524421e-02,4.614192991503675984e-02,-3.485569854837114456e-02,-1.629264278839425567e-02,-1.031752127983297657e-01,-2.890852895643354278e-02,6.694869882397475047e-02,1.636511376537882756e-01,-1.538827441218903191e-01,-1.123371412772516537e-01,-1.048702110210546906e-01,2.183401120449500465e-01,1.970036664294073925e-01
7.893152795830744584e-01,5.283262467402910501e-01,8.976944546120091406e-01,2.449703813584937773e-01,9.311301232278710316e-01,6.693853948438598378e-01,5.846243577769069111e-01,-7.895691549628193195e-01,9.179905036111632999e-01,9.406132182650382978e-01,6.132946110710090215e-01,2.983553237570773509e-01,9.021057160127512464e-01,6.606874509627010950e-01,2.405515407558137669e-02,1.000000000000000000e+00,8.087327533977467509e-01,9.237773541045430914e-01,9.088366392449332976e-01,2.064896368405513549e-01,7.968009830568890672e-01,8.571088294315007960e-01,7.676990786397547284e-01,7.107764246543901709e-01,7.298735931400096577e-01,8.182787167180992638e-01,8.441662065983910335e-01,8.776078727576756000e-01,8.400419403621487424e-01,9.269913715707224222e-01,8.311837268920718724e-01,8.508063770311161678e-01,8.776428042676353014e-01,6.908521800249065592e-01,5.860119459739069336e-01,8.908944877360771564e-01,6.624315123547855899e-01,7.455724329808551820e-01,8.902049738429073100e-01
8.981976841688305013e-01,8.177617861888365480e-01,8.079434916313610326e-01,-8.861694686486806805e-02,7.342485176152035997e-01,8.323033604541069108e-01,3.330091578211092918e-01,-7.891146200684477918e-01,8.081965279884999465e-01,7.414475291829181192e-01,8.630244092846434123e-01,-1.004281952320710885e-03,8.053223841151672113e-01,3.617918433095220210e-01,-5.056023293827794501e-02,8.087327533977467509e-01,1.000000000000000000e+00,6.945832846303450214e-01,7.127909856585138426e-01,-6.845987240453156597e-02,5.746933301510032122e-01,7.039127711399072451e-01,7.737837379436007801e-01,7.403769641234664300e-01,8.107121914140066332e-01,8.694097196381650461e-01,8.518434031459296563e-01,7.439863872295833236e-01,8.763520381263634196e-01,7.671558287998957448e-01,8.516926565272302518e-01,9.018453307004404840e-01,6.729014989899795296e-01,3.957554141071314424e-01,7.870665242029661890e-01,8.553671401035947142e-01,8.200935970316450829e-01,3.870561679872681071e-01,6.649139506762195007e-01
6.729496442053867211e-01,3.569654055034856555e-01,8.666205279647802850e-01,4.270564214057970265e-01,9.265406014229428111e-01,5.347906717320289882e-01,7.024055018960493335e-01,-6.822634787508390364e-01,8.766109060477035309e-01,9.221961343470901351e-01,4.871747049386410122e-01,4.247519373364856410e-01,8.777141370055627778e-01,7.189108899010867582e-01,6.781869699733131251e-02,9.237773541045430914e-01,6.945832846303450214e-01,1.000000000000000000e+00,9.455768211955936087e-01,3.700759496871601217e-01,8.319860608149551862e-01,8.453075911868843662e-01,6.857420693799485267e-01,5.970992316315414383e-01,6.257118547123103891e-01,7.568289004516344232e-01,8.072101926298200780e-01,8.871825904652540506e-01,7.514889119379827287e-01,8.845209866587274705e-01,7.539769625174324030e-01,7.694741043852575402e-01,8.769624331193079936e-01,7.217652513873020759e-01,4.780352236169783664e-01,8.421947068097446198e-01,5.497370605256483023e-01,8.457901656954509573e-01,9.192759617768253566e-01
7.228608558678868423e-01,4.272840291595856876e-01,8.988822608723483487e-01,4.371647553939874697e-01,9.231154974984975281e-01,5.763694575801466824e-01,7.436356536583942356e-01,-7.329209698702422449e-01,8.927528536848569063e-01,9.303686162457267539e-01,5.298276571733471219e-01,4.003362376567119463e-01,8.883402882931940026e-01,6.774026673800519482e-01,6.059444617391374771e-02,9.088366392449332976e-01,7.127909856585138426e-01,9.455768211955936087e-01,1.000000000000000000e+00,3.996740807513340377e-01,8.364095155056563424e-01,8.645805208231570615e-01,6.936303496963303061e-01,5.973695247187167379e-01,6.471505573216743690e-01,7.928452814837275708e-01,8.441661288551862707e-01,8.990763006053594797e-01,7.720875054415347050e-01,8.774829804112369569e-01,7.973883548857942927e-01,7.889491606398484347e-01,8.739430128529193098e-01,7.100541521671117629e-01,5.371559706143371749e-01,8.662173624487563561e-01,6.071111269218687490e-01,8.356281210565377204e-01,9.137641224122077244e-01
2.733981917337354947e-02,-2.001845101353222911e-01,2.241806850036444365e-01,8.782402872891840184e-01,2.412675242184115498e-01,-1.139051397232982987e-01,7.236023139296899886e-01,-4.252641542783285739e-02,1.833130235765099147e-01,3.300328899651039927e-01,-2.417186394366762636e-01,5.668282678748051140e-01,2.255787176513404657e-01,2.626361269091730399e-01,1.697319029719126515e-01,2.064896368405513549e-01,-6.845987240453156597e-02,3.700759496871601217e-01,3.996740807513340377e-01,1.000000000000000000e+00,4.469566680150343640e-01,3.254874323618537346e-01,-3.283288045087988122e-03,-9.915192880935759512e-02,-1.013519905744535432e-01,2.056084296526888289e-01,2.171402873477840390e-01,4.759208372430119849e-01,7.845488638614299404e-02,1.085140967448929711e-01,1.544148878565176353e-01,5.712008800907329709e-02,2.770904055852405068e-01,2.915614594223749911e-01,-1.588226641755094426e-02,2.273442930519129768e-01,4.178125873667942053e-02,6.454111705612629590e-01,3.215500087993739542e-01
6.017763824204407364e-01,2.870294542099189328e-01,8.574153637319085197e-01,4.193515026030322224e-01,8.512889571695699820e-01,4.713833815476331512e-01,7.136855637466771318e-01,-6.771590334312881376e-01,8.131384077950557510e-01,8.037298384739067769e-01,4.240941253201188643e-01,4.160898910379037807e-01,7.771615073687320185e-01,7.372611114011219380e-01,5.866099574809784112e-02,7.968009830568890672e-01,5.746933301510032122e-01,8.319860608149551862e-01,8.364095155056563424e-01,4.469566680150343640e-01,1.000000000000000000e+00,9.345759877425082740e-01,6.410620395573555230e-01,5.908155102066804387e-01,5.720311047357705680e-01,6.616403056205354405e-01,7.268880238307305897e-01,7.918553066851180544e-01,6.984737228903727946e-01,7.616870337634910060e-01,6.582017602138471313e-01,6.828018699427150784e-01,9.188651451202271003e-01,7.826861082728845398e-01,4.693177575920651212e-01,7.686324401485336022e-01,5.143285831150300469e-01,7.878442004674043320e-01,8.125645107653041155e-01
7.271749856689760927e-01,4.622036445495719681e-01,9.159639484199098014e-01,2.893292393949960517e-01,8.912289503009358516e-01,5.979742853853414752e-01,6.484173877712964273e-01,-7.785108154432444083e-01,8.820194462295053439e-01,8.453070048602048248e-01,5.849814009001199633e-01,3.636293148455940760e-01,8.270754999732710111e-01,7.261563067566961793e-01,1.018885885229091764e-01,8.571088294315007960e-01,7.039127711399072451e-01,8.453075911868843662e-01,8.645805208231570615e-01,3.254874323618537346e-01,9.345759877425082740e-01,1.000000000000000000e+00,7.641224345356854020e-01,7.160060146610016663e-01,7.133318776423100971e-01,7.448476240101187251e-01,7.899453490995727023e-01,8.086582511762567815e-01,7.971493151721782411e-01,8.274109887096550153e-01,7.413680550112059509e-01,7.788427831950750502e-01,9.343819185593361665e-01,7.624409707131423186e-01,5.759210966976890944e-01,8.275094815506738311e-01,6.234222168772970418e-01,7.403266177200221732e-01,8.445264089478493608e-01
7.066956104425016205e-01,5.552063625470742281e-01,7.541828479322759682e-01,-8.873544274926599418e-02,7.585020056355828988e-01,7.847925871136065545e-01,3.487412302090679428e-01,-6.975776521486490855e-01,7.447311425582355815e-01,7.045939527749018882e-01,7.990896925544509477e-01,2.556495211753035957e-01,7.801653240121344535e-01,6.268904074382124492e-01,2.096526751460991711e-01,7.676990786397547284e-01,7.737837379436007801e-01,6.857420693799485267e-01,6.936303496963303061e-01,-3.283288045087988122e-03,6.410620395573555230e-01,7.641224345356854020e-01,1.000000000000000000e+00,8.789563220789546882e-01,9.364374379376247948e-01,6.741758136701292425e-01,7.049776494302073537e-01,6.421630248138383568e-01,7.802566174892749951e-01,6.894017633760293196e-01,6.936165779454365188e-01,7.989696994893289439e-01,7.494144675272661482e-01,5.294936037709513377e-01,5.936822971588348041e-01,6.844325425555166653e-01,6.368307172820095730e-01,4.626081351479305881e-01,7.132786317018446898e-01
6.956814607148155138e-01,5.856187689949770014e-01,7.043774463569254518e-01,-1.600471345651235666e-01,6.832921320330598292e-01,8.061482689063482754e-01,2.367114272537561848e-01,-6.930957834064299661e-01,7.050005286879041932e-01,6.447155048912392994e-01,7.592925594466752859e-01,1.041393709591438704e-01,6.625511127145459200e-01,5.702629832762159401e-01,4.300614810561115275e-02,7.107764246543901709e-01,7.403769641234664300e-01,5.970992316315414383e-01,5.973695247187167379e-01,-9.915192880935759512e-02,5.908155102066804387e-01,7.160060146610016663e-01,8.789563220789546882e-01,1.000000000000000000e+00,8.656368790326794960e-01,6.359714754563876582e-01,6.438751716588984042e-01,5.402576353651641350e-01,7.781241359470439933e-01,6.699839878109724589e-01,6.400888031025453451e-01,7.843803444579191542e-01,6.893266575294495491e-01,4.393392704823159689e-01,6.302123919911324368e-01,6.518400405233326644e-01,6.697615103898316713e-01,3.531939217966643119e-01,5.940534862908237734e-01
7.481775774642605015e-01,6.461939158685586770e-01,7.344168786662410575e-01,-1.873949852033237606e-01,7.109881867265760436e-01,8.452687141341175270e-01,2.787530492513952685e-01,-7.110523245509950963e-01,7.140577418350715355e-01,6.723437680242172476e-01,8.789983359851191169e-01,1.244030435536404716e-01,7.566044379622121063e-01,5.129200854096402917e-01,1.070675365272309582e-01,7.298735931400096577e-01,8.107121914140066332e-01,6.257118547123103891e-01,6.471505573216743690e-01,-1.013519905744535432e-01,5.720311047357705680e-01,7.133318776423100971e-01,9.364374379376247948e-01,8.656368790326794960e-01,1.000000000000000000e+00,7.022209570297831549e-01,7.265843675048055950e-01,6.080317068193290542e-01,7.847986620550808645e-01,6.625657480361678564e-01,7.274192808109452013e-01,8.297525762384010406e-01,6.841527251466739123e-01,4.208383024818255214e-01,6.592093347841372353e-01,6.925156456766442536e-01,6.864989001964849624e-01,3.441869382153560641e-01,6.566172726995392894e-01
8.745086806417168290e-01,7.553815699213353163e-01,8.465205836468860934e-01,1.894797027681271173e-01,7.638513691683080920e-01,7.310219836736346899e-01,5.711532006999683331e-01,-8.117951575551906052e-01,8.336290337919982640e-01,8.093253013072667645e-01,7.048557373234753953e-01,1.610465459429153423e-01,8.309326120171822705e-01,3.571431058223275556e-01,-5.767578319118512459e-02,8.182787167180992638e-01,8.694097196381650461e-01,7.568289004516344232e-01,7.928452814837275708e-01,2.056084296526888289e-01,6.616403056205354405e-01,7.448476240101187251e-01,6.741758136701292425e-01,6.359714754563876582e-01,7.022209570297831549e-01,1.000000000000000000e+00,9.464182667405593996e-01,8.750006511824428568e-01,8.663158572565569093e-01,7.425992739104868567e-01,9.210139030796440363e-01,8.743700018608870916e-01,6.822949013503079030e-01,3.720305321129275811e-01,8.126689491133103349e-01,9.125441432667210639e-01,8.544368304169056572e-01,5.557061466562299712e-01,7.148852622046454330e-01
8.392384938368400160e-01,6.730001844213563400e-01,8.842389529695434680e-01,2.051662347593165292e-01,8.267337735527090503e-01,7.206366619608951529e-01,6.299105906599016258e-01,-8.132367112205480808e-01,8.607394493489272103e-01,8.368771728890177508e-01,7.012585231792873852e-01,1.745453479790071150e-01,8.784248442323131512e-01,4.547303641500332061e-01,-8.228091552651524421e-02,8.441662065983910335e-01,8.518434031459296563e-01,8.072101926298200780e-01,8.441661288551862707e-01,2.171402873477840390e-01,7.268880238307305897e-01,7.899453490995727023e-01,7.049776494302073537e-01,6.438751716588984042e-01,7.265843675048055950e-01,9.464182667405593996e-01,1.000000000000000000e+00,8.825496165740358556e-01,8.522388446333321044e-01,7.879697178776401412e-01,9.232478474819795222e-01,8.860440968973425369e-01,7.563215882462376305e-01,4.728513421973538078e-01,7.590703625490495821e-01,9.233646162736072194e-01,7.955332244575961109e-01,5.990094858536298972e-01,7.767983542424008458e-01
7.475852189838928519e-01,4.906045759426502784e-01,8.441598054658474570e-01,4.700028150943429406e-01,8.444624046602234868e-01,5.855038608101528208e-01,7.747450054590708790e-01,-6.962038139015608307e-01,8.340259796929677671e-01,8.885676078619513252e-01,5.153555046943484319e-01,4.199715991104229218e-01,8.973396465864119653e-01,5.493467277610317723e-01,4.614192991503675984e-02,8.776078727576756000e-01,7.439863872295833236e-01,8.871825904652540506e-01,8.990763006053594797e-01,4.759208372430119849e-01,7.918553066851180544e-01,8.086582511762567815e-01,6.421630248138383568e-01,5.402576353651641350e-01,6.080317068193290542e-01,8.750006511824428568e-01,8.825496165740358556e-01,1.000000000000000000e+00,7.863895663759701282e-01,7.821716840781035573e-01,8.528007197051068466e-01,7.969510715048266913e-01,7.889931396408489395e-01,5.795503705438119768e-01,6.032834516039408124e-01,8.780944403819466171e-01,6.772061020762911721e-01,7.963745375929589532e-01,8.409917976431509068e-01
8.992579952891998074e-01,7.477405670979450081e-01,8.507199509193003051e-01,4.220570229905055981e-02,7.926875124591971078e-01,7.730687142577465920e-01,4.290673577760729662e-01,-7.911226428548299161e-01,8.394054231002864297e-01,7.826652664638681367e-01,7.575650627138409421e-01,1.286907744075246329e-01,8.178795056117410534e-01,4.745702528204728265e-01,-3.485569854837114456e-02,8.400419403621487424e-01,8.763520381263634196e-01,7.514889119379827287e-01,7.720875054415347050e-01,7.845488638614299404e-02,6.984737228903727946e-01,7.971493151721782411e-01,7.802566174892749951e-01,7.781241359470439933e-01,7.847986620550808645e-01,8.663158572565569093e-01,8.522388446333321044e-01,7.863895663759701282e-01,1.000000000000000000e+00,7.802751078830957310e-01,8.325677647167754047e-01,9.120215940518734410e-01,7.638125183063145807e-01,4.886337568226781225e-01,8.296102091633802411e-01,8.816049688358579273e-01,8.745851472278375338e-01,5.201291004040642374e-01,7.329735370183554366e-01
7.507279618050762826e-01,5.027983234744173302e-01,8.869190781933565804e-01,1.907586613789523933e-01,9.133891099171179695e-01,6.059224266211626908e-01,5.148243370767497940e-01,-7.770282170782384368e-01,9.217858327344549130e-01,9.072356867944322278e-01,5.796479794068574165e-01,1.999089910433059780e-01,8.239672553600210225e-01,6.760628953700659194e-01,-1.629264278839425567e-02,9.269913715707224222e-01,7.671558287998957448e-01,8.845209866587274705e-01,8.774829804112369569e-01,1.085140967448929711e-01,7.616870337634910060e-01,8.274109887096550153e-01,6.894017633760293196e-01,6.699839878109724589e-01,6.625657480361678564e-01,7.425992739104868567e-01,7.879697178776401412e-01,7.821716840781035573e-01,7.802751078830957310e-01,1.000000000000000000e+00,7.617908382128263378e-01,8.085385534314388778e-01,8.691217827496527937e-01,7.286677877287934813e-01,5.259593950916426897e-01,8.636295925309209753e-01,5.914094988597744518e-01,6.984648739716053933e-01,8.724133700896724575e-01
8.516966868828176329e-01,7.149344817636612559e-01,8.418470233741098818e-01,1.363024860002028105e-01,7.817519731005611039e-01,7.648193248928419896e-01,5.550841721458457112e-01,-8.157972592297508818e-01,8.191791252413630486e-01,8.199503685747290271e-01,7.009266614776661353e-01,1.130051985303849038e-01,8.605765388285310236e-01,3.622427440342234073e-01,-1.031752127983297657e-01,8.311837268920718724e-01,8.516926565272302518e-01,7.539769625174324030e-01,7.973883548857942927e-01,1.544148878565176353e-01,6.582017602138471313e-01,7.413680550112059509e-01,6.936165779454365188e-01,6.400888031025453451e-01,7.274192808109452013e-01,9.210139030796440363e-01,9.232478474819795222e-01,8.528007197051068466e-01,8.325677647167754047e-01,7.617908382128263378e-01,1.000000000000000000e+00,8.550556511919074065e-01,6.940554328814227958e-01,4.087363919329402573e-01,7.445608963427586824e-01,8.896604383393044158e-01,7.907305437017657646e-01,5.340795932984374605e-01,7.114655420534770069e-01
8.743929446436902175e-01,7.253277327325288182e-01,8.466757090444548828e-01,3.736404164765195351e-02,8.041212157572449337e-01,8.265672386902466195e-01,4.746004525831291065e-01,-7.783953057458615765e-01,8.451675669382059386e-01,8.176911219851522583e-01,8.090478337597407643e-01,1.448118972516654890e-01,8.567386240880846549e-01,5.222857054692661150e-01,-2.890852895643354278e-02,8.508063770311161678e-01,9.018453307004404840e-01,7.694741043852575402e-01,7.889491606398484347e-01,5.712008800907329709e-02,6.828018699427150784e-01,7.788427831950750502e-01,7.989696994893289439e-01,7.843803444579191542e-01,8.297525762384010406e-01,8.743700018608870916e-01,8.860440968973425369e-01,7.969510715048266913e-01,9.120215940518734410e-01,8.085385534314388778e-01,8.550556511919074065e-01,1.000000000000000000e+00,7.580590450494014698e-01,5.033624667819848186e-01,7.739997521662711488e-01,8.734419057495856897e-01,8.240818905842047792e-01,5.152961702673802824e-01,7.704428928604463156e-01
6.623879936132618385e-01,3.605346839148291793e-01,8.988435035799988704e-01,2.671164293405146051e-01,9.211274594287919282e-01,5.535536425205560551e-01,6.160966159949556875e-01,-7.315324148116220115e-01,8.760985579301936443e-01,8.525656767403919645e-01,5.352190351829895221e-01,3.455993770375562768e-01,8.433311498621212099e-01,7.935304086425563064e-01,6.694869882397475047e-02,8.776428042676353014e-01,6.729014989899795296e-01,8.769624331193079936e-01,8.739430128529193098e-01,2.770904055852405068e-01,9.188651451202271003e-01,9.343819185593361665e-01,7.494144675272661482e-01,6.893266575294495491e-01,6.841527251466739123e-01,6.822949013503079030e-01,7.563215882462376305e-01,7.889931396408489395e-01,7.638125183063145807e-01,8.691217827496527937e-01,6.940554328814227958e-01,7.580590450494014698e-01,1.000000000000000000e+00,8.375042890304368326e-01,4.825332935174919124e-01,8.042819235598942518e-01,5.353187720124581439e-01,7.504250916082909617e-01,8.733779360490547816e-01
3.752026718683063033e-01,5.180175382478976326e-02,6.907930771023704786e-01,3.282135661328873244e-01,7.932090325028771094e-01,2.583092144627510134e-01,5.489002664501788642e-01,-4.926699057904037615e-01,6.891740105114806392e-01,6.838232087793785219e-01,2.505738744621580083e-01,4.074317509535532178e-01,6.519227931741787829e-01,8.210088616363167002e-01,1.636511376537882756e-01,6.908521800249065592e-01,3.957554141071314424e-01,7.217652513873020759e-01,7.100541521671117629e-01,2.915614594223749911e-01,7.826861082728845398e-01,7.624409707131423186e-01,5.294936037709513377e-01,4.393392704823159689e-01,4.208383024818255214e-01,3.720305321129275811e-01,4.728513421973538078e-01,5.795503705438119768e-01,4.886337568226781225e-01,7.286677877287934813e-01,4.087363919329402573e-01,5.033624667819848186e-01,8.375042890304368326e-01,1.000000000000000000e+00,1.479416947285361050e-01,5.296954680783945157e-01,2.163043645798438941e-01,7.201623520920718002e-01,7.670756358967728561e-01
8.496810272948688292e-01,8.419433600937794582e-01,6.724953289445898541e-01,-6.199407216670734661e-02,5.249879106357049352e-01,7.484725444303498287e-01,2.873044707320296931e-01,-7.236438932352946551e-01,6.374967338976962328e-01,5.482046993479664510e-01,7.327655187588592023e-01,-7.277855701923921505e-02,5.903756675820214239e-01,1.292861082532211769e-01,-1.538827441218903191e-01,5.860119459739069336e-01,7.870665242029661890e-01,4.780352236169783664e-01,5.371559706143371749e-01,-1.588226641755094426e-02,4.693177575920651212e-01,5.759210966976890944e-01,5.936822971588348041e-01,6.302123919911324368e-01,6.592093347841372353e-01,8.126689491133103349e-01,7.590703625490495821e-01,6.032834516039408124e-01,8.296102091633802411e-01,5.259593950916426897e-01,7.445608963427586824e-01,7.739997521662711488e-01,4.825332935174919124e-01,1.479416947285361050e-01,1.000000000000000000e+00,7.534669397469132557e-01,9.373045151799752617e-01,2.399649614372488804e-01,4.382657690874021128e-01
8.796779160463638059e-01,6.867141705857829903e-01,9.070844983337232881e-01,2.349342042619968485e-01,8.569066813534231830e-01,6.924056985047505330e-01,5.844051393321320065e-01,-8.257626248477473174e-01,9.015414467392216524e-01,8.712981865128276437e-01,6.635432928952368359e-01,1.316585532176376694e-01,8.510259740118376603e-01,4.614205197422977522e-01,-1.123371412772516537e-01,8.908944877360771564e-01,8.553671401035947142e-01,8.421947068097446198e-01,8.662173624487563561e-01,2.273442930519129768e-01,7.686324401485336022e-01,8.275094815506738311e-01,6.844325425555166653e-01,6.518400405233326644e-01,6.925156456766442536e-01,9.125441432667210639e-01,9.233646162736072194e-01,8.780944403819466171e-01,8.816049688358579273e-01,8.636295925309209753e-01,8.896604383393044158e-01,8.734419057495856897e-01,8.042819235598942518e-01,5.296954680783945157e-01,7.534669397469132557e-01,1.000000000000000000e+00,7.879170423767402065e-01,6.368923004892972362e-01,7.942668814853152126e-01
8.763557253532648916e-01,8.442399892417251639e-01,7.237645972843650410e-01,1.933592507179376116e-04,5.892386824660430511e-01,7.818030224823502294e-01,3.439160300045335239e-01,-7.626084982140031165e-01,7.008242632278455231e-01,6.336237103708773910e-01,7.351085039523501674e-01,1.778323632390828649e-02,6.502624114155394208e-01,2.100195160780593540e-01,-1.048702110210546906e-01,6.624315123547855899e-01,8.200935970316450829e-01,5.497370605256483023e-01,6.071111269218687490e-01,4.178125873667942053e-02,5.143285831150300469e-01,6.234222168772970418e-01,6.368307172820095730e-01,6.697615103898316713e-01,6.864989001964849624e-01,8.544368304169056572e-01,7.955332244575961109e-01,6.772061020762911721e-01,8.745851472278375338e-01,5.914094988597744518e-01,7.907305437017657646e-01,8.240818905842047792e-01,5.353187720124581439e-01,2.163043645798438941e-01,9.373045151799752617e-01,7.879170423767402065e-01,1.000000000000000000e+00,3.355844739662236509e-01,5.124528459718763473e-01
4.315065961007759077e-01,7.901567151649724341e-02,6.948879805796699394e-01,7.053467169397660275e-01,7.750814981559464023e-01,2.432008610870401988e-01,8.239460605872370724e-01,-4.982696456742348179e-01,7.091062282183823173e-01,8.124693486048334412e-01,1.486110666919411849e-01,6.764700493641530032e-01,6.884650381077496162e-01,7.282307254530282492e-01,2.183401120449500465e-01,7.455724329808551820e-01,3.870561679872681071e-01,8.457901656954509573e-01,8.356281210565377204e-01,6.454111705612629590e-01,7.878442004674043320e-01,7.403266177200221732e-01,4.626081351479305881e-01,3.531939217966643119e-01,3.441869382153560641e-01,5.557061466562299712e-01,5.990094858536298972e-01,7.963745375929589532e-01,5.201291004040642374e-01,6.984648739716053933e-01,5.340795932984374605e-01,5.152961702673802824e-01,7.504250916082909617e-01,7.201623520920718002e-01,2.399649614372488804e-01,6.368923004892972362e-01,3.355844739662236509e-01,1.000000000000000000e+00,8.522468189410260520e-01
6.520907122077276297e-01,3.434138667110270271e-01,8.450893457751390558e-01,3.770479278602796858e-01,9.143987074305368612e-01,5.081562145317475299e-01,7.070359026380654832e-01,-6.712420201310901335e-01,8.669209183037517308e-01,9.071468905915676118e-01,5.115375188241823023e-01,5.147960547362280259e-01,8.666178048303153636e-01,7.943599711605818792e-01,1.970036664294073925e-01,8.902049738429073100e-01,6.649139506762195007e-01,9.192759617768253566e-01,9.137641224122077244e-01,3.215500087993739542e-01,8.125645107653041155e-01,8.445264089478493608e-01,7.132786317018446898e-01,5.940534862908237734e-01,6.566172726995392894e-01,7.148852622046454330e-01,7.767983542424008458e-01,8.409917976431509068e-01,7.329735370183554366e-01,8.724133700896724575e-01,7.114655420534770069e-01,7.704428928604463156e-01,8.733779360490547816e-01,7.670756358967728561e-01,4.382657690874021128e-01,7.942668814853152126e-01,5.124528459718763473e-01,8.522468189410260520e-01,1.000000000000000000e+00
