1.000000000000000000e+00,9.659002272470482708e-01,8.894569749421551430e-01,8.949874463864200269e-01,9.012521062351949164e-01,9.109136218919241523e-01,8.728562091549082469e-01,9.129746496822381818e-01,9.835567354207813695e-01,9.054899795147975938e-01,9.373754590149947497e-01,8.921683478582526083e-01,8.928278625923097289e-01,9.796197129239748724e-01,8.735042143089511990e-01,8.955714108011366692e-01,9.722058028695760301e-01,9.737934423653509253e-01,9.643372319489865729e-01,8.945945495290531513e-01,9.141154598513258067e-01,8.925678785456265807e-01,9.042692017400376647e-01,8.942143035340645030e-01,9.183308588177215848e-01,9.262555651768986653e-01,9.802172178107595446e-01,8.756177384188654766e-01,9.395541527878226162e-01,8.853500164613832268e-01,8.809796436861553337e-01,9.778166897977862426e-01,9.271245434778591088e-01,9.364504501892820798e-01,8.940381558827588115e-01,8.844695599348031401e-01,9.686837137647894558e-01,9.648999099285289205e-01,9.788706497736026080e-01
9.659002272470482708e-01,1.000000000000000000e+00,8.883717792137111324e-01,8.944711799662721230e-01,8.974512856138602279e-01,9.043286634516519706e-01,8.743096640401483155e-01,9.025630404363133019e-01,9.681807808479701016e-01,9.005449681509780646e-01,9.251102182458031953e-01,8.916797874011724856e-01,8.912581006398478944e-01,9.607150464732959749e-01,8.763941897604693443e-01,8.953851555078796709e-01,9.622110722468487642e-01,9.756786285865430841e-01,9.793324782794420313e-01,9.086046456523528825e-01,9.239370439832129689e-01,8.926499624801942367e-01,9.006705441168112447e-01,8.941122329304159733e-01,9.084715979851730738e-01,9.115824029048219534e-01,9.681551215531534194e-01,8.765390184158013964e-01,9.622464238037382600e-01,8.863137788579857901e-01,8.818695976758548216e-01,9.622379397797157230e-01,9.140669391031465141e-01,9.573045526011352280e-01,8.943692825007480973e-01,8.846085397349369162e-01,9.818261873226645786e-01,9.506756293777751665e-01,9.704533713814975648e-01
8.894569749421551430e-01,8.883717792137111324e-01,1.000000000000000000e+00,9.845447377408775846e-01,9.796140191900393202e-01,9.692792887668983948e-01,9.546882980523290207e-01,9.638797767870226352e-01,8.906371519797927627e-01,9.770638743739913368e-01,9.241388263951216819e-01,9.767385999324091905e-01,9.799665368275118915e-01,8.921554241474609626e-01,9.494539113954186815e-01,9.825907969825397048e-01,8.830150422414058120e-01,8.871698352822842137e-01,8.779930444497430209e-01,8.778804480434490021e-01,8.663806409765241190e-01,9.845115779545451362e-01,9.781607408776050727e-01,9.789979942480259156e-01,9.571987241199048091e-01,9.419681523936762613e-01,8.898603394806731126e-01,9.550320564290121217e-01,8.729053629486314136e-01,9.636420703292836176e-01,9.606496831060354902e-01,8.941931144869842418e-01,9.436737385332637507e-01,8.693446241138792496e-01,9.819372297789306092e-01,9.712983427752842625e-01,8.822705460917988907e-01,9.107745875184336537e-01,8.905799277856104590e-01
8.949874463864200269e-01,8.944711799662721230e-01,9.845447377408775846e-01,1.000000000000000000e+00,9.808725821715343907e-01,9.708115025142073362e-01,9.543082852443044439e-01,9.648898124365649087e-01,8.956458922279726398e-01,9.789152703108444653e-01,9.286039411369398922e-01,9.767354367590473929e-01,9.791543367631093675e-01,8.969521658040187084e-01,9.491618789598321726e-01,9.820348815730391978e-01,8.881335820950148063e-01,8.938432319127549430e-01,8.846260822354266029e-01,8.803166577668446457e-01,8.703106574729420064e-01,9.832332668534439213e-01,9.798014019649786688e-01,9.785595005625431497e-01,9.589211556768980627e-01,9.447605215684055091e-01,8.960338608455371556e-01,9.546467519506878219e-01,8.797926798428333806e-01,9.631030105164414268e-01,9.602078756288473516e-01,8.989280090078284324e-01,9.466461063342129778e-01,8.754110004962819547e-01,9.817983463113214571e-01,9.708534559526903474e-01,8.888315501392805018e-01,9.145491010922255359e-01,8.959989825101675187e-01
9.012521062351949164e-01,8.974512856138602279e-01,9.796140191900393202e-01,9.808725821715343907e-01,1.000000000000000000e+00,9.753627058003534467e-01,9.567075858828031354e-01,9.708838553286239792e-01,9.010468210959031721e-01,9.831792198912356895e-01,9.365363366601106021e-01,9.730668518005216594e-01,9.753963941365000334e-01,9.048224689067222437e-01,9.501289460002616538e-01,9.769458663175427660e-01,8.920872594288832280e-01,8.957705086970020325e-01,8.882780803204611830e-01,8.826216138592835048e-01,8.759699689952847868e-01,9.791563540483091410e-01,9.834687435194661154e-01,9.759152287809340631e-01,9.648036411189648831e-01,9.519155994767249940e-01,9.006769102328634480e-01,9.556852372280222330e-01,8.822257271577653714e-01,9.628903668283049777e-01,9.607285548644859396e-01,9.075524639059935339e-01,9.538453297228394190e-01,8.778699437488709512e-01,9.771473542462613127e-01,9.690630968491608099e-01,8.915747059601419888e-01,9.213614633232228845e-01,8.994699460221813325e-01
9.109136218919241523e-01,9.043286634516519706e-01,9.692792887668983948e-01,9.708115025142073362e-01,9.753627058003534467e-01,1.000000000000000000e+00,9.452534943137845813e-01,9.778720525877518943e-01,9.112575909891796888e-01,9.763358724610542438e-01,9.435315671013460026e-01,9.628406059232694769e-01,9.646646130519074269e-01,9.125506445548586809e-01,9.379171376190962306e-01,9.661565680326624772e-01,9.032648891444982064e-01,9.061584933062172276e-01,8.970821873359670073e-01,8.789635279052707695e-01,8.763884862257097508e-01,9.686531384563475955e-01,9.776747308930436864e-01,9.648820413593850454e-01,9.721361550070405366e-01,9.582580097195618762e-01,9.097158581722998294e-01,9.430414145328421816e-01,8.896050546653382352e-01,9.544629257656375154e-01,9.516313633820110418e-01,9.158189751829097780e-01,9.599796057338195743e-01,8.853311596594403143e-01,9.671777577118867431e-01,9.595955987569907419e-01,8.990470852222176568e-01,9.302140979796471587e-01,9.095255064911136333e-01
8.728562091549082469e-01,8.743096640401483155e-01,9.546882980523290207e-01,9.543082852443044439e-01,9.567075858828031354e-01,9.452534943137845813e-01,1.000000000000000000e+00,9.422914532909159036e-01,8.760388577316837733e-01,9.546346118397686098e-01,9.118140726311452227e-01,9.610116263547241466e-01,9.601933403760373187e-01,8.750567874469369345e-01,9.791091935519309342e-01,9.558932916459084161e-01,8.652977841828388694e-01,8.662939018228061894e-01,8.609571569733617258e-01,8.879879148673345268e-01,8.706097130059856637e-01,9.561804877970042638e-01,9.544755944717826512e-01,9.597722709482193748e-01,9.371216997129291348e-01,9.301636797767449671e-01,8.705468555171725908e-01,9.838393699317954377e-01,8.591319136874033813e-01,9.733845812507516682e-01,9.796204459906093787e-01,8.769349604730163339e-01,9.274048975875069933e-01,8.584409235266943217e-01,9.592721222762095046e-01,9.686462187767055365e-01,8.635194197040680919e-01,8.926140721499637998e-01,8.714901665700641731e-01
9.129746496822381818e-01,9.025630404363133019e-01,9.638797767870226352e-01,9.648898124365649087e-01,9.708838553286239792e-01,9.778720525877518943e-01,9.422914532909159036e-01,1.000000000000000000e+00,9.123429132249647466e-01,9.722402113937522738e-01,9.474381068212462953e-01,9.591230164687823967e-01,9.613345634814191021e-01,9.166498667124932664e-01,9.348289877426593231e-01,9.613442607069159207e-01,9.016883101128542188e-01,9.059592833864942296e-01,8.960077753158205427e-01,8.730600077562110650e-01,8.720934625010412500e-01,9.630162197812476288e-01,9.726440291574394159e-01,9.607098465257779552e-01,9.789952915732220706e-01,9.658845190291793781e-01,9.114778004270499556e-01,9.410781466956690267e-01,8.878030773801258713e-01,9.513918483929310055e-01,9.489133075829713215e-01,9.185278224643902423e-01,9.703519649277337900e-01,8.814262148503788641e-01,9.627401361952631076e-01,9.558459732704587264e-01,8.996266891888486938e-01,9.339445785493695196e-01,9.109538810873042403e-01
9.835567354207813695e-01,9.681807808479701016e-01,8.906371519797927627e-01,8.956458922279726398e-01,9.010468210959031721e-01,9.112575909891796888e-01,8.760388577316837733e-01,9.123429132249647466e-01,1.000000000000000000e+00,9.052772858448191462e-01,9.350312750061261502e-01,8.945722049820465926e-01,8.945421712609743503e-01,9.781910598314798033e-01,8.782116624700443408e-01,8.968941166847759217e-01,9.749883537263599464e-01,9.757089239884541021e-01,9.671235490228249354e-01,8.974686517468011271e-01,9.173586050752727816e-01,8.937326953998077084e-01,9.048100763297758364e-01,8.964499979927007534e-01,9.177115322918542040e-01,9.240017215231526304e-01,9.784589383944853891e-01,8.793873475244770033e-01,9.420618545662471366e-01,8.884087727194025508e-01,8.836866746299458786e-01,9.774196765726396174e-01,9.250076773474996683e-01,9.383169325652876980e-01,8.958885328363000999e-01,8.873345477014399352e-01,9.706961480810988308e-01,9.644852639573400221e-01,9.796382241744916453e-01
9.054899795147975938e-01,9.005449681509780646e-01,9.770638743739913368e-01,9.789152703108444653e-01,9.831792198912356895e-01,9.763358724610542438e-01,9.546346118397686098e-01,9.722402113937522738e-01,9.052772858448191462e-01,1.000000000000000000e+00,9.407519187450710252e-01,9.703383093794410996e-01,9.724256177112821087e-01,9.085370715213542114e-01,9.467400177653558790e-01,9.746576351005559191e-01,8.967306001193123821e-01,9.001036126024720696e-01,8.905614038683390410e-01,8.813159843468718613e-01,8.755270599984684710e-01,9.763363083128845377e-01,9.822044723352604256e-01,9.720176620247165111e-01,9.663947078717202155e-01,9.544737197259632877e-01,9.053268458783026995e-01,9.523003567368966138e-01,8.842905901513081757e-01,9.604778247690497484e-01,9.584734225209088354e-01,9.106437837870378083e-01,9.571222575649560582e-01,8.792921536027386020e-01,9.749339746317816635e-01,9.663476364568851507e-01,8.956516869265531700e-01,9.250739410446134903e-01,9.036735535503834793e-01
9.373754590149947497e-01,9.251102182458031953e-01,9.241388263951216819e-01,9.286039411369398922e-01,9.365363366601106021e-01,9.435315671013460026e-01,9.118140726311452227e-01,9.474381068212462953e-01,9.350312750061261502e-01,9.407519187450710252e-01,1.000000000000000000e+00,9.275163749791240919e-01,9.282040912201906524e-01,9.378749416341272127e-01,9.117012095266405769e-01,9.265142362661791253e-01,9.257373599958403920e-01,9.269613972746530983e-01,9.174419891892817702e-01,8.939038350158404755e-01,9.025602749482383169e-01,9.251796252895232442e-01,9.389991409365694430e-01,9.289725108529224284e-01,9.527869045953235583e-01,9.683562258085989249e-01,9.327625742603147252e-01,9.113075498056042445e-01,9.109691623108825409e-01,9.225434575282244198e-01,9.184605288318817840e-01,9.426010794348265165e-01,9.624354071983204362e-01,9.022745270244842963e-01,9.270331785752381482e-01,9.224415008745778799e-01,9.212202601869664553e-01,9.528856145196963334e-01,9.318392515129564346e-01
8.921683478582526083e-01,8.916797874011724856e-01,9.767385999324091905e-01,9.767354367590473929e-01,9.730668518005216594e-01,9.628406059232694769e-01,9.610116263547241466e-01,9.591230164687823967e-01,8.945722049820465926e-01,9.703383093794410996e-01,9.275163749791240919e-01,1.000000000000000000e+00,9.841177336094806272e-01,8.935391245693827811e-01,9.599155055927726110e-01,9.805432582218963633e-01,8.857534574981842379e-01,8.872254788786866353e-01,8.809800092483777156e-01,8.784944974725014122e-01,8.710251552882497528e-01,9.785512116598442667e-01,9.717322813244957391e-01,9.840801415816112785e-01,9.552573100915975335e-01,9.426801409886423899e-01,8.913651537073830067e-01,9.625585886930847490e-01,8.774516990612053480e-01,9.736821397778794296e-01,9.678184708146154724e-01,8.966091078477337328e-01,9.430606193022497141e-01,8.748512270500180543e-01,9.816516340614908076e-01,9.796407357285283890e-01,8.858035602907707862e-01,9.103786135099724008e-01,8.934761729587024082e-01
8.928278625923097289e-01,8.912581006398478944e-01,9.799665368275118915e-01,9.791543367631093675e-01,9.753963941365000334e-01,9.646646130519074269e-01,9.601933403760373187e-01,9.613345634814191021e-01,8.945421712609743503e-01,9.724256177112821087e-01,9.282040912201906524e-01,9.841177336094806272e-01,1.000000000000000000e+00,8.958917147936746872e-01,9.568226228878566886e-01,9.825960948666477845e-01,8.862734084701207049e-01,8.884823295540266175e-01,8.816142128296085012e-01,8.782662992736625096e-01,8.701624981006957915e-01,9.808035607866341099e-01,9.737771747324988070e-01,9.844787392544233073e-01,9.559375973574293361e-01,9.437060481568881887e-01,8.913166325258629064e-01,9.614372322702724460e-01,8.766552172761771233e-01,9.715634682356443230e-01,9.661728961380114944e-01,8.981323174782652741e-01,9.441750025695636594e-01,8.737811419195976592e-01,9.831703969486693673e-01,9.767280338411346019e-01,8.851614017020084102e-01,9.122076376986929525e-01,8.932936528161786738e-01
9.796197129239748724e-01,9.607150464732959749e-01,8.921554241474609626e-01,8.969521658040187084e-01,9.048224689067222437e-01,9.125506445548586809e-01,8.750567874469369345e-01,9.166498667124932664e-01,9.781910598314798033e-01,9.085370715213542114e-01,9.378749416341272127e-01,8.935391245693827811e-01,8.958917147936746872e-01,1.000000000000000000e+00,8.754168020155738139e-01,8.969446608277188426e-01,9.666266326704370249e-01,9.670521440433712534e-01,9.579022393183070916e-01,8.874973333325156810e-01,9.074959308475171182e-01,8.944038928210834571e-01,9.076178011137593371e-01,8.966594478836115156e-01,9.223724257671604976e-01,9.274422358252629728e-01,9.738013365985620506e-01,8.774632334274967693e-01,9.295094310831130135e-01,8.875556779517064232e-01,8.819560093063638639e-01,9.824774414989257965e-01,9.300991038029637892e-01,9.260004880909625813e-01,8.961765282672677913e-01,8.853696093664190636e-01,9.636619832631782012e-01,9.687610247413006581e-01,9.722461929790162660e-01
8.735042143089511990e-01,8.763941897604693443e-01,9.494539113954186815e-01,9.491618789598321726e-01,9.501289460002616538e-01,9.379171376190962306e-01,9.791091935519309342e-01,9.348289877426593231e-01,8.782116624700443408e-01,9.467400177653558790e-01,9.117012095266405769e-01,9.599155055927726110e-01,9.568226228878566886e-01,8.754168020155738139e-01,1.000000000000000000e+00,9.529812868823871463e-01,8.679325842873713004e-01,8.666446470733338847e-01,8.634377726594265612e-01,8.912815286990261043e-01,8.758270537124185351e-01,9.518434674397567852e-01,9.475309298794571955e-01,9.584197432925029014e-01,9.332396344541509237e-01,9.275165810036191116e-01,8.696475042593730942e-01,9.788833254572540943e-01,8.619414202899362554e-01,9.703057623766085937e-01,9.752031559988205700e-01,8.786888827652167278e-01,9.233483205457004850e-01,8.627067830834269646e-01,9.570571477066946997e-01,9.653159967565885236e-01,8.663422953660590009e-01,8.920591407339564238e-01,8.725199641233244430e-01
8.955714108011366692e-01,8.953851555078796709e-01,9.825907969825397048e-01,9.820348815730391978e-01,9.769458663175427660e-01,9.661565680326624772e-01,9.558932916459084161e-01,9.613442607069159207e-01,8.968941166847759217e-01,9.746576351005559191e-01,9.265142362661791253e-01,9.805432582218963633e-01,9.825960948666477845e-01,8.969446608277188426e-01,9.529812868823871463e-01,1.000000000000000000e+00,8.885210218208161592e-01,8.925473153959155859e-01,8.842175865544891211e-01,8.828015226582547337e-01,8.717372931241595957e-01,9.831814963769596183e-01,9.755527035479742981e-01,9.818288367561383012e-01,9.568415125529905474e-01,9.431658660965022145e-01,8.954082632874958980e-01,9.576619012515409368e-01,8.801445126583035128e-01,9.673652228469498127e-01,9.624883773137696830e-01,8.989872927140317715e-01,9.442588080533644845e-01,8.768202399832141225e-01,9.840577513528099285e-01,9.734236261624730213e-01,8.888214566428753738e-01,9.132378954044479968e-01,8.973710125198374188e-01
9.722058028695760301e-01,9.622110722468487642e-01,8.830150422414058120e-01,8.881335820950148063e-01,8.920872594288832280e-01,9.032648891444982064e-01,8.652977841828388694e-01,9.016883101128542188e-01,9.749883537263599464e-01,8.967306001193123821e-01,9.257373599958403920e-01,8.857534574981842379e-01,8.862734084701207049e-01,9.666266326704370249e-01,8.679325842873713004e-01,8.885210218208161592e-01,1.000000000000000000e+00,9.728312965153612657e-01,9.648765998859758497e-01,9.021946636803934716e-01,9.241757993510945068e-01,8.855587379884056753e-01,8.947635357741593465e-01,8.880467474456847921e-01,9.079473245757069266e-01,9.120252484794467707e-01,9.698407734385705581e-01,8.670991104927501247e-01,9.477123209676635573e-01,8.800819301402931227e-01,8.735496471027837107e-01,9.683157821519696729e-01,9.146114171551992245e-01,9.438947065676913661e-01,8.876219668105479466e-01,8.792242612055314321e-01,9.640499041905712385e-01,9.581812383154719726e-01,9.715858043936321797e-01
9.737934423653509253e-01,9.756786285865430841e-01,8.871698352822842137e-01,8.938432319127549430e-01,8.957705086970020325e-01,9.061584933062172276e-01,8.662939018228061894e-01,9.059592833864942296e-01,9.757089239884541021e-01,9.001036126024720696e-01,9.269613972746530983e-01,8.872254788786866353e-01,8.884823295540266175e-01,9.670521440433712534e-01,8.666446470733338847e-01,8.925473153959155859e-01,9.728312965153612657e-01,1.000000000000000000e+00,9.745119722430871656e-01,8.943526591274526538e-01,9.157832680449216056e-01,8.900254955862793027e-01,8.994987231165353370e-01,8.904410344032580582e-01,9.098757224322273629e-01,9.128496902508518307e-01,9.784866314821757394e-01,8.701346231065772985e-01,9.531603813912495893e-01,8.808126841511840777e-01,8.772116847888233870e-01,9.665175562564227718e-01,9.165658767233122450e-01,9.474919383905388015e-01,8.915411084643202200e-01,8.802143537718812860e-01,9.772037526179198075e-01,9.571449716858684287e-01,9.798292655543491270e-01
9.643372319489865729e-01,9.793324782794420313e-01,8.779930444497430209e-01,8.846260822354266029e-01,8.882780803204611830e-01,8.970821873359670073e-01,8.609571569733617258e-01,8.960077753158205427e-01,9.671235490228249354e-01,8.905614038683390410e-01,9.174419891892817702e-01,8.809800092483777156e-01,8.816142128296085012e-01,9.579022393183070916e-01,8.634377726594265612e-01,8.842175865544891211e-01,9.648765998859758497e-01,9.745119722430871656e-01,1.000000000000000000e+00,9.004125709166647118e-01,9.264237359998190868e-01,8.818682551379704027e-01,8.922195830466149724e-01,8.843339662615496977e-01,9.019206957893463050e-01,9.041327603226636533e-01,9.658816124285598548e-01,8.630818100196623321e-01,9.631248695827833162e-01,8.754173042880347699e-01,8.705058965513710056e-01,9.602659012995370391e-01,9.068694882402262847e-01,9.579182979136267040e-01,8.833969835690350658e-01,8.744712647660199956e-01,9.782506310102371261e-01,9.487468698472397710e-01,9.681628999014645354e-01
8.945945495290531513e-01,9.086046456523528825e-01,8.778804480434490021e-01,8.803166577668446457e-01,8.826216138592835048e-01,8.789635279052707695e-01,8.879879148673345268e-01,8.730600077562110650e-01,8.974686517468011271e-01,8.813159843468718613e-01,8.939038350158404755e-01,8.784944974725014122e-01,8.782662992736625096e-01,8.874973333325156810e-01,8.912815286990261043e-01,8.828015226582547337e-01,9.021946636803934716e-01,8.943526591274526538e-01,9.004125709166647118e-01,1.000000000000000000e+00,9.453993758808804104e-01,8.779914857975327225e-01,8.845510479627654021e-01,8.817329165849566719e-01,8.819175774007949054e-01,8.818958737255229163e-01,8.897698647174845377e-01,8.846645939998845076e-01,9.155535692356864264e-01,8.807112444626287173e-01,8.818870360448226586e-01,8.949077200078150440e-01,8.784206336908412238e-01,9.219702707285311050e-01,8.811580333670465670e-01,8.790293389434655769e-01,8.972665149403153961e-01,8.983397146356228991e-01,8.879096652271705192e-01
9.141154598513258067e-01,9.239370439832129689e-01,8.663806409765241190e-01,8.703106574729420064e-01,8.759699689952847868e-01,8.763884862257097508e-01,8.706097130059856637e-01,8.720934625010412500e-01,9.173586050752727816e-01,8.755270599984684710e-01,9.025602749482383169e-01,8.710251552882497528e-01,8.701624981006957915e-01,9.074959308475171182e-01,8.758270537124185351e-01,8.717372931241595957e-01,9.241757993510945068e-01,9.157832680449216056e-01,9.264237359998190868e-01,9.453993758808804104e-01,1.000000000000000000e+00,8.682775825182664775e-01,8.778892604570249780e-01,8.768562950550905510e-01,8.791520625351677554e-01,8.835574110946027293e-01,9.093471583069404618e-01,8.698921234577349226e-01,9.393543861991651145e-01,8.757155666687199691e-01,8.723890212685891932e-01,9.147998529125561662e-01,8.830629006639104661e-01,9.436418411554664543e-01,8.709818784920437817e-01,8.719540334520402558e-01,9.147390177071099693e-01,9.151802447181704991e-01,9.097884053319390540e-01
8.925678785456265807e-01,8.926499624801942367e-01,9.845115779545451362e-01,9.832332668534439213e-01,9.791563540483091410e-01,9.686531384563475955e-01,9.561804877970042638e-01,9.630162197812476288e-01,8.937326953998077084e-01,9.763363083128845377e-01,9.251796252895232442e-01,9.785512116598442667e-01,9.808035607866341099e-01,8.944038928210834571e-01,9.518434674397567852e-01,9.831814963769596183e-01,8.855587379884056753e-01,8.900254955862793027e-01,8.818682551379704027e-01,8.779914857975327225e-01,8.682775825182664775e-01,1.000000000000000000e+00,9.773294343486533808e-01,9.804013217183366047e-01,9.567907548157896791e-01,9.427530919181044133e-01,8.929467717040270314e-01,9.569842608547802776e-01,8.752963552270643932e-01,9.664042896058183674e-01,9.626117315781856920e-01,8.969952409726139608e-01,9.441353844419614338e-01,8.716512250741822454e-01,9.831200305772889170e-01,9.730723089842437945e-01,8.858604721527501002e-01,9.117688150775123956e-01,8.940856498788634088e-01
9.042692017400376647e-01,9.006705441168112447e-01,9.781607408776050727e-01,9.798014019649786688e-01,9.834687435194661154e-01,9.776747308930436864e-01,9.544755944717826512e-01,9.726440291574394159e-01,9.048100763297758364e-01,9.822044723352604256e-01,9.389991409365694430e-01,9.717322813244957391e-01,9.737771747324988070e-01,9.076178011137593371e-01,9.475309298794571955e-01,9.755527035479742981e-01,8.947635357741593465e-01,8.994987231165353370e-01,8.922195830466149724e-01,8.845510479627654021e-01,8.778892604570249780e-01,9.773294343486533808e-01,1.000000000000000000e+00,9.741530104387748912e-01,9.675216207846074612e-01,9.536358163914676611e-01,9.025551674382662481e-01,9.525684302165694506e-01,8.839822562914101400e-01,9.602445485097754752e-01,9.582269027108762938e-01,9.109148002337048577e-01,9.558734883934270066e-01,8.797120755372394019e-01,9.757556432079267372e-01,9.670120765997993750e-01,8.948981410953584792e-01,9.251808275514870061e-01,9.018881374303487908e-01
8.942143035340645030e-01,8.941122329304159733e-01,9.789979942480259156e-01,9.785595005625431497e-01,9.759152287809340631e-01,9.648820413593850454e-01,9.597722709482193748e-01,9.607098465257779552e-01,8.964499979927007534e-01,9.720176620247165111e-01,9.289725108529224284e-01,9.840801415816112785e-01,9.844787392544233073e-01,8.966594478836115156e-01,9.584197432925029014e-01,9.818288367561383012e-01,8.880467474456847921e-01,8.904410344032580582e-01,8.843339662615496977e-01,8.817329165849566719e-01,8.768562950550905510e-01,9.804013217183366047e-01,9.741530104387748912e-01,1.000000000000000000e+00,9.564832163713050672e-01,9.431429937638852179e-01,8.927823498621454412e-01,9.617717987839304872e-01,8.784556109741578078e-01,9.725029091322056063e-01,9.671018822309531693e-01,8.995342667509307333e-01,9.441762033608809279e-01,8.757604870911492867e-01,9.824686917810492304e-01,9.774626192007500602e-01,8.871395291327358601e-01,9.134868656316453839e-01,8.951006792137793378e-01
9.183308588177215848e-01,9.084715979851730738e-01,9.571987241199048091e-01,9.589211556768980627e-01,9.648036411189648831e-01,9.721361550070405366e-01,9.371216997129291348e-01,9.789952915732220706e-01,9.177115322918542040e-01,9.663947078717202155e-01,9.527869045953235583e-01,9.552573100915975335e-01,9.559375973574293361e-01,9.223724257671604976e-01,9.332396344541509237e-01,9.568415125529905474e-01,9.079473245757069266e-01,9.098757224322273629e-01,9.019206957893463050e-01,8.819175774007949054e-01,8.791520625351677554e-01,9.567907548157896791e-01,9.675216207846074612e-01,9.564832163713050672e-01,1.000000000000000000e+00,9.707118506261496194e-01,9.164952980250439252e-01,9.367777212185732783e-01,8.921667379647159057e-01,9.474054150853160605e-01,9.445360188775890897e-01,9.242206182824515004e-01,9.769032870870055785e-01,8.857944166843065847e-01,9.570638336718325645e-01,9.513220586157021819e-01,9.044045574700804169e-01,9.384929625905914508e-01,9.155370352701374115e-01
9.262555651768986653e-01,9.115824029048219534e-01,9.419681523936762613e-01,9.447605215684055091e-01,9.519155994767249940e-01,9.582580097195618762e-01,9.301636797767449671e-01,9.658845190291793781e-01,9.240017215231526304e-01,9.544737197259632877e-01,9.683562258085989249e-01,9.426801409886423899e-01,9.437060481568881887e-01,9.274422358252629728e-01,9.275165810036191116e-01,9.431658660965022145e-01,9.120252484794467707e-01,9.128496902508518307e-01,9.041327603226636533e-01,8.818958737255229163e-01,8.835574110946027293e-01,9.427530919181044133e-01,9.536358163914676611e-01,9.431429937638852179e-01,9.707118506261496194e-01,1.000000000000000000e+00,9.209952459939817482e-01,9.302249940850328969e-01,8.985539296834986756e-01,9.385583035645256311e-01,9.358324911080041497e-01,9.306443148295281409e-01,9.795579419343705130e-01,8.891976973373875159e-01,9.439379972326588097e-01,9.391199747158900379e-01,9.078386696422411362e-01,9.469637101713279659e-01,9.213774178711781060e-01
9.802172178107595446e-01,9.681551215531534194e-01,8.898603394806731126e-01,8.960338608455371556e-01,9.006769102328634480e-01,9.097158581722998294e-01,8.705468555171725908e-01,9.114778004270499556e-01,9.784589383944853891e-01,9.053268458783026995e-01,9.327625742603147252e-01,8.913651537073830067e-01,8.913166325258629064e-01,9.738013365985620506e-01,8.696475042593730942e-01,8.954082632874958980e-01,9.698407734385705581e-01,9.784866314821757394e-01,9.658816124285598548e-01,8.897698647174845377e-01,9.093471583069404618e-01,8.929467717040270314e-01,9.025551674382662481e-01,8.927823498621454412e-01,9.164952980250439252e-01,9.209952459939817482e-01,1.000000000000000000e+00,8.743006975197455954e-01,9.415241458948878650e-01,8.846099193557805940e-01,8.809666911256958111e-01,9.717573087624461481e-01,9.234519936051832634e-01,9.382803089893763104e-01,8.945227812315446059e-01,8.855364473992460850e-01,9.725648432857286751e-01,9.608657065589909507e-01,9.821663349709753854e-01
8.756177384188654766e-01,8.765390184158013964e-01,9.550320564290121217e-01,9.546467519506878219e-01,9.556852372280222330e-01,9.430414145328421816e-01,9.838393699317954377e-01,9.410781466956690267e-01,8.793873475244770033e-01,9.523003567368966138e-01,9.113075498056042445e-01,9.625585886930847490e-01,9.614372322702724460e-01,8.774632334274967693e-01,9.788833254572540943e-01,9.576619012515409368e-01,8.670991104927501247e-01,8.701346231065772985e-01,8.630818100196623321e-01,8.846645939998845076e-01,8.698921234577349226e-01,9.569842608547802776e-01,9.525684302165694506e-01,9.617717987839304872e-01,9.367777212185732783e-01,9.302249940850328969e-01,8.743006975197455954e-01,1.000000000000000000e+00,8.588601885831228522e-01,9.749032859424466846e-01,9.817715586032668140e-01,8.788822604439427977e-01,9.273623576273972713e-01,8.589081742028253919e-01,9.605516156605193867e-01,9.703707391345652855e-01,8.666708323052991769e-01,8.932515902699453836e-01,8.761146876927137228e-01
9.395541527878226162e-01,9.622464238037382600e-01,8.729053629486314136e-01,8.797926798428333806e-01,8.822257271577653714e-01,8.896050546653382352e-01,8.591319136874033813e-01,8.878030773801258713e-01,9.420618545662471366e-01,8.842905901513081757e-01,9.109691623108825409e-01,8.774516990612053480e-01,8.766552172761771233e-01,9.295094310831130135e-01,8.619414202899362554e-01,8.801445126583035128e-01,9.477123209676635573e-01,9.531603813912495893e-01,9.631248695827833162e-01,9.155535692356864264e-01,9.393543861991651145e-01,8.752963552270643932e-01,8.839822562914101400e-01,8.784556109741578078e-01,8.921667379647159057e-01,8.985539296834986756e-01,9.415241458948878650e-01,8.588601885831228522e-01,1.000000000000000000e+00,8.730555904782241194e-01,8.648894943579733541e-01,9.362151607341618886e-01,8.969134549308168669e-01,9.796231156041759203e-01,8.788368995380180237e-01,8.689209381694072976e-01,9.546760346491200977e-01,9.304251546404666007e-01,9.430196125971865850e-01
8.853500164613832268e-01,8.863137788579857901e-01,9.636420703292836176e-01,9.631030105164414268e-01,9.628903668283049777e-01,9.544629257656375154e-01,9.733845812507516682e-01,9.513918483929310055e-01,8.884087727194025508e-01,9.604778247690497484e-01,9.225434575282244198e-01,9.736821397778794296e-01,9.715634682356443230e-01,8.875556779517064232e-01,9.703057623766085937e-01,9.673652228469498127e-01,8.800819301402931227e-01,8.808126841511840777e-01,8.754173042880347699e-01,8.807112444626287173e-01,8.757155666687199691e-01,9.664042896058183674e-01,9.602445485097754752e-01,9.725029091322056063e-01,9.474054150853160605e-01,9.385583035645256311e-01,8.846099193557805940e-01,9.749032859424466846e-01,8.730555904782241194e-01,1.000000000000000000e+00,9.801913470297014541e-01,8.907280426954178321e-01,9.368316534646242699e-01,8.719914306459110032e-01,9.710152051086642366e-01,9.800023946549111242e-01,8.771337507458127902e-01,9.041251015774739441e-01,8.871881674271966389e-01
8.809796436861553337e-01,8.818695976758548216e-01,9.606496831060354902e-01,9.602078756288473516e-01,9.607285548644859396e-01,9.516313633820110418e-01,9.796204459906093787e-01,9.489133075829713215e-01,8.836866746299458786e-01,9.584734225209088354e-01,9.184605288318817840e-01,9.678184708146154724e-01,9.661728961380114944e-01,8.819560093063638639e-01,9.752031559988205700e-01,9.624883773137696830e-01,8.735496471027837107e-01,8.772116847888233870e-01,8.705058965513710056e-01,8.818870360448226586e-01,8.723890212685891932e-01,9.626117315781856920e-01,9.582269027108762938e-01,9.671018822309531693e-01,9.445360188775890897e-01,9.358324911080041497e-01,8.809666911256958111e-01,9.817715586032668140e-01,8.648894943579733541e-01,9.801913470297014541e-01,1.000000000000000000e+00,8.846012133110398024e-01,9.341943326520697477e-01,8.638344619917684986e-01,9.657159685993181863e-01,9.760029098675025994e-01,8.729658301708881352e-01,9.003253386669507474e-01,8.821156166825132594e-01
9.778166897977862426e-01,9.622379397797157230e-01,8.941931144869842418e-01,8.989280090078284324e-01,9.075524639059935339e-01,9.158189751829097780e-01,8.769349604730163339e-01,9.185278224643902423e-01,9.774196765726396174e-01,9.106437837870378083e-01,9.426010794348265165e-01,8.966091078477337328e-01,8.981323174782652741e-01,9.824774414989257965e-01,8.786888827652167278e-01,8.989872927140317715e-01,9.683157821519696729e-01,9.665175562564227718e-01,9.602659012995370391e-01,8.949077200078150440e-01,9.147998529125561662e-01,8.969952409726139608e-01,9.109148002337048577e-01,8.995342667509307333e-01,9.242206182824515004e-01,9.306443148295281409e-01,9.717573087624461481e-01,8.788822604439427977e-01,9.362151607341618886e-01,8.907280426954178321e-01,8.846012133110398024e-01,1.000000000000000000e+00,9.311083875043036917e-01,9.318317596331373576e-01,8.982566984421301859e-01,8.890226854847755877e-01,9.637315748557917505e-01,9.721217086295200760e-01,9.707891912075323759e-01
9.271245434778591088e-01,9.140669391031465141e-01,9.436737385332637507e-01,9.466461063342129778e-01,9.538453297228394190e-01,9.599796057338195743e-01,9.274048975875069933e-01,9.703519649277337900e-01,9.250076773474996683e-01,9.571222575649560582e-01,9.624354071983204362e-01,9.430606193022497141e-01,9.441750025695636594e-01,9.300991038029637892e-01,9.233483205457004850e-01,9.442588080533644845e-01,9.146114171551992245e-01,9.165658767233122450e-01,9.068694882402262847e-01,8.784206336908412238e-01,8.830629006639104661e-01,9.441353844419614338e-01,9.558734883934270066e-01,9.441762033608809279e-01,9.769032870870055785e-01,9.795579419343705130e-01,9.234519936051832634e-01,9.273623576273972713e-01,8.969134549308168669e-01,9.368316534646242699e-01,9.341943326520697477e-01,9.311083875043036917e-01,1.000000000000000000e+00,8.890080291655582112e-01,9.448616425912131911e-01,9.392218533447258544e-01,9.112406352499070605e-01,9.466561364784252808e-01,9.236339032295213247e-01
9.364504501892820798e-01,9.573045526011352280e-01,8.693446241138792496e-01,8.754110004962819547e-01,8.778699437488709512e-01,8.853311596594403143e-01,8.584409235266943217e-01,8.814262148503788641e-01,9.383169325652876980e-01,8.792921536027386020e-01,9.022745270244842963e-01,8.748512270500180543e-01,8.737811419195976592e-01,9.260004880909625813e-01,8.627067830834269646e-01,8.768202399832141225e-01,9.438947065676913661e-01,9.474919383905388015e-01,9.579182979136267040e-01,9.219702707285311050e-01,9.436418411554664543e-01,8.716512250741822454e-01,8.797120755372394019e-01,8.757604870911492867e-01,8.857944166843065847e-01,8.891976973373875159e-01,9.382803089893763104e-01,8.589081742028253919e-01,9.796231156041759203e-01,8.719914306459110032e-01,8.638344619917684986e-01,9.318317596331373576e-01,8.890080291655582112e-01,1.000000000000000000e+00,8.757014876303376161e-01,8.674131048370172792e-01,9.498422306721960862e-01,9.240094995096657104e-01,9.393635491396612469e-01
8.940381558827588115e-01,8.943692825007480973e-01,9.819372297789306092e-01,9.817983463113214571e-01,9.771473542462613127e-01,9.671777577118867431e-01,9.592721222762095046e-01,9.627401361952631076e-01,8.958885328363000999e-01,9.749339746317816635e-01,9.270331785752381482e-01,9.816516340614908076e-01,9.831703969486693673e-01,8.961765282672677913e-01,9.570571477066946997e-01,9.840577513528099285e-01,8.876219668105479466e-01,8.915411084643202200e-01,8.833969835690350658e-01,8.811580333670465670e-01,8.709818784920437817e-01,9.831200305772889170e-01,9.757556432079267372e-01,9.824686917810492304e-01,9.570638336718325645e-01,9.439379972326588097e-01,8.945227812315446059e-01,9.605516156605193867e-01,8.788368995380180237e-01,9.710152051086642366e-01,9.657159685993181863e-01,8.982566984421301859e-01,9.448616425912131911e-01,8.757014876303376161e-01,1.000000000000000000e+00,9.760904133367275248e-01,8.885315971646668975e-01,9.123359497171238397e-01,8.968235333510493623e-01
8.844695599348031401e-01,8.846085397349369162e-01,9.712983427752842625e-01,9.708534559526903474e-01,9.690630968491608099e-01,9.595955987569907419e-01,9.686462187767055365e-01,9.558459732704587264e-01,8.873345477014399352e-01,9.663476364568851507e-01,9.224415008745778799e-01,9.796407357285283890e-01,9.767280338411346019e-01,8.853696093664190636e-01,9.653159967565885236e-01,9.734236261624730213e-01,8.792242612055314321e-01,8.802143537718812860e-01,8.744712647660199956e-01,8.790293389434655769e-01,8.719540334520402558e-01,9.730723089842437945e-01,9.670120765997993750e-01,9.774626192007500602e-01,9.513220586157021819e-01,9.391199747158900379e-01,8.855364473992460850e-01,9.703707391345652855e-01,8.689209381694072976e-01,9.800023946549111242e-01,9.760029098675025994e-01,8.890226854847755877e-01,9.392218533447258544e-01,8.674131048370172792e-01,9.760904133367275248e-01,1.000000000000000000e+00,8.791836510548594052e-01,9.046852125846921444e-01,8.868827654208670808e-01
9.686837137647894558e-01,9.818261873226645786e-01,8.822705460917988907e-01,8.888315501392805018e-01,8.915747059601419888e-01,8.990470852222176568e-01,8.635194197040680919e-01,8.996266891888486938e-01,9.706961480810988308e-01,8.956516869265531700e-01,9.212202601869664553e-01,8.858035602907707862e-01,8.851614017020084102e-01,9.636619832631782012e-01,8.663422953660590009e-01,8.888214566428753738e-01,9.640499041905712385e-01,9.772037526179198075e-01,9.782506310102371261e-01,8.972665149403153961e-01,9.147390177071099693e-01,8.858604721527501002e-01,8.948981410953584792e-01,8.871395291327358601e-01,9.044045574700804169e-01,9.078386696422411362e-01,9.725648432857286751e-01,8.666708323052991769e-01,9.546760346491200977e-01,8.771337507458127902e-01,8.729658301708881352e-01,9.637315748557917505e-01,9.112406352499070605e-01,9.498422306721960862e-01,8.885315971646668975e-01,8.791836510548594052e-01,1.000000000000000000e+00,9.506232658093328736e-01,9.748122427659371425e-01
9.648999099285289205e-01,9.506756293777751665e-01,9.107745875184336537e-01,9.145491010922255359e-01,9.213614633232228845e-01,9.302140979796471587e-01,8.926140721499637998e-01,9.339445785493695196e-01,9.644852639573400221e-01,9.250739410446134903e-01,9.528856145196963334e-01,9.103786135099724008e-01,9.122076376986929525e-01,9.687610247413006581e-01,8.920591407339564238e-01,9.132378954044479968e-01,9.581812383154719726e-01,9.571449716858684287e-01,9.487468698472397710e-01,8.983397146356228991e-01,9.151802447181704991e-01,9.117688150775123956e-01,9.251808275514870061e-01,9.134868656316453839e-01,9.384929625905914508e-01,9.469637101713279659e-01,9.608657065589909507e-01,8.932515902699453836e-01,9.304251546404666007e-01,9.041251015774739441e-01,9.003253386669507474e-01,9.721217086295200760e-01,9.466561364784252808e-01,9.240094995096657104e-01,9.123359497171238397e-01,9.046852125846921444e-01,9.506232658093328736e-01,1.000000000000000000e+00,9.605719013128682926e-01
9.788706497736026080e-01,9.704533713814975648e-01,8.905799277856104590e-01,8.959989825101675187e-01,8.994699460221813325e-01,9.095255064911136333e-01,8.714901665700641731e-01,9.109538810873042403e-01,9.796382241744916453e-01,9.036735535503834793e-01,9.318392515129564346e-01,8.934761729587024082e-01,8.932936528161786738e-01,9.722461929790162660e-01,8.725199641233244430e-01,8.973710125198374188e-01,9.715858043936321797e-01,9.798292655543491270e-01,9.681628999014645354e-01,8.879096652271705192e-01,9.097884053319390540e-01,8.940856498788634088e-01,9.018881374303487908e-01,8.951006792137793378e-01,9.155370352701374115e-01,9.213774178711781060e-01,9.821663349709753854e-01,8.761146876927137228e-01,9.430196125971865850e-01,8.871881674271966389e-01,8.821156166825132594e-01,9.707891912075323759e-01,9.236339032295213247e-01,9.393635491396612469e-01,8.968235333510493623e-01,8.868827654208670808e-01,9.748122427659371425e-01,9.605719013128682926e-01,1.000000000000000000e+00
