1.000000000000000000e+00,6.126919426259568313e-01,3.549697227963670154e-01,-8.511283823452471253e-01,3.807376538139731759e-01,-5.041578198447961290e-01,-8.859610437717458931e-01,-8.431485318355658176e-02,9.257779065348988867e-01,6.684599950176672856e-01,-7.872081285071548251e-01,8.710828954716827166e-01,-8.641122855998718544e-01,4.965802195288653298e-01,8.976604325935149120e-01,4.104316461577671715e-01,-1.024227864939198374e-01,-7.950222303006569957e-01,-6.329847040615325104e-01,5.391191861246904526e-01,3.991369586148010296e-01,4.732568132248392567e-01,3.776116043833901426e-01,6.805911166121894063e-01,6.293431674526621666e-01,7.302209455003511041e-01,-6.524397810841867651e-01,2.668095203579264052e-02,-6.593652411606757413e-01,7.966994818350358054e-01,-5.918403137323130503e-01,-6.948136395072522786e-01,-8.124546226726833131e-01,9.004801028077965563e-01,-7.138316538264682931e-01,-5.136681412202626085e-01,-4.816056787837374453e-01,9.329699862965354917e-01,9.275326968874335609e-01
6.126919426259568313e-01,1.000000000000000000e+00,3.384796198648526433e-01,-5.528338909885917030e-01,4.992682309392639239e-01,-1.648096790029036363e-01,-4.752444025125393545e-01,-1.981602091016053946e-01,5.556688930764708267e-01,6.583974320592912433e-01,-2.178673316604329002e-01,4.692237620060984993e-01,-3.810631535633895450e-01,6.415527621588928975e-01,4.376588153701677086e-01,5.190843575018080358e-01,2.600049170806417176e-01,-4.885157914182704508e-01,-2.003213439828511466e-01,8.322407201385850772e-02,1.483931285176308679e-01,1.959335245481323984e-01,5.325213800621066973e-01,5.980610053113237790e-01,4.563726313959698966e-01,5.273700838819658232e-01,-1.180230959075439512e-01,9.636473214098809081e-02,-3.459616281547331362e-01,7.249080659739407517e-01,-9.854638559829254074e-02,-4.545330857045368905e-02,-3.953779173294790783e-01,5.506858219006531829e-01,-1.587197630176190033e-01,6.849827512438640131e-02,7.267229788443342609e-02,5.267311845332262044e-01,6.325379070739229892e-01
3.549697227963670154e-01,3.384796198648526433e-01,1.000000000000000000e+00,-2.021373903034320851e-01,5.119761840043252077e-01,2.690142012991035281e-01,-2.641786420213352304e-01,-9.075157988680445653e-01,2.259321215385008685e-01,4.943813174717833214e-01,-3.826229290079306844e-02,2.722630445103676466e-01,-3.113186248004762846e-01,3.414864057532289165e-01,2.209552761675578070e-01,6.532801083434487399e-01,4.046041082216288443e-01,-1.140453014914117463e-01,3.164482340308170938e-02,6.259524879726212632e-01,8.246408295616444173e-01,6.430470473172434920e-01,3.894915438117469431e-01,3.683851711487813874e-01,5.233679982757289961e-01,4.822419492932633056e-01,5.703889582998492025e-02,3.763538503440360117e-01,3.948926441428294437e-02,4.086492166706748863e-01,1.685002217977288330e-01,3.896086602786708562e-03,7.342529074381609622e-02,2.561378297699117845e-01,2.512322821432472902e-02,1.848368790877828183e-01,2.122803091782372864e-01,2.734172497623467146e-01,3.100086513845884961e-01
-8.511283823452471253e-01,-5.528338909885917030e-01,-2.021373903034320851e-01,1.000000000000000000e+00,-3.717429935955572362e-01,4.532159230717086040e-01,7.976588919350217077e-01,-4.443838359503973767e-02,-8.201120794136506076e-01,-5.949538580219967399e-01,6.836908875200260471e-01,-7.661048617000593142e-01,7.528189855245415174e-01,-4.655209720967464770e-01,-8.098250000485422984e-01,-3.154878045293295630e-01,3.893068288963421469e-02,7.139438122862372671e-01,5.629822676408663407e-01,-4.198340737582372251e-01,-2.275626897179612862e-01,-3.059069139289372075e-01,-2.632223228456431197e-01,-6.345637532714004658e-01,-5.703651174238915100e-01,-7.171244743802490662e-01,5.400050676324965604e-01,-1.943062455359637064e-01,6.022933635059438684e-01,-7.564751888217380316e-01,5.021664025407371890e-01,6.144179154212465743e-01,7.590561985038736248e-01,-7.741869996680227350e-01,6.338299256308334018e-01,4.688093959775653796e-01,4.144263474497003052e-01,-8.314849859273841792e-01,-8.167371796855299459e-01
3.807376538139731759e-01,4.992682309392639239e-01,5.119761840043252077e-01,-3.717429935955572362e-01,1.000000000000000000e+00,1.787114489680767179e-02,-2.527890583063325258e-01,-4.755339304777946308e-01,2.753264668479236676e-01,6.873847376970418921e-01,-2.823342205926175370e-03,1.708965190034571757e-01,-2.138764883357925084e-01,6.694521558620506463e-01,1.680462253218797386e-01,5.864721023800288924e-01,5.144346696459283219e-01,-9.090938782012990271e-02,2.414011234219959612e-01,2.521140027121772653e-01,2.200929942136734818e-01,8.828983229341254291e-02,2.363459516561392526e-01,4.274714300837679781e-01,6.113520163877479430e-01,6.564571971522578098e-01,2.287556722155711930e-01,4.272200517793323105e-01,5.442504887770137356e-02,5.836144115690246048e-01,2.582034325258275032e-01,9.796687196279478538e-02,7.041518572561949324e-03,2.343658321920166210e-01,7.958837504347918146e-02,2.833056007468442439e-01,2.817243241357016426e-01,2.722426258330357673e-01,3.206154015126593815e-01
-5.041578198447961290e-01,-1.648096790029036363e-01,2.690142012991035281e-01,4.532159230717086040e-01,1.787114489680767179e-02,1.000000000000000000e+00,4.673110017980338649e-01,-4.115645024512122330e-01,-5.529970176133101045e-01,-1.075405606067010716e-01,6.722542386431537009e-01,-4.401346718280712556e-01,4.951609218000100898e-01,1.651608465326376979e-02,-5.323013528964023466e-01,1.884514502221217858e-01,5.496054730986078551e-01,4.536841961990126793e-01,4.377109594087914002e-01,-3.217716101565835235e-02,2.039590151866452483e-01,1.780462689135136334e-01,2.105821674496271556e-01,-1.189687446550800470e-01,1.851430997075759460e-03,-2.312371003431557270e-01,6.010312497610751370e-01,2.681949686811097022e-01,5.261561751885293070e-01,-2.723769729946310947e-01,5.407373787200162596e-01,5.850583876296756580e-01,6.843601753337353877e-01,-5.072848032518589845e-01,6.021256031518728014e-01,5.596144257364010777e-01,5.184110995153131674e-01,-5.199037571548625891e-01,-4.612615027612292362e-01
-8.859610437717458931e-01,-4.752444025125393545e-01,-2.641786420213352304e-01,7.976588919350217077e-01,-2.527890583063325258e-01,4.673110017980338649e-01,1.000000000000000000e+00,-1.699450153241318859e-02,-9.102348364667680602e-01,-6.185182852538720910e-01,8.036276204122975164e-01,-9.208783412282560699e-01,8.912177669997020102e-01,-4.502770567609611918e-01,-9.105684530722735204e-01,-3.004560564601139738e-01,1.866961787149218344e-01,8.445492275352659561e-01,7.625782844061063104e-01,-4.934189600613431148e-01,-3.580985161322334243e-01,-5.133973095043401491e-01,-3.511202632659042311e-01,-6.226613484392685693e-01,-5.407498819941509716e-01,-6.368627643576180164e-01,6.914139925468245629e-01,1.134382876150207692e-01,7.462431726370168938e-01,-7.224251221064053041e-01,6.751299755757708132e-01,7.620062333249401076e-01,8.224962106947794060e-01,-9.117605741879165615e-01,8.039392037982860950e-01,6.548220614638550208e-01,6.186618515251551820e-01,-9.109650764742285300e-01,-9.042638596557597275e-01
-8.431485318355658176e-02,-1.981602091016053946e-01,-9.075157988680445653e-01,-4.443838359503973767e-02,-4.755339304777946308e-01,-4.115645024512122330e-01,-1.699450153241318859e-02,1.000000000000000000e+00,5.956009425815821101e-02,-3.078807742074540221e-01,-2.216376857196719896e-01,2.084431327157366259e-02,5.490318131891145509e-02,-2.202591943751914805e-01,7.312790285237620591e-02,-5.594193395103820299e-01,-4.789965242683725810e-01,-1.559546094705515362e-01,-2.743824288189500860e-01,-4.675258624090969373e-01,-7.127790293815878808e-01,-4.648884931678146093e-01,-2.481628945249980123e-01,-1.509891503914825295e-01,-3.583040919694542858e-01,-3.031423638542282140e-01,-2.913767644685876790e-01,-4.249405260170185383e-01,-2.901626108842365048e-01,-1.854065577242879626e-01,-4.162441178432222388e-01,-2.601932130099826046e-01,-3.379683631705769353e-01,2.829595406168420105e-02,-2.865760907715115269e-01,-4.010578182180579709e-01,-4.342350000664758070e-01,1.511255590339652226e-02,-2.667461576334528503e-02
9.257779065348988867e-01,5.556688930764708267e-01,2.259321215385008685e-01,-8.201120794136506076e-01,2.753264668479236676e-01,-5.529970176133101045e-01,-9.102348364667680602e-01,5.956009425815821101e-02,1.000000000000000000e+00,6.395213532927154221e-01,-8.469431063697301365e-01,9.138150713627515298e-01,-8.654890545972022675e-01,4.799084297672466248e-01,9.320254118571450475e-01,2.964318403453158335e-01,-2.443147148205988828e-01,-8.520714348580165076e-01,-7.179071776715761910e-01,4.768910561361335843e-01,2.977301182891216591e-01,4.611529360985363590e-01,4.039141107882083803e-01,6.678115008236034100e-01,5.634718524724929845e-01,6.283856362647584071e-01,-7.375495791941949486e-01,-1.375473360375477072e-01,-7.698176505387276380e-01,7.773387285398526414e-01,-7.173893328489632237e-01,-7.664398929094916602e-01,-8.688810569497942282e-01,9.359985903568612819e-01,-8.112445438739114278e-01,-6.384964789765068538e-01,-6.148071758771316286e-01,9.496962830938600053e-01,9.417178780101437274e-01
6.684599950176672856e-01,6.583974320592912433e-01,4.943813174717833214e-01,-5.949538580219967399e-01,6.873847376970418921e-01,-1.075405606067010716e-01,-6.185182852538720910e-01,-3.078807742074540221e-01,6.395213532927154221e-01,1.000000000000000000e+00,-3.449541180880422164e-01,6.225563883391119768e-01,-5.020293826222949063e-01,7.513337852543103823e-01,5.717355677430751015e-01,7.105846081864387598e-01,2.605948390337590181e-01,-5.342436665946663776e-01,-2.610054760975885069e-01,4.258650113935750214e-01,3.972730191773132247e-01,4.630166313894599206e-01,5.656165882799761846e-01,7.365949409216235866e-01,7.497976142918083564e-01,7.044044690421507049e-01,-1.600710558799600114e-01,2.221140967532517496e-01,-4.308453433496291507e-01,8.412267745199413227e-01,-1.912099395268392343e-01,-2.906806079449702485e-01,-3.647106159718623841e-01,6.460971605392185069e-01,-3.427506285373779216e-01,-9.256635671876513316e-02,-1.492078580102633167e-01,6.452803576103012251e-01,7.090220977226787680e-01
-7.872081285071548251e-01,-2.178673316604329002e-01,-3.826229290079306844e-02,6.836908875200260471e-01,-2.823342205926175370e-03,6.722542386431537009e-01,8.036276204122975164e-01,-2.216376857196719896e-01,-8.469431063697301365e-01,-3.449541180880422164e-01,1.000000000000000000e+00,-8.245003506807873084e-01,8.289134529399018181e-01,-1.511353445449610533e-01,-8.796481521068824083e-01,-2.032457843996024211e-03,5.355427536476955463e-01,7.451392333988651195e-01,7.628430165904127591e-01,-4.928005359680751041e-01,-2.212363299685786433e-01,-3.777336964999042923e-01,-1.499042611105569078e-01,-4.280709059318905663e-01,-3.880334246964523559e-01,-4.553476728204915447e-01,8.251842626863131747e-01,2.411841560667189743e-01,7.235724396366375322e-01,-5.027169699645823719e-01,8.291707394278554633e-01,8.951151839524271736e-01,8.763650426427904705e-01,-8.086106120512571716e-01,8.606382096914491076e-01,7.814381465612247890e-01,7.497197465948364226e-01,-8.515435244336562182e-01,-7.853599850080258404e-01
8.710828954716827166e-01,4.692237620060984993e-01,2.722630445103676466e-01,-7.661048617000593142e-01,1.708965190034571757e-01,-4.401346718280712556e-01,-9.208783412282560699e-01,2.084431327157366259e-02,9.138150713627515298e-01,6.225563883391119768e-01,-8.245003506807873084e-01,1.000000000000000000e+00,-8.669458791779427465e-01,4.247817020199715632e-01,9.393348538497381384e-01,3.224100276328024650e-01,-2.378124674268313754e-01,-8.750181572877544500e-01,-7.938036532085595010e-01,5.529527498549100528e-01,4.061670751726790818e-01,6.076051939911827349e-01,4.557098594145231885e-01,6.554599084790806440e-01,5.233328037563753643e-01,5.918596993200270218e-01,-7.291846692533510144e-01,-1.580018920677135619e-01,-7.947366486197094959e-01,7.200823008913459500e-01,-7.432251435857433197e-01,-7.852785871968033238e-01,-8.315077584280525791e-01,9.256710639763086057e-01,-8.289437241171957460e-01,-6.951092745597413636e-01,-6.626689330496067232e-01,9.260495330050505514e-01,9.169274644989052758e-01
-8.641122855998718544e-01,-3.810631535633895450e-01,-3.113186248004762846e-01,7.528189855245415174e-01,-2.138764883357925084e-01,4.951609218000100898e-01,8.912177669997020102e-01,5.490318131891145509e-02,-8.654890545972022675e-01,-5.020293826222949063e-01,8.289134529399018181e-01,-8.669458791779427465e-01,1.000000000000000000e+00,-3.363205059455423029e-01,-8.835843282751530969e-01,-2.305359968300852991e-01,2.189194686616904584e-01,7.553044313296281009e-01,7.069908764722777628e-01,-5.544822778875795333e-01,-4.064268459839082692e-01,-4.988981044808848964e-01,-2.320772567912859352e-01,-5.102808498811737259e-01,-4.694922084854665223e-01,-6.662396393421808893e-01,6.832511114343310377e-01,1.125027037402351743e-01,6.339779206822324653e-01,-6.552629897112598467e-01,6.197709065244009219e-01,7.406755136521278038e-01,7.953447318079174266e-01,-8.543859064473513509e-01,7.616311754739861772e-01,6.583993698911014825e-01,5.387578400880388418e-01,-8.710746185865669844e-01,-8.328364499609304250e-01
4.965802195288653298e-01,6.415527621588928975e-01,3.414864057532289165e-01,-4.655209720967464770e-01,6.694521558620506463e-01,1.651608465326376979e-02,-4.502770567609611918e-01,-2.202591943751914805e-01,4.799084297672466248e-01,7.513337852543103823e-01,-1.511353445449610533e-01,4.247817020199715632e-01,-3.363205059455423029e-01,1.000000000000000000e+00,3.803533610118690622e-01,5.634222466958774822e-01,3.973441409224572340e-01,-3.962884573559303791e-01,-1.504965548756084792e-01,1.735695952604530135e-01,1.454960699587454775e-01,2.304605301327085076e-01,6.098896243118643312e-01,6.339109474887153484e-01,6.275277084036839925e-01,5.545525207698335235e-01,-6.145433435382183229e-02,8.247806653388019271e-02,-2.793237041837858259e-01,7.238182647022981531e-01,-1.047699885119639240e-01,-8.123183950313606072e-02,-2.203285082199467892e-01,4.810514040792543411e-01,-1.538843996145118076e-01,2.602801243412032617e-02,-7.524078887404726107e-03,4.512714312020695284e-01,5.388726776010832609e-01
8.976604325935149120e-01,4.376588153701677086e-01,2.209552761675578070e-01,-8.098250000485422984e-01,1.680462253218797386e-01,-5.323013528964023466e-01,-9.105684530722735204e-01,7.312790285237620591e-02,9.320254118571450475e-01,5.717355677430751015e-01,-8.796481521068824083e-01,9.393348538497381384e-01,-8.835843282751530969e-01,3.803533610118690622e-01,1.000000000000000000e+00,2.620502793353084448e-01,-2.874731978124414611e-01,-8.645337722012393922e-01,-7.822593584291720470e-01,5.600287911896938420e-01,3.632537629525774969e-01,5.318706913032590355e-01,3.715977405143874868e-01,6.270712213380081890e-01,5.221139556507576884e-01,6.095140590727443630e-01,-7.780059725443801977e-01,-1.389894296597141143e-01,-7.769907850167341312e-01,7.103722155765901380e-01,-7.704091204352436772e-01,-8.266223253442422925e-01,-8.770630675430384215e-01,9.201716603997328603e-01,-8.513741980732933978e-01,-7.184776425533258015e-01,-6.783594846742927453e-01,9.443779303356799604e-01,9.165945907178724150e-01
4.104316461577671715e-01,5.190843575018080358e-01,6.532801083434487399e-01,-3.154878045293295630e-01,5.864721023800288924e-01,1.884514502221217858e-01,-3.004560564601139738e-01,-5.594193395103820299e-01,2.964318403453158335e-01,7.105846081864387598e-01,-2.032457843996024211e-03,3.224100276328024650e-01,-2.305359968300852991e-01,5.634222466958774822e-01,2.620502793353084448e-01,1.000000000000000000e+00,5.450738077864616393e-01,-2.302885256843003048e-01,-1.155648825973462634e-02,4.496882861280017130e-01,5.836739263511960818e-01,5.204335206286094806e-01,5.884725205694939509e-01,5.576801967736210175e-01,6.479619061507589928e-01,5.583460824194875771e-01,4.947565625578545512e-02,4.158470184134541170e-01,-1.123844774006396430e-01,5.849209507054192736e-01,9.751247988559386126e-02,-1.536805518154777707e-02,-2.925414020427792930e-02,3.521551798028754732e-01,-9.660182963950401935e-03,2.264203770576403707e-01,1.350046600870485336e-01,3.323327945398294458e-01,4.021209367086462927e-01
-1.024227864939198374e-01,2.600049170806417176e-01,4.046041082216288443e-01,3.893068288963421469e-02,5.144346696459283219e-01,5.496054730986078551e-01,1.866961787149218344e-01,-4.789965242683725810e-01,-2.443147148205988828e-01,2.605948390337590181e-01,5.355427536476955463e-01,-2.378124674268313754e-01,2.189194686616904584e-01,3.973441409224572340e-01,-2.874731978124414611e-01,5.450738077864616393e-01,1.000000000000000000e+00,2.932701462142101034e-01,4.349695474776342774e-01,2.228296828286989786e-02,1.963302548541424886e-01,2.530945736956113565e-02,1.740055313048474994e-01,1.512961806100816819e-01,2.588706907335578955e-01,3.121221900095141888e-01,5.636741812850747380e-01,4.765682442524406537e-01,4.662001692220194005e-01,1.911901159099206882e-01,6.027204365063234537e-01,5.352374631407992300e-01,4.550478656725341353e-01,-2.201340766758923539e-01,5.290225439510234384e-01,6.039582065703221758e-01,6.205665478015043313e-01,-2.287800049609516884e-01,-1.568914499546845143e-01
-7.950222303006569957e-01,-4.885157914182704508e-01,-1.140453014914117463e-01,7.139438122862372671e-01,-9.090938782012990271e-02,4.536841961990126793e-01,8.445492275352659561e-01,-1.559546094705515362e-01,-8.520714348580165076e-01,-5.342436665946663776e-01,7.451392333988651195e-01,-8.750181572877544500e-01,7.553044313296281009e-01,-3.962884573559303791e-01,-8.645337722012393922e-01,-2.302885256843003048e-01,2.932701462142101034e-01,1.000000000000000000e+00,8.139283880259777781e-01,-3.419947559590671982e-01,-2.321998414212687878e-01,-4.716088438602806243e-01,-4.731498889238186512e-01,-5.895879188230899182e-01,-4.161452956156466154e-01,-4.410928219400843675e-01,7.309564374222873306e-01,2.909735631639163711e-01,8.291034703837696362e-01,-6.350499812430348001e-01,7.663819967788427778e-01,7.250831293344279782e-01,8.123293629053099929e-01,-8.652957793828203181e-01,8.034225800995283828e-01,6.715476311505428342e-01,6.772198262163696691e-01,-8.535392880429533147e-01,-8.634986206005738074e-01
-6.329847040615325104e-01,-2.003213439828511466e-01,3.164482340308170938e-02,5.629822676408663407e-01,2.414011234219959612e-01,4.377109594087914002e-01,7.625782844061063104e-01,-2.743824288189500860e-01,-7.179071776715761910e-01,-2.610054760975885069e-01,7.628430165904127591e-01,-7.938036532085595010e-01,7.069908764722777628e-01,-1.504965548756084792e-01,-7.822593584291720470e-01,-1.155648825973462634e-02,4.349695474776342774e-01,8.139283880259777781e-01,1.000000000000000000e+00,-3.365482419510568701e-01,-1.857160713760730719e-01,-4.481451652349154324e-01,-2.793946112214698019e-01,-4.187329944075953714e-01,-2.655438146959809842e-01,-2.806614685273647880e-01,7.562340723173782697e-01,3.669768550117445405e-01,7.728066501783251718e-01,-3.947368068497896232e-01,8.194740356746896826e-01,7.900706279636339202e-01,7.741490907118290243e-01,-7.399182265289105942e-01,7.995214390268446936e-01,7.722745818591847389e-01,7.594331430911100966e-01,-7.261928376472052138e-01,-7.021352529908176932e-01
5.391191861246904526e-01,8.322407201385850772e-02,6.259524879726212632e-01,-4.198340737582372251e-01,2.521140027121772653e-01,-3.217716101565835235e-02,-4.934189600613431148e-01,-4.675258624090969373e-01,4.768910561361335843e-01,4.258650113935750214e-01,-4.928005359680751041e-01,5.529527498549100528e-01,-5.544822778875795333e-01,1.735695952604530135e-01,5.600287911896938420e-01,4.496882861280017130e-01,2.228296828286989786e-02,-3.419947559590671982e-01,-3.365482419510568701e-01,1.000000000000000000e+00,7.827041359670933174e-01,7.413824109197080237e-01,2.581324865815194380e-01,4.147994341941599328e-01,5.574303207896585954e-01,5.304299814891959564e-01,-3.489324080686784790e-01,3.113377895822406205e-01,-2.419389015924125752e-01,4.025939508929908262e-01,-3.040629989798590560e-01,-4.962248096607972392e-01,-3.166628821209231393e-01,4.791858986982400759e-01,-3.919891964321071676e-01,-2.914628189012244963e-01,-2.619541166579737457e-01,5.499208728262381385e-01,5.067515261132391480e-01
3.991369586148010296e-01,1.483931285176308679e-01,8.246408295616444173e-01,-2.275626897179612862e-01,2.200929942136734818e-01,2.039590151866452483e-01,-3.580985161322334243e-01,-7.127790293815878808e-01,2.977301182891216591e-01,3.972730191773132247e-01,-2.212363299685786433e-01,4.061670751726790818e-01,-4.064268459839082692e-01,1.454960699587454775e-01,3.632537629525774969e-01,5.836739263511960818e-01,1.963302548541424886e-01,-2.321998414212687878e-01,-1.857160713760730719e-01,7.827041359670933174e-01,1.000000000000000000e+00,8.213027732504533107e-01,3.620435269653645705e-01,3.656886750756207505e-01,4.621316533279632988e-01,3.970543208375236777e-01,-1.875250149835349101e-01,3.129352744642032724e-01,-1.137433142893137378e-01,3.169049484453081433e-01,-9.267115946457149533e-02,-2.531863746984925334e-01,-6.605373806329914443e-02,3.571988115600055469e-01,-1.981259931210336278e-01,-6.217538508924044804e-02,-7.006424885266299141e-02,3.690821339356152309e-01,3.726535039813161365e-01
4.732568132248392567e-01,1.959335245481323984e-01,6.430470473172434920e-01,-3.059069139289372075e-01,8.828983229341254291e-02,1.780462689135136334e-01,-5.133973095043401491e-01,-4.648884931678146093e-01,4.611529360985363590e-01,4.630166313894599206e-01,-3.777336964999042923e-01,6.076051939911827349e-01,-4.988981044808848964e-01,2.304605301327085076e-01,5.318706913032590355e-01,5.204335206286094806e-01,2.530945736956113565e-02,-4.716088438602806243e-01,-4.481451652349154324e-01,7.413824109197080237e-01,8.213027732504533107e-01,1.000000000000000000e+00,5.692052325823476755e-01,5.330858344671398630e-01,4.782421173033861161e-01,3.528549976629046792e-01,-3.547010782876207635e-01,5.147156022008831516e-02,-4.274050594316375351e-01,4.169396950352818321e-01,-3.792026291506470081e-01,-4.286608639401631171e-01,-2.476005327897241315e-01,5.291467776049306737e-01,-4.233432125645062438e-01,-3.120082774111324619e-01,-3.340517506587967200e-01,5.207671346162784376e-01,5.276573555392629622e-01
3.776116043833901426e-01,5.325213800621066973e-01,3.894915438117469431e-01,-2.632223228456431197e-01,2.363459516561392526e-01,2.105821674496271556e-01,-3.511202632659042311e-01,-2.481628945249980123e-01,4.039141107882083803e-01,5.656165882799761846e-01,-1.499042611105569078e-01,4.557098594145231885e-01,-2.320772567912859352e-01,6.098896243118643312e-01,3.715977405143874868e-01,5.884725205694939509e-01,1.740055313048474994e-01,-4.731498889238186512e-01,-2.793946112214698019e-01,2.581324865815194380e-01,3.620435269653645705e-01,5.692052325823476755e-01,1.000000000000000000e+00,5.785441957052491757e-01,5.274238978139479395e-01,2.259076548806003559e-01,-2.005985637987179049e-01,-1.294487396352366482e-01,-4.014123825795511968e-01,4.964793524484961140e-01,-2.857661023583235038e-01,-1.387959549417441263e-01,-2.059942470482364341e-01,4.630926267637230920e-01,-2.029208271398717789e-01,-3.643889185526273666e-02,-1.647225404386190029e-01,4.059586756225501691e-01,4.954237906000264480e-01
6.805911166121894063e-01,5.980610053113237790e-01,3.683851711487813874e-01,-6.345637532714004658e-01,4.274714300837679781e-01,-1.189687446550800470e-01,-6.226613484392685693e-01,-1.509891503914825295e-01,6.678115008236034100e-01,7.365949409216235866e-01,-4.280709059318905663e-01,6.554599084790806440e-01,-5.102808498811737259e-01,6.339109474887153484e-01,6.270712213380081890e-01,5.576801967736210175e-01,1.512961806100816819e-01,-5.895879188230899182e-01,-4.187329944075953714e-01,4.147994341941599328e-01,3.656886750756207505e-01,5.330858344671398630e-01,5.785441957052491757e-01,1.000000000000000000e+00,6.570611897714416783e-01,5.911231864844043171e-01,-3.335391328343921269e-01,1.251276215453125118e-01,-5.621636381867420873e-01,7.556445566294087701e-01,-3.837210706589430087e-01,-4.063575187282190693e-01,-4.565902438689730669e-01,6.586224776562020766e-01,-4.515623556848527564e-01,-2.712539017036749711e-01,-2.994435963303679893e-01,6.867853033656172723e-01,7.180288660526857880e-01
6.293431674526621666e-01,4.563726313959698966e-01,5.233679982757289961e-01,-5.703651174238915100e-01,6.113520163877479430e-01,1.851430997075759460e-03,-5.407498819941509716e-01,-3.583040919694542858e-01,5.634718524724929845e-01,7.497976142918083564e-01,-3.880334246964523559e-01,5.233328037563753643e-01,-4.694922084854665223e-01,6.275277084036839925e-01,5.221139556507576884e-01,6.479619061507589928e-01,2.588706907335578955e-01,-4.161452956156466154e-01,-2.655438146959809842e-01,5.574303207896585954e-01,4.621316533279632988e-01,4.782421173033861161e-01,5.274238978139479395e-01,6.570611897714416783e-01,1.000000000000000000e+00,6.639586476705721108e-01,-2.176193144871957363e-01,3.053746222111991537e-01,-2.998845559535678884e-01,6.835786693550675031e-01,-2.265092985818051574e-01,-3.715028421342737586e-01,-3.155305706806842969e-01,5.319969543311058313e-01,-2.865186038255697620e-01,-3.873704510137002122e-02,-1.660216212252967616e-01,5.950836283217035838e-01,6.200806579684835507e-01
7.302209455003511041e-01,5.273700838819658232e-01,4.822419492932633056e-01,-7.171244743802490662e-01,6.564571971522578098e-01,-2.312371003431557270e-01,-6.368627643576180164e-01,-3.031423638542282140e-01,6.283856362647584071e-01,7.044044690421507049e-01,-4.553476728204915447e-01,5.918596993200270218e-01,-6.662396393421808893e-01,5.545525207698335235e-01,6.095140590727443630e-01,5.583460824194875771e-01,3.121221900095141888e-01,-4.410928219400843675e-01,-2.806614685273647880e-01,5.304299814891959564e-01,3.970543208375236777e-01,3.528549976629046792e-01,2.259076548806003559e-01,5.911231864844043171e-01,6.639586476705721108e-01,1.000000000000000000e+00,-1.415212158399600240e-01,3.432886109520664197e-01,-2.540460561104742609e-01,7.686650470566920301e-01,-1.412577839230358678e-01,-3.292369691086495243e-01,-4.457556027210054506e-01,5.934744400814432330e-01,-3.150281615177336070e-01,-1.583283024995558452e-01,-3.713131612633249062e-02,6.532767631539465603e-01,6.436031748788099138e-01
-6.524397810841867651e-01,-1.180230959075439512e-01,5.703889582998492025e-02,5.400050676324965604e-01,2.287556722155711930e-01,6.010312497610751370e-01,6.914139925468245629e-01,-2.913767644685876790e-01,-7.375495791941949486e-01,-1.600710558799600114e-01,8.251842626863131747e-01,-7.291846692533510144e-01,6.832511114343310377e-01,-6.145433435382183229e-02,-7.780059725443801977e-01,4.947565625578545512e-02,5.636741812850747380e-01,7.309564374222873306e-01,7.562340723173782697e-01,-3.489324080686784790e-01,-1.875250149835349101e-01,-3.547010782876207635e-01,-2.005985637987179049e-01,-3.335391328343921269e-01,-2.176193144871957363e-01,-1.415212158399600240e-01,1.000000000000000000e+00,3.598349447782146493e-01,7.544928797481889049e-01,-3.374670130684687130e-01,8.710214118004621087e-01,8.581754178115330589e-01,8.082361901022107054e-01,-7.347344322277011841e-01,8.587347103017123340e-01,8.002187875231798753e-01,8.279726369580486800e-01,-7.340403940226633006e-01,-6.818663986434854163e-01
2.668095203579264052e-02,9.636473214098809081e-02,3.763538503440360117e-01,-1.943062455359637064e-01,4.272200517793323105e-01,2.681949686811097022e-01,1.134382876150207692e-01,-4.249405260170185383e-01,-1.375473360375477072e-01,2.221140967532517496e-01,2.411841560667189743e-01,-1.580018920677135619e-01,1.125027037402351743e-01,8.247806653388019271e-02,-1.389894296597141143e-01,4.158470184134541170e-01,4.765682442524406537e-01,2.909735631639163711e-01,3.669768550117445405e-01,3.113377895822406205e-01,3.129352744642032724e-01,5.147156022008831516e-02,-1.294487396352366482e-01,1.251276215453125118e-01,3.053746222111991537e-01,3.432886109520664197e-01,3.598349447782146493e-01,1.000000000000000000e+00,3.306887328038902729e-01,1.260607809392459144e-01,4.756433689316706404e-01,2.069403400769928292e-01,2.456240674511907529e-01,-1.551649270143837800e-01,3.131963986193790350e-01,4.136602303321648133e-01,4.151124462006033355e-01,-8.103084114261208115e-02,-7.907791071561982854e-02
-6.593652411606757413e-01,-3.459616281547331362e-01,3.948926441428294437e-02,6.022933635059438684e-01,5.442504887770137356e-02,5.261561751885293070e-01,7.462431726370168938e-01,-2.901626108842365048e-01,-7.698176505387276380e-01,-4.308453433496291507e-01,7.235724396366375322e-01,-7.947366486197094959e-01,6.339779206822324653e-01,-2.793237041837858259e-01,-7.769907850167341312e-01,-1.123844774006396430e-01,4.662001692220194005e-01,8.291034703837696362e-01,7.728066501783251718e-01,-2.419389015924125752e-01,-1.137433142893137378e-01,-4.274050594316375351e-01,-4.014123825795511968e-01,-5.621636381867420873e-01,-2.998845559535678884e-01,-2.540460561104742609e-01,7.544928797481889049e-01,3.306887328038902729e-01,1.000000000000000000e+00,-5.396906276339711317e-01,8.017239154194015782e-01,7.570281043855469072e-01,7.634159256466721555e-01,-7.862458391407530778e-01,8.495020437978181294e-01,7.496086912013032455e-01,7.992097865653416955e-01,-7.636450024761195499e-01,-7.553504593759113872e-01
7.966994818350358054e-01,7.249080659739407517e-01,4.086492166706748863e-01,-7.564751888217380316e-01,5.836144115690246048e-01,-2.723769729946310947e-01,-7.224251221064053041e-01,-1.854065577242879626e-01,7.773387285398526414e-01,8.412267745199413227e-01,-5.027169699645823719e-01,7.200823008913459500e-01,-6.552629897112598467e-01,7.238182647022981531e-01,7.103722155765901380e-01,5.849209507054192736e-01,1.911901159099206882e-01,-6.350499812430348001e-01,-3.947368068497896232e-01,4.025939508929908262e-01,3.169049484453081433e-01,4.169396950352818321e-01,4.964793524484961140e-01,7.556445566294087701e-01,6.835786693550675031e-01,7.686650470566920301e-01,-3.374670130684687130e-01,1.260607809392459144e-01,-5.396906276339711317e-01,1.000000000000000000e+00,-3.274487416257040873e-01,-3.979814395907582125e-01,-5.522175486689816504e-01,7.519385187166456319e-01,-4.811372772343511794e-01,-2.557743509290819617e-01,-2.353835948335101513e-01,7.709475282577634703e-01,8.092316313973527686e-01
-5.918403137323130503e-01,-9.854638559829254074e-02,1.685002217977288330e-01,5.021664025407371890e-01,2.582034325258275032e-01,5.407373787200162596e-01,6.751299755757708132e-01,-4.162441178432222388e-01,-7.173893328489632237e-01,-1.912099395268392343e-01,8.291707394278554633e-01,-7.432251435857433197e-01,6.197709065244009219e-01,-1.047699885119639240e-01,-7.704091204352436772e-01,9.751247988559386126e-02,6.027204365063234537e-01,7.663819967788427778e-01,8.194740356746896826e-01,-3.040629989798590560e-01,-9.267115946457149533e-02,-3.792026291506470081e-01,-2.857661023583235038e-01,-3.837210706589430087e-01,-2.265092985818051574e-01,-1.412577839230358678e-01,8.710214118004621087e-01,4.756433689316706404e-01,8.017239154194015782e-01,-3.274487416257040873e-01,1.000000000000000000e+00,8.600120221997217262e-01,7.921049832686885006e-01,-7.117224981001345485e-01,8.519687427304918348e-01,8.224212830928715467e-01,8.750298817126641593e-01,-7.145083555908394723e-01,-6.695172408330615221e-01
-6.948136395072522786e-01,-4.545330857045368905e-02,3.896086602786708562e-03,6.144179154212465743e-01,9.796687196279478538e-02,5.850583876296756580e-01,7.620062333249401076e-01,-2.601932130099826046e-01,-7.664398929094916602e-01,-2.906806079449702485e-01,8.951151839524271736e-01,-7.852785871968033238e-01,7.406755136521278038e-01,-8.123183950313606072e-02,-8.266223253442422925e-01,-1.536805518154777707e-02,5.352374631407992300e-01,7.250831293344279782e-01,7.900706279636339202e-01,-4.962248096607972392e-01,-2.531863746984925334e-01,-4.286608639401631171e-01,-1.387959549417441263e-01,-4.063575187282190693e-01,-3.715028421342737586e-01,-3.292369691086495243e-01,8.581754178115330589e-01,2.069403400769928292e-01,7.570281043855469072e-01,-3.979814395907582125e-01,8.600120221997217262e-01,1.000000000000000000e+00,8.050616238775429867e-01,-7.493909543255146133e-01,8.814028697130332768e-01,8.240900487611997338e-01,8.627310062636153187e-01,-7.854402228470011016e-01,-7.122097283645478782e-01
-8.124546226726833131e-01,-3.953779173294790783e-01,7.342529074381609622e-02,7.590561985038736248e-01,7.041518572561949324e-03,6.843601753337353877e-01,8.224962106947794060e-01,-3.379683631705769353e-01,-8.688810569497942282e-01,-3.647106159718623841e-01,8.763650426427904705e-01,-8.315077584280525791e-01,7.953447318079174266e-01,-2.203285082199467892e-01,-8.770630675430384215e-01,-2.925414020427792930e-02,4.550478656725341353e-01,8.123293629053099929e-01,7.741490907118290243e-01,-3.166628821209231393e-01,-6.605373806329914443e-02,-2.476005327897241315e-01,-2.059942470482364341e-01,-4.565902438689730669e-01,-3.155305706806842969e-01,-4.457556027210054506e-01,8.082361901022107054e-01,2.456240674511907529e-01,7.634159256466721555e-01,-5.522175486689816504e-01,7.921049832686885006e-01,8.050616238775429867e-01,1.000000000000000000e+00,-8.339351057958981350e-01,8.356872046785263075e-01,7.523775033185226002e-01,6.997037228540458065e-01,-8.610417402581628243e-01,-8.237299283046778386e-01
9.004801028077965563e-01,5.506858219006531829e-01,2.561378297699117845e-01,-7.741869996680227350e-01,2.343658321920166210e-01,-5.072848032518589845e-01,-9.117605741879165615e-01,2.829595406168420105e-02,9.359985903568612819e-01,6.460971605392185069e-01,-8.086106120512571716e-01,9.256710639763086057e-01,-8.543859064473513509e-01,4.810514040792543411e-01,9.201716603997328603e-01,3.521551798028754732e-01,-2.201340766758923539e-01,-8.652957793828203181e-01,-7.399182265289105942e-01,4.791858986982400759e-01,3.571988115600055469e-01,5.291467776049306737e-01,4.630926267637230920e-01,6.586224776562020766e-01,5.319969543311058313e-01,5.934744400814432330e-01,-7.347344322277011841e-01,-1.551649270143837800e-01,-7.862458391407530778e-01,7.519385187166456319e-01,-7.117224981001345485e-01,-7.493909543255146133e-01,-8.339351057958981350e-01,1.000000000000000000e+00,-8.061687499435218340e-01,-6.322602140580665386e-01,-6.185049036745231543e-01,9.289816452754734444e-01,9.322010898153511027e-01
-7.138316538264682931e-01,-1.587197630176190033e-01,2.512322821432472902e-02,6.338299256308334018e-01,7.958837504347918146e-02,6.021256031518728014e-01,8.039392037982860950e-01,-2.865760907715115269e-01,-8.112445438739114278e-01,-3.427506285373779216e-01,8.606382096914491076e-01,-8.289437241171957460e-01,7.616311754739861772e-01,-1.538843996145118076e-01,-8.513741980732933978e-01,-9.660182963950401935e-03,5.290225439510234384e-01,8.034225800995283828e-01,7.995214390268446936e-01,-3.919891964321071676e-01,-1.981259931210336278e-01,-4.233432125645062438e-01,-2.029208271398717789e-01,-4.515623556848527564e-01,-2.865186038255697620e-01,-3.150281615177336070e-01,8.587347103017123340e-01,3.131963986193790350e-01,8.495020437978181294e-01,-4.811372772343511794e-01,8.519687427304918348e-01,8.814028697130332768e-01,8.356872046785263075e-01,-8.061687499435218340e-01,1.000000000000000000e+00,8.636597298102989262e-01,8.713088819433387755e-01,-8.157006001548637864e-01,-7.624273530923670883e-01
-5.136681412202626085e-01,6.849827512438640131e-02,1.848368790877828183e-01,4.688093959775653796e-01,2.833056007468442439e-01,5.596144257364010777e-01,6.548220614638550208e-01,-4.010578182180579709e-01,-6.384964789765068538e-01,-9.256635671876513316e-02,7.814381465612247890e-01,-6.951092745597413636e-01,6.583993698911014825e-01,2.602801243412032617e-02,-7.184776425533258015e-01,2.264203770576403707e-01,6.039582065703221758e-01,6.715476311505428342e-01,7.722745818591847389e-01,-2.914628189012244963e-01,-6.217538508924044804e-02,-3.120082774111324619e-01,-3.643889185526273666e-02,-2.712539017036749711e-01,-3.873704510137002122e-02,-1.583283024995558452e-01,8.002187875231798753e-01,4.136602303321648133e-01,7.496086912013032455e-01,-2.557743509290819617e-01,8.224212830928715467e-01,8.240900487611997338e-01,7.523775033185226002e-01,-6.322602140580665386e-01,8.636597298102989262e-01,1.000000000000000000e+00,8.420588959072700108e-01,-6.436842905541677595e-01,-5.619887922307038597e-01
-4.816056787837374453e-01,7.267229788443342609e-02,2.122803091782372864e-01,4.144263474497003052e-01,2.817243241357016426e-01,5.184110995153131674e-01,6.186618515251551820e-01,-4.342350000664758070e-01,-6.148071758771316286e-01,-1.492078580102633167e-01,7.497197465948364226e-01,-6.626689330496067232e-01,5.387578400880388418e-01,-7.524078887404726107e-03,-6.783594846742927453e-01,1.350046600870485336e-01,6.205665478015043313e-01,6.772198262163696691e-01,7.594331430911100966e-01,-2.619541166579737457e-01,-7.006424885266299141e-02,-3.340517506587967200e-01,-1.647225404386190029e-01,-2.994435963303679893e-01,-1.660216212252967616e-01,-3.713131612633249062e-02,8.279726369580486800e-01,4.151124462006033355e-01,7.992097865653416955e-01,-2.353835948335101513e-01,8.750298817126641593e-01,8.627310062636153187e-01,6.997037228540458065e-01,-6.185049036745231543e-01,8.713088819433387755e-01,8.420588959072700108e-01,1.000000000000000000e+00,-6.211542635847070448e-01,-5.655019934866822862e-01
9.329699862965354917e-01,5.267311845332262044e-01,2.734172497623467146e-01,-8.314849859273841792e-01,2.722426258330357673e-01,-5.199037571548625891e-01,-9.109650764742285300e-01,1.511255590339652226e-02,9.496962830938600053e-01,6.452803576103012251e-01,-8.515435244336562182e-01,9.260495330050505514e-01,-8.710746185865669844e-01,4.512714312020695284e-01,9.443779303356799604e-01,3.323327945398294458e-01,-2.287800049609516884e-01,-8.535392880429533147e-01,-7.261928376472052138e-01,5.499208728262381385e-01,3.690821339356152309e-01,5.207671346162784376e-01,4.059586756225501691e-01,6.867853033656172723e-01,5.950836283217035838e-01,6.532767631539465603e-01,-7.340403940226633006e-01,-8.103084114261208115e-02,-7.636450024761195499e-01,7.709475282577634703e-01,-7.145083555908394723e-01,-7.854402228470011016e-01,-8.610417402581628243e-01,9.289816452754734444e-01,-8.157006001548637864e-01,-6.436842905541677595e-01,-6.211542635847070448e-01,1.000000000000000000e+00,9.434582925910385276e-01
9.275326968874335609e-01,6.325379070739229892e-01,3.100086513845884961e-01,-8.167371796855299459e-01,3.206154015126593815e-01,-4.612615027612292362e-01,-9.042638596557597275e-01,-2.667461576334528503e-02,9.417178780101437274e-01,7.090220977226787680e-01,-7.853599850080258404e-01,9.169274644989052758e-01,-8.328364499609304250e-01,5.388726776010832609e-01,9.165945907178724150e-01,4.021209367086462927e-01,-1.568914499546845143e-01,-8.634986206005738074e-01,-7.021352529908176932e-01,5.067515261132391480e-01,3.726535039813161365e-01,5.276573555392629622e-01,4.954237906000264480e-01,7.180288660526857880e-01,6.200806579684835507e-01,6.436031748788099138e-01,-6.818663986434854163e-01,-7.907791071561982854e-02,-7.553504593759113872e-01,8.092316313973527686e-01,-6.695172408330615221e-01,-7.122097283645478782e-01,-8.237299283046778386e-01,9.322010898153511027e-01,-7.624273530923670883e-01,-5.619887922307038597e-01,-5.655019934866822862e-01,9.434582925910385276e-01,1.000000000000000000e+00
