1.000000000000000000e+00,9.658497938793885185e-01,9.437581345151112577e-01,9.467872375293475695e-01,9.354437125802794739e-01,9.719324108622074965e-01,9.200977530224736523e-01,8.952870085318839211e-01,9.335466639847977977e-01,9.204253329785693216e-01,9.080461905482345442e-01,8.873709525614723592e-01,9.267611285773558194e-01,9.785532244216894604e-01,9.271738146853758522e-01,9.200843814787685870e-01,9.306083602259725973e-01,9.502982471088837757e-01,9.552463587060017192e-01,9.473692281107758406e-01,9.460245498827484223e-01,9.615968667475246479e-01,9.309692093928999546e-01,9.291772611407040916e-01,9.217070122328206994e-01,9.744204137601482074e-01,9.286784021613837536e-01,9.273963279607218002e-01,9.715627623750716646e-01,9.462116107027539469e-01,9.106426957112953025e-01,9.578956780056482323e-01,9.173435946857113610e-01,9.784378392158951110e-01,8.787759867495761323e-01,8.972870440748805798e-01,9.730242644394985208e-01,9.573374974116473091e-01,9.582165823587238673e-01
9.658497938793885185e-01,1.000000000000000000e+00,9.221162315858895120e-01,9.271090955654489596e-01,9.181341919894991932e-01,9.775691124671351817e-01,9.042010486906683076e-01,9.095840797942208455e-01,9.203372351000421725e-01,9.056363835348011371e-01,9.223462181489493483e-01,9.065719442504005521e-01,9.132050926565570270e-01,9.730837434479390202e-01,9.420598288328618786e-01,9.397718550987097519e-01,9.182132877605131416e-01,9.726872034468262429e-01,9.758992336793368416e-01,9.310018110203830410e-01,9.269747844021370975e-01,9.414308009708816094e-01,9.494243490478305736e-01,9.474601410334366758e-01,9.392355830094151203e-01,9.526023902607722027e-01,9.500349226115221146e-01,9.136754754331791739e-01,9.775328728445568105e-01,9.655444813525440040e-01,8.931029005951671706e-01,9.393372779532528360e-01,8.998172790447447333e-01,9.586925751082584490e-01,8.968129193149457778e-01,9.177821306093426612e-01,9.536728245117985781e-01,9.367291192942099887e-01,9.361157716543462293e-01
9.437581345151112577e-01,9.221162315858895120e-01,1.000000000000000000e+00,9.820008213538320430e-01,9.747273432355486600e-01,9.283803710104510110e-01,9.680221870766979597e-01,8.784496895521278770e-01,9.699213096358931807e-01,9.512186195104977982e-01,8.845899469221287781e-01,8.661831245904327847e-01,9.672361543818771557e-01,9.367605176909001852e-01,8.949690956246483253e-01,8.900761131078578359e-01,9.658095500625578644e-01,9.104477795626468861e-01,9.154735558439416332e-01,9.774113558979516947e-01,9.810679471884045100e-01,9.587799845855214942e-01,8.908056764772924740e-01,8.901512296886493480e-01,8.915966056098252324e-01,9.457247884467555599e-01,8.907505248508993390e-01,9.640074620641807535e-01,9.285381557873174652e-01,9.021742348135196599e-01,9.471407015840768162e-01,9.686742423422451953e-01,9.566301222448624353e-01,9.417396030326073975e-01,8.587029334354012722e-01,8.743923318935120648e-01,9.451086186414843215e-01,9.736680622104539884e-01,9.721504473446281880e-01
9.467872375293475695e-01,9.271090955654489596e-01,9.820008213538320430e-01,1.000000000000000000e+00,9.743868565729468800e-01,9.323180065978374786e-01,9.668216467856425300e-01,8.852877012562496706e-01,9.700991709388142592e-01,9.530166344489976460e-01,8.886621820665887572e-01,8.755591341863632193e-01,9.664862830340097410e-01,9.412307693435223444e-01,9.014257149461440966e-01,8.948476158641466283e-01,9.657604916685926799e-01,9.154431345110668472e-01,9.206600820447339295e-01,9.801791041895588918e-01,9.808107757356725465e-01,9.613439014059427246e-01,8.984811163077212059e-01,8.980553479511705905e-01,8.967641048519008340e-01,9.497629881767152282e-01,8.982215843341255779e-01,9.640744251886874672e-01,9.337579618343738730e-01,9.073898281443535385e-01,9.481157066768749475e-01,9.716941057118391178e-01,9.569063340613405133e-01,9.468356165686210302e-01,8.664152684950474637e-01,8.846608175830327214e-01,9.489847010747241018e-01,9.763045417329538900e-01,9.749532878604990627e-01
9.354437125802794739e-01,9.181341919894991932e-01,9.747273432355486600e-01,9.743868565729468800e-01,1.000000000000000000e+00,9.232573010564850691e-01,9.728656918806902754e-01,8.734252038797796214e-01,9.790483591376095696e-01,9.573007645985345260e-01,8.790168199154904105e-01,8.638212591608697144e-01,9.734902487635486157e-01,9.312586047414193047e-01,8.905019418716525470e-01,8.864473170156522697e-01,9.698021977174066111e-01,9.037164255484886333e-01,9.085607827600383768e-01,9.694321155357468189e-01,9.767230870195476866e-01,9.500843820693896102e-01,8.882720725260191408e-01,8.884126175775226564e-01,8.877233084306365152e-01,9.365126735466777763e-01,8.870641816914833777e-01,9.690747631013626462e-01,9.241682974844970255e-01,8.982348710986824969e-01,9.538696235771795262e-01,9.591186911641365054e-01,9.633495540051832950e-01,9.354210972034814331e-01,8.563340427223183893e-01,8.735951829097050592e-01,9.354937395817269907e-01,9.641232649675708366e-01,9.634335647021119442e-01
9.719324108622074965e-01,9.775691124671351817e-01,9.283803710104510110e-01,9.323180065978374786e-01,9.232573010564850691e-01,1.000000000000000000e+00,9.070854258517198065e-01,9.036903163319003340e-01,9.236621467828900478e-01,9.101331214500023581e-01,9.179164054587407584e-01,9.021601414045182787e-01,9.165721374299516944e-01,9.791840044139793475e-01,9.386131003591358102e-01,9.358786987917748768e-01,9.197635093552803953e-01,9.641887721848427795e-01,9.683778376557814482e-01,9.350546046271784872e-01,9.325254489755353537e-01,9.467102964898592710e-01,9.438796996487808233e-01,9.415912537766012447e-01,9.354094073229061168e-01,9.580217512042867867e-01,9.441166352335236267e-01,9.168166285480363609e-01,9.789848809048432576e-01,9.581315881144930602e-01,8.982735900442487820e-01,9.436247452189615581e-01,9.050074122315832081e-01,9.657844197778532314e-01,8.923688464677009824e-01,9.131291696265692037e-01,9.589737036848996476e-01,9.425258035246479871e-01,9.416395713177627691e-01
9.200977530224736523e-01,9.042010486906683076e-01,9.680221870766979597e-01,9.668216467856425300e-01,9.728656918806902754e-01,9.070854258517198065e-01,1.000000000000000000e+00,8.649011300681256342e-01,9.721439151729881489e-01,9.646693075248735649e-01,8.661622644673293570e-01,8.560597496812376583e-01,9.765386227641142947e-01,9.147236931095893420e-01,8.774783981992174686e-01,8.733262162236566928e-01,9.747112117846111756e-01,8.928892813235356218e-01,8.940715572851317683e-01,9.636177146623662315e-01,9.689275202189311376e-01,9.391889312702026427e-01,8.737075707899178978e-01,8.741571071954015171e-01,8.744014367468763149e-01,9.257487039315117627e-01,8.726247116753056421e-01,9.723763802867818606e-01,9.084279861800832467e-01,8.849625185287363083e-01,9.612035749202665347e-01,9.488030485445414497e-01,9.670776252540458362e-01,9.209376561405885342e-01,8.431000581787000403e-01,8.643435092390810981e-01,9.229808575622908684e-01,9.533448856759486612e-01,9.518410152094252119e-01
8.952870085318839211e-01,9.095840797942208455e-01,8.784496895521278770e-01,8.852877012562496706e-01,8.734252038797796214e-01,9.036903163319003340e-01,8.649011300681256342e-01,1.000000000000000000e+00,8.798905397472662759e-01,8.699183854783233416e-01,9.651817850273454180e-01,9.525945427070072746e-01,8.762463261426978178e-01,9.007807583699685150e-01,9.478112479053510953e-01,9.511063736958316195e-01,8.757713275746292769e-01,9.203122590698596950e-01,9.174148870387665022e-01,8.809189881515039344e-01,8.819296428425992262e-01,8.812074379061612950e-01,9.288676675776799119e-01,9.319499205955411592e-01,9.461612028002843733e-01,8.945082330000164728e-01,9.398372174433275994e-01,8.739333232750080560e-01,9.050929677203841672e-01,9.238499519862098941e-01,8.625862480640282826e-01,8.879118873435211112e-01,8.668110893528760963e-01,8.992860314124356824e-01,9.583480262196295563e-01,9.503732234200368278e-01,8.922289865875717707e-01,8.824817572785677022e-01,8.778272368160300321e-01
9.335466639847977977e-01,9.203372351000421725e-01,9.699213096358931807e-01,9.700991709388142592e-01,9.790483591376095696e-01,9.236621467828900478e-01,9.721439151729881489e-01,8.798905397472662759e-01,1.000000000000000000e+00,9.617227163530315259e-01,8.844331544396375477e-01,8.687055227925306600e-01,9.796172104550380233e-01,9.313764723105452115e-01,8.955470452931227898e-01,8.901205608703370853e-01,9.753143479551447115e-01,9.089281011114003217e-01,9.111001179146420714e-01,9.681619326489148136e-01,9.727137381231920621e-01,9.515344002468986151e-01,8.943117218864571338e-01,8.946857557374506831e-01,8.912731364188125616e-01,9.385456823772400092e-01,8.909610611328648844e-01,9.743413082334700936e-01,9.252090154317420545e-01,9.030030403600790567e-01,9.600752497536547692e-01,9.566254424390224775e-01,9.670313020736485132e-01,9.366570697093341558e-01,8.633734156035504093e-01,8.790300115701747963e-01,9.356607808453100139e-01,9.616100931562401311e-01,9.603157917893401230e-01
9.204253329785693216e-01,9.056363835348011371e-01,9.512186195104977982e-01,9.530166344489976460e-01,9.573007645985345260e-01,9.101331214500023581e-01,9.646693075248735649e-01,8.699183854783233416e-01,9.617227163530315259e-01,1.000000000000000000e+00,8.674163947720763268e-01,8.599790863961269682e-01,9.669036310401297740e-01,9.184299241163920158e-01,8.817320266687197483e-01,8.759138522869727161e-01,9.720182298228453588e-01,8.979330722122400577e-01,8.997717754185239336e-01,9.523738633690261857e-01,9.554667267526135710e-01,9.401357102482468253e-01,8.783522286546513458e-01,8.807853269613329372e-01,8.748496109123627962e-01,9.306506037619873828e-01,8.760378133838614412e-01,9.710402932332192760e-01,9.098659122950695233e-01,8.925919118402972918e-01,9.795905817736754173e-01,9.392846991088656949e-01,9.753317047064836709e-01,9.275089454579042991e-01,8.481109910825546105e-01,8.721704100745746313e-01,9.273939431053411786e-01,9.405167619848666671e-01,9.396466284459560336e-01
9.080461905482345442e-01,9.223462181489493483e-01,8.845899469221287781e-01,8.886621820665887572e-01,8.790168199154904105e-01,9.179164054587407584e-01,8.661622644673293570e-01,9.651817850273454180e-01,8.844331544396375477e-01,8.674163947720763268e-01,1.000000000000000000e+00,9.571726958500952342e-01,8.770941956236477655e-01,9.139833595128274979e-01,9.646296693888495311e-01,9.629707691254212332e-01,8.773722039069506984e-01,9.378657001860212228e-01,9.338770638679093627e-01,8.865157513590293803e-01,8.887309207862006399e-01,8.897880214977025304e-01,9.473807469214859944e-01,9.512208757059942288e-01,9.630314957309796808e-01,9.027558502088939285e-01,9.570977797466539982e-01,8.755364810343980730e-01,9.185359261277707965e-01,9.408084307186725948e-01,8.603163100094024518e-01,8.933849300359307799e-01,8.658920386809121350e-01,9.066238231067530462e-01,9.577333094848969886e-01,9.608599223923721677e-01,9.017138109029313453e-01,8.898096181698538221e-01,8.880576438681685447e-01
8.873709525614723592e-01,9.065719442504005521e-01,8.661831245904327847e-01,8.755591341863632193e-01,8.638212591608697144e-01,9.021601414045182787e-01,8.560597496812376583e-01,9.525945427070072746e-01,8.687055227925306600e-01,8.599790863961269682e-01,9.571726958500952342e-01,1.000000000000000000e+00,8.668124002846354648e-01,8.986298369702522271e-01,9.505283643212709688e-01,9.539794197472882820e-01,8.675137381384908641e-01,9.239136966025083275e-01,9.207469568354765821e-01,8.708236768367495495e-01,8.712085441521930651e-01,8.739228089996740056e-01,9.286223261362650527e-01,9.343366342212301445e-01,9.502297337605293270e-01,8.823466176772569725e-01,9.371859446593590048e-01,8.659976247426803830e-01,9.037991442161991129e-01,9.195585685492092543e-01,8.498510086427637500e-01,8.812043662882302897e-01,8.529946791762658131e-01,8.892382420103889240e-01,9.689375491801545115e-01,9.760487310369657665e-01,8.829490208523538275e-01,8.743437333663031108e-01,8.701574010907223711e-01
9.267611285773558194e-01,9.132050926565570270e-01,9.672361543818771557e-01,9.664862830340097410e-01,9.734902487635486157e-01,9.165721374299516944e-01,9.765386227641142947e-01,8.762463261426978178e-01,9.796172104550380233e-01,9.669036310401297740e-01,8.770941956236477655e-01,8.668124002846354648e-01,1.000000000000000000e+00,9.235628055363052091e-01,8.914146346380764641e-01,8.871920490267592996e-01,9.810282917346948572e-01,9.039571074320780220e-01,9.051388853496691311e-01,9.639568780123208835e-01,9.678768031676319161e-01,9.444147992434812622e-01,8.884620213726768245e-01,8.893327619653550453e-01,8.877923734457914273e-01,9.325539719426136909e-01,8.871077770391077033e-01,9.808901462731952625e-01,9.172051247096564275e-01,8.989524997870127487e-01,9.652997259298465860e-01,9.507818963421957870e-01,9.738702965350616303e-01,9.296264847776858353e-01,8.585727858855541905e-01,8.755838521072050185e-01,9.279258995646345598e-01,9.564706376106646424e-01,9.549682010672835286e-01
9.785532244216894604e-01,9.730837434479390202e-01,9.367605176909001852e-01,9.412307693435223444e-01,9.312586047414193047e-01,9.791840044139793475e-01,9.147236931095893420e-01,9.007807583699685150e-01,9.313764723105452115e-01,9.184299241163920158e-01,9.139833595128274979e-01,8.986298369702522271e-01,9.235628055363052091e-01,1.000000000000000000e+00,9.361512001840979202e-01,9.315036497218022182e-01,9.259835430424214753e-01,9.580564143667993360e-01,9.621448841669988372e-01,9.422778131888206454e-01,9.405523214533761944e-01,9.564545716755359361e-01,9.410381493713246837e-01,9.392119421261552192e-01,9.316728887509823087e-01,9.666056580443445068e-01,9.385908341726830750e-01,9.237878397540255637e-01,9.782409217646497179e-01,9.544534598675399328e-01,9.067831729768349724e-01,9.515992404097551871e-01,9.134352303975149523e-01,9.728172196696848184e-01,8.874711135544866014e-01,9.110695668511320511e-01,9.671139758590027169e-01,9.513259751890054128e-01,9.513896622173599882e-01
9.271738146853758522e-01,9.420598288328618786e-01,8.949690956246483253e-01,9.014257149461440966e-01,8.905019418716525470e-01,9.386131003591358102e-01,8.774783981992174686e-01,9.478112479053510953e-01,8.955470452931227898e-01,8.817320266687197483e-01,9.646296693888495311e-01,9.505283643212709688e-01,8.914146346380764641e-01,9.361512001840979202e-01,1.000000000000000000e+00,9.766798196340830129e-01,8.934030088143422033e-01,9.581003453539023162e-01,9.524317537015102308e-01,9.012258307046421280e-01,9.023076535881537907e-01,9.060895898853222885e-01,9.683844525327403030e-01,9.711101807785618156e-01,9.799411535461884926e-01,9.160734965842773914e-01,9.755677010736476529e-01,8.900817078630378631e-01,9.399722523209687042e-01,9.574428738398368388e-01,8.723011244854093071e-01,9.066381039953264054e-01,8.790833879410377971e-01,9.261304558924379204e-01,9.381221690660908052e-01,9.579436147507128796e-01,9.201280878278231823e-01,9.066483175928340410e-01,9.052439973205752555e-01
9.200843814787685870e-01,9.397718550987097519e-01,8.900761131078578359e-01,8.948476158641466283e-01,8.864473170156522697e-01,9.358786987917748768e-01,8.733262162236566928e-01,9.511063736958316195e-01,8.901205608703370853e-01,8.759138522869727161e-01,9.629707691254212332e-01,9.539794197472882820e-01,8.871920490267592996e-01,9.315036497218022182e-01,9.766798196340830129e-01,1.000000000000000000e+00,8.882085292055763581e-01,9.546140216292755554e-01,9.503616408370118007e-01,8.942998910093847842e-01,8.970514771687124744e-01,9.011209904269104065e-01,9.674036279603434041e-01,9.695803904465990497e-01,9.790104740005354245e-01,9.096729169903091661e-01,9.737938137205750522e-01,8.860668396355655396e-01,9.357171154396768387e-01,9.572881904418327759e-01,8.666232801032651700e-01,9.020086281898477276e-01,8.726504168857304178e-01,9.196538214490159735e-01,9.423692865940720420e-01,9.613101344841703533e-01,9.119616649192687774e-01,9.009136154667811702e-01,8.967675304063550401e-01
9.306083602259725973e-01,9.182132877605131416e-01,9.658095500625578644e-01,9.657604916685926799e-01,9.698021977174066111e-01,9.197635093552803953e-01,9.747112117846111756e-01,8.757713275746292769e-01,9.753143479551447115e-01,9.720182298228453588e-01,8.773722039069506984e-01,8.675137381384908641e-01,9.810282917346948572e-01,9.259835430424214753e-01,8.934030088143422033e-01,8.882085292055763581e-01,1.000000000000000000e+00,9.088958494583971870e-01,9.102889426916864757e-01,9.646379946478949030e-01,9.664980346769115327e-01,9.474337102112763143e-01,8.901844098895581592e-01,8.927835568860221782e-01,8.890228900310735982e-01,9.370735278356145947e-01,8.895326637895740740e-01,9.810501229081783903e-01,9.197440710452171597e-01,9.038842663042209180e-01,9.671183215609953088e-01,9.513662338241960503e-01,9.745167808267041210e-01,9.321459194457488717e-01,8.553195678933450674e-01,8.777626802397318073e-01,9.325944239739520913e-01,9.559993609795685021e-01,9.537407651536639053e-01
9.502982471088837757e-01,9.726872034468262429e-01,9.104477795626468861e-01,9.154431345110668472e-01,9.037164255484886333e-01,9.641887721848427795e-01,8.928892813235356218e-01,9.203122590698596950e-01,9.089281011114003217e-01,8.979330722122400577e-01,9.378657001860212228e-01,9.239136966025083275e-01,9.039571074320780220e-01,9.580564143667993360e-01,9.581003453539023162e-01,9.546140216292755554e-01,9.088958494583971870e-01,1.000000000000000000e+00,9.806530199428361572e-01,9.183499847342974087e-01,9.164188209896891868e-01,9.254726061879333665e-01,9.651484983875773249e-01,9.655318507408220396e-01,9.565504150103439907e-01,9.375377044622179579e-01,9.645170669688121201e-01,9.033208691289783543e-01,9.636007091579396056e-01,9.754440340494143769e-01,8.876379625384525074e-01,9.261729204925811532e-01,8.913896395550031659e-01,9.453006209283332240e-01,9.113912940243642513e-01,9.333696794362538185e-01,9.398516019180416237e-01,9.233823203508894073e-01,9.224124223327425653e-01
9.552463587060017192e-01,9.758992336793368416e-01,9.154735558439416332e-01,9.206600820447339295e-01,9.085607827600383768e-01,9.683778376557814482e-01,8.940715572851317683e-01,9.174148870387665022e-01,9.111001179146420714e-01,8.997717754185239336e-01,9.338770638679093627e-01,9.207469568354765821e-01,9.051388853496691311e-01,9.621448841669988372e-01,9.524317537015102308e-01,9.503616408370118007e-01,9.102889426916864757e-01,9.806530199428361572e-01,1.000000000000000000e+00,9.224650016394673191e-01,9.207829706886285770e-01,9.301519907654256514e-01,9.593132921829754522e-01,9.608194912638698959e-01,9.515627049042623131e-01,9.417727742042322214e-01,9.615429745759853652e-01,9.049351690338690579e-01,9.683515755233218503e-01,9.721371010785254674e-01,8.868828071151663162e-01,9.296566417408798078e-01,8.915429662734050131e-01,9.507300161907763503e-01,9.110595773735438163e-01,9.295471429828487953e-01,9.435991201066474821e-01,9.285725393661283800e-01,9.270215788510048904e-01
9.473692281107758406e-01,9.310018110203830410e-01,9.774113558979516947e-01,9.801791041895588918e-01,9.694321155357468189e-01,9.350546046271784872e-01,9.636177146623662315e-01,8.809189881515039344e-01,9.681619326489148136e-01,9.523738633690261857e-01,8.865157513590293803e-01,8.708236768367495495e-01,9.639568780123208835e-01,9.422778131888206454e-01,9.012258307046421280e-01,8.942998910093847842e-01,9.646379946478949030e-01,9.183499847342974087e-01,9.224650016394673191e-01,1.000000000000000000e+00,9.785379678963151973e-01,9.653475922275605026e-01,8.987013715983664941e-01,8.979228765998742423e-01,8.954597986284205113e-01,9.504342560948985108e-01,8.989221821890731601e-01,9.626229063215755444e-01,9.354534534534564294e-01,9.085068175468584695e-01,9.463065228754976577e-01,9.741906216279864195e-01,9.530281971011810294e-01,9.476571014516138591e-01,8.609829694325911165e-01,8.798226881411096434e-01,9.504924598551841575e-01,9.777091537925739484e-01,9.772264292632336646e-01
9.460245498827484223e-01,9.269747844021370975e-01,9.810679471884045100e-01,9.808107757356725465e-01,9.767230870195476866e-01,9.325254489755353537e-01,9.689275202189311376e-01,8.819296428425992262e-01,9.727137381231920621e-01,9.554667267526135710e-01,8.887309207862006399e-01,8.712085441521930651e-01,9.678768031676319161e-01,9.405523214533761944e-01,9.023076535881537907e-01,8.970514771687124744e-01,9.664980346769115327e-01,9.164188209896891868e-01,9.207829706886285770e-01,9.785379678963151973e-01,1.000000000000000000e+00,9.592025103908922157e-01,8.991747548721049643e-01,8.981245789818470548e-01,8.983399118684913809e-01,9.472786075746525425e-01,8.978926870580822284e-01,9.647513832796446032e-01,9.332226414316590057e-01,9.067134743535741892e-01,9.522221041641235617e-01,9.679967928598205429e-01,9.575889263690047226e-01,9.461665566578449926e-01,8.627676120890861444e-01,8.823848015502574471e-01,9.476608641757939822e-01,9.731636707729334201e-01,9.718712601383374672e-01
9.615968667475246479e-01,9.414308009708816094e-01,9.587799845855214942e-01,9.613439014059427246e-01,9.500843820693896102e-01,9.467102964898592710e-01,9.391889312702026427e-01,8.812074379061612950e-01,9.515344002468986151e-01,9.401357102482468253e-01,8.897880214977025304e-01,8.739228089996740056e-01,9.444147992434812622e-01,9.564545716755359361e-01,9.060895898853222885e-01,9.011209904269104065e-01,9.474337102112763143e-01,9.254726061879333665e-01,9.301519907654256514e-01,9.653475922275605026e-01,9.592025103908922157e-01,1.000000000000000000e+00,9.069405521500785161e-01,9.050249683404891776e-01,8.992215264856223689e-01,9.687697375988428838e-01,9.033544206508145047e-01,9.465078325793341296e-01,9.475366044869286686e-01,9.204242820813743897e-01,9.301646962645647720e-01,9.734973556623756075e-01,9.356198035443031857e-01,9.646754422526809813e-01,8.650822154328734470e-01,8.846732599931638186e-01,9.693137474017144983e-01,9.710332920895802244e-01,9.704014133986940127e-01
9.309692093928999546e-01,9.494243490478305736e-01,8.908056764772924740e-01,8.984811163077212059e-01,8.882720725260191408e-01,9.438796996487808233e-01,8.737075707899178978e-01,9.288676675776799119e-01,8.943117218864571338e-01,8.783522286546513458e-01,9.473807469214859944e-01,9.286223261362650527e-01,8.884620213726768245e-01,9.410381493713246837e-01,9.683844525327403030e-01,9.674036279603434041e-01,8.901844098895581592e-01,9.651484983875773249e-01,9.593132921829754522e-01,8.987013715983664941e-01,8.991747548721049643e-01,9.069405521500785161e-01,1.000000000000000000e+00,9.815181302793669627e-01,9.685291887234528385e-01,9.180204258839760323e-01,9.790484650506722231e-01,8.873722873864449134e-01,9.453795336459658305e-01,9.658488877108484250e-01,8.695205479254749514e-01,9.075064483507642166e-01,8.764863314117070647e-01,9.304607816260885844e-01,9.186588654109855145e-01,9.396991913944393593e-01,9.199947678452433664e-01,9.064861885706868572e-01,9.044189103134757657e-01
9.291772611407040916e-01,9.474601410334366758e-01,8.901512296886493480e-01,8.980553479511705905e-01,8.884126175775226564e-01,9.415912537766012447e-01,8.741571071954015171e-01,9.319499205955411592e-01,8.946857557374506831e-01,8.807853269613329372e-01,9.512208757059942288e-01,9.343366342212301445e-01,8.893327619653550453e-01,9.392119421261552192e-01,9.711101807785618156e-01,9.695803904465990497e-01,8.927835568860221782e-01,9.655318507408220396e-01,9.608194912638698959e-01,8.979228765998742423e-01,8.981245789818470548e-01,9.050249683404891776e-01,9.815181302793669627e-01,1.000000000000000000e+00,9.730066014764898741e-01,9.177417891002818129e-01,9.791822647776772248e-01,8.889695465917668571e-01,9.427116365017065291e-01,9.665755013774407489e-01,8.708219358099277274e-01,9.060913152485307043e-01,8.777862389437263158e-01,9.285811839299739079e-01,9.222769138910037467e-01,9.447302281744538455e-01,9.202768897868766063e-01,9.050913658825994190e-01,9.026609082473182610e-01
9.217070122328206994e-01,9.392355830094151203e-01,8.915966056098252324e-01,8.967641048519008340e-01,8.877233084306365152e-01,9.354094073229061168e-01,8.744014367468763149e-01,9.461612028002843733e-01,8.912731364188125616e-01,8.748496109123627962e-01,9.630314957309796808e-01,9.502297337605293270e-01,8.877923734457914273e-01,9.316728887509823087e-01,9.799411535461884926e-01,9.790104740005354245e-01,8.890228900310735982e-01,9.565504150103439907e-01,9.515627049042623131e-01,8.954597986284205113e-01,8.983399118684913809e-01,8.992215264856223689e-01,9.685291887234528385e-01,9.730066014764898741e-01,1.000000000000000000e+00,9.092770530950553542e-01,9.748490405202747677e-01,8.850656482597851760e-01,9.374156209501447456e-01,9.579364577365688804e-01,8.657000021856955385e-01,9.018795531316368130e-01,8.730994854342554179e-01,9.198010964800119593e-01,9.372291396021817933e-01,9.586573656108228203e-01,9.125144658568471456e-01,9.010806730837088718e-01,8.974688128240478902e-01
9.744204137601482074e-01,9.526023902607722027e-01,9.457247884467555599e-01,9.497629881767152282e-01,9.365126735466777763e-01,9.580217512042867867e-01,9.257487039315117627e-01,8.945082330000164728e-01,9.385456823772400092e-01,9.306506037619873828e-01,9.027558502088939285e-01,8.823466176772569725e-01,9.325539719426136909e-01,9.666056580443445068e-01,9.160734965842773914e-01,9.096729169903091661e-01,9.370735278356145947e-01,9.375377044622179579e-01,9.417727742042322214e-01,9.504342560948985108e-01,9.472786075746525425e-01,9.687697375988428838e-01,9.180204258839760323e-01,9.177417891002818129e-01,9.092770530950553542e-01,1.000000000000000000e+00,9.176882742819545413e-01,9.338510464853327919e-01,9.581555703650440625e-01,9.353127928390455592e-01,9.190130969295088326e-01,9.595490643574290379e-01,9.224669880056723947e-01,9.790027876732927403e-01,8.746872101797068533e-01,8.903837987494861439e-01,9.814116263372779647e-01,9.584645944504983639e-01,9.597664096413011103e-01
9.286784021613837536e-01,9.500349226115221146e-01,8.907505248508993390e-01,8.982215843341255779e-01,8.870641816914833777e-01,9.441166352335236267e-01,8.726247116753056421e-01,9.398372174433275994e-01,8.909610611328648844e-01,8.760378133838614412e-01,9.570977797466539982e-01,9.371859446593590048e-01,8.871077770391077033e-01,9.385908341726830750e-01,9.755677010736476529e-01,9.737938137205750522e-01,8.895326637895740740e-01,9.645170669688121201e-01,9.615429745759853652e-01,8.989221821890731601e-01,8.978926870580822284e-01,9.033544206508145047e-01,9.790484650506722231e-01,9.791822647776772248e-01,9.748490405202747677e-01,9.176882742819545413e-01,1.000000000000000000e+00,8.865100005339731082e-01,9.435721853585903318e-01,9.671453355639781924e-01,8.658783384128060368e-01,9.053871351401079348e-01,8.738977067176222358e-01,9.280920818233853176e-01,9.277819585198499031e-01,9.467447442942715785e-01,9.200184436044620551e-01,9.056121492543115492e-01,9.031555626514216062e-01
9.273963279607218002e-01,9.136754754331791739e-01,9.640074620641807535e-01,9.640744251886874672e-01,9.690747631013626462e-01,9.168166285480363609e-01,9.723763802867818606e-01,8.739333232750080560e-01,9.743413082334700936e-01,9.710402932332192760e-01,8.755364810343980730e-01,8.659976247426803830e-01,9.808901462731952625e-01,9.237878397540255637e-01,8.900817078630378631e-01,8.860668396355655396e-01,9.810501229081783903e-01,9.033208691289783543e-01,9.049351690338690579e-01,9.626229063215755444e-01,9.647513832796446032e-01,9.465078325793341296e-01,8.873722873864449134e-01,8.889695465917668571e-01,8.850656482597851760e-01,9.338510464853327919e-01,8.865100005339731082e-01,1.000000000000000000e+00,9.166105433175707473e-01,9.001184472828646088e-01,9.678897556754241238e-01,9.503712738837041263e-01,9.761630630122803964e-01,9.300361353883066506e-01,8.557230594500742082e-01,8.743922119485562083e-01,9.307948855621068773e-01,9.541582039460919651e-01,9.524120337359750499e-01
9.715627623750716646e-01,9.775328728445568105e-01,9.285381557873174652e-01,9.337579618343738730e-01,9.241682974844970255e-01,9.789848809048432576e-01,9.084279861800832467e-01,9.050929677203841672e-01,9.252090154317420545e-01,9.098659122950695233e-01,9.185359261277707965e-01,9.037991442161991129e-01,9.172051247096564275e-01,9.782409217646497179e-01,9.399722523209687042e-01,9.357171154396768387e-01,9.197440710452171597e-01,9.636007091579396056e-01,9.683515755233218503e-01,9.354534534534564294e-01,9.332226414316590057e-01,9.475366044869286686e-01,9.453795336459658305e-01,9.427116365017065291e-01,9.374156209501447456e-01,9.581555703650440625e-01,9.435721853585903318e-01,9.166105433175707473e-01,1.000000000000000000e+00,9.561804855780061674e-01,8.965739686828352317e-01,9.454315945984983482e-01,9.041602415500904488e-01,9.662922941440581504e-01,8.944009899502176619e-01,9.140866390742595771e-01,9.588765766735507512e-01,9.446642892870217301e-01,9.436223697362913221e-01
9.462116107027539469e-01,9.655444813525440040e-01,9.021742348135196599e-01,9.073898281443535385e-01,8.982348710986824969e-01,9.581315881144930602e-01,8.849625185287363083e-01,9.238499519862098941e-01,9.030030403600790567e-01,8.925919118402972918e-01,9.408084307186725948e-01,9.195585685492092543e-01,8.989524997870127487e-01,9.544534598675399328e-01,9.574428738398368388e-01,9.572881904418327759e-01,9.038842663042209180e-01,9.754440340494143769e-01,9.721371010785254674e-01,9.085068175468584695e-01,9.067134743535741892e-01,9.204242820813743897e-01,9.658488877108484250e-01,9.665755013774407489e-01,9.579364577365688804e-01,9.353127928390455592e-01,9.671453355639781924e-01,9.001184472828646088e-01,9.561804855780061674e-01,1.000000000000000000e+00,8.805246400440126520e-01,9.166712636922934587e-01,8.873526468938520706e-01,9.416242450645909701e-01,9.110495483430550712e-01,9.327762865318255381e-01,9.344086507974330713e-01,9.159694555585042863e-01,9.140651162724969803e-01
9.106426957112953025e-01,8.931029005951671706e-01,9.471407015840768162e-01,9.481157066768749475e-01,9.538696235771795262e-01,8.982735900442487820e-01,9.612035749202665347e-01,8.625862480640282826e-01,9.600752497536547692e-01,9.795905817736754173e-01,8.603163100094024518e-01,8.498510086427637500e-01,9.652997259298465860e-01,9.067831729768349724e-01,8.723011244854093071e-01,8.666232801032651700e-01,9.671183215609953088e-01,8.876379625384525074e-01,8.868828071151663162e-01,9.463065228754976577e-01,9.522221041641235617e-01,9.301646962645647720e-01,8.695205479254749514e-01,8.708219358099277274e-01,8.657000021856955385e-01,9.190130969295088326e-01,8.658783384128060368e-01,9.678897556754241238e-01,8.965739686828352317e-01,8.805246400440126520e-01,1.000000000000000000e+00,9.310854359310763995e-01,9.761942043265583457e-01,9.174274225445209208e-01,8.407621276974188707e-01,8.613248039320966498e-01,9.155718149193012856e-01,9.340386237541002945e-01,9.332532221254027371e-01
9.578956780056482323e-01,9.393372779532528360e-01,9.686742423422451953e-01,9.716941057118391178e-01,9.591186911641365054e-01,9.436247452189615581e-01,9.488030485445414497e-01,8.879118873435211112e-01,9.566254424390224775e-01,9.392846991088656949e-01,8.933849300359307799e-01,8.812043662882302897e-01,9.507818963421957870e-01,9.515992404097551871e-01,9.066381039953264054e-01,9.020086281898477276e-01,9.513662338241960503e-01,9.261729204925811532e-01,9.296566417408798078e-01,9.741906216279864195e-01,9.679967928598205429e-01,9.734973556623756075e-01,9.075064483507642166e-01,9.060913152485307043e-01,9.018795531316368130e-01,9.595490643574290379e-01,9.053871351401079348e-01,9.503712738837041263e-01,9.454315945984983482e-01,9.166712636922934587e-01,9.310854359310763995e-01,1.000000000000000000e+00,9.401983667107396414e-01,9.571909754833859418e-01,8.697067783558403153e-01,8.906815556549434465e-01,9.603636468315973618e-01,9.783722748560985671e-01,9.779659985267579181e-01
9.173435946857113610e-01,8.998172790447447333e-01,9.566301222448624353e-01,9.569063340613405133e-01,9.633495540051832950e-01,9.050074122315832081e-01,9.670776252540458362e-01,8.668110893528760963e-01,9.670313020736485132e-01,9.753317047064836709e-01,8.658920386809121350e-01,8.529946791762658131e-01,9.738702965350616303e-01,9.134352303975149523e-01,8.790833879410377971e-01,8.726504168857304178e-01,9.745167808267041210e-01,8.913896395550031659e-01,8.915429662734050131e-01,9.530281971011810294e-01,9.575889263690047226e-01,9.356198035443031857e-01,8.764863314117070647e-01,8.777862389437263158e-01,8.730994854342554179e-01,9.224669880056723947e-01,8.738977067176222358e-01,9.761630630122803964e-01,9.041602415500904488e-01,8.873526468938520706e-01,9.761942043265583457e-01,9.401983667107396414e-01,1.000000000000000000e+00,9.197727738028887989e-01,8.440383311648488318e-01,8.641242030053718493e-01,9.189001730536734414e-01,9.421813269661170054e-01,9.405481241940626402e-01
9.784378392158951110e-01,9.586925751082584490e-01,9.417396030326073975e-01,9.468356165686210302e-01,9.354210972034814331e-01,9.657844197778532314e-01,9.209376561405885342e-01,8.992860314124356824e-01,9.366570697093341558e-01,9.275089454579042991e-01,9.066238231067530462e-01,8.892382420103889240e-01,9.296264847776858353e-01,9.728172196696848184e-01,9.261304558924379204e-01,9.196538214490159735e-01,9.321459194457488717e-01,9.453006209283332240e-01,9.507300161907763503e-01,9.476571014516138591e-01,9.461665566578449926e-01,9.646754422526809813e-01,9.304607816260885844e-01,9.285811839299739079e-01,9.198010964800119593e-01,9.790027876732927403e-01,9.280920818233853176e-01,9.300361353883066506e-01,9.662922941440581504e-01,9.416242450645909701e-01,9.174274225445209208e-01,9.571909754833859418e-01,9.197727738028887989e-01,1.000000000000000000e+00,8.808109615288223226e-01,8.970862710397276008e-01,9.781793405250214235e-01,9.573866652293265833e-01,9.583159573581380153e-01
8.787759867495761323e-01,8.968129193149457778e-01,8.587029334354012722e-01,8.664152684950474637e-01,8.563340427223183893e-01,8.923688464677009824e-01,8.431000581787000403e-01,9.583480262196295563e-01,8.633734156035504093e-01,8.481109910825546105e-01,9.577333094848969886e-01,9.689375491801545115e-01,8.585727858855541905e-01,8.874711135544866014e-01,9.381221690660908052e-01,9.423692865940720420e-01,8.553195678933450674e-01,9.113912940243642513e-01,9.110595773735438163e-01,8.609829694325911165e-01,8.627676120890861444e-01,8.650822154328734470e-01,9.186588654109855145e-01,9.222769138910037467e-01,9.372291396021817933e-01,8.746872101797068533e-01,9.277819585198499031e-01,8.557230594500742082e-01,8.944009899502176619e-01,9.110495483430550712e-01,8.407621276974188707e-01,8.697067783558403153e-01,8.440383311648488318e-01,8.808109615288223226e-01,1.000000000000000000e+00,9.622919466508264019e-01,8.727052993718739105e-01,8.644715923883701247e-01,8.602309388294715475e-01
8.972870440748805798e-01,9.177821306093426612e-01,8.743923318935120648e-01,8.846608175830327214e-01,8.735951829097050592e-01,9.131291696265692037e-01,8.643435092390810981e-01,9.503732234200368278e-01,8.790300115701747963e-01,8.721704100745746313e-01,9.608599223923721677e-01,9.760487310369657665e-01,8.755838521072050185e-01,9.110695668511320511e-01,9.579436147507128796e-01,9.613101344841703533e-01,8.777626802397318073e-01,9.333696794362538185e-01,9.295471429828487953e-01,8.798226881411096434e-01,8.823848015502574471e-01,8.846732599931638186e-01,9.396991913944393593e-01,9.447302281744538455e-01,9.586573656108228203e-01,8.903837987494861439e-01,9.467447442942715785e-01,8.743922119485562083e-01,9.140866390742595771e-01,9.327762865318255381e-01,8.613248039320966498e-01,8.906815556549434465e-01,8.641242030053718493e-01,8.970862710397276008e-01,9.622919466508264019e-01,1.000000000000000000e+00,8.907183810424521564e-01,8.848256926270235967e-01,8.811643686977285173e-01
9.730242644394985208e-01,9.536728245117985781e-01,9.451086186414843215e-01,9.489847010747241018e-01,9.354937395817269907e-01,9.589737036848996476e-01,9.229808575622908684e-01,8.922289865875717707e-01,9.356607808453100139e-01,9.273939431053411786e-01,9.017138109029313453e-01,8.829490208523538275e-01,9.279258995646345598e-01,9.671139758590027169e-01,9.201280878278231823e-01,9.119616649192687774e-01,9.325944239739520913e-01,9.398516019180416237e-01,9.435991201066474821e-01,9.504924598551841575e-01,9.476608641757939822e-01,9.693137474017144983e-01,9.199947678452433664e-01,9.202768897868766063e-01,9.125144658568471456e-01,9.814116263372779647e-01,9.200184436044620551e-01,9.307948855621068773e-01,9.588765766735507512e-01,9.344086507974330713e-01,9.155718149193012856e-01,9.603636468315973618e-01,9.189001730536734414e-01,9.781793405250214235e-01,8.727052993718739105e-01,8.907183810424521564e-01,1.000000000000000000e+00,9.580587801298258155e-01,9.594701415249926590e-01
9.573374974116473091e-01,9.367291192942099887e-01,9.736680622104539884e-01,9.763045417329538900e-01,9.641232649675708366e-01,9.425258035246479871e-01,9.533448856759486612e-01,8.824817572785677022e-01,9.616100931562401311e-01,9.405167619848666671e-01,8.898096181698538221e-01,8.743437333663031108e-01,9.564706376106646424e-01,9.513259751890054128e-01,9.066483175928340410e-01,9.009136154667811702e-01,9.559993609795685021e-01,9.233823203508894073e-01,9.285725393661283800e-01,9.777091537925739484e-01,9.731636707729334201e-01,9.710332920895802244e-01,9.064861885706868572e-01,9.050913658825994190e-01,9.010806730837088718e-01,9.584645944504983639e-01,9.056121492543115492e-01,9.541582039460919651e-01,9.446642892870217301e-01,9.159694555585042863e-01,9.340386237541002945e-01,9.783722748560985671e-01,9.421813269661170054e-01,9.573866652293265833e-01,8.644715923883701247e-01,8.848256926270235967e-01,9.580587801298258155e-01,1.000000000000000000e+00,9.843277591747947586e-01
9.582165823587238673e-01,9.361157716543462293e-01,9.721504473446281880e-01,9.749532878604990627e-01,9.634335647021119442e-01,9.416395713177627691e-01,9.518410152094252119e-01,8.778272368160300321e-01,9.603157917893401230e-01,9.396466284459560336e-01,8.880576438681685447e-01,8.701574010907223711e-01,9.549682010672835286e-01,9.513896622173599882e-01,9.052439973205752555e-01,8.967675304063550401e-01,9.537407651536639053e-01,9.224124223327425653e-01,9.270215788510048904e-01,9.772264292632336646e-01,9.718712601383374672e-01,9.704014133986940127e-01,9.044189103134757657e-01,9.026609082473182610e-01,8.974688128240478902e-01,9.597664096413011103e-01,9.031555626514216062e-01,9.524120337359750499e-01,9.436223697362913221e-01,9.140651162724969803e-01,9.332532221254027371e-01,9.779659985267579181e-01,9.405481241940626402e-01,9.583159573581380153e-01,8.602309388294715475e-01,8.811643686977285173e-01,9.594701415249926590e-01,9.843277591747947586e-01,1.000000000000000000e+00
