1.000000000000000000e+00,3.042642518458288925e-01,5.549662531974156598e-01,-2.414433547588237805e-01,4.231599203926201258e-01,1.873736126925869550e-01,-2.600267138837601966e-01,-5.655386204634720304e-01,4.894960693649553773e-01,5.076176862031194226e-01,3.916016888413869079e-01,-2.882690205250511006e-01,-2.919099102744609486e-01,6.256405021301754132e-01,-4.445849663038013017e-02,4.130490483009187641e-01,5.607726791936055166e-01,-3.510232464406107256e-01,3.797261653418070038e-02,2.930617021009673251e-01,1.142808618710368235e-01,-2.286882496550215194e-01,4.437153254387499191e-01,6.197472169677334941e-01,5.497881637984670666e-01,6.402368698678541081e-01,5.560399558735444892e-01,5.542943621846468938e-01,4.717147116791352568e-01,6.233416686332990952e-01,4.897364037734508457e-01,3.711023486942908733e-01,-9.290142996717827562e-02,1.805879264404602613e-01,3.088508117387059326e-01,-2.308078216343631417e-02,4.818568242768437870e-01,5.283751639773904829e-01,-1.982040630094027145e-01
3.042642518458288925e-01,1.000000000000000000e+00,2.351804040020324948e-01,-5.781056142271550485e-02,5.962459141837369581e-01,-4.330401316331110584e-01,-6.200184829837355333e-02,-1.437349367369712694e-01,6.407687907267555216e-01,6.679719853224698189e-01,1.512491011728729351e-01,5.667744362476883069e-01,-1.055872041437427994e-01,4.860201932751625487e-01,4.005462275830406482e-01,7.266965781681332670e-01,-1.187189009014852220e-01,3.735494524268535566e-01,6.456755095481340190e-01,-1.459734978881646605e-01,3.622965774364830249e-01,3.360906055952561644e-01,5.223672958926672827e-01,-2.207819439490768879e-02,3.451607637189542110e-01,-4.393308217548488881e-02,1.906223046446970659e-01,-2.502358297069233115e-02,-2.469089435228960169e-02,5.351091686509673595e-01,1.800871964598629513e-02,2.441165218218427080e-01,3.068148592025640164e-01,5.414204535083941838e-01,-1.587649514549306917e-01,5.226251980672530495e-01,-6.199134610537863910e-02,4.381692113466058025e-01,6.285835014356856432e-01
5.549662531974156598e-01,2.351804040020324948e-01,1.000000000000000000e+00,5.823382019959053718e-03,5.968911141736360504e-01,-1.421586773380829061e-01,-4.135478562240497286e-02,-9.072939275108699020e-01,5.777695327789814650e-01,4.709155735611723070e-01,2.395541256645952743e-01,-9.235879257951805366e-02,-5.540376216574670609e-01,6.310740543728755592e-01,-8.458084637013139895e-02,3.801669018894871521e-01,3.770933285553303982e-01,-3.237189476980271152e-01,2.540293095398760137e-01,4.653890005261895335e-01,5.174568240413841558e-01,-1.974513843709193306e-01,3.537035759795817969e-01,4.217900399747007700e-01,4.361061345317360782e-01,5.251509442048644116e-01,6.590579068680672004e-01,7.032926870517622886e-01,3.102849474208364544e-01,5.700068272567315741e-01,7.248875023620185987e-01,3.519593444641299640e-01,8.967448127390087453e-02,4.203805902120604787e-01,2.967101866506859920e-01,1.047202827801838598e-01,3.910325474789909106e-01,4.573868997902565958e-01,-1.296604636695440627e-01
-2.414433547588237805e-01,-5.781056142271550485e-02,5.823382019959053718e-03,1.000000000000000000e+00,-1.484396975900345410e-02,-2.591223781550327510e-01,6.136455796171246257e-01,4.709944209232042912e-03,-6.847493709402897866e-02,-6.000809377816884727e-02,-2.058389018594397601e-01,1.995343961537799360e-01,1.371832499403513317e-01,-1.136076023043647437e-01,-1.446028711967944046e-02,-9.393473614447646683e-03,-3.107226671679671481e-01,1.665195214991226080e-01,9.488000856643337422e-02,5.746442534708728900e-02,2.292528432773652258e-01,1.281938175254482282e-01,-1.017046603272399735e-01,-2.573547477051368326e-01,-1.878826023616569918e-01,-2.513978385534383908e-01,-1.267416267475044156e-01,-1.436166714574874798e-02,-1.848693868885483704e-01,-4.465395813217044180e-02,-6.447925885572730609e-02,-1.289491050783941328e-01,1.250643664324706805e-01,1.061805521686661202e-01,-4.424254014104871818e-02,1.899755865559015211e-01,-2.071184727869857523e-01,-1.640990578333580419e-01,1.008007887127932850e-01
4.231599203926201258e-01,5.962459141837369581e-01,5.968911141736360504e-01,-1.484396975900345410e-02,1.000000000000000000e+00,-4.017642176777300178e-01,7.823628482126220030e-03,-5.104637906712786721e-01,6.758117609848518503e-01,6.541867544991059047e-01,1.311856615398585835e-01,3.592804603477230407e-01,-3.225122505583659649e-01,6.080164567336190373e-01,3.172484134942901157e-01,6.554496577415187542e-01,6.611462730086987635e-03,1.251645928643624617e-01,6.402653914870177765e-01,-2.080582746491565355e-02,5.048378204943378966e-01,2.252455048791120740e-01,4.817661419126713085e-01,5.582854387527971807e-02,4.007931350828564110e-01,9.818220471666112836e-02,3.646421085311798427e-01,2.577283732516004178e-01,-7.208848617945753934e-02,6.311147626641560038e-01,3.416140380225416995e-01,1.381239380872505418e-01,4.147324993330162579e-01,7.179097500729340053e-01,-1.205458043473013469e-01,4.224293291323252264e-01,-6.689383663710642136e-03,4.260740917562531038e-01,3.531776742944738867e-01
1.873736126925869550e-01,-4.330401316331110584e-01,-1.421586773380829061e-01,-2.591223781550327510e-01,-4.017642176777300178e-01,1.000000000000000000e+00,-1.608609868509036089e-01,6.107853351235342787e-02,-3.368200134159254344e-01,-3.463552297960720838e-01,2.825656498111365766e-01,-5.903871214748692697e-01,2.369764822889802031e-02,-2.570161990130864771e-02,-3.424142208304580270e-01,-4.949444002387616837e-01,5.934112383566608750e-01,-3.511091270917185425e-01,-5.025138962618359573e-01,2.128915486485069841e-01,-5.820485301250304389e-01,-3.985617838318794570e-01,-9.148246497440506997e-02,5.797053168155552605e-01,6.364459266668091864e-02,4.255286797514604147e-01,1.230144646726465951e-01,1.709205265322022160e-01,5.300318407850389546e-01,-2.552780907003842636e-01,1.126335520355699060e-01,3.528452719218980738e-01,-3.342052926435341575e-01,-5.261770173858919541e-01,4.606562245235970021e-01,-5.199452556356533028e-01,5.494878487876032613e-01,-6.127432350674011374e-02,-5.195459002374323010e-01
-2.600267138837601966e-01,-6.200184829837355333e-02,-4.135478562240497286e-02,6.136455796171246257e-01,7.823628482126220030e-03,-1.608609868509036089e-01,1.000000000000000000e+00,6.288132933158074866e-02,-1.895592019962502595e-01,-1.109547955464228880e-01,-1.213502872753958184e-01,8.607419992778940487e-02,2.201552531846523164e-01,-2.114403839187959100e-01,-2.320412851703099189e-02,-7.121310932253344106e-02,-1.816924532546266291e-01,1.588907201180810302e-01,1.104515567109729812e-01,-1.177823379117527713e-01,1.960905988146893209e-01,2.075704381491541295e-01,-2.055980058402465949e-01,-2.710754641141914223e-01,-2.861387195021167784e-01,-3.298214033540108336e-01,-3.452790074806887377e-01,-1.041677852549344474e-01,-1.175738300123412433e-01,-1.523549836338305707e-01,-2.369248218704279596e-01,-5.185721085495344912e-02,1.724607480927102532e-01,1.011031692028951630e-03,1.186478063346915919e-02,8.778983682991349860e-03,-2.867535192873287286e-01,-1.753773997088561576e-01,4.652079238904959640e-02
-5.655386204634720304e-01,-1.437349367369712694e-01,-9.072939275108699020e-01,4.709944209232042912e-03,-5.104637906712786721e-01,6.107853351235342787e-02,6.288132933158074866e-02,1.000000000000000000e+00,-5.000832302032011123e-01,-4.037659380369227335e-01,-2.669939564197095216e-01,2.107586032719649116e-01,5.497191612576526332e-01,-6.020220375786714540e-01,1.860602233067638889e-01,-2.954298820570293027e-01,-4.473010177297107037e-01,4.347406509205138381e-01,-1.345416974696014567e-01,-5.279679085143860195e-01,-4.819273809132798014e-01,3.009265549863207601e-01,-2.908659981319260956e-01,-4.732279990366535793e-01,-4.106071083429588264e-01,-5.903395687015573490e-01,-6.649671079769701176e-01,-7.479484159765206197e-01,-3.695333560908092285e-01,-5.164004686813884470e-01,-7.572107713124049955e-01,-3.710370271546096776e-01,8.765730233887093076e-03,-3.130795174951439552e-01,-3.688528611187462114e-01,-1.691269675228906921e-02,-4.440612334247897586e-01,-4.191919549684647306e-01,2.470115243545257799e-01
4.894960693649553773e-01,6.407687907267555216e-01,5.777695327789814650e-01,-6.847493709402897866e-02,6.758117609848518503e-01,-3.368200134159254344e-01,-1.895592019962502595e-01,-5.000832302032011123e-01,1.000000000000000000e+00,6.305871805471666702e-01,1.729233080627247399e-01,3.306430948042688445e-01,-3.482456094337721964e-01,6.726464906212117345e-01,2.960019891988382446e-01,6.520404979684023550e-01,1.350792883997544991e-01,1.770896090188053551e-01,6.128758174808595083e-01,6.591689231460894083e-02,3.864403083374100545e-01,1.267947626682305318e-01,6.795195916017822135e-01,2.831774690884980017e-01,6.116803291416585964e-01,3.113777459504397660e-01,6.094508793225777987e-01,3.892830821292352916e-01,1.636062457387242874e-01,7.206926601528680365e-01,3.951315722908292360e-01,3.214943577051145862e-01,2.471038682830565547e-01,6.413463986581074971e-01,3.494928008677680720e-02,3.948225355739728992e-01,2.352174966370700615e-01,6.706435062051706586e-01,4.073290722273492648e-01
5.076176862031194226e-01,6.679719853224698189e-01,4.709155735611723070e-01,-6.000809377816884727e-02,6.541867544991059047e-01,-3.463552297960720838e-01,-1.109547955464228880e-01,-4.037659380369227335e-01,6.305871805471666702e-01,1.000000000000000000e+00,1.616512816242054451e-01,3.097628807996645195e-01,-2.778112338182864294e-01,6.663430431857573222e-01,2.505441584709540148e-01,8.377241943848492411e-01,1.909075497510812763e-02,1.086225582767417902e-01,4.980293131335192802e-01,9.079916252871168825e-02,3.950570080291625485e-01,1.884970191141409623e-01,5.069156818741586967e-01,1.773764797132268700e-01,4.474449785180317218e-01,1.622085452595314059e-01,3.528423340004396280e-01,2.373415919917273853e-01,-3.948641324910282663e-02,7.405474982923911931e-01,2.978731634696912822e-01,1.628528716500614593e-01,2.425596717424872151e-01,5.495776242219336805e-01,-9.566650595047884731e-02,4.789103868297981403e-01,9.479929232991007870e-02,3.704328354891036068e-01,3.204778652225384605e-01
3.916016888413869079e-01,1.512491011728729351e-01,2.395541256645952743e-01,-2.058389018594397601e-01,1.311856615398585835e-01,2.825656498111365766e-01,-1.213502872753958184e-01,-2.669939564197095216e-01,1.729233080627247399e-01,1.616512816242054451e-01,1.000000000000000000e+00,-2.065692752106900454e-01,-5.012712280029411882e-02,3.236986231800871860e-01,-1.741798557527524799e-02,-1.283211173644459649e-02,6.539899658319889841e-01,-1.933939365369234387e-01,-5.537581762278457470e-02,1.329572872713085385e-01,1.063712808261672166e-01,-2.267861198568985603e-01,1.331428235555285056e-01,4.142963500487351070e-01,2.056580973142539681e-01,4.862519923900279206e-01,3.360546438805179781e-01,3.405863973028655511e-01,5.277244010349231296e-01,1.710133311367178777e-01,3.202276369682576784e-01,4.735778464901770346e-01,2.915019652209022843e-02,-1.836863069814235680e-02,3.374955602234503971e-01,-5.187821034167187928e-02,3.928181466452157489e-01,3.925261628477861309e-01,-8.552684356811075805e-02
-2.882690205250511006e-01,5.667744362476883069e-01,-9.235879257951805366e-02,1.995343961537799360e-01,3.592804603477230407e-01,-5.903871214748692697e-01,8.607419992778940487e-02,2.107586032719649116e-01,3.306430948042688445e-01,3.097628807996645195e-01,-2.065692752106900454e-01,1.000000000000000000e+00,-6.704103095270877444e-02,9.722198972652852655e-02,6.872469874637977538e-01,4.555383179601290577e-01,-5.578433127585444851e-01,7.077450172241995796e-01,6.539901544630619679e-01,-3.958599149165875075e-01,2.835025780921547889e-01,6.572107583922018881e-01,3.132586559607748455e-01,-4.910229423260923931e-01,-6.707869134539971856e-02,-5.104265640008257554e-01,-1.460018874054107019e-01,-3.817526264939326008e-01,-4.589423544386711518e-01,1.852622960535318664e-01,-2.289864897565569712e-01,-1.336811753982002915e-01,5.881430590881585596e-01,6.401069869571502924e-01,-4.536263280114486429e-01,6.656970972914330043e-01,-4.263861124006246839e-01,1.093504609159575702e-01,8.376468974035723436e-01
-2.919099102744609486e-01,-1.055872041437427994e-01,-5.540376216574670609e-01,1.371832499403513317e-01,-3.225122505583659649e-01,2.369764822889802031e-02,2.201552531846523164e-01,5.497191612576526332e-01,-3.482456094337721964e-01,-2.778112338182864294e-01,-5.012712280029411882e-02,-6.704103095270877444e-02,1.000000000000000000e+00,-4.430983230070817958e-01,-1.627900291007969291e-01,-1.837030013385203830e-01,-1.920508014851094736e-01,2.507422291497494737e-01,-1.074087854221538602e-01,-2.662296236348767331e-01,-2.636109289661524024e-01,-2.415557271691679692e-02,-2.689503248653485334e-01,-3.431934984837000102e-01,-2.006974067321814770e-01,-3.389777635126191568e-01,-5.086025455372454873e-01,-3.816441753599950082e-01,-1.357550754757161360e-01,-3.767427422384245217e-01,-6.918229951955340296e-01,-2.950642612953362498e-01,-2.107473293874211062e-01,-4.197893785520762089e-01,-2.090682730448821802e-01,-1.401068942056301059e-01,-3.505561994388749492e-01,-3.279038992258689889e-01,7.641352632581224942e-03
6.256405021301754132e-01,4.860201932751625487e-01,6.310740543728755592e-01,-1.136076023043647437e-01,6.080164567336190373e-01,-2.570161990130864771e-02,-2.114403839187959100e-01,-6.020220375786714540e-01,6.726464906212117345e-01,6.663430431857573222e-01,3.236986231800871860e-01,9.722198972652852655e-02,-4.430983230070817958e-01,1.000000000000000000e+00,9.444019956477647804e-02,5.745564539601580867e-01,3.699717262325556422e-01,-1.019435617686464540e-01,3.947337279194187976e-01,2.615480413324157705e-01,2.554718303289284509e-01,-1.053985236706907608e-01,6.188742817121012374e-01,5.258682473109158595e-01,6.083070254685533085e-01,4.964976655314817799e-01,6.869494659225571231e-01,5.184867410546282196e-01,3.345900227258676307e-01,6.907687326989304655e-01,5.737836573858655642e-01,4.480960281473231888e-01,1.160479074541437422e-01,4.531384129270554784e-01,2.601095563938793376e-01,2.965049104555992909e-01,4.842696497406647760e-01,4.924332318724672364e-01,1.319484625181717719e-01
-4.445849663038013017e-02,4.005462275830406482e-01,-8.458084637013139895e-02,-1.446028711967944046e-02,3.172484134942901157e-01,-3.424142208304580270e-01,-2.320412851703099189e-02,1.860602233067638889e-01,2.960019891988382446e-01,2.505441584709540148e-01,-1.741798557527524799e-02,6.872469874637977538e-01,-1.627900291007969291e-01,9.444019956477647804e-02,1.000000000000000000e+00,3.538813982908422529e-01,-3.114500957667563630e-01,6.378880693351429709e-01,4.937210176839260112e-01,-4.235083613394768354e-01,1.187641868540007667e-01,6.745521869415990190e-01,2.991649514656441466e-01,-2.728075332750832249e-01,-5.108571726917683631e-02,-2.563639550677432877e-01,-1.264111338996048162e-01,-2.945093226927180674e-01,-3.252439951684394925e-01,2.131282207474905210e-01,-1.560272827685863506e-01,-1.512717298768818941e-01,6.679002160168870939e-01,6.318428434266587512e-01,-4.534701522008757757e-01,5.485626620021303301e-01,-3.076006315926387846e-01,3.771567369673339276e-01,7.188797843424511447e-01
4.130490483009187641e-01,7.266965781681332670e-01,3.801669018894871521e-01,-9.393473614447646683e-03,6.554496577415187542e-01,-4.949444002387616837e-01,-7.121310932253344106e-02,-2.954298820570293027e-01,6.520404979684023550e-01,8.377241943848492411e-01,-1.283211173644459649e-02,4.555383179601290577e-01,-1.837030013385203830e-01,5.745564539601580867e-01,3.538813982908422529e-01,1.000000000000000000e+00,-1.697365051734509300e-01,2.466852200318546684e-01,5.664482804783617098e-01,-2.953259319784674528e-02,4.213245894030469563e-01,3.166942862661558666e-01,5.301916784040580088e-01,-1.065050516441089397e-02,3.960657666684080369e-01,-2.340049120602200050e-02,2.358738737563080001e-01,1.004551656590632475e-01,-1.902037567514769378e-01,7.149796736279605547e-01,1.316438341600716377e-01,2.023861608268513745e-02,2.988420102990577143e-01,6.197395566490989660e-01,-2.305051561518712822e-01,5.401564408896757374e-01,-9.216145777192930044e-02,3.272915879797267946e-01,4.515755769198919189e-01
5.607726791936055166e-01,-1.187189009014852220e-01,3.770933285553303982e-01,-3.107226671679671481e-01,6.611462730086987635e-03,5.934112383566608750e-01,-1.816924532546266291e-01,-4.473010177297107037e-01,1.350792883997544991e-01,1.909075497510812763e-02,6.539899658319889841e-01,-5.578433127585444851e-01,-1.920508014851094736e-01,3.699717262325556422e-01,-3.114500957667563630e-01,-1.697365051734509300e-01,1.000000000000000000e+00,-4.814748891184482127e-01,-2.756690708405135637e-01,4.088708993193916896e-01,-7.528057331798759799e-02,-4.633308204238573147e-01,1.695894828069564597e-01,7.490914605878318255e-01,3.317753018117987618e-01,7.551424406457419858e-01,4.995434529453317007e-01,6.128291434865904552e-01,7.519601801594787416e-01,1.618156799552273595e-01,4.785716332084493096e-01,6.201323284401734082e-01,-2.364784840783691056e-01,-2.180196013305575331e-01,6.481843873092714148e-01,-3.879451207690561843e-01,6.724931330125826223e-01,3.736272008959134472e-01,-4.562234772487368528e-01
-3.510232464406107256e-01,3.735494524268535566e-01,-3.237189476980271152e-01,1.665195214991226080e-01,1.251645928643624617e-01,-3.511091270917185425e-01,1.588907201180810302e-01,4.347406509205138381e-01,1.770896090188053551e-01,1.086225582767417902e-01,-1.933939365369234387e-01,7.077450172241995796e-01,2.507422291497494737e-01,-1.019435617686464540e-01,6.378880693351429709e-01,2.466852200318546684e-01,-4.814748891184482127e-01,1.000000000000000000e+00,6.055692532651212323e-01,-5.170669876540492371e-01,-2.252965047647184638e-02,5.711328110364173316e-01,2.116059246192577015e-01,-4.504190587464133033e-01,-1.041903822318960837e-01,-4.588560889708206414e-01,-3.013361553847314633e-01,-4.434308367839586151e-01,-3.807294425860394127e-01,-1.042256293758673374e-02,-5.045218721205837475e-01,-2.292409726024327299e-01,4.586873201145486578e-01,3.602507963765665400e-01,-4.559290525126592497e-01,4.771277733771125407e-01,-4.367208527819507191e-01,7.494765691507156158e-02,7.377745337726137054e-01
3.797261653418070038e-02,6.456755095481340190e-01,2.540293095398760137e-01,9.488000856643337422e-02,6.402653914870177765e-01,-5.025138962618359573e-01,1.104515567109729812e-01,-1.345416974696014567e-01,6.128758174808595083e-01,4.980293131335192802e-01,-5.537581762278457470e-02,6.539901544630619679e-01,-1.074087854221538602e-01,3.947337279194187976e-01,4.937210176839260112e-01,5.664482804783617098e-01,-2.756690708405135637e-01,6.055692532651212323e-01,1.000000000000000000e+00,-2.508708991716679937e-01,3.324735324328439434e-01,4.051377338904802450e-01,5.223740012940408795e-01,-1.869231129048293805e-01,3.053114914277527125e-01,-1.934017800297716805e-01,1.384898596107641267e-01,-6.209530915977265475e-02,-2.180599590148085687e-01,4.238841171856347345e-01,-4.729029398353581937e-02,6.241286319660529353e-02,4.180843924464034411e-01,6.174669141984652221e-01,-2.767313609741020031e-01,5.753889252836842383e-01,-1.874652382119038063e-01,2.973525055957482177e-01,6.621466474678797676e-01
2.930617021009673251e-01,-1.459734978881646605e-01,4.653890005261895335e-01,5.746442534708728900e-02,-2.080582746491565355e-02,2.128915486485069841e-01,-1.177823379117527713e-01,-5.279679085143860195e-01,6.591689231460894083e-02,9.079916252871168825e-02,1.329572872713085385e-01,-3.958599149165875075e-01,-2.662296236348767331e-01,2.615480413324157705e-01,-4.235083613394768354e-01,-2.953259319784674528e-02,4.088708993193916896e-01,-5.170669876540492371e-01,-2.508708991716679937e-01,1.000000000000000000e+00,5.928142483076455360e-02,-3.912630493736164450e-01,3.254425826668292873e-03,4.415254938274525975e-01,2.144701677173240228e-01,5.606560614051496749e-01,4.564491837357902426e-01,6.496142535604422230e-01,4.462598798516708709e-01,1.462626197204640321e-01,5.103087009412499153e-01,3.479929125138118695e-01,-3.620770751777232510e-01,-2.114799473881439351e-01,4.813644686277283591e-01,-2.555785629650410562e-01,5.287077464564866602e-01,1.159865721001648864e-01,-4.214690730160603471e-01
1.142808618710368235e-01,3.622965774364830249e-01,5.174568240413841558e-01,2.292528432773652258e-01,5.048378204943378966e-01,-5.820485301250304389e-01,1.960905988146893209e-01,-4.819273809132798014e-01,3.864403083374100545e-01,3.950570080291625485e-01,1.063712808261672166e-01,2.835025780921547889e-01,-2.636109289661524024e-01,2.554718303289284509e-01,1.187641868540007667e-01,4.213245894030469563e-01,-7.528057331798759799e-02,-2.252965047647184638e-02,3.324735324328439434e-01,5.928142483076455360e-02,1.000000000000000000e+00,1.561682114611353811e-01,1.313312783152247865e-01,-1.872859171077615736e-01,-5.949405755752500136e-03,-2.726480097774012373e-02,1.123365509971919474e-01,2.652603901441113465e-01,-1.255403002659701006e-01,3.698346233793867732e-01,2.823101192783063484e-01,3.204166031857660218e-02,2.901136112660932520e-01,5.142236006697574746e-01,-2.670484181178522584e-02,2.855242033954192848e-01,-2.163079857451203902e-01,2.028896989808106621e-01,1.596351665846830470e-01
-2.286882496550215194e-01,3.360906055952561644e-01,-1.974513843709193306e-01,1.281938175254482282e-01,2.252455048791120740e-01,-3.985617838318794570e-01,2.075704381491541295e-01,3.009265549863207601e-01,1.267947626682305318e-01,1.884970191141409623e-01,-2.267861198568985603e-01,6.572107583922018881e-01,-2.415557271691679692e-02,-1.053985236706907608e-01,6.745521869415990190e-01,3.166942862661558666e-01,-4.633308204238573147e-01,5.711328110364173316e-01,4.051377338904802450e-01,-3.912630493736164450e-01,1.561682114611353811e-01,1.000000000000000000e+00,9.899083584765086541e-02,-4.167331675793496393e-01,-1.924160460783457538e-01,-5.461496868819686323e-01,-3.395002329539896224e-01,-4.713965575827817611e-01,-5.057489751498850383e-01,7.644286517233915557e-02,-3.301545797107949265e-01,-2.440374541071344272e-01,5.850504893011664320e-01,4.943785414009504997e-01,-5.411874481808698345e-01,4.298242586334088400e-01,-4.988937295650950343e-01,6.208246675302721979e-02,6.245057369887636600e-01
4.437153254387499191e-01,5.223672958926672827e-01,3.537035759795817969e-01,-1.017046603272399735e-01,4.817661419126713085e-01,-9.148246497440506997e-02,-2.055980058402465949e-01,-2.908659981319260956e-01,6.795195916017822135e-01,5.069156818741586967e-01,1.331428235555285056e-01,3.132586559607748455e-01,-2.689503248653485334e-01,6.188742817121012374e-01,2.991649514656441466e-01,5.301916784040580088e-01,1.695894828069564597e-01,2.116059246192577015e-01,5.223740012940408795e-01,3.254425826668292873e-03,1.313312783152247865e-01,9.899083584765086541e-02,1.000000000000000000e+00,3.388324653908786899e-01,6.946652922214593406e-01,2.172709704796723096e-01,4.701928051006199483e-01,2.416184932216546011e-01,2.241804597524351128e-01,5.937810249593934442e-01,2.694639824040235276e-01,3.872449831222114502e-01,2.320180567083843792e-01,4.596128356244335023e-01,7.244316451014075342e-02,3.632542973892327609e-01,2.783003584774116912e-01,5.334399747479159348e-01,3.965184731438939347e-01
6.197472169677334941e-01,-2.207819439490768879e-02,4.217900399747007700e-01,-2.573547477051368326e-01,5.582854387527971807e-02,5.797053168155552605e-01,-2.710754641141914223e-01,-4.732279990366535793e-01,2.831774690884980017e-01,1.773764797132268700e-01,4.142963500487351070e-01,-4.910229423260923931e-01,-3.431934984837000102e-01,5.258682473109158595e-01,-2.728075332750832249e-01,-1.065050516441089397e-02,7.490914605878318255e-01,-4.504190587464133033e-01,-1.869231129048293805e-01,4.415254938274525975e-01,-1.872859171077615736e-01,-4.167331675793496393e-01,3.388324653908786899e-01,1.000000000000000000e+00,5.202835338036442270e-01,7.530984201741101058e-01,6.436075906180008799e-01,5.915768480667187301e-01,6.871458136303308928e-01,3.077854579453278561e-01,5.652293550740236094e-01,6.054606453432151980e-01,-2.386273459866415370e-01,-1.219821939048283954e-01,5.931045808016323084e-01,-2.546990945069133594e-01,7.979838441428005469e-01,4.015183995276874751e-01,-3.812185074142319663e-01
5.497881637984670666e-01,3.451607637189542110e-01,4.361061345317360782e-01,-1.878826023616569918e-01,4.007931350828564110e-01,6.364459266668091864e-02,-2.861387195021167784e-01,-4.106071083429588264e-01,6.116803291416585964e-01,4.474449785180317218e-01,2.056580973142539681e-01,-6.707869134539971856e-02,-2.006974067321814770e-01,6.083070254685533085e-01,-5.108571726917683631e-02,3.960657666684080369e-01,3.317753018117987618e-01,-1.041903822318960837e-01,3.053114914277527125e-01,2.144701677173240228e-01,-5.949405755752500136e-03,-1.924160460783457538e-01,6.946652922214593406e-01,5.202835338036442270e-01,1.000000000000000000e+00,4.188064080273997680e-01,6.381463575426579160e-01,4.142060667134949692e-01,3.280344032933210641e-01,5.384098440766834637e-01,4.228675175723731749e-01,3.077885027332548096e-01,-4.670568324075288769e-02,2.301165435463268516e-01,1.223371656698006987e-01,1.413792552228435029e-01,4.384534300724929889e-01,4.304714385786902464e-01,7.204675727805402718e-02
6.402368698678541081e-01,-4.393308217548488881e-02,5.251509442048644116e-01,-2.513978385534383908e-01,9.818220471666112836e-02,4.255286797514604147e-01,-3.298214033540108336e-01,-5.903395687015573490e-01,3.113777459504397660e-01,1.622085452595314059e-01,4.862519923900279206e-01,-5.104265640008257554e-01,-3.389777635126191568e-01,4.964976655314817799e-01,-2.563639550677432877e-01,-2.340049120602200050e-02,7.551424406457419858e-01,-4.588560889708206414e-01,-1.934017800297716805e-01,5.606560614051496749e-01,-2.726480097774012373e-02,-5.461496868819686323e-01,2.172709704796723096e-01,7.530984201741101058e-01,4.188064080273997680e-01,1.000000000000000000e+00,7.016316751619342540e-01,7.831844630499469329e-01,7.091305960874951797e-01,3.193697641520075181e-01,6.294856066615401868e-01,5.114027277986720188e-01,-2.989725373777841200e-01,-1.037065576521016691e-01,6.098051268409415693e-01,-2.677008109800881885e-01,7.419468996613395317e-01,5.156776068513008182e-01,-3.962142248627714136e-01
5.560399558735444892e-01,1.906223046446970659e-01,6.590579068680672004e-01,-1.267416267475044156e-01,3.646421085311798427e-01,1.230144646726465951e-01,-3.452790074806887377e-01,-6.649671079769701176e-01,6.094508793225777987e-01,3.528423340004396280e-01,3.360546438805179781e-01,-1.460018874054107019e-01,-5.086025455372454873e-01,6.869494659225571231e-01,-1.264111338996048162e-01,2.358738737563080001e-01,4.995434529453317007e-01,-3.013361553847314633e-01,1.384898596107641267e-01,4.564491837357902426e-01,1.123365509971919474e-01,-3.395002329539896224e-01,4.701928051006199483e-01,6.436075906180008799e-01,6.381463575426579160e-01,7.016316751619342540e-01,1.000000000000000000e+00,7.016614666645423215e-01,5.026788623459290672e-01,5.209554949331723916e-01,7.620187781547641537e-01,4.761333025008361308e-01,-5.066963308851660935e-02,2.556065664130606208e-01,4.268753028527675353e-01,2.631428845294516913e-02,6.792544017427643022e-01,5.213006221930792661e-01,-8.871563274454406789e-02
5.542943621846468938e-01,-2.502358297069233115e-02,7.032926870517622886e-01,-1.436166714574874798e-02,2.577283732516004178e-01,1.709205265322022160e-01,-1.041677852549344474e-01,-7.479484159765206197e-01,3.892830821292352916e-01,2.373415919917273853e-01,3.405863973028655511e-01,-3.817526264939326008e-01,-3.816441753599950082e-01,5.184867410546282196e-01,-2.945093226927180674e-01,1.004551656590632475e-01,6.128291434865904552e-01,-4.434308367839586151e-01,-6.209530915977265475e-02,6.496142535604422230e-01,2.652603901441113465e-01,-4.713965575827817611e-01,2.416184932216546011e-01,5.915768480667187301e-01,4.142060667134949692e-01,7.831844630499469329e-01,7.016614666645423215e-01,1.000000000000000000e+00,5.966487447896660079e-01,3.862273042960366332e-01,7.002294814007564705e-01,4.470169302520533572e-01,-1.954446038590468282e-01,5.708759800121872285e-02,6.073612496685554252e-01,-1.852063132805565615e-01,6.247187700556451340e-01,4.284307331127023555e-01,-3.652711965725803922e-01
4.717147116791352568e-01,-2.469089435228960169e-02,3.102849474208364544e-01,-1.848693868885483704e-01,-7.208848617945753934e-02,5.300318407850389546e-01,-1.175738300123412433e-01,-3.695333560908092285e-01,1.636062457387242874e-01,-3.948641324910282663e-02,5.277244010349231296e-01,-4.589423544386711518e-01,-1.357550754757161360e-01,3.345900227258676307e-01,-3.252439951684394925e-01,-1.902037567514769378e-01,7.519601801594787416e-01,-3.807294425860394127e-01,-2.180599590148085687e-01,4.462598798516708709e-01,-1.255403002659701006e-01,-5.057489751498850383e-01,2.241804597524351128e-01,6.871458136303308928e-01,3.280344032933210641e-01,7.091305960874951797e-01,5.026788623459290672e-01,5.966487447896660079e-01,1.000000000000000000e+00,1.224017787241872407e-01,3.946697264522542326e-01,7.328623180251216951e-01,-2.866101517625971873e-01,-2.856849250045181976e-01,7.588551380827465165e-01,-3.867761874575821324e-01,7.498090379138696582e-01,4.330411499773862416e-01,-3.270277355410424192e-01
6.233416686332990952e-01,5.351091686509673595e-01,5.700068272567315741e-01,-4.465395813217044180e-02,6.311147626641560038e-01,-2.552780907003842636e-01,-1.523549836338305707e-01,-5.164004686813884470e-01,7.206926601528680365e-01,7.405474982923911931e-01,1.710133311367178777e-01,1.852622960535318664e-01,-3.767427422384245217e-01,6.907687326989304655e-01,2.131282207474905210e-01,7.149796736279605547e-01,1.618156799552273595e-01,-1.042256293758673374e-02,4.238841171856347345e-01,1.462626197204640321e-01,3.698346233793867732e-01,7.644286517233915557e-02,5.937810249593934442e-01,3.077854579453278561e-01,5.384098440766834637e-01,3.193697641520075181e-01,5.209554949331723916e-01,3.862273042960366332e-01,1.224017787241872407e-01,1.000000000000000000e+00,4.404007267957294469e-01,2.384285712290184489e-01,1.823005338810533005e-01,5.484857972278008864e-01,4.386229652836663023e-02,3.780939368559905200e-01,2.595745965676383160e-01,4.752032179431509018e-01,2.072513930723849374e-01
4.897364037734508457e-01,1.800871964598629513e-02,7.248875023620185987e-01,-6.447925885572730609e-02,3.416140380225416995e-01,1.126335520355699060e-01,-2.369248218704279596e-01,-7.572107713124049955e-01,3.951315722908292360e-01,2.978731634696912822e-01,3.202276369682576784e-01,-2.289864897565569712e-01,-6.918229951955340296e-01,5.737836573858655642e-01,-1.560272827685863506e-01,1.316438341600716377e-01,4.785716332084493096e-01,-5.045218721205837475e-01,-4.729029398353581937e-02,5.103087009412499153e-01,2.823101192783063484e-01,-3.301545797107949265e-01,2.694639824040235276e-01,5.652293550740236094e-01,4.228675175723731749e-01,6.294856066615401868e-01,7.620187781547641537e-01,7.002294814007564705e-01,3.946697264522542326e-01,4.404007267957294469e-01,1.000000000000000000e+00,3.819884772846964816e-01,3.404702595150502914e-02,2.808549055231566727e-01,4.009144458854093651e-01,1.115116139483201402e-02,5.903378128680001335e-01,3.740472667805300744e-01,-2.644078074422596125e-01
3.711023486942908733e-01,2.441165218218427080e-01,3.519593444641299640e-01,-1.289491050783941328e-01,1.381239380872505418e-01,3.528452719218980738e-01,-5.185721085495344912e-02,-3.710370271546096776e-01,3.214943577051145862e-01,1.628528716500614593e-01,4.735778464901770346e-01,-1.336811753982002915e-01,-2.950642612953362498e-01,4.480960281473231888e-01,-1.512717298768818941e-01,2.023861608268513745e-02,6.201323284401734082e-01,-2.292409726024327299e-01,6.241286319660529353e-02,3.479929125138118695e-01,3.204166031857660218e-02,-2.440374541071344272e-01,3.872449831222114502e-01,6.054606453432151980e-01,3.077885027332548096e-01,5.114027277986720188e-01,4.761333025008361308e-01,4.470169302520533572e-01,7.328623180251216951e-01,2.384285712290184489e-01,3.819884772846964816e-01,1.000000000000000000e+00,-1.449574971258150713e-01,-3.763224797480405059e-02,6.740187724482563647e-01,-1.451125863295359975e-01,6.803494158239519196e-01,4.464966527433085752e-01,-4.671149523283967681e-02
-9.290142996717827562e-02,3.068148592025640164e-01,8.967448127390087453e-02,1.250643664324706805e-01,4.147324993330162579e-01,-3.342052926435341575e-01,1.724607480927102532e-01,8.765730233887093076e-03,2.471038682830565547e-01,2.425596717424872151e-01,2.915019652209022843e-02,5.881430590881585596e-01,-2.107473293874211062e-01,1.160479074541437422e-01,6.679002160168870939e-01,2.988420102990577143e-01,-2.364784840783691056e-01,4.586873201145486578e-01,4.180843924464034411e-01,-3.620770751777232510e-01,2.901136112660932520e-01,5.850504893011664320e-01,2.320180567083843792e-01,-2.386273459866415370e-01,-4.670568324075288769e-02,-2.989725373777841200e-01,-5.066963308851660935e-02,-1.954446038590468282e-01,-2.866101517625971873e-01,1.823005338810533005e-01,3.404702595150502914e-02,-1.449574971258150713e-01,1.000000000000000000e+00,6.690057919792452568e-01,-3.668763990090214144e-01,4.351165979883547807e-01,-3.228732940767973236e-01,2.556385704052146490e-01,5.353739537599322418e-01
1.805879264404602613e-01,5.414204535083941838e-01,4.203805902120604787e-01,1.061805521686661202e-01,7.179097500729340053e-01,-5.261770173858919541e-01,1.011031692028951630e-03,-3.130795174951439552e-01,6.413463986581074971e-01,5.495776242219336805e-01,-1.836863069814235680e-02,6.401069869571502924e-01,-4.197893785520762089e-01,4.531384129270554784e-01,6.318428434266587512e-01,6.197395566490989660e-01,-2.180196013305575331e-01,3.602507963765665400e-01,6.174669141984652221e-01,-2.114799473881439351e-01,5.142236006697574746e-01,4.943785414009504997e-01,4.596128356244335023e-01,-1.219821939048283954e-01,2.301165435463268516e-01,-1.037065576521016691e-01,2.556065664130606208e-01,5.708759800121872285e-02,-2.856849250045181976e-01,5.484857972278008864e-01,2.808549055231566727e-01,-3.763224797480405059e-02,6.690057919792452568e-01,1.000000000000000000e+00,-3.130998185023405322e-01,6.118173469218189942e-01,-1.653533121089247326e-01,4.348374349525588323e-01,5.928906710644180622e-01
3.088508117387059326e-01,-1.587649514549306917e-01,2.967101866506859920e-01,-4.424254014104871818e-02,-1.205458043473013469e-01,4.606562245235970021e-01,1.186478063346915919e-02,-3.688528611187462114e-01,3.494928008677680720e-02,-9.566650595047884731e-02,3.374955602234503971e-01,-4.536263280114486429e-01,-2.090682730448821802e-01,2.601095563938793376e-01,-4.534701522008757757e-01,-2.305051561518712822e-01,6.481843873092714148e-01,-4.559290525126592497e-01,-2.767313609741020031e-01,4.813644686277283591e-01,-2.670484181178522584e-02,-5.411874481808698345e-01,7.244316451014075342e-02,5.931045808016323084e-01,1.223371656698006987e-01,6.098051268409415693e-01,4.268753028527675353e-01,6.073612496685554252e-01,7.588551380827465165e-01,4.386229652836663023e-02,4.009144458854093651e-01,6.740187724482563647e-01,-3.668763990090214144e-01,-3.130998185023405322e-01,1.000000000000000000e+00,-4.360503249902102363e-01,6.980081999281326777e-01,1.743623506388621291e-01,-4.471659030096667431e-01
-2.308078216343631417e-02,5.226251980672530495e-01,1.047202827801838598e-01,1.899755865559015211e-01,4.224293291323252264e-01,-5.199452556356533028e-01,8.778983682991349860e-03,-1.691269675228906921e-02,3.948225355739728992e-01,4.789103868297981403e-01,-5.187821034167187928e-02,6.656970972914330043e-01,-1.401068942056301059e-01,2.965049104555992909e-01,5.485626620021303301e-01,5.401564408896757374e-01,-3.879451207690561843e-01,4.771277733771125407e-01,5.753889252836842383e-01,-2.555785629650410562e-01,2.855242033954192848e-01,4.298242586334088400e-01,3.632542973892327609e-01,-2.546990945069133594e-01,1.413792552228435029e-01,-2.677008109800881885e-01,2.631428845294516913e-02,-1.852063132805565615e-01,-3.867761874575821324e-01,3.780939368559905200e-01,1.115116139483201402e-02,-1.451125863295359975e-01,4.351165979883547807e-01,6.118173469218189942e-01,-4.360503249902102363e-01,1.000000000000000000e+00,-2.481788605621195465e-01,1.747429535674640266e-01,6.455045114688504615e-01
4.818568242768437870e-01,-6.199134610537863910e-02,3.910325474789909106e-01,-2.071184727869857523e-01,-6.689383663710642136e-03,5.494878487876032613e-01,-2.867535192873287286e-01,-4.440612334247897586e-01,2.352174966370700615e-01,9.479929232991007870e-02,3.928181466452157489e-01,-4.263861124006246839e-01,-3.505561994388749492e-01,4.842696497406647760e-01,-3.076006315926387846e-01,-9.216145777192930044e-02,6.724931330125826223e-01,-4.367208527819507191e-01,-1.874652382119038063e-01,5.287077464564866602e-01,-2.163079857451203902e-01,-4.988937295650950343e-01,2.783003584774116912e-01,7.979838441428005469e-01,4.384534300724929889e-01,7.419468996613395317e-01,6.792544017427643022e-01,6.247187700556451340e-01,7.498090379138696582e-01,2.595745965676383160e-01,5.903378128680001335e-01,6.803494158239519196e-01,-3.228732940767973236e-01,-1.653533121089247326e-01,6.980081999281326777e-01,-2.481788605621195465e-01,1.000000000000000000e+00,3.550974035917417448e-01,-3.280446808181947116e-01
5.283751639773904829e-01,4.381692113466058025e-01,4.573868997902565958e-01,-1.640990578333580419e-01,4.260740917562531038e-01,-6.127432350674011374e-02,-1.753773997088561576e-01,-4.191919549684647306e-01,6.706435062051706586e-01,3.704328354891036068e-01,3.925261628477861309e-01,1.093504609159575702e-01,-3.279038992258689889e-01,4.924332318724672364e-01,3.771567369673339276e-01,3.272915879797267946e-01,3.736272008959134472e-01,7.494765691507156158e-02,2.973525055957482177e-01,1.159865721001648864e-01,2.028896989808106621e-01,6.208246675302721979e-02,5.334399747479159348e-01,4.015183995276874751e-01,4.304714385786902464e-01,5.156776068513008182e-01,5.213006221930792661e-01,4.284307331127023555e-01,4.330411499773862416e-01,4.752032179431509018e-01,3.740472667805300744e-01,4.464966527433085752e-01,2.556385704052146490e-01,4.348374349525588323e-01,1.743623506388621291e-01,1.747429535674640266e-01,3.550974035917417448e-01,1.000000000000000000e+00,3.073648054001097973e-01
-1.982040630094027145e-01,6.285835014356856432e-01,-1.296604636695440627e-01,1.008007887127932850e-01,3.531776742944738867e-01,-5.195459002374323010e-01,4.652079238904959640e-02,2.470115243545257799e-01,4.073290722273492648e-01,3.204778652225384605e-01,-8.552684356811075805e-02,8.376468974035723436e-01,7.641352632581224942e-03,1.319484625181717719e-01,7.188797843424511447e-01,4.515755769198919189e-01,-4.562234772487368528e-01,7.377745337726137054e-01,6.621466474678797676e-01,-4.214690730160603471e-01,1.596351665846830470e-01,6.245057369887636600e-01,3.965184731438939347e-01,-3.812185074142319663e-01,7.204675727805402718e-02,-3.962142248627714136e-01,-8.871563274454406789e-02,-3.652711965725803922e-01,-3.270277355410424192e-01,2.072513930723849374e-01,-2.644078074422596125e-01,-4.671149523283967681e-02,5.353739537599322418e-01,5.928906710644180622e-01,-4.471659030096667431e-01,6.455045114688504615e-01,-3.280446808181947116e-01,3.073648054001097973e-01,1.000000000000000000e+00
