1.000000000000000000e+00,6.590480779229346275e-01,7.109444161245522809e-01,2.147416428940294442e-01,3.610994624051260815e-01,6.105926238512775495e-01,3.636405406266641771e-01,-7.462207497348412044e-01,5.943221738921250497e-01,5.680141355724543928e-01,3.203660082116308594e-01,4.610085475934049271e-01,-5.520376928771884018e-01,5.929692102486107119e-01,2.472344445288823106e-02,6.064326625247725699e-01,3.577151761539403840e-01,3.868918268859455889e-01,2.213617097466324957e-01,-4.619494950297613894e-02,1.956225284351800486e-01,4.345090129320060557e-01,7.701307600565889810e-01,6.361024266239924119e-01,5.164214677178273760e-01,7.753325564711126550e-01,6.162737252245794606e-01,5.525236995750534286e-01,6.979442678985076087e-01,-3.046882658422629953e-01,6.627533042305145949e-01,6.061129461951875186e-01,3.451299739738429850e-01,2.919742756222962199e-01,5.718315560462404745e-01,4.154259167821711118e-01,5.743454094299460522e-01,5.322329534906630188e-01,5.965672205340872836e-01
6.590480779229346275e-01,1.000000000000000000e+00,8.473774549499453190e-01,5.720675125036133180e-01,2.949165775935463918e-01,7.854650954538416885e-01,4.935440444123098680e-01,-8.495688092105008193e-01,6.743832987643700871e-01,4.292683607062895423e-01,6.758036155183274607e-01,7.867256134845702631e-01,-4.964376142107586043e-01,7.363442618623491365e-01,-5.205512768754574360e-01,5.893535614602644079e-01,4.164726869713478719e-01,6.785610552427979725e-01,2.035349335582359864e-01,1.865337631849378619e-01,4.223312025284431392e-01,7.484104698239377740e-01,7.866479951791510716e-01,8.010092170717362237e-01,8.235386535360947891e-01,6.469557061289223920e-01,9.128357893676748436e-01,7.230696952646276099e-01,7.715011169765102483e-01,-2.621329067109192112e-01,9.017431034193145178e-01,8.816239997275751028e-01,7.275053842661098891e-01,1.337635983049031974e-01,6.841524695996297201e-01,3.296230530323491781e-01,9.009821267476391116e-01,2.152727838898605695e-01,8.389718437538409290e-01
7.109444161245522809e-01,8.473774549499453190e-01,1.000000000000000000e+00,4.920087645559573231e-01,4.867233814402809888e-01,7.832761878741391071e-01,5.564498865573532793e-01,-9.337021458416753239e-01,7.531366969612354190e-01,4.983263676512488805e-01,6.101842344496359871e-01,7.786320680622156321e-01,-3.927615243911384280e-01,8.239980584106892936e-01,-3.097074309416838478e-01,6.549012400619298457e-01,4.183534334452386205e-01,6.742270450703440332e-01,4.041960196714501352e-01,9.808919929489048894e-02,2.938213406343707645e-01,7.538973856612812829e-01,7.982773847534634371e-01,7.307426341490221855e-01,8.001561957937625147e-01,8.105014786949610306e-01,8.807518570372669942e-01,7.953662834938758364e-01,7.638294219946049068e-01,-1.698253262644034145e-01,8.992215261074771870e-01,8.714472317981734051e-01,7.405881980933058939e-01,2.995155016049910190e-01,7.009300553723007976e-01,4.836862835401962157e-01,8.392057948721476368e-01,2.514650326290956417e-01,7.113041830404422949e-01
2.147416428940294442e-01,5.720675125036133180e-01,4.920087645559573231e-01,1.000000000000000000e+00,4.245779009333747189e-02,5.204721609221188983e-01,6.221207314481709272e-01,-4.936849656990811575e-01,2.657507331253035621e-01,-4.755835398095351746e-02,5.199396663915273331e-01,4.729901056843457408e-01,-2.414910592880932794e-01,4.289685287816885073e-01,-6.055985821355927001e-01,1.942748107592188744e-01,3.084340014287336174e-01,5.768518624451764998e-01,1.440261159937900881e-01,4.252420543337495085e-01,2.085337825623718999e-01,5.000615002806118037e-01,4.255119862243929019e-01,5.055935406112067598e-01,5.252379104876034877e-01,2.532846949265258329e-01,6.207474281599624222e-01,4.533569479031797078e-01,4.661381348797269952e-01,-1.567602966985120472e-01,5.841886829741910203e-01,5.941369643413126900e-01,5.567707318887845647e-01,-1.597124675109991565e-01,4.875455954631417455e-01,8.574359442124151673e-03,6.277208864842358516e-01,-2.856970678966022081e-01,4.052211287832547804e-01
3.610994624051260815e-01,2.949165775935463918e-01,4.867233814402809888e-01,4.245779009333747189e-02,1.000000000000000000e+00,2.623934802388428467e-01,1.889484200052512775e-01,-3.633822489672987044e-01,6.823335102889050985e-01,5.489553100155218912e-01,1.744520264414726740e-01,4.180922321686993959e-01,-1.119454256106668516e-01,5.880340117783917631e-01,2.154538125466603782e-01,4.494470792990742924e-01,2.944070450138410733e-01,3.927769356535587009e-01,6.047663582215671019e-01,1.832449535783750930e-02,1.009782918956041164e-02,2.030932051098089386e-01,3.211811518457236558e-01,6.741146082660082195e-02,3.328544662098958384e-01,5.935349507045257766e-01,3.376147075359061667e-01,2.971854688798033495e-01,2.818675470947110684e-01,3.857315259934700480e-01,3.318903961927505142e-01,2.417464327791897516e-01,3.353791052879818713e-01,8.360013956511189726e-01,1.586122530780621764e-01,7.113179013329958833e-01,2.083085058157232439e-01,3.519891668849329802e-01,2.895820169433139801e-01
6.105926238512775495e-01,7.854650954538416885e-01,7.832761878741391071e-01,5.204721609221188983e-01,2.623934802388428467e-01,1.000000000000000000e+00,5.761032416521179034e-01,-8.110507320662987407e-01,5.542708409448784401e-01,3.078249855928154033e-01,5.563179843619255882e-01,5.566357991637914671e-01,-3.968952982677687036e-01,6.641997528245719984e-01,-4.880764299930597794e-01,4.477414784191014463e-01,3.808040878432923937e-01,5.113555004996543918e-01,1.616502397536289937e-01,-1.954774266407908589e-03,1.285879154683275405e-01,6.471842720429202833e-01,7.725395761446413045e-01,6.429460101620906309e-01,7.498196166606957425e-01,6.710368897387105624e-01,7.832630457843220428e-01,7.109725763147297650e-01,7.622569911906108553e-01,-2.183453482620144881e-01,8.190202079111181810e-01,8.276963282979067360e-01,5.789923749635434991e-01,7.626548963482411569e-02,7.675542670845151294e-01,2.489184691293935825e-01,7.951434638242722563e-01,1.120122632574589994e-01,6.246970712577998297e-01
3.636405406266641771e-01,4.935440444123098680e-01,5.564498865573532793e-01,6.221207314481709272e-01,1.889484200052512775e-01,5.761032416521179034e-01,1.000000000000000000e+00,-5.553615968496321553e-01,2.755108929902180259e-01,7.603932936593356395e-02,4.255112289169539208e-01,2.920377346781258265e-01,-1.194716091607124220e-01,4.490040124027564472e-01,-4.179217514263445787e-01,2.286141251485048209e-01,3.731321309483053850e-01,3.195240404498618236e-01,1.178325683599115437e-01,2.053498621524149914e-01,8.552177569628058307e-02,5.469576936823307145e-01,4.572355729558943427e-01,4.570330791855725661e-01,4.848300965409512719e-01,3.690383444575850991e-01,5.202537027360831789e-01,5.689791155651364729e-01,4.869001548861021100e-01,-1.122919268152453992e-01,5.700806439359182853e-01,5.803734826209357989e-01,5.349497368298240518e-01,-2.650539348793637048e-02,5.405166065965075761e-01,1.141881729271663481e-01,5.554231675461217543e-01,-4.564216192481397594e-02,3.251118093005804788e-01
-7.462207497348412044e-01,-8.495688092105008193e-01,-9.337021458416753239e-01,-4.936849656990811575e-01,-3.633822489672987044e-01,-8.110507320662987407e-01,-5.553615968496321553e-01,1.000000000000000000e+00,-6.786315934421592866e-01,-4.371216306400441121e-01,-6.051814602978502489e-01,-7.184411596703751401e-01,4.571257126584733488e-01,-7.695305262581002559e-01,3.410262309221079313e-01,-6.189645680697137831e-01,-4.298390955335125718e-01,-6.281599145984331223e-01,-3.267498421139968245e-01,-5.333832699539328009e-02,-2.723643025123957395e-01,-7.246673811917180297e-01,-8.337255470233149168e-01,-7.840635842513710152e-01,-7.795039322929856462e-01,-7.941642953968229834e-01,-8.749056788589322231e-01,-7.975377197545567842e-01,-8.055155117452486024e-01,2.933404355362686511e-01,-8.998996978203596120e-01,-8.888485030261330522e-01,-6.787841437807533573e-01,-1.818445993397993232e-01,-7.627940109830014803e-01,-3.851680285191465547e-01,-8.484375906077117335e-01,-2.123210040650111430e-01,-7.008793113447305823e-01
5.943221738921250497e-01,6.743832987643700871e-01,7.531366969612354190e-01,2.657507331253035621e-01,6.823335102889050985e-01,5.542708409448784401e-01,2.755108929902180259e-01,-6.786315934421592866e-01,1.000000000000000000e+00,6.719632248341574909e-01,3.950027372368097311e-01,7.545595926831500933e-01,-3.002809635424115720e-01,8.038146905289645927e-01,-1.625154830002159545e-02,6.338385090325122651e-01,2.988705398455535622e-01,5.879485376292240550e-01,4.967493148520550350e-01,8.592788670216676417e-02,2.201503651701173236e-01,5.868515249517463062e-01,6.652267498042091498e-01,4.725381757561661900e-01,6.399379586332465397e-01,7.062970329534025149e-01,6.806866112197592633e-01,5.002463212980384766e-01,5.305088246686285869e-01,5.608029658291441288e-02,7.036442479183203647e-01,6.152948097122205029e-01,6.568817040915558847e-01,6.349724350494236891e-01,4.907145822850205175e-01,7.102534065890924175e-01,6.092908562120644689e-01,4.918303005508937176e-01,6.883675843301608754e-01
5.680141355724543928e-01,4.292683607062895423e-01,4.983263676512488805e-01,-4.755835398095351746e-02,5.489553100155218912e-01,3.078249855928154033e-01,7.603932936593356395e-02,-4.371216306400441121e-01,6.719632248341574909e-01,1.000000000000000000e+00,2.608261986467679677e-02,5.167884108190944348e-01,-2.339422385393354620e-01,5.103404168144651809e-01,2.785293483561411820e-01,7.893873150081873735e-01,1.240996830221981033e-02,2.967848665895968518e-01,2.703046723363332626e-01,-5.183042050956152696e-02,1.389569490578990152e-01,3.462514656941599323e-01,5.319856271991363350e-01,2.746609907379135018e-01,3.967586519653322763e-01,5.198562683815616259e-01,3.666550842546225097e-01,2.591432879040086457e-01,2.930493538143646992e-01,1.215190665956537713e-01,3.959225607155386073e-01,3.085346615329139230e-01,2.985284897488533762e-01,6.131889907583032429e-01,2.409035671526755795e-01,7.421285838516630262e-01,3.077296961498390271e-01,6.780500445188041292e-01,5.712436961714985051e-01
3.203660082116308594e-01,6.758036155183274607e-01,6.101842344496359871e-01,5.199396663915273331e-01,1.744520264414726740e-01,5.563179843619255882e-01,4.255112289169539208e-01,-6.051814602978502489e-01,3.950027372368097311e-01,2.608261986467679677e-02,1.000000000000000000e+00,5.680601753200960058e-01,-3.102280233999076819e-01,5.439624131769783544e-01,-5.420029000401059838e-01,2.991218524681927282e-01,6.474275394035369224e-01,5.284089910487738129e-01,1.110232945033124974e-01,3.995926862831174486e-01,4.304194932110802507e-01,5.420746792565169780e-01,4.399911132572743022e-01,6.286953504146296501e-01,7.074293421130237736e-01,4.044933865981378274e-01,7.209474112724236772e-01,7.595143178557058894e-01,7.307739624478096774e-01,-2.410948579721291785e-01,6.663133292720611056e-01,7.369233998634900917e-01,6.231010885943918387e-01,-2.481919604836295163e-03,5.535052651362327714e-01,8.860727169292323402e-02,7.390778071887862399e-01,-8.593418524461302055e-02,5.400683218221182802e-01
4.610085475934049271e-01,7.867256134845702631e-01,7.786320680622156321e-01,4.729901056843457408e-01,4.180922321686993959e-01,5.566357991637914671e-01,2.920377346781258265e-01,-7.184411596703751401e-01,7.545595926831500933e-01,5.167884108190944348e-01,5.680601753200960058e-01,1.000000000000000000e+00,-2.556439100307547063e-01,7.245070401679069017e-01,-2.938878212329121276e-01,6.160992260545615773e-01,2.714059527538624783e-01,8.114403095767021012e-01,4.460768486767838770e-01,2.124505728422993456e-01,3.828316214439880238e-01,7.468455919539106480e-01,6.244068586933647635e-01,6.307273071834097466e-01,7.444156150898522117e-01,5.338125904165248459e-01,8.189668765258578675e-01,5.817116747753052763e-01,5.499311789173260134e-01,-8.314324903682036860e-02,7.803667929742761356e-01,7.437397427888581269e-01,7.738459948656253307e-01,3.541408104831896830e-01,4.855168522562008371e-01,5.254098778952975834e-01,7.585483401509078849e-01,2.235021061866890035e-01,7.556326219375893993e-01
-5.520376928771884018e-01,-4.964376142107586043e-01,-3.927615243911384280e-01,-2.414910592880932794e-01,-1.119454256106668516e-01,-3.968952982677687036e-01,-1.194716091607124220e-01,4.571257126584733488e-01,-3.002809635424115720e-01,-2.339422385393354620e-01,-3.102280233999076819e-01,-2.556439100307547063e-01,1.000000000000000000e+00,-2.632296682854177727e-01,1.445348697023782214e-01,-3.799114632419816617e-01,-3.948514374015741346e-01,-2.619188102296253762e-01,9.627430583436602518e-02,2.805577281648424445e-02,-6.415571358614600983e-02,-4.218351620716490058e-02,-5.450826034254312447e-01,-4.111726754245144666e-01,-3.876494811147813691e-01,-4.551427972552949397e-01,-4.449570407987634146e-01,-2.947648266486490587e-01,-5.615811258591775212e-01,2.932589215052220921e-01,-4.044008453143139170e-01,-3.891087360850049026e-01,-5.394520593196330122e-02,8.592638577899117114e-03,-3.886229475567943292e-01,-5.268703623877040582e-02,-4.102849896372761651e-01,-2.091008391711305925e-01,-4.651221059339739061e-01
5.929692102486107119e-01,7.363442618623491365e-01,8.239980584106892936e-01,4.289685287816885073e-01,5.880340117783917631e-01,6.641997528245719984e-01,4.490040124027564472e-01,-7.695305262581002559e-01,8.038146905289645927e-01,5.103404168144651809e-01,5.439624131769783544e-01,7.245070401679069017e-01,-2.632296682854177727e-01,1.000000000000000000e+00,-2.544235502951761041e-01,6.130633185458117529e-01,3.668810788513612864e-01,6.215053574274075343e-01,4.877042098553790450e-01,1.807358671075089407e-01,2.649258474103403649e-01,7.189979002084532222e-01,7.036392133718225583e-01,6.325436759157494482e-01,7.467716122192722406e-01,7.534202545741177648e-01,7.885552045436771129e-01,6.894481126939786542e-01,6.489513147910842550e-01,2.252349686791897676e-02,8.059885021213634149e-01,7.535950307117150748e-01,7.886654519933602447e-01,4.618996969876108527e-01,6.359144705014615484e-01,5.798877359482721427e-01,7.437895584513751768e-01,2.748931916725836921e-01,6.538062513617122207e-01
2.472344445288823106e-02,-5.205512768754574360e-01,-3.097074309416838478e-01,-6.055985821355927001e-01,2.154538125466603782e-01,-4.880764299930597794e-01,-4.179217514263445787e-01,3.410262309221079313e-01,-1.625154830002159545e-02,2.785293483561411820e-01,-5.420029000401059838e-01,-2.938878212329121276e-01,1.445348697023782214e-01,-2.544235502951761041e-01,1.000000000000000000e+00,-2.151400802834644438e-02,-2.346885599136079859e-01,-3.412642670357839414e-01,1.544115526777472269e-01,-2.357437932605674913e-01,-2.912928708902374209e-01,-4.877134066484773434e-01,-2.491854494743713233e-01,-4.685023900448201384e-01,-4.924644612298194613e-01,-2.654536222615516347e-02,-5.196250318328801132e-01,-4.500551780215703013e-01,-3.959030112904369791e-01,1.805650235918902502e-01,-4.893866167300014447e-01,-5.539323054657677714e-01,-5.009888109220792529e-01,4.595946140962164916e-01,-4.304110164524238002e-01,2.737952176339236710e-01,-6.082162299267995786e-01,4.489563176815193901e-01,-3.134638485627203597e-01
6.064326625247725699e-01,5.893535614602644079e-01,6.549012400619298457e-01,1.942748107592188744e-01,4.494470792990742924e-01,4.477414784191014463e-01,2.286141251485048209e-01,-6.189645680697137831e-01,6.338385090325122651e-01,7.893873150081873735e-01,2.991218524681927282e-01,6.160992260545615773e-01,-3.799114632419816617e-01,6.130633185458117529e-01,-2.151400802834644438e-02,1.000000000000000000e+00,1.651194231210207919e-01,4.481435536777739759e-01,2.151869279351878717e-01,8.940632912334721405e-02,2.604062914830101994e-01,4.915823079138494367e-01,6.303926033605661283e-01,5.059841192462154469e-01,6.017870807003522504e-01,5.934436451420024294e-01,5.922367572841810146e-01,5.534488890651102500e-01,5.319098951946090725e-01,2.924557661565454353e-02,5.761533332874266833e-01,5.294229021183731732e-01,4.718638728412469785e-01,4.159089517945203651e-01,4.419943017925072604e-01,6.535787940525296102e-01,5.483689740877536467e-01,4.441131576550823024e-01,6.378825870605929760e-01
3.577151761539403840e-01,4.164726869713478719e-01,4.183534334452386205e-01,3.084340014287336174e-01,2.944070450138410733e-01,3.808040878432923937e-01,3.731321309483053850e-01,-4.298390955335125718e-01,2.988705398455535622e-01,1.240996830221981033e-02,6.474275394035369224e-01,2.714059527538624783e-01,-3.948514374015741346e-01,3.668810788513612864e-01,-2.346885599136079859e-01,1.651194231210207919e-01,1.000000000000000000e+00,2.660816054402421194e-01,7.226564732497001153e-02,1.956042671560437873e-01,6.453494557563346778e-02,1.901246218087019602e-01,3.168769663824695937e-01,3.680558450722961061e-01,4.047333510976710569e-01,3.972256214141206554e-01,4.551058391527411651e-01,5.310415508273769181e-01,6.374059395173508058e-01,-2.177170453946187523e-01,4.240547305072584483e-01,4.724550539656886539e-01,2.709281414558917245e-01,1.250064786416046625e-01,3.964633232479180536e-01,1.567647751093791397e-01,4.449070330022855679e-01,2.813632302385535300e-02,3.227119076008541088e-01
3.868918268859455889e-01,6.785610552427979725e-01,6.742270450703440332e-01,5.768518624451764998e-01,3.927769356535587009e-01,5.113555004996543918e-01,3.195240404498618236e-01,-6.281599145984331223e-01,5.879485376292240550e-01,2.967848665895968518e-01,5.284089910487738129e-01,8.114403095767021012e-01,-2.619188102296253762e-01,6.215053574274075343e-01,-3.412642670357839414e-01,4.481435536777739759e-01,2.660816054402421194e-01,1.000000000000000000e+00,5.827314176351897634e-01,1.611585636572433478e-01,3.810668654865251859e-01,6.169277297620044953e-01,5.366827154535245281e-01,5.897987732743084077e-01,6.286765465595238744e-01,4.763603228780095011e-01,7.480760580338170485e-01,5.018082958180615227e-01,5.047218527459483850e-01,-8.051386101721930144e-02,6.673581804132949769e-01,6.644013043925963702e-01,6.348271861485896839e-01,2.565596208927670707e-01,4.273629883044443578e-01,3.599214246788540739e-01,6.624252614781650506e-01,-5.205172441009816436e-02,5.257576466031746998e-01
2.213617097466324957e-01,2.035349335582359864e-01,4.041960196714501352e-01,1.440261159937900881e-01,6.047663582215671019e-01,1.616502397536289937e-01,1.178325683599115437e-01,-3.267498421139968245e-01,4.967493148520550350e-01,2.703046723363332626e-01,1.110232945033124974e-01,4.460768486767838770e-01,9.627430583436602518e-02,4.877042098553790450e-01,1.544115526777472269e-01,2.151869279351878717e-01,7.226564732497001153e-02,5.827314176351897634e-01,1.000000000000000000e+00,7.485581679909524347e-03,8.845764299145747467e-02,3.277371135291816118e-01,2.368443793080996229e-01,1.728641542214491011e-01,2.293131600947252435e-01,4.086582636030713922e-01,3.109089252559396610e-01,1.825216711600385067e-01,1.573119714985932449e-01,1.449420299969801651e-01,3.122601670341892399e-01,2.538946990061872744e-01,3.758303249964398129e-01,5.554178220720128456e-01,1.489984032859474061e-01,4.238254764211623615e-01,1.736367768130699374e-01,-2.411516162929815956e-04,3.903899047591104232e-02
-4.619494950297613894e-02,1.865337631849378619e-01,9.808919929489048894e-02,4.252420543337495085e-01,1.832449535783750930e-02,-1.954774266407908589e-03,2.053498621524149914e-01,-5.333832699539328009e-02,8.592788670216676417e-02,-5.183042050956152696e-02,3.995926862831174486e-01,2.124505728422993456e-01,2.805577281648424445e-02,1.807358671075089407e-01,-2.357437932605674913e-01,8.940632912334721405e-02,1.956042671560437873e-01,1.611585636572433478e-01,7.485581679909524347e-03,1.000000000000000000e+00,2.343528483115388250e-01,1.791885659538785258e-01,-4.088638310603923826e-02,1.978785093630027747e-01,2.338372215337635174e-01,-1.220680972976511403e-01,2.266199400694280941e-01,2.762046723494662737e-01,1.855399308307469353e-01,4.193787632187432474e-02,1.648573694478726037e-01,1.615144049033329643e-01,3.432405977345071024e-01,1.221265278822115247e-02,8.038244703302582783e-02,4.809109270563154126e-02,2.091752839779628392e-01,-1.752955060687623745e-01,2.044889917639723387e-01
1.956225284351800486e-01,4.223312025284431392e-01,2.938213406343707645e-01,2.085337825623718999e-01,1.009782918956041164e-02,1.285879154683275405e-01,8.552177569628058307e-02,-2.723643025123957395e-01,2.201503651701173236e-01,1.389569490578990152e-01,4.304194932110802507e-01,3.828316214439880238e-01,-6.415571358614600983e-02,2.649258474103403649e-01,-2.912928708902374209e-01,2.604062914830101994e-01,6.453494557563346778e-02,3.810668654865251859e-01,8.845764299145747467e-02,2.343528483115388250e-01,1.000000000000000000e+00,4.419849885686807367e-01,1.666457975960179139e-01,4.847845948670489458e-01,2.843537993416725973e-01,1.254553033209889201e-01,3.885003913081330196e-01,3.204027999260162796e-01,2.477194386725447284e-01,-1.174533426735253211e-01,3.463305828149411680e-01,3.820741759009237404e-01,4.056976509961349731e-01,-5.219012759419260636e-04,1.194849692191741891e-01,9.800945578894167121e-03,4.078751561897184796e-01,2.139995591823044482e-02,3.346021982285042884e-01
4.345090129320060557e-01,7.484104698239377740e-01,7.538973856612812829e-01,5.000615002806118037e-01,2.030932051098089386e-01,6.471842720429202833e-01,5.469576936823307145e-01,-7.246673811917180297e-01,5.868515249517463062e-01,3.462514656941599323e-01,5.420746792565169780e-01,7.468455919539106480e-01,-4.218351620716490058e-02,7.189979002084532222e-01,-4.877134066484773434e-01,4.915823079138494367e-01,1.901246218087019602e-01,6.169277297620044953e-01,3.277371135291816118e-01,1.791885659538785258e-01,4.419849885686807367e-01,1.000000000000000000e+00,5.990740552688564868e-01,7.105335630303564187e-01,7.183595537247360330e-01,4.855598386888115847e-01,7.793908511087884738e-01,6.746771850452975006e-01,5.158996335985974735e-01,-1.752151590813435245e-01,8.205962465457623534e-01,8.037809599991235787e-01,8.685094023763222371e-01,1.257951478925171396e-01,5.820217618866954101e-01,3.432164847466091517e-01,8.012971339515436719e-01,8.404817733690411741e-02,6.039506520940478573e-01
7.701307600565889810e-01,7.866479951791510716e-01,7.982773847534634371e-01,4.255119862243929019e-01,3.211811518457236558e-01,7.725395761446413045e-01,4.572355729558943427e-01,-8.337255470233149168e-01,6.652267498042091498e-01,5.319856271991363350e-01,4.399911132572743022e-01,6.244068586933647635e-01,-5.450826034254312447e-01,7.036392133718225583e-01,-2.491854494743713233e-01,6.303926033605661283e-01,3.168769663824695937e-01,5.366827154535245281e-01,2.368443793080996229e-01,-4.088638310603923826e-02,1.666457975960179139e-01,5.990740552688564868e-01,1.000000000000000000e+00,7.668363362026512364e-01,7.575393722409093922e-01,7.591300711354416197e-01,7.715978960294924693e-01,6.213946601415116788e-01,7.569453952108055050e-01,-2.923165128886386355e-01,8.031434818126222952e-01,7.882683598838099437e-01,5.513981941901620054e-01,2.010405028247772008e-01,7.467478692571978272e-01,3.997885987983730294e-01,7.731448795799310547e-01,3.530035399732529000e-01,7.042078819876856910e-01
6.361024266239924119e-01,8.010092170717362237e-01,7.307426341490221855e-01,5.055935406112067598e-01,6.741146082660082195e-02,6.429460101620906309e-01,4.570330791855725661e-01,-7.840635842513710152e-01,4.725381757561661900e-01,2.746609907379135018e-01,6.286953504146296501e-01,6.307273071834097466e-01,-4.111726754245144666e-01,6.325436759157494482e-01,-4.685023900448201384e-01,5.059841192462154469e-01,3.680558450722961061e-01,5.897987732743084077e-01,1.728641542214491011e-01,1.978785093630027747e-01,4.847845948670489458e-01,7.105335630303564187e-01,7.668363362026512364e-01,1.000000000000000000e+00,7.183002970771827922e-01,5.563631644070774485e-01,8.125193585074184099e-01,7.124927302019999908e-01,7.643622138171695113e-01,-4.152481067364466871e-01,7.993031658116060978e-01,8.371532576853841778e-01,6.565552459490587855e-01,-4.018173009227592879e-02,7.157227524817882935e-01,1.722113771212175626e-01,8.406946612368243477e-01,7.948727911131853174e-02,6.620420148287503581e-01
5.164214677178273760e-01,8.235386535360947891e-01,8.001561957937625147e-01,5.252379104876034877e-01,3.328544662098958384e-01,7.498196166606957425e-01,4.848300965409512719e-01,-7.795039322929856462e-01,6.399379586332465397e-01,3.967586519653322763e-01,7.074293421130237736e-01,7.444156150898522117e-01,-3.876494811147813691e-01,7.467716122192722406e-01,-4.924644612298194613e-01,6.017870807003522504e-01,4.047333510976710569e-01,6.286765465595238744e-01,2.293131600947252435e-01,2.338372215337635174e-01,2.843537993416725973e-01,7.183595537247360330e-01,7.575393722409093922e-01,7.183002970771827922e-01,1.000000000000000000e+00,6.326439833655447265e-01,8.359395361173742600e-01,7.489485742194049722e-01,7.443250572296905565e-01,-1.115199060900843447e-01,8.293095093803116713e-01,8.356063280447524333e-01,7.319257281921962566e-01,1.623124051871579210e-01,6.853100598024046697e-01,3.537500113360932397e-01,8.571750326107121509e-01,1.640940853579607173e-01,7.193825010187756552e-01
7.753325564711126550e-01,6.469557061289223920e-01,8.105014786949610306e-01,2.532846949265258329e-01,5.935349507045257766e-01,6.710368897387105624e-01,3.690383444575850991e-01,-7.941642953968229834e-01,7.062970329534025149e-01,5.198562683815616259e-01,4.044933865981378274e-01,5.338125904165248459e-01,-4.551427972552949397e-01,7.534202545741177648e-01,-2.654536222615516347e-02,5.934436451420024294e-01,3.972256214141206554e-01,4.763603228780095011e-01,4.086582636030713922e-01,-1.220680972976511403e-01,1.254553033209889201e-01,4.855598386888115847e-01,7.591300711354416197e-01,5.563631644070774485e-01,6.326439833655447265e-01,1.000000000000000000e+00,6.855020549840172839e-01,6.204511905348210066e-01,6.769733417810218645e-01,-9.967504259287103541e-02,7.057295243879945223e-01,6.569296963755266727e-01,4.743005314087097579e-01,4.322516767578191699e-01,5.695548695035826947e-01,4.995036196642844706e-01,6.144115037462748452e-01,4.206637111715900712e-01,5.370242242704487134e-01
6.162737252245794606e-01,9.128357893676748436e-01,8.807518570372669942e-01,6.207474281599624222e-01,3.376147075359061667e-01,7.832630457843220428e-01,5.202537027360831789e-01,-8.749056788589322231e-01,6.806866112197592633e-01,3.666550842546225097e-01,7.209474112724236772e-01,8.189668765258578675e-01,-4.449570407987634146e-01,7.885552045436771129e-01,-5.196250318328801132e-01,5.922367572841810146e-01,4.551058391527411651e-01,7.480760580338170485e-01,3.109089252559396610e-01,2.266199400694280941e-01,3.885003913081330196e-01,7.793908511087884738e-01,7.715978960294924693e-01,8.125193585074184099e-01,8.359395361173742600e-01,6.855020549840172839e-01,1.000000000000000000e+00,7.845310489704030443e-01,7.937397208173744279e-01,-2.555146905173713567e-01,9.204197686735184902e-01,9.115934823133363674e-01,7.876451467186181832e-01,1.647538992109946199e-01,7.187760277985429935e-01,3.487923899536642391e-01,9.129263884406588758e-01,1.097599692624192103e-01,7.751135025226393305e-01
5.525236995750534286e-01,7.230696952646276099e-01,7.953662834938758364e-01,4.533569479031797078e-01,2.971854688798033495e-01,7.109725763147297650e-01,5.689791155651364729e-01,-7.975377197545567842e-01,5.002463212980384766e-01,2.591432879040086457e-01,7.595143178557058894e-01,5.817116747753052763e-01,-2.947648266486490587e-01,6.894481126939786542e-01,-4.500551780215703013e-01,5.534488890651102500e-01,5.310415508273769181e-01,5.018082958180615227e-01,1.825216711600385067e-01,2.762046723494662737e-01,3.204027999260162796e-01,6.746771850452975006e-01,6.213946601415116788e-01,7.124927302019999908e-01,7.489485742194049722e-01,6.204511905348210066e-01,7.845310489704030443e-01,1.000000000000000000e+00,8.213376723460590334e-01,-2.048894894010964418e-01,7.860718669827240213e-01,8.250470875634891010e-01,7.002447364261712437e-01,9.297019918767511493e-02,6.886108271120491287e-01,3.016109030120838197e-01,7.949665665121443681e-01,4.113707728945222714e-02,5.645800782283149077e-01
6.979442678985076087e-01,7.715011169765102483e-01,7.638294219946049068e-01,4.661381348797269952e-01,2.818675470947110684e-01,7.622569911906108553e-01,4.869001548861021100e-01,-8.055155117452486024e-01,5.305088246686285869e-01,2.930493538143646992e-01,7.307739624478096774e-01,5.499311789173260134e-01,-5.615811258591775212e-01,6.489513147910842550e-01,-3.959030112904369791e-01,5.319098951946090725e-01,6.374059395173508058e-01,5.047218527459483850e-01,1.573119714985932449e-01,1.855399308307469353e-01,2.477194386725447284e-01,5.158996335985974735e-01,7.569453952108055050e-01,7.643622138171695113e-01,7.443250572296905565e-01,6.769733417810218645e-01,7.937397208173744279e-01,8.213376723460590334e-01,1.000000000000000000e+00,-3.253945934618815983e-01,7.846134100179489312e-01,8.224369606986918768e-01,5.316595574013183167e-01,9.759548467268380767e-02,7.657534899706102127e-01,2.502773321937000195e-01,7.999365020462587683e-01,1.522666503017137962e-01,6.378973337653578435e-01
-3.046882658422629953e-01,-2.621329067109192112e-01,-1.698253262644034145e-01,-1.567602966985120472e-01,3.857315259934700480e-01,-2.183453482620144881e-01,-1.122919268152453992e-01,2.933404355362686511e-01,5.608029658291441288e-02,1.215190665956537713e-01,-2.410948579721291785e-01,-8.314324903682036860e-02,2.932589215052220921e-01,2.252349686791897676e-02,1.805650235918902502e-01,2.924557661565454353e-02,-2.177170453946187523e-01,-8.051386101721930144e-02,1.449420299969801651e-01,4.193787632187432474e-02,-1.174533426735253211e-01,-1.752151590813435245e-01,-2.923165128886386355e-01,-4.152481067364466871e-01,-1.115199060900843447e-01,-9.967504259287103541e-02,-2.555146905173713567e-01,-2.048894894010964418e-01,-3.253945934618815983e-01,1.000000000000000000e+00,-2.875058235631761105e-01,-3.223616471733854461e-01,-5.899559216670441364e-02,3.376738838775590890e-01,-3.742129466887974543e-01,3.624545499704149853e-01,-2.933999104339696795e-01,-9.356694488632121345e-03,-1.939170790610734163e-01
6.627533042305145949e-01,9.017431034193145178e-01,8.992215261074771870e-01,5.841886829741910203e-01,3.318903961927505142e-01,8.190202079111181810e-01,5.700806439359182853e-01,-8.998996978203596120e-01,7.036442479183203647e-01,3.959225607155386073e-01,6.663133292720611056e-01,7.803667929742761356e-01,-4.044008453143139170e-01,8.059885021213634149e-01,-4.893866167300014447e-01,5.761533332874266833e-01,4.240547305072584483e-01,6.673581804132949769e-01,3.122601670341892399e-01,1.648573694478726037e-01,3.463305828149411680e-01,8.205962465457623534e-01,8.031434818126222952e-01,7.993031658116060978e-01,8.293095093803116713e-01,7.057295243879945223e-01,9.204197686735184902e-01,7.860718669827240213e-01,7.846134100179489312e-01,-2.875058235631761105e-01,1.000000000000000000e+00,9.205625921729061467e-01,8.004591867409633910e-01,1.673773098714758656e-01,7.718288462544256046e-01,3.403682013165955644e-01,9.122414609380361528e-01,1.780218888496663820e-01,7.552136986397085527e-01
6.061129461951875186e-01,8.816239997275751028e-01,8.714472317981734051e-01,5.941369643413126900e-01,2.417464327791897516e-01,8.276963282979067360e-01,5.803734826209357989e-01,-8.888485030261330522e-01,6.152948097122205029e-01,3.085346615329139230e-01,7.369233998634900917e-01,7.437397427888581269e-01,-3.891087360850049026e-01,7.535950307117150748e-01,-5.539323054657677714e-01,5.294229021183731732e-01,4.724550539656886539e-01,6.644013043925963702e-01,2.538946990061872744e-01,1.615144049033329643e-01,3.820741759009237404e-01,8.037809599991235787e-01,7.882683598838099437e-01,8.371532576853841778e-01,8.356063280447524333e-01,6.569296963755266727e-01,9.115934823133363674e-01,8.250470875634891010e-01,8.224369606986918768e-01,-3.223616471733854461e-01,9.205625921729061467e-01,1.000000000000000000e+00,7.727987189326419593e-01,5.825768387977911522e-02,7.948386961409931173e-01,2.624802062699546634e-01,9.273246602660097926e-01,7.768477258390192597e-02,7.135905758195231208e-01
3.451299739738429850e-01,7.275053842661098891e-01,7.405881980933058939e-01,5.567707318887845647e-01,3.353791052879818713e-01,5.789923749635434991e-01,5.349497368298240518e-01,-6.787841437807533573e-01,6.568817040915558847e-01,2.985284897488533762e-01,6.231010885943918387e-01,7.738459948656253307e-01,-5.394520593196330122e-02,7.886654519933602447e-01,-5.009888109220792529e-01,4.718638728412469785e-01,2.709281414558917245e-01,6.348271861485896839e-01,3.758303249964398129e-01,3.432405977345071024e-01,4.056976509961349731e-01,8.685094023763222371e-01,5.513981941901620054e-01,6.565552459490587855e-01,7.319257281921962566e-01,4.743005314087097579e-01,7.876451467186181832e-01,7.002447364261712437e-01,5.316595574013183167e-01,-5.899559216670441364e-02,8.004591867409633910e-01,7.727987189326419593e-01,1.000000000000000000e+00,2.193995198255234425e-01,5.545851366374819902e-01,3.891301990069875316e-01,7.889048564984629808e-01,4.327052735231600583e-02,6.086196457421017003e-01
2.919742756222962199e-01,1.337635983049031974e-01,2.995155016049910190e-01,-1.597124675109991565e-01,8.360013956511189726e-01,7.626548963482411569e-02,-2.650539348793637048e-02,-1.818445993397993232e-01,6.349724350494236891e-01,6.131889907583032429e-01,-2.481919604836295163e-03,3.541408104831896830e-01,8.592638577899117114e-03,4.618996969876108527e-01,4.595946140962164916e-01,4.159089517945203651e-01,1.250064786416046625e-01,2.565596208927670707e-01,5.554178220720128456e-01,1.221265278822115247e-02,-5.219012759419260636e-04,1.257951478925171396e-01,2.010405028247772008e-01,-4.018173009227592879e-02,1.623124051871579210e-01,4.322516767578191699e-01,1.647538992109946199e-01,9.297019918767511493e-02,9.759548467268380767e-02,3.376738838775590890e-01,1.673773098714758656e-01,5.825768387977911522e-02,2.193995198255234425e-01,1.000000000000000000e+00,1.809160465777640350e-02,7.351854106458119986e-01,3.082571867792887124e-02,4.734132564597068882e-01,2.337252085651553291e-01
5.718315560462404745e-01,6.841524695996297201e-01,7.009300553723007976e-01,4.875455954631417455e-01,1.586122530780621764e-01,7.675542670845151294e-01,5.405166065965075761e-01,-7.627940109830014803e-01,4.907145822850205175e-01,2.409035671526755795e-01,5.535052651362327714e-01,4.855168522562008371e-01,-3.886229475567943292e-01,6.359144705014615484e-01,-4.304110164524238002e-01,4.419943017925072604e-01,3.964633232479180536e-01,4.273629883044443578e-01,1.489984032859474061e-01,8.038244703302582783e-02,1.194849692191741891e-01,5.820217618866954101e-01,7.467478692571978272e-01,7.157227524817882935e-01,6.853100598024046697e-01,5.695548695035826947e-01,7.187760277985429935e-01,6.886108271120491287e-01,7.657534899706102127e-01,-3.742129466887974543e-01,7.718288462544256046e-01,7.948386961409931173e-01,5.545851366374819902e-01,1.809160465777640350e-02,1.000000000000000000e+00,1.623962665321612986e-01,7.675267341957485723e-01,7.122393643983167266e-02,5.825195885727920686e-01
4.154259167821711118e-01,3.296230530323491781e-01,4.836862835401962157e-01,8.574359442124151673e-03,7.113179013329958833e-01,2.489184691293935825e-01,1.141881729271663481e-01,-3.851680285191465547e-01,7.102534065890924175e-01,7.421285838516630262e-01,8.860727169292323402e-02,5.254098778952975834e-01,-5.268703623877040582e-02,5.798877359482721427e-01,2.737952176339236710e-01,6.535787940525296102e-01,1.567647751093791397e-01,3.599214246788540739e-01,4.238254764211623615e-01,4.809109270563154126e-02,9.800945578894167121e-03,3.432164847466091517e-01,3.997885987983730294e-01,1.722113771212175626e-01,3.537500113360932397e-01,4.995036196642844706e-01,3.487923899536642391e-01,3.016109030120838197e-01,2.502773321937000195e-01,3.624545499704149853e-01,3.403682013165955644e-01,2.624802062699546634e-01,3.891301990069875316e-01,7.351854106458119986e-01,1.623962665321612986e-01,1.000000000000000000e+00,2.542957557476194230e-01,5.011012201880455930e-01,4.416182352456689553e-01
5.743454094299460522e-01,9.009821267476391116e-01,8.392057948721476368e-01,6.277208864842358516e-01,2.083085058157232439e-01,7.951434638242722563e-01,5.554231675461217543e-01,-8.484375906077117335e-01,6.092908562120644689e-01,3.077296961498390271e-01,7.390778071887862399e-01,7.585483401509078849e-01,-4.102849896372761651e-01,7.437895584513751768e-01,-6.082162299267995786e-01,5.483689740877536467e-01,4.449070330022855679e-01,6.624252614781650506e-01,1.736367768130699374e-01,2.091752839779628392e-01,4.078751561897184796e-01,8.012971339515436719e-01,7.731448795799310547e-01,8.406946612368243477e-01,8.571750326107121509e-01,6.144115037462748452e-01,9.129263884406588758e-01,7.949665665121443681e-01,7.999365020462587683e-01,-2.933999104339696795e-01,9.122414609380361528e-01,9.273246602660097926e-01,7.889048564984629808e-01,3.082571867792887124e-02,7.675267341957485723e-01,2.542957557476194230e-01,1.000000000000000000e+00,9.901723393542229135e-02,7.609831493668842706e-01
5.322329534906630188e-01,2.152727838898605695e-01,2.514650326290956417e-01,-2.856970678966022081e-01,3.519891668849329802e-01,1.120122632574589994e-01,-4.564216192481397594e-02,-2.123210040650111430e-01,4.918303005508937176e-01,6.780500445188041292e-01,-8.593418524461302055e-02,2.235021061866890035e-01,-2.091008391711305925e-01,2.748931916725836921e-01,4.489563176815193901e-01,4.441131576550823024e-01,2.813632302385535300e-02,-5.205172441009816436e-02,-2.411516162929815956e-04,-1.752955060687623745e-01,2.139995591823044482e-02,8.404817733690411741e-02,3.530035399732529000e-01,7.948727911131853174e-02,1.640940853579607173e-01,4.206637111715900712e-01,1.097599692624192103e-01,4.113707728945222714e-02,1.522666503017137962e-01,-9.356694488632121345e-03,1.780218888496663820e-01,7.768477258390192597e-02,4.327052735231600583e-02,4.734132564597068882e-01,7.122393643983167266e-02,5.011012201880455930e-01,9.901723393542229135e-02,1.000000000000000000e+00,4.289973536936084741e-01
5.965672205340872836e-01,8.389718437538409290e-01,7.113041830404422949e-01,4.052211287832547804e-01,2.895820169433139801e-01,6.246970712577998297e-01,3.251118093005804788e-01,-7.008793113447305823e-01,6.883675843301608754e-01,5.712436961714985051e-01,5.400683218221182802e-01,7.556326219375893993e-01,-4.651221059339739061e-01,6.538062513617122207e-01,-3.134638485627203597e-01,6.378825870605929760e-01,3.227119076008541088e-01,5.257576466031746998e-01,3.903899047591104232e-02,2.044889917639723387e-01,3.346021982285042884e-01,6.039506520940478573e-01,7.042078819876856910e-01,6.620420148287503581e-01,7.193825010187756552e-01,5.370242242704487134e-01,7.751135025226393305e-01,5.645800782283149077e-01,6.378973337653578435e-01,-1.939170790610734163e-01,7.552136986397085527e-01,7.135905758195231208e-01,6.086196457421017003e-01,2.337252085651553291e-01,5.825195885727920686e-01,4.416182352456689553e-01,7.609831493668842706e-01,4.289973536936084741e-01,1.000000000000000000e+00
