1.000000000000000000e+00,7.381075034724187134e-01,5.216840233869183066e-03,2.376678503337040227e-01,6.384712644860894848e-01,3.314226947278999247e-01,5.495845103690762123e-02,-4.825964863969088581e-02,5.755440794280766159e-01,5.313397763622874637e-01,4.591649480178552900e-01,-9.145690106212714388e-02,2.439360184542658794e-01,5.126143451470164258e-01,4.894738420200735879e-02,4.096277749157318793e-01,4.176861698556423308e-01,3.328035201247551145e-01,7.316465652045081591e-02,-8.790108622485345857e-02,1.294560193424977579e-01,-1.932520253190592729e-01,5.948660891644024229e-01,5.682865909727446985e-01,7.104312674312426301e-01,6.750430313656511361e-01,2.108077599690374448e-01,3.910862804396095793e-01,7.783984790959745936e-01,6.776076916010268514e-01,1.091688455645537653e-01,-3.429752132692944766e-01,5.099356165951110693e-03,1.883841973198216446e-01,4.132599334552101156e-01,6.114985867993567165e-02,5.003060029811525755e-01,6.330337068175654336e-01,2.634075960514506987e-01
7.381075034724187134e-01,1.000000000000000000e+00,3.262142033432879340e-01,3.239842003010041105e-01,5.469062151247628956e-01,2.029878525379744392e-01,1.634814868494678941e-01,-3.524672317790882858e-01,7.324129805504421276e-01,6.800781408547281748e-01,3.729459288534408001e-01,2.573346504568955750e-01,3.494496372925994243e-01,5.042003395919812947e-01,1.432916749022516978e-01,4.925222559382771981e-01,2.159086856350996286e-01,4.646694780899974231e-01,3.213712718828501402e-01,2.144288559905644098e-01,4.722793598242659430e-01,1.356302398777551876e-01,4.347604484833887395e-01,4.060365526699180605e-01,6.041972521858978151e-01,5.116838574800872674e-01,3.553737659114563630e-01,5.034378924911785402e-01,5.852033842658456164e-01,7.700133998584486328e-01,3.673109030944296527e-01,-3.827068946596693527e-02,-5.581723458039959500e-03,3.267642524276422877e-01,1.563306019980606476e-01,3.621825569758294616e-01,3.408557816232482551e-01,6.493017994847305463e-01,6.325020227476975121e-01
5.216840233869183066e-03,3.262142033432879340e-01,1.000000000000000000e+00,2.574541594615663564e-01,6.888756334425624739e-02,-4.593198578048389713e-01,4.372126436380583958e-01,-9.357594458907405599e-01,4.622979146434585407e-01,5.151910436185246356e-01,-2.890429939098854706e-01,7.059509894961082388e-01,-7.454756929125190557e-02,-9.809526149732417100e-02,6.575917221433932314e-01,4.897768005813654679e-01,-5.378009051441401400e-01,5.476112105039075972e-01,7.142674115919359634e-01,8.483246262460509834e-01,8.084341619128472267e-01,7.867025165670219478e-01,-3.433266638188817166e-01,-4.535810381983150785e-01,-2.380605171632270978e-01,-8.841755509909132726e-02,2.974006137454938137e-01,6.851262652755738536e-01,-1.975688635853819763e-01,3.623831263243650347e-01,7.132982736904256438e-01,4.743210285923957770e-01,1.740176572418094258e-01,6.164216933984519864e-01,-5.904561733079120023e-01,5.882091681826016050e-01,-4.770835520345484415e-01,2.903960098377988963e-01,6.586882117303175521e-01
2.376678503337040227e-01,3.239842003010041105e-01,2.574541594615663564e-01,1.000000000000000000e+00,1.676705271710429712e-01,3.900414590165112716e-01,5.901984800899074957e-01,-2.875526882749702140e-01,1.323594732594213785e-01,1.407117587173310203e-01,3.938524443249317719e-01,-1.136525840394715485e-02,4.609081293858104944e-01,4.416286351865647553e-01,-2.124342427024529245e-01,-6.843135660129456843e-02,2.565273052276441645e-01,1.050338116155845186e-01,6.216029609551453061e-02,2.670841728852287877e-01,3.079509346972688077e-01,7.478854179569625893e-02,3.050694924680051323e-01,3.294208179073161991e-01,3.032523269576899438e-01,4.810768055116808606e-01,3.354985049019339471e-01,4.994545551739635325e-01,2.745366569744718821e-01,2.911852142532989074e-01,2.364896914959322971e-01,1.149114693378397167e-01,3.292992996077505063e-01,-4.711256176481298796e-02,2.753091734956789605e-01,-2.714347419726505922e-03,3.517099571128261548e-01,-4.767570112580266084e-02,1.141718213500795415e-01
6.384712644860894848e-01,5.469062151247628956e-01,6.888756334425624739e-02,1.676705271710429712e-01,1.000000000000000000e+00,2.619677277595901521e-01,-1.398658172821973765e-02,-7.837331307057709973e-02,6.906967970486128650e-01,6.834482646585243737e-01,1.543123334980640027e-01,1.023351360476490307e-01,2.234310439329234843e-01,4.942456304797019362e-01,2.062290924041846052e-01,5.772621581688102133e-01,1.386556166085119446e-01,5.675251456229466474e-01,3.723120220790095969e-01,-4.185035960462512444e-02,4.516800612512655855e-02,-1.688591161982829214e-01,4.068374695076694136e-01,2.533793941075305756e-01,4.154042676686391933e-01,4.031189002742814886e-01,-8.414812187775179420e-02,3.101700031493602738e-01,4.773606767533292716e-01,6.512013177042558221e-01,1.215354268574348785e-02,1.637750758316959890e-02,3.770450829283871624e-02,5.038408117034570699e-01,1.514377617950131982e-01,3.716589402926411267e-01,2.541923658269357178e-01,5.547226108212803819e-01,3.578725494223021220e-01
3.314226947278999247e-01,2.029878525379744392e-01,-4.593198578048389713e-01,3.900414590165112716e-01,2.619677277595901521e-01,1.000000000000000000e+00,-2.092767303348781055e-02,4.292970340379234639e-01,-1.642125607669248435e-02,-1.050174839466540139e-01,6.408809653940039652e-01,-5.011375759811483865e-01,6.191792828430121576e-01,5.712209693737068106e-01,-6.211383865910662383e-01,-3.372292220781982208e-01,6.588064839595022537e-01,-2.307111279090118261e-01,-3.888118853782751017e-01,-4.106297071550625843e-01,-3.363886037195631951e-01,-5.346263249715579313e-01,6.568472875627253682e-01,7.110289119275297054e-01,5.704054167743164427e-01,5.642054215514471505e-01,7.941165622772776433e-02,-1.343184818288972737e-01,4.761353910457858385e-01,9.525349589868573053e-02,-3.504333739994074937e-01,-2.254519543807900206e-01,7.412404106687986438e-02,-3.841092765906697348e-01,7.549748513954829265e-01,-3.074360332414386443e-01,7.663330578958035266e-01,-1.087264233230168797e-01,-2.222443750296191622e-01
5.495845103690762123e-02,1.634814868494678941e-01,4.372126436380583958e-01,5.901984800899074957e-01,-1.398658172821973765e-02,-2.092767303348781055e-02,1.000000000000000000e+00,-4.427996326251750214e-01,5.633834539184498502e-02,5.746104910679920158e-02,2.416999317037225037e-01,8.543326270179602000e-02,2.116300659712026799e-01,1.532017065470006600e-01,9.790003310115220209e-03,-9.105672668558555116e-02,4.988912660337273958e-02,1.201737583475649684e-01,1.270261967071132370e-01,4.327734672720565112e-01,4.901685595160307218e-01,3.804739046470783093e-01,7.026233136862237993e-02,5.384941533721369911e-02,1.015130483746870399e-01,2.519900374651800057e-01,2.807201435063713668e-01,5.621540494355965478e-01,1.439843955417448029e-01,1.155687497808528530e-01,4.987625655480044662e-01,2.931355906951829127e-01,2.737787015116823763e-01,3.207833098239690900e-03,-8.729924277953656636e-03,2.587930401240417025e-02,1.701658923592468467e-02,-1.810934104757556257e-02,1.019120084732205445e-01
-4.825964863969088581e-02,-3.524672317790882858e-01,-9.357594458907405599e-01,-2.875526882749702140e-01,-7.837331307057709973e-02,4.292970340379234639e-01,-4.427996326251750214e-01,1.000000000000000000e+00,-4.605044561792107083e-01,-5.089817733522936649e-01,2.421333008037515611e-01,-6.769381871903537018e-01,5.931820951974780404e-02,5.930900101116114154e-02,-6.338853416291074794e-01,-4.761824941068580896e-01,4.903991628008990133e-01,-5.215177984839884928e-01,-6.865279263705232893e-01,-8.330778759636531250e-01,-7.994181395787239852e-01,-7.588477304108789401e-01,2.969318707427370807e-01,4.047846172886409577e-01,1.942302687788160787e-01,2.295504239415150846e-02,-3.538577154325585061e-01,-7.067742957787489511e-01,1.555178916250402332e-01,-3.781775209811782390e-01,-7.288277156207200180e-01,-4.498716264032304735e-01,-1.916024204863082114e-01,-5.892030067662639148e-01,5.427339255791121531e-01,-5.607137771119397041e-01,4.327643577252343055e-01,-3.018632473804572780e-01,-6.502774722603397173e-01
5.755440794280766159e-01,7.324129805504421276e-01,4.622979146434585407e-01,1.323594732594213785e-01,6.906967970486128650e-01,-1.642125607669248435e-02,5.633834539184498502e-02,-4.605044561792107083e-01,1.000000000000000000e+00,8.338284937370586958e-01,5.725642120711071752e-03,4.411632927489178568e-01,1.796735110791285173e-01,3.975785134051345038e-01,4.719722546228146132e-01,7.654933162445486383e-01,-1.171916401171079480e-01,6.519938654198028649e-01,5.595505979288791787e-01,3.268621323588470351e-01,4.839281512506567462e-01,2.638350439076952991e-01,2.150161822051288862e-01,6.384503148236665704e-02,3.342991458278034012e-01,2.865160745227638417e-01,1.242558112227013234e-01,5.538644632614776464e-01,3.279584064589129988e-01,8.303706445008669501e-01,3.207680706283621563e-01,9.457810505259123257e-02,-7.660774297525266285e-02,6.519990917633673444e-01,-1.434110445737179496e-01,6.931913760466760221e-01,2.827510525972815048e-02,7.284096903449109872e-01,7.259711108724500317e-01
5.313397763622874637e-01,6.800781408547281748e-01,5.151910436185246356e-01,1.407117587173310203e-01,6.834482646585243737e-01,-1.050174839466540139e-01,5.746104910679920158e-02,-5.089817733522936649e-01,8.338284937370586958e-01,1.000000000000000000e+00,-1.143288354389679906e-01,5.715228735712664099e-01,9.167281420111204893e-02,2.220435597266650352e-01,5.892592135193038816e-01,8.263643740698247697e-01,-2.491435168540722944e-01,7.601831355336985396e-01,7.146642842584731703e-01,4.143762655121543403e-01,4.765876581339190121e-01,3.091642966697041306e-01,4.962473580299498616e-02,-1.018321307819330529e-01,1.509372707301968042e-01,1.262323241165818899e-01,3.552959132471478730e-03,5.120569471366186454e-01,2.259092035965825640e-01,7.759592592914662523e-01,3.236221720825283588e-01,2.563016534880234176e-01,-1.440078214088891771e-02,7.779655306034196638e-01,-2.786063543076437443e-01,6.489376685912113807e-01,-1.261231767320546704e-01,6.942048009942134446e-01,7.347009409133012925e-01
4.591649480178552900e-01,3.729459288534408001e-01,-2.890429939098854706e-01,3.938524443249317719e-01,1.543123334980640027e-01,6.408809653940039652e-01,2.416999317037225037e-01,2.421333008037515611e-01,5.725642120711071752e-03,-1.143288354389679906e-01,1.000000000000000000e+00,-4.471485162448508577e-01,6.315890962731876002e-01,6.470204758447397619e-01,-6.258183159413169827e-01,-3.755244646304775613e-01,8.243065971143505033e-01,-2.738876126522219456e-01,-4.313327512137474229e-01,-2.999896396600618687e-01,-1.748305775872342413e-02,-3.494265945749300828e-01,7.745680495534366106e-01,8.381170120414835889e-01,7.772164022141281325e-01,7.371479746123906773e-01,4.585913989227316523e-01,1.398353030742283398e-01,6.076641097863330065e-01,1.455446668853351555e-01,5.816940666320793291e-02,-2.321605350759205488e-01,1.828117048402671807e-01,-4.906277010238472291e-01,7.933216920718867415e-01,-3.751221280227383104e-01,8.154869762239753683e-01,-6.004420425741983924e-02,-1.457081843648458386e-01
-9.145690106212714388e-02,2.573346504568955750e-01,7.059509894961082388e-01,-1.136525840394715485e-02,1.023351360476490307e-01,-5.011375759811483865e-01,8.543326270179602000e-02,-6.769381871903537018e-01,4.411632927489178568e-01,5.715228735712664099e-01,-4.471485162448508577e-01,1.000000000000000000e+00,-5.870511671876488952e-02,-2.539126586685322984e-01,7.166987366779409285e-01,5.587691234449092548e-01,-6.190801235192899821e-01,5.834612533849772298e-01,7.917691547043540501e-01,6.815456219788866843e-01,6.594789149952382523e-01,7.123548811371669398e-01,-4.306063897144475350e-01,-5.688055306686782275e-01,-3.801012680205680949e-01,-3.787418757857586860e-01,8.846178443958603588e-02,3.919814690695183623e-01,-4.085514028022060318e-01,3.462581536858641562e-01,4.431946747474211912e-01,5.492103186229208012e-01,-4.007297001233115635e-02,7.293279207917737761e-01,-6.876634976020561396e-01,6.435613332509199092e-01,-5.375020590741349524e-01,3.051697832085931150e-01,7.587915465839817353e-01
2.439360184542658794e-01,3.494496372925994243e-01,-7.454756929125190557e-02,4.609081293858104944e-01,2.234310439329234843e-01,6.191792828430121576e-01,2.116300659712026799e-01,5.931820951974780404e-02,1.796735110791285173e-01,9.167281420111204893e-02,6.315890962731876002e-01,-5.870511671876488952e-02,1.000000000000000000e+00,6.213110933922320056e-01,-4.222792162919955516e-01,-2.175771244716709907e-01,4.827803315103726400e-01,-4.354314475300510162e-02,-8.362125978690618244e-02,-2.180772457974981468e-02,1.532275496631989031e-01,-9.054394512642363613e-02,5.488835180037210382e-01,5.652855925800691628e-01,4.777441888515173152e-01,5.110226313291752476e-01,3.066926448094300928e-01,1.869002340279397600e-01,2.704418738414597900e-01,2.587327786588582978e-01,-3.067333323385872546e-03,1.758104427518992208e-01,1.142603059543852995e-01,-1.885655261332317978e-01,5.397019309152506494e-01,-2.724853379685717933e-02,6.419485804587634625e-01,-7.025388691642374395e-02,1.577163256508392342e-01
5.126143451470164258e-01,5.042003395919812947e-01,-9.809526149732417100e-02,4.416286351865647553e-01,4.942456304797019362e-01,5.712209693737068106e-01,1.532017065470006600e-01,5.930900101116114154e-02,3.975785134051345038e-01,2.220435597266650352e-01,6.470204758447397619e-01,-2.539126586685322984e-01,6.213110933922320056e-01,1.000000000000000000e+00,-3.494225322015664936e-01,6.519929589838623085e-02,6.087001559687006402e-01,2.067404543137816783e-02,-1.486672763348587112e-01,-1.967831779321998487e-01,6.132815891815160403e-02,-3.282220432866033155e-01,7.393277265154900579e-01,7.085512860821935321e-01,7.128620396574334439e-01,7.643188313973642289e-01,3.704029227503854438e-01,3.687178919009566069e-01,6.223834396338672192e-01,4.527743903214642707e-01,6.294094980687185703e-02,-1.199925991781281565e-01,2.040222293215072091e-01,-1.572962363495304106e-01,6.223177976421624402e-01,9.452465109728240555e-02,7.172404333750903582e-01,1.804923775631502303e-01,1.086777380074165772e-01
4.894738420200735879e-02,1.432916749022516978e-01,6.575917221433932314e-01,-2.124342427024529245e-01,2.062290924041846052e-01,-6.211383865910662383e-01,9.790003310115220209e-03,-6.338853416291074794e-01,4.719722546228146132e-01,5.892592135193038816e-01,-6.258183159413169827e-01,7.166987366779409285e-01,-4.222792162919955516e-01,-3.494225322015664936e-01,1.000000000000000000e+00,7.171679554037772020e-01,-6.934963282083645986e-01,6.625679834887330255e-01,7.535453042943438540e-01,5.904600981654511971e-01,4.589893925097321414e-01,5.560913494878204633e-01,-4.875760463589241533e-01,-6.505126926727402559e-01,-4.057130574982050208e-01,-3.554932385676108919e-01,-1.596339542632794484e-01,3.994915712848046141e-01,-2.533130730857823254e-01,3.406103553061134437e-01,3.344357084982983452e-01,3.048823076096381368e-01,-7.077778120162542264e-02,8.116011701999755745e-01,-7.361349579445991553e-01,6.038633473449023237e-01,-6.676779804894387160e-01,4.597469257074329185e-01,5.873474738840864795e-01
4.096277749157318793e-01,4.925222559382771981e-01,4.897768005813654679e-01,-6.843135660129456843e-02,5.772621581688102133e-01,-3.372292220781982208e-01,-9.105672668558555116e-02,-4.761824941068580896e-01,7.654933162445486383e-01,8.263643740698247697e-01,-3.755244646304775613e-01,5.587691234449092548e-01,-2.175771244716709907e-01,6.519929589838623085e-02,7.171679554037772020e-01,1.000000000000000000e+00,-4.091395544569238485e-01,7.300019474769005035e-01,6.849545646758103956e-01,3.620589589730507929e-01,3.724301079714552598e-01,2.919245280646411422e-01,-1.109626503606701980e-01,-2.766053795613387933e-01,-5.626004970904892278e-04,-5.125445389635215759e-02,-9.465976484952152992e-02,4.484944002378354333e-01,1.221605303845203216e-01,6.989953625975586782e-01,2.443904741864130481e-01,1.077718642060467441e-01,-6.593060050046460618e-02,7.855367198998666201e-01,-4.404290568252910987e-01,7.182793753518035285e-01,-3.055499574761917914e-01,7.049167661125272932e-01,6.354197957879701431e-01
4.176861698556423308e-01,2.159086856350996286e-01,-5.378009051441401400e-01,2.565273052276441645e-01,1.386556166085119446e-01,6.588064839595022537e-01,4.988912660337273958e-02,4.903991628008990133e-01,-1.171916401171079480e-01,-2.491435168540722944e-01,8.243065971143505033e-01,-6.190801235192899821e-01,4.827803315103726400e-01,6.087001559687006402e-01,-6.934963282083645986e-01,-4.091395544569238485e-01,1.000000000000000000e+00,-3.678336741640192975e-01,-5.779032176434012458e-01,-5.520474516807716281e-01,-2.958960528957090830e-01,-5.858804524331785446e-01,7.669189972566196056e-01,8.629347390671902041e-01,7.339579887922901280e-01,6.933685097531908648e-01,2.781044052359057939e-01,-5.714289986639306540e-02,6.049344335056496824e-01,5.503050896918269819e-02,-1.812495678291327350e-01,-4.237387195210539637e-01,7.142152520629913015e-02,-5.848046363962871030e-01,8.689237300430534550e-01,-4.650912244622053549e-01,8.487137909519044676e-01,-1.107263188420565259e-01,-3.482834267612133217e-01
3.328035201247551145e-01,4.646694780899974231e-01,5.476112105039075972e-01,1.050338116155845186e-01,5.675251456229466474e-01,-2.307111279090118261e-01,1.201737583475649684e-01,-5.215177984839884928e-01,6.519938654198028649e-01,7.601831355336985396e-01,-2.738876126522219456e-01,5.834612533849772298e-01,-4.354314475300510162e-02,2.067404543137816783e-02,6.625679834887330255e-01,7.300019474769005035e-01,-3.678336741640192975e-01,1.000000000000000000e+00,8.199216063477372529e-01,4.462020409091294049e-01,4.498436537654190159e-01,3.671615500316994796e-01,-1.271117051430269151e-01,-2.689281796535356039e-01,-3.741560359775404632e-02,-7.980504598339553668e-02,-1.458457435502186206e-01,4.156218378912214795e-01,7.579769214222449591e-02,5.587641326848059586e-01,2.395010247954925675e-01,2.464181230150761237e-01,-3.506820378613820927e-02,7.994830394650552785e-01,-4.043717534505701372e-01,5.730327510449862993e-01,-2.664443065600586857e-01,4.910889651708123527e-01,6.178582276293703712e-01
7.316465652045081591e-02,3.213712718828501402e-01,7.142674115919359634e-01,6.216029609551453061e-02,3.723120220790095969e-01,-3.888118853782751017e-01,1.270261967071132370e-01,-6.865279263705232893e-01,5.595505979288791787e-01,7.146642842584731703e-01,-4.313327512137474229e-01,7.917691547043540501e-01,-8.362125978690618244e-02,-1.486672763348587112e-01,7.535453042943438540e-01,6.849545646758103956e-01,-5.779032176434012458e-01,8.199216063477372529e-01,1.000000000000000000e+00,6.222312169984488550e-01,5.615485821295456148e-01,5.974109403042798805e-01,-3.253648344857018038e-01,-5.055381001611158887e-01,-2.693968861205778276e-01,-2.771648360324350246e-01,-5.498741523624953165e-02,4.129955025717297334e-01,-2.407554367476889279e-01,4.371012275420720905e-01,3.519549647457785313e-01,4.556193112424059555e-01,-5.853246537359663160e-02,8.559274785407687824e-01,-6.185843713694383350e-01,6.719170712293829340e-01,-4.874332358053318770e-01,3.815945106932198128e-01,6.989944631190001534e-01
-8.790108622485345857e-02,2.144288559905644098e-01,8.483246262460509834e-01,2.670841728852287877e-01,-4.185035960462512444e-02,-4.106297071550625843e-01,4.327734672720565112e-01,-8.330778759636531250e-01,3.268621323588470351e-01,4.143762655121543403e-01,-2.999896396600618687e-01,6.815456219788866843e-01,-2.180772457974981468e-02,-1.967831779321998487e-01,5.904600981654511971e-01,3.620589589730507929e-01,-5.520474516807716281e-01,4.462020409091294049e-01,6.222312169984488550e-01,1.000000000000000000e+00,7.889971165515082818e-01,7.708276231599635597e-01,-3.881912623209824442e-01,-4.900482238851806005e-01,-3.293941471028721257e-01,-1.610200862459999216e-01,1.712049329258000241e-01,6.266608164656110036e-01,-2.898795378701674585e-01,2.304449631692489509e-01,6.487910784413679632e-01,5.761615420407604216e-01,2.217938246179236850e-01,5.443266345436137410e-01,-6.028567216379004945e-01,4.592756729008913852e-01,-4.863719920301601829e-01,1.944259684410656885e-01,5.937177876003687516e-01
1.294560193424977579e-01,4.722793598242659430e-01,8.084341619128472267e-01,3.079509346972688077e-01,4.516800612512655855e-02,-3.363886037195631951e-01,4.901685595160307218e-01,-7.994181395787239852e-01,4.839281512506567462e-01,4.765876581339190121e-01,-1.748305775872342413e-02,6.594789149952382523e-01,1.532275496631989031e-01,6.132815891815160403e-02,4.589893925097321414e-01,3.724301079714552598e-01,-2.958960528957090830e-01,4.498436537654190159e-01,5.615485821295456148e-01,7.889971165515082818e-01,1.000000000000000000e+00,7.715328027875036909e-01,-1.450500873718430783e-01,-2.054442555842169726e-01,-4.557738460624241421e-03,6.865821490070031508e-02,4.146416256204483730e-01,7.195322883894108568e-01,-6.522012932867643498e-02,4.129296939404321631e-01,7.222237694209177050e-01,4.097008858960474731e-01,1.323757045393565146e-01,4.517444355788401977e-01,-4.057115591557247658e-01,4.765790631759278528e-01,-2.444683544119347629e-01,3.190279679907683241e-01,6.938466665682179180e-01
-1.932520253190592729e-01,1.356302398777551876e-01,7.867025165670219478e-01,7.478854179569625893e-02,-1.688591161982829214e-01,-5.346263249715579313e-01,3.804739046470783093e-01,-7.588477304108789401e-01,2.638350439076952991e-01,3.091642966697041306e-01,-3.494265945749300828e-01,7.123548811371669398e-01,-9.054394512642363613e-02,-3.282220432866033155e-01,5.560913494878204633e-01,2.919245280646411422e-01,-5.858804524331785446e-01,3.671615500316994796e-01,5.974109403042798805e-01,7.708276231599635597e-01,7.715328027875036909e-01,1.000000000000000000e+00,-4.614373119249758348e-01,-5.220100635933777600e-01,-3.456476924395804895e-01,-2.995917134486344446e-01,2.171784571306254741e-01,4.404680680441644403e-01,-4.163846620399346277e-01,1.726796175470947936e-01,5.524243980539649268e-01,4.224198344477357869e-01,-1.520725120780558604e-01,4.924201749374482739e-01,-6.578068871623751201e-01,4.652644521287248591e-01,-5.649030628943956245e-01,1.665700586880108358e-01,5.679143615791704125e-01
5.948660891644024229e-01,4.347604484833887395e-01,-3.433266638188817166e-01,3.050694924680051323e-01,4.068374695076694136e-01,6.568472875627253682e-01,7.026233136862237993e-02,2.969318707427370807e-01,2.150161822051288862e-01,4.962473580299498616e-02,7.745680495534366106e-01,-4.306063897144475350e-01,5.488835180037210382e-01,7.393277265154900579e-01,-4.875760463589241533e-01,-1.109626503606701980e-01,7.669189972566196056e-01,-1.271117051430269151e-01,-3.253648344857018038e-01,-3.881912623209824442e-01,-1.450500873718430783e-01,-4.614373119249758348e-01,1.000000000000000000e+00,8.399487814949315734e-01,8.702472823465656759e-01,7.676361846299327718e-01,3.311369183889964485e-01,1.280144515985727482e-01,6.713305028844787081e-01,3.543853797492571567e-01,-1.100269794970273468e-01,-3.446137272625103276e-01,2.857738981810244508e-02,-3.124650269196632135e-01,7.745426375613485570e-01,-1.631714797972457498e-01,8.262258150481641694e-01,1.079028916762698881e-01,-9.828107149379229635e-02
5.682865909727446985e-01,4.060365526699180605e-01,-4.535810381983150785e-01,3.294208179073161991e-01,2.533793941075305756e-01,7.110289119275297054e-01,5.384941533721369911e-02,4.047846172886409577e-01,6.384503148236665704e-02,-1.018321307819330529e-01,8.381170120414835889e-01,-5.688055306686782275e-01,5.652855925800691628e-01,7.085512860821935321e-01,-6.505126926727402559e-01,-2.766053795613387933e-01,8.629347390671902041e-01,-2.689281796535356039e-01,-5.055381001611158887e-01,-4.900482238851806005e-01,-2.054442555842169726e-01,-5.220100635933777600e-01,8.399487814949315734e-01,1.000000000000000000e+00,8.511135432994275662e-01,7.853510868260397126e-01,3.486493653571974827e-01,3.640960841094766087e-02,7.347051486455824509e-01,2.498289881167802540e-01,-1.668522332004364894e-01,-4.593191371337432272e-01,2.902855760086442069e-02,-5.080804707139596754e-01,8.796959811570662646e-01,-3.477518850859150357e-01,9.044723420313323103e-01,2.980165044566698493e-02,-2.098261702866683065e-01
7.104312674312426301e-01,6.041972521858978151e-01,-2.380605171632270978e-01,3.032523269576899438e-01,4.154042676686391933e-01,5.704054167743164427e-01,1.015130483746870399e-01,1.942302687788160787e-01,3.342991458278034012e-01,1.509372707301968042e-01,7.772164022141281325e-01,-3.801012680205680949e-01,4.777441888515173152e-01,7.128620396574334439e-01,-4.057130574982050208e-01,-5.626004970904892278e-04,7.339579887922901280e-01,-3.741560359775404632e-02,-2.693968861205778276e-01,-3.293941471028721257e-01,-4.557738460624241421e-03,-3.456476924395804895e-01,8.702472823465656759e-01,8.511135432994275662e-01,1.000000000000000000e+00,7.776232558663122019e-01,3.751634232328441843e-01,2.115044915850180229e-01,7.783364506098919833e-01,4.635226329366787801e-01,-2.498110557287675296e-02,-4.536059316507766725e-01,-4.079192662360917737e-02,-2.527741298642448009e-01,7.109562456107916262e-01,-1.045752273840807323e-01,7.846383618230049484e-01,2.775817209530029861e-01,2.422671582088883890e-02
6.750430313656511361e-01,5.116838574800872674e-01,-8.841755509909132726e-02,4.810768055116808606e-01,4.031189002742814886e-01,5.642054215514471505e-01,2.519900374651800057e-01,2.295504239415150846e-02,2.865160745227638417e-01,1.262323241165818899e-01,7.371479746123906773e-01,-3.787418757857586860e-01,5.110226313291752476e-01,7.643188313973642289e-01,-3.554932385676108919e-01,-5.125445389635215759e-02,6.933685097531908648e-01,-7.980504598339553668e-02,-2.771648360324350246e-01,-1.610200862459999216e-01,6.865821490070031508e-02,-2.995917134486344446e-01,7.676361846299327718e-01,7.853510868260397126e-01,7.776232558663122019e-01,1.000000000000000000e+00,4.890350670996835292e-01,4.323939964627473986e-01,7.297284879198078222e-01,4.276989745807459053e-01,1.555498364114161758e-01,-2.642634826863738406e-01,2.201801497965111820e-01,-2.459959727938500484e-01,7.046411870537626632e-01,-1.490331312445786760e-01,7.430693631143220346e-01,2.088576660967529086e-01,-4.362663293222092571e-03
2.108077599690374448e-01,3.553737659114563630e-01,2.974006137454938137e-01,3.354985049019339471e-01,-8.414812187775179420e-02,7.941165622772776433e-02,2.807201435063713668e-01,-3.538577154325585061e-01,1.242558112227013234e-01,3.552959132471478730e-03,4.585913989227316523e-01,8.846178443958603588e-02,3.066926448094300928e-01,3.704029227503854438e-01,-1.596339542632794484e-01,-9.465976484952152992e-02,2.781044052359057939e-01,-1.458457435502186206e-01,-5.498741523624953165e-02,1.712049329258000241e-01,4.146416256204483730e-01,2.171784571306254741e-01,3.311369183889964485e-01,3.486493653571974827e-01,3.751634232328441843e-01,4.890350670996835292e-01,1.000000000000000000e+00,4.131701373391907239e-01,2.228339077802173052e-01,2.267601281772360644e-01,4.814017019065007785e-01,-1.657690353390102109e-02,1.489460200779783583e-01,-2.011055405711589805e-01,2.490120315749494717e-01,1.544862136019569017e-02,3.007019058842917980e-01,3.630899030102174851e-02,1.997574961564979601e-01
3.910862804396095793e-01,5.034378924911785402e-01,6.851262652755738536e-01,4.994545551739635325e-01,3.101700031493602738e-01,-1.343184818288972737e-01,5.621540494355965478e-01,-7.067742957787489511e-01,5.538644632614776464e-01,5.120569471366186454e-01,1.398353030742283398e-01,3.919814690695183623e-01,1.869002340279397600e-01,3.687178919009566069e-01,3.994915712848046141e-01,4.484944002378354333e-01,-5.714289986639306540e-02,4.156218378912214795e-01,4.129955025717297334e-01,6.266608164656110036e-01,7.195322883894108568e-01,4.404680680441644403e-01,1.280144515985727482e-01,3.640960841094766087e-02,2.115044915850180229e-01,4.323939964627473986e-01,4.131701373391907239e-01,1.000000000000000000e+00,2.568693443815847632e-01,5.560371540182754702e-01,6.723443468836631798e-01,2.693534482584958312e-01,3.680552120467997512e-01,3.875358109682630614e-01,-1.213561254947102264e-01,4.471931646183595066e-01,1.245531990246600759e-02,3.880438763476324882e-01,5.165510470045201474e-01
7.783984790959745936e-01,5.852033842658456164e-01,-1.975688635853819763e-01,2.745366569744718821e-01,4.773606767533292716e-01,4.761353910457858385e-01,1.439843955417448029e-01,1.555178916250402332e-01,3.279584064589129988e-01,2.259092035965825640e-01,6.076641097863330065e-01,-4.085514028022060318e-01,2.704418738414597900e-01,6.223834396338672192e-01,-2.533130730857823254e-01,1.221605303845203216e-01,6.049344335056496824e-01,7.579769214222449591e-02,-2.407554367476889279e-01,-2.898795378701674585e-01,-6.522012932867643498e-02,-4.163846620399346277e-01,6.713305028844787081e-01,7.347051486455824509e-01,7.783364506098919833e-01,7.297284879198078222e-01,2.228339077802173052e-01,2.568693443815847632e-01,1.000000000000000000e+00,4.515330841350404523e-01,2.597872965759263214e-02,-4.080089395293710064e-01,1.242234680840209465e-01,-1.495980525290785679e-01,6.255113456854936027e-01,-1.494201265719258820e-01,6.522287894532023955e-01,3.627186061316225452e-01,-3.703258057935306796e-02
6.776076916010268514e-01,7.700133998584486328e-01,3.623831263243650347e-01,2.911852142532989074e-01,6.512013177042558221e-01,9.525349589868573053e-02,1.155687497808528530e-01,-3.781775209811782390e-01,8.303706445008669501e-01,7.759592592914662523e-01,1.455446668853351555e-01,3.462581536858641562e-01,2.587327786588582978e-01,4.527743903214642707e-01,3.406103553061134437e-01,6.989953625975586782e-01,5.503050896918269819e-02,5.587641326848059586e-01,4.371012275420720905e-01,2.304449631692489509e-01,4.129296939404321631e-01,1.726796175470947936e-01,3.543853797492571567e-01,2.498289881167802540e-01,4.635226329366787801e-01,4.276989745807459053e-01,2.267601281772360644e-01,5.560371540182754702e-01,4.515330841350404523e-01,1.000000000000000000e+00,2.531282345853602123e-01,-3.417255435895599075e-02,-9.474041508524568000e-02,4.988623097902497583e-01,3.815621488799753741e-02,5.711790682397032137e-01,2.013276431199046423e-01,6.765929073561111062e-01,6.357586646534254537e-01
1.091688455645537653e-01,3.673109030944296527e-01,7.132982736904256438e-01,2.364896914959322971e-01,1.215354268574348785e-02,-3.504333739994074937e-01,4.987625655480044662e-01,-7.288277156207200180e-01,3.207680706283621563e-01,3.236221720825283588e-01,5.816940666320793291e-02,4.431946747474211912e-01,-3.067333323385872546e-03,6.294094980687185703e-02,3.344357084982983452e-01,2.443904741864130481e-01,-1.812495678291327350e-01,2.395010247954925675e-01,3.519549647457785313e-01,6.487910784413679632e-01,7.222237694209177050e-01,5.524243980539649268e-01,-1.100269794970273468e-01,-1.668522332004364894e-01,-2.498110557287675296e-02,1.555498364114161758e-01,4.814017019065007785e-01,6.723443468836631798e-01,2.597872965759263214e-02,2.531282345853602123e-01,1.000000000000000000e+00,4.248541144111319112e-01,4.059079297767924088e-01,2.814675123474208451e-01,-2.776747331419952558e-01,3.325186443655858692e-01,-2.067322888320023699e-01,2.273136927241997951e-01,4.473776922986253402e-01
-3.429752132692944766e-01,-3.827068946596693527e-02,4.743210285923957770e-01,1.149114693378397167e-01,1.637750758316959890e-02,-2.254519543807900206e-01,2.931355906951829127e-01,-4.498716264032304735e-01,9.457810505259123257e-02,2.563016534880234176e-01,-2.321605350759205488e-01,5.492103186229208012e-01,1.758104427518992208e-01,-1.199925991781281565e-01,3.048823076096381368e-01,1.077718642060467441e-01,-4.237387195210539637e-01,2.464181230150761237e-01,4.556193112424059555e-01,5.761615420407604216e-01,4.097008858960474731e-01,4.224198344477357869e-01,-3.446137272625103276e-01,-4.593191371337432272e-01,-4.536059316507766725e-01,-2.642634826863738406e-01,-1.657690353390102109e-02,2.693534482584958312e-01,-4.080089395293710064e-01,-3.417255435895599075e-02,4.248541144111319112e-01,1.000000000000000000e+00,3.084751452494543522e-01,3.715236331497961952e-01,-4.429084876546872662e-01,3.195433360501621634e-01,-3.929415091293108064e-01,-1.144125592506415323e-01,3.595571360718056164e-01
5.099356165951110693e-03,-5.581723458039959500e-03,1.740176572418094258e-01,3.292992996077505063e-01,3.770450829283871624e-02,7.412404106687986438e-02,2.737787015116823763e-01,-1.916024204863082114e-01,-7.660774297525266285e-02,-1.440078214088891771e-02,1.828117048402671807e-01,-4.007297001233115635e-02,1.142603059543852995e-01,2.040222293215072091e-01,-7.077778120162542264e-02,-6.593060050046460618e-02,7.142152520629913015e-02,-3.506820378613820927e-02,-5.853246537359663160e-02,2.217938246179236850e-01,1.323757045393565146e-01,-1.520725120780558604e-01,2.857738981810244508e-02,2.902855760086442069e-02,-4.079192662360917737e-02,2.201801497965111820e-01,1.489460200779783583e-01,3.680552120467997512e-01,1.242234680840209465e-01,-9.474041508524568000e-02,4.059079297767924088e-01,3.084751452494543522e-01,1.000000000000000000e+00,-7.475915563548687914e-02,1.108231193737533454e-01,-9.128314418835421773e-02,1.187050765954254655e-01,-1.519502458758894003e-01,-8.647385889058684105e-02
1.883841973198216446e-01,3.267642524276422877e-01,6.164216933984519864e-01,-4.711256176481298796e-02,5.038408117034570699e-01,-3.841092765906697348e-01,3.207833098239690900e-03,-5.892030067662639148e-01,6.519990917633673444e-01,7.779655306034196638e-01,-4.906277010238472291e-01,7.293279207917737761e-01,-1.885655261332317978e-01,-1.572962363495304106e-01,8.116011701999755745e-01,7.855367198998666201e-01,-5.848046363962871030e-01,7.994830394650552785e-01,8.559274785407687824e-01,5.443266345436137410e-01,4.517444355788401977e-01,4.924201749374482739e-01,-3.124650269196632135e-01,-5.080804707139596754e-01,-2.527741298642448009e-01,-2.459959727938500484e-01,-2.011055405711589805e-01,3.875358109682630614e-01,-1.495980525290785679e-01,4.988623097902497583e-01,2.814675123474208451e-01,3.715236331497961952e-01,-7.475915563548687914e-02,1.000000000000000000e+00,-6.130326272067168070e-01,6.702512880306435994e-01,-4.974252198476265541e-01,5.190829473485135681e-01,6.772587527955142850e-01
4.132599334552101156e-01,1.563306019980606476e-01,-5.904561733079120023e-01,2.753091734956789605e-01,1.514377617950131982e-01,7.549748513954829265e-01,-8.729924277953656636e-03,5.427339255791121531e-01,-1.434110445737179496e-01,-2.786063543076437443e-01,7.933216920718867415e-01,-6.876634976020561396e-01,5.397019309152506494e-01,6.223177976421624402e-01,-7.361349579445991553e-01,-4.404290568252910987e-01,8.689237300430534550e-01,-4.043717534505701372e-01,-6.185843713694383350e-01,-6.028567216379004945e-01,-4.057115591557247658e-01,-6.578068871623751201e-01,7.745426375613485570e-01,8.796959811570662646e-01,7.109562456107916262e-01,7.046411870537626632e-01,2.490120315749494717e-01,-1.213561254947102264e-01,6.255113456854936027e-01,3.815621488799753741e-02,-2.776747331419952558e-01,-4.429084876546872662e-01,1.108231193737533454e-01,-6.130326272067168070e-01,1.000000000000000000e+00,-4.856383886493921831e-01,8.932233311960458000e-01,-1.609014107629003210e-01,-4.205831738308103418e-01
6.114985867993567165e-02,3.621825569758294616e-01,5.882091681826016050e-01,-2.714347419726505922e-03,3.716589402926411267e-01,-3.074360332414386443e-01,2.587930401240417025e-02,-5.607137771119397041e-01,6.931913760466760221e-01,6.489376685912113807e-01,-3.751221280227383104e-01,6.435613332509199092e-01,-2.724853379685717933e-02,9.452465109728240555e-02,6.038633473449023237e-01,7.182793753518035285e-01,-4.650912244622053549e-01,5.730327510449862993e-01,6.719170712293829340e-01,4.592756729008913852e-01,4.765790631759278528e-01,4.652644521287248591e-01,-1.631714797972457498e-01,-3.477518850859150357e-01,-1.045752273840807323e-01,-1.490331312445786760e-01,1.544862136019569017e-02,4.471931646183595066e-01,-1.494201265719258820e-01,5.711790682397032137e-01,3.325186443655858692e-01,3.195433360501621634e-01,-9.128314418835421773e-02,6.702512880306435994e-01,-4.856383886493921831e-01,1.000000000000000000e+00,-3.373536215566093621e-01,4.558257572998257734e-01,6.944371439644805299e-01
5.003060029811525755e-01,3.408557816232482551e-01,-4.770835520345484415e-01,3.517099571128261548e-01,2.541923658269357178e-01,7.663330578958035266e-01,1.701658923592468467e-02,4.327643577252343055e-01,2.827510525972815048e-02,-1.261231767320546704e-01,8.154869762239753683e-01,-5.375020590741349524e-01,6.419485804587634625e-01,7.172404333750903582e-01,-6.676779804894387160e-01,-3.055499574761917914e-01,8.487137909519044676e-01,-2.664443065600586857e-01,-4.874332358053318770e-01,-4.863719920301601829e-01,-2.444683544119347629e-01,-5.649030628943956245e-01,8.262258150481641694e-01,9.044723420313323103e-01,7.846383618230049484e-01,7.430693631143220346e-01,3.007019058842917980e-01,1.245531990246600759e-02,6.522287894532023955e-01,2.013276431199046423e-01,-2.067322888320023699e-01,-3.929415091293108064e-01,1.187050765954254655e-01,-4.974252198476265541e-01,8.932233311960458000e-01,-3.373536215566093621e-01,1.000000000000000000e+00,-3.105257921330565815e-02,-2.113652303967234192e-01
6.330337068175654336e-01,6.493017994847305463e-01,2.903960098377988963e-01,-4.767570112580266084e-02,5.547226108212803819e-01,-1.087264233230168797e-01,-1.810934104757556257e-02,-3.018632473804572780e-01,7.284096903449109872e-01,6.942048009942134446e-01,-6.004420425741983924e-02,3.051697832085931150e-01,-7.025388691642374395e-02,1.804923775631502303e-01,4.597469257074329185e-01,7.049167661125272932e-01,-1.107263188420565259e-01,4.910889651708123527e-01,3.815945106932198128e-01,1.944259684410656885e-01,3.190279679907683241e-01,1.665700586880108358e-01,1.079028916762698881e-01,2.980165044566698493e-02,2.775817209530029861e-01,2.088576660967529086e-01,3.630899030102174851e-02,3.880438763476324882e-01,3.627186061316225452e-01,6.765929073561111062e-01,2.273136927241997951e-01,-1.144125592506415323e-01,-1.519502458758894003e-01,5.190829473485135681e-01,-1.609014107629003210e-01,4.558257572998257734e-01,-3.105257921330565815e-02,1.000000000000000000e+00,5.954104144108113283e-01
2.634075960514506987e-01,6.325020227476975121e-01,6.586882117303175521e-01,1.141718213500795415e-01,3.578725494223021220e-01,-2.222443750296191622e-01,1.019120084732205445e-01,-6.502774722603397173e-01,7.259711108724500317e-01,7.347009409133012925e-01,-1.457081843648458386e-01,7.587915465839817353e-01,1.577163256508392342e-01,1.086777380074165772e-01,5.873474738840864795e-01,6.354197957879701431e-01,-3.482834267612133217e-01,6.178582276293703712e-01,6.989944631190001534e-01,5.937177876003687516e-01,6.938466665682179180e-01,5.679143615791704125e-01,-9.828107149379229635e-02,-2.098261702866683065e-01,2.422671582088883890e-02,-4.362663293222092571e-03,1.997574961564979601e-01,5.165510470045201474e-01,-3.703258057935306796e-02,6.357586646534254537e-01,4.473776922986253402e-01,3.595571360718056164e-01,-8.647385889058684105e-02,6.772587527955142850e-01,-4.205831738308103418e-01,6.944371439644805299e-01,-2.113652303967234192e-01,5.954104144108113283e-01,1.000000000000000000e+00
