1.000000000000000000e+00,8.974025857807863549e-01,3.029838196722501875e-01,-3.369710337343938544e-01,5.185403097530326688e-01,5.494843109556614147e-01,-5.647601781821209692e-03,-2.844358693224127155e-01,8.191597457454734554e-01,8.313570075951918215e-01,5.784801789690947604e-01,4.092774030745562897e-01,-1.788805962992642828e-02,6.049911892043375872e-01,5.612646709581928794e-01,8.265912261267365224e-01,4.439852215397368518e-01,6.610936611186432610e-02,7.685892492186829905e-02,4.266644568833849460e-01,6.610087425997482335e-02,4.205865935203245143e-01,6.121375275032385765e-01,3.662870030767423346e-01,6.190228048226669166e-01,7.907597963475581082e-01,7.454493366887164907e-01,5.193436093224934602e-01,7.650666371009822164e-01,8.376537375154767817e-01,7.170644058581997493e-01,8.209250570853529050e-01,3.506696068517158871e-01,5.153984371139921361e-01,4.036077005273169815e-01,3.781834639217254712e-01,6.270335312634828240e-01,8.091738309359667314e-01,6.877881567161927556e-01
8.974025857807863549e-01,1.000000000000000000e+00,2.225337995714287420e-01,-2.382630122892964442e-01,4.271841517300426494e-01,5.072968294659923050e-01,4.427241265153811917e-02,-2.106224507303459115e-01,7.622223177116871362e-01,7.731546782244473892e-01,4.936079029870353296e-01,2.772883502704647785e-01,-1.000202782146683289e-01,5.678524487035739865e-01,4.513423030910554412e-01,7.638746232510817968e-01,3.043908434637662141e-01,2.759186689641478576e-02,1.685521659225418245e-02,3.697052868788420210e-01,7.487374454215070529e-02,2.582867054932109219e-01,5.801521578103699950e-01,2.981896586327240639e-01,5.794254791874595689e-01,7.750621457169669659e-01,6.561503903447134523e-01,4.605007419922668710e-01,8.003842982018610774e-01,7.849131252843589701e-01,6.405389056500980782e-01,7.773018599353969105e-01,3.613260405999891289e-01,4.185108694051596911e-01,4.516813021175032361e-01,3.343090765888728777e-01,6.213529938615407477e-01,7.392992111117737686e-01,6.202256803869570234e-01
3.029838196722501875e-01,2.225337995714287420e-01,1.000000000000000000e+00,-4.234109773341158678e-01,7.970653655328557852e-01,4.729256769753243383e-01,-1.769817583281136641e-01,-9.582879096937646501e-01,5.333637824072069433e-01,4.960288412055018359e-01,3.276562822757199678e-01,5.453562009611152561e-01,2.068076984849225586e-01,6.957699094065009637e-01,5.163204822867104582e-01,4.755819336146054899e-01,3.451415385232368682e-01,2.343881950271272940e-01,5.343624689566341956e-01,6.364249075399860400e-01,6.104571906774631795e-01,6.493805038179756295e-01,6.120684648305475539e-01,5.026548315515108056e-01,6.817848815420154418e-01,3.908474621143717131e-01,5.965042022961448698e-01,6.830000507463290793e-01,3.259124302569933462e-01,5.261174575468717807e-01,6.903574408767073622e-01,3.955546996315104091e-01,5.601484942373037290e-01,7.540799456761253516e-01,5.411640816074509974e-01,6.800871200987519405e-01,5.891181108544536471e-01,4.159666250411150901e-01,5.457620861024214953e-01
-3.369710337343938544e-01,-2.382630122892964442e-01,-4.234109773341158678e-01,1.000000000000000000e+00,-5.171868113864612759e-01,-2.740971985436108649e-01,6.490965789016422960e-01,4.522654131215484430e-01,-4.960384627737509655e-01,-2.453837931118327265e-01,-5.900403151084394615e-01,-6.540535978360026981e-01,1.486336937820573190e-01,-5.164012243275253322e-01,-7.534339819740768496e-01,-3.046238082717206974e-01,-6.127589842076115456e-01,-2.179058619518872975e-01,-3.626290254434919591e-01,-1.743969033619874320e-01,7.135299943927826682e-02,-2.820463459229615166e-01,-3.023961861624841485e-01,-2.613164636761285409e-01,-3.654742711453711768e-01,-4.377755185994178788e-01,-5.212087685744675181e-01,-4.513112766208929316e-01,-1.863670974150432591e-01,-2.982006738156585124e-01,-5.608759600609559692e-01,-4.301868333575979420e-01,-7.061772782632926015e-02,-6.057376667524032587e-01,-1.390544864559161986e-01,-4.743332640350803042e-01,-3.618432186240927995e-01,-4.397103952885924039e-01,-3.522031325292652171e-01
5.185403097530326688e-01,4.271841517300426494e-01,7.970653655328557852e-01,-5.171868113864612759e-01,1.000000000000000000e+00,6.029974975197274212e-01,-1.941840724393630591e-01,-7.993431407207373107e-01,7.614218931053051698e-01,6.243692341364933673e-01,6.004792801579947881e-01,6.642023924795610323e-01,2.237588244344628774e-01,7.871182605196652693e-01,6.585894256013046233e-01,5.960310067397152078e-01,5.036424654872000417e-01,3.489846368827608791e-01,4.861769239592392822e-01,5.907605489968056345e-01,3.819513635363674386e-01,6.289244906407106539e-01,6.983286292540913376e-01,5.895323664135736497e-01,7.605930724652409936e-01,5.465166884029063477e-01,7.070271880904014372e-01,6.618976323636619474e-01,4.766584875180687741e-01,6.479007468829877103e-01,8.547764533064339254e-01,6.034219515601666473e-01,5.114259852841956944e-01,8.754802665607710477e-01,5.091693423659414686e-01,7.236932080693316838e-01,6.778431258989152663e-01,5.911530343576790747e-01,6.941231581513530591e-01
5.494843109556614147e-01,5.072968294659923050e-01,4.729256769753243383e-01,-2.740971985436108649e-01,6.029974975197274212e-01,1.000000000000000000e+00,-1.179929950970996233e-01,-4.465874114267711081e-01,6.390852986332219432e-01,6.458552124917973369e-01,3.671214401708305930e-01,5.853137712075837662e-01,4.001580404899801047e-01,7.098151913754118247e-01,6.172354610239895178e-01,6.384619232713848458e-01,1.844070738307771185e-01,4.354131973851055326e-01,1.455979273063941204e-01,4.846252371406351012e-01,4.200634845656991967e-01,4.601411617357649142e-01,7.738342970272497068e-01,6.083768399521304326e-01,7.436639833604048455e-01,6.202380663635554958e-01,5.952329901353767827e-01,4.739729561166061700e-01,6.815783847456288180e-01,6.961540927684295443e-01,5.815224974759483079e-01,7.347436646250377068e-01,7.567868418470360403e-01,5.217897541376638193e-01,7.129451644975325353e-01,6.733121775591156544e-01,7.998929352608398213e-01,5.595885090526473427e-01,6.403864776981630369e-01
-5.647601781821209692e-03,4.427241265153811917e-02,-1.769817583281136641e-01,6.490965789016422960e-01,-1.941840724393630591e-01,-1.179929950970996233e-01,1.000000000000000000e+00,2.151012642234451655e-01,-1.609628808608340178e-01,1.957908990914008010e-02,-2.597141159369090180e-01,-6.365201538828592076e-01,5.323882805941065888e-02,-2.780152317174112153e-01,-3.474640282352420839e-01,-4.046851177946930722e-02,-2.850996208753530103e-01,-1.252641614131113912e-01,-1.349216315915419406e-01,1.107320116317110081e-01,1.340046775539771307e-01,1.133534236738235751e-01,-1.738237797321048606e-01,-1.172241158149921608e-01,-2.499584775745342380e-01,-9.541605335170394442e-02,-2.058300583310915810e-01,-2.876429130959541180e-03,5.754346485117112220e-02,2.056509563029057866e-02,-1.460792444812940849e-01,-1.543016966339106066e-01,-7.143818868864186544e-02,-2.567854533111474935e-01,-6.970091023802828245e-02,-4.000191186279151712e-01,-1.914970748121117283e-01,-2.330698620509192853e-01,-3.106789993592837251e-01
-2.844358693224127155e-01,-2.106224507303459115e-01,-9.582879096937646501e-01,4.522654131215484430e-01,-7.993431407207373107e-01,-4.465874114267711081e-01,2.151012642234451655e-01,1.000000000000000000e+00,-5.262123675465567585e-01,-4.730756946172456900e-01,-3.429040102398752676e-01,-5.349181856436666660e-01,-1.749664454481610065e-01,-7.089088498776848768e-01,-5.083000631097427391e-01,-4.550906305977702737e-01,-3.592729530283548800e-01,-2.186581751661193507e-01,-5.301186873663791266e-01,-5.930569374443334096e-01,-5.923584136573935011e-01,-6.144104614674820164e-01,-6.038105280651401285e-01,-4.981376991382526764e-01,-6.759170639782405843e-01,-3.762341113663546510e-01,-5.814581035701025247e-01,-6.684018080685997232e-01,-3.080550980215743251e-01,-5.073144405281062586e-01,-6.859952393488336631e-01,-3.759260349768308029e-01,-5.248101394053181767e-01,-7.509911824719492923e-01,-5.336702888387445665e-01,-6.892888027992043476e-01,-5.777592713845771666e-01,-4.027133225295476127e-01,-5.375399124760397163e-01
8.191597457454734554e-01,7.622223177116871362e-01,5.333637824072069433e-01,-4.960384627737509655e-01,7.614218931053051698e-01,6.390852986332219432e-01,-1.609628808608340178e-01,-5.262123675465567585e-01,1.000000000000000000e+00,7.994190472040131334e-01,6.179133164155274915e-01,6.137290242747923674e-01,6.428894032235500655e-02,7.703068703885473933e-01,6.815392703583988965e-01,7.986633758936313443e-01,4.924673851751544817e-01,2.760254842151435573e-01,3.001151559880101405e-01,5.255829620152148163e-01,1.692430075157431157e-01,5.023697300938643195e-01,7.288972476714415949e-01,4.315682746865725505e-01,7.476486783734564989e-01,7.684605470814825923e-01,8.255647932829561775e-01,6.857032000254023041e-01,6.944934549732162399e-01,8.249658445701285592e-01,8.671670838722908004e-01,8.206553360858762636e-01,4.391852679203178123e-01,7.808317464069189917e-01,4.747968450946797869e-01,5.987445196365136502e-01,7.279190351571507289e-01,8.150216472257543199e-01,7.850024105263351260e-01
8.313570075951918215e-01,7.731546782244473892e-01,4.960288412055018359e-01,-2.453837931118327265e-01,6.243692341364933673e-01,6.458552124917973369e-01,1.957908990914008010e-02,-4.730756946172456900e-01,7.994190472040131334e-01,1.000000000000000000e+00,4.655755897541656307e-01,4.619965813158086188e-01,1.332939151332915295e-01,6.755283244061182080e-01,5.657597506746583349e-01,9.267491084605734564e-01,3.484593302020929650e-01,1.545448925401422258e-01,1.547145923823213254e-01,5.729276953151676288e-01,3.335123325231380553e-01,4.955173180327301918e-01,7.439759497825301215e-01,4.446224252648937614e-01,7.804863505421330006e-01,7.964319481078754315e-01,8.103695872326587279e-01,6.697330854443296344e-01,8.105838722244722572e-01,9.002853585482465393e-01,7.366078247445583260e-01,7.955381738315634443e-01,5.661566503712870402e-01,5.861079444538823680e-01,5.945205225427239171e-01,5.071685736510989084e-01,7.289528033535405127e-01,8.485473205674717301e-01,8.221914862034712668e-01
5.784801789690947604e-01,4.936079029870353296e-01,3.276562822757199678e-01,-5.900403151084394615e-01,6.004792801579947881e-01,3.671214401708305930e-01,-2.597141159369090180e-01,-3.429040102398752676e-01,6.179133164155274915e-01,4.655755897541656307e-01,1.000000000000000000e+00,5.095471375893607657e-01,-6.977429477958589643e-02,4.903024512813862756e-01,6.380595996837989947e-01,4.475402541632025333e-01,7.161346575446051466e-01,1.149492110547632728e-01,4.425271738065341548e-02,2.882831465369118940e-01,4.441128192295501487e-03,3.935284477673032244e-01,3.567668491668240516e-01,4.618451458722714342e-01,4.835808084860359624e-01,5.566088492501982676e-01,5.744858634771793371e-01,3.506217287773569224e-01,4.248434976053214185e-01,5.167920991168880596e-01,6.695569760072550558e-01,5.679751596183748585e-01,1.909625317104622910e-01,5.827422267057793537e-01,1.902044001587064881e-01,4.272226644271189255e-01,3.795267269315129588e-01,5.970728411271575276e-01,5.284035699622061655e-01
4.092774030745562897e-01,2.772883502704647785e-01,5.453562009611152561e-01,-6.540535978360026981e-01,6.642023924795610323e-01,5.853137712075837662e-01,-6.365201538828592076e-01,-5.349181856436666660e-01,6.137290242747923674e-01,4.619965813158086188e-01,5.095471375893607657e-01,1.000000000000000000e+00,2.501622443635512227e-01,5.748564243700721166e-01,7.152614804424862749e-01,4.813672580460626738e-01,4.430754620531411336e-01,4.235468873195849526e-01,3.911513242764202425e-01,4.485094148822456606e-01,1.917826556822108397e-01,4.509896711568845973e-01,5.460692380488045838e-01,4.390694824616415692e-01,6.293058289382166270e-01,4.680624931325240157e-01,6.451828358120557105e-01,4.210489842741286792e-01,3.035701379885683004e-01,4.693561196565151916e-01,6.228186713136982799e-01,5.588535382119993455e-01,4.940846779967629776e-01,7.129110919644675581e-01,3.231722306292110214e-01,6.449771581866543535e-01,5.436904212572148953e-01,5.913263354928841586e-01,6.934370456526094406e-01
-1.788805962992642828e-02,-1.000202782146683289e-01,2.068076984849225586e-01,1.486336937820573190e-01,2.237588244344628774e-01,4.001580404899801047e-01,5.323882805941065888e-02,-1.749664454481610065e-01,6.428894032235500655e-02,1.332939151332915295e-01,-6.977429477958589643e-02,2.501622443635512227e-01,1.000000000000000000e+00,1.768313587185343372e-01,1.231580713076045885e-01,1.365746556980471926e-01,1.820108638728787365e-02,3.164284503266444060e-01,1.554293160470715529e-01,1.989875876085127338e-01,2.697861297357316834e-01,3.859816388083685545e-01,3.778258749733010013e-01,4.637278827132811365e-01,3.125441403686176067e-01,-5.445827188883883146e-02,3.314007486876008324e-02,3.739163945423074759e-02,3.146172267074178602e-02,8.583706992132209002e-02,6.170719704959636009e-02,1.130471014112451184e-01,3.871180542872623143e-01,2.133726419375193417e-01,2.452220869964463756e-01,2.881732028117388045e-01,2.915676005161751960e-01,-2.634812414993008972e-03,1.462447174213770407e-01
6.049911892043375872e-01,5.678524487035739865e-01,6.957699094065009637e-01,-5.164012243275253322e-01,7.871182605196652693e-01,7.098151913754118247e-01,-2.780152317174112153e-01,-7.089088498776848768e-01,7.703068703885473933e-01,6.755283244061182080e-01,4.903024512813862756e-01,5.748564243700721166e-01,1.768313587185343372e-01,1.000000000000000000e+00,6.206510611325485316e-01,6.926790275914437300e-01,4.358049168795965489e-01,2.303689564926024447e-01,2.958952735794412869e-01,4.139711844877120295e-01,3.372059305749120495e-01,4.471001665190383889e-01,8.136223905232541354e-01,5.663840904984689395e-01,8.129599827536770906e-01,6.161527141895547510e-01,7.244797596823567831e-01,6.515197379806317857e-01,6.243470144697882418e-01,7.244517932877544419e-01,8.000732713972908972e-01,7.100227500032245675e-01,5.427847045971644357e-01,7.410536134825664867e-01,7.079833499921361906e-01,8.050021587277870205e-01,8.532212983504244841e-01,6.254082470865471866e-01,7.010426285585558137e-01
5.612646709581928794e-01,4.513423030910554412e-01,5.163204822867104582e-01,-7.534339819740768496e-01,6.585894256013046233e-01,6.172354610239895178e-01,-3.474640282352420839e-01,-5.083000631097427391e-01,6.815392703583988965e-01,5.657597506746583349e-01,6.380595996837989947e-01,7.152614804424862749e-01,1.231580713076045885e-01,6.206510611325485316e-01,1.000000000000000000e+00,6.013293394798935321e-01,5.844285949096773569e-01,4.068636696824629029e-01,2.988079086604057411e-01,5.152113403802823788e-01,2.111173201246035469e-01,5.369364534444387438e-01,5.727645687860087875e-01,5.082973353541662132e-01,6.033731423881057987e-01,7.208300971947536606e-01,7.034146890828385512e-01,6.518202432487517628e-01,5.120007455123406492e-01,6.021739811807862441e-01,7.026185029829491446e-01,6.765841773775862489e-01,4.073014899729388016e-01,7.113314411717183150e-01,4.019004078651393086e-01,5.272944076254233448e-01,6.037497959256769020e-01,6.578185109278427145e-01,5.558896222631745099e-01
8.265912261267365224e-01,7.638746232510817968e-01,4.755819336146054899e-01,-3.046238082717206974e-01,5.960310067397152078e-01,6.384619232713848458e-01,-4.046851177946930722e-02,-4.550906305977702737e-01,7.986633758936313443e-01,9.267491084605734564e-01,4.475402541632025333e-01,4.813672580460626738e-01,1.365746556980471926e-01,6.926790275914437300e-01,6.013293394798935321e-01,1.000000000000000000e+00,3.533908300525763768e-01,2.006515465290278910e-01,1.677611827124787514e-01,5.322533928929394920e-01,2.947989167694521351e-01,5.007077372579629149e-01,7.664915491163248884e-01,4.574596884123170448e-01,7.686582470248127796e-01,8.085026947267063280e-01,8.199550909125324916e-01,6.667265480089098473e-01,7.916623187804943118e-01,8.925309689964395776e-01,7.370825819804830425e-01,8.017960535986545789e-01,5.460397035840148794e-01,5.851299060833959897e-01,5.971669134944006530e-01,5.105857216122476894e-01,7.399313745884540383e-01,8.348067437168220639e-01,7.751384455184452404e-01
4.439852215397368518e-01,3.043908434637662141e-01,3.451415385232368682e-01,-6.127589842076115456e-01,5.036424654872000417e-01,1.844070738307771185e-01,-2.850996208753530103e-01,-3.592729530283548800e-01,4.924673851751544817e-01,3.484593302020929650e-01,7.161346575446051466e-01,4.430754620531411336e-01,1.820108638728787365e-02,4.358049168795965489e-01,5.844285949096773569e-01,3.533908300525763768e-01,1.000000000000000000e+00,-1.567621383924395484e-01,1.364512856544063124e-01,2.511834497677991052e-01,-1.761772897551092398e-01,4.195497203662927888e-01,3.447315525724430896e-01,4.515095270560480767e-01,4.116543650635943741e-01,3.044513333935862653e-01,5.093636972968200727e-01,3.583800918435300353e-01,1.188865340541920973e-01,3.348744597295270631e-01,5.572529540443598162e-01,3.618670484846822633e-01,-7.270069514305567415e-02,6.170840379000213094e-01,1.167854908989775231e-02,4.236222270984445482e-01,3.054976358849812446e-01,4.872369145963394987e-01,3.727691673242657378e-01
6.610936611186432610e-02,2.759186689641478576e-02,2.343881950271272940e-01,-2.179058619518872975e-01,3.489846368827608791e-01,4.354131973851055326e-01,-1.252641614131113912e-01,-2.186581751661193507e-01,2.760254842151435573e-01,1.545448925401422258e-01,1.149492110547632728e-01,4.235468873195849526e-01,3.164284503266444060e-01,2.303689564926024447e-01,4.068636696824629029e-01,2.006515465290278910e-01,-1.567621383924395484e-01,1.000000000000000000e+00,4.416711921308651423e-01,2.483956927792217162e-01,3.320876225317935249e-01,3.018870421124427161e-01,2.452776997808374104e-01,1.664691799531145544e-01,2.425870078649597361e-01,3.419304106826956402e-01,1.644245146658776247e-01,3.079064575035569407e-01,2.764318922971371606e-01,2.417979271837620847e-01,2.530918526557348613e-01,3.061779273867805129e-01,4.471554749740564993e-01,2.195578927287126780e-01,2.994105282049938088e-01,1.580079294580536420e-01,2.914785937811532612e-01,1.020135568538678983e-01,1.861563791877597906e-01
7.685892492186829905e-02,1.685521659225418245e-02,5.343624689566341956e-01,-3.626290254434919591e-01,4.861769239592392822e-01,1.455979273063941204e-01,-1.349216315915419406e-01,-5.301186873663791266e-01,3.001151559880101405e-01,1.547145923823213254e-01,4.425271738065341548e-02,3.911513242764202425e-01,1.554293160470715529e-01,2.958952735794412869e-01,2.988079086604057411e-01,1.677611827124787514e-01,1.364512856544063124e-01,4.416711921308651423e-01,1.000000000000000000e+00,3.672489032667373698e-01,2.192755993380233748e-01,4.332281029839469277e-01,2.146474847891225446e-01,8.740775221057063560e-02,2.070339360622995561e-01,1.163551083937539588e-01,2.968788769628119550e-01,4.767812958647409394e-01,-1.304107512637250887e-02,1.601800711249913578e-01,4.094654085953676748e-01,1.413599561840299390e-01,1.272097911556834271e-01,4.744177181439973578e-01,1.199066990929135712e-01,2.747102880804860869e-01,2.373786621980620293e-01,6.546446902061830997e-02,1.329763125052673411e-01
4.266644568833849460e-01,3.697052868788420210e-01,6.364249075399860400e-01,-1.743969033619874320e-01,5.907605489968056345e-01,4.846252371406351012e-01,1.107320116317110081e-01,-5.930569374443334096e-01,5.255829620152148163e-01,5.729276953151676288e-01,2.882831465369118940e-01,4.485094148822456606e-01,1.989875876085127338e-01,4.139711844877120295e-01,5.152113403802823788e-01,5.322533928929394920e-01,2.511834497677991052e-01,2.483956927792217162e-01,3.672489032667373698e-01,1.000000000000000000e+00,5.404607848677169812e-01,6.878312203354293164e-01,5.051516195437141254e-01,4.450088930760739414e-01,5.431629897224288239e-01,5.003529259172581067e-01,5.919158275252414114e-01,6.264596146689213052e-01,4.279205451767367219e-01,5.706875129308388583e-01,5.882591888708045280e-01,4.672784343088703940e-01,5.566624201397878391e-01,6.079524251517686162e-01,3.976364889095939659e-01,3.776653839832549986e-01,4.940173599910359092e-01,4.713930914434159569e-01,4.841467196720053989e-01
6.610087425997482335e-02,7.487374454215070529e-02,6.104571906774631795e-01,7.135299943927826682e-02,3.819513635363674386e-01,4.200634845656991967e-01,1.340046775539771307e-01,-5.923584136573935011e-01,1.692430075157431157e-01,3.335123325231380553e-01,4.441128192295501487e-03,1.917826556822108397e-01,2.697861297357316834e-01,3.372059305749120495e-01,2.111173201246035469e-01,2.947989167694521351e-01,-1.761772897551092398e-01,3.320876225317935249e-01,2.192755993380233748e-01,5.404607848677169812e-01,1.000000000000000000e+00,4.591862343962011539e-01,3.679623427632582877e-01,3.229635154772197980e-01,4.154601991944239514e-01,2.836792558771761286e-01,2.343672764136917885e-01,4.012167335938098822e-01,3.426466737535749374e-01,3.950187413569188344e-01,2.792318071707138305e-01,1.784588873338242010e-01,7.095137259070087854e-01,2.460293177222081518e-01,5.559979881991113926e-01,3.495345877183379524e-01,3.578133685987343604e-01,1.321471640755810251e-01,3.167819542568927060e-01
4.205865935203245143e-01,2.582867054932109219e-01,6.493805038179756295e-01,-2.820463459229615166e-01,6.289244906407106539e-01,4.601411617357649142e-01,1.133534236738235751e-01,-6.144104614674820164e-01,5.023697300938643195e-01,4.955173180327301918e-01,3.935284477673032244e-01,4.509896711568845973e-01,3.859816388083685545e-01,4.471001665190383889e-01,5.369364534444387438e-01,5.007077372579629149e-01,4.195497203662927888e-01,3.018870421124427161e-01,4.332281029839469277e-01,6.878312203354293164e-01,4.591862343962011539e-01,1.000000000000000000e+00,4.725728470785011681e-01,5.426871590854238647e-01,4.971199001627851777e-01,3.901065346174228399e-01,5.360648561910528187e-01,5.466314399035883120e-01,2.768752267358932095e-01,5.511874863011900771e-01,5.923646366662632667e-01,4.117114960485817599e-01,4.069598257315839573e-01,6.168596973872280120e-01,3.286991451477348503e-01,4.283628231932312680e-01,4.640830783427279949e-01,3.652083137602326612e-01,3.885211937066646581e-01
6.121375275032385765e-01,5.801521578103699950e-01,6.120684648305475539e-01,-3.023961861624841485e-01,6.983286292540913376e-01,7.738342970272497068e-01,-1.738237797321048606e-01,-6.038105280651401285e-01,7.288972476714415949e-01,7.439759497825301215e-01,3.567668491668240516e-01,5.460692380488045838e-01,3.778258749733010013e-01,8.136223905232541354e-01,5.727645687860087875e-01,7.664915491163248884e-01,3.447315525724430896e-01,2.452776997808374104e-01,2.146474847891225446e-01,5.051516195437141254e-01,3.679623427632582877e-01,4.725728470785011681e-01,1.000000000000000000e+00,6.492877514831250085e-01,9.027032569600300649e-01,6.173312206553199788e-01,7.068952166552469052e-01,5.973698419025752493e-01,6.431268735492503552e-01,7.424611596206598385e-01,6.854944728093499418e-01,7.060795269070314628e-01,6.570656589243080159e-01,6.724232612918911167e-01,7.425060487011240218e-01,7.350720420603035210e-01,8.542335734333161845e-01,6.706825987679417844e-01,7.299868818254109382e-01
3.662870030767423346e-01,2.981896586327240639e-01,5.026548315515108056e-01,-2.613164636761285409e-01,5.895323664135736497e-01,6.083768399521304326e-01,-1.172241158149921608e-01,-4.981376991382526764e-01,4.315682746865725505e-01,4.446224252648937614e-01,4.618451458722714342e-01,4.390694824616415692e-01,4.637278827132811365e-01,5.663840904984689395e-01,5.082973353541662132e-01,4.574596884123170448e-01,4.515095270560480767e-01,1.664691799531145544e-01,8.740775221057063560e-02,4.450088930760739414e-01,3.229635154772197980e-01,5.426871590854238647e-01,6.492877514831250085e-01,1.000000000000000000e+00,6.643859799398801336e-01,3.858646067421528936e-01,4.554241172168332352e-01,2.938336807041461163e-01,3.919013447725607224e-01,4.528723217874487394e-01,4.892605694721865461e-01,4.957528618161777256e-01,5.129325217903537570e-01,5.303452772889295508e-01,5.324648903383627507e-01,6.128306848621726255e-01,6.050186698023651832e-01,3.838515049837645798e-01,4.351607558458457925e-01
6.190228048226669166e-01,5.794254791874595689e-01,6.817848815420154418e-01,-3.654742711453711768e-01,7.605930724652409936e-01,7.436639833604048455e-01,-2.499584775745342380e-01,-6.759170639782405843e-01,7.476486783734564989e-01,7.804863505421330006e-01,4.835808084860359624e-01,6.293058289382166270e-01,3.125441403686176067e-01,8.129599827536770906e-01,6.033731423881057987e-01,7.686582470248127796e-01,4.116543650635943741e-01,2.425870078649597361e-01,2.070339360622995561e-01,5.431629897224288239e-01,4.154601991944239514e-01,4.971199001627851777e-01,9.027032569600300649e-01,6.643859799398801336e-01,1.000000000000000000e+00,6.567461012612465510e-01,7.512355314126829553e-01,6.164932818733294129e-01,6.637480569059693858e-01,7.653105499172661030e-01,7.368709065697699456e-01,7.162619435470395368e-01,6.955417976661362189e-01,7.198256332534351820e-01,7.231958128796373009e-01,7.523124854850882226e-01,8.297616394546871721e-01,7.353323777125536642e-01,8.271907347211611139e-01
7.907597963475581082e-01,7.750621457169669659e-01,3.908474621143717131e-01,-4.377755185994178788e-01,5.465166884029063477e-01,6.202380663635554958e-01,-9.541605335170394442e-02,-3.762341113663546510e-01,7.684605470814825923e-01,7.964319481078754315e-01,5.566088492501982676e-01,4.680624931325240157e-01,-5.445827188883883146e-02,6.161527141895547510e-01,7.208300971947536606e-01,8.085026947267063280e-01,3.044513333935862653e-01,3.419304106826956402e-01,1.163551083937539588e-01,5.003529259172581067e-01,2.836792558771761286e-01,3.901065346174228399e-01,6.173312206553199788e-01,3.858646067421528936e-01,6.567461012612465510e-01,1.000000000000000000e+00,7.773576261264795173e-01,6.822836139721958348e-01,8.506040982163820541e-01,8.086292433668275104e-01,7.148499423724659074e-01,8.355952856416551944e-01,5.399848479693672987e-01,5.202687550931047733e-01,5.915791842519690924e-01,3.830792892880843237e-01,6.763986673789449400e-01,7.998573038207918984e-01,6.705408374656067760e-01
7.454493366887164907e-01,6.561503903447134523e-01,5.965042022961448698e-01,-5.212087685744675181e-01,7.070271880904014372e-01,5.952329901353767827e-01,-2.058300583310915810e-01,-5.814581035701025247e-01,8.255647932829561775e-01,8.103695872326587279e-01,5.744858634771793371e-01,6.451828358120557105e-01,3.314007486876008324e-02,7.244797596823567831e-01,7.034146890828385512e-01,8.199550909125324916e-01,5.093636972968200727e-01,1.644245146658776247e-01,2.968788769628119550e-01,5.919158275252414114e-01,2.343672764136917885e-01,5.360648561910528187e-01,7.068952166552469052e-01,4.554241172168332352e-01,7.512355314126829553e-01,7.773576261264795173e-01,1.000000000000000000e+00,7.282633153815140092e-01,6.469628049129262370e-01,7.696520098983219427e-01,8.416303125411391806e-01,8.040683455038221128e-01,4.775518918851202610e-01,7.669597885208329080e-01,5.167512302010868197e-01,5.610966971697561867e-01,7.052960729675376017e-01,8.314478412611243652e-01,7.695414546681343948e-01
5.193436093224934602e-01,4.605007419922668710e-01,6.830000507463290793e-01,-4.513112766208929316e-01,6.618976323636619474e-01,4.739729561166061700e-01,-2.876429130959541180e-03,-6.684018080685997232e-01,6.857032000254023041e-01,6.697330854443296344e-01,3.506217287773569224e-01,4.210489842741286792e-01,3.739163945423074759e-02,6.515197379806317857e-01,6.518202432487517628e-01,6.667265480089098473e-01,3.583800918435300353e-01,3.079064575035569407e-01,4.767812958647409394e-01,6.264596146689213052e-01,4.012167335938098822e-01,5.466314399035883120e-01,5.973698419025752493e-01,2.938336807041461163e-01,6.164932818733294129e-01,6.822836139721958348e-01,7.282633153815140092e-01,1.000000000000000000e+00,5.532516197283794401e-01,6.790032863244228611e-01,7.460263191628453416e-01,5.726696942842158800e-01,4.335779580640024555e-01,6.987988072659437888e-01,5.311668159285954927e-01,4.478060749489716774e-01,6.486980090285241474e-01,6.017041625637181701e-01,5.429518119216407701e-01
7.650666371009822164e-01,8.003842982018610774e-01,3.259124302569933462e-01,-1.863670974150432591e-01,4.766584875180687741e-01,6.815783847456288180e-01,5.754346485117112220e-02,-3.080550980215743251e-01,6.944934549732162399e-01,8.105838722244722572e-01,4.248434976053214185e-01,3.035701379885683004e-01,3.146172267074178602e-02,6.243470144697882418e-01,5.120007455123406492e-01,7.916623187804943118e-01,1.188865340541920973e-01,2.764318922971371606e-01,-1.304107512637250887e-02,4.279205451767367219e-01,3.426466737535749374e-01,2.768752267358932095e-01,6.431268735492503552e-01,3.919013447725607224e-01,6.637480569059693858e-01,8.506040982163820541e-01,6.469628049129262370e-01,5.532516197283794401e-01,1.000000000000000000e+00,8.149945310878812244e-01,5.949009535926413905e-01,8.409108588238828341e-01,6.215190419986316162e-01,3.703869202231160895e-01,6.799285983234241160e-01,3.976660387080202530e-01,7.283208271025450875e-01,7.217087051637248729e-01,6.641931102499538664e-01
8.376537375154767817e-01,7.849131252843589701e-01,5.261174575468717807e-01,-2.982006738156585124e-01,6.479007468829877103e-01,6.961540927684295443e-01,2.056509563029057866e-02,-5.073144405281062586e-01,8.249658445701285592e-01,9.002853585482465393e-01,5.167920991168880596e-01,4.693561196565151916e-01,8.583706992132209002e-02,7.244517932877544419e-01,6.021739811807862441e-01,8.925309689964395776e-01,3.348744597295270631e-01,2.417979271837620847e-01,1.601800711249913578e-01,5.706875129308388583e-01,3.950187413569188344e-01,5.511874863011900771e-01,7.424611596206598385e-01,4.528723217874487394e-01,7.653105499172661030e-01,8.086292433668275104e-01,7.696520098983219427e-01,6.790032863244228611e-01,8.149945310878812244e-01,1.000000000000000000e+00,7.761427680530199602e-01,7.810243249917647734e-01,6.130590012565467761e-01,5.964011530952391116e-01,6.317606110841271772e-01,5.517045773666119368e-01,7.415978061235016794e-01,7.899701404474425148e-01,7.822047782705607855e-01
7.170644058581997493e-01,6.405389056500980782e-01,6.903574408767073622e-01,-5.608759600609559692e-01,8.547764533064339254e-01,5.815224974759483079e-01,-1.460792444812940849e-01,-6.859952393488336631e-01,8.671670838722908004e-01,7.366078247445583260e-01,6.695569760072550558e-01,6.228186713136982799e-01,6.170719704959636009e-02,8.000732713972908972e-01,7.026185029829491446e-01,7.370825819804830425e-01,5.572529540443598162e-01,2.530918526557348613e-01,4.094654085953676748e-01,5.882591888708045280e-01,2.792318071707138305e-01,5.923646366662632667e-01,6.854944728093499418e-01,4.892605694721865461e-01,7.368709065697699456e-01,7.148499423724659074e-01,8.416303125411391806e-01,7.460263191628453416e-01,5.949009535926413905e-01,7.761427680530199602e-01,1.000000000000000000e+00,7.235572384566585358e-01,4.708860857214631213e-01,8.544560803290957018e-01,4.913038289190240215e-01,6.342029246066868131e-01,6.899060210483733968e-01,7.140273271544058664e-01,7.144793254568737595e-01
8.209250570853529050e-01,7.773018599353969105e-01,3.955546996315104091e-01,-4.301868333575979420e-01,6.034219515601666473e-01,7.347436646250377068e-01,-1.543016966339106066e-01,-3.759260349768308029e-01,8.206553360858762636e-01,7.955381738315634443e-01,5.679751596183748585e-01,5.588535382119993455e-01,1.130471014112451184e-01,7.100227500032245675e-01,6.765841773775862489e-01,8.017960535986545789e-01,3.618670484846822633e-01,3.061779273867805129e-01,1.413599561840299390e-01,4.672784343088703940e-01,1.784588873338242010e-01,4.117114960485817599e-01,7.060795269070314628e-01,4.957528618161777256e-01,7.162619435470395368e-01,8.355952856416551944e-01,8.040683455038221128e-01,5.726696942842158800e-01,8.409108588238828341e-01,7.810243249917647734e-01,7.235572384566585358e-01,1.000000000000000000e+00,5.339270703987086808e-01,5.792904119108173155e-01,5.878423861788819593e-01,5.115394153769855512e-01,7.831622228615875425e-01,7.991027128581356109e-01,7.166537239254504588e-01
3.506696068517158871e-01,3.613260405999891289e-01,5.601484942373037290e-01,-7.061772782632926015e-02,5.114259852841956944e-01,7.567868418470360403e-01,-7.143818868864186544e-02,-5.248101394053181767e-01,4.391852679203178123e-01,5.661566503712870402e-01,1.909625317104622910e-01,4.940846779967629776e-01,3.871180542872623143e-01,5.427847045971644357e-01,4.073014899729388016e-01,5.460397035840148794e-01,-7.270069514305567415e-02,4.471554749740564993e-01,1.272097911556834271e-01,5.566624201397878391e-01,7.095137259070087854e-01,4.069598257315839573e-01,6.570656589243080159e-01,5.129325217903537570e-01,6.955417976661362189e-01,5.399848479693672987e-01,4.775518918851202610e-01,4.335779580640024555e-01,6.215190419986316162e-01,6.130590012565467761e-01,4.708860857214631213e-01,5.339270703987086808e-01,1.000000000000000000e+00,4.043161300248679368e-01,7.487592963895065568e-01,5.689871692729503438e-01,6.421091055643143308e-01,4.388904225197310938e-01,6.039055097919689974e-01
5.153984371139921361e-01,4.185108694051596911e-01,7.540799456761253516e-01,-6.057376667524032587e-01,8.754802665607710477e-01,5.217897541376638193e-01,-2.567854533111474935e-01,-7.509911824719492923e-01,7.808317464069189917e-01,5.861079444538823680e-01,5.827422267057793537e-01,7.129110919644675581e-01,2.133726419375193417e-01,7.410536134825664867e-01,7.113314411717183150e-01,5.851299060833959897e-01,6.170840379000213094e-01,2.195578927287126780e-01,4.744177181439973578e-01,6.079524251517686162e-01,2.460293177222081518e-01,6.168596973872280120e-01,6.724232612918911167e-01,5.303452772889295508e-01,7.198256332534351820e-01,5.202687550931047733e-01,7.669597885208329080e-01,6.987988072659437888e-01,3.703869202231160895e-01,5.964011530952391116e-01,8.544560803290957018e-01,5.792904119108173155e-01,4.043161300248679368e-01,1.000000000000000000e+00,3.866292915833591248e-01,6.963438433438623454e-01,6.316841534884678477e-01,6.282213339112334705e-01,6.634132386821979255e-01
4.036077005273169815e-01,4.516813021175032361e-01,5.411640816074509974e-01,-1.390544864559161986e-01,5.091693423659414686e-01,7.129451644975325353e-01,-6.970091023802828245e-02,-5.336702888387445665e-01,4.747968450946797869e-01,5.945205225427239171e-01,1.902044001587064881e-01,3.231722306292110214e-01,2.452220869964463756e-01,7.079833499921361906e-01,4.019004078651393086e-01,5.971669134944006530e-01,1.167854908989775231e-02,2.994105282049938088e-01,1.199066990929135712e-01,3.976364889095939659e-01,5.559979881991113926e-01,3.286991451477348503e-01,7.425060487011240218e-01,5.324648903383627507e-01,7.231958128796373009e-01,5.915791842519690924e-01,5.167512302010868197e-01,5.311668159285954927e-01,6.799285983234241160e-01,6.317606110841271772e-01,4.913038289190240215e-01,5.878423861788819593e-01,7.487592963895065568e-01,3.866292915833591248e-01,1.000000000000000000e+00,5.636798436053149786e-01,8.163088686523172210e-01,4.363231463501615615e-01,5.424627147746864386e-01
3.781834639217254712e-01,3.343090765888728777e-01,6.800871200987519405e-01,-4.743332640350803042e-01,7.236932080693316838e-01,6.733121775591156544e-01,-4.000191186279151712e-01,-6.892888027992043476e-01,5.987445196365136502e-01,5.071685736510989084e-01,4.272226644271189255e-01,6.449771581866543535e-01,2.881732028117388045e-01,8.050021587277870205e-01,5.272944076254233448e-01,5.105857216122476894e-01,4.236222270984445482e-01,1.580079294580536420e-01,2.747102880804860869e-01,3.776653839832549986e-01,3.495345877183379524e-01,4.283628231932312680e-01,7.350720420603035210e-01,6.128306848621726255e-01,7.523124854850882226e-01,3.830792892880843237e-01,5.610966971697561867e-01,4.478060749489716774e-01,3.976660387080202530e-01,5.517045773666119368e-01,6.342029246066868131e-01,5.115394153769855512e-01,5.689871692729503438e-01,6.963438433438623454e-01,5.636798436053149786e-01,1.000000000000000000e+00,6.948079192098921553e-01,5.264371931718965225e-01,6.695021004218809635e-01
6.270335312634828240e-01,6.213529938615407477e-01,5.891181108544536471e-01,-3.618432186240927995e-01,6.778431258989152663e-01,7.998929352608398213e-01,-1.914970748121117283e-01,-5.777592713845771666e-01,7.279190351571507289e-01,7.289528033535405127e-01,3.795267269315129588e-01,5.436904212572148953e-01,2.915676005161751960e-01,8.532212983504244841e-01,6.037497959256769020e-01,7.399313745884540383e-01,3.054976358849812446e-01,2.914785937811532612e-01,2.373786621980620293e-01,4.940173599910359092e-01,3.578133685987343604e-01,4.640830783427279949e-01,8.542335734333161845e-01,6.050186698023651832e-01,8.297616394546871721e-01,6.763986673789449400e-01,7.052960729675376017e-01,6.486980090285241474e-01,7.283208271025450875e-01,7.415978061235016794e-01,6.899060210483733968e-01,7.831622228615875425e-01,6.421091055643143308e-01,6.316841534884678477e-01,8.163088686523172210e-01,6.948079192098921553e-01,1.000000000000000000e+00,6.439609866986503173e-01,6.925288218711215249e-01
8.091738309359667314e-01,7.392992111117737686e-01,4.159666250411150901e-01,-4.397103952885924039e-01,5.911530343576790747e-01,5.595885090526473427e-01,-2.330698620509192853e-01,-4.027133225295476127e-01,8.150216472257543199e-01,8.485473205674717301e-01,5.970728411271575276e-01,5.913263354928841586e-01,-2.634812414993008972e-03,6.254082470865471866e-01,6.578185109278427145e-01,8.348067437168220639e-01,4.872369145963394987e-01,1.020135568538678983e-01,6.546446902061830997e-02,4.713930914434159569e-01,1.321471640755810251e-01,3.652083137602326612e-01,6.706825987679417844e-01,3.838515049837645798e-01,7.353323777125536642e-01,7.998573038207918984e-01,8.314478412611243652e-01,6.017041625637181701e-01,7.217087051637248729e-01,7.899701404474425148e-01,7.140273271544058664e-01,7.991027128581356109e-01,4.388904225197310938e-01,6.282213339112334705e-01,4.363231463501615615e-01,5.264371931718965225e-01,6.439609866986503173e-01,1.000000000000000000e+00,8.640695920368683947e-01
6.877881567161927556e-01,6.202256803869570234e-01,5.457620861024214953e-01,-3.522031325292652171e-01,6.941231581513530591e-01,6.403864776981630369e-01,-3.106789993592837251e-01,-5.375399124760397163e-01,7.850024105263351260e-01,8.221914862034712668e-01,5.284035699622061655e-01,6.934370456526094406e-01,1.462447174213770407e-01,7.010426285585558137e-01,5.558896222631745099e-01,7.751384455184452404e-01,3.727691673242657378e-01,1.861563791877597906e-01,1.329763125052673411e-01,4.841467196720053989e-01,3.167819542568927060e-01,3.885211937066646581e-01,7.299868818254109382e-01,4.351607558458457925e-01,8.271907347211611139e-01,6.705408374656067760e-01,7.695414546681343948e-01,5.429518119216407701e-01,6.641931102499538664e-01,7.822047782705607855e-01,7.144793254568737595e-01,7.166537239254504588e-01,6.039055097919689974e-01,6.634132386821979255e-01,5.424627147746864386e-01,6.695021004218809635e-01,6.925288218711215249e-01,8.640695920368683947e-01,1.000000000000000000e+00
