1.000000000000000000e+00,5.854087465150963343e-01,4.364793348229852876e-01,-5.086996115829944820e-01,6.603684895933030763e-01,1.664148283170336154e-02,1.631397051015147093e-01,-4.613113790461382813e-01,5.866854038410428407e-01,6.524763666545496665e-01,2.509401140456152257e-01,1.892758983884304524e-01,-4.624500530845124802e-01,4.903781359299113629e-01,1.282306936139234188e-01,6.274772847559267897e-01,4.366537547534208308e-01,2.725005490212147885e-01,-1.011825517969147520e-01,1.799767183069853893e-01,4.915264476920869034e-04,6.195725844473114197e-02,4.802528476518138634e-01,4.089859332953829085e-01,1.265244254963352744e-01,7.202458766122611378e-01,5.506805709600551824e-01,5.957121578699460240e-01,5.358271304786375033e-01,5.827833975838770941e-01,6.040230533918069522e-01,6.717917393004985138e-01,4.450869297807110159e-01,4.568102580242593969e-01,5.799688090321578615e-01,6.292925630611824195e-01,5.180564379433285627e-01,6.841548119808020800e-01,4.617559936914981122e-01
5.854087465150963343e-01,1.000000000000000000e+00,5.632843450918856298e-01,-3.006703014185879708e-01,7.417286178023397847e-01,1.503439586420003415e-01,-5.097563383098921430e-02,-5.636586504545435528e-01,6.588483755411784770e-01,7.591597148438130604e-01,3.930997992772035099e-01,1.749619391195829654e-01,-3.372226131783684355e-01,5.459274077817714010e-01,4.804966204274423169e-02,7.005435088812640432e-01,4.178203296815586332e-01,4.901482323646841888e-01,1.204722007061509725e-01,1.237068757342529163e-01,1.877216299339269368e-01,2.563665201645938252e-01,5.945941421654336034e-01,4.625567766212323462e-01,3.080722969673728162e-01,4.968141245025770036e-01,5.448224662168771326e-01,3.877044007748007282e-01,5.448552698240254344e-01,5.139073291489777429e-01,7.384659440081737802e-01,7.454707503478295028e-01,4.800066838897725230e-01,5.745261684967313265e-01,5.851798192101894669e-01,5.176550410387348311e-01,5.849918794118060816e-01,4.871417457665274120e-01,4.243510704908830533e-01
4.364793348229852876e-01,5.632843450918856298e-01,1.000000000000000000e+00,-2.099125693124156145e-01,6.551326131456993718e-01,4.826078250358525890e-01,2.846962605418701386e-01,-8.854334009013631324e-01,4.768340184437352969e-01,4.870473283264560305e-01,4.751466914131224906e-01,8.522387354053032743e-03,-2.271941169621353659e-02,5.847174766081741915e-01,-7.465190138000094011e-02,4.982601884944347637e-01,5.811956551821929606e-01,5.359876319288949809e-01,4.777042289396730701e-01,1.487015344699976205e-01,5.627634283051654585e-01,4.270510707660565841e-01,3.601165020433050867e-01,2.875273638545234323e-01,4.991695635243041385e-01,3.128159182736267585e-01,3.633119790744375188e-01,2.851051312811583305e-01,6.145422018245251250e-01,1.628664252743125818e-01,6.087372868756650846e-01,6.700473115538182478e-01,5.153444744153444779e-01,5.118110578064408722e-01,5.600163640175469526e-01,3.630700610101205150e-01,6.034014856791218850e-01,4.759987390787605022e-01,4.122165530193224736e-01
-5.086996115829944820e-01,-3.006703014185879708e-01,-2.099125693124156145e-01,1.000000000000000000e+00,-4.580210775736114903e-01,2.952270150922259306e-01,-3.560161140068381913e-01,3.481512114891040510e-01,-3.073636976803534315e-01,-2.771385028873960543e-01,1.141744853003874155e-01,-7.020845881505023423e-01,1.870027497335801508e-02,-5.747394082439748891e-02,-6.698438300092554032e-01,-2.441572895486116002e-01,6.584434363166340176e-02,2.062310013914300522e-01,4.335534731759188021e-01,-6.294071410330097649e-01,-2.144836345356623472e-02,-4.109175151793139635e-01,-5.877778294757552979e-01,-3.888470548203037946e-01,-1.601635207881283232e-02,-7.785848014957719165e-01,-7.130709293037209573e-01,-8.404531630603688797e-01,-1.013988013671042326e-01,-5.994119225543360630e-01,-5.691134585237983545e-01,-4.106746277044884819e-01,-6.432278519003258310e-01,-5.745268467997576289e-01,-1.043523011935499761e-01,-2.769598179421451922e-01,-3.626085154919894693e-02,-4.129569172286536305e-01,-5.012121889571282685e-01
6.603684895933030763e-01,7.417286178023397847e-01,6.551326131456993718e-01,-4.580210775736114903e-01,1.000000000000000000e+00,1.426276546398467238e-01,1.507330385767955555e-02,-6.795012104042039702e-01,8.055295310952175214e-01,7.196953445553077033e-01,3.526246914897151474e-01,2.028187632597899248e-01,-3.982509594644128015e-01,5.209416259244807890e-01,6.982616893764308219e-02,6.686408628565791989e-01,4.035119216298055367e-01,5.110866476511588541e-01,1.053680591696446456e-01,2.163730474426075190e-01,2.692102429216410853e-01,2.342374445368070046e-01,5.459480121161295330e-01,2.771349619555673605e-01,2.604688025996867995e-01,6.154106493094925190e-01,6.364693255951066053e-01,5.668161202179089475e-01,5.883715416666617237e-01,6.604740577300486359e-01,7.877157191679138304e-01,7.771151022434464872e-01,6.600529017277255717e-01,5.158536732306995276e-01,4.750999607680230774e-01,6.235699455222160070e-01,5.003184058889185160e-01,6.215643597834940026e-01,4.528150798351024409e-01
1.664148283170336154e-02,1.503439586420003415e-01,4.826078250358525890e-01,2.952270150922259306e-01,1.426276546398467238e-01,1.000000000000000000e+00,1.369291179008639836e-01,-3.925911236057050280e-01,5.484122063588556945e-02,1.859235732229460591e-01,6.914716411044570243e-01,-5.017946681786195073e-01,3.882246949590651558e-02,2.868013337573253052e-01,-5.364415990018239766e-01,2.201345192270155737e-01,6.930968471903314887e-01,3.786482441044492497e-01,5.751708081007976814e-01,-4.118857644012369201e-01,2.037433761867322168e-01,-5.886655863613510925e-02,-8.668147263419377635e-02,-5.107337005267249125e-02,6.642222053075164112e-01,-2.160091153086267646e-01,-2.310245097006973503e-01,-3.077203490268444197e-01,5.297552994213309274e-01,-3.728043444435298892e-01,7.025601407334271242e-02,3.309552592372534408e-01,-1.270895153753820450e-01,3.504510962031620602e-02,3.740520782854260817e-01,1.757889926273516479e-01,5.817282517879837078e-01,5.318707052603514895e-02,-1.109340426195010026e-01
1.631397051015147093e-01,-5.097563383098921430e-02,2.846962605418701386e-01,-3.560161140068381913e-01,1.507330385767955555e-02,1.369291179008639836e-01,1.000000000000000000e+00,-3.499569533139939015e-01,-2.122821191048151757e-01,-1.737813518403750757e-01,-2.678762628887897818e-02,2.954072483121281678e-01,4.716124057301996908e-01,-1.035351410200273242e-01,3.358477504588917029e-01,-9.508455271386545560e-02,1.721340304336441696e-01,-2.258602898585710395e-01,4.998981991385381685e-02,3.834423082996689658e-01,2.240467682484377498e-01,4.346449825865575378e-01,8.751542349591202863e-02,1.974479462199719704e-01,1.098764369966584442e-01,2.720527790194305351e-01,2.244545681315645858e-01,2.991810760157008198e-01,9.975857586120134846e-02,-1.720091034657479923e-01,1.589196339205274922e-01,1.722310595375929343e-01,2.212842598951166584e-01,3.544535626853030363e-01,8.232913325407090199e-02,-1.108182596291548139e-01,9.270019916721827791e-02,1.335759273348662568e-01,2.124760590857531772e-01
-4.613113790461382813e-01,-5.636586504545435528e-01,-8.854334009013631324e-01,3.481512114891040510e-01,-6.795012104042039702e-01,-3.925911236057050280e-01,-3.499569533139939015e-01,1.000000000000000000e+00,-4.698903563609704293e-01,-4.606626416966951854e-01,-3.809850104144634209e-01,-1.472972195743790236e-01,-2.382443489987948887e-02,-5.081666184695883270e-01,-6.262307721414846207e-02,-4.723507003816004302e-01,-4.903479670862969653e-01,-4.374860110086908338e-01,-3.576780076772044792e-01,-2.534227253564128035e-01,-5.428121684970619309e-01,-4.947649513884582184e-01,-4.117748715938894799e-01,-3.131969270596197119e-01,-4.382713457895386355e-01,-4.135940360394109727e-01,-4.563328016941742837e-01,-4.055220273277050369e-01,-5.763946306231405581e-01,-2.445317286779308263e-01,-6.423995641911998122e-01,-6.804871313243168185e-01,-5.780791600828036891e-01,-5.641708932401795495e-01,-5.036673185052814583e-01,-3.606291585893656726e-01,-5.440672594024115183e-01,-4.782527309020975226e-01,-4.387322047685375814e-01
5.866854038410428407e-01,6.588483755411784770e-01,4.768340184437352969e-01,-3.073636976803534315e-01,8.055295310952175214e-01,5.484122063588556945e-02,-2.122821191048151757e-01,-4.698903563609704293e-01,1.000000000000000000e+00,6.972857656980393504e-01,3.509116197602431542e-01,6.707269496695564270e-02,-5.316439303926743243e-01,5.406204039223793112e-01,-5.375275322075271506e-02,5.932061404980373265e-01,3.355353265119965234e-01,5.116829456554531363e-01,7.121038663349102404e-02,5.043781312115282189e-02,2.157111053725810079e-01,-8.384388521819345977e-03,4.669652933142438012e-01,1.670883930610480572e-01,1.580870247271344287e-01,4.547024190787199993e-01,4.579053370400762435e-01,4.274731456090597459e-01,4.606128841589009482e-01,6.985924789685032943e-01,6.300401603516598836e-01,6.026306614411958140e-01,5.641548147633586030e-01,3.159234503653414738e-01,3.817778340986923702e-01,5.880816914126359984e-01,3.878392734111463791e-01,6.162743140196558222e-01,3.962962368478034625e-01
6.524763666545496665e-01,7.591597148438130604e-01,4.870473283264560305e-01,-2.771385028873960543e-01,7.196953445553077033e-01,1.859235732229460591e-01,-1.737813518403750757e-01,-4.606626416966951854e-01,6.972857656980393504e-01,1.000000000000000000e+00,4.996803908382822512e-01,2.924537152968629400e-02,-5.667551691926672186e-01,5.378744754980914200e-01,-8.910017138230511002e-02,8.288242702487814695e-01,4.747510525472277143e-01,5.253605047245665238e-01,9.695672238918096042e-02,7.170270410198876024e-03,1.064997449000284618e-01,5.592065573667599071e-02,6.052675137335380429e-01,4.376209060499686720e-01,3.868308399178739809e-01,5.198132962237039800e-01,4.953067485057216501e-01,3.777295354616884149e-01,5.575164872948301653e-01,5.628558830615891795e-01,6.746181735983033390e-01,7.357684753854070170e-01,3.929096221669534095e-01,3.822243210640767219e-01,5.897797479443107616e-01,6.990188490585188541e-01,6.294480064440904910e-01,5.808848894970302101e-01,3.925720296241480556e-01
2.509401140456152257e-01,3.930997992772035099e-01,4.751466914131224906e-01,1.141744853003874155e-01,3.526246914897151474e-01,6.914716411044570243e-01,-2.678762628887897818e-02,-3.809850104144634209e-01,3.509116197602431542e-01,4.996803908382822512e-01,1.000000000000000000e+00,-3.269594463316240485e-01,-2.269675431344573002e-01,4.968613986572932850e-01,-3.903220887779608184e-01,3.919522212586060705e-01,7.485103762228861868e-01,5.491600417605141393e-01,4.707351864151325671e-01,-2.723641511137960824e-01,2.396839438017127344e-01,-3.069909662122967051e-02,2.673775038367803281e-01,2.008203094995110183e-01,7.098003181070077217e-01,4.267561946240228110e-02,3.923593977711879732e-02,-6.082343583207110854e-02,4.901912434954588949e-01,-5.741176730213916335e-02,3.443941761456231765e-01,4.361041066916832021e-01,1.319484201912881904e-01,1.800498948644332353e-01,4.596886857170659479e-01,3.239568577470055555e-01,5.924522005181381834e-01,3.582821863008491259e-01,1.997938284237848749e-01
1.892758983884304524e-01,1.749619391195829654e-01,8.522387354053032743e-03,-7.020845881505023423e-01,2.028187632597899248e-01,-5.017946681786195073e-01,2.954072483121281678e-01,-1.472972195743790236e-01,6.707269496695564270e-02,2.924537152968629400e-02,-3.269594463316240485e-01,1.000000000000000000e+00,2.517053838371093866e-01,-1.479122934019926061e-01,8.873528270673578522e-01,-4.002053003737034848e-02,-3.569600454103121212e-01,-3.302925008543656782e-01,-5.165195183245656629e-01,7.834960409375683055e-01,1.615857607245327343e-02,6.094577570555642643e-01,5.356258733230008229e-01,3.486764807403189281e-01,-1.345780145040171849e-01,6.137716347186077392e-01,6.861326060902839252e-01,6.890788314023443828e-01,-2.444954437021215898e-01,4.077413626891068787e-01,3.912745046419628392e-01,1.384958597731620611e-01,5.252260430742928810e-01,5.092781701546512663e-01,-1.427321587830782668e-01,-7.222804892394449339e-02,-2.832180148181702717e-01,2.197263539686672984e-01,5.432395166544071730e-01
-4.624500530845124802e-01,-3.372226131783684355e-01,-2.271941169621353659e-02,1.870027497335801508e-02,-3.982509594644128015e-01,3.882246949590651558e-02,4.716124057301996908e-01,-2.382443489987948887e-02,-5.316439303926743243e-01,-5.667551691926672186e-01,-2.269675431344573002e-01,2.517053838371093866e-01,1.000000000000000000e+00,-3.371885780097134133e-01,3.193266711726505114e-01,-5.006758568672714516e-01,-1.800797605939133128e-01,-4.089743428541541825e-01,-1.090019870290974240e-02,2.305350172220680949e-01,2.285731300916938880e-01,4.193533900333348829e-01,-1.474722123236237581e-01,-5.046006914434181256e-02,1.470988726838506205e-02,-2.443281151138874119e-01,-1.227069525602591943e-01,-1.285752412737829475e-01,-2.807895259676128075e-01,-4.707666895267212936e-01,-2.483252738497892520e-01,-2.654032435347236651e-01,-1.567876851492056370e-02,9.016915672528001691e-02,-2.755099060322987459e-01,-5.642537165260628207e-01,-2.891160544164813606e-01,-3.809848170906559583e-01,-5.968506301492308014e-02
4.903781359299113629e-01,5.459274077817714010e-01,5.847174766081741915e-01,-5.747394082439748891e-02,5.209416259244807890e-01,2.868013337573253052e-01,-1.035351410200273242e-01,-5.081666184695883270e-01,5.406204039223793112e-01,5.378744754980914200e-01,4.968613986572932850e-01,-1.479122934019926061e-01,-3.371885780097134133e-01,1.000000000000000000e+00,-1.972067923606904138e-01,4.674921950962281358e-01,5.541082682927778169e-01,5.850403711076775926e-01,3.759001755834396330e-01,-3.696600657203559515e-02,2.876934283573021611e-01,6.296175384044946921e-02,3.594374296454790896e-01,3.661954807213783081e-01,4.019140337542994046e-01,1.985876467062588357e-01,1.580469181176530624e-01,1.468515600041082891e-01,4.605376872693714985e-01,2.496279225874282193e-01,4.439060468853100461e-01,4.926048911014427878e-01,3.703071886377456434e-01,4.571305071088883065e-01,6.563614101249678479e-01,3.974364065858485007e-01,5.494573664015858228e-01,4.606274868705975689e-01,4.063014014750298553e-01
1.282306936139234188e-01,4.804966204274423169e-02,-7.465190138000094011e-02,-6.698438300092554032e-01,6.982616893764308219e-02,-5.364415990018239766e-01,3.358477504588917029e-01,-6.262307721414846207e-02,-5.375275322075271506e-02,-8.910017138230511002e-02,-3.903220887779608184e-01,8.873528270673578522e-01,3.193266711726505114e-01,-1.972067923606904138e-01,1.000000000000000000e+00,-1.470211579315124639e-01,-4.074731123821766499e-01,-4.299484921363576073e-01,-5.236095561210346583e-01,7.758690560897520960e-01,-1.006961504270220426e-03,5.846720436993487757e-01,4.720276961646191483e-01,3.311138355813914025e-01,-1.774727820077568463e-01,5.425808048039163500e-01,5.942181528172307825e-01,6.351540837190040589e-01,-3.368438022722292091e-01,3.226204830574448401e-01,2.740983247556988411e-01,2.560050750934118532e-02,4.562464561642605720e-01,4.512161680154909704e-01,-1.909674003204130666e-01,-1.707792085393547432e-01,-3.618369520616731005e-01,1.504548562254097721e-01,5.003395528773499912e-01
6.274772847559267897e-01,7.005435088812640432e-01,4.982601884944347637e-01,-2.441572895486116002e-01,6.686408628565791989e-01,2.201345192270155737e-01,-9.508455271386545560e-02,-4.723507003816004302e-01,5.932061404980373265e-01,8.288242702487814695e-01,3.919522212586060705e-01,-4.002053003737034848e-02,-5.006758568672714516e-01,4.674921950962281358e-01,-1.470211579315124639e-01,1.000000000000000000e+00,4.484501882000301864e-01,4.937342592415574494e-01,1.283911981155905213e-01,-1.207019407697008939e-02,1.268638976548387698e-01,4.610968715500660120e-02,4.739766316882263464e-01,3.843856410957004477e-01,3.067026545404591964e-01,4.598436936577272593e-01,4.188514822096398027e-01,3.324976861042803766e-01,6.440708900811547011e-01,4.962377288127190478e-01,6.140561942666395989e-01,7.619367164064921871e-01,3.246534843926657254e-01,3.627062850011037454e-01,6.122723270195451484e-01,7.288122078100173207e-01,6.893961307909435288e-01,4.170939641677829934e-01,2.007109626898408161e-01
4.366537547534208308e-01,4.178203296815586332e-01,5.811956551821929606e-01,6.584434363166340176e-02,4.035119216298055367e-01,6.930968471903314887e-01,1.721340304336441696e-01,-4.903479670862969653e-01,3.355353265119965234e-01,4.747510525472277143e-01,7.485103762228861868e-01,-3.569600454103121212e-01,-1.800797605939133128e-01,5.541082682927778169e-01,-4.074731123821766499e-01,4.484501882000301864e-01,1.000000000000000000e+00,4.653984225908755490e-01,4.852238887547931645e-01,-2.735588045773519328e-01,1.991148888287091467e-01,-6.305066833639796919e-02,1.673668563192931280e-01,1.704322589767265639e-01,5.616544811852054453e-01,1.188558382899736199e-01,5.923678927054953913e-02,-2.557116115079344568e-02,6.725386022294561617e-01,-6.930548979508532881e-02,3.490459955782284074e-01,5.515759433424054503e-01,1.084374029361340752e-01,2.456667362717649405e-01,6.202485055662673163e-01,3.823165204553451990e-01,7.038871245379728636e-01,4.366138354963368107e-01,1.891920945936284015e-01
2.725005490212147885e-01,4.901482323646841888e-01,5.359876319288949809e-01,2.062310013914300522e-01,5.110866476511588541e-01,3.786482441044492497e-01,-2.258602898585710395e-01,-4.374860110086908338e-01,5.116829456554531363e-01,5.253605047245665238e-01,5.491600417605141393e-01,-3.302925008543656782e-01,-4.089743428541541825e-01,5.850403711076775926e-01,-4.299484921363576073e-01,4.937342592415574494e-01,4.653984225908755490e-01,1.000000000000000000e+00,5.911500534468172585e-01,-1.923818083758237207e-01,3.916019110293046390e-01,1.092535444942637152e-03,1.563936627527627299e-01,9.873477086266670144e-02,3.719621715726369460e-01,3.296483499343177276e-02,7.374761260424991804e-02,-3.234643305956288323e-02,4.884663893870404006e-01,1.396097042460935078e-01,3.919431084274371258e-01,4.298507582677871253e-01,2.185121601305848593e-01,1.322296071756929314e-01,4.735211939171107276e-01,3.997107433478745420e-01,5.278300052983613266e-01,3.274938578257491351e-01,1.129495248792032891e-01
-1.011825517969147520e-01,1.204722007061509725e-01,4.777042289396730701e-01,4.335534731759188021e-01,1.053680591696446456e-01,5.751708081007976814e-01,4.998981991385381685e-02,-3.576780076772044792e-01,7.121038663349102404e-02,9.695672238918096042e-02,4.707351864151325671e-01,-5.165195183245656629e-01,-1.090019870290974240e-02,3.759001755834396330e-01,-5.236095561210346583e-01,1.283911981155905213e-01,4.852238887547931645e-01,5.911500534468172585e-01,1.000000000000000000e+00,-3.139899155295083344e-01,4.395484643397499225e-01,3.314936333975308097e-02,-1.914999538188097983e-01,-9.016877719009216974e-02,3.752334927149734711e-01,-3.368435870754440398e-01,-2.530891459801136167e-01,-3.842602823059096950e-01,3.491387945006806937e-01,-3.805930484888303544e-01,7.267358161115346216e-02,1.598266119679411790e-01,-7.908813642075021577e-02,-5.519624075402367047e-02,3.295657171164634303e-01,-1.033388815614523157e-02,3.926993192819020484e-01,6.302184399716830032e-02,-7.605419765954872513e-02
1.799767183069853893e-01,1.237068757342529163e-01,1.487015344699976205e-01,-6.294071410330097649e-01,2.163730474426075190e-01,-4.118857644012369201e-01,3.834423082996689658e-01,-2.534227253564128035e-01,5.043781312115282189e-02,7.170270410198876024e-03,-2.723641511137960824e-01,7.834960409375683055e-01,2.305350172220680949e-01,-3.696600657203559515e-02,7.758690560897520960e-01,-1.207019407697008939e-02,-2.735588045773519328e-01,-1.923818083758237207e-01,-3.139899155295083344e-01,1.000000000000000000e+00,2.346744272815895482e-01,6.896448846456423309e-01,5.043327742402358149e-01,4.033440037868626371e-01,-9.732801992610834452e-02,5.578757374372786959e-01,6.129481453422960247e-01,6.818149012068356329e-01,-2.191759937192644669e-01,3.201194336027866627e-01,4.259513300647801426e-01,1.612571000593837900e-01,5.969531376991111804e-01,4.998346249623003001e-01,-1.054722134719693477e-01,-1.000957023371593646e-01,-2.393056489184242352e-01,2.251775603371080903e-01,5.277577685786893902e-01
4.915264476920869034e-04,1.877216299339269368e-01,5.627634283051654585e-01,-2.144836345356623472e-02,2.692102429216410853e-01,2.037433761867322168e-01,2.240467682484377498e-01,-5.428121684970619309e-01,2.157111053725810079e-01,1.064997449000284618e-01,2.396839438017127344e-01,1.615857607245327343e-02,2.285731300916938880e-01,2.876934283573021611e-01,-1.006961504270220426e-03,1.268638976548387698e-01,1.991148888287091467e-01,3.916019110293046390e-01,4.395484643397499225e-01,2.346744272815895482e-01,1.000000000000000000e+00,4.545677232762423414e-01,2.200472196524236312e-01,1.620610468324728271e-01,2.364291259568827575e-01,-3.437602973888073676e-02,6.366950168575870317e-02,1.359222395073842737e-01,1.333533134661867015e-01,1.730627864250708359e-02,2.850281177808588473e-01,2.043629939488509351e-01,4.690518961499561823e-01,2.288927062548604119e-01,1.771366088921076665e-01,-3.342052303369779515e-02,1.670514421610433120e-01,9.987118825915249076e-02,1.631154605026157167e-01
6.195725844473114197e-02,2.563665201645938252e-01,4.270510707660565841e-01,-4.109175151793139635e-01,2.342374445368070046e-01,-5.886655863613510925e-02,4.346449825865575378e-01,-4.947649513884582184e-01,-8.384388521819345977e-03,5.592065573667599071e-02,-3.069909662122967051e-02,6.094577570555642643e-01,4.193533900333348829e-01,6.296175384044946921e-02,5.846720436993487757e-01,4.610968715500660120e-02,-6.305066833639796919e-02,1.092535444942637152e-03,3.314936333975308097e-02,6.896448846456423309e-01,4.545677232762423414e-01,1.000000000000000000e+00,4.436250094324258875e-01,4.210420284572067851e-01,1.973150277308933775e-01,3.872631215272191452e-01,5.495628539554296976e-01,4.403847108304634883e-01,-4.362484186962800603e-02,5.750020309506071597e-02,4.721213997670061224e-01,2.638318145981738416e-01,5.148678512551224662e-01,5.742991705855657880e-01,5.391375301127136060e-02,-1.217070540468453560e-01,-1.011471511356413187e-02,1.509093111873566762e-01,5.073398078872458639e-01
4.802528476518138634e-01,5.945941421654336034e-01,3.601165020433050867e-01,-5.877778294757552979e-01,5.459480121161295330e-01,-8.668147263419377635e-02,8.751542349591202863e-02,-4.117748715938894799e-01,4.669652933142438012e-01,6.052675137335380429e-01,2.673775038367803281e-01,5.356258733230008229e-01,-1.474722123236237581e-01,3.594374296454790896e-01,4.720276961646191483e-01,4.739766316882263464e-01,1.673668563192931280e-01,1.563936627527627299e-01,-1.914999538188097983e-01,5.043327742402358149e-01,2.200472196524236312e-01,4.436250094324258875e-01,1.000000000000000000e+00,5.988924019049661762e-01,3.902774587203299839e-01,6.219739097699097385e-01,6.508952035709761885e-01,6.495621570128728983e-01,1.082547378444443376e-01,5.627627103419944321e-01,6.736045444545254446e-01,5.243959875495937117e-01,6.568015695762086104e-01,6.004717134114585519e-01,3.225859975897379384e-01,2.980942190559469074e-01,2.217265693319042941e-01,4.785608688414937362e-01,6.244302398746426341e-01
4.089859332953829085e-01,4.625567766212323462e-01,2.875273638545234323e-01,-3.888470548203037946e-01,2.771349619555673605e-01,-5.107337005267249125e-02,1.974479462199719704e-01,-3.131969270596197119e-01,1.670883930610480572e-01,4.376209060499686720e-01,2.008203094995110183e-01,3.486764807403189281e-01,-5.046006914434181256e-02,3.661954807213783081e-01,3.311138355813914025e-01,3.843856410957004477e-01,1.704322589767265639e-01,9.873477086266670144e-02,-9.016877719009216974e-02,4.033440037868626371e-01,1.620610468324728271e-01,4.210420284572067851e-01,5.988924019049661762e-01,1.000000000000000000e+00,2.708040624885920677e-01,4.655676859615705543e-01,4.085613280481280585e-01,4.460657551042135904e-01,1.170996547253874698e-01,2.799717294788952593e-01,4.489185414824586329e-01,3.988766745702085892e-01,3.999499918437109947e-01,5.353193844049050076e-01,3.579644343488780911e-01,1.926166244038599318e-01,3.224084949861324434e-01,2.817189165511603255e-01,4.233722388093990041e-01
1.265244254963352744e-01,3.080722969673728162e-01,4.991695635243041385e-01,-1.601635207881283232e-02,2.604688025996867995e-01,6.642222053075164112e-01,1.098764369966584442e-01,-4.382713457895386355e-01,1.580870247271344287e-01,3.868308399178739809e-01,7.098003181070077217e-01,-1.345780145040171849e-01,1.470988726838506205e-02,4.019140337542994046e-01,-1.774727820077568463e-01,3.067026545404591964e-01,5.616544811852054453e-01,3.719621715726369460e-01,3.752334927149734711e-01,-9.732801992610834452e-02,2.364291259568827575e-01,1.973150277308933775e-01,3.902774587203299839e-01,2.708040624885920677e-01,1.000000000000000000e+00,6.811121196679582879e-02,9.270991992108713886e-02,4.298329618163461430e-03,3.478111675387762225e-01,-1.378620739218405777e-01,3.340388724180410884e-01,3.882461640688559812e-01,1.920556045236366527e-01,3.160031577357784172e-01,3.956574061056349345e-01,1.838388637344036958e-01,4.967349628525805638e-01,2.223340093797308292e-01,2.744784870686780565e-01
7.202458766122611378e-01,4.968141245025770036e-01,3.128159182736267585e-01,-7.785848014957719165e-01,6.154106493094925190e-01,-2.160091153086267646e-01,2.720527790194305351e-01,-4.135940360394109727e-01,4.547024190787199993e-01,5.198132962237039800e-01,4.267561946240228110e-02,6.137716347186077392e-01,-2.443281151138874119e-01,1.985876467062588357e-01,5.425808048039163500e-01,4.598436936577272593e-01,1.188558382899736199e-01,3.296483499343177276e-02,-3.368435870754440398e-01,5.578757374372786959e-01,-3.437602973888073676e-02,3.872631215272191452e-01,6.219739097699097385e-01,4.655676859615705543e-01,6.811121196679582879e-02,1.000000000000000000e+00,8.225202591234025418e-01,8.265493936292556132e-01,3.017495777622898889e-01,6.429344530678702263e-01,7.000158166025748363e-01,5.946650774175452625e-01,5.971043280595855762e-01,5.757895979243381479e-01,2.841132223512314314e-01,4.798320488091035174e-01,2.449211954809238645e-01,6.153872953700610937e-01,5.917516818888723940e-01
5.506805709600551824e-01,5.448224662168771326e-01,3.633119790744375188e-01,-7.130709293037209573e-01,6.364693255951066053e-01,-2.310245097006973503e-01,2.244545681315645858e-01,-4.563328016941742837e-01,4.579053370400762435e-01,4.953067485057216501e-01,3.923593977711879732e-02,6.861326060902839252e-01,-1.227069525602591943e-01,1.580469181176530624e-01,5.942181528172307825e-01,4.188514822096398027e-01,5.923678927054953913e-02,7.374761260424991804e-02,-2.530891459801136167e-01,6.129481453422960247e-01,6.366950168575870317e-02,5.495628539554296976e-01,6.508952035709761885e-01,4.085613280481280585e-01,9.270991992108713886e-02,8.225202591234025418e-01,1.000000000000000000e+00,7.473403464331914714e-01,2.298334310238297484e-01,5.917456381760011208e-01,7.700833652955882958e-01,5.797564042923671890e-01,6.491626335932503267e-01,6.166511832334912180e-01,2.143251307297521502e-01,3.609878282363618851e-01,1.561637859407256634e-01,5.588657754242818410e-01,6.496437738145277585e-01
5.957121578699460240e-01,3.877044007748007282e-01,2.851051312811583305e-01,-8.404531630603688797e-01,5.668161202179089475e-01,-3.077203490268444197e-01,2.991810760157008198e-01,-4.055220273277050369e-01,4.274731456090597459e-01,3.777295354616884149e-01,-6.082343583207110854e-02,6.890788314023443828e-01,-1.285752412737829475e-01,1.468515600041082891e-01,6.351540837190040589e-01,3.324976861042803766e-01,-2.557116115079344568e-02,-3.234643305956288323e-02,-3.842602823059096950e-01,6.818149012068356329e-01,1.359222395073842737e-01,4.403847108304634883e-01,6.495621570128728983e-01,4.460657551042135904e-01,4.298329618163461430e-03,8.265493936292556132e-01,7.473403464331914714e-01,1.000000000000000000e+00,1.382465514076524904e-01,6.886750889095342165e-01,6.431497598102478008e-01,4.753825612529453126e-01,7.249030367072574199e-01,5.628897073287308928e-01,1.424448696371870549e-01,3.541970556223675848e-01,7.396445250348128442e-02,4.877974598149621976e-01,5.345541496943081450e-01
5.358271304786375033e-01,5.448552698240254344e-01,6.145422018245251250e-01,-1.013988013671042326e-01,5.883715416666617237e-01,5.297552994213309274e-01,9.975857586120134846e-02,-5.763946306231405581e-01,4.606128841589009482e-01,5.575164872948301653e-01,4.901912434954588949e-01,-2.444954437021215898e-01,-2.807895259676128075e-01,4.605376872693714985e-01,-3.368438022722292091e-01,6.440708900811547011e-01,6.725386022294561617e-01,4.884663893870404006e-01,3.491387945006806937e-01,-2.191759937192644669e-01,1.333533134661867015e-01,-4.362484186962800603e-02,1.082547378444443376e-01,1.170996547253874698e-01,3.478111675387762225e-01,3.017495777622898889e-01,2.298334310238297484e-01,1.382465514076524904e-01,1.000000000000000000e+00,1.960157715363794739e-01,4.636090300556388044e-01,7.362714947748779659e-01,1.662063158243785310e-01,3.028023461637351921e-01,6.618698982460848868e-01,6.372071912472587751e-01,8.117986970653010559e-01,3.568775345208541339e-01,6.340551328492484429e-02
5.827833975838770941e-01,5.139073291489777429e-01,1.628664252743125818e-01,-5.994119225543360630e-01,6.604740577300486359e-01,-3.728043444435298892e-01,-1.720091034657479923e-01,-2.445317286779308263e-01,6.985924789685032943e-01,5.628558830615891795e-01,-5.741176730213916335e-02,4.077413626891068787e-01,-4.707666895267212936e-01,2.496279225874282193e-01,3.226204830574448401e-01,4.962377288127190478e-01,-6.930548979508532881e-02,1.396097042460935078e-01,-3.805930484888303544e-01,3.201194336027866627e-01,1.730627864250708359e-02,5.750020309506071597e-02,5.627627103419944321e-01,2.799717294788952593e-01,-1.378620739218405777e-01,6.429344530678702263e-01,5.917456381760011208e-01,6.886750889095342165e-01,1.960157715363794739e-01,1.000000000000000000e+00,5.610677220407186416e-01,4.686406717723126669e-01,5.964410086146931800e-01,3.383926346360942028e-01,1.672390370628734912e-01,5.549157118481760076e-01,1.176237967521878147e-01,4.336942036667981726e-01,3.332699017936267549e-01
6.040230533918069522e-01,7.384659440081737802e-01,6.087372868756650846e-01,-5.691134585237983545e-01,7.877157191679138304e-01,7.025601407334271242e-02,1.589196339205274922e-01,-6.423995641911998122e-01,6.300401603516598836e-01,6.746181735983033390e-01,3.443941761456231765e-01,3.912745046419628392e-01,-2.483252738497892520e-01,4.439060468853100461e-01,2.740983247556988411e-01,6.140561942666395989e-01,3.490459955782284074e-01,3.919431084274371258e-01,7.267358161115346216e-02,4.259513300647801426e-01,2.850281177808588473e-01,4.721213997670061224e-01,6.736045444545254446e-01,4.489185414824586329e-01,3.340388724180410884e-01,7.000158166025748363e-01,7.700833652955882958e-01,6.431497598102478008e-01,4.636090300556388044e-01,5.610677220407186416e-01,1.000000000000000000e+00,7.414068502845603259e-01,7.161166191564291017e-01,6.606169311582648085e-01,4.659403739739478301e-01,4.924942063924919733e-01,4.407251490319922249e-01,5.928550451403168386e-01,5.872582231478227222e-01
6.717917393004985138e-01,7.454707503478295028e-01,6.700473115538182478e-01,-4.106746277044884819e-01,7.771151022434464872e-01,3.309552592372534408e-01,1.722310595375929343e-01,-6.804871313243168185e-01,6.026306614411958140e-01,7.357684753854070170e-01,4.361041066916832021e-01,1.384958597731620611e-01,-2.654032435347236651e-01,4.926048911014427878e-01,2.560050750934118532e-02,7.619367164064921871e-01,5.515759433424054503e-01,4.298507582677871253e-01,1.598266119679411790e-01,1.612571000593837900e-01,2.043629939488509351e-01,2.638318145981738416e-01,5.243959875495937117e-01,3.988766745702085892e-01,3.882461640688559812e-01,5.946650774175452625e-01,5.797564042923671890e-01,4.753825612529453126e-01,7.362714947748779659e-01,4.686406717723126669e-01,7.414068502845603259e-01,1.000000000000000000e+00,4.856688830206762342e-01,5.630440317570574171e-01,6.518935576596964765e-01,6.600090626144895500e-01,7.259538893229675605e-01,5.052875191769071739e-01,3.549869010349545051e-01
4.450869297807110159e-01,4.800066838897725230e-01,5.153444744153444779e-01,-6.432278519003258310e-01,6.600529017277255717e-01,-1.270895153753820450e-01,2.212842598951166584e-01,-5.780791600828036891e-01,5.641548147633586030e-01,3.929096221669534095e-01,1.319484201912881904e-01,5.252260430742928810e-01,-1.567876851492056370e-02,3.703071886377456434e-01,4.562464561642605720e-01,3.246534843926657254e-01,1.084374029361340752e-01,2.185121601305848593e-01,-7.908813642075021577e-02,5.969531376991111804e-01,4.690518961499561823e-01,5.148678512551224662e-01,6.568015695762086104e-01,3.999499918437109947e-01,1.920556045236366527e-01,5.971043280595855762e-01,6.491626335932503267e-01,7.249030367072574199e-01,1.662063158243785310e-01,5.964410086146931800e-01,7.161166191564291017e-01,4.856688830206762342e-01,1.000000000000000000e+00,6.281192059769911129e-01,1.986452684189193851e-01,2.498790274646796872e-01,1.212853725865990773e-01,4.778915800377864231e-01,5.697968548376721731e-01
4.568102580242593969e-01,5.745261684967313265e-01,5.118110578064408722e-01,-5.745268467997576289e-01,5.158536732306995276e-01,3.504510962031620602e-02,3.544535626853030363e-01,-5.641708932401795495e-01,3.159234503653414738e-01,3.822243210640767219e-01,1.800498948644332353e-01,5.092781701546512663e-01,9.016915672528001691e-02,4.571305071088883065e-01,4.512161680154909704e-01,3.627062850011037454e-01,2.456667362717649405e-01,1.322296071756929314e-01,-5.519624075402367047e-02,4.998346249623003001e-01,2.288927062548604119e-01,5.742991705855657880e-01,6.004717134114585519e-01,5.353193844049050076e-01,3.160031577357784172e-01,5.757895979243381479e-01,6.166511832334912180e-01,5.628897073287308928e-01,3.028023461637351921e-01,3.383926346360942028e-01,6.606169311582648085e-01,5.630440317570574171e-01,6.281192059769911129e-01,1.000000000000000000e+00,4.297130609806580348e-01,2.592192630458778346e-01,3.300014851121492732e-01,3.567808362454593651e-01,5.743279418066230546e-01
5.799688090321578615e-01,5.851798192101894669e-01,5.600163640175469526e-01,-1.043523011935499761e-01,4.750999607680230774e-01,3.740520782854260817e-01,8.232913325407090199e-02,-5.036673185052814583e-01,3.817778340986923702e-01,5.897797479443107616e-01,4.596886857170659479e-01,-1.427321587830782668e-01,-2.755099060322987459e-01,6.563614101249678479e-01,-1.909674003204130666e-01,6.122723270195451484e-01,6.202485055662673163e-01,4.735211939171107276e-01,3.295657171164634303e-01,-1.054722134719693477e-01,1.771366088921076665e-01,5.391375301127136060e-02,3.225859975897379384e-01,3.579644343488780911e-01,3.956574061056349345e-01,2.841132223512314314e-01,2.143251307297521502e-01,1.424448696371870549e-01,6.618698982460848868e-01,1.672390370628734912e-01,4.659403739739478301e-01,6.518935576596964765e-01,1.986452684189193851e-01,4.297130609806580348e-01,1.000000000000000000e+00,5.162464329431033505e-01,7.863366390623789393e-01,4.240463663889570411e-01,2.948306121029845017e-01
6.292925630611824195e-01,5.176550410387348311e-01,3.630700610101205150e-01,-2.769598179421451922e-01,6.235699455222160070e-01,1.757889926273516479e-01,-1.108182596291548139e-01,-3.606291585893656726e-01,5.880816914126359984e-01,6.990188490585188541e-01,3.239568577470055555e-01,-7.222804892394449339e-02,-5.642537165260628207e-01,3.974364065858485007e-01,-1.707792085393547432e-01,7.288122078100173207e-01,3.823165204553451990e-01,3.997107433478745420e-01,-1.033388815614523157e-02,-1.000957023371593646e-01,-3.342052303369779515e-02,-1.217070540468453560e-01,2.980942190559469074e-01,1.926166244038599318e-01,1.838388637344036958e-01,4.798320488091035174e-01,3.609878282363618851e-01,3.541970556223675848e-01,6.372071912472587751e-01,5.549157118481760076e-01,4.924942063924919733e-01,6.600090626144895500e-01,2.498790274646796872e-01,2.592192630458778346e-01,5.162464329431033505e-01,1.000000000000000000e+00,6.240648519287731455e-01,3.763961377217405202e-01,1.234625608901094435e-01
5.180564379433285627e-01,5.849918794118060816e-01,6.034014856791218850e-01,-3.626085154919894693e-02,5.003184058889185160e-01,5.817282517879837078e-01,9.270019916721827791e-02,-5.440672594024115183e-01,3.878392734111463791e-01,6.294480064440904910e-01,5.924522005181381834e-01,-2.832180148181702717e-01,-2.891160544164813606e-01,5.494573664015858228e-01,-3.618369520616731005e-01,6.893961307909435288e-01,7.038871245379728636e-01,5.278300052983613266e-01,3.926993192819020484e-01,-2.393056489184242352e-01,1.670514421610433120e-01,-1.011471511356413187e-02,2.217265693319042941e-01,3.224084949861324434e-01,4.967349628525805638e-01,2.449211954809238645e-01,1.561637859407256634e-01,7.396445250348128442e-02,8.117986970653010559e-01,1.176237967521878147e-01,4.407251490319922249e-01,7.259538893229675605e-01,1.212853725865990773e-01,3.300014851121492732e-01,7.863366390623789393e-01,6.240648519287731455e-01,1.000000000000000000e+00,3.318024922421374256e-01,1.068164942498977393e-01
6.841548119808020800e-01,4.871417457665274120e-01,4.759987390787605022e-01,-4.129569172286536305e-01,6.215643597834940026e-01,5.318707052603514895e-02,1.335759273348662568e-01,-4.782527309020975226e-01,6.162743140196558222e-01,5.808848894970302101e-01,3.582821863008491259e-01,2.197263539686672984e-01,-3.809848170906559583e-01,4.606274868705975689e-01,1.504548562254097721e-01,4.170939641677829934e-01,4.366138354963368107e-01,3.274938578257491351e-01,6.302184399716830032e-02,2.251775603371080903e-01,9.987118825915249076e-02,1.509093111873566762e-01,4.785608688414937362e-01,2.817189165511603255e-01,2.223340093797308292e-01,6.153872953700610937e-01,5.588657754242818410e-01,4.877974598149621976e-01,3.568775345208541339e-01,4.336942036667981726e-01,5.928550451403168386e-01,5.052875191769071739e-01,4.778915800377864231e-01,3.567808362454593651e-01,4.240463663889570411e-01,3.763961377217405202e-01,3.318024922421374256e-01,1.000000000000000000e+00,7.039967556167898710e-01
4.617559936914981122e-01,4.243510704908830533e-01,4.122165530193224736e-01,-5.012121889571282685e-01,4.528150798351024409e-01,-1.109340426195010026e-01,2.124760590857531772e-01,-4.387322047685375814e-01,3.962962368478034625e-01,3.925720296241480556e-01,1.997938284237848749e-01,5.432395166544071730e-01,-5.968506301492308014e-02,4.063014014750298553e-01,5.003395528773499912e-01,2.007109626898408161e-01,1.891920945936284015e-01,1.129495248792032891e-01,-7.605419765954872513e-02,5.277577685786893902e-01,1.631154605026157167e-01,5.073398078872458639e-01,6.244302398746426341e-01,4.233722388093990041e-01,2.744784870686780565e-01,5.917516818888723940e-01,6.496437738145277585e-01,5.345541496943081450e-01,6.340551328492484429e-02,3.332699017936267549e-01,5.872582231478227222e-01,3.549869010349545051e-01,5.697968548376721731e-01,5.743279418066230546e-01,2.948306121029845017e-01,1.234625608901094435e-01,1.068164942498977393e-01,7.039967556167898710e-01,1.000000000000000000e+00
