1.000000000000000000e+00,9.309142037556167315e-01,9.644992208463675221e-01,9.776462764008935213e-01,9.493507170092321257e-01,9.567074349139199629e-01,9.111929872207843450e-01,9.366645333304095544e-01,9.321650054815940889e-01,9.138269215211953789e-01,9.463211801887173591e-01,9.064558698572765527e-01,9.590000189253113927e-01,9.834422945230506530e-01,9.282188475333722488e-01,9.288822311218005723e-01,9.299864689865720013e-01,8.699627975324402129e-01,8.899158819326351555e-01,9.761917516353879609e-01,9.773747468110551839e-01,9.428543419085706478e-01,9.102385668478678582e-01,9.271345059008835321e-01,9.416952530348597916e-01,9.307829132454999987e-01,9.000492133833536412e-01,9.786502500176501584e-01,9.147764281243655482e-01,9.385490610059838978e-01,9.411574979900564353e-01,9.777159862273455682e-01,8.688522067632964418e-01,9.299698939506962914e-01,9.405935365273961901e-01,9.700057196841161966e-01,9.744267512417609245e-01,8.676656713529781184e-01,9.502220322199760316e-01
9.309142037556167315e-01,1.000000000000000000e+00,9.073719858008560957e-01,9.211713579250556672e-01,8.956813189252811336e-01,9.003052948956410395e-01,8.739232302369506211e-01,8.896300025154398883e-01,9.796760852327313085e-01,8.755946569335837371e-01,9.654648135995418379e-01,8.699049815632583504e-01,9.472328874634190488e-01,9.344950196112787877e-01,9.822414560996759469e-01,9.852357592323006674e-01,9.845634946438142077e-01,8.678829211559081491e-01,8.519667607888371519e-01,9.186906265651977321e-01,9.180769902236867175e-01,9.592610562742054370e-01,8.727596495544506228e-01,9.817852767702798245e-01,9.743346478870010818e-01,9.807901027726323440e-01,8.616867169545731064e-01,9.215504440629033178e-01,8.742564526091607391e-01,9.745821658046086577e-01,9.698469664957685143e-01,9.348417351547102516e-01,8.596725769959796537e-01,9.815622923005890010e-01,9.679752023930258131e-01,9.338538362715708141e-01,9.171333060883861688e-01,8.466338523423552198e-01,8.981641144754085593e-01
9.644992208463675221e-01,9.073719858008560957e-01,1.000000000000000000e+00,9.726705468744892835e-01,9.740222368579302126e-01,9.810137807739180982e-01,9.337809397031617831e-01,9.595530701263497164e-01,9.075036398804426918e-01,9.372418464011387229e-01,9.251500269887983352e-01,9.253334032510891483e-01,9.420890209544100502e-01,9.631625292038072939e-01,9.055323526870224793e-01,9.059420368736358364e-01,9.067911264165873231e-01,8.790668319454535418e-01,9.074608378879852610e-01,9.742441760578109955e-01,9.706831766183074972e-01,9.241343729914738292e-01,9.339300175109620517e-01,9.046222830295596040e-01,9.183895071113559183e-01,9.060162671259034406e-01,9.168541129199659911e-01,9.687299430292100055e-01,9.389640292014188594e-01,9.178564288966470919e-01,9.184965515101983780e-01,9.577959634776095355e-01,8.687784172660009130e-01,9.075971238895076398e-01,9.184630202142572974e-01,9.510285816352316290e-01,9.775332149564430750e-01,8.761930529837368420e-01,9.719280428617044221e-01
9.776462764008935213e-01,9.211713579250556672e-01,9.726705468744892835e-01,1.000000000000000000e+00,9.594507864523479368e-01,9.658546324824672791e-01,9.242732612260575742e-01,9.465623767251996057e-01,9.220648725672325741e-01,9.270591662130741595e-01,9.377911774835518965e-01,9.167597647042781128e-01,9.533401365637614866e-01,9.753706087037664618e-01,9.187676250129620525e-01,9.196984157115384306e-01,9.203605613718477407e-01,8.780282135496035867e-01,9.007915797169693262e-01,9.838021563439854900e-01,9.844647461019430112e-01,9.335427615142166680e-01,9.239304009496739356e-01,9.174359727457964686e-01,9.314580920413355614e-01,9.200558536485641259e-01,9.088522314310916173e-01,9.839200900744424771e-01,9.284750564712116461e-01,9.303500509814868202e-01,9.317361893685526253e-01,9.677658900961829680e-01,8.777742272350733677e-01,9.209921629291578649e-01,9.324012269886370330e-01,9.609312874790190140e-01,9.808544712861901882e-01,8.758961506175180212e-01,9.594592216597522816e-01
9.493507170092321257e-01,8.956813189252811336e-01,9.740222368579302126e-01,9.594507864523479368e-01,1.000000000000000000e+00,9.760438198915716290e-01,9.504038772683938152e-01,9.768791848096359809e-01,8.988664367842711389e-01,9.528037836987255371e-01,9.193492816479450491e-01,9.402264190546485434e-01,9.330230847989826604e-01,9.484331592690202761e-01,8.955952105181421707e-01,8.947449644550657943e-01,8.958008895089650814e-01,8.934619777756519499e-01,9.241373806754791254e-01,9.613138660638536059e-01,9.566784269528703089e-01,9.167277349607566572e-01,9.519058029795581799e-01,8.940385633938683352e-01,9.106168735137839532e-01,8.970347466967689698e-01,9.320376066832207762e-01,9.546898049260850172e-01,9.564239062788227885e-01,9.114147894961669438e-01,9.124937220094403445e-01,9.453992559257047290e-01,8.911075544518727298e-01,8.969203737195733384e-01,9.126956129459683487e-01,9.387490239316284013e-01,9.649448518844304656e-01,8.965204144457818991e-01,9.841899453792202213e-01
9.567074349139199629e-01,9.003052948956410395e-01,9.810137807739180982e-01,9.658546324824672791e-01,9.760438198915716290e-01,1.000000000000000000e+00,9.372921490779093645e-01,9.645624773319994016e-01,9.005050556657007155e-01,9.405174576663627439e-01,9.204583609231727914e-01,9.262734348769156023e-01,9.361447519574552789e-01,9.550879540937944334e-01,8.980843701951085611e-01,8.994292663004141986e-01,8.989930498803315739e-01,8.852011197571150181e-01,9.102099995272368016e-01,9.676100802905973630e-01,9.633913493487055169e-01,9.197659147104939592e-01,9.384514769150121838e-01,8.978161676405794767e-01,9.120839974454872934e-01,8.992694383193585717e-01,9.174793876289903949e-01,9.618393016775524940e-01,9.431149884758079915e-01,9.122544965932521954e-01,9.145810778908788352e-01,9.506052468614439865e-01,8.745314033915257967e-01,8.999823487229380303e-01,9.143799319285582650e-01,9.444136597896526375e-01,9.707187544453479422e-01,8.807679156445482604e-01,9.740195511269510442e-01
9.111929872207843450e-01,8.739232302369506211e-01,9.337809397031617831e-01,9.242732612260575742e-01,9.504038772683938152e-01,9.372921490779093645e-01,1.000000000000000000e+00,9.587554721282557368e-01,8.761195191779176383e-01,9.846742979674579788e-01,8.959799959956382676e-01,9.741688376997296173e-01,9.070287293578659371e-01,9.103868938441576075e-01,8.738601025445675852e-01,8.744110287584248020e-01,8.736274595229446271e-01,9.028859798794900415e-01,9.571381127999267768e-01,9.235926554601070482e-01,9.205914397188542653e-01,8.915338798711397450e-01,9.843237740624285470e-01,8.707064128870335429e-01,8.864352211612802623e-01,8.755255458194499685e-01,9.639264844640019758e-01,9.210770016614553413e-01,9.811232591289169580e-01,8.882401359526770346e-01,8.929259904358064492e-01,9.100858165048507642e-01,9.145544252436591526e-01,8.747419888014424938e-01,8.917155370178958540e-01,9.031461901710728934e-01,9.257557696387912483e-01,9.245563110008890861e-01,9.502223488987905364e-01
9.366645333304095544e-01,8.896300025154398883e-01,9.595530701263497164e-01,9.465623767251996057e-01,9.768791848096359809e-01,9.645624773319994016e-01,9.587554721282557368e-01,1.000000000000000000e+00,8.918354084972827112e-01,9.604952887404010209e-01,9.102171524051447804e-01,9.460394234598216157e-01,9.226050174861307740e-01,9.362761737165501419e-01,8.920377214423685919e-01,8.891276014248470361e-01,8.903032317175568755e-01,8.937519573644296944e-01,9.286786206884816153e-01,9.479506511504404154e-01,9.436072309539180747e-01,9.059283970471292413e-01,9.604741497120147242e-01,8.908602599067436678e-01,9.019797168227825512e-01,8.899227098777473532e-01,9.348625857594828892e-01,9.433663312888618258e-01,9.621336312869065432e-01,9.033330049861925115e-01,9.059587361452164922e-01,9.328499331939594796e-01,8.930526385450430205e-01,8.928508604002015625e-01,9.054750277716075990e-01,9.256174287387494148e-01,9.512798821381992509e-01,8.987657777594065811e-01,9.783007518061974661e-01
9.321650054815940889e-01,9.796760852327313085e-01,9.075036398804426918e-01,9.220648725672325741e-01,8.988664367842711389e-01,9.005050556657007155e-01,8.761195191779176383e-01,8.918354084972827112e-01,1.000000000000000000e+00,8.770910775718301355e-01,9.713276317514640823e-01,8.737010152976194544e-01,9.525568825575588816e-01,9.359369816865973357e-01,9.746385697621035016e-01,9.782428441309714007e-01,9.787194422750040701e-01,8.678826470330476273e-01,8.578041506646779668e-01,9.201620932945098197e-01,9.202323695947417503e-01,9.643797785721351934e-01,8.737846926884788035e-01,9.732314182376892164e-01,9.812262429925501239e-01,9.848648073106023304e-01,8.666151267290727045e-01,9.231225153837617770e-01,8.762984678863552368e-01,9.813154244972512874e-01,9.767039734739801915e-01,9.390537831788442480e-01,8.635696370928214183e-01,9.743355634492040229e-01,9.748123127332696258e-01,9.401757175614151585e-01,9.189589288919700616e-01,8.504243134450270025e-01,9.005622942501834149e-01
9.138269215211953789e-01,8.755946569335837371e-01,9.372418464011387229e-01,9.270591662130741595e-01,9.528037836987255371e-01,9.405174576663627439e-01,9.846742979674579788e-01,9.604952887404010209e-01,8.770910775718301355e-01,1.000000000000000000e+00,8.977480176475568507e-01,9.731213557548311632e-01,9.101557676236805561e-01,9.132280015981866228e-01,8.760766693778417880e-01,8.759360062989731688e-01,8.754048446451192511e-01,9.036530542900628182e-01,9.553111365203625915e-01,9.258549478947650790e-01,9.236213215700825874e-01,8.944517954130544179e-01,9.840091730508081502e-01,8.730474626266482296e-01,8.882864337441472857e-01,8.765707973995446878e-01,9.626855227807230575e-01,9.236144372869197205e-01,9.820630598563718783e-01,8.892114903913613810e-01,8.944171232807976990e-01,9.125666921190733749e-01,9.122604436833570141e-01,8.766929596011516779e-01,8.929551913207092184e-01,9.055366207001852574e-01,9.281776620063424410e-01,9.228898388144197718e-01,9.526139895362282228e-01
9.463211801887173591e-01,9.654648135995418379e-01,9.251500269887983352e-01,9.377911774835518965e-01,9.193492816479450491e-01,9.204583609231727914e-01,8.959799959956382676e-01,9.102171524051447804e-01,9.713276317514640823e-01,8.977480176475568507e-01,1.000000000000000000e+00,8.922703046869752130e-01,9.635854070922191816e-01,9.486005756439608305e-01,9.613172033590120513e-01,9.634277569703996180e-01,9.643058084705402599e-01,8.773959739515635459e-01,8.750595897473832929e-01,9.371306241738956988e-01,9.356906453053479567e-01,9.776106259060900472e-01,8.950608469079281981e-01,9.599077211759586836e-01,9.773020737819997361e-01,9.698618181622963297e-01,8.839821216218264333e-01,9.388803254636723938e-01,8.981829377744802168e-01,9.762523507271331225e-01,9.812686121175080434e-01,9.510510824324454049e-01,8.794105133494859450e-01,9.613364256230704230e-01,9.836610563093777237e-01,9.525774123401848925e-01,9.369685626821326885e-01,8.654244434320971235e-01,9.207178234089637980e-01
9.064558698572765527e-01,8.699049815632583504e-01,9.253334032510891483e-01,9.167597647042781128e-01,9.402264190546485434e-01,9.262734348769156023e-01,9.741688376997296173e-01,9.460394234598216157e-01,8.737010152976194544e-01,9.731213557548311632e-01,8.922703046869752130e-01,1.000000000000000000e+00,9.021013411932164994e-01,9.051674147091367528e-01,8.718871188370549419e-01,8.721894299980589293e-01,8.707035184489716473e-01,9.076142878816122472e-01,9.712307765546284166e-01,9.159260616847864078e-01,9.136028564636700100e-01,8.871038447976941077e-01,9.716248188973316546e-01,8.692970716609698112e-01,8.820863538233120194e-01,8.736573443202856337e-01,9.764841399116723775e-01,9.133609567307403587e-01,9.689898736041612226e-01,8.835387153038705144e-01,8.858253373716333812e-01,9.080591344859164638e-01,9.217763941082863788e-01,8.739886531782894430e-01,8.861124790903899262e-01,8.998758637326799148e-01,9.169339072526278001e-01,9.332518200327101221e-01,9.409729734634663112e-01
9.590000189253113927e-01,9.472328874634190488e-01,9.420890209544100502e-01,9.533401365637614866e-01,9.330230847989826604e-01,9.361447519574552789e-01,9.070287293578659371e-01,9.226050174861307740e-01,9.525568825575588816e-01,9.101557676236805561e-01,9.635854070922191816e-01,9.021013411932164994e-01,1.000000000000000000e+00,9.631073161403802541e-01,9.444476966126510442e-01,9.459288024025143127e-01,9.455651023107387587e-01,8.702664488028434286e-01,8.827488608473832432e-01,9.513283014507820656e-01,9.518657571554656194e-01,9.652444342040812364e-01,9.046809451498106780e-01,9.422973660408440200e-01,9.600274561971193776e-01,9.498219333676609644e-01,8.923409200370021610e-01,9.538460372039563318e-01,9.089493567265523044e-01,9.568343578070781508e-01,9.622158113531710244e-01,9.678747946304684380e-01,8.715640654539127397e-01,9.447191668873927695e-01,9.612037829335157157e-01,9.736934385295250571e-01,9.502616287092437997e-01,8.651728807110600217e-01,9.343920796225164693e-01
9.834422945230506530e-01,9.344950196112787877e-01,9.631625292038072939e-01,9.753706087037664618e-01,9.484331592690202761e-01,9.550879540937944334e-01,9.103868938441576075e-01,9.362761737165501419e-01,9.359369816865973357e-01,9.132280015981866228e-01,9.486005756439608305e-01,9.051674147091367528e-01,9.631073161403802541e-01,1.000000000000000000e+00,9.311994541777589562e-01,9.322333603214999487e-01,9.342728788119366579e-01,8.657701961671591118e-01,8.875189317770172392e-01,9.739620040639117571e-01,9.754126942768250874e-01,9.461981776491886764e-01,9.087229649299274348e-01,9.303891952065432847e-01,9.443624410452235995e-01,9.341447353433715017e-01,8.973418015603378262e-01,9.769667786575826351e-01,9.134333925261122200e-01,9.421895294427085066e-01,9.436903434026072679e-01,9.809930896475704820e-01,8.645944393507237757e-01,9.330588327319782049e-01,9.435318405025656663e-01,9.738596004337499723e-01,9.725610109315744323e-01,8.617973434994142812e-01,9.491679875329700478e-01
9.282188475333722488e-01,9.822414560996759469e-01,9.055323526870224793e-01,9.187676250129620525e-01,8.955952105181421707e-01,8.980843701951085611e-01,8.738601025445675852e-01,8.920377214423685919e-01,9.746385697621035016e-01,8.760766693778417880e-01,9.613172033590120513e-01,8.718871188370549419e-01,9.444476966126510442e-01,9.311994541777589562e-01,1.000000000000000000e+00,9.828745722887909375e-01,9.834926472365469463e-01,8.745519920066006092e-01,8.543409255071199304e-01,9.167457125081714953e-01,9.158192013477831628e-01,9.558931453921317711e-01,8.730817081757897835e-01,9.850584294366012683e-01,9.704520138234313809e-01,9.757688177296289789e-01,8.640477345812587195e-01,9.196978363786515454e-01,8.734324910235868877e-01,9.696649547728437568e-01,9.656375509372877586e-01,9.320552320799835311e-01,8.643845743895872680e-01,9.856327281435838250e-01,9.638434507022229925e-01,9.304031229215667942e-01,9.151668228434602925e-01,8.547734261727379934e-01,8.993099444950833909e-01
9.288822311218005723e-01,9.852357592323006674e-01,9.059420368736358364e-01,9.196984157115384306e-01,8.947449644550657943e-01,8.994292663004141986e-01,8.744110287584248020e-01,8.891276014248470361e-01,9.782428441309714007e-01,8.759360062989731688e-01,9.634277569703996180e-01,8.721894299980589293e-01,9.459288024025143127e-01,9.322333603214999487e-01,9.828745722887909375e-01,1.000000000000000000e+00,9.841292427079462168e-01,8.701504944936605535e-01,8.536821276037850348e-01,9.179635707158211311e-01,9.166791249009377252e-01,9.571554355894091870e-01,8.727890603523881241e-01,9.828213321114781520e-01,9.727834053269744929e-01,9.794137050963468427e-01,8.627239477718108285e-01,9.202997638570833416e-01,8.741630574031815648e-01,9.728161284073054693e-01,9.684722619749338568e-01,9.330404387419849455e-01,8.622640655540269039e-01,9.820518240812878830e-01,9.663402475346279941e-01,9.318194981005851751e-01,9.156792283392037879e-01,8.498918608474383962e-01,8.975185431977694694e-01
9.299864689865720013e-01,9.845634946438142077e-01,9.067911264165873231e-01,9.203605613718477407e-01,8.958008895089650814e-01,8.989930498803315739e-01,8.736274595229446271e-01,8.903032317175568755e-01,9.787194422750040701e-01,8.754048446451192511e-01,9.643058084705402599e-01,8.707035184489716473e-01,9.455651023107387587e-01,9.342728788119366579e-01,9.834926472365469463e-01,9.841292427079462168e-01,1.000000000000000000e+00,8.701290941970840631e-01,8.541149277521647987e-01,9.185510866510089301e-01,9.173710069202591910e-01,9.585273833930834098e-01,8.727019595264208229e-01,9.827125872644916216e-01,9.736643549287981036e-01,9.793578490998430253e-01,8.629408944053297281e-01,9.211108732747724792e-01,8.736873527111140847e-01,9.739685070556803881e-01,9.689617202053626421e-01,9.350215284949264793e-01,8.632017024078053602e-01,9.828946259862696433e-01,9.673695911727144825e-01,9.331993134568286052e-01,9.168316009156043389e-01,8.509014060803827828e-01,8.980414230742321813e-01
8.699627975324402129e-01,8.678829211559081491e-01,8.790668319454535418e-01,8.780282135496035867e-01,8.934619777756519499e-01,8.852011197571150181e-01,9.028859798794900415e-01,8.937519573644296944e-01,8.678826470330476273e-01,9.036530542900628182e-01,8.773959739515635459e-01,9.076142878816122472e-01,8.702664488028434286e-01,8.657701961671591118e-01,8.745519920066006092e-01,8.701504944936605535e-01,8.701290941970840631e-01,1.000000000000000000e+00,9.210093846496351100e-01,8.812621356737421197e-01,8.779074031981315418e-01,8.700712023251986338e-01,9.033361627989527909e-01,8.749015426690179842e-01,8.740949350515359040e-01,8.693216862397096234e-01,9.167139576561544878e-01,8.765458725840539200e-01,8.950952826005613705e-01,8.769092046532359630e-01,8.722596622379327203e-01,8.664792240980809801e-01,9.393959670945909446e-01,8.772671389532880060e-01,8.747169959128544559e-01,8.620615609615019936e-01,8.797945066425164606e-01,9.554349843385266938e-01,8.948419949484400782e-01
8.899158819326351555e-01,8.519667607888371519e-01,9.074608378879852610e-01,9.007915797169693262e-01,9.241373806754791254e-01,9.102099995272368016e-01,9.571381127999267768e-01,9.286786206884816153e-01,8.578041506646779668e-01,9.553111365203625915e-01,8.750595897473832929e-01,9.712307765546284166e-01,8.827488608473832432e-01,8.875189317770172392e-01,8.543409255071199304e-01,8.536821276037850348e-01,8.541149277521647987e-01,9.210093846496351100e-01,1.000000000000000000e+00,9.017329817204597919e-01,8.985174757454765793e-01,8.692036462619229242e-01,9.548132466808694208e-01,8.523600807846261063e-01,8.651525850289213393e-01,8.585850887208138493e-01,9.810175408193109181e-01,8.981322323774112437e-01,9.486809319252031969e-01,8.701089424811989659e-01,8.690006376769242591e-01,8.892881529704782517e-01,9.388344938987176480e-01,8.570133600266364171e-01,8.712558885766197303e-01,8.803575446603495447e-01,8.998239605113814710e-01,9.476816751769299163e-01,9.240604996998785792e-01
9.761917516353879609e-01,9.186906265651977321e-01,9.742441760578109955e-01,9.838021563439854900e-01,9.613138660638536059e-01,9.676100802905973630e-01,9.235926554601070482e-01,9.479506511504404154e-01,9.201620932945098197e-01,9.258549478947650790e-01,9.371306241738956988e-01,9.159260616847864078e-01,9.513283014507820656e-01,9.739620040639117571e-01,9.167457125081714953e-01,9.179635707158211311e-01,9.185510866510089301e-01,8.812621356737421197e-01,9.017329817204597919e-01,1.000000000000000000e+00,9.834191121447667383e-01,9.319422438805892162e-01,9.226684546665609998e-01,9.159599548959399540e-01,9.302787238972131112e-01,9.181369060923548764e-01,9.090729329858118213e-01,9.837037991795515302e-01,9.279679368966231578e-01,9.293916562648310009e-01,9.300238282031084713e-01,9.669769971254157381e-01,8.774872381296859869e-01,9.194628825584709730e-01,9.310968487614214029e-01,9.593630994005428736e-01,9.832695814318666017e-01,8.788732322107952744e-01,9.616732309364710574e-01
9.773747468110551839e-01,9.180769902236867175e-01,9.706831766183074972e-01,9.844647461019430112e-01,9.566784269528703089e-01,9.633913493487055169e-01,9.205914397188542653e-01,9.436072309539180747e-01,9.202323695947417503e-01,9.236213215700825874e-01,9.356906453053479567e-01,9.136028564636700100e-01,9.518657571554656194e-01,9.754126942768250874e-01,9.158192013477831628e-01,9.166791249009377252e-01,9.173710069202591910e-01,8.779074031981315418e-01,8.985174757454765793e-01,9.834191121447667383e-01,1.000000000000000000e+00,9.303863686257766163e-01,9.194367616843650559e-01,9.151816617553176769e-01,9.298793012774541067e-01,9.178298022366513376e-01,9.057384881378043318e-01,9.849176601087914484e-01,9.243712610417615938e-01,9.283065380619472950e-01,9.298330075549916529e-01,9.677094798214969096e-01,8.752550283036997225e-01,9.185533485416482735e-01,9.303566658548962920e-01,9.590443150795742167e-01,9.794636484143481869e-01,8.739832396607906118e-01,9.574057846055933352e-01
9.428543419085706478e-01,9.592610562742054370e-01,9.241343729914738292e-01,9.335427615142166680e-01,9.167277349607566572e-01,9.197659147104939592e-01,8.915338798711397450e-01,9.059283970471292413e-01,9.643797785721351934e-01,8.944517954130544179e-01,9.776106259060900472e-01,8.871038447976941077e-01,9.652444342040812364e-01,9.461981776491886764e-01,9.558931453921317711e-01,9.571554355894091870e-01,9.585273833930834098e-01,8.700712023251986338e-01,8.692036462619229242e-01,9.319422438805892162e-01,9.303863686257766163e-01,1.000000000000000000e+00,8.906586837786643063e-01,9.537860471927971373e-01,9.700686496391458524e-01,9.624962838561442746e-01,8.789087510212000298e-01,9.328736284045612281e-01,8.929836656309506626e-01,9.680927592400455639e-01,9.742146115409761054e-01,9.499468931896435375e-01,8.678806042346279837e-01,9.550705830547969732e-01,9.741465099751950296e-01,9.546820994526304949e-01,9.326923219373310925e-01,8.609770221045315308e-01,9.175047469263117872e-01
9.102385668478678582e-01,8.727596495544506228e-01,9.339300175109620517e-01,9.239304009496739356e-01,9.519058029795581799e-01,9.384514769150121838e-01,9.843237740624285470e-01,9.604741497120147242e-01,8.737846926884788035e-01,9.840091730508081502e-01,8.950608469079281981e-01,9.716248188973316546e-01,9.046809451498106780e-01,9.087229649299274348e-01,8.730817081757897835e-01,8.727890603523881241e-01,8.727019595264208229e-01,9.033361627989527909e-01,9.548132466808694208e-01,9.226684546665609998e-01,9.194367616843650559e-01,8.906586837786643063e-01,1.000000000000000000e+00,8.696142428937267965e-01,8.850446332124496385e-01,8.736494915261766581e-01,9.618848231554414374e-01,9.197220405756018069e-01,9.830070663295499278e-01,8.867013534704830668e-01,8.916483404479605968e-01,9.090341951852650704e-01,9.144084284102415028e-01,8.735342871624027783e-01,8.903940988349513530e-01,9.019403028486355778e-01,9.262642901642963444e-01,9.225284018771470196e-01,9.518032292201639155e-01
9.271345059008835321e-01,9.817852767702798245e-01,9.046222830295596040e-01,9.174359727457964686e-01,8.940385633938683352e-01,8.978161676405794767e-01,8.707064128870335429e-01,8.908602599067436678e-01,9.732314182376892164e-01,8.730474626266482296e-01,9.599077211759586836e-01,8.692970716609698112e-01,9.422973660408440200e-01,9.303891952065432847e-01,9.850584294366012683e-01,9.828213321114781520e-01,9.827125872644916216e-01,8.749015426690179842e-01,8.523600807846261063e-01,9.159599548959399540e-01,9.151816617553176769e-01,9.537860471927971373e-01,8.696142428937267965e-01,1.000000000000000000e+00,9.683653915789108835e-01,9.744588898507755559e-01,8.617198805162793462e-01,9.187279697101351505e-01,8.698752747366381710e-01,9.678405821661070219e-01,9.633879539609619957e-01,9.309424060791882116e-01,8.615819728739104733e-01,9.847165046696741975e-01,9.616372894292454232e-01,9.290707839278007363e-01,9.135247829359696148e-01,8.521993996032813934e-01,8.979177921078900226e-01
9.416952530348597916e-01,9.743346478870010818e-01,9.183895071113559183e-01,9.314580920413355614e-01,9.106168735137839532e-01,9.120839974454872934e-01,8.864352211612802623e-01,9.019797168227825512e-01,9.812262429925501239e-01,8.882864337441472857e-01,9.773020737819997361e-01,8.820863538233120194e-01,9.600274561971193776e-01,9.443624410452235995e-01,9.704520138234313809e-01,9.727834053269744929e-01,9.736643549287981036e-01,8.740949350515359040e-01,8.651525850289213393e-01,9.302787238972131112e-01,9.298793012774541067e-01,9.700686496391458524e-01,8.850446332124496385e-01,9.683653915789108835e-01,1.000000000000000000e+00,9.795414193476963405e-01,8.751130993715938722e-01,9.330180049003536924e-01,8.882193353987076767e-01,9.844827625338505861e-01,9.823170665762495091e-01,9.477962235222626708e-01,8.686459133543097400e-01,9.699118806655382397e-01,9.797940928086381618e-01,9.484740231038101266e-01,9.301572832805147240e-01,8.571518323640676673e-01,9.117198469245976211e-01
9.307829132454999987e-01,9.807901027726323440e-01,9.060162671259034406e-01,9.200558536485641259e-01,8.970347466967689698e-01,8.992694383193585717e-01,8.755255458194499685e-01,8.899227098777473532e-01,9.848648073106023304e-01,8.765707973995446878e-01,9.698618181622963297e-01,8.736573443202856337e-01,9.498219333676609644e-01,9.341447353433715017e-01,9.757688177296289789e-01,9.794137050963468427e-01,9.793578490998430253e-01,8.693216862397096234e-01,8.585850887208138493e-01,9.181369060923548764e-01,9.178298022366513376e-01,9.624962838561442746e-01,8.736494915261766581e-01,9.744588898507755559e-01,9.795414193476963405e-01,1.000000000000000000e+00,8.681360135477170781e-01,9.206352396618275868e-01,8.756090658780451008e-01,9.799359630211529337e-01,9.751835235449157757e-01,9.372657933313630618e-01,8.648648791574300443e-01,9.754303455153120472e-01,9.731583896060768124e-01,9.376526391299665475e-01,9.167666401154326294e-01,8.507652334071237332e-01,8.992545444148045686e-01
9.000492133833536412e-01,8.616867169545731064e-01,9.168541129199659911e-01,9.088522314310916173e-01,9.320376066832207762e-01,9.174793876289903949e-01,9.639264844640019758e-01,9.348625857594828892e-01,8.666151267290727045e-01,9.626855227807230575e-01,8.839821216218264333e-01,9.764841399116723775e-01,8.923409200370021610e-01,8.973418015603378262e-01,8.640477345812587195e-01,8.627239477718108285e-01,8.629408944053297281e-01,9.167139576561544878e-01,9.810175408193109181e-01,9.090729329858118213e-01,9.057384881378043318e-01,8.789087510212000298e-01,9.618848231554414374e-01,8.617198805162793462e-01,8.751130993715938722e-01,8.681360135477170781e-01,1.000000000000000000e+00,9.052870806931367920e-01,9.568974657657187688e-01,8.779718159069969108e-01,8.773277088351559838e-01,8.992233477137894226e-01,9.323285993436053465e-01,8.661682285874513498e-01,8.784221047990203868e-01,8.897672019321786196e-01,9.083911665039265948e-01,9.418176051492176404e-01,9.312050037317646245e-01
9.786502500176501584e-01,9.215504440629033178e-01,9.687299430292100055e-01,9.839200900744424771e-01,9.546898049260850172e-01,9.618393016775524940e-01,9.210770016614553413e-01,9.433663312888618258e-01,9.231225153837617770e-01,9.236144372869197205e-01,9.388803254636723938e-01,9.133609567307403587e-01,9.538460372039563318e-01,9.769667786575826351e-01,9.196978363786515454e-01,9.202997638570833416e-01,9.211108732747724792e-01,8.765458725840539200e-01,8.981322323774112437e-01,9.837037991795515302e-01,9.849176601087914484e-01,9.328736284045612281e-01,9.197220405756018069e-01,9.187279697101351505e-01,9.330180049003536924e-01,9.206352396618275868e-01,9.052870806931367920e-01,1.000000000000000000e+00,9.241569333266230757e-01,9.310037367328298785e-01,9.333013303711809039e-01,9.692101326201062461e-01,8.750423011604887558e-01,9.221548882197350139e-01,9.338211751242047054e-01,9.615002420818165030e-01,9.793669268227166436e-01,8.752875117596931043e-01,9.552054169116257487e-01
9.147764281243655482e-01,8.742564526091607391e-01,9.389640292014188594e-01,9.284750564712116461e-01,9.564239062788227885e-01,9.431149884758079915e-01,9.811232591289169580e-01,9.621336312869065432e-01,8.762984678863552368e-01,9.820630598563718783e-01,8.981829377744802168e-01,9.689898736041612226e-01,9.089493567265523044e-01,9.134333925261122200e-01,8.734324910235868877e-01,8.741630574031815648e-01,8.736873527111140847e-01,8.950952826005613705e-01,9.486809319252031969e-01,9.279679368966231578e-01,9.243712610417615938e-01,8.929836656309506626e-01,9.830070663295499278e-01,8.698752747366381710e-01,8.882193353987076767e-01,8.756090658780451008e-01,9.568974657657187688e-01,9.241569333266230757e-01,1.000000000000000000e+00,8.892800431282822382e-01,8.943586198257411635e-01,9.139463694147811346e-01,9.080475964946174150e-01,8.738266863348629343e-01,8.931586835137517166e-01,9.072170973907576208e-01,9.318883745806685326e-01,9.150863051246275193e-01,9.557118636887820262e-01
9.385490610059838978e-01,9.745821658046086577e-01,9.178564288966470919e-01,9.303500509814868202e-01,9.114147894961669438e-01,9.122544965932521954e-01,8.882401359526770346e-01,9.033330049861925115e-01,9.813154244972512874e-01,8.892114903913613810e-01,9.762523507271331225e-01,8.835387153038705144e-01,9.568343578070781508e-01,9.421895294427085066e-01,9.696649547728437568e-01,9.728161284073054693e-01,9.739685070556803881e-01,8.769092046532359630e-01,8.701089424811989659e-01,9.293916562648310009e-01,9.283065380619472950e-01,9.680927592400455639e-01,8.867013534704830668e-01,9.678405821661070219e-01,9.844827625338505861e-01,9.799359630211529337e-01,8.779718159069969108e-01,9.310037367328298785e-01,8.892800431282822382e-01,1.000000000000000000e+00,9.808353267514100526e-01,9.457617666205616613e-01,8.745375659017545766e-01,9.697412109575906936e-01,9.794218671460381831e-01,9.449202085577722565e-01,9.288859840887448982e-01,8.603838583872303047e-01,9.130367261504231946e-01
9.411574979900564353e-01,9.698469664957685143e-01,9.184965515101983780e-01,9.317361893685526253e-01,9.124937220094403445e-01,9.145810778908788352e-01,8.929259904358064492e-01,9.059587361452164922e-01,9.767039734739801915e-01,8.944171232807976990e-01,9.812686121175080434e-01,8.858253373716333812e-01,9.622158113531710244e-01,9.436903434026072679e-01,9.656375509372877586e-01,9.684722619749338568e-01,9.689617202053626421e-01,8.722596622379327203e-01,8.690006376769242591e-01,9.300238282031084713e-01,9.298330075549916529e-01,9.742146115409761054e-01,8.916483404479605968e-01,9.633879539609619957e-01,9.823170665762495091e-01,9.751835235449157757e-01,8.773277088351559838e-01,9.333013303711809039e-01,8.943586198257411635e-01,9.808353267514100526e-01,1.000000000000000000e+00,9.467856194385919633e-01,8.743594690092181265e-01,9.647355861940261068e-01,9.841386290242908341e-01,9.494561401342838103e-01,9.302786832526921401e-01,8.603940107046949004e-01,9.141840781222119183e-01
9.777159862273455682e-01,9.348417351547102516e-01,9.577959634776095355e-01,9.677658900961829680e-01,9.453992559257047290e-01,9.506052468614439865e-01,9.100858165048507642e-01,9.328499331939594796e-01,9.390537831788442480e-01,9.125666921190733749e-01,9.510510824324454049e-01,9.080591344859164638e-01,9.678747946304684380e-01,9.809930896475704820e-01,9.320552320799835311e-01,9.330404387419849455e-01,9.350215284949264793e-01,8.664792240980809801e-01,8.892881529704782517e-01,9.669769971254157381e-01,9.677094798214969096e-01,9.499468931896435375e-01,9.090341951852650704e-01,9.309424060791882116e-01,9.477962235222626708e-01,9.372657933313630618e-01,8.992233477137894226e-01,9.692101326201062461e-01,9.139463694147811346e-01,9.457617666205616613e-01,9.467856194385919633e-01,1.000000000000000000e+00,8.660516354701928154e-01,9.340258080539239893e-01,9.465729484895130108e-01,9.803538594755187852e-01,9.669727996194248387e-01,8.653880135310170196e-01,9.455797674018345811e-01
8.688522067632964418e-01,8.596725769959796537e-01,8.687784172660009130e-01,8.777742272350733677e-01,8.911075544518727298e-01,8.745314033915257967e-01,9.145544252436591526e-01,8.930526385450430205e-01,8.635696370928214183e-01,9.122604436833570141e-01,8.794105133494859450e-01,9.217763941082863788e-01,8.715640654539127397e-01,8.645944393507237757e-01,8.643845743895872680e-01,8.622640655540269039e-01,8.632017024078053602e-01,9.393959670945909446e-01,9.388344938987176480e-01,8.774872381296859869e-01,8.752550283036997225e-01,8.678806042346279837e-01,9.144084284102415028e-01,8.615819728739104733e-01,8.686459133543097400e-01,8.648648791574300443e-01,9.323285993436053465e-01,8.750423011604887558e-01,9.080475964946174150e-01,8.745375659017545766e-01,8.743594690092181265e-01,8.660516354701928154e-01,1.000000000000000000e+00,8.646816578157912048e-01,8.777805381025252096e-01,8.602265993625743956e-01,8.719705554151000459e-01,9.560995727322151305e-01,8.915487447431119650e-01
9.299698939506962914e-01,9.815622923005890010e-01,9.075971238895076398e-01,9.209921629291578649e-01,8.969203737195733384e-01,8.999823487229380303e-01,8.747419888014424938e-01,8.928508604002015625e-01,9.743355634492040229e-01,8.766929596011516779e-01,9.613364256230704230e-01,8.739886531782894430e-01,9.447191668873927695e-01,9.330588327319782049e-01,9.856327281435838250e-01,9.820518240812878830e-01,9.828946259862696433e-01,8.772671389532880060e-01,8.570133600266364171e-01,9.194628825584709730e-01,9.185533485416482735e-01,9.550705830547969732e-01,8.735342871624027783e-01,9.847165046696741975e-01,9.699118806655382397e-01,9.754303455153120472e-01,8.661682285874513498e-01,9.221548882197350139e-01,8.738266863348629343e-01,9.697412109575906936e-01,9.647355861940261068e-01,9.340258080539239893e-01,8.646816578157912048e-01,1.000000000000000000e+00,9.631572384829847344e-01,9.313233193425485279e-01,9.171229934361171399e-01,8.567119264291181979e-01,9.008286008154530178e-01
9.405935365273961901e-01,9.679752023930258131e-01,9.184630202142572974e-01,9.324012269886370330e-01,9.126956129459683487e-01,9.143799319285582650e-01,8.917155370178958540e-01,9.054750277716075990e-01,9.748123127332696258e-01,8.929551913207092184e-01,9.836610563093777237e-01,8.861124790903899262e-01,9.612037829335157157e-01,9.435318405025656663e-01,9.638434507022229925e-01,9.663402475346279941e-01,9.673695911727144825e-01,8.747169959128544559e-01,8.712558885766197303e-01,9.310968487614214029e-01,9.303566658548962920e-01,9.741465099751950296e-01,8.903940988349513530e-01,9.616372894292454232e-01,9.797940928086381618e-01,9.731583896060768124e-01,8.784221047990203868e-01,9.338211751242047054e-01,8.931586835137517166e-01,9.794218671460381831e-01,9.841386290242908341e-01,9.465729484895130108e-01,8.777805381025252096e-01,9.631572384829847344e-01,1.000000000000000000e+00,9.490741355314072925e-01,9.310852895854881961e-01,8.625348581484368893e-01,9.143232545919310894e-01
9.700057196841161966e-01,9.338538362715708141e-01,9.510285816352316290e-01,9.609312874790190140e-01,9.387490239316284013e-01,9.444136597896526375e-01,9.031461901710728934e-01,9.256174287387494148e-01,9.401757175614151585e-01,9.055366207001852574e-01,9.525774123401848925e-01,8.998758637326799148e-01,9.736934385295250571e-01,9.738596004337499723e-01,9.304031229215667942e-01,9.318194981005851751e-01,9.331993134568286052e-01,8.620615609615019936e-01,8.803575446603495447e-01,9.593630994005428736e-01,9.590443150795742167e-01,9.546820994526304949e-01,9.019403028486355778e-01,9.290707839278007363e-01,9.484740231038101266e-01,9.376526391299665475e-01,8.897672019321786196e-01,9.615002420818165030e-01,9.072170973907576208e-01,9.449202085577722565e-01,9.494561401342838103e-01,9.803538594755187852e-01,8.602265993625743956e-01,9.313233193425485279e-01,9.490741355314072925e-01,1.000000000000000000e+00,9.599274703778927220e-01,8.611097549864482614e-01,9.388166888150581979e-01
9.744267512417609245e-01,9.171333060883861688e-01,9.775332149564430750e-01,9.808544712861901882e-01,9.649448518844304656e-01,9.707187544453479422e-01,9.257557696387912483e-01,9.512798821381992509e-01,9.189589288919700616e-01,9.281776620063424410e-01,9.369685626821326885e-01,9.169339072526278001e-01,9.502616287092437997e-01,9.725610109315744323e-01,9.151668228434602925e-01,9.156792283392037879e-01,9.168316009156043389e-01,8.797945066425164606e-01,8.998239605113814710e-01,9.832695814318666017e-01,9.794636484143481869e-01,9.326923219373310925e-01,9.262642901642963444e-01,9.135247829359696148e-01,9.301572832805147240e-01,9.167666401154326294e-01,9.083911665039265948e-01,9.793669268227166436e-01,9.318883745806685326e-01,9.288859840887448982e-01,9.302786832526921401e-01,9.669727996194248387e-01,8.719705554151000459e-01,9.171229934361171399e-01,9.310852895854881961e-01,9.599274703778927220e-01,1.000000000000000000e+00,8.747809376007675830e-01,9.646895823904548806e-01
8.676656713529781184e-01,8.466338523423552198e-01,8.761930529837368420e-01,8.758961506175180212e-01,8.965204144457818991e-01,8.807679156445482604e-01,9.245563110008890861e-01,8.987657777594065811e-01,8.504243134450270025e-01,9.228898388144197718e-01,8.654244434320971235e-01,9.332518200327101221e-01,8.651728807110600217e-01,8.617973434994142812e-01,8.547734261727379934e-01,8.498918608474383962e-01,8.509014060803827828e-01,9.554349843385266938e-01,9.476816751769299163e-01,8.788732322107952744e-01,8.739832396607906118e-01,8.609770221045315308e-01,9.225284018771470196e-01,8.521993996032813934e-01,8.571518323640676673e-01,8.507652334071237332e-01,9.418176051492176404e-01,8.752875117596931043e-01,9.150863051246275193e-01,8.603838583872303047e-01,8.603940107046949004e-01,8.653880135310170196e-01,9.560995727322151305e-01,8.567119264291181979e-01,8.625348581484368893e-01,8.611097549864482614e-01,8.747809376007675830e-01,1.000000000000000000e+00,8.971179883011091150e-01
9.502220322199760316e-01,8.981641144754085593e-01,9.719280428617044221e-01,9.594592216597522816e-01,9.841899453792202213e-01,9.740195511269510442e-01,9.502223488987905364e-01,9.783007518061974661e-01,9.005622942501834149e-01,9.526139895362282228e-01,9.207178234089637980e-01,9.409729734634663112e-01,9.343920796225164693e-01,9.491679875329700478e-01,8.993099444950833909e-01,8.975185431977694694e-01,8.980414230742321813e-01,8.948419949484400782e-01,9.240604996998785792e-01,9.616732309364710574e-01,9.574057846055933352e-01,9.175047469263117872e-01,9.518032292201639155e-01,8.979177921078900226e-01,9.117198469245976211e-01,8.992545444148045686e-01,9.312050037317646245e-01,9.552054169116257487e-01,9.557118636887820262e-01,9.130367261504231946e-01,9.141840781222119183e-01,9.455797674018345811e-01,8.915487447431119650e-01,9.008286008154530178e-01,9.143232545919310894e-01,9.388166888150581979e-01,9.646895823904548806e-01,8.971179883011091150e-01,1.000000000000000000e+00
