1.000000000000000000e+00,8.292652959938650037e-01,3.540030194263992236e-01,1.383623020790380465e-01,5.614558685563740825e-01,2.026973943107650833e-01,4.497986802814327861e-02,-5.415314195080934700e-01,6.779982967794992987e-01,6.425247282875746757e-01,2.572024353567769483e-01,2.229477779507255952e-01,-8.943121720434580105e-03,3.870474055858410534e-01,3.529835249620373316e-01,6.893811514898527948e-01,2.591653795648141134e-01,4.407092181539143394e-01,3.745398406989307039e-01,-7.434110226943694590e-03,1.776916362105392666e-01,8.703414725351711623e-02,5.798494837715799655e-01,1.168660645744862836e-01,3.886692048440527070e-01,6.703330141243749596e-01,6.107793841238584598e-01,4.156236342317760069e-01,5.336059517046178868e-01,7.385487377529158515e-01,2.251114491173637489e-01,5.375306710932034049e-01,6.990252142720319861e-02,5.195422519806005557e-01,5.369564709962941149e-03,3.662019872352181293e-01,1.192240527622491220e-01,6.385033774887944880e-01,4.623210616936626050e-01
8.292652959938650037e-01,1.000000000000000000e+00,3.705187092267240301e-01,1.346944622090308075e-01,5.595581445599900894e-01,2.729502250881380987e-01,4.769661092343482900e-02,-5.282647719734447911e-01,6.544003280005135093e-01,6.687880831717346597e-01,3.599948449423704955e-01,2.446463845350508592e-01,2.699333232311263917e-02,3.811528206910901329e-01,2.996682305751770525e-01,7.117278894825741498e-01,2.921878561233945959e-01,4.545911714692207894e-01,3.799412214688367984e-01,-6.123806989379303178e-02,2.000261171507130842e-01,1.040056143615347428e-01,6.048040578846025639e-01,1.218542696785132190e-01,4.154133975208568752e-01,6.242275534214983823e-01,5.807071843105514608e-01,4.063444868074973515e-01,4.907262860433540541e-01,7.369600410468402085e-01,2.444847262584930736e-01,6.029036498051423276e-01,1.090814179609456702e-01,4.870608135500347768e-01,5.379384001680780590e-03,3.978981135998535534e-01,1.507575573748540232e-01,5.583808311705283911e-01,4.653048227863237352e-01
3.540030194263992236e-01,3.705187092267240301e-01,1.000000000000000000e+00,2.739038237113995411e-01,7.103683033166072747e-01,1.057900951500743009e-01,1.730765569719744379e-01,-7.574330877854704713e-01,6.442351823429876001e-01,3.514302675961250566e-01,3.153728088864867773e-01,3.889087498154343847e-01,-5.446250853109568107e-02,5.517414318987784450e-01,2.230132105384504404e-01,4.044604820878333062e-01,1.909030854338248651e-01,5.609804944067943167e-01,4.157913436028508047e-01,2.482239023811527723e-01,2.676053998276279877e-01,1.536995371402276045e-01,4.375893300104196637e-01,4.184776927186710238e-01,5.568056297004961852e-01,5.516362421193670151e-01,4.422749624688968040e-01,3.016332205351124895e-01,1.862212748999562684e-01,4.131750912982935509e-01,3.557550817003531374e-01,2.725839988854877327e-01,2.580344297448834978e-01,6.769883442997171041e-01,-9.730534548171668532e-03,2.798218389363805736e-01,1.089604562531569371e-01,2.898906706953736645e-01,4.120894656882468921e-01
1.383623020790380465e-01,1.346944622090308075e-01,2.739038237113995411e-01,1.000000000000000000e+00,3.520932302287173021e-01,-3.179245803781820534e-01,-2.960387337074701572e-02,-2.500069503080419309e-01,2.919091227843297331e-01,1.254582016989388427e-01,8.176487953797573205e-02,6.227264057892827331e-01,2.602836589318468508e-01,1.982964627292708448e-01,6.177244814992697286e-01,1.345372304898894977e-01,3.347732478638292819e-01,4.038981615467027719e-01,6.371301979564087947e-01,4.640207536857315351e-01,-1.329187031838025002e-01,2.541172370259519031e-01,1.908635698629855826e-01,1.320316039222891591e-01,2.740501198597225518e-01,1.737089200785615906e-01,3.075704525893678820e-01,-6.793650032677034378e-02,-3.193242281750057754e-01,4.531280497450434347e-02,-1.094956151937358652e-01,1.814274860452988192e-01,1.618877101435347438e-02,3.845570224493349287e-01,-2.546558205411574849e-01,-7.362635555934611553e-02,-1.691411492622726109e-01,3.818628945406443709e-01,5.524072354196337686e-01
5.614558685563740825e-01,5.595581445599900894e-01,7.103683033166072747e-01,3.520932302287173021e-01,1.000000000000000000e+00,4.975085131688649492e-02,1.397846088384343544e-01,-7.597946038681786529e-01,7.506220144343593859e-01,4.643730113940645610e-01,2.362381421883250898e-01,3.519094446491538020e-01,-2.318293568981933880e-02,4.825048478193904034e-01,3.718919212419674047e-01,4.977226048891728594e-01,2.535101651161560388e-01,6.233639169936785462e-01,5.279322308705193256e-01,1.530879378337597629e-01,1.863286763011134384e-01,3.901850210158168408e-02,4.235740373646576518e-01,2.149362886422694074e-01,4.621675305928342747e-01,5.947321312275116734e-01,5.086547528570463106e-01,3.237353138483867188e-01,2.594342174204283813e-01,5.553271919285363012e-01,2.374556771287760215e-01,3.810441887793927229e-01,1.161333221016868922e-01,7.361526549406084419e-01,-2.854649457270658566e-02,2.300238827803230690e-01,8.856025325828552341e-02,4.407079849711800223e-01,4.653223920745798159e-01
2.026973943107650833e-01,2.729502250881380987e-01,1.057900951500743009e-01,-3.179245803781820534e-01,4.975085131688649492e-02,1.000000000000000000e+00,4.459616159904680743e-01,-7.916428648093803977e-02,8.640180355895948905e-02,3.475563766443789948e-01,6.694751431593407576e-01,-3.328775982694022473e-02,6.584131756613700870e-02,3.286561438498206145e-01,-4.141562208082828489e-01,3.392574835630318142e-01,3.174832079332706725e-01,1.497279801985282877e-01,-7.780072757774060543e-02,-2.888958720129533586e-01,5.487109023883999237e-01,2.702538623768840353e-01,2.455713318000034007e-01,2.556928317929577643e-01,2.308158607589919642e-01,3.070517476082276764e-01,3.408022996804339622e-01,4.768662323487099508e-01,6.257646933169946912e-01,2.529032590610380549e-01,5.713997003163456823e-01,3.811345715845416149e-01,6.255941419289842154e-01,-1.355083910173894846e-01,6.038768131062278721e-01,4.358015241704076836e-01,6.570228775781612462e-01,-1.634983581058348234e-01,-3.417720640326377818e-02
4.497986802814327861e-02,4.769661092343482900e-02,1.730765569719744379e-01,-2.960387337074701572e-02,1.397846088384343544e-01,4.459616159904680743e-01,1.000000000000000000e+00,-1.437035250944310172e-01,1.019722737529328155e-01,2.097507741586214780e-01,4.304624868747765065e-01,8.251782664061235728e-02,3.448223822417740281e-01,4.087705185652286133e-01,-1.224752429516299951e-01,2.136643875833214301e-01,3.761479661725023460e-01,2.764001848342207412e-01,9.180697846068731904e-02,1.516673135775299108e-01,4.964092308030726985e-01,4.561212691343633496e-01,1.153327117021341053e-02,6.566516707083830395e-03,3.545216853936725143e-02,2.307639794742877559e-01,1.458288877946931072e-01,6.078108599896094866e-01,4.622661701864513306e-01,1.942552206112679314e-01,4.426419524400829197e-01,3.802764411254511145e-02,5.990335014820634685e-01,-6.503161924337247379e-02,6.150696456714969118e-01,3.856461961410054817e-01,6.053844628675012496e-01,-8.881616291581445610e-02,-9.977821724232323330e-02
-5.415314195080934700e-01,-5.282647719734447911e-01,-7.574330877854704713e-01,-2.500069503080419309e-01,-7.597946038681786529e-01,-7.916428648093803977e-02,-1.437035250944310172e-01,1.000000000000000000e+00,-7.297233074830443700e-01,-4.242310903974111369e-01,-2.386098251574539919e-01,-2.967026016765832996e-01,2.824535827691212336e-02,-4.735784079098180888e-01,-3.318243671303612863e-01,-4.735906807687381148e-01,-2.269114134476296618e-01,-5.748350809087248159e-01,-4.547102339248553227e-01,-2.312387762678125847e-01,-2.826421414023220224e-01,-8.082641179295504963e-02,-4.252306981354836424e-01,-2.835855749732719144e-01,-4.734867860218374691e-01,-6.038462191164988280e-01,-4.819408170763496146e-01,-2.467949723615597002e-01,-2.832230401988932167e-01,-5.466746567494311648e-01,-1.837334797890156357e-01,-3.445448003770734124e-01,-1.011829605068466781e-01,-7.485996016396665453e-01,2.547231816343479768e-02,-2.330986477016854519e-01,-8.100369797581001563e-02,-4.108191305303444119e-01,-3.941703348181626043e-01
6.779982967794992987e-01,6.544003280005135093e-01,6.442351823429876001e-01,2.919091227843297331e-01,7.506220144343593859e-01,8.640180355895948905e-02,1.019722737529328155e-01,-7.297233074830443700e-01,1.000000000000000000e+00,6.365054425924840942e-01,2.569898878036007139e-01,4.032052435763917031e-01,7.089109520841092860e-02,5.264307822505619461e-01,4.074114456436803144e-01,6.665178156688161826e-01,2.819324168128777286e-01,6.267908873234283584e-01,5.271434684961829875e-01,1.641792109163418278e-01,2.133527739335095152e-01,7.280796799899785787e-02,5.980415951344576486e-01,2.470847350745087878e-01,5.692469637225993084e-01,7.073754358093382599e-01,5.725787745175978660e-01,3.769837188786101523e-01,3.536163246154067075e-01,7.055297239993476577e-01,2.724542342713186516e-01,4.499394193431979216e-01,1.093237587113373571e-01,7.240525415153876709e-01,-1.162362097800865024e-01,2.996105405785114417e-01,2.586379254754078358e-02,6.157172679191741382e-01,5.919280229620988987e-01
6.425247282875746757e-01,6.687880831717346597e-01,3.514302675961250566e-01,1.254582016989388427e-01,4.643730113940645610e-01,3.475563766443789948e-01,2.097507741586214780e-01,-4.242310903974111369e-01,6.365054425924840942e-01,1.000000000000000000e+00,3.884392506921786614e-01,2.903079835705837941e-01,1.818268838598306736e-01,4.236568351655096154e-01,1.545977276534277189e-01,8.220801689149369595e-01,3.209602742889670068e-01,5.302542985235626505e-01,3.923204735043876457e-01,-6.732125029684238315e-02,2.182532397633367149e-01,2.360565156879074755e-01,6.183474315523775910e-01,1.553673828633932996e-01,5.065342378634005716e-01,5.911076078544637014e-01,5.244992055901451788e-01,5.182233963940072741e-01,4.738317427235519963e-01,7.418170160436963201e-01,4.028983270635915770e-01,4.618647515447388274e-01,2.722443507207739088e-01,3.456368187684668580e-01,9.033484704362244877e-02,4.557232389541814865e-01,2.031788271565751203e-01,4.585040545054716032e-01,5.031215346254670484e-01
2.572024353567769483e-01,3.599948449423704955e-01,3.153728088864867773e-01,8.176487953797573205e-02,2.362381421883250898e-01,6.694751431593407576e-01,4.304624868747765065e-01,-2.386098251574539919e-01,2.569898878036007139e-01,3.884392506921786614e-01,1.000000000000000000e+00,3.980895376220454085e-01,2.215937875374588417e-01,5.227060411787988192e-01,-5.294969296536505832e-02,4.072275594697986056e-01,6.211812813105638265e-01,4.090929271008312829e-01,3.032093051611874368e-01,-4.405694198834410671e-03,5.599733339942554178e-01,4.504892734567664814e-01,3.339778167544421028e-01,3.806561624333693605e-01,3.347364063526909739e-01,4.419332027710381472e-01,5.543637608389321292e-01,5.022873357343569101e-01,4.601464721395748803e-01,2.542495336300018560e-01,6.093518780070236174e-01,6.071081816272092535e-01,7.029259679338807354e-01,7.070619889684823245e-02,5.292047252758903531e-01,4.606008353658044840e-01,6.579570548002033892e-01,9.400792437758949405e-02,3.253681949695220177e-01
2.229477779507255952e-01,2.446463845350508592e-01,3.889087498154343847e-01,6.227264057892827331e-01,3.519094446491538020e-01,-3.328775982694022473e-02,8.251782664061235728e-02,-2.967026016765832996e-01,4.032052435763917031e-01,2.903079835705837941e-01,3.980895376220454085e-01,1.000000000000000000e+00,4.051272553357579409e-01,4.496287480988168106e-01,6.060925503968671579e-01,3.476811010180759220e-01,5.296233262460653402e-01,5.586811823638857533e-01,7.080872039304648702e-01,4.484936716068023133e-01,1.389857485443529994e-01,4.870710918653116672e-01,4.049079857690041639e-01,3.719422088183425013e-01,4.369153134682612349e-01,3.955522698819328165e-01,5.369064664109605145e-01,2.226428771222504488e-01,-6.861419021976139510e-02,1.534411998504472963e-01,2.428088435444307469e-01,3.250650158537182199e-01,3.341568950111565850e-01,4.000290433983480498e-01,-6.418890202151257551e-02,1.612947491366596708e-01,8.074911951937331633e-02,5.182470812382573566e-01,7.373779510235001222e-01
-8.943121720434580105e-03,2.699333232311263917e-02,-5.446250853109568107e-02,2.602836589318468508e-01,-2.318293568981933880e-02,6.584131756613700870e-02,3.448223822417740281e-01,2.824535827691212336e-02,7.089109520841092860e-02,1.818268838598306736e-01,2.215937875374588417e-01,4.051272553357579409e-01,1.000000000000000000e+00,2.024677701953006836e-01,2.912481314307293623e-01,2.077892498284955591e-01,4.383747572322943542e-01,2.907657071028512674e-01,3.172419222365889246e-01,2.094125474924543040e-01,2.447050244135700603e-01,5.042221265074200431e-01,7.599445959156740649e-02,-1.769833046828933956e-02,8.731428679582835251e-02,3.797319799937163426e-02,5.649297191290181264e-02,1.697566460629400809e-01,4.246464364047056184e-02,8.879394681871322081e-02,-1.989083905073054520e-02,4.456322650412806313e-02,3.003416468618153035e-01,-6.681670069185326188e-02,7.745606893782074065e-02,1.536798397325626342e-01,1.380311690566827787e-01,1.921889368888855254e-01,2.418035433767938003e-01
3.870474055858410534e-01,3.811528206910901329e-01,5.517414318987784450e-01,1.982964627292708448e-01,4.825048478193904034e-01,3.286561438498206145e-01,4.087705185652286133e-01,-4.735784079098180888e-01,5.264307822505619461e-01,4.236568351655096154e-01,5.227060411787988192e-01,4.496287480988168106e-01,2.024677701953006836e-01,1.000000000000000000e+00,2.055434210817939367e-01,5.037574955589174674e-01,4.936695137887943674e-01,4.739257887302947836e-01,3.733463828117805083e-01,2.022162500382556904e-01,3.794398088976712602e-01,3.988145419845056106e-01,4.789218049840642810e-01,4.350282009345005085e-01,5.079160495034737988e-01,5.898858528410896307e-01,5.127443906407928020e-01,5.037009560655693052e-01,4.403959616977546343e-01,4.372347322080664678e-01,5.759571334522364250e-01,4.446390954109865623e-01,5.556146838916240505e-01,4.307275805252651080e-01,2.807039265717877763e-01,5.388347832528028736e-01,4.069553279948808777e-01,3.190039192204931484e-01,4.000688722977829292e-01
3.529835249620373316e-01,2.996682305751770525e-01,2.230132105384504404e-01,6.177244814992697286e-01,3.718919212419674047e-01,-4.141562208082828489e-01,-1.224752429516299951e-01,-3.318243671303612863e-01,4.074114456436803144e-01,1.545977276534277189e-01,-5.294969296536505832e-02,6.060925503968671579e-01,2.912481314307293623e-01,2.055434210817939367e-01,1.000000000000000000e+00,2.119518376236471380e-01,3.260897124540695913e-01,4.415572477659074346e-01,6.692812639271805697e-01,5.096538575590967568e-01,-1.293292892597995569e-01,2.219448412882890354e-01,2.507815483150888092e-01,7.595724409241236263e-02,2.123408717230702292e-01,3.239653615630740946e-01,3.399365363561133169e-01,1.226107411893896529e-03,-1.770531321125300428e-01,1.876407077704441706e-01,-1.710612054910559954e-01,1.782790134614946065e-01,-1.363881969401068706e-01,5.171059604192624892e-01,-3.414787391294756835e-01,-5.414333457168785113e-02,-2.432557886393927893e-01,6.618135295045084465e-01,5.688797243208121301e-01
6.893811514898527948e-01,7.117278894825741498e-01,4.044604820878333062e-01,1.345372304898894977e-01,4.977226048891728594e-01,3.392574835630318142e-01,2.136643875833214301e-01,-4.735906807687381148e-01,6.665178156688161826e-01,8.220801689149369595e-01,4.072275594697986056e-01,3.476811010180759220e-01,2.077892498284955591e-01,5.037574955589174674e-01,2.119518376236471380e-01,1.000000000000000000e+00,3.611935718525678962e-01,5.207742680371483246e-01,4.065613595117387735e-01,-1.802899710032560346e-02,2.640019393911445800e-01,3.029976822785864221e-01,6.710305328646228862e-01,1.780518291163360745e-01,5.429354516520292773e-01,6.231840103900276873e-01,5.585493080856044346e-01,5.391359680469213211e-01,4.963968542263334505e-01,7.723823762273333005e-01,4.317030099869890725e-01,4.785837842143234044e-01,3.097607119724592462e-01,4.160356739747367305e-01,9.447354136763594368e-02,4.954810634903740740e-01,2.103875837155577688e-01,5.017489173815021797e-01,5.425097185944253164e-01
2.591653795648141134e-01,2.921878561233945959e-01,1.909030854338248651e-01,3.347732478638292819e-01,2.535101651161560388e-01,3.174832079332706725e-01,3.761479661725023460e-01,-2.269114134476296618e-01,2.819324168128777286e-01,3.209602742889670068e-01,6.211812813105638265e-01,5.296233262460653402e-01,4.383747572322943542e-01,4.936695137887943674e-01,3.260897124540695913e-01,3.611935718525678962e-01,1.000000000000000000e+00,4.426626056690369793e-01,5.222597181377737208e-01,2.130201981934952415e-01,3.598739365832930859e-01,4.699694668180350310e-01,2.046410287540396666e-01,1.032393394947108828e-01,2.122161028307470720e-01,3.651754054517256654e-01,4.985706800503728608e-01,3.868102067933101296e-01,2.643343334704660874e-01,2.126734183768985709e-01,3.855356748812094891e-01,5.609047453416984297e-01,4.966337546181687213e-01,1.780508375047613612e-01,3.651540730647299671e-01,2.846119490131118202e-01,4.525630577314925795e-01,2.593649740738098730e-01,4.438440372309341853e-01
4.407092181539143394e-01,4.545911714692207894e-01,5.609804944067943167e-01,4.038981615467027719e-01,6.233639169936785462e-01,1.497279801985282877e-01,2.764001848342207412e-01,-5.748350809087248159e-01,6.267908873234283584e-01,5.302542985235626505e-01,4.090929271008312829e-01,5.586811823638857533e-01,2.907657071028512674e-01,4.739257887302947836e-01,4.415572477659074346e-01,5.207742680371483246e-01,4.426626056690369793e-01,1.000000000000000000e+00,7.224432340619406645e-01,2.468755914868062118e-01,2.994404225962331578e-01,3.048379789799424699e-01,4.236513212314488852e-01,2.223596925328894525e-01,4.258322293512517009e-01,5.623566960236570100e-01,5.283012733751506484e-01,4.365975819981066652e-01,2.577132365954655224e-01,4.675618626144616985e-01,2.921587046383099517e-01,3.383854335560428916e-01,3.083454219816039732e-01,4.958977631517201834e-01,9.273919352388532156e-02,1.847367552171692018e-01,2.343426273000521198e-01,4.651752496522996161e-01,5.401140707260988494e-01
3.745398406989307039e-01,3.799412214688367984e-01,4.157913436028508047e-01,6.371301979564087947e-01,5.279322308705193256e-01,-7.780072757774060543e-02,9.180697846068731904e-02,-4.547102339248553227e-01,5.271434684961829875e-01,3.923204735043876457e-01,3.032093051611874368e-01,7.080872039304648702e-01,3.172419222365889246e-01,3.733463828117805083e-01,6.692812639271805697e-01,4.065613595117387735e-01,5.222597181377737208e-01,7.224432340619406645e-01,1.000000000000000000e+00,4.314810446398718025e-01,8.828965612078015779e-02,3.599478903458466772e-01,3.696823380381053514e-01,1.853979292807662049e-01,3.760908936649825507e-01,4.558412485733461250e-01,5.471220180036595604e-01,2.367902057717657938e-01,-1.888590975530266697e-02,2.982192612435305978e-01,1.548564777237886325e-01,3.782440325866412434e-01,1.692448772357900699e-01,5.090497791719684750e-01,-7.891572657452908257e-02,9.041935478484455779e-02,4.909918987140727414e-02,5.339845252555072141e-01,6.769424649048395581e-01
-7.434110226943694590e-03,-6.123806989379303178e-02,2.482239023811527723e-01,4.640207536857315351e-01,1.530879378337597629e-01,-2.888958720129533586e-01,1.516673135775299108e-01,-2.312387762678125847e-01,1.641792109163418278e-01,-6.732125029684238315e-02,-4.405694198834410671e-03,4.484936716068023133e-01,2.094125474924543040e-01,2.022162500382556904e-01,5.096538575590967568e-01,-1.802899710032560346e-02,2.130201981934952415e-01,2.468755914868062118e-01,4.314810446398718025e-01,1.000000000000000000e+00,1.153080405295242063e-02,4.002983623530613766e-01,8.650497117551042559e-02,1.454733849548456581e-01,1.359252761553879640e-01,1.634077788846592105e-01,1.852990674060289722e-01,1.933789225319933539e-02,-2.100686121928773686e-01,-4.755863825040480136e-02,-2.735492613010013369e-02,-4.499008472475740650e-02,3.323721988275443046e-02,3.087383121865386326e-01,-1.323261532647262984e-01,3.361856534619880790e-03,-1.158792054247427955e-01,3.023570866974474858e-01,3.143093371662002422e-01
1.776916362105392666e-01,2.000261171507130842e-01,2.676053998276279877e-01,-1.329187031838025002e-01,1.863286763011134384e-01,5.487109023883999237e-01,4.964092308030726985e-01,-2.826421414023220224e-01,2.133527739335095152e-01,2.182532397633367149e-01,5.599733339942554178e-01,1.389857485443529994e-01,2.447050244135700603e-01,3.794398088976712602e-01,-1.293292892597995569e-01,2.640019393911445800e-01,3.598739365832930859e-01,2.994404225962331578e-01,8.828965612078015779e-02,1.153080405295242063e-02,1.000000000000000000e+00,3.336963996156587786e-01,1.148567784911671691e-01,2.247005044434783050e-01,9.470959021302016723e-02,3.081606078128163451e-01,2.898419737426573550e-01,4.122821669251062193e-01,5.058524367742769368e-01,2.061669755496041700e-01,3.976408789500657237e-01,2.734977546571615292e-01,5.627991020652678422e-01,6.445206037996571713e-02,5.500669493373474550e-01,3.899256106237967145e-01,5.788901876476185704e-01,2.228724649020354023e-03,7.390451240760438634e-02
8.703414725351711623e-02,1.040056143615347428e-01,1.536995371402276045e-01,2.541172370259519031e-01,3.901850210158168408e-02,2.702538623768840353e-01,4.561212691343633496e-01,-8.082641179295504963e-02,7.280796799899785787e-02,2.360565156879074755e-01,4.504892734567664814e-01,4.870710918653116672e-01,5.042221265074200431e-01,3.988145419845056106e-01,2.219448412882890354e-01,3.029976822785864221e-01,4.699694668180350310e-01,3.048379789799424699e-01,3.599478903458466772e-01,4.002983623530613766e-01,3.336963996156587786e-01,1.000000000000000000e+00,2.127917076418256448e-01,2.166664497979803594e-01,2.013738157503133230e-01,2.448935946555153842e-01,3.234144160772676746e-01,4.314593559117533839e-01,1.818185637534708021e-01,1.059955755109261433e-01,4.005138878649202594e-01,1.660438418594641363e-01,5.588508310717984484e-01,-1.668730221657504370e-02,3.159804210049724227e-01,3.963061794382571335e-01,3.739366995126667259e-01,1.589238783306387015e-01,3.041403668878409072e-01
5.798494837715799655e-01,6.048040578846025639e-01,4.375893300104196637e-01,1.908635698629855826e-01,4.235740373646576518e-01,2.455713318000034007e-01,1.153327117021341053e-02,-4.252306981354836424e-01,5.980415951344576486e-01,6.183474315523775910e-01,3.339778167544421028e-01,4.049079857690041639e-01,7.599445959156740649e-02,4.789218049840642810e-01,2.507815483150888092e-01,6.710305328646228862e-01,2.046410287540396666e-01,4.236513212314488852e-01,3.696823380381053514e-01,8.650497117551042559e-02,1.148567784911671691e-01,2.127917076418256448e-01,1.000000000000000000e+00,4.264484688053742922e-01,6.969543532419366638e-01,5.770247332097954152e-01,5.347427811454482649e-01,3.456729796967689672e-01,2.934512660536295892e-01,5.905955778889643293e-01,3.769794246289302486e-01,4.310609843783297923e-01,2.069336422247970153e-01,4.446166360009437546e-01,-1.530370993727093454e-01,3.680496671122054919e-01,4.816013038483262648e-03,4.937061388739186762e-01,5.572512989303095576e-01
1.168660645744862836e-01,1.218542696785132190e-01,4.184776927186710238e-01,1.320316039222891591e-01,2.149362886422694074e-01,2.556928317929577643e-01,6.566516707083830395e-03,-2.835855749732719144e-01,2.470847350745087878e-01,1.553673828633932996e-01,3.806561624333693605e-01,3.719422088183425013e-01,-1.769833046828933956e-02,4.350282009345005085e-01,7.595724409241236263e-02,1.780518291163360745e-01,1.032393394947108828e-01,2.223596925328894525e-01,1.853979292807662049e-01,1.454733849548456581e-01,2.247005044434783050e-01,2.166664497979803594e-01,4.264484688053742922e-01,1.000000000000000000e+00,5.474786889254518174e-01,3.929681517128101320e-01,3.935296243128230120e-01,5.918244789293083258e-02,1.099565321035913257e-01,4.164423662222083156e-02,3.291998205574322434e-01,2.362960152856842522e-01,3.668617567602223684e-01,2.784436554231915495e-01,2.991359320055470006e-02,2.914454039235909177e-01,1.360436595436550211e-01,1.856879861138633625e-01,3.474541076383085292e-01
3.886692048440527070e-01,4.154133975208568752e-01,5.568056297004961852e-01,2.740501198597225518e-01,4.621675305928342747e-01,2.308158607589919642e-01,3.545216853936725143e-02,-4.734867860218374691e-01,5.692469637225993084e-01,5.065342378634005716e-01,3.347364063526909739e-01,4.369153134682612349e-01,8.731428679582835251e-02,5.079160495034737988e-01,2.123408717230702292e-01,5.429354516520292773e-01,2.122161028307470720e-01,4.258322293512517009e-01,3.760908936649825507e-01,1.359252761553879640e-01,9.470959021302016723e-02,2.013738157503133230e-01,6.969543532419366638e-01,5.474786889254518174e-01,1.000000000000000000e+00,5.117869923538679311e-01,4.720850507674038132e-01,2.104042924943133885e-01,1.502644855645880462e-01,4.370980425525263224e-01,3.581138299528905944e-01,3.396979014620880588e-01,2.730921712872336760e-01,5.211728579066741140e-01,-1.813816524663262320e-01,3.105279899543066380e-01,-4.633515217177683332e-02,3.843261483692752556e-01,5.382777109396019721e-01
6.703330141243749596e-01,6.242275534214983823e-01,5.516362421193670151e-01,1.737089200785615906e-01,5.947321312275116734e-01,3.070517476082276764e-01,2.307639794742877559e-01,-6.038462191164988280e-01,7.073754358093382599e-01,5.911076078544637014e-01,4.419332027710381472e-01,3.955522698819328165e-01,3.797319799937163426e-02,5.898858528410896307e-01,3.239653615630740946e-01,6.231840103900276873e-01,3.651754054517256654e-01,5.623566960236570100e-01,4.558412485733461250e-01,1.634077788846592105e-01,3.081606078128163451e-01,2.448935946555153842e-01,5.770247332097954152e-01,3.929681517128101320e-01,5.117869923538679311e-01,1.000000000000000000e+00,7.389879056977888272e-01,5.340491741863981900e-01,5.449077648470805890e-01,5.933646192652453077e-01,4.681506340995638671e-01,5.216695252416102546e-01,3.505595078037347379e-01,5.460527778036482482e-01,1.402090250687131057e-01,4.376861477293494951e-01,2.823399418741339706e-01,6.006026116088661881e-01,4.998122384902774495e-01
6.107793841238584598e-01,5.807071843105514608e-01,4.422749624688968040e-01,3.075704525893678820e-01,5.086547528570463106e-01,3.408022996804339622e-01,1.458288877946931072e-01,-4.819408170763496146e-01,5.725787745175978660e-01,5.244992055901451788e-01,5.543637608389321292e-01,5.369064664109605145e-01,5.649297191290181264e-02,5.127443906407928020e-01,3.399365363561133169e-01,5.585493080856044346e-01,4.985706800503728608e-01,5.283012733751506484e-01,5.471220180036595604e-01,1.852990674060289722e-01,2.898419737426573550e-01,3.234144160772676746e-01,5.347427811454482649e-01,3.935296243128230120e-01,4.720850507674038132e-01,7.389879056977888272e-01,1.000000000000000000e+00,4.660978503915063076e-01,4.447207252596087623e-01,4.515298027477892551e-01,4.815379834970386352e-01,6.202758170348455780e-01,3.945784010221663474e-01,4.441132793577389770e-01,2.069093496700608326e-01,3.896178178480130816e-01,3.398539370178377261e-01,5.490782996681780048e-01,6.113927924812697645e-01
4.156236342317760069e-01,4.063444868074973515e-01,3.016332205351124895e-01,-6.793650032677034378e-02,3.237353138483867188e-01,4.768662323487099508e-01,6.078108599896094866e-01,-2.467949723615597002e-01,3.769837188786101523e-01,5.182233963940072741e-01,5.022873357343569101e-01,2.226428771222504488e-01,1.697566460629400809e-01,5.037009560655693052e-01,1.226107411893896529e-03,5.391359680469213211e-01,3.868102067933101296e-01,4.365975819981066652e-01,2.367902057717657938e-01,1.933789225319933539e-02,4.122821669251062193e-01,4.314593559117533839e-01,3.456729796967689672e-01,5.918244789293083258e-02,2.104042924943133885e-01,5.340491741863981900e-01,4.660978503915063076e-01,1.000000000000000000e+00,6.412397739238536731e-01,4.990789285986078072e-01,6.793563257720010018e-01,3.085627421968051842e-01,5.626655350067895078e-01,9.355774694714365236e-02,5.139115889448786501e-01,5.288952582365270549e-01,5.739676665021780089e-01,2.415200427423475349e-01,1.932445481118910124e-01
5.336059517046178868e-01,4.907262860433540541e-01,1.862212748999562684e-01,-3.193242281750057754e-01,2.594342174204283813e-01,6.257646933169946912e-01,4.622661701864513306e-01,-2.832230401988932167e-01,3.536163246154067075e-01,4.738317427235519963e-01,4.601464721395748803e-01,-6.861419021976139510e-02,4.246464364047056184e-02,4.403959616977546343e-01,-1.770531321125300428e-01,4.963968542263334505e-01,2.643343334704660874e-01,2.577132365954655224e-01,-1.888590975530266697e-02,-2.100686121928773686e-01,5.058524367742769368e-01,1.818185637534708021e-01,2.934512660536295892e-01,1.099565321035913257e-01,1.502644855645880462e-01,5.449077648470805890e-01,4.447207252596087623e-01,6.412397739238536731e-01,1.000000000000000000e+00,5.434965701234089064e-01,4.994331221568893420e-01,3.884342843524183908e-01,4.595824315519491110e-01,8.198870695487446569e-02,5.518509371452953172e-01,5.081078881011775739e-01,5.984776216773658453e-01,1.954400309777185873e-01,2.110701539388803658e-02
7.385487377529158515e-01,7.369600410468402085e-01,4.131750912982935509e-01,4.531280497450434347e-02,5.553271919285363012e-01,2.529032590610380549e-01,1.942552206112679314e-01,-5.466746567494311648e-01,7.055297239993476577e-01,7.418170160436963201e-01,2.542495336300018560e-01,1.534411998504472963e-01,8.879394681871322081e-02,4.372347322080664678e-01,1.876407077704441706e-01,7.723823762273333005e-01,2.126734183768985709e-01,4.675618626144616985e-01,2.982192612435305978e-01,-4.755863825040480136e-02,2.061669755496041700e-01,1.059955755109261433e-01,5.905955778889643293e-01,4.164423662222083156e-02,4.370980425525263224e-01,5.933646192652453077e-01,4.515298027477892551e-01,4.990789285986078072e-01,5.434965701234089064e-01,1.000000000000000000e+00,3.078826172544363859e-01,4.235422301760412012e-01,1.167812584806553894e-01,4.721875131275743986e-01,2.364696097281230106e-02,4.130404581759029581e-01,1.337336248267168293e-01,4.885996270310927203e-01,3.855819390206116637e-01
2.251114491173637489e-01,2.444847262584930736e-01,3.557550817003531374e-01,-1.094956151937358652e-01,2.374556771287760215e-01,5.713997003163456823e-01,4.426419524400829197e-01,-1.837334797890156357e-01,2.724542342713186516e-01,4.028983270635915770e-01,6.093518780070236174e-01,2.428088435444307469e-01,-1.989083905073054520e-02,5.759571334522364250e-01,-1.710612054910559954e-01,4.317030099869890725e-01,3.855356748812094891e-01,2.921587046383099517e-01,1.548564777237886325e-01,-2.735492613010013369e-02,3.976408789500657237e-01,4.005138878649202594e-01,3.769794246289302486e-01,3.291998205574322434e-01,3.581138299528905944e-01,4.681506340995638671e-01,4.815379834970386352e-01,6.793563257720010018e-01,4.994331221568893420e-01,3.078826172544363859e-01,1.000000000000000000e+00,3.739808175747636465e-01,6.557877249419752363e-01,7.811274323885565585e-02,5.023264740654895810e-01,5.130762958930804585e-01,5.646080238326602885e-01,4.683025698599173337e-02,2.249279458531094900e-01
5.375306710932034049e-01,6.029036498051423276e-01,2.725839988854877327e-01,1.814274860452988192e-01,3.810441887793927229e-01,3.811345715845416149e-01,3.802764411254511145e-02,-3.445448003770734124e-01,4.499394193431979216e-01,4.618647515447388274e-01,6.071081816272092535e-01,3.250650158537182199e-01,4.456322650412806313e-02,4.446390954109865623e-01,1.782790134614946065e-01,4.785837842143234044e-01,5.609047453416984297e-01,3.383854335560428916e-01,3.782440325866412434e-01,-4.499008472475740650e-02,2.734977546571615292e-01,1.660438418594641363e-01,4.310609843783297923e-01,2.362960152856842522e-01,3.396979014620880588e-01,5.216695252416102546e-01,6.202758170348455780e-01,3.085627421968051842e-01,3.884342843524183908e-01,4.235422301760412012e-01,3.739808175747636465e-01,1.000000000000000000e+00,2.737990965638310570e-01,3.048253111186698949e-01,1.710040039167018688e-01,4.071405166764390238e-01,3.135786196709312579e-01,3.371481380427240881e-01,4.502132112331836966e-01
6.990252142720319861e-02,1.090814179609456702e-01,2.580344297448834978e-01,1.618877101435347438e-02,1.161333221016868922e-01,6.255941419289842154e-01,5.990335014820634685e-01,-1.011829605068466781e-01,1.093237587113373571e-01,2.722443507207739088e-01,7.029259679338807354e-01,3.341568950111565850e-01,3.003416468618153035e-01,5.556146838916240505e-01,-1.363881969401068706e-01,3.097607119724592462e-01,4.966337546181687213e-01,3.083454219816039732e-01,1.692448772357900699e-01,3.323721988275443046e-02,5.627991020652678422e-01,5.588508310717984484e-01,2.069336422247970153e-01,3.668617567602223684e-01,2.730921712872336760e-01,3.505595078037347379e-01,3.945784010221663474e-01,5.626655350067895078e-01,4.595824315519491110e-01,1.167812584806553894e-01,6.557877249419752363e-01,2.737990965638310570e-01,1.000000000000000000e+00,-5.492712627659796648e-02,6.395372207219749416e-01,5.084783850309809727e-01,7.097838787305944530e-01,-2.507677312913528592e-02,1.864408008763731028e-01
5.195422519806005557e-01,4.870608135500347768e-01,6.769883442997171041e-01,3.845570224493349287e-01,7.361526549406084419e-01,-1.355083910173894846e-01,-6.503161924337247379e-02,-7.485996016396665453e-01,7.240525415153876709e-01,3.456368187684668580e-01,7.070619889684823245e-02,4.000290433983480498e-01,-6.681670069185326188e-02,4.307275805252651080e-01,5.171059604192624892e-01,4.160356739747367305e-01,1.780508375047613612e-01,4.958977631517201834e-01,5.090497791719684750e-01,3.087383121865386326e-01,6.445206037996571713e-02,-1.668730221657504370e-02,4.446166360009437546e-01,2.784436554231915495e-01,5.211728579066741140e-01,5.460527778036482482e-01,4.441132793577389770e-01,9.355774694714365236e-02,8.198870695487446569e-02,4.721875131275743986e-01,7.811274323885565585e-02,3.048253111186698949e-01,-5.492712627659796648e-02,1.000000000000000000e+00,-2.817191677415942230e-01,9.585121797756074313e-02,-1.718237143400397626e-01,5.340802525872833106e-01,5.077908657839999007e-01
5.369564709962941149e-03,5.379384001680780590e-03,-9.730534548171668532e-03,-2.546558205411574849e-01,-2.854649457270658566e-02,6.038768131062278721e-01,6.150696456714969118e-01,2.547231816343479768e-02,-1.162362097800865024e-01,9.033484704362244877e-02,5.292047252758903531e-01,-6.418890202151257551e-02,7.745606893782074065e-02,2.807039265717877763e-01,-3.414787391294756835e-01,9.447354136763594368e-02,3.651540730647299671e-01,9.273919352388532156e-02,-7.891572657452908257e-02,-1.323261532647262984e-01,5.500669493373474550e-01,3.159804210049724227e-01,-1.530370993727093454e-01,2.991359320055470006e-02,-1.813816524663262320e-01,1.402090250687131057e-01,2.069093496700608326e-01,5.139115889448786501e-01,5.518509371452953172e-01,2.364696097281230106e-02,5.023264740654895810e-01,1.710040039167018688e-01,6.395372207219749416e-01,-2.817191677415942230e-01,1.000000000000000000e+00,3.589669082009848133e-01,8.229903283870089181e-01,-2.504457949425735186e-01,-1.939741047458236334e-01
3.662019872352181293e-01,3.978981135998535534e-01,2.798218389363805736e-01,-7.362635555934611553e-02,2.300238827803230690e-01,4.358015241704076836e-01,3.856461961410054817e-01,-2.330986477016854519e-01,2.996105405785114417e-01,4.557232389541814865e-01,4.606008353658044840e-01,1.612947491366596708e-01,1.536798397325626342e-01,5.388347832528028736e-01,-5.414333457168785113e-02,4.954810634903740740e-01,2.846119490131118202e-01,1.847367552171692018e-01,9.041935478484455779e-02,3.361856534619880790e-03,3.899256106237967145e-01,3.963061794382571335e-01,3.680496671122054919e-01,2.914454039235909177e-01,3.105279899543066380e-01,4.376861477293494951e-01,3.896178178480130816e-01,5.288952582365270549e-01,5.081078881011775739e-01,4.130404581759029581e-01,5.130762958930804585e-01,4.071405166764390238e-01,5.084783850309809727e-01,9.585121797756074313e-02,3.589669082009848133e-01,1.000000000000000000e+00,4.134798198837653094e-01,1.775360497299421636e-01,2.206171729392743530e-01
1.192240527622491220e-01,1.507575573748540232e-01,1.089604562531569371e-01,-1.691411492622726109e-01,8.856025325828552341e-02,6.570228775781612462e-01,6.053844628675012496e-01,-8.100369797581001563e-02,2.586379254754078358e-02,2.031788271565751203e-01,6.579570548002033892e-01,8.074911951937331633e-02,1.380311690566827787e-01,4.069553279948808777e-01,-2.432557886393927893e-01,2.103875837155577688e-01,4.525630577314925795e-01,2.343426273000521198e-01,4.909918987140727414e-02,-1.158792054247427955e-01,5.788901876476185704e-01,3.739366995126667259e-01,4.816013038483262648e-03,1.360436595436550211e-01,-4.633515217177683332e-02,2.823399418741339706e-01,3.398539370178377261e-01,5.739676665021780089e-01,5.984776216773658453e-01,1.337336248267168293e-01,5.646080238326602885e-01,3.135786196709312579e-01,7.097838787305944530e-01,-1.718237143400397626e-01,8.229903283870089181e-01,4.134798198837653094e-01,1.000000000000000000e+00,-1.355727073997565757e-01,-5.116977505628510225e-02
6.385033774887944880e-01,5.583808311705283911e-01,2.898906706953736645e-01,3.818628945406443709e-01,4.407079849711800223e-01,-1.634983581058348234e-01,-8.881616291581445610e-02,-4.108191305303444119e-01,6.157172679191741382e-01,4.585040545054716032e-01,9.400792437758949405e-02,5.182470812382573566e-01,1.921889368888855254e-01,3.190039192204931484e-01,6.618135295045084465e-01,5.017489173815021797e-01,2.593649740738098730e-01,4.651752496522996161e-01,5.339845252555072141e-01,3.023570866974474858e-01,2.228724649020354023e-03,1.589238783306387015e-01,4.937061388739186762e-01,1.856879861138633625e-01,3.843261483692752556e-01,6.006026116088661881e-01,5.490782996681780048e-01,2.415200427423475349e-01,1.954400309777185873e-01,4.885996270310927203e-01,4.683025698599173337e-02,3.371481380427240881e-01,-2.507677312913528592e-02,5.340802525872833106e-01,-2.504457949425735186e-01,1.775360497299421636e-01,-1.355727073997565757e-01,1.000000000000000000e+00,6.501176236256387408e-01
4.623210616936626050e-01,4.653048227863237352e-01,4.120894656882468921e-01,5.524072354196337686e-01,4.653223920745798159e-01,-3.417720640326377818e-02,-9.977821724232323330e-02,-3.941703348181626043e-01,5.919280229620988987e-01,5.031215346254670484e-01,3.253681949695220177e-01,7.373779510235001222e-01,2.418035433767938003e-01,4.000688722977829292e-01,5.688797243208121301e-01,5.425097185944253164e-01,4.438440372309341853e-01,5.401140707260988494e-01,6.769424649048395581e-01,3.143093371662002422e-01,7.390451240760438634e-02,3.041403668878409072e-01,5.572512989303095576e-01,3.474541076383085292e-01,5.382777109396019721e-01,4.998122384902774495e-01,6.113927924812697645e-01,1.932445481118910124e-01,2.110701539388803658e-02,3.855819390206116637e-01,2.249279458531094900e-01,4.502132112331836966e-01,1.864408008763731028e-01,5.077908657839999007e-01,-1.939741047458236334e-01,2.206171729392743530e-01,-5.116977505628510225e-02,6.501176236256387408e-01,1.000000000000000000e+00
