1.000000000000000000e+00,7.902881238456439528e-01,6.006849299678941323e-01,-4.805062884127474926e-02,6.324568124168585825e-01,3.713507385570484765e-01,9.782532429081139402e-02,-6.042352384455415004e-01,6.778106267233136029e-01,6.980574205662948284e-01,2.648014154121566266e-01,5.702508915399095990e-01,-3.615005773239989284e-01,6.864166999940127800e-01,5.783613101228394227e-01,7.498734325554298197e-01,-5.999382953608938668e-02,5.968042542310090237e-01,5.778691202074549560e-01,2.721793308623373653e-01,3.761576518363931032e-01,4.873565975880176926e-01,7.339629928156796712e-01,5.261956982092745871e-01,6.882917554588996456e-01,6.966072473474232973e-01,4.175633182328158943e-01,6.188427020685953739e-01,6.073055853849261831e-01,7.729336059952908178e-01,4.997869580373748843e-01,6.246760652642709966e-01,4.062535521875669797e-01,5.855395068662149205e-01,5.092414516457168805e-01,7.155583581153888151e-01,5.354650237318347994e-01,7.023612460091958054e-01,7.663600426420201783e-01
7.902881238456439528e-01,1.000000000000000000e+00,6.331321957010982437e-01,-7.985821199324593875e-03,6.320236036503356081e-01,4.887009019078014660e-01,5.421230492709138565e-02,-6.555469541260579014e-01,6.920915828871087028e-01,7.919666309980913921e-01,4.715216505986040696e-01,5.746642792915566123e-01,-5.363623651416890015e-01,7.479659396993069143e-01,4.207157826799126643e-01,8.086905012212963761e-01,-1.079758143153559530e-01,6.009914872389632290e-01,5.915684261111774367e-01,3.276698562746210297e-01,4.831838909355405387e-01,5.647761189526603332e-01,7.742937974034506121e-01,6.161743943239293975e-01,7.225128265751824541e-01,6.220913100941785068e-01,5.129625405095835644e-01,6.076337837589917967e-01,5.334935824974524898e-01,7.130665106716456147e-01,5.918002781483736596e-01,7.387634574361892081e-01,4.866642547240405126e-01,5.586740528928969551e-01,5.743474199151932247e-01,7.255453207755299116e-01,6.731232607899667597e-01,6.302056088068719308e-01,8.365432186531941428e-01
6.006849299678941323e-01,6.331321957010982437e-01,1.000000000000000000e+00,2.351925264240398161e-03,8.476263728352432247e-01,3.779686587073393111e-01,1.201127968117589734e-01,-8.864148890597813857e-01,7.535679133632620097e-01,7.666750632904079099e-01,4.873713308964062740e-01,4.867592205806090533e-01,-7.205657174714084068e-01,7.822709147403138497e-01,2.242764138974865373e-01,6.883036605155573584e-01,1.556596818433765572e-01,7.210077978219194828e-01,7.828850612464538505e-01,4.278949031512269685e-01,4.983828304335019554e-01,5.966140611333663468e-01,7.318768741982679682e-01,6.299576245958431464e-01,6.874279778372816008e-01,7.232061255064502481e-01,6.229055095331144098e-01,8.024628977877081848e-01,4.625125369976564316e-01,5.832412097100114767e-01,7.584669566749818737e-01,6.849993091277587487e-01,5.698752982696043690e-01,7.222151233965850015e-01,5.242827530026441529e-01,5.718039659096194605e-01,6.662703644027111460e-01,4.381597455041195688e-01,6.817035462572395010e-01
-4.805062884127474926e-02,-7.985821199324593875e-03,2.351925264240398161e-03,1.000000000000000000e+00,-3.292844438467856100e-02,1.459325698670800309e-01,7.147286464837796505e-01,1.239135512433915121e-01,6.037893468005631897e-02,7.023705028618346113e-02,2.762041179507840893e-01,-3.674016746833141389e-01,7.151960503864777940e-02,8.347563852087928893e-02,-4.888251102174122620e-01,1.710303812672635607e-02,1.851414063759102280e-01,2.509093397455805161e-02,6.231232401290322243e-02,3.074023273987976368e-01,-1.454011286313603227e-02,1.450004298549248949e-01,-6.582926097201069471e-02,5.730623740594333049e-02,2.927169986089040235e-02,-5.241082475864854151e-02,1.638878328286077213e-01,-5.028742643541918300e-02,3.101843000545000395e-01,9.832997359317563468e-02,3.606625886989436869e-02,2.194495528564000264e-01,3.354269568294754311e-01,-3.052761814667593332e-01,1.851538674763588410e-01,-7.799515489507392874e-02,3.107982953375237334e-01,-2.098216489935169626e-01,-1.440929719574499390e-01
6.324568124168585825e-01,6.320236036503356081e-01,8.476263728352432247e-01,-3.292844438467856100e-02,1.000000000000000000e+00,3.288561529847132126e-01,5.439235788084441359e-02,-8.528665777301387418e-01,7.561413590789235473e-01,7.294092413354256177e-01,4.286456909450592767e-01,5.046742157435395448e-01,-6.132235286387018869e-01,7.646334271112372738e-01,2.810415484476641024e-01,6.856697160463118834e-01,1.734095139618468673e-01,7.842862547058389033e-01,7.706535994908283449e-01,3.232281104280573247e-01,3.953523476992954477e-01,4.574077430276131118e-01,7.280959713594704619e-01,5.501102927793303232e-01,5.864620608388915191e-01,7.169722000769497283e-01,5.921599636724372839e-01,7.064752986409760238e-01,4.402455005992956805e-01,5.880091113356483712e-01,6.620084784605273498e-01,6.463748317339039762e-01,4.701903370384186709e-01,6.793141875386096151e-01,4.778445106581831192e-01,5.694830235066627999e-01,6.072996306297553382e-01,4.765473706053058311e-01,6.610582301476012335e-01
3.713507385570484765e-01,4.887009019078014660e-01,3.779686587073393111e-01,1.459325698670800309e-01,3.288561529847132126e-01,1.000000000000000000e+00,2.360553607750888183e-01,-2.987550236124453806e-01,4.628533554110440540e-01,5.669581650266067863e-01,7.482870686638645186e-01,8.100648765443546617e-02,-4.580954630421921192e-01,5.133781155961607556e-01,7.432946580428181904e-02,4.349697284597849878e-01,-3.322937201908804372e-02,2.209610669886677425e-01,3.113654496673537997e-01,5.090413579914285780e-01,6.149902849508077640e-01,6.351259728983228436e-01,5.813585651129168363e-01,6.663139646652495029e-01,5.916562034065172559e-01,5.322870972535466150e-01,5.473384088914243772e-01,5.802802949857843728e-01,7.126359799589286892e-01,4.056434168150631625e-01,5.791667484654582365e-01,5.867324551009779343e-01,7.203082815635698521e-01,1.084036464984194370e-01,8.033447161798609182e-01,1.748847260232988809e-01,6.888781285554255174e-01,3.515298061392083118e-01,3.530906389651409238e-01
9.782532429081139402e-02,5.421230492709138565e-02,1.201127968117589734e-01,7.147286464837796505e-01,5.439235788084441359e-02,2.360553607750888183e-01,1.000000000000000000e+00,1.396084940733000219e-02,4.434597740054367632e-02,1.219097853386447577e-01,1.933416460985990237e-01,-4.765505648983318077e-01,1.312276281215720743e-02,1.697014551884050981e-01,-4.028656096970362754e-01,5.064125385978899413e-02,3.160577933598499728e-02,1.226810432001673168e-01,1.301053412487762906e-01,3.084325784823878647e-01,-5.125705449952623616e-02,1.415384735353137358e-01,1.458271887286978485e-02,1.323932318850194190e-01,2.063906594378528692e-01,1.890310658249389972e-02,6.247958394524894682e-02,7.009191074499683538e-02,4.106063209772095046e-01,1.918357653127497342e-01,5.570924990091926515e-02,1.325539074116280913e-01,2.785501722498288646e-01,-2.121375711415606768e-01,2.438010789355623542e-01,1.709569007720146069e-02,2.982857177923026737e-01,-2.123990674628598030e-01,-8.326354713963275700e-02
-6.042352384455415004e-01,-6.555469541260579014e-01,-8.864148890597813857e-01,1.239135512433915121e-01,-8.528665777301387418e-01,-2.987550236124453806e-01,1.396084940733000219e-02,1.000000000000000000e+00,-7.041045230217529705e-01,-7.166583775253355659e-01,-3.990530984143097482e-01,-5.459890213919582624e-01,6.913109251333486860e-01,-7.655573714416593623e-01,-2.991985064312993048e-01,-6.853552352805805103e-01,-9.948074750993256277e-02,-7.509771481478422217e-01,-7.782349539581826514e-01,-2.671287217264812774e-01,-4.305435996281133382e-01,-4.872954342655272386e-01,-7.210189115714931152e-01,-5.433060323448908324e-01,-6.207919990389755283e-01,-6.845294758539335334e-01,-5.530448829392869969e-01,-7.201746627726601790e-01,-3.452388321559642370e-01,-5.235143689801741163e-01,-6.873415412567532856e-01,-6.527973219124979520e-01,-4.264588752335136124e-01,-7.550397495799907599e-01,-4.429956582519937736e-01,-6.085329025401602365e-01,-5.951101376777560015e-01,-4.947130418490696679e-01,-7.094786658645312327e-01
6.778106267233136029e-01,6.920915828871087028e-01,7.535679133632620097e-01,6.037893468005631897e-02,7.561413590789235473e-01,4.628533554110440540e-01,4.434597740054367632e-02,-7.041045230217529705e-01,1.000000000000000000e+00,8.470851352775199405e-01,6.039365765275139797e-01,6.150967040685593190e-01,-7.076785984661703166e-01,8.093562554341143800e-01,3.769670941613048609e-01,8.337030855614658842e-01,1.060501819624901226e-01,5.725579913674043731e-01,7.439568611002672638e-01,4.207802374220130370e-01,5.376244105387115724e-01,6.318308748408372200e-01,8.203241280739139718e-01,6.794593649762182830e-01,6.928519023463319826e-01,8.114138523341095643e-01,7.447065884199248753e-01,8.112266768238148851e-01,5.687292439999470650e-01,7.178749430302998613e-01,8.259641961341056549e-01,7.916448703070819715e-01,6.602668582007169551e-01,6.769257786267847132e-01,6.673178243226491890e-01,5.565673140178611922e-01,7.351490091167819374e-01,6.832852167368604901e-01,7.522748546819999493e-01
6.980574205662948284e-01,7.919666309980913921e-01,7.666750632904079099e-01,7.023705028618346113e-02,7.294092413354256177e-01,5.669581650266067863e-01,1.219097853386447577e-01,-7.166583775253355659e-01,8.470851352775199405e-01,1.000000000000000000e+00,6.546602953247270262e-01,5.526627414568990870e-01,-7.559983725445734715e-01,8.383866514439223261e-01,3.101472467157774249e-01,8.639411162151501289e-01,5.282956335708475365e-02,5.872223210056193299e-01,6.830988134442708137e-01,4.651840795002455953e-01,5.837007067196317012e-01,6.699645921190496844e-01,8.369634088042937625e-01,7.428545689935136531e-01,7.890988538902671268e-01,7.597775710904751678e-01,7.276219589199918181e-01,7.969692460569409720e-01,5.914787415701889817e-01,7.241529263555065432e-01,8.140555099639568137e-01,8.045834056215207530e-01,6.910206904817626228e-01,6.118291827916441106e-01,6.987967569873363427e-01,6.677351725127513848e-01,8.042292170219903502e-01,6.032506150488331498e-01,7.950344168954543989e-01
2.648014154121566266e-01,4.715216505986040696e-01,4.873713308964062740e-01,2.762041179507840893e-01,4.286456909450592767e-01,7.482870686638645186e-01,1.933416460985990237e-01,-3.990530984143097482e-01,6.039365765275139797e-01,6.546602953247270262e-01,1.000000000000000000e+00,1.761864383877738416e-01,-6.544270687389460717e-01,5.800075735546824651e-01,-1.106833371204705291e-01,5.138377968058589484e-01,2.184497902325290841e-01,2.387862488108103143e-01,3.675355483935174306e-01,4.996471431710289290e-01,5.873514471237244461e-01,6.232641614488755311e-01,5.696364572488278322e-01,7.194636162160588100e-01,5.389550405562808510e-01,5.658036640242192217e-01,7.643539384524011826e-01,5.998654956606024324e-01,5.851531310143128772e-01,3.463978854815055741e-01,7.376070107367286299e-01,7.018357661487132360e-01,8.229077978604798504e-01,1.694572473436680715e-01,7.789712866894822341e-01,1.939507318512005418e-01,7.945183061518440448e-01,3.548275576911654183e-01,4.187431190320300978e-01
5.702508915399095990e-01,5.746642792915566123e-01,4.867592205806090533e-01,-3.674016746833141389e-01,5.046742157435395448e-01,8.100648765443546617e-02,-4.765505648983318077e-01,-5.459890213919582624e-01,6.150967040685593190e-01,5.526627414568990870e-01,1.761864383877738416e-01,1.000000000000000000e+00,-4.768687610932207388e-01,4.925158946435643781e-01,6.974275200671354868e-01,6.252973517849809149e-01,-5.641112215285527115e-02,4.506284958753791203e-01,4.855938614630857519e-01,1.359779729964736561e-01,4.056681637538309682e-01,4.085003307630959979e-01,5.771673298825543696e-01,3.527672973281784641e-01,3.816591461073108871e-01,5.355204173768479681e-01,4.554060771758282056e-01,5.090790645438298956e-01,1.177543707754441227e-01,4.677767318421135467e-01,4.945658916376062808e-01,5.200523879214659084e-01,2.198867418366300119e-01,7.226901638246505666e-01,2.495112778725034897e-01,6.032014989570522179e-01,3.239825657043847729e-01,6.696483305491415239e-01,7.340600057495738628e-01
-3.615005773239989284e-01,-5.363623651416890015e-01,-7.205657174714084068e-01,7.151960503864777940e-02,-6.132235286387018869e-01,-4.580954630421921192e-01,1.312276281215720743e-02,6.913109251333486860e-01,-7.076785984661703166e-01,-7.559983725445734715e-01,-6.544270687389460717e-01,-4.768687610932207388e-01,1.000000000000000000e+00,-7.025509747803718730e-01,-1.122550589726484666e-01,-6.634759119627310353e-01,-2.710396518123181497e-02,-4.119350888448815584e-01,-6.000734333825251676e-01,-3.731921376978236116e-01,-5.568942449692054764e-01,-5.900970241909310188e-01,-6.444680830398359372e-01,-6.511536939450381922e-01,-6.070056674587384071e-01,-6.113739441470971148e-01,-7.061968908720991367e-01,-7.463080125899094197e-01,-3.285777531213336933e-01,-4.212228958858530992e-01,-8.482195023092956587e-01,-6.510707524915294586e-01,-6.132472457943337618e-01,-5.994588529568016799e-01,-5.903805101531808264e-01,-4.412020173519623500e-01,-6.968260017020786456e-01,-4.121582210550464032e-01,-6.448460680906136222e-01
6.864166999940127800e-01,7.479659396993069143e-01,7.822709147403138497e-01,8.347563852087928893e-02,7.646334271112372738e-01,5.133781155961607556e-01,1.697014551884050981e-01,-7.655573714416593623e-01,8.093562554341143800e-01,8.383866514439223261e-01,5.800075735546824651e-01,4.925158946435643781e-01,-7.025509747803718730e-01,1.000000000000000000e+00,3.040765732419445921e-01,8.284397674112882193e-01,2.460663049710163156e-03,6.614747575946022806e-01,7.551253966090337721e-01,3.762749686382874104e-01,5.217269687544181522e-01,6.266955407966766645e-01,8.214949873086980769e-01,7.082276844663598636e-01,7.578297330742945759e-01,7.624641082108521983e-01,6.614277454818641155e-01,7.752706156014975702e-01,6.177505153225385515e-01,6.596872992717337514e-01,7.708640897979208706e-01,7.888059067605071029e-01,6.221019774704988903e-01,6.288514710493928739e-01,6.885132716020698762e-01,6.630725830164357903e-01,8.010999425297570253e-01,5.812487855661507830e-01,7.465065321306803003e-01
5.783613101228394227e-01,4.207157826799126643e-01,2.242764138974865373e-01,-4.888251102174122620e-01,2.810415484476641024e-01,7.432946580428181904e-02,-4.028656096970362754e-01,-2.991985064312993048e-01,3.769670941613048609e-01,3.101472467157774249e-01,-1.106833371204705291e-01,6.974275200671354868e-01,-1.122550589726484666e-01,3.040765732419445921e-01,1.000000000000000000e+00,4.262931440744233691e-01,-2.653433471377674158e-01,2.987848304972819391e-01,3.480715756959349982e-01,8.551539869493199331e-02,3.025982594571930973e-01,3.058752228745462709e-01,4.749300257401330994e-01,2.327874860348337072e-01,3.284726451652176249e-01,4.196564930313586017e-01,7.808174702312292714e-02,3.692047542608929978e-01,1.590442839078060056e-01,4.728338518927908130e-01,1.961581624535801149e-01,2.468669249064798787e-01,-2.741990882841308959e-05,5.800776194891897886e-01,1.405451712737877112e-01,4.687765116261569665e-01,4.281778038679776716e-02,6.331741466332324597e-01,4.996917043997596841e-01
7.498734325554298197e-01,8.086905012212963761e-01,6.883036605155573584e-01,1.710303812672635607e-02,6.856697160463118834e-01,4.349697284597849878e-01,5.064125385978899413e-02,-6.853552352805805103e-01,8.337030855614658842e-01,8.639411162151501289e-01,5.138377968058589484e-01,6.252973517849809149e-01,-6.634759119627310353e-01,8.284397674112882193e-01,4.262931440744233691e-01,1.000000000000000000e+00,-3.767118488138297694e-02,5.832894824839652825e-01,6.823980062148405912e-01,3.052541343748662594e-01,4.913160864549361850e-01,5.918420614418615777e-01,8.168606154500912542e-01,6.410189231862405412e-01,7.381203480102171977e-01,7.291641814975443614e-01,6.250518757131546810e-01,7.134509461751562531e-01,5.224615596294841513e-01,7.355851441479358543e-01,7.302919315208911133e-01,7.672423305628399692e-01,5.491521628141134981e-01,6.650748078754665782e-01,6.152607109193700685e-01,7.407762709442442528e-01,7.256038258939796481e-01,6.939395025958223773e-01,8.148715996415925034e-01
-5.999382953608938668e-02,-1.079758143153559530e-01,1.556596818433765572e-01,1.851414063759102280e-01,1.734095139618468673e-01,-3.322937201908804372e-02,3.160577933598499728e-02,-9.948074750993256277e-02,1.060501819624901226e-01,5.282956335708475365e-02,2.184497902325290841e-01,-5.641112215285527115e-02,-2.710396518123181497e-02,2.460663049710163156e-03,-2.653433471377674158e-01,-3.767118488138297694e-02,1.000000000000000000e+00,1.338431494835219671e-01,-4.524741021893451121e-02,-3.995507232234497136e-02,-3.035942905099543038e-02,-1.452482212402947115e-01,1.761118186709668618e-02,2.950880615066477086e-02,-1.263297514529511945e-01,1.417316011500723283e-01,2.822141115943646583e-01,3.383517073060878649e-02,2.113804546081755886e-02,-1.445959698362610235e-01,9.194692236892064441e-02,8.927481770555106833e-02,1.489454381014761186e-01,-1.600826571601087212e-01,3.681648785675013108e-02,3.145759721761338772e-03,1.222291760279497069e-01,2.391013355732664238e-03,-6.330116635772607692e-02
5.968042542310090237e-01,6.009914872389632290e-01,7.210077978219194828e-01,2.509093397455805161e-02,7.842862547058389033e-01,2.209610669886677425e-01,1.226810432001673168e-01,-7.509771481478422217e-01,5.725579913674043731e-01,5.872223210056193299e-01,2.387862488108103143e-01,4.506284958753791203e-01,-4.119350888448815584e-01,6.614747575946022806e-01,2.987848304972819391e-01,5.832894824839652825e-01,1.338431494835219671e-01,1.000000000000000000e+00,7.575700396091790134e-01,2.599632265568289635e-01,2.867573361672713927e-01,3.471810405225212448e-01,6.195724747102743235e-01,3.948895144954329695e-01,4.745420710198041681e-01,5.736884381093722007e-01,4.341117821039053304e-01,5.360368231277371498e-01,3.528794644877915054e-01,4.963147070931136495e-01,4.321426237961304984e-01,5.767935595542627025e-01,2.726931479821233517e-01,5.870580336156053791e-01,3.203259980690259523e-01,5.748201489417016363e-01,4.891871753056400984e-01,3.320634442073446824e-01,5.646415532847707253e-01
5.778691202074549560e-01,5.915684261111774367e-01,7.828850612464538505e-01,6.231232401290322243e-02,7.706535994908283449e-01,3.113654496673537997e-01,1.301053412487762906e-01,-7.782349539581826514e-01,7.439568611002672638e-01,6.830988134442708137e-01,3.675355483935174306e-01,4.855938614630857519e-01,-6.000734333825251676e-01,7.551253966090337721e-01,3.480715756959349982e-01,6.823980062148405912e-01,-4.524741021893451121e-02,7.575700396091790134e-01,1.000000000000000000e+00,4.175340109596678007e-01,4.158953032724624355e-01,5.685913869233081286e-01,7.153770915705915945e-01,5.210040665412025707e-01,5.912002767437778417e-01,6.894826063303536312e-01,5.402336988469512713e-01,7.273842379887057730e-01,4.300815760620773087e-01,6.172856878965474747e-01,6.670138015444148083e-01,6.854587471977539037e-01,4.588635739884681097e-01,7.526060500489512028e-01,4.842255591789003666e-01,4.778170665403008721e-01,5.851463871153683716e-01,4.636508345281486476e-01,5.920762702518572729e-01
2.721793308623373653e-01,3.276698562746210297e-01,4.278949031512269685e-01,3.074023273987976368e-01,3.232281104280573247e-01,5.090413579914285780e-01,3.084325784823878647e-01,-2.671287217264812774e-01,4.207802374220130370e-01,4.651840795002455953e-01,4.996471431710289290e-01,1.359779729964736561e-01,-3.731921376978236116e-01,3.762749686382874104e-01,8.551539869493199331e-02,3.052541343748662594e-01,-3.995507232234497136e-02,2.599632265568289635e-01,4.175340109596678007e-01,1.000000000000000000e+00,5.306356906751684699e-01,7.015426617207642934e-01,4.247411219572396757e-01,5.726760429132380370e-01,4.864982676595094313e-01,4.121872635009672381e-01,4.663108889658574840e-01,5.470917763555621649e-01,4.916575581134494666e-01,4.469803500163429533e-01,4.845100704528113589e-01,4.477829291885523921e-01,6.717862704030240772e-01,2.608776175938098407e-01,5.193197774124664878e-01,9.240072801663916369e-02,4.811163881979723667e-01,1.300823787530233089e-01,2.515372089902403463e-01
3.761576518363931032e-01,4.831838909355405387e-01,4.983828304335019554e-01,-1.454011286313603227e-02,3.953523476992954477e-01,6.149902849508077640e-01,-5.125705449952623616e-02,-4.305435996281133382e-01,5.376244105387115724e-01,5.837007067196317012e-01,5.873514471237244461e-01,4.056681637538309682e-01,-5.568942449692054764e-01,5.217269687544181522e-01,3.025982594571930973e-01,4.913160864549361850e-01,-3.035942905099543038e-02,2.867573361672713927e-01,4.158953032724624355e-01,5.306356906751684699e-01,1.000000000000000000e+00,7.573618904163619270e-01,6.099186233336649776e-01,6.845755077464156235e-01,5.942368510957899419e-01,5.565116250675689047e-01,5.000611916614429164e-01,6.782480470232635783e-01,5.359446744479988700e-01,4.923455384052811690e-01,6.236936923536513522e-01,5.825932293380948757e-01,6.475398133123988487e-01,4.322387026377416119e-01,6.115189203793008899e-01,3.255748423335074748e-01,5.874880666788239170e-01,3.705018777781788897e-01,4.958089126248834688e-01
4.873565975880176926e-01,5.647761189526603332e-01,5.966140611333663468e-01,1.450004298549248949e-01,4.574077430276131118e-01,6.351259728983228436e-01,1.415384735353137358e-01,-4.872954342655272386e-01,6.318308748408372200e-01,6.699645921190496844e-01,6.232641614488755311e-01,4.085003307630959979e-01,-5.900970241909310188e-01,6.266955407966766645e-01,3.058752228745462709e-01,5.918420614418615777e-01,-1.452482212402947115e-01,3.471810405225212448e-01,5.685913869233081286e-01,7.015426617207642934e-01,7.573618904163619270e-01,1.000000000000000000e+00,6.524997612545779813e-01,7.643533546501197762e-01,6.987274603927841055e-01,6.454461947773887376e-01,5.930460841109476133e-01,7.541199663390352192e-01,6.356163764231722579e-01,5.962508344428171236e-01,7.218811411725528648e-01,6.743135909819174545e-01,7.744125571283447806e-01,5.298823622274765333e-01,6.959045922725479727e-01,3.571524969613212863e-01,6.684903387459605328e-01,4.201070915300367803e-01,5.399687018848242648e-01
7.339629928156796712e-01,7.742937974034506121e-01,7.318768741982679682e-01,-6.582926097201069471e-02,7.280959713594704619e-01,5.813585651129168363e-01,1.458271887286978485e-02,-7.210189115714931152e-01,8.203241280739139718e-01,8.369634088042937625e-01,5.696364572488278322e-01,5.771673298825543696e-01,-6.444680830398359372e-01,8.214949873086980769e-01,4.749300257401330994e-01,8.168606154500912542e-01,1.761118186709668618e-02,6.195724747102743235e-01,7.153770915705915945e-01,4.247411219572396757e-01,6.099186233336649776e-01,6.524997612545779813e-01,1.000000000000000000e+00,7.504377809392999144e-01,7.839274205757706948e-01,8.029639778536181716e-01,6.385953005141064009e-01,7.960526075242901900e-01,6.375107671795139375e-01,7.307762689111476639e-01,7.450437121774045046e-01,7.769883929236173215e-01,6.276671564000698700e-01,6.414304640671739666e-01,6.904202565160566518e-01,6.244662466897157316e-01,7.324801692023985566e-01,6.944148663254302578e-01,7.670590298694767162e-01
5.261956982092745871e-01,6.161743943239293975e-01,6.299576245958431464e-01,5.730623740594333049e-02,5.501102927793303232e-01,6.663139646652495029e-01,1.323932318850194190e-01,-5.433060323448908324e-01,6.794593649762182830e-01,7.428545689935136531e-01,7.194636162160588100e-01,3.527672973281784641e-01,-6.511536939450381922e-01,7.082276844663598636e-01,2.327874860348337072e-01,6.410189231862405412e-01,2.950880615066477086e-02,3.948895144954329695e-01,5.210040665412025707e-01,5.726760429132380370e-01,6.845755077464156235e-01,7.643533546501197762e-01,7.504377809392999144e-01,1.000000000000000000e+00,7.834563805037724205e-01,7.042922835390391656e-01,6.549366296228414930e-01,7.702446607583658400e-01,7.044516484790941391e-01,5.850422897502829400e-01,7.573131037556180001e-01,7.044293362448891260e-01,7.878440901823484666e-01,4.425329041685923670e-01,7.579376867082699976e-01,4.205636800465105130e-01,7.598810499027208731e-01,4.645901363981268517e-01,5.979077056123948131e-01
6.882917554588996456e-01,7.225128265751824541e-01,6.874279778372816008e-01,2.927169986089040235e-02,5.864620608388915191e-01,5.916562034065172559e-01,2.063906594378528692e-01,-6.207919990389755283e-01,6.928519023463319826e-01,7.890988538902671268e-01,5.389550405562808510e-01,3.816591461073108871e-01,-6.070056674587384071e-01,7.578297330742945759e-01,3.284726451652176249e-01,7.381203480102171977e-01,-1.263297514529511945e-01,4.745420710198041681e-01,5.912002767437778417e-01,4.864982676595094313e-01,5.942368510957899419e-01,6.987274603927841055e-01,7.839274205757706948e-01,7.834563805037724205e-01,1.000000000000000000e+00,6.791857932720025692e-01,5.072253576510719064e-01,7.595265457237482254e-01,6.931508923708831205e-01,7.314489767808405318e-01,6.930874122541011984e-01,6.703983404141486968e-01,6.551022272178237404e-01,5.482867804416720059e-01,6.566462781784824232e-01,5.797578634741558101e-01,7.100060101759780862e-01,4.976358565531679434e-01,7.048725981558846554e-01
6.966072473474232973e-01,6.220913100941785068e-01,7.232061255064502481e-01,-5.241082475864854151e-02,7.169722000769497283e-01,5.322870972535466150e-01,1.890310658249389972e-02,-6.845294758539335334e-01,8.114138523341095643e-01,7.597775710904751678e-01,5.658036640242192217e-01,5.355204173768479681e-01,-6.113739441470971148e-01,7.624641082108521983e-01,4.196564930313586017e-01,7.291641814975443614e-01,1.417316011500723283e-01,5.736884381093722007e-01,6.894826063303536312e-01,4.121872635009672381e-01,5.565116250675689047e-01,6.454461947773887376e-01,8.029639778536181716e-01,7.042922835390391656e-01,6.791857932720025692e-01,1.000000000000000000e+00,7.497731015501560847e-01,8.371450662891311012e-01,6.465658563325974439e-01,6.106053520174854476e-01,7.941914119508722836e-01,7.355791477666615563e-01,6.842128251598094124e-01,6.286301162252477814e-01,7.379703081882625915e-01,4.814090868621426211e-01,6.906768074360697396e-01,7.270593242907414933e-01,6.379434405775568084e-01
4.175633182328158943e-01,5.129625405095835644e-01,6.229055095331144098e-01,1.638878328286077213e-01,5.921599636724372839e-01,5.473384088914243772e-01,6.247958394524894682e-02,-5.530448829392869969e-01,7.447065884199248753e-01,7.276219589199918181e-01,7.643539384524011826e-01,4.554060771758282056e-01,-7.061968908720991367e-01,6.614277454818641155e-01,7.808174702312292714e-02,6.250518757131546810e-01,2.822141115943646583e-01,4.341117821039053304e-01,5.402336988469512713e-01,4.663108889658574840e-01,5.000611916614429164e-01,5.930460841109476133e-01,6.385953005141064009e-01,6.549366296228414930e-01,5.072253576510719064e-01,7.497731015501560847e-01,1.000000000000000000e+00,6.991120747302667082e-01,5.090700001248230633e-01,3.846468367259045507e-01,8.127941557030078368e-01,7.638738824195142607e-01,7.712258531935174410e-01,4.162708525592844766e-01,7.258321853406739521e-01,3.212433003551529720e-01,7.634646692011796132e-01,5.268636947467412179e-01,5.469731379267369631e-01
6.188427020685953739e-01,6.076337837589917967e-01,8.024628977877081848e-01,-5.028742643541918300e-02,7.064752986409760238e-01,5.802802949857843728e-01,7.009191074499683538e-02,-7.201746627726601790e-01,8.112266768238148851e-01,7.969692460569409720e-01,5.998654956606024324e-01,5.090790645438298956e-01,-7.463080125899094197e-01,7.752706156014975702e-01,3.692047542608929978e-01,7.134509461751562531e-01,3.383517073060878649e-02,5.360368231277371498e-01,7.273842379887057730e-01,5.470917763555621649e-01,6.782480470232635783e-01,7.541199663390352192e-01,7.960526075242901900e-01,7.702446607583658400e-01,7.595265457237482254e-01,8.371450662891311012e-01,6.991120747302667082e-01,1.000000000000000000e+00,6.254701524095739318e-01,6.422718291198455942e-01,8.572417623389805286e-01,7.237796407393756182e-01,7.185191330436097035e-01,6.915651038980800136e-01,7.197996978580667449e-01,4.653476020929973589e-01,7.142494648228345788e-01,5.702578746580506674e-01,6.621611434625248593e-01
6.073055853849261831e-01,5.334935824974524898e-01,4.625125369976564316e-01,3.101843000545000395e-01,4.402455005992956805e-01,7.126359799589286892e-01,4.106063209772095046e-01,-3.452388321559642370e-01,5.687292439999470650e-01,5.914787415701889817e-01,5.851531310143128772e-01,1.177543707754441227e-01,-3.285777531213336933e-01,6.177505153225385515e-01,1.590442839078060056e-01,5.224615596294841513e-01,2.113804546081755886e-02,3.528794644877915054e-01,4.300815760620773087e-01,4.916575581134494666e-01,5.359446744479988700e-01,6.356163764231722579e-01,6.375107671795139375e-01,7.044516484790941391e-01,6.931508923708831205e-01,6.465658563325974439e-01,5.090700001248230633e-01,6.254701524095739318e-01,1.000000000000000000e+00,5.981294750667767168e-01,5.465030668076358289e-01,6.274176185303603770e-01,7.280627799904779707e-01,2.086312703356229536e-01,7.749694654559695639e-01,3.226326580346979833e-01,7.075006925335332042e-01,4.212960172116055890e-01,4.362075014777024307e-01
7.729336059952908178e-01,7.130665106716456147e-01,5.832412097100114767e-01,9.832997359317563468e-02,5.880091113356483712e-01,4.056434168150631625e-01,1.918357653127497342e-01,-5.235143689801741163e-01,7.178749430302998613e-01,7.241529263555065432e-01,3.463978854815055741e-01,4.677767318421135467e-01,-4.212228958858530992e-01,6.596872992717337514e-01,4.728338518927908130e-01,7.355851441479358543e-01,-1.445959698362610235e-01,4.963147070931136495e-01,6.172856878965474747e-01,4.469803500163429533e-01,4.923455384052811690e-01,5.962508344428171236e-01,7.307762689111476639e-01,5.850422897502829400e-01,7.314489767808405318e-01,6.106053520174854476e-01,3.846468367259045507e-01,6.422718291198455942e-01,5.981294750667767168e-01,1.000000000000000000e+00,5.451448056611799542e-01,5.986761864653942222e-01,5.021753817249042795e-01,5.824540307637062764e-01,4.998348580171265154e-01,5.964330470796774808e-01,5.343494596838107569e-01,5.432259727210287936e-01,6.793125542007290019e-01
4.997869580373748843e-01,5.918002781483736596e-01,7.584669566749818737e-01,3.606625886989436869e-02,6.620084784605273498e-01,5.791667484654582365e-01,5.570924990091926515e-02,-6.873415412567532856e-01,8.259641961341056549e-01,8.140555099639568137e-01,7.376070107367286299e-01,4.945658916376062808e-01,-8.482195023092956587e-01,7.708640897979208706e-01,1.961581624535801149e-01,7.302919315208911133e-01,9.194692236892064441e-02,4.321426237961304984e-01,6.670138015444148083e-01,4.845100704528113589e-01,6.236936923536513522e-01,7.218811411725528648e-01,7.450437121774045046e-01,7.573131037556180001e-01,6.930874122541011984e-01,7.941914119508722836e-01,8.127941557030078368e-01,8.572417623389805286e-01,5.465030668076358289e-01,5.451448056611799542e-01,1.000000000000000000e+00,7.674664985234367354e-01,7.795756348557403292e-01,6.122183672657586229e-01,7.506432347172802277e-01,4.249699153546771524e-01,7.857490912870098709e-01,5.667909678696680942e-01,6.536112445893229594e-01
6.246760652642709966e-01,7.387634574361892081e-01,6.849993091277587487e-01,2.194495528564000264e-01,6.463748317339039762e-01,5.867324551009779343e-01,1.325539074116280913e-01,-6.527973219124979520e-01,7.916448703070819715e-01,8.045834056215207530e-01,7.018357661487132360e-01,5.200523879214659084e-01,-6.510707524915294586e-01,7.888059067605071029e-01,2.468669249064798787e-01,7.672423305628399692e-01,8.927481770555106833e-02,5.767935595542627025e-01,6.854587471977539037e-01,4.477829291885523921e-01,5.825932293380948757e-01,6.743135909819174545e-01,7.769883929236173215e-01,7.044293362448891260e-01,6.703983404141486968e-01,7.355791477666615563e-01,7.638738824195142607e-01,7.237796407393756182e-01,6.274176185303603770e-01,5.986761864653942222e-01,7.674664985234367354e-01,1.000000000000000000e+00,7.185804484149300730e-01,5.224444029324047944e-01,7.296689656458547057e-01,5.294494757378062078e-01,8.446292950570412073e-01,5.981312976860796438e-01,7.187079992994511723e-01
4.062535521875669797e-01,4.866642547240405126e-01,5.698752982696043690e-01,3.354269568294754311e-01,4.701903370384186709e-01,7.203082815635698521e-01,2.785501722498288646e-01,-4.264588752335136124e-01,6.602668582007169551e-01,6.910206904817626228e-01,8.229077978604798504e-01,2.198867418366300119e-01,-6.132472457943337618e-01,6.221019774704988903e-01,-2.741990882841308959e-05,5.491521628141134981e-01,1.489454381014761186e-01,2.726931479821233517e-01,4.588635739884681097e-01,6.717862704030240772e-01,6.475398133123988487e-01,7.744125571283447806e-01,6.276671564000698700e-01,7.878440901823484666e-01,6.551022272178237404e-01,6.842128251598094124e-01,7.712258531935174410e-01,7.185191330436097035e-01,7.280627799904779707e-01,5.021753817249042795e-01,7.795756348557403292e-01,7.185804484149300730e-01,1.000000000000000000e+00,2.790557088648474293e-01,8.117223528137222921e-01,2.252693575464391473e-01,8.006407802627397707e-01,4.020326469598356489e-01,4.422340279170999255e-01
5.855395068662149205e-01,5.586740528928969551e-01,7.222151233965850015e-01,-3.052761814667593332e-01,6.793141875386096151e-01,1.084036464984194370e-01,-2.121375711415606768e-01,-7.550397495799907599e-01,6.769257786267847132e-01,6.118291827916441106e-01,1.694572473436680715e-01,7.226901638246505666e-01,-5.994588529568016799e-01,6.288514710493928739e-01,5.800776194891897886e-01,6.650748078754665782e-01,-1.600826571601087212e-01,5.870580336156053791e-01,7.526060500489512028e-01,2.608776175938098407e-01,4.322387026377416119e-01,5.298823622274765333e-01,6.414304640671739666e-01,4.425329041685923670e-01,5.482867804416720059e-01,6.286301162252477814e-01,4.162708525592844766e-01,6.915651038980800136e-01,2.086312703356229536e-01,5.824540307637062764e-01,6.122183672657586229e-01,5.224444029324047944e-01,2.790557088648474293e-01,1.000000000000000000e+00,2.994210889568273415e-01,5.715811427460846250e-01,3.693129417778248103e-01,5.537904752852582657e-01,6.932758128218647897e-01
5.092414516457168805e-01,5.743474199151932247e-01,5.242827530026441529e-01,1.851538674763588410e-01,4.778445106581831192e-01,8.033447161798609182e-01,2.438010789355623542e-01,-4.429956582519937736e-01,6.673178243226491890e-01,6.987967569873363427e-01,7.789712866894822341e-01,2.495112778725034897e-01,-5.903805101531808264e-01,6.885132716020698762e-01,1.405451712737877112e-01,6.152607109193700685e-01,3.681648785675013108e-02,3.203259980690259523e-01,4.842255591789003666e-01,5.193197774124664878e-01,6.115189203793008899e-01,6.959045922725479727e-01,6.904202565160566518e-01,7.579376867082699976e-01,6.566462781784824232e-01,7.379703081882625915e-01,7.258321853406739521e-01,7.197996978580667449e-01,7.749694654559695639e-01,4.998348580171265154e-01,7.506432347172802277e-01,7.296689656458547057e-01,8.117223528137222921e-01,2.994210889568273415e-01,1.000000000000000000e+00,3.077689357106744295e-01,8.115341717742207139e-01,5.432251543999065957e-01,4.888895030612377957e-01
7.155583581153888151e-01,7.255453207755299116e-01,5.718039659096194605e-01,-7.799515489507392874e-02,5.694830235066627999e-01,1.748847260232988809e-01,1.709569007720146069e-02,-6.085329025401602365e-01,5.565673140178611922e-01,6.677351725127513848e-01,1.939507318512005418e-01,6.032014989570522179e-01,-4.412020173519623500e-01,6.630725830164357903e-01,4.687765116261569665e-01,7.407762709442442528e-01,3.145759721761338772e-03,5.748201489417016363e-01,4.778170665403008721e-01,9.240072801663916369e-02,3.255748423335074748e-01,3.571524969613212863e-01,6.244662466897157316e-01,4.205636800465105130e-01,5.797578634741558101e-01,4.814090868621426211e-01,3.212433003551529720e-01,4.653476020929973589e-01,3.226326580346979833e-01,5.964330470796774808e-01,4.249699153546771524e-01,5.294494757378062078e-01,2.252693575464391473e-01,5.715811427460846250e-01,3.077689357106744295e-01,1.000000000000000000e+00,4.866780161524763559e-01,5.490146313623244234e-01,7.687680981586989537e-01
5.354650237318347994e-01,6.731232607899667597e-01,6.662703644027111460e-01,3.107982953375237334e-01,6.072996306297553382e-01,6.888781285554255174e-01,2.982857177923026737e-01,-5.951101376777560015e-01,7.351490091167819374e-01,8.042292170219903502e-01,7.945183061518440448e-01,3.239825657043847729e-01,-6.968260017020786456e-01,8.010999425297570253e-01,4.281778038679776716e-02,7.256038258939796481e-01,1.222291760279497069e-01,4.891871753056400984e-01,5.851463871153683716e-01,4.811163881979723667e-01,5.874880666788239170e-01,6.684903387459605328e-01,7.324801692023985566e-01,7.598810499027208731e-01,7.100060101759780862e-01,6.906768074360697396e-01,7.634646692011796132e-01,7.142494648228345788e-01,7.075006925335332042e-01,5.343494596838107569e-01,7.857490912870098709e-01,8.446292950570412073e-01,8.006407802627397707e-01,3.693129417778248103e-01,8.115341717742207139e-01,4.866780161524763559e-01,1.000000000000000000e+00,4.738400705249605216e-01,6.342829363192431513e-01
7.023612460091958054e-01,6.302056088068719308e-01,4.381597455041195688e-01,-2.098216489935169626e-01,4.765473706053058311e-01,3.515298061392083118e-01,-2.123990674628598030e-01,-4.947130418490696679e-01,6.832852167368604901e-01,6.032506150488331498e-01,3.548275576911654183e-01,6.696483305491415239e-01,-4.121582210550464032e-01,5.812487855661507830e-01,6.331741466332324597e-01,6.939395025958223773e-01,2.391013355732664238e-03,3.320634442073446824e-01,4.636508345281486476e-01,1.300823787530233089e-01,3.705018777781788897e-01,4.201070915300367803e-01,6.944148663254302578e-01,4.645901363981268517e-01,4.976358565531679434e-01,7.270593242907414933e-01,5.268636947467412179e-01,5.702578746580506674e-01,4.212960172116055890e-01,5.432259727210287936e-01,5.667909678696680942e-01,5.981312976860796438e-01,4.020326469598356489e-01,5.537904752852582657e-01,5.432251543999065957e-01,5.490146313623244234e-01,4.738400705249605216e-01,1.000000000000000000e+00,6.673478661212870477e-01
7.663600426420201783e-01,8.365432186531941428e-01,6.817035462572395010e-01,-1.440929719574499390e-01,6.610582301476012335e-01,3.530906389651409238e-01,-8.326354713963275700e-02,-7.094786658645312327e-01,7.522748546819999493e-01,7.950344168954543989e-01,4.187431190320300978e-01,7.340600057495738628e-01,-6.448460680906136222e-01,7.465065321306803003e-01,4.996917043997596841e-01,8.148715996415925034e-01,-6.330116635772607692e-02,5.646415532847707253e-01,5.920762702518572729e-01,2.515372089902403463e-01,4.958089126248834688e-01,5.399687018848242648e-01,7.670590298694767162e-01,5.979077056123948131e-01,7.048725981558846554e-01,6.379434405775568084e-01,5.469731379267369631e-01,6.621611434625248593e-01,4.362075014777024307e-01,6.793125542007290019e-01,6.536112445893229594e-01,7.187079992994511723e-01,4.422340279170999255e-01,6.932758128218647897e-01,4.888895030612377957e-01,7.687680981586989537e-01,6.342829363192431513e-01,6.673478661212870477e-01,1.000000000000000000e+00
