1.000000000000000000e+00,-2.176835041837042305e-03,9.308859642496256082e-02,-2.076829787733789345e-01,7.967090454618862283e-02,9.084391649025189142e-02,-1.856952686039296113e-02,-4.061597417935973175e-01,-1.524118374943943255e-01,-2.134102665642508556e-01,-3.540735452503651071e-01,-4.763009526106295327e-02,5.265637998533013731e-01,-1.173760092068447669e-01,6.441350748418549210e-02,1.741686320045033043e-01,-2.876695486988399830e-01,-1.653947950752365503e-01,-7.697506971580340973e-02,1.537870050036260483e-01,1.302400643419775877e-02,7.889421359771546516e-02,3.782816400457208322e-02,1.436361535260272104e-01,-2.332155556936067742e-01,2.523818515784159167e-01,2.533214580757685574e-01,-3.129586831184265061e-01,1.172944941773031158e-01,-4.027757498618390192e-02,1.275494632872342660e-01,1.110786551282541557e-01,-4.681490208527733232e-01,-1.122786605335044374e-01,-4.339358395511958011e-01,-7.082361746162749161e-02,-2.831892637817313707e-01,2.837530333808128968e-02,-5.841654927357033122e-02
-2.176835041837042305e-03,1.000000000000000000e+00,1.668432806257108270e-01,1.901166756278852288e-01,1.346455962057547806e-01,8.008180924462253436e-03,-3.309725302982408635e-01,-1.872796056588297287e-01,1.291025809951124870e-01,3.252789637821149049e-01,3.876639683804286585e-02,3.117169510254377829e-01,2.959178383622218002e-03,1.229557631078142810e-01,1.376666903130733810e-01,1.169373556013371118e-01,2.277354415158975021e-01,1.227976746772182354e-01,2.682011155197950442e-02,1.527366108322937288e-01,2.783635091959876240e-01,-2.237495490599736292e-01,4.350598311151120112e-02,-1.246088004908143948e-01,-3.858988272054584417e-02,2.868294282564459730e-01,1.386770362823099012e-01,2.345495840722246206e-02,-3.190847119422098033e-02,1.811396289602452137e-01,-2.128431047791416175e-01,1.868722060223625969e-01,3.582248681072489616e-01,1.746137509081812922e-01,-1.246579286212061294e-01,1.411869448524743220e-01,-9.591173804223418475e-02,1.006480473592606673e-01,5.099217004801901432e-01
9.308859642496256082e-02,1.668432806257108270e-01,1.000000000000000000e+00,3.472512043259287640e-02,2.681346947942825909e-01,1.654649711810320944e-01,-1.311964172316187616e-01,-5.239371089700599615e-01,4.613907938027028144e-01,4.965671100132321159e-01,-1.840069859475407243e-01,5.685054326981473505e-01,-2.949395886760156765e-02,1.601451148159679927e-01,2.197178547049080388e-01,4.286215608763533358e-01,-1.830473196094809241e-01,5.057103784708025795e-01,4.737967540957040424e-01,-2.275143753630719801e-01,-3.582120634864041087e-01,5.285950810539180589e-01,4.591689243597342207e-01,9.661958415030758029e-02,4.558020484115148929e-01,-1.295348847958214533e-01,-1.886283073751832962e-01,4.254140527658116788e-01,3.298808231679452030e-01,3.848151993273165594e-01,4.327074228356804220e-01,2.341496589599852129e-02,4.846964068670598508e-02,4.158452428884861218e-01,2.382266749828551300e-01,3.280789988444016703e-01,1.051934240630599260e-01,3.016144678265232915e-01,1.545744082377270290e-01
-2.076829787733789345e-01,1.901166756278852288e-01,3.472512043259287640e-02,1.000000000000000000e+00,2.707984601472850916e-01,-1.094975151160706012e-01,8.616181661036793893e-02,1.415724718628198209e-01,7.320203889553517085e-02,2.047916238122037547e-01,2.005641427785885902e-02,3.607945015403450362e-01,9.750113136376761802e-03,2.312993346265160566e-01,-2.846162373392267519e-01,2.249606344368841326e-01,1.202299406774416241e-01,3.742726893576558411e-01,4.170838183079955686e-01,-3.271093945521920676e-01,-1.344938396246339422e-02,-5.034072595620282115e-02,-2.371668639836830433e-02,1.239290309341032764e-01,2.809611971544260373e-02,-4.811598552147688945e-02,9.862039040967817208e-03,4.134265895499487226e-02,2.159138283119808877e-02,9.706839464040285803e-02,-1.838255962046796421e-01,2.196274813792161162e-01,2.276847106879078264e-01,3.758343142176489016e-01,3.616728659249552474e-02,3.348368407871274433e-01,-4.980018024811094790e-02,-5.022261315459072839e-02,1.095994156949487708e-01
7.967090454618862283e-02,1.346455962057547806e-01,2.681346947942825909e-01,2.707984601472850916e-01,1.000000000000000000e+00,-2.916755841839954039e-02,-1.968710284752586970e-01,-2.200579126337106339e-01,1.854898668428039132e-01,5.802950878820720138e-02,6.465560338228423798e-02,4.007109408724937594e-01,-6.535672175551994131e-04,4.146096825398379870e-01,7.504751585140859160e-02,2.302228178073436049e-01,1.150035595788714282e-01,4.053775627026217632e-01,5.738946533226308988e-01,-2.447980296407633871e-01,9.950496372340510154e-02,-1.070026972372130208e-01,2.795590872003114735e-01,6.471128036961616703e-02,4.479380019677023719e-03,3.423763927755694159e-01,3.995876101675157055e-01,-9.071736773370332740e-02,2.618784304024746046e-02,2.840091161886313387e-01,-8.896005512630543455e-02,1.082781489924720536e-01,1.258140383380498550e-01,6.550413126065686154e-01,-1.145926551496982831e-01,3.794041665932966212e-01,1.938121918150578771e-02,-1.127117530826953762e-01,2.129460085313361895e-01
9.084391649025189142e-02,8.008180924462253436e-03,1.654649711810320944e-01,-1.094975151160706012e-01,-2.916755841839954039e-02,1.000000000000000000e+00,-1.805014134782329804e-01,-3.017081751712015758e-01,-1.436754462163628010e-01,4.958977792218803582e-02,-7.126185648394711691e-02,5.877032210034410786e-02,5.995202714247141462e-02,-3.289368113421601847e-01,-5.571135678149178455e-02,-1.152323896003260573e-01,-1.016482247425138236e-01,-6.424795810875774671e-02,-4.732249006836177635e-02,2.328276895328117435e-01,1.346568660955536900e-01,3.133245197330705029e-02,3.103362410009632422e-01,-2.163003066377381656e-01,1.709947536885258745e-01,2.233106877044124250e-01,7.862810708659084824e-02,-1.041948336607838865e-01,4.613672863497122328e-02,-2.364586330695125083e-01,6.236173837520665036e-02,-1.930204351696231113e-01,-3.436991641286816779e-01,-6.560104952166245784e-02,-1.903899981843036604e-01,-1.537051545483608117e-01,-5.017990698498912827e-02,-1.361012206462866025e-01,-6.511158650120951741e-02
-1.856952686039296113e-02,-3.309725302982408635e-01,-1.311964172316187616e-01,8.616181661036793893e-02,-1.968710284752586970e-01,-1.805014134782329804e-01,1.000000000000000000e+00,2.449989269019923754e-01,-6.972269406783089540e-02,-2.024400898097507978e-02,-9.432925175221047731e-02,-2.880460613026207817e-01,1.467992550986025602e-01,-3.680013282785833258e-07,-1.306918955333041810e-01,8.828960795848918297e-02,-2.759133624573357202e-01,-2.146810967803478576e-01,-1.629314904670273456e-01,-1.496759173903023377e-01,-2.948128057792598899e-01,2.384113438020574460e-01,-1.695700929248269706e-01,1.355148812228951782e-01,3.502357770030521678e-02,-3.331876400215399436e-01,-2.589519173470944402e-01,4.867339757517295112e-02,3.026148727034891350e-02,-1.377709691656052449e-01,-1.114662778975441908e-02,7.703959580556414555e-02,-9.253241068934164870e-02,-2.611513398617198445e-01,1.160912388377495358e-01,3.074092422865610033e-02,7.250757118505481158e-02,2.448348755549854538e-01,-1.790197801834692293e-01
-4.061597417935973175e-01,-1.872796056588297287e-01,-5.239371089700599615e-01,1.415724718628198209e-01,-2.200579126337106339e-01,-3.017081751712015758e-01,2.449989269019923754e-01,1.000000000000000000e+00,1.299771508593252634e-01,3.530402858930630633e-02,3.148053461998877034e-01,-2.326061002143650636e-01,-3.997086277267410392e-01,2.207217498088238083e-01,-2.763032635880633969e-01,-3.289674842247051340e-02,1.720029279200408490e-01,-9.403112191515225482e-02,-1.174970058281558510e-01,-1.868803491078745160e-01,-9.533869816536520714e-02,-8.293325453207982256e-02,-1.743642835668539337e-01,6.499835735083234201e-02,1.781176049225663971e-01,-3.870395249722137776e-01,-3.316185652148307961e-01,2.343770881228606218e-01,-1.478815748361331506e-01,-5.765263761036491276e-03,-1.081789362573666730e-01,-1.153881464581277827e-01,3.129460991276717396e-01,-7.480364410064305192e-02,3.278945125643361047e-01,4.218342564898228814e-02,1.321660147443032840e-01,1.864265404328177000e-01,1.862848114023813589e-02
-1.524118374943943255e-01,1.291025809951124870e-01,4.613907938027028144e-01,7.320203889553517085e-02,1.854898668428039132e-01,-1.436754462163628010e-01,-6.972269406783089540e-02,1.299771508593252634e-01,1.000000000000000000e+00,5.820717134021555772e-01,-6.558524434986960118e-03,4.405987619225448237e-01,-3.333376975568754230e-01,4.537238228748059488e-01,1.427942651026446221e-02,5.322512462171443692e-01,-1.958942653923264471e-02,4.787215604388153634e-01,3.967854470004373857e-01,-4.083085130276226105e-01,-4.201134541267256273e-01,4.249099071245969750e-01,3.703082697182525918e-01,8.621623552481937069e-02,6.632909467171741458e-01,-4.681792320589911460e-01,-4.244383987445471962e-01,7.033673094831106587e-01,2.276786862947924872e-01,6.037555352924166563e-01,3.670203599799597982e-01,-1.282931296682528755e-01,3.706134007196307256e-01,4.797321158596327684e-01,5.156453628353647733e-01,4.200678721147642625e-01,1.432050998432393418e-01,5.883060902210982546e-01,3.441669174701905698e-01
-2.134102665642508556e-01,3.252789637821149049e-01,4.965671100132321159e-01,2.047916238122037547e-01,5.802950878820720138e-02,4.958977792218803582e-02,-2.024400898097507978e-02,3.530402858930630633e-02,5.820717134021555772e-01,1.000000000000000000e+00,9.285758366035625280e-03,5.649633657715436019e-01,-2.913296385516830345e-01,3.361189846009715043e-01,4.076931707046434206e-02,6.291087626258313747e-01,-7.087313873202698289e-02,4.817442634304227589e-01,3.744129716233038363e-01,-2.944914512827945252e-01,-4.009219179437540914e-01,4.361055006507834064e-01,3.543245874439037713e-01,1.627353370395213661e-01,6.517537129675612384e-01,-3.415634980860117742e-01,-4.608904935941698366e-01,6.021114514544496643e-01,1.738042598099553970e-01,3.712160238785448541e-01,2.701676676531119536e-01,-1.430194120375818251e-02,3.155114254973920285e-01,3.920673547727210884e-01,5.059761052301635642e-01,4.974708863997778785e-01,1.433696692389138938e-01,5.467858000922409811e-01,3.540189884140315102e-01
-3.540735452503651071e-01,3.876639683804286585e-02,-1.840069859475407243e-01,2.005641427785885902e-02,6.465560338228423798e-02,-7.126185648394711691e-02,-9.432925175221047731e-02,3.148053461998877034e-01,-6.558524434986960118e-03,9.285758366035625280e-03,1.000000000000000000e+00,-3.370755243016521074e-02,-5.025047058484212181e-01,1.590849447704817954e-01,2.466711793380322315e-01,-2.570101566760557010e-01,6.088729741446633481e-01,3.400301311017812911e-02,-2.206556438684803209e-02,4.404474880350880278e-02,3.088850581496452308e-01,-2.599847034278757740e-01,1.795976867520092668e-01,3.230402659644956292e-02,8.173531854672896890e-02,9.239729718706336803e-02,-5.622087024514707543e-02,5.502920361024701834e-02,1.932100367552606057e-01,-1.460901879788107094e-01,-3.373790696885002327e-01,2.592362328334970045e-01,3.879783383750325942e-01,8.499095636835890533e-02,1.858793635241584585e-01,-3.779526386876674859e-02,4.331369962793090167e-01,2.639763871900126149e-03,2.166756165638004383e-01
-4.763009526106295327e-02,3.117169510254377829e-01,5.685054326981473505e-01,3.607945015403450362e-01,4.007109408724937594e-01,5.877032210034410786e-02,-2.880460613026207817e-01,-2.326061002143650636e-01,4.405987619225448237e-01,5.649633657715436019e-01,-3.370755243016521074e-02,1.000000000000000000e+00,-7.001100472851291834e-02,3.025433559929235350e-01,6.990899599413070986e-02,5.558853644044717823e-01,5.546789018398715077e-02,7.212274504688498400e-01,6.703512121039832961e-01,-4.121543515773536392e-01,-2.402967706101687972e-01,3.036915196694660590e-01,4.063286373365529447e-01,2.417494359712211438e-01,4.103676835163990733e-01,-9.233958812019214812e-02,-1.447998205224152457e-01,3.301199305037711418e-01,2.803688367913398372e-01,3.233174179047025310e-01,2.159100359842255346e-01,1.655546474865066398e-01,1.747262331807865332e-01,6.893478772666201682e-01,2.170155257375036839e-01,4.472272891241699244e-01,9.015349056250433757e-02,2.596893919803935913e-01,3.284065885423840259e-01
5.265637998533013731e-01,2.959178383622218002e-03,-2.949395886760156765e-02,9.750113136376761802e-03,-6.535672175551994131e-04,5.995202714247141462e-02,1.467992550986025602e-01,-3.997086277267410392e-01,-3.333376975568754230e-01,-2.913296385516830345e-01,-5.025047058484212181e-01,-7.001100472851291834e-02,1.000000000000000000e+00,-2.711362502672547414e-01,-2.111381653992089324e-01,2.439641634147159815e-02,-3.169321838711449679e-01,-2.133099785677496640e-01,-9.221604184539063109e-02,5.568534089613789984e-02,-1.469081875283188669e-02,5.158108102926856064e-02,-1.716915202102853588e-01,1.441210554264948651e-01,-4.199618668103288210e-01,1.608730533542095664e-01,2.367236682895841327e-01,-4.429312406127164925e-01,3.819573405514996300e-03,-1.518768144675454179e-01,5.733488017609144477e-02,2.340433735855869668e-01,-5.868208675593182821e-01,-1.983717015848556753e-01,-4.833794894345601056e-01,-2.270095869062030147e-01,-2.863686359644754265e-01,-2.103772428288684104e-01,-1.837182980852942737e-01
-1.173760092068447669e-01,1.229557631078142810e-01,1.601451148159679927e-01,2.312993346265160566e-01,4.146096825398379870e-01,-3.289368113421601847e-01,-3.680013282785833258e-07,2.207217498088238083e-01,4.537238228748059488e-01,3.361189846009715043e-01,1.590849447704817954e-01,3.025433559929235350e-01,-2.711362502672547414e-01,1.000000000000000000e+00,8.009347389266550932e-02,4.550365382371890921e-01,1.170264801588208337e-01,3.115803231084049996e-01,3.502547859914081907e-01,-2.892537427293823127e-01,-1.414114615556088250e-01,1.114994474878261976e-01,3.081100200001092304e-01,4.002202385917300598e-01,3.451497543049389383e-01,-7.439313960593853248e-02,-7.471303881510287176e-04,3.017152666010184392e-01,9.717653589240160539e-02,4.396919938502879543e-01,6.282484115697734017e-02,1.300168097441157800e-01,4.256660141573013756e-01,4.471685534845095678e-01,2.725651383977663045e-01,6.477403744319066847e-01,2.750292474223802741e-01,2.772415515868778546e-01,2.521642565409845660e-01
6.441350748418549210e-02,1.376666903130733810e-01,2.197178547049080388e-01,-2.846162373392267519e-01,7.504751585140859160e-02,-5.571135678149178455e-02,-1.306918955333041810e-01,-2.763032635880633969e-01,1.427942651026446221e-02,4.076931707046434206e-02,2.466711793380322315e-01,6.990899599413070986e-02,-2.111381653992089324e-01,8.009347389266550932e-02,1.000000000000000000e+00,-4.231174498150924029e-02,1.507980927275544003e-01,7.601709866860323350e-02,-9.062200386472918368e-02,3.115063153506131832e-01,2.489697653910703801e-01,-1.511848288943042906e-01,1.604072861992800747e-01,-2.863630281040657147e-03,-5.548972809541161122e-02,3.221986230551824315e-01,9.322584849114218253e-02,-3.053334281411003437e-02,1.668414998175989927e-01,-7.252972886027075385e-03,-2.543168648493704942e-01,1.973640569891938201e-01,2.254144680150124980e-01,6.228086455490495360e-02,-4.791113953874428372e-02,9.011449194537483887e-02,2.261722318531260434e-01,1.139985943775021909e-01,2.194589585198688242e-01
1.741686320045033043e-01,1.169373556013371118e-01,4.286215608763533358e-01,2.249606344368841326e-01,2.302228178073436049e-01,-1.152323896003260573e-01,8.828960795848918297e-02,-3.289674842247051340e-02,5.322512462171443692e-01,6.291087626258313747e-01,-2.570101566760557010e-01,5.558853644044717823e-01,2.439641634147159815e-02,4.550365382371890921e-01,-4.231174498150924029e-02,1.000000000000000000e+00,-2.834059413510373604e-01,4.336202174494364070e-01,4.307005265791910564e-01,-3.644089639782313039e-01,-4.556518901967330226e-01,4.784374224669333264e-01,3.151029635674946205e-01,4.034292407314000739e-01,4.758228953519103577e-01,-2.940724093731302835e-01,-2.496649546023744781e-01,4.052662212269020348e-01,1.543156172673116333e-01,4.065705392799789375e-01,3.677014034334060155e-01,7.393317704824491901e-04,7.091329041654814702e-02,4.363058440970367102e-01,2.452019974038192329e-01,5.830798034950255282e-01,-2.696255348805722679e-02,5.290230587313761168e-01,2.386756855477229766e-01
-2.876695486988399830e-01,2.277354415158975021e-01,-1.830473196094809241e-01,1.202299406774416241e-01,1.150035595788714282e-01,-1.016482247425138236e-01,-2.759133624573357202e-01,1.720029279200408490e-01,-1.958942653923264471e-02,-7.087313873202698289e-02,6.088729741446633481e-01,5.546789018398715077e-02,-3.169321838711449679e-01,1.170264801588208337e-01,1.507980927275544003e-01,-2.834059413510373604e-01,1.000000000000000000e+00,7.119152737751836824e-02,3.718582632970605234e-02,6.496258376635336181e-03,3.336426768869298343e-01,-3.348710911069954221e-01,8.037826523241831111e-02,-5.354709717876073027e-02,-1.118170937379625168e-01,1.665813541315881996e-01,6.312701792882430274e-02,-1.394768845599660828e-02,1.355521957542427935e-01,-9.154937373526483846e-02,-2.966473647208460740e-01,3.023580390301314758e-01,4.017987453962849620e-01,1.584884932364828969e-01,6.599865614406427716e-02,-3.805577896390739678e-02,2.929167234217150417e-01,-1.508141708251364843e-01,2.227697917781384651e-01
-1.653947950752365503e-01,1.227976746772182354e-01,5.057103784708025795e-01,3.742726893576558411e-01,4.053775627026217632e-01,-6.424795810875774671e-02,-2.146810967803478576e-01,-9.403112191515225482e-02,4.787215604388153634e-01,4.817442634304227589e-01,3.400301311017812911e-02,7.212274504688498400e-01,-2.133099785677496640e-01,3.115803231084049996e-01,7.601709866860323350e-02,4.336202174494364070e-01,7.119152737751836824e-02,1.000000000000000000e+00,7.748659127791370782e-01,-5.351580201518024715e-01,-2.662838222083948048e-01,2.420263231819332339e-01,3.538245419614820531e-01,1.712712232614202468e-01,4.200145261887134884e-01,-1.416485073120777594e-01,-2.014575375838042193e-01,4.019148509144568893e-01,2.714767184553768531e-01,3.749737335589153342e-01,1.530958881292379115e-01,9.609769680980427553e-02,2.720057732630689618e-01,7.360106805359499793e-01,3.066885886668486161e-01,4.270082971906953850e-01,1.128035480173803645e-01,1.225417336243850991e-01,1.801430001393591052e-01
-7.697506971580340973e-02,2.682011155197950442e-02,4.737967540957040424e-01,4.170838183079955686e-01,5.738946533226308988e-01,-4.732249006836177635e-02,-1.629314904670273456e-01,-1.174970058281558510e-01,3.967854470004373857e-01,3.744129716233038363e-01,-2.206556438684803209e-02,6.703512121039832961e-01,-9.221604184539063109e-02,3.502547859914081907e-01,-9.062200386472918368e-02,4.307005265791910564e-01,3.718582632970605234e-02,7.748659127791370782e-01,1.000000000000000000e+00,-5.477681338403946887e-01,-3.038681549252254532e-01,2.703538520122736877e-01,3.813339495657510070e-01,2.292069804101165287e-01,3.638373894287295074e-01,-9.604598446732209860e-02,-9.469141637675181078e-02,2.936596289419163841e-01,2.723993280305924691e-01,3.609214432054518862e-01,2.270813968882006151e-01,1.235552163989345476e-01,1.315932010097525251e-01,7.574319013450913074e-01,2.344374962564754472e-01,4.261180875655108391e-01,1.486259394626178176e-01,2.223385901959037611e-02,3.236927848482484826e-02
1.537870050036260483e-01,1.527366108322937288e-01,-2.275143753630719801e-01,-3.271093945521920676e-01,-2.447980296407633871e-01,2.328276895328117435e-01,-1.496759173903023377e-01,-1.868803491078745160e-01,-4.083085130276226105e-01,-2.944914512827945252e-01,4.404474880350880278e-02,-4.121543515773536392e-01,5.568534089613789984e-02,-2.892537427293823127e-01,3.115063153506131832e-01,-3.644089639782313039e-01,6.496258376635336181e-03,-5.351580201518024715e-01,-5.477681338403946887e-01,1.000000000000000000e+00,4.138576351498406969e-01,-3.259838440774016632e-01,-1.493474348197414148e-01,-2.142632466255422197e-01,-3.695273223425544762e-01,4.453496757484283197e-01,3.086376629525478532e-01,-4.008126366634929827e-01,-1.807593409950949137e-01,-3.046539583016815156e-01,-2.339513474793556425e-01,-3.890448874007701452e-02,-1.436416361558442156e-01,-4.903474707123413046e-01,-3.701575770874208637e-01,-2.880144551002521425e-01,-6.852747579509425868e-02,-2.597781049611503912e-01,-8.971243669227955964e-02
1.302400643419775877e-02,2.783635091959876240e-01,-3.582120634864041087e-01,-1.344938396246339422e-02,9.950496372340510154e-02,1.346568660955536900e-01,-2.948128057792598899e-01,-9.533869816536520714e-02,-4.201134541267256273e-01,-4.009219179437540914e-01,3.088850581496452308e-01,-2.402967706101687972e-01,-1.469081875283188669e-02,-1.414114615556088250e-01,2.489697653910703801e-01,-4.556518901967330226e-01,3.336426768869298343e-01,-2.662838222083948048e-01,-3.038681549252254532e-01,4.138576351498406969e-01,1.000000000000000000e+00,-7.104237106191845230e-01,-1.430642943472497375e-01,-2.394785662329433906e-01,-5.160139607999758571e-01,6.615955655298193516e-01,5.500805506574578674e-01,-5.209686624149661993e-01,-1.691510687123202183e-01,-3.581132430670390110e-01,-6.321206165071717731e-01,1.194720529218233213e-01,1.421937335487694909e-01,-1.343585048842467489e-01,-5.113346006932522059e-01,-2.602732793575373016e-01,-1.429157120669435066e-01,-4.108126961939151389e-01,1.143312044151324203e-01
7.889421359771546516e-02,-2.237495490599736292e-01,5.285950810539180589e-01,-5.034072595620282115e-02,-1.070026972372130208e-01,3.133245197330705029e-02,2.384113438020574460e-01,-8.293325453207982256e-02,4.249099071245969750e-01,4.361055006507834064e-01,-2.599847034278757740e-01,3.036915196694660590e-01,5.158108102926856064e-02,1.114994474878261976e-01,-1.511848288943042906e-01,4.784374224669333264e-01,-3.348710911069954221e-01,2.420263231819332339e-01,2.703538520122736877e-01,-3.259838440774016632e-01,-7.104237106191845230e-01,1.000000000000000000e+00,2.752819083762626517e-01,2.345454466333457832e-01,5.525686225520501926e-01,-5.920251028150381734e-01,-5.407692212527378528e-01,5.013693446631471984e-01,2.714389815505945380e-01,2.737706377122701706e-01,7.089614553302906463e-01,-5.372247657723907416e-02,-1.807760317830214292e-01,9.483562993946409447e-02,4.124673688618131218e-01,2.214696719571336847e-01,1.912438492900906117e-01,4.440179403711745909e-01,-1.257206489290418894e-01
3.782816400457208322e-02,4.350598311151120112e-02,4.591689243597342207e-01,-2.371668639836830433e-02,2.795590872003114735e-01,3.103362410009632422e-01,-1.695700929248269706e-01,-1.743642835668539337e-01,3.703082697182525918e-01,3.543245874439037713e-01,1.795976867520092668e-01,4.063286373365529447e-01,-1.716915202102853588e-01,3.081100200001092304e-01,1.604072861992800747e-01,3.151029635674946205e-01,8.037826523241831111e-02,3.538245419614820531e-01,3.813339495657510070e-01,-1.493474348197414148e-01,-1.430642943472497375e-01,2.752819083762626517e-01,1.000000000000000000e+00,3.317726937375736207e-01,5.334048210839474891e-01,-1.047753855723963790e-02,-1.442652838632865198e-01,2.816897331542270733e-01,4.109680786159881083e-01,2.554786255690716379e-01,2.935713146666159568e-01,1.273357679508615170e-01,4.176153023856681024e-02,3.546266839913251312e-01,1.558764537653407056e-01,2.374627838210632003e-01,3.901688503997008950e-01,2.027909198361051990e-01,1.363076659798568846e-01
1.436361535260272104e-01,-1.246088004908143948e-01,9.661958415030758029e-02,1.239290309341032764e-01,6.471128036961616703e-02,-2.163003066377381656e-01,1.355148812228951782e-01,6.499835735083234201e-02,8.621623552481937069e-02,1.627353370395213661e-01,3.230402659644956292e-02,2.417494359712211438e-01,1.441210554264948651e-01,4.002202385917300598e-01,-2.863630281040657147e-03,4.034292407314000739e-01,-5.354709717876073027e-02,1.712712232614202468e-01,2.292069804101165287e-01,-2.142632466255422197e-01,-2.394785662329433906e-01,2.345454466333457832e-01,3.317726937375736207e-01,1.000000000000000000e+00,1.709798092113678780e-01,-1.217933960054915915e-01,-8.351946965301125514e-02,7.804091015731715042e-02,3.708494967948676724e-01,1.219425511486754710e-01,2.343427641955354301e-01,3.650386749755131777e-01,-9.889696379808936288e-02,1.434058391369982532e-01,7.584018567948129508e-02,2.730701697618739821e-01,3.548277171774946170e-01,1.147869602279854989e-01,-9.545263482943854016e-02
-2.332155556936067742e-01,-3.858988272054584417e-02,4.558020484115148929e-01,2.809611971544260373e-02,4.479380019677023719e-03,1.709947536885258745e-01,3.502357770030521678e-02,1.781176049225663971e-01,6.632909467171741458e-01,6.517537129675612384e-01,8.173531854672896890e-02,4.103676835163990733e-01,-4.199618668103288210e-01,3.451497543049389383e-01,-5.548972809541161122e-02,4.758228953519103577e-01,-1.118170937379625168e-01,4.200145261887134884e-01,3.638373894287295074e-01,-3.695273223425544762e-01,-5.160139607999758571e-01,5.525686225520501926e-01,5.334048210839474891e-01,1.709798092113678780e-01,1.000000000000000000e+00,-5.220478620081139276e-01,-5.539726181746609246e-01,7.272078006468628564e-01,2.758789878343167468e-01,3.737957799921314272e-01,4.536815480273234669e-01,-1.804650390124291348e-01,2.222344816601621864e-01,3.339936320521247892e-01,6.018014606260416732e-01,3.699235110762374434e-01,3.021701693222456075e-01,5.683055928592732897e-01,1.822174104946866768e-01
2.523818515784159167e-01,2.868294282564459730e-01,-1.295348847958214533e-01,-4.811598552147688945e-02,3.423763927755694159e-01,2.233106877044124250e-01,-3.331876400215399436e-01,-3.870395249722137776e-01,-4.681792320589911460e-01,-3.415634980860117742e-01,9.239729718706336803e-02,-9.233958812019214812e-02,1.608730533542095664e-01,-7.439313960593853248e-02,3.221986230551824315e-01,-2.940724093731302835e-01,1.665813541315881996e-01,-1.416485073120777594e-01,-9.604598446732209860e-02,4.453496757484283197e-01,6.615955655298193516e-01,-5.920251028150381734e-01,-1.047753855723963790e-02,-1.217933960054915915e-01,-5.220478620081139276e-01,1.000000000000000000e+00,7.228207142551787978e-01,-6.176806537727931312e-01,-1.102080469605538626e-01,-2.133419636939239417e-01,-4.660960730173488997e-01,1.518133131753459375e-01,-7.670484395915272424e-02,6.031199517477952091e-03,-6.179919321176338132e-01,-6.194214379515651514e-02,-1.363737002758152184e-01,-5.031387642517125558e-01,3.156472218877939134e-02
2.533214580757685574e-01,1.386770362823099012e-01,-1.886283073751832962e-01,9.862039040967817208e-03,3.995876101675157055e-01,7.862810708659084824e-02,-2.589519173470944402e-01,-3.316185652148307961e-01,-4.244383987445471962e-01,-4.608904935941698366e-01,-5.622087024514707543e-02,-1.447998205224152457e-01,2.367236682895841327e-01,-7.471303881510287176e-04,9.322584849114218253e-02,-2.496649546023744781e-01,6.312701792882430274e-02,-2.014575375838042193e-01,-9.469141637675181078e-02,3.086376629525478532e-01,5.500805506574578674e-01,-5.407692212527378528e-01,-1.442652838632865198e-01,-8.351946965301125514e-02,-5.539726181746609246e-01,7.228207142551787978e-01,1.000000000000000000e+00,-5.823590883845289889e-01,-2.592672138446747154e-01,-1.254579474062659239e-01,-3.509080691057956392e-01,-2.783197601073883129e-02,-9.669454250387736483e-02,1.865697350544414518e-02,-5.901751418324261422e-01,-2.481780722215185322e-02,-3.079062886282226130e-01,-4.928642005464413112e-01,2.227296012927388116e-02
-3.129586831184265061e-01,2.345495840722246206e-02,4.254140527658116788e-01,4.134265895499487226e-02,-9.071736773370332740e-02,-1.041948336607838865e-01,4.867339757517295112e-02,2.343770881228606218e-01,7.033673094831106587e-01,6.021114514544496643e-01,5.502920361024701834e-02,3.301199305037711418e-01,-4.429312406127164925e-01,3.017152666010184392e-01,-3.053334281411003437e-02,4.052662212269020348e-01,-1.394768845599660828e-02,4.019148509144568893e-01,2.936596289419163841e-01,-4.008126366634929827e-01,-5.209686624149661993e-01,5.013693446631471984e-01,2.816897331542270733e-01,7.804091015731715042e-02,7.272078006468628564e-01,-6.176806537727931312e-01,-5.823590883845289889e-01,1.000000000000000000e+00,2.142464200457736556e-01,4.231309384141878072e-01,4.048218429524463313e-01,-1.963018642069744579e-01,3.798589071719857269e-01,3.060002630141346325e-01,6.645279749235548650e-01,3.141029917937696037e-01,1.775165979232402602e-01,5.836090131900005806e-01,2.262520134078847001e-01
1.172944941773031158e-01,-3.190847119422098033e-02,3.298808231679452030e-01,2.159138283119808877e-02,2.618784304024746046e-02,4.613672863497122328e-02,3.026148727034891350e-02,-1.478815748361331506e-01,2.276786862947924872e-01,1.738042598099553970e-01,1.932100367552606057e-01,2.803688367913398372e-01,3.819573405514996300e-03,9.717653589240160539e-02,1.668414998175989927e-01,1.543156172673116333e-01,1.355521957542427935e-01,2.714767184553768531e-01,2.723993280305924691e-01,-1.807593409950949137e-01,-1.691510687123202183e-01,2.714389815505945380e-01,4.109680786159881083e-01,3.708494967948676724e-01,2.758789878343167468e-01,-1.102080469605538626e-01,-2.592672138446747154e-01,2.142464200457736556e-01,1.000000000000000000e+00,9.477224589267427279e-02,2.396732699982014048e-01,4.867823397377151751e-01,-5.629678956139255036e-02,1.749904063751644423e-01,5.052496268233355042e-02,7.185827429069240047e-02,4.375613220845451790e-01,1.771761414018104830e-01,-3.158427128900334613e-02
-4.027757498618390192e-02,1.811396289602452137e-01,3.848151993273165594e-01,9.706839464040285803e-02,2.840091161886313387e-01,-2.364586330695125083e-01,-1.377709691656052449e-01,-5.765263761036491276e-03,6.037555352924166563e-01,3.712160238785448541e-01,-1.460901879788107094e-01,3.233174179047025310e-01,-1.518768144675454179e-01,4.396919938502879543e-01,-7.252972886027075385e-03,4.065705392799789375e-01,-9.154937373526483846e-02,3.749737335589153342e-01,3.609214432054518862e-01,-3.046539583016815156e-01,-3.581132430670390110e-01,2.737706377122701706e-01,2.554786255690716379e-01,1.219425511486754710e-01,3.737957799921314272e-01,-2.133419636939239417e-01,-1.254579474062659239e-01,4.231309384141878072e-01,9.477224589267427279e-02,1.000000000000000000e+00,3.488336155275191808e-01,-6.406254054155581523e-02,2.511057840254171114e-01,4.104805552322766116e-01,2.413630299768947662e-01,4.299429647033887192e-01,1.038988403050892795e-01,3.042418374602279263e-01,2.585701121212208298e-01
1.275494632872342660e-01,-2.128431047791416175e-01,4.327074228356804220e-01,-1.838255962046796421e-01,-8.896005512630543455e-02,6.236173837520665036e-02,-1.114662778975441908e-02,-1.081789362573666730e-01,3.670203599799597982e-01,2.701676676531119536e-01,-3.373790696885002327e-01,2.159100359842255346e-01,5.733488017609144477e-02,6.282484115697734017e-02,-2.543168648493704942e-01,3.677014034334060155e-01,-2.966473647208460740e-01,1.530958881292379115e-01,2.270813968882006151e-01,-2.339513474793556425e-01,-6.321206165071717731e-01,7.089614553302906463e-01,2.935713146666159568e-01,2.343427641955354301e-01,4.536815480273234669e-01,-4.660960730173488997e-01,-3.509080691057956392e-01,4.048218429524463313e-01,2.396732699982014048e-01,3.488336155275191808e-01,1.000000000000000000e+00,-1.501735159733504632e-01,-2.535396946399810503e-01,5.642566505844660157e-02,3.043333699928201241e-01,1.313649219360061571e-01,1.389897315747067319e-01,2.484022815792896188e-01,-2.025983645895111929e-01
1.110786551282541557e-01,1.868722060223625969e-01,2.341496589599852129e-02,2.196274813792161162e-01,1.082781489924720536e-01,-1.930204351696231113e-01,7.703959580556414555e-02,-1.153881464581277827e-01,-1.282931296682528755e-01,-1.430194120375818251e-02,2.592362328334970045e-01,1.655546474865066398e-01,2.340433735855869668e-01,1.300168097441157800e-01,1.973640569891938201e-01,7.393317704824491901e-04,3.023580390301314758e-01,9.609769680980427553e-02,1.235552163989345476e-01,-3.890448874007701452e-02,1.194720529218233213e-01,-5.372247657723907416e-02,1.273357679508615170e-01,3.650386749755131777e-01,-1.804650390124291348e-01,1.518133131753459375e-01,-2.783197601073883129e-02,-1.963018642069744579e-01,4.867823397377151751e-01,-6.406254054155581523e-02,-1.501735159733504632e-01,1.000000000000000000e+00,2.846421971966466100e-03,7.585757412506161090e-02,-1.211972284282746559e-01,6.739966083949658349e-02,3.681636903792146476e-01,-5.063395370826859893e-02,4.580840041986367767e-02
-4.681490208527733232e-01,3.582248681072489616e-01,4.846964068670598508e-02,2.276847106879078264e-01,1.258140383380498550e-01,-3.436991641286816779e-01,-9.253241068934164870e-02,3.129460991276717396e-01,3.706134007196307256e-01,3.155114254973920285e-01,3.879783383750325942e-01,1.747262331807865332e-01,-5.868208675593182821e-01,4.256660141573013756e-01,2.254144680150124980e-01,7.091329041654814702e-02,4.017987453962849620e-01,2.720057732630689618e-01,1.315932010097525251e-01,-1.436416361558442156e-01,1.421937335487694909e-01,-1.807760317830214292e-01,4.176153023856681024e-02,-9.889696379808936288e-02,2.222344816601621864e-01,-7.670484395915272424e-02,-9.669454250387736483e-02,3.798589071719857269e-01,-5.629678956139255036e-02,2.511057840254171114e-01,-2.535396946399810503e-01,2.846421971966466100e-03,1.000000000000000000e+00,2.949335690426513334e-01,3.632952550781434198e-01,3.201591317598321274e-01,1.602153097077109456e-01,2.520995198255648329e-01,4.107431749935340215e-01
-1.122786605335044374e-01,1.746137509081812922e-01,4.158452428884861218e-01,3.758343142176489016e-01,6.550413126065686154e-01,-6.560104952166245784e-02,-2.611513398617198445e-01,-7.480364410064305192e-02,4.797321158596327684e-01,3.920673547727210884e-01,8.499095636835890533e-02,6.893478772666201682e-01,-1.983717015848556753e-01,4.471685534845095678e-01,6.228086455490495360e-02,4.363058440970367102e-01,1.584884932364828969e-01,7.360106805359499793e-01,7.574319013450913074e-01,-4.903474707123413046e-01,-1.343585048842467489e-01,9.483562993946409447e-02,3.546266839913251312e-01,1.434058391369982532e-01,3.339936320521247892e-01,6.031199517477952091e-03,1.865697350544414518e-02,3.060002630141346325e-01,1.749904063751644423e-01,4.104805552322766116e-01,5.642566505844660157e-02,7.585757412506161090e-02,2.949335690426513334e-01,1.000000000000000000e+00,2.088000798364727517e-01,4.959465952582279291e-01,4.632558063121301750e-02,1.229743277169294685e-01,3.372217785566001269e-01
-4.339358395511958011e-01,-1.246579286212061294e-01,2.382266749828551300e-01,3.616728659249552474e-02,-1.145926551496982831e-01,-1.903899981843036604e-01,1.160912388377495358e-01,3.278945125643361047e-01,5.156453628353647733e-01,5.059761052301635642e-01,1.858793635241584585e-01,2.170155257375036839e-01,-4.833794894345601056e-01,2.725651383977663045e-01,-4.791113953874428372e-02,2.452019974038192329e-01,6.599865614406427716e-02,3.066885886668486161e-01,2.344374962564754472e-01,-3.701575770874208637e-01,-5.113346006932522059e-01,4.124673688618131218e-01,1.558764537653407056e-01,7.584018567948129508e-02,6.018014606260416732e-01,-6.179919321176338132e-01,-5.901751418324261422e-01,6.645279749235548650e-01,5.052496268233355042e-02,2.413630299768947662e-01,3.043333699928201241e-01,-1.211972284282746559e-01,3.632952550781434198e-01,2.088000798364727517e-01,1.000000000000000000e+00,2.639777718646925120e-01,2.804552128818030288e-01,4.435692644358547598e-01,1.153930299823663214e-01
-7.082361746162749161e-02,1.411869448524743220e-01,3.280789988444016703e-01,3.348368407871274433e-01,3.794041665932966212e-01,-1.537051545483608117e-01,3.074092422865610033e-02,4.218342564898228814e-02,4.200678721147642625e-01,4.974708863997778785e-01,-3.779526386876674859e-02,4.472272891241699244e-01,-2.270095869062030147e-01,6.477403744319066847e-01,9.011449194537483887e-02,5.830798034950255282e-01,-3.805577896390739678e-02,4.270082971906953850e-01,4.261180875655108391e-01,-2.880144551002521425e-01,-2.602732793575373016e-01,2.214696719571336847e-01,2.374627838210632003e-01,2.730701697618739821e-01,3.699235110762374434e-01,-6.194214379515651514e-02,-2.481780722215185322e-02,3.141029917937696037e-01,7.185827429069240047e-02,4.299429647033887192e-01,1.313649219360061571e-01,6.739966083949658349e-02,3.201591317598321274e-01,4.959465952582279291e-01,2.639777718646925120e-01,1.000000000000000000e+00,9.572042766977006956e-02,3.253624309090726308e-01,2.394387253262395543e-01
-2.831892637817313707e-01,-9.591173804223418475e-02,1.051934240630599260e-01,-4.980018024811094790e-02,1.938121918150578771e-02,-5.017990698498912827e-02,7.250757118505481158e-02,1.321660147443032840e-01,1.432050998432393418e-01,1.433696692389138938e-01,4.331369962793090167e-01,9.015349056250433757e-02,-2.863686359644754265e-01,2.750292474223802741e-01,2.261722318531260434e-01,-2.696255348805722679e-02,2.929167234217150417e-01,1.128035480173803645e-01,1.486259394626178176e-01,-6.852747579509425868e-02,-1.429157120669435066e-01,1.912438492900906117e-01,3.901688503997008950e-01,3.548277171774946170e-01,3.021701693222456075e-01,-1.363737002758152184e-01,-3.079062886282226130e-01,1.775165979232402602e-01,4.375613220845451790e-01,1.038988403050892795e-01,1.389897315747067319e-01,3.681636903792146476e-01,1.602153097077109456e-01,4.632558063121301750e-02,2.804552128818030288e-01,9.572042766977006956e-02,1.000000000000000000e+00,9.511023680182174866e-02,-1.003328631591168668e-01
2.837530333808128968e-02,1.006480473592606673e-01,3.016144678265232915e-01,-5.022261315459072839e-02,-1.127117530826953762e-01,-1.361012206462866025e-01,2.448348755549854538e-01,1.864265404328177000e-01,5.883060902210982546e-01,5.467858000922409811e-01,2.639763871900126149e-03,2.596893919803935913e-01,-2.103772428288684104e-01,2.772415515868778546e-01,1.139985943775021909e-01,5.290230587313761168e-01,-1.508141708251364843e-01,1.225417336243850991e-01,2.223385901959037611e-02,-2.597781049611503912e-01,-4.108126961939151389e-01,4.440179403711745909e-01,2.027909198361051990e-01,1.147869602279854989e-01,5.683055928592732897e-01,-5.031387642517125558e-01,-4.928642005464413112e-01,5.836090131900005806e-01,1.771761414018104830e-01,3.042418374602279263e-01,2.484022815792896188e-01,-5.063395370826859893e-02,2.520995198255648329e-01,1.229743277169294685e-01,4.435692644358547598e-01,3.253624309090726308e-01,9.511023680182174866e-02,1.000000000000000000e+00,4.537645926940696572e-01
-5.841654927357033122e-02,5.099217004801901432e-01,1.545744082377270290e-01,1.095994156949487708e-01,2.129460085313361895e-01,-6.511158650120951741e-02,-1.790197801834692293e-01,1.862848114023813589e-02,3.441669174701905698e-01,3.540189884140315102e-01,2.166756165638004383e-01,3.284065885423840259e-01,-1.837182980852942737e-01,2.521642565409845660e-01,2.194589585198688242e-01,2.386756855477229766e-01,2.227697917781384651e-01,1.801430001393591052e-01,3.236927848482484826e-02,-8.971243669227955964e-02,1.143312044151324203e-01,-1.257206489290418894e-01,1.363076659798568846e-01,-9.545263482943854016e-02,1.822174104946866768e-01,3.156472218877939134e-02,2.227296012927388116e-02,2.262520134078847001e-01,-3.158427128900334613e-02,2.585701121212208298e-01,-2.025983645895111929e-01,4.580840041986367767e-02,4.107431749935340215e-01,3.372217785566001269e-01,1.153930299823663214e-01,2.394387253262395543e-01,-1.003328631591168668e-01,4.537645926940696572e-01,1.000000000000000000e+00
