1.000000000000000000e+00,4.648930333571817397e-01,2.004123920559672534e-01,1.394185237108911957e-01,3.372063869256559099e-01,2.762613914190395481e-01,2.384403059780407230e-01,-2.224711700209680842e-01,1.931974847824231845e-01,1.156850583977770720e-02,1.619604697667251236e-01,1.761130447494998197e-01,-1.880607758555820352e-01,8.733993516235284693e-02,2.200172558502686837e-01,6.397204373624641727e-02,1.002460147488398734e-01,1.313271704571898901e-01,1.230754692348400153e-01,1.637269634530549856e-01,1.890117326060248015e-01,1.341373250562385988e-01,1.686071213663123958e-01,9.906885647089035130e-02,8.366037897076404606e-02,2.629600840036369624e-01,2.410292434692783425e-01,8.959918771489316924e-02,4.916711509206381225e-01,5.382430748490996814e-02,3.599567983458510367e-01,4.026403858722725770e-01,9.924840460890477223e-02,1.558061624412029611e-01,1.863557702908701652e-01,1.682195545115755531e-01,2.132721857691446676e-01,1.888503579307509450e-01,2.450995775201953719e-01
4.648930333571817397e-01,1.000000000000000000e+00,-2.649633420742501366e-03,1.518542012238264551e-02,2.936684252231938075e-01,3.177183350598247191e-01,1.572288113336968995e-01,-9.851850024700607722e-02,8.483152287816236869e-02,-8.977065765125606667e-02,1.059218301219670977e-01,-6.870709388568282949e-02,-3.012299266554694863e-02,1.564023872448227770e-01,4.382319590466140363e-03,-5.749648539687771814e-02,1.885964649587149045e-01,-1.467927428557157764e-02,-2.813927156078131417e-02,1.178256814633468763e-02,5.734415314462752711e-02,-4.915363852871017930e-02,1.836997412393274742e-01,2.182799224327809651e-01,3.362426658237366861e-01,3.911312959274255152e-01,4.037422453206302997e-01,-7.914775767052944361e-03,2.443206658794794262e-01,-3.715113316417296280e-02,3.942038502107799158e-01,5.398719974830248347e-01,-5.765776039652184331e-04,1.031098238590098456e-02,2.068000266237547680e-01,7.411893058896310005e-02,2.863912232105867428e-01,3.625480249674834649e-02,2.378180783654876007e-01
2.004123920559672534e-01,-2.649633420742501366e-03,1.000000000000000000e+00,1.739376482997100903e-01,3.090991898578284713e-01,-2.392192502863584591e-01,2.811190857440661328e-01,-7.177925258824087162e-01,4.395657209328714399e-01,5.546118521187632933e-01,2.273715392287193604e-01,6.901338179897396063e-01,-2.582983228228729611e-01,1.747101986598332268e-01,6.675883113838126937e-01,5.672623322163539150e-01,-1.734549491759550255e-01,6.468244798025412079e-01,5.387301897559254593e-01,4.964424603425636184e-01,6.706103770682404486e-01,5.379772883910746151e-01,-4.873914317574395624e-03,-1.648527756449935378e-01,-2.506159211711440037e-03,-9.242830265238090315e-02,-2.011382769631019085e-01,4.444924408785276282e-01,3.829863265892740620e-01,5.921134622140294956e-01,3.592081601272145708e-01,2.690065556917421441e-01,7.737423853371900861e-01,5.964884298059702772e-01,4.077315435679721989e-01,4.750011212568068242e-01,4.403189400553201849e-01,4.892251643311709142e-01,4.926036004830874337e-01
1.394185237108911957e-01,1.518542012238264551e-02,1.739376482997100903e-01,1.000000000000000000e+00,-2.737098124058881185e-02,2.296390736350426565e-01,4.177715788827786048e-01,-1.229352256895196033e-01,-2.385136710691437290e-01,-6.362694974873742138e-02,-7.026988803448319665e-02,2.490408636542694801e-02,-1.880091912050308178e-01,-2.928610191926979134e-01,-2.038284936362281391e-02,9.992379155019546697e-03,-1.655994630496474274e-01,9.848218634158027729e-02,-3.437002771178084698e-02,2.625402929783539618e-01,1.770856289128006633e-01,1.851129095636952493e-01,-1.880122356455192212e-01,-1.841758777714596895e-01,-8.418564412743445580e-02,-1.008043064313693532e-01,-2.788012041663938748e-02,5.947658300922323976e-02,2.567138762853514167e-01,-1.958711640436370249e-01,1.117340050033049093e-01,1.383001714389049952e-01,7.505259510498331343e-02,-5.361181788829495753e-02,2.099051470567798172e-01,-1.078274601446436165e-01,2.507659646218979299e-01,-9.249327743241871069e-02,-1.025550143328765873e-01
3.372063869256559099e-01,2.936684252231938075e-01,3.090991898578284713e-01,-2.737098124058881185e-02,1.000000000000000000e+00,-6.421122754882913064e-02,2.442768192525987814e-01,-2.409161719008043878e-01,4.226580843114101649e-01,2.518843819732130007e-01,3.559596255525553365e-01,3.245592317448192654e-01,-1.067984612976266047e-02,3.948006001121984743e-01,3.823292465394244055e-01,2.175869628720139282e-01,1.190721297776871079e-01,4.516378049439330189e-01,5.247026719401762795e-01,2.136850588028148812e-01,3.286104014854526190e-01,2.208727749977258958e-01,1.096076335952923531e-01,4.143236075248830919e-02,1.620562055077121311e-01,6.030074998684397114e-01,5.028729707519793424e-01,3.110727677504507849e-01,8.956748471547759660e-02,2.928415197731764064e-01,4.303182599719198587e-01,2.020744605478149436e-01,3.365778071200646315e-01,5.577254095068354678e-01,7.503502101196544982e-02,4.446434230343997984e-01,5.747136174831705274e-02,4.250702484908476797e-01,4.648776187181606900e-01
2.762613914190395481e-01,3.177183350598247191e-01,-2.392192502863584591e-01,2.296390736350426565e-01,-6.421122754882913064e-02,1.000000000000000000e+00,1.035934554329467211e-01,1.247826043159404458e-01,-2.407779427913622761e-01,-4.690511541570972498e-01,-2.359217218716061493e-01,-3.895454719730201965e-01,2.220068965051122736e-02,-1.787052146718672296e-01,-3.740056917104088163e-01,-4.247732993803726709e-01,1.059648886877540969e-01,-2.671071411567533249e-01,-3.254078086507578571e-01,-5.286301452973748288e-02,-1.068302324872850845e-01,-1.451135526290423250e-01,5.534241041653158860e-02,2.742542670586868292e-01,2.153241838133297323e-02,4.771873444805133785e-02,2.319374293619143879e-01,-1.693645439522599716e-01,4.238478727497120291e-01,-5.007180884921984543e-01,2.202363853389335269e-01,4.524350414216806171e-01,-3.592338581997122082e-01,-3.363897628837284604e-01,3.248512823571643171e-01,-3.623770547621006921e-01,3.455526981297919464e-01,-3.099708809950904587e-01,-3.049488319406081782e-01
2.384403059780407230e-01,1.572288113336968995e-01,2.811190857440661328e-01,4.177715788827786048e-01,2.442768192525987814e-01,1.035934554329467211e-01,1.000000000000000000e+00,-2.448938386583765503e-01,-3.799170562512136501e-02,4.410952811633916254e-02,1.322981949999796070e-01,1.359632043655499556e-01,1.176562759581335910e-01,-1.256695200226644327e-01,2.009060661346450949e-01,1.067606126475708073e-01,-8.567054523132038024e-02,1.638872750152989277e-01,6.604268813656372084e-02,2.848292472798483743e-01,2.204439569633596940e-01,3.233314957671948320e-01,-1.061242380240599997e-01,-2.718112955756429305e-01,3.181846856521797912e-02,8.958001689870620510e-02,1.782014681233869691e-01,4.052085563557051850e-01,1.948999795626310816e-01,6.545909875369908433e-03,4.280241603514379212e-01,2.038198231723524489e-01,2.365928827921953970e-01,1.557662055953619729e-01,1.551030857389481821e-01,7.437709250774057756e-02,1.874836682648475528e-01,2.647196732048978651e-02,6.154867501030553134e-02
-2.224711700209680842e-01,-9.851850024700607722e-02,-7.177925258824087162e-01,-1.229352256895196033e-01,-2.409161719008043878e-01,1.247826043159404458e-01,-2.448938386583765503e-01,1.000000000000000000e+00,-2.996221618101859163e-01,-4.491414559735616430e-01,-2.038658328291418076e-01,-5.206541462772569240e-01,1.611933347730894472e-01,-1.851698654949586464e-01,-5.228503216132093234e-01,-4.352022338761515896e-01,5.093174905253097101e-02,-4.884490610882357697e-01,-3.929414690937926835e-01,-4.178471582147547658e-01,-5.662529534897219330e-01,-4.268429789886448167e-01,-3.938753324198700223e-02,1.292793167862025250e-01,-4.203038610824570004e-02,1.835002080407016622e-02,8.476586449470881190e-02,-3.411601660140457515e-01,-3.657536347864432935e-01,-4.325608658851245458e-01,-3.618123926549248748e-01,-3.635659761921133382e-01,-6.390672832448547336e-01,-4.415717839331987915e-01,-4.389376759549714069e-01,-4.033628835957456804e-01,-4.706390190607569468e-01,-3.640268188681485273e-01,-3.785563201292283519e-01
1.931974847824231845e-01,8.483152287816236869e-02,4.395657209328714399e-01,-2.385136710691437290e-01,4.226580843114101649e-01,-2.407779427913622761e-01,-3.799170562512136501e-02,-2.996221618101859163e-01,1.000000000000000000e+00,5.720434210968166067e-01,2.981663125874603470e-01,5.581009361991344786e-01,-1.570624582707506323e-01,4.243382287073821924e-01,5.122706885487455786e-01,5.432656834283632330e-01,2.645218306782719589e-02,4.576521151685718491e-01,5.234391661550651387e-01,9.195050287264165678e-02,3.592412540214636185e-01,2.375341062456090280e-01,3.141623103819955465e-01,1.380587194298795728e-01,2.276057853721573376e-01,1.841274165852595512e-01,-1.567089307340750054e-02,3.296513772683012378e-01,1.831902205969672681e-01,6.453351775703778381e-01,2.730630070715763247e-01,1.052731451504724941e-01,4.857474883866113036e-01,6.111526363996409028e-01,2.284743354693812359e-02,5.116378452617076356e-01,3.805380914177029089e-02,6.039200316048846107e-01,6.276971862012389325e-01
1.156850583977770720e-02,-8.977065765125606667e-02,5.546118521187632933e-01,-6.362694974873742138e-02,2.518843819732130007e-01,-4.690511541570972498e-01,4.410952811633916254e-02,-4.491414559735616430e-01,5.720434210968166067e-01,1.000000000000000000e+00,2.332896225921447242e-01,6.610371842011394383e-01,-2.444068183318094389e-01,3.391660925568625862e-01,6.019868874967827521e-01,8.114590426924743749e-01,-7.932747659787674210e-02,4.734787712923571590e-01,5.346693618417583949e-01,2.030901792528694294e-01,4.043637053293155370e-01,2.725515824916973084e-01,2.181207786148209038e-01,-3.274607325923160200e-02,1.875597433728919405e-01,-1.422293269047104035e-02,-2.046657895072659661e-01,2.497918799436662229e-01,3.553151720738485092e-02,6.763674615948657154e-01,1.155566602988260805e-01,-7.049894614334044352e-02,5.804202792286170531e-01,5.683365905643699145e-01,6.659055533020384610e-02,5.064356412607714519e-01,3.213947985835859805e-02,6.884702938886123613e-01,6.030187456341813412e-01
1.619604697667251236e-01,1.059218301219670977e-01,2.273715392287193604e-01,-7.026988803448319665e-02,3.559596255525553365e-01,-2.359217218716061493e-01,1.322981949999796070e-01,-2.038658328291418076e-01,2.981663125874603470e-01,2.332896225921447242e-01,1.000000000000000000e+00,1.658038941063130489e-01,-2.775122563815968918e-02,3.072490403215562549e-01,1.601473250063673859e-01,2.226569879936851348e-01,3.828395082637866542e-01,1.406440992638695597e-01,1.216606874191413085e-01,1.902049523481989246e-01,2.456707268209028239e-01,2.242753294787175056e-01,2.450227898574513785e-01,-5.562410017149218081e-03,8.034781456114648002e-02,1.881671308491348060e-01,1.503746488405591497e-01,4.022613421518331789e-01,-2.597476179203341007e-02,2.892484225183729607e-01,3.009270682141258479e-01,1.731572606089160082e-01,3.310759796116133913e-01,2.845598371504806656e-01,-1.427425229767315673e-01,3.656094695324703103e-01,-1.960089918365175848e-02,1.589152114858944920e-01,2.758512868674188878e-01
1.761130447494998197e-01,-6.870709388568282949e-02,6.901338179897396063e-01,2.490408636542694801e-02,3.245592317448192654e-01,-3.895454719730201965e-01,1.359632043655499556e-01,-5.206541462772569240e-01,5.581009361991344786e-01,6.610371842011394383e-01,1.658038941063130489e-01,1.000000000000000000e+00,-2.312683735649180006e-01,1.764895649362317742e-01,7.841608989530663987e-01,6.460143568059705244e-01,-1.720256612383071759e-01,6.187073737632267090e-01,6.211412116085810453e-01,3.270738902984878793e-01,4.862950100653195551e-01,4.494430619164058172e-01,8.008608783689369001e-03,-1.707808371558424410e-01,-7.485845553047839815e-03,-8.947247651206492736e-02,-2.654877102540162959e-01,3.244276342723990125e-01,2.189238212561030461e-01,6.660999336176703922e-01,1.784154968231897453e-01,2.738063412186725071e-03,6.725354776562979531e-01,7.132825043226800332e-01,1.752193451186878637e-01,4.724250666769783114e-01,1.525497836059423740e-01,6.758211050392116670e-01,6.261074602945710943e-01
-1.880607758555820352e-01,-3.012299266554694863e-02,-2.582983228228729611e-01,-1.880091912050308178e-01,-1.067984612976266047e-02,2.220068965051122736e-02,1.176562759581335910e-01,1.611933347730894472e-01,-1.570624582707506323e-01,-2.444068183318094389e-01,-2.775122563815968918e-02,-2.312683735649180006e-01,1.000000000000000000e+00,-3.856087050526752630e-02,-1.592910142215993030e-01,-2.659324712612973762e-01,8.609261636323321809e-02,-2.053273694693306672e-01,-1.603981991485849412e-01,-1.103109871809761361e-01,-2.296830843220917517e-01,-9.123932962158454174e-02,-1.218600696072460882e-01,-1.071686036067773518e-01,2.677276714122517332e-02,1.007215675209742756e-01,2.136996117075525559e-01,4.492157887393441462e-02,-2.747301470679638369e-01,-2.072142074557545288e-01,9.840152077695318508e-03,-1.301130621763642858e-01,-1.908449410112960376e-01,-1.166984615185279878e-01,-1.973641888806093037e-01,-1.130680095304798932e-01,-2.220244538584996152e-01,-2.318469105024250076e-01,-2.121535956025412395e-01
8.733993516235284693e-02,1.564023872448227770e-01,1.747101986598332268e-01,-2.928610191926979134e-01,3.948006001121984743e-01,-1.787052146718672296e-01,-1.256695200226644327e-01,-1.851698654949586464e-01,4.243382287073821924e-01,3.391660925568625862e-01,3.072490403215562549e-01,1.764895649362317742e-01,-3.856087050526752630e-02,1.000000000000000000e+00,1.785399457713424121e-01,3.191602734822116538e-01,1.508605673274260595e-01,1.604189369259842179e-01,2.355056613190853465e-01,-1.515483118773558457e-02,2.161024131074883448e-01,7.958009849078892528e-02,3.199074169578656202e-01,4.676861941997815242e-01,2.555152985295252588e-01,4.068815832623827178e-01,2.840345053399248587e-01,1.286637833894221650e-01,5.418746171011219748e-02,3.077357546772209740e-01,2.842249550452451978e-01,1.436928122070776914e-01,2.552908086133537924e-01,2.991307975473102565e-01,2.798595080695243445e-02,4.385648320600145644e-01,1.955749683738721573e-02,3.336594370342793603e-01,3.017106626016184401e-01
2.200172558502686837e-01,4.382319590466140363e-03,6.675883113838126937e-01,-2.038284936362281391e-02,3.823292465394244055e-01,-3.740056917104088163e-01,2.009060661346450949e-01,-5.228503216132093234e-01,5.122706885487455786e-01,6.019868874967827521e-01,1.601473250063673859e-01,7.841608989530663987e-01,-1.592910142215993030e-01,1.785399457713424121e-01,1.000000000000000000e+00,5.821284470205837502e-01,-1.798061701074785690e-01,5.896330987017611713e-01,6.096613466124853886e-01,3.330429244619432794e-01,4.807519508439636047e-01,4.608835472152323920e-01,-4.159195392906955835e-02,-1.971748173967162177e-01,1.566115039371668988e-02,-1.296990957366190439e-02,-1.681549983454450892e-01,3.527357838094722919e-01,2.078531614872639599e-01,6.282290540864038375e-01,2.610260022950967040e-01,4.254002219817451524e-02,6.560501256406606752e-01,7.044845628977083329e-01,2.073489961830424499e-01,5.084965595831053564e-01,1.543905775940722647e-01,6.154095437035576044e-01,5.960101682378979859e-01
6.397204373624641727e-02,-5.749648539687771814e-02,5.672623322163539150e-01,9.992379155019546697e-03,2.175869628720139282e-01,-4.247732993803726709e-01,1.067606126475708073e-01,-4.352022338761515896e-01,5.432656834283632330e-01,8.114590426924743749e-01,2.226569879936851348e-01,6.460143568059705244e-01,-2.659324712612973762e-01,3.191602734822116538e-01,5.821284470205837502e-01,1.000000000000000000e+00,-9.272719619902231036e-02,4.479361586093477676e-01,4.742039042874795496e-01,2.283803184094940208e-01,4.229588816684980990e-01,2.845369384404768387e-01,2.031334429709939493e-01,-2.029054051167772377e-02,1.515278114098107809e-01,-4.137949530904467405e-02,-2.242279037307757239e-01,2.800051672337849906e-01,9.714214102023334407e-02,6.404677408226386870e-01,1.630290640501002586e-01,-3.918357174846558155e-02,5.696662642582043246e-01,5.254226945927976677e-01,7.836510415001114727e-02,4.684547550079430356e-01,6.761513950343941981e-02,6.589586943146238385e-01,5.619491787076186240e-01
1.002460147488398734e-01,1.885964649587149045e-01,-1.734549491759550255e-01,-1.655994630496474274e-01,1.190721297776871079e-01,1.059648886877540969e-01,-8.567054523132038024e-02,5.093174905253097101e-02,2.645218306782719589e-02,-7.932747659787674210e-02,3.828395082637866542e-01,-1.720256612383071759e-01,8.609261636323321809e-02,1.508605673274260595e-01,-1.798061701074785690e-01,-9.272719619902231036e-02,1.000000000000000000e+00,-2.164541681630909875e-01,-1.442431274288460408e-01,-1.288900166966871208e-01,-8.031107700943586336e-02,-1.757269167502190088e-01,3.737162419111950129e-01,1.660473033454551439e-01,2.117185295720214883e-02,1.691765783523762612e-01,3.289317904572873763e-01,-8.064640200347407417e-02,-1.313894316444259025e-01,-9.032040286665166118e-02,1.759185151413019399e-01,2.367742203246558097e-01,-6.553181220000080243e-02,-1.181879926827200250e-01,-2.413002159216673381e-01,5.650794888647244635e-02,-1.158629809568588742e-01,-1.035279815437691042e-01,6.333342244795112097e-02
1.313271704571898901e-01,-1.467927428557157764e-02,6.468244798025412079e-01,9.848218634158027729e-02,4.516378049439330189e-01,-2.671071411567533249e-01,1.638872750152989277e-01,-4.884490610882357697e-01,4.576521151685718491e-01,4.734787712923571590e-01,1.406440992638695597e-01,6.187073737632267090e-01,-2.053273694693306672e-01,1.604189369259842179e-01,5.896330987017611713e-01,4.479361586093477676e-01,-2.164541681630909875e-01,1.000000000000000000e+00,7.477239418205305910e-01,3.806057938993011036e-01,5.189634455567581073e-01,3.913974641904161555e-01,-1.805320326972309486e-02,-1.104788475594093988e-01,3.414186976834403947e-02,7.104315082196506481e-02,-4.709640299092151400e-02,3.495298235098343587e-01,2.737942297931301727e-01,5.450312076516865556e-01,2.260684436721615842e-01,1.185790979847362175e-01,6.260007099350520798e-01,6.251979542724518391e-01,3.407393275468341698e-01,3.505383274587010600e-01,2.939302672203240596e-01,5.285688704996845955e-01,5.288064137418863053e-01
1.230754692348400153e-01,-2.813927156078131417e-02,5.387301897559254593e-01,-3.437002771178084698e-02,5.247026719401762795e-01,-3.254078086507578571e-01,6.604268813656372084e-02,-3.929414690937926835e-01,5.234391661550651387e-01,5.346693618417583949e-01,1.216606874191413085e-01,6.211412116085810453e-01,-1.603981991485849412e-01,2.355056613190853465e-01,6.096613466124853886e-01,4.742039042874795496e-01,-1.442431274288460408e-01,7.477239418205305910e-01,1.000000000000000000e+00,2.771392766066052560e-01,4.305987479089795622e-01,3.007687302352947123e-01,6.338879058754758045e-02,-9.248248751100535126e-02,9.819130742576938353e-02,1.972830126511078419e-01,4.787117236302385059e-02,2.717367817956488074e-01,1.553862384052679402e-01,5.480179187498300797e-01,1.882566913686743726e-01,1.752471982025732150e-02,5.654677255753806087e-01,6.517603219804524173e-01,1.986045935303684395e-01,4.386246013786292974e-01,1.260898542063863259e-01,6.313303454116637736e-01,5.838204448030525073e-01
1.637269634530549856e-01,1.178256814633468763e-02,4.964424603425636184e-01,2.625402929783539618e-01,2.136850588028148812e-01,-5.286301452973748288e-02,2.848292472798483743e-01,-4.178471582147547658e-01,9.195050287264165678e-02,2.030901792528694294e-01,1.902049523481989246e-01,3.270738902984878793e-01,-1.103109871809761361e-01,-1.515483118773558457e-02,3.330429244619432794e-01,2.283803184094940208e-01,-1.288900166966871208e-01,3.806057938993011036e-01,2.771392766066052560e-01,1.000000000000000000e+00,4.509634374137238555e-01,4.880796345332476527e-01,-8.577454967828861132e-02,-1.893273776653277007e-01,-6.815795885768968776e-02,-1.505641728181419947e-02,-7.491698256932509403e-02,3.286604095003489157e-01,2.726870965462937502e-01,2.809688896177302553e-01,2.571908815666898995e-01,2.079990035431771300e-01,4.276244563757700123e-01,3.040700152898010988e-01,3.238935038774995445e-01,2.320553340922088814e-01,3.384583683695993606e-01,1.750109925936279009e-01,1.823060065449587097e-01
1.890117326060248015e-01,5.734415314462752711e-02,6.706103770682404486e-01,1.770856289128006633e-01,3.286104014854526190e-01,-1.068302324872850845e-01,2.204439569633596940e-01,-5.662529534897219330e-01,3.592412540214636185e-01,4.043637053293155370e-01,2.456707268209028239e-01,4.862950100653195551e-01,-2.296830843220917517e-01,2.161024131074883448e-01,4.807519508439636047e-01,4.229588816684980990e-01,-8.031107700943586336e-02,5.189634455567581073e-01,4.305987479089795622e-01,4.509634374137238555e-01,1.000000000000000000e+00,4.663528840132961095e-01,7.275673591733870099e-03,-8.947069396815418834e-04,3.961125746870496067e-02,2.515278426112797436e-02,-4.195286907523727155e-02,4.065087629316992412e-01,3.989085832394718145e-01,4.231923719017159913e-01,4.530352441056896273e-01,3.411600664246050574e-01,6.335342945467504761e-01,4.654351792749961136e-01,4.677559296649221876e-01,4.427294345362072781e-01,4.913145476111638876e-01,3.656048150453793388e-01,3.722592122282810667e-01
1.341373250562385988e-01,-4.915363852871017930e-02,5.379772883910746151e-01,1.851129095636952493e-01,2.208727749977258958e-01,-1.451135526290423250e-01,3.233314957671948320e-01,-4.268429789886448167e-01,2.375341062456090280e-01,2.725515824916973084e-01,2.242753294787175056e-01,4.494430619164058172e-01,-9.123932962158454174e-02,7.958009849078892528e-02,4.608835472152323920e-01,2.845369384404768387e-01,-1.757269167502190088e-01,3.913974641904161555e-01,3.007687302352947123e-01,4.880796345332476527e-01,4.663528840132961095e-01,1.000000000000000000e+00,-6.116996166023954545e-02,-2.165910046581224768e-01,1.990990737182147131e-03,-4.433473483878754007e-02,-1.428279589019702533e-01,5.037158261513039470e-01,2.546743036365389790e-01,3.876798963419913480e-01,3.639384967149391081e-01,1.077246974624760656e-01,4.953534188731615884e-01,4.446049197063906000e-01,2.049407416139168714e-01,3.046152692853321686e-01,2.359915805808645295e-01,2.078873581221339362e-01,2.024415091202633188e-01
1.686071213663123958e-01,1.836997412393274742e-01,-4.873914317574395624e-03,-1.880122356455192212e-01,1.096076335952923531e-01,5.534241041653158860e-02,-1.061242380240599997e-01,-3.938753324198700223e-02,3.141623103819955465e-01,2.181207786148209038e-01,2.450227898574513785e-01,8.008608783689369001e-03,-1.218600696072460882e-01,3.199074169578656202e-01,-4.159195392906955835e-02,2.031334429709939493e-01,3.737162419111950129e-01,-1.805320326972309486e-02,6.338879058754758045e-02,-8.577454967828861132e-02,7.275673591733870099e-03,-6.116996166023954545e-02,1.000000000000000000e+00,3.357755822032311155e-01,4.948529060165540172e-01,1.870950908263004364e-01,1.731487735116625237e-01,3.496264921914388896e-02,8.047562692381521332e-02,1.819243339289083605e-01,1.296466957556573762e-01,2.084335261606770906e-01,2.075174193777911194e-02,2.307778413105396331e-02,-9.800108199064933023e-02,2.213684360998995071e-01,-4.657938966538907599e-02,1.559022554144375849e-01,1.932021417443389733e-01
9.906885647089035130e-02,2.182799224327809651e-01,-1.648527756449935378e-01,-1.841758777714596895e-01,4.143236075248830919e-02,2.742542670586868292e-01,-2.718112955756429305e-01,1.292793167862025250e-01,1.380587194298795728e-01,-3.274607325923160200e-02,-5.562410017149218081e-03,-1.707808371558424410e-01,-1.071686036067773518e-01,4.676861941997815242e-01,-1.971748173967162177e-01,-2.029054051167772377e-02,1.660473033454551439e-01,-1.104788475594093988e-01,-9.248248751100535126e-02,-1.893273776653277007e-01,-8.947069396815418834e-04,-2.165910046581224768e-01,3.357755822032311155e-01,1.000000000000000000e+00,2.258094731467404359e-01,1.444656232711120647e-01,1.541861155803753436e-01,-1.831395478743343685e-01,2.367359537414979176e-01,-8.616679336165677938e-02,1.147964843491580400e-01,2.297031651565183130e-01,-1.721004642805526452e-01,-8.535324603833081836e-02,1.692075404823910334e-01,-6.397034587869661337e-02,1.243991280849143510e-01,4.396350200549817983e-02,3.421976282656720696e-03
8.366037897076404606e-02,3.362426658237366861e-01,-2.506159211711440037e-03,-8.418564412743445580e-02,1.620562055077121311e-01,2.153241838133297323e-02,3.181846856521797912e-02,-4.203038610824570004e-02,2.276057853721573376e-01,1.875597433728919405e-01,8.034781456114648002e-02,-7.485845553047839815e-03,2.677276714122517332e-02,2.555152985295252588e-01,1.566115039371668988e-02,1.515278114098107809e-01,2.117185295720214883e-02,3.414186976834403947e-02,9.819130742576938353e-02,-6.815795885768968776e-02,3.961125746870496067e-02,1.990990737182147131e-03,4.948529060165540172e-01,2.258094731467404359e-01,1.000000000000000000e+00,3.500394335092731901e-01,2.889591448332037849e-01,-3.439212582948377155e-03,2.008955949827516407e-02,1.544615198775146636e-01,1.305147011042118721e-01,1.624461943195792957e-01,3.536867380544978304e-03,9.103895227563521542e-02,5.039243953279130134e-02,2.358583783988824900e-01,3.328591333499295035e-02,1.433006925839965529e-01,1.785632120709526316e-01
2.629600840036369624e-01,3.911312959274255152e-01,-9.242830265238090315e-02,-1.008043064313693532e-01,6.030074998684397114e-01,4.771873444805133785e-02,8.958001689870620510e-02,1.835002080407016622e-02,1.841274165852595512e-01,-1.422293269047104035e-02,1.881671308491348060e-01,-8.947247651206492736e-02,1.007215675209742756e-01,4.068815832623827178e-01,-1.296990957366190439e-02,-4.137949530904467405e-02,1.691765783523762612e-01,7.104315082196506481e-02,1.972830126511078419e-01,-1.505641728181419947e-02,2.515278426112797436e-02,-4.433473483878754007e-02,1.870950908263004364e-01,1.444656232711120647e-01,3.500394335092731901e-01,1.000000000000000000e+00,6.982572213259065075e-01,5.934678913888473406e-02,-8.148986136739702624e-02,-2.628464390480713883e-02,2.780548878487760778e-01,1.272443743565769281e-01,-6.183637332774830075e-02,1.698008718227738412e-01,-1.020476422898120294e-01,2.728078230840005336e-01,-1.068700039032453586e-01,1.618627127311018099e-01,1.777955622769654409e-01
2.410292434692783425e-01,4.037422453206302997e-01,-2.011382769631019085e-01,-2.788012041663938748e-02,5.028729707519793424e-01,2.319374293619143879e-01,1.782014681233869691e-01,8.476586449470881190e-02,-1.567089307340750054e-02,-2.046657895072659661e-01,1.503746488405591497e-01,-2.654877102540162959e-01,2.136996117075525559e-01,2.840345053399248587e-01,-1.681549983454450892e-01,-2.242279037307757239e-01,3.289317904572873763e-01,-4.709640299092151400e-02,4.787117236302385059e-02,-7.491698256932509403e-02,-4.195286907523727155e-02,-1.428279589019702533e-01,1.731487735116625237e-01,1.541861155803753436e-01,2.889591448332037849e-01,6.982572213259065075e-01,1.000000000000000000e+00,-6.138410094615352405e-03,-8.117109995871632511e-02,-2.343777478571467954e-01,3.350229643173387450e-01,2.409464881673135661e-01,-1.479947965385571551e-01,-3.261380339201327277e-02,-3.947331237537431842e-02,1.222598049268334569e-01,-5.411852124073703724e-02,-5.377587775161932898e-02,4.230429486598252103e-02
8.959918771489316924e-02,-7.914775767052944361e-03,4.444924408785276282e-01,5.947658300922323976e-02,3.110727677504507849e-01,-1.693645439522599716e-01,4.052085563557051850e-01,-3.411601660140457515e-01,3.296513772683012378e-01,2.497918799436662229e-01,4.022613421518331789e-01,3.244276342723990125e-01,4.492157887393441462e-02,1.286637833894221650e-01,3.527357838094722919e-01,2.800051672337849906e-01,-8.064640200347407417e-02,3.495298235098343587e-01,2.717367817956488074e-01,3.286604095003489157e-01,4.065087629316992412e-01,5.037158261513039470e-01,3.496264921914388896e-02,-1.831395478743343685e-01,-3.439212582948377155e-03,5.934678913888473406e-02,-6.138410094615352405e-03,1.000000000000000000e+00,1.701800911016488060e-01,3.376384134213488708e-01,4.297604302373947971e-01,1.269571663600901901e-01,4.574425714427127754e-01,4.125944823672378359e-01,3.471071753020174566e-02,2.791876746626187344e-01,1.510713991438800696e-01,2.098506019967201763e-01,2.538299448131133285e-01
4.916711509206381225e-01,2.443206658794794262e-01,3.829863265892740620e-01,2.567138762853514167e-01,8.956748471547759660e-02,4.238478727497120291e-01,1.948999795626310816e-01,-3.657536347864432935e-01,1.831902205969672681e-01,3.553151720738485092e-02,-2.597476179203341007e-02,2.189238212561030461e-01,-2.747301470679638369e-01,5.418746171011219748e-02,2.078531614872639599e-01,9.714214102023334407e-02,-1.313894316444259025e-01,2.737942297931301727e-01,1.553862384052679402e-01,2.726870965462937502e-01,3.989085832394718145e-01,2.546743036365389790e-01,8.047562692381521332e-02,2.367359537414979176e-01,2.008955949827516407e-02,-8.148986136739702624e-02,-8.117109995871632511e-02,1.701800911016488060e-01,1.000000000000000000e+00,5.051923491175185077e-02,4.431936314646344743e-01,5.570577054312225718e-01,2.344597085408345605e-01,1.593364270853074860e-01,6.074514871262396420e-01,-4.896118264524093253e-03,6.077136912439738969e-01,1.620889954560693069e-01,8.060441748850075139e-02
5.382430748490996814e-02,-3.715113316417296280e-02,5.921134622140294956e-01,-1.958711640436370249e-01,2.928415197731764064e-01,-5.007180884921984543e-01,6.545909875369908433e-03,-4.325608658851245458e-01,6.453351775703778381e-01,6.763674615948657154e-01,2.892484225183729607e-01,6.660999336176703922e-01,-2.072142074557545288e-01,3.077357546772209740e-01,6.282290540864038375e-01,6.404677408226386870e-01,-9.032040286665166118e-02,5.450312076516865556e-01,5.480179187498300797e-01,2.809688896177302553e-01,4.231923719017159913e-01,3.876798963419913480e-01,1.819243339289083605e-01,-8.616679336165677938e-02,1.544615198775146636e-01,-2.628464390480713883e-02,-2.343777478571467954e-01,3.376384134213488708e-01,5.051923491175185077e-02,1.000000000000000000e+00,1.220761194122631232e-01,-3.088907872602656909e-03,6.268386078372604198e-01,6.149603683312611091e-01,4.250108650069001764e-02,5.476205607230117955e-01,5.225928776195083031e-02,5.846878465465229491e-01,6.192898705383120816e-01
3.599567983458510367e-01,3.942038502107799158e-01,3.592081601272145708e-01,1.117340050033049093e-01,4.303182599719198587e-01,2.202363853389335269e-01,4.280241603514379212e-01,-3.618123926549248748e-01,2.730630070715763247e-01,1.155566602988260805e-01,3.009270682141258479e-01,1.784154968231897453e-01,9.840152077695318508e-03,2.842249550452451978e-01,2.610260022950967040e-01,1.630290640501002586e-01,1.759185151413019399e-01,2.260684436721615842e-01,1.882566913686743726e-01,2.571908815666898995e-01,4.530352441056896273e-01,3.639384967149391081e-01,1.296466957556573762e-01,1.147964843491580400e-01,1.305147011042118721e-01,2.780548878487760778e-01,3.350229643173387450e-01,4.297604302373947971e-01,4.431936314646344743e-01,1.220761194122631232e-01,1.000000000000000000e+00,5.234540169851570335e-01,3.233224642950398020e-01,2.490632578078243176e-01,3.388031139554591453e-01,2.698810992169287659e-01,3.707904977074794051e-01,1.551279901012801998e-01,2.140650028464118615e-01
4.026403858722725770e-01,5.398719974830248347e-01,2.690065556917421441e-01,1.383001714389049952e-01,2.020744605478149436e-01,4.524350414216806171e-01,2.038198231723524489e-01,-3.635659761921133382e-01,1.052731451504724941e-01,-7.049894614334044352e-02,1.731572606089160082e-01,2.738063412186725071e-03,-1.301130621763642858e-01,1.436928122070776914e-01,4.254002219817451524e-02,-3.918357174846558155e-02,2.367742203246558097e-01,1.185790979847362175e-01,1.752471982025732150e-02,2.079990035431771300e-01,3.411600664246050574e-01,1.077246974624760656e-01,2.084335261606770906e-01,2.297031651565183130e-01,1.624461943195792957e-01,1.272443743565769281e-01,2.409464881673135661e-01,1.269571663600901901e-01,5.570577054312225718e-01,-3.088907872602656909e-03,5.234540169851570335e-01,1.000000000000000000e+00,2.313921818298204369e-01,4.668587492009727141e-02,5.011233000742368882e-01,9.636016879494786747e-02,6.444176702690834757e-01,-2.788263405956320842e-02,1.292233776545393120e-01
9.924840460890477223e-02,-5.765776039652184331e-04,7.737423853371900861e-01,7.505259510498331343e-02,3.365778071200646315e-01,-3.592338581997122082e-01,2.365928827921953970e-01,-6.390672832448547336e-01,4.857474883866113036e-01,5.804202792286170531e-01,3.310759796116133913e-01,6.725354776562979531e-01,-1.908449410112960376e-01,2.552908086133537924e-01,6.560501256406606752e-01,5.696662642582043246e-01,-6.553181220000080243e-02,6.260007099350520798e-01,5.654677255753806087e-01,4.276244563757700123e-01,6.335342945467504761e-01,4.953534188731615884e-01,2.075174193777911194e-02,-1.721004642805526452e-01,3.536867380544978304e-03,-6.183637332774830075e-02,-1.479947965385571551e-01,4.574425714427127754e-01,2.344597085408345605e-01,6.268386078372604198e-01,3.233224642950398020e-01,2.313921818298204369e-01,1.000000000000000000e+00,6.205460630112015208e-01,3.055807439245517010e-01,5.209710682976314011e-01,3.669949557910409665e-01,4.987765244787369934e-01,5.546958266808188487e-01
1.558061624412029611e-01,1.031098238590098456e-02,5.964884298059702772e-01,-5.361181788829495753e-02,5.577254095068354678e-01,-3.363897628837284604e-01,1.557662055953619729e-01,-4.415717839331987915e-01,6.111526363996409028e-01,5.683365905643699145e-01,2.845598371504806656e-01,7.132825043226800332e-01,-1.166984615185279878e-01,2.991307975473102565e-01,7.044845628977083329e-01,5.254226945927976677e-01,-1.181879926827200250e-01,6.251979542724518391e-01,6.517603219804524173e-01,3.040700152898010988e-01,4.654351792749961136e-01,4.446049197063906000e-01,2.307778413105396331e-02,-8.535324603833081836e-02,9.103895227563521542e-02,1.698008718227738412e-01,-3.261380339201327277e-02,4.125944823672378359e-01,1.593364270853074860e-01,6.149603683312611091e-01,2.490632578078243176e-01,4.668587492009727141e-02,6.205460630112015208e-01,1.000000000000000000e+00,1.426267749098978077e-01,4.919129053547603991e-01,1.222157389699117525e-01,6.445378505109629064e-01,6.183735420788840642e-01
1.863557702908701652e-01,2.068000266237547680e-01,4.077315435679721989e-01,2.099051470567798172e-01,7.503502101196544982e-02,3.248512823571643171e-01,1.551030857389481821e-01,-4.389376759549714069e-01,2.284743354693812359e-02,6.659055533020384610e-02,-1.427425229767315673e-01,1.752193451186878637e-01,-1.973641888806093037e-01,2.798595080695243445e-02,2.073489961830424499e-01,7.836510415001114727e-02,-2.413002159216673381e-01,3.407393275468341698e-01,1.986045935303684395e-01,3.238935038774995445e-01,4.677559296649221876e-01,2.049407416139168714e-01,-9.800108199064933023e-02,1.692075404823910334e-01,5.039243953279130134e-02,-1.020476422898120294e-01,-3.947331237537431842e-02,3.471071753020174566e-02,6.074514871262396420e-01,4.250108650069001764e-02,3.388031139554591453e-01,5.011233000742368882e-01,3.055807439245517010e-01,1.426267749098978077e-01,1.000000000000000000e+00,7.416819425968429642e-03,7.309594913288964824e-01,1.326529076059537737e-01,7.588154059950211194e-02
1.682195545115755531e-01,7.411893058896310005e-02,4.750011212568068242e-01,-1.078274601446436165e-01,4.446434230343997984e-01,-3.623770547621006921e-01,7.437709250774057756e-02,-4.033628835957456804e-01,5.116378452617076356e-01,5.064356412607714519e-01,3.656094695324703103e-01,4.724250666769783114e-01,-1.130680095304798932e-01,4.385648320600145644e-01,5.084965595831053564e-01,4.684547550079430356e-01,5.650794888647244635e-02,3.505383274587010600e-01,4.386246013786292974e-01,2.320553340922088814e-01,4.427294345362072781e-01,3.046152692853321686e-01,2.213684360998995071e-01,-6.397034587869661337e-02,2.358583783988824900e-01,2.728078230840005336e-01,1.222598049268334569e-01,2.791876746626187344e-01,-4.896118264524093253e-03,5.476205607230117955e-01,2.698810992169287659e-01,9.636016879494786747e-02,5.209710682976314011e-01,4.919129053547603991e-01,7.416819425968429642e-03,1.000000000000000000e+00,5.895925658200097674e-02,4.268207540827686497e-01,4.819958454970373340e-01
2.132721857691446676e-01,2.863912232105867428e-01,4.403189400553201849e-01,2.507659646218979299e-01,5.747136174831705274e-02,3.455526981297919464e-01,1.874836682648475528e-01,-4.706390190607569468e-01,3.805380914177029089e-02,3.213947985835859805e-02,-1.960089918365175848e-02,1.525497836059423740e-01,-2.220244538584996152e-01,1.955749683738721573e-02,1.543905775940722647e-01,6.761513950343941981e-02,-1.158629809568588742e-01,2.939302672203240596e-01,1.260898542063863259e-01,3.384583683695993606e-01,4.913145476111638876e-01,2.359915805808645295e-01,-4.657938966538907599e-02,1.243991280849143510e-01,3.328591333499295035e-02,-1.068700039032453586e-01,-5.411852124073703724e-02,1.510713991438800696e-01,6.077136912439738969e-01,5.225928776195083031e-02,3.707904977074794051e-01,6.444176702690834757e-01,3.669949557910409665e-01,1.222157389699117525e-01,7.309594913288964824e-01,5.895925658200097674e-02,1.000000000000000000e+00,6.362983417762468896e-02,1.081125549242740458e-01
1.888503579307509450e-01,3.625480249674834649e-02,4.892251643311709142e-01,-9.249327743241871069e-02,4.250702484908476797e-01,-3.099708809950904587e-01,2.647196732048978651e-02,-3.640268188681485273e-01,6.039200316048846107e-01,6.884702938886123613e-01,1.589152114858944920e-01,6.758211050392116670e-01,-2.318469105024250076e-01,3.336594370342793603e-01,6.154095437035576044e-01,6.589586943146238385e-01,-1.035279815437691042e-01,5.285688704996845955e-01,6.313303454116637736e-01,1.750109925936279009e-01,3.656048150453793388e-01,2.078873581221339362e-01,1.559022554144375849e-01,4.396350200549817983e-02,1.433006925839965529e-01,1.618627127311018099e-01,-5.377587775161932898e-02,2.098506019967201763e-01,1.620889954560693069e-01,5.846878465465229491e-01,1.551279901012801998e-01,-2.788263405956320842e-02,4.987765244787369934e-01,6.445378505109629064e-01,1.326529076059537737e-01,4.268207540827686497e-01,6.362983417762468896e-02,1.000000000000000000e+00,6.922813105271415912e-01
2.450995775201953719e-01,2.378180783654876007e-01,4.926036004830874337e-01,-1.025550143328765873e-01,4.648776187181606900e-01,-3.049488319406081782e-01,6.154867501030553134e-02,-3.785563201292283519e-01,6.276971862012389325e-01,6.030187456341813412e-01,2.758512868674188878e-01,6.261074602945710943e-01,-2.121535956025412395e-01,3.017106626016184401e-01,5.960101682378979859e-01,5.619491787076186240e-01,6.333342244795112097e-02,5.288064137418863053e-01,5.838204448030525073e-01,1.823060065449587097e-01,3.722592122282810667e-01,2.024415091202633188e-01,1.932021417443389733e-01,3.421976282656720696e-03,1.785632120709526316e-01,1.777955622769654409e-01,4.230429486598252103e-02,2.538299448131133285e-01,8.060441748850075139e-02,6.192898705383120816e-01,2.140650028464118615e-01,1.292233776545393120e-01,5.546958266808188487e-01,6.183735420788840642e-01,7.588154059950211194e-02,4.819958454970373340e-01,1.081125549242740458e-01,6.922813105271415912e-01,1.000000000000000000e+00
