1.000000000000000000e+00,9.695201983726081663e-01,9.299922239147786485e-01,9.004004216730402410e-01,9.151437163978791700e-01,9.733540082073594002e-01,9.385533946574295960e-01,9.155678225456375108e-01,8.872983394904274679e-01,9.345735756716262443e-01,8.994965875494707053e-01,9.392895948538290130e-01,9.302643247570608898e-01,9.830178502491244696e-01,9.150625672876520067e-01,9.787062256124775539e-01,9.011817244989022146e-01,9.495569315951120082e-01,9.433163102883357354e-01,9.094295081503771527e-01,9.639366129499157276e-01,9.192101238550752784e-01,9.034098809995861901e-01,9.148350784344539965e-01,9.239428843983685802e-01,9.715745854753040645e-01,9.587776317912980462e-01,9.081079563337967064e-01,9.209340757042379089e-01,9.230435795156095580e-01,8.848255041156423140e-01,8.899694526575699927e-01,8.879170545499505129e-01,9.734293302724951191e-01,9.816681664644235639e-01,9.134339581218220427e-01,9.232697583866085189e-01,9.787777711817693405e-01,9.734429147538108396e-01
9.695201983726081663e-01,1.000000000000000000e+00,9.398065393908673348e-01,8.889948911187031122e-01,8.997713933424582589e-01,9.816096781675863747e-01,9.492646530144288608e-01,9.001635449060627625e-01,8.767993164680468743e-01,9.464099652795772144e-01,8.896049287045630916e-01,9.513544921480014960e-01,9.145701485945602061e-01,9.735546700972497192e-01,9.149137914466944910e-01,9.779213892580178591e-01,8.916189679629883402e-01,9.310372969466851334e-01,9.255015118125944351e-01,8.964500302836670986e-01,9.790550063868262987e-01,9.058199374521963554e-01,8.919308967904244767e-01,8.995035951488568049e-01,9.078220322565774270e-01,9.517810442114166269e-01,9.742197913571954970e-01,8.966531468605790645e-01,9.068386310850284904e-01,9.080614826839183973e-01,8.752170441953076585e-01,8.789842279526487445e-01,8.786063634532604860e-01,9.817120556806080423e-01,9.741640077231654704e-01,8.988538188338818236e-01,9.079856411319093823e-01,9.772076542138607991e-01,9.829721888451521394e-01
9.299922239147786485e-01,9.398065393908673348e-01,1.000000000000000000e+00,8.711834748225656400e-01,8.825654395107843664e-01,9.380161084420026718e-01,9.772636933868645848e-01,8.771173386691061280e-01,8.620173018156682687e-01,9.769137298079390019e-01,8.688545118896542352e-01,9.737944044148680867e-01,8.863021459515501022e-01,9.355716711511489203e-01,9.556771526794132221e-01,9.334781566542841302e-01,8.734078041106564383e-01,9.049330230935614949e-01,9.003134512018041713e-01,8.789806588121501507e-01,9.484179397670358114e-01,8.831461282938108948e-01,8.761093520926732658e-01,8.825312277734440602e-01,8.830831952957657327e-01,9.225489125741219709e-01,9.533588601856843869e-01,8.783667680936069200e-01,8.839837081631778393e-01,8.822286505972877224e-01,8.619264733013765056e-01,8.644300222368649367e-01,8.636717005240397427e-01,9.361040157578389698e-01,9.328932177707730533e-01,8.827636625124570813e-01,8.832461055189604338e-01,9.359961077480613012e-01,9.397378125179118857e-01
9.004004216730402410e-01,8.889948911187031122e-01,8.711834748225656400e-01,1.000000000000000000e+00,9.701018947312245455e-01,8.870194641984493478e-01,8.770061319482931328e-01,9.667416275108748902e-01,9.690074578823985041e-01,8.740948865165399928e-01,9.812690203279668122e-01,8.778131922648256813e-01,9.465406645122987905e-01,8.931500558870567597e-01,8.663499860477212877e-01,8.927283153869980392e-01,9.787308720145130314e-01,9.287156800134801493e-01,9.305739664852282766e-01,9.751424137982225293e-01,8.844167140315334352e-01,9.593978225203502186e-01,9.834781064410124118e-01,9.690604791648390615e-01,9.552909763543846466e-01,9.120966305762620019e-01,8.834660046304633196e-01,9.767055181639160422e-01,9.640537381618324853e-01,9.561923694085052716e-01,9.707810091253139539e-01,9.760681459503256496e-01,9.718906388551961095e-01,8.922485799793192784e-01,8.911417266880877763e-01,9.749654983401699893e-01,9.559623733255998568e-01,8.877974338687434352e-01,8.904301052776019132e-01
9.151437163978791700e-01,8.997713933424582589e-01,8.825654395107843664e-01,9.701018947312245455e-01,1.000000000000000000e+00,8.998961508062284231e-01,8.915397909978709512e-01,9.803762600091269208e-01,9.568991955676441341e-01,8.875565305253375614e-01,9.675622071188401119e-01,8.920428605450769766e-01,9.612270051940099425e-01,9.101677377520096535e-01,8.719838567810737073e-01,9.059937993970413883e-01,9.739289609196415398e-01,9.449192525681381349e-01,9.459232703713739143e-01,9.815988807389165460e-01,8.982913687603606423e-01,9.764637971645020453e-01,9.730162896957389451e-01,9.848026152378043241e-01,9.709760904101960577e-01,9.275841563561413317e-01,8.939338708838231451e-01,9.769755880190290620e-01,9.790915733240043162e-01,9.701533793314314202e-01,9.576204324925132738e-01,9.626200750679200224e-01,9.596227094693287052e-01,9.053971320437617099e-01,9.078866338953731630e-01,9.818734354973781553e-01,9.709925120976198309e-01,9.042607021019142266e-01,9.015772526645692286e-01
9.733540082073594002e-01,9.816096781675863747e-01,9.380161084420026718e-01,8.870194641984493478e-01,8.998961508062284231e-01,1.000000000000000000e+00,9.487287716442256436e-01,8.997226259204955667e-01,8.744051360762534753e-01,9.450475895814848259e-01,8.885385989304743770e-01,9.506207525107868150e-01,9.170927662016057358e-01,9.775136707808166348e-01,9.183542061343434870e-01,9.819896146537446802e-01,8.889675412919307851e-01,9.355567900468205744e-01,9.299977583024270356e-01,8.958533036578635311e-01,9.751230532554476804e-01,9.059549512718637621e-01,8.896351458861061490e-01,8.995883464966555332e-01,9.095139158207680152e-01,9.566701473184893167e-01,9.715205948734727537e-01,8.951020640125370020e-01,9.070310871092470695e-01,9.090478430718256231e-01,8.724269947511326118e-01,8.774684556248569800e-01,8.761567909050421710e-01,9.840202032618732275e-01,9.791106610057166426e-01,8.989875694075950552e-01,9.091780409673102525e-01,9.817764193818099283e-01,9.829695020762607705e-01
9.385533946574295960e-01,9.492646530144288608e-01,9.772636933868645848e-01,8.770061319482931328e-01,8.915397909978709512e-01,9.487287716442256436e-01,1.000000000000000000e+00,8.865839796714488630e-01,8.669833074110919746e-01,9.847598723722584824e-01,8.748279673786910626e-01,9.832319711345098856e-01,8.947601549126865672e-01,9.436817356454366701e-01,9.451628629744857069e-01,9.422855310363862369e-01,8.801880031370991064e-01,9.132207333913426872e-01,9.074067124228494263e-01,8.883310542154131406e-01,9.589465777243514344e-01,8.925306472911709310e-01,8.824826700423270553e-01,8.911732615904234267e-01,8.917346265360964752e-01,9.294224715357308764e-01,9.629372624367269484e-01,8.857242633194571946e-01,8.919866744636861799e-01,8.902207139038832429e-01,8.662462885687641778e-01,8.698393499176885202e-01,8.684548957191942087e-01,9.462417782927385890e-01,9.420498595503474792e-01,8.918088470528339196e-01,8.925376868263249497e-01,9.450410666952437921e-01,9.487070344049445270e-01
9.155678225456375108e-01,9.001635449060627625e-01,8.771173386691061280e-01,9.667416275108748902e-01,9.803762600091269208e-01,8.997226259204955667e-01,8.865839796714488630e-01,1.000000000000000000e+00,9.534554001082075070e-01,8.825922713750398163e-01,9.639167675884631192e-01,8.868576621971971941e-01,9.651938499549301831e-01,9.099970187425040491e-01,8.651337017052312950e-01,9.055491803227221359e-01,9.687973924858735986e-01,9.442835886568664572e-01,9.451821161219778888e-01,9.760329969236124503e-01,8.966655453039195089e-01,9.779894075954100874e-01,9.681739617416006416e-01,9.805794475915589059e-01,9.728409390173856641e-01,9.258033903421625244e-01,8.920889214757165009e-01,9.711837169188877184e-01,9.804879478104803203e-01,9.724810963467938052e-01,9.551398278456273427e-01,9.589835916823892248e-01,9.559891339041270975e-01,9.050833743972520606e-01,9.068525743723738763e-01,9.750104720870239605e-01,9.725423437408957650e-01,9.030204081720226705e-01,9.026845557811096210e-01
8.872983394904274679e-01,8.767993164680468743e-01,8.620173018156682687e-01,9.690074578823985041e-01,9.568991955676441341e-01,8.744051360762534753e-01,8.669833074110919746e-01,9.534554001082075070e-01,1.000000000000000000e+00,8.639595564548067097e-01,9.743109394372532206e-01,8.690446191545763144e-01,9.367322556036263848e-01,8.789834064286115023e-01,8.594012382292270935e-01,8.781934037588223774e-01,9.626546763299773657e-01,9.181389552182179781e-01,9.218021422085045380e-01,9.613165596743761254e-01,8.705750880968514682e-01,9.481214542495657316e-01,9.685061393057553536e-01,9.556252451068005804e-01,9.450103397686847595e-01,8.970464057891569531e-01,8.715708722188617585e-01,9.631275124279005118e-01,9.515998771823439562e-01,9.444172465698980057e-01,9.852516068500625224e-01,9.804749656654057066e-01,9.849001187724339967e-01,8.789101203709143162e-01,8.766484181004302600e-01,9.621752584851871459e-01,9.451225183982230327e-01,8.734785706088635804e-01,8.788842536324795729e-01
9.345735756716262443e-01,9.464099652795772144e-01,9.769137298079390019e-01,8.740948865165399928e-01,8.875565305253375614e-01,9.450475895814848259e-01,9.847598723722584824e-01,8.825922713750398163e-01,8.639595564548067097e-01,1.000000000000000000e+00,8.709279111904882908e-01,9.827758945301768856e-01,8.911746259845872986e-01,9.394607859087701351e-01,9.440486117223708673e-01,9.385000088674054775e-01,8.771264173905728434e-01,9.112232950578765811e-01,9.056683854335172423e-01,8.850403899129112295e-01,9.566860817165985242e-01,8.876526717880247608e-01,8.791781640160052369e-01,8.868925246618438729e-01,8.873467549963515166e-01,9.267792443143924030e-01,9.598466960631217848e-01,8.824104776339982692e-01,8.871021360272302037e-01,8.859481609898228749e-01,8.635058508185258219e-01,8.667293090037400116e-01,8.655838047479259556e-01,9.425323560859872885e-01,9.379189672873918804e-01,8.882108094170959589e-01,8.882778580481955899e-01,9.417464562072916934e-01,9.460730802552482777e-01
8.994965875494707053e-01,8.896049287045630916e-01,8.688545118896542352e-01,9.812690203279668122e-01,9.675622071188401119e-01,8.885385989304743770e-01,8.748279673786910626e-01,9.639167675884631192e-01,9.743109394372532206e-01,8.709279111904882908e-01,1.000000000000000000e+00,8.759951844645977870e-01,9.471826630770694422e-01,8.921844289566155384e-01,8.655072951160494021e-01,8.930219185113729141e-01,9.728886967846771539e-01,9.282223611653068751e-01,9.306202465718873551e-01,9.715567187955297390e-01,8.845755654476852303e-01,9.589268684418168487e-01,9.778981995598947652e-01,9.664001447801708888e-01,9.554789913591810180e-01,9.097199829342889066e-01,8.828439770601594905e-01,9.722439773588774647e-01,9.627069274097999063e-01,9.562467493974677879e-01,9.758013182435212318e-01,9.810199753465818073e-01,9.773248678902088926e-01,8.929523161204815374e-01,8.905637650492090884e-01,9.709625413911119329e-01,9.560528912418445602e-01,8.878367086345850812e-01,8.910158091722432117e-01
9.392895948538290130e-01,9.513544921480014960e-01,9.737944044148680867e-01,8.778131922648256813e-01,8.920428605450769766e-01,9.506207525107868150e-01,9.832319711345098856e-01,8.868576621971971941e-01,8.690446191545763144e-01,9.827758945301768856e-01,8.759951844645977870e-01,1.000000000000000000e+00,8.968035776717091512e-01,9.441834342765051957e-01,9.414926509341992045e-01,9.448837944600232408e-01,8.807478062774025673e-01,9.143553976822780260e-01,9.093238553212629194e-01,8.897422837094668413e-01,9.620388024378576652e-01,8.940771921577326253e-01,8.832080286967158855e-01,8.922551080581888616e-01,8.937425083800882852e-01,9.298986542374918507e-01,9.660992387082371069e-01,8.859423730037900846e-01,8.936892273106639140e-01,8.922597589913630056e-01,8.683721240425847920e-01,8.711278694450741433e-01,8.707855837942216626e-01,9.491039195026725883e-01,9.431789438152697880e-01,8.924051505598715739e-01,8.949915030763976320e-01,9.474101876137454026e-01,9.513885701915748561e-01
9.302643247570608898e-01,9.145701485945602061e-01,8.863021459515501022e-01,9.465406645122987905e-01,9.612270051940099425e-01,9.170927662016057358e-01,8.947601549126865672e-01,9.651938499549301831e-01,9.367322556036263848e-01,8.911746259845872986e-01,9.471826630770694422e-01,8.968035776717091512e-01,1.000000000000000000e+00,9.257021031432826064e-01,8.709124988356240493e-01,9.215668075430613060e-01,9.482143530891874450e-01,9.621014944719800122e-01,9.648823768713669091e-01,9.561653316729048502e-01,9.083910449693153311e-01,9.700160766201306739e-01,9.491170226467309234e-01,9.623657854573319792e-01,9.791797680799667614e-01,9.431877342055779989e-01,9.035886215848313308e-01,9.517664711068267724e-01,9.696254032616447027e-01,9.802706420777498320e-01,9.365944447929359651e-01,9.405430574212675365e-01,9.392592785348394813e-01,9.191674065371810975e-01,9.225595738197389650e-01,9.552858683722496025e-01,9.781430698587713080e-01,9.200699146196611444e-01,9.182226644434103857e-01
9.830178502491244696e-01,9.735546700972497192e-01,9.355716711511489203e-01,8.931500558870567597e-01,9.101677377520096535e-01,9.775136707808166348e-01,9.436817356454366701e-01,9.099970187425040491e-01,8.789834064286115023e-01,9.394607859087701351e-01,8.921844289566155384e-01,9.441834342765051957e-01,9.257021031432826064e-01,1.000000000000000000e+00,9.168818090994177439e-01,9.828118847172279127e-01,8.944528629843486733e-01,9.438338880359102845e-01,9.387925497752569459e-01,9.029513241912648924e-01,9.680484301718264017e-01,9.145460402909217912e-01,8.966952025733017084e-01,9.095070447882177556e-01,9.181404716600772842e-01,9.665637842029440874e-01,9.623766494224216261e-01,9.017631567498511913e-01,9.162732825752134547e-01,9.172893733558894480e-01,8.770128453746174335e-01,8.817450508942114018e-01,8.802828753144940066e-01,9.778024377568347303e-01,9.854135216788464380e-01,9.072996055354710654e-01,9.175509369655641123e-01,9.833684683856966924e-01,9.770537822608612588e-01
9.150625672876520067e-01,9.149137914466944910e-01,9.556771526794132221e-01,8.663499860477212877e-01,8.719838567810737073e-01,9.183542061343434870e-01,9.451628629744857069e-01,8.651337017052312950e-01,8.594012382292270935e-01,9.440486117223708673e-01,8.655072951160494021e-01,9.414926509341992045e-01,8.709124988356240493e-01,9.168818090994177439e-01,1.000000000000000000e+00,9.161381392378800115e-01,8.649469294052685164e-01,8.920164543360875609e-01,8.892932856394075714e-01,8.691348950380211047e-01,9.204797351454343524e-01,8.640385471794032046e-01,8.683435674395670878e-01,8.720312100331931715e-01,8.657440659274393546e-01,9.132766949728583494e-01,9.272192342049775382e-01,8.718023124698212056e-01,8.697517377936289096e-01,8.663769658307783894e-01,8.578217506073818610e-01,8.624215567857982379e-01,8.607639470713432939e-01,9.146990797046571364e-01,9.165358589100482956e-01,8.740777486046896749e-01,8.654040253340220534e-01,9.180580782510392446e-01,9.177713904977092829e-01
9.787062256124775539e-01,9.779213892580178591e-01,9.334781566542841302e-01,8.927283153869980392e-01,9.059937993970413883e-01,9.819896146537446802e-01,9.422855310363862369e-01,9.055491803227221359e-01,8.781934037588223774e-01,9.385000088674054775e-01,8.930219185113729141e-01,9.448837944600232408e-01,9.215668075430613060e-01,9.828118847172279127e-01,9.161381392378800115e-01,1.000000000000000000e+00,8.938415208880414742e-01,9.402026360541321237e-01,9.345613082362750346e-01,9.013176605740520486e-01,9.718285809967148747e-01,9.110801298410002858e-01,8.950166431324797500e-01,9.059815974800459193e-01,9.139015606534536262e-01,9.625889841894313959e-01,9.661053856074880430e-01,9.004306789252631837e-01,9.128318280429625897e-01,9.132330877308340034e-01,8.756480154114032466e-01,8.816195430074937889e-01,8.796825360474154198e-01,9.828869767037372585e-01,9.837955674810450191e-01,9.049104977799188321e-01,9.134271694961154653e-01,9.846991870528138957e-01,9.808803933212577597e-01
9.011817244989022146e-01,8.916189679629883402e-01,8.734078041106564383e-01,9.787308720145130314e-01,9.739289609196415398e-01,8.889675412919307851e-01,8.801880031370991064e-01,9.687973924858735986e-01,9.626546763299773657e-01,8.771264173905728434e-01,9.728886967846771539e-01,8.807478062774025673e-01,9.482143530891874450e-01,8.944528629843486733e-01,8.649469294052685164e-01,8.938415208880414742e-01,1.000000000000000000e+00,9.324746114137573150e-01,9.320962273858220959e-01,9.794510479327612762e-01,8.875560871128501672e-01,9.627391475534482490e-01,9.817481886515062595e-01,9.718035568657165113e-01,9.575676333200557888e-01,9.146441225372782258e-01,8.866242804053268145e-01,9.823467272067084588e-01,9.661999848735244312e-01,9.578212281465086075e-01,9.642009419386171620e-01,9.679854463688962740e-01,9.647614673274843566e-01,8.949808188185101043e-01,8.928887441988252460e-01,9.786381165880199129e-01,9.585546581818499279e-01,8.898677030941946065e-01,8.920875658848093082e-01
9.495569315951120082e-01,9.310372969466851334e-01,9.049330230935614949e-01,9.287156800134801493e-01,9.449192525681381349e-01,9.355567900468205744e-01,9.132207333913426872e-01,9.442835886568664572e-01,9.181389552182179781e-01,9.112232950578765811e-01,9.282223611653068751e-01,9.143553976822780260e-01,9.621014944719800122e-01,9.438338880359102845e-01,8.920164543360875609e-01,9.402026360541321237e-01,9.324746114137573150e-01,1.000000000000000000e+00,9.796511185648578701e-01,9.398410086272838138e-01,9.280547362215471052e-01,9.494858328487738586e-01,9.315571994143320156e-01,9.432399226590499897e-01,9.576432519775215368e-01,9.672575289646279106e-01,9.238390279158031904e-01,9.376184954961235274e-01,9.495985182033067629e-01,9.571770951301101782e-01,9.170208657343047465e-01,9.237860561510132795e-01,9.195167950289451220e-01,9.374127134745450229e-01,9.411437025098122744e-01,9.411482815853271511e-01,9.571690727135837573e-01,9.409755174090927987e-01,9.373416822930249470e-01
9.433163102883357354e-01,9.255015118125944351e-01,9.003134512018041713e-01,9.305739664852282766e-01,9.459232703713739143e-01,9.299977583024270356e-01,9.074067124228494263e-01,9.451821161219778888e-01,9.218021422085045380e-01,9.056683854335172423e-01,9.306202465718873551e-01,9.093238553212629194e-01,9.648823768713669091e-01,9.387925497752569459e-01,8.892932856394075714e-01,9.345613082362750346e-01,9.320962273858220959e-01,9.796511185648578701e-01,1.000000000000000000e+00,9.401884906195505653e-01,9.214576861158502163e-01,9.505276660336969830e-01,9.324390345050891371e-01,9.446903596150303395e-01,9.584496229484196217e-01,9.582855888949461942e-01,9.181688208136292717e-01,9.367935307521958466e-01,9.499922770865530941e-01,9.589121656955510442e-01,9.214744806581299796e-01,9.264811192286724895e-01,9.224205131716904926e-01,9.317777239310414128e-01,9.362989567895165788e-01,9.425187544158605268e-01,9.572583472610552979e-01,9.357287837489168814e-01,9.320646811135507859e-01
9.094295081503771527e-01,8.964500302836670986e-01,8.789806588121501507e-01,9.751424137982225293e-01,9.815988807389165460e-01,8.958533036578635311e-01,8.883310542154131406e-01,9.760329969236124503e-01,9.613165596743761254e-01,8.850403899129112295e-01,9.715567187955297390e-01,8.897422837094668413e-01,9.561653316729048502e-01,9.029513241912648924e-01,8.691348950380211047e-01,9.013176605740520486e-01,9.794510479327612762e-01,9.398410086272838138e-01,9.401884906195505653e-01,1.000000000000000000e+00,8.945538379189454936e-01,9.700233432827014557e-01,9.774849758015107248e-01,9.803142688954121775e-01,9.651417741419946461e-01,9.220798819883139208e-01,8.920715773414905625e-01,9.818377911957770765e-01,9.738322223803603794e-01,9.645634634293226428e-01,9.625307621624747956e-01,9.662462754917016117e-01,9.639083869856431841e-01,9.012938353273108882e-01,9.013466523563584687e-01,9.846872979270389070e-01,9.651517716553613679e-01,8.981838570348615880e-01,8.978023648339159557e-01
9.639366129499157276e-01,9.790550063868262987e-01,9.484179397670358114e-01,8.844167140315334352e-01,8.982913687603606423e-01,9.751230532554476804e-01,9.589465777243514344e-01,8.966655453039195089e-01,8.705750880968514682e-01,9.566860817165985242e-01,8.845755654476852303e-01,9.620388024378576652e-01,9.083910449693153311e-01,9.680484301718264017e-01,9.204797351454343524e-01,9.718285809967148747e-01,8.875560871128501672e-01,9.280547362215471052e-01,9.214576861158502163e-01,8.945538379189454936e-01,1.000000000000000000e+00,9.037426343974075404e-01,8.871791136750414308e-01,8.973530442882757807e-01,9.044319912462751576e-01,9.481219646919905042e-01,9.816466438479081180e-01,8.927200277966493847e-01,9.041979524626820863e-01,9.040349582355838853e-01,8.696059040049664013e-01,8.728625284628603875e-01,8.724734155702810190e-01,9.766874985295505018e-01,9.684412921000842278e-01,8.969580846687486009e-01,9.049074871358447902e-01,9.719835804374792332e-01,9.775344539437103020e-01
9.192101238550752784e-01,9.058199374521963554e-01,8.831461282938108948e-01,9.593978225203502186e-01,9.764637971645020453e-01,9.059549512718637621e-01,8.925306472911709310e-01,9.779894075954100874e-01,9.481214542495657316e-01,8.876526717880247608e-01,9.589268684418168487e-01,8.940771921577326253e-01,9.700160766201306739e-01,9.145460402909217912e-01,8.640385471794032046e-01,9.110801298410002858e-01,9.627391475534482490e-01,9.494858328487738586e-01,9.505276660336969830e-01,9.700233432827014557e-01,9.037426343974075404e-01,1.000000000000000000e+00,9.610502591107569215e-01,9.771242493014526964e-01,9.789182102638348537e-01,9.319016118365244239e-01,8.974857917678422670e-01,9.651147436579766703e-01,9.836684500808481335e-01,9.783093919006267125e-01,9.484216518040178290e-01,9.541136582065586902e-01,9.504797484664800900e-01,9.122017340270081043e-01,9.114078381039290022e-01,9.700194835994321307e-01,9.796188999498844918e-01,9.085188100527675781e-01,9.084760482948350813e-01
9.034098809995861901e-01,8.919308967904244767e-01,8.761093520926732658e-01,9.834781064410124118e-01,9.730162896957389451e-01,8.896351458861061490e-01,8.824826700423270553e-01,9.681739617416006416e-01,9.685061393057553536e-01,8.791781640160052369e-01,9.778981995598947652e-01,8.832080286967158855e-01,9.491170226467309234e-01,8.966952025733017084e-01,8.683435674395670878e-01,8.950166431324797500e-01,9.817481886515062595e-01,9.315571994143320156e-01,9.324390345050891371e-01,9.774849758015107248e-01,8.871791136750414308e-01,9.610502591107569215e-01,1.000000000000000000e+00,9.716541746154465642e-01,9.575626697261657716e-01,9.152572770778911737e-01,8.866011692476152284e-01,9.794303217354995983e-01,9.649478698535945975e-01,9.579646775291931204e-01,9.701141945484366147e-01,9.736863207065354908e-01,9.711982149299567268e-01,8.948893933470505324e-01,8.948689814581308744e-01,9.772165604620939305e-01,9.579144209055205916e-01,8.912344769161757441e-01,8.927504519344524603e-01
9.148350784344539965e-01,8.995035951488568049e-01,8.825312277734440602e-01,9.690604791648390615e-01,9.848026152378043241e-01,8.995883464966555332e-01,8.911732615904234267e-01,9.805794475915589059e-01,9.556252451068005804e-01,8.868925246618438729e-01,9.664001447801708888e-01,8.922551080581888616e-01,9.623657854573319792e-01,9.095070447882177556e-01,8.720312100331931715e-01,9.059815974800459193e-01,9.718035568657165113e-01,9.432399226590499897e-01,9.446903596150303395e-01,9.803142688954121775e-01,8.973530442882757807e-01,9.771242493014526964e-01,9.716541746154465642e-01,1.000000000000000000e+00,9.716685951305098490e-01,9.273480004858287717e-01,8.944791576468467120e-01,9.749135981644829752e-01,9.801932078329420595e-01,9.711709211227069760e-01,9.564645653242290768e-01,9.616058180942951283e-01,9.584337340519782922e-01,9.050668688747344204e-01,9.073426927147345555e-01,9.803417447626802117e-01,9.715313989982525822e-01,9.035947554276356763e-01,9.012151208232277444e-01
9.239428843983685802e-01,9.078220322565774270e-01,8.830831952957657327e-01,9.552909763543846466e-01,9.709760904101960577e-01,9.095139158207680152e-01,8.917346265360964752e-01,9.728409390173856641e-01,9.450103397686847595e-01,8.873467549963515166e-01,9.554789913591810180e-01,8.937425083800882852e-01,9.791797680799667614e-01,9.181404716600772842e-01,8.657440659274393546e-01,9.139015606534536262e-01,9.575676333200557888e-01,9.576432519775215368e-01,9.584496229484196217e-01,9.651417741419946461e-01,9.044319912462751576e-01,9.789182102638348537e-01,9.575626697261657716e-01,9.716685951305098490e-01,1.000000000000000000e+00,9.391318249002028606e-01,8.989011314729358215e-01,9.612219430508102125e-01,9.778266435309449500e-01,9.853627039960041190e-01,9.452347628683862579e-01,9.503330335490559611e-01,9.474350756227015724e-01,9.132947238752152641e-01,9.149424234142795598e-01,9.645737212218223888e-01,9.856463136423132543e-01,9.125112674350294162e-01,9.103659522867831866e-01
9.715745854753040645e-01,9.517810442114166269e-01,9.225489125741219709e-01,9.120966305762620019e-01,9.275841563561413317e-01,9.566701473184893167e-01,9.294224715357308764e-01,9.258033903421625244e-01,8.970464057891569531e-01,9.267792443143924030e-01,9.097199829342889066e-01,9.298986542374918507e-01,9.431877342055779989e-01,9.665637842029440874e-01,9.132766949728583494e-01,9.625889841894313959e-01,9.146441225372782258e-01,9.672575289646279106e-01,9.582855888949461942e-01,9.220798819883139208e-01,9.481219646919905042e-01,9.319016118365244239e-01,9.152572770778911737e-01,9.273480004858287717e-01,9.391318249002028606e-01,1.000000000000000000e+00,9.424377142648047156e-01,9.221987064883012675e-01,9.338119623239958811e-01,9.376422509833098884e-01,8.943744696194291244e-01,9.035079387414804986e-01,8.985144073864234082e-01,9.569219512474371747e-01,9.646982873169409611e-01,9.246637029486967085e-01,9.386216163160043813e-01,9.630001589238531556e-01,9.563975663319937981e-01
9.587776317912980462e-01,9.742197913571954970e-01,9.533588601856843869e-01,8.834660046304633196e-01,8.939338708838231451e-01,9.715205948734727537e-01,9.629372624367269484e-01,8.920889214757165009e-01,8.715708722188617585e-01,9.598466960631217848e-01,8.828439770601594905e-01,9.660992387082371069e-01,9.035886215848313308e-01,9.623766494224216261e-01,9.272192342049775382e-01,9.661053856074880430e-01,8.866242804053268145e-01,9.238390279158031904e-01,9.181688208136292717e-01,8.920715773414905625e-01,9.816466438479081180e-01,8.974857917678422670e-01,8.866011692476152284e-01,8.944791576468467120e-01,8.989011314729358215e-01,9.424377142648047156e-01,1.000000000000000000e+00,8.909580403172538965e-01,8.989436435171608286e-01,8.988259387428449987e-01,8.709949551173332694e-01,8.737518178830215865e-01,8.736582246678554764e-01,9.708545365525923510e-01,9.628059062285202474e-01,8.949992067387135819e-01,8.996540450619118223e-01,9.667363928962884323e-01,9.727962974333581592e-01
9.081079563337967064e-01,8.966531468605790645e-01,8.783667680936069200e-01,9.767055181639160422e-01,9.769755880190290620e-01,8.951020640125370020e-01,8.857242633194571946e-01,9.711837169188877184e-01,9.631275124279005118e-01,8.824104776339982692e-01,9.722439773588774647e-01,8.859423730037900846e-01,9.517664711068267724e-01,9.017631567498511913e-01,8.718023124698212056e-01,9.004306789252631837e-01,9.823467272067084588e-01,9.376184954961235274e-01,9.367935307521958466e-01,9.818377911957770765e-01,8.927200277966493847e-01,9.651147436579766703e-01,9.794303217354995983e-01,9.749135981644829752e-01,9.612219430508102125e-01,9.221987064883012675e-01,8.909580403172538965e-01,1.000000000000000000e+00,9.690677440073902638e-01,9.607367259132865156e-01,9.637920774293196047e-01,9.672335652839099129e-01,9.652808137999592253e-01,9.000297587876477934e-01,8.998692844032734062e-01,9.816680840158489296e-01,9.616485084398573857e-01,8.964843675132236900e-01,8.971985142301392990e-01
9.209340757042379089e-01,9.068386310850284904e-01,8.839837081631778393e-01,9.640537381618324853e-01,9.790915733240043162e-01,9.070310871092470695e-01,8.919866744636861799e-01,9.804879478104803203e-01,9.515998771823439562e-01,8.871021360272302037e-01,9.627069274097999063e-01,8.936892273106639140e-01,9.696254032616447027e-01,9.162732825752134547e-01,8.697517377936289096e-01,9.128318280429625897e-01,9.661999848735244312e-01,9.495985182033067629e-01,9.499922770865530941e-01,9.738322223803603794e-01,9.041979524626820863e-01,9.836684500808481335e-01,9.649478698535945975e-01,9.801932078329420595e-01,9.778266435309449500e-01,9.338119623239958811e-01,8.989436435171608286e-01,9.690677440073902638e-01,1.000000000000000000e+00,9.774755236668976055e-01,9.517572928916833153e-01,9.573228157458050225e-01,9.539422301692125350e-01,9.136322133369325638e-01,9.133729874285202444e-01,9.734558465695478668e-01,9.784579075511756763e-01,9.104348861192506082e-01,9.095776396112710271e-01
9.230435795156095580e-01,9.080614826839183973e-01,8.822286505972877224e-01,9.561923694085052716e-01,9.701533793314314202e-01,9.090478430718256231e-01,8.902207139038832429e-01,9.724810963467938052e-01,9.444172465698980057e-01,8.859481609898228749e-01,9.562467493974677879e-01,8.922597589913630056e-01,9.802706420777498320e-01,9.172893733558894480e-01,8.663769658307783894e-01,9.132330877308340034e-01,9.578212281465086075e-01,9.571770951301101782e-01,9.589121656955510442e-01,9.645634634293226428e-01,9.040349582355838853e-01,9.783093919006267125e-01,9.579646775291931204e-01,9.711709211227069760e-01,9.853627039960041190e-01,9.376422509833098884e-01,8.988259387428449987e-01,9.607367259132865156e-01,9.774755236668976055e-01,1.000000000000000000e+00,9.449748780348717903e-01,9.503939404822434600e-01,9.473876592541063957e-01,9.128023302370096292e-01,9.140163590823947581e-01,9.635219030447083055e-01,9.852185205894763431e-01,9.116787824104775062e-01,9.101215488732312675e-01
8.848255041156423140e-01,8.752170441953076585e-01,8.619264733013765056e-01,9.707810091253139539e-01,9.576204324925132738e-01,8.724269947511326118e-01,8.662462885687641778e-01,9.551398278456273427e-01,9.852516068500625224e-01,8.635058508185258219e-01,9.758013182435212318e-01,8.683721240425847920e-01,9.365944447929359651e-01,8.770128453746174335e-01,8.578217506073818610e-01,8.756480154114032466e-01,9.642009419386171620e-01,9.170208657343047465e-01,9.214744806581299796e-01,9.625307621624747956e-01,8.696059040049664013e-01,9.484216518040178290e-01,9.701141945484366147e-01,9.564645653242290768e-01,9.452347628683862579e-01,8.943744696194291244e-01,8.709949551173332694e-01,9.637920774293196047e-01,9.517572928916833153e-01,9.449748780348717903e-01,1.000000000000000000e+00,9.809367065194591895e-01,9.849603230804953036e-01,8.766938588784478625e-01,8.742582706619957955e-01,9.627614380328930466e-01,9.457609768792930582e-01,8.713133669755992461e-01,8.769691534457749738e-01
8.899694526575699927e-01,8.789842279526487445e-01,8.644300222368649367e-01,9.760681459503256496e-01,9.626200750679200224e-01,8.774684556248569800e-01,8.698393499176885202e-01,9.589835916823892248e-01,9.804749656654057066e-01,8.667293090037400116e-01,9.810199753465818073e-01,8.711278694450741433e-01,9.405430574212675365e-01,8.817450508942114018e-01,8.624215567857982379e-01,8.816195430074937889e-01,9.679854463688962740e-01,9.237860561510132795e-01,9.264811192286724895e-01,9.662462754917016117e-01,8.728625284628603875e-01,9.541136582065586902e-01,9.736863207065354908e-01,9.616058180942951283e-01,9.503330335490559611e-01,9.035079387414804986e-01,8.737518178830215865e-01,9.672335652839099129e-01,9.573228157458050225e-01,9.503939404822434600e-01,9.809367065194591895e-01,1.000000000000000000e+00,9.826114339588706281e-01,8.811320619684092081e-01,8.795006848587781922e-01,9.664344299962793761e-01,9.508702609151159502e-01,8.765225210169769188e-01,8.803869838098177247e-01
8.879170545499505129e-01,8.786063634532604860e-01,8.636717005240397427e-01,9.718906388551961095e-01,9.596227094693287052e-01,8.761567909050421710e-01,8.684548957191942087e-01,9.559891339041270975e-01,9.849001187724339967e-01,8.655838047479259556e-01,9.773248678902088926e-01,8.707855837942216626e-01,9.392592785348394813e-01,8.802828753144940066e-01,8.607639470713432939e-01,8.796825360474154198e-01,9.647614673274843566e-01,9.195167950289451220e-01,9.224205131716904926e-01,9.639083869856431841e-01,8.724734155702810190e-01,9.504797484664800900e-01,9.711982149299567268e-01,9.584337340519782922e-01,9.474350756227015724e-01,8.985144073864234082e-01,8.736582246678554764e-01,9.652808137999592253e-01,9.539422301692125350e-01,9.473876592541063957e-01,9.849603230804953036e-01,9.826114339588706281e-01,1.000000000000000000e+00,8.805721938032883278e-01,8.780407125339623198e-01,9.639978329530495271e-01,9.479034818005133145e-01,8.752301585419427488e-01,8.800834246616711098e-01
9.734293302724951191e-01,9.817120556806080423e-01,9.361040157578389698e-01,8.922485799793192784e-01,9.053971320437617099e-01,9.840202032618732275e-01,9.462417782927385890e-01,9.050833743972520606e-01,8.789101203709143162e-01,9.425323560859872885e-01,8.929523161204815374e-01,9.491039195026725883e-01,9.191674065371810975e-01,9.778024377568347303e-01,9.146990797046571364e-01,9.828869767037372585e-01,8.949808188185101043e-01,9.374127134745450229e-01,9.317777239310414128e-01,9.012938353273108882e-01,9.766874985295505018e-01,9.122017340270081043e-01,8.948893933470505324e-01,9.050668688747344204e-01,9.132947238752152641e-01,9.569219512474371747e-01,9.708545365525923510e-01,9.000297587876477934e-01,9.136322133369325638e-01,9.128023302370096292e-01,8.766938588784478625e-01,8.811320619684092081e-01,8.805721938032883278e-01,1.000000000000000000e+00,9.794433856215674084e-01,9.040023989713777963e-01,9.136593704424068596e-01,9.822540554076651942e-01,9.835043649232211305e-01
9.816681664644235639e-01,9.741640077231654704e-01,9.328932177707730533e-01,8.911417266880877763e-01,9.078866338953731630e-01,9.791106610057166426e-01,9.420498595503474792e-01,9.068525743723738763e-01,8.766484181004302600e-01,9.379189672873918804e-01,8.905637650492090884e-01,9.431789438152697880e-01,9.225595738197389650e-01,9.854135216788464380e-01,9.165358589100482956e-01,9.837955674810450191e-01,8.928887441988252460e-01,9.411437025098122744e-01,9.362989567895165788e-01,9.013466523563584687e-01,9.684412921000842278e-01,9.114078381039290022e-01,8.948689814581308744e-01,9.073426927147345555e-01,9.149424234142795598e-01,9.646982873169409611e-01,9.628059062285202474e-01,8.998692844032734062e-01,9.133729874285202444e-01,9.140163590823947581e-01,8.742582706619957955e-01,8.795006848587781922e-01,8.780407125339623198e-01,9.794433856215674084e-01,1.000000000000000000e+00,9.054396120638801282e-01,9.143086077409183776e-01,9.845186738163183016e-01,9.779264423840301479e-01
9.134339581218220427e-01,8.988538188338818236e-01,8.827636625124570813e-01,9.749654983401699893e-01,9.818734354973781553e-01,8.989875694075950552e-01,8.918088470528339196e-01,9.750104720870239605e-01,9.621752584851871459e-01,8.882108094170959589e-01,9.709625413911119329e-01,8.924051505598715739e-01,9.552858683722496025e-01,9.072996055354710654e-01,8.740777486046896749e-01,9.049104977799188321e-01,9.786381165880199129e-01,9.411482815853271511e-01,9.425187544158605268e-01,9.846872979270389070e-01,8.969580846687486009e-01,9.700194835994321307e-01,9.772165604620939305e-01,9.803417447626802117e-01,9.645737212218223888e-01,9.246637029486967085e-01,8.949992067387135819e-01,9.816680840158489296e-01,9.734558465695478668e-01,9.635219030447083055e-01,9.627614380328930466e-01,9.664344299962793761e-01,9.639978329530495271e-01,9.040023989713777963e-01,9.054396120638801282e-01,1.000000000000000000e+00,9.646508312147161757e-01,9.023389064477603805e-01,9.007595179613262504e-01
9.232697583866085189e-01,9.079856411319093823e-01,8.832461055189604338e-01,9.559623733255998568e-01,9.709925120976198309e-01,9.091780409673102525e-01,8.925376868263249497e-01,9.725423437408957650e-01,9.451225183982230327e-01,8.882778580481955899e-01,9.560528912418445602e-01,8.949915030763976320e-01,9.781430698587713080e-01,9.175509369655641123e-01,8.654040253340220534e-01,9.134271694961154653e-01,9.585546581818499279e-01,9.571690727135837573e-01,9.572583472610552979e-01,9.651517716553613679e-01,9.049074871358447902e-01,9.796188999498844918e-01,9.579144209055205916e-01,9.715313989982525822e-01,9.856463136423132543e-01,9.386216163160043813e-01,8.996540450619118223e-01,9.616485084398573857e-01,9.784579075511756763e-01,9.852185205894763431e-01,9.457609768792930582e-01,9.508702609151159502e-01,9.479034818005133145e-01,9.136593704424068596e-01,9.143086077409183776e-01,9.646508312147161757e-01,1.000000000000000000e+00,9.124767347935194284e-01,9.106124607394679993e-01
9.787777711817693405e-01,9.772076542138607991e-01,9.359961077480613012e-01,8.877974338687434352e-01,9.042607021019142266e-01,9.817764193818099283e-01,9.450410666952437921e-01,9.030204081720226705e-01,8.734785706088635804e-01,9.417464562072916934e-01,8.878367086345850812e-01,9.474101876137454026e-01,9.200699146196611444e-01,9.833684683856966924e-01,9.180580782510392446e-01,9.846991870528138957e-01,8.898677030941946065e-01,9.409755174090927987e-01,9.357287837489168814e-01,8.981838570348615880e-01,9.719835804374792332e-01,9.085188100527675781e-01,8.912344769161757441e-01,9.035947554276356763e-01,9.125112674350294162e-01,9.630001589238531556e-01,9.667363928962884323e-01,8.964843675132236900e-01,9.104348861192506082e-01,9.116787824104775062e-01,8.713133669755992461e-01,8.765225210169769188e-01,8.752301585419427488e-01,9.822540554076651942e-01,9.845186738163183016e-01,9.023389064477603805e-01,9.124767347935194284e-01,1.000000000000000000e+00,9.807346343397023158e-01
9.734429147538108396e-01,9.829721888451521394e-01,9.397378125179118857e-01,8.904301052776019132e-01,9.015772526645692286e-01,9.829695020762607705e-01,9.487070344049445270e-01,9.026845557811096210e-01,8.788842536324795729e-01,9.460730802552482777e-01,8.910158091722432117e-01,9.513885701915748561e-01,9.182226644434103857e-01,9.770537822608612588e-01,9.177713904977092829e-01,9.808803933212577597e-01,8.920875658848093082e-01,9.373416822930249470e-01,9.320646811135507859e-01,8.978023648339159557e-01,9.775344539437103020e-01,9.084760482948350813e-01,8.927504519344524603e-01,9.012151208232277444e-01,9.103659522867831866e-01,9.563975663319937981e-01,9.727962974333581592e-01,8.971985142301392990e-01,9.095776396112710271e-01,9.101215488732312675e-01,8.769691534457749738e-01,8.803869838098177247e-01,8.800834246616711098e-01,9.835043649232211305e-01,9.779264423840301479e-01,9.007595179613262504e-01,9.106124607394679993e-01,9.807346343397023158e-01,1.000000000000000000e+00
