1.000000000000000000e+00,7.972003876807873812e-01,7.522405225695819597e-01,2.107797779265068727e-01,7.517524038430443145e-01,5.705969102285872729e-01,3.407979077752196773e-01,-7.225167425646272790e-01,6.859842301811678311e-01,6.230793154693263780e-01,5.035489350664469343e-01,4.422789068740882734e-01,-4.484829794962457705e-01,7.554853620145689508e-01,5.571866781301376692e-01,6.629754442001776216e-01,7.263982213559220247e-01,5.210106531156255549e-01,1.881044855648006109e-01,7.685529026739865155e-02,1.996142649305032157e-01,7.175751189212495884e-01,8.232469481035697978e-01,6.784019039731543632e-01,8.065759234507730024e-01,5.093507538624898467e-01,3.254851874581862203e-01,5.834339947359423739e-01,5.337253678966725756e-01,3.541446190891148760e-01,7.883454362175867924e-01,5.075165904970857511e-01,6.911263254384256705e-01,7.948775267674262901e-01,6.133162281878776767e-01,4.251305735316878720e-01,5.575858624406930808e-01,7.639159260275336649e-01,6.994338496482819245e-01
7.972003876807873812e-01,1.000000000000000000e+00,7.419382062235442277e-01,3.636675670746208344e-01,6.872802898533583171e-01,7.585066966569379288e-01,3.260818468332968290e-01,-7.197618347201265587e-01,6.502690745225307989e-01,7.569703749570418916e-01,7.325936524521174942e-01,3.031996896824674659e-01,-3.578388199533295011e-01,7.551012259191485221e-01,5.229430459318517022e-01,7.378127132160351431e-01,8.017389495165327951e-01,7.749958750088867809e-01,5.096790872328801347e-01,7.976363007116606119e-02,-1.807738711930197972e-01,7.160557104428022512e-01,8.072610311646263304e-01,6.117513609674726238e-01,8.221615783375368913e-01,6.701176582739784005e-01,5.681800775833566464e-01,5.426197726730834781e-01,7.970667071540907811e-01,2.552807259627896119e-01,7.275493291133080520e-01,7.454698877714418526e-01,5.579197543006282345e-01,7.165854167204770420e-01,7.976108849788772215e-01,6.437331810418043254e-01,7.954874616707927615e-01,6.920917235928651934e-01,5.022230583294531314e-01
7.522405225695819597e-01,7.419382062235442277e-01,1.000000000000000000e+00,3.724362138097316866e-01,8.098686304987936513e-01,7.853593618508328822e-01,2.506279612995443995e-01,-9.592139548001236138e-01,5.114937480060540720e-01,5.527117520496362957e-01,7.020425521660105250e-01,3.868975840012984224e-01,-4.986326689402585388e-01,8.776105101062147140e-01,6.518424235980013748e-01,6.749480406037536850e-01,8.019094018246709643e-01,7.039351752794307249e-01,3.711077537073312338e-01,-1.398520316421879295e-01,2.370881551115256586e-02,7.240898538670829110e-01,8.512439750092919422e-01,6.403697558425136549e-01,8.584497729303749436e-01,4.683405398185705448e-01,3.400391615745629870e-01,4.867216275182856822e-01,6.232491565385732679e-01,1.883093564284994692e-01,8.058231382106755269e-01,6.158876830530554125e-01,7.934430895095636593e-01,8.236516881664475154e-01,6.961773831806966628e-01,4.611752727573600885e-01,6.485286686905472608e-01,7.394703882344628720e-01,6.257557947589573732e-01
2.107797779265068727e-01,3.636675670746208344e-01,3.724362138097316866e-01,1.000000000000000000e+00,5.151738136015204111e-02,4.994255222373482073e-01,1.286541234714619619e-01,-3.960172296358218103e-01,-1.459603674137011919e-01,2.031044124887600860e-02,4.434404353919864095e-01,1.891830243048148730e-01,-6.710308512113563606e-02,3.999892928953094340e-01,2.691086495343506524e-01,3.686563132734001214e-02,4.152070347266011985e-01,5.054488619231188862e-01,4.993801911613748312e-01,8.649848898247972095e-02,-2.730824004129039362e-01,4.296048033484802242e-01,3.785583832777139612e-01,1.491528442710860769e-01,3.272920523645495572e-01,-6.479354436752557400e-02,-3.502241669213033981e-02,-3.328532859560001111e-01,3.092494037932492223e-01,-4.548262738982506992e-01,1.950239115048143790e-01,1.628474609167742670e-01,3.582463549638648659e-01,2.852336434747145821e-01,3.335757130367263956e-01,2.954796521384308594e-01,2.440517943464264872e-01,4.776536508618220433e-01,1.970357196089037033e-01
7.517524038430443145e-01,6.872802898533583171e-01,8.098686304987936513e-01,5.151738136015204111e-02,1.000000000000000000e+00,6.234401875672946902e-01,2.939068866626514676e-01,-7.687425688205723473e-01,7.542315365029348406e-01,6.632894986205037924e-01,5.708290387772120278e-01,3.684816173318799515e-01,-4.809906551950151599e-01,8.059317008548472216e-01,5.402346605299568338e-01,7.649285237440014429e-01,6.922478326204992705e-01,4.941477175948047473e-01,1.428852147235307457e-01,-6.086692872370010748e-02,1.423627584999966611e-01,5.994571633518710474e-01,7.956753215779818200e-01,6.422991199173487820e-01,7.853215871568571815e-01,6.277713808836744569e-01,5.132707108156620013e-01,7.228198861876925507e-01,5.933172366829989608e-01,5.744472179882822438e-01,7.764050160764194297e-01,6.660082565823980394e-01,7.256384748606666824e-01,7.990031421861220062e-01,6.898081652314853596e-01,4.615471369061436291e-01,6.698630826827532969e-01,6.052559887391425475e-01,6.173773208149694325e-01
5.705969102285872729e-01,7.585066966569379288e-01,7.853593618508328822e-01,4.994255222373482073e-01,6.234401875672946902e-01,1.000000000000000000e+00,2.807116019960999576e-01,-7.841363176655097300e-01,4.048875082411892978e-01,5.390253709132326598e-01,8.378284398757068763e-01,1.706955269323569835e-01,-3.609822204465153450e-01,8.027545610097509554e-01,5.499201649116254309e-01,6.019611819381887052e-01,8.171692246816755212e-01,7.937441880997780919e-01,5.307607741228957954e-01,-1.058811554579074388e-01,-3.272133815468522000e-01,6.269071466416459293e-01,7.402103015578049838e-01,4.678439951414924414e-01,7.575356126819374758e-01,5.099355918066460491e-01,4.645465057764173733e-01,3.532222506483432278e-01,8.005877389579001413e-01,5.974982454384754338e-02,6.531437011940492976e-01,7.383316736556239102e-01,5.753000346565492196e-01,6.817589588686997493e-01,7.426078714403229197e-01,5.353288193371956716e-01,7.660530350491154827e-01,6.652676482737197583e-01,4.491331663839465693e-01
3.407979077752196773e-01,3.260818468332968290e-01,2.506279612995443995e-01,1.286541234714619619e-01,2.939068866626514676e-01,2.807116019960999576e-01,1.000000000000000000e+00,-2.114530045637963984e-01,3.399763436894352453e-01,2.400074169020739723e-01,2.046923239337083977e-01,1.936344602492679617e-02,-2.005303456459573697e-01,3.276800849081756839e-01,2.346148726380731797e-01,2.930785206177363156e-01,2.312192132856753235e-01,2.989590034182539879e-01,2.724585099858420345e-01,2.484136247152961274e-01,2.092669889087451773e-01,3.998097323837285222e-01,3.498993505598004816e-01,2.497158391371737396e-01,2.574468137192978956e-01,2.402538120861241744e-01,2.294675865174126972e-01,2.738625592704707623e-01,2.445993749909223802e-01,1.928707889429888134e-01,4.015188068014512446e-01,2.243749662874339190e-01,3.029827347671680826e-01,2.844131854988614649e-01,2.152584169002747794e-01,1.830693515659043424e-01,2.221050404350453922e-01,3.995285647063644974e-01,3.632548540366832834e-01
-7.225167425646272790e-01,-7.197618347201265587e-01,-9.592139548001236138e-01,-3.960172296358218103e-01,-7.687425688205723473e-01,-7.841363176655097300e-01,-2.114530045637963984e-01,1.000000000000000000e+00,-4.549439848554809318e-01,-5.075639230847651673e-01,-6.912818144175497670e-01,-3.722721027556315510e-01,4.965945778500875929e-01,-8.539794125259374535e-01,-6.359499601488308729e-01,-6.293327849688953313e-01,-7.828089843430808825e-01,-7.013844357731308099e-01,-3.738061396479001042e-01,1.812674962934526512e-01,-8.344912040037174433e-03,-7.027116852846141404e-01,-8.219373905656370827e-01,-6.195661417165239104e-01,-8.330731021276374104e-01,-4.286361877833801404e-01,-3.041806689124946228e-01,-4.427653915803559381e-01,-6.039595977168206176e-01,-1.290119746197812556e-01,-7.758050182641803572e-01,-5.887080440412266746e-01,-7.761341296206758500e-01,-7.917837584750760938e-01,-6.726929388483868788e-01,-4.220780781910619672e-01,-6.208148000353214124e-01,-7.166751167749163542e-01,-5.885641073782745814e-01
6.859842301811678311e-01,6.502690745225307989e-01,5.114937480060540720e-01,-1.459603674137011919e-01,7.542315365029348406e-01,4.048875082411892978e-01,3.399763436894352453e-01,-4.549439848554809318e-01,1.000000000000000000e+00,7.416958191169339409e-01,3.681828037300694523e-01,2.570847036958121001e-01,-2.639375761173002877e-01,5.786213882423375532e-01,3.232029608497514195e-01,7.319038471430433512e-01,4.573437350732484363e-01,3.906063737858089802e-01,1.206746653869772284e-01,1.119044471138945507e-01,9.412119790010756160e-02,4.554689856340126686e-01,6.311529925854142409e-01,5.805134135688685415e-01,5.904930570925271960e-01,6.864405941919436982e-01,5.915246246255700946e-01,7.773830207664245151e-01,5.358326788069321944e-01,7.563063328987612577e-01,6.052524415871458618e-01,6.103786660266200537e-01,4.294090018881280280e-01,6.333028464224583765e-01,5.528693395609440842e-01,4.710417370540960769e-01,6.090700581992543050e-01,5.217516186294005598e-01,5.354731452102474698e-01
6.230793154693263780e-01,7.569703749570418916e-01,5.527117520496362957e-01,2.031044124887600860e-02,6.632894986205037924e-01,5.390253709132326598e-01,2.400074169020739723e-01,-5.075639230847651673e-01,7.416958191169339409e-01,1.000000000000000000e+00,5.865852596517165951e-01,1.655296575842095941e-01,-3.163048598134521328e-01,5.773164720667636196e-01,3.323535128915726111e-01,8.826577339765031560e-01,6.000560022692397188e-01,5.609999111240904224e-01,3.201418535302997803e-01,1.097438833453706214e-01,-1.252107300269037216e-01,5.149521700366412880e-01,6.490564513003969083e-01,4.622705586026610858e-01,6.867198703242780589e-01,7.568746460014044164e-01,7.057780813049311375e-01,6.839238272801607676e-01,7.598465375730719673e-01,5.661030215000414367e-01,6.340763023849157465e-01,7.831511769867927075e-01,3.614388455587840832e-01,5.541481720579775061e-01,7.173723716483699775e-01,7.106225638843080006e-01,7.880057687915231757e-01,4.739189823069424046e-01,4.134095723086240737e-01
5.035489350664469343e-01,7.325936524521174942e-01,7.020425521660105250e-01,4.434404353919864095e-01,5.708290387772120278e-01,8.378284398757068763e-01,2.046923239337083977e-01,-6.912818144175497670e-01,3.681828037300694523e-01,5.865852596517165951e-01,1.000000000000000000e+00,1.037874291514751801e-01,-3.267556997221784942e-01,7.230940229847538925e-01,5.213109643672010352e-01,6.268818714960204819e-01,8.278943464759594972e-01,7.321126838146257976e-01,5.681863329538053842e-01,-8.208424045179905926e-02,-4.165094000289555343e-01,5.577307923532359712e-01,6.874506864387759375e-01,4.175793958702551656e-01,7.472816563850540605e-01,5.998148368102335093e-01,6.050648134715146398e-01,3.482907260951623729e-01,8.314834800269442772e-01,3.643018524472249609e-02,5.823292061870215530e-01,8.199261270385975742e-01,4.656359068436792259e-01,5.973233486985595198e-01,7.768322897438972863e-01,6.509909371987830928e-01,8.336645943199710862e-01,5.837526360303232353e-01,3.725348259969966658e-01
4.422789068740882734e-01,3.031996896824674659e-01,3.868975840012984224e-01,1.891830243048148730e-01,3.684816173318799515e-01,1.706955269323569835e-01,1.936344602492679617e-02,-3.722721027556315510e-01,2.570847036958121001e-01,1.655296575842095941e-01,1.037874291514751801e-01,1.000000000000000000e+00,-1.899899336318220389e-01,3.801833588489902382e-01,3.832466622907219067e-01,1.681426315010419448e-01,2.876540337223580934e-01,2.298834467846546381e-01,-7.318400052562946956e-02,1.517114554460791132e-01,2.323555686139759657e-01,4.356022444839182106e-01,4.381629139073666135e-01,3.926461891938983761e-01,4.025217502616408871e-01,1.165341011184889246e-02,-5.358338779888199843e-02,1.619281913230232184e-01,1.062487182001417840e-01,7.051362466796350092e-02,3.640744165962226386e-01,8.023139563622359860e-02,5.130456653587331939e-01,4.885779603588677467e-01,2.012527482602119722e-01,1.018296777139404835e-01,1.113916594764510076e-01,3.486880072835101818e-01,4.291882530077275604e-01
-4.484829794962457705e-01,-3.578388199533295011e-01,-4.986326689402585388e-01,-6.710308512113563606e-02,-4.809906551950151599e-01,-3.609822204465153450e-01,-2.005303456459573697e-01,4.965945778500875929e-01,-2.639375761173002877e-01,-3.163048598134521328e-01,-3.267556997221784942e-01,-1.899899336318220389e-01,1.000000000000000000e+00,-4.494306198054177637e-01,-2.894502020387927366e-01,-3.845637588433299392e-01,-3.830007141382956726e-01,-3.239387577848630850e-01,-1.171508640338127932e-01,3.013233845715308085e-02,-3.417142977641247081e-01,-5.168133066723705760e-01,-4.963176322128157736e-01,-2.720112251172758788e-01,-4.926918071084069872e-01,-3.675582785495639659e-01,-2.948476213182947281e-01,-4.653376075544072843e-01,-3.293675897121422502e-01,-2.168705071233703319e-01,-6.719325328296408273e-01,-3.632771127721489690e-01,-5.557463325481208916e-01,-3.809709035473189953e-01,-3.931519909188879169e-01,-2.501588144373747546e-01,-3.522282050213895732e-01,-2.980811672944007618e-01,-2.880201764026796840e-01
7.554853620145689508e-01,7.551012259191485221e-01,8.776105101062147140e-01,3.999892928953094340e-01,8.059317008548472216e-01,8.027545610097509554e-01,3.276800849081756839e-01,-8.539794125259374535e-01,5.786213882423375532e-01,5.773164720667636196e-01,7.230940229847538925e-01,3.801833588489902382e-01,-4.494306198054177637e-01,1.000000000000000000e+00,6.714652816001176472e-01,7.010059663302997679e-01,8.264166150027579816e-01,6.735564725561957733e-01,3.666357264813831507e-01,-1.127414337971343190e-04,1.182608810923235949e-02,7.339443815663269088e-01,8.822694321852575516e-01,7.055660200514024538e-01,8.594548571625540978e-01,5.037508114320533581e-01,3.968713704722402480e-01,5.069403625630976018e-01,6.703562293728170252e-01,2.863459393381865836e-01,7.907943530176002600e-01,6.746585183771106609e-01,8.072166586516290598e-01,8.325518917302864308e-01,7.301917851940158410e-01,5.044266308259277576e-01,6.945334411358893290e-01,7.314154014622205047e-01,6.194689993744301182e-01
5.571866781301376692e-01,5.229430459318517022e-01,6.518424235980013748e-01,2.691086495343506524e-01,5.402346605299568338e-01,5.499201649116254309e-01,2.346148726380731797e-01,-6.359499601488308729e-01,3.232029608497514195e-01,3.323535128915726111e-01,5.213109643672010352e-01,3.832466622907219067e-01,-2.894502020387927366e-01,6.714652816001176472e-01,1.000000000000000000e+00,4.332380341065958373e-01,5.470278155920476060e-01,4.026203481954842567e-01,3.040643854295205784e-01,-3.800683096614168067e-03,-4.033912267336169782e-02,5.369749528335766575e-01,5.851767073141990183e-01,4.976758780663437798e-01,5.937662192889631152e-01,1.949751432664984241e-01,1.752654223183088833e-01,2.492554823604322123e-01,4.210591002249455261e-01,7.653554625556791002e-02,5.526222071716404560e-01,4.435125799418488390e-01,6.234009875896802111e-01,6.587278957568928339e-01,4.809364413818655315e-01,3.484245187487058359e-01,4.181634099055496212e-01,5.519380285057200464e-01,5.039242443833521490e-01
6.629754442001776216e-01,7.378127132160351431e-01,6.749480406037536850e-01,3.686563132734001214e-02,7.649285237440014429e-01,6.019611819381887052e-01,2.930785206177363156e-01,-6.293327849688953313e-01,7.319038471430433512e-01,8.826577339765031560e-01,6.268818714960204819e-01,1.681426315010419448e-01,-3.845637588433299392e-01,7.010059663302997679e-01,4.332380341065958373e-01,1.000000000000000000e+00,6.720014625434217459e-01,5.804642243424226189e-01,3.226836887232671924e-01,8.417961566030136844e-02,-1.563051540253520069e-02,6.052855684051487994e-01,7.287971163737512192e-01,5.538394667436277174e-01,7.528036098325677772e-01,7.375748588928270344e-01,6.694750582399713323e-01,7.331409062763502016e-01,7.377942790337814749e-01,5.993230698857439087e-01,7.227614055855752229e-01,7.898913471856078283e-01,4.895022454386298572e-01,6.248518345277714880e-01,7.604175224464511107e-01,6.989393006844892842e-01,8.068806692179516515e-01,5.008699059864817338e-01,4.562743153925625239e-01
7.263982213559220247e-01,8.017389495165327951e-01,8.019094018246709643e-01,4.152070347266011985e-01,6.922478326204992705e-01,8.171692246816755212e-01,2.312192132856753235e-01,-7.828089843430808825e-01,4.573437350732484363e-01,6.000560022692397188e-01,8.278943464759594972e-01,2.876540337223580934e-01,-3.830007141382956726e-01,8.264166150027579816e-01,5.470278155920476060e-01,6.720014625434217459e-01,1.000000000000000000e+00,7.076248481315858818e-01,4.346640711468230944e-01,-3.329152478422565259e-02,-1.476479338708619748e-01,6.797333707875462538e-01,8.041457520662586012e-01,5.863514714051104582e-01,8.694579438013338990e-01,5.420125642730090343e-01,4.329529077190302777e-01,4.303817414893441606e-01,7.494683568505204896e-01,1.403040605746062042e-01,6.900592068763755638e-01,7.048096774842506074e-01,6.133042260835009918e-01,7.146953008384405726e-01,7.599254496707456008e-01,5.639419437916451949e-01,7.441820999337078746e-01,6.438779973517748667e-01,4.792381028724179148e-01
5.210106531156255549e-01,7.749958750088867809e-01,7.039351752794307249e-01,5.054488619231188862e-01,4.941477175948047473e-01,7.937441880997780919e-01,2.989590034182539879e-01,-7.013844357731308099e-01,3.906063737858089802e-01,5.609999111240904224e-01,7.321126838146257976e-01,2.298834467846546381e-01,-3.239387577848630850e-01,6.735564725561957733e-01,4.026203481954842567e-01,5.804642243424226189e-01,7.076248481315858818e-01,1.000000000000000000e+00,7.404128114597190446e-01,3.420654358086278046e-02,-3.122542295566585469e-01,6.986146542403393056e-01,7.040613841244409699e-01,4.295519729096411998e-01,6.901247873363732799e-01,5.178398488940750832e-01,4.715002387549130924e-01,3.172159018635313799e-01,7.587051234104618125e-01,-1.495148529531201143e-02,6.065142153658016344e-01,6.655231336611896475e-01,4.634653022663131616e-01,5.336486707719890754e-01,6.968248701834227621e-01,5.886537962830019621e-01,7.121780731567262102e-01,6.462166657609277332e-01,3.242428231805526417e-01
1.881044855648006109e-01,5.096790872328801347e-01,3.711077537073312338e-01,4.993801911613748312e-01,1.428852147235307457e-01,5.307607741228957954e-01,2.724585099858420345e-01,-3.738061396479001042e-01,1.206746653869772284e-01,3.201418535302997803e-01,5.681863329538053842e-01,-7.318400052562946956e-02,-1.171508640338127932e-01,3.666357264813831507e-01,3.040643854295205784e-01,3.226836887232671924e-01,4.346640711468230944e-01,7.404128114597190446e-01,1.000000000000000000e+00,1.567930704691739285e-01,-4.125253318007813252e-01,4.739513285111705554e-01,3.886998337907869860e-01,1.574485471127705094e-01,3.517496672969158134e-01,3.488330234356388226e-01,3.751797462530498950e-01,4.126807642730410258e-02,5.705368913301260836e-01,-1.436945994328903409e-01,2.980546471552406040e-01,4.737686241837189560e-01,1.791538373084460567e-01,1.705715704031694757e-01,4.855833121181992174e-01,5.360500576700838460e-01,4.995156986393490262e-01,3.883041125408583372e-01,-3.811224952426529172e-02
7.685529026739865155e-02,7.976363007116606119e-02,-1.398520316421879295e-01,8.649848898247972095e-02,-6.086692872370010748e-02,-1.058811554579074388e-01,2.484136247152961274e-01,1.812674962934526512e-01,1.119044471138945507e-01,1.097438833453706214e-01,-8.208424045179905926e-02,1.517114554460791132e-01,3.013233845715308085e-02,-1.127414337971343190e-04,-3.800683096614168067e-03,8.417961566030136844e-02,-3.329152478422565259e-02,3.420654358086278046e-02,1.567930704691739285e-01,1.000000000000000000e+00,1.244956770646414440e-01,1.674658312325728038e-01,2.187627914026242515e-02,4.924819750782500824e-03,-2.821231666367588278e-02,-2.770314682223405656e-02,-8.111683388136831877e-04,3.463210423788211367e-02,-1.818046183093798007e-02,1.079254139138721424e-01,2.656068578608542299e-02,-4.056349233630924395e-02,-2.478389037451463744e-02,-3.482090671495228357e-02,-2.547784765125606435e-02,1.466399031962011823e-01,-2.259365407546749110e-02,6.634586568196221279e-02,-3.082508800141610383e-03
1.996142649305032157e-01,-1.807738711930197972e-01,2.370881551115256586e-02,-2.730824004129039362e-01,1.423627584999966611e-01,-3.272133815468522000e-01,2.092669889087451773e-01,-8.344912040037174433e-03,9.412119790010756160e-02,-1.252107300269037216e-01,-4.165094000289555343e-01,2.323555686139759657e-01,-3.417142977641247081e-01,1.182608810923235949e-02,-4.033912267336169782e-02,-1.563051540253520069e-02,-1.476479338708619748e-01,-3.122542295566585469e-01,-4.125253318007813252e-01,1.244956770646414440e-01,1.000000000000000000e+00,1.625457615820062041e-01,2.677537668572462642e-02,1.646830911008461129e-01,-1.798736947603088096e-02,-9.982757970870589914e-02,-2.613348069083773484e-01,2.484524164756876097e-01,-4.059614041647356397e-01,3.060501605055394037e-01,2.342204169874012309e-01,-3.429320293407416842e-01,3.267499853956358224e-01,1.444697245181694387e-02,-2.650884479721034026e-01,-3.331425943132595990e-01,-3.536373799260275619e-01,-7.217790613392778554e-02,2.238857924715462189e-01
7.175751189212495884e-01,7.160557104428022512e-01,7.240898538670829110e-01,4.296048033484802242e-01,5.994571633518710474e-01,6.269071466416459293e-01,3.998097323837285222e-01,-7.027116852846141404e-01,4.554689856340126686e-01,5.149521700366412880e-01,5.577307923532359712e-01,4.356022444839182106e-01,-5.168133066723705760e-01,7.339443815663269088e-01,5.369749528335766575e-01,6.052855684051487994e-01,6.797333707875462538e-01,6.986146542403393056e-01,4.739513285111705554e-01,1.674658312325728038e-01,1.625457615820062041e-01,1.000000000000000000e+00,7.927292977088242765e-01,5.586170719636626147e-01,7.190638819121533132e-01,4.313356171096060510e-01,3.071510299737944538e-01,4.036196756585030965e-01,5.412710749522465781e-01,1.404055165515759873e-01,7.522403232038971099e-01,4.945352214934213286e-01,7.063176417307864829e-01,6.711184059864521156e-01,6.007278539550728880e-01,4.936201566805438201e-01,5.377566651160259337e-01,6.760431619329405617e-01,5.304279226666805958e-01
8.232469481035697978e-01,8.072610311646263304e-01,8.512439750092919422e-01,3.785583832777139612e-01,7.956753215779818200e-01,7.402103015578049838e-01,3.498993505598004816e-01,-8.219373905656370827e-01,6.311529925854142409e-01,6.490564513003969083e-01,6.874506864387759375e-01,4.381629139073666135e-01,-4.963176322128157736e-01,8.822694321852575516e-01,5.851767073141990183e-01,7.287971163737512192e-01,8.041457520662586012e-01,7.040613841244409699e-01,3.886998337907869860e-01,2.187627914026242515e-02,2.677537668572462642e-02,7.927292977088242765e-01,1.000000000000000000e+00,7.112161275912868286e-01,8.968367222658067961e-01,5.472904868549537394e-01,4.372231559745209939e-01,5.244952608148037987e-01,6.755395176826588521e-01,3.035900760226112882e-01,8.333182816177191476e-01,6.477517659703064812e-01,7.823407031800347911e-01,8.326334434849111954e-01,7.483874245633046485e-01,5.597765537238457156e-01,7.070738448090079231e-01,7.785154482292984124e-01,6.364007302292848944e-01
6.784019039731543632e-01,6.117513609674726238e-01,6.403697558425136549e-01,1.491528442710860769e-01,6.422991199173487820e-01,4.678439951414924414e-01,2.497158391371737396e-01,-6.195661417165239104e-01,5.805134135688685415e-01,4.622705586026610858e-01,4.175793958702551656e-01,3.926461891938983761e-01,-2.720112251172758788e-01,7.055660200514024538e-01,4.976758780663437798e-01,5.538394667436277174e-01,5.863514714051104582e-01,4.295519729096411998e-01,1.574485471127705094e-01,4.924819750782500824e-03,1.646830911008461129e-01,5.586170719636626147e-01,7.112161275912868286e-01,1.000000000000000000e+00,6.966479099246971618e-01,4.284201396201789414e-01,3.157629568437892997e-01,4.980290037692186589e-01,4.179485870442143369e-01,3.450555220754064623e-01,6.539408649374349736e-01,4.152629696426496375e-01,6.526915947083706815e-01,6.757440104905876321e-01,5.246454723511650986e-01,2.385769609612474196e-01,4.865691747242597009e-01,5.615129356464476640e-01,5.412389532929831049e-01
8.065759234507730024e-01,8.221615783375368913e-01,8.584497729303749436e-01,3.272920523645495572e-01,7.853215871568571815e-01,7.575356126819374758e-01,2.574468137192978956e-01,-8.330731021276374104e-01,5.904930570925271960e-01,6.867198703242780589e-01,7.472816563850540605e-01,4.025217502616408871e-01,-4.926918071084069872e-01,8.594548571625540978e-01,5.937662192889631152e-01,7.528036098325677772e-01,8.694579438013338990e-01,6.901247873363732799e-01,3.517496672969158134e-01,-2.821231666367588278e-02,-1.798736947603088096e-02,7.190638819121533132e-01,8.968367222658067961e-01,6.966479099246971618e-01,1.000000000000000000e+00,5.891987780581039447e-01,5.004322378985367470e-01,5.611459997233054775e-01,7.199059302057937426e-01,2.887431332427810582e-01,8.288605460654733248e-01,7.087515942618743958e-01,7.312445671173942729e-01,8.104494072059831300e-01,7.869193155702244313e-01,5.952722925703353152e-01,7.651421459822858040e-01,6.908716376391403902e-01,6.103229889258044993e-01
5.093507538624898467e-01,6.701176582739784005e-01,4.683405398185705448e-01,-6.479354436752557400e-02,6.277713808836744569e-01,5.099355918066460491e-01,2.402538120861241744e-01,-4.286361877833801404e-01,6.864405941919436982e-01,7.568746460014044164e-01,5.998148368102335093e-01,1.165341011184889246e-02,-3.675582785495639659e-01,5.037508114320533581e-01,1.949751432664984241e-01,7.375748588928270344e-01,5.420125642730090343e-01,5.178398488940750832e-01,3.488330234356388226e-01,-2.770314682223405656e-02,-9.982757970870589914e-02,4.313356171096060510e-01,5.472904868549537394e-01,4.284201396201789414e-01,5.891987780581039447e-01,1.000000000000000000e+00,8.532588146915716099e-01,7.275797372462260437e-01,7.339892577745232849e-01,5.492303176544335308e-01,5.732881210274477501e-01,7.799750533754694626e-01,3.122634068302658772e-01,4.313967436550359968e-01,6.536121858402603735e-01,6.287561751941717070e-01,7.744388280477381148e-01,3.736418657133294130e-01,3.019563935630065199e-01
3.254851874581862203e-01,5.681800775833566464e-01,3.400391615745629870e-01,-3.502241669213033981e-02,5.132707108156620013e-01,4.645465057764173733e-01,2.294675865174126972e-01,-3.041806689124946228e-01,5.915246246255700946e-01,7.057780813049311375e-01,6.050648134715146398e-01,-5.358338779888199843e-02,-2.948476213182947281e-01,3.968713704722402480e-01,1.752654223183088833e-01,6.694750582399713323e-01,4.329529077190302777e-01,4.715002387549130924e-01,3.751797462530498950e-01,-8.111683388136831877e-04,-2.613348069083773484e-01,3.071510299737944538e-01,4.372231559745209939e-01,3.157629568437892997e-01,5.004322378985367470e-01,8.532588146915716099e-01,1.000000000000000000e+00,6.190094787834280465e-01,7.040949861480646499e-01,4.963006697291657554e-01,4.653590206776303528e-01,7.950892543378347277e-01,1.863264094855436870e-01,3.142036938558889769e-01,6.466446057966085403e-01,6.698506386910026977e-01,7.704179896688762019e-01,2.581301882731914521e-01,1.920616792313690202e-01
5.834339947359423739e-01,5.426197726730834781e-01,4.867216275182856822e-01,-3.328532859560001111e-01,7.228198861876925507e-01,3.532222506483432278e-01,2.738625592704707623e-01,-4.427653915803559381e-01,7.773830207664245151e-01,6.839238272801607676e-01,3.482907260951623729e-01,1.619281913230232184e-01,-4.653376075544072843e-01,5.069403625630976018e-01,2.492554823604322123e-01,7.331409062763502016e-01,4.303817414893441606e-01,3.172159018635313799e-01,4.126807642730410258e-02,3.463210423788211367e-02,2.484524164756876097e-01,4.036196756585030965e-01,5.244952608148037987e-01,4.980290037692186589e-01,5.611459997233054775e-01,7.275797372462260437e-01,6.190094787834280465e-01,1.000000000000000000e+00,4.778064653350618252e-01,7.341303263938265822e-01,6.594053362106384597e-01,6.094560009828787761e-01,4.044190951339671214e-01,4.844642629649926757e-01,5.146481586630905491e-01,4.024555312883378866e-01,5.686263413821567303e-01,2.709305146784524165e-01,3.636178482999611328e-01
5.337253678966725756e-01,7.970667071540907811e-01,6.232491565385732679e-01,3.092494037932492223e-01,5.933172366829989608e-01,8.005877389579001413e-01,2.445993749909223802e-01,-6.039595977168206176e-01,5.358326788069321944e-01,7.598465375730719673e-01,8.314834800269442772e-01,1.062487182001417840e-01,-3.293675897121422502e-01,6.703562293728170252e-01,4.210591002249455261e-01,7.377942790337814749e-01,7.494683568505204896e-01,7.587051234104618125e-01,5.705368913301260836e-01,-1.818046183093798007e-02,-4.059614041647356397e-01,5.412710749522465781e-01,6.755395176826588521e-01,4.179485870442143369e-01,7.199059302057937426e-01,7.339892577745232849e-01,7.040949861480646499e-01,4.778064653350618252e-01,1.000000000000000000e+00,2.566529236842149952e-01,5.924516520614453441e-01,8.910190873700079006e-01,3.993066852036372683e-01,5.458729531128038159e-01,8.405490180210971607e-01,7.378764678594201820e-01,9.226678056101089709e-01,5.465252270981979521e-01,3.050164032601780928e-01
3.541446190891148760e-01,2.552807259627896119e-01,1.883093564284994692e-01,-4.548262738982506992e-01,5.744472179882822438e-01,5.974982454384754338e-02,1.928707889429888134e-01,-1.290119746197812556e-01,7.563063328987612577e-01,5.661030215000414367e-01,3.643018524472249609e-02,7.051362466796350092e-02,-2.168705071233703319e-01,2.863459393381865836e-01,7.653554625556791002e-02,5.993230698857439087e-01,1.403040605746062042e-01,-1.495148529531201143e-02,-1.436945994328903409e-01,1.079254139138721424e-01,3.060501605055394037e-01,1.404055165515759873e-01,3.035900760226112882e-01,3.450555220754064623e-01,2.887431332427810582e-01,5.492303176544335308e-01,4.963006697291657554e-01,7.341303263938265822e-01,2.566529236842149952e-01,1.000000000000000000e+00,3.802424830861167449e-01,4.119469256676591140e-01,2.373592671972934165e-01,2.670366609216620613e-01,3.327856185588015658e-01,3.072010983766408354e-01,3.694902093425931899e-01,6.725559477015440046e-02,2.397781801750737130e-01
7.883454362175867924e-01,7.275493291133080520e-01,8.058231382106755269e-01,1.950239115048143790e-01,7.764050160764194297e-01,6.531437011940492976e-01,4.015188068014512446e-01,-7.758050182641803572e-01,6.052524415871458618e-01,6.340763023849157465e-01,5.823292061870215530e-01,3.640744165962226386e-01,-6.719325328296408273e-01,7.907943530176002600e-01,5.526222071716404560e-01,7.227614055855752229e-01,6.900592068763755638e-01,6.065142153658016344e-01,2.980546471552406040e-01,2.656068578608542299e-02,2.342204169874012309e-01,7.522403232038971099e-01,8.333182816177191476e-01,6.539408649374349736e-01,8.288605460654733248e-01,5.732881210274477501e-01,4.653590206776303528e-01,6.594053362106384597e-01,5.924516520614453441e-01,3.802424830861167449e-01,1.000000000000000000e+00,6.184019495253547660e-01,7.690984606090998099e-01,7.543237663243451685e-01,6.646928012466019053e-01,4.663819881159717018e-01,6.395662678366207388e-01,6.666411804701286581e-01,6.433306607149983369e-01
5.075165904970857511e-01,7.454698877714418526e-01,6.158876830530554125e-01,1.628474609167742670e-01,6.660082565823980394e-01,7.383316736556239102e-01,2.243749662874339190e-01,-5.887080440412266746e-01,6.103786660266200537e-01,7.831511769867927075e-01,8.199261270385975742e-01,8.023139563622359860e-02,-3.632771127721489690e-01,6.746585183771106609e-01,4.435125799418488390e-01,7.898913471856078283e-01,7.048096774842506074e-01,6.655231336611896475e-01,4.737686241837189560e-01,-4.056349233630924395e-02,-3.429320293407416842e-01,4.945352214934213286e-01,6.477517659703064812e-01,4.152629696426496375e-01,7.087515942618743958e-01,7.799750533754694626e-01,7.950892543378347277e-01,6.094560009828787761e-01,8.910190873700079006e-01,4.119469256676591140e-01,6.184019495253547660e-01,1.000000000000000000e+00,4.111475834937032281e-01,5.420216330321017129e-01,8.411087877019385317e-01,7.321484671131577304e-01,9.175125800299219758e-01,4.495392243880388383e-01,2.991596402818860190e-01
6.911263254384256705e-01,5.579197543006282345e-01,7.934430895095636593e-01,3.582463549638648659e-01,7.256384748606666824e-01,5.753000346565492196e-01,3.029827347671680826e-01,-7.761341296206758500e-01,4.294090018881280280e-01,3.614388455587840832e-01,4.656359068436792259e-01,5.130456653587331939e-01,-5.557463325481208916e-01,8.072166586516290598e-01,6.234009875896802111e-01,4.895022454386298572e-01,6.133042260835009918e-01,4.634653022663131616e-01,1.791538373084460567e-01,-2.478389037451463744e-02,3.267499853956358224e-01,7.063176417307864829e-01,7.823407031800347911e-01,6.526915947083706815e-01,7.312445671173942729e-01,3.122634068302658772e-01,1.863264094855436870e-01,4.044190951339671214e-01,3.993066852036372683e-01,2.373592671972934165e-01,7.690984606090998099e-01,4.111475834937032281e-01,1.000000000000000000e+00,7.555809628166070269e-01,5.357685953297377512e-01,2.841085269773543920e-01,4.302106841628399736e-01,6.208076138319585935e-01,6.124129957993035278e-01
7.948775267674262901e-01,7.165854167204770420e-01,8.236516881664475154e-01,2.852336434747145821e-01,7.990031421861220062e-01,6.817589588686997493e-01,2.844131854988614649e-01,-7.917837584750760938e-01,6.333028464224583765e-01,5.541481720579775061e-01,5.973233486985595198e-01,4.885779603588677467e-01,-3.809709035473189953e-01,8.325518917302864308e-01,6.587278957568928339e-01,6.248518345277714880e-01,7.146953008384405726e-01,5.336486707719890754e-01,1.705715704031694757e-01,-3.482090671495228357e-02,1.444697245181694387e-02,6.711184059864521156e-01,8.326334434849111954e-01,6.757440104905876321e-01,8.104494072059831300e-01,4.313967436550359968e-01,3.142036938558889769e-01,4.844642629649926757e-01,5.458729531128038159e-01,2.670366609216620613e-01,7.543237663243451685e-01,5.420216330321017129e-01,7.555809628166070269e-01,1.000000000000000000e+00,5.986829741263847149e-01,4.066344327521152491e-01,5.866778410940718391e-01,7.833376287836125718e-01,7.532100463531008483e-01
6.133162281878776767e-01,7.976108849788772215e-01,6.961773831806966628e-01,3.335757130367263956e-01,6.898081652314853596e-01,7.426078714403229197e-01,2.152584169002747794e-01,-6.726929388483868788e-01,5.528693395609440842e-01,7.173723716483699775e-01,7.768322897438972863e-01,2.012527482602119722e-01,-3.931519909188879169e-01,7.301917851940158410e-01,4.809364413818655315e-01,7.604175224464511107e-01,7.599254496707456008e-01,6.968248701834227621e-01,4.855833121181992174e-01,-2.547784765125606435e-02,-2.650884479721034026e-01,6.007278539550728880e-01,7.483874245633046485e-01,5.246454723511650986e-01,7.869193155702244313e-01,6.536121858402603735e-01,6.466446057966085403e-01,5.146481586630905491e-01,8.405490180210971607e-01,3.327856185588015658e-01,6.646928012466019053e-01,8.411087877019385317e-01,5.357685953297377512e-01,5.986829741263847149e-01,1.000000000000000000e+00,7.199129673487744130e-01,8.938005619918204525e-01,5.325850743573484758e-01,3.637337351143835051e-01
4.251305735316878720e-01,6.437331810418043254e-01,4.611752727573600885e-01,2.954796521384308594e-01,4.615471369061436291e-01,5.353288193371956716e-01,1.830693515659043424e-01,-4.220780781910619672e-01,4.710417370540960769e-01,7.106225638843080006e-01,6.509909371987830928e-01,1.018296777139404835e-01,-2.501588144373747546e-01,5.044266308259277576e-01,3.484245187487058359e-01,6.989393006844892842e-01,5.639419437916451949e-01,5.886537962830019621e-01,5.360500576700838460e-01,1.466399031962011823e-01,-3.331425943132595990e-01,4.936201566805438201e-01,5.597765537238457156e-01,2.385769609612474196e-01,5.952722925703353152e-01,6.287561751941717070e-01,6.698506386910026977e-01,4.024555312883378866e-01,7.378764678594201820e-01,3.072010983766408354e-01,4.663819881159717018e-01,7.321484671131577304e-01,2.841085269773543920e-01,4.066344327521152491e-01,7.199129673487744130e-01,1.000000000000000000e+00,7.593056280777299438e-01,4.232024091490829143e-01,2.394148762651229223e-01
5.575858624406930808e-01,7.954874616707927615e-01,6.485286686905472608e-01,2.440517943464264872e-01,6.698630826827532969e-01,7.660530350491154827e-01,2.221050404350453922e-01,-6.208148000353214124e-01,6.090700581992543050e-01,7.880057687915231757e-01,8.336645943199710862e-01,1.113916594764510076e-01,-3.522282050213895732e-01,6.945334411358893290e-01,4.181634099055496212e-01,8.068806692179516515e-01,7.441820999337078746e-01,7.121780731567262102e-01,4.995156986393490262e-01,-2.259365407546749110e-02,-3.536373799260275619e-01,5.377566651160259337e-01,7.070738448090079231e-01,4.865691747242597009e-01,7.651421459822858040e-01,7.744388280477381148e-01,7.704179896688762019e-01,5.686263413821567303e-01,9.226678056101089709e-01,3.694902093425931899e-01,6.395662678366207388e-01,9.175125800299219758e-01,4.302106841628399736e-01,5.866778410940718391e-01,8.938005619918204525e-01,7.593056280777299438e-01,1.000000000000000000e+00,5.316378374771668636e-01,3.601830903756512714e-01
7.639159260275336649e-01,6.920917235928651934e-01,7.394703882344628720e-01,4.776536508618220433e-01,6.052559887391425475e-01,6.652676482737197583e-01,3.995285647063644974e-01,-7.166751167749163542e-01,5.217516186294005598e-01,4.739189823069424046e-01,5.837526360303232353e-01,3.486880072835101818e-01,-2.980811672944007618e-01,7.314154014622205047e-01,5.519380285057200464e-01,5.008699059864817338e-01,6.438779973517748667e-01,6.462166657609277332e-01,3.883041125408583372e-01,6.634586568196221279e-02,-7.217790613392778554e-02,6.760431619329405617e-01,7.785154482292984124e-01,5.615129356464476640e-01,6.908716376391403902e-01,3.736418657133294130e-01,2.581301882731914521e-01,2.709305146784524165e-01,5.465252270981979521e-01,6.725559477015440046e-02,6.666411804701286581e-01,4.495392243880388383e-01,6.208076138319585935e-01,7.833376287836125718e-01,5.325850743573484758e-01,4.232024091490829143e-01,5.316378374771668636e-01,1.000000000000000000e+00,7.589083182742725198e-01
6.994338496482819245e-01,5.022230583294531314e-01,6.257557947589573732e-01,1.970357196089037033e-01,6.173773208149694325e-01,4.491331663839465693e-01,3.632548540366832834e-01,-5.885641073782745814e-01,5.354731452102474698e-01,4.134095723086240737e-01,3.725348259969966658e-01,4.291882530077275604e-01,-2.880201764026796840e-01,6.194689993744301182e-01,5.039242443833521490e-01,4.562743153925625239e-01,4.792381028724179148e-01,3.242428231805526417e-01,-3.811224952426529172e-02,-3.082508800141610383e-03,2.238857924715462189e-01,5.304279226666805958e-01,6.364007302292848944e-01,5.412389532929831049e-01,6.103229889258044993e-01,3.019563935630065199e-01,1.920616792313690202e-01,3.636178482999611328e-01,3.050164032601780928e-01,2.397781801750737130e-01,6.433306607149983369e-01,2.991596402818860190e-01,6.124129957993035278e-01,7.532100463531008483e-01,3.637337351143835051e-01,2.394148762651229223e-01,3.601830903756512714e-01,7.589083182742725198e-01,1.000000000000000000e+00
