1.000000000000000000e+00,5.694669721994913836e-01,3.251098029471941597e-01,3.191288117306101957e-01,4.295897851839448056e-01,1.844036510742174395e-01,2.155071834064828384e-01,3.077882450625896160e-01,5.264548226893501770e-01,5.792988748455668579e-01,-2.323310416047295324e-01,-1.116192051138052282e-01,-4.528807656986844621e-01,4.914248520559605371e-01,4.677785806978729810e-01,6.388894391679970086e-01,5.107356309006264583e-01,4.112508525416963545e-01,3.522837824882873448e-01,1.724579230738304270e-01,5.804472123296538361e-02,2.464869878851329299e-01,3.201105017641558970e-01,4.634832360719414179e-01,4.155017721748073267e-01,5.347846834537196559e-01,2.487195894375410499e-01,5.657229660150981942e-01,6.401281196922915528e-01,4.486345058157465981e-01,7.608033529191139677e-02,4.170126079580245837e-01,4.706512390932476309e-01,3.195549163588745079e-01,4.191623151111174561e-01,2.814388252195723084e-01,5.481788178243404142e-01,1.577953639866910007e-01,1.364124180335989645e-01
5.694669721994913836e-01,1.000000000000000000e+00,9.643345124277556690e-02,1.361529906941670032e-01,1.444813708133438068e-01,7.266761777918772855e-03,4.552008302550739627e-01,-9.806601134526414520e-02,3.131113201028615789e-01,3.123780161976352776e-01,-5.039392058111993172e-02,-3.144345595546310657e-01,-1.533087320602056214e-01,2.542462146946541379e-01,-2.013943504379177643e-02,3.385089905858894577e-01,5.597376104193679119e-02,8.888915480394465884e-02,-8.821661441635462314e-03,3.377169144843599202e-01,5.576299885152505298e-02,-2.306372652838887746e-02,-1.282019812056791989e-02,1.553684690489280651e-01,9.716201645853349278e-02,1.240442861416657661e-01,-2.076007987559086998e-01,8.904260270079587813e-03,3.916342527957234476e-01,5.063927160153863793e-01,-1.125997672778937808e-01,5.100538277485475169e-02,6.186439855255529419e-02,3.363545797812077243e-02,3.257652972738770969e-01,3.746070123252866479e-01,1.739063072071227178e-01,-2.428508338791694754e-01,-2.872188149249068068e-01
3.251098029471941597e-01,9.643345124277556690e-02,1.000000000000000000e+00,1.815163234629630501e-02,7.946227916168484562e-01,-2.923282215825503960e-01,1.401732851141788139e-01,6.330275557118679453e-02,6.089348463624835173e-01,5.366404988742992099e-01,-2.461894967664000344e-01,1.915040908141257825e-01,-2.069540240359865890e-01,6.347063848779330719e-01,4.625007860487246880e-01,4.454003912583998637e-01,2.123525319539270040e-01,3.490436871426911836e-01,3.749716783670356546e-01,1.825424264821825238e-01,4.261592614565971049e-01,6.202124231576765512e-01,3.259816843725606428e-01,3.775741435442355187e-01,4.677991415008733722e-01,5.962294699365588979e-01,1.603247440683271963e-01,5.755536476777773913e-01,4.641925041235456795e-01,5.079429858863931946e-01,4.149604189036898982e-01,7.198792127209803493e-02,4.679784492995338052e-01,6.732058345142435396e-01,5.272913990475165680e-02,2.517544865005256205e-01,2.237376233557696326e-01,3.949329869116605107e-01,3.310718403205810678e-01
3.191288117306101957e-01,1.361529906941670032e-01,1.815163234629630501e-02,1.000000000000000000e+00,1.055785641189148361e-01,1.465544290361752988e-01,3.057944732016756872e-01,1.488736691641159571e-01,6.670754317220210783e-02,2.449265348682318488e-01,-3.694158304637683576e-01,-1.555681923172969050e-01,-2.715268175336276735e-01,2.697705710730290141e-02,1.706319699128203971e-01,1.957173591574054017e-01,1.486468912266921127e-01,3.440074393248377937e-01,3.449291672919875817e-01,6.574148297719052680e-02,-3.057046119504976400e-01,-7.757385642780328938e-02,2.133223638364497854e-01,1.428015742917411179e-01,1.369929207063359522e-01,1.658214853623039484e-02,3.564850243850990665e-03,1.476800108765505271e-01,1.105336810973441414e-01,1.376864762162605289e-02,-4.287718421203387531e-01,2.750621829454555356e-01,1.431666773593222863e-01,-1.497447127058535235e-02,-1.485254029212606033e-02,-1.620582320721400127e-01,2.495929076268224300e-01,-1.483082066601359161e-01,2.854859591573576105e-02
4.295897851839448056e-01,1.444813708133438068e-01,7.946227916168484562e-01,1.055785641189148361e-01,1.000000000000000000e+00,-1.909774616613300613e-01,1.075969235146773673e-01,1.477345155365813734e-01,6.936981482099483509e-01,6.123807239342387021e-01,-2.269087396130950174e-01,2.385622376848263726e-01,-2.493553184845986315e-01,7.095300168929146167e-01,4.825723123799269820e-01,5.541331591002320867e-01,3.097619103083772418e-01,4.186497015626776119e-01,4.773662312696773657e-01,2.020715160117312059e-01,2.884024181316031110e-01,5.011373844655647725e-01,4.585890407659372059e-01,4.489376667672444476e-01,5.747345117962838756e-01,6.172476203446020104e-01,3.016658643787130112e-01,6.263315595331128138e-01,5.059964886630992087e-01,5.089963790123416265e-01,3.750453021540156584e-01,1.765851173723109457e-01,5.220800229805139248e-01,6.836473358254956390e-01,1.210420040029318300e-01,2.537516169844256653e-01,2.737509697898323213e-01,4.501297577491931157e-01,4.391271493837774487e-01
1.844036510742174395e-01,7.266761777918772855e-03,-2.923282215825503960e-01,1.465544290361752988e-01,-1.909774616613300613e-01,1.000000000000000000e+00,-4.257329739118208972e-02,2.142740503534550089e-01,-1.088527720351347705e-01,4.731031893451899395e-02,1.913851506247191137e-01,-2.353651051010725859e-01,-3.165785005731835411e-01,4.680979572823447399e-02,1.172541340399539667e-01,2.472474564474442041e-02,5.467143645773515637e-01,1.517110929970441890e-01,1.613251858402378613e-01,-1.044523836288412805e-01,-2.081230641580075758e-01,-1.604062732892477250e-01,1.669651256698361230e-01,1.117672588000108713e-01,1.048551185309873901e-01,-1.150028593583525029e-02,1.602256043520034201e-01,1.530697780879592129e-01,2.572152372721480118e-01,-9.340536396567192257e-02,-9.118542160051640311e-02,6.510632252657192476e-01,2.789830481043499844e-01,-3.058592278561461097e-01,4.886461390726815068e-01,-6.824752230516856200e-02,5.942574225590822046e-01,-1.182102966564393814e-01,-1.865276472162492316e-01
2.155071834064828384e-01,4.552008302550739627e-01,1.401732851141788139e-01,3.057944732016756872e-01,1.075969235146773673e-01,-4.257329739118208972e-02,1.000000000000000000e+00,-6.646274353782763433e-02,5.388346482941707566e-02,2.166786077109160435e-01,1.835950532860456536e-02,-5.478612929882685778e-01,-8.257460488402269816e-02,1.153786459786621948e-01,-1.729041014146522615e-01,1.447737197633840456e-01,-1.731884310951733313e-02,-5.288962044696713521e-02,-8.445607337131766368e-02,3.310617152204429758e-01,2.175813513945415445e-01,1.350125484037483226e-01,6.784324393378188961e-03,9.097249426677836426e-02,-2.029596137195981836e-02,7.002399587513379042e-02,-2.140039265577100003e-01,-3.289272382524154742e-02,1.635496399179665883e-01,3.106071973818913534e-01,-1.256901614057151784e-01,3.539411263605185543e-02,-4.160699595888609631e-02,-1.100366896898474223e-01,2.456295176816695180e-01,-1.965495255743696882e-03,1.338769041551246264e-01,-3.601597498641898043e-01,-3.639534904447875863e-01
3.077882450625896160e-01,-9.806601134526414520e-02,6.330275557118679453e-02,1.488736691641159571e-01,1.477345155365813734e-01,2.142740503534550089e-01,-6.646274353782763433e-02,1.000000000000000000e+00,2.582283414729406590e-01,1.643760564496864196e-01,-1.669859793674498272e-02,2.543412847915548225e-01,-2.876356645151571523e-01,1.672060673587176527e-01,4.197660304164304579e-01,2.895370375388184314e-01,3.174477340050593233e-01,3.413157310553517898e-01,2.741797976869930209e-01,1.719120244986720170e-01,1.958516364333404980e-01,3.640436148903613556e-01,2.137550515298277387e-01,3.256060852910330761e-01,2.128681483599786650e-01,3.116722683405800387e-01,3.857752099740250351e-01,4.615448767407493991e-01,2.518110228549279572e-01,4.538653651500367675e-02,1.676440113822492417e-01,3.421690841028091068e-01,5.392846921440903607e-01,3.070148783180540186e-01,2.148703286496633502e-01,1.280645628306184558e-01,2.989668205975843929e-01,3.376009182348878035e-01,2.924114430710730295e-01
5.264548226893501770e-01,3.131113201028615789e-01,6.089348463624835173e-01,6.670754317220210783e-02,6.936981482099483509e-01,-1.088527720351347705e-01,5.388346482941707566e-02,2.582283414729406590e-01,1.000000000000000000e+00,6.799286404355027180e-01,-1.603644676107822131e-01,3.803782698311731769e-01,-3.115469020264821642e-01,6.955801147604016021e-01,5.336687343434450836e-01,6.585067409901137481e-01,3.737414325438806473e-01,6.013658987175916071e-01,6.052714973932078468e-01,3.031688087661699726e-01,2.488524693670067789e-01,4.048677469243582294e-01,4.721164807199836333e-01,5.498097661493511756e-01,6.317114908014982433e-01,6.346035696911449531e-01,3.095996258798837109e-01,6.303849700973623849e-01,6.035779505794781619e-01,6.393841947720967367e-01,4.234480153275673731e-01,2.704019403440789948e-01,6.040641313613228647e-01,6.862202894561976185e-01,1.912392507497492622e-01,4.097740854611749972e-01,3.440460021862495332e-01,5.304003136581411093e-01,5.132422851770447325e-01
5.792988748455668579e-01,3.123780161976352776e-01,5.366404988742992099e-01,2.449265348682318488e-01,6.123807239342387021e-01,4.731031893451899395e-02,2.166786077109160435e-01,1.643760564496864196e-01,6.799286404355027180e-01,1.000000000000000000e+00,-2.208899172410260792e-01,6.105501321359997624e-02,-4.573629367831948955e-01,7.031860309325891345e-01,4.078296121692369658e-01,7.641427165230439966e-01,5.088789577371632955e-01,4.856549804880629928e-01,5.718243606894871656e-01,2.290547111240428257e-01,1.952338226146340117e-01,3.527417912555010360e-01,5.542796569592188805e-01,6.109370057559048162e-01,6.785010336702533840e-01,5.593714087392309686e-01,3.183636620382523930e-01,5.967589110447987233e-01,5.565260310573014735e-01,5.015554486503565057e-01,3.609373116609920218e-01,4.130648219673745403e-01,5.222641557561297221e-01,4.238677811027107278e-01,2.970063367278274469e-01,3.190621658594999244e-01,5.187903542306729898e-01,2.938139401326249067e-01,4.338049918433312113e-01
-2.323310416047295324e-01,-5.039392058111993172e-02,-2.461894967664000344e-01,-3.694158304637683576e-01,-2.269087396130950174e-01,1.913851506247191137e-01,1.835950532860456536e-02,-1.669859793674498272e-02,-1.603644676107822131e-01,-2.208899172410260792e-01,1.000000000000000000e+00,6.345874908123284863e-02,2.254681396270845350e-01,-6.479802256957795104e-02,-3.058718159586378826e-01,-1.767207398856319722e-01,4.165714160137611727e-02,-1.983973090112588211e-01,-2.987586482729877035e-01,8.874606213247450415e-02,3.209655273700028344e-01,7.450534069737295428e-02,-1.809028204319799993e-01,-1.343361287922657278e-02,-2.438331321240254090e-01,-3.782845913213852412e-02,2.849527731649210693e-01,-1.739283009597288876e-01,6.359600662698804141e-02,-4.821736066182475550e-02,3.339071253443399723e-01,1.893594002886015426e-01,-6.549521586658080263e-02,-2.704206636794779239e-01,3.705543028771461356e-01,7.687212512177041268e-02,-5.604065510625961394e-02,-4.255023532965983984e-02,-1.773819252682461711e-01
-1.116192051138052282e-01,-3.144345595546310657e-01,1.915040908141257825e-01,-1.555681923172969050e-01,2.385622376848263726e-01,-2.353651051010725859e-01,-5.478612929882685778e-01,2.543412847915548225e-01,3.803782698311731769e-01,6.105501321359997624e-02,6.345874908123284863e-02,1.000000000000000000e+00,1.391576560078533198e-01,1.702136590201253907e-01,4.047839587181543686e-01,1.135920230147653281e-01,-4.052456708171642275e-03,4.246208387364458492e-01,3.645396939601636133e-01,-6.093225386438708147e-03,6.158584386725135529e-02,2.065321357971896532e-01,1.497749841587525943e-01,8.676642113430590997e-02,2.054711949194922282e-01,2.282091025605429147e-01,4.154190231873258754e-01,2.449549907287114359e-01,7.302569178802849337e-02,-1.143928258330212389e-02,3.185413594555313588e-01,6.103633581663771637e-03,3.013824836014322717e-01,5.315205649865845094e-01,-2.629631397931121994e-01,1.865615182406100969e-01,-1.377719465377652830e-01,6.255312923626312749e-01,6.257619045218134612e-01
-4.528807656986844621e-01,-1.533087320602056214e-01,-2.069540240359865890e-01,-2.715268175336276735e-01,-2.493553184845986315e-01,-3.165785005731835411e-01,-8.257460488402269816e-02,-2.876356645151571523e-01,-3.115469020264821642e-01,-4.573629367831948955e-01,2.254681396270845350e-01,1.391576560078533198e-01,1.000000000000000000e+00,-3.178792318239541115e-01,-3.610617312490030928e-01,-3.715501548834413970e-01,-4.841237191158059838e-01,-3.397400189628700939e-01,-3.891546616352439814e-01,-1.423705830977258224e-01,-1.706018231363577442e-01,-2.266479005643638189e-01,-3.138884194869302480e-01,-5.225883646233229207e-01,-3.179686002486112884e-01,-3.594448080923703936e-01,-2.250285175452166053e-01,-5.137876907181652131e-01,-4.360762413419591033e-01,-1.977024053410620930e-01,-1.789798631568589593e-01,-4.579677534183561605e-01,-3.963323426922075177e-01,-9.707187903730628287e-02,-3.828901472162588027e-01,3.536511867633931883e-02,-5.457399435696882461e-01,-1.582966588325163959e-01,-1.701183972803442523e-01
4.914248520559605371e-01,2.542462146946541379e-01,6.347063848779330719e-01,2.697705710730290141e-02,7.095300168929146167e-01,4.680979572823447399e-02,1.153786459786621948e-01,1.672060673587176527e-01,6.955801147604016021e-01,7.031860309325891345e-01,-6.479802256957795104e-02,1.702136590201253907e-01,-3.178792318239541115e-01,1.000000000000000000e+00,4.265303828940960607e-01,6.364721425352578565e-01,4.985864970304966226e-01,4.830131088118939098e-01,5.116830754134001902e-01,2.285838821047041503e-01,3.158833730375968374e-01,4.373028688098101746e-01,4.857767162691595253e-01,6.245534775172802977e-01,6.298435259651302687e-01,6.539752987311640009e-01,3.289909820862941259e-01,6.485574961627025292e-01,6.856945967154796095e-01,5.759397787436063565e-01,4.719204677837460782e-01,3.996718999959192331e-01,6.136556799310296517e-01,5.251705174148323385e-01,3.858360785931460590e-01,4.167302602622719454e-01,5.080557721072537225e-01,4.139099071180963318e-01,3.311551445438564723e-01
4.677785806978729810e-01,-2.013943504379177643e-02,4.625007860487246880e-01,1.706319699128203971e-01,4.825723123799269820e-01,1.172541340399539667e-01,-1.729041014146522615e-01,4.197660304164304579e-01,5.336687343434450836e-01,4.078296121692369658e-01,-3.058718159586378826e-01,4.047839587181543686e-01,-3.610617312490030928e-01,4.265303828940960607e-01,1.000000000000000000e+00,4.357307305341421300e-01,4.860181793115408988e-01,7.084521034051814992e-01,6.047221086403312684e-01,3.880860810568470542e-02,4.371421424144438656e-02,3.681529465147568292e-01,3.539921712455029734e-01,2.886990453158255199e-01,3.964487173207188464e-01,6.567486013028558389e-01,3.920561409826180954e-01,7.219127169009575962e-01,5.612412708805911699e-01,1.923572554566124193e-01,1.997402989226475800e-01,3.487326558259002951e-01,6.668377103068390266e-01,5.943333609865477651e-01,8.328937473082843879e-02,1.865843474441885863e-01,4.291467567440232500e-01,6.474211101089145659e-01,4.085898177793725328e-01
6.388894391679970086e-01,3.385089905858894577e-01,4.454003912583998637e-01,1.957173591574054017e-01,5.541331591002320867e-01,2.472474564474442041e-02,1.447737197633840456e-01,2.895370375388184314e-01,6.585067409901137481e-01,7.641427165230439966e-01,-1.767207398856319722e-01,1.135920230147653281e-01,-3.715501548834413970e-01,6.364721425352578565e-01,4.357307305341421300e-01,1.000000000000000000e+00,4.378911635240742006e-01,4.843589246905639079e-01,5.101835584377106825e-01,1.227404080628618499e-01,1.779609788579528673e-01,3.656195190514005544e-01,5.286198295284362247e-01,5.566718504864462957e-01,5.594532761887622829e-01,6.170568654878342274e-01,3.178243706397455570e-01,5.928073581006658710e-01,5.204233488829244081e-01,4.730311649720667644e-01,3.267708966117216507e-01,3.146523551487542258e-01,4.609778811935934528e-01,4.250536229055452142e-01,2.549435257724364523e-01,3.629890270920441697e-01,3.793341260862623243e-01,3.618895607313254992e-01,3.405813476402059226e-01
5.107356309006264583e-01,5.597376104193679119e-02,2.123525319539270040e-01,1.486468912266921127e-01,3.097619103083772418e-01,5.467143645773515637e-01,-1.731884310951733313e-02,3.174477340050593233e-01,3.737414325438806473e-01,5.088789577371632955e-01,4.165714160137611727e-02,-4.052456708171642275e-03,-4.841237191158059838e-01,4.985864970304966226e-01,4.860181793115408988e-01,4.378911635240742006e-01,1.000000000000000000e+00,4.258910899284971685e-01,4.171180431913961151e-01,2.296002128047898092e-02,7.872505397819068440e-02,2.464071032161145591e-01,4.455388119553858051e-01,5.413708618422343744e-01,5.599728495057920696e-01,5.424484546239989324e-01,4.278663726368768239e-01,6.139398949947927342e-01,6.630986332639310366e-01,2.547384277777334782e-01,2.400676357508638725e-01,7.307091417068098949e-01,6.147439203038886912e-01,1.758566852423883442e-01,5.051556696672003799e-01,1.255580131531063570e-01,7.386077055219654186e-01,3.488740908724705658e-01,2.455914845300342930e-01
4.112508525416963545e-01,8.888915480394465884e-02,3.490436871426911836e-01,3.440074393248377937e-01,4.186497015626776119e-01,1.517110929970441890e-01,-5.288962044696713521e-02,3.413157310553517898e-01,6.013658987175916071e-01,4.856549804880629928e-01,-1.983973090112588211e-01,4.246208387364458492e-01,-3.397400189628700939e-01,4.830131088118939098e-01,7.084521034051814992e-01,4.843589246905639079e-01,4.258910899284971685e-01,1.000000000000000000e+00,7.548945264694285617e-01,1.257778412129705869e-01,-7.085021557977223827e-02,2.151689126988623191e-01,4.047538441125389519e-01,4.028011272036327028e-01,3.976060479060093966e-01,5.331184175950494097e-01,3.258358998291214781e-01,6.146581350055889681e-01,5.558819474373893899e-01,3.016100877633479116e-01,1.306519674058800873e-01,4.219993162078126137e-01,6.397177974861075755e-01,4.708368710073348451e-01,1.139365680572121120e-01,2.128195078237244686e-01,4.469438827088739741e-01,5.613653176510193799e-01,4.032794783154214358e-01
3.522837824882873448e-01,-8.821661441635462314e-03,3.749716783670356546e-01,3.449291672919875817e-01,4.773662312696773657e-01,1.613251858402378613e-01,-8.445607337131766368e-02,2.741797976869930209e-01,6.052714973932078468e-01,5.718243606894871656e-01,-2.987586482729877035e-01,3.645396939601636133e-01,-3.891546616352439814e-01,5.116830754134001902e-01,6.047221086403312684e-01,5.101835584377106825e-01,4.171180431913961151e-01,7.548945264694285617e-01,1.000000000000000000e+00,1.195544149940513667e-01,-9.337062937753828895e-02,1.773625327338128888e-01,4.560535136891032404e-01,4.496227713339908116e-01,5.083257920302550747e-01,4.340326869863746495e-01,2.996557963768700650e-01,5.771968937320268722e-01,4.600087451208710876e-01,2.870109473732546101e-01,1.739546832597546056e-01,4.142012532834672411e-01,6.420231186271160295e-01,4.834014746308343269e-01,1.043896659734350058e-01,1.282754400255010085e-01,4.570028789704282945e-01,4.581108645557182557e-01,5.187203661945349875e-01
1.724579230738304270e-01,3.377169144843599202e-01,1.825424264821825238e-01,6.574148297719052680e-02,2.020715160117312059e-01,-1.044523836288412805e-01,3.310617152204429758e-01,1.719120244986720170e-01,3.031688087661699726e-01,2.290547111240428257e-01,8.874606213247450415e-02,-6.093225386438708147e-03,-1.423705830977258224e-01,2.285838821047041503e-01,3.880860810568470542e-02,1.227404080628618499e-01,2.296002128047898092e-02,1.257778412129705869e-01,1.195544149940513667e-01,1.000000000000000000e+00,3.010062100081090652e-01,1.524177945510520327e-01,1.237936127730797919e-01,2.466394957195041648e-01,2.355208703654128877e-01,7.289987487547737455e-02,-3.346020254621497395e-03,1.059353297706326774e-01,2.490328009189231029e-01,3.690986343480613940e-01,4.502565576023109806e-02,2.438321247660752908e-02,2.301933853487312387e-01,2.217377980526079040e-01,1.491341072408509660e-01,1.922302483412683949e-01,6.156852843269434994e-02,2.024624598607593223e-02,1.177730636993906121e-01
5.804472123296538361e-02,5.576299885152505298e-02,4.261592614565971049e-01,-3.057046119504976400e-01,2.884024181316031110e-01,-2.081230641580075758e-01,2.175813513945415445e-01,1.958516364333404980e-01,2.488524693670067789e-01,1.952338226146340117e-01,3.209655273700028344e-01,6.158584386725135529e-02,-1.706018231363577442e-01,3.158833730375968374e-01,4.371421424144438656e-02,1.779609788579528673e-01,7.872505397819068440e-02,-7.085021557977223827e-02,-9.337062937753828895e-02,3.010062100081090652e-01,1.000000000000000000e+00,7.172739668581581407e-01,-6.390727003126381311e-02,3.038589311920670832e-01,3.377123638735222977e-02,4.087929345709514495e-01,2.174686184355243135e-01,2.743300339369580954e-01,3.032807148881916381e-01,3.221934952106932926e-01,5.721006461659182696e-01,1.685202026573976233e-02,2.188940168048054413e-01,1.954926514440979146e-01,3.537954168443500080e-01,2.656464498736800794e-01,5.366467407536817946e-02,1.548157008435568638e-01,4.715979227474985380e-02
2.464869878851329299e-01,-2.306372652838887746e-02,6.202124231576765512e-01,-7.757385642780328938e-02,5.011373844655647725e-01,-1.604062732892477250e-01,1.350125484037483226e-01,3.640436148903613556e-01,4.048677469243582294e-01,3.527417912555010360e-01,7.450534069737295428e-02,2.065321357971896532e-01,-2.266479005643638189e-01,4.373028688098101746e-01,3.681529465147568292e-01,3.656195190514005544e-01,2.464071032161145591e-01,2.151689126988623191e-01,1.773625327338128888e-01,1.524177945510520327e-01,7.172739668581581407e-01,1.000000000000000000e+00,1.155864477294477333e-01,3.850975751161115346e-01,1.925723218213095111e-01,6.093451505294601445e-01,3.910115380817975606e-01,5.509445496195893854e-01,4.117713247863035164e-01,2.814846787170420805e-01,5.944280612903489747e-01,1.924952744425793838e-01,4.483394632424457238e-01,4.471652735310202020e-01,2.459622133773331221e-01,2.264916338619797631e-01,2.439977843896973531e-01,3.682671530101491730e-01,2.408193039471830665e-01
3.201105017641558970e-01,-1.282019812056791989e-02,3.259816843725606428e-01,2.133223638364497854e-01,4.585890407659372059e-01,1.669651256698361230e-01,6.784324393378188961e-03,2.137550515298277387e-01,4.721164807199836333e-01,5.542796569592188805e-01,-1.809028204319799993e-01,1.497749841587525943e-01,-3.138884194869302480e-01,4.857767162691595253e-01,3.539921712455029734e-01,5.286198295284362247e-01,4.455388119553858051e-01,4.047538441125389519e-01,4.560535136891032404e-01,1.237936127730797919e-01,-6.390727003126381311e-02,1.155864477294477333e-01,1.000000000000000000e+00,4.476551902880891443e-01,7.172188540802217904e-01,3.660925135580647694e-01,2.395643769374800891e-01,4.584463266774929102e-01,2.645960614526317034e-01,3.354421377114293334e-01,1.408990310864137729e-01,4.057888205281590110e-01,3.502784084653243202e-01,3.621121001329241085e-01,1.079073584866552110e-01,9.485991776075150539e-02,3.847860857690001968e-01,3.218521389383938169e-01,4.037822820779624622e-01
4.634832360719414179e-01,1.553684690489280651e-01,3.775741435442355187e-01,1.428015742917411179e-01,4.489376667672444476e-01,1.117672588000108713e-01,9.097249426677836426e-02,3.256060852910330761e-01,5.498097661493511756e-01,6.109370057559048162e-01,-1.343361287922657278e-02,8.676642113430590997e-02,-5.225883646233229207e-01,6.245534775172802977e-01,2.886990453158255199e-01,5.566718504864462957e-01,5.413708618422343744e-01,4.028011272036327028e-01,4.496227713339908116e-01,2.466394957195041648e-01,3.038589311920670832e-01,3.850975751161115346e-01,4.476551902880891443e-01,1.000000000000000000e+00,5.812328187868824880e-01,4.918908776607192057e-01,3.164637062624162667e-01,5.457205061887204778e-01,5.492566024966102356e-01,4.350910832769402936e-01,3.658177349692052216e-01,4.894707799418392402e-01,5.049662181283683937e-01,2.333611436015266827e-01,4.700679434135351387e-01,2.562166612988993619e-01,5.467323957363631193e-01,2.500502953835075926e-01,3.564306142385827991e-01
4.155017721748073267e-01,9.716201645853349278e-02,4.677991415008733722e-01,1.369929207063359522e-01,5.747345117962838756e-01,1.048551185309873901e-01,-2.029596137195981836e-02,2.128681483599786650e-01,6.317114908014982433e-01,6.785010336702533840e-01,-2.438331321240254090e-01,2.054711949194922282e-01,-3.179686002486112884e-01,6.298435259651302687e-01,3.964487173207188464e-01,5.594532761887622829e-01,5.599728495057920696e-01,3.976060479060093966e-01,5.083257920302550747e-01,2.355208703654128877e-01,3.377123638735222977e-02,1.925723218213095111e-01,7.172188540802217904e-01,5.812328187868824880e-01,1.000000000000000000e+00,4.510887988329936871e-01,2.292670743132704803e-01,5.407640548793226642e-01,4.352057381690597748e-01,4.374554115866871040e-01,2.453604409920088214e-01,3.711140201907171532e-01,5.162923775696416362e-01,5.093440412300653808e-01,1.417832147626057471e-01,2.238799325220563741e-01,4.524601909119485565e-01,3.780693776310340426e-01,5.372710173245444087e-01
5.347846834537196559e-01,1.240442861416657661e-01,5.962294699365588979e-01,1.658214853623039484e-02,6.172476203446020104e-01,-1.150028593583525029e-02,7.002399587513379042e-02,3.116722683405800387e-01,6.346035696911449531e-01,5.593714087392309686e-01,-3.782845913213852412e-02,2.282091025605429147e-01,-3.594448080923703936e-01,6.539752987311640009e-01,6.567486013028558389e-01,6.170568654878342274e-01,5.424484546239989324e-01,5.331184175950494097e-01,4.340326869863746495e-01,7.289987487547737455e-02,4.087929345709514495e-01,6.093451505294601445e-01,3.660925135580647694e-01,4.918908776607192057e-01,4.510887988329936871e-01,1.000000000000000000e+00,4.685285400122205512e-01,7.706477147518938642e-01,7.198285926809914193e-01,4.467304627553425056e-01,5.138182944103342198e-01,3.688561695192401624e-01,6.032842329567855710e-01,5.334816822005693515e-01,3.139719016577952604e-01,3.020601061368252127e-01,4.460488960120793100e-01,6.462770976936486056e-01,3.282612712231022245e-01
2.487195894375410499e-01,-2.076007987559086998e-01,1.603247440683271963e-01,3.564850243850990665e-03,3.016658643787130112e-01,1.602256043520034201e-01,-2.140039265577100003e-01,3.857752099740250351e-01,3.095996258798837109e-01,3.183636620382523930e-01,2.849527731649210693e-01,4.154190231873258754e-01,-2.250285175452166053e-01,3.289909820862941259e-01,3.920561409826180954e-01,3.178243706397455570e-01,4.278663726368768239e-01,3.258358998291214781e-01,2.996557963768700650e-01,-3.346020254621497395e-03,2.174686184355243135e-01,3.910115380817975606e-01,2.395643769374800891e-01,3.164637062624162667e-01,2.292670743132704803e-01,4.685285400122205512e-01,1.000000000000000000e+00,4.763688291669828656e-01,3.445839088421912555e-01,-5.465279458019408482e-02,4.888118048818555494e-01,5.184762178997293081e-01,4.307766060485181958e-01,2.788670634324852404e-01,2.886260119125603762e-01,1.092657088563738360e-01,2.854576163122818366e-01,5.176341015191848749e-01,4.941754038492879864e-01
5.657229660150981942e-01,8.904260270079587813e-03,5.755536476777773913e-01,1.476800108765505271e-01,6.263315595331128138e-01,1.530697780879592129e-01,-3.289272382524154742e-02,4.615448767407493991e-01,6.303849700973623849e-01,5.967589110447987233e-01,-1.739283009597288876e-01,2.449549907287114359e-01,-5.137876907181652131e-01,6.485574961627025292e-01,7.219127169009575962e-01,5.928073581006658710e-01,6.139398949947927342e-01,6.146581350055889681e-01,5.771968937320268722e-01,1.059353297706326774e-01,2.743300339369580954e-01,5.509445496195893854e-01,4.584463266774929102e-01,5.457205061887204778e-01,5.407640548793226642e-01,7.706477147518938642e-01,4.763688291669828656e-01,1.000000000000000000e+00,6.600538494540209022e-01,3.345016666146070627e-01,4.701692420444522624e-01,4.984416994580737059e-01,7.500781753075531633e-01,5.889790159909743528e-01,3.203731570195177958e-01,1.473830696036903809e-01,6.238217182567419306e-01,6.048598165742036237e-01,4.556944485767381869e-01
6.401281196922915528e-01,3.916342527957234476e-01,4.641925041235456795e-01,1.105336810973441414e-01,5.059964886630992087e-01,2.572152372721480118e-01,1.635496399179665883e-01,2.518110228549279572e-01,6.035779505794781619e-01,5.565260310573014735e-01,6.359600662698804141e-02,7.302569178802849337e-02,-4.360762413419591033e-01,6.856945967154796095e-01,5.612412708805911699e-01,5.204233488829244081e-01,6.630986332639310366e-01,5.558819474373893899e-01,4.600087451208710876e-01,2.490328009189231029e-01,3.032807148881916381e-01,4.117713247863035164e-01,2.645960614526317034e-01,5.492566024966102356e-01,4.352057381690597748e-01,7.198285926809914193e-01,3.445839088421912555e-01,6.600538494540209022e-01,1.000000000000000000e+00,5.588787683557471242e-01,3.420792782969137025e-01,5.559950242864639680e-01,6.842169737808031504e-01,3.709028216617926144e-01,5.481685799806869097e-01,3.723023887763315942e-01,6.375700370927772642e-01,3.679378800370111113e-01,1.246593528742051538e-01
4.486345058157465981e-01,5.063927160153863793e-01,5.079429858863931946e-01,1.376864762162605289e-02,5.089963790123416265e-01,-9.340536396567192257e-02,3.106071973818913534e-01,4.538653651500367675e-02,6.393841947720967367e-01,5.015554486503565057e-01,-4.821736066182475550e-02,-1.143928258330212389e-02,-1.977024053410620930e-01,5.759397787436063565e-01,1.923572554566124193e-01,4.730311649720667644e-01,2.547384277777334782e-01,3.016100877633479116e-01,2.870109473732546101e-01,3.690986343480613940e-01,3.221934952106932926e-01,2.814846787170420805e-01,3.354421377114293334e-01,4.350910832769402936e-01,4.374554115866871040e-01,4.467304627553425056e-01,-5.465279458019408482e-02,3.345016666146070627e-01,5.588787683557471242e-01,1.000000000000000000e+00,2.267952165656570152e-01,1.568157308749957846e-01,3.528381995238755175e-01,3.826633445467077510e-01,2.958733925780523411e-01,3.892429763800144271e-01,2.605485241293188370e-01,1.428487662637978883e-01,8.129622056653042217e-02
7.608033529191139677e-02,-1.125997672778937808e-01,4.149604189036898982e-01,-4.287718421203387531e-01,3.750453021540156584e-01,-9.118542160051640311e-02,-1.256901614057151784e-01,1.676440113822492417e-01,4.234480153275673731e-01,3.609373116609920218e-01,3.339071253443399723e-01,3.185413594555313588e-01,-1.789798631568589593e-01,4.719204677837460782e-01,1.997402989226475800e-01,3.267708966117216507e-01,2.400676357508638725e-01,1.306519674058800873e-01,1.739546832597546056e-01,4.502565576023109806e-02,5.721006461659182696e-01,5.944280612903489747e-01,1.408990310864137729e-01,3.658177349692052216e-01,2.453604409920088214e-01,5.138182944103342198e-01,4.888118048818555494e-01,4.701692420444522624e-01,3.420792782969137025e-01,2.267952165656570152e-01,1.000000000000000000e+00,1.943704977244087584e-01,3.923730654190589195e-01,3.757939389760591165e-01,2.801640895921616581e-01,2.558582138068780654e-01,2.106550119145724209e-01,4.685920024970340880e-01,3.485206106134388082e-01
4.170126079580245837e-01,5.100538277485475169e-02,7.198792127209803493e-02,2.750621829454555356e-01,1.765851173723109457e-01,6.510632252657192476e-01,3.539411263605185543e-02,3.421690841028091068e-01,2.704019403440789948e-01,4.130648219673745403e-01,1.893594002886015426e-01,6.103633581663771637e-03,-4.579677534183561605e-01,3.996718999959192331e-01,3.487326558259002951e-01,3.146523551487542258e-01,7.307091417068098949e-01,4.219993162078126137e-01,4.142012532834672411e-01,2.438321247660752908e-02,1.685202026573976233e-02,1.924952744425793838e-01,4.057888205281590110e-01,4.894707799418392402e-01,3.711140201907171532e-01,3.688561695192401624e-01,5.184762178997293081e-01,4.984416994580737059e-01,5.559950242864639680e-01,1.568157308749957846e-01,1.943704977244087584e-01,1.000000000000000000e+00,5.318700469614540127e-01,2.276663792505411246e-02,5.667993314959559603e-01,6.953342319377926739e-02,7.648344332307794868e-01,1.697399191158852905e-01,1.554059806176322500e-01
4.706512390932476309e-01,6.186439855255529419e-02,4.679784492995338052e-01,1.431666773593222863e-01,5.220800229805139248e-01,2.789830481043499844e-01,-4.160699595888609631e-02,5.392846921440903607e-01,6.040641313613228647e-01,5.222641557561297221e-01,-6.549521586658080263e-02,3.013824836014322717e-01,-3.963323426922075177e-01,6.136556799310296517e-01,6.668377103068390266e-01,4.609778811935934528e-01,6.147439203038886912e-01,6.397177974861075755e-01,6.420231186271160295e-01,2.301933853487312387e-01,2.188940168048054413e-01,4.483394632424457238e-01,3.502784084653243202e-01,5.049662181283683937e-01,5.162923775696416362e-01,6.032842329567855710e-01,4.307766060485181958e-01,7.500781753075531633e-01,6.842169737808031504e-01,3.528381995238755175e-01,3.923730654190589195e-01,5.318700469614540127e-01,1.000000000000000000e+00,5.619534480371899399e-01,4.135468413034132928e-01,2.976608451636899022e-01,6.092646468082237865e-01,5.049571244124159142e-01,3.868495316961897967e-01
3.195549163588745079e-01,3.363545797812077243e-02,6.732058345142435396e-01,-1.497447127058535235e-02,6.836473358254956390e-01,-3.058592278561461097e-01,-1.100366896898474223e-01,3.070148783180540186e-01,6.862202894561976185e-01,4.238677811027107278e-01,-2.704206636794779239e-01,5.315205649865845094e-01,-9.707187903730628287e-02,5.251705174148323385e-01,5.943333609865477651e-01,4.250536229055452142e-01,1.758566852423883442e-01,4.708368710073348451e-01,4.834014746308343269e-01,2.217377980526079040e-01,1.954926514440979146e-01,4.471652735310202020e-01,3.621121001329241085e-01,2.333611436015266827e-01,5.093440412300653808e-01,5.334816822005693515e-01,2.788670634324852404e-01,5.889790159909743528e-01,3.709028216617926144e-01,3.826633445467077510e-01,3.757939389760591165e-01,2.276663792505411246e-02,5.619534480371899399e-01,1.000000000000000000e+00,-1.413887782376543334e-01,2.458923464022191308e-01,1.118252058045400149e-01,6.105896503097923977e-01,5.585765781403354557e-01
4.191623151111174561e-01,3.257652972738770969e-01,5.272913990475165680e-02,-1.485254029212606033e-02,1.210420040029318300e-01,4.886461390726815068e-01,2.456295176816695180e-01,2.148703286496633502e-01,1.912392507497492622e-01,2.970063367278274469e-01,3.705543028771461356e-01,-2.629631397931121994e-01,-3.828901472162588027e-01,3.858360785931460590e-01,8.328937473082843879e-02,2.549435257724364523e-01,5.051556696672003799e-01,1.139365680572121120e-01,1.043896659734350058e-01,1.491341072408509660e-01,3.537954168443500080e-01,2.459622133773331221e-01,1.079073584866552110e-01,4.700679434135351387e-01,1.417832147626057471e-01,3.139719016577952604e-01,2.886260119125603762e-01,3.203731570195177958e-01,5.481685799806869097e-01,2.958733925780523411e-01,2.801640895921616581e-01,5.667993314959559603e-01,4.135468413034132928e-01,-1.413887782376543334e-01,1.000000000000000000e+00,2.631828092219113402e-01,5.871679880935976037e-01,-7.673540332766801142e-02,-1.602972936495366818e-01
2.814388252195723084e-01,3.746070123252866479e-01,2.517544865005256205e-01,-1.620582320721400127e-01,2.537516169844256653e-01,-6.824752230516856200e-02,-1.965495255743696882e-03,1.280645628306184558e-01,4.097740854611749972e-01,3.190621658594999244e-01,7.687212512177041268e-02,1.865615182406100969e-01,3.536511867633931883e-02,4.167302602622719454e-01,1.865843474441885863e-01,3.629890270920441697e-01,1.255580131531063570e-01,2.128195078237244686e-01,1.282754400255010085e-01,1.922302483412683949e-01,2.656464498736800794e-01,2.264916338619797631e-01,9.485991776075150539e-02,2.562166612988993619e-01,2.238799325220563741e-01,3.020601061368252127e-01,1.092657088563738360e-01,1.473830696036903809e-01,3.723023887763315942e-01,3.892429763800144271e-01,2.558582138068780654e-01,6.953342319377926739e-02,2.976608451636899022e-01,2.458923464022191308e-01,2.631828092219113402e-01,1.000000000000000000e+00,1.079544790191859088e-01,2.054642612664605572e-01,5.951154908662972115e-02
5.481788178243404142e-01,1.739063072071227178e-01,2.237376233557696326e-01,2.495929076268224300e-01,2.737509697898323213e-01,5.942574225590822046e-01,1.338769041551246264e-01,2.989668205975843929e-01,3.440460021862495332e-01,5.187903542306729898e-01,-5.604065510625961394e-02,-1.377719465377652830e-01,-5.457399435696882461e-01,5.080557721072537225e-01,4.291467567440232500e-01,3.793341260862623243e-01,7.386077055219654186e-01,4.469438827088739741e-01,4.570028789704282945e-01,6.156852843269434994e-02,5.366467407536817946e-02,2.439977843896973531e-01,3.847860857690001968e-01,5.467323957363631193e-01,4.524601909119485565e-01,4.460488960120793100e-01,2.854576163122818366e-01,6.238217182567419306e-01,6.375700370927772642e-01,2.605485241293188370e-01,2.106550119145724209e-01,7.648344332307794868e-01,6.092646468082237865e-01,1.118252058045400149e-01,5.871679880935976037e-01,1.079544790191859088e-01,1.000000000000000000e+00,1.400466312377973421e-01,1.297181790777469645e-01
1.577953639866910007e-01,-2.428508338791694754e-01,3.949329869116605107e-01,-1.483082066601359161e-01,4.501297577491931157e-01,-1.182102966564393814e-01,-3.601597498641898043e-01,3.376009182348878035e-01,5.304003136581411093e-01,2.938139401326249067e-01,-4.255023532965983984e-02,6.255312923626312749e-01,-1.582966588325163959e-01,4.139099071180963318e-01,6.474211101089145659e-01,3.618895607313254992e-01,3.488740908724705658e-01,5.613653176510193799e-01,4.581108645557182557e-01,2.024624598607593223e-02,1.548157008435568638e-01,3.682671530101491730e-01,3.218521389383938169e-01,2.500502953835075926e-01,3.780693776310340426e-01,6.462770976936486056e-01,5.176341015191848749e-01,6.048598165742036237e-01,3.679378800370111113e-01,1.428487662637978883e-01,4.685920024970340880e-01,1.697399191158852905e-01,5.049571244124159142e-01,6.105896503097923977e-01,-7.673540332766801142e-02,2.054642612664605572e-01,1.400466312377973421e-01,1.000000000000000000e+00,6.085870179435936000e-01
1.364124180335989645e-01,-2.872188149249068068e-01,3.310718403205810678e-01,2.854859591573576105e-02,4.391271493837774487e-01,-1.865276472162492316e-01,-3.639534904447875863e-01,2.924114430710730295e-01,5.132422851770447325e-01,4.338049918433312113e-01,-1.773819252682461711e-01,6.257619045218134612e-01,-1.701183972803442523e-01,3.311551445438564723e-01,4.085898177793725328e-01,3.405813476402059226e-01,2.455914845300342930e-01,4.032794783154214358e-01,5.187203661945349875e-01,1.177730636993906121e-01,4.715979227474985380e-02,2.408193039471830665e-01,4.037822820779624622e-01,3.564306142385827991e-01,5.372710173245444087e-01,3.282612712231022245e-01,4.941754038492879864e-01,4.556944485767381869e-01,1.246593528742051538e-01,8.129622056653042217e-02,3.485206106134388082e-01,1.554059806176322500e-01,3.868495316961897967e-01,5.585765781403354557e-01,-1.602972936495366818e-01,5.951154908662972115e-02,1.297181790777469645e-01,6.085870179435936000e-01,1.000000000000000000e+00
