1.000000000000000000e+00,6.670164388736931071e-01,3.443604348586858377e-01,3.045227025302466028e-01,4.509796167183486304e-01,-8.667103043388950379e-02,1.236162185263524893e-01,-3.877896945313581423e-01,5.800257144841087786e-01,7.525504003043542722e-01,3.491477863637958978e-01,9.913758633113864405e-02,-1.060310015923984772e-01,5.039058151843239797e-01,4.933109723183733142e-02,5.836188615021193904e-01,3.641980894094647980e-01,4.325254790525605575e-01,2.179205352890143110e-01,1.067607933756398730e-01,2.556588157067978262e-01,5.603496932501384614e-02,1.887615130215281045e-01,1.475684312356604078e-01,4.482392181706839063e-01,3.812271670194604112e-01,3.593103490803991606e-01,3.548198784671975359e-01,1.273943760439726347e-01,7.267035366237087901e-01,7.954782076899079291e-02,9.237599070497085063e-02,2.957661388558414095e-01,3.777573087920856887e-01,5.727263068465646145e-02,3.458109789624962960e-01,5.885709352540260259e-02,3.570624457733948542e-01,1.470112203334821288e-01
6.670164388736931071e-01,1.000000000000000000e+00,1.412753729899415001e-01,9.341499680588662147e-02,2.590705218743137306e-01,8.658782123618009863e-02,1.048666106883621753e-02,-2.502308804649925889e-01,3.940760138530118306e-01,4.468849284590013515e-01,3.322260384057290072e-01,5.231377702873082208e-02,-1.103002787633268617e-01,3.309875914883511627e-01,-3.156439899155789180e-02,3.087856125011163577e-01,2.767591956886973903e-01,2.148937393863724066e-01,-4.100781539541951959e-02,-6.699095871849479467e-02,6.531903044275864934e-02,-1.966002271576854782e-02,2.519141084883611548e-01,2.306963387890875739e-01,4.496855748988402013e-01,4.065120287916894060e-01,2.433716712703427598e-01,1.301016550149814988e-01,1.312474993533566114e-01,4.954161851476492351e-01,1.703393680534816962e-02,8.756185778717782975e-02,3.202558620291278552e-02,2.234699225498528452e-01,1.346293669001653870e-01,2.728133637617689566e-01,3.264709442871825684e-02,3.897661385326049999e-01,4.335531867191212418e-01
3.443604348586858377e-01,1.412753729899415001e-01,1.000000000000000000e+00,3.470094989240447569e-01,7.802231251396439804e-01,-4.751058068511174737e-01,4.592660703879253847e-01,-8.540859093522810142e-01,7.294202091146060329e-01,5.600554334764913378e-01,5.604535576530673691e-01,3.244061965980075124e-01,4.090433092101763285e-02,5.067219208520760132e-01,5.480604952084238146e-01,6.332274804831163895e-01,5.849249805203007302e-01,6.705548834348655785e-01,7.177395770614343196e-01,4.646537352201025595e-01,8.314422581819178593e-01,4.639898495995513072e-01,-2.389753670235251204e-01,-2.282949857164816854e-01,5.979592879722646082e-01,4.905719120164770963e-01,4.767869048214463668e-01,7.596608945450005201e-01,-3.487402266590129973e-01,5.015940508026077715e-01,1.972100966608270334e-01,-1.367700059002516233e-01,7.567102833918438742e-01,7.721122133742213123e-01,-3.833026242691180419e-01,3.896758133722009187e-01,-1.828778821370878604e-01,4.779339379735909055e-01,3.058048428856560141e-01
3.045227025302466028e-01,9.341499680588662147e-02,3.470094989240447569e-01,1.000000000000000000e+00,1.945004337166402197e-01,-5.023481069635726826e-01,4.061293611714901219e-01,-1.258103756754217761e-01,3.696854591995462624e-01,4.456659079541271384e-01,1.959974695007533907e-01,2.021830447074773884e-01,2.766249698495197862e-01,2.459824560548889427e-01,1.625060803015367372e-01,4.760550441248479481e-01,2.958629208619803497e-01,2.990025568801488731e-01,3.071206063655894103e-01,5.109398966798058828e-01,4.370722409976807721e-01,4.281551358219980452e-01,-4.706597835913315930e-01,-4.784266058572245184e-01,2.018945666844316478e-01,-6.063132516455111559e-02,2.509409628656691579e-02,4.217672066150201515e-01,-2.771336175461188711e-01,3.782179665454595274e-01,-2.033733832993650237e-01,-1.759716334111288694e-01,2.845843832632016790e-01,1.918440834054016830e-01,-3.607942904802749484e-01,1.483005827706572466e-02,-1.375899705794915995e-01,9.120126836398512182e-02,-1.382085806518595639e-01
4.509796167183486304e-01,2.590705218743137306e-01,7.802231251396439804e-01,1.945004337166402197e-01,1.000000000000000000e+00,-1.945414638161091780e-01,3.636317376004471469e-01,-8.004426335629617473e-01,7.428589595325713058e-01,5.753715074079139846e-01,4.921771315210733966e-01,2.963473897314023442e-01,-1.895850697272674079e-01,5.973865962412558961e-01,4.168504007625513652e-01,5.538189889901595775e-01,5.112046525317762713e-01,7.492022437871196372e-01,6.673726439679816824e-01,2.423750778971755504e-01,5.847435056284914223e-01,1.650599415040642226e-01,3.637800123981231593e-02,3.153151575267703483e-02,5.799955501717408701e-01,5.315458352887831861e-01,5.258711478429659580e-01,6.182175987423248475e-01,-1.026481470732422130e-01,5.379616690361996856e-01,3.443566943024519156e-01,4.669093155684289620e-02,6.373677341613538383e-01,7.678467733141228768e-01,-1.900705612182893300e-01,3.335739921855905843e-01,-2.799727674627204912e-02,4.472501163060398910e-01,3.563606893627984662e-01
-8.667103043388950379e-02,8.658782123618009863e-02,-4.751058068511174737e-01,-5.023481069635726826e-01,-1.945414638161091780e-01,1.000000000000000000e+00,-4.228632563298578839e-01,1.673727031488726480e-01,-3.304182127883354969e-01,-3.043940703072743892e-01,-4.219706341865968602e-01,-3.671724966469520068e-01,-7.040365761597178196e-01,-6.310955280585285598e-02,-6.098114591797632045e-01,-5.466685925688847814e-01,-4.600293467601066499e-01,-1.157991336165082596e-01,-5.341709378923252816e-01,-7.705314896273287584e-01,-6.203496751706830681e-01,-6.949846497397095257e-01,8.081899745274765401e-01,7.944579906714198669e-01,-4.542452755770450823e-01,-4.036590475196837752e-02,2.344741722845964382e-01,-6.073745482798054152e-01,7.050797932626099440e-01,-8.832942034416202404e-02,1.932049621979312348e-01,7.078798396743540833e-01,-3.560296737620884944e-01,-2.293810250768142656e-01,7.648894860724582134e-01,-9.405874586577479823e-02,6.857659504071559331e-01,-4.038269025431637238e-01,-1.959190566517909626e-01
1.236162185263524893e-01,1.048666106883621753e-02,4.592660703879253847e-01,4.061293611714901219e-01,3.636317376004471469e-01,-4.228632563298578839e-01,1.000000000000000000e+00,-3.249961128286675827e-01,3.433130507393428177e-01,2.122716850279683931e-01,4.306105638957251069e-01,2.129463730782192865e-01,3.499749060892258512e-02,1.363279074746774899e-01,4.671283300566762553e-01,2.957728969911923578e-01,4.816735314377031951e-01,3.240683279375534132e-01,4.790101776874243211e-01,6.209635384465813646e-01,5.558070996862691793e-01,1.846974969177383741e-01,-3.538486820227814134e-01,-3.429526321628417751e-01,3.383281238535701951e-01,2.091279813270508492e-01,2.834839707055713046e-02,4.725016454982433611e-01,-3.887818295044257466e-01,2.005784588096008181e-01,-4.580549950936759623e-02,-2.679032339067763391e-01,2.735691246160346091e-01,3.277771208236986977e-01,-4.166089699916288303e-01,4.957612864175330036e-02,-2.926829491234630432e-01,3.016904086355561287e-01,1.099150804992504310e-01
-3.877896945313581423e-01,-2.502308804649925889e-01,-8.540859093522810142e-01,-1.258103756754217761e-01,-8.004426335629617473e-01,1.673727031488726480e-01,-3.249961128286675827e-01,1.000000000000000000e+00,-7.012426823643532758e-01,-5.346862479047291838e-01,-4.632818317918608320e-01,-2.033938423341000445e-01,2.371584069347257295e-01,-5.373627920554091553e-01,-3.298510605959097952e-01,-5.372694729173932426e-01,-4.711209108499493370e-01,-6.963242726205967070e-01,-5.706032054866083669e-01,-1.410961409839451286e-01,-6.634287884714320516e-01,-1.872918688346080496e-01,-8.902952951758584532e-02,-9.028777769512984219e-02,-5.578856949731053616e-01,-5.544619666075258912e-01,-5.778099230370301598e-01,-5.408392188618366125e-01,1.385870643551191661e-01,-5.804985166422611531e-01,-3.497160045486911173e-01,-2.482700922214941056e-02,-5.982995348365229837e-01,-7.976106092059858099e-01,1.294141193756420116e-01,-4.613846581690753679e-01,3.564305689100304847e-02,-3.803215884516685796e-01,-3.158731612320972992e-01
5.800257144841087786e-01,3.940760138530118306e-01,7.294202091146060329e-01,3.696854591995462624e-01,7.428589595325713058e-01,-3.304182127883354969e-01,3.433130507393428177e-01,-7.012426823643532758e-01,1.000000000000000000e+00,6.600669534603837985e-01,5.517965895779944896e-01,4.176303830728925748e-01,-3.850434424983830567e-02,6.880220986529189675e-01,5.004109780401475582e-01,7.011864152834733632e-01,5.239216000151125652e-01,7.171647185536572655e-01,5.671776996735217180e-01,3.492888885617359551e-01,5.727437353013905552e-01,2.063763846088462472e-01,-6.037271839802560436e-02,-3.396206710787717797e-02,6.484698131719238701e-01,6.211987537848978613e-01,5.209326516733405743e-01,7.039520920897548439e-01,-1.873823525814866942e-01,6.689316666164533132e-01,2.408758142834921123e-01,-8.726136053365723955e-02,5.597029709793238661e-01,7.599652858580114856e-01,-2.364717871955402395e-01,3.282224827629326991e-01,-1.269674547176197210e-01,5.182324311309259857e-01,4.437102162805135475e-01
7.525504003043542722e-01,4.468849284590013515e-01,5.600554334764913378e-01,4.456659079541271384e-01,5.753715074079139846e-01,-3.043940703072743892e-01,2.122716850279683931e-01,-5.346862479047291838e-01,6.600669534603837985e-01,1.000000000000000000e+00,3.425244127358870183e-01,1.497045908669137060e-01,-1.949591564544281633e-02,5.408278379634906541e-01,1.345504023401714877e-01,8.113372306793908972e-01,4.411328422054757170e-01,4.719272003782832847e-01,3.683694951389226424e-01,2.282017422508174631e-01,4.808636117263773713e-01,1.766351554607739627e-01,5.563409326124458404e-02,5.738831859448236331e-03,5.805303072014836863e-01,2.813338911430885436e-01,3.063854484967857839e-01,4.997939439378594195e-01,1.191129270538690728e-02,8.006173116107909715e-01,2.433536098153064597e-01,-2.260118613727410061e-02,4.991020182240163972e-01,5.559024086371348039e-01,-9.342801583304798096e-02,5.068839094735265727e-01,-1.830693161482135553e-02,3.194106034430317931e-01,5.431908860685948082e-02
3.491477863637958978e-01,3.322260384057290072e-01,5.604535576530673691e-01,1.959974695007533907e-01,4.921771315210733966e-01,-4.219706341865968602e-01,4.306105638957251069e-01,-4.632818317918608320e-01,5.517965895779944896e-01,3.425244127358870183e-01,1.000000000000000000e+00,5.266933869005893110e-01,1.811933448791649137e-01,4.510961285472506188e-01,6.349519872387731079e-01,4.310167492923744903e-01,7.945274135254590808e-01,3.970375481695139763e-01,4.734676208725475122e-01,4.597476938061051954e-01,5.750081316047630509e-01,4.417106516323284771e-01,-2.935867709604281783e-01,-2.093100397728250017e-01,6.220337189398261746e-01,6.105535726138875408e-01,2.406823467636765579e-01,5.363820359674226212e-01,-3.762308230281302124e-01,3.008609979495355802e-01,8.597527567787663361e-02,-2.974486694576932155e-01,4.176652321620495378e-01,4.960005103824500772e-01,-3.704552186395694280e-01,3.101724513600130906e-01,-4.027304139390160964e-01,6.381288679760469540e-01,5.152811411434764510e-01
9.913758633113864405e-02,5.231377702873082208e-02,3.244061965980075124e-01,2.021830447074773884e-01,2.963473897314023442e-01,-3.671724966469520068e-01,2.129463730782192865e-01,-2.033938423341000445e-01,4.176303830728925748e-01,1.497045908669137060e-01,5.266933869005893110e-01,1.000000000000000000e+00,1.969216552833511491e-01,3.296521791758179054e-01,6.415236582372387808e-01,2.549622937576449533e-01,5.443977246014805038e-01,2.619933052271021801e-01,3.289615893434011396e-01,3.833073011732109903e-01,3.485662350336989346e-01,3.989752699787246226e-01,-3.555877039248577232e-01,-2.920598895425178254e-01,3.473867762973649742e-01,3.051158505228351858e-01,1.536175139349071905e-01,3.378717012223405591e-01,-4.057491269413332491e-01,9.882345000493214515e-02,2.754197481250846014e-02,-2.339558058626583503e-01,2.452361025343152701e-01,4.293017021816041279e-01,-3.973232667071376345e-01,1.141457435376935226e-01,-3.512756823000289796e-01,4.501473147935685093e-01,5.111130851611721537e-01
-1.060310015923984772e-01,-1.103002787633268617e-01,4.090433092101763285e-02,2.766249698495197862e-01,-1.895850697272674079e-01,-7.040365761597178196e-01,3.499749060892258512e-02,2.371584069347257295e-01,-3.850434424983830567e-02,-1.949591564544281633e-02,1.811933448791649137e-01,1.969216552833511491e-01,1.000000000000000000e+00,-1.483937242272755364e-01,3.983176323096900284e-01,2.162478137956542201e-01,1.996139754766806385e-01,-2.466455373436114984e-01,1.783022311606226318e-01,5.045464081601123141e-01,2.260545382504663692e-01,5.931864194283321678e-01,-7.215515325748781406e-01,-7.222951312912389010e-01,1.848752726526052825e-01,-1.372763864594564731e-01,-4.375534048229002826e-01,2.858643574987345670e-01,-5.152921884657313267e-01,-2.570810639204487158e-01,-3.864724408139842415e-01,-6.543128574950018983e-01,8.061028612742078547e-02,-1.820797996997753632e-01,-6.008102323937885014e-01,-9.699572486391563886e-02,-6.149639898106270541e-01,2.243033098950014403e-01,1.169827195321772456e-01
5.039058151843239797e-01,3.309875914883511627e-01,5.067219208520760132e-01,2.459824560548889427e-01,5.973865962412558961e-01,-6.310955280585285598e-02,1.363279074746774899e-01,-5.373627920554091553e-01,6.880220986529189675e-01,5.408278379634906541e-01,4.510961285472506188e-01,3.296521791758179054e-01,-1.483937242272755364e-01,1.000000000000000000e+00,2.927913347376257525e-01,5.307068049413639077e-01,3.881319237799878974e-01,5.831048748840312879e-01,4.109078066739053625e-01,6.989443592246651071e-02,3.168571214053705898e-01,1.726845166686510891e-02,1.770389588519522828e-01,2.547999889520105588e-01,5.327215947642297555e-01,5.057217065133221556e-01,4.952233924484273353e-01,4.543849847126115726e-01,1.576222267864008653e-01,5.731685775518323700e-01,4.198411498951353238e-01,1.671384211573595513e-01,4.642118659036647554e-01,5.701958685881298727e-01,-7.362716434881476368e-03,3.545239683645653450e-01,9.776214824622204980e-02,3.700037975189129358e-01,2.460827204508030386e-01
4.933109723183733142e-02,-3.156439899155789180e-02,5.480604952084238146e-01,1.625060803015367372e-01,4.168504007625513652e-01,-6.098114591797632045e-01,4.671283300566762553e-01,-3.298510605959097952e-01,5.004109780401475582e-01,1.345504023401714877e-01,6.349519872387731079e-01,6.415236582372387808e-01,3.983176323096900284e-01,2.927913347376257525e-01,1.000000000000000000e+00,3.213753926833633479e-01,5.968589250338860452e-01,3.625063660994946035e-01,6.362583445410423533e-01,6.843121159432770106e-01,5.781366656830340123e-01,5.094210242090562168e-01,-5.344694921666224285e-01,-4.658233119184301829e-01,4.889593431837346293e-01,4.822737932554827522e-01,8.346779125781987607e-02,6.855153278997031530e-01,-5.616964999173926776e-01,-1.887571002888295893e-02,-2.121466555781198124e-02,-4.344031985515740546e-01,5.005856269329936881e-01,4.524027672026161295e-01,-6.242248741235626452e-01,3.953521379833311450e-02,-5.232543017942914432e-01,6.563313188813092447e-01,5.038769285773632145e-01
5.836188615021193904e-01,3.087856125011163577e-01,6.332274804831163895e-01,4.760550441248479481e-01,5.538189889901595775e-01,-5.466685925688847814e-01,2.957728969911923578e-01,-5.372694729173932426e-01,7.011864152834733632e-01,8.113372306793908972e-01,4.310167492923744903e-01,2.549622937576449533e-01,2.162478137956542201e-01,5.307068049413639077e-01,3.213753926833633479e-01,1.000000000000000000e+00,4.643716594785543550e-01,3.857095963458725407e-01,4.431284968296763660e-01,4.065201520957450465e-01,6.101334360189192285e-01,3.191245682356151359e-01,-1.866065366063445752e-01,-2.098291396367388539e-01,6.829719807698377831e-01,2.847376569112011202e-01,1.927215958154370190e-01,5.912029508329685878e-01,-2.346091268112442396e-01,7.144868915037757562e-01,1.835674926428600140e-01,-2.990987139824951013e-01,4.923729121509153317e-01,5.851028329824002894e-01,-3.729990410173179560e-01,5.336966177013581225e-01,-2.806106290106584744e-01,3.992884495039837889e-01,1.843138424629283678e-01
3.641980894094647980e-01,2.767591956886973903e-01,5.849249805203007302e-01,2.958629208619803497e-01,5.112046525317762713e-01,-4.600293467601066499e-01,4.816735314377031951e-01,-4.711209108499493370e-01,5.239216000151125652e-01,4.411328422054757170e-01,7.945274135254590808e-01,5.443977246014805038e-01,1.996139754766806385e-01,3.881319237799878974e-01,5.968589250338860452e-01,4.643716594785543550e-01,1.000000000000000000e+00,4.505426505150404437e-01,5.180571169913386065e-01,4.881794629927850293e-01,6.005224320980815378e-01,4.737542750189746021e-01,-3.183578724280716754e-01,-2.980698329051810203e-01,5.922344099638787718e-01,4.500371940549292016e-01,1.870755473471693020e-01,5.542432262565782919e-01,-3.827235655334966791e-01,3.294620849331237888e-01,5.990159282199307433e-02,-2.520905102491317051e-01,4.727196440143644485e-01,4.827648518704756864e-01,-4.180794842961961799e-01,2.843598174225115405e-01,-3.688807635260554219e-01,5.743422427876201386e-01,3.807853988710301896e-01
4.325254790525605575e-01,2.148937393863724066e-01,6.705548834348655785e-01,2.990025568801488731e-01,7.492022437871196372e-01,-1.157991336165082596e-01,3.240683279375534132e-01,-6.963242726205967070e-01,7.171647185536572655e-01,4.719272003782832847e-01,3.970375481695139763e-01,2.619933052271021801e-01,-2.466455373436114984e-01,5.831048748840312879e-01,3.625063660994946035e-01,3.857095963458725407e-01,4.505426505150404437e-01,1.000000000000000000e+00,6.936962997468939518e-01,1.923936159902233933e-01,4.331204727930203502e-01,1.790486383834823392e-01,3.991047302886880505e-02,4.892720644473029512e-02,3.461184106715113340e-01,5.382432979714913968e-01,6.123996543393404046e-01,5.907598107787231934e-01,-4.901772765063845683e-02,4.490020858448966479e-01,2.620245430951963495e-01,1.408063036929366740e-01,5.510989969481834283e-01,6.154011110149610886e-01,-4.669982688681524607e-02,6.870318352168910958e-02,7.449971593668355818e-02,2.552662491426764269e-01,2.093930133108272973e-01
2.179205352890143110e-01,-4.100781539541951959e-02,7.177395770614343196e-01,3.071206063655894103e-01,6.673726439679816824e-01,-5.341709378923252816e-01,4.790101776874243211e-01,-5.706032054866083669e-01,5.671776996735217180e-01,3.683694951389226424e-01,4.734676208725475122e-01,3.289615893434011396e-01,1.783022311606226318e-01,4.109078066739053625e-01,6.362583445410423533e-01,4.431284968296763660e-01,5.180571169913386065e-01,6.936962997468939518e-01,1.000000000000000000e+00,5.445437795214862486e-01,5.970022401622265829e-01,4.283910429347846383e-01,-3.916437868006752421e-01,-3.635071518239086918e-01,4.568180468093493984e-01,3.612910211471639377e-01,2.703971430895724670e-01,7.315367623257017504e-01,-3.667141537697752307e-01,1.927229522865577804e-01,1.355636693110483237e-01,-2.411902206054322428e-01,6.143592031723766889e-01,4.816040118952911175e-01,-4.419417612026554365e-01,3.648691338863783301e-02,-2.938176314190101279e-01,3.855094499456657720e-01,2.547444387058571125e-01
1.067607933756398730e-01,-6.699095871849479467e-02,4.646537352201025595e-01,5.109398966798058828e-01,2.423750778971755504e-01,-7.705314896273287584e-01,6.209635384465813646e-01,-1.410961409839451286e-01,3.492888885617359551e-01,2.282017422508174631e-01,4.597476938061051954e-01,3.833073011732109903e-01,5.045464081601123141e-01,6.989443592246651071e-02,6.843121159432770106e-01,4.065201520957450465e-01,4.881794629927850293e-01,1.923936159902233933e-01,5.445437795214862486e-01,1.000000000000000000e+00,6.085101599259377103e-01,5.641681115417053194e-01,-7.248189509462413804e-01,-7.023412214025644973e-01,3.566755441579891883e-01,7.586953879555712044e-02,-1.168044532664074819e-01,6.686913141599464261e-01,-6.309039858417319069e-01,8.411045018762546011e-02,-3.253547610865699102e-01,-4.678134646064744939e-01,4.119475320837849286e-01,2.229560625414523101e-01,-6.917875746047066343e-01,-5.360553414760642343e-02,-4.696621287303760495e-01,4.246954361015215507e-01,2.300941815102131582e-01
2.556588157067978262e-01,6.531903044275864934e-02,8.314422581819178593e-01,4.370722409976807721e-01,5.847435056284914223e-01,-6.203496751706830681e-01,5.558070996862691793e-01,-6.634287884714320516e-01,5.727437353013905552e-01,4.808636117263773713e-01,5.750081316047630509e-01,3.485662350336989346e-01,2.260545382504663692e-01,3.168571214053705898e-01,5.781366656830340123e-01,6.101334360189192285e-01,6.005224320980815378e-01,4.331204727930203502e-01,5.970022401622265829e-01,6.085101599259377103e-01,1.000000000000000000e+00,6.019231642336461130e-01,-4.294947664646682761e-01,-4.336766280467944101e-01,5.620990180365044164e-01,3.697497804808358435e-01,2.901009645257106029e-01,7.124706322831514393e-01,-5.357274462160547257e-01,3.747916281257767102e-01,4.544218040485444791e-04,-3.213615866947581723e-01,6.619532978618416497e-01,6.501422685034407012e-01,-5.417317504123586591e-01,4.232501766880583660e-01,-3.350744180171011943e-01,4.802962638235886428e-01,2.802847682803343288e-01
5.603496932501384614e-02,-1.966002271576854782e-02,4.639898495995513072e-01,4.281551358219980452e-01,1.650599415040642226e-01,-6.949846497397095257e-01,1.846974969177383741e-01,-1.872918688346080496e-01,2.063763846088462472e-01,1.766351554607739627e-01,4.417106516323284771e-01,3.989752699787246226e-01,5.931864194283321678e-01,1.726845166686510891e-02,5.094210242090562168e-01,3.191245682356151359e-01,4.737542750189746021e-01,1.790486383834823392e-01,4.283910429347846383e-01,5.641681115417053194e-01,6.019231642336461130e-01,1.000000000000000000e+00,-6.940636140507135954e-01,-7.025368592462433170e-01,2.134646249248558503e-01,1.293165764243592863e-01,5.268099741450806006e-02,5.317172532469116586e-01,-6.146498148473295009e-01,-4.082593241177972371e-02,-3.534140115036137342e-01,-4.125847253702685791e-01,4.614339634091299547e-01,2.022499346386963659e-01,-5.510228063544436727e-01,4.051989950492411452e-02,-4.181755692461501250e-01,3.388955303017892606e-01,1.910585777479703595e-01
1.887615130215281045e-01,2.519141084883611548e-01,-2.389753670235251204e-01,-4.706597835913315930e-01,3.637800123981231593e-02,8.081899745274765401e-01,-3.538486820227814134e-01,-8.902952951758584532e-02,-6.037271839802560436e-02,5.563409326124458404e-02,-2.935867709604281783e-01,-3.555877039248577232e-01,-7.215515325748781406e-01,1.770389588519522828e-01,-5.344694921666224285e-01,-1.866065366063445752e-01,-3.183578724280716754e-01,3.991047302886880505e-02,-3.916437868006752421e-01,-7.248189509462413804e-01,-4.294947664646682761e-01,-6.940636140507135954e-01,1.000000000000000000e+00,8.716690558433635161e-01,-1.323024289944684517e-01,1.428048180217129925e-01,3.219196297490810599e-01,-4.039913288691245330e-01,7.535370993018186692e-01,2.223955007342233448e-01,4.044425655956274679e-01,6.449650836488782790e-01,-1.510873278520124818e-01,3.018791480958683479e-02,7.501417132928587250e-01,2.070629583518870664e-01,6.236328800420596341e-01,-2.267209571793660228e-01,-1.648564904576934886e-01
1.475684312356604078e-01,2.306963387890875739e-01,-2.282949857164816854e-01,-4.784266058572245184e-01,3.153151575267703483e-02,7.944579906714198669e-01,-3.429526321628417751e-01,-9.028777769512984219e-02,-3.396206710787717797e-02,5.738831859448236331e-03,-2.093100397728250017e-01,-2.920598895425178254e-01,-7.222951312912389010e-01,2.547999889520105588e-01,-4.658233119184301829e-01,-2.098291396367388539e-01,-2.980698329051810203e-01,4.892720644473029512e-02,-3.635071518239086918e-01,-7.023412214025644973e-01,-4.336766280467944101e-01,-7.025368592462433170e-01,8.716690558433635161e-01,1.000000000000000000e+00,-1.125990921389337096e-01,1.749650763590584746e-01,3.573718724048636219e-01,-3.876161759829042652e-01,7.353384960481004207e-01,1.934554818340499249e-01,4.811739102091205367e-01,6.565519857246875368e-01,-1.373321998725676174e-01,4.493210900971638527e-02,7.039172549815785329e-01,1.932973166067073756e-01,6.155695070585814888e-01,-2.013799549684461287e-01,-8.172041145549144292e-02
4.482392181706839063e-01,4.496855748988402013e-01,5.979592879722646082e-01,2.018945666844316478e-01,5.799955501717408701e-01,-4.542452755770450823e-01,3.383281238535701951e-01,-5.578856949731053616e-01,6.484698131719238701e-01,5.805303072014836863e-01,6.220337189398261746e-01,3.473867762973649742e-01,1.848752726526052825e-01,5.327215947642297555e-01,4.889593431837346293e-01,6.829719807698377831e-01,5.922344099638787718e-01,3.461184106715113340e-01,4.568180468093493984e-01,3.566755441579891883e-01,5.620990180365044164e-01,2.134646249248558503e-01,-1.323024289944684517e-01,-1.125990921389337096e-01,1.000000000000000000e+00,4.615164308991757114e-01,7.468269373920997933e-02,5.447741342201675163e-01,-2.557117515011195774e-01,5.168161000441202635e-01,3.379073474580325809e-01,-3.709962051010478601e-01,4.102765655999828232e-01,6.016873380206528843e-01,-3.983911705825393113e-01,5.360180707651501786e-01,-4.449415203274165731e-01,6.080135451655426237e-01,5.123113207415148640e-01
3.812271670194604112e-01,4.065120287916894060e-01,4.905719120164770963e-01,-6.063132516455111559e-02,5.315458352887831861e-01,-4.036590475196837752e-02,2.091279813270508492e-01,-5.544619666075258912e-01,6.211987537848978613e-01,2.813338911430885436e-01,6.105535726138875408e-01,3.051158505228351858e-01,-1.372763864594564731e-01,5.057217065133221556e-01,4.822737932554827522e-01,2.847376569112011202e-01,4.500371940549292016e-01,5.382432979714913968e-01,3.612910211471639377e-01,7.586953879555712044e-02,3.697497804808358435e-01,1.293165764243592863e-01,1.428048180217129925e-01,1.749650763590584746e-01,4.615164308991757114e-01,1.000000000000000000e+00,5.265194731923792393e-01,4.548763289815112576e-01,-3.919665427316670198e-02,2.911191574359146550e-01,2.391476526272879599e-01,-6.893724635694013780e-02,3.775807682992156633e-01,5.680371721640055105e-01,-8.372108211400020386e-03,2.659819598404584706e-01,-1.451753645899857559e-01,6.385737745078681193e-01,4.667698287332532336e-01
3.593103490803991606e-01,2.433716712703427598e-01,4.767869048214463668e-01,2.509409628656691579e-02,5.258711478429659580e-01,2.344741722845964382e-01,2.834839707055713046e-02,-5.778099230370301598e-01,5.209326516733405743e-01,3.063854484967857839e-01,2.406823467636765579e-01,1.536175139349071905e-01,-4.375534048229002826e-01,4.952233924484273353e-01,8.346779125781987607e-02,1.927215958154370190e-01,1.870755473471693020e-01,6.123996543393404046e-01,2.703971430895724670e-01,-1.168044532664074819e-01,2.901009645257106029e-01,5.268099741450806006e-02,3.219196297490810599e-01,3.573718724048636219e-01,7.468269373920997933e-02,5.265194731923792393e-01,1.000000000000000000e+00,3.531816104906687070e-01,1.886645869310298318e-01,3.830950339466553389e-01,1.966236444246700077e-01,5.049146395083786709e-01,4.897453533076644994e-01,4.919989455848770565e-01,2.250158032881588444e-01,1.632270891660273227e-01,4.574450496971974589e-01,1.567699808943205098e-01,2.105471175095905423e-01
3.548198784671975359e-01,1.301016550149814988e-01,7.596608945450005201e-01,4.217672066150201515e-01,6.182175987423248475e-01,-6.073745482798054152e-01,4.725016454982433611e-01,-5.408392188618366125e-01,7.039520920897548439e-01,4.997939439378594195e-01,5.363820359674226212e-01,3.378717012223405591e-01,2.858643574987345670e-01,4.543849847126115726e-01,6.855153278997031530e-01,5.912029508329685878e-01,5.542432262565782919e-01,5.907598107787231934e-01,7.315367623257017504e-01,6.686913141599464261e-01,7.124706322831514393e-01,5.317172532469116586e-01,-4.039913288691245330e-01,-3.876161759829042652e-01,5.447741342201675163e-01,4.548763289815112576e-01,3.531816104906687070e-01,1.000000000000000000e+00,-3.612561037127097197e-01,3.179362545160831499e-01,3.509463790639185538e-02,-2.104380166466811308e-01,7.601399499167432738e-01,5.495386784580466033e-01,-4.590431900705340129e-01,1.472140345927543392e-01,-2.278762044698341427e-01,5.176359350451256169e-01,3.184286416587865931e-01
1.273943760439726347e-01,1.312474993533566114e-01,-3.487402266590129973e-01,-2.771336175461188711e-01,-1.026481470732422130e-01,7.050797932626099440e-01,-3.887818295044257466e-01,1.385870643551191661e-01,-1.873823525814866942e-01,1.191129270538690728e-02,-3.762308230281302124e-01,-4.057491269413332491e-01,-5.152921884657313267e-01,1.576222267864008653e-01,-5.616964999173926776e-01,-2.346091268112442396e-01,-3.827235655334966791e-01,-4.901772765063845683e-02,-3.667141537697752307e-01,-6.309039858417319069e-01,-5.357274462160547257e-01,-6.146498148473295009e-01,7.535370993018186692e-01,7.353384960481004207e-01,-2.557117515011195774e-01,-3.919665427316670198e-02,1.886645869310298318e-01,-3.612561037127097197e-01,1.000000000000000000e+00,8.395351308268331203e-02,3.829058528441702802e-01,6.674620100163095593e-01,-1.383397917304843849e-01,-1.930868350678322520e-01,7.786804804604955388e-01,1.487574292350890429e-03,6.635643248332329103e-01,-3.448548131011899276e-01,-3.425278574177502700e-01
7.267035366237087901e-01,4.954161851476492351e-01,5.015940508026077715e-01,3.782179665454595274e-01,5.379616690361996856e-01,-8.832942034416202404e-02,2.005784588096008181e-01,-5.804985166422611531e-01,6.689316666164533132e-01,8.006173116107909715e-01,3.008609979495355802e-01,9.882345000493214515e-02,-2.570810639204487158e-01,5.731685775518323700e-01,-1.887571002888295893e-02,7.144868915037757562e-01,3.294620849331237888e-01,4.490020858448966479e-01,1.927229522865577804e-01,8.411045018762546011e-02,3.747916281257767102e-01,-4.082593241177972371e-02,2.223955007342233448e-01,1.934554818340499249e-01,5.168161000441202635e-01,2.911191574359146550e-01,3.830950339466553389e-01,3.179362545160831499e-01,8.395351308268331203e-02,1.000000000000000000e+00,2.397190853407137334e-01,1.049470787395871824e-01,3.052622896829972343e-01,5.737935831870979442e-01,2.839122445884958643e-02,5.062422005442281936e-01,8.945135014954715136e-02,2.384429916587106624e-01,1.064715248721859742e-01
7.954782076899079291e-02,1.703393680534816962e-02,1.972100966608270334e-01,-2.033733832993650237e-01,3.443566943024519156e-01,1.932049621979312348e-01,-4.580549950936759623e-02,-3.497160045486911173e-01,2.408758142834921123e-01,2.433536098153064597e-01,8.597527567787663361e-02,2.754197481250846014e-02,-3.864724408139842415e-01,4.198411498951353238e-01,-2.121466555781198124e-02,1.835674926428600140e-01,5.990159282199307433e-02,2.620245430951963495e-01,1.355636693110483237e-01,-3.253547610865699102e-01,4.544218040485444791e-04,-3.534140115036137342e-01,4.044425655956274679e-01,4.811739102091205367e-01,3.379073474580325809e-01,2.391476526272879599e-01,1.966236444246700077e-01,3.509463790639185538e-02,3.829058528441702802e-01,2.397190853407137334e-01,1.000000000000000000e+00,1.365196860274337509e-01,1.920813168391681258e-01,3.950976405155000593e-01,2.013995530398889899e-01,3.926898129477541244e-01,7.396275840048549544e-02,-2.513831337253562975e-02,1.810975363322735524e-02
9.237599070497085063e-02,8.756185778717782975e-02,-1.367700059002516233e-01,-1.759716334111288694e-01,4.669093155684289620e-02,7.078798396743540833e-01,-2.679032339067763391e-01,-2.482700922214941056e-02,-8.726136053365723955e-02,-2.260118613727410061e-02,-2.974486694576932155e-01,-2.339558058626583503e-01,-6.543128574950018983e-01,1.671384211573595513e-01,-4.344031985515740546e-01,-2.990987139824951013e-01,-2.520905102491317051e-01,1.408063036929366740e-01,-2.411902206054322428e-01,-4.678134646064744939e-01,-3.213615866947581723e-01,-4.125847253702685791e-01,6.449650836488782790e-01,6.565519857246875368e-01,-3.709962051010478601e-01,-6.893724635694013780e-02,5.049146395083786709e-01,-2.104380166466811308e-01,6.674620100163095593e-01,1.049470787395871824e-01,1.365196860274337509e-01,1.000000000000000000e+00,1.027634873773779489e-01,-6.308043910899613360e-02,6.307952062715781461e-01,-8.022791912341256659e-02,8.961141541261905541e-01,-2.897341168750979801e-01,-2.358076985696057337e-01
2.957661388558414095e-01,3.202558620291278552e-02,7.567102833918438742e-01,2.845843832632016790e-01,6.373677341613538383e-01,-3.560296737620884944e-01,2.735691246160346091e-01,-5.982995348365229837e-01,5.597029709793238661e-01,4.991020182240163972e-01,4.176652321620495378e-01,2.452361025343152701e-01,8.061028612742078547e-02,4.642118659036647554e-01,5.005856269329936881e-01,4.923729121509153317e-01,4.727196440143644485e-01,5.510989969481834283e-01,6.143592031723766889e-01,4.119475320837849286e-01,6.619532978618416497e-01,4.614339634091299547e-01,-1.510873278520124818e-01,-1.373321998725676174e-01,4.102765655999828232e-01,3.775807682992156633e-01,4.897453533076644994e-01,7.601399499167432738e-01,-1.383397917304843849e-01,3.052622896829972343e-01,1.920813168391681258e-01,1.027634873773779489e-01,1.000000000000000000e+00,6.081708555852566311e-01,-2.777559855290324675e-01,3.136243884420020223e-01,6.132086409801668775e-02,3.986431734767049706e-01,1.187300498555740186e-01
3.777573087920856887e-01,2.234699225498528452e-01,7.721122133742213123e-01,1.918440834054016830e-01,7.678467733141228768e-01,-2.293810250768142656e-01,3.277771208236986977e-01,-7.976106092059858099e-01,7.599652858580114856e-01,5.559024086371348039e-01,4.960005103824500772e-01,4.293017021816041279e-01,-1.820797996997753632e-01,5.701958685881298727e-01,4.524027672026161295e-01,5.851028329824002894e-01,4.827648518704756864e-01,6.154011110149610886e-01,4.816040118952911175e-01,2.229560625414523101e-01,6.501422685034407012e-01,2.022499346386963659e-01,3.018791480958683479e-02,4.493210900971638527e-02,6.016873380206528843e-01,5.680371721640055105e-01,4.919989455848770565e-01,5.495386784580466033e-01,-1.930868350678322520e-01,5.737935831870979442e-01,3.950976405155000593e-01,-6.308043910899613360e-02,6.081708555852566311e-01,1.000000000000000000e+00,-2.070365632172238568e-01,5.273967737054027216e-01,-1.266793858888063673e-01,4.315359224576776898e-01,3.734662289479832586e-01
5.727263068465646145e-02,1.346293669001653870e-01,-3.833026242691180419e-01,-3.607942904802749484e-01,-1.900705612182893300e-01,7.648894860724582134e-01,-4.166089699916288303e-01,1.294141193756420116e-01,-2.364717871955402395e-01,-9.342801583304798096e-02,-3.704552186395694280e-01,-3.973232667071376345e-01,-6.008102323937885014e-01,-7.362716434881476368e-03,-6.242248741235626452e-01,-3.729990410173179560e-01,-4.180794842961961799e-01,-4.669982688681524607e-02,-4.419417612026554365e-01,-6.917875746047066343e-01,-5.417317504123586591e-01,-5.510228063544436727e-01,7.501417132928587250e-01,7.039172549815785329e-01,-3.983911705825393113e-01,-8.372108211400020386e-03,2.250158032881588444e-01,-4.590431900705340129e-01,7.786804804604955388e-01,2.839122445884958643e-02,2.013995530398889899e-01,6.307952062715781461e-01,-2.777559855290324675e-01,-2.070365632172238568e-01,1.000000000000000000e+00,-3.839476800838206166e-02,6.706543641199465000e-01,-4.300411631140632074e-01,-2.807476567122365041e-01
3.458109789624962960e-01,2.728133637617689566e-01,3.896758133722009187e-01,1.483005827706572466e-02,3.335739921855905843e-01,-9.405874586577479823e-02,4.957612864175330036e-02,-4.613846581690753679e-01,3.282224827629326991e-01,5.068839094735265727e-01,3.101724513600130906e-01,1.141457435376935226e-01,-9.699572486391563886e-02,3.545239683645653450e-01,3.953521379833311450e-02,5.336966177013581225e-01,2.843598174225115405e-01,6.870318352168910958e-02,3.648691338863783301e-02,-5.360553414760642343e-02,4.232501766880583660e-01,4.051989950492411452e-02,2.070629583518870664e-01,1.932973166067073756e-01,5.360180707651501786e-01,2.659819598404584706e-01,1.632270891660273227e-01,1.472140345927543392e-01,1.487574292350890429e-03,5.062422005442281936e-01,3.926898129477541244e-01,-8.022791912341256659e-02,3.136243884420020223e-01,5.273967737054027216e-01,-3.839476800838206166e-02,1.000000000000000000e+00,-8.517294702889270652e-02,2.607147224260970564e-01,1.541934173788019891e-01
5.885709352540260259e-02,3.264709442871825684e-02,-1.828778821370878604e-01,-1.375899705794915995e-01,-2.799727674627204912e-02,6.857659504071559331e-01,-2.926829491234630432e-01,3.564305689100304847e-02,-1.269674547176197210e-01,-1.830693161482135553e-02,-4.027304139390160964e-01,-3.512756823000289796e-01,-6.149639898106270541e-01,9.776214824622204980e-02,-5.232543017942914432e-01,-2.806106290106584744e-01,-3.688807635260554219e-01,7.449971593668355818e-02,-2.938176314190101279e-01,-4.696621287303760495e-01,-3.350744180171011943e-01,-4.181755692461501250e-01,6.236328800420596341e-01,6.155695070585814888e-01,-4.449415203274165731e-01,-1.451753645899857559e-01,4.574450496971974589e-01,-2.278762044698341427e-01,6.635643248332329103e-01,8.945135014954715136e-02,7.396275840048549544e-02,8.961141541261905541e-01,6.132086409801668775e-02,-1.266793858888063673e-01,6.706543641199465000e-01,-8.517294702889270652e-02,1.000000000000000000e+00,-3.805683082775855319e-01,-3.329862853217768759e-01
3.570624457733948542e-01,3.897661385326049999e-01,4.779339379735909055e-01,9.120126836398512182e-02,4.472501163060398910e-01,-4.038269025431637238e-01,3.016904086355561287e-01,-3.803215884516685796e-01,5.182324311309259857e-01,3.194106034430317931e-01,6.381288679760469540e-01,4.501473147935685093e-01,2.243033098950014403e-01,3.700037975189129358e-01,6.563313188813092447e-01,3.992884495039837889e-01,5.743422427876201386e-01,2.552662491426764269e-01,3.855094499456657720e-01,4.246954361015215507e-01,4.802962638235886428e-01,3.388955303017892606e-01,-2.267209571793660228e-01,-2.013799549684461287e-01,6.080135451655426237e-01,6.385737745078681193e-01,1.567699808943205098e-01,5.176359350451256169e-01,-3.448548131011899276e-01,2.384429916587106624e-01,-2.513831337253562975e-02,-2.897341168750979801e-01,3.986431734767049706e-01,4.315359224576776898e-01,-4.300411631140632074e-01,2.607147224260970564e-01,-3.805683082775855319e-01,1.000000000000000000e+00,5.498201051904881842e-01
1.470112203334821288e-01,4.335531867191212418e-01,3.058048428856560141e-01,-1.382085806518595639e-01,3.563606893627984662e-01,-1.959190566517909626e-01,1.099150804992504310e-01,-3.158731612320972992e-01,4.437102162805135475e-01,5.431908860685948082e-02,5.152811411434764510e-01,5.111130851611721537e-01,1.169827195321772456e-01,2.460827204508030386e-01,5.038769285773632145e-01,1.843138424629283678e-01,3.807853988710301896e-01,2.093930133108272973e-01,2.547444387058571125e-01,2.300941815102131582e-01,2.802847682803343288e-01,1.910585777479703595e-01,-1.648564904576934886e-01,-8.172041145549144292e-02,5.123113207415148640e-01,4.667698287332532336e-01,2.105471175095905423e-01,3.184286416587865931e-01,-3.425278574177502700e-01,1.064715248721859742e-01,1.810975363322735524e-02,-2.358076985696057337e-01,1.187300498555740186e-01,3.734662289479832586e-01,-2.807476567122365041e-01,1.541934173788019891e-01,-3.329862853217768759e-01,5.498201051904881842e-01,1.000000000000000000e+00
