1.000000000000000000e+00,9.097450373606146279e-01,4.650992774265809704e-01,3.304847951332798850e-01,8.211475434910164850e-01,5.569251498297536074e-01,5.715129849977684806e-01,-3.847864729393084549e-01,8.446884319032834654e-01,8.687272994114587643e-01,7.502789444495410187e-01,-2.690159525889211922e-01,-4.021059490367247524e-01,7.714343835856425358e-01,-5.767759025320139399e-01,8.720496917648996593e-01,6.506284793901466745e-01,6.760879377682752489e-01,6.654369156235362404e-01,1.656614361336793129e-01,1.489550293541958559e-01,3.619847093728684739e-01,8.000259191286056559e-01,6.051341829100111980e-01,8.491218756468406070e-01,8.546231218321181933e-01,8.243518626314028097e-01,5.918739245587040232e-01,6.855682857795826202e-01,8.441202386464343732e-01,5.890348270150335130e-01,6.748202943973761192e-01,6.455074562878663214e-01,6.723067370932962472e-01,5.397877445612638825e-01,7.785165289788216203e-01,5.871448937371990251e-01,7.854835855763760977e-01,6.741887531549736190e-01
9.097450373606146279e-01,1.000000000000000000e+00,5.398548568653541713e-01,4.027975547676475587e-01,8.293343681078209073e-01,5.337609986528191186e-01,5.908547320230744804e-01,-4.612042492014810646e-01,8.786238990996220188e-01,8.468539189453123672e-01,7.220410764462357189e-01,-2.658056241838210876e-01,-3.608917665526325536e-01,7.827140435530608453e-01,-6.163931411877896505e-01,8.569078271017924742e-01,6.537518619820131827e-01,7.552539012156493925e-01,7.408190872797121296e-01,1.822984754034142618e-01,1.325344382021622358e-01,3.800217381130264194e-01,8.522536217097269606e-01,6.861774555375428353e-01,8.668452372057197097e-01,8.069791035651241451e-01,7.960526094594276847e-01,5.363587655804722409e-01,6.534189525364719753e-01,8.295959456370871621e-01,5.604989555304065174e-01,6.003736662786857137e-01,7.099611153434426392e-01,6.475586077007058350e-01,4.568848069900023900e-01,7.294417802290350528e-01,5.435937699296959913e-01,8.224518072864404061e-01,7.525766415920769337e-01
4.650992774265809704e-01,5.398548568653541713e-01,1.000000000000000000e+00,1.106327758628113805e-01,5.071657384866644636e-01,3.535966647748933211e-01,1.124646302276954002e-01,-9.302951655171186607e-01,5.470097643629594497e-01,4.194634975040072988e-01,5.086567543635583943e-01,-7.245444233004197376e-02,-4.307619730680283809e-01,4.969077985651372820e-01,-3.547738063283791821e-01,4.080301776313887130e-01,2.767324469760249483e-01,3.909370805224645640e-01,2.978998307856817185e-01,4.878770272735654528e-02,2.223119794067850430e-01,8.937991876052767126e-02,5.336020626953396073e-01,6.421775616905393003e-01,5.624837375786229110e-01,4.407206297771864012e-01,6.112660297648859764e-01,4.463515984233465406e-01,3.285211123982821335e-01,4.563630897688438770e-01,5.651117257579408859e-01,2.922303446838591667e-01,5.553891655274431072e-01,3.692541482224858673e-01,5.002114825269391440e-01,5.005273886094713243e-01,3.794882399941406081e-01,3.387580548607667663e-01,2.846031381752732181e-01
3.304847951332798850e-01,4.027975547676475587e-01,1.106327758628113805e-01,1.000000000000000000e+00,3.794397209578024288e-01,-7.874364827262272937e-02,5.017796030739946067e-01,-4.083676410255105554e-02,4.375357571149237623e-01,2.467812091946966213e-01,9.981430151584717858e-02,-1.821425783981928948e-01,1.058351213732250905e-02,1.642686301335764543e-01,-2.484319370244434666e-01,3.025693390866859289e-01,8.614034622405537800e-02,5.060754535533650289e-01,5.204674950306128478e-01,1.810361994776238104e-01,1.876246308647315231e-01,4.085472508725128682e-01,4.159209043441830511e-01,2.234185792662904679e-01,2.228489025627554410e-01,1.436028763688452226e-01,1.790420786195299763e-01,-1.272661500149866939e-02,-7.834069569814734388e-03,2.523028873550987039e-01,1.766069525928812001e-01,-3.374112211723060556e-02,2.590635918287080841e-01,4.163740159544480623e-01,-1.398813246492568163e-01,1.036473637670032727e-01,-1.939053335226868235e-01,5.442176741999557033e-01,5.801178107918756321e-01
8.211475434910164850e-01,8.293343681078209073e-01,5.071657384866644636e-01,3.794397209578024288e-01,1.000000000000000000e+00,4.803556781062980896e-01,5.167686762367054154e-01,-4.315709684994125106e-01,8.576974779554894512e-01,7.786988601682254263e-01,6.762259226678698498e-01,-2.612746120440324060e-01,-4.378043018119150975e-01,7.381810708283611522e-01,-6.087130096707814575e-01,7.990391898563438122e-01,5.405803296344292574e-01,7.765816201696468246e-01,7.093915609898115981e-01,2.552451015344258667e-01,1.263545100134378929e-01,4.367362459807866415e-01,7.962694607724092322e-01,5.253169262846203447e-01,7.890187980687600744e-01,7.578531941207223843e-01,7.863227536977233090e-01,5.376834851805466498e-01,5.546541372886371057e-01,7.815637269740893789e-01,6.133743105156110875e-01,5.704965986397599886e-01,6.178643546208829607e-01,7.068972299753716326e-01,3.851112113816638760e-01,6.494782616147286580e-01,4.625962875725330159e-01,7.500087984368676297e-01,7.191701099630424254e-01
5.569251498297536074e-01,5.337609986528191186e-01,3.535966647748933211e-01,-7.874364827262272937e-02,4.803556781062980896e-01,1.000000000000000000e+00,1.779442189725641554e-01,-2.843624095077988412e-01,3.776036894708849068e-01,5.371836811278792867e-01,7.350922827711805496e-01,1.650547966405382927e-02,-4.489797846905508316e-01,7.843821722056253387e-01,-4.106234232747331125e-01,5.157306749018210068e-01,7.887967571848123471e-01,4.243197633140338154e-01,3.230814502280595080e-01,1.583737385220535532e-01,-2.560569401145105783e-01,5.844393613586432862e-02,5.134058772836426199e-01,5.411413797402380155e-01,6.604248017868632470e-01,6.347834979206409267e-01,6.454743347128553133e-01,5.302383748789016860e-01,8.061162813247571002e-01,5.285844535533291699e-01,5.285234235979273665e-01,6.899941591440327260e-01,4.377559692164259553e-01,3.643515780641222168e-01,6.337295015134373211e-01,5.836039821640118808e-01,7.894522689348272282e-01,3.845090484367542083e-01,2.138088030750160407e-01
5.715129849977684806e-01,5.908547320230744804e-01,1.124646302276954002e-01,5.017796030739946067e-01,5.167686762367054154e-01,1.779442189725641554e-01,1.000000000000000000e+00,-3.839575919154755018e-02,5.904640360225190676e-01,4.772574144200611435e-01,3.333567334636699520e-01,-4.349362037118439384e-01,-1.467580034658446664e-01,4.128472602963892402e-01,-3.441558209649693834e-01,5.245075989307131925e-01,3.934738898269061758e-01,5.918809029084605156e-01,6.838773002920810473e-01,2.298987476504414096e-01,7.970830362670301705e-02,4.337469557833619205e-01,5.655658187005780935e-01,3.716866949524840757e-01,4.554291921146227384e-01,3.725774006655223070e-01,3.438001124840095457e-01,1.038664393593798363e-01,2.334832448419877360e-01,5.216254094067418468e-01,2.751367088640824243e-01,2.236013321080559113e-01,3.206779266430812569e-01,4.193026564762391550e-01,5.476522919025325620e-02,3.050314572529989054e-01,7.441179957978724668e-02,6.314307085549398790e-01,6.352894228944150345e-01
-3.847864729393084549e-01,-4.612042492014810646e-01,-9.302951655171186607e-01,-4.083676410255105554e-02,-4.315709684994125106e-01,-2.843624095077988412e-01,-3.839575919154755018e-02,1.000000000000000000e+00,-4.821916731199558104e-01,-3.407340423260893369e-01,-4.536535020305249577e-01,8.538973902906019098e-02,4.239927212981387528e-01,-4.052516672265853992e-01,3.110074704353673058e-01,-3.232185411965904365e-01,-1.945373388461796582e-01,-2.903316174874314703e-01,-2.112570016894558811e-01,4.570372164203276473e-03,-2.097090693075467083e-01,-3.188339126171427923e-02,-4.380975494591312080e-01,-5.727550864324623126e-01,-4.879199747128518672e-01,-3.705535780707314708e-01,-5.557978012731030759e-01,-3.946173676094637539e-01,-2.388768909582217048e-01,-3.806793650767232862e-01,-5.159038626934361327e-01,-2.389238679287565281e-01,-4.839773691719164161e-01,-2.739692293230193698e-01,-4.687848980415312838e-01,-4.492621428030769692e-01,-3.398654165429431107e-01,-2.378892036683590283e-01,-1.885673838558414861e-01
8.446884319032834654e-01,8.786238990996220188e-01,5.470097643629594497e-01,4.375357571149237623e-01,8.576974779554894512e-01,3.776036894708849068e-01,5.904640360225190676e-01,-4.821916731199558104e-01,1.000000000000000000e+00,7.774173907429188235e-01,6.718555800981832471e-01,-3.418808106881369713e-01,-4.092585305594111378e-01,6.902328818655332210e-01,-5.933801009198419463e-01,7.872740148453529763e-01,5.063715743395454938e-01,7.524323226271002474e-01,7.372960995542419127e-01,1.797045680461717421e-01,2.026800421037440181e-01,3.794987018425887704e-01,8.168720874506616436e-01,6.051781457561135058e-01,7.967911871174099270e-01,7.205777103855339760e-01,7.458706968902264478e-01,4.739455825664781186e-01,4.796586609258197131e-01,8.050699484110211968e-01,5.932452076616070435e-01,5.228433124061483417e-01,6.155600853546223661e-01,6.532529852097673784e-01,3.495641024992254264e-01,6.783009668034588602e-01,4.106259222501413841e-01,7.921981231620162101e-01,7.486179312028413690e-01
8.687272994114587643e-01,8.468539189453123672e-01,4.194634975040072988e-01,2.467812091946966213e-01,7.786988601682254263e-01,5.371836811278792867e-01,4.772574144200611435e-01,-3.407340423260893369e-01,7.774173907429188235e-01,1.000000000000000000e+00,6.562284676601888300e-01,-1.485662886849750119e-01,-3.393048151681797298e-01,7.589123141671907380e-01,-5.829589412343341159e-01,9.312781666094416266e-01,6.103968978703456782e-01,6.980757629400670128e-01,6.016220831235677968e-01,2.993779904230257638e-01,1.201784620183232732e-01,4.117579601242734033e-01,7.759748385640239388e-01,5.195735560067230585e-01,8.335819099953344358e-01,8.388391807368813513e-01,7.731524356824897026e-01,6.250869806108851900e-01,7.165178232269557856e-01,8.810445455480160337e-01,5.016009552936960825e-01,6.787076343695469527e-01,6.477466888126525157e-01,6.385398866395004536e-01,4.751549159046635773e-01,7.211464868029187070e-01,6.067936854423741089e-01,7.202844957250761349e-01,6.536682935313702369e-01
7.502789444495410187e-01,7.220410764462357189e-01,5.086567543635583943e-01,9.981430151584717858e-02,6.762259226678698498e-01,7.350922827711805496e-01,3.333567334636699520e-01,-4.536535020305249577e-01,6.718555800981832471e-01,6.562284676601888300e-01,1.000000000000000000e+00,-1.789616196547990090e-01,-6.955975226864523631e-01,7.987603716969983170e-01,-4.697762831025898977e-01,6.458031524949812141e-01,7.603783964473065371e-01,5.113195896323422529e-01,4.461533124477012335e-01,1.047322199868876286e-01,-2.257862006842444730e-02,2.417767468773954209e-01,6.119500823803785128e-01,6.429972478832238769e-01,7.314923201999741220e-01,7.363373408005335907e-01,8.290890454894923600e-01,4.842159580836098987e-01,6.573930883588786633e-01,7.409868747799672750e-01,7.776188293558030651e-01,8.022260291774775398e-01,3.681810325112719329e-01,4.599455864177987019e-01,6.395831946289473047e-01,7.658627467498887453e-01,7.387855853377697235e-01,5.260382909136984697e-01,3.247915782642321059e-01
-2.690159525889211922e-01,-2.658056241838210876e-01,-7.245444233004197376e-02,-1.821425783981928948e-01,-2.612746120440324060e-01,1.650547966405382927e-02,-4.349362037118439384e-01,8.538973902906019098e-02,-3.418808106881369713e-01,-1.485662886849750119e-01,-1.789616196547990090e-01,1.000000000000000000e+00,1.778926787975525226e-01,-8.550383585292548050e-02,9.028797306886222895e-02,-2.069447319675264407e-01,-7.328825382854091408e-02,-1.757236197443673154e-01,-4.489335852290395334e-01,-5.158167343750880846e-02,-1.468242942212929780e-01,-1.445613109142525610e-01,-1.635121936265805931e-01,-1.195841870512656252e-01,-1.310899810461355341e-01,-1.056619837112040827e-01,-1.878028556959946693e-01,6.650452488667804411e-03,8.555264943169281489e-02,-2.247580919175916347e-01,-1.957089196461724856e-01,-1.016532441984075719e-01,-4.973284132455407791e-02,-1.794423359918232708e-01,2.235043520530267253e-02,-2.317282114073361821e-01,7.039510535572529593e-02,-1.561836272279818472e-01,-1.913904904032022181e-01
-4.021059490367247524e-01,-3.608917665526325536e-01,-4.307619730680283809e-01,1.058351213732250905e-02,-4.378043018119150975e-01,-4.489797846905508316e-01,-1.467580034658446664e-01,4.239927212981387528e-01,-4.092585305594111378e-01,-3.393048151681797298e-01,-6.955975226864523631e-01,1.778926787975525226e-01,1.000000000000000000e+00,-4.373170796484827649e-01,2.314723263538607245e-01,-3.573710929818162407e-01,-3.784383543297816233e-01,-2.396565744708931411e-01,-1.807335450831938084e-01,-5.613008572669308388e-02,-6.416360799616810384e-02,-2.309292343301369010e-01,-2.355030751156007296e-01,-3.325127529792616388e-01,-3.409307561022642541e-01,-4.218390331175813079e-01,-6.440306473036639945e-01,-3.886667555567361321e-01,-2.364114679866259339e-01,-4.826324927953312693e-01,-8.765621232263717255e-01,-6.328318189485396816e-01,1.921741679207413650e-02,-2.827564838371817157e-01,-4.884966432301414696e-01,-5.805178732278950537e-01,-4.973121433770837374e-01,-1.843469598756815320e-01,1.981213220470773306e-02
7.714343835856425358e-01,7.827140435530608453e-01,4.969077985651372820e-01,1.642686301335764543e-01,7.381810708283611522e-01,7.843821722056253387e-01,4.128472602963892402e-01,-4.052516672265853992e-01,6.902328818655332210e-01,7.589123141671907380e-01,7.987603716969983170e-01,-8.550383585292548050e-02,-4.373170796484827649e-01,1.000000000000000000e+00,-5.617277131405954416e-01,7.540195683752268785e-01,8.177084082306381729e-01,7.010356315065930932e-01,5.770481473380619786e-01,2.534924085927265924e-01,-1.714022838395755921e-01,2.887706428924255997e-01,7.691290492367675036e-01,7.151492386026579995e-01,8.291109768914802780e-01,7.497674394139203224e-01,7.681287487800987357e-01,4.886449411132713916e-01,8.087571194938621977e-01,7.949209208081240430e-01,5.994227042143878137e-01,6.999737599226920626e-01,5.777053613110911812e-01,5.484393568994878621e-01,5.469582191852774278e-01,6.602353532858696861e-01,7.197470605999914950e-01,6.367299577204582617e-01,5.430368901714189844e-01
-5.767759025320139399e-01,-6.163931411877896505e-01,-3.547738063283791821e-01,-2.484319370244434666e-01,-6.087130096707814575e-01,-4.106234232747331125e-01,-3.441558209649693834e-01,3.110074704353673058e-01,-5.933801009198419463e-01,-5.829589412343341159e-01,-4.697762831025898977e-01,9.028797306886222895e-02,2.314723263538607245e-01,-5.617277131405954416e-01,1.000000000000000000e+00,-5.962523410646413113e-01,-5.269847810996227677e-01,-6.881663266309775429e-01,-4.351534039530854381e-01,-1.307070982545721904e-01,4.035172777271905237e-02,-1.159625151579630475e-01,-5.488054010942661209e-01,-3.933564243590847442e-01,-5.978434628034052789e-01,-6.478728776526069266e-01,-5.352423687398735197e-01,-4.987000189301141195e-01,-5.175522493224502529e-01,-5.164584721838496595e-01,-3.586063517291365743e-01,-4.536454552933544271e-01,-6.077205822794188306e-01,-2.806202303512227991e-01,-3.339164584784902745e-01,-4.489659605806531895e-01,-4.705609211958081128e-01,-6.216952743316092045e-01,-5.485121321858054122e-01
8.720496917648996593e-01,8.569078271017924742e-01,4.080301776313887130e-01,3.025693390866859289e-01,7.990391898563438122e-01,5.157306749018210068e-01,5.245075989307131925e-01,-3.232185411965904365e-01,7.872740148453529763e-01,9.312781666094416266e-01,6.458031524949812141e-01,-2.069447319675264407e-01,-3.573710929818162407e-01,7.540195683752268785e-01,-5.962523410646413113e-01,1.000000000000000000e+00,6.041329379476009231e-01,7.292068459926422941e-01,6.545957183796226042e-01,3.418573274023162245e-01,1.031563379905699462e-01,4.381414895349219352e-01,7.983802719637864698e-01,5.081619116496153277e-01,8.261875062405442671e-01,8.415859538809350449e-01,7.781826719730461361e-01,6.184297577438986337e-01,6.847897813285190871e-01,8.671204083735806201e-01,5.329445101255593231e-01,6.637294332954949416e-01,6.406913406984576786e-01,6.317168277732203574e-01,4.488686558546987060e-01,7.061268776191865770e-01,5.660084021108734431e-01,7.496925198712985905e-01,6.928614729826716445e-01
6.506284793901466745e-01,6.537518619820131827e-01,2.767324469760249483e-01,8.614034622405537800e-02,5.405803296344292574e-01,7.887967571848123471e-01,3.934738898269061758e-01,-1.945373388461796582e-01,5.063715743395454938e-01,6.103968978703456782e-01,7.603783964473065371e-01,-7.328825382854091408e-02,-3.784383543297816233e-01,8.177084082306381729e-01,-5.269847810996227677e-01,6.041329379476009231e-01,1.000000000000000000e+00,5.706110612394335035e-01,4.775828809905235395e-01,1.425868201405670332e-01,-2.944823238369732032e-01,1.667020827222931434e-01,5.961308364689629213e-01,6.291303180771180559e-01,6.839915592710903436e-01,6.731041006529127069e-01,5.993439258038473216e-01,3.476783392825318897e-01,7.714995886117581581e-01,6.553791772107439018e-01,4.770780875851969860e-01,6.513135506378024964e-01,4.233148334673938473e-01,3.654942871214525435e-01,4.825372581476343736e-01,5.397828996438530647e-01,7.043374232107497690e-01,5.574087354783894277e-01,4.240727567437421186e-01
6.760879377682752489e-01,7.552539012156493925e-01,3.909370805224645640e-01,5.060754535533650289e-01,7.765816201696468246e-01,4.243197633140338154e-01,5.918809029084605156e-01,-2.903316174874314703e-01,7.524323226271002474e-01,6.980757629400670128e-01,5.113195896323422529e-01,-1.757236197443673154e-01,-2.396565744708931411e-01,7.010356315065930932e-01,-6.881663266309775429e-01,7.292068459926422941e-01,5.706110612394335035e-01,1.000000000000000000e+00,7.779605755326084449e-01,3.590701781142847104e-01,-3.793886904958163053e-02,4.438320301060689754e-01,7.860991465799835876e-01,4.882097009194497073e-01,7.084961871171525649e-01,6.298716583003042269e-01,5.933774796671600349e-01,3.786341190292743519e-01,5.251572831573065869e-01,6.802756778488872058e-01,4.492089411869536475e-01,4.214079180202301989e-01,6.025034120119575620e-01,4.729003428766747619e-01,1.870971148507942772e-01,4.211828815404637938e-01,3.532125054762355054e-01,7.979261614932700031e-01,7.990109527493177710e-01
6.654369156235362404e-01,7.408190872797121296e-01,2.978998307856817185e-01,5.204674950306128478e-01,7.093915609898115981e-01,3.230814502280595080e-01,6.838773002920810473e-01,-2.112570016894558811e-01,7.372960995542419127e-01,6.016220831235677968e-01,4.461533124477012335e-01,-4.489335852290395334e-01,-1.807335450831938084e-01,5.770481473380619786e-01,-4.351534039530854381e-01,6.545957183796226042e-01,4.775828809905235395e-01,7.779605755326084449e-01,1.000000000000000000e+00,2.930135841943264929e-01,4.935706270737701129e-02,4.457429530725240396e-01,7.425825556786955772e-01,4.993150740903546381e-01,6.281965765977861604e-01,5.023493054028244087e-01,5.122355958544768662e-01,2.405658823961693282e-01,3.918983580368813890e-01,6.177877167885301724e-01,3.859982075394290391e-01,3.088229972555663339e-01,5.126049624828499240e-01,5.111706091374411676e-01,1.041721318041401861e-01,4.147723557019725171e-01,1.953057394797094448e-01,7.292832776305819831e-01,7.778364661390126944e-01
1.656614361336793129e-01,1.822984754034142618e-01,4.878770272735654528e-02,1.810361994776238104e-01,2.552451015344258667e-01,1.583737385220535532e-01,2.298987476504414096e-01,4.570372164203276473e-03,1.797045680461717421e-01,2.993779904230257638e-01,1.047322199868876286e-01,-5.158167343750880846e-02,-5.613008572669308388e-02,2.534924085927265924e-01,-1.307070982545721904e-01,3.418573274023162245e-01,1.425868201405670332e-01,3.590701781142847104e-01,2.930135841943264929e-01,1.000000000000000000e+00,-5.833257476364592242e-02,2.804680176434272143e-01,2.929648721608741901e-01,1.281900971123026700e-01,1.998171856508373645e-01,1.902933831197932135e-01,2.087750169461374539e-01,4.734808724172444999e-02,1.787761756671960300e-01,2.850930004409212848e-01,1.242992420993576513e-01,1.921951880754360353e-01,1.597666199707413470e-01,1.964159976662664120e-01,4.414104312945538872e-02,1.069433994343775840e-01,6.776263615510748350e-02,2.161093128232058347e-01,2.420526007981831096e-01
1.489550293541958559e-01,1.325344382021622358e-01,2.223119794067850430e-01,1.876246308647315231e-01,1.263545100134378929e-01,-2.560569401145105783e-01,7.970830362670301705e-02,-2.097090693075467083e-01,2.026800421037440181e-01,1.201784620183232732e-01,-2.257862006842444730e-02,-1.468242942212929780e-01,-6.416360799616810384e-02,-1.714022838395755921e-01,4.035172777271905237e-02,1.031563379905699462e-01,-2.944823238369732032e-01,-3.793886904958163053e-02,4.935706270737701129e-02,-5.833257476364592242e-02,1.000000000000000000e+00,7.666786331015933154e-02,2.417191520300444180e-02,7.585756484818744969e-03,1.090986864994566985e-02,5.374709415944632640e-02,1.264929219564780716e-01,1.903526412622536523e-01,-2.037250769514603599e-01,7.665386525449929822e-02,1.036963867408011858e-01,-6.336547689424529284e-02,1.204485229450891065e-01,1.997982949438527056e-01,3.594558641246627800e-02,2.191622890055409389e-01,-1.949875746419653111e-01,8.945500232279106345e-02,6.471336560585737308e-02
3.619847093728684739e-01,3.800217381130264194e-01,8.937991876052767126e-02,4.085472508725128682e-01,4.367362459807866415e-01,5.844393613586432862e-02,4.337469557833619205e-01,-3.188339126171427923e-02,3.794987018425887704e-01,4.117579601242734033e-01,2.417767468773954209e-01,-1.445613109142525610e-01,-2.309292343301369010e-01,2.887706428924255997e-01,-1.159625151579630475e-01,4.381414895349219352e-01,1.667020827222931434e-01,4.438320301060689754e-01,4.457429530725240396e-01,2.804680176434272143e-01,7.666786331015933154e-02,1.000000000000000000e+00,4.219982000567722991e-01,2.206861956126779101e-01,2.884112617009934598e-01,2.503955205077803003e-01,3.406809470407072271e-01,1.437018972410151474e-01,1.575451432495695581e-01,4.394273105438618598e-01,3.308555478224410318e-01,2.633953377861514844e-01,1.377056521368191511e-01,4.092151202670846755e-01,-2.120842053132209609e-02,2.130990117427642994e-01,2.846476123587025897e-02,3.765579057647036598e-01,4.362010623010704191e-01
8.000259191286056559e-01,8.522536217097269606e-01,5.336020626953396073e-01,4.159209043441830511e-01,7.962694607724092322e-01,5.134058772836426199e-01,5.655658187005780935e-01,-4.380975494591312080e-01,8.168720874506616436e-01,7.759748385640239388e-01,6.119500823803785128e-01,-1.635121936265805931e-01,-2.355030751156007296e-01,7.691290492367675036e-01,-5.488054010942661209e-01,7.983802719637864698e-01,5.961308364689629213e-01,7.860991465799835876e-01,7.425825556786955772e-01,2.929648721608741901e-01,2.417191520300444180e-02,4.219982000567722991e-01,1.000000000000000000e+00,7.010918192221322620e-01,8.653666340193075790e-01,6.983534264209798614e-01,6.678627090384895437e-01,4.745553703038240534e-01,6.408144735203527009e-01,7.482813425884412561e-01,4.857237736609297807e-01,4.471570373600933790e-01,7.053091825065883613e-01,6.245732813087625512e-01,3.990531804960184004e-01,5.577950442903830686e-01,4.455225033346058017e-01,7.959275298476788940e-01,7.849777924974775667e-01
6.051341829100111980e-01,6.861774555375428353e-01,6.421775616905393003e-01,2.234185792662904679e-01,5.253169262846203447e-01,5.411413797402380155e-01,3.716866949524840757e-01,-5.727550864324623126e-01,6.051781457561135058e-01,5.195735560067230585e-01,6.429972478832238769e-01,-1.195841870512656252e-01,-3.325127529792616388e-01,7.151492386026579995e-01,-3.933564243590847442e-01,5.081619116496153277e-01,6.291303180771180559e-01,4.882097009194497073e-01,4.993150740903546381e-01,1.281900971123026700e-01,7.585756484818744969e-03,2.206861956126779101e-01,7.010918192221322620e-01,1.000000000000000000e+00,6.654927981424932915e-01,4.884088230617948390e-01,5.681630256762102427e-01,3.096230433424623230e-01,5.280720331935657708e-01,6.086074535561052379e-01,5.051988408457059876e-01,3.784615918215990527e-01,5.422232683456934543e-01,4.802534098663207018e-01,4.918601320646320274e-01,5.452523963742412771e-01,4.514331950055765486e-01,5.275002830359258876e-01,4.486176587386541126e-01
8.491218756468406070e-01,8.668452372057197097e-01,5.624837375786229110e-01,2.228489025627554410e-01,7.890187980687600744e-01,6.604248017868632470e-01,4.554291921146227384e-01,-4.879199747128518672e-01,7.967911871174099270e-01,8.335819099953344358e-01,7.314923201999741220e-01,-1.310899810461355341e-01,-3.409307561022642541e-01,8.291109768914802780e-01,-5.978434628034052789e-01,8.261875062405442671e-01,6.839915592710903436e-01,7.084961871171525649e-01,6.281965765977861604e-01,1.998171856508373645e-01,1.090986864994566985e-02,2.884112617009934598e-01,8.653666340193075790e-01,6.654927981424932915e-01,1.000000000000000000e+00,8.120897722500528548e-01,7.796590407294576863e-01,6.120842381271034416e-01,7.736446126726875816e-01,7.934826747422296656e-01,5.415627116403305408e-01,6.006067053025808677e-01,7.216061238902226060e-01,5.815830292033243865e-01,5.629447627810889587e-01,6.847113463417977552e-01,6.546188721822623346e-01,7.198247019206552855e-01,6.755876127901988548e-01
8.546231218321181933e-01,8.069791035651241451e-01,4.407206297771864012e-01,1.436028763688452226e-01,7.578531941207223843e-01,6.347834979206409267e-01,3.725774006655223070e-01,-3.705535780707314708e-01,7.205777103855339760e-01,8.388391807368813513e-01,7.363373408005335907e-01,-1.056619837112040827e-01,-4.218390331175813079e-01,7.497674394139203224e-01,-6.478728776526069266e-01,8.415859538809350449e-01,6.731041006529127069e-01,6.298716583003042269e-01,5.023493054028244087e-01,1.902933831197932135e-01,5.374709415944632640e-02,2.503955205077803003e-01,6.983534264209798614e-01,4.884088230617948390e-01,8.120897722500528548e-01,1.000000000000000000e+00,8.339559576321794454e-01,7.035482384306270820e-01,7.634876750070599405e-01,7.581770432364887125e-01,5.706603839731463346e-01,7.507845844101900257e-01,6.640159244698866647e-01,5.403053621094343617e-01,5.870208255176920797e-01,7.220099151189114384e-01,7.155230634466411832e-01,7.097689595307850041e-01,5.556336893915061470e-01
8.243518626314028097e-01,7.960526094594276847e-01,6.112660297648859764e-01,1.790420786195299763e-01,7.863227536977233090e-01,6.454743347128553133e-01,3.438001124840095457e-01,-5.557978012731030759e-01,7.458706968902264478e-01,7.731524356824897026e-01,8.290890454894923600e-01,-1.878028556959946693e-01,-6.440306473036639945e-01,7.681287487800987357e-01,-5.352423687398735197e-01,7.781826719730461361e-01,5.993439258038473216e-01,5.933774796671600349e-01,5.122355958544768662e-01,2.087750169461374539e-01,1.264929219564780716e-01,3.406809470407072271e-01,6.678627090384895437e-01,5.681630256762102427e-01,7.796590407294576863e-01,8.339559576321794454e-01,1.000000000000000000e+00,6.682007635484442654e-01,6.444908138436633571e-01,7.763594521925736291e-01,7.687209956313864057e-01,7.836935585023829809e-01,5.663480293569739255e-01,5.789504448437318151e-01,6.733446504096979313e-01,8.138655307822147966e-01,7.056921644914377900e-01,5.843816089867339691e-01,4.301475179859320930e-01
5.918739245587040232e-01,5.363587655804722409e-01,4.463515984233465406e-01,-1.272661500149866939e-02,5.376834851805466498e-01,5.302383748789016860e-01,1.038664393593798363e-01,-3.946173676094637539e-01,4.739455825664781186e-01,6.250869806108851900e-01,4.842159580836098987e-01,6.650452488667804411e-03,-3.886667555567361321e-01,4.886449411132713916e-01,-4.987000189301141195e-01,6.184297577438986337e-01,3.476783392825318897e-01,3.786341190292743519e-01,2.405658823961693282e-01,4.734808724172444999e-02,1.903526412622536523e-01,1.437018972410151474e-01,4.745553703038240534e-01,3.096230433424623230e-01,6.120842381271034416e-01,7.035482384306270820e-01,6.682007635484442654e-01,1.000000000000000000e+00,5.829137075912749211e-01,5.002870375090187061e-01,5.189803169015386741e-01,5.658384016074755607e-01,6.037797138180343026e-01,4.920339196699007878e-01,5.911330014733745530e-01,6.308569870061989660e-01,5.718341162413169698e-01,4.491071024880268769e-01,2.935901954014115134e-01
6.855682857795826202e-01,6.534189525364719753e-01,3.285211123982821335e-01,-7.834069569814734388e-03,5.546541372886371057e-01,8.061162813247571002e-01,2.334832448419877360e-01,-2.388768909582217048e-01,4.796586609258197131e-01,7.165178232269557856e-01,6.573930883588786633e-01,8.555264943169281489e-02,-2.364114679866259339e-01,8.087571194938621977e-01,-5.175522493224502529e-01,6.847897813285190871e-01,7.714995886117581581e-01,5.251572831573065869e-01,3.918983580368813890e-01,1.787761756671960300e-01,-2.037250769514603599e-01,1.575451432495695581e-01,6.408144735203527009e-01,5.280720331935657708e-01,7.736446126726875816e-01,7.634876750070599405e-01,6.444908138436633571e-01,5.829137075912749211e-01,1.000000000000000000e+00,6.476613070151248097e-01,3.871279748869400072e-01,6.825001860577947221e-01,6.052986181979487235e-01,4.381384648765785927e-01,6.069913890997173933e-01,5.832024098695902659e-01,8.115836146415621455e-01,5.306612195512909746e-01,4.237655944775569061e-01
8.441202386464343732e-01,8.295959456370871621e-01,4.563630897688438770e-01,2.523028873550987039e-01,7.815637269740893789e-01,5.285844535533291699e-01,5.216254094067418468e-01,-3.806793650767232862e-01,8.050699484110211968e-01,8.810445455480160337e-01,7.409868747799672750e-01,-2.247580919175916347e-01,-4.826324927953312693e-01,7.949209208081240430e-01,-5.164584721838496595e-01,8.671204083735806201e-01,6.553791772107439018e-01,6.802756778488872058e-01,6.177877167885301724e-01,2.850930004409212848e-01,7.665386525449929822e-02,4.394273105438618598e-01,7.482813425884412561e-01,6.086074535561052379e-01,7.934826747422296656e-01,7.581770432364887125e-01,7.763594521925736291e-01,5.002870375090187061e-01,6.476613070151248097e-01,1.000000000000000000e+00,6.117024872813149328e-01,7.103996050081504698e-01,4.964288317811818563e-01,6.340837034638552305e-01,4.319939732083268313e-01,7.419051556620974708e-01,5.832690974288792241e-01,6.670733725006873227e-01,6.036951623583945992e-01
5.890348270150335130e-01,5.604989555304065174e-01,5.651117257579408859e-01,1.766069525928812001e-01,6.133743105156110875e-01,5.285234235979273665e-01,2.751367088640824243e-01,-5.159038626934361327e-01,5.932452076616070435e-01,5.016009552936960825e-01,7.776188293558030651e-01,-1.957089196461724856e-01,-8.765621232263717255e-01,5.994227042143878137e-01,-3.586063517291365743e-01,5.329445101255593231e-01,4.770780875851969860e-01,4.492089411869536475e-01,3.859982075394290391e-01,1.242992420993576513e-01,1.036963867408011858e-01,3.308555478224410318e-01,4.857237736609297807e-01,5.051988408457059876e-01,5.415627116403305408e-01,5.706603839731463346e-01,7.687209956313864057e-01,5.189803169015386741e-01,3.871279748869400072e-01,6.117024872813149328e-01,1.000000000000000000e+00,6.718278135366009263e-01,2.194832097988640984e-01,4.464042010782906522e-01,5.458673162746439100e-01,6.875911625891388823e-01,5.314476921844876189e-01,4.128362457462955160e-01,2.214403419993082323e-01
6.748202943973761192e-01,6.003736662786857137e-01,2.922303446838591667e-01,-3.374112211723060556e-02,5.704965986397599886e-01,6.899941591440327260e-01,2.236013321080559113e-01,-2.389238679287565281e-01,5.228433124061483417e-01,6.787076343695469527e-01,8.022260291774775398e-01,-1.016532441984075719e-01,-6.328318189485396816e-01,6.999737599226920626e-01,-4.536454552933544271e-01,6.637294332954949416e-01,6.513135506378024964e-01,4.214079180202301989e-01,3.088229972555663339e-01,1.921951880754360353e-01,-6.336547689424529284e-02,2.633953377861514844e-01,4.471570373600933790e-01,3.784615918215990527e-01,6.006067053025808677e-01,7.507845844101900257e-01,7.836935585023829809e-01,5.658384016074755607e-01,6.825001860577947221e-01,7.103996050081504698e-01,6.718278135366009263e-01,1.000000000000000000e+00,3.133833971640151983e-01,3.857269000914176349e-01,5.962922327920893162e-01,7.699355726770374941e-01,8.079904899984106104e-01,4.172966670908691555e-01,2.060403068063007548e-01
6.455074562878663214e-01,7.099611153434426392e-01,5.553891655274431072e-01,2.590635918287080841e-01,6.178643546208829607e-01,4.377559692164259553e-01,3.206779266430812569e-01,-4.839773691719164161e-01,6.155600853546223661e-01,6.477466888126525157e-01,3.681810325112719329e-01,-4.973284132455407791e-02,1.921741679207413650e-02,5.777053613110911812e-01,-6.077205822794188306e-01,6.406913406984576786e-01,4.233148334673938473e-01,6.025034120119575620e-01,5.126049624828499240e-01,1.597666199707413470e-01,1.204485229450891065e-01,1.377056521368191511e-01,7.053091825065883613e-01,5.422232683456934543e-01,7.216061238902226060e-01,6.640159244698866647e-01,5.663480293569739255e-01,6.037797138180343026e-01,6.052986181979487235e-01,4.964288317811818563e-01,2.194832097988640984e-01,3.133833971640151983e-01,1.000000000000000000e+00,5.270207824277627351e-01,4.264569024072583647e-01,4.882875358308298996e-01,4.328255661785296859e-01,6.414986900344650245e-01,6.378864933536416704e-01
6.723067370932962472e-01,6.475586077007058350e-01,3.692541482224858673e-01,4.163740159544480623e-01,7.068972299753716326e-01,3.643515780641222168e-01,4.193026564762391550e-01,-2.739692293230193698e-01,6.532529852097673784e-01,6.385398866395004536e-01,4.599455864177987019e-01,-1.794423359918232708e-01,-2.827564838371817157e-01,5.484393568994878621e-01,-2.806202303512227991e-01,6.317168277732203574e-01,3.654942871214525435e-01,4.729003428766747619e-01,5.111706091374411676e-01,1.964159976662664120e-01,1.997982949438527056e-01,4.092151202670846755e-01,6.245732813087625512e-01,4.802534098663207018e-01,5.815830292033243865e-01,5.403053621094343617e-01,5.789504448437318151e-01,4.920339196699007878e-01,4.381384648765785927e-01,6.340837034638552305e-01,4.464042010782906522e-01,3.857269000914176349e-01,5.270207824277627351e-01,1.000000000000000000e+00,3.072141157298859948e-01,5.654239674073775479e-01,2.715377595644278275e-01,5.921466457648177917e-01,5.643716229155560926e-01
5.397877445612638825e-01,4.568848069900023900e-01,5.002114825269391440e-01,-1.398813246492568163e-01,3.851112113816638760e-01,6.337295015134373211e-01,5.476522919025325620e-02,-4.687848980415312838e-01,3.495641024992254264e-01,4.751549159046635773e-01,6.395831946289473047e-01,2.235043520530267253e-02,-4.884966432301414696e-01,5.469582191852774278e-01,-3.339164584784902745e-01,4.488686558546987060e-01,4.825372581476343736e-01,1.870971148507942772e-01,1.041721318041401861e-01,4.414104312945538872e-02,3.594558641246627800e-02,-2.120842053132209609e-02,3.990531804960184004e-01,4.918601320646320274e-01,5.629447627810889587e-01,5.870208255176920797e-01,6.733446504096979313e-01,5.911330014733745530e-01,6.069913890997173933e-01,4.319939732083268313e-01,5.458673162746439100e-01,5.962922327920893162e-01,4.264569024072583647e-01,3.072141157298859948e-01,1.000000000000000000e+00,6.689308835523837260e-01,7.292623886158641211e-01,2.548611606789991102e-01,3.156368323387475500e-02
7.785165289788216203e-01,7.294417802290350528e-01,5.005273886094713243e-01,1.036473637670032727e-01,6.494782616147286580e-01,5.836039821640118808e-01,3.050314572529989054e-01,-4.492621428030769692e-01,6.783009668034588602e-01,7.211464868029187070e-01,7.658627467498887453e-01,-2.317282114073361821e-01,-5.805178732278950537e-01,6.602353532858696861e-01,-4.489659605806531895e-01,7.061268776191865770e-01,5.397828996438530647e-01,4.211828815404637938e-01,4.147723557019725171e-01,1.069433994343775840e-01,2.191622890055409389e-01,2.130990117427642994e-01,5.577950442903830686e-01,5.452523963742412771e-01,6.847113463417977552e-01,7.220099151189114384e-01,8.138655307822147966e-01,6.308569870061989660e-01,5.832024098695902659e-01,7.419051556620974708e-01,6.875911625891388823e-01,7.699355726770374941e-01,4.882875358308298996e-01,5.654239674073775479e-01,6.689308835523837260e-01,1.000000000000000000e+00,6.642557786391886099e-01,5.158369511978874167e-01,3.221650973098530990e-01
5.871448937371990251e-01,5.435937699296959913e-01,3.794882399941406081e-01,-1.939053335226868235e-01,4.625962875725330159e-01,7.894522689348272282e-01,7.441179957978724668e-02,-3.398654165429431107e-01,4.106259222501413841e-01,6.067936854423741089e-01,7.387855853377697235e-01,7.039510535572529593e-02,-4.973121433770837374e-01,7.197470605999914950e-01,-4.705609211958081128e-01,5.660084021108734431e-01,7.043374232107497690e-01,3.532125054762355054e-01,1.953057394797094448e-01,6.776263615510748350e-02,-1.949875746419653111e-01,2.846476123587025897e-02,4.455225033346058017e-01,4.514331950055765486e-01,6.546188721822623346e-01,7.155230634466411832e-01,7.056921644914377900e-01,5.718341162413169698e-01,8.115836146415621455e-01,5.832690974288792241e-01,5.314476921844876189e-01,8.079904899984106104e-01,4.328255661785296859e-01,2.715377595644278275e-01,7.292623886158641211e-01,6.642557786391886099e-01,1.000000000000000000e+00,3.334056193656456113e-01,1.410940166129948381e-01
7.854835855763760977e-01,8.224518072864404061e-01,3.387580548607667663e-01,5.442176741999557033e-01,7.500087984368676297e-01,3.845090484367542083e-01,6.314307085549398790e-01,-2.378892036683590283e-01,7.921981231620162101e-01,7.202844957250761349e-01,5.260382909136984697e-01,-1.561836272279818472e-01,-1.843469598756815320e-01,6.367299577204582617e-01,-6.216952743316092045e-01,7.496925198712985905e-01,5.574087354783894277e-01,7.979261614932700031e-01,7.292832776305819831e-01,2.161093128232058347e-01,8.945500232279106345e-02,3.765579057647036598e-01,7.959275298476788940e-01,5.275002830359258876e-01,7.198247019206552855e-01,7.097689595307850041e-01,5.843816089867339691e-01,4.491071024880268769e-01,5.306612195512909746e-01,6.670733725006873227e-01,4.128362457462955160e-01,4.172966670908691555e-01,6.414986900344650245e-01,5.921466457648177917e-01,2.548611606789991102e-01,5.158369511978874167e-01,3.334056193656456113e-01,1.000000000000000000e+00,8.309343424364099562e-01
6.741887531549736190e-01,7.525766415920769337e-01,2.846031381752732181e-01,5.801178107918756321e-01,7.191701099630424254e-01,2.138088030750160407e-01,6.352894228944150345e-01,-1.885673838558414861e-01,7.486179312028413690e-01,6.536682935313702369e-01,3.247915782642321059e-01,-1.913904904032022181e-01,1.981213220470773306e-02,5.430368901714189844e-01,-5.485121321858054122e-01,6.928614729826716445e-01,4.240727567437421186e-01,7.990109527493177710e-01,7.778364661390126944e-01,2.420526007981831096e-01,6.471336560585737308e-02,4.362010623010704191e-01,7.849777924974775667e-01,4.486176587386541126e-01,6.755876127901988548e-01,5.556336893915061470e-01,4.301475179859320930e-01,2.935901954014115134e-01,4.237655944775569061e-01,6.036951623583945992e-01,2.214403419993082323e-01,2.060403068063007548e-01,6.378864933536416704e-01,5.643716229155560926e-01,3.156368323387475500e-02,3.221650973098530990e-01,1.410940166129948381e-01,8.309343424364099562e-01,1.000000000000000000e+00
