1.000000000000000000e+00,4.933156829505305208e-01,4.239181051408431600e-01,-6.208844761181577659e-02,5.348402347406220336e-01,-1.770060203260888643e-01,-2.991131194962805551e-01,-6.707909222167299790e-01,6.895836656371550077e-01,7.766275966214911675e-01,-5.081558509435559756e-01,1.028825884703461931e-02,-4.540650090217056012e-01,6.421413793792450919e-01,7.723936734677655513e-01,8.444970368783052406e-01,-1.471385199060004922e-01,6.558269699730726598e-01,5.374940119260516180e-01,-6.350908227050308663e-02,4.424166861040209064e-01,8.678457598324249012e-02,3.246734791070086112e-01,4.087064567746679922e-01,7.135358255143254835e-01,4.531510886867040622e-01,-6.478609500884369155e-02,7.286601185627457067e-01,4.994187870349580116e-01,7.617042583927604582e-01,-3.419907173079994589e-01,-1.837290693383847040e-01,3.901165340503755519e-01,7.090404283864546464e-01,-3.024451348825806796e-01,6.666141629538016034e-01,1.137615064242851193e-01,8.422172672566748952e-01,4.455977457897079552e-01
4.933156829505305208e-01,1.000000000000000000e+00,2.874639486316428738e-01,-1.942650905847883858e-01,3.807371527661973509e-01,8.907662580336815628e-02,-3.261783147404184735e-02,-4.291564241198339014e-01,5.097103738708265164e-01,6.184320095587539923e-01,8.857908262864372384e-02,5.356283893892547221e-01,1.739932567394821689e-02,5.083352283451687548e-01,1.802570284307883630e-01,3.722598550136038686e-01,2.415974358394568366e-01,9.152792489522500186e-02,3.515608498152676398e-01,-2.847463974633477335e-01,3.312081815975964627e-02,8.081770901943768903e-02,6.909894522675353867e-01,5.832201089038230313e-01,4.794699371532444299e-01,2.992923499897811590e-01,3.602073383427817910e-01,1.265908020394871658e-01,2.878312291287262736e-01,5.935613412743774298e-01,1.661752374557093070e-01,3.764800105341425396e-01,1.494591145292591960e-01,3.735257118055700376e-01,1.171797600268921838e-03,6.040813807585059259e-01,1.993705627746721887e-01,3.051838463796065493e-01,7.607302535494308016e-01
4.239181051408431600e-01,2.874639486316428738e-01,1.000000000000000000e+00,2.446289744020788692e-01,3.491235770558301366e-01,3.400926147295520868e-02,2.892437120245269777e-02,-6.788424111758064594e-01,6.129366084134714177e-01,5.374682991286648948e-01,-1.925774857320053379e-01,-1.489341664226233874e-01,4.336984634106776093e-02,5.957975835767597150e-01,3.605503981667162461e-01,2.870437231487341645e-01,3.904805813384211177e-01,3.747321220034016132e-01,4.277576820972170957e-01,4.913804525486533681e-01,4.659885759779980874e-01,3.226829253235660722e-01,1.842214883175435913e-01,4.744446622728242247e-01,4.331468979291437371e-01,7.524293312847217807e-01,5.140955556728847853e-01,5.609942861766770150e-01,3.823912943025761790e-01,5.008267748581235468e-01,3.225602935739900201e-01,2.734976672178847656e-01,7.354036433276620599e-01,3.211782541206965602e-01,2.178192516568648873e-01,4.059144509432905390e-01,4.010931658354832674e-01,2.911694415782815626e-01,1.198951239505042787e-01
-6.208844761181577659e-02,-1.942650905847883858e-01,2.446289744020788692e-01,1.000000000000000000e+00,1.001333896735202705e-01,3.172340579931747229e-01,5.131400319854587666e-01,2.696143412280779458e-02,7.269699114471690066e-03,-6.703397795605461895e-02,-2.329663567016015263e-02,-1.138583646236144553e-01,2.443956456783463183e-01,5.189534944745261696e-02,3.092052832471195358e-03,-7.296553423580851017e-02,1.958851413834367949e-01,2.656130140905038628e-01,2.441409723359117823e-01,3.982304367272995749e-01,2.698480853783383759e-01,2.607938079662290298e-01,7.532277978712928479e-02,9.047918842223064140e-02,9.155521966897478547e-02,1.765019002214472110e-01,9.372297943367391415e-02,1.967443478295023418e-01,2.800323682966374128e-01,8.248253406326502488e-03,2.058172410771755834e-01,1.757984385650481762e-01,4.672246820900038955e-01,-4.829178312818455804e-02,3.172465330165810671e-01,-9.574772171211869132e-02,4.181890100688335221e-01,-8.821604840292967403e-03,-2.982546063309253204e-01
5.348402347406220336e-01,3.807371527661973509e-01,3.491235770558301366e-01,1.001333896735202705e-01,1.000000000000000000e+00,-1.359151293322511111e-01,-4.041670270608561238e-02,-4.570085942028734305e-01,6.232837499585249796e-01,5.903896344293816378e-01,-2.405364428387802844e-01,1.770235151641877946e-01,-1.553187650605022674e-01,5.048048933935178617e-01,4.399131330826687170e-01,4.887634719197364030e-01,-3.209264120276998644e-02,3.615363091007749441e-01,5.664652194383074102e-01,-9.068520839808048850e-02,1.340663629687288416e-01,4.048060280819163088e-03,3.383588962278841761e-01,3.667066193375357885e-01,5.065915340046203141e-01,3.838604910914880652e-01,8.334916443240752981e-02,3.426960135404470975e-01,2.810073868644655803e-01,5.610110472014706584e-01,-1.562401340435893293e-01,-3.651096983246227695e-02,1.797608802923170157e-01,6.692043695674755321e-01,-1.003150329193312484e-01,5.621501377801221278e-01,-3.343381527746580595e-02,4.669345460498033895e-01,3.110071677240728305e-01
-1.770060203260888643e-01,8.907662580336815628e-02,3.400926147295520868e-02,3.172340579931747229e-01,-1.359151293322511111e-01,1.000000000000000000e+00,2.832146022430704901e-01,-2.801859080736822383e-02,-1.900942736517894083e-01,-1.667534949189065641e-01,2.321907443468294585e-01,1.803268510382284584e-01,4.134689526344862975e-01,-1.485757417651931978e-01,-1.743327904955425389e-01,-2.300309465142509058e-01,2.026052796925568722e-01,4.871147231201880534e-02,2.229751168616740109e-01,-6.420531973339026199e-02,1.915061784427381508e-01,2.822922003104190725e-01,3.079022063509505580e-01,1.673846634658688881e-01,-2.617936396475556426e-01,-1.132072872236199734e-01,1.875722863778075122e-01,-3.988680569569331286e-02,1.860197137708552717e-01,-1.372773110252607787e-01,4.157230107391593488e-01,5.324821097394071279e-01,1.533916307251259048e-01,-1.613501645717765887e-01,3.057610637291451883e-01,-2.314910439376575979e-01,5.634159789635322380e-01,-2.566160201423136056e-01,-9.697974836427060430e-02
-2.991131194962805551e-01,-3.261783147404184735e-02,2.892437120245269777e-02,5.131400319854587666e-01,-4.041670270608561238e-02,2.832146022430704901e-01,1.000000000000000000e+00,2.981417462730419632e-01,-1.155670681333852284e-01,-1.556262882619144916e-01,3.221981161784863712e-01,3.556798084383529235e-02,4.836685329577636860e-01,-8.268348996125897410e-02,-3.648212640164990028e-01,-3.331920530580825823e-01,2.519448099426609411e-01,-1.889633708104847265e-01,-9.358824607107995783e-03,2.311129258937967557e-01,-2.037451280340791260e-01,1.577278509073500729e-02,1.995665895746306928e-01,5.333685410209616784e-02,-1.345900223195405088e-01,1.142787322985586163e-01,3.005593927309363478e-01,-2.883300910386175642e-01,4.803519032672910055e-02,-3.273151875756762780e-02,3.466722291340644246e-01,3.452363657980284106e-01,8.882475871113412746e-02,-2.778300744699721547e-01,4.691346690794446772e-01,-1.306907633351132858e-01,1.605118659028709482e-01,-3.447596136122846322e-01,-1.401347320392124784e-01
-6.707909222167299790e-01,-4.291564241198339014e-01,-6.788424111758064594e-01,2.696143412280779458e-02,-4.570085942028734305e-01,-2.801859080736822383e-02,2.981417462730419632e-01,1.000000000000000000e+00,-5.573707672867079799e-01,-6.908901456137817032e-01,3.940980934594521812e-01,-9.363057736135288467e-02,2.702897880621540905e-01,-5.229170441305631689e-01,-6.429182938458409824e-01,-6.168512846663888327e-01,-1.992425808948073557e-02,-5.523128089557378662e-01,-6.273819078713052111e-01,-7.454351850513710361e-03,-4.913717458079118749e-01,-2.887298746765056268e-01,-2.559385184838507410e-01,-3.845792039307074917e-01,-4.379721779021688577e-01,-4.033614619159721637e-01,-1.222741379845014575e-01,-6.980236224579617899e-01,-2.440552728394770055e-01,-5.773190526630487263e-01,4.636551689792838687e-02,-1.135408575961848257e-02,-4.475313773931473560e-01,-6.774487334119172477e-01,2.852927581914337374e-01,-5.385917227350214276e-01,-1.866322478752852621e-01,-5.392031720548082774e-01,-3.144820013769940581e-01
6.895836656371550077e-01,5.097103738708265164e-01,6.129366084134714177e-01,7.269699114471690066e-03,6.232837499585249796e-01,-1.900942736517894083e-01,-1.155670681333852284e-01,-5.573707672867079799e-01,1.000000000000000000e+00,7.432086481126262134e-01,-2.494587881137363128e-01,5.409292670035992928e-02,-1.029004404000908868e-01,7.672613980913768339e-01,4.989819359218340966e-01,5.506175793043215361e-01,1.777049904718619178e-01,3.815715819498615713e-01,4.703293148516008437e-01,9.811294648389989881e-02,2.753518670885150565e-01,2.215206681674882286e-02,4.346067181271497937e-01,6.199960696366202395e-01,7.386755123530924783e-01,7.445979968806413218e-01,3.845615161640069113e-01,4.699470594831345882e-01,4.909400812695319805e-01,7.466355930882325742e-01,-1.932566628047039520e-02,8.639955057369919089e-02,4.614047324728736688e-01,5.649238971306097534e-01,9.088451779646394835e-02,7.532607509121579392e-01,1.304158111300422473e-01,5.741303980460238376e-01,4.755867747025734893e-01
7.766275966214911675e-01,6.184320095587539923e-01,5.374682991286648948e-01,-6.703397795605461895e-02,5.903896344293816378e-01,-1.667534949189065641e-01,-1.556262882619144916e-01,-6.908901456137817032e-01,7.432086481126262134e-01,1.000000000000000000e+00,-4.133251176527719672e-01,2.496476416844031210e-01,-3.123741402768823172e-01,6.876319581990861796e-01,5.973164544986666602e-01,7.380142280920736209e-01,-5.604207140085012105e-03,4.557826731193432290e-01,5.281465272236414155e-01,-9.274166473378207820e-02,2.618932717907144769e-01,3.551755648717457720e-02,4.340181326339935808e-01,5.295874875465561571e-01,7.068127694450694332e-01,5.453364681012196069e-01,1.785329991567750074e-01,5.355875498994444595e-01,4.155715112228868802e-01,8.149412018388607626e-01,-1.083534276836017607e-01,-7.561497780576221205e-03,3.454683517351056499e-01,6.972885107566909602e-01,-1.433770807700239236e-01,7.850680409542823979e-01,7.205034036427868105e-02,6.389217502166879559e-01,5.661514104787235269e-01
-5.081558509435559756e-01,8.857908262864372384e-02,-1.925774857320053379e-01,-2.329663567016015263e-02,-2.405364428387802844e-01,2.321907443468294585e-01,3.221981161784863712e-01,3.940980934594521812e-01,-2.494587881137363128e-01,-4.133251176527719672e-01,1.000000000000000000e+00,2.101683166727212060e-01,5.494079229499583272e-01,-1.407709685919910914e-01,-6.962401176654280377e-01,-6.327589570999652135e-01,4.728174729723336744e-01,-6.411566492879030577e-01,-3.472520444122166317e-01,-8.073257648266765618e-02,-4.410469657949566136e-01,-1.144918860080424566e-01,2.918572733546285214e-01,9.463488987887548609e-02,-3.731777859356188443e-01,-1.349221392808221121e-01,4.467248221658069451e-01,-6.370327022776310910e-01,-2.589938416254951581e-01,-2.893987772285709359e-01,4.894805851832300658e-01,6.186871165483832646e-01,-2.817092982057192163e-01,-5.113015551955900628e-01,3.777872557764254680e-01,-1.743463657425687596e-01,9.398798575722314141e-02,-6.052498147453868604e-01,5.559196302108997123e-02
1.028825884703461931e-02,5.356283893892547221e-01,-1.489341664226233874e-01,-1.138583646236144553e-01,1.770235151641877946e-01,1.803268510382284584e-01,3.556798084383529235e-02,-9.363057736135288467e-02,5.409292670035992928e-02,2.496476416844031210e-01,2.101683166727212060e-01,1.000000000000000000e+00,1.723631407697412410e-01,4.295667132641672881e-02,-8.766386475079988860e-02,7.543473260594751872e-02,3.787514696895646297e-03,-1.198500920508368955e-01,2.370952267074716291e-01,-5.517637231597480874e-01,-2.463146847830481045e-01,-2.569516910140806978e-02,5.225852376843651559e-01,3.172742125671316193e-01,2.262480984110384896e-02,-1.971225880767389083e-01,1.614987146393070394e-01,-2.622653193343836842e-01,-1.069453734512483961e-01,1.628690313278830792e-01,1.914694777854314134e-01,2.571338738234806853e-01,-2.701037156256498872e-01,2.397279999183152821e-01,-5.867529816667353681e-02,2.923607087247632741e-01,-4.297283101659404858e-02,-1.213410824026083246e-01,5.493130789894244970e-01
-4.540650090217056012e-01,1.739932567394821689e-02,4.336984634106776093e-02,2.443956456783463183e-01,-1.553187650605022674e-01,4.134689526344862975e-01,4.836685329577636860e-01,2.702897880621540905e-01,-1.029004404000908868e-01,-3.123741402768823172e-01,5.494079229499583272e-01,1.723631407697412410e-01,1.000000000000000000e+00,-1.279689619651823429e-01,-5.128856280341466123e-01,-5.688272141049925956e-01,4.677778460671042637e-01,-3.524143769673594995e-01,-4.995938220851734585e-02,1.620637339057877657e-01,-1.481741835059570134e-01,2.876897810958475854e-01,2.301988710150083273e-01,2.199209305935423964e-01,-3.406821008464369083e-01,7.435018879347166099e-02,5.317037855482381614e-01,-4.218500834587017856e-01,-4.620153244085582062e-02,-2.988636098110369899e-01,5.204487521130807259e-01,5.429201296712770075e-01,7.669596199087398702e-02,-3.918526846207153747e-01,5.417877782430157163e-01,-1.953852825537135407e-01,2.632375227029385978e-01,-5.691162921884033166e-01,-1.223697942307479247e-01
6.421413793792450919e-01,5.083352283451687548e-01,5.957975835767597150e-01,5.189534944745261696e-02,5.048048933935178617e-01,-1.485757417651931978e-01,-8.268348996125897410e-02,-5.229170441305631689e-01,7.672613980913768339e-01,6.876319581990861796e-01,-1.407709685919910914e-01,4.295667132641672881e-02,-1.279689619651823429e-01,1.000000000000000000e+00,3.586500783082592902e-01,5.092492652411166887e-01,2.683828781141135433e-01,2.824052357736717145e-01,3.259066349456705147e-01,1.492772017798888740e-01,2.199575148750198827e-01,-5.488967129707222892e-02,4.278196262772931968e-01,6.516070668676362532e-01,6.677850212336733371e-01,7.118951538996123318e-01,3.967536039478495313e-01,4.495023959414173875e-01,5.938862046185977572e-01,7.128407707655705083e-01,1.180832011757163846e-01,2.261574531616756811e-01,4.978600805556840925e-01,3.923937778184085068e-01,1.976436521196081597e-01,6.596281523617215647e-01,2.882246506576205403e-01,5.142835237768511591e-01,4.764476540744987942e-01
7.723936734677655513e-01,1.802570284307883630e-01,3.605503981667162461e-01,3.092052832471195358e-03,4.399131330826687170e-01,-1.743327904955425389e-01,-3.648212640164990028e-01,-6.429182938458409824e-01,4.989819359218340966e-01,5.973164544986666602e-01,-6.962401176654280377e-01,-8.766386475079988860e-02,-5.128856280341466123e-01,3.586500783082592902e-01,1.000000000000000000e+00,8.132602929697458904e-01,-4.085951102178106975e-01,8.303417747894159540e-01,5.732461140828450930e-01,-1.180876674882640545e-02,5.886886950757415082e-01,2.397008236335727294e-01,1.800014189155949018e-02,1.384274816759756832e-01,5.281094143179927425e-01,2.652730689693146848e-01,-3.385325182883925366e-01,8.183944661257274156e-01,3.450955331128592318e-01,5.573286987337673359e-01,-5.279260544417757606e-01,-4.590423188873085647e-01,3.884364273555233615e-01,7.758400651735606335e-01,-4.501431757183670390e-01,4.665748227979079621e-01,2.150857928309920369e-02,8.153015541109002173e-01,1.903707033336443089e-01
8.444970368783052406e-01,3.722598550136038686e-01,2.870437231487341645e-01,-7.296553423580851017e-02,4.887634719197364030e-01,-2.300309465142509058e-01,-3.331920530580825823e-01,-6.168512846663888327e-01,5.506175793043215361e-01,7.380142280920736209e-01,-6.327589570999652135e-01,7.543473260594751872e-02,-5.688272141049925956e-01,5.092492652411166887e-01,8.132602929697458904e-01,1.000000000000000000e+00,-3.404264902527471270e-01,6.841354583346425100e-01,5.331842915553095530e-01,-1.609305154376902414e-01,4.243386404780178367e-01,8.766748087959577718e-02,2.079808709243671228e-01,2.593978979071571711e-01,6.390682687428714814e-01,2.540981502568427919e-01,-2.626731494252742549e-01,7.194714868312054312e-01,3.676352183119100392e-01,6.921515927755187425e-01,-4.648862313084360931e-01,-3.618891148466391039e-01,2.885082764155865731e-01,7.542647802529890422e-01,-4.660530919786445847e-01,5.801211310793792375e-01,-1.405639488875936455e-02,8.192814308502404108e-01,3.956075268712296311e-01
-1.471385199060004922e-01,2.415974358394568366e-01,3.904805813384211177e-01,1.958851413834367949e-01,-3.209264120276998644e-02,2.026052796925568722e-01,2.519448099426609411e-01,-1.992425808948073557e-02,1.777049904718619178e-01,-5.604207140085012105e-03,4.728174729723336744e-01,3.787514696895646297e-03,4.677778460671042637e-01,2.683828781141135433e-01,-4.085951102178106975e-01,-3.404264902527471270e-01,1.000000000000000000e+00,-3.448249122534893796e-01,-1.107027923727414292e-01,3.389357607478761247e-01,-7.579444671503107744e-02,1.379612936682428626e-01,3.219064928121828095e-01,4.480947429326448961e-01,5.409833420167389079e-02,4.023090609028274200e-01,7.399666397573112508e-01,-1.477817188721749220e-01,1.241557773470687992e-01,3.293522018511974708e-02,6.227237442319915051e-01,6.908993725337765346e-01,3.092022806676634761e-01,-3.602554839728868141e-01,4.423532927370203982e-01,5.059935718187239667e-02,4.624519315663897512e-01,-2.940416669306480935e-01,3.738608835374201272e-02
6.558269699730726598e-01,9.152792489522500186e-02,3.747321220034016132e-01,2.656130140905038628e-01,3.615363091007749441e-01,4.871147231201880534e-02,-1.889633708104847265e-01,-5.523128089557378662e-01,3.815715819498615713e-01,4.557826731193432290e-01,-6.411566492879030577e-01,-1.198500920508368955e-01,-3.524143769673594995e-01,2.824052357736717145e-01,8.303417747894159540e-01,6.841354583346425100e-01,-3.448249122534893796e-01,1.000000000000000000e+00,6.291035086509180196e-01,1.202107879669752077e-01,7.109369360615540590e-01,3.834893201640177107e-01,6.099527555590351924e-03,1.473424262620683378e-01,4.132772251832965149e-01,2.458597062558592894e-01,-3.298667280325957574e-01,8.016713611415483554e-01,4.609194655910227034e-01,4.222175605667083387e-01,-3.992214405922732690e-01,-3.398899897079020738e-01,5.096401750598640312e-01,6.541924918271833089e-01,-2.705020780266609304e-01,3.038066734459897722e-01,1.923183704523499793e-01,6.880470374679865664e-01,3.410849198252711989e-02
5.374940119260516180e-01,3.515608498152676398e-01,4.277576820972170957e-01,2.441409723359117823e-01,5.664652194383074102e-01,2.229751168616740109e-01,-9.358824607107995783e-03,-6.273819078713052111e-01,4.703293148516008437e-01,5.281465272236414155e-01,-3.472520444122166317e-01,2.370952267074716291e-01,-4.995938220851734585e-02,3.259066349456705147e-01,5.732461140828450930e-01,5.331842915553095530e-01,-1.107027923727414292e-01,6.291035086509180196e-01,1.000000000000000000e+00,-1.324104126441598139e-01,4.719709915190154481e-01,3.177986167574969323e-01,3.936206115802496908e-01,3.484798938892164077e-01,3.825395856235551117e-01,2.397503927848409211e-01,3.559675056956942193e-03,5.129714977535689835e-01,2.388867356989674007e-01,4.991834089142596631e-01,-1.417756908881183386e-01,-4.014925793755793476e-02,3.570311874597685287e-01,6.533709177037810845e-01,-1.777807570561927009e-01,4.138095096699789255e-01,1.601946354476133649e-01,4.404101956031966636e-01,1.047599075014681858e-01
-6.350908227050308663e-02,-2.847463974633477335e-01,4.913804525486533681e-01,3.982304367272995749e-01,-9.068520839808048850e-02,-6.420531973339026199e-02,2.311129258937967557e-01,-7.454351850513710361e-03,9.811294648389989881e-02,-9.274166473378207820e-02,-8.073257648266765618e-02,-5.517637231597480874e-01,1.620637339057877657e-01,1.492772017798888740e-01,-1.180876674882640545e-02,-1.609305154376902414e-01,3.389357607478761247e-01,1.202107879669752077e-01,-1.324104126441598139e-01,1.000000000000000000e+00,3.226746402651760048e-01,2.438388538857026722e-01,-3.082042656730865637e-01,2.670903404359107822e-02,4.697240510144996134e-02,4.769713267502596055e-01,2.763405706463735179e-01,2.451050769343251778e-01,2.941823182171677820e-01,-1.360557943924798653e-02,2.187407230373766831e-01,1.454729709094704504e-01,5.712790163393924869e-01,-2.418918640690015942e-01,4.216250701587105354e-01,-1.672951095172775515e-01,3.499942449144651802e-01,-1.937155393949826013e-02,-3.637832101280040198e-01
4.424166861040209064e-01,3.312081815975964627e-02,4.659885759779980874e-01,2.698480853783383759e-01,1.340663629687288416e-01,1.915061784427381508e-01,-2.037451280340791260e-01,-4.913717458079118749e-01,2.753518670885150565e-01,2.618932717907144769e-01,-4.410469657949566136e-01,-2.463146847830481045e-01,-1.481741835059570134e-01,2.199575148750198827e-01,5.886886950757415082e-01,4.243386404780178367e-01,-7.579444671503107744e-02,7.109369360615540590e-01,4.719709915190154481e-01,3.226746402651760048e-01,1.000000000000000000e+00,4.742501566169531335e-01,-1.409054933301728514e-03,1.617608985896322460e-01,3.159371363378896125e-01,2.287243069924383421e-01,-1.459965203192841177e-01,6.911862774742536519e-01,4.019030903158134493e-01,2.179483604469940050e-01,-1.754748831848666202e-01,-1.114174081181762699e-01,6.263761094881584723e-01,3.885700400278426780e-01,-1.164969338619590011e-01,1.251292920597784353e-01,3.427455564086577811e-01,4.358582235337814526e-01,-9.502237710769424750e-02
8.678457598324249012e-02,8.081770901943768903e-02,3.226829253235660722e-01,2.607938079662290298e-01,4.048060280819163088e-03,2.822922003104190725e-01,1.577278509073500729e-02,-2.887298746765056268e-01,2.215206681674882286e-02,3.551755648717457720e-02,-1.144918860080424566e-01,-2.569516910140806978e-02,2.876897810958475854e-01,-5.488967129707222892e-02,2.397008236335727294e-01,8.766748087959577718e-02,1.379612936682428626e-01,3.834893201640177107e-01,3.177986167574969323e-01,2.438388538857026722e-01,4.742501566169531335e-01,1.000000000000000000e+00,-2.218991795958480742e-02,1.261964066448106880e-01,-1.039786375552400055e-01,4.706535408619848260e-02,5.208113732900216536e-02,3.618659874920390762e-01,1.465510135266430425e-01,-1.711366897903277007e-02,8.952038192895907243e-02,1.151293779718528809e-01,4.751483020260797163e-01,1.114116876028378167e-01,-2.625225201025518582e-02,-9.149583589728724209e-02,4.247651776560881776e-01,5.784855030469289450e-02,-1.370322225960175500e-01
3.246734791070086112e-01,6.909894522675353867e-01,1.842214883175435913e-01,7.532277978712928479e-02,3.383588962278841761e-01,3.079022063509505580e-01,1.995665895746306928e-01,-2.559385184838507410e-01,4.346067181271497937e-01,4.340181326339935808e-01,2.918572733546285214e-01,5.225852376843651559e-01,2.301988710150083273e-01,4.278196262772931968e-01,1.800014189155949018e-02,2.079808709243671228e-01,3.219064928121828095e-01,6.099527555590351924e-03,3.936206115802496908e-01,-3.082042656730865637e-01,-1.409054933301728514e-03,-2.218991795958480742e-02,1.000000000000000000e+00,6.441837526239427847e-01,4.094200547767461451e-01,2.369432452712782189e-01,4.249836693688523459e-01,-1.573429964242352777e-02,2.536854201913929518e-01,5.053787098148794232e-01,2.297647394522708830e-01,5.038473185681661137e-01,1.021880731984904089e-01,2.640532115557657211e-01,1.656183321706040101e-01,5.480784138760671498e-01,2.728342210848451188e-01,1.346596666502184458e-01,5.621705574447256604e-01
4.087064567746679922e-01,5.832201089038230313e-01,4.744446622728242247e-01,9.047918842223064140e-02,3.667066193375357885e-01,1.673846634658688881e-01,5.333685410209616784e-02,-3.845792039307074917e-01,6.199960696366202395e-01,5.295874875465561571e-01,9.463488987887548609e-02,3.172742125671316193e-01,2.199209305935423964e-01,6.516070668676362532e-01,1.384274816759756832e-01,2.593978979071571711e-01,4.480947429326448961e-01,1.473424262620683378e-01,3.484798938892164077e-01,2.670903404359107822e-02,1.617608985896322460e-01,1.261964066448106880e-01,6.441837526239427847e-01,1.000000000000000000e+00,4.592865102890326678e-01,5.549129666320422594e-01,5.544156933645318919e-01,1.934843784541102341e-01,4.969236107526240898e-01,5.055271286764873029e-01,3.392119145223892462e-01,4.718839706453729632e-01,3.816084994167713851e-01,2.585483314488764006e-01,3.437751705193838880e-01,5.320058141280518127e-01,4.155388502117932648e-01,2.088437134082631319e-01,4.906531076512624101e-01
7.135358255143254835e-01,4.794699371532444299e-01,4.331468979291437371e-01,9.155521966897478547e-02,5.065915340046203141e-01,-2.617936396475556426e-01,-1.345900223195405088e-01,-4.379721779021688577e-01,7.386755123530924783e-01,7.068127694450694332e-01,-3.731777859356188443e-01,2.262480984110384896e-02,-3.406821008464369083e-01,6.677850212336733371e-01,5.281094143179927425e-01,6.390682687428714814e-01,5.409833420167389079e-02,4.132772251832965149e-01,3.825395856235551117e-01,4.697240510144996134e-02,3.159371363378896125e-01,-1.039786375552400055e-01,4.094200547767461451e-01,4.592865102890326678e-01,1.000000000000000000e+00,5.763352165922950299e-01,1.302225731689003463e-01,4.975999052351662844e-01,5.236934179421878222e-01,7.476720150243987284e-01,-1.945075590797132048e-01,-8.989638910166961039e-02,4.089926361123410459e-01,5.392014301103873475e-01,-3.717029364816382825e-02,7.125790534880629412e-01,7.410043274877828323e-02,6.762072218382692013e-01,4.485770963585332671e-01
4.531510886867040622e-01,2.992923499897811590e-01,7.524293312847217807e-01,1.765019002214472110e-01,3.838604910914880652e-01,-1.132072872236199734e-01,1.142787322985586163e-01,-4.033614619159721637e-01,7.445979968806413218e-01,5.453364681012196069e-01,-1.349221392808221121e-01,-1.971225880767389083e-01,7.435018879347166099e-02,7.118951538996123318e-01,2.652730689693146848e-01,2.540981502568427919e-01,4.023090609028274200e-01,2.458597062558592894e-01,2.397503927848409211e-01,4.769713267502596055e-01,2.287243069924383421e-01,4.706535408619848260e-02,2.369432452712782189e-01,5.549129666320422594e-01,5.763352165922950299e-01,1.000000000000000000e+00,5.840910737227269500e-01,3.905031270683281819e-01,5.795879209195327064e-01,5.677725050968918108e-01,2.607611149895618374e-01,2.417072654353724925e-01,6.040427690519967197e-01,2.269781855578140439e-01,4.355149911494676784e-01,5.159250757088160722e-01,2.982377357051989586e-01,3.431536508924857287e-01,1.983105853904483795e-01
-6.478609500884369155e-02,3.602073383427817910e-01,5.140955556728847853e-01,9.372297943367391415e-02,8.334916443240752981e-02,1.875722863778075122e-01,3.005593927309363478e-01,-1.222741379845014575e-01,3.845615161640069113e-01,1.785329991567750074e-01,4.467248221658069451e-01,1.614987146393070394e-01,5.317037855482381614e-01,3.967536039478495313e-01,-3.385325182883925366e-01,-2.626731494252742549e-01,7.399666397573112508e-01,-3.298667280325957574e-01,3.559675056956942193e-03,2.763405706463735179e-01,-1.459965203192841177e-01,5.208113732900216536e-02,4.249836693688523459e-01,5.544156933645318919e-01,1.302225731689003463e-01,5.840910737227269500e-01,1.000000000000000000e+00,-1.611146348444893461e-01,1.669757826248849386e-01,1.924240067374947405e-01,7.127060685639783344e-01,7.031958865898038091e-01,3.059265397227288186e-01,-2.122302152837789724e-01,5.541716177361727391e-01,2.215284382460380175e-01,3.818281659707059017e-01,-2.757238060852330030e-01,2.174196717538089130e-01
7.286601185627457067e-01,1.265908020394871658e-01,5.609942861766770150e-01,1.967443478295023418e-01,3.426960135404470975e-01,-3.988680569569331286e-02,-2.883300910386175642e-01,-6.980236224579617899e-01,4.699470594831345882e-01,5.355875498994444595e-01,-6.370327022776310910e-01,-2.622653193343836842e-01,-4.218500834587017856e-01,4.495023959414173875e-01,8.183944661257274156e-01,7.194714868312054312e-01,-1.477817188721749220e-01,8.016713611415483554e-01,5.129714977535689835e-01,2.451050769343251778e-01,6.911862774742536519e-01,3.618659874920390762e-01,-1.573429964242352777e-02,1.934843784541102341e-01,4.975999052351662844e-01,3.905031270683281819e-01,-1.611146348444893461e-01,1.000000000000000000e+00,4.513402383221284953e-01,5.085177315509703533e-01,-2.816586334061162433e-01,-2.433004748074615309e-01,6.476023357480342746e-01,5.817559453275628067e-01,-2.985948824942054602e-01,3.385788436907898880e-01,3.191811678344116943e-01,7.481531980682404326e-01,7.467697035499185065e-02
4.994187870349580116e-01,2.878312291287262736e-01,3.823912943025761790e-01,2.800323682966374128e-01,2.810073868644655803e-01,1.860197137708552717e-01,4.803519032672910055e-02,-2.440552728394770055e-01,4.909400812695319805e-01,4.155715112228868802e-01,-2.589938416254951581e-01,-1.069453734512483961e-01,-4.620153244085582062e-02,5.938862046185977572e-01,3.450955331128592318e-01,3.676352183119100392e-01,1.241557773470687992e-01,4.609194655910227034e-01,2.388867356989674007e-01,2.941823182171677820e-01,4.019030903158134493e-01,1.465510135266430425e-01,2.536854201913929518e-01,4.969236107526240898e-01,5.236934179421878222e-01,5.795879209195327064e-01,1.669757826248849386e-01,4.513402383221284953e-01,1.000000000000000000e+00,4.685528419333076511e-01,9.214825178939042849e-02,1.776537332748340525e-01,5.599747657257324596e-01,2.231643295797518245e-01,4.330952793858393601e-01,3.571792867835657526e-01,4.972348605216976303e-01,4.692921270126600430e-01,1.908886652437012110e-01
7.617042583927604582e-01,5.935613412743774298e-01,5.008267748581235468e-01,8.248253406326502488e-03,5.610110472014706584e-01,-1.372773110252607787e-01,-3.273151875756762780e-02,-5.773190526630487263e-01,7.466355930882325742e-01,8.149412018388607626e-01,-2.893987772285709359e-01,1.628690313278830792e-01,-2.988636098110369899e-01,7.128407707655705083e-01,5.573286987337673359e-01,6.921515927755187425e-01,3.293522018511974708e-02,4.222175605667083387e-01,4.991834089142596631e-01,-1.360557943924798653e-02,2.179483604469940050e-01,-1.711366897903277007e-02,5.053787098148794232e-01,5.055271286764873029e-01,7.476720150243987284e-01,5.677725050968918108e-01,1.924240067374947405e-01,5.085177315509703533e-01,4.685528419333076511e-01,1.000000000000000000e+00,-1.217761671466373735e-01,6.936063338358268437e-02,3.768174655513728544e-01,6.106981402255881042e-01,-5.142210883532145199e-02,7.512984987391841951e-01,1.529806842682273627e-01,6.748768936111044781e-01,5.434065715036573430e-01
-3.419907173079994589e-01,1.661752374557093070e-01,3.225602935739900201e-01,2.058172410771755834e-01,-1.562401340435893293e-01,4.157230107391593488e-01,3.466722291340644246e-01,4.636551689792838687e-02,-1.932566628047039520e-02,-1.083534276836017607e-01,4.894805851832300658e-01,1.914694777854314134e-01,5.204487521130807259e-01,1.180832011757163846e-01,-5.279260544417757606e-01,-4.648862313084360931e-01,6.227237442319915051e-01,-3.992214405922732690e-01,-1.417756908881183386e-01,2.187407230373766831e-01,-1.754748831848666202e-01,8.952038192895907243e-02,2.297647394522708830e-01,3.392119145223892462e-01,-1.945075590797132048e-01,2.607611149895618374e-01,7.127060685639783344e-01,-2.816586334061162433e-01,9.214825178939042849e-02,-1.217761671466373735e-01,1.000000000000000000e+00,7.277379615212330455e-01,2.194190531203540351e-01,-4.374567364621818055e-01,6.024395099192186853e-01,-1.320006299675506312e-01,4.444497358300072976e-01,-5.237335586229072693e-01,4.675980635703409077e-02
-1.837290693383847040e-01,3.764800105341425396e-01,2.734976672178847656e-01,1.757984385650481762e-01,-3.651096983246227695e-02,5.324821097394071279e-01,3.452363657980284106e-01,-1.135408575961848257e-02,8.639955057369919089e-02,-7.561497780576221205e-03,6.186871165483832646e-01,2.571338738234806853e-01,5.429201296712770075e-01,2.261574531616756811e-01,-4.590423188873085647e-01,-3.618891148466391039e-01,6.908993725337765346e-01,-3.398899897079020738e-01,-4.014925793755793476e-02,1.454729709094704504e-01,-1.114174081181762699e-01,1.151293779718528809e-01,5.038473185681661137e-01,4.718839706453729632e-01,-8.989638910166961039e-02,2.417072654353724925e-01,7.031958865898038091e-01,-2.433004748074615309e-01,1.776537332748340525e-01,6.936063338358268437e-02,7.277379615212330455e-01,1.000000000000000000e+00,2.088496588916608498e-01,-3.363724510881641039e-01,5.438720638163884180e-01,1.766558392865337848e-02,5.941960139126393203e-01,-3.514136320684818626e-01,2.216912413395323855e-01
3.901165340503755519e-01,1.494591145292591960e-01,7.354036433276620599e-01,4.672246820900038955e-01,1.797608802923170157e-01,1.533916307251259048e-01,8.882475871113412746e-02,-4.475313773931473560e-01,4.614047324728736688e-01,3.454683517351056499e-01,-2.817092982057192163e-01,-2.701037156256498872e-01,7.669596199087398702e-02,4.978600805556840925e-01,3.884364273555233615e-01,2.885082764155865731e-01,3.092022806676634761e-01,5.096401750598640312e-01,3.570311874597685287e-01,5.712790163393924869e-01,6.263761094881584723e-01,4.751483020260797163e-01,1.021880731984904089e-01,3.816084994167713851e-01,4.089926361123410459e-01,6.040427690519967197e-01,3.059265397227288186e-01,6.476023357480342746e-01,5.599747657257324596e-01,3.768174655513728544e-01,2.194190531203540351e-01,2.088496588916608498e-01,1.000000000000000000e+00,1.622586378933021933e-01,2.753256073819562166e-01,1.860991695078716701e-01,6.361050201673019711e-01,3.647947909489395180e-01,-4.108395824911503617e-03
7.090404283864546464e-01,3.735257118055700376e-01,3.211782541206965602e-01,-4.829178312818455804e-02,6.692043695674755321e-01,-1.613501645717765887e-01,-2.778300744699721547e-01,-6.774487334119172477e-01,5.649238971306097534e-01,6.972885107566909602e-01,-5.113015551955900628e-01,2.397279999183152821e-01,-3.918526846207153747e-01,3.923937778184085068e-01,7.758400651735606335e-01,7.542647802529890422e-01,-3.602554839728868141e-01,6.541924918271833089e-01,6.533709177037810845e-01,-2.418918640690015942e-01,3.885700400278426780e-01,1.114116876028378167e-01,2.640532115557657211e-01,2.585483314488764006e-01,5.392014301103873475e-01,2.269781855578140439e-01,-2.122302152837789724e-01,5.817559453275628067e-01,2.231643295797518245e-01,6.106981402255881042e-01,-4.374567364621818055e-01,-3.363724510881641039e-01,1.622586378933021933e-01,1.000000000000000000e+00,-4.251106771329115075e-01,6.575396018308239388e-01,-1.703146411894954637e-01,6.600846081634478280e-01,3.881602167451205787e-01
-3.024451348825806796e-01,1.171797600268921838e-03,2.178192516568648873e-01,3.172465330165810671e-01,-1.003150329193312484e-01,3.057610637291451883e-01,4.691346690794446772e-01,2.852927581914337374e-01,9.088451779646394835e-02,-1.433770807700239236e-01,3.777872557764254680e-01,-5.867529816667353681e-02,5.417877782430157163e-01,1.976436521196081597e-01,-4.501431757183670390e-01,-4.660530919786445847e-01,4.423532927370203982e-01,-2.705020780266609304e-01,-1.777807570561927009e-01,4.216250701587105354e-01,-1.164969338619590011e-01,-2.625225201025518582e-02,1.656183321706040101e-01,3.437751705193838880e-01,-3.717029364816382825e-02,4.355149911494676784e-01,5.541716177361727391e-01,-2.985948824942054602e-01,4.330952793858393601e-01,-5.142210883532145199e-02,6.024395099192186853e-01,5.438720638163884180e-01,2.753256073819562166e-01,-4.251106771329115075e-01,1.000000000000000000e+00,-6.459065784583808978e-02,3.958965828740256265e-01,-3.553629896443412650e-01,-8.701020229228823011e-02
6.666141629538016034e-01,6.040813807585059259e-01,4.059144509432905390e-01,-9.574772171211869132e-02,5.621501377801221278e-01,-2.314910439376575979e-01,-1.306907633351132858e-01,-5.385917227350214276e-01,7.532607509121579392e-01,7.850680409542823979e-01,-1.743463657425687596e-01,2.923607087247632741e-01,-1.953852825537135407e-01,6.596281523617215647e-01,4.665748227979079621e-01,5.801211310793792375e-01,5.059935718187239667e-02,3.038066734459897722e-01,4.138095096699789255e-01,-1.672951095172775515e-01,1.251292920597784353e-01,-9.149583589728724209e-02,5.480784138760671498e-01,5.320058141280518127e-01,7.125790534880629412e-01,5.159250757088160722e-01,2.215284382460380175e-01,3.385788436907898880e-01,3.571792867835657526e-01,7.512984987391841951e-01,-1.320006299675506312e-01,1.766558392865337848e-02,1.860991695078716701e-01,6.575396018308239388e-01,-6.459065784583808978e-02,1.000000000000000000e+00,-4.976376109037967954e-02,5.322171405583560055e-01,5.977184637129769884e-01
1.137615064242851193e-01,1.993705627746721887e-01,4.010931658354832674e-01,4.181890100688335221e-01,-3.343381527746580595e-02,5.634159789635322380e-01,1.605118659028709482e-01,-1.866322478752852621e-01,1.304158111300422473e-01,7.205034036427868105e-02,9.398798575722314141e-02,-4.297283101659404858e-02,2.632375227029385978e-01,2.882246506576205403e-01,2.150857928309920369e-02,-1.405639488875936455e-02,4.624519315663897512e-01,1.923183704523499793e-01,1.601946354476133649e-01,3.499942449144651802e-01,3.427455564086577811e-01,4.247651776560881776e-01,2.728342210848451188e-01,4.155388502117932648e-01,7.410043274877828323e-02,2.982377357051989586e-01,3.818281659707059017e-01,3.191811678344116943e-01,4.972348605216976303e-01,1.529806842682273627e-01,4.444497358300072976e-01,5.941960139126393203e-01,6.361050201673019711e-01,-1.703146411894954637e-01,3.958965828740256265e-01,-4.976376109037967954e-02,1.000000000000000000e+00,7.965501614783990214e-02,1.332797273617880238e-02
8.422172672566748952e-01,3.051838463796065493e-01,2.911694415782815626e-01,-8.821604840292967403e-03,4.669345460498033895e-01,-2.566160201423136056e-01,-3.447596136122846322e-01,-5.392031720548082774e-01,5.741303980460238376e-01,6.389217502166879559e-01,-6.052498147453868604e-01,-1.213410824026083246e-01,-5.691162921884033166e-01,5.142835237768511591e-01,8.153015541109002173e-01,8.192814308502404108e-01,-2.940416669306480935e-01,6.880470374679865664e-01,4.404101956031966636e-01,-1.937155393949826013e-02,4.358582235337814526e-01,5.784855030469289450e-02,1.346596666502184458e-01,2.088437134082631319e-01,6.762072218382692013e-01,3.431536508924857287e-01,-2.757238060852330030e-01,7.481531980682404326e-01,4.692921270126600430e-01,6.748768936111044781e-01,-5.237335586229072693e-01,-3.514136320684818626e-01,3.647947909489395180e-01,6.600846081634478280e-01,-3.553629896443412650e-01,5.322171405583560055e-01,7.965501614783990214e-02,1.000000000000000000e+00,3.320785668347807085e-01
4.455977457897079552e-01,7.607302535494308016e-01,1.198951239505042787e-01,-2.982546063309253204e-01,3.110071677240728305e-01,-9.697974836427060430e-02,-1.401347320392124784e-01,-3.144820013769940581e-01,4.755867747025734893e-01,5.661514104787235269e-01,5.559196302108997123e-02,5.493130789894244970e-01,-1.223697942307479247e-01,4.764476540744987942e-01,1.903707033336443089e-01,3.956075268712296311e-01,3.738608835374201272e-02,3.410849198252711989e-02,1.047599075014681858e-01,-3.637832101280040198e-01,-9.502237710769424750e-02,-1.370322225960175500e-01,5.621705574447256604e-01,4.906531076512624101e-01,4.485770963585332671e-01,1.983105853904483795e-01,2.174196717538089130e-01,7.467697035499185065e-02,1.908886652437012110e-01,5.434065715036573430e-01,4.675980635703409077e-02,2.216912413395323855e-01,-4.108395824911503617e-03,3.881602167451205787e-01,-8.701020229228823011e-02,5.977184637129769884e-01,1.332797273617880238e-02,3.320785668347807085e-01,1.000000000000000000e+00
