1.000000000000000000e+00,4.746628375940343814e-01,4.685075902019097960e-01,-1.733169916935019539e-01,2.233524843767833168e-01,6.377124671607786732e-01,3.137037779921765801e-01,-6.211450636524081803e-01,1.619624680167376096e-01,3.673240645268528448e-01,1.181898661267070105e-01,-2.350001255239133335e-01,-1.314041543205340667e-01,-9.445626015955931043e-02,-8.975180140749192126e-02,3.550001953698365686e-01,6.009906464029651785e-01,-1.110982813244609652e-01,1.964887353806304138e-01,4.730167410017909191e-01,6.114166600137330709e-01,6.287090747472958707e-01,7.133370311812332609e-01,7.010915247423535890e-01,6.386067362544152193e-01,2.682359040016196183e-01,3.894047107817730224e-01,1.121963756153844249e-01,7.075620262953210560e-01,7.004953819163647344e-01,6.283244432750645370e-01,5.991444335379353392e-01,2.592537863756844696e-01,-2.008312540482193320e-01,6.670971360350123058e-01,1.262543355784410681e-01,5.427937828853023339e-01,2.910169725639725757e-01,1.529123583169466061e-01
4.746628375940343814e-01,1.000000000000000000e+00,7.294814713093230596e-01,-1.280350011255890555e-02,4.092899532628693771e-01,3.865809137442580701e-01,-2.588242802055580605e-02,-7.249268796197793074e-01,6.309627555410820543e-01,6.854442703216007127e-01,1.964464339611361743e-01,2.878811126362371131e-01,-3.391300815740476149e-01,3.895487621028954073e-01,5.186896823186517569e-01,6.625050123091765775e-01,1.818734891474727278e-01,-1.093541035897513392e-01,2.205831665874765091e-01,4.892689005706163941e-01,5.677093075939699807e-01,5.213605319837301133e-01,5.009762904586549936e-01,4.679496099043344848e-01,6.773473905018866370e-01,6.870416849824113603e-01,7.246004527374850790e-01,6.730591456559978925e-01,3.823128320036536243e-01,5.101096053294367216e-01,4.961966110322256762e-01,6.721887071492937960e-01,5.818266329987722418e-01,3.808294705022537974e-01,2.480425663302958106e-01,4.345557182700551246e-01,7.052239559260610191e-01,5.887696123637772283e-01,6.231514933023528657e-01
4.685075902019097960e-01,7.294814713093230596e-01,1.000000000000000000e+00,3.006246381226907460e-01,3.752994119937791972e-01,2.473672741075422510e-01,2.034810299425641733e-01,-8.428455251671754800e-01,5.270429962106150112e-01,6.739917754889529489e-01,1.205762952203983523e-01,3.499070224992689160e-01,-3.453259570216505314e-01,4.608212409282388955e-01,5.182757195686017448e-01,7.036335572343276334e-01,8.496756313803255356e-03,9.430475812973612704e-02,4.778851470055532902e-01,5.555199770703691531e-01,4.866514182490376261e-01,5.038117562793390514e-01,4.055452317514315341e-01,3.350580956245020614e-01,5.646711842086846733e-01,6.759471156423407789e-01,7.144412675460062312e-01,6.858754249157464900e-01,2.451285328454304580e-01,5.870293622447053661e-01,3.810579286402570043e-01,5.287587926274480710e-01,5.558090406569239361e-01,3.999364583684238417e-01,1.166367685653503794e-01,6.179972450602128076e-01,5.918724150869214551e-01,4.485283651213205491e-01,4.143099214558134125e-01
-1.733169916935019539e-01,-1.280350011255890555e-02,3.006246381226907460e-01,1.000000000000000000e+00,-1.705403775159253579e-02,-2.575416659009541753e-01,3.540480463972496272e-01,-1.657316021224426728e-01,-6.208613806036977073e-02,1.190601079715384591e-01,1.059582611531253438e-01,2.465483796043190234e-01,1.490268224430106592e-01,2.688308035275245866e-01,2.307539030067974339e-01,1.557567223246986154e-01,-3.995189169542500141e-01,3.661381875370599004e-01,3.724534912534800402e-01,2.682752491633376701e-01,-1.372465058382664194e-01,-4.811706125983169872e-03,-2.034812989242724135e-01,-2.601171372494232026e-01,-9.736426457697515413e-02,7.100374561309875932e-02,3.123859013952388214e-02,2.948079996984676043e-01,-2.993136264468683749e-01,-2.686849484801252363e-03,-3.829384592807666965e-01,-1.147366596657526661e-01,1.486515098011867431e-01,2.221034534981959907e-01,-3.042568891229785466e-01,2.223809102949395045e-01,-8.110069553604555559e-03,-1.265491745993738704e-01,-8.641116606936759259e-02
2.233524843767833168e-01,4.092899532628693771e-01,3.752994119937791972e-01,-1.705403775159253579e-02,1.000000000000000000e+00,2.350439344770311190e-01,4.448976373979847410e-03,-5.147614007892615806e-01,5.017954120123676587e-01,2.295096399795504005e-01,-3.469907753223981650e-02,-4.322061043069364700e-02,-4.287559118339712150e-01,8.735107279759098120e-02,2.583648440275869151e-01,2.332021648898915389e-01,1.709398937967527843e-01,4.231100371250561820e-01,5.089532441758870540e-01,1.133323505741988951e-01,1.978570291936911085e-01,9.425212002620100837e-02,2.966980204033257684e-01,2.890343801771160237e-01,3.177178596652660558e-01,4.586189844622857170e-01,2.630464244352236913e-01,2.517275477507623926e-01,2.568659193609373892e-01,2.596701755670448031e-01,4.915740179985630953e-01,3.557964732327487667e-01,1.307958362734468472e-01,3.961925746183309061e-01,1.995891671834964243e-01,2.141817747797719884e-01,3.252219533185248257e-01,2.516032506811965996e-01,4.089970976715657236e-01
6.377124671607786732e-01,3.865809137442580701e-01,2.473672741075422510e-01,-2.575416659009541753e-01,2.350439344770311190e-01,1.000000000000000000e+00,3.191154687836859627e-01,-4.323066820945853928e-01,-2.486677226978870059e-02,1.337894320631442258e-01,6.864852559235226637e-02,-4.225418969434048821e-01,2.510587049147189678e-02,-2.592262271036032684e-01,-2.504038467713905480e-01,7.225330643236978212e-02,7.891694954345185309e-01,-1.880430170354450148e-01,-4.559688880852822562e-02,3.712021821221547779e-01,5.696457169824294953e-01,5.866716157800093701e-01,8.300996273987643059e-01,8.675485526113330126e-01,7.325293331703119915e-01,8.984464327956921681e-02,2.011591827897483975e-01,-1.943690207795155736e-02,8.496868536174904118e-01,4.789370484463082445e-01,6.541179428993939560e-01,7.789530954624594994e-01,2.804480811434288956e-01,-3.894787068627102999e-01,8.317594230623152063e-01,-2.941937758157996408e-01,6.953556032635247464e-01,1.018537968209434347e-01,1.677115827333909848e-01
3.137037779921765801e-01,-2.588242802055580605e-02,2.034810299425641733e-01,3.540480463972496272e-01,4.448976373979847410e-03,3.191154687836859627e-01,1.000000000000000000e+00,-2.550540780830299337e-01,-2.519571845390636278e-01,-7.773204755095866614e-03,1.791061113831854956e-01,-4.484891514126682077e-01,2.903731569245323607e-01,-2.482935320097523213e-01,-3.034380195495859356e-01,1.607675803695758979e-02,2.606209769038594914e-01,2.343332525905877650e-01,3.092247392785510418e-01,4.876218497030165300e-01,3.379918614252402920e-01,4.915805626850195398e-01,2.509072390217343962e-01,2.756384250577493811e-01,2.051986929686066830e-01,-1.791237891406423643e-01,-6.331549899503076395e-02,-5.833118628662117833e-02,3.074330775461549536e-01,4.384302371054028535e-01,2.647448216842646779e-02,2.164875422645071434e-01,2.041674251340235280e-01,-4.467407411969457343e-01,3.259591617702258248e-01,-7.470237385951716824e-02,2.323776220556814098e-01,-2.384809632748699226e-01,-3.407850667625698105e-01
-6.211450636524081803e-01,-7.249268796197793074e-01,-8.428455251671754800e-01,-1.657316021224426728e-01,-5.147614007892615806e-01,-4.323066820945853928e-01,-2.550540780830299337e-01,1.000000000000000000e+00,-4.946674087322207591e-01,-6.061836760314179839e-01,-6.897029499459780832e-02,-1.341196391722646319e-01,3.685850290033850229e-01,-2.954317969048292913e-01,-3.627674287901484496e-01,-6.252303422339028360e-01,-2.370895900816165636e-01,-1.445403723840261168e-01,-4.913540299716180337e-01,-5.412507674328950191e-01,-5.394479717411526654e-01,-5.396548006152502852e-01,-5.705822069015965559e-01,-5.168173584678660282e-01,-6.558142428408970659e-01,-6.348380617776067103e-01,-6.455270632781004991e-01,-5.396194646195922040e-01,-4.428476834740669443e-01,-6.719302741511673505e-01,-5.639112226174612941e-01,-6.267994971856251096e-01,-4.551292337967829948e-01,-2.792166082209576183e-01,-3.350946661403133575e-01,-5.041089736093854468e-01,-6.377136067484214799e-01,-4.114460663495161930e-01,-4.309296779338582795e-01
1.619624680167376096e-01,6.309627555410820543e-01,5.270429962106150112e-01,-6.208613806036977073e-02,5.017954120123676587e-01,-2.486677226978870059e-02,-2.519571845390636278e-01,-4.946674087322207591e-01,1.000000000000000000e+00,5.044329007435229828e-01,8.627490592782308121e-02,4.534985354066479180e-01,-5.379959975167140085e-01,4.221428622453772816e-01,6.457896707819082982e-01,5.395046301092391028e-01,-1.688225174656333982e-01,2.375857331267166445e-02,3.355527622778826657e-01,1.900035382884589785e-01,2.438287754569576915e-01,1.271441969430044949e-01,1.086908168582283868e-01,6.643590250023662103e-02,2.980614969816797744e-01,7.236142957805278275e-01,6.286121731893543618e-01,5.818951940599300654e-01,3.905169834769949694e-02,2.425974262678586013e-01,3.437789122005051046e-01,2.885361495624848005e-01,3.529190852946620938e-01,6.325078716513893307e-01,-1.304552806744274374e-01,5.576541215563705078e-01,3.029230160921063675e-01,6.861857027275433119e-01,6.534663151867529107e-01
3.673240645268528448e-01,6.854442703216007127e-01,6.739917754889529489e-01,1.190601079715384591e-01,2.295096399795504005e-01,1.337894320631442258e-01,-7.773204755095866614e-03,-6.061836760314179839e-01,5.044329007435229828e-01,1.000000000000000000e+00,1.841403079975957591e-01,3.730101385101565747e-01,-2.456835956260378095e-01,5.410981185885670453e-01,5.801997222502874862e-01,8.490826314463020275e-01,-3.465555970258127338e-02,-7.225423305967529353e-02,2.728794910253465877e-01,4.095504239025835602e-01,4.463976837655030949e-01,4.006083302489311104e-01,3.283965787411941006e-01,2.134469090573526129e-01,4.965895820959336238e-01,5.574636226531265448e-01,5.463794627043569996e-01,6.122664110990623243e-01,1.033687333817519954e-01,5.383815540521931231e-01,2.280723436925443937e-01,3.765122032218633508e-01,4.655337340840657312e-01,4.134655507463105839e-01,3.194573101820344374e-02,5.732570777492074221e-01,4.514148894068654161e-01,4.336568221924279598e-01,3.647156909619320153e-01
1.181898661267070105e-01,1.964464339611361743e-01,1.205762952203983523e-01,1.059582611531253438e-01,-3.469907753223981650e-02,6.864852559235226637e-02,1.791061113831854956e-01,-6.897029499459780832e-02,8.627490592782308121e-02,1.841403079975957591e-01,1.000000000000000000e+00,1.853303103668352270e-02,1.982479627540097988e-01,6.272724146340989682e-02,1.464395852408733323e-01,1.552697439680432168e-01,7.738444887969440911e-02,-8.792575687313067268e-02,2.175919324253934584e-02,4.050810857344818716e-01,3.815594520746457552e-01,4.118584426294055745e-01,8.645822030216406689e-03,2.735316464860449229e-02,1.561843600216149819e-01,3.837228750984190973e-02,1.090972590023393113e-01,2.331545495169168036e-01,2.565119883620214231e-02,1.287252091760437700e-01,-1.606517278402118665e-01,1.783511762570970105e-01,2.838631563661012658e-01,-5.866832718606430214e-02,-3.062784959031932333e-02,1.628270312618246285e-02,2.307994539148102153e-01,1.673247471535373732e-01,-8.826434660718363023e-02
-2.350001255239133335e-01,2.878811126362371131e-01,3.499070224992689160e-01,2.465483796043190234e-01,-4.322061043069364700e-02,-4.225418969434048821e-01,-4.484891514126682077e-01,-1.341196391722646319e-01,4.534985354066479180e-01,3.730101385101565747e-01,1.853303103668352270e-02,1.000000000000000000e+00,-2.543094288923400392e-01,5.073558748033755172e-01,6.805140833118822341e-01,3.788878708680092910e-01,-5.885239587992247001e-01,-8.295657324412668288e-02,1.716683963294215187e-01,-6.320553741937909309e-02,-1.279939516135868982e-01,-1.515702875906506097e-01,-2.755704167446687558e-01,-3.746791036126236873e-01,-8.633038228261662173e-02,3.878617896297834045e-01,4.270341700056575762e-01,4.402295311106623199e-01,-4.412833044185426878e-01,-1.447561836613313890e-01,-1.489696600443612406e-01,-9.841209930838565323e-02,2.403322489876096313e-01,6.715139101639291397e-01,-5.463071686174205688e-01,4.858600224672481871e-01,-5.191984938981387271e-02,4.172414898087911106e-01,4.097935669067206965e-01
-1.314041543205340667e-01,-3.391300815740476149e-01,-3.453259570216505314e-01,1.490268224430106592e-01,-4.287559118339712150e-01,2.510587049147189678e-02,2.903731569245323607e-01,3.685850290033850229e-01,-5.379959975167140085e-01,-2.456835956260378095e-01,1.982479627540097988e-01,-2.543094288923400392e-01,1.000000000000000000e+00,-2.595614330895180677e-01,-3.612649249466801660e-01,-3.306815838520890116e-01,7.904901802256694698e-02,-1.183550931493057568e-01,-2.833930552432660788e-01,1.548987432252441343e-01,-3.284316457290925584e-02,1.378870147892065356e-01,-1.037481936417661149e-01,-8.095833687346672136e-02,-1.700496344958072892e-01,-5.843361342860370344e-01,-4.598306184811633002e-01,-2.824423036805541187e-01,-8.788900589376454076e-02,-1.285555705004928218e-01,-4.461130672191715441e-01,-9.894916056603077215e-02,-2.915066985307661340e-02,-4.189829240430673063e-01,2.306373450174667092e-02,-4.065875477389391257e-01,-9.702827926453469476e-02,-3.546212071917363984e-01,-4.469582479189103674e-01
-9.445626015955931043e-02,3.895487621028954073e-01,4.608212409282388955e-01,2.688308035275245866e-01,8.735107279759098120e-02,-2.592262271036032684e-01,-2.482935320097523213e-01,-2.954317969048292913e-01,4.221428622453772816e-01,5.410981185885670453e-01,6.272724146340989682e-02,5.073558748033755172e-01,-2.595614330895180677e-01,1.000000000000000000e+00,5.530596384605505067e-01,5.055604513311798831e-01,-3.767412125454374650e-01,-2.474227130433477584e-02,1.273831191384739991e-01,6.062992976102631743e-02,2.043055454363899154e-02,-3.679723374057611990e-02,-9.280630432939068752e-02,-1.815330488149544397e-01,1.039410026026828665e-01,5.551742327593747195e-01,4.363318038226968731e-01,5.918314441022876071e-01,-2.832232927752562079e-01,2.485121321232840186e-02,-4.536294014161835336e-02,4.965613710469740649e-02,3.588776945736298352e-01,5.503100307908020961e-01,-3.761153537392771251e-01,5.684922629878774725e-01,1.381242983081235054e-01,3.589945772690524284e-01,2.955443752373670407e-01
-8.975180140749192126e-02,5.186896823186517569e-01,5.182757195686017448e-01,2.307539030067974339e-01,2.583648440275869151e-01,-2.504038467713905480e-01,-3.034380195495859356e-01,-3.627674287901484496e-01,6.457896707819082982e-01,5.801997222502874862e-01,1.464395852408733323e-01,6.805140833118822341e-01,-3.612649249466801660e-01,5.530596384605505067e-01,1.000000000000000000e+00,6.091228166951264678e-01,-4.037124080532393244e-01,-1.362013334369649269e-02,2.832184739362492709e-01,1.724926152603686313e-01,1.685527170569832422e-01,3.037602473714911752e-02,-1.281591081355625550e-01,-1.887847652394128439e-01,1.080217736103525200e-01,5.915628009577779123e-01,4.858106986561776530e-01,6.938058186512974235e-01,-2.376542517337799920e-01,8.889722795725507609e-02,-4.104986164380870772e-02,9.460362215559300902e-02,3.791917338035256102e-01,7.361869253597345120e-01,-3.671570180815185158e-01,5.380756318999229126e-01,2.110148609314256574e-01,4.847043551806015094e-01,4.584554666868522754e-01
3.550001953698365686e-01,6.625050123091765775e-01,7.036335572343276334e-01,1.557567223246986154e-01,2.332021648898915389e-01,7.225330643236978212e-02,1.607675803695758979e-02,-6.252303422339028360e-01,5.395046301092391028e-01,8.490826314463020275e-01,1.552697439680432168e-01,3.788878708680092910e-01,-3.306815838520890116e-01,5.055604513311798831e-01,6.091228166951264678e-01,1.000000000000000000e+00,-1.093575738547069992e-01,-4.109296837512064343e-02,3.233630756442831267e-01,4.136637968947415311e-01,3.968429645980529052e-01,3.555428384365068029e-01,2.731861100087349947e-01,1.638103504723955051e-01,4.628933097517704542e-01,5.819660291941448627e-01,5.772655326867945913e-01,6.499261155117891375e-01,7.194025236010156976e-02,5.622019543416074683e-01,1.967434822911202641e-01,3.203551174980176497e-01,4.204008482865666529e-01,4.255097960959464132e-01,-1.148404459273234118e-02,6.458942273617378493e-01,4.251939909696262898e-01,4.401807816413934038e-01,3.646360544627101907e-01
6.009906464029651785e-01,1.818734891474727278e-01,8.496756313803255356e-03,-3.995189169542500141e-01,1.709398937967527843e-01,7.891694954345185309e-01,2.606209769038594914e-01,-2.370895900816165636e-01,-1.688225174656333982e-01,-3.465555970258127338e-02,7.738444887969440911e-02,-5.885239587992247001e-01,7.904901802256694698e-02,-3.767412125454374650e-01,-4.037124080532393244e-01,-1.093575738547069992e-01,1.000000000000000000e+00,-1.403600712336391387e-01,-1.371511737259699104e-01,2.063088483204336410e-01,5.079891137501364451e-01,4.656852766974393654e-01,6.945430013140478920e-01,7.585181281100287221e-01,5.001850431294992960e-01,-7.455782838854142780e-02,-2.668267700674482185e-02,-2.088631317601589710e-01,7.847089740431163474e-01,3.602023245457440237e-01,5.834048786017289601e-01,5.621878752755538056e-01,8.624935943264551777e-03,-4.682249832110433330e-01,8.239445686350521658e-01,-4.310901089199349334e-01,4.781601754405402360e-01,-5.920913301897848258e-02,-2.627319977200587992e-02
-1.110982813244609652e-01,-1.093541035897513392e-01,9.430475812973612704e-02,3.661381875370599004e-01,4.231100371250561820e-01,-1.880430170354450148e-01,2.343332525905877650e-01,-1.445403723840261168e-01,2.375857331267166445e-02,-7.225423305967529353e-02,-8.792575687313067268e-02,-8.295657324412668288e-02,-1.183550931493057568e-01,-2.474227130433477584e-02,-1.362013334369649269e-02,-4.109296837512064343e-02,-1.403600712336391387e-01,1.000000000000000000e+00,6.676869338865053516e-01,-4.285117974814617661e-03,-2.015261049872870136e-01,-1.642864133945888538e-01,-1.521202628390808942e-01,-1.890149106841272908e-01,-1.604368051610703949e-01,3.931381872757466062e-02,-1.227662952668003432e-01,2.868337953431845250e-02,-1.731554556964025882e-01,-2.855243171732177801e-02,-5.940983171120818584e-02,-1.940861403518251427e-01,-2.177584467328258500e-01,2.396769460237020699e-01,-1.342927858579783806e-01,9.978147104137224943e-02,-1.639914024337145448e-01,-3.632654474581985538e-01,-1.848863305100026111e-01
1.964887353806304138e-01,2.205831665874765091e-01,4.778851470055532902e-01,3.724534912534800402e-01,5.089532441758870540e-01,-4.559688880852822562e-02,3.092247392785510418e-01,-4.913540299716180337e-01,3.355527622778826657e-01,2.728794910253465877e-01,2.175919324253934584e-02,1.716683963294215187e-01,-2.833930552432660788e-01,1.273831191384739991e-01,2.832184739362492709e-01,3.233630756442831267e-01,-1.371511737259699104e-01,6.676869338865053516e-01,1.000000000000000000e+00,2.349861647551896027e-01,1.025286526006405213e-01,1.170581763319295254e-01,6.114617795716457971e-02,-5.996189247347445336e-03,1.151114393039120720e-01,3.244827800236514959e-01,2.934978557489114626e-01,2.616062034072214604e-01,-2.583092097678009718e-03,3.196967424155477966e-01,1.663182817204265918e-01,7.537829587044846125e-02,1.461867974346346410e-01,3.594079557280808190e-01,-6.456757844677463165e-02,4.034978328670699721e-01,9.217099442342244209e-02,4.681251418012366550e-02,7.563447659361430264e-02
4.730167410017909191e-01,4.892689005706163941e-01,5.555199770703691531e-01,2.682752491633376701e-01,1.133323505741988951e-01,3.712021821221547779e-01,4.876218497030165300e-01,-5.412507674328950191e-01,1.900035382884589785e-01,4.095504239025835602e-01,4.050810857344818716e-01,-6.320553741937909309e-02,1.548987432252441343e-01,6.062992976102631743e-02,1.724926152603686313e-01,4.136637968947415311e-01,2.063088483204336410e-01,-4.285117974814617661e-03,2.349861647551896027e-01,1.000000000000000000e+00,6.347971533627464469e-01,7.475435173413716994e-01,3.543304963852024758e-01,3.806653071806067046e-01,5.063959119397305475e-01,2.381095607559302885e-01,3.836217919065549320e-01,4.859321187393976227e-01,3.468803608193407051e-01,5.558049735754482246e-01,8.996211009617419152e-02,5.016644614103460409e-01,5.387445085215862850e-01,-5.539033920599227556e-02,2.758337755082118647e-01,1.938743440521409345e-01,5.861151326146705198e-01,1.968994857171863233e-01,3.035169509977315647e-02
6.114166600137330709e-01,5.677093075939699807e-01,4.866514182490376261e-01,-1.372465058382664194e-01,1.978570291936911085e-01,5.696457169824294953e-01,3.379918614252402920e-01,-5.394479717411526654e-01,2.438287754569576915e-01,4.463976837655030949e-01,3.815594520746457552e-01,-1.279939516135868982e-01,-3.284316457290925584e-02,2.043055454363899154e-02,1.685527170569832422e-01,3.968429645980529052e-01,5.079891137501364451e-01,-2.015261049872870136e-01,1.025286526006405213e-01,6.347971533627464469e-01,1.000000000000000000e+00,7.938890182573531407e-01,5.316837140687858954e-01,5.735253026782248797e-01,5.970636117430966339e-01,2.647005990914824136e-01,4.010628870484584940e-01,3.605466533034021315e-01,5.826482512452823004e-01,5.971490903838725384e-01,4.096153246171292950e-01,6.370225870528829493e-01,5.520807519871150371e-01,-1.144442505672457755e-01,4.992183743679210473e-01,5.963498861842178589e-02,6.728079020656416720e-01,2.817143429068648119e-01,1.197083359164249072e-01
6.287090747472958707e-01,5.213605319837301133e-01,5.038117562793390514e-01,-4.811706125983169872e-03,9.425212002620100837e-02,5.866716157800093701e-01,4.915805626850195398e-01,-5.396548006152502852e-01,1.271441969430044949e-01,4.006083302489311104e-01,4.118584426294055745e-01,-1.515702875906506097e-01,1.378870147892065356e-01,-3.679723374057611990e-02,3.037602473714911752e-02,3.555428384365068029e-01,4.656852766974393654e-01,-1.642864133945888538e-01,1.170581763319295254e-01,7.475435173413716994e-01,7.938890182573531407e-01,1.000000000000000000e+00,5.628632841086697036e-01,5.859854427326409709e-01,6.335109531733216226e-01,1.776083139493908891e-01,4.109494532701660763e-01,3.086710968117403198e-01,5.474051406441770018e-01,6.173058546139503777e-01,3.370197478858107942e-01,6.563392857602458053e-01,5.573206019344464357e-01,-2.153414006137601144e-01,4.930390653845818094e-01,5.468787652012210843e-02,6.752766069527738058e-01,2.080269004441925307e-01,4.231876915455862198e-02
7.133370311812332609e-01,5.009762904586549936e-01,4.055452317514315341e-01,-2.034812989242724135e-01,2.966980204033257684e-01,8.300996273987643059e-01,2.509072390217343962e-01,-5.705822069015965559e-01,1.086908168582283868e-01,3.283965787411941006e-01,8.645822030216406689e-03,-2.755704167446687558e-01,-1.037481936417661149e-01,-9.280630432939068752e-02,-1.281591081355625550e-01,2.731861100087349947e-01,6.945430013140478920e-01,-1.521202628390808942e-01,6.114617795716457971e-02,3.543304963852024758e-01,5.316837140687858954e-01,5.628632841086697036e-01,1.000000000000000000e+00,8.601218563733004085e-01,8.099423305801343176e-01,2.751754289837012868e-01,3.442554261529460757e-01,9.789113772042717931e-02,7.934114397613234448e-01,5.571207079908884197e-01,7.386065714785167158e-01,7.796859194339464949e-01,2.842757930883997863e-01,-2.250935070953356265e-01,7.685633479724235384e-01,-7.857305836638243945e-02,7.016441286385600717e-01,2.146394143794685405e-01,2.781890631349888121e-01
7.010915247423535890e-01,4.679496099043344848e-01,3.350580956245020614e-01,-2.601171372494232026e-01,2.890343801771160237e-01,8.675485526113330126e-01,2.756384250577493811e-01,-5.168173584678660282e-01,6.643590250023662103e-02,2.134469090573526129e-01,2.735316464860449229e-02,-3.746791036126236873e-01,-8.095833687346672136e-02,-1.815330488149544397e-01,-1.887847652394128439e-01,1.638103504723955051e-01,7.585181281100287221e-01,-1.890149106841272908e-01,-5.996189247347445336e-03,3.806653071806067046e-01,5.735253026782248797e-01,5.859854427326409709e-01,8.601218563733004085e-01,1.000000000000000000e+00,7.804813369483624141e-01,2.119908835416807469e-01,3.149518679265681520e-01,6.390934162170566757e-02,8.563919923878102747e-01,5.193605132870940944e-01,7.215716146324882008e-01,8.009921599179871121e-01,3.044644730737335880e-01,-3.077623574798644679e-01,8.271015490370554613e-01,-1.819654479006862224e-01,7.236465773684864766e-01,1.851671177092215348e-01,2.481156390429480885e-01
6.386067362544152193e-01,6.773473905018866370e-01,5.646711842086846733e-01,-9.736426457697515413e-02,3.177178596652660558e-01,7.325293331703119915e-01,2.051986929686066830e-01,-6.558142428408970659e-01,2.980614969816797744e-01,4.965895820959336238e-01,1.561843600216149819e-01,-8.633038228261662173e-02,-1.700496344958072892e-01,1.039410026026828665e-01,1.080217736103525200e-01,4.628933097517704542e-01,5.001850431294992960e-01,-1.604368051610703949e-01,1.151114393039120720e-01,5.063959119397305475e-01,5.970636117430966339e-01,6.335109531733216226e-01,8.099423305801343176e-01,7.804813369483624141e-01,1.000000000000000000e+00,4.429761777440781589e-01,5.441532480429048801e-01,3.730064108903430875e-01,6.888234142458700138e-01,5.592169013736543182e-01,6.339574984991662721e-01,8.254854254095947974e-01,4.880422490229633925e-01,-6.109206550993786372e-02,6.037216249534701484e-01,1.060853697271107177e-01,7.966153131577410340e-01,3.609093869168177870e-01,4.073949688986258089e-01
2.682359040016196183e-01,6.870416849824113603e-01,6.759471156423407789e-01,7.100374561309875932e-02,4.586189844622857170e-01,8.984464327956921681e-02,-1.791237891406423643e-01,-6.348380617776067103e-01,7.236142957805278275e-01,5.574636226531265448e-01,3.837228750984190973e-02,3.878617896297834045e-01,-5.843361342860370344e-01,5.551742327593747195e-01,5.915628009577779123e-01,5.819660291941448627e-01,-7.455782838854142780e-02,3.931381872757466062e-02,3.244827800236514959e-01,2.381095607559302885e-01,2.647005990914824136e-01,1.776083139493908891e-01,2.751754289837012868e-01,2.119908835416807469e-01,4.429761777440781589e-01,1.000000000000000000e+00,7.367183040537329530e-01,6.921927511032597291e-01,1.434058764203132996e-01,3.000473012527599126e-01,4.239556702736012039e-01,3.870818591687351651e-01,4.118178166531747397e-01,5.565730727430047153e-01,-3.227363842934349858e-02,5.929767685607113537e-01,4.240700649571634839e-01,6.274761814836262719e-01,6.067709899780272531e-01
3.894047107817730224e-01,7.246004527374850790e-01,7.144412675460062312e-01,3.123859013952388214e-02,2.630464244352236913e-01,2.011591827897483975e-01,-6.331549899503076395e-02,-6.455270632781004991e-01,6.286121731893543618e-01,5.463794627043569996e-01,1.090972590023393113e-01,4.270341700056575762e-01,-4.598306184811633002e-01,4.363318038226968731e-01,4.858106986561776530e-01,5.772655326867945913e-01,-2.668267700674482185e-02,-1.227662952668003432e-01,2.934978557489114626e-01,3.836217919065549320e-01,4.010628870484584940e-01,4.109494532701660763e-01,3.442554261529460757e-01,3.149518679265681520e-01,5.441532480429048801e-01,7.367183040537329530e-01,1.000000000000000000e+00,6.363913740195378255e-01,2.304960289663084971e-01,3.786634713947119590e-01,4.282745558600093427e-01,5.156309450731035859e-01,5.598072327442256135e-01,3.788541681868571320e-01,5.889087438346102960e-02,5.361214469293987817e-01,5.315481253530316419e-01,6.137500389123796696e-01,5.736562991852764970e-01
1.121963756153844249e-01,6.730591456559978925e-01,6.858754249157464900e-01,2.948079996984676043e-01,2.517275477507623926e-01,-1.943690207795155736e-02,-5.833118628662117833e-02,-5.396194646195922040e-01,5.818951940599300654e-01,6.122664110990623243e-01,2.331545495169168036e-01,4.402295311106623199e-01,-2.824423036805541187e-01,5.918314441022876071e-01,6.938058186512974235e-01,6.499261155117891375e-01,-2.088631317601589710e-01,2.868337953431845250e-02,2.616062034072214604e-01,4.859321187393976227e-01,3.605466533034021315e-01,3.086710968117403198e-01,9.789113772042717931e-02,6.390934162170566757e-02,3.730064108903430875e-01,6.921927511032597291e-01,6.363913740195378255e-01,1.000000000000000000e+00,-1.042909093833993724e-02,2.542412138601934934e-01,6.515228529124007795e-02,3.304115373738175654e-01,5.534118226242701333e-01,5.601623124870053205e-01,-1.487838321308108669e-01,5.414414989857935234e-01,5.028515729853322291e-01,4.451309168291596174e-01,3.659958087310340447e-01
7.075620262953210560e-01,3.823128320036536243e-01,2.451285328454304580e-01,-2.993136264468683749e-01,2.568659193609373892e-01,8.496868536174904118e-01,3.074330775461549536e-01,-4.428476834740669443e-01,3.905169834769949694e-02,1.033687333817519954e-01,2.565119883620214231e-02,-4.412833044185426878e-01,-8.788900589376454076e-02,-2.832232927752562079e-01,-2.376542517337799920e-01,7.194025236010156976e-02,7.847089740431163474e-01,-1.731554556964025882e-01,-2.583092097678009718e-03,3.468803608193407051e-01,5.826482512452823004e-01,5.474051406441770018e-01,7.934114397613234448e-01,8.563919923878102747e-01,6.888234142458700138e-01,1.434058764203132996e-01,2.304960289663084971e-01,-1.042909093833993724e-02,1.000000000000000000e+00,5.032399916698669928e-01,6.989760492485861398e-01,7.283868482857818183e-01,2.564173234846333638e-01,-3.782862633407990671e-01,8.517790691672780801e-01,-2.447043771432114434e-01,6.526119568103034840e-01,1.546327101275059290e-01,1.765556098853969524e-01
7.004953819163647344e-01,5.101096053294367216e-01,5.870293622447053661e-01,-2.686849484801252363e-03,2.596701755670448031e-01,4.789370484463082445e-01,4.384302371054028535e-01,-6.719302741511673505e-01,2.425974262678586013e-01,5.383815540521931231e-01,1.287252091760437700e-01,-1.447561836613313890e-01,-1.285555705004928218e-01,2.485121321232840186e-02,8.889722795725507609e-02,5.622019543416074683e-01,3.602023245457440237e-01,-2.855243171732177801e-02,3.196967424155477966e-01,5.558049735754482246e-01,5.971490903838725384e-01,6.173058546139503777e-01,5.571207079908884197e-01,5.193605132870940944e-01,5.592169013736543182e-01,3.000473012527599126e-01,3.786634713947119590e-01,2.542412138601934934e-01,5.032399916698669928e-01,1.000000000000000000e+00,4.392042251516103946e-01,5.095302276041441258e-01,3.865074055661280594e-01,-9.420388655875927553e-02,4.700633411615416923e-01,3.605167477012801158e-01,5.119168648301231084e-01,2.457938240125520091e-01,1.517197148452591460e-01
6.283244432750645370e-01,4.961966110322256762e-01,3.810579286402570043e-01,-3.829384592807666965e-01,4.915740179985630953e-01,6.541179428993939560e-01,2.647448216842646779e-02,-5.639112226174612941e-01,3.437789122005051046e-01,2.280723436925443937e-01,-1.606517278402118665e-01,-1.489696600443612406e-01,-4.461130672191715441e-01,-4.536294014161835336e-02,-4.104986164380870772e-02,1.967434822911202641e-01,5.834048786017289601e-01,-5.940983171120818584e-02,1.663182817204265918e-01,8.996211009617419152e-02,4.096153246171292950e-01,3.370197478858107942e-01,7.386065714785167158e-01,7.215716146324882008e-01,6.339574984991662721e-01,4.239556702736012039e-01,4.282745558600093427e-01,6.515228529124007795e-02,6.989760492485861398e-01,4.392042251516103946e-01,1.000000000000000000e+00,6.442160018524246690e-01,1.873755904271644235e-01,-1.390470784060240245e-02,6.324072404131392267e-01,6.457329019462880459e-02,5.283727046512229908e-01,3.523121585354464513e-01,4.461162299389264119e-01
5.991444335379353392e-01,6.721887071492937960e-01,5.287587926274480710e-01,-1.147366596657526661e-01,3.557964732327487667e-01,7.789530954624594994e-01,2.164875422645071434e-01,-6.267994971856251096e-01,2.885361495624848005e-01,3.765122032218633508e-01,1.783511762570970105e-01,-9.841209930838565323e-02,-9.894916056603077215e-02,4.965613710469740649e-02,9.460362215559300902e-02,3.203551174980176497e-01,5.621878752755538056e-01,-1.940861403518251427e-01,7.537829587044846125e-02,5.016644614103460409e-01,6.370225870528829493e-01,6.563392857602458053e-01,7.796859194339464949e-01,8.009921599179871121e-01,8.254854254095947974e-01,3.870818591687351651e-01,5.156309450731035859e-01,3.304115373738175654e-01,7.283868482857818183e-01,5.095302276041441258e-01,6.442160018524246690e-01,1.000000000000000000e+00,5.527239226915177106e-01,-7.140489324800081139e-02,6.410898162623731578e-01,-1.248984064784239983e-02,8.504152531058355446e-01,3.705521565874034251e-01,4.247350623422513349e-01
2.592537863756844696e-01,5.818266329987722418e-01,5.558090406569239361e-01,1.486515098011867431e-01,1.307958362734468472e-01,2.804480811434288956e-01,2.041674251340235280e-01,-4.551292337967829948e-01,3.529190852946620938e-01,4.655337340840657312e-01,2.838631563661012658e-01,2.403322489876096313e-01,-2.915066985307661340e-02,3.588776945736298352e-01,3.791917338035256102e-01,4.204008482865666529e-01,8.624935943264551777e-03,-2.177584467328258500e-01,1.461867974346346410e-01,5.387445085215862850e-01,5.520807519871150371e-01,5.573206019344464357e-01,2.842757930883997863e-01,3.044644730737335880e-01,4.880422490229633925e-01,4.118178166531747397e-01,5.598072327442256135e-01,5.534118226242701333e-01,2.564173234846333638e-01,3.865074055661280594e-01,1.873755904271644235e-01,5.527239226915177106e-01,1.000000000000000000e+00,1.226374854150648896e-01,1.192811411509317743e-01,2.719095550887419832e-01,6.083971788195207120e-01,4.187359919654049523e-01,2.853614719749713036e-01
-2.008312540482193320e-01,3.808294705022537974e-01,3.999364583684238417e-01,2.221034534981959907e-01,3.961925746183309061e-01,-3.894787068627102999e-01,-4.467407411969457343e-01,-2.792166082209576183e-01,6.325078716513893307e-01,4.134655507463105839e-01,-5.866832718606430214e-02,6.715139101639291397e-01,-4.189829240430673063e-01,5.503100307908020961e-01,7.361869253597345120e-01,4.255097960959464132e-01,-4.682249832110433330e-01,2.396769460237020699e-01,3.594079557280808190e-01,-5.539033920599227556e-02,-1.144442505672457755e-01,-2.153414006137601144e-01,-2.250935070953356265e-01,-3.077623574798644679e-01,-6.109206550993786372e-02,5.565730727430047153e-01,3.788541681868571320e-01,5.601623124870053205e-01,-3.782862633407990671e-01,-9.420388655875927553e-02,-1.390470784060240245e-02,-7.140489324800081139e-02,1.226374854150648896e-01,1.000000000000000000e+00,-4.545097391726291569e-01,5.232711752505820879e-01,1.253320510782639577e-02,3.698254972398012930e-01,4.487754848396577900e-01
6.670971360350123058e-01,2.480425663302958106e-01,1.166367685653503794e-01,-3.042568891229785466e-01,1.995891671834964243e-01,8.317594230623152063e-01,3.259591617702258248e-01,-3.350946661403133575e-01,-1.304552806744274374e-01,3.194573101820344374e-02,-3.062784959031932333e-02,-5.463071686174205688e-01,2.306373450174667092e-02,-3.761153537392771251e-01,-3.671570180815185158e-01,-1.148404459273234118e-02,8.239445686350521658e-01,-1.342927858579783806e-01,-6.456757844677463165e-02,2.758337755082118647e-01,4.992183743679210473e-01,4.930390653845818094e-01,7.685633479724235384e-01,8.271015490370554613e-01,6.037216249534701484e-01,-3.227363842934349858e-02,5.889087438346102960e-02,-1.487838321308108669e-01,8.517790691672780801e-01,4.700633411615416923e-01,6.324072404131392267e-01,6.410898162623731578e-01,1.192811411509317743e-01,-4.545097391726291569e-01,1.000000000000000000e+00,-3.710904250588891173e-01,5.757966730550078127e-01,-4.190789952746398067e-02,3.586554982378735434e-02
1.262543355784410681e-01,4.345557182700551246e-01,6.179972450602128076e-01,2.223809102949395045e-01,2.141817747797719884e-01,-2.941937758157996408e-01,-7.470237385951716824e-02,-5.041089736093854468e-01,5.576541215563705078e-01,5.732570777492074221e-01,1.628270312618246285e-02,4.858600224672481871e-01,-4.065875477389391257e-01,5.684922629878774725e-01,5.380756318999229126e-01,6.458942273617378493e-01,-4.310901089199349334e-01,9.978147104137224943e-02,4.034978328670699721e-01,1.938743440521409345e-01,5.963498861842178589e-02,5.468787652012210843e-02,-7.857305836638243945e-02,-1.819654479006862224e-01,1.060853697271107177e-01,5.929767685607113537e-01,5.361214469293987817e-01,5.414414989857935234e-01,-2.447043771432114434e-01,3.605167477012801158e-01,6.457329019462880459e-02,-1.248984064784239983e-02,2.719095550887419832e-01,5.232711752505820879e-01,-3.710904250588891173e-01,1.000000000000000000e+00,4.389828152202718964e-02,4.593187657950441039e-01,3.452869720831111544e-01
5.427937828853023339e-01,7.052239559260610191e-01,5.918724150869214551e-01,-8.110069553604555559e-03,3.252219533185248257e-01,6.953556032635247464e-01,2.323776220556814098e-01,-6.377136067484214799e-01,3.029230160921063675e-01,4.514148894068654161e-01,2.307994539148102153e-01,-5.191984938981387271e-02,-9.702827926453469476e-02,1.381242983081235054e-01,2.110148609314256574e-01,4.251939909696262898e-01,4.781601754405402360e-01,-1.639914024337145448e-01,9.217099442342244209e-02,5.861151326146705198e-01,6.728079020656416720e-01,6.752766069527738058e-01,7.016441286385600717e-01,7.236465773684864766e-01,7.966153131577410340e-01,4.240700649571634839e-01,5.315481253530316419e-01,5.028515729853322291e-01,6.526119568103034840e-01,5.119168648301231084e-01,5.283727046512229908e-01,8.504152531058355446e-01,6.083971788195207120e-01,1.253320510782639577e-02,5.757966730550078127e-01,4.389828152202718964e-02,1.000000000000000000e+00,3.218608034025522979e-01,3.440184030768987933e-01
2.910169725639725757e-01,5.887696123637772283e-01,4.485283651213205491e-01,-1.265491745993738704e-01,2.516032506811965996e-01,1.018537968209434347e-01,-2.384809632748699226e-01,-4.114460663495161930e-01,6.861857027275433119e-01,4.336568221924279598e-01,1.673247471535373732e-01,4.172414898087911106e-01,-3.546212071917363984e-01,3.589945772690524284e-01,4.847043551806015094e-01,4.401807816413934038e-01,-5.920913301897848258e-02,-3.632654474581985538e-01,4.681251418012366550e-02,1.968994857171863233e-01,2.817143429068648119e-01,2.080269004441925307e-01,2.146394143794685405e-01,1.851671177092215348e-01,3.609093869168177870e-01,6.274761814836262719e-01,6.137500389123796696e-01,4.451309168291596174e-01,1.546327101275059290e-01,2.457938240125520091e-01,3.523121585354464513e-01,3.705521565874034251e-01,4.187359919654049523e-01,3.698254972398012930e-01,-4.190789952746398067e-02,4.593187657950441039e-01,3.218608034025522979e-01,1.000000000000000000e+00,6.667368874799530776e-01
1.529123583169466061e-01,6.231514933023528657e-01,4.143099214558134125e-01,-8.641116606936759259e-02,4.089970976715657236e-01,1.677115827333909848e-01,-3.407850667625698105e-01,-4.309296779338582795e-01,6.534663151867529107e-01,3.647156909619320153e-01,-8.826434660718363023e-02,4.097935669067206965e-01,-4.469582479189103674e-01,2.955443752373670407e-01,4.584554666868522754e-01,3.646360544627101907e-01,-2.627319977200587992e-02,-1.848863305100026111e-01,7.563447659361430264e-02,3.035169509977315647e-02,1.197083359164249072e-01,4.231876915455862198e-02,2.781890631349888121e-01,2.481156390429480885e-01,4.073949688986258089e-01,6.067709899780272531e-01,5.736562991852764970e-01,3.659958087310340447e-01,1.765556098853969524e-01,1.517197148452591460e-01,4.461162299389264119e-01,4.247350623422513349e-01,2.853614719749713036e-01,4.487754848396577900e-01,3.586554982378735434e-02,3.452869720831111544e-01,3.440184030768987933e-01,6.667368874799530776e-01,1.000000000000000000e+00
