1.000000000000000000e+00,-5.770868567004857619e-01,9.960568153070119279e-02,-3.671965259951150418e-01,4.145271547619200359e-01,8.730767198574008736e-01,6.215084596964555175e-01,-5.870529044407271080e-01,8.643116208422724212e-02,-2.295275842322795079e-01,7.578159435177184156e-01,-8.876429417977633740e-01,6.656379197444007856e-01,7.544803858511133221e-01,5.524114086289204639e-01,2.882746194962862440e-01,8.824178655389266490e-01,-1.170117481325627928e-01,-7.438710241391877087e-01,8.493123249715197609e-01,-7.673402218248219775e-01,-6.970757771309721296e-01,8.100341801761676841e-01,8.925403073291063305e-02,8.018630040502076062e-01,8.979797148564633291e-01,-7.357716374030223161e-01,8.439927989018285448e-01,9.053148701371632745e-01,-2.706491177486579636e-01,-7.832028596083399075e-01,4.705321623071290760e-01,7.265214801251302923e-01,2.258260411519174005e-01,8.545378607682477812e-01,9.513196152914582537e-02,6.907541285234887196e-01,8.604848809212594096e-01,-6.984684208278519879e-01
-5.770868567004857619e-01,1.000000000000000000e+00,3.084942159828083508e-01,2.756926120442113048e-01,1.245208615164900556e-01,-6.167584075181631320e-01,-4.720835905583629089e-01,8.607160664205046330e-02,4.230876309152373227e-01,6.024313390769745480e-01,-4.756182785269471580e-01,6.525946536747881943e-01,-4.641497186315950430e-01,-3.424635504516801987e-01,-4.681206143294869837e-01,9.540266269996292015e-02,-5.999626156542027244e-01,3.450754201124278109e-01,6.938006513146173226e-01,-5.124594972933740333e-01,5.305340965802793907e-01,6.504878372089129002e-01,-4.546474317798562259e-01,2.119813922402894457e-01,-4.851133034839852920e-01,-5.933318499660217293e-01,7.448505637519079459e-01,-6.750405144912827726e-01,-6.365186174886983128e-01,4.998666910306387434e-01,7.654257940073668776e-01,3.825398455990475927e-02,-3.671964319189242043e-01,6.654886659810220484e-02,-5.791220630797789815e-01,2.712488473970754432e-01,-1.882631643220784856e-01,-5.902151248155442786e-01,7.181170054962708882e-01
9.960568153070119279e-02,3.084942159828083508e-01,1.000000000000000000e+00,-9.282760134124012907e-02,8.109395999559820822e-01,1.023703010998464578e-02,5.793103149414184638e-02,-7.556389411501548414e-01,7.093441980022053839e-01,5.802436111185413914e-01,1.627160540170867198e-01,2.274570891970072520e-02,-2.216790159340087038e-02,4.259135529741467918e-01,2.305721386161849185e-01,6.795403883790965827e-01,9.373896802141844231e-02,6.596187446880117378e-01,2.196431817850658663e-01,2.695442912588838502e-01,2.115177771138201657e-01,4.220440390260633001e-01,3.731815149408031496e-01,3.857380809912846487e-01,3.294150597891578602e-01,1.254179112043091460e-01,2.050935299745919038e-01,1.753533593784594724e-01,8.721133886054953377e-02,6.773092855684688107e-01,2.672531168341675811e-01,3.030358943545862771e-01,3.944072391859743676e-01,7.296538382090003161e-01,1.182272353562524234e-02,4.526854833867686168e-01,2.309793455620152702e-01,1.634918420900571823e-01,3.628211638068724043e-01
-3.671965259951150418e-01,2.756926120442113048e-01,-9.282760134124012907e-02,1.000000000000000000e+00,-2.296945115867389253e-01,-4.523014234350648533e-01,-2.045372221098596677e-01,3.504708075879677809e-01,-1.014934598992732195e-01,4.400137791382899288e-02,-5.408481232145084805e-01,4.320924265824163668e-01,-1.607010545397598023e-01,-3.569174109879076351e-01,-3.552278002788630817e-01,-1.856807867951182078e-01,-4.842373146423381014e-01,6.118759628412755863e-02,4.163841650573820163e-01,-3.047120842322724177e-01,4.859372301602291611e-01,1.891045641342371519e-01,-4.772703738217479175e-01,-9.333634194585735400e-02,-4.613221502302011778e-01,-3.823107755175292888e-01,2.569829052449431606e-01,-3.523065394842428422e-01,-4.468858090785952086e-01,2.724518921641389674e-02,2.529979291768352789e-01,-1.122587096622871955e-01,-4.456796004467342143e-01,-2.854743646082764652e-01,-3.899070125198807468e-01,4.711294039739550438e-02,-3.585752077210556110e-01,-3.082661148451107946e-01,2.193410968493288982e-01
4.145271547619200359e-01,1.245208615164900556e-01,8.109395999559820822e-01,-2.296945115867389253e-01,1.000000000000000000e+00,3.151268424667463819e-01,2.142871147501529683e-01,-8.393991930877581220e-01,6.963952494506434610e-01,4.981616045364479772e-01,4.288220841331037980e-01,-2.930542589486855309e-01,2.096849273511493528e-01,6.275183763733938047e-01,3.893346280171331442e-01,6.885299314593767983e-01,3.906369079923379672e-01,5.292141407860796454e-01,-6.265536349622813361e-02,5.171960314486748755e-01,-1.586655930353285671e-01,1.089066341397886273e-01,5.940748447329424753e-01,3.462711636371677004e-01,5.825124095661915469e-01,4.422445232470297305e-01,-2.543024889196968813e-02,4.106967147680344876e-01,4.012485450108260743e-01,5.254960507665026315e-01,-2.080114866559354750e-02,5.074725779070636822e-01,5.673927911384748501e-01,7.567281523724512793e-01,3.351467835862082523e-01,4.937395095138880641e-01,5.253365504086390247e-01,4.245373690313111736e-01,1.158087611536422618e-01
8.730767198574008736e-01,-6.167584075181631320e-01,1.023703010998464578e-02,-4.523014234350648533e-01,3.151268424667463819e-01,1.000000000000000000e+00,6.240059260562839105e-01,-5.211898566734345373e-01,4.076187790472536598e-03,-3.076290799474504234e-01,7.711435050313942829e-01,-8.800013182583593663e-01,6.828032366030195588e-01,7.600680780990386465e-01,5.328303923926042129e-01,2.117986907256774465e-01,9.043256394199831183e-01,-1.986772157856610266e-01,-7.535949188351837025e-01,8.355373922395751274e-01,-8.242672868504070660e-01,-6.769966216397135250e-01,7.941561979174898145e-01,7.356465747415219525e-02,7.766480538034721270e-01,8.625613548724596624e-01,-7.008541186781857002e-01,7.973158096915625714e-01,8.697985219801037671e-01,-3.578812445372204221e-01,-7.688128600927809364e-01,5.220777327393414380e-01,7.710205417623684498e-01,1.539205724169956102e-01,8.971131962524775405e-01,-5.646961578123891462e-02,7.406825951935531727e-01,7.636490122481019993e-01,-7.438854468555226029e-01
6.215084596964555175e-01,-4.720835905583629089e-01,5.793103149414184638e-02,-2.045372221098596677e-01,2.142871147501529683e-01,6.240059260562839105e-01,1.000000000000000000e+00,-4.083758693434190179e-01,-2.838390019881086024e-02,-2.833898338132039840e-01,5.596612207743247858e-01,-6.837278721812822813e-01,5.132407939762907434e-01,4.915836505633483511e-01,4.236704652620266742e-01,2.025319229383434894e-01,6.766863239297251642e-01,-9.051851430156782063e-02,-5.209869724653958256e-01,6.653248084189909983e-01,-5.257667440695888983e-01,-4.481439370466855920e-01,4.981720175647108562e-01,-1.177171920526117188e-01,4.643226281775516551e-01,6.373450969353788853e-01,-5.545633504283233872e-01,6.730221020614960414e-01,6.271541454643733138e-01,-3.149157277099954855e-01,-5.703454561384941890e-01,4.058366322532037107e-01,5.693623419232601846e-01,1.266318640670577866e-01,6.069867385541221072e-01,-1.100828077155925205e-01,4.566758642412480085e-01,6.232185580083372534e-01,-5.155018184381118251e-01
-5.870529044407271080e-01,8.607160664205046330e-02,-7.556389411501548414e-01,3.504708075879677809e-01,-8.393991930877581220e-01,-5.211898566734345373e-01,-4.083758693434190179e-01,1.000000000000000000e+00,-5.609150146919119617e-01,-2.783139610256510355e-01,-5.863574275540629488e-01,5.088308373555706643e-01,-4.051894579016566134e-01,-7.361722056861275121e-01,-4.314085041897009476e-01,-5.925296087023831371e-01,-5.943893774129052066e-01,-3.871242904259887818e-01,2.998220942073153705e-01,-6.659655337466573455e-01,3.714561599884882992e-01,1.039753627292904214e-01,-7.243334225156413675e-01,-3.249304642642936169e-01,-6.923185017576963807e-01,-5.683115884891127845e-01,2.605352979983624473e-01,-5.482874318019124171e-01,-5.818875683434835411e-01,-3.261818899738661570e-01,2.693437040280367567e-01,-5.441781234746031481e-01,-7.174684340834298624e-01,-6.940197351760247768e-01,-5.193558003394760370e-01,-3.253068759302077950e-01,-5.737821414976255197e-01,-5.954489282459289878e-01,1.141443075665794921e-01
8.643116208422724212e-02,4.230876309152373227e-01,7.093441980022053839e-01,-1.014934598992732195e-01,6.963952494506434610e-01,4.076187790472536598e-03,-2.838390019881086024e-02,-5.609150146919119617e-01,1.000000000000000000e+00,7.111235687485282231e-01,6.253024691316914907e-02,1.093384069665900016e-01,-2.352068344926473795e-03,4.022512177228513286e-01,2.706107223796470063e-01,5.955975633984968987e-01,4.015361195377135928e-02,6.396969751381155200e-01,2.963804265475661337e-01,2.107718574927741617e-01,8.317088923891170771e-02,4.582091433249745327e-01,3.614549207991580304e-01,6.182463351414732022e-01,3.054866229105316910e-01,9.965928114747074629e-02,2.967422287203925757e-01,6.564375358180303544e-02,3.880300063072102124e-02,7.115631947676929192e-01,2.895461499112823578e-01,4.174710152711523237e-01,3.561631319323033673e-01,6.373305475962260935e-01,2.589355140723376830e-02,3.429108987143009712e-01,3.315715562913773562e-01,4.082097837472968560e-02,3.898414473428601923e-01
-2.295275842322795079e-01,6.024313390769745480e-01,5.802436111185413914e-01,4.400137791382899288e-02,4.981616045364479772e-01,-3.076290799474504234e-01,-2.833898338132039840e-01,-2.783139610256510355e-01,7.111235687485282231e-01,1.000000000000000000e+00,-2.092498351126414746e-01,3.794516759043083942e-01,-3.116832164890675494e-01,1.023340663545101031e-01,3.658098751617917810e-02,6.152779753612848124e-01,-2.885899431228149403e-01,6.422278219345040062e-01,5.796701954663400214e-01,-1.203902518528644910e-01,3.671894572723193306e-01,6.321913366132578815e-01,4.879772832681084083e-02,4.508796839043892057e-01,5.314898122772208217e-02,-2.054915845373744832e-01,6.275766566951839209e-01,-2.452554281689224569e-01,-3.105265415455106259e-01,7.701106525420257087e-01,5.799830871742265304e-01,1.889879251172450481e-01,1.976233467044490738e-02,4.250997754372652371e-01,-2.988004446833855687e-01,5.486793290814718782e-01,8.846214689978232348e-02,-2.206622167701438597e-01,6.746476088613022615e-01
7.578159435177184156e-01,-4.756182785269471580e-01,1.627160540170867198e-01,-5.408481232145084805e-01,4.288220841331037980e-01,7.711435050313942829e-01,5.596612207743247858e-01,-5.863574275540629488e-01,6.253024691316914907e-02,-2.092498351126414746e-01,1.000000000000000000e+00,-8.274013990258604068e-01,4.552371404903302055e-01,6.989602843048572378e-01,5.673323878774055862e-01,3.054816973751374176e-01,8.470084877193607698e-01,2.657935766439680284e-02,-6.461172008937344780e-01,7.366615957033388895e-01,-6.895963718913413754e-01,-5.204653173744404615e-01,7.231423932975922231e-01,-1.147078647031973125e-02,7.302396215505775334e-01,7.593676565600488981e-01,-6.037068592355807617e-01,7.763323137834600152e-01,8.274310015082726455e-01,-1.736434372625248190e-01,-6.138101219648371965e-01,4.535673404664772312e-01,7.102064048607092950e-01,3.212380922389227456e-01,7.051403017139171725e-01,6.852000057471822891e-02,5.466244381821164788e-01,7.816717529516683527e-01,-5.351016320823744898e-01
-8.876429417977633740e-01,6.525946536747881943e-01,2.274570891970072520e-02,4.320924265824163668e-01,-2.930542589486855309e-01,-8.800013182583593663e-01,-6.837278721812822813e-01,5.088308373555706643e-01,1.093384069665900016e-01,3.794516759043083942e-01,-8.274013990258604068e-01,1.000000000000000000e+00,-6.274093915818743650e-01,-6.663406280247066160e-01,-5.065784854430763762e-01,-1.790952360535034427e-01,-9.072961389598462878e-01,2.075872010732390249e-01,8.065858375169887573e-01,-8.035644162584704153e-01,8.060812179885520345e-01,7.519949761409910893e-01,-7.169656032242619492e-01,5.368227798776705612e-02,-7.249040363636759521e-01,-8.709388362528954763e-01,7.860829264114689297e-01,-8.295349272440855071e-01,-9.063481582232048028e-01,3.926404105340554063e-01,8.285646616618979055e-01,-4.136284263736998978e-01,-6.840093504587185791e-01,-1.228427714354983769e-01,-8.359235809042692145e-01,1.818535173916558528e-02,-6.154496159418459955e-01,-8.504996153407502479e-01,7.556299530902930162e-01
6.656379197444007856e-01,-4.641497186315950430e-01,-2.216790159340087038e-02,-1.607010545397598023e-01,2.096849273511493528e-01,6.828032366030195588e-01,5.132407939762907434e-01,-4.051894579016566134e-01,-2.352068344926473795e-03,-3.116832164890675494e-01,4.552371404903302055e-01,-6.274093915818743650e-01,1.000000000000000000e+00,5.823031347909031208e-01,4.499868520599818456e-01,2.635995608050990813e-02,7.035322459662265437e-01,-2.668989976698987188e-01,-5.460226777819235933e-01,6.906609505554238693e-01,-6.754037350804962259e-01,-5.824517154745486591e-01,5.442240410354598490e-01,8.422098564489267913e-02,5.158861074640659350e-01,5.934275425347853572e-01,-5.623111560594229452e-01,5.211789667092541212e-01,6.281732688511527662e-01,-4.413170416214924341e-01,-6.818769970923391766e-01,5.647421167025803435e-01,6.321222720622357016e-01,1.244424978911318480e-01,7.423515816253895006e-01,-3.148160872156473555e-01,4.944313746502426721e-01,5.972490458673306302e-01,-5.549002584096749402e-01
7.544803858511133221e-01,-3.424635504516801987e-01,4.259135529741467918e-01,-3.569174109879076351e-01,6.275183763733938047e-01,7.600680780990386465e-01,4.915836505633483511e-01,-7.361722056861275121e-01,4.022512177228513286e-01,1.023340663545101031e-01,6.989602843048572378e-01,-6.663406280247066160e-01,5.823031347909031208e-01,1.000000000000000000e+00,6.448815001487675502e-01,5.039297650195241340e-01,7.617977572517649065e-01,1.333173461400360971e-01,-4.788665215630867333e-01,8.200849348584398069e-01,-5.581301532135504173e-01,-2.846843465495879633e-01,8.522825929439210579e-01,3.834842827997715919e-01,8.226924756656337490e-01,7.718837679065880808e-01,-4.481347740113322264e-01,7.519474836495859682e-01,7.499880775426887025e-01,8.724190199402041823e-02,-4.923135419449966577e-01,6.622748606597417265e-01,8.806805562091770678e-01,5.561365029785363401e-01,7.220278907921361400e-01,1.359640161345744003e-01,6.930125894146278442e-01,7.025366595637722034e-01,-4.098163021110381443e-01
5.524114086289204639e-01,-4.681206143294869837e-01,2.305721386161849185e-01,-3.552278002788630817e-01,3.893346280171331442e-01,5.328303923926042129e-01,4.236704652620266742e-01,-4.314085041897009476e-01,2.706107223796470063e-01,3.658098751617917810e-02,5.673323878774055862e-01,-5.065784854430763762e-01,4.499868520599818456e-01,6.448815001487675502e-01,1.000000000000000000e+00,5.174749800628420937e-01,5.986651800580097271e-01,2.450901683316681345e-01,-2.436914621972968154e-01,6.458687046910555063e-01,-3.609039004323749134e-01,-2.082944172368690894e-01,6.141734359384738440e-01,1.923354760764685312e-01,5.956305726556730962e-01,6.207016922329336994e-01,-3.803651526566694807e-01,6.932102882163414526e-01,5.493370869216396279e-01,-3.251140618137993502e-03,-4.407474696364805378e-01,3.981460811339727623e-01,6.528288700991631277e-01,3.695290087701710857e-01,4.568605603478290700e-01,-4.127446899876109632e-02,3.087643688146870513e-01,6.037673379327254120e-01,-2.874393048906541681e-01
2.882746194962862440e-01,9.540266269996292015e-02,6.795403883790965827e-01,-1.856807867951182078e-01,6.885299314593767983e-01,2.117986907256774465e-01,2.025319229383434894e-01,-5.925296087023831371e-01,5.955975633984968987e-01,6.152779753612848124e-01,3.054816973751374176e-01,-1.790952360535034427e-01,2.635995608050990813e-02,5.039297650195241340e-01,5.174749800628420937e-01,1.000000000000000000e+00,2.746397723678077329e-01,6.308712934896414382e-01,1.539071897766534081e-01,4.199823916557131054e-01,2.504795603171112647e-02,2.304284403568711004e-01,5.151853228896948744e-01,3.126496536249548375e-01,4.852032278779845886e-01,3.566162728024875883e-01,9.459208455127433857e-02,3.873165139195028916e-01,2.300166209572493681e-01,5.511548538390860230e-01,1.007215312230520105e-01,3.185916693864838667e-01,4.672558076056080312e-01,5.032154465711804470e-01,1.363940775666602767e-01,5.302676934979526635e-01,3.471365727115808819e-01,3.370142312197445533e-01,1.697252527111441645e-01
8.824178655389266490e-01,-5.999626156542027244e-01,9.373896802141844231e-02,-4.842373146423381014e-01,3.906369079923379672e-01,9.043256394199831183e-01,6.766863239297251642e-01,-5.943893774129052066e-01,4.015361195377135928e-02,-2.885899431228149403e-01,8.470084877193607698e-01,-9.072961389598462878e-01,7.035322459662265437e-01,7.617977572517649065e-01,5.986651800580097271e-01,2.746397723678077329e-01,1.000000000000000000e+00,-1.165576696254541633e-01,-7.543438772188535424e-01,8.703805515986275942e-01,-8.011056557010520773e-01,-6.427242458111067647e-01,8.031644190102638081e-01,1.603871447285919530e-02,8.003446178954916057e-01,8.650061017598136281e-01,-7.122136187905716564e-01,8.459377662399215625e-01,8.987138315204110661e-01,-3.333513352361467397e-01,-7.550761260643801265e-01,5.164446158190050262e-01,8.102667659905153918e-01,2.684496514843178194e-01,8.777071431041976179e-01,-4.977090270290202012e-02,6.825580682227011531e-01,8.461777055156086691e-01,-6.723654094015077964e-01
-1.170117481325627928e-01,3.450754201124278109e-01,6.596187446880117378e-01,6.118759628412755863e-02,5.292141407860796454e-01,-1.986772157856610266e-01,-9.051851430156782063e-02,-3.871242904259887818e-01,6.396969751381155200e-01,6.422278219345040062e-01,2.657935766439680284e-02,2.075872010732390249e-01,-2.668989976698987188e-01,1.333173461400360971e-01,2.450901683316681345e-01,6.308712934896414382e-01,-1.165576696254541633e-01,1.000000000000000000e+00,5.008339399125386615e-01,6.136336145549149690e-02,3.590491623515789654e-01,5.020825676889019151e-01,1.456879438550892081e-01,2.424091722823342454e-01,1.531738443828015162e-01,-1.041678521795517537e-01,3.425865486861566778e-01,3.977835692229859249e-02,-1.643388851258696381e-01,6.545185270741246120e-01,4.228499479873917832e-01,1.322646515301875436e-01,9.383001489635232895e-02,3.911679465016733026e-01,-2.382980238288670283e-01,4.318629792905374076e-01,-2.237040732713401273e-02,4.043810005185796003e-02,5.482169654665838276e-01
-7.438710241391877087e-01,6.938006513146173226e-01,2.196431817850658663e-01,4.163841650573820163e-01,-6.265536349622813361e-02,-7.535949188351837025e-01,-5.209869724653958256e-01,2.998220942073153705e-01,2.963804265475661337e-01,5.796701954663400214e-01,-6.461172008937344780e-01,8.065858375169887573e-01,-5.460226777819235933e-01,-4.788665215630867333e-01,-2.436914621972968154e-01,1.539071897766534081e-01,-7.543438772188535424e-01,5.008339399125386615e-01,1.000000000000000000e+00,-5.951972098628399710e-01,7.645167914254883401e-01,7.566049437028413704e-01,-5.611150425918949303e-01,7.627540715268175953e-02,-5.722094915492510481e-01,-7.218296195732073484e-01,7.787068645431171054e-01,-6.620823285688337556e-01,-8.134026300959378286e-01,4.971712316939944087e-01,8.040695974485149167e-01,-2.048417380611650129e-01,-5.093527107894156858e-01,-5.144159679555811854e-02,-7.623764922060358717e-01,1.946528787893386792e-01,-4.814062432281731030e-01,-6.764737658014459143e-01,8.047547371064966981e-01
8.493123249715197609e-01,-5.124594972933740333e-01,2.695442912588838502e-01,-3.047120842322724177e-01,5.171960314486748755e-01,8.355373922395751274e-01,6.653248084189909983e-01,-6.659655337466573455e-01,2.107718574927741617e-01,-1.203902518528644910e-01,7.366615957033388895e-01,-8.035644162584704153e-01,6.906609505554238693e-01,8.200849348584398069e-01,6.458687046910555063e-01,4.199823916557131054e-01,8.703805515986275942e-01,6.136336145549149690e-02,-5.951972098628399710e-01,1.000000000000000000e+00,-6.588426291609514873e-01,-4.813740845435046101e-01,8.428978431445447450e-01,1.301188635279333650e-01,8.245330294559997109e-01,8.273751767637436139e-01,-6.168888407580886968e-01,8.496876547228492393e-01,8.225107433432724546e-01,-1.789909079597033492e-01,-6.506770372553238868e-01,5.869975595041425631e-01,8.595874051994039089e-01,3.880649385474067570e-01,8.241754733120697507e-01,4.971525579854719351e-02,6.764008044986011825e-01,8.321635817428251203e-01,-5.477091357527691384e-01
-7.673402218248219775e-01,5.305340965802793907e-01,2.115177771138201657e-01,4.859372301602291611e-01,-1.586655930353285671e-01,-8.242672868504070660e-01,-5.257667440695888983e-01,3.714561599884882992e-01,8.317088923891170771e-02,3.671894572723193306e-01,-6.895963718913413754e-01,8.060812179885520345e-01,-6.754037350804962259e-01,-5.581301532135504173e-01,-3.609039004323749134e-01,2.504795603171112647e-02,-8.011056557010520773e-01,3.590491623515789654e-01,7.645167914254883401e-01,-6.588426291609514873e-01,1.000000000000000000e+00,7.328734513694696862e-01,-6.198262213513985319e-01,5.164573451615447723e-03,-6.149050214537132852e-01,-7.027184418643813713e-01,6.753134849655035854e-01,-5.726084248498418683e-01,-7.691385001240017560e-01,4.511915540381540302e-01,7.767021309947845786e-01,-4.394375448391912853e-01,-5.850096405419270562e-01,-4.260915973757106734e-02,-7.992411815819288057e-01,1.540046553003224794e-01,-6.200861316098503773e-01,-6.402146434099300620e-01,7.058810879597013921e-01
-6.970757771309721296e-01,6.504878372089129002e-01,4.220440390260633001e-01,1.891045641342371519e-01,1.089066341397886273e-01,-6.769966216397135250e-01,-4.481439370466855920e-01,1.039753627292904214e-01,4.582091433249745327e-01,6.321913366132578815e-01,-5.204653173744404615e-01,7.519949761409910893e-01,-5.824517154745486591e-01,-2.846843465495879633e-01,-2.082944172368690894e-01,2.304284403568711004e-01,-6.427242458111067647e-01,5.020825676889019151e-01,7.566049437028413704e-01,-4.813740845435046101e-01,7.328734513694696862e-01,1.000000000000000000e+00,-3.632571705868488099e-01,2.775839165808312581e-01,-3.954185330315173608e-01,-6.266185501497332222e-01,7.606752016618987255e-01,-5.184443149966344588e-01,-6.833445333570202784e-01,6.638877084807945916e-01,8.483259819839834570e-01,-1.519701805466203703e-01,-2.549482019329974425e-01,3.145137964900375227e-01,-6.561168232557534896e-01,1.675557983287418173e-01,-3.560122724145721729e-01,-6.131357214785808640e-01,7.991734570992673481e-01
8.100341801761676841e-01,-4.546474317798562259e-01,3.731815149408031496e-01,-4.772703738217479175e-01,5.940748447329424753e-01,7.941561979174898145e-01,4.981720175647108562e-01,-7.243334225156413675e-01,3.614549207991580304e-01,4.879772832681084083e-02,7.231423932975922231e-01,-7.169656032242619492e-01,5.442240410354598490e-01,8.522825929439210579e-01,6.141734359384738440e-01,5.151853228896948744e-01,8.031644190102638081e-01,1.456879438550892081e-01,-5.611150425918949303e-01,8.428978431445447450e-01,-6.198262213513985319e-01,-3.632571705868488099e-01,1.000000000000000000e+00,3.140668458924532613e-01,9.146038675734194934e-01,7.764386106099532281e-01,-4.951381015394684115e-01,7.971206317560203258e-01,7.885614731069896521e-01,5.733071722984375146e-02,-5.313188593569572182e-01,4.985556288042250483e-01,8.473560191777000927e-01,5.264158022445021290e-01,7.655880209072425391e-01,1.727072718683504704e-01,6.933053145039945742e-01,7.573850910816272153e-01,-4.376611781199695739e-01
8.925403073291063305e-02,2.119813922402894457e-01,3.857380809912846487e-01,-9.333634194585735400e-02,3.462711636371677004e-01,7.356465747415219525e-02,-1.177171920526117188e-01,-3.249304642642936169e-01,6.182463351414732022e-01,4.508796839043892057e-01,-1.147078647031973125e-02,5.368227798776705612e-02,8.422098564489267913e-02,3.834842827997715919e-01,1.923354760764685312e-01,3.126496536249548375e-01,1.603871447285919530e-02,2.424091722823342454e-01,7.627540715268175953e-02,1.301188635279333650e-01,5.164573451615447723e-03,2.775839165808312581e-01,3.140668458924532613e-01,1.000000000000000000e+00,2.344696793765395360e-01,1.102232850705131412e-01,1.372549409161055722e-01,3.394998750684516398e-02,7.789900948960384874e-02,4.860593731031890852e-01,9.238398111336243446e-02,3.093314727265845665e-01,3.006745081670708641e-01,3.662772690208503934e-01,7.629773337709808145e-02,2.347385727310388054e-02,2.470754147411836632e-01,1.324469388150607829e-02,1.184525065438741254e-01
8.018630040502076062e-01,-4.851133034839852920e-01,3.294150597891578602e-01,-4.613221502302011778e-01,5.825124095661915469e-01,7.766480538034721270e-01,4.643226281775516551e-01,-6.923185017576963807e-01,3.054866229105316910e-01,5.314898122772208217e-02,7.302396215505775334e-01,-7.249040363636759521e-01,5.158861074640659350e-01,8.226924756656337490e-01,5.956305726556730962e-01,4.852032278779845886e-01,8.003446178954916057e-01,1.531738443828015162e-01,-5.722094915492510481e-01,8.245330294559997109e-01,-6.149050214537132852e-01,-3.954185330315173608e-01,9.146038675734194934e-01,2.344696793765395360e-01,1.000000000000000000e+00,7.711590010445855681e-01,-5.075769269172925036e-01,8.003187763186311310e-01,7.946870043453642118e-01,3.621635962847261775e-02,-5.385991301092672989e-01,4.445414445772151169e-01,8.054542647730065230e-01,5.148681731799692463e-01,7.583364438531144947e-01,2.149710597185871264e-01,6.643703672167060592e-01,7.746327756468893710e-01,-4.112316483653302712e-01
8.979797148564633291e-01,-5.933318499660217293e-01,1.254179112043091460e-01,-3.823107755175292888e-01,4.422445232470297305e-01,8.625613548724596624e-01,6.373450969353788853e-01,-5.683115884891127845e-01,9.965928114747074629e-02,-2.054915845373744832e-01,7.593676565600488981e-01,-8.709388362528954763e-01,5.934275425347853572e-01,7.718837679065880808e-01,6.207016922329336994e-01,3.566162728024875883e-01,8.650061017598136281e-01,-1.041678521795517537e-01,-7.218296195732073484e-01,8.273751767637436139e-01,-7.027184418643813713e-01,-6.266185501497332222e-01,7.764386106099532281e-01,1.102232850705131412e-01,7.711590010445855681e-01,1.000000000000000000e+00,-6.797943612563726035e-01,8.628541030930015898e-01,9.057060480420093818e-01,-2.142183660144239277e-01,-7.511937813481807114e-01,4.783654497421896967e-01,7.321273353624038194e-01,2.518790724031618744e-01,8.225209271058872007e-01,1.054191390018363594e-01,6.998016114299819845e-01,8.158797869600861175e-01,-6.927205265986491334e-01
-7.357716374030223161e-01,7.448505637519079459e-01,2.050935299745919038e-01,2.569829052449431606e-01,-2.543024889196968813e-02,-7.008541186781857002e-01,-5.545633504283233872e-01,2.605352979983624473e-01,2.967422287203925757e-01,6.275766566951839209e-01,-6.037068592355807617e-01,7.860829264114689297e-01,-5.623111560594229452e-01,-4.481347740113322264e-01,-3.803651526566694807e-01,9.459208455127433857e-02,-7.122136187905716564e-01,3.425865486861566778e-01,7.787068645431171054e-01,-6.168888407580886968e-01,6.753134849655035854e-01,7.606752016618987255e-01,-4.951381015394684115e-01,1.372549409161055722e-01,-5.075769269172925036e-01,-6.797943612563726035e-01,1.000000000000000000e+00,-7.123907750374695036e-01,-7.732213705139918680e-01,5.132919502457311545e-01,8.618389698413783107e-01,-1.505344933229124382e-01,-4.482658380157917843e-01,4.734918995054916008e-02,-6.652101643281104204e-01,2.347792162364873980e-01,-3.395569067524433771e-01,-6.779358068424303774e-01,8.286019073404822244e-01
8.439927989018285448e-01,-6.750405144912827726e-01,1.753533593784594724e-01,-3.523065394842428422e-01,4.106967147680344876e-01,7.973158096915625714e-01,6.730221020614960414e-01,-5.482874318019124171e-01,6.564375358180303544e-02,-2.452554281689224569e-01,7.763323137834600152e-01,-8.295349272440855071e-01,5.211789667092541212e-01,7.519474836495859682e-01,6.932102882163414526e-01,3.873165139195028916e-01,8.459377662399215625e-01,3.977835692229859249e-02,-6.620823285688337556e-01,8.496876547228492393e-01,-5.726084248498418683e-01,-5.184443149966344588e-01,7.971206317560203258e-01,3.394998750684516398e-02,8.003187763186311310e-01,8.628541030930015898e-01,-7.123907750374695036e-01,1.000000000000000000e+00,8.578791439306556743e-01,-1.952822835938320956e-01,-6.802339462845827800e-01,3.689149718905132547e-01,7.585343100176856757e-01,3.328557679770560163e-01,7.569492998240981985e-01,6.296063068749038760e-02,5.511201206592957202e-01,8.604803120018968965e-01,-6.211173873103075227e-01
9.053148701371632745e-01,-6.365186174886983128e-01,8.721133886054953377e-02,-4.468858090785952086e-01,4.012485450108260743e-01,8.697985219801037671e-01,6.271541454643733138e-01,-5.818875683434835411e-01,3.880300063072102124e-02,-3.105265415455106259e-01,8.274310015082726455e-01,-9.063481582232048028e-01,6.281732688511527662e-01,7.499880775426887025e-01,5.493370869216396279e-01,2.300166209572493681e-01,8.987138315204110661e-01,-1.643388851258696381e-01,-8.134026300959378286e-01,8.225107433432724546e-01,-7.691385001240017560e-01,-6.833445333570202784e-01,7.885614731069896521e-01,7.789900948960384874e-02,7.946870043453642118e-01,9.057060480420093818e-01,-7.732213705139918680e-01,8.578791439306556743e-01,1.000000000000000000e+00,-2.579833762590743595e-01,-8.025837167589728871e-01,4.333181335650351240e-01,7.307206795587513071e-01,2.753204029435951106e-01,8.559970920082864421e-01,2.824507342297153528e-02,6.635201131428372090e-01,8.369879916068561077e-01,-7.306281845398079344e-01
-2.706491177486579636e-01,4.998666910306387434e-01,6.773092855684688107e-01,2.724518921641389674e-02,5.254960507665026315e-01,-3.578812445372204221e-01,-3.149157277099954855e-01,-3.261818899738661570e-01,7.115631947676929192e-01,7.701106525420257087e-01,-1.736434372625248190e-01,3.926404105340554063e-01,-4.413170416214924341e-01,8.724190199402041823e-02,-3.251140618137993502e-03,5.511548538390860230e-01,-3.333513352361467397e-01,6.545185270741246120e-01,4.971712316939944087e-01,-1.789909079597033492e-01,4.511915540381540302e-01,6.638877084807945916e-01,5.733071722984375146e-02,4.860593731031890852e-01,3.621635962847261775e-02,-2.142183660144239277e-01,5.132919502457311545e-01,-1.952822835938320956e-01,-2.579833762590743595e-01,1.000000000000000000e+00,5.456064006381949882e-01,-2.167536773378692539e-03,-3.307240711876646699e-02,5.163159453808374710e-01,-3.758826217435105588e-01,5.438934559970376448e-01,-5.352011596790375025e-02,-2.145859670299393174e-01,6.080050472088726066e-01
-7.832028596083399075e-01,7.654257940073668776e-01,2.672531168341675811e-01,2.529979291768352789e-01,-2.080114866559354750e-02,-7.688128600927809364e-01,-5.703454561384941890e-01,2.693437040280367567e-01,2.895461499112823578e-01,5.799830871742265304e-01,-6.138101219648371965e-01,8.285646616618979055e-01,-6.818769970923391766e-01,-4.923135419449966577e-01,-4.407474696364805378e-01,1.007215312230520105e-01,-7.550761260643801265e-01,4.228499479873917832e-01,8.040695974485149167e-01,-6.506770372553238868e-01,7.767021309947845786e-01,8.483259819839834570e-01,-5.313188593569572182e-01,9.238398111336243446e-02,-5.385991301092672989e-01,-7.511937813481807114e-01,8.618389698413783107e-01,-6.802339462845827800e-01,-8.025837167589728871e-01,5.456064006381949882e-01,1.000000000000000000e+00,-2.635261294227552731e-01,-4.732687092726352018e-01,9.227889312853715387e-02,-7.331261223393632509e-01,2.236107891570957296e-01,-3.922145707275551119e-01,-7.121129630042789538e-01,8.405749454999467130e-01
4.705321623071290760e-01,3.825398455990475927e-02,3.030358943545862771e-01,-1.122587096622871955e-01,5.074725779070636822e-01,5.220777327393414380e-01,4.058366322532037107e-01,-5.441781234746031481e-01,4.174710152711523237e-01,1.889879251172450481e-01,4.535673404664772312e-01,-4.136284263736998978e-01,5.647421167025803435e-01,6.622748606597417265e-01,3.981460811339727623e-01,3.185916693864838667e-01,5.164446158190050262e-01,1.322646515301875436e-01,-2.048417380611650129e-01,5.869975595041425631e-01,-4.394375448391912853e-01,-1.519701805466203703e-01,4.985556288042250483e-01,3.093314727265845665e-01,4.445414445772151169e-01,4.783654497421896967e-01,-1.505344933229124382e-01,3.689149718905132547e-01,4.333181335650351240e-01,-2.167536773378692539e-03,-2.635261294227552731e-01,1.000000000000000000e+00,6.488819858573964261e-01,3.511159910514159987e-01,5.291014115396771578e-01,-1.852852630859399413e-02,6.484096640412251311e-01,4.058945902311731913e-01,-1.682893759173335058e-01
7.265214801251302923e-01,-3.671964319189242043e-01,3.944072391859743676e-01,-4.456796004467342143e-01,5.673927911384748501e-01,7.710205417623684498e-01,5.693623419232601846e-01,-7.174684340834298624e-01,3.561631319323033673e-01,1.976233467044490738e-02,7.102064048607092950e-01,-6.840093504587185791e-01,6.321222720622357016e-01,8.806805562091770678e-01,6.528288700991631277e-01,4.672558076056080312e-01,8.102667659905153918e-01,9.383001489635232895e-02,-5.093527107894156858e-01,8.595874051994039089e-01,-5.850096405419270562e-01,-2.549482019329974425e-01,8.473560191777000927e-01,3.006745081670708641e-01,8.054542647730065230e-01,7.321273353624038194e-01,-4.482658380157917843e-01,7.585343100176856757e-01,7.307206795587513071e-01,-3.307240711876646699e-02,-4.732687092726352018e-01,6.488819858573964261e-01,1.000000000000000000e+00,5.709205516673920844e-01,7.456663237673244460e-01,-1.757862223245751365e-02,6.703801928535684240e-01,7.025856366819004384e-01,-4.043032497948171877e-01
2.258260411519174005e-01,6.654886659810220484e-02,7.296538382090003161e-01,-2.854743646082764652e-01,7.567281523724512793e-01,1.539205724169956102e-01,1.266318640670577866e-01,-6.940197351760247768e-01,6.373305475962260935e-01,4.250997754372652371e-01,3.212380922389227456e-01,-1.228427714354983769e-01,1.244424978911318480e-01,5.561365029785363401e-01,3.695290087701710857e-01,5.032154465711804470e-01,2.684496514843178194e-01,3.911679465016733026e-01,-5.144159679555811854e-02,3.880649385474067570e-01,-4.260915973757106734e-02,3.145137964900375227e-01,5.264158022445021290e-01,3.662772690208503934e-01,5.148681731799692463e-01,2.518790724031618744e-01,4.734918995054916008e-02,3.328557679770560163e-01,2.753204029435951106e-01,5.163159453808374710e-01,9.227889312853715387e-02,3.511159910514159987e-01,5.709205516673920844e-01,1.000000000000000000e+00,2.221174909834465749e-01,2.710745987794072609e-01,3.102216366159994410e-01,2.884328249290686874e-01,2.249264528309692091e-01
8.545378607682477812e-01,-5.791220630797789815e-01,1.182272353562524234e-02,-3.899070125198807468e-01,3.351467835862082523e-01,8.971131962524775405e-01,6.069867385541221072e-01,-5.193558003394760370e-01,2.589355140723376830e-02,-2.988004446833855687e-01,7.051403017139171725e-01,-8.359235809042692145e-01,7.423515816253895006e-01,7.220278907921361400e-01,4.568605603478290700e-01,1.363940775666602767e-01,8.777071431041976179e-01,-2.382980238288670283e-01,-7.623764922060358717e-01,8.241754733120697507e-01,-7.992411815819288057e-01,-6.561168232557534896e-01,7.655880209072425391e-01,7.629773337709808145e-02,7.583364438531144947e-01,8.225209271058872007e-01,-6.652101643281104204e-01,7.569492998240981985e-01,8.559970920082864421e-01,-3.758826217435105588e-01,-7.331261223393632509e-01,5.291014115396771578e-01,7.456663237673244460e-01,2.221174909834465749e-01,1.000000000000000000e+00,-6.404168134204644980e-02,7.816244134073886407e-01,7.467592460017680178e-01,-6.929789745803270895e-01
9.513196152914582537e-02,2.712488473970754432e-01,4.526854833867686168e-01,4.711294039739550438e-02,4.937395095138880641e-01,-5.646961578123891462e-02,-1.100828077155925205e-01,-3.253068759302077950e-01,3.429108987143009712e-01,5.486793290814718782e-01,6.852000057471822891e-02,1.818535173916558528e-02,-3.148160872156473555e-01,1.359640161345744003e-01,-4.127446899876109632e-02,5.302676934979526635e-01,-4.977090270290202012e-02,4.318629792905374076e-01,1.946528787893386792e-01,4.971525579854719351e-02,1.540046553003224794e-01,1.675557983287418173e-01,1.727072718683504704e-01,2.347385727310388054e-02,2.149710597185871264e-01,1.054191390018363594e-01,2.347792162364873980e-01,6.296063068749038760e-02,2.824507342297153528e-02,5.438934559970376448e-01,2.236107891570957296e-01,-1.852852630859399413e-02,-1.757862223245751365e-02,2.710745987794072609e-01,-6.404168134204644980e-02,1.000000000000000000e+00,1.873774576373285483e-01,9.555988344681409785e-02,2.676439805680491668e-01
6.907541285234887196e-01,-1.882631643220784856e-01,2.309793455620152702e-01,-3.585752077210556110e-01,5.253365504086390247e-01,7.406825951935531727e-01,4.566758642412480085e-01,-5.737821414976255197e-01,3.315715562913773562e-01,8.846214689978232348e-02,5.466244381821164788e-01,-6.154496159418459955e-01,4.944313746502426721e-01,6.930125894146278442e-01,3.087643688146870513e-01,3.471365727115808819e-01,6.825580682227011531e-01,-2.237040732713401273e-02,-4.814062432281731030e-01,6.764008044986011825e-01,-6.200861316098503773e-01,-3.560122724145721729e-01,6.933053145039945742e-01,2.470754147411836632e-01,6.643703672167060592e-01,6.998016114299819845e-01,-3.395569067524433771e-01,5.511201206592957202e-01,6.635201131428372090e-01,-5.352011596790375025e-02,-3.922145707275551119e-01,6.484096640412251311e-01,6.703801928535684240e-01,3.102216366159994410e-01,7.816244134073886407e-01,1.873774576373285483e-01,1.000000000000000000e+00,5.064032129877046318e-01,-4.137337155315146675e-01
8.604848809212594096e-01,-5.902151248155442786e-01,1.634918420900571823e-01,-3.082661148451107946e-01,4.245373690313111736e-01,7.636490122481019993e-01,6.232185580083372534e-01,-5.954489282459289878e-01,4.082097837472968560e-02,-2.206622167701438597e-01,7.816717529516683527e-01,-8.504996153407502479e-01,5.972490458673306302e-01,7.025366595637722034e-01,6.037673379327254120e-01,3.370142312197445533e-01,8.461777055156086691e-01,4.043810005185796003e-02,-6.764737658014459143e-01,8.321635817428251203e-01,-6.402146434099300620e-01,-6.131357214785808640e-01,7.573850910816272153e-01,1.324469388150607829e-02,7.746327756468893710e-01,8.158797869600861175e-01,-6.779358068424303774e-01,8.604803120018968965e-01,8.369879916068561077e-01,-2.145859670299393174e-01,-7.121129630042789538e-01,4.058945902311731913e-01,7.025856366819004384e-01,2.884328249290686874e-01,7.467592460017680178e-01,9.555988344681409785e-02,5.064032129877046318e-01,1.000000000000000000e+00,-5.467530153080981670e-01
-6.984684208278519879e-01,7.181170054962708882e-01,3.628211638068724043e-01,2.193410968493288982e-01,1.158087611536422618e-01,-7.438854468555226029e-01,-5.155018184381118251e-01,1.141443075665794921e-01,3.898414473428601923e-01,6.746476088613022615e-01,-5.351016320823744898e-01,7.556299530902930162e-01,-5.549002584096749402e-01,-4.098163021110381443e-01,-2.874393048906541681e-01,1.697252527111441645e-01,-6.723654094015077964e-01,5.482169654665838276e-01,8.047547371064966981e-01,-5.477091357527691384e-01,7.058810879597013921e-01,7.991734570992673481e-01,-4.376611781199695739e-01,1.184525065438741254e-01,-4.112316483653302712e-01,-6.927205265986491334e-01,8.286019073404822244e-01,-6.211173873103075227e-01,-7.306281845398079344e-01,6.080050472088726066e-01,8.405749454999467130e-01,-1.682893759173335058e-01,-4.043032497948171877e-01,2.249264528309692091e-01,-6.929789745803270895e-01,2.676439805680491668e-01,-4.137337155315146675e-01,-5.467530153080981670e-01,1.000000000000000000e+00
