1.000000000000000000e+00,9.290546693942614009e-01,8.908046227056742872e-01,9.158579434258873331e-01,8.977570894252492328e-01,9.088611804527209070e-01,9.229808661831988559e-01,9.603912762058879338e-01,9.538175051710318098e-01,9.821016685627733667e-01,9.031730428244448827e-01,8.871668005496076148e-01,8.935398734983588387e-01,9.333631793184923309e-01,8.915205795142471246e-01,9.352273601020179017e-01,9.112732612496489137e-01,9.593060637661937617e-01,9.479949228936543904e-01,8.924360773607379338e-01,9.140383119759628583e-01,8.929607715567101645e-01,9.837279710185182768e-01,9.755190623066359867e-01,9.098196652710532906e-01,9.658442954425819904e-01,9.401081507455922859e-01,9.098775761918983518e-01,9.595021894191773093e-01,9.688683948194491968e-01,9.349549383691592164e-01,9.720577395914752339e-01,9.843666653350798823e-01,9.236916288629328786e-01,8.725763136540575227e-01,8.745287654301783231e-01,8.769701348263039264e-01,9.846346104096621588e-01,9.671030505909151698e-01
9.290546693942614009e-01,1.000000000000000000e+00,9.317469312781875290e-01,9.677535298606202430e-01,9.392774285834317727e-01,9.572699922816344520e-01,8.802407896083634942e-01,9.509397668956613980e-01,9.609006897878873410e-01,9.256823789794188517e-01,9.469783012118911936e-01,9.169418888744720331e-01,9.320841146383407327e-01,9.811443197815120643e-01,9.291844866476840492e-01,8.930363399487343257e-01,9.618511650309030658e-01,9.551732212203927208e-01,9.643830931173984489e-01,9.311670492037786850e-01,9.643003528330267304e-01,9.311152829079949456e-01,9.264725340521923203e-01,9.362030740875045831e-01,9.599293053346031890e-01,9.449787197115685489e-01,9.724827466146976906e-01,9.559540415548387626e-01,9.574986091414570133e-01,9.194623908006652746e-01,8.928095814012878551e-01,9.195278738534105045e-01,9.259093265487479130e-01,8.801862752525140277e-01,9.180321994446982714e-01,9.207056607009121985e-01,9.219945096551835917e-01,9.327921933622026485e-01,9.458108058103481541e-01
8.908046227056742872e-01,9.317469312781875290e-01,1.000000000000000000e+00,9.465798763299358987e-01,9.722267194053794137e-01,9.562045345346475989e-01,8.527382018469531477e-01,9.047349354371169161e-01,9.148224754259638436e-01,8.883967093154568895e-01,9.627386663225282470e-01,9.627053930507942781e-01,9.804276725828656724e-01,9.303470573167746949e-01,9.709878630588426596e-01,8.626679028836462537e-01,9.490229985019903447e-01,9.062395014621799083e-01,9.122419328772474190e-01,9.738840186867017135e-01,9.496311066533480449e-01,9.786307266468488031e-01,8.899233831835670072e-01,8.897420415044174913e-01,9.526922511014018768e-01,9.012838060228489656e-01,9.211581964543786860e-01,9.574746910744651451e-01,9.063547083442058394e-01,8.857566040888115166e-01,8.619816542809215498e-01,8.872445396212510493e-01,8.874596776217147376e-01,8.573710284042430629e-01,9.670066319140190325e-01,9.770923845959138543e-01,9.785654869830037184e-01,8.936559668429446823e-01,9.002248422059248023e-01
9.158579434258873331e-01,9.677535298606202430e-01,9.465798763299358987e-01,1.000000000000000000e+00,9.542420641220143995e-01,9.763344426946086729e-01,8.678223357601292376e-01,9.387883133778351930e-01,9.486271572460133195e-01,9.114942699099378709e-01,9.638101996310153297e-01,9.289869094180337461e-01,9.466251034980611712e-01,9.679343003723261951e-01,9.441506302237244741e-01,8.769647006664252897e-01,9.819019207707004870e-01,9.421485742936083208e-01,9.486838210302280805e-01,9.467482396514645959e-01,9.843967466078983319e-01,9.458185260441900333e-01,9.136573425232255019e-01,9.215737508818862000e-01,9.796842861820341808e-01,9.321797222323499055e-01,9.608273731161122155e-01,9.743034395105202305e-01,9.451231254901508727e-01,9.091239872530130217e-01,8.772871965413113760e-01,9.071708556265239976e-01,9.113189134790475876e-01,8.672013367070678935e-01,9.298663097206065764e-01,9.364172401750301411e-01,9.357684085124439166e-01,9.192702574832380957e-01,9.313663766001921696e-01
8.977570894252492328e-01,9.392774285834317727e-01,9.722267194053794137e-01,9.542420641220143995e-01,1.000000000000000000e+00,9.642449359072103876e-01,8.578594076800090118e-01,9.110661775953703412e-01,9.250922366560957455e-01,8.943011079431026911e-01,9.742258844859439382e-01,9.562905664134799810e-01,9.755505478628889726e-01,9.408897034963048522e-01,9.793989834293522767e-01,8.683284072226558070e-01,9.578771978823911182e-01,9.138594273551221558e-01,9.230379672223694154e-01,9.798534907381569736e-01,9.558737198857732986e-01,9.771292753922797836e-01,8.966649418429664120e-01,8.961135926234790050e-01,9.596337455791028592e-01,9.075831131241255401e-01,9.331510142032335420e-01,9.651653934850394911e-01,9.160546597470446972e-01,8.935114241612178709e-01,8.681757935006993998e-01,8.952616559588119083e-01,8.954727182554927944e-01,8.628702370284443424e-01,9.579977408326335597e-01,9.655086735940386911e-01,9.646178623293288901e-01,8.995092156144106621e-01,9.091790519334723708e-01
9.088611804527209070e-01,9.572699922816344520e-01,9.562045345346475989e-01,9.763344426946086729e-01,9.642449359072103876e-01,1.000000000000000000e+00,8.652903151500325185e-01,9.311200415503125827e-01,9.397340122317424660e-01,9.034730321394895958e-01,9.759606663112118108e-01,9.419326022185661174e-01,9.572454369346938829e-01,9.574272393656282354e-01,9.560626569866716995e-01,8.745452701370136639e-01,9.792118970028592662e-01,9.328466861038183788e-01,9.394061105565859604e-01,9.590592392462585769e-01,9.774654915447208436e-01,9.563115092364022907e-01,9.057438478267153537e-01,9.116305735131238208e-01,9.821986503448413286e-01,9.241239924548420026e-01,9.503571357464980496e-01,9.847090722366806936e-01,9.346644155027189482e-01,9.028075512964337523e-01,8.734178633581162199e-01,9.008177210454172412e-01,9.047980031069462470e-01,8.663426997541189278e-01,9.389138377965590143e-01,9.465233802647002870e-01,9.464280831359556112e-01,9.111314751658361466e-01,9.233963079044185118e-01
9.229808661831988559e-01,8.802407896083634942e-01,8.527382018469531477e-01,8.678223357601292376e-01,8.578594076800090118e-01,8.652903151500325185e-01,1.000000000000000000e+00,9.083947258880499254e-01,8.988990888314020156e-01,9.243815745985862753e-01,8.664859316273361145e-01,8.521679439842306802e-01,8.561188288991171680e-01,8.794574489109979742e-01,8.541220884438589511e-01,9.750338317636567664e-01,8.648390234936772503e-01,9.063104890756580323e-01,8.918759038609979095e-01,8.572523001516404451e-01,8.673536643796651013e-01,8.579248663967677935e-01,9.232876903540206959e-01,9.123907459466122916e-01,8.624092517717908413e-01,9.034498886568219644e-01,8.863897779922578213e-01,8.646054298173262431e-01,9.085467661203437961e-01,9.401970362673278681e-01,9.763884823775980104e-01,9.409042113530403650e-01,9.237333483333974860e-01,9.816355670020369129e-01,8.411889086680830463e-01,8.391547850131199082e-01,8.427042530872580484e-01,9.197279081727548489e-01,9.072717356755714002e-01
9.603912762058879338e-01,9.509397668956613980e-01,9.047349354371169161e-01,9.387883133778351930e-01,9.110661775953703412e-01,9.311200415503125827e-01,9.083947258880499254e-01,1.000000000000000000e+00,9.756878971428891711e-01,9.593866697938792099e-01,9.197368204515103951e-01,8.955165154484502343e-01,9.059728408124697596e-01,9.568420863375285412e-01,9.015633915523004749e-01,9.185080159179311865e-01,9.331717537293688913e-01,9.837190588517545908e-01,9.716757707604598560e-01,9.032545678658003840e-01,9.359765844419792868e-01,9.054096994417256683e-01,9.598286718017209340e-01,9.686235605883322108e-01,9.300573581368138942e-01,9.798936076429780595e-01,9.621238758705354943e-01,9.305564977727830422e-01,9.815149234894271491e-01,9.506524002144045582e-01,9.184677906977969375e-01,9.508833343765522583e-01,9.605077270780927323e-01,9.112964477564715615e-01,8.930622829540315610e-01,8.900355580751972973e-01,8.928512626267017804e-01,9.622385318002986132e-01,9.771830302260273715e-01
9.538175051710318098e-01,9.609006897878873410e-01,9.148224754259638436e-01,9.486271572460133195e-01,9.250922366560957455e-01,9.397340122317424660e-01,8.988990888314020156e-01,9.756878971428891711e-01,1.000000000000000000e+00,9.513228301024817535e-01,9.311146771977446557e-01,8.985762655080442585e-01,9.178922621532478177e-01,9.687632969063449950e-01,9.163161754897970468e-01,9.110174031592762622e-01,9.437703065162851290e-01,9.787470022853196339e-01,9.825836597890024171e-01,9.180776276814396342e-01,9.459426360026345071e-01,9.180703964138392514e-01,9.520796617676134943e-01,9.613726875495024471e-01,9.407577920099857716e-01,9.698008211465706241e-01,9.747532385005674982e-01,9.396795860774223019e-01,9.804805760299490913e-01,9.421865552240413777e-01,9.118678137554686591e-01,9.435983751799785768e-01,9.519039857542784810e-01,9.019242505843328983e-01,8.994751161069485246e-01,9.008059593670155740e-01,9.031222374995476754e-01,9.561921593809420417e-01,9.703044730533512130e-01
9.821016685627733667e-01,9.256823789794188517e-01,8.883967093154568895e-01,9.114942699099378709e-01,8.943011079431026911e-01,9.034730321394895958e-01,9.243815745985862753e-01,9.593866697938792099e-01,9.513228301024817535e-01,1.000000000000000000e+00,8.990863920925635799e-01,8.849006283064519973e-01,8.913347949451152497e-01,9.303470944508656082e-01,8.897431908330041272e-01,9.355122694750017676e-01,9.059786845809512101e-01,9.571971768952425297e-01,9.455423253919925664e-01,8.900070511173958643e-01,9.100125878751963437e-01,8.913497889971853105e-01,9.843055418310139304e-01,9.745917879056135158e-01,9.050451709533424705e-01,9.654824431865055567e-01,9.383629797237855730e-01,9.050906169048736905e-01,9.578472349609947756e-01,9.717878505021995128e-01,9.360736669917882891e-01,9.753801488429993949e-01,9.829521993138222724e-01,9.265940736720363891e-01,8.720431481869725943e-01,8.724325999852355906e-01,8.739234584525352734e-01,9.813925939041522328e-01,9.666637883174682422e-01
9.031730428244448827e-01,9.469783012118911936e-01,9.627386663225282470e-01,9.638101996310153297e-01,9.742258844859439382e-01,9.759606663112118108e-01,8.664859316273361145e-01,9.197368204515103951e-01,9.311146771977446557e-01,8.990863920925635799e-01,1.000000000000000000e+00,9.488503065424787053e-01,9.664094415745179134e-01,9.475317260046129952e-01,9.671663636907810169e-01,8.752997591483341333e-01,9.674162538380355336e-01,9.225209737045300118e-01,9.284705528224621585e-01,9.699211724256427969e-01,9.654947566085642086e-01,9.674430318369465764e-01,9.011322189673697247e-01,9.042885960516489074e-01,9.705948809371293118e-01,9.137009746959730005e-01,9.402074835493419158e-01,9.768424170851380817e-01,9.255404142298618853e-01,8.998622105928036907e-01,8.744029950159386555e-01,8.988185368748150550e-01,9.004394018524490839e-01,8.692084170713291202e-01,9.472315709971725894e-01,9.540384453836712186e-01,9.532346875798278774e-01,9.044986259318230637e-01,9.129248575676245370e-01
8.871668005496076148e-01,9.169418888744720331e-01,9.627053930507942781e-01,9.289869094180337461e-01,9.562905664134799810e-01,9.419326022185661174e-01,8.521679439842306802e-01,8.955165154484502343e-01,8.985762655080442585e-01,8.849006283064519973e-01,9.488503065424787053e-01,1.000000000000000000e+00,9.615818084920934039e-01,9.138697349437699957e-01,9.583089738105144972e-01,8.574042711711755693e-01,9.337747613442123340e-01,8.940378822072764242e-01,8.958992783429409190e-01,9.585691101181831320e-01,9.318411563535108355e-01,9.631438425655183266e-01,8.862746966626712242e-01,8.782567938045223732e-01,9.383027917147398478e-01,8.901998891224078836e-01,9.048898456464046225e-01,9.448391561492415214e-01,8.917268277109160479e-01,8.828728689635501059e-01,8.577871460658315073e-01,8.854827133865007527e-01,8.836604515909199931e-01,8.567530980028319476e-01,9.659328096211424741e-01,9.666675121533149229e-01,9.656548504848803116e-01,8.870007586274619715e-01,8.870679268846729526e-01
8.935398734983588387e-01,9.320841146383407327e-01,9.804276725828656724e-01,9.466251034980611712e-01,9.755505478628889726e-01,9.572454369346938829e-01,8.561188288991171680e-01,9.059728408124697596e-01,9.178922621532478177e-01,8.913347949451152497e-01,9.664094415745179134e-01,9.615818084920934039e-01,1.000000000000000000e+00,9.322348622845483268e-01,9.768362968337789276e-01,8.669123943655349107e-01,9.502920831947424540e-01,9.071884162604629820e-01,9.151218610333495818e-01,9.789190962913287830e-01,9.495954429665653951e-01,9.835309526641332623e-01,8.921362842392193127e-01,8.915572295982900908e-01,9.530892562686482661e-01,9.020362861076368644e-01,9.238997968586968312e-01,9.577625288542657156e-01,9.084236889637234968e-01,8.876414263632856905e-01,8.663972751557953433e-01,8.904826834203788399e-01,8.905117852030269843e-01,8.608837350131304245e-01,9.617193243672830238e-01,9.716548831137062914e-01,9.728039958646726992e-01,8.953072044339616120e-01,9.019748699532259550e-01
9.333631793184923309e-01,9.811443197815120643e-01,9.303470573167746949e-01,9.679343003723261951e-01,9.408897034963048522e-01,9.574272393656282354e-01,8.794574489109979742e-01,9.568420863375285412e-01,9.687632969063449950e-01,9.303470944508656082e-01,9.475317260046129952e-01,9.138697349437699957e-01,9.322348622845483268e-01,1.000000000000000000e+00,9.313363015074374029e-01,8.918227790965517210e-01,9.619054606699418697e-01,9.622432109554406310e-01,9.710781697282979685e-01,9.325956311495282591e-01,9.650858294362291145e-01,9.317911711596589264e-01,9.308570651938479212e-01,9.402481964901867606e-01,9.600493737611203171e-01,9.502154626370857837e-01,9.795951643473389536e-01,9.569664516146956235e-01,9.639767632526133889e-01,9.237329393609323702e-01,8.921042024022406425e-01,9.238291494816096572e-01,9.305553474523962088e-01,8.804009430189427832e-01,9.164652346345102396e-01,9.202940595121749112e-01,9.209886919079710577e-01,9.366906624736550668e-01,9.516414929301049153e-01
8.915205795142471246e-01,9.291844866476840492e-01,9.709878630588426596e-01,9.441506302237244741e-01,9.793989834293522767e-01,9.560626569866716995e-01,8.541220884438589511e-01,9.015633915523004749e-01,9.163161754897970468e-01,8.897431908330041272e-01,9.671663636907810169e-01,9.583089738105144972e-01,9.768362968337789276e-01,9.313363015074374029e-01,1.000000000000000000e+00,8.624005950890455408e-01,9.491146080746832858e-01,9.036763863676047226e-01,9.126006175373171381e-01,9.842871633657385155e-01,9.475884965066961874e-01,9.796129599522315212e-01,8.906914744627890679e-01,8.869748796656922174e-01,9.524256138202326083e-01,8.975699179235216985e-01,9.240315908000981127e-01,9.577133266813840917e-01,9.058008171495793848e-01,8.867532238732378502e-01,8.625167192240419389e-01,8.902353620743506113e-01,8.893971877120796510e-01,8.601845517790931428e-01,9.544123967843750611e-01,9.636483347197327687e-01,9.628489934192038247e-01,8.927166462252403845e-01,8.979567678438800105e-01
9.352273601020179017e-01,8.930363399487343257e-01,8.626679028836462537e-01,8.769647006664252897e-01,8.683284072226558070e-01,8.745452701370136639e-01,9.750338317636567664e-01,9.185080159179311865e-01,9.110174031592762622e-01,9.355122694750017676e-01,8.752997591483341333e-01,8.574042711711755693e-01,8.669123943655349107e-01,8.918227790965517210e-01,8.624005950890455408e-01,1.000000000000000000e+00,8.743910404175813111e-01,9.167531923507578062e-01,9.051110876666662586e-01,8.644849398496309290e-01,8.752419324372967546e-01,8.675021753173955963e-01,9.344837750486799655e-01,9.240343644898324493e-01,8.718044406086565834e-01,9.160626191871771296e-01,8.993233878389870206e-01,8.737340364812732352e-01,9.193536230990129177e-01,9.481278649694352412e-01,9.843119564921632980e-01,9.500951544103795054e-01,9.351799261452858891e-01,9.739074459205362411e-01,8.507440592284660763e-01,8.490783655472776692e-01,8.531197201128792873e-01,9.334031087224811118e-01,9.197749234673778806e-01
9.112732612496489137e-01,9.618511650309030658e-01,9.490229985019903447e-01,9.819019207707004870e-01,9.578771978823911182e-01,9.792118970028592662e-01,8.648390234936772503e-01,9.331717537293688913e-01,9.437703065162851290e-01,9.059786845809512101e-01,9.674162538380355336e-01,9.337747613442123340e-01,9.502920831947424540e-01,9.619054606699418697e-01,9.491146080746832858e-01,8.743910404175813111e-01,1.000000000000000000e+00,9.358927828331962129e-01,9.441633167939884608e-01,9.521683984493599651e-01,9.828008772965867168e-01,9.497617444935267939e-01,9.084855179034190265e-01,9.152705566224104139e-01,9.826730029828428803e-01,9.269683520747583616e-01,9.551270626153729459e-01,9.768534150931594828e-01,9.385610686904715116e-01,9.044913282540248955e-01,8.743702809582364344e-01,9.026729268620299340e-01,9.062654788966458819e-01,8.648845163117134804e-01,9.334374629488071395e-01,9.386352562070255923e-01,9.386366729942404730e-01,9.137525562922790279e-01,9.267926296385753382e-01
9.593060637661937617e-01,9.551732212203927208e-01,9.062395014621799083e-01,9.421485742936083208e-01,9.138594273551221558e-01,9.328466861038183788e-01,9.063104890756580323e-01,9.837190588517545908e-01,9.787470022853196339e-01,9.571971768952425297e-01,9.225209737045300118e-01,8.940378822072764242e-01,9.071884162604629820e-01,9.622432109554406310e-01,9.036763863676047226e-01,9.167531923507578062e-01,9.358927828331962129e-01,1.000000000000000000e+00,9.750220270664953226e-01,9.054278880308442856e-01,9.388539810330950308e-01,9.068489860758226495e-01,9.576479964548433310e-01,9.680887851310442382e-01,9.328009638327109387e-01,9.782733141627767415e-01,9.660806683541042217e-01,9.322884209872258632e-01,9.830483326117159804e-01,9.484246835135864417e-01,9.165444043860109247e-01,9.488061496511304149e-01,9.580928499752636718e-01,9.085641584559932538e-01,8.940463439097432463e-01,8.917676247247953158e-01,8.944590428563907736e-01,9.613542985806462493e-01,9.769369232660400915e-01
9.479949228936543904e-01,9.643830931173984489e-01,9.122419328772474190e-01,9.486838210302280805e-01,9.230379672223694154e-01,9.394061105565859604e-01,8.918759038609979095e-01,9.716757707604598560e-01,9.825836597890024171e-01,9.455423253919925664e-01,9.284705528224621585e-01,8.958992783429409190e-01,9.151218610333495818e-01,9.710781697282979685e-01,9.126006175373171381e-01,9.051110876666662586e-01,9.441633167939884608e-01,9.750220270664953226e-01,1.000000000000000000e+00,9.144763375132337613e-01,9.456288906850828235e-01,9.143498666282666720e-01,9.463213808855813758e-01,9.565738603190261369e-01,9.404077917940800724e-01,9.654231323426958333e-01,9.775320678597502200e-01,9.386323211636385944e-01,9.763036277840408950e-01,9.362839203591352133e-01,9.058463811285354383e-01,9.393592642288824957e-01,9.459637461829518701e-01,8.950922128497206254e-01,8.981604177055365623e-01,8.996410641386974882e-01,9.014892767918590843e-01,9.512409699209760650e-01,9.664067607267771143e-01
8.924360773607379338e-01,9.311670492037786850e-01,9.738840186867017135e-01,9.467482396514645959e-01,9.798534907381569736e-01,9.590592392462585769e-01,8.572523001516404451e-01,9.032545678658003840e-01,9.180776276814396342e-01,8.900070511173958643e-01,9.699211724256427969e-01,9.585691101181831320e-01,9.789190962913287830e-01,9.325956311495282591e-01,9.842871633657385155e-01,8.644849398496309290e-01,9.521683984493599651e-01,9.054278880308442856e-01,9.144763375132337613e-01,1.000000000000000000e+00,9.502682547597733898e-01,9.814902197270058970e-01,8.911854314715594860e-01,8.893338263379341191e-01,9.548755142851212963e-01,8.992550394979239581e-01,9.257113576593749560e-01,9.603081921880627370e-01,9.074228273007314272e-01,8.880471392056892288e-01,8.647328728237362316e-01,8.900806788859789709e-01,8.896876395338381149e-01,8.624988317520807524e-01,9.570955195436987584e-01,9.660017141829353449e-01,9.656870771156859101e-01,8.936813884111917128e-01,8.995966600210075770e-01
9.140383119759628583e-01,9.643003528330267304e-01,9.496311066533480449e-01,9.843967466078983319e-01,9.558737198857732986e-01,9.774654915447208436e-01,8.673536643796651013e-01,9.359765844419792868e-01,9.459426360026345071e-01,9.100125878751963437e-01,9.654947566085642086e-01,9.318411563535108355e-01,9.495954429665653951e-01,9.650858294362291145e-01,9.475884965066961874e-01,8.752419324372967546e-01,9.828008772965867168e-01,9.388539810330950308e-01,9.456288906850828235e-01,9.502682547597733898e-01,1.000000000000000000e+00,9.489376013651389385e-01,9.122090398859004079e-01,9.190901001789200109e-01,9.810857500895258099e-01,9.296280938181321618e-01,9.583404150942357314e-01,9.755162934893113480e-01,9.412500375208213699e-01,9.081203191670117469e-01,8.758998777936263247e-01,9.053589699033069982e-01,9.092290033738033017e-01,8.673045741170406497e-01,9.315688675806547137e-01,9.383550313121199471e-01,9.378356244612009451e-01,9.173468379595408617e-01,9.289889428663439253e-01
8.929607715567101645e-01,9.311152829079949456e-01,9.786307266468488031e-01,9.458185260441900333e-01,9.771292753922797836e-01,9.563115092364022907e-01,8.579248663967677935e-01,9.054096994417256683e-01,9.180703964138392514e-01,8.913497889971853105e-01,9.674430318369465764e-01,9.631438425655183266e-01,9.835309526641332623e-01,9.317911711596589264e-01,9.796129599522315212e-01,8.675021753173955963e-01,9.497617444935267939e-01,9.068489860758226495e-01,9.143498666282666720e-01,9.814902197270058970e-01,9.489376013651389385e-01,1.000000000000000000e+00,8.919899519780404296e-01,8.915596669058929447e-01,9.530982872384859972e-01,9.011863683247197665e-01,9.246637858235022822e-01,9.577249356265442604e-01,9.087580987435509572e-01,8.892009505642527456e-01,8.673926115329738673e-01,8.925758310070561752e-01,8.902373072867780790e-01,8.628685229073457252e-01,9.624008419441295592e-01,9.704790394005151644e-01,9.709851756341677520e-01,8.942419274877415614e-01,9.015132330167093810e-01
9.837279710185182768e-01,9.264725340521923203e-01,8.899233831835670072e-01,9.136573425232255019e-01,8.966649418429664120e-01,9.057438478267153537e-01,9.232876903540206959e-01,9.598286718017209340e-01,9.520796617676134943e-01,9.843055418310139304e-01,9.011322189673697247e-01,8.862746966626712242e-01,8.921362842392193127e-01,9.308570651938479212e-01,8.906914744627890679e-01,9.344837750486799655e-01,9.084855179034190265e-01,9.576479964548433310e-01,9.463213808855813758e-01,8.911854314715594860e-01,9.122090398859004079e-01,8.919899519780404296e-01,1.000000000000000000e+00,9.739598376266506152e-01,9.072323153088072134e-01,9.652644553787577131e-01,9.389362275605817043e-01,9.068459760376884615e-01,9.581733510744727678e-01,9.706152756027355277e-01,9.349569878015302482e-01,9.741773310596867352e-01,9.834081531831322387e-01,9.251412306959466703e-01,8.726545628810012944e-01,8.732236202755637722e-01,8.751859161980534152e-01,9.826480399791717169e-01,9.663916135280185005e-01
9.755190623066359867e-01,9.362030740875045831e-01,8.897420415044174913e-01,9.215737508818862000e-01,8.961135926234790050e-01,9.116305735131238208e-01,9.123907459466122916e-01,9.686235605883322108e-01,9.613726875495024471e-01,9.745917879056135158e-01,9.042885960516489074e-01,8.782567938045223732e-01,8.915572295982900908e-01,9.402481964901867606e-01,8.869748796656922174e-01,9.240343644898324493e-01,9.152705566224104139e-01,9.680887851310442382e-01,9.565738603190261369e-01,8.893338263379341191e-01,9.190901001789200109e-01,8.915596669058929447e-01,9.739598376266506152e-01,1.000000000000000000e+00,9.129550802116946917e-01,9.764309116098373043e-01,9.480148649265729421e-01,9.111179137717905219e-01,9.678078338495824662e-01,9.626397426047214045e-01,9.240782788278625315e-01,9.646112221345192195e-01,9.740827520038993770e-01,9.150276202211391485e-01,8.717292223009966978e-01,8.711230453452967204e-01,8.731162524512103840e-01,9.771005737868826424e-01,9.770962643340135312e-01
9.098196652710532906e-01,9.599293053346031890e-01,9.526922511014018768e-01,9.796842861820341808e-01,9.596337455791028592e-01,9.821986503448413286e-01,8.624092517717908413e-01,9.300573581368138942e-01,9.407577920099857716e-01,9.050451709533424705e-01,9.705948809371293118e-01,9.383027917147398478e-01,9.530892562686482661e-01,9.600493737611203171e-01,9.524256138202326083e-01,8.718044406086565834e-01,9.826730029828428803e-01,9.328009638327109387e-01,9.404077917940800724e-01,9.548755142851212963e-01,9.810857500895258099e-01,9.530982872384859972e-01,9.072323153088072134e-01,9.129550802116946917e-01,1.000000000000000000e+00,9.239880872414305557e-01,9.525926044589809738e-01,9.810290765545411906e-01,9.353364166236874944e-01,9.017375633085703557e-01,8.714619024052062679e-01,9.013644094365828030e-01,9.044746120230722219e-01,8.622645539162770989e-01,9.364898257479846722e-01,9.423395341811459103e-01,9.421321932394266518e-01,9.121274219105913739e-01,9.243405613083585104e-01
9.658442954425819904e-01,9.449787197115685489e-01,9.012838060228489656e-01,9.321797222323499055e-01,9.075831131241255401e-01,9.241239924548420026e-01,9.034498886568219644e-01,9.798936076429780595e-01,9.698008211465706241e-01,9.654824431865055567e-01,9.137009746959730005e-01,8.901998891224078836e-01,9.020362861076368644e-01,9.502154626370857837e-01,8.975699179235216985e-01,9.160626191871771296e-01,9.269683520747583616e-01,9.782733141627767415e-01,9.654231323426958333e-01,8.992550394979239581e-01,9.296280938181321618e-01,9.011863683247197665e-01,9.652644553787577131e-01,9.764309116098373043e-01,9.239880872414305557e-01,1.000000000000000000e+00,9.567075544083146754e-01,9.233313705310396413e-01,9.759063718533776965e-01,9.537998888558587574e-01,9.160272294394504744e-01,9.552397749732364218e-01,9.655396876280087914e-01,9.072089431221277422e-01,8.875784872372345369e-01,8.848958154910177010e-01,8.874640168731856571e-01,9.678486445527411108e-01,9.830049381666188246e-01
9.401081507455922859e-01,9.724827466146976906e-01,9.211581964543786860e-01,9.608273731161122155e-01,9.331510142032335420e-01,9.503571357464980496e-01,8.863897779922578213e-01,9.621238758705354943e-01,9.747532385005674982e-01,9.383629797237855730e-01,9.402074835493419158e-01,9.048898456464046225e-01,9.238997968586968312e-01,9.795951643473389536e-01,9.240315908000981127e-01,8.993233878389870206e-01,9.551270626153729459e-01,9.660806683541042217e-01,9.775320678597502200e-01,9.257113576593749560e-01,9.583404150942357314e-01,9.246637858235022822e-01,9.389362275605817043e-01,9.480148649265729421e-01,9.525926044589809738e-01,9.567075544083146754e-01,1.000000000000000000e+00,9.502844830021831557e-01,9.689245234340180257e-01,9.309331889125829207e-01,9.006325883539243460e-01,9.334741707957476820e-01,9.381040412623740110e-01,8.886777176992620708e-01,9.078051639763866643e-01,9.119053762505586747e-01,9.123537897487364878e-01,9.438306134478028353e-01,9.582770254930309539e-01
9.098775761918983518e-01,9.559540415548387626e-01,9.574746910744651451e-01,9.743034395105202305e-01,9.651653934850394911e-01,9.847090722366806936e-01,8.646054298173262431e-01,9.305564977727830422e-01,9.396795860774223019e-01,9.050906169048736905e-01,9.768424170851380817e-01,9.448391561492415214e-01,9.577625288542657156e-01,9.569664516146956235e-01,9.577133266813840917e-01,8.737340364812732352e-01,9.768534150931594828e-01,9.322884209872258632e-01,9.386323211636385944e-01,9.603081921880627370e-01,9.755162934893113480e-01,9.577249356265442604e-01,9.068459760376884615e-01,9.111179137717905219e-01,9.810290765545411906e-01,9.233313705310396413e-01,9.502844830021831557e-01,1.000000000000000000e+00,9.343636572214837344e-01,9.040152965107275396e-01,8.728941343073048920e-01,9.021685795669533992e-01,9.061940938030415005e-01,8.660753000784358058e-01,9.407354375878671515e-01,9.485468043860847409e-01,9.482035819611165373e-01,9.116479861272953622e-01,9.229387361579588500e-01
9.595021894191773093e-01,9.574986091414570133e-01,9.063547083442058394e-01,9.451231254901508727e-01,9.160546597470446972e-01,9.346644155027189482e-01,9.085467661203437961e-01,9.815149234894271491e-01,9.804805760299490913e-01,9.578472349609947756e-01,9.255404142298618853e-01,8.917268277109160479e-01,9.084236889637234968e-01,9.639767632526133889e-01,9.058008171495793848e-01,9.193536230990129177e-01,9.385610686904715116e-01,9.830483326117159804e-01,9.763036277840408950e-01,9.074228273007314272e-01,9.412500375208213699e-01,9.087580987435509572e-01,9.581733510744727678e-01,9.678078338495824662e-01,9.353364166236874944e-01,9.759063718533776965e-01,9.689245234340180257e-01,9.343636572214837344e-01,1.000000000000000000e+00,9.486873649085355575e-01,9.195053727848778724e-01,9.502774614788330743e-01,9.584627209388268954e-01,9.105592392696276738e-01,8.915262325101565022e-01,8.909226833219918706e-01,8.935126883595233549e-01,9.613158904630738633e-01,9.757073805077083328e-01
9.688683948194491968e-01,9.194623908006652746e-01,8.857566040888115166e-01,9.091239872530130217e-01,8.935114241612178709e-01,9.028075512964337523e-01,9.401970362673278681e-01,9.506524002144045582e-01,9.421865552240413777e-01,9.717878505021995128e-01,8.998622105928036907e-01,8.828728689635501059e-01,8.876414263632856905e-01,9.237329393609323702e-01,8.867532238732378502e-01,9.481278649694352412e-01,9.044913282540248955e-01,9.484246835135864417e-01,9.362839203591352133e-01,8.880471392056892288e-01,9.081203191670117469e-01,8.892009505642527456e-01,9.706152756027355277e-01,9.626397426047214045e-01,9.017375633085703557e-01,9.537998888558587574e-01,9.309331889125829207e-01,9.040152965107275396e-01,9.486873649085355575e-01,1.000000000000000000e+00,9.485737677151566682e-01,9.788151842046155515e-01,9.704367056619939147e-01,9.427828531779116616e-01,8.733924938589362474e-01,8.706314487080151210e-01,8.740351541094879551e-01,9.681736796395161715e-01,9.562896044932112094e-01
9.349549383691592164e-01,8.928095814012878551e-01,8.619816542809215498e-01,8.772871965413113760e-01,8.681757935006993998e-01,8.734178633581162199e-01,9.763884823775980104e-01,9.184677906977969375e-01,9.118678137554686591e-01,9.360736669917882891e-01,8.744029950159386555e-01,8.577871460658315073e-01,8.663972751557953433e-01,8.921042024022406425e-01,8.625167192240419389e-01,9.843119564921632980e-01,8.743702809582364344e-01,9.165444043860109247e-01,9.058463811285354383e-01,8.647328728237362316e-01,8.758998777936263247e-01,8.673926115329738673e-01,9.349569878015302482e-01,9.240782788278625315e-01,8.714619024052062679e-01,9.160272294394504744e-01,9.006325883539243460e-01,8.728941343073048920e-01,9.195053727848778724e-01,9.485737677151566682e-01,1.000000000000000000e+00,9.507266960786319165e-01,9.351215328509911995e-01,9.752272986197337845e-01,8.504260102857110759e-01,8.485821775217015084e-01,8.525408348379566181e-01,9.327171093719395234e-01,9.198393712486786500e-01
9.720577395914752339e-01,9.195278738534105045e-01,8.872445396212510493e-01,9.071708556265239976e-01,8.952616559588119083e-01,9.008177210454172412e-01,9.409042113530403650e-01,9.508833343765522583e-01,9.435983751799785768e-01,9.753801488429993949e-01,8.988185368748150550e-01,8.854827133865007527e-01,8.904826834203788399e-01,9.238291494816096572e-01,8.902353620743506113e-01,9.500951544103795054e-01,9.026729268620299340e-01,9.488061496511304149e-01,9.393592642288824957e-01,8.900806788859789709e-01,9.053589699033069982e-01,8.925758310070561752e-01,9.741773310596867352e-01,9.646112221345192195e-01,9.013644094365828030e-01,9.552397749732364218e-01,9.334741707957476820e-01,9.021685795669533992e-01,9.502774614788330743e-01,9.788151842046155515e-01,9.507266960786319165e-01,1.000000000000000000e+00,9.739758126351352185e-01,9.430351876258833421e-01,8.735431484758302556e-01,8.727060817815222027e-01,8.753415770921029182e-01,9.715252135994998373e-01,9.584110084312661426e-01
9.843666653350798823e-01,9.259093265487479130e-01,8.874596776217147376e-01,9.113189134790475876e-01,8.954727182554927944e-01,9.047980031069462470e-01,9.237333483333974860e-01,9.605077270780927323e-01,9.519039857542784810e-01,9.829521993138222724e-01,9.004394018524490839e-01,8.836604515909199931e-01,8.905117852030269843e-01,9.305553474523962088e-01,8.893971877120796510e-01,9.351799261452858891e-01,9.062654788966458819e-01,9.580928499752636718e-01,9.459637461829518701e-01,8.896876395338381149e-01,9.092290033738033017e-01,8.902373072867780790e-01,9.834081531831322387e-01,9.740827520038993770e-01,9.044746120230722219e-01,9.655396876280087914e-01,9.381040412623740110e-01,9.061940938030415005e-01,9.584627209388268954e-01,9.704367056619939147e-01,9.351215328509911995e-01,9.739758126351352185e-01,1.000000000000000000e+00,9.242874763831082641e-01,8.684105548507486949e-01,8.700936722795047373e-01,8.724820982803496161e-01,9.827958511556830201e-01,9.667789028766212711e-01
9.236916288629328786e-01,8.801862752525140277e-01,8.573710284042430629e-01,8.672013367070678935e-01,8.628702370284443424e-01,8.663426997541189278e-01,9.816355670020369129e-01,9.112964477564715615e-01,9.019242505843328983e-01,9.265940736720363891e-01,8.692084170713291202e-01,8.567530980028319476e-01,8.608837350131304245e-01,8.804009430189427832e-01,8.601845517790931428e-01,9.739074459205362411e-01,8.648845163117134804e-01,9.085641584559932538e-01,8.950922128497206254e-01,8.624988317520807524e-01,8.673045741170406497e-01,8.628685229073457252e-01,9.251412306959466703e-01,9.150276202211391485e-01,8.622645539162770989e-01,9.072089431221277422e-01,8.886777176992620708e-01,8.660753000784358058e-01,9.105592392696276738e-01,9.427828531779116616e-01,9.752272986197337845e-01,9.430351876258833421e-01,9.242874763831082641e-01,1.000000000000000000e+00,8.498677043051320323e-01,8.458607712339141216e-01,8.489456158080812553e-01,9.207198383725934132e-01,9.110063030442062670e-01
8.725763136540575227e-01,9.180321994446982714e-01,9.670066319140190325e-01,9.298663097206065764e-01,9.579977408326335597e-01,9.389138377965590143e-01,8.411889086680830463e-01,8.930622829540315610e-01,8.994751161069485246e-01,8.720431481869725943e-01,9.472315709971725894e-01,9.659328096211424741e-01,9.617193243672830238e-01,9.164652346345102396e-01,9.544123967843750611e-01,8.507440592284660763e-01,9.334374629488071395e-01,8.940463439097432463e-01,8.981604177055365623e-01,9.570955195436987584e-01,9.315688675806547137e-01,9.624008419441295592e-01,8.726545628810012944e-01,8.717292223009966978e-01,9.364898257479846722e-01,8.875784872372345369e-01,9.078051639763866643e-01,9.407354375878671515e-01,8.915262325101565022e-01,8.733924938589362474e-01,8.504260102857110759e-01,8.735431484758302556e-01,8.684105548507486949e-01,8.498677043051320323e-01,1.000000000000000000e+00,9.774450237616815196e-01,9.748650433020352724e-01,8.752793510754173223e-01,8.847836152389160214e-01
8.745287654301783231e-01,9.207056607009121985e-01,9.770923845959138543e-01,9.364172401750301411e-01,9.655086735940386911e-01,9.465233802647002870e-01,8.391547850131199082e-01,8.900355580751972973e-01,9.008059593670155740e-01,8.724325999852355906e-01,9.540384453836712186e-01,9.666675121533149229e-01,9.716548831137062914e-01,9.202940595121749112e-01,9.636483347197327687e-01,8.490783655472776692e-01,9.386352562070255923e-01,8.917676247247953158e-01,8.996410641386974882e-01,9.660017141829353449e-01,9.383550313121199471e-01,9.704790394005151644e-01,8.732236202755637722e-01,8.711230453452967204e-01,9.423395341811459103e-01,8.848958154910177010e-01,9.119053762505586747e-01,9.485468043860847409e-01,8.909226833219918706e-01,8.706314487080151210e-01,8.485821775217015084e-01,8.727060817815222027e-01,8.700936722795047373e-01,8.458607712339141216e-01,9.774450237616815196e-01,1.000000000000000000e+00,9.842768780086988967e-01,8.780741470413846450e-01,8.830051326719434712e-01
8.769701348263039264e-01,9.219945096551835917e-01,9.785654869830037184e-01,9.357684085124439166e-01,9.646178623293288901e-01,9.464280831359556112e-01,8.427042530872580484e-01,8.928512626267017804e-01,9.031222374995476754e-01,8.739234584525352734e-01,9.532346875798278774e-01,9.656548504848803116e-01,9.728039958646726992e-01,9.209886919079710577e-01,9.628489934192038247e-01,8.531197201128792873e-01,9.386366729942404730e-01,8.944590428563907736e-01,9.014892767918590843e-01,9.656870771156859101e-01,9.378356244612009451e-01,9.709851756341677520e-01,8.751859161980534152e-01,8.731162524512103840e-01,9.421321932394266518e-01,8.874640168731856571e-01,9.123537897487364878e-01,9.482035819611165373e-01,8.935126883595233549e-01,8.740351541094879551e-01,8.525408348379566181e-01,8.753415770921029182e-01,8.724820982803496161e-01,8.489456158080812553e-01,9.748650433020352724e-01,9.842768780086988967e-01,1.000000000000000000e+00,8.804964909382653193e-01,8.854408236582193004e-01
9.846346104096621588e-01,9.327921933622026485e-01,8.936559668429446823e-01,9.192702574832380957e-01,8.995092156144106621e-01,9.111314751658361466e-01,9.197279081727548489e-01,9.622385318002986132e-01,9.561921593809420417e-01,9.813925939041522328e-01,9.044986259318230637e-01,8.870007586274619715e-01,8.953072044339616120e-01,9.366906624736550668e-01,8.927166462252403845e-01,9.334031087224811118e-01,9.137525562922790279e-01,9.613542985806462493e-01,9.512409699209760650e-01,8.936813884111917128e-01,9.173468379595408617e-01,8.942419274877415614e-01,9.826480399791717169e-01,9.771005737868826424e-01,9.121274219105913739e-01,9.678486445527411108e-01,9.438306134478028353e-01,9.116479861272953622e-01,9.613158904630738633e-01,9.681736796395161715e-01,9.327171093719395234e-01,9.715252135994998373e-01,9.827958511556830201e-01,9.207198383725934132e-01,8.752793510754173223e-01,8.780741470413846450e-01,8.804964909382653193e-01,1.000000000000000000e+00,9.688721090778472655e-01
9.671030505909151698e-01,9.458108058103481541e-01,9.002248422059248023e-01,9.313663766001921696e-01,9.091790519334723708e-01,9.233963079044185118e-01,9.072717356755714002e-01,9.771830302260273715e-01,9.703044730533512130e-01,9.666637883174682422e-01,9.129248575676245370e-01,8.870679268846729526e-01,9.019748699532259550e-01,9.516414929301049153e-01,8.979567678438800105e-01,9.197749234673778806e-01,9.267926296385753382e-01,9.769369232660400915e-01,9.664067607267771143e-01,8.995966600210075770e-01,9.289889428663439253e-01,9.015132330167093810e-01,9.663916135280185005e-01,9.770962643340135312e-01,9.243405613083585104e-01,9.830049381666188246e-01,9.582770254930309539e-01,9.229387361579588500e-01,9.757073805077083328e-01,9.562896044932112094e-01,9.198393712486786500e-01,9.584110084312661426e-01,9.667789028766212711e-01,9.110063030442062670e-01,8.847836152389160214e-01,8.830051326719434712e-01,8.854408236582193004e-01,9.688721090778472655e-01,1.000000000000000000e+00
