1.000000000000000000e+00,8.663250373502151547e-01,5.597489536880164707e-01,7.842120836246130669e-03,7.510091784798199610e-01,5.473646268520138136e-01,2.980433206138114466e-01,-4.208650931227236880e-01,7.037070700930897482e-01,7.569398966998619471e-01,6.812397467026360953e-01,2.861565435606378549e-01,6.601665332015185239e-01,4.185663390518263860e-01,1.925258386655905041e-01,7.804261455563485939e-01,7.776793854060195521e-01,7.115191001849423547e-01,7.176154317448673048e-01,-1.220142730722100031e-03,1.525003956328160604e-01,3.704200917430129913e-01,4.533649200363206733e-01,4.750810535028029968e-01,3.980276893463912669e-01,8.598801239939479757e-01,8.112692761783925066e-01,6.851040972657644890e-01,7.797535276608323906e-01,7.147981512050484154e-01,7.930580106695480636e-01,7.902060392317773463e-01,3.786541226878838429e-01,4.835154278686150664e-01,7.215480021308161573e-01,7.963520943553478171e-01,7.562060348130349441e-01,6.409041565267511453e-01,6.809783711896995051e-01
8.663250373502151547e-01,1.000000000000000000e+00,4.936342378526348273e-01,-2.912683966316770984e-02,6.844209918154126049e-01,4.606110145721513671e-01,2.973127819282616602e-01,-4.176067033735016421e-01,7.141605315878110094e-01,7.252239511584532838e-01,6.569014713420472384e-01,3.056318119569007563e-01,5.423083162108227606e-01,3.508649062954687925e-01,1.526743604122335063e-01,7.175051955172572216e-01,7.185093423934780787e-01,6.300742459336631240e-01,6.420091578447525427e-01,-6.905833636159992850e-02,-6.270020495027829772e-03,2.755015095390582203e-01,3.543706795408499977e-01,3.880470089172525228e-01,3.144520921037834982e-01,8.096390940444494477e-01,7.301009028965929071e-01,5.858313694562978791e-01,7.232608251873600125e-01,7.035732358228209415e-01,7.365956339050556689e-01,7.438074822341356196e-01,2.588808796352007335e-01,4.210112999558533464e-01,6.719281038445387155e-01,7.122910683555713218e-01,7.116669278958377420e-01,6.135890432208411793e-01,6.916902077109819968e-01
5.597489536880164707e-01,4.936342378526348273e-01,1.000000000000000000e+00,4.406708132552680096e-02,8.368004265182198420e-01,6.724942830990945364e-01,2.203295462024977003e-01,-7.061642241188538227e-01,6.856697299521631317e-01,7.400933385096194472e-01,7.549078955963630655e-01,2.253070619759286464e-01,5.841653694880005743e-01,7.633927840201530923e-01,3.864438887588268479e-01,7.476619780165489892e-01,7.631036926494190187e-01,7.351282250853756750e-01,7.577885626228796356e-01,1.317719703771445166e-03,5.743538029269834588e-01,7.421046229555803286e-01,5.858481058323444790e-01,7.688327728975382636e-01,5.387833406643052214e-01,6.496743401716040811e-01,6.560068881293442677e-01,5.626460570896512081e-01,6.775588030032445586e-01,7.570166807177615143e-01,5.386273783098420864e-01,7.424195477607029581e-01,7.894067880501264289e-01,7.230113369613931917e-01,6.369918704883965610e-01,6.008986389804898964e-01,6.737225431048236013e-01,5.584534958241883507e-01,6.728409868384149783e-01
7.842120836246130669e-03,-2.912683966316770984e-02,4.406708132552680096e-02,1.000000000000000000e+00,2.663050046197785320e-02,-2.267001179976341207e-02,7.746057595371910187e-01,3.214139654180327987e-01,3.354691903428996813e-02,1.500671074298609853e-01,-1.934257504432291552e-01,5.674295148437572545e-01,3.973436214273788902e-01,2.606391927233125613e-02,5.141079788480857893e-01,8.415716048735725693e-03,-7.728161276732907481e-02,2.050973767069124987e-01,2.875475869697083908e-01,8.117100370330779802e-01,4.345417959013690989e-01,4.453914572860559473e-01,2.134641744378140416e-01,7.527950257655036115e-02,1.504336197028430244e-01,1.645422979791022478e-01,2.535638295548431898e-01,4.796583382276389251e-01,3.984097604664271070e-02,-8.970513665118669266e-02,1.650324294506701484e-01,2.857254707513285849e-02,1.546814817844911760e-01,1.745727993431870351e-01,1.113669639347907581e-01,1.550575540083126147e-01,-2.023058696411393978e-02,3.660337728798431223e-01,1.490411136414809545e-01
7.510091784798199610e-01,6.844209918154126049e-01,8.368004265182198420e-01,2.663050046197785320e-02,1.000000000000000000e+00,6.743744287079737054e-01,2.602894570207353597e-01,-6.631940276508073717e-01,7.896878904186249715e-01,8.361350197827795983e-01,7.753148850842159767e-01,3.217730197786086155e-01,6.833181832927716082e-01,6.884792917597851725e-01,3.578142163952769406e-01,8.373331686403532315e-01,8.436893115499781715e-01,8.032357972229450249e-01,8.236313207705900918e-01,-2.278908226356655617e-02,4.054297881765729361e-01,6.231710368885834406e-01,5.744902569341543419e-01,6.962520693646284675e-01,5.224096570978155052e-01,7.890755168010940013e-01,7.840591737697027996e-01,6.633984625369220289e-01,7.592805827806163865e-01,8.446333619476186216e-01,7.224105422166606782e-01,8.225304594532633073e-01,6.686557267217319023e-01,7.334970314558628690e-01,6.910244346714019548e-01,7.074059009471145298e-01,7.358672247786901544e-01,6.526437262094095804e-01,7.686523621412847396e-01
5.473646268520138136e-01,4.606110145721513671e-01,6.724942830990945364e-01,-2.267001179976341207e-02,6.743744287079737054e-01,1.000000000000000000e+00,1.098395561860790876e-01,-5.134123262681257183e-01,4.626168201581244421e-01,6.249816416495791449e-01,6.968203498709818478e-01,2.161694836658477892e-01,6.249539233291152573e-01,5.642805518698489342e-01,2.485404552807830292e-01,7.173081812920579781e-01,7.053375178377473409e-01,6.979507384408564219e-01,6.506057091885126820e-01,-4.889398383439431256e-02,4.205118238188250146e-01,5.269161975732910008e-01,7.631650501920671514e-01,7.398052960906645881e-01,7.666661596653103761e-01,6.244778799445021011e-01,6.308490522949800061e-01,5.570315638022335092e-01,6.879816699692198334e-01,5.618614344478984890e-01,5.208108160856238511e-01,7.447409357306292721e-01,5.654916022002464127e-01,4.556122745850516020e-01,6.624562553637721729e-01,6.725081498017290160e-01,6.949782312605297108e-01,3.760645792066438231e-01,5.026686888183947710e-01
2.980433206138114466e-01,2.973127819282616602e-01,2.203295462024977003e-01,7.746057595371910187e-01,2.602894570207353597e-01,1.098395561860790876e-01,1.000000000000000000e+00,1.573881421330500796e-01,2.895057339568677390e-01,3.929035476045333319e-01,4.681485621694365246e-02,6.156313916950310050e-01,5.573398639744772121e-01,2.015424264878739047e-01,5.475094161358098344e-01,2.008007230494313622e-01,1.537251174370628248e-01,3.569654998845868121e-01,4.784322558462950070e-01,7.260405246711546523e-01,3.858898956637424327e-01,5.128292930139570771e-01,3.184204997988611674e-01,2.594150876753741897e-01,2.651800989377061657e-01,4.214252781003407500e-01,5.161129520905215484e-01,5.926945855525053153e-01,2.840421930166699416e-01,1.713159389918667008e-01,3.889396986876553775e-01,2.927465674925148198e-01,2.382686501931314260e-01,3.765935024441600665e-01,3.445901102010975325e-01,3.630082579031387313e-01,2.401998607497119465e-01,5.289449520519030612e-01,4.235813062388334438e-01
-4.208650931227236880e-01,-4.176067033735016421e-01,-7.061642241188538227e-01,3.214139654180327987e-01,-6.631940276508073717e-01,-5.134123262681257183e-01,1.573881421330500796e-01,1.000000000000000000e+00,-6.258297817543139185e-01,-5.694818047809311334e-01,-6.006386693265315380e-01,3.469743223272894750e-02,-2.090616806270006733e-01,-5.503017887583373513e-01,-2.500674320421200289e-02,-5.972339023268452562e-01,-6.086951943621110583e-01,-4.938152612482110126e-01,-4.878795594125620583e-01,3.951125107435707884e-01,-1.623287974084750007e-01,-3.237163896491606074e-01,-3.247067405356836578e-01,-5.514632257189874265e-01,-2.936371931595099793e-01,-4.262344106033613134e-01,-3.687837440799662803e-01,-2.167554895714168262e-01,-4.628649967203465332e-01,-6.849916555543574814e-01,-4.022555071252282843e-01,-5.229106911018389647e-01,-4.509591253225058161e-01,-5.211870782734653318e-01,-4.066418141296029298e-01,-3.605922181149879835e-01,-4.649735333363391176e-01,-3.837145982256306431e-01,-5.096415968537842955e-01
7.037070700930897482e-01,7.141605315878110094e-01,6.856697299521631317e-01,3.354691903428996813e-02,7.896878904186249715e-01,4.626168201581244421e-01,2.895057339568677390e-01,-6.258297817543139185e-01,1.000000000000000000e+00,7.731591777848350056e-01,6.382385677753631414e-01,4.233329982487367138e-01,4.625974849566474867e-01,5.866229314497393155e-01,3.788284071954972632e-01,7.157974797395021405e-01,7.080219924531523379e-01,6.834605151848236471e-01,7.262773384146408162e-01,-9.421844688567082571e-02,1.567196573292893302e-01,4.381590696939195451e-01,3.960023418645498561e-01,5.639984707856774415e-01,3.275460629644642019e-01,6.813908860977586635e-01,6.536927777621999169e-01,5.100114049556266904e-01,6.318665834932396530e-01,8.465890503454203131e-01,6.156075611824542992e-01,6.932703724879808460e-01,4.309806712908542670e-01,6.936326967892252338e-01,6.000185957314095875e-01,5.604205547849698821e-01,6.143470017882755041e-01,7.253778652187080622e-01,7.902763403437063072e-01
7.569398966998619471e-01,7.252239511584532838e-01,7.400933385096194472e-01,1.500671074298609853e-01,8.361350197827795983e-01,6.249816416495791449e-01,3.929035476045333319e-01,-5.694818047809311334e-01,7.731591777848350056e-01,1.000000000000000000e+00,7.109083441249292035e-01,4.789287337053843019e-01,6.931574259094894774e-01,6.186473700479308002e-01,4.434459760241595272e-01,8.277149049903300693e-01,8.162280640382169050e-01,8.130389321635723698e-01,8.461427473404847799e-01,7.288135631234661516e-02,3.332899112386439322e-01,5.764020650471819440e-01,5.246376934054596264e-01,6.458335480988038890e-01,4.775697940472306002e-01,8.262538244510124752e-01,8.086382428239524689e-01,7.191219096061081117e-01,7.302392971708724367e-01,8.367169013370312491e-01,7.818447607185747827e-01,7.972504947142097231e-01,5.539477802819415819e-01,6.167145275755869793e-01,6.969273501227807310e-01,6.877909514665084822e-01,6.887321202310848767e-01,7.778967342216464020e-01,8.570595219341591298e-01
6.812397467026360953e-01,6.569014713420472384e-01,7.549078955963630655e-01,-1.934257504432291552e-01,7.753148850842159767e-01,6.968203498709818478e-01,4.681485621694365246e-02,-6.006386693265315380e-01,6.382385677753631414e-01,7.109083441249292035e-01,1.000000000000000000e+00,1.621071947498114174e-01,5.175928226826139733e-01,6.665309618795032254e-01,2.143920403437313271e-01,7.619174168459365015e-01,8.511706896510541354e-01,6.750914496130071552e-01,6.637941113164194107e-01,-2.019604378196822037e-01,3.066186112201669811e-01,4.943826623606448756e-01,5.116497064728556809e-01,6.720850646908572701e-01,5.089752972723152746e-01,7.016207801761263907e-01,6.555558215626694496e-01,4.871931236880639449e-01,7.616884099506225914e-01,7.519279437092468710e-01,5.871535209699977331e-01,8.207692065898940514e-01,6.152249217526943870e-01,5.419787612775502916e-01,6.756448072673795213e-01,6.209710091567398615e-01,7.735207227421410092e-01,4.714846157502183277e-01,6.711565265290738713e-01
2.861565435606378549e-01,3.056318119569007563e-01,2.253070619759286464e-01,5.674295148437572545e-01,3.217730197786086155e-01,2.161694836658477892e-01,6.156313916950310050e-01,3.469743223272894750e-02,4.233329982487367138e-01,4.789287337053843019e-01,1.621071947498114174e-01,1.000000000000000000e+00,4.068958200782794576e-01,2.163674092947691363e-01,6.879584497225674777e-01,3.312169174459282384e-01,2.709551546591865145e-01,4.704734403590455916e-01,5.042977174414827735e-01,4.201223912612833122e-01,1.309363960562925089e-01,3.643522566639482707e-01,3.087910347214559148e-01,2.094415765800362594e-01,2.622568870311108857e-01,3.671441388127141270e-01,3.978671860129858739e-01,4.825438685814149031e-01,2.404276774567461472e-01,3.378526263182786149e-01,3.857023019051116774e-01,2.897836354910440226e-01,1.040196024375071721e-01,2.861253583228542952e-01,3.069052997924020532e-01,2.392663732879318772e-01,1.879679547774462389e-01,5.665507322602399976e-01,5.519581601028670237e-01
6.601665332015185239e-01,5.423083162108227606e-01,5.841653694880005743e-01,3.973436214273788902e-01,6.833181832927716082e-01,6.249539233291152573e-01,5.573398639744772121e-01,-2.090616806270006733e-01,4.625974849566474867e-01,6.931574259094894774e-01,5.175928226826139733e-01,4.068958200782794576e-01,1.000000000000000000e+00,4.452592775067792386e-01,3.938978837172618652e-01,6.868149988913757609e-01,6.396131201547941014e-01,7.412337946657886478e-01,7.715852807781540257e-01,3.892328581442836000e-01,5.380572090732590462e-01,6.660177749174636119e-01,6.496609121808611942e-01,5.625853798894324687e-01,6.013084529175839466e-01,7.724863231592854484e-01,8.297083322800226091e-01,8.394200980184045591e-01,7.038464134782485004e-01,5.056660869032694183e-01,7.265328146266398779e-01,7.149249504019560275e-01,5.612217281574297667e-01,4.853610117919238687e-01,6.614175674304310082e-01,7.791437120988761178e-01,6.504271677392694517e-01,5.633154074603216044e-01,5.782872440150486071e-01
4.185663390518263860e-01,3.508649062954687925e-01,7.633927840201530923e-01,2.606391927233125613e-02,6.884792917597851725e-01,5.642805518698489342e-01,2.015424264878739047e-01,-5.503017887583373513e-01,5.866229314497393155e-01,6.186473700479308002e-01,6.665309618795032254e-01,2.163674092947691363e-01,4.452592775067792386e-01,1.000000000000000000e+00,4.616079172786827223e-01,5.471741084572089298e-01,6.437926497115190605e-01,5.467849925893984997e-01,5.852200646580500987e-01,-1.788446171698587078e-02,5.567535996467962711e-01,6.425841903323794568e-01,5.577547787501261345e-01,8.131745741132422323e-01,5.364700775291258994e-01,5.006669150844933469e-01,5.434638388610227855e-01,3.798280838140823401e-01,6.145311303864828822e-01,6.527073185074981909e-01,3.579556786646257982e-01,6.747819947331183954e-01,7.911022867163095551e-01,7.193776120192657553e-01,6.406628756487087184e-01,4.508512555926936227e-01,6.385143681669799287e-01,5.238959382594472469e-01,6.346368508171852385e-01
1.925258386655905041e-01,1.526743604122335063e-01,3.864438887588268479e-01,5.141079788480857893e-01,3.578142163952769406e-01,2.485404552807830292e-01,5.475094161358098344e-01,-2.500674320421200289e-02,3.788284071954972632e-01,4.434459760241595272e-01,2.143920403437313271e-01,6.879584497225674777e-01,3.938978837172618652e-01,4.616079172786827223e-01,1.000000000000000000e+00,2.872549681778003849e-01,3.007157785731335853e-01,4.521375481304573118e-01,5.175357262621156362e-01,4.510154985379116188e-01,4.354873562365283446e-01,5.224693683969636737e-01,3.899686241426689737e-01,4.021944943889985691e-01,3.200195813503809439e-01,3.364521454566117842e-01,4.024233733431427096e-01,4.558094050528258001e-01,2.845764594923513302e-01,3.363124046146881985e-01,2.853603826434145119e-01,3.101386667076855286e-01,3.967652641059896679e-01,4.342339492787677946e-01,3.671833282668479637e-01,2.385301276291194594e-01,2.300053159456740826e-01,5.862779149363692710e-01,5.143610010497954299e-01
7.804261455563485939e-01,7.175051955172572216e-01,7.476619780165489892e-01,8.415716048735725693e-03,8.373331686403532315e-01,7.173081812920579781e-01,2.008007230494313622e-01,-5.972339023268452562e-01,7.157974797395021405e-01,8.277149049903300693e-01,7.619174168459365015e-01,3.312169174459282384e-01,6.868149988913757609e-01,5.471741084572089298e-01,2.872549681778003849e-01,1.000000000000000000e+00,8.515682501513723857e-01,8.682934863833818850e-01,8.089872047754941287e-01,-4.453625632976375426e-02,3.292098923125736931e-01,5.463832822303724690e-01,5.870609240619663050e-01,6.222719704023506049e-01,5.207323320015302404e-01,8.088408141222486192e-01,7.496133970097254018e-01,7.069964446350315290e-01,7.846970264702730624e-01,7.786570273878125059e-01,7.492040071932166700e-01,8.161470905040406620e-01,5.373191039164575411e-01,5.158239539161189047e-01,7.036450743987147094e-01,7.797523663648655567e-01,7.430027886206332921e-01,6.593710297102647333e-01,7.075255022546436123e-01
7.776793854060195521e-01,7.185093423934780787e-01,7.631036926494190187e-01,-7.728161276732907481e-02,8.436893115499781715e-01,7.053375178377473409e-01,1.537251174370628248e-01,-6.086951943621110583e-01,7.080219924531523379e-01,8.162280640382169050e-01,8.511706896510541354e-01,2.709551546591865145e-01,6.396131201547941014e-01,6.437926497115190605e-01,3.007157785731335853e-01,8.515682501513723857e-01,1.000000000000000000e+00,7.781290431423604215e-01,7.709404704165363498e-01,-8.831462643055459916e-02,3.230977713923017802e-01,5.105656966260253560e-01,5.416569238810360343e-01,6.573977962778346784e-01,4.975739612668324541e-01,8.163879908012049436e-01,7.735768883410946151e-01,6.497053086621877860e-01,8.041762870306432553e-01,8.157449525825803960e-01,7.490367298431702681e-01,8.560235040085493186e-01,5.962740299917598241e-01,5.701916980848696914e-01,7.201210639775438294e-01,7.283321103092504911e-01,7.799006287369488755e-01,6.268196530397033284e-01,7.439934683190015940e-01
7.115191001849423547e-01,6.300742459336631240e-01,7.351282250853756750e-01,2.050973767069124987e-01,8.032357972229450249e-01,6.979507384408564219e-01,3.569654998845868121e-01,-4.938152612482110126e-01,6.834605151848236471e-01,8.130389321635723698e-01,6.750914496130071552e-01,4.704734403590455916e-01,7.412337946657886478e-01,5.467849925893984997e-01,4.521375481304573118e-01,8.682934863833818850e-01,7.781290431423604215e-01,1.000000000000000000e+00,8.655077352060481788e-01,1.259238999371666556e-01,4.185783259256711797e-01,6.266183009676573601e-01,6.341995041099538488e-01,6.339169246547851078e-01,5.540504905929877211e-01,7.821536615419428795e-01,7.605156693142096636e-01,7.689030082059404858e-01,7.399748662552402267e-01,7.183951119284025522e-01,7.287343480285065622e-01,7.730150133221556086e-01,5.560141711534890563e-01,5.371300863090960886e-01,6.937550030045706029e-01,7.560573305360733798e-01,6.860464635483399798e-01,7.057878769637336847e-01,7.102245630199099935e-01
7.176154317448673048e-01,6.420091578447525427e-01,7.577885626228796356e-01,2.875475869697083908e-01,8.236313207705900918e-01,6.506057091885126820e-01,4.784322558462950070e-01,-4.878795594125620583e-01,7.262773384146408162e-01,8.461427473404847799e-01,6.637941113164194107e-01,5.042977174414827735e-01,7.715852807781540257e-01,5.852200646580500987e-01,5.175357262621156362e-01,8.089872047754941287e-01,7.709404704165363498e-01,8.655077352060481788e-01,1.000000000000000000e+00,2.200925041220629097e-01,4.519821383870190612e-01,6.661531511141133288e-01,6.175643444270456639e-01,6.628920075524857847e-01,5.508309925342917968e-01,8.118080459334108268e-01,8.183693467935645449e-01,8.004081080721295871e-01,7.355267567782207694e-01,7.424320485603046471e-01,7.662898317220738775e-01,7.813685307812247016e-01,5.927402875260783244e-01,6.513704303796605810e-01,6.971583171565052250e-01,7.170872035364724839e-01,6.856305047518947982e-01,7.675225675901370392e-01,7.779805125194969584e-01
-1.220142730722100031e-03,-6.905833636159992850e-02,1.317719703771445166e-03,8.117100370330779802e-01,-2.278908226356655617e-02,-4.889398383439431256e-02,7.260405246711546523e-01,3.951125107435707884e-01,-9.421844688567082571e-02,7.288135631234661516e-02,-2.019604378196822037e-01,4.201223912612833122e-01,3.892328581442836000e-01,-1.788446171698587078e-02,4.510154985379116188e-01,-4.453625632976375426e-02,-8.831462643055459916e-02,1.259238999371666556e-01,2.200925041220629097e-01,1.000000000000000000e+00,4.608724058812570523e-01,4.335827649877923018e-01,2.286336097904689835e-01,5.442687914810803024e-02,1.689925295479402512e-01,1.576566664763442427e-01,2.546553017659871077e-01,4.653689951769664490e-01,1.219844684634967084e-02,-1.743171707553371474e-01,1.600181109147180980e-01,-1.836650367862728778e-03,1.803308751711368008e-01,1.063703922750902364e-01,5.306976922459576834e-02,1.595286135336786149e-01,-4.136097808452966762e-02,2.589053504106830217e-01,3.760628541666453245e-02
1.525003956328160604e-01,-6.270020495027829772e-03,5.743538029269834588e-01,4.345417959013690989e-01,4.054297881765729361e-01,4.205118238188250146e-01,3.858898956637424327e-01,-1.623287974084750007e-01,1.567196573292893302e-01,3.332899112386439322e-01,3.066186112201669811e-01,1.309363960562925089e-01,5.380572090732590462e-01,5.567535996467962711e-01,4.354873562365283446e-01,3.292098923125736931e-01,3.230977713923017802e-01,4.185783259256711797e-01,4.519821383870190612e-01,4.608724058812570523e-01,1.000000000000000000e+00,8.123036999475734543e-01,5.237441880145634610e-01,5.868704428187581090e-01,4.737134474381623495e-01,3.320837344972430993e-01,4.231908721035811394e-01,5.154975217410394661e-01,3.669157853280211601e-01,2.056076063761922146e-01,2.162370722177264504e-01,3.679539678832502991e-01,7.791501708520248703e-01,4.558095273991971674e-01,3.944771266824271816e-01,4.161897008717662660e-01,3.682834578740974973e-01,3.051978853133758274e-01,2.296537940554237434e-01
3.704200917430129913e-01,2.755015095390582203e-01,7.421046229555803286e-01,4.453914572860559473e-01,6.231710368885834406e-01,5.269161975732910008e-01,5.128292930139570771e-01,-3.237163896491606074e-01,4.381590696939195451e-01,5.764020650471819440e-01,4.943826623606448756e-01,3.643522566639482707e-01,6.660177749174636119e-01,6.425841903323794568e-01,5.224693683969636737e-01,5.463832822303724690e-01,5.105656966260253560e-01,6.266183009676573601e-01,6.661531511141133288e-01,4.335827649877923018e-01,8.123036999475734543e-01,1.000000000000000000e+00,5.865212565413142620e-01,6.553403254537861766e-01,5.403047248489775134e-01,5.337862749697608322e-01,6.073279208318920208e-01,6.291704378897809979e-01,5.314554929920503046e-01,4.524375387990120512e-01,4.165648499169248842e-01,5.650156094338449897e-01,7.948872997223294101e-01,5.885318089888053050e-01,5.370229911091186636e-01,5.458715539294132224e-01,5.165109704075815378e-01,5.034055793997153083e-01,5.163191904336268401e-01
4.533649200363206733e-01,3.543706795408499977e-01,5.858481058323444790e-01,2.134641744378140416e-01,5.744902569341543419e-01,7.631650501920671514e-01,3.184204997988611674e-01,-3.247067405356836578e-01,3.960023418645498561e-01,5.246376934054596264e-01,5.116497064728556809e-01,3.087910347214559148e-01,6.496609121808611942e-01,5.577547787501261345e-01,3.899686241426689737e-01,5.870609240619663050e-01,5.416569238810360343e-01,6.341995041099538488e-01,6.175643444270456639e-01,2.286336097904689835e-01,5.237441880145634610e-01,5.865212565413142620e-01,1.000000000000000000e+00,7.540403279686128668e-01,8.872973565970763143e-01,5.471109633551858309e-01,5.846372529365918558e-01,5.935775662339347614e-01,6.314118966712164438e-01,4.162342884630772510e-01,4.473729394207922594e-01,6.438598181891015404e-01,5.690019379603079575e-01,5.047970824092462561e-01,6.340525072306728571e-01,6.307164476460165314e-01,6.130937648569713128e-01,4.065944435096483511e-01,3.994142394692993814e-01
4.750810535028029968e-01,3.880470089172525228e-01,7.688327728975382636e-01,7.527950257655036115e-02,6.962520693646284675e-01,7.398052960906645881e-01,2.594150876753741897e-01,-5.514632257189874265e-01,5.639984707856774415e-01,6.458335480988038890e-01,6.720850646908572701e-01,2.094415765800362594e-01,5.625853798894324687e-01,8.131745741132422323e-01,4.021944943889985691e-01,6.222719704023506049e-01,6.573977962778346784e-01,6.339169246547851078e-01,6.628920075524857847e-01,5.442687914810803024e-02,5.868704428187581090e-01,6.553403254537861766e-01,7.540403279686128668e-01,1.000000000000000000e+00,7.333136632379018138e-01,5.726352432207599819e-01,6.077417178032221701e-01,5.073469863542204861e-01,6.766241264476874351e-01,6.280777445794398783e-01,4.206565410443706687e-01,7.260911143136742352e-01,7.524522338237923380e-01,6.921888915119932539e-01,6.946015730168839664e-01,5.763017449368501577e-01,6.929997438305824931e-01,5.116980729981579490e-01,5.801322652307802086e-01
3.980276893463912669e-01,3.144520921037834982e-01,5.387833406643052214e-01,1.504336197028430244e-01,5.224096570978155052e-01,7.666661596653103761e-01,2.651800989377061657e-01,-2.936371931595099793e-01,3.275460629644642019e-01,4.775697940472306002e-01,5.089752972723152746e-01,2.622568870311108857e-01,6.013084529175839466e-01,5.364700775291258994e-01,3.200195813503809439e-01,5.207323320015302404e-01,4.975739612668324541e-01,5.540504905929877211e-01,5.508309925342917968e-01,1.689925295479402512e-01,4.737134474381623495e-01,5.403047248489775134e-01,8.872973565970763143e-01,7.333136632379018138e-01,1.000000000000000000e+00,4.931180870163004992e-01,5.372904479784164078e-01,5.114694519939184669e-01,5.771262745123838522e-01,3.677778793234655064e-01,3.765940034168792083e-01,6.176349475662117339e-01,5.389369856012612425e-01,4.549449200528222215e-01,5.931750342387061004e-01,5.626146797826573343e-01,5.848552486676549256e-01,3.026422900127413440e-01,3.687885393792446065e-01
8.598801239939479757e-01,8.096390940444494477e-01,6.496743401716040811e-01,1.645422979791022478e-01,7.890755168010940013e-01,6.244778799445021011e-01,4.214252781003407500e-01,-4.262344106033613134e-01,6.813908860977586635e-01,8.262538244510124752e-01,7.016207801761263907e-01,3.671441388127141270e-01,7.724863231592854484e-01,5.006669150844933469e-01,3.364521454566117842e-01,8.088408141222486192e-01,8.163879908012049436e-01,7.821536615419428795e-01,8.118080459334108268e-01,1.576566664763442427e-01,3.320837344972430993e-01,5.337862749697608322e-01,5.471109633551858309e-01,5.726352432207599819e-01,4.931180870163004992e-01,1.000000000000000000e+00,8.855715681637249537e-01,8.124187280741221873e-01,8.203502875682476825e-01,7.119941819959531015e-01,8.470850557524997049e-01,8.417751950359284585e-01,5.125870561049719054e-01,5.345047500069042279e-01,7.672180565050358281e-01,8.296272363588818033e-01,7.872878227008700547e-01,7.160693024205097013e-01,7.353525875323971839e-01
8.112692761783925066e-01,7.301009028965929071e-01,6.560068881293442677e-01,2.535638295548431898e-01,7.840591737697027996e-01,6.308490522949800061e-01,5.161129520905215484e-01,-3.687837440799662803e-01,6.536927777621999169e-01,8.086382428239524689e-01,6.555558215626694496e-01,3.978671860129858739e-01,8.297083322800226091e-01,5.434638388610227855e-01,4.024233733431427096e-01,7.496133970097254018e-01,7.735768883410946151e-01,7.605156693142096636e-01,8.183693467935645449e-01,2.546553017659871077e-01,4.231908721035811394e-01,6.073279208318920208e-01,5.846372529365918558e-01,6.077417178032221701e-01,5.372904479784164078e-01,8.855715681637249537e-01,1.000000000000000000e+00,8.099019693158669986e-01,7.853023447420587333e-01,6.812463195940158256e-01,8.178423423445687623e-01,8.189443812710218706e-01,5.658776098969994228e-01,5.909996530533172532e-01,7.531018129233684189e-01,8.125551032171353105e-01,7.527628876073519937e-01,6.879639144541246365e-01,7.383293138783681986e-01
6.851040972657644890e-01,5.858313694562978791e-01,5.626460570896512081e-01,4.796583382276389251e-01,6.633984625369220289e-01,5.570315638022335092e-01,5.926945855525053153e-01,-2.167554895714168262e-01,5.100114049556266904e-01,7.191219096061081117e-01,4.871931236880639449e-01,4.825438685814149031e-01,8.394200980184045591e-01,3.798280838140823401e-01,4.558094050528258001e-01,7.069964446350315290e-01,6.497053086621877860e-01,7.689030082059404858e-01,8.004081080721295871e-01,4.653689951769664490e-01,5.154975217410394661e-01,6.291704378897809979e-01,5.935775662339347614e-01,5.073469863542204861e-01,5.114694519939184669e-01,8.124187280741221873e-01,8.099019693158669986e-01,1.000000000000000000e+00,6.766680156789213196e-01,5.212988922536808678e-01,7.816944994325626395e-01,6.867838325676729472e-01,5.092501772524873349e-01,4.733516489274554040e-01,6.322814361822274298e-01,7.698508176056673147e-01,6.115753953085157901e-01,6.886067432234035390e-01,5.830847210180456486e-01
7.797535276608323906e-01,7.232608251873600125e-01,6.775588030032445586e-01,3.984097604664271070e-02,7.592805827806163865e-01,6.879816699692198334e-01,2.840421930166699416e-01,-4.628649967203465332e-01,6.318665834932396530e-01,7.302392971708724367e-01,7.616884099506225914e-01,2.404276774567461472e-01,7.038464134782485004e-01,6.145311303864828822e-01,2.845764594923513302e-01,7.846970264702730624e-01,8.041762870306432553e-01,7.399748662552402267e-01,7.355267567782207694e-01,1.219844684634967084e-02,3.669157853280211601e-01,5.314554929920503046e-01,6.314118966712164438e-01,6.766241264476874351e-01,5.771262745123838522e-01,8.203502875682476825e-01,7.853023447420587333e-01,6.766680156789213196e-01,1.000000000000000000e+00,6.771290060583400328e-01,6.923638917566846684e-01,8.777863410380600806e-01,5.933014856329696940e-01,5.545963056065223995e-01,8.436318223602219391e-01,8.061354268810314583e-01,8.826596115656522024e-01,6.242834842104255655e-01,6.691683265293503213e-01
7.147981512050484154e-01,7.035732358228209415e-01,7.570166807177615143e-01,-8.970513665118669266e-02,8.446333619476186216e-01,5.618614344478984890e-01,1.713159389918667008e-01,-6.849916555543574814e-01,8.465890503454203131e-01,8.367169013370312491e-01,7.519279437092468710e-01,3.378526263182786149e-01,5.056660869032694183e-01,6.527073185074981909e-01,3.363124046146881985e-01,7.786570273878125059e-01,8.157449525825803960e-01,7.183951119284025522e-01,7.424320485603046471e-01,-1.743171707553371474e-01,2.056076063761922146e-01,4.524375387990120512e-01,4.162342884630772510e-01,6.280777445794398783e-01,3.677778793234655064e-01,7.119941819959531015e-01,6.812463195940158256e-01,5.212988922536808678e-01,6.771290060583400328e-01,1.000000000000000000e+00,6.590781009830846138e-01,7.545874964151112474e-01,5.318400152120978941e-01,6.569224049220596662e-01,6.198309145534431908e-01,5.840325030984329091e-01,6.547095358928133324e-01,6.746574013304620365e-01,8.204979419661370121e-01
7.930580106695480636e-01,7.365956339050556689e-01,5.386273783098420864e-01,1.650324294506701484e-01,7.224105422166606782e-01,5.208108160856238511e-01,3.889396986876553775e-01,-4.022555071252282843e-01,6.156075611824542992e-01,7.818447607185747827e-01,5.871535209699977331e-01,3.857023019051116774e-01,7.265328146266398779e-01,3.579556786646257982e-01,2.853603826434145119e-01,7.492040071932166700e-01,7.490367298431702681e-01,7.287343480285065622e-01,7.662898317220738775e-01,1.600181109147180980e-01,2.162370722177264504e-01,4.165648499169248842e-01,4.473729394207922594e-01,4.206565410443706687e-01,3.765940034168792083e-01,8.470850557524997049e-01,8.178423423445687623e-01,7.816944994325626395e-01,6.923638917566846684e-01,6.590781009830846138e-01,1.000000000000000000e+00,7.233849585836656937e-01,3.616295390471483406e-01,4.548448412197184099e-01,6.240508452129192030e-01,7.267249323230429159e-01,6.310709686763136261e-01,6.751001859371567049e-01,6.759905787215028106e-01
7.902060392317773463e-01,7.438074822341356196e-01,7.424195477607029581e-01,2.857254707513285849e-02,8.225304594532633073e-01,7.447409357306292721e-01,2.927465674925148198e-01,-5.229106911018389647e-01,6.932703724879808460e-01,7.972504947142097231e-01,8.207692065898940514e-01,2.897836354910440226e-01,7.149249504019560275e-01,6.747819947331183954e-01,3.101386667076855286e-01,8.161470905040406620e-01,8.560235040085493186e-01,7.730150133221556086e-01,7.813685307812247016e-01,-1.836650367862728778e-03,3.679539678832502991e-01,5.650156094338449897e-01,6.438598181891015404e-01,7.260911143136742352e-01,6.176349475662117339e-01,8.417751950359284585e-01,8.189443812710218706e-01,6.867838325676729472e-01,8.777863410380600806e-01,7.545874964151112474e-01,7.233849585836656937e-01,1.000000000000000000e+00,6.223270363657329440e-01,6.256121673386221271e-01,8.130839023690533685e-01,7.872579118341695992e-01,8.641198699177070619e-01,6.326658122211064050e-01,7.361846955055265651e-01
3.786541226878838429e-01,2.588808796352007335e-01,7.894067880501264289e-01,1.546814817844911760e-01,6.686557267217319023e-01,5.654916022002464127e-01,2.382686501931314260e-01,-4.509591253225058161e-01,4.309806712908542670e-01,5.539477802819415819e-01,6.152249217526943870e-01,1.040196024375071721e-01,5.612217281574297667e-01,7.911022867163095551e-01,3.967652641059896679e-01,5.373191039164575411e-01,5.962740299917598241e-01,5.560141711534890563e-01,5.927402875260783244e-01,1.803308751711368008e-01,7.791501708520248703e-01,7.948872997223294101e-01,5.690019379603079575e-01,7.524522338237923380e-01,5.389369856012612425e-01,5.125870561049719054e-01,5.658776098969994228e-01,5.092501772524873349e-01,5.933014856329696940e-01,5.318400152120978941e-01,3.616295390471483406e-01,6.223270363657329440e-01,1.000000000000000000e+00,6.608411508076941221e-01,5.684397950857491555e-01,5.138844303067059416e-01,5.975035814400154743e-01,4.210783462517853626e-01,4.854949991139053678e-01
4.835154278686150664e-01,4.210112999558533464e-01,7.230113369613931917e-01,1.745727993431870351e-01,7.334970314558628690e-01,4.556122745850516020e-01,3.765935024441600665e-01,-5.211870782734653318e-01,6.936326967892252338e-01,6.167145275755869793e-01,5.419787612775502916e-01,2.861253583228542952e-01,4.853610117919238687e-01,7.193776120192657553e-01,4.342339492787677946e-01,5.158239539161189047e-01,5.701916980848696914e-01,5.371300863090960886e-01,6.513704303796605810e-01,1.063703922750902364e-01,4.558095273991971674e-01,5.885318089888053050e-01,5.047970824092462561e-01,6.921888915119932539e-01,4.549449200528222215e-01,5.345047500069042279e-01,5.909996530533172532e-01,4.733516489274554040e-01,5.545963056065223995e-01,6.569224049220596662e-01,4.548448412197184099e-01,6.256121673386221271e-01,6.608411508076941221e-01,1.000000000000000000e+00,5.221097199080678708e-01,4.386969606303626756e-01,5.385360828539664801e-01,5.567119524918550111e-01,6.035494651819131029e-01
7.215480021308161573e-01,6.719281038445387155e-01,6.369918704883965610e-01,1.113669639347907581e-01,6.910244346714019548e-01,6.624562553637721729e-01,3.445901102010975325e-01,-4.066418141296029298e-01,6.000185957314095875e-01,6.969273501227807310e-01,6.756448072673795213e-01,3.069052997924020532e-01,6.614175674304310082e-01,6.406628756487087184e-01,3.671833282668479637e-01,7.036450743987147094e-01,7.201210639775438294e-01,6.937550030045706029e-01,6.971583171565052250e-01,5.306976922459576834e-02,3.944771266824271816e-01,5.370229911091186636e-01,6.340525072306728571e-01,6.946015730168839664e-01,5.931750342387061004e-01,7.672180565050358281e-01,7.531018129233684189e-01,6.322814361822274298e-01,8.436318223602219391e-01,6.198309145534431908e-01,6.240508452129192030e-01,8.130839023690533685e-01,5.684397950857491555e-01,5.221097199080678708e-01,1.000000000000000000e+00,7.622265719423862995e-01,8.728146404515443324e-01,6.314596790194375586e-01,6.631564809306222941e-01
7.963520943553478171e-01,7.122910683555713218e-01,6.008986389804898964e-01,1.550575540083126147e-01,7.074059009471145298e-01,6.725081498017290160e-01,3.630082579031387313e-01,-3.605922181149879835e-01,5.604205547849698821e-01,6.877909514665084822e-01,6.209710091567398615e-01,2.392663732879318772e-01,7.791437120988761178e-01,4.508512555926936227e-01,2.385301276291194594e-01,7.797523663648655567e-01,7.283321103092504911e-01,7.560573305360733798e-01,7.170872035364724839e-01,1.595286135336786149e-01,4.161897008717662660e-01,5.458715539294132224e-01,6.307164476460165314e-01,5.763017449368501577e-01,5.626146797826573343e-01,8.296272363588818033e-01,8.125551032171353105e-01,7.698508176056673147e-01,8.061354268810314583e-01,5.840325030984329091e-01,7.267249323230429159e-01,7.872579118341695992e-01,5.138844303067059416e-01,4.386969606303626756e-01,7.622265719423862995e-01,1.000000000000000000e+00,7.804984563024864874e-01,5.695158923848376853e-01,5.516782807849551773e-01
7.562060348130349441e-01,7.116669278958377420e-01,6.737225431048236013e-01,-2.023058696411393978e-02,7.358672247786901544e-01,6.949782312605297108e-01,2.401998607497119465e-01,-4.649735333363391176e-01,6.143470017882755041e-01,6.887321202310848767e-01,7.735207227421410092e-01,1.879679547774462389e-01,6.504271677392694517e-01,6.385143681669799287e-01,2.300053159456740826e-01,7.430027886206332921e-01,7.799006287369488755e-01,6.860464635483399798e-01,6.856305047518947982e-01,-4.136097808452966762e-02,3.682834578740974973e-01,5.165109704075815378e-01,6.130937648569713128e-01,6.929997438305824931e-01,5.848552486676549256e-01,7.872878227008700547e-01,7.527628876073519937e-01,6.115753953085157901e-01,8.826596115656522024e-01,6.547095358928133324e-01,6.310709686763136261e-01,8.641198699177070619e-01,5.975035814400154743e-01,5.385360828539664801e-01,8.728146404515443324e-01,7.804984563024864874e-01,1.000000000000000000e+00,5.547337884371483785e-01,6.375586938810045012e-01
6.409041565267511453e-01,6.135890432208411793e-01,5.584534958241883507e-01,3.660337728798431223e-01,6.526437262094095804e-01,3.760645792066438231e-01,5.289449520519030612e-01,-3.837145982256306431e-01,7.253778652187080622e-01,7.778967342216464020e-01,4.714846157502183277e-01,5.665507322602399976e-01,5.633154074603216044e-01,5.238959382594472469e-01,5.862779149363692710e-01,6.593710297102647333e-01,6.268196530397033284e-01,7.057878769637336847e-01,7.675225675901370392e-01,2.589053504106830217e-01,3.051978853133758274e-01,5.034055793997153083e-01,4.065944435096483511e-01,5.116980729981579490e-01,3.026422900127413440e-01,7.160693024205097013e-01,6.879639144541246365e-01,6.886067432234035390e-01,6.242834842104255655e-01,6.746574013304620365e-01,6.751001859371567049e-01,6.326658122211064050e-01,4.210783462517853626e-01,5.567119524918550111e-01,6.314596790194375586e-01,5.695158923848376853e-01,5.547337884371483785e-01,1.000000000000000000e+00,7.826665454301200420e-01
6.809783711896995051e-01,6.916902077109819968e-01,6.728409868384149783e-01,1.490411136414809545e-01,7.686523621412847396e-01,5.026686888183947710e-01,4.235813062388334438e-01,-5.096415968537842955e-01,7.902763403437063072e-01,8.570595219341591298e-01,6.711565265290738713e-01,5.519581601028670237e-01,5.782872440150486071e-01,6.346368508171852385e-01,5.143610010497954299e-01,7.075255022546436123e-01,7.439934683190015940e-01,7.102245630199099935e-01,7.779805125194969584e-01,3.760628541666453245e-02,2.296537940554237434e-01,5.163191904336268401e-01,3.994142394692993814e-01,5.801322652307802086e-01,3.687885393792446065e-01,7.353525875323971839e-01,7.383293138783681986e-01,5.830847210180456486e-01,6.691683265293503213e-01,8.204979419661370121e-01,6.759905787215028106e-01,7.361846955055265651e-01,4.854949991139053678e-01,6.035494651819131029e-01,6.631564809306222941e-01,5.516782807849551773e-01,6.375586938810045012e-01,7.826665454301200420e-01,1.000000000000000000e+00
