1.000000000000000000e+00,7.344132570397303716e-01,3.251479600891460930e-01,-4.199792710217341296e-02,6.529772339114570112e-01,-2.410718033660008697e-01,1.998047181647082671e-01,-2.663061778290709003e-01,7.291075757360621079e-01,6.820017919708881715e-01,-5.180501584293109585e-02,3.055635109839304198e-01,-1.452760016479333061e-01,4.375889341110671404e-01,-4.901490458156985974e-02,6.671541790338610944e-01,-1.669137792316461588e-01,1.938578837601104554e-01,2.975661657746826450e-01,-3.767130032617891366e-01,-2.755179282362475376e-02,2.169001808125524122e-01,4.595385154058106436e-01,-4.676856897881121952e-03,5.963031541572521438e-02,3.302393362852899528e-01,4.982612820986034863e-01,-3.459004954384230224e-02,-1.352170470159372584e-01,4.927829830430265345e-01,3.973100972448595503e-01,5.483081482056232359e-01,2.184870789211280917e-01,5.040095167415785671e-01,-2.030955176958781361e-01,2.629822809523209015e-01,3.346060794980451059e-01,5.308888591634911697e-02,3.967135906968058956e-01
7.344132570397303716e-01,1.000000000000000000e+00,5.084279703601889411e-01,4.720234975456596288e-02,6.354872707688965505e-01,-4.538958391063493969e-01,5.118870101384837001e-01,-3.167101702945193109e-01,7.087289210819179841e-01,5.878436479665108960e-01,-2.818963132402985683e-01,5.725282817956699466e-01,-3.119981204742575676e-01,3.936096719322297321e-01,-7.312886297400476854e-02,8.093187806804479356e-01,-3.897738856847517974e-01,9.099718610082659087e-02,5.275879059095086587e-01,-3.220286980993770087e-01,-1.903635712199305274e-01,5.141711953587866368e-01,5.470459087435729506e-01,-2.303154614453817653e-02,-1.766265429807319376e-01,-3.857689022598883438e-02,7.127997723342835990e-01,-2.555152204811820815e-01,-4.095261816277347977e-01,3.292275411537770591e-01,6.393228829225102716e-01,7.271040109390722872e-01,3.151115795655751173e-01,6.363836257862854895e-01,-4.554930348497818748e-01,2.059838156240885176e-01,3.148178104082564599e-01,-2.757334619318795865e-01,6.455408337417680720e-01
3.251479600891460930e-01,5.084279703601889411e-01,1.000000000000000000e+00,6.141887146737969039e-02,2.960176895434847300e-01,-6.436909620475731453e-01,6.815046306404497489e-01,-7.820028837393441234e-01,5.311520994679239660e-01,1.611287267120898592e-01,-5.061887181297844984e-01,7.583074135866894050e-01,-6.696122850375543223e-01,2.514108167472565158e-01,2.393216851007382295e-01,5.603521758329087499e-01,-6.413257420973271783e-01,-1.284646167085350954e-01,5.793301777108581518e-01,-3.641273367858521293e-01,-4.871069114408693723e-01,6.684646622596438492e-01,6.289209491493749082e-01,3.682825649282924219e-01,-9.982584079408590716e-02,-2.709744717698255867e-01,7.475054324053967969e-01,-1.467703460883936495e-01,-6.798708464368724558e-01,-2.243152148560549897e-01,7.592023885872701827e-01,6.043186894659696717e-01,4.825833465308323467e-01,7.404405229527457610e-01,-6.979393524961976514e-01,-6.386031423388788264e-02,-1.990194896327918128e-02,-4.132090410073356312e-01,7.533186232086194201e-01
-4.199792710217341296e-02,4.720234975456596288e-02,6.141887146737969039e-02,1.000000000000000000e+00,1.306417444640115555e-01,1.009541381380222175e-01,2.016405277612372537e-01,-2.821826990285915271e-02,-2.930368866050600887e-02,3.095618722035265932e-02,1.423996241276936914e-01,1.501741054142862741e-01,1.116032826141898256e-02,6.790489514807682148e-02,-9.602385096372907658e-02,1.024190907391014788e-01,1.114856384356068403e-01,1.859406784797976511e-02,-6.125287989653624421e-02,-2.218299176117211058e-02,-2.703702764488180241e-02,1.873800492037855925e-01,1.079140131479743719e-01,1.423814134483364358e-01,-3.594944375432784778e-02,-2.255351153565370304e-01,7.266572983145094811e-02,1.103126613927086080e-01,3.443357519091053143e-02,2.946928627756259869e-02,9.904556291896524090e-02,1.567194327464139503e-01,2.695915495253685679e-01,1.277225071604184969e-01,2.895359878398295894e-02,1.952512090504393560e-01,2.485409508044738591e-01,-2.721925387527792672e-01,1.179031183823134321e-01
6.529772339114570112e-01,6.354872707688965505e-01,2.960176895434847300e-01,1.306417444640115555e-01,1.000000000000000000e+00,-7.481976443520860220e-02,2.041976645982974958e-01,-2.873987153627377000e-01,6.695383593964226998e-01,5.986590613102643621e-01,9.868289685719064397e-02,2.637884645701137898e-01,-5.503755829034766983e-02,6.176430044322874791e-01,-2.560244152393686967e-01,6.016279388668900330e-01,2.028080072071310885e-02,4.613955063523030309e-01,1.866720917252860656e-01,-2.883554683983884370e-01,1.720044836917914710e-01,2.268060702624304925e-01,3.897766779991813646e-01,3.448807691041039236e-02,-1.582820772633467335e-02,2.409650568936242410e-01,3.838816558617930697e-01,6.958548810785755712e-02,-1.113531901980596879e-02,4.308730307931513126e-01,3.166711907072352616e-01,5.346318005776725668e-01,3.190780426526730329e-01,4.294941609285511386e-01,-8.387352801972566829e-02,3.691637049959111128e-01,5.006204709550731158e-01,-1.378141662059718942e-01,3.196749095974217303e-01
-2.410718033660008697e-01,-4.538958391063493969e-01,-6.436909620475731453e-01,1.009541381380222175e-01,-7.481976443520860220e-02,1.000000000000000000e+00,-6.278384298827487386e-01,4.062430455234918858e-01,-3.927028982460206152e-01,8.956451372237640707e-02,7.947467886836666606e-01,-6.696494833002634151e-01,5.828167526041847513e-01,9.309994437906968234e-02,-2.569119756623240436e-01,-3.694924222961809557e-01,8.240624819470003803e-01,2.560362193048508761e-01,-5.163295777273858578e-01,2.057534185758233269e-01,5.610581008088506572e-01,-5.816818396640452971e-01,-2.436978846690229794e-01,1.214759687058044324e-01,4.678599218978163887e-01,3.691844871299955200e-01,-6.551727937344435926e-01,3.263081184614624597e-01,7.417918186239483846e-01,2.657616557593258100e-01,-6.174718383438024816e-01,-4.023056992756235961e-01,2.112439576496463398e-02,-5.580705624608589543e-01,7.670801416139668705e-01,1.251806093633291705e-01,3.245882195469972920e-01,3.471214248764157850e-01,-6.933915518074976747e-01
1.998047181647082671e-01,5.118870101384837001e-01,6.815046306404497489e-01,2.016405277612372537e-01,2.041976645982974958e-01,-6.278384298827487386e-01,1.000000000000000000e+00,-4.033186187947513379e-01,3.328468281622882774e-01,5.775165471682755514e-02,-5.175164270200163230e-01,8.147374199010702922e-01,-4.839535191107169343e-01,1.259140450280326062e-01,5.956226618603883971e-02,5.622530518202409899e-01,-6.351314987949241431e-01,-2.504059124987975116e-01,6.813699513894549975e-01,-1.581606475584222404e-01,-6.040808801292962826e-01,8.026236590998189202e-01,5.454106004853204182e-01,1.708308823322985670e-01,-3.747456135998541993e-01,-6.019065690950694547e-01,7.626952945054079613e-01,-4.420362531864993616e-01,-6.769255052560636532e-01,-2.456159243805253467e-01,7.946909097498934260e-01,6.875156985811670118e-01,4.199295897337948502e-01,6.481708025591540467e-01,-6.714457631860704101e-01,-1.004501073269375017e-01,2.400507635980216048e-02,-6.206783829989039880e-01,8.117007762340128219e-01
-2.663061778290709003e-01,-3.167101702945193109e-01,-7.820028837393441234e-01,-2.821826990285915271e-02,-2.873987153627377000e-01,4.062430455234918858e-01,-4.033186187947513379e-01,1.000000000000000000e+00,-5.147786085425813951e-01,-1.969537208912530701e-01,2.949957701156786238e-01,-4.877570048592169694e-01,5.504344083297887380e-01,-3.426472486604976164e-01,-2.413893897294079049e-01,-3.887581626849079819e-01,4.144951040829251698e-01,-6.061528997891589554e-02,-3.696208890604913422e-01,3.279916320223101311e-01,2.723923055957967465e-01,-3.913484007580419477e-01,-5.173750367765156399e-01,-4.541929537681223539e-01,-1.350591779495592393e-01,-1.140535125407851624e-02,-4.913598234818899457e-01,-1.169915081290943265e-01,4.551446393481040631e-01,1.555422458583209933e-01,-5.071510639512695207e-01,-3.746673646149247805e-01,-4.452902955267368235e-01,-5.535230146569762866e-01,4.818178957856707467e-01,-1.263224774974410283e-02,4.973510876272085705e-03,1.856942091684937735e-01,-4.836255820511595749e-01
7.291075757360621079e-01,7.087289210819179841e-01,5.311520994679239660e-01,-2.930368866050600887e-02,6.695383593964226998e-01,-3.927028982460206152e-01,3.328468281622882774e-01,-5.147786085425813951e-01,1.000000000000000000e+00,6.160431371203999307e-01,-2.392788309876194841e-01,4.011871067970790294e-01,-2.900009154669349609e-01,5.152380258287374559e-01,1.637306862177505262e-02,6.717483273588105153e-01,-3.389308128367248818e-01,3.294126776045719907e-01,4.536889717878199724e-01,-3.568856897968664121e-01,-1.226553544514192712e-01,3.036608712209668548e-01,4.873851312462978980e-01,6.169389716786338740e-02,1.460747115761053261e-02,2.461367401943979627e-01,5.460721120942162443e-01,-2.869362947462261726e-02,-3.293966411280659368e-01,3.717982005757125008e-01,4.614053806816735825e-01,5.243968841401611680e-01,2.038687191408030952e-01,5.389407132980993387e-01,-3.882007499565971465e-01,2.199514891518236093e-01,1.833777019341210623e-01,3.436949106415291850e-03,4.976897317849503510e-01
6.820017919708881715e-01,5.878436479665108960e-01,1.611287267120898592e-01,3.095618722035265932e-02,5.986590613102643621e-01,8.956451372237640707e-02,5.775165471682755514e-02,-1.969537208912530701e-01,6.160431371203999307e-01,1.000000000000000000e+00,1.673812487346963696e-01,9.171458552391439922e-02,8.119592761001206624e-03,4.696423238224209928e-01,-3.145059321656686752e-02,6.307021480902638144e-01,7.763722352296223428e-02,2.650827720958755518e-01,2.564903049892490183e-01,-3.282844001707311277e-01,9.057866810653750211e-02,2.904539852057591923e-02,4.868081135394596859e-01,1.802299090281390681e-01,3.705970445155554738e-01,4.047850293709263636e-01,2.795003963852732976e-01,4.685070848629847157e-02,-4.690341437067169564e-03,6.242519427876813687e-01,2.208221336293949011e-01,4.049066795329869239e-01,3.127704816783341002e-01,3.245308568056686771e-01,-4.344658690772734699e-02,1.935803403892139007e-01,3.792801593182988928e-01,2.105602445988604410e-01,1.687808941476038049e-01
-5.180501584293109585e-02,-2.818963132402985683e-01,-5.061887181297844984e-01,1.423996241276936914e-01,9.868289685719064397e-02,7.947467886836666606e-01,-5.175164270200163230e-01,2.949957701156786238e-01,-2.392788309876194841e-01,1.673812487346963696e-01,1.000000000000000000e+00,-5.175116815590568020e-01,5.118463951138666479e-01,2.154208754858780439e-01,-2.865632883386836083e-01,-2.244286950052030161e-01,8.133123321620614465e-01,2.796643312672235648e-01,-4.793960589613198708e-01,3.272540765726209000e-02,5.850963981218834098e-01,-4.245530496535744325e-01,-1.132099340713568630e-01,1.557837872238873600e-01,4.317066050759598705e-01,3.792251056592907399e-01,-4.914434786327080973e-01,3.648649216644991311e-01,7.180980817431598107e-01,3.023041211161204278e-01,-4.724877068847641581e-01,-2.122948581288453818e-01,1.775180212819977843e-01,-3.704449433774574807e-01,7.075708390864167141e-01,2.323830217285137445e-01,5.278808197173688876e-01,2.452702442784273074e-01,-5.364102157820789252e-01
3.055635109839304198e-01,5.725282817956699466e-01,7.583074135866894050e-01,1.501741054142862741e-01,2.637884645701137898e-01,-6.696494833002634151e-01,8.147374199010702922e-01,-4.877570048592169694e-01,4.011871067970790294e-01,9.171458552391439922e-02,-5.175116815590568020e-01,1.000000000000000000e+00,-5.462603219358608264e-01,1.574047401830232507e-01,1.122062283746804306e-01,6.087090612680889912e-01,-6.647470718736114836e-01,-2.923182918722310730e-01,6.129188331934306566e-01,-2.600582237722058321e-01,-5.941081474121223671e-01,8.253263218263351408e-01,6.083544351934120353e-01,2.234481457334276389e-01,-3.211092701747859102e-01,-5.232236191139144621e-01,8.332606332823035977e-01,-3.728737686256358153e-01,-6.938161755297550526e-01,-2.258014169043155717e-01,8.483067280816954936e-01,7.336906854148003143e-01,4.884390830230753711e-01,7.732268099680501550e-01,-6.966245105757669087e-01,-7.916480534419291504e-02,6.649807875567950721e-02,-6.342949596286526770e-01,8.589720891882084430e-01
-1.452760016479333061e-01,-3.119981204742575676e-01,-6.696122850375543223e-01,1.116032826141898256e-02,-5.503755829034766983e-02,5.828167526041847513e-01,-4.839535191107169343e-01,5.504344083297887380e-01,-2.900009154669349609e-01,8.119592761001206624e-03,5.118463951138666479e-01,-5.462603219358608264e-01,1.000000000000000000e+00,6.609731925705564053e-03,-3.540811222062291708e-01,-3.239732398782348977e-01,5.957411860833062844e-01,2.506445874404786833e-01,-4.719365413723770053e-01,2.829340027552479930e-01,4.593821383322863050e-01,-4.780186202141739615e-01,-4.593773888255753279e-01,-3.280928752090681022e-01,5.795548334139338092e-02,2.462858271774577557e-01,-5.491293724152781497e-01,1.787682129534681752e-01,6.295917788051281772e-01,3.413150637798116338e-01,-5.798242742431993779e-01,-3.564187621314443000e-01,-2.589621642683534453e-01,-5.400775669611086460e-01,6.238017707122561761e-01,2.550522080039738793e-01,2.137215974579915745e-01,2.166515440906343071e-01,-5.423812932392373387e-01
4.375889341110671404e-01,3.936096719322297321e-01,2.514108167472565158e-01,6.790489514807682148e-02,6.176430044322874791e-01,9.309994437906968234e-02,1.259140450280326062e-01,-3.426472486604976164e-01,5.152380258287374559e-01,4.696423238224209928e-01,2.154208754858780439e-01,1.574047401830232507e-01,6.609731925705564053e-03,1.000000000000000000e+00,-3.061426249520207143e-01,3.916197494589283568e-01,1.543160708685493709e-01,4.407725777059939287e-01,2.313178146156698589e-01,-1.029287315427217936e-01,1.591140109971512506e-01,1.378717165607916961e-01,3.831105111162602106e-01,2.846807581591249692e-01,8.269417698216419144e-02,1.831340383602142463e-01,2.350591046871866874e-01,2.203693106771730664e-02,1.221164998950901998e-01,2.005944779538075540e-01,2.286070419504392104e-01,4.483023017788931863e-01,3.657984693300475598e-01,2.062853424825613902e-01,1.059962034097659822e-01,3.194980083643621516e-01,4.930607189790287004e-01,-9.414655472891100829e-02,2.155312403290204626e-01
-4.901490458156985974e-02,-7.312886297400476854e-02,2.393216851007382295e-01,-9.602385096372907658e-02,-2.560244152393686967e-01,-2.569119756623240436e-01,5.956226618603883971e-02,-2.413893897294079049e-01,1.637306862177505262e-02,-3.145059321656686752e-02,-2.865632883386836083e-01,1.122062283746804306e-01,-3.540811222062291708e-01,-3.061426249520207143e-01,1.000000000000000000e+00,-5.714507388623161349e-02,-3.028710538653348605e-01,-3.565098929166348185e-01,9.077538936176217377e-02,-2.846987752336542221e-01,-3.361250041633920826e-01,1.431328553129659550e-02,9.568266844770383084e-02,1.998894721831793175e-01,2.594537951893445271e-01,8.821330680043469596e-02,6.080398566368845625e-02,5.803585212497329449e-02,-3.643822676474140487e-01,-1.984212602607980380e-01,7.224247677053667605e-02,-1.421877743462274524e-01,-5.516014803962509400e-02,2.815768929855682057e-01,-3.697470186568721506e-01,-3.288880949357268491e-01,-4.110697391385957356e-01,2.840901864846122060e-01,4.458962360407071196e-02
6.671541790338610944e-01,8.093187806804479356e-01,5.603521758329087499e-01,1.024190907391014788e-01,6.016279388668900330e-01,-3.694924222961809557e-01,5.622530518202409899e-01,-3.887581626849079819e-01,6.717483273588105153e-01,6.307021480902638144e-01,-2.244286950052030161e-01,6.087090612680889912e-01,-3.239732398782348977e-01,3.916197494589283568e-01,-5.714507388623161349e-02,1.000000000000000000e+00,-3.705821671741710288e-01,1.057687368640999361e-02,5.747130753864209129e-01,-3.395347293006115152e-01,-2.688821647169807316e-01,5.450809722628997545e-01,6.877501908381782325e-01,1.848235704481054897e-01,-1.866103251551471526e-02,-8.151316880994781411e-02,7.338179648013081202e-01,-2.105605657137051001e-01,-4.493549870504638943e-01,3.360696591034369463e-01,6.876557021296308969e-01,7.606600281386229900e-01,4.910056312896416975e-01,6.755942389139878435e-01,-4.685354817290838247e-01,1.147108851526123241e-01,3.129879497667672483e-01,-3.004917215966415589e-01,6.633250417950076194e-01
-1.669137792316461588e-01,-3.897738856847517974e-01,-6.413257420973271783e-01,1.114856384356068403e-01,2.028080072071310885e-02,8.240624819470003803e-01,-6.351314987949241431e-01,4.144951040829251698e-01,-3.389308128367248818e-01,7.763722352296223428e-02,8.133123321620614465e-01,-6.647470718736114836e-01,5.957411860833062844e-01,1.543160708685493709e-01,-3.028710538653348605e-01,-3.705821671741710288e-01,1.000000000000000000e+00,3.098158847685871242e-01,-5.788385289596402750e-01,1.510588042044096191e-01,6.581270999949008216e-01,-5.734371637387765119e-01,-3.158567866132596658e-01,2.064272018366081554e-02,3.607764357571968117e-01,3.927545414531965484e-01,-6.460448330010037932e-01,3.969314743045950222e-01,8.054907553164248890e-01,2.745227592301319186e-01,-6.363993193856845032e-01,-3.851620883111993021e-01,-3.090931033222385840e-02,-5.405134432946190337e-01,7.994002531589323723e-01,2.171286166013477181e-01,4.303578988336719258e-01,3.390068504289254769e-01,-6.753564160334899480e-01
1.938578837601104554e-01,9.099718610082659087e-02,-1.284646167085350954e-01,1.859406784797976511e-02,4.613955063523030309e-01,2.560362193048508761e-01,-2.504059124987975116e-01,-6.061528997891589554e-02,3.294126776045719907e-01,2.650827720958755518e-01,2.796643312672235648e-01,-2.923182918722310730e-01,2.506445874404786833e-01,4.407725777059939287e-01,-3.565098929166348185e-01,1.057687368640999361e-02,3.098158847685871242e-01,1.000000000000000000e+00,-5.174194348576912489e-02,-6.612087006669696565e-02,4.578984526324749171e-01,-2.487052977767534589e-01,-1.392030912912866070e-01,-1.612873393744099770e-01,5.504267565043628047e-02,4.562181415647569849e-01,-1.978492515160336640e-01,2.233954808573674622e-01,3.197303506579695087e-01,3.476529468006173684e-01,-2.309203721380650720e-01,-4.436086774986578579e-02,-1.089795048132856659e-01,-2.531026364864095712e-01,2.771992693838545851e-01,3.233787018345816167e-01,2.310665936899356510e-01,2.298720584747404594e-01,-2.268854878944404629e-01
2.975661657746826450e-01,5.275879059095086587e-01,5.793301777108581518e-01,-6.125287989653624421e-02,1.866720917252860656e-01,-5.163295777273858578e-01,6.813699513894549975e-01,-3.696208890604913422e-01,4.536889717878199724e-01,2.564903049892490183e-01,-4.793960589613198708e-01,6.129188331934306566e-01,-4.719365413723770053e-01,2.313178146156698589e-01,9.077538936176217377e-02,5.747130753864209129e-01,-5.788385289596402750e-01,-5.174194348576912489e-02,1.000000000000000000e+00,-1.839893140203287258e-01,-5.468212610368360371e-01,5.903868841080475161e-01,5.777241697469199799e-01,2.320543310771230328e-01,-1.422503835886229084e-01,-3.381413029381903912e-01,6.589437209548058005e-01,-4.540875484971236831e-01,-6.320778729986225031e-01,-6.975519422752032850e-02,6.814257616392453976e-01,5.847505613366447141e-01,3.028608866831806190e-01,4.677273411215594479e-01,-6.205640165929897645e-01,-2.388841123723505211e-01,-1.220078478245498754e-01,-2.639358216306787464e-01,6.601742512388643069e-01
-3.767130032617891366e-01,-3.220286980993770087e-01,-3.641273367858521293e-01,-2.218299176117211058e-02,-2.883554683983884370e-01,2.057534185758233269e-01,-1.581606475584222404e-01,3.279916320223101311e-01,-3.568856897968664121e-01,-3.282844001707311277e-01,3.272540765726209000e-02,-2.600582237722058321e-01,2.829340027552479930e-01,-1.029287315427217936e-01,-2.846987752336542221e-01,-3.395347293006115152e-01,1.510588042044096191e-01,-6.612087006669696565e-02,-1.839893140203287258e-01,1.000000000000000000e+00,8.907891768772710495e-02,-1.941643498785027844e-01,-4.092734319589826364e-01,-2.420401050387044339e-01,-2.383506805186722255e-01,-2.156402119469475187e-01,-3.266963760575686826e-01,-1.360372225055927753e-01,2.390141431909664771e-01,-1.383238893684358151e-01,-3.005981382833755045e-01,-2.967975112362459256e-01,-3.021714019138122542e-01,-4.303609356070579040e-01,2.885582270634862168e-01,1.521405230955975296e-01,-7.718412569646809773e-02,-8.056398854236673790e-02,-2.536024830488329829e-01
-2.755179282362475376e-02,-1.903635712199305274e-01,-4.871069114408693723e-01,-2.703702764488180241e-02,1.720044836917914710e-01,5.610581008088506572e-01,-6.040808801292962826e-01,2.723923055957967465e-01,-1.226553544514192712e-01,9.057866810653750211e-02,5.850963981218834098e-01,-5.941081474121223671e-01,4.593821383322863050e-01,1.591140109971512506e-01,-3.361250041633920826e-01,-2.688821647169807316e-01,6.581270999949008216e-01,4.578984526324749171e-01,-5.468212610368360371e-01,8.907891768772710495e-02,1.000000000000000000e+00,-5.146527558291303928e-01,-3.918897597630681129e-01,-1.985115767958560151e-01,1.606230091278345318e-01,4.372516361597690304e-01,-5.073789598187172789e-01,4.267847262580502510e-01,6.364424167272766386e-01,3.083537078194423242e-01,-5.700837812347129274e-01,-3.224208320132227468e-01,-1.666100029499835156e-01,-4.593662899281081846e-01,6.049140001160329128e-01,4.140585623791712133e-01,3.449226173095416015e-01,2.866286375741509684e-01,-5.713309639803715312e-01
2.169001808125524122e-01,5.141711953587866368e-01,6.684646622596438492e-01,1.873800492037855925e-01,2.268060702624304925e-01,-5.816818396640452971e-01,8.026236590998189202e-01,-3.913484007580419477e-01,3.036608712209668548e-01,2.904539852057591923e-02,-4.245530496535744325e-01,8.253263218263351408e-01,-4.780186202141739615e-01,1.378717165607916961e-01,1.431328553129659550e-02,5.450809722628997545e-01,-5.734371637387765119e-01,-2.487052977767534589e-01,5.903868841080475161e-01,-1.941643498785027844e-01,-5.146527558291303928e-01,1.000000000000000000e+00,5.594129569288490700e-01,1.822497366099534721e-01,-3.603505439462718063e-01,-5.979586448318279235e-01,7.646583430416671323e-01,-4.392750610547302426e-01,-5.906749809133846618e-01,-2.333563249179076704e-01,7.961116972787304347e-01,7.067389070592934308e-01,4.857650070857014168e-01,6.857291960037320555e-01,-5.992497452715963568e-01,-4.691205391919427842e-02,1.444280888743966762e-01,-6.846815125391071399e-01,8.054128753934980400e-01
4.595385154058106436e-01,5.470459087435729506e-01,6.289209491493749082e-01,1.079140131479743719e-01,3.897766779991813646e-01,-2.436978846690229794e-01,5.454106004853204182e-01,-5.173750367765156399e-01,4.873851312462978980e-01,4.868081135394596859e-01,-1.132099340713568630e-01,6.083544351934120353e-01,-4.593773888255753279e-01,3.831105111162602106e-01,9.568266844770383084e-02,6.877501908381782325e-01,-3.158567866132596658e-01,-1.392030912912866070e-01,5.777241697469199799e-01,-4.092734319589826364e-01,-3.918897597630681129e-01,5.594129569288490700e-01,1.000000000000000000e+00,5.943311115029097369e-01,2.495144050070859931e-01,-1.584550706453384805e-01,6.580787202857250051e-01,-2.365877329552307506e-01,-4.378445130917959505e-01,6.719620823303125434e-02,6.935746352648956004e-01,6.988680557779336500e-01,6.885425826670370508e-01,6.754505305498055279e-01,-4.344643914083797243e-01,-1.315221933995481540e-01,2.341240161362143635e-01,-2.805008109178985798e-01,6.200494585234375133e-01
-4.676856897881121952e-03,-2.303154614453817653e-02,3.682825649282924219e-01,1.423814134483364358e-01,3.448807691041039236e-02,1.214759687058044324e-01,1.708308823322985670e-01,-4.541929537681223539e-01,6.169389716786338740e-02,1.802299090281390681e-01,1.557837872238873600e-01,2.234481457334276389e-01,-3.280928752090681022e-01,2.846807581591249692e-01,1.998894721831793175e-01,1.848235704481054897e-01,2.064272018366081554e-02,-1.612873393744099770e-01,2.320543310771230328e-01,-2.420401050387044339e-01,-1.985115767958560151e-01,1.822497366099534721e-01,5.943311115029097369e-01,1.000000000000000000e+00,5.618525496555049070e-01,-4.293583619740098251e-02,1.972075654891869978e-01,9.589096248622915042e-02,-1.596187130172492252e-01,-1.838407507832373888e-01,2.839257320818217023e-01,2.393908716437972428e-01,6.331042267845525817e-01,3.026462961740867263e-01,-1.289738605438154329e-01,-2.974233175279116237e-01,1.046735948790884219e-01,-3.494649095876629225e-02,1.674590449875371923e-01
5.963031541572521438e-02,-1.766265429807319376e-01,-9.982584079408590716e-02,-3.594944375432784778e-02,-1.582820772633467335e-02,4.678599218978163887e-01,-3.747456135998541993e-01,-1.350591779495592393e-01,1.460747115761053261e-02,3.705970445155554738e-01,4.317066050759598705e-01,-3.211092701747859102e-01,5.795548334139338092e-02,8.269417698216419144e-02,2.594537951893445271e-01,-1.866103251551471526e-02,3.607764357571968117e-01,5.504267565043628047e-02,-1.422503835886229084e-01,-2.383506805186722255e-01,1.606230091278345318e-01,-3.603505439462718063e-01,2.495144050070859931e-01,5.618525496555049070e-01,1.000000000000000000e+00,4.955396716385373490e-01,-2.495000200489193576e-01,3.764785179188153141e-01,1.974501136186507799e-01,2.461533216901242160e-01,-2.263377443533605982e-01,-1.958879458247106686e-01,2.712783440032930926e-01,-5.210567236160300320e-02,2.076410887108698644e-01,-1.925137461186051113e-01,7.151590783933657602e-02,5.139604389781596838e-01,-3.426967625043115251e-01
3.302393362852899528e-01,-3.857689022598883438e-02,-2.709744717698255867e-01,-2.255351153565370304e-01,2.409650568936242410e-01,3.691844871299955200e-01,-6.019065690950694547e-01,-1.140535125407851624e-02,2.461367401943979627e-01,4.047850293709263636e-01,3.792251056592907399e-01,-5.232236191139144621e-01,2.462858271774577557e-01,1.831340383602142463e-01,8.821330680043469596e-02,-8.151316880994781411e-02,3.927545414531965484e-01,4.562181415647569849e-01,-3.381413029381903912e-01,-2.156402119469475187e-01,4.372516361597690304e-01,-5.979586448318279235e-01,-1.584550706453384805e-01,-4.293583619740098251e-02,4.955396716385373490e-01,1.000000000000000000e+00,-3.633876326984127880e-01,5.119250862315175565e-01,4.153704527630471266e-01,4.870887867516402459e-01,-4.317732981770878720e-01,-3.155488937976388408e-01,-1.894055081047794631e-01,-2.151242777402477269e-01,3.732095595228488993e-01,1.404147371587881332e-01,8.704523319360002453e-02,6.817770274239584039e-01,-4.802423932199412215e-01
4.982612820986034863e-01,7.127997723342835990e-01,7.475054324053967969e-01,7.266572983145094811e-02,3.838816558617930697e-01,-6.551727937344435926e-01,7.626952945054079613e-01,-4.913598234818899457e-01,5.460721120942162443e-01,2.795003963852732976e-01,-4.914434786327080973e-01,8.332606332823035977e-01,-5.491293724152781497e-01,2.350591046871866874e-01,6.080398566368845625e-02,7.338179648013081202e-01,-6.460448330010037932e-01,-1.978492515160336640e-01,6.589437209548058005e-01,-3.266963760575686826e-01,-5.073789598187172789e-01,7.646583430416671323e-01,6.580787202857250051e-01,1.972075654891869978e-01,-2.495000200489193576e-01,-3.633876326984127880e-01,1.000000000000000000e+00,-3.522979573480696791e-01,-6.733972015992236715e-01,-6.227988663730320285e-02,8.623089291554127955e-01,7.947569651357246912e-01,4.722868117356891493e-01,7.777871741990416421e-01,-6.810209230476347297e-01,-3.962890110629366247e-02,1.206548081533160566e-01,-5.205744300597451302e-01,8.543802788569728746e-01
-3.459004954384230224e-02,-2.555152204811820815e-01,-1.467703460883936495e-01,1.103126613927086080e-01,6.958548810785755712e-02,3.263081184614624597e-01,-4.420362531864993616e-01,-1.169915081290943265e-01,-2.869362947462261726e-02,4.685070848629847157e-02,3.648649216644991311e-01,-3.728737686256358153e-01,1.787682129534681752e-01,2.203693106771730664e-02,5.803585212497329449e-02,-2.105605657137051001e-01,3.969314743045950222e-01,2.233954808573674622e-01,-4.540875484971236831e-01,-1.360372225055927753e-01,4.267847262580502510e-01,-4.392750610547302426e-01,-2.365877329552307506e-01,9.589096248622915042e-02,3.764785179188153141e-01,5.119250862315175565e-01,-3.522979573480696791e-01,1.000000000000000000e+00,3.200252312578870661e-01,1.583659880407279064e-01,-3.921707213309916784e-01,-3.598785170269203637e-01,2.770049359213477141e-02,-1.799382527096861917e-01,2.906134632672262574e-01,1.516913493342635921e-01,7.990214313748382480e-02,3.416274640078243996e-01,-4.141588625811596369e-01
-1.352170470159372584e-01,-4.095261816277347977e-01,-6.798708464368724558e-01,3.443357519091053143e-02,-1.113531901980596879e-02,7.417918186239483846e-01,-6.769255052560636532e-01,4.551446393481040631e-01,-3.293966411280659368e-01,-4.690341437067169564e-03,7.180980817431598107e-01,-6.938161755297550526e-01,6.295917788051281772e-01,1.221164998950901998e-01,-3.643822676474140487e-01,-4.493549870504638943e-01,8.054907553164248890e-01,3.197303506579695087e-01,-6.320778729986225031e-01,2.390141431909664771e-01,6.364424167272766386e-01,-5.906749809133846618e-01,-4.378445130917959505e-01,-1.596187130172492252e-01,1.974501136186507799e-01,4.153704527630471266e-01,-6.733972015992236715e-01,3.200252312578870661e-01,1.000000000000000000e+00,2.686354157660862385e-01,-6.795668265068257607e-01,-4.475052364781218484e-01,-2.167793155129170979e-01,-5.872812610341332507e-01,8.564222715304138367e-01,3.137604983108809864e-01,3.803749082375978974e-01,3.334680880846205842e-01,-6.731279986356030198e-01
4.927829830430265345e-01,3.292275411537770591e-01,-2.243152148560549897e-01,2.946928627756259869e-02,4.308730307931513126e-01,2.657616557593258100e-01,-2.456159243805253467e-01,1.555422458583209933e-01,3.717982005757125008e-01,6.242519427876813687e-01,3.023041211161204278e-01,-2.258014169043155717e-01,3.413150637798116338e-01,2.005944779538075540e-01,-1.984212602607980380e-01,3.360696591034369463e-01,2.745227592301319186e-01,3.476529468006173684e-01,-6.975519422752032850e-02,-1.383238893684358151e-01,3.083537078194423242e-01,-2.333563249179076704e-01,6.719620823303125434e-02,-1.838407507832373888e-01,2.461533216901242160e-01,4.870887867516402459e-01,-6.227988663730320285e-02,1.583659880407279064e-01,2.686354157660862385e-01,1.000000000000000000e+00,-1.537018875855081512e-01,6.251037440091734843e-02,4.449961483037057075e-03,-1.288012390882498429e-02,2.251824529014399279e-01,3.940709823039226789e-01,3.189570077388253488e-01,3.046773623573261203e-01,-1.588822576269125486e-01
3.973100972448595503e-01,6.393228829225102716e-01,7.592023885872701827e-01,9.904556291896524090e-02,3.166711907072352616e-01,-6.174718383438024816e-01,7.946909097498934260e-01,-5.071510639512695207e-01,4.614053806816735825e-01,2.208221336293949011e-01,-4.724877068847641581e-01,8.483067280816954936e-01,-5.798242742431993779e-01,2.286070419504392104e-01,7.224247677053667605e-02,6.876557021296308969e-01,-6.363993193856845032e-01,-2.309203721380650720e-01,6.814257616392453976e-01,-3.005981382833755045e-01,-5.700837812347129274e-01,7.961116972787304347e-01,6.935746352648956004e-01,2.839257320818217023e-01,-2.263377443533605982e-01,-4.317732981770878720e-01,8.623089291554127955e-01,-3.921707213309916784e-01,-6.795668265068257607e-01,-1.537018875855081512e-01,1.000000000000000000e+00,7.901375710398818031e-01,5.338684391983850031e-01,7.610777650427499319e-01,-6.690179781496887745e-01,-1.019748074218019412e-01,1.120608256909546852e-01,-5.673343726796722386e-01,8.502025765395077039e-01
5.483081482056232359e-01,7.271040109390722872e-01,6.043186894659696717e-01,1.567194327464139503e-01,5.346318005776725668e-01,-4.023056992756235961e-01,6.875156985811670118e-01,-3.746673646149247805e-01,5.243968841401611680e-01,4.049066795329869239e-01,-2.122948581288453818e-01,7.336906854148003143e-01,-3.564187621314443000e-01,4.483023017788931863e-01,-1.421877743462274524e-01,7.606600281386229900e-01,-3.851620883111993021e-01,-4.436086774986578579e-02,5.847505613366447141e-01,-2.967975112362459256e-01,-3.224208320132227468e-01,7.067389070592934308e-01,6.988680557779336500e-01,2.393908716437972428e-01,-1.958879458247106686e-01,-3.155488937976388408e-01,7.947569651357246912e-01,-3.598785170269203637e-01,-4.475052364781218484e-01,6.251037440091734843e-02,7.901375710398818031e-01,1.000000000000000000e+00,5.840483740599711204e-01,6.930996962222468749e-01,-4.489301853338115156e-01,1.052045017940191340e-01,3.900965392354864836e-01,-5.385081939601294998e-01,7.582928471126179071e-01
2.184870789211280917e-01,3.151115795655751173e-01,4.825833465308323467e-01,2.695915495253685679e-01,3.190780426526730329e-01,2.112439576496463398e-02,4.199295897337948502e-01,-4.452902955267368235e-01,2.038687191408030952e-01,3.127704816783341002e-01,1.775180212819977843e-01,4.884390830230753711e-01,-2.589621642683534453e-01,3.657984693300475598e-01,-5.516014803962509400e-02,4.910056312896416975e-01,-3.090931033222385840e-02,-1.089795048132856659e-01,3.028608866831806190e-01,-3.021714019138122542e-01,-1.666100029499835156e-01,4.857650070857014168e-01,6.885425826670370508e-01,6.331042267845525817e-01,2.712783440032930926e-01,-1.894055081047794631e-01,4.722868117356891493e-01,2.770049359213477141e-02,-2.167793155129170979e-01,4.449961483037057075e-03,5.338684391983850031e-01,5.840483740599711204e-01,1.000000000000000000e+00,5.250799547670926826e-01,-2.008743138100037851e-01,-8.681686738489761621e-03,4.472078573926434042e-01,-4.078554072567271427e-01,4.225866234804773747e-01
5.040095167415785671e-01,6.363836257862854895e-01,7.404405229527457610e-01,1.277225071604184969e-01,4.294941609285511386e-01,-5.580705624608589543e-01,6.481708025591540467e-01,-5.535230146569762866e-01,5.389407132980993387e-01,3.245308568056686771e-01,-3.704449433774574807e-01,7.732268099680501550e-01,-5.400775669611086460e-01,2.062853424825613902e-01,2.815768929855682057e-01,6.755942389139878435e-01,-5.405134432946190337e-01,-2.531026364864095712e-01,4.677273411215594479e-01,-4.303609356070579040e-01,-4.593662899281081846e-01,6.857291960037320555e-01,6.754505305498055279e-01,3.026462961740867263e-01,-5.210567236160300320e-02,-2.151242777402477269e-01,7.777871741990416421e-01,-1.799382527096861917e-01,-5.872812610341332507e-01,-1.288012390882498429e-02,7.610777650427499319e-01,6.930996962222468749e-01,5.250799547670926826e-01,1.000000000000000000e+00,-6.241014304981472582e-01,-1.198205431469019991e-02,1.694107432579726735e-01,-4.061968567872060731e-01,7.509674413965430340e-01
-2.030955176958781361e-01,-4.554930348497818748e-01,-6.979393524961976514e-01,2.895359878398295894e-02,-8.387352801972566829e-02,7.670801416139668705e-01,-6.714457631860704101e-01,4.818178957856707467e-01,-3.882007499565971465e-01,-4.344658690772734699e-02,7.075708390864167141e-01,-6.966245105757669087e-01,6.238017707122561761e-01,1.059962034097659822e-01,-3.697470186568721506e-01,-4.685354817290838247e-01,7.994002531589323723e-01,2.771992693838545851e-01,-6.205640165929897645e-01,2.885582270634862168e-01,6.049140001160329128e-01,-5.992497452715963568e-01,-4.344643914083797243e-01,-1.289738605438154329e-01,2.076410887108698644e-01,3.732095595228488993e-01,-6.810209230476347297e-01,2.906134632672262574e-01,8.564222715304138367e-01,2.251824529014399279e-01,-6.690179781496887745e-01,-4.489301853338115156e-01,-2.008743138100037851e-01,-6.241014304981472582e-01,1.000000000000000000e+00,2.684218753634314836e-01,3.592091008662359752e-01,3.200606815891545720e-01,-6.845944610097718375e-01
2.629822809523209015e-01,2.059838156240885176e-01,-6.386031423388788264e-02,1.952512090504393560e-01,3.691637049959111128e-01,1.251806093633291705e-01,-1.004501073269375017e-01,-1.263224774974410283e-02,2.199514891518236093e-01,1.935803403892139007e-01,2.323830217285137445e-01,-7.916480534419291504e-02,2.550522080039738793e-01,3.194980083643621516e-01,-3.288880949357268491e-01,1.147108851526123241e-01,2.171286166013477181e-01,3.233787018345816167e-01,-2.388841123723505211e-01,1.521405230955975296e-01,4.140585623791712133e-01,-4.691205391919427842e-02,-1.315221933995481540e-01,-2.974233175279116237e-01,-1.925137461186051113e-01,1.404147371587881332e-01,-3.962890110629366247e-02,1.516913493342635921e-01,3.137604983108809864e-01,3.940709823039226789e-01,-1.019748074218019412e-01,1.052045017940191340e-01,-8.681686738489761621e-03,-1.198205431469019991e-02,2.684218753634314836e-01,1.000000000000000000e+00,4.321717807216813312e-01,-1.218058165592963843e-01,-2.691931264693569331e-02
3.346060794980451059e-01,3.148178104082564599e-01,-1.990194896327918128e-02,2.485409508044738591e-01,5.006204709550731158e-01,3.245882195469972920e-01,2.400507635980216048e-02,4.973510876272085705e-03,1.833777019341210623e-01,3.792801593182988928e-01,5.278808197173688876e-01,6.649807875567950721e-02,2.137215974579915745e-01,4.930607189790287004e-01,-4.110697391385957356e-01,3.129879497667672483e-01,4.303578988336719258e-01,2.310665936899356510e-01,-1.220078478245498754e-01,-7.718412569646809773e-02,3.449226173095416015e-01,1.444280888743966762e-01,2.341240161362143635e-01,1.046735948790884219e-01,7.151590783933657602e-02,8.704523319360002453e-02,1.206548081533160566e-01,7.990214313748382480e-02,3.803749082375978974e-01,3.189570077388253488e-01,1.120608256909546852e-01,3.900965392354864836e-01,4.472078573926434042e-01,1.694107432579726735e-01,3.592091008662359752e-01,4.321717807216813312e-01,1.000000000000000000e+00,-2.221294724862178105e-01,8.263498529548723992e-02
5.308888591634911697e-02,-2.757334619318795865e-01,-4.132090410073356312e-01,-2.721925387527792672e-01,-1.378141662059718942e-01,3.471214248764157850e-01,-6.206783829989039880e-01,1.856942091684937735e-01,3.436949106415291850e-03,2.105602445988604410e-01,2.452702442784273074e-01,-6.342949596286526770e-01,2.166515440906343071e-01,-9.414655472891100829e-02,2.840901864846122060e-01,-3.004917215966415589e-01,3.390068504289254769e-01,2.298720584747404594e-01,-2.639358216306787464e-01,-8.056398854236673790e-02,2.866286375741509684e-01,-6.846815125391071399e-01,-2.805008109178985798e-01,-3.494649095876629225e-02,5.139604389781596838e-01,6.817770274239584039e-01,-5.205744300597451302e-01,3.416274640078243996e-01,3.334680880846205842e-01,3.046773623573261203e-01,-5.673343726796722386e-01,-5.385081939601294998e-01,-4.078554072567271427e-01,-4.061968567872060731e-01,3.200606815891545720e-01,-1.218058165592963843e-01,-2.221294724862178105e-01,1.000000000000000000e+00,-5.847526299068732669e-01
3.967135906968058956e-01,6.455408337417680720e-01,7.533186232086194201e-01,1.179031183823134321e-01,3.196749095974217303e-01,-6.933915518074976747e-01,8.117007762340128219e-01,-4.836255820511595749e-01,4.976897317849503510e-01,1.687808941476038049e-01,-5.364102157820789252e-01,8.589720891882084430e-01,-5.423812932392373387e-01,2.155312403290204626e-01,4.458962360407071196e-02,6.633250417950076194e-01,-6.753564160334899480e-01,-2.268854878944404629e-01,6.601742512388643069e-01,-2.536024830488329829e-01,-5.713309639803715312e-01,8.054128753934980400e-01,6.200494585234375133e-01,1.674590449875371923e-01,-3.426967625043115251e-01,-4.802423932199412215e-01,8.543802788569728746e-01,-4.141588625811596369e-01,-6.731279986356030198e-01,-1.588822576269125486e-01,8.502025765395077039e-01,7.582928471126179071e-01,4.225866234804773747e-01,7.509674413965430340e-01,-6.845944610097718375e-01,-2.691931264693569331e-02,8.263498529548723992e-02,-5.847526299068732669e-01,1.000000000000000000e+00
