1.000000000000000000e+00,5.031653919335780101e-01,3.354739207834258052e-01,-1.392351580596460081e-01,4.285971498676142133e-01,5.204855777208380330e-01,1.859310351662638305e-01,-1.824465982052876634e-01,5.671172909212016666e-01,7.234722199887847482e-01,6.553620894725098456e-01,6.680351859171392848e-01,6.038205232932603028e-01,7.690185764095007759e-01,7.383603614564471229e-01,6.707864313416194157e-01,7.885585410035723664e-01,3.885938875985657237e-01,4.602925518777998826e-01,5.233305878512273246e-01,5.214347873524778354e-01,4.321302655594120301e-01,4.565624313613280139e-01,7.433862262451876868e-01,6.770994794826524776e-01,7.355177482357198038e-01,-1.086843836660031648e-01,7.438713409811381627e-01,7.905118398539452418e-01,-3.648299757783918934e-02,8.842718374726971087e-02,2.484170305451874339e-01,4.440397877809541538e-01,7.503979188359490848e-01,4.792983359057355619e-01,4.306905368132794010e-01,7.319787702543635310e-01,6.573807403393585602e-01,1.100564104821201948e-02
5.031653919335780101e-01,1.000000000000000000e+00,2.573712650528794943e-01,-1.270026560205002042e-01,3.425706584980024449e-01,-8.311135227630120359e-02,-1.037401670141269161e-03,-2.248354615055906947e-01,5.907679179494654820e-01,7.432010853368983261e-01,1.673923866128682880e-01,3.672788253095929378e-02,-1.173390276278036687e-01,4.116518151469261699e-01,8.998391109793885123e-02,3.571105941896458025e-01,1.818311594773356354e-01,-8.152507817916060384e-02,1.532651814371839838e-01,7.074556464966375025e-02,1.723646884244340316e-01,3.996633537853258589e-02,5.528179605862697521e-01,4.545000973679382827e-01,3.279780410536701774e-01,2.483039508955129926e-01,-1.044694497433763629e-02,3.702095417525554377e-01,3.971534211170950068e-01,3.922603197545607157e-01,4.622050187038057589e-01,3.051265088633905442e-01,1.569068471778722607e-01,1.741742909122585281e-01,4.695987335580930622e-01,2.871150801752953008e-01,4.729448149348107755e-01,5.937589690366829737e-02,1.998211137688456762e-01
3.354739207834258052e-01,2.573712650528794943e-01,1.000000000000000000e+00,-2.608896311559386061e-01,8.448526135577612006e-01,8.851506523400910764e-02,1.098128023318143409e-01,-9.273386900454213544e-01,6.302725155339963248e-01,5.779891676529613775e-01,2.844746220982390383e-01,2.296515574593263609e-01,4.086582404484578185e-02,6.213343295282106604e-01,2.597478751789578100e-01,4.552211278705016184e-01,3.519539991336383400e-01,1.147829813654906578e-01,5.749602477784989674e-01,3.654825992283609187e-02,7.130382639730303840e-01,3.419949566800377094e-01,4.649908675666853952e-01,3.705272379238176983e-01,3.514768918105835027e-01,4.381817272673889652e-01,2.907578236656522264e-01,6.651353693608316187e-01,4.025634795016311274e-01,2.952979838115390998e-01,5.720737282657287759e-01,2.161509288054541122e-01,6.440490381635820549e-01,4.554481230461479568e-01,1.710196213170278312e-01,1.617897757478090059e-01,1.636525860887711181e-01,2.824335742906747271e-01,6.228135067395034197e-01
-1.392351580596460081e-01,-1.270026560205002042e-01,-2.608896311559386061e-01,1.000000000000000000e+00,-2.736384612684029105e-01,-1.472984639183643196e-01,1.268602016928802034e-01,2.386996316356670977e-01,-2.574173948303063453e-01,-1.246414595566255334e-01,1.203452350741225640e-02,-1.046747800709833115e-01,6.241441640810675012e-02,-1.433457236672050494e-01,-1.592384634093876872e-01,-5.228857970078550077e-02,-2.035616203119801348e-01,3.297170826439679292e-01,-1.313558487544737030e-01,1.685957545275787728e-01,-2.678725705999666085e-01,-1.870956344010175354e-01,-1.450822408401537811e-01,-1.719070703454188553e-01,-1.999575060054230857e-01,-2.551974292344417194e-01,-1.659926873483954235e-01,-2.896128834845069777e-01,-1.940836684714480898e-01,3.943306986361499317e-02,-3.788265457144410209e-01,-1.466588871959820239e-01,-3.997554317387324030e-01,-2.949944678161084410e-01,-3.656892664122659009e-01,1.837255895592649832e-02,-2.724301912968231099e-01,-3.478871100656791282e-02,-1.853653184958800049e-01
4.285971498676142133e-01,3.425706584980024449e-01,8.448526135577612006e-01,-2.736384612684029105e-01,1.000000000000000000e+00,1.089815182267003663e-01,1.498471822204469894e-01,-8.108083494550869519e-01,7.383837321673386578e-01,6.170888185351691702e-01,2.892134974966614758e-01,2.609658638047278045e-01,8.155283577777198978e-02,6.794635360646505973e-01,3.113867645781858151e-01,5.860233669566462522e-01,4.403978883860189542e-01,6.535799296049697726e-02,6.078208579138916212e-01,8.451367238170325036e-02,5.998794294931725224e-01,3.584885086432366141e-01,4.894232302862674966e-01,4.457390454018662074e-01,3.730210456138349784e-01,5.583099711901708950e-01,3.977908521757148597e-01,6.633979151024687049e-01,5.018347661592557074e-01,3.687264647977243626e-01,5.150221305368464231e-01,3.645852568301120034e-01,6.067862025465506903e-01,4.968988935993739475e-01,3.467515447439175613e-01,2.932056532066465993e-01,2.301462984513770738e-01,3.849588180400589366e-01,5.791022713891038620e-01
5.204855777208380330e-01,-8.311135227630120359e-02,8.851506523400910764e-02,-1.472984639183643196e-01,1.089815182267003663e-01,1.000000000000000000e+00,2.829495861839834148e-01,7.003136068512613721e-02,7.780802104799362795e-02,1.983384157624677457e-01,6.601677063369022491e-01,7.032467176851754376e-01,6.538925600511580338e-01,4.208821149360812974e-01,7.010323374250648776e-01,2.962236402009738589e-01,7.020001655144473274e-01,5.310191076365761154e-01,4.253840023410412341e-01,4.777158197828025865e-01,3.731921676062942561e-01,2.814956899277750724e-01,-4.216240055005509441e-02,3.926921409434674937e-01,3.505308882942468340e-01,5.713775300720745909e-01,-1.809630561273538329e-01,4.949540915150091869e-01,6.184243692420389182e-01,-4.299838991665683730e-01,-2.148109726419132892e-01,2.883261550045848054e-01,3.757285244030692528e-01,6.694994465377337445e-01,3.410179311864161011e-01,2.691001239286085478e-01,5.527189518445534411e-01,5.150594582393146492e-01,-3.688488319086526968e-01
1.859310351662638305e-01,-1.037401670141269161e-03,1.098128023318143409e-01,1.268602016928802034e-01,1.498471822204469894e-01,2.829495861839834148e-01,1.000000000000000000e+00,-6.014762040160128581e-02,2.606251446761717605e-01,6.360791732610017457e-02,2.055495193239522678e-01,4.939329099097024001e-01,3.939905059174045876e-01,1.842517589184790305e-01,4.937918427912166286e-01,4.500282705885322865e-01,4.086873810824012132e-01,4.989424640336613259e-01,6.302026996229078692e-01,6.292802135014564646e-01,8.918891009432322603e-02,2.866234095112181746e-01,-1.492783190211823159e-02,2.359714866843325709e-01,5.268952351962803704e-02,3.096544544044462222e-01,3.093503461719752240e-02,2.937769667556742736e-01,3.049372413312920749e-01,1.574630077897331004e-01,-2.428899350159953729e-01,3.297905229309444075e-01,4.164893139274147837e-02,3.234630798244421679e-01,2.312115517241742080e-01,1.180048369842730815e-01,2.453480625899798484e-01,5.886148443459519042e-01,6.245379643157661365e-02
-1.824465982052876634e-01,-2.248354615055906947e-01,-9.273386900454213544e-01,2.386996316356670977e-01,-8.108083494550869519e-01,7.003136068512613721e-02,-6.014762040160128581e-02,1.000000000000000000e+00,-5.880611749340924899e-01,-4.785961563896240500e-01,-1.206366946066282225e-01,-7.199788478743875120e-02,1.204954755940290528e-01,-4.919460009365651532e-01,-9.206989681116908852e-02,-3.547453074971816389e-01,-1.858402475003322896e-01,1.018912327874685851e-02,-4.699970205475028084e-01,8.143003583237490295e-02,-6.243910784398484237e-01,-2.612521993079187643e-01,-4.246656268256032152e-01,-2.379019342871294407e-01,-2.404208431299995063e-01,-3.009470009877810437e-01,-3.455029437328526187e-01,-5.362723711346775168e-01,-2.427495237050360521e-01,-3.744804722538511155e-01,-6.140900670199963551e-01,-1.618341590658571860e-01,-5.761501704418088288e-01,-3.016252611296322272e-01,-8.903880821172427407e-02,-6.866338378782742280e-02,-1.454002265749299028e-02,-1.516926171038917581e-01,-6.707041623947623821e-01
5.671172909212016666e-01,5.907679179494654820e-01,6.302725155339963248e-01,-2.574173948303063453e-01,7.383837321673386578e-01,7.780802104799362795e-02,2.606251446761717605e-01,-5.880611749340924899e-01,1.000000000000000000e+00,6.721326447251615432e-01,2.592272606645165678e-01,2.874149081243806969e-01,1.087767630799791607e-01,6.255666226264418039e-01,3.609899404797352607e-01,6.712278529213965284e-01,4.739227239458678742e-01,9.629675062278215958e-02,5.839119773486080023e-01,2.361731723294319407e-01,4.685825673574086636e-01,3.594246861137927462e-01,4.487000165462968204e-01,5.899314338402252833e-01,4.920141150794308249e-01,5.949595843295503172e-01,3.453241009979028386e-01,6.928248935415440846e-01,5.916012211668320031e-01,5.338346899548396252e-01,5.047928203277339820e-01,3.653537552108957476e-01,5.848232054333425411e-01,4.686248103421037370e-01,4.722140435497094724e-01,2.568726439464889544e-01,3.466660796825598578e-01,4.703094639212468397e-01,5.086425975214066142e-01
7.234722199887847482e-01,7.432010853368983261e-01,5.779891676529613775e-01,-1.246414595566255334e-01,6.170888185351691702e-01,1.983384157624677457e-01,6.360791732610017457e-02,-4.785961563896240500e-01,6.721326447251615432e-01,1.000000000000000000e+00,5.384105549409199387e-01,3.625503790952395167e-01,2.082485677504468391e-01,7.871126436298585549e-01,4.184358309633020023e-01,5.880329573458917825e-01,5.104986617733334731e-01,2.263974892531614991e-01,4.633749096950786073e-01,2.638310339235285795e-01,5.498309754509246305e-01,3.161007345067597396e-01,6.926808896177534258e-01,6.776632775190749580e-01,5.729668600285776625e-01,5.422035335999173533e-01,1.239505983741006484e-02,7.136967472212252250e-01,6.579642180775417959e-01,2.486485853410271285e-01,4.294211725517110279e-01,2.918736893794237064e-01,4.309314851777962807e-01,5.243596639718919317e-01,4.053943221571299493e-01,4.229690196288626858e-01,5.592026156659943847e-01,3.329958266162302283e-01,3.079118058418359172e-01
6.553620894725098456e-01,1.673923866128682880e-01,2.844746220982390383e-01,1.203452350741225640e-02,2.892134974966614758e-01,6.601677063369022491e-01,2.055495193239522678e-01,-1.206366946066282225e-01,2.592272606645165678e-01,5.384105549409199387e-01,1.000000000000000000e+00,6.306420024923681256e-01,6.581310059773347598e-01,7.101564277012066828e-01,6.640915885194402790e-01,5.010728781943267762e-01,7.350537451332501693e-01,5.528847030405299456e-01,4.967641485840614268e-01,4.307782757159866471e-01,4.113934511703470354e-01,2.515125366143355357e-01,3.508681595980953083e-01,6.173889295890875317e-01,4.953706343843226056e-01,5.658704197759983900e-01,-1.719543872362178094e-01,5.782093497281891592e-01,6.705252746281744614e-01,-2.086149040400064603e-01,-1.335707715644426363e-01,2.674862571918532606e-01,3.155706351400686116e-01,6.328274578890425994e-01,2.160501105217905449e-01,3.848070233332021584e-01,5.286495874027243858e-01,5.475908748812005067e-01,-5.176192050689953916e-02
6.680351859171392848e-01,3.672788253095929378e-02,2.296515574593263609e-01,-1.046747800709833115e-01,2.609658638047278045e-01,7.032467176851754376e-01,4.939329099097024001e-01,-7.199788478743875120e-02,2.874149081243806969e-01,3.625503790952395167e-01,6.306420024923681256e-01,1.000000000000000000e+00,7.756744353156380667e-01,5.972500438490422336e-01,8.987239161141985511e-01,5.627379136712302721e-01,8.193657432301787447e-01,6.303508541134986709e-01,6.115189334028261481e-01,7.338906257742785488e-01,5.037483326189793331e-01,5.943196731388316056e-01,7.164126223385143544e-02,5.780037361722242251e-01,4.605128173698894156e-01,7.232883908522104166e-01,-1.122881565236427959e-01,6.762960873860913713e-01,7.301219999308486974e-01,-2.933349642074482566e-01,-2.121138400917491340e-01,1.989853938481076778e-01,3.969780536749890620e-01,8.406041371370582826e-01,3.339924191400143183e-01,3.443389529413324879e-01,5.958804298252272647e-01,7.505424550317186805e-01,-1.736075269287879197e-01
6.038205232932603028e-01,-1.173390276278036687e-01,4.086582404484578185e-02,6.241441640810675012e-02,8.155283577777198978e-02,6.538925600511580338e-01,3.939905059174045876e-01,1.204954755940290528e-01,1.087767630799791607e-01,2.082485677504468391e-01,6.581310059773347598e-01,7.756744353156380667e-01,1.000000000000000000e+00,4.967605486460831554e-01,8.035332666838624904e-01,5.661026402028658255e-01,7.674635048407498772e-01,6.896706952173768945e-01,4.688808031587367031e-01,6.757744490051441622e-01,2.473306624017075905e-01,3.239815834594423349e-01,-2.362023605683184063e-02,4.611102931593494825e-01,3.716056838906667270e-01,5.764267218302840945e-01,-3.165261790755053428e-01,4.813466513901267230e-01,6.223842549504914334e-01,-3.169678703560651067e-01,-5.099251546786116585e-01,1.068897213832233628e-01,1.685018078818565912e-01,6.520028862346944898e-01,1.748374487106873487e-01,2.653833031912231633e-01,4.778594833763946115e-01,7.484193471033714351e-01,-2.551732893104992073e-01
7.690185764095007759e-01,4.116518151469261699e-01,6.213343295282106604e-01,-1.433457236672050494e-01,6.794635360646505973e-01,4.208821149360812974e-01,1.842517589184790305e-01,-4.919460009365651532e-01,6.255666226264418039e-01,7.871126436298585549e-01,7.101564277012066828e-01,5.972500438490422336e-01,4.967605486460831554e-01,1.000000000000000000e+00,6.479318433258701715e-01,6.827957015901245930e-01,7.122680997606103404e-01,3.974403570005383135e-01,6.171775509392898318e-01,3.722028152848345095e-01,6.104196698467354576e-01,4.007837904257613992e-01,5.499927360461742687e-01,7.582755091971381534e-01,6.965730903232589810e-01,7.078254839470600190e-01,3.328868546297836239e-02,7.946345614170654548e-01,7.535965072178711921e-01,7.714234522757965062e-02,2.300198590816995847e-01,3.043280541829850305e-01,5.788567817184446795e-01,7.229228732009259639e-01,3.785124164143178205e-01,4.671071655593941885e-01,5.687378396488153021e-01,5.890737375553940502e-01,2.124167292474197777e-01
7.383603614564471229e-01,8.998391109793885123e-02,2.597478751789578100e-01,-1.592384634093876872e-01,3.113867645781858151e-01,7.010323374250648776e-01,4.937918427912166286e-01,-9.206989681116908852e-02,3.609899404797352607e-01,4.184358309633020023e-01,6.640915885194402790e-01,8.987239161141985511e-01,8.035332666838624904e-01,6.479318433258701715e-01,1.000000000000000000e+00,6.381755402164737134e-01,8.565713545560286191e-01,6.096226950022759494e-01,6.642086485403846385e-01,7.541975303006929199e-01,5.094275252614702820e-01,5.594662459374626362e-01,1.368899037019297160e-01,6.412926269231367105e-01,5.307911851719162577e-01,7.457334524112979590e-01,-1.620399552693614076e-01,7.262586205795935612e-01,7.728382019650527068e-01,-2.527613887224350320e-01,-1.802387150930036541e-01,2.609942020359938275e-01,4.352177951625957331e-01,8.473041583007574484e-01,3.982127379044175797e-01,3.191746105528723287e-01,6.741187577233167527e-01,8.042418411740386297e-01,-1.307670124100885900e-01
6.707864313416194157e-01,3.571105941896458025e-01,4.552211278705016184e-01,-5.228857970078550077e-02,5.860233669566462522e-01,2.962236402009738589e-01,4.500282705885322865e-01,-3.547453074971816389e-01,6.712278529213965284e-01,5.880329573458917825e-01,5.010728781943267762e-01,5.627379136712302721e-01,5.661026402028658255e-01,6.827957015901245930e-01,6.381755402164737134e-01,1.000000000000000000e+00,7.005779296706529102e-01,4.435801305551369533e-01,6.622904228389810966e-01,5.924767635398836552e-01,3.710122759708012752e-01,4.085528169200481896e-01,3.786318355798873325e-01,6.636804165435835623e-01,4.243168891973506662e-01,6.970694800129902946e-01,1.141934288360997585e-01,6.561402807465034348e-01,6.911167924747577684e-01,3.978731753592346654e-01,-4.373886055479776769e-02,3.433868114224379875e-01,3.013446803166769938e-01,5.521104245643791986e-01,4.516760219928394604e-01,2.901782960439640568e-01,4.554957906711514792e-01,7.792966833336725241e-01,2.818828645663102317e-01
7.885585410035723664e-01,1.818311594773356354e-01,3.519539991336383400e-01,-2.035616203119801348e-01,4.403978883860189542e-01,7.020001655144473274e-01,4.086873810824012132e-01,-1.858402475003322896e-01,4.739227239458678742e-01,5.104986617733334731e-01,7.350537451332501693e-01,8.193657432301787447e-01,7.674635048407498772e-01,7.122680997606103404e-01,8.565713545560286191e-01,7.005779296706529102e-01,1.000000000000000000e+00,5.463141864955689542e-01,6.748934175982076455e-01,6.058530473482132139e-01,5.360739933656735179e-01,4.936078922739139951e-01,2.310055862333413590e-01,6.616648857791713745e-01,5.395870577189983974e-01,8.180491869449959541e-01,-1.745110238634161801e-02,7.484448281812260406e-01,8.302153426918301715e-01,-1.283661258082726686e-01,-9.824381870292514529e-02,3.603923935838032055e-01,4.553584270147792989e-01,8.278344239920979453e-01,4.546483073167996714e-01,4.317452694110344158e-01,6.541590487064717907e-01,7.856734073772605464e-01,-1.559168021745737862e-02
3.885938875985657237e-01,-8.152507817916060384e-02,1.147829813654906578e-01,3.297170826439679292e-01,6.535799296049697726e-02,5.310191076365761154e-01,4.989424640336613259e-01,1.018912327874685851e-02,9.629675062278215958e-02,2.263974892531614991e-01,5.528847030405299456e-01,6.303508541134986709e-01,6.896706952173768945e-01,3.974403570005383135e-01,6.096226950022759494e-01,4.435801305551369533e-01,5.463141864955689542e-01,1.000000000000000000e+00,5.511982917536436544e-01,6.515819167734306916e-01,2.458380215617923525e-01,3.003048671146811843e-01,-3.375227275059430182e-02,3.489075047237762406e-01,2.517453181222713554e-01,4.132912890088001889e-01,-2.715850468533877460e-01,4.282208032693257671e-01,5.003427891611035294e-01,-2.178039803599882696e-01,-3.600686887525786917e-01,9.863818599759863193e-02,1.096665580345605046e-01,4.643149706634562834e-01,8.475368518518927585e-02,2.740259260300201283e-01,3.088611469299811230e-01,5.727782006495711897e-01,-1.643992715437340435e-01
4.602925518777998826e-01,1.532651814371839838e-01,5.749602477784989674e-01,-1.313558487544737030e-01,6.078208579138916212e-01,4.253840023410412341e-01,6.302026996229078692e-01,-4.699970205475028084e-01,5.839119773486080023e-01,4.633749096950786073e-01,4.967641485840614268e-01,6.115189334028261481e-01,4.688808031587367031e-01,6.171775509392898318e-01,6.642086485403846385e-01,6.622904228389810966e-01,6.748934175982076455e-01,5.511982917536436544e-01,1.000000000000000000e+00,5.612107690568811647e-01,5.424676114284157080e-01,4.879672327303120616e-01,2.583145809336821475e-01,5.345523999273796845e-01,3.669191043526885965e-01,6.444266392544327759e-01,1.517289407844375770e-01,7.112239699452683750e-01,6.500310387987069394e-01,1.535230976985848816e-01,1.111452206394356323e-01,4.570846151074073327e-01,4.908055501606959914e-01,6.189889849921943465e-01,3.766088013216512542e-01,3.052752899587855562e-01,4.279098880887348688e-01,6.715123038151616930e-01,2.670339663470744918e-01
5.233305878512273246e-01,7.074556464966375025e-02,3.654825992283609187e-02,1.685957545275787728e-01,8.451367238170325036e-02,4.777158197828025865e-01,6.292802135014564646e-01,8.143003583237490295e-02,2.361731723294319407e-01,2.638310339235285795e-01,4.307782757159866471e-01,7.338906257742785488e-01,6.757744490051441622e-01,3.722028152848345095e-01,7.541975303006929199e-01,5.924767635398836552e-01,6.058530473482132139e-01,6.515819167734306916e-01,5.612107690568811647e-01,1.000000000000000000e+00,2.411511016829832876e-01,5.036719833064960961e-01,5.430391126163346821e-02,5.047065617883986777e-01,3.227910645113900578e-01,5.694984034270299533e-01,-1.312059362946854102e-01,4.851710714930922985e-01,5.533548066875574323e-01,-7.247282880722628884e-02,-3.659685181183633396e-01,1.472504343362050216e-01,1.191548934099276591e-01,5.323236117692538016e-01,3.288603735479064261e-01,1.512252395920363479e-01,5.003261347027211370e-01,7.314514772530977815e-01,-1.747526334338779797e-01
5.214347873524778354e-01,1.723646884244340316e-01,7.130382639730303840e-01,-2.678725705999666085e-01,5.998794294931725224e-01,3.731921676062942561e-01,8.918891009432322603e-02,-6.243910784398484237e-01,4.685825673574086636e-01,5.498309754509246305e-01,4.113934511703470354e-01,5.037483326189793331e-01,2.473306624017075905e-01,6.104196698467354576e-01,5.094275252614702820e-01,3.710122759708012752e-01,5.360739933656735179e-01,2.458380215617923525e-01,5.424676114284157080e-01,2.411511016829832876e-01,1.000000000000000000e+00,6.200508483963858009e-01,3.951793994937899401e-01,5.150285165345185323e-01,5.030822282921726396e-01,5.985324899485107153e-01,1.718828066684118250e-01,7.504338306154144655e-01,5.501308305253794773e-01,-3.933901351858097584e-02,4.381835408558429901e-01,1.316398407221292532e-01,7.269084869734225851e-01,6.834662886200230103e-01,2.434334149569510886e-01,1.776784152351686408e-01,4.110575945809976095e-01,3.588084969966855442e-01,3.080802873305586997e-01
4.321302655594120301e-01,3.996633537853258589e-02,3.419949566800377094e-01,-1.870956344010175354e-01,3.584885086432366141e-01,2.814956899277750724e-01,2.866234095112181746e-01,-2.612521993079187643e-01,3.594246861137927462e-01,3.161007345067597396e-01,2.515125366143355357e-01,5.943196731388316056e-01,3.239815834594423349e-01,4.007837904257613992e-01,5.594662459374626362e-01,4.085528169200481896e-01,4.936078922739139951e-01,3.003048671146811843e-01,4.879672327303120616e-01,5.036719833064960961e-01,6.200508483963858009e-01,1.000000000000000000e+00,1.787935276108444105e-01,4.990699906650710171e-01,3.846303655062566218e-01,6.507746677294008464e-01,3.313489605402323845e-01,5.628271103757347404e-01,4.962019529830872244e-01,-8.675200957828943515e-02,1.406914539172154643e-01,-2.701809363698407310e-02,4.368811322653785578e-01,6.339170559256573911e-01,2.721627708855906547e-01,1.185523632331257488e-01,3.518196926601718788e-01,4.932646186181083303e-01,1.818980913754826290e-01
4.565624313613280139e-01,5.528179605862697521e-01,4.649908675666853952e-01,-1.450822408401537811e-01,4.894232302862674966e-01,-4.216240055005509441e-02,-1.492783190211823159e-02,-4.246656268256032152e-01,4.487000165462968204e-01,6.926808896177534258e-01,3.508681595980953083e-01,7.164126223385143544e-02,-2.362023605683184063e-02,5.499927360461742687e-01,1.368899037019297160e-01,3.786318355798873325e-01,2.310055862333413590e-01,-3.375227275059430182e-02,2.583145809336821475e-01,5.430391126163346821e-02,3.951793994937899401e-01,1.787935276108444105e-01,1.000000000000000000e+00,4.962045315173336801e-01,4.166763268490937255e-01,2.686180481841997092e-01,8.882248925731031641e-02,4.194795019464773178e-01,2.710924008603432522e-01,3.550915671069811430e-01,3.951677395131937276e-01,1.778821392936761336e-01,2.800173650689226079e-01,2.333241333904647330e-01,2.817887369666460251e-01,1.827616507602343732e-01,3.415088423269811990e-01,1.031591621158721023e-01,4.404035602403227334e-01
7.433862262451876868e-01,4.545000973679382827e-01,3.705272379238176983e-01,-1.719070703454188553e-01,4.457390454018662074e-01,3.926921409434674937e-01,2.359714866843325709e-01,-2.379019342871294407e-01,5.899314338402252833e-01,6.776632775190749580e-01,6.173889295890875317e-01,5.780037361722242251e-01,4.611102931593494825e-01,7.582755091971381534e-01,6.412926269231367105e-01,6.636804165435835623e-01,6.616648857791713745e-01,3.489075047237762406e-01,5.345523999273796845e-01,5.047065617883986777e-01,5.150285165345185323e-01,4.990699906650710171e-01,4.962045315173336801e-01,1.000000000000000000e+00,7.312989112540903003e-01,7.448210611675509796e-01,1.048833693761493518e-01,7.021913682296061499e-01,7.534803046479209288e-01,1.255116408499812597e-01,1.398699985560923065e-01,2.976444307180687865e-01,4.936547362856069099e-01,6.414428708201576068e-01,5.097461502870362926e-01,2.407472729479961659e-01,6.428685886890904699e-01,5.962008299576427861e-01,9.251302324579238623e-02
6.770994794826524776e-01,3.279780410536701774e-01,3.514768918105835027e-01,-1.999575060054230857e-01,3.730210456138349784e-01,3.505308882942468340e-01,5.268952351962803704e-02,-2.404208431299995063e-01,4.920141150794308249e-01,5.729668600285776625e-01,4.953706343843226056e-01,4.605128173698894156e-01,3.716056838906667270e-01,6.965730903232589810e-01,5.307911851719162577e-01,4.243168891973506662e-01,5.395870577189983974e-01,2.517453181222713554e-01,3.669191043526885965e-01,3.227910645113900578e-01,5.030822282921726396e-01,3.846303655062566218e-01,4.166763268490937255e-01,7.312989112540903003e-01,1.000000000000000000e+00,5.793868973428129010e-01,-5.948330216646710578e-02,6.602025905538970729e-01,6.120555499215054596e-01,-5.957390486392946660e-02,2.714504599836116694e-01,1.450934400679257108e-01,6.363987355218427844e-01,6.108473071903373075e-01,3.178672554747912216e-01,1.758549077490706158e-01,5.845587430879420898e-01,4.151148669492784604e-01,6.886811047535174035e-02
7.355177482357198038e-01,2.483039508955129926e-01,4.381817272673889652e-01,-2.551974292344417194e-01,5.583099711901708950e-01,5.713775300720745909e-01,3.096544544044462222e-01,-3.009470009877810437e-01,5.949595843295503172e-01,5.422035335999173533e-01,5.658704197759983900e-01,7.232883908522104166e-01,5.764267218302840945e-01,7.078254839470600190e-01,7.457334524112979590e-01,6.970694800129902946e-01,8.180491869449959541e-01,4.132912890088001889e-01,6.444266392544327759e-01,5.694984034270299533e-01,5.985324899485107153e-01,6.507746677294008464e-01,2.686180481841997092e-01,7.448210611675509796e-01,5.793868973428129010e-01,1.000000000000000000e+00,3.004081298236805364e-01,7.753083600009880172e-01,8.353096239799349121e-01,-4.612182223918316441e-03,8.475768308248325666e-02,3.410442335917233669e-01,5.555002476870254391e-01,7.861026167861822067e-01,5.603738863628312528e-01,4.000617550061643102e-01,6.250157875327945201e-01,7.428288923246350040e-01,8.390362021398098391e-02
-1.086843836660031648e-01,-1.044694497433763629e-02,2.907578236656522264e-01,-1.659926873483954235e-01,3.977908521757148597e-01,-1.809630561273538329e-01,3.093503461719752240e-02,-3.455029437328526187e-01,3.453241009979028386e-01,1.239505983741006484e-02,-1.719543872362178094e-01,-1.122881565236427959e-01,-3.165261790755053428e-01,3.328868546297836239e-02,-1.620399552693614076e-01,1.141934288360997585e-01,-1.745110238634161801e-02,-2.715850468533877460e-01,1.517289407844375770e-01,-1.312059362946854102e-01,1.718828066684118250e-01,3.313489605402323845e-01,8.882248925731031641e-02,1.048833693761493518e-01,-5.948330216646710578e-02,3.004081298236805364e-01,1.000000000000000000e+00,4.496349479519404224e-02,2.070757283629343776e-02,3.979508408182859114e-01,3.121098166308967636e-01,1.831603774652652283e-01,1.756081353680599144e-01,-2.028743120023089944e-02,1.888423304044979656e-01,5.896405112403518833e-02,-2.213672260540123782e-01,5.718300800417636803e-02,4.063699259165872713e-01
7.438713409811381627e-01,3.702095417525554377e-01,6.651353693608316187e-01,-2.896128834845069777e-01,6.633979151024687049e-01,4.949540915150091869e-01,2.937769667556742736e-01,-5.362723711346775168e-01,6.928248935415440846e-01,7.136967472212252250e-01,5.782093497281891592e-01,6.762960873860913713e-01,4.813466513901267230e-01,7.946345614170654548e-01,7.262586205795935612e-01,6.561402807465034348e-01,7.484448281812260406e-01,4.282208032693257671e-01,7.112239699452683750e-01,4.851710714930922985e-01,7.504338306154144655e-01,5.628271103757347404e-01,4.194795019464773178e-01,7.021913682296061499e-01,6.602025905538970729e-01,7.753083600009880172e-01,4.496349479519404224e-02,1.000000000000000000e+00,8.058995743405323875e-01,1.972920427558581477e-02,3.371953443054660493e-01,2.699809138518652896e-01,7.162783795643393736e-01,8.209584926003630212e-01,4.459878038953400403e-01,3.052083526772330635e-01,6.116880730917811926e-01,6.053814601765743486e-01,2.658239193211466289e-01
7.905118398539452418e-01,3.971534211170950068e-01,4.025634795016311274e-01,-1.940836684714480898e-01,5.018347661592557074e-01,6.184243692420389182e-01,3.049372413312920749e-01,-2.427495237050360521e-01,5.916012211668320031e-01,6.579642180775417959e-01,6.705252746281744614e-01,7.301219999308486974e-01,6.223842549504914334e-01,7.535965072178711921e-01,7.728382019650527068e-01,6.911167924747577684e-01,8.302153426918301715e-01,5.003427891611035294e-01,6.500310387987069394e-01,5.533548066875574323e-01,5.501308305253794773e-01,4.962019529830872244e-01,2.710924008603432522e-01,7.534803046479209288e-01,6.120555499215054596e-01,8.353096239799349121e-01,2.070757283629343776e-02,8.058995743405323875e-01,1.000000000000000000e+00,-4.393633254612607647e-02,9.227234944940211625e-02,4.400981335475455114e-01,5.559721152888539297e-01,8.028361273846729151e-01,5.367620491056309673e-01,4.228668463275059852e-01,7.041259492573216372e-01,6.780776498237337524e-01,5.085517183905651460e-03
-3.648299757783918934e-02,3.922603197545607157e-01,2.952979838115390998e-01,3.943306986361499317e-02,3.687264647977243626e-01,-4.299838991665683730e-01,1.574630077897331004e-01,-3.744804722538511155e-01,5.338346899548396252e-01,2.486485853410271285e-01,-2.086149040400064603e-01,-2.933349642074482566e-01,-3.169678703560651067e-01,7.714234522757965062e-02,-2.527613887224350320e-01,3.978731753592346654e-01,-1.283661258082726686e-01,-2.178039803599882696e-01,1.535230976985848816e-01,-7.247282880722628884e-02,-3.933901351858097584e-02,-8.675200957828943515e-02,3.550915671069811430e-01,1.255116408499812597e-01,-5.957390486392946660e-02,-4.612182223918316441e-03,3.979508408182859114e-01,1.972920427558581477e-02,-4.393633254612607647e-02,1.000000000000000000e+00,2.576645089153278279e-01,2.283541601861163450e-01,-1.840383991414659042e-03,-2.570999206629882572e-01,1.718388503883969964e-01,-9.179983875566501139e-02,-1.915740248980132843e-01,3.916252342579042145e-02,5.213229444080887953e-01
8.842718374726971087e-02,4.622050187038057589e-01,5.720737282657287759e-01,-3.788265457144410209e-01,5.150221305368464231e-01,-2.148109726419132892e-01,-2.428899350159953729e-01,-6.140900670199963551e-01,5.047928203277339820e-01,4.294211725517110279e-01,-1.335707715644426363e-01,-2.121138400917491340e-01,-5.099251546786116585e-01,2.300198590816995847e-01,-1.802387150930036541e-01,-4.373886055479776769e-02,-9.824381870292514529e-02,-3.600686887525786917e-01,1.111452206394356323e-01,-3.659685181183633396e-01,4.381835408558429901e-01,1.406914539172154643e-01,3.951677395131937276e-01,1.398699985560923065e-01,2.714504599836116694e-01,8.475768308248325666e-02,3.121098166308967636e-01,3.371953443054660493e-01,9.227234944940211625e-02,2.576645089153278279e-01,1.000000000000000000e+00,1.503710998878892147e-01,5.558748281751378917e-01,1.098986913462710047e-01,2.216332253972910504e-01,5.904101342192989016e-02,9.708570933793690683e-02,-2.674546046136467292e-01,5.062787562480794978e-01
2.484170305451874339e-01,3.051265088633905442e-01,2.161509288054541122e-01,-1.466588871959820239e-01,3.645852568301120034e-01,2.883261550045848054e-01,3.297905229309444075e-01,-1.618341590658571860e-01,3.653537552108957476e-01,2.918736893794237064e-01,2.674862571918532606e-01,1.989853938481076778e-01,1.068897213832233628e-01,3.043280541829850305e-01,2.609942020359938275e-01,3.433868114224379875e-01,3.603923935838032055e-01,9.863818599759863193e-02,4.570846151074073327e-01,1.472504343362050216e-01,1.316398407221292532e-01,-2.701809363698407310e-02,1.778821392936761336e-01,2.976444307180687865e-01,1.450934400679257108e-01,3.410442335917233669e-01,1.831603774652652283e-01,2.699809138518652896e-01,4.400981335475455114e-01,2.283541601861163450e-01,1.503710998878892147e-01,1.000000000000000000e+00,2.413579586298304769e-01,2.304357366907664184e-01,4.846184978726206793e-01,4.065329606936785023e-01,3.949417012460437193e-01,2.675170554964783065e-01,-1.123967173446938431e-02
4.440397877809541538e-01,1.569068471778722607e-01,6.440490381635820549e-01,-3.997554317387324030e-01,6.067862025465506903e-01,3.757285244030692528e-01,4.164893139274147837e-02,-5.761501704418088288e-01,5.848232054333425411e-01,4.309314851777962807e-01,3.155706351400686116e-01,3.969780536749890620e-01,1.685018078818565912e-01,5.788567817184446795e-01,4.352177951625957331e-01,3.013446803166769938e-01,4.553584270147792989e-01,1.096665580345605046e-01,4.908055501606959914e-01,1.191548934099276591e-01,7.269084869734225851e-01,4.368811322653785578e-01,2.800173650689226079e-01,4.936547362856069099e-01,6.363987355218427844e-01,5.555002476870254391e-01,1.756081353680599144e-01,7.162783795643393736e-01,5.559721152888539297e-01,-1.840383991414659042e-03,5.558748281751378917e-01,2.413579586298304769e-01,1.000000000000000000e+00,6.421598171398442689e-01,3.348384680483981191e-01,7.980407393026012208e-02,3.888410844263645583e-01,2.922045692354106050e-01,2.477881455753827289e-01
7.503979188359490848e-01,1.741742909122585281e-01,4.554481230461479568e-01,-2.949944678161084410e-01,4.968988935993739475e-01,6.694994465377337445e-01,3.234630798244421679e-01,-3.016252611296322272e-01,4.686248103421037370e-01,5.243596639718919317e-01,6.328274578890425994e-01,8.406041371370582826e-01,6.520028862346944898e-01,7.229228732009259639e-01,8.473041583007574484e-01,5.521104245643791986e-01,8.278344239920979453e-01,4.643149706634562834e-01,6.189889849921943465e-01,5.323236117692538016e-01,6.834662886200230103e-01,6.339170559256573911e-01,2.333241333904647330e-01,6.414428708201576068e-01,6.108473071903373075e-01,7.861026167861822067e-01,-2.028743120023089944e-02,8.209584926003630212e-01,8.028361273846729151e-01,-2.570999206629882572e-01,1.098986913462710047e-01,2.304357366907664184e-01,6.421598171398442689e-01,1.000000000000000000e+00,4.169296381100304760e-01,3.595126713558194353e-01,6.518763206233064711e-01,6.591895428076723906e-01,3.533454270806794806e-02
4.792983359057355619e-01,4.695987335580930622e-01,1.710196213170278312e-01,-3.656892664122659009e-01,3.467515447439175613e-01,3.410179311864161011e-01,2.312115517241742080e-01,-8.903880821172427407e-02,4.722140435497094724e-01,4.053943221571299493e-01,2.160501105217905449e-01,3.339924191400143183e-01,1.748374487106873487e-01,3.785124164143178205e-01,3.982127379044175797e-01,4.516760219928394604e-01,4.546483073167996714e-01,8.475368518518927585e-02,3.766088013216512542e-01,3.288603735479064261e-01,2.434334149569510886e-01,2.721627708855906547e-01,2.817887369666460251e-01,5.097461502870362926e-01,3.178672554747912216e-01,5.603738863628312528e-01,1.888423304044979656e-01,4.459878038953400403e-01,5.367620491056309673e-01,1.718388503883969964e-01,2.216332253972910504e-01,4.846184978726206793e-01,3.348384680483981191e-01,4.169296381100304760e-01,1.000000000000000000e+00,2.932812658984763621e-01,6.584983415951045638e-01,3.658847030032817971e-01,-5.011942250066116211e-02
4.306905368132794010e-01,2.871150801752953008e-01,1.617897757478090059e-01,1.837255895592649832e-02,2.932056532066465993e-01,2.691001239286085478e-01,1.180048369842730815e-01,-6.866338378782742280e-02,2.568726439464889544e-01,4.229690196288626858e-01,3.848070233332021584e-01,3.443389529413324879e-01,2.653833031912231633e-01,4.671071655593941885e-01,3.191746105528723287e-01,2.901782960439640568e-01,4.317452694110344158e-01,2.740259260300201283e-01,3.052752899587855562e-01,1.512252395920363479e-01,1.776784152351686408e-01,1.185523632331257488e-01,1.827616507602343732e-01,2.407472729479961659e-01,1.758549077490706158e-01,4.000617550061643102e-01,5.896405112403518833e-02,3.052083526772330635e-01,4.228668463275059852e-01,-9.179983875566501139e-02,5.904101342192989016e-02,4.065329606936785023e-01,7.980407393026012208e-02,3.595126713558194353e-01,2.932812658984763621e-01,1.000000000000000000e+00,4.054405947209275274e-01,3.143164613919663397e-01,-3.579066028686240380e-02
7.319787702543635310e-01,4.729448149348107755e-01,1.636525860887711181e-01,-2.724301912968231099e-01,2.301462984513770738e-01,5.527189518445534411e-01,2.453480625899798484e-01,-1.454002265749299028e-02,3.466660796825598578e-01,5.592026156659943847e-01,5.286495874027243858e-01,5.958804298252272647e-01,4.778594833763946115e-01,5.687378396488153021e-01,6.741187577233167527e-01,4.554957906711514792e-01,6.541590487064717907e-01,3.088611469299811230e-01,4.279098880887348688e-01,5.003261347027211370e-01,4.110575945809976095e-01,3.518196926601718788e-01,3.415088423269811990e-01,6.428685886890904699e-01,5.845587430879420898e-01,6.250157875327945201e-01,-2.213672260540123782e-01,6.116880730917811926e-01,7.041259492573216372e-01,-1.915740248980132843e-01,9.708570933793690683e-02,3.949417012460437193e-01,3.888410844263645583e-01,6.518763206233064711e-01,6.584983415951045638e-01,4.054405947209275274e-01,1.000000000000000000e+00,4.953055569593603491e-01,-1.929863715248165967e-01
6.573807403393585602e-01,5.937589690366829737e-02,2.824335742906747271e-01,-3.478871100656791282e-02,3.849588180400589366e-01,5.150594582393146492e-01,5.886148443459519042e-01,-1.516926171038917581e-01,4.703094639212468397e-01,3.329958266162302283e-01,5.475908748812005067e-01,7.505424550317186805e-01,7.484193471033714351e-01,5.890737375553940502e-01,8.042418411740386297e-01,7.792966833336725241e-01,7.856734073772605464e-01,5.727782006495711897e-01,6.715123038151616930e-01,7.314514772530977815e-01,3.588084969966855442e-01,4.932646186181083303e-01,1.031591621158721023e-01,5.962008299576427861e-01,4.151148669492784604e-01,7.428288923246350040e-01,5.718300800417636803e-02,6.053814601765743486e-01,6.780776498237337524e-01,3.916252342579042145e-02,-2.674546046136467292e-01,2.675170554964783065e-01,2.922045692354106050e-01,6.591895428076723906e-01,3.658847030032817971e-01,3.143164613919663397e-01,4.953055569593603491e-01,1.000000000000000000e+00,5.116443496817438957e-02
1.100564104821201948e-02,1.998211137688456762e-01,6.228135067395034197e-01,-1.853653184958800049e-01,5.791022713891038620e-01,-3.688488319086526968e-01,6.245379643157661365e-02,-6.707041623947623821e-01,5.086425975214066142e-01,3.079118058418359172e-01,-5.176192050689953916e-02,-1.736075269287879197e-01,-2.551732893104992073e-01,2.124167292474197777e-01,-1.307670124100885900e-01,2.818828645663102317e-01,-1.559168021745737862e-02,-1.643992715437340435e-01,2.670339663470744918e-01,-1.747526334338779797e-01,3.080802873305586997e-01,1.818980913754826290e-01,4.404035602403227334e-01,9.251302324579238623e-02,6.886811047535174035e-02,8.390362021398098391e-02,4.063699259165872713e-01,2.658239193211466289e-01,5.085517183905651460e-03,5.213229444080887953e-01,5.062787562480794978e-01,-1.123967173446938431e-02,2.477881455753827289e-01,3.533454270806794806e-02,-5.011942250066116211e-02,-3.579066028686240380e-02,-1.929863715248165967e-01,5.116443496817438957e-02,1.000000000000000000e+00
