1.000000000000000000e+00,8.386138004907076615e-01,2.818077224333198072e-01,3.577202997642580096e-01,4.482538772636854851e-01,3.677870644412861156e-01,2.340163799476322193e-01,-4.648506758177778364e-01,6.440604126077175140e-01,7.277730245030116230e-01,3.833930144496626169e-01,2.830608250194962539e-01,3.648013653005055534e-02,5.218118808657032925e-01,2.745962739990255863e-01,7.553061054422511855e-01,4.623186429772368489e-01,5.221172092344817939e-01,4.700996910577188714e-01,1.678524366658913636e-01,2.960645399269432598e-01,2.386816760554512640e-01,5.405314563061998090e-01,3.041101014964900928e-01,4.490474175560549286e-01,5.544775980034470919e-01,7.072035599135628736e-01,4.276062497339501722e-01,3.857597733291445175e-01,8.099370845572266830e-01,-2.599206375259914895e-02,7.101548629699903081e-01,-9.101100066797192245e-02,5.041816677878718789e-01,2.468674872223277361e-01,5.998128786034440107e-01,4.586285267313349734e-01,5.183986947434710002e-01,4.519242814418155119e-01
8.386138004907076615e-01,1.000000000000000000e+00,1.910975118202038747e-01,3.374776056090209031e-01,4.212164467219868813e-01,3.646552266892451599e-01,2.914339154959122435e-01,-3.748585130402503629e-01,5.884755778652858149e-01,7.171211697797398310e-01,3.583648818766247968e-01,2.528717119710297001e-01,1.025923351486764390e-01,4.420394008882010395e-01,2.370633600733514090e-01,7.503213504724781657e-01,3.955726437982617361e-01,4.976249027672256520e-01,4.473533136765697749e-01,1.840559892007747056e-01,3.134513288892339933e-01,2.834651496401217607e-01,5.201220419063622424e-01,2.242046080530402941e-01,4.224987396301510545e-01,4.795191808492090813e-01,6.850982634599240839e-01,3.685419519875915428e-01,3.791734500332844537e-01,7.957993677232938490e-01,-3.764812691524140054e-02,6.921429294663955512e-01,-8.272341429483652531e-02,4.616869376764898281e-01,1.601350013092125435e-01,5.714540383267496804e-01,3.666362454128606618e-01,4.376547555114476684e-01,4.030007033724590793e-01
2.818077224333198072e-01,1.910975118202038747e-01,1.000000000000000000e+00,8.439601668749754926e-02,5.458001499976778970e-01,2.145654043202850358e-01,1.196584612544612791e-01,-7.387863369070166719e-01,3.813362958108527101e-01,2.516769611490001224e-01,3.959527332212861017e-01,-5.625971515793764394e-02,-2.400637244326029596e-01,4.378734705917707304e-01,-8.946043932796593490e-02,2.139785152165517013e-01,4.311868682137958708e-01,-2.960953714447055532e-02,1.834798117372524184e-01,-1.743902595786366583e-01,5.547237246451028857e-03,-8.329940720098805151e-02,1.614923851684842149e-01,2.565960481476291521e-01,9.426854947171565968e-02,6.661220479361944502e-01,5.131942653774791419e-01,5.810442214207262035e-01,4.421514008913831617e-01,2.649765978434356350e-01,3.781020134664636601e-01,2.114561225259499189e-01,3.458770339718085229e-01,3.988336049358982560e-01,5.357563312482745976e-01,1.767356407205176172e-01,4.231307894381567403e-01,2.309104367065067109e-01,1.532136790133433457e-01
3.577202997642580096e-01,3.374776056090209031e-01,8.439601668749754926e-02,1.000000000000000000e+00,3.571914290075826615e-01,9.897778060926729071e-02,5.600518216791956494e-01,-1.880488892715547200e-01,3.798787660707195757e-01,4.657071784957486082e-01,2.747683714209781525e-01,3.232465739166273111e-01,-9.211379929227130059e-02,1.912939236669686238e-01,1.934762461975065850e-01,4.446101426328620265e-01,2.892394952156260857e-01,2.862562548569106968e-01,3.498487717362369631e-01,3.423779602077887119e-01,2.116599198666488379e-01,2.809047820271481366e-01,3.310903940245724653e-01,1.899976725452481863e-01,3.640302106474253563e-01,8.814785284835047197e-02,3.660046853943089151e-01,6.727553978075438701e-02,-3.467623903186261430e-02,4.095304047381341239e-01,2.622773863408421890e-01,3.670073442316609813e-01,-1.536502516677332730e-01,3.982116081733534374e-01,1.103808920584580383e-01,3.676715943942573395e-01,2.485402949838423081e-01,2.831068279196253812e-01,3.458416277331578526e-01
4.482538772636854851e-01,4.212164467219868813e-01,5.458001499976778970e-01,3.571914290075826615e-01,1.000000000000000000e+00,3.302928017607988376e-01,3.320427473342507652e-01,-6.743526109251952727e-01,6.527072758341686542e-01,5.398870617441756670e-01,3.344712881086266965e-01,3.971401381512174034e-01,9.077945999381971387e-02,6.194971866667332572e-01,3.682096186241413660e-01,5.615605846111166866e-01,4.430572484632691599e-01,3.696108057781419820e-01,5.724335664560583625e-01,7.486704867368514094e-02,4.217622958202821848e-01,1.371691784308193274e-01,5.095260083465569245e-01,2.500139353707111489e-01,4.944981800591445875e-01,3.741171104542823089e-01,6.279187183158961849e-01,5.311094609300568425e-01,1.495673070761021628e-01,4.572817343961002590e-01,2.755723424102161576e-02,5.485060046929383093e-01,1.359344787403173604e-01,7.720048530252819896e-01,2.733409483911893312e-01,2.572536484740001184e-01,4.798223036308918443e-01,3.374425683004589338e-01,4.969317414035124281e-01
3.677870644412861156e-01,3.646552266892451599e-01,2.145654043202850358e-01,9.897778060926729071e-02,3.302928017607988376e-01,1.000000000000000000e+00,9.034177545949234611e-02,-3.120308040115778447e-01,2.845532503713880113e-01,3.719924548280927890e-01,5.172459690610126115e-01,1.090404124349206721e-01,2.391594246575610705e-01,4.764249078682499250e-01,1.151648156324780320e-01,3.400259340388708251e-01,5.977071572926894172e-01,2.341107486010916006e-01,2.128880011603098976e-01,1.458430810180222637e-01,2.189015389583914839e-01,1.505296278420426292e-01,4.595642523984001526e-01,2.146469460488867054e-01,3.955779105265926354e-01,4.079789165361061842e-01,3.826101711232997027e-01,4.276583169404531981e-01,4.183762934720641202e-01,2.919555592640263875e-01,-1.431756878543793410e-01,4.658794139648146926e-01,1.048458566559322680e-01,2.273979992625545232e-01,4.111431825114836847e-01,3.396847963685057925e-01,5.337474799884818211e-01,3.187055670846972166e-01,1.530660276428662814e-01
2.340163799476322193e-01,2.914339154959122435e-01,1.196584612544612791e-01,5.600518216791956494e-01,3.320427473342507652e-01,9.034177545949234611e-02,1.000000000000000000e+00,-8.800245210807179641e-02,1.906556923222069155e-01,2.810233621006935079e-01,3.110932502415427736e-01,3.876879958521457087e-02,-1.279445442840552449e-01,8.765639374546831467e-03,-3.454239058373106269e-02,2.713512919999687134e-01,2.126097675270366139e-01,7.595517778311100879e-03,1.775865119030006767e-01,2.562165192211147691e-01,8.080221140041057848e-02,2.770425261593578159e-01,9.523781445353207697e-02,-2.810000989395231019e-02,1.082266958549036318e-01,1.366660829687493250e-01,3.235516602899038974e-01,6.417167086021141609e-02,1.570037240881337892e-01,2.641397619719647594e-01,4.122799540396011042e-01,2.566528323911437259e-01,1.467634218156008974e-01,2.548174658962442107e-01,1.835498580761734388e-01,1.661236642751348358e-01,2.001956246003938067e-01,-3.328232490931917753e-02,8.457809277683289717e-02
-4.648506758177778364e-01,-3.748585130402503629e-01,-7.387863369070166719e-01,-1.880488892715547200e-01,-6.743526109251952727e-01,-3.120308040115778447e-01,-8.800245210807179641e-02,1.000000000000000000e+00,-7.099047755722089903e-01,-5.121497038138057567e-01,-3.992891481609580628e-01,-3.718014370457556894e-01,-1.705515189592808623e-02,-7.292231116322063222e-01,-3.570237694908026116e-01,-5.190733626238548393e-01,-5.134025661086184522e-01,-3.868820287846717054e-01,-5.468278106223820600e-01,8.989162095894723259e-02,-3.950181901114031002e-01,-6.877090832517698815e-02,-5.254599003390623135e-01,-5.015819406022173910e-01,-4.728853269203349141e-01,-5.555718149373273240e-01,-6.595718632883524890e-01,-6.821102172398516572e-01,-2.710265352582546527e-01,-4.721284315531354414e-01,-4.257297592575635253e-02,-5.115238973671465406e-01,-2.458590503434561203e-01,-6.762056539092526908e-01,-3.700592819204673312e-01,-3.549588570033671009e-01,-5.230781336265989401e-01,-5.074914841408361132e-01,-5.562673345180433326e-01
6.440604126077175140e-01,5.884755778652858149e-01,3.813362958108527101e-01,3.798787660707195757e-01,6.527072758341686542e-01,2.845532503713880113e-01,1.906556923222069155e-01,-7.099047755722089903e-01,1.000000000000000000e+00,7.264514428063066909e-01,3.225169463301055250e-01,6.664843085970688641e-01,1.692109284638769751e-01,7.385158361423940221e-01,6.514232739637445535e-01,7.674323821618452834e-01,4.551183196376228368e-01,7.010526422303929861e-01,7.628899522674348344e-01,1.712712164016208238e-01,6.539546415845605143e-01,2.960842009640506922e-01,7.100358402971919114e-01,5.039008950013528221e-01,6.850610705222215380e-01,3.705846906278528197e-01,7.112982257713179601e-01,5.855307096213376861e-01,1.121107609930012405e-01,6.661958832438898970e-01,-1.481848270788843625e-01,7.217181814878519397e-01,6.872204817120544651e-02,7.949351381104664549e-01,1.577406940372052813e-01,5.066747943112125396e-01,5.278687519407271322e-01,6.119781790074434458e-01,7.863694336958343412e-01
7.277730245030116230e-01,7.171211697797398310e-01,2.516769611490001224e-01,4.657071784957486082e-01,5.398870617441756670e-01,3.719924548280927890e-01,2.810233621006935079e-01,-5.121497038138057567e-01,7.264514428063066909e-01,1.000000000000000000e+00,3.588407363210707746e-01,5.413784340163653175e-01,1.567814755421748640e-01,6.071014990347177731e-01,4.583834068339435741e-01,8.486075036809359595e-01,4.683267416764940183e-01,6.506662924594406316e-01,6.719157115685063797e-01,2.766997018947640608e-01,4.799667237641622730e-01,3.511387781280166931e-01,7.149769576546393113e-01,4.650044512490897342e-01,6.797501896826756429e-01,3.740118051294769597e-01,6.946557776349990831e-01,5.090187522472398030e-01,1.954966458359950476e-01,7.625055611956637058e-01,-8.881435913108728930e-02,7.532326677683035543e-01,-1.435177981783851420e-02,5.899776680542844209e-01,1.357840840759581835e-01,6.389177768364235899e-01,4.938731375224651998e-01,5.702751031268015192e-01,6.407528712958961981e-01
3.833930144496626169e-01,3.583648818766247968e-01,3.959527332212861017e-01,2.747683714209781525e-01,3.344712881086266965e-01,5.172459690610126115e-01,3.110932502415427736e-01,-3.992891481609580628e-01,3.225169463301055250e-01,3.588407363210707746e-01,1.000000000000000000e+00,7.118466810601896400e-02,-3.694341180231962979e-02,4.215138602583040073e-01,-3.764967555835183055e-02,3.207876661212185065e-01,7.724444485896452273e-01,1.235214282215719162e-01,1.629947325905737321e-01,4.940380323397423196e-02,9.256569345400705862e-02,8.130465846667535301e-02,2.821939059253337767e-01,2.991677781477710685e-01,2.016918640756301395e-01,5.646794286646847905e-01,5.358140546962655293e-01,4.690142763172664431e-01,5.519435525931214448e-01,3.804159774201260058e-01,3.376043038730345835e-01,5.087013916177836048e-01,2.759551695537234006e-01,2.207827819466132713e-01,4.849379042385361660e-01,4.434698143490997113e-01,5.369374666171955468e-01,3.629004721961095470e-01,1.724677059318031058e-01
2.830608250194962539e-01,2.528717119710297001e-01,-5.625971515793764394e-02,3.232465739166273111e-01,3.971401381512174034e-01,1.090404124349206721e-01,3.876879958521457087e-02,-3.718014370457556894e-01,6.664843085970688641e-01,5.413784340163653175e-01,7.118466810601896400e-02,1.000000000000000000e+00,3.290739752618940250e-01,5.810128360832583772e-01,8.157062258505229924e-01,5.847616175683070239e-01,2.107118407932208892e-01,7.394411504029549942e-01,7.314494772921195098e-01,2.608494213268791051e-01,7.028731655235516129e-01,2.952328071820726207e-01,6.589857309657081164e-01,4.892833556030387054e-01,7.244726982523352898e-01,-1.306716479290648547e-01,3.382994689486821249e-01,3.127491750888682920e-01,-2.847493751782395610e-01,3.745352495852105612e-01,-3.878950548602717596e-01,5.392985534527110492e-01,-4.964738321254356240e-03,6.094142837748635078e-01,-1.710353509176619213e-01,3.772359165321834129e-01,2.825771364425105903e-01,5.102425980155447238e-01,7.924514118802916673e-01
3.648013653005055534e-02,1.025923351486764390e-01,-2.400637244326029596e-01,-9.211379929227130059e-02,9.077945999381971387e-02,2.391594246575610705e-01,-1.279445442840552449e-01,-1.705515189592808623e-02,1.692109284638769751e-01,1.567814755421748640e-01,-3.694341180231962979e-02,3.290739752618940250e-01,1.000000000000000000e+00,2.842312804071254195e-01,4.241036023349593065e-01,1.978840377875907552e-01,7.599720671126898586e-02,3.647241857151065636e-01,3.128581818140929727e-01,1.379482205193527100e-01,4.768386843269565301e-01,1.885869308741369155e-01,3.805195504487563496e-01,2.515464539213544959e-01,4.078604211536824842e-01,-1.915525029529913381e-01,-5.680589403989306195e-03,1.660738420519468905e-01,-1.399783302000915108e-01,6.339918722980522614e-02,-5.973874438609150239e-01,1.975958090767930275e-01,-4.248745024887342486e-02,1.651670458180076184e-01,-2.123921336699794160e-01,1.804247357920157335e-01,7.269446142719895865e-02,2.365453975610085635e-01,2.744374255501710325e-01
5.218118808657032925e-01,4.420394008882010395e-01,4.378734705917707304e-01,1.912939236669686238e-01,6.194971866667332572e-01,4.764249078682499250e-01,8.765639374546831467e-03,-7.292231116322063222e-01,7.385158361423940221e-01,6.071014990347177731e-01,4.215138602583040073e-01,5.810128360832583772e-01,2.842312804071254195e-01,1.000000000000000000e+00,5.571119152536841979e-01,6.337084611620174002e-01,6.183538783498030433e-01,6.109048461095872851e-01,6.209831818591691199e-01,5.569943536588698590e-02,5.541841210297037135e-01,9.185936963732939387e-02,7.314463408941779266e-01,6.158564972764813961e-01,6.942237683355926281e-01,4.113335723280778788e-01,5.984465256974643710e-01,6.741498394387083204e-01,2.018861279357450633e-01,5.106562011614266261e-01,-2.609658531598371689e-01,6.835003498693945634e-01,1.593372379334651867e-01,6.702460223890016611e-01,2.683320053093377067e-01,4.864234179332238006e-01,5.985464766511481294e-01,6.117725730963756714e-01,6.577634735974134950e-01
2.745962739990255863e-01,2.370633600733514090e-01,-8.946043932796593490e-02,1.934762461975065850e-01,3.682096186241413660e-01,1.151648156324780320e-01,-3.454239058373106269e-02,-3.570237694908026116e-01,6.514232739637445535e-01,4.583834068339435741e-01,-3.764967555835183055e-02,8.157062258505229924e-01,4.241036023349593065e-01,5.571119152536841979e-01,1.000000000000000000e+00,5.241179494735926925e-01,1.388610927718097743e-01,7.125340979568466349e-01,7.017849985162186721e-01,2.520497478186244922e-01,7.439815407305251371e-01,2.938933711081291311e-01,6.418183015156876392e-01,4.413097567616499628e-01,7.130567524022212167e-01,-1.660973257661456370e-01,2.667536256150542240e-01,2.628362391331245385e-01,-3.365143693788928969e-01,3.100556441177449996e-01,-5.318497316854345902e-01,4.849356888390445319e-01,-1.025699679308602619e-01,6.306072751393733133e-01,-2.045922299793042909e-01,3.172371447195180272e-01,2.606576217591644040e-01,5.001934762972523041e-01,7.575458495315496865e-01
7.553061054422511855e-01,7.503213504724781657e-01,2.139785152165517013e-01,4.446101426328620265e-01,5.615605846111166866e-01,3.400259340388708251e-01,2.713512919999687134e-01,-5.190733626238548393e-01,7.674323821618452834e-01,8.486075036809359595e-01,3.207876661212185065e-01,5.847616175683070239e-01,1.978840377875907552e-01,6.337084611620174002e-01,5.241179494735926925e-01,1.000000000000000000e+00,4.320918762420401515e-01,6.893959524144592788e-01,6.913282041844639458e-01,2.439566528581457727e-01,5.310266644255982049e-01,3.257316030472403590e-01,7.370589305409833702e-01,4.598424704698178545e-01,6.873758107337719636e-01,3.622726945711740587e-01,6.988845667701774067e-01,4.965189049097634699e-01,1.774774207318688679e-01,7.955391334765641309e-01,-1.551014040404654071e-01,7.690605034033306531e-01,-1.676740347451870228e-02,6.522898099338245714e-01,1.204772067260642537e-01,6.069596777899953777e-01,4.764549686482998370e-01,5.782778176980633011e-01,6.705587870169239517e-01
4.623186429772368489e-01,3.955726437982617361e-01,4.311868682137958708e-01,2.892394952156260857e-01,4.430572484632691599e-01,5.977071572926894172e-01,2.126097675270366139e-01,-5.134025661086184522e-01,4.551183196376228368e-01,4.683267416764940183e-01,7.724444485896452273e-01,2.107118407932208892e-01,7.599720671126898586e-02,6.183538783498030433e-01,1.388610927718097743e-01,4.320918762420401515e-01,1.000000000000000000e+00,2.917196916189015998e-01,2.859355795934760969e-01,1.263503524875946860e-01,2.081323478367718416e-01,9.182777689420514033e-02,4.700262099901088009e-01,4.487494271898939124e-01,3.967260963236797777e-01,5.756468851032702227e-01,5.567307559097108838e-01,5.802920091154485371e-01,4.605237363688458041e-01,4.206625370259153840e-01,1.319830323825097462e-01,5.989577736300686350e-01,2.136659413575926203e-01,3.676968564351384416e-01,5.126800790276294650e-01,5.204121103978467389e-01,6.356192335309480690e-01,5.211302429994009167e-01,3.028726529928235656e-01
5.221172092344817939e-01,4.976249027672256520e-01,-2.960953714447055532e-02,2.862562548569106968e-01,3.696108057781419820e-01,2.341107486010916006e-01,7.595517778311100879e-03,-3.868820287846717054e-01,7.010526422303929861e-01,6.506662924594406316e-01,1.235214282215719162e-01,7.394411504029549942e-01,3.647241857151065636e-01,6.109048461095872851e-01,7.125340979568466349e-01,6.893959524144592788e-01,2.917196916189015998e-01,1.000000000000000000e+00,7.512145777575862660e-01,2.492500140004618170e-01,7.131727459348045084e-01,3.506082855358378381e-01,7.041305575361257452e-01,5.053216797675148531e-01,7.159297495760066354e-01,6.919761935969918898e-02,4.608398091446981315e-01,3.859192375006119113e-01,-9.357079384297291302e-02,5.522436110096463624e-01,-4.505428017151918985e-01,6.254027736523055658e-01,-7.306431117395392749e-02,5.453798528059934370e-01,-3.815488960703170701e-02,5.249991079151082873e-01,3.275296965878486399e-01,6.048733372502671513e-01,7.618899964642383837e-01
4.700996910577188714e-01,4.473533136765697749e-01,1.834798117372524184e-01,3.498487717362369631e-01,5.724335664560583625e-01,2.128880011603098976e-01,1.775865119030006767e-01,-5.468278106223820600e-01,7.628899522674348344e-01,6.719157115685063797e-01,1.629947325905737321e-01,7.314494772921195098e-01,3.128581818140929727e-01,6.209831818591691199e-01,7.017849985162186721e-01,6.913282041844639458e-01,2.859355795934760969e-01,7.512145777575862660e-01,1.000000000000000000e+00,2.893098718058110252e-01,7.422559909821669910e-01,4.683049127285532354e-01,7.089491622191235187e-01,4.888846777541937527e-01,7.290809863298343130e-01,1.186306629573439936e-01,5.234875158971248332e-01,4.492136415447142150e-01,-7.482927211284808033e-02,5.536164573666448874e-01,-2.814179361590907757e-01,5.996997725205381879e-01,3.118512948305619814e-02,6.733052227515745614e-01,-1.734967484597939660e-02,4.617450730290093008e-01,3.997702099619647731e-01,5.825396261754983707e-01,7.925136501761628205e-01
1.678524366658913636e-01,1.840559892007747056e-01,-1.743902595786366583e-01,3.423779602077887119e-01,7.486704867368514094e-02,1.458430810180222637e-01,2.562165192211147691e-01,8.989162095894723259e-02,1.712712164016208238e-01,2.766997018947640608e-01,4.940380323397423196e-02,2.608494213268791051e-01,1.379482205193527100e-01,5.569943536588698590e-02,2.520497478186244922e-01,2.439566528581457727e-01,1.263503524875946860e-01,2.492500140004618170e-01,2.893098718058110252e-01,1.000000000000000000e+00,3.220892322730993795e-01,5.917484959501976283e-01,2.235551958464975508e-01,1.797124748943107753e-01,3.289897703706061716e-01,-3.472664564776813123e-02,1.428677032617598208e-01,4.277625632254264398e-02,-6.800950902753793992e-02,1.208835611008974575e-01,-2.881339171716309697e-02,2.812536481654889231e-01,2.580635428394444791e-02,1.122330802941474831e-01,6.218675676850225938e-03,2.972085421097049873e-01,2.563892691370769916e-01,2.263617656865730687e-01,2.093423188576359062e-01
2.960645399269432598e-01,3.134513288892339933e-01,5.547237246451028857e-03,2.116599198666488379e-01,4.217622958202821848e-01,2.189015389583914839e-01,8.080221140041057848e-02,-3.950181901114031002e-01,6.539546415845605143e-01,4.799667237641622730e-01,9.256569345400705862e-02,7.028731655235516129e-01,4.768386843269565301e-01,5.541841210297037135e-01,7.439815407305251371e-01,5.310266644255982049e-01,2.081323478367718416e-01,7.131727459348045084e-01,7.422559909821669910e-01,3.220892322730993795e-01,1.000000000000000000e+00,4.535538553548865703e-01,6.132311526632285847e-01,4.360357009548675444e-01,6.579583948350463674e-01,-2.362298325092797302e-02,3.791090464012037420e-01,3.796543066696091429e-01,-1.385682784963310765e-01,3.352275165954414771e-01,-4.310293281011988720e-01,4.820244065408444412e-01,1.335719755258972241e-01,5.802135278634790172e-01,-6.695089511812941929e-02,3.302707430502590524e-01,3.103837207221109562e-01,4.453317662078766781e-01,7.137985926318762830e-01
2.386816760554512640e-01,2.834651496401217607e-01,-8.329940720098805151e-02,2.809047820271481366e-01,1.371691784308193274e-01,1.505296278420426292e-01,2.770425261593578159e-01,-6.877090832517698815e-02,2.960842009640506922e-01,3.511387781280166931e-01,8.130465846667535301e-02,2.952328071820726207e-01,1.885869308741369155e-01,9.185936963732939387e-02,2.938933711081291311e-01,3.257316030472403590e-01,9.182777689420514033e-02,3.506082855358378381e-01,4.683049127285532354e-01,5.917484959501976283e-01,4.535538553548865703e-01,1.000000000000000000e+00,2.582818117886493403e-01,1.960407065017700512e-01,3.094253691883880331e-01,5.235719323015346899e-02,2.466535683226079023e-01,1.026836127614202676e-01,1.684627697342161098e-02,2.614510915529713597e-01,-3.502641552439708650e-02,2.897932578949722338e-01,1.060080723997565977e-01,1.881398495340423638e-01,1.629955152863222026e-02,3.240964661605051367e-01,2.768263176394749614e-01,3.213488729166450453e-01,3.414159556703946774e-01
5.405314563061998090e-01,5.201220419063622424e-01,1.614923851684842149e-01,3.310903940245724653e-01,5.095260083465569245e-01,4.595642523984001526e-01,9.523781445353207697e-02,-5.254599003390623135e-01,7.100358402971919114e-01,7.149769576546393113e-01,2.821939059253337767e-01,6.589857309657081164e-01,3.805195504487563496e-01,7.314463408941779266e-01,6.418183015156876392e-01,7.370589305409833702e-01,4.700262099901088009e-01,7.041305575361257452e-01,7.089491622191235187e-01,2.235551958464975508e-01,6.132311526632285847e-01,2.582818117886493403e-01,1.000000000000000000e+00,5.887445212923132498e-01,8.476202486097453859e-01,2.280493132265671852e-01,5.364763268329837409e-01,4.962287175842327591e-01,5.980657980176722760e-02,5.832255165072963710e-01,-3.950729408929904984e-01,7.033927759659788226e-01,-3.659399199795397573e-02,5.953461168935474390e-01,1.079810998649474996e-01,5.577371986696388895e-01,5.345348387290825842e-01,6.303944763927457062e-01,7.102230582559088123e-01
3.041101014964900928e-01,2.242046080530402941e-01,2.565960481476291521e-01,1.899976725452481863e-01,2.500139353707111489e-01,2.146469460488867054e-01,-2.810000989395231019e-02,-5.015819406022173910e-01,5.039008950013528221e-01,4.650044512490897342e-01,2.991677781477710685e-01,4.892833556030387054e-01,2.515464539213544959e-01,6.158564972764813961e-01,4.413097567616499628e-01,4.598424704698178545e-01,4.487494271898939124e-01,5.053216797675148531e-01,4.888846777541937527e-01,1.797124748943107753e-01,4.360357009548675444e-01,1.960407065017700512e-01,5.887445212923132498e-01,1.000000000000000000e+00,6.074591763992372995e-01,2.482171024170321261e-01,3.907339664099867549e-01,4.877092125268547851e-01,7.060098879832073238e-02,3.496166863765139410e-01,-1.837213093928297958e-01,4.667999933952057812e-01,2.033940222958965649e-01,3.428000190069425690e-01,2.140989786778635384e-01,5.153694223218223680e-01,4.621349930511119419e-01,5.800947232526378894e-01,5.439898698165310797e-01
4.490474175560549286e-01,4.224987396301510545e-01,9.426854947171565968e-02,3.640302106474253563e-01,4.944981800591445875e-01,3.955779105265926354e-01,1.082266958549036318e-01,-4.728853269203349141e-01,6.850610705222215380e-01,6.797501896826756429e-01,2.016918640756301395e-01,7.244726982523352898e-01,4.078604211536824842e-01,6.942237683355926281e-01,7.130567524022212167e-01,6.873758107337719636e-01,3.967260963236797777e-01,7.159297495760066354e-01,7.290809863298343130e-01,3.289897703706061716e-01,6.579583948350463674e-01,3.094253691883880331e-01,8.476202486097453859e-01,6.074591763992372995e-01,1.000000000000000000e+00,9.780996788420430466e-02,4.710437730516789379e-01,4.439499013210966849e-01,-8.214424595878311308e-02,4.856498348296580669e-01,-4.300920683352272844e-01,6.679145480333908980e-01,-5.915306475912995160e-02,5.996948654363762898e-01,4.030346250419670345e-02,5.162708264027927596e-01,4.922039192012331865e-01,6.054124033853602871e-01,7.390031691003257075e-01
5.544775980034470919e-01,4.795191808492090813e-01,6.661220479361944502e-01,8.814785284835047197e-02,3.741171104542823089e-01,4.079789165361061842e-01,1.366660829687493250e-01,-5.555718149373273240e-01,3.705846906278528197e-01,3.740118051294769597e-01,5.646794286646847905e-01,-1.306716479290648547e-01,-1.915525029529913381e-01,4.113335723280778788e-01,-1.660973257661456370e-01,3.622726945711740587e-01,5.756468851032702227e-01,6.919761935969918898e-02,1.186306629573439936e-01,-3.472664564776813123e-02,-2.362298325092797302e-02,5.235719323015346899e-02,2.280493132265671852e-01,2.482171024170321261e-01,9.780996788420430466e-02,1.000000000000000000e+00,6.019744436502437734e-01,6.097298505289741044e-01,7.291296035906502659e-01,4.899772014223418015e-01,3.095531601430227542e-01,3.985110844496138061e-01,3.347069164775228201e-01,2.383784114052056591e-01,6.358510393732096366e-01,3.582940106688322635e-01,5.623880779292614873e-01,3.428761722549299451e-01,8.706203617947341766e-02
7.072035599135628736e-01,6.850982634599240839e-01,5.131942653774791419e-01,3.660046853943089151e-01,6.279187183158961849e-01,3.826101711232997027e-01,3.235516602899038974e-01,-6.595718632883524890e-01,7.112982257713179601e-01,6.946557776349990831e-01,5.358140546962655293e-01,3.382994689486821249e-01,-5.680589403989306195e-03,5.984465256974643710e-01,2.667536256150542240e-01,6.988845667701774067e-01,5.567307559097108838e-01,4.608398091446981315e-01,5.234875158971248332e-01,1.428677032617598208e-01,3.791090464012037420e-01,2.466535683226079023e-01,5.364763268329837409e-01,3.907339664099867549e-01,4.710437730516789379e-01,6.019744436502437734e-01,1.000000000000000000e+00,5.883479239213812440e-01,3.755798966708533970e-01,6.679159557401265213e-01,1.351258627318246142e-01,7.279135876132872829e-01,1.695125580517772290e-01,6.085091429990546752e-01,3.516001599987205739e-01,5.157625865211777905e-01,5.434794629198713700e-01,4.988090860135877547e-01,5.461620261229119810e-01
4.276062497339501722e-01,3.685419519875915428e-01,5.810442214207262035e-01,6.727553978075438701e-02,5.311094609300568425e-01,4.276583169404531981e-01,6.417167086021141609e-02,-6.821102172398516572e-01,5.855307096213376861e-01,5.090187522472398030e-01,4.690142763172664431e-01,3.127491750888682920e-01,1.660738420519468905e-01,6.741498394387083204e-01,2.628362391331245385e-01,4.965189049097634699e-01,5.802920091154485371e-01,3.859192375006119113e-01,4.492136415447142150e-01,4.277625632254264398e-02,3.796543066696091429e-01,1.026836127614202676e-01,4.962287175842327591e-01,4.877092125268547851e-01,4.439499013210966849e-01,6.097298505289741044e-01,5.883479239213812440e-01,1.000000000000000000e+00,4.303678980076188210e-01,4.441537177284773374e-01,5.606330777270009287e-03,5.335035674351312762e-01,4.784578004348594149e-01,4.815258191536235799e-01,4.262336329628142462e-01,3.948373036390341873e-01,5.904215661817777683e-01,4.344237547230742069e-01,4.102820509486503342e-01
3.857597733291445175e-01,3.791734500332844537e-01,4.421514008913831617e-01,-3.467623903186261430e-02,1.495673070761021628e-01,4.183762934720641202e-01,1.570037240881337892e-01,-2.710265352582546527e-01,1.121107609930012405e-01,1.954966458359950476e-01,5.519435525931214448e-01,-2.847493751782395610e-01,-1.399783302000915108e-01,2.018861279357450633e-01,-3.365143693788928969e-01,1.774774207318688679e-01,4.605237363688458041e-01,-9.357079384297291302e-02,-7.482927211284808033e-02,-6.800950902753793992e-02,-1.385682784963310765e-01,1.684627697342161098e-02,5.980657980176722760e-02,7.060098879832073238e-02,-8.214424595878311308e-02,7.291296035906502659e-01,3.755798966708533970e-01,4.303678980076188210e-01,1.000000000000000000e+00,3.530715370420063892e-01,3.217500357881798445e-01,2.415472070376605274e-01,3.880906577122845702e-01,-1.820290058964264476e-02,5.867282559570949907e-01,2.594069075473706687e-01,4.621594407441624308e-01,8.449705220294945196e-02,-1.557247760280326410e-01
8.099370845572266830e-01,7.957993677232938490e-01,2.649765978434356350e-01,4.095304047381341239e-01,4.572817343961002590e-01,2.919555592640263875e-01,2.641397619719647594e-01,-4.721284315531354414e-01,6.661958832438898970e-01,7.625055611956637058e-01,3.804159774201260058e-01,3.745352495852105612e-01,6.339918722980522614e-02,5.106562011614266261e-01,3.100556441177449996e-01,7.955391334765641309e-01,4.206625370259153840e-01,5.522436110096463624e-01,5.536164573666448874e-01,1.208835611008974575e-01,3.352275165954414771e-01,2.614510915529713597e-01,5.832255165072963710e-01,3.496166863765139410e-01,4.856498348296580669e-01,4.899772014223418015e-01,6.679159557401265213e-01,4.441537177284773374e-01,3.530715370420063892e-01,1.000000000000000000e+00,-2.041605306286546195e-03,6.784619245003202792e-01,-2.643029651653642370e-02,5.127846247759894061e-01,1.985427881688684726e-01,6.185455427534553019e-01,4.128247365211037967e-01,5.205714533515424236e-01,5.097864946987437085e-01
-2.599206375259914895e-02,-3.764812691524140054e-02,3.781020134664636601e-01,2.622773863408421890e-01,2.755723424102161576e-02,-1.431756878543793410e-01,4.122799540396011042e-01,-4.257297592575635253e-02,-1.481848270788843625e-01,-8.881435913108728930e-02,3.376043038730345835e-01,-3.878950548602717596e-01,-5.973874438609150239e-01,-2.609658531598371689e-01,-5.318497316854345902e-01,-1.551014040404654071e-01,1.319830323825097462e-01,-4.505428017151918985e-01,-2.814179361590907757e-01,-2.881339171716309697e-02,-4.310293281011988720e-01,-3.502641552439708650e-02,-3.950729408929904984e-01,-1.837213093928297958e-01,-4.300920683352272844e-01,3.095531601430227542e-01,1.351258627318246142e-01,5.606330777270009287e-03,3.217500357881798445e-01,-2.041605306286546195e-03,1.000000000000000000e+00,-1.325906884378595108e-01,2.448519008269187947e-01,-1.333295902145432976e-01,3.445970896750465418e-01,-4.954720263196697727e-02,4.071147605232272593e-02,-2.016839346613339135e-01,-3.039934474883660975e-01
7.101548629699903081e-01,6.921429294663955512e-01,2.114561225259499189e-01,3.670073442316609813e-01,5.485060046929383093e-01,4.658794139648146926e-01,2.566528323911437259e-01,-5.115238973671465406e-01,7.217181814878519397e-01,7.532326677683035543e-01,5.087013916177836048e-01,5.392985534527110492e-01,1.975958090767930275e-01,6.835003498693945634e-01,4.849356888390445319e-01,7.690605034033306531e-01,5.989577736300686350e-01,6.254027736523055658e-01,5.996997725205381879e-01,2.812536481654889231e-01,4.820244065408444412e-01,2.897932578949722338e-01,7.033927759659788226e-01,4.667999933952057812e-01,6.679145480333908980e-01,3.985110844496138061e-01,7.279135876132872829e-01,5.335035674351312762e-01,2.415472070376605274e-01,6.784619245003202792e-01,-1.325906884378595108e-01,1.000000000000000000e+00,2.167911232925785400e-02,6.109845760502088385e-01,1.903478349754506860e-01,5.799006683050985655e-01,5.863446379940179254e-01,6.044699910054280867e-01,6.288162916482253895e-01
-9.101100066797192245e-02,-8.272341429483652531e-02,3.458770339718085229e-01,-1.536502516677332730e-01,1.359344787403173604e-01,1.048458566559322680e-01,1.467634218156008974e-01,-2.458590503434561203e-01,6.872204817120544651e-02,-1.435177981783851420e-02,2.759551695537234006e-01,-4.964738321254356240e-03,-4.248745024887342486e-02,1.593372379334651867e-01,-1.025699679308602619e-01,-1.676740347451870228e-02,2.136659413575926203e-01,-7.306431117395392749e-02,3.118512948305619814e-02,2.580635428394444791e-02,1.335719755258972241e-01,1.060080723997565977e-01,-3.659399199795397573e-02,2.033940222958965649e-01,-5.915306475912995160e-02,3.347069164775228201e-01,1.695125580517772290e-01,4.784578004348594149e-01,3.880906577122845702e-01,-2.643029651653642370e-02,2.448519008269187947e-01,2.167911232925785400e-02,1.000000000000000000e+00,2.260804393486674606e-03,3.623110509143063762e-01,6.927076039102279814e-02,2.671505849845806080e-01,-7.484686728874324901e-02,-2.618405754603577232e-02
5.041816677878718789e-01,4.616869376764898281e-01,3.988336049358982560e-01,3.982116081733534374e-01,7.720048530252819896e-01,2.273979992625545232e-01,2.548174658962442107e-01,-6.762056539092526908e-01,7.949351381104664549e-01,5.899776680542844209e-01,2.207827819466132713e-01,6.094142837748635078e-01,1.651670458180076184e-01,6.702460223890016611e-01,6.306072751393733133e-01,6.522898099338245714e-01,3.676968564351384416e-01,5.453798528059934370e-01,6.733052227515745614e-01,1.122330802941474831e-01,5.802135278634790172e-01,1.881398495340423638e-01,5.953461168935474390e-01,3.428000190069425690e-01,5.996948654363762898e-01,2.383784114052056591e-01,6.085091429990546752e-01,4.815258191536235799e-01,-1.820290058964264476e-02,5.127846247759894061e-01,-1.333295902145432976e-01,6.109845760502088385e-01,2.260804393486674606e-03,1.000000000000000000e+00,1.052997194136740117e-01,3.209287342361237250e-01,4.313549374389564206e-01,4.532854700407659143e-01,6.800162496929021971e-01
2.468674872223277361e-01,1.601350013092125435e-01,5.357563312482745976e-01,1.103808920584580383e-01,2.733409483911893312e-01,4.111431825114836847e-01,1.835498580761734388e-01,-3.700592819204673312e-01,1.577406940372052813e-01,1.357840840759581835e-01,4.849379042385361660e-01,-1.710353509176619213e-01,-2.123921336699794160e-01,2.683320053093377067e-01,-2.045922299793042909e-01,1.204772067260642537e-01,5.126800790276294650e-01,-3.815488960703170701e-02,-1.734967484597939660e-02,6.218675676850225938e-03,-6.695089511812941929e-02,1.629955152863222026e-02,1.079810998649474996e-01,2.140989786778635384e-01,4.030346250419670345e-02,6.358510393732096366e-01,3.516001599987205739e-01,4.262336329628142462e-01,5.867282559570949907e-01,1.985427881688684726e-01,3.445970896750465418e-01,1.903478349754506860e-01,3.623110509143063762e-01,1.052997194136740117e-01,1.000000000000000000e+00,2.633256694548971599e-01,5.711574816111846253e-01,2.271135006802909029e-01,-5.896942727078489932e-03
5.998128786034440107e-01,5.714540383267496804e-01,1.767356407205176172e-01,3.676715943942573395e-01,2.572536484740001184e-01,3.396847963685057925e-01,1.661236642751348358e-01,-3.549588570033671009e-01,5.066747943112125396e-01,6.389177768364235899e-01,4.434698143490997113e-01,3.772359165321834129e-01,1.804247357920157335e-01,4.864234179332238006e-01,3.172371447195180272e-01,6.069596777899953777e-01,5.204121103978467389e-01,5.249991079151082873e-01,4.617450730290093008e-01,2.972085421097049873e-01,3.302707430502590524e-01,3.240964661605051367e-01,5.577371986696388895e-01,5.153694223218223680e-01,5.162708264027927596e-01,3.582940106688322635e-01,5.157625865211777905e-01,3.948373036390341873e-01,2.594069075473706687e-01,6.185455427534553019e-01,-4.954720263196697727e-02,5.799006683050985655e-01,6.927076039102279814e-02,3.209287342361237250e-01,2.633256694548971599e-01,1.000000000000000000e+00,4.609336098748403887e-01,5.947579910458670183e-01,4.778995401605518056e-01
4.586285267313349734e-01,3.666362454128606618e-01,4.231307894381567403e-01,2.485402949838423081e-01,4.798223036308918443e-01,5.337474799884818211e-01,2.001956246003938067e-01,-5.230781336265989401e-01,5.278687519407271322e-01,4.938731375224651998e-01,5.369374666171955468e-01,2.825771364425105903e-01,7.269446142719895865e-02,5.985464766511481294e-01,2.606576217591644040e-01,4.764549686482998370e-01,6.356192335309480690e-01,3.275296965878486399e-01,3.997702099619647731e-01,2.563892691370769916e-01,3.103837207221109562e-01,2.768263176394749614e-01,5.345348387290825842e-01,4.621349930511119419e-01,4.922039192012331865e-01,5.623880779292614873e-01,5.434794629198713700e-01,5.904215661817777683e-01,4.621594407441624308e-01,4.128247365211037967e-01,4.071147605232272593e-02,5.863446379940179254e-01,2.671505849845806080e-01,4.313549374389564206e-01,5.711574816111846253e-01,4.609336098748403887e-01,1.000000000000000000e+00,5.169923511224381318e-01,4.058377034445771470e-01
5.183986947434710002e-01,4.376547555114476684e-01,2.309104367065067109e-01,2.831068279196253812e-01,3.374425683004589338e-01,3.187055670846972166e-01,-3.328232490931917753e-02,-5.074914841408361132e-01,6.119781790074434458e-01,5.702751031268015192e-01,3.629004721961095470e-01,5.102425980155447238e-01,2.365453975610085635e-01,6.117725730963756714e-01,5.001934762972523041e-01,5.782778176980633011e-01,5.211302429994009167e-01,6.048733372502671513e-01,5.825396261754983707e-01,2.263617656865730687e-01,4.453317662078766781e-01,3.213488729166450453e-01,6.303944763927457062e-01,5.800947232526378894e-01,6.054124033853602871e-01,3.428761722549299451e-01,4.988090860135877547e-01,4.344237547230742069e-01,8.449705220294945196e-02,5.205714533515424236e-01,-2.016839346613339135e-01,6.044699910054280867e-01,-7.484686728874324901e-02,4.532854700407659143e-01,2.271135006802909029e-01,5.947579910458670183e-01,5.169923511224381318e-01,1.000000000000000000e+00,6.548745629449932437e-01
4.519242814418155119e-01,4.030007033724590793e-01,1.532136790133433457e-01,3.458416277331578526e-01,4.969317414035124281e-01,1.530660276428662814e-01,8.457809277683289717e-02,-5.562673345180433326e-01,7.863694336958343412e-01,6.407528712958961981e-01,1.724677059318031058e-01,7.924514118802916673e-01,2.744374255501710325e-01,6.577634735974134950e-01,7.575458495315496865e-01,6.705587870169239517e-01,3.028726529928235656e-01,7.618899964642383837e-01,7.925136501761628205e-01,2.093423188576359062e-01,7.137985926318762830e-01,3.414159556703946774e-01,7.102230582559088123e-01,5.439898698165310797e-01,7.390031691003257075e-01,8.706203617947341766e-02,5.461620261229119810e-01,4.102820509486503342e-01,-1.557247760280326410e-01,5.097864946987437085e-01,-3.039934474883660975e-01,6.288162916482253895e-01,-2.618405754603577232e-02,6.800162496929021971e-01,-5.896942727078489932e-03,4.778995401605518056e-01,4.058377034445771470e-01,6.548745629449932437e-01,1.000000000000000000e+00
