1.000000000000000000e+00,7.189447003649842571e-01,6.452060736569210642e-01,7.660029898179249175e-02,5.923442909378522359e-01,-5.179638112181678827e-02,7.149149043735573972e-02,-4.777447999011633084e-01,7.716649445600944901e-01,7.779005881415591572e-01,2.891118703108764842e-01,6.363686074576508922e-01,1.175835014825943881e-01,5.294643593054545461e-01,4.683575637685043480e-01,7.094218737578353862e-01,1.605789885145287310e-01,5.220778348474020003e-01,2.520193458376578377e-01,-5.283921350332858313e-02,1.597207704704593223e-01,2.740333384256717353e-01,5.983314794517333723e-01,1.503642665457846916e-01,4.970797278120731577e-01,6.001414493413854689e-01,5.397159751266559224e-01,5.715878196344207351e-01,3.494689442921559697e-01,7.155483892252222367e-01,5.338239985203535598e-01,3.600774176002031202e-01,4.700013862639473294e-01,4.709358106839536262e-01,2.021445083881786842e-01,6.029607912486905086e-01,3.315338178682524783e-01,7.014175042493826506e-01,7.374759328417030968e-01
7.189447003649842571e-01,1.000000000000000000e+00,4.890617281332698685e-01,1.808459530197031317e-01,5.531260032048694875e-01,1.529066248307477671e-01,1.320944484194779556e-01,-4.124385539893962727e-01,6.712934753468043914e-01,7.567632081541124656e-01,4.775268564558859397e-01,4.601135192129282014e-01,2.570182095443377442e-03,6.871810463616584430e-01,3.431709216084426473e-01,6.029443751073942925e-01,3.440621933258860565e-01,4.414391647564257504e-01,2.239258059095328712e-01,1.876515656784650543e-01,2.689199503825285276e-01,3.285935786965152872e-01,4.991654686597309376e-01,3.759810029416197352e-01,4.482950995000477001e-01,6.642132871932120430e-01,6.857387151967968553e-01,6.395511770840086596e-01,5.258836544265487190e-01,4.878013282737694856e-01,4.851265428333558227e-01,5.804396056323961606e-01,4.798854429998233861e-01,3.093872018011074032e-01,3.115390470132516354e-01,6.227898923664515474e-01,4.650456369998114403e-01,6.584127405189166282e-01,7.730992668949869806e-01
6.452060736569210642e-01,4.890617281332698685e-01,1.000000000000000000e+00,3.004173228880739899e-01,6.978145979955558964e-01,7.319909647512301554e-02,3.422942055479250012e-01,-7.592097265037975884e-01,6.800157567908311496e-01,5.073724014309318742e-01,4.571592594259665798e-01,5.092374639202933428e-01,2.033252550261177294e-01,5.963925868658814800e-01,2.340759609437952082e-01,4.196436896296565355e-01,3.149254813818305188e-01,5.450544274182802518e-01,2.236655210783938252e-01,-5.902463378884568318e-02,4.022037544065743542e-01,3.909438136176621725e-01,4.752055202660801503e-01,3.073232475400413111e-01,2.780335433582723503e-01,6.327650740151605779e-01,6.295514491488100051e-01,7.333433165480766069e-01,3.512831680494224451e-01,5.161953699538920359e-01,7.750892754425043885e-01,4.206243391664782338e-01,6.842775791890989279e-01,4.509076582181331116e-01,3.879180883245870182e-01,4.661726040901520984e-01,5.099797338494016508e-01,5.636457196184443408e-01,5.237578281267293301e-01
7.660029898179249175e-02,1.808459530197031317e-01,3.004173228880739899e-01,1.000000000000000000e+00,3.096578702228560687e-01,5.476200440879567255e-01,4.965027491883547972e-01,-2.303604775664763460e-01,1.267555555024899583e-01,4.016612377081636015e-02,6.319800681443371593e-01,-7.993406251509795057e-02,1.085594654641929974e-01,4.229713815598506454e-01,-2.868560377523489691e-01,-1.718230626744816081e-01,5.834533376448234332e-01,4.021404195936206794e-01,2.688036128576126726e-01,4.430282392392276281e-01,6.279811685686188527e-01,5.843502374638172014e-01,-8.119016103608452106e-02,5.333655489109137005e-01,-2.535266994303260191e-01,3.584272159833676863e-01,4.225093120478686792e-01,4.567542997231425206e-01,5.547376632857761170e-01,-6.431860203832896750e-02,4.219033343487294530e-01,5.768894407985625250e-01,5.483694998336459125e-01,-2.511872319919019048e-01,5.830690188787197581e-01,-1.907014734659387076e-02,5.729689480084553255e-01,2.880802740057138503e-02,1.052674509853116919e-01
5.923442909378522359e-01,5.531260032048694875e-01,6.978145979955558964e-01,3.096578702228560687e-01,1.000000000000000000e+00,-2.409857331091874028e-03,4.220833359809948448e-01,-6.251292319068144643e-01,7.384138842170082651e-01,6.033435121182942895e-01,4.238773599296463135e-01,4.900487257193147927e-01,2.635287935752986949e-02,6.040852971367988156e-01,2.976918015262477457e-01,4.948359238148594685e-01,2.267024490288525596e-01,5.638594428648466828e-01,4.562838144972082288e-01,3.021763287867254566e-03,3.077208899520932350e-01,2.080079174082334614e-01,5.081797756393677812e-01,2.324806152454825248e-01,4.206873639599530978e-01,6.569901227031280655e-01,5.761522546786616017e-01,6.584479092930068944e-01,3.361356598727186507e-01,4.908893318909069992e-01,5.627752498728360031e-01,3.995356074600955321e-01,4.967060693446254671e-01,5.643709052191265840e-01,2.150586599069986005e-01,5.108978373260868455e-01,3.684207242638221080e-01,6.834964199480308977e-01,6.089164767582416760e-01
-5.179638112181678827e-02,1.529066248307477671e-01,7.319909647512301554e-02,5.476200440879567255e-01,-2.409857331091874028e-03,1.000000000000000000e+00,4.078974089556431926e-01,-1.395865549148606610e-01,-2.754826353620449392e-02,-1.090342586611205145e-01,6.830570004945053508e-01,-3.027783471152987738e-01,-8.490580758689186824e-02,3.865678361422945630e-01,-3.507074219415466931e-01,-3.308312173522261479e-01,8.318743162609808506e-01,1.214740395807740320e-01,1.556046593924169386e-01,5.270155248242525126e-01,6.183593920948311506e-01,6.010857922206578330e-01,-1.032811762657324800e-01,7.551153591095651763e-01,-2.784054628458192959e-01,3.127968812278054123e-01,3.942989912591711166e-01,3.593409995009176350e-01,6.771486258246741663e-01,-2.337000957635527176e-01,2.571868404779036887e-01,6.774136168995621432e-01,4.893804520803618496e-01,-3.954703193417095641e-01,6.738217855588939376e-01,-2.164243370584849335e-01,5.829244517423531891e-01,-1.239889223253100581e-01,-3.654911916690354451e-02
7.149149043735573972e-02,1.320944484194779556e-01,3.422942055479250012e-01,4.965027491883547972e-01,4.220833359809948448e-01,4.078974089556431926e-01,1.000000000000000000e+00,-5.365796713878090429e-01,1.810012049633078213e-01,2.820359304103887965e-02,4.249737924837929115e-01,-2.141613606106399226e-01,5.868981033287613835e-02,2.814104856908470342e-01,-8.024085941475653239e-02,-4.021672873733930786e-02,4.868621599087796792e-01,3.229746195553797605e-01,5.524866345096457465e-01,3.976199204577738344e-01,6.059564951614143657e-01,4.272156039721001775e-01,1.709144036003148459e-01,4.700275057726967520e-01,6.671714067164956352e-02,4.827385187452808979e-01,2.351615472139186591e-01,5.070512817320140808e-01,3.020202665294138833e-01,-6.777787453350624103e-02,1.998568796939081127e-01,3.611970364989989246e-01,3.615752990432228309e-01,2.191394393907167004e-01,2.235534452036598008e-01,-5.761301744220369975e-02,2.200087924833492581e-01,1.943926402893844940e-01,-5.192630234783884163e-02
-4.777447999011633084e-01,-4.124385539893962727e-01,-7.592097265037975884e-01,-2.303604775664763460e-01,-6.251292319068144643e-01,-1.395865549148606610e-01,-5.365796713878090429e-01,1.000000000000000000e+00,-4.948458112970008371e-01,-3.842878287324916209e-01,-3.600995313278569365e-01,-1.449600971049749554e-01,-5.039713128500519779e-02,-3.908631327785178633e-01,-1.449964373374807158e-01,-2.988366229989295464e-01,-3.915658171382901953e-01,-3.128430401685630691e-01,-3.615657251973261599e-01,-1.996342135053462419e-02,-4.448085577826266235e-01,-2.517553854199682251e-01,-4.346319491781547861e-01,-3.662242031259527741e-01,-3.070408611127063425e-01,-5.764702053480309507e-01,-4.327594468046187526e-01,-6.421147171768615269e-01,-2.218335905497463012e-01,-3.795748391940266253e-01,-4.653155137009963860e-01,-2.996098786303658112e-01,-4.419724752189252981e-01,-5.704983017828513248e-01,-1.723391352522794517e-01,-2.283433735991537150e-01,-2.375731160452441149e-01,-4.558104719776394642e-01,-3.143666633412716682e-01
7.716649445600944901e-01,6.712934753468043914e-01,6.800157567908311496e-01,1.267555555024899583e-01,7.384138842170082651e-01,-2.754826353620449392e-02,1.810012049633078213e-01,-4.948458112970008371e-01,1.000000000000000000e+00,7.997065801217223546e-01,3.845848917658846733e-01,7.073204979612521814e-01,1.271409912475577331e-01,6.637325734166120705e-01,5.585028347795902848e-01,7.137156811013991575e-01,1.807687686099789248e-01,6.834401271805931044e-01,3.673115394064175865e-01,5.427290565509264308e-02,2.476175146317486364e-01,2.857005729880304212e-01,6.821705087798634048e-01,2.129820770303861854e-01,6.167510179652715419e-01,7.225284729145912133e-01,6.232531146568814906e-01,6.833185119809573882e-01,3.950018666412548618e-01,6.657674105635064121e-01,5.395401081566014723e-01,4.543189529490235246e-01,5.381998497394702152e-01,5.542632230860137232e-01,2.409956348918126934e-01,6.725061971930841320e-01,3.922467999279053985e-01,8.277752223668566334e-01,8.057014874071621868e-01
7.779005881415591572e-01,7.567632081541124656e-01,5.073724014309318742e-01,4.016612377081636015e-02,6.033435121182942895e-01,-1.090342586611205145e-01,2.820359304103887965e-02,-3.842878287324916209e-01,7.997065801217223546e-01,1.000000000000000000e+00,2.274304136946363186e-01,6.980671038417310958e-01,1.177270600630578729e-01,5.433364984703612510e-01,6.368523286702436614e-01,8.439698081786962680e-01,7.955276712992000177e-02,6.080659851320899811e-01,3.823705970252235242e-01,1.245117874220003501e-01,1.606577108666923381e-01,2.314989874403807213e-01,6.689334205950019374e-01,1.571236925452774158e-01,6.857362513705455020e-01,6.169587119278785448e-01,4.900355018004245444e-01,5.746128758088840938e-01,3.134649920499810172e-01,7.218000140045874868e-01,3.321318359229007422e-01,3.691930247511538976e-01,3.788502613811761122e-01,5.638224631871094905e-01,5.289929705064388976e-02,7.267545127501117141e-01,2.167426683799693610e-01,7.513288070624686288e-01,8.116201179959520173e-01
2.891118703108764842e-01,4.775268564558859397e-01,4.571592594259665798e-01,6.319800681443371593e-01,4.238773599296463135e-01,6.830570004945053508e-01,4.249737924837929115e-01,-3.600995313278569365e-01,3.845848917658846733e-01,2.274304136946363186e-01,1.000000000000000000e+00,8.061891358644107664e-02,5.760451004680484932e-03,7.559166956426449646e-01,-8.471713497068773802e-02,-1.232787197017996828e-02,7.923386077229908064e-01,4.498559275855402717e-01,2.174042145185071662e-01,4.237977977996593704e-01,6.966557162606396014e-01,5.915528544272982137e-01,7.084121640861834601e-02,7.317474987547504250e-01,-9.210086703107435435e-02,6.395195955847261526e-01,7.093028769624606378e-01,6.995181158504268915e-01,8.052705373673656464e-01,-3.062133395483146534e-04,6.176581016365703114e-01,8.609773691629509784e-01,7.446936056263714354e-01,-1.642313748223468151e-01,7.549956840940130753e-01,1.407090491992903369e-01,8.110922589381444059e-01,3.326498243358964046e-01,3.933176185124695468e-01
6.363686074576508922e-01,4.601135192129282014e-01,5.092374639202933428e-01,-7.993406251509795057e-02,4.900487257193147927e-01,-3.027783471152987738e-01,-2.141613606106399226e-01,-1.449600971049749554e-01,7.073204979612521814e-01,6.980671038417310958e-01,8.061891358644107664e-02,1.000000000000000000e+00,2.523840475647173287e-01,4.161819699762808744e-01,6.417578572231060763e-01,6.859123800591632181e-01,-1.749742449506440090e-01,6.071771798104116380e-01,1.482595143685424277e-01,-1.081559460301181469e-01,-3.234455167883401594e-02,1.412643962071216952e-01,5.021997284249635207e-01,-1.383784769930075098e-01,4.908109732742529374e-01,3.378214901528960867e-01,3.809065066244051723e-01,3.863531895997319721e-01,1.374398355584091347e-01,6.527773594938877100e-01,4.267325582028927977e-01,1.786576986670757317e-01,3.489666269248398733e-01,4.682971970561898845e-01,4.377936315761008640e-02,7.269323703716816798e-01,2.027720176041016009e-01,6.148664425312476700e-01,7.413027925137163354e-01
1.175835014825943881e-01,2.570182095443377442e-03,2.033252550261177294e-01,1.085594654641929974e-01,2.635287935752986949e-02,-8.490580758689186824e-02,5.868981033287613835e-02,-5.039713128500519779e-02,1.271409912475577331e-01,1.177270600630578729e-01,5.760451004680484932e-03,2.523840475647173287e-01,1.000000000000000000e+00,-2.459864818993438493e-02,2.746392487934994353e-01,1.900527089138124015e-01,4.852463204617531167e-02,2.867273184433974942e-01,1.872042480744393611e-01,1.621076180081822971e-01,1.210607633411890788e-01,9.701617956388673691e-02,1.890753876247553700e-01,2.340195520994965694e-02,1.266873052468547034e-01,1.345842784990300064e-02,-6.808728623167339955e-02,1.615591532587046242e-01,4.932468513185411796e-02,1.700719495646778878e-01,9.585211254362795141e-02,5.260088240286301536e-02,1.089775104801027350e-01,1.467210996288695057e-01,7.909402623058223170e-02,1.461476698951687248e-01,3.825684651956081511e-02,1.115619777883549157e-01,4.065669823573980074e-02
5.294643593054545461e-01,6.871810463616584430e-01,5.963925868658814800e-01,4.229713815598506454e-01,6.040852971367988156e-01,3.865678361422945630e-01,2.814104856908470342e-01,-3.908631327785178633e-01,6.637325734166120705e-01,5.433364984703612510e-01,7.559166956426449646e-01,4.161819699762808744e-01,-2.459864818993438493e-02,1.000000000000000000e+00,2.023752794678015388e-01,3.519938361635084889e-01,5.494476408771543641e-01,5.808727287044880283e-01,2.122762728245242980e-01,2.844757787766644674e-01,5.045540978686100519e-01,4.998932777624615076e-01,3.342250820861682459e-01,5.936743294928976677e-01,2.053031780370408177e-01,7.739864553757915822e-01,8.080034481401486834e-01,7.697911428866635042e-01,7.413469746517403758e-01,2.547300973466850027e-01,6.899068970336363904e-01,7.994194006845924960e-01,7.367385086564131047e-01,9.043483068798691127e-02,6.410207537023007163e-01,4.939791528795566822e-01,7.784480011334586891e-01,5.979657553096856537e-01,6.600756891357191236e-01
4.683575637685043480e-01,3.431709216084426473e-01,2.340759609437952082e-01,-2.868560377523489691e-01,2.976918015262477457e-01,-3.507074219415466931e-01,-8.024085941475653239e-02,-1.449964373374807158e-01,5.585028347795902848e-01,6.368523286702436614e-01,-8.471713497068773802e-02,6.417578572231060763e-01,2.746392487934994353e-01,2.023752794678015388e-01,1.000000000000000000e+00,7.466628349160413514e-01,-2.212658675080516057e-01,5.625562015285168194e-01,4.529971209001806276e-01,1.937675527895794947e-01,7.070591594651443046e-02,4.407718026531205757e-02,4.661172147862010506e-01,-1.293747966719271669e-01,6.032478873783768680e-01,3.599231372850217325e-01,1.017709217494781708e-02,3.516885776428944621e-01,5.717980044931250672e-03,5.052376380929294308e-01,-5.564146876573371203e-02,8.163635015330522604e-02,1.272468343026808002e-01,6.285300272203259153e-01,-2.738032146638507136e-01,5.971783945688157180e-01,-1.486697183218756713e-01,6.702367912670250671e-01,5.363916129857869697e-01
7.094218737578353862e-01,6.029443751073942925e-01,4.196436896296565355e-01,-1.718230626744816081e-01,4.948359238148594685e-01,-3.308312173522261479e-01,-4.021672873733930786e-02,-2.988366229989295464e-01,7.137156811013991575e-01,8.439698081786962680e-01,-1.232787197017996828e-02,6.859123800591632181e-01,1.900527089138124015e-01,3.519938361635084889e-01,7.466628349160413514e-01,1.000000000000000000e+00,-1.465524933238751826e-01,5.408285476774588041e-01,3.783283688382968468e-01,3.421576812887801994e-02,3.649035952802475585e-02,7.866356255117286367e-02,6.862027558834191687e-01,-2.493534593546053307e-02,7.164869152098131133e-01,4.789002461504996977e-01,2.547481402048855648e-01,4.433256031620593229e-01,7.220087157499914532e-02,7.157358661293403701e-01,1.709389538512548767e-01,1.343952582523919304e-01,2.340406240432840457e-01,6.405862635907421110e-01,-1.776813544760992014e-01,7.185656084265628074e-01,-1.389471382895263651e-03,7.116021560769424381e-01,6.742837775386061328e-01
1.605789885145287310e-01,3.440621933258860565e-01,3.149254813818305188e-01,5.834533376448234332e-01,2.267024490288525596e-01,8.318743162609808506e-01,4.868621599087796792e-01,-3.915658171382901953e-01,1.807687686099789248e-01,7.955276712992000177e-02,7.923386077229908064e-01,-1.749742449506440090e-01,4.852463204617531167e-02,5.494476408771543641e-01,-2.212658675080516057e-01,-1.465524933238751826e-01,1.000000000000000000e+00,2.360980577914339462e-01,2.280788038222039127e-01,4.659374014677997722e-01,6.707923758089663346e-01,5.541585637914903106e-01,5.660184049722935540e-02,8.184038704124170227e-01,-1.525350776321150181e-01,5.111228277478241377e-01,5.427540439785828452e-01,5.640722285537052016e-01,7.698024842716210125e-01,-6.835031502844121643e-02,4.376340207165821394e-01,7.700643676773812896e-01,5.795316954481037897e-01,-1.999090945947402109e-01,7.329731498909493048e-01,-8.236325573718475401e-02,6.768923437929105225e-01,1.335657672622812819e-01,1.436874961750798096e-01
5.220778348474020003e-01,4.414391647564257504e-01,5.450544274182802518e-01,4.021404195936206794e-01,5.638594428648466828e-01,1.214740395807740320e-01,3.229746195553797605e-01,-3.128430401685630691e-01,6.834401271805931044e-01,6.080659851320899811e-01,4.498559275855402717e-01,6.071771798104116380e-01,2.867273184433974942e-01,5.808727287044880283e-01,5.625562015285168194e-01,5.408285476774588041e-01,2.360980577914339462e-01,1.000000000000000000e+00,6.155536754812734879e-01,3.859159018187355294e-01,5.012120469961655056e-01,5.258243587227602323e-01,4.438441397705419900e-01,2.923399818917788995e-01,3.693799615555896088e-01,6.526869246317325013e-01,4.470020120971470723e-01,6.773966038422443159e-01,4.413339346929932017e-01,4.103140114905844404e-01,4.060620844263699847e-01,5.393479936198539715e-01,6.261967050475925056e-01,3.249020300977785713e-01,2.735926643395227842e-01,5.295499292797027913e-01,4.011376661000212729e-01,6.115580136880467421e-01,5.793360705440270264e-01
2.520193458376578377e-01,2.239258059095328712e-01,2.236655210783938252e-01,2.688036128576126726e-01,4.562838144972082288e-01,1.556046593924169386e-01,5.524866345096457465e-01,-3.615657251973261599e-01,3.673115394064175865e-01,3.823705970252235242e-01,2.174042145185071662e-01,1.482595143685424277e-01,1.872042480744393611e-01,2.122762728245242980e-01,4.529971209001806276e-01,3.783283688382968468e-01,2.280788038222039127e-01,6.155536754812734879e-01,1.000000000000000000e+00,4.544875535262039024e-01,4.708006924821654393e-01,3.008869058926059714e-01,3.932036445576350125e-01,2.935811037944301982e-01,4.104143777469669296e-01,4.490727960579771749e-01,4.779044451440886410e-02,4.450273331540069988e-01,1.749252250642124862e-01,2.325118617553148248e-01,-6.070693397896452514e-02,2.809527915767864314e-01,2.711039736566482339e-01,4.470646158916055102e-01,-7.040428122980285641e-02,2.426073302695281042e-01,-2.446647312327390050e-02,3.948315924462804105e-01,1.817332760844904416e-01
-5.283921350332858313e-02,1.876515656784650543e-01,-5.902463378884568318e-02,4.430282392392276281e-01,3.021763287867254566e-03,5.270155248242525126e-01,3.976199204577738344e-01,-1.996342135053462419e-02,5.427290565509264308e-02,1.245117874220003501e-01,4.237977977996593704e-01,-1.081559460301181469e-01,1.621076180081822971e-01,2.844757787766644674e-01,1.937675527895794947e-01,3.421576812887801994e-02,4.659374014677997722e-01,3.859159018187355294e-01,4.544875535262039024e-01,1.000000000000000000e+00,6.302744567294650269e-01,6.001862725485220817e-01,-4.548090360114227099e-02,5.370524724789695892e-01,-3.411504831341375527e-02,3.286403478228956399e-01,1.506836948127888431e-01,4.217411494060288035e-01,4.807053732774932975e-01,-1.197439527934364145e-01,-5.796361025438118847e-02,5.579277428902646996e-01,3.476189282021495131e-01,-8.818978478359035256e-02,2.878254405024140428e-01,2.713351321445699529e-02,2.581398346956446099e-01,1.114055617071040838e-01,7.002590423455345991e-02
1.597207704704593223e-01,2.689199503825285276e-01,4.022037544065743542e-01,6.279811685686188527e-01,3.077208899520932350e-01,6.183593920948311506e-01,6.059564951614143657e-01,-4.448085577826266235e-01,2.476175146317486364e-01,1.606577108666923381e-01,6.966557162606396014e-01,-3.234455167883401594e-02,1.210607633411890788e-01,5.045540978686100519e-01,7.070591594651443046e-02,3.649035952802475585e-02,6.707923758089663346e-01,5.012120469961655056e-01,4.708006924821654393e-01,6.302744567294650269e-01,1.000000000000000000e+00,7.150842731937653296e-01,3.849110346647336561e-02,7.077384686919936385e-01,-8.967440200346182833e-02,5.466982672555070755e-01,4.003846106312653474e-01,7.039405150871175243e-01,5.760744743262148360e-01,-7.986174590846559576e-03,3.659623083981735636e-01,6.822676215376290987e-01,7.044841452691968930e-01,-2.202237017963750505e-04,4.877043244187609927e-01,7.663572742598069587e-02,5.227150259264976562e-01,2.421644616874752687e-01,1.630465604914425048e-01
2.740333384256717353e-01,3.285935786965152872e-01,3.909438136176621725e-01,5.843502374638172014e-01,2.080079174082334614e-01,6.010857922206578330e-01,4.272156039721001775e-01,-2.517553854199682251e-01,2.857005729880304212e-01,2.314989874403807213e-01,5.915528544272982137e-01,1.412643962071216952e-01,9.701617956388673691e-02,4.998932777624615076e-01,4.407718026531205757e-02,7.866356255117286367e-02,5.541585637914903106e-01,5.258243587227602323e-01,3.008869058926059714e-01,6.001862725485220817e-01,7.150842731937653296e-01,1.000000000000000000e+00,6.727423993490407039e-02,5.790874807881394304e-01,-9.632054519951223359e-02,4.892927028058451366e-01,4.947821999071719823e-01,6.020131903703236365e-01,5.935046513072730345e-01,9.442528290022776660e-02,4.474683346501955317e-01,6.718054277538519914e-01,7.467337433344267694e-01,-9.165182053657791594e-02,5.461418019793754519e-01,1.408561862355626193e-01,5.877981840637375166e-01,1.858684847497566739e-01,2.446644441555165528e-01
5.983314794517333723e-01,4.991654686597309376e-01,4.752055202660801503e-01,-8.119016103608452106e-02,5.081797756393677812e-01,-1.032811762657324800e-01,1.709144036003148459e-01,-4.346319491781547861e-01,6.821705087798634048e-01,6.689334205950019374e-01,7.084121640861834601e-02,5.021997284249635207e-01,1.890753876247553700e-01,3.342250820861682459e-01,4.661172147862010506e-01,6.862027558834191687e-01,5.660184049722935540e-02,4.438441397705419900e-01,3.932036445576350125e-01,-4.548090360114227099e-02,3.849110346647336561e-02,6.727423993490407039e-02,1.000000000000000000e+00,1.329902243875054346e-01,8.153069518139709482e-01,5.025901798229771567e-01,2.991572742471154123e-01,4.156292124839316982e-01,8.636511054606881010e-02,6.014751215829711173e-01,2.155214141670749595e-01,1.577152170828640676e-01,2.079922750966236578e-01,6.020680631808641436e-01,-6.270350603659932687e-02,5.597325183942325477e-01,4.643983840163028870e-02,6.014956544303036168e-01,4.875101616902139390e-01
1.503642665457846916e-01,3.759810029416197352e-01,3.073232475400413111e-01,5.333655489109137005e-01,2.324806152454825248e-01,7.551153591095651763e-01,4.700275057726967520e-01,-3.662242031259527741e-01,2.129820770303861854e-01,1.571236925452774158e-01,7.317474987547504250e-01,-1.383784769930075098e-01,2.340195520994965694e-02,5.936743294928976677e-01,-1.293747966719271669e-01,-2.493534593546053307e-02,8.184038704124170227e-01,2.923399818917788995e-01,2.935811037944301982e-01,5.370524724789695892e-01,7.077384686919936385e-01,5.790874807881394304e-01,1.329902243875054346e-01,1.000000000000000000e+00,-5.265815254550876984e-02,5.199352198376275824e-01,5.100858751083598985e-01,5.918477223277315291e-01,7.156650229091218174e-01,-3.372438489199767325e-02,3.681491125270817122e-01,7.558114502674522228e-01,6.069041982264817836e-01,-1.570930919897101652e-01,6.541218370199269883e-01,5.452494623901193299e-03,6.349406100401510100e-01,1.354884215561309446e-01,1.684736506208976414e-01
4.970797278120731577e-01,4.482950995000477001e-01,2.780335433582723503e-01,-2.535266994303260191e-01,4.206873639599530978e-01,-2.784054628458192959e-01,6.671714067164956352e-02,-3.070408611127063425e-01,6.167510179652715419e-01,6.857362513705455020e-01,-9.210086703107435435e-02,4.908109732742529374e-01,1.266873052468547034e-01,2.053031780370408177e-01,6.032478873783768680e-01,7.164869152098131133e-01,-1.525350776321150181e-01,3.693799615555896088e-01,4.104143777469669296e-01,-3.411504831341375527e-02,-8.967440200346182833e-02,-9.632054519951223359e-02,8.153069518139709482e-01,-5.265815254550876984e-02,1.000000000000000000e+00,3.918671609878940920e-01,1.342768424389391979e-01,2.754207782915183422e-01,-5.813765868775944146e-02,5.255550180273731442e-01,-3.688322740078287670e-02,1.894414765468975526e-02,-7.115629476969628775e-03,6.789015647785562324e-01,-2.937752338177758715e-01,5.709078171804656820e-01,-1.750800555363744848e-01,6.232076877847141372e-01,4.917542993596599188e-01
6.001414493413854689e-01,6.642132871932120430e-01,6.327650740151605779e-01,3.584272159833676863e-01,6.569901227031280655e-01,3.127968812278054123e-01,4.827385187452808979e-01,-5.764702053480309507e-01,7.225284729145912133e-01,6.169587119278785448e-01,6.395195955847261526e-01,3.378214901528960867e-01,1.345842784990300064e-02,7.739864553757915822e-01,3.599231372850217325e-01,4.789002461504996977e-01,5.111228277478241377e-01,6.526869246317325013e-01,4.490727960579771749e-01,3.286403478228956399e-01,5.466982672555070755e-01,4.892927028058451366e-01,5.025901798229771567e-01,5.199352198376275824e-01,3.918671609878940920e-01,1.000000000000000000e+00,6.918939419047202000e-01,8.095284908296983550e-01,6.040672629218543088e-01,3.122672720976685246e-01,5.287118814182807380e-01,6.965825106358370933e-01,6.477587118457696080e-01,3.410029157473298267e-01,4.227853064012635498e-01,4.492370125049185425e-01,5.524986222848347062e-01,7.324193411292235778e-01,5.925869278168451881e-01
5.397159751266559224e-01,6.857387151967968553e-01,6.295514491488100051e-01,4.225093120478686792e-01,5.761522546786616017e-01,3.942989912591711166e-01,2.351615472139186591e-01,-4.327594468046187526e-01,6.232531146568814906e-01,4.900355018004245444e-01,7.093028769624606378e-01,3.809065066244051723e-01,-6.808728623167339955e-02,8.080034481401486834e-01,1.017709217494781708e-02,2.547481402048855648e-01,5.427540439785828452e-01,4.470020120971470723e-01,4.779044451440886410e-02,1.506836948127888431e-01,4.003846106312653474e-01,4.947821999071719823e-01,2.991572742471154123e-01,5.100858751083598985e-01,1.342768424389391979e-01,6.918939419047202000e-01,1.000000000000000000e+00,6.809740168647806513e-01,6.836167851525974948e-01,2.823286918019088931e-01,7.862144583038577217e-01,7.290036264635711971e-01,6.784204687202989303e-01,4.723201130803619113e-02,6.668844058475960068e-01,4.301192449359289571e-01,7.708348893801928448e-01,4.869078739535250833e-01,6.529666775675896373e-01
5.715878196344207351e-01,6.395511770840086596e-01,7.333433165480766069e-01,4.567542997231425206e-01,6.584479092930068944e-01,3.593409995009176350e-01,5.070512817320140808e-01,-6.421147171768615269e-01,6.833185119809573882e-01,5.746128758088840938e-01,6.995181158504268915e-01,3.863531895997319721e-01,1.615591532587046242e-01,7.697911428866635042e-01,3.516885776428944621e-01,4.433256031620593229e-01,5.640722285537052016e-01,6.773966038422443159e-01,4.450273331540069988e-01,4.217411494060288035e-01,7.039405150871175243e-01,6.020131903703236365e-01,4.156292124839316982e-01,5.918477223277315291e-01,2.754207782915183422e-01,8.095284908296983550e-01,6.809740168647806513e-01,1.000000000000000000e+00,6.418009080752885565e-01,3.632514306502055978e-01,6.449511059743133767e-01,7.475673382591246918e-01,7.953390067322233525e-01,3.469045505685864894e-01,5.125104288519245488e-01,4.774716366276550716e-01,6.354913960761315872e-01,6.493759303980194408e-01,5.874764623049170131e-01
3.494689442921559697e-01,5.258836544265487190e-01,3.512831680494224451e-01,5.547376632857761170e-01,3.361356598727186507e-01,6.771486258246741663e-01,3.020202665294138833e-01,-2.218335905497463012e-01,3.950018666412548618e-01,3.134649920499810172e-01,8.052705373673656464e-01,1.374398355584091347e-01,4.932468513185411796e-02,7.413469746517403758e-01,5.717980044931250672e-03,7.220087157499914532e-02,7.698024842716210125e-01,4.413339346929932017e-01,1.749252250642124862e-01,4.807053732774932975e-01,5.760744743262148360e-01,5.935046513072730345e-01,8.636511054606881010e-02,7.156650229091218174e-01,-5.813765868775944146e-02,6.040672629218543088e-01,6.836167851525974948e-01,6.418009080752885565e-01,1.000000000000000000e+00,5.777153096258576953e-02,5.667742443675424235e-01,8.846549225192078536e-01,6.671505764073182299e-01,-1.986849553868802465e-01,8.199966311049166068e-01,1.885386122404186793e-01,8.174636013382695632e-01,3.436682932919320477e-01,4.326786556112562909e-01
7.155483892252222367e-01,4.878013282737694856e-01,5.161953699538920359e-01,-6.431860203832896750e-02,4.908893318909069992e-01,-2.337000957635527176e-01,-6.777787453350624103e-02,-3.795748391940266253e-01,6.657674105635064121e-01,7.218000140045874868e-01,-3.062133395483146534e-04,6.527773594938877100e-01,1.700719495646778878e-01,2.547300973466850027e-01,5.052376380929294308e-01,7.157358661293403701e-01,-6.835031502844121643e-02,4.103140114905844404e-01,2.325118617553148248e-01,-1.197439527934364145e-01,-7.986174590846559576e-03,9.442528290022776660e-02,6.014751215829711173e-01,-3.372438489199767325e-02,5.255550180273731442e-01,3.122672720976685246e-01,2.823286918019088931e-01,3.632514306502055978e-01,5.777153096258576953e-02,1.000000000000000000e+00,3.144958625130591656e-01,6.209777496142206143e-02,2.659643338753768238e-01,5.592780192541662032e-01,-5.417951918434906616e-02,6.085455814234043137e-01,3.943721180562768241e-02,5.311963307481516461e-01,6.322739377514476899e-01
5.338239985203535598e-01,4.851265428333558227e-01,7.750892754425043885e-01,4.219033343487294530e-01,5.627752498728360031e-01,2.571868404779036887e-01,1.998568796939081127e-01,-4.653155137009963860e-01,5.395401081566014723e-01,3.321318359229007422e-01,6.176581016365703114e-01,4.267325582028927977e-01,9.585211254362795141e-02,6.899068970336363904e-01,-5.564146876573371203e-02,1.709389538512548767e-01,4.376340207165821394e-01,4.060620844263699847e-01,-6.070693397896452514e-02,-5.796361025438118847e-02,3.659623083981735636e-01,4.474683346501955317e-01,2.155214141670749595e-01,3.681491125270817122e-01,-3.688322740078287670e-02,5.287118814182807380e-01,7.862144583038577217e-01,6.449511059743133767e-01,5.667742443675424235e-01,3.144958625130591656e-01,1.000000000000000000e+00,5.752176127700840969e-01,7.267989854553612572e-01,3.753658853318198735e-02,6.887216016976756006e-01,3.782645075594636697e-01,7.799204070439640368e-01,3.839624321955750763e-01,4.989863766786967192e-01
3.600774176002031202e-01,5.804396056323961606e-01,4.206243391664782338e-01,5.768894407985625250e-01,3.995356074600955321e-01,6.774136168995621432e-01,3.611970364989989246e-01,-2.996098786303658112e-01,4.543189529490235246e-01,3.691930247511538976e-01,8.609773691629509784e-01,1.786576986670757317e-01,5.260088240286301536e-02,7.994194006845924960e-01,8.163635015330522604e-02,1.343952582523919304e-01,7.700643676773812896e-01,5.393479936198539715e-01,2.809527915767864314e-01,5.579277428902646996e-01,6.822676215376290987e-01,6.718054277538519914e-01,1.577152170828640676e-01,7.558114502674522228e-01,1.894414765468975526e-02,6.965825106358370933e-01,7.290036264635711971e-01,7.475673382591246918e-01,8.846549225192078536e-01,6.209777496142206143e-02,5.752176127700840969e-01,1.000000000000000000e+00,7.499656355584261025e-01,-1.150402665963261850e-01,7.709888909325520734e-01,2.568801264501061055e-01,8.218215212753527954e-01,4.160490879275292042e-01,4.785822232079066096e-01
4.700013862639473294e-01,4.798854429998233861e-01,6.842775791890989279e-01,5.483694998336459125e-01,4.967060693446254671e-01,4.893804520803618496e-01,3.615752990432228309e-01,-4.419724752189252981e-01,5.381998497394702152e-01,3.788502613811761122e-01,7.446936056263714354e-01,3.489666269248398733e-01,1.089775104801027350e-01,7.367385086564131047e-01,1.272468343026808002e-01,2.340406240432840457e-01,5.795316954481037897e-01,6.261967050475925056e-01,2.711039736566482339e-01,3.476189282021495131e-01,7.044841452691968930e-01,7.467337433344267694e-01,2.079922750966236578e-01,6.069041982264817836e-01,-7.115629476969628775e-03,6.477587118457696080e-01,6.784204687202989303e-01,7.953390067322233525e-01,6.671505764073182299e-01,2.659643338753768238e-01,7.267989854553612572e-01,7.499656355584261025e-01,1.000000000000000000e+00,1.754685774849765525e-02,6.627567336019337674e-01,3.243048536472866172e-01,7.728505604175538446e-01,4.124231798413028338e-01,4.580767224779180302e-01
4.709358106839536262e-01,3.093872018011074032e-01,4.509076582181331116e-01,-2.511872319919019048e-01,5.643709052191265840e-01,-3.954703193417095641e-01,2.191394393907167004e-01,-5.704983017828513248e-01,5.542632230860137232e-01,5.638224631871094905e-01,-1.642313748223468151e-01,4.682971970561898845e-01,1.467210996288695057e-01,9.043483068798691127e-02,6.285300272203259153e-01,6.405862635907421110e-01,-1.999090945947402109e-01,3.249020300977785713e-01,4.470646158916055102e-01,-8.818978478359035256e-02,-2.202237017963750505e-04,-9.165182053657791594e-02,6.020680631808641436e-01,-1.570930919897101652e-01,6.789015647785562324e-01,3.410029157473298267e-01,4.723201130803619113e-02,3.469045505685864894e-01,-1.986849553868802465e-01,5.592780192541662032e-01,3.753658853318198735e-02,-1.150402665963261850e-01,1.754685774849765525e-02,1.000000000000000000e+00,-3.867900050460532091e-01,4.588433369763983416e-01,-2.750589009129424944e-01,5.944657555134629234e-01,4.039638855593903899e-01
2.021445083881786842e-01,3.115390470132516354e-01,3.879180883245870182e-01,5.830690188787197581e-01,2.150586599069986005e-01,6.738217855588939376e-01,2.235534452036598008e-01,-1.723391352522794517e-01,2.409956348918126934e-01,5.289929705064388976e-02,7.549956840940130753e-01,4.377936315761008640e-02,7.909402623058223170e-02,6.410207537023007163e-01,-2.738032146638507136e-01,-1.776813544760992014e-01,7.329731498909493048e-01,2.735926643395227842e-01,-7.040428122980285641e-02,2.878254405024140428e-01,4.877043244187609927e-01,5.461418019793754519e-01,-6.270350603659932687e-02,6.541218370199269883e-01,-2.937752338177758715e-01,4.227853064012635498e-01,6.668844058475960068e-01,5.125104288519245488e-01,8.199966311049166068e-01,-5.417951918434906616e-02,6.887216016976756006e-01,7.709888909325520734e-01,6.627567336019337674e-01,-3.867900050460532091e-01,1.000000000000000000e+00,3.346281178920485627e-02,8.850445337755774577e-01,1.078230480110890926e-01,2.402984034106497579e-01
6.029607912486905086e-01,6.227898923664515474e-01,4.661726040901520984e-01,-1.907014734659387076e-02,5.108978373260868455e-01,-2.164243370584849335e-01,-5.761301744220369975e-02,-2.283433735991537150e-01,6.725061971930841320e-01,7.267545127501117141e-01,1.407090491992903369e-01,7.269323703716816798e-01,1.461476698951687248e-01,4.939791528795566822e-01,5.971783945688157180e-01,7.185656084265628074e-01,-8.236325573718475401e-02,5.295499292797027913e-01,2.426073302695281042e-01,2.713351321445699529e-02,7.663572742598069587e-02,1.408561862355626193e-01,5.597325183942325477e-01,5.452494623901193299e-03,5.709078171804656820e-01,4.492370125049185425e-01,4.301192449359289571e-01,4.774716366276550716e-01,1.885386122404186793e-01,6.085455814234043137e-01,3.782645075594636697e-01,2.568801264501061055e-01,3.243048536472866172e-01,4.588433369763983416e-01,3.346281178920485627e-02,1.000000000000000000e+00,1.997521139902630471e-01,6.558093007025539434e-01,7.239753930227923462e-01
3.315338178682524783e-01,4.650456369998114403e-01,5.099797338494016508e-01,5.729689480084553255e-01,3.684207242638221080e-01,5.829244517423531891e-01,2.200087924833492581e-01,-2.375731160452441149e-01,3.922467999279053985e-01,2.167426683799693610e-01,8.110922589381444059e-01,2.027720176041016009e-01,3.825684651956081511e-02,7.784480011334586891e-01,-1.486697183218756713e-01,-1.389471382895263651e-03,6.768923437929105225e-01,4.011376661000212729e-01,-2.446647312327390050e-02,2.581398346956446099e-01,5.227150259264976562e-01,5.877981840637375166e-01,4.643983840163028870e-02,6.349406100401510100e-01,-1.750800555363744848e-01,5.524986222848347062e-01,7.708348893801928448e-01,6.354913960761315872e-01,8.174636013382695632e-01,3.943721180562768241e-02,7.799204070439640368e-01,8.218215212753527954e-01,7.728505604175538446e-01,-2.750589009129424944e-01,8.850445337755774577e-01,1.997521139902630471e-01,1.000000000000000000e+00,2.740278231762127703e-01,4.045903353313261008e-01
7.014175042493826506e-01,6.584127405189166282e-01,5.636457196184443408e-01,2.880802740057138503e-02,6.834964199480308977e-01,-1.239889223253100581e-01,1.943926402893844940e-01,-4.558104719776394642e-01,8.277752223668566334e-01,7.513288070624686288e-01,3.326498243358964046e-01,6.148664425312476700e-01,1.115619777883549157e-01,5.979657553096856537e-01,6.702367912670250671e-01,7.116021560769424381e-01,1.335657672622812819e-01,6.115580136880467421e-01,3.948315924462804105e-01,1.114055617071040838e-01,2.421644616874752687e-01,1.858684847497566739e-01,6.014956544303036168e-01,1.354884215561309446e-01,6.232076877847141372e-01,7.324193411292235778e-01,4.869078739535250833e-01,6.493759303980194408e-01,3.436682932919320477e-01,5.311963307481516461e-01,3.839624321955750763e-01,4.160490879275292042e-01,4.124231798413028338e-01,5.944657555134629234e-01,1.078230480110890926e-01,6.558093007025539434e-01,2.740278231762127703e-01,1.000000000000000000e+00,7.493878815759572598e-01
7.374759328417030968e-01,7.730992668949869806e-01,5.237578281267293301e-01,1.052674509853116919e-01,6.089164767582416760e-01,-3.654911916690354451e-02,-5.192630234783884163e-02,-3.143666633412716682e-01,8.057014874071621868e-01,8.116201179959520173e-01,3.933176185124695468e-01,7.413027925137163354e-01,4.065669823573980074e-02,6.600756891357191236e-01,5.363916129857869697e-01,6.742837775386061328e-01,1.436874961750798096e-01,5.793360705440270264e-01,1.817332760844904416e-01,7.002590423455345991e-02,1.630465604914425048e-01,2.446644441555165528e-01,4.875101616902139390e-01,1.684736506208976414e-01,4.917542993596599188e-01,5.925869278168451881e-01,6.529666775675896373e-01,5.874764623049170131e-01,4.326786556112562909e-01,6.322739377514476899e-01,4.989863766786967192e-01,4.785822232079066096e-01,4.580767224779180302e-01,4.039638855593903899e-01,2.402984034106497579e-01,7.239753930227923462e-01,4.045903353313261008e-01,7.493878815759572598e-01,1.000000000000000000e+00
