1.000000000000000000e+00,-2.466320071365559197e-01,2.007369166963165752e-01,-3.193458052438981065e-01,3.172918041019471280e-01,-3.515805245017450953e-01,3.741135817273729125e-01,-2.391479550634190432e-01,6.214667839342528088e-01,2.026379060670735130e-02,3.800317244196937394e-01,-3.691521087380921218e-01,-1.697426637584667497e-01,-1.327655894214985199e-01,4.632999233998549848e-01,1.331339341543732839e-02,-1.150563355251905430e-02,4.316456489227853965e-01,-3.522185969694051622e-01,8.883822310726806337e-02,-2.865678029174094088e-01,-2.713649789560388936e-01,-2.395422193255703491e-01,-2.941123049451505045e-01,6.413239449127360325e-01,5.933687551869361032e-01,-3.471350427350261003e-01,-9.345339117530035433e-02,7.029448028300250284e-01,7.732853491364897192e-01,-2.752896833365762741e-01,-3.468638198467492995e-01,-3.508222813919789629e-01,5.803956413744074672e-01,2.488643630293652376e-01,7.342337013414608482e-02,-3.616948239209900606e-01,5.464368199037220597e-01,-3.014188597320329177e-01
-2.466320071365559197e-01,1.000000000000000000e+00,1.506122639694220944e-01,7.064666297294962538e-01,3.300263952519390531e-01,9.164617369739183061e-01,-7.905150273291019491e-01,-7.760549711705240494e-02,1.050274538580102945e-01,8.166380895368063886e-01,-5.795552866453035357e-01,8.893993590094225743e-01,6.160641927239975946e-01,7.246155039193371561e-01,-9.124748056871327950e-01,6.890120558586830812e-01,7.724955682545713298e-01,-8.835511210644115820e-01,8.554131468011003658e-01,-1.754128576794650174e-02,7.709338655653029670e-01,7.578496160531454917e-01,9.215126280448997509e-01,7.500361574774674356e-01,-5.492876689386259059e-01,-8.593684476844611897e-01,9.197857895324009769e-01,1.366693716006378567e-01,-5.084185860677800095e-01,-4.549036153057479659e-01,5.973686781802671764e-01,9.222413885260970501e-01,9.053437109143676054e-01,-4.481015134585612514e-01,2.123923666819032829e-01,-2.597041111479960751e-01,9.168319765351112816e-01,-8.634121860747921984e-01,9.304942782171821136e-01
2.007369166963165752e-01,1.506122639694220944e-01,1.000000000000000000e+00,2.568970058168418835e-01,7.449736988625691447e-01,8.763485164286298479e-02,-4.024932856974388490e-02,-9.476941759813910515e-01,5.542046777740203822e-01,3.864863596542345014e-01,5.211026852318601660e-02,2.002046684761845663e-01,-1.276457573316115979e-01,4.783838851025917216e-01,-7.512110489503802391e-02,4.129876651823904954e-01,1.312026133296423924e-01,-1.264850273281827031e-01,2.595816146083226861e-01,-1.872998180951184755e-01,3.487691781340209740e-01,1.484850708084411164e-01,2.866300060181669052e-01,3.381651578019229110e-01,3.320973785132720901e-01,5.583442320882806009e-02,2.062901177171619083e-01,6.855645685849353077e-01,1.234989103664146798e-01,2.637041206353811229e-01,4.506869488482706521e-01,1.051249392436947455e-01,2.587485395084300199e-01,5.490248873411519570e-01,1.474856366462615198e-01,4.639316166268935837e-01,1.332760358799651434e-01,-8.151096921652899174e-02,2.050097074461017521e-01
-3.193458052438981065e-01,7.064666297294962538e-01,2.568970058168418835e-01,1.000000000000000000e+00,4.060225067017088629e-01,6.997902683298412585e-01,-4.941390489961825505e-01,-2.259316964533211181e-01,2.770286267253600082e-02,6.665691403769078427e-01,-4.324906749214775248e-01,7.221525868284760508e-01,5.372423370544679999e-01,5.871999736118309610e-01,-7.226531105327531623e-01,5.900848181100065704e-01,5.051754916740796020e-01,-6.456206659271008785e-01,6.998639945700795284e-01,6.040900977759345453e-02,6.221161019038831119e-01,6.187348495102815704e-01,6.928348085310881421e-01,5.509569148012922746e-01,-4.700550013256865056e-01,-6.842294733356983905e-01,7.328826385937128318e-01,2.106142335739659421e-01,-4.969661295083018793e-01,-3.222484236253965739e-01,4.710097992972649417e-01,7.175275617348056967e-01,7.130425443869979896e-01,-2.686451326697024689e-01,1.123760962299858029e-01,-1.392676480854302401e-01,7.160205393839530474e-01,-7.281184836911378522e-01,7.032849244190296778e-01
3.172918041019471280e-01,3.300263952519390531e-01,7.449736988625691447e-01,4.060225067017088629e-01,1.000000000000000000e+00,2.678435306709631147e-01,-1.337017049737388719e-01,-7.410887588417149896e-01,5.866113833257445842e-01,5.185421301541114358e-01,-1.657455646557563084e-02,3.311090417271028152e-01,1.313327736072862628e-01,5.401636120310577827e-01,-2.023158150096392160e-01,4.868433080163881432e-01,3.303224157823481666e-01,-2.082588198055181083e-01,3.473611675789725073e-01,-8.587095956444384948e-02,3.981439261372829441e-01,2.857102552161548403e-01,3.941369433225603847e-01,3.264143673074805796e-01,2.096624649134131713e-01,-6.254120824879139118e-02,3.417237511016987250e-01,5.482930841412758660e-01,1.171951242669321686e-01,2.839201146926005337e-01,3.736833682938482393e-01,2.852411988905284579e-01,3.564938086397304584e-01,5.226713103496111179e-01,1.969893434000140608e-01,2.382648639569839299e-01,2.891187201340884583e-01,-1.927349356771586586e-01,3.370050131190178155e-01
-3.515805245017450953e-01,9.164617369739183061e-01,8.763485164286298479e-02,6.997902683298412585e-01,2.678435306709631147e-01,1.000000000000000000e+00,-7.830863145308584183e-01,-1.450081167830833892e-02,-2.287189851279413169e-02,7.419712647406755401e-01,-6.520960529316408572e-01,8.680346078018505995e-01,6.648208877434432784e-01,7.215316902856027115e-01,-9.137913381326756568e-01,6.030567536648738791e-01,7.696581586665607322e-01,-8.619618606728367549e-01,8.602041319213719062e-01,-7.850100200971380643e-03,7.819302584508049936e-01,7.484526238782758245e-01,9.039566967505052730e-01,7.039930413931163589e-01,-6.472259094707879523e-01,-8.763067500759398332e-01,9.163279318354558001e-01,1.544411932060580639e-01,-5.272994718201122755e-01,-5.579123618983486965e-01,5.457927872030131633e-01,9.377761079562512148e-01,9.182362976341781335e-01,-5.184043101078031901e-01,3.131476765667485784e-01,-3.085820173646054987e-01,9.413914183904771305e-01,-8.832597039226646185e-01,9.117030023362953095e-01
3.741135817273729125e-01,-7.905150273291019491e-01,-4.024932856974388490e-02,-4.941390489961825505e-01,-1.337017049737388719e-01,-7.830863145308584183e-01,1.000000000000000000e+00,-5.016151331358319893e-02,-2.654176374582918954e-02,-6.131223367985686457e-01,6.202087236698088368e-01,-8.439704266593248683e-01,-5.617192402552535491e-01,-6.258780152071540259e-01,7.717417901460383867e-01,-5.038711938556245107e-01,-6.168891191234807669e-01,7.641244814189779300e-01,-7.814314152846359995e-01,1.688023287936183947e-01,-5.672363481388869033e-01,-6.093484616777755658e-01,-7.485281571432014225e-01,-5.825945777124518221e-01,5.705863620858598884e-01,7.876059208720843641e-01,-8.069354391332751453e-01,-8.909063087116934898e-02,5.690361496107109174e-01,5.582886463280677392e-01,-5.082179638728768767e-01,-7.984706037226758646e-01,-7.615327537636109589e-01,4.414981199682052049e-01,-6.604503877537781786e-02,1.876956516353266158e-01,-8.014661423037943155e-01,7.849544573405091707e-01,-8.121467424670910651e-01
-2.391479550634190432e-01,-7.760549711705240494e-02,-9.476941759813910515e-01,-2.259316964533211181e-01,-7.410887588417149896e-01,-1.450081167830833892e-02,-5.016151331358319893e-02,1.000000000000000000e+00,-5.631676558961582479e-01,-3.140609536050661954e-01,-1.301081538706431173e-01,-1.156032204790765627e-01,1.931053093700246803e-01,-3.960395169111796676e-01,7.788145266116338825e-03,-3.424741046241512876e-01,-6.073670337767755889e-02,5.880013617912037416e-02,-1.866535801083698820e-01,1.994693808438557925e-01,-2.882842080518744909e-01,-9.154349271770745311e-02,-2.087246706738499213e-01,-2.597586565166886685e-01,-3.797118608049743771e-01,-1.245056800746146414e-01,-1.295357059758330265e-01,-6.606406231598856982e-01,-1.535278157089585427e-01,-3.272567237018066955e-01,-4.206852318558960135e-01,-3.465682123413960092e-02,-1.729883023535540854e-01,-5.988795813843376115e-01,-9.957336197124866395e-02,-4.686638288975306099e-01,-4.922280438126753338e-02,1.503857734943692993e-02,-1.264493055536011490e-01
6.214667839342528088e-01,1.050274538580102945e-01,5.542046777740203822e-01,2.770286267253600082e-02,5.866113833257445842e-01,-2.287189851279413169e-02,-2.654176374582918954e-02,-5.631676558961582479e-01,1.000000000000000000e+00,3.691274188120332589e-01,2.028694991138412784e-01,9.928091954827016064e-02,-3.724856894452458628e-02,2.623648769504131617e-01,1.206318233340586132e-01,3.830870362753747149e-01,2.050227307304575142e-01,4.913781223932257164e-02,7.041931199805480379e-02,-1.021577038569571605e-01,9.884829215567579597e-02,1.026277265995375297e-02,1.550408506520609131e-01,7.504127922552898677e-02,5.366029896127538779e-01,2.484912680798739837e-01,7.176513013289208265e-02,1.553540705321478088e-01,3.729999007567976754e-01,6.068580012264178647e-01,1.244340028002358656e-01,3.389678278589026549e-03,3.402881382608363703e-02,6.350096325814910125e-01,1.389418817222490832e-01,2.686908083082833465e-01,-1.314501116313848868e-02,1.687609715231860597e-01,1.158309702562785454e-01
2.026379060670735130e-02,8.166380895368063886e-01,3.864863596542345014e-01,6.665691403769078427e-01,5.185421301541114358e-01,7.419712647406755401e-01,-6.131223367985686457e-01,-3.140609536050661954e-01,3.691274188120332589e-01,1.000000000000000000e+00,-5.188183136135803286e-01,7.409061131396360578e-01,5.342562908896014706e-01,7.635584294146393614e-01,-7.227548777126234780e-01,8.421424461435543796e-01,6.547949713329275223e-01,-6.643464503803230281e-01,7.679633203107650852e-01,9.660852586860223246e-02,7.168079577089564447e-01,6.581450579568945969e-01,8.234178530475686486e-01,6.969547899544774605e-01,-2.333033555441438589e-01,-6.228443685535755003e-01,7.802174551360320232e-01,1.825365025793253826e-01,-2.528371701896667267e-01,-1.314892098650992380e-01,4.510166715049820363e-01,7.371422134919705105e-01,7.939719910627522914e-01,-1.646774825458889036e-01,3.060496392705643331e-01,-1.182215801255779991e-01,7.640187803153771773e-01,-6.720518125864765047e-01,7.929067705992802750e-01
3.800317244196937394e-01,-5.795552866453035357e-01,5.211026852318601660e-02,-4.324906749214775248e-01,-1.657455646557563084e-02,-6.520960529316408572e-01,6.202087236698088368e-01,-1.301081538706431173e-01,2.028694991138412784e-01,-5.188183136135803286e-01,1.000000000000000000e+00,-5.916264429184658891e-01,-5.483043914210146141e-01,-4.743170294406631182e-01,6.420424369260627762e-01,-3.474747926512812279e-01,-4.197241426755345950e-01,5.256322133955042553e-01,-6.510430547338843521e-01,-1.104544457463422780e-01,-4.855210176338525807e-01,-4.917423862073839191e-01,-5.601910109413075212e-01,-4.435586221610437474e-01,5.845001520597327138e-01,6.444270038238759657e-01,-6.495244230382130057e-01,-1.221908810627474066e-03,5.309216094697967181e-01,5.170126393375834573e-01,-2.438200559141976143e-01,-6.295360559351362850e-01,-6.137761258226702710e-01,4.691310077213652341e-01,-1.865856616312826233e-01,2.248905682128159722e-01,-6.713697025853003764e-01,6.449749616140023623e-01,-6.346940713417810187e-01
-3.691521087380921218e-01,8.893993590094225743e-01,2.002046684761845663e-01,7.221525868284760508e-01,3.311090417271028152e-01,8.680346078018505995e-01,-8.439704266593248683e-01,-1.156032204790765627e-01,9.928091954827016064e-02,7.409061131396360578e-01,-5.916264429184658891e-01,1.000000000000000000e+00,6.447993186474068050e-01,7.288695939177286531e-01,-8.528730156388747430e-01,6.266339862737094757e-01,6.982188237647420914e-01,-8.475125992038242684e-01,8.704667984432243877e-01,-7.105512106605152423e-02,6.987165726028943258e-01,7.370359917035244068e-01,8.577169230752140772e-01,6.902416900319052750e-01,-5.991002637953258825e-01,-8.427285160717249424e-01,9.245732374503239370e-01,1.897408192104560742e-01,-6.218964090640902720e-01,-5.049851148303247106e-01,6.018707855744361845e-01,9.042116924153418278e-01,8.619305584815855070e-01,-3.607723999809241411e-01,1.080065654377660861e-01,-1.611150580229472051e-01,8.966688298021722181e-01,-8.576215297057140363e-01,9.271172882205390708e-01
-1.697426637584667497e-01,6.160641927239975946e-01,-1.276457573316115979e-01,5.372423370544679999e-01,1.313327736072862628e-01,6.648208877434432784e-01,-5.617192402552535491e-01,1.931053093700246803e-01,-3.724856894452458628e-02,5.342562908896014706e-01,-5.483043914210146141e-01,6.447993186474068050e-01,1.000000000000000000e+00,4.814241530062443597e-01,-5.670963094758534329e-01,3.894879837248126919e-01,6.548563093184104345e-01,-4.438691891788119070e-01,6.424450205703402528e-01,2.079537062538396319e-01,3.462572361275627619e-01,4.774476538292876104e-01,5.387100930577919389e-01,3.290089544787881404e-01,-5.846107198133171368e-01,-5.918039570271258487e-01,6.325195926836172378e-01,-1.690190588341422551e-01,-3.608374075245993629e-01,-3.686177947888144568e-01,-1.920895812571568606e-02,6.659787890457939952e-01,5.583842103424524472e-01,-4.082949516281766389e-01,3.038392412366672790e-01,-4.671159707236958170e-01,6.963003438395385380e-01,-5.632704782927693277e-01,6.484191400585285203e-01
-1.327655894214985199e-01,7.246155039193371561e-01,4.783838851025917216e-01,5.871999736118309610e-01,5.401636120310577827e-01,7.215316902856027115e-01,-6.258780152071540259e-01,-3.960395169111796676e-01,2.623648769504131617e-01,7.635584294146393614e-01,-4.743170294406631182e-01,7.288695939177286531e-01,4.814241530062443597e-01,1.000000000000000000e+00,-6.659424181820949862e-01,7.164374713854501087e-01,6.815155956347485056e-01,-6.558319617143881786e-01,7.349799210935650251e-01,-5.221847796713888906e-02,6.517644536810059952e-01,5.689607665614730969e-01,7.870073206226699813e-01,7.784018088008183289e-01,-3.047348945793028063e-01,-5.859672404449974836e-01,7.636118355210854691e-01,4.051949080525125146e-01,-2.708814121207352432e-01,-2.893410030559668833e-01,5.258009673643647686e-01,7.342302658374669777e-01,7.995724133306107984e-01,-1.069619975082100466e-01,3.755195353333444230e-01,2.883529698156260535e-02,7.692550030088728397e-01,-6.669231124720113035e-01,7.587757300778970038e-01
4.632999233998549848e-01,-9.124748056871327950e-01,-7.512110489503802391e-02,-7.226531105327531623e-01,-2.023158150096392160e-01,-9.137913381326756568e-01,7.717417901460383867e-01,7.788145266116338825e-03,1.206318233340586132e-01,-7.227548777126234780e-01,6.420424369260627762e-01,-8.528730156388747430e-01,-5.670963094758534329e-01,-6.659424181820949862e-01,1.000000000000000000e+00,-5.929384403956152738e-01,-6.711643168614516153e-01,9.074890002110607146e-01,-8.516723454145703753e-01,3.363604500685690030e-02,-7.724459024028208498e-01,-7.298779418080139081e-01,-8.865840259234774035e-01,-7.453615899858226923e-01,6.589990046281569702e-01,9.308221558457292488e-01,-8.999378685311434367e-01,-1.415015804924865117e-01,6.362349253941833593e-01,6.205403234485803443e-01,-6.093561899632451428e-01,-9.070025939248982372e-01,-9.021088639078624904e-01,5.944801818871873200e-01,-1.395870661362769716e-01,2.739265151787739216e-01,-9.021710725106035778e-01,9.360322653517220148e-01,-8.902602725684468643e-01
1.331339341543732839e-02,6.890120558586830812e-01,4.129876651823904954e-01,5.900848181100065704e-01,4.868433080163881432e-01,6.030567536648738791e-01,-5.038711938556245107e-01,-3.424741046241512876e-01,3.830870362753747149e-01,8.421424461435543796e-01,-3.474747926512812279e-01,6.266339862737094757e-01,3.894879837248126919e-01,7.164374713854501087e-01,-5.929384403956152738e-01,1.000000000000000000e+00,5.135540206056182777e-01,-5.506654086355713407e-01,6.350997733960884739e-01,1.763796393834219170e-02,6.438878699109110704e-01,5.314592246771566719e-01,7.228218304910709602e-01,6.519823628271584903e-01,-1.327457332137252644e-01,-5.104538022758476901e-01,6.385984100614582326e-01,2.172525638111998669e-01,-1.155233628381758804e-01,-4.225079893254680974e-02,4.215148262786820865e-01,5.864787985812972559e-01,7.110106608505747383e-01,-1.105755602801388876e-01,2.755112339358417595e-01,-7.754034900266156688e-03,6.436685548227839559e-01,-5.573609803953378794e-01,6.515211956624705758e-01
-1.150563355251905430e-02,7.724955682545713298e-01,1.312026133296423924e-01,5.051754916740796020e-01,3.303224157823481666e-01,7.696581586665607322e-01,-6.168891191234807669e-01,-6.073670337767755889e-02,2.050227307304575142e-01,6.547949713329275223e-01,-4.197241426755345950e-01,6.982188237647420914e-01,6.548563093184104345e-01,6.815155956347485056e-01,-6.711643168614516153e-01,5.135540206056182777e-01,1.000000000000000000e+00,-6.744472654897052388e-01,6.545870848716853763e-01,3.312028507223632734e-02,5.399984330905924779e-01,6.053192652272673113e-01,7.648351492457510226e-01,6.041652571222010382e-01,-3.663515529644301161e-01,-5.918231380736370673e-01,7.572754194695846541e-01,1.132405229167635363e-01,-2.297820330915301135e-01,-3.036427475047396296e-01,3.910363160841988650e-01,7.860686113936046215e-01,7.304017721255147144e-01,-2.750341657822062968e-01,4.376060193479563432e-01,-3.007490733611309919e-01,7.808327782756759872e-01,-6.075099392353257022e-01,7.621495742609631918e-01
4.316456489227853965e-01,-8.835511210644115820e-01,-1.264850273281827031e-01,-6.456206659271008785e-01,-2.082588198055181083e-01,-8.619618606728367549e-01,7.641244814189779300e-01,5.880013617912037416e-02,4.913781223932257164e-02,-6.643464503803230281e-01,5.256322133955042553e-01,-8.475125992038242684e-01,-4.438691891788119070e-01,-6.558319617143881786e-01,9.074890002110607146e-01,-5.506654086355713407e-01,-6.744472654897052388e-01,1.000000000000000000e+00,-7.630978260828091830e-01,8.496037408730211515e-02,-7.343053926011869903e-01,-7.259940176049270999e-01,-8.611630547333956054e-01,-7.487902397272996335e-01,5.939278210063473340e-01,8.732967179813310166e-01,-8.741411164035465253e-01,-2.467528258103812433e-01,6.114092860997488721e-01,6.046021143266504527e-01,-7.132822342208134936e-01,-8.754802221760764613e-01,-8.721257084288854822e-01,5.068318707472874163e-01,-1.173482020145580340e-01,1.751212572550351065e-01,-8.512096306759490139e-01,8.800337159221367500e-01,-8.686504537718936492e-01
-3.522185969694051622e-01,8.554131468011003658e-01,2.595816146083226861e-01,6.998639945700795284e-01,3.473611675789725073e-01,8.602041319213719062e-01,-7.814314152846359995e-01,-1.866535801083698820e-01,7.041931199805480379e-02,7.679633203107650852e-01,-6.510430547338843521e-01,8.704667984432243877e-01,6.424450205703402528e-01,7.349799210935650251e-01,-8.516723454145703753e-01,6.350997733960884739e-01,6.545870848716853763e-01,-7.630978260828091830e-01,1.000000000000000000e+00,-1.023644110752027353e-01,7.153299702460541587e-01,6.587379154326632458e-01,8.516739220183765502e-01,6.755388850448822424e-01,-5.615210085231954196e-01,-8.280158614180525012e-01,8.903026111678952192e-01,1.755800004970991535e-01,-5.787839048921811225e-01,-4.981944042977476395e-01,5.255899865040657426e-01,8.672039824737022284e-01,8.494368702651992065e-01,-3.744804978757660940e-01,1.661162328549114497e-01,-1.969936182397482582e-01,8.798613965886713517e-01,-8.405349929223552286e-01,8.956544571363855844e-01
8.883822310726806337e-02,-1.754128576794650174e-02,-1.872998180951184755e-01,6.040900977759345453e-02,-8.587095956444384948e-02,-7.850100200971380643e-03,1.688023287936183947e-01,1.994693808438557925e-01,-1.021577038569571605e-01,9.660852586860223246e-02,-1.104544457463422780e-01,-7.105512106605152423e-02,2.079537062538396319e-01,-5.221847796713888906e-02,3.363604500685690030e-02,1.763796393834219170e-02,3.312028507223632734e-02,8.496037408730211515e-02,-1.023644110752027353e-01,1.000000000000000000e+00,-6.343138602832026386e-03,2.824954463176703734e-01,-7.782985650844519154e-02,-2.760010844158901355e-02,-1.195230786992943772e-01,4.100350550785844539e-02,-3.319596945168444557e-02,-2.236215506712139478e-01,3.803002581422144923e-02,6.564366012074818180e-02,-2.177905285976565186e-01,-2.110779647266216447e-02,-2.849520932167233164e-02,-9.159294571307846633e-02,2.566149428068587035e-01,-2.676261741012122553e-01,1.005112963663976414e-02,3.113787311495067392e-02,-3.963015469372561939e-02
-2.865678029174094088e-01,7.709338655653029670e-01,3.487691781340209740e-01,6.221161019038831119e-01,3.981439261372829441e-01,7.819302584508049936e-01,-5.672363481388869033e-01,-2.882842080518744909e-01,9.884829215567579597e-02,7.168079577089564447e-01,-4.855210176338525807e-01,6.987165726028943258e-01,3.462572361275627619e-01,6.517644536810059952e-01,-7.724459024028208498e-01,6.438878699109110704e-01,5.399984330905924779e-01,-7.343053926011869903e-01,7.153299702460541587e-01,-6.343138602832026386e-03,1.000000000000000000e+00,7.002527655458272715e-01,8.126259824115980024e-01,6.895044682034999761e-01,-4.023858664606382862e-01,-7.032700425744450312e-01,7.467543263440384882e-01,3.733770004397615749e-01,-3.416028517788415875e-01,-3.538740006847928554e-01,6.442792201149986075e-01,7.386322050659436256e-01,8.296263065173222762e-01,-2.775177999953981622e-01,2.901473040247034008e-01,9.586372605021733356e-03,7.621720430428147175e-01,-7.346075389799874289e-01,7.535087771932099665e-01
-2.713649789560388936e-01,7.578496160531454917e-01,1.484850708084411164e-01,6.187348495102815704e-01,2.857102552161548403e-01,7.484526238782758245e-01,-6.093484616777755658e-01,-9.154349271770745311e-02,1.026277265995375297e-02,6.581450579568945969e-01,-4.917423862073839191e-01,7.370359917035244068e-01,4.774476538292876104e-01,5.689607665614730969e-01,-7.298779418080139081e-01,5.314592246771566719e-01,6.053192652272673113e-01,-7.259940176049270999e-01,6.587379154326632458e-01,2.824954463176703734e-01,7.002527655458272715e-01,1.000000000000000000e+00,7.210018782007303617e-01,6.028622702060097982e-01,-5.344818063656053830e-01,-6.984193439563330941e-01,7.750655910663650783e-01,2.111199205772823773e-01,-5.065976028119892893e-01,-3.927786693091128156e-01,5.875020118497292776e-01,7.638888942215362743e-01,7.559315799240461375e-01,-3.100719161760228659e-01,1.817880804370044789e-01,-2.174176146775491647e-01,7.580982487000638148e-01,-7.281600476340598371e-01,7.539613309058212920e-01
-2.395422193255703491e-01,9.215126280448997509e-01,2.866300060181669052e-01,6.928348085310881421e-01,3.941369433225603847e-01,9.039566967505052730e-01,-7.485281571432014225e-01,-2.087246706738499213e-01,1.550408506520609131e-01,8.234178530475686486e-01,-5.601910109413075212e-01,8.577169230752140772e-01,5.387100930577919389e-01,7.870073206226699813e-01,-8.865840259234774035e-01,7.228218304910709602e-01,7.648351492457510226e-01,-8.611630547333956054e-01,8.516739220183765502e-01,-7.782985650844519154e-02,8.126259824115980024e-01,7.210018782007303617e-01,1.000000000000000000e+00,8.184603859087136168e-01,-4.398991361355462093e-01,-8.137219130209750739e-01,8.953313323116722788e-01,2.461942886019964361e-01,-4.319375857820793030e-01,-4.148769993098651021e-01,6.369324277156510616e-01,8.926811271788405167e-01,9.270121616994704272e-01,-3.803909845012226620e-01,3.025924905872097170e-01,-1.487467376872798897e-01,9.003831993428803582e-01,-8.447789566639140046e-01,9.051820762693376654e-01
-2.941123049451505045e-01,7.500361574774674356e-01,3.381651578019229110e-01,5.509569148012922746e-01,3.264143673074805796e-01,7.039930413931163589e-01,-5.825945777124518221e-01,-2.597586565166886685e-01,7.504127922552898677e-02,6.969547899544774605e-01,-4.435586221610437474e-01,6.902416900319052750e-01,3.290089544787881404e-01,7.784018088008183289e-01,-7.453615899858226923e-01,6.519823628271584903e-01,6.041652571222010382e-01,-7.487902397272996335e-01,6.755388850448822424e-01,-2.760010844158901355e-02,6.895044682034999761e-01,6.028622702060097982e-01,8.184603859087136168e-01,1.000000000000000000e+00,-3.291943785774514297e-01,-6.844984494259138685e-01,7.201590646902151782e-01,3.430992061534741677e-01,-3.443868037438257979e-01,-4.189070863916879439e-01,6.083272130793707655e-01,7.021654247686947015e-01,8.020568436054461570e-01,-3.171059310498159367e-01,2.478829948568364028e-01,1.002147384494353130e-02,7.312748776002330198e-01,-7.186021325358197265e-01,7.286773240286533726e-01
6.413239449127360325e-01,-5.492876689386259059e-01,3.320973785132720901e-01,-4.700550013256865056e-01,2.096624649134131713e-01,-6.472259094707879523e-01,5.705863620858598884e-01,-3.797118608049743771e-01,5.366029896127538779e-01,-2.333033555441438589e-01,5.845001520597327138e-01,-5.991002637953258825e-01,-5.846107198133171368e-01,-3.047348945793028063e-01,6.589990046281569702e-01,-1.327457332137252644e-01,-3.663515529644301161e-01,5.939278210063473340e-01,-5.615210085231954196e-01,-1.195230786992943772e-01,-4.023858664606382862e-01,-5.344818063656053830e-01,-4.398991361355462093e-01,-3.291943785774514297e-01,1.000000000000000000e+00,7.544973893723085911e-01,-6.102059335420955133e-01,6.437354228321783001e-02,7.115725516836297615e-01,7.653197356211887126e-01,-2.720868798156370061e-01,-6.603596975267909119e-01,-5.554605550683265891e-01,6.951708434165257966e-01,-2.096149202304999765e-02,4.214945511471822059e-01,-6.615304185533478210e-01,6.958522732077006001e-01,-5.826993668269858651e-01
5.933687551869361032e-01,-8.593684476844611897e-01,5.583442320882806009e-02,-6.842294733356983905e-01,-6.254120824879139118e-02,-8.763067500759398332e-01,7.876059208720843641e-01,-1.245056800746146414e-01,2.484912680798739837e-01,-6.228443685535755003e-01,6.444270038238759657e-01,-8.427285160717249424e-01,-5.918039570271258487e-01,-5.859672404449974836e-01,9.308221558457292488e-01,-5.104538022758476901e-01,-5.918231380736370673e-01,8.732967179813310166e-01,-8.280158614180525012e-01,4.100350550785844539e-02,-7.032700425744450312e-01,-6.984193439563330941e-01,-8.137219130209750739e-01,-6.844984494259138685e-01,7.544973893723085911e-01,1.000000000000000000e+00,-8.571630992100021107e-01,-6.169704145764746267e-02,7.218733070968466059e-01,7.130109859919300241e-01,-5.427257904395843546e-01,-8.769667589326529678e-01,-8.468623924817787474e-01,6.694201525801464214e-01,-4.596004052272547463e-02,2.923484716626710278e-01,-8.742153154221736777e-01,9.297021149743401880e-01,-8.518496927428770293e-01
-3.471350427350261003e-01,9.197857895324009769e-01,2.062901177171619083e-01,7.328826385937128318e-01,3.417237511016987250e-01,9.163279318354558001e-01,-8.069354391332751453e-01,-1.295357059758330265e-01,7.176513013289208265e-02,7.802174551360320232e-01,-6.495244230382130057e-01,9.245732374503239370e-01,6.325195926836172378e-01,7.636118355210854691e-01,-8.999378685311434367e-01,6.385984100614582326e-01,7.572754194695846541e-01,-8.741411164035465253e-01,8.903026111678952192e-01,-3.319596945168444557e-02,7.467543263440384882e-01,7.750655910663650783e-01,8.953313323116722788e-01,7.201590646902151782e-01,-6.102059335420955133e-01,-8.571630992100021107e-01,1.000000000000000000e+00,2.172494270777629854e-01,-6.128757528758989048e-01,-5.101333638754853572e-01,6.332481229424216096e-01,9.434498178205695806e-01,9.020465479854343771e-01,-3.962790335372008976e-01,1.777891203830201661e-01,-2.061828618779150413e-01,9.328633679141974389e-01,-8.870404625318989433e-01,9.439316253069099938e-01
-9.345339117530035433e-02,1.366693716006378567e-01,6.855645685849353077e-01,2.106142335739659421e-01,5.482930841412758660e-01,1.544411932060580639e-01,-8.909063087116934898e-02,-6.606406231598856982e-01,1.553540705321478088e-01,1.825365025793253826e-01,-1.221908810627474066e-03,1.897408192104560742e-01,-1.690190588341422551e-01,4.051949080525125146e-01,-1.415015804924865117e-01,2.172525638111998669e-01,1.132405229167635363e-01,-2.467528258103812433e-01,1.755800004970991535e-01,-2.236215506712139478e-01,3.733770004397615749e-01,2.111199205772823773e-01,2.461942886019964361e-01,3.430992061534741677e-01,6.437354228321783001e-02,-6.169704145764746267e-02,2.172494270777629854e-01,1.000000000000000000e+00,-9.300589451636835300e-03,-8.472056228389736321e-02,5.790985141420815774e-01,1.578486163648422091e-01,2.949559331707083953e-01,3.599797938085553817e-01,6.160187285106775990e-02,4.573613518523483856e-01,1.793764052003057885e-01,-1.787638258971900040e-01,1.738043493525454897e-01
7.029448028300250284e-01,-5.084185860677800095e-01,1.234989103664146798e-01,-4.969661295083018793e-01,1.171951242669321686e-01,-5.272994718201122755e-01,5.690361496107109174e-01,-1.535278157089585427e-01,3.729999007567976754e-01,-2.528371701896667267e-01,5.309216094697967181e-01,-6.218964090640902720e-01,-3.608374075245993629e-01,-2.708814121207352432e-01,6.362349253941833593e-01,-1.155233628381758804e-01,-2.297820330915301135e-01,6.114092860997488721e-01,-5.787839048921811225e-01,3.803002581422144923e-02,-3.416028517788415875e-01,-5.065976028119892893e-01,-4.319375857820793030e-01,-3.443868037438257979e-01,7.115725516836297615e-01,7.218733070968466059e-01,-6.128757528758989048e-01,-9.300589451636835300e-03,1.000000000000000000e+00,6.421901821012944156e-01,-4.619914794593652507e-01,-6.077387527120478028e-01,-4.644970519128034936e-01,4.838705735486727444e-01,3.933896734435654019e-01,1.430971729995557384e-01,-5.526339400566059323e-01,7.087182959216055123e-01,-5.750060939295922324e-01
7.732853491364897192e-01,-4.549036153057479659e-01,2.637041206353811229e-01,-3.222484236253965739e-01,2.839201146926005337e-01,-5.579123618983486965e-01,5.582886463280677392e-01,-3.272567237018066955e-01,6.068580012264178647e-01,-1.314892098650992380e-01,5.170126393375834573e-01,-5.049851148303247106e-01,-3.686177947888144568e-01,-2.893410030559668833e-01,6.205403234485803443e-01,-4.225079893254680974e-02,-3.036427475047396296e-01,6.046021143266504527e-01,-4.981944042977476395e-01,6.564366012074818180e-02,-3.538740006847928554e-01,-3.927786693091128156e-01,-4.148769993098651021e-01,-4.189070863916879439e-01,7.653197356211887126e-01,7.130109859919300241e-01,-5.101333638754853572e-01,-8.472056228389736321e-02,6.421901821012944156e-01,1.000000000000000000e+00,-3.085702674254636180e-01,-5.366783361593479018e-01,-5.271936317104918279e-01,7.081282325602792360e-01,2.624470345053453793e-02,2.895377519527340682e-01,-5.548736473648174794e-01,6.588314905364525131e-01,-4.817938322090578041e-01
-2.752896833365762741e-01,5.973686781802671764e-01,4.506869488482706521e-01,4.710097992972649417e-01,3.736833682938482393e-01,5.457927872030131633e-01,-5.082179638728768767e-01,-4.206852318558960135e-01,1.244340028002358656e-01,4.510166715049820363e-01,-2.438200559141976143e-01,6.018707855744361845e-01,-1.920895812571568606e-02,5.258009673643647686e-01,-6.093561899632451428e-01,4.215148262786820865e-01,3.910363160841988650e-01,-7.132822342208134936e-01,5.255899865040657426e-01,-2.177905285976565186e-01,6.442792201149986075e-01,5.875020118497292776e-01,6.369324277156510616e-01,6.083272130793707655e-01,-2.720868798156370061e-01,-5.427257904395843546e-01,6.332481229424216096e-01,5.790985141420815774e-01,-4.619914794593652507e-01,-3.085702674254636180e-01,1.000000000000000000e+00,5.975308246822231828e-01,6.307418882129856019e-01,-6.067101583961004296e-02,-5.731691221511596435e-02,2.616601572102679740e-01,5.502199576816563242e-01,-6.146154566564501209e-01,6.022629339757544775e-01
-3.468638198467492995e-01,9.222413885260970501e-01,1.051249392436947455e-01,7.175275617348056967e-01,2.852411988905284579e-01,9.377761079562512148e-01,-7.984706037226758646e-01,-3.465682123413960092e-02,3.389678278589026549e-03,7.371422134919705105e-01,-6.295360559351362850e-01,9.042116924153418278e-01,6.659787890457939952e-01,7.342302658374669777e-01,-9.070025939248982372e-01,5.864787985812972559e-01,7.860686113936046215e-01,-8.754802221760764613e-01,8.672039824737022284e-01,-2.110779647266216447e-02,7.386322050659436256e-01,7.638888942215362743e-01,8.926811271788405167e-01,7.021654247686947015e-01,-6.603596975267909119e-01,-8.769667589326529678e-01,9.434498178205695806e-01,1.578486163648422091e-01,-6.077387527120478028e-01,-5.366783361593479018e-01,5.975308246822231828e-01,1.000000000000000000e+00,8.958523100006239304e-01,-4.640132345024087779e-01,2.184396419157212110e-01,-2.613919013644352973e-01,9.441119042032429798e-01,-8.911336485676680796e-01,9.340904983713934628e-01
-3.508222813919789629e-01,9.053437109143676054e-01,2.587485395084300199e-01,7.130425443869979896e-01,3.564938086397304584e-01,9.182362976341781335e-01,-7.615327537636109589e-01,-1.729883023535540854e-01,3.402881382608363703e-02,7.939719910627522914e-01,-6.137761258226702710e-01,8.619305584815855070e-01,5.583842103424524472e-01,7.995724133306107984e-01,-9.021088639078624904e-01,7.110106608505747383e-01,7.304017721255147144e-01,-8.721257084288854822e-01,8.494368702651992065e-01,-2.849520932167233164e-02,8.296263065173222762e-01,7.559315799240461375e-01,9.270121616994704272e-01,8.020568436054461570e-01,-5.554605550683265891e-01,-8.468623924817787474e-01,9.020465479854343771e-01,2.949559331707083953e-01,-4.644970519128034936e-01,-5.271936317104918279e-01,6.307418882129856019e-01,8.958523100006239304e-01,1.000000000000000000e+00,-4.439718233757229959e-01,3.416419816715160485e-01,-1.840537990175035443e-01,9.227062381443760231e-01,-8.781606901110610153e-01,8.960315085186901785e-01
5.803956413744074672e-01,-4.481015134585612514e-01,5.490248873411519570e-01,-2.686451326697024689e-01,5.226713103496111179e-01,-5.184043101078031901e-01,4.414981199682052049e-01,-5.988795813843376115e-01,6.350096325814910125e-01,-1.646774825458889036e-01,4.691310077213652341e-01,-3.607723999809241411e-01,-4.082949516281766389e-01,-1.069619975082100466e-01,5.944801818871873200e-01,-1.105755602801388876e-01,-2.750341657822062968e-01,5.068318707472874163e-01,-3.744804978757660940e-01,-9.159294571307846633e-02,-2.775177999953981622e-01,-3.100719161760228659e-01,-3.803909845012226620e-01,-3.171059310498159367e-01,6.951708434165257966e-01,6.694201525801464214e-01,-3.962790335372008976e-01,3.599797938085553817e-01,4.838705735486727444e-01,7.081282325602792360e-01,-6.067101583961004296e-02,-4.640132345024087779e-01,-4.439718233757229959e-01,1.000000000000000000e+00,-1.072741757581041067e-01,5.304290375626556919e-01,-4.850278890976225110e-01,5.672760718997220675e-01,-3.924217296966487356e-01
2.488643630293652376e-01,2.123923666819032829e-01,1.474856366462615198e-01,1.123760962299858029e-01,1.969893434000140608e-01,3.131476765667485784e-01,-6.604503877537781786e-02,-9.957336197124866395e-02,1.389418817222490832e-01,3.060496392705643331e-01,-1.865856616312826233e-01,1.080065654377660861e-01,3.038392412366672790e-01,3.755195353333444230e-01,-1.395870661362769716e-01,2.755112339358417595e-01,4.376060193479563432e-01,-1.173482020145580340e-01,1.661162328549114497e-01,2.566149428068587035e-01,2.901473040247034008e-01,1.817880804370044789e-01,3.025924905872097170e-01,2.478829948568364028e-01,-2.096149202304999765e-02,-4.596004052272547463e-02,1.777891203830201661e-01,6.160187285106775990e-02,3.933896734435654019e-01,2.624470345053453793e-02,-5.731691221511596435e-02,2.184396419157212110e-01,3.416419816715160485e-01,-1.072741757581041067e-01,1.000000000000000000e+00,-1.487816884851862476e-01,3.028918766174817367e-01,-5.932254150162553918e-02,2.064014660714232063e-01
7.342337013414608482e-02,-2.597041111479960751e-01,4.639316166268935837e-01,-1.392676480854302401e-01,2.382648639569839299e-01,-3.085820173646054987e-01,1.876956516353266158e-01,-4.686638288975306099e-01,2.686908083082833465e-01,-1.182215801255779991e-01,2.248905682128159722e-01,-1.611150580229472051e-01,-4.671159707236958170e-01,2.883529698156260535e-02,2.739265151787739216e-01,-7.754034900266156688e-03,-3.007490733611309919e-01,1.751212572550351065e-01,-1.969936182397482582e-01,-2.676261741012122553e-01,9.586372605021733356e-03,-2.174176146775491647e-01,-1.487467376872798897e-01,1.002147384494353130e-02,4.214945511471822059e-01,2.923484716626710278e-01,-2.061828618779150413e-01,4.573613518523483856e-01,1.430971729995557384e-01,2.895377519527340682e-01,2.616601572102679740e-01,-2.613919013644352973e-01,-1.840537990175035443e-01,5.304290375626556919e-01,-1.487816884851862476e-01,1.000000000000000000e+00,-2.657132090159710636e-01,2.391487184457820325e-01,-1.925732785242003919e-01
-3.616948239209900606e-01,9.168319765351112816e-01,1.332760358799651434e-01,7.160205393839530474e-01,2.891187201340884583e-01,9.413914183904771305e-01,-8.014661423037943155e-01,-4.922280438126753338e-02,-1.314501116313848868e-02,7.640187803153771773e-01,-6.713697025853003764e-01,8.966688298021722181e-01,6.963003438395385380e-01,7.692550030088728397e-01,-9.021710725106035778e-01,6.436685548227839559e-01,7.808327782756759872e-01,-8.512096306759490139e-01,8.798613965886713517e-01,1.005112963663976414e-02,7.621720430428147175e-01,7.580982487000638148e-01,9.003831993428803582e-01,7.312748776002330198e-01,-6.615304185533478210e-01,-8.742153154221736777e-01,9.328633679141974389e-01,1.793764052003057885e-01,-5.526339400566059323e-01,-5.548736473648174794e-01,5.502199576816563242e-01,9.441119042032429798e-01,9.227062381443760231e-01,-4.850278890976225110e-01,3.028918766174817367e-01,-2.657132090159710636e-01,1.000000000000000000e+00,-8.840922032561779886e-01,9.295723033445973948e-01
5.464368199037220597e-01,-8.634121860747921984e-01,-8.151096921652899174e-02,-7.281184836911378522e-01,-1.927349356771586586e-01,-8.832597039226646185e-01,7.849544573405091707e-01,1.503857734943692993e-02,1.687609715231860597e-01,-6.720518125864765047e-01,6.449749616140023623e-01,-8.576215297057140363e-01,-5.632704782927693277e-01,-6.669231124720113035e-01,9.360322653517220148e-01,-5.573609803953378794e-01,-6.075099392353257022e-01,8.800337159221367500e-01,-8.405349929223552286e-01,3.113787311495067392e-02,-7.346075389799874289e-01,-7.281600476340598371e-01,-8.447789566639140046e-01,-7.186021325358197265e-01,6.958522732077006001e-01,9.297021149743401880e-01,-8.870404625318989433e-01,-1.787638258971900040e-01,7.087182959216055123e-01,6.588314905364525131e-01,-6.146154566564501209e-01,-8.911336485676680796e-01,-8.781606901110610153e-01,5.672760718997220675e-01,-5.932254150162553918e-02,2.391487184457820325e-01,-8.840922032561779886e-01,1.000000000000000000e+00,-8.583962627340612217e-01
-3.014188597320329177e-01,9.304942782171821136e-01,2.050097074461017521e-01,7.032849244190296778e-01,3.370050131190178155e-01,9.117030023362953095e-01,-8.121467424670910651e-01,-1.264493055536011490e-01,1.158309702562785454e-01,7.929067705992802750e-01,-6.346940713417810187e-01,9.271172882205390708e-01,6.484191400585285203e-01,7.587757300778970038e-01,-8.902602725684468643e-01,6.515211956624705758e-01,7.621495742609631918e-01,-8.686504537718936492e-01,8.956544571363855844e-01,-3.963015469372561939e-02,7.535087771932099665e-01,7.539613309058212920e-01,9.051820762693376654e-01,7.286773240286533726e-01,-5.826993668269858651e-01,-8.518496927428770293e-01,9.439316253069099938e-01,1.738043493525454897e-01,-5.750060939295922324e-01,-4.817938322090578041e-01,6.022629339757544775e-01,9.340904983713934628e-01,8.960315085186901785e-01,-3.924217296966487356e-01,2.064014660714232063e-01,-1.925732785242003919e-01,9.295723033445973948e-01,-8.583962627340612217e-01,1.000000000000000000e+00
