1.000000000000000000e+00,8.948431151472057143e-01,4.856259996346017904e-01,4.856575368425099237e-02,5.989377972173728359e-01,3.502206678690687469e-01,5.561574350616779183e-01,-5.577644644283895614e-01,8.713353777711495551e-01,8.518823189527403583e-01,3.579642206516105429e-01,5.741671632244195189e-01,-3.756632715347005824e-01,7.290240522721149752e-01,5.462225887484031261e-01,8.369010421673668265e-01,6.479458229816349446e-01,5.668240717932516715e-01,5.205012679252098984e-01,3.753195122912822423e-01,3.918672866998711979e-01,4.891756819186451888e-01,6.704614399408784786e-01,3.979979961186528303e-01,7.485435894859758799e-01,8.366371550982980576e-01,7.481497267865322431e-01,6.785107902717505413e-01,6.673335973691959522e-01,8.531855869567214201e-01,6.293067836169319307e-01,6.660390875932469257e-01,5.709452336343207035e-01,7.170341747513717667e-01,2.198516830510100772e-01,5.228863348703725045e-01,-1.341412895824189641e-02,8.678567111755450814e-01,8.317860556994426391e-01
8.948431151472057143e-01,1.000000000000000000e+00,4.280978408975574800e-01,7.594990218703265815e-03,4.970974677711058609e-01,3.757027732633020922e-01,3.926543023181220948e-01,-5.007428444428682068e-01,8.278971263695970029e-01,7.831531437210647040e-01,4.428330049506346011e-01,4.418586235252406347e-01,-2.608231709863723657e-01,6.532206303315903906e-01,3.996503739577959013e-01,7.717199819973670216e-01,6.098497388554456888e-01,4.169162111292250561e-01,3.599270817995167127e-01,2.234628110591352079e-01,3.178167585710989784e-01,3.365416523357001033e-01,7.113220173192187357e-01,4.122015057987807318e-01,7.531484988309449236e-01,7.493970771136773124e-01,7.195493112930857471e-01,6.121375633076594491e-01,5.666420663325882900e-01,8.294906585522756615e-01,6.493635611727072154e-01,6.541066964883562873e-01,4.430558445443518734e-01,6.079303413080257013e-01,2.238471388480954283e-01,4.570153705137265376e-01,1.100619801690636834e-01,7.879019242205375084e-01,8.056869484083909461e-01
4.856259996346017904e-01,4.280978408975574800e-01,1.000000000000000000e+00,-1.176724604782947159e-01,7.034828721612277347e-01,6.045115269263368757e-02,4.344259445142786835e-01,-8.763776686509577862e-01,5.358115163436953932e-01,5.472292036515379321e-01,8.544199434451367481e-02,4.601586410781924319e-01,-3.362015901532776352e-02,6.250361782938737010e-01,5.017157697447727216e-01,5.493060961814540955e-01,3.099436230941525205e-01,3.752544647394058797e-01,4.564134652384524427e-01,7.798843513911975223e-02,7.439965053105811188e-02,3.382629509777315135e-01,5.804066823244405926e-01,2.732048192550948773e-01,5.720674094091924289e-01,6.370450546356740684e-01,5.910557322906720978e-01,8.418666868171041928e-01,2.855863281909739593e-01,5.896486356871161183e-01,7.293409844530267527e-01,2.060612488194470404e-01,6.186622771855998515e-01,7.246945313825547963e-01,1.936868722378790875e-01,6.424552154860692088e-01,-2.983446839082973950e-02,5.493868191273649781e-01,5.569500413760857249e-01
4.856575368425099237e-02,7.594990218703265815e-03,-1.176724604782947159e-01,1.000000000000000000e+00,1.151494849961295641e-01,1.186137329757931680e-02,2.704339105488989259e-01,1.159274595666632823e-01,2.976514456733465527e-02,1.216769056194462045e-01,-6.386099344153388369e-02,1.608894886638345956e-01,-7.962591327971720034e-02,6.455000538873120752e-02,7.082654344745083208e-02,4.334550620544226629e-02,8.638681705952390433e-02,4.224301150796128668e-01,2.763193279376854883e-01,3.958949295803747548e-01,2.223712417353838622e-01,2.884824284702875996e-01,-1.715469274145954848e-01,-9.026358303668405303e-02,-1.448942628873255978e-01,-9.219775272973474919e-03,-1.425642679745858510e-01,-7.769618696835695060e-02,2.237031128715607498e-01,4.831069823560432686e-02,-1.227603415314092866e-01,1.373210614060487444e-01,8.741013938207868594e-02,2.557648615615663867e-02,3.139363801843243068e-02,-1.454004492578988596e-02,-9.927430613117621538e-02,-5.613098441358175227e-03,-2.472286815314693464e-02
5.989377972173728359e-01,4.970974677711058609e-01,7.034828721612277347e-01,1.151494849961295641e-01,1.000000000000000000e+00,1.997339926951929301e-01,6.828587769168262822e-01,-7.874058467658433536e-01,6.515603543887672489e-01,6.787376223655553487e-01,2.327483698005355650e-01,5.304088512423549284e-01,-4.249497255946150798e-01,7.537105777657931993e-01,5.035991687286059948e-01,6.595497975258662882e-01,5.432854660192915075e-01,5.969074504221751898e-01,7.443122750861390635e-01,2.464608028090382041e-01,3.489770051847018717e-01,3.873481529143464885e-01,5.515588605591058569e-01,3.352660159105123605e-01,6.036554213356347676e-01,6.539664451726756589e-01,4.860110495294530097e-01,7.663146624445473787e-01,5.424673428483346438e-01,6.535369159532615768e-01,5.799921205405892399e-01,4.165027297273753981e-01,6.014748022505919112e-01,8.418325110207263151e-01,1.886395346404795836e-01,5.962198386131343231e-01,-1.183455105185923784e-01,6.123428606676990515e-01,5.670857801114648211e-01
3.502206678690687469e-01,3.757027732633020922e-01,6.045115269263368757e-02,1.186137329757931680e-02,1.997339926951929301e-01,1.000000000000000000e+00,4.065155288055911642e-01,-2.874988925540474249e-01,3.109343559676389090e-01,2.685614290229549339e-01,7.929349909507854566e-01,-1.818067869330606268e-01,-2.951111252678203511e-01,4.505192305754773807e-01,-6.595590509676783897e-02,1.991904310250957044e-01,7.626105011586815641e-01,1.321039837278245310e-01,2.198389991972321544e-01,1.537284778491518067e-01,6.380002842060341628e-01,2.175990583856463600e-01,3.971421417507143836e-01,7.827209006591376861e-01,3.968584258366564810e-01,3.223975450601696546e-01,2.704032595849916176e-01,3.099395316542383760e-01,5.767394519769033501e-01,2.667440172219324168e-01,3.126962569911440615e-01,7.325850484215526981e-01,3.902214934159290993e-01,1.077277489672076316e-01,7.454294708586464147e-01,1.598137702387499304e-01,5.094103977703126063e-01,2.315963490607547415e-01,1.136252768828412835e-01
5.561574350616779183e-01,3.926543023181220948e-01,4.344259445142786835e-01,2.704339105488989259e-01,6.828587769168262822e-01,4.065155288055911642e-01,1.000000000000000000e+00,-6.017912872363041510e-01,5.546414341747807342e-01,6.358058354391515898e-01,2.416059690591254028e-01,5.084206529719702550e-01,-7.107670751251803365e-01,7.085012925922451466e-01,5.866397520157261569e-01,5.836036244370249593e-01,7.095819208619940088e-01,7.370179309612933105e-01,8.109101412358310501e-01,6.192285547479757790e-01,7.136799964539670693e-01,6.717784128320345438e-01,3.628049721448672327e-01,3.996881346420536607e-01,4.568427449493107639e-01,6.079128371414981302e-01,3.213057449516855679e-01,6.350581296855674074e-01,7.886915275689777571e-01,4.834068816067490504e-01,3.181160433801454857e-01,6.076911848508519398e-01,7.470460725167941129e-01,6.928745554106346960e-01,3.308444742308944142e-01,4.575416218723503126e-01,-2.143468585629741130e-01,5.971417694598994963e-01,3.945309030519831284e-01
-5.577644644283895614e-01,-5.007428444428682068e-01,-8.763776686509577862e-01,1.159274595666632823e-01,-7.874058467658433536e-01,-2.874988925540474249e-01,-6.017912872363041510e-01,1.000000000000000000e+00,-6.116859909784898575e-01,-6.088254996411155417e-01,-3.127229187371498020e-01,-3.964309751709100826e-01,2.777874717626461765e-01,-7.469296674108750755e-01,-4.408233746667681308e-01,-6.081971618052207651e-01,-5.527161130225421992e-01,-4.007967963222539565e-01,-5.462900833206408846e-01,-1.067911378617542317e-01,-3.440975994087960288e-01,-3.443110471663511363e-01,-6.412713480412662870e-01,-4.772047106095280156e-01,-6.409521928513325362e-01,-6.634868931818403981e-01,-5.638563095951473203e-01,-8.730684748339935242e-01,-4.676972548312688938e-01,-6.180453729569210797e-01,-7.346600231624484945e-01,-4.003199567014705251e-01,-6.534473821500259572e-01,-7.794279784806620315e-01,-3.339836036151161425e-01,-6.142339320049925444e-01,-3.235898567387458791e-02,-5.897062620471439365e-01,-5.496422400378563333e-01
8.713353777711495551e-01,8.278971263695970029e-01,5.358115163436953932e-01,2.976514456733465527e-02,6.515603543887672489e-01,3.109343559676389090e-01,5.546414341747807342e-01,-6.116859909784898575e-01,1.000000000000000000e+00,8.508512439185045295e-01,3.057328605452273029e-01,6.010198765676076915e-01,-3.848559170924427120e-01,7.390689990126885212e-01,5.824792017230282504e-01,8.289342441442685283e-01,6.098917412514135439e-01,5.944004465093207790e-01,5.285489269013335933e-01,3.470198670096691362e-01,3.428370586492979211e-01,4.138414255253789475e-01,7.162084389908014437e-01,3.550422864580205506e-01,7.693080104226022176e-01,8.333608618225464282e-01,7.465822773021820735e-01,7.193225962705919185e-01,6.262542516179530061e-01,8.758750343544707828e-01,6.344105234348665912e-01,6.290021498240827569e-01,5.594893929399895605e-01,7.764601180816885773e-01,2.175156402895898899e-01,5.464738932897822421e-01,-4.462810825567865153e-02,8.705136441825892524e-01,8.517158034267306999e-01
8.518823189527403583e-01,7.831531437210647040e-01,5.472292036515379321e-01,1.216769056194462045e-01,6.787376223655553487e-01,2.685614290229549339e-01,6.358058354391515898e-01,-6.088254996411155417e-01,8.508512439185045295e-01,1.000000000000000000e+00,2.053653785580764057e-01,7.372204737767253935e-01,-4.617055281336193140e-01,7.576759503000395357e-01,6.933395262862827035e-01,8.943454123990730587e-01,6.093549559275727168e-01,7.116368394101935113e-01,6.561191099684356987e-01,4.953415203838416048e-01,4.380159045385613736e-01,6.064728070626761447e-01,6.435898993196861317e-01,2.972733644389771723e-01,7.493404666416791926e-01,7.870817622743346842e-01,6.829324112554924220e-01,6.877530595110643574e-01,7.027412236364884990e-01,8.471944920253073885e-01,5.791207008059768846e-01,6.231227128909903046e-01,6.735857246763097272e-01,7.986977190263422344e-01,1.307318119627721431e-01,6.316825799134183628e-01,-1.669472274676859491e-01,8.302235949494949363e-01,8.388130435284146813e-01
3.579642206516105429e-01,4.428330049506346011e-01,8.544199434451367481e-02,-6.386099344153388369e-02,2.327483698005355650e-01,7.929349909507854566e-01,2.416059690591254028e-01,-3.127229187371498020e-01,3.057328605452273029e-01,2.053653785580764057e-01,1.000000000000000000e+00,-2.772009235554462325e-01,-1.471272010604269265e-01,4.105501626618237587e-01,-2.551680053481030774e-01,1.452788489812606720e-01,6.963601785123892940e-01,-6.004955353137993862e-02,8.887152131025004287e-02,-1.065321169853757355e-01,4.980845204419047656e-01,-5.217267631374242209e-02,3.835655864617965594e-01,7.663600843926944295e-01,3.783334649076798284e-01,2.557755163356622563e-01,3.137338095740951904e-01,2.881979356193486441e-01,3.818356531660147546e-01,2.789957394567557647e-01,4.144153543094813430e-01,6.260909232778273381e-01,1.617011084098338713e-01,8.486535278435959617e-02,6.267495498045383417e-01,5.362765446018948751e-02,5.833360514895002957e-01,1.866963238436867012e-01,1.649415099503451776e-01
5.741671632244195189e-01,4.418586235252406347e-01,4.601586410781924319e-01,1.608894886638345956e-01,5.304088512423549284e-01,-1.818067869330606268e-01,5.084206529719702550e-01,-3.964309751709100826e-01,6.010198765676076915e-01,7.372204737767253935e-01,-2.772009235554462325e-01,1.000000000000000000e+00,-4.041161424550689385e-01,5.304129789130238581e-01,8.733435630876088540e-01,7.224452404684650331e-01,2.424974515403816866e-01,7.644166959471200284e-01,6.395918253769153905e-01,5.934223567085803452e-01,2.011445715466891049e-01,6.312512120524089720e-01,2.866384104283365986e-01,-1.407707978304776897e-01,4.105049162121351958e-01,5.555909840222273965e-01,4.555881932345878793e-01,4.897880533511242418e-01,4.892651523481438836e-01,5.935114495690105851e-01,3.053283872930505627e-01,2.828740296198843374e-01,5.877492405332577219e-01,7.324239946617291386e-01,-2.449354628833338710e-01,6.051336003304309541e-01,-5.140057408979837872e-01,6.770413984655158091e-01,7.033833527938088137e-01
-3.756632715347005824e-01,-2.608231709863723657e-01,-3.362015901532776352e-02,-7.962591327971720034e-02,-4.249497255946150798e-01,-2.951111252678203511e-01,-7.107670751251803365e-01,2.777874717626461765e-01,-3.848559170924427120e-01,-4.617055281336193140e-01,-1.471272010604269265e-01,-4.041161424550689385e-01,1.000000000000000000e+00,-4.908359163920653079e-01,-4.334603378332654855e-01,-4.482669488571560112e-01,-5.799081556789396075e-01,-5.303560647087749436e-01,-6.074339099167652689e-01,-4.813596493289094558e-01,-6.846955550559221670e-01,-4.442692381417037151e-01,-1.767445488049705637e-01,-2.447596769097533376e-01,-2.745295113219917149e-01,-3.131774177571606810e-01,-6.161639501232253624e-02,-2.670526343038023276e-01,-6.726450583078020795e-01,-2.600153030443261848e-01,-2.403524494409232937e-02,-4.899511250469706369e-01,-4.523573397948949526e-01,-4.885847303270430819e-01,-1.203621829637206153e-01,-2.066288662938108867e-01,3.303372099305845744e-01,-4.182719625975220290e-01,-2.468046324762342703e-01
7.290240522721149752e-01,6.532206303315903906e-01,6.250361782938737010e-01,6.455000538873120752e-02,7.537105777657931993e-01,4.505192305754773807e-01,7.085012925922451466e-01,-7.469296674108750755e-01,7.390689990126885212e-01,7.576759503000395357e-01,4.105501626618237587e-01,5.304129789130238581e-01,-4.908359163920653079e-01,1.000000000000000000e+00,5.621974441835067005e-01,7.361348636790504552e-01,7.511525865904978838e-01,6.267847047593032572e-01,6.981731232905680207e-01,4.028640339405880066e-01,5.411392379319465151e-01,4.999334444521718601e-01,6.324830162617069984e-01,5.556900319323201387e-01,6.817784073317123550e-01,7.302279519903903671e-01,5.923141531030955420e-01,7.641564483356976245e-01,7.403594363809724577e-01,7.066185721251529994e-01,6.256627441478694873e-01,6.912091247253452364e-01,7.417603299052427657e-01,7.600474087202746531e-01,4.107904800097992859e-01,6.234482443923109463e-01,5.616065846762408054e-02,7.176320842594210436e-01,6.259703117464529010e-01
5.462225887484031261e-01,3.996503739577959013e-01,5.017157697447727216e-01,7.082654344745083208e-02,5.035991687286059948e-01,-6.595590509676783897e-02,5.866397520157261569e-01,-4.408233746667681308e-01,5.824792017230282504e-01,6.933395262862827035e-01,-2.551680053481030774e-01,8.733435630876088540e-01,-4.334603378332654855e-01,5.621974441835067005e-01,1.000000000000000000e+00,6.705214054848889216e-01,3.063746135940881854e-01,7.573556594123640462e-01,6.655257430809493613e-01,6.624631617803908856e-01,2.509839979003026800e-01,6.818934340083774304e-01,3.129509603211958479e-01,-2.203543129745141882e-02,4.235515123806894988e-01,6.141144424402990021e-01,4.241282133165619750e-01,5.575712043085376823e-01,5.620420372282330934e-01,5.228423745116241861e-01,2.523307463908104342e-01,3.208648706965015474e-01,7.130267069475419994e-01,7.062261865138946826e-01,-8.063504862257332706e-02,6.207306447402728411e-01,-5.076580324681347900e-01,7.211785956770311312e-01,6.309496672462140410e-01
8.369010421673668265e-01,7.717199819973670216e-01,5.493060961814540955e-01,4.334550620544226629e-02,6.595497975258662882e-01,1.991904310250957044e-01,5.836036244370249593e-01,-6.081971618052207651e-01,8.289342441442685283e-01,8.943454123990730587e-01,1.452788489812606720e-01,7.224452404684650331e-01,-4.482669488571560112e-01,7.361348636790504552e-01,6.705214054848889216e-01,1.000000000000000000e+00,5.618589919196390614e-01,6.336416975208318814e-01,5.960038751255173350e-01,4.412077273379806375e-01,3.837273030551692221e-01,5.484242012279612055e-01,6.684679475785701985e-01,2.732776864815161799e-01,7.547322995711904792e-01,7.636369836769023589e-01,6.583496720981207861e-01,6.846829824598540393e-01,6.400944485929929151e-01,8.219531608634984554e-01,5.630498619917062575e-01,5.477294533292295098e-01,6.090370744487879628e-01,8.101570951858133585e-01,4.851582762224199846e-02,6.584894720405222168e-01,-2.016015961276027280e-01,8.169708019005711419e-01,8.175962648037350400e-01
6.479458229816349446e-01,6.098497388554456888e-01,3.099436230941525205e-01,8.638681705952390433e-02,5.432854660192915075e-01,7.626105011586815641e-01,7.095819208619940088e-01,-5.527161130225421992e-01,6.098917412514135439e-01,6.093549559275727168e-01,6.963601785123892940e-01,2.424974515403816866e-01,-5.799081556789396075e-01,7.511525865904978838e-01,3.063746135940881854e-01,5.618589919196390614e-01,1.000000000000000000e+00,4.626684402871941160e-01,5.686688726355860757e-01,3.971047376936301943e-01,7.965727766340816585e-01,4.369667097255360844e-01,5.218441934268667204e-01,7.497809969207344105e-01,5.828891015396494568e-01,5.711584583743670729e-01,4.206693380393321524e-01,5.729563209428173431e-01,8.291598792289909259e-01,5.317829780626039948e-01,4.721444977904437623e-01,8.622301616339216324e-01,6.228606473390688736e-01,5.215824340098611511e-01,5.943115622496807360e-01,3.880907165893391353e-01,2.278961588675606498e-01,5.800952644211420095e-01,4.354873735267267287e-01
5.668240717932516715e-01,4.169162111292250561e-01,3.752544647394058797e-01,4.224301150796128668e-01,5.969074504221751898e-01,1.321039837278245310e-01,7.370179309612933105e-01,-4.007967963222539565e-01,5.944004465093207790e-01,7.116368394101935113e-01,-6.004955353137993862e-02,7.644166959471200284e-01,-5.303560647087749436e-01,6.267847047593032572e-01,7.573556594123640462e-01,6.336416975208318814e-01,4.626684402871941160e-01,1.000000000000000000e+00,8.296383711878614342e-01,7.186718821008153402e-01,4.647810139810829577e-01,7.269981237998005552e-01,2.942247172691741519e-01,1.030457816923312925e-01,3.958397787128286605e-01,6.101856025962725250e-01,4.004093660816296918e-01,5.032401178396070929e-01,6.957595702505753321e-01,5.630046178638116183e-01,2.667250954035225718e-01,5.194919314609717231e-01,6.919051802272006002e-01,6.556233421782966531e-01,9.215715329494708619e-02,5.152873557867173604e-01,-3.232914399556323648e-01,6.254358412492736496e-01,5.277964367099533538e-01
5.205012679252098984e-01,3.599270817995167127e-01,4.564134652384524427e-01,2.763193279376854883e-01,7.443122750861390635e-01,2.198389991972321544e-01,8.109101412358310501e-01,-5.462900833206408846e-01,5.285489269013335933e-01,6.561191099684356987e-01,8.887152131025004287e-02,6.395918253769153905e-01,-6.074339099167652689e-01,6.981731232905680207e-01,6.655257430809493613e-01,5.960038751255173350e-01,5.686688726355860757e-01,8.296383711878614342e-01,1.000000000000000000e+00,5.934746451029863090e-01,5.367763823600555373e-01,6.337282397270523893e-01,2.978563345564233522e-01,2.716477222541694436e-01,4.227221854878693286e-01,5.663246935223137379e-01,3.595742507022743339e-01,5.734843020257881507e-01,7.049709933864211076e-01,4.818915018739139966e-01,3.212377673841034786e-01,5.265944682815572042e-01,7.147069881875318664e-01,7.031922547774147603e-01,1.932384628690440309e-01,5.096698142364806117e-01,-2.534051451878425731e-01,5.687091733995860432e-01,4.254831889739857931e-01
3.753195122912822423e-01,2.234628110591352079e-01,7.798843513911975223e-02,3.958949295803747548e-01,2.464608028090382041e-01,1.537284778491518067e-01,6.192285547479757790e-01,-1.067911378617542317e-01,3.470198670096691362e-01,4.953415203838416048e-01,-1.065321169853757355e-01,5.934223567085803452e-01,-4.813596493289094558e-01,4.028640339405880066e-01,6.624631617803908856e-01,4.412077273379806375e-01,3.971047376936301943e-01,7.186718821008153402e-01,5.934746451029863090e-01,1.000000000000000000e+00,4.997788124524970566e-01,7.357332965265540592e-01,2.355761106798607077e-02,5.688923139027114717e-02,1.900973066581670978e-01,3.538767693122220059e-01,1.088845259581340125e-01,2.139684315753546118e-01,6.607976128964762053e-01,2.774700342798835373e-01,-4.959231057955266336e-02,4.629633957233861286e-01,6.087800918867131150e-01,3.535234429510428211e-01,1.190334085648150353e-01,3.557432783745629323e-01,-3.266370131444612523e-01,4.655563340483633850e-01,3.100816240615645314e-01
3.918672866998711979e-01,3.178167585710989784e-01,7.439965053105811188e-02,2.223712417353838622e-01,3.489770051847018717e-01,6.380002842060341628e-01,7.136799964539670693e-01,-3.440975994087960288e-01,3.428370586492979211e-01,4.380159045385613736e-01,4.980845204419047656e-01,2.011445715466891049e-01,-6.846955550559221670e-01,5.411392379319465151e-01,2.509839979003026800e-01,3.837273030551692221e-01,7.965727766340816585e-01,4.647810139810829577e-01,5.367763823600555373e-01,4.997788124524970566e-01,1.000000000000000000e+00,4.974037797408720762e-01,2.296384707756969623e-01,5.764784888311580424e-01,2.908100075698655251e-01,3.017639531456421942e-01,1.079358397243122131e-01,3.109021895878644193e-01,7.661526119687102065e-01,2.455168561003636674e-01,1.831481138598166913e-01,7.291791844936635902e-01,5.287316230926375482e-01,3.480586663362130184e-01,4.505559273684037191e-01,2.487493674842416458e-01,6.764405985388607934e-02,3.417959776619255430e-01,1.741485528222692369e-01
4.891756819186451888e-01,3.365416523357001033e-01,3.382629509777315135e-01,2.884824284702875996e-01,3.873481529143464885e-01,2.175990583856463600e-01,6.717784128320345438e-01,-3.443110471663511363e-01,4.138414255253789475e-01,6.064728070626761447e-01,-5.217267631374242209e-02,6.312512120524089720e-01,-4.442692381417037151e-01,4.999334444521718601e-01,6.818934340083774304e-01,5.484242012279612055e-01,4.369667097255360844e-01,7.269981237998005552e-01,6.337282397270523893e-01,7.357332965265540592e-01,4.974037797408720762e-01,1.000000000000000000e+00,1.957489430409270759e-01,1.055360895565262552e-01,2.924481777505305025e-01,5.265905472756051697e-01,3.059672201078155185e-01,4.250014605188158767e-01,6.642300676729678832e-01,4.062080029548390536e-01,2.453877665766303617e-01,4.632769858252434036e-01,7.575021319646557671e-01,4.966984343326826812e-01,1.506226992226403771e-01,4.690302088296338101e-01,-2.639936377259083922e-01,5.236745482404667751e-01,3.938072184306882217e-01
6.704614399408784786e-01,7.113220173192187357e-01,5.804066823244405926e-01,-1.715469274145954848e-01,5.515588605591058569e-01,3.971421417507143836e-01,3.628049721448672327e-01,-6.412713480412662870e-01,7.162084389908014437e-01,6.435898993196861317e-01,3.835655864617965594e-01,2.866384104283365986e-01,-1.767445488049705637e-01,6.324830162617069984e-01,3.129509603211958479e-01,6.684679475785701985e-01,5.218441934268667204e-01,2.942247172691741519e-01,2.978563345564233522e-01,2.355761106798607077e-02,2.296384707756969623e-01,1.957489430409270759e-01,1.000000000000000000e+00,4.756896557513177193e-01,8.700581898940713543e-01,6.737842215832874349e-01,6.451833976197888232e-01,7.003820220468024438e-01,3.903808742923549624e-01,7.418230221902297750e-01,6.452944900595298794e-01,4.804321493906522078e-01,4.240831895389303718e-01,6.023296578624821596e-01,2.657608373125268098e-01,5.544934273065191821e-01,1.406286985380123533e-01,6.259923628095488413e-01,6.159555964290803765e-01
3.979979961186528303e-01,4.122015057987807318e-01,2.732048192550948773e-01,-9.026358303668405303e-02,3.352660159105123605e-01,7.827209006591376861e-01,3.996881346420536607e-01,-4.772047106095280156e-01,3.550422864580205506e-01,2.972733644389771723e-01,7.663600843926944295e-01,-1.407707978304776897e-01,-2.447596769097533376e-01,5.556900319323201387e-01,-2.203543129745141882e-02,2.732776864815161799e-01,7.497809969207344105e-01,1.030457816923312925e-01,2.716477222541694436e-01,5.688923139027114717e-02,5.764784888311580424e-01,1.055360895565262552e-01,4.756896557513177193e-01,1.000000000000000000e+00,4.789560336646137562e-01,3.908976057991769282e-01,3.263885766222087703e-01,4.513025431334970472e-01,5.154926392699340498e-01,3.028614882456577839e-01,4.216419039793300461e-01,6.469090681602882587e-01,4.044274270312913644e-01,2.283198931503850893e-01,7.171711547589111335e-01,2.218699700603777858e-01,4.910368859828636579e-01,2.868774554546288935e-01,1.650361643895247865e-01
7.485435894859758799e-01,7.531484988309449236e-01,5.720674094091924289e-01,-1.448942628873255978e-01,6.036554213356347676e-01,3.968584258366564810e-01,4.568427449493107639e-01,-6.409521928513325362e-01,7.693080104226022176e-01,7.493404666416791926e-01,3.783334649076798284e-01,4.105049162121351958e-01,-2.745295113219917149e-01,6.817784073317123550e-01,4.235515123806894988e-01,7.547322995711904792e-01,5.828891015396494568e-01,3.958397787128286605e-01,4.227221854878693286e-01,1.900973066581670978e-01,2.908100075698655251e-01,2.924481777505305025e-01,8.700581898940713543e-01,4.789560336646137562e-01,1.000000000000000000e+00,7.088110840803049095e-01,6.958592489216293142e-01,7.152105693516861429e-01,5.015685540130174758e-01,7.880749108643677614e-01,6.317262088647485063e-01,5.500608307491565707e-01,4.918682854930998549e-01,6.732854291934672331e-01,2.476660065952379641e-01,6.223147631599871277e-01,7.062488415614884274e-02,7.022700795152000408e-01,7.104341091866962499e-01
8.366371550982980576e-01,7.493970771136773124e-01,6.370450546356740684e-01,-9.219775272973474919e-03,6.539664451726756589e-01,3.223975450601696546e-01,6.079128371414981302e-01,-6.634868931818403981e-01,8.333608618225464282e-01,7.870817622743346842e-01,2.557755163356622563e-01,5.555909840222273965e-01,-3.131774177571606810e-01,7.302279519903903671e-01,6.141144424402990021e-01,7.636369836769023589e-01,5.711584583743670729e-01,6.101856025962725250e-01,5.663246935223137379e-01,3.538767693122220059e-01,3.017639531456421942e-01,5.265905472756051697e-01,6.737842215832874349e-01,3.908976057991769282e-01,7.088110840803049095e-01,1.000000000000000000e+00,7.894376004257572799e-01,7.964436342313752082e-01,6.033485092139132533e-01,8.136661764470077829e-01,6.438719756566796404e-01,5.552322137036795890e-01,6.739676565071544001e-01,7.389441169346593341e-01,2.821524334496737230e-01,5.112934022414797886e-01,-5.215025655071005989e-02,8.536801406572507300e-01,7.567894609544280060e-01
7.481497267865322431e-01,7.195493112930857471e-01,5.910557322906720978e-01,-1.425642679745858510e-01,4.860110495294530097e-01,2.704032595849916176e-01,3.213057449516855679e-01,-5.638563095951473203e-01,7.465822773021820735e-01,6.829324112554924220e-01,3.137338095740951904e-01,4.555881932345878793e-01,-6.161639501232253624e-02,5.923141531030955420e-01,4.241282133165619750e-01,6.583496720981207861e-01,4.206693380393321524e-01,4.004093660816296918e-01,3.595742507022743339e-01,1.088845259581340125e-01,1.079358397243122131e-01,3.059672201078155185e-01,6.451833976197888232e-01,3.263885766222087703e-01,6.958592489216293142e-01,7.894376004257572799e-01,1.000000000000000000e+00,6.841895666915339680e-01,3.590296478565129790e-01,7.815544853681375415e-01,7.464942901076102588e-01,4.624336874957963306e-01,4.662372328900312168e-01,5.903510531853197740e-01,1.942935060738838760e-01,4.513274177465210757e-01,1.013596190708727918e-01,6.973063046728601444e-01,7.737718939144239139e-01
6.785107902717505413e-01,6.121375633076594491e-01,8.418666868171041928e-01,-7.769618696835695060e-02,7.663146624445473787e-01,3.099395316542383760e-01,6.350581296855674074e-01,-8.730684748339935242e-01,7.193225962705919185e-01,6.877530595110643574e-01,2.881979356193486441e-01,4.897880533511242418e-01,-2.670526343038023276e-01,7.641564483356976245e-01,5.575712043085376823e-01,6.846829824598540393e-01,5.729563209428173431e-01,5.032401178396070929e-01,5.734843020257881507e-01,2.139684315753546118e-01,3.109021895878644193e-01,4.250014605188158767e-01,7.003820220468024438e-01,4.513025431334970472e-01,7.152105693516861429e-01,7.964436342313752082e-01,6.841895666915339680e-01,1.000000000000000000e+00,5.238648141275437098e-01,7.169474838780700576e-01,7.508444061786123669e-01,4.788726552709869910e-01,7.088137375333360968e-01,8.141951083362474195e-01,3.391192385955571487e-01,6.144626402013242394e-01,2.668900343248360382e-02,7.135707122590874141e-01,6.485853132220068540e-01
6.673335973691959522e-01,5.666420663325882900e-01,2.855863281909739593e-01,2.237031128715607498e-01,5.424673428483346438e-01,5.767394519769033501e-01,7.886915275689777571e-01,-4.676972548312688938e-01,6.262542516179530061e-01,7.027412236364884990e-01,3.818356531660147546e-01,4.892651523481438836e-01,-6.726450583078020795e-01,7.403594363809724577e-01,5.620420372282330934e-01,6.400944485929929151e-01,8.291598792289909259e-01,6.957595702505753321e-01,7.049709933864211076e-01,6.607976128964762053e-01,7.661526119687102065e-01,6.642300676729678832e-01,3.903808742923549624e-01,5.154926392699340498e-01,5.015685540130174758e-01,6.033485092139132533e-01,3.590296478565129790e-01,5.238648141275437098e-01,1.000000000000000000e+00,5.384602842923608135e-01,3.357794404195374449e-01,8.269909532199571922e-01,7.616836856969000369e-01,5.858986379114392573e-01,4.796552384984921757e-01,4.760725425705763514e-01,8.036504868330129892e-03,6.572320318036181108e-01,4.858332625903684088e-01
8.531855869567214201e-01,8.294906585522756615e-01,5.896486356871161183e-01,4.831069823560432686e-02,6.535369159532615768e-01,2.667440172219324168e-01,4.834068816067490504e-01,-6.180453729569210797e-01,8.758750343544707828e-01,8.471944920253073885e-01,2.789957394567557647e-01,5.935114495690105851e-01,-2.600153030443261848e-01,7.066185721251529994e-01,5.228423745116241861e-01,8.219531608634984554e-01,5.317829780626039948e-01,5.630046178638116183e-01,4.818915018739139966e-01,2.774700342798835373e-01,2.455168561003636674e-01,4.062080029548390536e-01,7.418230221902297750e-01,3.028614882456577839e-01,7.880749108643677614e-01,8.136661764470077829e-01,7.815544853681375415e-01,7.169474838780700576e-01,5.384602842923608135e-01,1.000000000000000000e+00,7.015217726058706749e-01,5.603917052706288704e-01,5.233654859371960066e-01,7.535764370032366211e-01,1.664061949990430778e-01,5.781475575502095232e-01,4.866627922236290912e-03,7.865618907895713940e-01,8.474147424195689338e-01
6.293067836169319307e-01,6.493635611727072154e-01,7.293409844530267527e-01,-1.227603415314092866e-01,5.799921205405892399e-01,3.126962569911440615e-01,3.181160433801454857e-01,-7.346600231624484945e-01,6.344105234348665912e-01,5.791207008059768846e-01,4.144153543094813430e-01,3.053283872930505627e-01,-2.403524494409232937e-02,6.256627441478694873e-01,2.523307463908104342e-01,5.630498619917062575e-01,4.721444977904437623e-01,2.667250954035225718e-01,3.212377673841034786e-01,-4.959231057955266336e-02,1.831481138598166913e-01,2.453877665766303617e-01,6.452944900595298794e-01,4.216419039793300461e-01,6.317262088647485063e-01,6.438719756566796404e-01,7.464942901076102588e-01,7.508444061786123669e-01,3.357794404195374449e-01,7.015217726058706749e-01,1.000000000000000000e+00,4.815193927381911654e-01,4.683315414961342626e-01,6.141662025768807043e-01,3.436955603396064096e-01,4.384481107296716584e-01,3.595373524709679636e-01,5.306321485844348596e-01,6.123501619322332390e-01
6.660390875932469257e-01,6.541066964883562873e-01,2.060612488194470404e-01,1.373210614060487444e-01,4.165027297273753981e-01,7.325850484215526981e-01,6.076911848508519398e-01,-4.003199567014705251e-01,6.290021498240827569e-01,6.231227128909903046e-01,6.260909232778273381e-01,2.828740296198843374e-01,-4.899511250469706369e-01,6.912091247253452364e-01,3.208648706965015474e-01,5.477294533292295098e-01,8.622301616339216324e-01,5.194919314609717231e-01,5.265944682815572042e-01,4.629633957233861286e-01,7.291791844936635902e-01,4.632769858252434036e-01,4.804321493906522078e-01,6.469090681602882587e-01,5.500608307491565707e-01,5.552322137036795890e-01,4.624336874957963306e-01,4.788726552709869910e-01,8.269909532199571922e-01,5.603917052706288704e-01,4.815193927381911654e-01,1.000000000000000000e+00,5.991717257948994124e-01,4.413515773272354559e-01,6.093222307785128855e-01,3.447718822975283093e-01,3.472439320183237088e-01,5.714965048019338134e-01,4.671276371549854534e-01
5.709452336343207035e-01,4.430558445443518734e-01,6.186622771855998515e-01,8.741013938207868594e-02,6.014748022505919112e-01,3.902214934159290993e-01,7.470460725167941129e-01,-6.534473821500259572e-01,5.594893929399895605e-01,6.735857246763097272e-01,1.617011084098338713e-01,5.877492405332577219e-01,-4.523573397948949526e-01,7.417603299052427657e-01,7.130267069475419994e-01,6.090370744487879628e-01,6.228606473390688736e-01,6.919051802272006002e-01,7.147069881875318664e-01,6.087800918867131150e-01,5.287316230926375482e-01,7.575021319646557671e-01,4.240831895389303718e-01,4.044274270312913644e-01,4.918682854930998549e-01,6.739676565071544001e-01,4.662372328900312168e-01,7.088137375333360968e-01,7.616836856969000369e-01,5.233654859371960066e-01,4.683315414961342626e-01,5.991717257948994124e-01,1.000000000000000000e+00,6.580391604286170981e-01,4.314426363104654771e-01,6.061002544082445542e-01,-7.128874848939735498e-02,6.439105534791585983e-01,4.953324714618667080e-01
7.170341747513717667e-01,6.079303413080257013e-01,7.246945313825547963e-01,2.557648615615663867e-02,8.418325110207263151e-01,1.077277489672076316e-01,6.928745554106346960e-01,-7.794279784806620315e-01,7.764601180816885773e-01,7.986977190263422344e-01,8.486535278435959617e-02,7.324239946617291386e-01,-4.885847303270430819e-01,7.600474087202746531e-01,7.062261865138946826e-01,8.101570951858133585e-01,5.215824340098611511e-01,6.556233421782966531e-01,7.031922547774147603e-01,3.535234429510428211e-01,3.480586663362130184e-01,4.966984343326826812e-01,6.023296578624821596e-01,2.283198931503850893e-01,6.732854291934672331e-01,7.389441169346593341e-01,5.903510531853197740e-01,8.141951083362474195e-01,5.858986379114392573e-01,7.535764370032366211e-01,6.141662025768807043e-01,4.413515773272354559e-01,6.580391604286170981e-01,1.000000000000000000e+00,5.274604776867707068e-02,6.728171462103450517e-01,-2.662565400265601290e-01,7.643867760789502253e-01,7.400077909503295359e-01
2.198516830510100772e-01,2.238471388480954283e-01,1.936868722378790875e-01,3.139363801843243068e-02,1.886395346404795836e-01,7.454294708586464147e-01,3.308444742308944142e-01,-3.339836036151161425e-01,2.175156402895898899e-01,1.307318119627721431e-01,6.267495498045383417e-01,-2.449354628833338710e-01,-1.203621829637206153e-01,4.107904800097992859e-01,-8.063504862257332706e-02,4.851582762224199846e-02,5.943115622496807360e-01,9.215715329494708619e-02,1.932384628690440309e-01,1.190334085648150353e-01,4.505559273684037191e-01,1.506226992226403771e-01,2.657608373125268098e-01,7.171711547589111335e-01,2.476660065952379641e-01,2.821524334496737230e-01,1.942935060738838760e-01,3.391192385955571487e-01,4.796552384984921757e-01,1.664061949990430778e-01,3.436955603396064096e-01,6.093222307785128855e-01,4.314426363104654771e-01,5.274604776867707068e-02,1.000000000000000000e+00,7.458989477763497411e-02,6.563111529561707069e-01,1.489540130229318193e-01,-5.037292245306772796e-03
5.228863348703725045e-01,4.570153705137265376e-01,6.424552154860692088e-01,-1.454004492578988596e-02,5.962198386131343231e-01,1.598137702387499304e-01,4.575416218723503126e-01,-6.142339320049925444e-01,5.464738932897822421e-01,6.316825799134183628e-01,5.362765446018948751e-02,6.051336003304309541e-01,-2.066288662938108867e-01,6.234482443923109463e-01,6.207306447402728411e-01,6.584894720405222168e-01,3.880907165893391353e-01,5.152873557867173604e-01,5.096698142364806117e-01,3.557432783745629323e-01,2.487493674842416458e-01,4.690302088296338101e-01,5.544934273065191821e-01,2.218699700603777858e-01,6.223147631599871277e-01,5.112934022414797886e-01,4.513274177465210757e-01,6.144626402013242394e-01,4.760725425705763514e-01,5.781475575502095232e-01,4.384481107296716584e-01,3.447718822975283093e-01,6.061002544082445542e-01,6.728171462103450517e-01,7.458989477763497411e-02,1.000000000000000000e+00,-1.730104231984026519e-01,5.667378661163965381e-01,5.756396012295238451e-01
-1.341412895824189641e-02,1.100619801690636834e-01,-2.983446839082973950e-02,-9.927430613117621538e-02,-1.183455105185923784e-01,5.094103977703126063e-01,-2.143468585629741130e-01,-3.235898567387458791e-02,-4.462810825567865153e-02,-1.669472274676859491e-01,5.833360514895002957e-01,-5.140057408979837872e-01,3.303372099305845744e-01,5.616065846762408054e-02,-5.076580324681347900e-01,-2.016015961276027280e-01,2.278961588675606498e-01,-3.232914399556323648e-01,-2.534051451878425731e-01,-3.266370131444612523e-01,6.764405985388607934e-02,-2.639936377259083922e-01,1.406286985380123533e-01,4.910368859828636579e-01,7.062488415614884274e-02,-5.215025655071005989e-02,1.013596190708727918e-01,2.668900343248360382e-02,8.036504868330129892e-03,4.866627922236290912e-03,3.595373524709679636e-01,3.472439320183237088e-01,-7.128874848939735498e-02,-2.662565400265601290e-01,6.563111529561707069e-01,-1.730104231984026519e-01,1.000000000000000000e+00,-2.062325214715003407e-01,-1.718980978345194255e-01
8.678567111755450814e-01,7.879019242205375084e-01,5.493868191273649781e-01,-5.613098441358175227e-03,6.123428606676990515e-01,2.315963490607547415e-01,5.971417694598994963e-01,-5.897062620471439365e-01,8.705136441825892524e-01,8.302235949494949363e-01,1.866963238436867012e-01,6.770413984655158091e-01,-4.182719625975220290e-01,7.176320842594210436e-01,7.211785956770311312e-01,8.169708019005711419e-01,5.800952644211420095e-01,6.254358412492736496e-01,5.687091733995860432e-01,4.655563340483633850e-01,3.417959776619255430e-01,5.236745482404667751e-01,6.259923628095488413e-01,2.868774554546288935e-01,7.022700795152000408e-01,8.536801406572507300e-01,6.973063046728601444e-01,7.135707122590874141e-01,6.572320318036181108e-01,7.865618907895713940e-01,5.306321485844348596e-01,5.714965048019338134e-01,6.439105534791585983e-01,7.643867760789502253e-01,1.489540130229318193e-01,5.667378661163965381e-01,-2.062325214715003407e-01,1.000000000000000000e+00,8.396471172779685910e-01
8.317860556994426391e-01,8.056869484083909461e-01,5.569500413760857249e-01,-2.472286815314693464e-02,5.670857801114648211e-01,1.136252768828412835e-01,3.945309030519831284e-01,-5.496422400378563333e-01,8.517158034267306999e-01,8.388130435284146813e-01,1.649415099503451776e-01,7.033833527938088137e-01,-2.468046324762342703e-01,6.259703117464529010e-01,6.309496672462140410e-01,8.175962648037350400e-01,4.354873735267267287e-01,5.277964367099533538e-01,4.254831889739857931e-01,3.100816240615645314e-01,1.741485528222692369e-01,3.938072184306882217e-01,6.159555964290803765e-01,1.650361643895247865e-01,7.104341091866962499e-01,7.567894609544280060e-01,7.737718939144239139e-01,6.485853132220068540e-01,4.858332625903684088e-01,8.474147424195689338e-01,6.123501619322332390e-01,4.671276371549854534e-01,4.953324714618667080e-01,7.400077909503295359e-01,-5.037292245306772796e-03,5.756396012295238451e-01,-1.718980978345194255e-01,8.396471172779685910e-01,1.000000000000000000e+00
