1.000000000000000000e+00,7.397251974398532104e-01,7.746051390349256716e-01,3.966360812829023974e-01,7.154307658812347759e-01,-1.997837868766495495e-01,3.057225542720607980e-01,-7.885017475703206546e-01,8.055671320893941223e-01,6.784756273061962606e-01,-4.744163169163332361e-01,4.691538699925900668e-01,-6.718837502022819708e-01,6.352359642707627874e-01,-6.665770359036268244e-01,8.283819763681639081e-01,-1.234664074266466627e-01,8.064771234938030720e-01,6.534358299571711992e-01,8.223797822405337632e-01,6.691297831789235762e-01,7.390629090212191832e-01,4.658112912116673665e-01,5.866546216769982225e-01,4.279790776529741048e-01,8.973708892376871527e-01,8.973317788009176343e-01,8.260064760539637119e-01,7.559154204549304312e-01,7.873359386630106593e-01,6.820344507907232234e-01,6.395086857241496503e-01,4.384085858966279003e-01,7.625747925264141358e-01,6.827224595225969139e-01,5.130160754888937191e-01,5.559602485236734282e-01,8.645849513543282239e-01,8.163281707425150691e-01
7.397251974398532104e-01,1.000000000000000000e+00,3.970260429763518562e-01,1.700501716268226493e-01,3.780741497895770409e-01,-1.011864582514175326e-01,2.474466593967221684e-01,-4.130400130916381807e-01,4.465972873132688092e-01,4.905444116855346426e-01,-9.096990485725722775e-02,3.000790781779391070e-01,-2.943647632211068843e-01,3.476547113819989931e-01,-3.665811253513905910e-01,4.226270480583469991e-01,-4.140924560178913666e-02,4.351008421736015652e-01,3.365812337346200112e-01,4.877313540178139784e-01,2.953095941438410033e-01,4.069274510867054717e-01,2.750865894398983325e-01,2.766133859176438947e-01,1.993244732899486504e-01,5.821969961324271470e-01,6.711690666037236630e-01,4.574829239877766240e-01,3.628830698335859806e-01,4.110979704339405849e-01,4.231392822653667896e-01,5.490671007725634878e-01,2.011173416156535054e-01,4.084687897977147264e-01,3.721299246136230421e-01,4.167682904964254975e-01,3.558017145172764351e-01,4.908590806570403142e-01,5.688948438361920434e-01
7.746051390349256716e-01,3.970260429763518562e-01,1.000000000000000000e+00,4.009897694689073533e-01,9.071468264280685423e-01,-4.556193140814006337e-02,2.340190376859744015e-01,-9.640213601315686942e-01,8.136493012138359404e-01,7.076312878484989355e-01,-4.351772512790044178e-01,4.234649533640527652e-01,-5.839113608056388793e-01,7.773921518057403945e-01,-7.004121078859988359e-01,8.228327041814692544e-01,-2.802284287251958703e-02,8.238384961706817222e-01,6.723308044914545478e-01,7.931989136832611198e-01,8.629076481499057261e-01,8.687975015847323457e-01,5.968359990078452304e-01,6.968728727134048118e-01,6.522029342074100455e-01,8.466488630529322990e-01,8.195369992619916388e-01,8.852139088835655478e-01,8.226762323416423328e-01,7.969324756200465432e-01,8.080670852447023877e-01,6.598816385764891823e-01,7.756345845063887801e-01,8.501731815683770677e-01,7.533205871205326254e-01,6.207532051194020184e-01,6.608296017621783092e-01,8.120711643446918426e-01,6.936473124391587808e-01
3.966360812829023974e-01,1.700501716268226493e-01,4.009897694689073533e-01,1.000000000000000000e+00,4.434382231980867339e-01,-3.204043950060250778e-01,2.833733136316361478e-01,-4.015206002299794297e-01,4.557801640919012520e-01,5.920190905940283521e-01,-3.930998556091496732e-01,2.454229138759777828e-01,-2.753154976423494160e-01,3.850032637076823416e-01,-4.817456410624905150e-01,5.109040283836272511e-01,-2.387275576738792926e-01,5.589479845018021642e-01,5.275080255341395574e-01,3.517806731371982965e-01,2.932721464737796935e-01,3.223889577471203971e-01,2.162694204651899044e-01,3.414669023942191739e-01,2.049028879954191418e-01,4.020622125144117653e-01,2.987993333389004080e-01,4.148270514017343702e-01,3.051277555271016406e-01,4.905539207344355446e-01,3.528286762745081462e-01,2.344146844912275152e-01,3.664929823236468542e-01,4.629067509629765098e-01,3.096293138289690217e-01,2.807970990039753145e-01,2.949307393032152835e-01,4.640906823831791317e-01,4.321943236886758299e-01
7.154307658812347759e-01,3.780741497895770409e-01,9.071468264280685423e-01,4.434382231980867339e-01,1.000000000000000000e+00,-6.334076262362656022e-03,2.017797748206938135e-01,-8.887225830535273596e-01,7.979517463883324391e-01,7.267724442427294651e-01,-3.420422758600126789e-01,4.190972233747431441e-01,-5.070943279823307837e-01,8.089181942801052516e-01,-7.363305667067475691e-01,8.014411524813519483e-01,2.058472082853076562e-02,8.209535284881684936e-01,6.321622872680299210e-01,7.165517088808509572e-01,7.715120579697848369e-01,7.778996003341723808e-01,6.127609968073269853e-01,7.344143970307490665e-01,6.605384976396664332e-01,7.975386609964566498e-01,7.591609607390794601e-01,8.442003605825444401e-01,7.729661774780053340e-01,7.890899198503049661e-01,8.150066131058929519e-01,6.532919437974479271e-01,7.866472058098259446e-01,8.567437735197060977e-01,7.348752231625657050e-01,6.179500925410255086e-01,6.719598007055587185e-01,7.697376815860901278e-01,6.349660166937446393e-01
-1.997837868766495495e-01,-1.011864582514175326e-01,-4.556193140814006337e-02,-3.204043950060250778e-01,-6.334076262362656022e-03,1.000000000000000000e+00,-1.968010096321946290e-01,4.826221122153052934e-02,-2.912646333873272764e-01,-3.077254315497137127e-01,6.845607276505910610e-01,-7.300846289450679816e-02,4.005639469204931302e-01,2.018495702358666932e-01,1.857445635039887133e-01,-2.460870332698343044e-01,7.589997162674005926e-01,-1.933674361495863747e-01,-2.743510727189140130e-01,-7.095016795214234562e-02,1.339142400599241112e-01,8.140700470790056265e-02,4.499833024800228842e-01,8.638562039106226220e-02,4.850986856685891579e-01,-1.577932057792754139e-01,-7.723054764395258232e-02,-1.919671934832216723e-02,5.364998075657172183e-02,-3.101775071012359830e-01,9.146484603830071225e-02,2.542624197822513921e-01,2.136609928242912126e-01,-1.569271942807084208e-01,2.421961070193849597e-01,2.956169930264077594e-01,3.763487158181610948e-01,-2.758274904239151892e-01,-3.969198380434250106e-01
3.057225542720607980e-01,2.474466593967221684e-01,2.340190376859744015e-01,2.833733136316361478e-01,2.017797748206938135e-01,-1.968010096321946290e-01,1.000000000000000000e+00,-2.342148840363870443e-01,2.500182656838215722e-01,3.082568627391595872e-01,-1.938176184297636107e-01,4.008695654288152443e-02,-2.439099398138241948e-01,3.168741799752949895e-01,-1.525214718343753939e-01,2.745266245331647315e-01,-8.220021308319040709e-02,2.719517263971772403e-01,3.773012801497717117e-01,3.590217980600257652e-01,2.321631238204305558e-01,3.123188334445434200e-01,2.691087214400389449e-01,3.377439630556407502e-01,2.191453299127947285e-01,2.881352486428839788e-01,2.394350829171042749e-01,2.795250859410491340e-01,2.191691979343127761e-01,2.835689566815501883e-01,2.718214387445606617e-01,1.823624417578548207e-01,1.498058297447602272e-01,2.603671047010895911e-01,2.168628681072312936e-01,2.453348086542301298e-01,1.636845256681342675e-01,2.966103561592000615e-01,3.082513529953311848e-01
-7.885017475703206546e-01,-4.130400130916381807e-01,-9.640213601315686942e-01,-4.015206002299794297e-01,-8.887225830535273596e-01,4.826221122153052934e-02,-2.342148840363870443e-01,1.000000000000000000e+00,-8.024471052150440320e-01,-7.022470288360469493e-01,4.417329839746699793e-01,-4.231856314705457756e-01,5.829294908691918797e-01,-7.663638357252752220e-01,6.831634965500736900e-01,-8.224751644220360536e-01,2.597760772317396494e-02,-8.129821791875264658e-01,-6.564289919161020448e-01,-7.974066835310422707e-01,-8.682857190550691273e-01,-8.687977488743306997e-01,-5.936173419668649975e-01,-6.773865099607705442e-01,-6.454213828044448320e-01,-8.537067491903946870e-01,-8.277971338548388847e-01,-8.901522492103779438e-01,-8.308805407003424515e-01,-7.848434068217512438e-01,-7.994442100408498675e-01,-6.732135995044786769e-01,-7.593943826276530196e-01,-8.373936580595942036e-01,-7.632384699442218423e-01,-6.292764287489748254e-01,-6.666643607934230609e-01,-8.083510948090086856e-01,-6.919601074366955595e-01
8.055671320893941223e-01,4.465972873132688092e-01,8.136493012138359404e-01,4.557801640919012520e-01,7.979517463883324391e-01,-2.912646333873272764e-01,2.500182656838215722e-01,-8.024471052150440320e-01,1.000000000000000000e+00,7.257369695721110903e-01,-6.494587157135928157e-01,4.909957969867220218e-01,-7.388191928904653816e-01,6.471353475714002323e-01,-7.838802981562261740e-01,8.420344645331949707e-01,-3.402832698996511307e-01,8.345950937887867127e-01,7.434264094644700283e-01,8.018725834157007792e-01,5.951541640501614161e-01,6.985677660933367061e-01,3.623746079801639097e-01,6.316583942166057453e-01,3.722719161827506285e-01,8.331108832287116295e-01,7.742258187742860898e-01,7.569629316002787212e-01,6.942033492640188319e-01,8.965427281448331565e-01,6.213412529474173773e-01,5.036350756080274493e-01,4.853730773506828022e-01,8.848981845177827932e-01,5.740786552172162382e-01,4.074876667607928438e-01,4.347949046946785745e-01,9.218253113934941068e-01,8.741245725682790235e-01
6.784756273061962606e-01,4.905444116855346426e-01,7.076312878484989355e-01,5.920190905940283521e-01,7.267724442427294651e-01,-3.077254315497137127e-01,3.082568627391595872e-01,-7.022470288360469493e-01,7.257369695721110903e-01,1.000000000000000000e+00,-4.360570496636848037e-01,2.410163563339275394e-01,-4.036374292979788558e-01,5.545991840037962639e-01,-6.971539130984395483e-01,7.697613933704574585e-01,-2.623019413550068402e-01,7.850318528296708065e-01,7.615786722364019656e-01,5.776871770980031018e-01,5.218115139641021916e-01,5.778326363243817543e-01,3.783970757987568656e-01,4.783339173860871041e-01,4.001440341444893467e-01,6.696258391996943171e-01,6.404049099457446159e-01,6.784750770058006752e-01,4.750458826917529631e-01,7.437843266536665610e-01,7.029591866894354668e-01,4.739359323036678728e-01,5.558431803817801553e-01,6.636176548275111164e-01,4.785169488201526100e-01,5.272832250144646737e-01,4.066709917147592335e-01,7.255180203017008722e-01,7.337382966391805539e-01
-4.744163169163332361e-01,-9.096990485725722775e-02,-4.351772512790044178e-01,-3.930998556091496732e-01,-3.420422758600126789e-01,6.845607276505910610e-01,-1.938176184297636107e-01,4.417329839746699793e-01,-6.494587157135928157e-01,-4.360570496636848037e-01,1.000000000000000000e+00,-3.403922488170860738e-01,7.334266120654119314e-01,-1.938001376142021448e-01,3.901688975429650208e-01,-5.879584409449626348e-01,7.440383276481296049e-01,-5.048146026423536714e-01,-5.278994998422210649e-01,-5.336812611175386634e-01,-2.912341829490358025e-01,-3.775451502674064264e-01,7.913451884269233350e-02,-2.546898979409042418e-01,1.439650428524041348e-01,-5.177157559320012536e-01,-4.115933144431944135e-01,-4.073944865333972709e-01,-3.596996055320121899e-01,-6.250060294257434590e-01,-2.058077963978960923e-01,-2.117737487238775460e-02,-3.595399384752659411e-02,-5.373112072688680518e-01,-1.638251321292036322e-01,3.284526852137199110e-02,1.929649041328573844e-02,-6.386232148210199133e-01,-6.796500521187112120e-01
4.691538699925900668e-01,3.000790781779391070e-01,4.234649533640527652e-01,2.454229138759777828e-01,4.190972233747431441e-01,-7.300846289450679816e-02,4.008695654288152443e-02,-4.231856314705457756e-01,4.909957969867220218e-01,2.410163563339275394e-01,-3.403922488170860738e-01,1.000000000000000000e+00,-4.338892093305266595e-01,4.928964824831185143e-01,-2.127112465301390642e-01,4.413836883739528094e-01,-1.022008781098015517e-01,4.027159802693162649e-01,1.863007858701693775e-01,5.599894968870787748e-01,3.530360060676417389e-01,4.490250902674359779e-01,3.484889245484689146e-01,4.562391185548184680e-01,2.761248939146253578e-01,4.938142936073058875e-01,4.420240087414512020e-01,4.673632799706184948e-01,5.035668565128866847e-01,4.496822454175831152e-01,2.966006785388419775e-01,3.409140702228066755e-01,2.775777386228395760e-01,6.093775614128161822e-01,3.948659083322831886e-01,1.512918764859199905e-01,3.329380845864491345e-01,4.631363002940510065e-01,4.127111407487266681e-01
-6.718837502022819708e-01,-2.943647632211068843e-01,-5.839113608056388793e-01,-2.753154976423494160e-01,-5.070943279823307837e-01,4.005639469204931302e-01,-2.439099398138241948e-01,5.829294908691918797e-01,-7.388191928904653816e-01,-4.036374292979788558e-01,7.334266120654119314e-01,-4.338892093305266595e-01,1.000000000000000000e+00,-4.504402077901385471e-01,5.050601055566639186e-01,-6.762261563639521134e-01,3.879896756011118608e-01,-6.324479430864734519e-01,-6.289935254079395133e-01,-7.309687213417235263e-01,-4.624905127181830333e-01,-5.831167743225108557e-01,-1.587856225787557252e-01,-4.725833276138888817e-01,-1.040735146778800774e-01,-6.952243505028882220e-01,-6.307545920016832675e-01,-5.867788512884187790e-01,-5.608415716919493699e-01,-6.895484152734849825e-01,-4.554285654677767692e-01,-2.447223798764230351e-01,-1.690423478395992052e-01,-6.756746086131094620e-01,-3.841994448943357732e-01,-9.523327538109244150e-02,-2.119821117793082299e-01,-7.541138942244166588e-01,-7.347853809191692287e-01
6.352359642707627874e-01,3.476547113819989931e-01,7.773921518057403945e-01,3.850032637076823416e-01,8.089181942801052516e-01,2.018495702358666932e-01,3.168741799752949895e-01,-7.663638357252752220e-01,6.471353475714002323e-01,5.545991840037962639e-01,-1.938001376142021448e-01,4.928964824831185143e-01,-4.504402077901385471e-01,1.000000000000000000e+00,-4.879633128936922692e-01,7.246550305723153951e-01,2.439940104836697266e-01,7.125415135861193905e-01,5.408207448922643934e-01,7.675903521823221887e-01,7.769113693071705296e-01,8.299494426542837200e-01,8.320062061373779683e-01,8.534003492546332614e-01,7.932365854141426587e-01,7.208749355865182729e-01,6.731160227899891657e-01,8.152332654535174861e-01,8.005599512119599970e-01,6.711009129173530763e-01,8.054793183262499712e-01,6.872248794294184560e-01,7.730616546973233527e-01,8.004858903688779614e-01,8.199636029692367600e-01,6.413456004015444245e-01,7.736289665904586554e-01,6.421845229232214791e-01,5.185063096467281696e-01
-6.665770359036268244e-01,-3.665811253513905910e-01,-7.004121078859988359e-01,-4.817456410624905150e-01,-7.363305667067475691e-01,1.857445635039887133e-01,-1.525214718343753939e-01,6.831634965500736900e-01,-7.838802981562261740e-01,-6.971539130984395483e-01,3.901688975429650208e-01,-2.127112465301390642e-01,5.050601055566639186e-01,-4.879633128936922692e-01,1.000000000000000000e+00,-7.250179472983766527e-01,1.688664464040945390e-01,-8.281202167027226224e-01,-7.181478498944895428e-01,-5.526616094905233423e-01,-5.118287997301382841e-01,-5.300289075940033401e-01,-2.852424184176032274e-01,-4.796713555354271130e-01,-3.673519411666330559e-01,-6.551422630805059377e-01,-5.989640158914268930e-01,-6.415019351616644272e-01,-5.087291481248022995e-01,-7.442556132036061145e-01,-6.058835931853028267e-01,-3.894792393916500228e-01,-4.820870603929618414e-01,-6.555567929431074248e-01,-4.657716049215108733e-01,-3.757425743303890453e-01,-3.834613624220343797e-01,-7.877940472238617042e-01,-6.970380722536112517e-01
8.283819763681639081e-01,4.226270480583469991e-01,8.228327041814692544e-01,5.109040283836272511e-01,8.014411524813519483e-01,-2.460870332698343044e-01,2.745266245331647315e-01,-8.224751644220360536e-01,8.420344645331949707e-01,7.697613933704574585e-01,-5.879584409449626348e-01,4.413836883739528094e-01,-6.762261563639521134e-01,7.246550305723153951e-01,-7.250179472983766527e-01,1.000000000000000000e+00,-1.464286703178189486e-01,9.065494261204082305e-01,7.258155483665453822e-01,7.873227044450964440e-01,7.377248491824910381e-01,7.569733781035771214e-01,5.280758146996860081e-01,7.141664592100093190e-01,4.926960611640849308e-01,8.485391907016476276e-01,7.713262934029551099e-01,8.691807018052323253e-01,7.594597685394497422e-01,9.017194825629353261e-01,7.613255562848688651e-01,4.985267386315083704e-01,5.849072090495269771e-01,8.167515552925347366e-01,6.780045676625976458e-01,4.818339216929184432e-01,5.238690357077930848e-01,8.671943312908937385e-01,7.664243989209754693e-01
-1.234664074266466627e-01,-4.140924560178913666e-02,-2.802284287251958703e-02,-2.387275576738792926e-01,2.058472082853076562e-02,7.589997162674005926e-01,-8.220021308319040709e-02,2.597760772317396494e-02,-3.402832698996511307e-01,-2.623019413550068402e-01,7.440383276481296049e-01,-1.022008781098015517e-01,3.879896756011118608e-01,2.439940104836697266e-01,1.688664464040945390e-01,-1.464286703178189486e-01,1.000000000000000000e+00,-1.198175931247298515e-01,-2.686070775542069855e-01,-9.768486029090425737e-02,1.891783666315757229e-01,7.816505443209079140e-02,5.025587859609461638e-01,1.754473588374169113e-01,5.347678267264633911e-01,-9.667669157242009259e-02,-1.980286196296034140e-02,9.779574855653239140e-02,1.374929142032633722e-01,-2.768364111269673855e-01,2.174240338947607543e-01,2.938249941024452805e-01,2.553721380496488669e-01,-1.584912880730567353e-01,3.332072408086992343e-01,2.517121759153471139e-01,4.132003020818016958e-01,-3.025354583832717270e-01,-4.613967771423726494e-01
8.064771234938030720e-01,4.351008421736015652e-01,8.238384961706817222e-01,5.589479845018021642e-01,8.209535284881684936e-01,-1.933674361495863747e-01,2.719517263971772403e-01,-8.129821791875264658e-01,8.345950937887867127e-01,7.850318528296708065e-01,-5.048146026423536714e-01,4.027159802693162649e-01,-6.324479430864734519e-01,7.125415135861193905e-01,-8.281202167027226224e-01,9.065494261204082305e-01,-1.198175931247298515e-01,1.000000000000000000e+00,8.126534974924950472e-01,7.559900355822667395e-01,7.296550238591046345e-01,7.587512645194470773e-01,5.335779929690489531e-01,6.683357846684946368e-01,5.327768360326388120e-01,8.302085086596022734e-01,7.524865284235122687e-01,8.459644197060227633e-01,7.128717645483236831e-01,8.484102022730741766e-01,7.836323934030581251e-01,5.229677486905270900e-01,6.121682110477735250e-01,7.878402480650622541e-01,6.652369768912815839e-01,5.047940667678031401e-01,5.570794864333820096e-01,8.813669233501953970e-01,7.774291841699625394e-01
6.534358299571711992e-01,3.365812337346200112e-01,6.723308044914545478e-01,5.275080255341395574e-01,6.321622872680299210e-01,-2.743510727189140130e-01,3.773012801497717117e-01,-6.564289919161020448e-01,7.434264094644700283e-01,7.615786722364019656e-01,-5.278994998422210649e-01,1.863007858701693775e-01,-6.289935254079395133e-01,5.408207448922643934e-01,-7.181478498944895428e-01,7.258155483665453822e-01,-2.686070775542069855e-01,8.126534974924950472e-01,1.000000000000000000e+00,6.843123650177165285e-01,5.498706612134103278e-01,6.559756296890230098e-01,3.572517962533450220e-01,5.130187735196087839e-01,3.900494478416217103e-01,6.542056856059906833e-01,6.068313878478704959e-01,6.351152514361357859e-01,4.990429680918181399e-01,7.093715810656556764e-01,6.777548812643745535e-01,3.702749229954194199e-01,4.237315181689132459e-01,6.438611082247776007e-01,4.745708958310643211e-01,3.336131247497504670e-01,3.519157182890233493e-01,7.903947006022045141e-01,7.858055254860063510e-01
8.223797822405337632e-01,4.877313540178139784e-01,7.931989136832611198e-01,3.517806731371982965e-01,7.165517088808509572e-01,-7.095016795214234562e-02,3.590217980600257652e-01,-7.974066835310422707e-01,8.018725834157007792e-01,5.776871770980031018e-01,-5.336812611175386634e-01,5.599894968870787748e-01,-7.309687213417235263e-01,7.675903521823221887e-01,-5.526616094905233423e-01,7.873227044450964440e-01,-9.768486029090425737e-02,7.559900355822667395e-01,6.843123650177165285e-01,1.000000000000000000e+00,7.308410464711618815e-01,8.668094467568895345e-01,5.995911451200616193e-01,6.977237800468925055e-01,5.536740454665864952e-01,8.425471617905498922e-01,7.959411528053598195e-01,8.195918484708478724e-01,7.875356804047320969e-01,7.614730377423186702e-01,6.899305480549554614e-01,5.912066362436322331e-01,4.945941385242622612e-01,8.332083728534780409e-01,7.090628676025708677e-01,4.747969000309993359e-01,5.806824784005243378e-01,8.483420957688402320e-01,7.943107813850072141e-01
6.691297831789235762e-01,2.953095941438410033e-01,8.629076481499057261e-01,2.932721464737796935e-01,7.715120579697848369e-01,1.339142400599241112e-01,2.321631238204305558e-01,-8.682857190550691273e-01,5.951541640501614161e-01,5.218115139641021916e-01,-2.912341829490358025e-01,3.530360060676417389e-01,-4.624905127181830333e-01,7.769113693071705296e-01,-5.118287997301382841e-01,7.377248491824910381e-01,1.891783666315757229e-01,7.296550238591046345e-01,5.498706612134103278e-01,7.308410464711618815e-01,1.000000000000000000e+00,8.941586348228588443e-01,7.221444206854776837e-01,6.655856303495918391e-01,7.443378836423639733e-01,7.408925220405366829e-01,7.027238020169102040e-01,8.520793987313359796e-01,8.234218808472195672e-01,6.205492544894646301e-01,8.044602223729380164e-01,6.213049707839357616e-01,7.752978158426719890e-01,6.836204986607591350e-01,7.984278274358673766e-01,6.548142616505399083e-01,7.307455525599785284e-01,6.544083166917398220e-01,4.873058538695546615e-01
7.390629090212191832e-01,4.069274510867054717e-01,8.687975015847323457e-01,3.223889577471203971e-01,7.778996003341723808e-01,8.140700470790056265e-02,3.123188334445434200e-01,-8.687977488743306997e-01,6.985677660933367061e-01,5.778326363243817543e-01,-3.775451502674064264e-01,4.490250902674359779e-01,-5.831167743225108557e-01,8.299494426542837200e-01,-5.300289075940033401e-01,7.569733781035771214e-01,7.816505443209079140e-02,7.587512645194470773e-01,6.559756296890230098e-01,8.668094467568895345e-01,8.941586348228588443e-01,1.000000000000000000e+00,7.202218907868910280e-01,7.157213523343735062e-01,7.119137403901751870e-01,7.846067120687881813e-01,7.671738229472120363e-01,8.523185142842818474e-01,8.155082086010922993e-01,6.853711081593991672e-01,8.047874024579049212e-01,6.454497123534643777e-01,7.139527753275732858e-01,7.782192186297414160e-01,7.735834289865923807e-01,5.992678873157157859e-01,6.885511347471187094e-01,7.527873461436944691e-01,6.611079249174961481e-01
4.658112912116673665e-01,2.750865894398983325e-01,5.968359990078452304e-01,2.162694204651899044e-01,6.127609968073269853e-01,4.499833024800228842e-01,2.691087214400389449e-01,-5.936173419668649975e-01,3.623746079801639097e-01,3.783970757987568656e-01,7.913451884269233350e-02,3.484889245484689146e-01,-1.587856225787557252e-01,8.320062061373779683e-01,-2.852424184176032274e-01,5.280758146996860081e-01,5.025587859609461638e-01,5.335779929690489531e-01,3.572517962533450220e-01,5.995911451200616193e-01,7.221444206854776837e-01,7.202218907868910280e-01,1.000000000000000000e+00,7.263642682154151098e-01,9.036595223561831869e-01,5.661223727678826867e-01,5.286155202900766348e-01,6.928013750843834417e-01,6.947498176066118081e-01,3.994383248034649170e-01,7.112964034108653077e-01,6.598173279032931715e-01,6.919978147850173178e-01,5.425114433449177431e-01,7.926592764077792230e-01,6.697015780627645354e-01,7.909277240198024916e-01,4.315138022758822633e-01,2.687653157937511250e-01
5.866546216769982225e-01,2.766133859176438947e-01,6.968728727134048118e-01,3.414669023942191739e-01,7.344143970307490665e-01,8.638562039106226220e-02,3.377439630556407502e-01,-6.773865099607705442e-01,6.316583942166057453e-01,4.783339173860871041e-01,-2.546898979409042418e-01,4.562391185548184680e-01,-4.725833276138888817e-01,8.534003492546332614e-01,-4.796713555354271130e-01,7.141664592100093190e-01,1.754473588374169113e-01,6.683357846684946368e-01,5.130187735196087839e-01,6.977237800468925055e-01,6.655856303495918391e-01,7.157213523343735062e-01,7.263642682154151098e-01,1.000000000000000000e+00,6.861247323851775715e-01,6.987043814047995127e-01,6.277389406283198081e-01,7.400782113139691143e-01,7.471276563114734870e-01,6.890792771216555090e-01,7.002423472442397268e-01,5.793158854711193406e-01,6.563836191441798640e-01,7.415766653227088279e-01,7.464904161561758400e-01,4.544777730428449236e-01,6.846360519674449252e-01,6.162752358071577063e-01,4.806158372493194442e-01
4.279790776529741048e-01,1.993244732899486504e-01,6.522029342074100455e-01,2.049028879954191418e-01,6.605384976396664332e-01,4.850986856685891579e-01,2.191453299127947285e-01,-6.454213828044448320e-01,3.722719161827506285e-01,4.001440341444893467e-01,1.439650428524041348e-01,2.761248939146253578e-01,-1.040735146778800774e-01,7.932365854141426587e-01,-3.673519411666330559e-01,4.926960611640849308e-01,5.347678267264633911e-01,5.327768360326388120e-01,3.900494478416217103e-01,5.536740454665864952e-01,7.443378836423639733e-01,7.119137403901751870e-01,9.036595223561831869e-01,6.861247323851775715e-01,1.000000000000000000e+00,5.398502683399010182e-01,5.110980518981855791e-01,6.859844179773105788e-01,6.943087664795934977e-01,3.744617291820773741e-01,7.286679506676467799e-01,6.676621849358225225e-01,7.533146005994726391e-01,5.250384005084629546e-01,7.842654972685180192e-01,6.885705453898138817e-01,7.954268589246082932e-01,4.275907700169729320e-01,2.419204914869599043e-01
8.973708892376871527e-01,5.821969961324271470e-01,8.466488630529322990e-01,4.020622125144117653e-01,7.975386609964566498e-01,-1.577932057792754139e-01,2.881352486428839788e-01,-8.537067491903946870e-01,8.331108832287116295e-01,6.696258391996943171e-01,-5.177157559320012536e-01,4.938142936073058875e-01,-6.952243505028882220e-01,7.208749355865182729e-01,-6.551422630805059377e-01,8.485391907016476276e-01,-9.667669157242009259e-02,8.302085086596022734e-01,6.542056856059906833e-01,8.425471617905498922e-01,7.408925220405366829e-01,7.846067120687881813e-01,5.661223727678826867e-01,6.987043814047995127e-01,5.398502683399010182e-01,1.000000000000000000e+00,9.122305387217508610e-01,8.983066503728216468e-01,8.493052720136491374e-01,8.056898427305039245e-01,7.280426882242430064e-01,7.102030585489664816e-01,5.473226467631250314e-01,8.347142347721295819e-01,7.811625097026677622e-01,5.760152170374815972e-01,6.758936122030385629e-01,8.687719940134208674e-01,7.677539811503558687e-01
8.973317788009176343e-01,6.711690666037236630e-01,8.195369992619916388e-01,2.987993333389004080e-01,7.591609607390794601e-01,-7.723054764395258232e-02,2.394350829171042749e-01,-8.277971338548388847e-01,7.742258187742860898e-01,6.404049099457446159e-01,-4.115933144431944135e-01,4.420240087414512020e-01,-6.307545920016832675e-01,6.731160227899891657e-01,-5.989640158914268930e-01,7.713262934029551099e-01,-1.980286196296034140e-02,7.524865284235122687e-01,6.068313878478704959e-01,7.959411528053598195e-01,7.027238020169102040e-01,7.671738229472120363e-01,5.286155202900766348e-01,6.277389406283198081e-01,5.110980518981855791e-01,9.122305387217508610e-01,1.000000000000000000e+00,8.632597346927921578e-01,7.986812759780504978e-01,7.424111456510502638e-01,7.410645860469436963e-01,7.631654642397518451e-01,5.001082940733414528e-01,7.785188732114282084e-01,7.594025243352008347e-01,5.609299165449458391e-01,6.465953465485204665e-01,7.979036016250712349e-01,7.377221840656199570e-01
8.260064760539637119e-01,4.574829239877766240e-01,8.852139088835655478e-01,4.148270514017343702e-01,8.442003605825444401e-01,-1.919671934832216723e-02,2.795250859410491340e-01,-8.901522492103779438e-01,7.569629316002787212e-01,6.784750770058006752e-01,-4.073944865333972709e-01,4.673632799706184948e-01,-5.867788512884187790e-01,8.152332654535174861e-01,-6.415019351616644272e-01,8.691807018052323253e-01,9.779574855653239140e-02,8.459644197060227633e-01,6.351152514361357859e-01,8.195918484708478724e-01,8.520793987313359796e-01,8.523185142842818474e-01,6.928013750843834417e-01,7.400782113139691143e-01,6.859844179773105788e-01,8.983066503728216468e-01,8.632597346927921578e-01,1.000000000000000000e+00,8.776165262412409795e-01,7.867314779413610015e-01,8.507151815081998025e-01,7.172571816024724267e-01,6.757504580473504552e-01,8.260864683892347182e-01,8.527962565320345023e-01,6.248034090029508381e-01,7.386163148647642007e-01,7.968788775515511791e-01,6.552302450695822733e-01
7.559154204549304312e-01,3.628830698335859806e-01,8.226762323416423328e-01,3.051277555271016406e-01,7.729661774780053340e-01,5.364998075657172183e-02,2.191691979343127761e-01,-8.308805407003424515e-01,6.942033492640188319e-01,4.750458826917529631e-01,-3.596996055320121899e-01,5.035668565128866847e-01,-5.608415716919493699e-01,8.005599512119599970e-01,-5.087291481248022995e-01,7.594597685394497422e-01,1.374929142032633722e-01,7.128717645483236831e-01,4.990429680918181399e-01,7.875356804047320969e-01,8.234218808472195672e-01,8.155082086010922993e-01,6.947498176066118081e-01,7.471276563114734870e-01,6.943087664795934977e-01,8.493052720136491374e-01,7.986812759780504978e-01,8.776165262412409795e-01,1.000000000000000000e+00,7.054426354190050930e-01,7.033916183005528566e-01,7.344712500840032687e-01,6.339192786351430797e-01,7.838038341602083792e-01,8.753718751098704676e-01,5.857423267969328329e-01,7.648995239933553680e-01,7.273923595733878811e-01,5.575891377177676356e-01
7.873359386630106593e-01,4.110979704339405849e-01,7.969324756200465432e-01,4.905539207344355446e-01,7.890899198503049661e-01,-3.101775071012359830e-01,2.835689566815501883e-01,-7.848434068217512438e-01,8.965427281448331565e-01,7.437843266536665610e-01,-6.250060294257434590e-01,4.496822454175831152e-01,-6.895484152734849825e-01,6.711009129173530763e-01,-7.442556132036061145e-01,9.017194825629353261e-01,-2.768364111269673855e-01,8.484102022730741766e-01,7.093715810656556764e-01,7.614730377423186702e-01,6.205492544894646301e-01,6.853711081593991672e-01,3.994383248034649170e-01,6.890792771216555090e-01,3.744617291820773741e-01,8.056898427305039245e-01,7.424111456510502638e-01,7.867314779413610015e-01,7.054426354190050930e-01,1.000000000000000000e+00,6.411291603269310135e-01,4.662914722895556419e-01,5.246649403595062822e-01,8.496399069127135162e-01,5.841328682214534940e-01,4.164395296327716434e-01,4.254005823659509633e-01,8.694960744311970302e-01,8.085443876177518252e-01
6.820344507907232234e-01,4.231392822653667896e-01,8.080670852447023877e-01,3.528286762745081462e-01,8.150066131058929519e-01,9.146484603830071225e-02,2.718214387445606617e-01,-7.994442100408498675e-01,6.213412529474173773e-01,7.029591866894354668e-01,-2.058077963978960923e-01,2.966006785388419775e-01,-4.554285654677767692e-01,8.054793183262499712e-01,-6.058835931853028267e-01,7.613255562848688651e-01,2.174240338947607543e-01,7.836323934030581251e-01,6.777548812643745535e-01,6.899305480549554614e-01,8.044602223729380164e-01,8.047874024579049212e-01,7.112964034108653077e-01,7.002423472442397268e-01,7.286679506676467799e-01,7.280426882242430064e-01,7.410645860469436963e-01,8.507151815081998025e-01,7.033916183005528566e-01,6.411291603269310135e-01,1.000000000000000000e+00,6.534998038019068645e-01,7.298250650843800535e-01,7.082607671989951115e-01,7.623754409362477613e-01,6.080763732330620730e-01,6.869467843315227862e-01,6.536643986241429394e-01,5.541713104484915497e-01
6.395086857241496503e-01,5.490671007725634878e-01,6.598816385764891823e-01,2.344146844912275152e-01,6.532919437974479271e-01,2.542624197822513921e-01,1.823624417578548207e-01,-6.732135995044786769e-01,5.036350756080274493e-01,4.739359323036678728e-01,-2.117737487238775460e-02,3.409140702228066755e-01,-2.447223798764230351e-01,6.872248794294184560e-01,-3.894792393916500228e-01,4.985267386315083704e-01,2.938249941024452805e-01,5.229677486905270900e-01,3.702749229954194199e-01,5.912066362436322331e-01,6.213049707839357616e-01,6.454497123534643777e-01,6.598173279032931715e-01,5.793158854711193406e-01,6.676621849358225225e-01,7.102030585489664816e-01,7.631654642397518451e-01,7.172571816024724267e-01,7.344712500840032687e-01,4.662914722895556419e-01,6.534998038019068645e-01,1.000000000000000000e+00,5.719621859945738240e-01,6.077812624985832191e-01,8.116835515876809071e-01,7.084668519819495858e-01,8.320985632286171940e-01,5.147740214837009942e-01,4.233015792285425016e-01
4.384085858966279003e-01,2.011173416156535054e-01,7.756345845063887801e-01,3.664929823236468542e-01,7.866472058098259446e-01,2.136609928242912126e-01,1.498058297447602272e-01,-7.593943826276530196e-01,4.853730773506828022e-01,5.558431803817801553e-01,-3.595399384752659411e-02,2.775777386228395760e-01,-1.690423478395992052e-01,7.730616546973233527e-01,-4.820870603929618414e-01,5.849072090495269771e-01,2.553721380496488669e-01,6.121682110477735250e-01,4.237315181689132459e-01,4.945941385242622612e-01,7.752978158426719890e-01,7.139527753275732858e-01,6.919978147850173178e-01,6.563836191441798640e-01,7.533146005994726391e-01,5.473226467631250314e-01,5.001082940733414528e-01,6.757504580473504552e-01,6.339192786351430797e-01,5.246649403595062822e-01,7.298250650843800535e-01,5.719621859945738240e-01,1.000000000000000000e+00,6.337971816623588772e-01,6.592296582002639127e-01,6.526888649997477643e-01,6.852332462898771404e-01,4.614816863691306725e-01,3.145216828047393554e-01
7.625747925264141358e-01,4.084687897977147264e-01,8.501731815683770677e-01,4.629067509629765098e-01,8.567437735197060977e-01,-1.569271942807084208e-01,2.603671047010895911e-01,-8.373936580595942036e-01,8.848981845177827932e-01,6.636176548275111164e-01,-5.373112072688680518e-01,6.093775614128161822e-01,-6.756746086131094620e-01,8.004858903688779614e-01,-6.555567929431074248e-01,8.167515552925347366e-01,-1.584912880730567353e-01,7.878402480650622541e-01,6.438611082247776007e-01,8.332083728534780409e-01,6.836204986607591350e-01,7.782192186297414160e-01,5.425114433449177431e-01,7.415766653227088279e-01,5.250384005084629546e-01,8.347142347721295819e-01,7.785188732114282084e-01,8.260864683892347182e-01,7.838038341602083792e-01,8.496399069127135162e-01,7.082607671989951115e-01,6.077812624985832191e-01,6.337971816623588772e-01,1.000000000000000000e+00,6.871949088890391133e-01,4.710804134101259089e-01,5.695082070993806589e-01,8.389478397818964650e-01,7.617758560258177658e-01
6.827224595225969139e-01,3.721299246136230421e-01,7.533205871205326254e-01,3.096293138289690217e-01,7.348752231625657050e-01,2.421961070193849597e-01,2.168628681072312936e-01,-7.632384699442218423e-01,5.740786552172162382e-01,4.785169488201526100e-01,-1.638251321292036322e-01,3.948659083322831886e-01,-3.841994448943357732e-01,8.199636029692367600e-01,-4.657716049215108733e-01,6.780045676625976458e-01,3.332072408086992343e-01,6.652369768912815839e-01,4.745708958310643211e-01,7.090628676025708677e-01,7.984278274358673766e-01,7.735834289865923807e-01,7.926592764077792230e-01,7.464904161561758400e-01,7.842654972685180192e-01,7.811625097026677622e-01,7.594025243352008347e-01,8.527962565320345023e-01,8.753718751098704676e-01,5.841328682214534940e-01,7.623754409362477613e-01,8.116835515876809071e-01,6.592296582002639127e-01,6.871949088890391133e-01,1.000000000000000000e+00,6.747820422548462815e-01,8.902524172011033743e-01,6.074185747044160699e-01,4.340860710549115375e-01
5.130160754888937191e-01,4.167682904964254975e-01,6.207532051194020184e-01,2.807970990039753145e-01,6.179500925410255086e-01,2.956169930264077594e-01,2.453348086542301298e-01,-6.292764287489748254e-01,4.074876667607928438e-01,5.272832250144646737e-01,3.284526852137199110e-02,1.512918764859199905e-01,-9.523327538109244150e-02,6.413456004015444245e-01,-3.757425743303890453e-01,4.818339216929184432e-01,2.517121759153471139e-01,5.047940667678031401e-01,3.336131247497504670e-01,4.747969000309993359e-01,6.548142616505399083e-01,5.992678873157157859e-01,6.697015780627645354e-01,4.544777730428449236e-01,6.885705453898138817e-01,5.760152170374815972e-01,5.609299165449458391e-01,6.248034090029508381e-01,5.857423267969328329e-01,4.164395296327716434e-01,6.080763732330620730e-01,7.084668519819495858e-01,6.526888649997477643e-01,4.710804134101259089e-01,6.747820422548462815e-01,1.000000000000000000e+00,7.389431390585194936e-01,4.557216988913498357e-01,3.276390703112801450e-01
5.559602485236734282e-01,3.558017145172764351e-01,6.608296017621783092e-01,2.949307393032152835e-01,6.719598007055587185e-01,3.763487158181610948e-01,1.636845256681342675e-01,-6.666643607934230609e-01,4.347949046946785745e-01,4.066709917147592335e-01,1.929649041328573844e-02,3.329380845864491345e-01,-2.119821117793082299e-01,7.736289665904586554e-01,-3.834613624220343797e-01,5.238690357077930848e-01,4.132003020818016958e-01,5.570794864333820096e-01,3.519157182890233493e-01,5.806824784005243378e-01,7.307455525599785284e-01,6.885511347471187094e-01,7.909277240198024916e-01,6.846360519674449252e-01,7.954268589246082932e-01,6.758936122030385629e-01,6.465953465485204665e-01,7.386163148647642007e-01,7.648995239933553680e-01,4.254005823659509633e-01,6.869467843315227862e-01,8.320985632286171940e-01,6.852332462898771404e-01,5.695082070993806589e-01,8.902524172011033743e-01,7.389431390585194936e-01,1.000000000000000000e+00,4.720733304435090760e-01,2.973565862544452765e-01
8.645849513543282239e-01,4.908590806570403142e-01,8.120711643446918426e-01,4.640906823831791317e-01,7.697376815860901278e-01,-2.758274904239151892e-01,2.966103561592000615e-01,-8.083510948090086856e-01,9.218253113934941068e-01,7.255180203017008722e-01,-6.386232148210199133e-01,4.631363002940510065e-01,-7.541138942244166588e-01,6.421845229232214791e-01,-7.877940472238617042e-01,8.671943312908937385e-01,-3.025354583832717270e-01,8.813669233501953970e-01,7.903947006022045141e-01,8.483420957688402320e-01,6.544083166917398220e-01,7.527873461436944691e-01,4.315138022758822633e-01,6.162752358071577063e-01,4.275907700169729320e-01,8.687719940134208674e-01,7.979036016250712349e-01,7.968788775515511791e-01,7.273923595733878811e-01,8.694960744311970302e-01,6.536643986241429394e-01,5.147740214837009942e-01,4.614816863691306725e-01,8.389478397818964650e-01,6.074185747044160699e-01,4.557216988913498357e-01,4.720733304435090760e-01,1.000000000000000000e+00,9.034994583660906908e-01
8.163281707425150691e-01,5.688948438361920434e-01,6.936473124391587808e-01,4.321943236886758299e-01,6.349660166937446393e-01,-3.969198380434250106e-01,3.082513529953311848e-01,-6.919601074366955595e-01,8.741245725682790235e-01,7.337382966391805539e-01,-6.796500521187112120e-01,4.127111407487266681e-01,-7.347853809191692287e-01,5.185063096467281696e-01,-6.970380722536112517e-01,7.664243989209754693e-01,-4.613967771423726494e-01,7.774291841699625394e-01,7.858055254860063510e-01,7.943107813850072141e-01,4.873058538695546615e-01,6.611079249174961481e-01,2.687653157937511250e-01,4.806158372493194442e-01,2.419204914869599043e-01,7.677539811503558687e-01,7.377221840656199570e-01,6.552302450695822733e-01,5.575891377177676356e-01,8.085443876177518252e-01,5.541713104484915497e-01,4.233015792285425016e-01,3.145216828047393554e-01,7.617758560258177658e-01,4.340860710549115375e-01,3.276390703112801450e-01,2.973565862544452765e-01,9.034994583660906908e-01,1.000000000000000000e+00
