1.000000000000000000e+00,4.962249027446582472e-01,2.967569129677836703e-01,8.719742274374424340e-02,4.365746448733801577e-01,-8.255108536722442769e-02,1.325893078998119090e-01,-3.245826825487317380e-01,5.827612947465882209e-01,4.467384449052503315e-01,-1.429548150297109410e-01,1.266021251654770585e-01,3.151436059485681618e-01,4.006049071191202238e-01,-1.055041441756974091e-01,3.946972516549669963e-01,9.576482296353686086e-02,9.425816151950029698e-02,2.348838062534815696e-01,2.945140912010442147e-01,1.566898258553826584e-01,1.284174609517503840e-01,5.385232527624798093e-01,2.320066655618342466e-01,5.624626287192339147e-01,5.147821186276860805e-01,4.721488919005185081e-01,3.840517967755008311e-01,2.521737797956092320e-01,5.391589764670839946e-01,4.786472704027967540e-01,4.642950800759926971e-02,2.906841992842750244e-01,4.369247388271331189e-01,2.632452990092912226e-01,2.088462063273374136e-01,-1.398579401490484360e-03,4.948674604042319070e-01,4.181747283319410813e-01
4.962249027446582472e-01,1.000000000000000000e+00,1.360596470587911722e-01,-1.704320124507147649e-01,2.918080843116334644e-01,2.557320479492484755e-01,1.748832614285615317e-01,-1.214604527527926026e-01,1.601164871043980198e-01,4.825238341012872967e-01,2.721861045613293562e-01,-1.376428185296396933e-01,1.583030316063543386e-01,3.666511641612157368e-01,-3.050681733229006487e-01,3.700682519704202034e-01,2.208499083356458559e-01,7.820539930036495002e-02,-1.325537749305284174e-01,1.869646967735349649e-02,-1.727408312962438741e-01,-1.877993875662814782e-01,2.699646916325023627e-01,1.187816821013126384e-01,4.557055661844689465e-01,1.054372657174637296e-01,3.692732831084328260e-01,-6.397252892473431762e-02,4.440663742839155437e-01,5.528498647583073300e-01,4.378595417236829102e-01,2.510086236599957110e-01,2.427421753951356509e-01,2.101381447373154576e-01,4.790276960768345416e-01,2.030811881435495569e-01,3.259163347074374162e-01,-2.831242798209473305e-02,2.630898910039171090e-01
2.967569129677836703e-01,1.360596470587911722e-01,1.000000000000000000e+00,8.922845974802443014e-02,6.838898288120662805e-01,2.309683156785660024e-02,2.537367552439128704e-01,-8.607797892731344769e-01,3.202838869642234410e-01,3.380743150046793821e-01,-9.295173945002729822e-04,1.450842429665458455e-01,7.347631945122368169e-02,3.153395197882357670e-01,3.951551831097276264e-03,2.524489512381634104e-01,8.626892192627454159e-02,2.151552361897854718e-02,2.859224936982089904e-01,4.445458508129049302e-01,7.151817832547988085e-02,1.645078913252494279e-01,1.943946320266785599e-01,8.789628147986937312e-02,2.200191290870662508e-01,2.285988605281825403e-01,5.960047162964984824e-02,2.187386093180225533e-01,1.371830404938667869e-01,1.391956868061137720e-01,4.129935109674564564e-01,1.232360266000785409e-01,5.367973071969261989e-01,5.299367920782382946e-01,1.228242514132198981e-01,1.433181907315151937e-01,1.181280679076233131e-01,3.141020323666323666e-01,1.692320303921309166e-01
8.719742274374424340e-02,-1.704320124507147649e-01,8.922845974802443014e-02,1.000000000000000000e+00,1.770351544870221172e-01,-2.828862677016990013e-01,8.213596212549152675e-02,-1.727063807362022863e-01,4.013558557561595630e-01,7.769024827254782106e-02,-2.887335306897934606e-01,2.641301551437200690e-01,-7.461614004520492061e-02,1.795642251946601153e-01,-2.340633161327912715e-01,1.575458699945861407e-01,-1.417322481147584821e-02,1.691933206882999807e-01,4.067237817106489350e-01,1.890950362809372398e-01,2.132084406951553768e-01,1.950942985212583136e-01,3.274698491083865015e-01,1.532927983870616129e-01,1.446941804479514038e-01,7.471926539387870048e-02,1.644234247998122359e-02,-7.106494453469444639e-02,-3.329236412797738076e-01,4.799175508897644826e-02,1.080844026246151474e-01,-1.685292210779037181e-01,-7.275048766461228444e-02,1.179244255706544259e-01,-2.119156825431932623e-01,2.623497168904824206e-01,-3.686699816003471963e-01,2.293839654979486498e-01,2.465254540155402407e-01
4.365746448733801577e-01,2.918080843116334644e-01,6.838898288120662805e-01,1.770351544870221172e-01,1.000000000000000000e+00,1.137761363741062876e-01,1.903193054045400623e-01,-6.723527133499135333e-01,4.859408280764248578e-01,3.416408005513264512e-01,7.329502521937322768e-02,2.708758622148494943e-01,1.296347791288934015e-01,5.696777499600532702e-01,-1.545164857613598453e-01,2.058702665118918307e-01,2.016258752151648959e-01,1.108990844100964795e-01,2.854264912356334616e-01,2.940279353783943339e-01,-6.837274684749337916e-02,-4.673975567417823149e-03,3.361329104180440508e-01,2.416782393989445055e-01,4.181521637614873388e-01,2.039216069620872207e-01,2.459309811150681702e-01,6.622782228435046548e-02,1.879028989665888216e-01,2.282089698464213334e-01,4.300964901227541937e-01,1.878752903799335849e-01,4.845168379449840135e-01,7.110588881142536621e-01,1.795697460787054334e-01,1.661855278307069472e-01,1.192842070951873196e-01,3.535215356606938308e-01,4.282178300264408710e-01
-8.255108536722442769e-02,2.557320479492484755e-01,2.309683156785660024e-02,-2.828862677016990013e-01,1.137761363741062876e-01,1.000000000000000000e+00,1.106919060922322978e-01,6.467494920574393125e-02,-3.559348804391823662e-01,-1.925896976793390128e-02,8.094760714865535389e-01,-1.438401274885064696e-01,-2.378604030842589034e-01,3.187998407645006860e-01,-4.100957748889950127e-01,-1.549051958478766533e-01,3.259709592918421661e-01,4.198978359089873269e-01,-2.630692681572081582e-01,-1.852882992668173079e-01,-6.637272381264098797e-01,-6.748051679193078911e-01,-2.370572660805180254e-01,1.546228829604258115e-01,8.302137442970941583e-02,-4.242980113720207225e-01,-2.579176660037370006e-01,-3.251195168376852518e-01,6.527391086969740464e-01,1.095538198988095374e-01,-1.446402225291364141e-01,6.185335928756960922e-01,1.585753346912164297e-01,8.991465925324133857e-02,3.392231649407820293e-01,-3.411142048912247371e-01,7.051680647384208633e-01,-1.763483006821965071e-01,2.044781349252866446e-04
1.325893078998119090e-01,1.748832614285615317e-01,2.537367552439128704e-01,8.213596212549152675e-02,1.903193054045400623e-01,1.106919060922322978e-01,1.000000000000000000e+00,-2.294305674935757378e-01,2.173484127608204808e-01,4.464480859044321903e-01,5.623191922937810852e-03,5.032380754152988855e-02,2.720544497042151066e-01,1.740806874520856029e-01,-2.971919279435887296e-01,5.025736075110399659e-01,1.426092252578955721e-01,1.700601200088789899e-01,2.339975539805545235e-01,1.347102742195750158e-01,1.317345782683953248e-01,1.331687441942666361e-01,3.438484486478119440e-01,1.718312329811765293e-01,2.834561997313490567e-01,-4.993719841140857596e-02,2.243502150222689007e-01,9.330926594786530248e-02,1.640912536253143761e-01,1.611530480068578408e-01,3.824310802153354505e-01,2.530886529589725376e-01,3.320310421318771743e-01,1.502684300579986421e-01,3.441957565780336403e-01,2.977941814785188823e-01,2.074750831561329723e-01,1.134674173699102145e-01,2.258206536886686322e-01
-3.245826825487317380e-01,-1.214604527527926026e-01,-8.607797892731344769e-01,-1.727063807362022863e-01,-6.723527133499135333e-01,6.467494920574393125e-02,-2.294305674935757378e-01,1.000000000000000000e+00,-3.780076700268768519e-01,-3.370214325944637102e-01,8.775981295558819839e-02,-1.614949863654056017e-01,-6.275098450650636039e-02,-3.118267664088594793e-01,-1.543403647199479908e-02,-2.689333320686505546e-01,-5.173178459523267159e-02,2.081147063774880981e-03,-3.231565083443376785e-01,-4.517203853207838460e-01,-1.200769876184963614e-01,-2.078790993090875172e-01,-2.287033306881566530e-01,-6.137998015379606681e-02,-2.344345136261362095e-01,-2.595080426659664985e-01,-7.346048458950660276e-02,-1.926687502604455815e-01,-5.746983756196408916e-02,-1.579209948669809127e-01,-4.261372984121358787e-01,-2.979092484103222638e-02,-4.559110106417545438e-01,-5.024330549753678321e-01,-6.319151589200058816e-02,-2.034239997816689460e-01,-4.831012557747629312e-03,-3.205835201120620370e-01,-2.147592485442056387e-01
5.827612947465882209e-01,1.601164871043980198e-01,3.202838869642234410e-01,4.013558557561595630e-01,4.859408280764248578e-01,-3.559348804391823662e-01,2.173484127608204808e-01,-3.780076700268768519e-01,1.000000000000000000e+00,4.056323235988860132e-01,-3.818198475972954808e-01,5.111922907133504834e-01,3.764603375287337572e-01,3.719624681681002465e-01,-1.035262146536651967e-01,4.324363131604629373e-01,1.004754885350264415e-01,8.848253679223981594e-02,5.438912932767526742e-01,3.740771074662572193e-01,3.793330326574166356e-01,3.891494702930404781e-01,6.171245996712102500e-01,3.232386470418128210e-01,4.523498858469724992e-01,4.988117897258758093e-01,4.395485107314267559e-01,3.880645931690602235e-01,-1.123850894355282737e-01,3.154790632046677867e-01,4.512524905670791675e-01,-5.353874958782842836e-02,3.157814504811826684e-01,5.141453148562349362e-01,1.252753642841196446e-01,4.272128869820895347e-01,-2.313291209168364670e-01,6.489866101719303781e-01,5.271785994954993892e-01
4.467384449052503315e-01,4.825238341012872967e-01,3.380743150046793821e-01,7.769024827254782106e-02,3.416408005513264512e-01,-1.925896976793390128e-02,4.464480859044321903e-01,-3.370214325944637102e-01,4.056323235988860132e-01,1.000000000000000000e+00,-4.476518320741600804e-02,8.580830259062444121e-02,2.457408263228562650e-01,3.030644178750622197e-01,-2.414648359019550827e-01,7.851395936277516530e-01,2.362814217027857933e-01,8.999440998414350024e-02,2.590371986781225822e-01,2.704020982382099869e-01,2.164397753857048579e-01,2.039310115661614464e-01,5.688821100633395522e-01,1.518375065385104139e-01,5.513092411443398788e-01,1.169554946172989135e-01,3.162929492415418875e-01,1.841375812622196573e-01,1.690237316264805723e-01,5.987617464271629553e-01,6.021961327008673592e-01,1.107789978566428718e-01,4.143074498208399459e-01,2.758554478749749572e-01,3.214911350414584867e-01,4.302257910090596105e-01,1.534729199349586237e-01,2.515257865428779938e-01,3.419151422550171238e-01
-1.429548150297109410e-01,2.721861045613293562e-01,-9.295173945002729822e-04,-2.887335306897934606e-01,7.329502521937322768e-02,8.094760714865535389e-01,5.623191922937810852e-03,8.775981295558819839e-02,-3.818198475972954808e-01,-4.476518320741600804e-02,1.000000000000000000e+00,-1.193758817631438984e-01,-3.088199263700478481e-01,2.698818409653637174e-01,-3.490139134464221304e-01,-1.780076779243974783e-01,4.648501187611235874e-01,3.662152750357331454e-01,-3.272896491396525831e-01,-1.914044423196751554e-01,-6.595528207370681129e-01,-6.469944902787623242e-01,-2.553652961747077677e-01,1.636853640513068475e-01,1.793275582954094796e-02,-4.108182602907571868e-01,-2.610821920686561270e-01,-3.642805678108588241e-01,5.562016925538255663e-01,7.116507629881126118e-02,-1.422735133699376264e-01,5.443571381480826199e-01,1.008914346977315968e-01,6.746571907087622888e-02,2.865346257275728781e-01,-3.434012330829227522e-01,6.511211663089041535e-01,-1.835901216045456308e-01,2.760077696145606108e-02
1.266021251654770585e-01,-1.376428185296396933e-01,1.450842429665458455e-01,2.641301551437200690e-01,2.708758622148494943e-01,-1.438401274885064696e-01,5.032380754152988855e-02,-1.614949863654056017e-01,5.111922907133504834e-01,8.580830259062444121e-02,-1.193758817631438984e-01,1.000000000000000000e+00,2.237210198259204086e-01,1.357296662380104435e-01,2.194053182214945885e-02,8.061749140221614873e-02,1.701815467035318608e-01,4.282107642575572193e-02,2.006873660567863316e-01,2.480658942324144023e-01,2.189348545415193970e-01,2.632489718987628957e-01,1.313887747573937725e-01,3.119895210677047781e-01,9.010952226005269905e-02,2.247759658485393164e-01,2.429254802904751986e-01,2.197418797149686409e-01,-1.554023327230596163e-01,-1.340857197745884133e-01,1.434724703754663155e-01,6.718464051953446092e-02,1.785169059352006982e-01,4.086696292365231686e-01,1.074992310465034406e-01,1.865018989752518785e-01,-3.785510667783404531e-02,3.920336309378970041e-01,4.882863442362828099e-01
3.151436059485681618e-01,1.583030316063543386e-01,7.347631945122368169e-02,-7.461614004520492061e-02,1.296347791288934015e-01,-2.378604030842589034e-01,2.720544497042151066e-01,-6.275098450650636039e-02,3.764603375287337572e-01,2.457408263228562650e-01,-3.088199263700478481e-01,2.237210198259204086e-01,1.000000000000000000e+00,9.439788908160551273e-02,2.075804512340560237e-01,3.043945533305534856e-01,-5.080085326552107733e-02,-3.196907147475238076e-01,9.683246886915949925e-02,1.452301289068446688e-01,5.184493291176437424e-01,5.268750936212118763e-01,3.351705998856889801e-01,2.917262795599852021e-01,3.017795466595369347e-01,4.178389160709946037e-01,6.630558786386985259e-01,4.814213719641066147e-01,1.330469364679509048e-01,1.380958252495962102e-01,2.545343397957595677e-01,1.667212711568824834e-01,5.210651858350280330e-01,2.564086769972982460e-01,5.171598847077364391e-01,3.095186573559235987e-01,1.078778431937474219e-01,1.188504414595815822e-01,9.569555271496091309e-02
4.006049071191202238e-01,3.666511641612157368e-01,3.153395197882357670e-01,1.795642251946601153e-01,5.696777499600532702e-01,3.187998407645006860e-01,1.740806874520856029e-01,-3.118267664088594793e-01,3.719624681681002465e-01,3.030644178750622197e-01,2.698818409653637174e-01,1.357296662380104435e-01,9.439788908160551273e-02,1.000000000000000000e+00,-3.761678417014193143e-01,1.700011859975744388e-01,3.359288836526338473e-01,2.679895624471020366e-01,1.920137883019762959e-01,9.306411360607673433e-02,-2.366692569542283853e-01,-2.480709221055207581e-01,4.185056679225182541e-01,5.420826930468714000e-01,5.946826215115283976e-01,-1.578226878222587296e-02,1.366778215637719229e-01,-1.532158878416658709e-01,3.197636974266955812e-01,4.208711647400708022e-01,2.234618098292080191e-01,3.105456675636699693e-01,3.841371338235288202e-01,5.482964588115710747e-01,2.667153976507992685e-01,4.191371162602530037e-02,2.253497062326839662e-01,2.768688637749572301e-01,4.139226325763358250e-01
-1.055041441756974091e-01,-3.050681733229006487e-01,3.951551831097276264e-03,-2.340633161327912715e-01,-1.545164857613598453e-01,-4.100957748889950127e-01,-2.971919279435887296e-01,-1.543403647199479908e-02,-1.035262146536651967e-01,-2.414648359019550827e-01,-3.490139134464221304e-01,2.194053182214945885e-02,2.075804512340560237e-01,-3.761678417014193143e-01,1.000000000000000000e+00,-1.850387442367336099e-01,-2.595741850296118258e-01,-6.877750771704945754e-01,-2.846872023360219051e-01,1.146875456434345159e-01,4.200780119579022309e-01,4.676468296112905598e-01,-2.173607640471980074e-01,-2.020475709928051256e-01,-2.965011790789983670e-01,2.903208786793324281e-01,1.695760701389511516e-01,3.343246233473244899e-01,-2.025063430623190996e-01,-2.703499957960089350e-01,-1.352455567615212240e-01,-2.675119318783951705e-01,9.422599381481192374e-03,1.659599160292687947e-02,-1.284331418389066115e-01,-8.685917572862053571e-02,-2.557855385285996430e-01,-1.764133734486400540e-01,-3.786096966121303975e-01
3.946972516549669963e-01,3.700682519704202034e-01,2.524489512381634104e-01,1.575458699945861407e-01,2.058702665118918307e-01,-1.549051958478766533e-01,5.025736075110399659e-01,-2.689333320686505546e-01,4.324363131604629373e-01,7.851395936277516530e-01,-1.780076779243974783e-01,8.061749140221614873e-02,3.043945533305534856e-01,1.700011859975744388e-01,-1.850387442367336099e-01,1.000000000000000000e+00,1.717209810883168208e-01,4.469979286686951575e-02,3.244098113546732276e-01,3.242622640818578761e-01,3.724958123209458072e-01,3.414350698967059672e-01,5.637190152315940672e-01,1.400617169996386802e-01,4.246224951275545667e-01,1.607093461309651028e-01,3.339589155597230130e-01,2.722986511642390695e-01,5.509292139271405181e-02,5.358628482103579005e-01,5.952109565794487800e-01,5.239172760016702407e-04,3.552726956983963125e-01,1.780942977222783608e-01,3.233565569708182763e-01,4.370860169615206070e-01,5.562788523535062285e-02,2.580743371883772452e-01,2.651562226900495145e-01
9.576482296353686086e-02,2.208499083356458559e-01,8.626892192627454159e-02,-1.417322481147584821e-02,2.016258752151648959e-01,3.259709592918421661e-01,1.426092252578955721e-01,-5.173178459523267159e-02,1.004754885350264415e-01,2.362814217027857933e-01,4.648501187611235874e-01,1.701815467035318608e-01,-5.080085326552107733e-02,3.359288836526338473e-01,-2.595741850296118258e-01,1.717209810883168208e-01,1.000000000000000000e+00,2.626971469860963082e-01,2.805511068644259837e-02,5.957734736036438515e-03,-1.961556072960281005e-01,-1.901812273418301558e-01,2.041156042977514684e-01,3.253467274632424466e-01,2.174259069857495674e-01,-1.285504237394013982e-01,4.022641540164762636e-02,-9.871042804548318950e-02,2.447865896893470783e-01,2.277883223750734598e-01,1.294526727639183361e-01,2.748916492321488714e-01,2.450665789183385790e-01,2.197074689564913474e-01,2.241746897490169976e-01,-2.019698194510287370e-02,2.141200842015802130e-01,1.566620890047338843e-01,2.620333046011659173e-01
9.425816151950029698e-02,7.820539930036495002e-02,2.151552361897854718e-02,1.691933206882999807e-01,1.108990844100964795e-01,4.198978359089873269e-01,1.700601200088789899e-01,2.081147063774880981e-03,8.848253679223981594e-02,8.999440998414350024e-02,3.662152750357331454e-01,4.282107642575572193e-02,-3.196907147475238076e-01,2.679895624471020366e-01,-6.877750771704945754e-01,4.469979286686951575e-02,2.626971469860963082e-01,1.000000000000000000e+00,3.880633963423261168e-01,-3.784661900291898945e-02,-4.509707921453078305e-01,-4.757153968377210163e-01,8.640305334710834950e-02,1.586067817478222786e-01,1.297902298388548259e-01,-1.325217629716279877e-01,-2.849499666123112007e-01,-1.123800090327411461e-01,1.770319121618774694e-01,1.748638512533872702e-01,-2.500187872341583933e-02,2.218235221477048436e-01,-8.742790576317366336e-02,-6.420959419021796122e-02,-2.452816449896758413e-02,-4.335920104789313390e-02,2.560800288313040962e-01,3.872284212547922322e-01,2.727030658803441532e-01
2.348838062534815696e-01,-1.325537749305284174e-01,2.859224936982089904e-01,4.067237817106489350e-01,2.854264912356334616e-01,-2.630692681572081582e-01,2.339975539805545235e-01,-3.231565083443376785e-01,5.438912932767526742e-01,2.590371986781225822e-01,-3.272896491396525831e-01,2.006873660567863316e-01,9.683246886915949925e-02,1.920137883019762959e-01,-2.846872023360219051e-01,3.244098113546732276e-01,2.805511068644259837e-02,3.880633963423261168e-01,1.000000000000000000e+00,2.849951580032265008e-01,2.529409473555264132e-01,2.514636682783753518e-01,4.511161636449451118e-01,2.171044218456424924e-01,2.566960935872342198e-01,2.792617343315631495e-01,2.145991900571758704e-02,3.046254787704803513e-01,-1.865619841880435670e-01,1.520812404502602244e-01,2.790024092719818327e-01,-1.165693250623069388e-01,1.831849249064194662e-01,1.399609223618017706e-01,-5.595835231075492466e-02,2.580006682954412711e-01,-1.992661434267891385e-01,5.830889057171811940e-01,2.978920226817544092e-01
2.945140912010442147e-01,1.869646967735349649e-02,4.445458508129049302e-01,1.890950362809372398e-01,2.940279353783943339e-01,-1.852882992668173079e-01,1.347102742195750158e-01,-4.517203853207838460e-01,3.740771074662572193e-01,2.704020982382099869e-01,-1.914044423196751554e-01,2.480658942324144023e-01,1.452301289068446688e-01,9.306411360607673433e-02,1.146875456434345159e-01,3.242622640818578761e-01,5.957734736036438515e-03,-3.784661900291898945e-02,2.849951580032265008e-01,1.000000000000000000e+00,3.279504480329073490e-01,3.695036650562973923e-01,1.531093016010258157e-01,7.883999377133608932e-02,6.058914462129844775e-02,3.784666095624913962e-01,1.404552030674186547e-01,4.337957097025286202e-01,2.918139719227562726e-02,1.398803627121027182e-01,3.098571160469501540e-01,5.401528142307795294e-02,2.988347798911165087e-01,2.592965535500828533e-01,1.142270923819023315e-01,1.817978024591048736e-01,-6.719355570649049487e-03,3.727285230445231412e-01,8.345572090049258041e-02
1.566898258553826584e-01,-1.727408312962438741e-01,7.151817832547988085e-02,2.132084406951553768e-01,-6.837274684749337916e-02,-6.637272381264098797e-01,1.317345782683953248e-01,-1.200769876184963614e-01,3.793330326574166356e-01,2.164397753857048579e-01,-6.595528207370681129e-01,2.189348545415193970e-01,5.184493291176437424e-01,-2.366692569542283853e-01,4.200780119579022309e-01,3.724958123209458072e-01,-1.961556072960281005e-01,-4.509707921453078305e-01,2.529409473555264132e-01,3.279504480329073490e-01,1.000000000000000000e+00,8.513644932564803369e-01,3.250752182470966756e-01,3.519327865983464670e-02,5.206917767645217326e-02,4.693043008073929934e-01,4.429714780411246333e-01,5.507117075071619183e-01,-3.184679578699776692e-01,2.306164750230619426e-02,2.882065805716618190e-01,-2.703677552790445526e-01,2.379128728789027813e-01,1.660790300735450614e-02,9.804989923390478035e-02,4.150386072597960774e-01,-3.715519062968162256e-01,1.037583585762748839e-01,-9.022826040777971734e-02
1.284174609517503840e-01,-1.877993875662814782e-01,1.645078913252494279e-01,1.950942985212583136e-01,-4.673975567417823149e-03,-6.748051679193078911e-01,1.331687441942666361e-01,-2.078790993090875172e-01,3.891494702930404781e-01,2.039310115661614464e-01,-6.469944902787623242e-01,2.632489718987628957e-01,5.268750936212118763e-01,-2.480709221055207581e-01,4.676468296112905598e-01,3.414350698967059672e-01,-1.901812273418301558e-01,-4.757153968377210163e-01,2.514636682783753518e-01,3.695036650562973923e-01,8.513644932564803369e-01,1.000000000000000000e+00,2.789096664669749592e-01,1.518777172186373467e-02,1.306736813588480102e-02,5.016458693283940562e-01,4.403837961887187569e-01,5.633972515510767831e-01,-3.057324581249000195e-01,-3.251265380961781970e-02,3.194376225266133962e-01,-2.371307136214562961e-01,2.664685898891001603e-01,7.109527384662781002e-02,9.634455935933625148e-02,4.313763109988122402e-01,-3.385864656583675858e-01,1.287532872888249025e-01,-6.513670545091906905e-02
5.385232527624798093e-01,2.699646916325023627e-01,1.943946320266785599e-01,3.274698491083865015e-01,3.361329104180440508e-01,-2.370572660805180254e-01,3.438484486478119440e-01,-2.287033306881566530e-01,6.171245996712102500e-01,5.688821100633395522e-01,-2.553652961747077677e-01,1.313887747573937725e-01,3.351705998856889801e-01,4.185056679225182541e-01,-2.173607640471980074e-01,5.637190152315940672e-01,2.041156042977514684e-01,8.640305334710834950e-02,4.511161636449451118e-01,1.531093016010258157e-01,3.250752182470966756e-01,2.789096664669749592e-01,1.000000000000000000e+00,2.997650315816579591e-01,6.905216930533532027e-01,3.037741874994814850e-01,4.387851409597389174e-01,2.190156020193047282e-01,-4.641559468809408617e-02,4.347631064169396597e-01,4.970490788965068463e-01,-7.024657488417279660e-02,3.018049982778960305e-01,3.429844526227630030e-01,1.737340271329615715e-01,4.752215940744380362e-01,-1.638409222452930636e-01,4.383057212506895617e-01,4.605917459615365694e-01
2.320066655618342466e-01,1.187816821013126384e-01,8.789628147986937312e-02,1.532927983870616129e-01,2.416782393989445055e-01,1.546228829604258115e-01,1.718312329811765293e-01,-6.137998015379606681e-02,3.232386470418128210e-01,1.518375065385104139e-01,1.636853640513068475e-01,3.119895210677047781e-01,2.917262795599852021e-01,5.420826930468714000e-01,-2.020475709928051256e-01,1.400617169996386802e-01,3.253467274632424466e-01,1.586067817478222786e-01,2.171044218456424924e-01,7.883999377133608932e-02,3.519327865983464670e-02,1.518777172186373467e-02,2.997650315816579591e-01,1.000000000000000000e+00,4.061367037387758616e-01,4.955815552174935162e-02,2.017187157278212406e-01,8.884328537237945467e-02,2.698061229636000147e-01,2.576615780140069645e-01,1.006363536296696753e-01,3.093169526408703907e-01,4.161254847819965685e-01,3.720291545321759985e-01,3.648446548774264553e-01,-9.175171462934868585e-03,2.342530628163952688e-01,2.570652871289992869e-01,2.850921115384708049e-01
5.624626287192339147e-01,4.557055661844689465e-01,2.200191290870662508e-01,1.446941804479514038e-01,4.181521637614873388e-01,8.302137442970941583e-02,2.834561997313490567e-01,-2.344345136261362095e-01,4.523498858469724992e-01,5.513092411443398788e-01,1.793275582954094796e-02,9.010952226005269905e-02,3.017795466595369347e-01,5.946826215115283976e-01,-2.965011790789983670e-01,4.246224951275545667e-01,2.174259069857495674e-01,1.297902298388548259e-01,2.566960935872342198e-01,6.058914462129844775e-02,5.206917767645217326e-02,1.306736813588480102e-02,6.905216930533532027e-01,4.061367037387758616e-01,1.000000000000000000e+00,1.440746317963190748e-01,4.099383301818194658e-01,2.073522093508478256e-02,2.059717971369524614e-01,4.686589495908241587e-01,4.917700537171868502e-01,1.121457628958701658e-01,3.763052193440961646e-01,4.415462169322879604e-01,2.982472450382128715e-01,2.408529344349964185e-01,1.039065273913915288e-01,2.873331871515379943e-01,4.995063048645629888e-01
5.147821186276860805e-01,1.054372657174637296e-01,2.285988605281825403e-01,7.471926539387870048e-02,2.039216069620872207e-01,-4.242980113720207225e-01,-4.993719841140857596e-02,-2.595080426659664985e-01,4.988117897258758093e-01,1.169554946172989135e-01,-4.108182602907571868e-01,2.247759658485393164e-01,4.178389160709946037e-01,-1.578226878222587296e-02,2.903208786793324281e-01,1.607093461309651028e-01,-1.285504237394013982e-01,-1.325217629716279877e-01,2.792617343315631495e-01,3.784666095624913962e-01,4.693043008073929934e-01,5.016458693283940562e-01,3.037741874994814850e-01,4.955815552174935162e-02,1.440746317963190748e-01,1.000000000000000000e+00,5.279371714647715930e-01,6.953591111759599430e-01,-4.997932238042199216e-02,7.748995483850695809e-02,3.262988132342590220e-01,-1.503479223972486178e-01,1.773622203124934904e-01,2.106782883221489933e-01,1.049036649579705160e-01,2.894093190998118792e-01,-2.003779564107489863e-01,4.664665464710740506e-01,1.466178864489290634e-01
4.721488919005185081e-01,3.692732831084328260e-01,5.960047162964984824e-02,1.644234247998122359e-02,2.459309811150681702e-01,-2.579176660037370006e-01,2.243502150222689007e-01,-7.346048458950660276e-02,4.395485107314267559e-01,3.162929492415418875e-01,-2.610821920686561270e-01,2.429254802904751986e-01,6.630558786386985259e-01,1.366778215637719229e-01,1.695760701389511516e-01,3.339589155597230130e-01,4.022641540164762636e-02,-2.849499666123112007e-01,2.145991900571758704e-02,1.404552030674186547e-01,4.429714780411246333e-01,4.403837961887187569e-01,4.387851409597389174e-01,2.017187157278212406e-01,4.099383301818194658e-01,5.279371714647715930e-01,1.000000000000000000e+00,3.712805121153431864e-01,6.322118860229053450e-02,1.834926735356698646e-01,4.686970417337542605e-01,1.366436033566275320e-02,3.050832708270017068e-01,2.954127360386509249e-01,4.124381505066787024e-01,4.235624855558675073e-01,-4.709780694674384899e-02,1.180215830138959809e-01,3.090948056736140259e-01
3.840517967755008311e-01,-6.397252892473431762e-02,2.187386093180225533e-01,-7.106494453469444639e-02,6.622782228435046548e-02,-3.251195168376852518e-01,9.330926594786530248e-02,-1.926687502604455815e-01,3.880645931690602235e-01,1.841375812622196573e-01,-3.642805678108588241e-01,2.197418797149686409e-01,4.814213719641066147e-01,-1.532158878416658709e-01,3.343246233473244899e-01,2.722986511642390695e-01,-9.871042804548318950e-02,-1.123800090327411461e-01,3.046254787704803513e-01,4.337957097025286202e-01,5.507117075071619183e-01,5.633972515510767831e-01,2.190156020193047282e-01,8.884328537237945467e-02,2.073522093508478256e-02,6.953591111759599430e-01,3.712805121153431864e-01,1.000000000000000000e+00,7.126736497699762141e-02,9.241753122505333429e-02,2.499708925873367904e-01,-1.063009293125683104e-02,3.662060976261627410e-01,1.638812695688479371e-01,2.191582088117129123e-01,1.796691242153644896e-01,-3.467451315901262047e-03,4.763619500325301237e-01,-5.796977772664655554e-02
2.521737797956092320e-01,4.440663742839155437e-01,1.371830404938667869e-01,-3.329236412797738076e-01,1.879028989665888216e-01,6.527391086969740464e-01,1.640912536253143761e-01,-5.746983756196408916e-02,-1.123850894355282737e-01,1.690237316264805723e-01,5.562016925538255663e-01,-1.554023327230596163e-01,1.330469364679509048e-01,3.197636974266955812e-01,-2.025063430623190996e-01,5.509292139271405181e-02,2.447865896893470783e-01,1.770319121618774694e-01,-1.865619841880435670e-01,2.918139719227562726e-02,-3.184679578699776692e-01,-3.057324581249000195e-01,-4.641559468809408617e-02,2.698061229636000147e-01,2.059717971369524614e-01,-4.997932238042199216e-02,6.322118860229053450e-02,7.126736497699762141e-02,1.000000000000000000e+00,3.624224681413553695e-01,1.074287711854588212e-01,6.965683897086426546e-01,4.047360430566570577e-01,2.006367657957542350e-01,6.127980800028605124e-01,-1.390092298562458084e-01,6.966081340893910401e-01,-5.912979348494660364e-02,-5.147574185478374920e-02
5.391589764670839946e-01,5.528498647583073300e-01,1.391956868061137720e-01,4.799175508897644826e-02,2.282089698464213334e-01,1.095538198988095374e-01,1.611530480068578408e-01,-1.579209948669809127e-01,3.154790632046677867e-01,5.987617464271629553e-01,7.116507629881126118e-02,-1.340857197745884133e-01,1.380958252495962102e-01,4.208711647400708022e-01,-2.703499957960089350e-01,5.358628482103579005e-01,2.277883223750734598e-01,1.748638512533872702e-01,1.520812404502602244e-01,1.398803627121027182e-01,2.306164750230619426e-02,-3.251265380961781970e-02,4.347631064169396597e-01,2.576615780140069645e-01,4.686589495908241587e-01,7.748995483850695809e-02,1.834926735356698646e-01,9.241753122505333429e-02,3.624224681413553695e-01,1.000000000000000000e+00,3.344745983199684525e-01,1.960140436878513304e-01,2.710171212649689632e-01,1.495097052907571611e-01,3.268345243723796978e-01,2.336332535910358166e-01,1.986667786463666430e-01,1.833749956651257451e-01,1.681488641273629903e-01
4.786472704027967540e-01,4.378595417236829102e-01,4.129935109674564564e-01,1.080844026246151474e-01,4.300964901227541937e-01,-1.446402225291364141e-01,3.824310802153354505e-01,-4.261372984121358787e-01,4.512524905670791675e-01,6.021961327008673592e-01,-1.422735133699376264e-01,1.434724703754663155e-01,2.545343397957595677e-01,2.234618098292080191e-01,-1.352455567615212240e-01,5.952109565794487800e-01,1.294526727639183361e-01,-2.500187872341583933e-02,2.790024092719818327e-01,3.098571160469501540e-01,2.882065805716618190e-01,3.194376225266133962e-01,4.970490788965068463e-01,1.006363536296696753e-01,4.917700537171868502e-01,3.262988132342590220e-01,4.686970417337542605e-01,2.499708925873367904e-01,1.074287711854588212e-01,3.344745983199684525e-01,1.000000000000000000e+00,1.267877164633314166e-02,3.329600108121765767e-01,3.796032956772844025e-01,3.168180665714877553e-01,3.844952785828412711e-01,3.859726357263933844e-02,2.497603923676213755e-01,3.941635266313257557e-01
4.642950800759926971e-02,2.510086236599957110e-01,1.232360266000785409e-01,-1.685292210779037181e-01,1.878752903799335849e-01,6.185335928756960922e-01,2.530886529589725376e-01,-2.979092484103222638e-02,-5.353874958782842836e-02,1.107789978566428718e-01,5.443571381480826199e-01,6.718464051953446092e-02,1.667212711568824834e-01,3.105456675636699693e-01,-2.675119318783951705e-01,5.239172760016702407e-04,2.748916492321488714e-01,2.218235221477048436e-01,-1.165693250623069388e-01,5.401528142307795294e-02,-2.703677552790445526e-01,-2.371307136214562961e-01,-7.024657488417279660e-02,3.093169526408703907e-01,1.121457628958701658e-01,-1.503479223972486178e-01,1.366436033566275320e-02,-1.063009293125683104e-02,6.965683897086426546e-01,1.960140436878513304e-01,1.267877164633314166e-02,1.000000000000000000e+00,3.987702959345498788e-01,2.063715504955347946e-01,5.925662171683965251e-01,-4.541959550345769231e-02,6.901198944951844050e-01,-5.622386816080178484e-02,2.682497179990906214e-02
2.906841992842750244e-01,2.427421753951356509e-01,5.367973071969261989e-01,-7.275048766461228444e-02,4.845168379449840135e-01,1.585753346912164297e-01,3.320310421318771743e-01,-4.559110106417545438e-01,3.157814504811826684e-01,4.143074498208399459e-01,1.008914346977315968e-01,1.785169059352006982e-01,5.210651858350280330e-01,3.841371338235288202e-01,9.422599381481192374e-03,3.552726956983963125e-01,2.450665789183385790e-01,-8.742790576317366336e-02,1.831849249064194662e-01,2.988347798911165087e-01,2.379128728789027813e-01,2.664685898891001603e-01,3.018049982778960305e-01,4.161254847819965685e-01,3.763052193440961646e-01,1.773622203124934904e-01,3.050832708270017068e-01,3.662060976261627410e-01,4.047360430566570577e-01,2.710171212649689632e-01,3.329600108121765767e-01,3.987702959345498788e-01,1.000000000000000000e+00,5.344191799382427277e-01,5.598210855234472261e-01,1.313032937282060941e-01,4.034774691750104836e-01,1.965271297030848907e-01,5.932165282564438175e-02
4.369247388271331189e-01,2.101381447373154576e-01,5.299367920782382946e-01,1.179244255706544259e-01,7.110588881142536621e-01,8.991465925324133857e-02,1.502684300579986421e-01,-5.024330549753678321e-01,5.141453148562349362e-01,2.758554478749749572e-01,6.746571907087622888e-02,4.086696292365231686e-01,2.564086769972982460e-01,5.482964588115710747e-01,1.659599160292687947e-02,1.780942977222783608e-01,2.197074689564913474e-01,-6.420959419021796122e-02,1.399609223618017706e-01,2.592965535500828533e-01,1.660790300735450614e-02,7.109527384662781002e-02,3.429844526227630030e-01,3.720291545321759985e-01,4.415462169322879604e-01,2.106782883221489933e-01,2.954127360386509249e-01,1.638812695688479371e-01,2.006367657957542350e-01,1.495097052907571611e-01,3.796032956772844025e-01,2.063715504955347946e-01,5.344191799382427277e-01,1.000000000000000000e+00,2.467178449558087572e-01,1.391937311998135522e-02,1.156688792860042919e-01,3.936714165759603867e-01,4.269741712433646197e-01
2.632452990092912226e-01,4.790276960768345416e-01,1.228242514132198981e-01,-2.119156825431932623e-01,1.795697460787054334e-01,3.392231649407820293e-01,3.441957565780336403e-01,-6.319151589200058816e-02,1.252753642841196446e-01,3.214911350414584867e-01,2.865346257275728781e-01,1.074992310465034406e-01,5.171598847077364391e-01,2.667153976507992685e-01,-1.284331418389066115e-01,3.233565569708182763e-01,2.241746897490169976e-01,-2.452816449896758413e-02,-5.595835231075492466e-02,1.142270923819023315e-01,9.804989923390478035e-02,9.634455935933625148e-02,1.737340271329615715e-01,3.648446548774264553e-01,2.982472450382128715e-01,1.049036649579705160e-01,4.124381505066787024e-01,2.191582088117129123e-01,6.127980800028605124e-01,3.268345243723796978e-01,3.168180665714877553e-01,5.925662171683965251e-01,5.598210855234472261e-01,2.467178449558087572e-01,1.000000000000000000e+00,1.695081206312339939e-01,6.068521705611618078e-01,-5.200587469807477214e-02,9.935684375769200660e-02
2.088462063273374136e-01,2.030811881435495569e-01,1.433181907315151937e-01,2.623497168904824206e-01,1.661855278307069472e-01,-3.411142048912247371e-01,2.977941814785188823e-01,-2.034239997816689460e-01,4.272128869820895347e-01,4.302257910090596105e-01,-3.434012330829227522e-01,1.865018989752518785e-01,3.095186573559235987e-01,4.191371162602530037e-02,-8.685917572862053571e-02,4.370860169615206070e-01,-2.019698194510287370e-02,-4.335920104789313390e-02,2.580006682954412711e-01,1.817978024591048736e-01,4.150386072597960774e-01,4.313763109988122402e-01,4.752215940744380362e-01,-9.175171462934868585e-03,2.408529344349964185e-01,2.894093190998118792e-01,4.235624855558675073e-01,1.796691242153644896e-01,-1.390092298562458084e-01,2.336332535910358166e-01,3.844952785828412711e-01,-4.541959550345769231e-02,1.313032937282060941e-01,1.391937311998135522e-02,1.695081206312339939e-01,1.000000000000000000e+00,-1.735188210490586358e-01,1.442912425480773475e-01,2.596754865812496149e-01
-1.398579401490484360e-03,3.259163347074374162e-01,1.181280679076233131e-01,-3.686699816003471963e-01,1.192842070951873196e-01,7.051680647384208633e-01,2.074750831561329723e-01,-4.831012557747629312e-03,-2.313291209168364670e-01,1.534729199349586237e-01,6.511211663089041535e-01,-3.785510667783404531e-02,1.078778431937474219e-01,2.253497062326839662e-01,-2.557855385285996430e-01,5.562788523535062285e-02,2.141200842015802130e-01,2.560800288313040962e-01,-1.992661434267891385e-01,-6.719355570649049487e-03,-3.715519062968162256e-01,-3.385864656583675858e-01,-1.638409222452930636e-01,2.342530628163952688e-01,1.039065273913915288e-01,-2.003779564107489863e-01,-4.709780694674384899e-02,-3.467451315901262047e-03,6.966081340893910401e-01,1.986667786463666430e-01,3.859726357263933844e-02,6.901198944951844050e-01,4.034774691750104836e-01,1.156688792860042919e-01,6.068521705611618078e-01,-1.735188210490586358e-01,1.000000000000000000e+00,-1.038163231205090214e-01,-3.574644075037129026e-02
4.948674604042319070e-01,-2.831242798209473305e-02,3.141020323666323666e-01,2.293839654979486498e-01,3.535215356606938308e-01,-1.763483006821965071e-01,1.134674173699102145e-01,-3.205835201120620370e-01,6.489866101719303781e-01,2.515257865428779938e-01,-1.835901216045456308e-01,3.920336309378970041e-01,1.188504414595815822e-01,2.768688637749572301e-01,-1.764133734486400540e-01,2.580743371883772452e-01,1.566620890047338843e-01,3.872284212547922322e-01,5.830889057171811940e-01,3.727285230445231412e-01,1.037583585762748839e-01,1.287532872888249025e-01,4.383057212506895617e-01,2.570652871289992869e-01,2.873331871515379943e-01,4.664665464710740506e-01,1.180215830138959809e-01,4.763619500325301237e-01,-5.912979348494660364e-02,1.833749956651257451e-01,2.497603923676213755e-01,-5.622386816080178484e-02,1.965271297030848907e-01,3.936714165759603867e-01,-5.200587469807477214e-02,1.442912425480773475e-01,-1.038163231205090214e-01,1.000000000000000000e+00,4.704066431846160024e-01
4.181747283319410813e-01,2.630898910039171090e-01,1.692320303921309166e-01,2.465254540155402407e-01,4.282178300264408710e-01,2.044781349252866446e-04,2.258206536886686322e-01,-2.147592485442056387e-01,5.271785994954993892e-01,3.419151422550171238e-01,2.760077696145606108e-02,4.882863442362828099e-01,9.569555271496091309e-02,4.139226325763358250e-01,-3.786096966121303975e-01,2.651562226900495145e-01,2.620333046011659173e-01,2.727030658803441532e-01,2.978920226817544092e-01,8.345572090049258041e-02,-9.022826040777971734e-02,-6.513670545091906905e-02,4.605917459615365694e-01,2.850921115384708049e-01,4.995063048645629888e-01,1.466178864489290634e-01,3.090948056736140259e-01,-5.796977772664655554e-02,-5.147574185478374920e-02,1.681488641273629903e-01,3.941635266313257557e-01,2.682497179990906214e-02,5.932165282564438175e-02,4.269741712433646197e-01,9.935684375769200660e-02,2.596754865812496149e-01,-3.574644075037129026e-02,4.704066431846160024e-01,1.000000000000000000e+00
