1.000000000000000000e+00,4.697227830335398702e-01,-2.247073195595288564e-01,9.110603503946061721e-02,4.708016900669879656e-01,5.348597759990725287e-01,3.055212739676594486e-02,2.119104153981949124e-01,7.524378799495757830e-01,6.527488017543456866e-01,4.999140587433040794e-01,6.560044216704988829e-01,4.056958996981384624e-01,7.172578658025917653e-01,7.167134276979550966e-01,8.123484422462947663e-01,7.233238039792251328e-01,3.944813082250757663e-01,-2.516412084180852937e-01,3.337334698321396953e-01,3.886507276110525155e-01,3.279894172109703576e-01,6.776103802595766501e-01,6.720631952822559985e-01,7.405333873584943882e-01,7.009213374175761180e-01,1.976714862809928475e-01,7.040875277098092022e-01,6.041399007060780368e-01,7.089200393971114567e-01,1.019918582574362159e-01,5.672671353563394359e-01,-1.629140121355315274e-01,7.476499866732827515e-01,5.194262047073432420e-01,4.422140086159534467e-01,5.451193987776788985e-01,8.919548889045054718e-01,5.561155690295437326e-01
4.697227830335398702e-01,1.000000000000000000e+00,1.296268276191500091e-01,2.184820335963472138e-01,4.152312822735860220e-01,3.009949277885697327e-01,1.316845706771825608e-01,-6.975582367514716886e-02,6.173723327102006442e-01,6.505673224623133022e-01,3.901197035988474560e-01,2.553002803016712896e-01,-2.304549367182015807e-01,4.330345852000729301e-01,2.803075998398976143e-01,5.359691093450447141e-01,3.614437309275440602e-01,-6.785010860159190749e-02,-4.085380638683551169e-01,2.884902035899841732e-01,1.135005898988930007e-01,2.219859233230659090e-01,4.622574878385695141e-01,3.506908429866341104e-01,3.654067938725260589e-01,2.992824737793275958e-01,2.755957370934185580e-01,4.232027025397209347e-02,9.861276376692762469e-02,5.448240640447947758e-01,3.925168115311010730e-01,3.410809547171964606e-01,4.111263022662687248e-03,4.770158739155385685e-01,3.532373168245150907e-01,3.546255205736631444e-01,2.393727283961619712e-01,5.253458529106218577e-01,6.769487833433986967e-01
-2.247073195595288564e-01,1.296268276191500091e-01,1.000000000000000000e+00,-8.118933345541255731e-02,4.309668383403745251e-01,1.529240634397973364e-01,-1.005483661068478085e-01,-8.644017306817856072e-01,2.132446667210497263e-02,-1.974867110948667903e-01,3.164362837801091427e-02,2.010140033178635030e-02,-4.425107680573176494e-01,9.221760862670208558e-02,-6.465393299973795638e-02,-2.661666088962670318e-01,-9.028953450612788034e-02,-5.518960985884107107e-01,-3.420624861420786256e-01,-1.799593815813753661e-01,6.459317114944876370e-02,-2.950114318122257773e-01,1.383333977973958961e-01,5.838038381043927916e-02,4.177767505173068247e-02,-2.540986968548223160e-02,1.831166268180616230e-01,-1.783634498908649169e-01,-1.229910269316673160e-01,-5.819142176721836535e-02,4.637992262141811817e-01,-7.250876593486829669e-02,6.786928239311007527e-01,9.364009913467491453e-02,2.560354602559766768e-02,7.623655507528775965e-02,-3.569403113764769292e-02,-1.699023694485393976e-01,2.186309029210482466e-02
9.110603503946061721e-02,2.184820335963472138e-01,-8.118933345541255731e-02,1.000000000000000000e+00,-4.971255652514674356e-02,-4.663372807375838758e-03,1.092556202086186895e-01,1.518749355165613102e-01,1.810552944601022118e-01,2.105659598010889144e-01,-4.026989143086518591e-02,-5.703337847769117397e-02,1.661704007681789191e-02,4.874668320385257964e-02,-1.068524776775485463e-01,1.797247396528442454e-01,-3.008818166415445222e-02,1.878142669000686382e-01,-3.460515035898204667e-02,1.351960984064500271e-01,2.153671154033844418e-02,2.208971048702875195e-01,3.505979482330751767e-02,-1.075905588101282520e-02,4.843862493818786030e-02,-8.063256604748078593e-02,-8.519329394513962261e-02,-1.111364930689168751e-01,-1.212159763668492068e-01,1.672644695613769994e-01,-5.675185406495253382e-02,-6.061017238491715059e-02,-1.851885136255855546e-01,9.532298360848823204e-02,-3.480313478504386271e-02,2.196611926846895116e-02,-5.508777207428470352e-02,1.714844804141584522e-01,3.222447307600642130e-01
4.708016900669879656e-01,4.152312822735860220e-01,4.309668383403745251e-01,-4.971255652514674356e-02,1.000000000000000000e+00,5.502634951274801844e-01,-1.641243964007083889e-01,-3.562108701824026613e-01,6.116325805835068907e-01,3.966818215167559059e-01,5.192945615575120799e-01,5.256140272049589779e-01,-5.726098805650344653e-02,6.658951372557110338e-01,4.587666897741277117e-01,4.350684395390410630e-01,5.510796196617464560e-01,-2.077351676842486838e-01,-5.585894737544740973e-01,1.014285765901265512e-01,2.632547923091830833e-01,-4.625358675685605631e-02,4.876614789498247005e-01,5.490497129636472406e-01,5.269704410785125415e-01,5.650895504858679530e-01,3.381697961831839905e-01,3.527351586099300995e-01,3.988387909789575803e-01,5.896608425953122623e-01,4.240838999493388162e-01,4.199122034153104366e-01,3.996085909896783805e-01,7.105541967486244115e-01,4.994061930306078478e-01,4.786682062756775213e-01,4.746595388476764765e-01,4.643497155922931552e-01,2.906823388122049545e-01
5.348597759990725287e-01,3.009949277885697327e-01,1.529240634397973364e-01,-4.663372807375838758e-03,5.502634951274801844e-01,1.000000000000000000e+00,-1.316845794025250371e-01,-7.481180302164756879e-02,4.044941128359741400e-01,1.947302658987316859e-01,7.548248042014623627e-01,5.220101690300452679e-01,1.335540240175585591e-01,7.251652652451939796e-01,4.187474316335318969e-01,3.324243547592929948e-01,7.172464889867601334e-01,1.301222324757561610e-01,-1.997991769165044229e-01,5.113435740524030493e-02,4.976569572573776856e-01,-8.261864932858747554e-03,5.920334398478608318e-01,6.113107565924378317e-01,7.256932353831890836e-01,6.562507363131138138e-01,4.563799362686947747e-01,6.318597963413641327e-01,7.297819917088209651e-01,4.839905924728857278e-01,5.068365425101872823e-01,5.827173921928553435e-01,3.720152108835451110e-01,4.946503162961946587e-01,7.080047452455605628e-01,6.125923338790859596e-01,7.663916248389686103e-01,4.298798983143520269e-01,1.585519809063448693e-01
3.055212739676594486e-02,1.316845706771825608e-01,-1.005483661068478085e-01,1.092556202086186895e-01,-1.641243964007083889e-01,-1.316845794025250371e-01,1.000000000000000000e+00,7.040102251699512093e-02,8.011747203158828268e-02,1.600533036677181387e-01,-1.609513234775959978e-01,-1.635575659238935331e-01,-2.480871953615119627e-02,-1.244276929402649418e-01,-8.099055482483534518e-02,9.210462232978589014e-02,-8.488235116108719391e-02,2.530189580908277502e-01,1.176583112401737991e-01,1.751982569655203825e-01,-4.864364236779437217e-02,1.517059149642247251e-01,-4.232402084547133569e-02,2.753948578260057359e-02,-7.836566569656697179e-02,-9.872522434688132953e-02,-5.130302874823849946e-02,-4.399360300295964560e-02,-1.546637480625156769e-01,5.200981946039119619e-02,-6.371638702879853233e-02,-6.500102840457258613e-02,-1.944616192047912973e-01,-1.096780392304774615e-01,-1.104097129312740372e-01,-1.193720404832483983e-01,-1.526009805825608301e-01,9.392384538467914157e-02,2.493535890132173305e-01
2.119104153981949124e-01,-6.975582367514716886e-02,-8.644017306817856072e-01,1.518749355165613102e-01,-3.562108701824026613e-01,-7.481180302164756879e-02,7.040102251699512093e-02,1.000000000000000000e+00,2.471632762343281900e-03,2.323758459627766892e-01,8.382080263790556152e-02,1.452608834316122290e-02,4.023767444625301892e-01,-6.747457062496192703e-02,6.210569596415124044e-02,2.796775700933387676e-01,1.538680408497111463e-01,4.990921112002538740e-01,3.168911984570487728e-01,1.470083819031546835e-01,3.601842996469533254e-03,3.166783769725864395e-01,-1.304424437583394658e-01,-3.917587297130888102e-02,-3.674783614671295329e-02,6.811575645418804781e-02,-8.640517831510834135e-02,1.415390251596796434e-01,1.553434679416798025e-01,1.078689510426120851e-01,-3.559931668911014424e-01,1.291275183381733749e-01,-5.925511156529676970e-01,-7.156255356494538311e-02,5.145360736847314626e-02,-2.717460323340364567e-02,1.012089086747991473e-01,1.728249258658051124e-01,-7.300621311770325028e-03
7.524378799495757830e-01,6.173723327102006442e-01,2.132446667210497263e-02,1.810552944601022118e-01,6.116325805835068907e-01,4.044941128359741400e-01,8.011747203158828268e-02,2.471632762343281900e-03,1.000000000000000000e+00,7.911129367805656010e-01,3.625434632404654356e-01,5.236862867706688629e-01,1.521716578094333971e-01,6.608857644555987676e-01,5.879999783835869742e-01,8.055498172165247439e-01,5.547712089828356063e-01,1.751891365085524177e-01,-5.057803656985191409e-01,3.099309022135461333e-01,2.134780951020553708e-01,2.539175520644467721e-01,4.863916056263243859e-01,6.118914593799976709e-01,5.198998153379327247e-01,4.655559846971631943e-01,7.138073124800807523e-02,4.190035077367564309e-01,2.873278276386715957e-01,8.402586405766455657e-01,1.370389588032805694e-01,4.058742729020152762e-01,-7.541852985601230075e-02,8.302155685738333846e-01,4.157937977243084671e-01,3.902428926015510391e-01,3.829537982720538913e-01,8.087860416903076555e-01,6.997160655199036183e-01
6.527488017543456866e-01,6.505673224623133022e-01,-1.974867110948667903e-01,2.105659598010889144e-01,3.966818215167559059e-01,1.947302658987316859e-01,1.600533036677181387e-01,2.323758459627766892e-01,7.911129367805656010e-01,1.000000000000000000e+00,2.783307901395540296e-01,3.836522352074703823e-01,9.725995195129158444e-02,4.631080836459803285e-01,4.449262395670720571e-01,8.708795220956204730e-01,4.729005181737395702e-01,2.721168100684565050e-01,-3.187871195468181540e-01,4.167542707041031469e-01,3.348162051672634587e-02,3.746567768646866803e-01,3.510583548323522596e-01,4.894442711346350672e-01,3.193261715274388624e-01,3.895864361654300945e-01,1.303904183265811589e-01,2.470477987563829969e-01,1.724988363239755018e-01,7.947200818905877373e-01,2.465449974247711090e-02,4.470705952767782820e-01,-3.440934767152717400e-01,6.183014554407788577e-01,3.800690649565884871e-01,3.345251816407895928e-01,2.903753374640565821e-01,7.225864719903888345e-01,6.709134380781835993e-01
4.999140587433040794e-01,3.901197035988474560e-01,3.164362837801091427e-02,-4.026989143086518591e-02,5.192945615575120799e-01,7.548248042014623627e-01,-1.609513234775959978e-01,8.382080263790556152e-02,3.625434632404654356e-01,2.783307901395540296e-01,1.000000000000000000e+00,4.451789981587793155e-01,6.335601452025685365e-02,6.577496686825193839e-01,4.350906217911681972e-01,3.803683450261713395e-01,7.818437230798331861e-01,6.011505921063917124e-02,-8.700838403635467733e-02,3.350908564515277244e-02,4.674528645401626048e-01,-8.712403188461485815e-02,4.969131545026734820e-01,5.943920218447155124e-01,6.256355787150240655e-01,7.167805240701287106e-01,6.280141905119885903e-01,4.642293920742651125e-01,7.380616431544368972e-01,4.796604310998461296e-01,5.412148554507401066e-01,6.961509327940853531e-01,3.297638458689751695e-01,4.293222447462574642e-01,7.335431610480311893e-01,6.609567221576105878e-01,7.629382485074343023e-01,3.795732950537417660e-01,1.769248279851127342e-02
6.560044216704988829e-01,2.553002803016712896e-01,2.010140033178635030e-02,-5.703337847769117397e-02,5.256140272049589779e-01,5.220101690300452679e-01,-1.635575659238935331e-01,1.452608834316122290e-02,5.236862867706688629e-01,3.836522352074703823e-01,4.451789981587793155e-01,1.000000000000000000e+00,3.135592027845214846e-01,6.361402762089487517e-01,6.465140672366324059e-01,5.285595219966294778e-01,5.462663764661127574e-01,1.785563663692980862e-01,-3.689134609545610677e-01,2.236929054048492349e-01,5.004954163173670478e-01,2.585978526567835889e-01,5.927991323427148629e-01,5.799035113785270257e-01,6.377465260508746736e-01,5.943763563975756892e-01,1.916169764811339327e-01,6.778858260190135931e-01,5.989153236428582661e-01,5.130032124331080912e-01,2.013172839661769020e-01,4.866884494800670091e-01,1.139400866644002391e-01,6.870547336990013854e-01,4.517250378250424747e-01,3.884219807607579011e-01,5.272224102919675914e-01,6.130208264469744206e-01,3.212777201581013542e-01
4.056958996981384624e-01,-2.304549367182015807e-01,-4.425107680573176494e-01,1.661704007681789191e-02,-5.726098805650344653e-02,1.335540240175585591e-01,-2.480871953615119627e-02,4.023767444625301892e-01,1.521716578094333971e-01,9.725995195129158444e-02,6.335601452025685365e-02,3.135592027845214846e-01,1.000000000000000000e+00,2.877127782116188914e-01,3.795618689508536425e-01,3.086502309352357476e-01,2.080299096166033923e-01,4.484236783153004446e-01,1.186012935672447893e-01,1.098439616961346815e-01,2.706225460284290008e-01,2.982780633420945571e-01,2.366467598172831699e-01,2.557840198358394268e-01,3.520528203319964189e-01,1.627824662660301569e-01,-2.886002176466428981e-01,4.578491500450075358e-01,2.987526344273060963e-01,1.295039182352464291e-01,-4.852852852526438054e-01,6.073890023467386906e-02,-3.653276770724335210e-01,2.314395926305976570e-01,5.049092426003519429e-02,8.063245112723537236e-03,1.771528188613611110e-01,3.079705241076514111e-01,-2.428751303157367526e-03
7.172578658025917653e-01,4.330345852000729301e-01,9.221760862670208558e-02,4.874668320385257964e-02,6.658951372557110338e-01,7.251652652451939796e-01,-1.244276929402649418e-01,-6.747457062496192703e-02,6.608857644555987676e-01,4.631080836459803285e-01,6.577496686825193839e-01,6.361402762089487517e-01,2.877127782116188914e-01,1.000000000000000000e+00,6.190684236240201477e-01,5.957207690636535657e-01,7.124387775523985944e-01,1.206991663450061314e-01,-3.523821339595140101e-01,8.763207744441911529e-02,4.364205863208919234e-01,3.695908964836283617e-02,6.974580622477538627e-01,8.082454997537318331e-01,8.234933920872664626e-01,6.467467640535564666e-01,2.858223046910632337e-01,6.341385660976873728e-01,6.715936121344093790e-01,6.758448421077313251e-01,3.162112716741046770e-01,5.829773366412137614e-01,1.926224456245340666e-01,7.447499131805399575e-01,6.847222893125904930e-01,6.206867434793500449e-01,7.123942761305330773e-01,6.404138659007553303e-01,3.250855118946303635e-01
7.167134276979550966e-01,2.803075998398976143e-01,-6.465393299973795638e-02,-1.068524776775485463e-01,4.587666897741277117e-01,4.187474316335318969e-01,-8.099055482483534518e-02,6.210569596415124044e-02,5.879999783835869742e-01,4.449262395670720571e-01,4.350906217911681972e-01,6.465140672366324059e-01,3.795618689508536425e-01,6.190684236240201477e-01,1.000000000000000000e+00,5.869540286639145510e-01,5.446842356953373043e-01,8.311285972281948209e-02,-2.565641982840142776e-01,2.124955213074047611e-01,3.861870320401228907e-01,1.122532528493714876e-01,5.156055744686113274e-01,5.246369313307219784e-01,5.834403754124930508e-01,5.706540734820186866e-01,1.328035659579593630e-01,5.549647051545684162e-01,5.093536905543568638e-01,5.094614542678372882e-01,5.750741255523773160e-02,4.424093914359470414e-01,-2.662805384998239225e-02,6.916955760351224392e-01,3.968082156080511846e-01,3.443455184634234834e-01,4.399622886104448405e-01,6.652284113020164869e-01,3.522227004912696913e-01
8.123484422462947663e-01,5.359691093450447141e-01,-2.661666088962670318e-01,1.797247396528442454e-01,4.350684395390410630e-01,3.324243547592929948e-01,9.210462232978589014e-02,2.796775700933387676e-01,8.055498172165247439e-01,8.708795220956204730e-01,3.803683450261713395e-01,5.285595219966294778e-01,3.086502309352357476e-01,5.957207690636535657e-01,5.869540286639145510e-01,1.000000000000000000e+00,6.191096136120431970e-01,3.956158176393814174e-01,-2.778762908855123004e-01,4.034260422555197012e-01,1.797658472338114211e-01,3.805945043864319421e-01,5.088782510592471109e-01,6.043615889150668607e-01,5.240898819944808107e-01,5.531226608401471623e-01,1.517308579534727142e-01,4.738967344052145703e-01,3.947684027575191212e-01,8.094680741291717663e-01,8.484276019315730236e-03,5.472542073030398635e-01,-3.383361031593064561e-01,6.999217158054078514e-01,4.747891778318487077e-01,4.143220792207785719e-01,4.366732527603159886e-01,8.316354311302327496e-01,6.073680613782731497e-01
7.233238039792251328e-01,3.614437309275440602e-01,-9.028953450612788034e-02,-3.008818166415445222e-02,5.510796196617464560e-01,7.172464889867601334e-01,-8.488235116108719391e-02,1.538680408497111463e-01,5.547712089828356063e-01,4.729005181737395702e-01,7.818437230798331861e-01,5.462663764661127574e-01,2.080299096166033923e-01,7.124387775523985944e-01,5.446842356953373043e-01,6.191096136120431970e-01,1.000000000000000000e+00,2.779100836107455952e-01,-1.111479172342917793e-01,2.248522140149004367e-01,4.034210100109369979e-01,7.370814519267991638e-02,5.499661322235595007e-01,7.009625753815166282e-01,6.903129652591095677e-01,8.080534441724327444e-01,5.465541445469839221e-01,6.530913768499289063e-01,7.786287658161157310e-01,6.520092775443240285e-01,3.724888074128226423e-01,7.642134290201597624e-01,1.365179559093672723e-01,5.556266443334937355e-01,7.504750761153580196e-01,6.655459243342889408e-01,7.630676878320034051e-01,6.355874996659645060e-01,2.203406864408312960e-01
3.944813082250757663e-01,-6.785010860159190749e-02,-5.518960985884107107e-01,1.878142669000686382e-01,-2.077351676842486838e-01,1.301222324757561610e-01,2.530189580908277502e-01,4.990921112002538740e-01,1.751891365085524177e-01,2.721168100684565050e-01,6.011505921063917124e-02,1.785563663692980862e-01,4.484236783153004446e-01,1.206991663450061314e-01,8.311285972281948209e-02,3.956158176393814174e-01,2.779100836107455952e-01,1.000000000000000000e+00,3.750877338453386112e-01,3.528325701146970417e-01,1.156481650120671639e-01,3.949940225566910268e-01,1.202461570372813648e-01,2.141372561309529410e-01,2.563177230229169434e-01,2.354476281846089036e-01,-4.398845496906898106e-02,4.289850309129624728e-01,3.175323229310123563e-01,2.115797475137044803e-01,-2.760107769370434561e-01,2.567263390237316534e-01,-4.827974964000060210e-01,3.394110385061391982e-02,1.440015509531328286e-01,3.959696488334853159e-02,2.587934353224092265e-01,3.427533468255591353e-01,1.810862364817815429e-01
-2.516412084180852937e-01,-4.085380638683551169e-01,-3.420624861420786256e-01,-3.460515035898204667e-02,-5.585894737544740973e-01,-1.997991769165044229e-01,1.176583112401737991e-01,3.168911984570487728e-01,-5.057803656985191409e-01,-3.187871195468181540e-01,-8.700838403635467733e-02,-3.689134609545610677e-01,1.186012935672447893e-01,-3.523821339595140101e-01,-2.565641982840142776e-01,-2.778762908855123004e-01,-1.111479172342917793e-01,3.750877338453386112e-01,1.000000000000000000e+00,7.088951324161683887e-02,-7.719060294570624647e-02,-1.065207948768807575e-02,-2.911241218403735065e-01,-2.867955667767576045e-01,-1.933641171482287091e-01,-7.166296367897219410e-02,1.198403600736635960e-01,-5.558938760758324465e-02,6.653438006482312317e-02,-3.974771540750451915e-01,-1.536207706772740045e-01,3.798637114579176549e-02,-2.150697703472722322e-01,-5.962876860915232724e-01,-7.568758989889401434e-02,-1.176267195990646358e-01,-2.684486402950532827e-02,-3.224182560368402117e-01,-4.280882906101756147e-01
3.337334698321396953e-01,2.884902035899841732e-01,-1.799593815813753661e-01,1.351960984064500271e-01,1.014285765901265512e-01,5.113435740524030493e-02,1.751982569655203825e-01,1.470083819031546835e-01,3.099309022135461333e-01,4.167542707041031469e-01,3.350908564515277244e-02,2.236929054048492349e-01,1.098439616961346815e-01,8.763207744441911529e-02,2.124955213074047611e-01,4.034260422555197012e-01,2.248522140149004367e-01,3.528325701146970417e-01,7.088951324161683887e-02,1.000000000000000000e+00,8.729999467375147704e-02,3.912739170970004898e-01,1.260922623581208490e-01,6.272839805678802338e-02,1.543942429932031735e-01,2.178874942742508314e-01,8.382777155085506526e-02,1.705232500021960085e-01,1.009509892439328649e-01,3.042918760673202216e-01,-6.740235163019046849e-02,2.475013713860158004e-01,-3.251007189386738161e-01,1.615218960856563968e-01,9.409030863464337702e-02,1.398426901528032062e-01,8.368937193494675741e-02,3.502506883414733818e-01,3.662014335299265677e-01
3.886507276110525155e-01,1.135005898988930007e-01,6.459317114944876370e-02,2.153671154033844418e-02,2.632547923091830833e-01,4.976569572573776856e-01,-4.864364236779437217e-02,3.601842996469533254e-03,2.134780951020553708e-01,3.348162051672634587e-02,4.674528645401626048e-01,5.004954163173670478e-01,2.706225460284290008e-01,4.364205863208919234e-01,3.861870320401228907e-01,1.797658472338114211e-01,4.034210100109369979e-01,1.156481650120671639e-01,-7.719060294570624647e-02,8.729999467375147704e-02,1.000000000000000000e+00,1.394541655286567206e-01,4.630281140193175937e-01,4.375786858025841330e-01,5.569259278546897507e-01,4.493176160201112213e-01,2.826182289386037771e-01,5.045599767804960223e-01,5.658695661430821477e-01,1.636479814067706984e-01,3.346429204230561005e-01,3.972264579827535225e-01,2.732204176585065758e-01,3.188289099573219376e-01,4.031031457255166983e-01,3.315358624713531932e-01,4.945913042379174729e-01,3.100273761275206819e-01,8.749356502681876480e-02
3.279894172109703576e-01,2.219859233230659090e-01,-2.950114318122257773e-01,2.208971048702875195e-01,-4.625358675685605631e-02,-8.261864932858747554e-03,1.517059149642247251e-01,3.166783769725864395e-01,2.539175520644467721e-01,3.746567768646866803e-01,-8.712403188461485815e-02,2.585978526567835889e-01,2.982780633420945571e-01,3.695908964836283617e-02,1.122532528493714876e-01,3.805945043864319421e-01,7.370814519267991638e-02,3.949940225566910268e-01,-1.065207948768807575e-02,3.912739170970004898e-01,1.394541655286567206e-01,1.000000000000000000e+00,1.944760702148843612e-01,2.486943247308834315e-02,1.463645236629698976e-01,8.807894315261770302e-02,-1.248676900181560773e-01,2.016359684003968533e-01,2.396890279135535998e-02,2.208264383926873686e-01,-1.685504552865373096e-01,6.650151857964321789e-02,-4.022854886683346898e-01,1.773900794129585068e-01,-3.516013832076043955e-02,-7.760881092655104452e-02,-1.654572679015603801e-02,3.582501171372811655e-01,4.531498058037113363e-01
6.776103802595766501e-01,4.622574878385695141e-01,1.383333977973958961e-01,3.505979482330751767e-02,4.876614789498247005e-01,5.920334398478608318e-01,-4.232402084547133569e-02,-1.304424437583394658e-01,4.863916056263243859e-01,3.510583548323522596e-01,4.969131545026734820e-01,5.927991323427148629e-01,2.366467598172831699e-01,6.974580622477538627e-01,5.156055744686113274e-01,5.088782510592471109e-01,5.499661322235595007e-01,1.202461570372813648e-01,-2.911241218403735065e-01,1.260922623581208490e-01,4.630281140193175937e-01,1.944760702148843612e-01,1.000000000000000000e+00,5.831094617896677157e-01,8.245759561657242109e-01,6.106472138555564255e-01,3.036108598444926532e-01,5.984282934164731893e-01,5.447469786953331727e-01,4.558734542105166154e-01,4.166457931083981658e-01,4.751787306089124141e-01,1.460942894518247603e-01,6.109703683450576905e-01,5.417694974814848408e-01,4.905207093313919131e-01,5.400820199475302452e-01,6.067762795009349341e-01,3.986513760386377614e-01
6.720631952822559985e-01,3.506908429866341104e-01,5.838038381043927916e-02,-1.075905588101282520e-02,5.490497129636472406e-01,6.113107565924378317e-01,2.753948578260057359e-02,-3.917587297130888102e-02,6.118914593799976709e-01,4.894442711346350672e-01,5.943920218447155124e-01,5.799035113785270257e-01,2.557840198358394268e-01,8.082454997537318331e-01,5.246369313307219784e-01,6.043615889150668607e-01,7.009625753815166282e-01,2.141372561309529410e-01,-2.867955667767576045e-01,6.272839805678802338e-02,4.375786858025841330e-01,2.486943247308834315e-02,5.831094617896677157e-01,1.000000000000000000e+00,7.021541520007883452e-01,6.405871288097176874e-01,3.309042451841943677e-01,6.293981713435627956e-01,6.579165687826444842e-01,6.448770691220150342e-01,2.837094164315917544e-01,6.341624311524528546e-01,1.994720098123523022e-01,6.231787772073451581e-01,6.438694059961975746e-01,5.543125380708283645e-01,6.786482539677703985e-01,5.970623372215215774e-01,2.611679148881255186e-01
7.405333873584943882e-01,3.654067938725260589e-01,4.177767505173068247e-02,4.843862493818786030e-02,5.269704410785125415e-01,7.256932353831890836e-01,-7.836566569656697179e-02,-3.674783614671295329e-02,5.198998153379327247e-01,3.193261715274388624e-01,6.256355787150240655e-01,6.377465260508746736e-01,3.520528203319964189e-01,8.234933920872664626e-01,5.834403754124930508e-01,5.240898819944808107e-01,6.903129652591095677e-01,2.563177230229169434e-01,-1.933641171482287091e-01,1.543942429932031735e-01,5.569259278546897507e-01,1.463645236629698976e-01,8.245759561657242109e-01,7.021541520007883452e-01,1.000000000000000000e+00,6.993936671427286589e-01,3.231424775760448620e-01,7.320903309776883860e-01,7.376136167862026305e-01,5.044061559265426986e-01,3.471391181500662615e-01,5.698714572384999677e-01,1.595777617046002239e-01,6.371955114064785652e-01,6.400509992507197321e-01,5.599659162647658839e-01,7.060765165466841298e-01,6.351367121063035137e-01,3.170160824198337557e-01
7.009213374175761180e-01,2.992824737793275958e-01,-2.540986968548223160e-02,-8.063256604748078593e-02,5.650895504858679530e-01,6.562507363131138138e-01,-9.872522434688132953e-02,6.811575645418804781e-02,4.655559846971631943e-01,3.895864361654300945e-01,7.167805240701287106e-01,5.943763563975756892e-01,1.627824662660301569e-01,6.467467640535564666e-01,5.706540734820186866e-01,5.531226608401471623e-01,8.080534441724327444e-01,2.354476281846089036e-01,-7.166296367897219410e-02,2.178874942742508314e-01,4.493176160201112213e-01,8.807894315261770302e-02,6.106472138555564255e-01,6.405871288097176874e-01,6.993936671427286589e-01,1.000000000000000000e+00,6.780595383575608315e-01,6.601876870872762648e-01,8.090007664508227503e-01,5.317083838625358272e-01,4.653213740616098937e-01,7.882418947881261184e-01,2.081207484432077426e-01,5.257909950436201463e-01,7.294958582589776697e-01,6.510875037566531409e-01,7.412533160332097637e-01,6.076099764510850543e-01,1.717419398532562536e-01
1.976714862809928475e-01,2.755957370934185580e-01,1.831166268180616230e-01,-8.519329394513962261e-02,3.381697961831839905e-01,4.563799362686947747e-01,-5.130302874823849946e-02,-8.640517831510834135e-02,7.138073124800807523e-02,1.303904183265811589e-01,6.280141905119885903e-01,1.916169764811339327e-01,-2.886002176466428981e-01,2.858223046910632337e-01,1.328035659579593630e-01,1.517308579534727142e-01,5.465541445469839221e-01,-4.398845496906898106e-02,1.198403600736635960e-01,8.382777155085506526e-02,2.826182289386037771e-01,-1.248676900181560773e-01,3.036108598444926532e-01,3.309042451841943677e-01,3.231424775760448620e-01,6.780595383575608315e-01,1.000000000000000000e+00,2.171955993969624521e-01,5.601985999566682084e-01,2.223413816065414050e-01,7.177429579992383735e-01,7.101106839984087093e-01,4.198970853672002734e-01,4.346860708629178560e-02,6.575219643047500728e-01,6.466901841845970056e-01,5.670715265152459494e-01,1.409989899255220391e-01,-7.034955593511206529e-02
7.040875277098092022e-01,4.232027025397209347e-02,-1.783634498908649169e-01,-1.111364930689168751e-01,3.527351586099300995e-01,6.318597963413641327e-01,-4.399360300295964560e-02,1.415390251596796434e-01,4.190035077367564309e-01,2.470477987563829969e-01,4.642293920742651125e-01,6.778858260190135931e-01,4.578491500450075358e-01,6.341385660976873728e-01,5.549647051545684162e-01,4.738967344052145703e-01,6.530913768499289063e-01,4.289850309129624728e-01,-5.558938760758324465e-02,1.705232500021960085e-01,5.045599767804960223e-01,2.016359684003968533e-01,5.984282934164731893e-01,6.293981713435627956e-01,7.320903309776883860e-01,6.601876870872762648e-01,2.171955993969624521e-01,1.000000000000000000e+00,7.503058677311800206e-01,4.548311397810272938e-01,1.731883131310668067e-01,5.421375257732522490e-01,5.612958571924842044e-02,5.457670671536485330e-01,5.261960893249544302e-01,4.360627032321994778e-01,6.426927972568916569e-01,5.874875188635654277e-01,1.744974323177821141e-01
6.041399007060780368e-01,9.861276376692762469e-02,-1.229910269316673160e-01,-1.212159763668492068e-01,3.988387909789575803e-01,7.297819917088209651e-01,-1.546637480625156769e-01,1.553434679416798025e-01,2.873278276386715957e-01,1.724988363239755018e-01,7.380616431544368972e-01,5.989153236428582661e-01,2.987526344273060963e-01,6.715936121344093790e-01,5.093536905543568638e-01,3.947684027575191212e-01,7.786287658161157310e-01,3.175323229310123563e-01,6.653438006482312317e-02,1.009509892439328649e-01,5.658695661430821477e-01,2.396890279135535998e-02,5.447469786953331727e-01,6.579165687826444842e-01,7.376136167862026305e-01,8.090007664508227503e-01,5.601985999566682084e-01,7.503058677311800206e-01,1.000000000000000000e+00,3.848429663966606573e-01,3.956119636134766138e-01,7.776773478686530572e-01,2.228010183564018420e-01,3.901972795131242178e-01,7.491610181123991019e-01,6.320176116626948781e-01,8.448248955560396789e-01,4.513016527661938837e-01,-3.132961366621025978e-02
7.089200393971114567e-01,5.448240640447947758e-01,-5.819142176721836535e-02,1.672644695613769994e-01,5.896608425953122623e-01,4.839905924728857278e-01,5.200981946039119619e-02,1.078689510426120851e-01,8.402586405766455657e-01,7.947200818905877373e-01,4.796604310998461296e-01,5.130032124331080912e-01,1.295039182352464291e-01,6.758448421077313251e-01,5.094614542678372882e-01,8.094680741291717663e-01,6.520092775443240285e-01,2.115797475137044803e-01,-3.974771540750451915e-01,3.042918760673202216e-01,1.636479814067706984e-01,2.208264383926873686e-01,4.558734542105166154e-01,6.448770691220150342e-01,5.044061559265426986e-01,5.317083838625358272e-01,2.223413816065414050e-01,4.548311397810272938e-01,3.848429663966606573e-01,1.000000000000000000e+00,1.964425905890440360e-01,5.314800682649175601e-01,-6.484516266147417884e-02,7.465766960365179949e-01,5.734554015996993215e-01,5.723659610408340370e-01,5.088940378858878288e-01,7.243732121678848612e-01,5.261104365437102581e-01
1.019918582574362159e-01,3.925168115311010730e-01,4.637992262141811817e-01,-5.675185406495253382e-02,4.240838999493388162e-01,5.068365425101872823e-01,-6.371638702879853233e-02,-3.559931668911014424e-01,1.370389588032805694e-01,2.465449974247711090e-02,5.412148554507401066e-01,2.013172839661769020e-01,-4.852852852526438054e-01,3.162112716741046770e-01,5.750741255523773160e-02,8.484276019315730236e-03,3.724888074128226423e-01,-2.760107769370434561e-01,-1.536207706772740045e-01,-6.740235163019046849e-02,3.346429204230561005e-01,-1.685504552865373096e-01,4.166457931083981658e-01,2.837094164315917544e-01,3.471391181500662615e-01,4.653213740616098937e-01,7.177429579992383735e-01,1.731883131310668067e-01,3.956119636134766138e-01,1.964425905890440360e-01,1.000000000000000000e+00,5.120383116982994975e-01,6.329679781616563972e-01,1.590738409132439746e-01,5.627196218364381997e-01,5.814003845012175598e-01,4.863350498438093750e-01,7.667534432033114300e-02,6.567567905647817006e-02
5.672671353563394359e-01,3.410809547171964606e-01,-7.250876593486829669e-02,-6.061017238491715059e-02,4.199122034153104366e-01,5.827173921928553435e-01,-6.500102840457258613e-02,1.291275183381733749e-01,4.058742729020152762e-01,4.470705952767782820e-01,6.961509327940853531e-01,4.866884494800670091e-01,6.073890023467386906e-02,5.829773366412137614e-01,4.424093914359470414e-01,5.472542073030398635e-01,7.642134290201597624e-01,2.567263390237316534e-01,3.798637114579176549e-02,2.475013713860158004e-01,3.972264579827535225e-01,6.650151857964321789e-02,4.751787306089124141e-01,6.341624311524528546e-01,5.698714572384999677e-01,7.882418947881261184e-01,7.101106839984087093e-01,5.421375257732522490e-01,7.776773478686530572e-01,5.314800682649175601e-01,5.120383116982994975e-01,1.000000000000000000e+00,1.471005357798728375e-01,3.705760682783316717e-01,8.135529034772502888e-01,7.346790596935098838e-01,8.049814551066005741e-01,4.741587748291037352e-01,1.400616344585050577e-01
-1.629140121355315274e-01,4.111263022662687248e-03,6.786928239311007527e-01,-1.851885136255855546e-01,3.996085909896783805e-01,3.720152108835451110e-01,-1.944616192047912973e-01,-5.925511156529676970e-01,-7.541852985601230075e-02,-3.440934767152717400e-01,3.297638458689751695e-01,1.139400866644002391e-01,-3.653276770724335210e-01,1.926224456245340666e-01,-2.662805384998239225e-02,-3.383361031593064561e-01,1.365179559093672723e-01,-4.827974964000060210e-01,-2.150697703472722322e-01,-3.251007189386738161e-01,2.732204176585065758e-01,-4.022854886683346898e-01,1.460942894518247603e-01,1.994720098123523022e-01,1.595777617046002239e-01,2.081207484432077426e-01,4.198970853672002734e-01,5.612958571924842044e-02,2.228010183564018420e-01,-6.484516266147417884e-02,6.329679781616563972e-01,1.471005357798728375e-01,1.000000000000000000e+00,5.060686964055888248e-02,2.637618510623309098e-01,3.167715706839578926e-01,2.633188132768300993e-01,-1.951775797291820380e-01,-2.310713203192578113e-01
7.476499866732827515e-01,4.770158739155385685e-01,9.364009913467491453e-02,9.532298360848823204e-02,7.105541967486244115e-01,4.946503162961946587e-01,-1.096780392304774615e-01,-7.156255356494538311e-02,8.302155685738333846e-01,6.183014554407788577e-01,4.293222447462574642e-01,6.870547336990013854e-01,2.314395926305976570e-01,7.447499131805399575e-01,6.916955760351224392e-01,6.999217158054078514e-01,5.556266443334937355e-01,3.394110385061391982e-02,-5.962876860915232724e-01,1.615218960856563968e-01,3.188289099573219376e-01,1.773900794129585068e-01,6.109703683450576905e-01,6.231787772073451581e-01,6.371955114064785652e-01,5.257909950436201463e-01,4.346860708629178560e-02,5.457670671536485330e-01,3.901972795131242178e-01,7.465766960365179949e-01,1.590738409132439746e-01,3.705760682783316717e-01,5.060686964055888248e-02,1.000000000000000000e+00,4.224509262131164733e-01,3.781070780229419670e-01,4.245983127014688607e-01,7.601814317568074131e-01,5.492741738340525259e-01
5.194262047073432420e-01,3.532373168245150907e-01,2.560354602559766768e-02,-3.480313478504386271e-02,4.994061930306078478e-01,7.080047452455605628e-01,-1.104097129312740372e-01,5.145360736847314626e-02,4.157937977243084671e-01,3.800690649565884871e-01,7.335431610480311893e-01,4.517250378250424747e-01,5.049092426003519429e-02,6.847222893125904930e-01,3.968082156080511846e-01,4.747891778318487077e-01,7.504750761153580196e-01,1.440015509531328286e-01,-7.568758989889401434e-02,9.409030863464337702e-02,4.031031457255166983e-01,-3.516013832076043955e-02,5.417694974814848408e-01,6.438694059961975746e-01,6.400509992507197321e-01,7.294958582589776697e-01,6.575219643047500728e-01,5.261960893249544302e-01,7.491610181123991019e-01,5.734554015996993215e-01,5.627196218364381997e-01,8.135529034772502888e-01,2.637618510623309098e-01,4.224509262131164733e-01,1.000000000000000000e+00,8.216342895797604795e-01,8.695937502621998716e-01,4.105811677655700764e-01,9.978816473263402154e-02
4.422140086159534467e-01,3.546255205736631444e-01,7.623655507528775965e-02,2.196611926846895116e-02,4.786682062756775213e-01,6.125923338790859596e-01,-1.193720404832483983e-01,-2.717460323340364567e-02,3.902428926015510391e-01,3.345251816407895928e-01,6.609567221576105878e-01,3.884219807607579011e-01,8.063245112723537236e-03,6.206867434793500449e-01,3.443455184634234834e-01,4.143220792207785719e-01,6.655459243342889408e-01,3.959696488334853159e-02,-1.176267195990646358e-01,1.398426901528032062e-01,3.315358624713531932e-01,-7.760881092655104452e-02,4.905207093313919131e-01,5.543125380708283645e-01,5.599659162647658839e-01,6.510875037566531409e-01,6.466901841845970056e-01,4.360627032321994778e-01,6.320176116626948781e-01,5.723659610408340370e-01,5.814003845012175598e-01,7.346790596935098838e-01,3.167715706839578926e-01,3.781070780229419670e-01,8.216342895797604795e-01,1.000000000000000000e+00,7.439373294804474401e-01,3.443624673955699156e-01,8.353316558968562622e-02
5.451193987776788985e-01,2.393727283961619712e-01,-3.569403113764769292e-02,-5.508777207428470352e-02,4.746595388476764765e-01,7.663916248389686103e-01,-1.526009805825608301e-01,1.012089086747991473e-01,3.829537982720538913e-01,2.903753374640565821e-01,7.629382485074343023e-01,5.272224102919675914e-01,1.771528188613611110e-01,7.123942761305330773e-01,4.399622886104448405e-01,4.366732527603159886e-01,7.630676878320034051e-01,2.587934353224092265e-01,-2.684486402950532827e-02,8.368937193494675741e-02,4.945913042379174729e-01,-1.654572679015603801e-02,5.400820199475302452e-01,6.786482539677703985e-01,7.060765165466841298e-01,7.412533160332097637e-01,5.670715265152459494e-01,6.426927972568916569e-01,8.448248955560396789e-01,5.088940378858878288e-01,4.863350498438093750e-01,8.049814551066005741e-01,2.633188132768300993e-01,4.245983127014688607e-01,8.695937502621998716e-01,7.439373294804474401e-01,1.000000000000000000e+00,4.019701876652969630e-01,3.502162738394223179e-02
8.919548889045054718e-01,5.253458529106218577e-01,-1.699023694485393976e-01,1.714844804141584522e-01,4.643497155922931552e-01,4.298798983143520269e-01,9.392384538467914157e-02,1.728249258658051124e-01,8.087860416903076555e-01,7.225864719903888345e-01,3.795732950537417660e-01,6.130208264469744206e-01,3.079705241076514111e-01,6.404138659007553303e-01,6.652284113020164869e-01,8.316354311302327496e-01,6.355874996659645060e-01,3.427533468255591353e-01,-3.224182560368402117e-01,3.502506883414733818e-01,3.100273761275206819e-01,3.582501171372811655e-01,6.067762795009349341e-01,5.970623372215215774e-01,6.351367121063035137e-01,6.076099764510850543e-01,1.409989899255220391e-01,5.874875188635654277e-01,4.513016527661938837e-01,7.243732121678848612e-01,7.667534432033114300e-02,4.741587748291037352e-01,-1.951775797291820380e-01,7.601814317568074131e-01,4.105811677655700764e-01,3.443624673955699156e-01,4.019701876652969630e-01,1.000000000000000000e+00,6.986522007956765812e-01
5.561155690295437326e-01,6.769487833433986967e-01,2.186309029210482466e-02,3.222447307600642130e-01,2.906823388122049545e-01,1.585519809063448693e-01,2.493535890132173305e-01,-7.300621311770325028e-03,6.997160655199036183e-01,6.709134380781835993e-01,1.769248279851127342e-02,3.212777201581013542e-01,-2.428751303157367526e-03,3.250855118946303635e-01,3.522227004912696913e-01,6.073680613782731497e-01,2.203406864408312960e-01,1.810862364817815429e-01,-4.280882906101756147e-01,3.662014335299265677e-01,8.749356502681876480e-02,4.531498058037113363e-01,3.986513760386377614e-01,2.611679148881255186e-01,3.170160824198337557e-01,1.717419398532562536e-01,-7.034955593511206529e-02,1.744974323177821141e-01,-3.132961366621025978e-02,5.261104365437102581e-01,6.567567905647817006e-02,1.400616344585050577e-01,-2.310713203192578113e-01,5.492741738340525259e-01,9.978816473263402154e-02,8.353316558968562622e-02,3.502162738394223179e-02,6.986522007956765812e-01,1.000000000000000000e+00
