1.000000000000000000e+00,7.251639144113356528e-01,6.458375259141518887e-01,3.682792145381162952e-01,6.678059246134855353e-01,4.720630173583726941e-01,5.260017709464829272e-01,-5.785492668401960303e-01,7.647626291270926968e-01,7.987360677750285909e-01,-2.576487469689000553e-01,2.870607787578822179e-01,-6.593394891595111273e-01,6.634509412436662146e-01,7.846477954424159462e-02,7.061993909324216778e-01,3.105255195144053793e-01,3.799506763459513103e-01,4.418180664588830520e-01,5.097807926197327477e-01,-2.503685238158281368e-01,4.415763311128089175e-01,6.142745182666161652e-01,1.911407008297686116e-01,6.629974022570479519e-01,6.825478710195858056e-01,6.131522010194410122e-01,6.713551464997904450e-01,6.552030817341735203e-01,7.747092148085288343e-01,4.906320121908479548e-01,4.878658662709342564e-01,6.337225940075604802e-01,5.707967464158815174e-01,7.746867095558270799e-01,1.500530044205787006e-01,6.795402898046343232e-01,5.357219062637746942e-01,5.586661588968940828e-01
7.251639144113356528e-01,1.000000000000000000e+00,5.980112376184394396e-01,3.759856288736038721e-01,5.502545377611992583e-01,6.643781878279420017e-01,6.835819896460089140e-01,-4.724820140291566273e-01,6.286823366815504910e-01,6.333471815024648288e-01,-6.035963846204369654e-01,5.216717945047958382e-01,-5.079038404272323559e-01,4.360670871935239390e-01,2.096514807833913530e-01,4.465611709943939078e-01,1.350210200457323956e-02,4.022933645094637911e-01,5.365997035093365009e-01,7.065656468390419942e-01,-5.811017570643907115e-01,3.241455286193817842e-01,3.964918276682181109e-01,-1.427662058037569570e-01,4.607587377493990166e-01,4.912827566357088060e-01,4.351302963083423236e-01,7.388799285271948625e-01,6.594556150922918913e-01,6.942123988784901778e-01,9.705070508222625458e-02,6.339846393800379065e-01,3.522395531158157844e-01,4.107448178571675435e-01,7.053709713794000802e-01,3.319944906161217957e-01,7.250820045400759861e-01,3.373831157481271825e-01,4.743265388742031741e-01
6.458375259141518887e-01,5.980112376184394396e-01,1.000000000000000000e+00,4.807778653018829340e-01,8.421452089687460063e-01,5.155419314848582735e-01,6.029083364479391749e-01,-9.226375543445634042e-01,8.155836240271321369e-01,7.313392709352128929e-01,-3.919429719569145765e-01,4.165750953048371064e-01,-7.343596860064609544e-01,7.854425253768774207e-01,8.576762272049889835e-02,6.755342721000885398e-01,1.706897725954630296e-01,4.869388564323295920e-01,5.374597371006955004e-01,6.008841635678755511e-01,-2.218177687271544740e-01,6.098125076580505066e-01,5.062712973012227780e-01,1.114011528306411147e-01,6.305495239846473643e-01,5.700826840521691086e-01,5.175267176229471078e-01,7.644035609831910660e-01,5.450416172548006033e-01,7.444716464312378656e-01,4.748003673811636571e-01,4.691154898693447040e-01,7.643341734228101814e-01,8.020178018698858047e-01,6.357304798439186166e-01,8.388828426291718154e-02,6.660708582784841125e-01,5.653838024501975923e-01,6.107259203863577568e-01
3.682792145381162952e-01,3.759856288736038721e-01,4.807778653018829340e-01,1.000000000000000000e+00,4.948694963666702695e-01,4.528859258914396113e-01,5.808757266544883890e-01,-3.663312716985111517e-01,5.348582392343514957e-01,3.919416345240949173e-01,-3.229115325101997724e-01,2.766214539374931558e-01,-3.402566467572180064e-01,4.770326223762484941e-01,3.034783475682722997e-02,3.829503439530026476e-01,1.356793343112928929e-01,3.131900770475279372e-01,4.139356222413301811e-01,5.267862493202897234e-01,-4.306283586153363818e-01,3.887509100026021458e-01,3.475957001581947425e-01,3.538453791339039867e-03,3.578272401971129835e-01,2.671465818878770437e-01,1.712321453676454719e-01,4.711130022580597987e-01,4.406351914733994124e-01,4.681614404409921715e-01,4.182404006936604052e-02,4.293063536490253629e-01,3.984844733054685451e-01,4.963230487087846865e-01,3.723608858178061864e-01,9.719133648111989709e-02,4.576573054374202809e-01,3.204240948340960071e-01,3.711686070457638764e-01
6.678059246134855353e-01,5.502545377611992583e-01,8.421452089687460063e-01,4.948694963666702695e-01,1.000000000000000000e+00,4.311188151043216510e-01,4.723030838521745656e-01,-8.140175751742386723e-01,8.442170437594216370e-01,6.775728192344616652e-01,-3.025946962457711775e-01,2.920463340147091413e-01,-6.403560398424736899e-01,7.750686600816799610e-01,-6.527093173055684150e-02,7.209333609193754322e-01,1.361162266293975132e-01,4.867077031541555687e-01,4.413575969992883374e-01,4.724956111791964175e-01,-1.661297620407012066e-01,5.428523082601686145e-01,6.125575788739660021e-01,1.900764472722435705e-01,7.428268588982022136e-01,5.742153930127471551e-01,5.672491234437353480e-01,6.798575346037049050e-01,4.347089465649216500e-01,6.939054570014269174e-01,4.938914334653689564e-01,3.171485391033335155e-01,7.710843320851085148e-01,8.657338003418818539e-01,6.552960718210782964e-01,5.916103736419382059e-02,6.221479591902777662e-01,7.119272160941818584e-01,7.452954936693478860e-01
4.720630173583726941e-01,6.643781878279420017e-01,5.155419314848582735e-01,4.528859258914396113e-01,4.311188151043216510e-01,1.000000000000000000e+00,8.536769605063906363e-01,-3.153280017739339969e-01,5.392934962413928890e-01,4.183474033975793094e-01,-7.013056231775685045e-01,6.469232114864201799e-01,-4.438088378400366074e-01,4.387069545937584136e-01,5.411320980157034999e-01,2.400269491048758752e-01,2.650996011277364020e-02,4.366691839733211622e-01,6.886093604950677127e-01,8.882409864996445581e-01,-8.011896718299170717e-01,2.832670564254896051e-01,2.978489231413766758e-01,-3.401853007030051779e-01,3.977482471334152780e-01,3.477660995945526246e-01,2.423297752350054013e-01,7.064311014862346694e-01,7.299846385006715233e-01,4.689615939359642049e-01,-1.690087498342885963e-01,7.636616310242823058e-01,3.965854494351541693e-01,3.914646726713864600e-01,6.296394348904779115e-01,5.391360810106770041e-01,8.223231078171877595e-01,2.096594778472399279e-01,3.812736606719250854e-01
5.260017709464829272e-01,6.835819896460089140e-01,6.029083364479391749e-01,5.808757266544883890e-01,4.723030838521745656e-01,8.536769605063906363e-01,1.000000000000000000e+00,-4.141874842893321640e-01,5.852323163950325924e-01,4.827871437954531775e-01,-7.090366576626384587e-01,5.953178265796041924e-01,-4.740690134348406470e-01,4.734892588974528582e-01,4.884993380460959655e-01,2.921841525304848530e-01,6.338664921556753928e-02,4.466406362899212890e-01,6.624868363202399690e-01,9.081631629969848518e-01,-7.472279016393422735e-01,4.075842949359808620e-01,2.962802212128607393e-01,-2.149265367297248930e-01,3.781795278150408834e-01,4.035073730339848730e-01,2.278027279170228847e-01,7.892288776433141750e-01,7.611046862542578673e-01,5.809636936232978055e-01,-1.504979488915560715e-01,7.575187533064339229e-01,4.267148753747712631e-01,4.441604542228599906e-01,6.431129522443511659e-01,4.487280193516361426e-01,7.945635579231061785e-01,2.769569907308163659e-01,3.569165641484556839e-01
-5.785492668401960303e-01,-4.724820140291566273e-01,-9.226375543445634042e-01,-3.663312716985111517e-01,-8.140175751742386723e-01,-3.153280017739339969e-01,-4.141874842893321640e-01,1.000000000000000000e+00,-7.235552394896811457e-01,-6.997249277918864419e-01,2.202852906899198937e-01,-2.404102641097939086e-01,6.801686110089617543e-01,-7.443807248478996330e-01,6.013464407765301695e-02,-6.837900526856208749e-01,-2.005742607178757630e-01,-3.916056005196297818e-01,-3.905818190197232753e-01,-3.973025303726588353e-01,-1.133800895302327413e-03,-5.489426698062216392e-01,-4.432663417988925159e-01,-1.878297786244201018e-01,-5.900939754575289520e-01,-5.643526611786189306e-01,-5.076595724671669752e-01,-6.311744837474030367e-01,-4.025154263243442276e-01,-7.006546043167182214e-01,-5.876205157763584319e-01,-3.061919675254358153e-01,-7.347493101340456523e-01,-7.662950337564196079e-01,-5.331523330822822704e-01,3.753447575459301772e-02,-5.101615711692939481e-01,-5.519320985730984397e-01,-5.330899348127448034e-01
7.647626291270926968e-01,6.286823366815504910e-01,8.155836240271321369e-01,5.348582392343514957e-01,8.442170437594216370e-01,5.392934962413928890e-01,5.852323163950325924e-01,-7.235552394896811457e-01,1.000000000000000000e+00,7.610195091090771191e-01,-3.738927124860123574e-01,4.829109390843947525e-01,-7.482613597749089296e-01,8.240866021780448580e-01,9.338039402334522010e-02,7.595068565109346359e-01,1.864287889312533086e-01,6.389459485249524562e-01,6.115274570991764413e-01,6.135890247371010853e-01,-3.042465952590419076e-01,5.546028073640760780e-01,6.841424056563594203e-01,2.436475206934211046e-01,7.623555684278345845e-01,5.905197670201466353e-01,6.019493804623925470e-01,7.450505894068826240e-01,5.771988336852387214e-01,7.497341101179324507e-01,4.676618874919716284e-01,4.642431520408452639e-01,7.986105729240903228e-01,7.959715013711304854e-01,7.154347849520522606e-01,3.389216545975646394e-02,7.367401054566402596e-01,7.078354840845525464e-01,8.044927944961691724e-01
7.987360677750285909e-01,6.333471815024648288e-01,7.313392709352128929e-01,3.919416345240949173e-01,6.775728192344616652e-01,4.183474033975793094e-01,4.827871437954531775e-01,-6.997249277918864419e-01,7.610195091090771191e-01,1.000000000000000000e+00,-2.300026558668616106e-01,2.509426098000529515e-01,-6.890688177064108189e-01,7.440570632462175649e-01,-1.283757818639552975e-02,8.561373490291288579e-01,3.591112621545586858e-01,4.405960660667418982e-01,4.146048479667441278e-01,4.805587442441366375e-01,-1.349067544659150186e-01,4.850541684578193458e-01,6.081044567516784571e-01,2.713544674124750422e-01,7.551886071471157758e-01,6.069319985979716447e-01,6.557624596200187783e-01,6.422910770689003179e-01,5.011962106507089620e-01,8.162632660661269801e-01,5.597705749898574945e-01,3.867158606198038973e-01,6.597031734808763703e-01,5.693955727395474398e-01,6.997395477231546090e-01,1.074701725056993878e-01,6.593557501996110126e-01,6.494597788365356061e-01,6.019638064129960719e-01
-2.576487469689000553e-01,-6.035963846204369654e-01,-3.919429719569145765e-01,-3.229115325101997724e-01,-3.025946962457711775e-01,-7.013056231775685045e-01,-7.090366576626384587e-01,2.202852906899198937e-01,-3.738927124860123574e-01,-2.300026558668616106e-01,1.000000000000000000e+00,-6.302431215235207995e-01,2.486584176089715603e-01,-1.502055449029510159e-01,-2.656494642352238422e-01,-8.353123311834131925e-02,4.699167076294163969e-01,-3.907341882528793109e-01,-4.971752724727244721e-01,-7.714820736563532400e-01,7.431572501382361917e-01,-1.628310095917504807e-01,-7.331474406441441938e-02,4.709406432885742677e-01,-1.584801439732710648e-01,-1.042968697269704148e-02,2.786420435279420016e-02,-6.069093533392750928e-01,-4.484864344192742713e-01,-3.096873354900923636e-01,3.262943113552280172e-01,-4.134076582881167639e-01,-1.062061533627948473e-01,-2.610308166230517757e-01,-3.677436933514257045e-01,-4.097726190158092474e-01,-5.406167320650906438e-01,-1.008659687517690362e-01,-2.685693470266131144e-01
2.870607787578822179e-01,5.216717945047958382e-01,4.165750953048371064e-01,2.766214539374931558e-01,2.920463340147091413e-01,6.469232114864201799e-01,5.953178265796041924e-01,-2.404102641097939086e-01,4.829109390843947525e-01,2.509426098000529515e-01,-6.302431215235207995e-01,1.000000000000000000e+00,-4.227608596163064392e-01,2.979967674529822586e-01,5.039279756428451940e-01,1.523399897747176879e-01,-1.676117950577708515e-01,5.494356942535820743e-01,6.240869261853051464e-01,6.860827612474503789e-01,-5.969474886402598157e-01,3.066913960605220368e-01,1.067416539720800889e-01,-2.533393183596208686e-01,1.327534735272798694e-01,1.794218026312784098e-01,1.624754686693226924e-01,5.773738961637200351e-01,4.656161294162782793e-01,3.263814382226875588e-01,-1.267918448069386417e-01,5.790862466191222246e-01,2.085709280405676491e-01,2.730021720462801893e-01,3.557822121416356898e-01,3.672951678742691906e-01,5.652353084170744779e-01,1.733280938185447762e-01,4.311628256909978418e-01
-6.593394891595111273e-01,-5.079038404272323559e-01,-7.343596860064609544e-01,-3.402566467572180064e-01,-6.403560398424736899e-01,-4.438088378400366074e-01,-4.740690134348406470e-01,6.801686110089617543e-01,-7.482613597749089296e-01,-6.890688177064108189e-01,2.486584176089715603e-01,-4.227608596163064392e-01,1.000000000000000000e+00,-7.146642176060025164e-01,-1.567912482275525266e-01,-6.802660377949777404e-01,-2.849123427658358798e-01,-4.111612580422509544e-01,-4.566354937165144068e-01,-4.978841648387578034e-01,2.029889546786351195e-01,-5.456123510193549020e-01,-4.960194838157875874e-01,-2.019759608137585150e-01,-6.035881143932685378e-01,-5.408903569567430347e-01,-5.052171977660141478e-01,-6.297352479932077918e-01,-4.973003768952451997e-01,-7.210870307436776372e-01,-5.131832849524197160e-01,-4.248492023181887345e-01,-7.221697698773085206e-01,-6.180203431738569009e-01,-6.041120047000017035e-01,-9.305634821327561645e-02,-5.959363443462787346e-01,-5.350206172504329283e-01,-5.689554960295772901e-01
6.634509412436662146e-01,4.360670871935239390e-01,7.854425253768774207e-01,4.770326223762484941e-01,7.750686600816799610e-01,4.387069545937584136e-01,4.734892588974528582e-01,-7.443807248478996330e-01,8.240866021780448580e-01,7.440570632462175649e-01,-1.502055449029510159e-01,2.979967674529822586e-01,-7.146642176060025164e-01,1.000000000000000000e+00,8.656058055806149787e-02,7.569751270209501559e-01,3.526905114909630878e-01,4.610441312661711089e-01,5.130152168152404268e-01,4.934695397590249111e-01,-1.319321655612702981e-01,4.818461504053945799e-01,6.680969382018066005e-01,4.192727199757762535e-01,7.514586311991311440e-01,5.499672852659759359e-01,5.316776721430405139e-01,5.799671159451311730e-01,5.480543989040000952e-01,7.189908166403682355e-01,5.376644073523700884e-01,4.137653887989124479e-01,8.237683264882638134e-01,7.755523092627994997e-01,6.381018388196625368e-01,6.467870620729862519e-02,6.416555084128270359e-01,6.326459281515532940e-01,6.309473282931044036e-01
7.846477954424159462e-02,2.096514807833913530e-01,8.576762272049889835e-02,3.034783475682722997e-02,-6.527093173055684150e-02,5.411320980157034999e-01,4.884993380460959655e-01,6.013464407765301695e-02,9.338039402334522010e-02,-1.283757818639552975e-02,-2.656494642352238422e-01,5.039279756428451940e-01,-1.567912482275525266e-01,8.656058055806149787e-02,1.000000000000000000e+00,-1.915503641649600741e-01,2.310899216855952787e-01,2.731885314932848141e-01,4.590012298644184918e-01,5.139266272284319648e-01,-5.025634788622970195e-01,9.173890727126859934e-02,-7.200571962761893006e-03,-1.659796403547796062e-01,-1.020225703562501335e-01,2.442158999014691356e-01,-6.736626576760584850e-02,2.832588921402584559e-01,4.871893254581199373e-01,8.363842033523986863e-02,-3.057369891476927060e-01,6.230823377071118552e-01,7.827320388196300216e-02,-3.488689064923902045e-02,2.002695279833470454e-01,3.402996652760932328e-01,4.213415258554011333e-01,-5.699082874291856726e-02,-5.309150148296044175e-02
7.061993909324216778e-01,4.465611709943939078e-01,6.755342721000885398e-01,3.829503439530026476e-01,7.209333609193754322e-01,2.400269491048758752e-01,2.921841525304848530e-01,-6.837900526856208749e-01,7.595068565109346359e-01,8.561373490291288579e-01,-8.353123311834131925e-02,1.523399897747176879e-01,-6.802660377949777404e-01,7.569751270209501559e-01,-1.915503641649600741e-01,1.000000000000000000e+00,3.250980861544235379e-01,4.508806616846023352e-01,3.288173400768928945e-01,2.968485803573762682e-01,3.452013793338788022e-02,4.768954121235935983e-01,6.269892308839063455e-01,3.959514421440614718e-01,7.878859787177733276e-01,5.608137711896384880e-01,6.244047214859228534e-01,4.931369047064821931e-01,3.155281603125888457e-01,7.447468024777686990e-01,6.555841925427133843e-01,1.813431431754590761e-01,7.086221278353986852e-01,6.140919975660498187e-01,5.750842484137401733e-01,-4.600514618004273443e-02,5.036996276959857521e-01,7.518048566483687134e-01,6.545633749599300000e-01
3.105255195144053793e-01,1.350210200457323956e-02,1.706897725954630296e-01,1.356793343112928929e-01,1.361162266293975132e-01,2.650996011277364020e-02,6.338664921556753928e-02,-2.005742607178757630e-01,1.864287889312533086e-01,3.591112621545586858e-01,4.699167076294163969e-01,-1.676117950577708515e-01,-2.849123427658358798e-01,3.526905114909630878e-01,2.310899216855952787e-01,3.250980861544235379e-01,1.000000000000000000e+00,5.734359865647020715e-02,6.979482749605307734e-02,-7.508619530159007203e-03,1.835089375806318035e-01,2.036987858657418049e-01,3.188918587671783489e-01,3.729607820379619576e-01,3.110020371589751753e-01,6.334493383494048668e-01,4.439171659793095248e-01,8.281356146991408762e-02,2.794188600781070120e-01,3.578192228817498322e-01,3.288457022707280686e-01,2.923895603211027483e-01,3.803668438722526135e-01,6.119069785287402363e-02,2.957015040122447092e-01,3.395533454827154990e-02,2.247806044192479924e-01,2.998738064792093039e-01,7.026221690421233235e-02
3.799506763459513103e-01,4.022933645094637911e-01,4.869388564323295920e-01,3.131900770475279372e-01,4.867077031541555687e-01,4.366691839733211622e-01,4.466406362899212890e-01,-3.916056005196297818e-01,6.389459485249524562e-01,4.405960660667418982e-01,-3.907341882528793109e-01,5.494356942535820743e-01,-4.111612580422509544e-01,4.610441312661711089e-01,2.731885314932848141e-01,4.508806616846023352e-01,5.734359865647020715e-02,1.000000000000000000e+00,7.610120830774814715e-01,5.139654366707954170e-01,-3.070284384605531103e-01,3.205632502158415331e-01,4.334126125909675831e-01,1.230626764838981396e-01,4.077635343902714649e-01,3.596103060037910137e-01,3.517870774177948578e-01,5.001586151974547478e-01,3.576302568680062022e-01,4.047713573804173071e-01,1.483998664636511922e-01,4.125243229959552060e-01,4.293379002617992435e-01,3.197654775301758678e-01,3.764124444973505623e-01,1.342670062568010296e-02,5.281837606694836929e-01,5.047386313290213034e-01,5.911480554098400564e-01
4.418180664588830520e-01,5.365997035093365009e-01,5.374597371006955004e-01,4.139356222413301811e-01,4.413575969992883374e-01,6.886093604950677127e-01,6.624868363202399690e-01,-3.905818190197232753e-01,6.115274570991764413e-01,4.146048479667441278e-01,-4.971752724727244721e-01,6.240869261853051464e-01,-4.566354937165144068e-01,5.130152168152404268e-01,4.590012298644184918e-01,3.288173400768928945e-01,6.979482749605307734e-02,7.610120830774814715e-01,1.000000000000000000e+00,7.270759179570508435e-01,-5.579985070005876180e-01,2.507461617946067922e-01,3.326458589737849025e-01,-4.611607484310854821e-02,3.351449911289823280e-01,3.154340878432936313e-01,2.491194168922285512e-01,5.884616204224502045e-01,6.471359688441769009e-01,4.474361371556467293e-01,-3.152847286355784859e-03,7.185042334464605274e-01,4.248302733442647638e-01,3.518920307829244143e-01,4.754316335870928389e-01,2.340567193635977872e-01,6.693094198628551927e-01,2.614768234232209831e-01,4.519851288365431263e-01
5.097807926197327477e-01,7.065656468390419942e-01,6.008841635678755511e-01,5.267862493202897234e-01,4.724956111791964175e-01,8.882409864996445581e-01,9.081631629969848518e-01,-3.973025303726588353e-01,6.135890247371010853e-01,4.805587442441366375e-01,-7.714820736563532400e-01,6.860827612474503789e-01,-4.978841648387578034e-01,4.934695397590249111e-01,5.139266272284319648e-01,2.968485803573762682e-01,-7.508619530159007203e-03,5.139654366707954170e-01,7.270759179570508435e-01,1.000000000000000000e+00,-8.031393909780694118e-01,3.487295347453992500e-01,3.239307298336582264e-01,-2.358459922619925431e-01,3.878966349113859291e-01,3.571475546718837490e-01,2.206494116109542214e-01,7.890239825633419413e-01,7.790158952740150466e-01,5.579504338113524531e-01,-1.543198093384161029e-01,7.719291606252121074e-01,4.380946135519751539e-01,4.357906136261363028e-01,6.429859275449765210e-01,4.522535067335684000e-01,8.232522339399367395e-01,2.622792792902977621e-01,3.984591592905992186e-01
-2.503685238158281368e-01,-5.811017570643907115e-01,-2.218177687271544740e-01,-4.306283586153363818e-01,-1.661297620407012066e-01,-8.011896718299170717e-01,-7.472279016393422735e-01,-1.133800895302327413e-03,-3.042465952590419076e-01,-1.349067544659150186e-01,7.431572501382361917e-01,-5.969474886402598157e-01,2.029889546786351195e-01,-1.319321655612702981e-01,-5.025634788622970195e-01,3.452013793338788022e-02,1.835089375806318035e-01,-3.070284384605531103e-01,-5.579985070005876180e-01,-8.031393909780694118e-01,1.000000000000000000e+00,-5.723781308531636358e-02,-1.051590034914336724e-01,4.310571794101294429e-01,-1.226901983905465537e-01,-8.852496482103162923e-02,-4.101373377354391829e-03,-5.180681993764231219e-01,-6.009731116621170877e-01,-2.598352148745864953e-01,4.631039289451240326e-01,-6.560469929850942794e-01,-9.112468515151325721e-02,-1.516667746046646281e-01,-3.966923649653045225e-01,-4.683180544335528994e-01,-5.995386452924176268e-01,8.637738398285556285e-03,-1.879313513275356062e-01
4.415763311128089175e-01,3.241455286193817842e-01,6.098125076580505066e-01,3.887509100026021458e-01,5.428523082601686145e-01,2.832670564254896051e-01,4.075842949359808620e-01,-5.489426698062216392e-01,5.546028073640760780e-01,4.850541684578193458e-01,-1.628310095917504807e-01,3.066913960605220368e-01,-5.456123510193549020e-01,4.818461504053945799e-01,9.173890727126859934e-02,4.768954121235935983e-01,2.036987858657418049e-01,3.205632502158415331e-01,2.507461617946067922e-01,3.487295347453992500e-01,-5.723781308531636358e-02,1.000000000000000000e+00,4.314485031745831645e-01,2.486705376719608729e-01,4.104275688691857993e-01,4.303694153929112365e-01,4.025993743144994363e-01,6.560553669171130808e-01,2.261547872773329582e-01,4.308194536519509010e-01,3.499229341838666629e-01,2.827960505100565181e-01,5.089675362856169727e-01,5.122318731895149080e-01,4.035251388591599153e-01,5.066822237946707469e-02,4.458407820935478272e-01,4.648435611322362937e-01,4.900071996546017106e-01
6.142745182666161652e-01,3.964918276682181109e-01,5.062712973012227780e-01,3.475957001581947425e-01,6.125575788739660021e-01,2.978489231413766758e-01,2.962802212128607393e-01,-4.432663417988925159e-01,6.841424056563594203e-01,6.081044567516784571e-01,-7.331474406441441938e-02,1.067416539720800889e-01,-4.960194838157875874e-01,6.680969382018066005e-01,-7.200571962761893006e-03,6.269892308839063455e-01,3.188918587671783489e-01,4.334126125909675831e-01,3.326458589737849025e-01,3.239307298336582264e-01,-1.051590034914336724e-01,4.314485031745831645e-01,1.000000000000000000e+00,4.767402661128915531e-01,7.163390715926432062e-01,4.924311967626242015e-01,5.565585855781607361e-01,4.541345793073410242e-01,3.994341297351963749e-01,4.902902600924081145e-01,4.850391522056832216e-01,2.495128093003238512e-01,6.710205943592069122e-01,5.726415220975288323e-01,5.672283768249215541e-01,-1.084624560816576516e-01,5.347879513755420255e-01,5.830581482807181137e-01,6.029074744330734648e-01
1.911407008297686116e-01,-1.427662058037569570e-01,1.114011528306411147e-01,3.538453791339039867e-03,1.900764472722435705e-01,-3.401853007030051779e-01,-2.149265367297248930e-01,-1.878297786244201018e-01,2.436475206934211046e-01,2.713544674124750422e-01,4.709406432885742677e-01,-2.533393183596208686e-01,-2.019759608137585150e-01,4.192727199757762535e-01,-1.659796403547796062e-01,3.959514421440614718e-01,3.729607820379619576e-01,1.230626764838981396e-01,-4.611607484310854821e-02,-2.358459922619925431e-01,4.310571794101294429e-01,2.486705376719608729e-01,4.767402661128915531e-01,1.000000000000000000e+00,3.092178318538193471e-01,2.265321988336284342e-01,2.644972841218610760e-01,-4.497393450244542568e-02,-6.155337242067461523e-02,1.741814832365167209e-01,4.714038149982233139e-01,-1.204853135640568257e-01,3.443324424937654338e-01,1.925835240538663340e-01,5.648594278444078048e-02,-3.993111750941563676e-01,-2.980451744220084798e-02,3.462266797167476984e-01,2.189489863033957928e-01
6.629974022570479519e-01,4.607587377493990166e-01,6.305495239846473643e-01,3.578272401971129835e-01,7.428268588982022136e-01,3.977482471334152780e-01,3.781795278150408834e-01,-5.900939754575289520e-01,7.623555684278345845e-01,7.551886071471157758e-01,-1.584801439732710648e-01,1.327534735272798694e-01,-6.035881143932685378e-01,7.514586311991311440e-01,-1.020225703562501335e-01,7.878859787177733276e-01,3.110020371589751753e-01,4.077635343902714649e-01,3.351449911289823280e-01,3.878966349113859291e-01,-1.226901983905465537e-01,4.104275688691857993e-01,7.163390715926432062e-01,3.092178318538193471e-01,1.000000000000000000e+00,4.915334559891383348e-01,6.569418891990576048e-01,5.168331695195808040e-01,3.939782465003227041e-01,6.335971139528742135e-01,5.190509306229380559e-01,2.270274455038514827e-01,7.417659990425385930e-01,6.596798530461736032e-01,6.893156488112910374e-01,5.737098429724529075e-02,6.197178021799556458e-01,7.429704717554650450e-01,7.492743331423667996e-01
6.825478710195858056e-01,4.912827566357088060e-01,5.700826840521691086e-01,2.671465818878770437e-01,5.742153930127471551e-01,3.477660995945526246e-01,4.035073730339848730e-01,-5.643526611786189306e-01,5.905197670201466353e-01,6.069319985979716447e-01,-1.042968697269704148e-02,1.794218026312784098e-01,-5.408903569567430347e-01,5.499672852659759359e-01,2.442158999014691356e-01,5.608137711896384880e-01,6.334493383494048668e-01,3.596103060037910137e-01,3.154340878432936313e-01,3.571475546718837490e-01,-8.852496482103162923e-02,4.303694153929112365e-01,4.924311967626242015e-01,2.265321988336284342e-01,4.915334559891383348e-01,1.000000000000000000e+00,6.454237956048445302e-01,5.689135673071741284e-01,5.520214508604834869e-01,6.783887771342255180e-01,4.237871399341961443e-01,5.099356926196046969e-01,6.196598037758209720e-01,4.339879314459849091e-01,6.335006494755892614e-01,9.578362605288559539e-02,5.942007536313170801e-01,5.503241679735753067e-01,4.160609354541552340e-01
6.131522010194410122e-01,4.351302963083423236e-01,5.175267176229471078e-01,1.712321453676454719e-01,5.672491234437353480e-01,2.423297752350054013e-01,2.278027279170228847e-01,-5.076595724671669752e-01,6.019493804623925470e-01,6.557624596200187783e-01,2.786420435279420016e-02,1.624754686693226924e-01,-5.052171977660141478e-01,5.316776721430405139e-01,-6.736626576760584850e-02,6.244047214859228534e-01,4.439171659793095248e-01,3.517870774177948578e-01,2.491194168922285512e-01,2.206494116109542214e-01,-4.101373377354391829e-03,4.025993743144994363e-01,5.565585855781607361e-01,2.644972841218610760e-01,6.569418891990576048e-01,6.454237956048445302e-01,1.000000000000000000e+00,5.013295037513287866e-01,2.592460888911906070e-01,5.258567674190282037e-01,5.659705110340461642e-01,2.451485402299042604e-01,5.536912279179517782e-01,4.654746436370548746e-01,5.694665198785482385e-01,6.130257047519428043e-02,4.816656774047475831e-01,6.189184521381517756e-01,6.255536763195841399e-01
6.713551464997904450e-01,7.388799285271948625e-01,7.644035609831910660e-01,4.711130022580597987e-01,6.798575346037049050e-01,7.064311014862346694e-01,7.892288776433141750e-01,-6.311744837474030367e-01,7.450505894068826240e-01,6.422910770689003179e-01,-6.069093533392750928e-01,5.773738961637200351e-01,-6.297352479932077918e-01,5.799671159451311730e-01,2.832588921402584559e-01,4.931369047064821931e-01,8.281356146991408762e-02,5.001586151974547478e-01,5.884616204224502045e-01,7.890239825633419413e-01,-5.180681993764231219e-01,6.560553669171130808e-01,4.541345793073410242e-01,-4.497393450244542568e-02,5.168331695195808040e-01,5.689135673071741284e-01,5.013295037513287866e-01,1.000000000000000000e+00,6.403438105837273575e-01,6.512434717159916175e-01,1.827267473879075899e-01,6.210047624386927367e-01,5.770112254301792420e-01,6.110811793304552486e-01,7.078976779746261050e-01,2.972643594062935879e-01,8.115475302687339410e-01,4.844900002099315484e-01,5.821618387590739019e-01
6.552030817341735203e-01,6.594556150922918913e-01,5.450416172548006033e-01,4.406351914733994124e-01,4.347089465649216500e-01,7.299846385006715233e-01,7.611046862542578673e-01,-4.025154263243442276e-01,5.771988336852387214e-01,5.011962106507089620e-01,-4.484864344192742713e-01,4.656161294162782793e-01,-4.973003768952451997e-01,5.480543989040000952e-01,4.871893254581199373e-01,3.155281603125888457e-01,2.794188600781070120e-01,3.576302568680062022e-01,6.471359688441769009e-01,7.790158952740150466e-01,-6.009731116621170877e-01,2.261547872773329582e-01,3.994341297351963749e-01,-6.155337242067461523e-02,3.939782465003227041e-01,5.520214508604834869e-01,2.592460888911906070e-01,6.403438105837273575e-01,1.000000000000000000e+00,6.302188949189283518e-01,3.590874396057536222e-02,8.259124863222184754e-01,5.001711382171051268e-01,4.034646031121848497e-01,6.962736389116577218e-01,3.066133846765544124e-01,7.478444032641962114e-01,1.835748119000626954e-01,2.717949547302453417e-01
7.747092148085288343e-01,6.942123988784901778e-01,7.444716464312378656e-01,4.681614404409921715e-01,6.939054570014269174e-01,4.689615939359642049e-01,5.809636936232978055e-01,-7.006546043167182214e-01,7.497341101179324507e-01,8.162632660661269801e-01,-3.096873354900923636e-01,3.263814382226875588e-01,-7.210870307436776372e-01,7.189908166403682355e-01,8.363842033523986863e-02,7.447468024777686990e-01,3.578192228817498322e-01,4.047713573804173071e-01,4.474361371556467293e-01,5.579504338113524531e-01,-2.598352148745864953e-01,4.308194536519509010e-01,4.902902600924081145e-01,1.741814832365167209e-01,6.335971139528742135e-01,6.783887771342255180e-01,5.258567674190282037e-01,6.512434717159916175e-01,6.302188949189283518e-01,1.000000000000000000e+00,3.971216028101049456e-01,5.178100356199085708e-01,6.351042612864187253e-01,5.788618169684132120e-01,7.031179777159407562e-01,1.641415424642825027e-01,6.436805923708126542e-01,5.793074601550203262e-01,5.000819428175959924e-01
4.906320121908479548e-01,9.705070508222625458e-02,4.748003673811636571e-01,4.182404006936604052e-02,4.938914334653689564e-01,-1.690087498342885963e-01,-1.504979488915560715e-01,-5.876205157763584319e-01,4.676618874919716284e-01,5.597705749898574945e-01,3.262943113552280172e-01,-1.267918448069386417e-01,-5.131832849524197160e-01,5.376644073523700884e-01,-3.057369891476927060e-01,6.555841925427133843e-01,3.288457022707280686e-01,1.483998664636511922e-01,-3.152847286355784859e-03,-1.543198093384161029e-01,4.631039289451240326e-01,3.499229341838666629e-01,4.850391522056832216e-01,4.714038149982233139e-01,5.190509306229380559e-01,4.237871399341961443e-01,5.659705110340461642e-01,1.827267473879075899e-01,3.590874396057536222e-02,3.971216028101049456e-01,1.000000000000000000e+00,-1.268669487011696295e-01,5.476621701027343248e-01,5.051551715909535778e-01,2.794992267378397788e-01,-3.345185988708499480e-01,1.213677292920915252e-01,4.770754568976410814e-01,4.216095922097407023e-01
4.878658662709342564e-01,6.339846393800379065e-01,4.691154898693447040e-01,4.293063536490253629e-01,3.171485391033335155e-01,7.636616310242823058e-01,7.575187533064339229e-01,-3.061919675254358153e-01,4.642431520408452639e-01,3.867158606198038973e-01,-4.134076582881167639e-01,5.790862466191222246e-01,-4.248492023181887345e-01,4.137653887989124479e-01,6.230823377071118552e-01,1.813431431754590761e-01,2.923895603211027483e-01,4.125243229959552060e-01,7.185042334464605274e-01,7.719291606252121074e-01,-6.560469929850942794e-01,2.827960505100565181e-01,2.495128093003238512e-01,-1.204853135640568257e-01,2.270274455038514827e-01,5.099356926196046969e-01,2.451485402299042604e-01,6.210047624386927367e-01,8.259124863222184754e-01,5.178100356199085708e-01,-1.268669487011696295e-01,1.000000000000000000e+00,3.311345614125509873e-01,2.525752202130559509e-01,5.658339982456324080e-01,3.775547461136156135e-01,7.225186608509760466e-01,7.175995897329245921e-02,2.124730950842769195e-01
6.337225940075604802e-01,3.522395531158157844e-01,7.643341734228101814e-01,3.984844733054685451e-01,7.710843320851085148e-01,3.965854494351541693e-01,4.267148753747712631e-01,-7.347493101340456523e-01,7.986105729240903228e-01,6.597031734808763703e-01,-1.062061533627948473e-01,2.085709280405676491e-01,-7.221697698773085206e-01,8.237683264882638134e-01,7.827320388196300216e-02,7.086221278353986852e-01,3.803668438722526135e-01,4.293379002617992435e-01,4.248302733442647638e-01,4.380946135519751539e-01,-9.112468515151325721e-02,5.089675362856169727e-01,6.710205943592069122e-01,3.443324424937654338e-01,7.417659990425385930e-01,6.196598037758209720e-01,5.536912279179517782e-01,5.770112254301792420e-01,5.001711382171051268e-01,6.351042612864187253e-01,5.476621701027343248e-01,3.311345614125509873e-01,1.000000000000000000e+00,7.676296786390026661e-01,6.736511913389792161e-01,-3.347471456220350167e-02,6.322263280158326726e-01,6.753928595744246310e-01,6.607676768528925049e-01
5.707967464158815174e-01,4.107448178571675435e-01,8.020178018698858047e-01,4.963230487087846865e-01,8.657338003418818539e-01,3.914646726713864600e-01,4.441604542228599906e-01,-7.662950337564196079e-01,7.959715013711304854e-01,5.693955727395474398e-01,-2.610308166230517757e-01,2.730021720462801893e-01,-6.180203431738569009e-01,7.755523092627994997e-01,-3.488689064923902045e-02,6.140919975660498187e-01,6.119069785287402363e-02,3.197654775301758678e-01,3.518920307829244143e-01,4.357906136261363028e-01,-1.516667746046646281e-01,5.122318731895149080e-01,5.726415220975288323e-01,1.925835240538663340e-01,6.596798530461736032e-01,4.339879314459849091e-01,4.654746436370548746e-01,6.110811793304552486e-01,4.034646031121848497e-01,5.788618169684132120e-01,5.051551715909535778e-01,2.525752202130559509e-01,7.676296786390026661e-01,1.000000000000000000e+00,5.475657477571483911e-01,-2.962258544677526945e-02,5.454914053264438012e-01,5.933186921103579259e-01,6.558563618582227139e-01
7.746867095558270799e-01,7.053709713794000802e-01,6.357304798439186166e-01,3.723608858178061864e-01,6.552960718210782964e-01,6.296394348904779115e-01,6.431129522443511659e-01,-5.331523330822822704e-01,7.154347849520522606e-01,6.997395477231546090e-01,-3.677436933514257045e-01,3.557822121416356898e-01,-6.041120047000017035e-01,6.381018388196625368e-01,2.002695279833470454e-01,5.750842484137401733e-01,2.957015040122447092e-01,3.764124444973505623e-01,4.754316335870928389e-01,6.429859275449765210e-01,-3.966923649653045225e-01,4.035251388591599153e-01,5.672283768249215541e-01,5.648594278444078048e-02,6.893156488112910374e-01,6.335006494755892614e-01,5.694665198785482385e-01,7.078976779746261050e-01,6.962736389116577218e-01,7.031179777159407562e-01,2.794992267378397788e-01,5.658339982456324080e-01,6.736511913389792161e-01,5.475657477571483911e-01,1.000000000000000000e+00,3.612929059794217079e-01,8.124659002918765971e-01,5.412253825598722923e-01,5.889239284488684278e-01
1.500530044205787006e-01,3.319944906161217957e-01,8.388828426291718154e-02,9.719133648111989709e-02,5.916103736419382059e-02,5.391360810106770041e-01,4.487280193516361426e-01,3.753447575459301772e-02,3.389216545975646394e-02,1.074701725056993878e-01,-4.097726190158092474e-01,3.672951678742691906e-01,-9.305634821327561645e-02,6.467870620729862519e-02,3.402996652760932328e-01,-4.600514618004273443e-02,3.395533454827154990e-02,1.342670062568010296e-02,2.340567193635977872e-01,4.522535067335684000e-01,-4.683180544335528994e-01,5.066822237946707469e-02,-1.084624560816576516e-01,-3.993111750941563676e-01,5.737098429724529075e-02,9.578362605288559539e-02,6.130257047519428043e-02,2.972643594062935879e-01,3.066133846765544124e-01,1.641415424642825027e-01,-3.345185988708499480e-01,3.775547461136156135e-01,-3.347471456220350167e-02,-2.962258544677526945e-02,3.612929059794217079e-01,1.000000000000000000e+00,3.994757399048244895e-01,-1.239479119169054240e-02,5.385530902846225043e-02
6.795402898046343232e-01,7.250820045400759861e-01,6.660708582784841125e-01,4.576573054374202809e-01,6.221479591902777662e-01,8.223231078171877595e-01,7.945635579231061785e-01,-5.101615711692939481e-01,7.367401054566402596e-01,6.593557501996110126e-01,-5.406167320650906438e-01,5.652353084170744779e-01,-5.959363443462787346e-01,6.416555084128270359e-01,4.213415258554011333e-01,5.036996276959857521e-01,2.247806044192479924e-01,5.281837606694836929e-01,6.693094198628551927e-01,8.232522339399367395e-01,-5.995386452924176268e-01,4.458407820935478272e-01,5.347879513755420255e-01,-2.980451744220084798e-02,6.197178021799556458e-01,5.942007536313170801e-01,4.816656774047475831e-01,8.115475302687339410e-01,7.478444032641962114e-01,6.436805923708126542e-01,1.213677292920915252e-01,7.225186608509760466e-01,6.322263280158326726e-01,5.454914053264438012e-01,8.124659002918765971e-01,3.994757399048244895e-01,1.000000000000000000e+00,4.997689281830546282e-01,6.044210194652060997e-01
5.357219062637746942e-01,3.373831157481271825e-01,5.653838024501975923e-01,3.204240948340960071e-01,7.119272160941818584e-01,2.096594778472399279e-01,2.769569907308163659e-01,-5.519320985730984397e-01,7.078354840845525464e-01,6.494597788365356061e-01,-1.008659687517690362e-01,1.733280938185447762e-01,-5.350206172504329283e-01,6.326459281515532940e-01,-5.699082874291856726e-02,7.518048566483687134e-01,2.998738064792093039e-01,5.047386313290213034e-01,2.614768234232209831e-01,2.622792792902977621e-01,8.637738398285556285e-03,4.648435611322362937e-01,5.830581482807181137e-01,3.462266797167476984e-01,7.429704717554650450e-01,5.503241679735753067e-01,6.189184521381517756e-01,4.844900002099315484e-01,1.835748119000626954e-01,5.793074601550203262e-01,4.770754568976410814e-01,7.175995897329245921e-02,6.753928595744246310e-01,5.933186921103579259e-01,5.412253825598722923e-01,-1.239479119169054240e-02,4.997689281830546282e-01,1.000000000000000000e+00,7.793028464045573811e-01
5.586661588968940828e-01,4.743265388742031741e-01,6.107259203863577568e-01,3.711686070457638764e-01,7.452954936693478860e-01,3.812736606719250854e-01,3.569165641484556839e-01,-5.330899348127448034e-01,8.044927944961691724e-01,6.019638064129960719e-01,-2.685693470266131144e-01,4.311628256909978418e-01,-5.689554960295772901e-01,6.309473282931044036e-01,-5.309150148296044175e-02,6.545633749599300000e-01,7.026221690421233235e-02,5.911480554098400564e-01,4.519851288365431263e-01,3.984591592905992186e-01,-1.879313513275356062e-01,4.900071996546017106e-01,6.029074744330734648e-01,2.189489863033957928e-01,7.492743331423667996e-01,4.160609354541552340e-01,6.255536763195841399e-01,5.821618387590739019e-01,2.717949547302453417e-01,5.000819428175959924e-01,4.216095922097407023e-01,2.124730950842769195e-01,6.607676768528925049e-01,6.558563618582227139e-01,5.889239284488684278e-01,5.385530902846225043e-02,6.044210194652060997e-01,7.793028464045573811e-01,1.000000000000000000e+00
