1.000000000000000000e+00,9.523261428516452964e-01,9.766307986847587719e-01,9.830272981092391671e-01,9.620041420221949746e-01,9.278590605884736719e-01,9.818250594826883892e-01,8.639205264330861445e-01,9.823304768051180913e-01,8.798936847825786778e-01,8.722975182700183350e-01,9.523726281003951355e-01,8.616848818038397306e-01,8.452601399180874608e-01,9.736537088599467316e-01,8.958719620737299882e-01,8.768576925838209579e-01,9.518098201890353716e-01,9.434647004858865982e-01,9.830821192924228402e-01,9.558621843597653323e-01,9.453777129539548962e-01,9.162440150515294146e-01,9.346519857121395880e-01,8.977501169677298831e-01,8.966313574750857107e-01,9.618170176943930949e-01,9.624054518856512974e-01,8.587869310688316382e-01,8.769429654454161671e-01,9.433812751652674855e-01,9.720305301445651969e-01,8.724141176379741625e-01,8.772631692867414177e-01,9.378824129052802938e-01,8.981781839858157257e-01,9.782348255348516375e-01,8.623772929223729733e-01,9.669829706653046975e-01
9.523261428516452964e-01,1.000000000000000000e+00,9.580995217360911420e-01,9.475709161293472960e-01,9.722231006518010643e-01,9.500919313094814411e-01,9.477104951067800709e-01,8.904184211232422097e-01,9.501881738765485252e-01,9.078386818199066788e-01,9.000348684579202452e-01,9.827913908843649571e-01,8.877786743569220373e-01,8.718759210030938567e-01,9.597867809337167211e-01,9.268693771137634929e-01,9.057104137727121085e-01,9.832859688241561980e-01,9.738707187391824061e-01,9.485189248035790222e-01,9.748855253438388768e-01,9.793291037600481141e-01,9.442061407245316840e-01,9.646115470451454010e-01,9.278238283512380002e-01,9.241997803447462578e-01,9.714165706753179474e-01,9.700998184389796331e-01,8.688008911512580257e-01,9.036549434523708513e-01,9.725096183907786518e-01,9.619699737201286016e-01,8.974396325092608429e-01,9.034243286878529400e-01,9.676045264824234549e-01,9.274305947930604477e-01,9.557589612631227638e-01,8.679479281578045269e-01,9.671475642364726344e-01
9.766307986847587719e-01,9.580995217360911420e-01,1.000000000000000000e+00,9.752506558056770469e-01,9.695489901977694114e-01,9.301652664044006702e-01,9.734590950406045717e-01,8.688490147027708721e-01,9.755758412460399098e-01,8.806575810225112377e-01,8.743145109987950914e-01,9.581006208454552198e-01,8.650226218158025837e-01,8.509246407927080202e-01,9.845854580852789750e-01,8.986463618925232266e-01,8.776113399344140920e-01,9.573292905759656080e-01,9.482431083533477967e-01,9.759772528298258365e-01,9.636131246959768193e-01,9.503157852485715207e-01,9.191293775684596934e-01,9.399677000085023826e-01,9.013421023916028396e-01,8.974589678411105664e-01,9.712154514509692138e-01,9.707643528793133969e-01,8.572901727742378020e-01,8.773968784707328883e-01,9.484021011011295466e-01,9.834391024568971407e-01,8.734688545546831495e-01,8.794117392108785625e-01,9.440435905068714773e-01,9.013144692630711274e-01,9.827272333423879846e-01,8.615116390682098224e-01,9.755572688654597924e-01
9.830272981092391671e-01,9.475709161293472960e-01,9.752506558056770469e-01,1.000000000000000000e+00,9.582728088524287147e-01,9.259347981076161416e-01,9.850949604689004380e-01,8.601608036580054018e-01,9.853014354278940568e-01,8.764436305242457870e-01,8.666709989988030660e-01,9.474286112525796000e-01,8.575289111373248785e-01,8.428232720782528054e-01,9.719764649438924486e-01,8.932382034070446286e-01,8.731372418573458694e-01,9.479006932598952329e-01,9.393740670213384103e-01,9.852079358969824119e-01,9.520081186283411157e-01,9.402565137558392960e-01,9.141119147126257616e-01,9.323134397624309733e-01,8.957790098757623110e-01,8.934775140658226533e-01,9.588599429189932355e-01,9.588011869177390789e-01,8.585440364204435237e-01,8.743937393572411843e-01,9.395311694705623662e-01,9.701757368976886564e-01,8.672307078228181920e-01,8.718347382124455036e-01,9.352215320563371792e-01,8.966927008535282573e-01,9.785091875924907256e-01,8.621583052232227873e-01,9.638436588617780298e-01
9.620041420221949746e-01,9.722231006518010643e-01,9.695489901977694114e-01,9.582728088524287147e-01,1.000000000000000000e+00,9.392102990605497581e-01,9.569736455299299172e-01,8.786594271489167607e-01,9.590672506232885697e-01,8.962318123525346847e-01,8.877191603809101439e-01,9.735312581046083880e-01,8.772470603032975767e-01,8.643756805639479790e-01,9.711368197870117180e-01,9.140873436596658186e-01,8.926569674075721661e-01,9.724295777129956520e-01,9.591831290611867455e-01,9.580346990205181879e-01,9.808666711062434818e-01,9.637917580570677378e-01,9.315104186377186624e-01,9.528750267342485092e-01,9.170900793251078875e-01,9.111321409260574322e-01,9.837814369553695704e-01,9.842705905168641634e-01,8.640076153112452584e-01,8.909946078959219973e-01,9.596610807833949597e-01,9.724329133615933207e-01,8.871749154163104389e-01,8.918971528947950977e-01,9.560010820834529133e-01,9.160403435379035342e-01,9.669843846799452969e-01,8.651700639645698576e-01,9.804088739272942554e-01
9.278590605884736719e-01,9.500919313094814411e-01,9.301652664044006702e-01,9.259347981076161416e-01,9.392102990605497581e-01,1.000000000000000000e+00,9.254067432355679301e-01,9.040446341738709313e-01,9.265438137085875159e-01,9.330499675928722869e-01,9.128599870583392617e-01,9.498424661678809278e-01,9.029392725163682965e-01,8.814324349091255950e-01,9.310718071286678832e-01,9.536845060076721836e-01,9.311253408464110759e-01,9.501913348762568434e-01,9.619393143713060867e-01,9.255823185733934588e-01,9.382087258910067895e-01,9.552141201185641028e-01,9.765178849926097193e-01,9.704649731416257197e-01,9.547634973298295691e-01,9.487504230305275899e-01,9.413864146269107502e-01,9.407650654969067494e-01,8.794556711496933632e-01,9.286241489111823899e-01,9.657658760038346779e-01,9.338570135329176125e-01,9.152213039137063744e-01,9.176560872325835172e-01,9.672188533169534530e-01,9.581633213337825694e-01,9.303716852247765345e-01,8.743933934451142420e-01,9.396602392012256555e-01
9.818250594826883892e-01,9.477104951067800709e-01,9.734590950406045717e-01,9.850949604689004380e-01,9.569736455299299172e-01,9.254067432355679301e-01,1.000000000000000000e+00,8.622776825308303694e-01,9.854555333321372013e-01,8.765481757084438996e-01,8.677893914328880243e-01,9.482386348544107335e-01,8.590661201195920471e-01,8.449868764411806454e-01,9.707678453003152352e-01,8.928878963845672256e-01,8.730194899808396691e-01,9.483737699795381504e-01,9.394590571413925506e-01,9.848829638479617010e-01,9.520069891897143810e-01,9.405286252419889914e-01,9.138061739551001095e-01,9.321225331060486452e-01,8.952865854368557974e-01,8.939922147003778186e-01,9.574803848173469856e-01,9.574078013822984179e-01,8.609234953651249134e-01,8.741975007880530280e-01,9.390943722999286480e-01,9.691616744133499939e-01,8.669921617942187853e-01,8.735259020964626364e-01,9.344272376446796091e-01,8.965680575576966405e-01,9.765093071372635825e-01,8.639549299700987062e-01,9.620279482880185196e-01
8.639205264330861445e-01,8.904184211232422097e-01,8.688490147027708721e-01,8.601608036580054018e-01,8.786594271489167607e-01,9.040446341738709313e-01,8.622776825308303694e-01,1.000000000000000000e+00,8.633330301316995969e-01,9.345796542855355771e-01,9.690985899822227578e-01,8.871260816878331346e-01,9.816244511933586159e-01,9.681041851285165922e-01,8.675471097095561746e-01,9.277995404544128188e-01,9.380553391615904513e-01,8.902085514965677460e-01,8.931929570851979694e-01,8.625573264372493609e-01,8.818994467084357858e-01,8.909074489569187572e-01,9.139005584989781106e-01,8.936333839485453012e-01,9.263297035333095675e-01,9.343644881451387274e-01,8.787350219233853732e-01,8.796805741183906235e-01,9.415002537615831946e-01,9.369004883190371613e-01,8.918033911652960555e-01,8.688287220304243830e-01,9.590395370131324926e-01,9.675087432747344618e-01,8.907497282135699024e-01,9.264665957899798077e-01,8.632417105360669085e-01,9.375985803034874166e-01,8.729232478917930971e-01
9.823304768051180913e-01,9.501881738765485252e-01,9.755758412460399098e-01,9.853014354278940568e-01,9.590672506232885697e-01,9.265438137085875159e-01,9.854555333321372013e-01,8.633330301316995969e-01,1.000000000000000000e+00,8.793072368792504978e-01,8.700196388574612527e-01,9.498029831747534235e-01,8.600078366818960651e-01,8.453671827946659389e-01,9.727813750939623416e-01,8.955880930855619759e-01,8.755515344676446654e-01,9.500754177608075057e-01,9.404192939455521261e-01,9.858240431507834245e-01,9.538500755737076009e-01,9.418102785744465466e-01,9.156820732111943251e-01,9.338711112833422145e-01,8.977347009030913760e-01,8.955839650081327541e-01,9.594957804836969917e-01,9.594893430201080209e-01,8.605123428790513174e-01,8.774999835065883103e-01,9.405531207683414108e-01,9.714652121639697491e-01,8.694767910962568624e-01,8.756747792680299458e-01,9.366540405745932274e-01,8.985824314045529615e-01,9.786854924690678859e-01,8.638888065969295704e-01,9.640659649479368376e-01
8.798936847825786778e-01,9.078386818199066788e-01,8.806575810225112377e-01,8.764436305242457870e-01,8.962318123525346847e-01,9.330499675928722869e-01,8.765481757084438996e-01,9.345796542855355771e-01,8.793072368792504978e-01,1.000000000000000000e+00,9.563280169796338770e-01,9.070685818175967530e-01,9.348361598957982688e-01,9.199351318787469811e-01,8.808500548941093911e-01,9.677102422450182262e-01,9.825719294930435055e-01,9.097955588479933464e-01,9.187529113258573465e-01,8.765204652589608791e-01,8.984415229987561258e-01,9.163067992432026854e-01,9.441722663129377136e-01,9.229263526908870752e-01,9.658013020579384600e-01,9.730836477143781638e-01,8.968960770979117481e-01,8.981645903786309448e-01,9.052534568528397552e-01,9.832821474607968959e-01,9.189708746644412729e-01,8.831142075691900128e-01,9.631488555734891710e-01,9.594942444368708134e-01,9.206990583135414852e-01,9.640250336246922735e-01,8.797472314674266158e-01,8.991169642731070555e-01,8.933705073581075240e-01
8.722975182700183350e-01,9.000348684579202452e-01,8.743145109987950914e-01,8.666709989988030660e-01,8.877191603809101439e-01,9.128599870583392617e-01,8.677893914328880243e-01,9.690985899822227578e-01,8.700196388574612527e-01,9.563280169796338770e-01,1.000000000000000000e+00,8.979254381966442766e-01,9.668704738074590521e-01,9.554011638564176012e-01,8.719217460574679723e-01,9.424210396089741648e-01,9.594633026090405581e-01,9.003000517836762251e-01,9.032286641814466499e-01,8.687610087294612704e-01,8.917388067891278691e-01,9.030467774501980127e-01,9.237128093382465099e-01,9.047257264072385841e-01,9.420530458442573085e-01,9.490452824581077085e-01,8.878871693749929017e-01,8.896788041875712816e-01,9.339507101470206907e-01,9.579830356048539830e-01,9.030094694214222395e-01,8.739100968956599047e-01,9.770264669103473354e-01,9.832669269025712255e-01,9.023851816863985853e-01,9.393169455408392210e-01,8.696805357065640063e-01,9.264688410526461526e-01,8.830158305887230163e-01
9.523726281003951355e-01,9.827913908843649571e-01,9.581006208454552198e-01,9.474286112525796000e-01,9.735312581046083880e-01,9.498424661678809278e-01,9.482386348544107335e-01,8.871260816878331346e-01,9.498029831747534235e-01,9.070685818175967530e-01,8.979254381966442766e-01,1.000000000000000000e+00,8.850533247104946932e-01,8.694446934153168272e-01,9.597318649069978003e-01,9.268562011392665889e-01,9.039170700780527756e-01,9.848248874663699803e-01,9.723218065793715059e-01,9.481332551631519445e-01,9.776830262509129676e-01,9.770365664139692985e-01,9.443846737408331249e-01,9.636267379446957770e-01,9.279928448888283832e-01,9.234642750710112535e-01,9.724153618600475113e-01,9.718833383436754625e-01,8.676220440822473012e-01,9.021770794053035614e-01,9.715667810337601518e-01,9.617706660587306278e-01,8.948199678516156608e-01,9.012057386595775377e-01,9.671575505088687574e-01,9.272420719559471003e-01,9.547385756403503621e-01,8.668426202983224860e-01,9.690460183832103613e-01
8.616848818038397306e-01,8.877786743569220373e-01,8.650226218158025837e-01,8.575289111373248785e-01,8.772470603032975767e-01,9.029392725163682965e-01,8.590661201195920471e-01,9.816244511933586159e-01,8.600078366818960651e-01,9.348361598957982688e-01,9.668704738074590521e-01,8.850533247104946932e-01,1.000000000000000000e+00,9.723938422869397025e-01,8.639290411463542707e-01,9.283526954717568058e-01,9.385482706316222723e-01,8.876327633595658684e-01,8.913388144751044351e-01,8.593147428877266902e-01,8.806873146207544467e-01,8.894997984872718977e-01,9.128554118741643020e-01,8.920718662519711017e-01,9.274842935658743626e-01,9.345759538636817521e-01,8.770102973270488267e-01,8.781229252425113430e-01,9.463440833718860246e-01,9.378352593102551316e-01,8.912197687943985702e-01,8.646602575117185996e-01,9.574075072785015461e-01,9.645508569608071126e-01,8.887369319979432358e-01,9.272878052045284702e-01,8.602454018401136659e-01,9.418093584099381799e-01,8.707030196254503807e-01
8.452601399180874608e-01,8.718759210030938567e-01,8.509246407927080202e-01,8.428232720782528054e-01,8.643756805639479790e-01,8.814324349091255950e-01,8.449868764411806454e-01,9.681041851285165922e-01,8.453671827946659389e-01,9.199351318787469811e-01,9.554011638564176012e-01,8.694446934153168272e-01,9.723938422869397025e-01,1.000000000000000000e+00,8.509131387265040924e-01,9.111947201562533571e-01,9.247051900125632384e-01,8.722520550460757249e-01,8.724350363471942149e-01,8.445242118721133506e-01,8.676004660512770528e-01,8.722196081938405898e-01,8.932761090195785458e-01,8.729994935893783392e-01,9.112321644170562340e-01,9.194822115039235078e-01,8.645007416096699426e-01,8.659115648119573017e-01,9.603205410746784576e-01,9.253827687200969487e-01,8.705798623952162307e-01,8.528338398141300791e-01,9.446087827962180716e-01,9.523139667990879742e-01,8.692318559297319558e-01,9.095800336100257066e-01,8.436150648260035689e-01,9.559663267811668863e-01,8.564981822285153701e-01
9.736537088599467316e-01,9.597867809337167211e-01,9.845854580852789750e-01,9.719764649438924486e-01,9.711368197870117180e-01,9.310718071286678832e-01,9.707678453003152352e-01,8.675471097095561746e-01,9.727813750939623416e-01,8.808500548941093911e-01,8.719217460574679723e-01,9.597318649069978003e-01,8.639290411463542707e-01,8.509131387265040924e-01,1.000000000000000000e+00,8.993031453167782407e-01,8.782202114340332821e-01,9.584459196534922398e-01,9.501188347853549709e-01,9.726589023737681750e-01,9.645146152330453804e-01,9.520804445743543676e-01,9.210249683149811517e-01,9.422315279984585512e-01,9.021384388105799790e-01,8.982054034508824003e-01,9.733272313815102272e-01,9.727875783057520209e-01,8.580871981100889334e-01,8.770339670335890458e-01,9.500279607261392645e-01,9.856769333397504829e-01,8.718765356582871551e-01,8.775320234210044479e-01,9.459414728230556291e-01,9.014601051952401134e-01,9.805082996478413637e-01,8.625850552001731453e-01,9.774063111320782093e-01
8.958719620737299882e-01,9.268693771137634929e-01,8.986463618925232266e-01,8.932382034070446286e-01,9.140873436596658186e-01,9.536845060076721836e-01,8.928878963845672256e-01,9.277995404544128188e-01,8.955880930855619759e-01,9.677102422450182262e-01,9.424210396089741648e-01,9.268562011392665889e-01,9.283526954717568058e-01,9.111947201562533571e-01,8.993031453167782407e-01,1.000000000000000000e+00,9.657988350050866755e-01,9.285194197244219794e-01,9.377576737669517382e-01,8.929524509067440219e-01,9.177255268859189075e-01,9.349663083005584907e-01,9.660404456770802506e-01,9.431002515984794332e-01,9.840105345947893767e-01,9.805094100057268891e-01,9.134691176900477938e-01,9.147082921176717951e-01,9.051900207348571037e-01,9.673667633101871166e-01,9.397855385891602520e-01,9.023553001967974385e-01,9.469932860608005765e-01,9.468097811871299951e-01,9.403148604826104817e-01,9.812412526325268169e-01,8.966042589166568488e-01,8.987927400464388317e-01,9.093266844068488286e-01
8.768576925838209579e-01,9.057104137727121085e-01,8.776113399344140920e-01,8.731372418573458694e-01,8.926569674075721661e-01,9.311253408464110759e-01,8.730194899808396691e-01,9.380553391615904513e-01,8.755515344676446654e-01,9.825719294930435055e-01,9.594633026090405581e-01,9.039170700780527756e-01,9.385482706316222723e-01,9.247051900125632384e-01,8.782202114340332821e-01,9.657988350050866755e-01,1.000000000000000000e+00,9.067737265354615106e-01,9.152453358324978971e-01,8.732733284322776734e-01,8.952674911929295876e-01,9.127910542943409311e-01,9.424204760141602355e-01,9.196107743034506177e-01,9.631654636111445233e-01,9.707718541849175153e-01,8.947330293973132509e-01,8.953114869877877302e-01,9.104204552353485358e-01,9.822306873151441797e-01,9.154841046264268201e-01,8.802420824759272788e-01,9.675010312499202625e-01,9.625328958473545748e-01,9.177355855240160176e-01,9.612440635364553065e-01,8.759330966137931496e-01,9.029658194060689036e-01,8.904405389305595220e-01
9.518098201890353716e-01,9.832859688241561980e-01,9.573292905759656080e-01,9.479006932598952329e-01,9.724295777129956520e-01,9.501913348762568434e-01,9.483737699795381504e-01,8.902085514965677460e-01,9.500754177608075057e-01,9.097955588479933464e-01,9.003000517836762251e-01,9.848248874663699803e-01,8.876327633595658684e-01,8.722520550460757249e-01,9.584459196534922398e-01,9.285194197244219794e-01,9.067737265354615106e-01,1.000000000000000000e+00,9.730892135473325766e-01,9.483759524347643577e-01,9.764774486216242222e-01,9.774251081937589403e-01,9.448422546207911887e-01,9.643410685540254601e-01,9.292207065245962072e-01,9.250834522780378988e-01,9.710986431336285918e-01,9.705478168188643728e-01,8.685771126937877895e-01,9.055126672506700336e-01,9.718585399297375860e-01,9.605415204890467296e-01,8.973602146214484376e-01,9.039678362271990064e-01,9.678344679145398644e-01,9.283815055465312049e-01,9.547008178738828343e-01,8.683225745244844695e-01,9.666552948435593873e-01
9.434647004858865982e-01,9.738707187391824061e-01,9.482431083533477967e-01,9.393740670213384103e-01,9.591831290611867455e-01,9.619393143713060867e-01,9.394590571413925506e-01,8.931929570851979694e-01,9.404192939455521261e-01,9.187529113258573465e-01,9.032286641814466499e-01,9.723218065793715059e-01,8.913388144751044351e-01,8.724350363471942149e-01,9.501188347853549709e-01,9.377576737669517382e-01,9.152453358324978971e-01,9.730892135473325766e-01,1.000000000000000000e+00,9.388866821698350629e-01,9.618270728798363756e-01,9.812871853038819259e-01,9.545565829151375636e-01,9.775877010281237567e-01,9.383644346749877574e-01,9.353557072922457083e-01,9.600142152130830553e-01,9.585988308434487681e-01,8.677452231224452861e-01,9.115273857160250959e-01,9.824897655029422028e-01,9.519744199786237537e-01,9.029488021816896026e-01,9.077810383995569277e-01,9.803415090611864446e-01,9.404229587414763003e-01,9.459177876082777159e-01,8.672492080465906694e-01,9.576641967149439605e-01
9.830821192924228402e-01,9.485189248035790222e-01,9.759772528298258365e-01,9.852079358969824119e-01,9.580346990205181879e-01,9.255823185733934588e-01,9.848829638479617010e-01,8.625573264372493609e-01,9.858240431507834245e-01,8.765204652589608791e-01,8.687610087294612704e-01,9.481332551631519445e-01,8.593147428877266902e-01,8.445242118721133506e-01,9.726589023737681750e-01,8.929524509067440219e-01,8.732733284322776734e-01,9.483759524347643577e-01,9.388866821698350629e-01,1.000000000000000000e+00,9.527620021429840103e-01,9.401426092222420206e-01,9.141634723529710183e-01,9.316277028663421111e-01,8.949710248921383116e-01,8.931371410364865593e-01,9.586323651921242472e-01,9.588505608892395893e-01,8.602628183919190930e-01,8.750046521201205740e-01,9.385861422562958856e-01,9.710279527149657808e-01,8.677989619151766920e-01,8.741921315009510973e-01,9.347523257128932395e-01,8.959196144492038716e-01,9.786643501587038996e-01,8.633194594568978086e-01,9.633773617903428343e-01
9.558621843597653323e-01,9.748855253438388768e-01,9.636131246959768193e-01,9.520081186283411157e-01,9.808666711062434818e-01,9.382087258910067895e-01,9.520069891897143810e-01,8.818994467084357858e-01,9.538500755737076009e-01,8.984415229987561258e-01,8.917388067891278691e-01,9.776830262509129676e-01,8.806873146207544467e-01,8.676004660512770528e-01,9.645146152330453804e-01,9.177255268859189075e-01,8.952674911929295876e-01,9.764774486216242222e-01,9.618270728798363756e-01,9.527620021429840103e-01,1.000000000000000000e+00,9.666096991469352862e-01,9.321961782372414351e-01,9.545187616447518009e-01,9.202017266507691584e-01,9.140838101756695311e-01,9.783427030308945449e-01,9.779544882619307655e-01,8.656335787699902529e-01,8.940635563791542451e-01,9.622769387645356831e-01,9.659576409362873317e-01,8.909397218762683535e-01,8.959669891796058216e-01,9.580316773031410937e-01,9.182408404457598206e-01,9.607636314278986678e-01,8.664918831286211320e-01,9.747208971726164517e-01
9.453777129539548962e-01,9.793291037600481141e-01,9.503157852485715207e-01,9.402565137558392960e-01,9.637917580570677378e-01,9.552141201185641028e-01,9.405286252419889914e-01,8.909074489569187572e-01,9.418102785744465466e-01,9.163067992432026854e-01,9.030467774501980127e-01,9.770365664139692985e-01,8.894997984872718977e-01,8.722196081938405898e-01,9.520804445743543676e-01,9.349663083005584907e-01,9.127910542943409311e-01,9.774251081937589403e-01,9.812871853038819259e-01,9.401426092222420206e-01,9.666096991469352862e-01,1.000000000000000000e+00,9.493502876808292967e-01,9.723349307925207574e-01,9.359253795913048402e-01,9.326209219747628731e-01,9.628555674402857756e-01,9.622652071917167094e-01,8.668972376867293272e-01,9.099912096225627467e-01,9.784363373615100334e-01,9.539743235211129990e-01,9.037004154844370252e-01,9.078601644380670521e-01,9.748637331810714457e-01,9.364781147138552253e-01,9.479951330278251209e-01,8.675830726867266307e-01,9.601734310131180283e-01
9.162440150515294146e-01,9.442061407245316840e-01,9.191293775684596934e-01,9.141119147126257616e-01,9.315104186377186624e-01,9.765178849926097193e-01,9.138061739551001095e-01,9.139005584989781106e-01,9.156820732111943251e-01,9.441722663129377136e-01,9.237128093382465099e-01,9.443846737408331249e-01,9.128554118741643020e-01,8.932761090195785458e-01,9.210249683149811517e-01,9.660404456770802506e-01,9.424204760141602355e-01,9.448422546207911887e-01,9.545565829151375636e-01,9.141634723529710183e-01,9.321961782372414351e-01,9.493502876808292967e-01,1.000000000000000000e+00,9.626736780518334591e-01,9.671763513412728885e-01,9.610619199366648990e-01,9.316593637176091569e-01,9.317479706152097529e-01,8.924394534783063326e-01,9.421389330156090258e-01,9.579630393562367230e-01,9.238901328045542316e-01,9.268749529367920070e-01,9.286803190591874646e-01,9.598986722155692375e-01,9.701409384300826444e-01,9.182487239492110875e-01,8.862026336783174196e-01,9.280654559777850032e-01
9.346519857121395880e-01,9.646115470451454010e-01,9.399677000085023826e-01,9.323134397624309733e-01,9.528750267342485092e-01,9.704649731416257197e-01,9.321225331060486452e-01,8.936333839485453012e-01,9.338711112833422145e-01,9.229263526908870752e-01,9.047257264072385841e-01,9.636267379446957770e-01,8.920718662519711017e-01,8.729994935893783392e-01,9.422315279984585512e-01,9.431002515984794332e-01,9.196107743034506177e-01,9.643410685540254601e-01,9.775877010281237567e-01,9.316277028663421111e-01,9.545187616447518009e-01,9.723349307925207574e-01,9.626736780518334591e-01,1.000000000000000000e+00,9.438840666527257284e-01,9.392188807995277555e-01,9.524130236117001047e-01,9.517469913882076193e-01,8.698689510870644126e-01,9.169937903271109247e-01,9.814973224135686847e-01,9.450687384925464674e-01,9.052797677752856265e-01,9.105625818291371854e-01,9.835137563570418573e-01,9.471427822286878628e-01,9.399547240374913626e-01,8.688752030565554119e-01,9.502459654746766571e-01
8.977501169677298831e-01,9.278238283512380002e-01,9.013421023916028396e-01,8.957790098757623110e-01,9.170900793251078875e-01,9.547634973298295691e-01,8.952865854368557974e-01,9.263297035333095675e-01,8.977347009030913760e-01,9.658013020579384600e-01,9.420530458442573085e-01,9.279928448888283832e-01,9.274842935658743626e-01,9.112321644170562340e-01,9.021384388105799790e-01,9.840105345947893767e-01,9.631654636111445233e-01,9.292207065245962072e-01,9.383644346749877574e-01,8.949710248921383116e-01,9.202017266507691584e-01,9.359253795913048402e-01,9.671763513412728885e-01,9.438840666527257284e-01,1.000000000000000000e+00,9.786000106705255996e-01,9.164648726596297257e-01,9.174556494864704037e-01,9.073218958056951111e-01,9.647519365420297310e-01,9.407062610198414498e-01,9.048279506604652855e-01,9.467297769070855962e-01,9.463516938016024449e-01,9.409258604652066538e-01,9.820986692818114427e-01,8.993549979348056667e-01,9.009936369652972177e-01,9.116451592087432276e-01
8.966313574750857107e-01,9.241997803447462578e-01,8.974589678411105664e-01,8.934775140658226533e-01,9.111321409260574322e-01,9.487504230305275899e-01,8.939922147003778186e-01,9.343644881451387274e-01,8.955839650081327541e-01,9.730836477143781638e-01,9.490452824581077085e-01,9.234642750710112535e-01,9.345759538636817521e-01,9.194822115039235078e-01,8.982054034508824003e-01,9.805094100057268891e-01,9.707718541849175153e-01,9.250834522780378988e-01,9.353557072922457083e-01,8.931371410364865593e-01,9.140838101756695311e-01,9.326209219747628731e-01,9.610619199366648990e-01,9.392188807995277555e-01,9.786000106705255996e-01,1.000000000000000000e+00,9.112601118745121687e-01,9.120927647334142740e-01,9.131208122199503396e-01,9.717089551433717443e-01,9.356378805645259034e-01,9.008899570704672621e-01,9.535196802016739914e-01,9.531500794268018550e-01,9.365115587493280103e-01,9.760794342883590824e-01,8.951097319137831798e-01,9.075549447778572532e-01,9.080009631701970729e-01
9.618170176943930949e-01,9.714165706753179474e-01,9.712154514509692138e-01,9.588599429189932355e-01,9.837814369553695704e-01,9.413864146269107502e-01,9.574803848173469856e-01,8.787350219233853732e-01,9.594957804836969917e-01,8.968960770979117481e-01,8.878871693749929017e-01,9.724153618600475113e-01,8.770102973270488267e-01,8.645007416096699426e-01,9.733272313815102272e-01,9.134691176900477938e-01,8.947330293973132509e-01,9.710986431336285918e-01,9.600142152130830553e-01,9.586323651921242472e-01,9.783427030308945449e-01,9.628555674402857756e-01,9.316593637176091569e-01,9.524130236117001047e-01,9.164648726596297257e-01,9.112601118745121687e-01,1.000000000000000000e+00,9.854052349460770133e-01,8.619031985995261325e-01,8.922367807537104900e-01,9.593190930489228219e-01,9.745263974424717146e-01,8.877575938141555323e-01,8.919776124879890133e-01,9.557623505274093212e-01,9.144783531246366559e-01,9.682512952745592205e-01,8.631960710081694188e-01,9.825665420157676522e-01
9.624054518856512974e-01,9.700998184389796331e-01,9.707643528793133969e-01,9.588011869177390789e-01,9.842705905168641634e-01,9.407650654969067494e-01,9.574078013822984179e-01,8.796805741183906235e-01,9.594893430201080209e-01,8.981645903786309448e-01,8.896788041875712816e-01,9.718833383436754625e-01,8.781229252425113430e-01,8.659115648119573017e-01,9.727875783057520209e-01,9.147082921176717951e-01,8.953114869877877302e-01,9.705478168188643728e-01,9.585988308434487681e-01,9.588505608892395893e-01,9.779544882619307655e-01,9.622652071917167094e-01,9.317479706152097529e-01,9.517469913882076193e-01,9.174556494864704037e-01,9.120927647334142740e-01,9.854052349460770133e-01,1.000000000000000000e+00,8.644736625243424344e-01,8.936597763955252960e-01,9.580860969638653746e-01,9.738970303510045001e-01,8.890655629392786308e-01,8.936639321730737162e-01,9.547752993353297857e-01,9.148818104155567177e-01,9.680452396803925774e-01,8.660346479759987171e-01,9.822709691123001630e-01
8.587869310688316382e-01,8.688008911512580257e-01,8.572901727742378020e-01,8.585440364204435237e-01,8.640076153112452584e-01,8.794556711496933632e-01,8.609234953651249134e-01,9.415002537615831946e-01,8.605123428790513174e-01,9.052534568528397552e-01,9.339507101470206907e-01,8.676220440822473012e-01,9.463440833718860246e-01,9.603205410746784576e-01,8.580871981100889334e-01,9.051900207348571037e-01,9.104204552353485358e-01,8.685771126937877895e-01,8.677452231224452861e-01,8.602628183919190930e-01,8.656335787699902529e-01,8.668972376867293272e-01,8.924394534783063326e-01,8.698689510870644126e-01,9.073218958056951111e-01,9.131208122199503396e-01,8.619031985995261325e-01,8.644736625243424344e-01,1.000000000000000000e+00,9.132212241821423548e-01,8.673296878203450300e-01,8.581142325843339469e-01,9.231383302973786842e-01,9.321269744823584835e-01,8.639248705694543284e-01,9.062543398434311781e-01,8.495824948598797999e-01,9.781134045186912207e-01,8.575269384105624892e-01
8.769429654454161671e-01,9.036549434523708513e-01,8.773968784707328883e-01,8.743937393572411843e-01,8.909946078959219973e-01,9.286241489111823899e-01,8.741975007880530280e-01,9.369004883190371613e-01,8.774999835065883103e-01,9.832821474607968959e-01,9.579830356048539830e-01,9.021770794053035614e-01,9.378352593102551316e-01,9.253827687200969487e-01,8.770339670335890458e-01,9.673667633101871166e-01,9.822306873151441797e-01,9.055126672506700336e-01,9.115273857160250959e-01,8.750046521201205740e-01,8.940635563791542451e-01,9.099912096225627467e-01,9.421389330156090258e-01,9.169937903271109247e-01,9.647519365420297310e-01,9.717089551433717443e-01,8.922367807537104900e-01,8.936597763955252960e-01,9.132212241821423548e-01,1.000000000000000000e+00,9.115871884643877987e-01,8.796171342445828767e-01,9.654216988553527834e-01,9.618133839162523735e-01,9.135203067227080087e-01,9.625465434966719025e-01,8.770231393506970896e-01,9.066741772124620180e-01,8.881540205216709172e-01
9.433812751652674855e-01,9.725096183907786518e-01,9.484021011011295466e-01,9.395311694705623662e-01,9.596610807833949597e-01,9.657658760038346779e-01,9.390943722999286480e-01,8.918033911652960555e-01,9.405531207683414108e-01,9.189708746644412729e-01,9.030094694214222395e-01,9.715667810337601518e-01,8.912197687943985702e-01,8.705798623952162307e-01,9.500279607261392645e-01,9.397855385891602520e-01,9.154841046264268201e-01,9.718585399297375860e-01,9.824897655029422028e-01,9.385861422562958856e-01,9.622769387645356831e-01,9.784363373615100334e-01,9.579630393562367230e-01,9.814973224135686847e-01,9.407062610198414498e-01,9.356378805645259034e-01,9.593190930489228219e-01,9.580860969638653746e-01,8.673296878203450300e-01,9.115871884643877987e-01,1.000000000000000000e+00,9.520880225633989724e-01,9.027034024880458141e-01,9.077259384715135049e-01,9.838589319476316319e-01,9.428043234057849054e-01,9.465155789822601307e-01,8.664898661564844895e-01,9.574335058603340443e-01
9.720305301445651969e-01,9.619699737201286016e-01,9.834391024568971407e-01,9.701757368976886564e-01,9.724329133615933207e-01,9.338570135329176125e-01,9.691616744133499939e-01,8.688287220304243830e-01,9.714652121639697491e-01,8.831142075691900128e-01,8.739100968956599047e-01,9.617706660587306278e-01,8.646602575117185996e-01,8.528338398141300791e-01,9.856769333397504829e-01,9.023553001967974385e-01,8.802420824759272788e-01,9.605415204890467296e-01,9.519744199786237537e-01,9.710279527149657808e-01,9.659576409362873317e-01,9.539743235211129990e-01,9.238901328045542316e-01,9.450687384925464674e-01,9.048279506604652855e-01,9.008899570704672621e-01,9.745263974424717146e-01,9.738970303510045001e-01,8.581142325843339469e-01,8.796171342445828767e-01,9.520880225633989724e-01,1.000000000000000000e+00,8.734842457644370617e-01,8.794552690664727557e-01,9.484040845606100945e-01,9.039307873698189111e-01,9.788717721273908490e-01,8.627287864619380686e-01,9.782166210391570749e-01
8.724141176379741625e-01,8.974396325092608429e-01,8.734688545546831495e-01,8.672307078228181920e-01,8.871749154163104389e-01,9.152213039137063744e-01,8.669921617942187853e-01,9.590395370131324926e-01,8.694767910962568624e-01,9.631488555734891710e-01,9.770264669103473354e-01,8.948199678516156608e-01,9.574075072785015461e-01,9.446087827962180716e-01,8.718765356582871551e-01,9.469932860608005765e-01,9.675010312499202625e-01,8.973602146214484376e-01,9.029488021816896026e-01,8.677989619151766920e-01,8.909397218762683535e-01,9.037004154844370252e-01,9.268749529367920070e-01,9.052797677752856265e-01,9.467297769070855962e-01,9.535196802016739914e-01,8.877575938141555323e-01,8.890655629392786308e-01,9.231383302973786842e-01,9.654216988553527834e-01,9.027034024880458141e-01,8.734842457644370617e-01,1.000000000000000000e+00,9.794259784959680193e-01,9.028802991504132347e-01,9.439791275793295577e-01,8.703627796641157932e-01,9.163148812407818644e-01,8.839032961150536938e-01
8.772631692867414177e-01,9.034243286878529400e-01,8.794117392108785625e-01,8.718347382124455036e-01,8.918971528947950977e-01,9.176560872325835172e-01,8.735259020964626364e-01,9.675087432747344618e-01,8.756747792680299458e-01,9.594942444368708134e-01,9.832669269025712255e-01,9.012057386595775377e-01,9.645508569608071126e-01,9.523139667990879742e-01,8.775320234210044479e-01,9.468097811871299951e-01,9.625328958473545748e-01,9.039678362271990064e-01,9.077810383995569277e-01,8.741921315009510973e-01,8.959669891796058216e-01,9.078601644380670521e-01,9.286803190591874646e-01,9.105625818291371854e-01,9.463516938016024449e-01,9.531500794268018550e-01,8.919776124879890133e-01,8.936639321730737162e-01,9.321269744823584835e-01,9.618133839162523735e-01,9.077259384715135049e-01,8.794552690664727557e-01,9.794259784959680193e-01,1.000000000000000000e+00,9.070304210710342652e-01,9.436983143724336776e-01,8.760058621360232722e-01,9.256134527361582487e-01,8.876871870613741722e-01
9.378824129052802938e-01,9.676045264824234549e-01,9.440435905068714773e-01,9.352215320563371792e-01,9.560010820834529133e-01,9.672188533169534530e-01,9.344272376446796091e-01,8.907497282135699024e-01,9.366540405745932274e-01,9.206990583135414852e-01,9.023851816863985853e-01,9.671575505088687574e-01,8.887369319979432358e-01,8.692318559297319558e-01,9.459414728230556291e-01,9.403148604826104817e-01,9.177355855240160176e-01,9.678344679145398644e-01,9.803415090611864446e-01,9.347523257128932395e-01,9.580316773031410937e-01,9.748637331810714457e-01,9.598986722155692375e-01,9.835137563570418573e-01,9.409258604652066538e-01,9.365115587493280103e-01,9.557623505274093212e-01,9.547752993353297857e-01,8.639248705694543284e-01,9.135203067227080087e-01,9.838589319476316319e-01,9.484040845606100945e-01,9.028802991504132347e-01,9.070304210710342652e-01,1.000000000000000000e+00,9.441922059469900486e-01,9.429459089908925895e-01,8.632064382012291093e-01,9.534109240151468212e-01
8.981781839858157257e-01,9.274305947930604477e-01,9.013144692630711274e-01,8.966927008535282573e-01,9.160403435379035342e-01,9.581633213337825694e-01,8.965680575576966405e-01,9.264665957899798077e-01,8.985824314045529615e-01,9.640250336246922735e-01,9.393169455408392210e-01,9.272420719559471003e-01,9.272878052045284702e-01,9.095800336100257066e-01,9.014601051952401134e-01,9.812412526325268169e-01,9.612440635364553065e-01,9.283815055465312049e-01,9.404229587414763003e-01,8.959196144492038716e-01,9.182408404457598206e-01,9.364781147138552253e-01,9.701409384300826444e-01,9.471427822286878628e-01,9.820986692818114427e-01,9.760794342883590824e-01,9.144783531246366559e-01,9.148818104155567177e-01,9.062543398434311781e-01,9.625465434966719025e-01,9.428043234057849054e-01,9.039307873698189111e-01,9.439791275793295577e-01,9.436983143724336776e-01,9.441922059469900486e-01,1.000000000000000000e+00,8.998963074559162001e-01,8.975428927534235823e-01,9.097039889777412958e-01
9.782348255348516375e-01,9.557589612631227638e-01,9.827272333423879846e-01,9.785091875924907256e-01,9.669843846799452969e-01,9.303716852247765345e-01,9.765093071372635825e-01,8.632417105360669085e-01,9.786854924690678859e-01,8.797472314674266158e-01,8.696805357065640063e-01,9.547385756403503621e-01,8.602454018401136659e-01,8.436150648260035689e-01,9.805082996478413637e-01,8.966042589166568488e-01,8.759330966137931496e-01,9.547008178738828343e-01,9.459177876082777159e-01,9.786643501587038996e-01,9.607636314278986678e-01,9.479951330278251209e-01,9.182487239492110875e-01,9.399547240374913626e-01,8.993549979348056667e-01,8.951097319137831798e-01,9.682512952745592205e-01,9.680452396803925774e-01,8.495824948598797999e-01,8.770231393506970896e-01,9.465155789822601307e-01,9.788717721273908490e-01,8.703627796641157932e-01,8.760058621360232722e-01,9.429459089908925895e-01,8.998963074559162001e-01,1.000000000000000000e+00,8.537062493284696130e-01,9.720042976766272158e-01
8.623772929223729733e-01,8.679479281578045269e-01,8.615116390682098224e-01,8.621583052232227873e-01,8.651700639645698576e-01,8.743933934451142420e-01,8.639549299700987062e-01,9.375985803034874166e-01,8.638888065969295704e-01,8.991169642731070555e-01,9.264688410526461526e-01,8.668426202983224860e-01,9.418093584099381799e-01,9.559663267811668863e-01,8.625850552001731453e-01,8.987927400464388317e-01,9.029658194060689036e-01,8.683225745244844695e-01,8.672492080465906694e-01,8.633194594568978086e-01,8.664918831286211320e-01,8.675830726867266307e-01,8.862026336783174196e-01,8.688752030565554119e-01,9.009936369652972177e-01,9.075549447778572532e-01,8.631960710081694188e-01,8.660346479759987171e-01,9.781134045186912207e-01,9.066741772124620180e-01,8.664898661564844895e-01,8.627287864619380686e-01,9.163148812407818644e-01,9.256134527361582487e-01,8.632064382012291093e-01,8.975428927534235823e-01,8.537062493284696130e-01,1.000000000000000000e+00,8.598951324005033037e-01
9.669829706653046975e-01,9.671475642364726344e-01,9.755572688654597924e-01,9.638436588617780298e-01,9.804088739272942554e-01,9.396602392012256555e-01,9.620279482880185196e-01,8.729232478917930971e-01,9.640659649479368376e-01,8.933705073581075240e-01,8.830158305887230163e-01,9.690460183832103613e-01,8.707030196254503807e-01,8.564981822285153701e-01,9.774063111320782093e-01,9.093266844068488286e-01,8.904405389305595220e-01,9.666552948435593873e-01,9.576641967149439605e-01,9.633773617903428343e-01,9.747208971726164517e-01,9.601734310131180283e-01,9.280654559777850032e-01,9.502459654746766571e-01,9.116451592087432276e-01,9.080009631701970729e-01,9.825665420157676522e-01,9.822709691123001630e-01,8.575269384105624892e-01,8.881540205216709172e-01,9.574335058603340443e-01,9.782166210391570749e-01,8.839032961150536938e-01,8.876871870613741722e-01,9.534109240151468212e-01,9.097039889777412958e-01,9.720042976766272158e-01,8.598951324005033037e-01,1.000000000000000000e+00
