1.000000000000000000e+00,7.030767539005321476e-01,6.531866764416726090e-01,-2.500228568695456177e-01,1.530847431628878375e-01,5.663677368486096375e-01,-2.475159106638672724e-01,-5.164241903665136579e-01,-4.342422168408331951e-01,7.939770179055262167e-01,4.448346486274694089e-01,1.516163995844239110e-01,-4.030941146550521825e-01,5.979542202913162852e-01,5.081159122766804037e-01,8.071766715118833257e-01,7.066746728118321608e-01,-3.124251615103741386e-01,-3.222601532510430133e-01,-2.419156868658721704e-01,7.029432081178484948e-01,4.819465924636235910e-01,4.729932692432125552e-01,4.847036620010235497e-01,5.947357821205895290e-01,7.728605383224725900e-01,6.740117724921248499e-01,7.408469259308977373e-01,7.546621251981759926e-01,5.872425971846636505e-01,6.502965814422065893e-01,7.308914187283583885e-01,7.319759772638790851e-01,5.634941714706733773e-01,6.936170603257518774e-01,5.772406603802867631e-01,6.971261363326300975e-01,-1.529633946249583376e-01,-2.905448736628611361e-01
7.030767539005321476e-01,1.000000000000000000e+00,4.380943449259879774e-01,7.720798811191081912e-02,2.595599049152147453e-01,6.034932456905103271e-01,7.623183493843546654e-02,-4.625019454859889412e-01,-1.729828911377545853e-01,7.168812569958380454e-01,1.813782030367456222e-01,-1.585684034604425419e-01,-3.550371091470729268e-01,6.209164793083065126e-01,1.185675580358089704e-01,7.035802682153485810e-01,6.464978946663796355e-01,8.755375757042814511e-02,-1.722264775471346321e-01,-4.062515925380069670e-01,4.830301308626259171e-01,5.580622204640287576e-01,5.499388770920339287e-01,5.707535663231221301e-01,6.866143462933211872e-01,7.101081272414840884e-01,5.919037170246216339e-01,4.985791435639840841e-01,6.386636940264520668e-01,2.828538486521747219e-01,5.265470767262095952e-01,6.371985776031259263e-01,5.918364288717486987e-01,3.616683432441098467e-01,5.413847770180767460e-01,4.816798231658803719e-01,7.005800895805918138e-01,1.147224435529855396e-01,-2.330976692805294959e-01
6.531866764416726090e-01,4.380943449259879774e-01,1.000000000000000000e+00,-4.533390842602893489e-01,4.398371536598477127e-01,4.366215309595015137e-01,-4.291278454173962920e-01,-8.782558990493757323e-01,-2.320531992992665438e-01,6.681187277734674801e-01,6.124831854588395075e-01,3.691269567831195753e-01,-7.301083587421146603e-01,6.327618528512362062e-01,6.265567375561266195e-01,6.937839370937339822e-01,6.620981193782623508e-01,-5.294838100818779481e-01,-4.285036250625943177e-01,-1.696906495735252818e-01,7.035934948091562280e-01,3.074102457862247229e-01,4.773213824368030544e-01,4.287528275737292893e-01,5.687620629197827071e-01,7.772391817992485574e-01,7.978061798690117001e-01,7.996997057263526276e-01,6.390174208991603599e-01,3.937394644035563940e-01,8.787703268141251467e-01,6.857944962329678429e-01,7.208862611782292928e-01,8.656997790623388589e-01,5.977846872168247616e-01,4.166936878229219876e-01,5.973176426710268272e-01,-2.619057714737004980e-02,-9.165663816690876320e-02
-2.500228568695456177e-01,7.720798811191081912e-02,-4.533390842602893489e-01,1.000000000000000000e+00,1.362650439353304266e-01,9.551451455370355004e-02,7.396533417773947239e-01,2.078966657287227571e-01,2.943733579586683136e-01,-1.827976768746834568e-01,-7.080777748548983119e-01,-6.475149934625820114e-01,4.061630616997985443e-01,-5.208087792139411837e-02,-7.892316760576952861e-01,-1.325067369004475082e-01,-1.442924970961662334e-01,7.203040071382607046e-01,3.690607786723061889e-01,-2.856019483686348948e-01,-4.387585406896526430e-01,2.500977571285968870e-01,-9.086100548075190866e-03,1.095913335259053184e-01,8.736978762681131550e-02,-2.929335786154126930e-01,-4.431562138524975381e-01,-5.234141155670812839e-01,-1.961197611182384504e-01,-2.109932325950605869e-01,-4.275189772586298620e-01,-3.077157725454518489e-01,-2.504798946892116684e-01,-5.004227844943025527e-01,-3.109148435400574395e-01,-3.230545405025889716e-01,-1.446596735860418426e-01,5.960908653395600304e-02,-1.618539389518305338e-01
1.530847431628878375e-01,2.595599049152147453e-01,4.398371536598477127e-01,1.362650439353304266e-01,1.000000000000000000e+00,5.885911660441365406e-03,8.954674635757286366e-03,-6.041245462157265322e-01,5.239318270777705289e-01,2.594688060682883157e-01,-2.861553750562125659e-02,1.192220900658215732e-01,-4.436963652319274032e-01,6.003152464853630521e-01,-2.970294021069790416e-02,3.315235805125320012e-01,1.173638525127619764e-01,-1.418664270771971374e-02,1.570319515721599057e-01,-2.357839474135524915e-01,6.373379246881262505e-02,-4.932130227454042254e-02,4.563196372578428028e-01,2.104436737973512106e-01,3.460656217426655856e-01,2.642708491984002706e-01,2.161836275854048806e-01,5.484569260309016953e-02,6.078255122692505924e-02,2.532848276230656448e-01,3.236726640253281273e-01,7.689885787199289557e-02,2.884007742150355297e-02,5.402157434452448115e-01,-2.988484054146961152e-02,-8.605375656289102060e-02,9.198313687260063765e-02,3.258281101881676523e-01,3.124681268497587761e-01
5.663677368486096375e-01,6.034932456905103271e-01,4.366215309595015137e-01,9.551451455370355004e-02,5.885911660441365406e-03,1.000000000000000000e+00,1.933085602534249936e-01,-4.274706190151399965e-01,-5.935642976899666579e-01,6.579044052848710411e-01,1.789931666628008788e-01,-4.039230190765974449e-01,-2.825049614910630780e-01,3.556368181951212182e-01,9.743713587614157012e-02,5.416697057696132633e-01,8.524990485699356357e-01,2.034524806742582861e-02,-4.412877541780459989e-01,-5.079396401388724946e-01,5.793241403490728691e-01,7.744632888757340128e-01,2.663349304947036367e-01,5.347238738212489739e-01,6.771206217617855572e-01,6.634758432352675372e-01,6.224755761486736594e-01,6.358634694330030923e-01,8.564773905967839607e-01,-2.702188727201973797e-02,5.638818134846288466e-01,7.905511266191737052e-01,8.173546566902472055e-01,3.028345613360611255e-01,7.717501511919876434e-01,4.509333361876985968e-01,8.494207453362105920e-01,-3.598069039582846851e-01,-6.911413231045788752e-01
-2.475159106638672724e-01,7.623183493843546654e-02,-4.291278454173962920e-01,7.396533417773947239e-01,8.954674635757286366e-03,1.933085602534249936e-01,1.000000000000000000e+00,1.779162154525607276e-01,1.628814942619151718e-01,-1.549645560576380920e-01,-7.025966257524454139e-01,-8.354265888555899577e-01,2.824449865134928128e-01,-1.101527917844984661e-01,-7.778718018101252740e-01,-1.258379129752584813e-01,-6.721213213191193359e-02,5.217908275183500422e-01,1.458315333878598963e-01,-3.948034155233068332e-01,-4.094801464299732685e-01,2.498206984583923318e-01,4.552070559795806659e-02,1.660891436298756185e-01,1.479779793385605502e-01,-2.571257039799200728e-01,-3.655557716234381638e-01,-4.120890209275482330e-01,-8.354737562401962081e-02,-3.385805256135507313e-01,-3.307134250026700917e-01,-2.034077013354067820e-01,-1.534868235647700307e-01,-5.003543840184395686e-01,-2.069123756462102615e-01,-3.694419119970295262e-01,-5.270212676253800688e-02,-1.192718051680294045e-01,-3.932682798366998189e-01
-5.164241903665136579e-01,-4.625019454859889412e-01,-8.782558990493757323e-01,2.078966657287227571e-01,-6.041245462157265322e-01,-4.274706190151399965e-01,1.779162154525607276e-01,1.000000000000000000e+00,-7.145449619046092063e-03,-5.993892000387630592e-01,-3.955490405027624612e-01,-1.426385434878409963e-01,7.625611296226799674e-01,-6.629883524531409167e-01,-3.332481125575286751e-01,-6.443939601521930793e-01,-6.041481032319829803e-01,3.529565640579359620e-01,3.395616746325632040e-01,3.271604923269516019e-01,-5.026787032213565487e-01,-3.027151949208315429e-01,-5.438767420987681289e-01,-4.838288598387550654e-01,-6.284158720854799984e-01,-6.927611975952367995e-01,-6.879299352837290327e-01,-6.191865527134953195e-01,-5.365581330986206599e-01,-2.520444393401407579e-01,-8.307418810729898517e-01,-5.866925166882493992e-01,-6.100578446111255548e-01,-7.862622883241786598e-01,-4.419982267725064973e-01,-2.158196950401115033e-01,-5.340326057213571342e-01,-5.495824914042297255e-02,7.750548557383096782e-02
-4.342422168408331951e-01,-1.729828911377545853e-01,-2.320531992992665438e-01,2.943733579586683136e-01,5.239318270777705289e-01,-5.935642976899666579e-01,1.628814942619151718e-01,-7.145449619046092063e-03,1.000000000000000000e+00,-3.554036891375195739e-01,-3.768873231337607765e-01,5.410504571631823828e-02,-6.654076344508563778e-02,5.687957487929438949e-02,-4.357568110402587624e-01,-2.441200409074079647e-01,-5.730787544614536211e-01,2.970470568239437226e-01,4.980026774356723918e-01,8.195535892696621805e-02,-5.532490054198433427e-01,-5.169436185400588801e-01,1.254312407834968224e-01,-1.807624346076137367e-01,-2.021632182984794135e-01,-3.750802747120953740e-01,-3.908714954555232990e-01,-5.959425464070239320e-01,-6.482438201703112357e-01,-3.146094351499494762e-02,-2.713549331108185414e-01,-5.733001356322469100e-01,-6.438740180214079789e-01,-8.981125148927437962e-02,-6.768452779450986334e-01,-5.185316531818081609e-01,-5.355405127793608777e-01,5.753389267262081219e-01,6.930006324465158851e-01
7.939770179055262167e-01,7.168812569958380454e-01,6.681187277734674801e-01,-1.827976768746834568e-01,2.594688060682883157e-01,6.579044052848710411e-01,-1.549645560576380920e-01,-5.993892000387630592e-01,-3.554036891375195739e-01,1.000000000000000000e+00,3.916977556167242636e-01,5.119791795975549981e-02,-5.094306944303376161e-01,6.954746872474452113e-01,3.945610204623157813e-01,8.646242032610502726e-01,7.682050578099740568e-01,-1.837117381695816121e-01,-2.995726355317728795e-01,-3.016009797052035535e-01,7.158881961389912396e-01,5.429524078741427839e-01,5.161449807787999999e-01,5.779600002031546335e-01,6.878140970777955054e-01,8.125258448914804976e-01,7.780958884088269301e-01,7.218842103031165580e-01,7.950542294223983397e-01,4.426388826646492358e-01,7.215024958099316432e-01,8.119948535239036591e-01,7.676454946099585674e-01,6.049035674345136782e-01,7.448650855219672851e-01,5.940083670173209596e-01,7.923505725016524170e-01,-1.350230279828485425e-01,-2.918864618994342353e-01
4.448346486274694089e-01,1.813782030367456222e-01,6.124831854588395075e-01,-7.080777748548983119e-01,-2.861553750562125659e-02,1.789931666628008788e-01,-7.025966257524454139e-01,-3.955490405027624612e-01,-3.768873231337607765e-01,3.916977556167242636e-01,1.000000000000000000e+00,5.515889199313289692e-01,-4.740329260279158574e-01,1.964863435496722599e-01,7.803160443960898141e-01,3.211818981077725899e-01,4.333455214159677715e-01,-5.785889512445376859e-01,-3.660065567240219364e-01,1.004829523857699997e-01,6.068227810782016451e-01,7.618957370972592041e-03,4.903638802426937143e-02,7.741091357976229159e-02,9.680667748561777586e-02,5.341283818678803641e-01,6.143408453825421889e-01,6.550421239329059508e-01,4.248647780292473808e-01,3.492525557435181560e-01,5.861363363170991603e-01,5.388992375689196646e-01,4.706966645197667720e-01,5.951645069070561345e-01,4.644844365954222676e-01,5.362800774286863303e-01,3.757437409040790821e-01,3.590428988343737776e-02,6.191319884141892327e-02
1.516163995844239110e-01,-1.585684034604425419e-01,3.691269567831195753e-01,-6.475149934625820114e-01,1.192220900658215732e-01,-4.039230190765974449e-01,-8.354265888555899577e-01,-1.426385434878409963e-01,5.410504571631823828e-02,5.119791795975549981e-02,5.515889199313289692e-01,1.000000000000000000e+00,-2.113655816836332579e-01,1.435168550609663418e-01,7.308102893597571148e-01,8.497581015584189379e-02,-1.446492307810950673e-01,-4.414426577538068108e-01,5.480530948205642600e-02,5.488956433599743168e-01,2.588645223332539658e-01,-3.322888823648401657e-01,-2.687917015822628708e-02,-2.356986585360343889e-01,-2.578513291586176370e-01,1.122495621465308957e-01,2.056331854723275621e-01,2.376454789624040387e-01,-1.145123324191165554e-01,4.070788193863751903e-01,2.051734511175578313e-01,-5.866722900764305589e-03,-2.240930427051897669e-02,4.564000043215201141e-01,4.241804261297407730e-02,2.432550180359177305e-01,-1.559352926195705646e-01,2.526451756850790487e-01,5.887700397578899958e-01
-4.030941146550521825e-01,-3.550371091470729268e-01,-7.301083587421146603e-01,4.061630616997985443e-01,-4.436963652319274032e-01,-2.825049614910630780e-01,2.824449865134928128e-01,7.625611296226799674e-01,-6.654076344508563778e-02,-5.094306944303376161e-01,-4.740329260279158574e-01,-2.113655816836332579e-01,1.000000000000000000e+00,-4.931073131084163230e-01,-3.615191907773120383e-01,-5.202477136422698489e-01,-4.513710802837408442e-01,4.431205362486324573e-01,3.865058786177292816e-01,2.187919061234017137e-01,-4.863116763614823701e-01,-4.238511249959862198e-02,-4.312519121483145423e-01,-3.124615282695455409e-01,-4.446002482863605221e-01,-5.872473693979785025e-01,-6.752884953870900153e-01,-5.404908702157229516e-01,-4.250746603705765070e-01,-1.688791829707650960e-01,-8.269543317803463855e-01,-5.685417497419769095e-01,-4.648875303014781135e-01,-7.239073127040296374e-01,-3.573981716638670592e-01,-2.041492227129388937e-01,-4.720852966767349335e-01,-7.067170629665486814e-02,-8.022847393406755401e-02
5.979542202913162852e-01,6.209164793083065126e-01,6.327618528512362062e-01,-5.208087792139411837e-02,6.003152464853630521e-01,3.556368181951212182e-01,-1.101527917844984661e-01,-6.629883524531409167e-01,5.687957487929438949e-02,6.954746872474452113e-01,1.964863435496722599e-01,1.435168550609663418e-01,-4.931073131084163230e-01,1.000000000000000000e+00,2.516883660613624119e-01,7.302614623788055148e-01,5.114945536624561084e-01,-8.627600613175916144e-02,-3.305433531843079975e-02,-2.008745136408942866e-01,4.595596472389742448e-01,3.430812839032248984e-01,6.539579633810572723e-01,6.382115980483488160e-01,6.454404073397251862e-01,6.466770308525557898e-01,6.006050672003118152e-01,4.746706989198978821e-01,5.149609301358392122e-01,4.694481827322251055e-01,6.049789107578024128e-01,5.317047303205760800e-01,5.032354455710135177e-01,6.233542357743386830e-01,4.430520513628101176e-01,3.326353017186970962e-01,5.072678185406113149e-01,9.009272795872873274e-02,-1.997664030443793703e-02
5.081159122766804037e-01,1.185675580358089704e-01,6.265567375561266195e-01,-7.892316760576952861e-01,-2.970294021069790416e-02,9.743713587614157012e-02,-7.778718018101252740e-01,-3.332481125575286751e-01,-4.357568110402587624e-01,3.945610204623157813e-01,7.803160443960898141e-01,7.308102893597571148e-01,-3.615191907773120383e-01,2.516883660613624119e-01,1.000000000000000000e+00,3.512202023615065283e-01,3.565190714321176402e-01,-6.557484551817682750e-01,-3.128950422967661793e-01,2.754411367366356167e-01,6.496649501212433675e-01,3.564692205477401621e-02,9.053509238120811820e-02,2.027632590384531239e-02,6.547736693440323053e-02,5.006561537689119268e-01,5.760083189420266425e-01,6.763919833217203470e-01,4.015306885187098218e-01,4.223291951941405276e-01,5.325298359465030495e-01,4.645242689002790915e-01,4.738757066813659158e-01,6.340584650534378808e-01,5.157301859704354063e-01,5.191998936639036222e-01,3.073004982566870935e-01,-4.421307525993550813e-02,8.669441209759372324e-02
8.071766715118833257e-01,7.035802682153485810e-01,6.937839370937339822e-01,-1.325067369004475082e-01,3.315235805125320012e-01,5.416697057696132633e-01,-1.258379129752584813e-01,-6.443939601521930793e-01,-2.441200409074079647e-01,8.646242032610502726e-01,3.211818981077725899e-01,8.497581015584189379e-02,-5.202477136422698489e-01,7.302614623788055148e-01,3.512202023615065283e-01,1.000000000000000000e+00,6.944318445613314461e-01,-2.276349034353101486e-01,-3.013920802357186735e-01,-2.598925449774299179e-01,6.374650863045795424e-01,4.976895680335294836e-01,6.735313855820477258e-01,5.536519921490018481e-01,7.472110313614670485e-01,7.988296636938301276e-01,7.300273349356053432e-01,6.780339652243055903e-01,6.945919939957249101e-01,5.552843092873035458e-01,7.051162091188667436e-01,6.991725990766125554e-01,7.102196887211806864e-01,5.956873479819414507e-01,6.257215938940668964e-01,5.015139946186233377e-01,6.927789307756671011e-01,-3.682311496445096061e-02,-2.364567817761711599e-01
7.066746728118321608e-01,6.464978946663796355e-01,6.620981193782623508e-01,-1.442924970961662334e-01,1.173638525127619764e-01,8.524990485699356357e-01,-6.721213213191193359e-02,-6.041481032319829803e-01,-5.730787544614536211e-01,7.682050578099740568e-01,4.333455214159677715e-01,-1.446492307810950673e-01,-4.513710802837408442e-01,5.114945536624561084e-01,3.565190714321176402e-01,6.944318445613314461e-01,1.000000000000000000e+00,-2.385728514021953073e-01,-5.361300181969614886e-01,-4.564824434860902391e-01,7.155794563907132977e-01,6.994879341746467194e-01,4.511027889267443247e-01,5.799652751021485697e-01,7.498574051480063618e-01,8.537545144437048705e-01,8.078455649750351242e-01,7.973590955577660733e-01,9.069874298305117266e-01,1.614989851592803505e-01,7.471431598514930439e-01,8.844234354974994661e-01,9.048594549580515345e-01,5.541499168951917742e-01,8.414175026661169232e-01,5.305696598388737195e-01,8.812043713651384058e-01,-2.411661295338723143e-01,-5.797935198936405854e-01
-3.124251615103741386e-01,8.755375757042814511e-02,-5.294838100818779481e-01,7.203040071382607046e-01,-1.418664270771971374e-02,2.034524806742582861e-02,5.217908275183500422e-01,3.529565640579359620e-01,2.970470568239437226e-01,-1.837117381695816121e-01,-5.785889512445376859e-01,-4.414426577538068108e-01,4.431205362486324573e-01,-8.627600613175916144e-02,-6.557484551817682750e-01,-2.276349034353101486e-01,-2.385728514021953073e-01,1.000000000000000000e+00,5.758118571624903925e-01,-7.459935016257719653e-02,-4.290529401792608777e-01,1.751883698613022899e-01,-1.132321723576754507e-01,9.826107263919030277e-02,-6.707786772817020404e-02,-3.089770558388768573e-01,-4.048417790191390364e-01,-5.209943328806068141e-01,-2.631977647069174697e-01,-2.770782819836412059e-01,-4.819670800559250901e-01,-3.086965939187972796e-01,-3.171197715855860744e-01,-5.798273486142447863e-01,-2.525573477967792413e-01,-1.954627466843333050e-01,-1.458258938078813294e-01,2.393348768058475295e-01,7.942297964056310722e-02
-3.222601532510430133e-01,-1.722264775471346321e-01,-4.285036250625943177e-01,3.690607786723061889e-01,1.570319515721599057e-01,-4.412877541780459989e-01,1.458315333878598963e-01,3.395616746325632040e-01,4.980026774356723918e-01,-2.995726355317728795e-01,-3.660065567240219364e-01,5.480530948205642600e-02,3.865058786177292816e-01,-3.305433531843079975e-02,-3.128950422967661793e-01,-3.013920802357186735e-01,-5.361300181969614886e-01,5.758118571624903925e-01,1.000000000000000000e+00,2.162235355865450848e-01,-3.867144748701629720e-01,-2.293744981645039205e-01,-1.775725130357882764e-01,-2.218700874316152927e-01,-3.883067963244224985e-01,-4.446008177186820398e-01,-5.059486314831522780e-01,-5.731193016353864911e-01,-5.229527069282156049e-01,4.618575583789340244e-02,-5.196087492215130110e-01,-5.318924794275928791e-01,-5.669247367033989349e-01,-3.911602899744192063e-01,-4.719575294395346177e-01,-1.916217155313428844e-01,-5.164958244553884414e-01,2.944106135498019694e-01,4.838914920247779916e-01
-2.419156868658721704e-01,-4.062515925380069670e-01,-1.696906495735252818e-01,-2.856019483686348948e-01,-2.357839474135524915e-01,-5.079396401388724946e-01,-3.948034155233068332e-01,3.271604923269516019e-01,8.195535892696621805e-02,-3.016009797052035535e-01,1.004829523857699997e-01,5.488956433599743168e-01,2.187919061234017137e-01,-2.008745136408942866e-01,2.754411367366356167e-01,-2.598925449774299179e-01,-4.564824434860902391e-01,-7.459935016257719653e-02,2.162235355865450848e-01,1.000000000000000000e+00,-1.363557276713932009e-01,-4.124476297144074599e-01,-2.659142003305516866e-01,-3.032624909928141599e-01,-4.765925942104832780e-01,-3.196638844392223344e-01,-2.280969645611683749e-01,-2.188170395585438133e-01,-3.983314368697450369e-01,1.312698598861097576e-01,-2.642824338069735823e-01,-3.371712411623855599e-01,-3.154557758013058488e-01,-1.626556698204823515e-01,-2.351934872899612838e-01,2.407946498353252113e-02,-3.905226042565357880e-01,1.529992226439373104e-01,4.514024440890341827e-01
7.029432081178484948e-01,4.830301308626259171e-01,7.035934948091562280e-01,-4.387585406896526430e-01,6.373379246881262505e-02,5.793241403490728691e-01,-4.094801464299732685e-01,-5.026787032213565487e-01,-5.532490054198433427e-01,7.158881961389912396e-01,6.068227810782016451e-01,2.588645223332539658e-01,-4.863116763614823701e-01,4.595596472389742448e-01,6.496649501212433675e-01,6.374650863045795424e-01,7.155794563907132977e-01,-4.290529401792608777e-01,-3.867144748701629720e-01,-1.363557276713932009e-01,1.000000000000000000e+00,4.578252517873703242e-01,2.922777144137503336e-01,3.591323507363732292e-01,4.960119023875375621e-01,7.601070859119100076e-01,7.962107157961288983e-01,8.324294459545716895e-01,7.691276610402490999e-01,4.139253769329437893e-01,7.207469228755351009e-01,7.667686211494927351e-01,7.807575309065877267e-01,6.511589093584033705e-01,7.537446456320460175e-01,6.557973550262208295e-01,7.001785771862514274e-01,-2.651106486892720326e-01,-2.970043074205894196e-01
4.819465924636235910e-01,5.580622204640287576e-01,3.074102457862247229e-01,2.500977571285968870e-01,-4.932130227454042254e-02,7.744632888757340128e-01,2.498206984583923318e-01,-3.027151949208315429e-01,-5.169436185400588801e-01,5.429524078741427839e-01,7.618957370972592041e-03,-3.322888823648401657e-01,-4.238511249959862198e-02,3.430812839032248984e-01,3.564692205477401621e-02,4.976895680335294836e-01,6.994879341746467194e-01,1.751883698613022899e-01,-2.293744981645039205e-01,-4.124476297144074599e-01,4.578252517873703242e-01,1.000000000000000000e+00,2.615238067471333805e-01,5.431173030386340361e-01,6.094623455838183990e-01,5.377729463426024203e-01,4.567358489874967509e-01,5.076828266509232357e-01,6.780091273925813455e-01,-2.521043893137307756e-03,3.729142805522260851e-01,5.908938889388415383e-01,6.941030601342049744e-01,1.536659116057653707e-01,6.148075415646779840e-01,3.486002427611816779e-01,6.503307524209931412e-01,-2.872205104850489299e-01,-6.444931455314193425e-01
4.729932692432125552e-01,5.499388770920339287e-01,4.773213824368030544e-01,-9.086100548075190866e-03,4.563196372578428028e-01,2.663349304947036367e-01,4.552070559795806659e-02,-5.438767420987681289e-01,1.254312407834968224e-01,5.161449807787999999e-01,4.903638802426937143e-02,-2.687917015822628708e-02,-4.312519121483145423e-01,6.539579633810572723e-01,9.053509238120811820e-02,6.735313855820477258e-01,4.511027889267443247e-01,-1.132321723576754507e-01,-1.775725130357882764e-01,-2.659142003305516866e-01,2.922777144137503336e-01,2.615238067471333805e-01,1.000000000000000000e+00,5.060558553502984003e-01,7.629486950375624632e-01,5.868376456360135940e-01,5.178097567370661958e-01,3.679340573639922618e-01,3.652383801745139880e-01,3.206195010301766679e-01,4.901355601723897393e-01,3.672352641519534555e-01,4.069783128347206902e-01,4.279462007178480576e-01,2.972886107205857109e-01,1.246708421027939578e-01,4.230907745876077986e-01,2.254585413121965309e-01,-6.314861523402776067e-02
4.847036620010235497e-01,5.707535663231221301e-01,4.287528275737292893e-01,1.095913335259053184e-01,2.104436737973512106e-01,5.347238738212489739e-01,1.660891436298756185e-01,-4.838288598387550654e-01,-1.807624346076137367e-01,5.779600002031546335e-01,7.741091357976229159e-02,-2.356986585360343889e-01,-3.124615282695455409e-01,6.382115980483488160e-01,2.027632590384531239e-02,5.536519921490018481e-01,5.799652751021485697e-01,9.826107263919030277e-02,-2.218700874316152927e-01,-3.032624909928141599e-01,3.591323507363732292e-01,5.431173030386340361e-01,5.060558553502984003e-01,1.000000000000000000e+00,7.015603678362971607e-01,5.733321067947270144e-01,5.064183590645275901e-01,4.582915909779962105e-01,5.640794087375349264e-01,1.389628161510517435e-01,4.888483235169285290e-01,5.585624776755777621e-01,5.819646193036650539e-01,3.098668162350308730e-01,4.534728360373346256e-01,2.222332830113957214e-01,6.100210151487964749e-01,-8.368351020487514724e-02,-3.673704123042804692e-01
5.947357821205895290e-01,6.866143462933211872e-01,5.687620629197827071e-01,8.736978762681131550e-02,3.460656217426655856e-01,6.771206217617855572e-01,1.479779793385605502e-01,-6.284158720854799984e-01,-2.021632182984794135e-01,6.878140970777955054e-01,9.680667748561777586e-02,-2.578513291586176370e-01,-4.446002482863605221e-01,6.454404073397251862e-01,6.547736693440323053e-02,7.472110313614670485e-01,7.498574051480063618e-01,-6.707786772817020404e-02,-3.883067963244224985e-01,-4.765925942104832780e-01,4.960119023875375621e-01,6.094623455838183990e-01,7.629486950375624632e-01,7.015603678362971607e-01,1.000000000000000000e+00,7.356550179040584059e-01,6.831521206313144745e-01,5.915270711055941044e-01,6.913751505618084270e-01,1.923159287781232019e-01,6.445629461689996731e-01,6.501352658053631828e-01,7.116916785529927569e-01,4.624132053941120701e-01,5.589900097886870700e-01,2.904674391566995917e-01,7.291476640522490671e-01,-7.204804049312854564e-02,-4.335332936950596072e-01
7.728605383224725900e-01,7.101081272414840884e-01,7.772391817992485574e-01,-2.929335786154126930e-01,2.642708491984002706e-01,6.634758432352675372e-01,-2.571257039799200728e-01,-6.927611975952367995e-01,-3.750802747120953740e-01,8.125258448914804976e-01,5.341283818678803641e-01,1.122495621465308957e-01,-5.872473693979785025e-01,6.466770308525557898e-01,5.006561537689119268e-01,7.988296636938301276e-01,8.537545144437048705e-01,-3.089770558388768573e-01,-4.446008177186820398e-01,-3.196638844392223344e-01,7.601070859119100076e-01,5.377729463426024203e-01,5.868376456360135940e-01,5.733321067947270144e-01,7.356550179040584059e-01,1.000000000000000000e+00,8.893384257703316198e-01,8.269022841991719996e-01,8.057356339856092120e-01,3.339346539330972363e-01,8.206587561746266912e-01,8.279717855233530432e-01,8.377007860413642204e-01,7.012328586420294441e-01,7.624754170052878699e-01,5.580970293981777353e-01,8.231311684484868829e-01,4.967903924686212225e-02,-2.851763756842130570e-01
6.740117724921248499e-01,5.919037170246216339e-01,7.978061798690117001e-01,-4.431562138524975381e-01,2.161836275854048806e-01,6.224755761486736594e-01,-3.655557716234381638e-01,-6.879299352837290327e-01,-3.908714954555232990e-01,7.780958884088269301e-01,6.143408453825421889e-01,2.056331854723275621e-01,-6.752884953870900153e-01,6.006050672003118152e-01,5.760083189420266425e-01,7.300273349356053432e-01,8.078455649750351242e-01,-4.048417790191390364e-01,-5.059486314831522780e-01,-2.280969645611683749e-01,7.962107157961288983e-01,4.567358489874967509e-01,5.178097567370661958e-01,5.064183590645275901e-01,6.831521206313144745e-01,8.893384257703316198e-01,1.000000000000000000e+00,8.627420814015949180e-01,7.806643912704540611e-01,2.629203246389655857e-01,8.723945262313900217e-01,8.466003661893936050e-01,8.269754431434408470e-01,7.471804395673327104e-01,7.591723267663176289e-01,5.731207273508135414e-01,7.947047319972527779e-01,-2.723982869184880806e-02,-2.309678782337135639e-01
7.408469259308977373e-01,4.985791435639840841e-01,7.996997057263526276e-01,-5.234141155670812839e-01,5.484569260309016953e-02,6.358634694330030923e-01,-4.120890209275482330e-01,-6.191865527134953195e-01,-5.959425464070239320e-01,7.218842103031165580e-01,6.550421239329059508e-01,2.376454789624040387e-01,-5.404908702157229516e-01,4.746706989198978821e-01,6.763919833217203470e-01,6.780339652243055903e-01,7.973590955577660733e-01,-5.209943328806068141e-01,-5.731193016353864911e-01,-2.188170395585438133e-01,8.324294459545716895e-01,5.076828266509232357e-01,3.679340573639922618e-01,4.582915909779962105e-01,5.915270711055941044e-01,8.269022841991719996e-01,8.627420814015949180e-01,1.000000000000000000e+00,8.148735246255198739e-01,3.067535630454978346e-01,8.160085828313001777e-01,8.256933255311602604e-01,8.690121491495406136e-01,7.123965532767205788e-01,7.866414156404644142e-01,5.759758348951219409e-01,7.551872499154002050e-01,-2.427630163541077690e-01,-3.814609201440270492e-01
7.546621251981759926e-01,6.386636940264520668e-01,6.390174208991603599e-01,-1.961197611182384504e-01,6.078255122692505924e-02,8.564773905967839607e-01,-8.354737562401962081e-02,-5.365581330986206599e-01,-6.482438201703112357e-01,7.950542294223983397e-01,4.248647780292473808e-01,-1.145123324191165554e-01,-4.250746603705765070e-01,5.149609301358392122e-01,4.015306885187098218e-01,6.945919939957249101e-01,9.069874298305117266e-01,-2.631977647069174697e-01,-5.229527069282156049e-01,-3.983314368697450369e-01,7.691276610402490999e-01,6.780091273925813455e-01,3.652383801745139880e-01,5.640794087375349264e-01,6.913751505618084270e-01,8.057356339856092120e-01,7.806643912704540611e-01,8.148735246255198739e-01,1.000000000000000000e+00,2.468594374044978113e-01,7.208662469139255347e-01,9.031833572458163317e-01,9.039516782294582109e-01,5.379110676125532509e-01,8.704641251327396301e-01,5.691739223669535219e-01,8.886421238211841267e-01,-3.715542485250049598e-01,-6.072170002485143270e-01
5.872425971846636505e-01,2.828538486521747219e-01,3.937394644035563940e-01,-2.109932325950605869e-01,2.532848276230656448e-01,-2.702188727201973797e-02,-3.385805256135507313e-01,-2.520444393401407579e-01,-3.146094351499494762e-02,4.426388826646492358e-01,3.492525557435181560e-01,4.070788193863751903e-01,-1.688791829707650960e-01,4.694481827322251055e-01,4.223291951941405276e-01,5.552843092873035458e-01,1.614989851592803505e-01,-2.770782819836412059e-01,4.618575583789340244e-02,1.312698598861097576e-01,4.139253769329437893e-01,-2.521043893137307756e-03,3.206195010301766679e-01,1.389628161510517435e-01,1.923159287781232019e-01,3.339346539330972363e-01,2.629203246389655857e-01,3.067535630454978346e-01,2.468594374044978113e-01,1.000000000000000000e+00,2.520693050381739853e-01,2.225967299886131290e-01,1.952034304737093051e-01,3.738845362496025504e-01,2.155651143536648773e-01,3.797031486884009377e-01,1.339210076865953725e-01,2.694773800019724733e-02,1.499604270621509583e-01
6.502965814422065893e-01,5.265470767262095952e-01,8.787703268141251467e-01,-4.275189772586298620e-01,3.236726640253281273e-01,5.638818134846288466e-01,-3.307134250026700917e-01,-8.307418810729898517e-01,-2.713549331108185414e-01,7.215024958099316432e-01,5.861363363170991603e-01,2.051734511175578313e-01,-8.269543317803463855e-01,6.049789107578024128e-01,5.325298359465030495e-01,7.051162091188667436e-01,7.471431598514930439e-01,-4.819670800559250901e-01,-5.196087492215130110e-01,-2.642824338069735823e-01,7.207469228755351009e-01,3.729142805522260851e-01,4.901355601723897393e-01,4.888483235169285290e-01,6.445629461689996731e-01,8.206587561746266912e-01,8.723945262313900217e-01,8.160085828313001777e-01,7.208662469139255347e-01,2.520693050381739853e-01,1.000000000000000000e+00,8.023962972409962591e-01,7.863262027526193298e-01,8.121406434072051539e-01,6.661840586812427523e-01,4.426487011878458833e-01,7.250341500906632985e-01,-7.779719399535496571e-02,-1.927020300254431717e-01
7.308914187283583885e-01,6.371985776031259263e-01,6.857944962329678429e-01,-3.077157725454518489e-01,7.689885787199289557e-02,7.905511266191737052e-01,-2.034077013354067820e-01,-5.866925166882493992e-01,-5.733001356322469100e-01,8.119948535239036591e-01,5.388992375689196646e-01,-5.866722900764305589e-03,-5.685417497419769095e-01,5.317047303205760800e-01,4.645242689002790915e-01,6.991725990766125554e-01,8.844234354974994661e-01,-3.086965939187972796e-01,-5.318924794275928791e-01,-3.371712411623855599e-01,7.667686211494927351e-01,5.908938889388415383e-01,3.672352641519534555e-01,5.585624776755777621e-01,6.501352658053631828e-01,8.279717855233530432e-01,8.466003661893936050e-01,8.256933255311602604e-01,9.031833572458163317e-01,2.225967299886131290e-01,8.023962972409962591e-01,1.000000000000000000e+00,8.781541183127271610e-01,6.070270712044562034e-01,8.471365157290943193e-01,6.114149925116206807e-01,8.817061492264781641e-01,-2.718289515176712801e-01,-4.663751152521878884e-01
7.319759772638790851e-01,5.918364288717486987e-01,7.208862611782292928e-01,-2.504798946892116684e-01,2.884007742150355297e-02,8.173546566902472055e-01,-1.534868235647700307e-01,-6.100578446111255548e-01,-6.438740180214079789e-01,7.676454946099585674e-01,4.706966645197667720e-01,-2.240930427051897669e-02,-4.648875303014781135e-01,5.032354455710135177e-01,4.738757066813659158e-01,7.102196887211806864e-01,9.048594549580515345e-01,-3.171197715855860744e-01,-5.669247367033989349e-01,-3.154557758013058488e-01,7.807575309065877267e-01,6.941030601342049744e-01,4.069783128347206902e-01,5.819646193036650539e-01,7.116916785529927569e-01,8.377007860413642204e-01,8.269754431434408470e-01,8.690121491495406136e-01,9.039516782294582109e-01,1.952034304737093051e-01,7.863262027526193298e-01,8.781541183127271610e-01,1.000000000000000000e+00,5.813423986483359229e-01,8.584126682926692675e-01,5.431630450280670042e-01,8.615898068664545884e-01,-3.083154035699064432e-01,-5.728689815026722920e-01
5.634941714706733773e-01,3.616683432441098467e-01,8.656997790623388589e-01,-5.004227844943025527e-01,5.402157434452448115e-01,3.028345613360611255e-01,-5.003543840184395686e-01,-7.862622883241786598e-01,-8.981125148927437962e-02,6.049035674345136782e-01,5.951645069070561345e-01,4.564000043215201141e-01,-7.239073127040296374e-01,6.233542357743386830e-01,6.340584650534378808e-01,5.956873479819414507e-01,5.541499168951917742e-01,-5.798273486142447863e-01,-3.911602899744192063e-01,-1.626556698204823515e-01,6.511589093584033705e-01,1.536659116057653707e-01,4.279462007178480576e-01,3.098668162350308730e-01,4.624132053941120701e-01,7.012328586420294441e-01,7.471804395673327104e-01,7.123965532767205788e-01,5.379110676125532509e-01,3.738845362496025504e-01,8.121406434072051539e-01,6.070270712044562034e-01,5.813423986483359229e-01,1.000000000000000000e+00,5.144705667617534006e-01,3.560215666875942708e-01,5.064056079876283478e-01,3.495408636759118892e-02,5.739192603565358014e-02
6.936170603257518774e-01,5.413847770180767460e-01,5.977846872168247616e-01,-3.109148435400574395e-01,-2.988484054146961152e-02,7.717501511919876434e-01,-2.069123756462102615e-01,-4.419982267725064973e-01,-6.768452779450986334e-01,7.448650855219672851e-01,4.644844365954222676e-01,4.241804261297407730e-02,-3.573981716638670592e-01,4.430520513628101176e-01,5.157301859704354063e-01,6.257215938940668964e-01,8.414175026661169232e-01,-2.525573477967792413e-01,-4.719575294395346177e-01,-2.351934872899612838e-01,7.537446456320460175e-01,6.148075415646779840e-01,2.972886107205857109e-01,4.534728360373346256e-01,5.589900097886870700e-01,7.624754170052878699e-01,7.591723267663176289e-01,7.866414156404644142e-01,8.704641251327396301e-01,2.155651143536648773e-01,6.661840586812427523e-01,8.471365157290943193e-01,8.584126682926692675e-01,5.144705667617534006e-01,1.000000000000000000e+00,6.413033725851815525e-01,8.485824998329306590e-01,-2.959173330505815991e-01,-4.859334079027355369e-01
5.772406603802867631e-01,4.816798231658803719e-01,4.166936878229219876e-01,-3.230545405025889716e-01,-8.605375656289102060e-02,4.509333361876985968e-01,-3.694419119970295262e-01,-2.158196950401115033e-01,-5.185316531818081609e-01,5.940083670173209596e-01,5.362800774286863303e-01,2.432550180359177305e-01,-2.041492227129388937e-01,3.326353017186970962e-01,5.191998936639036222e-01,5.015139946186233377e-01,5.305696598388737195e-01,-1.954627466843333050e-01,-1.916217155313428844e-01,2.407946498353252113e-02,6.557973550262208295e-01,3.486002427611816779e-01,1.246708421027939578e-01,2.222332830113957214e-01,2.904674391566995917e-01,5.580970293981777353e-01,5.731207273508135414e-01,5.759758348951219409e-01,5.691739223669535219e-01,3.797031486884009377e-01,4.426487011878458833e-01,6.114149925116206807e-01,5.431630450280670042e-01,3.560215666875942708e-01,6.413033725851815525e-01,1.000000000000000000e+00,5.693415367187965037e-01,-6.186695103444351390e-02,-1.603196763202731079e-01
6.971261363326300975e-01,7.005800895805918138e-01,5.973176426710268272e-01,-1.446596735860418426e-01,9.198313687260063765e-02,8.494207453362105920e-01,-5.270212676253800688e-02,-5.340326057213571342e-01,-5.355405127793608777e-01,7.923505725016524170e-01,3.757437409040790821e-01,-1.559352926195705646e-01,-4.720852966767349335e-01,5.072678185406113149e-01,3.073004982566870935e-01,6.927789307756671011e-01,8.812043713651384058e-01,-1.458258938078813294e-01,-5.164958244553884414e-01,-3.905226042565357880e-01,7.001785771862514274e-01,6.503307524209931412e-01,4.230907745876077986e-01,6.100210151487964749e-01,7.291476640522490671e-01,8.231311684484868829e-01,7.947047319972527779e-01,7.551872499154002050e-01,8.886421238211841267e-01,1.339210076865953725e-01,7.250341500906632985e-01,8.817061492264781641e-01,8.615898068664545884e-01,5.064056079876283478e-01,8.485824998329306590e-01,5.693415367187965037e-01,1.000000000000000000e+00,-2.056087113336865779e-01,-5.024252196096139489e-01
-1.529633946249583376e-01,1.147224435529855396e-01,-2.619057714737004980e-02,5.960908653395600304e-02,3.258281101881676523e-01,-3.598069039582846851e-01,-1.192718051680294045e-01,-5.495824914042297255e-02,5.753389267262081219e-01,-1.350230279828485425e-01,3.590428988343737776e-02,2.526451756850790487e-01,-7.067170629665486814e-02,9.009272795872873274e-02,-4.421307525993550813e-02,-3.682311496445096061e-02,-2.411661295338723143e-01,2.393348768058475295e-01,2.944106135498019694e-01,1.529992226439373104e-01,-2.651106486892720326e-01,-2.872205104850489299e-01,2.254585413121965309e-01,-8.368351020487514724e-02,-7.204804049312854564e-02,4.967903924686212225e-02,-2.723982869184880806e-02,-2.427630163541077690e-01,-3.715542485250049598e-01,2.694773800019724733e-02,-7.779719399535496571e-02,-2.718289515176712801e-01,-3.083154035699064432e-01,3.495408636759118892e-02,-2.959173330505815991e-01,-6.186695103444351390e-02,-2.056087113336865779e-01,1.000000000000000000e+00,6.349218689604146926e-01
-2.905448736628611361e-01,-2.330976692805294959e-01,-9.165663816690876320e-02,-1.618539389518305338e-01,3.124681268497587761e-01,-6.911413231045788752e-01,-3.932682798366998189e-01,7.750548557383096782e-02,6.930006324465158851e-01,-2.918864618994342353e-01,6.191319884141892327e-02,5.887700397578899958e-01,-8.022847393406755401e-02,-1.997664030443793703e-02,8.669441209759372324e-02,-2.364567817761711599e-01,-5.797935198936405854e-01,7.942297964056310722e-02,4.838914920247779916e-01,4.514024440890341827e-01,-2.970043074205894196e-01,-6.444931455314193425e-01,-6.314861523402776067e-02,-3.673704123042804692e-01,-4.335332936950596072e-01,-2.851763756842130570e-01,-2.309678782337135639e-01,-3.814609201440270492e-01,-6.072170002485143270e-01,1.499604270621509583e-01,-1.927020300254431717e-01,-4.663751152521878884e-01,-5.728689815026722920e-01,5.739192603565358014e-02,-4.859334079027355369e-01,-1.603196763202731079e-01,-5.024252196096139489e-01,6.349218689604146926e-01,1.000000000000000000e+00
