1.000000000000000000e+00,7.454555970013028166e-01,-1.091376011051061745e-01,2.441350958699976814e-01,3.596650905817042054e-01,2.022172330862892498e-01,1.162167786689985577e-01,-2.294996288715563382e-01,1.400837438188599071e-01,4.576899371900744473e-01,1.971879303995020816e-01,-3.505543445090731902e-01,5.279535336320868161e-02,4.528089106171421796e-01,-2.076820452833584574e-01,4.447257778963338848e-01,2.053819637354068472e-01,4.938881562686562865e-01,1.013971986155960542e-01,1.534768384303812627e-01,-1.815934939663628178e-01,-1.628940406102852290e-01,1.430369525849044809e-01,4.220002019583345976e-01,2.534475113451475914e-01,3.655181727433828853e-01,1.969330458257183558e-01,8.608894319568412279e-02,4.645828016206094979e-01,4.775639045021210505e-01,-2.185150428072249115e-02,1.865987605407824212e-01,2.995173593704701376e-01,5.140764531281723920e-02,3.044445213028181829e-01,9.456924839284842899e-02,2.592001224803933135e-01,-8.683954601316842478e-03,-2.788021303755598423e-01
7.454555970013028166e-01,1.000000000000000000e+00,-3.890725136890109681e-01,4.977206893958484590e-01,4.256812748605658392e-01,4.567315085435227906e-01,-1.532231936874940137e-01,-4.353784552740145308e-01,-7.567083025919797701e-02,6.244226925175720977e-01,4.760773663905469855e-01,-5.078771124467885700e-01,2.187366757693091635e-01,4.902520080468375507e-01,-4.628550091543602862e-01,4.704492871578003221e-01,4.550509611317077319e-01,5.561486166774973761e-01,3.598552392916457010e-01,1.397426349081875852e-01,-4.407080016402677991e-01,1.497962359285058553e-01,3.767168055055024611e-01,4.018509010780251800e-01,3.855736856996767603e-01,-4.783512728731712654e-02,3.182989010571073314e-03,-3.147509029100681865e-01,5.815943387020303668e-01,2.820837874209233265e-01,-1.961292248601468058e-01,4.854442534023363232e-01,4.688721341502574136e-01,6.253181337143164098e-02,4.214896387816143286e-01,1.438691217784205667e-01,5.156451494613137898e-01,-3.742240855869092830e-01,-4.476864578419381679e-01
-1.091376011051061745e-01,-3.890725136890109681e-01,1.000000000000000000e+00,-7.474582450288529412e-01,-1.931197316786977536e-01,-7.618162877239279540e-01,6.772297749294160507e-01,5.265712923613069529e-01,7.654486898400469919e-01,-1.691230505041536325e-01,-7.104354702280126777e-01,7.727448503763062471e-01,-7.479183892126671784e-01,-3.934617517574145462e-01,7.123964684480811327e-01,2.983066389435689442e-02,-7.651229361024256548e-01,-5.286180937085934728e-01,-5.582244798464626179e-01,-6.497767974545780659e-03,7.877808568852977533e-01,-3.063388187965958576e-01,-5.065182591137281642e-01,-2.551438616418748029e-01,-4.799016899992870622e-01,5.547906715332406868e-01,7.116863336808633145e-01,7.287435620073819953e-01,-7.432592477226360739e-01,5.381182815257313790e-01,6.333092287671702181e-01,-7.159682246228482594e-01,-6.899139477467566284e-01,3.529639245257193414e-01,-6.723209848744162720e-01,-6.293949218298940107e-02,-6.761544314935916677e-01,6.681050138580270081e-01,8.379035150612753613e-01
2.441350958699976814e-01,4.977206893958484590e-01,-7.474582450288529412e-01,1.000000000000000000e+00,6.919757425729448075e-01,9.347708921509818580e-01,-7.450868951746594249e-01,-8.914388643613175844e-01,-4.791774290537096359e-01,4.982547112745792095e-01,9.176641220472135929e-01,-8.479079952869775783e-01,6.571157589753287009e-01,7.270906389524666169e-01,-9.259689700182709426e-01,2.974114459113555986e-01,9.239025354270963275e-01,6.200573921231163910e-01,7.186754461107905945e-01,-1.074686706227990091e-01,-9.254370327839996913e-01,2.374564513789934050e-01,8.219268384350580936e-01,5.881653448336020551e-01,7.879121313184785924e-01,-6.332096202111041627e-01,-4.781225422515523737e-01,-7.618721551214993060e-01,8.599417675333044242e-01,-3.935152036536649911e-01,-3.983990479630538095e-01,9.103058065298468282e-01,9.117437335607313509e-01,1.689867839813035399e-01,8.113220294641647623e-01,1.233226891813645615e-01,8.596509323730131547e-01,-8.374865736876855316e-01,-8.044495832004979752e-01
3.596650905817042054e-01,4.256812748605658392e-01,-1.931197316786977536e-01,6.919757425729448075e-01,1.000000000000000000e+00,6.642565636063721968e-01,-4.117834975575929701e-01,-8.306912951243208276e-01,7.551776235061528897e-02,5.919816751069640892e-01,7.053617822704656426e-01,-5.519344714287994780e-01,2.301483791953232994e-01,7.585938054711781620e-01,-7.120344391010557938e-01,4.892975659230588970e-01,6.523772155019780250e-01,4.141241914843492022e-01,4.743337914139667544e-01,-2.019688280160551741e-01,-6.235440129707702228e-01,-6.502007505010938548e-02,7.207765056125556846e-01,6.527471905947158648e-01,7.108135151614768388e-01,-3.607345557848775086e-01,3.650812853702577881e-02,-4.107685884163301826e-01,6.002134399997467451e-01,1.093013543308570500e-02,7.671500461161699647e-02,6.892348871037219382e-01,7.057467468081682904e-01,6.230725027954677753e-01,5.797461888811661357e-01,6.902396417430572972e-02,6.593401346644408578e-01,-6.025307803054130718e-01,-4.063622250437917693e-01
2.022172330862892498e-01,4.567315085435227906e-01,-7.618162877239279540e-01,9.347708921509818580e-01,6.642565636063721968e-01,1.000000000000000000e+00,-7.588113739481092690e-01,-8.797581601067832047e-01,-5.099267356397166884e-01,4.498290676361970664e-01,9.195477208475055786e-01,-8.577357501721699640e-01,6.832869074140340837e-01,7.232068557404857101e-01,-9.170656472266627279e-01,2.460399465127760810e-01,9.376537488401478493e-01,6.111140462599863321e-01,7.128970990493823656e-01,-1.073995849801503838e-01,-9.310047500809786047e-01,2.115516804109195959e-01,8.422921481404475053e-01,5.673407734974926786e-01,8.123421428485932960e-01,-6.244218548676211400e-01,-4.973828685428863250e-01,-7.495583897343236490e-01,8.665907608501953741e-01,-4.425349304071889978e-01,-4.247835684493205255e-01,9.080608432259283935e-01,9.173932177628590923e-01,1.251257082148918565e-01,8.358469058720667810e-01,1.288962175424456236e-01,8.575442839302831466e-01,-8.242342034165834885e-01,-8.181605399111433474e-01
1.162167786689985577e-01,-1.532231936874940137e-01,6.772297749294160507e-01,-7.450868951746594249e-01,-4.117834975575929701e-01,-7.588113739481092690e-01,1.000000000000000000e+00,6.767354382350262432e-01,4.807976760031451025e-01,-1.740878713321561133e-01,-7.563372513073548520e-01,5.944583711118016645e-01,-6.012097543253757115e-01,-4.829418586173863104e-01,7.256228569146507823e-01,-1.106914288585894753e-02,-7.579614684988423834e-01,-3.787010659720719263e-01,-5.815677567800557890e-01,1.231176350000264819e-01,7.810555001499017713e-01,-3.365233152461916677e-01,-6.644018021344733071e-01,-3.727147124141332313e-01,-5.827186184593482476e-01,7.038684751181730759e-01,4.993764322841533487e-01,7.163273759598083323e-01,-6.133455642639542571e-01,5.475535871349355155e-01,3.742702388795305368e-01,-7.613587976585611816e-01,-7.088520428129606588e-01,-1.035689871765273218e-01,-5.939216829092281991e-01,-1.621494758829933602e-01,-6.717928984134339254e-01,6.952650449610209282e-01,5.763238922730350433e-01
-2.294996288715563382e-01,-4.353784552740145308e-01,5.265712923613069529e-01,-8.914388643613175844e-01,-8.306912951243208276e-01,-8.797581601067832047e-01,6.767354382350262432e-01,1.000000000000000000e+00,2.717656159292826112e-01,-5.416466503048200654e-01,-8.892242092272644172e-01,7.623104473865750519e-01,-5.111582767239182257e-01,-7.812743908562556072e-01,8.901717341904984426e-01,-3.599726802047862884e-01,-8.707928137527111145e-01,-5.359628536768362705e-01,-6.792007190045371567e-01,1.758929390849733043e-01,8.576443801002053835e-01,-1.536822359774466240e-01,-8.584370305845079319e-01,-6.635704700810399759e-01,-8.219711530898718976e-01,5.837367056504890739e-01,3.001133841186453544e-01,6.564313842312961000e-01,-7.786442268885143125e-01,3.192468765365184535e-01,2.143343858113339329e-01,-8.720053198855090004e-01,-8.863918053367280114e-01,-4.067472070710702603e-01,-7.653453339629656682e-01,-1.263297585905910625e-01,-8.154523223208508531e-01,7.962222257443282158e-01,6.673248384833182500e-01
1.400837438188599071e-01,-7.567083025919797701e-02,7.654486898400469919e-01,-4.791774290537096359e-01,7.551776235061528897e-02,-5.099267356397166884e-01,4.807976760031451025e-01,2.717656159292826112e-01,1.000000000000000000e+00,1.414167893561879552e-01,-4.099011189534396138e-01,5.890362564524731503e-01,-6.539507759952151167e-01,-7.883817298458160872e-02,4.555010124813360650e-01,2.863061548350382957e-01,-4.855188250407147521e-01,-2.863406053714219746e-01,-3.229699802262271935e-01,-6.573595611699545316e-02,5.529307914754869602e-01,-2.128272732907087739e-01,-3.022688663377535723e-01,-2.300943167895480937e-02,-2.531604287610955684e-01,4.593715908207171017e-01,7.626745782194372936e-01,6.267256727998072874e-01,-4.602670024890842537e-01,7.033738610233636335e-01,6.789691132051941524e-01,-4.038258645490414023e-01,-4.246618885255687981e-01,5.702137612378676002e-01,-4.228402145912367738e-01,1.275763955985204368e-01,-3.492215434736111734e-01,4.519920048249914668e-01,7.201158937013617534e-01
4.576899371900744473e-01,6.244226925175720977e-01,-1.691230505041536325e-01,4.982547112745792095e-01,5.919816751069640892e-01,4.498290676361970664e-01,-1.740878713321561133e-01,-5.416466503048200654e-01,1.414167893561879552e-01,1.000000000000000000e+00,4.474382792448280965e-01,-3.390596498329481734e-01,2.311262114401196333e-01,5.082774649218340102e-01,-4.646634970273454401e-01,8.003021988871248382e-01,4.386135596001722869e-01,4.944014533855986548e-01,5.890292524759427328e-01,-8.299350339814959288e-02,-3.778531011566882980e-01,2.748043158455461543e-01,5.467424102831898169e-01,4.083707456210823317e-01,5.741981479038864578e-01,-1.650679059607173538e-01,7.050486940527860014e-02,-2.572122412147186954e-01,4.425185602574320254e-01,3.023437165322839792e-01,-6.040300363070916223e-02,4.486879517874772794e-01,4.655958694636987971e-01,3.506634712037873247e-01,3.941447621918248712e-01,2.381040753370263496e-01,4.589942674887261820e-01,-4.179019935815053710e-01,-2.937983717411415396e-01
1.971879303995020816e-01,4.760773663905469855e-01,-7.104354702280126777e-01,9.176641220472135929e-01,7.053617822704656426e-01,9.195477208475055786e-01,-7.563372513073548520e-01,-8.892242092272644172e-01,-4.099011189534396138e-01,4.474382792448280965e-01,1.000000000000000000e+00,-8.176934362263901246e-01,5.748903459042103981e-01,7.341401184858193929e-01,-9.188562416271481847e-01,2.246341908879342375e-01,9.265996070593958134e-01,5.480137588729460107e-01,6.496261473166491385e-01,-1.188174379806808123e-01,-9.162434154047290891e-01,1.823613281778278250e-01,8.033447633573876923e-01,6.004988054720233892e-01,7.531546847059191752e-01,-6.433409358134788425e-01,-4.116268914749451335e-01,-7.381102042827919485e-01,8.337449742835156830e-01,-4.037562953606362304e-01,-2.795674209682187383e-01,9.331514695486219368e-01,8.997846688529866910e-01,2.324426334727118237e-01,7.867475123471942000e-01,1.558517275283504977e-01,8.849312157652979849e-01,-8.479661014789573459e-01,-7.421738199393643765e-01
-3.505543445090731902e-01,-5.078771124467885700e-01,7.727448503763062471e-01,-8.479079952869775783e-01,-5.519344714287994780e-01,-8.577357501721699640e-01,5.944583711118016645e-01,7.623104473865750519e-01,5.890362564524731503e-01,-3.390596498329481734e-01,-8.176934362263901246e-01,1.000000000000000000e+00,-6.198768024149591271e-01,-6.732091171572317512e-01,8.500340692470602644e-01,-1.136886103312411134e-01,-8.549536225897059749e-01,-5.488257805992081684e-01,-5.220666184175842828e-01,1.196311074380117245e-02,8.675702711148427504e-01,-3.460665457832539510e-02,-6.688640951071406215e-01,-5.754074052074271695e-01,-6.844611867118336468e-01,4.501812163689686841e-01,5.465396214341547987e-01,6.369680296249106144e-01,-8.882141008035331353e-01,4.195327765926618047e-01,4.332825187615219620e-01,-8.029561546568726449e-01,-8.642632001832589728e-01,6.983384017711191660e-02,-8.287881732993862549e-01,-1.957101892135309357e-02,-7.814863549920789687e-01,7.173233867611809034e-01,8.995739480479676420e-01
5.279535336320868161e-02,2.187366757693091635e-01,-7.479183892126671784e-01,6.571157589753287009e-01,2.301483791953232994e-01,6.832869074140340837e-01,-6.012097543253757115e-01,-5.111582767239182257e-01,-6.539507759952151167e-01,2.311262114401196333e-01,5.748903459042103981e-01,-6.198768024149591271e-01,1.000000000000000000e+00,3.660800817367794169e-01,-5.831526316794068965e-01,1.718847167366803208e-01,6.692246074157029989e-01,5.422190842399826627e-01,7.184732766263225434e-01,-7.394469375485941687e-02,-6.581160733185781320e-01,4.669006523294205735e-01,5.783722740587415867e-01,2.072172412394857055e-01,5.871080744431846909e-01,-4.786381354691127132e-01,-6.693936666966052718e-01,-5.867986215782453607e-01,6.080371228963168395e-01,-4.894133301824264981e-01,-7.626026427042814637e-01,5.610596399233692688e-01,6.112972202499805663e-01,-2.369246419973998763e-01,6.061541422193468254e-01,9.830562897610277406e-02,4.898599281221284185e-01,-5.220950756526462344e-01,-7.407866759929064848e-01
4.528089106171421796e-01,4.902520080468375507e-01,-3.934617517574145462e-01,7.270906389524666169e-01,7.585938054711781620e-01,7.232068557404857101e-01,-4.829418586173863104e-01,-7.812743908562556072e-01,-7.883817298458160872e-02,5.082774649218340102e-01,7.341401184858193929e-01,-6.732091171572317512e-01,3.660800817367794169e-01,1.000000000000000000e+00,-7.107291301646087023e-01,3.837112991787468008e-01,7.473638491640901549e-01,5.552991523317958311e-01,5.036240225860626474e-01,4.281721334206588930e-02,-6.968358902751236039e-01,5.592633780703163554e-02,6.764475704281680546e-01,7.659511789377866364e-01,7.511803499316693777e-01,-2.179895690620942128e-01,-9.736447347692635257e-02,-3.323681210403013897e-01,7.969976845186832470e-01,-8.939379822901281913e-02,-6.157544074044261906e-02,7.395149642133078682e-01,8.148147338050443222e-01,3.764146873744177446e-01,7.928154583960616009e-01,1.814971155262070091e-01,7.797111240952205868e-01,-5.294534734464835246e-01,-5.774747963541306817e-01
-2.076820452833584574e-01,-4.628550091543602862e-01,7.123964684480811327e-01,-9.259689700182709426e-01,-7.120344391010557938e-01,-9.170656472266627279e-01,7.256228569146507823e-01,8.901717341904984426e-01,4.555010124813360650e-01,-4.646634970273454401e-01,-9.188562416271481847e-01,8.500340692470602644e-01,-5.831526316794068965e-01,-7.107291301646087023e-01,1.000000000000000000e+00,-2.474458452553173204e-01,-9.076150520292073365e-01,-5.122097876519147164e-01,-6.284383816882208595e-01,1.193318116182591065e-01,9.188726431719896892e-01,-1.447296958505118469e-01,-8.040602929174217595e-01,-5.686803039816848981e-01,-7.625660724412963720e-01,6.628150677579768280e-01,4.584833986151089502e-01,7.569836756660126564e-01,-8.377750480989063497e-01,3.994901856343038848e-01,3.115622754672194850e-01,-9.138327132538404118e-01,-8.976771187775449690e-01,-1.852801519175724942e-01,-7.904644046279001302e-01,-6.724359258713055731e-02,-8.691815797517978837e-01,8.723788971577968177e-01,7.743983757381348587e-01
4.447257778963338848e-01,4.704492871578003221e-01,2.983066389435689442e-02,2.974114459113555986e-01,4.892975659230588970e-01,2.460399465127760810e-01,-1.106914288585894753e-02,-3.599726802047862884e-01,2.863061548350382957e-01,8.003021988871248382e-01,2.246341908879342375e-01,-1.136886103312411134e-01,1.718847167366803208e-01,3.837112991787468008e-01,-2.474458452553173204e-01,1.000000000000000000e+00,2.251996998796950145e-01,4.278327928074967534e-01,5.133136659213484165e-01,-1.944688273486775559e-02,-1.559565014168435293e-01,2.620303809171812826e-01,4.119589887167189879e-01,3.005527207022700154e-01,4.471003176308628868e-01,1.241750056772934416e-02,2.080397121895330437e-01,-6.139715002830725687e-02,2.416631690999588022e-01,4.569107333062528697e-01,-2.832102863542535626e-02,2.259233538750985981e-01,2.616792507062364881e-01,3.398960938189597436e-01,2.259745430884451678e-01,2.343865988344975559e-01,2.430849885233414553e-01,-1.784123917558156081e-01,-8.379765644339438879e-02
2.053819637354068472e-01,4.550509611317077319e-01,-7.651229361024256548e-01,9.239025354270963275e-01,6.523772155019780250e-01,9.376537488401478493e-01,-7.579614684988423834e-01,-8.707928137527111145e-01,-4.855188250407147521e-01,4.386135596001722869e-01,9.265996070593958134e-01,-8.549536225897059749e-01,6.692246074157029989e-01,7.473638491640901549e-01,-9.076150520292073365e-01,2.251996998796950145e-01,1.000000000000000000e+00,6.000469138448647488e-01,6.964823765483977303e-01,-8.463122853078139385e-02,-9.283648186427920779e-01,2.263344633707271292e-01,8.129415787033397178e-01,5.928123628153917357e-01,7.948270637188813437e-01,-5.996525625105190160e-01,-4.902942596165958955e-01,-7.124295773527981046e-01,8.745566401369045950e-01,-4.478440102135221590e-01,-3.857285462105467522e-01,9.170845036377178738e-01,9.206391228815975492e-01,1.343292292876196725e-01,8.503741400937417927e-01,1.636982879297188553e-01,8.764456139998915152e-01,-8.107950696435659577e-01,-8.153528640711961151e-01
4.938881562686562865e-01,5.561486166774973761e-01,-5.286180937085934728e-01,6.200573921231163910e-01,4.141241914843492022e-01,6.111140462599863321e-01,-3.787010659720719263e-01,-5.359628536768362705e-01,-2.863406053714219746e-01,4.944014533855986548e-01,5.480137588729460107e-01,-5.488257805992081684e-01,5.422190842399826627e-01,5.552991523317958311e-01,-5.122097876519147164e-01,4.278327928074967534e-01,6.000469138448647488e-01,1.000000000000000000e+00,6.665583980520719543e-01,-3.442394905647951781e-02,-5.715772836642808441e-01,2.022993183196307165e-01,5.462235627598908128e-01,4.724962001182579363e-01,5.776815500772364276e-01,-6.666861490756721687e-02,-1.658089178305909017e-01,-3.633421665478195894e-01,6.632937011176727182e-01,-1.952905579638503086e-02,-4.801979229822828654e-01,5.104299578873700005e-01,6.270733736841811456e-01,-7.840640613002562709e-02,5.759395102555969759e-01,2.229595808901665421e-01,4.906460937829286162e-01,-3.112109090365435815e-01,-5.702355844882566194e-01
1.013971986155960542e-01,3.598552392916457010e-01,-5.582244798464626179e-01,7.186754461107905945e-01,4.743337914139667544e-01,7.128970990493823656e-01,-5.815677567800557890e-01,-6.792007190045371567e-01,-3.229699802262271935e-01,5.890292524759427328e-01,6.496261473166491385e-01,-5.220666184175842828e-01,7.184732766263225434e-01,5.036240225860626474e-01,-6.284383816882208595e-01,5.133136659213484165e-01,6.964823765483977303e-01,6.665583980520719543e-01,1.000000000000000000e+00,-1.961817233958522699e-01,-6.470341629955183027e-01,5.319645306696185738e-01,7.331205608664311812e-01,3.807072936541817110e-01,7.126605494944844299e-01,-5.047373152252256912e-01,-3.784928085656544816e-01,-5.786596810422989234e-01,5.719151560198221240e-01,-2.414993300481082517e-01,-5.485595820707447334e-01,6.294110409215547541e-01,6.566606780603938542e-01,1.341697406857782493e-01,5.758142615501561368e-01,3.098148186045938113e-01,5.515413991582251985e-01,-5.952531150372351032e-01,-5.727638023951645563e-01
1.534768384303812627e-01,1.397426349081875852e-01,-6.497767974545780659e-03,-1.074686706227990091e-01,-2.019688280160551741e-01,-1.073995849801503838e-01,1.231176350000264819e-01,1.758929390849733043e-01,-6.573595611699545316e-02,-8.299350339814959288e-02,-1.188174379806808123e-01,1.196311074380117245e-02,-7.394469375485941687e-02,4.281721334206588930e-02,1.193318116182591065e-01,-1.944688273486775559e-02,-8.463122853078139385e-02,-3.442394905647951781e-02,-1.961817233958522699e-01,1.000000000000000000e+00,5.361012160375399488e-02,1.266239325108645120e-01,-1.835679744683663961e-01,-3.804550499054591001e-02,-8.928342732854335773e-02,2.290648655340855600e-01,1.933168183291835915e-02,1.515344499322681115e-01,3.217501396837758182e-02,7.076695593038333232e-02,8.311420546852082980e-02,-6.845991309230325950e-02,-6.386915784876741331e-02,-2.406073600317994721e-01,7.032662328806807417e-02,1.307539852483104725e-01,3.209122003352429895e-03,1.907257067349922008e-01,7.723343904592554210e-03
-1.815934939663628178e-01,-4.407080016402677991e-01,7.877808568852977533e-01,-9.254370327839996913e-01,-6.235440129707702228e-01,-9.310047500809786047e-01,7.810555001499017713e-01,8.576443801002053835e-01,5.529307914754869602e-01,-3.778531011566882980e-01,-9.162434154047290891e-01,8.675702711148427504e-01,-6.581160733185781320e-01,-6.968358902751236039e-01,9.188726431719896892e-01,-1.559565014168435293e-01,-9.283648186427920779e-01,-5.715772836642808441e-01,-6.470341629955183027e-01,5.361012160375399488e-02,1.000000000000000000e+00,-2.019408818992325105e-01,-7.944060032394835158e-01,-5.588996756841613234e-01,-7.535793544345147366e-01,6.454937381163027288e-01,5.293690532113642933e-01,7.686002742090679574e-01,-8.618741794335730289e-01,4.888576928557940016e-01,4.047876508259012351e-01,-9.091522642691723943e-01,-9.085789700889088660e-01,-8.289433755624764366e-02,-8.150669282806073390e-01,-1.116566534380766945e-01,-8.553026038775669582e-01,8.282212106901274407e-01,8.210730191473299966e-01
-1.628940406102852290e-01,1.497962359285058553e-01,-3.063388187965958576e-01,2.374564513789934050e-01,-6.502007505010938548e-02,2.115516804109195959e-01,-3.365233152461916677e-01,-1.536822359774466240e-01,-2.128272732907087739e-01,2.748043158455461543e-01,1.823613281778278250e-01,-3.460665457832539510e-02,4.669006523294205735e-01,5.592633780703163554e-02,-1.447296958505118469e-01,2.620303809171812826e-01,2.263344633707271292e-01,2.022993183196307165e-01,5.319645306696185738e-01,1.266239325108645120e-01,-2.019408818992325105e-01,1.000000000000000000e+00,2.028872614399402086e-01,-6.296484813073757736e-02,1.729407798482498759e-01,-3.408886995390759678e-01,-2.821647145140206425e-01,-2.961791534303080953e-01,9.724196791352610059e-02,-1.595854040347434166e-01,-4.068046435052335985e-01,2.348832330355702935e-01,1.273466336732977933e-01,-2.570370346185682844e-02,1.507674848482178087e-01,2.597874250215070346e-01,1.877535773762542270e-01,-2.295617798989051384e-01,-1.687302602824314879e-01
1.430369525849044809e-01,3.767168055055024611e-01,-5.065182591137281642e-01,8.219268384350580936e-01,7.207765056125556846e-01,8.422921481404475053e-01,-6.644018021344733071e-01,-8.584370305845079319e-01,-3.022688663377535723e-01,5.467424102831898169e-01,8.033447633573876923e-01,-6.688640951071406215e-01,5.783722740587415867e-01,6.764475704281680546e-01,-8.040602929174217595e-01,4.119589887167189879e-01,8.129415787033397178e-01,5.462235627598908128e-01,7.331205608664311812e-01,-1.835679744683663961e-01,-7.944060032394835158e-01,2.028872614399402086e-01,1.000000000000000000e+00,5.548996513514089512e-01,8.866351160640879581e-01,-5.688117034492551349e-01,-3.129934802461305510e-01,-6.430507486160401687e-01,7.050671202616406452e-01,-3.071612474880712762e-01,-3.476767572404609874e-01,7.749916355321008199e-01,8.104049543761060459e-01,3.028293243163152071e-01,6.939111441687888515e-01,1.842917331608421305e-01,7.106511081883062353e-01,-7.296898809322820423e-01,-6.043755256588076996e-01
4.220002019583345976e-01,4.018509010780251800e-01,-2.551438616418748029e-01,5.881653448336020551e-01,6.527471905947158648e-01,5.673407734974926786e-01,-3.727147124141332313e-01,-6.635704700810399759e-01,-2.300943167895480937e-02,4.083707456210823317e-01,6.004988054720233892e-01,-5.754074052074271695e-01,2.072172412394857055e-01,7.659511789377866364e-01,-5.686803039816848981e-01,3.005527207022700154e-01,5.928123628153917357e-01,4.724962001182579363e-01,3.807072936541817110e-01,-3.804550499054591001e-02,-5.588996756841613234e-01,-6.296484813073757736e-02,5.548996513514089512e-01,1.000000000000000000e+00,6.129206302512389959e-01,-1.071671880549834310e-01,1.790035223462150063e-02,-2.170931552357708849e-01,6.389996859542064200e-01,-8.261642428040683050e-02,2.494805381448838427e-02,5.668655206740881303e-01,6.793126464915613116e-01,3.470817940538633017e-01,6.028568037919945777e-01,2.972245926356752443e-01,5.543893569763992391e-01,-3.932484932306848369e-01,-4.498410372089271525e-01
2.534475113451475914e-01,3.855736856996767603e-01,-4.799016899992870622e-01,7.879121313184785924e-01,7.108135151614768388e-01,8.123421428485932960e-01,-5.827186184593482476e-01,-8.219711530898718976e-01,-2.531604287610955684e-01,5.741981479038864578e-01,7.531546847059191752e-01,-6.844611867118336468e-01,5.871080744431846909e-01,7.511803499316693777e-01,-7.625660724412963720e-01,4.471003176308628868e-01,7.948270637188813437e-01,5.776815500772364276e-01,7.126605494944844299e-01,-8.928342732854335773e-02,-7.535793544345147366e-01,1.729407798482498759e-01,8.866351160640879581e-01,6.129206302512389959e-01,1.000000000000000000e+00,-4.061008936939852765e-01,-2.686278799811706586e-01,-4.963404995954946441e-01,7.489428560722591888e-01,-2.532915496201741390e-01,-3.062592875561943595e-01,7.294384530210012985e-01,8.188146955263998494e-01,2.588874274001456421e-01,7.684058734075198682e-01,2.170036835088009208e-01,7.017312784647581347e-01,-6.261920247264841644e-01,-6.274614177435412499e-01
3.655181727433828853e-01,-4.783512728731712654e-02,5.547906715332406868e-01,-6.332096202111041627e-01,-3.607345557848775086e-01,-6.244218548676211400e-01,7.038684751181730759e-01,5.837367056504890739e-01,4.593715908207171017e-01,-1.650679059607173538e-01,-6.433409358134788425e-01,4.501812163689686841e-01,-4.786381354691127132e-01,-2.179895690620942128e-01,6.628150677579768280e-01,1.241750056772934416e-02,-5.996525625105190160e-01,-6.666861490756721687e-02,-5.047373152252256912e-01,2.290648655340855600e-01,6.454937381163027288e-01,-3.408886995390759678e-01,-5.688117034492551349e-01,-1.071671880549834310e-01,-4.061008936939852765e-01,1.000000000000000000e+00,5.522330904868821833e-01,8.290358606962654475e-01,-3.513398533214918684e-01,5.336008602708173232e-01,2.997090885504691826e-01,-6.620400503262090508e-01,-4.962494545717474059e-01,-1.816636717935977419e-01,-3.525797836696916154e-01,-2.281749629144787239e-02,-5.520541220921699743e-01,8.219836277608478792e-01,4.443596242687389841e-01
1.969330458257183558e-01,3.182989010571073314e-03,7.116863336808633145e-01,-4.781225422515523737e-01,3.650812853702577881e-02,-4.973828685428863250e-01,4.993764322841533487e-01,3.001133841186453544e-01,7.626745782194372936e-01,7.050486940527860014e-02,-4.116268914749451335e-01,5.465396214341547987e-01,-6.693936666966052718e-01,-9.736447347692635257e-02,4.584833986151089502e-01,2.080397121895330437e-01,-4.902942596165958955e-01,-1.658089178305909017e-01,-3.784928085656544816e-01,1.933168183291835915e-02,5.293690532113642933e-01,-2.821647145140206425e-01,-3.129934802461305510e-01,1.790035223462150063e-02,-2.686278799811706586e-01,5.522330904868821833e-01,1.000000000000000000e+00,5.595803349902149781e-01,-4.316703609415570297e-01,6.437671827597374330e-01,5.886854700739310164e-01,-4.093327866955069894e-01,-4.100076500383850187e-01,3.937622908095747554e-01,-4.249378892416766917e-01,5.914391813563465994e-02,-3.679095727939639682e-01,4.886370698457859763e-01,6.742653622034895378e-01
8.608894319568412279e-02,-3.147509029100681865e-01,7.287435620073819953e-01,-7.618721551214993060e-01,-4.107685884163301826e-01,-7.495583897343236490e-01,7.163273759598083323e-01,6.564313842312961000e-01,6.267256727998072874e-01,-2.572122412147186954e-01,-7.381102042827919485e-01,6.369680296249106144e-01,-5.867986215782453607e-01,-3.323681210403013897e-01,7.569836756660126564e-01,-6.139715002830725687e-02,-7.124295773527981046e-01,-3.633421665478195894e-01,-5.786596810422989234e-01,1.515344499322681115e-01,7.686002742090679574e-01,-2.961791534303080953e-01,-6.430507486160401687e-01,-2.170931552357708849e-01,-4.963404995954946441e-01,8.290358606962654475e-01,5.595803349902149781e-01,1.000000000000000000e+00,-5.517480105048675476e-01,5.003067378588482716e-01,4.722906552380013445e-01,-7.440904341932281785e-01,-6.277317094254210028e-01,-2.093513626333525987e-02,-4.837770130995497353e-01,1.040177760000923941e-02,-6.357012240796020563e-01,8.248393203972385068e-01,6.436414364666845911e-01
4.645828016206094979e-01,5.815943387020303668e-01,-7.432592477226360739e-01,8.599417675333044242e-01,6.002134399997467451e-01,8.665907608501953741e-01,-6.133455642639542571e-01,-7.786442268885143125e-01,-4.602670024890842537e-01,4.425185602574320254e-01,8.337449742835156830e-01,-8.882141008035331353e-01,6.080371228963168395e-01,7.969976845186832470e-01,-8.377750480989063497e-01,2.416631690999588022e-01,8.745566401369045950e-01,6.632937011176727182e-01,5.719151560198221240e-01,3.217501396837758182e-02,-8.618741794335730289e-01,9.724196791352610059e-02,7.050671202616406452e-01,6.389996859542064200e-01,7.489428560722591888e-01,-3.513398533214918684e-01,-4.316703609415570297e-01,-5.517480105048675476e-01,1.000000000000000000e+00,-3.040313977652158162e-01,-3.674700780604923112e-01,8.297625105787995725e-01,8.996019877561668432e-01,5.443306901754640763e-03,8.739275142295442889e-01,1.080464560107033817e-01,8.398630499954536921e-01,-6.617614489881917805e-01,-8.424306624006574484e-01
4.775639045021210505e-01,2.820837874209233265e-01,5.381182815257313790e-01,-3.935152036536649911e-01,1.093013543308570500e-02,-4.425349304071889978e-01,5.475535871349355155e-01,3.192468765365184535e-01,7.033738610233636335e-01,3.023437165322839792e-01,-4.037562953606362304e-01,4.195327765926618047e-01,-4.894133301824264981e-01,-8.939379822901281913e-02,3.994901856343038848e-01,4.569107333062528697e-01,-4.478440102135221590e-01,-1.952905579638503086e-02,-2.414993300481082517e-01,7.076695593038333232e-02,4.888576928557940016e-01,-1.595854040347434166e-01,-3.071612474880712762e-01,-8.261642428040683050e-02,-2.532915496201741390e-01,5.336008602708173232e-01,6.437671827597374330e-01,5.003067378588482716e-01,-3.040313977652158162e-01,1.000000000000000000e+00,3.618625790286643107e-01,-3.871636833293586877e-01,-3.900856216957886979e-01,2.380434414182074077e-01,-3.647099551478478752e-01,6.268754112891192221e-02,-3.053023738275292831e-01,4.285192835883718243e-01,4.961198032856526385e-01
-2.185150428072249115e-02,-1.961292248601468058e-01,6.333092287671702181e-01,-3.983990479630538095e-01,7.671500461161699647e-02,-4.247835684493205255e-01,3.742702388795305368e-01,2.143343858113339329e-01,6.789691132051941524e-01,-6.040300363070916223e-02,-2.795674209682187383e-01,4.332825187615219620e-01,-7.626026427042814637e-01,-6.157544074044261906e-02,3.115622754672194850e-01,-2.832102863542535626e-02,-3.857285462105467522e-01,-4.801979229822828654e-01,-5.485595820707447334e-01,8.311420546852082980e-02,4.047876508259012351e-01,-4.068046435052335985e-01,-3.476767572404609874e-01,2.494805381448838427e-02,-3.062592875561943595e-01,2.997090885504691826e-01,5.886854700739310164e-01,4.722906552380013445e-01,-3.674700780604923112e-01,3.618625790286643107e-01,1.000000000000000000e+00,-2.661018564866362013e-01,-3.214277500685369104e-01,4.626942229099713089e-01,-3.555665549815609228e-01,7.833839971692672065e-04,-1.921712406621760294e-01,2.882851574530499450e-01,5.868129921475903066e-01
1.865987605407824212e-01,4.854442534023363232e-01,-7.159682246228482594e-01,9.103058065298468282e-01,6.892348871037219382e-01,9.080608432259283935e-01,-7.613587976585611816e-01,-8.720053198855090004e-01,-4.038258645490414023e-01,4.486879517874772794e-01,9.331514695486219368e-01,-8.029561546568726449e-01,5.610596399233692688e-01,7.395149642133078682e-01,-9.138327132538404118e-01,2.259233538750985981e-01,9.170845036377178738e-01,5.104299578873700005e-01,6.294110409215547541e-01,-6.845991309230325950e-02,-9.091522642691723943e-01,2.348832330355702935e-01,7.749916355321008199e-01,5.668655206740881303e-01,7.294384530210012985e-01,-6.620400503262090508e-01,-4.093327866955069894e-01,-7.440904341932281785e-01,8.297625105787995725e-01,-3.871636833293586877e-01,-2.661018564866362013e-01,1.000000000000000000e+00,8.855786308339326229e-01,2.402271440706705563e-01,7.947947072439118799e-01,1.322659946894340355e-01,9.109114289619336668e-01,-8.553812173381774020e-01,-7.327581855392946153e-01
2.995173593704701376e-01,4.688721341502574136e-01,-6.899139477467566284e-01,9.117437335607313509e-01,7.057467468081682904e-01,9.173932177628590923e-01,-7.088520428129606588e-01,-8.863918053367280114e-01,-4.246618885255687981e-01,4.655958694636987971e-01,8.997846688529866910e-01,-8.642632001832589728e-01,6.112972202499805663e-01,8.148147338050443222e-01,-8.976771187775449690e-01,2.616792507062364881e-01,9.206391228815975492e-01,6.270733736841811456e-01,6.566606780603938542e-01,-6.386915784876741331e-02,-9.085789700889088660e-01,1.273466336732977933e-01,8.104049543761060459e-01,6.793126464915613116e-01,8.188146955263998494e-01,-4.962494545717474059e-01,-4.100076500383850187e-01,-6.277317094254210028e-01,8.996019877561668432e-01,-3.900856216957886979e-01,-3.214277500685369104e-01,8.855786308339326229e-01,1.000000000000000000e+00,1.669249836479442528e-01,8.664291425459009766e-01,1.200411812590563565e-01,8.612470157974774221e-01,-7.536655162021567156e-01,-8.016734198426667124e-01
5.140764531281723920e-02,6.253181337143164098e-02,3.529639245257193414e-01,1.689867839813035399e-01,6.230725027954677753e-01,1.251257082148918565e-01,-1.035689871765273218e-01,-4.067472070710702603e-01,5.702137612378676002e-01,3.506634712037873247e-01,2.324426334727118237e-01,6.983384017711191660e-02,-2.369246419973998763e-01,3.764146873744177446e-01,-1.852801519175724942e-01,3.398960938189597436e-01,1.343292292876196725e-01,-7.840640613002562709e-02,1.341697406857782493e-01,-2.406073600317994721e-01,-8.289433755624764366e-02,-2.570370346185682844e-02,3.028293243163152071e-01,3.470817940538633017e-01,2.588874274001456421e-01,-1.816636717935977419e-01,3.937622908095747554e-01,-2.093513626333525987e-02,5.443306901754640763e-03,2.380434414182074077e-01,4.626942229099713089e-01,2.402271440706705563e-01,1.669249836479442528e-01,1.000000000000000000e+00,5.491405999897473744e-02,1.253225211112702908e-01,2.161268418056473406e-01,-2.255255382304637013e-01,2.202974358428054780e-01
3.044445213028181829e-01,4.214896387816143286e-01,-6.723209848744162720e-01,8.113220294641647623e-01,5.797461888811661357e-01,8.358469058720667810e-01,-5.939216829092281991e-01,-7.653453339629656682e-01,-4.228402145912367738e-01,3.941447621918248712e-01,7.867475123471942000e-01,-8.287881732993862549e-01,6.061541422193468254e-01,7.928154583960616009e-01,-7.904644046279001302e-01,2.259745430884451678e-01,8.503741400937417927e-01,5.759395102555969759e-01,5.758142615501561368e-01,7.032662328806807417e-02,-8.150669282806073390e-01,1.507674848482178087e-01,6.939111441687888515e-01,6.028568037919945777e-01,7.684058734075198682e-01,-3.525797836696916154e-01,-4.249378892416766917e-01,-4.837770130995497353e-01,8.739275142295442889e-01,-3.647099551478478752e-01,-3.555665549815609228e-01,7.947947072439118799e-01,8.664291425459009766e-01,5.491405999897473744e-02,1.000000000000000000e+00,1.453892582504864028e-01,8.204036260132292480e-01,-6.223242261858915603e-01,-8.003965304272845360e-01
9.456924839284842899e-02,1.438691217784205667e-01,-6.293949218298940107e-02,1.233226891813645615e-01,6.902396417430572972e-02,1.288962175424456236e-01,-1.621494758829933602e-01,-1.263297585905910625e-01,1.275763955985204368e-01,2.381040753370263496e-01,1.558517275283504977e-01,-1.957101892135309357e-02,9.830562897610277406e-02,1.814971155262070091e-01,-6.724359258713055731e-02,2.343865988344975559e-01,1.636982879297188553e-01,2.229595808901665421e-01,3.098148186045938113e-01,1.307539852483104725e-01,-1.116566534380766945e-01,2.597874250215070346e-01,1.842917331608421305e-01,2.972245926356752443e-01,2.170036835088009208e-01,-2.281749629144787239e-02,5.914391813563465994e-02,1.040177760000923941e-02,1.080464560107033817e-01,6.268754112891192221e-02,7.833839971692672065e-04,1.322659946894340355e-01,1.200411812590563565e-01,1.253225211112702908e-01,1.453892582504864028e-01,1.000000000000000000e+00,1.217097996877300192e-01,-5.306498911959128123e-02,1.599272789585449214e-03
2.592001224803933135e-01,5.156451494613137898e-01,-6.761544314935916677e-01,8.596509323730131547e-01,6.593401346644408578e-01,8.575442839302831466e-01,-6.717928984134339254e-01,-8.154523223208508531e-01,-3.492215434736111734e-01,4.589942674887261820e-01,8.849312157652979849e-01,-7.814863549920789687e-01,4.898599281221284185e-01,7.797111240952205868e-01,-8.691815797517978837e-01,2.430849885233414553e-01,8.764456139998915152e-01,4.906460937829286162e-01,5.515413991582251985e-01,3.209122003352429895e-03,-8.553026038775669582e-01,1.877535773762542270e-01,7.106511081883062353e-01,5.543893569763992391e-01,7.017312784647581347e-01,-5.520541220921699743e-01,-3.679095727939639682e-01,-6.357012240796020563e-01,8.398630499954536921e-01,-3.053023738275292831e-01,-1.921712406621760294e-01,9.109114289619336668e-01,8.612470157974774221e-01,2.161268418056473406e-01,8.204036260132292480e-01,1.217097996877300192e-01,1.000000000000000000e+00,-8.000253357913872376e-01,-7.124763696726907902e-01
-8.683954601316842478e-03,-3.742240855869092830e-01,6.681050138580270081e-01,-8.374865736876855316e-01,-6.025307803054130718e-01,-8.242342034165834885e-01,6.952650449610209282e-01,7.962222257443282158e-01,4.519920048249914668e-01,-4.179019935815053710e-01,-8.479661014789573459e-01,7.173233867611809034e-01,-5.220950756526462344e-01,-5.294534734464835246e-01,8.723788971577968177e-01,-1.784123917558156081e-01,-8.107950696435659577e-01,-3.112109090365435815e-01,-5.952531150372351032e-01,1.907257067349922008e-01,8.282212106901274407e-01,-2.295617798989051384e-01,-7.296898809322820423e-01,-3.932484932306848369e-01,-6.261920247264841644e-01,8.219836277608478792e-01,4.886370698457859763e-01,8.248393203972385068e-01,-6.617614489881917805e-01,4.285192835883718243e-01,2.882851574530499450e-01,-8.553812173381774020e-01,-7.536655162021567156e-01,-2.255255382304637013e-01,-6.223242261858915603e-01,-5.306498911959128123e-02,-8.000253357913872376e-01,1.000000000000000000e+00,6.703124315117372500e-01
-2.788021303755598423e-01,-4.476864578419381679e-01,8.379035150612753613e-01,-8.044495832004979752e-01,-4.063622250437917693e-01,-8.181605399111433474e-01,5.763238922730350433e-01,6.673248384833182500e-01,7.201158937013617534e-01,-2.937983717411415396e-01,-7.421738199393643765e-01,8.995739480479676420e-01,-7.407866759929064848e-01,-5.774747963541306817e-01,7.743983757381348587e-01,-8.379765644339438879e-02,-8.153528640711961151e-01,-5.702355844882566194e-01,-5.727638023951645563e-01,7.723343904592554210e-03,8.210730191473299966e-01,-1.687302602824314879e-01,-6.043755256588076996e-01,-4.498410372089271525e-01,-6.274614177435412499e-01,4.443596242687389841e-01,6.742653622034895378e-01,6.436414364666845911e-01,-8.424306624006574484e-01,4.961198032856526385e-01,5.868129921475903066e-01,-7.327581855392946153e-01,-8.016734198426667124e-01,2.202974358428054780e-01,-8.003965304272845360e-01,1.599272789585449214e-03,-7.124763696726907902e-01,6.703124315117372500e-01,1.000000000000000000e+00
