1.000000000000000000e+00,-5.632762424458970241e-01,-2.009164355657990508e-01,-1.905814786432641905e-01,1.816213774023517358e-01,3.744434519391662275e-01,-1.945212219414857169e-01,1.188091709398241685e-01,-1.279555858903319576e-01,-4.654646525939867829e-01,6.288668518587499090e-01,-4.677494814300415249e-01,-4.414115510065290127e-01,-4.002466300453141890e-02,6.776998611593706423e-01,1.329093164250544912e-01,6.551832407346008802e-01,5.306485137496373961e-01,-5.184055429134788451e-01,-6.176536683588137316e-02,4.101060960206374950e-02,-3.098725160141861390e-01,-3.740903557701404369e-01,-2.361928750234577601e-01,1.839356562450103205e-01,8.357959931299063783e-01,1.601684835555266806e-01,7.280858029591542602e-01,6.284161875018233756e-01,1.848574259137593656e-01,-7.495849379963906434e-02,-1.948852364187741160e-01,4.361018923445055262e-01,-4.067451135980966748e-01,4.291282462575887746e-02,1.614167189995338036e-01,3.061809074195851466e-01,7.462032096748200116e-01,-6.860679619940015517e-01
-5.632762424458970241e-01,1.000000000000000000e+00,3.161309671113092246e-01,3.896555926909826550e-01,1.796074868738777308e-01,-6.376398251640069681e-02,3.134312986202857920e-01,-1.900895894800153918e-01,3.594196421203535441e-01,8.031238110613551084e-01,-7.610521645437041682e-01,4.553808687518853815e-01,4.611467333299181237e-01,4.662065161380494205e-01,-7.083099133331277608e-01,4.624267766422606729e-01,-7.351831891136443309e-01,-4.576241061052220283e-01,5.734569439568893978e-01,1.651424662081968642e-01,1.101108988486720897e-01,3.168148171720293615e-01,7.618370985784244098e-01,5.355321637986255601e-01,2.744729222759339504e-01,-5.233886019811628820e-01,-3.432538120937221882e-01,-6.360286116928552946e-01,-3.642700066654519508e-01,2.377353318600620991e-01,2.251571123540323238e-01,2.229440169585895359e-01,-2.041350562062211049e-01,5.705882047131056733e-01,-2.500486337162988182e-01,1.456851219124619679e-01,-5.298489039483856855e-01,-5.624499694570423980e-01,8.370086188833305574e-01
-2.009164355657990508e-01,3.161309671113092246e-01,1.000000000000000000e+00,1.505402315400173885e-01,-4.991143190816049735e-01,1.416256566570933406e-01,3.520824290263203094e-01,-3.030188036005256880e-01,-1.537700584225206446e-01,2.878612979395822613e-01,-3.940008856138357274e-01,-2.631105767997458239e-02,8.543299019647256076e-02,-1.297417924798728861e-01,-3.806361519840039676e-01,1.922936501324234715e-01,-3.304244656637082000e-01,-5.505297597025150119e-02,5.072688214133548312e-01,2.764518429870681526e-01,6.051380001459937680e-02,1.967271206515766035e-01,3.329121845674255509e-01,3.960454172084931779e-01,1.837567353634995126e-01,-1.759577179678043779e-01,-1.282570964821203863e-01,-9.104686914528856145e-02,7.740522503098855658e-03,-3.784161436578302729e-01,2.123642292319811997e-01,1.230197873319486684e-01,-5.450240869249312579e-03,-1.319822687261432981e-01,-2.926475668403151209e-01,-4.175475591823122334e-01,-2.820212738968371768e-01,-4.447681830376258860e-01,2.383960437201876059e-01
-1.905814786432641905e-01,3.896555926909826550e-01,1.505402315400173885e-01,1.000000000000000000e+00,1.089264177225264252e-01,-1.097658960777785075e-01,-1.135570901819777344e-02,-1.878271621508523226e-01,9.381929485101367372e-02,3.784979509129798303e-01,-3.887788193815382987e-01,4.607579180904198407e-02,5.783933284369254663e-02,2.631494074686557827e-01,-4.427725753546418730e-01,2.655994625775367490e-01,-4.248839727153250201e-01,2.159374968008263562e-01,3.387146300792257536e-01,-1.107487153359272142e-01,5.606150338832389945e-02,6.887697472426573819e-02,3.604678989162376501e-01,2.156211556084070002e-01,1.690538618398173820e-01,-1.748645609297944659e-01,-2.177541751437077067e-01,-3.569546382788136296e-01,-1.817664868503372222e-01,1.428379590151338530e-01,-1.729941746937887215e-01,2.852604152420395306e-02,-2.595223842532987102e-02,2.335046028270457152e-01,-1.819606498653041637e-01,1.078778531804676782e-01,-4.291357813558069334e-01,-1.886917165841772992e-01,3.827135214930288409e-01
1.816213774023517358e-01,1.796074868738777308e-01,-4.991143190816049735e-01,1.089264177225264252e-01,1.000000000000000000e+00,-1.839602412942083903e-02,-2.201345460447512170e-01,-1.107197544012107106e-02,3.266159298166689817e-01,2.162309859882443341e-01,-2.617132859638496116e-03,3.085562495402202621e-01,8.978925882608077003e-02,5.977683874762446115e-01,1.759165767586906015e-01,2.743212607747951282e-01,3.675288317679250433e-02,-9.461593027169709624e-02,-3.347622902179781534e-01,-8.653049001948415198e-02,-4.021480138404066873e-02,-3.591305846915068128e-02,9.051342166693232549e-02,-8.998807002935682586e-02,1.016269602724786808e-01,2.389700352305739739e-01,-6.430522023404466880e-02,-4.112938007059041556e-02,-1.740038161118643775e-02,7.813800563692032686e-01,-2.300846577308716945e-02,8.098746515947044533e-02,1.012853680947603668e-01,4.751196750070033059e-01,2.728634610098315538e-01,6.463600463189885792e-01,5.517394378258033000e-02,3.275492046023875115e-01,1.388482229732737883e-01
3.744434519391662275e-01,-6.376398251640069681e-02,1.416256566570933406e-01,-1.097658960777785075e-01,-1.839602412942083903e-02,1.000000000000000000e+00,2.121898045811143330e-01,4.207518375897559976e-02,-1.673114774030826646e-01,-5.902234566159644813e-02,-2.474087424690572107e-02,-1.772007424515220919e-01,-1.487600229802793494e-01,-9.864137076756007705e-02,1.558287368081656687e-01,3.095256990343702719e-01,3.022421407615436331e-02,2.712622887969329266e-02,-4.122790886707764640e-02,3.014396852171163932e-01,2.984070457416774236e-01,-9.874526693386577458e-02,2.753031712925265162e-01,2.797311141389699496e-01,6.546993273400315561e-01,4.547631656522865828e-01,1.509438521871848959e-01,3.661963020769838928e-01,6.579731373619933654e-01,2.839183517831640399e-02,2.937220821973940965e-01,-1.288089864000291906e-01,3.190794768322569586e-01,-3.134918846672178350e-01,-4.183226527940856476e-01,-1.008241339553915261e-01,-1.884667624184141466e-01,1.594814932185653622e-01,-2.560853783661213301e-01
-1.945212219414857169e-01,3.134312986202857920e-01,3.520824290263203094e-01,-1.135570901819777344e-02,-2.201345460447512170e-01,2.121898045811143330e-01,1.000000000000000000e+00,-9.322109228124258063e-04,9.902827313401070530e-02,3.223060694048154318e-01,-3.804238333937322025e-01,-6.695967338878817954e-02,1.144064964742139007e-01,-2.797078382419668913e-02,-2.919314407603378903e-01,3.176943849703196543e-01,-3.436698870158369501e-01,-1.431864499176094818e-01,5.153875053198804235e-01,1.403883149186937410e-03,1.302040106828001587e-01,2.686668342084567729e-01,4.183566371196374423e-01,3.549584746641386568e-01,2.631735785926113680e-01,-1.744867760682126401e-01,3.997825154904951356e-02,-3.136983169740783367e-02,9.485030492219168399e-03,-4.298471732918270755e-02,4.673535463358143294e-01,1.203567416376259171e-02,1.004288302638288305e-01,4.415762802921537750e-02,-4.080845369759227292e-01,-5.949486035703982489e-02,-3.069455621738389484e-01,-2.378399096169764859e-01,2.965565579544438002e-01
1.188091709398241685e-01,-1.900895894800153918e-01,-3.030188036005256880e-01,-1.878271621508523226e-01,-1.107197544012107106e-02,4.207518375897559976e-02,-9.322109228124258063e-04,1.000000000000000000e+00,1.041403492036049004e-02,-2.236314464875761299e-01,2.279636028807382475e-01,-9.039527673005881558e-02,1.531695825614496145e-02,-1.177306694288431377e-01,2.338001863304891015e-01,-1.276459208532793599e-01,2.250206116922349453e-01,1.466064528138922574e-01,-1.560501790264975375e-01,-9.839044047268848125e-02,5.351542246823182136e-02,-7.730864425564902553e-02,-1.792136474123191547e-01,-1.140394172414977564e-01,-6.225819380161320277e-02,1.035322026685867175e-01,4.338014120355987435e-02,1.009295888023037380e-01,1.794774978882389682e-01,-3.179257626615686338e-02,-8.273808406963710504e-02,1.813175725295544660e-02,1.480341488472469991e-01,-8.930070232211501091e-02,-2.873112912882236011e-02,3.644250827166537615e-02,2.061236676818045677e-01,1.936525268280956114e-01,-1.843026571050057627e-01
-1.279555858903319576e-01,3.594196421203535441e-01,-1.537700584225206446e-01,9.381929485101367372e-02,3.266159298166689817e-01,-1.673114774030826646e-01,9.902827313401070530e-02,1.041403492036049004e-02,1.000000000000000000e+00,5.428946007515821348e-01,-2.734541742496594541e-01,4.198277984231089666e-01,2.158795908348558890e-01,4.731190261844334111e-01,-8.488767636661172233e-02,4.888926963653202895e-01,-2.775216695461881211e-01,-3.148491387471517022e-01,-9.182425963580970185e-02,-5.860045019503822006e-02,-5.768242398835655288e-02,1.905940275638773607e-01,3.374856441949682373e-01,3.319225444076374931e-02,1.164212200370262074e-01,-2.637395542192957354e-01,-6.604706097469162374e-02,-2.864729800852306441e-01,-4.152135010398407822e-01,5.410262416641392624e-01,1.044563272737286663e-02,-2.718901279846449789e-02,-5.555145581522241000e-02,7.315993220403672614e-01,7.579982029094189597e-03,5.935221636582252991e-01,-2.060085446613945381e-01,2.199619107248309002e-01,4.887397444336089580e-01
-4.654646525939867829e-01,8.031238110613551084e-01,2.878612979395822613e-01,3.784979509129798303e-01,2.162309859882443341e-01,-5.902234566159644813e-02,3.223060694048154318e-01,-2.236314464875761299e-01,5.428946007515821348e-01,1.000000000000000000e+00,-7.321097980471943378e-01,4.813764066587853385e-01,3.857125436401566132e-01,5.240467025425283865e-01,-5.684678367184334835e-01,6.500899277661063014e-01,-6.907714541982568068e-01,-4.140178718755273546e-01,4.583191684574761116e-01,1.469987368190803501e-01,1.872875123921616258e-02,2.903003572001405796e-01,7.378860835914168304e-01,4.472617512557252040e-01,3.117986390636769967e-01,-4.399593960475260412e-01,-2.293495616049683050e-01,-5.615408774668989578e-01,-4.281290131936128507e-01,3.374134138111059000e-01,1.401227856064959088e-01,1.329374551805513893e-01,-5.386699169573763712e-02,6.582111627657692976e-01,-1.846329044758950877e-01,2.950640763670838163e-01,-5.331304147842627073e-01,-3.678294511908896669e-01,8.134949643849037626e-01
6.288668518587499090e-01,-7.610521645437041682e-01,-3.940008856138357274e-01,-3.887788193815382987e-01,-2.617132859638496116e-03,-2.474087424690572107e-02,-3.804238333937322025e-01,2.279636028807382475e-01,-2.734541742496594541e-01,-7.321097980471943378e-01,1.000000000000000000e+00,-4.572179043981544622e-01,-3.497400358305836621e-01,-2.855936129584489280e-01,6.743414836569648907e-01,-3.658861256259996475e-01,8.454718608843143635e-01,4.409115901181391850e-01,-6.154151179883944334e-01,-2.347823184212060321e-01,-1.603928713919101079e-01,-3.222699965826165136e-01,-7.405310757043789271e-01,-5.235596584947004306e-01,-2.873203472677854364e-01,5.739841874614385331e-01,1.656199820741816042e-01,5.724087367260114467e-01,3.535316453149785487e-01,-7.284713712988077905e-02,-2.740150308729888406e-01,-2.520716538570189069e-01,1.293711052601117795e-01,-4.618279206996704911e-01,2.945835333465346983e-01,1.377237367323042201e-02,5.344292083325786757e-01,5.936769685115267370e-01,-7.544619381262209767e-01
-4.677494814300415249e-01,4.553808687518853815e-01,-2.631105767997458239e-02,4.607579180904198407e-02,3.085562495402202621e-01,-1.772007424515220919e-01,-6.695967338878817954e-02,-9.039527673005881558e-02,4.198277984231089666e-01,4.813764066587853385e-01,-4.572179043981544622e-01,1.000000000000000000e+00,4.178461544704255015e-01,3.288855419102323374e-01,-2.204745887320295750e-01,1.374852996496333246e-01,-3.709518615353047943e-01,-6.344429370160020731e-01,-3.513193026511517159e-02,1.254019168821377817e-01,-1.070162938844173434e-01,1.758035946184869636e-01,2.707990140335374551e-01,4.145792320818209031e-02,-1.175341527248980195e-01,-4.613366364735653202e-01,-6.862583159513421793e-02,-4.385648961771915211e-01,-4.903055217234173480e-01,2.996147080354661374e-01,5.928102210163224695e-03,2.224506113040112809e-01,-2.648371476251928924e-01,6.447336033891456486e-01,2.307317892688412475e-01,2.512243259789111449e-01,-2.941072612091017238e-02,-2.858133174164186885e-01,5.496498911909393215e-01
-4.414115510065290127e-01,4.611467333299181237e-01,8.543299019647256076e-02,5.783933284369254663e-02,8.978925882608077003e-02,-1.487600229802793494e-01,1.144064964742139007e-01,1.531695825614496145e-02,2.158795908348558890e-01,3.857125436401566132e-01,-3.497400358305836621e-01,4.178461544704255015e-01,1.000000000000000000e+00,2.008630288265605968e-01,-3.599315180915144130e-01,1.235071812787816858e-01,-3.481188148721815478e-01,-4.317409576274127136e-01,2.192702982566560044e-01,7.083695015558380548e-02,-7.293437653722312231e-02,5.305514096462204260e-02,3.088130330627958942e-01,1.569353470972680020e-01,-5.919635628777259601e-02,-4.397907842069974649e-01,-1.758945076230799542e-01,-4.174431182365627713e-01,-3.736441971595886313e-01,9.590388460874328669e-02,-9.259947456307363045e-02,1.522045513379070014e-01,-2.601419652765123436e-01,4.362220150319298662e-01,2.184313045674851975e-02,8.293712558136503987e-02,-1.126132785696392219e-01,-3.795163490802586637e-01,5.133963531072596176e-01
-4.002466300453141890e-02,4.662065161380494205e-01,-1.297417924798728861e-01,2.631494074686557827e-01,5.977683874762446115e-01,-9.864137076756007705e-02,-2.797078382419668913e-02,-1.177306694288431377e-01,4.731190261844334111e-01,5.240467025425283865e-01,-2.855936129584489280e-01,3.288855419102323374e-01,2.008630288265605968e-01,1.000000000000000000e+00,-1.840634070280698087e-01,5.287315552474513014e-01,-2.620609626732204323e-01,-1.822573691957160846e-01,3.567083503959725399e-02,5.635179750326779063e-02,5.800416206680970854e-02,1.270902367913660236e-01,4.294333324660538076e-01,1.701737033119044562e-01,2.462678698153508983e-01,-1.531262791332775250e-02,7.776218796915217168e-02,-3.331465044800953623e-01,-1.764229492847687875e-01,6.222367721816974839e-01,4.201558570910373519e-02,7.100723610273891595e-02,1.013955450966271266e-01,5.282374293180780445e-01,1.062000807567880650e-01,5.931531694465355109e-01,-2.581491618658576792e-01,3.146729975399203266e-02,4.273352720369472113e-01
6.776998611593706423e-01,-7.083099133331277608e-01,-3.806361519840039676e-01,-4.427725753546418730e-01,1.759165767586906015e-01,1.558287368081656687e-01,-2.919314407603378903e-01,2.338001863304891015e-01,-8.488767636661172233e-02,-5.684678367184334835e-01,6.743414836569648907e-01,-2.204745887320295750e-01,-3.599315180915144130e-01,-1.840634070280698087e-01,1.000000000000000000e+00,-1.665309182300236390e-01,7.228839961354759369e-01,3.193646788069966491e-01,-7.021492554569996880e-01,-1.892684892538163133e-01,-1.163044093378577670e-01,-2.342290112631677246e-01,-5.915324767192411404e-01,-4.730711244143010474e-01,-1.232116311672131620e-01,6.475612612776149302e-01,2.372991680901232747e-01,6.282284479413307032e-01,4.026469653875137666e-01,1.189236015040798788e-01,-1.126903894110291016e-01,-9.547107301857278572e-02,3.262888931690632877e-01,-2.683233946020495142e-01,2.865481082475329067e-01,1.694904740040279745e-01,5.295688488815079031e-01,7.344204495262254273e-01,-6.995073484523872676e-01
1.329093164250544912e-01,4.624267766422606729e-01,1.922936501324234715e-01,2.655994625775367490e-01,2.743212607747951282e-01,3.095256990343702719e-01,3.176943849703196543e-01,-1.276459208532793599e-01,4.888926963653202895e-01,6.500899277661063014e-01,-3.658861256259996475e-01,1.374852996496333246e-01,1.235071812787816858e-01,5.287315552474513014e-01,-1.665309182300236390e-01,1.000000000000000000e+00,-3.178749619639176238e-01,-7.756356319935316102e-02,2.044067751269414146e-01,1.393310201560028216e-01,1.075430730437211546e-01,1.090328000847825274e-01,6.239895329464559826e-01,3.990450744155248919e-01,5.681964618022182778e-01,1.195475951050572472e-01,-2.854801196908870325e-02,-7.320176108276181537e-02,4.385107117688617079e-02,4.473577289727695971e-01,1.122303611032170606e-01,-5.693587715625262474e-02,2.640313477214406013e-01,3.685958675829558162e-01,-3.020733834291688957e-01,4.105092168372184713e-01,-4.148306791167611918e-01,1.018828629913649531e-01,3.872341537174078807e-01
6.551832407346008802e-01,-7.351831891136443309e-01,-3.304244656637082000e-01,-4.248839727153250201e-01,3.675288317679250433e-02,3.022421407615436331e-02,-3.436698870158369501e-01,2.250206116922349453e-01,-2.775216695461881211e-01,-6.907714541982568068e-01,8.454718608843143635e-01,-3.709518615353047943e-01,-3.481188148721815478e-01,-2.620609626732204323e-01,7.228839961354759369e-01,-3.178749619639176238e-01,1.000000000000000000e+00,3.950419541482254604e-01,-6.237622393754164163e-01,-1.776381895061342753e-01,-1.756693827350717940e-01,-3.469529211228801757e-01,-7.303664057611198857e-01,-5.006323885293287868e-01,-3.024130863769109445e-01,6.153713069957782444e-01,1.524449780910295260e-01,6.344098398519892879e-01,4.088877415513830216e-01,-5.334939422156062538e-02,-1.843980895060594594e-01,-5.003426091198334702e-02,1.794474137069625719e-01,-4.421672250269470528e-01,3.591361164503341086e-01,3.317993815525283052e-02,6.566280558067704165e-01,5.915431097427102936e-01,-7.458720385273909237e-01
5.306485137496373961e-01,-4.576241061052220283e-01,-5.505297597025150119e-02,2.159374968008263562e-01,-9.461593027169709624e-02,2.712622887969329266e-02,-1.431864499176094818e-01,1.466064528138922574e-01,-3.148491387471517022e-01,-4.140178718755273546e-01,4.409115901181391850e-01,-6.344429370160020731e-01,-4.317409576274127136e-01,-1.822573691957160846e-01,3.193646788069966491e-01,-7.756356319935316102e-02,3.950419541482254604e-01,1.000000000000000000e+00,-5.221850507174918138e-02,-3.477183715630147720e-01,1.406164954277671665e-02,-1.481942049951686102e-01,-3.218287167289119455e-01,-1.915727030582082269e-01,4.060086199084346481e-02,5.017281358281300285e-01,-1.074743121334629029e-02,4.136029350608320665e-01,4.119192688467311902e-01,-1.220554190683745543e-01,-2.331652304473136039e-01,-7.910297500211153909e-02,3.797053677722551646e-01,-4.608514284493824831e-01,-1.024856830975682670e-01,-6.516506385959282277e-02,1.367189366675945483e-01,4.207730157746094601e-01,-4.928607056071716563e-01
-5.184055429134788451e-01,5.734569439568893978e-01,5.072688214133548312e-01,3.387146300792257536e-01,-3.347622902179781534e-01,-4.122790886707764640e-02,5.153875053198804235e-01,-1.560501790264975375e-01,-9.182425963580970185e-02,4.583191684574761116e-01,-6.154151179883944334e-01,-3.513193026511517159e-02,2.192702982566560044e-01,3.567083503959725399e-02,-7.021492554569996880e-01,2.044067751269414146e-01,-6.237622393754164163e-01,-5.221850507174918138e-02,1.000000000000000000e+00,8.483518880441703880e-02,1.892993847436729715e-01,2.680196340056715254e-01,5.745444987768199008e-01,5.318657103349582194e-01,2.071605836514732180e-01,-4.633519840311309257e-01,-1.266195265279652926e-01,-4.211895630158694614e-01,-1.715581165877516634e-01,-2.569745089875104527e-01,2.801449427715083651e-01,1.929650565326222200e-01,-6.252775415006318893e-02,4.867475090856486844e-03,-4.379686650047041052e-01,-2.741192654957098629e-01,-4.797255027774493530e-01,-6.609685052556525386e-01,5.315999775433587482e-01
-6.176536683588137316e-02,1.651424662081968642e-01,2.764518429870681526e-01,-1.107487153359272142e-01,-8.653049001948415198e-02,3.014396852171163932e-01,1.403883149186937410e-03,-9.839044047268848125e-02,-5.860045019503822006e-02,1.469987368190803501e-01,-2.347823184212060321e-01,1.254019168821377817e-01,7.083695015558380548e-02,5.635179750326779063e-02,-1.892684892538163133e-01,1.393310201560028216e-01,-1.776381895061342753e-01,-3.477183715630147720e-01,8.483518880441703880e-02,1.000000000000000000e+00,1.174445064482130541e-01,-2.169536319075110117e-02,1.889469609027535912e-01,2.214769316655729181e-01,1.584741897441235836e-01,-1.253245507599852655e-02,1.400630214886866842e-01,-5.446037071699167537e-02,7.045390262625998712e-02,-7.982969211436788393e-02,1.522066013896499204e-01,1.582890587476873737e-02,6.443745868990295722e-02,-7.619229366660718039e-02,-2.431017755229182911e-02,-2.046201018327516441e-01,-1.826020188793359145e-01,-2.257014096850345486e-01,5.508355428463113795e-02
4.101060960206374950e-02,1.101108988486720897e-01,6.051380001459937680e-02,5.606150338832389945e-02,-4.021480138404066873e-02,2.984070457416774236e-01,1.302040106828001587e-01,5.351542246823182136e-02,-5.768242398835655288e-02,1.872875123921616258e-02,-1.603928713919101079e-01,-1.070162938844173434e-01,-7.293437653722312231e-02,5.800416206680970854e-02,-1.163044093378577670e-01,1.075430730437211546e-01,-1.756693827350717940e-01,1.406164954277671665e-02,1.892993847436729715e-01,1.174445064482130541e-01,1.000000000000000000e+00,-2.319776827462565610e-02,2.757579495147307047e-01,3.841506204206999731e-01,3.382587543186268420e-01,6.209510956354948041e-02,6.553851994729231745e-02,1.796813631921868534e-02,3.305375900660358357e-01,-2.880168328373767031e-02,3.129486684112447459e-01,-1.212038761665540226e-01,-1.443901539093733755e-02,-1.001190359366703891e-01,-4.056050176920949490e-01,-8.788728628350170324e-02,-2.220260710137313409e-01,-6.398356008873581913e-02,1.530388329904664411e-02
-3.098725160141861390e-01,3.168148171720293615e-01,1.967271206515766035e-01,6.887697472426573819e-02,-3.591305846915068128e-02,-9.874526693386577458e-02,2.686668342084567729e-01,-7.730864425564902553e-02,1.905940275638773607e-01,2.903003572001405796e-01,-3.222699965826165136e-01,1.758035946184869636e-01,5.305514096462204260e-02,1.270902367913660236e-01,-2.342290112631677246e-01,1.090328000847825274e-01,-3.469529211228801757e-01,-1.481942049951686102e-01,2.680196340056715254e-01,-2.169536319075110117e-02,-2.319776827462565610e-02,1.000000000000000000e+00,3.073490470644608119e-01,1.304807420970043041e-01,5.452968118949409748e-02,-3.082950910211114115e-01,-1.745519827815521230e-01,-2.743852667067332440e-01,-1.777185210737288745e-01,7.541397317632247965e-02,1.916321270074230754e-01,5.089639580029966387e-02,-5.362159511875563833e-02,2.546278520698079251e-01,-2.033729569598290154e-01,6.943514385231687458e-02,-2.303458876582974713e-01,-2.246473207185425147e-01,3.382024705174590529e-01
-3.740903557701404369e-01,7.618370985784244098e-01,3.329121845674255509e-01,3.604678989162376501e-01,9.051342166693232549e-02,2.753031712925265162e-01,4.183566371196374423e-01,-1.792136474123191547e-01,3.374856441949682373e-01,7.378860835914168304e-01,-7.405310757043789271e-01,2.707990140335374551e-01,3.088130330627958942e-01,4.294333324660538076e-01,-5.915324767192411404e-01,6.239895329464559826e-01,-7.303664057611198857e-01,-3.218287167289119455e-01,5.745444987768199008e-01,1.889469609027535912e-01,2.757579495147307047e-01,3.073490470644608119e-01,1.000000000000000000e+00,6.214586582628458533e-01,6.059007825082705079e-01,-3.271615036847707603e-01,-1.614936404450115770e-01,-4.506150781662771054e-01,-7.282428483357514248e-02,2.111342086028625553e-01,3.145613804652563905e-01,9.020605820041202594e-02,-3.715802957932011485e-02,4.012326355734366912e-01,-5.225650648369395412e-01,1.432034245140168527e-01,-6.424325451969580270e-01,-4.088811058758781147e-01,6.762556119280475064e-01
-2.361928750234577601e-01,5.355321637986255601e-01,3.960454172084931779e-01,2.156211556084070002e-01,-8.998807002935682586e-02,2.797311141389699496e-01,3.549584746641386568e-01,-1.140394172414977564e-01,3.319225444076374931e-02,4.472617512557252040e-01,-5.235596584947004306e-01,4.145792320818209031e-02,1.569353470972680020e-01,1.701737033119044562e-01,-4.730711244143010474e-01,3.990450744155248919e-01,-5.006323885293287868e-01,-1.915727030582082269e-01,5.318657103349582194e-01,2.214769316655729181e-01,3.841506204206999731e-01,1.304807420970043041e-01,6.214586582628458533e-01,1.000000000000000000e+00,4.908339167509250256e-01,-1.660394536185187397e-01,-1.254121855491190651e-01,-2.659196544457601563e-01,1.394511840718597462e-01,7.784098788484186508e-03,4.099018220510367572e-01,6.914966065593262934e-02,2.118315444493242949e-03,6.421793113361305705e-02,-4.827510298823070034e-01,-2.119739590500528403e-01,-4.277204043549846513e-01,-4.047048506384638977e-01,4.031382552009402098e-01
1.839356562450103205e-01,2.744729222759339504e-01,1.837567353634995126e-01,1.690538618398173820e-01,1.016269602724786808e-01,6.546993273400315561e-01,2.631735785926113680e-01,-6.225819380161320277e-02,1.164212200370262074e-01,3.117986390636769967e-01,-2.873203472677854364e-01,-1.175341527248980195e-01,-5.919635628777259601e-02,2.462678698153508983e-01,-1.232116311672131620e-01,5.681964618022182778e-01,-3.024130863769109445e-01,4.060086199084346481e-02,2.071605836514732180e-01,1.584741897441235836e-01,3.382587543186268420e-01,5.452968118949409748e-02,6.059007825082705079e-01,4.908339167509250256e-01,1.000000000000000000e+00,2.522856807784042421e-01,-1.853609296357072722e-02,3.143048965296572211e-02,4.059296301284189834e-01,1.977457113282751477e-01,2.712205071930922085e-01,-1.213551583125366817e-01,2.786200018068755724e-01,-1.536752939408602206e-02,-5.271816751744896612e-01,7.808679227437062553e-02,-4.997355036831994113e-01,6.174902925752781546e-02,1.069753286710242862e-01
8.357959931299063783e-01,-5.233886019811628820e-01,-1.759577179678043779e-01,-1.748645609297944659e-01,2.389700352305739739e-01,4.547631656522865828e-01,-1.744867760682126401e-01,1.035322026685867175e-01,-2.637395542192957354e-01,-4.399593960475260412e-01,5.739841874614385331e-01,-4.613366364735653202e-01,-4.397907842069974649e-01,-1.531262791332775250e-02,6.475612612776149302e-01,1.195475951050572472e-01,6.153713069957782444e-01,5.017281358281300285e-01,-4.633519840311309257e-01,-1.253245507599852655e-02,6.209510956354948041e-02,-3.082950910211114115e-01,-3.271615036847707603e-01,-1.660394536185187397e-01,2.522856807784042421e-01,1.000000000000000000e+00,2.099621792089809424e-01,6.984577333934998133e-01,6.851758655794366604e-01,2.030989409031614124e-01,-1.427619956230207453e-02,-1.532857239287277740e-01,4.982602981093097738e-01,-4.462828807637490569e-01,3.983539009339081421e-02,1.235866350595629382e-01,2.562278320469446036e-01,6.518105043443767066e-01,-6.815031410914208498e-01
1.601684835555266806e-01,-3.432538120937221882e-01,-1.282570964821203863e-01,-2.177541751437077067e-01,-6.430522023404466880e-02,1.509438521871848959e-01,3.997825154904951356e-02,4.338014120355987435e-02,-6.604706097469162374e-02,-2.293495616049683050e-01,1.656199820741816042e-01,-6.862583159513421793e-02,-1.758945076230799542e-01,7.776218796915217168e-02,2.372991680901232747e-01,-2.854801196908870325e-02,1.524449780910295260e-01,-1.074743121334629029e-02,-1.266195265279652926e-01,1.400630214886866842e-01,6.553851994729231745e-02,-1.745519827815521230e-01,-1.614936404450115770e-01,-1.254121855491190651e-01,-1.853609296357072722e-02,2.099621792089809424e-01,1.000000000000000000e+00,1.875992958006343636e-01,1.038816558725149802e-01,-1.031402549916174763e-02,1.097550185346388985e-01,-1.889011695549808190e-01,2.961340320791247538e-01,-2.511214291965987444e-01,1.059067479529059996e-01,-1.034451092268087562e-02,2.779734603019699477e-02,1.452597481179982164e-01,-3.019174853607334286e-01
7.280858029591542602e-01,-6.360286116928552946e-01,-9.104686914528856145e-02,-3.569546382788136296e-01,-4.112938007059041556e-02,3.661963020769838928e-01,-3.136983169740783367e-02,1.009295888023037380e-01,-2.864729800852306441e-01,-5.615408774668989578e-01,5.724087367260114467e-01,-4.385648961771915211e-01,-4.174431182365627713e-01,-3.331465044800953623e-01,6.282284479413307032e-01,-7.320176108276181537e-02,6.344098398519892879e-01,4.136029350608320665e-01,-4.211895630158694614e-01,-5.446037071699167537e-02,1.796813631921868534e-02,-2.743852667067332440e-01,-4.506150781662771054e-01,-2.659196544457601563e-01,3.143048965296572211e-02,6.984577333934998133e-01,1.875992958006343636e-01,1.000000000000000000e+00,5.718325049806343152e-01,-3.429416012473440051e-02,5.477457420896128526e-02,-1.333709242142003537e-01,2.718392658475135004e-01,-5.206482821259469373e-01,4.488424889545099272e-02,-1.442350639709505042e-02,4.130540490232439965e-01,5.844042190549268989e-01,-7.135569169577595794e-01
6.284161875018233756e-01,-3.642700066654519508e-01,7.740522503098855658e-03,-1.817664868503372222e-01,-1.740038161118643775e-02,6.579731373619933654e-01,9.485030492219168399e-03,1.794774978882389682e-01,-4.152135010398407822e-01,-4.281290131936128507e-01,3.535316453149785487e-01,-4.903055217234173480e-01,-3.736441971595886313e-01,-1.764229492847687875e-01,4.026469653875137666e-01,4.385107117688617079e-02,4.088877415513830216e-01,4.119192688467311902e-01,-1.715581165877516634e-01,7.045390262625998712e-02,3.305375900660358357e-01,-1.777185210737288745e-01,-7.282428483357514248e-02,1.394511840718597462e-01,4.059296301284189834e-01,6.851758655794366604e-01,1.038816558725149802e-01,5.718325049806343152e-01,1.000000000000000000e+00,-7.103096421357822654e-02,2.392522511763259252e-01,-5.457006153687475603e-02,4.032499364106575945e-01,-5.774433103976098769e-01,-3.514128810038482098e-01,-1.384629759923497183e-01,1.499591917958183751e-01,3.447164673211418062e-01,-5.799743097173384321e-01
1.848574259137593656e-01,2.377353318600620991e-01,-3.784161436578302729e-01,1.428379590151338530e-01,7.813800563692032686e-01,2.839183517831640399e-02,-4.298471732918270755e-02,-3.179257626615686338e-02,5.410262416641392624e-01,3.374134138111059000e-01,-7.284713712988077905e-02,2.996147080354661374e-01,9.590388460874328669e-02,6.222367721816974839e-01,1.189236015040798788e-01,4.473577289727695971e-01,-5.334939422156062538e-02,-1.220554190683745543e-01,-2.569745089875104527e-01,-7.982969211436788393e-02,-2.880168328373767031e-02,7.541397317632247965e-02,2.111342086028625553e-01,7.784098788484186508e-03,1.977457113282751477e-01,2.030989409031614124e-01,-1.031402549916174763e-02,-3.429416012473440051e-02,-7.103096421357822654e-02,1.000000000000000000e+00,3.914970635425605444e-02,-9.426059182425713945e-03,1.209233617056293675e-01,5.285916454617959337e-01,1.451830107796125424e-01,7.287275250986708919e-01,-9.028489935058836569e-02,3.681007065427876479e-01,2.251149005346395060e-01
-7.495849379963906434e-02,2.251571123540323238e-01,2.123642292319811997e-01,-1.729941746937887215e-01,-2.300846577308716945e-02,2.937220821973940965e-01,4.673535463358143294e-01,-8.273808406963710504e-02,1.044563272737286663e-02,1.401227856064959088e-01,-2.740150308729888406e-01,5.928102210163224695e-03,-9.259947456307363045e-02,4.201558570910373519e-02,-1.126903894110291016e-01,1.122303611032170606e-01,-1.843980895060594594e-01,-2.331652304473136039e-01,2.801449427715083651e-01,1.522066013896499204e-01,3.129486684112447459e-01,1.916321270074230754e-01,3.145613804652563905e-01,4.099018220510367572e-01,2.712205071930922085e-01,-1.427619956230207453e-02,1.097550185346388985e-01,5.477457420896128526e-02,2.392522511763259252e-01,3.914970635425605444e-02,1.000000000000000000e+00,1.790614919336456501e-01,1.429212960495507001e-01,-4.841878633247929942e-02,-3.144602259489326368e-01,-6.389340864897569139e-02,-1.351344823993295141e-01,-1.711654819874270372e-01,1.135498374714890568e-01
-1.948852364187741160e-01,2.229440169585895359e-01,1.230197873319486684e-01,2.852604152420395306e-02,8.098746515947044533e-02,-1.288089864000291906e-01,1.203567416376259171e-02,1.813175725295544660e-02,-2.718901279846449789e-02,1.329374551805513893e-01,-2.520716538570189069e-01,2.224506113040112809e-01,1.522045513379070014e-01,7.100723610273891595e-02,-9.547107301857278572e-02,-5.693587715625262474e-02,-5.003426091198334702e-02,-7.910297500211153909e-02,1.929650565326222200e-01,1.582890587476873737e-02,-1.212038761665540226e-01,5.089639580029966387e-02,9.020605820041202594e-02,6.914966065593262934e-02,-1.213551583125366817e-01,-1.532857239287277740e-01,-1.889011695549808190e-01,-1.333709242142003537e-01,-5.457006153687475603e-02,-9.426059182425713945e-03,1.790614919336456501e-01,1.000000000000000000e+00,-3.227075017853323242e-03,1.349715836253485290e-01,1.493834934960052985e-01,-5.752702280118243000e-03,2.950331100637423876e-01,-2.056397509912276378e-01,2.041256246676077801e-01
4.361018923445055262e-01,-2.041350562062211049e-01,-5.450240869249312579e-03,-2.595223842532987102e-02,1.012853680947603668e-01,3.190794768322569586e-01,1.004288302638288305e-01,1.480341488472469991e-01,-5.555145581522241000e-02,-5.386699169573763712e-02,1.293711052601117795e-01,-2.648371476251928924e-01,-2.601419652765123436e-01,1.013955450966271266e-01,3.262888931690632877e-01,2.640313477214406013e-01,1.794474137069625719e-01,3.797053677722551646e-01,-6.252775415006318893e-02,6.443745868990295722e-02,-1.443901539093733755e-02,-5.362159511875563833e-02,-3.715802957932011485e-02,2.118315444493242949e-03,2.786200018068755724e-01,4.982602981093097738e-01,2.961340320791247538e-01,2.718392658475135004e-01,4.032499364106575945e-01,1.209233617056293675e-01,1.429212960495507001e-01,-3.227075017853323242e-03,1.000000000000000000e+00,-2.464592241601517575e-01,-8.351100582943188355e-02,1.084913895885012830e-01,-5.006041254383840344e-02,3.678158018162351883e-01,-3.000768895450661722e-01
-4.067451135980966748e-01,5.705882047131056733e-01,-1.319822687261432981e-01,2.335046028270457152e-01,4.751196750070033059e-01,-3.134918846672178350e-01,4.415762802921537750e-02,-8.930070232211501091e-02,7.315993220403672614e-01,6.582111627657692976e-01,-4.618279206996704911e-01,6.447336033891456486e-01,4.362220150319298662e-01,5.282374293180780445e-01,-2.683233946020495142e-01,3.685958675829558162e-01,-4.421672250269470528e-01,-4.608514284493824831e-01,4.867475090856486844e-03,-7.619229366660718039e-02,-1.001190359366703891e-01,2.546278520698079251e-01,4.012326355734366912e-01,6.421793113361305705e-02,-1.536752939408602206e-02,-4.462828807637490569e-01,-2.511214291965987444e-01,-5.206482821259469373e-01,-5.774433103976098769e-01,5.285916454617959337e-01,-4.841878633247929942e-02,1.349715836253485290e-01,-2.464592241601517575e-01,1.000000000000000000e+00,1.189804360138590200e-01,5.197510052645827328e-01,-2.037240500614711791e-01,-6.837892271678763789e-02,7.005757693157314003e-01
4.291282462575887746e-02,-2.500486337162988182e-01,-2.926475668403151209e-01,-1.819606498653041637e-01,2.728634610098315538e-01,-4.183226527940856476e-01,-4.080845369759227292e-01,-2.873112912882236011e-02,7.579982029094189597e-03,-1.846329044758950877e-01,2.945835333465346983e-01,2.307317892688412475e-01,2.184313045674851975e-02,1.062000807567880650e-01,2.865481082475329067e-01,-3.020733834291688957e-01,3.591361164503341086e-01,-1.024856830975682670e-01,-4.379686650047041052e-01,-2.431017755229182911e-02,-4.056050176920949490e-01,-2.033729569598290154e-01,-5.225650648369395412e-01,-4.827510298823070034e-01,-5.271816751744896612e-01,3.983539009339081421e-02,1.059067479529059996e-01,4.488424889545099272e-02,-3.514128810038482098e-01,1.451830107796125424e-01,-3.144602259489326368e-01,1.493834934960052985e-01,-8.351100582943188355e-02,1.189804360138590200e-01,1.000000000000000000e+00,1.282869620895139562e-01,4.725336077961397874e-01,1.630327582372104178e-01,-1.598994740629499645e-01
1.614167189995338036e-01,1.456851219124619679e-01,-4.175475591823122334e-01,1.078778531804676782e-01,6.463600463189885792e-01,-1.008241339553915261e-01,-5.949486035703982489e-02,3.644250827166537615e-02,5.935221636582252991e-01,2.950640763670838163e-01,1.377237367323042201e-02,2.512243259789111449e-01,8.293712558136503987e-02,5.931531694465355109e-01,1.694904740040279745e-01,4.105092168372184713e-01,3.317993815525283052e-02,-6.516506385959282277e-02,-2.741192654957098629e-01,-2.046201018327516441e-01,-8.788728628350170324e-02,6.943514385231687458e-02,1.432034245140168527e-01,-2.119739590500528403e-01,7.808679227437062553e-02,1.235866350595629382e-01,-1.034451092268087562e-02,-1.442350639709505042e-02,-1.384629759923497183e-01,7.287275250986708919e-01,-6.389340864897569139e-02,-5.752702280118243000e-03,1.084913895885012830e-01,5.197510052645827328e-01,1.282869620895139562e-01,1.000000000000000000e+00,-7.570012366709842275e-03,4.178792223446858856e-01,1.950757008122820380e-01
3.061809074195851466e-01,-5.298489039483856855e-01,-2.820212738968371768e-01,-4.291357813558069334e-01,5.517394378258033000e-02,-1.884667624184141466e-01,-3.069455621738389484e-01,2.061236676818045677e-01,-2.060085446613945381e-01,-5.331304147842627073e-01,5.344292083325786757e-01,-2.941072612091017238e-02,-1.126132785696392219e-01,-2.581491618658576792e-01,5.295688488815079031e-01,-4.148306791167611918e-01,6.566280558067704165e-01,1.367189366675945483e-01,-4.797255027774493530e-01,-1.826020188793359145e-01,-2.220260710137313409e-01,-2.303458876582974713e-01,-6.424325451969580270e-01,-4.277204043549846513e-01,-4.997355036831994113e-01,2.562278320469446036e-01,2.779734603019699477e-02,4.130540490232439965e-01,1.499591917958183751e-01,-9.028489935058836569e-02,-1.351344823993295141e-01,2.950331100637423876e-01,-5.006041254383840344e-02,-2.037240500614711791e-01,4.725336077961397874e-01,-7.570012366709842275e-03,1.000000000000000000e+00,3.047404182508293702e-01,-4.669788600660932376e-01
7.462032096748200116e-01,-5.624499694570423980e-01,-4.447681830376258860e-01,-1.886917165841772992e-01,3.275492046023875115e-01,1.594814932185653622e-01,-2.378399096169764859e-01,1.936525268280956114e-01,2.199619107248309002e-01,-3.678294511908896669e-01,5.936769685115267370e-01,-2.858133174164186885e-01,-3.795163490802586637e-01,3.146729975399203266e-02,7.344204495262254273e-01,1.018828629913649531e-01,5.915431097427102936e-01,4.207730157746094601e-01,-6.609685052556525386e-01,-2.257014096850345486e-01,-6.398356008873581913e-02,-2.246473207185425147e-01,-4.088811058758781147e-01,-4.047048506384638977e-01,6.174902925752781546e-02,6.518105043443767066e-01,1.452597481179982164e-01,5.844042190549268989e-01,3.447164673211418062e-01,3.681007065427876479e-01,-1.711654819874270372e-01,-2.056397509912276378e-01,3.678158018162351883e-01,-6.837892271678763789e-02,1.630327582372104178e-01,4.178792223446858856e-01,3.047404182508293702e-01,1.000000000000000000e+00,-5.399105604640598299e-01
-6.860679619940015517e-01,8.370086188833305574e-01,2.383960437201876059e-01,3.827135214930288409e-01,1.388482229732737883e-01,-2.560853783661213301e-01,2.965565579544438002e-01,-1.843026571050057627e-01,4.887397444336089580e-01,8.134949643849037626e-01,-7.544619381262209767e-01,5.496498911909393215e-01,5.133963531072596176e-01,4.273352720369472113e-01,-6.995073484523872676e-01,3.872341537174078807e-01,-7.458720385273909237e-01,-4.928607056071716563e-01,5.315999775433587482e-01,5.508355428463113795e-02,1.530388329904664411e-02,3.382024705174590529e-01,6.762556119280475064e-01,4.031382552009402098e-01,1.069753286710242862e-01,-6.815031410914208498e-01,-3.019174853607334286e-01,-7.135569169577595794e-01,-5.799743097173384321e-01,2.251149005346395060e-01,1.135498374714890568e-01,2.041256246676077801e-01,-3.000768895450661722e-01,7.005757693157314003e-01,-1.598994740629499645e-01,1.950757008122820380e-01,-4.669788600660932376e-01,-5.399105604640598299e-01,1.000000000000000000e+00
