1.000000000000000000e+00,9.684447178792142674e-01,9.856793091403001084e-01,9.534810670556811418e-01,9.662923579261902818e-01,9.361887518090471483e-01,8.816605999558910778e-01,9.064831784488468491e-01,9.759617947335242905e-01,9.382494668211623923e-01,9.027132212230566388e-01,9.791067373411282970e-01,8.661985621868560914e-01,8.684619709631699047e-01,9.530522488307482387e-01,9.161169577076916370e-01,8.807622488416692041e-01,9.031584881080892968e-01,9.274111372028325251e-01,9.845659613913188002e-01,9.659342053274116990e-01,9.684053173816743465e-01,9.239196642102919244e-01,9.567918417398735276e-01,9.383685500532010781e-01,8.801658701184079669e-01,8.552220469726339314e-01,9.524488994006908849e-01,9.838995243539564450e-01,9.579868840452825385e-01,9.694055722314760537e-01,8.778220741945708117e-01,8.823684776685872810e-01,9.577839459696405600e-01,9.377098150420125622e-01,9.388859459848863942e-01,9.799693874476065325e-01,9.849728020850408994e-01,8.869471594311528762e-01
9.684447178792142674e-01,1.000000000000000000e+00,9.696110826372794644e-01,9.353104118749157037e-01,9.483897565009120623e-01,9.228199523469629018e-01,8.778660645317217792e-01,8.981469266428186993e-01,9.771849563554274587e-01,9.232101113393017533e-01,8.959834389320985304e-01,9.595835564065576806e-01,8.623576843970808259e-01,8.652844394720561327e-01,9.358488916343892239e-01,9.051716396571208856e-01,8.764366569284904873e-01,8.941083839669906608e-01,9.147947637531352871e-01,9.710042802424435626e-01,9.467899492124680627e-01,9.482245466053121907e-01,9.115902909318389646e-01,9.405307675377881926e-01,9.246806156205058524e-01,8.720138715304712740e-01,8.531426846637623074e-01,9.352467669904193093e-01,9.660384961274375293e-01,9.405448042608999248e-01,9.479116517287083932e-01,8.747495403158622729e-01,8.770624593680156345e-01,9.729334751577979334e-01,9.235754009531739195e-01,9.243011429475408436e-01,9.734365284510276828e-01,9.653717735323856797e-01,8.856919534085664347e-01
9.856793091403001084e-01,9.696110826372794644e-01,1.000000000000000000e+00,9.522077490338688444e-01,9.652185802136408199e-01,9.352494880635723318e-01,8.814840999523978482e-01,9.053881730669571803e-01,9.764138153494670291e-01,9.371600534681165939e-01,9.019032892791264411e-01,9.786150792978761670e-01,8.668408297070009372e-01,8.692118777911385097e-01,9.520475924548141844e-01,9.155087606221734564e-01,8.808339834337480800e-01,9.026421912618208809e-01,9.267526407913087017e-01,9.846207060257902155e-01,9.652431421694043223e-01,9.677307156025920509e-01,9.230047445931292005e-01,9.554514704065180108e-01,9.373504362324021066e-01,8.804668127401656941e-01,8.560055135102357937e-01,9.514441526819337192e-01,9.833139716118844964e-01,9.568670225668368667e-01,9.683523799986084590e-01,8.773689431452135201e-01,8.824054883771529356e-01,9.591131163693896733e-01,9.368565639985461102e-01,9.379774837263850085e-01,9.801746072266235288e-01,9.840955791788880136e-01,8.847922055976832345e-01
9.534810670556811418e-01,9.353104118749157037e-01,9.522077490338688444e-01,1.000000000000000000e+00,9.642910318909367895e-01,9.648573708135275151e-01,9.024471127702559103e-01,9.387629161871122729e-01,9.432112054970689385e-01,9.694925433106920121e-01,9.309435412136133348e-01,9.604189064413469756e-01,8.876553836987651769e-01,8.867919224655826937e-01,9.844844203600306987e-01,9.470138473191791473e-01,9.101629349690206761e-01,9.350852967725740150e-01,9.533286843729606996e-01,9.483661836654777577e-01,9.634148304970335808e-01,9.621602587666636675e-01,9.515161180535417484e-01,9.821921242275699626e-01,9.669437996721160777e-01,9.074630108097301306e-01,8.698117547599041322e-01,9.840071131103308444e-01,9.546681324570803762e-01,9.798493604895316400e-01,9.623053573771920277e-01,9.002270490325343655e-01,9.140991367653523714e-01,9.356259385864754696e-01,9.668113056755265333e-01,9.667010798581641140e-01,9.455315526990417663e-01,9.544185321809078859e-01,8.897215252145130870e-01
9.662923579261902818e-01,9.483897565009120623e-01,9.652185802136408199e-01,9.642910318909367895e-01,1.000000000000000000e+00,9.462022760932691234e-01,8.948217171178785012e-01,9.214018156162040452e-01,9.571437690132341691e-01,9.485693513604351867e-01,9.174402080622325872e-01,9.733202220257038961e-01,8.764263524750052214e-01,8.766369436777966540e-01,9.643390708924124421e-01,9.294880683356843143e-01,8.951902810184743098e-01,9.189234076486006986e-01,9.362842639720693194e-01,9.633181086037717611e-01,9.844894694039497685e-01,9.823156041545804129e-01,9.359543824465889061e-01,9.683971188990093681e-01,9.474176391748497794e-01,8.947613150987013819e-01,8.635040640501109310e-01,9.642629805876653526e-01,9.674905940454742170e-01,9.713600251926417517e-01,9.801909878912097307e-01,8.904347572379801568e-01,8.977643160907771147e-01,9.446437236852782693e-01,9.467436705645562167e-01,9.487321771262208214e-01,9.601171068374375617e-01,9.670684883871366599e-01,8.922786451842472655e-01
9.361887518090471483e-01,9.228199523469629018e-01,9.352494880635723318e-01,9.648573708135275151e-01,9.462022760932691234e-01,1.000000000000000000e+00,9.125510405651134915e-01,9.575646908424724213e-01,9.315043343928691710e-01,9.796445679199720091e-01,9.509509221547532976e-01,9.454615882464013632e-01,8.974987980227275841e-01,8.957119468989881428e-01,9.644470233426533090e-01,9.685817940797188941e-01,9.265853571169887504e-01,9.534402954711694855e-01,9.794290791534148166e-01,9.341604412991397766e-01,9.434954112862311559e-01,9.439328836905148679e-01,9.729426443460738039e-01,9.624712486717267312e-01,9.832786445307170053e-01,9.223688952206604563e-01,8.793434195663678565e-01,9.630020222890757209e-01,9.408156754028000890e-01,9.609134526745392035e-01,9.443053009621822369e-01,9.080359803312548772e-01,9.264920018243526512e-01,9.226825345004520118e-01,9.842587571284024950e-01,9.836284814179293567e-01,9.306736769275232302e-01,9.372927835888084092e-01,8.859903903657818658e-01
8.816605999558910778e-01,8.778660645317217792e-01,8.814840999523978482e-01,9.024471127702559103e-01,8.948217171178785012e-01,9.125510405651134915e-01,1.000000000000000000e+00,9.412326038623584079e-01,8.780383183667531677e-01,9.078576254284507208e-01,9.449469388403012315e-01,8.922447028472548780e-01,9.635744104245286268e-01,9.617763603017743801e-01,9.050689072671537216e-01,9.311294007921274707e-01,9.643946058259269538e-01,9.406188536970402359e-01,9.181406194190159242e-01,8.774966681243568933e-01,8.911692258839136738e-01,8.917313630015564208e-01,9.272642860312986235e-01,9.001444132070154369e-01,9.080044813679553073e-01,9.675427864881108730e-01,9.546523165228076868e-01,9.000067747902628090e-01,8.844367843822722453e-01,9.043812652429494836e-01,8.919460879392819841e-01,9.776944820652757606e-01,9.608631028312787370e-01,8.839430158361802903e-01,9.081861901993782960e-01,9.072273702797588601e-01,8.728683910024406245e-01,8.840720939797177547e-01,9.043074881301568224e-01
9.064831784488468491e-01,8.981469266428186993e-01,9.053881730669571803e-01,9.387629161871122729e-01,9.214018156162040452e-01,9.575646908424724213e-01,9.412326038623584079e-01,1.000000000000000000e+00,8.999858935624044376e-01,9.514999493274403086e-01,9.776405719842419240e-01,9.155920866892530707e-01,9.245235004872428553e-01,9.212827084305359460e-01,9.381217358410413043e-01,9.777925899137112076e-01,9.574076653008519733e-01,9.810687065406022977e-01,9.621127475687539787e-01,9.022244697819250536e-01,9.188435481862717857e-01,9.190753157217221858e-01,9.740052399013449103e-01,9.346471646911304054e-01,9.542623291356158166e-01,9.510014570638973819e-01,9.092009077206152368e-01,9.366228233016691274e-01,9.110713069104239281e-01,9.344447962865454205e-01,9.186846700843277480e-01,9.343785476365854548e-01,9.584371352326674920e-01,9.037484175328506231e-01,9.542609403713785410e-01,9.529439861995818717e-01,8.974108508676380547e-01,9.076371376623462162e-01,8.925914597166445530e-01
9.759617947335242905e-01,9.771849563554274587e-01,9.764138153494670291e-01,9.432112054970689385e-01,9.571437690132341691e-01,9.315043343928691710e-01,8.780383183667531677e-01,8.999858935624044376e-01,1.000000000000000000e+00,9.311908207729873155e-01,8.965178650949918726e-01,9.678139554344571405e-01,8.584195029111814090e-01,8.623035009997019884e-01,9.435645496939548682e-01,9.086973014379855496e-01,8.772683331432205023e-01,8.959998593727233063e-01,9.208341355449868315e-01,9.790588086433074100e-01,9.561176738423351473e-01,9.589651702198696004e-01,9.163104704704673198e-01,9.472963845005448746e-01,9.322547574793709213e-01,8.762063782707728565e-01,8.485792515527330604e-01,9.419528538950752150e-01,9.725544534482546410e-01,9.476941461621585239e-01,9.590758474058926897e-01,8.719368758431998989e-01,8.777349491147105054e-01,9.673298897562500054e-01,9.319165700281352160e-01,9.323500713074447388e-01,9.824413821106525724e-01,9.723403317101380061e-01,8.838858519049602736e-01
9.382494668211623923e-01,9.232101113393017533e-01,9.371600534681165939e-01,9.694925433106920121e-01,9.485693513604351867e-01,9.796445679199720091e-01,9.078576254284507208e-01,9.514999493274403086e-01,9.311908207729873155e-01,1.000000000000000000e+00,9.476968494442994384e-01,9.468455672576507887e-01,8.930739490493490029e-01,8.915557550603941950e-01,9.679300222174257451e-01,9.639523009303014867e-01,9.227819984369484141e-01,9.480435878113537829e-01,9.702709307815293727e-01,9.360982263074651977e-01,9.455399853103381158e-01,9.449750935434599874e-01,9.674745916374729582e-01,9.666531270717242386e-01,9.830317264367033347e-01,9.191509928354251180e-01,8.738820910558926514e-01,9.671652913770824034e-01,9.427103051761038799e-01,9.651533261584719359e-01,9.453996011988763382e-01,9.060486917249404026e-01,9.230008315947810793e-01,9.243252429761829037e-01,9.817909195311891324e-01,9.822145221448285168e-01,9.317504666465368235e-01,9.405857110141855326e-01,8.821460820840401063e-01
9.027132212230566388e-01,8.959834389320985304e-01,9.019032892791264411e-01,9.309435412136133348e-01,9.174402080622325872e-01,9.509509221547532976e-01,9.449469388403012315e-01,9.776405719842419240e-01,8.965178650949918726e-01,9.476968494442994384e-01,1.000000000000000000e+00,9.128302871918961836e-01,9.301291484236532403e-01,9.282813979657743575e-01,9.323036671529050246e-01,9.708331895351645091e-01,9.645993948001385654e-01,9.791757478281419846e-01,9.569434302479044030e-01,8.986277191681485421e-01,9.141189555832244240e-01,9.150532297971334383e-01,9.674140590242251703e-01,9.295912440087777950e-01,9.494960726863461709e-01,9.573686542347434880e-01,9.170581416765697380e-01,9.308121821550795483e-01,9.081247231855391622e-01,9.301361381595799616e-01,9.144589849076603105e-01,9.389451703418458806e-01,9.657635517821459015e-01,9.019440493577446372e-01,9.485661011804153997e-01,9.477525228869416729e-01,8.929529923868747554e-01,9.052863671930587719e-01,8.938645470161699080e-01
9.791067373411282970e-01,9.595835564065576806e-01,9.786150792978761670e-01,9.604189064413469756e-01,9.733202220257038961e-01,9.454615882464013632e-01,8.922447028472548780e-01,9.155920866892530707e-01,9.678139554344571405e-01,9.468455672576507887e-01,9.128302871918961836e-01,1.000000000000000000e+00,8.738335040028005762e-01,8.748604815087204223e-01,9.604289084790176290e-01,9.249161557489414820e-01,8.951936095199199972e-01,9.125676468371450856e-01,9.352870070493384258e-01,9.759341006898503146e-01,9.730657064034550219e-01,9.742765092521651349e-01,9.329595678955237004e-01,9.646839325635363505e-01,9.467091012317288001e-01,8.949177653782962594e-01,8.624673368039295074e-01,9.603512741458535285e-01,9.813296085853412398e-01,9.658899793287571978e-01,9.753330872015310016e-01,8.874153639930706383e-01,8.961463412041494880e-01,9.502105238791920261e-01,9.457325191754090143e-01,9.466984061334532408e-01,9.718365489427436277e-01,9.810771377546753103e-01,8.885875676358336861e-01
8.661985621868560914e-01,8.623576843970808259e-01,8.668408297070009372e-01,8.876553836987651769e-01,8.764263524750052214e-01,8.974987980227275841e-01,9.635744104245286268e-01,9.245235004872428553e-01,8.584195029111814090e-01,8.930739490493490029e-01,9.301291484236532403e-01,8.738335040028005762e-01,1.000000000000000000e+00,9.839336790392824161e-01,8.906843754926755397e-01,9.149387532617968555e-01,9.408849541277191086e-01,9.228719838777592610e-01,9.026919746424920676e-01,8.611080538146824725e-01,8.737859511692209757e-01,8.768666440815454655e-01,9.098894232973958607e-01,8.834475782831586743e-01,8.935825791927093364e-01,9.452887216726457709e-01,9.765214325741716772e-01,8.862589849091783156e-01,8.682468125961798622e-01,8.885718934267219371e-01,8.754187108069413359e-01,9.753041479851074502e-01,9.377244214951353518e-01,8.656104827456053696e-01,8.930705717130219545e-01,8.940948496174266902e-01,8.543806470530008745e-01,8.665994628397521993e-01,9.153657078625239141e-01
8.684619709631699047e-01,8.652844394720561327e-01,8.692118777911385097e-01,8.867919224655826937e-01,8.766369436777966540e-01,8.957119468989881428e-01,9.617763603017743801e-01,9.212827084305359460e-01,8.623035009997019884e-01,8.915557550603941950e-01,9.282813979657743575e-01,8.748604815087204223e-01,9.839336790392824161e-01,1.000000000000000000e+00,8.890182710940011113e-01,9.117157054439891661e-01,9.379044080056060384e-01,9.197536107999506605e-01,9.001566769025547421e-01,8.635618270893068438e-01,8.740156935295767537e-01,8.777488428096547057e-01,9.072973766301903886e-01,8.824061191818349803e-01,8.918150816940747516e-01,9.416976946010109373e-01,9.778229950013936911e-01,8.847414010440909360e-01,8.700715802128984322e-01,8.870725477969059192e-01,8.767970270209963779e-01,9.734526025506659019e-01,9.342654153344032153e-01,8.687637445621307908e-01,8.914363038321255761e-01,8.929411449013104907e-01,8.573281464240509742e-01,8.686341001940224293e-01,9.156655481244410089e-01
9.530522488307482387e-01,9.358488916343892239e-01,9.520475924548141844e-01,9.844844203600306987e-01,9.643390708924124421e-01,9.644470233426533090e-01,9.050689072671537216e-01,9.381217358410413043e-01,9.435645496939548682e-01,9.679300222174257451e-01,9.323036671529050246e-01,9.604289084790176290e-01,8.906843754926755397e-01,8.890182710940011113e-01,1.000000000000000000e+00,9.467539558590085669e-01,9.120091078966597875e-01,9.348978795629508953e-01,9.541489567671892491e-01,9.486693707076053750e-01,9.634562946204549005e-01,9.626243639644809225e-01,9.511296542584395386e-01,9.832393057563840744e-01,9.663761399143452335e-01,9.105379136239474258e-01,8.730413653685864528e-01,9.850833625806334481e-01,9.547974034336762506e-01,9.807087165040125898e-01,9.625795579037158545e-01,9.027892516230088260e-01,9.150931955480930968e-01,9.351703040537882039e-01,9.663688368134164541e-01,9.661472959200553268e-01,9.458571356677610842e-01,9.539569933033527072e-01,8.907621588971564863e-01
9.161169577076916370e-01,9.051716396571208856e-01,9.155087606221734564e-01,9.470138473191791473e-01,9.294880683356843143e-01,9.685817940797188941e-01,9.311294007921274707e-01,9.777925899137112076e-01,9.086973014379855496e-01,9.639523009303014867e-01,9.708331895351645091e-01,9.249161557489414820e-01,9.149387532617968555e-01,9.117157054439891661e-01,9.467539558590085669e-01,1.000000000000000000e+00,9.477662987673672879e-01,9.757729510938039086e-01,9.718549553500624993e-01,9.128331175024430033e-01,9.268006836882267674e-01,9.271516462889661803e-01,9.832568495452268520e-01,9.434018937674294447e-01,9.668112936440681482e-01,9.415917391716527307e-01,8.959973512966910025e-01,9.466782793563789378e-01,9.204500151392090990e-01,9.435449978297525409e-01,9.268154307629383748e-01,9.265802487116963082e-01,9.479655315171202634e-01,9.094536309030470944e-01,9.663457050718324837e-01,9.652312920543791863e-01,9.078313085503592061e-01,9.175775583052684370e-01,8.858562749477411069e-01
8.807622488416692041e-01,8.764366569284904873e-01,8.808339834337480800e-01,9.101629349690206761e-01,8.951902810184743098e-01,9.265853571169887504e-01,9.643946058259269538e-01,9.574076653008519733e-01,8.772683331432205023e-01,9.227819984369484141e-01,9.645993948001385654e-01,8.951936095199199972e-01,9.408849541277191086e-01,9.379044080056060384e-01,9.120091078966597875e-01,9.477662987673672879e-01,1.000000000000000000e+00,9.600284044955899043e-01,9.349168846760832485e-01,8.763435293436323548e-01,8.911940615506513952e-01,8.926001123870898057e-01,9.436425040243489049e-01,9.099911192796283910e-01,9.231366701068099978e-01,9.816144375022116675e-01,9.318458008482662924e-01,9.092755130538179298e-01,8.866619336975716248e-01,9.101475153247701178e-01,8.916445418012198809e-01,9.536964980949570458e-01,9.828448314282376419e-01,8.824352935070725046e-01,9.229814177043140777e-01,9.208837533072520287e-01,8.708724859608476532e-01,8.844739405807932053e-01,8.861270897046509276e-01
9.031584881080892968e-01,8.941083839669906608e-01,9.026421912618208809e-01,9.350852967725740150e-01,9.189234076486006986e-01,9.534402954711694855e-01,9.406188536970402359e-01,9.810687065406022977e-01,8.959998593727233063e-01,9.480435878113537829e-01,9.791757478281419846e-01,9.125676468371450856e-01,9.228719838777592610e-01,9.197536107999506605e-01,9.348978795629508953e-01,9.757729510938039086e-01,9.600284044955899043e-01,1.000000000000000000e+00,9.590094610807832209e-01,8.982505053190149580e-01,9.162222272872846407e-01,9.166457049751575159e-01,9.711026467213218494e-01,9.306952415014312363e-01,9.507887373862429214e-01,9.525925375885389013e-01,9.060734390768520052e-01,9.333442395081000820e-01,9.081351188067685598e-01,9.317899435902118332e-01,9.155311799056951028e-01,9.325474350240270383e-01,9.624336820691907768e-01,8.990213482008012624e-01,9.507275618461145106e-01,9.495305604174079095e-01,8.930720461988943537e-01,9.050194900328967229e-01,8.941585961653037984e-01
9.274111372028325251e-01,9.147947637531352871e-01,9.267526407913087017e-01,9.533286843729606996e-01,9.362842639720693194e-01,9.794290791534148166e-01,9.181406194190159242e-01,9.621127475687539787e-01,9.208341355449868315e-01,9.702709307815293727e-01,9.569434302479044030e-01,9.352870070493384258e-01,9.026919746424920676e-01,9.001566769025547421e-01,9.541489567671892491e-01,9.718549553500624993e-01,9.349168846760832485e-01,9.590094610807832209e-01,1.000000000000000000e+00,9.242016650828707158e-01,9.317088220819029765e-01,9.339181246389104407e-01,9.763213266986179306e-01,9.520480746695000329e-01,9.751004323943641694e-01,9.285931565550894495e-01,8.859465310491577705e-01,9.535845916807570433e-01,9.329424356044577760e-01,9.509394537161043326e-01,9.339153734981014976e-01,9.117052364616875515e-01,9.337526284416646227e-01,9.157375535726541838e-01,9.770525778340168888e-01,9.758872995576024501e-01,9.195193823614898898e-01,9.279225373202979466e-01,8.819443089092211530e-01
9.845659613913188002e-01,9.710042802424435626e-01,9.846207060257902155e-01,9.483661836654777577e-01,9.633181086037717611e-01,9.341604412991397766e-01,8.774966681243568933e-01,9.022244697819250536e-01,9.790588086433074100e-01,9.360982263074651977e-01,8.986277191681485421e-01,9.759341006898503146e-01,8.611080538146824725e-01,8.635618270893068438e-01,9.486693707076053750e-01,9.128331175024430033e-01,8.763435293436323548e-01,8.982505053190149580e-01,9.242016650828707158e-01,1.000000000000000000e+00,9.630426010566719430e-01,9.651109453533077698e-01,9.203603473422871106e-01,9.522024870669182350e-01,9.360741199978944715e-01,8.760876876354302123e-01,8.501152446741316870e-01,9.474940485922228595e-01,9.811228040482209423e-01,9.529399602363710642e-01,9.653734137672260740e-01,8.734043787944677506e-01,8.766670177555833110e-01,9.594776442090761082e-01,9.354465370685900449e-01,9.366916235719355832e-01,9.832361082529779139e-01,9.821421235565775953e-01,8.806694433574973058e-01
9.659342053274116990e-01,9.467899492124680627e-01,9.652431421694043223e-01,9.634148304970335808e-01,9.844894694039497685e-01,9.434954112862311559e-01,8.911692258839136738e-01,9.188435481862717857e-01,9.561176738423351473e-01,9.455399853103381158e-01,9.141189555832244240e-01,9.730657064034550219e-01,8.737859511692209757e-01,8.740156935295767537e-01,9.634562946204549005e-01,9.268006836882267674e-01,8.911940615506513952e-01,9.162222272872846407e-01,9.317088220819029765e-01,9.630426010566719430e-01,1.000000000000000000e+00,9.841571894398024600e-01,9.331747531399599005e-01,9.670220622698951773e-01,9.443712810757494136e-01,8.908824338936720544e-01,8.611130747659830886e-01,9.637220188639128438e-01,9.668448420592525849e-01,9.697781142213593997e-01,9.822631949669288209e-01,8.867732583270696578e-01,8.935178074893289635e-01,9.432108002050529905e-01,9.433026893329740092e-01,9.462582911603899527e-01,9.606004563726210366e-01,9.671620417569904982e-01,8.926139087020404927e-01
9.684053173816743465e-01,9.482245466053121907e-01,9.677307156025920509e-01,9.621602587666636675e-01,9.823156041545804129e-01,9.439328836905148679e-01,8.917313630015564208e-01,9.190753157217221858e-01,9.589651702198696004e-01,9.449750935434599874e-01,9.150532297971334383e-01,9.742765092521651349e-01,8.768666440815454655e-01,8.777488428096547057e-01,9.626243639644809225e-01,9.271516462889661803e-01,8.926001123870898057e-01,9.166457049751575159e-01,9.339181246389104407e-01,9.651109453533077698e-01,9.841571894398024600e-01,1.000000000000000000e+00,9.338310636636377726e-01,9.657455994375586661e-01,9.447384055104953715e-01,8.928749826099241504e-01,8.650395076380004156e-01,9.624717588672222490e-01,9.687214885756945115e-01,9.689756937312064000e-01,9.850607686791025275e-01,8.873066263820690303e-01,8.950492853657887604e-01,9.440042163335421455e-01,9.442778684836685699e-01,9.470025552525818124e-01,9.626127325270675827e-01,9.690174776343545293e-01,8.924455313654447997e-01
9.239196642102919244e-01,9.115902909318389646e-01,9.230047445931292005e-01,9.515161180535417484e-01,9.359543824465889061e-01,9.729426443460738039e-01,9.272642860312986235e-01,9.740052399013449103e-01,9.163104704704673198e-01,9.674745916374729582e-01,9.674140590242251703e-01,9.329595678955237004e-01,9.098894232973958607e-01,9.072973766301903886e-01,9.511296542584395386e-01,9.832568495452268520e-01,9.436425040243489049e-01,9.711026467213218494e-01,9.763213266986179306e-01,9.203603473422871106e-01,9.331747531399599005e-01,9.338310636636377726e-01,1.000000000000000000e+00,9.491378717541310017e-01,9.702435785408879410e-01,9.373261931621181819e-01,8.909957967739133844e-01,9.510888486417657939e-01,9.287621716219718326e-01,9.489992174569953365e-01,9.334373839620856428e-01,9.221221794464815602e-01,9.424469232521532902e-01,9.163622482902004096e-01,9.703752540508173707e-01,9.696694630513911228e-01,9.154167880197565665e-01,9.255825828073701578e-01,8.836078930976205559e-01
9.567918417398735276e-01,9.405307675377881926e-01,9.554514704065180108e-01,9.821921242275699626e-01,9.683971188990093681e-01,9.624712486717267312e-01,9.001444132070154369e-01,9.346471646911304054e-01,9.472963845005448746e-01,9.666531270717242386e-01,9.295912440087777950e-01,9.646839325635363505e-01,8.834475782831586743e-01,8.824061191818349803e-01,9.832393057563840744e-01,9.434018937674294447e-01,9.099911192796283910e-01,9.306952415014312363e-01,9.520480746695000329e-01,9.522024870669182350e-01,9.670220622698951773e-01,9.657455994375586661e-01,9.491378717541310017e-01,1.000000000000000000e+00,9.649491996565331409e-01,9.071512197773606845e-01,8.662421127725333792e-01,9.838145087885401541e-01,9.589352824735435377e-01,9.834452241514783921e-01,9.660736931349567236e-01,8.983947268275533915e-01,9.125233407605748415e-01,9.395386779640241270e-01,9.640092828675074221e-01,9.642119590124375028e-01,9.493025018530374393e-01,9.582023068642346875e-01,8.872809051822864168e-01
9.383685500532010781e-01,9.246806156205058524e-01,9.373504362324021066e-01,9.669437996721160777e-01,9.474176391748497794e-01,9.832786445307170053e-01,9.080044813679553073e-01,9.542623291356158166e-01,9.322547574793709213e-01,9.830317264367033347e-01,9.494960726863461709e-01,9.467091012317288001e-01,8.935825791927093364e-01,8.918150816940747516e-01,9.663761399143452335e-01,9.668112936440681482e-01,9.231366701068099978e-01,9.507887373862429214e-01,9.751004323943641694e-01,9.360741199978944715e-01,9.443712810757494136e-01,9.447384055104953715e-01,9.702435785408879410e-01,9.649491996565331409e-01,1.000000000000000000e+00,9.183421753003299104e-01,8.753093993377971671e-01,9.655483463463827576e-01,9.429313541133620413e-01,9.637000816593510599e-01,9.453316774488654817e-01,9.044259182964891064e-01,9.240302403750311200e-01,9.247378502710159598e-01,9.850999203228257839e-01,9.847809008809760289e-01,9.323320331621414159e-01,9.403407870642461752e-01,8.831162250069047870e-01
8.801658701184079669e-01,8.720138715304712740e-01,8.804668127401656941e-01,9.074630108097301306e-01,8.947613150987013819e-01,9.223688952206604563e-01,9.675427864881108730e-01,9.510014570638973819e-01,8.762063782707728565e-01,9.191509928354251180e-01,9.573686542347434880e-01,8.949177653782962594e-01,9.452887216726457709e-01,9.416976946010109373e-01,9.105379136239474258e-01,9.415917391716527307e-01,9.816144375022116675e-01,9.525925375885389013e-01,9.285931565550894495e-01,8.760876876354302123e-01,8.908824338936720544e-01,8.928749826099241504e-01,9.373261931621181819e-01,9.071512197773606845e-01,9.183421753003299104e-01,1.000000000000000000e+00,9.348492033795382516e-01,9.067613109931770277e-01,8.855404441458297748e-01,9.085641053813611201e-01,8.925057194912152658e-01,9.570238003843440922e-01,9.780149260016861579e-01,8.788304037178286121e-01,9.187696321244630537e-01,9.173928824284078853e-01,8.696087259641871459e-01,8.834080309632611483e-01,8.863066566791641954e-01
8.552220469726339314e-01,8.531426846637623074e-01,8.560055135102357937e-01,8.698117547599041322e-01,8.635040640501109310e-01,8.793434195663678565e-01,9.546523165228076868e-01,9.092009077206152368e-01,8.485792515527330604e-01,8.738820910558926514e-01,9.170581416765697380e-01,8.624673368039295074e-01,9.765214325741716772e-01,9.778229950013936911e-01,8.730413653685864528e-01,8.959973512966910025e-01,9.318458008482662924e-01,9.060734390768520052e-01,8.859465310491577705e-01,8.501152446741316870e-01,8.611130747659830886e-01,8.650395076380004156e-01,8.909957967739133844e-01,8.662421127725333792e-01,8.753093993377971671e-01,9.348492033795382516e-01,1.000000000000000000e+00,8.676100942470691413e-01,8.573370872740295745e-01,8.719454718585295527e-01,8.637703374784152510e-01,9.637991904904300577e-01,9.263913864989946623e-01,8.559362962977803413e-01,8.750462832253655954e-01,8.765457342501674631e-01,8.430821900602880614e-01,8.556963446990216715e-01,9.127315991848476973e-01
9.524488994006908849e-01,9.352467669904193093e-01,9.514441526819337192e-01,9.840071131103308444e-01,9.642629805876653526e-01,9.630020222890757209e-01,9.000067747902628090e-01,9.366228233016691274e-01,9.419528538950752150e-01,9.671652913770824034e-01,9.308121821550795483e-01,9.603512741458535285e-01,8.862589849091783156e-01,8.847414010440909360e-01,9.850833625806334481e-01,9.466782793563789378e-01,9.092755130538179298e-01,9.333442395081000820e-01,9.535845916807570433e-01,9.474940485922228595e-01,9.637220188639128438e-01,9.624717588672222490e-01,9.510888486417657939e-01,9.838145087885401541e-01,9.655483463463827576e-01,9.067613109931770277e-01,8.676100942470691413e-01,1.000000000000000000e+00,9.546959517344247859e-01,9.812666964068981201e-01,9.630297053437038013e-01,8.985323348136815547e-01,9.123094720203229757e-01,9.348972710362667415e-01,9.649779483349490983e-01,9.646300002670512574e-01,9.447303781877315343e-01,9.534023720517170730e-01,8.866136429803124219e-01
9.838995243539564450e-01,9.660384961274375293e-01,9.833139716118844964e-01,9.546681324570803762e-01,9.674905940454742170e-01,9.408156754028000890e-01,8.844367843822722453e-01,9.110713069104239281e-01,9.725544534482546410e-01,9.427103051761038799e-01,9.081247231855391622e-01,9.813296085853412398e-01,8.682468125961798622e-01,8.700715802128984322e-01,9.547974034336762506e-01,9.204500151392090990e-01,8.866619336975716248e-01,9.081351188067685598e-01,9.329424356044577760e-01,9.811228040482209423e-01,9.668448420592525849e-01,9.687214885756945115e-01,9.287621716219718326e-01,9.589352824735435377e-01,9.429313541133620413e-01,8.855404441458297748e-01,8.573370872740295745e-01,9.546959517344247859e-01,1.000000000000000000e+00,9.611721344810026935e-01,9.694108906352187915e-01,8.804166225584092453e-01,8.879272689539956520e-01,9.558643600467872092e-01,9.421406959600749920e-01,9.430459812808855702e-01,9.760455736521782555e-01,9.849121516621682781e-01,8.883577916978003808e-01
9.579868840452825385e-01,9.405448042608999248e-01,9.568670225668368667e-01,9.798493604895316400e-01,9.713600251926417517e-01,9.609134526745392035e-01,9.043812652429494836e-01,9.344447962865454205e-01,9.476941461621585239e-01,9.651533261584719359e-01,9.301361381595799616e-01,9.658899793287571978e-01,8.885718934267219371e-01,8.870725477969059192e-01,9.807087165040125898e-01,9.435449978297525409e-01,9.101475153247701178e-01,9.317899435902118332e-01,9.509394537161043326e-01,9.529399602363710642e-01,9.697781142213593997e-01,9.689756937312064000e-01,9.489992174569953365e-01,9.834452241514783921e-01,9.637000816593510599e-01,9.085641053813611201e-01,8.719454718585295527e-01,9.812666964068981201e-01,9.611721344810026935e-01,1.000000000000000000e+00,9.688871504589904315e-01,9.022659334569915757e-01,9.134828588433707708e-01,9.389933773210586976e-01,9.625785594215587881e-01,9.625335706179747319e-01,9.493283514667685274e-01,9.596173226634361342e-01,8.949973509935043037e-01
9.694055722314760537e-01,9.479116517287083932e-01,9.683523799986084590e-01,9.623053573771920277e-01,9.801909878912097307e-01,9.443053009621822369e-01,8.919460879392819841e-01,9.186846700843277480e-01,9.590758474058926897e-01,9.453996011988763382e-01,9.144589849076603105e-01,9.753330872015310016e-01,8.754187108069413359e-01,8.767970270209963779e-01,9.625795579037158545e-01,9.268154307629383748e-01,8.916445418012198809e-01,9.155311799056951028e-01,9.339153734981014976e-01,9.653734137672260740e-01,9.822631949669288209e-01,9.850607686791025275e-01,9.334373839620856428e-01,9.660736931349567236e-01,9.453316774488654817e-01,8.925057194912152658e-01,8.637703374784152510e-01,9.630297053437038013e-01,9.694108906352187915e-01,9.688871504589904315e-01,1.000000000000000000e+00,8.873077341910158289e-01,8.941303104785427447e-01,9.443991458328908628e-01,9.444638540023713169e-01,9.472792605138747879e-01,9.627241757287303692e-01,9.698406633037793823e-01,8.934919813695737512e-01
8.778220741945708117e-01,8.747495403158622729e-01,8.773689431452135201e-01,9.002270490325343655e-01,8.904347572379801568e-01,9.080359803312548772e-01,9.776944820652757606e-01,9.343785476365854548e-01,8.719368758431998989e-01,9.060486917249404026e-01,9.389451703418458806e-01,8.874153639930706383e-01,9.753041479851074502e-01,9.734526025506659019e-01,9.027892516230088260e-01,9.265802487116963082e-01,9.536964980949570458e-01,9.325474350240270383e-01,9.117052364616875515e-01,8.734043787944677506e-01,8.867732583270696578e-01,8.873066263820690303e-01,9.221221794464815602e-01,8.983947268275533915e-01,9.044259182964891064e-01,9.570238003843440922e-01,9.637991904904300577e-01,8.985323348136815547e-01,8.804166225584092453e-01,9.022659334569915757e-01,8.873077341910158289e-01,1.000000000000000000e+00,9.505022403438805334e-01,8.787755553310788725e-01,9.036784005345052107e-01,9.036965683599640364e-01,8.672665629538370835e-01,8.791927179915678403e-01,9.125075744611806927e-01
8.823684776685872810e-01,8.770624593680156345e-01,8.824054883771529356e-01,9.140991367653523714e-01,8.977643160907771147e-01,9.264920018243526512e-01,9.608631028312787370e-01,9.584371352326674920e-01,8.777349491147105054e-01,9.230008315947810793e-01,9.657635517821459015e-01,8.961463412041494880e-01,9.377244214951353518e-01,9.342654153344032153e-01,9.150931955480930968e-01,9.479655315171202634e-01,9.828448314282376419e-01,9.624336820691907768e-01,9.337526284416646227e-01,8.766670177555833110e-01,8.935178074893289635e-01,8.950492853657887604e-01,9.424469232521532902e-01,9.125233407605748415e-01,9.240302403750311200e-01,9.780149260016861579e-01,9.263913864989946623e-01,9.123094720203229757e-01,8.879272689539956520e-01,9.134828588433707708e-01,8.941303104785427447e-01,9.505022403438805334e-01,1.000000000000000000e+00,8.837858323698080110e-01,9.241802423961370527e-01,9.215274503515749061e-01,8.718044964820194087e-01,8.851076299575536543e-01,8.848677337475447935e-01
9.577839459696405600e-01,9.729334751577979334e-01,9.591131163693896733e-01,9.356259385864754696e-01,9.446437236852782693e-01,9.226825345004520118e-01,8.839430158361802903e-01,9.037484175328506231e-01,9.673298897562500054e-01,9.243252429761829037e-01,9.019440493577446372e-01,9.502105238791920261e-01,8.656104827456053696e-01,8.687637445621307908e-01,9.351703040537882039e-01,9.094536309030470944e-01,8.824352935070725046e-01,8.990213482008012624e-01,9.157375535726541838e-01,9.594776442090761082e-01,9.432108002050529905e-01,9.440042163335421455e-01,9.163622482902004096e-01,9.395386779640241270e-01,9.247378502710159598e-01,8.788304037178286121e-01,8.559362962977803413e-01,9.348972710362667415e-01,9.558643600467872092e-01,9.389933773210586976e-01,9.443991458328908628e-01,8.787755553310788725e-01,8.837858323698080110e-01,1.000000000000000000e+00,9.233373050605725441e-01,9.254388973288401044e-01,9.628315331015844247e-01,9.563871664729644007e-01,8.791337750156013042e-01
9.377098150420125622e-01,9.235754009531739195e-01,9.368565639985461102e-01,9.668113056755265333e-01,9.467436705645562167e-01,9.842587571284024950e-01,9.081861901993782960e-01,9.542609403713785410e-01,9.319165700281352160e-01,9.817909195311891324e-01,9.485661011804153997e-01,9.457325191754090143e-01,8.930705717130219545e-01,8.914363038321255761e-01,9.663688368134164541e-01,9.663457050718324837e-01,9.229814177043140777e-01,9.507275618461145106e-01,9.770525778340168888e-01,9.354465370685900449e-01,9.433026893329740092e-01,9.442778684836685699e-01,9.703752540508173707e-01,9.640092828675074221e-01,9.850999203228257839e-01,9.187696321244630537e-01,8.750462832253655954e-01,9.649779483349490983e-01,9.421406959600749920e-01,9.625785594215587881e-01,9.444638540023713169e-01,9.036784005345052107e-01,9.241802423961370527e-01,9.233373050605725441e-01,1.000000000000000000e+00,9.850935810209909826e-01,9.313698400745283879e-01,9.388596569415660342e-01,8.818121890592447443e-01
9.388859459848863942e-01,9.243011429475408436e-01,9.379774837263850085e-01,9.667010798581641140e-01,9.487321771262208214e-01,9.836284814179293567e-01,9.072273702797588601e-01,9.529439861995818717e-01,9.323500713074447388e-01,9.822145221448285168e-01,9.477525228869416729e-01,9.466984061334532408e-01,8.940948496174266902e-01,8.929411449013104907e-01,9.661472959200553268e-01,9.652312920543791863e-01,9.208837533072520287e-01,9.495305604174079095e-01,9.758872995576024501e-01,9.366916235719355832e-01,9.462582911603899527e-01,9.470025552525818124e-01,9.696694630513911228e-01,9.642119590124375028e-01,9.847809008809760289e-01,9.173928824284078853e-01,8.765457342501674631e-01,9.646300002670512574e-01,9.430459812808855702e-01,9.625335706179747319e-01,9.472792605138747879e-01,9.036965683599640364e-01,9.215274503515749061e-01,9.254388973288401044e-01,9.850935810209909826e-01,1.000000000000000000e+00,9.325575418730754906e-01,9.402146251363305840e-01,8.852305761955039376e-01
9.799693874476065325e-01,9.734365284510276828e-01,9.801746072266235288e-01,9.455315526990417663e-01,9.601171068374375617e-01,9.306736769275232302e-01,8.728683910024406245e-01,8.974108508676380547e-01,9.824413821106525724e-01,9.317504666465368235e-01,8.929529923868747554e-01,9.718365489427436277e-01,8.543806470530008745e-01,8.573281464240509742e-01,9.458571356677610842e-01,9.078313085503592061e-01,8.708724859608476532e-01,8.930720461988943537e-01,9.195193823614898898e-01,9.832361082529779139e-01,9.606004563726210366e-01,9.626127325270675827e-01,9.154167880197565665e-01,9.493025018530374393e-01,9.323320331621414159e-01,8.696087259641871459e-01,8.430821900602880614e-01,9.447303781877315343e-01,9.760455736521782555e-01,9.493283514667685274e-01,9.627241757287303692e-01,8.672665629538370835e-01,8.718044964820194087e-01,9.628315331015844247e-01,9.313698400745283879e-01,9.325575418730754906e-01,1.000000000000000000e+00,9.770148501987199197e-01,8.780315822528153014e-01
9.849728020850408994e-01,9.653717735323856797e-01,9.840955791788880136e-01,9.544185321809078859e-01,9.670684883871366599e-01,9.372927835888084092e-01,8.840720939797177547e-01,9.076371376623462162e-01,9.723403317101380061e-01,9.405857110141855326e-01,9.052863671930587719e-01,9.810771377546753103e-01,8.665994628397521993e-01,8.686341001940224293e-01,9.539569933033527072e-01,9.175775583052684370e-01,8.844739405807932053e-01,9.050194900328967229e-01,9.279225373202979466e-01,9.821421235565775953e-01,9.671620417569904982e-01,9.690174776343545293e-01,9.255825828073701578e-01,9.582023068642346875e-01,9.403407870642461752e-01,8.834080309632611483e-01,8.556963446990216715e-01,9.534023720517170730e-01,9.849121516621682781e-01,9.596173226634361342e-01,9.698406633037793823e-01,8.791927179915678403e-01,8.851076299575536543e-01,9.563871664729644007e-01,9.388596569415660342e-01,9.402146251363305840e-01,9.770148501987199197e-01,1.000000000000000000e+00,8.851388874977389465e-01
8.869471594311528762e-01,8.856919534085664347e-01,8.847922055976832345e-01,8.897215252145130870e-01,8.922786451842472655e-01,8.859903903657818658e-01,9.043074881301568224e-01,8.925914597166445530e-01,8.838858519049602736e-01,8.821460820840401063e-01,8.938645470161699080e-01,8.885875676358336861e-01,9.153657078625239141e-01,9.156655481244410089e-01,8.907621588971564863e-01,8.858562749477411069e-01,8.861270897046509276e-01,8.941585961653037984e-01,8.819443089092211530e-01,8.806694433574973058e-01,8.926139087020404927e-01,8.924455313654447997e-01,8.836078930976205559e-01,8.872809051822864168e-01,8.831162250069047870e-01,8.863066566791641954e-01,9.127315991848476973e-01,8.866136429803124219e-01,8.883577916978003808e-01,8.949973509935043037e-01,8.934919813695737512e-01,9.125075744611806927e-01,8.848677337475447935e-01,8.791337750156013042e-01,8.818121890592447443e-01,8.852305761955039376e-01,8.780315822528153014e-01,8.851388874977389465e-01,1.000000000000000000e+00
