1.000000000000000000e+00,4.995335492357956819e-01,3.771761857405998564e-01,-6.724593034660510116e-02,2.540670341265503507e-01,1.197655704958867917e-01,-3.487226747891870871e-02,-3.951480381931429253e-01,3.922918304519862343e-01,5.610116736738095522e-01,-1.458264673769550657e-01,2.974441821778169293e-01,4.163500713356859534e-02,4.576837851930030676e-01,3.486095331174471346e-01,5.431952221312386087e-01,7.062965521240287259e-02,8.652175798551382802e-02,5.975757377322960667e-02,-3.545455516752596316e-03,2.318394886549716982e-01,1.910402877021313839e-01,1.816241809464225754e-01,1.456468264495546783e-01,5.763689029186650492e-01,1.845340749558010418e-01,-1.167233756158092377e-02,4.886371344954051343e-01,3.748527378072811223e-01,5.543581331697459147e-01,1.201924920267852664e-01,1.413222286312207920e-01,3.371907060957652913e-01,3.177727173333746435e-01,1.128942019793597873e-01,4.261800081677406538e-01,1.643828295787971294e-01,7.475412181903252629e-01,5.321734789258901754e-01
4.995335492357956819e-01,1.000000000000000000e+00,4.977319900739645697e-01,-1.011581005606459194e-01,1.814673217900747426e-01,-1.011629881562225303e-02,-2.811346303317036610e-01,-3.630176568971364426e-01,4.855450139667089049e-01,7.281343038472626317e-01,-9.528873024549966431e-02,2.423923418339514746e-01,-2.112836400875025000e-01,4.958501382753511266e-01,2.749969566111608033e-01,4.952960796843947078e-01,1.538935676083824922e-01,-6.597752655309052638e-02,8.476190571226824289e-02,6.505117988777786575e-02,4.677295380802769242e-03,-1.649487055657851697e-01,2.226258286127364705e-01,7.950776981953963651e-02,5.347243644880589342e-01,4.130125776655025893e-01,2.984956173180307037e-01,5.329525626901215202e-02,2.832332653939020894e-02,6.103551753398118729e-01,2.039438501152927297e-01,3.938732679661485214e-01,4.328127170154819243e-03,2.224473046903936435e-01,8.932091251408072474e-02,4.725078656487758377e-01,2.719266280907413624e-01,5.414230246261860779e-01,7.372311000888626120e-01
3.771761857405998564e-01,4.977319900739645697e-01,1.000000000000000000e+00,5.552529199739341531e-02,5.488469380251961294e-01,1.240365684760710435e-01,-2.987519668000714335e-01,-8.075667663761189052e-01,5.381804914872783119e-01,5.518938317611040700e-01,-1.607659540692671918e-01,2.061971758529158594e-01,-2.037266586127955137e-01,6.483960000540099911e-01,2.817318554283885224e-01,2.935567239298080278e-01,2.098728139898887318e-02,1.996054916389557732e-01,4.395848838500753808e-01,-1.063634589756525528e-01,-2.985696377515250147e-02,-1.949741534825713551e-01,3.061615455311024192e-01,1.434355939852502426e-01,5.699598173088549213e-01,6.326467013029933861e-01,5.915788060000458648e-01,3.664417736832073502e-01,1.654827831186582165e-01,6.334473123262815974e-01,4.084890299978852779e-01,2.810923135555279950e-01,1.124770872315178777e-01,3.881489252690342728e-01,1.610108009274149043e-01,5.014441138764393902e-01,2.950740310840222480e-01,3.635419463874585699e-01,4.600771906923973309e-01
-6.724593034660510116e-02,-1.011581005606459194e-01,5.552529199739341531e-02,1.000000000000000000e+00,3.559199208234390954e-01,1.336368840112686918e-01,5.876333036227334716e-01,-1.823472309532133406e-01,-1.216559002906348330e-01,-8.227228915456590019e-02,1.575100740159827151e-01,-5.080065558018189709e-01,2.005800642288181612e-01,2.744223915334093739e-02,-5.214795655942132679e-01,7.311632000731213554e-02,-1.929305292461780952e-01,6.991931124808907771e-01,5.772027494393234814e-01,-2.383031700463096314e-01,1.126078150352514406e-01,2.236595636044591273e-01,2.285482359896365018e-03,1.371711382102963894e-01,-8.164817364989722034e-03,-1.746705423480600927e-01,-1.368029793410646955e-01,2.871053724894044312e-01,1.030680669367332603e-01,1.035635808267291735e-01,8.893024491135145815e-02,4.324991339655072375e-02,8.852280295466267990e-02,2.228307793017200444e-01,8.987474479132299965e-02,-1.764221300413480742e-01,6.035181951393878315e-03,-3.360388958087969224e-01,-2.745560584018868489e-01
2.540670341265503507e-01,1.814673217900747426e-01,5.488469380251961294e-01,3.559199208234390954e-01,1.000000000000000000e+00,2.498001338550907835e-02,-9.918909404576212868e-03,-4.898879198323317641e-01,2.364678220697872535e-01,2.319542209956630963e-01,6.571166980545556369e-02,-3.763597055418837350e-02,-1.167229413617353745e-01,3.445290175475984595e-01,6.149473648507210871e-02,2.606906114195842172e-01,-6.581513666302464538e-02,4.526715378108881471e-01,6.291216930849342637e-01,-7.449496788021542359e-02,1.278379140156747917e-01,-9.241041441627437236e-02,7.148450894189063709e-02,3.194509796267467477e-02,3.350628177964850574e-01,2.005681936248401021e-01,2.158519143902716542e-01,3.540709907157915115e-01,5.955499360878811071e-02,2.558112014037564053e-01,1.330327053700380568e-01,1.051714638908292365e-02,5.306779642293082272e-02,6.694123395992278569e-01,-6.061242963570485920e-02,3.523353498977735421e-01,-5.476997660259665113e-02,1.111562385944575154e-01,1.649845896964622916e-01
1.197655704958867917e-01,-1.011629881562225303e-02,1.240365684760710435e-01,1.336368840112686918e-01,2.498001338550907835e-02,1.000000000000000000e+00,4.170969367112455362e-01,-4.671173355477833411e-01,-3.063151063906270899e-01,-1.476999549417636892e-01,3.476249110947545740e-01,-4.815518563700733612e-01,6.170449953042962399e-01,2.953860977572855817e-01,-4.999999683677246454e-01,-1.808194272088494425e-01,-4.428294712199071226e-01,1.358817110342744050e-01,-1.334938381156681730e-01,-4.143148796170039172e-01,4.933308492548707513e-01,6.731390453690304643e-01,7.914071045110594449e-01,7.881385270784762032e-01,4.639823851595050175e-01,9.876964179455615528e-04,-1.337065950251844215e-01,5.411225964643028297e-01,8.168975596536247608e-01,2.464954904576232009e-01,5.640095090446611836e-01,5.948013868843344820e-01,7.223360808734495819e-01,-3.482156681503281725e-01,7.895103551582822732e-01,-4.748246355885083481e-01,7.242708102927061242e-01,-8.757750812599297829e-02,-9.110975594652091780e-02
-3.487226747891870871e-02,-2.811346303317036610e-01,-2.987519668000714335e-01,5.876333036227334716e-01,-9.918909404576212868e-03,4.170969367112455362e-01,1.000000000000000000e+00,-2.281706356723451137e-02,-4.899735551330757222e-01,-3.519114279957307190e-01,3.394907953112593635e-01,-6.267207225191340214e-01,5.523660715391162102e-01,-1.842863486579283117e-01,-6.604317386355590402e-01,-1.158660878395424559e-01,-3.044967656235194609e-01,4.226181337508428393e-01,7.322546347325334382e-02,-3.167174417144168475e-01,3.719279811787528645e-01,6.323834778795086597e-01,2.054109940527060751e-01,4.333186784315010143e-01,5.685017720619334712e-03,-5.330920621460840669e-01,-5.510693251261298276e-01,3.464119563870562968e-01,4.256180146485490923e-01,-6.161735699649398094e-03,1.221091523884655222e-01,1.743369266151507946e-01,4.143825681354317281e-01,-1.605675009042014101e-01,3.483228463818615062e-01,-5.459205693453195174e-01,2.170781756867208034e-01,-3.126498030943231088e-01,-3.780155469294935733e-01
-3.951480381931429253e-01,-3.630176568971364426e-01,-8.075667663761189052e-01,-1.823472309532133406e-01,-4.898879198323317641e-01,-4.671173355477833411e-01,-2.281706356723451137e-02,1.000000000000000000e+00,-3.147557097601377252e-01,-3.968497323949667366e-01,1.778796562193598468e-02,6.279510648497563241e-02,-1.346359682199982089e-01,-6.399373605797296083e-01,2.237163305357197859e-02,-2.420091775267138312e-01,2.219286023471511715e-01,-3.303154695464698420e-01,-3.593748516324218323e-01,3.699514884678621329e-01,-2.298811017344142005e-01,-1.926174617306991577e-01,-5.526948412069936367e-01,-4.875811388480904007e-01,-6.655658929681227409e-01,-4.304309240546798088e-01,-3.497542945983606044e-01,-6.162991154534447347e-01,-5.172526847570798614e-01,-6.846287389490175457e-01,-5.749596289732838983e-01,-4.239804814042138492e-01,-4.296752885889331131e-01,-2.168563300868171229e-01,-4.835956496672182414e-01,-1.982054744469863572e-01,-5.373312398044074456e-01,-2.741707785747968251e-01,-3.339488754763269007e-01
3.922918304519862343e-01,4.855450139667089049e-01,5.381804914872783119e-01,-1.216559002906348330e-01,2.364678220697872535e-01,-3.063151063906270899e-01,-4.899735551330757222e-01,-3.147557097601377252e-01,1.000000000000000000e+00,6.562248254434188688e-01,-3.778454338681331848e-01,6.094973500615611384e-01,-3.760374875617673029e-01,4.175620715418336681e-01,6.421518133689448904e-01,4.878527649242934139e-01,2.060943908723013307e-01,1.197988722064777245e-01,3.999733347108190284e-01,8.390712157067237165e-02,-2.132223173800555927e-01,-3.401560199056519740e-01,-8.882237138492012074e-02,-2.544111696748618812e-01,2.741278318192583718e-01,5.654622676868490405e-01,5.469411056373345570e-01,1.012089344997427476e-01,-2.208947593053026404e-01,4.993878950415474582e-01,5.486843368851004182e-02,-5.722311235244572497e-02,-1.782488382713028063e-01,5.216857182153303851e-01,-2.017503307685274694e-01,7.328364592766425378e-01,-6.904094873023526591e-02,5.446496004347076703e-01,5.985809539219124620e-01
5.610116736738095522e-01,7.281343038472626317e-01,5.518938317611040700e-01,-8.227228915456590019e-02,2.319542209956630963e-01,-1.476999549417636892e-01,-3.519114279957307190e-01,-3.968497323949667366e-01,6.562248254434188688e-01,1.000000000000000000e+00,-3.409232481882264465e-01,4.142407445054826498e-01,-2.343757753963307267e-01,5.409152217689976450e-01,4.509065656974292624e-01,7.085691031128110717e-01,1.843254045904775817e-01,-3.114193918724259338e-03,2.061737832967566741e-01,9.329846927754582853e-02,-3.123424851484212991e-02,-2.221562886940366133e-01,1.044445778148172660e-01,-2.472469030022665312e-02,5.294593572651015156e-01,4.133786654382685111e-01,3.348618682018508763e-01,1.329947603929877153e-01,-5.571244143794849141e-02,6.491227131863763766e-01,8.226588754170348350e-02,1.630739040457874212e-01,-2.633941579398905303e-02,3.913132327344618910e-01,-3.662916293542670641e-03,6.457056115781224515e-01,1.254200949687437616e-01,6.199336842191870423e-01,6.663125314515588871e-01
-1.458264673769550657e-01,-9.528873024549966431e-02,-1.607659540692671918e-01,1.575100740159827151e-01,6.571166980545556369e-02,3.476249110947545740e-01,3.394907953112593635e-01,1.778796562193598468e-02,-3.778454338681331848e-01,-3.409232481882264465e-01,1.000000000000000000e+00,-3.818992236436721810e-01,4.026394659568375278e-01,-1.329115092710360935e-01,-3.336196498943399535e-01,-1.946656238472202205e-01,8.352620697939036609e-02,8.588322213268935468e-02,-2.037430047830347812e-02,-6.210583181568420444e-03,3.916984252826399837e-01,3.243323293437636590e-01,1.647929988672234281e-01,1.909235300670308610e-01,3.715921935056248904e-02,-2.584208771449937880e-01,-2.487253847146809471e-01,1.232756479098189445e-01,2.605878519091108791e-01,-1.536097907818303465e-01,4.310508813098913594e-02,3.765057492591120658e-01,2.960940424172811558e-01,-1.052609528815954265e-01,1.075423153427368245e-01,-3.424628785881695947e-01,6.425107878627012159e-02,-2.290592681967331956e-01,-1.420102636960340892e-01
2.974441821778169293e-01,2.423923418339514746e-01,2.061971758529158594e-01,-5.080065558018189709e-01,-3.763597055418837350e-02,-4.815518563700733612e-01,-6.267207225191340214e-01,6.279510648497563241e-02,6.094973500615611384e-01,4.142407445054826498e-01,-3.818992236436721810e-01,1.000000000000000000e+00,-3.840068165159797875e-01,2.030962564948293192e-01,8.384922024989335254e-01,2.933795066674996788e-01,3.091691567867884127e-01,-2.221156502082702877e-01,1.974484350597074597e-02,3.169641211123461200e-01,-1.963110151212128507e-01,-3.862118364195468723e-01,-3.278644656102076005e-01,-4.287157344308563656e-01,5.866716939886637561e-02,3.116581799954643572e-01,3.081323926537206659e-01,-1.321710095690654951e-01,-3.413765416216946735e-01,5.770609902748682907e-02,-2.139654171721323828e-01,-2.414913426216477033e-01,-2.140006381334777774e-01,3.375500028390778229e-01,-3.914525723170427240e-01,6.641256294008753835e-01,-2.967437031704432959e-01,5.446500406467484900e-01,5.182605826546917704e-01
4.163500713356859534e-02,-2.112836400875025000e-01,-2.037266586127955137e-01,2.005800642288181612e-01,-1.167229413617353745e-01,6.170449953042962399e-01,5.523660715391162102e-01,-1.346359682199982089e-01,-3.760374875617673029e-01,-2.343757753963307267e-01,4.026394659568375278e-01,-3.840068165159797875e-01,1.000000000000000000e+00,1.320202468749849360e-02,-4.486924861463610914e-01,-6.889571423099824510e-02,-2.801638625035407504e-01,2.025824123596856596e-01,-1.485415790807421976e-01,-1.880242284860804691e-01,5.601766817956923550e-01,7.026239351939108646e-01,3.934151525475894084e-01,5.083663691997787337e-01,2.356049642923602749e-01,-3.865013675091750200e-01,-4.654334161825543492e-01,4.333645373355060060e-01,5.738655471183169432e-01,3.159709369808771928e-02,1.058010882968756783e-01,3.693580577624880901e-01,5.989044879781045827e-01,-2.266750914348983070e-01,4.787124298198195960e-01,-4.708501510857682759e-01,3.432098386776354926e-01,-1.706280724589260833e-01,-1.935919457487879636e-01
4.576837851930030676e-01,4.958501382753511266e-01,6.483960000540099911e-01,2.744223915334093739e-02,3.445290175475984595e-01,2.953860977572855817e-01,-1.842863486579283117e-01,-6.399373605797296083e-01,4.175620715418336681e-01,5.409152217689976450e-01,-1.329115092710360935e-01,2.030962564948293192e-01,1.320202468749849360e-02,1.000000000000000000e+00,1.930053077070444933e-01,3.197019073136354028e-01,-6.383194310746199973e-02,1.011387851467454302e-01,2.256185095537167895e-01,-2.032437847461244507e-01,1.495952050359125041e-01,1.004288001466900095e-02,4.283367524700312789e-01,3.515225509605066634e-01,6.425978099083502482e-01,4.894688815383059222e-01,3.750139124875571106e-01,4.234316246420980479e-01,3.368540460205769471e-01,5.586787990444749274e-01,4.654501899017523536e-01,4.069653581859090652e-01,3.128463549034459779e-01,2.139547412014772831e-01,3.750234250592321961e-01,3.672494516972626966e-01,4.418791716729769115e-01,4.004494983602521763e-01,4.755601703071483666e-01
3.486095331174471346e-01,2.749969566111608033e-01,2.817318554283885224e-01,-5.214795655942132679e-01,6.149473648507210871e-02,-4.999999683677246454e-01,-6.604317386355590402e-01,2.237163305357197859e-02,6.421518133689448904e-01,4.509065656974292624e-01,-3.336196498943399535e-01,8.384922024989335254e-01,-4.486924861463610914e-01,1.930053077070444933e-01,1.000000000000000000e+00,3.131696298983490112e-01,3.895280511336998153e-01,-2.331803335104955244e-01,7.061865827603741597e-02,3.674135238939140735e-01,-2.290259564683202465e-01,-4.583622133636838791e-01,-3.324899886155405770e-01,-5.091627993277338948e-01,6.196607845623255256e-02,4.013607639647869818e-01,3.618674972501372267e-01,-1.204111322017819286e-01,-3.548349308202231600e-01,1.027795263575001505e-01,-2.110057291969368864e-01,-2.676329191304857580e-01,-2.846054268529693010e-01,4.425115392155120619e-01,-4.555259441043527091e-01,7.261493545921563486e-01,-3.455057272012537206e-01,6.057545854562693677e-01,4.963879829585983172e-01
5.431952221312386087e-01,4.952960796843947078e-01,2.935567239298080278e-01,7.311632000731213554e-02,2.606906114195842172e-01,-1.808194272088494425e-01,-1.158660878395424559e-01,-2.420091775267138312e-01,4.878527649242934139e-01,7.085691031128110717e-01,-1.946656238472202205e-01,2.933795066674996788e-01,-6.889571423099824510e-02,3.197019073136354028e-01,3.131696298983490112e-01,1.000000000000000000e+00,1.460007859649527506e-01,1.835144442102009388e-01,2.226234365753403110e-01,-4.026401224468063172e-02,2.006049583925754720e-01,3.450354253876359429e-05,-7.361180941198461336e-02,-5.198884244084740064e-02,3.418178854338626560e-01,3.677481664675280593e-02,-2.157330841304148927e-02,2.603933245403511343e-01,-1.980693773985525014e-02,5.258988318254873562e-01,1.878324993750715363e-02,-2.959680602569335697e-02,7.984016786182193681e-02,4.656956241862917900e-01,-7.066238795282044072e-02,5.067229588527378814e-01,-5.033613690215037878e-02,5.332432871563315135e-01,4.793560166614306284e-01
7.062965521240287259e-02,1.538935676083824922e-01,2.098728139898887318e-02,-1.929305292461780952e-01,-6.581513666302464538e-02,-4.428294712199071226e-01,-3.044967656235194609e-01,2.219286023471511715e-01,2.060943908723013307e-01,1.843254045904775817e-01,8.352620697939036609e-02,3.091691567867884127e-01,-2.801638625035407504e-01,-6.383194310746199973e-02,3.895280511336998153e-01,1.460007859649527506e-01,1.000000000000000000e+00,-2.905344328734389414e-01,-3.597612143891735365e-02,3.839366187586771284e-01,-1.310976613732952045e-01,-4.022177286067407098e-01,-4.240877997763399798e-01,-5.602331804398000825e-01,-1.648044001822641935e-01,3.398394560754833260e-02,1.980883204467131023e-02,-3.124907009859115847e-01,-4.260287752470505729e-01,-1.004607941641365854e-01,-3.460003866577820997e-01,-2.320257586994052545e-01,-3.584204629333652137e-01,1.962599598262223244e-01,-5.524499511410142505e-01,3.834273651108289771e-01,-4.880075130077062839e-01,1.906373854505754861e-01,1.294435079029755409e-01
8.652175798551382802e-02,-6.597752655309052638e-02,1.996054916389557732e-01,6.991931124808907771e-01,4.526715378108881471e-01,1.358817110342744050e-01,4.226181337508428393e-01,-3.303154695464698420e-01,1.197988722064777245e-01,-3.114193918724259338e-03,8.588322213268935468e-02,-2.221156502082702877e-01,2.025824123596856596e-01,1.011387851467454302e-01,-2.331803335104955244e-01,1.835144442102009388e-01,-2.905344328734389414e-01,1.000000000000000000e+00,7.068135143925273756e-01,-3.103479726925840732e-01,2.604098479300604452e-01,2.935862419380305122e-01,3.205965452851421149e-02,1.629021683543623866e-01,8.494107863566180416e-02,-6.708646197799260358e-02,-6.268280205331143440e-02,4.450484855761752678e-01,1.742539181658495362e-01,2.147892599620824516e-01,1.325694307789735682e-01,9.955240541084953501e-03,1.944032482160714392e-01,3.791324559804081229e-01,1.215282088766492102e-01,8.357200487857124882e-03,3.535632615838001785e-02,-1.729061803153791044e-01,-8.233692733085186399e-02
5.975757377322960667e-02,8.476190571226824289e-02,4.395848838500753808e-01,5.772027494393234814e-01,6.291216930849342637e-01,-1.334938381156681730e-01,7.322546347325334382e-02,-3.593748516324218323e-01,3.999733347108190284e-01,2.061737832967566741e-01,-2.037430047830347812e-02,1.974484350597074597e-02,-1.485415790807421976e-01,2.256185095537167895e-01,7.061865827603741597e-02,2.226234365753403110e-01,-3.597612143891735365e-02,7.068135143925273756e-01,1.000000000000000000e+00,-1.109435143878557545e-01,-3.972690111334708368e-02,-1.297838731602286855e-01,-1.098955355850717991e-01,-1.215726614593219956e-01,7.121455616764980900e-02,2.280152405792100212e-01,3.037325589422501526e-01,2.460017872234225578e-01,-1.198036591948978963e-01,2.419758862343340533e-01,9.382631913435450499e-02,-6.353217501845777326e-02,-9.969017580548565627e-02,6.325457799878528853e-01,-1.538666080646523826e-01,3.444808796182095012e-01,-1.528419489371398710e-01,-7.193741411322511492e-02,5.497425646486994721e-02
-3.545455516752596316e-03,6.505117988777786575e-02,-1.063634589756525528e-01,-2.383031700463096314e-01,-7.449496788021542359e-02,-4.143148796170039172e-01,-3.167174417144168475e-01,3.699514884678621329e-01,8.390712157067237165e-02,9.329846927754582853e-02,-6.210583181568420444e-03,3.169641211123461200e-01,-1.880242284860804691e-01,-2.032437847461244507e-01,3.674135238939140735e-01,-4.026401224468063172e-02,3.839366187586771284e-01,-3.103479726925840732e-01,-1.109435143878557545e-01,1.000000000000000000e+00,-1.844376292780100512e-01,-3.561394258291760151e-01,-3.900050844641610448e-01,-5.214236307979176477e-01,-1.882612873438324341e-01,3.965014741774407214e-02,1.143541703270298943e-01,-4.064467321013587875e-01,-4.549569154149331052e-01,-2.339833640461048414e-01,-4.687199518002994614e-01,-1.025001823383146216e-01,-3.082540649254758569e-01,1.202659109765454731e-01,-4.839295112504342633e-01,2.545710146644596938e-01,-3.885300840386559651e-01,6.269001156800371732e-02,7.417612585646972401e-02
2.318394886549716982e-01,4.677295380802769242e-03,-2.985696377515250147e-02,1.126078150352514406e-01,1.278379140156747917e-01,4.933308492548707513e-01,3.719279811787528645e-01,-2.298811017344142005e-01,-2.132223173800555927e-01,-3.123424851484212991e-02,3.916984252826399837e-01,-1.963110151212128507e-01,5.601766817956923550e-01,1.495952050359125041e-01,-2.290259564683202465e-01,2.006049583925754720e-01,-1.310976613732952045e-01,2.604098479300604452e-01,-3.972690111334708368e-02,-1.844376292780100512e-01,1.000000000000000000e+00,5.900771391228162299e-01,3.346155770502993176e-01,4.371990979064796501e-01,3.445763160820854987e-01,-3.606116384594613700e-01,-4.405104442344127125e-01,4.798474322769243350e-01,5.448319676435575687e-01,1.068212914001239466e-01,1.808072074063978296e-01,2.725948155550522722e-01,6.312157565992350117e-01,7.614145833699532268e-04,3.602606014360681952e-01,-2.283269536755596352e-01,2.508855744560115064e-01,5.831663852591359443e-02,6.808380475209510618e-02
1.910402877021313839e-01,-1.649487055657851697e-01,-1.949741534825713551e-01,2.236595636044591273e-01,-9.241041441627437236e-02,6.731390453690304643e-01,6.323834778795086597e-01,-1.926174617306991577e-01,-3.401560199056519740e-01,-2.221562886940366133e-01,3.243323293437636590e-01,-3.862118364195468723e-01,7.026239351939108646e-01,1.004288001466900095e-02,-4.583622133636838791e-01,3.450354253876359429e-05,-4.022177286067407098e-01,2.935862419380305122e-01,-1.297838731602286855e-01,-3.561394258291760151e-01,5.900771391228162299e-01,1.000000000000000000e+00,4.471541157948824008e-01,6.205425359038769795e-01,2.358495024270058082e-01,-3.735697924955436733e-01,-4.849905226546061265e-01,5.952809026160218453e-01,7.008381080761877380e-01,1.507358100001966739e-01,3.073932192084068427e-01,3.512885267996243011e-01,7.413743352346437998e-01,-2.295261702749461508e-01,5.882095252822403531e-01,-4.838225696839186241e-01,4.478056251960085277e-01,-2.057110307960199891e-02,-1.341728078964238013e-01
1.816241809464225754e-01,2.226258286127364705e-01,3.061615455311024192e-01,2.285482359896365018e-03,7.148450894189063709e-02,7.914071045110594449e-01,2.054109940527060751e-01,-5.526948412069936367e-01,-8.882237138492012074e-02,1.044445778148172660e-01,1.647929988672234281e-01,-3.278644656102076005e-01,3.934151525475894084e-01,4.283367524700312789e-01,-3.324899886155405770e-01,-7.361180941198461336e-02,-4.240877997763399798e-01,3.205965452851421149e-02,-1.098955355850717991e-01,-3.900050844641610448e-01,3.346155770502993176e-01,4.471541157948824008e-01,1.000000000000000000e+00,8.041118432627734069e-01,6.072075105989913624e-01,2.153200263022495009e-01,7.870724020669940535e-02,4.112554299029136939e-01,7.127305490641480112e-01,3.837241208940212478e-01,5.680998777074460770e-01,6.350829309698783343e-01,5.795101049648012648e-01,-2.840986644479392975e-01,7.787966577641338706e-01,-2.756571865056199333e-01,7.904487694305875056e-01,4.429417104522342247e-02,1.014277986349730598e-01
1.456468264495546783e-01,7.950776981953963651e-02,1.434355939852502426e-01,1.371711382102963894e-01,3.194509796267467477e-02,7.881385270784762032e-01,4.333186784315010143e-01,-4.875811388480904007e-01,-2.544111696748618812e-01,-2.472469030022665312e-02,1.909235300670308610e-01,-4.287157344308563656e-01,5.083663691997787337e-01,3.515225509605066634e-01,-5.091627993277338948e-01,-5.198884244084740064e-02,-5.602331804398000825e-01,1.629021683543623866e-01,-1.215726614593219956e-01,-5.214236307979176477e-01,4.371990979064796501e-01,6.205425359038769795e-01,8.041118432627734069e-01,1.000000000000000000e+00,5.301305451124317392e-01,-5.017025331188717380e-02,-1.286111285199937337e-01,4.967403530117581734e-01,7.670058263358083828e-01,3.529424702834589866e-01,5.630965731418605680e-01,6.060053597289923877e-01,6.924815519860715307e-01,-3.486936520459967270e-01,8.538679559591201285e-01,-4.481202531732190186e-01,8.036704964509941984e-01,-6.027470334637549665e-02,9.440174633763395023e-03
5.763689029186650492e-01,5.347243644880589342e-01,5.699598173088549213e-01,-8.164817364989722034e-03,3.350628177964850574e-01,4.639823851595050175e-01,5.685017720619334712e-03,-6.655658929681227409e-01,2.741278318192583718e-01,5.294593572651015156e-01,3.715921935056248904e-02,5.866716939886637561e-02,2.356049642923602749e-01,6.425978099083502482e-01,6.196607845623255256e-02,3.418178854338626560e-01,-1.648044001822641935e-01,8.494107863566180416e-02,7.121455616764980900e-02,-1.882612873438324341e-01,3.445763160820854987e-01,2.358495024270058082e-01,6.072075105989913624e-01,5.301305451124317392e-01,1.000000000000000000e+00,2.908329931114030931e-01,1.227329726230285550e-01,4.782518197169962071e-01,5.424448792803038266e-01,6.013549178272964424e-01,4.111754772553981585e-01,5.021970686601374689e-01,4.799933177736514511e-01,1.733666205695094109e-01,4.793534099461641551e-01,2.322563528604422445e-01,5.282366814628954854e-01,4.795697609957733087e-01,5.423418367776301485e-01
1.845340749558010418e-01,4.130125776655025893e-01,6.326467013029933861e-01,-1.746705423480600927e-01,2.005681936248401021e-01,9.876964179455615528e-04,-5.330920621460840669e-01,-4.304309240546798088e-01,5.654622676868490405e-01,4.133786654382685111e-01,-2.584208771449937880e-01,3.116581799954643572e-01,-3.865013675091750200e-01,4.894688815383059222e-01,4.013607639647869818e-01,3.677481664675280593e-02,3.398394560754833260e-02,-6.708646197799260358e-02,2.280152405792100212e-01,3.965014741774407214e-02,-3.606116384594613700e-01,-3.735697924955436733e-01,2.153200263022495009e-01,-5.017025331188717380e-02,2.908329931114030931e-01,1.000000000000000000e+00,8.158134197809991939e-01,3.398622631320335347e-02,-3.515925784804480730e-02,3.884772099515700350e-01,2.865446879476647446e-01,2.039095688776346449e-01,-1.327847746796133044e-01,1.409832732285634105e-01,7.036274578249812617e-02,4.701803282841531817e-01,2.436048770807824060e-01,3.039177938434993176e-01,3.388822005889284283e-01
-1.167233756158092377e-02,2.984956173180307037e-01,5.915788060000458648e-01,-1.368029793410646955e-01,2.158519143902716542e-01,-1.337065950251844215e-01,-5.510693251261298276e-01,-3.497542945983606044e-01,5.469411056373345570e-01,3.348618682018508763e-01,-2.487253847146809471e-01,3.081323926537206659e-01,-4.654334161825543492e-01,3.750139124875571106e-01,3.618674972501372267e-01,-2.157330841304148927e-02,1.980883204467131023e-02,-6.268280205331143440e-02,3.037325589422501526e-01,1.143541703270298943e-01,-4.405104442344127125e-01,-4.849905226546061265e-01,7.870724020669940535e-02,-1.286111285199937337e-01,1.227329726230285550e-01,8.158134197809991939e-01,1.000000000000000000e+00,-8.501963574995163864e-02,-2.051062701439272939e-01,2.893481455337710284e-01,1.928775199387330053e-01,1.395936291171417931e-01,-2.343132355037758352e-01,1.405761459312668271e-01,-3.926004555434801924e-02,4.312625739375569034e-01,1.483149649994376096e-01,1.273088067776581289e-01,2.625564993913499512e-01
4.886371344954051343e-01,5.329525626901215202e-02,3.664417736832073502e-01,2.871053724894044312e-01,3.540709907157915115e-01,5.411225964643028297e-01,3.464119563870562968e-01,-6.162991154534447347e-01,1.012089344997427476e-01,1.329947603929877153e-01,1.232756479098189445e-01,-1.321710095690654951e-01,4.333645373355060060e-01,4.234316246420980479e-01,-1.204111322017819286e-01,2.603933245403511343e-01,-3.124907009859115847e-01,4.450484855761752678e-01,2.460017872234225578e-01,-4.064467321013587875e-01,4.798474322769243350e-01,5.952809026160218453e-01,4.112554299029136939e-01,4.967403530117581734e-01,4.782518197169962071e-01,3.398622631320335347e-02,-8.501963574995163864e-02,1.000000000000000000e+00,6.650556567438402622e-01,4.606384842285330405e-01,4.453836335912810251e-01,2.981890767241925921e-01,6.648781159645741345e-01,1.955251722026536132e-01,4.825105501480488335e-01,-2.268543731801968277e-02,4.116063747612220824e-01,2.960454592810431995e-01,1.381740561572568082e-01
3.748527378072811223e-01,2.832332653939020894e-02,1.654827831186582165e-01,1.030680669367332603e-01,5.955499360878811071e-02,8.168975596536247608e-01,4.256180146485490923e-01,-5.172526847570798614e-01,-2.208947593053026404e-01,-5.571244143794849141e-02,2.605878519091108791e-01,-3.413765416216946735e-01,5.738655471183169432e-01,3.368540460205769471e-01,-3.548349308202231600e-01,-1.980693773985525014e-02,-4.260287752470505729e-01,1.742539181658495362e-01,-1.198036591948978963e-01,-4.549569154149331052e-01,5.448319676435575687e-01,7.008381080761877380e-01,7.127305490641480112e-01,7.670058263358083828e-01,5.424448792803038266e-01,-3.515925784804480730e-02,-2.051062701439272939e-01,6.650556567438402622e-01,1.000000000000000000e+00,3.416021448294989105e-01,4.976659500835941552e-01,5.020580657560465010e-01,7.885160294034059270e-01,-2.363399725613821722e-01,7.456778460213225879e-01,-3.637100415884713112e-01,6.745334059840772944e-01,1.490693359232518889e-01,2.081582117874704665e-02
5.543581331697459147e-01,6.103551753398118729e-01,6.334473123262815974e-01,1.035635808267291735e-01,2.558112014037564053e-01,2.464954904576232009e-01,-6.161735699649398094e-03,-6.846287389490175457e-01,4.993878950415474582e-01,6.491227131863763766e-01,-1.536097907818303465e-01,5.770609902748682907e-02,3.159709369808771928e-02,5.586787990444749274e-01,1.027795263575001505e-01,5.258988318254873562e-01,-1.004607941641365854e-01,2.147892599620824516e-01,2.419758862343340533e-01,-2.339833640461048414e-01,1.068212914001239466e-01,1.507358100001966739e-01,3.837241208940212478e-01,3.529424702834589866e-01,6.013549178272964424e-01,3.884772099515700350e-01,2.893481455337710284e-01,4.606384842285330405e-01,3.416021448294989105e-01,1.000000000000000000e+00,4.513479846774752779e-01,4.067227474096739570e-01,3.028820713370077300e-01,1.962043213888997328e-01,3.783268287634229954e-01,3.143434907748877127e-01,4.879707998752780274e-01,4.843223655561952334e-01,5.530661982124458476e-01
1.201924920267852664e-01,2.039438501152927297e-01,4.084890299978852779e-01,8.893024491135145815e-02,1.330327053700380568e-01,5.640095090446611836e-01,1.221091523884655222e-01,-5.749596289732838983e-01,5.486843368851004182e-02,8.226588754170348350e-02,4.310508813098913594e-02,-2.139654171721323828e-01,1.058010882968756783e-01,4.654501899017523536e-01,-2.110057291969368864e-01,1.878324993750715363e-02,-3.460003866577820997e-01,1.325694307789735682e-01,9.382631913435450499e-02,-4.687199518002994614e-01,1.808072074063978296e-01,3.073932192084068427e-01,5.680998777074460770e-01,5.630965731418605680e-01,4.111754772553981585e-01,2.865446879476647446e-01,1.928775199387330053e-01,4.453836335912810251e-01,4.976659500835941552e-01,4.513479846774752779e-01,1.000000000000000000e+00,4.602135672147606993e-01,4.464504422078298118e-01,-1.361775550003775648e-01,6.169377014167645168e-01,-1.256071687592274777e-01,6.221628940755694614e-01,6.228388763399409639e-02,1.535158372891871348e-01
1.413222286312207920e-01,3.938732679661485214e-01,2.810923135555279950e-01,4.324991339655072375e-02,1.051714638908292365e-02,5.948013868843344820e-01,1.743369266151507946e-01,-4.239804814042138492e-01,-5.722311235244572497e-02,1.630739040457874212e-01,3.765057492591120658e-01,-2.414913426216477033e-01,3.693580577624880901e-01,4.069653581859090652e-01,-2.676329191304857580e-01,-2.959680602569335697e-02,-2.320257586994052545e-01,9.955240541084953501e-03,-6.353217501845777326e-02,-1.025001823383146216e-01,2.725948155550522722e-01,3.512885267996243011e-01,6.350829309698783343e-01,6.060053597289923877e-01,5.021970686601374689e-01,2.039095688776346449e-01,1.395936291171417931e-01,2.981890767241925921e-01,5.020580657560465010e-01,4.067227474096739570e-01,4.602135672147606993e-01,1.000000000000000000e+00,5.555276751169262450e-01,-2.692342965161013679e-01,6.227256928588619234e-01,-2.176566569189486988e-01,7.190534821686530575e-01,5.318580518499435583e-02,2.566959087539918416e-01
3.371907060957652913e-01,4.328127170154819243e-03,1.124770872315178777e-01,8.852280295466267990e-02,5.306779642293082272e-02,7.223360808734495819e-01,4.143825681354317281e-01,-4.296752885889331131e-01,-1.782488382713028063e-01,-2.633941579398905303e-02,2.960940424172811558e-01,-2.140006381334777774e-01,5.989044879781045827e-01,3.128463549034459779e-01,-2.846054268529693010e-01,7.984016786182193681e-02,-3.584204629333652137e-01,1.944032482160714392e-01,-9.969017580548565627e-02,-3.082540649254758569e-01,6.312157565992350117e-01,7.413743352346437998e-01,5.795101049648012648e-01,6.924815519860715307e-01,4.799933177736514511e-01,-1.327847746796133044e-01,-2.343132355037758352e-01,6.648781159645741345e-01,7.885160294034059270e-01,3.028820713370077300e-01,4.464504422078298118e-01,5.555276751169262450e-01,1.000000000000000000e+00,-1.964689878915193977e-01,6.641305186097685720e-01,-3.251129250191610587e-01,5.950272417735142927e-01,1.319455506448043713e-01,5.373644765344473551e-02
3.177727173333746435e-01,2.224473046903936435e-01,3.881489252690342728e-01,2.228307793017200444e-01,6.694123395992278569e-01,-3.482156681503281725e-01,-1.605675009042014101e-01,-2.168563300868171229e-01,5.216857182153303851e-01,3.913132327344618910e-01,-1.052609528815954265e-01,3.375500028390778229e-01,-2.266750914348983070e-01,2.139547412014772831e-01,4.425115392155120619e-01,4.656956241862917900e-01,1.962599598262223244e-01,3.791324559804081229e-01,6.325457799878528853e-01,1.202659109765454731e-01,7.614145833699532268e-04,-2.295261702749461508e-01,-2.840986644479392975e-01,-3.486936520459967270e-01,1.733666205695094109e-01,1.409832732285634105e-01,1.405761459312668271e-01,1.955251722026536132e-01,-2.363399725613821722e-01,1.962043213888997328e-01,-1.361775550003775648e-01,-2.692342965161013679e-01,-1.964689878915193977e-01,1.000000000000000000e+00,-3.863524818332483290e-01,6.130800465042440806e-01,-3.880113256535545618e-01,3.231674770122945350e-01,3.203306674369040263e-01
1.128942019793597873e-01,8.932091251408072474e-02,1.610108009274149043e-01,8.987474479132299965e-02,-6.061242963570485920e-02,7.895103551582822732e-01,3.483228463818615062e-01,-4.835956496672182414e-01,-2.017503307685274694e-01,-3.662916293542670641e-03,1.075423153427368245e-01,-3.914525723170427240e-01,4.787124298198195960e-01,3.750234250592321961e-01,-4.555259441043527091e-01,-7.066238795282044072e-02,-5.524499511410142505e-01,1.215282088766492102e-01,-1.538666080646523826e-01,-4.839295112504342633e-01,3.602606014360681952e-01,5.882095252822403531e-01,7.787966577641338706e-01,8.538679559591201285e-01,4.793534099461641551e-01,7.036274578249812617e-02,-3.926004555434801924e-02,4.825105501480488335e-01,7.456778460213225879e-01,3.783268287634229954e-01,6.169377014167645168e-01,6.227256928588619234e-01,6.641305186097685720e-01,-3.863524818332483290e-01,1.000000000000000000e+00,-4.367972808247597705e-01,8.622993949205488562e-01,-4.627809531184068348e-02,1.404105482563928510e-02
4.261800081677406538e-01,4.725078656487758377e-01,5.014441138764393902e-01,-1.764221300413480742e-01,3.523353498977735421e-01,-4.748246355885083481e-01,-5.459205693453195174e-01,-1.982054744469863572e-01,7.328364592766425378e-01,6.457056115781224515e-01,-3.424628785881695947e-01,6.641256294008753835e-01,-4.708501510857682759e-01,3.672494516972626966e-01,7.261493545921563486e-01,5.067229588527378814e-01,3.834273651108289771e-01,8.357200487857124882e-03,3.444808796182095012e-01,2.545710146644596938e-01,-2.283269536755596352e-01,-4.838225696839186241e-01,-2.756571865056199333e-01,-4.481202531732190186e-01,2.322563528604422445e-01,4.701803282841531817e-01,4.312625739375569034e-01,-2.268543731801968277e-02,-3.637100415884713112e-01,3.143434907748877127e-01,-1.256071687592274777e-01,-2.176566569189486988e-01,-3.251129250191610587e-01,6.130800465042440806e-01,-4.367972808247597705e-01,1.000000000000000000e+00,-3.172652960339004680e-01,5.793921738308827063e-01,5.541111387894099849e-01
1.643828295787971294e-01,2.719266280907413624e-01,2.950740310840222480e-01,6.035181951393878315e-03,-5.476997660259665113e-02,7.242708102927061242e-01,2.170781756867208034e-01,-5.373312398044074456e-01,-6.904094873023526591e-02,1.254200949687437616e-01,6.425107878627012159e-02,-2.967437031704432959e-01,3.432098386776354926e-01,4.418791716729769115e-01,-3.455057272012537206e-01,-5.033613690215037878e-02,-4.880075130077062839e-01,3.535632615838001785e-02,-1.528419489371398710e-01,-3.885300840386559651e-01,2.508855744560115064e-01,4.478056251960085277e-01,7.904487694305875056e-01,8.036704964509941984e-01,5.282366814628954854e-01,2.436048770807824060e-01,1.483149649994376096e-01,4.116063747612220824e-01,6.745334059840772944e-01,4.879707998752780274e-01,6.221628940755694614e-01,7.190534821686530575e-01,5.950272417735142927e-01,-3.880113256535545618e-01,8.622993949205488562e-01,-3.172652960339004680e-01,1.000000000000000000e+00,5.155298755884264034e-02,1.637756442551026315e-01
7.475412181903252629e-01,5.414230246261860779e-01,3.635419463874585699e-01,-3.360388958087969224e-01,1.111562385944575154e-01,-8.757750812599297829e-02,-3.126498030943231088e-01,-2.741707785747968251e-01,5.446496004347076703e-01,6.199336842191870423e-01,-2.290592681967331956e-01,5.446500406467484900e-01,-1.706280724589260833e-01,4.004494983602521763e-01,6.057545854562693677e-01,5.332432871563315135e-01,1.906373854505754861e-01,-1.729061803153791044e-01,-7.193741411322511492e-02,6.269001156800371732e-02,5.831663852591359443e-02,-2.057110307960199891e-02,4.429417104522342247e-02,-6.027470334637549665e-02,4.795697609957733087e-01,3.039177938434993176e-01,1.273088067776581289e-01,2.960454592810431995e-01,1.490693359232518889e-01,4.843223655561952334e-01,6.228388763399409639e-02,5.318580518499435583e-02,1.319455506448043713e-01,3.231674770122945350e-01,-4.627809531184068348e-02,5.793921738308827063e-01,5.155298755884264034e-02,1.000000000000000000e+00,6.874629075247316035e-01
5.321734789258901754e-01,7.372311000888626120e-01,4.600771906923973309e-01,-2.745560584018868489e-01,1.649845896964622916e-01,-9.110975594652091780e-02,-3.780155469294935733e-01,-3.339488754763269007e-01,5.985809539219124620e-01,6.663125314515588871e-01,-1.420102636960340892e-01,5.182605826546917704e-01,-1.935919457487879636e-01,4.755601703071483666e-01,4.963879829585983172e-01,4.793560166614306284e-01,1.294435079029755409e-01,-8.233692733085186399e-02,5.497425646486994721e-02,7.417612585646972401e-02,6.808380475209510618e-02,-1.341728078964238013e-01,1.014277986349730598e-01,9.440174633763395023e-03,5.423418367776301485e-01,3.388822005889284283e-01,2.625564993913499512e-01,1.381740561572568082e-01,2.081582117874704665e-02,5.530661982124458476e-01,1.535158372891871348e-01,2.566959087539918416e-01,5.373644765344473551e-02,3.203306674369040263e-01,1.404105482563928510e-02,5.541111387894099849e-01,1.637756442551026315e-01,6.874629075247316035e-01,1.000000000000000000e+00
