1.000000000000000000e+00,-6.625883927621031289e-01,7.117762319612016553e-01,-5.159065518452939925e-01,-5.338663177887983426e-03,-4.841557900271908355e-01,7.386707886946046742e-01,-5.437791896213401976e-01,3.874164140099368714e-01,2.997717436680802927e-01,7.698184315123732802e-01,-7.957635364431909775e-01,-5.222107663212461892e-01,6.347343231363008487e-01,8.553727077547081947e-01,-4.573856063225882340e-01,8.580694377749347179e-01,5.951244889360216561e-01,-7.829545551884501409e-01,1.615113277260556146e-01,-6.394918834268479291e-01,-5.241180490694908878e-01,-3.236532485897775091e-01,6.308407401047433360e-01,8.652204376763270588e-01,8.923009643841472993e-01,-7.300584332697633849e-01,2.037364428081590503e-02,8.959084909955363774e-01,5.941648049922506614e-01,-4.167720981990121198e-01,-7.245307041835525874e-01,7.578855909017281345e-01,-5.155774095840410798e-01,8.647598866792913785e-01,-6.444503273283803679e-01,-6.121475637233114719e-01,9.026546035601982210e-01,-7.892966661631447556e-01
-6.625883927621031289e-01,1.000000000000000000e+00,-6.317206661492468234e-01,6.448882811046416919e-01,3.023607062385283983e-01,8.017571183300922222e-01,-8.646201346106624497e-01,4.592654019163622814e-01,1.152031695375023423e-01,1.882880709803873287e-01,-7.282667743715456332e-01,9.261571744444201393e-01,7.940375476536301047e-01,-3.816477860794583732e-01,-8.647182559912406363e-01,7.519963532651603444e-01,-7.514764659969147553e-01,-6.244013762672434575e-01,9.057738079990775848e-01,2.180045179744634007e-02,7.274917918352263868e-01,7.258162937675610715e-01,7.044494645588873505e-01,-5.816312383032019584e-01,-7.235258385251989166e-01,-8.704200857252726298e-01,9.166181270118619606e-01,-6.203018302732823258e-02,-8.482964368148425693e-01,-1.702647341263184289e-01,6.003631354257800146e-01,9.335630972689168416e-01,-6.251596879268517259e-01,7.368621064908391638e-01,-8.518768084694651188e-01,6.094856236747784317e-01,8.637693780209415584e-01,-8.289797784693425653e-01,9.303980244584348913e-01
7.117762319612016553e-01,-6.317206661492468234e-01,1.000000000000000000e+00,-3.722912703222904796e-01,3.452553626244919682e-01,-4.784737658306025265e-01,6.629429529358834561e-01,-9.244524815018946295e-01,3.805540019708156252e-01,2.757819761451305585e-01,6.721534841513291392e-01,-6.827348321047492785e-01,-6.003964510454644632e-01,7.569688376063409274e-01,7.298674466791275073e-01,-3.061513081013748083e-01,6.521156627460408250e-01,4.463439174690581046e-01,-6.264137085613380451e-01,1.609363044001455301e-01,-4.046735211012799094e-01,-3.700249929881716526e-01,-2.018664698444968264e-01,7.232493256744800814e-01,7.324779715343424646e-01,7.632427699288307776e-01,-5.872601171325194658e-01,4.530634781552825840e-01,7.413331120425517007e-01,5.305309262667582404e-01,-9.379553172402731176e-02,-6.346855425504115411e-01,8.140100214795307210e-01,-2.437503565361391344e-01,7.283205934359896494e-01,-2.294684947476787751e-01,-5.242987749296900146e-01,7.002820495335971840e-01,-6.689354015560037281e-01
-5.159065518452939925e-01,6.448882811046416919e-01,-3.722912703222904796e-01,1.000000000000000000e+00,3.484385066951045662e-01,5.771888628447064962e-01,-5.003486872339752978e-01,2.185726604615835234e-01,1.922343681162605802e-02,1.425830877009404973e-01,-5.082976938642373987e-01,6.384579491698910703e-01,5.429007565077327291e-01,-1.438291049261306853e-01,-6.437846855718359906e-01,5.742407622329173122e-01,-5.411481043629928767e-01,-3.766593625555433866e-01,6.539950799179072849e-01,2.787630899271448803e-01,5.982885417362273639e-01,4.990133338561808518e-01,5.275709413515462520e-01,-3.021025093170762177e-01,-5.434133921287942481e-01,-6.033949553690921563e-01,6.493795735081995257e-01,5.648072246797243567e-02,-6.132976328797965504e-01,-7.729400918836570877e-02,4.460631718866501783e-01,6.332703079179439198e-01,-3.973655835350902166e-01,5.398766671713154386e-01,-5.933976486262462213e-01,5.607700328791296318e-01,6.093410452988475834e-01,-6.207088716267259443e-01,6.500449769740036521e-01
-5.338663177887983426e-03,3.023607062385283983e-01,3.452553626244919682e-01,3.484385066951045662e-01,1.000000000000000000e+00,3.483091444371719803e-01,-1.639606273957160965e-01,-5.325962035199391931e-01,5.529322564346437208e-01,4.331808364372666253e-01,-1.229015115111669748e-01,2.555370634626401571e-01,1.225833889821797140e-01,4.320296267045947158e-01,-1.404665449883033268e-01,4.867083841848931502e-01,-1.899725011074452352e-01,-8.892708860378217839e-02,3.284120080375019235e-01,1.478379903752445046e-01,4.621118737567587731e-01,3.610573063627569579e-01,5.064542271186003308e-01,1.137140834075128226e-01,8.855827660916451918e-03,-1.339562924779875708e-01,3.171711418866288712e-01,5.111864434096545784e-01,-1.593189599807512957e-01,3.874699344709700011e-01,4.172581439302812667e-01,2.642208748900927717e-01,1.280080803957185653e-01,6.784734365068445516e-01,-1.830750637656372859e-01,5.311748290959358298e-01,2.630426553168219161e-01,-1.425533977827517784e-01,3.002012525258924147e-01
-4.841557900271908355e-01,8.017571183300922222e-01,-4.784737658306025265e-01,5.771888628447064962e-01,3.483091444371719803e-01,1.000000000000000000e+00,-6.930039837071014786e-01,3.613282494219998142e-01,1.180889029583861022e-01,1.929065080800317356e-01,-4.944616836236948032e-01,7.432966201106594450e-01,6.898905374393707879e-01,-1.557990339264928858e-01,-7.135720025318620374e-01,5.799160207208274853e-01,-5.368741497490268078e-01,-4.706844749363601754e-01,7.367971304612078720e-01,1.842673894994040218e-01,6.026214483540645039e-01,6.546518185424934355e-01,7.151143483299922110e-01,-4.294582529379775693e-01,-5.689596426439810228e-01,-6.695998464102490555e-01,8.063983032812742646e-01,5.456705205186759833e-02,-6.297879262621958185e-01,-1.139992994247007035e-01,6.308335118663158658e-01,8.440163861562932635e-01,-2.912711323539599051e-01,5.608038960394448047e-01,-6.073079068881126474e-01,5.144950358138107305e-01,8.332958382207198422e-01,-6.711201840391036733e-01,7.447372500189148870e-01
7.386707886946046742e-01,-8.646201346106624497e-01,6.629429529358834561e-01,-5.003486872339752978e-01,-1.639606273957160965e-01,-6.930039837071014786e-01,1.000000000000000000e+00,-5.182681784376216294e-01,2.441525271656227319e-02,4.318963178820367510e-02,6.793126022339887049e-01,-9.129857021280491924e-01,-6.769355991042614873e-01,5.160978173789312340e-01,8.518035381775239667e-01,-5.843861804252882264e-01,8.014851355428614932e-01,6.262389960692346103e-01,-8.767799121299902909e-01,8.127857274365697660e-02,-6.301334043112726269e-01,-6.069368417425724527e-01,-5.100273969603559276e-01,6.201763129407263930e-01,8.024592229360243412e-01,8.618839966511938622e-01,-8.894320025914616012e-01,7.508229967967085250e-02,8.403380658794548097e-01,3.327129427898248837e-01,-4.680645147148638774e-01,-8.681463828861529786e-01,6.741410207235342122e-01,-6.617711325159891800e-01,8.642436146177148171e-01,-5.113589227487652655e-01,-8.266005037249297693e-01,8.503594615771389309e-01,-8.793854586079247193e-01
-5.437791896213401976e-01,4.592654019163622814e-01,-9.244524815018946295e-01,2.185726604615835234e-01,-5.325962035199391931e-01,3.613282494219998142e-01,-5.182681784376216294e-01,1.000000000000000000e+00,-4.348661720139534448e-01,-3.312534207433032174e-01,-4.716512314734018219e-01,4.996673851377263498e-01,5.123283954341407709e-01,-7.181685162658558719e-01,-5.628582062136766595e-01,1.008624144774388220e-01,-4.462937934195751466e-01,-3.520595706948355108e-01,4.203766379413332310e-01,-1.296970711215970906e-01,1.841049035542077494e-01,2.036485974108775132e-01,5.000975033577572532e-02,-6.244897752924963852e-01,-5.962929842546991210e-01,-5.766459743621291656e-01,4.171365741911620129e-01,-5.522921472777315710e-01,-5.426455343854352797e-01,-5.251794963272906624e-01,-5.645293655267374922e-02,4.736600709802429865e-01,-6.734889358503947099e-01,-2.698007354987797934e-03,-5.287451617471269349e-01,3.404745308486613244e-03,4.020973637428155723e-01,-5.225345423332580230e-01,4.705651840670930786e-01
3.874164140099368714e-01,1.152031695375023423e-01,3.805540019708156252e-01,1.922343681162605802e-02,5.529322564346437208e-01,1.180889029583861022e-01,2.441525271656227319e-02,-4.348661720139534448e-01,1.000000000000000000e+00,7.030200682530517442e-01,8.857080986075721585e-02,-1.854563322126045327e-02,8.951798979476364992e-02,4.413677519571814756e-01,2.118100098869095116e-01,3.931424351931936956e-01,1.178319828144506615e-01,2.333352970143925675e-01,3.971843502290361982e-02,5.171720284422658825e-02,1.512541374231725910e-01,7.585487174413398093e-02,4.052845745955490631e-01,1.568294080072857588e-01,3.873444752366830834e-01,1.906408630507116508e-01,3.067252680546539434e-02,5.880373414892905298e-02,1.520073913204464111e-01,7.826387567351985597e-01,5.547326685528403828e-02,7.671683213066730379e-03,2.373864589891563071e-01,3.766118381391103109e-01,1.151281780829312151e-01,7.331439702948974735e-02,3.417759339684402209e-02,2.418698195134375839e-01,2.058213037825802269e-02
2.997717436680802927e-01,1.882880709803873287e-01,2.757819761451305585e-01,1.425830877009404973e-01,4.331808364372666253e-01,1.929065080800317356e-01,4.318963178820367510e-02,-3.312534207433032174e-01,7.030200682530517442e-01,1.000000000000000000e+00,1.744263559742695356e-03,2.324379230545353323e-02,2.204820060268080362e-01,3.742985221574637866e-01,1.498885191100486347e-01,5.467208112015721211e-01,1.096615174166898632e-01,2.103902154637614652e-01,8.117535815522212983e-02,7.210741365461253993e-02,2.356343338902543716e-01,1.726279350538871826e-01,5.293089534783637085e-01,9.627003337993798870e-02,3.630945283107402388e-01,1.070178901277375055e-01,3.944987772986372626e-02,1.179238918150518345e-01,8.131117404411331018e-02,7.723964853006056730e-01,1.786411615062883651e-01,5.559485583365006423e-02,1.847630883948953029e-01,3.028294610391237818e-01,7.594387373664364393e-02,1.549357101441016793e-01,1.983251126908206971e-02,1.523170121417821987e-01,5.218717516957922103e-02
7.698184315123732802e-01,-7.282667743715456332e-01,6.721534841513291392e-01,-5.082976938642373987e-01,-1.229015115111669748e-01,-4.944616836236948032e-01,6.793126022339887049e-01,-4.716512314734018219e-01,8.857080986075721585e-02,1.744263559742695356e-03,1.000000000000000000e+00,-7.944757975676863815e-01,-5.950666727152549296e-01,5.953103928911852583e-01,7.457174932074405183e-01,-6.463363564026570751e-01,8.210600717666416415e-01,3.917399644184899055e-01,-8.108016398497529531e-01,2.165569750780306502e-01,-7.118366510971523287e-01,-6.244333326576857468e-01,-4.665136841603525486e-01,7.006649911146174414e-01,6.722665436504824399e-01,8.427308747226870400e-01,-6.846235655694071776e-01,1.139091592530447339e-01,8.704345855452865210e-01,3.014216983433973263e-01,-3.471837491040717372e-01,-7.060099731880240537e-01,7.990728927509168633e-01,-6.675026888219162124e-01,8.515684907225882228e-01,-6.058124229414394435e-01,-5.428159822013031155e-01,7.643443320649762063e-01,-8.189195895840950534e-01
-7.957635364431909775e-01,9.261571744444201393e-01,-6.827348321047492785e-01,6.384579491698910703e-01,2.555370634626401571e-01,7.432966201106594450e-01,-9.129857021280491924e-01,4.996673851377263498e-01,-1.854563322126045327e-02,2.324379230545353323e-02,-7.944757975676863815e-01,1.000000000000000000e+00,7.360933557167054220e-01,-4.992832478439807042e-01,-9.024627942955143478e-01,7.066304051407530373e-01,-8.568074621734255159e-01,-6.292792268739439976e-01,9.455401444265360000e-01,-2.129253004601142085e-02,7.616837296466850704e-01,7.216683834971346911e-01,6.175060833828150963e-01,-6.541048491502629014e-01,-8.158614572905931173e-01,-9.312611927629642627e-01,9.290615740302748948e-01,-1.958437214437446991e-02,-9.219416585261083208e-01,-3.108457142142717067e-01,5.468510502332316614e-01,9.217290796249949514e-01,-7.164709624987110059e-01,7.612618248574606339e-01,-9.275515112906898008e-01,6.671970353116117858e-01,8.373630874651695200e-01,-9.023993386470970934e-01,9.600415743547999758e-01
-5.222107663212461892e-01,7.940375476536301047e-01,-6.003964510454644632e-01,5.429007565077327291e-01,1.225833889821797140e-01,6.898905374393707879e-01,-6.769355991042614873e-01,5.123283954341407709e-01,8.951798979476364992e-02,2.204820060268080362e-01,-5.950666727152549296e-01,7.360933557167054220e-01,1.000000000000000000e+00,-2.715658259840720290e-01,-7.074822075448138348e-01,6.263472251186580353e-01,-5.167735982035345232e-01,-5.278013764589609691e-01,7.148647624293670289e-01,4.024716502404090956e-02,5.063277752563963841e-01,6.117580590086063586e-01,6.342853281383782349e-01,-4.157001315857250523e-01,-5.407391687886495824e-01,-6.940035169073307530e-01,7.519076580361679918e-01,-1.594599197799967949e-01,-6.715627747890777766e-01,-1.524681476180471396e-01,4.376420583497102057e-01,7.959503070287807791e-01,-4.901572477032765107e-01,4.623328843300673618e-01,-6.480957787764743960e-01,4.156575453417717392e-01,7.448203232080075065e-01,-6.709479124294736030e-01,7.422656405133383206e-01
6.347343231363008487e-01,-3.816477860794583732e-01,7.569688376063409274e-01,-1.438291049261306853e-01,4.320296267045947158e-01,-1.557990339264928858e-01,5.160978173789312340e-01,-7.181685162658558719e-01,4.413677519571814756e-01,3.742985221574637866e-01,5.953103928911852583e-01,-4.992832478439807042e-01,-2.715658259840720290e-01,1.000000000000000000e+00,5.280314173379953013e-01,-1.154644263993127445e-01,5.899970802399960856e-01,2.510099082484553157e-01,-4.504224266718368508e-01,2.566696387106595645e-01,-2.763576005077699738e-01,-2.103181207290977517e-01,5.487690039806451814e-02,8.150698037993997502e-01,6.071297443387890791e-01,6.055740399049173162e-01,-3.730308741321636257e-01,4.530717808593219820e-01,6.218565376540362566e-01,5.019706840855967522e-01,7.972719498976384156e-02,-3.768180662379545520e-01,7.955203337945093711e-01,-1.650479977477847804e-01,6.155975374821510693e-01,-9.983428899284542413e-02,-2.559659594210455524e-01,5.550388457453604429e-01,-4.802982427399591359e-01
8.553727077547081947e-01,-8.647182559912406363e-01,7.298674466791275073e-01,-6.437846855718359906e-01,-1.404665449883033268e-01,-7.135720025318620374e-01,8.518035381775239667e-01,-5.628582062136766595e-01,2.118100098869095116e-01,1.498885191100486347e-01,7.457174932074405183e-01,-9.024627942955143478e-01,-7.074822075448138348e-01,5.280314173379953013e-01,1.000000000000000000e+00,-5.634918165624998032e-01,8.303549130549329194e-01,7.328080302948258851e-01,-8.815656431918782454e-01,1.652441820955042120e-02,-6.727090552690516700e-01,-6.320169372858824852e-01,-5.104645276643469121e-01,6.040525447684853555e-01,8.901753568955981244e-01,9.368941321631473196e-01,-9.011643905815361899e-01,8.018986859458830663e-02,9.100859304660142701e-01,4.892638827856270467e-01,-5.519235266557930286e-01,-9.039707418774186598e-01,7.155281161503705967e-01,-5.981632842517742299e-01,8.974563172183392945e-01,-6.191276007535743142e-01,-8.385075530452652526e-01,9.414540164621082452e-01,-9.052581012708670327e-01
-4.573856063225882340e-01,7.519963532651603444e-01,-3.061513081013748083e-01,5.742407622329173122e-01,4.867083841848931502e-01,5.799160207208274853e-01,-5.843861804252882264e-01,1.008624144774388220e-01,3.931424351931936956e-01,5.467208112015721211e-01,-6.463363564026570751e-01,7.066304051407530373e-01,6.263472251186580353e-01,-1.154644263993127445e-01,-5.634918165624998032e-01,1.000000000000000000e+00,-6.421551741456135165e-01,-2.404051132778627642e-01,7.527881909800501203e-01,-4.566540260832878395e-02,7.790622956651032105e-01,6.227773615338147994e-01,7.887050387204626034e-01,-3.949904630944953143e-01,-3.824362231324758832e-01,-6.330174979267360058e-01,6.725605826510592244e-01,1.430180315408360048e-01,-6.572453551746861855e-01,2.634563497583822245e-01,4.959353068007260057e-01,6.652532263464090434e-01,-4.350122036781095547e-01,7.951337534152640441e-01,-6.653446184895261961e-01,6.613882668187039959e-01,5.670711698575598980e-01,-5.745876797862536911e-01,7.390150912037871667e-01
8.580694377749347179e-01,-7.514764659969147553e-01,6.521156627460408250e-01,-5.411481043629928767e-01,-1.899725011074452352e-01,-5.368741497490268078e-01,8.014851355428614932e-01,-4.462937934195751466e-01,1.178319828144506615e-01,1.096615174166898632e-01,8.210600717666416415e-01,-8.568074621734255159e-01,-5.167735982035345232e-01,5.899970802399960856e-01,8.303549130549329194e-01,-6.421551741456135165e-01,1.000000000000000000e+00,4.706951978493123523e-01,-8.697910082871644910e-01,1.300867270290376465e-01,-7.765786656474096272e-01,-5.627332553633878076e-01,-4.160529200281814499e-01,6.965308433315060554e-01,8.045244565031904882e-01,8.858085425349959685e-01,-7.906903006293203306e-01,-2.147318551768993833e-02,9.042855223523644792e-01,3.438598116861214526e-01,-3.683237819176258809e-01,-7.446447397604724072e-01,7.653114716231279591e-01,-7.239429252896946165e-01,9.177806708957563231e-01,-6.727445007590903137e-01,-6.657697999807153932e-01,8.580532346649349940e-01,-8.607708089194582302e-01
5.951244889360216561e-01,-6.244013762672434575e-01,4.463439174690581046e-01,-3.766593625555433866e-01,-8.892708860378217839e-02,-4.706844749363601754e-01,6.262389960692346103e-01,-3.520595706948355108e-01,2.333352970143925675e-01,2.103902154637614652e-01,3.917399644184899055e-01,-6.292792268739439976e-01,-5.278013764589609691e-01,2.510099082484553157e-01,7.328080302948258851e-01,-2.404051132778627642e-01,4.706951978493123523e-01,1.000000000000000000e+00,-5.446027073076890046e-01,-6.601860876756321383e-02,-3.342850911165246575e-01,-4.614143178308702242e-01,-2.741918354215916453e-01,2.348277982231100069e-01,6.905155638063680268e-01,6.483006491635904256e-01,-6.864590478573234789e-01,-7.779488690881872226e-02,5.878499270218230377e-01,5.556566895755554736e-01,-5.710071948781867412e-01,-6.819205729862439780e-01,3.894983010165272153e-01,-3.215909359899898345e-01,5.825199408512324872e-01,-4.192259715663464448e-01,-6.866649854979772760e-01,6.856723404949141010e-01,-6.077024946370951364e-01
-7.829545551884501409e-01,9.057738079990775848e-01,-6.264137085613380451e-01,6.539950799179072849e-01,3.284120080375019235e-01,7.367971304612078720e-01,-8.767799121299902909e-01,4.203766379413332310e-01,3.971843502290361982e-02,8.117535815522212983e-02,-8.108016398497529531e-01,9.455401444265360000e-01,7.148647624293670289e-01,-4.504224266718368508e-01,-8.815656431918782454e-01,7.527881909800501203e-01,-8.697910082871644910e-01,-5.446027073076890046e-01,1.000000000000000000e+00,-5.283739868844170712e-02,7.965308287316198443e-01,7.058204962102370139e-01,6.453485362989914709e-01,-6.318127828466634233e-01,-7.735521903426427759e-01,-9.106695426115157810e-01,9.151495830094912298e-01,1.904113964177704330e-02,-9.124959766780480486e-01,-2.366675746406162739e-01,5.314184404208738277e-01,8.962909038874206091e-01,-7.020792778080007235e-01,8.049241228986875329e-01,-9.205372252301236013e-01,6.911698428671313454e-01,8.132097405514985278e-01,-8.805352276102870190e-01,9.517112899870338039e-01
1.615113277260556146e-01,2.180045179744634007e-02,1.609363044001455301e-01,2.787630899271448803e-01,1.478379903752445046e-01,1.842673894994040218e-01,8.127857274365697660e-02,-1.296970711215970906e-01,5.171720284422658825e-02,7.210741365461253993e-02,2.165569750780306502e-01,-2.129253004601142085e-02,4.024716502404090956e-02,2.566696387106595645e-01,1.652441820955042120e-02,-4.566540260832878395e-02,1.300867270290376465e-01,-6.601860876756321383e-02,-5.283739868844170712e-02,1.000000000000000000e+00,9.236041257746512023e-02,2.937428515192014866e-01,1.172867942836406385e-01,2.318817471966726496e-01,4.504527439943141476e-02,9.543571947557955015e-02,5.233373716102544121e-02,1.343747637916014592e-01,1.212789842336956664e-01,1.186646828818195415e-01,1.535275409162366045e-01,2.964140141788230987e-02,3.046088768014235670e-01,-3.985116854975252060e-02,1.369540727892072651e-01,6.834888225117069505e-02,1.382742260340085183e-01,4.832388224772039831e-02,-2.117521008040035985e-02
-6.394918834268479291e-01,7.274917918352263868e-01,-4.046735211012799094e-01,5.982885417362273639e-01,4.621118737567587731e-01,6.026214483540645039e-01,-6.301334043112726269e-01,1.841049035542077494e-01,1.512541374231725910e-01,2.356343338902543716e-01,-7.118366510971523287e-01,7.616837296466850704e-01,5.063277752563963841e-01,-2.763576005077699738e-01,-6.727090552690516700e-01,7.790622956651032105e-01,-7.765786656474096272e-01,-3.342850911165246575e-01,7.965308287316198443e-01,9.236041257746512023e-02,1.000000000000000000e+00,7.015273377736849225e-01,6.489356867257466410e-01,-4.653413464432576974e-01,-5.531648843681596928e-01,-7.414273307609867691e-01,7.051072993867079086e-01,1.818579387275422454e-01,-7.530763554490343958e-01,-1.562067958257675956e-02,5.262970778306094166e-01,6.844107243912976868e-01,-5.064244479734061333e-01,8.063168999882529553e-01,-7.420754225317758301e-01,7.998400371501765971e-01,5.805940286761397395e-01,-6.809524208110699917e-01,7.991091237671764658e-01
-5.241180490694908878e-01,7.258162937675610715e-01,-3.700249929881716526e-01,4.990133338561808518e-01,3.610573063627569579e-01,6.546518185424934355e-01,-6.069368417425724527e-01,2.036485974108775132e-01,7.585487174413398093e-02,1.726279350538871826e-01,-6.244333326576857468e-01,7.216683834971346911e-01,6.117580590086063586e-01,-2.103181207290977517e-01,-6.320169372858824852e-01,6.227773615338147994e-01,-5.627332553633878076e-01,-4.614143178308702242e-01,7.058204962102370139e-01,2.937428515192014866e-01,7.015273377736849225e-01,1.000000000000000000e+00,6.706695219690709253e-01,-3.735053382089139062e-01,-5.237597418435753216e-01,-6.794563742302361931e-01,6.911326720237968013e-01,1.309489584294304121e-01,-6.686339038085001851e-01,-1.112688729602751558e-01,6.473686592797809336e-01,7.329236286384942511e-01,-3.830042398419676863e-01,6.509662997640672799e-01,-6.367531162901315378e-01,6.640440804212787151e-01,6.189069923440089216e-01,-6.433903608340446612e-01,7.434475942316081110e-01
-3.236532485897775091e-01,7.044494645588873505e-01,-2.018664698444968264e-01,5.275709413515462520e-01,5.064542271186003308e-01,7.151143483299922110e-01,-5.100273969603559276e-01,5.000975033577572532e-02,4.052845745955490631e-01,5.293089534783637085e-01,-4.665136841603525486e-01,6.175060833828150963e-01,6.342853281383782349e-01,5.487690039806451814e-02,-5.104645276643469121e-01,7.887050387204626034e-01,-4.160529200281814499e-01,-2.741918354215916453e-01,6.453485362989914709e-01,1.172867942836406385e-01,6.489356867257466410e-01,6.706695219690709253e-01,1.000000000000000000e+00,-2.032299761142781214e-01,-2.738781782635845707e-01,-5.304183012189891411e-01,6.341509943816165951e-01,1.073659771093519455e-01,-5.156432259384446937e-01,2.594452013367409271e-01,6.400430148529095975e-01,6.919827095966060160e-01,-1.950022177600336248e-01,6.591556406152815351e-01,-4.885422437422081154e-01,6.103749081725187153e-01,5.989350037513827552e-01,-5.111394341724623258e-01,6.537268988547454418e-01
6.308407401047433360e-01,-5.816312383032019584e-01,7.232493256744800814e-01,-3.021025093170762177e-01,1.137140834075128226e-01,-4.294582529379775693e-01,6.201763129407263930e-01,-6.244897752924963852e-01,1.568294080072857588e-01,9.627003337993798870e-02,7.006649911146174414e-01,-6.541048491502629014e-01,-4.157001315857250523e-01,8.150698037993997502e-01,6.040525447684853555e-01,-3.949904630944953143e-01,6.965308433315060554e-01,2.348277982231100069e-01,-6.318127828466634233e-01,2.318817471966726496e-01,-4.653413464432576974e-01,-3.735053382089139062e-01,-2.032299761142781214e-01,1.000000000000000000e+00,6.196527087993811689e-01,6.923299749954003879e-01,-5.480634842153948583e-01,3.274286340065420964e-01,7.236423407435479405e-01,2.815688241537325776e-01,-7.364012934878134964e-02,-5.492976707947750947e-01,7.729732098568842247e-01,-4.415457184225234366e-01,7.237834864762999754e-01,-3.114931444708876063e-01,-4.283316345501085309e-01,6.311516929256956177e-01,-6.445389056214224643e-01
8.652204376763270588e-01,-7.235258385251989166e-01,7.324779715343424646e-01,-5.434133921287942481e-01,8.855827660916451918e-03,-5.689596426439810228e-01,8.024592229360243412e-01,-5.962929842546991210e-01,3.873444752366830834e-01,3.630945283107402388e-01,6.722665436504824399e-01,-8.158614572905931173e-01,-5.407391687886495824e-01,6.071297443387890791e-01,8.901753568955981244e-01,-3.824362231324758832e-01,8.045244565031904882e-01,6.905155638063680268e-01,-7.735521903426427759e-01,4.504527439943141476e-02,-5.531648843681596928e-01,-5.237597418435753216e-01,-2.738781782635845707e-01,6.196527087993811689e-01,1.000000000000000000e+00,8.727303087928417469e-01,-7.995068462322176828e-01,8.535128915803458227e-02,8.521438796778031399e-01,6.243058488909470904e-01,-4.267370955181434278e-01,-7.868469071753612099e-01,7.154695985505082900e-01,-4.713768407172783670e-01,8.434426250010567117e-01,-4.885410779976540052e-01,-7.430844582249339636e-01,8.978850519459067314e-01,-7.901895512314340841e-01
8.923009643841472993e-01,-8.704200857252726298e-01,7.632427699288307776e-01,-6.033949553690921563e-01,-1.339562924779875708e-01,-6.695998464102490555e-01,8.618839966511938622e-01,-5.766459743621291656e-01,1.906408630507116508e-01,1.070178901277375055e-01,8.427308747226870400e-01,-9.312611927629642627e-01,-6.940035169073307530e-01,6.055740399049173162e-01,9.368941321631473196e-01,-6.330174979267360058e-01,8.858085425349959685e-01,6.483006491635904256e-01,-9.106695426115157810e-01,9.543571947557955015e-02,-7.414273307609867691e-01,-6.794563742302361931e-01,-5.304183012189891411e-01,6.923299749954003879e-01,8.727303087928417469e-01,1.000000000000000000e+00,-8.721796220230040309e-01,8.877471014664453652e-02,9.604039778923570969e-01,4.460453538437182952e-01,-5.115189841673887239e-01,-8.860105204412505042e-01,8.003862721543671954e-01,-6.716582844719910517e-01,9.453980813291280594e-01,-6.698234305008228251e-01,-7.636081872890063682e-01,9.428461531553573582e-01,-9.336568394651050262e-01
-7.300584332697633849e-01,9.166181270118619606e-01,-5.872601171325194658e-01,6.493795735081995257e-01,3.171711418866288712e-01,8.063983032812742646e-01,-8.894320025914616012e-01,4.171365741911620129e-01,3.067252680546539434e-02,3.944987772986372626e-02,-6.846235655694071776e-01,9.290615740302748948e-01,7.519076580361679918e-01,-3.730308741321636257e-01,-9.011643905815361899e-01,6.725605826510592244e-01,-7.906903006293203306e-01,-6.864590478573234789e-01,9.151495830094912298e-01,5.233373716102544121e-02,7.051072993867079086e-01,6.911326720237968013e-01,6.341509943816165951e-01,-5.480634842153948583e-01,-7.995068462322176828e-01,-8.721796220230040309e-01,1.000000000000000000e+00,5.879755714852240300e-02,-8.545215907203052019e-01,-2.926228566805194609e-01,6.291486883194306046e-01,9.399566281405224988e-01,-5.790833805614882257e-01,7.224912790899366000e-01,-8.631972567062865531e-01,6.200027000229356711e-01,9.209564471307363220e-01,-8.797244492643137015e-01,9.225285909766510750e-01
2.037364428081590503e-02,-6.203018302732823258e-02,4.530634781552825840e-01,5.648072246797243567e-02,5.111864434096545784e-01,5.456705205186759833e-02,7.508229967967085250e-02,-5.522921472777315710e-01,5.880373414892905298e-02,1.179238918150518345e-01,1.139091592530447339e-01,-1.958437214437446991e-02,-1.594599197799967949e-01,4.530717808593219820e-01,8.018986859458830663e-02,1.430180315408360048e-01,-2.147318551768993833e-02,-7.779488690881872226e-02,1.904113964177704330e-02,1.343747637916014592e-01,1.818579387275422454e-01,1.309489584294304121e-01,1.073659771093519455e-01,3.274286340065420964e-01,8.535128915803458227e-02,8.877471014664453652e-02,5.879755714852240300e-02,1.000000000000000000e+00,7.836806252244618576e-02,6.119660157994154942e-02,3.397502271483993086e-01,-3.027917697687202911e-02,3.594643638519549600e-01,2.654111868328304369e-01,4.280869610417181031e-02,3.329730594840030755e-01,6.497651292356353137e-02,2.647451163916136538e-02,-2.641042922034602530e-02
8.959084909955363774e-01,-8.482964368148425693e-01,7.413331120425517007e-01,-6.132976328797965504e-01,-1.593189599807512957e-01,-6.297879262621958185e-01,8.403380658794548097e-01,-5.426455343854352797e-01,1.520073913204464111e-01,8.131117404411331018e-02,8.704345855452865210e-01,-9.219416585261083208e-01,-6.715627747890777766e-01,6.218565376540362566e-01,9.100859304660142701e-01,-6.572453551746861855e-01,9.042855223523644792e-01,5.878499270218230377e-01,-9.124959766780480486e-01,1.212789842336956664e-01,-7.530763554490343958e-01,-6.686339038085001851e-01,-5.156432259384446937e-01,7.236423407435479405e-01,8.521438796778031399e-01,9.604039778923570969e-01,-8.545215907203052019e-01,7.836806252244618576e-02,1.000000000000000000e+00,4.106611508992171200e-01,-4.724467197467062118e-01,-8.560169910216230971e-01,8.248758858795346427e-01,-7.065819588851182109e-01,9.569399723923568413e-01,-6.872247346497369902e-01,-7.253795061054862936e-01,9.303345611675816196e-01,-9.290501620859225040e-01
5.941648049922506614e-01,-1.702647341263184289e-01,5.305309262667582404e-01,-7.729400918836570877e-02,3.874699344709700011e-01,-1.139992994247007035e-01,3.327129427898248837e-01,-5.251794963272906624e-01,7.826387567351985597e-01,7.723964853006056730e-01,3.014216983433973263e-01,-3.108457142142717067e-01,-1.524681476180471396e-01,5.019706840855967522e-01,4.892638827856270467e-01,2.634563497583822245e-01,3.438598116861214526e-01,5.556566895755554736e-01,-2.366675746406162739e-01,1.186646828818195415e-01,-1.562067958257675956e-02,-1.112688729602751558e-01,2.594452013367409271e-01,2.815688241537325776e-01,6.243058488909470904e-01,4.460453538437182952e-01,-2.926228566805194609e-01,6.119660157994154942e-02,4.106611508992171200e-01,1.000000000000000000e+00,-1.226696334433139135e-01,-3.010760452744983273e-01,4.188995369662497081e-01,1.040949744115960973e-01,3.872592538306944276e-01,-9.982536279042972249e-02,-2.794877419848766920e-01,4.943171877054924335e-01,-2.778229261760962743e-01
-4.167720981990121198e-01,6.003631354257800146e-01,-9.379553172402731176e-02,4.460631718866501783e-01,4.172581439302812667e-01,6.308335118663158658e-01,-4.680645147148638774e-01,-5.645293655267374922e-02,5.547326685528403828e-02,1.786411615062883651e-01,-3.471837491040717372e-01,5.468510502332316614e-01,4.376420583497102057e-01,7.972719498976384156e-02,-5.519235266557930286e-01,4.959353068007260057e-01,-3.683237819176258809e-01,-5.710071948781867412e-01,5.314184404208738277e-01,1.535275409162366045e-01,5.262970778306094166e-01,6.473686592797809336e-01,6.400430148529095975e-01,-7.364012934878134964e-02,-4.267370955181434278e-01,-5.115189841673887239e-01,6.291486883194306046e-01,3.397502271483993086e-01,-4.724467197467062118e-01,-1.226696334433139135e-01,1.000000000000000000e+00,6.616245957453129600e-01,-4.545482858187801373e-02,4.748669834598999717e-01,-4.152853358134528383e-01,6.080603635010025654e-01,6.167811425089698707e-01,-5.432865542486665644e-01,5.549639730172790664e-01
-7.245307041835525874e-01,9.335630972689168416e-01,-6.346855425504115411e-01,6.332703079179439198e-01,2.642208748900927717e-01,8.440163861562932635e-01,-8.681463828861529786e-01,4.736600709802429865e-01,7.671683213066730379e-03,5.559485583365006423e-02,-7.060099731880240537e-01,9.217290796249949514e-01,7.959503070287807791e-01,-3.768180662379545520e-01,-9.039707418774186598e-01,6.652532263464090434e-01,-7.446447397604724072e-01,-6.819205729862439780e-01,8.962909038874206091e-01,2.964140141788230987e-02,6.844107243912976868e-01,7.329236286384942511e-01,6.919827095966060160e-01,-5.492976707947750947e-01,-7.868469071753612099e-01,-8.860105204412505042e-01,9.399566281405224988e-01,-3.027917697687202911e-02,-8.560169910216230971e-01,-3.010760452744983273e-01,6.616245957453129600e-01,1.000000000000000000e+00,-5.820579273875380322e-01,6.742771990345589606e-01,-8.404532634246966172e-01,6.171356837212939039e-01,9.035757310888223870e-01,-8.779668039206299790e-01,9.203530456042986474e-01
7.578855909017281345e-01,-6.251596879268517259e-01,8.140100214795307210e-01,-3.973655835350902166e-01,1.280080803957185653e-01,-2.912711323539599051e-01,6.741410207235342122e-01,-6.734889358503947099e-01,2.373864589891563071e-01,1.847630883948953029e-01,7.990728927509168633e-01,-7.164709624987110059e-01,-4.901572477032765107e-01,7.955203337945093711e-01,7.155281161503705967e-01,-4.350122036781095547e-01,7.653114716231279591e-01,3.894983010165272153e-01,-7.020792778080007235e-01,3.046088768014235670e-01,-5.064244479734061333e-01,-3.830042398419676863e-01,-1.950022177600336248e-01,7.729732098568842247e-01,7.154695985505082900e-01,8.003862721543671954e-01,-5.790833805614882257e-01,3.594643638519549600e-01,8.248758858795346427e-01,4.188995369662497081e-01,-4.545482858187801373e-02,-5.820579273875380322e-01,1.000000000000000000e+00,-4.846295148622647431e-01,8.391645039563208064e-01,-3.745203869968957711e-01,-4.116419243507652426e-01,7.287153101926984178e-01,-7.207952471232843550e-01
-5.155774095840410798e-01,7.368621064908391638e-01,-2.437503565361391344e-01,5.398766671713154386e-01,6.784734365068445516e-01,5.608038960394448047e-01,-6.617711325159891800e-01,-2.698007354987797934e-03,3.766118381391103109e-01,3.028294610391237818e-01,-6.675026888219162124e-01,7.612618248574606339e-01,4.623328843300673618e-01,-1.650479977477847804e-01,-5.981632842517742299e-01,7.951337534152640441e-01,-7.239429252896946165e-01,-3.215909359899898345e-01,8.049241228986875329e-01,-3.985116854975252060e-02,8.063168999882529553e-01,6.509662997640672799e-01,6.591556406152815351e-01,-4.415457184225234366e-01,-4.713768407172783670e-01,-6.716582844719910517e-01,7.224912790899366000e-01,2.654111868328304369e-01,-7.065819588851182109e-01,1.040949744115960973e-01,4.748669834598999717e-01,6.742771990345589606e-01,-4.846295148622647431e-01,1.000000000000000000e+00,-7.429561101917592225e-01,7.431537623289846684e-01,5.828073631856344194e-01,-6.248557758318056266e-01,7.899644303736809148e-01
8.647598866792913785e-01,-8.518768084694651188e-01,7.283205934359896494e-01,-5.933976486262462213e-01,-1.830750637656372859e-01,-6.073079068881126474e-01,8.642436146177148171e-01,-5.287451617471269349e-01,1.151281780829312151e-01,7.594387373664364393e-02,8.515684907225882228e-01,-9.275515112906898008e-01,-6.480957787764743960e-01,6.155975374821510693e-01,8.974563172183392945e-01,-6.653446184895261961e-01,9.177806708957563231e-01,5.825199408512324872e-01,-9.205372252301236013e-01,1.369540727892072651e-01,-7.420754225317758301e-01,-6.367531162901315378e-01,-4.885422437422081154e-01,7.237834864762999754e-01,8.434426250010567117e-01,9.453980813291280594e-01,-8.631972567062865531e-01,4.280869610417181031e-02,9.569399723923568413e-01,3.872592538306944276e-01,-4.152853358134528383e-01,-8.404532634246966172e-01,8.391645039563208064e-01,-7.429561101917592225e-01,1.000000000000000000e+00,-6.547599264138527220e-01,-7.313806194458448706e-01,9.136242229127956582e-01,-9.295158207169346154e-01
-6.444503273283803679e-01,6.094856236747784317e-01,-2.294684947476787751e-01,5.607700328791296318e-01,5.311748290959358298e-01,5.144950358138107305e-01,-5.113589227487652655e-01,3.404745308486613244e-03,7.331439702948974735e-02,1.549357101441016793e-01,-6.058124229414394435e-01,6.671970353116117858e-01,4.156575453417717392e-01,-9.983428899284542413e-02,-6.191276007535743142e-01,6.613882668187039959e-01,-6.727445007590903137e-01,-4.192259715663464448e-01,6.911698428671313454e-01,6.834888225117069505e-02,7.998400371501765971e-01,6.640440804212787151e-01,6.103749081725187153e-01,-3.114931444708876063e-01,-4.885410779976540052e-01,-6.698234305008228251e-01,6.200027000229356711e-01,3.329730594840030755e-01,-6.872247346497369902e-01,-9.982536279042972249e-02,6.080603635010025654e-01,6.171356837212939039e-01,-3.745203869968957711e-01,7.431537623289846684e-01,-6.547599264138527220e-01,1.000000000000000000e+00,4.995178060211776794e-01,-6.621097375675760732e-01,6.992001949127103488e-01
-6.121475637233114719e-01,8.637693780209415584e-01,-5.242987749296900146e-01,6.093410452988475834e-01,2.630426553168219161e-01,8.332958382207198422e-01,-8.266005037249297693e-01,4.020973637428155723e-01,3.417759339684402209e-02,1.983251126908206971e-02,-5.428159822013031155e-01,8.373630874651695200e-01,7.448203232080075065e-01,-2.559659594210455524e-01,-8.385075530452652526e-01,5.670711698575598980e-01,-6.657697999807153932e-01,-6.866649854979772760e-01,8.132097405514985278e-01,1.382742260340085183e-01,5.805940286761397395e-01,6.189069923440089216e-01,5.989350037513827552e-01,-4.283316345501085309e-01,-7.430844582249339636e-01,-7.636081872890063682e-01,9.209564471307363220e-01,6.497651292356353137e-02,-7.253795061054862936e-01,-2.794877419848766920e-01,6.167811425089698707e-01,9.035757310888223870e-01,-4.116419243507652426e-01,5.828073631856344194e-01,-7.313806194458448706e-01,4.995178060211776794e-01,1.000000000000000000e+00,-7.917811270372335786e-01,8.236783593137880777e-01
9.026546035601982210e-01,-8.289797784693425653e-01,7.002820495335971840e-01,-6.207088716267259443e-01,-1.425533977827517784e-01,-6.711201840391036733e-01,8.503594615771389309e-01,-5.225345423332580230e-01,2.418698195134375839e-01,1.523170121417821987e-01,7.643443320649762063e-01,-9.023993386470970934e-01,-6.709479124294736030e-01,5.550388457453604429e-01,9.414540164621082452e-01,-5.745876797862536911e-01,8.580532346649349940e-01,6.856723404949141010e-01,-8.805352276102870190e-01,4.832388224772039831e-02,-6.809524208110699917e-01,-6.433903608340446612e-01,-5.111394341724623258e-01,6.311516929256956177e-01,8.978850519459067314e-01,9.428461531553573582e-01,-8.797244492643137015e-01,2.647451163916136538e-02,9.303345611675816196e-01,4.943171877054924335e-01,-5.432865542486665644e-01,-8.779668039206299790e-01,7.287153101926984178e-01,-6.248557758318056266e-01,9.136242229127956582e-01,-6.621097375675760732e-01,-7.917811270372335786e-01,1.000000000000000000e+00,-8.942712939945318684e-01
-7.892966661631447556e-01,9.303980244584348913e-01,-6.689354015560037281e-01,6.500449769740036521e-01,3.002012525258924147e-01,7.447372500189148870e-01,-8.793854586079247193e-01,4.705651840670930786e-01,2.058213037825802269e-02,5.218717516957922103e-02,-8.189195895840950534e-01,9.600415743547999758e-01,7.422656405133383206e-01,-4.802982427399591359e-01,-9.052581012708670327e-01,7.390150912037871667e-01,-8.607708089194582302e-01,-6.077024946370951364e-01,9.517112899870338039e-01,-2.117521008040035985e-02,7.991091237671764658e-01,7.434475942316081110e-01,6.537268988547454418e-01,-6.445389056214224643e-01,-7.901895512314340841e-01,-9.336568394651050262e-01,9.225285909766510750e-01,-2.641042922034602530e-02,-9.290501620859225040e-01,-2.778229261760962743e-01,5.549639730172790664e-01,9.203530456042986474e-01,-7.207952471232843550e-01,7.899644303736809148e-01,-9.295158207169346154e-01,6.992001949127103488e-01,8.236783593137880777e-01,-8.942712939945318684e-01,1.000000000000000000e+00
