1.000000000000000000e+00,5.113210040110740540e-01,2.380637348040390011e-01,-2.646878783522593759e-01,4.112546512170210944e-01,2.581658723085714646e-01,1.610041896689161922e-01,-1.962515662208750844e-01,2.105682289818791020e-01,7.412730744502427083e-01,2.905151057840781315e-01,-2.647783287048545153e-01,-4.725573115462781693e-01,6.613600155433417838e-01,-7.733587022062417271e-02,7.013673788505726536e-01,4.565000187175458080e-01,-1.426084452879908954e-02,-6.286275759588097478e-02,2.714351308799231241e-02,4.730290553005841447e-01,1.327823496354083865e-01,5.956410552402610081e-01,4.266645179577817637e-01,5.480184911502441469e-01,7.759242020110633797e-01,4.172394013524398093e-01,6.400071170776399088e-01,6.710452200856519278e-01,6.698218942548500587e-01,3.888877905968270987e-01,2.972780732487135813e-01,4.243914614617112502e-01,1.968344516697280444e-01,5.396011936548730237e-01,4.621257567104288255e-01,5.775012156872885161e-01,3.223158291986968349e-01,-1.241430713454882845e-01
5.113210040110740540e-01,1.000000000000000000e+00,3.159264593588818615e-01,-2.132122980255932165e-01,4.617636539207196633e-01,-6.145438408915319256e-02,6.564874056372764499e-02,-2.841342852404194486e-01,5.846691643337935673e-01,5.403858889353631012e-01,-6.300662412952610925e-02,1.833163227070203904e-01,-3.568390913758959782e-01,4.128676369979160654e-01,5.877591592472233839e-02,6.470306414216488999e-01,5.822501928077298411e-02,1.729062059131439288e-01,1.514320205038424960e-01,-4.154230590735940448e-02,1.092821951699946004e-01,2.972663390168258646e-01,4.631578821113735978e-01,3.804451915526393946e-01,3.551824474944441090e-01,1.809312685850586189e-01,1.505951589475145735e-01,2.039724415836468296e-01,8.167856464343513367e-02,6.848245911678368936e-01,2.012318092650635104e-01,3.093669392001801022e-01,1.956212263881280111e-01,2.552358598873402662e-01,8.000239698458987136e-02,2.042714644027915916e-01,3.247476585986149855e-01,2.247017556195921584e-01,2.016606339102137158e-01
2.380637348040390011e-01,3.159264593588818615e-01,1.000000000000000000e+00,-3.903916799093621326e-01,7.458547214118272928e-01,5.623692262038960249e-02,-2.760661798442529680e-01,-9.263493525256678573e-01,4.343426915634036600e-01,3.905855011273184907e-01,1.633062724551885281e-01,2.813967830910584778e-01,-4.466671779677184317e-01,5.413140967694229921e-01,2.115990242999377935e-01,3.803063357027421376e-01,1.872198328879585982e-01,-8.725290836488604207e-02,-5.020462217866134003e-02,-6.558165288402378890e-02,6.005848040823681400e-01,5.861118761041310687e-01,5.139572101050809971e-01,4.891762203757167859e-01,4.487552141899872615e-01,2.556694337139063800e-01,4.019319887084488729e-01,6.104811807382038991e-01,9.374212853137199597e-02,3.316702272679030172e-01,5.994030301420198992e-01,1.725876816380780276e-01,6.093344083274523371e-01,7.390958757278136559e-01,2.070802745378767240e-01,2.361930843763602739e-01,2.223101215058345403e-01,2.248579752314984470e-01,3.424230493940564890e-01
-2.646878783522593759e-01,-2.132122980255932165e-01,-3.903916799093621326e-01,1.000000000000000000e+00,-3.360962282991823424e-01,-2.193243833991784797e-01,3.323734003395924508e-01,3.908111816374698622e-01,-1.437887147324050097e-01,-2.328861762548836145e-01,-3.259384479209136432e-01,1.724190396602773567e-01,5.415157972697024480e-01,-2.363210479382883145e-01,1.096758042076560469e-01,-2.066898680506214225e-01,-3.243797795747033752e-01,3.882007177321896707e-01,2.254066904588913067e-01,1.612378019493959369e-01,-3.192895932878543341e-01,-3.029479706629158997e-01,-3.108220078631344641e-01,-2.877051885039396129e-01,-7.980902044015508734e-02,-2.183034835106581750e-01,-2.209346806657217777e-01,-3.331863696322321933e-01,-1.929577647338850399e-01,-2.835482957039542340e-01,-3.416222660000495237e-01,-3.041791890096196549e-01,-3.464187721586413637e-01,-2.465257676963605871e-01,-2.297388019453640018e-01,-5.128789603807992065e-02,-2.668233622520626014e-01,-1.242768759609127333e-01,7.203551960424578460e-02
4.112546512170210944e-01,4.617636539207196633e-01,7.458547214118272928e-01,-3.360962282991823424e-01,1.000000000000000000e+00,-9.257879096781164441e-02,-1.039689861255000958e-01,-7.348991446187113086e-01,5.329504019785088476e-01,4.516667620881533174e-01,4.550659434259118549e-03,2.464091732471207497e-01,-3.983458166852190119e-01,6.019386042237946377e-01,2.411823268998998238e-01,4.930241422105990923e-01,1.020890531092160658e-01,8.138211097286442153e-02,-5.397737576316211875e-04,-1.224983830044899386e-01,4.437987730083980398e-01,4.166610961185829298e-01,4.349893937742807526e-01,3.851920948669718126e-01,4.533740162951142016e-01,3.446414403286339745e-01,3.058821173967444240e-01,5.616238497973919941e-01,1.175477511757730409e-01,4.668287654703006107e-01,3.589274344158332464e-01,1.301811770458470852e-01,3.591957638252409879e-01,6.772504921764085362e-01,1.867077470997142441e-01,1.880436936467657361e-01,1.729096767570683646e-01,3.126227036255314617e-01,2.768627651177635318e-01
2.581658723085714646e-01,-6.145438408915319256e-02,5.623692262038960249e-02,-2.193243833991784797e-01,-9.257879096781164441e-02,1.000000000000000000e+00,3.742955005007596401e-03,-2.759952604922191743e-03,-4.678289570187738056e-01,2.218519514212688171e-01,8.184186146627362435e-01,-4.496324954115312189e-01,-4.289644866843370097e-01,3.521162082752844480e-01,-5.446942495730144884e-01,8.124390440812614966e-02,7.081069078699409047e-01,-4.394637295895322260e-01,-5.183731878518519354e-01,9.474837631238253177e-02,3.793367081339789615e-01,9.436658439941911225e-02,3.134216646344486490e-01,2.969473617805860610e-01,4.850987575927483836e-02,3.284618800873279065e-01,4.229770274217521941e-01,3.183671867204380113e-01,6.129948659107213871e-01,-5.113459752937279251e-02,6.002348805114225971e-01,6.633791125432212388e-01,5.351387488624068656e-01,-1.384238128514845012e-01,6.212891784943774809e-01,3.815502661131939810e-01,7.339421462785710171e-01,-3.395558474769987400e-01,-5.034037663156165632e-01
1.610041896689161922e-01,6.564874056372764499e-02,-2.760661798442529680e-01,3.323734003395924508e-01,-1.039689861255000958e-01,3.742955005007596401e-03,1.000000000000000000e+00,2.944212803682567658e-01,-1.965609984643661712e-01,1.186978419559851505e-01,2.380817581829106425e-02,-2.982016232380419463e-01,6.081779049360250267e-02,6.740283773358732647e-03,-1.327244221590528073e-01,1.026313121996293987e-01,6.094680159875956460e-02,6.957288325504362714e-02,-4.220964829582053018e-02,6.426949142621281308e-02,-5.677469154406175438e-03,-3.012455288152264266e-01,-3.170871514283381265e-02,-1.175006799484279163e-01,4.611027023284186566e-02,3.967210628212990142e-02,-2.064058391762328415e-01,-2.579089097518106125e-02,1.357818572041027405e-01,1.460916501837528428e-02,-9.438786321781809929e-02,-1.103479154057557393e-01,-1.531760630006450408e-01,-3.366662679736200925e-01,-2.268241437797828206e-02,-7.328657804170642109e-02,3.982130403179943816e-03,-2.344688602329814964e-01,-2.353371123829974820e-01
-1.962515662208750844e-01,-2.841342852404194486e-01,-9.263493525256678573e-01,3.908111816374698622e-01,-7.348991446187113086e-01,-2.759952604922191743e-03,2.944212803682567658e-01,1.000000000000000000e+00,-4.384450334100946089e-01,-3.534395601903467243e-01,-1.201581004377861167e-01,-3.064481119938600728e-01,4.128688330375191451e-01,-4.978729391581943609e-01,-2.398262489600245240e-01,-3.494476537905085722e-01,-1.384378538328233932e-01,8.473169040692483944e-02,4.395387572667408538e-02,8.176681919244743746e-02,-5.789898222149394424e-01,-5.836794470294468518e-01,-4.751495296013552028e-01,-4.436706393498215384e-01,-4.221266333307953644e-01,-2.214454329429411117e-01,-3.652665774283126443e-01,-5.844722861156593785e-01,-4.801883980308004757e-02,-2.968944419748648089e-01,-5.500156226795896997e-01,-1.193269732821714418e-01,-5.702427080490987121e-01,-7.555301292333755914e-01,-1.649535747433503174e-01,-2.116852753404744880e-01,-1.617643356647281427e-01,-2.305322444958635697e-01,-3.656694896726508937e-01
2.105682289818791020e-01,5.846691643337935673e-01,4.343426915634036600e-01,-1.437887147324050097e-01,5.329504019785088476e-01,-4.678289570187738056e-01,-1.965609984643661712e-01,-4.384450334100946089e-01,1.000000000000000000e+00,3.613109699937988029e-01,-4.315357157546329536e-01,5.824315727740857485e-01,-8.383737642361531461e-02,3.036778974247603125e-01,5.262881964212053898e-01,5.156096631498552352e-01,-2.964521019565260485e-01,4.999449443697325246e-01,5.475872615168944080e-01,-8.685497794370090896e-02,-1.054425917357769832e-01,4.266328068934052142e-01,3.223268820864311213e-01,3.282347037462771122e-01,3.577187389893830005e-01,9.717425780600372209e-02,8.935966312167951953e-02,1.464761053460361673e-01,-1.829900953273854436e-01,6.414803126533522581e-01,-2.276976332398453207e-02,-2.493425767641468949e-02,4.510747686525519440e-02,5.511410392934301683e-01,-1.170861620229403516e-01,3.062692730888365647e-02,-8.403242710613947897e-02,6.403982367645031371e-01,6.078316238525171000e-01
7.412730744502427083e-01,5.403858889353631012e-01,3.905855011273184907e-01,-2.328861762548836145e-01,4.516667620881533174e-01,2.218519514212688171e-01,1.186978419559851505e-01,-3.534395601903467243e-01,3.613109699937988029e-01,1.000000000000000000e+00,1.822003346966651338e-01,2.332990091952053674e-02,-4.863469143510547599e-01,7.147358320661938436e-01,9.710833159413449767e-02,8.823417298022649957e-01,2.581537474512138330e-01,1.690198919322394300e-01,1.183646325899659069e-01,7.764834006727709681e-02,4.411566171368690448e-01,2.845371422682506091e-01,7.777185038535824324e-01,6.071622499251220217e-01,7.107217475292705311e-01,6.810583967111094594e-01,4.465919084877593148e-01,6.576356657361490665e-01,6.218497515760561534e-01,6.710471829191240190e-01,4.554337941263303935e-01,2.519469698380141787e-01,4.862137476151235371e-01,3.290989629944052752e-01,5.676277374086682315e-01,5.071942525506012434e-01,5.916155377832924556e-01,3.604849533975203468e-01,1.471672673410087395e-01
2.905151057840781315e-01,-6.300662412952610925e-02,1.633062724551885281e-01,-3.259384479209136432e-01,4.550659434259118549e-03,8.184186146627362435e-01,2.380817581829106425e-02,-1.201581004377861167e-01,-4.315357157546329536e-01,1.822003346966651338e-01,1.000000000000000000e+00,-5.196179132044331794e-01,-4.852357668954669911e-01,3.079284627220293946e-01,-5.212935214375784554e-01,3.094313165295800236e-02,8.202256465423926057e-01,-5.265140375036795328e-01,-5.227321206783661633e-01,1.302503970093476515e-01,4.738031020813179284e-01,1.521112567320031528e-01,3.063655772701101565e-01,3.049964971692274984e-01,4.285411892503959014e-02,3.451757656226231985e-01,4.274652217736054638e-01,3.836275384196814464e-01,5.314408820014422385e-01,-3.961725767552982252e-02,6.579382913373784669e-01,6.514842102248454836e-01,5.883470283696622394e-01,-8.195916668566233243e-02,4.792070560948132329e-01,2.182092712105791477e-01,6.409316334988263142e-01,-2.721409415494214779e-01,-4.661308071092284955e-01
-2.647783287048545153e-01,1.833163227070203904e-01,2.813967830910584778e-01,1.724190396602773567e-01,2.464091732471207497e-01,-4.496324954115312189e-01,-2.982016232380419463e-01,-3.064481119938600728e-01,5.824315727740857485e-01,2.332990091952053674e-02,-5.196179132044331794e-01,1.000000000000000000e+00,2.287870608692543495e-01,-3.817361629239350313e-03,6.645267800679692805e-01,1.659031374885856502e-01,-5.514436435357125132e-01,5.982033212458642835e-01,4.930509147053854235e-01,1.067781940272393842e-01,-2.176831639180709654e-01,4.331321851645238419e-01,6.211582989646519809e-02,1.324348094783223684e-01,1.198732510633160331e-01,-1.844071013518740199e-01,1.240445019630307018e-02,-6.197324265809696364e-02,-3.904325143011957988e-01,6.749405061643823367e-02,-1.181624070336004251e-01,-1.391728459066555179e-01,-2.353988454354477219e-02,4.724653519951215186e-01,-2.378698017701998402e-01,8.776360501824112840e-04,-2.260388019676118077e-01,4.184546890159179799e-01,6.323630180671340195e-01
-4.725573115462781693e-01,-3.568390913758959782e-01,-4.466671779677184317e-01,5.415157972697024480e-01,-3.983458166852190119e-01,-4.289644866843370097e-01,6.081779049360250267e-02,4.128688330375191451e-01,-8.383737642361531461e-02,-4.863469143510547599e-01,-4.852357668954669911e-01,2.287870608692543495e-01,1.000000000000000000e+00,-4.722478170693303889e-01,3.172763984243461843e-01,-3.903625318960864399e-01,-5.017570117704258648e-01,3.791405339929906360e-01,3.076708438247781618e-01,1.828841809434197940e-02,-4.659690957889747187e-01,-3.076149738914788490e-01,-4.100391774723023408e-01,-3.944973279767253760e-01,-2.460914630019402638e-01,-3.792117810960560775e-01,-4.600501907304790361e-01,-5.389523029344090999e-01,-4.137605883389386952e-01,-3.573307321849980012e-01,-6.572086271117405509e-01,-5.097945556459049232e-01,-5.225627024032795109e-01,-2.575458761433366828e-01,-4.407218598390233444e-01,-2.407435738312683482e-01,-5.724553438144942552e-01,2.668578140097339901e-02,9.273597496577622168e-02
6.613600155433417838e-01,4.128676369979160654e-01,5.413140967694229921e-01,-2.363210479382883145e-01,6.019386042237946377e-01,3.521162082752844480e-01,6.740283773358732647e-03,-4.978729391581943609e-01,3.036778974247603125e-01,7.147358320661938436e-01,3.079284627220293946e-01,-3.817361629239350313e-03,-4.722478170693303889e-01,1.000000000000000000e+00,3.352303807934564617e-02,6.708996444188828345e-01,4.148494532142084079e-01,9.398127642889391939e-03,-1.043946855690776471e-01,-1.687832275379847619e-02,5.345526511105620493e-01,3.271198082184545997e-01,6.971350632445706408e-01,6.391572917280594623e-01,6.202182192059375598e-01,6.625971133862528228e-01,5.421551623252727214e-01,7.108840495639067170e-01,6.192767754920167622e-01,5.236189310101200256e-01,5.901849715514455585e-01,3.457446866035336352e-01,6.090333918851799089e-01,5.212129973212058509e-01,6.422861479182619959e-01,5.666418065455889330e-01,6.318912905587641404e-01,2.801275684454879178e-01,3.278851621775964037e-02
-7.733587022062417271e-02,5.877591592472233839e-02,2.115990242999377935e-01,1.096758042076560469e-01,2.411823268998998238e-01,-5.446942495730144884e-01,-1.327244221590528073e-01,-2.398262489600245240e-01,5.262881964212053898e-01,9.710833159413449767e-02,-5.212935214375784554e-01,6.645267800679692805e-01,3.172763984243461843e-01,3.352303807934564617e-02,1.000000000000000000e+00,2.017928515898670672e-01,-5.226056975868599297e-01,6.635345603744723375e-01,6.052661564530990024e-01,1.723037164210458605e-01,-9.490862162111039779e-02,2.083756057814241114e-01,1.163889323817303006e-01,8.192931725310780011e-02,2.976163897383795054e-01,1.002662441346415106e-01,-8.329934853922528470e-02,1.049128321901216798e-01,-1.748533452952220346e-01,1.307478823854854311e-01,-2.626820274845615422e-01,-4.159313301330994084e-01,-8.666332250717803665e-02,3.895354171829396028e-01,-2.090912640454272997e-01,-4.301265508121186049e-02,-3.367897009711268708e-01,5.752965538027496883e-01,4.985493203433567500e-01
7.013673788505726536e-01,6.470306414216488999e-01,3.803063357027421376e-01,-2.066898680506214225e-01,4.930241422105990923e-01,8.124390440812614966e-02,1.026313121996293987e-01,-3.494476537905085722e-01,5.156096631498552352e-01,8.823417298022649957e-01,3.094313165295800236e-02,1.659031374885856502e-01,-3.903625318960864399e-01,6.708996444188828345e-01,2.017928515898670672e-01,1.000000000000000000e+00,1.244923386655998748e-01,2.838014851962163965e-01,2.401772195885682470e-01,1.831901908815221705e-02,3.118447230205951270e-01,3.042058203862338939e-01,7.460982572943686275e-01,5.689505933380298863e-01,6.842595857667647108e-01,5.739793060709771355e-01,3.492273326120812205e-01,5.514673519654600398e-01,4.813017773038124059e-01,7.256019778634771322e-01,3.277546736514720394e-01,2.169001840916454649e-01,3.782108132956901736e-01,3.491117199097430457e-01,4.430480458728795479e-01,4.579096204245172164e-01,4.892197587954371651e-01,4.305523257562300365e-01,2.390026563970362172e-01
4.565000187175458080e-01,5.822501928077298411e-02,1.872198328879585982e-01,-3.243797795747033752e-01,1.020890531092160658e-01,7.081069078699409047e-01,6.094680159875956460e-02,-1.384378538328233932e-01,-2.964521019565260485e-01,2.581537474512138330e-01,8.202256465423926057e-01,-5.514436435357125132e-01,-5.017570117704258648e-01,4.148494532142084079e-01,-5.226056975868599297e-01,1.244923386655998748e-01,1.000000000000000000e+00,-5.409595022604890557e-01,-5.277501065900954691e-01,4.432325887059148511e-02,4.896180442786939868e-01,1.654044457833852289e-01,3.213539434197177358e-01,3.840483760266970581e-01,9.599849308741977005e-02,4.231922685978652399e-01,3.891822791960468098e-01,4.478193051294826477e-01,5.315776605904284358e-01,1.724033584051672952e-01,6.470164737924204434e-01,5.976615404303083912e-01,5.671996029415218299e-01,9.051636253229057572e-03,4.625359060507780451e-01,2.563021691594634666e-01,6.480792281765909157e-01,-1.475348673336140670e-01,-4.568309251337496213e-01
-1.426084452879908954e-02,1.729062059131439288e-01,-8.725290836488604207e-02,3.882007177321896707e-01,8.138211097286442153e-02,-4.394637295895322260e-01,6.957288325504362714e-02,8.473169040692483944e-02,4.999449443697325246e-01,1.690198919322394300e-01,-5.265140375036795328e-01,5.982033212458642835e-01,3.791405339929906360e-01,9.398127642889391939e-03,6.635345603744723375e-01,2.838014851962163965e-01,-5.409595022604890557e-01,1.000000000000000000e+00,7.461110789115164010e-01,1.512068332019589068e-01,-3.143207183638284663e-01,4.462856063994627420e-02,1.053855826669796991e-01,-2.493415940929716995e-02,2.396144587605912590e-01,8.453910640235501317e-02,-5.337123477739132149e-02,-8.680123053745529560e-02,-7.580040953698674588e-02,2.012729481165665135e-01,-3.516964002103085130e-01,-2.312037936990305742e-01,-2.269531368840475571e-01,5.734964896175172300e-02,-1.675709293110189957e-01,1.424711938220235216e-02,-2.216069199724392536e-01,5.453657218836275300e-01,4.760484687628444567e-01
-6.286275759588097478e-02,1.514320205038424960e-01,-5.020462217866134003e-02,2.254066904588913067e-01,-5.397737576316211875e-04,-5.183731878518519354e-01,-4.220964829582053018e-02,4.395387572667408538e-02,5.475872615168944080e-01,1.183646325899659069e-01,-5.227321206783661633e-01,4.930509147053854235e-01,3.076708438247781618e-01,-1.043946855690776471e-01,6.052661564530990024e-01,2.401772195885682470e-01,-5.277501065900954691e-01,7.461110789115164010e-01,1.000000000000000000e+00,9.208408285429849072e-02,-3.280689700285359112e-01,-2.718204883715387779e-02,1.166861025519368711e-01,-5.268292061832719614e-02,2.476401488026069297e-01,-1.723712628035554278e-02,1.202666603232853230e-02,-1.830254102853255127e-01,-1.698413274200922252e-01,2.816469127284074725e-01,-3.566075758818370023e-01,-2.327978311860622873e-01,-2.622609431788174850e-01,-3.473690046583158275e-02,-2.528960324001718885e-01,-9.047816208671252691e-02,-2.971271949330571149e-01,6.455341271156238570e-01,6.385960559096416356e-01
2.714351308799231241e-02,-4.154230590735940448e-02,-6.558165288402378890e-02,1.612378019493959369e-01,-1.224983830044899386e-01,9.474837631238253177e-02,6.426949142621281308e-02,8.176681919244743746e-02,-8.685497794370090896e-02,7.764834006727709681e-02,1.302503970093476515e-01,1.067781940272393842e-01,1.828841809434197940e-02,-1.687832275379847619e-02,1.723037164210458605e-01,1.831901908815221705e-02,4.432325887059148511e-02,1.512068332019589068e-01,9.208408285429849072e-02,1.000000000000000000e+00,2.603952512165933278e-02,1.437043497370337208e-01,9.553773580453764347e-02,1.557625252342251243e-01,1.370066038181007584e-01,1.482353017361861813e-01,1.640122231794480523e-01,1.791906549494370893e-01,1.048907044140816591e-01,-6.957316060313108175e-02,1.173006095281939887e-01,8.319075526155614297e-02,1.244105963796809794e-01,-3.928637020012368947e-02,4.452550513758482542e-02,9.761924797829567291e-02,1.160215458973547081e-01,8.044899998259230633e-02,5.190450333888814438e-02
4.730290553005841447e-01,1.092821951699946004e-01,6.005848040823681400e-01,-3.192895932878543341e-01,4.437987730083980398e-01,3.793367081339789615e-01,-5.677469154406175438e-03,-5.789898222149394424e-01,-1.054425917357769832e-01,4.411566171368690448e-01,4.738031020813179284e-01,-2.176831639180709654e-01,-4.659690957889747187e-01,5.345526511105620493e-01,-9.490862162111039779e-02,3.118447230205951270e-01,4.896180442786939868e-01,-3.143207183638284663e-01,-3.280689700285359112e-01,2.603952512165933278e-02,1.000000000000000000e+00,2.674572487259067599e-01,5.168362400723304217e-01,3.809695589680393568e-01,4.422110872299267470e-01,5.495256727758934812e-01,4.647889899010555492e-01,7.403612828482630803e-01,4.932957187096844720e-01,1.444740490454338999e-01,6.655720247489018693e-01,1.813038680956805537e-01,6.800022321924662494e-01,3.692631572905016313e-01,4.680382387747135664e-01,4.301385854275437959e-01,4.347054098767903496e-01,1.135355182671014297e-02,-1.071442694659076600e-01
1.327823496354083865e-01,2.972663390168258646e-01,5.861118761041310687e-01,-3.029479706629158997e-01,4.166610961185829298e-01,9.436658439941911225e-02,-3.012455288152264266e-01,-5.836794470294468518e-01,4.266328068934052142e-01,2.845371422682506091e-01,1.521112567320031528e-01,4.331321851645238419e-01,-3.076149738914788490e-01,3.271198082184545997e-01,2.083756057814241114e-01,3.042058203862338939e-01,1.654044457833852289e-01,4.462856063994627420e-02,-2.718204883715387779e-02,1.437043497370337208e-01,2.674572487259067599e-01,1.000000000000000000e+00,3.331600866141615769e-01,4.833135862900633795e-01,1.858654401674649514e-01,1.511428511788745210e-01,3.162785046781813048e-01,3.877995805612323155e-01,1.726451030970782563e-02,2.886387650654330117e-01,4.695330509191424362e-01,3.127342239302941529e-01,5.193292027574745173e-01,5.808185791478095439e-01,1.773950224794855479e-01,1.927771791696395454e-01,2.676595352278212658e-01,2.836246633466483202e-01,3.083811228067662724e-01
5.956410552402610081e-01,4.631578821113735978e-01,5.139572101050809971e-01,-3.108220078631344641e-01,4.349893937742807526e-01,3.134216646344486490e-01,-3.170871514283381265e-02,-4.751495296013552028e-01,3.223268820864311213e-01,7.777185038535824324e-01,3.063655772701101565e-01,6.211582989646519809e-02,-4.100391774723023408e-01,6.971350632445706408e-01,1.163889323817303006e-01,7.460982572943686275e-01,3.213539434197177358e-01,1.053855826669796991e-01,1.166861025519368711e-01,9.553773580453764347e-02,5.168362400723304217e-01,3.331600866141615769e-01,1.000000000000000000e+00,6.623959817689469842e-01,7.849469987825473671e-01,5.940294058067632221e-01,5.635260844824279136e-01,6.346783662984984975e-01,5.614545550140760399e-01,5.325896071531381892e-01,5.395140988396174286e-01,3.430875657658902234e-01,6.077162405921457955e-01,3.624987211445542812e-01,5.208187871855604056e-01,5.537918207296474993e-01,5.883023247204249850e-01,3.622944711855616839e-01,2.314184212463097912e-01
4.266645179577817637e-01,3.804451915526393946e-01,4.891762203757167859e-01,-2.877051885039396129e-01,3.851920948669718126e-01,2.969473617805860610e-01,-1.175006799484279163e-01,-4.436706393498215384e-01,3.282347037462771122e-01,6.071622499251220217e-01,3.049964971692274984e-01,1.324348094783223684e-01,-3.944973279767253760e-01,6.391572917280594623e-01,8.192931725310780011e-02,5.689505933380298863e-01,3.840483760266970581e-01,-2.493415940929716995e-02,-5.268292061832719614e-02,1.557625252342251243e-01,3.809695589680393568e-01,4.833135862900633795e-01,6.623959817689469842e-01,1.000000000000000000e+00,5.701267159373645255e-01,4.210402717107775694e-01,4.016503755368587836e-01,5.504906786564796040e-01,3.594848461607921819e-01,4.337346044329947747e-01,5.528068186019222674e-01,3.410084127927715536e-01,5.882104370604316346e-01,4.894886303926187510e-01,4.554218149258750792e-01,3.370109164957220127e-01,5.825070610620211031e-01,2.230977550709318524e-01,1.605595368142606616e-01
5.480184911502441469e-01,3.551824474944441090e-01,4.487552141899872615e-01,-7.980902044015508734e-02,4.533740162951142016e-01,4.850987575927483836e-02,4.611027023284186566e-02,-4.221266333307953644e-01,3.577187389893830005e-01,7.107217475292705311e-01,4.285411892503959014e-02,1.198732510633160331e-01,-2.460914630019402638e-01,6.202182192059375598e-01,2.976163897383795054e-01,6.842595857667647108e-01,9.599849308741977005e-02,2.396144587605912590e-01,2.476401488026069297e-01,1.370066038181007584e-01,4.422110872299267470e-01,1.858654401674649514e-01,7.849469987825473671e-01,5.701267159373645255e-01,1.000000000000000000e+00,5.709804126995536855e-01,4.659150826881648388e-01,5.971846526687214496e-01,4.783492624698740259e-01,4.543639192090491719e-01,3.100787234410304349e-01,3.178912706680809414e-02,4.111253291229096662e-01,3.886160030722191627e-01,4.285101918395550769e-01,5.057438539926276677e-01,3.837562623566170839e-01,4.196623227346513718e-01,3.738132504031100867e-01
7.759242020110633797e-01,1.809312685850586189e-01,2.556694337139063800e-01,-2.183034835106581750e-01,3.446414403286339745e-01,3.284618800873279065e-01,3.967210628212990142e-02,-2.214454329429411117e-01,9.717425780600372209e-02,6.810583967111094594e-01,3.451757656226231985e-01,-1.844071013518740199e-01,-3.792117810960560775e-01,6.625971133862528228e-01,1.002662441346415106e-01,5.739793060709771355e-01,4.231922685978652399e-01,8.453910640235501317e-02,-1.723712628035554278e-02,1.482353017361861813e-01,5.495256727758934812e-01,1.511428511788745210e-01,5.940294058067632221e-01,4.210402717107775694e-01,5.709804126995536855e-01,1.000000000000000000e+00,5.024156306176995601e-01,7.723900277516453361e-01,7.887026792089749661e-01,4.453937975903330959e-01,4.288169741250280609e-01,2.097753651457569812e-01,5.294419923994436727e-01,2.776268908495854171e-01,6.438598668071646713e-01,5.336171784752119507e-01,5.559660306998218671e-01,3.951088086427914647e-01,-1.539672791241054883e-01
4.172394013524398093e-01,1.505951589475145735e-01,4.019319887084488729e-01,-2.209346806657217777e-01,3.058821173967444240e-01,4.229770274217521941e-01,-2.064058391762328415e-01,-3.652665774283126443e-01,8.935966312167951953e-02,4.465919084877593148e-01,4.274652217736054638e-01,1.240445019630307018e-02,-4.600501907304790361e-01,5.421551623252727214e-01,-8.329934853922528470e-02,3.492273326120812205e-01,3.891822791960468098e-01,-5.337123477739132149e-02,1.202666603232853230e-02,1.640122231794480523e-01,4.647889899010555492e-01,3.162785046781813048e-01,5.635260844824279136e-01,4.016503755368587836e-01,4.659150826881648388e-01,5.024156306176995601e-01,1.000000000000000000e+00,4.885999345502352598e-01,5.135622549556050354e-01,2.517851860858112967e-01,6.250909882620091507e-01,5.498334564844672423e-01,6.440839553279188445e-01,2.661547562375042308e-01,5.462680049360284507e-01,5.736703413332693291e-01,6.082452251531395016e-01,3.094143284587383969e-01,2.315138502145746846e-01
6.400071170776399088e-01,2.039724415836468296e-01,6.104811807382038991e-01,-3.331863696322321933e-01,5.616238497973919941e-01,3.183671867204380113e-01,-2.579089097518106125e-02,-5.844722861156593785e-01,1.464761053460361673e-01,6.576356657361490665e-01,3.836275384196814464e-01,-6.197324265809696364e-02,-5.389523029344090999e-01,7.108840495639067170e-01,1.049128321901216798e-01,5.514673519654600398e-01,4.478193051294826477e-01,-8.680123053745529560e-02,-1.830254102853255127e-01,1.791906549494370893e-01,7.403612828482630803e-01,3.877995805612323155e-01,6.346783662984984975e-01,5.504906786564796040e-01,5.971846526687214496e-01,7.723900277516453361e-01,4.885999345502352598e-01,1.000000000000000000e+00,6.170766281339089554e-01,3.670677479166091217e-01,6.616953006003483129e-01,1.889420933355850651e-01,6.969428635290680907e-01,5.393338044472987258e-01,5.530181567908287743e-01,4.869110534148163305e-01,5.129747308165525377e-01,2.432825283512645986e-01,-4.139465958158902725e-02
6.710452200856519278e-01,8.167856464343513367e-02,9.374212853137199597e-02,-1.929577647338850399e-01,1.175477511757730409e-01,6.129948659107213871e-01,1.357818572041027405e-01,-4.801883980308004757e-02,-1.829900953273854436e-01,6.218497515760561534e-01,5.314408820014422385e-01,-3.904325143011957988e-01,-4.137605883389386952e-01,6.192767754920167622e-01,-1.748533452952220346e-01,4.813017773038124059e-01,5.315776605904284358e-01,-7.580040953698674588e-02,-1.698413274200922252e-01,1.048907044140816591e-01,4.932957187096844720e-01,1.726451030970782563e-02,5.614545550140760399e-01,3.594848461607921819e-01,4.783492624698740259e-01,7.887026792089749661e-01,5.135622549556050354e-01,6.170766281339089554e-01,1.000000000000000000e+00,2.970446759271518911e-01,4.599115028027568330e-01,3.769051586709877277e-01,5.052951607845735937e-01,-3.058090975702754122e-03,8.001786944953551695e-01,5.862402212844698424e-01,7.157257138987184186e-01,1.451742515932220312e-01,-3.147920212627091652e-01
6.698218942548500587e-01,6.848245911678368936e-01,3.316702272679030172e-01,-2.835482957039542340e-01,4.668287654703006107e-01,-5.113459752937279251e-02,1.460916501837528428e-02,-2.968944419748648089e-01,6.414803126533522581e-01,6.710471829191240190e-01,-3.961725767552982252e-02,6.749405061643823367e-02,-3.573307321849980012e-01,5.236189310101200256e-01,1.307478823854854311e-01,7.256019778634771322e-01,1.724033584051672952e-01,2.012729481165665135e-01,2.816469127284074725e-01,-6.957316060313108175e-02,1.444740490454338999e-01,2.886387650654330117e-01,5.325896071531381892e-01,4.337346044329947747e-01,4.543639192090491719e-01,4.453937975903330959e-01,2.517851860858112967e-01,3.670677479166091217e-01,2.970446759271518911e-01,1.000000000000000000e+00,2.105516807854606320e-01,2.546757841568092484e-01,2.115929101320589423e-01,2.814804576010971338e-01,2.498699742304855420e-01,2.557838583513220021e-01,3.343226424580138523e-01,5.075540770556646875e-01,2.183130734818840013e-01
3.888877905968270987e-01,2.012318092650635104e-01,5.994030301420198992e-01,-3.416222660000495237e-01,3.589274344158332464e-01,6.002348805114225971e-01,-9.438786321781809929e-02,-5.500156226795896997e-01,-2.276976332398453207e-02,4.554337941263303935e-01,6.579382913373784669e-01,-1.181624070336004251e-01,-6.572086271117405509e-01,5.901849715514455585e-01,-2.626820274845615422e-01,3.277546736514720394e-01,6.470164737924204434e-01,-3.516964002103085130e-01,-3.566075758818370023e-01,1.173006095281939887e-01,6.655720247489018693e-01,4.695330509191424362e-01,5.395140988396174286e-01,5.528068186019222674e-01,3.100787234410304349e-01,4.288169741250280609e-01,6.250909882620091507e-01,6.616953006003483129e-01,4.599115028027568330e-01,2.105516807854606320e-01,1.000000000000000000e+00,5.715265012182050297e-01,8.207017041330363361e-01,3.859365487667292260e-01,5.157635412447758583e-01,4.126732946136931757e-01,6.740402066501974820e-01,-5.701451520131180922e-02,-7.178620689105899566e-02
2.972780732487135813e-01,3.093669392001801022e-01,1.725876816380780276e-01,-3.041791890096196549e-01,1.301811770458470852e-01,6.633791125432212388e-01,-1.103479154057557393e-01,-1.193269732821714418e-01,-2.493425767641468949e-02,2.519469698380141787e-01,6.514842102248454836e-01,-1.391728459066555179e-01,-5.097945556459049232e-01,3.457446866035336352e-01,-4.159313301330994084e-01,2.169001840916454649e-01,5.976615404303083912e-01,-2.312037936990305742e-01,-2.327978311860622873e-01,8.319075526155614297e-02,1.813038680956805537e-01,3.127342239302941529e-01,3.430875657658902234e-01,3.410084127927715536e-01,3.178912706680809414e-02,2.097753651457569812e-01,5.498334564844672423e-01,1.889420933355850651e-01,3.769051586709877277e-01,2.546757841568092484e-01,5.715265012182050297e-01,1.000000000000000000e+00,4.677033606283064748e-01,-1.823669162162961516e-02,4.356456884988855749e-01,2.647088722290361074e-01,7.081962207298021506e-01,-2.454693007700246496e-02,-1.677917788752491257e-01
4.243914614617112502e-01,1.956212263881280111e-01,6.093344083274523371e-01,-3.464187721586413637e-01,3.591957638252409879e-01,5.351387488624068656e-01,-1.531760630006450408e-01,-5.702427080490987121e-01,4.510747686525519440e-02,4.862137476151235371e-01,5.883470283696622394e-01,-2.353988454354477219e-02,-5.225627024032795109e-01,6.090333918851799089e-01,-8.666332250717803665e-02,3.782108132956901736e-01,5.671996029415218299e-01,-2.269531368840475571e-01,-2.622609431788174850e-01,1.244105963796809794e-01,6.800022321924662494e-01,5.193292027574745173e-01,6.077162405921457955e-01,5.882104370604316346e-01,4.111253291229096662e-01,5.294419923994436727e-01,6.440839553279188445e-01,6.969428635290680907e-01,5.052951607845735937e-01,2.115929101320589423e-01,8.207017041330363361e-01,4.677033606283064748e-01,1.000000000000000000e+00,4.640199011835070553e-01,5.258785443189769593e-01,5.274864362215972990e-01,6.577764554482118387e-01,8.843321487777966450e-02,-2.960067676902895448e-02
1.968344516697280444e-01,2.552358598873402662e-01,7.390958757278136559e-01,-2.465257676963605871e-01,6.772504921764085362e-01,-1.384238128514845012e-01,-3.366662679736200925e-01,-7.555301292333755914e-01,5.511410392934301683e-01,3.290989629944052752e-01,-8.195916668566233243e-02,4.724653519951215186e-01,-2.575458761433366828e-01,5.212129973212058509e-01,3.895354171829396028e-01,3.491117199097430457e-01,9.051636253229057572e-03,5.734964896175172300e-02,-3.473690046583158275e-02,-3.928637020012368947e-02,3.692631572905016313e-01,5.808185791478095439e-01,3.624987211445542812e-01,4.894886303926187510e-01,3.886160030722191627e-01,2.776268908495854171e-01,2.661547562375042308e-01,5.393338044472987258e-01,-3.058090975702754122e-03,2.814804576010971338e-01,3.859365487667292260e-01,-1.823669162162961516e-02,4.640199011835070553e-01,1.000000000000000000e+00,1.656363117036223354e-01,2.548135419730128692e-01,1.223253562170706771e-01,3.283604131551666749e-01,3.625728197930804253e-01
5.396011936548730237e-01,8.000239698458987136e-02,2.070802745378767240e-01,-2.297388019453640018e-01,1.867077470997142441e-01,6.212891784943774809e-01,-2.268241437797828206e-02,-1.649535747433503174e-01,-1.170861620229403516e-01,5.676277374086682315e-01,4.792070560948132329e-01,-2.378698017701998402e-01,-4.407218598390233444e-01,6.422861479182619959e-01,-2.090912640454272997e-01,4.430480458728795479e-01,4.625359060507780451e-01,-1.675709293110189957e-01,-2.528960324001718885e-01,4.452550513758482542e-02,4.680382387747135664e-01,1.773950224794855479e-01,5.208187871855604056e-01,4.554218149258750792e-01,4.285101918395550769e-01,6.438598668071646713e-01,5.462680049360284507e-01,5.530181567908287743e-01,8.001786944953551695e-01,2.498699742304855420e-01,5.157635412447758583e-01,4.356456884988855749e-01,5.258785443189769593e-01,1.656363117036223354e-01,1.000000000000000000e+00,5.781375881508167280e-01,7.442826943918331439e-01,7.188734742129605781e-02,-2.201733852112665035e-01
4.621257567104288255e-01,2.042714644027915916e-01,2.361930843763602739e-01,-5.128789603807992065e-02,1.880436936467657361e-01,3.815502661131939810e-01,-7.328657804170642109e-02,-2.116852753404744880e-01,3.062692730888365647e-02,5.071942525506012434e-01,2.182092712105791477e-01,8.776360501824112840e-04,-2.407435738312683482e-01,5.666418065455889330e-01,-4.301265508121186049e-02,4.579096204245172164e-01,2.563021691594634666e-01,1.424711938220235216e-02,-9.047816208671252691e-02,9.761924797829567291e-02,4.301385854275437959e-01,1.927771791696395454e-01,5.537918207296474993e-01,3.370109164957220127e-01,5.057438539926276677e-01,5.336171784752119507e-01,5.736703413332693291e-01,4.869110534148163305e-01,5.862402212844698424e-01,2.557838583513220021e-01,4.126732946136931757e-01,2.647088722290361074e-01,5.274864362215972990e-01,2.548135419730128692e-01,5.781375881508167280e-01,1.000000000000000000e+00,5.644297722965168074e-01,2.153155043696640125e-01,3.060553447363008675e-02
5.775012156872885161e-01,3.247476585986149855e-01,2.223101215058345403e-01,-2.668233622520626014e-01,1.729096767570683646e-01,7.339421462785710171e-01,3.982130403179943816e-03,-1.617643356647281427e-01,-8.403242710613947897e-02,5.916155377832924556e-01,6.409316334988263142e-01,-2.260388019676118077e-01,-5.724553438144942552e-01,6.318912905587641404e-01,-3.367897009711268708e-01,4.892197587954371651e-01,6.480792281765909157e-01,-2.216069199724392536e-01,-2.971271949330571149e-01,1.160215458973547081e-01,4.347054098767903496e-01,2.676595352278212658e-01,5.883023247204249850e-01,5.825070610620211031e-01,3.837562623566170839e-01,5.559660306998218671e-01,6.082452251531395016e-01,5.129747308165525377e-01,7.157257138987184186e-01,3.343226424580138523e-01,6.740402066501974820e-01,7.081962207298021506e-01,6.577764554482118387e-01,1.223253562170706771e-01,7.442826943918331439e-01,5.644297722965168074e-01,1.000000000000000000e+00,-8.124339295931190530e-03,-2.246773072671058302e-01
3.223158291986968349e-01,2.247017556195921584e-01,2.248579752314984470e-01,-1.242768759609127333e-01,3.126227036255314617e-01,-3.395558474769987400e-01,-2.344688602329814964e-01,-2.305322444958635697e-01,6.403982367645031371e-01,3.604849533975203468e-01,-2.721409415494214779e-01,4.184546890159179799e-01,2.668578140097339901e-02,2.801275684454879178e-01,5.752965538027496883e-01,4.305523257562300365e-01,-1.475348673336140670e-01,5.453657218836275300e-01,6.455341271156238570e-01,8.044899998259230633e-02,1.135355182671014297e-02,2.836246633466483202e-01,3.622944711855616839e-01,2.230977550709318524e-01,4.196623227346513718e-01,3.951088086427914647e-01,3.094143284587383969e-01,2.432825283512645986e-01,1.451742515932220312e-01,5.075540770556646875e-01,-5.701451520131180922e-02,-2.454693007700246496e-02,8.843321487777966450e-02,3.283604131551666749e-01,7.188734742129605781e-02,2.153155043696640125e-01,-8.124339295931190530e-03,1.000000000000000000e+00,5.475263895796138591e-01
-1.241430713454882845e-01,2.016606339102137158e-01,3.424230493940564890e-01,7.203551960424578460e-02,2.768627651177635318e-01,-5.034037663156165632e-01,-2.353371123829974820e-01,-3.656694896726508937e-01,6.078316238525171000e-01,1.471672673410087395e-01,-4.661308071092284955e-01,6.323630180671340195e-01,9.273597496577622168e-02,3.278851621775964037e-02,4.985493203433567500e-01,2.390026563970362172e-01,-4.568309251337496213e-01,4.760484687628444567e-01,6.385960559096416356e-01,5.190450333888814438e-02,-1.071442694659076600e-01,3.083811228067662724e-01,2.314184212463097912e-01,1.605595368142606616e-01,3.738132504031100867e-01,-1.539672791241054883e-01,2.315138502145746846e-01,-4.139465958158902725e-02,-3.147920212627091652e-01,2.183130734818840013e-01,-7.178620689105899566e-02,-1.677917788752491257e-01,-2.960067676902895448e-02,3.625728197930804253e-01,-2.201733852112665035e-01,3.060553447363008675e-02,-2.246773072671058302e-01,5.475263895796138591e-01,1.000000000000000000e+00
