1.000000000000000000e+00,4.418452491120641312e-01,3.009669903808487312e-01,1.221778816700501008e-01,2.057028470183995539e-01,1.917337215250014271e-01,-1.343776627619541475e-01,-2.211366196650180194e-01,4.839773312247457882e-01,3.336375939746302755e-01,1.635854153919901466e-01,-2.073260441844994566e-03,6.512752588515258179e-02,3.432496007889906942e-01,-1.088746509761052833e-01,3.953442292146668313e-01,3.727270257733730219e-01,2.837055376092754155e-01,1.406803626094694781e-01,1.333056805832370240e-01,1.729151384690627569e-01,1.000537821036699415e-01,1.157620788355171598e-01,2.499678125563896403e-01,2.092358632029456267e-01,3.847837397508538371e-01,2.718561702366205091e-01,3.238212827488749501e-01,4.894127261794481432e-01,4.468000265207991428e-01,-1.076097314615118324e-02,3.173990339138808570e-01,2.908947175154121267e-01,1.971917148227373962e-01,3.644433875598002692e-01,3.939492353720098761e-01,4.607427424653042225e-01,3.672798740244115900e-01,3.208634913598174543e-01
4.418452491120641312e-01,1.000000000000000000e+00,5.127496819514100190e-01,-5.529622710239729538e-02,4.197058777985663847e-01,4.673314840080933230e-01,2.553092086571604469e-01,-2.756061959262424699e-01,3.976676323436895144e-01,5.491043522183274295e-01,5.409343888574668080e-01,4.300964640551858120e-01,4.960520063357101717e-01,6.018294415554746868e-01,-2.193831319560372167e-02,5.346191719811752563e-01,3.883889390186102131e-01,4.180521541244052730e-01,4.178945249114637273e-01,2.700366683024593151e-01,3.244276004089578502e-01,4.837719431217782917e-01,5.264772056468328687e-01,1.623259736493751215e-01,2.872194678181736460e-01,4.856998654651362157e-01,5.247412153199935148e-01,4.451496203540631913e-01,4.462257492793895719e-01,5.657331805775590583e-01,4.245942019868514383e-01,7.525156479210108884e-01,5.413286866203447234e-01,2.661531793283281599e-01,4.687755885319567772e-01,5.559072752171340115e-01,6.979872289585170586e-01,2.015798081656063057e-01,6.137000107927665926e-01
3.009669903808487312e-01,5.127496819514100190e-01,1.000000000000000000e+00,1.238426090345547542e-01,7.207603404842409800e-01,4.457485240437140672e-01,1.908418205716476967e-01,-7.124706692886999537e-01,5.254458001747419615e-01,6.770710689674465099e-01,5.296034766085205847e-01,3.791231118985958215e-01,3.939982094071302621e-01,6.356818304166809153e-01,-6.270031525675923145e-02,6.527347346701271036e-01,5.919049378726523036e-01,5.595523803037147914e-01,6.386415992508004402e-01,4.458036365827069969e-01,6.195199492011719267e-01,5.403533338317496604e-01,5.514648945690607817e-01,3.268560785246468203e-01,5.014831059383999534e-01,5.367212306309435688e-01,5.529635793134706212e-01,5.269791431988700703e-01,4.936278201302574109e-01,6.809184617948437213e-01,2.319729524097959017e-01,5.584677411891657561e-01,7.450520884130674704e-01,5.425641545039241453e-01,4.510939007229916031e-01,3.048330700592113418e-01,5.504698466572560678e-01,4.066180896362459607e-01,5.650314858186815670e-01
1.221778816700501008e-01,-5.529622710239729538e-02,1.238426090345547542e-01,1.000000000000000000e+00,-4.308769549366960050e-02,1.620497178716419073e-01,4.737277435479778087e-01,6.522982241125525882e-02,1.912784035481107994e-02,3.207311393262975846e-02,-1.984795641063186178e-01,6.017771884579150438e-02,1.220940373957257324e-01,-3.300162771306189291e-02,3.397163865155752166e-02,-2.775548708067757803e-02,-2.257699603000437247e-02,1.835144456910341448e-01,2.384975249067720904e-02,6.131696607353852579e-01,2.925817896254833683e-01,3.986467817309486961e-01,-1.053486439012005366e-01,-2.457704834131661797e-02,6.604723308379209512e-02,-1.599488127577988750e-01,2.129175086416848495e-02,-1.164206931944757745e-01,-1.000020656180081319e-01,1.815782909609523210e-01,-2.328521724917993196e-01,-2.828938638048634005e-02,1.335270942000129323e-02,-7.583251559747061776e-02,3.391214715347051212e-01,-8.151560389180534383e-02,6.863282197521305972e-02,3.463719159634999489e-02,-7.458901150300902005e-02
2.057028470183995539e-01,4.197058777985663847e-01,7.207603404842409800e-01,-4.308769549366960050e-02,1.000000000000000000e+00,3.258595647240319360e-01,1.724190702793202551e-02,-6.118491260146816657e-01,5.108901100908510573e-01,6.380575896364918398e-01,5.195200442031518984e-01,3.860035107972517032e-01,2.943915177761733948e-01,5.603128318863980217e-01,-5.020302208151320583e-02,5.706225333851414616e-01,4.664856339317962619e-01,4.005397262561078420e-01,4.337604282396065880e-01,1.831667392285955265e-01,3.905586190544573788e-01,2.932459130689876181e-01,5.458777335747702075e-01,2.580959219923599224e-01,4.019154270280809182e-01,5.378896907703781816e-01,6.006961693152900184e-01,3.866105678224310838e-01,4.051069655495856958e-01,5.038219979582118091e-01,2.340161630150248973e-01,5.454643052211751719e-01,6.247974327557856977e-01,6.249331663050573527e-01,3.245456519533701512e-01,2.588316428124027846e-01,3.750746496944487585e-01,4.926725768402295258e-01,6.266473524646559712e-01
1.917337215250014271e-01,4.673314840080933230e-01,4.457485240437140672e-01,1.620497178716419073e-01,3.258595647240319360e-01,1.000000000000000000e+00,3.450982246437502843e-01,-1.120921823241354115e-01,1.669203417897782427e-01,5.385308500420272759e-01,4.281189527246341275e-01,3.250988755989158152e-01,4.174282988603917333e-01,5.702503535388452338e-01,7.205407035124624174e-03,3.923408277095292718e-01,3.802365468846394259e-01,4.110814018642574008e-01,3.517666561725734109e-01,4.337971009119632737e-01,4.898199911455244360e-01,5.041496475858406878e-01,4.920350151816533790e-01,1.732127316375344506e-01,3.346789170625595888e-01,3.465822270154661489e-01,3.379195939427607209e-01,4.526913378979716684e-01,3.762841840077522648e-01,5.639900133119178927e-01,3.551614972595582564e-01,4.171431358703127645e-01,5.646043604623127710e-01,2.745454069964561317e-01,5.904483502402376738e-01,1.973733620074339945e-01,6.030329447179948454e-01,1.147491367323734829e-01,3.128954479832566915e-01
-1.343776627619541475e-01,2.553092086571604469e-01,1.908418205716476967e-01,4.737277435479778087e-01,1.724190702793202551e-02,3.450982246437502843e-01,1.000000000000000000e+00,5.719435111084032741e-03,-1.871633613981350808e-02,8.814666260768125317e-02,1.134361677312587108e-01,2.950025330316347616e-01,3.302559498542508298e-01,1.659288807411216371e-01,7.200104464444655183e-02,4.881733150591992254e-02,-4.885066038256840465e-02,2.310525009885845138e-01,2.668513118152988639e-01,5.637996761226196085e-01,1.923044950446378965e-01,4.974625689717601107e-01,2.337832115630159857e-01,-2.447581486295835954e-02,7.208629950137022957e-02,-8.444946548143275611e-02,1.589775323081910052e-01,-4.262284051365670262e-02,-6.046714140975940899e-02,2.266476232090025578e-01,7.771957340422454286e-02,2.993526076866476759e-01,8.236865190239626988e-02,-4.702664760085108198e-02,3.480815972545233117e-01,1.488894500764761930e-01,2.204299467973363236e-01,-1.119248737544777106e-01,1.413982002362331736e-01
-2.211366196650180194e-01,-2.756061959262424699e-01,-7.124706692886999537e-01,6.522982241125525882e-02,-6.118491260146816657e-01,-1.120921823241354115e-01,5.719435111084032741e-03,1.000000000000000000e+00,-4.994645704383810503e-01,-4.422047089200575876e-01,-4.449609550989949147e-01,-8.043154598881692430e-02,-7.102951637609373862e-03,-4.489880077700543759e-01,1.434531413796600319e-01,-4.946083121343847200e-01,-5.214132170515619613e-01,-2.901317609354742699e-01,-4.700679142860235138e-01,-7.749882938663073262e-02,-3.240633995832706282e-01,-1.755747884218487320e-01,-3.745106521836915059e-01,-3.527926749801122974e-01,-3.267363103723350815e-01,-4.035537177873499970e-01,-3.358641777239622095e-01,-3.213469869192414063e-01,-4.628268479676689862e-01,-4.129157924228164522e-01,-3.257476401673798511e-02,-3.990732855099272669e-01,-4.827849224517898885e-01,-4.914598192444017966e-01,-1.597444423914611555e-01,-2.184730109042786750e-01,-2.796054848179094776e-01,-3.662566903718221800e-01,-3.921872061015198585e-01
4.839773312247457882e-01,3.976676323436895144e-01,5.254458001747419615e-01,1.912784035481107994e-02,5.108901100908510573e-01,1.669203417897782427e-01,-1.871633613981350808e-02,-4.994645704383810503e-01,1.000000000000000000e+00,4.343704688068241171e-01,4.592726841800882642e-01,2.136193895830224565e-01,-4.095649641113476014e-02,5.895465202502839785e-01,1.782682298917191710e-01,5.986600769722272286e-01,6.299691836265001177e-01,4.560264375159586714e-01,4.966081632064102691e-01,9.806544363808106235e-02,1.446453771612532802e-01,7.100127287722536595e-02,4.325583559261773625e-01,4.767997975278241429e-01,4.811583816221418064e-01,6.385913211634306474e-01,3.237205884283602675e-01,5.115087403752411888e-01,6.939546946849011189e-01,4.385161394672127400e-01,2.741238455719364198e-01,4.884010392478103646e-01,5.353151716781454628e-01,6.696399227972187340e-01,2.171487614556517620e-01,3.470742126882140899e-01,4.065906245013609088e-01,4.282804410817208640e-01,5.067998406429043978e-01
3.336375939746302755e-01,5.491043522183274295e-01,6.770710689674465099e-01,3.207311393262975846e-02,6.380575896364918398e-01,5.385308500420272759e-01,8.814666260768125317e-02,-4.422047089200575876e-01,4.343704688068241171e-01,1.000000000000000000e+00,6.488563145040548985e-01,4.958628622718657675e-01,4.821333483995980940e-01,6.150178897992534255e-01,-6.891638918695103255e-02,7.248126689886810192e-01,5.789404806943121429e-01,5.984340446023437288e-01,5.204425100956574513e-01,3.244929823390464985e-01,5.763367046493045320e-01,4.948783725099137332e-01,6.212741964972965381e-01,2.936601165355440801e-01,3.966338947751450461e-01,6.185569375328690001e-01,7.060448009886577392e-01,5.730159266234046145e-01,4.886242442270912201e-01,7.082992556378769899e-01,3.992769795187142701e-01,5.948452737790737022e-01,6.626179346104805745e-01,4.809158370543610284e-01,5.513208912582725496e-01,3.301639408766608441e-01,5.939561593122890670e-01,5.585760760536681024e-01,6.953605011567522975e-01
1.635854153919901466e-01,5.409343888574668080e-01,5.296034766085205847e-01,-1.984795641063186178e-01,5.195200442031518984e-01,4.281189527246341275e-01,1.134361677312587108e-01,-4.449609550989949147e-01,4.592726841800882642e-01,6.488563145040548985e-01,1.000000000000000000e+00,3.834615085770587961e-01,3.284350372040428234e-01,5.966684387283605062e-01,8.530869718601129248e-02,6.344040028451635171e-01,6.383811658523866894e-01,4.151288848373543838e-01,5.152887678209397970e-01,1.476683637633312285e-01,3.093680722774827530e-01,3.193374020592858464e-01,6.348507704156203246e-01,2.881073631724063167e-01,2.677749731389447163e-01,6.003188352821707818e-01,5.000857680382547743e-01,5.376682657110786190e-01,4.748745795077161103e-01,5.048874092488245813e-01,4.965374014032412631e-01,6.328986520102902746e-01,5.757052847564810838e-01,4.169280256590883749e-01,2.845590007516566877e-01,4.191603602509094695e-01,4.574109408872616411e-01,2.896878399640597790e-01,5.857262662823987664e-01
-2.073260441844994566e-03,4.300964640551858120e-01,3.791231118985958215e-01,6.017771884579150438e-02,3.860035107972517032e-01,3.250988755989158152e-01,2.950025330316347616e-01,-8.043154598881692430e-02,2.136193895830224565e-01,4.958628622718657675e-01,3.834615085770587961e-01,1.000000000000000000e+00,4.910813789207745805e-01,4.429998647354769781e-01,8.951181867444744922e-02,4.586625372658289512e-01,2.006189262969925446e-01,5.473884434018421175e-01,3.963670992873033483e-01,3.165972973047963546e-01,2.952744515897935407e-01,4.573856073988243343e-01,5.473075509883422729e-01,1.804299607558917384e-01,4.056020507939321340e-01,3.979958303677703646e-01,4.909517160180442708e-01,4.024714611564813582e-01,1.461570556947912880e-01,3.363107932392652155e-01,5.338326055717241836e-01,4.319145133129545511e-01,4.102797381946076682e-01,3.904320628434734264e-01,1.920648421030724251e-01,1.149101199763290365e-01,3.388867685802059437e-01,3.165299654906766902e-01,5.892469548231946685e-01
6.512752588515258179e-02,4.960520063357101717e-01,3.939982094071302621e-01,1.220940373957257324e-01,2.943915177761733948e-01,4.174282988603917333e-01,3.302559498542508298e-01,-7.102951637609373862e-03,-4.095649641113476014e-02,4.821333483995980940e-01,3.284350372040428234e-01,4.910813789207745805e-01,1.000000000000000000e+00,3.237607538047600486e-01,-1.530506819270109897e-01,2.097616334541505256e-01,4.096723154002911149e-02,2.478969532518119079e-01,2.802280351995870000e-01,4.659992152549160549e-01,5.002447210009541845e-01,7.088878148301664961e-01,2.941518401571720509e-01,-8.978402665384707659e-02,2.161265135260530268e-01,1.750554487767687073e-01,6.069332748660558607e-01,2.702537937522066502e-01,-2.531313171075382992e-02,3.778263651045530858e-01,3.195025384096267795e-01,3.873462680891812115e-01,3.919743027133699709e-01,7.135926415064991479e-02,3.607587029174421089e-01,1.831860806231640493e-01,3.036357005791351926e-01,1.393069730650175475e-01,4.924784801424199054e-01
3.432496007889906942e-01,6.018294415554746868e-01,6.356818304166809153e-01,-3.300162771306189291e-02,5.603128318863980217e-01,5.702503535388452338e-01,1.659288807411216371e-01,-4.489880077700543759e-01,5.895465202502839785e-01,6.150178897992534255e-01,5.966684387283605062e-01,4.429998647354769781e-01,3.237607538047600486e-01,1.000000000000000000e+00,3.902515278616897065e-02,6.298596533876290593e-01,5.737674293767535127e-01,5.252262217098264685e-01,5.535306223279803373e-01,3.036291190245444804e-01,4.680491271944037246e-01,4.170555130192689086e-01,6.379581275409678121e-01,5.507788798188261170e-01,6.363019628701381825e-01,6.056510474173315561e-01,4.517661666322805303e-01,6.613419065412485809e-01,6.500899624241853747e-01,5.928052563425731947e-01,5.125097938758346183e-01,5.956765810060083988e-01,7.708918366257856425e-01,6.318641970010809850e-01,4.158293620215698372e-01,3.324842546875882987e-01,6.378909186733703329e-01,2.943131613333760388e-01,5.339312872216845918e-01
-1.088746509761052833e-01,-2.193831319560372167e-02,-6.270031525675923145e-02,3.397163865155752166e-02,-5.020302208151320583e-02,7.205407035124624174e-03,7.200104464444655183e-02,1.434531413796600319e-01,1.782682298917191710e-01,-6.891638918695103255e-02,8.530869718601129248e-02,8.951181867444744922e-02,-1.530506819270109897e-01,3.902515278616897065e-02,1.000000000000000000e+00,8.118634541859306997e-02,1.252128669591255350e-01,1.560849621338754540e-03,2.155466725970646077e-02,8.064321467016664913e-02,-5.223908784961649870e-02,-2.596478254686099968e-02,5.274187849418341539e-02,1.715755481876737321e-01,-2.439291085971428616e-02,2.140055229108210333e-01,-1.566273302633912345e-01,8.648503322686110217e-02,1.506208507678332142e-01,4.121597302561083587e-02,3.838081712910903498e-01,9.908637449586031251e-03,1.656277262567546968e-02,7.467224513286420395e-02,-1.204537692450149966e-01,5.011769430451062241e-02,-4.265269448946121082e-03,-2.823189353769378629e-01,-1.547542618247220170e-01
3.953442292146668313e-01,5.346191719811752563e-01,6.527347346701271036e-01,-2.775548708067757803e-02,5.706225333851414616e-01,3.923408277095292718e-01,4.881733150591992254e-02,-4.946083121343847200e-01,5.986600769722272286e-01,7.248126689886810192e-01,6.344040028451635171e-01,4.586625372658289512e-01,2.097616334541505256e-01,6.298596533876290593e-01,8.118634541859306997e-02,1.000000000000000000e+00,7.415911384134143969e-01,7.150109735184020376e-01,5.843308377262442788e-01,2.492399129567582639e-01,4.215059591874860678e-01,3.229476997421859008e-01,7.248830573797142574e-01,3.885913901380921853e-01,4.259875485552581664e-01,7.531339501609020104e-01,4.504515989981729973e-01,7.057092704763431312e-01,5.933461458930577859e-01,7.237893615629997779e-01,4.061539415617250737e-01,5.505638650316222460e-01,6.492357613172948794e-01,5.544823189647066775e-01,4.138714611325982617e-01,4.073571738668099740e-01,6.052900827732423661e-01,5.517205001699260203e-01,5.813623417037286911e-01
3.727270257733730219e-01,3.883889390186102131e-01,5.919049378726523036e-01,-2.257699603000437247e-02,4.664856339317962619e-01,3.802365468846394259e-01,-4.885066038256840465e-02,-5.214132170515619613e-01,6.299691836265001177e-01,5.789404806943121429e-01,6.383811658523866894e-01,2.006189262969925446e-01,4.096723154002911149e-02,5.737674293767535127e-01,1.252128669591255350e-01,7.415911384134143969e-01,1.000000000000000000e+00,6.319034839974012607e-01,5.559327924018828693e-01,2.150548787187881727e-01,4.007018098033151010e-01,2.169435279653872672e-01,5.499093970346446980e-01,4.102304101615820708e-01,3.516548307813834318e-01,6.518417840697824372e-01,2.885398566765275952e-01,7.088385580065680314e-01,6.172531581885509766e-01,6.086208557994589041e-01,3.195144423457798588e-01,4.310404092851515268e-01,6.342059357061939906e-01,4.868809054827117344e-01,3.470904565498584837e-01,3.126627875451051253e-01,5.354284337997564647e-01,3.871953747680228486e-01,4.182027560615002026e-01
2.837055376092754155e-01,4.180521541244052730e-01,5.595523803037147914e-01,1.835144456910341448e-01,4.005397262561078420e-01,4.110814018642574008e-01,2.310525009885845138e-01,-2.901317609354742699e-01,4.560264375159586714e-01,5.984340446023437288e-01,4.151288848373543838e-01,5.473884434018421175e-01,2.478969532518119079e-01,5.252262217098264685e-01,1.560849621338754540e-03,7.150109735184020376e-01,6.319034839974012607e-01,1.000000000000000000e+00,6.304905284498631968e-01,4.772189955799326921e-01,4.730232967888283735e-01,4.084073312446951376e-01,5.842053833070414148e-01,2.881766257189057323e-01,3.942491398410659098e-01,5.396120746984848227e-01,3.357941124508744823e-01,6.797759433158514497e-01,4.209650979106768776e-01,5.866968368843418213e-01,3.561548055552862801e-01,4.034839951695015636e-01,5.355016860623359465e-01,3.937551503128520203e-01,4.510905716150938605e-01,2.918843337790753001e-01,6.007269296846652340e-01,4.726322597756966726e-01,4.669528207181738999e-01
1.406803626094694781e-01,4.178945249114637273e-01,6.386415992508004402e-01,2.384975249067720904e-02,4.337604282396065880e-01,3.517666561725734109e-01,2.668513118152988639e-01,-4.700679142860235138e-01,4.966081632064102691e-01,5.204425100956574513e-01,5.152887678209397970e-01,3.963670992873033483e-01,2.802280351995870000e-01,5.535306223279803373e-01,2.155466725970646077e-02,5.843308377262442788e-01,5.559327924018828693e-01,6.304905284498631968e-01,1.000000000000000000e+00,4.101450257769099217e-01,4.626689690105311170e-01,4.133533827085458245e-01,5.527083316167417104e-01,3.313902925592429605e-01,4.903363069254565443e-01,4.906259540815966491e-01,3.541683557126745763e-01,5.640860664023202853e-01,4.419728796990936570e-01,5.152434859536290102e-01,3.733458413450879698e-01,4.537848179260745574e-01,5.609917596084945668e-01,4.047078057280137364e-01,3.386324984155497098e-01,2.909130164800465823e-01,4.734491365195589441e-01,2.907761857319227650e-01,4.948432155776871788e-01
1.333056805832370240e-01,2.700366683024593151e-01,4.458036365827069969e-01,6.131696607353852579e-01,1.831667392285955265e-01,4.337971009119632737e-01,5.637996761226196085e-01,-7.749882938663073262e-02,9.806544363808106235e-02,3.244929823390464985e-01,1.476683637633312285e-01,3.165972973047963546e-01,4.659992152549160549e-01,3.036291190245444804e-01,8.064321467016664913e-02,2.492399129567582639e-01,2.150548787187881727e-01,4.772189955799326921e-01,4.101450257769099217e-01,1.000000000000000000e+00,6.426939790339019076e-01,7.294362502909925716e-01,2.366862560183836950e-01,8.750040532505104496e-02,2.819225366961441992e-01,8.880341254766342673e-02,2.138236965968313974e-01,2.760501828959040505e-01,5.172287726001533609e-02,4.808439430757738831e-01,1.124373243708838843e-01,2.034713189911293851e-01,3.504139473411339578e-01,4.088689414061143224e-02,4.573228538042744540e-01,1.057102417108625458e-01,3.571560195848380026e-01,3.125026707351369337e-02,1.556255059606518332e-01
1.729151384690627569e-01,3.244276004089578502e-01,6.195199492011719267e-01,2.925817896254833683e-01,3.905586190544573788e-01,4.898199911455244360e-01,1.923044950446378965e-01,-3.240633995832706282e-01,1.446453771612532802e-01,5.763367046493045320e-01,3.093680722774827530e-01,2.952744515897935407e-01,5.002447210009541845e-01,4.680491271944037246e-01,-5.223908784961649870e-02,4.215059591874860678e-01,4.007018098033151010e-01,4.730232967888283735e-01,4.626689690105311170e-01,6.426939790339019076e-01,1.000000000000000000e+00,7.236647262903761479e-01,3.603243831972692268e-01,2.321088143042703833e-01,4.479000549860027713e-01,2.640936623034187414e-01,3.620650009196210717e-01,4.770516239728992414e-01,2.045632297350143958e-01,5.763884001373449362e-01,2.127251870264576239e-01,2.317488813495475752e-01,5.871379814491690663e-01,2.325196980443975658e-01,4.787700498740196653e-01,3.226697069438648480e-02,4.413138507521605636e-01,1.850750711004076621e-01,2.856220853910392821e-01
1.000537821036699415e-01,4.837719431217782917e-01,5.403533338317496604e-01,3.986467817309486961e-01,2.932459130689876181e-01,5.041496475858406878e-01,4.974625689717601107e-01,-1.755747884218487320e-01,7.100127287722536595e-02,4.948783725099137332e-01,3.193374020592858464e-01,4.573856073988243343e-01,7.088878148301664961e-01,4.170555130192689086e-01,-2.596478254686099968e-02,3.229476997421859008e-01,2.169435279653872672e-01,4.084073312446951376e-01,4.133533827085458245e-01,7.294362502909925716e-01,7.236647262903761479e-01,1.000000000000000000e+00,3.572299062776207457e-01,4.894416751003675958e-02,3.572826737066328029e-01,1.721623517824058536e-01,4.426466179635220599e-01,3.495512892365552626e-01,7.010410952191241385e-02,5.429987116071265385e-01,2.530698698323611273e-01,3.938413121726911936e-01,5.072456361591300977e-01,1.446809209042466404e-01,4.621983608763508555e-01,2.008676056530296627e-01,4.055674579847223793e-01,4.593297918442396099e-02,3.683403676321521658e-01
1.157620788355171598e-01,5.264772056468328687e-01,5.514648945690607817e-01,-1.053486439012005366e-01,5.458777335747702075e-01,4.920350151816533790e-01,2.337832115630159857e-01,-3.745106521836915059e-01,4.325583559261773625e-01,6.212741964972965381e-01,6.348507704156203246e-01,5.473075509883422729e-01,2.941518401571720509e-01,6.379581275409678121e-01,5.274187849418341539e-02,7.248830573797142574e-01,5.499093970346446980e-01,5.842053833070414148e-01,5.527083316167417104e-01,2.366862560183836950e-01,3.603243831972692268e-01,3.572299062776207457e-01,1.000000000000000000e+00,3.278134464005810766e-01,4.934594862249666591e-01,6.040743844533211782e-01,4.275868321197600630e-01,5.788329289975981951e-01,4.084600017076385758e-01,5.722302669950721787e-01,4.729634584714755841e-01,5.395148443905637414e-01,5.900958724477782802e-01,5.549830242227127286e-01,3.741136318484531431e-01,2.803574356702937531e-01,5.091005310874998635e-01,4.028294624721769357e-01,5.697440038982104493e-01
2.499678125563896403e-01,1.623259736493751215e-01,3.268560785246468203e-01,-2.457704834131661797e-02,2.580959219923599224e-01,1.732127316375344506e-01,-2.447581486295835954e-02,-3.527926749801122974e-01,4.767997975278241429e-01,2.936601165355440801e-01,2.881073631724063167e-01,1.804299607558917384e-01,-8.978402665384707659e-02,5.507788798188261170e-01,1.715755481876737321e-01,3.885913901380921853e-01,4.102304101615820708e-01,2.881766257189057323e-01,3.313902925592429605e-01,8.750040532505104496e-02,2.321088143042703833e-01,4.894416751003675958e-02,3.278134464005810766e-01,1.000000000000000000e+00,4.856663077123369310e-01,3.718721942621546761e-01,1.450160253250257769e-01,4.027248874692450076e-01,4.929532760604949382e-01,3.427763968166250286e-01,2.142649475846158391e-01,1.982214695803527771e-01,3.903285632284269058e-01,4.677227976775477636e-01,1.231642182046011752e-01,-8.114954548554374758e-02,2.708010143148855686e-01,3.019710144613867997e-01,2.336942856383956713e-01
2.092358632029456267e-01,2.872194678181736460e-01,5.014831059383999534e-01,6.604723308379209512e-02,4.019154270280809182e-01,3.346789170625595888e-01,7.208629950137022957e-02,-3.267363103723350815e-01,4.811583816221418064e-01,3.966338947751450461e-01,2.677749731389447163e-01,4.056020507939321340e-01,2.161265135260530268e-01,6.363019628701381825e-01,-2.439291085971428616e-02,4.259875485552581664e-01,3.516548307813834318e-01,3.942491398410659098e-01,4.903363069254565443e-01,2.819225366961441992e-01,4.479000549860027713e-01,3.572826737066328029e-01,4.934594862249666591e-01,4.856663077123369310e-01,1.000000000000000000e+00,4.051654718045746839e-01,2.942746047062156922e-01,5.160055105731017333e-01,4.076941295127567422e-01,3.851000041788468220e-01,3.328064581294268298e-01,2.602573413915706402e-01,6.239149584798446835e-01,6.399744139098090256e-01,1.810789585581742966e-01,2.374654421995928133e-02,3.143604252298425328e-01,2.725138304268539535e-01,3.737793398409639534e-01
3.847837397508538371e-01,4.856998654651362157e-01,5.367212306309435688e-01,-1.599488127577988750e-01,5.378896907703781816e-01,3.465822270154661489e-01,-8.444946548143275611e-02,-4.035537177873499970e-01,6.385913211634306474e-01,6.185569375328690001e-01,6.003188352821707818e-01,3.979958303677703646e-01,1.750554487767687073e-01,6.056510474173315561e-01,2.140055229108210333e-01,7.531339501609020104e-01,6.518417840697824372e-01,5.396120746984848227e-01,4.906259540815966491e-01,8.880341254766342673e-02,2.640936623034187414e-01,1.721623517824058536e-01,6.040743844533211782e-01,3.718721942621546761e-01,4.051654718045746839e-01,1.000000000000000000e+00,4.514817241022069938e-01,6.912921044597545306e-01,7.067281732786507842e-01,5.853061220365979311e-01,5.817875023161939163e-01,5.126346353529944722e-01,5.773308885019066139e-01,5.969712555383005492e-01,2.720465806343054793e-01,3.671652091974153542e-01,5.214872198921476354e-01,4.258594331866307203e-01,5.236475267223389407e-01
2.718561702366205091e-01,5.247412153199935148e-01,5.529635793134706212e-01,2.129175086416848495e-02,6.006961693152900184e-01,3.379195939427607209e-01,1.589775323081910052e-01,-3.358641777239622095e-01,3.237205884283602675e-01,7.060448009886577392e-01,5.000857680382547743e-01,4.909517160180442708e-01,6.069332748660558607e-01,4.517661666322805303e-01,-1.566273302633912345e-01,4.504515989981729973e-01,2.885398566765275952e-01,3.357941124508744823e-01,3.541683557126745763e-01,2.138236965968313974e-01,3.620650009196210717e-01,4.426466179635220599e-01,4.275868321197600630e-01,1.450160253250257769e-01,2.942746047062156922e-01,4.514817241022069938e-01,1.000000000000000000e+00,3.156629394094734309e-01,3.237736617875113798e-01,5.146861533665354482e-01,2.902516634201344203e-01,6.264707951048289480e-01,4.935318789849618137e-01,3.789185462856861086e-01,4.721529964314995498e-01,2.564670059613465836e-01,4.380424241393543472e-01,4.970228869206570477e-01,7.356323767140130476e-01
3.238212827488749501e-01,4.451496203540631913e-01,5.269791431988700703e-01,-1.164206931944757745e-01,3.866105678224310838e-01,4.526913378979716684e-01,-4.262284051365670262e-02,-3.213469869192414063e-01,5.115087403752411888e-01,5.730159266234046145e-01,5.376682657110786190e-01,4.024714611564813582e-01,2.702537937522066502e-01,6.613419065412485809e-01,8.648503322686110217e-02,7.057092704763431312e-01,7.088385580065680314e-01,6.797759433158514497e-01,5.640860664023202853e-01,2.760501828959040505e-01,4.770516239728992414e-01,3.495512892365552626e-01,5.788329289975981951e-01,4.027248874692450076e-01,5.160055105731017333e-01,6.912921044597545306e-01,3.156629394094734309e-01,1.000000000000000000e+00,6.136764931168562365e-01,5.784115247028495110e-01,5.308276051211834323e-01,3.920805361272738376e-01,6.749519240332657599e-01,5.529453925472336273e-01,3.297753388906099481e-01,3.050896702853528875e-01,5.696419557755811880e-01,3.586822242456677023e-01,4.043423533685120974e-01
4.894127261794481432e-01,4.462257492793895719e-01,4.936278201302574109e-01,-1.000020656180081319e-01,4.051069655495856958e-01,3.762841840077522648e-01,-6.046714140975940899e-02,-4.628268479676689862e-01,6.939546946849011189e-01,4.886242442270912201e-01,4.748745795077161103e-01,1.461570556947912880e-01,-2.531313171075382992e-02,6.500899624241853747e-01,1.506208507678332142e-01,5.933461458930577859e-01,6.172531581885509766e-01,4.209650979106768776e-01,4.419728796990936570e-01,5.172287726001533609e-02,2.045632297350143958e-01,7.010410952191241385e-02,4.084600017076385758e-01,4.929532760604949382e-01,4.076941295127567422e-01,7.067281732786507842e-01,3.237736617875113798e-01,6.136764931168562365e-01,1.000000000000000000e+00,5.092708413647156762e-01,3.979867963189233082e-01,5.344825207130207145e-01,5.722406787050247079e-01,5.569065094134896254e-01,3.727541988123115879e-01,3.724406305788166560e-01,6.027919834398893784e-01,3.172129211235395485e-01,3.663132872858678168e-01
4.468000265207991428e-01,5.657331805775590583e-01,6.809184617948437213e-01,1.815782909609523210e-01,5.038219979582118091e-01,5.639900133119178927e-01,2.266476232090025578e-01,-4.129157924228164522e-01,4.385161394672127400e-01,7.082992556378769899e-01,5.048874092488245813e-01,3.363107932392652155e-01,3.778263651045530858e-01,5.928052563425731947e-01,4.121597302561083587e-02,7.237893615629997779e-01,6.086208557994589041e-01,5.866968368843418213e-01,5.152434859536290102e-01,4.808439430757738831e-01,5.763884001373449362e-01,5.429987116071265385e-01,5.722302669950721787e-01,3.427763968166250286e-01,3.851000041788468220e-01,5.853061220365979311e-01,5.146861533665354482e-01,5.784115247028495110e-01,5.092708413647156762e-01,1.000000000000000000e+00,2.839048618376334709e-01,5.550042140431746818e-01,6.431704818612313801e-01,3.824481825514223776e-01,5.801479994873963708e-01,3.810613009514168814e-01,6.464159827953674942e-01,4.054279120563811789e-01,4.873966947767854330e-01
-1.076097314615118324e-02,4.245942019868514383e-01,2.319729524097959017e-01,-2.328521724917993196e-01,2.340161630150248973e-01,3.551614972595582564e-01,7.771957340422454286e-02,-3.257476401673798511e-02,2.741238455719364198e-01,3.992769795187142701e-01,4.965374014032412631e-01,5.338326055717241836e-01,3.195025384096267795e-01,5.125097938758346183e-01,3.838081712910903498e-01,4.061539415617250737e-01,3.195144423457798588e-01,3.561548055552862801e-01,3.733458413450879698e-01,1.124373243708838843e-01,2.127251870264576239e-01,2.530698698323611273e-01,4.729634584714755841e-01,2.142649475846158391e-01,3.328064581294268298e-01,5.817875023161939163e-01,2.902516634201344203e-01,5.308276051211834323e-01,3.979867963189233082e-01,2.839048618376334709e-01,1.000000000000000000e+00,3.650369640564124496e-01,4.061727775684466635e-01,3.463019519803872681e-01,6.859184167944223920e-02,2.035225185226327560e-01,3.677665592089292557e-01,-3.996184966652616827e-02,3.261070704306504586e-01
3.173990339138808570e-01,7.525156479210108884e-01,5.584677411891657561e-01,-2.828938638048634005e-02,5.454643052211751719e-01,4.171431358703127645e-01,2.993526076866476759e-01,-3.990732855099272669e-01,4.884010392478103646e-01,5.948452737790737022e-01,6.328986520102902746e-01,4.319145133129545511e-01,3.873462680891812115e-01,5.956765810060083988e-01,9.908637449586031251e-03,5.505638650316222460e-01,4.310404092851515268e-01,4.034839951695015636e-01,4.537848179260745574e-01,2.034713189911293851e-01,2.317488813495475752e-01,3.938413121726911936e-01,5.395148443905637414e-01,1.982214695803527771e-01,2.602573413915706402e-01,5.126346353529944722e-01,6.264707951048289480e-01,3.920805361272738376e-01,5.344825207130207145e-01,5.550042140431746818e-01,3.650369640564124496e-01,1.000000000000000000e+00,5.626567852568692407e-01,4.067644837449495010e-01,4.903202000380859071e-01,5.659701684214301087e-01,6.379828231430696439e-01,3.047890767097647946e-01,6.573708590687963316e-01
2.908947175154121267e-01,5.413286866203447234e-01,7.450520884130674704e-01,1.335270942000129323e-02,6.247974327557856977e-01,5.646043604623127710e-01,8.236865190239626988e-02,-4.827849224517898885e-01,5.353151716781454628e-01,6.626179346104805745e-01,5.757052847564810838e-01,4.102797381946076682e-01,3.919743027133699709e-01,7.708918366257856425e-01,1.656277262567546968e-02,6.492357613172948794e-01,6.342059357061939906e-01,5.355016860623359465e-01,5.609917596084945668e-01,3.504139473411339578e-01,5.871379814491690663e-01,5.072456361591300977e-01,5.900958724477782802e-01,3.903285632284269058e-01,6.239149584798446835e-01,5.773308885019066139e-01,4.935318789849618137e-01,6.749519240332657599e-01,5.722406787050247079e-01,6.431704818612313801e-01,4.061727775684466635e-01,5.626567852568692407e-01,1.000000000000000000e+00,6.373530635910733544e-01,4.404254432936201558e-01,2.902255013966903996e-01,5.940467743023299940e-01,3.094835400370717360e-01,5.318112582582515957e-01
1.971917148227373962e-01,2.661531793283281599e-01,5.425641545039241453e-01,-7.583251559747061776e-02,6.249331663050573527e-01,2.745454069964561317e-01,-4.702664760085108198e-02,-4.914598192444017966e-01,6.696399227972187340e-01,4.809158370543610284e-01,4.169280256590883749e-01,3.904320628434734264e-01,7.135926415064991479e-02,6.318641970010809850e-01,7.467224513286420395e-02,5.544823189647066775e-01,4.868809054827117344e-01,3.937551503128520203e-01,4.047078057280137364e-01,4.088689414061143224e-02,2.325196980443975658e-01,1.446809209042466404e-01,5.549830242227127286e-01,4.677227976775477636e-01,6.399744139098090256e-01,5.969712555383005492e-01,3.789185462856861086e-01,5.529453925472336273e-01,5.569065094134896254e-01,3.824481825514223776e-01,3.463019519803872681e-01,4.067644837449495010e-01,6.373530635910733544e-01,1.000000000000000000e+00,1.532015510479770581e-01,1.278045098997128703e-01,2.984251726950413186e-01,4.520446928611549509e-01,4.868632006051953343e-01
3.644433875598002692e-01,4.687755885319567772e-01,4.510939007229916031e-01,3.391214715347051212e-01,3.245456519533701512e-01,5.904483502402376738e-01,3.480815972545233117e-01,-1.597444423914611555e-01,2.171487614556517620e-01,5.513208912582725496e-01,2.845590007516566877e-01,1.920648421030724251e-01,3.607587029174421089e-01,4.158293620215698372e-01,-1.204537692450149966e-01,4.138714611325982617e-01,3.470904565498584837e-01,4.510905716150938605e-01,3.386324984155497098e-01,4.573228538042744540e-01,4.787700498740196653e-01,4.621983608763508555e-01,3.741136318484531431e-01,1.231642182046011752e-01,1.810789585581742966e-01,2.720465806343054793e-01,4.721529964314995498e-01,3.297753388906099481e-01,3.727541988123115879e-01,5.801479994873963708e-01,6.859184167944223920e-02,4.903202000380859071e-01,4.404254432936201558e-01,1.532015510479770581e-01,1.000000000000000000e+00,3.027189676352384229e-01,6.781937670386880557e-01,3.053628646324429430e-01,3.384561025679014845e-01
3.939492353720098761e-01,5.559072752171340115e-01,3.048330700592113418e-01,-8.151560389180534383e-02,2.588316428124027846e-01,1.973733620074339945e-01,1.488894500764761930e-01,-2.184730109042786750e-01,3.470742126882140899e-01,3.301639408766608441e-01,4.191603602509094695e-01,1.149101199763290365e-01,1.831860806231640493e-01,3.324842546875882987e-01,5.011769430451062241e-02,4.073571738668099740e-01,3.126627875451051253e-01,2.918843337790753001e-01,2.909130164800465823e-01,1.057102417108625458e-01,3.226697069438648480e-02,2.008676056530296627e-01,2.803574356702937531e-01,-8.114954548554374758e-02,2.374654421995928133e-02,3.671652091974153542e-01,2.564670059613465836e-01,3.050896702853528875e-01,3.724406305788166560e-01,3.810613009514168814e-01,2.035225185226327560e-01,5.659701684214301087e-01,2.902255013966903996e-01,1.278045098997128703e-01,3.027189676352384229e-01,1.000000000000000000e+00,4.329070884298538702e-01,1.053834187990896204e-01,3.103270604153213763e-01
4.607427424653042225e-01,6.979872289585170586e-01,5.504698466572560678e-01,6.863282197521305972e-02,3.750746496944487585e-01,6.030329447179948454e-01,2.204299467973363236e-01,-2.796054848179094776e-01,4.065906245013609088e-01,5.939561593122890670e-01,4.574109408872616411e-01,3.388867685802059437e-01,3.036357005791351926e-01,6.378909186733703329e-01,-4.265269448946121082e-03,6.052900827732423661e-01,5.354284337997564647e-01,6.007269296846652340e-01,4.734491365195589441e-01,3.571560195848380026e-01,4.413138507521605636e-01,4.055674579847223793e-01,5.091005310874998635e-01,2.708010143148855686e-01,3.143604252298425328e-01,5.214872198921476354e-01,4.380424241393543472e-01,5.696419557755811880e-01,6.027919834398893784e-01,6.464159827953674942e-01,3.677665592089292557e-01,6.379828231430696439e-01,5.940467743023299940e-01,2.984251726950413186e-01,6.781937670386880557e-01,4.329070884298538702e-01,1.000000000000000000e+00,2.333267293837234524e-01,4.235837284372757083e-01
3.672798740244115900e-01,2.015798081656063057e-01,4.066180896362459607e-01,3.463719159634999489e-02,4.926725768402295258e-01,1.147491367323734829e-01,-1.119248737544777106e-01,-3.662566903718221800e-01,4.282804410817208640e-01,5.585760760536681024e-01,2.896878399640597790e-01,3.165299654906766902e-01,1.393069730650175475e-01,2.943131613333760388e-01,-2.823189353769378629e-01,5.517205001699260203e-01,3.871953747680228486e-01,4.726322597756966726e-01,2.907761857319227650e-01,3.125026707351369337e-02,1.850750711004076621e-01,4.593297918442396099e-02,4.028294624721769357e-01,3.019710144613867997e-01,2.725138304268539535e-01,4.258594331866307203e-01,4.970228869206570477e-01,3.586822242456677023e-01,3.172129211235395485e-01,4.054279120563811789e-01,-3.996184966652616827e-02,3.047890767097647946e-01,3.094835400370717360e-01,4.520446928611549509e-01,3.053628646324429430e-01,1.053834187990896204e-01,2.333267293837234524e-01,1.000000000000000000e+00,5.771138920435027186e-01
3.208634913598174543e-01,6.137000107927665926e-01,5.650314858186815670e-01,-7.458901150300902005e-02,6.266473524646559712e-01,3.128954479832566915e-01,1.413982002362331736e-01,-3.921872061015198585e-01,5.067998406429043978e-01,6.953605011567522975e-01,5.857262662823987664e-01,5.892469548231946685e-01,4.924784801424199054e-01,5.339312872216845918e-01,-1.547542618247220170e-01,5.813623417037286911e-01,4.182027560615002026e-01,4.669528207181738999e-01,4.948432155776871788e-01,1.556255059606518332e-01,2.856220853910392821e-01,3.683403676321521658e-01,5.697440038982104493e-01,2.336942856383956713e-01,3.737793398409639534e-01,5.236475267223389407e-01,7.356323767140130476e-01,4.043423533685120974e-01,3.663132872858678168e-01,4.873966947767854330e-01,3.261070704306504586e-01,6.573708590687963316e-01,5.318112582582515957e-01,4.868632006051953343e-01,3.384561025679014845e-01,3.103270604153213763e-01,4.235837284372757083e-01,5.771138920435027186e-01,1.000000000000000000e+00
