1.000000000000000000e+00,6.191605613308580336e-03,1.905245210720019414e-02,-1.571441298789684193e-01,1.197990591704579527e-01,-1.567605392020646540e-02,-1.405883498613756111e-01,3.615300651346021327e-02,1.623982321937825213e-01,1.786754277373418243e-01,-7.927829337259054837e-03,-4.584723974292852500e-01,-3.872437300398159921e-01,1.326743416591176783e-01,8.911124408447698708e-02,1.511585352156608331e-01,9.651268552565239744e-02,6.166707096424661055e-02,-1.881497803439864114e-01,-1.123521038505657411e-02,-9.895999313983572243e-02,-2.986748060908599456e-01,4.116453479082879396e-02,1.124193577450533221e-01,1.118861410478429047e-01,3.387883755752228998e-01,-9.893478915522846417e-02,9.715485811433485774e-02,4.775449708173890584e-01,1.744147326078855365e-01,-1.265475181765678692e-01,-2.953808509917820596e-02,-2.143746344655408920e-02,3.294149933587433576e-01,2.397715959978344580e-01,2.638294756857684220e-01,6.482786120104709615e-02,4.207251338934361318e-01,-1.192647225201178135e-01
6.191605613308580336e-03,1.000000000000000000e+00,4.657910236640402935e-01,-5.931065219495262886e-01,9.805938665141045174e-02,7.995618201020254778e-01,-6.694496117451179673e-01,3.360711089991963996e-01,7.847258142890268795e-01,6.916589881362571468e-01,8.073461474342973343e-01,-1.203183134350864630e-01,3.173228347667379490e-01,7.015484285517298302e-01,-7.824887305987451303e-01,6.487273952309432490e-01,7.476125949135442594e-01,-7.167447271764001426e-01,3.882729423997292040e-01,7.978331582563253921e-01,-7.197840469496674665e-01,-2.959381154805269531e-01,7.906839045924289877e-01,-1.295629351267175988e-02,7.457932516578050786e-01,-4.736748608273024241e-01,-1.479341703418313170e-01,-7.442711415315653722e-01,-5.064058228601920897e-01,7.324397820947059490e-01,-1.406486761177713485e-01,5.262286787652497022e-01,-2.679443742529353800e-01,-4.227529120994190648e-01,7.274630364069977206e-01,1.209089665596546487e-01,7.914266666564736541e-01,-2.090683737025194333e-01,7.545122652542578523e-01
1.905245210720019414e-02,4.657910236640402935e-01,1.000000000000000000e+00,-3.771641330611443244e-01,6.874475970720028695e-01,4.222588492521009429e-01,-7.695128929915880100e-02,-4.649337785480808227e-01,3.614931987141580261e-01,7.224660512497734777e-01,3.376573281168991914e-01,1.689687480366445504e-01,4.663558727652945823e-02,5.042476138807548969e-01,-5.373512001425501117e-01,7.277449954474977112e-01,3.427739709959577996e-01,-1.761996140238743236e-01,5.620654567503376997e-01,3.854536114040533756e-01,-1.074979967303947570e-01,3.536392286539101759e-01,5.327029418431956653e-01,6.033574962873967662e-01,5.648544277196364538e-01,-2.407288284783335244e-02,3.144502574641157011e-01,-1.186747192042861415e-01,-9.731381259858691568e-02,7.298844874537043781e-01,4.253543643445053535e-01,4.433279503216220330e-01,4.077763476036513901e-01,-2.969565420891220886e-01,3.254109585641393187e-01,2.229562529027566686e-01,3.715081958256726824e-01,-1.758315642267233025e-01,5.011834755603470359e-01
-1.571441298789684193e-01,-5.931065219495262886e-01,-3.771641330611443244e-01,1.000000000000000000e+00,-5.098693266871213992e-02,-6.797437868043267883e-01,6.542507761213595119e-01,-3.314633782992266187e-01,-6.896108061741990092e-01,-5.921573085339768561e-01,-6.891659551050485222e-01,4.127224028664730482e-01,-2.100464757900435686e-01,-5.680407138241555520e-01,5.236997781729358925e-01,-5.791672292680341005e-01,-7.253919019994844453e-01,6.118169334406661219e-01,-3.785071743854794279e-01,-7.068084598933506157e-01,6.721602201286802636e-01,4.540769261560209658e-01,-7.292611817262933949e-01,-8.218787777851303822e-02,-7.418595878469258498e-01,3.137273872354803261e-01,2.295478193766779251e-01,5.611816134448569526e-01,4.043739833059816213e-01,-6.407971899368097857e-01,1.938755754251249297e-01,-3.045106796849328945e-01,2.493302129348216323e-01,3.644921125339130041e-01,-5.886520151738785511e-01,1.343073400744178025e-01,-5.566486185937048470e-01,1.348068444965735135e-01,-5.519019650178791370e-01
1.197990591704579527e-01,9.805938665141045174e-02,6.874475970720028695e-01,-5.098693266871213992e-02,1.000000000000000000e+00,-8.224954050024366626e-04,2.804409455088587300e-01,-6.287173043746923096e-01,4.901395864328921687e-02,3.578514077545956185e-01,-4.251134105566471699e-02,2.849135642508184296e-01,-2.415349691140589172e-01,2.796771161366085057e-01,-1.202474406177695687e-01,3.756995528009253738e-01,2.847089758672396650e-02,2.345922793735401302e-01,5.244315000169366137e-01,1.386801785984273982e-03,2.310044143799085126e-01,4.863380041331098469e-01,1.278449512126557663e-01,5.219727638062110486e-01,1.688911699785447529e-01,2.871899439151052169e-01,4.730043110697024766e-01,2.385901895818902108e-01,2.329170732400589194e-01,3.990606027573054271e-01,5.595518565532715538e-01,2.338856420128489211e-01,5.108163283663921250e-01,1.726554209783741356e-01,-7.354198522859882719e-04,1.986378104285746737e-01,3.134041579683531642e-02,6.591510923916787945e-02,1.956835711023736102e-01
-1.567605392020646540e-02,7.995618201020254778e-01,4.222588492521009429e-01,-6.797437868043267883e-01,-8.224954050024366626e-04,1.000000000000000000e+00,-7.299585746447563306e-01,4.103036059878835129e-01,7.879374217287986593e-01,6.280361057545834624e-01,8.742408137247852373e-01,-2.497409635662250216e-01,3.467741461312372486e-01,7.275398390429681506e-01,-7.691551409937821271e-01,6.715508047613358844e-01,8.250575503053335646e-01,-7.733047342593946105e-01,3.935124036926269109e-01,8.291417635137825481e-01,-7.648630185633304990e-01,-3.703275694536657947e-01,8.694819814196768082e-01,-4.471088975090552892e-02,8.233093922979877188e-01,-5.379060119423352271e-01,-2.421480794276213433e-01,-7.773649717457791208e-01,-6.006986354030482422e-01,6.862653599831504136e-01,-2.070699044293101421e-01,4.447491613659628751e-01,-2.722775112573967426e-01,-5.232473409706035472e-01,7.940397280590706375e-01,-1.570922336326128696e-02,8.012644734267974078e-01,-2.016033958892781697e-01,7.170366240306239591e-01
-1.405883498613756111e-01,-6.694496117451179673e-01,-7.695128929915880100e-02,6.542507761213595119e-01,2.804409455088587300e-01,-7.299585746447563306e-01,1.000000000000000000e+00,-6.779704610750423299e-01,-8.008002728195238173e-01,-4.254371022886915266e-01,-7.573458151622056711e-01,4.245662847193729661e-01,-3.138083593202796173e-01,-6.191754565690381629e-01,5.924927324256318295e-01,-3.697804266454225441e-01,-7.197457335350530006e-01,7.341437444171461379e-01,-1.199951971536085960e-01,-7.897240315454893134e-01,8.652189927640195899e-01,7.070861973216644447e-01,-6.946492753916022611e-01,2.208612612165657130e-01,-6.447460189094413874e-01,5.691498017655680641e-01,6.029012379619895778e-01,8.140554522546845639e-01,5.275855994100541180e-01,-4.756700617504133755e-01,6.170555249714054780e-01,-1.864583949199486446e-01,6.207424147445891327e-01,3.043061632292333729e-01,-6.499680216850253212e-01,2.192221683376273655e-01,-6.423838972757487387e-01,-5.254072307160741889e-02,-5.982669380214993282e-01
3.615300651346021327e-02,3.360711089991963996e-01,-4.649337785480808227e-01,-3.314633782992266187e-01,-6.287173043746923096e-01,4.103036059878835129e-01,-6.779704610750423299e-01,1.000000000000000000e+00,4.680387181363707128e-01,-5.520965347755897590e-02,4.973682907477521842e-01,-4.123120872038685270e-01,2.319258711164703668e-01,2.525716415744602705e-01,-2.043867763653780811e-01,-6.150308292277869432e-02,4.625352609053334785e-01,-5.584417552116711647e-01,-1.406100987820046999e-01,4.561403418910704999e-01,-6.851515365494156296e-01,-7.845140761043221111e-01,3.103099278773063241e-01,-5.980465051302287227e-01,2.388658812950587573e-01,-4.680806062932261202e-01,-5.900993598175670041e-01,-6.452091495722125369e-01,-4.374294763611741299e-01,1.163214486638035946e-03,-6.707791075681954762e-01,-3.611405077089832605e-02,-7.283410070302421824e-01,-1.227875842008344515e-01,4.179255020528064302e-01,-2.440904136950366177e-01,3.996595923727027655e-01,4.251932255871625904e-02,2.308515235816874234e-01
1.623982321937825213e-01,7.847258142890268795e-01,3.614931987141580261e-01,-6.896108061741990092e-01,4.901395864328921687e-02,7.879374217287986593e-01,-8.008002728195238173e-01,4.680387181363707128e-01,1.000000000000000000e+00,5.923787254510467504e-01,8.016033341988747507e-01,-2.592764585118617626e-01,2.602299262198390362e-01,7.701595113110205615e-01,-7.229025396064310272e-01,5.620812066152276465e-01,7.659238330150828222e-01,-6.855608952932317202e-01,4.062364699566307080e-01,8.537578401503527203e-01,-8.214294848085236245e-01,-5.174151782270201005e-01,7.848829595088030464e-01,-2.475216322268783062e-02,7.457409448107895633e-01,-4.861436516754031878e-01,-3.837673125972143606e-01,-7.858626704564876109e-01,-4.734660766165783574e-01,6.785022945495933211e-01,-3.726966326617703329e-01,3.424710100108332989e-01,-4.658017752337278994e-01,-2.978763453742336864e-01,7.101176390371273239e-01,-1.163385206595337895e-01,7.153803622521147654e-01,2.890574839654729694e-02,7.459941743004796511e-01
1.786754277373418243e-01,6.916589881362571468e-01,7.224660512497734777e-01,-5.921573085339768561e-01,3.578514077545956185e-01,6.280361057545834624e-01,-4.254371022886915266e-01,-5.520965347755897590e-02,5.923787254510467504e-01,1.000000000000000000e+00,5.813182910108667389e-01,-1.395521593546001360e-01,1.015623770340055992e-01,5.827463707690996308e-01,-6.591037213172796783e-01,8.300637797217412794e-01,5.855938353891713133e-01,-4.428780299829765399e-01,4.043248863052511521e-01,6.082565354071979291e-01,-4.531097120553504998e-01,-5.819082817176106370e-02,7.161179205177778950e-01,4.166230758428461356e-01,7.478020840276355941e-01,-1.368457472128802310e-01,7.707644486735902578e-02,-3.873548315823584498e-01,-2.041617817744444396e-01,8.562226165170839787e-01,1.382613098631247650e-01,5.209946314195920136e-01,1.153678588185069326e-01,-4.312118163278979011e-01,5.816783134942481448e-01,2.899986602697131599e-01,6.232561782032710607e-01,-1.745082551915387858e-01,5.975696539438326571e-01
-7.927829337259054837e-03,8.073461474342973343e-01,3.376573281168991914e-01,-6.891659551050485222e-01,-4.251134105566471699e-02,8.742408137247852373e-01,-7.573458151622056711e-01,4.973682907477521842e-01,8.016033341988747507e-01,5.813182910108667389e-01,1.000000000000000000e+00,-2.809298612898601943e-01,3.520370633704548724e-01,7.157119421109123802e-01,-7.384546030054190968e-01,6.074343627210232466e-01,8.574349681357215092e-01,-7.910725277651406984e-01,3.762535697846292604e-01,8.309754294518988393e-01,-8.037478615730548892e-01,-4.490728459782472037e-01,8.469792619607213746e-01,-1.465585508169553186e-01,8.019938495925473809e-01,-5.401099437921224045e-01,-2.707084280960576073e-01,-8.030796562756564727e-01,-6.071999002392721723e-01,6.547596501599465268e-01,-2.555991461845169566e-01,4.219677468906635753e-01,-3.414865119527051851e-01,-4.583746985667049301e-01,8.001481907070691069e-01,-4.021936299018061267e-02,8.058692012275082694e-01,-1.917259646809693630e-01,7.031975729265312891e-01
-4.584723974292852500e-01,-1.203183134350864630e-01,1.689687480366445504e-01,4.127224028664730482e-01,2.849135642508184296e-01,-2.497409635662250216e-01,4.245662847193729661e-01,-4.123120872038685270e-01,-2.592764585118617626e-01,-1.395521593546001360e-01,-2.809298612898601943e-01,1.000000000000000000e+00,1.589455207009413118e-01,-9.933001426727280925e-02,-1.313427459539253869e-02,-9.639732894808242247e-02,-4.121243232149812141e-01,3.019806926128619229e-01,3.053944952982337591e-01,-1.796141143710108523e-01,3.774300378334963790e-01,6.098646491803040304e-01,-2.401468565650828613e-01,2.791607576528581380e-01,-2.931401861433639566e-01,-2.819423589548213441e-02,3.943290170569960229e-01,1.898069267419363604e-01,1.520333280350488585e-02,-1.349267844236510250e-01,4.259547513549712394e-01,-5.444428248476377435e-02,2.327503012246509573e-01,-3.225864360317078766e-02,-3.311710085471124554e-01,1.778508128218433959e-02,-2.679389056303511651e-01,-7.612814745564194796e-02,1.237142592468797042e-01
-3.872437300398159921e-01,3.173228347667379490e-01,4.663558727652945823e-02,-2.100464757900435686e-01,-2.415349691140589172e-01,3.467741461312372486e-01,-3.138083593202796173e-01,2.319258711164703668e-01,2.602299262198390362e-01,1.015623770340055992e-01,3.520370633704548724e-01,1.589455207009413118e-01,1.000000000000000000e+00,2.094173254365144232e-01,-3.727303480517907275e-01,7.070958093827874047e-02,2.127674279530396284e-01,-3.305452980612435532e-01,1.439941795241876377e-01,3.984063109589743856e-01,-3.077141644045959801e-01,-1.042441743630852652e-01,2.994316182767682299e-01,-1.302325047568307637e-01,2.541623826880798909e-01,-5.289858564568266086e-01,-2.186237330580471927e-01,-4.106819570360700222e-01,-4.909547857533054227e-01,9.641911853691688405e-02,-2.621903349014040319e-01,2.268178245995796857e-02,-2.857379410143617293e-01,-3.589993231979105581e-01,1.956523990491388920e-01,-2.621319966261043133e-01,1.400982229389743650e-01,-2.098220065392568945e-01,4.232759154791573275e-01
1.326743416591176783e-01,7.015484285517298302e-01,5.042476138807548969e-01,-5.680407138241555520e-01,2.796771161366085057e-01,7.275398390429681506e-01,-6.191754565690381629e-01,2.525716415744602705e-01,7.701595113110205615e-01,5.827463707690996308e-01,7.157119421109123802e-01,-9.933001426727280925e-02,2.094173254365144232e-01,1.000000000000000000e+00,-6.731875899340166169e-01,6.032459099327449614e-01,7.045959540597156456e-01,-5.967278539402693927e-01,5.033575315360253599e-01,7.434544598251845438e-01,-6.603214762769629154e-01,-2.819590972002253837e-01,7.557814370098359102e-01,1.057313619728842552e-01,7.070915490337047471e-01,-4.378232782530163680e-01,-2.328418942565606831e-01,-6.485894574932985490e-01,-4.123055675106251372e-01,6.848006837320106399e-01,-1.645399122715376916e-01,2.890968792488642358e-01,-2.176504895617428770e-01,-2.239632526866244255e-01,6.745098582349674521e-01,-4.554600282710155601e-02,6.571240091216095092e-01,1.374058386795262536e-02,7.149737677096537070e-01
8.911124408447698708e-02,-7.824887305987451303e-01,-5.373512001425501117e-01,5.236997781729358925e-01,-1.202474406177695687e-01,-7.691551409937821271e-01,5.924927324256318295e-01,-2.043867763653780811e-01,-7.229025396064310272e-01,-6.591037213172796783e-01,-7.384546030054190968e-01,-1.313427459539253869e-02,-3.727303480517907275e-01,-6.731875899340166169e-01,1.000000000000000000e+00,-6.664315251038994692e-01,-6.341719234950989881e-01,6.591445634748401838e-01,-4.485323915604679801e-01,-7.832334739693763703e-01,6.447427810365295997e-01,1.699292666597916335e-01,-7.570636959270909960e-01,-1.709625193202019278e-01,-7.178579735649717186e-01,5.525195819294429489e-01,1.597238496283666098e-01,7.096984084772203216e-01,5.223435330475829641e-01,-7.037569864974182465e-01,1.034190912339083973e-01,-4.370368026844872467e-01,2.427636339471758720e-01,6.013497987215165042e-01,-6.576186830198418320e-01,3.707623569830294230e-02,-6.766986907373817584e-01,2.049631023226019533e-01,-7.895708348088288364e-01
1.511585352156608331e-01,6.487273952309432490e-01,7.277449954474977112e-01,-5.791672292680341005e-01,3.756995528009253738e-01,6.715508047613358844e-01,-3.697804266454225441e-01,-6.150308292277869432e-02,5.620812066152276465e-01,8.300637797217412794e-01,6.074343627210232466e-01,-9.639732894808242247e-02,7.070958093827874047e-02,6.032459099327449614e-01,-6.664315251038994692e-01,1.000000000000000000e+00,6.099310341028612026e-01,-4.717679150215347006e-01,4.721147715238439013e-01,5.876655411782457650e-01,-4.305141687311627163e-01,-1.578107820904748292e-03,7.505077801132845616e-01,4.149959187327338372e-01,7.651407394811085005e-01,-1.500585335904746631e-01,1.622378465966625716e-01,-3.886772758369088643e-01,-2.359505341133345813e-01,8.366937235797006212e-01,2.462103127190002905e-01,5.713092710270585295e-01,1.884875284584885680e-01,-4.788919955563608055e-01,6.313063781887491288e-01,3.118389189067062306e-01,6.514828680693738328e-01,-2.470199997790824276e-01,5.656947991625154160e-01
9.651268552565239744e-02,7.476125949135442594e-01,3.427739709959577996e-01,-7.253919019994844453e-01,2.847089758672396650e-02,8.250575503053335646e-01,-7.197457335350530006e-01,4.625352609053334785e-01,7.659238330150828222e-01,5.855938353891713133e-01,8.574349681357215092e-01,-4.121243232149812141e-01,2.127674279530396284e-01,7.045959540597156456e-01,-6.341719234950989881e-01,6.099310341028612026e-01,1.000000000000000000e+00,-7.358617377723422059e-01,3.574095682792630124e-01,7.624200769961859692e-01,-7.677348314729173229e-01,-4.757966354448912027e-01,8.205264411416540726e-01,-1.617390004009501836e-01,7.882750737413761755e-01,-3.978121979186236001e-01,-2.405979768799978158e-01,-7.086396165931703184e-01,-5.196629114136076533e-01,6.676245867744441398e-01,-2.188328608711759826e-01,4.251769110398120333e-01,-2.726226851927447958e-01,-3.504516869158927350e-01,7.848822311065823953e-01,4.931149179451915256e-03,7.851883172912378361e-01,-1.701137373206961789e-01,6.000494504331774781e-01
6.166707096424661055e-02,-7.167447271764001426e-01,-1.761996140238743236e-01,6.118169334406661219e-01,2.345922793735401302e-01,-7.733047342593946105e-01,7.341437444171461379e-01,-5.584417552116711647e-01,-6.855608952932317202e-01,-4.428780299829765399e-01,-7.910725277651406984e-01,3.019806926128619229e-01,-3.305452980612435532e-01,-5.967278539402693927e-01,6.591445634748401838e-01,-4.717679150215347006e-01,-7.358617377723422059e-01,1.000000000000000000e+00,-1.255590383319295233e-01,-7.255685409210212988e-01,7.679384567905727099e-01,4.660646433467061645e-01,-7.298884411894080992e-01,1.758299185901686934e-01,-6.728358961924244541e-01,6.545276351046099839e-01,3.889186103279056450e-01,7.977156146621493527e-01,6.156899373602612302e-01,-5.180526947425757589e-01,3.466590110995022567e-01,-3.460219111259029701e-01,3.758682819193390756e-01,4.595467123136826593e-01,-6.924539554305910727e-01,5.525200285871503109e-02,-7.317657968442508043e-01,3.501164022817926935e-01,-5.668279734796878300e-01
-1.881497803439864114e-01,3.882729423997292040e-01,5.620654567503376997e-01,-3.785071743854794279e-01,5.244315000169366137e-01,3.935124036926269109e-01,-1.199951971536085960e-01,-1.406100987820046999e-01,4.062364699566307080e-01,4.043248863052511521e-01,3.762535697846292604e-01,3.053944952982337591e-01,1.439941795241876377e-01,5.033575315360253599e-01,-4.485323915604679801e-01,4.721147715238439013e-01,3.574095682792630124e-01,-1.255590383319295233e-01,1.000000000000000000e+00,4.570103346638793029e-01,-2.167299294890387418e-01,1.771155043937821250e-01,4.472337675611492980e-01,2.676273849599389298e-01,4.293977270918770683e-01,-1.660995878688008298e-01,2.113358170053037666e-01,-2.622492637657615200e-01,-3.400420193632077148e-01,4.884143156613398040e-01,2.929999359585371832e-01,2.116366141799309042e-01,3.638859483652612942e-02,-2.875888722247643137e-01,2.518710927904445618e-01,-1.556701514505171857e-01,2.786822299455475327e-01,9.703613243283035900e-03,6.071412212478568549e-01
-1.123521038505657411e-02,7.978331582563253921e-01,3.854536114040533756e-01,-7.068084598933506157e-01,1.386801785984273982e-03,8.291417635137825481e-01,-7.897240315454893134e-01,4.561403418910704999e-01,8.537578401503527203e-01,6.082565354071979291e-01,8.309754294518988393e-01,-1.796141143710108523e-01,3.984063109589743856e-01,7.434544598251845438e-01,-7.832334739693763703e-01,5.876655411782457650e-01,7.624200769961859692e-01,-7.255685409210212988e-01,4.570103346638793029e-01,1.000000000000000000e+00,-8.165641019123764943e-01,-4.516333404610228808e-01,8.176174008680411331e-01,-5.457475172218411233e-03,7.697009858226215862e-01,-5.862317485214828539e-01,-3.674814949895061633e-01,-8.214320358314375348e-01,-5.986940624560498359e-01,6.735999680002651147e-01,-3.419985145933046589e-01,3.301502856495938665e-01,-4.531099655069717458e-01,-4.799427328388680136e-01,6.885659918140449864e-01,-1.800967736171442679e-01,7.020338478674896798e-01,-6.477300690739219713e-02,8.116606711364896531e-01
-9.895999313983572243e-02,-7.197840469496674665e-01,-1.074979967303947570e-01,6.721602201286802636e-01,2.310044143799085126e-01,-7.648630185633304990e-01,8.652189927640195899e-01,-6.851515365494156296e-01,-8.214294848085236245e-01,-4.531097120553504998e-01,-8.037478615730548892e-01,3.774300378334963790e-01,-3.077141644045959801e-01,-6.603214762769629154e-01,6.447427810365295997e-01,-4.305141687311627163e-01,-7.677348314729173229e-01,7.679384567905727099e-01,-2.167299294890387418e-01,-8.165641019123764943e-01,1.000000000000000000e+00,6.948187386125934673e-01,-7.309026173498982537e-01,2.178134573477815417e-01,-6.804231962605520323e-01,5.722483608844578518e-01,5.084905916719126839e-01,8.387452811101773209e-01,5.539530077774266204e-01,-5.269343382275895049e-01,5.246856387987474113e-01,-2.550359967901127956e-01,6.054646673781336474e-01,3.549866606813024128e-01,-6.956668335851355911e-01,1.818119796724135262e-01,-6.955417355870584517e-01,4.480696464966369558e-02,-6.443899859484196746e-01
-2.986748060908599456e-01,-2.959381154805269531e-01,3.536392286539101759e-01,4.540769261560209658e-01,4.863380041331098469e-01,-3.703275694536657947e-01,7.070861973216644447e-01,-7.845140761043221111e-01,-5.174151782270201005e-01,-5.819082817176106370e-02,-4.490728459782472037e-01,6.098646491803040304e-01,-1.042441743630852652e-01,-2.819590972002253837e-01,1.699292666597916335e-01,-1.578107820904748292e-03,-4.757966354448912027e-01,4.660646433467061645e-01,1.771155043937821250e-01,-4.516333404610228808e-01,6.948187386125934673e-01,1.000000000000000000e+00,-3.243647885963228950e-01,4.160304741649313298e-01,-3.063416113469234481e-01,2.887926277085006155e-01,6.152317939916095435e-01,5.445798591500325969e-01,2.317049157271142967e-01,-1.060542281745513182e-01,7.113662752775196108e-01,3.671604325031775640e-02,6.966402750101120533e-01,7.723843209637209703e-03,-4.014265766393030344e-01,2.525414119725418183e-01,-3.416160969076569298e-01,-1.713277966387160567e-01,-1.896588509529567590e-01
4.116453479082879396e-02,7.906839045924289877e-01,5.327029418431956653e-01,-7.292611817262933949e-01,1.278449512126557663e-01,8.694819814196768082e-01,-6.946492753916022611e-01,3.103099278773063241e-01,7.848829595088030464e-01,7.161179205177778950e-01,8.469792619607213746e-01,-2.401468565650828613e-01,2.994316182767682299e-01,7.557814370098359102e-01,-7.570636959270909960e-01,7.505077801132845616e-01,8.205264411416540726e-01,-7.298884411894080992e-01,4.472337675611492980e-01,8.176174008680411331e-01,-7.309026173498982537e-01,-3.243647885963228950e-01,1.000000000000000000e+00,9.962507184225162515e-02,8.701761302271596721e-01,-4.616572767612188710e-01,-1.755954374693891873e-01,-7.104646917288500729e-01,-5.295279419271551324e-01,7.713374627578101217e-01,-1.289099026622554933e-01,4.630446586894901295e-01,-1.736256608408724145e-01,-4.762901443897357701e-01,7.723931136285406840e-01,2.329298058247187761e-02,7.786400428057886902e-01,-1.975675454925761299e-01,7.195078329577808685e-01
1.124193577450533221e-01,-1.295629351267175988e-02,6.033574962873967662e-01,-8.218787777851303822e-02,5.219727638062110486e-01,-4.471088975090552892e-02,2.208612612165657130e-01,-5.980465051302287227e-01,-2.475216322268783062e-02,4.166230758428461356e-01,-1.465585508169553186e-01,2.791607576528581380e-01,-1.302325047568307637e-01,1.057313619728842552e-01,-1.709625193202019278e-01,4.149959187327338372e-01,-1.617390004009501836e-01,1.758299185901686934e-01,2.676273849599389298e-01,-5.457475172218411233e-03,2.178134573477815417e-01,4.160304741649313298e-01,9.962507184225162515e-02,1.000000000000000000e+00,1.931097193773806675e-01,1.693287220147327854e-01,2.923499953673465157e-01,2.458488282020703519e-01,2.785823640097189191e-01,3.647375419266807306e-01,4.021464828745362485e-01,8.534803318256417581e-02,4.417697078949833767e-01,-1.395843134140168085e-01,-1.125335849542632993e-01,9.675966713156504417e-02,-1.244049488928428149e-01,-3.580372423048226727e-02,1.428754807723576215e-01
1.118861410478429047e-01,7.457932516578050786e-01,5.648544277196364538e-01,-7.418595878469258498e-01,1.688911699785447529e-01,8.233093922979877188e-01,-6.447460189094413874e-01,2.388658812950587573e-01,7.457409448107895633e-01,7.478020840276355941e-01,8.019938495925473809e-01,-2.931401861433639566e-01,2.541623826880798909e-01,7.070915490337047471e-01,-7.178579735649717186e-01,7.651407394811085005e-01,7.882750737413761755e-01,-6.728358961924244541e-01,4.293977270918770683e-01,7.697009858226215862e-01,-6.804231962605520323e-01,-3.063416113469234481e-01,8.701761302271596721e-01,1.931097193773806675e-01,1.000000000000000000e+00,-3.783826766218802429e-01,-1.300518065599205464e-01,-6.220668003310050320e-01,-4.243131350768056809e-01,7.893677235931109148e-01,-9.106976925260702738e-02,4.387024176745046300e-01,-1.052934176978168601e-01,-4.430765483214006428e-01,7.355221182459578122e-01,4.131795198456700985e-02,7.289594489091042462e-01,-1.890435391544075805e-01,6.689127154969153333e-01
3.387883755752228998e-01,-4.736748608273024241e-01,-2.407288284783335244e-02,3.137273872354803261e-01,2.871899439151052169e-01,-5.379060119423352271e-01,5.691498017655680641e-01,-4.680806062932261202e-01,-4.861436516754031878e-01,-1.368457472128802310e-01,-5.401099437921224045e-01,-2.819423589548213441e-02,-5.289858564568266086e-01,-4.378232782530163680e-01,5.525195819294429489e-01,-1.500585335904746631e-01,-3.978121979186236001e-01,6.545276351046099839e-01,-1.660995878688008298e-01,-5.862317485214828539e-01,5.722483608844578518e-01,2.887926277085006155e-01,-4.616572767612188710e-01,1.693287220147327854e-01,-3.783826766218802429e-01,1.000000000000000000e+00,5.550742969624702372e-01,7.090926822817151809e-01,7.415619903722463491e-01,-1.947134412453622454e-01,4.648498784427041453e-01,2.669180153992117485e-02,4.748402816931779902e-01,4.337065604661493601e-01,-3.396236500327249885e-01,4.318017187934753975e-01,-3.900440668484884132e-01,1.538620422015353761e-01,-5.762679762457265653e-01
-9.893478915522846417e-02,-1.479341703418313170e-01,3.144502574641157011e-01,2.295478193766779251e-01,4.730043110697024766e-01,-2.421480794276213433e-01,6.029012379619895778e-01,-5.900993598175670041e-01,-3.837673125972143606e-01,7.707644486735902578e-02,-2.707084280960576073e-01,3.943290170569960229e-01,-2.186237330580471927e-01,-2.328418942565606831e-01,1.597238496283666098e-01,1.622378465966625716e-01,-2.405979768799978158e-01,3.889186103279056450e-01,2.113358170053037666e-01,-3.674814949895061633e-01,5.084905916719126839e-01,6.152317939916095435e-01,-1.755954374693891873e-01,2.923499953673465157e-01,-1.300518065599205464e-01,5.550742969624702372e-01,1.000000000000000000e+00,4.890065539064032407e-01,3.879170228133559384e-01,4.442899880734552803e-02,8.416587728156526005e-01,3.603687531498165342e-01,6.491742741158995633e-01,5.639578564303830699e-02,-1.497962736884218549e-01,5.178712440132321460e-01,-1.168773714728709168e-01,-2.615327020851779816e-01,-2.037750651742952779e-01
9.715485811433485774e-02,-7.442711415315653722e-01,-1.186747192042861415e-01,5.611816134448569526e-01,2.385901895818902108e-01,-7.773649717457791208e-01,8.140554522546845639e-01,-6.452091495722125369e-01,-7.858626704564876109e-01,-3.873548315823584498e-01,-8.030796562756564727e-01,1.898069267419363604e-01,-4.106819570360700222e-01,-6.485894574932985490e-01,7.096984084772203216e-01,-3.886772758369088643e-01,-7.086396165931703184e-01,7.977156146621493527e-01,-2.622492637657615200e-01,-8.214320358314375348e-01,8.387452811101773209e-01,5.445798591500325969e-01,-7.104646917288500729e-01,2.458488282020703519e-01,-6.220668003310050320e-01,7.090926822817151809e-01,4.890065539064032407e-01,1.000000000000000000e+00,6.705247828285870737e-01,-4.682866095351784774e-01,4.793435720870914962e-01,-2.772627117392991170e-01,5.980317835847503982e-01,4.333775958423153885e-01,-6.591631445890091534e-01,2.137416954168065986e-01,-6.954949906698665307e-01,1.032816601453484112e-01,-7.082445435853019777e-01
4.775449708173890584e-01,-5.064058228601920897e-01,-9.731381259858691568e-02,4.043739833059816213e-01,2.329170732400589194e-01,-6.006986354030482422e-01,5.275855994100541180e-01,-4.374294763611741299e-01,-4.734660766165783574e-01,-2.041617817744444396e-01,-6.071999002392721723e-01,1.520333280350488585e-02,-4.909547857533054227e-01,-4.123055675106251372e-01,5.223435330475829641e-01,-2.359505341133345813e-01,-5.196629114136076533e-01,6.156899373602612302e-01,-3.400420193632077148e-01,-5.986940624560498359e-01,5.539530077774266204e-01,2.317049157271142967e-01,-5.295279419271551324e-01,2.785823640097189191e-01,-4.243131350768056809e-01,7.415619903722463491e-01,3.879170228133559384e-01,6.705247828285870737e-01,1.000000000000000000e+00,-2.628024472019506730e-01,3.103142076087095358e-01,-9.960183040314407599e-02,3.560995250756325836e-01,5.520095934803581628e-01,-3.771471098707244174e-01,3.625147426397680173e-01,-4.756065255433062355e-01,2.422430628073813097e-01,-5.588692755700703785e-01
1.744147326078855365e-01,7.324397820947059490e-01,7.298844874537043781e-01,-6.407971899368097857e-01,3.990606027573054271e-01,6.862653599831504136e-01,-4.756700617504133755e-01,1.163214486638035946e-03,6.785022945495933211e-01,8.562226165170839787e-01,6.547596501599465268e-01,-1.349267844236510250e-01,9.641911853691688405e-02,6.848006837320106399e-01,-7.037569864974182465e-01,8.366937235797006212e-01,6.676245867744441398e-01,-5.180526947425757589e-01,4.884143156613398040e-01,6.735999680002651147e-01,-5.269343382275895049e-01,-1.060542281745513182e-01,7.713374627578101217e-01,3.647375419266807306e-01,7.893677235931109148e-01,-1.947134412453622454e-01,4.442899880734552803e-02,-4.682866095351784774e-01,-2.628024472019506730e-01,1.000000000000000000e+00,1.138304683599899170e-01,5.311248574993633342e-01,6.165911313855809012e-02,-3.938830711713102173e-01,6.370817677945023183e-01,2.446415982355725216e-01,6.863471382107416696e-01,-2.045127306410391144e-01,6.461121147457172809e-01
-1.265475181765678692e-01,-1.406486761177713485e-01,4.253543643445053535e-01,1.938755754251249297e-01,5.595518565532715538e-01,-2.070699044293101421e-01,6.170555249714054780e-01,-6.707791075681954762e-01,-3.726966326617703329e-01,1.382613098631247650e-01,-2.555991461845169566e-01,4.259547513549712394e-01,-2.621903349014040319e-01,-1.645399122715376916e-01,1.034190912339083973e-01,2.462103127190002905e-01,-2.188328608711759826e-01,3.466590110995022567e-01,2.929999359585371832e-01,-3.419985145933046589e-01,5.246856387987474113e-01,7.113662752775196108e-01,-1.289099026622554933e-01,4.021464828745362485e-01,-9.106976925260702738e-02,4.648498784427041453e-01,8.416587728156526005e-01,4.793435720870914962e-01,3.103142076087095358e-01,1.138304683599899170e-01,1.000000000000000000e+00,3.222550315317453951e-01,7.396757461296106229e-01,-1.820454784669081269e-02,-1.399184470495062338e-01,4.754611904150518042e-01,-1.033037624927641285e-01,-2.774884651259459933e-01,-1.500936387246565862e-01
-2.953808509917820596e-02,5.262286787652497022e-01,4.433279503216220330e-01,-3.045106796849328945e-01,2.338856420128489211e-01,4.447491613659628751e-01,-1.864583949199486446e-01,-3.611405077089832605e-02,3.424710100108332989e-01,5.209946314195920136e-01,4.219677468906635753e-01,-5.444428248476377435e-02,2.268178245995796857e-02,2.890968792488642358e-01,-4.370368026844872467e-01,5.713092710270585295e-01,4.251769110398120333e-01,-3.460219111259029701e-01,2.116366141799309042e-01,3.301502856495938665e-01,-2.550359967901127956e-01,3.671604325031775640e-02,4.630446586894901295e-01,8.534803318256417581e-02,4.387024176745046300e-01,2.669180153992117485e-02,3.603687531498165342e-01,-2.772627117392991170e-01,-9.960183040314407599e-02,5.311248574993633342e-01,3.222550315317453951e-01,1.000000000000000000e+00,1.456373128112836979e-01,-2.420021436287516370e-01,4.320931273401640293e-01,4.724741528493134890e-01,5.803371394433153307e-01,-4.141109350660874822e-01,2.751698988255077416e-01
-2.143746344655408920e-02,-2.679443742529353800e-01,4.077763476036513901e-01,2.493302129348216323e-01,5.108163283663921250e-01,-2.722775112573967426e-01,6.207424147445891327e-01,-7.283410070302421824e-01,-4.658017752337278994e-01,1.153678588185069326e-01,-3.414865119527051851e-01,2.327503012246509573e-01,-2.857379410143617293e-01,-2.176504895617428770e-01,2.427636339471758720e-01,1.884875284584885680e-01,-2.726226851927447958e-01,3.758682819193390756e-01,3.638859483652612942e-02,-4.531099655069717458e-01,6.054646673781336474e-01,6.966402750101120533e-01,-1.736256608408724145e-01,4.417697078949833767e-01,-1.052934176978168601e-01,4.748402816931779902e-01,6.491742741158995633e-01,5.980317835847503982e-01,3.560995250756325836e-01,6.165911313855809012e-02,7.396757461296106229e-01,1.456373128112836979e-01,1.000000000000000000e+00,9.695557218895055340e-02,-2.088679220649224955e-01,4.743924124599354086e-01,-1.775027384509519912e-01,-2.430355970190374026e-01,-3.389361949308096200e-01
3.294149933587433576e-01,-4.227529120994190648e-01,-2.969565420891220886e-01,3.644921125339130041e-01,1.726554209783741356e-01,-5.232473409706035472e-01,3.043061632292333729e-01,-1.227875842008344515e-01,-2.978763453742336864e-01,-4.312118163278979011e-01,-4.583746985667049301e-01,-3.225864360317078766e-02,-3.589993231979105581e-01,-2.239632526866244255e-01,6.013497987215165042e-01,-4.788919955563608055e-01,-3.504516869158927350e-01,4.595467123136826593e-01,-2.875888722247643137e-01,-4.799427328388680136e-01,3.549866606813024128e-01,7.723843209637209703e-03,-4.762901443897357701e-01,-1.395843134140168085e-01,-4.430765483214006428e-01,4.337065604661493601e-01,5.639578564303830699e-02,4.333775958423153885e-01,5.520095934803581628e-01,-3.938830711713102173e-01,-1.820454784669081269e-02,-2.420021436287516370e-01,9.695557218895055340e-02,1.000000000000000000e+00,-3.712997756956277762e-01,6.437687468410298319e-02,-3.976301567898305467e-01,3.674983861860175449e-01,-4.687551517117157229e-01
2.397715959978344580e-01,7.274630364069977206e-01,3.254109585641393187e-01,-5.886520151738785511e-01,-7.354198522859882719e-04,7.940397280590706375e-01,-6.499680216850253212e-01,4.179255020528064302e-01,7.101176390371273239e-01,5.816783134942481448e-01,8.001481907070691069e-01,-3.311710085471124554e-01,1.956523990491388920e-01,6.745098582349674521e-01,-6.576186830198418320e-01,6.313063781887491288e-01,7.848822311065823953e-01,-6.924539554305910727e-01,2.518710927904445618e-01,6.885659918140449864e-01,-6.956668335851355911e-01,-4.014265766393030344e-01,7.723931136285406840e-01,-1.125335849542632993e-01,7.355221182459578122e-01,-3.396236500327249885e-01,-1.497962736884218549e-01,-6.591631445890091534e-01,-3.771471098707244174e-01,6.370817677945023183e-01,-1.399184470495062338e-01,4.320931273401640293e-01,-2.088679220649224955e-01,-3.712997756956277762e-01,1.000000000000000000e+00,1.707124290069027550e-01,8.039010973686365746e-01,-1.066592699141968581e-01,5.640958329207934607e-01
2.638294756857684220e-01,1.209089665596546487e-01,2.229562529027566686e-01,1.343073400744178025e-01,1.986378104285746737e-01,-1.570922336326128696e-02,2.192221683376273655e-01,-2.440904136950366177e-01,-1.163385206595337895e-01,2.899986602697131599e-01,-4.021936299018061267e-02,1.778508128218433959e-02,-2.621319966261043133e-01,-4.554600282710155601e-02,3.707623569830294230e-02,3.118389189067062306e-01,4.931149179451915256e-03,5.525200285871503109e-02,-1.556701514505171857e-01,-1.800967736171442679e-01,1.818119796724135262e-01,2.525414119725418183e-01,2.329298058247187761e-02,9.675966713156504417e-02,4.131795198456700985e-02,4.318017187934753975e-01,5.178712440132321460e-01,2.137416954168065986e-01,3.625147426397680173e-01,2.446415982355725216e-01,4.754611904150518042e-01,4.724741528493134890e-01,4.743924124599354086e-01,6.437687468410298319e-02,1.707124290069027550e-01,1.000000000000000000e+00,2.357492683518153387e-01,-2.653948832402077684e-01,-1.945688846308344655e-01
6.482786120104709615e-02,7.914266666564736541e-01,3.715081958256726824e-01,-5.566486185937048470e-01,3.134041579683531642e-02,8.012644734267974078e-01,-6.423838972757487387e-01,3.996595923727027655e-01,7.153803622521147654e-01,6.232561782032710607e-01,8.058692012275082694e-01,-2.679389056303511651e-01,1.400982229389743650e-01,6.571240091216095092e-01,-6.766986907373817584e-01,6.514828680693738328e-01,7.851883172912378361e-01,-7.317657968442508043e-01,2.786822299455475327e-01,7.020338478674896798e-01,-6.955417355870584517e-01,-3.416160969076569298e-01,7.786400428057886902e-01,-1.244049488928428149e-01,7.289594489091042462e-01,-3.900440668484884132e-01,-1.168773714728709168e-01,-6.954949906698665307e-01,-4.756065255433062355e-01,6.863471382107416696e-01,-1.033037624927641285e-01,5.803371394433153307e-01,-1.775027384509519912e-01,-3.976301567898305467e-01,8.039010973686365746e-01,2.357492683518153387e-01,1.000000000000000000e+00,-2.494264127749897531e-01,5.732376250636480597e-01
4.207251338934361318e-01,-2.090683737025194333e-01,-1.758315642267233025e-01,1.348068444965735135e-01,6.591510923916787945e-02,-2.016033958892781697e-01,-5.254072307160741889e-02,4.251932255871625904e-02,2.890574839654729694e-02,-1.745082551915387858e-01,-1.917259646809693630e-01,-7.612814745564194796e-02,-2.098220065392568945e-01,1.374058386795262536e-02,2.049631023226019533e-01,-2.470199997790824276e-01,-1.701137373206961789e-01,3.501164022817926935e-01,9.703613243283035900e-03,-6.477300690739219713e-02,4.480696464966369558e-02,-1.713277966387160567e-01,-1.975675454925761299e-01,-3.580372423048226727e-02,-1.890435391544075805e-01,1.538620422015353761e-01,-2.615327020851779816e-01,1.032816601453484112e-01,2.422430628073813097e-01,-2.045127306410391144e-01,-2.774884651259459933e-01,-4.141109350660874822e-01,-2.430355970190374026e-01,3.674983861860175449e-01,-1.066592699141968581e-01,-2.653948832402077684e-01,-2.494264127749897531e-01,1.000000000000000000e+00,-1.281947409740440439e-03
-1.192647225201178135e-01,7.545122652542578523e-01,5.011834755603470359e-01,-5.519019650178791370e-01,1.956835711023736102e-01,7.170366240306239591e-01,-5.982669380214993282e-01,2.308515235816874234e-01,7.459941743004796511e-01,5.975696539438326571e-01,7.031975729265312891e-01,1.237142592468797042e-01,4.232759154791573275e-01,7.149737677096537070e-01,-7.895708348088288364e-01,5.656947991625154160e-01,6.000494504331774781e-01,-5.668279734796878300e-01,6.071412212478568549e-01,8.116606711364896531e-01,-6.443899859484196746e-01,-1.896588509529567590e-01,7.195078329577808685e-01,1.428754807723576215e-01,6.689127154969153333e-01,-5.762679762457265653e-01,-2.037750651742952779e-01,-7.082445435853019777e-01,-5.588692755700703785e-01,6.461121147457172809e-01,-1.500936387246565862e-01,2.751698988255077416e-01,-3.389361949308096200e-01,-4.687551517117157229e-01,5.640958329207934607e-01,-1.945688846308344655e-01,5.732376250636480597e-01,-1.281947409740440439e-03,1.000000000000000000e+00
