1.000000000000000000e+00,8.381799178206783552e-01,6.248724182888486522e-01,-7.727780152156149551e-02,7.555016759092945122e-01,-1.107633398596869906e-01,-9.395374351483319619e-02,-6.785346216722824009e-01,7.331394701013287385e-01,6.950785440123924408e-01,-1.529923516031795883e-01,4.261883764873214964e-01,-1.736626961462556240e-01,7.193068685218574343e-01,5.105109707260472307e-01,7.134495624529572089e-01,-2.154797865901531273e-01,5.908770986519125135e-01,5.930600863488392216e-01,8.310678673350366252e-02,2.484194098857110677e-01,2.148461518277199056e-01,5.101762114907447687e-01,1.854431633052351924e-01,4.618664707460010121e-01,6.678793565002750787e-01,1.958748192738055949e-01,5.780852564944692906e-01,2.756190976325154640e-01,7.122279371179912610e-01,3.526838948125127216e-01,6.017749546063103638e-01,7.772610818756787998e-02,6.972210534541406490e-01,3.404733116205735932e-01,6.923246003033975970e-01,4.788861942289843188e-01,6.691488844960269411e-01,7.911150901934682622e-01
8.381799178206783552e-01,1.000000000000000000e+00,6.860478719982633367e-01,4.027550010392285523e-02,7.653815410279274367e-01,-1.440861626286584762e-01,6.484877917460007924e-04,-6.887124748230021298e-01,7.319901888397536416e-01,7.543636738050513157e-01,-1.278867306091413525e-01,4.697250626386596517e-01,-1.829072162716273708e-01,7.093517675423818281e-01,4.246298718968662400e-01,7.379429137444829534e-01,-1.745558262919494896e-01,6.087774093163057509e-01,6.253637069829619533e-01,1.802767614428575360e-01,3.168365807373574317e-01,3.468859102854633947e-01,5.061834944355159127e-01,2.422064855131212391e-01,5.181736420571227963e-01,5.915601731412922781e-01,2.487266754450015716e-01,5.282500844722429756e-01,2.335720129600829253e-01,7.014244112408426490e-01,4.296087691803813780e-01,6.525132172050128743e-01,1.791267281133346323e-01,7.127269699145187820e-01,2.874529984857247533e-01,7.028691622659327676e-01,5.194397752528214784e-01,5.429238000488195715e-01,8.261509306274613662e-01
6.248724182888486522e-01,6.860478719982633367e-01,1.000000000000000000e+00,4.138718845155760911e-02,7.815620702371937067e-01,-8.955335716889097075e-02,1.005948693257449067e-01,-8.708919948123521326e-01,6.956419172370721382e-01,7.384982647794408051e-01,2.811295181699606863e-02,3.581259196204766293e-01,-3.151174170658930795e-01,6.910355310386947503e-01,2.855881028517788245e-01,7.295510081424149140e-01,-4.420203806806536490e-02,6.640151259212161428e-01,6.918776543558172731e-01,3.596634252639723250e-01,4.163977237845485346e-01,5.092143616191707745e-01,5.626007261028584949e-01,3.761398229549168248e-01,6.311335760511711523e-01,5.945817145746997712e-01,2.711746604806931638e-01,6.308403967956482949e-01,2.061343318515226619e-01,6.508139708589107952e-01,5.505446756685078435e-01,6.045369433953414751e-01,3.266619414138131061e-01,7.482649938581353855e-01,2.569394023268847804e-01,6.198683855614679494e-01,5.237924528008194303e-01,3.758953241438277582e-01,6.797814686339952450e-01
-7.727780152156149551e-02,4.027550010392285523e-02,4.138718845155760911e-02,1.000000000000000000e+00,3.819228990996966638e-02,-2.062230164466104521e-01,6.106766314767628767e-01,4.740557333066421075e-02,4.966220681677149112e-02,1.412019839452952896e-01,-1.603241990144022300e-01,7.691241402810457262e-02,3.059629287935813902e-01,-5.120874905195787335e-02,1.856173024505720220e-02,1.423967327880078237e-01,2.849068483735803792e-01,2.568943570637313711e-01,3.190076697447353782e-01,5.720324587646913317e-01,4.620188263929911332e-02,2.503278846727148843e-01,5.670972795926224920e-03,-9.040243855985163890e-02,-3.718125971931118996e-03,-2.015565541762228130e-01,5.966511291293450508e-02,-1.775160439331151807e-01,-2.227680109103507833e-01,1.732124621957795152e-01,-1.050839270033549905e-01,2.255527867284483068e-01,2.381861750824263713e-01,4.754560642105175317e-02,-1.506611212779320197e-01,1.450766247128458530e-01,4.497978015861705398e-02,-1.630363834790816979e-01,-1.095427817271495130e-01
7.555016759092945122e-01,7.653815410279274367e-01,7.815620702371937067e-01,3.819228990996966638e-02,1.000000000000000000e+00,-2.008778404042366739e-01,1.571956129748339204e-02,-8.139631937497607828e-01,7.839853401192991011e-01,7.338740389329125868e-01,-1.924049105760859135e-01,4.353200052379322949e-01,-1.011829891225791006e-01,7.746417240425074180e-01,4.164598226648034696e-01,7.600318803750817365e-01,-6.610338968687567984e-02,7.551888204221982592e-01,7.336729996624390404e-01,1.532627255640348629e-01,1.973520091442145796e-01,2.278132809989835417e-01,4.975847761218092913e-01,1.370711248974025576e-01,4.964319020684487271e-01,5.885292419584537971e-01,2.630464734469161181e-01,4.869034548789502037e-01,2.089886219262226952e-01,7.163234968846512452e-01,3.642593931295611265e-01,5.876723477943459617e-01,7.523158380330334516e-02,7.618809573113302092e-01,2.283079079401796607e-01,7.172330105212949558e-01,4.751016381666692268e-01,5.136780872300101830e-01,7.207486910489865339e-01
-1.107633398596869906e-01,-1.440861626286584762e-01,-8.955335716889097075e-02,-2.062230164466104521e-01,-2.008778404042366739e-01,1.000000000000000000e+00,2.271605125312748663e-01,2.212779603689241925e-01,-4.199068307235701014e-02,6.273638858039309874e-02,8.351815366446415645e-01,-4.970166544613653925e-01,-5.472651126334727723e-01,2.628170533394429131e-02,-4.431518389594208962e-01,-1.868188474888233530e-01,-3.593983741071933857e-01,-3.982959618993763828e-01,-3.984116454929018669e-01,3.465844604032771586e-02,4.452371089119923631e-01,1.435690790629419455e-01,3.616044004842214887e-01,6.071432816638869800e-01,3.554731086453814526e-01,1.247799088076599616e-01,1.084779602283862804e-01,4.146737519160237917e-01,7.198915059415348372e-01,5.016143359416284225e-02,3.285241584509757118e-01,3.704881680813314204e-02,4.124842421301562756e-01,-3.881279314709717987e-01,7.089400111333500343e-01,-4.513962453251994522e-01,4.775268134412355980e-01,-1.871156992058704838e-01,-6.725858727958082539e-02
-9.395374351483319619e-02,6.484877917460007924e-04,1.005948693257449067e-01,6.106766314767628767e-01,1.571956129748339204e-02,2.271605125312748663e-01,1.000000000000000000e+00,6.935083519431085863e-02,6.613942657838123296e-02,2.305820706683895660e-01,3.165520470787293594e-01,-3.375137383433605143e-01,-2.028508985294749656e-01,-3.589065035106095425e-02,-3.659806004245262367e-01,5.741483534613465306e-02,2.554398584978601061e-02,7.724881861575658322e-03,6.697864042466507295e-02,4.538057552058025745e-01,2.617069063618643332e-01,2.946710741315795579e-01,1.319510621033369580e-01,2.476681910527763764e-01,2.346041879851858969e-01,-1.034386563503096740e-01,9.374419056529076713e-03,1.483307167494483658e-01,2.171663194341645065e-01,2.079323887103553259e-01,2.430811164781807865e-01,8.390061104741142195e-02,4.075416516905777109e-01,-1.448117261874088124e-01,2.230329456641103048e-01,-8.225892076341490000e-02,2.545245955567976281e-01,-3.034469971294586621e-01,-4.704522677939995678e-02
-6.785346216722824009e-01,-6.887124748230021298e-01,-8.708919948123521326e-01,4.740557333066421075e-02,-8.139631937497607828e-01,2.212779603689241925e-01,6.935083519431085863e-02,1.000000000000000000e+00,-6.671455992582495664e-01,-6.545251754014876910e-01,1.549263788730672331e-01,-3.883482105830961539e-01,1.866610008176454727e-01,-7.229552171296713681e-01,-4.052037773845494351e-01,-7.254078928839809981e-01,9.145733634407614276e-02,-7.147946336332005046e-01,-7.356579221182799611e-01,-2.042658611229142829e-01,-2.501522524968969874e-01,-3.482814411611786509e-01,-4.408715442931405160e-01,-2.126699603417603612e-01,-5.044527444651462078e-01,-5.562422947709811938e-01,-1.562259202236531974e-01,-5.297192300084057059e-01,-1.065246343148820440e-01,-6.182422719494674590e-01,-3.820946534980096398e-01,-5.413090713913035756e-01,-1.174463990285442849e-01,-8.139732968917985367e-01,-1.582981288031487521e-01,-6.661252790081020336e-01,-4.033883369539120745e-01,-4.555278832026422586e-01,-6.613197297314893364e-01
7.331394701013287385e-01,7.319901888397536416e-01,6.956419172370721382e-01,4.966220681677149112e-02,7.839853401192991011e-01,-4.199068307235701014e-02,6.613942657838123296e-02,-6.671455992582495664e-01,1.000000000000000000e+00,8.471544012011887892e-01,-1.186926068019523127e-02,4.926170664479497807e-01,-1.783058058132863388e-01,7.507240903788056086e-01,4.449073737591913158e-01,8.121813950542744465e-01,3.450384852047998913e-02,5.869930229247454223e-01,6.546051440886029305e-01,2.825814432506880691e-01,3.493526086114911999e-01,3.862656498420801721e-01,6.387823009185767953e-01,3.185427989407828564e-01,6.229941744196800801e-01,7.167998325408504456e-01,4.384706562314939493e-01,6.087690450130085473e-01,2.881563056808255086e-01,8.127651049290676166e-01,5.742910389112937386e-01,6.854475054802945388e-01,3.194505124596815349e-01,7.092600263733579435e-01,3.743687701877982388e-01,6.539662112423688667e-01,6.041678988182135335e-01,6.334669267324819497e-01,7.622379258645949340e-01
6.950785440123924408e-01,7.543636738050513157e-01,7.384982647794408051e-01,1.412019839452952896e-01,7.338740389329125868e-01,6.273638858039309874e-02,2.305820706683895660e-01,-6.545251754014876910e-01,8.471544012011887892e-01,1.000000000000000000e+00,1.290132139509899412e-01,3.889749754267989856e-01,-3.124191223111066340e-01,7.223715215808279577e-01,3.182559367749835944e-01,7.858491160476419601e-01,8.748590632994901820e-03,5.667249497900435085e-01,6.177566584062793575e-01,3.954473875115474546e-01,4.924408118070571216e-01,5.061608442941147867e-01,6.959050079286934753e-01,4.662236450100488150e-01,7.152694107000600043e-01,6.753203036999064768e-01,4.118409684140367788e-01,6.599075259295519302e-01,3.766020762867345328e-01,7.954032732029998609e-01,6.415918836569395323e-01,6.962488573664104008e-01,4.347243176148496979e-01,6.481950731662038390e-01,4.483633007319023367e-01,6.160152294838027176e-01,6.911185390807220719e-01,4.907993522598244063e-01,7.545955800251981094e-01
-1.529923516031795883e-01,-1.278867306091413525e-01,2.811295181699606863e-02,-1.603241990144022300e-01,-1.924049105760859135e-01,8.351815366446415645e-01,3.165520470787293594e-01,1.549263788730672331e-01,-1.186926068019523127e-02,1.290132139509899412e-01,1.000000000000000000e+00,-4.214910309205531225e-01,-6.313919420261157045e-01,2.692368359107248383e-03,-4.561071559807279852e-01,-1.218484170721214482e-01,-2.424933537062969879e-01,-3.848783867267425163e-01,-3.241092596669515880e-01,1.824739483504485282e-01,5.644223199684517134e-01,3.479333531564232085e-01,4.098566305353661399e-01,7.240539464348133558e-01,4.591372125768839463e-01,1.697440680416301417e-01,2.305164869672845784e-01,4.656566669393816804e-01,6.389112179842084682e-01,3.728103311036611023e-02,5.004833504915287001e-01,1.008703473122850164e-01,5.876946563290506020e-01,-3.220384081531348919e-01,6.512420603466102520e-01,-4.016822773375801625e-01,4.747589332795535966e-01,-2.187233427910631745e-01,-1.684798036901103899e-02
4.261883764873214964e-01,4.697250626386596517e-01,3.581259196204766293e-01,7.691241402810457262e-02,4.353200052379322949e-01,-4.970166544613653925e-01,-3.375137383433605143e-01,-3.883482105830961539e-01,4.926170664479497807e-01,3.889749754267989856e-01,-4.214910309205531225e-01,1.000000000000000000e+00,3.052073703485085332e-01,3.991157110974829503e-01,7.421870651072340896e-01,5.106416366176310673e-01,3.284101910929907442e-01,5.576189480180298030e-01,5.605652686077368108e-01,2.654433722171461452e-01,8.618124496804495382e-02,3.266039972585585982e-01,3.250390822870928287e-01,-3.962399376534275763e-02,1.729893960865878932e-01,4.100346453342102460e-01,5.456880478902009779e-01,6.644542584052903766e-02,-2.980743961770392358e-01,3.396006348825570398e-01,1.499223974015369554e-01,5.773414796403006921e-01,7.847853364759971306e-02,6.384486143170626793e-01,-1.741738187909661617e-01,6.739259010604455868e-01,1.487723327794903405e-01,5.414916107327846229e-01,4.836202907563562081e-01
-1.736626961462556240e-01,-1.829072162716273708e-01,-3.151174170658930795e-01,3.059629287935813902e-01,-1.011829891225791006e-01,-5.472651126334727723e-01,-2.028508985294749656e-01,1.866610008176454727e-01,-1.783058058132863388e-01,-3.124191223111066340e-01,-6.313919420261157045e-01,3.052073703485085332e-01,1.000000000000000000e+00,-2.115021434282495227e-01,3.403626077154968121e-01,-1.029540568102164794e-01,4.419616370460094368e-01,1.973865648369449166e-01,1.276155512653348312e-01,-3.845522130844099273e-02,-5.959762126624670309e-01,-3.510679800273417417e-01,-3.624121098209918679e-01,-6.280435956415109100e-01,-4.804594878805926728e-01,-3.247868164143258851e-01,-7.758186798252356131e-02,-6.538381836010983550e-01,-5.660618813239799429e-01,-1.884487929332440692e-01,-6.818866162171124401e-01,-7.732012059907425461e-02,-3.991647047232886325e-01,-2.565034712357286070e-02,-5.788367964487830530e-01,1.099179692832962241e-01,-4.403013799678121010e-01,7.534749344213441391e-02,-2.879583544814287022e-01
7.193068685218574343e-01,7.093517675423818281e-01,6.910355310386947503e-01,-5.120874905195787335e-02,7.746417240425074180e-01,2.628170533394429131e-02,-3.589065035106095425e-02,-7.229552171296713681e-01,7.507240903788056086e-01,7.223715215808279577e-01,2.692368359107248383e-03,3.991157110974829503e-01,-2.115021434282495227e-01,1.000000000000000000e+00,4.792975697963568482e-01,7.498415557848949753e-01,-1.739700964705943043e-01,6.225283608880398667e-01,6.349727692379262267e-01,1.900102045360929359e-01,3.984478402897344007e-01,3.455976321561777809e-01,5.870799789013722014e-01,3.734112718526924612e-01,5.918824305839281985e-01,6.334530133095104265e-01,3.135148603396602507e-01,6.123507549666827865e-01,3.863570533527093676e-01,7.331044358065702538e-01,4.345112409492553618e-01,6.647967805768226768e-01,1.840422857269052304e-01,7.144587248058649198e-01,4.632077574911973028e-01,6.623981505830603966e-01,6.495354419658504463e-01,5.195282167176833443e-01,6.765014986121509200e-01
5.105109707260472307e-01,4.246298718968662400e-01,2.855881028517788245e-01,1.856173024505720220e-02,4.164598226648034696e-01,-4.431518389594208962e-01,-3.659806004245262367e-01,-4.052037773845494351e-01,4.449073737591913158e-01,3.182559367749835944e-01,-4.561071559807279852e-01,7.421870651072340896e-01,3.403626077154968121e-01,4.792975697963568482e-01,1.000000000000000000e+00,5.166705403810725183e-01,2.032648995861355834e-01,5.860247841436612148e-01,6.211228230691312469e-01,2.501687064082461776e-01,2.169703565832995645e-02,2.298045969371358133e-01,2.937197771170592664e-01,-5.117499791821022992e-02,1.221389817190688398e-01,4.855208938851711120e-01,3.456511178435239251e-01,1.413688369359432928e-01,-2.820713352258583106e-01,3.782981681452116662e-01,-2.124368967875532935e-02,5.301232114414027308e-01,-1.488799198150074672e-02,6.513476998148927111e-01,-8.267695612661635218e-02,6.594810493063434365e-01,1.109258599723387667e-01,6.811012524688956349e-01,3.457428570411275603e-01
7.134495624529572089e-01,7.379429137444829534e-01,7.295510081424149140e-01,1.423967327880078237e-01,7.600318803750817365e-01,-1.868188474888233530e-01,5.741483534613465306e-02,-7.254078928839809981e-01,8.121813950542744465e-01,7.858491160476419601e-01,-1.218484170721214482e-01,5.106416366176310673e-01,-1.029540568102164794e-01,7.498415557848949753e-01,5.166705403810725183e-01,1.000000000000000000e+00,8.434006120824329156e-02,6.371957330342200576e-01,7.070605324692785798e-01,3.063363045502844328e-01,3.334114217207955200e-01,4.022734020422066292e-01,5.553483125726547120e-01,2.788026745855488597e-01,5.901790244920953610e-01,6.645590260998118781e-01,3.169843667269995335e-01,5.316373906523645942e-01,1.592166267236520272e-01,7.635352855681383222e-01,4.910414928110296562e-01,6.912064845612515551e-01,2.562246508421996416e-01,7.664444157082143105e-01,2.625601729176302301e-01,7.550850343260814279e-01,5.654521855593185320e-01,6.140390010632669204e-01,7.031303370091155358e-01
-2.154797865901531273e-01,-1.745558262919494896e-01,-4.420203806806536490e-02,2.849068483735803792e-01,-6.610338968687567984e-02,-3.593983741071933857e-01,2.554398584978601061e-02,9.145733634407614276e-02,3.450384852047998913e-02,8.748590632994901820e-03,-2.424933537062969879e-01,3.284101910929907442e-01,4.419616370460094368e-01,-1.739700964705943043e-01,2.032648995861355834e-01,8.434006120824329156e-02,1.000000000000000000e+00,1.248852582919626336e-01,1.090257224349278908e-01,2.207454442533593741e-01,-2.184631737986551525e-01,8.989850130387255431e-03,-2.183456201430093724e-02,-1.405357062891655073e-01,-5.157632554948789888e-02,-2.469562404503236261e-02,1.499058446579011050e-01,-3.109790747852785864e-01,-3.984589901011348356e-01,-8.134958195337184395e-02,-1.373012194517660156e-01,4.460014204413940281e-02,1.011159822034989469e-01,8.178628103944315247e-03,-4.085878768687451479e-01,1.255882907305778118e-01,-1.778999478559702974e-01,6.571953464650864829e-02,-1.677619217589356171e-01
5.908770986519125135e-01,6.087774093163057509e-01,6.640151259212161428e-01,2.568943570637313711e-01,7.551888204221982592e-01,-3.982959618993763828e-01,7.724881861575658322e-03,-7.147946336332005046e-01,5.869930229247454223e-01,5.667249497900435085e-01,-3.848783867267425163e-01,5.576189480180298030e-01,1.973865648369449166e-01,6.225283608880398667e-01,5.860247841436612148e-01,6.371957330342200576e-01,1.248852582919626336e-01,1.000000000000000000e+00,8.300068165364884454e-01,3.439785451438448494e-01,1.141179570338151511e-01,2.732110033144389827e-01,4.038234068042378944e-01,4.027160288922193034e-04,3.058567570381706680e-01,4.587355586958882236e-01,2.824738067236526873e-01,2.542479301900484323e-01,-6.754197515652429762e-02,5.627609407790161722e-01,8.968285172952834838e-02,5.923837933087778840e-01,7.686405770867493423e-03,7.318576171290073207e-01,-7.888820893448406785e-03,7.470550098123011074e-01,2.810719604269120153e-01,4.267043132019104346e-01,4.828764549431103781e-01
5.930600863488392216e-01,6.253637069829619533e-01,6.918776543558172731e-01,3.190076697447353782e-01,7.336729996624390404e-01,-3.984116454929018669e-01,6.697864042466507295e-02,-7.356579221182799611e-01,6.546051440886029305e-01,6.177566584062793575e-01,-3.241092596669515880e-01,5.605652686077368108e-01,1.276155512653348312e-01,6.349727692379262267e-01,6.211228230691312469e-01,7.070605324692785798e-01,1.090257224349278908e-01,8.300068165364884454e-01,1.000000000000000000e+00,4.709275307835179003e-01,1.752979788573146014e-01,4.302992856410763900e-01,4.271367653983229040e-01,8.021706333479142192e-02,3.785651812174307684e-01,4.952040111209069506e-01,3.160688495295163047e-01,3.331893762017808513e-01,-1.509505309281362617e-01,6.274701230859706103e-01,2.272225160763309271e-01,6.556716616907989348e-01,1.886582284865376546e-01,8.029895479335648067e-01,-1.047963618962201825e-02,7.255066027407429674e-01,2.938656568508759004e-01,4.947831641624528265e-01,4.987815940948608917e-01
8.310678673350366252e-02,1.802767614428575360e-01,3.596634252639723250e-01,5.720324587646913317e-01,1.532627255640348629e-01,3.465844604032771586e-02,4.538057552058025745e-01,-2.042658611229142829e-01,2.825814432506880691e-01,3.954473875115474546e-01,1.824739483504485282e-01,2.654433722171461452e-01,-3.845522130844099273e-02,1.900102045360929359e-01,2.501687064082461776e-01,3.063363045502844328e-01,2.207454442533593741e-01,3.439785451438448494e-01,4.709275307835179003e-01,1.000000000000000000e+00,4.899781271837414520e-01,7.355963656773198966e-01,4.558043100937450021e-01,3.923802524802184610e-01,3.793985987234022028e-01,2.934868761212592880e-01,4.561978854026527141e-01,3.121916652554778682e-01,-6.741861194462980822e-02,3.432343660402300545e-01,3.242666422691851125e-01,5.202147102458545280e-01,6.775321820131982031e-01,2.760149121183964604e-01,1.428196376771480869e-01,2.302562535482435280e-01,3.245776138115739617e-01,1.210017415255112416e-01,9.860050270113959736e-02
2.484194098857110677e-01,3.168365807373574317e-01,4.163977237845485346e-01,4.620188263929911332e-02,1.973520091442145796e-01,4.452371089119923631e-01,2.617069063618643332e-01,-2.501522524968969874e-01,3.493526086114911999e-01,4.924408118070571216e-01,5.644223199684517134e-01,8.618124496804495382e-02,-5.959762126624670309e-01,3.984478402897344007e-01,2.169703565832995645e-02,3.334114217207955200e-01,-2.184631737986551525e-01,1.141179570338151511e-01,1.752979788573146014e-01,4.899781271837414520e-01,1.000000000000000000e+00,7.046563767887003005e-01,6.260061251359458900e-01,7.348579136599941997e-01,6.419305441192222350e-01,4.749739319814117455e-01,4.645456772043214944e-01,6.612716507988161130e-01,5.133264208776711079e-01,3.625248576425398328e-01,6.814020529772312207e-01,5.075973939715351380e-01,6.656137259658583272e-01,2.099968249621508853e-01,6.260801791477280664e-01,1.702548640415992576e-01,6.882727308672148547e-01,9.316958715926733359e-02,3.658069647337449659e-01
2.148461518277199056e-01,3.468859102854633947e-01,5.092143616191707745e-01,2.503278846727148843e-01,2.278132809989835417e-01,1.435690790629419455e-01,2.946710741315795579e-01,-3.482814411611786509e-01,3.862656498420801721e-01,5.061608442941147867e-01,3.479333531564232085e-01,3.266039972585585982e-01,-3.510679800273417417e-01,3.455976321561777809e-01,2.298045969371358133e-01,4.022734020422066292e-01,8.989850130387255431e-03,2.732110033144389827e-01,4.302992856410763900e-01,7.355963656773198966e-01,7.046563767887003005e-01,1.000000000000000000e+00,5.762314207317663639e-01,6.221344067097162034e-01,5.840959928153909297e-01,4.442549617730304767e-01,5.559074521421528692e-01,5.482453070604997869e-01,1.175165636905030203e-01,3.708700632359013816e-01,6.334899882639483115e-01,6.242924866566847975e-01,7.750911208372063266e-01,4.092275426525410209e-01,3.022252073662837768e-01,2.788796580601452524e-01,4.905371635542551956e-01,1.718234352494411865e-01,3.522596318565064943e-01
5.101762114907447687e-01,5.061834944355159127e-01,5.626007261028584949e-01,5.670972795926224920e-03,4.975847761218092913e-01,3.616044004842214887e-01,1.319510621033369580e-01,-4.408715442931405160e-01,6.387823009185767953e-01,6.959050079286934753e-01,4.098566305353661399e-01,3.250390822870928287e-01,-3.624121098209918679e-01,5.870799789013722014e-01,2.937197771170592664e-01,5.553483125726547120e-01,-2.183456201430093724e-02,4.038234068042378944e-01,4.271367653983229040e-01,4.558043100937450021e-01,6.260061251359458900e-01,5.762314207317663639e-01,1.000000000000000000e+00,6.864953244796466736e-01,7.835279555808595253e-01,7.321000437136369055e-01,6.191970884410179510e-01,6.923793179601956949e-01,4.845995366709085483e-01,6.226221258655095792e-01,6.099333123322515648e-01,7.649345794816514443e-01,6.180274829207916820e-01,4.258552613388621455e-01,6.070706426403856826e-01,3.922391452369669573e-01,7.688988912895976524e-01,4.783255676088978836e-01,5.626623346291840244e-01
1.854431633052351924e-01,2.422064855131212391e-01,3.761398229549168248e-01,-9.040243855985163890e-02,1.370711248974025576e-01,6.071432816638869800e-01,2.476681910527763764e-01,-2.126699603417603612e-01,3.185427989407828564e-01,4.662236450100488150e-01,7.240539464348133558e-01,-3.962399376534275763e-02,-6.280435956415109100e-01,3.734112718526924612e-01,-5.117499791821022992e-02,2.788026745855488597e-01,-1.405357062891655073e-01,4.027160288922193034e-04,8.021706333479142192e-02,3.923802524802184610e-01,7.348579136599941997e-01,6.221344067097162034e-01,6.864953244796466736e-01,1.000000000000000000e+00,7.626172691462391739e-01,4.839114387039587517e-01,4.218528240383337957e-01,6.710190458346544373e-01,5.601611972409645812e-01,3.478903803010234275e-01,6.585539669386627493e-01,4.844742441011417045e-01,7.131716612120868604e-01,1.255275899083052871e-01,6.577211924737680349e-01,4.666075886387775762e-02,6.932699958809647178e-01,9.052165576246951062e-02,3.143068282934883828e-01
4.618664707460010121e-01,5.181736420571227963e-01,6.311335760511711523e-01,-3.718125971931118996e-03,4.964319020684487271e-01,3.554731086453814526e-01,2.346041879851858969e-01,-5.044527444651462078e-01,6.229941744196800801e-01,7.152694107000600043e-01,4.591372125768839463e-01,1.729893960865878932e-01,-4.804594878805926728e-01,5.918824305839281985e-01,1.221389817190688398e-01,5.901790244920953610e-01,-5.157632554948789888e-02,3.058567570381706680e-01,3.785651812174307684e-01,3.793985987234022028e-01,6.419305441192222350e-01,5.840959928153909297e-01,7.835279555808595253e-01,7.626172691462391739e-01,1.000000000000000000e+00,6.410801403660369990e-01,4.494747226464322898e-01,7.115686910631269235e-01,5.236707336214998509e-01,5.829687794631807085e-01,7.070453546891231067e-01,6.618333265814104749e-01,6.418399972688226818e-01,4.304324599580767186e-01,5.749288967928201100e-01,3.599820927238055468e-01,7.808036952629295868e-01,3.217667374688175652e-01,5.840916379880356502e-01
6.678793565002750787e-01,5.915601731412922781e-01,5.945817145746997712e-01,-2.015565541762228130e-01,5.885292419584537971e-01,1.247799088076599616e-01,-1.034386563503096740e-01,-5.562422947709811938e-01,7.167998325408504456e-01,6.753203036999064768e-01,1.697440680416301417e-01,4.100346453342102460e-01,-3.247868164143258851e-01,6.334530133095104265e-01,4.855208938851711120e-01,6.645590260998118781e-01,-2.469562404503236261e-02,4.587355586958882236e-01,4.952040111209069506e-01,2.934868761212592880e-01,4.749739319814117455e-01,4.442549617730304767e-01,7.321000437136369055e-01,4.839114387039587517e-01,6.410801403660369990e-01,1.000000000000000000e+00,5.199282263995596010e-01,7.318854434400877684e-01,3.331772329466596849e-01,5.983724955183089556e-01,5.919499052234861169e-01,6.337737908475193915e-01,4.141347837862316972e-01,5.719375487869259311e-01,4.753649001219873993e-01,5.262294226060675317e-01,5.704234974280627535e-01,6.988481824755747862e-01,6.079169238212640547e-01
1.958748192738055949e-01,2.487266754450015716e-01,2.711746604806931638e-01,5.966511291293450508e-02,2.630464734469161181e-01,1.084779602283862804e-01,9.374419056529076713e-03,-1.562259202236531974e-01,4.384706562314939493e-01,4.118409684140367788e-01,2.305164869672845784e-01,5.456880478902009779e-01,-7.758186798252356131e-02,3.135148603396602507e-01,3.456511178435239251e-01,3.169843667269995335e-01,1.499058446579011050e-01,2.824738067236526873e-01,3.160688495295163047e-01,4.561978854026527141e-01,4.645456772043214944e-01,5.559074521421528692e-01,6.191970884410179510e-01,4.218528240383337957e-01,4.494747226464322898e-01,5.199282263995596010e-01,1.000000000000000000e+00,3.340368392190373181e-01,1.442970918995166996e-01,3.370598623597362842e-01,4.735755290210653667e-01,6.113557755668801441e-01,5.318020434561279153e-01,2.814931292353896608e-01,2.814545022989192180e-01,2.924032645714994549e-01,4.247704527662470864e-01,3.341531108017660179e-01,3.325856114627750992e-01
5.780852564944692906e-01,5.282500844722429756e-01,6.308403967956482949e-01,-1.775160439331151807e-01,4.869034548789502037e-01,4.146737519160237917e-01,1.483307167494483658e-01,-5.297192300084057059e-01,6.087690450130085473e-01,6.599075259295519302e-01,4.656566669393816804e-01,6.644542584052903766e-02,-6.538381836010983550e-01,6.123507549666827865e-01,1.413688369359432928e-01,5.316373906523645942e-01,-3.109790747852785864e-01,2.542479301900484323e-01,3.331893762017808513e-01,3.121916652554778682e-01,6.612716507988161130e-01,5.482453070604997869e-01,6.923793179601956949e-01,6.710190458346544373e-01,7.115686910631269235e-01,7.318854434400877684e-01,3.340368392190373181e-01,1.000000000000000000e+00,5.737435710205881501e-01,6.152304076834785862e-01,7.389407067890839675e-01,5.426722778932885349e-01,5.296975023514359782e-01,4.482922631061825314e-01,6.853478831561911067e-01,3.101961345374508183e-01,6.840348314073637637e-01,4.069083348460698080e-01,5.818079239944731196e-01
2.756190976325154640e-01,2.335720129600829253e-01,2.061343318515226619e-01,-2.227680109103507833e-01,2.089886219262226952e-01,7.198915059415348372e-01,2.171663194341645065e-01,-1.065246343148820440e-01,2.881563056808255086e-01,3.766020762867345328e-01,6.389112179842084682e-01,-2.980743961770392358e-01,-5.660618813239799429e-01,3.863570533527093676e-01,-2.820713352258583106e-01,1.592166267236520272e-01,-3.984589901011348356e-01,-6.754197515652429762e-02,-1.509505309281362617e-01,-6.741861194462980822e-02,5.133264208776711079e-01,1.175165636905030203e-01,4.845995366709085483e-01,5.601611972409645812e-01,5.236707336214998509e-01,3.331772329466596849e-01,1.442970918995166996e-01,5.737435710205881501e-01,1.000000000000000000e+00,3.436322635604625031e-01,4.546007692500591002e-01,2.341019561039604513e-01,2.750911589052458250e-01,-7.882224357532853498e-02,7.907614478451239215e-01,-5.787212140705564473e-02,6.816942526313070072e-01,6.096278759149181999e-03,3.241596864067777806e-01
7.122279371179912610e-01,7.014244112408426490e-01,6.508139708589107952e-01,1.732124621957795152e-01,7.163234968846512452e-01,5.016143359416284225e-02,2.079323887103553259e-01,-6.182422719494674590e-01,8.127651049290676166e-01,7.954032732029998609e-01,3.728103311036611023e-02,3.396006348825570398e-01,-1.884487929332440692e-01,7.331044358065702538e-01,3.782981681452116662e-01,7.635352855681383222e-01,-8.134958195337184395e-02,5.627609407790161722e-01,6.274701230859706103e-01,3.432343660402300545e-01,3.625248576425398328e-01,3.708700632359013816e-01,6.226221258655095792e-01,3.478903803010234275e-01,5.829687794631807085e-01,5.983724955183089556e-01,3.370598623597362842e-01,6.152304076834785862e-01,3.436322635604625031e-01,1.000000000000000000e+00,4.901202879745049090e-01,6.818142242875205872e-01,2.995380693980929099e-01,6.225994149338744954e-01,4.442702242861193973e-01,5.950253785699888276e-01,6.343481930216336995e-01,5.152057305114233765e-01,6.729132129042754151e-01
3.526838948125127216e-01,4.296087691803813780e-01,5.505446756685078435e-01,-1.050839270033549905e-01,3.642593931295611265e-01,3.285241584509757118e-01,2.430811164781807865e-01,-3.820946534980096398e-01,5.742910389112937386e-01,6.415918836569395323e-01,5.004833504915287001e-01,1.499223974015369554e-01,-6.818866162171124401e-01,4.345112409492553618e-01,-2.124368967875532935e-02,4.910414928110296562e-01,-1.373012194517660156e-01,8.968285172952834838e-02,2.272225160763309271e-01,3.242666422691851125e-01,6.814020529772312207e-01,6.334899882639483115e-01,6.099333123322515648e-01,6.585539669386627493e-01,7.070453546891231067e-01,5.919499052234861169e-01,4.735755290210653667e-01,7.389407067890839675e-01,4.546007692500591002e-01,4.901202879745049090e-01,1.000000000000000000e+00,4.756531578881494915e-01,6.373938618004206802e-01,3.564444319880262779e-01,5.319726435818697974e-01,2.342052710700703033e-01,6.210695303003889167e-01,2.246291502027186193e-01,5.562976209126088145e-01
6.017749546063103638e-01,6.525132172050128743e-01,6.045369433953414751e-01,2.255527867284483068e-01,5.876723477943459617e-01,3.704881680813314204e-02,8.390061104741142195e-02,-5.413090713913035756e-01,6.854475054802945388e-01,6.962488573664104008e-01,1.008703473122850164e-01,5.773414796403006921e-01,-7.732012059907425461e-02,6.647967805768226768e-01,5.301232114414027308e-01,6.912064845612515551e-01,4.460014204413940281e-02,5.923837933087778840e-01,6.556716616907989348e-01,5.202147102458545280e-01,5.075973939715351380e-01,6.242924866566847975e-01,7.649345794816514443e-01,4.844742441011417045e-01,6.618333265814104749e-01,6.337737908475193915e-01,6.113557755668801441e-01,5.426722778932885349e-01,2.341019561039604513e-01,6.818142242875205872e-01,4.756531578881494915e-01,1.000000000000000000e+00,5.161374233935879241e-01,6.444609962717580132e-01,3.924938781388626619e-01,6.002014422646418934e-01,6.782939727473278335e-01,5.332106766851196777e-01,6.368031521014815288e-01
7.772610818756787998e-02,1.791267281133346323e-01,3.266619414138131061e-01,2.381861750824263713e-01,7.523158380330334516e-02,4.124842421301562756e-01,4.075416516905777109e-01,-1.174463990285442849e-01,3.194505124596815349e-01,4.347243176148496979e-01,5.876946563290506020e-01,7.847853364759971306e-02,-3.991647047232886325e-01,1.840422857269052304e-01,-1.488799198150074672e-02,2.562246508421996416e-01,1.011159822034989469e-01,7.686405770867493423e-03,1.886582284865376546e-01,6.775321820131982031e-01,6.656137259658583272e-01,7.750911208372063266e-01,6.180274829207916820e-01,7.131716612120868604e-01,6.418399972688226818e-01,4.141347837862316972e-01,5.318020434561279153e-01,5.296975023514359782e-01,2.750911589052458250e-01,2.995380693980929099e-01,6.373938618004206802e-01,5.161374233935879241e-01,1.000000000000000000e+00,1.155937719458101365e-01,4.072235507336836036e-01,1.220289971403638353e-02,5.235689249030299752e-01,1.178535966117851136e-01,2.151589657858036797e-01
6.972210534541406490e-01,7.127269699145187820e-01,7.482649938581353855e-01,4.754560642105175317e-02,7.618809573113302092e-01,-3.881279314709717987e-01,-1.448117261874088124e-01,-8.139732968917985367e-01,7.092600263733579435e-01,6.481950731662038390e-01,-3.220384081531348919e-01,6.384486143170626793e-01,-2.565034712357286070e-02,7.144587248058649198e-01,6.513476998148927111e-01,7.664444157082143105e-01,8.178628103944315247e-03,7.318576171290073207e-01,8.029895479335648067e-01,2.760149121183964604e-01,2.099968249621508853e-01,4.092275426525410209e-01,4.258552613388621455e-01,1.255275899083052871e-01,4.304324599580767186e-01,5.719375487869259311e-01,2.814931292353896608e-01,4.482922631061825314e-01,-7.882224357532853498e-02,6.225994149338744954e-01,3.564444319880262779e-01,6.444609962717580132e-01,1.155937719458101365e-01,1.000000000000000000e+00,5.649735146403603997e-02,7.724760040877587386e-01,3.494945936325298264e-01,5.968495336518742089e-01,6.857546250883762573e-01
3.404733116205735932e-01,2.874529984857247533e-01,2.569394023268847804e-01,-1.506611212779320197e-01,2.283079079401796607e-01,7.089400111333500343e-01,2.230329456641103048e-01,-1.582981288031487521e-01,3.743687701877982388e-01,4.483633007319023367e-01,6.512420603466102520e-01,-1.741738187909661617e-01,-5.788367964487830530e-01,4.632077574911973028e-01,-8.267695612661635218e-02,2.625601729176302301e-01,-4.085878768687451479e-01,-7.888820893448406785e-03,-1.047963618962201825e-02,1.428196376771480869e-01,6.260801791477280664e-01,3.022252073662837768e-01,6.070706426403856826e-01,6.577211924737680349e-01,5.749288967928201100e-01,4.753649001219873993e-01,2.814545022989192180e-01,6.853478831561911067e-01,7.907614478451239215e-01,4.442702242861193973e-01,5.319726435818697974e-01,3.924938781388626619e-01,4.072235507336836036e-01,5.649735146403603997e-02,1.000000000000000000e+00,3.497590338330196225e-02,7.558674941824340410e-01,1.786707830280195863e-01,3.461545534559311021e-01
6.923246003033975970e-01,7.028691622659327676e-01,6.198683855614679494e-01,1.450766247128458530e-01,7.172330105212949558e-01,-4.513962453251994522e-01,-8.225892076341490000e-02,-6.661252790081020336e-01,6.539662112423688667e-01,6.160152294838027176e-01,-4.016822773375801625e-01,6.739259010604455868e-01,1.099179692832962241e-01,6.623981505830603966e-01,6.594810493063434365e-01,7.550850343260814279e-01,1.255882907305778118e-01,7.470550098123011074e-01,7.255066027407429674e-01,2.302562535482435280e-01,1.702548640415992576e-01,2.788796580601452524e-01,3.922391452369669573e-01,4.666075886387775762e-02,3.599820927238055468e-01,5.262294226060675317e-01,2.924032645714994549e-01,3.101961345374508183e-01,-5.787212140705564473e-02,5.950253785699888276e-01,2.342052710700703033e-01,6.002014422646418934e-01,1.220289971403638353e-02,7.724760040877587386e-01,3.497590338330196225e-02,1.000000000000000000e+00,3.197541743598492081e-01,5.733699011730835071e-01,6.544081689129912505e-01
4.788861942289843188e-01,5.194397752528214784e-01,5.237924528008194303e-01,4.497978015861705398e-02,4.751016381666692268e-01,4.775268134412355980e-01,2.545245955567976281e-01,-4.033883369539120745e-01,6.041678988182135335e-01,6.911185390807220719e-01,4.747589332795535966e-01,1.487723327794903405e-01,-4.403013799678121010e-01,6.495354419658504463e-01,1.109258599723387667e-01,5.654521855593185320e-01,-1.778999478559702974e-01,2.810719604269120153e-01,2.938656568508759004e-01,3.245776138115739617e-01,6.882727308672148547e-01,4.905371635542551956e-01,7.688988912895976524e-01,6.932699958809647178e-01,7.808036952629295868e-01,5.704234974280627535e-01,4.247704527662470864e-01,6.840348314073637637e-01,6.816942526313070072e-01,6.343481930216336995e-01,6.210695303003889167e-01,6.782939727473278335e-01,5.235689249030299752e-01,3.494945936325298264e-01,7.558674941824340410e-01,3.197541743598492081e-01,1.000000000000000000e+00,2.995367268807302419e-01,5.618484598339101854e-01
6.691488844960269411e-01,5.429238000488195715e-01,3.758953241438277582e-01,-1.630363834790816979e-01,5.136780872300101830e-01,-1.871156992058704838e-01,-3.034469971294586621e-01,-4.555278832026422586e-01,6.334669267324819497e-01,4.907993522598244063e-01,-2.187233427910631745e-01,5.414916107327846229e-01,7.534749344213441391e-02,5.195282167176833443e-01,6.811012524688956349e-01,6.140390010632669204e-01,6.571953464650864829e-02,4.267043132019104346e-01,4.947831641624528265e-01,1.210017415255112416e-01,9.316958715926733359e-02,1.718234352494411865e-01,4.783255676088978836e-01,9.052165576246951062e-02,3.217667374688175652e-01,6.988481824755747862e-01,3.341531108017660179e-01,4.069083348460698080e-01,6.096278759149181999e-03,5.152057305114233765e-01,2.246291502027186193e-01,5.332106766851196777e-01,1.178535966117851136e-01,5.968495336518742089e-01,1.786707830280195863e-01,5.733699011730835071e-01,2.995367268807302419e-01,1.000000000000000000e+00,5.646966557020252075e-01
7.911150901934682622e-01,8.261509306274613662e-01,6.797814686339952450e-01,-1.095427817271495130e-01,7.207486910489865339e-01,-6.725858727958082539e-02,-4.704522677939995678e-02,-6.613197297314893364e-01,7.622379258645949340e-01,7.545955800251981094e-01,-1.684798036901103899e-02,4.836202907563562081e-01,-2.879583544814287022e-01,6.765014986121509200e-01,3.457428570411275603e-01,7.031303370091155358e-01,-1.677619217589356171e-01,4.828764549431103781e-01,4.987815940948608917e-01,9.860050270113959736e-02,3.658069647337449659e-01,3.522596318565064943e-01,5.626623346291840244e-01,3.143068282934883828e-01,5.840916379880356502e-01,6.079169238212640547e-01,3.325856114627750992e-01,5.818079239944731196e-01,3.241596864067777806e-01,6.729132129042754151e-01,5.562976209126088145e-01,6.368031521014815288e-01,2.151589657858036797e-01,6.857546250883762573e-01,3.461545534559311021e-01,6.544081689129912505e-01,5.618484598339101854e-01,5.646966557020252075e-01,1.000000000000000000e+00
