1.000000000000000000e+00,4.846810667728169153e-01,5.723263687477200268e-01,2.309880851311971739e-01,3.301831556373182042e-01,3.674145769193474381e-02,3.410391836772967422e-01,-5.102268188492999901e-01,2.898709461180015157e-01,4.077644171954749597e-01,9.934831124425461124e-02,1.531814266948400838e-01,-5.010667629923135774e-02,3.627618932566440413e-01,3.606549625419637750e-01,3.703190372750995718e-01,1.748973954581622137e-01,4.141649255726949086e-01,3.407709352264587377e-01,2.674862443943119492e-02,7.433924851475646675e-03,2.555727226177186839e-01,1.784740431751435930e-01,3.633894700273396783e-01,2.068711460598382512e-01,4.089392073406343808e-01,6.061026145426910011e-02,2.211608823399607571e-01,5.800110124541215662e-01,3.423328363217510439e-01,3.363140043823686365e-01,3.652916938090306487e-01,8.461643634370602518e-02,3.644406128199266237e-01,2.903126752930004773e-01,2.845550563005448952e-01,1.144152974970316788e-01,6.766588418896796187e-01,3.743271098629129545e-01
4.846810667728169153e-01,1.000000000000000000e+00,3.845155451474290831e-01,7.768118623832104275e-02,2.328449962882763180e-01,2.887083006210145464e-01,1.852266622194987111e-01,-3.212330610829329802e-01,3.560942461640939638e-01,2.754967445887960831e-01,1.624810014186649498e-01,2.045429204336325080e-01,-2.938536188441990410e-02,3.545657645420990378e-01,1.729865126035985967e-01,2.667363683505078464e-01,1.096690406069561197e-01,3.287484930108374725e-01,2.039093173596196185e-01,5.351937298037046792e-02,1.154780741167621555e-01,3.511782576932692135e-01,2.128400728200243175e-01,3.875117563014215949e-01,3.082992759316918185e-01,2.241949945814540324e-01,1.504567739250090852e-01,4.069155418352868314e-02,3.605515216459926897e-01,3.673569523159333494e-01,1.921472162505272752e-01,5.218308456955892405e-01,5.384353540191089138e-02,2.532272335020936960e-01,2.785001946063209721e-01,2.843220262938850329e-01,4.177128534638919199e-01,4.221827168775388883e-01,6.167110035414757885e-01
5.723263687477200268e-01,3.845155451474290831e-01,1.000000000000000000e+00,3.289473726542118670e-01,6.759436512386175488e-01,9.674391550898449321e-02,4.116695944914072758e-01,-8.713599096190794979e-01,4.019097019939506521e-01,3.065008850077926561e-01,-2.754765143705569311e-02,1.207109544967501363e-01,-6.104898445526454366e-03,5.265026798757270754e-01,2.337144799996314914e-01,3.593511080203029007e-01,4.125678473978409977e-02,4.890187672678454334e-01,5.479089265247856222e-01,4.071818547208592293e-02,1.264014414901704353e-01,1.902472065360601705e-01,3.110262202441542168e-01,5.201773442392704228e-01,2.983017889518909671e-01,3.994987045184793528e-01,3.235550607373840482e-01,2.180295209656991640e-01,4.317200439657428168e-01,2.107358949732572873e-01,5.778206287336205005e-01,3.274251718902415620e-01,5.716521687975560650e-02,5.191422885530427855e-01,2.906577675744581590e-01,4.862745120919141906e-01,2.035070950330868100e-01,4.556074901363978968e-01,3.650697309938156221e-01
2.309880851311971739e-01,7.768118623832104275e-02,3.289473726542118670e-01,1.000000000000000000e+00,2.930736429719523750e-01,-3.483552609491853969e-01,2.308730204365632699e-01,-4.235020433067702705e-01,-6.266567809743546318e-03,5.200221789497286654e-03,1.697441888819263556e-02,-3.079148009075636239e-01,-2.559635341072568071e-01,-3.336208081993750560e-03,-3.957526622258416560e-01,6.971458778487114871e-02,-1.747235677864373768e-02,3.217888260614057416e-01,1.699341184768198565e-01,6.003050043732171409e-02,-1.760482835812872127e-01,-2.036452465706599102e-01,2.442848181815069908e-01,4.497151606324265548e-03,2.251535500559793679e-01,1.291563064930199289e-01,2.383291542606767732e-01,3.920657583854327277e-01,3.338510649862729274e-01,-1.666750738212813554e-01,2.135755953962548415e-01,-2.337370259887132928e-01,-2.914511845636674758e-01,9.280478265660084547e-02,-2.278209866893637914e-01,2.637400136816701601e-01,-1.309006949818538809e-02,-1.386552851667513346e-02,-2.336302160015545082e-01
3.301831556373182042e-01,2.328449962882763180e-01,6.759436512386175488e-01,2.930736429719523750e-01,1.000000000000000000e+00,-5.956868302033490464e-02,4.435490958212714441e-01,-6.748087762961589853e-01,4.128468068200382146e-01,4.230472263462382032e-01,-1.805597551697566694e-01,2.187524643332820207e-01,7.506969619466695443e-02,4.732832375405913172e-01,2.853083268365834702e-01,4.836193486996281377e-01,-1.389866001240207261e-01,5.962515490859054967e-01,6.822665153347207134e-01,2.700762933144446477e-03,7.739437252099573561e-02,1.019820804894247118e-01,5.082726199217626473e-01,2.965676685550625580e-01,5.044174973899908654e-01,2.702875744928932567e-01,2.451239774984831366e-01,1.428478214592296680e-01,1.297469837114090807e-01,2.726534291998151116e-01,2.976538989030465543e-01,4.598827932888333719e-02,1.109709652618968145e-01,7.984811406731876504e-01,1.343532488760439680e-01,5.311891201142273644e-01,-7.044245341067716104e-02,2.163941023644365136e-01,2.141720522786544068e-01
3.674145769193474381e-02,2.887083006210145464e-01,9.674391550898449321e-02,-3.483552609491853969e-01,-5.956868302033490464e-02,1.000000000000000000e+00,7.649995047464872022e-02,5.750401456870031860e-03,1.196810174629507201e-01,4.516538791514219248e-02,1.031644717908459380e-01,3.303873425185269164e-01,1.912007389772209798e-01,2.137501848932156778e-01,2.332583273348423081e-01,3.789083894839073707e-02,2.473686296880290569e-01,1.596955994326266226e-01,9.413440798141479993e-02,2.538854818350986392e-02,3.262043371568023042e-01,3.362212738110955668e-01,-2.718362523257120827e-02,3.378475152022923367e-01,2.448229869059840094e-02,1.022043308567559539e-01,1.655212579693099428e-01,-2.413295203956890567e-01,-2.521225249458021803e-02,3.349031513120293013e-01,-2.804158446118749579e-02,4.319441747201955284e-01,1.978482411190768953e-01,4.493338568794762178e-02,3.505698947414855327e-01,-1.099932364676406427e-01,5.385286132614127697e-01,3.701406133558520547e-03,3.227375656278694827e-01
3.410391836772967422e-01,1.852266622194987111e-01,4.116695944914072758e-01,2.308730204365632699e-01,4.435490958212714441e-01,7.649995047464872022e-02,1.000000000000000000e+00,-2.884357897493722289e-01,1.941522341396431650e-01,5.454236025261142151e-01,-3.961501326594797923e-01,4.103215386650717056e-01,4.228838844294812715e-01,1.369634292650842577e-01,1.888095211028244791e-01,5.438607917007715065e-01,-1.213776634238586116e-01,4.749296850843782170e-01,6.078604568181257273e-01,1.748986607563503271e-01,2.349315997681387380e-01,2.501306663413807030e-01,4.833226398138091850e-01,1.603361304143222921e-01,4.150162075983012122e-01,4.753651174594014650e-02,-1.831827155103494809e-01,-1.994991545507692476e-01,-5.867869260877462551e-02,4.387287027832306729e-01,1.126795807188943205e-01,-1.860756291863505801e-02,4.609163059098764226e-01,4.082675564848574079e-01,4.683632987021360550e-01,3.828853227997360831e-01,-1.742324512676276249e-01,3.023263916596652390e-01,4.906417573275513588e-02
-5.102268188492999901e-01,-3.212330610829329802e-01,-8.713599096190794979e-01,-4.235020433067702705e-01,-6.748087762961589853e-01,5.750401456870031860e-03,-2.884357897493722289e-01,1.000000000000000000e+00,-3.642562320763038652e-01,-1.648651108828662337e-01,-8.129490646942141852e-02,7.961368794529058435e-02,1.864559012407510930e-01,-5.023320209073371956e-01,-1.306751043771237630e-01,-2.305394346732549948e-01,-5.953434526831855728e-02,-4.019541705565541911e-01,-4.480988023863913816e-01,5.973182441884951344e-02,2.564225383718250414e-02,-5.730482048066873682e-03,-2.362223538070724882e-01,-4.488217607832809541e-01,-2.161122609642497361e-01,-4.221167097290073889e-01,-4.573655926335528088e-01,-3.913936576722291671e-01,-4.886976544264606259e-01,-9.697950092254949139e-02,-5.861011216807496815e-01,-2.512835912180846343e-01,1.670790089715438187e-01,-4.590247522791755519e-01,-5.742804179817304761e-02,-4.594687864441477920e-01,-2.197759501995946441e-01,-3.799492224608984059e-01,-2.897493687813604835e-01
2.898709461180015157e-01,3.560942461640939638e-01,4.019097019939506521e-01,-6.266567809743546318e-03,4.128468068200382146e-01,1.196810174629507201e-01,1.941522341396431650e-01,-3.642562320763038652e-01,1.000000000000000000e+00,2.912495148692062497e-01,-1.350245280167204631e-01,2.825882353100600541e-01,3.811883654183565676e-03,3.751052646610041341e-01,3.538674098295317427e-01,3.249568639640212364e-01,-2.368990634983487650e-02,3.575166513365228838e-01,4.439014513254658789e-01,9.941196337761314117e-02,2.197555768735697246e-01,1.940441270924127271e-01,3.534358576272722541e-01,2.317622900451346557e-01,4.818505261206709744e-01,3.843466199439047881e-01,2.194319851600786409e-01,2.510085169682649275e-02,1.044816741576163471e-01,3.072995999311882165e-01,2.167969947753738691e-01,2.522672466852537987e-01,1.216714271885265125e-01,4.829531548991417567e-01,1.934859168213537706e-01,6.013276010853961795e-01,1.099333031148080342e-01,2.905780200184437390e-01,4.442289070791713423e-01
4.077644171954749597e-01,2.754967445887960831e-01,3.065008850077926561e-01,5.200221789497286654e-03,4.230472263462382032e-01,4.516538791514219248e-02,5.454236025261142151e-01,-1.648651108828662337e-01,2.912495148692062497e-01,1.000000000000000000e+00,-3.392191736976757910e-01,5.654445617792899226e-01,3.762589330084063488e-01,2.041387447234663255e-01,3.394728136349031145e-01,8.463386119520173168e-01,-1.997998941281124985e-01,5.122578516113105440e-01,5.346362205842062343e-01,9.827678843006100451e-02,1.942848600842370099e-01,3.683872021309236300e-01,6.163397252601764409e-01,1.101190578668319597e-01,5.139005017126609953e-01,7.352763623029250073e-02,-2.017168020392862970e-01,-1.926733795585030551e-01,-5.047033143070283473e-02,5.523864774246201037e-01,2.759649010369714245e-02,2.604821980856748126e-02,5.093053523423844986e-01,5.384586298448742481e-01,4.153501848499903115e-01,4.206526580846532970e-01,-2.677811687058035961e-01,2.635249174089280833e-01,2.492922383398039621e-01
9.934831124425461124e-02,1.624810014186649498e-01,-2.754765143705569311e-02,1.697441888819263556e-02,-1.805597551697566694e-01,1.031644717908459380e-01,-3.961501326594797923e-01,-8.129490646942141852e-02,-1.350245280167204631e-01,-3.392191736976757910e-01,1.000000000000000000e+00,-3.787539602114802784e-01,-3.389395479065957506e-01,-1.966955504131009946e-02,-4.422559226334726173e-02,-4.174254115635713802e-01,6.154579317335517885e-01,-1.536539404096913530e-01,-3.698099264697669586e-01,-2.679959856128911744e-01,-3.433973661344529860e-01,-2.196170425007391569e-01,-4.634491791827783924e-01,1.277096555498393460e-01,-4.212733119752015698e-01,-3.982353142289311865e-02,1.917916234416251198e-01,4.823225600900599708e-01,4.025815662868021394e-01,-2.043113453897406895e-01,6.783713946059345690e-02,4.223141123826278376e-01,-4.342321514449100084e-01,-2.388147512305712761e-01,-3.123930244775030562e-01,-2.279919272467004487e-01,3.189161657045674336e-01,7.764113196751912249e-02,2.746191948396782267e-01
1.531814266948400838e-01,2.045429204336325080e-01,1.207109544967501363e-01,-3.079148009075636239e-01,2.187524643332820207e-01,3.303873425185269164e-01,4.103215386650717056e-01,7.961368794529058435e-02,2.825882353100600541e-01,5.654445617792899226e-01,-3.787539602114802784e-01,1.000000000000000000e+00,6.076529864463680042e-01,1.842027132308261539e-01,5.015568336863797105e-01,5.421512360872597913e-01,-1.886406152341335296e-01,4.918386146452192187e-01,5.497135337725522763e-01,1.078525500732166326e-01,4.025702633762067162e-01,5.161016574159539294e-01,4.049563861579310586e-01,2.439524304955294487e-01,3.952613508926260955e-01,-1.051105803546067141e-01,-3.035275489601769183e-01,-4.977943902628805262e-01,-3.377135865929054015e-01,5.414871636202960303e-01,-7.568308477924876043e-02,1.887732543856996958e-01,6.845645031508442724e-01,4.605545989353287406e-01,6.224401885901433840e-01,2.323251954546028120e-01,-1.466515013229596209e-01,1.364177056312445013e-01,3.357232854922993504e-01
-5.010667629923135774e-02,-2.938536188441990410e-02,-6.104898445526454366e-03,-2.559635341072568071e-01,7.506969619466695443e-02,1.912007389772209798e-01,4.228838844294812715e-01,1.864559012407510930e-01,3.811883654183565676e-03,3.762589330084063488e-01,-3.389395479065957506e-01,6.076529864463680042e-01,1.000000000000000000e+00,-9.130406517675625222e-03,2.150482934462134843e-01,3.069349647266856884e-01,-5.416469536029443199e-02,2.281650702217997428e-01,3.585150670008669938e-01,8.929462131960880233e-02,3.117454868007659696e-01,3.432577711395091713e-01,2.184030634195833487e-01,8.058276542275129295e-02,2.134684528335179798e-01,-3.674073144228532373e-01,-4.929661390623936157e-01,-5.781504145867379929e-01,-4.297645152933645685e-01,2.571052813307487805e-01,-3.156783196642850009e-01,6.557370393800041053e-02,6.840909779515847999e-01,2.161799846226558353e-01,5.564868747338405086e-01,6.039036488249985291e-02,-2.600705692286506832e-01,1.130330719488099045e-01,1.263621139464118637e-01
3.627618932566440413e-01,3.545657645420990378e-01,5.265026798757270754e-01,-3.336208081993750560e-03,4.732832375405913172e-01,2.137501848932156778e-01,1.369634292650842577e-01,-5.023320209073371956e-01,3.751052646610041341e-01,2.041387447234663255e-01,-1.966955504131009946e-02,1.842027132308261539e-01,-9.130406517675625222e-03,1.000000000000000000e+00,3.392169308910175651e-01,2.698215541773922865e-01,3.103235207370819496e-02,3.526974955734819561e-01,4.220989610025318028e-01,-1.131587808695810882e-01,2.271848741971993837e-02,1.135843200221435950e-01,2.290357709839504763e-01,6.075961534208269565e-01,2.076954341451065222e-01,3.690398894180914047e-01,3.573201690787879969e-01,1.100158865892020416e-01,2.400969657944484192e-01,2.753374928648766318e-01,3.616586913004273263e-01,2.978831069042978674e-01,1.686138591126912570e-02,4.306733644056410237e-01,1.898120208432027278e-01,3.250476304286852303e-01,3.694700268116427599e-01,3.271378000011025966e-01,3.929864917738793428e-01
3.606549625419637750e-01,1.729865126035985967e-01,2.337144799996314914e-01,-3.957526622258416560e-01,2.853083268365834702e-01,2.332583273348423081e-01,1.888095211028244791e-01,-1.306751043771237630e-01,3.538674098295317427e-01,3.394728136349031145e-01,-4.422559226334726173e-02,5.015568336863797105e-01,2.150482934462134843e-01,3.392169308910175651e-01,1.000000000000000000e+00,3.128989380121541264e-01,8.861572664625036455e-02,3.910400721947394076e-01,4.377399218464840258e-01,5.134562673589030540e-02,1.597056033913101802e-01,2.564965816058567549e-01,7.055036713958602601e-02,2.985339815688967113e-01,2.088647425162843130e-01,3.447554807228125351e-01,-5.547449269936350486e-02,-4.078250392518219941e-02,6.774730859519415005e-02,5.000616817733885000e-01,-1.870118483629360992e-02,3.430773530412697392e-01,3.278413056361254019e-01,4.874678297776084412e-01,3.741236456214150352e-01,5.248778895820755547e-02,-1.344750104668373560e-02,3.705627408090052533e-01,4.474272646978932899e-01
3.703190372750995718e-01,2.667363683505078464e-01,3.593511080203029007e-01,6.971458778487114871e-02,4.836193486996281377e-01,3.789083894839073707e-02,5.438607917007715065e-01,-2.305394346732549948e-01,3.249568639640212364e-01,8.463386119520173168e-01,-4.174254115635713802e-01,5.421512360872597913e-01,3.069349647266856884e-01,2.698215541773922865e-01,3.128989380121541264e-01,1.000000000000000000e+00,-2.931013239351387689e-01,5.766498878715550225e-01,5.809772959439413187e-01,1.287276077024975263e-01,2.204301144397866341e-01,3.227550040690209121e-01,7.138070208989673038e-01,1.465827546938143489e-01,5.919923400798142721e-01,1.977130396383800781e-01,-8.940271204182412279e-02,-1.585295287747926496e-01,-3.471855310416770146e-02,5.395579165225262708e-01,6.657811772764868352e-02,-6.645106881459943160e-02,4.621023283301169404e-01,5.771350209257488650e-01,3.669385971893343590e-01,4.754195275505450069e-01,-2.223681534549366845e-01,1.977316995243894593e-01,1.938264746118482373e-01
1.748973954581622137e-01,1.096690406069561197e-01,4.125678473978409977e-02,-1.747235677864373768e-02,-1.389866001240207261e-01,2.473686296880290569e-01,-1.213776634238586116e-01,-5.953434526831855728e-02,-2.368990634983487650e-02,-1.997998941281124985e-01,6.154579317335517885e-01,-1.886406152341335296e-01,-5.416469536029443199e-02,3.103235207370819496e-02,8.861572664625036455e-02,-2.931013239351387689e-01,1.000000000000000000e+00,-2.976074562563367845e-02,-1.899018062265447893e-01,-1.101454822591620697e-01,-1.475140104791672520e-02,-2.151904202647897391e-02,-3.139540485836874728e-01,1.842090009245271887e-01,-2.171322258551186546e-01,6.051791071971832081e-03,-8.778304310078127032e-03,1.854687896564536087e-01,3.791884009855561177e-01,-2.688116770454592255e-02,-2.339415011647028725e-02,3.873492276475250518e-01,-7.248603319514626553e-02,-1.495112442203833658e-01,4.266024925303316118e-02,-1.186386041064834695e-01,2.513406254794782191e-01,2.403928915659834797e-01,1.954173348144088440e-01
4.141649255726949086e-01,3.287484930108374725e-01,4.890187672678454334e-01,3.217888260614057416e-01,5.962515490859054967e-01,1.596955994326266226e-01,4.749296850843782170e-01,-4.019541705565541911e-01,3.575166513365228838e-01,5.122578516113105440e-01,-1.536539404096913530e-01,4.918386146452192187e-01,2.281650702217997428e-01,3.526974955734819561e-01,3.910400721947394076e-01,5.766498878715550225e-01,-2.976074562563367845e-02,1.000000000000000000e+00,7.415295354322218868e-01,1.363752852234402790e-01,1.924171787674198997e-01,2.459771031439416111e-01,5.407362990634370092e-01,3.631943443964069651e-01,5.731792135371538421e-01,2.534854942682384649e-01,5.723098843949358389e-02,-2.234149717299771607e-03,1.184378158899638128e-01,4.550316317157931945e-01,4.249951743034680735e-02,1.613138383276777610e-01,2.953257468191144430e-01,6.608418132759686925e-01,3.608894852715633372e-01,3.914231106334275512e-01,-2.156326004316544420e-02,1.878453668841041091e-01,2.959945676992716268e-01
3.407709352264587377e-01,2.039093173596196185e-01,5.479089265247856222e-01,1.699341184768198565e-01,6.822665153347207134e-01,9.413440798141479993e-02,6.078604568181257273e-01,-4.480988023863913816e-01,4.439014513254658789e-01,5.346362205842062343e-01,-3.698099264697669586e-01,5.497135337725522763e-01,3.585150670008669938e-01,4.220989610025318028e-01,4.377399218464840258e-01,5.809772959439413187e-01,-1.899018062265447893e-01,7.415295354322218868e-01,1.000000000000000000e+00,1.453938175486422235e-01,3.279190173272138464e-01,2.746738966256965231e-01,5.520854287471345101e-01,3.554794559639098961e-01,5.655985004004263628e-01,2.397482715302046985e-01,8.126374643321729319e-02,-1.557405755081894827e-01,-6.472174185947811298e-02,4.100596978985552865e-01,1.044838854101940578e-01,5.053490287418680588e-02,4.115283076517844973e-01,7.191031437499798562e-01,4.216980304266456647e-01,4.920982878655564829e-01,-1.334535334001820672e-01,1.954767563447144252e-01,1.911191267754109857e-01
2.674862443943119492e-02,5.351937298037046792e-02,4.071818547208592293e-02,6.003050043732171409e-02,2.700762933144446477e-03,2.538854818350986392e-02,1.748986607563503271e-01,5.973182441884951344e-02,9.941196337761314117e-02,9.827678843006100451e-02,-2.679959856128911744e-01,1.078525500732166326e-01,8.929462131960880233e-02,-1.131587808695810882e-01,5.134562673589030540e-02,1.287276077024975263e-01,-1.101454822591620697e-01,1.363752852234402790e-01,1.453938175486422235e-01,1.000000000000000000e+00,3.068987318842144041e-01,2.810555188449357922e-01,1.375572989696693671e-01,-1.587823738984067354e-02,2.808255164845989138e-01,1.062498543528154343e-01,-1.761022568058678572e-01,-1.949021337490819961e-01,-4.142128403368684070e-02,-3.190118999496276576e-03,-9.940832546852537699e-02,-5.606871564002854913e-02,2.478691987886230130e-01,2.603058546232030895e-02,2.090810206292411655e-01,8.237842866544849152e-02,-8.221673107440866102e-02,-8.736840257346703900e-03,-5.921425399852153770e-02
7.433924851475646675e-03,1.154780741167621555e-01,1.264014414901704353e-01,-1.760482835812872127e-01,7.739437252099573561e-02,3.262043371568023042e-01,2.349315997681387380e-01,2.564225383718250414e-02,2.197555768735697246e-01,1.942848600842370099e-01,-3.433973661344529860e-01,4.025702633762067162e-01,3.117454868007659696e-01,2.271848741971993837e-02,1.597056033913101802e-01,2.204301144397866341e-01,-1.475140104791672520e-02,1.924171787674198997e-01,3.279190173272138464e-01,3.068987318842144041e-01,1.000000000000000000e+00,5.299326754061235434e-01,2.428562228784292565e-01,1.475248961933486869e-01,3.904203290064427456e-01,1.544774106705682770e-01,-1.033638001578570942e-01,-5.458083064208837376e-01,-1.183462350165302712e-01,2.186755309526879909e-01,-1.700386426690390917e-02,4.859772241203411808e-02,5.469337160840670453e-01,2.318580424266057372e-01,4.905017045957762445e-01,2.142587676784662720e-01,2.958136395315434132e-04,-9.546463113719847599e-03,-1.225267837875345864e-02
2.555727226177186839e-01,3.511782576932692135e-01,1.902472065360601705e-01,-2.036452465706599102e-01,1.019820804894247118e-01,3.362212738110955668e-01,2.501306663413807030e-01,-5.730482048066873682e-03,1.940441270924127271e-01,3.683872021309236300e-01,-2.196170425007391569e-01,5.161016574159539294e-01,3.432577711395091713e-01,1.135843200221435950e-01,2.564965816058567549e-01,3.227550040690209121e-01,-2.151904202647897391e-02,2.459771031439416111e-01,2.746738966256965231e-01,2.810555188449357922e-01,5.299326754061235434e-01,1.000000000000000000e+00,1.876290168166523387e-01,2.663112631373916739e-01,2.772238260221649431e-01,-1.972116596483465545e-02,-2.065164792062781363e-01,-3.329865197104223684e-01,-3.959066927039405631e-02,3.417714130160676711e-01,5.300426215179741135e-02,2.962404031401340565e-01,5.108663959644942354e-01,3.006009540016152948e-01,5.253160974611171818e-01,1.540631086238539171e-01,1.010091201908422387e-01,2.492834838649534146e-01,2.832152260709511205e-01
1.784740431751435930e-01,2.128400728200243175e-01,3.110262202441542168e-01,2.442848181815069908e-01,5.082726199217626473e-01,-2.718362523257120827e-02,4.833226398138091850e-01,-2.362223538070724882e-01,3.534358576272722541e-01,6.163397252601764409e-01,-4.634491791827783924e-01,4.049563861579310586e-01,2.184030634195833487e-01,2.290357709839504763e-01,7.055036713958602601e-02,7.138070208989673038e-01,-3.139540485836874728e-01,5.407362990634370092e-01,5.520854287471345101e-01,1.375572989696693671e-01,2.428562228784292565e-01,1.876290168166523387e-01,1.000000000000000000e+00,8.847319893450415751e-02,7.270183935091195648e-01,1.831159305848770458e-01,1.984928324192902424e-02,-1.251285234213916353e-01,-4.136354052477434623e-02,4.450080095376852674e-01,5.916245937301809615e-02,-2.270317386994567810e-01,3.683113495458351094e-01,5.519204411975705549e-01,2.219090877415234864e-01,5.914458752975938483e-01,-2.035938658851164096e-01,6.952391966642930410e-02,1.741996568030573095e-02
3.633894700273396783e-01,3.875117563014215949e-01,5.201773442392704228e-01,4.497151606324265548e-03,2.965676685550625580e-01,3.378475152022923367e-01,1.603361304143222921e-01,-4.488217607832809541e-01,2.317622900451346557e-01,1.101190578668319597e-01,1.277096555498393460e-01,2.439524304955294487e-01,8.058276542275129295e-02,6.075961534208269565e-01,2.985339815688967113e-01,1.465827546938143489e-01,1.842090009245271887e-01,3.631943443964069651e-01,3.554794559639098961e-01,-1.587823738984067354e-02,1.475248961933486869e-01,2.663112631373916739e-01,8.847319893450415751e-02,1.000000000000000000e+00,1.350592360758647303e-01,1.779628776971289850e-01,2.319107881974268870e-01,7.289536453661711601e-02,3.022037040187561252e-01,2.407887901544586706e-01,3.478813690681487603e-01,4.952430846314645474e-01,1.110096109430132871e-01,2.878471367707742257e-01,3.842985186662499220e-01,1.640673627182163696e-01,4.177882034903676045e-01,3.674988402853681113e-01,4.355179764738820181e-01
2.068711460598382512e-01,3.082992759316918185e-01,2.983017889518909671e-01,2.251535500559793679e-01,5.044174973899908654e-01,2.448229869059840094e-02,4.150162075983012122e-01,-2.161122609642497361e-01,4.818505261206709744e-01,5.139005017126609953e-01,-4.212733119752015698e-01,3.952613508926260955e-01,2.134684528335179798e-01,2.076954341451065222e-01,2.088647425162843130e-01,5.919923400798142721e-01,-2.171322258551186546e-01,5.731792135371538421e-01,5.655985004004263628e-01,2.808255164845989138e-01,3.904203290064427456e-01,2.772238260221649431e-01,7.270183935091195648e-01,1.350592360758647303e-01,1.000000000000000000e+00,2.954669193119964787e-01,3.132457090095142754e-02,-1.788431065587866853e-01,3.091427326022286315e-02,4.469702696144595699e-01,-1.412621463492394133e-02,-4.566958576287106358e-02,3.637865990913060066e-01,6.086593100224105823e-01,2.908967308176469424e-01,5.349101884082677616e-01,-1.156328451248534450e-01,9.388952148156708144e-02,1.511213730652395948e-01
4.089392073406343808e-01,2.241949945814540324e-01,3.994987045184793528e-01,1.291563064930199289e-01,2.702875744928932567e-01,1.022043308567559539e-01,4.753651174594014650e-02,-4.221167097290073889e-01,3.843466199439047881e-01,7.352763623029250073e-02,-3.982353142289311865e-02,-1.051105803546067141e-01,-3.674073144228532373e-01,3.690398894180914047e-01,3.447554807228125351e-01,1.977130396383800781e-01,6.051791071971832081e-03,2.534854942682384649e-01,2.397482715302046985e-01,1.062498543528154343e-01,1.544774106705682770e-01,-1.972116596483465545e-02,1.831159305848770458e-01,1.779628776971289850e-01,2.954669193119964787e-01,1.000000000000000000e+00,5.234828374442184185e-01,3.111361286979354435e-01,4.403701321555290593e-01,2.270903234023219919e-01,2.199698292267794064e-01,2.418317392182466052e-02,-1.637312213048986165e-01,2.638422028459483926e-01,-6.389725036599876173e-02,2.040368130409667413e-01,2.427434842918038960e-01,2.408048306444653119e-01,1.530078153165012889e-01
6.061026145426910011e-02,1.504567739250090852e-01,3.235550607373840482e-01,2.383291542606767732e-01,2.451239774984831366e-01,1.655212579693099428e-01,-1.831827155103494809e-01,-4.573655926335528088e-01,2.194319851600786409e-01,-2.017168020392862970e-01,1.917916234416251198e-01,-3.035275489601769183e-01,-4.929661390623936157e-01,3.573201690787879969e-01,-5.547449269936350486e-02,-8.940271204182412279e-02,-8.778304310078127032e-03,5.723098843949358389e-02,8.126374643321729319e-02,-1.761022568058678572e-01,-1.033638001578570942e-01,-2.065164792062781363e-01,1.984928324192902424e-02,2.319107881974268870e-01,3.132457090095142754e-02,5.234828374442184185e-01,1.000000000000000000e+00,4.805785359117972777e-01,3.209215011753945856e-01,-1.114850445680299063e-01,2.751476202061751697e-01,1.939587374610392614e-02,-5.662193904737854444e-01,9.157780499470374869e-02,-4.089703744430339682e-01,5.684929739780406749e-02,5.067205238968062186e-01,-1.342251727840513831e-01,7.555237649022075730e-02
2.211608823399607571e-01,4.069155418352868314e-02,2.180295209656991640e-01,3.920657583854327277e-01,1.428478214592296680e-01,-2.413295203956890567e-01,-1.994991545507692476e-01,-3.913936576722291671e-01,2.510085169682649275e-02,-1.926733795585030551e-01,4.823225600900599708e-01,-4.977943902628805262e-01,-5.781504145867379929e-01,1.100158865892020416e-01,-4.078250392518219941e-02,-1.585295287747926496e-01,1.854687896564536087e-01,-2.234149717299771607e-03,-1.557405755081894827e-01,-1.949021337490819961e-01,-5.458083064208837376e-01,-3.329865197104223684e-01,-1.251285234213916353e-01,7.289536453661711601e-02,-1.788431065587866853e-01,3.111361286979354435e-01,4.805785359117972777e-01,1.000000000000000000e+00,4.825644399102230198e-01,-1.976854643641487164e-01,2.931284944748009380e-01,1.332508522893860459e-02,-5.988355344717277706e-01,-3.023970333939212524e-02,-5.210702280448740176e-01,2.492549543019813730e-03,2.071179330023643073e-01,5.371197601940843475e-02,5.521109667352376571e-02
5.800110124541215662e-01,3.605515216459926897e-01,4.317200439657428168e-01,3.338510649862729274e-01,1.297469837114090807e-01,-2.521225249458021803e-02,-5.867869260877462551e-02,-4.886976544264606259e-01,1.044816741576163471e-01,-5.047033143070283473e-02,4.025815662868021394e-01,-3.377135865929054015e-01,-4.297645152933645685e-01,2.400969657944484192e-01,6.774730859519415005e-02,-3.471855310416770146e-02,3.791884009855561177e-01,1.184378158899638128e-01,-6.472174185947811298e-02,-4.142128403368684070e-02,-1.183462350165302712e-01,-3.959066927039405631e-02,-4.136354052477434623e-02,3.022037040187561252e-01,3.091427326022286315e-02,4.403701321555290593e-01,3.209215011753945856e-01,4.825644399102230198e-01,1.000000000000000000e+00,4.907756497413223729e-02,3.948357964564356837e-01,3.825380073985508167e-01,-3.267018686396686022e-01,5.402429659649968241e-02,-3.725422468035701623e-02,8.169482216835463606e-02,3.530095265981724184e-01,4.622388897486185977e-01,2.132569149022273958e-01
3.423328363217510439e-01,3.673569523159333494e-01,2.107358949732572873e-01,-1.666750738212813554e-01,2.726534291998151116e-01,3.349031513120293013e-01,4.387287027832306729e-01,-9.697950092254949139e-02,3.072995999311882165e-01,5.523864774246201037e-01,-2.043113453897406895e-01,5.414871636202960303e-01,2.571052813307487805e-01,2.753374928648766318e-01,5.000616817733885000e-01,5.395579165225262708e-01,-2.688116770454592255e-02,4.550316317157931945e-01,4.100596978985552865e-01,-3.190118999496276576e-03,2.186755309526879909e-01,3.417714130160676711e-01,4.450080095376852674e-01,2.407887901544586706e-01,4.469702696144595699e-01,2.270903234023219919e-01,-1.114850445680299063e-01,-1.976854643641487164e-01,4.907756497413223729e-02,1.000000000000000000e+00,-2.340657395274039522e-03,2.934420221162026832e-01,4.345723340566451931e-01,4.566705490317984895e-01,4.528738535253000186e-01,2.584834912106122595e-01,1.466490226588615473e-03,3.455678165823130588e-01,4.273010907950600124e-01
3.363140043823686365e-01,1.921472162505272752e-01,5.778206287336205005e-01,2.135755953962548415e-01,2.976538989030465543e-01,-2.804158446118749579e-02,1.126795807188943205e-01,-5.861011216807496815e-01,2.167969947753738691e-01,2.759649010369714245e-02,6.783713946059345690e-02,-7.568308477924876043e-02,-3.156783196642850009e-01,3.616586913004273263e-01,-1.870118483629360992e-02,6.657811772764868352e-02,-2.339415011647028725e-02,4.249951743034680735e-02,1.044838854101940578e-01,-9.940832546852537699e-02,-1.700386426690390917e-02,5.300426215179741135e-02,5.916245937301809615e-02,3.478813690681487603e-01,-1.412621463492394133e-02,2.199698292267794064e-01,2.751476202061751697e-01,2.931284944748009380e-01,3.948357964564356837e-01,-2.340657395274039522e-03,1.000000000000000000e+00,2.303246920843565748e-01,-1.237999173590184215e-01,1.634727761172241334e-01,1.146512609848167746e-01,3.017737462391916758e-01,2.888129097098561804e-01,2.511546904442689132e-01,1.436966392869195863e-01
3.652916938090306487e-01,5.218308456955892405e-01,3.274251718902415620e-01,-2.337370259887132928e-01,4.598827932888333719e-02,4.319441747201955284e-01,-1.860756291863505801e-02,-2.512835912180846343e-01,2.522672466852537987e-01,2.604821980856748126e-02,4.223141123826278376e-01,1.887732543856996958e-01,6.557370393800041053e-02,2.978831069042978674e-01,3.430773530412697392e-01,-6.645106881459943160e-02,3.873492276475250518e-01,1.613138383276777610e-01,5.053490287418680588e-02,-5.606871564002854913e-02,4.859772241203411808e-02,2.962404031401340565e-01,-2.270317386994567810e-01,4.952430846314645474e-01,-4.566958576287106358e-02,2.418317392182466052e-02,1.939587374610392614e-02,1.332508522893860459e-02,3.825380073985508167e-01,2.934420221162026832e-01,2.303246920843565748e-01,1.000000000000000000e+00,5.739928750266121843e-02,1.179620183324744803e-01,4.144517519802515815e-01,-3.786236027765390449e-02,4.611985334111177171e-01,4.753945508427129263e-01,7.394125166331514398e-01
8.461643634370602518e-02,5.384353540191089138e-02,5.716521687975560650e-02,-2.914511845636674758e-01,1.109709652618968145e-01,1.978482411190768953e-01,4.609163059098764226e-01,1.670790089715438187e-01,1.216714271885265125e-01,5.093053523423844986e-01,-4.342321514449100084e-01,6.845645031508442724e-01,6.840909779515847999e-01,1.686138591126912570e-02,3.278413056361254019e-01,4.621023283301169404e-01,-7.248603319514626553e-02,2.953257468191144430e-01,4.115283076517844973e-01,2.478691987886230130e-01,5.469337160840670453e-01,5.108663959644942354e-01,3.683113495458351094e-01,1.110096109430132871e-01,3.637865990913060066e-01,-1.637312213048986165e-01,-5.662193904737854444e-01,-5.988355344717277706e-01,-3.267018686396686022e-01,4.345723340566451931e-01,-1.237999173590184215e-01,5.739928750266121843e-02,1.000000000000000000e+00,3.107229287780827187e-01,7.250181763538341428e-01,2.392052242857393984e-01,-2.927426443856208094e-01,1.772968792496758539e-01,9.009853735548302434e-02
3.644406128199266237e-01,2.532272335020936960e-01,5.191422885530427855e-01,9.280478265660084547e-02,7.984811406731876504e-01,4.493338568794762178e-02,4.082675564848574079e-01,-4.590247522791755519e-01,4.829531548991417567e-01,5.384586298448742481e-01,-2.388147512305712761e-01,4.605545989353287406e-01,2.161799846226558353e-01,4.306733644056410237e-01,4.874678297776084412e-01,5.771350209257488650e-01,-1.495112442203833658e-01,6.608418132759686925e-01,7.191031437499798562e-01,2.603058546232030895e-02,2.318580424266057372e-01,3.006009540016152948e-01,5.519204411975705549e-01,2.878471367707742257e-01,6.086593100224105823e-01,2.638422028459483926e-01,9.157780499470374869e-02,-3.023970333939212524e-02,5.402429659649968241e-02,4.566705490317984895e-01,1.634727761172241334e-01,1.179620183324744803e-01,3.107229287780827187e-01,1.000000000000000000e+00,2.886925776254770093e-01,4.775895617669528859e-01,-1.019955109463171750e-01,2.491824787945314257e-01,2.801483445283663443e-01
2.903126752930004773e-01,2.785001946063209721e-01,2.906577675744581590e-01,-2.278209866893637914e-01,1.343532488760439680e-01,3.505698947414855327e-01,4.683632987021360550e-01,-5.742804179817304761e-02,1.934859168213537706e-01,4.153501848499903115e-01,-3.123930244775030562e-01,6.224401885901433840e-01,5.564868747338405086e-01,1.898120208432027278e-01,3.741236456214150352e-01,3.669385971893343590e-01,4.266024925303316118e-02,3.608894852715633372e-01,4.216980304266456647e-01,2.090810206292411655e-01,4.905017045957762445e-01,5.253160974611171818e-01,2.219090877415234864e-01,3.842985186662499220e-01,2.908967308176469424e-01,-6.389725036599876173e-02,-4.089703744430339682e-01,-5.210702280448740176e-01,-3.725422468035701623e-02,4.528738535253000186e-01,1.146512609848167746e-01,4.144517519802515815e-01,7.250181763538341428e-01,2.886925776254770093e-01,1.000000000000000000e+00,1.748393406174176268e-01,5.479688894695355222e-02,4.007083748938043422e-01,3.139882869820116995e-01
2.845550563005448952e-01,2.843220262938850329e-01,4.862745120919141906e-01,2.637400136816701601e-01,5.311891201142273644e-01,-1.099932364676406427e-01,3.828853227997360831e-01,-4.594687864441477920e-01,6.013276010853961795e-01,4.206526580846532970e-01,-2.279919272467004487e-01,2.323251954546028120e-01,6.039036488249985291e-02,3.250476304286852303e-01,5.248778895820755547e-02,4.754195275505450069e-01,-1.186386041064834695e-01,3.914231106334275512e-01,4.920982878655564829e-01,8.237842866544849152e-02,2.142587676784662720e-01,1.540631086238539171e-01,5.914458752975938483e-01,1.640673627182163696e-01,5.349101884082677616e-01,2.040368130409667413e-01,5.684929739780406749e-02,2.492549543019813730e-03,8.169482216835463606e-02,2.584834912106122595e-01,3.017737462391916758e-01,-3.786236027765390449e-02,2.392052242857393984e-01,4.775895617669528859e-01,1.748393406174176268e-01,1.000000000000000000e+00,-1.065001968744097582e-01,2.173306625407117609e-01,1.425727567891725556e-01
1.144152974970316788e-01,4.177128534638919199e-01,2.035070950330868100e-01,-1.309006949818538809e-02,-7.044245341067716104e-02,5.385286132614127697e-01,-1.742324512676276249e-01,-2.197759501995946441e-01,1.099333031148080342e-01,-2.677811687058035961e-01,3.189161657045674336e-01,-1.466515013229596209e-01,-2.600705692286506832e-01,3.694700268116427599e-01,-1.344750104668373560e-02,-2.223681534549366845e-01,2.513406254794782191e-01,-2.156326004316544420e-02,-1.334535334001820672e-01,-8.221673107440866102e-02,2.958136395315434132e-04,1.010091201908422387e-01,-2.035938658851164096e-01,4.177882034903676045e-01,-1.156328451248534450e-01,2.427434842918038960e-01,5.067205238968062186e-01,2.071179330023643073e-01,3.530095265981724184e-01,1.466490226588615473e-03,2.888129097098561804e-01,4.611985334111177171e-01,-2.927426443856208094e-01,-1.019955109463171750e-01,5.479688894695355222e-02,-1.065001968744097582e-01,1.000000000000000000e+00,6.994614433332889403e-02,2.873917727546133061e-01
6.766588418896796187e-01,4.221827168775388883e-01,4.556074901363978968e-01,-1.386552851667513346e-02,2.163941023644365136e-01,3.701406133558520547e-03,3.023263916596652390e-01,-3.799492224608984059e-01,2.905780200184437390e-01,2.635249174089280833e-01,7.764113196751912249e-02,1.364177056312445013e-01,1.130330719488099045e-01,3.271378000011025966e-01,3.705627408090052533e-01,1.977316995243894593e-01,2.403928915659834797e-01,1.878453668841041091e-01,1.954767563447144252e-01,-8.736840257346703900e-03,-9.546463113719847599e-03,2.492834838649534146e-01,6.952391966642930410e-02,3.674988402853681113e-01,9.388952148156708144e-02,2.408048306444653119e-01,-1.342251727840513831e-01,5.371197601940843475e-02,4.622388897486185977e-01,3.455678165823130588e-01,2.511546904442689132e-01,4.753945508427129263e-01,1.772968792496758539e-01,2.491824787945314257e-01,4.007083748938043422e-01,2.173306625407117609e-01,6.994614433332889403e-02,1.000000000000000000e+00,4.932871885100335030e-01
3.743271098629129545e-01,6.167110035414757885e-01,3.650697309938156221e-01,-2.336302160015545082e-01,2.141720522786544068e-01,3.227375656278694827e-01,4.906417573275513588e-02,-2.897493687813604835e-01,4.442289070791713423e-01,2.492922383398039621e-01,2.746191948396782267e-01,3.357232854922993504e-01,1.263621139464118637e-01,3.929864917738793428e-01,4.474272646978932899e-01,1.938264746118482373e-01,1.954173348144088440e-01,2.959945676992716268e-01,1.911191267754109857e-01,-5.921425399852153770e-02,-1.225267837875345864e-02,2.832152260709511205e-01,1.741996568030573095e-02,4.355179764738820181e-01,1.511213730652395948e-01,1.530078153165012889e-01,7.555237649022075730e-02,5.521109667352376571e-02,2.132569149022273958e-01,4.273010907950600124e-01,1.436966392869195863e-01,7.394125166331514398e-01,9.009853735548302434e-02,2.801483445283663443e-01,3.139882869820116995e-01,1.425727567891725556e-01,2.873917727546133061e-01,4.932871885100335030e-01,1.000000000000000000e+00
