1.000000000000000000e+00,-5.557153766093529956e-01,5.704742811837640870e-01,2.434115352688177025e-01,4.874388501950243646e-01,-7.492141194411745531e-01,-9.200695964556900031e-02,-4.950954004465249469e-01,6.470567873088327593e-01,5.797496782465473286e-01,2.528366368149284615e-01,8.536022442332371618e-01,-2.392783587732558170e-01,7.283112550706006827e-01,4.262804820311280052e-01,8.103366935356002276e-01,5.762180410447521606e-01,5.965012121488030283e-01,-7.524905623386121123e-01,3.234526430828004173e-01,-5.665405440043057572e-01,4.460013285092500612e-01,4.403794407307730641e-01,6.630843114052155374e-02,3.707430621542214255e-01,8.742671858955631814e-01,-3.264655280528643289e-01,8.477945611178600016e-01,8.773739849122967893e-01,7.308180756473026118e-01,-3.578850600856119946e-01,-5.828266887194811785e-01,8.660902927828871833e-01,7.580977909357682343e-01,5.387250909002778698e-01,7.717225573079260215e-02,-6.124129432219533875e-01,8.985643337380979645e-01,3.016716677179992478e-01
-5.557153766093529956e-01,1.000000000000000000e+00,-2.615632814546287599e-01,-2.654739384207654984e-01,-2.824016802707494667e-01,7.499276743092939679e-01,3.627719083290296964e-02,2.192282623471998315e-01,-2.205618031431996195e-01,-1.896031395424988691e-02,7.284416627154866042e-02,-6.117618184891797650e-01,1.356448998871185863e-01,-3.951341167502039897e-01,-3.251383408566937416e-01,-3.720991125405234690e-01,-1.444995395859764442e-01,-5.531565339533909276e-01,5.022014634878236850e-01,-3.062793701678264147e-01,5.451939820352426080e-01,-3.300957786921379644e-01,1.398256759340483005e-02,2.776979706297936223e-01,3.671954312019409111e-02,-5.778862499641217454e-01,5.417338942846032790e-01,-6.612009808308155767e-01,-5.702507163004830737e-01,-3.145796347364287482e-01,3.787814916740341875e-01,7.453894891848681370e-01,-6.237623055482626189e-01,-3.815016324877956166e-01,-2.048261382809173914e-01,1.168372139450459674e-01,7.808447235624055294e-01,-6.451798762915507135e-01,-6.664363819138736933e-02
5.704742811837640870e-01,-2.615632814546287599e-01,1.000000000000000000e+00,2.128551886363654888e-01,7.580508510972474578e-01,-4.300725326626834155e-01,1.809460980034036104e-02,-9.220603207163914350e-01,6.874693929164125139e-01,4.492934186585881839e-01,2.390966981916008149e-01,5.591923600679966633e-01,-1.381166083175984216e-01,6.958752256641670408e-01,7.625152732601846173e-02,5.018491153191892984e-01,4.125559481495458258e-01,6.206546680281074257e-01,-5.017801318595158655e-01,-1.206242740318553414e-02,-2.393186241420736382e-01,1.424195677387170567e-01,4.772227553414619128e-01,3.377888571687938657e-01,4.981676477822965521e-01,7.223849983712290479e-01,2.446842332544277299e-01,6.298435912451971763e-01,4.925105068927617680e-01,5.200098173256837431e-01,3.265795186586824966e-02,-2.132081734476487800e-01,5.789034956211644989e-01,7.605877265849504409e-01,4.654105342212100371e-01,3.557957359125218932e-01,-1.902916637024255064e-01,5.385075288964461526e-01,2.535117814262916047e-01
2.434115352688177025e-01,-2.654739384207654984e-01,2.128551886363654888e-01,1.000000000000000000e+00,1.958780457036496114e-01,-2.493609673291634354e-01,1.612410689923744755e-01,-1.695873385611805784e-01,3.268266555021644426e-01,2.714622603711918658e-01,2.320431748111555746e-03,1.615468220017413636e-01,1.048495282585674704e-01,2.065826741769707098e-01,-1.843748565805662931e-01,3.036981232604041292e-01,8.125074019737028863e-02,4.952559541942065935e-01,2.154832067454456185e-02,9.288071967406603957e-02,-2.871290362284078523e-01,2.187094352760323435e-01,2.278542333982725987e-01,-4.567091866868204508e-02,1.811554774025029846e-01,2.834774710874586323e-01,-1.766577584696204795e-01,1.730092254509682514e-01,2.929228895854558701e-01,3.484756893344319595e-01,-2.026850723885404992e-01,-2.200783535723508932e-01,2.965065749662530448e-01,2.956148013952556997e-01,1.769477393346313154e-01,-9.314795971566815561e-03,-1.993614326845531692e-01,3.399899225600964692e-01,2.167519428904751411e-01
4.874388501950243646e-01,-2.824016802707494667e-01,7.580508510972474578e-01,1.958780457036496114e-01,1.000000000000000000e+00,-3.597494597879093425e-01,-1.517185500421379743e-02,-7.165775195411043796e-01,7.404442767808748771e-01,4.746694475150521897e-01,3.757189264028374387e-01,4.770076368071017314e-01,-7.688720736454496274e-02,6.394172484182375493e-01,-1.272076326700209981e-01,4.715821390015081938e-01,4.557121899631540463e-01,6.597016009633058786e-01,-5.010570322318791403e-01,1.014176105343534279e-01,-3.382545944728724274e-01,6.379455594993889422e-02,4.662345731573536711e-01,2.734104224173109499e-01,5.140644939071667974e-01,6.548180158684177021e-01,2.166579791329142912e-01,5.017808735835979084e-01,3.847161867444615080e-01,5.606010845081719207e-01,-6.847479949516180331e-02,-2.341069472686264641e-01,4.041447494539536223e-01,7.618829844380355931e-01,3.055286991777807493e-01,3.542028518835045325e-01,-2.116170021587678307e-01,4.855729590134166829e-01,2.937847833236906236e-01
-7.492141194411745531e-01,7.499276743092939679e-01,-4.300725326626834155e-01,-2.493609673291634354e-01,-3.597494597879093425e-01,1.000000000000000000e+00,9.995567099299615399e-02,3.989728793440541765e-01,-3.918638754101149146e-01,-2.659871421604042552e-01,5.140541532647308759e-02,-7.716622273895008544e-01,1.571500995042029447e-01,-6.040402009283862839e-01,-3.807989685151548231e-01,-5.812307679499433277e-01,-1.825397539794294255e-01,-5.509039518287156545e-01,6.757975597222010133e-01,-3.107060151189273700e-01,6.153379049115226263e-01,-3.916932007768331170e-01,-1.587311670014064369e-01,1.179350141391037610e-01,-9.684039925223299206e-02,-7.134837387852642765e-01,4.886186220273492364e-01,-7.825874066060307666e-01,-6.785523257283468945e-01,-4.866293006578966684e-01,3.959774382848703089e-01,7.639244043472845913e-01,-7.548518913225368276e-01,-5.347733894974452395e-01,-2.446274280855628980e-01,1.788615065452668629e-02,8.220196395786611987e-01,-7.607132650510013416e-01,-1.338476098157631022e-01
-9.200695964556900031e-02,3.627719083290296964e-02,1.809460980034036104e-02,1.612410689923744755e-01,-1.517185500421379743e-02,9.995567099299615399e-02,1.000000000000000000e+00,-1.531021626624201604e-02,2.845560319991932360e-02,3.477272052278694570e-02,-1.613997029930125116e-01,-1.856659868967234228e-01,9.959578431129401110e-02,-9.453842407998862274e-02,-7.632538821695040998e-02,-9.423592565993945888e-03,-1.972743813787245504e-01,7.064107642357049521e-02,2.333909298668016274e-01,1.490284741382191629e-02,8.104227245118947320e-02,5.037088964856107492e-02,1.120958718890601932e-02,-5.612620160068445413e-02,5.065141371828929540e-02,-6.088392609823982393e-02,1.457649107774017239e-01,-8.615177712730276438e-02,-1.197851744136829572e-01,2.921739714582327618e-02,-1.172743076957812047e-03,3.357558230222743023e-02,-6.130665649315381743e-02,-5.236637963612162522e-02,-1.643463078063562288e-01,1.940866071163694501e-02,-1.971677808427483442e-02,-7.001723293090071631e-02,9.089932655715222964e-02
-4.950954004465249469e-01,2.192282623471998315e-01,-9.220603207163914350e-01,-1.695873385611805784e-01,-7.165775195411043796e-01,3.989728793440541765e-01,-1.531021626624201604e-02,1.000000000000000000e+00,-6.002928437468786349e-01,-3.732699259029771399e-01,-1.719428652697871374e-01,-5.173235620583074290e-01,1.452964801879474133e-01,-6.241139700719554595e-01,-5.768477874902833147e-02,-4.295190106050918444e-01,-3.261316261977487696e-01,-5.754691691372140205e-01,4.668781937350711120e-01,6.586106959506030090e-02,1.815145450891365586e-01,-1.604249617514144910e-01,-3.846390145469696931e-01,-2.884117216487077084e-01,-4.264032975630167588e-01,-6.544928976662250930e-01,-2.585812878613843457e-01,-5.956119115391566021e-01,-4.158294605916700304e-01,-4.267461182200772973e-01,-4.783212101742258943e-02,1.796370672464125129e-01,-5.194475028698964936e-01,-6.958659337483288354e-01,-4.107629753857918731e-01,-3.180892650433843061e-01,1.542153948986520751e-01,-4.666960213790911638e-01,-2.272580290086740062e-01
6.470567873088327593e-01,-2.205618031431996195e-01,6.874693929164125139e-01,3.268266555021644426e-01,7.404442767808748771e-01,-3.918638754101149146e-01,2.845560319991932360e-02,-6.002928437468786349e-01,1.000000000000000000e+00,6.894992813810015830e-01,3.550142348623931410e-01,5.448379164308816414e-01,-6.435956119327868041e-02,7.197732582626562570e-01,7.179999203912088880e-03,6.981881416319107858e-01,5.228221913952610933e-01,6.718816087683813221e-01,-4.728001454026237727e-01,1.708137409881564095e-01,-4.070093788090083931e-01,1.543267030371875681e-01,7.273757239005003150e-01,3.118382902449751692e-01,7.032510340547705185e-01,7.595150298201892580e-01,1.613072572380879477e-01,5.240638651108094903e-01,5.913906480835620094e-01,7.644308790854346114e-01,-9.515905504483715416e-02,-2.922128270522950655e-01,5.601474612527351793e-01,8.131528536114526196e-01,4.056755393750655081e-01,4.152763861561367120e-01,-2.495353202426141281e-01,6.582428253572348842e-01,3.184313115511041015e-01
5.797496782465473286e-01,-1.896031395424988691e-02,4.492934186585881839e-01,2.714622603711918658e-01,4.746694475150521897e-01,-2.659871421604042552e-01,3.477272052278694570e-02,-3.732699259029771399e-01,6.894992813810015830e-01,1.000000000000000000e+00,3.178603200429885867e-01,4.320397751978254375e-01,-4.487591202475844226e-02,5.568955922664802216e-01,-1.148865637022044445e-02,8.175158174708607728e-01,4.641465717466516927e-01,4.369930691295685343e-01,-3.958696133827984132e-01,1.942874879147545308e-01,-3.706624158623016418e-01,3.130492755852190001e-01,6.529385420077367108e-01,3.129512009089959745e-01,6.706979972739081086e-01,5.676327435383857756e-01,-1.758053304854942725e-02,4.054074024199925685e-01,5.070240460994986931e-01,8.107598739670646149e-01,-1.674195226302524764e-01,-2.589125484844851388e-01,4.266411706802470394e-01,6.735197187111826578e-01,3.425502524911687163e-01,2.687211833338821743e-01,-1.822406609814109790e-01,5.555351891697003497e-01,5.161281140165183690e-01
2.528366368149284615e-01,7.284416627154866042e-02,2.390966981916008149e-01,2.320431748111555746e-03,3.757189264028374387e-01,5.140541532647308759e-02,-1.613997029930125116e-01,-1.719428652697871374e-01,3.550142348623931410e-01,3.178603200429885867e-01,1.000000000000000000e+00,1.456922472448783923e-01,-1.781035758395645985e-01,3.363974829591340754e-01,2.990566604330261932e-02,2.219433330912683744e-01,7.519125951676421948e-01,6.846852612877654676e-02,-2.451431347163813557e-01,1.701764980544057115e-01,-1.445776816448344770e-01,-1.662006702432319849e-01,3.154851710663948428e-01,3.685552252495589154e-01,2.237555124741239521e-01,2.619327006541991576e-01,1.265902368304653580e-01,1.228537181621448954e-01,2.662651952568206859e-01,3.262768445297649644e-01,-2.995040524820857808e-02,2.199126755757931928e-01,1.548277686769643779e-01,3.528857327905121632e-01,2.438355106330145350e-01,5.794506569466627982e-02,1.645904920434359264e-01,2.286271149672487735e-01,2.524892276261762603e-01
8.536022442332371618e-01,-6.117618184891797650e-01,5.591923600679966633e-01,1.615468220017413636e-01,4.770076368071017314e-01,-7.716622273895008544e-01,-1.856659868967234228e-01,-5.173235620583074290e-01,5.448379164308816414e-01,4.320397751978254375e-01,1.456922472448783923e-01,1.000000000000000000e+00,-2.584349223441767540e-01,7.118875890462628142e-01,4.592936634370871629e-01,7.150309950311289908e-01,4.496305897348039649e-01,5.831107907245588473e-01,-8.006139140318075942e-01,2.685017650698910963e-01,-4.763277977184146583e-01,4.668859045862304158e-01,2.943398675250671892e-01,-5.925483999771993110e-03,2.789372043393766876e-01,8.328196823143780847e-01,-3.664198187165194076e-01,8.705253717508620870e-01,8.247555443233788308e-01,6.341622152180987904e-01,-2.835913247151106154e-01,-5.890183047085607582e-01,8.545435237341266754e-01,6.956837554619641484e-01,5.245114375929886830e-01,2.520053476893855532e-02,-6.259099731517372422e-01,8.484956739660021174e-01,1.980263774457634018e-01
-2.392783587732558170e-01,1.356448998871185863e-01,-1.381166083175984216e-01,1.048495282585674704e-01,-7.688720736454496274e-02,1.571500995042029447e-01,9.959578431129401110e-02,1.452964801879474133e-01,-6.435956119327868041e-02,-4.487591202475844226e-02,-1.781035758395645985e-01,-2.584349223441767540e-01,1.000000000000000000e+00,-2.469477805495238765e-01,-3.347489252129718929e-01,-1.266679026339052327e-01,-2.749164698496900372e-01,-4.608089092254517155e-02,2.356291937312429419e-01,-2.588378540377274661e-01,3.779738787719987697e-02,-1.948448099074543208e-02,-1.039043944494743438e-01,-1.135948827022968538e-01,-8.607445997481404576e-05,-2.112488276606724336e-01,7.241964272334973363e-02,-2.843926049596071093e-01,-2.622368237034254923e-01,-1.353055289404193617e-01,-1.541953685667958318e-01,-2.917624126245860552e-02,-2.644515942064777358e-01,-1.466129843932322263e-01,-1.751017256778483466e-01,1.336233487671814602e-02,5.195574540242042794e-02,-2.217108067577163444e-01,2.096344504887552238e-02
7.283112550706006827e-01,-3.951341167502039897e-01,6.958752256641670408e-01,2.065826741769707098e-01,6.394172484182375493e-01,-6.040402009283862839e-01,-9.453842407998862274e-02,-6.241139700719554595e-01,7.197732582626562570e-01,5.568955922664802216e-01,3.363974829591340754e-01,7.118875890462628142e-01,-2.469477805495238765e-01,1.000000000000000000e+00,2.479325738501419463e-01,6.623902286616430990e-01,5.075741607126821320e-01,5.796738993896208836e-01,-5.960484505028558200e-01,2.009641812672628425e-01,-4.547825830033734862e-01,1.858848885292656017e-01,5.659537756018814258e-01,3.983387738606059547e-01,5.277739414762054881e-01,7.950251707618605224e-01,-7.329883348164148438e-02,6.954727959437314588e-01,7.191548170854887845e-01,7.084645559898773426e-01,-3.611415410333540521e-02,-3.724507065218293778e-01,7.355318270335358122e-01,7.359797423507249414e-01,5.269995446680252327e-01,3.360518119624513189e-01,-3.768574554475472294e-01,7.159062728270570997e-01,1.887344359238596059e-01
4.262804820311280052e-01,-3.251383408566937416e-01,7.625152732601846173e-02,-1.843748565805662931e-01,-1.272076326700209981e-01,-3.807989685151548231e-01,-7.632538821695040998e-02,-5.768477874902833147e-02,7.179999203912088880e-03,-1.148865637022044445e-02,2.990566604330261932e-02,4.592936634370871629e-01,-3.347489252129718929e-01,2.479325738501419463e-01,1.000000000000000000e+00,2.415979014217241594e-01,1.922056163830838382e-01,-3.963869427758029418e-02,-3.864104379602716355e-01,2.281605077597305686e-01,-4.517211049847938420e-02,3.594624352406547985e-01,-1.437885062451003254e-02,4.551796730516051610e-03,-7.249680982191093748e-02,3.196612320137316443e-01,-3.363235628621057405e-01,4.756673984273050992e-01,4.631461545654845247e-01,1.338420722032473975e-01,-1.622006020254677661e-01,-1.911171622239061507e-01,5.091713037679733711e-01,1.409573724451524679e-01,3.475277838649561968e-01,-1.793093036692684772e-01,-2.910988277605628394e-01,3.933540805582403377e-01,-6.777341971204572935e-02
8.103366935356002276e-01,-3.720991125405234690e-01,5.018491153191892984e-01,3.036981232604041292e-01,4.715821390015081938e-01,-5.812307679499433277e-01,-9.423592565993945888e-03,-4.295190106050918444e-01,6.981881416319107858e-01,8.175158174708607728e-01,2.219433330912683744e-01,7.150309950311289908e-01,-1.266679026339052327e-01,6.623902286616430990e-01,2.415979014217241594e-01,1.000000000000000000e+00,4.857119945606422351e-01,6.080831886112507689e-01,-5.958061483600580743e-01,3.343401136589392864e-01,-5.178279576707858212e-01,5.251030402762815186e-01,5.356129003059140192e-01,1.432574841404495036e-01,5.362531013308412531e-01,7.734321122244895985e-01,-2.848863799248105289e-01,7.120654651853683959e-01,7.595477493693375548e-01,8.537853598357157958e-01,-3.042201595440007789e-01,-5.282642087502359418e-01,7.186906239843949828e-01,7.547870664448579348e-01,4.511858381882744573e-01,1.636456306163224239e-01,-4.870640327132123581e-01,8.122600176539804817e-01,4.697014029766287124e-01
5.762180410447521606e-01,-1.444995395859764442e-01,4.125559481495458258e-01,8.125074019737028863e-02,4.557121899631540463e-01,-1.825397539794294255e-01,-1.972743813787245504e-01,-3.261316261977487696e-01,5.228221913952610933e-01,4.641465717466516927e-01,7.519125951676421948e-01,4.496305897348039649e-01,-2.749164698496900372e-01,5.075741607126821320e-01,1.922056163830838382e-01,4.857119945606422351e-01,1.000000000000000000e+00,2.749269961653357797e-01,-4.663349589435838438e-01,2.129248747846744783e-01,-2.270474191358479998e-01,3.877361249474975402e-02,4.500752717029877226e-01,3.079978542738286973e-01,3.656732225840477191e-01,5.467089266854299190e-01,3.802794440423672845e-02,4.120141971135967141e-01,5.829431732560894641e-01,5.197712294501987129e-01,-1.325996867094632325e-01,-9.906195042401425704e-03,4.655334164116637918e-01,5.602069770619291234e-01,5.284991344455230999e-01,6.312726681812852458e-02,-3.360913156061094004e-02,5.231392463565859297e-01,2.448252380044887988e-01
5.965012121488030283e-01,-5.531565339533909276e-01,6.206546680281074257e-01,4.952559541942065935e-01,6.597016009633058786e-01,-5.509039518287156545e-01,7.064107642357049521e-02,-5.754691691372140205e-01,6.718816087683813221e-01,4.369930691295685343e-01,6.846852612877654676e-02,5.831107907245588473e-01,-4.608089092254517155e-02,5.796738993896208836e-01,-3.963869427758029418e-02,6.080831886112507689e-01,2.749269961653357797e-01,1.000000000000000000e+00,-3.606747520069718549e-01,1.541983189230555218e-01,-4.535956628282670211e-01,3.294501590909547639e-01,3.820559935072251889e-01,1.619121332538915950e-02,3.893217732928743180e-01,7.284462442148093020e-01,-1.351553074915781416e-01,6.429882326334674936e-01,5.586372899958416127e-01,6.257247849346355695e-01,-2.313448234567997974e-01,-4.823502681317541896e-01,6.269432098008415055e-01,6.934106345446044983e-01,3.628879686927121151e-01,1.551893994959222811e-01,-4.315205762492392849e-01,6.762449831055021843e-01,3.133490951491282317e-01
-7.524905623386121123e-01,5.022014634878236850e-01,-5.017801318595158655e-01,2.154832067454456185e-02,-5.010570322318791403e-01,6.757975597222010133e-01,2.333909298668016274e-01,4.668781937350711120e-01,-4.728001454026237727e-01,-3.958696133827984132e-01,-2.451431347163813557e-01,-8.006139140318075942e-01,2.356291937312429419e-01,-5.960484505028558200e-01,-3.864104379602716355e-01,-5.958061483600580743e-01,-4.663349589435838438e-01,-3.606747520069718549e-01,1.000000000000000000e+00,-3.031777382059738790e-01,4.628516571940404778e-01,-3.188431066049818297e-01,-2.286426881397777278e-01,1.539815357768891356e-02,-2.376756623412397962e-01,-7.041358134994243345e-01,3.117701254060706306e-01,-7.568869499650725530e-01,-6.787402811658875823e-01,-5.223372197217898139e-01,3.039540948352169591e-01,5.418185854718511330e-01,-6.512274995014524226e-01,-6.740578777345611616e-01,-3.630088870389719391e-01,-4.813953966036756127e-02,5.804149288668105644e-01,-7.228184859362662973e-01,-2.306030532845472769e-01
3.234526430828004173e-01,-3.062793701678264147e-01,-1.206242740318553414e-02,9.288071967406603957e-02,1.014176105343534279e-01,-3.107060151189273700e-01,1.490284741382191629e-02,6.586106959506030090e-02,1.708137409881564095e-01,1.942874879147545308e-01,1.701764980544057115e-01,2.685017650698910963e-01,-2.588378540377274661e-01,2.009641812672628425e-01,2.281605077597305686e-01,3.343401136589392864e-01,2.129248747846744783e-01,1.541983189230555218e-01,-3.031777382059738790e-01,1.000000000000000000e+00,-3.985340448209346298e-01,2.224431509484129654e-01,1.478294854896046173e-01,8.125198768747771139e-02,8.231244432832107716e-02,2.241262108675678710e-01,-3.123412266414610783e-01,3.162179025508139452e-01,2.568948585470443580e-01,2.822091690652280827e-01,-2.435209073650370926e-01,-2.569409547513330505e-01,2.525570819361403485e-01,1.575198042853728775e-01,-1.666802965483938151e-02,-1.378794813696520433e-02,-3.379541792204290296e-01,3.394903371302184780e-01,2.422060653469602642e-01
-5.665405440043057572e-01,5.451939820352426080e-01,-2.393186241420736382e-01,-2.871290362284078523e-01,-3.382545944728724274e-01,6.153379049115226263e-01,8.104227245118947320e-02,1.815145450891365586e-01,-4.070093788090083931e-01,-3.706624158623016418e-01,-1.445776816448344770e-01,-4.763277977184146583e-01,3.779738787719987697e-02,-4.547825830033734862e-01,-4.517211049847938420e-02,-5.178279576707858212e-01,-2.270474191358479998e-01,-4.535956628282670211e-01,4.628516571940404778e-01,-3.985340448209346298e-01,1.000000000000000000e+00,-2.669619831600722470e-01,-2.759359512131389636e-01,1.264928541899149883e-01,-2.029631230195159397e-01,-5.116275471790623364e-01,4.339928396717862014e-01,-4.681719923330853184e-01,-4.969419693365947910e-01,-5.219724299669342704e-01,2.839163748288463518e-01,6.081988103034263737e-01,-4.760610759499659395e-01,-4.729987015563019703e-01,-1.031914947004622662e-01,-1.212883377142930097e-01,6.356498403330329561e-01,-5.966508091602417130e-01,-3.305278482908359794e-01
4.460013285092500612e-01,-3.300957786921379644e-01,1.424195677387170567e-01,2.187094352760323435e-01,6.379455594993889422e-02,-3.916932007768331170e-01,5.037088964856107492e-02,-1.604249617514144910e-01,1.543267030371875681e-01,3.130492755852190001e-01,-1.662006702432319849e-01,4.668859045862304158e-01,-1.948448099074543208e-02,1.858848885292656017e-01,3.594624352406547985e-01,5.251030402762815186e-01,3.877361249474975402e-02,3.294501590909547639e-01,-3.188431066049818297e-01,2.224431509484129654e-01,-2.669619831600722470e-01,1.000000000000000000e+00,3.398202506424089636e-02,-2.155152833504741794e-01,9.225287133123868943e-02,3.781742069456209832e-01,-4.146886317289008028e-01,5.370367120372353531e-01,4.336486160264365619e-01,3.571156876510081513e-01,-2.631944927932018397e-01,-3.845132296625434210e-01,4.714278182130812733e-01,3.145303813241172031e-01,2.489439687516454836e-01,-1.241579473155409036e-01,-4.025212985746373096e-01,4.870142819939707879e-01,2.849198682475134192e-01
4.403794407307730641e-01,1.398256759340483005e-02,4.772227553414619128e-01,2.278542333982725987e-01,4.662345731573536711e-01,-1.587311670014064369e-01,1.120958718890601932e-02,-3.846390145469696931e-01,7.273757239005003150e-01,6.529385420077367108e-01,3.154851710663948428e-01,2.943398675250671892e-01,-1.039043944494743438e-01,5.659537756018814258e-01,-1.437885062451003254e-02,5.356129003059140192e-01,4.500752717029877226e-01,3.820559935072251889e-01,-2.286426881397777278e-01,1.478294854896046173e-01,-2.759359512131389636e-01,3.398202506424089636e-02,1.000000000000000000e+00,4.787869857338040713e-01,8.505694246266956027e-01,5.003107133082982383e-01,2.712076150423365917e-01,2.624884641806357055e-01,3.923842276198508117e-01,6.162069295619748699e-01,1.362176914614063317e-02,-3.886880144755401612e-02,3.205837738954138150e-01,5.466893403327355294e-01,2.712063897934137713e-01,5.068569113225316336e-01,-2.789289671092937822e-02,4.033816809354474064e-01,2.176333983460586319e-01
6.630843114052155374e-02,2.776979706297936223e-01,3.377888571687938657e-01,-4.567091866868204508e-02,2.734104224173109499e-01,1.179350141391037610e-01,-5.612620160068445413e-02,-2.884117216487077084e-01,3.118382902449751692e-01,3.129512009089959745e-01,3.685552252495589154e-01,-5.925483999771993110e-03,-1.135948827022968538e-01,3.983387738606059547e-01,4.551796730516051610e-03,1.432574841404495036e-01,3.079978542738286973e-01,1.619121332538915950e-02,1.539815357768891356e-02,8.125198768747771139e-02,1.264928541899149883e-01,-2.155152833504741794e-01,4.787869857338040713e-01,1.000000000000000000e+00,4.270361836936190092e-01,1.049786809968246415e-01,3.704795050314479421e-01,-3.820765553240568647e-03,3.044979341553993510e-02,2.448380660886906313e-01,2.064290204483583413e-01,3.004907509460510440e-01,2.750277416581555986e-02,1.944335506943300484e-01,1.958795603298120469e-01,3.618912074661234657e-01,3.316138208962700618e-01,2.193529919644970905e-03,1.379572025261416035e-01
3.707430621542214255e-01,3.671954312019409111e-02,4.981676477822965521e-01,1.811554774025029846e-01,5.140644939071667974e-01,-9.684039925223299206e-02,5.065141371828929540e-02,-4.264032975630167588e-01,7.032510340547705185e-01,6.706979972739081086e-01,2.237555124741239521e-01,2.789372043393766876e-01,-8.607445997481404576e-05,5.277739414762054881e-01,-7.249680982191093748e-02,5.362531013308412531e-01,3.656732225840477191e-01,3.893217732928743180e-01,-2.376756623412397962e-01,8.231244432832107716e-02,-2.029631230195159397e-01,9.225287133123868943e-02,8.505694246266956027e-01,4.270361836936190092e-01,1.000000000000000000e+00,4.694278269824886940e-01,3.133116012172681986e-01,2.501694885167216054e-01,3.195432140380669028e-01,6.036850455346350897e-01,4.201408993822989407e-02,-5.582633242942846435e-02,2.528566252718851270e-01,5.555579130992140957e-01,1.887475318476913577e-01,6.111870575857610843e-01,-2.800957882294496243e-02,3.487319892643342967e-01,3.157726701792885060e-01
8.742671858955631814e-01,-5.778862499641217454e-01,7.223849983712290479e-01,2.834774710874586323e-01,6.548180158684177021e-01,-7.134837387852642765e-01,-6.088392609823982393e-02,-6.544928976662250930e-01,7.595150298201892580e-01,5.676327435383857756e-01,2.619327006541991576e-01,8.328196823143780847e-01,-2.112488276606724336e-01,7.950251707618605224e-01,3.196612320137316443e-01,7.734321122244895985e-01,5.467089266854299190e-01,7.284462442148093020e-01,-7.041358134994243345e-01,2.241262108675678710e-01,-5.116275471790623364e-01,3.781742069456209832e-01,5.003107133082982383e-01,1.049786809968246415e-01,4.694278269824886940e-01,1.000000000000000000e+00,-1.431130327967704841e-01,8.506773768004475267e-01,8.363467340904739977e-01,7.408672240685142407e-01,-2.616499992286660525e-01,-5.396395136185233588e-01,8.497116070798501619e-01,8.280739718061017607e-01,5.579695719138471066e-01,1.979677073177981139e-01,-5.502113875090764994e-01,8.740405320824002899e-01,2.420012651559200478e-01
-3.264655280528643289e-01,5.417338942846032790e-01,2.446842332544277299e-01,-1.766577584696204795e-01,2.166579791329142912e-01,4.886186220273492364e-01,1.457649107774017239e-01,-2.585812878613843457e-01,1.613072572380879477e-01,-1.758053304854942725e-02,1.265902368304653580e-01,-3.664198187165194076e-01,7.241964272334973363e-02,-7.329883348164148438e-02,-3.363235628621057405e-01,-2.848863799248105289e-01,3.802794440423672845e-02,-1.351553074915781416e-01,3.117701254060706306e-01,-3.123412266414610783e-01,4.339928396717862014e-01,-4.146886317289008028e-01,2.712076150423365917e-01,3.704795050314479421e-01,3.133116012172681986e-01,-1.431130327967704841e-01,1.000000000000000000e+00,-3.517094037835855613e-01,-3.868470213455942330e-01,-1.860350095287927330e-01,3.211901353195294462e-01,5.725742227174118737e-01,-3.561718252214599589e-01,-7.063718787472846039e-02,-5.573511300522705075e-02,3.409676722502076318e-01,5.741997140559549351e-01,-4.243373031992422328e-01,-1.758575645668871978e-01
8.477945611178600016e-01,-6.612009808308155767e-01,6.298435912451971763e-01,1.730092254509682514e-01,5.017808735835979084e-01,-7.825874066060307666e-01,-8.615177712730276438e-02,-5.956119115391566021e-01,5.240638651108094903e-01,4.054074024199925685e-01,1.228537181621448954e-01,8.705253717508620870e-01,-2.843926049596071093e-01,6.954727959437314588e-01,4.756673984273050992e-01,7.120654651853683959e-01,4.120141971135967141e-01,6.429882326334674936e-01,-7.568869499650725530e-01,3.162179025508139452e-01,-4.681719923330853184e-01,5.370367120372353531e-01,2.624884641806357055e-01,-3.820765553240568647e-03,2.501694885167216054e-01,8.506773768004475267e-01,-3.517094037835855613e-01,1.000000000000000000e+00,8.077410209923229223e-01,6.013449820109461053e-01,-2.852944070028262114e-01,-5.957173862210158877e-01,8.673735338058822242e-01,7.112709365395604166e-01,5.123264706817853842e-01,4.469624474569976885e-02,-6.309099038294048167e-01,8.497579361669350684e-01,2.449373066603530713e-01
8.773739849122967893e-01,-5.702507163004830737e-01,4.925105068927617680e-01,2.929228895854558701e-01,3.847161867444615080e-01,-6.785523257283468945e-01,-1.197851744136829572e-01,-4.158294605916700304e-01,5.913906480835620094e-01,5.070240460994986931e-01,2.662651952568206859e-01,8.247555443233788308e-01,-2.622368237034254923e-01,7.191548170854887845e-01,4.631461545654845247e-01,7.595477493693375548e-01,5.829431732560894641e-01,5.586372899958416127e-01,-6.787402811658875823e-01,2.568948585470443580e-01,-4.969419693365947910e-01,4.336486160264365619e-01,3.923842276198508117e-01,3.044979341553993510e-02,3.195432140380669028e-01,8.363467340904739977e-01,-3.868470213455942330e-01,8.077410209923229223e-01,1.000000000000000000e+00,7.023905554875051749e-01,-2.620833094129141339e-01,-5.229384334518931698e-01,8.850006061626942699e-01,6.960962504674740314e-01,6.619325815938316149e-01,1.476966518931815443e-02,-5.285308148324122657e-01,8.855821032220511091e-01,1.961382437150658298e-01
7.308180756473026118e-01,-3.145796347364287482e-01,5.200098173256837431e-01,3.484756893344319595e-01,5.606010845081719207e-01,-4.866293006578966684e-01,2.921739714582327618e-02,-4.267461182200772973e-01,7.644308790854346114e-01,8.107598739670646149e-01,3.262768445297649644e-01,6.341622152180987904e-01,-1.353055289404193617e-01,7.084645559898773426e-01,1.338420722032473975e-01,8.537853598357157958e-01,5.197712294501987129e-01,6.257247849346355695e-01,-5.223372197217898139e-01,2.822091690652280827e-01,-5.219724299669342704e-01,3.571156876510081513e-01,6.162069295619748699e-01,2.448380660886906313e-01,6.036850455346350897e-01,7.408672240685142407e-01,-1.860350095287927330e-01,6.013449820109461053e-01,7.023905554875051749e-01,1.000000000000000000e+00,-1.864381505324349542e-01,-4.279425722652973607e-01,6.536861549131098847e-01,7.787699001068503213e-01,4.546354798386233464e-01,2.665116036053617465e-01,-3.913349078562307626e-01,7.646594837030293856e-01,4.655032400189694219e-01
-3.578850600856119946e-01,3.787814916740341875e-01,3.265795186586824966e-02,-2.026850723885404992e-01,-6.847479949516180331e-02,3.959774382848703089e-01,-1.172743076957812047e-03,-4.783212101742258943e-02,-9.515905504483715416e-02,-1.674195226302524764e-01,-2.995040524820857808e-02,-2.835913247151106154e-01,-1.541953685667958318e-01,-3.611415410333540521e-02,-1.622006020254677661e-01,-3.042201595440007789e-01,-1.325996867094632325e-01,-2.313448234567997974e-01,3.039540948352169591e-01,-2.435209073650370926e-01,2.839163748288463518e-01,-2.631944927932018397e-01,1.362176914614063317e-02,2.064290204483583413e-01,4.201408993822989407e-02,-2.616499992286660525e-01,3.211901353195294462e-01,-2.852944070028262114e-01,-2.620833094129141339e-01,-1.864381505324349542e-01,1.000000000000000000e+00,4.365782868540189487e-01,-2.585848951686742225e-01,-1.677773131732121503e-01,6.492667889905916201e-02,2.040498293579082190e-01,4.524911191836054059e-01,-3.387386031777340212e-01,-2.529934875072459288e-01
-5.828266887194811785e-01,7.453894891848681370e-01,-2.132081734476487800e-01,-2.200783535723508932e-01,-2.341069472686264641e-01,7.639244043472845913e-01,3.357558230222743023e-02,1.796370672464125129e-01,-2.922128270522950655e-01,-2.589125484844851388e-01,2.199126755757931928e-01,-5.890183047085607582e-01,-2.917624126245860552e-02,-3.724507065218293778e-01,-1.911171622239061507e-01,-5.282642087502359418e-01,-9.906195042401425704e-03,-4.823502681317541896e-01,5.418185854718511330e-01,-2.569409547513330505e-01,6.081988103034263737e-01,-3.845132296625434210e-01,-3.886880144755401612e-02,3.004907509460510440e-01,-5.582633242942846435e-02,-5.396395136185233588e-01,5.725742227174118737e-01,-5.957173862210158877e-01,-5.229384334518931698e-01,-4.279425722652973607e-01,4.365782868540189487e-01,1.000000000000000000e+00,-5.465402951217827043e-01,-4.217162101949414321e-01,-8.161312557402429502e-02,1.336842167132880344e-02,8.397004109814920625e-01,-6.434167257159738584e-01,-1.995152729357189125e-01
8.660902927828871833e-01,-6.237623055482626189e-01,5.789034956211644989e-01,2.965065749662530448e-01,4.041447494539536223e-01,-7.548518913225368276e-01,-6.130665649315381743e-02,-5.194475028698964936e-01,5.601474612527351793e-01,4.266411706802470394e-01,1.548277686769643779e-01,8.545435237341266754e-01,-2.644515942064777358e-01,7.355318270335358122e-01,5.091713037679733711e-01,7.186906239843949828e-01,4.655334164116637918e-01,6.269432098008415055e-01,-6.512274995014524226e-01,2.525570819361403485e-01,-4.760610759499659395e-01,4.714278182130812733e-01,3.205837738954138150e-01,2.750277416581555986e-02,2.528566252718851270e-01,8.497116070798501619e-01,-3.561718252214599589e-01,8.673735338058822242e-01,8.850006061626942699e-01,6.536861549131098847e-01,-2.585848951686742225e-01,-5.465402951217827043e-01,1.000000000000000000e+00,6.909941978667653029e-01,6.495642690682738030e-01,1.090572155431008064e-02,-5.695398046194085628e-01,8.736857329839626818e-01,2.022843451119613334e-01
7.580977909357682343e-01,-3.815016324877956166e-01,7.605877265849504409e-01,2.956148013952556997e-01,7.618829844380355931e-01,-5.347733894974452395e-01,-5.236637963612162522e-02,-6.958659337483288354e-01,8.131528536114526196e-01,6.735197187111826578e-01,3.528857327905121632e-01,6.956837554619641484e-01,-1.466129843932322263e-01,7.359797423507249414e-01,1.409573724451524679e-01,7.547870664448579348e-01,5.602069770619291234e-01,6.934106345446044983e-01,-6.740578777345611616e-01,1.575198042853728775e-01,-4.729987015563019703e-01,3.145303813241172031e-01,5.466893403327355294e-01,1.944335506943300484e-01,5.555579130992140957e-01,8.280739718061017607e-01,-7.063718787472846039e-02,7.112709365395604166e-01,6.960962504674740314e-01,7.787699001068503213e-01,-1.677773131732121503e-01,-4.217162101949414321e-01,6.909941978667653029e-01,1.000000000000000000e+00,5.031743205849040779e-01,2.602182938146728741e-01,-3.730744454444626657e-01,7.776168390374768036e-01,4.485883978656164395e-01
5.387250909002778698e-01,-2.048261382809173914e-01,4.654105342212100371e-01,1.769477393346313154e-01,3.055286991777807493e-01,-2.446274280855628980e-01,-1.643463078063562288e-01,-4.107629753857918731e-01,4.056755393750655081e-01,3.425502524911687163e-01,2.438355106330145350e-01,5.245114375929886830e-01,-1.751017256778483466e-01,5.269995446680252327e-01,3.475277838649561968e-01,4.511858381882744573e-01,5.284991344455230999e-01,3.628879686927121151e-01,-3.630088870389719391e-01,-1.666802965483938151e-02,-1.031914947004622662e-01,2.489439687516454836e-01,2.712063897934137713e-01,1.958795603298120469e-01,1.887475318476913577e-01,5.579695719138471066e-01,-5.573511300522705075e-02,5.123264706817853842e-01,6.619325815938316149e-01,4.546354798386233464e-01,6.492667889905916201e-02,-8.161312557402429502e-02,6.495642690682738030e-01,5.031743205849040779e-01,1.000000000000000000e+00,-7.276853662700794034e-02,2.620075004249307338e-02,5.340367410188135988e-01,3.606373253107516413e-02
7.717225573079260215e-02,1.168372139450459674e-01,3.557957359125218932e-01,-9.314795971566815561e-03,3.542028518835045325e-01,1.788615065452668629e-02,1.940866071163694501e-02,-3.180892650433843061e-01,4.152763861561367120e-01,2.687211833338821743e-01,5.794506569466627982e-02,2.520053476893855532e-02,1.336233487671814602e-02,3.360518119624513189e-01,-1.793093036692684772e-01,1.636456306163224239e-01,6.312726681812852458e-02,1.551893994959222811e-01,-4.813953966036756127e-02,-1.378794813696520433e-02,-1.212883377142930097e-01,-1.241579473155409036e-01,5.068569113225316336e-01,3.618912074661234657e-01,6.111870575857610843e-01,1.979677073177981139e-01,3.409676722502076318e-01,4.469624474569976885e-02,1.476966518931815443e-02,2.665116036053617465e-01,2.040498293579082190e-01,1.336842167132880344e-02,1.090572155431008064e-02,2.602182938146728741e-01,-7.276853662700794034e-02,1.000000000000000000e+00,1.434857394849924257e-02,4.578246818546887614e-02,1.215299887650641286e-01
-6.124129432219533875e-01,7.808447235624055294e-01,-1.902916637024255064e-01,-1.993614326845531692e-01,-2.116170021587678307e-01,8.220196395786611987e-01,-1.971677808427483442e-02,1.542153948986520751e-01,-2.495353202426141281e-01,-1.822406609814109790e-01,1.645904920434359264e-01,-6.259099731517372422e-01,5.195574540242042794e-02,-3.768574554475472294e-01,-2.910988277605628394e-01,-4.870640327132123581e-01,-3.360913156061094004e-02,-4.315205762492392849e-01,5.804149288668105644e-01,-3.379541792204290296e-01,6.356498403330329561e-01,-4.025212985746373096e-01,-2.789289671092937822e-02,3.316138208962700618e-01,-2.800957882294496243e-02,-5.502113875090764994e-01,5.741997140559549351e-01,-6.309099038294048167e-01,-5.285308148324122657e-01,-3.913349078562307626e-01,4.524911191836054059e-01,8.397004109814920625e-01,-5.695398046194085628e-01,-3.730744454444626657e-01,2.620075004249307338e-02,1.434857394849924257e-02,1.000000000000000000e+00,-6.487991672810714538e-01,-1.427155314061556990e-01
8.985643337380979645e-01,-6.451798762915507135e-01,5.385075288964461526e-01,3.399899225600964692e-01,4.855729590134166829e-01,-7.607132650510013416e-01,-7.001723293090071631e-02,-4.666960213790911638e-01,6.582428253572348842e-01,5.555351891697003497e-01,2.286271149672487735e-01,8.484956739660021174e-01,-2.217108067577163444e-01,7.159062728270570997e-01,3.933540805582403377e-01,8.122600176539804817e-01,5.231392463565859297e-01,6.762449831055021843e-01,-7.228184859362662973e-01,3.394903371302184780e-01,-5.966508091602417130e-01,4.870142819939707879e-01,4.033816809354474064e-01,2.193529919644970905e-03,3.487319892643342967e-01,8.740405320824002899e-01,-4.243373031992422328e-01,8.497579361669350684e-01,8.855821032220511091e-01,7.646594837030293856e-01,-3.387386031777340212e-01,-6.434167257159738584e-01,8.736857329839626818e-01,7.776168390374768036e-01,5.340367410188135988e-01,4.578246818546887614e-02,-6.487991672810714538e-01,1.000000000000000000e+00,3.350457811756080706e-01
3.016716677179992478e-01,-6.664363819138736933e-02,2.535117814262916047e-01,2.167519428904751411e-01,2.937847833236906236e-01,-1.338476098157631022e-01,9.089932655715222964e-02,-2.272580290086740062e-01,3.184313115511041015e-01,5.161281140165183690e-01,2.524892276261762603e-01,1.980263774457634018e-01,2.096344504887552238e-02,1.887344359238596059e-01,-6.777341971204572935e-02,4.697014029766287124e-01,2.448252380044887988e-01,3.133490951491282317e-01,-2.306030532845472769e-01,2.422060653469602642e-01,-3.305278482908359794e-01,2.849198682475134192e-01,2.176333983460586319e-01,1.379572025261416035e-01,3.157726701792885060e-01,2.420012651559200478e-01,-1.758575645668871978e-01,2.449373066603530713e-01,1.961382437150658298e-01,4.655032400189694219e-01,-2.529934875072459288e-01,-1.995152729357189125e-01,2.022843451119613334e-01,4.485883978656164395e-01,3.606373253107516413e-02,1.215299887650641286e-01,-1.427155314061556990e-01,3.350457811756080706e-01,1.000000000000000000e+00
