1.000000000000000000e+00,4.930823797764239957e-01,3.236574342406730032e-01,-8.181970241138473987e-02,4.764957237376098442e-01,1.558194327268697388e-01,6.626025031017554467e-02,-3.231671803783760510e-01,3.226140907214571363e-01,5.443910222018828460e-01,3.440803263246693111e-02,1.586872817588960427e-01,-1.979585037961277827e-01,4.681095382106588709e-01,4.289808750387805875e-02,5.312407395454206149e-01,2.697211450268667265e-01,1.317107748158089509e-01,-2.195606704192821709e-02,8.019631683488713525e-02,1.620076814226951156e-01,1.110705507606124798e-01,4.801276941980980317e-01,2.106660992428885104e-01,4.376539011274251378e-01,3.659775259271312309e-01,2.296836435158615963e-01,2.955765668112933509e-01,2.555018576259250884e-01,4.466251884609865885e-01,2.713684142997444537e-01,2.639010622183982635e-01,3.149382940996089397e-01,2.507997918549181859e-01,3.238079568177893441e-01,2.204220574838929581e-01,2.100266069319088602e-01,4.753365291387182112e-01,2.542264810493691796e-01
4.930823797764239957e-01,1.000000000000000000e+00,2.653247648551754212e-01,-4.008854116412971513e-02,3.232722927379929057e-01,-1.982756021262054857e-01,5.159923462940842892e-02,-3.240211326189624819e-01,5.894508477070087293e-01,1.147846655818734740e-01,-1.237596294646302053e-01,5.603753624599192573e-01,-3.712761056404451643e-01,3.356278935379839456e-01,1.698363356564848992e-01,2.130949548425659645e-01,1.133818683827769319e-01,3.088565179074742595e-01,2.033397463562517174e-02,-9.318818852747431936e-02,-1.860317000961271006e-01,-8.027788633082966196e-02,3.970269626277362907e-01,-5.454777646478926878e-02,2.283653510092363281e-01,-9.228033387314393821e-02,1.549931116188015823e-01,-2.676041989830446610e-01,-1.248498317575622886e-02,4.640318796715638405e-01,1.530398151220251357e-01,2.078787953069157757e-01,4.085289538973479323e-02,4.692562848909277995e-01,-5.802162965506574288e-02,5.818219962227048070e-01,-9.553946406652306933e-02,9.777133132300762364e-02,6.799959800938092380e-01
3.236574342406730032e-01,2.653247648551754212e-01,1.000000000000000000e+00,5.674093278418911035e-02,7.083276388530558298e-01,1.538642644228450651e-01,2.731941411285008971e-03,-5.267342874186172752e-01,5.286299577274798933e-01,5.039024853352810362e-01,9.471080033697035216e-02,2.898412395599095914e-01,-3.642268875010342133e-01,6.502533918305450911e-01,3.871071558944672586e-01,5.098623196173235339e-01,-5.448091620477398672e-02,4.792059256424652247e-01,2.731079357937567509e-01,5.214779477559352561e-01,3.256432032494238071e-01,4.880721371372982731e-02,2.910096338525200999e-01,3.594550354366957134e-01,4.418269492773463369e-01,3.836817927920201377e-01,2.407782332053923224e-01,3.002973493901681667e-01,4.882540224638409754e-01,5.515959900215439138e-01,2.024422285152674972e-01,2.257393643280972417e-01,4.560115589674634262e-01,3.996287221169003145e-01,3.789991296406766685e-01,-1.753093113412443555e-03,3.471998299181023873e-01,3.084756933395724210e-01,3.314103516902563995e-01
-8.181970241138473987e-02,-4.008854116412971513e-02,5.674093278418911035e-02,1.000000000000000000e+00,-1.452793536532674123e-01,-3.965287913541448162e-01,5.671118579696727835e-01,-9.150525647058972700e-02,-6.897753623242127569e-03,-9.863954299904692524e-02,1.545733898909604498e-01,3.124697747964969366e-02,1.785132125151985827e-01,1.991250118254484988e-02,1.694818427925204596e-01,-1.335136054108973791e-01,-2.811873532057410641e-01,2.978528151817255165e-01,1.927409359020043067e-01,3.370274166208612754e-01,3.351715257551667326e-01,7.609671124729792957e-02,-4.783557579619698297e-01,-1.241099697766773341e-01,-3.438443075737994681e-01,-5.633743361915313774e-02,4.824898268794265699e-02,3.157390443223328513e-01,1.779447029975941008e-01,-2.588335733495307212e-01,9.003299270782857966e-02,-2.693022381432926826e-01,-2.096850244546095976e-02,2.038925720336059733e-01,-1.152017182653246735e-01,1.500352676198721813e-01,-1.401274352396829626e-01,-3.457394738121871702e-01,-1.153899338728527485e-01
4.764957237376098442e-01,3.232722927379929057e-01,7.083276388530558298e-01,-1.452793536532674123e-01,1.000000000000000000e+00,7.571331824548749312e-02,-6.449522079903934058e-02,-5.559615014654796239e-01,4.928949893222899781e-01,5.839697302025673720e-01,1.583401791955905621e-02,4.058229589450601527e-01,-5.238332603544663124e-01,5.710521693246806141e-01,4.229233409309899328e-01,5.326457091115759379e-01,1.811332331211168156e-01,4.813919110797708623e-01,4.242496409070948826e-01,2.404051192958097105e-01,1.820688143678341475e-01,1.506987336383618092e-01,4.559541744290060983e-01,2.659024079306114285e-01,5.164998597247013601e-01,5.087860437024452898e-01,3.656627805209678450e-01,3.101225749800675113e-01,3.536881225835758480e-01,6.743389903584731115e-01,2.892961765755558967e-01,1.951215107015729644e-01,4.741412553823589060e-01,4.537879217524855568e-01,2.709610716203057490e-01,3.629154496822661197e-02,2.037932302807113627e-01,3.835648393225362662e-01,3.774266300833489240e-01
1.558194327268697388e-01,-1.982756021262054857e-01,1.538642644228450651e-01,-3.965287913541448162e-01,7.571331824548749312e-02,1.000000000000000000e+00,-1.269653689672737562e-01,1.918402631760488808e-01,-2.217579586351909882e-01,3.729855651330511446e-01,3.455531026221159152e-01,-4.883319367038791436e-01,1.270178415814333384e-01,3.260750964436457955e-01,-4.407642025273429409e-01,4.611001269407120073e-01,1.240533314449200480e-01,-3.385446509361487721e-01,-3.950417805613561928e-01,3.882271730597989384e-02,1.185041060405180036e-01,1.853853470094282696e-01,4.357727005528791997e-01,5.206355526811112799e-01,4.732882934545650233e-01,2.464036760745062504e-01,9.141369618241797224e-02,1.774784307166240027e-01,2.802215153653579982e-01,1.368312324144440595e-01,1.951627020820549951e-01,5.668357044168954584e-01,3.997578266758766707e-01,-4.774112594533878040e-01,7.020063321586610394e-01,-3.140035930694841104e-01,7.214991793503435780e-01,3.287888284326473398e-01,-2.815878483767415563e-01
6.626025031017554467e-02,5.159923462940842892e-02,2.731941411285008971e-03,5.671118579696727835e-01,-6.449522079903934058e-02,-1.269653689672737562e-01,1.000000000000000000e+00,-4.338159905344868977e-02,-2.264225133210110985e-01,-5.696917708927509011e-02,3.080538084296267076e-01,-1.442804671656654388e-02,2.768716017011858543e-01,5.108714321841658496e-02,-2.093449830985471827e-01,-2.178386441318770628e-02,3.338459823951422933e-02,2.168916874819552254e-01,2.405014471460455716e-01,2.876304095124663715e-02,4.661914514454603142e-01,5.363574158520413304e-01,-4.629715331312997395e-02,-1.007627549784631815e-01,-1.920120110342156128e-01,-1.363111047611418047e-01,4.571358617559700965e-01,2.401706938240412148e-01,-5.030590107034241948e-02,-1.323461007782646692e-01,6.084206907503808548e-01,2.269730777014961065e-01,3.047341082792504596e-01,2.740870789860041026e-02,1.358054831991433245e-02,2.901180993868569535e-01,1.544136274615983406e-01,-4.113335079648486325e-01,-1.125069973057406247e-01
-3.231671803783760510e-01,-3.240211326189624819e-01,-5.267342874186172752e-01,-9.150525647058972700e-02,-5.559615014654796239e-01,1.918402631760488808e-01,-4.338159905344868977e-02,1.000000000000000000e+00,-4.040219408915037280e-01,-2.284090389022473411e-01,-6.842134266472885140e-02,-3.408037709308699981e-01,4.598219900830374796e-01,-3.273811736531748728e-01,-2.810937370017732584e-01,-1.113909863304286679e-01,-2.032392674308587110e-01,-3.595348289745059489e-01,-2.397994469686256791e-01,-1.858641862109864373e-01,-1.448246204468371101e-01,4.585067387256493154e-02,-1.174204177543337196e-01,-8.632411008739640512e-02,-2.938648306035706592e-01,-2.402455670182725156e-01,-1.563061637650925706e-01,-1.345007351378267602e-01,-2.840301468973874255e-01,-3.610482975258049732e-01,-1.586292220337841841e-01,4.404104662881289101e-02,-1.865641096187067860e-01,-3.872490055146906585e-01,2.709151392860357013e-02,-7.666265264701731252e-02,6.642367966209161700e-02,-1.361896862921911089e-01,-3.549887257784690164e-01
3.226140907214571363e-01,5.894508477070087293e-01,5.286299577274798933e-01,-6.897753623242127569e-03,4.928949893222899781e-01,-2.217579586351909882e-01,-2.264225133210110985e-01,-4.040219408915037280e-01,1.000000000000000000e+00,2.381132665372806267e-01,-2.819380425822519132e-01,6.056967664699436371e-01,-5.083512762397001117e-01,4.725423848609333066e-01,6.271458356052871386e-01,2.935873762111251284e-01,-2.008359532918599921e-01,5.587634120940264681e-01,2.126861155118363045e-01,3.750729138762456394e-01,-1.353220449976491324e-01,-3.490042024322957404e-01,1.859464702025480087e-01,8.400618706608273256e-02,2.858574946438566800e-01,6.087144533235161470e-02,-9.556829862922475161e-02,-6.901041015578272819e-02,2.865967160259519364e-01,5.679520130130605304e-01,-1.680939181593719967e-01,-5.473855368279550992e-02,-3.351395069633848756e-02,6.840100531389182725e-01,-1.986852445756782069e-03,2.688416394732003334e-01,-1.016038450777024815e-01,2.968325349605521191e-01,7.119090160090454367e-01
5.443910222018828460e-01,1.147846655818734740e-01,5.039024853352810362e-01,-9.863954299904692524e-02,5.839697302025673720e-01,3.729855651330511446e-01,-5.696917708927509011e-02,-2.284090389022473411e-01,2.381132665372806267e-01,1.000000000000000000e+00,1.304797697443521864e-01,-3.652133016397034887e-02,-2.916717456032715816e-01,5.857147849506537662e-01,1.713014853014468430e-01,7.776693804764805984e-01,3.893556545255998091e-02,2.851051960675926034e-01,1.550116727231656832e-01,2.846567899588257067e-01,2.916689100759377595e-01,1.932453458478042840e-01,3.389052753276567964e-01,4.094927358571041620e-01,5.210615498515740462e-01,6.094701599931837688e-01,2.576981821611942225e-01,5.073781108182585653e-01,4.741415871664479420e-01,5.604256248505842253e-01,2.614192179740468802e-01,1.986975504637896184e-01,5.116753966388135622e-01,1.143215972988727985e-01,5.589025641942467759e-01,-9.378734739348862370e-02,4.020421301044119211e-01,5.340048938541862578e-01,8.016836172891657342e-02
3.440803263246693111e-02,-1.237596294646302053e-01,9.471080033697035216e-02,1.545733898909604498e-01,1.583401791955905621e-02,3.455531026221159152e-01,3.080538084296267076e-01,-6.842134266472885140e-02,-2.819380425822519132e-01,1.304797697443521864e-01,1.000000000000000000e+00,-4.206897415352692238e-01,2.351761296169224691e-02,2.658295815046140542e-01,-3.449233001508590357e-01,1.953825756397185309e-01,3.185815809142413246e-01,-3.714335478568037141e-02,-2.805073758331447786e-01,7.475063448685609346e-02,3.711793068910153037e-01,1.978159427302934315e-01,6.512414563859587890e-02,4.486244074097989754e-01,2.924116026945076663e-01,3.463656023323499200e-01,3.104074226366880795e-01,3.498875854867046220e-01,4.283537096750360540e-01,-3.845486275944193927e-02,3.756843379914520664e-01,3.142142285969078408e-01,3.844808529318016754e-01,-3.513753712113981131e-01,4.681034482341489555e-01,-2.140971283784474100e-01,4.525539632807047963e-01,3.376867535788815461e-02,-3.016734383734646641e-01
1.586872817588960427e-01,5.603753624599192573e-01,2.898412395599095914e-01,3.124697747964969366e-02,4.058229589450601527e-01,-4.883319367038791436e-01,-1.442804671656654388e-02,-3.408037709308699981e-01,6.056967664699436371e-01,-3.652133016397034887e-02,-4.206897415352692238e-01,1.000000000000000000e+00,-3.556588850836872040e-01,1.534539026929151173e-01,5.773824441568582433e-01,-6.671451166628014455e-03,-4.599931073339395826e-02,5.031545499147836997e-01,4.959371254304551502e-01,2.577064356618215604e-02,-1.770403044570123263e-01,-9.405127058447251831e-02,1.642886044364307574e-01,-2.665394480484283846e-01,3.500839797374951279e-04,-1.463829328165793531e-01,2.021451222496507827e-01,-2.655296447275795058e-01,-1.604955118278250104e-01,3.836463794080147149e-01,9.205664925194789391e-03,-4.859268293912563652e-02,-8.490609512204834453e-02,6.898495605474215253e-01,-3.661602208511774981e-01,4.978741003137632237e-01,-3.367124008866413942e-01,-9.334612856468617326e-02,7.273727763549724390e-01
-1.979585037961277827e-01,-3.712761056404451643e-01,-3.642268875010342133e-01,1.785132125151985827e-01,-5.238332603544663124e-01,1.270178415814333384e-01,2.768716017011858543e-01,4.598219900830374796e-01,-5.083512762397001117e-01,-2.916717456032715816e-01,2.351761296169224691e-02,-3.556588850836872040e-01,1.000000000000000000e+00,-3.202533131714065950e-01,-3.887996488445691901e-01,-2.411329815874459770e-01,-8.507003071769440872e-02,-3.393161963892797894e-01,-1.506579744504166207e-01,6.081882500278489902e-03,2.291287689154988816e-01,1.770617500836876024e-01,-2.056769587499523988e-01,-1.572766649352324853e-01,-4.182030149793219409e-01,-2.746747928617744305e-01,5.257037295645675817e-02,-2.484380725736075671e-02,-3.079477971825905214e-01,-5.071023616240956100e-01,4.671717065185349016e-02,1.668327697520930741e-01,-1.741546291691166426e-01,-4.400765808591041162e-01,-3.936441367602511870e-02,1.659966906524025856e-02,1.430033396991413908e-01,-2.488629750221800496e-01,-4.207408387831924612e-01
4.681095382106588709e-01,3.356278935379839456e-01,6.502533918305450911e-01,1.991250118254484988e-02,5.710521693246806141e-01,3.260750964436457955e-01,5.108714321841658496e-02,-3.273811736531748728e-01,4.725423848609333066e-01,5.857147849506537662e-01,2.658295815046140542e-01,1.534539026929151173e-01,-3.202533131714065950e-01,1.000000000000000000e+00,2.468227178390206278e-01,6.595935595178245014e-01,6.216446489329222058e-02,3.761500462761226959e-01,2.988857436927632935e-02,4.940521403807682788e-01,2.981207904204495884e-01,-1.038336223163261948e-02,3.767288960224687844e-01,4.739413960416046789e-01,5.607730669721308070e-01,4.585182485910608285e-01,2.774570194556762459e-01,3.863534434835538822e-01,6.168689020070697859e-01,5.695563623278925292e-01,2.448598650708990188e-01,4.116550951483681775e-01,5.188117532596854264e-01,2.490416367692943056e-01,6.071607507767742273e-01,9.668031225209335056e-02,5.388284341887984441e-01,4.291420384730406656e-01,3.079215240044139157e-01
4.289808750387805875e-02,1.698363356564848992e-01,3.871071558944672586e-01,1.694818427925204596e-01,4.229233409309899328e-01,-4.407642025273429409e-01,-2.093449830985471827e-01,-2.810937370017732584e-01,6.271458356052871386e-01,1.713014853014468430e-01,-3.449233001508590357e-01,5.773824441568582433e-01,-3.887996488445691901e-01,2.468227178390206278e-01,1.000000000000000000e+00,1.306839076101139197e-01,-2.452083408932104192e-01,5.927998302342462056e-01,4.699514019557065048e-01,4.484449747964697752e-01,-3.272163432660931542e-02,-3.207808304169640912e-01,-1.335521644233389760e-01,-2.447720470124625097e-02,4.373736269524191450e-02,1.897201072111426579e-01,-8.740204704262879987e-02,1.619288410636171016e-01,2.322411139225812882e-01,3.567476303339886523e-01,-3.018154854461141956e-01,-3.714246325902354484e-01,-1.190806061966182133e-01,6.611733249029513315e-01,-1.949288731721810219e-01,8.598312197052414285e-02,-3.010882185771029951e-01,1.985396909640482210e-01,4.618078035196588327e-01
5.312407395454206149e-01,2.130949548425659645e-01,5.098623196173235339e-01,-1.335136054108973791e-01,5.326457091115759379e-01,4.611001269407120073e-01,-2.178386441318770628e-02,-1.113909863304286679e-01,2.935873762111251284e-01,7.776693804764805984e-01,1.953825756397185309e-01,-6.671451166628014455e-03,-2.411329815874459770e-01,6.595935595178245014e-01,1.306839076101139197e-01,1.000000000000000000e+00,9.653446788837921622e-02,3.069316855327337001e-01,5.320469814524034224e-02,2.831545699573917996e-01,2.695825447615289860e-01,1.882448907165002461e-01,4.716178870107141097e-01,4.843029256975235342e-01,5.461143968838156892e-01,5.305168774468967952e-01,2.980179950072203710e-01,4.272704274711459638e-01,4.460782792306261513e-01,6.032430197245657322e-01,2.736542952058214073e-01,3.736367511743751701e-01,5.018202076430774428e-01,1.137010613409723953e-01,6.114846852191961890e-01,2.432339336042864397e-02,4.892948643229502736e-01,5.130127440961378404e-01,1.557729682001544602e-01
2.697211450268667265e-01,1.133818683827769319e-01,-5.448091620477398672e-02,-2.811873532057410641e-01,1.811332331211168156e-01,1.240533314449200480e-01,3.338459823951422933e-02,-2.032392674308587110e-01,-2.008359532918599921e-01,3.893556545255998091e-02,3.185815809142413246e-01,-4.599931073339395826e-02,-8.507003071769440872e-02,6.216446489329222058e-02,-2.452083408932104192e-01,9.653446788837921622e-02,1.000000000000000000e+00,-1.390250137502203609e-01,-8.080363198047858797e-02,-3.053399856700874659e-01,7.266609175393654030e-02,1.249187596362245078e-01,4.042521753245426619e-01,1.786439530770806972e-01,2.060698260603815168e-01,2.749692022958641902e-01,3.066695556871263384e-01,7.202936053768702052e-02,-1.015356123307841196e-01,1.143932806726580820e-01,2.566536736643446059e-01,3.035390511538247904e-01,2.032376077296408068e-01,-1.795207817021981789e-01,2.372674739924434534e-02,3.956650575824535027e-02,8.942721742989657996e-02,9.523541767410792502e-02,-8.874939481142697650e-02
1.317107748158089509e-01,3.088565179074742595e-01,4.792059256424652247e-01,2.978528151817255165e-01,4.813919110797708623e-01,-3.385446509361487721e-01,2.168916874819552254e-01,-3.595348289745059489e-01,5.587634120940264681e-01,2.851051960675926034e-01,-3.714335478568037141e-02,5.031545499147836997e-01,-3.393161963892797894e-01,3.761500462761226959e-01,5.927998302342462056e-01,3.069316855327337001e-01,-1.390250137502203609e-01,1.000000000000000000e+00,5.912208563426352148e-01,3.947841030309685584e-01,2.916674714979780036e-01,5.350742880472695445e-02,2.176609109305955095e-02,3.350966006633347011e-02,1.320524238946997608e-01,1.213643538008041950e-01,2.584128871181672893e-01,1.754609121619253309e-01,2.289998658389988118e-01,5.025356432261741668e-01,1.991657241267106859e-01,-4.873187124065139070e-02,1.536384812034107816e-01,5.578248608033803402e-01,-3.417378797544752544e-02,2.593623362368816521e-01,-6.637212737881392766e-02,2.540691386721100065e-02,5.102562005712731885e-01
-2.195606704192821709e-02,2.033397463562517174e-02,2.731079357937567509e-01,1.927409359020043067e-01,4.242496409070948826e-01,-3.950417805613561928e-01,2.405014471460455716e-01,-2.397994469686256791e-01,2.126861155118363045e-01,1.550116727231656832e-01,-2.805073758331447786e-01,4.959371254304551502e-01,-1.506579744504166207e-01,2.988857436927632935e-02,4.699514019557065048e-01,5.320469814524034224e-02,-8.080363198047858797e-02,5.912208563426352148e-01,1.000000000000000000e+00,9.457091402001072122e-02,2.133861517232951976e-01,2.974504630394415594e-01,1.802380184435919790e-03,-2.506701889293626029e-01,-1.380115829039028352e-01,4.425977327178644283e-02,3.890519824764377965e-01,1.117544800637904068e-01,-1.661463893907686173e-01,2.772678751134346475e-01,2.913236108299130933e-01,-9.205908891673443561e-02,1.867647377019364119e-01,4.678877935594048521e-01,-2.642155809237857755e-01,2.072105333103392566e-01,-1.720316596642001705e-01,-1.834163116053497411e-01,2.290330814709530816e-01
8.019631683488713525e-02,-9.318818852747431936e-02,5.214779477559352561e-01,3.370274166208612754e-01,2.404051192958097105e-01,3.882271730597989384e-02,2.876304095124663715e-02,-1.858641862109864373e-01,3.750729138762456394e-01,2.846567899588257067e-01,7.475063448685609346e-02,2.577064356618215604e-02,6.081882500278489902e-03,4.940521403807682788e-01,4.484449747964697752e-01,2.831545699573917996e-01,-3.053399856700874659e-01,3.947841030309685584e-01,9.457091402001072122e-02,1.000000000000000000e+00,4.489837530572089452e-01,-2.416810896574671519e-01,-1.500289136914306765e-01,2.797865974508620956e-01,1.495942122735443580e-01,2.375331625344825892e-01,-8.568622891951825638e-02,4.310245987225286846e-01,5.660413133438182420e-01,1.493865516739281141e-01,-1.191177663303581852e-01,-2.757520489658863913e-02,1.659076509471790750e-01,2.668144020962550655e-01,2.953177973272041457e-01,-1.291507203477336441e-01,2.749581696100896200e-01,2.945854384445501517e-01,1.044831636470667652e-01
1.620076814226951156e-01,-1.860317000961271006e-01,3.256432032494238071e-01,3.351715257551667326e-01,1.820688143678341475e-01,1.185041060405180036e-01,4.661914514454603142e-01,-1.448246204468371101e-01,-1.353220449976491324e-01,2.916689100759377595e-01,3.711793068910153037e-01,-1.770403044570123263e-01,2.291287689154988816e-01,2.981207904204495884e-01,-3.272163432660931542e-02,2.695825447615289860e-01,7.266609175393654030e-02,2.916674714979780036e-01,2.133861517232951976e-01,4.489837530572089452e-01,1.000000000000000000e+00,4.243254079526656009e-01,-5.586429969011688125e-03,1.294951920995609795e-01,3.525783442300175347e-02,2.216873339354328565e-01,3.939979259205485529e-01,5.192503000642636479e-01,2.493950762279526223e-01,1.047541057112936908e-01,4.795002175238501918e-01,2.424995043589971422e-01,5.036394031043039954e-01,-2.008261316644553013e-02,2.753842454859525835e-01,2.897041436767576125e-02,3.827740066950899855e-01,7.035371830223612066e-02,-1.817467165192302170e-01
1.110705507606124798e-01,-8.027788633082966196e-02,4.880721371372982731e-02,7.609671124729792957e-02,1.506987336383618092e-01,1.853853470094282696e-01,5.363574158520413304e-01,4.585067387256493154e-02,-3.490042024322957404e-01,1.932453458478042840e-01,1.978159427302934315e-01,-9.405127058447251831e-02,1.770617500836876024e-01,-1.038336223163261948e-02,-3.207808304169640912e-01,1.882448907165002461e-01,1.249187596362245078e-01,5.350742880472695445e-02,2.974504630394415594e-01,-2.416810896574671519e-01,4.243254079526656009e-01,1.000000000000000000e+00,2.453481265639908260e-01,-6.494370667704336963e-02,1.544690571965242308e-02,5.846650258721423216e-02,5.629408567289740928e-01,2.287363717723915890e-01,-1.676740511021016233e-01,1.193847990983026158e-01,7.147753407886408006e-01,3.395989090436455360e-01,5.373435796375918283e-01,-8.772524752433767670e-02,1.421894935298239071e-01,1.412175951800892781e-01,2.588090817209834915e-01,-2.135470023627123182e-01,-2.065228111225091423e-01
4.801276941980980317e-01,3.970269626277362907e-01,2.910096338525200999e-01,-4.783557579619698297e-01,4.559541744290060983e-01,4.357727005528791997e-01,-4.629715331312997395e-02,-1.174204177543337196e-01,1.859464702025480087e-01,3.389052753276567964e-01,6.512414563859587890e-02,1.642886044364307574e-01,-2.056769587499523988e-01,3.767288960224687844e-01,-1.335521644233389760e-01,4.716178870107141097e-01,4.042521753245426619e-01,2.176609109305955095e-02,1.802380184435919790e-03,-1.500289136914306765e-01,-5.586429969011688125e-03,2.453481265639908260e-01,1.000000000000000000e+00,3.320768999634357566e-01,5.720747126431126039e-01,1.599311233078048733e-01,3.565781655447082255e-01,-6.570266002957680929e-02,1.218095869491368777e-02,5.016019370080253559e-01,3.838514979914708913e-01,6.140725597614765663e-01,4.273753905709163359e-01,4.354657729930538207e-02,3.406502151951243396e-01,1.539954938450904531e-01,4.189970602851311732e-01,3.189236068304721061e-01,2.765793288231373492e-01
2.106660992428885104e-01,-5.454777646478926878e-02,3.594550354366957134e-01,-1.241099697766773341e-01,2.659024079306114285e-01,5.206355526811112799e-01,-1.007627549784631815e-01,-8.632411008739640512e-02,8.400618706608273256e-02,4.094927358571041620e-01,4.486244074097989754e-01,-2.665394480484283846e-01,-1.572766649352324853e-01,4.739413960416046789e-01,-2.447720470124625097e-02,4.843029256975235342e-01,1.786439530770806972e-01,3.350966006633347011e-02,-2.506701889293626029e-01,2.797865974508620956e-01,1.294951920995609795e-01,-6.494370667704336963e-02,3.320768999634357566e-01,1.000000000000000000e+00,6.003961231099402829e-01,4.493541268880887896e-01,1.261468747610279897e-02,3.164471333937370345e-01,5.725040857582435194e-01,2.394249852199094031e-01,2.615780989308923860e-02,2.768776516796329079e-01,2.828846372608135873e-01,-1.936368455730843596e-01,6.264652323629206210e-01,-3.664891259883023555e-01,5.360758681420649818e-01,3.511057136683011781e-01,-9.413597205457956141e-02
4.376539011274251378e-01,2.283653510092363281e-01,4.418269492773463369e-01,-3.438443075737994681e-01,5.164998597247013601e-01,4.732882934545650233e-01,-1.920120110342156128e-01,-2.938648306035706592e-01,2.858574946438566800e-01,5.210615498515740462e-01,2.924116026945076663e-01,3.500839797374951279e-04,-4.182030149793219409e-01,5.607730669721308070e-01,4.373736269524191450e-02,5.461143968838156892e-01,2.060698260603815168e-01,1.320524238946997608e-01,-1.380115829039028352e-01,1.495942122735443580e-01,3.525783442300175347e-02,1.544690571965242308e-02,5.720747126431126039e-01,6.003961231099402829e-01,1.000000000000000000e+00,4.416689651212507006e-01,1.659381364321645402e-01,1.719808108782582556e-01,5.372876931834218439e-01,5.409999218756912365e-01,1.757882152788030061e-01,3.453737031612862385e-01,3.945440955262961014e-01,-7.500635472406476205e-03,5.692498313265532683e-01,-1.669127762763448208e-01,4.534772986694854957e-01,5.197992785939965499e-01,2.485884906317219478e-01
3.659775259271312309e-01,-9.228033387314393821e-02,3.836817927920201377e-01,-5.633743361915313774e-02,5.087860437024452898e-01,2.464036760745062504e-01,-1.363111047611418047e-01,-2.402455670182725156e-01,6.087144533235161470e-02,6.094701599931837688e-01,3.463656023323499200e-01,-1.463829328165793531e-01,-2.746747928617744305e-01,4.585182485910608285e-01,1.897201072111426579e-01,5.305168774468967952e-01,2.749692022958641902e-01,1.213643538008041950e-01,4.425977327178644283e-02,2.375331625344825892e-01,2.216873339354328565e-01,5.846650258721423216e-02,1.599311233078048733e-01,4.493541268880887896e-01,4.416689651212507006e-01,1.000000000000000000e+00,2.618470782118971218e-01,6.510455705146193095e-01,5.547036163484434512e-01,3.232074098987338662e-01,1.121755277972954351e-01,4.920883477864533562e-02,4.063335172941006657e-01,1.662690033162498096e-02,4.708844336093965244e-01,-3.141797896514995081e-01,2.808526511743733023e-01,4.587616894504318310e-01,-1.774099100512871174e-01
2.296836435158615963e-01,1.549931116188015823e-01,2.407782332053923224e-01,4.824898268794265699e-02,3.656627805209678450e-01,9.141369618241797224e-02,4.571358617559700965e-01,-1.563061637650925706e-01,-9.556829862922475161e-02,2.576981821611942225e-01,3.104074226366880795e-01,2.021451222496507827e-01,5.257037295645675817e-02,2.774570194556762459e-01,-8.740204704262879987e-02,2.980179950072203710e-01,3.066695556871263384e-01,2.584128871181672893e-01,3.890519824764377965e-01,-8.568622891951825638e-02,3.939979259205485529e-01,5.629408567289740928e-01,3.565781655447082255e-01,1.261468747610279897e-02,1.659381364321645402e-01,2.618470782118971218e-01,1.000000000000000000e+00,1.990662276571280587e-01,-3.791583420642000157e-02,2.613019607100357522e-01,7.294539376493777150e-01,5.219654775074975550e-01,5.533653943883647397e-01,6.468295789295881726e-02,1.898655981717633778e-01,2.989986190025548662e-01,3.389725034959003569e-01,-1.361537339535389413e-01,6.858077170510280818e-02
2.955765668112933509e-01,-2.676041989830446610e-01,3.002973493901681667e-01,3.157390443223328513e-01,3.101225749800675113e-01,1.774784307166240027e-01,2.401706938240412148e-01,-1.345007351378267602e-01,-6.901041015578272819e-02,5.073781108182585653e-01,3.498875854867046220e-01,-2.655296447275795058e-01,-2.484380725736075671e-02,3.863534434835538822e-01,1.619288410636171016e-01,4.272704274711459638e-01,7.202936053768702052e-02,1.754609121619253309e-01,1.117544800637904068e-01,4.310245987225286846e-01,5.192503000642636479e-01,2.287363717723915890e-01,-6.570266002957680929e-02,3.164471333937370345e-01,1.719808108782582556e-01,6.510455705146193095e-01,1.990662276571280587e-01,1.000000000000000000e+00,5.385369431944940777e-01,9.701697502185695210e-02,2.200187328903449036e-01,-2.264015010811836967e-03,4.540400473970130357e-01,4.343539296645578668e-02,4.365694757306753937e-01,-2.851946079041715598e-01,3.063795379728493917e-01,2.897478911497650689e-01,-3.446269861122536748e-01
2.555018576259250884e-01,-1.248498317575622886e-02,4.882540224638409754e-01,1.779447029975941008e-01,3.536881225835758480e-01,2.802215153653579982e-01,-5.030590107034241948e-02,-2.840301468973874255e-01,2.865967160259519364e-01,4.741415871664479420e-01,4.283537096750360540e-01,-1.604955118278250104e-01,-3.079477971825905214e-01,6.168689020070697859e-01,2.322411139225812882e-01,4.460782792306261513e-01,-1.015356123307841196e-01,2.289998658389988118e-01,-1.661463893907686173e-01,5.660413133438182420e-01,2.493950762279526223e-01,-1.676740511021016233e-01,1.218095869491368777e-02,5.725040857582435194e-01,5.372876931834218439e-01,5.547036163484434512e-01,-3.791583420642000157e-02,5.385369431944940777e-01,1.000000000000000000e+00,2.840738744207398914e-01,-8.196806728496373526e-03,3.577557060251181781e-02,3.234334537517806196e-01,7.455536893044639735e-02,6.040879847437595762e-01,-3.305122119696558558e-01,4.067572881548621733e-01,4.283241411908484397e-01,-6.987254782773998649e-04
4.466251884609865885e-01,4.640318796715638405e-01,5.515959900215439138e-01,-2.588335733495307212e-01,6.743389903584731115e-01,1.368312324144440595e-01,-1.323461007782646692e-01,-3.610482975258049732e-01,5.679520130130605304e-01,5.604256248505842253e-01,-3.845486275944193927e-02,3.836463794080147149e-01,-5.071023616240956100e-01,5.695563623278925292e-01,3.567476303339886523e-01,6.032430197245657322e-01,1.143932806726580820e-01,5.025356432261741668e-01,2.772678751134346475e-01,1.493865516739281141e-01,1.047541057112936908e-01,1.193847990983026158e-01,5.016019370080253559e-01,2.394249852199094031e-01,5.409999218756912365e-01,3.232074098987338662e-01,2.613019607100357522e-01,9.701697502185695210e-02,2.840738744207398914e-01,1.000000000000000000e+00,2.311781700487332836e-01,2.613137816017478410e-01,3.686540877904490587e-01,3.776826095241618830e-01,2.758365795155104383e-01,2.395338896683896213e-01,2.011690785628810485e-01,4.313836957320479892e-01,5.119113730354299951e-01
2.713684142997444537e-01,1.530398151220251357e-01,2.024422285152674972e-01,9.003299270782857966e-02,2.892961765755558967e-01,1.951627020820549951e-01,6.084206907503808548e-01,-1.586292220337841841e-01,-1.680939181593719967e-01,2.614192179740468802e-01,3.756843379914520664e-01,9.205664925194789391e-03,4.671717065185349016e-02,2.448598650708990188e-01,-3.018154854461141956e-01,2.736542952058214073e-01,2.566536736643446059e-01,1.991657241267106859e-01,2.913236108299130933e-01,-1.191177663303581852e-01,4.795002175238501918e-01,7.147753407886408006e-01,3.838514979914708913e-01,2.615780989308923860e-02,1.757882152788030061e-01,1.121755277972954351e-01,7.294539376493777150e-01,2.200187328903449036e-01,-8.196806728496373526e-03,2.311781700487332836e-01,1.000000000000000000e+00,5.523954416109404519e-01,6.597923197459596434e-01,1.645666548217196846e-04,2.698384143858638118e-01,2.345217858884842965e-01,4.308201182528151318e-01,-1.590664236972720857e-01,-2.793898948071007679e-02
2.639010622183982635e-01,2.078787953069157757e-01,2.257393643280972417e-01,-2.693022381432926826e-01,1.951215107015729644e-01,5.668357044168954584e-01,2.269730777014961065e-01,4.404104662881289101e-02,-5.473855368279550992e-02,1.986975504637896184e-01,3.142142285969078408e-01,-4.859268293912563652e-02,1.668327697520930741e-01,4.116550951483681775e-01,-3.714246325902354484e-01,3.736367511743751701e-01,3.035390511538247904e-01,-4.873187124065139070e-02,-9.205908891673443561e-02,-2.757520489658863913e-02,2.424995043589971422e-01,3.395989090436455360e-01,6.140725597614765663e-01,2.768776516796329079e-01,3.453737031612862385e-01,4.920883477864533562e-02,5.219654775074975550e-01,-2.264015010811836967e-03,3.577557060251181781e-02,2.613137816017478410e-01,5.523954416109404519e-01,1.000000000000000000e+00,5.195390746226599132e-01,-1.922745405718172540e-01,4.851037302684345631e-01,1.858327338010029861e-01,7.064408744608808854e-01,7.965508774395999025e-02,5.544116807708745348e-02
3.149382940996089397e-01,4.085289538973479323e-02,4.560115589674634262e-01,-2.096850244546095976e-02,4.741412553823589060e-01,3.997578266758766707e-01,3.047341082792504596e-01,-1.865641096187067860e-01,-3.351395069633848756e-02,5.116753966388135622e-01,3.844808529318016754e-01,-8.490609512204834453e-02,-1.741546291691166426e-01,5.188117532596854264e-01,-1.190806061966182133e-01,5.018202076430774428e-01,2.032376077296408068e-01,1.536384812034107816e-01,1.867647377019364119e-01,1.659076509471790750e-01,5.036394031043039954e-01,5.373435796375918283e-01,4.273753905709163359e-01,2.828846372608135873e-01,3.945440955262961014e-01,4.063335172941006657e-01,5.533653943883647397e-01,4.540400473970130357e-01,3.234334537517806196e-01,3.686540877904490587e-01,6.597923197459596434e-01,5.195390746226599132e-01,1.000000000000000000e+00,4.866590504174635873e-02,5.170599239617795773e-01,-8.113682429240275801e-03,6.067563508534017380e-01,1.686222900896720001e-01,-8.905207315697941106e-02
2.507997918549181859e-01,4.692562848909277995e-01,3.996287221169003145e-01,2.038925720336059733e-01,4.537879217524855568e-01,-4.774112594533878040e-01,2.740870789860041026e-02,-3.872490055146906585e-01,6.840100531389182725e-01,1.143215972988727985e-01,-3.513753712113981131e-01,6.898495605474215253e-01,-4.400765808591041162e-01,2.490416367692943056e-01,6.611733249029513315e-01,1.137010613409723953e-01,-1.795207817021981789e-01,5.578248608033803402e-01,4.678877935594048521e-01,2.668144020962550655e-01,-2.008261316644553013e-02,-8.772524752433767670e-02,4.354657729930538207e-02,-1.936368455730843596e-01,-7.500635472406476205e-03,1.662690033162498096e-02,6.468295789295881726e-02,4.343539296645578668e-02,7.455536893044639735e-02,3.776826095241618830e-01,1.645666548217196846e-04,-1.922745405718172540e-01,4.866590504174635873e-02,1.000000000000000000e+00,-2.582788408745082531e-01,3.716478825013990739e-01,-2.846280904281900948e-01,6.207658897757318411e-02,5.769957611246026019e-01
3.238079568177893441e-01,-5.802162965506574288e-02,3.789991296406766685e-01,-1.152017182653246735e-01,2.709610716203057490e-01,7.020063321586610394e-01,1.358054831991433245e-02,2.709151392860357013e-02,-1.986852445756782069e-03,5.589025641942467759e-01,4.681034482341489555e-01,-3.661602208511774981e-01,-3.936441367602511870e-02,6.071607507767742273e-01,-1.949288731721810219e-01,6.114846852191961890e-01,2.372674739924434534e-02,-3.417378797544752544e-02,-2.642155809237857755e-01,2.953177973272041457e-01,2.753842454859525835e-01,1.421894935298239071e-01,3.406502151951243396e-01,6.264652323629206210e-01,5.692498313265532683e-01,4.708844336093965244e-01,1.898655981717633778e-01,4.365694757306753937e-01,6.040879847437595762e-01,2.758365795155104383e-01,2.698384143858638118e-01,4.851037302684345631e-01,5.170599239617795773e-01,-2.582788408745082531e-01,1.000000000000000000e+00,-2.886806306175016545e-01,7.568266696669879723e-01,4.011851544263718150e-01,-1.743046131150846889e-01
2.204220574838929581e-01,5.818219962227048070e-01,-1.753093113412443555e-03,1.500352676198721813e-01,3.629154496822661197e-02,-3.140035930694841104e-01,2.901180993868569535e-01,-7.666265264701731252e-02,2.688416394732003334e-01,-9.378734739348862370e-02,-2.140971283784474100e-01,4.978741003137632237e-01,1.659966906524025856e-02,9.668031225209335056e-02,8.598312197052414285e-02,2.432339336042864397e-02,3.956650575824535027e-02,2.593623362368816521e-01,2.072105333103392566e-01,-1.291507203477336441e-01,2.897041436767576125e-02,1.412175951800892781e-01,1.539954938450904531e-01,-3.664891259883023555e-01,-1.669127762763448208e-01,-3.141797896514995081e-01,2.989986190025548662e-01,-2.851946079041715598e-01,-3.305122119696558558e-01,2.395338896683896213e-01,2.345217858884842965e-01,1.858327338010029861e-01,-8.113682429240275801e-03,3.716478825013990739e-01,-2.886806306175016545e-01,1.000000000000000000e+00,-1.740343318625285352e-01,-1.532443154687162246e-01,4.964705312743522003e-01
2.100266069319088602e-01,-9.553946406652306933e-02,3.471998299181023873e-01,-1.401274352396829626e-01,2.037932302807113627e-01,7.214991793503435780e-01,1.544136274615983406e-01,6.642367966209161700e-02,-1.016038450777024815e-01,4.020421301044119211e-01,4.525539632807047963e-01,-3.367124008866413942e-01,1.430033396991413908e-01,5.388284341887984441e-01,-3.010882185771029951e-01,4.892948643229502736e-01,8.942721742989657996e-02,-6.637212737881392766e-02,-1.720316596642001705e-01,2.749581696100896200e-01,3.827740066950899855e-01,2.588090817209834915e-01,4.189970602851311732e-01,5.360758681420649818e-01,4.534772986694854957e-01,2.808526511743733023e-01,3.389725034959003569e-01,3.063795379728493917e-01,4.067572881548621733e-01,2.011690785628810485e-01,4.308201182528151318e-01,7.064408744608808854e-01,6.067563508534017380e-01,-2.846280904281900948e-01,7.568266696669879723e-01,-1.740343318625285352e-01,1.000000000000000000e+00,2.427068754128887673e-01,-1.912828352353312944e-01
4.753365291387182112e-01,9.777133132300762364e-02,3.084756933395724210e-01,-3.457394738121871702e-01,3.835648393225362662e-01,3.287888284326473398e-01,-4.113335079648486325e-01,-1.361896862921911089e-01,2.968325349605521191e-01,5.340048938541862578e-01,3.376867535788815461e-02,-9.334612856468617326e-02,-2.488629750221800496e-01,4.291420384730406656e-01,1.985396909640482210e-01,5.130127440961378404e-01,9.523541767410792502e-02,2.540691386721100065e-02,-1.834163116053497411e-01,2.945854384445501517e-01,7.035371830223612066e-02,-2.135470023627123182e-01,3.189236068304721061e-01,3.511057136683011781e-01,5.197992785939965499e-01,4.587616894504318310e-01,-1.361537339535389413e-01,2.897478911497650689e-01,4.283241411908484397e-01,4.313836957320479892e-01,-1.590664236972720857e-01,7.965508774395999025e-02,1.686222900896720001e-01,6.207658897757318411e-02,4.011851544263718150e-01,-1.532443154687162246e-01,2.427068754128887673e-01,1.000000000000000000e+00,1.576294784322923859e-01
2.542264810493691796e-01,6.799959800938092380e-01,3.314103516902563995e-01,-1.153899338728527485e-01,3.774266300833489240e-01,-2.815878483767415563e-01,-1.125069973057406247e-01,-3.549887257784690164e-01,7.119090160090454367e-01,8.016836172891657342e-02,-3.016734383734646641e-01,7.273727763549724390e-01,-4.207408387831924612e-01,3.079215240044139157e-01,4.618078035196588327e-01,1.557729682001544602e-01,-8.874939481142697650e-02,5.102562005712731885e-01,2.290330814709530816e-01,1.044831636470667652e-01,-1.817467165192302170e-01,-2.065228111225091423e-01,2.765793288231373492e-01,-9.413597205457956141e-02,2.485884906317219478e-01,-1.774099100512871174e-01,6.858077170510280818e-02,-3.446269861122536748e-01,-6.987254782773998649e-04,5.119113730354299951e-01,-2.793898948071007679e-02,5.544116807708745348e-02,-8.905207315697941106e-02,5.769957611246026019e-01,-1.743046131150846889e-01,4.964705312743522003e-01,-1.912828352353312944e-01,1.576294784322923859e-01,1.000000000000000000e+00
