1.000000000000000000e+00,4.584668909498380573e-01,4.593329540273912159e-01,3.511334794290599248e-01,4.608017494153002214e-01,-3.292287403170748861e-01,-2.687858998021532692e-02,-2.565737141298972124e-01,6.978440924666604595e-01,6.187650528955457307e-01,-3.486486378547469234e-01,4.059217728655173385e-01,-4.717984606418212934e-01,3.317628353152909937e-01,5.539867521037893372e-01,6.917534125144191304e-01,-4.039472174160576023e-01,5.285078716414176592e-01,4.546012076089487874e-01,3.328108504005426460e-01,2.803977884274768129e-01,5.124586802865315205e-01,-2.744508847833330156e-01,1.916078601880637331e-04,-2.695710664413920044e-01,2.295700226713596748e-01,-1.279436406331187770e-01,1.051746623047600943e-01,-4.365132719341831974e-02,6.578775122114282059e-01,4.724772235811267040e-01,4.962380454690874104e-02,2.390104658845850216e-01,6.184649277130098710e-01,-1.161461706637228752e-01,4.428072261775122670e-02,-1.036239577287606795e-01,7.880219768892392507e-01,7.396104536107988014e-01
4.584668909498380573e-01,1.000000000000000000e+00,3.195447497692985306e-02,-2.056384756392102275e-01,3.574834869505907897e-02,2.820854294551575214e-01,-4.375603797687683261e-01,4.465057295741794996e-02,2.158851785957109082e-01,1.014627763306179820e-01,2.804727849035871245e-01,-1.767696538132490780e-01,-2.174073121267818542e-01,4.761607515347732189e-01,-2.759318454465631981e-02,3.649862480153630573e-01,2.360353349575856075e-01,-8.055765628698767500e-02,-1.694747071425670160e-01,-2.694998134021688863e-01,6.310601735097439713e-01,4.605346567537048630e-01,3.470071221087620561e-01,3.809702351647562546e-01,3.458077563490567496e-01,-5.204349318490083393e-02,-1.318183615963525179e-01,-3.842314989069486875e-01,3.140220375890688809e-01,6.461135483689781078e-02,3.606039868016768790e-01,6.374437919827765642e-01,5.797616068200096562e-01,2.185104653081343662e-01,3.687668845214309155e-01,5.766427603410709812e-01,4.374142825942347601e-01,3.107900782403286710e-01,4.508385944189401973e-01
4.593329540273912159e-01,3.195447497692985306e-02,1.000000000000000000e+00,6.654343660711715680e-01,7.313043104687217966e-01,-6.592253521724735776e-01,5.173826379640484863e-01,-8.008348897052729454e-01,6.316989398027648139e-01,6.898122357913153424e-01,-6.563489964773723262e-01,6.864124780120174352e-01,-1.373061757334660959e-01,9.722082839129651821e-02,6.611704827681635921e-01,4.253880382315888831e-01,-6.563622662857757639e-01,7.320577224277965422e-01,7.268058493601678993e-01,6.767469809475383791e-01,4.667609353183718029e-02,4.042326873672847376e-01,-5.905695043291203650e-01,-3.358273104324487335e-01,-6.067381741229609382e-01,3.311308310245702491e-01,2.070214834069636634e-01,5.357372185225784955e-01,-3.665045899799987961e-01,6.704032487792764838e-01,4.521508743573875999e-01,-2.996634543336846868e-01,1.431341176441759677e-01,6.499421800699712870e-01,-3.970674715927772214e-01,-2.022571556685824334e-01,-4.214346856689665799e-01,5.260770837177553005e-01,5.592849151800413088e-01
3.511334794290599248e-01,-2.056384756392102275e-01,6.654343660711715680e-01,1.000000000000000000e+00,6.820673032079282994e-01,-8.106658213383483025e-01,6.570806001407966113e-01,-5.101989055128787198e-01,6.876922009972685768e-01,7.437262710394014764e-01,-8.134154675010626390e-01,8.231524145125692637e-01,-2.256978537373255655e-01,-1.443401949272908880e-01,7.301987268425714772e-01,3.391541890940358295e-01,-8.137426672629536339e-01,8.168748175742259754e-01,8.132977154261529229e-01,7.992426980781072166e-01,-2.539434096377517491e-01,2.907414422407697541e-01,-8.054714277486731966e-01,-5.694171030257962896e-01,-8.159530113694942743e-01,2.289244226670840709e-01,1.772134250545325529e-01,5.761141957952348180e-01,-6.242261284471384286e-01,7.413866872877294956e-01,2.890089360213361491e-01,-5.276909119841844964e-01,-2.577810025491588664e-01,6.532541751000775498e-01,-6.468102982428900471e-01,-5.338205472914598904e-01,-6.927880196886411213e-01,5.337206489580864632e-01,4.987659704923729787e-01
4.608017494153002214e-01,3.574834869505907897e-02,7.313043104687217966e-01,6.820673032079282994e-01,1.000000000000000000e+00,-6.192494708731937081e-01,5.968534958564036819e-01,-6.771974158672070532e-01,6.158012666802796797e-01,7.056595254666014894e-01,-6.346969220722062932e-01,6.685556403928752944e-01,-5.017921783734348440e-02,2.379940607150488885e-01,5.958471901496129597e-01,4.698256946409591905e-01,-6.077643670353642946e-01,7.321662231811449928e-01,7.116505792968930155e-01,6.478392727393704753e-01,-1.026710128801825578e-01,2.714285087012893727e-01,-6.040951665621613342e-01,-3.812479569027263371e-01,-5.977761416705423825e-01,5.410172317259287489e-01,3.819636227166561815e-01,6.497247287117702275e-01,-2.702319639461189249e-01,6.745352828547492852e-01,6.182345798174616602e-01,-1.825089807607670478e-01,1.357733948350396125e-01,6.635555546010306616e-01,-4.460716873033823693e-01,-1.554353557005017372e-01,-4.303450887695701166e-01,4.954715051527783798e-01,5.522886956919359491e-01
-3.292287403170748861e-01,2.820854294551575214e-01,-6.592253521724735776e-01,-8.106658213383483025e-01,-6.192494708731937081e-01,1.000000000000000000e+00,-6.213461181369017705e-01,5.177722164428774088e-01,-6.713643393433338380e-01,-7.146462455580662176e-01,8.572550504723450704e-01,-8.235216048120064247e-01,2.639009697153623657e-01,2.586806594162444628e-01,-7.392112934460896012e-01,-2.458907530949600850e-01,8.479776489746014834e-01,-8.111938874654689435e-01,-8.211872193904248274e-01,-8.015518676224919759e-01,3.614379933964632086e-01,-1.647651928100204444e-01,8.396249857663843352e-01,6.309788076117208711e-01,8.480583399552132917e-01,-2.346336430177616839e-01,-1.266329359167068791e-01,-6.070758967600531353e-01,6.677228761230656895e-01,-7.233704639587099638e-01,-2.583063173107139621e-01,6.369721336188195471e-01,3.680528200951209139e-01,-6.175678643377287003e-01,6.488770820274226692e-01,5.841296820332541051e-01,7.279589613501359358e-01,-5.200336039179374037e-01,-4.852959155531772484e-01
-2.687858998021532692e-02,-4.375603797687683261e-01,5.173826379640484863e-01,6.570806001407966113e-01,5.968534958564036819e-01,-6.213461181369017705e-01,1.000000000000000000e+00,-5.331799363168746586e-01,2.623773917327843486e-01,4.449677221479703682e-01,-6.244740935745828336e-01,6.179564510921713438e-01,3.119465360873526216e-01,-8.184982620780828499e-02,3.535881771353370229e-01,1.636873204701127030e-02,-5.751285778929380310e-01,5.571919118137124149e-01,6.149953667992305029e-01,6.797252157397772887e-01,-4.412108843846758166e-01,-3.143005583756697859e-03,-6.601338312242945872e-01,-5.370170667834286427e-01,-6.571235787955043151e-01,3.665504155077981552e-01,5.093514976443471731e-01,6.799684408957663573e-01,-4.099926036833277943e-01,3.827089837717785326e-01,2.878638159059874746e-01,-4.162048630831156060e-01,-2.307120249211843666e-01,3.011260532006521662e-01,-4.968707674786730921e-01,-3.956067419204905011e-01,-5.068824224311491156e-01,6.302050435883080337e-02,6.068990418647593477e-02
-2.565737141298972124e-01,4.465057295741794996e-02,-8.008348897052729454e-01,-5.101989055128787198e-01,-6.771974158672070532e-01,5.177722164428774088e-01,-5.331799363168746586e-01,1.000000000000000000e+00,-3.973932978171061947e-01,-4.847352817163929628e-01,5.150928701136879839e-01,-5.118081772472670155e-01,-5.486781859360500418e-02,-1.276681207885015934e-01,-4.456987823503533175e-01,-2.333914305871661321e-01,4.850930925800185367e-01,-5.659361514167580154e-01,-5.720266684938931645e-01,-5.446304963790629117e-01,3.068787445973163511e-02,-1.780736634626337023e-01,4.705482750847556628e-01,3.048335143545971571e-01,4.767993552382631672e-01,-3.925374074912274525e-01,-3.052755763311969517e-01,-5.659941781621631307e-01,2.204858314191675828e-01,-4.550386779525043002e-01,-4.233801408672651645e-01,2.308401085473743841e-01,-1.807066005553888965e-01,-4.467672322604888113e-01,2.898124956491556770e-01,1.072654109331870886e-01,3.161197479084610351e-01,-2.693111611109669234e-01,-3.401143997243993855e-01
6.978440924666604595e-01,2.158851785957109082e-01,6.316989398027648139e-01,6.876922009972685768e-01,6.158012666802796797e-01,-6.713643393433338380e-01,2.623773917327843486e-01,-3.973932978171061947e-01,1.000000000000000000e+00,8.120696358613581634e-01,-6.713923724759912615e-01,7.137516237854055756e-01,-5.297303667251607173e-01,1.567191253202379966e-02,7.938525532694630238e-01,5.863119594699093273e-01,-7.085213092835142001e-01,7.847173004044282196e-01,7.312485213485370172e-01,6.191700837821577652e-01,4.248969227123068626e-02,4.900175495707694284e-01,-6.223494208651352277e-01,-3.586211709430312533e-01,-6.294883190783705507e-01,1.650298862091147956e-01,-6.778421490787955861e-02,3.127886011747736394e-01,-4.673326658135934508e-01,8.359079985940656154e-01,4.043882166666571965e-01,-2.841957830146041308e-01,-3.893189991676239414e-02,7.889359244084267475e-01,-4.862924505080722937e-01,-3.110179327450874331e-01,-5.080002988368029770e-01,8.210052336443788290e-01,8.093983733603565822e-01
6.187650528955457307e-01,1.014627763306179820e-01,6.898122357913153424e-01,7.437262710394014764e-01,7.056595254666014894e-01,-7.146462455580662176e-01,4.449677221479703682e-01,-4.847352817163929628e-01,8.120696358613581634e-01,1.000000000000000000e+00,-7.173369651572496508e-01,7.920299300414795907e-01,-3.212820803212108611e-01,8.159115563073292277e-02,7.932533679669777626e-01,6.189051455092898779e-01,-7.414681272145483559e-01,8.200704614790954583e-01,8.028016535986969293e-01,6.999723873422378784e-01,-2.787553492320046788e-02,4.907643123704436561e-01,-6.689632755192745917e-01,-3.555855442727078319e-01,-6.778921516793767754e-01,2.991000552183252781e-01,1.833932438045342561e-01,4.361012583116456454e-01,-4.606425366339917948e-01,8.453051994026604676e-01,4.940340208638540065e-01,-2.922163835900306039e-01,-2.831209402431442493e-02,7.505918459762063177e-01,-5.311379785287559940e-01,-3.032733774534812077e-01,-5.206345096436542086e-01,7.418066357281110079e-01,7.405405885515048414e-01
-3.486486378547469234e-01,2.804727849035871245e-01,-6.563489964773723262e-01,-8.134154675010626390e-01,-6.346969220722062932e-01,8.572550504723450704e-01,-6.244740935745828336e-01,5.150928701136879839e-01,-6.713923724759912615e-01,-7.173369651572496508e-01,1.000000000000000000e+00,-8.112623730665659005e-01,2.723784151300299161e-01,2.197788507763993038e-01,-7.253824686774665853e-01,-2.768048282920315128e-01,8.578515141241106479e-01,-8.133870383813814886e-01,-8.206681632487067279e-01,-7.932206775786954100e-01,3.360310402430534138e-01,-1.812722154474677994e-01,8.329396227969081412e-01,6.038862270951196320e-01,8.429444649679940227e-01,-2.468028187907731763e-01,-1.056303410345098420e-01,-6.027703853604516882e-01,6.389142097605982062e-01,-7.295373896262468127e-01,-2.528141600149653168e-01,6.315943009629026994e-01,3.442900078990884793e-01,-6.141966839571492143e-01,6.413010867147562744e-01,5.725238105248574572e-01,7.271602054362279466e-01,-5.246438008860079272e-01,-4.830504947558093010e-01
4.059217728655173385e-01,-1.767696538132490780e-01,6.864124780120174352e-01,8.231524145125692637e-01,6.685556403928752944e-01,-8.235216048120064247e-01,6.179564510921713438e-01,-5.118081772472670155e-01,7.137516237854055756e-01,7.920299300414795907e-01,-8.112623730665659005e-01,1.000000000000000000e+00,-1.851309698345278421e-01,-1.492410646680479291e-01,7.886451393719431380e-01,3.834345265482309029e-01,-8.138179770767749455e-01,8.246795594702576171e-01,8.427639279472806111e-01,7.988707752547313801e-01,-2.560477055060251805e-01,3.387440193263011601e-01,-7.943623825135279759e-01,-5.357554243708027020e-01,-8.070084458981375830e-01,2.665910274247482170e-01,2.237251892973768086e-01,5.713455100176259016e-01,-6.039649331685162936e-01,7.769913172405932267e-01,3.426278500903125468e-01,-4.975023244776003439e-01,-2.347703973978728931e-01,6.811870867815954522e-01,-6.427110286802441008e-01,-4.926637611266743710e-01,-6.647801474955460366e-01,5.841978157980242115e-01,5.621753565209326453e-01
-4.717984606418212934e-01,-2.174073121267818542e-01,-1.373061757334660959e-01,-2.256978537373255655e-01,-5.017921783734348440e-02,2.639009697153623657e-01,3.119465360873526216e-01,-5.486781859360500418e-02,-5.297303667251607173e-01,-3.212820803212108611e-01,2.723784151300299161e-01,-1.851309698345278421e-01,1.000000000000000000e+00,1.776472772453173143e-01,-4.335114647143652467e-01,-3.035549950021197430e-01,3.260102762455431846e-01,-3.181900426364763224e-01,-2.200094987401501889e-01,-1.323472755352428365e-01,-1.333282436512071290e-01,-1.879790171317288761e-01,2.215376833877532592e-01,1.331168754084894601e-01,2.236112869961497385e-01,2.038712801049867851e-01,5.748321952283839131e-01,1.375546067571669362e-01,3.254521403243463840e-01,-4.300454121104925198e-01,6.765169943468540836e-02,2.795767453465804464e-01,1.982138809420401770e-01,-3.842272827796587853e-01,2.028487710121598675e-01,2.783051065400211077e-01,3.029154322633157981e-01,-5.861118947051641159e-01,-5.231738501193951008e-01
3.317628353152909937e-01,4.761607515347732189e-01,9.722082839129651821e-02,-1.443401949272908880e-01,2.379940607150488885e-01,2.586806594162444628e-01,-8.184982620780828499e-02,-1.276681207885015934e-01,1.567191253202379966e-02,8.159115563073292277e-02,2.197788507763993038e-01,-1.492410646680479291e-01,1.776472772453173143e-01,1.000000000000000000e+00,-1.287039892328246116e-01,4.129221944782223708e-01,2.118975398827866452e-01,-5.395793139470057148e-02,-9.309453510251916586e-02,-1.470952057936573687e-01,4.241907247912775070e-01,2.888925226356076070e-01,3.068224109017976819e-01,4.923762217056939505e-01,3.061465605509660626e-01,3.711654014263728318e-01,2.880537118897045779e-01,-5.057938501223249207e-03,5.402631784884719401e-01,8.900863793268605495e-03,5.274124371265680455e-01,5.365372065887631381e-01,6.414557716386163344e-01,8.290871831331209085e-02,4.051080105452179447e-01,5.655536160918714916e-01,4.836940147320625827e-01,9.625198434778077516e-02,1.482233934594094638e-01
5.539867521037893372e-01,-2.759318454465631981e-02,6.611704827681635921e-01,7.301987268425714772e-01,5.958471901496129597e-01,-7.392112934460896012e-01,3.535881771353370229e-01,-4.456987823503533175e-01,7.938525532694630238e-01,7.932533679669777626e-01,-7.253824686774665853e-01,7.886451393719431380e-01,-4.335114647143652467e-01,-1.287039892328246116e-01,1.000000000000000000e+00,5.353377785901458630e-01,-7.606841442286296218e-01,7.906428548283527258e-01,7.838745710939241107e-01,6.644781107346782179e-01,-8.771900510592582634e-02,4.209032919054010446e-01,-6.801283368120246697e-01,-3.905711684868763967e-01,-7.006074286235117743e-01,1.614929495859171449e-01,4.584836392998770690e-04,4.039037906324272065e-01,-5.646209934572928857e-01,8.230079630882255470e-01,2.743280406982578357e-01,-4.508373116080461873e-01,-1.442471331227608289e-01,7.413489973406430789e-01,-5.791525496844267540e-01,-4.450723332544562760e-01,-6.053526487898656105e-01,7.362458818709449737e-01,6.955248984023705283e-01
6.917534125144191304e-01,3.649862480153630573e-01,4.253880382315888831e-01,3.391541890940358295e-01,4.698256946409591905e-01,-2.458907530949600850e-01,1.636873204701127030e-02,-2.333914305871661321e-01,5.863119594699093273e-01,6.189051455092898779e-01,-2.768048282920315128e-01,3.834345265482309029e-01,-3.035549950021197430e-01,4.129221944782223708e-01,5.353377785901458630e-01,1.000000000000000000e+00,-3.368491097492529174e-01,4.677692397777166167e-01,4.235623685683142514e-01,2.788289876675800194e-01,3.737521961666515624e-01,5.903984983611644255e-01,-1.797916475898966859e-01,1.739366846128412303e-01,-2.025692553119306794e-01,2.703207624302882417e-01,7.144673104605431257e-02,1.161018769828986580e-01,-7.456903817967825386e-03,6.078053419448581352e-01,4.128735610764528441e-01,1.021586254546986844e-01,3.568557987641930995e-01,5.446215192279897366e-01,-1.416602966558982157e-01,1.093783886846333431e-01,-7.488915618105418393e-02,6.822807174308808120e-01,6.338187005032718258e-01
-4.039472174160576023e-01,2.360353349575856075e-01,-6.563622662857757639e-01,-8.137426672629536339e-01,-6.077643670353642946e-01,8.479776489746014834e-01,-5.751285778929380310e-01,4.850930925800185367e-01,-7.085213092835142001e-01,-7.414681272145483559e-01,8.578515141241106479e-01,-8.138179770767749455e-01,3.260102762455431846e-01,2.118975398827866452e-01,-7.606841442286296218e-01,-3.368491097492529174e-01,1.000000000000000000e+00,-8.194057743423490692e-01,-8.249633752126284136e-01,-7.766844710320106593e-01,2.703523819502298697e-01,-2.523169129762007912e-01,8.158964524008065489e-01,5.587952085827959658e-01,8.290012837879836560e-01,-1.683864890060757791e-01,-5.399547793724735617e-02,-5.232427759471329765e-01,6.497865284823171050e-01,-7.612019669341857364e-01,-2.243110606074853464e-01,6.131561445842336200e-01,3.180675976592507448e-01,-6.350104202978386070e-01,6.238379737269180714e-01,5.680539401979183278e-01,7.097291537702475894e-01,-5.876255983587779230e-01,-5.252917155327910814e-01
5.285078716414176592e-01,-8.055765628698767500e-02,7.320577224277965422e-01,8.168748175742259754e-01,7.321662231811449928e-01,-8.111938874654689435e-01,5.571919118137124149e-01,-5.659361514167580154e-01,7.847173004044282196e-01,8.200704614790954583e-01,-8.133870383813814886e-01,8.246795594702576171e-01,-3.181900426364763224e-01,-5.395793139470057148e-02,7.906428548283527258e-01,4.677692397777166167e-01,-8.194057743423490692e-01,1.000000000000000000e+00,8.499349504643965991e-01,7.875089191454355264e-01,-1.710684534440788107e-01,3.446484911378118188e-01,-7.834672706065897163e-01,-5.229286070163775557e-01,-7.892647811336439556e-01,3.120163948754304251e-01,1.384402753320419510e-01,5.716857439925223661e-01,-5.525254010699883755e-01,8.271888475527950924e-01,4.179565735327934184e-01,-4.709866624319339889e-01,-1.640668468139801495e-01,7.198653959028789018e-01,-6.153078297105507577e-01,-4.442303122752612743e-01,-6.503983274966341765e-01,6.755462452352043456e-01,6.476437622223654156e-01
4.546012076089487874e-01,-1.694747071425670160e-01,7.268058493601678993e-01,8.132977154261529229e-01,7.116505792968930155e-01,-8.211872193904248274e-01,6.149953667992305029e-01,-5.720266684938931645e-01,7.312485213485370172e-01,8.028016535986969293e-01,-8.206681632487067279e-01,8.427639279472806111e-01,-2.200094987401501889e-01,-9.309453510251916586e-02,7.838745710939241107e-01,4.235623685683142514e-01,-8.249633752126284136e-01,8.499349504643965991e-01,1.000000000000000000e+00,7.893159019943570831e-01,-2.207137058539390406e-01,3.212552877370489779e-01,-7.887082380930017234e-01,-5.200078260276878028e-01,-7.952784900528578893e-01,2.927116607434072648e-01,1.922752171382243747e-01,5.797551162441343386e-01,-5.723950584883203963e-01,7.970223746118546559e-01,3.670705238475475696e-01,-5.043735432266276408e-01,-1.866426322362493562e-01,6.696762424786300016e-01,-6.217904727904091100e-01,-4.672672923265026590e-01,-6.523687349737026242e-01,6.131627958892883479e-01,5.835609531335063105e-01
3.328108504005426460e-01,-2.694998134021688863e-01,6.767469809475383791e-01,7.992426980781072166e-01,6.478392727393704753e-01,-8.015518676224919759e-01,6.797252157397772887e-01,-5.446304963790629117e-01,6.191700837821577652e-01,6.999723873422378784e-01,-7.932206775786954100e-01,7.988707752547313801e-01,-1.323472755352428365e-01,-1.470952057936573687e-01,6.644781107346782179e-01,2.788289876675800194e-01,-7.766844710320106593e-01,7.875089191454355264e-01,7.893159019943570831e-01,1.000000000000000000e+00,-2.875063799264052089e-01,2.522768291297634580e-01,-7.964060793707827823e-01,-5.944081512310451787e-01,-7.975605343780145517e-01,3.644592169496495004e-01,2.644684396326912879e-01,6.545929165551996887e-01,-5.530442620064772719e-01,6.874283821034268271e-01,3.471006025471410350e-01,-5.496127477599175304e-01,-2.837490394162552887e-01,5.875499064096657564e-01,-6.108199127269654527e-01,-4.998295067619594745e-01,-6.451815206624276211e-01,4.772036754131491199e-01,4.266736833338908852e-01
2.803977884274768129e-01,6.310601735097439713e-01,4.667609353183718029e-02,-2.539434096377517491e-01,-1.026710128801825578e-01,3.614379933964632086e-01,-4.412108843846758166e-01,3.068787445973163511e-02,4.248969227123068626e-02,-2.787553492320046788e-02,3.360310402430534138e-01,-2.560477055060251805e-01,-1.333282436512071290e-01,4.241907247912775070e-01,-8.771900510592582634e-02,3.737521961666515624e-01,2.703523819502298697e-01,-1.710684534440788107e-01,-2.207137058539390406e-01,-2.875063799264052089e-01,1.000000000000000000e+00,5.951592681744432012e-01,4.372753617568051476e-01,5.302055481155409922e-01,4.107320934046909122e-01,-1.973423230584917532e-01,-2.220771908257488658e-01,-4.472516202459519419e-01,2.973503462894165339e-01,-5.124444858010090975e-02,8.254705275387255736e-02,4.920207591197082730e-01,6.686856053105579845e-01,4.923922689489858978e-02,4.022891824901438929e-01,5.573758307302747461e-01,4.556055273080600876e-01,1.915206629022818130e-01,2.325478686158576613e-01
5.124586802865315205e-01,4.605346567537048630e-01,4.042326873672847376e-01,2.907414422407697541e-01,2.714285087012893727e-01,-1.647651928100204444e-01,-3.143005583756697859e-03,-1.780736634626337023e-01,4.900175495707694284e-01,4.907643123704436561e-01,-1.812722154474677994e-01,3.387440193263011601e-01,-1.879790171317288761e-01,2.888925226356076070e-01,4.209032919054010446e-01,5.903984983611644255e-01,-2.523169129762007912e-01,3.446484911378118188e-01,3.212552877370489779e-01,2.522768291297634580e-01,5.951592681744432012e-01,1.000000000000000000e+00,-9.255275736540322096e-02,1.671495890266063433e-01,-1.326098324353998381e-01,-6.125796857724988276e-02,-2.930535821148110703e-02,-1.056688420415122370e-01,-1.133635329163949906e-01,4.484390576436809717e-01,2.861034712647159139e-01,1.748656317028859652e-01,4.188809732881140779e-01,4.873479856068161364e-01,-7.122765096132077645e-02,1.687450050435773952e-01,3.948438869031833769e-03,5.470785525822124962e-01,5.580758143414987771e-01
-2.744508847833330156e-01,3.470071221087620561e-01,-5.905695043291203650e-01,-8.054714277486731966e-01,-6.040951665621613342e-01,8.396249857663843352e-01,-6.601338312242945872e-01,4.705482750847556628e-01,-6.223494208651352277e-01,-6.689632755192745917e-01,8.329396227969081412e-01,-7.943623825135279759e-01,2.215376833877532592e-01,3.068224109017976819e-01,-6.801283368120246697e-01,-1.797916475898966859e-01,8.158964524008065489e-01,-7.834672706065897163e-01,-7.887082380930017234e-01,-7.964060793707827823e-01,4.372753617568051476e-01,-9.255275736540322096e-02,1.000000000000000000e+00,7.192880599333720815e-01,8.622222076144331337e-01,-2.489150427139524835e-01,-1.521460997472964261e-01,-6.204186417357865357e-01,6.670069723098326353e-01,-6.913626970439585850e-01,-2.238187109516124318e-01,6.283356585626794777e-01,4.346018113181360776e-01,-5.603503588111403699e-01,7.275229167970918009e-01,6.241071473367684197e-01,7.777353809450252564e-01,-4.603064702745346959e-01,-4.138523967249622126e-01
1.916078601880637331e-04,3.809702351647562546e-01,-3.358273104324487335e-01,-5.694171030257962896e-01,-3.812479569027263371e-01,6.309788076117208711e-01,-5.370170667834286427e-01,3.048335143545971571e-01,-3.586211709430312533e-01,-3.555855442727078319e-01,6.038862270951196320e-01,-5.357554243708027020e-01,1.331168754084894601e-01,4.923762217056939505e-01,-3.905711684868763967e-01,1.739366846128412303e-01,5.587952085827959658e-01,-5.229286070163775557e-01,-5.200078260276878028e-01,-5.944081512310451787e-01,5.302055481155409922e-01,1.671495890266063433e-01,7.192880599333720815e-01,1.000000000000000000e+00,6.799329227711442547e-01,-1.599163228052147834e-01,-1.178527789873151516e-01,-5.083783718416623465e-01,6.216645962731595088e-01,-3.949105872315536447e-01,-7.679809545646913704e-02,5.311100654973666124e-01,5.409476464728053546e-01,-3.055544260709405213e-01,6.953544275157036436e-01,5.558438317394632788e-01,7.302823107021769733e-01,-1.795138243456406713e-01,-1.884869290621835614e-01
-2.695710664413920044e-01,3.458077563490567496e-01,-6.067381741229609382e-01,-8.159530113694942743e-01,-5.977761416705423825e-01,8.480583399552132917e-01,-6.571235787955043151e-01,4.767993552382631672e-01,-6.294883190783705507e-01,-6.778921516793767754e-01,8.429444649679940227e-01,-8.070084458981375830e-01,2.236112869961497385e-01,3.061465605509660626e-01,-7.006074286235117743e-01,-2.025692553119306794e-01,8.290012837879836560e-01,-7.892647811336439556e-01,-7.952784900528578893e-01,-7.975605343780145517e-01,4.107320934046909122e-01,-1.326098324353998381e-01,8.622222076144331337e-01,6.799329227711442547e-01,1.000000000000000000e+00,-2.187611367438371535e-01,-1.278955426008697716e-01,-6.147131526373537103e-01,6.790901839847459653e-01,-6.961635162261480270e-01,-2.048771534190461929e-01,6.422431853917046629e-01,4.179249885917675211e-01,-5.785181546284823284e-01,7.174915239992902816e-01,6.339908791819797163e-01,7.752229305288220740e-01,-4.683296401854001867e-01,-4.173349176579622677e-01
2.295700226713596748e-01,-5.204349318490083393e-02,3.311308310245702491e-01,2.289244226670840709e-01,5.410172317259287489e-01,-2.346336430177616839e-01,3.665504155077981552e-01,-3.925374074912274525e-01,1.650298862091147956e-01,2.991000552183252781e-01,-2.468028187907731763e-01,2.665910274247482170e-01,2.038712801049867851e-01,3.711654014263728318e-01,1.614929495859171449e-01,2.703207624302882417e-01,-1.683864890060757791e-01,3.120163948754304251e-01,2.927116607434072648e-01,3.644592169496495004e-01,-1.973423230584917532e-01,-6.125796857724988276e-02,-2.489150427139524835e-01,-1.599163228052147834e-01,-2.187611367438371535e-01,1.000000000000000000e+00,5.677176229350781034e-01,6.331093304100071650e-01,1.882567549650977501e-01,2.543676852525223464e-01,6.015134466410575476e-01,1.435678166844582028e-02,1.005467417869278512e-01,2.289205155329415708e-01,-1.529199730571497162e-01,9.128328395444586241e-02,-7.942557654043143345e-02,1.149962174733177162e-01,1.530631428197541666e-01
-1.279436406331187770e-01,-1.318183615963525179e-01,2.070214834069636634e-01,1.772134250545325529e-01,3.819636227166561815e-01,-1.266329359167068791e-01,5.093514976443471731e-01,-3.052755763311969517e-01,-6.778421490787955861e-02,1.833932438045342561e-01,-1.056303410345098420e-01,2.237251892973768086e-01,5.748321952283839131e-01,2.880537118897045779e-01,4.584836392998770690e-04,7.144673104605431257e-02,-5.399547793724735617e-02,1.384402753320419510e-01,1.922752171382243747e-01,2.644684396326912879e-01,-2.220771908257488658e-01,-2.930535821148110703e-02,-1.521460997472964261e-01,-1.178527789873151516e-01,-1.278955426008697716e-01,5.677176229350781034e-01,1.000000000000000000e+00,4.174582541059603247e-01,9.833395870639059788e-02,5.079755825289415661e-02,4.688528611553068326e-01,1.285620190654783446e-01,8.347896739928803433e-02,9.493030527728518395e-03,-1.411234009039554760e-01,1.305440204436616458e-01,-1.015262781856930002e-02,-1.719766135539465557e-01,-7.805414696976471778e-02
1.051746623047600943e-01,-3.842314989069486875e-01,5.357372185225784955e-01,5.761141957952348180e-01,6.497247287117702275e-01,-6.070758967600531353e-01,6.799684408957663573e-01,-5.659941781621631307e-01,3.127886011747736394e-01,4.361012583116456454e-01,-6.027703853604516882e-01,5.713455100176259016e-01,1.375546067571669362e-01,-5.057938501223249207e-03,4.039037906324272065e-01,1.161018769828986580e-01,-5.232427759471329765e-01,5.716857439925223661e-01,5.797551162441343386e-01,6.545929165551996887e-01,-4.472516202459519419e-01,-1.056688420415122370e-01,-6.204186417357865357e-01,-5.083783718416623465e-01,-6.147131526373537103e-01,6.331093304100071650e-01,4.174582541059603247e-01,1.000000000000000000e+00,-2.510814209347811965e-01,4.218016269227911619e-01,4.108783633263323187e-01,-4.222914824261591593e-01,-1.969418558164217070e-01,3.826960378342060265e-01,-4.730856379819123325e-01,-3.383093279798122799e-01,-4.846159752811802224e-01,1.584134626522716582e-01,1.565657957923516364e-01
-4.365132719341831974e-02,3.140220375890688809e-01,-3.665045899799987961e-01,-6.242261284471384286e-01,-2.702319639461189249e-01,6.677228761230656895e-01,-4.099926036833277943e-01,2.204858314191675828e-01,-4.673326658135934508e-01,-4.606425366339917948e-01,6.389142097605982062e-01,-6.039649331685162936e-01,3.254521403243463840e-01,5.402631784884719401e-01,-5.646209934572928857e-01,-7.456903817967825386e-03,6.497865284823171050e-01,-5.525254010699883755e-01,-5.723950584883203963e-01,-5.530442620064772719e-01,2.973503462894165339e-01,-1.133635329163949906e-01,6.670069723098326353e-01,6.216645962731595088e-01,6.790901839847459653e-01,1.882567549650977501e-01,9.833395870639059788e-02,-2.510814209347811965e-01,1.000000000000000000e+00,-4.874828883878403185e-01,1.071076134987719725e-01,6.351133633920457155e-01,4.924043941212374320e-01,-3.820287573707235595e-01,6.445526949893221058e-01,6.303293223190691297e-01,7.262999633759594786e-01,-3.237098952587661449e-01,-3.051808940857114183e-01
6.578775122114282059e-01,6.461135483689781078e-02,6.704032487792764838e-01,7.413866872877294956e-01,6.745352828547492852e-01,-7.233704639587099638e-01,3.827089837717785326e-01,-4.550386779525043002e-01,8.359079985940656154e-01,8.453051994026604676e-01,-7.295373896262468127e-01,7.769913172405932267e-01,-4.300454121104925198e-01,8.900863793268605495e-03,8.230079630882255470e-01,6.078053419448581352e-01,-7.612019669341857364e-01,8.271888475527950924e-01,7.970223746118546559e-01,6.874283821034268271e-01,-5.124444858010090975e-02,4.484390576436809717e-01,-6.913626970439585850e-01,-3.949105872315536447e-01,-6.961635162261480270e-01,2.543676852525223464e-01,5.079755825289415661e-02,4.218016269227911619e-01,-4.874828883878403185e-01,1.000000000000000000e+00,4.141241005578202294e-01,-3.554845279538141334e-01,-8.137357463849850814e-02,7.625713077986053801e-01,-5.639823082579026314e-01,-3.709964749575172527e-01,-5.711674038547850385e-01,7.860006514266172362e-01,7.487148794775109195e-01
4.724772235811267040e-01,3.606039868016768790e-01,4.521508743573875999e-01,2.890089360213361491e-01,6.182345798174616602e-01,-2.583063173107139621e-01,2.878638159059874746e-01,-4.233801408672651645e-01,4.043882166666571965e-01,4.940340208638540065e-01,-2.528141600149653168e-01,3.426278500903125468e-01,6.765169943468540836e-02,5.274124371265680455e-01,2.743280406982578357e-01,4.128735610764528441e-01,-2.243110606074853464e-01,4.179565735327934184e-01,3.670705238475475696e-01,3.471006025471410350e-01,8.254705275387255736e-02,2.861034712647159139e-01,-2.238187109516124318e-01,-7.679809545646913704e-02,-2.048771534190461929e-01,6.015134466410575476e-01,4.688528611553068326e-01,4.108783633263323187e-01,1.071076134987719725e-01,4.141241005578202294e-01,1.000000000000000000e+00,2.273170210849120021e-01,3.193885969890095100e-01,4.716786333915619633e-01,-9.293293108796459034e-02,2.085608618091484290e-01,8.766301012785322061e-03,3.622091258375110256e-01,4.814422045279350137e-01
4.962380454690874104e-02,6.374437919827765642e-01,-2.996634543336846868e-01,-5.276909119841844964e-01,-1.825089807607670478e-01,6.369721336188195471e-01,-4.162048630831156060e-01,2.308401085473743841e-01,-2.841957830146041308e-01,-2.922163835900306039e-01,6.315943009629026994e-01,-4.975023244776003439e-01,2.795767453465804464e-01,5.365372065887631381e-01,-4.508373116080461873e-01,1.021586254546986844e-01,6.131561445842336200e-01,-4.709866624319339889e-01,-5.043735432266276408e-01,-5.496127477599175304e-01,4.920207591197082730e-01,1.748656317028859652e-01,6.283356585626794777e-01,5.311100654973666124e-01,6.422431853917046629e-01,1.435678166844582028e-02,1.285620190654783446e-01,-4.222914824261591593e-01,6.351133633920457155e-01,-3.554845279538141334e-01,2.273170210849120021e-01,1.000000000000000000e+00,6.332655465681156226e-01,-2.097051074182211539e-01,5.301310754951878979e-01,7.403458354305200162e-01,6.791422414353315284e-01,-1.712371857814667109e-01,-3.757116622697986852e-02
2.390104658845850216e-01,5.797616068200096562e-01,1.431341176441759677e-01,-2.577810025491588664e-01,1.357733948350396125e-01,3.680528200951209139e-01,-2.307120249211843666e-01,-1.807066005553888965e-01,-3.893189991676239414e-02,-2.831209402431442493e-02,3.442900078990884793e-01,-2.347703973978728931e-01,1.982138809420401770e-01,6.414557716386163344e-01,-1.442471331227608289e-01,3.568557987641930995e-01,3.180675976592507448e-01,-1.640668468139801495e-01,-1.866426322362493562e-01,-2.837490394162552887e-01,6.686856053105579845e-01,4.188809732881140779e-01,4.346018113181360776e-01,5.409476464728053546e-01,4.179249885917675211e-01,1.005467417869278512e-01,8.347896739928803433e-02,-1.969418558164217070e-01,4.924043941212374320e-01,-8.137357463849850814e-02,3.193885969890095100e-01,6.332655465681156226e-01,1.000000000000000000e+00,8.945004650110167932e-02,4.516822039880585282e-01,6.700986151644179323e-01,5.420734152324614419e-01,5.597038581189170414e-02,1.608505813281294883e-01
6.184649277130098710e-01,2.185104653081343662e-01,6.499421800699712870e-01,6.532541751000775498e-01,6.635555546010306616e-01,-6.175678643377287003e-01,3.011260532006521662e-01,-4.467672322604888113e-01,7.889359244084267475e-01,7.505918459762063177e-01,-6.141966839571492143e-01,6.811870867815954522e-01,-3.842272827796587853e-01,8.290871831331209085e-02,7.413489973406430789e-01,5.446215192279897366e-01,-6.350104202978386070e-01,7.198653959028789018e-01,6.696762424786300016e-01,5.875499064096657564e-01,4.923922689489858978e-02,4.873479856068161364e-01,-5.603503588111403699e-01,-3.055544260709405213e-01,-5.785181546284823284e-01,2.289205155329415708e-01,9.493030527728518395e-03,3.826960378342060265e-01,-3.820287573707235595e-01,7.625713077986053801e-01,4.716786333915619633e-01,-2.097051074182211539e-01,8.945004650110167932e-02,1.000000000000000000e+00,-4.314893698303843284e-01,-2.609771056919629739e-01,-4.443561861188969897e-01,7.174181991302585049e-01,7.416152918768752489e-01
-1.161461706637228752e-01,3.687668845214309155e-01,-3.970674715927772214e-01,-6.468102982428900471e-01,-4.460716873033823693e-01,6.488770820274226692e-01,-4.968707674786730921e-01,2.898124956491556770e-01,-4.862924505080722937e-01,-5.311379785287559940e-01,6.413010867147562744e-01,-6.427110286802441008e-01,2.028487710121598675e-01,4.051080105452179447e-01,-5.791525496844267540e-01,-1.416602966558982157e-01,6.238379737269180714e-01,-6.153078297105507577e-01,-6.217904727904091100e-01,-6.108199127269654527e-01,4.022891824901438929e-01,-7.122765096132077645e-02,7.275229167970918009e-01,6.953544275157036436e-01,7.174915239992902816e-01,-1.529199730571497162e-01,-1.411234009039554760e-01,-4.730856379819123325e-01,6.445526949893221058e-01,-5.639823082579026314e-01,-9.293293108796459034e-02,5.301310754951878979e-01,4.516822039880585282e-01,-4.314893698303843284e-01,1.000000000000000000e+00,5.997461601553624178e-01,8.097583956170243402e-01,-3.493881390197915993e-01,-3.244692787921255039e-01
4.428072261775122670e-02,5.766427603410709812e-01,-2.022571556685824334e-01,-5.338205472914598904e-01,-1.554353557005017372e-01,5.841296820332541051e-01,-3.956067419204905011e-01,1.072654109331870886e-01,-3.110179327450874331e-01,-3.032733774534812077e-01,5.725238105248574572e-01,-4.926637611266743710e-01,2.783051065400211077e-01,5.655536160918714916e-01,-4.450723332544562760e-01,1.093783886846333431e-01,5.680539401979183278e-01,-4.442303122752612743e-01,-4.672672923265026590e-01,-4.998295067619594745e-01,5.573758307302747461e-01,1.687450050435773952e-01,6.241071473367684197e-01,5.558438317394632788e-01,6.339908791819797163e-01,9.128328395444586241e-02,1.305440204436616458e-01,-3.383093279798122799e-01,6.303293223190691297e-01,-3.709964749575172527e-01,2.085608618091484290e-01,7.403458354305200162e-01,6.700986151644179323e-01,-2.609771056919629739e-01,5.997461601553624178e-01,1.000000000000000000e+00,6.971446543766312010e-01,-1.837280873733327935e-01,-5.290541447316889773e-02
-1.036239577287606795e-01,4.374142825942347601e-01,-4.214346856689665799e-01,-6.927880196886411213e-01,-4.303450887695701166e-01,7.279589613501359358e-01,-5.068824224311491156e-01,3.161197479084610351e-01,-5.080002988368029770e-01,-5.206345096436542086e-01,7.271602054362279466e-01,-6.647801474955460366e-01,3.029154322633157981e-01,4.836940147320625827e-01,-6.053526487898656105e-01,-7.488915618105418393e-02,7.097291537702475894e-01,-6.503983274966341765e-01,-6.523687349737026242e-01,-6.451815206624276211e-01,4.556055273080600876e-01,3.948438869031833769e-03,7.777353809450252564e-01,7.302823107021769733e-01,7.752229305288220740e-01,-7.942557654043143345e-02,-1.015262781856930002e-02,-4.846159752811802224e-01,7.262999633759594786e-01,-5.711674038547850385e-01,8.766301012785322061e-03,6.791422414353315284e-01,5.420734152324614419e-01,-4.443561861188969897e-01,8.097583956170243402e-01,6.971446543766312010e-01,1.000000000000000000e+00,-3.568576077085209852e-01,-3.085153758138746705e-01
7.880219768892392507e-01,3.107900782403286710e-01,5.260770837177553005e-01,5.337206489580864632e-01,4.954715051527783798e-01,-5.200336039179374037e-01,6.302050435883080337e-02,-2.693111611109669234e-01,8.210052336443788290e-01,7.418066357281110079e-01,-5.246438008860079272e-01,5.841978157980242115e-01,-5.861118947051641159e-01,9.625198434778077516e-02,7.362458818709449737e-01,6.822807174308808120e-01,-5.876255983587779230e-01,6.755462452352043456e-01,6.131627958892883479e-01,4.772036754131491199e-01,1.915206629022818130e-01,5.470785525822124962e-01,-4.603064702745346959e-01,-1.795138243456406713e-01,-4.683296401854001867e-01,1.149962174733177162e-01,-1.719766135539465557e-01,1.584134626522716582e-01,-3.237098952587661449e-01,7.860006514266172362e-01,3.622091258375110256e-01,-1.712371857814667109e-01,5.597038581189170414e-02,7.174181991302585049e-01,-3.493881390197915993e-01,-1.837280873733327935e-01,-3.568576077085209852e-01,1.000000000000000000e+00,8.147204585585381409e-01
7.396104536107988014e-01,4.508385944189401973e-01,5.592849151800413088e-01,4.987659704923729787e-01,5.522886956919359491e-01,-4.852959155531772484e-01,6.068990418647593477e-02,-3.401143997243993855e-01,8.093983733603565822e-01,7.405405885515048414e-01,-4.830504947558093010e-01,5.621753565209326453e-01,-5.231738501193951008e-01,1.482233934594094638e-01,6.955248984023705283e-01,6.338187005032718258e-01,-5.252917155327910814e-01,6.476437622223654156e-01,5.835609531335063105e-01,4.266736833338908852e-01,2.325478686158576613e-01,5.580758143414987771e-01,-4.138523967249622126e-01,-1.884869290621835614e-01,-4.173349176579622677e-01,1.530631428197541666e-01,-7.805414696976471778e-02,1.565657957923516364e-01,-3.051808940857114183e-01,7.487148794775109195e-01,4.814422045279350137e-01,-3.757116622697986852e-02,1.608505813281294883e-01,7.416152918768752489e-01,-3.244692787921255039e-01,-5.290541447316889773e-02,-3.085153758138746705e-01,8.147204585585381409e-01,1.000000000000000000e+00
